{
"lowlevel": {
    "average_loudness": 0.96296787262,
    "barkbands_crest": {
        "dmean": 1.85336470604,
        "dmean2": 2.9104821682,
        "dvar": 3.31068611145,
        "dvar2": 8.4094171524,
        "max": 22.2962398529,
        "mean": 7.85525989532,
        "median": 7.38937759399,
        "min": 2.80065131187,
        "var": 6.90504598618
    },
    "barkbands_flatness_db": {
        "dmean": 0.0152604496107,
        "dmean2": 0.0221266113222,
        "dvar": 0.000152060485561,
        "dvar2": 0.000347944936948,
        "max": 0.255826205015,
        "mean": 0.151556074619,
        "median": 0.149917826056,
        "min": 0.056171067059,
        "var": 0.000916785968002
    },
    "barkbands_kurtosis": {
        "dmean": 1.15868401527,
        "dmean2": 1.72157216072,
        "dvar": 1.45526051521,
        "dvar2": 3.1264398098,
        "max": 13.1578483582,
        "mean": 1.66325736046,
        "median": 1.17159175873,
        "min": -1.570977211,
        "var": 4.18206071854
    },
    "barkbands_skewness": {
        "dmean": 0.343746691942,
        "dmean2": 0.483900040388,
        "dvar": 0.0893004536629,
        "dvar2": 0.183283567429,
        "max": 3.19547557831,
        "mean": 1.14928293228,
        "median": 1.12412571907,
        "min": -2.11058998108,
        "var": 0.373109281063
    },
    "barkbands_spread": {
        "dmean": 2.9962785244,
        "dmean2": 4.53617763519,
        "dvar": 7.4431438446,
        "dvar2": 17.9007930756,
        "max": 50.6655845642,
        "mean": 17.5161552429,
        "median": 17.1622333527,
        "min": 5.4985370636,
        "var": 26.349489212
    },
    "dissonance": {
        "dmean": 0.0228156000376,
        "dmean2": 0.037614159286,
        "dvar": 0.000448372506071,
        "dvar2": 0.00109903840348,
        "max": 0.499907672405,
        "mean": 0.447268307209,
        "median": 0.450452387333,
        "min": 0.131151676178,
        "var": 0.000862799992319
    },
    "dynamic_complexity": 1.43186283112,
    "erbbands_crest": {
        "dmean": 3.23359203339,
        "dmean2": 4.9818444252,
        "dvar": 8.50821685791,
        "dvar2": 21.0272369385,
        "max": 32.1246070862,
        "mean": 11.3814249039,
        "median": 10.507440567,
        "min": 2.71768403053,
        "var": 22.1881942749
    },
    "erbbands_flatness_db": {
        "dmean": 0.0151433683932,
        "dmean2": 0.0208985861391,
        "dvar": 0.000162896190886,
        "dvar2": 0.000373335729819,
        "max": 0.314618468285,
        "mean": 0.188936933875,
        "median": 0.185811370611,
        "min": 0.10606880486,
        "var": 0.000791826634668
    },
    "erbbands_kurtosis": {
        "dmean": 0.843971610069,
        "dmean2": 1.29725980759,
        "dvar": 1.20901358128,
        "dvar2": 2.98812913895,
        "max": 16.5634784698,
        "mean": 0.592292070389,
        "median": 0.206676363945,
        "min": -1.49245274067,
        "var": 2.29321479797
    },
    "erbbands_skewness": {
        "dmean": 0.286134749651,
        "dmean2": 0.429036468267,
        "dvar": 0.0658309608698,
        "dvar2": 0.151567742229,
        "max": 2.65056085587,
        "mean": 0.470189392567,
        "median": 0.467274069786,
        "min": -1.85383915901,
        "var": 0.230326980352
    },
    "erbbands_spread": {
        "dmean": 5.65704584122,
        "dmean2": 8.22190952301,
        "dvar": 23.7666397095,
        "dvar2": 54.0253448486,
        "max": 70.2352752686,
        "mean": 28.5623283386,
        "median": 28.2088413239,
        "min": 4.49092674255,
        "var": 87.2337646484
    },
    "hfc": {
        "dmean": 6.39574670792,
        "dmean2": 8.37791442871,
        "dvar": 48.9069976807,
        "dvar2": 93.9795761108,
        "max": 104.860343933,
        "mean": 22.8777256012,
        "median": 20.2142028809,
        "min": 1.15117892051e-16,
        "var": 152.324264526
    },
    "melbands_crest": {
        "dmean": 2.65382838249,
        "dmean2": 3.77112317085,
        "dvar": 5.7102060318,
        "dvar2": 12.5437822342,
        "max": 27.3935241699,
        "mean": 13.5971460342,
        "median": 12.7347660065,
        "min": 2.79188418388,
        "var": 25.8094959259
    },
    "melbands_flatness_db": {
        "dmean": 0.0166572574526,
        "dmean2": 0.0230941586196,
        "dvar": 0.00020017985662,
        "dvar2": 0.000418973213527,
        "max": 0.331877976656,
        "mean": 0.198166906834,
        "median": 0.196292340755,
        "min": 0.00847807805985,
        "var": 0.00152841384988
    },
    "melbands_kurtosis": {
        "dmean": 2.51710605621,
        "dmean2": 3.60335302353,
        "dvar": 7.84522342682,
        "dvar2": 15.9836874008,
        "max": 37.5676422119,
        "mean": 5.26810503006,
        "median": 4.02651596069,
        "min": -1.35140442848,
        "var": 23.7573661804
    },
    "melbands_skewness": {
        "dmean": 0.466854125261,
        "dmean2": 0.639966905117,
        "dvar": 0.163603693247,
        "dvar2": 0.34784591198,
        "max": 5.62279319763,
        "mean": 1.78528106213,
        "median": 1.71243834496,
        "min": -0.936337471008,
        "var": 0.70489102602
    },
    "melbands_spread": {
        "dmean": 4.07273769379,
        "dmean2": 5.9460477829,
        "dvar": 17.1105575562,
        "dvar2": 30.9578800201,
        "max": 142.299133301,
        "mean": 21.097858429,
        "median": 20.0869522095,
        "min": 5.10953903198,
        "var": 64.9460296631
    },
    "pitch_salience": {
        "dmean": 0.0528669841588,
        "dmean2": 0.0800168514252,
        "dvar": 0.00205806503072,
        "dvar2": 0.00472365412861,
        "max": 0.888539671898,
        "mean": 0.50552803278,
        "median": 0.50814306736,
        "min": 0.249362647533,
        "var": 0.0070937210694
    },
    "silence_rate_20dB": {
        "dmean": 0,
        "dmean2": 0,
        "dvar": 0,
        "dvar2": 0,
        "max": 1,
        "mean": 1,
        "median": 1,
        "min": 1,
        "var": 0
    },
    "silence_rate_30dB": {
        "dmean": 0.00515729747713,
        "dmean2": 0.0103199174628,
        "dvar": 0.00513078318909,
        "dvar2": 0.0112456558272,
        "max": 1,
        "mean": 0.993814408779,
        "median": 1,
        "min": 0,
        "var": 0.00614721514285
    },
    "silence_rate_60dB": {
        "dmean": 0.000515729770996,
        "dmean2": 0.00103199179284,
        "dvar": 0.000515436171554,
        "dvar2": 0.00103093462531,
        "max": 1,
        "mean": 0.00103092787322,
        "median": 0,
        "min": 0,
        "var": 0.00102987512946
    },
    "spectral_centroid": {
        "dmean": 170.215438843,
        "dmean2": 256.47644043,
        "dvar": 53563.5898438,
        "dvar2": 70028.296875,
        "max": 11004.0966797,
        "mean": 1174.94934082,
        "median": 1144.2208252,
        "min": 421.850402832,
        "var": 146545.8125
    },
    "spectral_complexity": {
        "dmean": 3.02630209923,
        "dmean2": 4.5428276062,
        "dvar": 8.30514717102,
        "dvar2": 16.6485557556,
        "max": 44,
        "mean": 21.4097938538,
        "median": 21,
        "min": 0,
        "var": 24.8232917786
    },
    "spectral_decrease": {
        "dmean": 2.18108642258e-09,
        "dmean2": 2.85455925564e-09,
        "dvar": 5.48034121904e-18,
        "dvar2": 1.00537980104e-17,
        "max": 4.22579664122e-29,
        "mean": -8.93169627147e-09,
        "median": -7.88971021848e-09,
        "min": -3.84882312687e-08,
        "var": 2.49599814235e-17
    },
    "spectral_energy": {
        "dmean": 0.00872711557895,
        "dmean2": 0.0114122070372,
        "dvar": 8.69018185767e-05,
        "dvar2": 0.000159698931384,
        "max": 0.148509219289,
        "mean": 0.035785369575,
        "median": 0.0318349227309,
        "min": 1.0282039191e-20,
        "var": 0.000387637701351
    },
    "spectral_energyband_high": {
        "dmean": 0.000204341413337,
        "dmean2": 0.000278664578218,
        "dvar": 8.2502843668e-08,
        "dvar2": 1.5082291327e-07,
        "max": 0.00574595062062,
        "mean": 0.00051754101878,
        "median": 0.00039532588562,
        "min": 7.56551828262e-21,
        "var": 2.18412367303e-07
    },
    "spectral_energyband_low": {
        "dmean": 0.00310063734651,
        "dmean2": 0.00324760214426,
        "dvar": 1.65394267242e-05,
        "dvar2": 2.04979132832e-05,
        "max": 0.0817085579038,
        "mean": 0.0107191149145,
        "median": 0.00660836044699,
        "min": 6.34291814996e-23,
        "var": 0.000127336345031
    },
    "spectral_energyband_middle_high": {
        "dmean": 0.00334819802083,
        "dmean2": 0.00464517017826,
        "dvar": 1.92313618754e-05,
        "dvar2": 4.2369683797e-05,
        "max": 0.0799416080117,
        "mean": 0.00832196045667,
        "median": 0.00633886829019,
        "min": 1.31932066431e-21,
        "var": 4.70147751912e-05
    },
    "spectral_energyband_middle_low": {
        "dmean": 0.00598243111745,
        "dmean2": 0.00830201711506,
        "dvar": 4.54764558526e-05,
        "dvar2": 9.56136718742e-05,
        "max": 0.079257927835,
        "mean": 0.0175775364041,
        "median": 0.0150696057826,
        "min": 2.82819256296e-22,
        "var": 0.000114130845759
    },
    "spectral_entropy": {
        "dmean": 0.121879912913,
        "dmean2": 0.17492133379,
        "dvar": 0.0121883954853,
        "dvar2": 0.0235471762717,
        "max": 9.80846405029,
        "mean": 7.28985452652,
        "median": 7.29046440125,
        "min": 6.36711406708,
        "var": 0.0548389554024
    },
    "spectral_flux": {
        "dmean": 0.0232325997204,
        "dmean2": 0.0355352833867,
        "dvar": 0.000471334438771,
        "dvar2": 0.000986057799309,
        "max": 0.237733855844,
        "mean": 0.0759853869677,
        "median": 0.0687256157398,
        "min": 1.01400388086e-10,
        "var": 0.00107197836041
    },
    "spectral_kurtosis": {
        "dmean": 1.9579321146,
        "dmean2": 3.54522943497,
        "dvar": 3.29267764091,
        "dvar2": 10.2403440475,
        "max": 31.1928977966,
        "mean": 4.17285633087,
        "median": 3.63755559921,
        "min": -1.22239148617,
        "var": 5.15699863434
    },
    "spectral_rms": {
        "dmean": 0.000719301169738,
        "dmean2": 0.000925722531974,
        "dvar": 4.83903988879e-07,
        "dvar2": 8.65027857344e-07,
        "max": 0.0120369037613,
        "mean": 0.0056982068345,
        "median": 0.0055730114691,
        "min": 3.16721605539e-12,
        "var": 2.44299735641e-06
    },
    "spectral_rolloff": {
        "dmean": 222.660766602,
        "dmean2": 362.597961426,
        "dvar": 195495.375,
        "dvar2": 259978.265625,
        "max": 18583.1542969,
        "mean": 1114.609375,
        "median": 1162.79296875,
        "min": 215.33203125,
        "var": 356117.8125
    },
    "spectral_skewness": {
        "dmean": 0.226661264896,
        "dmean2": 0.396606326103,
        "dvar": 0.0381722822785,
        "dvar2": 0.111055225134,
        "max": 3.91050696373,
        "mean": 1.41737473011,
        "median": 1.37922787666,
        "min": 0.00355474674143,
        "var": 0.0864880010486
    },
    "spectral_spread": {
        "dmean": 247737.96875,
        "dmean2": 362334.84375,
        "dvar": 431038758912,
        "dvar2": 369052155904,
        "max": 40389832,
        "mean": 3424363.25,
        "median": 3382868,
        "min": 1826472.375,
        "var": 1.14484877722e+12
    },
    "spectral_strongpeak": {
        "dmean": 0.720773458481,
        "dmean2": 1.1891617775,
        "dvar": 1.21890091896,
        "dvar2": 2.80007624626,
        "max": 11.5633544922,
        "mean": 1.38547325134,
        "median": 0.791422486305,
        "min": 0,
        "var": 1.88654756546
    },
    "zerocrossingrate": {
        "dmean": 0.00570123130456,
        "dmean2": 0.00682031642646,
        "dvar": 0.000143484823639,
        "dvar2": 0.000171980311279,
        "max": 0.5126953125,
        "mean": 0.0470217354596,
        "median": 0.04638671875,
        "min": 0.0107421875,
        "var": 0.000298644416034
    },
    "barkbands": {
        "dmean": [2.97715541819e-06, 0.0011877954239, 0.00187615200412, 0.000765468226746, 0.00233644898981, 0.00114246655721, 0.00132602930535, 0.00153346988373, 0.00100185198244, 0.00173144368455, 0.000177293972229, 0.0019433402922, 0.000287206523353, 0.000321027939208, 0.000311661977321, 0.000166474317666, 0.000168643833604, 0.000179759706953, 0.000162034106324, 0.000105313731183, 9.92382338154e-05, 4.27420709457e-05, 2.69178217422e-05, 1.1104017176e-05, 3.47156878888e-06, 1.13001499358e-06, 1.67501610804e-07],
        "dmean2": [5.2409318414e-06, 0.00122416240629, 0.00199415930547, 0.00120986788534, 0.00331377144903, 0.00163470860571, 0.00209398334846, 0.00192771840375, 0.00157291197684, 0.00267015607096, 0.000266942632152, 0.0027380255051, 0.000446319172624, 0.000497697445098, 0.000480549439089, 0.000265922339167, 0.000265990733169, 0.000275217520539, 0.000246922689257, 0.000155421337695, 0.000147147162352, 6.27598710707e-05, 4.06993276556e-05, 1.62689520948e-05, 5.00779469803e-06, 1.6831653511e-06, 2.87691193535e-07],
        "dvar": [2.45474300609e-11, 2.71143494501e-06, 6.21601429884e-06, 1.8198172711e-06, 1.45800831888e-05, 2.72745705843e-06, 4.55326244264e-06, 5.29955650563e-06, 4.77467165183e-06, 1.11535946417e-05, 1.46848250893e-07, 1.38707200676e-05, 3.52437695028e-07, 2.7585210205e-07, 1.90959312363e-07, 8.9973610784e-08, 5.43210099124e-08, 6.15741058141e-08, 4.77895625295e-08, 2.6462524616e-08, 2.71989453182e-08, 2.97601676635e-09, 1.88201787488e-09, 3.31296629019e-10, 8.59585944091e-11, 6.54138765724e-12, 9.62959312983e-13],
        "dvar2": [6.61128582435e-11, 2.98795021081e-06, 8.46754119266e-06, 4.71571456728e-06, 3.09018978442e-05, 6.42471968604e-06, 1.1072174857e-05, 9.54395818553e-06, 1.23274230646e-05, 2.79331725324e-05, 3.53764221472e-07, 3.0717226764e-05, 8.15231430806e-07, 6.42885538582e-07, 3.88707178445e-07, 2.24017284722e-07, 1.21486877447e-07, 1.26631618969e-07, 1.0473530665e-07, 5.29791144288e-08, 5.57715189586e-08, 6.29996144141e-09, 4.15358503147e-09, 7.45280170911e-10, 2.04606179222e-10, 1.5932493172e-11, 2.60043180565e-12],
        "max": [5.08350676682e-05, 0.0359748452902, 0.0467498116195, 0.0186301004142, 0.0499594956636, 0.0283921454102, 0.0360378399491, 0.0414885133505, 0.0331922657788, 0.039694160223, 0.00834687333554, 0.0767523124814, 0.0141126932576, 0.00810645148158, 0.00828463863581, 0.00423058960587, 0.00416226824746, 0.00489965407178, 0.00314288376831, 0.00263501517475, 0.00383113697171, 0.000683237682097, 0.000710107036866, 0.000307368056383, 0.00025000012829, 4.8549965868e-05, 3.11241092277e-05],
        "mean": [2.80592439594e-06, 0.00423237122595, 0.0057652941905, 0.0014428178547, 0.00425416324288, 0.00262962561101, 0.00270882667974, 0.00380338053219, 0.00148978410289, 0.00224304338917, 0.000286081631202, 0.00346490507945, 0.000457736226963, 0.000527781085111, 0.000611432245933, 0.000296914309729, 0.000313829601509, 0.000352709175786, 0.00032320554601, 0.000211119215237, 0.000197413290152, 8.66400296218e-05, 5.09831443196e-05, 2.28594890359e-05, 7.51943707655e-06, 2.05070705306e-06, 1.48188604499e-07],
        "median": [1.19046671898e-06, 0.00244391150773, 0.00324659049511, 0.000974759808742, 0.00253440160304, 0.00189526972827, 0.00171658303589, 0.00187973037828, 0.000721555843484, 0.000957957876381, 0.000133766239742, 0.00157754844986, 0.00021664405358, 0.000290072232019, 0.000371949630789, 0.000162390846526, 0.000220076995902, 0.000239710308961, 0.000231271289522, 0.000140444288263, 0.00013786375348, 6.05065979471e-05, 3.43774081557e-05, 1.45079311551e-05, 3.17246167469e-06, 9.38389007388e-07, 2.32598420524e-08],
        "min": [3.35403903823e-23, 6.88957035829e-24, 1.73188037745e-23, 6.21957122773e-23, 4.56127200899e-23, 5.96846481092e-23, 4.7864204844e-23, 1.1063834938e-23, 5.49255386204e-23, 2.74940239793e-23, 9.4105150093e-24, 5.48668599908e-23, 7.37389561313e-23, 8.88786610283e-23, 1.36717016478e-22, 6.15827042451e-23, 1.56819363288e-22, 2.3998529559e-22, 3.90987888864e-22, 2.60803524205e-22, 4.99613959782e-22, 3.99976334101e-22, 6.85707181335e-22, 9.20978471347e-22, 1.00785525583e-21, 1.95503188619e-21, 2.12486462714e-21],
        "var": [2.20798986733e-11, 2.44202838076e-05, 4.1711537051e-05, 2.47855700763e-06, 2.60399519902e-05, 6.98996336723e-06, 8.51328968565e-06, 2.55255599768e-05, 6.08782602285e-06, 1.2936143321e-05, 3.22657768947e-07, 2.94444180327e-05, 6.18803426278e-07, 5.59933312161e-07, 6.93540073371e-07, 1.55862252882e-07, 1.15467152284e-07, 1.34426130671e-07, 9.50465590677e-08, 5.63732207581e-08, 5.16242515403e-08, 6.50490505905e-09, 3.17605941547e-09, 7.79391717831e-10, 3.24124727058e-10, 1.28224028617e-11, 7.98660833648e-13]
    },
    "erbbands": {
        "dmean": [0.00562543002889, 0.379041582346, 2.29521226883, 1.72892916203, 9.31395053864, 4.45762634277, 6.03965377808, 9.64829349518, 18.5736370087, 18.7234172821, 40.3873977661, 22.3407402039, 59.3665924072, 26.8118247986, 15.8393268585, 90.2341766357, 13.6898050308, 21.247379303, 7.70008039474, 19.2591266632, 9.81532764435, 7.02070617676, 9.0051574707, 8.8507566452, 6.7705616951, 4.02070140839, 5.14523172379, 3.51913499832, 1.62408924103, 1.10122156143, 0.689840614796, 0.360309869051, 0.138687938452, 0.0537555851042, 0.0190781634301, 0.00654105329886, 0.00196393323131, 0.000511992373504, 1.64264602063e-05, 1.02872654679e-05],
        "dmean2": [0.00654610386118, 0.386582106352, 2.32252645493, 2.5788192749, 13.0764017105, 6.69298887253, 7.86211156845, 14.3403348923, 29.6431541443, 27.4118728638, 50.422492981, 34.1447029114, 93.1653594971, 38.1301956177, 21.5303287506, 128.453674316, 20.024974823, 33.1973457336, 12.1350402832, 29.3892536163, 15.7225008011, 10.96717453, 13.6640815735, 13.5403108597, 10.2995271683, 5.92389059067, 7.48905944824, 5.10129404068, 2.39522433281, 1.62234306335, 1.03368830681, 0.537896692753, 0.206132188439, 0.075044490397, 0.0285716280341, 0.00996570196003, 0.00296076503582, 0.000816770072561, 2.47318293987e-05, 1.34467163662e-05],
        "dvar": [5.63522335142e-05, 0.276985406876, 9.6992559433, 6.91103506088, 265.1015625, 43.1854629517, 72.5070419312, 302.789123535, 755.646362305, 1551.69812012, 3883.47680664, 2594.46533203, 15099.5449219, 2211.20654297, 989.018493652, 32609.1582031, 508.90914917, 1430.1114502, 86.3067703247, 888.755432129, 191.955184937, 75.0609130859, 132.152069092, 124.136940002, 117.148750305, 37.9795532227, 60.2982902527, 50.7097702026, 4.50381708145, 2.87413907051, 1.39096105099, 0.39496833086, 0.070675611496, 0.0181155204773, 0.00152666366193, 0.000208756624488, 1.97219469555e-05, 4.55625104223e-06, 3.67095287501e-09, 1.20761609046e-10],
        "dvar2": [7.91816346464e-05, 0.296158015728, 11.4012842178, 17.7834587097, 571.009765625, 96.9158706665, 111.116378784, 715.17980957, 1870.70043945, 3227.29956055, 6868.60791016, 6736.328125, 38275.6640625, 4196.48876953, 1639.55786133, 75854.3828125, 1180.9173584, 3429.14697266, 218.45375061, 1803.46740723, 476.242675781, 173.837478638, 268.558044434, 272.201141357, 257.091125488, 80.577835083, 120.917327881, 89.8238067627, 9.42980194092, 6.13285779953, 3.25507307053, 0.888961136341, 0.160289302468, 0.0388548709452, 0.00359648396261, 0.00050090951845, 4.90539932798e-05, 1.1956898561e-05, 9.37426669623e-09, 2.22538709682e-10],
        "max": [0.172845005989, 11.0952558517, 62.33751297, 33.5436630249, 236.934890747, 74.4301986694, 212.28276062, 353.009521484, 345.252441406, 941.259643555, 1147.18029785, 920.991516113, 1501.3470459, 785.935668945, 673.999084473, 3848.08740234, 404.452178955, 698.991088867, 109.557983398, 565.543212891, 152.514770508, 126.475059509, 238.919921875, 136.197235107, 172.96257019, 126.498420715, 140.605987549, 236.937088013, 37.9715385437, 28.3734836578, 17.9358482361, 11.4063262939, 5.62216186523, 3.94895243645, 1.039296031, 0.31746339798, 0.0733323246241, 0.0631745234132, 0.00138338084798, 0.000163595643244],
        "mean": [0.0192074924707, 1.34334766865, 7.43089151382, 4.56063365936, 13.3933906555, 9.41706371307, 19.1929645538, 17.6166687012, 33.6873588562, 44.1386260986, 99.6955566406, 38.586566925, 76.9820404053, 43.0079307556, 35.5218238831, 153.221664429, 27.8422317505, 36.3180618286, 15.5380325317, 37.0180892944, 21.1371002197, 15.4972839355, 19.0944671631, 17.8239097595, 12.7097263336, 8.74689292908, 10.3125238419, 7.09687566757, 3.36373257637, 2.23507905006, 1.25156664848, 0.680950760841, 0.284531205893, 0.123173668981, 0.0383262746036, 0.0122980270535, 0.00346653698944, 0.000635163974948, 3.49952315446e-05, 4.22338343924e-05],
        "median": [0.0115632833913, 0.775223135948, 4.20365667343, 3.64917373657, 5.03827524185, 6.30663394928, 9.15924453735, 11.1664867401, 23.2917461395, 22.5907745361, 43.9808731079, 24.8245811462, 38.246131897, 13.83897686, 14.9497432709, 75.0818634033, 18.213722229, 20.8218650818, 11.5305900574, 19.8763179779, 14.1522789001, 11.8865118027, 13.8752346039, 13.0996837616, 8.48616981506, 6.15368652344, 7.28789615631, 4.80965709686, 2.42649459839, 1.52619481087, 0.822363436222, 0.433165252209, 0.148697391152, 0.0486193448305, 0.0170742534101, 0.00573678966612, 0.00143157027196, 0.000202369672479, 2.4463637601e-05, 3.75685340259e-05],
        "min": [5.56787367018e-22, 9.62050129413e-22, 1.72745216419e-20, 1.15520464208e-19, 2.47221873667e-19, 1.00358392214e-19, 2.40765056902e-19, 5.35430598386e-19, 8.37055339609e-19, 2.99247424143e-19, 3.89367226767e-19, 1.33622507998e-18, 5.51100966404e-19, 9.0121400116e-19, 7.80280919387e-19, 2.53139042971e-18, 3.62795915915e-18, 4.99971123284e-18, 5.32679085475e-18, 5.39227336718e-18, 4.96554122892e-18, 1.01477591106e-17, 1.41524862174e-17, 1.46524192904e-17, 1.53647640729e-17, 1.23000698295e-17, 1.96708264595e-17, 1.93713275207e-17, 1.7432123343e-17, 1.84686683316e-17, 1.75384524476e-17, 1.82220642843e-17, 1.5537178291e-17, 1.06304917899e-17, 7.56715991302e-18, 7.11545643284e-18, 3.44883650622e-18, 1.45830752921e-18, 2.99526235709e-19, 2.87187770585e-20],
        "var": [0.000473220745334, 2.45661258698, 73.0713043213, 12.7397413254, 455.263763428, 86.5154342651, 756.00213623, 547.811767578, 1132.45874023, 3845.47314453, 19135.3007812, 3300.15893555, 14560.1474609, 6465.63378906, 4854.00830078, 55177.765625, 992.562011719, 2636.9440918, 190.969223022, 3151.97119141, 403.271514893, 177.919845581, 312.449035645, 257.931030273, 210.076293945, 81.3922271729, 125.356948853, 101.574356079, 9.83703613281, 5.41698217392, 2.01830244064, 0.639420449734, 0.227125540376, 0.081500351429, 0.00642208335921, 0.00048648196389, 3.41905797541e-05, 4.33999412053e-06, 3.61078633659e-09, 5.11203634979e-10]
    },
    "gfcc": {
        "mean": [14.2630882263, 125.673843384, -145.883666992, 34.7618942261, -66.6828079224, 5.66162824631, -27.7370033264, -2.06185317039, -18.7384395599, -5.26523828506, -13.3960361481, -8.41306304932, -14.9952030182],
        "cov": [[2102.21411133, -137.075164795, -3.44765138626, 30.7289600372, -75.2452163696, 104.505187988, -28.8476600647, 88.6032867432, -83.1878433228, 32.9074020386, -80.1871948242, 1.01381361485, -91.0201950073], [-137.075164795, 538.605285645, 18.8361797333, 70.6922225952, 104.629905701, 18.9623661041, 171.261352539, -29.6464290619, 152.19708252, -72.8807830811, 78.6242675781, -47.2366714478, 62.8818588257], [-3.44765138626, 18.8361797333, 215.385284424, 67.4628982544, 68.1834411621, 33.2414131165, 20.2538204193, 42.2306022644, 14.042640686, 20.8788261414, -12.1608524323, 12.6104249954, -16.6830654144], [30.7289600372, 70.6922225952, 67.4628982544, 152.350906372, 78.7294158936, 34.5170478821, 32.9058456421, 0.926411986351, 40.354598999, 12.1805639267, 17.3800315857, -9.80326652527, 12.8641281128], [-75.2452163696, 104.629905701, 68.1834411621, 78.7294158936, 167.525405884, 82.0216064453, 69.2339172363, -1.05399477482, 20.0932292938, 15.6507635117, 27.0570201874, 0.928842186928, 13.8534393311], [104.505187988, 18.9623661041, 33.2414131165, 34.5170478821, 82.0216064453, 133.954498291, 65.8405456543, 15.5916795731, -11.0633544922, 8.35164165497, 18.961807251, -0.804174304008, 7.09286499023], [-28.8476600647, 171.261352539, 20.2538204193, 32.9058456421, 69.2339172363, 65.8405456543, 170.423812866, 31.025182724, 57.9641914368, -18.9495983124, 31.6555767059, -14.9877672195, 3.6270160675], [88.6032867432, -29.6464290619, 42.2306022644, 0.926411986351, -1.05399477482, 15.5916795731, 31.025182724, 90.5958786011, 30.7958679199, 13.8288049698, -18.2470588684, -3.1803457737, -12.7249383926], [-83.1878433228, 152.19708252, 14.042640686, 40.354598999, 20.0932292938, -11.0633544922, 57.9641914368, 30.7958679199, 136.09526062, 4.08001708984, 5.54779195786, -26.1773948669, 5.92415332794], [32.9074020386, -72.8807830811, 20.8788261414, 12.1805639267, 15.6507635117, 8.35164165497, -18.9495983124, 13.8288049698, 4.08001708984, 74.6043930054, 5.20223236084, 5.45865345001, -15.280837059], [-80.1871948242, 78.6242675781, -12.1608524323, 17.3800315857, 27.0570201874, 18.961807251, 31.6555767059, -18.2470588684, 5.54779195786, 5.20223236084, 78.1367492676, 8.72772216797, 5.24530410767], [1.01381361485, -47.2366714478, 12.6104249954, -9.80326652527, 0.928842186928, -0.804174304008, -14.9877672195, -3.1803457737, -26.1773948669, 5.45865345001, 8.72772216797, 60.771030426, 8.55879688263], [-91.0201950073, 62.8818588257, -16.6830654144, 12.8641281128, 13.8534393311, 7.09286499023, 3.6270160675, -12.7249383926, 5.92415332794, -15.280837059, 5.24530410767, 8.55879688263, 85.7825698853]],
        "icov": [[0.000820445013233, -0.00137473107316, 0.000793974439148, -0.00113658036571, 0.00135209551081, -0.00152887555305, 0.000787499768194, -0.00143453420606, 0.00166250672191, -0.00122120243032, 0.00182355404831, -0.00100242136978, 0.00152124778833], [-0.00137473107316, 0.0111359963194, -0.00372994248755, 0.00366405281238, -0.00536831049249, 0.0051097352989, -0.0058353561908, 0.00723612960428, -0.0103367408738, 0.00902881473303, -0.00943767465651, 0.00618967181072, -0.006850335747], [0.000793974439148, -0.00372994248755, 0.00851764064282, -0.00416763545945, -0.000284313544398, -0.00195798976347, 0.00246493914165, -0.00582743668929, 0.00400284398347, -0.00306461704895, 0.0051541258581, -0.00443153036758, 0.00440193573013], [-0.00113658036571, 0.00366405281238, -0.00416763545945, 0.0123558053747, -0.00573587464169, 0.00208080606535, -0.00114952190779, 0.00436715967953, -0.0063923029229, 0.00262708170339, -0.00517927203327, 0.00414403341711, -0.00429194467142], [0.00135209551081, -0.00536831049249, -0.000284313544398, -0.00573587464169, 0.0159824546427, -0.00846051238477, -3.4470391256e-05, -0.000611798430327, 0.00482094055042, -0.00688114063814, 0.00477129267529, -0.00383415864781, 0.00273596006446], [-0.00152887555305, 0.0051097352989, -0.00195798976347, 0.00208080606535, -0.00846051238477, 0.0172533150762, -0.00695734424517, 0.00136385229416, -0.00049254973419, 0.002737211762, -0.00590762821957, 0.00457481807098, -0.00519806006923], [0.000787499768194, -0.0058353561908, 0.00246493914165, -0.00114952190779, -3.4470391256e-05, -0.00695734424517, 0.0150142237544, -0.00739731732756, 0.00108130683657, 0.000447992468253, 0.00105139019433, -0.00242250761949, 0.00479611800984], [-0.00143453420606, 0.00723612960428, -0.00582743668929, 0.00436715967953, -0.000611798430327, 0.00136385229416, -0.00739731732756, 0.0221267491579, -0.0105381775647, 0.00227603293024, -0.00205694301985, 0.0030492672231, -0.00407889159396], [0.00166250672191, -0.0103367408738, 0.00400284398347, -0.0063923029229, 0.00482094055042, -0.00049254973419, 0.00108130683657, -0.0105381775647, 0.0219528470188, -0.0102741234004, 0.00869914144278, -0.00186918012332, 0.00503986654803], [-0.00122120243032, 0.00902881473303, -0.00306461704895, 0.00262708170339, -0.00688114063814, 0.002737211762, 0.000447992468253, 0.00227603293024, -0.0102741234004, 0.024566045031, -0.010490433313, 0.00367301306687, -0.00233999313787], [0.00182355404831, -0.00943767465651, 0.0051541258581, -0.00517927203327, 0.00477129267529, -0.00590762821957, 0.00105139019433, -0.00205694301985, 0.00869914144278, -0.010490433313, 0.0256454329938, -0.00923385564238, 0.00688417768106], [-0.00100242136978, 0.00618967181072, -0.00443153036758, 0.00414403341711, -0.00383415864781, 0.00457481807098, -0.00242250761949, 0.0030492672231, -0.00186918012332, 0.00367301306687, -0.00923385564238, 0.0237733442336, -0.007312446367], [0.00152124778833, -0.006850335747, 0.00440193573013, -0.00429194467142, 0.00273596006446, -0.00519806006923, 0.00479611800984, -0.00407889159396, 0.00503986654803, -0.00233999313787, 0.00688417768106, -0.007312446367, 0.0185166466981]]
    },
    "melbands": {
        "dmean": [0.000172670450411, 0.000955191673711, 0.000495970132761, 0.000563293870073, 0.000177215202712, 0.000229767261771, 0.000279143510852, 0.0001932640007, 0.000307397975121, 0.00015078051365, 0.000296357931802, 0.000111009750981, 3.19068931276e-05, 0.00022546260152, 0.000102121492091, 3.44204709108e-05, 4.03948506573e-05, 1.14868116725e-05, 1.98806010303e-05, 2.09781192098e-05, 1.2287179743e-05, 9.1624833658e-06, 7.69464895711e-06, 1.08617396108e-05, 7.59141312301e-06, 6.11372388448e-06, 2.8044253213e-06, 3.06749416268e-06, 3.95783308704e-06, 3.11759004035e-06, 2.02990781872e-06, 9.8018222161e-07, 7.92247419668e-07, 6.28312363915e-07, 4.60761867771e-07, 3.49847567804e-07, 1.71773749003e-07, 1.17191589766e-07, 7.15283476893e-08, 4.20397263667e-08],
        "dmean2": [0.000184210788575, 0.000963790924288, 0.000703347148374, 0.000804673763923, 0.000235560306464, 0.000338042009389, 0.000443615339464, 0.000280750944512, 0.000379780045478, 0.00023522383708, 0.000465098128188, 0.000158483948326, 4.39541727246e-05, 0.00031833149842, 0.000146309292177, 5.37446139788e-05, 6.30316644674e-05, 1.81321811397e-05, 3.0650091503e-05, 3.24578322761e-05, 1.97017143364e-05, 1.42826138472e-05, 1.23626141431e-05, 1.64275552379e-05, 1.19262813314e-05, 9.46547334024e-06, 4.33125978816e-06, 4.51250798505e-06, 5.79795050726e-06, 4.84397060063e-06, 3.01383670376e-06, 1.48831236402e-06, 1.20317861274e-06, 9.54846996137e-07, 7.1816810987e-07, 5.29547094175e-07, 2.60250118345e-07, 1.77737405238e-07, 1.07903701974e-07, 6.12539921008e-08],
        "dvar": [5.61863480186e-08, 1.69566715158e-06, 6.10700396919e-07, 9.14159613785e-07, 5.77104266597e-08, 1.47143396134e-07, 1.69842849118e-07, 1.37636206432e-07, 2.23871410299e-07, 1.23747966541e-07, 3.80446664394e-07, 4.05174596096e-08, 3.6315292995e-09, 1.96753333626e-07, 4.08116846984e-08, 5.15190956563e-09, 4.41098313431e-09, 1.92622293116e-10, 8.24651791298e-10, 1.05143549423e-09, 2.86575013719e-10, 1.54742982317e-10, 8.71122965429e-11, 3.11128317554e-10, 1.0307533993e-10, 9.99622398745e-11, 2.82412704333e-11, 2.14074712818e-11, 4.58401615278e-11, 2.99056508724e-11, 2.43490748397e-11, 1.74639165976e-12, 1.16058844393e-12, 1.02457343824e-12, 6.82397335253e-13, 4.34901924586e-13, 8.44209278221e-14, 6.34270535941e-14, 3.22099389261e-14, 1.16086170353e-14],
        "dvar2": [6.63178454374e-08, 1.90369837583e-06, 1.44345096942e-06, 1.94350536731e-06, 9.46013329894e-08, 3.47469807593e-07, 4.22781909037e-07, 2.84335357037e-07, 3.87574203842e-07, 3.19920047787e-07, 9.65817207543e-07, 7.60829408364e-08, 6.83739553864e-09, 4.17603359892e-07, 9.6283919504e-08, 1.20979519735e-08, 1.05681419171e-08, 4.90458562652e-10, 1.66465019547e-09, 2.3881132627e-09, 6.98692492751e-10, 3.57269963613e-10, 2.07617867343e-10, 6.14096329343e-10, 2.38582098522e-10, 2.3320029241e-10, 6.37020228234e-11, 4.40575215199e-11, 8.8634259654e-11, 7.55169260458e-11, 4.31101300491e-11, 3.91329113211e-12, 2.5537133172e-12, 2.24989905179e-12, 1.69797194968e-12, 9.74231112449e-13, 1.94364313598e-13, 1.45333492962e-13, 8.32011326155e-14, 2.55728970714e-14],
        "max": [0.00531990360469, 0.0261994022876, 0.0123155955225, 0.0126886591315, 0.00577690359205, 0.00694279745221, 0.00495256669819, 0.0086361952126, 0.00886762980372, 0.00598403904587, 0.00756319379434, 0.00344416149892, 0.00144430552609, 0.00859325286001, 0.00427553942427, 0.00159805896692, 0.00116328487638, 0.00015175822773, 0.000543298607226, 0.000467467267299, 0.00021884299349, 0.000197545596166, 0.000138313800562, 0.000333991018124, 0.000129489810206, 0.000158593247761, 0.000103438454971, 8.94092008821e-05, 0.000139328942169, 0.000105936051114, 0.000169022241607, 2.20070596697e-05, 1.43055549415e-05, 1.64574212249e-05, 1.25460792333e-05, 1.2716326637e-05, 4.31720945926e-06, 6.08477466812e-06, 4.24562404078e-06, 2.7692101412e-06],
        "mean": [0.000610133982264, 0.00319560896605, 0.00108735554386, 0.000870308722369, 0.000571359007154, 0.000438759947428, 0.000534746330231, 0.0004658747348, 0.000757820962463, 0.000227185315453, 0.000381278368877, 0.00017306614609, 6.44250831101e-05, 0.000396185758291, 0.000177144611371, 5.51565062779e-05, 6.68548673275e-05, 2.07567900361e-05, 3.8705769839e-05, 3.98072224925e-05, 2.35901334236e-05, 1.6999158106e-05, 1.48825492943e-05, 1.93869709619e-05, 1.37037950481e-05, 1.07791165647e-05, 5.06930746269e-06, 6.27614826954e-06, 7.22237837181e-06, 5.37067717232e-06, 3.71092232854e-06, 1.8593615323e-06, 1.48629533214e-06, 1.14392685191e-06, 7.50664980842e-07, 5.80577534492e-07, 3.1931756439e-07, 2.14313530478e-07, 1.43420905374e-07, 8.60089102162e-08],
        "median": [0.000357156794053, 0.00180003303103, 0.000717838120181, 0.000413561181631, 0.000295131059829, 0.000294035417028, 0.00038883133675, 0.00027591449907, 0.000324367691064, 0.000121902681713, 0.000189339451026, 4.68486032332e-05, 2.43535323534e-05, 0.000166109966813, 9.85859660432e-05, 2.4903092708e-05, 3.85787570849e-05, 1.4262048353e-05, 2.31742160395e-05, 2.15339860006e-05, 1.58179864229e-05, 1.19004907901e-05, 1.12937959784e-05, 1.09374705062e-05, 9.5483919722e-06, 6.96026609148e-06, 3.35938852913e-06, 4.23779874836e-06, 4.47448064733e-06, 3.48118828697e-06, 2.2655376597e-06, 1.29051602471e-06, 1.01809462194e-06, 7.43944497117e-07, 4.57534042653e-07, 3.41816473792e-07, 2.04194435582e-07, 9.99386600142e-08, 5.59530910493e-08, 3.21382671586e-08],
        "min": [4.94323869596e-24, 5.46360960879e-24, 2.54632530401e-23, 1.28832503192e-23, 7.30204679297e-24, 1.3389604357e-23, 1.07674504296e-23, 2.89471325879e-24, 4.11100464044e-24, 8.37056125567e-24, 2.69913058013e-24, 3.93393889381e-24, 2.0233402639e-24, 4.67371253477e-24, 8.70976513403e-24, 7.85952059519e-24, 8.88429114298e-24, 7.24221642647e-24, 9.82264828949e-24, 4.56552696694e-24, 6.07827069905e-24, 9.50843552461e-24, 1.24068950838e-23, 1.17488628154e-23, 1.16005806311e-23, 1.64670596111e-23, 6.75029617661e-24, 8.43740222903e-24, 1.3779898023e-23, 1.03584418275e-23, 1.04395619721e-23, 1.08936847405e-23, 6.66945134446e-24, 1.24698122631e-23, 1.10242593641e-23, 7.65805104202e-24, 1.28757040758e-23, 1.09693365013e-23, 1.0689148885e-23, 7.99023563605e-24],
        "var": [5.01426995925e-07, 1.34954125315e-05, 1.18814887173e-06, 1.56954592967e-06, 5.95758194777e-07, 2.68185374352e-07, 2.63037748027e-07, 3.48720988086e-07, 1.16308058296e-06, 1.54108491301e-07, 3.66063460433e-07, 1.22226225585e-07, 1.70047158576e-08, 4.57163480405e-07, 6.32065493278e-08, 9.22165632744e-09, 8.2839841653e-09, 4.15298823109e-10, 2.94167490367e-09, 2.90386203972e-09, 5.93093629764e-10, 3.20056731118e-10, 1.6726187102e-10, 6.76102673847e-10, 1.91682489326e-10, 1.62205207599e-10, 4.26201678116e-11, 5.02353748877e-11, 9.05364186399e-11, 4.22363984065e-11, 4.48011974741e-11, 3.3752267474e-12, 2.26699713689e-12, 1.77800330882e-12, 8.52949221669e-13, 6.08043129735e-13, 1.42739593474e-13, 1.90163233467e-13, 8.31862587169e-14, 4.46818214481e-14]
    },
    "mfcc": {
        "mean": [-615.207824707, 142.738021851, -17.5064258575, 28.1784381866, -13.3796987534, 8.52631664276, -5.85849237442, 4.01937866211, -4.20371198654, 0.872061908245, -0.502429544926, 6.69038629532, -2.72103834152],
        "cov": [[1155.63916016, -134.166763306, 57.5750579834, -33.3340873718, -7.91453695297, -7.51587486267, 43.5933685303, 23.6416854858, 30.2925052643, 29.5126609802, 0.468099981546, -11.2576808929, 16.4022121429], [-134.166763306, 419.489013672, 4.20059537888, 63.7158508301, -8.96613693237, 69.7967071533, 17.6238594055, 98.7658996582, 30.3952865601, 52.1536598206, 36.5137290955, 28.1492557526, -13.8815698624], [57.5750579834, 4.20059537888, 138.325714111, 41.7188796997, 28.5661640167, 3.57349228859, 6.8564915657, 25.7711105347, 15.511264801, 28.8283920288, 8.07617092133, 3.86574435234, 4.77705907822], [-33.3340873718, 63.7158508301, 41.7188796997, 144.590286255, 43.5167198181, 41.295337677, -3.50356125832, 22.2605609894, 16.0304584503, 34.8788375854, 14.0633068085, 19.9515228271, 13.1648893356], [-7.91453695297, -8.96613693237, 28.5661640167, 43.5167198181, 129.250808716, 54.8987693787, 35.2707138062, -13.747256279, 14.6223602295, 4.11600923538, 2.28085303307, 1.38594985008, 19.1569232941], [-7.51587486267, 69.7967071533, 3.57349228859, 41.295337677, 54.8987693787, 138.023483276, 68.5690536499, 33.5053024292, 14.6944131851, 22.2716121674, 10.6380691528, 21.4015483856, 17.8453407288], [43.5933685303, 17.6238594055, 6.8564915657, -3.50356125832, 35.2707138062, 68.5690536499, 145.981704712, 34.4043312073, 9.17159938812, -2.12187814713, 8.57298183441, 20.3975315094, 14.2021074295], [23.6416854858, 98.7658996582, 25.7711105347, 22.2605609894, -13.747256279, 33.5053024292, 34.4043312073, 123.754760742, 32.8094787598, 37.1089401245, 15.1532821655, 8.85441207886, 0.849375963211], [30.2925052643, 30.3952865601, 15.511264801, 16.0304584503, 14.6223602295, 14.6944131851, 9.17159938812, 32.8094787598, 97.0536880493, 42.7816734314, 2.06946229935, -5.30123949051, 1.3312214613], [29.5126609802, 52.1536598206, 28.8283920288, 34.8788375854, 4.11600923538, 22.2716121674, -2.12187814713, 37.1089401245, 42.7816734314, 100.922462463, 32.0057601929, 11.7555198669, 0.687708616257], [0.468099981546, 36.5137290955, 8.07617092133, 14.0633068085, 2.28085303307, 10.6380691528, 8.57298183441, 15.1532821655, 2.06946229935, 32.0057601929, 82.6296844482, 33.7216148376, -3.53336024284], [-11.2576808929, 28.1492557526, 3.86574435234, 19.9515228271, 1.38594985008, 21.4015483856, 20.3975315094, 8.85441207886, -5.30123949051, 11.7555198669, 33.7216148376, 83.9522705078, 22.568693161], [16.4022121429, -13.8815698624, 4.77705907822, 13.1648893356, 19.1569232941, 17.8453407288, 14.2021074295, 0.849375963211, 1.3312214613, 0.687708616257, -3.53336024284, 22.568693161, 67.4845199585]],
