{
"lowlevel": {
    "average_loudness": 0.968970775604,
    "barkbands_crest": {
        "dmean": 2.27786922455,
        "dmean2": 3.61412119865,
        "dvar": 5.67266464233,
        "dvar2": 14.6072320938,
        "max": 24.0070171356,
        "mean": 9.97073745728,
        "median": 9.23195457458,
        "min": 2.07294821739,
        "var": 15.2802667618
    },
    "barkbands_flatness_db": {
        "dmean": 0.0240091551095,
        "dmean2": 0.0367838777602,
        "dvar": 0.00087922764942,
        "dvar2": 0.00191723299213,
        "max": 0.350176006556,
        "mean": 0.211310192943,
        "median": 0.213364422321,
        "min": 0.0215933099389,
        "var": 0.00479811150581
    },
    "barkbands_kurtosis": {
        "dmean": 1.81630945206,
        "dmean2": 2.79085540771,
        "dvar": 11.0682582855,
        "dvar2": 24.6029663086,
        "max": 35.3563461304,
        "mean": 1.83717727661,
        "median": 0.734221696854,
        "min": -1.55041050911,
        "var": 15.5839538574
    },
    "barkbands_skewness": {
        "dmean": 0.423000335693,
        "dmean2": 0.612434744835,
        "dvar": 0.256598263979,
        "dvar2": 0.537922739983,
        "max": 5.4422492981,
        "mean": 1.23200154305,
        "median": 1.09009647369,
        "min": -1.8046503067,
        "var": 0.654921650887
    },
    "barkbands_spread": {
        "dmean": 3.87007284164,
        "dmean2": 6.18530893326,
        "dvar": 31.9452705383,
        "dvar2": 81.457649231,
        "max": 59.5531768799,
        "mean": 16.7543144226,
        "median": 14.871805191,
        "min": 4.14568042755,
        "var": 63.2282142639
    },
    "dissonance": {
        "dmean": 0.0266034658998,
        "dmean2": 0.0441525243223,
        "dvar": 0.000637374527287,
        "dvar2": 0.00162111688405,
        "max": 0.499972701073,
        "mean": 0.442487955093,
        "median": 0.447350144386,
        "min": 0.155832543969,
        "var": 0.00118089246098
    },
    "dynamic_complexity": 1.28199386597,
    "erbbands_crest": {
        "dmean": 1.90115380287,
        "dmean2": 2.92429614067,
        "dvar": 2.84991502762,
        "dvar2": 6.5194683075,
        "max": 25.6939868927,
        "mean": 8.84027290344,
        "median": 8.2751750946,
        "min": 2.79984474182,
        "var": 11.282034874
    },
    "erbbands_flatness_db": {
        "dmean": 0.0215547215194,
        "dmean2": 0.0290315505117,
        "dvar": 0.000797651009634,
        "dvar2": 0.00136880681384,
        "max": 0.362125873566,
        "mean": 0.225246682763,
        "median": 0.233129262924,
        "min": 0.0719065517187,
        "var": 0.00430434476584
    },
    "erbbands_kurtosis": {
        "dmean": 0.541193902493,
        "dmean2": 0.797727644444,
        "dvar": 0.316330641508,
        "dvar2": 0.729027926922,
        "max": 5.83367061615,
        "mean": -0.147769466043,
        "median": -0.30620265007,
        "min": -1.55279576778,
        "var": 0.735202312469
    },
    "erbbands_skewness": {
        "dmean": 0.265362977982,
        "dmean2": 0.384520053864,
        "dvar": 0.0546803548932,
        "dvar2": 0.118277005851,
        "max": 1.63441622257,
        "mean": 0.0897568166256,
        "median": 0.120010405779,
        "min": -1.80940103531,
        "var": 0.271421790123
    },
    "erbbands_spread": {
        "dmean": 6.72403526306,
        "dmean2": 9.67466640472,
        "dvar": 98.3889312744,
        "dvar2": 205.078781128,
        "max": 103.527015686,
        "mean": 28.2896537781,
        "median": 24.2674255371,
        "min": 8.28126430511,
        "var": 194.624832153
    },
    "hfc": {
        "dmean": 8.745677948,
        "dmean2": 12.8445768356,
        "dvar": 476.193756104,
        "dvar2": 894.791748047,
        "max": 303.045196533,
        "mean": 25.0876960754,
        "median": 18.0343475342,
        "min": 1.24434936833e-16,
        "var": 831.239440918
    },
    "melbands_crest": {
        "dmean": 2.44391059875,
        "dmean2": 3.84828329086,
        "dvar": 6.09859752655,
        "dvar2": 14.6028356552,
        "max": 26.9285449982,
        "mean": 13.7154302597,
        "median": 12.5190525055,
        "min": 1.68450963497,
        "var": 26.5873126984
    },
    "melbands_flatness_db": {
        "dmean": 0.0267211552709,
        "dmean2": 0.0398869924247,
        "dvar": 0.00118939799722,
        "dvar2": 0.00254189083353,
        "max": 0.463050156832,
        "mean": 0.278634309769,
        "median": 0.273302793503,
        "min": 0.00622805021703,
        "var": 0.00793421827257
    },
    "melbands_kurtosis": {
        "dmean": 5.02066421509,
        "dmean2": 7.63785505295,
        "dvar": 136.62109375,
        "dvar2": 312.041503906,
        "max": 140.101104736,
        "mean": 7.01507139206,
        "median": 3.59336686134,
        "min": -1.12736845016,
        "var": 161.520874023
    },
    "melbands_skewness": {
        "dmean": 0.577429056168,
        "dmean2": 0.841790735722,
        "dvar": 0.677625238895,
        "dvar2": 1.4319589138,
        "max": 9.79748535156,
        "mean": 2.02641415596,
        "median": 1.76297533512,
        "min": -0.168340012431,
        "var": 1.43157160282
    },
    "melbands_spread": {
        "dmean": 4.67014026642,
        "dmean2": 7.14551019669,
        "dvar": 52.0194625854,
        "dvar2": 109.953025818,
        "max": 120.324157715,
        "mean": 18.9828834534,
        "median": 17.0045051575,
        "min": 2.81552600861,
        "var": 120.528076172
    },
    "pitch_salience": {
        "dmean": 0.0594479590654,
        "dmean2": 0.0952842086554,
        "dvar": 0.00343310204335,
        "dvar2": 0.0085804015398,
        "max": 0.975262582302,
        "mean": 0.478754580021,
        "median": 0.474982917309,
        "min": 0.193039268255,
        "var": 0.00918219331652
    },
    "silence_rate_20dB": {
        "dmean": 0,
        "dmean2": 0,
        "dvar": 0,
        "dvar2": 0,
        "max": 1,
        "mean": 1,
        "median": 1,
        "min": 1,
        "var": 0
    },
    "silence_rate_30dB": {
        "dmean": 0.0587931908667,
        "dmean2": 0.117647059262,
        "dvar": 0.0553363002837,
        "dvar2": 0.129605457187,
        "max": 1,
        "mean": 0.951546370983,
        "median": 1,
        "min": 0,
        "var": 0.0461059734225
    },
    "silence_rate_60dB": {
        "dmean": 0.000515729770996,
        "dmean2": 0.00103199179284,
        "dvar": 0.000515436171554,
        "dvar2": 0.00103093462531,
        "max": 1,
        "mean": 0.00103092787322,
        "median": 0,
        "min": 0,
        "var": 0.00102987512946
    },
    "spectral_centroid": {
        "dmean": 163.284301758,
        "dmean2": 251.488388062,
        "dvar": 110574.546875,
        "dvar2": 185146.78125,
        "max": 10870.8095703,
        "mean": 915.716369629,
        "median": 810.999633789,
        "min": 352.013092041,
        "var": 206391.59375
    },
    "spectral_complexity": {
        "dmean": 2.90355849266,
        "dmean2": 4.59184741974,
        "dvar": 17.8085575104,
        "dvar2": 32.9272041321,
        "max": 60,
        "mean": 18.4958763123,
        "median": 17,
        "min": 0,
        "var": 54.2045135498
    },
    "spectral_decrease": {
        "dmean": 3.62281071808e-09,
        "dmean2": 5.41965183842e-09,
        "dvar": 4.59115680213e-17,
        "dvar2": 1.07170082645e-16,
        "max": 8.65654894156e-29,
        "mean": -1.14453957423e-08,
        "median": -9.61738066962e-09,
        "min": -6.08657089174e-08,
        "var": 6.3837935089e-17
    },
    "spectral_energy": {
        "dmean": 0.0142766283825,
        "dmean2": 0.0213076360524,
        "dvar": 0.000687463965733,
        "dvar2": 0.00158458913211,
        "max": 0.235468745232,
        "mean": 0.0454730950296,
        "median": 0.0383707657456,
        "min": 1.09598975471e-20,
        "var": 0.000970298890024
    },
    "spectral_energyband_high": {
        "dmean": 0.000688106927555,
        "dmean2": 0.0010707549518,
        "dvar": 5.15005649504e-06,
        "dvar2": 1.08796084533e-05,
        "max": 0.0280286651105,
        "mean": 0.000841340748593,
        "median": 6.54060640954e-05,
        "min": 7.83611135609e-21,
        "var": 7.46081286707e-06
    },
    "spectral_energyband_low": {
        "dmean": 0.0106914769858,
        "dmean2": 0.0167626403272,
        "dvar": 0.000599150371272,
        "dvar2": 0.00139501644298,
        "max": 0.200856506824,
        "mean": 0.0202194210142,
        "median": 0.00975181907415,
        "min": 4.24984928736e-23,
        "var": 0.000778008368798
    },
    "spectral_energyband_middle_high": {
        "dmean": 0.00242204475217,
        "dmean2": 0.00323155103251,
        "dvar": 1.30936696223e-05,
        "dvar2": 2.24025552598e-05,
        "max": 0.0585954748094,
        "mean": 0.007570119109,
        "median": 0.00628211442381,
        "min": 1.65478925472e-21,
        "var": 3.44064392266e-05
    },
    "spectral_energyband_middle_low": {
        "dmean": 0.00524195609614,
        "dmean2": 0.00837671663612,
        "dvar": 6.16940742475e-05,
        "dvar2": 0.000159074712428,
        "max": 0.0941731929779,
        "mean": 0.0179727748036,
        "median": 0.0155690610409,
        "min": 2.47579236695e-22,
        "var": 9.62789636105e-05
    },
    "spectral_entropy": {
        "dmean": 0.192159757018,
        "dmean2": 0.269691705704,
        "dvar": 0.0823533087969,
        "dvar2": 0.16080711782,
        "max": 9.78531265259,
        "mean": 6.88143014908,
        "median": 6.78503513336,
        "min": 5.85832357407,
        "var": 0.33059617877
    },
    "spectral_flux": {
        "dmean": 0.0306351464242,
        "dmean2": 0.046694509685,
        "dvar": 0.00214216276072,
        "dvar2": 0.00360321602784,
        "max": 0.411020815372,
        "mean": 0.0848070457578,
        "median": 0.0594982877374,
        "min": 1.0468952788e-10,
        "var": 0.00453905714676
    },
    "spectral_kurtosis": {
        "dmean": 7.62275314331,
        "dmean2": 13.036529541,
        "dvar": 87.2581710815,
        "dvar2": 262.111785889,
        "max": 85.5719528198,
        "mean": 15.0879335403,
        "median": 10.1819839478,
        "min": -1.261064291,
        "var": 231.437561035
    },
    "spectral_rms": {
        "dmean": 0.000901489751413,
        "dmean2": 0.00132546084933,
        "dvar": 1.82607107035e-06,
        "dvar2": 3.9352071326e-06,
        "max": 0.0151567012072,
        "mean": 0.00638017617166,
        "median": 0.00611840607598,
        "min": 3.26995158381e-12,
        "var": 3.6572926092e-06
    },
    "spectral_rolloff": {
        "dmean": 321.24420166,
        "dmean2": 542.764953613,
        "dvar": 521953.84375,
        "dvar2": 972290.25,
        "max": 19121.484375,
        "mean": 1097.22888184,
        "median": 1098.19335938,
        "min": 86.1328125,
        "var": 858223.125
    },
    "spectral_skewness": {
        "dmean": 0.599155843258,
        "dmean2": 0.98222899437,
        "dvar": 0.376500189304,
        "dvar2": 1.1358550787,
        "max": 6.60165834427,
        "mean": 2.38178372383,
        "median": 2.20949697495,
        "min": 0.00787074584514,
        "var": 1.06519830227
    },
    "spectral_spread": {
        "dmean": 589086.1875,
        "dmean2": 820283.5625,
        "dvar": 1.22044940288e+12,
        "dvar2": 1.58585100698e+12,
        "max": 42287000,
        "mean": 2905937,
        "median": 2253726.75,
        "min": 845849.9375,
        "var": 4.17578562355e+12
    },
    "spectral_strongpeak": {
        "dmean": 0.45048302412,
        "dmean2": 0.754981994629,
        "dvar": 0.634981691837,
        "dvar2": 1.35449957848,
        "max": 8.01190090179,
        "mean": 1.01445877552,
        "median": 0.45966988802,
        "min": 0,
        "var": 1.30936861038
    },
    "zerocrossingrate": {
        "dmean": 0.00698728207499,
        "dmean2": 0.00830229278654,
        "dvar": 0.000195639964659,
        "dvar2": 0.000215792984818,
        "max": 0.4990234375,
        "mean": 0.0417633987963,
        "median": 0.03564453125,
        "min": 0.00732421875,
        "var": 0.000649289228022
    },
    "barkbands": {
        "dmean": [0.000167949081515, 0.00758979190141, 0.00418603327125, 0.00205507385544, 0.00264067598619, 0.00080740620615, 0.00156328210142, 0.000272022240097, 0.000700312724803, 0.000239145345404, 0.000115615221148, 0.0015550305834, 0.000458568247268, 0.000218956367462, 0.000461900548544, 0.00032713150722, 0.000135511596454, 0.000133374371217, 0.000131265594973, 0.000137505208841, 0.000128297193442, 0.000146078353282, 0.00020668945217, 9.45916108321e-05, 5.25704817846e-05, 2.53942234849e-05, 5.38265339856e-06],
        "dmean2": [0.000235962914303, 0.0123407198116, 0.0077483789064, 0.00362277613021, 0.00436359783635, 0.001137897023, 0.00212174165063, 0.000396612071199, 0.00100524595473, 0.000333073112415, 0.000175767243491, 0.00200682831928, 0.000666428590193, 0.000351477094227, 0.000724062556401, 0.000530899618752, 0.000211522143218, 0.000202831521165, 0.000192520470591, 0.000229722907534, 0.000181735711521, 0.000226822317927, 0.000341819832101, 0.00015519594308, 8.28584525152e-05, 4.37939597759e-05, 9.25078074943e-06],
        "dvar": [8.19460339585e-08, 0.000262476067292, 0.000227103053476, 3.90990935557e-05, 1.02083085949e-05, 1.74925332885e-06, 3.57289468411e-06, 2.86694273655e-07, 8.97377844922e-07, 1.07434658503e-07, 1.01259686858e-07, 3.36871676154e-06, 5.05399555095e-07, 1.4144860927e-07, 4.84784379751e-07, 4.33037058656e-07, 1.92285000367e-07, 1.74081932869e-07, 2.87900292051e-07, 2.48887829457e-07, 2.67030969781e-07, 2.66994987896e-07, 3.47092480979e-07, 9.19192544302e-08, 3.89980385762e-08, 1.16029568176e-08, 6.981914491e-10],
        "dvar2": [1.56408717089e-07, 0.00066703313496, 0.00064999202732, 0.000104834660306, 2.62869489234e-05, 4.4921935114e-06, 8.50880769576e-06, 5.5736319382e-07, 2.08483629649e-06, 2.2410071665e-07, 1.98050329914e-07, 5.88382818023e-06, 1.13144881198e-06, 3.58151652335e-07, 1.20695790429e-06, 1.17308502467e-06, 4.2922917487e-07, 3.0609822943e-07, 5.62724721931e-07, 5.97715143158e-07, 4.8805145525e-07, 5.13654185852e-07, 8.4840485215e-07, 2.30193535344e-07, 8.66038547542e-08, 3.08448271369e-08, 1.93819049699e-09],
        "max": [0.00358130130917, 0.149443164468, 0.131237924099, 0.0660784095526, 0.0406790301204, 0.0246618576348, 0.0355131961405, 0.0186649058014, 0.0142806917429, 0.00459910370409, 0.00972098391503, 0.0321324691176, 0.0113104600459, 0.00557168247178, 0.00990038271993, 0.00998139940202, 0.00787408836186, 0.00564481271431, 0.00838410388678, 0.00706475460902, 0.008190959692, 0.00708770379424, 0.00642513204366, 0.00393443414941, 0.0026405681856, 0.00154627719894, 0.000334766373271],
        "mean": [0.000538076972589, 0.0140492850915, 0.00451926281676, 0.00196733535267, 0.00516202114522, 0.00296435481869, 0.00483163166791, 0.0011565675959, 0.00182265613694, 0.000532051373739, 0.000188031961443, 0.00313612143509, 0.00124348059762, 0.000431944412412, 0.000764130614698, 0.000605563691352, 0.000253608508501, 0.000224298419198, 0.000170031271409, 0.000163651202456, 0.000170052560861, 0.000168007842149, 0.000217125721974, 0.000102978723589, 6.15826138528e-05, 2.47730440606e-05, 4.51649930255e-06],
        "median": [2.13728162635e-05, 0.005495198071, 0.00188133842312, 0.000552345183678, 0.00437097903341, 0.00190811674111, 0.00363739323802, 0.000300843035802, 0.00138025055639, 0.000310484610964, 2.94549863611e-05, 0.00203085457906, 0.000733065535314, 0.000256035098573, 0.000505229341798, 0.000288642244413, 0.00011768618424, 9.84968864941e-05, 2.8340062272e-05, 1.8560409444e-05, 2.74227677437e-05, 6.11652012594e-06, 3.24825214193e-06, 1.05668993911e-06, 3.18605572147e-07, 5.67765212622e-08, 1.37190092619e-09],
        "min": [2.03423029148e-24, 3.96926329629e-24, 1.45202250499e-23, 2.45181456108e-23, 3.52053949187e-23, 3.91311012601e-23, 4.05406821018e-23, 4.92150975898e-23, 2.59382356574e-23, 7.70192038582e-23, 4.85547926131e-23, 1.08986914829e-22, 9.60638459668e-23, 6.40379675483e-23, 1.84074507564e-22, 1.5125805799e-22, 2.20100119031e-22, 1.42111158996e-22, 4.08835658585e-22, 2.75011628549e-22, 5.2543402092e-22, 4.37679316288e-22, 6.55903233786e-22, 1.01332957186e-21, 1.17286355068e-21, 1.68244437041e-21, 2.54283499209e-21],
        "var": [8.3463186229e-07, 0.000386526080547, 0.000138020535815, 2.88015144179e-05, 1.35977225e-05, 1.03582733573e-05, 1.86639372259e-05, 7.20525213183e-06, 2.52472341344e-06, 3.42877257253e-07, 3.76625223453e-07, 1.19635305964e-05, 2.25292728828e-06, 2.67024859113e-07, 7.59087527058e-07, 8.19507022243e-07, 2.83413555735e-07, 2.79281124449e-07, 4.04159038681e-07, 3.18408780231e-07, 4.31321922179e-07, 3.92218311163e-07, 3.97448076228e-07, 1.12674094055e-07, 5.44717302375e-08, 1.10489901672e-08, 5.27191401645e-10]
    },
    "erbbands": {
        "dmean": [0.182845622301, 1.885617733, 4.29458904266, 6.66628789902, 7.48214673996, 10.8465461731, 5.21662759781, 7.96454191208, 22.3203029633, 13.5091466904, 5.56793022156, 18.0030860901, 7.88950777054, 8.60011291504, 28.0640068054, 41.6262779236, 23.578704834, 11.3976488113, 13.7747154236, 17.4170036316, 20.1619815826, 7.79946613312, 7.11951160431, 8.06545352936, 4.89222955704, 6.24770879745, 5.23869085312, 5.66504669189, 5.25507497787, 5.93088436127, 5.82619476318, 2.88084411621, 1.19891703129, 0.705225348473, 0.321455031633, 0.120718799531, 0.0498012565076, 0.0142993172631, 0.000458738359157, 2.50891498581e-05],
        "dmean2": [0.281885355711, 3.08789348602, 7.61820220947, 12.0310268402, 12.0394201279, 18.6144180298, 9.09007263184, 10.5759620667, 31.0940494537, 18.1166877747, 8.17059516907, 26.5355758667, 10.8595113754, 12.216750145, 36.264591217, 54.6204376221, 34.3108901978, 18.0369644165, 21.2165927887, 27.6280517578, 32.3821372986, 12.1704483032, 10.7509269714, 12.2060165405, 7.3361492157, 10.4515161514, 8.57889842987, 8.1318731308, 7.99048185349, 9.86270904541, 9.56373310089, 4.76197862625, 1.91292214394, 1.14763760567, 0.527875900269, 0.208682581782, 0.0860788822174, 0.0246881581843, 0.000779747089837, 3.89193737647e-05],
        "dvar": [0.134936392307, 16.9152317047, 191.055709839, 525.596496582, 154.273590088, 131.450714111, 159.34236145, 144.02722168, 928.722167969, 330.418884277, 104.446136475, 649.337280273, 171.949279785, 145.374511719, 1064.52429199, 2406.87182617, 1262.66369629, 369.085449219, 444.810302734, 1308.06494141, 1446.08703613, 630.943725586, 523.610046387, 945.456481934, 398.487518311, 467.302337646, 502.756500244, 497.245727539, 339.807800293, 375.861541748, 260.012481689, 73.6508026123, 18.7497653961, 7.56437921524, 1.62893259525, 0.306380361319, 0.0516135320067, 0.00394026422873, 4.41764632342e-06, 3.01704750072e-09],
        "dvar2": [0.326720029116, 43.1735305786, 527.247924805, 1469.1048584, 408.347961426, 354.858703613, 462.710388184, 321.811889648, 2417.49584961, 533.921081543, 210.313339233, 1593.36364746, 348.510253906, 326.200164795, 1815.65454102, 4442.80859375, 2863.2668457, 933.598999023, 1082.22546387, 3204.66870117, 3809.50878906, 1443.68457031, 903.241821289, 1723.32775879, 837.367431641, 1062.44702148, 1062.25268555, 939.905822754, 662.434204102, 887.63293457, 616.963989258, 187.060714722, 45.0739555359, 16.5801925659, 4.10408115387, 0.848044395447, 0.134344771504, 0.0105962948874, 1.21585426314e-05, 7.29407956257e-09],
        "max": [3.4553861618, 35.9365959167, 112.282051086, 206.484176636, 130.684661865, 152.580078125, 325.675018311, 286.546234131, 527.283508301, 642.313842773, 346.820098877, 358.13104248, 177.507263184, 173.961700439, 586.615966797, 805.076171875, 593.594726562, 248.606613159, 310.62322998, 560.088928223, 639.397583008, 408.380279541, 332.604431152, 459.625854492, 293.246765137, 294.821899414, 300.07421875, 347.21182251, 239.773117065, 263.914886475, 160.5259552, 93.4436569214, 59.0609664917, 39.1879425049, 21.7590465546, 11.5578775406, 3.00222539902, 0.707840681076, 0.026080057025, 0.000586138397921],
        "mean": [0.436355471611, 2.99142384529, 5.53406381607, 6.35362148285, 12.0416545868, 18.2685432434, 11.4767923355, 32.7888336182, 69.1419448853, 51.611114502, 24.5648174286, 42.6243095398, 20.4882698059, 20.7662734985, 61.0783119202, 87.3908996582, 66.8455505371, 24.6569099426, 28.9351844788, 29.978925705, 38.2207107544, 16.0932102203, 12.7537050247, 11.9687509537, 6.71020030975, 7.77503681183, 6.86957550049, 6.87942028046, 6.04948711395, 6.15492868423, 6.06969690323, 3.08479857445, 1.40266644955, 0.787601113319, 0.362698107958, 0.123358570039, 0.0470040813088, 0.0127902654931, 0.000422936398536, 6.1992497649e-05],
        "median": [0.102999217808, 1.37518441677, 2.76549768448, 2.37057089806, 7.87552452087, 15.4360494614, 5.66367101669, 21.3986148834, 50.5263061523, 36.9622497559, 9.62401866913, 31.6365852356, 11.752199173, 11.306060791, 39.9371795654, 58.9067459106, 40.9347229004, 16.7791824341, 18.0707893372, 20.9248523712, 18.0763874054, 8.40730667114, 5.85177516937, 4.20669364929, 1.53145623207, 0.943620622158, 0.691240608692, 0.989418447018, 0.314915835857, 0.177001386881, 0.0705802440643, 0.0233663078398, 0.0147062391043, 0.00488076079637, 0.00166739500128, 0.000553412362933, 4.49107246823e-05, 5.53362542632e-06, 2.21912796405e-05, 4.57598434878e-05],
        "min": [1.9575219856e-22, 6.77240999882e-22, 9.68921403247e-21, 7.63523571421e-20, 6.20663275778e-20, 1.34986996702e-19, 1.60854188152e-19, 3.32369700424e-19, 2.87143807228e-19, 1.22436885786e-18, 1.16255509825e-18, 5.85778704127e-19, 2.18980950448e-18, 2.26149297636e-18, 2.07898591396e-18, 4.42311423351e-18, 4.01907951767e-18, 3.70496057519e-18, 6.70160556467e-18, 9.92697716046e-18, 8.29329875939e-18, 1.32800058858e-17, 7.67137639839e-18, 1.72873750076e-17, 1.82494571975e-17, 1.43520617382e-17, 1.31473161894e-17, 2.61518246091e-17, 1.74770789549e-17, 1.3029918581e-17, 2.04412558645e-17, 1.47154008223e-17, 2.22720232814e-17, 1.34037405249e-17, 8.1150190035e-18, 6.00062789817e-18, 3.20242312405e-18, 1.27195759248e-18, 3.26505817061e-19, 4.00401331462e-20],
        "var": [0.357377439737, 21.5500602722, 133.862884521, 335.883178711, 180.373825073, 160.497894287, 250.005004883, 1361.35913086, 4061.15063477, 3160.06958008, 2456.77783203, 1598.75976562, 561.587097168, 519.930603027, 4367.92626953, 7452.8359375, 5856.02246094, 655.540405273, 1164.83288574, 1617.56726074, 3086.37890625, 942.085876465, 854.867553711, 1418.11474609, 526.600158691, 656.830200195, 785.402832031, 693.245483398, 494.419403076, 430.098571777, 307.734588623, 86.8750457764, 24.8760910034, 10.3372936249, 1.80654752254, 0.250595748425, 0.0511452890933, 0.0034061037004, 3.54544999936e-06, 3.63399021985e-09]
    },
    "gfcc": {
        "mean": [-18.324804306, 166.275924683, -136.475769043, 14.2260370255, -38.1112289429, 5.68597459793, -32.3976211548, -3.93045067787, -11.1479253769, -1.66135334969, -1.87937915325, -2.56413531303, -5.47548294067],
        "cov": [[4971.04833984, -3210.90283203, 550.361022949, 918.06237793, -1392.49975586, 735.026245117, -283.88369751, 206.68800354, -290.64831543, 225.802276611, -497.797210693, 285.180206299, -353.942779541], [-3210.90283203, 3512.6003418, -542.794677734, -637.858825684, 1430.09533691, -620.009521484, 397.658782959, -148.622619629, 365.235565186, -215.9712677, 540.694885254, -294.539550781, 394.833190918], [550.361022949, -542.794677734, 712.255310059, 15.7610368729, 12.6610040665, 302.092437744, -89.7221603394, 202.789215088, -57.6677360535, 92.7904815674, -57.3532905579, 95.2130737305, -91.5168685913], [918.06237793, -637.858825684, 15.7610368729, 544.726928711, -422.489013672, 214.850906372, 51.979801178, -38.7823181152, 54.2510414124, 5.27457523346, -114.501960754, 22.6281509399, -25.0445671082], [-1392.49975586, 1430.09533691, 12.6610040665, -422.489013672, 910.754455566, -234.698410034, 117.33883667, 58.354724884, 90.0016860962, -50.1222076416, 255.237579346, -79.5592498779, 141.067504883], [735.026245117, -620.009521484, 302.092437744, 214.850906372, -234.698410034, 341.480194092, -41.6267051697, 84.1392440796, -6.83196210861, 40.8292388916, -82.3760986328, 69.0818862915, -40.3987503052], [-283.88369751, 397.658782959, -89.7221603394, 51.979801178, 117.33883667, -41.6267051697, 191.072906494, -32.6524887085, 82.5418701172, -12.7118902206, 56.9474945068, -46.4345588684, 56.9863357544], [206.68800354, -148.622619629, 202.789215088, -38.7823181152, 58.354724884, 84.1392440796, -32.6524887085, 179.454452515, -29.5136585236, 40.1251220703, 1.90799498558, 24.5544090271, -5.39537620544], [-290.64831543, 365.235565186, -57.6677360535, 54.2510414124, 90.0016860962, -6.83196210861, 82.5418701172, -29.5136585236, 173.210021973, -19.893163681, 43.5834999084, -38.8237037659, 58.0293006897], [225.802276611, -215.9712677, 92.7904815674, 5.27457523346, -50.1222076416, 40.8292388916, -12.7118902206, 40.1251220703, -19.893163681, 96.4113845825, -6.72501802444, 12.6416397095, -33.7662239075], [-497.797210693, 540.694885254, -57.3532905579, -114.501960754, 255.237579346, -82.3760986328, 56.9474945068, 1.90799498558, 43.5834999084, -6.72501802444, 174.499816895, -10.8302602768, 63.8873023987], [285.180206299, -294.539550781, 95.2130737305, 22.6281509399, -79.5592498779, 69.0818862915, -46.4345588684, 24.5544090271, -38.8237037659, 12.6416397095, -10.8302602768, 104.799217224, -19.4048900604], [-353.942779541, 394.833190918, -91.5168685913, -25.0445671082, 141.067504883, -40.3987503052, 56.9863357544, -5.39537620544, 58.0293006897, -33.7662239075, 63.8873023987, -19.4048900604, 122.046508789]],
        "icov": [[0.000682905199938, -2.97216429317e-05, 0.000290241936455, -0.000828774587717, 0.000148415259901, -0.000441597076133, 0.000226707939873, -0.000719288829714, 0.000560198095627, -0.000780181784648, 0.000609163602348, -0.000853728037328, 0.00073199585313], [-2.97216429317e-05, 0.0039288951084, -0.000436227332102, 0.00156701251399, -0.00242947950028, 0.00137651956175, -0.00192052323837, 0.00195087667089, -0.00279317237437, 0.00367800635286, -0.00424863770604, 0.00460125692189, -0.00325413816608], [0.000290241936455, -0.000436227332102, 0.0046455594711, -0.000325350090861, -0.00153637025505, -0.00397914182395, 0.000664419145323, -0.00250062649138, 0.000472688028822, -0.00235083629377, 0.00208406685852, -0.00253713270649, 0.00333809643053], [-0.000828774587717, 0.00156701251399, -0.000325350090861, 0.00620681792498, 0.000814773607999, -0.00109504628927, -0.00319991260767, 0.00198571593501, -0.00304728210904, 0.00309151108377, -0.00202236953191, 0.00292854849249, -0.00233709835447], [0.000148415259901, -0.00242947950028, -0.00153637025505, 0.000814773607999, 0.00573030393571, 0.00083205132978, -0.000125399965327, -0.00209416402504, 0.00101033784449, -0.000401261786465, -0.000418783340137, -0.00133300886955, 0.000339073187206], [-0.000441597076133, 0.00137651956175, -0.00397914182395, -0.00109504628927, 0.00083205132978, 0.00970125943422, -0.00046987546375, -0.000115259179438, -0.00229136249982, 0.00233904551715, -0.00201861304231, 0.000984573038295, -0.00352869671769], [0.000226707939873, -0.00192052323837, 0.000664419145323, -0.00319991260767, -0.000125399965327, -0.00046987546375, 0.0097920531407, -0.00040700630052, -2.35031729972e-05, -0.00337040913291, 0.00114349974319, -0.000672979280353, 0.000484529300593], [-0.000719288829714, 0.00195087667089, -0.00250062649138, 0.00198571593501, -0.00209416402504, -0.000115259179438, -0.00040700630052, 0.0111763002351, -0.000591509277001, 0.00024404656142, -0.00255335192196, 0.0036180014722, -0.00453778356314], [0.000560198095627, -0.00279317237437, 0.000472688028822, -0.00304728210904, 0.00101033784449, -0.00229136249982, -2.35031729972e-05, -0.000591509277001, 0.0114310262725, -0.00317375827581, 0.0025946481619, -0.00176284404006, 0.000496836029924], [-0.000780181784648, 0.00367800635286, -0.00235083629377, 0.00309151108377, -0.000401261786465, 0.00233904551715, -0.00337040913291, 0.00024404656142, -0.00317375827581, 0.0184450410306, -0.00730728870258, 0.00618163775653, -0.00104700704105], [0.000609163602348, -0.00424863770604, 0.00208406685852, -0.00202236953191, -0.000418783340137, -0.00201861304231, 0.00114349974319, -0.00255335192196, 0.0025946481619, -0.00730728870258, 0.0169953089207, -0.00892053544521, 0.00225803768262], [-0.000853728037328, 0.00460125692189, -0.00253713270649, 0.00292854849249, -0.00133300886955, 0.000984573038295, -0.000672979280353, 0.0036180014722, -0.00176284404006, 0.00618163775653, -0.00892053544521, 0.0202528927475, -0.00588393677026], [0.00073199585313, -0.00325413816608, 0.00333809643053, -0.00233709835447, 0.000339073187206, -0.00352869671769, 0.000484529300593, -0.00453778356314, 0.000496836029924, -0.00104700704105, 0.00225803768262, -0.00588393677026, 0.0182371754199]]
    },
    "melbands": {
        "dmean": [0.00194320396986, 0.0022239300888, 0.00111823680345, 0.000691470340826, 0.000222237576963, 0.000168107959325, 0.000341881095665, 0.000125940176076, 5.89198825764e-05, 0.000104703940451, 3.87106265407e-05, 3.74551382265e-05, 4.71642088087e-05, 0.000223626979277, 4.7366364015e-05, 3.5896886402e-05, 2.24568739213e-05, 1.54748322529e-05, 4.47693382739e-05, 1.49690858962e-05, 2.39186792896e-05, 8.46946113597e-06, 6.51287564324e-06, 6.97484256307e-06, 7.05441698301e-06, 4.24709787694e-06, 3.32270678882e-06, 4.51837831861e-06, 3.62871969628e-06, 3.35933327733e-06, 3.21379752677e-06, 2.89443255497e-06, 3.19890204992e-06, 3.53207201442e-06, 3.50037294083e-06, 2.72991155725e-06, 1.45339879509e-06, 8.78025502971e-07, 8.00352495389e-07, 5.33068771347e-07],
        "dmean2": [0.00309788086452, 0.00367662054487, 0.001990058925, 0.00113836023957, 0.000388637941796, 0.00022680114489, 0.000468878803076, 0.000168472906807, 8.64697867655e-05, 0.000154318157001, 5.31344812771e-05, 5.30662728124e-05, 6.24209205853e-05, 0.000288197334157, 6.94266636856e-05, 5.36034567631e-05, 3.65907326341e-05, 2.3867642085e-05, 7.01954777469e-05, 2.47353982559e-05, 3.84514787584e-05, 1.29588524942e-05, 9.94659876596e-06, 1.02655503724e-05, 1.0835699868e-05, 6.53786992189e-06, 5.11164762429e-06, 7.57669113227e-06, 6.32672163192e-06, 4.6074533202e-06, 4.7934486247e-06, 4.23733945354e-06, 5.16138288731e-06, 5.96595054958e-06, 5.79106199439e-06, 4.51350160802e-06, 2.41597058448e-06, 1.43834267874e-06, 1.27531586713e-06, 8.86930024535e-07],
        "dvar": [1.65223027579e-05, 3.36433877237e-05, 1.23119853015e-05, 6.89059845627e-07, 1.67846678778e-07, 6.58159819977e-08, 1.92276942812e-07, 3.01083709076e-08, 7.83193598863e-09, 2.18626627912e-08, 4.04084810057e-09, 2.7950193271e-09, 3.59632279512e-09, 7.04845604105e-08, 9.90924053923e-09, 3.17036752406e-09, 1.44160561266e-09, 9.69992974831e-10, 3.91259025179e-09, 1.81261505805e-09, 2.08189177009e-09, 7.50692563667e-10, 3.63930718894e-10, 4.68705019241e-10, 7.83472398069e-10, 2.50243409328e-10, 1.76651054895e-10, 2.2702960345e-10, 2.31955857299e-10, 2.02326475018e-10, 1.57478835527e-10, 1.01107504313e-10, 1.25962865138e-10, 1.29977695273e-10, 9.71900337987e-11, 5.37886506169e-11, 2.36199584197e-11, 1.02025801002e-11, 1.02212500616e-11, 4.68702463993e-12],
        "dvar2": [4.19201933255e-05, 8.51350923767e-05, 3.41895320162e-05, 1.73002638348e-06, 4.90599006753e-07, 1.51107741431e-07, 4.79793982322e-07, 5.00742771692e-08, 1.74420708987e-08, 5.35794448808e-08, 8.11904676823e-09, 6.46258069281e-09, 6.45580122693e-09, 1.21929218722e-07, 2.36770176798e-08, 7.13314429746e-09, 3.84844156542e-09, 2.35751418387e-09, 9.59187751448e-09, 4.66555150069e-09, 5.5505893215e-09, 1.63210711612e-09, 7.90836007791e-10, 8.70316152479e-10, 1.49096957003e-09, 5.17473230932e-10, 3.89899834641e-10, 5.24809418145e-10, 5.56556079001e-10, 3.66865704482e-10, 3.07401409883e-10, 1.95935850877e-10, 2.74205991246e-10, 3.29853921954e-10, 2.27196247926e-10, 1.33936126079e-10, 6.11764389147e-11, 2.6376239734e-11, 2.2485659168e-11, 1.07239208832e-11],
        "max": [0.0391621403396, 0.0502217411995, 0.0305611863732, 0.00909012835473, 0.00973461568356, 0.00577750382945, 0.0083340452984, 0.00576543388888, 0.00228079617955, 0.00211744126864, 0.000873394834343, 0.000766879878938, 0.00150337372907, 0.00466647744179, 0.00158643117175, 0.0008330278215, 0.000498298089951, 0.000483554875245, 0.000871714786626, 0.000586427981034, 0.000762264535297, 0.000439176044893, 0.00029117995291, 0.000305475492496, 0.000422956101829, 0.000247176591074, 0.000189010577742, 0.000194584048586, 0.000192540828721, 0.000229969184147, 0.000193079700693, 0.000133399866172, 0.000133967027068, 0.000149201150634, 0.000101554534922, 6.01071878918e-05, 5.99276172579e-05, 4.37398230133e-05, 3.86152860301e-05, 3.53717587132e-05],
        "mean": [0.00392016582191, 0.00334174209274, 0.00119654461741, 0.00124756200239, 0.000441009848146, 0.000665576604661, 0.00108989083674, 0.000502881594002, 0.000202957278816, 0.000256501749391, 9.39872843446e-05, 8.25344686746e-05, 0.0001068199781, 0.000441559270257, 0.000118913616461, 9.84211292234e-05, 4.20089054387e-05, 3.46331507899e-05, 6.97150026099e-05, 2.62994726654e-05, 4.38070383098e-05, 1.57276590471e-05, 1.15428319987e-05, 1.11429544631e-05, 9.82424080576e-06, 5.81301492275e-06, 4.38833649241e-06, 5.33068350705e-06, 4.2483238758e-06, 4.25010557592e-06, 3.84987288271e-06, 3.29034151036e-06, 3.39138659911e-06, 3.50305890606e-06, 3.56946384272e-06, 2.9698412618e-06, 1.46187528571e-06, 9.92144805423e-07, 8.75703960901e-07, 5.67295217024e-07],
        "median": [0.00135234068148, 0.00166344246827, 0.000551172706764, 0.00103314744774, 0.000260435976088, 0.000422067852924, 0.000803205301054, 0.000320987368468, 9.24733030843e-05, 0.000193439656869, 5.0433256547e-05, 4.14685018768e-05, 6.53256429359e-05, 0.000282366381725, 7.05502461642e-05, 6.10479983152e-05, 2.66551323875e-05, 1.63783297467e-05, 4.85004202346e-05, 1.19286523841e-05, 2.03637573577e-05, 6.01453439231e-06, 5.55553197046e-06, 4.62995694761e-06, 2.83745976049e-06, 1.1142119547e-06, 6.43789235255e-07, 5.26088115294e-07, 3.19378131053e-07, 5.34473997504e-07, 6.15916633251e-07, 1.49952768425e-07, 6.83845158278e-08, 9.15288325132e-08, 3.49763951135e-08, 1.45992604672e-08, 1.28294548318e-08, 1.05796100769e-08, 4.71731187446e-09, 2.78281753197e-09],
        "min": [1.50636372093e-24, 3.80186543448e-24, 1.06879703268e-23, 8.11440944228e-24, 5.30621055896e-24, 7.53726223794e-24, 5.4772419141e-24, 1.23710665992e-23, 8.91513402665e-24, 3.45170546144e-24, 1.11453234807e-23, 9.08838918068e-24, 5.78606005368e-24, 1.26229940625e-23, 8.16125831372e-24, 1.03786492884e-23, 6.31965543073e-24, 9.49975726579e-24, 1.43836890045e-23, 1.19735162018e-23, 9.4614265144e-24, 1.52376451339e-23, 6.61250110913e-24, 7.44341934465e-24, 1.49181138688e-23, 1.50914439646e-23, 1.11814619876e-23, 8.88127927204e-24, 6.90150897923e-24, 1.09558469798e-23, 1.62469753071e-23, 1.01744857752e-23, 7.62678217346e-24, 7.37559387288e-24, 1.1809583017e-23, 1.00851141456e-23, 8.90882866144e-24, 1.46019762833e-23, 1.46972217712e-23, 1.10574080882e-23],
        "var": [2.89002600766e-05, 3.17658341373e-05, 8.27329677122e-06, 8.64827597979e-07, 2.6525177077e-07, 5.8452843632e-07, 9.09113168746e-07, 3.39976764963e-07, 1.16374600623e-07, 5.35123909629e-08, 1.37304922987e-08, 9.51904421953e-09, 1.7276393649e-08, 2.4523239972e-07, 2.19753477637e-08, 1.25272308082e-08, 2.29940821939e-09, 2.73342459778e-09, 5.71661518123e-09, 2.48041809314e-09, 4.14430623152e-09, 1.17583520698e-09, 5.52169976409e-10, 7.01755542565e-10, 1.11373477107e-09, 3.52021939376e-10, 2.3758195411e-10, 3.06955683094e-10, 3.08320730058e-10, 3.08999298371e-10, 2.1302498654e-10, 1.48445561399e-10, 1.62879057464e-10, 1.31828617467e-10, 1.12694631405e-10, 6.75436095943e-11, 2.54504022024e-11, 1.24674064475e-11, 1.32279777409e-11, 6.01881261844e-12]
    },
    "mfcc": {
        "mean": [-658.109558105, 193.749923706, -24.196144104, 17.0704650879, 8.20286178589, 9.45122241974, -5.53890991211, 2.66154670715, -5.51403474808, -2.08564162254, 2.09581184387, 8.61444568634, 5.06727695465],
        "cov": [[4157.99853516, -3238.16137695, 972.23626709, 112.411308289, -755.85736084, 341.287750244, -199.810745239, 102.261817932, 16.997838974, 95.238494873, -195.411178589, 2.26061677933, -163.074203491], [-3238.16137695, 3358.7890625, -976.329101562, 19.5086669922, 753.564331055, -290.054504395, 281.213165283, -59.7598266602, 55.3491287231, -77.0826034546, 211.263427734, 27.0567626953, 214.010299683], [972.23626709, -976.329101562, 749.396362305, -102.35849762, -31.0385742188, 150.153045654, -11.3839273453, 121.377120972, 19.8245220184, 107.526473999, -42.6094245911, 29.3626689911, -38.4680671692], [112.411308289, 19.5086669922, -102.35849762, 252.356628418, -116.478660583, 82.848449707, -24.3858966827, 11.7224979401, 34.3294143677, 0.455977499485, 20.8292064667, 9.31188297272, -27.0390968323], [-755.85736084, 753.564331055, -31.0385742188, -116.478660583, 501.097839355, -114.213386536, 154.680938721, 41.9848365784, 14.0072793961, 19.4638214111, 63.7131004333, -15.3764896393, 89.2009506226], [341.287750244, -290.054504395, 150.153045654, 82.848449707, -114.213386536, 236.059005737, -68.384185791, 62.565864563, 0.41195884347, 60.4623031616, -19.6507663727, 22.2606678009, -30.6823768616], [-199.810745239, 281.213165283, -11.3839273453, -24.3858966827, 154.680938721, -68.384185791, 206.293334961, -5.58887672424, 46.5540809631, -28.4016265869, 45.5638084412, 12.1071224213, 41.3868942261], [102.261817932, -59.7598266602, 121.377120972, 11.7224979401, 41.9848365784, 62.565864563, -5.58887672424, 141.223510742, 4.92359638214, 39.4238853455, -13.3862247467, 3.40032052994, 7.29628324509], [16.997838974, 55.3491287231, 19.8245220184, 34.3294143677, 14.0072793961, 0.41195884347, 46.5540809631, 4.92359638214, 156.436035156, -6.45732355118, 23.1107749939, 5.64191436768, -32.6640586853], [95.238494873, -77.0826034546, 107.526473999, 0.455977499485, 19.4638214111, 60.4623031616, -28.4016265869, 39.4238853455, -6.45732355118, 143.972427368, 0.716476857662, 14.2193689346, 14.1248035431], [-195.411178589, 211.263427734, -42.6094245911, 20.8292064667, 63.7131004333, -19.6507663727, 45.5638084412, -13.3862247467, 23.1107749939, 0.716476857662, 108.684806824, 22.8112430573, -16.0745697021], [2.26061677933, 27.0567626953, 29.3626689911, 9.31188297272, -15.3764896393, 22.2606678009, 12.1071224213, 3.40032052994, 5.64191436768, 14.2193689346, 22.8112430573, 72.7148132324, 0.440899819136], [-163.074203491, 214.010299683, -38.4680671692, -27.0390968323, 89.2009506226, -30.6823768616, 41.3868942261, 7.29628324509, -32.6640586853, 14.1248035431, -16.0745697021, 0.440899819136, 124.490455627]],
