{
"lowlevel": {
    "average_loudness": 0.63562387228,
    "barkbands_crest": {
        "dmean": 2.74412989616,
        "dmean2": 4.71504259109,
        "dvar": 5.14164590836,
        "dvar2": 14.9304590225,
        "max": 21.3203449249,
        "mean": 10.7545480728,
        "median": 10.2601366043,
        "min": 3.59276270866,
        "var": 13.6689472198
    },
    "barkbands_flatness_db": {
        "dmean": 0.019390841946,
        "dmean2": 0.0324945673347,
        "dvar": 0.000248008669587,
        "dvar2": 0.000673977367114,
        "max": 0.340420812368,
        "mean": 0.203632056713,
        "median": 0.210615441203,
        "min": 0.0632121562958,
        "var": 0.00530602922663
    },
    "barkbands_kurtosis": {
        "dmean": 2.02214741707,
        "dmean2": 3.45010399818,
        "dvar": 7.08095407486,
        "dvar2": 19.5430049896,
        "max": 47.9857597351,
        "mean": 3.13766002655,
        "median": 2.52295732498,
        "min": -1.27740442753,
        "var": 8.73421573639
    },
    "barkbands_skewness": {
        "dmean": 0.421212077141,
        "dmean2": 0.70157545805,
        "dvar": 0.155714422464,
        "dvar2": 0.422161102295,
        "max": 6.04396820068,
        "mean": 1.46495985985,
        "median": 1.42781352997,
        "min": -1.74578440189,
        "var": 0.388666570187
    },
    "barkbands_spread": {
        "dmean": 2.24375391006,
        "dmean2": 3.7122220993,
        "dvar": 5.56693744659,
        "dvar2": 14.7782459259,
        "max": 31.9627895355,
        "mean": 9.57836532593,
        "median": 8.21502399445,
        "min": 2.1402721405,
        "var": 28.6296825409
    },
    "dissonance": {
        "dmean": 0.0342997051775,
        "dmean2": 0.0587137006223,
        "dvar": 0.000914088159334,
        "dvar2": 0.00247349822894,
        "max": 0.499815374613,
        "mean": 0.432939380407,
        "median": 0.439114809036,
        "min": 0.143633782864,
        "var": 0.00146700325422
    },
    "dynamic_complexity": 8.80759143829,
    "erbbands_crest": {
        "dmean": 2.53860139847,
        "dmean2": 4.28316116333,
        "dvar": 4.54330253601,
        "dvar2": 12.316069603,
        "max": 26.5462379456,
        "mean": 10.0543336868,
        "median": 9.63449478149,
        "min": 3.53367185593,
        "var": 10.1379108429
    },
    "erbbands_flatness_db": {
        "dmean": 0.0164226405323,
        "dmean2": 0.0264141727239,
        "dvar": 0.000187795856618,
        "dvar2": 0.000415876798797,
        "max": 0.379988074303,
        "mean": 0.239304170012,
        "median": 0.232194080949,
        "min": 0.0940827578306,
        "var": 0.00587660493329
    },
    "erbbands_kurtosis": {
        "dmean": 0.856633722782,
        "dmean2": 1.43725895882,
        "dvar": 0.854793488979,
        "dvar2": 2.1855840683,
        "max": 15.3493747711,
        "mean": 0.738808512688,
        "median": 0.36883854866,
        "min": -1.60610389709,
        "var": 2.74125027657
    },
    "erbbands_skewness": {
        "dmean": 0.347933799028,
        "dmean2": 0.584906578064,
        "dvar": 0.0731573328376,
        "dvar2": 0.208236917853,
        "max": 2.75733327866,
        "mean": 0.710359275341,
        "median": 0.661116242409,
        "min": -0.702052772045,
        "var": 0.193849623203
    },
    "erbbands_spread": {
        "dmean": 3.72776174545,
        "dmean2": 5.97747087479,
        "dvar": 16.1985836029,
        "dvar2": 36.4654350281,
        "max": 63.9323806763,
        "mean": 18.9923629761,
        "median": 16.6374282837,
        "min": 5.91760444641,
        "var": 65.8839187622
    },
    "hfc": {
        "dmean": 3.01976037025,
        "dmean2": 4.6746931076,
        "dvar": 30.1979312897,
        "dvar2": 70.385017395,
        "max": 82.2264328003,
        "mean": 11.8805475235,
        "median": 10.3121156693,
        "min": 1.15261900887e-16,
        "var": 156.716934204
    },
    "melbands_crest": {
        "dmean": 2.95707249641,
        "dmean2": 5.06911325455,
        "dvar": 5.58936786652,
        "dvar2": 16.1020183563,
        "max": 25.4236793518,
        "mean": 12.4747247696,
        "median": 12.2622385025,
        "min": 2.61633610725,
        "var": 11.7681465149
    },
    "melbands_flatness_db": {
        "dmean": 0.0211151018739,
        "dmean2": 0.0353509299457,
        "dvar": 0.000313028809614,
        "dvar2": 0.000823611859232,
        "max": 0.399340569973,
        "mean": 0.269922554493,
        "median": 0.278415322304,
        "min": 0.00584014318883,
        "var": 0.00412628054619
    },
    "melbands_kurtosis": {
        "dmean": 2.85370087624,
        "dmean2": 4.85617685318,
        "dvar": 23.1557941437,
        "dvar2": 62.5536956787,
        "max": 103.328491211,
        "mean": 4.91658735275,
        "median": 3.92255496979,
        "min": -1.23380112648,
        "var": 23.7745494843
    },
    "melbands_skewness": {
        "dmean": 0.462491869926,
        "dmean2": 0.770957946777,
        "dvar": 0.218099176884,
        "dvar2": 0.591851234436,
        "max": 7.16077899933,
        "mean": 1.75509953499,
        "median": 1.72584092617,
        "min": -0.438588410616,
        "var": 0.453096598387
    },
    "melbands_spread": {
        "dmean": 2.89317035675,
        "dmean2": 4.76680421829,
        "dvar": 11.8602018356,
        "dvar2": 22.0637187958,
        "max": 129.715774536,
        "mean": 12.2919683456,
        "median": 10.8854885101,
        "min": 2.42252206802,
        "var": 41.4311332703
    },
    "pitch_salience": {
        "dmean": 0.0689487531781,
        "dmean2": 0.119008928537,
        "dvar": 0.00325708347373,
        "dvar2": 0.00923729222268,
        "max": 0.94353467226,
        "mean": 0.555872678757,
        "median": 0.558064997196,
        "min": 0.293771445751,
        "var": 0.00642437115312
    },
    "silence_rate_20dB": {
        "dmean": 0,
        "dmean2": 0,
        "dvar": 0,
        "dvar2": 0,
        "max": 1,
        "mean": 1,
        "median": 1,
        "min": 1,
        "var": 0
    },
    "silence_rate_30dB": {
        "dmean": 0.011340206489,
        "dmean2": 0.0226921085268,
        "dvar": 0.0112111009657,
        "dvar2": 0.0242401566356,
        "max": 1,
        "mean": 0.988665640354,
        "median": 1,
        "min": 0,
        "var": 0.011205480434
    },
    "silence_rate_60dB": {
        "dmean": 0.0092783505097,
        "dmean2": 0.0185662712902,
        "dvar": 0.009192164056,
        "dvar2": 0.0244098771363,
        "max": 1,
        "mean": 0.350334882736,
        "median": 0,
        "min": 0,
        "var": 0.227598637342
    },
    "spectral_centroid": {
        "dmean": 102.44758606,
        "dmean2": 165.400848389,
        "dvar": 61140.6992188,
        "dvar2": 75338.0234375,
        "max": 11156.1611328,
        "mean": 695.048950195,
        "median": 615.211791992,
        "min": 286.845123291,
        "var": 101224.390625
    },
    "spectral_complexity": {
        "dmean": 1.73814427853,
        "dmean2": 2.94481682777,
        "dvar": 3.78396987915,
        "dvar2": 9.28567123413,
        "max": 36,
        "mean": 12.9541473389,
        "median": 14,
        "min": 0,
        "var": 82.7992477417
    },
    "spectral_decrease": {
        "dmean": 2.0234651732e-09,
        "dmean2": 3.30635185897e-09,
        "dvar": 2.10622319309e-17,
        "dvar2": 5.51546463134e-17,
        "max": -1.24032897684e-29,
        "mean": -5.82450754294e-09,
        "median": -5.2917248361e-09,
        "min": -8.02268047551e-08,
        "var": 4.51241747963e-17
    },
    "spectral_energy": {
        "dmean": 0.00787397567183,
        "dmean2": 0.0128367757425,
        "dvar": 0.00031442620093,
        "dvar2": 0.000820895016659,
        "max": 0.309744775295,
        "mean": 0.0230606421828,
        "median": 0.0211019702256,
        "min": 1.05014092666e-20,
        "var": 0.000696639122907
    },
    "spectral_energyband_high": {
        "dmean": 9.01239764062e-05,
        "dmean2": 0.000139469382702,
        "dvar": 5.43569775857e-08,
        "dvar2": 1.27892192836e-07,
        "max": 0.00286618806422,
        "mean": 0.000153233719175,
        "median": 3.5041513911e-05,
        "min": 7.60486752285e-21,
        "var": 8.37342852833e-08
    },
    "spectral_energyband_low": {
        "dmean": 0.00237936829217,
        "dmean2": 0.00390358897857,
        "dvar": 2.47519928962e-05,
        "dvar2": 6.78003707435e-05,
        "max": 0.0778772756457,
        "mean": 0.00560972001404,
        "median": 0.00287438789383,
        "min": 4.36776726884e-23,
        "var": 5.90197414567e-05
    },
    "spectral_energyband_middle_high": {
        "dmean": 0.000827470968943,
        "dmean2": 0.00131684506778,
        "dvar": 1.62839978657e-06,
        "dvar2": 3.91625690099e-06,
        "max": 0.0194000005722,
        "mean": 0.00353800319135,
        "median": 0.00218036444858,
        "min": 1.46268039448e-21,
        "var": 1.28578940348e-05
    },
    "spectral_energyband_middle_low": {
        "dmean": 0.00682111177593,
        "dmean2": 0.0112352287397,
        "dvar": 0.000275124970358,
        "dvar2": 0.000719285046216,
        "max": 0.29527541995,
        "mean": 0.0142783643678,
        "median": 0.00925543066114,
        "min": 3.84636435239e-22,
        "var": 0.000403912505135
    },
    "spectral_entropy": {
        "dmean": 0.156608209014,
        "dmean2": 0.262437850237,
        "dvar": 0.0182357951999,
        "dvar2": 0.0447816625237,
        "max": 9.8055896759,
        "mean": 6.84746694565,
        "median": 6.83010482788,
        "min": 5.8297085762,
        "var": 0.281677395105
    },
    "spectral_flux": {
        "dmean": 0.0162188410759,
        "dmean2": 0.0258365888149,
        "dvar": 0.000739038106985,
        "dvar2": 0.0015519305598,
        "max": 0.414400398731,
        "mean": 0.0641023218632,
        "median": 0.0634831339121,
        "min": 1.02476381547e-10,
        "var": 0.00302538950928
    },
    "spectral_kurtosis": {
        "dmean": 5.21638822556,
        "dmean2": 8.92467403412,
        "dvar": 30.9455718994,
        "dvar2": 91.4990768433,
        "max": 50.6981468201,
        "mean": 14.202507019,
        "median": 10.447136879,
        "min": -1.25040078163,
        "var": 95.3245239258
    },
    "spectral_rms": {
        "dmean": 0.000596808386035,
        "dmean2": 0.000961739744525,
        "dvar": 9.06304308046e-07,
        "dvar2": 2.26622205446e-06,
        "max": 0.0173836126924,
        "mean": 0.00380908208899,
        "median": 0.00453732162714,
        "min": 3.20082458802e-12,
        "var": 7.98904602561e-06
    },
    "spectral_rolloff": {
        "dmean": 187.715652466,
        "dmean2": 327.561981201,
        "dvar": 188287.78125,
        "dvar2": 252062.125,
        "max": 18626.2207031,
        "mean": 883.465759277,
        "median": 904.39453125,
        "min": 215.33203125,
        "var": 226753.421875
    },
    "spectral_skewness": {
        "dmean": 0.419970065355,
        "dmean2": 0.705808520317,
        "dvar": 0.140925318003,
        "dvar2": 0.409465223551,
        "max": 5.75105953217,
        "mean": 2.7077357769,
        "median": 2.56472063065,
        "min": -0.0112207988277,
        "var": 0.679695546627
    },
    "spectral_spread": {
        "dmean": 418707.78125,
        "dmean2": 658103.0625,
        "dvar": 579062726656,
        "dvar2": 651986468864,
        "max": 41319136,
        "mean": 2849337.25,
        "median": 2567520.25,
        "min": 1205984,
        "var": 2.29080878285e+12
    },
    "spectral_strongpeak": {
        "dmean": 0.402065038681,
        "dmean2": 0.681887209415,
        "dvar": 0.312163114548,
        "dvar2": 0.761046886444,
        "max": 7.87342691422,
        "mean": 0.710335075855,
        "median": 0.384415090084,
        "min": 1.18817111705e-09,
        "var": 0.736666679382
    },
    "zerocrossingrate": {
        "dmean": 0.00421281019226,
        "dmean2": 0.00560503546149,
        "dvar": 0.000135818074341,
        "dvar2": 0.000152840279043,
        "max": 0.49462890625,
        "mean": 0.0340166762471,
        "median": 0.03076171875,
        "min": 0.00537109375,
        "var": 0.000215756197576
    },
    "barkbands": {
        "dmean": [3.70026209566e-05, 0.00130222679581, 0.00128675566521, 0.00114325759932, 0.00345511990599, 0.00129691197071, 0.00287202442996, 0.000372958165826, 0.00113028462511, 0.00054255395662, 0.00033684639493, 0.00015554681886, 0.000158619019203, 0.00015751682804, 5.9733629314e-05, 0.000102900085039, 5.80786072533e-05, 3.98179654439e-05, 1.97839053726e-05, 1.68859060068e-05, 2.57299088844e-05, 1.67149519257e-05, 1.44285932038e-05, 1.71704559762e-05, 1.88916455954e-05, 5.81990661885e-06, 1.98597535928e-06],
        "dmean2": [6.42978920951e-05, 0.00209710095078, 0.00215384480543, 0.00205576349981, 0.00596940750256, 0.00221189530566, 0.00488546025008, 0.000643915089313, 0.00182068313006, 0.000878777413163, 0.000478983332869, 0.000228770499234, 0.00024835698423, 0.000262166518951, 0.000102051308204, 0.000163568649441, 9.4775481557e-05, 6.30515569355e-05, 3.08324160869e-05, 2.67166324193e-05, 4.33282257291e-05, 2.6914602131e-05, 2.38123975578e-05, 2.77915587503e-05, 3.02830321743e-05, 9.35068510444e-06, 3.257059916e-06],
        "dvar": [1.00929105074e-08, 9.64305127127e-06, 6.40826556264e-06, 1.53639430209e-05, 0.000149710889673, 7.42944212107e-06, 1.62948781508e-05, 4.52793500472e-07, 1.00571505754e-05, 8.30488374959e-07, 2.40063855017e-07, 6.24521518944e-08, 1.62224296218e-07, 8.88200730742e-08, 1.11721210061e-08, 3.98772854737e-08, 1.29976314156e-08, 6.56645893216e-09, 1.33218991394e-09, 1.26754928775e-09, 4.82645656774e-09, 1.47988232779e-09, 1.37764666341e-09, 2.54141974132e-09, 5.39844213776e-09, 4.03033884044e-10, 5.60843073372e-11],
        "dvar2": [3.32019105542e-08, 2.65876660706e-05, 1.82967050932e-05, 4.40677722509e-05, 0.000407721934607, 2.00147460419e-05, 4.60608061985e-05, 1.29392378767e-06, 2.40225672314e-05, 2.01376110454e-06, 5.26904045728e-07, 1.33306400585e-07, 3.65235848676e-07, 2.63159478209e-07, 3.40649748409e-08, 1.04232874776e-07, 3.29188303283e-08, 1.46977425786e-08, 3.20491233552e-09, 3.16152859448e-09, 1.30614612459e-08, 3.63291441374e-09, 3.64944119369e-09, 6.00033889242e-09, 1.34426851872e-08, 1.03762254344e-09, 1.48957901569e-10],
        "max": [0.00188147684094, 0.0527838096023, 0.0385392867029, 0.047116227448, 0.23080265522, 0.0444029159844, 0.0443448573351, 0.0101607656106, 0.0868261009455, 0.00849164091051, 0.00674008950591, 0.00463512027636, 0.0111911054701, 0.00358494580723, 0.00138815888204, 0.00267836963758, 0.00169362430461, 0.00132032693364, 0.000493462663144, 0.000685931823682, 0.000786797318142, 0.000505306292325, 0.000364655687008, 0.000874249846675, 0.0012975782156, 0.000371879606973, 0.00014160531282],
        "mean": [5.82347020099e-05, 0.00276799546555, 0.00232384027913, 0.0010774100665, 0.0037350426428, 0.00186599814333, 0.00470526097342, 0.000530650024302, 0.00223093456589, 0.00101524707861, 0.00096833135467, 0.000332861818606, 0.000321845029248, 0.000331624905812, 0.000117091658467, 0.000227439639275, 0.000143649740494, 9.37755248742e-05, 4.28795974585e-05, 3.11471303576e-05, 3.66131789633e-05, 2.59884382103e-05, 2.03056151804e-05, 2.45083265327e-05, 2.34226718021e-05, 6.5738468038e-06, 1.94032122636e-06],
        "median": [4.03770081903e-06, 0.00074615428457, 0.000578844745178, 0.000157723610755, 0.000932601629756, 0.00095954653807, 0.00271782837808, 0.000224875329877, 0.000469874270493, 0.000155670713866, 0.000583918590564, 0.000163863936905, 0.000113304122351, 0.000168469778146, 4.59288057755e-05, 4.20963733632e-05, 1.49140441863e-05, 1.2672221601e-05, 1.27007479023e-05, 1.08235553853e-05, 7.59959812058e-06, 4.83497660753e-06, 3.96828090743e-06, 3.38996574101e-06, 1.50303947066e-06, 2.10612739693e-07, 2.69629452099e-09],
        "min": [7.58352025256e-24, 2.51255669301e-23, 1.29119971994e-23, 7.06969964625e-24, 8.09284261622e-23, 2.24335412257e-23, 1.29729034144e-22, 2.96481254324e-23, 8.79899934413e-23, 7.59182948225e-23, 1.46687965885e-22, 8.39336391123e-23, 1.57582425287e-22, 6.77975839593e-23, 1.69958605282e-22, 1.16750795506e-22, 1.10925455307e-22, 1.48855629435e-22, 3.41918014256e-22, 1.68168471629e-22, 5.26847659662e-22, 6.48185977944e-22, 5.47776530753e-22, 5.700246802e-22, 1.54823068095e-21, 1.56557481663e-21, 2.24533653634e-21],
        "var": [1.84920079249e-08, 1.91888721019e-05, 1.31731894726e-05, 1.069220707e-05, 0.000123815625557, 9.37382901611e-06, 3.11077237711e-05, 6.8857025326e-07, 2.98664799629e-05, 2.12309714698e-06, 1.24707605664e-06, 2.2635924779e-07, 4.70881246883e-07, 2.03654224151e-07, 2.57915271362e-08, 1.1238596187e-07, 5.32824628863e-08, 2.11743955703e-08, 3.75452335888e-09, 2.61832355797e-09, 5.31691357608e-09, 2.29420593634e-09, 1.57651747212e-09, 3.23677307179e-09, 5.48336576145e-09, 3.7515565654e-10, 4.36531158443e-11]
    },
    "erbbands": {
        "dmean": [0.0284640621394, 0.333437889814, 1.24720001221, 2.55631232262, 11.4440603256, 9.24216270447, 8.40311336517, 9.9165019989, 34.8505973816, 32.249382019, 7.41969585419, 29.3809871674, 12.6235742569, 17.990146637, 13.2107133865, 5.76792287827, 8.01913738251, 8.80434799194, 3.79170846939, 3.71335697174, 4.83143568039, 2.77353858948, 2.09361958504, 1.28466260433, 1.04294991493, 0.833561599255, 1.22049832344, 0.707846343517, 0.591061234474, 0.554983913898, 0.381471008062, 0.31395637989, 0.348099172115, 0.367770403624, 0.0726848170161, 0.0175270140171, 0.00662080291659, 0.00810368079692, 0.000172139669303, 1.05436047306e-05],
        "dmean2": [0.0468726158142, 0.535825073719, 2.06689286232, 4.49458169937, 20.0963783264, 15.7982406616, 14.5232019424, 16.9877281189, 58.8715820312, 55.0899734497, 12.470656395, 47.8268165588, 20.2632141113, 29.2279243469, 19.2775096893, 8.70592689514, 12.2924013138, 14.6671161652, 6.59111595154, 6.01576328278, 7.668217659, 4.5910525322, 3.28994107246, 1.98782336712, 1.61123359203, 1.31911218166, 2.08894681931, 1.15644836426, 0.949931144714, 0.914448857307, 0.621573746204, 0.521445631981, 0.556329905987, 0.590774655342, 0.119463793933, 0.0296541713178, 0.0106767248362, 0.0128696523607, 0.000273560639471, 1.66205281857e-05],
        "dvar": [0.00366395828314, 0.655729591846, 6.00816249847, 55.5887756348, 2021.43713379, 833.456481934, 327.207702637, 397.501251221, 2380.95507812, 3541.30541992, 155.192947388, 7479.96923828, 676.28112793, 972.879455566, 365.508605957, 87.0291137695, 309.298583984, 286.892303467, 42.1554145813, 44.2354316711, 90.4434509277, 35.9860649109, 17.4582500458, 6.50206232071, 3.68467617035, 3.16334033012, 12.5590381622, 2.95460653305, 1.98131299019, 1.84674453735, 0.906855404377, 0.656152427197, 1.64120316505, 2.32873010635, 0.0755562186241, 0.00247488520108, 0.000397344323574, 0.0010744513711, 4.59614881265e-07, 6.62332133583e-10],
        "dvar2": [0.0106496177614, 1.78588891029, 16.6106681824, 158.072296143, 5605.96289062, 2297.79516602, 859.345458984, 1088.43786621, 6661.41015625, 9637.61914062, 413.305450439, 18166.2304688, 1630.83349609, 2350.20068359, 851.882507324, 190.536453247, 695.612609863, 820.595153809, 128.948043823, 118.891716003, 234.779724121, 99.2037277222, 40.6996231079, 14.0491333008, 8.9515619278, 8.20951271057, 34.4724617004, 7.52015066147, 5.03085279465, 4.93603992462, 2.39702296257, 1.71229958534, 3.87593054771, 5.73018884659, 0.204532966018, 0.00668331654742, 0.000985163496807, 0.00283226277679, 1.20791946756e-06, 1.61131685772e-09],
        "max": [0.896222412586, 13.9781970978, 34.2896461487, 85.3372497559, 801.074707031, 530.918518066, 318.131530762, 287.981262207, 477.214263916, 892.146362305, 159.220748901, 2384.81298828, 607.446289062, 328.711395264, 287.054626465, 174.620315552, 467.687103271, 199.234954834, 78.6520233154, 102.412849426, 137.185012817, 102.169403076, 70.6864700317, 39.8441734314, 28.4017219543, 31.9774131775, 45.4028282166, 19.984369278, 20.0138339996, 17.7343788147, 9.45676612854, 8.34391784668, 23.0629901886, 28.0544605255, 6.0884513855, 0.897916078568, 0.282501906157, 0.601268708706, 0.0118919527158, 0.000394462549593],
        "mean": [0.0756021738052, 0.663905382156, 2.48461222649, 3.23017311096, 11.2336206436, 10.4856128693, 11.8843479156, 15.5674533844, 56.478061676, 47.2576560974, 13.8995828629, 56.2448501587, 30.1530857086, 37.5926322937, 37.4765014648, 14.6760063171, 18.6774311066, 19.1944217682, 8.48491477966, 7.92774248123, 12.1209774017, 6.91893386841, 5.28231811523, 2.9365067482, 2.28898882866, 1.54041934013, 1.66938114166, 1.11486053467, 0.886010766029, 0.810097396374, 0.540724694729, 0.420612335205, 0.482602238655, 0.441892147064, 0.0897003039718, 0.0188083425164, 0.00772997457534, 0.0082084024325, 0.000185828263056, 3.0158633308e-05],
        "median": [0.0177078228444, 0.201818481088, 0.822037577629, 1.09453642368, 1.90888261795, 2.90769267082, 5.5503783226, 9.65205001831, 26.6162242889, 26.2467765808, 7.29691171646, 9.0126657486, 11.4846115112, 11.0330476761, 24.5803966522, 8.96842765808, 9.31640911102, 9.80241775513, 3.49520134926, 2.21602320671, 2.33398246765, 1.01184141636, 0.62902700901, 0.786777317524, 0.769567072392, 0.513417780399, 0.426091194153, 0.250375777483, 0.165858358145, 0.162329941988, 0.102159380913, 0.0588075369596, 0.0513591170311, 0.0265532322228, 0.00685865897685, 0.00113966257777, 0.000214122817852, 4.07463412557e-05, 1.71939864231e-05, 2.69649226539e-05],
        "min": [6.05857897958e-22, 6.17617716316e-21, 1.43799581846e-20, 1.76962318891e-20, 5.74396608426e-20, 3.72418451112e-19, 2.61245506032e-19, 3.06507691777e-19, 1.74995621375e-18, 1.20643568558e-18, 9.48698097428e-19, 1.76203201672e-18, 2.04294462069e-18, 4.23189282336e-18, 5.31609085994e-18, 3.43027932956e-18, 6.63784193356e-18, 4.56964431594e-18, 6.24426484861e-18, 7.08067017936e-18, 7.35105070618e-18, 6.98988297123e-18, 7.79740563652e-18, 8.24590379183e-18, 1.986307316e-17, 9.17295405564e-18, 1.70891659892e-17, 2.09448897436e-17, 2.42532581605e-17, 1.73336954675e-17, 1.73043024316e-17, 1.12163151618e-17, 1.08716811129e-17, 1.38065055185e-17, 1.32173692883e-17, 6.91597438349e-18, 2.52026505726e-18, 1.42858734339e-18, 3.10167810891e-19, 2.86543248254e-20],
        "var": [0.0149680124596, 1.14513611794, 13.9712743759, 46.5634498596, 1535.60705566, 719.997741699, 414.096038818, 499.074645996, 4993.79052734, 4746.27880859, 343.161804199, 21867.171875, 2349.73852539, 2622.58862305, 1729.98571777, 347.572814941, 993.112792969, 696.878601074, 119.367980957, 125.017044067, 307.880950928, 109.135894775, 62.5571708679, 18.6173706055, 10.6901817322, 6.31691169739, 12.119310379, 4.25357723236, 2.79979491234, 2.32931160927, 1.08751285076, 0.737135708332, 1.90482330322, 2.36661505699, 0.0647969022393, 0.00237169070169, 0.000438301009126, 0.000857423350681, 3.74352254084e-07, 1.37935918243e-09]
    },
    "gfcc": {
        "mean": [-133.857971191, 141.111740112, -136.437774658, -11.4482078552, -70.2922363281, -3.93894553185, -36.7734222412, -7.02560949326, -21.1988525391, -0.801916658878, 3.5926220417, -1.45936489105, -3.66274785995],
        "cov": [[39583.21875, -2225.29296875, 4443.81787109, 4705.30029297, 1958.62255859, 3864.82763672, 244.962997437, 2971.64013672, 672.171142578, -184.051376343, -2611.85742188, -241.270278931, -691.569396973], [-2225.29296875, 847.087585449, -498.697387695, -299.001556396, -211.875366211, -320.894561768, 51.7097930908, -325.74319458, 5.49300289154, -80.3485107422, 349.790405273, -131.879119873, 124.804573059], [4443.81787109, -498.697387695, 1009.71948242, 605.107421875, 358.719573975, 635.755126953, 60.7829284668, 448.309417725, 77.5640869141, 76.7383956909, -438.026306152, 48.6046447754, -142.74961853], [4705.30029297, -299.001556396, 605.107421875, 710.052307129, 290.336669922, 529.645324707, 51.1438140869, 377.433410645, 89.1901473999, -24.8709335327, -327.567108154, -11.8301534653, -81.410118103], [1958.62255859, -211.875366211, 358.719573975, 290.336669922, 291.405334473, 250.730041504, 35.8093414307, 233.003417969, 33.4349899292, 5.06707620621, -191.5599823, 41.8615455627, -65.1630783081], [3864.82763672, -320.894561768, 635.755126953, 529.645324707, 250.730041504, 549.728515625, 56.2796859741, 352.856414795, 83.7942733765, 23.9261302948, -314.156738281, 10.1514692307, -87.7834091187], [244.962997437, 51.7097930908, 60.7829284668, 51.1438140869, 35.8093414307, 56.2796859741, 69.0519332886, 41.1775817871, 28.6151866913, 5.00582170486, -8.81083869934, -11.7804384232, -9.86099529266], [2971.64013672, -325.74319458, 448.309417725, 377.433410645, 233.003417969, 352.856414795, 41.1775817871, 343.961975098, 76.8069915771, 24.2647838593, -265.105407715, 25.836561203, -81.2364425659], [672.171142578, 5.49300289154, 77.5640869141, 89.1901473999, 33.4349899292, 83.7942733765, 28.6151866913, 76.8069915771, 75.4802856445, 14.0119056702, -30.2689170837, -13.965678215, -10.4539337158], [-184.051376343, -80.3485107422, 76.7383956909, -24.8709335327, 5.06707620621, 23.9261302948, 5.00582170486, 24.2647838593, 14.0119056702, 75.0714645386, -6.01205873489, 29.3472652435, -21.5537891388], [-2611.85742188, 349.790405273, -438.026306152, -327.567108154, -191.5599823, -314.156738281, -8.81083869934, -265.105407715, -30.2689170837, -6.01205873489, 298.786590576, -21.3069820404, 78.5552139282], [-241.270278931, -131.879119873, 48.6046447754, -11.8301534653, 41.8615455627, 10.1514692307, -11.7804384232, 25.836561203, -13.965678215, 29.3472652435, -21.3069820404, 77.2079162598, -8.82820129395], [-691.569396973, 124.804573059, -142.74961853, -81.410118103, -65.1630783081, -87.7834091187, -9.86099529266, -81.2364425659, -10.4539337158, -21.5537891388, 78.5552139282, -8.82820129395, 70.2794189453]],
        "icov": [[0.000224695075303, -0.000276618055068, 1.39619248785e-06, -0.000805307237897, 0.000297215650789, -0.000311845273245, 0.000839209649712, -0.00110124214552, 0.000209451987757, 0.00023573882936, 0.000290381693048, 0.000550382828806, 0.000351172988303], [-0.000276618055068, 0.00560472207144, -0.000777095963713, 0.00144958298188, -0.00206569163129, 0.000256927043665, -0.00455151498318, 0.00432393746451, -0.00290528847836, 0.00279348180629, -0.00489832088351, 0.00505154719576, -0.00327501120046], [1.39619248785e-06, -0.000777095963713, 0.00610270537436, -0.000474062748253, -0.00160015176516, -0.00419576792046, -0.00052524136845, 0.0012129037641, 0.00165425450541, -0.00558707257733, 0.00472031207755, -0.000459419097751, 0.00104282179382], [-0.000805307237897, 0.00144958298188, -0.000474062748253, 0.00985565688461, -0.00263371295296, -0.00374171324074, -0.00193586316891, 0.00217840494588, -0.00199646013789, 0.00378332100809, -0.00202626502141, 0.000102538921055, -0.00177312816959], [0.000297215650789, -0.00206569163129, -0.00160015176516, -0.00263371295296, 0.0110630020499, 0.00137020926923, -0.000328225869453, -0.00730875786394, 0.00244162138551, 0.00347497523762, 0.000767918478232, -0.00603662896901, 0.00357906613499], [-0.000311845273245, 0.000256927043665, -0.00419576792046, -0.00374171324074, 0.00137020926923, 0.0137896407396, -0.00336149684153, -0.00107388396282, -0.00179062539246, -0.00102133501787, 0.00120900548063, -0.000968136417214, -0.0016524993116], [0.000839209649712, -0.00455151498318, -0.00052524136845, -0.00193586316891, -0.000328225869453, -0.00336149684153, 0.026100717485, -0.00828722398728, -0.00153666746337, -0.000265982758719, -0.00175778428093, 0.0021138668526, 0.00453155301511], [-0.00110124214552, 0.00432393746451, 0.0012129037641, 0.00217840494588, -0.00730875786394, -0.00107388396282, -0.00828722398728, 0.0276364330202, -0.0122299296781, -0.00284238322638, 0.0068835252896, -0.00230203499086, -0.00153795338701], [0.000209451987757, -0.00290528847836, 0.00165425450541, -0.00199646013789, 0.00244162138551, -0.00179062539246, -0.00153666746337, -0.0122299296781, 0.0271943043917, -0.00764568755403, -0.00260757259093, 0.00411416171119, -0.000925501284655], [0.00023573882936, 0.00279348180629, -0.00558707257733, 0.00378332100809, 0.00347497523762, -0.00102133501787, -0.000265982758719, -0.00284238322638, -0.00764568755403, 0.0295258071274, -0.00880343280733, -0.00557495141402, 0.00607430515811], [0.000290381693048, -0.00489832088351, 0.00472031207755, -0.00202626502141, 0.000767918478232, 0.00120900548063, -0.00175778428093, 0.0068835252896, -0.00260757259093, -0.00880343280733, 0.0237602312118, -0.00462813768536, -0.00149842677638], [0.000550382828806, 0.00505154719576, -0.000459419097751, 0.000102538921055, -0.00603662896901, -0.000968136417214, 0.0021138668526, -0.00230203499086, 0.00411416171119, -0.00557495141402, -0.00462813768536, 0.0290192794055, -0.00581931695342], [0.000351172988303, -0.00327501120046, 0.00104282179382, -0.00177312816959, 0.00357906613499, -0.0016524993116, 0.00453155301511, -0.00153795338701, -0.000925501284655, 0.00607430515811, -0.00149842677638, -0.00581931695342, 0.0263462867588]]
    },
    "melbands": {
        "dmean": [0.000310617440846, 0.000546947238036, 0.000636954093352, 0.000883030530531, 0.000270602293313, 0.000227992801229, 0.000561862834729, 0.000288350158371, 6.16602483205e-05, 0.000196402907022, 6.34601528873e-05, 7.98391265562e-05, 5.10023601237e-05, 1.14196755021e-05, 2.56992880168e-05, 1.61329444381e-05, 1.77443853318e-05, 6.606127954e-06, 3.47755053554e-06, 7.69066173234e-06, 5.44213253306e-06, 3.44400859831e-06, 2.88020623884e-06, 1.78735160716e-06, 1.05768617686e-06, 8.28305985578e-07, 7.64262324537e-07, 5.33146192083e-07, 7.15482997293e-07, 7.27713938886e-07, 3.59439809472e-07, 3.51359233264e-07, 3.35834499765e-07, 3.09694172529e-07, 2.29405216601e-07, 2.26010470783e-07, 1.84550074778e-07, 2.26940869652e-07, 2.40209374169e-07, 3.34346822228e-07],
        "dmean2": [0.000505960080773, 0.000903955078684, 0.00112223171163, 0.00153152586427, 0.000464701268356, 0.00039011053741, 0.000956247095019, 0.000493348983582, 0.000103517319076, 0.000317452067975, 0.000102142163087, 0.000130342785269, 7.19772724551e-05, 1.88635185623e-05, 3.72913709725e-05, 2.52552399616e-05, 2.98376999126e-05, 1.15053371701e-05, 5.7939346334e-06, 1.22017854665e-05, 8.76209105627e-06, 5.75677995585e-06, 4.72796227768e-06, 2.85324767901e-06, 1.67232951753e-06, 1.30422017719e-06, 1.20403171877e-06, 8.60064858443e-07, 1.23133168017e-06, 1.21358823435e-06, 5.80404275752e-07, 5.65412619835e-07, 5.6695563444e-07, 5.17560067692e-07, 3.80725822424e-07, 3.71556012624e-07, 3.10820439609e-07, 3.67563814052e-07, 3.76808856117e-07, 5.45761849935e-07],
        "dvar": [5.15800422818e-07, 1.26978693515e-06, 4.93608786201e-06, 1.0122626918e-05, 3.44358795701e-07, 2.13355434653e-07, 5.92865262661e-07, 2.9000551649e-07, 1.06013633427e-08, 3.52944908855e-07, 1.60832609453e-08, 1.94106135609e-08, 5.68128033507e-09, 4.00169730685e-10, 1.69039260367e-09, 2.34040609115e-09, 1.29885990852e-09, 1.24912122312e-10, 3.77438809374e-11, 2.24671392601e-10, 1.17360482443e-10, 5.8913901535e-11, 3.99240501769e-11, 1.48116675175e-11, 4.58549300961e-12, 2.13600795038e-12, 2.60005341909e-12, 1.26387377127e-12, 4.60120309909e-12, 3.63382436121e-12, 7.34583509472e-13, 7.11159809427e-13, 6.58063718535e-13, 6.1253226883e-13, 3.38109314851e-13, 4.00657805544e-13, 2.06419205188e-13, 6.07515773798e-13, 8.17697472233e-13, 2.05503843109e-12],
        "dvar2": [1.43721968016e-06, 3.46793694916e-06, 1.4049355741e-05, 2.75825459539e-05, 9.25577410271e-07, 5.79490176733e-07, 1.69067971001e-06, 7.91698937519e-07, 2.93135542506e-08, 8.41673340801e-07, 3.9267149532e-08, 4.66202116911e-08, 1.24609407237e-08, 1.08127207188e-09, 3.48021100827e-09, 4.93899587894e-09, 3.81378972847e-09, 3.83001935722e-10, 1.06237213471e-10, 5.83166570589e-10, 3.06314584808e-10, 1.65650812511e-10, 1.02196917595e-10, 3.14604141349e-11, 1.04162928283e-11, 5.29979272273e-12, 6.6056665346e-12, 3.30764083657e-12, 1.27735304972e-11, 9.72913329761e-12, 1.85672766224e-12, 1.72700460703e-12, 1.8130182685e-12, 1.63630578271e-12, 9.1909997408e-13, 1.06090743829e-12, 5.40641966959e-13, 1.46256856452e-12, 1.82662478893e-12, 5.18666099653e-12],
        "max": [0.0120370592922, 0.0175992976874, 0.0324638783932, 0.0606954321265, 0.0099820792675, 0.00694813625887, 0.00753907859325, 0.00799310114235, 0.00115275650751, 0.0165070220828, 0.00254221190698, 0.00140090845525, 0.00105196423829, 0.000282408786006, 0.000772755418438, 0.00155531126074, 0.000436845381046, 0.000120752374642, 7.58629466873e-05, 0.000230671721511, 0.000166153855389, 0.0001333594264, 9.07634093892e-05, 7.05907150405e-05, 3.27505767928e-05, 1.64444190887e-05, 3.03686192638e-05, 1.68841834238e-05, 3.62319369742e-05, 2.30393088714e-05, 9.74912381935e-06, 1.14028671305e-05, 1.00447141449e-05, 9.77703439276e-06, 6.73966951581e-06, 8.51151708048e-06, 4.01164379582e-06, 1.36166390803e-05, 1.4267716324e-05, 2.75629081443e-05],
        "mean": [0.000729042803869, 0.00115559075493, 0.000766965327784, 0.000921323779039, 0.0003888811043, 0.000349819019902, 0.000910069211386, 0.000415592745412, 9.94828224066e-05, 0.000378827448003, 0.000146561636939, 0.000153544344357, 0.000146614853293, 2.64289265033e-05, 5.57918720006e-05, 3.5889683204e-05, 3.50472255377e-05, 1.36884682433e-05, 7.14711086403e-06, 1.54972040036e-05, 1.36949147418e-05, 7.62161289458e-06, 5.84668350712e-06, 3.96904670197e-06, 2.16278158405e-06, 1.69263626049e-06, 1.44663158608e-06, 8.84475696239e-07, 9.45501085425e-07, 9.94055199044e-07, 5.43298824596e-07, 5.08847676883e-07, 4.81835797927e-07, 4.27717935736e-07, 3.09896506678e-07, 2.96831956348e-07, 2.32404786971e-07, 3.12004686975e-07, 3.227613945e-07, 3.86195836199e-07],
        "median": [0.000175324530574, 0.000499184126966, 0.000256142549915, 0.000190784761799, 0.000195329223061, 0.000207795630558, 0.000469650985906, 0.000212356477277, 4.56497291452e-05, 5.86082896916e-05, 4.97817090945e-05, 3.1819621654e-05, 8.78984792507e-05, 1.81111408892e-05, 2.88374831143e-05, 1.38078466989e-05, 1.60713079822e-05, 4.75018805446e-06, 2.25921212405e-06, 2.7628659609e-06, 2.0697675609e-06, 7.93475692262e-07, 5.30609213456e-07, 6.28772966138e-07, 5.78764002057e-07, 5.17002661127e-07, 4.6373548912e-07, 2.5418654559e-07, 2.13244902625e-07, 1.72559850853e-07, 1.06759152629e-07, 7.16443082638e-08, 9.12183395485e-08, 7.71866908167e-08, 5.68638789389e-08, 4.42350902574e-08, 2.20452118782e-08, 3.49021327395e-08, 2.24157687967e-08, 1.89134574669e-08],
        "min": [6.98296438972e-24, 8.10628575267e-24, 3.64266699291e-24, 1.48908145483e-23, 1.23353312002e-23, 6.66221906768e-24, 2.73267539129e-23, 1.19382075765e-23, 1.01079185366e-23, 1.10215117616e-23, 1.00254533842e-23, 1.56093863691e-23, 1.94076806303e-23, 1.07396154726e-23, 9.32717501011e-24, 1.57976590682e-23, 7.4278125205e-24, 8.36184592039e-24, 1.46897228595e-23, 6.78809365802e-24, 8.19385010202e-24, 5.82279967262e-24, 1.06061133861e-23, 4.62389636304e-24, 6.63212402415e-24, 1.0987390372e-23, 1.26518150957e-23, 4.70606056505e-24, 1.03638707682e-23, 1.05453332311e-23, 1.33465372848e-23, 1.29399970284e-23, 1.38164459488e-23, 7.65380065947e-24, 1.04857994763e-23, 9.16513588043e-24, 5.57719256294e-24, 7.68301454537e-24, 7.41461724414e-24, 1.33817378361e-23],
        "var": [1.28772705921e-06, 2.76730202131e-06, 3.76762636733e-06, 8.27764506539e-06, 4.18891403342e-07, 2.69657220997e-07, 1.19748006e-06, 3.83522774428e-07, 1.99979197646e-08, 1.03284128272e-06, 5.35814876912e-08, 4.85872178047e-08, 2.93934423468e-08, 9.22208198695e-10, 6.24505025471e-09, 7.44161887667e-09, 2.74228773023e-09, 3.28625598955e-10, 9.46751912978e-11, 5.765866673e-10, 4.12699457941e-10, 1.53949922255e-10, 9.40222344425e-11, 4.2690420643e-11, 1.08662228521e-11, 5.83803188084e-12, 5.73665854403e-12, 2.23611515589e-12, 4.18435208357e-12, 4.09208040716e-12, 1.04808425393e-12, 9.98669571518e-13, 8.33340774858e-13, 7.02013317269e-13, 3.75601188606e-13, 4.0693885978e-13, 2.31408967509e-13, 7.01784875871e-13, 1.00426958416e-12, 1.96143015024e-12]
    },
    "mfcc": {
        "mean": [-756.307006836, 158.660980225, -3.48277068138, -11.0765352249, -13.3895874023, -9.4021282196, -4.95966768265, -10.3480138779, -14.6153917313, -7.93463516235, -2.54562830925, -0.401252299547, 5.68226099014],
        "cov": [[26702.3730469, 1921.31872559, 578.782043457, 2713.81079102, 2473.92016602, 1455.64855957, 758.026611328, 2101.25341797, 2692.93188477, 1054.76293945, 432.126678467, 122.746559143, -543.677368164], [1921.31872559, 1479.57348633, -345.417510986, 111.028205872, -35.9685592651, 2.38480591774, 110.927398682, 7.95831918716, -76.1578216553, 125.411880493, 35.1967544556, -70.9004135132, 2.92594814301], [578.782043457, -345.417510986, 441.108856201, 57.4234008789, 122.480567932, 182.632781982, 22.7298049927, 87.5881118774, 175.35647583, 32.9148635864, 57.4445610046, 46.9427070618, -57.5448799133], [2713.81079102, 111.028205872, 57.4234008789, 424.224182129, 303.609161377, 173.179046631, 94.5854263306, 264.910705566, 301.660461426, 119.256134033, 34.42710495, 29.0749816895, -42.7582015991], [2473.92016602, -35.9685592651, 122.480567932, 303.609161377, 375.173461914, 174.575057983, 87.2851257324, 251.447952271, 329.709411621, 88.6126022339, 46.2899017334, 20.7889633179, -56.8617515564], [1455.64855957, 2.38480591774, 182.632781982, 173.179046631, 174.575057983, 199.177139282, 62.9006576538, 152.73576355, 191.139205933, 72.7752685547, 41.7308692932, 29.7724704742, -51.7022895813], [758.026611328, 110.927398682, 22.7298049927, 94.5854263306, 87.2851257324, 62.9006576538, 79.709777832, 73.7993850708, 80.3067245483, 31.6859016418, 21.2760753632, 1.45628082752, -12.7878904343], [2101.25341797, 7.95831918716, 87.5881118774, 264.910705566, 251.447952271, 152.73576355, 73.7993850708, 257.611999512, 278.656005859, 94.3843460083, 33.9039802551, 32.4134178162, -46.0375862122], [2692.93188477, -76.1578216553, 175.35647583, 301.660461426, 329.709411621, 191.139205933, 80.3067245483, 278.656005859, 410.29397583, 121.656188965, 61.365650177, 31.2514915466, -64.9893569946], [1054.76293945, 125.411880493, 32.9148635864, 119.256134033, 88.6126022339, 72.7752685547, 31.6859016418, 94.3843460083, 121.656188965, 101.239723206, 35.1100578308, 14.8616552353, -18.7233181], [432.126678467, 35.1967544556, 57.4445610046, 34.42710495, 46.2899017334, 41.7308692932, 21.2760753632, 33.9039802551, 61.365650177, 35.1100578308, 64.8186416626, 24.7664051056, -4.11416006088], [122.746559143, -70.9004135132, 46.9427070618, 29.0749816895, 20.7889633179, 29.7724704742, 1.45628082752, 32.4134178162, 31.2514915466, 14.8616552353, 24.7664051056, 60.2034950256, 11.8347606659], [-543.677368164, 2.92594814301, -57.5448799133, -42.7582015991, -56.8617515564, -51.7022895813, -12.7878904343, -46.0375862122, -64.9893569946, -18.7233181, -4.11416006088, 11.8347606659, 57.3669281006]],
