{
"lowlevel": {
    "average_loudness": 0.255725264549,
    "barkbands_crest": {
        "dmean": 2.11190438271,
        "dmean2": 3.53424215317,
        "dvar": 3.88316869736,
        "dvar2": 10.6907901764,
        "max": 23.7386226654,
        "mean": 12.8132553101,
        "median": 12.3315038681,
        "min": 4.78827476501,
        "var": 15.0080480576
    },
    "barkbands_flatness_db": {
        "dmean": 0.0206217803061,
        "dmean2": 0.0335204005241,
        "dvar": 0.000463088799734,
        "dvar2": 0.00111269054469,
        "max": 0.537352383137,
        "mean": 0.290536612272,
        "median": 0.285366237164,
        "min": 0.0529468096793,
        "var": 0.00354892574251
    },
    "barkbands_kurtosis": {
        "dmean": 6.97819423676,
        "dmean2": 11.1869258881,
        "dvar": 64.4064865112,
        "dvar2": 162.622497559,
        "max": 126.28678894,
        "mean": 17.7165641785,
        "median": 14.139251709,
        "min": -1.50948786736,
        "var": 199.509506226
    },
    "barkbands_skewness": {
        "dmean": 0.65650254488,
        "dmean2": 1.01566851139,
        "dvar": 0.365157157183,
        "dvar2": 0.875182569027,
        "max": 7.43515777588,
        "mean": 2.76034092903,
        "median": 2.73648667336,
        "min": -1.83912885189,
        "var": 1.46330308914
    },
    "barkbands_spread": {
        "dmean": 1.35162103176,
        "dmean2": 2.11427474022,
        "dvar": 3.76712441444,
        "dvar2": 8.46304225922,
        "max": 32.3999176025,
        "mean": 4.94919729233,
        "median": 3.89707708359,
        "min": 0.363788157701,
        "var": 14.9989109039
    },
    "dissonance": {
        "dmean": 0.0252782180905,
        "dmean2": 0.0416971333325,
        "dvar": 0.00056170404423,
        "dvar2": 0.00138973561116,
        "max": 0.497638732195,
        "mean": 0.422946065664,
        "median": 0.428559541702,
        "min": 0.126461967826,
        "var": 0.00145171012264
    },
    "dynamic_complexity": 5.80354547501,
    "erbbands_crest": {
        "dmean": 2.66494274139,
        "dmean2": 4.10005903244,
        "dvar": 7.28185606003,
        "dvar2": 15.9625644684,
        "max": 32.117023468,
        "mean": 13.9656391144,
        "median": 12.8313112259,
        "min": 3.2801015377,
        "var": 32.989944458
    },
    "erbbands_flatness_db": {
        "dmean": 0.0171896032989,
        "dmean2": 0.0250135045499,
        "dvar": 0.000284524983726,
        "dvar2": 0.000603850523476,
        "max": 0.384257942438,
        "mean": 0.225846901536,
        "median": 0.221872806549,
        "min": 0.0737267434597,
        "var": 0.00170710822567
    },
    "erbbands_kurtosis": {
        "dmean": 1.83263230324,
        "dmean2": 2.82973051071,
        "dvar": 7.26987409592,
        "dvar2": 17.7584686279,
        "max": 54.1881141663,
        "mean": 3.57484126091,
        "median": 2.10156345367,
        "min": -1.80089712143,
        "var": 30.4503364563
    },
    "erbbands_skewness": {
        "dmean": 0.389052122831,
        "dmean2": 0.599227130413,
        "dvar": 0.165246903896,
        "dvar2": 0.39024078846,
        "max": 6.36785793304,
        "mean": 1.39680421352,
        "median": 1.29951739311,
        "min": -2.89593863487,
        "var": 1.06005620956
    },
    "erbbands_spread": {
        "dmean": 5.58351230621,
        "dmean2": 8.22583389282,
        "dvar": 32.2723655701,
        "dvar2": 70.0668182373,
        "max": 75.2040557861,
        "mean": 25.9878501892,
        "median": 24.4548835754,
        "min": 2.78091454506,
        "var": 167.03175354
    },
    "hfc": {
        "dmean": 1.22910559177,
        "dmean2": 1.9574252367,
        "dvar": 6.81243658066,
        "dvar2": 17.7265834808,
        "max": 64.0401916504,
        "mean": 4.72229194641,
        "median": 1.66759026051,
        "min": 1.17488618156e-16,
        "var": 46.8300552368
    },
    "melbands_crest": {
        "dmean": 2.64166474342,
        "dmean2": 4.42209005356,
        "dvar": 6.07007360458,
        "dvar2": 16.6239700317,
        "max": 30.6207847595,
        "mean": 18.1074752808,
        "median": 17.7613449097,
        "min": 1.92776823044,
        "var": 21.7696456909
    },
    "melbands_flatness_db": {
        "dmean": 0.0224186256528,
        "dmean2": 0.0355462990701,
        "dvar": 0.00057843333343,
        "dvar2": 0.00124560389668,
        "max": 0.669488012791,
        "mean": 0.394264817238,
        "median": 0.388476908207,
        "min": 0.00594314001501,
        "var": 0.00515939574689
    },
    "melbands_kurtosis": {
        "dmean": 11.7231235504,
        "dmean2": 18.65675354,
        "dvar": 201.868545532,
        "dvar2": 491.203155518,
        "max": 170.321090698,
        "mean": 30.0580787659,
        "median": 24.1670742035,
        "min": -1.56076073647,
        "var": 522.837463379
    },
    "melbands_skewness": {
        "dmean": 0.770883440971,
        "dmean2": 1.16850054264,
        "dvar": 0.525616645813,
        "dvar2": 1.21104216576,
        "max": 9.46644878387,
        "mean": 3.56036829948,
        "median": 3.46882200241,
        "min": -1.09075403214,
        "var": 2.22623109818
    },
    "melbands_spread": {
        "dmean": 1.44967472553,
        "dmean2": 2.17404651642,
        "dvar": 10.7225866318,
        "dvar2": 13.0869569778,
        "max": 130.894943237,
        "mean": 4.87647819519,
        "median": 3.46162486076,
        "min": 0.312185019255,
        "var": 28.2420558929
    },
    "pitch_salience": {
        "dmean": 0.0650423839688,
        "dmean2": 0.109004557133,
        "dvar": 0.00362861272879,
        "dvar2": 0.00994108151644,
        "max": 0.843754887581,
        "mean": 0.485799670219,
        "median": 0.486371517181,
        "min": 0.125069826841,
        "var": 0.0144556406885
    },
    "silence_rate_20dB": {
        "dmean": 0.00206185574643,
        "dmean2": 0.00412583816797,
        "dvar": 0.00205762987025,
        "dvar2": 0.00617182441056,
        "max": 1,
        "mean": 0.998454391956,
        "median": 1,
        "min": 0,
        "var": 0.00154320325237
    },
    "silence_rate_30dB": {
        "dmean": 0.0237113405019,
        "dmean2": 0.0474471375346,
        "dvar": 0.0231483094394,
        "dvar2": 0.0575729459524,
        "max": 1,
        "mean": 0.950025737286,
        "median": 1,
        "min": 0,
        "var": 0.0474754236639
    },
    "silence_rate_60dB": {
        "dmean": 0.0407216511667,
        "dmean2": 0.0814853012562,
        "dvar": 0.039063282311,
        "dvar2": 0.0820650979877,
        "max": 1,
        "mean": 0.200927361846,
        "median": 0,
        "min": 0,
        "var": 0.160556405783
    },
    "spectral_centroid": {
        "dmean": 75.0524749756,
        "dmean2": 111.214447021,
        "dvar": 59037.9882812,
        "dvar2": 62501.0664062,
        "max": 10834.9013672,
        "mean": 408.830413818,
        "median": 342.703308105,
        "min": 116.7940979,
        "var": 98469.6796875
    },
    "spectral_complexity": {
        "dmean": 0.980412364006,
        "dmean2": 1.67612171173,
        "dvar": 1.09341669083,
        "dvar2": 2.36853075027,
        "max": 19,
        "mean": 6.07264280319,
        "median": 5,
        "min": 0,
        "var": 9.79735279083
    },
    "spectral_decrease": {
        "dmean": 2.1568649089e-09,
        "dmean2": 3.48886231016e-09,
        "dvar": 2.5047459082e-17,
        "dvar2": 6.94784333639e-17,
        "max": -3.31827076618e-29,
        "mean": -6.70236355305e-09,
        "median": -2.20550844254e-09,
        "min": -1.1298601521e-07,
        "var": 1.15344764532e-16
    },
    "spectral_energy": {
        "dmean": 0.00824497547001,
        "dmean2": 0.0133354058489,
        "dvar": 0.00036495475797,
        "dvar2": 0.00101161841303,
        "max": 0.432029187679,
        "mean": 0.0257245246321,
        "median": 0.00845697335899,
        "min": 1.07818121851e-20,
        "var": 0.00169091357384
    },
    "spectral_energyband_high": {
        "dmean": 3.01354521071e-06,
        "dmean2": 4.16677903559e-06,
        "dvar": 3.21552992566e-11,
        "dvar2": 6.04341299226e-11,
        "max": 8.49997959449e-05,
        "mean": 7.75422904553e-06,
        "median": 4.31229636888e-06,
        "min": 7.7561729125e-21,
        "var": 1.01451042012e-10
    },
    "spectral_energyband_low": {
        "dmean": 0.00628645531833,
        "dmean2": 0.0103470543399,
        "dvar": 0.000305369438138,
        "dvar2": 0.000911208800972,
        "max": 0.327720284462,
        "mean": 0.0146562615409,
        "median": 0.00453317537904,
        "min": 5.12375413133e-23,
        "var": 0.000850946933497
    },
    "spectral_energyband_middle_high": {
        "dmean": 9.63568672887e-05,
        "dmean2": 0.000132581524667,
        "dvar": 4.10543599116e-08,
        "dvar2": 7.66287442389e-08,
        "max": 0.0049736131914,
        "mean": 0.000311284355121,
        "median": 0.000132893226692,
        "min": 1.52082446666e-21,
        "var": 2.32716729442e-07
    },
    "spectral_energyband_middle_low": {
        "dmean": 0.00370166497305,
        "dmean2": 0.00602950900793,
        "dvar": 7.20986427041e-05,
        "dvar2": 0.000196749097086,
        "max": 0.182475686073,
        "mean": 0.0123038357124,
        "median": 0.00364227080718,
        "min": 3.16462141798e-22,
        "var": 0.000441237149062
    },
    "spectral_entropy": {
        "dmean": 0.17404653132,
        "dmean2": 0.27838537097,
        "dvar": 0.0383533425629,
        "dvar2": 0.0897103622556,
        "max": 9.81087779999,
        "mean": 5.99961519241,
        "median": 6.03867578506,
        "min": 4.12719726562,
        "var": 0.22121296823
    },
    "spectral_flux": {
        "dmean": 0.0168309491128,
        "dmean2": 0.0268745888025,
        "dvar": 0.000590978888795,
        "dvar2": 0.00139679177664,
        "max": 0.377209573984,
        "mean": 0.0468036830425,
        "median": 0.0324565209448,
        "min": 1.03835502696e-10,
        "var": 0.00222191563807
    },
    "spectral_kurtosis": {
        "dmean": 6.18830633163,
        "dmean2": 10.1061353683,
        "dvar": 41.9806938171,
        "dvar2": 105.138313293,
        "max": 131.776565552,
        "mean": 18.7393436432,
        "median": 14.8978996277,
        "min": -1.21447074413,
        "var": 184.884902954
    },
    "spectral_rms": {
        "dmean": 0.000643334526103,
        "dmean2": 0.00102294492535,
        "dvar": 9.50959247348e-07,
        "dvar2": 2.40006488639e-06,
        "max": 0.0205302666873,
        "mean": 0.00400511547923,
        "median": 0.00287240417674,
        "min": 3.24327630724e-12,
        "var": 9.05620436242e-06
    },
    "spectral_rolloff": {
        "dmean": 69.9603347778,
        "dmean2": 116.616386414,
        "dvar": 183441.65625,
        "dvar2": 198250.9375,
        "max": 18712.3535156,
        "mean": 319.668945312,
        "median": 236.865234375,
        "min": 86.1328125,
        "var": 223319.921875
    },
    "spectral_skewness": {
        "dmean": 0.472299039364,
        "dmean2": 0.760716378689,
        "dvar": 0.188593775034,
        "dvar2": 0.469003140926,
        "max": 9.53513908386,
        "mean": 3.19827699661,
        "median": 2.97959375381,
        "min": 0.061265103519,
        "var": 1.08835303783
    },
    "spectral_spread": {
        "dmean": 384140.3125,
        "dmean2": 591177.75,
        "dvar": 682867752960,
        "dvar2": 952999215104,
        "max": 40938496,
        "mean": 2634303.5,
        "median": 2544318,
        "min": 748791.3125,
        "var": 1.75907917005e+12
    },
    "spectral_strongpeak": {
        "dmean": 0.175959870219,
        "dmean2": 0.294943511486,
        "dvar": 0.0770535841584,
        "dvar2": 0.197964504361,
        "max": 3.90539312363,
        "mean": 0.518415868282,
        "median": 0.306289345026,
        "min": 0,
        "var": 0.317368477583
    },
    "zerocrossingrate": {
        "dmean": 0.0031826372724,
        "dmean2": 0.00407723663375,
        "dvar": 0.00013349148503,
        "dvar2": 0.000140406249557,
        "max": 0.49462890625,
        "mean": 0.0162073653191,
        "median": 0.01416015625,
        "min": 0,
        "var": 0.000188629361219
    },
    "barkbands": {
        "dmean": [0.000571941665839, 0.00302256317809, 0.00353679037653, 0.00143588276114, 0.00229078042321, 0.000838657724671, 5.44881186215e-05, 6.37819757685e-05, 6.9929556048e-05, 3.61296042684e-05, 2.04889493034e-05, 1.55408852152e-05, 5.95565416006e-06, 9.81060748018e-06, 1.83970496437e-05, 1.64416287589e-05, 1.58149214258e-05, 1.69645372807e-05, 7.25332711227e-06, 1.72368061158e-06, 7.25947870706e-07, 4.68952890742e-07, 4.04152558531e-07, 6.99693771367e-07, 6.22426227892e-07, 3.72115891878e-07, 1.39946110256e-09],
        "dmean2": [0.00100090098567, 0.00500817783177, 0.00600653979927, 0.00248515536077, 0.00382973020896, 0.00129710906185, 8.00383713795e-05, 8.08903641882e-05, 9.286266868e-05, 4.86603021272e-05, 2.73736059171e-05, 2.31614576478e-05, 8.70685198606e-06, 1.30225671455e-05, 2.73483765341e-05, 2.42985806835e-05, 2.37024123635e-05, 2.45901264861e-05, 1.07151545308e-05, 2.68478265752e-06, 1.114085876e-06, 7.18423052604e-07, 5.76553588871e-07, 1.08925928544e-06, 9.16917201721e-07, 5.31178045549e-07, 2.27108198914e-09],
        "dvar": [6.2357103161e-06, 6.26864057267e-05, 0.000130656626425, 8.38033611217e-06, 5.19457389601e-05, 7.34186687623e-06, 1.61362319062e-08, 9.71941815919e-09, 4.50515571515e-08, 1.95001401693e-08, 7.03253766332e-09, 9.18545128847e-10, 3.71576186486e-10, 3.07157788093e-09, 4.84303352977e-09, 2.14462292369e-09, 1.98844252175e-09, 2.2458048754e-09, 4.85796736172e-10, 2.87498080898e-11, 4.3731095134e-12, 7.12403009848e-13, 7.91577415594e-13, 2.88863811343e-12, 1.93937596017e-12, 1.0775422438e-12, 5.93900592039e-17],
        "dvar2": [1.75334935193e-05, 0.000179653172381, 0.000415924587287, 2.47162570304e-05, 0.000145462458022, 1.69685845322e-05, 3.06006562312e-08, 1.63018238908e-08, 6.80536587083e-08, 4.40648157962e-08, 1.25644277205e-08, 1.99442751203e-09, 8.19293688448e-10, 5.20814902316e-09, 1.03380664029e-08, 4.79743134107e-09, 4.33335900496e-09, 4.07346956166e-09, 1.01771735483e-09, 7.31859434167e-11, 9.92500699681e-12, 1.60100318419e-12, 1.66243798241e-12, 7.16830240999e-12, 4.07530259539e-12, 2.06968556876e-12, 5.07838901311e-17],
        "max": [0.0446681082249, 0.118168585002, 0.22036460042, 0.0528687611222, 0.173864126205, 0.0595814734697, 0.00390822114423, 0.00204822188243, 0.00651131058112, 0.00319143547677, 0.00308398739435, 0.000605980225373, 0.000408152438467, 0.00165709538851, 0.00169536983594, 0.000883437111042, 0.000935234013014, 0.0010037246393, 0.000371313100914, 0.000101848352642, 4.17468691012e-05, 1.20143813547e-05, 2.397148819e-05, 2.3564993171e-05, 1.76199719135e-05, 1.84020100278e-05, 4.45725731879e-07],
        "mean": [0.000624368025456, 0.00638304231688, 0.00610112352297, 0.00272626336664, 0.00674811145291, 0.00229707360268, 0.00017279732856, 0.000158881899551, 0.000188398102182, 6.61191588733e-05, 4.66046221845e-05, 3.524938802e-05, 1.14825361379e-05, 1.78217469511e-05, 2.91310952889e-05, 2.90201733151e-05, 3.30692055286e-05, 3.26115987264e-05, 1.37273682412e-05, 3.72354907086e-06, 1.47216655932e-06, 1.00442798612e-06, 8.51631398291e-07, 1.09782047275e-06, 1.05447111309e-06, 5.2649755844e-07, 1.3867563764e-09],
        "median": [5.79484476475e-05, 0.00158544746228, 0.00119170453399, 0.00166267750319, 0.000603697204497, 0.000357726705261, 6.12850126345e-05, 8.24298404041e-05, 5.28096206835e-05, 1.51760486915e-05, 2.33611422118e-06, 1.27605180751e-05, 1.9787958081e-06, 5.27040037923e-06, 5.75903959543e-06, 6.49071216685e-06, 4.05552236771e-06, 8.47890714795e-06, 1.80983226983e-06, 1.94195467884e-06, 7.32746002541e-07, 4.60629081545e-07, 4.31501860021e-07, 3.47309025983e-07, 2.54446518966e-07, 7.73119666064e-08, 2.40728492695e-10],
        "min": [2.69277669997e-23, 2.97073373319e-23, 1.51124568525e-24, 3.93925266087e-24, 6.14544543946e-23, 1.43115666073e-23, 7.32234828614e-23, 3.45826586538e-23, 1.22479743213e-22, 5.28510206108e-23, 6.30507365244e-23, 9.81679841256e-23, 8.12698072966e-23, 1.34666053855e-22, 1.79799676629e-22, 1.46862941544e-22, 1.51168089981e-22, 2.55428213375e-22, 2.81913921656e-22, 2.11945947844e-22, 4.26431093791e-22, 6.18578021309e-22, 6.62567682174e-22, 8.90879578171e-22, 1.58153641361e-21, 1.65471231239e-21, 1.89934017431e-21],
        "var": [5.96391691943e-06, 0.000154897410539, 0.00027331354795, 1.35686077556e-05, 0.000279979343759, 2.9187729524e-05, 8.27715425089e-08, 4.17750243287e-08, 2.10767439057e-07, 3.53415146037e-08, 3.88773528925e-08, 3.69374708598e-09, 9.40407307581e-10, 4.4498027485e-09, 8.36505176238e-09, 4.83542716978e-09, 7.08852798681e-09, 5.84807002824e-09, 1.3619891881e-09, 4.65301130959e-11, 7.58573499154e-12, 1.95331077701e-12, 2.04965363258e-12, 4.24533151688e-12, 4.01103022324e-12, 1.93176160831e-12, 1.33581476531e-16]
    },
    "erbbands": {
        "dmean": [0.0507227368653, 0.836276054382, 3.84734964371, 4.18446969986, 7.39701843262, 6.88925170898, 7.04733896255, 4.4376115799, 1.25681972504, 0.532453715801, 1.80727124214, 1.96156179905, 0.789232671261, 1.2733477354, 0.778691291809, 0.65933650732, 0.328556984663, 0.46172901988, 0.691480398178, 1.17672431469, 0.753975391388, 0.732627153397, 0.76727360487, 0.548605978489, 0.21428193152, 0.0907235071063, 0.0445649623871, 0.0165970828384, 0.0175055898726, 0.0122121395543, 0.0110627254471, 0.0129720708355, 0.0142170963809, 0.00819696765393, 0.00389789044857, 0.00207652058452, 0.000684815749992, 3.93572772737e-05, 3.93670552512e-06, 8.95674929779e-06],
        "dmean2": [0.0838691070676, 1.37582397461, 6.46340990067, 7.26025676727, 12.4781732559, 11.3490419388, 10.5584878922, 6.80325555801, 2.04962182045, 0.724580466747, 2.28870296478, 2.58224868774, 1.10441768169, 1.59549665451, 1.00831282139, 1.01316869259, 0.472896635532, 0.620575726032, 1.02521896362, 1.73706531525, 1.08299469948, 1.09136891365, 1.1253182888, 0.802591145039, 0.314040631056, 0.139426708221, 0.0689946711063, 0.0250318665057, 0.0263849403709, 0.0188455954194, 0.0158182960004, 0.0196659453213, 0.0220910869539, 0.0125366710126, 0.0057650366798, 0.00301107647829, 0.00100399600342, 5.90359632042e-05, 6.25991924608e-06, 1.44746691149e-05],
        "dvar": [0.0309408959001, 4.81018590927, 146.726776123, 105.247154236, 402.754425049, 610.076293945, 513.054931641, 170.191497803, 6.40756130219, 2.97171139717, 7.42578077316, 33.4875068665, 24.014623642, 13.6135473251, 6.53009223938, 1.39863348007, 1.02566504478, 9.62109565735, 10.1822347641, 24.482793808, 2.60636925697, 4.22432994843, 4.30891036987, 2.52544641495, 0.519189178944, 0.0762404054403, 0.0200932826847, 0.000952277798206, 0.00111160881352, 0.000498015608173, 0.000625318207312, 0.00126431835815, 0.00147528655361, 0.00034325136221, 8.88204449438e-05, 3.52497991116e-05, 3.32743411491e-06, 1.17270397837e-08, 7.41460920439e-11, 4.28678648134e-10],
        "dvar2": [0.0780857652426, 14.1579179764, 465.202301025, 320.336791992, 1131.25646973, 1520.8380127, 1142.66259766, 372.868682861, 15.8547811508, 5.50528335571, 12.3189067841, 50.5552024841, 60.6465606689, 19.3117427826, 10.1774759293, 3.33065724373, 2.26461625099, 16.1676254272, 21.0660381317, 55.0106925964, 5.62736129761, 9.41123008728, 8.12258052826, 5.14545965195, 0.988646805286, 0.184673801064, 0.0436893850565, 0.00211730436422, 0.00250592059456, 0.00119395821821, 0.00120235059876, 0.00301665021107, 0.00365305831656, 0.000753354630433, 0.000184401127626, 6.7537293944e-05, 7.24534083929e-06, 2.67268074339e-08, 1.94585084157e-10, 1.18628140644e-09],
        "max": [2.89282488823, 31.5837154388, 219.878250122, 176.696334839, 421.24319458, 753.937561035, 587.770019531, 378.660430908, 58.6261520386, 61.7295951843, 59.0562820435, 191.72833252, 170.841949463, 76.7401657104, 99.6063995361, 18.034614563, 20.9069252014, 95.8768768311, 105.657310486, 92.2871780396, 37.3631095886, 37.9643554688, 39.0586395264, 32.188293457, 21.6607952118, 6.84412050247, 3.33962440491, 0.589094877243, 0.445597499609, 0.272994816303, 0.795587301254, 0.752987146378, 0.629011273384, 0.289624750614, 0.134927451611, 0.116825580597, 0.0279179140925, 0.00178426131606, 0.000192642357433, 0.000469360296847],
        "mean": [0.0965195968747, 1.76503670216, 7.05128479004, 9.01839828491, 20.5056686401, 19.3461532593, 19.1631774902, 13.517531395, 3.89782857895, 1.99062263966, 4.74013328552, 5.31270456314, 1.71413564682, 2.63963508606, 1.97868204117, 1.46053421497, 0.687674582005, 0.865948736668, 1.22951591015, 1.95425367355, 1.43639600277, 1.56281006336, 1.67271614075, 1.12607693672, 0.447953730822, 0.216673016548, 0.0935505256057, 0.0403438210487, 0.0370599031448, 0.0262012816966, 0.0229503493756, 0.0236074086279, 0.020057644695, 0.012947332114, 0.00661960477009, 0.0030763305258, 0.00089792831568, 4.96633947478e-05, 1.28071369545e-05, 2.81733227894e-05],
        "median": [0.0207700952888, 0.430900543928, 1.36520242691, 4.98805093765, 2.61211466789, 2.13389396667, 2.7283270359, 2.36908507347, 1.55072724819, 0.683288395405, 2.26976323128, 1.49530720711, 0.763297021389, 0.526506841183, 0.44397521019, 0.635068297386, 0.192308470607, 0.273277908564, 0.287766188383, 0.350922495127, 0.312671720982, 0.333689600229, 0.508683502674, 0.160089224577, 0.0987473502755, 0.0960983857512, 0.0481897965074, 0.0203536786139, 0.0157555807382, 0.0160255283117, 0.00847653485835, 0.00748072005808, 0.00577946938574, 0.00315967784263, 0.00145900563803, 0.000537721556611, 0.000112906003778, 6.50350011711e-06, 4.42227246822e-06, 9.27142536966e-06],
        "min": [1.59295407081e-21, 3.83097068477e-21, 3.55263692944e-21, 1.06106778868e-20, 1.03982076607e-19, 2.35614694366e-19, 1.12691312643e-19, 1.82979447155e-19, 1.19773033341e-18, 5.12473906544e-19, 1.25418385926e-18, 3.33883534003e-18, 1.21009306466e-18, 1.84681348001e-18, 3.69480776035e-18, 4.32305391713e-18, 3.57939538538e-18, 4.54084974523e-18, 8.51385654356e-18, 9.75251980618e-18, 7.24769366146e-18, 8.51325352889e-18, 1.49772200297e-17, 1.48371982044e-17, 1.00376208392e-17, 1.0484220615e-17, 1.61116436459e-17, 1.82674781543e-17, 2.28558605927e-17, 1.86429437062e-17, 1.93430313263e-17, 1.86790253245e-17, 1.53009983738e-17, 1.73528281551e-17, 1.04603440466e-17, 6.90799250417e-18, 2.70208411219e-18, 1.25098411785e-18, 3.02752446893e-19, 2.6720373322e-20],
        "var": [0.0529033727944, 12.4503002167, 333.757110596, 215.088821411, 2720.51953125, 2995.84716797, 2346.07836914, 966.389282227, 33.106300354, 19.7038097382, 35.436000824, 176.060272217, 26.0443191528, 46.5759162903, 42.1067962646, 4.63650846481, 2.55056548119, 13.4731082916, 16.9265594482, 47.2701530457, 8.00144863129, 12.9057922363, 12.8606395721, 8.17294120789, 1.39904201031, 0.181499063969, 0.0386443212628, 0.00313557963818, 0.002838174114, 0.00108565192204, 0.0017783899093, 0.00238847802393, 0.00178365630563, 0.000613724405412, 0.000195155545953, 6.61733138259e-05, 5.18842443853e-06, 1.72959744305e-08, 3.83667680959e-10, 2.00884731072e-09]
    },
    "gfcc": {
        "mean": [-153.064025879, 163.454605103, -78.1522598267, 38.3055725098, -36.2771072388, -0.590385138988, -37.3999710083, 7.27782726288, -21.0789279938, -13.1776695251, -12.7799215317, -9.93566131592, -5.47296714783],
        "cov": [[5915.25878906, -59.5312232971, 214.810150146, -42.2494621277, 130.903091431, 51.3120193481, -486.670257568, 73.1157989502, -269.8409729, -78.4467849731, 149.422851562, 299.773284912, 122.838150024], [-59.5312232971, 484.510223389, 5.07853078842, -51.9538803101, 123.527381897, -127.816123962, 27.6968479156, -105.420196533, 82.6249084473, -67.462562561, 124.350898743, -100.325675964, 0.994501173496], [214.810150146, 5.07853078842, 575.46105957, 19.0918903351, 50.2020721436, 72.386680603, 14.010477066, -27.7988967896, -21.2894096375, 22.4631481171, 40.6722221375, 27.9293117523, -65.2274398804], [-42.2494621277, -51.9538803101, 19.0918903351, 217.794174194, 53.7775993347, -42.1959686279, 81.9572906494, 44.1345329285, 59.4601745605, 47.4904937744, 15.8886404037, -34.7904586792, -30.7698764801], [130.903091431, 123.527381897, 50.2020721436, 53.7775993347, 244.455413818, -15.4720458984, 21.8890800476, -6.5018029213, 39.3556938171, -29.0916748047, 27.5729522705, 7.7425069809, 18.7984828949], [51.3120193481, -127.816123962, 72.386680603, -42.1959686279, -15.4720458984, 245.157730103, 21.5241832733, -6.03954410553, -34.3367996216, -31.1210250854, -35.3566665649, 80.9720611572, 49.2838783264], [-486.670257568, 27.6968479156, 14.010477066, 81.9572906494, 21.8890800476, 21.5241832733, 248.822097778, 53.3194274902, 61.726890564, 31.821308136, -19.216424942, -40.2113571167, -39.1000862122], [73.1157989502, -105.420196533, -27.7988967896, 44.1345329285, -6.5018029213, -6.03954410553, 53.3194274902, 145.310424805, 23.9041423798, 21.7008724213, -22.3043365479, 12.3334102631, -20.9314193726], [-269.8409729, 82.6249084473, -21.2894096375, 59.4601745605, 39.3556938171, -34.3367996216, 61.726890564, 23.9041423798, 124.623344421, 42.1462478638, 22.341293335, -60.467590332, -35.226360321], [-78.4467849731, -67.462562561, 22.4631481171, 47.4904937744, -29.0916748047, -31.1210250854, 31.821308136, 21.7008724213, 42.1462478638, 172.68447876, 33.70362854, -39.981803894, -73.2342376709], [149.422851562, 124.350898743, 40.6722221375, 15.8886404037, 27.5729522705, -35.3566665649, -19.216424942, -22.3043365479, 22.341293335, 33.70362854, 207.647903442, 21.5289592743, -46.8455619812], [299.773284912, -100.325675964, 27.9293117523, -34.7904586792, 7.7425069809, 80.9720611572, -40.2113571167, 12.3334102631, -60.467590332, -39.981803894, 21.5289592743, 184.358108521, 67.1790466309], [122.838150024, 0.994501173496, -65.2274398804, -30.7698764801, 18.7984828949, 49.2838783264, -39.1000862122, -20.9314193726, -35.226360321, -73.2342376709, -46.8455619812, 67.1790466309, 148.190811157]],
        "icov": [[0.000293937220704, -0.000756565947086, -1.52371721924e-05, -0.000589617353398, -8.39899166749e-06, -0.000423239951488, 0.000864307919983, -0.000848316762131, 0.000979024218395, -0.000444560777396, 0.000259171880316, -0.000436514965259, 0.000175181616214], [-0.000756565947086, 0.0139137599617, -0.00106376502663, 0.00829126499593, -0.00353832612745, 0.0068267295137, -0.00667108921334, 0.00814360752702, -0.00919381249696, 0.00711581017822, -0.00838946923614, 0.00706946803257, -0.00517006544396], [-1.52371721924e-05, -0.00106376502663, 0.00227806041948, -0.000913181633223, -0.00031179911457, -0.0013409613166, 0.000376077950932, 0.000112250134407, 0.00122850085609, -0.000621843326371, 0.000664526771288, -0.000955701107159, 0.00206149858423], [-0.000589617353398, 0.00829126499593, -0.000913181633223, 0.0114273373038, -0.0030807252042, 0.00499548716471, -0.00568210985512, 0.0037960272748, -0.0068940622732, 0.00310107204132, -0.00514358561486, 0.00453844480217, -0.00361934909597], [-8.39899166749e-06, -0.00353832612745, -0.00031179911457, -0.0030807252042, 0.00622487301007, -0.00112514127977, 0.0011113374494, -0.00127730192617, -3.82447433367e-05, -0.000423364952439, 0.00175934983417, -0.00231923698448, 0.000340370723279], [-0.000423239951488, 0.0068267295137, -0.0013409613166, 0.00499548716471, -0.00112514127977, 0.0091189108789, -0.00471732020378, 0.00462571531534, -0.00485777156428, 0.00353030511178, -0.00312616652809, 0.00111389474478, -0.00363251357339], [0.000864307919983, -0.00667108921334, 0.000376077950932, -0.00568210985512, 0.0011113374494, -0.00471732020378, 0.00980558525771, -0.00594031205401, 0.00364111876115, -0.00339679094031, 0.00425566546619, -0.00285079772584, 0.00331456796266], [-0.000848316762131, 0.00814360752702, 0.000112250134407, 0.0037960272748, -0.00127730192617, 0.00462571531534, -0.00594031205401, 0.0144488373771, -0.00766522716731, 0.00403928477317, -0.00271636573598, 0.00118124380242, -0.000636818178464], [0.000979024218395, -0.00919381249696, 0.00122850085609, -0.0068940622732, -3.82447433367e-05, -0.00485777156428, 0.00364111876115, -0.00766522716731, 0.0200385078788, -0.00655185524374, 0.00343952490948, -0.000946867628954, 0.00289988773875], [-0.000444560777396, 0.00711581017822, -0.000621843326371, 0.00310107204132, -0.000423364952439, 0.00353030511178, -0.00339679094031, 0.00403928477317, -0.00655185524374, 0.0118031166494, -0.00476818904281, 0.00355148222297, 0.000403101119446], [0.000259171880316, -0.00838946923614, 0.000664526771288, -0.00514358561486, 0.00175934983417, -0.00312616652809, 0.00425566546619, -0.00271636573598, 0.00343952490948, -0.00476818904281, 0.0117556396872, -0.00712472619489, 0.00602884963155], [-0.000436514965259, 0.00706946803257, -0.000955701107159, 0.00453844480217, -0.00231923698448, 0.00111389474478, -0.00285079772584, 0.00118124380242, -0.000946867628954, 0.00355148222297, -0.00712472619489, 0.013633005321, -0.00672794366255], [0.000175181616214, -0.00517006544396, 0.00206149858423, -0.00361934909597, 0.000340370723279, -0.00363251357339, 0.00331456796266, -0.000636818178464, 0.00289988773875, 0.000403101119446, 0.00602884963155, -0.00672794366255, 0.0145872291178]]
    },
    "melbands": {
        "dmean": [0.000627928820904, 0.00166144617833, 0.000758141221013, 0.000610498595051, 0.000211233505979, 0.00011440403614, 1.81098857865e-05, 5.51353150513e-06, 1.58016900969e-05, 1.08341419036e-05, 3.74486580768e-06, 5.28833152202e-06, 3.1929528177e-06, 1.85263706953e-06, 1.02506783151e-06, 7.3213811902e-07, 8.42920542254e-07, 1.00978945738e-06, 1.32344291615e-06, 1.45566673382e-06, 1.02370302102e-06, 7.62920592479e-07, 1.05005449313e-06, 9.80282266028e-07, 4.32816250395e-07, 2.24718235131e-07, 1.01461999691e-07, 5.82832413443e-08, 3.52130058445e-08, 1.33846613792e-08, 1.09353130995e-08, 1.04898374431e-08, 9.34542221387e-09, 6.72925537515e-09, 6.87456536141e-09, 8.51440784544e-09, 8.08681743791e-09, 1.03508890348e-08, 9.56213952463e-09, 7.09286052114e-09],
        "dmean2": [0.0010504196398, 0.00274322042242, 0.00128270173445, 0.0010322710732, 0.000320837571053, 0.000176749264938, 2.93615521514e-05, 7.50037906982e-06, 1.99981604965e-05, 1.43018387462e-05, 5.3158364608e-06, 6.6359025368e-06, 4.1522966967e-06, 2.71489398074e-06, 1.58718000876e-06, 1.00954025584e-06, 1.13318458261e-06, 1.46485854202e-06, 1.95162760974e-06, 2.13524458559e-06, 1.45910337324e-06, 1.1583996411e-06, 1.59167109359e-06, 1.41601753967e-06, 6.42043062271e-07, 3.30624942535e-07, 1.47454471744e-07, 9.0684672216e-08, 5.49924052962e-08, 2.05309298451e-08, 1.70253784404e-08, 1.59204542882e-08, 1.45734757595e-08, 1.04329842543e-08, 1.00616013299e-08, 1.25922783312e-08, 1.25704060494e-08, 1.64211204634e-08, 1.51525334502e-08, 1.09013811311e-08],
        "dvar": [2.92541494673e-06, 2.42232872552e-05, 2.7522326036e-06, 3.84668510378e-06, 4.07891690202e-07, 1.1959568269e-07, 1.37120825805e-09, 2.6206634085e-10, 5.48735668016e-10, 1.1158017843e-09, 6.01199867667e-10, 2.52140530677e-10, 1.47193590649e-10, 1.53976970063e-11, 3.85846172721e-12, 1.38387209678e-11, 2.8753206413e-11, 2.16388469643e-11, 2.23630888113e-11, 2.82305082089e-11, 5.5795788996e-12, 5.1453563632e-12, 9.68737329937e-12, 9.87852508127e-12, 1.61915446328e-12, 4.20105329647e-13, 1.48783044804e-13, 3.12670218492e-14, 1.32317202036e-14, 9.35662980844e-16, 4.50487696734e-16, 4.01409787207e-16, 3.31698949178e-16, 1.81269762333e-16, 2.35427037277e-16, 6.52673084815e-16, 4.38217445111e-16, 7.79126951148e-16, 7.78291617843e-16, 2.89049357976e-16],
        "dvar2": [7.74664113123e-06, 7.49317550799e-05, 8.20215973363e-06, 1.08542308226e-05, 8.93875665042e-07, 2.70232106914e-07, 3.36117622624e-09, 4.8959486465e-10, 8.91014595439e-10, 1.71030778429e-09, 1.51646928348e-09, 3.49223733265e-10, 2.39242098354e-10, 3.1758345953e-11, 9.57942232482e-12, 2.23504808411e-11, 4.85283757623e-11, 4.46355175043e-11, 4.72649905325e-11, 6.2823503344e-11, 1.16512363993e-11, 1.13763980875e-11, 2.10863757011e-11, 1.77670777396e-11, 3.45580530338e-12, 8.74220617772e-13, 3.11522427862e-13, 7.61635492088e-14, 2.94246066043e-14, 2.06345929215e-15, 1.03367326905e-15, 9.06744005475e-16, 7.950002427e-16, 4.62592803402e-16, 4.73086800464e-16, 1.4541407417e-15, 1.08646438573e-15, 1.9062643767e-15, 2.06866494488e-15, 6.28293517829e-16],
        "max": [0.0266450550407, 0.0918856561184, 0.0296380259097, 0.0492941364646, 0.0181256756186, 0.00887112133205, 0.000908235029783, 0.000588348950259, 0.000497541041113, 0.001057341462, 0.000854857906234, 0.000336070515914, 0.000467700709123, 8.62508604769e-05, 3.70166999346e-05, 0.000108479602204, 0.000166208599694, 0.000160726354807, 8.55541366036e-05, 0.000101909296063, 5.21656293131e-05, 4.26980295742e-05, 6.68691573082e-05, 6.28394918749e-05, 2.56822895608e-05, 1.34165757117e-05, 9.55548603088e-06, 4.29779220212e-06, 2.63549873125e-06, 5.62442949104e-07, 4.18578537165e-07, 3.25158879377e-07, 2.40461872636e-07, 2.0086230279e-07, 3.93290946477e-07, 6.60764214899e-07, 4.05391574532e-07, 4.66359068696e-07, 4.5988414854e-07, 3.20700650036e-07],
        "mean": [0.00135903048795, 0.00332808610983, 0.00178708799649, 0.00167822069488, 0.000604082189966, 0.000329195114318, 5.36747502338e-05, 1.92766947293e-05, 4.23094534199e-05, 2.88647825073e-05, 7.23184302842e-06, 1.05610297396e-05, 7.65294771554e-06, 4.38168126493e-06, 2.07339371627e-06, 1.39959411172e-06, 1.53335383857e-06, 1.75896138899e-06, 2.10130565392e-06, 2.4956427751e-06, 1.67055191014e-06, 1.46521313127e-06, 2.01421039492e-06, 1.59007515776e-06, 8.37136440168e-07, 4.37015472698e-07, 1.9524871675e-07, 1.33038028594e-07, 6.43987974058e-08, 2.70150337656e-08, 2.42471518419e-08, 2.09630943715e-08, 1.75096399602e-08, 1.31986457319e-08, 1.26283996593e-08, 1.5789067831e-08, 1.3125877274e-08, 1.4279132543e-08, 1.22151035953e-08, 1.09105862123e-08],
        "median": [0.000341804523487, 0.000770437298343, 0.000812338024843, 0.000152498323587, 8.53203673614e-05, 5.60092157684e-05, 2.15687923628e-05, 7.54894017518e-06, 2.05914184335e-05, 7.12763448973e-06, 2.71963472187e-06, 1.88223145869e-06, 9.06877744455e-07, 1.42746148413e-06, 7.96350775545e-07, 3.59308273801e-07, 4.69120749358e-07, 3.92755623579e-07, 3.55076480218e-07, 6.10684139701e-07, 2.72295835657e-07, 1.90828870927e-07, 3.46598881151e-07, 2.56395281895e-07, 7.31964320266e-08, 7.20087172112e-08, 5.32299857525e-08, 5.37986402094e-08, 2.88141208671e-08, 1.08952207256e-08, 1.12007656483e-08, 8.24216428441e-09, 7.76964714788e-09, 6.84150691654e-09, 4.38784164558e-09, 4.25436352813e-09, 3.96647203971e-09, 4.06375955109e-09, 2.98709879054e-09, 2.31705876708e-09],
        "min": [1.24990214158e-23, 3.03208174974e-24, 3.69513334286e-24, 1.28560014858e-23, 5.82978385264e-24, 4.07741652082e-24, 1.73865811258e-23, 5.26932618404e-24, 1.22022827088e-23, 1.99085931056e-23, 5.79044257044e-24, 7.7784122835e-24, 9.46050512487e-24, 1.44399442533e-23, 1.11217499502e-23, 4.78626484215e-24, 9.489706389e-24, 1.33390793938e-23, 1.57889358443e-23, 1.2013673955e-23, 7.56503171952e-24, 7.65823248003e-24, 1.23954471344e-23, 1.33125515792e-23, 1.22042225178e-23, 8.98706551943e-24, 5.31706922932e-24, 7.14275132152e-24, 9.11193036782e-24, 1.152355783e-23, 1.0276974584e-23, 1.22285304777e-23, 1.22360080902e-23, 1.02968988439e-23, 1.16967120099e-23, 1.00063850384e-23, 1.28419763278e-23, 1.04167015719e-23, 1.0600436743e-23, 1.65075833958e-23],
        "var": [7.07628441887e-06, 6.21068757027e-05, 8.3091599663e-06, 1.89056627278e-05, 1.98931888917e-06, 5.68160317016e-07, 6.49045839296e-09, 1.67298153109e-09, 3.03591085604e-09, 5.46307266092e-09, 6.40883623948e-10, 8.45803316274e-10, 9.08115582732e-10, 6.62928253958e-11, 1.112695526e-11, 2.33157416984e-11, 4.04744640581e-11, 3.66626590198e-11, 4.14147327543e-11, 5.7197101222e-11, 1.38295390764e-11, 1.38742767275e-11, 2.48162740357e-11, 2.07163574489e-11, 5.01213437074e-12, 1.23558281662e-12, 3.3597514419e-13, 6.20542435796e-14, 2.28897287816e-14, 2.50715992563e-15, 1.29290960838e-15, 1.07406742327e-15, 6.41907613692e-16, 3.16440709424e-16, 6.09930849384e-16, 1.39660401706e-15, 7.21633584001e-16, 9.49283270636e-16, 7.88391056371e-16, 5.30328598825e-16]
    },
    "mfcc": {
        "mean": [-810.998901367, 187.493789673, 28.2755813599, 43.2176589966, 25.8785915375, -0.970950365067, 1.72047102451, 5.93529558182, 0.53330206871, -1.33827412128, -3.1576230526, -2.47869110107, -3.25575089455],
        "cov": [[4652.91894531, 471.518096924, -402.158966064, 49.9829216003, 368.730773926, -219.017181396, 21.1931552887, 72.5059280396, -315.341400146, -185.021682739, -166.813049316, -153.097122192, -6.83960723877], [471.518096924, 502.030212402, -45.8474273682, 14.9404554367, 89.9443435669, -0.212002277374, 4.09177303314, 21.4483737946, -100.950637817, -6.00170040131, 7.50372219086, -17.3219413757, -3.88492178917], [-402.158966064, -45.8474273682, 456.790893555, -11.2250547409, -27.7644348145, 95.1853713989, 32.1795501709, -5.67273616791, 0.036216493696, -7.59481954575, 42.1484489441, 47.635345459, 4.30794620514], [49.9829216003, 14.9404554367, -11.2250547409, 288.334564209, 44.7838478088, -46.3994979858, 14.9387168884, -19.136548996, 0.131852284074, 87.9837799072, 83.7484054565, 29.4252185822, 36.6623382568], [368.730773926, 89.9443435669, -27.7644348145, 44.7838478088, 198.207336426, 19.7435512543, -7.04425430298, 26.947889328, -36.2103881836, -29.5540027618, -22.7771930695, -14.3768815994, 3.2914223671], [-219.017181396, -0.212002277374, 95.1853713989, -46.3994979858, 19.7435512543, 168.517684937, 36.8477020264, 20.5749588013, 35.683429718, -20.9569072723, -27.4167900085, 11.6415529251, 9.24961566925], [21.1931552887, 4.09177303314, 32.1795501709, 14.9387168884, -7.04425430298, 36.8477020264, 110.216896057, 40.3076515198, 3.19753527641, 5.59608840942, 4.59006261826, 17.3156795502, 14.9835863113], [72.5059280396, 21.4483737946, -5.67273616791, -19.136548996, 26.947889328, 20.5749588013, 40.3076515198, 173.154876709, 47.3141746521, -44.2488174438, -42.3192405701, -31.582195282, -4.55888223648], [-315.341400146, -100.950637817, 0.036216493696, 0.131852284074, -36.2103881836, 35.683429718, 3.19753527641, 47.3141746521, 205.109313965, 29.3187580109, -41.8338241577, -17.9827384949, -26.0389537811], [-185.021682739, -6.00170040131, -7.59481954575, 87.9837799072, -29.5540027618, -20.9569072723, 5.59608840942, -44.2488174438, 29.3187580109, 164.821151733, 98.8410797119, 26.6294536591, 15.3845367432], [-166.813049316, 7.50372219086, 42.1484489441, 83.7484054565, -22.7771930695, -27.4167900085, 4.59006261826, -42.3192405701, -41.8338241577, 98.8410797119, 187.113021851, 78.9594802856, 24.6017017365], [-153.097122192, -17.3219413757, 47.635345459, 29.4252185822, -14.3768815994, 11.6415529251, 17.3156795502, -31.582195282, -17.9827384949, 26.6294536591, 78.9594802856, 122.18963623, 38.180721283], [-6.83960723877, -3.88492178917, 4.30794620514, 36.6623382568, 3.2914223671, 9.24961566925, 14.9835863113, -4.55888223648, -26.0389537811, 15.3845367432, 24.6017017365, 38.180721283, 93.3771362305]],
