{
"lowlevel": {
    "average_loudness": 0.978983342648,
    "barkbands_crest": {
        "dmean": 3.48288035393,
        "dmean2": 5.6591296196,
        "dvar": 8.73548984528,
        "dvar2": 21.5085277557,
        "max": 22.7312240601,
        "mean": 10.2451734543,
        "median": 9.39636993408,
        "min": 3.2360162735,
        "var": 15.7320861816
    },
    "barkbands_flatness_db": {
        "dmean": 0.0309778600931,
        "dmean2": 0.0476061142981,
        "dvar": 0.000965944840573,
        "dvar2": 0.00182586838491,
        "max": 0.378239899874,
        "mean": 0.171447634697,
        "median": 0.162419617176,
        "min": 0.0496776886284,
        "var": 0.00233577704057
    },
    "barkbands_kurtosis": {
        "dmean": 4.46014976501,
        "dmean2": 7.16651105881,
        "dvar": 54.068031311,
        "dvar2": 133.077911377,
        "max": 81.7382354736,
        "mean": 4.81773948669,
        "median": 2.36631441116,
        "min": -1.83934092522,
        "var": 58.3390922546
    },
    "barkbands_skewness": {
        "dmean": 0.768789350986,
        "dmean2": 1.19339549541,
        "dvar": 0.657681047916,
        "dvar2": 1.3834246397,
        "max": 7.11179637909,
        "mean": 1.65294468403,
        "median": 1.42171216011,
        "min": -1.70502126217,
        "var": 1.22431635857
    },
    "barkbands_spread": {
        "dmean": 4.91875982285,
        "dmean2": 7.48613214493,
        "dvar": 29.5182209015,
        "dvar2": 55.2086791992,
        "max": 74.1955566406,
        "mean": 14.553437233,
        "median": 12.9383068085,
        "min": 1.04159033298,
        "var": 75.7600860596
    },
    "dissonance": {
        "dmean": 0.0251944065094,
        "dmean2": 0.0418738611042,
        "dvar": 0.000565727124922,
        "dvar2": 0.00143363093957,
        "max": 0.500000059605,
        "mean": 0.452267497778,
        "median": 0.45842474699,
        "min": 0.22293177247,
        "var": 0.000994340865873
    },
    "dynamic_complexity": 1.83748245239,
    "erbbands_crest": {
        "dmean": 2.91701507568,
        "dmean2": 4.67932367325,
        "dvar": 7.71416521072,
        "dvar2": 19.3545970917,
        "max": 30.7656059265,
        "mean": 9.48403739929,
        "median": 8.31726264954,
        "min": 3.12482070923,
        "var": 20.3513011932
    },
    "erbbands_flatness_db": {
        "dmean": 0.0196627248079,
        "dmean2": 0.0282192993909,
        "dvar": 0.00026808353141,
        "dvar2": 0.00056134571787,
        "max": 0.327296555042,
        "mean": 0.190799549222,
        "median": 0.189827740192,
        "min": 0.0820989906788,
        "var": 0.00112219597213
    },
    "erbbands_kurtosis": {
        "dmean": 1.00362217426,
        "dmean2": 1.57701075077,
        "dvar": 2.54860472679,
        "dvar2": 6.29546880722,
        "max": 31.0512123108,
        "mean": 0.563883125782,
        "median": -0.00943684577942,
        "min": -1.66339206696,
        "var": 4.55934143066
    },
    "erbbands_skewness": {
        "dmean": 0.378361493349,
        "dmean2": 0.579165220261,
        "dvar": 0.12137863785,
        "dvar2": 0.283113241196,
        "max": 4.90653657913,
        "mean": 0.525412619114,
        "median": 0.489829778671,
        "min": -1.90654623508,
        "var": 0.388510078192
    },
    "erbbands_spread": {
        "dmean": 6.72848033905,
        "dmean2": 10.1070108414,
        "dvar": 51.7889518738,
        "dvar2": 102.691139221,
        "max": 125.139358521,
        "mean": 29.803352356,
        "median": 28.0214233398,
        "min": 4.41645860672,
        "var": 180.107147217
    },
    "hfc": {
        "dmean": 6.6719827652,
        "dmean2": 9.08324813843,
        "dvar": 46.8189926147,
        "dvar2": 89.7737808228,
        "max": 86.4379730225,
        "mean": 18.6949005127,
        "median": 15.9070081711,
        "min": 1.15088100314e-16,
        "var": 158.594543457
    },
    "melbands_crest": {
        "dmean": 5.1035656929,
        "dmean2": 7.88469314575,
        "dvar": 21.1692371368,
        "dvar2": 47.4618415833,
        "max": 34.0037651062,
        "mean": 14.1785316467,
        "median": 12.3106184006,
        "min": 1.94535303116,
        "var": 40.3781547546
    },
    "melbands_flatness_db": {
        "dmean": 0.0402440205216,
        "dmean2": 0.0603536516428,
        "dvar": 0.0017003279645,
        "dvar2": 0.00295085716061,
        "max": 0.494265109301,
        "mean": 0.23418943584,
        "median": 0.223015487194,
        "min": 0.00832684896886,
        "var": 0.00452992785722
    },
    "melbands_kurtosis": {
        "dmean": 8.67078781128,
        "dmean2": 13.8139505386,
        "dvar": 210.214950562,
        "dvar2": 490.488586426,
        "max": 164.37298584,
        "mean": 11.1897144318,
        "median": 6.08827114105,
        "min": -1.13351690769,
        "var": 247.040588379
    },
    "melbands_skewness": {
        "dmean": 0.956826388836,
        "dmean2": 1.49294126034,
        "dvar": 1.10656344891,
        "dvar2": 2.25369787216,
        "max": 10.5751247406,
        "mean": 2.38297533989,
        "median": 2.03854227066,
        "min": -0.729456663132,
        "var": 2.13549780846
    },
    "melbands_spread": {
        "dmean": 6.2525639534,
        "dmean2": 9.56990528107,
        "dvar": 49.1544532776,
        "dvar2": 93.0815200806,
        "max": 120.078636169,
        "mean": 16.5990848541,
        "median": 14.7153053284,
        "min": 0.946244776249,
        "var": 118.300018311
    },
    "pitch_salience": {
        "dmean": 0.100182496011,
        "dmean2": 0.159489184618,
        "dvar": 0.00741014815867,
        "dvar2": 0.0163843557239,
        "max": 0.968450069427,
        "mean": 0.554052710533,
        "median": 0.574888944626,
        "min": 0.167062982917,
        "var": 0.016182186082
    },
    "silence_rate_20dB": {
        "dmean": 0,
        "dmean2": 0,
        "dvar": 0,
        "dvar2": 0,
        "max": 1,
        "mean": 1,
        "median": 1,
        "min": 1,
        "var": 0
    },
    "silence_rate_30dB": {
        "dmean": 0.127900972962,
        "dmean2": 0.255417943001,
        "dvar": 0.111541621387,
        "dvar2": 0.26551809907,
        "max": 1,
        "mean": 0.907731950283,
        "median": 1,
        "min": 0,
        "var": 0.0837552174926
    },
    "silence_rate_60dB": {
        "dmean": 0.0159876216203,
        "dmean2": 0.0319917425513,
        "dvar": 0.0157320052385,
        "dvar2": 0.0412875115871,
        "max": 1,
        "mean": 0.0128865977749,
        "median": 0,
        "min": 0,
        "var": 0.0127204619348
    },
    "spectral_centroid": {
        "dmean": 244.972976685,
        "dmean2": 360.804595947,
        "dvar": 81855.9609375,
        "dvar2": 115398.84375,
        "max": 11144.3496094,
        "mean": 1003.0322876,
        "median": 930.667053223,
        "min": 233.783050537,
        "var": 228844.765625
    },
    "spectral_complexity": {
        "dmean": 3.25631761551,
        "dmean2": 4.76470565796,
        "dvar": 7.61085891724,
        "dvar2": 14.4007558823,
        "max": 40,
        "mean": 18.4561862946,
        "median": 18,
        "min": 0,
        "var": 32.1109886169
    },
    "spectral_decrease": {
        "dmean": 6.43967634772e-09,
        "dmean2": 9.98229410243e-09,
        "dvar": 7.90562848848e-17,
        "dvar2": 1.28740537653e-16,
        "max": -5.66077153345e-29,
        "mean": -1.12851985534e-08,
        "median": -7.46081241232e-09,
        "min": -7.67915366851e-08,
        "var": 1.17232006878e-16
    },
    "spectral_energy": {
        "dmean": 0.0247335713357,
        "dmean2": 0.038255572319,
        "dvar": 0.00113851216156,
        "dvar2": 0.00185219803825,
        "max": 0.293908298016,
        "mean": 0.0442885905504,
        "median": 0.0299330689013,
        "min": 1.06524812039e-20,
        "var": 0.00171102851164
    },
    "spectral_energyband_high": {
        "dmean": 0.000198617737624,
        "dmean2": 0.000268466683337,
        "dvar": 2.4196862114e-07,
        "dvar2": 4.18853858264e-07,
        "max": 0.00787260849029,
        "mean": 0.000363754981663,
        "median": 0.000150540625327,
        "min": 7.65539904943e-21,
        "var": 5.39197230864e-07
    },
    "spectral_energyband_low": {
        "dmean": 0.0175738465041,
        "dmean2": 0.0281714610755,
        "dvar": 0.00105747615453,
        "dvar2": 0.00177109008655,
        "max": 0.206835910678,
        "mean": 0.0207019336522,
        "median": 0.00476773781702,
        "min": 2.64651142783e-23,
        "var": 0.00136804988142
    },
    "spectral_energyband_middle_high": {
        "dmean": 0.00262527284212,
        "dmean2": 0.00355161284097,
        "dvar": 1.28025849335e-05,
        "dvar2": 2.37703443418e-05,
        "max": 0.0629932284355,
        "mean": 0.00628804415464,
        "median": 0.00437015295029,
        "min": 1.66259890195e-21,
        "var": 3.98294905608e-05
    },
    "spectral_energyband_middle_low": {
        "dmean": 0.00838531367481,
        "dmean2": 0.0130509659648,
        "dvar": 0.000103374979517,
        "dvar2": 0.000240858120378,
        "max": 0.110605850816,
        "mean": 0.0169097203761,
        "median": 0.0130188399926,
        "min": 3.11142215315e-22,
        "var": 0.000179939772352
    },
    "spectral_entropy": {
        "dmean": 0.172389835119,
        "dmean2": 0.258485883474,
        "dvar": 0.0250070765615,
        "dvar2": 0.052248802036,
        "max": 9.81155586243,
        "mean": 7.23367023468,
        "median": 7.22756958008,
        "min": 6.11893415451,
        "var": 0.108328588307
    },
    "spectral_flux": {
        "dmean": 0.0546175949275,
        "dmean2": 0.094652056694,
        "dvar": 0.00362141267397,
        "dvar2": 0.00847634486854,
        "max": 0.395121783018,
        "mean": 0.131514534354,
        "median": 0.109761044383,
        "min": 1.03210856528e-10,
        "var": 0.00534943956882
    },
    "spectral_kurtosis": {
        "dmean": 2.81107974052,
        "dmean2": 4.78994846344,
        "dvar": 7.68889713287,
        "dvar2": 20.670003891,
        "max": 29.7837677002,
        "mean": 6.41542196274,
        "median": 5.85790109634,
        "min": -1.17834711075,
        "var": 14.4648199081
    },
    "spectral_rms": {
        "dmean": 0.00173431623261,
        "dmean2": 0.00262379948981,
        "dvar": 3.8826196942e-06,
        "dvar2": 5.73953911953e-06,
        "max": 0.0169333927333,
        "mean": 0.0059911920689,
        "median": 0.00540397921577,
        "min": 3.22376565547e-12,
        "var": 7.31401996745e-06
    },
    "spectral_rolloff": {
        "dmean": 408.365356445,
        "dmean2": 654.963439941,
        "dvar": 479887.875,
        "dvar2": 879477.5625,
        "max": 18733.8867188,
        "mean": 995.045471191,
        "median": 882.861328125,
        "min": 64.599609375,
        "var": 876044.625
    },
    "spectral_skewness": {
        "dmean": 0.320437729359,
        "dmean2": 0.504353106022,
        "dvar": 0.0781332999468,
        "dvar2": 0.185855597258,
        "max": 4.08426809311,
        "mean": 1.77694439888,
        "median": 1.74882769585,
        "min": 0.0320678316057,
        "var": 0.247680649161
    },
    "spectral_spread": {
        "dmean": 430983.53125,
        "dmean2": 606188.5,
        "dvar": 720691265536,
        "dvar2": 652589465600,
        "max": 40178436,
        "mean": 3327164.5,
        "median": 3111492,
        "min": 1551479.375,
        "var": 1.94190127923e+12
    },
    "spectral_strongpeak": {
        "dmean": 0.692218899727,
        "dmean2": 1.16032338142,
        "dvar": 0.811747729778,
        "dvar2": 1.93938779831,
        "max": 10.6728582382,
        "mean": 0.999140322208,
        "median": 0.506466388702,
        "min": 0,
        "var": 1.38258898258
    },
    "zerocrossingrate": {
        "dmean": 0.0092521617189,
        "dmean2": 0.0105078732595,
        "dvar": 0.00021087116329,
        "dvar2": 0.000279383850284,
        "max": 0.4970703125,
        "mean": 0.0401941053569,
        "median": 0.037109375,
        "min": 0.00341796875,
        "var": 0.000522951013409
    },
    "barkbands": {
        "dmean": [0.00537623465061, 0.0126335313544, 0.00262342300266, 0.000916344695725, 0.00439071282744, 0.0021705548279, 0.00199792068452, 0.00148132094182, 0.00120314245578, 0.00117894110736, 0.000631314236671, 0.000505584583152, 0.000570570467971, 0.000301553925965, 0.000206643293495, 0.000116879862617, 0.000224068833631, 0.000181161434739, 7.58618843975e-05, 6.05121167609e-05, 7.1233145718e-05, 5.54334219487e-05, 3.21994011756e-05, 3.08298949676e-05, 8.09163611848e-06, 1.79730739092e-06, 2.66232191848e-08],
        "dmean2": [0.00893489923328, 0.0205811504275, 0.00466223247349, 0.00158213800751, 0.00741982879117, 0.00354858161882, 0.00323007348925, 0.00227168295532, 0.0018802479608, 0.00177640339825, 0.000947477936279, 0.000757771311328, 0.000846312672365, 0.000428165280027, 0.000313797936542, 0.000183332653251, 0.00032863454544, 0.000263390684268, 0.000114073111035, 8.82867461769e-05, 0.000100730409031, 7.76207816671e-05, 4.61798408651e-05, 4.63064170617e-05, 1.21164384836e-05, 2.68632220468e-06, 4.71331986773e-08],
        "dvar": [0.000113877438707, 0.000575057987589, 2.76119044429e-05, 1.73097544121e-06, 4.62994139525e-05, 1.07863670564e-05, 1.97984772967e-05, 1.1558136066e-05, 7.48267075323e-06, 4.49594699603e-06, 2.11483575185e-06, 2.43638623942e-06, 9.80641630122e-07, 4.01844033604e-07, 9.00222048017e-08, 3.4521928427e-08, 3.94381714841e-07, 2.9158636039e-07, 1.23613776992e-08, 9.65342561443e-09, 1.8136885771e-08, 2.10734114603e-08, 2.16328377434e-08, 2.53693848151e-08, 1.8858301587e-09, 2.64297056463e-11, 1.34941047526e-14],
        "dvar2": [0.000264977396, 0.00100939231925, 7.58845999371e-05, 4.57154010292e-06, 0.000122343975818, 2.46063827944e-05, 4.59356124338e-05, 2.83958688669e-05, 1.66980025824e-05, 8.99064798432e-06, 3.91394769395e-06, 5.75752392251e-06, 2.03063905246e-06, 7.5524087606e-07, 2.01813776357e-07, 8.04206905514e-08, 9.52396362663e-07, 5.7744523474e-07, 2.49853346901e-08, 1.92571913971e-08, 3.41438983753e-08, 4.16134255943e-08, 4.38753353649e-08, 5.2102464565e-08, 4.39878977687e-09, 5.72464367576e-11, 3.06776766533e-14],
        "max": [0.0580718554556, 0.158337399364, 0.0446016713977, 0.0121826017275, 0.0820146054029, 0.0452302545309, 0.0661924108863, 0.0686876326799, 0.0572830848396, 0.034546636045, 0.0265117548406, 0.0602880492806, 0.0148559901863, 0.0164809469134, 0.0036397234071, 0.00386439147405, 0.0169605836272, 0.0104897245765, 0.00190545246005, 0.00153146695811, 0.00240812939592, 0.00248837564141, 0.00298815360293, 0.00330077717081, 0.000970039865933, 0.000100000979728, 2.66885922429e-06],
        "mean": [0.00446176389232, 0.0138244060799, 0.00260448199697, 0.00101631926373, 0.00553395180032, 0.00326765142381, 0.00277313310653, 0.00222032447346, 0.00168755080085, 0.00204276735894, 0.000907512556296, 0.000762091309298, 0.000968036241829, 0.000459766422864, 0.00034361318103, 0.000189911981579, 0.000368196662748, 0.00029387086397, 0.000145704645547, 0.000113124326163, 0.000120959550259, 8.3819264546e-05, 4.45313417003e-05, 4.16329530708e-05, 1.12249708764e-05, 2.29221291193e-06, 2.12649009512e-08],
        "median": [0.000278394931229, 0.00188743812032, 0.000879183236975, 0.000567283015698, 0.00366466445848, 0.00189773598686, 0.00109124183655, 0.000723582576029, 0.000648000044748, 0.000853211269714, 0.000299703388009, 0.000275646249065, 0.000372205890017, 0.000182992196642, 0.000200401758775, 0.000115941926197, 0.000184509204701, 0.000145227648318, 9.2914691777e-05, 5.76375823584e-05, 5.19788300153e-05, 2.43792746915e-05, 7.60892726248e-06, 6.3478573793e-06, 2.56581620306e-06, 9.93021217255e-07, 2.98925084685e-09],
        "min": [9.60305150158e-24, 1.07624427406e-23, 1.16756916278e-24, 1.39736091292e-23, 7.72313190893e-23, 8.9404162298e-24, 2.03550205359e-23, 9.52659163166e-23, 7.54932376341e-23, 8.4509961957e-23, 7.31503081238e-23, 4.61023187221e-23, 1.23053718408e-22, 8.93535994694e-23, 2.35602258182e-22, 8.54375172311e-23, 2.54068747289e-22, 2.98665742699e-22, 2.19150078066e-22, 4.33419719835e-22, 4.36876470457e-22, 4.32064444178e-22, 7.59351903298e-22, 8.42511827634e-22, 1.20846927357e-21, 1.76059597463e-21, 2.24276391577e-21],
        "var": [0.000100866476714, 0.00070530094672, 2.13178227568e-05, 1.77510025878e-06, 4.26403421443e-05, 1.76536723302e-05, 3.16699151881e-05, 1.97473764274e-05, 1.3946018953e-05, 1.16659512059e-05, 4.50905918115e-06, 4.82295035908e-06, 2.39259225054e-06, 8.54941959005e-07, 1.8068297436e-07, 5.61545761002e-08, 5.92961839629e-07, 4.37066830727e-07, 3.03185956341e-08, 2.40524240525e-08, 4.03601418952e-08, 4.19768113602e-08, 3.30629390533e-08, 3.93615309235e-08, 2.73607714263e-09, 3.29259015885e-11, 1.22391983362e-14]
    },
    "erbbands": {
        "dmean": [0.698580443859, 2.15756011009, 3.7096350193, 2.52722764015, 5.44371461868, 19.2299385071, 19.0643825531, 19.9569377899, 24.4345607758, 37.6762733459, 25.2424945831, 29.4064044952, 24.8581199646, 42.4291687012, 22.4316253662, 23.5677318573, 24.6985988617, 16.8636722565, 11.5901422501, 7.58776760101, 6.38220357895, 11.100479126, 9.32862567902, 5.88409662247, 3.85773730278, 2.67328667641, 2.78679418564, 3.12024593353, 2.11765599251, 1.274528265, 0.897832512856, 0.741384923458, 0.44391053915, 0.146212592721, 0.0292174965143, 0.0118416883051, 0.00256680184975, 0.000207701494219, 1.44175855894e-05, 2.71863100352e-05],
        "dmean2": [1.0578815937, 3.57312297821, 6.50913286209, 4.35493755341, 9.17188644409, 32.82081604, 31.623544693, 32.6882972717, 39.737159729, 57.8004951477, 38.3644599915, 46.8095741272, 36.5919952393, 64.0358505249, 33.3134918213, 34.8162460327, 36.1167869568, 24.0315265656, 17.0311279297, 11.7692489624, 9.57831478119, 15.9945344925, 12.8909473419, 8.50392150879, 5.76557350159, 3.87667942047, 3.95185160637, 4.34520673752, 3.01300597191, 1.74323105812, 1.31097459793, 1.12454199791, 0.649133503437, 0.21762470901, 0.0422924496233, 0.0172902774066, 0.00386041635647, 0.000326747132931, 2.15750915231e-05, 4.18587733293e-05],
        "dvar": [1.6224861145, 17.4452476501, 56.1141052246, 16.116235733, 48.1199531555, 991.370483398, 970.050231934, 997.173706055, 3417.20507812, 7842.65380859, 3469.58959961, 4403.72851562, 2384.52246094, 7675.51367188, 3306.7878418, 5693.96289062, 1830.14001465, 1312.77087402, 302.009796143, 141.81086731, 111.798324585, 870.797424316, 608.49395752, 283.035552979, 32.1729507446, 16.2618675232, 29.102191925, 36.1174659729, 26.6036014557, 23.6231021881, 18.6314315796, 14.9795217514, 5.38315677643, 0.729546248913, 0.0136918630451, 0.00104907725472, 6.65954357828e-05, 6.70947486014e-07, 4.92692942e-10, 1.31870914188e-09],
        "dvar2": [3.35552191734, 39.5923118591, 151.621643066, 43.2026748657, 128.126052856, 2584.70166016, 2564.81274414, 2266.34082031, 8177.36230469, 18077.2773438, 7849.33154297, 11661.6318359, 4119.23339844, 16008.1396484, 5909.36962891, 13218.3066406, 3772.25830078, 2540.93579102, 622.909057617, 342.512023926, 251.357177734, 1952.17626953, 1042.3692627, 450.12197876, 69.7584152222, 32.9109230042, 60.0462646484, 68.7509002686, 53.6872291565, 45.5424118042, 38.8096427917, 34.7953414917, 9.90569972992, 1.64011204243, 0.0296286717057, 0.00202096742578, 0.000157977046911, 1.55776626798e-06, 9.37601329909e-10, 2.13374407032e-09],
        "max": [8.23952960968, 24.5578422546, 56.6558494568, 40.4535484314, 83.1964492798, 317.603515625, 458.987670898, 434.449005127, 1250.02600098, 1666.92822266, 1058.79333496, 1167.55908203, 1248.87744141, 1822.02746582, 1253.08068848, 3068.7421875, 606.993530273, 958.620422363, 234.599609375, 167.091079712, 261.38861084, 865.028259277, 594.404296875, 544.863830566, 100.062675476, 53.9091491699, 90.4302139282, 99.5474777222, 70.5337905884, 104.750267029, 101.815444946, 96.190032959, 44.7096443176, 20.5327987671, 2.85066485405, 0.684410572052, 0.202045157552, 0.0233255270869, 0.000515169929713, 0.000320550607285],
        "mean": [0.634319126606, 2.13353323936, 3.59881496429, 3.07582688332, 7.56540346146, 21.0662231445, 26.213804245, 28.746131897, 34.6539421082, 52.8834838867, 41.1494827271, 41.7716827393, 43.8882827759, 69.811668396, 35.9959754944, 38.9562072754, 44.262424469, 27.4867191315, 19.6448440552, 13.6649904251, 11.7279157639, 19.4457550049, 16.3525028229, 10.6274518967, 7.37072372437, 5.05331659317, 4.86217498779, 5.01000165939, 3.27818489075, 1.83814775944, 1.21593558788, 0.958339810371, 0.608881354332, 0.204457134008, 0.0415723919868, 0.0157544761896, 0.00307865301147, 0.000233522805502, 2.80673666566e-05, 5.06248579768e-05],
        "median": [0.0393354445696, 0.391356647015, 1.12205338478, 1.83967781067, 4.93735122681, 11.6025619507, 15.1544418335, 14.9910907745, 14.7566204071, 20.6454200745, 16.450056076, 17.4170188904, 20.4236488342, 26.3036956787, 15.2806406021, 17.3495559692, 18.0001411438, 12.390958786, 11.3899841309, 8.60533046722, 7.83855056763, 10.5862026215, 8.77127170563, 6.37951564789, 4.72352313995, 2.70525884628, 2.26662278175, 1.98004412651, 1.04818475246, 0.38874745369, 0.218281745911, 0.159914016724, 0.0852299779654, 0.0371989011765, 0.0133132338524, 0.00628610141575, 0.00140707578976, 0.000101749872556, 2.05604992516e-05, 3.55539414159e-05],
        "min": [6.22689842026e-22, 1.24502910164e-21, 2.29297878728e-21, 2.75191228322e-20, 2.12359894387e-19, 1.96269887304e-19, 1.05552886128e-19, 9.00600711359e-20, 3.54464676862e-19, 4.31161845535e-19, 2.43413942548e-18, 1.82563021171e-18, 2.56228024891e-18, 3.20388309784e-18, 1.93119582866e-18, 2.3453765351e-18, 5.14582524342e-18, 6.44646914935e-18, 7.37163840445e-18, 1.12406243456e-17, 6.79793612367e-18, 1.45075601128e-17, 1.52742043394e-17, 1.25853420889e-17, 1.41461268529e-17, 2.24779019185e-17, 1.57612946062e-17, 1.74662974828e-17, 1.42896377261e-17, 2.23797685193e-17, 2.32214247926e-17, 1.66146984985e-17, 1.55252768164e-17, 1.47178608574e-17, 7.29551710858e-18, 6.29389733973e-18, 3.33450835824e-18, 1.1361171651e-18, 3.00842435159e-19, 3.36263685469e-20],
        "var": [1.80891561508, 17.2658061981, 43.2890739441, 15.2152233124, 64.9544906616, 856.281188965, 1117.16101074, 1596.25195312, 5349.62841797, 11030.7763672, 7888.74658203, 6388.16162109, 6102.06689453, 17250.9921875, 7328.54394531, 11383.4375, 4702.25830078, 2683.56225586, 618.720214844, 244.308502197, 208.963531494, 1479.55957031, 1187.54211426, 510.632781982, 73.4014587402, 41.1933479309, 61.5429954529, 74.9186630249, 53.5430412292, 44.0256919861, 26.1562519073, 20.016336441, 8.98408126831, 1.06758379936, 0.0226811766624, 0.00165445054881, 6.85074846842e-05, 6.28805537417e-07, 7.41231964696e-10, 2.03912886576e-09]
    },
    "gfcc": {
        "mean": [-8.51158809662, 134.319503784, -135.539901733, 26.6018238068, -61.6875762939, 4.62972688675, -31.622177124, 1.63507926464, -21.3308696747, -1.20193660259, -8.7295589447, -0.256621062756, -2.33145785332],
        "cov": [[2621.5378418, -101.554420471, -206.578689575, 182.696777344, -158.161361694, 119.265106201, 81.2484130859, 42.2915878296, 7.9074344635, 39.2788696289, 61.8219528198, 19.8348636627, 19.7239513397], [-101.554420471, 858.546936035, 207.807983398, 82.2183532715, 415.051239014, -10.2986898422, 247.499099731, 23.3643455505, 175.98449707, -17.0195960999, 107.833450317, -80.8582305908, 83.3446578979], [-206.578689575, 207.807983398, 553.975036621, 166.562332153, 171.43170166, 143.717254639, 95.4349746704, 67.4194869995, 83.6107711792, 2.8907585144, 27.0241470337, 3.78785443306, 22.7044048309], [182.696777344, 82.2183532715, 166.562332153, 362.312988281, 163.11605835, 141.959884644, 127.558921814, 46.0020446777, 80.9442901611, -3.13169193268, 68.373046875, -32.8041419983, 36.5018768311], [-158.161361694, 415.051239014, 171.43170166, 163.11605835, 448.265686035, 50.7192497253, 153.099731445, 63.7917175293, 93.3787841797, 30.6646690369, 69.1888275146, -19.2371273041, 43.7445526123], [119.265106201, -10.2986898422, 143.717254639, 141.959884644, 50.7192497253, 211.708633423, 111.802398682, 37.3630142212, 52.1501960754, 7.10875701904, 42.7831230164, -12.821138382, 17.1409015656], [81.2484130859, 247.499099731, 95.4349746704, 127.558921814, 153.099731445, 111.802398682, 265.467926025, 56.4227828979, 90.815864563, 13.8834600449, 72.327331543, -29.2729034424, 52.1063537598], [42.2915878296, 23.3643455505, 67.4194869995, 46.0020446777, 63.7917175293, 37.3630142212, 56.4227828979, 111.052871704, 46.2136688232, 1.39922893047, 14.3840875626, 10.7321367264, 14.6057987213], [7.9074344635, 175.98449707, 83.6107711792, 80.9442901611, 93.3787841797, 52.1501960754, 90.815864563, 46.2136688232, 162.235870361, 19.4147586823, 49.8088607788, -24.2738761902, 21.1884593964], [39.2788696289, -17.0195960999, 2.8907585144, -3.13169193268, 30.6646690369, 7.10875701904, 13.8834600449, 1.39922893047, 19.4147586823, 89.5107803345, 19.265920639, 2.5783367157, -12.3032674789], [61.8219528198, 107.833450317, 27.0241470337, 68.373046875, 69.1888275146, 42.7831230164, 72.327331543, 14.3840875626, 49.8088607788, 19.265920639, 89.1938934326, -9.05459499359, 21.096824646], [19.8348636627, -80.8582305908, 3.78785443306, -32.8041419983, -19.2371273041, -12.821138382, -29.2729034424, 10.7321367264, -24.2738761902, 2.5783367157, -9.05459499359, 81.2270278931, 10.3123664856], [19.7239513397, 83.3446578979, 22.7044048309, 36.5018768311, 43.7445526123, 17.1409015656, 52.1063537598, 14.6057987213, 21.1884593964, -12.3032674789, 21.096824646, 10.3123664856, 77.6905136108]],
        "icov": [[0.000539248925634, -0.00068648258457, 0.000535329745617, -0.00073748169234, 0.000840236956719, -0.000616863428149, 0.000269553187536, -0.000660563411657, 0.00047210327466, -0.000776517903432, 0.000181332885404, -0.000689537380822, 0.000186540870345], [-0.00068648258457, 0.00722543057054, -0.00258694053628, 0.00373179931194, -0.00561388442293, 0.00469366647303, -0.00395498145372, 0.00437049660832, -0.00414980342612, 0.00516295712441, -0.00346781732515, 0.00490793958306, -0.00237839459442], [0.000535329745617, -0.00258694053628, 0.00370845547877, -0.00198709079996, 0.00142343854532, -0.00323885842226, 0.0016355686821, -0.00211994396523, 0.000843717309181, -0.00178081227932, 0.00204178318381, -0.00257395743392, 0.000978934345767], [-0.00073748169234, 0.00373179931194, -0.00198709079996, 0.00704229483381, -0.00415481859818, 0.000297945633065, -0.00180807872675, 0.0022475940641, -0.0024707634002, 0.00385129149072, -0.00322652747855, 0.00396025879309, -0.00184614106547], [0.000840236956719, -0.00561388442293, 0.00142343854532, -0.00415481859818, 0.00813545938581, -0.00229713437147, 0.0017462822143, -0.00432113185525, 0.00306434882805, -0.00520431343466, 0.00177521258593, -0.00365405902267, 0.00125550338998], [-0.000616863428149, 0.00469366647303, -0.00323885842226, 0.000297945633065, -0.00229713437147, 0.0115698063746, -0.00514976261184, 0.00236504874192, -0.00254641333595, 0.00296642933972, -0.00320832431316, 0.0030837408267, -0.000695915077813], [0.000269553187536, -0.00395498145372, 0.0016355686821, -0.00180807872675, 0.0017462822143, -0.00514976261184, 0.00976150669158, -0.00390242203139, 0.0012663314119, -0.00305396132171, -0.000365346320905, -0.00051500054542, -0.00177589873783], [-0.000660563411657, 0.00437049660832, -0.00211994396523, 0.0022475940641, -0.00432113185525, 0.00236504874192, -0.00390242203139, 0.0146903591231, -0.00518941134214, 0.00408076634631, -0.00066842517117, -0.00011538828403, -0.000932167109568], [0.00047210327466, -0.00414980342612, 0.000843717309181, -0.0024707634002, 0.00306434882805, -0.00254641333595, 0.0012663314119, -0.00518941134214, 0.0119553469121, -0.00439111981541, -0.00089915911667, -0.000273445504718, 0.000533440033905], [-0.000776517903432, 0.00516295712441, -0.00178081227932, 0.00385129149072, -0.00520431343466, 0.00296642933972, -0.00305396132171, 0.00408076634631, -0.00439111981541, 0.0169198457152, -0.00515622273088, 0.00189148774371, 0.00195248727687], [0.000181332885404, -0.00346781732515, 0.00204178318381, -0.00322652747855, 0.00177521258593, -0.00320832431316, -0.000365346320905, -0.00066842517117, -0.00089915911667, -0.00515622273088, 0.0191924665123, -0.00289738131687, -0.000726035912521], [-0.000689537380822, 0.00490793958306, -0.00257395743392, 0.00396025879309, -0.00365405902267, 0.0030837408267, -0.00051500054542, -0.00011538828403, -0.000273445504718, 0.00189148774371, -0.00289738131687, 0.0188059229404, -0.0057896678336], [0.000186540870345, -0.00237839459442, 0.000978934345767, -0.00184614106547, 0.00125550338998, -0.000695915077813, -0.00177589873783, -0.000932167109568, 0.000533440033905, 0.00195248727687, -0.000726035912521, -0.0057896678336, 0.0178993269801]]
    },
    "melbands": {
        "dmean": [0.00484693096951, 0.00228567817248, 0.000492287217639, 0.00080846977653, 0.000782628078014, 0.000443757278845, 0.000382095371606, 0.000400889926823, 0.000185950557352, 0.000191844534129, 0.000126663057017, 0.000180706498213, 7.59502581786e-05, 6.52957969578e-05, 6.90163797117e-05, 4.18130366597e-05, 3.37659694196e-05, 1.93937848962e-05, 1.2885938304e-05, 9.30246005737e-06, 8.06453954283e-06, 1.07037149064e-05, 1.43227698572e-05, 6.66139203531e-06, 4.89271224069e-06, 3.38171435033e-06, 2.20185825128e-06, 1.82808571481e-06, 1.88684521163e-06, 1.75948400738e-06, 2.09594827538e-06, 1.35973232318e-06, 8.6203021965e-07, 6.83729354023e-07, 5.77349112518e-07, 4.34410253547e-07, 4.85875659706e-07, 3.52411205995e-07, 2.16639094219e-07, 9.59845678494e-08],
        "dmean2": [0.00739519763738, 0.0038373847492, 0.000840697379317, 0.00137252768036, 0.00131290510762, 0.000725270772818, 0.000618313031737, 0.000613175914623, 0.000285517773591, 0.000303687993437, 0.000186233999557, 0.000273752084468, 0.000114019872854, 9.6881412901e-05, 0.000101687699498, 6.17224941379e-05, 4.83837575302e-05, 2.86876347673e-05, 1.96021992451e-05, 1.47704931805e-05, 1.22842293422e-05, 1.5656274627e-05, 2.03136878554e-05, 9.7389001894e-06, 7.27376163923e-06, 5.10539803145e-06, 3.32841000272e-06, 2.68586836683e-06, 2.74439707937e-06, 2.51556662079e-06, 2.97234987556e-06, 1.98970860765e-06, 1.23241466099e-06, 9.76226715466e-07, 8.71826443927e-07, 6.5404981342e-07, 7.58409271384e-07, 5.06449168824e-07, 3.37920226912e-07, 1.47130606365e-07],
        "dvar": [7.81100097811e-05, 2.03071049327e-05, 5.19350351169e-07, 1.23554605125e-06, 1.76171249677e-06, 5.30499903562e-07, 6.9776848477e-07, 8.10657297734e-07, 1.68791856936e-07, 1.8724193751e-07, 6.21112192789e-08, 1.39290250445e-07, 3.51090356787e-08, 3.56630813769e-08, 1.75988112971e-08, 5.77858116912e-09, 6.11296391284e-09, 9.33302879425e-10, 3.92133547855e-10, 2.03701833179e-10, 2.20855722599e-10, 6.44011122208e-10, 1.84693826899e-09, 2.53931681238e-10, 2.19892729025e-10, 3.41286235384e-11, 1.25254832548e-11, 8.66138324257e-12, 1.34317357584e-11, 1.0974083621e-11, 1.75856221946e-11, 1.04240860735e-11, 8.74198369943e-12, 8.02879290829e-12, 8.80680684628e-12, 4.168333647e-12, 8.22196477568e-12, 3.37677065129e-12, 1.49507121093e-12, 3.18540143264e-13],
        "dvar2": [0.000148906838149, 5.25156501681e-05, 1.37327799621e-06, 3.2398154417e-06, 4.65020912088e-06, 1.19630135487e-06, 1.63679396792e-06, 1.90249045318e-06, 3.74651250468e-07, 4.6932478881e-07, 1.05907517423e-07, 2.88031060336e-07, 6.30917540434e-08, 8.55468940131e-08, 3.79460480815e-08, 1.2012267625e-08, 1.16763381186e-08, 1.84070092502e-09, 8.73472294494e-10, 4.88297735579e-10, 5.20986420671e-10, 1.45223855164e-09, 3.48661965965e-09, 4.34018765372e-10, 3.53085199967e-10, 7.28784185777e-11, 2.80440878853e-11, 1.70229334101e-11, 2.87948519195e-11, 2.03446374331e-11, 3.62759960959e-11, 2.21520319449e-11, 1.80364733565e-11, 1.63192341585e-11, 1.97375258498e-11, 8.66543989342e-12, 2.05091846284e-11, 6.31968219075e-12, 3.00189690813e-12, 7.69690734759e-13],
        "max": [0.0598678067327, 0.0312497634441, 0.00649854773656, 0.00917648989707, 0.0188186503947, 0.0118905939162, 0.0160934701562, 0.0164503827691, 0.00724681233987, 0.00680922018364, 0.00630910973996, 0.00725045753643, 0.00382191827521, 0.00685496581718, 0.00327639118768, 0.00116023770534, 0.00213716016151, 0.000558458617888, 0.00026098699891, 0.000164014709298, 0.000359109370038, 0.000706253631506, 0.000956840172876, 0.000486861215904, 0.000480859045638, 0.000123255245853, 7.96933309175e-05, 4.14572969021e-05, 5.88398615946e-05, 5.98246297159e-05, 5.55609803996e-05, 4.22743905801e-05, 5.38690146641e-05, 5.46953779121e-05, 7.24760830053e-05, 4.09085587307e-05, 7.98518885858e-05, 3.56809359801e-05, 2.34420749621e-05, 1.4535236005e-05],
        "mean": [0.00482138572261, 0.00224345829338, 0.000639943988062, 0.000997467082925, 0.00100863911211, 0.000641779857688, 0.000545908405911, 0.000572951685172, 0.000296925805742, 0.000265112001216, 0.000219650872168, 0.00029368660762, 0.000115776107123, 9.79581309366e-05, 0.000113573601993, 7.28474551579e-05, 5.04470444866e-05, 3.08912494802e-05, 2.25754556595e-05, 1.50378509716e-05, 1.35150730785e-05, 1.81215382327e-05, 2.29164525081e-05, 1.11479339466e-05, 8.11288191471e-06, 6.03121770837e-06, 3.97257917939e-06, 3.22912478623e-06, 3.03425986203e-06, 2.97181281894e-06, 3.00453370983e-06, 2.02246769732e-06, 1.23300026189e-06, 9.24806215608e-07, 7.30213400857e-07, 5.72537260268e-07, 5.96483346271e-07, 4.58356595345e-07, 3.02606167679e-07, 1.25667668271e-07],
        "median": [0.000529462180566, 0.00066056632204, 0.00041307718493, 0.000650546397083, 0.000571687007323, 0.000332029361743, 0.000231776648434, 0.000213924940908, 0.000115316041047, 0.000101998513856, 9.48153247009e-05, 0.000100730510894, 4.20348442276e-05, 3.66365056834e-05, 4.35663896496e-05, 3.15991273965e-05, 1.79421313078e-05, 1.62759315572e-05, 1.2291220628e-05, 9.13887561182e-06, 8.0640293163e-06, 9.91163506114e-06, 9.91486012936e-06, 6.22446850684e-06, 4.40668191004e-06, 3.30743773702e-06, 2.3827590212e-06, 1.55073030328e-06, 1.31239892198e-06, 1.23282802633e-06, 1.0121050309e-06, 6.23414223355e-07, 2.92826342729e-07, 1.55938579383e-07, 1.20413375271e-07, 1.03250016537e-07, 8.36607938481e-08, 5.9623658899e-08, 4.16835668204e-08, 2.56557797229e-08],
        "min": [4.97405870266e-24, 1.26787302409e-24, 8.60456501029e-24, 1.86629044279e-23, 4.17207588514e-24, 2.53632803031e-24, 4.59727349078e-24, 6.41160505784e-24, 2.02715669407e-23, 1.08990379506e-23, 1.28751045415e-23, 1.30302750593e-23, 7.75373986983e-24, 3.75168638672e-24, 8.72278291669e-24, 1.33383110432e-23, 1.14435925778e-23, 9.55613321038e-24, 1.66495783587e-23, 1.09111469655e-23, 8.25352979608e-24, 1.6268011072e-23, 1.31265531662e-23, 1.33612400743e-23, 9.82452735616e-24, 8.06857189052e-24, 1.24960268998e-23, 1.59795072841e-23, 7.65295184513e-24, 1.24415363328e-23, 8.97667148815e-24, 6.71011002438e-24, 1.07831945155e-23, 1.24439912679e-23, 1.41736453221e-23, 1.1905475371e-23, 8.48571128201e-24, 1.01390493545e-23, 1.36610892598e-23, 1.16392908246e-23],
        "var": [9.34133495321e-05, 1.7113834474e-05, 5.45751845493e-07, 1.22544520309e-06, 1.74622539362e-06, 8.47929186421e-07, 1.15677005397e-06, 1.16187220556e-06, 4.04609011184e-07, 2.98002191812e-07, 1.62197650866e-07, 3.23103051869e-07, 7.80482807272e-08, 6.89140406962e-08, 4.02702795554e-08, 1.27820243279e-08, 1.23643211225e-08, 1.95336546938e-09, 9.13180531192e-10, 3.1979524584e-10, 3.71214808892e-10, 1.01089758786e-09, 3.49592177429e-09, 4.33689889556e-10, 3.9036726629e-10, 7.29248744724e-11, 2.6007010781e-11, 2.0442137566e-11, 2.63266821537e-11, 2.5904786996e-11, 3.20891542505e-11, 1.93728644238e-11, 1.58444039139e-11, 1.36545922139e-11, 1.08753665795e-11, 5.87677259287e-12, 9.61166563007e-12, 5.26916227664e-12, 2.49263175205e-12, 4.08437687968e-13]
    },
    "mfcc": {
        "mean": [-643.862915039, 157.48223877, -13.9855737686, 23.3291282654, -7.80628490448, 2.8942232132, -2.51564741135, 0.671594202518, -2.48712086678, -5.09303236008, -0.976936757565, 2.35108470917, -6.25472545624],
        "cov": [[2080.31298828, -417.167358398, -48.2584991455, -17.9750537872, -170.781188965, 34.6290664673, 35.3310508728, 5.4663310051, 6.62126302719, 6.49952316284, 16.1833553314, 64.8830108643, 4.09702587128], [-417.167358398, 922.487915039, -73.8848876953, 167.710922241, 164.722320557, 65.8210067749, 91.6455001831, 57.580871582, 97.8288574219, 72.2763977051, 74.9948654175, 38.5837974548, 18.702299118], [-48.2584991455, -73.8848876953, 470.502716064, 30.0267219543, 58.3007583618, 95.1697769165, 44.8237075806, 96.1978683472, 39.8992538452, 61.080329895, 6.82908058167, 13.4184541702, 11.6444606781], [-17.9750537872, 167.710922241, 30.0267219543, 270.382080078, 146.229995728, 85.6037368774, 105.522789001, 60.5161399841, 72.0119552612, 53.8592643738, 48.1944847107, 27.0270175934, 31.5638980865], [-170.781188965, 164.722320557, 58.3007583618, 146.229995728, 266.51171875, 72.5453414917, 58.5751037598, 56.6352577209, 50.1895179749, 43.8053016663, 50.2022094727, 13.8898420334, 29.6171131134], [34.6290664673, 65.8210067749, 95.1697769165, 85.6037368774, 72.5453414917, 180.87612915, 94.8110733032, 49.900226593, 50.8674583435, 50.8585586548, 48.8862915039, 42.7364387512, 21.0309791565], [35.3310508728, 91.6455001831, 44.8237075806, 105.522789001, 58.5751037598, 94.8110733032, 195.417144775, 62.0071907043, 58.4687576294, 48.8863258362, 32.7221679688, 37.4158630371, 15.8075284958], [5.4663310051, 57.580871582, 96.1978683472, 60.5161399841, 56.6352577209, 49.900226593, 62.0071907043, 141.414016724, 65.7503051758, 32.5953521729, 25.5869960785, 26.1471004486, 19.447593689], [6.62126302719, 97.8288574219, 39.8992538452, 72.0119552612, 50.1895179749, 50.8674583435, 58.4687576294, 65.7503051758, 121.126785278, 42.9413032532, 32.2184829712, 30.8350658417, 12.8893461227], [6.49952316284, 72.2763977051, 61.080329895, 53.8592643738, 43.8053016663, 50.8585586548, 48.8863258362, 32.5953521729, 42.9413032532, 112.062049866, 45.5286445618, 28.6810359955, 10.7446546555], [16.1833553314, 74.9948654175, 6.82908058167, 48.1944847107, 50.2022094727, 48.8862915039, 32.7221679688, 25.5869960785, 32.2184829712, 45.5286445618, 106.401763916, 35.9031028748, 19.9589214325], [64.8830108643, 38.5837974548, 13.4184541702, 27.0270175934, 13.8898420334, 42.7364387512, 37.4158630371, 26.1471004486, 30.8350658417, 28.6810359955, 35.9031028748, 79.9526062012, 23.0406074524], [4.09702587128, 18.702299118, 11.6444606781, 31.5638980865, 29.6171131134, 21.0309791565, 15.8075284958, 19.447593689, 12.8893461227, 10.7446546555, 19.9589214325, 23.0406074524, 77.5855636597]],
