{
"lowlevel": {
    "average_loudness": 0.970548212528,
    "barkbands_crest": {
        "dmean": 2.39436578751,
        "dmean2": 3.92564964294,
        "dvar": 4.76556396484,
        "dvar2": 13.7823619843,
        "max": 24.6642150879,
        "mean": 11.3643217087,
        "median": 10.8366775513,
        "min": 3.4471654892,
        "var": 15.1907377243
    },
    "barkbands_flatness_db": {
        "dmean": 0.0256619844586,
        "dmean2": 0.0397748164833,
        "dvar": 0.000767282617744,
        "dvar2": 0.00192059075925,
        "max": 0.35316246748,
        "mean": 0.167138323188,
        "median": 0.16341394186,
        "min": 0.0448234081268,
        "var": 0.00275454111397
    },
    "barkbands_kurtosis": {
        "dmean": 5.85014724731,
        "dmean2": 9.40868091583,
        "dvar": 108.691482544,
        "dvar2": 280.644256592,
        "max": 111.19304657,
        "mean": 8.86051082611,
        "median": 4.39020633698,
        "min": -1.81857585907,
        "var": 178.852996826
    },
    "barkbands_skewness": {
        "dmean": 0.728342354298,
        "dmean2": 1.11371433735,
        "dvar": 0.752891778946,
        "dvar2": 1.778398633,
        "max": 8.57941055298,
        "mean": 2.29462623596,
        "median": 2.143222332,
        "min": -1.89524805546,
        "var": 2.64607572556
    },
    "barkbands_spread": {
        "dmean": 6.90340852737,
        "dmean2": 10.6805057526,
        "dvar": 78.6640014648,
        "dvar2": 184.638519287,
        "max": 106.492248535,
        "mean": 22.4143390656,
        "median": 19.8625030518,
        "min": 1.09269046783,
        "var": 220.233184814
    },
    "dissonance": {
        "dmean": 0.0204704795033,
        "dmean2": 0.0343487858772,
        "dvar": 0.000491196173243,
        "dvar2": 0.00123350170907,
        "max": 0.499973744154,
        "mean": 0.461391329765,
        "median": 0.468568861485,
        "min": 0.10266892612,
        "var": 0.000818739179522
    },
    "dynamic_complexity": 3.28772735596,
    "erbbands_crest": {
        "dmean": 2.89723992348,
        "dmean2": 4.64217376709,
        "dvar": 8.10184288025,
        "dvar2": 21.0514698029,
        "max": 29.7859611511,
        "mean": 10.3894882202,
        "median": 9.37405014038,
        "min": 2.23762845993,
        "var": 24.3018627167
    },
    "erbbands_flatness_db": {
        "dmean": 0.0179996024817,
        "dmean2": 0.0258147716522,
        "dvar": 0.000396133458707,
        "dvar2": 0.000823502370622,
        "max": 0.313005536795,
        "mean": 0.146864756942,
        "median": 0.140741378069,
        "min": 0.0527872554958,
        "var": 0.00210290728137
    },
    "erbbands_kurtosis": {
        "dmean": 0.951513648033,
        "dmean2": 1.55018258095,
        "dvar": 2.35757875443,
        "dvar2": 6.32377815247,
        "max": 19.9328041077,
        "mean": 0.398587793112,
        "median": -0.137464284897,
        "min": -1.82797241211,
        "var": 3.56082820892
    },
    "erbbands_skewness": {
        "dmean": 0.392087131739,
        "dmean2": 0.600534260273,
        "dvar": 0.195500046015,
        "dvar2": 0.460822433233,
        "max": 4.17407989502,
        "mean": 0.203585490584,
        "median": 0.18198761344,
        "min": -3.22985863686,
        "var": 0.510561585426
    },
    "erbbands_spread": {
        "dmean": 11.7031555176,
        "dmean2": 17.670715332,
        "dvar": 235.173706055,
        "dvar2": 520.113769531,
        "max": 175.716690063,
        "mean": 52.5292396545,
        "median": 44.9949798584,
        "min": 6.04545354843,
        "var": 969.925964355
    },
    "hfc": {
        "dmean": 5.81534957886,
        "dmean2": 8.38434505463,
        "dvar": 120.22077179,
        "dvar2": 283.040710449,
        "max": 130.334411621,
        "mean": 13.8056573868,
        "median": 8.58355236053,
        "min": 1.20176756624e-16,
        "var": 226.248016357
    },
    "melbands_crest": {
        "dmean": 2.53746604919,
        "dmean2": 4.20800113678,
        "dvar": 5.80994081497,
        "dvar2": 14.6459417343,
        "max": 31.4379959106,
        "mean": 15.1727752686,
        "median": 15.0887889862,
        "min": 2.23863148689,
        "var": 16.7714920044
    },
    "melbands_flatness_db": {
        "dmean": 0.0302467644215,
        "dmean2": 0.0453256294131,
        "dvar": 0.00109681359027,
        "dvar2": 0.00261749397032,
        "max": 0.469580054283,
        "mean": 0.238420426846,
        "median": 0.236300349236,
        "min": 0.00743651064113,
        "var": 0.00456117419526
    },
    "melbands_kurtosis": {
        "dmean": 18.0185680389,
        "dmean2": 28.3624248505,
        "dvar": 1012.81378174,
        "dvar2": 2437.71777344,
        "max": 354.349700928,
        "mean": 35.6045036316,
        "median": 17.9825057983,
        "min": -1.56787025928,
        "var": 2418.03662109
    },
    "melbands_skewness": {
        "dmean": 1.05409145355,
        "dmean2": 1.61194729805,
        "dvar": 1.57055079937,
        "dvar2": 3.36014485359,
        "max": 15.984711647,
        "mean": 4.20450353622,
        "median": 3.66084694862,
        "min": -0.388232171535,
        "var": 7.40029716492
    },
    "melbands_spread": {
        "dmean": 6.29904174805,
        "dmean2": 9.40335083008,
        "dvar": 75.6960983276,
        "dvar2": 150.247695923,
        "max": 136.150772095,
        "mean": 19.0765419006,
        "median": 13.3479099274,
        "min": 0.922804176807,
        "var": 286.116882324
    },
    "pitch_salience": {
        "dmean": 0.0649836435914,
        "dmean2": 0.107076242566,
        "dvar": 0.00328334467486,
        "dvar2": 0.00881503615528,
        "max": 0.837660551071,
        "mean": 0.497146517038,
        "median": 0.495851099491,
        "min": 0.166455060244,
        "var": 0.0107382806018
    },
    "silence_rate_20dB": {
        "dmean": 0,
        "dmean2": 0,
        "dvar": 0,
        "dvar2": 0,
        "max": 1,
        "mean": 1,
        "median": 1,
        "min": 1,
        "var": 0
    },
    "silence_rate_30dB": {
        "dmean": 0.0484785959125,
        "dmean2": 0.0970072224736,
        "dvar": 0.0461281873286,
        "dvar2": 0.106173597276,
        "max": 1,
        "mean": 0.958247423172,
        "median": 1,
        "min": 0,
        "var": 0.0400086678565
    },
    "silence_rate_60dB": {
        "dmean": 0.0201134607196,
        "dmean2": 0.0402476787567,
        "dvar": 0.0197087451816,
        "dvar2": 0.0437870919704,
        "max": 1,
        "mean": 0.0329896919429,
        "median": 0,
        "min": 0,
        "var": 0.0319013148546
    },
    "spectral_centroid": {
        "dmean": 275.143676758,
        "dmean2": 409.789642334,
        "dvar": 145950.234375,
        "dvar2": 239541.71875,
        "max": 10843.8515625,
        "mean": 1211.56677246,
        "median": 1036.18237305,
        "min": 165.652572632,
        "var": 512622.96875
    },
    "spectral_complexity": {
        "dmean": 2.73955655098,
        "dmean2": 3.87048506737,
        "dvar": 11.0518007278,
        "dvar2": 17.6287059784,
        "max": 47,
        "mean": 11.1773195267,
        "median": 9,
        "min": 0,
        "var": 53.0695495605
    },
    "spectral_decrease": {
        "dmean": 4.31130509071e-09,
        "dmean2": 7.19999704302e-09,
        "dvar": 1.30198215181e-16,
        "dvar2": 3.41806593337e-16,
        "max": 1.34093925621e-29,
        "mean": -6.63407240253e-09,
        "median": -4.06051725577e-09,
        "min": -1.20432872563e-07,
        "var": 1.09131671985e-16
    },
    "spectral_energy": {
        "dmean": 0.0166381057352,
        "dmean2": 0.0276472680271,
        "dvar": 0.00190632138401,
        "dvar2": 0.00499421032146,
        "max": 0.461121052504,
        "mean": 0.026290724054,
        "median": 0.0161361396313,
        "min": 1.08497726657e-20,
        "var": 0.00162249151617
    },
    "spectral_energyband_high": {
        "dmean": 0.000343943975167,
        "dmean2": 0.000509967620019,
        "dvar": 5.94235700646e-07,
        "dvar2": 1.41956229527e-06,
        "max": 0.0104723246768,
        "mean": 0.00065269775223,
        "median": 0.00025103270309,
        "min": 8.04018828387e-21,
        "var": 1.00831141481e-06
    },
    "spectral_energyband_low": {
        "dmean": 0.0119123933837,
        "dmean2": 0.0209169089794,
        "dvar": 0.00122253899463,
        "dvar2": 0.00336692854762,
        "max": 0.363687038422,
        "mean": 0.0155589086935,
        "median": 0.00914688687772,
        "min": 2.57343450901e-23,
        "var": 0.000885821937118
    },
    "spectral_energyband_middle_high": {
        "dmean": 0.000873547338415,
        "dmean2": 0.00115428480785,
        "dvar": 2.04084881261e-06,
        "dvar2": 3.24110646943e-06,
        "max": 0.0298765618354,
        "mean": 0.00294039607979,
        "median": 0.00144082785118,
        "min": 1.56218380021e-21,
        "var": 1.48353874465e-05
    },
    "spectral_energyband_middle_low": {
        "dmean": 0.00922777410597,
        "dmean2": 0.0153376050293,
        "dvar": 0.000604363682214,
        "dvar2": 0.00152113602962,
        "max": 0.248965963721,
        "mean": 0.0105561735108,
        "median": 0.00379683612846,
        "min": 2.31638086983e-22,
        "var": 0.000528813106939
    },
    "spectral_entropy": {
        "dmean": 0.197654888034,
        "dmean2": 0.311032891273,
        "dvar": 0.0602582283318,
        "dvar2": 0.152665868402,
        "max": 9.81262302399,
        "mean": 7.48879289627,
        "median": 7.50244903564,
        "min": 5.78320217133,
        "var": 0.144217118621
    },
    "spectral_flux": {
        "dmean": 0.0343975871801,
        "dmean2": 0.0536370463669,
        "dvar": 0.00378829659894,
        "dvar2": 0.00800679530948,
        "max": 0.594506263733,
        "mean": 0.0797003731132,
        "median": 0.0548836886883,
        "min": 1.04162241332e-10,
        "var": 0.0059500336647
    },
    "spectral_kurtosis": {
        "dmean": 1.20368003845,
        "dmean2": 1.98425519466,
        "dvar": 2.34525251389,
        "dvar2": 5.98470258713,
        "max": 18.3933410645,
        "mean": 2.80270791054,
        "median": 2.36609053612,
        "min": -1.25575935841,
        "var": 4.97837734222
    },
    "spectral_rms": {
        "dmean": 0.00113588781096,
        "dmean2": 0.00177309452556,
        "dvar": 4.51660116596e-06,
        "dvar2": 1.08349095171e-05,
        "max": 0.0212102383375,
        "mean": 0.00444487901405,
        "median": 0.00396769121289,
        "min": 3.25348190229e-12,
        "var": 5.89254750594e-06
    },
    "spectral_rolloff": {
        "dmean": 484.826660156,
        "dmean2": 815.928588867,
        "dvar": 1274126.25,
        "dvar2": 2965045.75,
        "max": 18410.8886719,
        "mean": 1135.51000977,
        "median": 581.396484375,
        "min": 64.599609375,
        "var": 2200666.5
    },
    "spectral_skewness": {
        "dmean": 0.204971387982,
        "dmean2": 0.31980112195,
        "dvar": 0.0510816946626,
        "dvar2": 0.119423255324,
        "max": 3.23227334023,
        "mean": 1.33324348927,
        "median": 1.29988777637,
        "min": 0.0272715184838,
        "var": 0.164878666401
    },
    "spectral_spread": {
        "dmean": 816363.75,
        "dmean2": 1200359.25,
        "dvar": 2.01020473344e+12,
        "dvar2": 3.80629103411e+12,
        "max": 41837536,
        "mean": 5759045.5,
        "median": 4975596.5,
        "min": 2042467.5,
        "var": 6.5379804119e+12
    },
    "spectral_strongpeak": {
        "dmean": 0.33429723978,
        "dmean2": 0.574311494827,
        "dvar": 0.443323582411,
        "dvar2": 1.10106432438,
        "max": 8.23444461823,
        "mean": 0.559482097626,
        "median": 0.269055426121,
        "min": 0,
        "var": 0.846755445004
    },
    "zerocrossingrate": {
        "dmean": 0.0113352267072,
        "dmean2": 0.0137288160622,
        "dvar": 0.000287918286631,
        "dvar2": 0.000365894113202,
        "max": 0.50732421875,
        "mean": 0.0578114949167,
        "median": 0.05126953125,
        "min": 0.00390625,
        "var": 0.00117244827561
    },
    "barkbands": {
        "dmean": [0.000160847121151, 0.00436872662976, 0.00440593343228, 0.00653306534514, 0.00123152148444, 0.00159845384769, 0.000452131091151, 0.000291848788038, 0.000394463539124, 0.000148230581544, 0.000152403255925, 0.000230425328482, 0.000273570534773, 0.000153184431838, 0.000132544446387, 0.000103246224171, 5.92400538153e-05, 8.72650853125e-05, 0.000104214755993, 0.000100284771179, 5.46578303329e-05, 4.78538277093e-05, 4.912296572e-05, 4.39532777818e-05, 8.51288787089e-05, 7.6787218859e-05, 2.33047717302e-06],
        "dmean2": [0.000274265708867, 0.00740020396188, 0.00815107859671, 0.0113048804924, 0.00198901956901, 0.00272555346601, 0.000746110687032, 0.000474081054563, 0.000610385555774, 0.000233181141084, 0.000234029794228, 0.000347186432919, 0.000383964914363, 0.000223786671995, 0.000197233719518, 0.000156160982442, 8.87463320396e-05, 0.000127952996991, 0.000148071005242, 0.000140898657264, 8.17549298517e-05, 7.1301292337e-05, 7.05006823409e-05, 6.63251630613e-05, 0.000132284971187, 0.0001338536822, 3.98423844672e-06],
        "dvar": [1.65292959764e-07, 0.000101935169369, 0.000198320383788, 0.000435429188656, 6.80404536979e-06, 3.01548734569e-05, 2.00211911761e-06, 9.74675913312e-07, 1.99510486709e-06, 1.23427369658e-07, 1.75259415869e-07, 2.85005910428e-07, 5.94693574385e-07, 1.31642067913e-07, 1.53953109816e-07, 9.904857734e-08, 1.12130873475e-08, 8.58643716128e-08, 1.02119599887e-07, 7.36592724593e-08, 1.4397972592e-08, 9.66203916875e-09, 1.38592533006e-08, 8.6575449032e-09, 7.88367700011e-08, 1.02110519151e-07, 1.19667942222e-10],
        "dvar2": [4.60391390789e-07, 0.000277068378637, 0.000577054102905, 0.00113703776151, 1.63491877174e-05, 7.85463198554e-05, 4.92308663524e-06, 2.42773035097e-06, 4.35939500676e-06, 3.06018648644e-07, 3.49112923459e-07, 5.93568927343e-07, 1.0259290093e-06, 2.77390512338e-07, 3.40235715157e-07, 2.19775927235e-07, 2.43595543736e-08, 1.90341694406e-07, 2.00145635176e-07, 1.42307854389e-07, 2.97233171409e-08, 2.04368699741e-08, 2.42280968621e-08, 1.92063787097e-08, 1.89594885569e-07, 2.74451082305e-07, 2.95340862877e-10],
        "max": [0.00610765675083, 0.100301638246, 0.148460969329, 0.213833883405, 0.0323684364557, 0.0552844926715, 0.0393943078816, 0.0209723711014, 0.0407988317311, 0.00683928420767, 0.0100856600329, 0.00888110511005, 0.0263478998095, 0.00641284324229, 0.00921752303839, 0.0101611446589, 0.00177289126441, 0.00970478728414, 0.00800666678697, 0.00512541597709, 0.00180211174302, 0.0020860650111, 0.00391985569149, 0.00155726296362, 0.00360609847121, 0.00493235699832, 0.00021023156296],
        "mean": [0.000241303278017, 0.00740497047082, 0.00454382784665, 0.00545571558177, 0.00193092157133, 0.00162417476531, 0.000566712056752, 0.000339046237059, 0.000565451278817, 0.000240860230406, 0.000323421438225, 0.000498190813232, 0.000611074268818, 0.000260919419816, 0.000231145255384, 0.000204351250432, 0.000109815817268, 0.00014263871708, 0.000234227438341, 0.000195070751943, 9.99445328489e-05, 9.70606706687e-05, 0.00010223263962, 8.73790486366e-05, 0.000115638431453, 6.27315530437e-05, 1.91756362256e-06],
        "median": [8.05656018201e-05, 0.00571855716407, 0.00198411662132, 0.000832089281175, 0.000912627845537, 0.000319486367516, 0.000121941775433, 5.98510850978e-05, 7.76473752921e-05, 4.66801320727e-05, 4.29142237408e-05, 0.000105455037556, 0.000111728884804, 6.02394866291e-05, 6.38854544377e-05, 3.3725737012e-05, 4.71995736007e-05, 2.7763297112e-05, 3.75491763407e-05, 3.55044576281e-05, 3.66115527868e-05, 4.00527023885e-05, 4.40500880359e-05, 3.31944756908e-05, 1.73266380443e-05, 1.7216109427e-06, 3.75029571842e-08],
        "min": [1.22708276217e-23, 1.06298612548e-23, 9.22464123623e-24, 4.36867895539e-24, 9.11832140333e-23, 2.72990932941e-23, 3.43071915812e-23, 3.27106854148e-23, 2.42494690528e-23, 4.67922533144e-23, 8.56522830348e-23, 7.92461518828e-23, 1.82011200845e-22, 1.46040001848e-22, 1.58891883902e-22, 5.81964525451e-23, 2.20498134068e-22, 1.82594730723e-22, 2.00957241652e-22, 3.14824087906e-22, 4.54153609754e-22, 4.82708960884e-22, 8.18448010685e-22, 8.95443207928e-22, 1.28405330594e-21, 2.05353160842e-21, 2.13887419097e-21],
        "var": [1.69038742115e-07, 9.20354068512e-05, 0.000119330470625, 0.000331924966304, 8.86292400537e-06, 2.61787172349e-05, 2.51426786235e-06, 9.66210336628e-07, 3.88848002331e-06, 2.47451339419e-07, 7.96078495569e-07, 1.03071374724e-06, 3.42787893715e-06, 3.41114571256e-07, 3.13582404488e-07, 2.66832699936e-07, 2.61763730691e-08, 1.86816478731e-07, 4.0397895873e-07, 2.41333964368e-07, 3.12677777004e-08, 2.65850754744e-08, 4.29099848986e-08, 2.04802024228e-08, 8.84808812884e-08, 7.09140266508e-08, 1.0509710463e-10]
    },
    "erbbands": {
        "dmean": [0.123389743268, 1.03251206875, 3.70200562477, 16.869052887, 9.83158493042, 3.8356320858, 5.98231172562, 16.2245426178, 5.99906587601, 7.97772073746, 6.30520391464, 8.99432182312, 5.75671005249, 4.61465835571, 5.55817985535, 10.4356985092, 11.4410896301, 9.75246143341, 5.69136095047, 7.72745752335, 3.91075396538, 2.87014460564, 4.03570985794, 4.85337877274, 5.13881778717, 4.50020980835, 2.64504122734, 1.91999304295, 1.61607146263, 1.70253574848, 1.34896612167, 0.827723264694, 0.830908298492, 0.883775770664, 0.684813380241, 0.392569094896, 0.134767636657, 0.0128895528615, 0.000363980245311, 2.54836249951e-05],
        "dmean2": [0.20765426755, 1.76291716099, 6.79664421082, 29.8520450592, 15.7326593399, 6.39608287811, 10.1267881393, 27.8186359406, 9.41646194458, 13.493885994, 9.63855457306, 13.4581346512, 9.10055732727, 7.20964193344, 8.40005970001, 15.8932476044, 15.6859722137, 13.9581031799, 7.909324646, 11.3857517242, 5.85453653336, 4.1758852005, 5.85106229782, 6.77858781815, 7.25982904434, 6.30854988098, 3.83541727066, 2.95125579834, 2.41967129707, 2.46252250671, 1.95955955982, 1.23900079727, 1.25878274441, 1.32863414288, 1.12583744526, 0.684608340263, 0.235439121723, 0.0218646805733, 0.000620035105385, 4.05541941291e-05],
        "dvar": [0.0730167999864, 5.89295434952, 128.709091187, 3121.95092773, 687.429199219, 64.7722702026, 239.523040771, 3701.03588867, 472.160644531, 694.653930664, 481.114227295, 790.038513184, 365.656677246, 117.880905151, 226.577331543, 646.865966797, 1208.34667969, 521.008666992, 224.371261597, 503.40234375, 54.3887939453, 25.6514129639, 211.852478027, 231.268768311, 237.219604492, 163.099868774, 49.0523643494, 14.1109638214, 11.7524242401, 14.2982978821, 11.3496303558, 2.742841959, 3.6276986599, 6.09169483185, 6.82089090347, 2.58185243607, 0.342004984617, 0.00278916815296, 2.16735998038e-06, 4.52625847913e-09],
        "dvar2": [0.193250373006, 16.2124652863, 372.846130371, 8546.03320312, 1552.53942871, 168.794265747, 639.257141113, 9689.9765625, 1056.17663574, 1838.19873047, 952.518676758, 1662.86120605, 928.918701172, 285.034057617, 428.112823486, 1439.5690918, 1910.95996094, 1010.32861328, 404.985473633, 914.827514648, 112.027702332, 51.6979408264, 480.000091553, 426.819122314, 471.137878418, 328.231719971, 100.253730774, 32.0531768799, 25.8826293945, 24.9528808594, 20.0081710815, 5.56442403793, 8.1946516037, 13.4155302048, 17.2039432526, 6.90328359604, 0.927672147751, 0.00717788562179, 5.59796171729e-06, 1.10608482373e-08],
        "max": [3.08361935616, 21.9535942078, 117.19858551, 586.42565918, 275.461273193, 80.7576828003, 135.274124146, 625.411743164, 753.867736816, 309.803314209, 742.902709961, 895.158813477, 531.54901123, 205.289245605, 370.614562988, 454.569152832, 1360.52172852, 370.710113525, 443.50994873, 634.577209473, 139.906082153, 86.3099822998, 599.784484863, 270.941558838, 420.033081055, 275.643737793, 145.192718506, 50.2618789673, 83.0576553345, 100.578071594, 112.520027161, 36.4393615723, 30.3921546936, 43.7054138184, 34.8728065491, 21.7601585388, 10.0476112366, 0.825574219227, 0.0215612351894, 0.000769075471908],
        "mean": [0.207335218787, 1.69766771793, 4.54912376404, 14.1727142334, 11.0835237503, 5.63529968262, 7.23993206024, 15.4591522217, 8.2141160965, 8.78660297394, 8.85317611694, 13.3910102844, 8.73396968842, 9.12020015717, 13.0864953995, 23.3766727448, 27.1524600983, 19.2352275848, 11.1613578796, 15.0881481171, 8.88980007172, 5.83690452576, 7.22017240524, 10.2078332901, 12.3293333054, 9.05251693726, 4.95235061646, 3.58942985535, 3.20220708847, 3.64902687073, 2.74400162697, 1.64029550552, 1.63663554192, 1.53042972088, 0.690060555935, 0.333290219307, 0.106946215034, 0.0109895914793, 0.000312608288368, 4.12516492361e-05],
        "median": [0.134501367807, 1.28912377357, 2.34800195694, 2.92649459839, 3.09914779663, 2.73642063141, 2.71454262733, 2.34728622437, 1.64497923851, 1.84485387802, 1.80938327312, 2.1785697937, 1.98428153992, 2.37793779373, 3.02703666687, 5.80042076111, 5.79460906982, 5.19563484192, 3.73965096474, 3.33240962029, 3.11118078232, 2.96721625328, 1.74077939987, 1.32329976559, 2.58346033096, 1.57259821892, 1.28680419922, 1.5212533474, 1.3148471117, 1.44556760788, 1.1676762104, 0.680350422859, 0.554972946644, 0.294595003128, 0.0620935484767, 0.0124528883025, 0.00218507088721, 0.000267574272584, 1.90895480046e-05, 2.12495324377e-05],
        "min": [5.17587568595e-22, 1.86440027526e-21, 9.38012070981e-21, 1.51149356239e-20, 1.80914636325e-19, 3.10646360725e-19, 3.40816687894e-19, 1.3982172521e-19, 3.73255842235e-19, 6.45380324285e-19, 8.05754256544e-19, 6.12057405008e-19, 9.81006324588e-19, 2.45270570112e-18, 4.08959956003e-18, 2.85923436651e-18, 8.61191715081e-18, 8.05226908224e-18, 8.21612942568e-18, 5.2835983783e-18, 6.18611405155e-18, 1.22663928253e-17, 8.16481527638e-18, 1.18092696577e-17, 1.30889445351e-17, 1.44389305918e-17, 1.67371096487e-17, 1.71375858335e-17, 1.72659510297e-17, 2.35155817989e-17, 2.28870337212e-17, 1.59558855366e-17, 1.57164217123e-17, 1.1354403866e-17, 1.09862704432e-17, 6.74468099507e-18, 3.72239795609e-18, 1.42031533047e-18, 3.01040880958e-19, 3.2044156212e-20],
        "var": [0.0786108449101, 5.02984762192, 81.8482208252, 2126.3112793, 730.078491211, 81.0481262207, 228.152740479, 3069.66748047, 719.305114746, 607.15802002, 851.058776855, 2024.94384766, 407.718597412, 337.678894043, 1024.76025391, 2105.39672852, 7993.02050781, 1396.15905762, 665.703308105, 1271.75280762, 244.07244873, 65.0735092163, 457.08795166, 817.492004395, 1100.76660156, 517.422180176, 115.021644592, 30.1604175568, 29.0709705353, 50.2109184265, 34.1721191406, 7.07173442841, 8.1480140686, 10.3374824524, 5.76206922531, 1.8232023716, 0.232033103704, 0.00219273986295, 1.71937369942e-06, 4.65636817992e-09]
    },
    "gfcc": {
        "mean": [-30.3952960968, 92.2676620483, -99.4900741577, 54.4915084839, -52.5717201233, 33.7117271423, -35.7339630127, 3.72976398468, -23.3966598511, 0.796843707561, -8.99694919586, -4.55525159836, -9.71388912201],
        "cov": [[4391.60888672, -576.596679688, 131.078018188, -285.937469482, -125.892463684, -128.166915894, -135.365707397, 281.859008789, -201.613571167, 278.111297607, -352.030944824, 47.8872947693, -198.038070679], [-576.596679688, 1353.65795898, -499.563476562, 38.0448722839, 170.35055542, -90.6483612061, 180.540374756, -175.534759521, 313.823028564, -199.799804688, 209.858688354, -74.6809387207, 233.072570801], [131.078018188, -499.563476562, 1356.98681641, 158.244735718, 60.7054214478, 153.329177856, -144.375640869, 150.464904785, -125.367637634, 64.3862228394, -191.124221802, 108.300514221, -111.849205017], [-285.937469482, 38.0448722839, 158.244735718, 377.427001953, 95.6848983765, 78.7810897827, 38.8290061951, -5.2794251442, 51.1535301208, -49.0013542175, 62.8213729858, -36.2259979248, 32.0882644653], [-125.892463684, 170.35055542, 60.7054214478, 95.6848983765, 293.122039795, 141.972702026, 53.1429443359, -20.8169116974, 48.0696105957, -29.5306797028, 37.7151679993, 13.377948761, 35.5948410034], [-128.166915894, -90.6483612061, 153.329177856, 78.7810897827, 141.972702026, 421.276062012, 46.4433326721, 13.6717615128, -7.17707872391, -74.7343597412, 64.4251098633, 1.58341825008, 63.7961730957], [-135.365707397, 180.540374756, -144.375640869, 38.8290061951, 53.1429443359, 46.4433326721, 228.097717285, 10.5738382339, 25.785446167, -48.5819244385, 59.2813606262, -12.8375196457, 26.9391479492], [281.859008789, -175.534759521, 150.464904785, -5.2794251442, -20.8169116974, 13.6717615128, 10.5738382339, 190.093414307, -1.91566705704, 32.1539459229, -62.3405990601, -3.48147249222, -29.9157943726], [-201.613571167, 313.823028564, -125.367637634, 51.1535301208, 48.0696105957, -7.17707872391, 25.785446167, -1.91566705704, 217.314712524, -26.1631946564, 31.6129074097, -36.7010192871, 76.7878341675], [278.111297607, -199.799804688, 64.3862228394, -49.0013542175, -29.5306797028, -74.7343597412, -48.5819244385, 32.1539459229, -26.1631946564, 158.749969482, -30.6478157043, 9.447473526, -83.1800537109], [-352.030944824, 209.858688354, -191.124221802, 62.8213729858, 37.7151679993, 64.4251098633, 59.2813606262, -62.3405990601, 31.6129074097, -30.6478157043, 201.511138916, -16.577545166, 30.3464012146], [47.8872947693, -74.6809387207, 108.300514221, -36.2259979248, 13.377948761, 1.58341825008, -12.8375196457, -3.48147249222, -36.7010192871, 9.447473526, -16.577545166, 123.041290283, 7.99348402023], [-198.038070679, 233.072570801, -111.849205017, 32.0882644653, 35.5948410034, 63.7961730957, 26.9391479492, -29.9157943726, 76.7878341675, -83.1800537109, 30.3464012146, 7.99348402023, 153.445556641]],
        "icov": [[0.000356720061973, -0.000333186646458, 0.000227775162784, -0.000139801588375, 0.000153609522386, -0.000370833440684, 0.000230374949751, -0.000549186486751, 0.000524956965819, -0.000703382131178, 0.000817403371911, -0.000287646689685, 0.000342103448929], [-0.000333186646458, 0.00355268782005, -0.000856257043779, 0.00172977300826, -0.00199006055482, 0.00290287169628, -0.00166336947586, 0.0020468540024, -0.00331631535664, 0.00313196796924, -0.00345423817635, 0.0021079943981, -0.00293566402979], [0.000227775162784, -0.000856257043779, 0.00175292266067, -0.00139535276685, 0.000396119750803, -0.00147947412916, 0.0011917630909, -0.00130076729693, 0.00108413724229, -0.000919060781598, 0.00228998251259, -0.00191504054237, 0.00183062371798], [-0.000139801588375, 0.00172977300826, -0.00139535276685, 0.00469967909157, -0.00180348823778, 0.00180712435395, -0.0012111075921, 0.00106697774027, -0.00201998464763, 0.00218924647197, -0.00320863095112, 0.00272177672014, -0.00202966830693], [0.000153609522386, -0.00199006055482, 0.000396119750803, -0.00180348823778, 0.00592945283279, -0.00319106713869, 4.19946773036e-05, -0.000181640265509, 0.000565092253964, -0.00211333227344, 0.00221698917449, -0.00225509959273, 0.00204599881545], [-0.000370833440684, 0.00290287169628, -0.00147947412916, 0.00180712435395, -0.00319106713869, 0.00623825099319, -0.00152859196533, 0.000990905449726, -0.00166875019204, 0.00362264527939, -0.00461183302104, 0.00274928286672, -0.00416828598827], [0.000230374949751, -0.00166336947586, 0.0011917630909, -0.0012111075921, 4.19946773036e-05, -0.00152859196533, 0.00652154674754, -0.00255448883399, 0.00167162774596, 1.01676687336e-05, 0.000732221640646, -0.00141673965845, 0.00202663033269], [-0.000549186486751, 0.0020468540024, -0.00130076729693, 0.00106697774027, -0.000181640265509, 0.000990905449726, -0.00255448883399, 0.00854015070945, -0.00308382604271, 0.000976466631982, -0.00058403640287, 0.00189889618196, -0.0011563351145], [0.000524956965819, -0.00331631535664, 0.00108413724229, -0.00201998464763, 0.000565092253964, -0.00166875019204, 0.00167162774596, -0.00308382604271, 0.0101211685687, -0.00415134895593, 0.00299902795814, 0.000108471169369, -0.00131857406814], [-0.000703382131178, 0.00313196796924, -0.000919060781598, 0.00218924647197, -0.00211333227344, 0.00362264527939, 1.01676687336e-05, 0.000976466631982, -0.00415134895593, 0.0134200723842, -0.00412266189232, 0.000853321922477, 0.00250300834887], [0.000817403371911, -0.00345423817635, 0.00228998251259, -0.00320863095112, 0.00221698917449, -0.00461183302104, 0.000732221640646, -0.00058403640287, 0.00299902795814, -0.00412266189232, 0.0119024785236, -0.00293326447718, 0.00386587553658], [-0.000287646689685, 0.0021079943981, -0.00191504054237, 0.00272177672014, -0.00225509959273, 0.00274928286672, -0.00141673965845, 0.00189889618196, 0.000108471169369, 0.000853321922477, -0.00293326447718, 0.0120294438675, -0.00517745595425], [0.000342103448929, -0.00293566402979, 0.00183062371798, -0.00202966830693, 0.00204599881545, -0.00416828598827, 0.00202663033269, -0.0011563351145, -0.00131857406814, 0.00250300834887, 0.00386587553658, -0.00517745595425, 0.0153753636405]]
    },
    "melbands": {
        "dmean": [0.00118179921992, 0.00169446924701, 0.0026245447807, 0.000416127528297, 0.000192347768461, 0.000339811493177, 8.94275071914e-05, 8.0266931036e-05, 5.40050023119e-05, 5.60096159461e-05, 2.89174513455e-05, 1.89104721358e-05, 2.17516426346e-05, 2.49272234214e-05, 2.37523108808e-05, 2.96484304272e-05, 1.74076940311e-05, 9.5365649031e-06, 1.0330002624e-05, 9.08934180188e-06, 4.62035359305e-06, 3.29095837515e-06, 3.0780479392e-06, 4.53696202385e-06, 4.2243941607e-06, 4.16405055148e-06, 3.83935093851e-06, 3.10155587613e-06, 1.86685758763e-06, 1.36994106015e-06, 1.13973828775e-06, 9.19693093238e-07, 1.11609119813e-06, 9.95293021333e-07, 8.58483076627e-07, 6.90981323714e-07, 4.82792472667e-07, 5.46558851511e-07, 7.67552478464e-07, 7.61223418522e-07],
        "dmean2": [0.00199383497238, 0.00304646394216, 0.00453175464645, 0.000665294937789, 0.000323330168612, 0.000578863837291, 0.00014241138706, 0.000135203677928, 8.37562474771e-05, 8.43932211865e-05, 4.6190158173e-05, 2.97523911286e-05, 3.28888709191e-05, 3.77289106837e-05, 3.55646152457e-05, 4.10385327996e-05, 2.51138153544e-05, 1.3488717741e-05, 1.47438795466e-05, 1.33770981847e-05, 7.07771096131e-06, 4.96110988024e-06, 4.48552100352e-06, 6.57232612866e-06, 6.10257848166e-06, 6.05951572652e-06, 5.48322668692e-06, 4.48690707344e-06, 2.77871777143e-06, 2.07545167541e-06, 1.77840718152e-06, 1.41990165048e-06, 1.70313705894e-06, 1.48058609284e-06, 1.27541011352e-06, 1.05378308035e-06, 7.42199517845e-07, 8.38805476633e-07, 1.19158494272e-06, 1.13567784865e-06],
        "dvar": [7.18611727279e-06, 2.25587409659e-05, 7.04291524016e-05, 9.32527086661e-07, 2.46454277431e-07, 1.51292931605e-06, 8.97544296663e-08, 6.8095701522e-08, 3.83368821133e-08, 3.28055627108e-08, 9.74778036067e-09, 2.03100847251e-09, 3.96726296259e-09, 3.36859451444e-09, 2.91756130366e-09, 8.07752176257e-09, 1.82317261288e-09, 6.12601358529e-10, 7.71692820756e-10, 6.78199163495e-10, 7.14520595468e-11, 3.33881533532e-11, 5.26478236007e-11, 2.89048951441e-10, 1.94564919731e-10, 1.82974177476e-10, 1.09664569092e-10, 9.78492217807e-11, 2.9347892172e-11, 1.08876926572e-11, 5.03103418301e-12, 4.17693050286e-12, 5.96153421767e-12, 5.06090785599e-12, 4.65898847279e-12, 2.42391133207e-12, 9.392919385e-13, 1.75279560831e-12, 3.31399751391e-12, 5.10286301061e-12],
        "dvar2": [1.92716470337e-05, 6.40875005047e-05, 0.000186705146916, 2.12325494431e-06, 6.55302017094e-07, 3.94432709072e-06, 2.05892703775e-07, 1.79376627329e-07, 6.86250771764e-08, 7.28880422685e-08, 2.50581422279e-08, 5.00547825411e-09, 7.62035945456e-09, 6.86505297054e-09, 6.06191186137e-09, 1.34980986388e-08, 3.61706753438e-09, 1.13517195643e-09, 1.52165402501e-09, 1.25163257536e-09, 1.55679330538e-10, 7.21276233184e-11, 1.08365906526e-10, 6.30434038307e-10, 3.70817293538e-10, 3.83829440453e-10, 1.85011103659e-10, 2.05731043312e-10, 6.31367319537e-11, 2.35482432165e-11, 1.16107366777e-11, 9.91986093962e-12, 1.31090078029e-11, 9.16766575848e-12, 8.33370959047e-12, 4.67907570328e-12, 2.01238808603e-12, 4.07545958786e-12, 7.69454812366e-12, 1.12446449721e-11],
        "max": [0.029438637197, 0.0484355725348, 0.0886915847659, 0.0110702207312, 0.00432736519724, 0.0126025080681, 0.00962692592293, 0.00317494082265, 0.00708024110645, 0.00481801200658, 0.00272523867898, 0.00084912130842, 0.00161774351727, 0.00128484156448, 0.00136991147883, 0.00291419564746, 0.000801698595751, 0.000575492391363, 0.000623145897407, 0.000903435342479, 0.000162999960594, 9.17111101444e-05, 0.000249542645179, 0.000594066863414, 0.000242410314968, 0.000352024799213, 0.000309212686261, 0.000206244920264, 0.000110612607386, 5.7541699789e-05, 3.64282896044e-05, 4.63809883513e-05, 4.26322003477e-05, 5.95323726884e-05, 7.31673135306e-05, 4.20629003202e-05, 1.52664833877e-05, 2.43162157858e-05, 2.48824999289e-05, 4.43728167738e-05],
        "mean": [0.00199937960133, 0.00238214479759, 0.00236507016234, 0.000565021531656, 0.000246638141107, 0.000333783274982, 0.000122468001791, 8.86585767148e-05, 8.01689457148e-05, 8.00188136054e-05, 4.19983407483e-05, 3.52290917363e-05, 4.70323611808e-05, 5.27682313987e-05, 5.14674284204e-05, 6.56597330817e-05, 3.09186580125e-05, 1.71750998561e-05, 1.84018535947e-05, 1.7776439563e-05, 9.40053632803e-06, 6.19217598796e-06, 5.32866897629e-06, 7.31640921003e-06, 8.21301091491e-06, 9.41203688853e-06, 8.16904048406e-06, 5.54049847779e-06, 3.28033206642e-06, 2.35239826907e-06, 1.97217968889e-06, 1.66702625393e-06, 2.09330369216e-06, 2.00002500605e-06, 1.63267918651e-06, 1.3226184592e-06, 8.61274088493e-07, 1.03648972072e-06, 1.40539714266e-06, 1.24332859741e-06],
        "median": [0.00151140894741, 0.0015600961633, 0.000561447930522, 0.000229149503866, 9.92749846773e-05, 5.42598536413e-05, 2.4497623599e-05, 1.86974975804e-05, 1.34932033689e-05, 1.13151172627e-05, 8.02496469987e-06, 8.34537604533e-06, 7.01077988197e-06, 1.12886800707e-05, 1.50204577949e-05, 1.14475187729e-05, 7.9519704741e-06, 4.32912202086e-06, 4.60313003714e-06, 2.92984213957e-06, 3.16924138133e-06, 2.81372422251e-06, 1.46331535689e-06, 1.35309937832e-06, 8.76293483998e-07, 1.76657147222e-06, 1.63227946359e-06, 7.91719344306e-07, 6.41770952825e-07, 9.47295291098e-07, 8.11262736988e-07, 6.86961925567e-07, 7.32359808353e-07, 7.73007172938e-07, 6.54241034681e-07, 5.59312070436e-07, 3.34870435381e-07, 3.78351558084e-07, 3.48709306763e-07, 1.97627116449e-07],
        "min": [4.16985169182e-24, 3.87841768001e-24, 5.83320553682e-24, 2.02021203598e-23, 1.13072072047e-23, 3.50110827006e-24, 6.00092801489e-24, 6.92453582905e-24, 6.61966791046e-24, 3.214520428e-24, 4.54702462884e-24, 8.93282502131e-24, 1.25689894338e-23, 1.21166163588e-23, 7.90024869487e-24, 2.16020392331e-23, 1.31055781435e-23, 1.19412778231e-23, 1.2714867959e-23, 3.6051621789e-24, 7.94901370944e-24, 1.48873325162e-23, 6.59046270202e-24, 7.49329901969e-24, 9.80182867248e-24, 8.01461853777e-24, 1.21233295651e-23, 8.50673284741e-24, 8.06224364834e-24, 1.49257421537e-23, 7.74905245833e-24, 9.57232615818e-24, 1.01155618099e-23, 1.45781305958e-23, 1.51540006344e-23, 6.7589105377e-24, 1.22475901461e-23, 1.28569970283e-23, 7.35216785944e-24, 1.05609558325e-23],
        "var": [6.9189277383e-06, 1.55513116624e-05, 5.22706104675e-05, 1.09291011086e-06, 2.43644308284e-07, 1.28750207296e-06, 1.31129070269e-07, 6.05923844432e-08, 8.79395116726e-08, 6.79833505046e-08, 1.05935225037e-08, 5.2015129981e-09, 1.74158074628e-08, 1.25907284598e-08, 1.42254874547e-08, 3.86597136526e-08, 4.1810399587e-09, 1.90620208507e-09, 1.83630755046e-09, 2.12071382677e-09, 2.70525629675e-10, 7.72900424217e-11, 1.46953033076e-10, 5.97718818884e-10, 6.09897299331e-10, 6.63103127962e-10, 5.38692646046e-10, 2.42491859925e-10, 6.32402880063e-11, 1.95619007104e-11, 1.04364026102e-11, 8.83029933896e-12, 1.59865922583e-11, 1.62185855024e-11, 1.39435832672e-11, 5.98655283332e-12, 2.00306026106e-12, 3.53497331233e-12, 6.72512523101e-12, 8.10986174049e-12]
    },
    "mfcc": {
        "mean": [-674.292480469, 108.796974182, 23.4018936157, 27.2350006104, 16.0028190613, 22.2512989044, 9.36166667938, 5.56113958359, -3.15949296951, 2.58418273926, 1.57488381863, 0.809389293194, 1.94701957703],
        "cov": [[3507.6171875, -71.0750198364, -365.703765869, -122.090827942, -224.635269165, -222.340179443, -68.0737686157, -120.60483551, 48.9806632996, 162.30758667, 20.0250015259, -160.206222534, -43.8938827515], [-71.0750198364, 982.109191895, -321.055999756, 37.4643859863, -32.0276603699, 33.123790741, -112.919128418, 41.7903404236, 52.1036834717, -25.9232063293, -61.2182617188, 49.6173210144, 55.3867073059], [-365.703765869, -321.055999756, 1026.93591309, 61.156578064, 270.776580811, 32.8432159424, 69.7086029053, 52.241443634, 103.110931396, -78.5896911621, 15.1678228378, 33.6015892029, -15.690905571], [-122.090827942, 37.4643859863, 61.156578064, 376.923614502, -9.05794525146, -20.2103481293, -40.8900184631, -0.304330945015, -18.8471851349, 49.0353126526, 27.1272335052, 6.01136779785, -37.4318580627], [-224.635269165, -32.0276603699, 270.776580811, -9.05794525146, 364.671295166, 122.209274292, 52.2561416626, 54.3854751587, 89.0172653198, -56.2594909668, 0.335123002529, 61.1206130981, 55.0378341675], [-222.340179443, 33.123790741, 32.8432159424, -20.2103481293, 122.209274292, 246.691696167, 93.5433425903, 60.4417304993, 28.1827602386, -49.4198226929, -7.55069541931, 45.7073822021, 45.1228256226], [-68.0737686157, -112.919128418, 69.7086029053, -40.8900184631, 52.2561416626, 93.5433425903, 265.122314453, 91.4532470703, -29.8314971924, -1.68340241909, 27.5289535522, 3.54770994186, 14.9766511917], [-120.60483551, 41.7903404236, 52.241443634, -0.304330945015, 54.3854751587, 60.4417304993, 91.4532470703, 171.75692749, 63.2277526855, -8.81043434143, -15.3333292007, 6.45392131805, 28.696647644], [48.9806632996, 52.1036834717, 103.110931396, -18.8471851349, 89.0172653198, 28.1827602386, -29.8314971924, 63.2277526855, 196.703994751, 5.97894382477, -54.1188812256, -3.89731383324, 24.5632801056], [162.30758667, -25.9232063293, -78.5896911621, 49.0353126526, -56.2594909668, -49.4198226929, -1.68340241909, -8.81043434143, 5.97894382477, 180.867126465, 67.7719497681, -42.1720123291, -40.8289985657], [20.0250015259, -61.2182617188, 15.1678228378, 27.1272335052, 0.335123002529, -7.55069541931, 27.5289535522, -15.3333292007, -54.1188812256, 67.7719497681, 128.64906311, 14.0442590714, -33.6277008057], [-160.206222534, 49.6173210144, 33.6015892029, 6.01136779785, 61.1206130981, 45.7073822021, 3.54770994186, 6.45392131805, -3.89731383324, -42.1720123291, 14.0442590714, 110.190910339, 49.3773078918], [-43.8938827515, 55.3867073059, -15.690905571, -37.4318580627, 55.0378341675, 45.1228256226, 14.9766511917, 28.696647644, 24.5632801056, -40.8289985657, -33.6277008057, 49.3773078918, 122.601646423]],
