{
"lowlevel": {
    "average_loudness": 0.895551502705,
    "barkbands_crest": {
        "dmean": 2.32577610016,
        "dmean2": 3.74256920815,
        "dvar": 4.5404586792,
        "dvar2": 11.9979324341,
        "max": 25.8884525299,
        "mean": 10.9602003098,
        "median": 10.0377826691,
        "min": 3.70312571526,
        "var": 16.1845607758
    },
    "barkbands_flatness_db": {
        "dmean": 0.0192563012242,
        "dmean2": 0.028594141826,
        "dvar": 0.000300567218801,
        "dvar2": 0.000646429252811,
        "max": 0.394389122725,
        "mean": 0.179036363959,
        "median": 0.170899897814,
        "min": 0.0646860599518,
        "var": 0.00236726761796
    },
    "barkbands_kurtosis": {
        "dmean": 3.58150434494,
        "dmean2": 5.50516557693,
        "dvar": 28.7208843231,
        "dvar2": 69.3412704468,
        "max": 97.0841445923,
        "mean": 9.48097515106,
        "median": 7.09499645233,
        "min": -1.86183297634,
        "var": 90.0588378906
    },
    "barkbands_skewness": {
        "dmean": 0.479812383652,
        "dmean2": 0.717736303806,
        "dvar": 0.244382187724,
        "dvar2": 0.550870478153,
        "max": 8.65624237061,
        "mean": 2.28593015671,
        "median": 2.18738007545,
        "min": -2.0615298748,
        "var": 1.38899111748
    },
    "barkbands_spread": {
        "dmean": 2.75399255753,
        "dmean2": 4.02999258041,
        "dvar": 16.1277885437,
        "dvar2": 27.7956447601,
        "max": 73.5215911865,
        "mean": 11.8223934174,
        "median": 10.0774774551,
        "min": 0.901344060898,
        "var": 69.2899475098
    },
    "dissonance": {
        "dmean": 0.0265579819679,
        "dmean2": 0.044397521764,
        "dvar": 0.000794070132542,
        "dvar2": 0.00210171937943,
        "max": 0.499139904976,
        "mean": 0.428125113249,
        "median": 0.435807734728,
        "min": 0,
        "var": 0.00187381403521
    },
    "dynamic_complexity": 2.52388310432,
    "erbbands_crest": {
        "dmean": 2.41961598396,
        "dmean2": 3.87928676605,
        "dvar": 4.67727375031,
        "dvar2": 11.6436414719,
        "max": 30.4125289917,
        "mean": 10.8421459198,
        "median": 9.84552288055,
        "min": 2.8189432621,
        "var": 20.6715126038
    },
    "erbbands_flatness_db": {
        "dmean": 0.0168564617634,
        "dmean2": 0.0234684236348,
        "dvar": 0.000243527785642,
        "dvar2": 0.000456202891655,
        "max": 0.337391883135,
        "mean": 0.176178321242,
        "median": 0.17081668973,
        "min": 0.0738957375288,
        "var": 0.00218529277481
    },
    "erbbands_kurtosis": {
        "dmean": 1.35703897476,
        "dmean2": 2.12163114548,
        "dvar": 3.36301136017,
        "dvar2": 7.86516952515,
        "max": 37.217540741,
        "mean": 2.48616528511,
        "median": 1.51001024246,
        "min": -1.82786667347,
        "var": 13.8790550232
    },
    "erbbands_skewness": {
        "dmean": 0.334079563618,
        "dmean2": 0.508556246758,
        "dvar": 0.0905239880085,
        "dvar2": 0.194307625294,
        "max": 3.89029335976,
        "mean": 1.11908888817,
        "median": 1.10199081898,
        "min": -1.43236792088,
        "var": 0.538694143295
    },
    "erbbands_spread": {
        "dmean": 6.27594327927,
        "dmean2": 9.15146350861,
        "dvar": 57.1085357666,
        "dvar2": 103.576385498,
        "max": 130.384063721,
        "mean": 32.8686714172,
        "median": 28.3436603546,
        "min": 3.48639464378,
        "var": 383.754516602
    },
    "hfc": {
        "dmean": 3.67302203178,
        "dmean2": 5.09804391861,
        "dvar": 23.4404678345,
        "dvar2": 39.4885826111,
        "max": 119.295974731,
        "mean": 16.8356513977,
        "median": 13.7290916443,
        "min": 1.14107183222e-16,
        "var": 158.977676392
    },
    "melbands_crest": {
        "dmean": 2.69913554192,
        "dmean2": 4.29644680023,
        "dvar": 5.98226308823,
        "dvar2": 15.226559639,
        "max": 29.4588489532,
        "mean": 13.4422092438,
        "median": 12.6584091187,
        "min": 2.21699738503,
        "var": 19.6037425995
    },
    "melbands_flatness_db": {
        "dmean": 0.0193617716432,
        "dmean2": 0.0289008356631,
        "dvar": 0.000348538014805,
        "dvar2": 0.000741227413528,
        "max": 0.463126122952,
        "mean": 0.247154042125,
        "median": 0.241868764162,
        "min": 0.00620750105008,
        "var": 0.00254628341645
    },
    "melbands_kurtosis": {
        "dmean": 6.18794965744,
        "dmean2": 9.64787101746,
        "dvar": 71.1151580811,
        "dvar2": 171.123794556,
        "max": 142.882995605,
        "mean": 16.4259986877,
        "median": 12.6830348969,
        "min": -1.22947657108,
        "var": 222.162979126
    },
    "melbands_skewness": {
        "dmean": 0.596220731735,
        "dmean2": 0.917625963688,
        "dvar": 0.352742344141,
        "dvar2": 0.788835346699,
        "max": 9.33568286896,
        "mean": 2.71530437469,
        "median": 2.63115024567,
        "min": -0.643706679344,
        "var": 2.11200070381
    },
    "melbands_spread": {
        "dmean": 2.62876725197,
        "dmean2": 4.00054979324,
        "dvar": 25.2595462799,
        "dvar2": 50.7565803528,
        "max": 141.320571899,
        "mean": 11.5289907455,
        "median": 10.3021392822,
        "min": 1.08745253086,
        "var": 66.9589920044
    },
    "pitch_salience": {
        "dmean": 0.0578817240894,
        "dmean2": 0.094107709825,
        "dvar": 0.00277572521009,
        "dvar2": 0.0072038131766,
        "max": 0.977449178696,
        "mean": 0.526125848293,
        "median": 0.529677391052,
        "min": 0.127766802907,
        "var": 0.00838285777718
    },
    "silence_rate_20dB": {
        "dmean": 0,
        "dmean2": 0,
        "dvar": 0,
        "dvar2": 0,
        "max": 1,
        "mean": 1,
        "median": 1,
        "min": 1,
        "var": 0
    },
    "silence_rate_30dB": {
        "dmean": 0.0072164949961,
        "dmean2": 0.0144404331222,
        "dvar": 0.00716440426186,
        "dvar2": 0.0173258036375,
        "max": 1,
        "mean": 0.994332790375,
        "median": 1,
        "min": 0,
        "var": 0.00563499052078
    },
    "silence_rate_60dB": {
        "dmean": 0.0103092780337,
        "dmean2": 0.0201134607196,
        "dvar": 0.0102032171562,
        "dvar2": 0.0269290208817,
        "max": 1,
        "mean": 0.00772797549143,
        "median": 0,
        "min": 0,
        "var": 0.00766837364063
    },
    "spectral_centroid": {
        "dmean": 118.847808838,
        "dmean2": 183.010742188,
        "dvar": 77049.9296875,
        "dvar2": 154030.15625,
        "max": 11255.328125,
        "mean": 738.755493164,
        "median": 663.639343262,
        "min": 260.924224854,
        "var": 215661
    },
    "spectral_complexity": {
        "dmean": 2.24123716354,
        "dmean2": 3.59669923782,
        "dvar": 5.86963129044,
        "dvar2": 13.5176258087,
        "max": 42,
        "mean": 14.0252447128,
        "median": 13,
        "min": 0,
        "var": 38.1216316223
    },
    "spectral_decrease": {
        "dmean": 2.15941131643e-09,
        "dmean2": 3.28621463375e-09,
        "dvar": 8.47591790476e-18,
        "dvar2": 1.8352927566e-17,
        "max": 1.60296389089e-28,
        "mean": -8.36322389119e-09,
        "median": -7.44864347979e-09,
        "min": -3.73974060608e-08,
        "var": 3.30165865865e-17
    },
    "spectral_energy": {
        "dmean": 0.00839445739985,
        "dmean2": 0.0127389989793,
        "dvar": 0.000125910883071,
        "dvar2": 0.000270749849733,
        "max": 0.144646823406,
        "mean": 0.0330917648971,
        "median": 0.0295202340931,
        "min": 1.04798120978e-20,
        "var": 0.000510256562848
    },
    "spectral_energyband_high": {
        "dmean": 0.000244772381848,
        "dmean2": 0.000329527421854,
        "dvar": 3.13510980732e-07,
        "dvar2": 4.67421699568e-07,
        "max": 0.0135299088433,
        "mean": 0.000573392084334,
        "median": 0.000283087400021,
        "min": 7.44571764988e-21,
        "var": 1.0977984175e-06
    },
    "spectral_energyband_low": {
        "dmean": 0.00447982456535,
        "dmean2": 0.00690553616732,
        "dvar": 9.36707947403e-05,
        "dvar2": 0.000217023742152,
        "max": 0.126122683287,
        "mean": 0.00834471080452,
        "median": 0.00387077732012,
        "min": 7.35077693989e-23,
        "var": 0.000155545640155
    },
    "spectral_energyband_middle_high": {
        "dmean": 0.000837573548779,
        "dmean2": 0.00126467039809,
        "dvar": 1.31224248889e-06,
        "dvar2": 2.76003606814e-06,
        "max": 0.0240346752107,
        "mean": 0.00317663885653,
        "median": 0.00207392172888,
        "min": 1.23275770762e-21,
        "var": 1.13994328785e-05
    },
    "spectral_energyband_middle_low": {
        "dmean": 0.00568120460957,
        "dmean2": 0.00893817935139,
        "dvar": 3.6257039028e-05,
        "dvar2": 8.723873907e-05,
        "max": 0.0792338997126,
        "mean": 0.0222196355462,
        "median": 0.0194353591651,
        "min": 2.45428309618e-22,
        "var": 0.000197026980459
    },
    "spectral_entropy": {
        "dmean": 0.160908043385,
        "dmean2": 0.231940671802,
        "dvar": 0.0272790640593,
        "dvar2": 0.0511433370411,
        "max": 9.82973384857,
        "mean": 7.07608175278,
        "median": 7.13936233521,
        "min": 5.03080797195,
        "var": 0.244641080499
    },
    "spectral_flux": {
        "dmean": 0.0227433871478,
        "dmean2": 0.0355031564832,
        "dvar": 0.000652275281027,
        "dvar2": 0.00145727326162,
        "max": 0.261983424425,
        "mean": 0.0703398510814,
        "median": 0.0605326108634,
        "min": 7.02007063591e-11,
        "var": 0.00173860497307
    },
    "spectral_kurtosis": {
        "dmean": 1.54913270473,
        "dmean2": 2.46332335472,
        "dvar": 3.58606791496,
        "dvar2": 8.3237695694,
        "max": 36.3221931458,
        "mean": 5.74455022812,
        "median": 4.62362003326,
        "min": -1.22026348114,
        "var": 18.4807701111
    },
    "spectral_rms": {
        "dmean": 0.000699980300851,
        "dmean2": 0.00104416324757,
        "dvar": 5.90221873153e-07,
        "dvar2": 1.20806987525e-06,
        "max": 0.0118793454021,
        "mean": 0.00534506095573,
        "median": 0.00536658428609,
        "min": 3.19753143234e-12,
        "var": 3.71498936147e-06
    },
    "spectral_rolloff": {
        "dmean": 181.267059326,
        "dmean2": 305.007904053,
        "dvar": 425045.15625,
        "dvar2": 835632.8125,
        "max": 19272.2167969,
        "mean": 743.588378906,
        "median": 624.462890625,
        "min": 129.19921875,
        "var": 857831.125
    },
    "spectral_skewness": {
        "dmean": 0.209426596761,
        "dmean2": 0.317273795605,
        "dvar": 0.0416906438768,
        "dvar2": 0.0833228304982,
        "max": 4.97987985611,
        "mean": 1.96079587936,
        "median": 1.83775663376,
        "min": -0.00372927472927,
        "var": 0.470337182283
    },
    "spectral_spread": {
        "dmean": 598055.1875,
        "dmean2": 839686,
        "dvar": 1.12326790349e+12,
        "dvar2": 2.01704485683e+12,
        "max": 40533384,
        "mean": 5010393,
        "median": 4782316,
        "min": 1739590.25,
        "var": 3.3602207744e+12
    },
    "spectral_strongpeak": {
        "dmean": 0.495051175356,
        "dmean2": 0.821874976158,
        "dvar": 0.457103163004,
        "dvar2": 1.0431150198,
        "max": 6.90732717514,
        "mean": 1.19821572304,
        "median": 0.768691420555,
        "min": 0,
        "var": 1.15445661545
    },
    "zerocrossingrate": {
        "dmean": 0.00676219211891,
        "dmean2": 0.00827786512673,
        "dvar": 0.000180899805855,
        "dvar2": 0.000315081793815,
        "max": 0.51416015625,
        "mean": 0.0413665547967,
        "median": 0.03759765625,
        "min": 0.001953125,
        "var": 0.000578926992603
    },
    "barkbands": {
        "dmean": [0.000438430724898, 0.00291764363647, 0.00163766357582, 0.0012923773611, 0.00308520393446, 0.00175446458161, 0.000784553238191, 0.00104272319004, 0.00118239782751, 0.000320125895087, 0.000403608428314, 0.000232892925851, 0.000128684128867, 0.000237723856117, 6.11546565779e-05, 3.98963784392e-05, 3.59642144758e-05, 6.09624185017e-05, 4.24071185989e-05, 8.92539683264e-05, 4.8996618716e-05, 5.30425168108e-05, 4.88433870487e-05, 3.71247042494e-05, 3.88074149669e-05, 1.19295764307e-05, 6.51893685699e-07],
        "dmean2": [0.000773455365561, 0.00445034168661, 0.00279878824949, 0.00209950702265, 0.00491420831531, 0.00277736526914, 0.00124757934827, 0.00167762336787, 0.0016525805695, 0.000462930271169, 0.000625390501227, 0.00035991932964, 0.000207900913665, 0.000348803005181, 9.80468321359e-05, 6.44814645057e-05, 5.61012348044e-05, 0.000102898498881, 7.08559236955e-05, 0.000140335527249, 7.66342127463e-05, 7.83693249105e-05, 6.7064545874e-05, 5.10163918079e-05, 5.52977835468e-05, 1.80147762876e-05, 1.11478914278e-06],
        "dvar": [3.45974581251e-06, 4.35574911535e-05, 1.36828593895e-05, 6.23805271971e-06, 1.44608120536e-05, 9.79842934612e-06, 2.4545740871e-06, 4.21727236244e-06, 4.72993724543e-06, 7.01164424299e-07, 6.63906803311e-07, 1.8982834149e-07, 5.65436195643e-08, 3.11195975655e-07, 1.01743982128e-08, 5.57438672999e-09, 2.94251978339e-09, 1.02712647276e-08, 5.19170662017e-09, 2.98504261309e-08, 1.0236470338e-08, 4.63361651271e-08, 3.09543857213e-08, 1.36108093685e-08, 4.34464642041e-09, 5.47791478844e-10, 3.20145711157e-12],
        "dvar2": [8.91425770533e-06, 0.000100435405329, 3.82394173357e-05, 1.50349678734e-05, 3.71375499526e-05, 2.66244132945e-05, 5.93924096393e-06, 1.0967372873e-05, 9.45533156482e-06, 1.70778287156e-06, 1.4269063513e-06, 4.48289114274e-07, 1.39293405255e-07, 6.71304121624e-07, 2.51807428242e-08, 1.41701574918e-08, 6.65822241785e-09, 2.650733677e-08, 1.38509319569e-08, 6.75338966971e-08, 2.35206751853e-08, 9.16195617151e-08, 5.11221394106e-08, 2.18477591574e-08, 8.39013036824e-09, 1.14252773908e-09, 8.47594303771e-12],
        "max": [0.0187278836966, 0.092875123024, 0.0749022364616, 0.0327463112772, 0.0489591322839, 0.0546919740736, 0.0255192238837, 0.039476621896, 0.0365385003388, 0.027942398563, 0.0138229932636, 0.0112572694197, 0.0036214182619, 0.0124063426629, 0.00141241378151, 0.00117953750305, 0.000761668430641, 0.00152623886243, 0.000993306050077, 0.00307968491688, 0.00150066590868, 0.00539850862697, 0.00395467225462, 0.00462376046926, 0.000760435534175, 0.0003864983737, 2.25991261686e-05],
        "mean": [0.000333710893756, 0.00419650785625, 0.00287800235674, 0.00232136971317, 0.00738592585549, 0.0050184619613, 0.0018878695555, 0.00203159381635, 0.00301774288528, 0.000773298903368, 0.000850197742693, 0.000442657154053, 0.000236975203734, 0.000594140670728, 0.000129090884002, 7.66531593399e-05, 7.12216933607e-05, 0.000128203406348, 9.55690193223e-05, 0.000181013791007, 0.000113120229798, 9.24260093598e-05, 8.63195382408e-05, 6.8880544859e-05, 6.46728731226e-05, 1.56524074555e-05, 5.10256825237e-07],
        "median": [3.34761216436e-06, 0.000757347559556, 0.00110439676791, 0.000858742336277, 0.00579944439232, 0.00257267360575, 0.000970177236013, 0.00083059805911, 0.000817797787022, 0.000170535058714, 0.000322642968968, 0.000228713048273, 0.000113067981147, 9.22233521123e-05, 6.90643719281e-05, 3.96513714804e-05, 4.25427460868e-05, 7.69364050939e-05, 5.25275936525e-05, 9.14279225981e-05, 5.24497991137e-05, 2.92711993097e-05, 2.71052958851e-05, 2.28100652748e-05, 3.20833241858e-05, 5.72141925659e-06, 5.21781089446e-08],
        "min": [7.67813011586e-25, 2.07900031722e-23, 2.42918908368e-23, 3.21851955836e-24, 1.58533684253e-23, 1.73781955343e-23, 3.75495518966e-23, 3.2968665019e-23, 7.93908479055e-23, 6.17964981722e-23, 3.25599246295e-23, 2.81731985088e-23, 6.45870147383e-23, 9.76993250172e-23, 1.69620556296e-22, 1.3339251681e-22, 1.24801316681e-22, 1.06172890208e-22, 2.22108268595e-22, 2.23170719084e-22, 3.94402053618e-22, 5.05213433327e-22, 6.68087032695e-22, 6.72039617105e-22, 1.20407992528e-21, 1.83305182641e-21, 2.14830982568e-21],
        "var": [2.70635223387e-06, 6.39819336357e-05, 2.13283783523e-05, 1.47682403622e-05, 3.84997983929e-05, 4.41319971287e-05, 7.09308733349e-06, 1.1090274711e-05, 2.48613068834e-05, 4.79599202663e-06, 2.56631483353e-06, 5.25382802152e-07, 1.23345728298e-07, 2.1858868422e-06, 2.51532785711e-08, 1.04249213706e-08, 7.29150695378e-09, 2.37803909897e-08, 1.54261510232e-08, 7.44360946214e-08, 2.7447979889e-08, 9.4265388384e-08, 8.52982680044e-08, 4.41150973529e-08, 7.95405874499e-09, 8.80928996416e-10, 2.59962277399e-12]
    },
    "erbbands": {
        "dmean": [0.0691309869289, 0.727486908436, 1.9961732626, 2.63551282883, 6.69712972641, 12.8320159912, 14.3442382812, 13.8760786057, 12.8395214081, 12.4041290283, 27.1080207825, 24.9882698059, 12.8187761307, 9.78351306915, 13.6252861023, 9.4879655838, 5.95707035065, 12.5089139938, 4.08650398254, 2.86005735397, 1.81277000904, 1.93696606159, 3.78894996643, 1.75823807716, 2.35431003571, 3.53062224388, 3.62174034119, 1.61000347137, 1.90173959732, 1.65755951405, 1.42664062977, 0.977680146694, 0.507228851318, 0.406869292259, 0.301902115345, 0.0706184729934, 0.0202449019998, 0.00285303150304, 7.21193064237e-05, 1.08756348709e-05],
        "dmean2": [0.103010579944, 1.14530086517, 3.36220264435, 4.29170417786, 10.9603004456, 20.526260376, 22.3619346619, 22.3635826111, 20.7062892914, 18.3531398773, 43.0341491699, 35.5023536682, 18.4020862579, 15.1275367737, 21.4895858765, 14.5799350739, 9.46476078033, 18.2325572968, 6.32640266418, 4.54865932465, 2.90474033356, 3.04990339279, 6.44158649445, 2.84871697426, 3.85526776314, 5.53995084763, 5.76387405396, 2.45569205284, 2.86210107803, 2.27774333954, 2.03927159309, 1.33630955219, 0.718779265881, 0.583535194397, 0.436688512564, 0.105742134154, 0.0313651114702, 0.00461329612881, 0.000115645998449, 1.58495258802e-05],
        "dvar": [0.0427621044219, 2.59074664116, 21.6573200226, 20.016866684, 101.130012512, 333.835845947, 453.257141113, 713.379394531, 605.779174805, 601.096130371, 2932.55224609, 2369.48999023, 1123.13232422, 535.891540527, 830.405334473, 398.754058838, 100.926200867, 946.186218262, 50.9149513245, 26.0150680542, 12.4078969955, 8.70388698578, 40.6112747192, 9.65436649323, 16.5510311127, 48.8236083984, 51.6581878662, 14.3359184265, 61.0094299316, 42.8810501099, 25.6113147736, 9.59518432617, 2.84764885902, 0.528750658035, 0.242821291089, 0.017407739535, 0.00173372984864, 4.31703738286e-05, 3.33444063472e-08, 2.14638945506e-10],
        "dvar2": [0.0909376591444, 6.49027252197, 60.3687553406, 49.5400772095, 254.438858032, 852.466369629, 1157.54541016, 1888.37670898, 1596.77941895, 1261.83068848, 7904.35791016, 5059.68310547, 2690.63330078, 1295.25292969, 1759.0657959, 914.450012207, 241.864349365, 1998.92687988, 121.632949829, 65.4445343018, 30.7179641724, 20.043302536, 104.616493225, 24.6063270569, 44.0875015259, 108.249389648, 123.895179749, 29.2028675079, 123.890914917, 73.2913970947, 46.8696022034, 15.3103694916, 5.60768175125, 1.01171505451, 0.480176210403, 0.0345109812915, 0.00391306914389, 9.83236168395e-05, 8.32905655557e-08, 4.27103102885e-10],
        "max": [2.20153999329, 21.6330127716, 80.3441619873, 60.1740341187, 142.321777344, 264.381958008, 413.656402588, 432.725494385, 527.691894531, 443.566589355, 967.799316406, 1095.82836914, 1039.94885254, 489.243408203, 627.607543945, 564.26763916, 140.132476807, 692.876586914, 147.62840271, 89.4418182373, 71.6088104248, 35.5580749512, 75.4908218384, 46.6814002991, 68.7991714478, 146.315933228, 128.507644653, 84.7076721191, 185.788208008, 197.635803223, 117.301773071, 97.1158447266, 69.9673919678, 11.8617315292, 4.93630409241, 2.53020048141, 0.533264636993, 0.104584902525, 0.00277531403117, 0.000216766493395],
        "mean": [0.0834313482046, 1.06193447113, 3.29471158981, 5.80340194702, 14.4940338135, 27.5381183624, 37.7667503357, 37.5076675415, 34.8890609741, 27.483089447, 61.5005683899, 61.4442481995, 33.951423645, 20.7536811829, 30.265417099, 18.969581604, 12.881565094, 33.0899772644, 10.3201847076, 6.33108091354, 3.84618377686, 4.2951836586, 7.66438150406, 4.10700798035, 5.61662197113, 7.25738763809, 7.72495031357, 3.56662368774, 3.42823052406, 2.79954481125, 2.52826237679, 1.83895552158, 0.871030569077, 0.654660105705, 0.502507686615, 0.103302121162, 0.0244062654674, 0.00306718959473, 9.12526375032e-05, 4.14107053075e-05],
        "median": [0.0105814319104, 0.23336198926, 1.36089670658, 2.58064460754, 9.78064155579, 18.9439315796, 22.2013263702, 19.8208351135, 16.0768699646, 12.7745733261, 21.2458457947, 18.8996181488, 9.69959259033, 8.22496700287, 11.6411552429, 9.79508781433, 7.21431541443, 5.14066982269, 4.93056917191, 3.8928194046, 2.34711909294, 2.93384790421, 4.5906252861, 2.49250435829, 2.99181342125, 3.94041085243, 3.29972171783, 1.59669482708, 1.16321194172, 0.782117605209, 0.825542807579, 0.595912098885, 0.28042948246, 0.3122394979, 0.261235177517, 0.0457195825875, 0.00761314481497, 0.000753856205847, 3.77242977265e-05, 3.64669904229e-05],
        "min": [7.85164138936e-22, 4.39929182931e-21, 2.02641381682e-20, 9.98638028312e-21, 1.7349050292e-20, 4.17167506997e-20, 1.25529142825e-19, 1.82210492303e-19, 4.19168321189e-19, 8.71366222731e-19, 7.19392412991e-19, 2.19662009605e-18, 1.20121483174e-18, 1.91251188657e-18, 1.67657267891e-18, 1.17660993083e-18, 3.09986699696e-18, 3.50229967075e-18, 7.33832784118e-18, 8.97183667022e-18, 6.93280916332e-18, 6.38733690249e-18, 6.44307894961e-18, 1.00650724822e-17, 9.85620606879e-18, 1.07609431356e-17, 1.74982299631e-17, 1.27457340641e-17, 1.72901063579e-17, 1.9309834914e-17, 1.65353900758e-17, 1.19965838802e-17, 1.1362514372e-17, 1.1867435344e-17, 8.53759579996e-18, 6.2363040624e-18, 3.60499993406e-18, 1.29125271764e-18, 2.64500332495e-19, 3.37003172012e-20],
        "var": [0.0541869141161, 3.4983522892, 27.2206745148, 65.8178482056, 239.755325317, 791.053771973, 2049.45019531, 2368.05273438, 2410.04589844, 1750.47009277, 10078.9541016, 10649.78125, 7401.03759766, 1689.27331543, 3692.83666992, 1138.21557617, 253.202224731, 7015.96679688, 193.323684692, 56.5734977722, 23.497631073, 22.8014965057, 89.2331237793, 23.759469986, 53.7178077698, 111.459098816, 132.244277954, 36.8982696533, 121.850212097, 102.925262451, 67.8167190552, 31.1317367554, 7.57856225967, 1.02559614182, 0.430723965168, 0.0303439423442, 0.00238226470537, 5.45555194549e-05, 3.47389956801e-08, 8.65632232561e-10]
    },
    "gfcc": {
        "mean": [-8.92725658417, 106.867393494, -101.413208008, 16.5256919861, -78.0941925049, 7.43696737289, -47.5319747925, 1.60113370419, -38.8060913086, 2.45077824593, -16.4766960144, -5.97244644165, -9.92601013184],
        "cov": [[5213.49121094, -208.46232605, 75.0880966187, 1051.90563965, 300.296691895, 246.520599365, 387.401519775, 470.345947266, 356.221832275, 432.110595703, -63.8572616577, 106.712348938, -80.4568786621], [-208.46232605, 565.327331543, -93.9088134766, -145.817886353, 101.875205994, -79.6024780273, 89.1553268433, -19.4097824097, -22.4407043457, -57.1961021423, 32.5447235107, -64.6709289551, 49.2435913086], [75.0880966187, -93.9088134766, 401.334503174, 93.688659668, 102.41292572, 84.2211303711, -10.9600715637, 118.866950989, 21.6410961151, 80.3375091553, 11.2550258636, 71.4630966187, 9.39400005341], [1051.90563965, -145.817886353, 93.688659668, 715.385620117, 190.972824097, 58.3080635071, 109.138648987, 66.1268692017, 187.429351807, 109.54573822, 23.6409873962, 40.1578521729, -11.6451025009], [300.296691895, 101.875205994, 102.41292572, 190.972824097, 264.723602295, 31.5353069305, 82.3181991577, 110.490135193, 37.0487251282, 90.0366439819, 1.7564997673, 6.31397008896, 24.7908477783], [246.520599365, -79.6024780273, 84.2211303711, 58.3080635071, 31.5353069305, 145.024688721, 45.1526451111, 61.4745330811, 30.5486316681, 36.4041404724, -6.6136431694, 12.2184076309, -10.3669815063], [387.401519775, 89.1553268433, -10.9600715637, 109.138648987, 82.3181991577, 45.1526451111, 187.437545776, 78.6884841919, 55.3541717529, 30.306558609, -3.42671704292, 7.46422576904, 0.0114400172606], [470.345947266, -19.4097824097, 118.866950989, 66.1268692017, 110.490135193, 61.4745330811, 78.6884841919, 205.978240967, 47.1272544861, 110.138595581, 0.477451503277, 40.0312347412, 27.7095947266], [356.221832275, -22.4407043457, 21.6410961151, 187.429351807, 37.0487251282, 30.5486316681, 55.3541717529, 47.1272544861, 157.21131897, 72.2964096069, 14.0932188034, 16.6160163879, -8.04843235016], [432.110595703, -57.1961021423, 80.3375091553, 109.54573822, 90.0366439819, 36.4041404724, 30.306558609, 110.138595581, 72.2964096069, 173.608352661, 24.1931343079, 32.8796730042, 12.9727926254], [-63.8572616577, 32.5447235107, 11.2550258636, 23.6409873962, 1.7564997673, -6.6136431694, -3.42671704292, 0.477451503277, 14.0932188034, 24.1931343079, 88.4694137573, 47.5822753906, 25.5259532928], [106.712348938, -64.6709289551, 71.4630966187, 40.1578521729, 6.31397008896, 12.2184076309, 7.46422576904, 40.0312347412, 16.6160163879, 32.8796730042, 47.5822753906, 117.898918152, 42.3936080933], [-80.4568786621, 49.2435913086, 9.39400005341, -11.6451025009, 24.7908477783, -10.3669815063, 0.0114400172606, 27.7095947266, -8.04843235016, 12.9727926254, 25.5259532928, 42.3936080933, 93.8053588867]],
        "icov": [[0.000547068251763, -0.000677521398757, 0.000535722530913, -0.00109083123971, 0.000938191427849, -0.000565616704989, 0.000107427986222, -0.00110076763667, 0.000651930866297, -0.0011545966845, 0.00133875024039, -0.00111675506923, 0.00100652710535], [-0.000677521398757, 0.00560397235677, -0.000957845011726, 0.00344372261316, -0.00446724053472, 0.00302537693642, -0.00318898377009, 0.00234917923808, -0.00274275289848, 0.00373281282373, -0.00554204080254, 0.00539482478052, -0.00385967479087], [0.000535722530913, -0.000957845011726, 0.00470700208098, -0.00133595021907, -0.000266464572633, -0.00246031023562, 0.00238564331084, -0.00289146462455, 0.00100040482357, -0.00105602492113, 0.00189840979874, -0.00378524349071, 0.00240340246819], [-0.00109083123971, 0.00344372261316, -0.00133595021907, 0.00576122105122, -0.00520207174122, 0.00188030779827, -0.0018507312052, 0.00377758173272, -0.00493816193193, 0.00332961650565, -0.00431246915832, 0.00305563816801, -0.00251906644553], [0.000938191427849, -0.00446724053472, -0.000266464572633, -0.00520207174122, 0.0114036016166, -0.00158625503536, 2.7994854463e-05, -0.00427222531289, 0.00482390960678, -0.00570333190262, 0.0048445276916, -0.00189091800712, 0.0013425439829], [-0.000565616704989, 0.00302537693642, -0.00246031023562, 0.00188030779827, -0.00158625503536, 0.0109350346029, -0.00348359323107, 0.000200557260541, -0.00185975327622, 0.00197127624415, -0.00269585615024, 0.00337586808018, -0.00124887551647], [0.000107427986222, -0.00318898377009, 0.00238564331084, -0.0018507312052, 2.7994854463e-05, -0.00348359323107, 0.010768936947, -0.00432235421613, -0.000664033286739, 0.000717878574505, 0.00270526320674, -0.00379516463727, 0.00300340796821], [-0.00110076763667, 0.00234917923808, -0.00289146462455, 0.00377758173272, -0.00427222531289, 0.000200557260541, -0.00432235421613, 0.0140773057938, -0.00221387133934, -0.00242059258744, -0.000867663067766, 0.00148571224418, -0.00471596140414], [0.000651930866297, -0.00274275289848, 0.00100040482357, -0.00493816193193, 0.00482390960678, -0.00185975327622, -0.000664033286739, -0.00221387133934, 0.0133710587397, -0.00611936766654, 0.00247953319922, -0.00251796026714, 0.00291615189053], [-0.0011545966845, 0.00373281282373, -0.00105602492113, 0.00332961650565, -0.00570333190262, 0.00197127624415, 0.000717878574505, -0.00242059258744, -0.00611936766654, 0.0152074825019, -0.00723955081776, 0.0038837378379, -0.00240402389318], [0.00133875024039, -0.00554204080254, 0.00189840979874, -0.00431246915832, 0.0048445276916, -0.00269585615024, 0.00270526320674, -0.000867663067766, 0.00247953319922, -0.00723955081776, 0.0223635304719, -0.0120804263279, 0.00259781139903], [-0.00111675506923, 0.00539482478052, -0.00378524349071, 0.00305563816801, -0.00189091800712, 0.00337586808018, -0.00379516463727, 0.00148571224418, -0.00251796026714, 0.0038837378379, -0.0120804263279, 0.0207315012813, -0.00943215470761], [0.00100652710535, -0.00385967479087, 0.00240340246819, -0.00251906644553, 0.0013425439829, -0.00124887551647, 0.00300340796821, -0.00471596140414, 0.00291615189053, -0.00240402389318, 0.00259781139903, -0.00943215470761, 0.0180347468704]]
    },
    "melbands": {
        "dmean": [0.000709253014065, 0.00102440919727, 0.000547779724002, 0.000663464190438, 0.000533744925633, 0.000323105428834, 0.000184225806152, 0.00015146782971, 0.000247237127041, 0.000152523294673, 6.19858765276e-05, 3.74858936993e-05, 4.5949480409e-05, 2.94897654385e-05, 2.27309847105e-05, 1.18776551972e-05, 2.76636474155e-05, 6.96466622685e-06, 5.40948622074e-06, 3.20001390719e-06, 2.0947993562e-06, 2.08231472243e-06, 3.30240550284e-06, 2.78752258964e-06, 1.43303861933e-06, 2.1713692604e-06, 1.74202966718e-06, 2.96238863484e-06, 3.17270450978e-06, 1.16310809517e-06, 9.52790003339e-07, 1.14063038836e-06, 1.10977771328e-06, 9.36657670536e-07, 9.14459008072e-07, 7.22079789739e-07, 5.88204500218e-07, 4.00604108108e-07, 2.74931153399e-07, 4.1338370238e-07],
        "dmean2": [0.00107843184378, 0.00168045738246, 0.000881822197698, 0.00104602996726, 0.000838512612972, 0.000516773201525, 0.000293380231597, 0.000225378826144, 0.000385515711969, 0.000214355401113, 8.89854054549e-05, 5.82116044825e-05, 7.17207876733e-05, 4.63710384793e-05, 3.52325914719e-05, 1.91988565348e-05, 4.00952449127e-05, 1.08846297735e-05, 8.72600412549e-06, 5.12441238243e-06, 3.33943216901e-06, 3.2557850318e-06, 5.55325323148e-06, 4.69120186608e-06, 2.31631497627e-06, 3.6005558286e-06, 2.89365084427e-06, 4.71167049909e-06, 5.11001462655e-06, 1.86314628081e-06, 1.49104789671e-06, 1.757328846e-06, 1.67358007275e-06, 1.33510843625e-06, 1.35297023007e-06, 1.03173965726e-06, 8.45730824039e-07, 5.75042349737e-07, 4.22339780926e-07, 6.01206863848e-07],
        "dvar": [3.10601217279e-06, 5.30122406417e-06, 8.60665409164e-07, 6.95525670835e-07, 5.31595901521e-07, 3.36853844374e-07, 1.17271149236e-07, 9.49168139641e-08, 2.36142639665e-07, 1.00356871258e-07, 2.7697234728e-08, 7.75558017807e-09, 8.20223977627e-09, 3.05018033053e-09, 1.9360126835e-09, 4.68709959733e-10, 4.96359975344e-09, 2.10755371488e-10, 9.06140856793e-11, 3.38368395802e-11, 1.75370759581e-11, 1.12984240019e-11, 2.8735239882e-11, 2.57706789936e-11, 6.44724898469e-12, 1.527562625e-11, 1.17369716376e-11, 3.33686099585e-11, 4.46237422014e-11, 4.97352723242e-12, 5.65187306678e-12, 2.21950721691e-11, 2.06567350031e-11, 1.48272210482e-11, 1.15031161679e-11, 5.3938563685e-12, 3.9227193542e-12, 2.33510931945e-12, 4.49317015885e-13, 5.28069992248e-13],
        "dvar2": [6.67774338581e-06, 1.423509093e-05, 2.10805569623e-06, 1.70541886746e-06, 1.39757094075e-06, 9.12345967663e-07, 2.97121232506e-07, 2.0519547661e-07, 6.25211384886e-07, 2.12091720186e-07, 6.6541296917e-08, 1.88477606855e-08, 1.74261138852e-08, 7.39160332941e-09, 4.47991066466e-09, 1.16195475464e-09, 1.04495221365e-08, 5.12101028249e-10, 2.2560003865e-10, 8.61103272021e-11, 4.30132388041e-11, 2.59053681284e-11, 7.42996775216e-11, 6.54842222114e-11, 1.65540307157e-11, 4.19695805887e-11, 2.89138608889e-11, 7.54901419153e-11, 1.07770327384e-10, 1.21034172268e-11, 1.19631422824e-11, 4.63425235686e-11, 4.39855825374e-11, 2.72830803089e-11, 2.35197018111e-11, 9.72701693497e-12, 6.81348727438e-12, 5.02325047877e-12, 8.61371412565e-13, 1.08694596292e-12],
        "max": [0.0232164636254, 0.0340008288622, 0.0125903561711, 0.0118963830173, 0.0107844769955, 0.00903537962586, 0.00686561036855, 0.00511654606089, 0.00648205028847, 0.00718321138993, 0.00524864112958, 0.0018102604663, 0.00182203843724, 0.00112583988812, 0.000748243241105, 0.000325459288433, 0.0015823765425, 0.000344112049788, 0.00015425424499, 8.35493046907e-05, 8.23232112452e-05, 4.2937528633e-05, 6.08713526162e-05, 9.60700417636e-05, 3.46022134181e-05, 4.97032851854e-05, 6.50011133985e-05, 0.000103126541944, 0.000122548066429, 3.37431265507e-05, 5.216615682e-05, 0.000114799258881, 9.99889525701e-05, 0.000115407987323, 7.78313842602e-05, 4.5619894081e-05, 7.02288452885e-05, 6.33344898233e-05, 1.7285659851e-05, 9.14874544833e-06],
        "mean": [0.00097638880834, 0.00169355538674, 0.00125790061429, 0.00149573211093, 0.00135067186784, 0.0009068766376, 0.000482449657284, 0.000318772916216, 0.000575930753257, 0.000367501605069, 0.00015653493756, 7.33917404432e-05, 9.9889060948e-05, 6.00003368163e-05, 4.09423810197e-05, 2.21862592298e-05, 7.16459471732e-05, 1.48674125739e-05, 1.11698273031e-05, 6.12657640886e-06, 4.01346960643e-06, 3.99883674618e-06, 6.70873669151e-06, 5.47758963876e-06, 2.86643398795e-06, 4.51215100838e-06, 3.56837176696e-06, 5.42487669009e-06, 6.11222731095e-06, 2.49485583481e-06, 1.84873181297e-06, 1.95691723093e-06, 1.76260357421e-06, 1.46540571677e-06, 1.49991183207e-06, 1.30818170874e-06, 1.05597700895e-06, 6.52420169445e-07, 4.1128595285e-07, 6.25105030849e-07],
        "median": [0.000160854964633, 0.000676241819747, 0.000697437964845, 0.0011351860594, 0.000897419289686, 0.00049480679445, 0.000237956104684, 0.000111783898319, 0.000161791307619, 0.000112425994303, 3.40766891895e-05, 2.85975420411e-05, 3.91955945815e-05, 2.53792004514e-05, 1.92290863197e-05, 1.02490739664e-05, 8.15190833237e-06, 7.23057064533e-06, 5.52737128601e-06, 3.27635234498e-06, 2.10356120078e-06, 2.36597566072e-06, 3.91876301364e-06, 3.21787820212e-06, 1.65748429026e-06, 2.24806285587e-06, 1.81628263363e-06, 2.62051707978e-06, 2.3998263714e-06, 1.18959655993e-06, 7.59739634759e-07, 6.43676514755e-07, 4.75583021853e-07, 4.09170809235e-07, 4.64708676873e-07, 4.3045636744e-07, 3.27102270603e-07, 1.79705494929e-07, 1.46568794435e-07, 2.95324610988e-07],
        "min": [7.82706449097e-24, 9.2457361657e-24, 2.38898557651e-24, 1.5296191432e-24, 4.15360312933e-24, 3.69387944845e-24, 6.74832796865e-24, 9.93202937602e-24, 5.40216365516e-24, 1.37230148409e-23, 5.81837100749e-24, 8.16488628502e-24, 5.44442648373e-24, 4.48289299826e-24, 1.75700701723e-24, 6.45979065409e-24, 7.1172182606e-24, 1.10427329088e-23, 1.4253743103e-23, 1.07670118229e-23, 7.87462254836e-24, 7.68019278991e-24, 4.16886601012e-24, 6.10368858628e-24, 8.02485321915e-24, 6.41334489057e-24, 7.85031458843e-24, 6.52156043512e-24, 1.24443296892e-23, 7.20475421094e-24, 7.51150514052e-24, 9.00038306924e-24, 1.05881920441e-23, 1.09200737155e-23, 9.96021300958e-24, 8.7605480548e-24, 6.47561165397e-24, 7.35534460231e-24, 7.95766278041e-24, 1.02945251615e-23],
        "var": [4.45414116257e-06, 6.7551027314e-06, 2.49921367868e-06, 1.80335598543e-06, 1.90769355868e-06, 1.27404427985e-06, 4.43871385869e-07, 2.86222586965e-07, 9.85337692327e-07, 4.2404289502e-07, 1.83046651614e-07, 2.36087096539e-08, 3.46989210698e-08, 1.00096526623e-08, 4.12713108133e-09, 1.23690491183e-09, 3.63246854818e-08, 4.85938567163e-10, 2.05151909349e-10, 6.43115144472e-11, 3.2651673032e-11, 2.47100066103e-11, 6.84990952848e-11, 4.8622834925e-11, 1.35499129278e-11, 4.01087912882e-11, 2.63402598344e-11, 6.95046450949e-11, 1.00322299079e-10, 1.26852356744e-11, 1.24690882619e-11, 4.20473308949e-11, 3.78432216119e-11, 3.19115671388e-11, 2.61475979757e-11, 1.52700768696e-11, 1.11977692743e-11, 5.25052354025e-12, 1.05971665904e-12, 8.52361855142e-13]
    },
    "mfcc": {
        "mean": [-659.375183105, 140.340591431, 19.6143608093, 11.9440135956, -8.96310710907, -2.94449710846, -0.70358890295, -10.3336057663, -12.0520391464, -4.43079948425, -8.72249412537, -3.6943628788, -8.09003734589],
        "cov": [[4487.51757812, -676.229980469, 110.457717896, 987.459716797, 186.668777466, 367.709625244, 161.022125244, 308.93057251, 503.086486816, 411.660461426, 388.708831787, 279.965667725, 167.399307251], [-676.229980469, 805.163452148, -172.57472229, -217.277328491, -58.3927345276, -144.680145264, 110.048591614, -56.5493125916, 8.64411830902, -74.1767654419, -38.6971206665, -16.7687740326, -5.2918920517], [110.457717896, -172.57472229, 316.627685547, 36.0255851746, 89.2454833984, 41.804019928, -9.5444393158, 41.4478340149, 22.2555809021, 25.8805866241, 34.4885139465, 34.6755752563, 62.1976509094], [987.459716797, -217.277328491, 36.0255851746, 532.604858398, 163.007705688, 135.351303101, 41.4858016968, 70.4989318848, 151.476394653, 93.6691589355, 85.9793624878, 98.6348190308, 94.6696014404], [186.668777466, -58.3927345276, 89.2454833984, 163.007705688, 230.988952637, 43.3994369507, 50.2126693726, 6.60423278809, 84.4300689697, 35.7182350159, 40.5088386536, 38.8134651184, 57.8777656555], [367.709625244, -144.680145264, 41.804019928, 135.351303101, 43.3994369507, 151.938018799, 5.03829956055, 43.178894043, 39.3515701294, 49.2854728699, 46.6739006042, 23.3706035614, 0.653323471546], [161.022125244, 110.048591614, -9.5444393158, 41.4858016968, 50.2126693726, 5.03829956055, 167.064056396, 35.0309295654, 83.0414352417, 4.2647562027, 31.8474826813, 35.2977828979, 37.5725517273], [308.93057251, -56.5493125916, 41.4478340149, 70.4989318848, 6.60423278809, 43.178894043, 35.0309295654, 122.924591064, 52.1786651611, 31.9706935883, 18.0395183563, 24.4629249573, 26.1362819672], [503.086486816, 8.64411830902, 22.2555809021, 151.476394653, 84.4300689697, 39.3515701294, 83.0414352417, 52.1786651611, 200.136535645, 74.8179168701, 77.4006195068, 40.7179756165, 42.7148551941], [411.660461426, -74.1767654419, 25.8805866241, 93.6691589355, 35.7182350159, 49.2854728699, 4.2647562027, 31.9706935883, 74.8179168701, 133.932281494, 64.5775604248, 29.4486846924, -5.70122671127], [388.708831787, -38.6971206665, 34.4885139465, 85.9793624878, 40.5088386536, 46.6739006042, 31.8474826813, 18.0395183563, 77.4006195068, 64.5775604248, 156.424102783, 45.3340454102, 27.2853965759], [279.965667725, -16.7687740326, 34.6755752563, 98.6348190308, 38.8134651184, 23.3706035614, 35.2977828979, 24.4629249573, 40.7179756165, 29.4486846924, 45.3340454102, 97.4667663574, 48.6557350159], [167.399307251, -5.2918920517, 62.1976509094, 94.6696014404, 57.8777656555, 0.653323471546, 37.5725517273, 26.1362819672, 42.7148551941, -5.70122671127, 27.2853965759, 48.6557350159, 129.047439575]],
