{
"lowlevel": {
    "average_loudness": 0.958799064159,
    "barkbands_crest": {
        "dmean": 2.52837133408,
        "dmean2": 4.18013238907,
        "dvar": 6.14398336411,
        "dvar2": 16.5464324951,
        "max": 23.5823078156,
        "mean": 10.7364940643,
        "median": 10.2375078201,
        "min": 3.21318554878,
        "var": 13.9804592133
    },
    "barkbands_flatness_db": {
        "dmean": 0.0293878708035,
        "dmean2": 0.0434129796922,
        "dvar": 0.000855814083479,
        "dvar2": 0.00177078752313,
        "max": 0.410807192326,
        "mean": 0.18799251318,
        "median": 0.184631213546,
        "min": 0.0281180609018,
        "var": 0.00536680454388
    },
    "barkbands_kurtosis": {
        "dmean": 3.79202628136,
        "dmean2": 6.09198331833,
        "dvar": 46.8922424316,
        "dvar2": 112.327659607,
        "max": 158.558319092,
        "mean": 6.53379392624,
        "median": 4.45516252518,
        "min": -1.91175174713,
        "var": 75.4244003296
    },
    "barkbands_skewness": {
        "dmean": 0.53442054987,
        "dmean2": 0.821880638599,
        "dvar": 0.377365082502,
        "dvar2": 0.910412847996,
        "max": 9.8919210434,
        "mean": 1.85369610786,
        "median": 1.77274608612,
        "min": -1.9474864006,
        "var": 1.13678014278
    },
    "barkbands_spread": {
        "dmean": 3.58005475998,
        "dmean2": 5.5469660759,
        "dvar": 29.1961994171,
        "dvar2": 65.715461731,
        "max": 139.244476318,
        "mean": 14.5721769333,
        "median": 9.28445529938,
        "min": 0.816945254803,
        "var": 457.750610352
    },
    "dissonance": {
        "dmean": 0.0273161362857,
        "dmean2": 0.0455532595515,
        "dvar": 0.000735371490009,
        "dvar2": 0.00190641148947,
        "max": 0.499999970198,
        "mean": 0.439987272024,
        "median": 0.446271330118,
        "min": 0.057592600584,
        "var": 0.00140187062789
    },
    "dynamic_complexity": 2.5903263092,
    "erbbands_crest": {
        "dmean": 2.38107657433,
        "dmean2": 3.79971194267,
        "dvar": 6.14870929718,
        "dvar2": 14.3481016159,
        "max": 26.8022346497,
        "mean": 9.99044132233,
        "median": 9.27637577057,
        "min": 2.5966553688,
        "var": 18.8225288391
    },
    "erbbands_flatness_db": {
        "dmean": 0.023181091994,
        "dmean2": 0.0317275486887,
        "dvar": 0.00042209669482,
        "dvar2": 0.000841768691316,
        "max": 0.407758891582,
        "mean": 0.182311564684,
        "median": 0.176567658782,
        "min": 0.0579327270389,
        "var": 0.00394411711022
    },
    "erbbands_kurtosis": {
        "dmean": 0.939284145832,
        "dmean2": 1.49068808556,
        "dvar": 1.44209766388,
        "dvar2": 3.43766689301,
        "max": 17.879234314,
        "mean": 0.972273766994,
        "median": 0.484731912613,
        "min": -1.6163765192,
        "var": 3.66459321976
    },
    "erbbands_skewness": {
        "dmean": 0.294140011072,
        "dmean2": 0.462158352137,
        "dvar": 0.081382162869,
        "dvar2": 0.203049704432,
        "max": 3.56026005745,
        "mean": 0.710892379284,
        "median": 0.682207524776,
        "min": -1.00708532333,
        "var": 0.331865668297
    },
    "erbbands_spread": {
        "dmean": 6.48193645477,
        "dmean2": 9.63158130646,
        "dvar": 54.765209198,
        "dvar2": 122.640327454,
        "max": 116.506584167,
        "mean": 29.0284423828,
        "median": 26.5032539368,
        "min": 4.68491125107,
        "var": 218.636444092
    },
    "hfc": {
        "dmean": 6.58940076828,
        "dmean2": 9.36793613434,
        "dvar": 110.192420959,
        "dvar2": 242.943481445,
        "max": 116.729415894,
        "mean": 16.618976593,
        "median": 12.6592311859,
        "min": 1.20783576321e-16,
        "var": 218.039016724
    },
    "melbands_crest": {
        "dmean": 3.1191983223,
        "dmean2": 5.06910610199,
        "dvar": 8.70011329651,
        "dvar2": 22.3954048157,
        "max": 33.2300300598,
        "mean": 15.14412117,
        "median": 14.5672883987,
        "min": 2.13021945953,
        "var": 24.4176959991
    },
    "melbands_flatness_db": {
        "dmean": 0.0324303545058,
        "dmean2": 0.0480462349951,
        "dvar": 0.00129421241581,
        "dvar2": 0.00253502069972,
        "max": 0.531024336815,
        "mean": 0.263611227274,
        "median": 0.262967079878,
        "min": 0.00560808461159,
        "var": 0.00925249792635
    },
    "melbands_kurtosis": {
        "dmean": 6.26058578491,
        "dmean2": 9.95446586609,
        "dvar": 117.463424683,
        "dvar2": 287.147949219,
        "max": 253.226867676,
        "mean": 12.2313928604,
        "median": 8.6543340683,
        "min": -1.35791730881,
        "var": 202.561904907
    },
    "melbands_skewness": {
        "dmean": 0.632714688778,
        "dmean2": 0.972563445568,
        "dvar": 0.509703874588,
        "dvar2": 1.18521416187,
        "max": 11.3786907196,
        "mean": 2.46617984772,
        "median": 2.28096342087,
        "min": -0.281404972076,
        "var": 1.51700091362
    },
    "melbands_spread": {
        "dmean": 3.85408139229,
        "dmean2": 5.9436879158,
        "dvar": 33.8371620178,
        "dvar2": 67.9076843262,
        "max": 192.237991333,
        "mean": 15.5861530304,
        "median": 9.66849899292,
        "min": 0.623336553574,
        "var": 620.213256836
    },
    "pitch_salience": {
        "dmean": 0.0696413144469,
        "dmean2": 0.113377414644,
        "dvar": 0.00423590280116,
        "dvar2": 0.0112449433655,
        "max": 0.973966360092,
        "mean": 0.524786829948,
        "median": 0.521232128143,
        "min": 0.224469617009,
        "var": 0.010678880848
    },
    "silence_rate_20dB": {
        "dmean": 0,
        "dmean2": 0,
        "dvar": 0,
        "dvar2": 0,
        "max": 1,
        "mean": 1,
        "median": 1,
        "min": 1,
        "var": 0
    },
    "silence_rate_30dB": {
        "dmean": 0.0801248699427,
        "dmean2": 0.160333156586,
        "dvar": 0.0737042427063,
        "dvar2": 0.151283726096,
        "max": 1,
        "mean": 0.918356716633,
        "median": 1,
        "min": 0,
        "var": 0.0749787837267
    },
    "silence_rate_60dB": {
        "dmean": 0.0104058273137,
        "dmean2": 0.0208224877715,
        "dvar": 0.010297681205,
        "dvar2": 0.0276770275086,
        "max": 1,
        "mean": 0.0764430612326,
        "median": 0,
        "min": 0,
        "var": 0.0705995932221
    },
    "spectral_centroid": {
        "dmean": 167.601135254,
        "dmean2": 262.834381104,
        "dvar": 88468.6640625,
        "dvar2": 148871.421875,
        "max": 10710.3681641,
        "mean": 790.151550293,
        "median": 599.034912109,
        "min": 196.727035522,
        "var": 430827.6875
    },
    "spectral_complexity": {
        "dmean": 3.46305942535,
        "dmean2": 5.19416952133,
        "dvar": 21.0404663086,
        "dvar2": 43.3795890808,
        "max": 45,
        "mean": 14.8793554306,
        "median": 14,
        "min": 0,
        "var": 58.613697052
    },
    "spectral_decrease": {
        "dmean": 4.27216706456e-09,
        "dmean2": 6.22100415626e-09,
        "dvar": 5.05025924746e-17,
        "dvar2": 1.03925450149e-16,
        "max": -1.56151360533e-29,
        "mean": -1.08306208446e-08,
        "median": -8.22296808423e-09,
        "min": -6.93014143849e-08,
        "var": 9.58253402487e-17
    },
    "spectral_energy": {
        "dmean": 0.0166164264083,
        "dmean2": 0.0241051260382,
        "dvar": 0.000737261085305,
        "dvar2": 0.00151702249423,
        "max": 0.263704389334,
        "mean": 0.0423846319318,
        "median": 0.0327006615698,
        "min": 1.1014356566e-20,
        "var": 0.00141359283589
    },
    "spectral_energyband_high": {
        "dmean": 0.000321518135024,
        "dmean2": 0.000494885549415,
        "dvar": 5.59960767532e-07,
        "dvar2": 1.3935377865e-06,
        "max": 0.00635110912845,
        "mean": 0.000362300488632,
        "median": 8.34717575344e-05,
        "min": 8.19270697945e-21,
        "var": 5.95454082486e-07
    },
    "spectral_energyband_low": {
        "dmean": 0.0118857789785,
        "dmean2": 0.0177078787237,
        "dvar": 0.000666064268444,
        "dvar2": 0.00138654152397,
        "max": 0.254707068205,
        "mean": 0.0197931528091,
        "median": 0.00790492724627,
        "min": 7.50134145662e-23,
        "var": 0.00104005052708
    },
    "spectral_energyband_middle_high": {
        "dmean": 0.00165509851649,
        "dmean2": 0.00242439750582,
        "dvar": 1.13588130262e-05,
        "dvar2": 2.32852835325e-05,
        "max": 0.058687902987,
        "mean": 0.00405267206952,
        "median": 0.00225736713037,
        "min": 1.46380423728e-21,
        "var": 3.35021504725e-05
    },
    "spectral_energyband_middle_low": {
        "dmean": 0.00702577456832,
        "dmean2": 0.0112486081198,
        "dvar": 9.13594631129e-05,
        "dvar2": 0.000221188238356,
        "max": 0.116898834705,
        "mean": 0.0201727692038,
        "median": 0.0180249996483,
        "min": 3.25057873144e-22,
        "var": 0.000212828832446
    },
    "spectral_entropy": {
        "dmean": 0.245432019234,
        "dmean2": 0.351884156466,
        "dvar": 0.0648679733276,
        "dvar2": 0.129926756024,
        "max": 9.80323219299,
        "mean": 7.01288414001,
        "median": 6.9887843132,
        "min": 4.75523519516,
        "var": 0.515024602413
    },
    "spectral_flux": {
        "dmean": 0.0393176153302,
        "dmean2": 0.061741553247,
        "dvar": 0.00265677389689,
        "dvar2": 0.00644763372838,
        "max": 0.404955625534,
        "mean": 0.0918341055512,
        "median": 0.0750248283148,
        "min": 1.0494930619e-10,
        "var": 0.00466799736023
    },
    "spectral_kurtosis": {
        "dmean": 4.22436285019,
        "dmean2": 7.01213741302,
        "dvar": 45.4166870117,
        "dvar2": 129.626739502,
        "max": 129.43031311,
        "mean": 12.4596738815,
        "median": 7.17765808105,
        "min": -1.23567259312,
        "var": 356.174591064
    },
    "spectral_rms": {
        "dmean": 0.00113545404747,
        "dmean2": 0.00161222717725,
        "dvar": 2.50700577453e-06,
        "dvar2": 4.85927012051e-06,
        "max": 0.0160397179425,
        "mean": 0.00578718120232,
        "median": 0.00564828142524,
        "min": 3.27806553603e-12,
        "var": 7.85936390457e-06
    },
    "spectral_rolloff": {
        "dmean": 241.099243164,
        "dmean2": 394.469482422,
        "dvar": 312584.75,
        "dvar2": 455858.28125,
        "max": 18776.953125,
        "mean": 1186.4074707,
        "median": 602.9296875,
        "min": 64.599609375,
        "var": 6627353
    },
    "spectral_skewness": {
        "dmean": 0.41207075119,
        "dmean2": 0.651415169239,
        "dvar": 0.20765312016,
        "dvar2": 0.556593537331,
        "max": 9.58953094482,
        "mean": 2.48312425613,
        "median": 2.19310545921,
        "min": 0.0458330735564,
        "var": 1.83079838753
    },
    "spectral_spread": {
        "dmean": 657230.8125,
        "dmean2": 994385.375,
        "dvar": 892160376832,
        "dvar2": 1.59104565248e+12,
        "max": 41309992,
        "mean": 3977790.25,
        "median": 3708050.25,
        "min": 646456.375,
        "var": 4.4680698921e+12
    },
    "spectral_strongpeak": {
        "dmean": 0.387678027153,
        "dmean2": 0.637336730957,
        "dvar": 0.405415683985,
        "dvar2": 0.859312951565,
        "max": 8.48701000214,
        "mean": 0.901048719883,
        "median": 0.650167524815,
        "min": 0,
        "var": 0.853537201881
    },
    "zerocrossingrate": {
        "dmean": 0.0078300293535,
        "dmean2": 0.00940621364862,
        "dvar": 0.000195439788513,
        "dvar2": 0.000231452446315,
        "max": 0.50537109375,
        "mean": 0.0455894209445,
        "median": 0.029296875,
        "min": 0.00390625,
        "var": 0.00469915010035
    },
    "barkbands": {
        "dmean": [0.000491023471113, 0.00865792296827, 0.00417636102065, 0.00251690321602, 0.00354420160875, 0.00140491593629, 0.00134540337604, 0.00081662327284, 0.000813536171336, 0.00051481166156, 0.000393223221181, 0.000402834179113, 0.000205947217182, 0.000268375209998, 0.000252531055594, 0.000129364038003, 0.000134530695505, 0.000112686022476, 9.37442382565e-05, 9.50046378421e-05, 5.41508234164e-05, 5.84467052249e-05, 4.63955329906e-05, 4.85304080939e-05, 5.4138185078e-05, 2.19828325498e-05, 2.67871814685e-06],
        "dmean2": [0.000723355216905, 0.0138177014887, 0.00675663445145, 0.00431344332173, 0.00590701121837, 0.00198325864039, 0.00214644521475, 0.00129930465482, 0.00125871074852, 0.000748223916162, 0.000576192804147, 0.000640373502392, 0.000320268678479, 0.000423421530286, 0.000370377092622, 0.000202385301236, 0.000211413193028, 0.000176468267455, 0.000149485698785, 0.000153230736032, 8.45225149533e-05, 9.2132431746e-05, 7.43796990719e-05, 8.00454508862e-05, 9.12376635824e-05, 3.70480593119e-05, 4.79666232422e-06],
        "dvar": [1.5528332824e-06, 0.000432871776866, 6.83837934048e-05, 1.73427761183e-05, 4.52908025181e-05, 5.41493136552e-06, 4.31235412179e-06, 2.03095464713e-06, 1.46421041336e-06, 2.36119308283e-06, 1.41798045661e-06, 3.12293809657e-06, 1.40897640222e-07, 3.01806579728e-07, 6.75932994909e-07, 9.24975580574e-08, 5.83854209424e-08, 4.42113190502e-08, 3.96282544557e-08, 6.2920030075e-08, 1.50335672799e-08, 1.81904411534e-08, 1.34112614347e-08, 1.43003031639e-08, 1.84095334532e-08, 2.74493672237e-09, 8.11333639161e-11],
        "dvar2": [3.28831015395e-06, 0.0010088738054, 0.000174153130502, 4.73757136206e-05, 0.000117705276352, 9.19737885852e-06, 1.02206440715e-05, 4.56707584817e-06, 3.39550979334e-06, 3.51523158315e-06, 2.46649574365e-06, 7.7930981206e-06, 3.44846995404e-07, 6.73053250466e-07, 1.27765281377e-06, 1.75712514761e-07, 1.35033431548e-07, 1.05909563786e-07, 9.61446815495e-08, 1.60841651109e-07, 3.70403867578e-08, 4.4158028345e-08, 3.41552457428e-08, 3.67855292893e-08, 4.74198351696e-08, 7.02293778687e-09, 2.23590077009e-10],
        "max": [0.00944473501295, 0.195648640394, 0.0911385565996, 0.0431758314371, 0.0882187709212, 0.0297766588628, 0.0276951938868, 0.0207555256784, 0.0152578987181, 0.0372118167579, 0.0443915240467, 0.0376433357596, 0.0055039958097, 0.013588485308, 0.0181941594929, 0.0061562419869, 0.00271918531507, 0.00280546024442, 0.00250951666385, 0.0028828100767, 0.000990722212009, 0.00126761524007, 0.00131950096693, 0.00169126945548, 0.00118239189032, 0.000649573514238, 9.83617574093e-05],
        "mean": [0.000478900852613, 0.0117398193106, 0.00578805059195, 0.00351654994301, 0.00678538205102, 0.00410016672686, 0.00208014785312, 0.00161237304565, 0.00153648050036, 0.000879776023794, 0.00090965925483, 0.000719883828424, 0.0003539523168, 0.000408441934269, 0.000429848761996, 0.000183944561286, 0.000194317733985, 0.000145250829519, 0.000118634117825, 0.000105832441477, 6.53635142953e-05, 6.71085144859e-05, 5.05104617332e-05, 4.90783786518e-05, 4.49699218734e-05, 1.84339969564e-05, 1.76644425665e-06],
        "median": [2.68205058092e-05, 0.00239137094468, 0.00214607967064, 0.00141254626215, 0.00359206157736, 0.00183496833779, 0.00110472633969, 0.000780938193202, 0.000964830047451, 0.000287117261905, 0.000129169231514, 0.000138732211781, 0.000154011664563, 0.000169572871528, 0.000132086599478, 7.07560611772e-05, 6.8432338594e-05, 5.82744432904e-05, 3.48709290847e-05, 1.977509055e-05, 1.57406193466e-05, 1.33133844429e-05, 1.07047335405e-05, 1.17865693028e-05, 6.3406987465e-06, 2.13348721445e-06, 1.32692417054e-08],
        "min": [3.54017266208e-24, 2.78813105075e-23, 2.86422236486e-23, 5.05056077664e-23, 8.40761578788e-23, 6.51013457377e-23, 2.1827358418e-23, 4.87787092034e-23, 3.24750179526e-23, 6.67630339028e-23, 4.92732871256e-23, 6.76873453809e-23, 1.13950705324e-22, 1.11524573076e-22, 1.00226873223e-22, 2.0502525219e-22, 1.648532111e-22, 1.88989742092e-22, 2.53781778624e-22, 2.63023265196e-22, 5.84083367977e-22, 9.11085625481e-22, 6.03334603291e-22, 7.85715407558e-22, 1.17125806096e-21, 1.88966058594e-21, 2.33915125782e-21],
        "var": [1.81698203505e-06, 0.000529274751898, 9.12383984542e-05, 3.17812409776e-05, 8.72022283147e-05, 2.73364112218e-05, 7.44794397178e-06, 4.8029487516e-06, 3.01275827042e-06, 6.10512461208e-06, 8.33425110613e-06, 5.49495416635e-06, 2.74289845947e-07, 5.9358501403e-07, 1.67196924394e-06, 1.85270579323e-07, 1.0263031669e-07, 5.59012072188e-08, 5.11025639582e-08, 6.77397409277e-08, 1.7630460647e-08, 2.13848583286e-08, 1.35521887046e-08, 1.24790400235e-08, 1.49482399792e-08, 2.29150454167e-09, 5.26716656402e-11]
    },
    "erbbands": {
        "dmean": [0.316367954016, 1.81933367252, 4.2225112915, 6.63383102417, 11.0672168732, 12.5402870178, 9.342628479, 11.9350719452, 18.0530662537, 14.4370613098, 20.7252731323, 17.2638282776, 21.5417156219, 12.0541763306, 13.8250865936, 16.972026825, 8.5833902359, 15.5940189362, 12.9349956512, 7.92184400558, 7.74652671814, 6.8258600235, 5.97482824326, 4.85107707977, 5.15946054459, 4.5198431015, 3.02125406265, 2.10190033913, 2.16741204262, 1.53296327591, 1.22878623009, 1.23793900013, 0.705292999744, 0.624199748039, 0.368804335594, 0.119832865894, 0.0394473820925, 0.00756276817992, 0.000252640631516, 2.34792405536e-05],
        "dmean2": [0.482755184174, 3.02011871338, 6.67756509781, 11.2174005508, 18.7847118378, 20.4131202698, 14.0400218964, 17.212562561, 28.1909275055, 23.1957607269, 32.5210380554, 27.0648708344, 31.8903808594, 17.9675159454, 20.4802455902, 27.112165451, 13.4014511108, 23.9921169281, 19.5350112915, 12.008887291, 11.7279787064, 10.7587442398, 9.31117153168, 7.77622842789, 8.23293018341, 7.18497037888, 4.84009075165, 3.28176403046, 3.41703343391, 2.50754761696, 1.95476734638, 2.00010633469, 1.16216182709, 1.05586898327, 0.623264372349, 0.203340604901, 0.0667471066117, 0.0130488649011, 0.000442944758106, 3.50131122104e-05],
        "dvar": [0.630719184875, 19.0473995209, 74.5544815063, 131.206573486, 448.837310791, 590.888061523, 180.895507812, 506.636474609, 886.235961914, 515.659423828, 1407.93835449, 669.497924805, 3722.32299805, 680.754821777, 1362.96020508, 6627.59863281, 250.654296875, 872.616333008, 2022.41662598, 240.927429199, 328.447113037, 163.867706299, 121.631752014, 93.0859146118, 131.589004517, 133.313980103, 62.74949646, 24.026889801, 24.8951377869, 13.9973077774, 8.91337585449, 10.7686500549, 2.71899747849, 2.72245168686, 0.837166845798, 0.0874639675021, 0.00900986138731, 0.000431988068158, 6.67212589178e-07, 1.26594590366e-09],
        "dvar2": [1.30472052097, 49.9221191406, 185.08644104, 352.611206055, 1194.89599609, 1432.05200195, 337.911712646, 916.708007812, 2036.18640137, 1295.51599121, 3110.36962891, 1640.50158691, 5937.79736328, 1226.68981934, 2491.17626953, 16399.671875, 619.051879883, 1813.30371094, 3835.22363281, 493.341217041, 559.409790039, 379.624816895, 283.634796143, 239.373916626, 315.147979736, 324.552886963, 162.968063354, 59.0678329468, 61.2355308533, 36.4334945679, 22.4565448761, 27.7160606384, 6.83253145218, 7.11243867874, 2.14330124855, 0.226174384356, 0.0229705497622, 0.00113403820433, 1.83249574093e-06, 2.74792499866e-09],
        "max": [6.45318460464, 44.0790481567, 105.835609436, 119.384674072, 262.452911377, 282.804290771, 151.591217041, 326.232849121, 426.944824219, 347.266571045, 568.188781738, 354.701751709, 1421.75622559, 541.750610352, 1287.57946777, 1804.26196289, 191.965576172, 738.473937988, 1036.89416504, 257.440460205, 406.603973389, 174.644561768, 109.763328552, 89.7360992432, 152.952438354, 171.935241699, 79.6071624756, 57.8647193909, 47.1824417114, 32.0822296143, 29.9394016266, 51.470790863, 17.9881534576, 21.4366512299, 8.1070690155, 3.24654150009, 1.05408036709, 0.184887632728, 0.0112840067595, 0.000307698792312],
        "mean": [0.353100925684, 2.56680059433, 6.61109018326, 9.73416996002, 15.7268333435, 25.6590175629, 31.5914020538, 30.9179859161, 29.6297855377, 24.4739112854, 43.5493469238, 34.2322845459, 40.155872345, 24.2804260254, 32.5557785034, 32.0815925598, 15.7318658829, 25.7646121979, 22.1633758545, 13.266661644, 11.8790454865, 9.96258831024, 8.28089141846, 6.25144720078, 6.46737480164, 5.39172363281, 3.37686038017, 2.60435390472, 2.44164466858, 1.61560618877, 1.36357963085, 1.284522295, 0.693735539913, 0.525998771191, 0.298960655928, 0.0980541035533, 0.0333420336246, 0.0056652748026, 0.000193911531824, 5.24958122696e-05],
        "median": [0.0450536236167, 0.661431252956, 2.69807362556, 4.46635198593, 7.57800388336, 9.09006881714, 18.7188453674, 11.1992692947, 15.679526329, 16.3437213898, 23.2758998871, 23.6046199799, 14.839840889, 10.2440195084, 8.18474960327, 7.7264547348, 8.27652168274, 11.4793987274, 6.57643032074, 5.36394786835, 4.65514993668, 3.57608270645, 3.42446899414, 2.40552663803, 1.73307192326, 1.0364536047, 0.75186175108, 0.597531914711, 0.484595298767, 0.372059136629, 0.311859190464, 0.278163164854, 0.160137623549, 0.0802012085915, 0.0363707728684, 0.0113771306351, 0.00383762991987, 0.000331914896378, 2.90941134153e-05, 3.9355505578e-05],
        "min": [7.95640767115e-22, 6.82720627154e-21, 3.31322024479e-20, 8.94685917615e-20, 2.13164999617e-19, 2.94102231486e-19, 5.39888171309e-19, 4.2105281957e-19, 2.94606630714e-19, 6.64823928367e-19, 1.09440565214e-18, 6.97037908636e-19, 1.6319191947e-18, 2.97004596291e-18, 1.23575117328e-18, 3.14439206139e-18, 4.5129518383e-18, 4.61668400943e-18, 7.34192111376e-18, 5.74073933024e-18, 1.30468071275e-17, 9.90327264564e-18, 7.93788654713e-18, 1.1449216135e-17, 1.69701975648e-17, 1.05252272667e-17, 2.26898470981e-17, 2.05986650264e-17, 3.2023784563e-17, 2.50373641698e-17, 1.52351945017e-17, 1.40352813421e-17, 1.49852651884e-17, 1.04563057509e-17, 9.5898133797e-18, 7.17393479342e-18, 3.24757126227e-18, 1.34845670309e-18, 3.66867345419e-19, 3.13799140243e-20],
        "var": [0.778991937637, 20.8284282684, 107.791610718, 190.325805664, 655.220092773, 1737.96765137, 1086.1126709, 2281.77026367, 1617.25952148, 905.729248047, 3422.77612305, 1247.70544434, 9730.01464844, 2215.33105469, 7220.40429688, 12347.2714844, 454.979187012, 2119.63452148, 4967.34033203, 588.078125, 745.274719238, 297.18182373, 167.347137451, 104.231117249, 174.238220215, 176.534957886, 59.5105514526, 30.0989265442, 27.734128952, 13.2346191406, 9.1195306778, 9.58651542664, 2.51722240448, 2.17930245399, 0.68286895752, 0.0701577812433, 0.00766119966283, 0.000326898036292, 4.47133061243e-07, 2.15639905932e-09]
    },
    "gfcc": {
        "mean": [-54.020488739, 123.184486389, -102.879318237, 16.7865581512, -60.507183075, 8.01008701324, -40.442653656, 5.6053814888, -21.4583072662, -1.73420548439, -14.857588768, -5.78242540359, -10.5748929977],
        "cov": [[37967.9101562, 3713.01904297, -2146.51757812, 1396.42431641, -228.996429443, 1062.38842773, -420.59854126, 360.695281982, -449.645751953, -80.9544525146, -374.944885254, -315.315795898, -563.77142334], [3713.01904297, 2912.04638672, 208.281921387, -15.8206501007, 197.875015259, -94.8060379028, 225.206939697, -41.9801712036, 277.307617188, -223.709564209, 201.955413818, -276.605560303, 116.000579834], [-2146.51757812, 208.281921387, 812.898010254, 79.7101364136, 269.133392334, 58.928653717, 181.668151855, 122.419143677, 136.840820312, 55.3356056213, 44.4475059509, 29.3233470917, 36.9195137024], [1396.42431641, -15.8206501007, 79.7101364136, 370.979309082, 98.065246582, 181.037246704, 82.2361526489, 83.5773391724, 56.5411682129, 39.8195075989, 2.66016340256, -15.5531749725, -21.514377594], [-228.996429443, 197.875015259, 269.133392334, 98.065246582, 313.84375, 121.802085876, 147.741333008, 88.4473648071, 86.9509353638, 42.2831840515, 58.4490432739, 25.4735584259, 18.8826961517], [1062.38842773, -94.8060379028, 58.928653717, 181.037246704, 121.802085876, 232.911697388, 79.1635971069, 87.9256286621, 13.4376296997, 48.7711791992, 2.77241325378, 16.6395072937, -24.6068706512], [-420.59854126, 225.206939697, 181.668151855, 82.2361526489, 147.741333008, 79.1635971069, 194.285202026, 65.2732620239, 91.7768554688, -0.413820922375, 54.797706604, -12.1512079239, 34.9305992126], [360.695281982, -41.9801712036, 122.419143677, 83.5773391724, 88.4473648071, 87.9256286621, 65.2732620239, 129.145263672, 30.398815155, 30.811542511, -6.58427715302, 33.7756156921, -2.90446448326], [-449.645751953, 277.307617188, 136.840820312, 56.5411682129, 86.9509353638, 13.4376296997, 91.7768554688, 30.398815155, 137.029800415, 13.1857471466, 56.9520225525, -30.790687561, 31.3929405212], [-80.9544525146, -223.709564209, 55.3356056213, 39.8195075989, 42.2831840515, 48.7711791992, -0.413820922375, 30.811542511, 13.1857471466, 106.709983826, 9.65104007721, 29.5513896942, -26.2239971161], [-374.944885254, 201.955413818, 44.4475059509, 2.66016340256, 58.4490432739, 2.77241325378, 54.797706604, -6.58427715302, 56.9520225525, 9.65104007721, 103.92881012, -7.78875207901, 27.3191947937], [-315.315795898, -276.605560303, 29.3233470917, -15.5531749725, 25.4735584259, 16.6395072937, -12.1512079239, 33.7756156921, -30.790687561, 29.5513896942, -7.78875207901, 98.8039245605, 7.17810869217], [-563.77142334, 116.000579834, 36.9195137024, -21.514377594, 18.8826961517, -24.6068706512, 34.9305992126, -2.90446448326, 31.3929405212, -26.2239971161, 27.3191947937, 7.17810869217, 89.8887557983]],
        "icov": [[0.000194467967958, -0.000643239705823, 0.000573524506763, -0.000654067262076, 0.000187900615856, -0.000590383133385, 0.000442674499936, -0.000663153303321, 0.00094205129426, -0.000753017840907, 0.0007254195516, -0.000584514113143, 0.000540645502042], [-0.000643239705823, 0.00291782594286, -0.00193993083667, 0.0023305832874, -0.00118902442046, 0.00208550109528, -0.00115446839482, 0.00180308986455, -0.00383574166335, 0.00405218685046, -0.00339096668176, 0.00371600571088, -0.00186196889263], [0.000573524506763, -0.00193993083667, 0.00376291014254, -0.00195005396381, -0.000696911592968, -0.00080001988681, 0.000410686217947, -0.00273774005473, 0.00195331312716, -0.00298671983182, 0.00296337669715, -0.00209550233558, 0.00148080720101], [-0.000654067262076, 0.0023305832874, -0.00195005396381, 0.00712803797796, -0.000382405793061, -0.00165893230587, -0.00132698053494, 0.00145891471766, -0.00527235073969, 0.00277072191238, -0.0019235672662, 0.00333573925309, -0.00144594057929], [0.000187900615856, -0.00118902442046, -0.000696911592968, -0.000382405793061, 0.00772898457944, -0.00312615907751, -0.00218007084914, -0.00070757191861, 0.00022970198188, -0.00209747930057, -0.000297190621495, -0.0034667677246, 0.000927574001253], [-0.000590383133385, 0.00208550109528, -0.00080001988681, -0.00165893230587, -0.00312615907751, 0.0124729573727, -0.00391680374742, -0.00122237415053, 0.000705126672983, 9.4588889624e-05, -0.00242642802186, 0.00261590466835, -0.000598995829932], [0.000442674499936, -0.00115446839482, 0.000410686217947, -0.00132698053494, -0.00218007084914, -0.00391680374742, 0.0138061214238, -0.00440962193534, -0.00173899217043, 0.00204342510551, -0.00148364237975, 0.00106303801294, -0.000772326020524], [-0.000663153303321, 0.00180308986455, -0.00273774005473, 0.00145891471766, -0.00070757191861, -0.00122237415053, -0.00440962193534, 0.0176125913858, -0.00584982195869, 0.00141172728036, 0.00206349766813, -0.00422920892015, -0.000750325794797], [0.00094205129426, -0.00383574166335, 0.00195331312716, -0.00527235073969, 0.00022970198188, 0.000705126672983, -0.00173899217043, -0.00584982195869, 0.0223105438054, -0.00858939718455, -0.000495442771353, 0.00201308890246, -0.000882054795511], [-0.000753017840907, 0.00405218685046, -0.00298671983182, 0.00277072191238, -0.00209747930057, 9.4588889624e-05, 0.00204342510551, 0.00141172728036, -0.00858939718455, 0.0202205330133, -0.00696313288063, 0.0010961239459, 0.00258338428102], [0.0007254195516, -0.00339096668176, 0.00296337669715, -0.0019235672662, -0.000297190621495, -0.00242642802186, -0.00148364237975, 0.00206349766813, -0.000495442771353, -0.00696313288063, 0.0192756410688, -0.00531506724656, -2.59923149315e-06], [-0.000584514113143, 0.00371600571088, -0.00209550233558, 0.00333573925309, -0.0034667677246, 0.00261590466835, 0.00106303801294, -0.00422920892015, 0.00201308890246, 0.0010961239459, -0.00531506724656, 0.022184425965, -0.00644725514576], [0.000540645502042, -0.00186196889263, 0.00148080720101, -0.00144594057929, 0.000927574001253, -0.000598995829932, -0.000772326020524, -0.000750325794797, -0.000882054795511, 0.00258338428102, -2.59923149315e-06, -0.00644725514576, 0.0174587108195]]
    },
    "melbands": {
        "dmean": [0.00255807163194, 0.00204431405291, 0.00119576940779, 0.000903788721189, 0.000346878077835, 0.000265023962129, 0.000280744483462, 0.000144734411151, 0.000165979596204, 0.000113075897389, 0.000107304455014, 4.80348826386e-05, 5.61725028092e-05, 4.79817390442e-05, 2.54364276771e-05, 2.41996440309e-05, 2.90841362585e-05, 2.04473144549e-05, 1.60822728503e-05, 9.01607563719e-06, 9.31891190703e-06, 7.18044566383e-06, 6.58173667034e-06, 6.10170627624e-06, 3.75040144718e-06, 3.90949162465e-06, 3.03929709844e-06, 3.22606956615e-06, 2.25515259444e-06, 1.1504498616e-06, 1.3589711898e-06, 1.33594289764e-06, 9.43007137266e-07, 8.63027821651e-07, 6.96717052051e-07, 8.34572290387e-07, 7.19143883998e-07, 4.83912060645e-07, 5.21088452388e-07, 5.46485921404e-07],
        "dmean2": [0.00402970891446, 0.0032169490587, 0.00199788878672, 0.00150995410513, 0.0005304836086, 0.000380417564884, 0.000440724135842, 0.000233886748902, 0.000260621338384, 0.000176877350896, 0.000159096132847, 7.26523139747e-05, 8.15822568256e-05, 7.64383876231e-05, 3.9963528252e-05, 3.72141294065e-05, 4.54695655208e-05, 3.16259793181e-05, 2.3450324079e-05, 1.43131028381e-05, 1.40583824759e-05, 1.13169171527e-05, 1.05043327494e-05, 9.83395966614e-06, 6.10063307249e-06, 6.22444758847e-06, 4.99019415656e-06, 5.19998320669e-06, 3.72448835151e-06, 1.81887344297e-06, 2.17286083171e-06, 2.13701059693e-06, 1.48822232404e-06, 1.45285639519e-06, 1.14325791856e-06, 1.32711090828e-06, 1.18418006423e-06, 7.97491964022e-07, 8.77898855833e-07, 9.33919750423e-07],
        "dvar": [3.98586780648e-05, 1.90522787307e-05, 3.58215493179e-06, 3.19150922223e-06, 2.22063945898e-07, 2.28218610232e-07, 2.0420752378e-07, 4.67758880518e-08, 8.17123364527e-08, 3.19778159508e-08, 9.02947263626e-08, 1.16406049244e-08, 2.91531900842e-08, 4.44473222672e-08, 7.80043762916e-09, 2.08039252492e-09, 3.1815503565e-09, 4.53397230871e-09, 2.35269115301e-09, 3.2057156929e-10, 4.19460272072e-10, 1.89995227884e-10, 1.63736441072e-10, 1.26884933116e-10, 6.03737893012e-11, 7.97023350096e-11, 5.73964833994e-11, 8.57936222065e-11, 4.27588242591e-11, 6.9882060208e-12, 1.18928755732e-11, 9.51776071151e-12, 5.47427337835e-12, 4.95867322897e-12, 3.00729124762e-12, 5.26212493718e-12, 3.45554834746e-12, 1.2410747343e-12, 1.85930676237e-12, 2.2034318814e-12],
        "dvar2": [8.85453191586e-05, 4.57273490611e-05, 9.4619608717e-06, 8.25305596663e-06, 4.55703059288e-07, 4.04403579068e-07, 4.71430411153e-07, 1.18266015647e-07, 1.83263793474e-07, 7.64614043192e-08, 1.44348149433e-07, 2.08439949745e-08, 5.04628872022e-08, 1.12069152181e-07, 1.89464248734e-08, 4.79341011328e-09, 6.96027058211e-09, 8.76330652488e-09, 4.28322710633e-09, 7.29186711013e-10, 7.25514204269e-10, 4.23859169985e-10, 3.75055125845e-10, 3.1053407068e-10, 1.58195748168e-10, 1.88591892103e-10, 1.49896053903e-10, 2.07895173299e-10, 1.14656464878e-10, 1.66843951849e-11, 2.95094400304e-11, 2.37348717069e-11, 1.34997672763e-11, 1.33362427004e-11, 7.75143317588e-12, 1.28666495861e-11, 9.02284063437e-12, 3.10570492934e-12, 4.73639356902e-12, 5.84558313213e-12],
        "max": [0.0530782863498, 0.0484361611307, 0.0184455830604, 0.0239024013281, 0.00523800961673, 0.00652679009363, 0.00648777931929, 0.00312368851155, 0.00423975242302, 0.00241118436679, 0.00701542384923, 0.00207889336161, 0.00639247940853, 0.00452739838511, 0.00190269772429, 0.000687234278303, 0.00129857880529, 0.00157505308744, 0.000971034751274, 0.000232578982832, 0.000441525247879, 0.000253401405644, 0.000159584291396, 0.000118529831525, 8.04624214652e-05, 0.000165646735695, 8.73209937708e-05, 0.000157851973199, 7.2620161518e-05, 2.38587454078e-05, 5.07021650265e-05, 2.80934600596e-05, 3.63671788364e-05, 2.14534557017e-05, 1.47784694491e-05, 4.16723305534e-05, 2.93490338663e-05, 1.36255885081e-05, 1.53093133122e-05, 1.67902417161e-05],
        "mean": [0.003195050871, 0.00350005668588, 0.00185720913578, 0.00152815587353, 0.00111586099956, 0.000699868251104, 0.000456490903161, 0.000261964189121, 0.00034698745003, 0.000213411418372, 0.000196221051738, 9.00931991055e-05, 0.000134205634822, 8.43096640892e-05, 4.6791476052e-05, 4.11280016124e-05, 4.59808834421e-05, 3.25833025272e-05, 2.64120026259e-05, 1.2831850654e-05, 1.37259057738e-05, 1.02375470306e-05, 8.73308272276e-06, 7.71311533754e-06, 4.50422430731e-06, 4.9179875532e-06, 3.46948536389e-06, 3.78131244361e-06, 2.35097513723e-06, 1.37565791647e-06, 1.62967137385e-06, 1.47375976667e-06, 1.0448654848e-06, 8.50605260894e-07, 7.48850993659e-07, 8.96442827525e-07, 7.19564297924e-07, 4.78495906009e-07, 4.54062160316e-07, 4.44129398147e-07],
        "median": [0.000564814137761, 0.00157582340762, 0.000971188594121, 0.000580859661568, 0.000781224807724, 0.000279685104033, 0.000240099834627, 0.000188588775927, 0.000206028678804, 0.000131734093884, 6.68737120577e-05, 3.55408810719e-05, 1.9907425667e-05, 1.65018536791e-05, 1.63098957273e-05, 1.77211350092e-05, 1.94088352146e-05, 8.74962006492e-06, 7.96616313892e-06, 5.18333354194e-06, 5.27958536622e-06, 3.38400332112e-06, 2.68558778771e-06, 2.94333176498e-06, 1.53643225076e-06, 1.24241444155e-06, 8.68011852617e-07, 5.90907632159e-07, 4.64918059606e-07, 3.48513196968e-07, 3.12595318519e-07, 2.78758705008e-07, 2.26280150173e-07, 1.82944035032e-07, 1.65063227087e-07, 1.70468680949e-07, 1.57977339654e-07, 1.16736877942e-07, 6.91827253263e-08, 6.025988597e-08],
        "min": [7.598768145e-24, 1.37519218599e-23, 2.13158531185e-23, 1.62621324806e-23, 1.83857302602e-23, 1.02187803151e-23, 4.57363882363e-24, 8.36533031901e-24, 8.15920175334e-24, 4.41702705698e-24, 7.83738515819e-24, 1.17238235815e-23, 4.75984825701e-24, 5.940385307e-24, 1.06864927903e-23, 1.04227158474e-23, 8.16086151668e-24, 1.32307585363e-23, 6.51969754009e-24, 9.82918636867e-24, 1.61587822357e-23, 1.11213799745e-23, 5.20516536561e-24, 9.27182616242e-24, 8.64151446623e-24, 1.29688133284e-23, 1.1152904434e-23, 5.72452693092e-24, 1.12070139812e-23, 1.71507101374e-23, 1.05108079447e-23, 1.4657024575e-23, 2.26500015026e-23, 1.13602872885e-23, 8.77733501487e-24, 9.01264275656e-24, 8.50469206425e-24, 9.74393417064e-24, 1.14901961135e-23, 7.83913011851e-24],
        "var": [4.8481477279e-05, 2.77910203295e-05, 6.32158025837e-06, 5.89219780522e-06, 1.13056853479e-06, 1.0660787666e-06, 3.72265873239e-07, 8.33864106653e-08, 1.91735509247e-07, 5.84423993644e-08, 2.36688265431e-07, 3.35064562762e-08, 1.71971549889e-07, 7.58762581654e-08, 1.50950523192e-08, 4.74216177437e-09, 6.81304967998e-09, 1.07921014347e-08, 5.87108717198e-09, 5.25472498847e-10, 9.28734089634e-10, 4.1063008549e-10, 2.4868171411e-10, 1.52363135997e-10, 6.32802629741e-11, 1.07798908688e-10, 5.80845441189e-11, 1.14287149189e-10, 3.51255205477e-11, 8.34301117775e-12, 1.50611814687e-11, 1.04155191416e-11, 5.73205935842e-12, 4.25897164757e-12, 2.92324628046e-12, 5.35330503884e-12, 2.94452938594e-12, 1.16934847222e-12, 1.60361513565e-12, 1.6755187732e-12]
    },
    "mfcc": {
        "mean": [-683.858825684, 152.467544556, 11.7363653183, 14.1526374817, 2.59846568108, -0.775211930275, -5.86802625656, -0.122504271567, -3.66485333443, 2.60567569733, -0.489851921797, -1.18570780754, -6.67503786087],
        "cov": [[16097.4814453, 1649.28759766, -659.31829834, 299.665405273, 162.862640381, 232.797485352, 110.402732849, 185.780517578, -17.1392707825, 33.2123413086, -104.371307373, -60.4359588623, -140.776077271], [1649.28759766, 2370.32788086, 329.440856934, 170.706161499, 178.840545654, 44.7229156494, 52.2577667236, 123.647422791, 27.2476825714, 95.6993255615, 97.2368774414, 82.7856750488, -1.91047334671], [-659.31829834, 329.440856934, 517.450012207, 143.67880249, 103.392677307, 58.9079666138, 61.7089920044, 57.8121490479, 97.3236694336, 67.9299163818, 76.2176895142, 65.5363388062, 51.6943473816], [299.665405273, 170.706161499, 143.67880249, 214.415008545, 91.4885253906, 75.3201751709, 55.0817108154, 74.4850006104, 76.4865112305, 59.7322921753, 30.2073535919, 42.2200279236, 35.2243537903], [162.862640381, 178.840545654, 103.392677307, 91.4885253906, 180.97038269, 80.4338226318, 81.9928283691, 67.2386627197, 64.0843353271, 46.557472229, 41.3944320679, 43.7293624878, 41.315372467], [232.797485352, 44.7229156494, 58.9079666138, 75.3201751709, 80.4338226318, 140.100463867, 81.6232833862, 53.251121521, 50.5789909363, 45.119720459, 35.9476623535, 42.8455848694, 25.4106864929], [110.402732849, 52.2577667236, 61.7089920044, 55.0817108154, 81.9928283691, 81.6232833862, 141.433532715, 81.0624847412, 55.9465026855, 45.9095077515, 35.5323066711, 25.4829063416, 26.142332077], [185.780517578, 123.647422791, 57.8121490479, 74.4850006104, 67.2386627197, 53.251121521, 81.0624847412, 141.984375, 74.7382202148, 28.3254642487, 21.4095630646, 16.5921001434, 10.976931572], [-17.1392707825, 27.2476825714, 97.3236694336, 76.4865112305, 64.0843353271, 50.5789909363, 55.9465026855, 74.7382202148, 136.968780518, 42.2905387878, 7.06199598312, 23.3726100922, 40.4755439758], [33.2123413086, 95.6993255615, 67.9299163818, 59.7322921753, 46.557472229, 45.119720459, 45.9095077515, 28.3254642487, 42.2905387878, 94.6413269043, 37.773399353, 24.6978778839, 23.1787776947], [-104.371307373, 97.2368774414, 76.2176895142, 30.2073535919, 41.3944320679, 35.9476623535, 35.5323066711, 21.4095630646, 7.06199598312, 37.773399353, 105.062522888, 29.9724884033, 4.99883079529], [-60.4359588623, 82.7856750488, 65.5363388062, 42.2200279236, 43.7293624878, 42.8455848694, 25.4829063416, 16.5921001434, 23.3726100922, 24.6978778839, 29.9724884033, 95.239112854, 52.3524856567], [-140.776077271, -1.91047334671, 51.6943473816, 35.2243537903, 41.315372467, 25.4106864929, 26.142332077, 10.976931572, 40.4755439758, 23.1787776947, 4.99883079529, 52.3524856567, 108.924125671]],
