{
"lowlevel": {
    "average_loudness": 0.945517838001,
    "barkbands_crest": {
        "dmean": 1.7490875721,
        "dmean2": 2.81044602394,
        "dvar": 3.83261108398,
        "dvar2": 9.73407554626,
        "max": 25.1199855804,
        "mean": 10.4279260635,
        "median": 9.82287311554,
        "min": 3.34727954865,
        "var": 12.8538427353
    },
    "barkbands_flatness_db": {
        "dmean": 0.0199152808636,
        "dmean2": 0.0293386057019,
        "dvar": 0.000521117763128,
        "dvar2": 0.00113526685163,
        "max": 0.373670071363,
        "mean": 0.201224341989,
        "median": 0.198997884989,
        "min": 0.0538260936737,
        "var": 0.00270270532928
    },
    "barkbands_kurtosis": {
        "dmean": 4.33362770081,
        "dmean2": 7.06061887741,
        "dvar": 199.593826294,
        "dvar2": 516.747314453,
        "max": 265.840179443,
        "mean": 9.26695251465,
        "median": 6.098051548,
        "min": -1.54385125637,
        "var": 227.179931641
    },
    "barkbands_skewness": {
        "dmean": 0.482067197561,
        "dmean2": 0.741557359695,
        "dvar": 0.699167668819,
        "dvar2": 1.60899984837,
        "max": 13.4374113083,
        "mean": 2.17550134659,
        "median": 1.97979331017,
        "min": -1.87559843063,
        "var": 1.57842338085
    },
    "barkbands_spread": {
        "dmean": 2.6678571701,
        "dmean2": 3.93890380859,
        "dvar": 22.8994560242,
        "dvar2": 48.2348937988,
        "max": 56.6047286987,
        "mean": 10.8688354492,
        "median": 9.04047012329,
        "min": 0.6283416152,
        "var": 62.475933075
    },
    "dissonance": {
        "dmean": 0.0199094656855,
        "dmean2": 0.0326952859759,
        "dvar": 0.000344444386428,
        "dvar2": 0.000865797570441,
        "max": 0.499567687511,
        "mean": 0.448901951313,
        "median": 0.452836096287,
        "min": 0.206366583705,
        "var": 0.000903650070541
    },
    "dynamic_complexity": 2.68129730225,
    "erbbands_crest": {
        "dmean": 1.67992353439,
        "dmean2": 2.67685341835,
        "dvar": 2.68508458138,
        "dvar2": 6.21589756012,
        "max": 24.0429458618,
        "mean": 8.81810188293,
        "median": 8.09710121155,
        "min": 2.83339190483,
        "var": 11.8698673248
    },
    "erbbands_flatness_db": {
        "dmean": 0.014139178209,
        "dmean2": 0.0192373003811,
        "dvar": 0.000240297333221,
        "dvar2": 0.000412051245803,
        "max": 0.270105808973,
        "mean": 0.17153570056,
        "median": 0.171393096447,
        "min": 0.0791150331497,
        "var": 0.00128579174634
    },
    "erbbands_kurtosis": {
        "dmean": 0.71721804142,
        "dmean2": 1.13793134689,
        "dvar": 0.761903822422,
        "dvar2": 1.72209537029,
        "max": 15.0585823059,
        "mean": 0.966518640518,
        "median": 0.400256514549,
        "min": -1.60065829754,
        "var": 3.85680627823
    },
    "erbbands_skewness": {
        "dmean": 0.238946303725,
        "dmean2": 0.372220307589,
        "dvar": 0.0677373409271,
        "dvar2": 0.157256901264,
        "max": 3.48756074905,
        "mean": 0.868323743343,
        "median": 0.84070289135,
        "min": -1.14692914486,
        "var": 0.364988744259
    },
    "erbbands_spread": {
        "dmean": 5.8322968483,
        "dmean2": 8.7101726532,
        "dvar": 64.8161849976,
        "dvar2": 135.295227051,
        "max": 111.060089111,
        "mean": 32.4547080994,
        "median": 29.7541809082,
        "min": 7.52593135834,
        "var": 208.457061768
    },
    "hfc": {
        "dmean": 5.07759666443,
        "dmean2": 8.02202129364,
        "dvar": 318.8777771,
        "dvar2": 861.240234375,
        "max": 203.504074097,
        "mean": 11.5350084305,
        "median": 6.70436620712,
        "min": 1.22998117492e-16,
        "var": 295.427124023
    },
    "melbands_crest": {
        "dmean": 2.02971410751,
        "dmean2": 3.25808644295,
        "dvar": 4.87519025803,
        "dvar2": 11.6408596039,
        "max": 32.7544212341,
        "mean": 14.9194955826,
        "median": 13.9950370789,
        "min": 1.82436358929,
        "var": 23.0065631866
    },
    "melbands_flatness_db": {
        "dmean": 0.0248806867748,
        "dmean2": 0.0349093265831,
        "dvar": 0.000868383678608,
        "dvar2": 0.00172761420254,
        "max": 0.484879076481,
        "mean": 0.282137453556,
        "median": 0.280504733324,
        "min": 0.00641964143142,
        "var": 0.00503481086344
    },
    "melbands_kurtosis": {
        "dmean": 8.35235881805,
        "dmean2": 13.2131595612,
        "dvar": 576.946777344,
        "dvar2": 1408.77954102,
        "max": 379.545288086,
        "mean": 17.9457073212,
        "median": 11.4167308807,
        "min": -1.19036912918,
        "var": 732.596679688
    },
    "melbands_skewness": {
        "dmean": 0.60061609745,
        "dmean2": 0.920181393623,
        "dvar": 0.965440988541,
        "dvar2": 2.15090084076,
        "max": 15.4541578293,
        "mean": 2.86219525337,
        "median": 2.59302687645,
        "min": -0.146691173315,
        "var": 2.38468933105
    },
    "melbands_spread": {
        "dmean": 3.13575673103,
        "dmean2": 4.72009801865,
        "dvar": 59.969078064,
        "dvar2": 136.433364868,
        "max": 125.914878845,
        "mean": 10.8729066849,
        "median": 8.42938232422,
        "min": 0.543984293938,
        "var": 94.0068435669
    },
    "pitch_salience": {
        "dmean": 0.0538333132863,
        "dmean2": 0.0890747308731,
        "dvar": 0.00327193876728,
        "dvar2": 0.00834269355983,
        "max": 0.848234534264,
        "mean": 0.535482645035,
        "median": 0.545135140419,
        "min": 0.117744624615,
        "var": 0.0127827087417
    },
    "silence_rate_20dB": {
        "dmean": 0,
        "dmean2": 0,
        "dvar": 0,
        "dvar2": 0,
        "max": 1,
        "mean": 1,
        "median": 1,
        "min": 1,
        "var": 0
    },
    "silence_rate_30dB": {
        "dmean": 0.0257864873856,
        "dmean2": 0.0515995882452,
        "dvar": 0.0251212492585,
        "dvar2": 0.0510011278093,
        "max": 1,
        "mean": 0.967010319233,
        "median": 1,
        "min": 0,
        "var": 0.0319010689855
    },
    "silence_rate_60dB": {
        "dmean": 0.00257864873856,
        "dmean2": 0.00515995873138,
        "dvar": 0.00257202540524,
        "dvar2": 0.00616535544395,
        "max": 1,
        "mean": 0.00257731950842,
        "median": 0,
        "min": 0,
        "var": 0.00257070991211
    },
    "spectral_centroid": {
        "dmean": 150.276397705,
        "dmean2": 219.526977539,
        "dvar": 130442.34375,
        "dvar2": 223573.578125,
        "max": 11137.2226562,
        "mean": 731.199279785,
        "median": 623.976074219,
        "min": 183.233276367,
        "var": 250114.234375
    },
    "spectral_complexity": {
        "dmean": 2.48169159889,
        "dmean2": 3.76264190674,
        "dvar": 16.4147377014,
        "dvar2": 30.7702255249,
        "max": 56,
        "mean": 13.8783502579,
        "median": 13,
        "min": 0,
        "var": 44.1542243958
    },
    "spectral_decrease": {
        "dmean": 2.7701356764e-09,
        "dmean2": 4.62229632348e-09,
        "dvar": 7.28489826018e-17,
        "dvar2": 2.06149714032e-16,
        "max": 4.53152297356e-29,
        "mean": -7.76451081208e-09,
        "median": -5.53972068218e-09,
        "min": -8.84869706397e-08,
        "var": 7.22053037364e-17
    },
    "spectral_energy": {
        "dmean": 0.0108711374924,
        "dmean2": 0.0181161817163,
        "dvar": 0.00106845551636,
        "dvar2": 0.00301858992316,
        "max": 0.337771862745,
        "mean": 0.0303513109684,
        "median": 0.0215241722763,
        "min": 1.09852574183e-20,
        "var": 0.00107148708776
    },
    "spectral_energyband_high": {
        "dmean": 0.00043914251728,
        "dmean2": 0.000759757822379,
        "dvar": 5.93188360654e-06,
        "dvar2": 1.68294118339e-05,
        "max": 0.0303670782596,
        "mean": 0.000381797523005,
        "median": 5.53768477403e-05,
        "min": 8.22336112973e-21,
        "var": 3.76838238481e-06
    },
    "spectral_energyband_low": {
        "dmean": 0.00824578758329,
        "dmean2": 0.0143419988453,
        "dvar": 0.00101314671338,
        "dvar2": 0.00289213517681,
        "max": 0.322280496359,
        "mean": 0.0155477160588,
        "median": 0.00919546745718,
        "min": 5.27581653714e-23,
        "var": 0.00082068471238
    },
    "spectral_energyband_middle_high": {
        "dmean": 0.00110651832074,
        "dmean2": 0.00168387487065,
        "dvar": 1.41921491377e-05,
        "dvar2": 3.46996712324e-05,
        "max": 0.0480235889554,
        "mean": 0.00247793085873,
        "median": 0.00105419196188,
        "min": 1.54170441575e-21,
        "var": 2.12242794078e-05
    },
    "spectral_energyband_middle_low": {
        "dmean": 0.00291281449609,
        "dmean2": 0.00441849697381,
        "dvar": 2.10563375731e-05,
        "dvar2": 4.00190874643e-05,
        "max": 0.0764613747597,
        "mean": 0.0126422094181,
        "median": 0.00941302441061,
        "min": 3.2155124127e-22,
        "var": 0.000124248486827
    },
    "spectral_entropy": {
        "dmean": 0.188494771719,
        "dmean2": 0.258686542511,
        "dvar": 0.0500648505986,
        "dvar2": 0.085652410984,
        "max": 9.7799577713,
        "mean": 6.90529346466,
        "median": 6.8545255661,
        "min": 5.46987295151,
        "var": 0.242973208427
    },
    "spectral_flux": {
        "dmean": 0.023906884715,
        "dmean2": 0.037504915148,
        "dvar": 0.00229616928846,
        "dvar2": 0.00489174434915,
        "max": 0.542690038681,
        "mean": 0.0575047023594,
        "median": 0.039282348007,
        "min": 1.04810576884e-10,
        "var": 0.00373754976317
    },
    "spectral_kurtosis": {
        "dmean": 3.48231935501,
        "dmean2": 5.64645195007,
        "dvar": 14.181479454,
        "dvar2": 34.7321357727,
        "max": 45.9227828979,
        "mean": 9.07251548767,
        "median": 7.11471796036,
        "min": -1.19129550457,
        "var": 44.7593040466
    },
    "spectral_rms": {
        "dmean": 0.000747327576391,
        "dmean2": 0.00116634857841,
        "dvar": 2.37901235778e-06,
        "dvar2": 6.05053082836e-06,
        "max": 0.018153058365,
        "mean": 0.00502677122131,
        "median": 0.00458248751238,
        "min": 3.27373263047e-12,
        "var": 4.34249477621e-06
    },
    "spectral_rolloff": {
        "dmean": 179.249984741,
        "dmean2": 289.241851807,
        "dvar": 376581.15625,
        "dvar2": 669632.5,
        "max": 18217.0898438,
        "mean": 598.436645508,
        "median": 430.6640625,
        "min": 64.599609375,
        "var": 453639.21875
    },
    "spectral_skewness": {
        "dmean": 0.352894693613,
        "dmean2": 0.556038200855,
        "dvar": 0.130246013403,
        "dvar2": 0.280744284391,
        "max": 5.32537555695,
        "mean": 2.1833524704,
        "median": 2.05824661255,
        "min": -0.00623257830739,
        "var": 0.601924479008
    },
    "spectral_spread": {
        "dmean": 470991.8125,
        "dmean2": 655620.3125,
        "dvar": 633137266688,
        "dvar2": 699087716352,
        "max": 40918968,
        "mean": 3451816.75,
        "median": 3214319.5,
        "min": 1530275.625,
        "var": 2.00462696448e+12
    },
    "spectral_strongpeak": {
        "dmean": 0.247245743871,
        "dmean2": 0.42180031538,
        "dvar": 0.250300973654,
        "dvar2": 0.650670289993,
        "max": 9.21663761139,
        "mean": 0.633852779865,
        "median": 0.444799035788,
        "min": 0,
        "var": 0.450108259916
    },
    "zerocrossingrate": {
        "dmean": 0.00560428015888,
        "dmean2": 0.00656534219161,
        "dvar": 0.000172703686985,
        "dvar2": 0.000187314042705,
        "max": 0.51171875,
        "mean": 0.0298181269318,
        "median": 0.02587890625,
        "min": 0.00390625,
        "var": 0.000405077938922
    },
    "barkbands": {
        "dmean": [0.000204736861633, 0.00600529974326, 0.00249197543599, 0.000679554708768, 0.00122194201685, 0.00116019113921, 0.000492310908157, 0.000285051908577, 0.00041486392729, 0.000252300611464, 0.000316940859193, 0.000181485214853, 0.000121274264529, 9.65586004895e-05, 0.000131646665977, 0.000114942165965, 6.31297734799e-05, 8.05790405138e-05, 7.62061536079e-05, 0.000284245645162, 7.07286017132e-05, 5.32274134457e-05, 3.97831863665e-05, 2.46305990004e-05, 1.35058671731e-05, 4.33067407357e-06, 2.22747265077e-09],
        "dmean2": [0.000337044708431, 0.0107230609283, 0.00431327661499, 0.00112931267358, 0.00198722002096, 0.00177189521492, 0.000733071647119, 0.000407897634432, 0.000536089588422, 0.000383671169402, 0.000505675794557, 0.000266147224465, 0.000197355228011, 0.00013581267558, 0.000226725212997, 0.000191293336684, 0.000103318663605, 0.000130207554321, 0.000125600301544, 0.000528098025825, 0.000114700822451, 8.69991272339e-05, 6.58466306049e-05, 3.81489226129e-05, 2.06448385143e-05, 6.73946669849e-06, 4.10823552954e-09],
        "dvar": [4.12390477322e-07, 0.000679171702359, 7.2662049206e-05, 2.86302429231e-06, 3.72152476302e-06, 8.0390018411e-06, 8.7599556764e-07, 3.62255804021e-07, 1.21732398384e-06, 4.81269694319e-07, 2.03969102586e-06, 4.11937719491e-07, 1.03261193374e-07, 6.36834300849e-08, 2.56657273212e-07, 1.72370306473e-07, 3.01354425858e-08, 6.33810444128e-08, 9.91094708525e-08, 3.23786798617e-06, 8.9876330378e-08, 4.77108983432e-08, 3.93207741922e-08, 1.23700756305e-08, 2.71130273788e-09, 2.67414673738e-10, 3.54447713042e-16],
        "dvar2": [9.965604022e-07, 0.00193494511768, 0.000215900770854, 6.75561341268e-06, 9.31063095777e-06, 1.63307995535e-05, 1.77375807198e-06, 7.15212195246e-07, 2.03321019399e-06, 1.0577825833e-06, 4.52298354503e-06, 8.46390946663e-07, 2.50653613421e-07, 1.00704248496e-07, 7.08504387603e-07, 4.70260204111e-07, 7.78584166028e-08, 1.5751737692e-07, 2.66505907121e-07, 9.43430404732e-06, 2.38621169046e-07, 1.26984630811e-07, 1.06930627908e-07, 3.15566417441e-08, 6.20720852496e-09, 6.53801401906e-10, 1.01715919707e-15],
        "max": [0.00924636237323, 0.292090445757, 0.136210590601, 0.0375292673707, 0.0540725588799, 0.0513122230768, 0.015741346404, 0.0127208875492, 0.0218781102449, 0.0143962241709, 0.0350672639906, 0.0233111344278, 0.00991255510598, 0.00577499391511, 0.00748210214078, 0.0047695604153, 0.00193312147167, 0.00326677621342, 0.0037158455234, 0.0228245928884, 0.00401462148875, 0.00306623172946, 0.00227501429617, 0.00138708762825, 0.000712001579814, 0.000211313759792, 5.95654967128e-07],
        "mean": [0.00023982138373, 0.00870225857943, 0.00594291556627, 0.00152865890414, 0.00395096326247, 0.00395208410919, 0.00120034138672, 0.000796833133791, 0.00113090057857, 0.000542580266483, 0.000455862376839, 0.000356678589014, 0.000240952751483, 0.000266257411567, 0.000158953756909, 0.000142285745824, 9.12608375074e-05, 0.000125018021208, 9.49873938225e-05, 0.000207362609217, 7.81950075179e-05, 6.02122381679e-05, 3.94915768993e-05, 2.66667066171e-05, 1.50664709508e-05, 4.73441468785e-06, 1.71346936639e-09],
        "median": [8.8698718173e-05, 0.0041847913526, 0.00354684656486, 0.000813463819213, 0.00246102176607, 0.0016478060279, 0.000600360275712, 0.000401851109928, 0.000374307972379, 0.000173803186044, 9.32858820306e-05, 0.000121414821479, 0.000104430560896, 7.73735519033e-05, 4.22414232162e-05, 3.58322722604e-05, 2.65277594735e-05, 4.31037624367e-05, 2.5182895115e-05, 2.5006942451e-05, 1.55741727212e-05, 1.15157217806e-05, 4.07068910135e-06, 2.41801626544e-06, 1.32294053401e-06, 8.68597908266e-07, 5.80335557387e-10],
        "min": [1.77866933491e-25, 9.10482273106e-24, 1.24433199473e-23, 4.69746600438e-23, 4.45311381463e-23, 1.67750940174e-23, 4.68518249345e-23, 3.06783840855e-23, 1.04845723243e-22, 8.17215721598e-23, 1.03993627247e-22, 8.15422041226e-23, 4.10526528293e-23, 1.71126207774e-22, 4.7257621295e-23, 1.01538925613e-22, 1.96769766018e-22, 1.97276467155e-22, 3.63338478219e-22, 3.95723780598e-22, 4.6205953588e-22, 5.34314852908e-22, 5.70463110158e-22, 8.31365437614e-22, 1.19129578429e-21, 2.0404806936e-21, 2.60632978788e-21],
        "var": [4.46060056447e-07, 0.000523344846442, 6.83925682097e-05, 6.3440802478e-06, 2.36263294937e-05, 4.18999188696e-05, 3.40455517289e-06, 1.41259636166e-06, 5.02011789649e-06, 1.35194363793e-06, 3.80496203434e-06, 8.46556474698e-07, 1.80537213623e-07, 3.00478376403e-07, 2.01867763394e-07, 1.49627297219e-07, 3.59836107577e-08, 7.79428077635e-08, 7.94711709773e-08, 1.8171318743e-06, 7.19177961628e-08, 3.98193868989e-08, 3.01175298034e-08, 1.13605480578e-08, 3.18571524716e-09, 2.56893950557e-10, 2.02641687377e-16]
    },
    "erbbands": {
        "dmean": [0.135162383318, 1.527105093, 3.23189377785, 2.26376247406, 2.99188613892, 4.88570690155, 4.57028484344, 12.3267583847, 9.2699432373, 5.10054254532, 7.61842870712, 6.3379945755, 9.72058582306, 9.12903308868, 10.320438385, 6.20261955261, 5.86832141876, 3.48271274567, 6.63035964966, 6.38522815704, 6.13789796829, 3.66332578659, 3.67826652527, 4.89987802505, 3.83691811562, 15.131729126, 5.28789186478, 3.12837195396, 2.02627062798, 1.1324416399, 1.29160737991, 0.607112050056, 0.393181115389, 0.201091125607, 0.0784501135349, 0.025858907029, 0.00702261505648, 0.000705630111042, 1.78858208528e-05, 1.30598573378e-05],
        "dmean2": [0.224937945604, 2.77259778976, 5.62625074387, 3.77312588692, 5.01967048645, 7.92738056183, 6.97451257706, 18.8742866516, 13.6837692261, 7.91872024536, 10.6808795929, 8.68690872192, 13.2294740677, 14.6755428314, 16.4294433594, 9.06610393524, 9.18189048767, 5.12850046158, 10.6211862564, 10.8326787949, 9.97032260895, 5.84087562561, 5.79906177521, 8.1079492569, 6.21843671799, 28.3114852905, 9.16893482208, 5.22709465027, 3.39675712585, 1.77580165863, 2.21817588806, 0.947354733944, 0.625319838524, 0.31157708168, 0.121402397752, 0.0387822091579, 0.011305286549, 0.00119267404079, 2.94264718832e-05, 2.16489934246e-05],
        "dvar": [0.346048295498, 43.1940383911, 131.886260986, 39.5591621399, 30.2961082458, 66.6985473633, 45.367149353, 1068.68017578, 326.277587891, 81.7801437378, 315.314819336, 251.725418091, 550.678405762, 845.930297852, 2214.22998047, 569.956359863, 291.762390137, 54.4950942993, 550.739685059, 533.305847168, 366.132202148, 94.9868011475, 98.3141784668, 399.107788086, 278.422821045, 9367.84765625, 835.352478027, 214.688308716, 75.4180297852, 19.961812973, 48.630695343, 7.42987155914, 3.67362236977, 0.693208515644, 0.0834442228079, 0.00882655661553, 0.000757552101277, 8.14351096778e-06, 3.76244990719e-09, 1.36775912818e-09],
        "dvar2": [0.883930146694, 128.104995728, 395.431121826, 110.525154114, 73.6314239502, 162.701431274, 99.7684249878, 2162.93969727, 621.285827637, 201.307327271, 633.205749512, 486.763885498, 923.418640137, 2131.50292969, 4818.44042969, 1177.6472168, 644.28704834, 100.778244019, 1422.61999512, 1443.7088623, 946.299865723, 231.988754272, 239.894790649, 1063.48510742, 751.515686035, 27328.4570312, 2380.52978516, 581.409057617, 204.026245117, 48.0955963135, 136.875061035, 18.93699646, 9.77114200592, 1.71323847771, 0.186149850488, 0.0198314450681, 0.00192075991072, 2.2072075808e-05, 9.96350468796e-09, 3.83203824228e-09],
        "max": [7.27569961548, 67.0856933594, 145.830993652, 124.776992798, 92.836769104, 243.208618164, 132.720733643, 595.807006836, 356.737854004, 142.680831909, 358.566894531, 315.210845947, 478.383514404, 478.415008545, 1146.72644043, 920.568969727, 625.57623291, 177.301376343, 336.039978027, 284.576019287, 225.830581665, 134.246902466, 142.161437988, 239.256195068, 207.68862915, 1183.09094238, 401.030456543, 203.801895142, 114.654304504, 58.7881317139, 81.6040267944, 39.4704818726, 26.4684791565, 9.88962173462, 4.10797357559, 1.20253157616, 0.364254623652, 0.040688097477, 0.000839854939841, 0.000369600980775],
        "mean": [0.200644120574, 2.13406157494, 6.99075126648, 5.51586866379, 9.02061462402, 15.0543804169, 13.3357105255, 41.2610015869, 27.0287437439, 13.7183885574, 20.6050052643, 17.5225658417, 25.9236183167, 17.7403297424, 15.1244659424, 12.2174797058, 12.2310724258, 9.8821811676, 11.6799478531, 8.673371315, 8.52966690063, 5.77646446228, 6.08515834808, 6.38143014908, 4.84266996384, 10.7202739716, 4.80574035645, 3.11789083481, 2.14912939072, 1.37208485603, 1.18240714073, 0.662712872028, 0.397695302963, 0.208230257034, 0.0900998041034, 0.029073247686, 0.00741658080369, 0.000724811048713, 2.94476376439e-05, 3.50765803887e-05],
        "median": [0.0910201072693, 1.03474187851, 4.2411699295, 3.31733560562, 5.55158042908, 7.43515872955, 9.5210018158, 15.0671253204, 12.5085411072, 8.32738685608, 9.33297348022, 7.03866386414, 8.54003334045, 7.29328727722, 3.65692996979, 4.12432193756, 5.43824243546, 4.04766941071, 3.04165410995, 2.36688089371, 2.49921703339, 1.87843835354, 2.33300447464, 1.96019721031, 1.33508729935, 1.23403716087, 0.732011795044, 0.535266160965, 0.410424351692, 0.21536898613, 0.111411869526, 0.0629937946796, 0.0336836129427, 0.0170383267105, 0.00854177586734, 0.0037284209393, 0.00161321926862, 0.000238978915149, 1.5887326299e-05, 2.46746312769e-05],
        "min": [3.98532781753e-22, 1.60045907889e-21, 1.052267524e-20, 1.08471890187e-19, 9.42544002918e-20, 2.41077679475e-19, 6.75048526973e-20, 2.11707391055e-19, 4.0083649955e-19, 8.62103919521e-19, 8.07356557089e-19, 2.57213134962e-18, 3.16522646627e-18, 2.06903948068e-18, 4.62012384001e-18, 2.95754974539e-18, 2.58606520704e-18, 6.80191196729e-18, 4.64506457625e-18, 3.63780674434e-18, 6.60741905781e-18, 1.15799933899e-17, 1.03002647457e-17, 1.56596456895e-17, 1.85878981451e-17, 1.71845614205e-17, 2.03648243759e-17, 1.64186434585e-17, 1.87688902262e-17, 1.78545992234e-17, 1.6862260421e-17, 1.52197526941e-17, 1.49619171884e-17, 1.23453984999e-17, 8.35406675591e-18, 6.22400595464e-18, 4.37032935709e-18, 1.45239939168e-18, 4.2133783499e-19, 3.37306611588e-20],
        "var": [0.330500155687, 29.7056274414, 106.712669373, 53.1110076904, 132.253692627, 470.156158447, 191.173965454, 5530.39697266, 1575.38427734, 243.541183472, 1091.3125, 912.702697754, 2468.09155273, 1325.01245117, 3999.02026367, 1124.70532227, 584.768493652, 214.232147217, 802.977478027, 481.750793457, 407.27154541, 136.274978638, 148.410217285, 329.835693359, 218.342987061, 5212.37353516, 527.892822266, 156.415344238, 58.4822731018, 20.9060268402, 33.2507019043, 6.79033517838, 3.03378772736, 0.692331016064, 0.105475597084, 0.0102608893067, 0.00066893681651, 6.0196252889e-06, 3.11470627068e-09, 1.38569267172e-09]
    },
    "gfcc": {
        "mean": [-36.7723503113, 140.3646698, -100.060523987, 32.0361938477, -51.0269813538, 5.03459644318, -29.5417366028, 5.86323642731, -20.5046348572, 4.93548440933, -12.3228559494, 0.818476557732, -9.127202034],
        "cov": [[3651.34228516, -744.327453613, -720.312866211, 341.509246826, -453.326202393, 307.313964844, -87.3926620483, 11.1416883469, -32.0982971191, 1.54526352882, -20.0711574554, -23.2424468994, 89.9417800903], [-744.327453613, 807.361450195, 190.926193237, -246.592956543, 294.9559021, -244.727996826, 38.7369003296, -73.9021530151, 65.0283050537, -44.2499923706, 12.4857082367, -25.0231113434, -42.9531211853], [-720.312866211, 190.926193237, 567.660339355, 39.5007743835, 127.77154541, -39.4541969299, -21.0426692963, 25.4793739319, -27.8839263916, -8.58531856537, -15.1278972626, -14.2432107925, -43.8075370789], [341.509246826, -246.592956543, 39.5007743835, 255.123016357, -70.2207794189, 84.6638565063, 14.9327640533, 31.7407932281, -14.7122488022, 10.5380401611, 23.8398742676, -10.0960121155, -2.89383649826], [-453.326202393, 294.9559021, 127.77154541, -70.2207794189, 262.29598999, -60.0066986084, 39.6099319458, 4.83163738251, 27.0846977234, -6.92568063736, 2.13859581947, 8.15969276428, -29.2564640045], [307.313964844, -244.727996826, -39.4541969299, 84.6638565063, -60.0066986084, 210.280075073, 26.9084873199, 19.9991111755, -9.44875812531, -1.60046100616, -16.1451587677, 5.0683221817, 24.9753608704], [-87.3926620483, 38.7369003296, -21.0426692963, 14.9327640533, 39.6099319458, 26.9084873199, 105.859771729, 17.5838508606, 16.5768432617, -0.0321702361107, 6.72866630554, 3.28351831436, -8.20234298706], [11.1416883469, -73.9021530151, 25.4793739319, 31.7407932281, 4.83163738251, 19.9991111755, 17.5838508606, 95.5872497559, 21.8003482819, 8.52475357056, -0.19492007792, 7.88999605179, -0.96365582943], [-32.0982971191, 65.0283050537, -27.8839263916, -14.7122488022, 27.0846977234, -9.44875812531, 16.5768432617, 21.8003482819, 95.9356536865, 16.0961704254, 5.24781274796, -2.82616686821, 3.40001964569], [1.54526352882, -44.2499923706, -8.58531856537, 10.5380401611, -6.92568063736, -1.60046100616, -0.0321702361107, 8.52475357056, 16.0961704254, 73.140953064, 27.2660961151, 4.32962608337, 1.40380764008], [-20.0711574554, 12.4857082367, -15.1278972626, 23.8398742676, 2.13859581947, -16.1451587677, 6.72866630554, -0.19492007792, 5.24781274796, 27.2660961151, 70.6785812378, 15.9758443832, -4.77333021164], [-23.2424468994, -25.0231113434, -14.2432107925, -10.0960121155, 8.15969276428, 5.0683221817, 3.28351831436, 7.88999605179, -2.82616686821, 4.32962608337, 15.9758443832, 65.8129806519, 18.1462879181], [89.9417800903, -42.9531211853, -43.8075370789, -2.89383649826, -29.2564640045, 24.9753608704, -8.20234298706, -0.96365582943, 3.40001964569, 1.40380764008, -4.77333021164, 18.1462879181, 67.9765777588]],
        "icov": [[0.000660467892885, -0.000872511591297, 0.00111967837438, -0.00138022622559, 0.000746448058635, -0.00101957365405, 0.00125299359206, -0.000705749960616, 0.00058406253811, -0.000534901511855, 0.00090797158191, -0.000273244280834, 0.000193198502529], [-0.000872511591297, 0.00872711651027, -0.00365181337111, 0.00629742722958, -0.00535268103704, 0.00631502363831, -0.00524136051536, 0.00590458000079, -0.00509604811668, 0.00588216586038, -0.00554840266705, 0.0041999691166, -0.00196644267999], [0.00111967837438, -0.00365181337111, 0.00490533607081, -0.0044647436589, 0.00102806952782, -0.00285422266461, 0.00420479103923, -0.00337097351439, 0.00319751910865, -0.00258176261559, 0.00360031495802, -0.00134840316605, 0.00163906579837], [-0.00138022622559, 0.00629742722958, -0.0044647436589, 0.0113077918068, -0.00256036035717, 0.00297627295367, -0.00544941937551, 0.00291479169391, -0.00316506437957, 0.00442739017308, -0.00751983420923, 0.00436808820814, -0.00102940248325], [0.000746448058635, -0.00535268103704, 0.00102806952782, -0.00256036035717, 0.00927449576557, -0.00317132193595, 0.000904813059606, -0.00338231679052, 0.00158096919768, -0.00291842827573, 0.00316322338767, -0.00371078983881, 0.00259560742415], [-0.00101957365405, 0.00631502363831, -0.00285422266461, 0.00297627295367, -0.00317132193595, 0.0114875491709, -0.00623433711007, 0.00383770628832, -0.00313410093077, 0.00381680950522, -0.00164313602727, 0.00215392070822, -0.00326917902566], [0.00125299359206, -0.00524136051536, 0.00420479103923, -0.00544941937551, 0.000904813059606, -0.00623433711007, 0.0159104540944, -0.00516710802913, 0.00205140560865, -0.00272053549998, 0.00268066953868, -0.00244652782567, 0.00282947579399], [-0.000705749960616, 0.00590458000079, -0.00337097351439, 0.00291479169391, -0.00338231679052, 0.00383770628832, -0.00516710802913, 0.0165815539658, -0.00664436072111, 0.00285812653601, -0.00215435680002, 0.000322627282003, -0.000601795851253], [0.00058406253811, -0.00509604811668, 0.00319751910865, -0.00316506437957, 0.00158096919768, -0.00313410093077, 0.00205140560865, -0.00664436072111, 0.0157611649483, -0.00597345596179, 0.00301794381812, -0.000324538210407, -0.000448126404081], [-0.000534901511855, 0.00588216586038, -0.00258176261559, 0.00442739017308, -0.00291842827573, 0.00381680950522, -0.00272053549998, 0.00285812653601, -0.00597345596179, 0.0208344329149, -0.0105027351528, 0.00344357569702, -0.00178516737651], [0.00090797158191, -0.00554840266705, 0.00360031495802, -0.00751983420923, 0.00316322338767, -0.00164313602727, 0.00268066953868, -0.00215435680002, 0.00301794381812, -0.0105027351528, 0.0238891709596, -0.00824677757919, 0.00349576864392], [-0.000273244280834, 0.0041999691166, -0.00134840316605, 0.00436808820814, -0.00371078983881, 0.00215392070822, -0.00244652782567, 0.000322627282003, -0.000324538210407, 0.00344357569702, -0.00824677757919, 0.02103054896, -0.00659476220608], [0.000193198502529, -0.00196644267999, 0.00163906579837, -0.00102940248325, 0.00259560742415, -0.00326917902566, 0.00282947579399, -0.000601795851253, -0.000448126404081, -0.00178516737651, 0.00349576864392, -0.00659476220608, 0.0189416017383]]
    },
    "melbands": {
        "dmean": [0.00143292034045, 0.00184519507457, 0.000395049573854, 0.000288694631308, 0.000162638607435, 0.000256480474491, 0.00013610428141, 5.71063210373e-05, 6.50596630294e-05, 4.55672343378e-05, 5.02450784552e-05, 3.73976108676e-05, 4.16687689722e-05, 1.86353863683e-05, 1.77621423063e-05, 1.26769100461e-05, 6.05806735621e-06, 1.12617844934e-05, 1.0620608009e-05, 7.77822697273e-06, 6.9356806307e-06, 3.90782270188e-06, 2.87966554424e-06, 4.16925104219e-06, 4.20285141445e-06, 2.40915915128e-06, 3.3673074995e-06, 1.28870988192e-05, 4.0249342419e-06, 1.55478767283e-06, 1.97909002964e-06, 1.25820190533e-06, 8.33489082197e-07, 5.36943957741e-07, 8.30414933262e-07, 5.17665569078e-07, 3.35108524041e-07, 3.02129450347e-07, 1.89062774325e-07, 1.73892161115e-07],
        "dmean2": [0.00253982003778, 0.0032495977357, 0.000656466814689, 0.000474863190902, 0.000255395862041, 0.000392146175727, 0.000201644332265, 8.66643385962e-05, 9.09134541871e-05, 6.08654809184e-05, 6.82384925312e-05, 5.97183097852e-05, 6.64621620672e-05, 2.8695571018e-05, 2.50461907854e-05, 2.10458601941e-05, 8.74978468346e-06, 1.74668621185e-05, 1.81512696145e-05, 1.34638466989e-05, 1.10706123451e-05, 6.34546813671e-06, 4.58100430478e-06, 6.75937008054e-06, 7.04503963789e-06, 3.79009520657e-06, 5.78602657697e-06, 2.43027789111e-05, 7.10481072019e-06, 2.50995617534e-06, 3.33600542035e-06, 2.10718167182e-06, 1.36492337788e-06, 8.26378538932e-07, 1.45631793202e-06, 8.2470057805e-07, 5.39329050753e-07, 4.96229574765e-07, 2.94330533279e-07, 2.73623328439e-07],
        "dvar": [4.04423735745e-05, 4.88022960781e-05, 1.14190470413e-06, 2.63907338649e-07, 5.31588248975e-08, 4.41320821665e-07, 6.56934986409e-08, 1.03627302295e-08, 3.09049639213e-08, 1.26084938046e-08, 1.47772860615e-08, 1.25595249756e-08, 4.13795859799e-08, 2.8693218912e-09, 1.15324620964e-08, 6.94569957105e-10, 1.64154412285e-10, 1.40611577937e-09, 1.24711674321e-09, 1.14549625341e-09, 4.07506972611e-10, 1.20577492435e-10, 4.38832650773e-11, 1.83301651635e-10, 3.17316145582e-10, 6.7232573675e-11, 2.46339532106e-10, 7.16661707756e-09, 5.55097634525e-10, 3.65839615546e-11, 9.03619470916e-11, 2.9223335557e-11, 1.13865583629e-11, 4.17698558033e-12, 2.06534268854e-11, 6.16444569002e-12, 2.46588361709e-12, 2.43990288043e-12, 6.53706201583e-13, 5.28967169545e-13],
        "dvar2": [0.000111019835458, 0.000146257778397, 3.11078429149e-06, 6.43207840767e-07, 1.26123083533e-07, 8.92962475518e-07, 1.27411027506e-07, 2.36784067909e-08, 6.25987865988e-08, 2.11303223807e-08, 2.45571438739e-08, 3.15730304123e-08, 8.8253358399e-08, 6.70106281575e-09, 2.3912862801e-08, 1.81089876428e-09, 2.78623374372e-10, 3.30671912074e-09, 3.39974515207e-09, 3.20495607831e-09, 9.98588101098e-10, 3.01867170149e-10, 1.08394258846e-10, 4.61531340923e-10, 8.56056947551e-10, 1.66875513408e-10, 6.90108192813e-10, 2.09683328478e-08, 1.60034363539e-09, 9.6185961973e-11, 2.46576065122e-10, 7.99071642188e-11, 2.98210796335e-11, 9.4909661727e-12, 5.89299026243e-11, 1.61700427354e-11, 6.55924099757e-12, 6.64950039475e-12, 1.60847561399e-12, 1.32611120435e-12],
        "max": [0.0759265124798, 0.0794691592455, 0.0199973750859, 0.0154636343941, 0.00353641295806, 0.012074389495, 0.00539412116632, 0.00158957368694, 0.00401599565521, 0.00235701422207, 0.00255862716585, 0.00172458356246, 0.00537839345634, 0.000737990078051, 0.00460897758603, 0.000342440267559, 0.000289141549729, 0.000559564970899, 0.000566423696, 0.000403328362154, 0.000309878087137, 0.000146802602103, 7.78704197728e-05, 0.000182263436727, 0.000224058196181, 9.96608505375e-05, 0.000177438676474, 0.00105039286427, 0.000346512562828, 8.45821414259e-05, 0.000127186998725, 7.3741277447e-05, 4.71035818919e-05, 2.76580103673e-05, 5.16794389114e-05, 3.22487285302e-05, 2.71329863608e-05, 2.22912167374e-05, 1.2185306332e-05, 8.67076596478e-06],
        "mean": [0.00209293840453, 0.00346685224213, 0.00108954915777, 0.000914509466384, 0.000486386095872, 0.000868574599735, 0.000401341734687, 0.000158141338034, 0.000166853118571, 0.000126049111714, 0.000133600697154, 7.44417047827e-05, 5.89692535868e-05, 3.38624085998e-05, 3.43602296198e-05, 2.59263288171e-05, 1.72455511347e-05, 2.11935348489e-05, 1.36190501507e-05, 8.9976720119e-06, 9.78839580057e-06, 5.59225873076e-06, 4.9416935326e-06, 6.05034574619e-06, 5.20705089002e-06, 3.42207567883e-06, 3.72617864741e-06, 8.52057200973e-06, 3.43597935171e-06, 1.70277530742e-06, 1.89010029317e-06, 1.31749141019e-06, 9.08928711851e-07, 6.61076398956e-07, 7.30089141143e-07, 5.11180132889e-07, 3.6154202121e-07, 2.93092625725e-07, 2.01949902134e-07, 1.71724039433e-07],
        "median": [0.0010213466594, 0.00204008095898, 0.000675442162901, 0.000513367238455, 0.00036161634489, 0.000339926104061, 0.000194028994883, 9.31975082494e-05, 6.84417609591e-05, 4.50475272373e-05, 4.26044134656e-05, 2.92641670967e-05, 1.20717704704e-05, 1.29767195176e-05, 6.19227648713e-06, 1.1730479855e-05, 6.42343729851e-06, 3.75947865905e-06, 4.03281683248e-06, 1.83355109584e-06, 2.74070839623e-06, 1.51047856889e-06, 2.16004218601e-06, 1.95832899408e-06, 1.51883364197e-06, 9.62554850048e-07, 8.07154151516e-07, 7.02288105003e-07, 4.31645673871e-07, 3.45304698612e-07, 2.94088891906e-07, 2.41363267151e-07, 1.57358854835e-07, 9.06065764639e-08, 6.45951345746e-08, 4.34616609368e-08, 3.35626708647e-08, 2.28759056142e-08, 1.67798575035e-08, 1.25174022259e-08],
        "min": [2.79975649391e-24, 3.96020086221e-24, 1.70147262945e-23, 1.22898202369e-23, 4.06085201953e-24, 4.08027850819e-24, 7.36015507611e-24, 9.12971681465e-24, 5.72255122878e-24, 1.79827091123e-23, 1.60163912646e-23, 8.11502554264e-24, 1.51680975787e-23, 8.59902878446e-24, 8.80648736962e-24, 4.49532150182e-24, 1.40408216561e-23, 9.21877763312e-24, 3.56696356171e-24, 6.46230712037e-24, 7.43690729788e-24, 1.1789245394e-23, 9.70332597782e-24, 1.02600779723e-23, 1.25692931452e-23, 1.48715316323e-23, 1.14827713546e-23, 1.16338169188e-23, 1.16856592797e-23, 1.50850778571e-23, 6.92393945021e-24, 8.73296158895e-24, 1.2887708961e-23, 9.34540400791e-24, 9.45296124803e-24, 1.0184627371e-23, 9.22759236488e-24, 1.10491250487e-23, 1.097516855e-23, 1.00918612729e-23],
        "var": [3.37269193551e-05, 3.51223316102e-05, 1.79572543857e-06, 1.74963599875e-06, 2.08303106319e-07, 2.26787824431e-06, 3.38246024967e-07, 3.50885969169e-08, 9.90484210206e-08, 5.47911085391e-08, 6.71364333016e-08, 2.12547508482e-08, 8.12488210045e-08, 4.81020823173e-09, 2.21527578503e-08, 1.34285449427e-09, 7.60980667369e-10, 3.12144665671e-09, 1.14343101654e-09, 8.19908363425e-10, 5.51948986516e-10, 1.6005037573e-10, 6.95556806596e-11, 2.11360748348e-10, 2.49486042936e-10, 6.94020119152e-11, 1.75415487691e-10, 3.92914500935e-09, 3.36284528002e-10, 3.08768080548e-11, 6.41899172704e-11, 2.23826582268e-11, 9.65026929894e-12, 4.94902426332e-12, 1.35404534807e-11, 5.08769285382e-12, 2.07186069516e-12, 1.87364880555e-12, 6.54106651655e-13, 5.04587420024e-13]
    },
    "mfcc": {
        "mean": [-686.482849121, 169.488922119, 10.1142368317, 34.5977363586, 0.104354262352, 5.76263093948, 1.07653582096, 2.22325778008, -1.04270446301, 1.20961928368, 2.52567601204, 0.0648629292846, -2.10452890396],
        "cov": [[3765.51000977, -1311.51135254, -307.860443115, -203.857879639, -256.711517334, 143.788009644, -57.2127799988, 19.0370979309, -2.37117171288, 83.7967910767, -122.671966553, -50.2415733337, 42.9074287415], [-1311.51135254, 1205.8692627, -83.2163162231, 93.2353363037, 145.049331665, -84.2704162598, -46.4541702271, -37.7714157104, 1.22675728798, -64.9978942871, 62.6042556763, 22.1870231628, -31.6535186768], [-307.860443115, -83.2163162231, 401.471679688, 69.1228713989, 56.6287536621, 3.07370662689, 29.6863613129, 2.90095996857, 3.83696961403, 4.68749284744, -9.08688926697, 10.5285835266, -13.1810188293], [-203.857879639, 93.2353363037, 69.1228713989, 189.287460327, 41.0611572266, -27.9610710144, 17.9999523163, 5.42378664017, -23.1684207916, 0.212990134954, 52.5170326233, 0.266748994589, 15.2529459], [-256.711517334, 145.049331665, 56.6287536621, 41.0611572266, 158.304870605, 5.46431589127, 9.82698059082, 10.9631786346, 18.9855632782, -15.7239818573, 14.0335569382, 19.1480026245, 0.339302212], [143.788009644, -84.2704162598, 3.07370662689, -27.9610710144, 5.46431589127, 126.394012451, 34.4960708618, 17.3893146515, 15.1429281235, 6.72100925446, -13.0011529922, 0.889404535294, 1.75386404991], [-57.2127799988, -46.4541702271, 29.6863613129, 17.9999523163, 9.82698059082, 34.4960708618, 104.031539917, 27.0949993134, -3.65239572525, 0.877031803131, -0.898377239704, -5.70125102997, 19.7078800201], [19.0370979309, -37.7714157104, 2.90095996857, 5.42378664017, 10.9631786346, 17.3893146515, 27.0949993134, 104.082489014, 31.6247844696, -2.58137512207, 6.86493253708, 2.08069038391, 6.66360282898], [-2.37117171288, 1.22675728798, 3.83696961403, -23.1684207916, 18.9855632782, 15.1429281235, -3.65239572525, 31.6247844696, 95.5727767944, 11.245642662, -12.161441803, 11.9020261765, -14.1862020493], [83.7967910767, -64.9978942871, 4.68749284744, 0.212990134954, -15.7239818573, 6.72100925446, 0.877031803131, -2.58137512207, 11.245642662, 95.8620681763, 16.2763805389, -9.15137863159, -0.584386229515], [-122.671966553, 62.6042556763, -9.08688926697, 52.5170326233, 14.0335569382, -13.0011529922, -0.898377239704, 6.86493253708, -12.161441803, 16.2763805389, 98.0721282959, 10.4611101151, 1.72191727161], [-50.2415733337, 22.1870231628, 10.5285835266, 0.266748994589, 19.1480026245, 0.889404535294, -5.70125102997, 2.08069038391, 11.9020261765, -9.15137863159, 10.4611101151, 71.7699432373, 6.82485485077], [42.9074287415, -31.6535186768, -13.1810188293, 15.2529459, 0.339302212, 1.75386404991, 19.7078800201, 6.66360282898, -14.1862020493, -0.584386229515, 1.72191727161, 6.82485485077, 71.6898727417]],
