{
"lowlevel": {
    "average_loudness": 0.220545455813,
    "barkbands_crest": {
        "dmean": 3.12579202652,
        "dmean2": 5.1187210083,
        "dvar": 7.84846448898,
        "dvar2": 20.9368419647,
        "max": 26.4265403748,
        "mean": 12.1517400742,
        "median": 11.3559570312,
        "min": 3.24503707886,
        "var": 24.4667472839
    },
    "barkbands_flatness_db": {
        "dmean": 0.0368718355894,
        "dmean2": 0.0544103160501,
        "dvar": 0.00149597437121,
        "dvar2": 0.00307983299717,
        "max": 0.730250477791,
        "mean": 0.278575032949,
        "median": 0.265992075205,
        "min": 0.0543897785246,
        "var": 0.0136744249612
    },
    "barkbands_kurtosis": {
        "dmean": 6.96059989929,
        "dmean2": 11.0480251312,
        "dvar": 250.928268433,
        "dvar2": 555.477172852,
        "max": 368.260253906,
        "mean": 8.95464038849,
        "median": 1.45565462112,
        "min": -1.90281498432,
        "var": 651.338012695
    },
    "barkbands_skewness": {
        "dmean": 0.894627213478,
        "dmean2": 1.36399710178,
        "dvar": 1.12980020046,
        "dvar2": 2.59981155396,
        "max": 10.6768655777,
        "mean": 1.04863655567,
        "median": 0.925318598747,
        "min": -17.3468093872,
        "var": 4.75165462494
    },
    "barkbands_spread": {
        "dmean": 4.9145617485,
        "dmean2": 7.43245840073,
        "dvar": 33.4604606628,
        "dvar2": 71.6595001221,
        "max": 64.3602142334,
        "mean": 15.5188188553,
        "median": 11.9203300476,
        "min": 0.186455711722,
        "var": 158.635375977
    },
    "dissonance": {
        "dmean": 0.0337319485843,
        "dmean2": 0.0567828565836,
        "dvar": 0.00162609480321,
        "dvar2": 0.0043447772041,
        "max": 0.500000119209,
        "mean": 0.445718020201,
        "median": 0.465096980333,
        "min": 0.146595731378,
        "var": 0.00331773445942
    },
    "dynamic_complexity": 13.34167099,
    "erbbands_crest": {
        "dmean": 4.08814525604,
        "dmean2": 6.67180204391,
        "dvar": 14.2272939682,
        "dvar2": 35.1859169006,
        "max": 34.8283081055,
        "mean": 15.6579713821,
        "median": 14.4589414597,
        "min": 2.45964384079,
        "var": 45.2986946106
    },
    "erbbands_flatness_db": {
        "dmean": 0.0283905752003,
        "dmean2": 0.0402256399393,
        "dvar": 0.000951630703639,
        "dvar2": 0.00188076240011,
        "max": 0.678246319294,
        "mean": 0.294794857502,
        "median": 0.280290067196,
        "min": 0.039039388299,
        "var": 0.0116314711049
    },
    "erbbands_kurtosis": {
        "dmean": 6.71868515015,
        "dmean2": 11.0195608139,
        "dvar": 511.401702881,
        "dvar2": 1301.12609863,
        "max": 451.068481445,
        "mean": 8.13293743134,
        "median": 1.20508337021,
        "min": -1.90619146824,
        "var": 888.703186035
    },
    "erbbands_skewness": {
        "dmean": 0.873204767704,
        "dmean2": 1.32127964497,
        "dvar": 1.35532021523,
        "dvar2": 3.21371555328,
        "max": 14.6932735443,
        "mean": 0.254974812269,
        "median": 0.13278414309,
        "min": -13.3776578903,
        "var": 4.75258588791
    },
    "erbbands_spread": {
        "dmean": 7.53749990463,
        "dmean2": 11.6966409683,
        "dvar": 85.9295043945,
        "dvar2": 203.884841919,
        "max": 106.026634216,
        "mean": 22.9174404144,
        "median": 19.8493118286,
        "min": 0.155752003193,
        "var": 266.071838379
    },
    "hfc": {
        "dmean": 3.11597442627,
        "dmean2": 4.28328227997,
        "dvar": 86.8036193848,
        "dvar2": 157.836349487,
        "max": 171.504150391,
        "mean": 11.768951416,
        "median": 0.809782326221,
        "min": 1.16097075373e-16,
        "var": 866.332824707
    },
    "melbands_crest": {
        "dmean": 4.60711336136,
        "dmean2": 7.55783128738,
        "dvar": 14.5588684082,
        "dvar2": 39.0242004395,
        "max": 37.6915931702,
        "mean": 16.6258602142,
        "median": 15.7126789093,
        "min": 2.11664843559,
        "var": 42.252986908
    },
    "melbands_flatness_db": {
        "dmean": 0.0414295718074,
        "dmean2": 0.0607109889388,
        "dvar": 0.00192201661412,
        "dvar2": 0.00388364633545,
        "max": 0.83737128973,
        "mean": 0.342960208654,
        "median": 0.33257830143,
        "min": 0.00580155057833,
        "var": 0.0189748760313
    },
    "melbands_kurtosis": {
        "dmean": 12.7476100922,
        "dmean2": 20.6750583649,
        "dvar": 923.805480957,
        "dvar2": 2253.20947266,
        "max": 637.938842773,
        "mean": 16.4572963715,
        "median": 4.35473203659,
        "min": -1.90875923634,
        "var": 1340.12561035
    },
    "melbands_skewness": {
        "dmean": 1.14851856232,
        "dmean2": 1.77798449993,
        "dvar": 1.90598940849,
        "dvar2": 4.61637878418,
        "max": 18.0302848816,
        "mean": 1.93987250328,
        "median": 1.62199580669,
        "min": -15.8619585037,
        "var": 6.3188958168
    },
    "melbands_spread": {
        "dmean": 8.05062675476,
        "dmean2": 12.3588953018,
        "dvar": 103.804100037,
        "dvar2": 224.002120972,
        "max": 139.558151245,
        "mean": 23.2173748016,
        "median": 16.5180053711,
        "min": 0.213658317924,
        "var": 436.460418701
    },
    "pitch_salience": {
        "dmean": 0.100934945047,
        "dmean2": 0.163441285491,
        "dvar": 0.00862467382103,
        "dvar2": 0.0230610258877,
        "max": 0.946909785271,
        "mean": 0.502551138401,
        "median": 0.510004818439,
        "min": 0.0210059825331,
        "var": 0.0258172564209
    },
    "silence_rate_20dB": {
        "dmean": 0,
        "dmean2": 0,
        "dvar": 0,
        "dvar2": 0,
        "max": 1,
        "mean": 1,
        "median": 1,
        "min": 1,
        "var": 0
    },
    "silence_rate_30dB": {
        "dmean": 0,
        "dmean2": 0,
        "dvar": 0,
        "dvar2": 0,
        "max": 1,
        "mean": 1,
        "median": 1,
        "min": 1,
        "var": 0
    },
    "silence_rate_60dB": {
        "dmean": 0.0587628856301,
        "dmean2": 0.117586381733,
        "dvar": 0.0553103834391,
        "dvar2": 0.113042376935,
        "max": 1,
        "mean": 0.661514699459,
        "median": 1,
        "min": 0,
        "var": 0.223910629749
    },
    "spectral_centroid": {
        "dmean": 241.120605469,
        "dmean2": 347.666107178,
        "dvar": 117875.875,
        "dvar2": 183387.1875,
        "max": 10874.0517578,
        "mean": 1318.75317383,
        "median": 1171.14929199,
        "min": 162.280227661,
        "var": 639821.875
    },
    "spectral_complexity": {
        "dmean": 1.26597940922,
        "dmean2": 1.95616292953,
        "dvar": 5.58695316315,
        "dvar2": 11.804649353,
        "max": 50,
        "mean": 4.50180339813,
        "median": 3,
        "min": 0,
        "var": 40.9371070862
    },
    "spectral_decrease": {
        "dmean": 7.90225940239e-10,
        "dmean2": 1.19324439218e-09,
        "dvar": 3.76769684798e-18,
        "dvar2": 8.07003526743e-18,
        "max": -8.41870772771e-30,
        "mean": -2.09235540005e-09,
        "median": -2.77624784273e-10,
        "min": -2.2527910204e-08,
        "var": 1.38287699119e-17
    },
    "spectral_energy": {
        "dmean": 0.00322660757229,
        "dmean2": 0.00483581097797,
        "dvar": 6.16892575636e-05,
        "dvar2": 0.000129905369249,
        "max": 0.100581459701,
        "mean": 0.0089645087719,
        "median": 0.00116453121882,
        "min": 1.05621294934e-20,
        "var": 0.000261762324953
    },
    "spectral_energyband_high": {
        "dmean": 0.000107214327727,
        "dmean2": 0.000160799478181,
        "dvar": 2.68178894203e-07,
        "dvar2": 5.77306479954e-07,
        "max": 0.0107248006389,
        "mean": 0.000359915138688,
        "median": 1.81613916084e-06,
        "min": 7.44089108332e-21,
        "var": 2.06403456104e-06
    },
    "spectral_energyband_low": {
        "dmean": 0.00061617832398,
        "dmean2": 0.00106522382703,
        "dvar": 6.04407932769e-06,
        "dvar2": 1.66172940226e-05,
        "max": 0.0362648889422,
        "mean": 0.000566056289244,
        "median": 2.92853692372e-05,
        "min": 1.14868586008e-22,
        "var": 5.4266333791e-06
    },
    "spectral_energyband_middle_high": {
        "dmean": 0.00153322517872,
        "dmean2": 0.00214325706474,
        "dvar": 2.58265190496e-05,
        "dvar2": 5.05109783262e-05,
        "max": 0.096706494689,
        "mean": 0.00514332903549,
        "median": 0.000221876442083,
        "min": 1.66577868036e-21,
        "var": 0.000156446636538
    },
    "spectral_energyband_middle_low": {
        "dmean": 0.00205592787825,
        "dmean2": 0.00324850506149,
        "dvar": 3.69377812603e-05,
        "dvar2": 8.40346619952e-05,
        "max": 0.0620190687478,
        "mean": 0.0033156524878,
        "median": 0.000347046763636,
        "min": 3.13210065872e-22,
        "var": 7.53544009058e-05
    },
    "spectral_entropy": {
        "dmean": 0.293306231499,
        "dmean2": 0.426875919104,
        "dvar": 0.135894238949,
        "dvar2": 0.264497250319,
        "max": 9.79338932037,
        "mean": 6.43575334549,
        "median": 6.41563796997,
        "min": 2.74252438545,
        "var": 0.841783642769
    },
    "spectral_flux": {
        "dmean": 0.0168248470873,
        "dmean2": 0.0260548572987,
        "dvar": 0.000788374221884,
        "dvar2": 0.00173196848482,
        "max": 0.351034492254,
        "mean": 0.0421904139221,
        "median": 0.0200590267777,
        "min": 1.02772221289e-10,
        "var": 0.00304557918571
    },
    "spectral_kurtosis": {
        "dmean": 10.6644287109,
        "dmean2": 17.1044750214,
        "dvar": 554.791625977,
        "dvar2": 1355.9440918,
        "max": 593.389770508,
        "mean": 21.5657405853,
        "median": 9.22412586212,
        "min": -1.22610151768,
        "var": 1704.45166016
    },
    "spectral_rms": {
        "dmean": 0.000444612465799,
        "dmean2": 0.000627155590337,
        "dvar": 7.27540736989e-07,
        "dvar2": 1.39451947234e-06,
        "max": 0.00990597065538,
        "mean": 0.00194663903676,
        "median": 0.00106589309871,
        "min": 3.21006502629e-12,
        "var": 4.95646690979e-06
    },
    "spectral_rolloff": {
        "dmean": 388.974304199,
        "dmean2": 674.37322998,
        "dvar": 558488.375,
        "dvar2": 1055281,
        "max": 19056.8847656,
        "mean": 1510.68994141,
        "median": 1356.59179688,
        "min": 21.533203125,
        "var": 1397846.875
    },
    "spectral_skewness": {
        "dmean": 0.759489417076,
        "dmean2": 1.19700610638,
        "dvar": 1.08158314228,
        "dvar2": 2.60065460205,
        "max": 20.1832065582,
        "mean": 2.51356434822,
        "median": 1.91528105736,
        "min": -1.09613525867,
        "var": 4.3668961525
    },
    "spectral_spread": {
        "dmean": 492077.53125,
        "dmean2": 740260.875,
        "dvar": 859806367744,
        "dvar2": 1.25404590899e+12,
        "max": 40806188,
        "mean": 2995310.5,
        "median": 2679982.75,
        "min": 234466.90625,
        "var": 3.72363860378e+12
    },
    "spectral_strongpeak": {
        "dmean": 0.535311341286,
        "dmean2": 0.838436961174,
        "dvar": 1.39923548698,
        "dvar2": 3.20740485191,
        "max": 19.7967281342,
        "mean": 1.3350161314,
        "median": 0.221873313189,
        "min": 0,
        "var": 7.7001581192
    },
    "zerocrossingrate": {
        "dmean": 0.00775687629357,
        "dmean2": 0.00912020727992,
        "dvar": 0.000165711389855,
        "dvar2": 0.000272636389127,
        "max": 0.5224609375,
        "mean": 0.0521054714918,
        "median": 0.04638671875,
        "min": 0.00634765625,
        "var": 0.00106003379915
    },
    "barkbands": {
        "dmean": [1.26459217427e-05, 5.90815870964e-05, 0.0001956748456, 0.00120998162311, 0.000789574871305, 7.85237716627e-05, 0.000119874632219, 0.000174712447915, 0.000181673749466, 0.000303178443573, 0.000237873275182, 0.000143708050018, 0.000307866896037, 0.000866137561388, 0.000580080086365, 0.000261882407358, 0.000107262509118, 6.59687793814e-05, 3.36120428983e-05, 1.75846889761e-05, 7.21071846783e-05, 4.5036253141e-05, 8.7028975031e-06, 1.54820172611e-05, 1.00527522591e-05, 5.05331445311e-06, 1.07116704395e-09],
        "dmean2": [2.18325039896e-05, 0.000106739862531, 0.000361848098692, 0.00203125388362, 0.00127240235452, 0.000122214711155, 0.000187675934285, 0.000282773660729, 0.000275754980976, 0.000497921137139, 0.000346445769537, 0.000204494965146, 0.000516430940479, 0.00127357128076, 0.00086995883612, 0.000383833743399, 0.000164508805028, 0.000102165431599, 5.14647836098e-05, 2.67290815827e-05, 0.000112557485409, 6.57258497085e-05, 1.46611810123e-05, 2.35575553234e-05, 1.50464129547e-05, 7.53439189793e-06, 1.71380887259e-09],
        "dvar": [3.13408099473e-09, 7.18703034863e-08, 8.70374037731e-07, 1.58197963174e-05, 6.71795351082e-06, 8.22250143528e-08, 3.90904745018e-07, 1.71333476828e-06, 1.18774516977e-06, 4.52206541013e-06, 2.145495273e-06, 7.25519555544e-07, 5.91760954194e-06, 2.2652451662e-05, 8.1212956502e-06, 4.15907197748e-06, 2.82595010503e-07, 1.04227389386e-07, 6.31333492151e-08, 5.90139181966e-09, 1.83964232292e-07, 7.2406301399e-08, 4.14719369957e-09, 8.38126812397e-09, 3.99892341463e-09, 9.11957342975e-10, 6.39804020603e-17],
        "dvar2": [8.91066243014e-09, 2.10838848602e-07, 2.56721068581e-06, 3.85096464015e-05, 1.62446958711e-05, 1.54889676196e-07, 8.82717586137e-07, 3.79408356821e-06, 2.72086731457e-06, 1.20066270028e-05, 4.5614483497e-06, 1.17734566629e-06, 1.66214158526e-05, 4.59763723484e-05, 1.41780556078e-05, 6.9789398367e-06, 6.68014706662e-07, 2.21842569204e-07, 1.49867133814e-07, 1.19035714619e-08, 3.67057822359e-07, 1.18497055723e-07, 1.2087923551e-08, 1.83280128851e-08, 8.51406856128e-09, 2.11165329667e-09, 1.34865604948e-16],
        "max": [0.00102068157867, 0.0046312934719, 0.01390392147, 0.0397619307041, 0.0292985513806, 0.00632645795122, 0.0156153105199, 0.0321699082851, 0.0280950088054, 0.0393037088215, 0.0358607657254, 0.0291062127799, 0.0513742417097, 0.0926372930408, 0.0621607005596, 0.0546578317881, 0.0163036677986, 0.011880110018, 0.0100799947977, 0.00185903557576, 0.00737797981128, 0.00702815782279, 0.00171970680822, 0.00234638503753, 0.00138078769669, 0.000790206540842, 2.2734418792e-07],
        "mean": [1.17534464152e-05, 4.83564108436e-05, 0.000139056646731, 0.00136408675462, 0.000962357618846, 0.000207603006857, 0.000203313713428, 0.000201885413844, 0.000277520855889, 0.000323691958329, 0.000441127660451, 0.000315767014399, 0.000337182311341, 0.00138126709498, 0.0016286255559, 0.000419986754423, 0.00015254203754, 0.000113412024803, 5.53618992853e-05, 3.82865073334e-05, 0.00012455038086, 0.000126326209283, 1.77979291038e-05, 4.14638780057e-05, 1.89652200788e-05, 1.22317651403e-05, 1.1937830724e-09],
        "median": [1.31574211082e-06, 6.06113371759e-06, 4.63518881588e-06, 2.30248951993e-05, 2.87533584924e-05, 2.04673488042e-05, 4.3832828851e-06, 3.3696301216e-06, 7.79110814619e-06, 2.08112533073e-06, 3.34078004016e-06, 1.20800098102e-06, 3.89777505916e-06, 7.60640341468e-06, 8.72334021551e-06, 5.76326510782e-06, 3.87440650229e-06, 3.76004322789e-06, 2.10868438444e-06, 8.29221335152e-07, 5.41194538073e-07, 2.66687038675e-07, 1.25967034137e-07, 1.06968755631e-07, 5.66062361429e-08, 2.04520240743e-08, 1.27141117079e-10],
        "min": [6.35295719384e-24, 7.06049064181e-23, 3.39109467485e-23, 7.79617664222e-24, 3.03466428313e-23, 6.67962670351e-23, 3.61731663218e-23, 6.2709298592e-23, 9.27482446495e-23, 4.74818692068e-23, 3.92737462445e-23, 6.51034851284e-23, 7.78190709508e-23, 2.30192161742e-22, 1.36826699698e-22, 1.30710389732e-22, 1.36780844792e-22, 2.66282485047e-22, 4.63356196017e-22, 2.15439352098e-22, 4.0058455217e-22, 4.41749889046e-22, 5.90387641409e-22, 9.38370872688e-22, 1.22464220955e-21, 1.57273075691e-21, 2.29291699107e-21],
        "var": [2.59923105261e-09, 4.710780388e-08, 5.47412469132e-07, 2.36644827964e-05, 1.11266590466e-05, 5.79657296385e-07, 7.89663602063e-07, 2.29356851378e-06, 1.73593059571e-06, 4.31979879068e-06, 4.72793635709e-06, 4.52165249953e-06, 5.01428394273e-06, 4.17728806497e-05, 5.24177485204e-05, 9.31606246013e-06, 6.45125965093e-07, 3.19395013548e-07, 8.97267113942e-08, 2.46937990056e-08, 4.35032234236e-07, 4.82153041048e-07, 7.41133154847e-09, 4.92915326333e-08, 9.87308190759e-09, 4.89411755566e-09, 8.33430061343e-17]
    },
    "erbbands": {
        "dmean": [0.0017955803778, 0.0153775354847, 0.165586069226, 1.86179697514, 5.18116426468, 1.28899431229, 0.56141859293, 0.711149394512, 0.942920804024, 2.76323914528, 3.81612277031, 4.17564058304, 7.61544275284, 8.64998912811, 9.10696220398, 5.55471229553, 10.0744972229, 39.8156204224, 33.0339813232, 21.6191368103, 9.94104576111, 5.60020923615, 3.41889309883, 2.91015148163, 1.05302393436, 0.857698440552, 2.74805283546, 2.88912653923, 2.05365681648, 0.478045612574, 0.255504786968, 0.375525712967, 0.303335756063, 0.113569013774, 0.0595699213445, 0.0286410599947, 0.00860241428018, 0.00168045726605, 3.09902352456e-05, 4.67147901873e-06],
        "dmean2": [0.00326163251884, 0.0278992392123, 0.294994831085, 3.14000105858, 8.2021856308, 2.08970999718, 0.870981633663, 1.08856678009, 1.49334418774, 4.04724979401, 5.58212423325, 6.11716985703, 12.1079139709, 13.7605924606, 12.482960701, 7.60325813293, 15.4093093872, 58.9342536926, 46.2620658875, 29.5860366821, 12.8663053513, 8.75687122345, 5.17437601089, 4.53788900375, 1.50128662586, 1.26670563221, 4.4234457016, 4.13786268234, 2.6466691494, 0.64700704813, 0.408686995506, 0.543268382549, 0.443310558796, 0.161280423403, 0.0904088020325, 0.0422490686178, 0.0139073478058, 0.00264826207422, 4.80514790979e-05, 6.95893049851e-06],
        "dvar": [8.79636427271e-05, 0.0045150751248, 0.531169593334, 39.8414115906, 297.422302246, 19.913022995, 4.75697422028, 8.3782491684, 17.4118728638, 185.39175415, 812.978759766, 684.652282715, 3102.01049805, 3184.24682617, 3086.01757812, 1142.25769043, 3631.51635742, 52451.8945312, 20425.84375, 12564.5615234, 5459.60546875, 719.166870117, 282.643341064, 348.164398193, 20.2389335632, 14.7331323624, 455.125457764, 275.31552124, 155.713287354, 9.08892822266, 2.6792242527, 5.69194316864, 3.28591513634, 0.613894104958, 0.186514884233, 0.0294289030135, 0.00361637515016, 0.00020125330775, 6.01849450277e-08, 1.41862951941e-10],
        "dvar2": [0.000263420894044, 0.013025438413, 1.52281904221, 97.0904159546, 721.069030762, 48.999710083, 10.7093477249, 16.7329216003, 38.9089889526, 358.62109375, 1586.75537109, 1583.93786621, 7881.37695312, 8373.87890625, 6445.64453125, 1680.53674316, 9200.08984375, 114893.179688, 37483.0625, 18244.1582031, 8428.13574219, 1843.06396484, 544.454223633, 897.530517578, 37.8924446106, 30.0442733765, 1304.38806152, 522.174926758, 269.441741943, 13.8622093201, 7.0195646286, 10.8558683395, 7.34176063538, 1.31441223621, 0.437018632889, 0.0626041963696, 0.00919912103564, 0.000454461871414, 1.41369952189e-07, 2.87366935803e-10],
        "max": [0.225254118443, 0.952240347862, 11.2494773865, 85.6809082031, 188.199661255, 71.5173797607, 50.5946502686, 68.5806274414, 77.8342590332, 404.341156006, 987.23638916, 720.536132812, 1512.70605469, 1287.81188965, 1462.15393066, 1502.86401367, 1315.36315918, 4818.125, 3137.13232422, 4022.42993164, 3414.70288086, 588.007751465, 634.823303223, 656.762573242, 137.963150024, 119.471420288, 467.521575928, 405.511810303, 408.744659424, 141.760223389, 40.3180046082, 59.7709999084, 69.944480896, 25.8008289337, 10.7569799423, 5.61240720749, 1.34888625145, 0.348908215761, 0.00586185092106, 0.000248780474067],
        "mean": [0.00143071659841, 0.0128842443228, 0.140131294727, 2.09875321388, 6.25853729248, 1.44790768623, 0.915538132191, 1.97440457344, 1.7959536314, 4.60756254196, 4.53555202484, 6.8720126152, 9.16352272034, 11.0403013229, 19.4419288635, 12.9677667618, 16.4215145111, 60.2510948181, 81.7029724121, 64.9658966064, 21.1878528595, 8.46550273895, 6.29628944397, 4.38835048676, 2.26653218269, 1.85934984684, 3.51281642914, 6.45845508575, 5.06036090851, 1.09819257259, 0.568597316742, 0.631732285023, 0.81787788868, 0.253924280405, 0.109255254269, 0.0714945569634, 0.0172389987856, 0.00241247052327, 5.02235307067e-05, 1.34732854349e-05],
        "median": [0.000222991948249, 0.00127399282064, 0.00605533411726, 0.0455457568169, 0.126840636134, 0.0771134495735, 0.101644106209, 0.173095822334, 0.0987695157528, 0.134056523442, 0.169468477368, 0.226700395346, 0.129009053111, 0.144918844104, 0.173257097602, 0.119132272899, 0.297754704952, 0.571182250977, 0.685258746147, 0.661296844482, 0.47833776474, 0.302028715611, 0.234245270491, 0.196069732308, 0.0784371271729, 0.0487706549466, 0.0312598496675, 0.0165148805827, 0.0110457595438, 0.00559280905873, 0.00351559487171, 0.00281524914317, 0.00119108369108, 0.000740893301554, 0.000338227226166, 0.000122469165944, 2.47421576205e-05, 4.16185321228e-06, 1.31461695219e-06, 1.53456301177e-06],
        "min": [2.41357630837e-21, 1.45432197269e-20, 3.66519755078e-20, 3.35454147068e-20, 2.76638277406e-20, 1.3537533215e-19, 4.39418865807e-19, 4.80558228283e-19, 3.9367632077e-19, 1.31254982668e-18, 9.25780541569e-19, 2.26569670823e-18, 1.75422384533e-18, 1.85225901678e-18, 1.69454390151e-18, 2.62587803031e-18, 3.3699185127e-18, 1.17158040388e-17, 8.4221660542e-18, 7.44825683587e-18, 6.93632674888e-18, 6.43077132928e-18, 1.26743045366e-17, 2.10898614177e-17, 1.9794192176e-17, 1.09897272309e-17, 1.49026182647e-17, 1.61411955005e-17, 1.18265511151e-17, 1.89745504876e-17, 1.6437657032e-17, 2.42478153121e-17, 1.31967410582e-17, 1.29247078245e-17, 9.74342991843e-18, 5.49151973784e-18, 2.9380725371e-18, 1.40265771273e-18, 3.0694576146e-19, 3.38835797122e-20],
        "var": [5.21635338373e-05, 0.00316351698712, 0.393795162439, 56.4835472107, 488.100463867, 28.3431968689, 11.2860975266, 56.9731445312, 36.9563179016, 480.488311768, 1225.28967285, 1077.44470215, 3490.35498047, 3112.74560547, 8110.7578125, 6948.67089844, 6473.37158203, 92648.875, 116946.1875, 123259.125, 20057.5195312, 1295.07324219, 854.932067871, 551.846923828, 75.3597488403, 55.985874176, 475.228057861, 1272.78833008, 774.15637207, 42.8193244934, 7.14957809448, 12.480260849, 23.8701915741, 1.947696805, 0.38426437974, 0.190888136625, 0.00887000281364, 0.000320691266097, 1.00585793916e-07, 8.59127213815e-10]
    },
    "gfcc": {
        "mean": [-277.60824585, 114.312767029, -126.767852783, 19.2105026245, -29.5858039856, -5.9624080658, -43.7392196655, 1.98483490944, -21.0744438171, -12.4160547256, -19.5595855713, -8.89044189453, -6.79823970795],
        "cov": [[37793.3242188, -5626.85107422, -5603.11962891, -1056.06237793, -2905.06347656, 2043.64477539, -880.241027832, -2576.60961914, -311.76574707, 2782.52197266, -1206.76940918, -667.614624023, -1040.54187012], [-5626.85107422, 5720.03320312, 932.326293945, -891.77947998, 493.085021973, -1696.31335449, 711.827575684, 893.819702148, 140.40953064, -1383.9005127, 627.380432129, 129.787719727, 256.272033691], [-5603.11962891, 932.326293945, 2719.13037109, 1000.8963623, 97.2147903442, -147.293060303, -120.984413147, 100.734825134, -67.2697372437, -225.147827148, -42.9104042053, -122.745674133, -149.131134033], [-1056.06237793, -891.77947998, 1000.8963623, 1650.8894043, 311.493133545, -309.137634277, -464.272644043, 149.650482178, 71.6797409058, 121.311187744, -85.0466995239, -106.890678406, -197.091247559], [-2905.06347656, 493.085021973, 97.2147903442, 311.493133545, 1275.72290039, -189.351898193, -208.205535889, 101.222686768, 225.732040405, -239.863433838, 88.8592147827, 5.87480831146, 183.079315186], [2043.64477539, -1696.31335449, -147.293060303, -309.137634277, -189.351898193, 1810.11999512, -85.2599182129, -1033.14331055, -308.70892334, 602.523193359, -401.083282471, -137.845321655, -50.8279190063], [-880.241027832, 711.827575684, -120.984413147, -464.272644043, -208.205535889, -85.2599182129, 577.986938477, 267.496704102, -185.010528564, -331.965240479, 152.541305542, 69.0390319824, 56.4311676025], [-2576.60961914, 893.819702148, 100.734825134, 149.650482178, 101.222686768, -1033.14331055, 267.496704102, 1114.46838379, 183.007980347, -592.015563965, 230.856994629, 201.837860107, 63.3614463806], [-311.76574707, 140.40953064, -67.2697372437, 71.6797409058, 225.732040405, -308.70892334, -185.010528564, 183.007980347, 366.938049316, 31.9439868927, -3.51845979691, -7.05381679535, 49.3060531616], [2782.52197266, -1383.9005127, -225.147827148, 121.311187744, -239.863433838, 602.523193359, -331.965240479, -592.015563965, 31.9439868927, 766.481323242, -141.673202515, -156.373809814, -158.558227539], [-1206.76940918, 627.380432129, -42.9104042053, -85.0466995239, 88.8592147827, -401.083282471, 152.541305542, 230.856994629, -3.51845979691, -141.673202515, 358.848480225, 115.153816223, 38.6626472473], [-667.614624023, 129.787719727, -122.745674133, -106.890678406, 5.87480831146, -137.845321655, 69.0390319824, 201.837860107, -7.05381679535, -156.373809814, 115.153816223, 261.932098389, 116.85610199], [-1040.54187012, 256.272033691, -149.131134033, -197.091247559, 183.079315186, -50.8279190063, 56.4311676025, 63.3614463806, 49.3060531616, -158.558227539, 38.6626472473, 116.85610199, 248.03578186]],
        "icov": [[0.000107923544419, -7.59940521675e-05, 0.000285558809992, -0.000109597516712, 0.000161219621077, 8.50908982102e-05, 1.21775137814e-05, 0.000172659303644, 6.13377778791e-05, -0.000196140244952, 0.000368228473235, -0.00011667432409, 0.000327430345351], [-7.59940521675e-05, 0.000862357730512, -0.000610174960457, 0.000744258693885, -0.000252175726928, 0.000586963898968, -0.000244469440077, 0.000615072436631, -0.000567814859096, 0.00134028296452, -0.00085296551697, 0.000402502511861, 0.000132627639687], [0.000285558809992, -0.000610174960457, 0.00153612683062, -0.00106998893898, 0.000695827766322, -0.000310265255393, 0.000217663720832, 0.000263235880993, 0.00019253102073, -0.000456493959064, 0.000968527281657, -0.000181162569788, 0.000812108803075], [-0.000109597516712, 0.000744258693885, -0.00106998893898, 0.00218650093302, -0.000791895610746, 0.000812634010799, 0.000914813776035, -0.000406342209317, 0.000748632010072, 0.000365258863894, -0.000344093685271, 0.000455178465927, 0.000435907015344], [0.000161219621077, -0.000252175726928, 0.000695827766322, -0.000791895610746, 0.00191575172357, -0.000723802950233, 0.000988656072877, 0.000311216514092, -0.000942849263083, 0.00107324705459, -0.000818803091533, 0.000825667753816, -0.000528656353708], [8.50908982102e-05, 0.000586963898968, -0.000310265255393, 0.000812634010799, -0.000723802950233, 0.00288586900569, -0.00143734470475, 0.00181959196925, 0.00086495798314, -0.000911193259526, 0.00221088272519, -0.00115551438648, 0.000642857456114], [1.21775137814e-05, -0.000244469440077, 0.000217663720832, 0.000914813776035, 0.000988656072877, -0.00143734470475, 0.00607071584091, -0.00229875324294, 0.0023765291553, 0.00149839383084, -0.00229903846048, 0.00241321278736, -0.000949891924392], [0.000172659303644, 0.000615072436631, 0.000263235880993, -0.000406342209317, 0.000311216514092, 0.00181959196925, -0.00229875324294, 0.00483725685626, -0.00272641377524, 0.00229822844267, 0.000549659656826, -0.00201597693376, 0.00222991080955], [6.13377778791e-05, -0.000567814859096, 0.00019253102073, 0.000748632010072, -0.000942849263083, 0.00086495798314, 0.0023765291553, -0.00272641377524, 0.0073341676034, -0.00351068121381, 0.001956688473, 0.000836615392473, -0.00181772327051], [-0.000196140244952, 0.00134028296452, -0.000456493959064, 0.000365258863894, 0.00107324705459, -0.000911193259526, 0.00149839383084, 0.00229822844267, -0.00351068121381, 0.00776507426053, -0.00407302565873, 0.00183956255205, 0.00133121176623], [0.000368228473235, -0.00085296551697, 0.000968527281657, -0.000344093685271, -0.000818803091533, 0.00221088272519, -0.00229903846048, 0.000549659656826, 0.001956688473, -0.00407302565873, 0.00827257148921, -0.00370856211521, 0.00164008198772], [-0.00011667432409, 0.000402502511861, -0.000181162569788, 0.000455178465927, 0.000825667753816, -0.00115551438648, 0.00241321278736, -0.00201597693376, 0.000836615392473, 0.00183956255205, -0.00370856211521, 0.00815286394209, -0.00378615432419], [0.000327430345351, 0.000132627639687, 0.000812108803075, 0.000435907015344, -0.000528656353708, 0.000642857456114, -0.000949891924392, 0.00222991080955, -0.00181772327051, 0.00133121176623, 0.00164008198772, -0.00378615432419, 0.00901176128536]]
    },
    "melbands": {
        "dmean": [1.61018724611e-05, 5.99591185164e-05, 0.000461403658846, 0.000218774424866, 2.15579748328e-05, 1.54363133333e-05, 1.73336320586e-05, 3.22622727253e-05, 3.11705334752e-05, 2.64433092525e-05, 3.97990152123e-05, 3.64772604371e-05, 3.19647333527e-05, 1.95009743038e-05, 1.21001448861e-05, 3.77045871574e-05, 8.09133198345e-05, 6.18354824837e-05, 4.70999802928e-05, 2.45549854299e-05, 9.7896772786e-06, 6.87433339408e-06, 3.30935881721e-06, 3.43588408214e-06, 2.55191525866e-06, 8.97353459095e-07, 6.8456495228e-07, 5.53971347017e-07, 1.67723987943e-06, 1.91779281522e-06, 1.96921837414e-06, 1.54372889938e-06, 6.90137881065e-07, 1.58802293981e-07, 1.35480036079e-07, 2.35613242694e-07, 3.08400387894e-07, 2.91229838467e-07, 1.8113289002e-07, 1.02646950495e-07],
        "dmean2": [2.912232776e-05, 0.000110566099465, 0.000762262381613, 0.000343893887475, 3.44838845194e-05, 2.36047690123e-05, 2.73275945801e-05, 4.78319743706e-05, 4.39303803432e-05, 3.9368384023e-05, 6.31801522104e-05, 5.96634890826e-05, 4.38114693679e-05, 2.7668191251e-05, 1.73535627255e-05, 6.16053803242e-05, 0.000122382654808, 8.83490065462e-05, 6.5501066274e-05, 3.11040457746e-05, 1.31733340822e-05, 1.09519869511e-05, 5.01929116581e-06, 5.05811840412e-06, 4.14886881117e-06, 1.26829854707e-06, 1.02588091977e-06, 8.35170283153e-07, 2.69522138296e-06, 2.80542008113e-06, 2.83955523628e-06, 2.02940850613e-06, 9.64799710346e-07, 2.62499014525e-07, 2.0640854359e-07, 4.07071780728e-07, 4.45702625029e-07, 4.32493578728e-07, 2.56466137216e-07, 1.61977652624e-07],
        "dvar": [5.95259264102e-09, 7.89211398455e-08, 2.30969726545e-06, 5.05220668856e-07, 7.41917283165e-09, 3.5508000984e-09, 6.29134078167e-09, 2.79755703048e-08, 5.20258573999e-08, 2.50965825899e-08, 8.59262598851e-08, 5.85341304316e-08, 3.69238435383e-08, 1.35676465618e-08, 3.87249787792e-09, 7.72256925075e-08, 2.09793100225e-07, 8.7876919963e-08, 4.85740372369e-08, 2.31300418818e-08, 7.35951655173e-09, 1.21753662707e-09, 1.97896990461e-10, 3.28150062678e-10, 3.46716599875e-10, 1.96729368906e-11, 8.68487313316e-12, 6.62762639908e-12, 1.94709595669e-10, 1.52877294157e-10, 1.4273350557e-10, 9.02461994023e-11, 3.00213118254e-11, 9.28733110382e-13, 6.01975609117e-13, 4.61522703735e-12, 5.18352331544e-12, 3.78524989131e-12, 1.42224708573e-12, 5.02702588757e-13],
        "dvar2": [1.76697607657e-08, 2.31854087929e-07, 5.4557222029e-06, 1.19167157209e-06, 1.6873531905e-08, 7.12577330475e-09, 1.44321692375e-08, 5.65291351506e-08, 9.72873763772e-08, 5.91469024869e-08, 2.20570129272e-07, 1.51624348632e-07, 7.33092662131e-08, 2.28234799948e-08, 6.81746659126e-09, 1.96913589434e-07, 4.65976711439e-07, 1.73903160317e-07, 8.89855868991e-08, 2.97175617447e-08, 1.11952278559e-08, 3.06031777697e-09, 4.28005908493e-10, 6.67024380174e-10, 9.07342978529e-10, 3.51573735402e-11, 1.76116777412e-11, 1.44148538592e-11, 5.85968495947e-10, 3.15569070874e-10, 2.7932386959e-10, 1.57562851655e-10, 4.83581542865e-11, 2.36421038996e-12, 1.31873190753e-12, 1.39312849451e-11, 9.57573430271e-12, 7.34056739005e-12, 2.6457505891e-12, 1.21796182081e-12],
        "max": [0.00162335427012, 0.00428614020348, 0.0143298935145, 0.00770172756165, 0.00231441389769, 0.00131848652381, 0.00187739450485, 0.0059103849344, 0.00867475382984, 0.00421747518703, 0.0076039917767, 0.0052263266407, 0.005547367502, 0.00354921631515, 0.00212766369805, 0.00657037692145, 0.00898961909115, 0.00627761567011, 0.00547093292698, 0.0051382756792, 0.00417474238202, 0.000950035173446, 0.000396452174755, 0.00078997341916, 0.000628491397947, 0.000170925064594, 6.05614404776e-05, 7.3467643233e-05, 0.000288423500024, 0.000299473875202, 0.000315899524139, 0.000252095574979, 0.000212640792597, 2.03921481443e-05, 2.10125599551e-05, 6.59114957671e-05, 6.06335488555e-05, 5.49016840523e-05, 3.14155149681e-05, 1.78471782419e-05],
        "mean": [1.33281155286e-05, 4.47959610028e-05, 0.000560295127798, 0.000276456063148, 3.09194801957e-05, 4.2833002226e-05, 3.16794976243e-05, 5.07001423102e-05, 3.62515929737e-05, 4.31836269854e-05, 4.57466230728e-05, 4.27686754847e-05, 6.30755530437e-05, 4.75985434605e-05, 1.99844616873e-05, 5.2746549045e-05, 0.000115770519187, 0.000131987486384, 0.000108773485408, 5.08917291882e-05, 2.04237567232e-05, 8.96364235814e-06, 5.62661716685e-06, 5.43558098798e-06, 3.41961322192e-06, 1.79978724191e-06, 1.37058600558e-06, 1.10489020244e-06, 1.96991982193e-06, 2.51619690061e-06, 4.32562774222e-06, 3.23603421748e-06, 1.53726330154e-06, 2.8322310186e-07, 3.04783526417e-07, 3.02738044411e-07, 4.41216627678e-07, 6.71242105454e-07, 3.36479445195e-07, 1.69974441633e-07],
        "median": [1.99295004677e-06, 2.24862378673e-06, 1.21670345834e-05, 6.74368311593e-06, 3.03553701997e-06, 3.81986183129e-06, 1.30788282604e-06, 9.81221546681e-07, 1.05083347535e-06, 1.11979738904e-06, 4.10856472399e-07, 4.39845337041e-07, 5.03263038354e-07, 2.24349705036e-07, 1.43058485946e-07, 5.36196353096e-07, 5.91094760694e-07, 8.76920182691e-07, 6.16044701474e-07, 4.4965972279e-07, 3.148226142e-07, 2.29245472383e-07, 1.81678771582e-07, 1.83833918754e-07, 1.32449130774e-07, 4.84986877325e-08, 3.50002444804e-08, 1.8461637552e-08, 1.52555408306e-08, 1.09549773697e-08, 7.25598647833e-09, 5.58806112494e-09, 4.07718658835e-09, 2.27857266388e-09, 1.79230630337e-09, 1.84706860917e-09, 1.34163691268e-09, 7.55196905011e-10, 6.22539519934e-10, 5.3767784669e-10],
        "min": [2.08714940814e-23, 1.95385242555e-23, 5.75139987208e-24, 5.04382674441e-24, 1.33827381117e-23, 1.13692345489e-23, 6.21212737846e-24, 1.58101530472e-23, 7.7456469458e-24, 1.45041543756e-23, 8.22713529905e-24, 7.12767461189e-24, 5.17711110524e-24, 5.41536366469e-24, 8.83016818513e-24, 1.0277717691e-23, 2.26761317313e-23, 1.30252823586e-23, 1.00301865496e-23, 1.04061458241e-23, 8.71212382814e-24, 6.82961140747e-24, 8.86865434212e-24, 1.27254024075e-23, 1.6743154617e-23, 2.00861104751e-23, 6.55462277895e-24, 7.3334978884e-24, 9.53773302977e-24, 9.49090072441e-24, 8.93382687466e-24, 6.90553926959e-24, 7.90169152146e-24, 1.04341046323e-23, 7.02498306584e-24, 1.46857359565e-23, 1.51576451717e-23, 8.9597914425e-24, 8.50079588024e-24, 1.17209197845e-23],
        "var": [3.73198938419e-09, 5.05880173307e-08, 3.79312223231e-06, 8.91183276508e-07, 1.39255265097e-08, 2.50815457292e-08, 1.26319594784e-08, 6.2604293305e-08, 8.25772445978e-08, 4.1067433898e-08, 9.46713498706e-08, 5.62105810786e-08, 9.31390857772e-08, 8.63175912968e-08, 1.18453487019e-08, 1.09907837498e-07, 3.51656552766e-07, 3.57931895678e-07, 2.6817585308e-07, 1.02560562709e-07, 2.81310406081e-08, 2.21767759712e-09, 4.95918250909e-10, 9.27768917247e-10, 4.0643888255e-10, 6.84185347266e-11, 2.98935112775e-11, 2.30526778222e-11, 1.85277598819e-10, 2.19311180327e-10, 6.47782161245e-10, 3.68405084217e-10, 1.48643056197e-10, 2.32195317661e-12, 2.32512772057e-12, 3.78576163473e-12, 1.01896416652e-11, 1.82328666054e-11, 4.51953405256e-12, 1.0318778167e-12]
    },
    "mfcc": {
        "mean": [-880.147216797, 109.296089172, -7.34376239777, 18.3735408783, 16.4316654205, 2.72580218315, -7.29977607727, -0.00447656493634, 0.528493463993, -3.5815486908, -4.05102491379, -10.657828331, -12.5772666931],
        "cov": [[19690.5292969, 1317.73205566, -3633.5324707, -1197.04492188, -1022.22991943, 1054.28027344, -713.979492188, -1578.32946777, -236.616256714, 184.570083618, -44.4711456299, 236.629898071, -212.121261597], [1317.73205566, 3686.98608398, -7.93779230118, -159.912628174, -472.164581299, -661.668212891, -124.626304626, 352.635559082, -85.4490966797, -285.830169678, -186.088363647, 154.141906738, -37.8133087158], [-3633.5324707, -7.93779230118, 1651.14782715, 705.292053223, 263.980072021, -133.43572998, 127.946372986, 159.909210205, 5.61540842056, 31.7052555084, 159.343688965, -20.7809295654, -62.7565383911], [-1197.04492188, -159.912628174, 705.292053223, 1077.15539551, 528.504272461, -364.396911621, -200.470825195, 152.409393311, -9.1692647934, -36.9076309204, 198.9949646, 46.1067199707, -57.713596344], [-1022.22991943, -472.164581299, 263.980072021, 528.504272461, 888.736083984, 156.741897583, -218.98034668, -28.1639690399, 115.23739624, 13.1767683029, 60.0808105469, -79.7033615112, 3.74501204491], [1054.28027344, -661.668212891, -133.43572998, -364.396911621, 156.741897583, 1106.18127441, 216.119598389, -581.348754883, -44.9390907288, 128.188400269, -99.9800262451, -64.2929229736, -43.7836532593], [-713.979492188, -124.626304626, 127.946372986, -200.470825195, -218.98034668, 216.119598389, 483.757385254, 155.161071777, -114.724212646, -20.1792201996, -58.645816803, -67.378074646, -51.0571708679], [-1578.32946777, 352.635559082, 159.909210205, 152.409393311, -28.1639690399, -581.348754883, 155.161071777, 740.320983887, 110.473426819, -173.26399231, -58.5928764343, -19.2327842712, 31.3562870026], [-236.616256714, -85.4490966797, 5.61540842056, -9.1692647934, 115.23739624, -44.9390907288, -114.724212646, 110.473426819, 268.639007568, 48.2654380798, -90.8163986206, -64.4570541382, 82.0196609497], [184.570083618, -285.830169678, 31.7052555084, -36.9076309204, 13.1767683029, 128.188400269, -20.1792201996, -173.26399231, 48.2654380798, 234.058761597, 82.7134475708, -100.060890198, -36.6410140991], [-44.4711456299, -186.088363647, 159.343688965, 198.9949646, 60.0808105469, -99.9800262451, -58.645816803, -58.5928764343, -90.8163986206, 82.7134475708, 350.908447266, 103.305419922, -144.828048706], [236.629898071, 154.141906738, -20.7809295654, 46.1067199707, -79.7033615112, -64.2929229736, -67.378074646, -19.2327842712, -64.4570541382, -100.060890198, 103.305419922, 362.98324585, -12.0740823746], [-212.121261597, -37.8133087158, -62.7565383911, -57.713596344, 3.74501204491, -43.7836532593, -51.0571708679, 31.3562870026, 82.0196609497, -36.6410140991, -144.828048706, -12.0740823746, 266.233459473]],
