{
"lowlevel": {
    "average_loudness": 0.728421390057,
    "barkbands_crest": {
        "dmean": 2.09082865715,
        "dmean2": 3.45754528046,
        "dvar": 3.87730789185,
        "dvar2": 10.1365337372,
        "max": 25.9851779938,
        "mean": 14.1978969574,
        "median": 13.2987060547,
        "min": 3.35168910027,
        "var": 27.3348922729
    },
    "barkbands_flatness_db": {
        "dmean": 0.0275887995958,
        "dmean2": 0.0419075414538,
        "dvar": 0.00097433157498,
        "dvar2": 0.00204111821949,
        "max": 0.556917905807,
        "mean": 0.285720854998,
        "median": 0.289413928986,
        "min": 0.0926679596305,
        "var": 0.00743432063609
    },
    "barkbands_kurtosis": {
        "dmean": 9.69867420197,
        "dmean2": 15.5663528442,
        "dvar": 242.607116699,
        "dvar2": 609.593566895,
        "max": 247.120346069,
        "mean": 25.0936317444,
        "median": 17.0292301178,
        "min": -1.78025448322,
        "var": 697.55279541
    },
    "barkbands_skewness": {
        "dmean": 0.765180289745,
        "dmean2": 1.21380281448,
        "dvar": 0.713055491447,
        "dvar2": 1.7696890831,
        "max": 14.1462516785,
        "mean": 3.19890236855,
        "median": 2.94875764847,
        "min": -1.02105045319,
        "var": 3.85849928856
    },
    "barkbands_spread": {
        "dmean": 1.67163538933,
        "dmean2": 2.57229161263,
        "dvar": 8.16566562653,
        "dvar2": 17.799369812,
        "max": 55.3513298035,
        "mean": 6.33304023743,
        "median": 2.67071390152,
        "min": 0.22099968791,
        "var": 94.8866195679
    },
    "dissonance": {
        "dmean": 0.035751093179,
        "dmean2": 0.0587418265641,
        "dvar": 0.0014543797588,
        "dvar2": 0.00334041425958,
        "max": 0.500000119209,
        "mean": 0.409470200539,
        "median": 0.422824800014,
        "min": 0.174706310034,
        "var": 0.00403671199456
    },
    "dynamic_complexity": 3.46224546432,
    "erbbands_crest": {
        "dmean": 2.7220056057,
        "dmean2": 4.51570272446,
        "dvar": 6.87696409225,
        "dvar2": 18.4124126434,
        "max": 30.2567081451,
        "mean": 13.7259540558,
        "median": 13.2420873642,
        "min": 3.11301326752,
        "var": 28.6507110596
    },
    "erbbands_flatness_db": {
        "dmean": 0.0223806276917,
        "dmean2": 0.0340599007905,
        "dvar": 0.000704386271536,
        "dvar2": 0.00147372996435,
        "max": 0.452140986919,
        "mean": 0.270754426718,
        "median": 0.271932899952,
        "min": 0.090776219964,
        "var": 0.00428117392585
    },
    "erbbands_kurtosis": {
        "dmean": 3.54914546013,
        "dmean2": 5.77588415146,
        "dvar": 25.4493484497,
        "dvar2": 61.3339195251,
        "max": 56.6814231873,
        "mean": 7.54541254044,
        "median": 5.47771453857,
        "min": -1.71352505684,
        "var": 68.2636871338
    },
    "erbbands_skewness": {
        "dmean": 0.507629990578,
        "dmean2": 0.819258153439,
        "dvar": 0.320667505264,
        "dvar2": 0.781167626381,
        "max": 6.10240221024,
        "mean": 1.99554848671,
        "median": 1.97387230396,
        "min": -1.77636671066,
        "var": 1.49757027626
    },
    "erbbands_spread": {
        "dmean": 5.77347660065,
        "dmean2": 9.1507730484,
        "dvar": 75.7259750366,
        "dvar2": 172.883117676,
        "max": 89.9109268188,
        "mean": 21.4128379822,
        "median": 14.5706424713,
        "min": 2.06253123283,
        "var": 352.796630859
    },
    "hfc": {
        "dmean": 2.35358500481,
        "dmean2": 3.28229475021,
        "dvar": 19.3203601837,
        "dvar2": 35.4501342773,
        "max": 132.28263855,
        "mean": 8.58150005341,
        "median": 3.86630773544,
        "min": 2.10174948734e-06,
        "var": 222.838973999
    },
    "melbands_crest": {
        "dmean": 2.72035098076,
        "dmean2": 4.45090675354,
        "dvar": 7.73941993713,
        "dvar2": 19.0087242126,
        "max": 35.0865058899,
        "mean": 18.4559650421,
        "median": 17.2695655823,
        "min": 5.64348506927,
        "var": 48.2459564209
    },
    "melbands_flatness_db": {
        "dmean": 0.0291470885277,
        "dmean2": 0.042660176754,
        "dvar": 0.00121098791715,
        "dvar2": 0.00240220152773,
        "max": 0.634593129158,
        "mean": 0.356019169092,
        "median": 0.363979160786,
        "min": 0.0587623380125,
        "var": 0.0119932275265
    },
    "melbands_kurtosis": {
        "dmean": 12.6194677353,
        "dmean2": 20.1814899445,
        "dvar": 405.67880249,
        "dvar2": 991.55456543,
        "max": 333.494140625,
        "mean": 32.9366531372,
        "median": 21.7702255249,
        "min": -1.38541555405,
        "var": 1376.65185547
    },
    "melbands_skewness": {
        "dmean": 0.829509675503,
        "dmean2": 1.3147560358,
        "dvar": 0.795561313629,
        "dvar2": 1.84158408642,
        "max": 15.0627555847,
        "mean": 3.46342754364,
        "median": 3.05750489235,
        "min": -0.348505616188,
        "var": 4.63926935196
    },
    "melbands_spread": {
        "dmean": 1.86375141144,
        "dmean2": 2.89302420616,
        "dvar": 14.5101423264,
        "dvar2": 35.2057685852,
        "max": 130.573944092,
        "mean": 7.17115402222,
        "median": 3.2808611393,
        "min": 0.465060800314,
        "var": 173.822631836
    },
    "pitch_salience": {
        "dmean": 0.0649366229773,
        "dmean2": 0.105916947126,
        "dvar": 0.00395230390131,
        "dvar2": 0.00921308528632,
        "max": 0.900136768818,
        "mean": 0.554357349873,
        "median": 0.568193495274,
        "min": 0.0779557600617,
        "var": 0.0272345151752
    },
    "silence_rate_20dB": {
        "dmean": 0,
        "dmean2": 0,
        "dvar": 0,
        "dvar2": 0,
        "max": 1,
        "mean": 1,
        "median": 1,
        "min": 1,
        "var": 0
    },
    "silence_rate_30dB": {
        "dmean": 0.00412371149287,
        "dmean2": 0.00825167633593,
        "dvar": 0.00410675769672,
        "dvar2": 0.0102465143427,
        "max": 1,
        "mean": 0.995363235474,
        "median": 1,
        "min": 0,
        "var": 0.00461530173197
    },
    "silence_rate_60dB": {
        "dmean": 0.0422680415213,
        "dmean2": 0.0845796838403,
        "dvar": 0.0404808744788,
        "dvar2": 0.0887735635042,
        "max": 1,
        "mean": 0.109737247229,
        "median": 0,
        "min": 0,
        "var": 0.0976930260658
    },
    "spectral_centroid": {
        "dmean": 87.0081329346,
        "dmean2": 133.437988281,
        "dvar": 22881.25,
        "dvar2": 50559.2265625,
        "max": 3807.2421875,
        "mean": 564.212768555,
        "median": 376.734893799,
        "min": 165.784576416,
        "var": 291454.40625
    },
    "spectral_complexity": {
        "dmean": 1.63505148888,
        "dmean2": 2.61062407494,
        "dvar": 3.77713704109,
        "dvar2": 7.87881851196,
        "max": 57,
        "mean": 8.84750175476,
        "median": 6,
        "min": 0,
        "var": 65.0385131836
    },
    "spectral_decrease": {
        "dmean": 1.41858647051e-09,
        "dmean2": 2.02387151482e-09,
        "dvar": 6.84551968841e-18,
        "dvar2": 1.12686905838e-17,
        "max": -1.8841176415e-15,
        "mean": -4.59368454386e-09,
        "median": -2.99383651203e-09,
        "min": -8.20939405344e-08,
        "var": 2.89757828244e-17
    },
    "spectral_energy": {
        "dmean": 0.00554500566795,
        "dmean2": 0.00790402293205,
        "dvar": 0.000103269827378,
        "dvar2": 0.000169996696059,
        "max": 0.318509012461,
        "mean": 0.0181159973145,
        "median": 0.0117163481191,
        "min": 7.30174098962e-09,
        "var": 0.000447967118816
    },
    "spectral_energyband_high": {
        "dmean": 0.000121535464132,
        "dmean2": 0.000174525179318,
        "dvar": 2.24704123752e-07,
        "dvar2": 5.27498400515e-07,
        "max": 0.0161839984357,
        "mean": 0.000350510206772,
        "median": 8.96156234376e-06,
        "min": 6.17515413803e-11,
        "var": 1.8719408672e-06
    },
    "spectral_energyband_low": {
        "dmean": 0.000932011054829,
        "dmean2": 0.00124662905,
        "dvar": 1.4093813661e-05,
        "dvar2": 3.12628872052e-05,
        "max": 0.103753954172,
        "mean": 0.00249165040441,
        "median": 0.00052511820104,
        "min": 3.51770834683e-09,
        "var": 3.69274603145e-05
    },
    "spectral_energyband_middle_high": {
        "dmean": 0.000293986639008,
        "dmean2": 0.000439574883785,
        "dvar": 7.63462253417e-07,
        "dvar2": 1.82392409442e-06,
        "max": 0.0329053662717,
        "mean": 0.000886667403392,
        "median": 0.000195765678654,
        "min": 2.23688234602e-10,
        "var": 5.31932482772e-06
    },
    "spectral_energyband_middle_low": {
        "dmean": 0.00518702343106,
        "dmean2": 0.00754110934213,
        "dvar": 9.39485325944e-05,
        "dvar2": 0.000166744692251,
        "max": 0.295151233673,
        "mean": 0.015890000388,
        "median": 0.0102437548339,
        "min": 3.9961918219e-09,
        "var": 0.000364854902728
    },
    "spectral_entropy": {
        "dmean": 0.249490186572,
        "dmean2": 0.378387033939,
        "dvar": 0.101771228015,
        "dvar2": 0.226564794779,
        "max": 8.33863735199,
        "mean": 6.20609712601,
        "median": 6.13808870316,
        "min": 3.62520265579,
        "var": 0.755547463894
    },
    "spectral_flux": {
        "dmean": 0.0165884196758,
        "dmean2": 0.0264582019299,
        "dvar": 0.000632558600046,
        "dvar2": 0.00153530342504,
        "max": 0.331778854132,
        "mean": 0.0473162941635,
        "median": 0.0374952182174,
        "min": 8.54502286529e-05,
        "var": 0.00129112636205
    },
    "spectral_kurtosis": {
        "dmean": 9.12831401825,
        "dmean2": 15.0836992264,
        "dvar": 147.330368042,
        "dvar2": 345.295440674,
        "max": 145.21862793,
        "mean": 21.859369278,
        "median": 12.0737695694,
        "min": -0.403093338013,
        "var": 638.495422363
    },
    "spectral_rms": {
        "dmean": 0.000601673673373,
        "dmean2": 0.000868764123879,
        "dvar": 6.0458006601e-07,
        "dvar2": 1.08463507331e-06,
        "max": 0.0176278334111,
        "mean": 0.00373718771152,
        "median": 0.00338091468439,
        "min": 2.66901656687e-06,
        "var": 3.70760494661e-06
    },
    "spectral_rolloff": {
        "dmean": 105.079391479,
        "dmean2": 176.373596191,
        "dvar": 84662.078125,
        "dvar2": 196568.40625,
        "max": 5964.69726562,
        "mean": 620.332763672,
        "median": 409.130859375,
        "min": 150.732421875,
        "var": 793736.4375
    },
    "spectral_skewness": {
        "dmean": 0.671963095665,
        "dmean2": 1.08284723759,
        "dvar": 0.601689815521,
        "dvar2": 1.31965470314,
        "max": 10.089184761,
        "mean": 3.09945392609,
        "median": 2.66110181808,
        "min": -0.0962924137712,
        "var": 3.74256753922
    },
    "spectral_spread": {
        "dmean": 433100.40625,
        "dmean2": 672561.75,
        "dvar": 424123924480,
        "dvar2": 617860497408,
        "max": 28247798,
        "mean": 2745966.75,
        "median": 2588487.5,
        "min": 585686.375,
        "var": 1.65261816627e+12
    },
    "spectral_strongpeak": {
        "dmean": 0.259805500507,
        "dmean2": 0.422426521778,
        "dvar": 0.144324198365,
        "dvar2": 0.387864530087,
        "max": 6.54402542114,
        "mean": 0.732959032059,
        "median": 0.635995805264,
        "min": 0,
        "var": 0.280580669641
    },
    "zerocrossingrate": {
        "dmean": 0.00391833111644,
        "dmean2": 0.00481205061078,
        "dvar": 2.70108776022e-05,
        "dvar2": 3.63149993063e-05,
        "max": 0.18798828125,
        "mean": 0.0277132932097,
        "median": 0.0185546875,
        "min": 0.00634765625,
        "var": 0.000735669513233
    },
    "barkbands": {
        "dmean": [5.21296806255e-06, 4.21555159846e-05, 0.000414236536017, 0.000719303847291, 0.00336368870921, 0.00137284083758, 0.000734457338694, 0.000502158305608, 0.000290202209726, 0.00016714069352, 5.6670869526e-05, 3.26010376739e-05, 1.82235198736e-05, 1.99126825464e-05, 3.83680926461e-05, 2.56520015682e-05, 3.79083940061e-05, 5.13174090884e-05, 5.09325218445e-05, 3.48538451362e-05, 5.97062935412e-05, 5.5379812693e-05, 1.53377259267e-05, 6.86765270075e-06, 1.85829208021e-06, 5.42081579624e-07, 4.72666208395e-08],
        "dmean2": [8.5898936959e-06, 7.09049054421e-05, 0.00059214286739, 0.000979976612143, 0.00501914368942, 0.0021576108411, 0.00115420215297, 0.000914204982109, 0.000498629990034, 0.000274952937616, 9.50390967773e-05, 5.21719193785e-05, 2.83557328657e-05, 3.11076437356e-05, 6.21598446742e-05, 4.1701750888e-05, 6.20189020992e-05, 8.42990120873e-05, 7.69900725572e-05, 5.47437120986e-05, 9.35706921155e-05, 8.45063186716e-05, 2.17761626118e-05, 1.03072152342e-05, 2.83961958303e-06, 9.29324585286e-07, 8.13447655901e-08],
        "dvar": [9.97643773148e-11, 3.86403975483e-09, 3.08515200231e-06, 5.92521200815e-06, 6.55152034597e-05, 6.05842751611e-06, 1.79400490197e-06, 2.01182911042e-06, 1.28391991439e-06, 4.76018101381e-07, 3.32194396435e-08, 9.29823684714e-09, 2.33775998559e-09, 3.41543748839e-09, 1.31357413835e-08, 8.67608562771e-09, 1.97159000237e-08, 5.48651719612e-08, 4.77374726415e-08, 2.27316352408e-08, 6.04723737752e-08, 7.9718617485e-08, 6.13082251633e-09, 9.35300281668e-10, 7.25459414763e-11, 2.02144360278e-11, 1.67227776765e-13],
        "dvar2": [2.51312082256e-10, 1.06680833056e-08, 7.49966375224e-06, 1.23545478345e-05, 0.000132423156174, 1.32867717184e-05, 4.40381927547e-06, 6.82018480802e-06, 3.80329424843e-06, 1.14359409054e-06, 9.70522009425e-08, 2.13289439444e-08, 5.79730530248e-09, 8.75253203247e-09, 3.73848294544e-08, 2.26454819341e-08, 5.17659231036e-08, 1.60398997195e-07, 1.1301875702e-07, 4.90785545537e-08, 1.65972849686e-07, 1.96207608383e-07, 1.09565938544e-08, 2.37346098331e-09, 1.48458925708e-10, 5.7753964805e-11, 4.28502909154e-13],
        "max": [0.000202198643819, 0.000675208342727, 0.0505048409104, 0.0624038875103, 0.221518814564, 0.0412819981575, 0.0243729874492, 0.0281870998442, 0.0244515705854, 0.026945695281, 0.00337220355868, 0.00225167931058, 0.000857597624417, 0.00120347202756, 0.00232374295592, 0.00254567712545, 0.00330158066936, 0.00543678365648, 0.00611950643361, 0.00542222708464, 0.0065682688728, 0.00973764620721, 0.00239079189487, 0.000738625065424, 0.000263940019067, 0.000139220879646, 1.03164538814e-05],
        "mean": [5.01475551573e-06, 6.06438188697e-05, 0.00097179407021, 0.00190167641267, 0.00773360021412, 0.00299197039567, 0.00192807533313, 0.000741900177673, 0.000496279681101, 0.000275170285022, 9.32786206249e-05, 5.59693689866e-05, 3.1159252103e-05, 3.38929166901e-05, 6.29408677923e-05, 5.39514367119e-05, 7.3494258686e-05, 0.000102773577964, 0.000111709079647, 7.89899349911e-05, 0.000119613250718, 0.000127589009935, 4.35296606156e-05, 1.66280569829e-05, 3.68063911083e-06, 6.62751233449e-07, 3.55656553097e-08],
        "median": [2.05564560929e-06, 3.35586009896e-05, 0.000257016712567, 0.000293162302114, 0.00367477629334, 0.00136759050656, 0.000644386920612, 0.00011229973461, 4.34000430687e-05, 3.43336687365e-05, 9.99798248813e-06, 1.16922828965e-05, 7.60844886827e-06, 7.17746615919e-06, 1.05282297227e-05, 5.45504462934e-06, 5.28194368599e-06, 4.16003649661e-06, 4.11708879255e-06, 4.30626460002e-06, 3.22804817188e-06, 1.2849061477e-06, 2.84723085997e-07, 1.34461501489e-07, 1.1382821441e-07, 1.51187684594e-08, 3.16667969624e-10],
        "min": [4.06261496666e-10, 1.29711275054e-09, 1.3231072904e-09, 1.3121850273e-09, 2.026296686e-09, 4.17651524476e-10, 5.7060148273e-11, 8.77597508553e-11, 7.69654479038e-11, 4.70333320901e-11, 4.58448730367e-11, 2.74828805547e-11, 2.72868741491e-11, 1.50662624737e-11, 1.21622512408e-11, 1.03777663546e-11, 1.23387194559e-11, 1.60919697706e-11, 8.05175110613e-12, 1.7670698238e-11, 1.39007963126e-11, 9.02272787734e-12, 1.05904365139e-11, 6.10281616908e-12, 5.04048842595e-12, 5.73466578044e-12, 5.90466347691e-12],
        "var": [9.05224714631e-11, 5.92336890648e-09, 5.38346876056e-06, 2.05402247957e-05, 0.000200611815671, 1.8707705749e-05, 9.93545654637e-06, 4.10686016039e-06, 3.01069258057e-06, 1.15404702683e-06, 7.60089022833e-08, 1.86499544697e-08, 4.7128567715e-09, 6.35609564981e-09, 2.52352752028e-08, 3.51135618359e-08, 6.80793021957e-08, 1.46685422919e-07, 1.95481334231e-07, 9.81301084835e-08, 2.19714976879e-07, 4.0595901396e-07, 4.11879845785e-08, 4.32213997925e-09, 2.93841034837e-10, 1.54988452628e-11, 1.30407796649e-13]
    },
    "erbbands": {
        "dmean": [0.000376797048375, 0.015295128338, 0.295239716768, 1.93263614178, 3.06155633926, 13.266702652, 21.0796852112, 8.08144760132, 11.6764621735, 7.35753822327, 10.4814491272, 6.72907066345, 5.73437213898, 3.89234423637, 1.7728676796, 1.27534997463, 0.849191784859, 0.915780186653, 1.67982506752, 1.50430285931, 1.575553298, 1.7926145792, 2.61606431007, 2.72720003128, 2.17072820663, 1.67732334137, 1.89772641659, 2.71633243561, 2.14639425278, 0.916684746742, 0.412945061922, 0.201243802905, 0.0910338461399, 0.0296415649354, 0.0101932659745, 0.00283754896373, 0.00101811054628, 0.000139362848131, 6.84707993059e-06, 6.30179147265e-06],
        "dmean2": [0.000616289908066, 0.0248410906643, 0.424500524998, 2.55372095108, 4.6684088707, 20.4982357025, 32.7761497498, 12.6469955444, 17.9056282043, 11.5249300003, 19.0140628815, 11.7838716507, 9.69174385071, 6.47758293152, 2.89278578758, 1.9678208828, 1.3025983572, 1.41478681564, 2.7171587944, 2.43051695824, 2.54702663422, 2.95200824738, 4.36217451096, 4.26931715012, 3.48734378815, 2.6377055645, 2.91867089272, 4.37293052673, 3.32353138924, 1.4051374197, 0.616510629654, 0.295803487301, 0.140058264136, 0.043866686523, 0.0155397923663, 0.00465148221701, 0.00178956380114, 0.000248083524639, 1.06101870188e-05, 8.96748497325e-06],
        "dvar": [4.79214804727e-07, 0.000769142643549, 1.29056787491, 55.2891616821, 30.6415348053, 1150.95739746, 2887.59716797, 198.887252808, 488.181640625, 256.468994141, 976.016906738, 744.871765137, 609.286804199, 238.779006958, 30.5220623016, 18.4988059998, 5.01666402817, 7.38175201416, 21.4619960785, 21.0490207672, 29.3846530914, 46.4395103455, 134.789749146, 141.595550537, 82.7115478516, 71.2155609131, 46.5763549805, 172.188247681, 121.883842468, 19.6422309875, 4.93694877625, 0.922006011009, 0.183456525207, 0.0193872153759, 0.00248549459502, 0.000434365210822, 6.48236673442e-05, 1.19890330552e-06, 1.5239622897e-09, 1.3046697056e-10],
        "dvar2": [1.19134858778e-06, 0.0019623010885, 3.12835645676, 117.5965271, 56.4972763062, 2744.14282227, 5828.64550781, 411.939880371, 1098.50683594, 619.156677246, 3296.36889648, 2206.01098633, 1624.52087402, 614.747375488, 81.4566879272, 41.4008026123, 12.0180597305, 18.0323505402, 58.8111839294, 55.1432304382, 77.3780670166, 120.711875916, 401.3777771, 364.590026855, 202.541763306, 156.123245239, 112.149688721, 475.620391846, 293.765350342, 42.165271759, 9.65153503418, 2.33003139496, 0.456045597792, 0.0402846299112, 0.00542718404904, 0.00120317621622, 0.000185594020877, 3.22422033605e-06, 3.86903886707e-09, 2.09465222945e-10],
        "max": [0.0157261434942, 0.762251377106, 33.7956428528, 197.891372681, 146.975387573, 874.198486328, 1077.22253418, 288.283325195, 389.009185791, 554.53137207, 664.144958496, 733.795471191, 867.152160645, 519.493103027, 116.888305664, 108.649055481, 39.4713973999, 43.6701011658, 85.0539245605, 102.927711487, 160.620803833, 190.021789551, 299.218109131, 341.142944336, 250.979736328, 317.999816895, 213.814682007, 406.19229126, 379.730041504, 158.833312988, 63.2242126465, 24.2687301636, 8.29562664032, 5.15530490875, 1.3063737154, 0.651874184608, 0.239926412702, 0.0264018177986, 0.0009223803645, 0.000357460405212],
        "mean": [0.000693396374118, 0.0285238120705, 0.709468483925, 5.33021211624, 9.95888996124, 28.3541278839, 38.6351470947, 19.7397766113, 30.1029262543, 20.4502410889, 14.5756425858, 11.3238754272, 9.78956508636, 6.63226604462, 3.332208395, 2.34070634842, 1.56912207603, 1.61917150021, 2.90724420547, 2.88854050636, 3.38717222214, 3.98181939125, 5.2718334198, 5.96452474594, 5.13855457306, 3.68393039703, 3.88857340813, 5.55479049683, 4.81679344177, 2.50538039207, 1.12417185307, 0.483991533518, 0.208291903138, 0.0616554245353, 0.0179819352925, 0.00437658280134, 0.00109719240572, 0.000119076117699, 1.34074443849e-05, 2.09911941056e-05],
        "median": [0.000400009797886, 0.0176966488361, 0.248650789261, 0.901897847652, 6.10232782364, 12.9849224091, 12.1040592194, 8.58153915405, 8.86720657349, 5.36243391037, 2.70655536652, 1.23991930485, 0.807582259178, 1.04254639149, 0.59657740593, 0.523018181324, 0.432242929935, 0.454990059137, 0.587700426579, 0.465278893709, 0.34845405817, 0.316991299391, 0.243061080575, 0.253418475389, 0.211147502065, 0.204382315278, 0.174933969975, 0.109649591148, 0.0519808195531, 0.0195873174816, 0.00695118540898, 0.00352424546145, 0.00181658088695, 0.00146876845974, 0.000655709824059, 0.000157635717187, 1.64993707585e-05, 1.80239476322e-06, 6.29094301985e-06, 1.31472352223e-05],
        "min": [3.68298778142e-08, 3.03846064753e-07, 1.31236242851e-06, 3.32149852511e-06, 5.6723652051e-06, 6.89040280122e-06, 5.70242445974e-06, 2.63616311713e-06, 7.82621953022e-07, 1.55494785758e-06, 1.73241812718e-06, 1.72883972027e-06, 1.81639529728e-06, 1.48393189647e-06, 1.91735693988e-06, 9.57950305747e-07, 1.14844897325e-06, 1.13765236165e-06, 5.39904078778e-07, 6.61766250687e-07, 6.20925050043e-07, 6.23750906925e-07, 9.0047598178e-07, 4.86841656766e-07, 6.56328040805e-07, 7.30043097974e-07, 7.9736474845e-07, 3.01151516169e-07, 2.46551024929e-07, 5.23274763964e-07, 1.93646442881e-07, 1.16925356508e-07, 1.08559653711e-07, 5.80140095963e-08, 3.33444489797e-08, 2.26696510452e-08, 1.08032498503e-08, 3.65079522169e-09, 8.41670511065e-10, 9.1388792367e-11],
        "var": [8.79630647432e-07, 0.00132181774825, 2.27869009972, 169.940124512, 212.790847778, 2918.46655273, 6476.10449219, 958.23815918, 2629.49023438, 2034.56262207, 1636.4921875, 1724.23095703, 1490.52380371, 498.048034668, 77.7028274536, 36.9833259583, 11.1541194916, 13.5156030655, 44.9052505493, 67.6399536133, 135.22277832, 198.403701782, 378.827789307, 500.702209473, 421.515289307, 231.927200317, 179.898330688, 630.801757812, 576.036132812, 146.926757812, 27.7358417511, 4.03361177444, 0.683429181576, 0.0840792879462, 0.00704852445051, 0.000477507273899, 4.81515271531e-05, 9.09302002583e-07, 1.47299616948e-09, 6.14999662307e-10]
    },
    "gfcc": {
        "mean": [-141.772903442, 157.393966675, -108.199623108, 26.9988880157, -72.9630432129, -28.1741828918, -47.3975601196, -22.8455142975, -26.0062160492, -11.6612415314, -14.0640516281, -14.5766611099, -1.70230281353],
        "cov": [[7898.69970703, -2514.23583984, -1863.56164551, 920.063903809, -1171.45568848, 112.842712402, 161.703186035, 444.142333984, -45.2049942017, -97.9257354736, -339.491455078, 289.854370117, -123.872665405], [-2514.23583984, 1620.7611084, 714.910949707, -607.828979492, 538.071166992, -212.061386108, 8.52292156219, -225.165328979, 124.750823975, -36.622341156, 209.805664062, -204.874084473, 88.8960800171], [-1863.56164551, 714.910949707, 897.305358887, -198.67565918, 402.500396729, 9.53144168854, -71.046257019, -152.382522583, -5.96004056931, 17.4205665588, 67.8842849731, -91.7533111572, -33.2407951355], [920.063903809, -607.828979492, -198.67565918, 579.350463867, -114.268211365, 105.865127563, 51.7005653381, 72.4733505249, -31.0868911743, -25.8719863892, -130.355407715, -26.2869739532, -35.1601982117], [-1171.45568848, 538.071166992, 402.500396729, -114.268211365, 522.24786377, -16.3045921326, -102.401679993, -169.534225464, -36.2331314087, 68.6339187622, 49.1492118835, -87.9625167847, 21.1337623596], [112.842712402, -212.061386108, 9.53144168854, 105.865127563, -16.3045921326, 214.643325806, 7.88669729233, 56.4521369934, -29.5620365143, -15.1017904282, -40.2130393982, 5.91856622696, -16.8860435486], [161.703186035, 8.52292156219, -71.046257019, 51.7005653381, -102.401679993, 7.88669729233, 157.497390747, 45.2978820801, 8.47157764435, -53.8694496155, -23.4275093079, 7.32649421692, -1.26635742188], [444.142333984, -225.165328979, -152.382522583, 72.4733505249, -169.534225464, 56.4521369934, 45.2978820801, 185.987213135, 51.5772285461, -37.4471702576, -41.6866455078, 8.35325622559, -29.4591655731], [-45.2049942017, 124.750823975, -5.96004056931, -31.0868911743, -36.2331314087, -29.5620365143, 8.47157764435, 51.5772285461, 125.794265747, -9.46520137787, -6.04382371902, -56.3946800232, -10.6803359985], [-97.9257354736, -36.622341156, 17.4205665588, -25.8719863892, 68.6339187622, -15.1017904282, -53.8694496155, -37.4471702576, -9.46520137787, 150.555801392, 16.1464233398, 4.80415964127, -31.1133537292], [-339.491455078, 209.805664062, 67.8842849731, -130.355407715, 49.1492118835, -40.2130393982, -23.4275093079, -41.6866455078, -6.04382371902, 16.1464233398, 104.176116943, 13.1423864365, 15.1782484055], [289.854370117, -204.874084473, -91.7533111572, -26.2869739532, -87.9625167847, 5.91856622696, 7.32649421692, 8.35325622559, -56.3946800232, 4.80415964127, 13.1423864365, 154.731643677, 2.85539221764], [-123.872665405, 88.8960800171, -33.2407951355, -35.1601982117, 21.1337623596, -16.8860435486, -1.26635742188, -29.4591655731, -10.6803359985, -31.1133537292, 15.1782484055, 2.85539221764, 100.189361572]],
        "icov": [[0.000368169479771, 0.000434320070781, 0.000448775448604, 1.84105847438e-05, 1.60906699875e-06, 0.000199919275474, -0.00011682096374, 0.00018160896434, -0.000206634533242, 0.000382488593459, 4.33305831393e-05, 4.53864122392e-05, 0.000399363838369], [0.000434320070781, 0.0106591256335, -0.00244599138387, 0.00608451850712, -0.0064577748999, 0.00361285661347, -0.00904695130885, 0.00299929617904, -0.00778885977343, 0.00460502784699, -0.0088522285223, 0.00716781429946, -0.00312168104574], [0.000448775448604, -0.00244599138387, 0.00352477072738, -0.00125165178906, 0.000552192213945, -0.00137440511025, 0.00241767708212, 0.000333736359607, 0.00164708995726, 0.000208769735764, 0.0022151034791, -0.00162096286658, 0.00318693602458], [1.84105847438e-05, 0.00608451850712, -0.00125165178906, 0.00647254986688, -0.00368967489339, 0.00132470065728, -0.00558933010325, 0.00172871991526, -0.00319161498919, 0.00262721790932, -0.00266972603276, 0.00540925841779, -0.0013545807451], [1.60906699875e-06, -0.0064577748999, 0.000552192213945, -0.00368967489339, 0.00854640454054, -0.00245081097819, 0.00678598321974, 0.000113979469461, 0.00587217090651, -0.00388041534461, 0.00571445515379, -0.00247399462387, 0.00114940002095], [0.000199919275474, 0.00361285661347, -0.00137440511025, 0.00132470065728, -0.00245081097819, 0.0075555886142, -0.00266540539451, -0.00189719907939, -0.000181003910257, 0.0017362635117, -0.00179189629853, 0.00241685705259, -0.00102820969187], [-0.00011682096374, -0.00904695130885, 0.00241767708212, -0.00558933010325, 0.00678598321974, -0.00266540539451, 0.0159553214908, -0.00295534031466, 0.00697214249521, -0.00147079105955, 0.00835580565035, -0.00609715934843, 0.00336981657892], [0.00018160896434, 0.00299929617904, 0.000333736359607, 0.00172871991526, 0.000113979469461, -0.00189719907939, -0.00295534031466, 0.0118793128058, -0.00666329124942, 0.00281343748793, -0.00144394452218, 0.00133331364486, 0.00173663464375], [-0.000206634533242, -0.00778885977343, 0.00164708995726, -0.00319161498919, 0.00587217090651, -0.000181003910257, 0.00697214249521, -0.00666329124942, 0.0192671455443, -0.00363191962242, 0.00724136643112, 0.000352411007043, 0.00276050320826], [0.000382488593459, 0.00460502784699, 0.000208769735764, 0.00262721790932, -0.00388041534461, 0.0017362635117, -0.00147079105955, 0.00281343748793, -0.00363191962242, 0.0113362632692, -0.00426838872954, 0.00222757342272, 0.00301443808712], [4.33305831393e-05, -0.0088522285223, 0.0022151034791, -0.00266972603276, 0.00571445515379, -0.00179189629853, 0.00835580565035, -0.00144394452218, 0.00724136643112, -0.00426838872954, 0.0223645791411, -0.00710996799171, 0.00214055296965], [4.53864122392e-05, 0.00716781429946, -0.00162096286658, 0.00540925841779, -0.00247399462387, 0.00241685705259, -0.00609715934843, 0.00133331364486, 0.000352411007043, 0.00222757342272, -0.00710996799171, 0.0152501324192, -0.00232723285444], [0.000399363838369, -0.00312168104574, 0.00318693602458, -0.0013545807451, 0.00114940002095, -0.00102820969187, 0.00336981657892, 0.00173663464375, 0.00276050320826, 0.00301443808712, 0.00214055296965, -0.00232723285444, 0.0149365738034]]
    },
    "melbands": {
        "dmean": [6.78065634929e-06, 0.000110594017315, 0.000305516121443, 0.000548473733943, 0.000738663657103, 0.000196973240236, 0.000168730795849, 8.38152482174e-05, 8.14603845356e-05, 4.09790191043e-05, 2.90153202513e-05, 1.74076740223e-05, 7.05187358108e-06, 3.96996210839e-06, 2.68027224593e-06, 1.78125003458e-06, 1.76875744273e-06, 2.44385546466e-06, 2.93979996968e-06, 1.74517049345e-06, 2.09676841223e-06, 2.04318507713e-06, 2.40385747929e-06, 2.64217760559e-06, 2.47440061685e-06, 2.05301694223e-06, 1.40333827403e-06, 1.18719458442e-06, 1.24523944578e-06, 1.58539262429e-06, 1.6853048237e-06, 1.467834295e-06, 9.0497093197e-07, 4.55753990991e-07, 2.95708815656e-07, 1.88008328905e-07, 1.13430800752e-07, 7.78073498964e-08, 3.99496116188e-08, 2.42463542577e-08],
        "dmean2": [1.1451881619e-05, 0.000161085627042, 0.000416700320784, 0.000831869314425, 0.0011441973038, 0.000307364534819, 0.000260113563854, 0.00013856543228, 0.000147284343257, 7.11394313839e-05, 4.95288259117e-05, 2.93543071166e-05, 1.17195977509e-05, 6.28689895166e-06, 4.09266658608e-06, 2.7736678021e-06, 2.77672961602e-06, 3.9609731175e-06, 4.75721753901e-06, 2.90011030302e-06, 3.48794401361e-06, 3.30592160935e-06, 4.05365108236e-06, 4.31977105109e-06, 3.85247039958e-06, 3.29388990394e-06, 2.29026545639e-06, 1.86582599326e-06, 1.92362904272e-06, 2.5788892799e-06, 2.74702028946e-06, 2.34807794186e-06, 1.37639040076e-06, 6.95219796398e-07, 4.60177858486e-07, 2.96831757396e-07, 1.69624868818e-07, 1.23130632801e-07, 6.03185199566e-08, 3.67196797413e-08],
        "dvar": [1.06113638709e-10, 1.79139632905e-07, 1.10156497612e-06, 1.58602813372e-06, 3.71116334463e-06, 1.15916215293e-07, 9.68187094941e-08, 3.75141837594e-08, 6.13933934801e-08, 2.97402742433e-08, 1.65761804283e-08, 5.31919175373e-09, 5.03323493994e-10, 1.33204849928e-10, 8.21746212742e-11, 2.18258206647e-11, 2.95615962265e-11, 4.25387260139e-11, 8.78190853371e-11, 4.41879068058e-11, 5.50348308592e-11, 5.52593595882e-11, 1.06017736257e-10, 1.4525607106e-10, 1.26505195208e-10, 8.98508489833e-11, 3.66449821876e-11, 3.54581086714e-11, 2.14933817272e-11, 4.83159658116e-11, 8.15406700494e-11, 6.44343259304e-11, 2.26556325783e-11, 5.43014288049e-12, 2.76829037124e-12, 9.1551711958e-13, 2.90846096122e-13, 1.35833699974e-13, 3.78320997847e-14, 1.40750465346e-14],
        "dvar2": [2.97335545074e-10, 4.40195208284e-07, 2.36355685956e-06, 3.75695594812e-06, 7.34882769393e-06, 2.40568908794e-07, 2.20689429398e-07, 1.02496997556e-07, 2.06076776976e-07, 8.84012720803e-08, 4.44480150463e-08, 1.39046214542e-08, 1.43342082648e-09, 3.22666227071e-10, 1.86006599012e-10, 5.60162090324e-11, 7.38427305413e-11, 1.13528283996e-10, 2.40836073306e-10, 1.22386809021e-10, 1.47472672962e-10, 1.51275617033e-10, 3.04517411287e-10, 4.09927120026e-10, 3.2403921213e-10, 2.28670540836e-10, 9.12744185788e-11, 8.08420413945e-11, 5.12056091972e-11, 1.36889374835e-10, 2.15777784529e-10, 1.68033684189e-10, 4.66966257329e-11, 1.29637359875e-11, 5.634016257e-12, 2.23929924083e-12, 7.42596359838e-13, 3.35367611503e-13, 8.90453211383e-14, 2.76644535052e-14],
        "max": [0.000113274829346, 0.0125299664214, 0.0286291893572, 0.0325429290533, 0.0409211628139, 0.00668405788019, 0.00533878849819, 0.00586684467271, 0.0051362849772, 0.00426865788177, 0.00466844905168, 0.00256215664558, 0.000432377477409, 0.000236232124735, 0.000246217969107, 8.58170678839e-05, 9.36246506171e-05, 0.000119721902593, 0.000204604541068, 0.00015362209524, 0.000199007510673, 0.000171416861122, 0.000285623886157, 0.00032197064138, 0.000317712139804, 0.000250256125582, 0.000189640268218, 0.000217538152356, 0.000149436920765, 0.000197029483388, 0.000335225340677, 0.000243006521487, 0.000183812022442, 6.97053183103e-05, 4.63943870272e-05, 2.12275863305e-05, 1.36775261126e-05, 6.50164474791e-06, 7.70164569985e-06, 3.97258918383e-06],
        "mean": [9.95797472569e-06, 0.000255778373685, 0.000850993732456, 0.00147643708624, 0.00135071191471, 0.000482797564473, 0.000432975270087, 0.000205289717996, 0.000110992405098, 6.9099245593e-05, 4.81206043332e-05, 2.79876385321e-05, 1.21014309116e-05, 6.7078194661e-06, 4.69184396934e-06, 3.03452679873e-06, 2.89147988042e-06, 4.19207754021e-06, 4.73629916087e-06, 3.41927261616e-06, 4.16970897277e-06, 3.9906267375e-06, 4.47801949122e-06, 5.11402004122e-06, 4.8116698963e-06, 4.14971827922e-06, 3.11611643156e-06, 2.23392316911e-06, 2.23636948249e-06, 2.84421503238e-06, 3.39229427482e-06, 2.92474715025e-06, 2.02057776733e-06, 1.13634848731e-06, 7.02907641426e-07, 3.88652125594e-07, 2.54480596595e-07, 1.62421599725e-07, 8.1187295109e-08, 4.10434886078e-08],
        "median": [5.66291964788e-06, 9.13901021704e-05, 0.000232641716138, 0.000664145220071, 0.000489699945319, 0.000212439481402, 0.00013793859398, 4.68903708679e-05, 1.77487181645e-05, 5.87336762692e-06, 3.69500844499e-06, 4.26840324508e-06, 1.64887705978e-06, 1.29052614284e-06, 9.83822587841e-07, 8.01980263532e-07, 7.22831600797e-07, 7.72093699197e-07, 7.42689906019e-07, 3.87359222032e-07, 3.78475562002e-07, 3.07382833853e-07, 2.25501963769e-07, 1.93900746126e-07, 1.85416595855e-07, 1.3934470644e-07, 1.34715008926e-07, 1.21026658917e-07, 1.07504121161e-07, 7.28381479576e-08, 5.38978923714e-08, 2.91760908766e-08, 1.44029739246e-08, 8.04919952913e-09, 3.81297438068e-09, 2.44534859029e-09, 1.77746484198e-09, 1.20524856762e-09, 1.02078889785e-09, 1.22248455803e-09],
        "min": [3.63505836543e-10, 6.00402838558e-10, 6.45774156371e-10, 4.67105798485e-10, 2.24409060778e-10, 6.10842210147e-11, 1.16097235991e-11, 1.82188431008e-11, 1.31471951381e-11, 1.1233874074e-11, 8.92362485988e-12, 5.76147289599e-12, 6.53229206837e-12, 3.85616408596e-12, 1.62966059918e-12, 3.14011902418e-12, 1.87788803604e-12, 7.50410746996e-13, 9.32498869788e-13, 6.53188874516e-13, 8.2519684445e-13, 5.23348996518e-13, 1.00577933568e-12, 7.18538618362e-13, 3.38647295969e-13, 3.25271629293e-13, 7.18784190154e-13, 4.02581153093e-13, 4.77912577134e-13, 4.01737914853e-13, 1.20237587248e-13, 1.38501054158e-13, 1.78489886174e-13, 3.42663885548e-13, 1.18436510599e-13, 7.21847305237e-14, 7.0340597496e-14, 7.67713393942e-14, 6.94786567688e-14, 4.18795620199e-14],
        "var": [1.59183194404e-10, 2.98320401271e-07, 3.33317393597e-06, 6.5752979026e-06, 8.47469800647e-06, 5.68815949009e-07, 5.13151860559e-07, 2.41149194835e-07, 9.93209425815e-08, 6.73800784057e-08, 3.8110524514e-08, 1.00779988799e-08, 1.14801634865e-09, 2.63470356643e-10, 1.49508988523e-10, 4.05128430803e-11, 5.00133372217e-11, 9.30271068511e-11, 1.64002242342e-10, 1.32238858752e-10, 2.15241865997e-10, 2.06919981149e-10, 2.6408453202e-10, 3.85726756091e-10, 3.49594214688e-10, 2.97594060505e-10, 1.75431377758e-10, 9.19930104315e-11, 6.27067842096e-11, 1.19202897553e-10, 2.95251934013e-10, 2.16751214199e-10, 1.22334462005e-10, 2.9513884392e-11, 1.20784771074e-11, 3.01457621886e-12, 1.13514211052e-12, 4.30708637159e-13, 1.39292589507e-13, 4.81135042831e-14]
    },
    "mfcc": {
        "mean": [-782.978637695, 174.990936279, 15.2505588531, 38.1302490234, -9.69251346588, -7.44943857193, -19.2149467468, -20.5364265442, -13.1698465347, -14.4075651169, -11.5982789993, -9.21486759186, -9.02489948273],
        "cov": [[9048.94824219, -2972.86474609, -1397.57849121, 485.414672852, -1338.47399902, -232.585678101, -316.575256348, 603.906188965, 207.644104004, 100.271461487, -36.6597175598, -132.076828003, -224.301986694], [-2972.86474609, 1964.09545898, 355.608673096, -295.363891602, 449.144989014, -38.3022842407, 74.7658691406, -309.629852295, -99.8641891479, -79.5046005249, 36.2849617004, 77.5868835449, 111.362442017], [-1397.57849121, 355.608673096, 590.550231934, -98.5862503052, 210.893814087, 42.7482147217, 46.0485458374, 18.8008480072, -27.3478145599, 18.161026001, 2.69571208954, 33.8918151855, 16.0461101532], [485.414672852, -295.363891602, -98.5862503052, 361.865783691, -29.4530773163, 72.5951538086, 15.6878595352, -15.6660118103, 44.9086418152, 25.5903205872, -11.5983858109, -34.1742515564, -33.3354759216], [-1338.47399902, 449.144989014, 210.893814087, -29.4530773163, 509.140441895, 125.605422974, 56.5734519958, -165.299362183, -47.9690170288, 7.15525054932, -18.9236831665, 5.54014158249, 49.4730110168], [-232.585678101, -38.3022842407, 42.7482147217, 72.5951538086, 125.605422974, 201.880081177, 67.4170837402, -59.5051765442, -11.8523378372, -5.38945198059, -23.7345962524, -10.9505109787, -2.80319666862], [-316.575256348, 74.7658691406, 46.0485458374, 15.6878595352, 56.5734519958, 67.4170837402, 128.232254028, -0.443498045206, -14.4819364548, -23.1893615723, -14.2851819992, -1.99925005436, -3.15917849541], [603.906188965, -309.629852295, 18.8008480072, -15.6660118103, -165.299362183, -59.5051765442, -0.443498045206, 256.078125, 58.6163520813, 19.1545696259, -8.8532333374, -23.352519989, -40.0660133362], [207.644104004, -99.8641891479, -27.3478145599, 44.9086418152, -47.9690170288, -11.8523378372, -14.4819364548, 58.6163520813, 112.977241516, 59.2884140015, 1.99716937542, -23.4479045868, -19.3861236572], [100.271461487, -79.5046005249, 18.161026001, 25.5903205872, 7.15525054932, -5.38945198059, -23.1893615723, 19.1545696259, 59.2884140015, 146.43447876, 30.2954711914, -46.7370223999, -18.3107280731], [-36.6597175598, 36.2849617004, 2.69571208954, -11.5983858109, -18.9236831665, -23.7345962524, -14.2851819992, -8.8532333374, 1.99716937542, 30.2954711914, 106.195281982, 21.6209144592, -9.03019523621], [-132.076828003, 77.5868835449, 33.8918151855, -34.1742515564, 5.54014158249, -10.9505109787, -1.99925005436, -23.352519989, -23.4479045868, -46.7370223999, 21.6209144592, 117.457321167, 42.352935791], [-224.301986694, 111.362442017, 16.0461101532, -33.3354759216, 49.4730110168, -2.80319666862, -3.15917849541, -40.0660133362, -19.3861236572, -18.3107280731, -9.03019523621, 42.352935791, 81.1943130493]],
