{
"lowlevel": {
    "average_loudness": 0.843742489815,
    "barkbands_crest": {
        "dmean": 1.97031402588,
        "dmean2": 3.07262086868,
        "dvar": 5.52623176575,
        "dvar2": 12.8644180298,
        "max": 26.682641983,
        "mean": 9.78946781158,
        "median": 7.78429985046,
        "min": 3.04894948006,
        "var": 32.3397941589
    },
    "barkbands_flatness_db": {
        "dmean": 0.0216753296554,
        "dmean2": 0.033364713192,
        "dvar": 0.00144089304376,
        "dvar2": 0.00272853579372,
        "max": 0.779861569405,
        "mean": 0.234034433961,
        "median": 0.215133145452,
        "min": 0.0371051989496,
        "var": 0.0116822114214
    },
    "barkbands_kurtosis": {
        "dmean": 20.4260463715,
        "dmean2": 28.4907207489,
        "dvar": 13452.9707031,
        "dvar2": 25617.5390625,
        "max": 3047.96655273,
        "mean": 28.4019451141,
        "median": 1.58389568329,
        "min": -1.86233067513,
        "var": 28184.0410156
    },
    "barkbands_skewness": {
        "dmean": 0.706920385361,
        "dmean2": 0.987510383129,
        "dvar": 3.17422103882,
        "dvar2": 4.98446369171,
        "max": 51.0740127563,
        "mean": 1.90246486664,
        "median": 1.14871132374,
        "min": -2.0404112339,
        "var": 14.2041769028
    },
    "barkbands_spread": {
        "dmean": 4.2353181839,
        "dmean2": 6.79241657257,
        "dvar": 39.0862693787,
        "dvar2": 99.2333526611,
        "max": 90.2715759277,
        "mean": 17.6906490326,
        "median": 14.1913118362,
        "min": 0.0145406778902,
        "var": 215.367950439
    },
    "dissonance": {
        "dmean": 0.0218118317425,
        "dmean2": 0.0376895554364,
        "dvar": 0.000645286228973,
        "dvar2": 0.00170453416649,
        "max": 0.500000059605,
        "mean": 0.458110541105,
        "median": 0.466634333134,
        "min": 0.226973742247,
        "var": 0.00115613895468
    },
    "dynamic_complexity": 6.64242172241,
    "erbbands_crest": {
        "dmean": 2.37921857834,
        "dmean2": 3.9487080574,
        "dvar": 5.52261590958,
        "dvar2": 13.9223012924,
        "max": 27.9366016388,
        "mean": 8.89029884338,
        "median": 7.84318637848,
        "min": 2.75822138786,
        "var": 18.9401073456
    },
    "erbbands_flatness_db": {
        "dmean": 0.0135701093823,
        "dmean2": 0.0208613481373,
        "dvar": 0.000385365856346,
        "dvar2": 0.000739714829251,
        "max": 0.516643345356,
        "mean": 0.242052420974,
        "median": 0.261035591364,
        "min": 0.0604101270437,
        "var": 0.00408926932141
    },
    "erbbands_kurtosis": {
        "dmean": 2.33776688576,
        "dmean2": 3.40191864967,
        "dvar": 120.438751221,
        "dvar2": 207.34564209,
        "max": 215.845458984,
        "mean": 2.30496144295,
        "median": -0.469552755356,
        "min": -1.80846703053,
        "var": 276.853149414
    },
    "erbbands_skewness": {
        "dmean": 0.409636288881,
        "dmean2": 0.621027708054,
        "dvar": 0.346490174532,
        "dvar2": 0.630244731903,
        "max": 9.68303203583,
        "mean": 0.340248733759,
        "median": 0.24501170218,
        "min": -2.32572388649,
        "var": 1.77367401123
    },
    "erbbands_spread": {
        "dmean": 6.75956964493,
        "dmean2": 10.4414291382,
        "dvar": 93.4299621582,
        "dvar2": 192.588882446,
        "max": 147.738571167,
        "mean": 34.4431915283,
        "median": 28.7237529755,
        "min": 0.553574681282,
        "var": 595.626037598
    },
    "hfc": {
        "dmean": 6.76623392105,
        "dmean2": 8.92988204956,
        "dvar": 616.145446777,
        "dvar2": 780.680908203,
        "max": 522.305358887,
        "mean": 17.0326366425,
        "median": 10.6478319168,
        "min": 1.13724364034e-16,
        "var": 1660.08740234
    },
    "melbands_crest": {
        "dmean": 3.17164063454,
        "dmean2": 4.9217877388,
        "dvar": 9.95452785492,
        "dvar2": 24.4294433594,
        "max": 37.0827522278,
        "mean": 15.555311203,
        "median": 13.80610466,
        "min": 1.78997540474,
        "var": 50.1084365845
    },
    "melbands_flatness_db": {
        "dmean": 0.0260911099613,
        "dmean2": 0.0389138609171,
        "dvar": 0.00198624515906,
        "dvar2": 0.00377938034944,
        "max": 0.938900351524,
        "mean": 0.307019174099,
        "median": 0.289638012648,
        "min": 0.00594064360484,
        "var": 0.0187254026532
    },
    "melbands_kurtosis": {
        "dmean": 16.5444011688,
        "dmean2": 21.2252426147,
        "dvar": 3636.63964844,
        "dvar2": 4270.61669922,
        "max": 2181.81103516,
        "mean": 36.3561668396,
        "median": 5.74145030975,
        "min": -1.54519832134,
        "var": 23670.484375
    },
    "melbands_skewness": {
        "dmean": 0.798790037632,
        "dmean2": 1.16115522385,
        "dvar": 1.63293623924,
        "dvar2": 3.05709886551,
        "max": 38.4549407959,
        "mean": 3.04781389236,
        "median": 2.10402297974,
        "min": -0.393300622702,
        "var": 13.4359731674
    },
    "melbands_spread": {
        "dmean": 5.75388813019,
        "dmean2": 8.84225654602,
        "dvar": 96.0199279785,
        "dvar2": 212.647888184,
        "max": 173.013305664,
        "mean": 19.808921814,
        "median": 14.0561628342,
        "min": 0.0839902982116,
        "var": 557.790344238
    },
    "pitch_salience": {
        "dmean": 0.0704007446766,
        "dmean2": 0.113237008452,
        "dvar": 0.00747911073267,
        "dvar2": 0.0178764350712,
        "max": 0.956279873848,
        "mean": 0.547298014164,
        "median": 0.593674063683,
        "min": 0.00951565988362,
        "var": 0.0301699899137
    },
    "silence_rate_20dB": {
        "dmean": 0.021649485454,
        "dmean2": 0.043321300298,
        "dvar": 0.0211811885238,
        "dvar2": 0.0527907349169,
        "max": 1,
        "mean": 0.984028875828,
        "median": 1,
        "min": 0,
        "var": 0.015716444701
    },
    "silence_rate_30dB": {
        "dmean": 0.0268041230738,
        "dmean2": 0.0536358952522,
        "dvar": 0.0260846726596,
        "dvar2": 0.0507586188614,
        "max": 1,
        "mean": 0.94487375021,
        "median": 1,
        "min": 0,
        "var": 0.0520855337381
    },
    "silence_rate_60dB": {
        "dmean": 0.0180412363261,
        "dmean2": 0.0361010842025,
        "dvar": 0.0177149549127,
        "dvar2": 0.0347987860441,
        "max": 1,
        "mean": 0.158681094646,
        "median": 0,
        "min": 0,
        "var": 0.133500054479
    },
    "spectral_centroid": {
        "dmean": 207.639419556,
        "dmean2": 317.572479248,
        "dvar": 116923.320312,
        "dvar2": 198902.609375,
        "max": 11080.2041016,
        "mean": 1091.67675781,
        "median": 815.497314453,
        "min": 57.4600944519,
        "var": 710160.5
    },
    "spectral_complexity": {
        "dmean": 2.29742264748,
        "dmean2": 3.63847351074,
        "dvar": 11.6439533234,
        "dvar2": 21.4921665192,
        "max": 68,
        "mean": 16.5378665924,
        "median": 17,
        "min": 0,
        "var": 117.723083496
    },
    "spectral_decrease": {
        "dmean": 3.97365740312e-09,
        "dmean2": 5.41604627813e-09,
        "dvar": 2.02358156333e-16,
        "dvar2": 4.1102940804e-16,
        "max": -1.560414441e-28,
        "mean": -9.28868360006e-09,
        "median": -5.78478953628e-09,
        "min": -1.52608421899e-07,
        "var": 3.01517682959e-16
    },
    "spectral_energy": {
        "dmean": 0.0154079440981,
        "dmean2": 0.0209672581404,
        "dvar": 0.00299731292762,
        "dvar2": 0.00604865094647,
        "max": 0.584485709667,
        "mean": 0.036602485925,
        "median": 0.0229637119919,
        "min": 1.09040693181e-20,
        "var": 0.00452778302133
    },
    "spectral_energyband_high": {
        "dmean": 0.000431086780736,
        "dmean2": 0.000502966169734,
        "dvar": 9.94423862721e-06,
        "dvar2": 1.25392070913e-05,
        "max": 0.0681595429778,
        "mean": 0.000698362768162,
        "median": 1.48263998199e-05,
        "min": 7.78997826548e-21,
        "var": 2.53295747825e-05
    },
    "spectral_energyband_low": {
        "dmean": 0.0105914110318,
        "dmean2": 0.0143843656406,
        "dvar": 0.00191238010302,
        "dvar2": 0.00363774551079,
        "max": 0.495570838451,
        "mean": 0.0164243411273,
        "median": 0.00341606675647,
        "min": 9.21959915287e-23,
        "var": 0.00308856833726
    },
    "spectral_energyband_middle_high": {
        "dmean": 0.00128312176093,
        "dmean2": 0.00199177931063,
        "dvar": 3.02204944091e-06,
        "dvar2": 5.73107399759e-06,
        "max": 0.0302617847919,
        "mean": 0.00378517014906,
        "median": 0.00320383557118,
        "min": 1.78668205229e-21,
        "var": 1.23550153148e-05
    },
    "spectral_energyband_middle_low": {
        "dmean": 0.00920850876719,
        "dmean2": 0.0158134549856,
        "dvar": 0.00132375932299,
        "dvar2": 0.00367259373888,
        "max": 0.322718352079,
        "mean": 0.0169414579868,
        "median": 0.0118423942477,
        "min": 2.79611154632e-22,
        "var": 0.000945037929341
    },
    "spectral_entropy": {
        "dmean": 0.15228433907,
        "dmean2": 0.220292642713,
        "dvar": 0.0808873698115,
        "dvar2": 0.134007558227,
        "max": 9.80725383759,
        "mean": 7.00364017487,
        "median": 7.00164222717,
        "min": 2.76549577713,
        "var": 0.591281473637
    },
    "spectral_flux": {
        "dmean": 0.0280171446502,
        "dmean2": 0.0468642376363,
        "dvar": 0.00651125749573,
        "dvar2": 0.0131570240483,
        "max": 0.781030237675,
        "mean": 0.0766872167587,
        "median": 0.0602555014193,
        "min": 1.04422553937e-10,
        "var": 0.00967551767826
    },
    "spectral_kurtosis": {
        "dmean": 7.67652082443,
        "dmean2": 12.8659515381,
        "dvar": 259.921600342,
        "dvar2": 626.172973633,
        "max": 412.49597168,
        "mean": 13.933672905,
        "median": 8.75280284882,
        "min": -1.20785653591,
        "var": 526.684265137
    },
    "spectral_rms": {
        "dmean": 0.000823743815999,
        "dmean2": 0.00108931574505,
        "dvar": 4.45572914032e-06,
        "dvar2": 8.04745195637e-06,
        "max": 0.0238794889301,
        "mean": 0.0048998426646,
        "median": 0.00473324628547,
        "min": 3.26161255122e-12,
        "var": 1.1701308722e-05
    },
    "spectral_rolloff": {
        "dmean": 342.067565918,
        "dmean2": 559.464904785,
        "dvar": 575120.5625,
        "dvar2": 1105767.75,
        "max": 18410.8886719,
        "mean": 1341.25036621,
        "median": 775.1953125,
        "min": 64.599609375,
        "var": 5496960
    },
    "spectral_skewness": {
        "dmean": 0.576039969921,
        "dmean2": 0.96375054121,
        "dvar": 0.571328639984,
        "dvar2": 1.33355844021,
        "max": 17.7150325775,
        "mean": 2.03647875786,
        "median": 1.65469110012,
        "min": 0.0027270426508,
        "var": 2.70875597
    },
    "spectral_spread": {
        "dmean": 317362.625,
        "dmean2": 516338.375,
        "dvar": 689598627840,
        "dvar2": 972144312320,
        "max": 40978244,
        "mean": 2714392.25,
        "median": 2025607.25,
        "min": 381308.75,
        "var": 3.80788539392e+12
    },
    "spectral_strongpeak": {
        "dmean": 0.275448530912,
        "dmean2": 0.437019079924,
        "dvar": 0.182398766279,
        "dvar2": 0.449998050928,
        "max": 7.04565000534,
        "mean": 0.688577890396,
        "median": 0.608479559422,
        "min": 0,
        "var": 0.404693871737
    },
    "zerocrossingrate": {
        "dmean": 0.00687595643103,
        "dmean2": 0.00838715583086,
        "dvar": 0.000248644180829,
        "dvar2": 0.000296912738122,
        "max": 0.5078125,
        "mean": 0.0476437732577,
        "median": 0.0322265625,
        "min": 0.001953125,
        "var": 0.00425784243271
    },
    "barkbands": {
        "dmean": [0.000370389578165, 0.00672245863825, 0.00478152092546, 0.00457864953205, 0.00306781288236, 0.00187523046043, 0.000757259665988, 0.000726990750991, 0.000434134184616, 0.000615921628196, 0.000239987042733, 0.000372457143385, 0.000172692845808, 0.000142819699249, 0.000183721698704, 0.000162686177646, 0.000198307912797, 0.000158091614139, 0.000206701704883, 0.000118395990285, 0.000154058565386, 0.000111687812023, 8.76584017533e-05, 3.1885196222e-05, 2.27196524065e-05, 7.50619074097e-06, 2.11140758211e-08],
        "dmean2": [0.000504272291437, 0.00949551071972, 0.00829177722335, 0.00826850999147, 0.00550360744819, 0.00282749161124, 0.0011521972483, 0.0011644854676, 0.000709755928256, 0.00100662384648, 0.00040778706898, 0.000627049710602, 0.000294744793791, 0.000244689756073, 0.000300528859952, 0.000272673321888, 0.000322225241689, 0.000244495691732, 0.000329334492562, 0.000166599420481, 0.000207156961551, 0.00011688482482, 0.000105718805571, 4.14466012444e-05, 2.82242253888e-05, 1.02080020952e-05, 3.65898635835e-08],
        "dvar": [2.12046998627e-07, 0.00111594970804, 0.000692293338943, 0.000534614082426, 0.000113322661491, 1.29632107928e-05, 2.28580142903e-06, 1.16972705655e-06, 7.16297051895e-07, 6.49701860311e-07, 1.50851121816e-07, 2.42750388679e-07, 7.93895651441e-08, 4.1607286505e-08, 8.76356267554e-08, 7.25171744875e-08, 1.62108818813e-07, 1.19092284478e-07, 3.34931741008e-07, 3.35233380611e-07, 1.37617303153e-06, 6.53361894365e-07, 4.55453715631e-07, 6.17161362015e-08, 3.26686588892e-08, 4.19027212928e-09, 8.97541386374e-14],
        "dvar2": [4.39216961468e-07, 0.00242783525027, 0.00194678234402, 0.00140249042306, 0.000333826319547, 3.54599615093e-05, 6.23360347163e-06, 2.88699357043e-06, 1.84996031294e-06, 1.50173161728e-06, 3.86389757523e-07, 6.55594305954e-07, 2.20833968001e-07, 1.15394136913e-07, 2.16212001192e-07, 1.88036537452e-07, 3.87362717902e-07, 2.64415831452e-07, 7.74666773395e-07, 4.96649590787e-07, 2.12975351133e-06, 8.87434339347e-07, 6.26421126526e-07, 8.94308342936e-08, 5.0980123234e-08, 7.58607310303e-09, 2.3655705758e-13],
        "max": [0.00711656268686, 0.425055265427, 0.282992303371, 0.230004474521, 0.13154412806, 0.0362527370453, 0.0170156620443, 0.00985723827034, 0.0090370727703, 0.0109604271129, 0.00605103420094, 0.00515752378851, 0.00324710970744, 0.00211355090141, 0.0037489423994, 0.00303051294759, 0.00571606261656, 0.00514662452042, 0.00766140595078, 0.0146570056677, 0.0256310105324, 0.0204213410616, 0.0156376529485, 0.0049483384937, 0.00366521370597, 0.00140546949115, 9.34497711569e-06],
        "mean": [0.00206866627559, 0.00888932775706, 0.00427666399628, 0.00413877749816, 0.00478636147454, 0.00486862100661, 0.00129319843836, 0.00111123418901, 0.000631676171906, 0.000914874544833, 0.000325853790855, 0.000547381467186, 0.000258593849139, 0.000213713588892, 0.000280857057078, 0.000254910992226, 0.000321093015373, 0.000259610096691, 0.000338351412211, 0.000198235487915, 0.000235695086303, 0.000169084538356, 0.000130246058688, 4.94118939969e-05, 3.01858271996e-05, 9.93335925159e-06, 1.39722429182e-08],
        "median": [0.00213950895704, 0.000645500957035, 0.000834310660139, 0.000602417334449, 0.00292942300439, 0.00342633528635, 0.000804889248684, 0.000732037937269, 0.000367642205674, 0.000594615470618, 0.000184449803783, 0.000374338356778, 0.000161155956448, 0.000137130293297, 0.000164736993611, 0.00012932572281, 0.000130504893605, 7.55329674575e-05, 4.51966152468e-05, 1.9639644961e-05, 6.33853278487e-06, 1.12865313895e-06, 2.18883727143e-07, 5.1489713826e-08, 1.19239809138e-08, 3.65021657345e-09, 3.97687521803e-10],
        "min": [3.30803835004e-23, 4.37769587219e-23, 3.40803435838e-23, 1.11322418003e-23, 2.71210947195e-23, 3.4500484591e-23, 5.55411404273e-23, 4.94481428784e-23, 4.97464301193e-23, 9.4792454623e-23, 9.6884999682e-23, 1.06718731467e-22, 1.35195246994e-22, 2.13010569278e-22, 3.53212003307e-22, 8.50454722939e-23, 1.32340845316e-22, 2.77230915157e-22, 2.64684618884e-22, 2.34352551047e-22, 4.34712341004e-22, 4.61924533381e-22, 8.97081312307e-22, 1.13882363464e-21, 1.20046807829e-21, 1.74049423367e-21, 2.02403643996e-21],
        "var": [2.04227012546e-06, 0.00151077890769, 0.000437636161223, 0.000404217513278, 7.33917113394e-05, 2.81592601823e-05, 2.8247973205e-06, 1.68197800576e-06, 8.35799482957e-07, 1.2249493011e-06, 2.05549469001e-07, 3.72420657868e-07, 1.1558396551e-07, 6.4524911636e-08, 1.36059341571e-07, 1.29807645521e-07, 2.89849253932e-07, 2.38136607322e-07, 7.68287634401e-07, 9.2290252951e-07, 2.88485580313e-06, 1.62575929608e-06, 1.01720513612e-06, 1.42919020618e-07, 6.11864052757e-08, 6.81515244239e-09, 6.31792117537e-14]
    },
    "erbbands": {
        "dmean": [0.0959891825914, 1.81378591061, 4.68307065964, 12.3956413269, 11.3688802719, 8.64361000061, 22.2869300842, 10.861492157, 11.9439048767, 7.51629304886, 18.5735282898, 9.70527267456, 10.1389141083, 22.1499156952, 9.20229434967, 15.6849155426, 8.12123680115, 7.47584533691, 9.5557718277, 8.69361972809, 7.1365776062, 8.38915061951, 8.30009555817, 10.8349103928, 10.6837425232, 5.19948101044, 6.05807971954, 5.6334900856, 4.58925962448, 3.13487029076, 2.36094260216, 1.02299511433, 0.494174748659, 0.280409634113, 0.138818055391, 0.0497695989907, 0.0131130637601, 0.000783355149906, 2.46490999416e-05, 1.83495722013e-05],
        "dmean2": [0.144393280149, 2.52791619301, 7.10107803345, 22.0900306702, 20.4473590851, 15.5601701736, 33.6797943115, 17.2135391235, 18.3981018066, 11.9346847534, 29.4192142487, 15.9122714996, 16.5833625793, 36.0163536072, 15.6321172714, 26.1946544647, 13.9019517899, 12.6544914246, 15.6885929108, 14.5093793869, 11.5796203613, 13.3844175339, 12.7063694, 17.104352951, 17.0098171234, 6.9484000206, 7.98981952667, 7.58387613297, 5.16670465469, 4.34319591522, 2.66983747482, 1.15920913219, 0.616011381149, 0.330709785223, 0.190079063177, 0.0729782506824, 0.0166991464794, 0.000983890378848, 2.96017497021e-05, 2.46300514846e-05],
        "dvar": [0.15130636096, 82.2750930786, 549.310241699, 4106.6015625, 2628.10375977, 932.621643066, 1321.90942383, 773.953918457, 560.163330078, 336.067352295, 721.579223633, 400.402862549, 250.852020264, 843.358459473, 215.50491333, 476.96081543, 194.150756836, 117.726173401, 242.970077515, 205.452880859, 164.528869629, 339.673095703, 293.166534424, 1036.06030273, 1028.4720459, 600.695861816, 2090.05517578, 1842.47766113, 1177.0982666, 615.519165039, 326.442657471, 58.3687820435, 14.105556488, 4.56725215912, 1.42092764378, 0.204982891679, 0.0110256038606, 3.93874470319e-05, 2.09529957829e-08, 4.11830880509e-09],
        "dvar2": [0.350105196238, 169.124633789, 1364.08569336, 11075.4990234, 7517.04882812, 2741.41040039, 3775.83984375, 2179.91674805, 1555.57397461, 951.225463867, 1725.44177246, 1032.10656738, 648.319641113, 1911.45788574, 564.206054688, 1294.58532715, 541.499816895, 326.566711426, 602.792419434, 529.584838867, 402.251220703, 761.286804199, 612.507324219, 2537.26025391, 2225.77734375, 949.097595215, 3601.58618164, 2899.81152344, 1781.10717773, 912.760314941, 491.922271729, 86.7462387085, 25.211566925, 6.18115472794, 2.57440519333, 0.426974356174, 0.0177998673171, 7.78450194048e-05, 3.40426034029e-08, 7.70572672337e-09],
        "max": [5.50563573837, 113.432189941, 298.388061523, 552.157836914, 569.477233887, 359.274688721, 388.56552124, 295.060638428, 248.947387695, 219.772628784, 271.615539551, 251.709274292, 165.379760742, 407.297485352, 289.893920898, 262.111419678, 174.636032104, 114.013755798, 190.880157471, 151.253448486, 212.407699585, 359.76071167, 259.346252441, 484.996337891, 551.025085449, 596.354492188, 1150.8894043, 912.027648926, 866.973266602, 553.292541504, 440.598602295, 158.685852051, 78.9711532593, 50.8106498718, 25.5455131531, 9.9347410202, 2.15323591232, 0.166268572211, 0.00362879387103, 0.000644399260636],
        "mean": [0.194141894579, 2.18630480766, 5.03665351868, 11.2076463699, 11.2403554916, 12.7434749603, 57.0422554016, 20.9660606384, 20.5428180695, 13.8956384659, 28.2457485199, 15.3223161697, 16.8519268036, 33.4057121277, 15.8413906097, 23.3409690857, 12.8810129166, 11.7750911713, 14.9500656128, 14.920832634, 12.8346776962, 15.1186723709, 14.7011156082, 16.641078949, 16.2634124756, 9.04448223114, 9.00021934509, 8.59436416626, 6.55172109604, 4.99745607376, 3.34457492828, 1.52325558662, 0.644536733627, 0.401417911053, 0.171236008406, 0.0600649528205, 0.0174028910697, 0.000911156239454, 4.05064420193e-05, 4.36573573097e-05],
        "median": [0.0177428517491, 0.17060482502, 0.991911172867, 1.89418935776, 3.23112773895, 7.23792409897, 36.5300445557, 14.3004798889, 13.5029468536, 9.85464096069, 17.8255214691, 9.74369812012, 12.3810720444, 22.203792572, 11.3804473877, 16.4229106903, 8.82502365112, 8.22587776184, 9.62500858307, 8.33615493774, 6.93780612946, 6.26950550079, 4.84284496307, 2.78845334053, 2.09439826012, 0.974206805229, 0.349265098572, 0.176489338279, 0.0514963380992, 0.0163547154516, 0.00565687334165, 0.00171795720235, 0.000703958328813, 0.000224663323024, 7.69196485635e-05, 4.39876057499e-05, 1.42999788295e-05, 2.85294572677e-06, 1.22140800158e-05, 2.63910587819e-05],
        "min": [5.34981030165e-22, 1.31019600993e-20, 4.81123431749e-20, 2.28550633327e-20, 9.08815907311e-20, 5.32822123098e-20, 1.62333419732e-19, 2.74299837814e-19, 8.0509308074e-19, 8.28920380176e-19, 1.15257464717e-18, 8.83491242945e-19, 3.15960742837e-18, 3.48969137027e-18, 3.23969029899e-18, 4.68756056662e-18, 5.47541618568e-18, 1.0330112731e-17, 1.72398385921e-17, 1.2371829402e-17, 4.70687936983e-18, 8.04585264222e-18, 1.39252977535e-17, 1.27978183185e-17, 1.29017618343e-17, 1.11042065462e-17, 1.63170276289e-17, 1.57961437254e-17, 1.72063096532e-17, 1.77029191144e-17, 2.68678023688e-17, 2.39237474548e-17, 1.76365924642e-17, 1.44385186558e-17, 8.93731428736e-18, 5.71933768625e-18, 3.76972095894e-18, 1.06299936204e-18, 2.54931016031e-19, 3.17749380032e-20],
        "var": [0.398816049099, 107.456130981, 490.828735352, 2912.19921875, 1609.59960938, 621.891479492, 4221.92675781, 755.000793457, 656.729736328, 310.444519043, 1104.77636719, 470.695159912, 347.034667969, 1623.34118652, 337.808959961, 681.124145508, 271.576690674, 178.70892334, 356.266540527, 384.039703369, 336.366119385, 686.221801758, 663.27331543, 1786.3494873, 2134.27294922, 1741.47192383, 4103.43115234, 3875.2668457, 2553.08764648, 1410.50500488, 691.18347168, 135.43649292, 26.5011920929, 10.1408395767, 2.17641592026, 0.272196888924, 0.0202375017107, 5.94566336076e-05, 3.98380031186e-08, 6.91429624666e-09]
    },
    "gfcc": {
        "mean": [-131.100036621, 173.992111206, -139.901000977, 30.0095863342, -35.0497169495, -18.0880470276, -16.221786499, -8.45500278473, -14.7910509109, -9.73841381073, -3.8207526207, -6.55518960953, 0.825658023357],
        "cov": [[31143.7929688, 6383.66064453, -6127.63085938, -958.182678223, -104.137588501, -2334.52856445, -313.697967529, -1210.84521484, -317.478393555, -878.816650391, 166.060928345, -374.985748291, 216.616714478], [6383.66064453, 5112.99365234, -1993.32873535, -1478.88378906, 796.750305176, -1253.28625488, 531.801391602, -597.569580078, 314.000335693, -484.837646484, 531.05291748, -228.130111694, 406.517181396], [-6127.63085938, -1993.32873535, 3009.75732422, 625.446533203, -92.6703414917, 1257.70629883, 86.0242156982, 554.589538574, 134.472686768, 400.653045654, -138.438140869, 124.857414246, -143.708389282], [-958.182678223, -1478.88378906, 625.446533203, 905.956726074, -205.937271118, 366.738067627, -98.7915725708, 204.334823608, -77.8124160767, 140.805648804, -165.507598877, 31.4511051178, -135.73298645], [-104.137588501, 796.750305176, -92.6703414917, -205.937271118, 389.057342529, -169.490219116, 218.619796753, -41.9146347046, 121.259376526, -64.1050720215, 128.798233032, -42.4469032288, 86.5981140137], [-2334.52856445, -1253.28625488, 1257.70629883, 366.738067627, -169.490219116, 764.571289062, -42.8289604187, 309.337768555, 35.8310775757, 235.531860352, -109.593009949, 89.1421890259, -90.8482589722], [-313.697967529, 531.801391602, 86.0242156982, -98.7915725708, 218.619796753, -42.8289604187, 256.906951904, 13.0894632339, 126.366943359, -16.739780426, 107.57459259, -21.7577114105, 68.9470672607], [-1210.84521484, -597.569580078, 554.589538574, 204.334823608, -41.9146347046, 309.337768555, 13.0894632339, 210.323165894, 28.5634555817, 121.85320282, -41.2699508667, 42.649684906, -35.3302993774], [-317.478393555, 314.000335693, 134.472686768, -77.8124160767, 121.259376526, 35.8310775757, 126.366943359, 28.5634555817, 145.057159424, 22.1853961945, 76.915397644, -7.12236595154, 48.910823822], [-878.816650391, -484.837646484, 400.653045654, 140.805648804, -64.1050720215, 235.531860352, -16.739780426, 121.85320282, 22.1853961945, 134.387680054, -19.4508266449, 43.8186988831, -29.9727802277], [166.060928345, 531.05291748, -138.438140869, -165.507598877, 128.798233032, -109.593009949, 107.57459259, -41.2699508667, 76.915397644, -19.4508266449, 129.585617065, 0.725394904613, 70.2186584473], [-374.985748291, -228.130111694, 124.857414246, 31.4511051178, -42.4469032288, 89.1421890259, -21.7577114105, 42.649684906, -7.12236595154, 43.8186988831, 0.725394904613, 61.9186897278, 4.32482528687], [216.616714478, 406.517181396, -143.708389282, -135.73298645, 86.5981140137, -90.8482589722, 68.9470672607, -35.3302993774, 48.910823822, -29.9727802277, 70.2186584473, 4.32482528687, 89.6476364136]],
        "icov": [[9.50557951001e-05, -0.000252329686191, 0.000185941593372, -0.000214118816075, 0.000125511302031, -0.000183401221875, 0.000116708586575, 5.51398807147e-06, 9.75286966423e-05, -0.000107984909846, 0.000288214389002, -0.000161662566825, 0.000186460543773], [-0.000252329686191, 0.00168940157164, -0.000365202780813, 0.00125424785074, -0.000482931092847, 0.00055618037004, -0.000728098268155, 0.000460848707007, -0.000778761692345, 0.0012488886714, -0.00225577107631, 0.00224583549425, -0.00146477727685], [0.000185941593372, -0.000365202780813, 0.00164407072589, -0.000385614635888, -0.000282357359538, -0.00226538139395, -0.000413469737396, -0.00011348593398, 9.11322204047e-05, -0.000419155985583, 0.000626251974609, -9.65089275269e-05, 0.000832985097077], [-0.000214118816075, 0.00125424785074, -0.000385614635888, 0.00282301241532, -6.17596160737e-05, 0.000598609505687, -0.00113145099021, -0.000718512805179, -5.34612900083e-06, 0.000108911437565, -0.000378213531803, 0.00178875576239, -1.14720132842e-05], [0.000125511302031, -0.000482931092847, -0.000282357359538, -6.17596160737e-05, 0.00662313774228, 0.00115510832984, -0.00291783642024, -0.00131055596285, -0.000845977454446, 0.00142650166526, -0.00132008118089, 0.00126227480359, -0.000247600866714], [-0.000183401221875, 0.00055618037004, -0.00226538139395, 0.000598609505687, 0.00115510832984, 0.00790468603373, 0.000274474179605, -0.00320880697109, -0.00231117149815, -0.00224982388318, 0.00169635005295, -0.00176426756661, -0.000119861921121], [0.000116708586575, -0.000728098268155, -0.000413469737396, -0.00113145099021, -0.00291783642024, 0.000274474179605, 0.0117174694315, -0.00270259892568, -0.00386014976539, 0.00216473732144, -0.00342013221234, 0.00114202266559, -0.000882797001395], [5.51398807147e-06, 0.000460848707007, -0.00011348593398, -0.000718512805179, -0.00131055596285, -0.00320880697109, -0.00270259892568, 0.0163158979267, -0.000566828006413, -0.00653217127547, 0.00300074159168, -0.0015495584812, -0.0010003936477], [9.75286966423e-05, -0.000778761692345, 9.11322204047e-05, -5.34612900083e-06, -0.000845977454446, -0.00231117149815, -0.00386014976539, -0.000566828006413, 0.0180035028607, -0.00483073992655, -0.00445325672626, 0.00511082960293, -0.00354186887853], [-0.000107984909846, 0.0012488886714, -0.000419155985583, 0.000108911437565, 0.00142650166526, -0.00224982388318, 0.00216473732144, -0.00653217127547, -0.00483073992655, 0.0250024404377, -0.00769431656227, -0.00418374733999, 0.00341703579761], [0.000288214389002, -0.00225577107631, 0.000626251974609, -0.000378213531803, -0.00132008118089, 0.00169635005295, -0.00342013221234, 0.00300074159168, -0.00445325672626, -0.00769431656227, 0.0271130632609, -0.00934650469571, -0.00415780115873], [-0.000161662566825, 0.00224583549425, -9.65089275269e-05, 0.00178875576239, 0.00126227480359, -0.00176426756661, 0.00114202266559, -0.0015495584812, 0.00511082960293, -0.00418374733999, -0.00934650469571, 0.0319722704589, -0.0101447571069], [0.000186460543773, -0.00146477727685, 0.000832985097077, -1.14720132842e-05, -0.000247600866714, -0.000119861921121, -0.000882797001395, -0.0010003936477, -0.00354186887853, 0.00341703579761, -0.00415780115873, -0.0101447571069, 0.0258877370507]]
    },
    "melbands": {
        "dmean": [0.00138348212931, 0.0022735260427, 0.00207014498301, 0.000671465240885, 0.000671607267577, 0.000259772670688, 0.000180625778739, 8.49790521897e-05, 0.000142390097608, 5.99121194682e-05, 5.30366851308e-05, 9.68828026089e-05, 3.32240379066e-05, 4.51343730674e-05, 2.53099569818e-05, 1.62197520694e-05, 1.40787979035e-05, 1.47892833411e-05, 1.28280362333e-05, 1.29275567815e-05, 9.64856371866e-06, 9.19165267987e-06, 1.19341148093e-05, 8.29994587548e-06, 9.65726212598e-06, 8.0617983258e-06, 6.42859367872e-06, 2.84423367702e-06, 3.9739852582e-06, 3.63493199984e-06, 3.4207837416e-06, 2.65441644842e-06, 2.02058322429e-06, 1.81842676739e-06, 1.52987149704e-06, 8.10067376733e-07, 5.98967176302e-07, 3.75217013016e-07, 2.92515494493e-07, 2.38292457766e-07],
        "dmean2": [0.0019192781765, 0.00306779728271, 0.00370994815603, 0.0012184221996, 0.00104498001747, 0.000408876338042, 0.00027740150108, 0.000138740928378, 0.000224523071665, 9.83349891612e-05, 8.6670370365e-05, 0.000157252812642, 5.64402289456e-05, 7.60881739552e-05, 4.27081140515e-05, 2.80248113995e-05, 2.40691333602e-05, 2.45848459599e-05, 2.08722121897e-05, 2.20000329136e-05, 1.58703496709e-05, 1.47920136442e-05, 1.93719279196e-05, 1.30504504341e-05, 1.53709188453e-05, 1.29280570036e-05, 9.84284633887e-06, 4.03105650548e-06, 5.73475335841e-06, 4.832749255e-06, 4.75573733638e-06, 3.04972309095e-06, 2.40530471274e-06, 2.66528172688e-06, 1.87091006865e-06, 9.2464398449e-07, 7.32154489924e-07, 5.67699771636e-07, 3.55187808054e-07, 2.72749161923e-07],
        "dvar": [4.26515252911e-05, 0.000112825546239, 0.000112180656288, 7.86452164903e-06, 1.44973409988e-06, 3.91469143324e-07, 1.24274805557e-07, 3.73236943574e-08, 4.31145430468e-08, 1.44482550368e-08, 6.33810470774e-09, 1.63891833438e-08, 3.28271498873e-09, 3.5592617742e-09, 1.17179721482e-09, 6.12144723799e-10, 4.42480690976e-10, 5.67594138356e-10, 4.11909756304e-10, 5.06824915369e-10, 3.27284782609e-10, 4.63639515669e-10, 5.29285892892e-10, 3.84700382661e-10, 9.18810305617e-10, 5.67017544029e-10, 6.13056883036e-10, 2.08686137815e-10, 1.02435382399e-09, 6.38628483429e-10, 7.23186510676e-10, 4.24305590663e-10, 2.26876573084e-10, 2.12070166983e-10, 1.4467259335e-10, 3.71475211702e-11, 2.15430260436e-11, 8.72019990938e-12, 5.40846013808e-12, 3.20562218263e-12],
        "dvar2": [9.42328333622e-05, 0.000223693161388, 0.000306147441734, 2.29793968174e-05, 4.24934614784e-06, 1.09973120743e-06, 3.42276280207e-07, 1.05294304831e-07, 1.02611146247e-07, 3.74985305029e-08, 1.62881939048e-08, 3.71214881056e-08, 8.49171755135e-09, 9.63478630212e-09, 3.26639471027e-09, 1.70063119143e-09, 1.22182464146e-09, 1.42396894276e-09, 1.02010733194e-09, 1.35519728772e-09, 8.0651724188e-10, 1.08874287363e-09, 1.25036991871e-09, 9.08345287876e-10, 2.33394192861e-09, 1.28784327647e-09, 1.14580123167e-09, 3.71798064558e-10, 2.04042693852e-09, 1.08151132494e-09, 1.18703402663e-09, 6.99338364996e-10, 3.14776704702e-10, 3.38203132166e-10, 2.34191249726e-10, 5.20028776985e-11, 4.11560785452e-11, 2.03127237253e-11, 7.86890171078e-12, 4.78112471489e-12],
        "max": [0.0886918455362, 0.130234360695, 0.0863374844193, 0.0341948419809, 0.0108127305284, 0.00652380799875, 0.00382074993104, 0.00223385775462, 0.0020416721236, 0.00138139247429, 0.000866229296662, 0.00181077455636, 0.000975524832029, 0.000542097026482, 0.000351577677066, 0.000267739174888, 0.00025037463638, 0.000284992245724, 0.000338210200425, 0.000255026097875, 0.000275970320217, 0.00041353655979, 0.000324246007949, 0.000325310946209, 0.000463881762698, 0.000328329915646, 0.000644264626317, 0.000364634703146, 0.000814755214378, 0.000549589458387, 0.000600086990744, 0.000544181733858, 0.000341349863447, 0.000332884985255, 0.000297658378258, 0.000132508517709, 9.85440856311e-05, 5.66490161873e-05, 5.72477292735e-05, 4.01604920626e-05],
        "mean": [0.00221137516201, 0.00286031933501, 0.0018997353036, 0.000754756038077, 0.00161927880254, 0.000552465033252, 0.000311656767735, 0.000153583692736, 0.000219525012653, 8.86743655428e-05, 8.52240627864e-05, 0.000141836702824, 4.95664571645e-05, 6.60576333757e-05, 3.88148728234e-05, 2.46181825787e-05, 2.06780605367e-05, 2.20085257752e-05, 2.12229660974e-05, 1.91926028492e-05, 1.52494067152e-05, 1.46413794937e-05, 1.85932640306e-05, 1.20130271171e-05, 1.35178679557e-05, 1.14770928121e-05, 9.99090298137e-06, 4.8891733968e-06, 5.41396320841e-06, 5.56407212571e-06, 4.85701866637e-06, 3.77796527573e-06, 3.0278590657e-06, 2.75548131867e-06, 2.1277792257e-06, 1.21868606584e-06, 7.91003401446e-07, 4.21252764227e-07, 4.18385184275e-07, 3.16340134532e-07],
        "median": [0.000259593740338, 0.000473442487419, 0.000373749266146, 0.000276575592579, 0.00104475708213, 0.000392799061956, 0.000203111252631, 0.000114643844427, 0.000140626070788, 5.27417905687e-05, 6.23804808129e-05, 9.140734619e-05, 2.93642060569e-05, 4.47412494395e-05, 2.74721714959e-05, 1.57834183483e-05, 1.34030087793e-05, 1.36480257424e-05, 1.20408867588e-05, 9.55054474616e-06, 7.52108644519e-06, 5.88352486375e-06, 5.93102049606e-06, 3.1702254546e-06, 2.01384318643e-06, 1.58435977937e-06, 1.12481882297e-06, 4.93739889862e-07, 2.08059717011e-07, 1.52928834041e-07, 7.77732367396e-08, 2.86494312718e-08, 1.2827374718e-08, 6.10826766945e-09, 3.44318684675e-09, 1.38389644189e-09, 7.82623355011e-10, 5.109717649e-10, 2.69316874357e-10, 1.21059634539e-10],
        "min": [1.06329551673e-23, 2.25532429795e-23, 6.99073388077e-24, 4.86754551995e-24, 5.24256407783e-24, 7.63268837506e-24, 1.14915024671e-23, 9.96341657372e-24, 9.18913381803e-24, 6.10603308089e-24, 1.587957754e-23, 1.32053698369e-23, 1.18198295313e-23, 1.13533634563e-23, 9.49484108463e-24, 1.73060762927e-23, 1.83313840547e-23, 2.67277812939e-23, 2.32055110412e-23, 1.03517838414e-23, 4.37769721325e-24, 7.99832146033e-24, 7.93535142743e-24, 1.6267875388e-23, 9.28703934497e-24, 1.13054898546e-23, 5.93215512117e-24, 8.39594758846e-24, 8.66267171571e-24, 1.48182661663e-23, 6.39915801605e-24, 1.00836579083e-23, 8.68116182647e-24, 1.00522943765e-23, 1.40260005374e-23, 1.8272587096e-23, 1.32426111714e-23, 1.05711068946e-23, 1.55523075495e-23, 1.08317851919e-23],
        "var": [6.96441493346e-05, 0.000149202285684, 7.68352547311e-05, 4.80522066937e-06, 3.39876919497e-06, 4.40325010231e-07, 1.50682993194e-07, 3.44444082145e-08, 6.62370069904e-08, 1.67382268046e-08, 8.96565133246e-09, 3.13566808074e-08, 4.60827642712e-09, 5.39360911489e-09, 1.74806324971e-09, 8.94168461496e-10, 6.38589126023e-10, 7.98125898704e-10, 7.85206788478e-10, 7.67058139228e-10, 5.70649638654e-10, 7.64212970683e-10, 9.863994066e-10, 6.27551399734e-10, 1.39581080028e-09, 1.06869602057e-09, 1.32726629687e-09, 5.91966198282e-10, 1.6257460933e-09, 1.47475276435e-09, 1.3458524295e-09, 8.66668958821e-10, 5.33308175399e-10, 4.41038039423e-10, 2.86035389818e-10, 8.79188735703e-11, 3.89230245257e-11, 1.21899912039e-11, 1.13406202831e-11, 6.50503782784e-12]
    },
    "mfcc": {
        "mean": [-747.04699707, 187.073577881, -30.158246994, 41.8278923035, 0.960702121258, -1.24193823338, 4.32751989365, -0.714863538742, -0.128473296762, -3.32409667969, -2.34426474571, -2.40741968155, 0.933066010475],
        "cov": [[19323.6894531, 5534.79980469, -4682.02880859, 505.793273926, -1131.54907227, -987.26574707, -582.851318359, -812.160583496, -710.641418457, -759.018920898, -514.674926758, -465.431152344, -288.809082031], [5534.79980469, 5268.5078125, -2387.58227539, -169.620773315, -255.752853394, -623.724121094, 21.6090526581, -284.501708984, -132.418426514, -285.0519104, -89.0952224731, -50.4989242554, 27.1750431061], [-4682.02880859, -2387.58227539, 2529.62939453, -60.2238731384, 414.858398438, 624.116394043, 158.809555054, 403.476959229, 281.861358643, 348.199310303, 185.691192627, 192.219848633, 117.441497803], [505.793273926, -169.620773315, -60.2238731384, 425.652954102, 13.6026725769, 15.5377473831, 46.9075698853, 13.565073967, 7.4795293808, 17.7687950134, 12.0656414032, -26.1816272736, -30.2577514648], [-1131.54907227, -255.752853394, 414.858398438, 13.6026725769, 201.529403687, 108.378341675, 71.9724960327, 86.145401001, 74.6530456543, 75.781578064, 44.8643798828, 46.4403877258, 32.7725715637], [-987.26574707, -623.724121094, 624.116394043, 15.5377473831, 108.378341675, 262.216461182, 52.6157493591, 127.457473755, 87.5049209595, 107.516960144, 69.4395599365, 56.2948417664, 40.6359138489], [-582.851318359, 21.6090526581, 158.809555054, 46.9075698853, 71.9724960327, 52.6157493591, 121.163024902, 70.6157684326, 58.2458381653, 47.9490470886, 42.530582428, 35.1410713196, 22.8672809601], [-812.160583496, -284.501708984, 403.476959229, 13.565073967, 86.145401001, 127.457473755, 70.6157684326, 137.02822876, 86.0502700806, 80.8396987915, 60.3195838928, 47.429397583, 31.1944484711], [-710.641418457, -132.418426514, 281.861358643, 7.4795293808, 74.6530456543, 87.5049209595, 58.2458381653, 86.0502700806, 109.247573853, 77.443572998, 48.2790336609, 46.4277305603, 29.3897418976], [-759.018920898, -285.0519104, 348.199310303, 17.7687950134, 75.781578064, 107.516960144, 47.9490470886, 80.8396987915, 77.443572998, 113.21081543, 60.8831062317, 41.7531089783, 33.8709182739], [-514.674926758, -89.0952224731, 185.691192627, 12.0656414032, 44.8643798828, 69.4395599365, 42.530582428, 60.3195838928, 48.2790336609, 60.8831062317, 84.8710174561, 47.4417419434, 22.9244785309], [-465.431152344, -50.4989242554, 192.219848633, -26.1816272736, 46.4403877258, 56.2948417664, 35.1410713196, 47.429397583, 46.4277305603, 41.7531089783, 47.4417419434, 74.0406799316, 38.9402503967], [-288.809082031, 27.1750431061, 117.441497803, -30.2577514648, 32.7725715637, 40.6359138489, 22.8672809601, 31.1944484711, 29.3897418976, 33.8709182739, 22.9244785309, 38.9402503967, 67.0912246704]],
