{
"lowlevel": {
    "average_loudness": 0.96899497509,
    "barkbands_crest": {
        "dmean": 2.32502794266,
        "dmean2": 3.93670368195,
        "dvar": 4.7105846405,
        "dvar2": 11.7421693802,
        "max": 20.8290863037,
        "mean": 8.294921875,
        "median": 7.60741329193,
        "min": 2.81988358498,
        "var": 8.55806255341
    },
    "barkbands_flatness_db": {
        "dmean": 0.0207896959037,
        "dmean2": 0.0323375910521,
        "dvar": 0.000285279471427,
        "dvar2": 0.000702540855855,
        "max": 0.249644592404,
        "mean": 0.156263098121,
        "median": 0.155813783407,
        "min": 0.0474700219929,
        "var": 0.000939133111387
    },
    "barkbands_kurtosis": {
        "dmean": 2.19614458084,
        "dmean2": 3.69949483871,
        "dvar": 13.9267482758,
        "dvar2": 34.7565727234,
        "max": 40.5396461487,
        "mean": 2.7630109787,
        "median": 1.56677174568,
        "min": -1.37485921383,
        "var": 18.2623291016
    },
    "barkbands_skewness": {
        "dmean": 0.449114590883,
        "dmean2": 0.744828343391,
        "dvar": 0.21984679997,
        "dvar2": 0.516610980034,
        "max": 5.22828722,
        "mean": 1.51701855659,
        "median": 1.40991663933,
        "min": -1.98062896729,
        "var": 0.500411570072
    },
    "barkbands_spread": {
        "dmean": 3.00383353233,
        "dmean2": 4.91665792465,
        "dvar": 6.75111722946,
        "dvar2": 15.8810901642,
        "max": 30.4480400085,
        "mean": 14.1514396667,
        "median": 13.9811954498,
        "min": 2.21162128448,
        "var": 20.8131847382
    },
    "dissonance": {
        "dmean": 0.0178770851344,
        "dmean2": 0.0299062337726,
        "dvar": 0.000312639458571,
        "dvar2": 0.000780095055234,
        "max": 0.499999970198,
        "mean": 0.466282904148,
        "median": 0.469981700182,
        "min": 0.0908369496465,
        "var": 0.000440114235971
    },
    "dynamic_complexity": 1.25633561611,
    "erbbands_crest": {
        "dmean": 2.214148283,
        "dmean2": 3.79543542862,
        "dvar": 4.0680680275,
        "dvar2": 11.3815746307,
        "max": 19.5184307098,
        "mean": 7.21585035324,
        "median": 6.58342647552,
        "min": 3.13823342323,
        "var": 6.59620523453
    },
    "erbbands_flatness_db": {
        "dmean": 0.0159317273647,
        "dmean2": 0.0215289220214,
        "dvar": 0.000167773745488,
        "dvar2": 0.000293874385534,
        "max": 0.275144487619,
        "mean": 0.193320274353,
        "median": 0.194531053305,
        "min": 0.0883541479707,
        "var": 0.000948306464124
    },
    "erbbands_kurtosis": {
        "dmean": 0.44444835186,
        "dmean2": 0.743235290051,
        "dvar": 0.256346255541,
        "dvar2": 0.681181907654,
        "max": 6.18031311035,
        "mean": -0.540671110153,
        "median": -0.665335536003,
        "min": -1.66745221615,
        "var": 0.407546550035
    },
    "erbbands_skewness": {
        "dmean": 0.298512786627,
        "dmean2": 0.485928922892,
        "dvar": 0.0645686164498,
        "dvar2": 0.153559342027,
        "max": 2.38216352463,
        "mean": 0.235894024372,
        "median": 0.208610713482,
        "min": -1.30403864384,
        "var": 0.210107147694
    },
    "erbbands_spread": {
        "dmean": 4.60295057297,
        "dmean2": 7.57494735718,
        "dvar": 14.9746837616,
        "dvar2": 38.3406295776,
        "max": 83.0145111084,
        "mean": 31.4570980072,
        "median": 30.8382072449,
        "min": 13.3458051682,
        "var": 46.1382789612
    },
    "hfc": {
        "dmean": 3.85800743103,
        "dmean2": 6.05913734436,
        "dvar": 26.814661026,
        "dvar2": 65.8774642944,
        "max": 69.0436019897,
        "mean": 16.6356182098,
        "median": 15.5492668152,
        "min": 1.17552675023e-16,
        "var": 50.9216842651
    },
    "melbands_crest": {
        "dmean": 3.18401050568,
        "dmean2": 5.53772974014,
        "dvar": 6.27582454681,
        "dvar2": 18.3008022308,
        "max": 24.6782474518,
        "mean": 11.7761087418,
        "median": 11.3327140808,
        "min": 1.85288655758,
        "var": 11.0301837921
    },
    "melbands_flatness_db": {
        "dmean": 0.0246523562819,
        "dmean2": 0.0398514643312,
        "dvar": 0.00046358894906,
        "dvar2": 0.00116558151785,
        "max": 0.337332367897,
        "mean": 0.223762840033,
        "median": 0.222495481372,
        "min": 0.00554328132421,
        "var": 0.00125765707344
    },
    "melbands_kurtosis": {
        "dmean": 3.96687936783,
        "dmean2": 6.61758184433,
        "dvar": 37.2315177917,
        "dvar2": 91.1407852173,
        "max": 69.1689910889,
        "mean": 7.36987638474,
        "median": 5.26666593552,
        "min": -1.14906334877,
        "var": 56.2514038086
    },
    "melbands_skewness": {
        "dmean": 0.542458891869,
        "dmean2": 0.905967772007,
        "dvar": 0.297871112823,
        "dvar2": 0.71667277813,
        "max": 6.5680770874,
        "mean": 2.22755432129,
        "median": 2.10078954697,
        "min": -0.168610692024,
        "var": 0.670871138573
    },
    "melbands_spread": {
        "dmean": 4.20565080643,
        "dmean2": 6.98442029953,
        "dvar": 19.3051948547,
        "dvar2": 37.6486091614,
        "max": 133.611755371,
        "mean": 16.7106266022,
        "median": 16.1859283447,
        "min": 2.27944922447,
        "var": 46.38230896
    },
    "pitch_salience": {
        "dmean": 0.0685821995139,
        "dmean2": 0.117458492517,
        "dvar": 0.00318250572309,
        "dvar2": 0.00932464469224,
        "max": 0.956286072731,
        "mean": 0.639687001705,
        "median": 0.645337581635,
        "min": 0.346946448088,
        "var": 0.00584614090621
    },
    "silence_rate_20dB": {
        "dmean": 0,
        "dmean2": 0,
        "dvar": 0,
        "dvar2": 0,
        "max": 1,
        "mean": 1,
        "median": 1,
        "min": 1,
        "var": 0
    },
    "silence_rate_30dB": {
        "dmean": 0.0299123264849,
        "dmean2": 0.0598555207253,
        "dvar": 0.0290181878954,
        "dvar2": 0.0696899369359,
        "max": 1,
        "mean": 0.97680413723,
        "median": 1,
        "min": 0,
        "var": 0.0226576980203
    },
    "silence_rate_60dB": {
        "dmean": 0.00103145954199,
        "dmean2": 0.00154798757285,
        "dvar": 0.00103040458634,
        "dvar2": 0.00154557928909,
        "max": 1,
        "mean": 0.00154639175162,
        "median": 0,
        "min": 0,
        "var": 0.00154399336316
    },
    "spectral_centroid": {
        "dmean": 162.034957886,
        "dmean2": 263.008636475,
        "dvar": 62672.3125,
        "dvar2": 85287,
        "max": 10563.3076172,
        "mean": 875.361022949,
        "median": 852.798706055,
        "min": 279.176208496,
        "var": 111327.617188
    },
    "spectral_complexity": {
        "dmean": 2.96441459656,
        "dmean2": 4.8998966217,
        "dvar": 5.35768985748,
        "dvar2": 13.3439588547,
        "max": 37,
        "mean": 22.7541236877,
        "median": 23,
        "min": 0,
        "var": 23.6689720154
    },
    "spectral_decrease": {
        "dmean": 3.10752379384e-09,
        "dmean2": 5.2792130667e-09,
        "dvar": 3.4877991119e-17,
        "dvar2": 8.6837036894e-17,
        "max": -4.53122866739e-30,
        "mean": -7.94241383772e-09,
        "median": -6.67711219648e-09,
        "min": -6.22209128665e-08,
        "var": 3.44223502591e-17
    },
    "spectral_energy": {
        "dmean": 0.0120258517563,
        "dmean2": 0.0203883238137,
        "dvar": 0.000516965752468,
        "dvar2": 0.00128713680897,
        "max": 0.241098746657,
        "mean": 0.0314853675663,
        "median": 0.0266109202057,
        "min": 1.06794784727e-20,
        "var": 0.000514537037816
    },
    "spectral_energyband_high": {
        "dmean": 4.84535921714e-05,
        "dmean2": 6.62699094391e-05,
        "dvar": 4.87562124007e-09,
        "dvar2": 8.94831231335e-09,
        "max": 0.00150558527093,
        "mean": 0.00011310215632,
        "median": 7.91223719716e-05,
        "min": 8.15728846272e-21,
        "var": 1.27434667263e-08
    },
    "spectral_energyband_low": {
        "dmean": 0.00298311770894,
        "dmean2": 0.00519545655698,
        "dvar": 1.74419565155e-05,
        "dvar2": 4.89446829306e-05,
        "max": 0.0527851730585,
        "mean": 0.00471712555736,
        "median": 0.00333945546299,
        "min": 8.64376918847e-23,
        "var": 2.03547151614e-05
    },
    "spectral_energyband_middle_high": {
        "dmean": 0.00119716650806,
        "dmean2": 0.0018740571104,
        "dvar": 1.26450584048e-06,
        "dvar2": 3.14617659569e-06,
        "max": 0.0146985603496,
        "mean": 0.00503576919436,
        "median": 0.00478282617405,
        "min": 1.46535742236e-21,
        "var": 5.22792106494e-06
    },
    "spectral_energyband_middle_low": {
        "dmean": 0.0108211589977,
        "dmean2": 0.0184451062232,
        "dvar": 0.000452361826319,
        "dvar2": 0.00113836966921,
        "max": 0.215986728668,
        "mean": 0.023447137326,
        "median": 0.0187356993556,
        "min": 2.46767000263e-22,
        "var": 0.000441670708824
    },
    "spectral_entropy": {
        "dmean": 0.137145727873,
        "dmean2": 0.217496171594,
        "dvar": 0.0168594103307,
        "dvar2": 0.0397958792746,
        "max": 9.80753707886,
        "mean": 7.29066562653,
        "median": 7.30299043655,
        "min": 6.48029613495,
        "var": 0.049389410764
    },
    "spectral_flux": {
        "dmean": 0.0239335931838,
        "dmean2": 0.039418913424,
        "dvar": 0.00127067998983,
        "dvar2": 0.00303120492026,
        "max": 0.399790585041,
        "mean": 0.0944362580776,
        "median": 0.0842997431755,
        "min": 1.03341564472e-10,
        "var": 0.0019448423991
    },
    "spectral_kurtosis": {
        "dmean": 3.13651371002,
        "dmean2": 5.47373390198,
        "dvar": 7.97326564789,
        "dvar2": 23.6758556366,
        "max": 30.2617378235,
        "mean": 7.94461774826,
        "median": 7.17794275284,
        "min": -1.17589116096,
        "var": 13.9309091568
    },
    "spectral_rms": {
        "dmean": 0.000923293118831,
        "dmean2": 0.001546769985,
        "dvar": 1.56956866704e-06,
        "dvar2": 3.71553346667e-06,
        "max": 0.0153368283063,
        "mean": 0.00534239131957,
        "median": 0.00509527977556,
        "min": 3.22784811033e-12,
        "var": 2.17623642129e-06
    },
    "spectral_rolloff": {
        "dmean": 291.725250244,
        "dmean2": 498.030914307,
        "dvar": 214785.484375,
        "dvar2": 303942.28125,
        "max": 18195.5566406,
        "mean": 1021.82739258,
        "median": 968.994140625,
        "min": 215.33203125,
        "var": 339269.3125
    },
    "spectral_skewness": {
        "dmean": 0.308703929186,
        "dmean2": 0.52525550127,
        "dvar": 0.0645222067833,
        "dvar2": 0.184937804937,
        "max": 3.69982433319,
        "mean": 1.90614044666,
        "median": 1.8866379261,
        "min": 0.0457043126225,
        "var": 0.169753536582
    },
    "spectral_spread": {
        "dmean": 361825.6875,
        "dmean2": 491996.53125,
        "dvar": 537512476672,
        "dvar2": 661472935936,
        "max": 40791488,
        "mean": 2889814.75,
        "median": 2672235,
        "min": 1677781.25,
        "var": 1.60919270195e+12
    },
    "spectral_strongpeak": {
        "dmean": 0.398165464401,
        "dmean2": 0.685027003288,
        "dvar": 0.235098704696,
        "dvar2": 0.64327454567,
        "max": 6.10218048096,
        "mean": 0.71837157011,
        "median": 0.57880616188,
        "min": 1.52224566285e-09,
        "var": 0.279392808676
    },
    "zerocrossingrate": {
        "dmean": 0.00504876254126,
        "dmean2": 0.00670089153573,
        "dvar": 0.000138954623253,
        "dvar2": 0.000160325449542,
        "max": 0.501953125,
        "mean": 0.0393011048436,
        "median": 0.0390625,
        "min": 0.01123046875,
        "var": 0.000191038212506
    },
    "barkbands": {
        "dmean": [4.55054105259e-05, 0.00104071036913, 0.00128046493046, 0.00350327324122, 0.00661489693448, 0.00223663402721, 0.00148638279643, 0.00111126189586, 0.000889180868398, 0.000431336171459, 0.000287366186967, 0.000347409630194, 0.000371372705558, 0.000476602173876, 0.000162678465131, 0.000297471531667, 0.000108374741103, 9.34422132559e-05, 6.7867753387e-05, 3.75433264708e-05, 1.62443211593e-05, 9.49617788137e-06, 7.61848241382e-06, 8.22844322101e-06, 6.96123970556e-06, 1.8311442318e-06, 3.29671422605e-07],
        "dmean2": [7.78962494223e-05, 0.00182035262696, 0.00219878228381, 0.006292774342, 0.0111411809921, 0.00362044549547, 0.00248885247856, 0.00187807960901, 0.0014452758478, 0.000718483817764, 0.000481728231534, 0.000574176607188, 0.000618031888735, 0.000721622956917, 0.000277112441836, 0.000476022134535, 0.000179491995368, 0.000154961278895, 0.000109951986815, 6.09368798905e-05, 2.51242272498e-05, 1.3713928638e-05, 1.10946739369e-05, 1.16456285468e-05, 1.05484396045e-05, 2.73328760159e-06, 5.64776428291e-07],
        "dvar": [1.04461159722e-08, 3.18821594192e-06, 4.31774242315e-06, 2.37765561906e-05, 0.000264662376139, 1.02465701275e-05, 3.64971037925e-06, 2.41265433942e-06, 1.39023438805e-06, 3.08657945425e-07, 1.47395070371e-07, 3.44529297536e-07, 2.33566709085e-07, 2.81207690023e-07, 5.53798287228e-08, 1.41216517591e-07, 1.35950326552e-08, 1.0112243487e-08, 6.53706466736e-09, 2.32890440266e-09, 6.14579998004e-10, 2.40453101874e-10, 1.49599929666e-10, 2.23124269061e-10, 2.31175759091e-10, 1.26593770189e-11, 1.92675519636e-12],
        "dvar2": [2.55788155101e-08, 9.2727914307e-06, 1.21590392155e-05, 6.48771747365e-05, 0.000664294580929, 2.54617971223e-05, 9.73157511908e-06, 6.55067606203e-06, 3.4798517845e-06, 8.16858573671e-07, 3.90961702124e-07, 9.36573997024e-07, 6.47655895136e-07, 5.78614617552e-07, 1.70104470953e-07, 3.42444707258e-07, 3.72788733216e-08, 2.49452991596e-08, 1.54163366517e-08, 5.00325825215e-09, 1.28850197179e-09, 5.21848120272e-10, 3.26856292032e-10, 4.66504668228e-10, 5.52538848009e-10, 2.70456036039e-11, 5.17531200186e-12],
        "max": [0.00175013835542, 0.018803358078, 0.0289102289826, 0.0534930974245, 0.152885496616, 0.0521143749356, 0.0257469043136, 0.0252711009234, 0.0179354418069, 0.00805262010545, 0.00407292880118, 0.0115284128115, 0.00651820609346, 0.0060949944891, 0.00441788695753, 0.00672937557101, 0.00143185199704, 0.00205526431091, 0.00123727181926, 0.00130352831911, 0.000584952940699, 0.000208383396966, 0.000183451629709, 0.000243825124926, 0.000206775875995, 3.29981194227e-05, 2.26822430704e-05],
        "mean": [4.5237782615e-05, 0.00111942237709, 0.00181016221177, 0.00469846604392, 0.00860565993935, 0.00419103959575, 0.00242304475978, 0.00169748777989, 0.00162083527539, 0.000728955143131, 0.000469484453788, 0.000608952890616, 0.000703166937456, 0.00097298208857, 0.000323112762999, 0.000687081133947, 0.000233559519984, 0.000215401480091, 0.000163273391081, 8.19869019324e-05, 3.30792972818e-05, 1.6429941752e-05, 1.29006339193e-05, 1.21216398838e-05, 9.04395801626e-06, 2.23458482651e-06, 2.79064948927e-07],
        "median": [2.09349636862e-05, 0.000479438051116, 0.000881246756762, 0.00340191787109, 0.00512774474919, 0.0028217905201, 0.00151541316882, 0.000999170122668, 0.00104537745938, 0.000509230769239, 0.000320684950566, 0.000354951014742, 0.000492372666486, 0.000707427621819, 0.000240869965637, 0.000529457058292, 0.000195602711756, 0.000182409654371, 0.000129281921545, 6.31140210317e-05, 2.42107289523e-05, 9.46683121583e-06, 6.0539923652e-06, 4.25980942964e-06, 2.65460766968e-06, 5.82939890137e-07, 2.77974265828e-08],
        "min": [1.30452192402e-23, 4.35728488513e-23, 3.16970906595e-23, 7.15389634838e-24, 2.55081455365e-23, 4.8636988764e-23, 2.90110729198e-23, 7.56574279874e-23, 5.29703941985e-23, 8.07795965083e-23, 1.54969563352e-23, 6.02030243872e-23, 1.0373231865e-22, 1.13554482579e-22, 6.95550713928e-23, 1.39087877975e-22, 2.45164640749e-22, 2.4013716078e-22, 2.22113317305e-22, 4.04724620418e-22, 5.84140519372e-22, 4.76168256372e-22, 5.77283967576e-22, 9.10782702893e-22, 1.08325612101e-21, 1.97252808901e-21, 2.54454024431e-21],
        "var": [9.28144761048e-09, 2.8761237445e-06, 5.04694980918e-06, 2.35192455875e-05, 0.000224393807002, 1.88280737348e-05, 7.11129223419e-06, 4.23009259976e-06, 2.99409157378e-06, 5.42966574812e-07, 2.4045993996e-07, 5.59675243039e-07, 4.90053196245e-07, 6.99884822097e-07, 9.74520730779e-08, 3.54059324081e-07, 2.85626828855e-08, 2.56705234847e-08, 1.79298389469e-08, 6.18864515189e-09, 1.24825638714e-09, 4.37734126724e-10, 3.13910064609e-10, 4.60619237197e-10, 3.04089142755e-10, 1.82209525246e-11, 1.4133393891e-12]
    },
    "erbbands": {
        "dmean": [0.0202806703746, 0.272611409426, 1.13696026802, 6.26928091049, 26.323223114, 13.8741855621, 18.9567661285, 19.6425552368, 22.3791713715, 16.8972969055, 26.0021591187, 17.9067573547, 15.8237485886, 11.6864280701, 12.4636325836, 11.0406522751, 15.8291454315, 14.4340648651, 21.8114643097, 7.9227771759, 17.703125, 5.97959899902, 4.87713241577, 4.04467391968, 2.85395526886, 1.57350790501, 0.895085096359, 0.478953629732, 0.338190376759, 0.235743224621, 0.220455914736, 0.165758788586, 0.158629715443, 0.118368968368, 0.0339969135821, 0.0109962048009, 0.00211849412881, 0.0013181847753, 3.07399095618e-05, 1.35143072839e-05],
        "dmean2": [0.0350775755942, 0.47914147377, 1.98207950592, 11.006193161, 45.6452827454, 22.9239673615, 31.1658172607, 31.026342392, 37.8745956421, 28.2656745911, 43.9490776062, 29.332069397, 25.8295593262, 19.6232528687, 20.4789180756, 18.1552238464, 26.4091053009, 23.6779117584, 33.2411308289, 12.8178424835, 28.1276512146, 9.71889781952, 8.03212070465, 6.52059984207, 4.60706806183, 2.53988671303, 1.4202028513, 0.729908585548, 0.494313269854, 0.341949552298, 0.320264786482, 0.238537490368, 0.22936873138, 0.181950166821, 0.0497853793204, 0.0166244078428, 0.00336928898469, 0.0021171416156, 4.8831658205e-05, 2.26964803005e-05],
        "dvar": [0.00128369161393, 0.220687270164, 3.72861337662, 67.1949310303, 3750.56811523, 963.848815918, 992.029174805, 886.509216309, 815.625854492, 708.492919922, 1384.26782227, 558.72467041, 473.159393311, 213.798583984, 303.237182617, 281.51171875, 423.806640625, 334.232025146, 594.24609375, 101.649559021, 578.792236328, 39.121421814, 27.5057964325, 22.9126377106, 12.7672700882, 3.82232284546, 2.43406653404, 0.523019731045, 0.300159752369, 0.131572470069, 0.131901040673, 0.087961114943, 0.113799497485, 0.0900815278292, 0.00396698899567, 0.000391087523894, 1.9901939595e-05, 1.87717505469e-05, 8.83578810118e-09, 6.53085585611e-10],
        "dvar2": [0.00354943471029, 0.645460247993, 10.539103508, 179.827789307, 9649.52539062, 2403.0144043, 2618.79541016, 2072.85986328, 2276.08886719, 1811.64367676, 3818.63696289, 1434.28833008, 1231.72351074, 577.497619629, 826.921203613, 780.125854492, 1153.38195801, 853.082641602, 1256.08581543, 281.176177979, 1411.07849121, 104.322395325, 68.0414276123, 53.1863479614, 30.3606586456, 8.39032077789, 4.95880508423, 1.17263484001, 0.651861071587, 0.287066847086, 0.29250445962, 0.20397977531, 0.252771228552, 0.216010451317, 0.00932285469025, 0.00089865521295, 4.34149769717e-05, 4.64781696792e-05, 2.17313349538e-08, 1.61100655038e-09],
        "max": [0.495909392834, 5.24994373322, 24.3147544861, 88.7920913696, 550.712463379, 289.02130127, 320.472381592, 570.546020508, 364.590942383, 536.67779541, 630.906738281, 367.265167236, 337.225128174, 172.46307373, 266.319152832, 252.01512146, 325.298919678, 317.194519043, 274.238861084, 182.170257568, 438.488677979, 83.2369842529, 81.5953826904, 109.918983459, 69.4591445923, 51.8424186707, 47.5219688416, 10.0363874435, 7.4158616066, 4.60695075989, 6.30766153336, 6.97705984116, 4.17125558853, 4.60277938843, 0.828915297985, 0.194889515638, 0.0488144904375, 0.0705414265394, 0.00153595011216, 0.000274087360594],
        "mean": [0.0220739971846, 0.302947849035, 1.60347783566, 9.38202285767, 30.1141967773, 18.6204090118, 30.8557949066, 36.8786773682, 37.9780158997, 30.1897354126, 42.6998062134, 33.4651374817, 28.5509700775, 20.5477218628, 23.9633235931, 22.3345527649, 31.126783371, 32.5340766907, 44.0001907349, 20.0751094818, 39.3439598083, 15.1854000092, 11.8018035889, 9.95209884644, 7.1938624382, 3.73389530182, 1.85727500916, 0.951939404011, 0.595040440559, 0.406130164862, 0.365687459707, 0.249207183719, 0.219375133514, 0.150021106005, 0.0440459065139, 0.0127922883257, 0.00245361821726, 0.00129324500449, 4.3083269702e-05, 3.6697176256e-05],
        "median": [0.0113637968898, 0.135646417737, 0.909599065781, 6.81735181808, 17.2419166565, 10.9344272614, 21.2065162659, 23.7835025787, 25.8823242188, 19.1891593933, 26.7288684845, 21.4107666016, 20.6190185547, 14.8654489517, 16.7939491272, 15.6709051132, 22.4687614441, 23.6106777191, 32.809211731, 15.7351474762, 28.7478065491, 12.9577732086, 10.1301822662, 8.13897132874, 5.79583263397, 2.98244476318, 1.36501955986, 0.685950219631, 0.351492166519, 0.218280762434, 0.166965723038, 0.0986980721354, 0.0706759542227, 0.0421047657728, 0.0135307163, 0.00339094921947, 0.000712445878889, 0.000176750996616, 1.94123858819e-05, 3.10243958666e-05],
        "min": [1.68634621529e-21, 8.63996450601e-21, 2.90668973117e-20, 3.51254847732e-20, 3.32623347604e-20, 7.83243234107e-20, 4.02690107905e-19, 3.56671103598e-19, 4.21100718498e-19, 6.96628661028e-19, 1.79011831403e-18, 1.26106662234e-18, 1.73975873116e-18, 1.95077705492e-18, 9.48280681411e-19, 2.81128994423e-18, 4.76124705636e-18, 6.99151417139e-18, 2.92041016307e-18, 5.2321051444e-18, 9.03028442513e-18, 1.31695020006e-17, 1.18603240723e-17, 1.65284384499e-17, 9.94288715236e-18, 1.99488617157e-17, 2.52079437014e-17, 1.9972623306e-17, 1.38679642109e-17, 2.16852362442e-17, 1.60607621121e-17, 1.78373657425e-17, 1.55280114755e-17, 1.08738541164e-17, 7.9715767863e-18, 5.56617733762e-18, 3.97859109464e-18, 1.71920256916e-18, 3.62350758328e-19, 3.52708714593e-20],
        "var": [0.00106993142981, 0.202759936452, 3.66986227036, 77.2993774414, 3045.97412109, 881.696838379, 1166.0390625, 1739.20397949, 1358.64538574, 1480.18115234, 2466.01171875, 1243.58081055, 815.138793945, 352.670013428, 573.61920166, 471.92477417, 844.729614258, 834.151000977, 1363.3145752, 265.705535889, 1413.61987305, 96.7682800293, 67.2811431885, 66.2739486694, 34.2502861023, 10.6906690598, 4.78633928299, 0.972012042999, 0.550156414509, 0.252453446388, 0.280046224594, 0.191679403186, 0.175962582231, 0.113738201559, 0.00549916317686, 0.000529486860614, 2.62254616246e-05, 1.75125078385e-05, 8.48696846134e-09, 6.74087341501e-10]
    },
    "gfcc": {
        "mean": [-4.9200425148, 143.471862793, -141.38571167, 19.3202381134, -51.8574714661, -4.23330831528, -48.5471000671, -2.1962428093, -23.9551639557, -7.5616850853, -12.6006269455, -13.6860103607, -7.80112600327],
        "cov": [[1863.50134277, -246.43031311, 174.114349365, 72.7032089233, -71.8120117188, 133.2525177, -81.5433807373, 92.7403945923, -76.4648208618, 82.8510665894, -62.217666626, 60.1413230896, -46.2685661316], [-246.43031311, 530.218322754, -294.421813965, -23.4751644135, 76.7947692871, -152.466247559, 96.1867904663, -90.2277832031, 68.59375, -97.8392562866, 77.9748153687, -93.1603088379, 49.9628753662], [174.114349365, -294.421813965, 482.379730225, 27.7569618225, -16.2829265594, 123.625686646, -108.677001953, 54.5140914917, -45.7690048218, 90.9698791504, -61.9676132202, 94.2397918701, -39.0945701599], [72.7032089233, -23.4751644135, 27.7569618225, 126.228317261, 13.8894138336, 38.3908004761, 20.7533779144, 0.0202921275049, 5.63529682159, -3.23466920853, -0.94100189209, -6.06319475174, 8.35169410706], [-71.8120117188, 76.7947692871, -16.2829265594, 13.8894138336, 96.0379714966, -10.4764671326, 28.6997432709, -5.18351459503, 5.92919635773, -2.4744386673, -1.03499829769, -3.05008745193, 3.65433812141], [133.2525177, -152.466247559, 123.625686646, 38.3908004761, -10.4764671326, 137.144256592, -13.3314161301, 49.532459259, -12.7784347534, 29.7033596039, -12.4887962341, 31.1937046051, -16.6245307922], [-81.5433807373, 96.1867904663, -108.677001953, 20.7533779144, 28.6997432709, -13.3314161301, 133.216781616, 6.66290569305, 8.18144702911, -34.6702384949, 12.6770591736, -23.5261383057, 5.01893997192], [92.7403945923, -90.2277832031, 54.5140914917, 0.0202921275049, -5.18351459503, 49.532459259, 6.66290569305, 91.4213027954, 10.8985881805, 25.9200630188, -17.5384025574, 20.7645282745, -9.61317825317], [-76.4648208618, 68.59375, -45.7690048218, 5.63529682159, 5.92919635773, -12.7784347534, 8.18144702911, 10.8985881805, 72.5894775391, 7.72383356094, 12.0482845306, -17.6042537689, 5.18264532089], [82.8510665894, -97.8392562866, 90.9698791504, -3.23466920853, -2.4744386673, 29.7033596039, -34.6702384949, 25.9200630188, 7.72383356094, 85.3475036621, 0.0595044158399, 28.8288478851, -17.0275802612], [-62.217666626, 77.9748153687, -61.9676132202, -0.94100189209, -1.03499829769, -12.4887962341, 12.6770591736, -17.5384025574, 12.0482845306, 0.0595044158399, 65.9037094116, -0.938632071018, 11.0016450882], [60.1413230896, -93.1603088379, 94.2397918701, -6.06319475174, -3.05008745193, 31.1937046051, -23.5261383057, 20.7645282745, -17.6042537689, 28.8288478851, -0.938632071018, 77.632270813, 1.32659947872], [-46.2685661316, 49.9628753662, -39.0945701599, 8.35169410706, 3.65433812141, -16.6245307922, 5.01893997192, -9.61317825317, 5.18264532089, -17.0275802612, 11.0016450882, 1.32659947872, 47.7590103149]],
        "icov": [[0.000763489864767, -0.000745548401028, 0.000399437325541, -0.000870916759595, 0.000909922702704, -0.00053351157112, 0.000645087799057, -0.000885534100235, 0.00144792790525, -0.0010922793299, 0.00112869089935, -0.000621079409029, 0.000708207313437], [-0.000745548401028, 0.00852808915079, -0.000896523764823, 0.00288104754873, -0.00575454393402, 0.00410882150754, -0.00261999596842, 0.00350379641168, -0.00668250164017, 0.00617596553639, -0.00760739762336, 0.00467525422573, -0.00348079157993], [0.000399437325541, -0.000896523764823, 0.00524683715776, -0.00183128577191, 0.000580463616643, -0.00253349659033, 0.00292074866593, -0.000639846548438, 0.00248467200436, -0.0032041312661, 0.00424942700192, -0.00403513945639, 0.00229922262952], [-0.000870916759595, 0.00288104754873, -0.00183128577191, 0.0118032833561, -0.00333828362636, -0.00241568195634, -0.00351334409788, 0.00399982091039, -0.00458501605317, 0.0027715715114, -0.00286134728231, 0.00396028999239, -0.00479714432731], [0.000909922702704, -0.00575454393402, 0.000580463616643, -0.00333828362636, 0.0157513786107, -0.00185359257739, -0.000961698126048, -0.00143913296051, 0.00410185661167, -0.00569153996184, 0.00672625377774, -0.00402800133452, 0.00200958596542], [-0.00053351157112, 0.00410882150754, -0.00253349659033, -0.00241568195634, -0.00185359257739, 0.0150129441172, -0.0012404351728, -0.00404724897817, -0.00146194652189, 0.00315047311597, -0.00564990565181, 0.00124933477491, 0.000765381089877], [0.000645087799057, -0.00261999596842, 0.00292074866593, -0.00351334409788, -0.000961698126048, -0.0012404351728, 0.0126266898587, -0.00510891759768, 0.00358436559327, 0.00105086364783, 0.00111794879194, -0.00143261358608, 0.00342559837736], [-0.000885534100235, 0.00350379641168, -0.000639846548438, 0.00399982091039, -0.00143913296051, -0.00404724897817, -0.00510891759768, 0.0195393301547, -0.008231154643, -0.000310500181513, 0.00172010925598, -0.000918475911021, -0.00216364511289], [0.00144792790525, -0.00668250164017, 0.00248467200436, -0.00458501605317, 0.00410185661167, -0.00146194652189, 0.00358436559327, -0.008231154643, 0.024153413251, -0.00935436878353, 0.00379626266658, 0.000491955084726, 0.00152873282786], [-0.0010922793299, 0.00617596553639, -0.0032041312661, 0.0027715715114, -0.00569153996184, 0.00315047311597, 0.00105086364783, -0.000310500181513, -0.00935436878353, 0.0239693596959, -0.00982530973852, 9.07633220777e-05, 0.00255430163816], [0.00112869089935, -0.00760739762336, 0.00424942700192, -0.00286134728231, 0.00672625377774, -0.00564990565181, 0.00111794879194, 0.00172010925598, 0.00379626266658, -0.00982530973852, 0.0275472085923, -0.00814234465361, 0.000743647047784], [-0.000621079409029, 0.00467525422573, -0.00403513945639, 0.00396028999239, -0.00402800133452, 0.00124933477491, -0.00143261358608, -0.000918475911021, 0.000491955084726, 9.07633220777e-05, -0.00814234465361, 0.0234405826777, -0.00757603580132], [0.000708207313437, -0.00348079157993, 0.00229922262952, -0.00479714432731, 0.00200958596542, 0.000765381089877, 0.00342559837736, -0.00216364511289, 0.00152873282786, 0.00255430163816, 0.000743647047784, -0.00757603580132, 0.0280880443752]]
    },
    "melbands": {
        "dmean": [0.000240309687797, 0.000502349459566, 0.00167709786911, 0.0015490942169, 0.000617641839199, 0.000426177342888, 0.000325965404045, 0.000194583568373, 0.000200550683076, 0.000113367328595, 8.16204119474e-05, 5.09694800712e-05, 4.15054237237e-05, 4.12807858083e-05, 3.85346502298e-05, 3.42951643688e-05, 2.76333739748e-05, 4.61979034299e-05, 1.16780029202e-05, 1.38270952448e-05, 2.36717460211e-05, 6.54936411593e-06, 5.16913814863e-06, 4.83696112497e-06, 3.57285193786e-06, 2.7079058782e-06, 1.98489760805e-06, 9.69442112364e-07, 6.64410379159e-07, 4.07362790611e-07, 2.68420535576e-07, 2.18549800479e-07, 1.69262165173e-07, 1.29612629962e-07, 1.30743302407e-07, 1.34157460252e-07, 9.57980219596e-08, 1.10022483568e-07, 1.00295331151e-07, 1.04694521497e-07],
        "dmean2": [0.000414984271629, 0.000879033992533, 0.00292983534746, 0.00263275601901, 0.00101308431476, 0.000677947478835, 0.000546738971025, 0.00032310988172, 0.000337734672939, 0.000184085351066, 0.000132879140438, 8.54736499605e-05, 6.86331404722e-05, 6.89544613124e-05, 6.29180212854e-05, 5.75489211769e-05, 4.51151317975e-05, 6.96765637258e-05, 1.99710484594e-05, 2.24348696065e-05, 3.77653159376e-05, 1.09409593279e-05, 8.51939785207e-06, 8.01149599283e-06, 5.78298431719e-06, 4.39803579866e-06, 3.25686664837e-06, 1.57209615281e-06, 1.06956201762e-06, 6.39570714611e-07, 4.14411857719e-07, 3.26645675841e-07, 2.5870079412e-07, 1.93225346834e-07, 1.94998037273e-07, 1.98997611278e-07, 1.39846193292e-07, 1.62577094898e-07, 1.50449054104e-07, 1.65798724083e-07],
        "dvar": [1.68435462911e-07, 7.08844368091e-07, 8.00584530225e-06, 1.42100661833e-05, 1.0500522194e-06, 3.91979284586e-07, 1.6604988673e-07, 7.20764958828e-08, 7.25647879563e-08, 2.34995738424e-08, 1.22605063879e-08, 4.12497680458e-09, 3.01747560272e-09, 5.76805625485e-09, 3.13094639104e-09, 2.57589105601e-09, 1.22113263945e-09, 2.69421307486e-09, 2.39302744287e-10, 2.38175257294e-10, 1.18519594139e-09, 5.18651822878e-11, 3.19718244934e-11, 3.38550056045e-11, 1.88467106504e-11, 1.17200416039e-11, 8.62199461132e-12, 1.48051720623e-12, 1.54299001961e-12, 3.87623852287e-13, 1.71835757971e-13, 1.41347017099e-13, 7.23340454916e-14, 4.02311884707e-14, 4.96805118474e-14, 7.71199781553e-14, 3.23698045365e-14, 5.23615202033e-14, 4.66064158295e-14, 7.9000926623e-14],
        "dvar2": [4.78515289615e-07, 2.0219815724e-06, 2.0764022338e-05, 3.58435936505e-05, 2.72247370958e-06, 9.22874335174e-07, 4.60692575643e-07, 1.87296677723e-07, 1.97369161015e-07, 5.93540967486e-08, 3.18815835954e-08, 1.10603393111e-08, 8.09273359437e-09, 1.59927910914e-08, 8.14815059869e-09, 7.17154824414e-09, 3.07341796457e-09, 5.34356958681e-09, 7.22822246502e-10, 6.23299412084e-10, 2.84116041804e-09, 1.4191220421e-10, 8.49314646389e-11, 8.20864556883e-11, 4.45887111955e-11, 2.68836671674e-11, 2.10516101079e-11, 3.27924709956e-12, 3.37495461265e-12, 8.52103977655e-13, 3.97713220864e-13, 3.0690744e-13, 1.72692630053e-13, 9.16372893908e-14, 1.15106857965e-13, 1.89625089719e-13, 7.50143829974e-14, 1.15586468348e-13, 1.06385535689e-13, 1.95303761228e-13],
        "max": [0.00480237416923, 0.00976040866226, 0.0279968380928, 0.0346480533481, 0.0106793483719, 0.0117498077452, 0.00518918735906, 0.00502805644646, 0.00438731582835, 0.00234128860757, 0.00165595056023, 0.000870005809702, 0.000599012128077, 0.00155013834592, 0.00086219451623, 0.000886829802766, 0.000540607667062, 0.000610204762779, 0.000239650224103, 0.000230293851928, 0.000654230709188, 9.79054093477e-05, 5.93973854848e-05, 0.00014821489458, 0.000100867197034, 7.58542664698e-05, 8.67830676725e-05, 3.35204167641e-05, 4.03018093493e-05, 1.37055940286e-05, 5.33651837031e-06, 5.52231585971e-06, 2.65505832431e-06, 2.64409572992e-06, 4.59182183477e-06, 5.23499465999e-06, 3.79068933398e-06, 2.57940314441e-06, 2.38284064835e-06, 4.4213829824e-06],
        "mean": [0.000263219961198, 0.000695873924997, 0.0023340608459, 0.00183375214692, 0.00101943081245, 0.000812214566395, 0.000563497305848, 0.00034077159944, 0.000337118835887, 0.000207869597943, 0.000141161275678, 8.36721956148e-05, 7.49016326154e-05, 6.97192226653e-05, 6.82236204739e-05, 6.43386229058e-05, 5.91136449657e-05, 8.67029521032e-05, 2.34305989579e-05, 3.08995367959e-05, 4.9257207138e-05, 1.40850916068e-05, 1.08991744128e-05, 1.05283816083e-05, 7.81096241553e-06, 6.1125956563e-06, 4.10341272072e-06, 2.00793442673e-06, 1.23653501305e-06, 7.5121329246e-07, 4.90014656407e-07, 3.64226934835e-07, 2.60280103248e-07, 2.0577822113e-07, 2.05068644732e-07, 2.08703511362e-07, 1.30591573111e-07, 1.498974882e-07, 1.30827700673e-07, 1.26004621848e-07],
        "median": [0.000122265366372, 0.000395469600335, 0.00171922054142, 0.00100879219826, 0.000702319666743, 0.000539641012438, 0.000385746883694, 0.000217920402065, 0.000209328107303, 0.00013429808314, 0.000100233388366, 5.90772760916e-05, 5.34265745955e-05, 3.92720467062e-05, 4.67771424155e-05, 4.2994182877e-05, 4.31084044976e-05, 6.17364785285e-05, 1.7457838112e-05, 2.4062470402e-05, 3.35401527991e-05, 1.14647773444e-05, 9.14451265999e-06, 8.43618545332e-06, 6.03025546297e-06, 4.67713834951e-06, 3.12543897962e-06, 1.53615349063e-06, 8.76734020494e-07, 5.37137907486e-07, 3.38845381975e-07, 2.07093307836e-07, 1.3741737348e-07, 1.08052802261e-07, 9.82287815532e-08, 7.75740431891e-08, 4.48232242434e-08, 4.88559308565e-08, 3.87612431041e-08, 3.40563985901e-08],
        "min": [1.41968031228e-23, 1.41136272067e-23, 6.25129747785e-24, 3.0839434378e-24, 1.129333903e-23, 8.1005949101e-24, 6.02999990583e-24, 1.03241894869e-23, 1.35471288357e-23, 7.4732982403e-24, 9.51728496624e-24, 9.21727958626e-24, 2.51769671345e-24, 6.27374806478e-24, 8.61454646733e-24, 1.24413335955e-23, 1.23341155656e-23, 3.89626013596e-24, 6.52180695415e-24, 7.52210269792e-24, 1.12799197172e-23, 1.23558944375e-23, 1.614938848e-23, 8.43092725872e-24, 1.44990157356e-23, 5.93646151285e-24, 1.06069393235e-23, 1.34238945629e-23, 1.83261901945e-23, 1.00417914824e-23, 1.19196259579e-23, 7.50726974632e-24, 8.91657133122e-24, 1.29772391517e-23, 9.11801879628e-24, 7.66844586217e-24, 1.29484473064e-23, 1.30375736003e-23, 8.0942106588e-24, 9.11644817422e-24],
        "var": [1.4816401972e-07, 7.08015477358e-07, 7.25335758034e-06, 1.19293335956e-05, 1.24497603338e-06, 7.70815631768e-07, 2.89624665584e-07, 1.52538959242e-07, 1.41433062595e-07, 5.06515291931e-08, 2.09591224376e-08, 6.71937216978e-09, 5.44016920401e-09, 8.68707150659e-09, 5.43152500754e-09, 5.17689446866e-09, 2.92879231978e-09, 6.20366069626e-09, 4.63205585e-10, 5.92215110284e-10, 2.85409695877e-09, 1.07105643798e-10, 6.18270573627e-11, 8.34067398481e-11, 4.90719027912e-11, 2.98517807695e-11, 1.53593734953e-11, 3.75826930341e-12, 2.652867509e-12, 7.01889338751e-13, 2.94552359933e-13, 2.37898974608e-13, 1.16107779858e-13, 7.21287179289e-14, 9.70743871029e-14, 1.36544868836e-13, 6.70331371249e-14, 8.15907467999e-14, 6.76247455928e-14, 9.15685713018e-14]
    },
    "mfcc": {
        "mean": [-639.252197266, 170.355407715, -25.9577960968, 20.0223579407, 6.7228679657, -5.90769863129, -7.36870145798, -8.00479221344, -8.76755619049, -1.43682467937, -5.10462522507, -6.3442029953, -5.36217308044],
        "cov": [[963.191223145, -190.479141235, 117.419998169, -19.2211074829, 13.9632902145, 13.6407566071, 53.3536109924, 17.8582324982, 39.0266036987, 10.4454870224, 36.4059829712, 1.59344565868, -8.7340669632], [-190.479141235, 456.824127197, -242.089126587, 57.4853515625, -46.3310470581, -34.7016868591, -24.1158123016, -8.74852085114, -25.2402935028, -10.6404037476, -5.48463964462, 2.8136742115, 4.17518901825], [117.419998169, -242.089126587, 411.368164062, -54.7980690002, 107.26348114, 41.2482757568, -5.62940788269, -9.86644458771, 16.2036056519, -16.2316360474, 14.219461441, 3.38525009155, 15.2082920074], [-19.2211074829, 57.4853515625, -54.7980690002, 118.330314636, -10.3576622009, 22.1557331085, 10.6644277573, 5.93281745911, 9.73510932922, 8.73089694977, -10.9689092636, -5.66820764542, -5.47789621353], [13.9632902145, -46.3310470581, 107.26348114, -10.3576622009, 111.151290894, 19.8396072388, -10.2996368408, -12.1468858719, 7.16086673737, 2.41421461105, 3.12465119362, 0.117744497955, 11.4958190918], [13.6407566071, -34.7016868591, 41.2482757568, 22.1557331085, 19.8396072388, 78.4261627197, 19.5493946075, 11.6338949203, -4.34796285629, 8.3521270752, -0.399119764566, 6.02134847641, -4.22969245911], [53.3536109924, -24.1158123016, -5.62940788269, 10.6644277573, -10.2996368408, 19.5493946075, 92.6065444946, 29.8352584839, 9.35577487946, -3.60937905312, 6.25285387039, -3.74250531197, -3.52557444572], [17.8582324982, -8.74852085114, -9.86644458771, 5.93281745911, -12.1468858719, 11.6338949203, 29.8352584839, 87.4283752441, 17.2010364532, 13.8750610352, -6.63460922241, 3.15775322914, -5.50616598129], [39.0266036987, -25.2402935028, 16.2036056519, 9.73510932922, 7.16086673737, -4.34796285629, 9.35577487946, 17.2010364532, 70.1306152344, 18.2579669952, 7.95174312592, -6.70030260086, 1.28008496761], [10.4454870224, -10.6404037476, -16.2316360474, 8.73089694977, 2.41421461105, 8.3521270752, -3.60937905312, 13.8750610352, 18.2579669952, 72.8083648682, 10.0098237991, 10.0692939758, -9.5196723938], [36.4059829712, -5.48463964462, 14.219461441, -10.9689092636, 3.12465119362, -0.399119764566, 6.25285387039, -6.63460922241, 7.95174312592, 10.0098237991, 60.5031051636, 17.2302513123, 7.37469387054], [1.59344565868, 2.8136742115, 3.38525009155, -5.66820764542, 0.117744497955, 6.02134847641, -3.74250531197, 3.15775322914, -6.70030260086, 10.0692939758, 17.2302513123, 50.3424682617, 12.820400238], [-8.7340669632, 4.17518901825, 15.2082920074, -5.47789621353, 11.4958190918, -4.22969245911, -3.52557444572, -5.50616598129, 1.28008496761, -9.5196723938, 7.37469387054, 12.820400238, 48.5897254944]],
