{
"lowlevel": {
    "average_loudness": 0.752064406872,
    "barkbands_crest": {
        "dmean": 1.9965801239,
        "dmean2": 3.08756089211,
        "dvar": 3.44531297684,
        "dvar2": 9.10272884369,
        "max": 24.6225948334,
        "mean": 9.54821681976,
        "median": 8.53164958954,
        "min": 3.71589612961,
        "var": 15.3966398239
    },
    "barkbands_flatness_db": {
        "dmean": 0.0147187719122,
        "dmean2": 0.0223258696496,
        "dvar": 0.000167226127815,
        "dvar2": 0.000379308854463,
        "max": 0.352989941835,
        "mean": 0.213692262769,
        "median": 0.211898609996,
        "min": 0.029629630968,
        "var": 0.00104752567131
    },
    "barkbands_kurtosis": {
        "dmean": 0.693956196308,
        "dmean2": 1.01651442051,
        "dvar": 0.812647402287,
        "dvar2": 1.64019608498,
        "max": 17.3141365051,
        "mean": 0.473540276289,
        "median": -0.124225378036,
        "min": -1.71839487553,
        "var": 4.57601547241
    },
    "barkbands_skewness": {
        "dmean": 0.292658150196,
        "dmean2": 0.42742267251,
        "dvar": 0.0668453797698,
        "dvar2": 0.160903185606,
        "max": 2.59428548813,
        "mean": -0.0877599269152,
        "median": 0.00637245643884,
        "min": -3.11831521988,
        "var": 0.622560143471
    },
    "barkbands_spread": {
        "dmean": 1.89466547966,
        "dmean2": 2.75166034698,
        "dvar": 3.04621624947,
        "dvar2": 7.11644697189,
        "max": 31.1933269501,
        "mean": 12.4879570007,
        "median": 12.0189647675,
        "min": 2.06983470917,
        "var": 23.1181678772
    },
    "dissonance": {
        "dmean": 0.0193437896669,
        "dmean2": 0.0326438844204,
        "dvar": 0.000466601515654,
        "dvar2": 0.00119683297817,
        "max": 0.496765255928,
        "mean": 0.446403682232,
        "median": 0.45015373826,
        "min": 0.0891804248095,
        "var": 0.000728029292077
    },
    "dynamic_complexity": 4.31524753571,
    "erbbands_crest": {
        "dmean": 2.88221406937,
        "dmean2": 4.57796573639,
        "dvar": 7.66863059998,
        "dvar2": 22.3541908264,
        "max": 30.9492225647,
        "mean": 13.2205095291,
        "median": 12.2260055542,
        "min": 3.31656813622,
        "var": 27.2953300476
    },
    "erbbands_flatness_db": {
        "dmean": 0.0137118790299,
        "dmean2": 0.0206289365888,
        "dvar": 0.000158308946993,
        "dvar2": 0.000359557539923,
        "max": 0.450846046209,
        "mean": 0.300690680742,
        "median": 0.297880411148,
        "min": 0.0977454558015,
        "var": 0.00132371392101
    },
    "erbbands_kurtosis": {
        "dmean": 0.994815826416,
        "dmean2": 1.46968352795,
        "dvar": 1.67722547054,
        "dvar2": 3.6268787384,
        "max": 29.1061286926,
        "mean": 1.63829028606,
        "median": 0.75245141983,
        "min": -1.52562332153,
        "var": 11.3810691833
    },
    "erbbands_skewness": {
        "dmean": 0.296571105719,
        "dmean2": 0.434215784073,
        "dvar": 0.0675120800734,
        "dvar2": 0.170858338475,
        "max": 1.86317181587,
        "mean": -0.270112007856,
        "median": -0.247677311301,
        "min": -2.59889984131,
        "var": 0.493936449289
    },
    "erbbands_spread": {
        "dmean": 2.7267100811,
        "dmean2": 4.05066490173,
        "dvar": 7.28648138046,
        "dvar2": 19.2687854767,
        "max": 39.2275695801,
        "mean": 14.9593753815,
        "median": 14.2895870209,
        "min": 1.80418252945,
        "var": 39.7768096924
    },
    "hfc": {
        "dmean": 4.30437278748,
        "dmean2": 6.1785902977,
        "dvar": 34.4180450439,
        "dvar2": 64.8419570923,
        "max": 115.119995117,
        "mean": 21.2160148621,
        "median": 16.3823413849,
        "min": 1.21961455044e-16,
        "var": 371.614044189
    },
    "melbands_crest": {
        "dmean": 2.33782410622,
        "dmean2": 3.58030438423,
        "dvar": 5.09691286087,
        "dvar2": 12.3827610016,
        "max": 30.4697780609,
        "mean": 11.3269901276,
        "median": 10.1139945984,
        "min": 2.00150036812,
        "var": 21.2040672302
    },
    "melbands_flatness_db": {
        "dmean": 0.0133299762383,
        "dmean2": 0.0193116683513,
        "dvar": 0.000150616411702,
        "dvar2": 0.000313597440254,
        "max": 0.368670284748,
        "mean": 0.213136807084,
        "median": 0.209728166461,
        "min": 0.00462822709233,
        "var": 0.00100269028917
    },
    "melbands_kurtosis": {
        "dmean": 0.76937687397,
        "dmean2": 1.15423130989,
        "dvar": 0.846209108829,
        "dvar2": 1.97513699532,
        "max": 14.5689411163,
        "mean": 0.505832731724,
        "median": -0.0343248844147,
        "min": -1.58752667904,
        "var": 3.60212373734
    },
    "melbands_skewness": {
        "dmean": 0.309300094843,
        "dmean2": 0.449618548155,
        "dvar": 0.0753059089184,
        "dvar2": 0.193241342902,
        "max": 2.84962630272,
        "mean": 0.326948523521,
        "median": 0.357106655836,
        "min": -2.58162045479,
        "var": 0.614440798759
    },
    "melbands_spread": {
        "dmean": 3.84573245049,
        "dmean2": 5.63929080963,
        "dvar": 14.1633987427,
        "dvar2": 28.5846099854,
        "max": 122.385704041,
        "mean": 25.614824295,
        "median": 25.218585968,
        "min": 5.9097700119,
        "var": 79.9398040771
    },
    "pitch_salience": {
        "dmean": 0.0468531921506,
        "dmean2": 0.0739317461848,
        "dvar": 0.0017715113936,
        "dvar2": 0.00412918068469,
        "max": 0.964780271053,
        "mean": 0.522090017796,
        "median": 0.517516553402,
        "min": 0.206329673529,
        "var": 0.00806703884155
    },
    "silence_rate_20dB": {
        "dmean": 0,
        "dmean2": 0,
        "dvar": 0,
        "dvar2": 0,
        "max": 1,
        "mean": 1,
        "median": 1,
        "min": 1,
        "var": 0
    },
    "silence_rate_30dB": {
        "dmean": 0,
        "dmean2": 0,
        "dvar": 0,
        "dvar2": 0,
        "max": 1,
        "mean": 1,
        "median": 1,
        "min": 1,
        "var": 0
    },
    "silence_rate_60dB": {
        "dmean": 0.0376482717693,
        "dmean2": 0.0753353983164,
        "dvar": 0.0362314097583,
        "dvar2": 0.0768842250109,
        "max": 1,
        "mean": 0.23814432323,
        "median": 0,
        "min": 0,
        "var": 0.181429207325
    },
    "spectral_centroid": {
        "dmean": 127.989517212,
        "dmean2": 184.082855225,
        "dvar": 43730.9492188,
        "dvar2": 44435.6054688,
        "max": 11033.9414062,
        "mean": 1649.67565918,
        "median": 1652.1730957,
        "min": 675.24206543,
        "var": 136511.84375
    },
    "spectral_complexity": {
        "dmean": 1.65239810944,
        "dmean2": 2.62280702591,
        "dvar": 3.33045387268,
        "dvar2": 6.6590628624,
        "max": 35,
        "mean": 14.9237117767,
        "median": 16,
        "min": 0,
        "var": 52.2645454407
    },
    "spectral_decrease": {
        "dmean": 8.14220135759e-10,
        "dmean2": 1.19686871525e-09,
        "dvar": 1.13751313578e-18,
        "dvar2": 2.37971569746e-18,
        "max": -4.75629041447e-31,
        "mean": -4.13390965903e-09,
        "median": -3.44544637265e-09,
        "min": -1.76320558154e-08,
        "var": 1.35292866896e-17
    },
    "spectral_energy": {
        "dmean": 0.00342807220295,
        "dmean2": 0.00502687925473,
        "dvar": 2.01225520868e-05,
        "dvar2": 4.14556816395e-05,
        "max": 0.0761331468821,
        "mean": 0.0175266899168,
        "median": 0.0145537294447,
        "min": 1.10640625275e-20,
        "var": 0.000242017238634
    },
    "spectral_energyband_high": {
        "dmean": 5.17728258274e-05,
        "dmean2": 7.45634970372e-05,
        "dvar": 7.27247284615e-09,
        "dvar2": 1.48736303274e-08,
        "max": 0.00200246530585,
        "mean": 0.000183382828254,
        "median": 0.000103902893898,
        "min": 8.03737393109e-21,
        "var": 4.84343232188e-08
    },
    "spectral_energyband_low": {
        "dmean": 5.37063897355e-05,
        "dmean2": 8.05208619568e-05,
        "dvar": 2.00171736964e-08,
        "dvar2": 4.53551223245e-08,
        "max": 0.0030607341323,
        "mean": 0.000128673520521,
        "median": 6.9762450039e-06,
        "min": 8.03764507205e-23,
        "var": 9.45899643057e-08
    },
    "spectral_energyband_middle_high": {
        "dmean": 0.00261002173647,
        "dmean2": 0.00373506150208,
        "dvar": 1.29730442495e-05,
        "dvar2": 2.56075654761e-05,
        "max": 0.0646658018231,
        "mean": 0.0113734090701,
        "median": 0.00739106163383,
        "min": 1.6737181804e-21,
        "var": 0.000130753731355
    },
    "spectral_energyband_middle_low": {
        "dmean": 0.00182216940448,
        "dmean2": 0.00278338533826,
        "dvar": 7.69206872064e-06,
        "dvar2": 1.82166058948e-05,
        "max": 0.0506369955838,
        "mean": 0.00601085275412,
        "median": 0.00411680992693,
        "min": 3.29866920684e-22,
        "var": 4.53854481748e-05
    },
    "spectral_entropy": {
        "dmean": 0.100943937898,
        "dmean2": 0.149250224233,
        "dvar": 0.0117817064747,
        "dvar2": 0.0234210584313,
        "max": 9.80826377869,
        "mean": 6.79929733276,
        "median": 6.81558132172,
        "min": 5.62078952789,
        "var": 0.0998897403479
    },
    "spectral_flux": {
        "dmean": 0.0114846574143,
        "dmean2": 0.018647538498,
        "dvar": 0.000160218361998,
        "dvar2": 0.000423506222432,
        "max": 0.155873626471,
        "mean": 0.046622350812,
        "median": 0.0441014692187,
        "min": 1.05185846144e-10,
        "var": 0.00104168755934
    },
    "spectral_kurtosis": {
        "dmean": 4.15657520294,
        "dmean2": 7.40899801254,
        "dvar": 11.1132259369,
        "dvar2": 33.37707901,
        "max": 27.2491569519,
        "mean": 8.32008552551,
        "median": 7.53213834763,
        "min": -1.24639129639,
        "var": 17.0696353912
    },
    "spectral_rms": {
        "dmean": 0.000376945594326,
        "dmean2": 0.000535975792445,
        "dvar": 1.68493258457e-07,
        "dvar2": 3.2646792647e-07,
        "max": 0.00861836690456,
        "mean": 0.00366823514923,
        "median": 0.0037681129761,
        "min": 3.28545394016e-12,
        "var": 3.6432907109e-06
    },
    "spectral_rolloff": {
        "dmean": 166.135101318,
        "dmean2": 284.909210205,
        "dvar": 154835.765625,
        "dvar2": 182198.859375,
        "max": 18453.9550781,
        "mean": 1939.56066895,
        "median": 1959.52148438,
        "min": 538.330078125,
        "var": 301970.5
    },
    "spectral_skewness": {
        "dmean": 0.368737131357,
        "dmean2": 0.649052023888,
        "dvar": 0.0878328308463,
        "dvar2": 0.264971226454,
        "max": 3.78185367584,
        "mean": 1.6574023962,
        "median": 1.61830663681,
        "min": 0.020124014467,
        "var": 0.162540748715
    },
    "spectral_spread": {
        "dmean": 200755.125,
        "dmean2": 316130.71875,
        "dvar": 632597970944,
        "dvar2": 839338295296,
        "max": 41151096,
        "mean": 2318862,
        "median": 2241981.75,
        "min": 1456484.625,
        "var": 1.56126963302e+12
    },
    "spectral_strongpeak": {
        "dmean": 1.01308643818,
        "dmean2": 1.70417869091,
        "dvar": 1.60995435715,
        "dvar2": 4.14992427826,
        "max": 16.5413684845,
        "mean": 2.63235831261,
        "median": 2.04344987869,
        "min": 2.87090151652e-09,
        "var": 4.1969704628
    },
    "zerocrossingrate": {
        "dmean": 0.0044197132811,
        "dmean2": 0.00528568215668,
        "dvar": 0.000129128209664,
        "dvar2": 0.000149489773321,
        "max": 0.49267578125,
        "mean": 0.0684346333146,
        "median": 0.0693359375,
        "min": 0.0126953125,
        "var": 0.000251346384175
    },
    "barkbands": {
        "dmean": [1.22729474583e-07, 2.357301355e-06, 2.87538750854e-05, 5.63493267691e-05, 0.00028212700272, 0.0004790815874, 0.000616203702521, 0.000678205571603, 0.000532489269972, 0.000220867514145, 0.000957464566454, 0.00109252217226, 0.000358853925718, 0.00050746044144, 0.00101137615275, 0.000281937303953, 0.000269001378911, 0.000118072253827, 8.61839653226e-05, 4.03796184401e-05, 3.58966208296e-05, 6.33725221633e-06, 1.30912678742e-06, 8.39988842927e-07, 4.24692188972e-07, 6.41161221893e-08, 4.45368675273e-09],
        "dmean2": [2.12626190432e-07, 4.16057628172e-06, 4.27518971264e-05, 8.26308169053e-05, 0.000386966392398, 0.000695265538525, 0.000944974599406, 0.00104607746471, 0.000783315685112, 0.000337176112225, 0.00134501641151, 0.00165799027309, 0.000544165784959, 0.000694714311976, 0.00147585454397, 0.000459446455352, 0.000411878892919, 0.000182781368494, 0.000133629902848, 6.34018142591e-05, 5.36849402124e-05, 9.41296275414e-06, 2.01528041543e-06, 1.23685765629e-06, 6.28739201147e-07, 1.01279219678e-07, 7.55290674448e-09],
        "dvar": [1.26420168821e-13, 1.30952367006e-11, 8.89864271159e-09, 1.72179408509e-08, 4.12448201814e-07, 1.39252313147e-06, 2.00218232749e-06, 1.72908278273e-06, 2.4667353955e-06, 1.78311680088e-07, 2.7084629437e-06, 4.76692139273e-06, 1.02071646779e-06, 6.34372042896e-07, 4.31941816714e-06, 4.36331731635e-07, 3.20135541187e-07, 3.10067598264e-08, 2.75879550315e-08, 5.10857356417e-09, 2.82669110341e-09, 1.25683741192e-10, 1.53551980159e-11, 5.15784116806e-12, 1.7570643291e-12, 2.46745915258e-14, 2.21804259326e-15],
        "dvar2": [3.31098104663e-13, 3.90759855029e-11, 2.10920845234e-08, 3.59076999246e-08, 8.13577287317e-07, 3.09486290462e-06, 5.36610195923e-06, 4.18730451202e-06, 4.89953345095e-06, 3.70023144569e-07, 5.55544147574e-06, 1.19231353892e-05, 2.3807767775e-06, 1.37939900924e-06, 8.46455259307e-06, 1.18658283554e-06, 7.66531513818e-07, 7.90648257976e-08, 6.23446325676e-08, 1.27002888206e-08, 5.7138422882e-09, 2.6526542074e-10, 3.96761894172e-11, 1.02538880165e-11, 3.73836985673e-12, 5.70811572922e-14, 5.78892428175e-15],
        "max": [1.15096272566e-05, 8.01636342658e-05, 0.00158248399384, 0.00217491574585, 0.0104434136301, 0.0212955325842, 0.0252750460058, 0.01762522012, 0.0419068932533, 0.0103487651795, 0.0299376696348, 0.0493013076484, 0.0264175254852, 0.0129060745239, 0.048534039408, 0.0129096647725, 0.0107361311093, 0.00262906705029, 0.00475532794371, 0.00105602073018, 0.000917415367439, 0.000206192591577, 0.000118879586807, 8.22151559987e-05, 3.5020399082e-05, 3.73086822947e-06, 1.68349583873e-06],
        "mean": [1.2660355253e-07, 2.84123348138e-06, 6.1826860474e-05, 0.000122668861877, 0.00089788477635, 0.00102860864718, 0.0012795397779, 0.00133551412728, 0.00113420165144, 0.000622661202215, 0.00246267206967, 0.00240819365717, 0.000687467982061, 0.00132904062048, 0.00225302157924, 0.000535155704711, 0.000606184534263, 0.000276149774436, 0.000250372540904, 0.000108592794277, 0.000100132427178, 1.70011353475e-05, 3.46140791407e-06, 2.22557832785e-06, 1.01182104117e-06, 1.29084483547e-07, 4.3101944236e-09],
        "median": [6.69118662699e-08, 1.78257153038e-06, 2.14044575841e-06, 8.0166510088e-06, 9.05920460355e-05, 0.000277450977592, 0.00041944818804, 0.000468735583127, 4.67023201054e-05, 0.000148663297296, 0.000685886770952, 0.000846270588227, 0.000149424871779, 0.000723935372662, 0.000851292978041, 0.000139254319947, 0.000224099174375, 0.000157860355102, 0.000106704726932, 5.28451491846e-05, 5.50124059373e-05, 8.02333033789e-06, 1.60834747476e-06, 1.02296928617e-06, 2.46512598778e-07, 6.10154131664e-08, 6.74467981465e-10],
        "min": [2.15755729497e-23, 2.63094278455e-23, 3.21206963438e-23, 1.30881774497e-23, 2.42537336349e-23, 1.83636106004e-23, 5.96563122255e-23, 7.5153793942e-23, 7.46328112675e-23, 1.09881394743e-22, 9.30000427395e-23, 5.33667052955e-23, 2.03285845448e-22, 1.21423401663e-22, 2.44525802255e-22, 1.31987675445e-22, 1.05396001056e-22, 1.93539172352e-22, 2.58700181218e-22, 3.95049171996e-22, 3.82360855517e-22, 6.50423212715e-22, 5.75657172306e-22, 7.70735027321e-22, 1.17213360821e-21, 1.97761113003e-21, 2.44992540329e-21],
        "var": [1.02883101886e-13, 1.77632492049e-11, 3.38595995686e-08, 7.1538501345e-08, 2.73983982879e-06, 3.78296795134e-06, 4.94851610711e-06, 4.86925591758e-06, 1.23940008052e-05, 1.52344125581e-06, 1.63421209436e-05, 1.72339296114e-05, 2.25650455832e-06, 2.58713589574e-06, 2.16544558498e-05, 9.6336259503e-07, 9.72097154772e-07, 1.16807122197e-07, 1.605945954e-07, 2.15195523623e-08, 1.45857033118e-08, 5.65393176721e-10, 3.38265561395e-11, 1.62323696151e-11, 5.05346589227e-12, 4.41710605809e-14, 1.60350939036e-15]
    },
    "erbbands": {
        "dmean": [4.31596126873e-05, 0.000841932313051, 0.0199575424194, 0.122814446688, 0.425823271275, 1.29264521599, 1.30944705009, 4.34339046478, 8.99534225464, 11.0216770172, 17.1978778839, 9.651222229, 6.34533262253, 13.5809059143, 40.1796112061, 49.2646942139, 18.1824855804, 28.2168292999, 16.4117183685, 58.3402252197, 10.0363531113, 14.1587915421, 7.37584495544, 3.86407542229, 4.36807727814, 1.50645816326, 1.63476276398, 1.26028490067, 0.318513810635, 0.078777089715, 0.0338137187064, 0.0225472971797, 0.0116593530402, 0.00580320460722, 0.00293874228373, 0.000512218684889, 7.47633021092e-05, 1.2496439922e-05, 2.25224357564e-06, 4.22449329562e-06],
        "dmean2": [7.47769590816e-05, 0.00136081117671, 0.029458463192, 0.180724531412, 0.621748149395, 1.79729020596, 1.77808082104, 6.54192209244, 13.8613481522, 16.5812778473, 26.6234798431, 14.2554988861, 10.1992015839, 17.896812439, 58.1451568604, 73.836555481, 27.777759552, 38.7240600586, 22.599401474, 88.4172134399, 15.5471811295, 21.9092636108, 11.4100399017, 6.00477933884, 6.66119432449, 2.31369137764, 2.47162222862, 1.84131205082, 0.459705710411, 0.119949266315, 0.0515560172498, 0.0341001749039, 0.0172316916287, 0.00871700979769, 0.00431410968304, 0.000776468776166, 0.000121482858958, 2.09602058021e-05, 3.2839107007e-06, 6.17182922724e-06],
        "dvar": [3.46167272625e-09, 2.46687227445e-06, 0.00384004460648, 0.0782842487097, 0.894332826138, 14.6931152344, 9.66110897064, 146.104995728, 568.716552734, 592.466308594, 1502.01745605, 746.304321289, 147.753372192, 1114.53747559, 5193.23583984, 10306.1533203, 2158.63867188, 1956.65161133, 1324.56433105, 11519.3154297, 377.652404785, 1132.18676758, 113.970695496, 61.3603477478, 86.0972137451, 6.3703827858, 6.89741325378, 4.42296886444, 0.30622574687, 0.0272689238191, 0.00927944574505, 0.00447206152603, 0.000695083464961, 0.00028487664531, 8.79204235389e-05, 2.26716474572e-06, 2.68521169744e-08, 1.13068920893e-09, 5.29992959242e-11, 3.12119878554e-11],
        "dvar2": [9.94143345423e-09, 5.35005165148e-06, 0.00852064136416, 0.17070953548, 2.03429555893, 30.568189621, 17.7644386292, 350.684265137, 1567.29919434, 1315.90332031, 3602.69946289, 1542.30456543, 386.429656982, 1823.80505371, 11704.0146484, 25610.0820312, 4917.69042969, 4127.59521484, 2069.49609375, 28575.3808594, 946.149291992, 2787.46655273, 276.874542236, 158.755554199, 184.348556519, 13.9100341797, 16.4616260529, 7.92708587646, 0.581324994564, 0.0663070082664, 0.0225081928074, 0.00933749973774, 0.00137931003701, 0.000601526815444, 0.000181828683708, 4.60328556073e-06, 6.97062887411e-08, 2.97514857195e-09, 1.32976060718e-10, 6.32343066798e-11],
        "max": [0.000979224219918, 0.038799777627, 1.13435268402, 6.36735057831, 17.139755249, 61.6233329773, 78.5075073242, 235.962692261, 446.348388672, 419.011444092, 558.277526855, 703.228759766, 224.643722534, 984.46496582, 1057.69677734, 2561.30834961, 1423.47424316, 745.020385742, 951.547119141, 1770.3137207, 389.978485107, 628.864624023, 187.757675171, 139.897262573, 310.878570557, 44.9733886719, 44.0794181824, 49.6518554688, 12.0649461746, 4.27195262909, 2.87827396393, 2.2200357914, 0.850785493851, 0.4249958992, 0.214727401733, 0.0379278101027, 0.00350722647272, 0.00105647684541, 0.000254494574619, 9.62755948422e-05],
        "mean": [6.55960466247e-05, 0.00156861229334, 0.0450593493879, 0.301054060459, 1.09229505062, 3.8995153904, 3.50735759735, 9.20028114319, 19.9379024506, 23.6043434143, 35.2697982788, 21.3890304565, 14.6450624466, 44.3330535889, 100.109390259, 112.343215942, 41.3121604919, 75.1279602051, 49.2098007202, 125.0728302, 25.4010124207, 32.8233222961, 20.4275913239, 10.5100622177, 12.258055687, 4.64574337006, 4.40913534164, 3.53034758568, 0.976050972939, 0.217109903693, 0.0925601571798, 0.0580112524331, 0.0290271770209, 0.013187722303, 0.00701022101566, 0.00116155028809, 0.000158728289534, 2.16869302676e-05, 1.11183135232e-05, 2.17880515265e-05],
        "median": [4.25187463406e-05, 0.000642959494144, 0.00353343482129, 0.0404379665852, 0.209234237671, 0.341774344444, 0.544493198395, 2.58198976517, 5.19132041931, 9.94807624817, 6.24392604828, 1.56033670902, 4.93988227844, 6.99063205719, 34.4557609558, 42.9681930542, 15.6772327423, 40.8215866089, 21.9792556763, 59.5415763855, 11.0137748718, 12.8073787689, 13.2943401337, 4.326379776, 5.58751487732, 2.78504276276, 2.31763601303, 1.74841225147, 0.472011834383, 0.122967921197, 0.0456663146615, 0.0243148095906, 0.0133429747075, 0.00410845736042, 0.00166298286058, 0.000480630958918, 9.56568255788e-05, 1.07468113129e-05, 8.94777440408e-06, 1.80823917617e-05],
        "min": [1.72189074782e-21, 2.7728889454e-21, 2.58568856198e-20, 5.21834547312e-20, 3.46289469923e-20, 9.45405530849e-20, 1.76436513134e-19, 1.7469248036e-19, 6.88430422278e-19, 1.16026091282e-18, 1.61061981092e-18, 1.36771967161e-18, 4.34043339539e-18, 2.70799514485e-18, 3.37405834487e-18, 3.32044484026e-18, 9.26142929396e-18, 6.38833117359e-18, 9.10483573219e-18, 1.32792539786e-17, 6.41736314514e-18, 6.68917345365e-18, 1.20533665206e-17, 8.92212311541e-18, 1.59268978192e-17, 1.97772002319e-17, 1.92769131256e-17, 1.61291898011e-17, 2.35151996415e-17, 2.18369080813e-17, 1.33680609164e-17, 1.63054305568e-17, 1.279099656e-17, 1.37524749081e-17, 8.3544638026e-18, 5.19422937133e-18, 4.15421932307e-18, 1.54420206741e-18, 3.9914137383e-19, 3.46737181429e-20],
        "var": [5.84639980872e-09, 1.08955018732e-05, 0.015826093033, 0.383971601725, 3.25934767723, 76.4453277588, 43.7903442383, 333.548248291, 1555.47290039, 1547.43273926, 5240.21728516, 3616.84887695, 608.437805176, 9702.83203125, 23655.7617188, 39953.5625, 5458.69677734, 8078.90673828, 8493.14648438, 38099.1015625, 1327.76977539, 3011.88378906, 515.235717773, 250.701324463, 408.125335693, 31.8951892853, 28.998210907, 23.337305069, 1.74266397953, 0.081955127418, 0.0226492248476, 0.0134169384837, 0.00222958927043, 0.000690020155162, 0.000284520792775, 5.04325271322e-06, 5.6571455076e-08, 1.31242938739e-09, 1.23466251112e-10, 3.71298297663e-10]
    },
    "gfcc": {
        "mean": [-94.0102767944, 98.5062484741, -221.371948242, -3.4603266716, -62.4727973938, -14.926035881, -37.5606307983, -14.859087944, -16.8052482605, 5.92087364197, -4.03141593933, -6.30338335037, -2.26667141914],
        "cov": [[6172.23242188, 677.68762207, -25.733581543, -85.2313232422, -885.505432129, -432.340179443, -421.22467041, -535.804382324, -993.874267578, -1120.75891113, -516.262268066, -527.22052002, -25.5094413757], [677.68762207, 567.011962891, 237.149429321, 23.4027938843, -29.7439861298, -94.3168258667, -32.1383132935, -99.6047363281, -161.165206909, -178.894836426, -94.0493011475, -202.551757812, -54.7119369507], [-25.733581543, 237.149429321, 324.509185791, 50.2021255493, 15.1486873627, -20.9964599609, -40.2884368896, 13.9250106812, -87.7009887695, -50.1519165039, -62.3054771423, -76.3454818726, -71.5792999268], [-85.2313232422, 23.4027938843, 50.2021255493, 157.739028931, 46.5490341187, -6.05112934113, -27.9534168243, 1.49525594711, 22.4921913147, -9.47660827637, 3.8500392437, 40.8087158203, 28.1102638245], [-885.505432129, -29.7439861298, 15.1486873627, 46.5490341187, 264.672485352, 90.8987960815, 63.8188285828, 67.5989074707, 165.911193848, 203.254745483, 78.1475448608, 54.561000824, -11.4628267288], [-432.340179443, -94.3168258667, -20.9964599609, -6.05112934113, 90.8987960815, 144.170349121, 75.3523864746, 64.5418777466, 79.3330078125, 100.147109985, 48.8468971252, 11.1220722198, -9.34346008301], [-421.22467041, -32.1383132935, -40.2884368896, -27.9534168243, 63.8188285828, 75.3523864746, 171.4894104, 97.6904525757, 89.0018539429, 97.3743591309, 46.5711708069, 17.2147312164, -30.0185871124], [-535.804382324, -99.6047363281, 13.9250106812, 1.49525594711, 67.5989074707, 64.5418777466, 97.6904525757, 203.766693115, 138.278549194, 127.99029541, 49.5869827271, 29.9889621735, -50.5438232422], [-993.874267578, -161.165206909, -87.7009887695, 22.4921913147, 165.911193848, 79.3330078125, 89.0018539429, 138.278549194, 305.387634277, 262.47253418, 117.972038269, 98.5924377441, 6.11592578888], [-1120.75891113, -178.894836426, -50.1519165039, -9.47660827637, 203.254745483, 100.147109985, 97.3743591309, 127.99029541, 262.47253418, 359.547729492, 147.200332642, 84.7826461792, -23.7004356384], [-516.262268066, -94.0493011475, -62.3054771423, 3.8500392437, 78.1475448608, 48.8468971252, 46.5711708069, 49.5869827271, 117.972038269, 147.200332642, 132.47883606, 63.3006820679, 2.11573505402], [-527.22052002, -202.551757812, -76.3454818726, 40.8087158203, 54.561000824, 11.1220722198, 17.2147312164, 29.9889621735, 98.5924377441, 84.7826461792, 63.3006820679, 247.891082764, 82.0049057007], [-25.5094413757, -54.7119369507, -71.5792999268, 28.1102638245, -11.4628267288, -9.34346008301, -30.0185871124, -50.5438232422, 6.11592578888, -23.7004356384, 2.11573505402, 82.0049057007, 118.527069092]],
        "icov": [[0.000815801788121, -0.000913032505196, 0.00171315134503, -0.000636562821455, 0.00139857374597, -0.000320148363244, 0.00104967830703, -0.000213399209315, 0.00131374923512, 5.09221754328e-05, 0.00105938536581, 0.000117581061204, 0.00106667308137], [-0.000913032505196, 0.00735147856176, -0.00645590526983, 0.00110494019464, -0.00416537001729, 0.00486552855, -0.00507348589599, 0.00319266319275, -0.00319630326703, 0.0036879030522, -0.00349148898385, 0.00446328194812, -0.00302996509708], [0.00171315134503, -0.00645590526983, 0.0121805509552, -0.00371427903883, 0.00347520480864, -0.00357558042742, 0.00631579896435, -0.00424048164859, 0.00674877502024, -0.0037338049151, 0.00592594733462, -0.00276459543966, 0.00618309900165], [-0.000636562821455, 0.00110494019464, -0.00371427903883, 0.00968480203301, -0.00379633763805, 0.00107752205804, 0.000338722922606, -0.00027932447847, -0.00319028808735, 0.00347600085661, -0.00257623940706, -0.00061036797706, -0.0031545010861], [0.00139857374597, -0.00416537001729, 0.00347520480864, -0.00379633763805, 0.0125141590834, -0.00541036203504, 0.00246651726775, 0.000791991886217, 0.000888179289177, -0.00529748247936, 0.00375511217862, -0.00215052836575, 0.00343923387118], [-0.000320148363244, 0.00486552855, -0.00357558042742, 0.00107752205804, -0.00541036203504, 0.0147130675614, -0.00612111017108, 0.000189709331607, -0.000539958826266, 0.00201849266887, -0.00357704982162, 0.00463880365714, -0.00378472078592], [0.00104967830703, -0.00507348589599, 0.00631579896435, 0.000338722922606, 0.00246651726775, -0.00612111017108, 0.0139085706323, -0.00558471027762, 0.00289203389548, -0.00196377118118, 0.00243255239911, -0.00300894398242, 0.00401132926345], [-0.000213399209315, 0.00319266319275, -0.00424048164859, -0.00027932447847, 0.000791991886217, 0.000189709331607, -0.00558471027762, 0.0126058869064, -0.00633081886917, 0.00175374560058, -0.000451617524959, 0.000510659476276, 0.00331799429841], [0.00131374923512, -0.00319630326703, 0.00674877502024, -0.00319028808735, 0.000888179289177, -0.000539958826266, 0.00289203389548, -0.00633081886917, 0.0158829540014, -0.0077130519785, 0.00206763902679, -0.00103901466355, 3.58101642632e-05], [5.09221754328e-05, 0.0036879030522, -0.0037338049151, 0.00347600085661, -0.00529748247936, 0.00201849266887, -0.00196377118118, 0.00175374560058, -0.0077130519785, 0.014834121801, -0.00722121540457, 0.00203288020566, 0.000617947254796], [0.00105938536581, -0.00349148898385, 0.00592594733462, -0.00257623940706, 0.00375511217862, -0.00357704982162, 0.00243255239911, -0.000451617524959, 0.00206763902679, -0.00722121540457, 0.0182170402259, -0.00338467559777, 0.00377665390261], [0.000117581061204, 0.00446328194812, -0.00276459543966, -0.00061036797706, -0.00215052836575, 0.00463880365714, -0.00300894398242, 0.000510659476276, -0.00103901466355, 0.00203288020566, -0.00338467559777, 0.0103030633181, -0.00643367087469], [0.00106667308137, -0.00302996509708, 0.00618309900165, -0.0031545010861, 0.00343923387118, -0.00378472078592, 0.00401132926345, 0.00331799429841, 3.58101642632e-05, 0.000617947254796, 0.00377665390261, -0.00643367087469, 0.0187206100672]]
    },
    "melbands": {
        "dmean": [5.04095851284e-07, 7.53341328164e-06, 2.69043193839e-05, 6.04120541539e-05, 4.87715551571e-05, 0.000107744963316, 0.00012899824651, 0.000119965530757, 0.000155679474119, 5.23359922227e-05, 3.16561054206e-05, 5.00677524542e-05, 0.000126450628159, 0.000113243135274, 0.000100905090221, 3.10376854031e-05, 6.07290166954e-05, 1.70753264683e-05, 8.61595472088e-05, 4.95323874929e-05, 7.45250463297e-06, 1.61287534866e-05, 1.28007677631e-05, 3.77152832698e-06, 3.38311588166e-06, 4.0478585106e-06, 2.24511040869e-06, 1.05527885808e-06, 1.22192579965e-06, 1.05446508769e-06, 7.51051004499e-07, 2.26185349561e-07, 7.40895984563e-08, 3.88147398667e-08, 2.16968718547e-08, 1.95676488346e-08, 1.34226123549e-08, 1.04833359771e-08, 5.99262017786e-09, 5.16593168243e-09],
        "dmean2": [8.86039572379e-07, 1.12017287393e-05, 4.03544363508e-05, 8.57384584378e-05, 6.59381767036e-05, 0.000160369716468, 0.000198718538741, 0.000179569804459, 0.000240536886849, 7.69355465309e-05, 5.10248064529e-05, 6.55435142107e-05, 0.000182938325452, 0.000168718412169, 0.000155805086251, 4.5028013119e-05, 8.31523284432e-05, 2.46976978815e-05, 0.000121153781947, 8.07561882539e-05, 1.13369751489e-05, 2.5113709853e-05, 1.96559958567e-05, 5.86042051509e-06, 5.29234102942e-06, 6.2913381953e-06, 3.62302125723e-06, 1.60874128596e-06, 1.84376915513e-06, 1.63772494943e-06, 1.07573418973e-06, 3.28393838345e-07, 1.15402450263e-07, 5.99687979275e-08, 3.37929115801e-08, 3.0566535969e-08, 2.01503862485e-08, 1.58942103923e-08, 8.97838603464e-09, 8.00921196031e-09],
        "dvar": [5.12505782171e-13, 5.72435876478e-10, 2.78113287955e-09, 2.3642142466e-08, 1.22526078172e-08, 7.46499466686e-08, 1.01554171295e-07, 6.48501483624e-08, 1.3727853343e-07, 2.28271535008e-08, 3.74617048493e-09, 1.58120894156e-08, 4.80703903349e-08, 4.52510846571e-08, 4.70523247031e-08, 8.08985323175e-09, 9.23757692561e-09, 9.99175631122e-10, 4.26864161795e-08, 9.01866670233e-09, 2.91267399088e-10, 1.94457516756e-09, 4.56059412457e-10, 4.38949952775e-11, 4.89969939621e-11, 7.28990409704e-11, 2.00179491039e-11, 3.76756221707e-12, 4.99090482484e-12, 2.57165426107e-12, 1.80953125747e-12, 1.66438179428e-13, 1.62989755834e-14, 9.33500611609e-15, 3.32212293495e-15, 3.52201275787e-15, 1.29135435001e-15, 6.25318843997e-16, 1.50903088544e-16, 2.60351246448e-16],
        "dvar2": [1.52018534479e-12, 1.29401933613e-09, 6.12689454726e-09, 5.05583450661e-08, 2.16733866409e-08, 1.73008373849e-07, 2.77022309092e-07, 1.43990490642e-07, 3.19885572253e-07, 4.71756749221e-08, 9.72811609046e-09, 2.59745593922e-08, 1.07578024711e-07, 1.07824845941e-07, 1.18369186453e-07, 1.76819998643e-08, 1.93791063197e-08, 2.28193597351e-09, 7.01804694359e-08, 2.56829419953e-08, 6.40156871956e-10, 4.84246687193e-09, 1.11280018533e-09, 1.08079364902e-10, 1.2765082047e-10, 1.66207242414e-10, 4.91568417915e-11, 8.31447757865e-12, 1.19195790391e-11, 5.62009553479e-12, 3.15480129e-12, 3.36620596848e-13, 3.79786263202e-14, 2.44467972612e-14, 8.19790673605e-15, 8.4988033321e-15, 2.43834569845e-15, 1.3229103507e-15, 3.01336920835e-16, 5.75542423456e-16],
        "max": [1.16194833026e-05, 0.000429647276178, 0.000867649156135, 0.00234963162802, 0.00213450519368, 0.00492131011561, 0.00599002186209, 0.00442302459851, 0.00662842253223, 0.00383612187579, 0.00110948458314, 0.00362738710828, 0.00291953515261, 0.00472084712237, 0.00362416380085, 0.00229038950056, 0.00168823916465, 0.000688979867846, 0.00542011577636, 0.00131925172172, 0.000471136678243, 0.000848510360811, 0.000442152959295, 0.000155876987264, 0.000125275022583, 0.000250178243732, 9.32664770517e-05, 3.309163003e-05, 4.06079889217e-05, 2.86097274511e-05, 3.64329353033e-05, 6.51233904136e-06, 2.14568467527e-06, 2.68618782684e-06, 1.71598094312e-06, 1.44743751207e-06, 1.24796838463e-06, 8.19262879759e-07, 2.06849847473e-07, 4.1995230049e-07],
        "mean": [6.21950960067e-07, 1.62481355801e-05, 6.70175286359e-05, 0.000173111911863, 0.000145838159369, 0.000236286650761, 0.000287406088319, 0.000251890189247, 0.000320962775731, 0.000113665031677, 6.73677786835e-05, 0.000156427675392, 0.000307913258439, 0.000280185311567, 0.000212330793147, 6.55055773677e-05, 0.000155038025696, 4.69047408842e-05, 0.000202628172701, 9.66672669165e-05, 1.65350957104e-05, 3.34706091962e-05, 3.2665215258e-05, 9.65830167843e-06, 7.80136906542e-06, 1.05917360997e-05, 5.38275708095e-06, 2.66899246526e-06, 3.06282368001e-06, 2.28254407375e-06, 1.97782424038e-06, 5.9467237179e-07, 1.78598227762e-07, 8.76315056075e-08, 5.16651681437e-08, 4.49048584983e-08, 3.14781765098e-08, 2.29007319774e-08, 1.28733743665e-08, 1.0186600008e-08],
        "median": [4.0640077259e-07, 1.14244471661e-06, 6.70038207318e-06, 2.02717183129e-05, 8.98063808563e-06, 6.54129471513e-05, 8.33114318084e-05, 0.000103507998574, 3.31491610268e-05, 7.09806681698e-06, 1.88191461348e-05, 1.82496551133e-05, 9.40828031162e-05, 0.000108474341687, 6.63612154312e-05, 1.36315593409e-05, 8.31560464576e-05, 2.29617180594e-05, 6.08603586443e-05, 4.67563731945e-05, 4.12932331528e-06, 1.00142642623e-05, 1.66556565091e-05, 4.44888019047e-06, 2.41421139435e-06, 4.08809910368e-06, 2.37605354414e-06, 1.33203184305e-06, 1.36299729547e-06, 1.24808389046e-06, 8.25565621199e-07, 2.40858213374e-07, 9.49087706203e-08, 4.39384564288e-08, 2.36839454715e-08, 1.77007297708e-08, 1.25362316084e-08, 9.67079216707e-09, 5.58455681698e-09, 2.13706607965e-09],
        "min": [1.14791276061e-23, 1.01226252705e-23, 8.45464357298e-24, 3.90290786681e-24, 5.83511931337e-24, 4.09113520639e-24, 1.06401661448e-23, 1.42127144473e-23, 1.18444301587e-23, 1.00334674221e-23, 2.15540291584e-23, 9.9719362715e-24, 1.09981362352e-23, 6.83959996425e-24, 1.66131061636e-23, 1.79772028632e-23, 1.05979786525e-23, 1.37914690348e-23, 1.77127262007e-23, 1.43412530209e-23, 6.33612605757e-24, 6.66950893131e-24, 9.44841267605e-24, 8.37993765639e-24, 6.82997980551e-24, 1.09017390103e-23, 1.23503455899e-23, 1.28760977174e-23, 1.39356838523e-23, 7.63996167261e-24, 1.01622458094e-23, 1.46119395965e-23, 1.05031015625e-23, 1.32301100926e-23, 7.11287873676e-24, 8.85702416579e-24, 9.80058858313e-24, 7.27110845713e-24, 1.17039285094e-23, 1.11229498077e-23],
        "var": [6.04300572256e-13, 2.29330709978e-09, 1.19168790391e-08, 1.02329025253e-07, 8.02421951107e-08, 2.09639324567e-07, 2.79259268154e-07, 1.65364312465e-07, 5.28344116901e-07, 1.08736642801e-07, 1.51565053841e-08, 1.36209749257e-07, 2.25123855557e-07, 2.09790329109e-07, 1.41179981483e-07, 2.18337827818e-08, 3.75270197139e-08, 3.97845933975e-09, 2.56442007185e-07, 1.80248669324e-08, 9.7326025017e-10, 4.56869697629e-09, 2.05530392705e-09, 1.93351071265e-10, 1.73356801136e-10, 3.46812190077e-10, 7.17333831224e-11, 1.54461807927e-11, 1.88081286656e-11, 7.9761596633e-12, 1.05716251725e-11, 7.51473427756e-13, 5.91373196072e-14, 1.97606535491e-14, 7.47237642991e-15, 8.04148685574e-15, 4.16627342909e-15, 1.63310758027e-15, 4.36749192906e-16, 5.48166689178e-16]
    },
    "mfcc": {
        "mean": [-712.212463379, 127.052871704, -92.6950302124, 1.28341031075, -26.5401248932, -5.56890726089, -16.5709781647, -22.2375488281, -6.88535070419, -10.7898778915, -6.46043300629, 7.7033200264, 5.12070083618],
        "cov": [[5841.71972656, 562.151794434, 207.163894653, -17.5148983002, -587.44140625, -324.373199463, -58.4369888306, 12.0796451569, -781.384155273, -585.960327148, -727.033081055, -859.934631348, -724.460632324], [562.151794434, 558.713623047, 164.22102356, 59.5557289124, -18.0380363464, -34.7917861938, 54.1504859924, -44.9934806824, -141.687789917, 36.520362854, -43.5672073364, -183.938293457, -161.858901978], [207.163894653, 164.22102356, 259.435760498, 44.2485961914, 6.89122009277, -53.9253845215, 24.9796485901, 22.0523967743, -72.0653457642, 8.45178318024, -34.4476242065, -107.784484863, -59.0746269226], [-17.5148983002, 59.5557289124, 44.2485961914, 172.330352783, 57.0327415466, -0.38939884305, -33.8008155823, 2.34609937668, 12.4999771118, -25.6133289337, -25.3334217072, -2.03185725212, 13.03104496], [-587.44140625, -18.0380363464, 6.89122009277, 57.0327415466, 212.201538086, 62.0057487488, -19.6729850769, -32.9587593079, 61.2350616455, 65.0149383545, 56.9942970276, 61.6447372437, 56.7244758606], [-324.373199463, -34.7917861938, -53.9253845215, -0.38939884305, 62.0057487488, 127.977088928, 18.8677406311, -33.6642189026, 46.6818885803, 13.8848047256, 32.3326683044, 62.7989234924, 33.9418258667], [-58.4369888306, 54.1504859924, 24.9796485901, -33.8008155823, -19.6729850769, 18.8677406311, 141.630065918, 21.0016384125, -13.38352108, 56.0486412048, 41.1201286316, -9.30565357208, -28.4080619812], [12.0796451569, -44.9934806824, 22.0523967743, 2.34609937668, -32.9587593079, -33.6642189026, 21.0016384125, 140.555709839, 36.7321434021, -28.6843261719, -20.2112751007, 11.535867691, 13.5364437103], [-781.384155273, -141.687789917, -72.0653457642, 12.4999771118, 61.2350616455, 46.6818885803, -13.38352108, 36.7321434021, 220.62361145, 91.4662780762, 88.299079895, 153.374206543, 131.179779053], [-585.960327148, 36.520362854, 8.45178318024, -25.6133289337, 65.0149383545, 13.8848047256, 56.0486412048, -28.6843261719, 91.4662780762, 274.90725708, 186.866760254, 58.5014381409, 47.1752548218], [-727.033081055, -43.5672073364, -34.4476242065, -25.3334217072, 56.9942970276, 32.3326683044, 41.1201286316, -20.2112751007, 88.299079895, 186.866760254, 249.615509033, 141.272827148, 82.9242858887], [-859.934631348, -183.938293457, -107.784484863, -2.03185725212, 61.6447372437, 62.7989234924, -9.30565357208, 11.535867691, 153.374206543, 58.5014381409, 141.272827148, 288.277313232, 182.750595093], [-724.460632324, -161.858901978, -59.0746269226, 13.03104496, 56.7244758606, 33.9418258667, -28.4080619812, 13.5364437103, 131.179779053, 47.1752548218, 82.9242858887, 182.750595093, 226.29864502]],
