{
"lowlevel": {
    "average_loudness": 0.89799696207,
    "barkbands_crest": {
        "dmean": 2.38432955742,
        "dmean2": 3.84089064598,
        "dvar": 4.5935883522,
        "dvar2": 11.9314107895,
        "max": 25.1418857574,
        "mean": 11.4873666763,
        "median": 10.7461156845,
        "min": 3.34793710709,
        "var": 16.5500202179
    },
    "barkbands_flatness_db": {
        "dmean": 0.0229496993124,
        "dmean2": 0.0348615944386,
        "dvar": 0.000527140160557,
        "dvar2": 0.00114285736345,
        "max": 0.439733296633,
        "mean": 0.219217851758,
        "median": 0.210094153881,
        "min": 0.0693613141775,
        "var": 0.00289089442231
    },
    "barkbands_kurtosis": {
        "dmean": 4.59501886368,
        "dmean2": 7.13137149811,
        "dvar": 62.2784805298,
        "dvar2": 153.04649353,
        "max": 122.482437134,
        "mean": 10.8482751846,
        "median": 6.71266937256,
        "min": -1.83705282211,
        "var": 186.94128418
    },
    "barkbands_skewness": {
        "dmean": 0.54920822382,
        "dmean2": 0.829371631145,
        "dvar": 0.354509532452,
        "dvar2": 0.809395849705,
        "max": 9.32586479187,
        "mean": 2.34835767746,
        "median": 2.16861772537,
        "min": -2.19886374474,
        "var": 1.96804964542
    },
    "barkbands_spread": {
        "dmean": 2.34779262543,
        "dmean2": 3.44667029381,
        "dvar": 19.9827651978,
        "dvar2": 36.9499473572,
        "max": 86.5659484863,
        "mean": 9.32736778259,
        "median": 7.62422084808,
        "min": 0.586777210236,
        "var": 74.5803756714
    },
    "dissonance": {
        "dmean": 0.0299829132855,
        "dmean2": 0.0497465059161,
        "dvar": 0.000892926938832,
        "dvar2": 0.00215591466986,
        "max": 0.499466598034,
        "mean": 0.418784767389,
        "median": 0.425288617611,
        "min": 0.00285270251334,
        "var": 0.00203221943229
    },
    "dynamic_complexity": 2.50987958908,
    "erbbands_crest": {
        "dmean": 2.29407453537,
        "dmean2": 3.55416083336,
        "dvar": 4.83455562592,
        "dvar2": 11.7338209152,
        "max": 26.4951171875,
        "mean": 10.7829294205,
        "median": 9.90330696106,
        "min": 3.23186731339,
        "var": 16.5669670105
    },
    "erbbands_flatness_db": {
        "dmean": 0.01634648256,
        "dmean2": 0.0233745481819,
        "dvar": 0.000321916624671,
        "dvar2": 0.00066756666638,
        "max": 0.35801500082,
        "mean": 0.212347120047,
        "median": 0.206407293677,
        "min": 0.0988440290093,
        "var": 0.00197290768847
    },
    "erbbands_kurtosis": {
        "dmean": 1.30980300903,
        "dmean2": 2.00415611267,
        "dvar": 2.78733348846,
        "dvar2": 6.64547634125,
        "max": 22.1683044434,
        "mean": 2.24341201782,
        "median": 1.63107991219,
        "min": -1.74077892303,
        "var": 8.34782886505
    },
    "erbbands_skewness": {
        "dmean": 0.327144026756,
        "dmean2": 0.480150729418,
        "dvar": 0.111019022763,
        "dvar2": 0.23316526413,
        "max": 4.35068368912,
        "mean": 1.05067932606,
        "median": 1.03713488579,
        "min": -2.36207318306,
        "var": 0.528471887112
    },
    "erbbands_spread": {
        "dmean": 5.31578874588,
        "dmean2": 7.60502529144,
        "dvar": 55.8320579529,
        "dvar2": 120.814682007,
        "max": 119.46257782,
        "mean": 25.9819526672,
        "median": 22.9442882538,
        "min": 2.72167730331,
        "var": 219.217651367
    },
    "hfc": {
        "dmean": 3.43131446838,
        "dmean2": 4.64976215363,
        "dvar": 29.9174194336,
        "dvar2": 55.8896789551,
        "max": 113.125297546,
        "mean": 14.9826211929,
        "median": 10.4375963211,
        "min": 1.16820653268e-16,
        "var": 191.329650879
    },
    "melbands_crest": {
        "dmean": 3.09123110771,
        "dmean2": 5.03627872467,
        "dvar": 8.34779834747,
        "dvar2": 22.203245163,
        "max": 31.8208675385,
        "mean": 14.6576757431,
        "median": 13.8883228302,
        "min": 2.6778459549,
        "var": 27.0647411346
    },
    "melbands_flatness_db": {
        "dmean": 0.0247601252049,
        "dmean2": 0.0368128567934,
        "dvar": 0.000719720206689,
        "dvar2": 0.00143223837949,
        "max": 0.546309351921,
        "mean": 0.278391778469,
        "median": 0.266527175903,
        "min": 0.00515263294801,
        "var": 0.00445848563686
    },
    "melbands_kurtosis": {
        "dmean": 6.26565265656,
        "dmean2": 9.73582553864,
        "dvar": 85.9343185425,
        "dvar2": 209.942138672,
        "max": 119.867050171,
        "mean": 14.9140062332,
        "median": 10.0870370865,
        "min": -1.67542099953,
        "var": 270.639465332
    },
    "melbands_skewness": {
        "dmean": 0.61491215229,
        "dmean2": 0.941854655743,
        "dvar": 0.38953357935,
        "dvar2": 0.932429730892,
        "max": 8.42129802704,
        "mean": 2.56772112846,
        "median": 2.41558551788,
        "min": -1.60744953156,
        "var": 2.14261841774
    },
    "melbands_spread": {
        "dmean": 2.95714259148,
        "dmean2": 4.47688245773,
        "dvar": 62.6793060303,
        "dvar2": 123.6043396,
        "max": 170.06111145,
        "mean": 10.9317588806,
        "median": 9.06147766113,
        "min": 0.950708806515,
        "var": 121.431106567
    },
    "pitch_salience": {
        "dmean": 0.0600174553692,
        "dmean2": 0.0979090854526,
        "dvar": 0.00292017566971,
        "dvar2": 0.00718873459846,
        "max": 0.886274397373,
        "mean": 0.514194667339,
        "median": 0.519375681877,
        "min": 0.169735610485,
        "var": 0.00903111323714
    },
    "silence_rate_20dB": {
        "dmean": 0,
        "dmean2": 0,
        "dvar": 0,
        "dvar2": 0,
        "max": 1,
        "mean": 1,
        "median": 1,
        "min": 1,
        "var": 0
    },
    "silence_rate_30dB": {
        "dmean": 0,
        "dmean2": 0,
        "dvar": 0,
        "dvar2": 0,
        "max": 1,
        "mean": 1,
        "median": 1,
        "min": 1,
        "var": 0
    },
    "silence_rate_60dB": {
        "dmean": 0.00825167633593,
        "dmean2": 0.0159958712757,
        "dvar": 0.00818348769099,
        "dvar2": 0.0178037527949,
        "max": 1,
        "mean": 0.010824742727,
        "median": 0,
        "min": 0,
        "var": 0.0107074109837
    },
    "spectral_centroid": {
        "dmean": 126.090011597,
        "dmean2": 182.142303467,
        "dvar": 88929.625,
        "dvar2": 119496.257812,
        "max": 11153.3671875,
        "mean": 691.079345703,
        "median": 604.105957031,
        "min": 197.742553711,
        "var": 219004.421875
    },
    "spectral_complexity": {
        "dmean": 1.83393502235,
        "dmean2": 2.81320953369,
        "dvar": 3.07915663719,
        "dvar2": 5.83919239044,
        "max": 30,
        "mean": 12.5108251572,
        "median": 12,
        "min": 0,
        "var": 22.5107402802
    },
    "spectral_decrease": {
        "dmean": 1.76058834178e-09,
        "dmean2": 2.62756660874e-09,
        "dvar": 3.84395090634e-18,
        "dvar2": 8.93237767346e-18,
        "max": 9.15598154613e-30,
        "mean": -6.71782940387e-09,
        "median": -5.90961279912e-09,
        "min": -3.07180627601e-08,
        "var": 1.74796316343e-17
    },
    "spectral_energy": {
        "dmean": 0.00690488098189,
        "dmean2": 0.0102557297796,
        "dvar": 5.92945107201e-05,
        "dvar2": 0.000136963251862,
        "max": 0.118952207267,
        "mean": 0.0267136096954,
        "median": 0.0235090851784,
        "min": 1.05614089415e-20,
        "var": 0.0002798603673
    },
    "spectral_energyband_high": {
        "dmean": 0.000113735775813,
        "dmean2": 0.00015615488519,
        "dvar": 2.50494736065e-07,
        "dvar2": 4.54213306966e-07,
        "max": 0.0152722708881,
        "mean": 0.000271268218057,
        "median": 0.000104355574877,
        "min": 7.76630183603e-21,
        "var": 7.06352068391e-07
    },
    "spectral_energyband_low": {
        "dmean": 0.00179623544682,
        "dmean2": 0.00299103441648,
        "dvar": 1.11228055175e-05,
        "dvar2": 3.53152536263e-05,
        "max": 0.031623095274,
        "mean": 0.0031371335499,
        "median": 0.00140845077112,
        "min": 7.7427448843e-23,
        "var": 1.98011439352e-05
    },
    "spectral_energyband_middle_high": {
        "dmean": 0.00123814574908,
        "dmean2": 0.00162422540598,
        "dvar": 9.40403788263e-06,
        "dvar2": 1.80217120942e-05,
        "max": 0.0717753842473,
        "mean": 0.00394260510802,
        "median": 0.00154657522216,
        "min": 1.39756991057e-21,
        "var": 5.18143606314e-05
    },
    "spectral_energyband_middle_low": {
        "dmean": 0.00604479108006,
        "dmean2": 0.00911871809512,
        "dvar": 4.59558177681e-05,
        "dvar2": 0.000105430859549,
        "max": 0.116123884916,
        "mean": 0.0215495917946,
        "median": 0.0192508734763,
        "min": 2.86101624481e-22,
        "var": 0.000180573260877
    },
    "spectral_entropy": {
        "dmean": 0.196469843388,
        "dmean2": 0.289763092995,
        "dvar": 0.0500396452844,
        "dvar2": 0.102247066796,
        "max": 9.80248165131,
        "mean": 6.66861486435,
        "median": 6.71983337402,
        "min": 4.95463180542,
        "var": 0.275135278702
    },
    "spectral_flux": {
        "dmean": 0.0209388956428,
        "dmean2": 0.0332357361913,
        "dvar": 0.000390614528442,
        "dvar2": 0.000958517193794,
        "max": 0.263402819633,
        "mean": 0.0641136467457,
        "median": 0.0585110187531,
        "min": 1.02768717147e-10,
        "var": 0.00109719764441
    },
    "spectral_kurtosis": {
        "dmean": 4.00506687164,
        "dmean2": 6.58810424805,
        "dvar": 41.4963989258,
        "dvar2": 103.425094604,
        "max": 107.701789856,
        "mean": 11.801566124,
        "median": 8.4766702652,
        "min": -1.16003525257,
        "var": 123.34299469
    },
    "spectral_rms": {
        "dmean": 0.000667393789627,
        "dmean2": 0.000978704891168,
        "dvar": 4.33082590234e-07,
        "dvar2": 9.68584572547e-07,
        "max": 0.0107726939023,
        "mean": 0.00485170260072,
        "median": 0.00478912191465,
        "min": 3.20995530503e-12,
        "var": 2.52300333159e-06
    },
    "spectral_rolloff": {
        "dmean": 196.285430908,
        "dmean2": 314.442138672,
        "dvar": 475795.53125,
        "dvar2": 735375.9375,
        "max": 18561.6210938,
        "mean": 796.826782227,
        "median": 624.462890625,
        "min": 172.265625,
        "var": 938305.5
    },
    "spectral_skewness": {
        "dmean": 0.366999864578,
        "dmean2": 0.57921820879,
        "dvar": 0.2172511518,
        "dvar2": 0.506761133671,
        "max": 8.2446603775,
        "mean": 2.57241678238,
        "median": 2.37911939621,
        "min": 0.0422089137137,
        "var": 0.875199079514
    },
    "spectral_spread": {
        "dmean": 452166.1875,
        "dmean2": 651216,
        "dvar": 781702856704,
        "dvar2": 974075789312,
        "max": 39526180,
        "mean": 3780802.75,
        "median": 3724943,
        "min": 817184.0625,
        "var": 3.02391728538e+12
    },
    "spectral_strongpeak": {
        "dmean": 0.521525681019,
        "dmean2": 0.849500179291,
        "dvar": 0.487491190434,
        "dvar2": 1.12408781052,
        "max": 9.91622638702,
        "mean": 1.21790277958,
        "median": 0.829175949097,
        "min": 0,
        "var": 1.52023911476
    },
    "zerocrossingrate": {
        "dmean": 0.0063884514384,
        "dmean2": 0.00751620531082,
        "dvar": 0.000235665909713,
        "dvar2": 0.000259687600192,
        "max": 0.50244140625,
        "mean": 0.0365548990667,
        "median": 0.03271484375,
        "min": 0.00341796875,
        "var": 0.000735116598662
    },
    "barkbands": {
        "dmean": [4.25614615551e-07, 2.36895357375e-05, 0.000619842729066, 0.00229953508824, 0.00317806820385, 0.0013488685945, 0.000683179474436, 0.000888929294888, 0.00120499229524, 0.000339988531778, 0.00060184270842, 0.000419798219809, 0.000114704416774, 0.000107632775325, 0.000138224699185, 6.10818678979e-05, 6.72416936141e-05, 5.51498815184e-05, 4.61216150143e-05, 3.39893667842e-05, 3.60785961675e-05, 2.98111390293e-05, 1.12474590424e-05, 1.75675086211e-05, 1.90725204448e-05, 7.4242352639e-06, 2.37338468878e-07],
        "dmean2": [7.5197493743e-07, 4.09311178373e-05, 0.00105263921432, 0.00380806671456, 0.00484354887158, 0.00202626571991, 0.000973510439508, 0.00133389420807, 0.00163994648028, 0.000480719783809, 0.000790284655523, 0.000591753399931, 0.000163600445376, 0.000153799264808, 0.000201216040296, 9.04037297005e-05, 9.905101615e-05, 7.9254139564e-05, 6.76241834299e-05, 5.29250173713e-05, 5.6338194554e-05, 4.44109500677e-05, 1.5558071027e-05, 2.35533734667e-05, 2.79259838862e-05, 1.11140097943e-05, 4.17476684333e-07],
        "dvar": [9.57798402222e-13, 2.86038570607e-09, 1.25958979424e-06, 1.14157292046e-05, 2.35468705796e-05, 3.57923090633e-06, 1.62159210504e-06, 5.49606374989e-06, 7.62121999287e-06, 1.28800445509e-06, 4.53162238045e-06, 3.24052007272e-06, 1.45122186268e-07, 9.40344904166e-08, 3.0249827887e-07, 2.38392683372e-08, 2.74836384762e-08, 1.03171604593e-08, 8.78150263617e-09, 2.48637803679e-08, 2.81486531861e-08, 2.17884768006e-08, 4.68861705016e-09, 1.06384696608e-08, 4.87416107475e-09, 1.10583997515e-09, 1.58151324068e-12],
        "dvar2": [2.59331965624e-12, 7.32119920244e-09, 4.07251354773e-06, 3.12136253342e-05, 5.23091075593e-05, 8.89133207238e-06, 4.02631894758e-06, 1.37948154588e-05, 1.57968952408e-05, 2.91112064588e-06, 7.99915414973e-06, 5.18032311447e-06, 2.17669992253e-07, 1.73027771666e-07, 7.30160195417e-07, 4.7880011067e-08, 5.50163470336e-08, 1.95819414017e-08, 1.85464372748e-08, 6.5496060131e-08, 7.17532842032e-08, 4.51434232218e-08, 7.33526483998e-09, 1.82671868743e-08, 9.35946431468e-09, 2.03551686617e-09, 4.62070008991e-12],
        "max": [2.57198680629e-05, 0.000725390040316, 0.0121614029631, 0.0376336425543, 0.105695851147, 0.0231432486326, 0.0199908260256, 0.0475114546716, 0.0528554879129, 0.0339212939143, 0.0653397217393, 0.0511558242142, 0.00845445040613, 0.00668692030013, 0.0145443985239, 0.00332130887546, 0.00555153843015, 0.00229874858633, 0.00275528826751, 0.00520394416526, 0.00432662060484, 0.00463198591024, 0.00242723408155, 0.00426228763536, 0.00257160770707, 0.001392244827, 2.35335483012e-05],
        "mean": [3.82287794309e-07, 2.22053604375e-05, 0.000966687395703, 0.00392286805436, 0.00762185687199, 0.0032967326697, 0.00167924840935, 0.00173743767664, 0.00320830359124, 0.000687446969096, 0.00120845378842, 0.00082936452236, 0.000222628586926, 0.000221431182581, 0.000258112879237, 0.00011041318794, 0.000174866130692, 0.000139687414048, 0.000106361847429, 7.044179074e-05, 6.66749256197e-05, 4.73373802379e-05, 1.94783260667e-05, 3.47372588294e-05, 4.3940381147e-05, 1.62940850714e-05, 2.08953849778e-07],
        "median": [1.40768804613e-07, 6.69018572808e-06, 0.00043499210733, 0.00189329171553, 0.00481499638408, 0.00223909737542, 0.000886402209289, 0.000725424324628, 0.00107580982149, 7.88569595898e-05, 0.000179967551958, 0.000131465523737, 3.85834355257e-05, 4.81285678688e-05, 4.26099504693e-05, 3.37671881425e-05, 4.18311974499e-05, 4.34818502981e-05, 3.28554415319e-05, 2.47499810939e-05, 1.89144593605e-05, 1.30300786623e-05, 3.17375997838e-06, 9.03510135686e-06, 1.26859586089e-05, 4.71602197649e-06, 3.89626730879e-09],
        "min": [1.31629819739e-23, 1.68551018681e-23, 3.72263871381e-23, 2.03949053433e-23, 6.6864885312e-23, 2.70954535846e-23, 6.09244029752e-23, 6.12591324345e-23, 3.56537140375e-23, 3.43959699874e-23, 3.59659357175e-23, 2.06635740127e-22, 8.45400775109e-23, 6.58811946959e-23, 1.24424960609e-22, 1.20940530437e-22, 1.21322970204e-22, 1.860167336e-22, 1.79970487103e-22, 4.37417641659e-22, 4.62305660483e-22, 5.71094804727e-22, 6.50889562038e-22, 8.42873567691e-22, 1.49973590488e-21, 1.43649445334e-21, 2.35544243458e-21],
        "var": [7.65526964736e-13, 2.60374366512e-09, 1.89419074559e-06, 2.66008337348e-05, 7.3424038419e-05, 1.11266836029e-05, 4.8525685088e-06, 9.88123156276e-06, 3.53005234501e-05, 3.70407019545e-06, 1.4508885215e-05, 8.16155625216e-06, 4.60036204686e-07, 3.13651241868e-07, 6.97685209161e-07, 6.53948504237e-08, 2.16042906231e-07, 6.22799163352e-08, 4.51747901309e-08, 4.91027982719e-08, 3.60718708237e-08, 3.54501139554e-08, 1.70394134358e-08, 3.25558850989e-08, 1.5259804087e-08, 4.11735845418e-09, 1.30424208759e-12]
    },
    "erbbands": {
        "dmean": [0.000246698153205, 0.012300433591, 0.429081887007, 4.71592235565, 6.71375703812, 14.8386716843, 12.969912529, 10.381524086, 5.91856002808, 16.6838855743, 22.9789352417, 20.7615604401, 16.6585941315, 18.5926856995, 16.5434608459, 11.6865243912, 5.54410791397, 5.26678752899, 5.79326581955, 4.68543386459, 3.7124042511, 4.02482128143, 3.01469755173, 2.58704638481, 1.65828239918, 1.74225878716, 1.86970698833, 1.0253098011, 1.15825986862, 0.51008617878, 0.304657042027, 0.382612466812, 0.27715715766, 0.19146104157, 0.162718355656, 0.0532324537635, 0.00877585634589, 0.00103169376962, 2.58795826085e-05, 8.20972036308e-06],
        "dmean2": [0.000408749154303, 0.0208683051169, 0.72008907795, 7.78449344635, 11.0724668503, 22.7530345917, 19.6034202576, 14.9781389236, 8.57539176941, 24.0731239319, 34.5376853943, 29.5140953064, 20.999048233, 25.9183216095, 22.0185451508, 16.6472434998, 7.78991651535, 7.45745801926, 8.48673534393, 6.63879537582, 5.33228302002, 5.91441059113, 4.30495977402, 3.83450627327, 2.43443632126, 2.70479941368, 2.86608934402, 1.59568655491, 1.77662420273, 0.722551882267, 0.433319211006, 0.559606313705, 0.39475056529, 0.278279334307, 0.239173531532, 0.0788175612688, 0.0127296820283, 0.00167400343344, 4.19693860749e-05, 1.21537768791e-05],
        "dvar": [1.3672304533e-07, 0.000469453952974, 0.5470251441, 62.5062484741, 71.2905349731, 689.668151855, 454.956817627, 261.719268799, 152.089660645, 1216.49645996, 4417.48779297, 2582.58251953, 1235.90759277, 4344.64794922, 3482.86328125, 1761.63208008, 253.956298828, 202.524993896, 475.554626465, 245.455047607, 88.200012207, 97.8536682129, 34.4316101074, 22.1601200104, 14.2851581573, 76.7687225342, 47.1660842896, 31.4225978851, 40.7073745728, 9.38645553589, 3.61032867432, 5.80694913864, 2.44846940041, 0.445269048214, 0.360916465521, 0.051570057869, 0.00123949814588, 2.47407442657e-05, 1.3158563128e-08, 9.47303208099e-11],
        "dvar2": [3.81323019383e-07, 0.0012334327912, 1.74392795563, 188.343505859, 184.132156372, 1441.09484863, 1218.0032959, 566.685241699, 278.814361572, 3075.88012695, 11522.6113281, 5813.06787109, 1626.2713623, 9965.61523438, 5239.52197266, 3505.48876953, 403.65335083, 396.873443604, 1078.62304688, 562.118103027, 175.977508545, 196.210098267, 67.438369751, 48.5558662415, 29.5204620361, 189.025619507, 113.390106201, 79.6022567749, 91.618888855, 15.7660655975, 5.54824018478, 11.9939117432, 4.33406162262, 0.831585884094, 0.731423795223, 0.0868617221713, 0.00225720275193, 5.89730952925e-05, 3.1607914508e-08, 2.08668887725e-10],
        "max": [0.00365376053378, 0.276038438082, 7.70154857635, 84.7047729492, 165.431793213, 624.270446777, 387.063995361, 273.123413086, 254.102828979, 899.684631348, 1269.17419434, 1005.17102051, 991.794006348, 1352.03601074, 1987.86572266, 1049.82116699, 336.551727295, 356.714447021, 529.104370117, 469.603027344, 217.136291504, 314.259002686, 131.655731201, 106.81048584, 82.6754302979, 316.132659912, 141.019790649, 166.83996582, 203.056152344, 101.934509277, 70.5976638794, 106.587593079, 46.7298469543, 22.5352897644, 20.2565231323, 9.61179065704, 1.48421645164, 0.12894718349, 0.00310758594424, 0.000181032824912],
        "mean": [0.000433742970927, 0.0184954740107, 0.739719927311, 8.41701698303, 13.7611656189, 32.4658889771, 30.8858451843, 26.6086235046, 15.1055212021, 40.9531288147, 45.2481269836, 53.4229164124, 50.3872032166, 41.9796409607, 40.1621627808, 24.3445053101, 11.8271741867, 12.126200676, 11.5785856247, 9.86985015869, 7.34891653061, 10.537027359, 8.4673204422, 6.66461133957, 4.08862400055, 3.71477723122, 3.72185945511, 1.76044201851, 1.81728029251, 0.850283145905, 0.560661017895, 0.701916277409, 0.542250871658, 0.435660630465, 0.344920456409, 0.121500320733, 0.0193652641028, 0.00153988378588, 5.30510442331e-05, 3.29482136294e-05],
        "median": [0.000287210394163, 0.0115183545277, 0.408094763756, 3.98675918579, 10.7254524231, 17.469247818, 19.9111118317, 16.1945037842, 8.0150718689, 24.0976142883, 18.5452651978, 19.458366394, 12.2664461136, 8.51024055481, 6.80287647247, 4.8774561882, 2.94627857208, 2.73619127274, 1.60144436359, 2.36808514595, 2.28817987442, 2.66919112206, 2.87493753433, 2.19075846672, 1.57027411461, 1.20547676086, 1.04027557373, 0.626986205578, 0.548724889755, 0.168172210455, 0.105767346919, 0.167983219028, 0.146343231201, 0.14787966013, 0.0748005658388, 0.0309424214065, 0.00646406598389, 0.000410238979384, 2.63843649009e-05, 2.87250622932e-05],
        "min": [3.88021443694e-22, 4.86006980069e-21, 2.99446942692e-20, 8.36930163918e-20, 8.71994156214e-20, 3.27964394975e-19, 2.20569933385e-19, 1.95697452471e-19, 7.53777897465e-19, 8.24484572443e-19, 1.47819967198e-18, 9.89972342043e-19, 1.04745932666e-18, 1.22526231632e-18, 2.80423099168e-18, 8.71361652558e-18, 4.6161347615e-18, 3.25477455784e-18, 5.81938559493e-18, 5.7208415006e-18, 6.67373619547e-18, 7.13617813436e-18, 8.71528164016e-18, 1.31379334797e-17, 1.10631535724e-17, 1.80450095829e-17, 1.58236458264e-17, 1.98498581225e-17, 2.15354090198e-17, 1.98766786267e-17, 2.01044990566e-17, 1.93564597764e-17, 1.18428134859e-17, 1.42332918371e-17, 1.17839769561e-17, 5.05416535975e-18, 2.37585421156e-18, 1.33793444871e-18, 3.63394634412e-19, 3.05631862605e-20],
        "var": [1.97464814278e-07, 0.000535540166311, 0.860123276711, 129.748275757, 162.886077881, 1953.97045898, 1357.7935791, 973.261474609, 514.785217285, 2666.79443359, 6574.32275391, 8532.11132812, 10918.0566406, 12747.2402344, 17066.6679688, 4602.55029297, 867.697937012, 848.472595215, 1365.58129883, 606.702575684, 261.216033936, 696.308959961, 251.230361938, 114.774116516, 60.0884056091, 159.158294678, 81.2048416138, 35.1946220398, 54.9198684692, 26.1573925018, 13.9216985703, 15.6466369629, 6.62867069244, 1.3026548624, 1.163418293, 0.217283904552, 0.00497979111969, 4.42371601821e-05, 2.61146926306e-08, 4.85495088576e-10]
    },
    "gfcc": {
        "mean": [-43.2572631836, 117.092475891, -114.79964447, 2.00280952454, -80.6587982178, -15.2280759811, -54.5368347168, -0.969273149967, -44.7332115173, -12.9391174316, -28.8053646088, -12.5190944672, -13.186085701],
        "cov": [[4711.79882812, -1610.37561035, -564.246398926, -96.8811950684, -350.126983643, 139.123931885, -249.891860962, 471.748046875, -520.591064453, 276.866241455, -333.303985596, 140.476715088, 65.0429992676], [-1610.37561035, 1467.1517334, 26.6348342896, -128.290298462, 292.116424561, -39.1265068054, 257.238128662, -310.213623047, 285.00402832, -208.5493927, 238.667678833, -166.557662964, -36.7484397888], [-564.246398926, 26.6348342896, 557.799194336, 168.397445679, 25.4998130798, 12.9272899628, -40.7611808777, 14.5216207504, 35.010017395, -12.0290565491, -20.2501926422, 17.1587924957, -55.0415611267], [-96.8811950684, -128.290298462, 168.397445679, 400.167755127, -1.20150160789, -40.4794120789, -31.4692764282, 5.84439754486, 81.176109314, -15.6153450012, -12.7622566223, -2.28576207161, -35.3130302429], [-350.126983643, 292.116424561, 25.4998130798, -1.20150160789, 214.815612793, 24.283411026, 34.4159927368, -30.336643219, 34.2596473694, -30.1819896698, 25.3371582031, -52.0461120605, -17.991153717], [139.123931885, -39.1265068054, 12.9272899628, -40.4794120789, 24.283411026, 177.780181885, 74.4365997314, -30.2342071533, -44.9525184631, 29.7860412598, 6.89588689804, -5.03510856628, -32.5545578003], [-249.891860962, 257.238128662, -40.7611808777, -31.4692764282, 34.4159927368, 74.4365997314, 187.608612061, -89.5935134888, 34.2872581482, -23.419008255, 56.44373703, -33.7741737366, -38.6153640747], [471.748046875, -310.213623047, 14.5216207504, 5.84439754486, -30.336643219, -30.2342071533, -89.5935134888, 229.928695679, -63.6142616272, 28.6416568756, -88.787902832, 27.1909198761, 30.3134002686], [-520.591064453, 285.00402832, 35.010017395, 81.176109314, 34.2596473694, -44.9525184631, 34.2872581482, -63.6142616272, 183.312545776, -53.1603088379, 47.6998062134, -28.2475547791, -29.1084003448], [276.866241455, -208.5493927, -12.0290565491, -15.6153450012, -30.1819896698, 29.7860412598, -23.419008255, 28.6416568756, -53.1603088379, 130.24597168, -19.3242206573, -2.691852808, -10.3233566284], [-333.303985596, 238.667678833, -20.2501926422, -12.7622566223, 25.3371582031, 6.89588689804, 56.44373703, -88.787902832, 47.6998062134, -19.3242206573, 123.330696106, -18.2000465393, -25.2570037842], [140.476715088, -166.557662964, 17.1587924957, -2.28576207161, -52.0461120605, -5.03510856628, -33.7741737366, 27.1909198761, -28.2475547791, -2.691852808, -18.2000465393, 105.541664124, 8.00984954834], [65.0429992676, -36.7484397888, -55.0415611267, -35.3130302429, -17.991153717, -32.5545578003, -38.6153640747, 30.3134002686, -29.1084003448, -10.3233566284, -25.2570037842, 8.00984954834, 98.0185775757]],
        "icov": [[0.00064451713115, -0.000372527865693, 0.000923403538764, -0.000554038735572, 0.000898882804904, -0.000827699899673, 0.000760522205383, -0.000810820900369, 0.00137520569842, -0.000463352655061, 0.00101147568785, -0.000284566631308, 0.000835511193145], [-0.000372527865693, 0.00532644661143, -0.00193096883595, 0.00314995157532, -0.00448151165619, 0.00310320639983, -0.0040264618583, 0.00269050733186, -0.00467835459858, 0.00379401328973, -0.00432890886441, 0.0035134695936, -0.00230789044872], [0.000923403538764, -0.00193096883595, 0.00397705519572, -0.00235982751474, 0.00208202190697, -0.0024491942022, 0.00285184313543, -0.0017737703165, 0.00287790130824, -0.00124255463015, 0.00279865739867, -0.00169125467073, 0.00287032662891], [-0.000554038735572, 0.00314995157532, -0.00235982751474, 0.00531644327566, -0.00272042769939, 0.00254328222945, -0.00222392985597, 0.00187844736502, -0.00468942150474, 0.00233388040215, -0.00231445138343, 0.00226512365043, -0.000901180144865], [0.000898882804904, -0.00448151165619, 0.00208202190697, -0.00272042769939, 0.0101202698424, -0.00420914031565, 0.00410458305851, -0.00298334378749, 0.00451254379004, -0.00186655588914, 0.00385202676989, -0.000202412498766, 0.00306427897885], [-0.000827699899673, 0.00310320639983, -0.0024491942022, 0.00254328222945, -0.00420914031565, 0.0112382629886, -0.00656634056941, 0.00291263824329, -0.00106629997026, 0.000663021113724, -0.00236989604309, 0.00140252138954, -0.000246185343713], [0.000760522205383, -0.0040264618583, 0.00285184313543, -0.00222392985597, 0.00410458305851, -0.00656634056941, 0.0127724763006, -0.00094098149566, 0.0033885135781, -0.00105974008329, 0.0023517368827, -0.000875140714925, 0.00425353134051], [-0.000810820900369, 0.00269050733186, -0.0017737703165, 0.00187844736502, -0.00298334378749, 0.00291263824329, -0.00094098149566, 0.0088551454246, -0.00222674035467, 0.00169793097302, 0.000717983697541, 0.0014531831257, -0.00187823036686], [0.00137520569842, -0.00467835459858, 0.00287790130824, -0.00468942150474, 0.00451254379004, -0.00106629997026, 0.0033885135781, -0.00222674035467, 0.0148642957211, -0.00136148347519, 0.00355328130536, -0.00178034300916, 0.00508969603106], [-0.000463352655061, 0.00379401328973, -0.00124255463015, 0.00233388040215, -0.00186655588914, 0.000663021113724, -0.00105974008329, 0.00169793097302, -0.00136148347519, 0.0128680905327, -0.00317002087831, 0.00456527760252, 0.000569030700717], [0.00101147568785, -0.00432890886441, 0.00279865739867, -0.00231445138343, 0.00385202676989, -0.00236989604309, 0.0023517368827, 0.000717983697541, 0.00355328130536, -0.00317002087831, 0.0168159902096, -0.00288965343498, 0.00435850583017], [-0.000284566631308, 0.0035134695936, -0.00169125467073, 0.00226512365043, -0.000202412498766, 0.00140252138954, -0.000875140714925, 0.0014531831257, -0.00178034300916, 0.00456527760252, -0.00288965343498, 0.0142487818375, -0.000949961133301], [0.000835511193145, -0.00230789044872, 0.00287032662891, -0.000901180144865, 0.00306427897885, -0.000246185343713, 0.00425353134051, -0.00187823036686, 0.00508969603106, 0.000569030700717, 0.00435850583017, -0.000949961133301, 0.0155789861456]]
    },
    "melbands": {
        "dmean": [3.54775124833e-06, 0.000151355852722, 0.000856769562233, 0.000672351161484, 0.000516486354172, 0.000232728285482, 0.000101005571196, 0.000184144504601, 0.00020081353432, 0.000142384611536, 8.56999686221e-05, 7.37743321224e-05, 7.16232752893e-05, 4.47413040092e-05, 2.33598857449e-05, 1.19777041618e-05, 9.6601952464e-06, 8.92356820259e-06, 1.11468280011e-05, 3.60521426046e-06, 4.43871840616e-06, 4.55564941149e-06, 3.28449573317e-06, 2.95550603369e-06, 2.20088713832e-06, 1.77078004526e-06, 1.0042415397e-06, 1.25624478642e-06, 1.45619321756e-06, 6.62092134007e-07, 7.04524836692e-07, 7.83088751177e-07, 4.10639728443e-07, 2.5273124038e-07, 1.79968921543e-07, 2.19460659423e-07, 2.36973036749e-07, 2.31895484148e-07, 1.71003620153e-07, 1.76379529648e-07],
        "dmean2": [6.07788388152e-06, 0.00025643245317, 0.00141754420474, 0.00106023671106, 0.000772271014284, 0.00033793435432, 0.000146622725879, 0.000265808368567, 0.00030508756754, 0.000195512984646, 0.000106985367893, 0.000104961167381, 9.31118993321e-05, 5.8885620092e-05, 3.50564805558e-05, 1.67684156622e-05, 1.37104552778e-05, 1.3131828382e-05, 1.60035178851e-05, 5.21607717019e-06, 6.40624011794e-06, 6.79393770042e-06, 4.76645527669e-06, 4.24600011684e-06, 3.28721057485e-06, 2.67005384558e-06, 1.57060924266e-06, 1.96245423467e-06, 2.24888685807e-06, 1.0480742958e-06, 1.13312466965e-06, 1.22953997561e-06, 6.25241170837e-07, 3.51630546902e-07, 2.57279594962e-07, 3.16981839887e-07, 3.42192208791e-07, 3.31175755264e-07, 2.57965581341e-07, 2.64980968723e-07],
        "dvar": [5.97559848825e-11, 6.92488626441e-08, 1.48179856296e-06, 1.15001671475e-06, 6.35113792669e-07, 1.17274169043e-07, 3.54480711451e-08, 1.56577371513e-07, 3.98349811803e-07, 1.00823761784e-07, 3.37790417859e-08, 6.75478659673e-08, 6.62113848193e-08, 4.71815333469e-08, 4.07276390391e-09, 2.02365457724e-09, 6.76987021997e-10, 1.19927701103e-09, 2.6071769188e-09, 6.8256247876e-11, 1.33636518518e-10, 1.17316878434e-10, 6.15470868714e-11, 3.97780489103e-11, 1.88735815171e-11, 1.7735871799e-11, 1.6983010484e-11, 4.13475191585e-11, 2.59154503413e-11, 9.65306914263e-12, 1.61734219767e-11, 1.74243328099e-11, 5.64314176985e-12, 2.55600445323e-12, 1.26560448319e-12, 2.10201951331e-12, 1.86292799763e-12, 1.9635439108e-12, 4.83961883155e-13, 3.2246061832e-13],
        "dvar2": [1.5243983853e-10, 2.1976320852e-07, 4.24176323577e-06, 2.47239836426e-06, 1.59185401571e-06, 2.63960743041e-07, 7.43183079521e-08, 3.79039761356e-07, 1.03464242329e-06, 2.00950879048e-07, 4.4612079364e-08, 1.57011285751e-07, 1.19959594258e-07, 7.43703196804e-08, 8.97916230258e-09, 3.08200776011e-09, 1.32944300013e-09, 2.49626763704e-09, 6.24433527108e-09, 1.31208086063e-10, 2.71385164341e-10, 2.44465503396e-10, 1.17830106783e-10, 7.28656857074e-11, 4.17935824837e-11, 3.51930047604e-11, 4.73567990378e-11, 9.80774281234e-11, 6.3945994333e-11, 2.31952564794e-11, 4.31033576886e-11, 4.11098863284e-11, 1.14299828283e-11, 3.94691874669e-12, 2.2717630728e-12, 4.44433942773e-12, 3.62430268089e-12, 3.56178780046e-12, 1.03793286899e-12, 6.53923150438e-13],
        "max": [0.000105424704088, 0.00282793794759, 0.0130041809753, 0.0235999561846, 0.0141146732494, 0.00547695113346, 0.00332730077207, 0.0112183075398, 0.013232992962, 0.00654421234503, 0.00506857829168, 0.00585775217041, 0.00953873619437, 0.00590713182464, 0.00120803143363, 0.00110875815153, 0.000760088616516, 0.00108362839092, 0.00155400647782, 0.000188588906894, 0.000232620717725, 0.000288332084892, 0.000323671323713, 0.000183654585271, 9.98293617158e-05, 0.000111207722512, 0.000139474330354, 0.000236101986957, 9.95430455077e-05, 7.60764887673e-05, 0.000119344433188, 0.000127168459585, 7.11159736966e-05, 6.25173415756e-05, 3.77435244445e-05, 6.25806642347e-05, 5.70311385673e-05, 4.40965704911e-05, 1.78887530637e-05, 1.853431786e-05],
        "mean": [3.46994124811e-06, 0.000240197361563, 0.00157520803623, 0.00156336883083, 0.00124893523753, 0.000589489121921, 0.000262220215518, 0.000437295995653, 0.000376145791961, 0.000386363448342, 0.000254347949522, 0.000161334406585, 0.000157941831276, 8.85442277649e-05, 4.42532946181e-05, 2.41231737164e-05, 2.09499576158e-05, 1.70525254362e-05, 2.09723784792e-05, 7.19272429706e-06, 8.00972702564e-06, 1.02914636955e-05, 9.34245508688e-06, 7.2062612162e-06, 5.16989621246e-06, 3.87059071727e-06, 2.16272337639e-06, 2.44460011345e-06, 2.81311577055e-06, 1.13140993108e-06, 1.03112233774e-06, 1.18361117529e-06, 6.29674616448e-07, 4.10269706208e-07, 3.03137113633e-07, 3.61940465154e-07, 4.41793019945e-07, 4.10191034916e-07, 3.24480907921e-07, 3.75652632556e-07],
        "median": [1.16834098662e-06, 0.000119282194646, 0.00090764882043, 0.000973309041001, 0.000834167934954, 0.000373986200429, 0.000147876795381, 0.00025325405295, 0.000142851378769, 0.000126285347505, 5.45209404663e-05, 2.88276169158e-05, 2.63569254457e-05, 8.04534647614e-06, 1.01576588349e-05, 3.97881012759e-06, 4.34878438682e-06, 1.82152098205e-06, 3.13996633849e-06, 2.53377606896e-06, 2.037520062e-06, 2.53997950495e-06, 2.44766715696e-06, 1.92587776837e-06, 1.54380359163e-06, 1.21373216189e-06, 7.88022248344e-07, 6.62106231175e-07, 6.57812506688e-07, 3.5373824403e-07, 2.98077026173e-07, 3.31894227656e-07, 1.32516589701e-07, 6.05289045552e-08, 4.40851408712e-08, 7.35904279736e-08, 1.00758995814e-07, 9.08176360781e-08, 1.02351101816e-07, 1.11502089339e-07],
        "min": [5.0212728167e-24, 1.28832992286e-23, 1.22388519338e-23, 1.60004783624e-23, 9.13146808586e-24, 5.45508517785e-24, 1.14918156449e-23, 9.04444410624e-24, 1.12537595118e-23, 5.90900520905e-24, 5.04281384701e-24, 4.6413775207e-24, 5.09392177848e-24, 2.66162237401e-23, 1.35831229811e-23, 7.76014542038e-24, 5.88906083321e-24, 8.38641420442e-24, 1.01719322325e-23, 7.70352492891e-24, 7.12224567115e-24, 7.8355849776e-24, 5.69608139554e-24, 9.26712612914e-24, 1.11325336788e-23, 5.83097384932e-24, 1.37943515326e-23, 1.13531954289e-23, 1.12337563659e-23, 7.70262247203e-24, 1.27647783996e-23, 1.09560118518e-23, 1.32732789279e-23, 1.08760308223e-23, 1.21601654251e-23, 1.1611339905e-23, 1.153708995e-23, 7.65950333495e-24, 9.60946651846e-24, 1.28424693658e-23],
        "var": [5.58825381802e-11, 1.04867645234e-07, 3.21228208122e-06, 3.32478157361e-06, 2.0396923901e-06, 4.28474550063e-07, 1.14127580275e-07, 3.17023165053e-07, 5.36034292509e-07, 5.32579122137e-07, 2.95796724004e-07, 1.93049942254e-07, 2.39694486481e-07, 1.28085687834e-07, 1.21227543559e-08, 5.96800964203e-09, 2.6355690963e-09, 3.63159013972e-09, 5.81216985651e-09, 2.16423892696e-10, 3.5040076396e-10, 6.12441708459e-10, 6.00126559558e-10, 2.17933379676e-10, 8.62363652709e-11, 6.51274589814e-11, 2.92462720708e-11, 8.58691867611e-11, 5.10152996236e-11, 1.15054944738e-11, 1.59348940293e-11, 2.1328218705e-11, 1.00140902515e-11, 8.23147713186e-12, 4.31830612935e-12, 5.406442221e-12, 5.46596752235e-12, 5.21776545581e-12, 9.43066371523e-13, 9.70650426355e-13]
    },
    "mfcc": {
        "mean": [-693.798828125, 155.4581604, 2.74352836609, 9.6019077301, -16.0967330933, -25.8518772125, -11.0601205826, -15.119726181, -10.0751104355, -18.9503154755, -13.7242517471, -13.7846651077, -17.4882125854],
        "cov": [[4164.82226562, -1364.51147461, -507.106658936, -231.56463623, -198.184570312, -296.273620605, 231.243988037, -126.207977295, 208.94229126, -11.1034870148, -51.0733718872, -109.396774292, -125.642524719], [-1364.51147461, 1297.2980957, -102.385169983, -105.001434326, 34.9950637817, 154.817047119, 14.7592897415, 72.7569046021, -121.541656494, 59.9372062683, 59.8118667603, -13.5850839615, 67.9412612915], [-507.106658936, -102.385169983, 498.319580078, 138.528442383, 59.1966590881, 42.3021659851, -54.6074333191, 47.3419265747, -2.43223547935, -34.3777694702, 17.4448852539, 68.9351119995, 22.1441802979], [-231.56463623, -105.001434326, 138.528442383, 309.511016846, 89.2246322632, -9.93423557281, -90.197807312, 22.6280765533, 21.4523162842, 2.99400663376, -1.69873070717, 55.331993103, 5.31425857544], [-198.184570312, 34.9950637817, 59.1966590881, 89.2246322632, 212.008102417, -49.5382499695, -23.7405910492, 2.84564447403, 43.6042251587, -8.85208034515, -12.6133089066, 41.6806030273, -45.0075912476], [-296.273620605, 154.817047119, 42.3021659851, -9.93423557281, -49.5382499695, 303.880859375, 31.8521842957, 29.6237239838, -105.214485168, 78.0871810913, 31.0029220581, -47.1296920776, 106.61655426], [231.243988037, 14.7592897415, -54.6074333191, -90.197807312, -23.7405910492, 31.8521842957, 202.661773682, -17.6503791809, -0.627085030079, 20.3757839203, 13.6744918823, -32.5148887634, -7.51792573929], [-126.207977295, 72.7569046021, 47.3419265747, 22.6280765533, 2.84564447403, 29.6237239838, -17.6503791809, 150.115615845, -5.86574792862, -3.32052206993, 4.23043584824, 16.8543186188, 38.0899734497], [208.94229126, -121.541656494, -2.43223547935, 21.4523162842, 43.6042251587, -105.214485168, -0.627085030079, -5.86574792862, 162.991363525, -30.9125652313, -23.7034187317, 23.0237503052, -52.7293624878], [-11.1034870148, 59.9372062683, -34.3777694702, 2.99400663376, -8.85208034515, 78.0871810913, 20.3757839203, -3.32052206993, -30.9125652313, 168.741119385, 13.7010812759, -48.749797821, 37.5765342712], [-51.0733718872, 59.8118667603, 17.4448852539, -1.69873070717, -12.6133089066, 31.0029220581, 13.6744918823, 4.23043584824, -23.7034187317, 13.7010812759, 124.592796326, 16.7940826416, 4.53324747086], [-109.396774292, -13.5850839615, 68.9351119995, 55.331993103, 41.6806030273, -47.1296920776, -32.5148887634, 16.8543186188, 23.0237503052, -48.749797821, 16.7940826416, 124.525161743, -9.94937705994], [-125.642524719, 67.9412612915, 22.1441802979, 5.31425857544, -45.0075912476, 106.61655426, -7.51792573929, 38.0899734497, -52.7293624878, 37.5765342712, 4.53324747086, -9.94937705994, 144.047988892]],
