{
"lowlevel": {
    "average_loudness": 0.535779833794,
    "barkbands_crest": {
        "dmean": 2.22050499916,
        "dmean2": 3.49892282486,
        "dvar": 5.56812143326,
        "dvar2": 14.1348028183,
        "max": 26.4834632874,
        "mean": 14.0687198639,
        "median": 13.7642669678,
        "min": 3.84531283379,
        "var": 13.9383926392
    },
    "barkbands_flatness_db": {
        "dmean": 0.0371549166739,
        "dmean2": 0.0542035549879,
        "dvar": 0.00173997355159,
        "dvar2": 0.00309171644039,
        "max": 0.646400868893,
        "mean": 0.4011746943,
        "median": 0.412752449512,
        "min": 0.0334491170943,
        "var": 0.00911326892674
    },
    "barkbands_kurtosis": {
        "dmean": 22.867855072,
        "dmean2": 34.3759117126,
        "dvar": 1299.78527832,
        "dvar2": 3203.00732422,
        "max": 701.64050293,
        "mean": 43.7560386658,
        "median": 24.8027153015,
        "min": -1.03429734707,
        "var": 2900.59594727
    },
    "barkbands_skewness": {
        "dmean": 1.27402687073,
        "dmean2": 1.84678220749,
        "dvar": 2.33505320549,
        "dvar2": 5.33393383026,
        "max": 15.6299848557,
        "mean": 3.03639101982,
        "median": 2.36695098877,
        "min": -3.02585411072,
        "var": 7.9653377533
    },
    "barkbands_spread": {
        "dmean": 1.11281347275,
        "dmean2": 1.65305685997,
        "dvar": 9.10149669647,
        "dvar2": 19.417842865,
        "max": 76.7478713989,
        "mean": 2.31577420235,
        "median": 1.20111083984,
        "min": 0.054714165628,
        "var": 17.7730827332
    },
    "dissonance": {
        "dmean": 0.032560415566,
        "dmean2": 0.0518901832402,
        "dvar": 0.000907095323782,
        "dvar2": 0.00195684377104,
        "max": 0.496264129877,
        "mean": 0.367554098368,
        "median": 0.375169992447,
        "min": 0.157753005624,
        "var": 0.00412839604542
    },
    "dynamic_complexity": 5.36900806427,
    "erbbands_crest": {
        "dmean": 2.61451077461,
        "dmean2": 3.88667178154,
        "dvar": 7.95723962784,
        "dvar2": 17.1385974884,
        "max": 31.0247783661,
        "mean": 18.22590065,
        "median": 17.8497428894,
        "min": 3.01462435722,
        "var": 37.5455169678
    },
    "erbbands_flatness_db": {
        "dmean": 0.0297104679048,
        "dmean2": 0.0422520376742,
        "dvar": 0.00118388456758,
        "dvar2": 0.00202362146229,
        "max": 0.498588621616,
        "mean": 0.284512370825,
        "median": 0.285949409008,
        "min": 0.0549408644438,
        "var": 0.00693111261353
    },
    "erbbands_kurtosis": {
        "dmean": 12.4339427948,
        "dmean2": 19.6809177399,
        "dvar": 489.648529053,
        "dvar2": 1100.89807129,
        "max": 368.128723145,
        "mean": 31.98869133,
        "median": 18.9622306824,
        "min": -1.86648690701,
        "var": 1546.27746582
    },
    "erbbands_skewness": {
        "dmean": 0.914169847965,
        "dmean2": 1.3981243372,
        "dvar": 1.2916162014,
        "dvar2": 2.93970370293,
        "max": 14.3575963974,
        "mean": 3.83212041855,
        "median": 3.5384478569,
        "min": -1.28694856167,
        "var": 5.34289693832
    },
    "erbbands_spread": {
        "dmean": 6.49718379974,
        "dmean2": 10.1683635712,
        "dvar": 169.644210815,
        "dvar2": 361.158355713,
        "max": 172.50352478,
        "mean": 16.2965106964,
        "median": 8.33937644958,
        "min": 0.501368820667,
        "var": 396.856231689
    },
    "hfc": {
        "dmean": 2.85049629211,
        "dmean2": 3.95233416557,
        "dvar": 26.8283596039,
        "dvar2": 57.3637542725,
        "max": 67.0922164917,
        "mean": 6.34864616394,
        "median": 3.42857265472,
        "min": 1.15278444499e-16,
        "var": 71.8636932373
    },
    "melbands_crest": {
        "dmean": 2.98917722702,
        "dmean2": 4.43673658371,
        "dvar": 7.99396467209,
        "dvar2": 19.1541385651,
        "max": 33.3152618408,
        "mean": 22.1168880463,
        "median": 22.7824783325,
        "min": 2.0645403862,
        "var": 22.3545341492
    },
    "melbands_flatness_db": {
        "dmean": 0.040528960526,
        "dmean2": 0.0575230158865,
        "dvar": 0.00215970678255,
        "dvar2": 0.00371270999312,
        "max": 0.788429617882,
        "mean": 0.51961094141,
        "median": 0.530384361744,
        "min": 0.00421313196421,
        "var": 0.0117681343108
    },
    "melbands_kurtosis": {
        "dmean": 38.1987495422,
        "dmean2": 57.0762710571,
        "dvar": 3986.35302734,
        "dvar2": 9265.35058594,
        "max": 671.840270996,
        "mean": 72.7285308838,
        "median": 38.2365913391,
        "min": -1.25220692158,
        "var": 8476.99511719
    },
    "melbands_skewness": {
        "dmean": 1.37172019482,
        "dmean2": 2.046002388,
        "dvar": 3.55019235611,
        "dvar2": 8.38517093658,
        "max": 22.4665431976,
        "mean": 3.63661122322,
        "median": 2.71095466614,
        "min": -0.86826467514,
        "var": 10.0975780487
    },
    "melbands_spread": {
        "dmean": 0.935834228992,
        "dmean2": 1.33501791954,
        "dvar": 17.0476036072,
        "dvar2": 21.0186901093,
        "max": 144.537857056,
        "mean": 2.0455365181,
        "median": 0.926866710186,
        "min": 0.226944506168,
        "var": 42.566493988
    },
    "pitch_salience": {
        "dmean": 0.0775983929634,
        "dmean2": 0.115781284869,
        "dvar": 0.00588633446023,
        "dvar2": 0.0137332649902,
        "max": 0.911543130875,
        "mean": 0.329829007387,
        "median": 0.321913957596,
        "min": 0.0357071645558,
        "var": 0.02396883443
    },
    "silence_rate_20dB": {
        "dmean": 0.0041644978337,
        "dmean2": 0.00833333376795,
        "dvar": 0.00414700526744,
        "dvar2": 0.0103467581794,
        "max": 1,
        "mean": 0.991155028343,
        "median": 1,
        "min": 0,
        "var": 0.00876668933779
    },
    "silence_rate_30dB": {
        "dmean": 0.0801665782928,
        "dmean2": 0.160416662693,
        "dvar": 0.0737382099032,
        "dvar2": 0.152386829257,
        "max": 1,
        "mean": 0.879292428493,
        "median": 1,
        "min": 0,
        "var": 0.106138467789
    },
    "silence_rate_60dB": {
        "dmean": 0.063508592546,
        "dmean2": 0.127083331347,
        "dvar": 0.0594761185348,
        "dvar2": 0.132805719972,
        "max": 1,
        "mean": 0.13735692203,
        "median": 0,
        "min": 0,
        "var": 0.118489854038
    },
    "spectral_centroid": {
        "dmean": 64.5126419067,
        "dmean2": 91.0235366821,
        "dvar": 95354,
        "dvar2": 110458.289062,
        "max": 10612.3496094,
        "mean": 262.362518311,
        "median": 198.322235107,
        "min": 106.076080322,
        "var": 157886.734375
    },
    "spectral_complexity": {
        "dmean": 0.550754785538,
        "dmean2": 0.948958337307,
        "dvar": 0.585799515247,
        "dvar2": 1.17448246479,
        "max": 13,
        "mean": 3.41519260406,
        "median": 3,
        "min": 0,
        "var": 3.05966472626
    },
    "spectral_decrease": {
        "dmean": 6.4211773676e-09,
        "dmean2": 8.9700575856e-09,
        "dvar": 1.38042388782e-16,
        "dvar2": 2.99291945072e-16,
        "max": 5.86166107297e-29,
        "mean": -1.20085505984e-08,
        "median": -5.67121638539e-09,
        "min": -1.25154542729e-07,
        "var": 3.00108193665e-16
    },
    "spectral_energy": {
        "dmean": 0.0244890972972,
        "dmean2": 0.0341980196536,
        "dvar": 0.00200557126664,
        "dvar2": 0.00434786779806,
        "max": 0.478447049856,
        "mean": 0.045898757875,
        "median": 0.0217779427767,
        "min": 1.05680417345e-20,
        "var": 0.00437251199037
    },
    "spectral_energyband_high": {
        "dmean": 2.88122355414e-05,
        "dmean2": 4.71631683467e-05,
        "dvar": 4.24096668894e-08,
        "dvar2": 9.82423884466e-08,
        "max": 0.00497973430902,
        "mean": 2.65950729954e-05,
        "median": 1.79672133527e-06,
        "min": 7.45763018161e-21,
        "var": 3.7852682766e-08
    },
    "spectral_energyband_low": {
        "dmean": 0.0226162616163,
        "dmean2": 0.0319846048951,
        "dvar": 0.00178638659418,
        "dvar2": 0.00385982310399,
        "max": 0.459275841713,
        "mean": 0.0365994013846,
        "median": 0.0124628338963,
        "min": 3.73804422066e-23,
        "var": 0.00380028248765
    },
    "spectral_energyband_middle_high": {
        "dmean": 2.32844249695e-05,
        "dmean2": 3.05787580146e-05,
        "dvar": 4.55633353269e-09,
        "dvar2": 8.16696399397e-09,
        "max": 0.00183520512655,
        "mean": 6.79519143887e-05,
        "median": 2.42965161306e-05,
        "min": 1.42367123533e-21,
        "var": 2.17217106524e-08
    },
    "spectral_energyband_middle_low": {
        "dmean": 0.00483808293939,
        "dmean2": 0.00709243305027,
        "dvar": 0.00012429196795,
        "dvar2": 0.000269987765932,
        "max": 0.222054481506,
        "mean": 0.016038140282,
        "median": 0.00762428808957,
        "min": 2.53256258422e-22,
        "var": 0.000625633576419
    },
    "spectral_entropy": {
        "dmean": 0.360830873251,
        "dmean2": 0.531326234341,
        "dvar": 0.193456724286,
        "dvar2": 0.367210298777,
        "max": 9.81687736511,
        "mean": 5.09637737274,
        "median": 4.98474979401,
        "min": 2.95738053322,
        "var": 0.882645726204
    },
    "spectral_flux": {
        "dmean": 0.0487735383213,
        "dmean2": 0.076270416379,
        "dvar": 0.00503391912207,
        "dvar2": 0.0124731929973,
        "max": 0.544768750668,
        "mean": 0.0732242837548,
        "median": 0.0429260246456,
        "min": 1.02800983004e-10,
        "var": 0.00646413909271
    },
    "spectral_kurtosis": {
        "dmean": 14.8449411392,
        "dmean2": 22.9705371857,
        "dvar": 267.458343506,
        "dvar2": 528.34552002,
        "max": 206.7081604,
        "mean": 38.7082557678,
        "median": 26.9341163635,
        "min": -1.2116600275,
        "var": 1185.69763184
    },
    "spectral_rms": {
        "dmean": 0.00158178061247,
        "dmean2": 0.00201781699434,
        "dvar": 5.01287604493e-06,
        "dvar2": 1.01469004221e-05,
        "max": 0.0216050371528,
        "mean": 0.00542788393795,
        "median": 0.0046094218269,
        "min": 3.21096317937e-12,
        "var": 1.53174405568e-05
    },
    "spectral_rolloff": {
        "dmean": 57.492565155,
        "dmean2": 85.3025741577,
        "dvar": 272109.90625,
        "dvar2": 279918.78125,
        "max": 19358.3496094,
        "mean": 245.36505127,
        "median": 172.265625,
        "min": 86.1328125,
        "var": 719959.5
    },
    "spectral_skewness": {
        "dmean": 1.0083501339,
        "dmean2": 1.54380989075,
        "dvar": 0.967273414135,
        "dvar2": 1.77493584156,
        "max": 12.4857006073,
        "mean": 4.69021081924,
        "median": 4.25866889954,
        "min": 0.0349831134081,
        "var": 5.26676702499
    },
    "spectral_spread": {
        "dmean": 903965.125,
        "dmean2": 1432986.25,
        "dvar": 1.79159918182e+12,
        "dvar2": 2.9734773719e+12,
        "max": 41017412,
        "mean": 2981799.25,
        "median": 2571432.5,
        "min": 600042.125,
        "var": 4.42423417242e+12
    },
    "spectral_strongpeak": {
        "dmean": 0.238898709416,
        "dmean2": 0.360004931688,
        "dvar": 0.0989479571581,
        "dvar2": 0.224920645356,
        "max": 3.88605809212,
        "mean": 0.703800559044,
        "median": 0.566617369652,
        "min": 0,
        "var": 0.335158854723
    },
    "zerocrossingrate": {
        "dmean": 0.00292790820822,
        "dmean2": 0.00365168252029,
        "dvar": 0.000176798785105,
        "dvar2": 0.000170459301444,
        "max": 0.50244140625,
        "mean": 0.0114451395348,
        "median": 0.00830078125,
        "min": 0,
        "var": 0.000574573758058
    },
    "barkbands": {
        "dmean": [8.672203694e-05, 0.0118114352226, 0.0101285278797, 0.00354224420153, 0.00181670091115, 0.000129659631057, 8.85747576831e-05, 1.50877904161e-05, 6.87906185703e-06, 5.82323718845e-06, 4.9281761676e-06, 2.1655071123e-06, 1.01677164821e-06, 2.34407775679e-06, 2.28491512644e-06, 1.86528302493e-06, 3.61051479558e-06, 2.40518897954e-06, 2.2303975129e-06, 5.1616239034e-06, 3.10278619509e-06, 6.0912157096e-06, 8.90720457392e-06, 5.47074387214e-06, 5.22215532328e-06, 1.72927184394e-06, 9.58823562769e-08],
        "dmean2": [0.000141568118124, 0.0170282013714, 0.0147505169734, 0.00551725178957, 0.00246142945252, 0.000191863407963, 0.000138333198265, 2.16656007979e-05, 1.04999935502e-05, 7.47309513827e-06, 5.75965441385e-06, 3.06628112412e-06, 1.39458848025e-06, 3.47458922079e-06, 3.44736236002e-06, 2.72936472356e-06, 5.03263527207e-06, 4.08547339248e-06, 3.51758376382e-06, 8.84963719727e-06, 5.0443040891e-06, 1.02387029983e-05, 1.50953856064e-05, 9.11004917725e-06, 9.01780094864e-06, 2.77608774013e-06, 1.5576711121e-07],
        "dvar": [3.39281172046e-08, 0.000560933316592, 0.000397052703192, 8.45622635097e-05, 2.09336703847e-05, 1.60633419455e-07, 1.14561821363e-07, 3.1207985085e-09, 5.85846426926e-10, 5.08936282007e-10, 6.46776299185e-10, 6.58854359958e-11, 7.13069187031e-12, 7.18699821878e-11, 4.78782291591e-11, 3.02697172883e-11, 2.83213313912e-10, 3.04564540254e-10, 5.94611304638e-11, 1.94936067288e-09, 3.33389232887e-10, 3.17177373255e-09, 8.1253448414e-09, 1.38893341273e-09, 3.61025498385e-09, 1.93326937792e-10, 4.38046463252e-13],
        "dvar2": [8.14782694647e-08, 0.00122866081074, 0.000908059766516, 0.000200289679924, 3.47060231434e-05, 3.38841886105e-07, 1.87114380878e-07, 5.87600146318e-09, 1.36449651578e-09, 6.37451202934e-10, 6.73700206733e-10, 1.38097699942e-10, 1.12888396547e-11, 1.28939303679e-10, 1.14416212615e-10, 5.54079976345e-11, 5.50216150419e-10, 8.64373073117e-10, 1.41551839694e-10, 5.14858777834e-09, 7.88312026767e-10, 8.76687344942e-09, 2.15362554457e-08, 3.50855478004e-09, 9.89119985917e-09, 4.36960106986e-10, 8.66837688868e-13],
        "max": [0.00204605911858, 0.25433281064, 0.255762428045, 0.218350112438, 0.101117163897, 0.00978116411716, 0.0141430953518, 0.00164402660448, 0.000540858542081, 0.0011313300347, 0.00129965646192, 0.000250240904279, 7.48708407627e-05, 0.000251840712735, 0.000159892340889, 0.000178289468749, 0.000597096106503, 0.000542147899978, 0.000158065609867, 0.00127559760585, 0.000428579631262, 0.00131784833502, 0.00212055863813, 0.00107189023402, 0.00197119102813, 0.000480118440464, 1.51146377902e-05],
        "mean": [7.58785390644e-05, 0.0125436568633, 0.0171470921487, 0.00928732380271, 0.00614000391215, 0.000279782747384, 0.000278585008346, 3.72611284547e-05, 1.46332322402e-05, 1.73078660737e-05, 1.28817637233e-05, 4.76158584206e-06, 2.77027061202e-06, 5.54204507353e-06, 4.41060865342e-06, 4.3137783905e-06, 7.00658847563e-06, 2.79958430838e-06, 3.00578540191e-06, 4.71252269563e-06, 3.13524128615e-06, 5.31926525582e-06, 6.75144019624e-06, 4.44741090178e-06, 3.82707958124e-06, 1.59618684847e-06, 8.82323689666e-08],
        "median": [1.33826961246e-05, 0.00226766988635, 0.00530050415546, 0.00143200752791, 0.00142510025762, 7.30579631636e-05, 5.38042440894e-05, 6.31609327684e-06, 2.66090046352e-06, 2.42991973209e-06, 1.72791567365e-06, 1.21601613046e-06, 8.29344799058e-07, 6.2367666942e-07, 9.25669098706e-07, 9.73111696112e-07, 6.80360358274e-07, 5.32190711056e-07, 5.8811906456e-07, 5.92840024183e-07, 3.34647097588e-07, 3.14256340062e-07, 1.6454404772e-07, 8.80439472439e-08, 6.37688373217e-08, 3.36174750259e-08, 2.17439932726e-09],
        "min": [2.23864407076e-24, 1.31902923384e-23, 1.81796498151e-23, 1.63306592497e-23, 3.48948582457e-23, 4.53790658007e-23, 3.77354580129e-23, 1.00401561737e-23, 6.7755736466e-23, 5.65918400442e-23, 9.78044770205e-23, 6.78571587348e-23, 4.53532889817e-23, 8.14087793446e-23, 4.83223437034e-23, 1.59689958703e-22, 1.81040712605e-22, 1.82894270675e-22, 2.20107313442e-22, 2.85875316065e-22, 3.68328522004e-22, 5.39692284196e-22, 5.49078593009e-22, 8.62513200249e-22, 8.68358798396e-22, 1.69663225467e-21, 2.44622066005e-21],
        "var": [3.27092628538e-08, 0.000733838533051, 0.000920367252547, 0.000441507581854, 0.000122966812341, 4.29865224305e-07, 1.02974729543e-06, 1.14730491774e-08, 1.57643020859e-09, 4.68389727004e-09, 3.25987770111e-09, 1.8269423474e-10, 3.8276180836e-11, 3.14218095987e-10, 1.23919527417e-10, 1.59211963058e-10, 8.8506202367e-10, 1.97600796836e-10, 8.19545750708e-11, 1.38719136178e-09, 2.92603913321e-10, 2.0418640112e-09, 5.5841899993e-09, 1.10805031817e-09, 2.32403518652e-09, 2.12696790736e-10, 5.42109434599e-13]
    },
    "erbbands": {
        "dmean": [0.102088987827, 3.42258286476, 12.8114490509, 10.7581520081, 9.84399700165, 3.5843064785, 1.86626935005, 0.648531556129, 1.39969587326, 0.619903683662, 0.184616878629, 0.192031681538, 0.131951913238, 0.182637944818, 0.170512139797, 0.0814253017306, 0.0605717934668, 0.0850518345833, 0.10716266185, 0.138583347201, 0.105872221291, 0.180647775531, 0.147035449743, 0.0968546271324, 0.203152641654, 0.222765803337, 0.148826554418, 0.153681635857, 0.194389730692, 0.144029408693, 0.257042080164, 0.190911278129, 0.0701495036483, 0.0444567501545, 0.0462510772049, 0.00977954547852, 0.00311048678122, 0.000516129657626, 2.15836644202e-05, 2.68502917606e-05],
        "dmean2": [0.157788813114, 4.9035692215, 18.1350288391, 16.5044670105, 14.3235149384, 4.78615617752, 2.77914071083, 0.976785361767, 2.23598241806, 0.902150511742, 0.26849886775, 0.29518660903, 0.182163640857, 0.217900022864, 0.200087502599, 0.111895352602, 0.0826017409563, 0.122262701392, 0.161992043257, 0.197511538863, 0.151038378477, 0.256317436695, 0.238905400038, 0.153842657804, 0.33348351717, 0.385734379292, 0.244511574507, 0.253501355648, 0.321142047644, 0.247373208404, 0.432628273964, 0.324465870857, 0.11418312043, 0.0747161135077, 0.0813848078251, 0.0165323670954, 0.00494270538911, 0.0008553044172, 3.17411395372e-05, 3.73861839762e-05],
        "dvar": [0.0426872447133, 47.365814209, 634.605285645, 684.935058594, 681.130371094, 75.5969238281, 24.3671569824, 3.02945446968, 29.5985374451, 3.42851448059, 0.359538972378, 0.506472051144, 0.140145286918, 0.593892633915, 0.800739169121, 0.0929091647267, 0.0346723385155, 0.0922658964992, 0.109202831984, 0.192752674222, 0.133298322558, 0.940622746944, 0.994451642036, 0.0801409557462, 1.44299435616, 3.66762399673, 1.02650117874, 2.05128908157, 2.77745127678, 1.40765070915, 6.11075878143, 4.42761707306, 0.113500721753, 0.0803895965219, 0.503397524357, 0.00711790565401, 0.000531953992322, 1.85216031241e-05, 8.47009395955e-09, 2.39495157039e-09],
        "dvar2": [0.107154339552, 102.710586548, 1374.66992188, 1485.9140625, 1354.71875, 115.709518433, 53.7592887878, 6.56447553635, 52.7616386414, 5.04451799393, 0.732696890831, 1.21188354492, 0.267167389393, 0.54446130991, 0.854716539383, 0.190308436751, 0.0627360194921, 0.157302811742, 0.239848896861, 0.383914530277, 0.257424861193, 1.89703321457, 2.795814991, 0.217545092106, 3.62410235405, 9.94883537292, 2.73122906685, 5.69271183014, 7.22855377197, 3.48434305191, 16.2450370789, 11.8656225204, 0.245168313384, 0.211877197027, 1.37768280506, 0.0183914266527, 0.000890112423804, 4.33307832282e-05, 1.81735035909e-08, 5.1793662692e-09],
        "max": [2.08576869965, 75.2386169434, 255.678970337, 818.648742676, 581.624328613, 168.449066162, 87.7024688721, 40.343120575, 209.090072632, 67.9157180786, 13.3692922592, 15.849943161, 7.65376138687, 43.1112937927, 43.7908859253, 9.56935310364, 5.57103347778, 8.35377693176, 7.91424560547, 12.0705184937, 10.4657440186, 38.2930374146, 31.5678215027, 6.11030769348, 30.2923240662, 57.830909729, 25.0118160248, 40.7879867554, 50.1354866028, 26.6633548737, 60.1784172058, 65.5460586548, 8.23237037659, 7.0548787117, 23.8470573425, 2.26376056671, 0.789946079254, 0.140554144979, 0.00288659869693, 0.000520137313288],
        "mean": [0.0990687087178, 3.73005914688, 17.9873390198, 31.4425907135, 27.9412212372, 13.6796321869, 5.10312891006, 1.58089601994, 4.27511167526, 1.83469247818, 0.522521972656, 0.40165412426, 0.359196066856, 0.586126089096, 0.459020853043, 0.190169423819, 0.16951559484, 0.212613105774, 0.231300577521, 0.300839334726, 0.23417404294, 0.348268091679, 0.20203782618, 0.143538624048, 0.212717965245, 0.200442403555, 0.142781734467, 0.144675210118, 0.178869903088, 0.130924656987, 0.193120807409, 0.142942160368, 0.0594843029976, 0.0345017984509, 0.032615263015, 0.00776839023456, 0.003227050649, 0.000462231138954, 3.1485920772e-05, 5.02671282447e-05],
        "median": [0.0217800997198, 0.742104947567, 5.8152885437, 5.86513900757, 8.29898834229, 3.78228092194, 2.1409368515, 0.656457662582, 0.745595693588, 0.516795694828, 0.127041056752, 0.0848215669394, 0.0913352891803, 0.125206783414, 0.0741908699274, 0.0551660470665, 0.0499127991498, 0.0303448662162, 0.0565526559949, 0.0670960992575, 0.0500393807888, 0.0407009571791, 0.0362221971154, 0.0358188375831, 0.0309762414545, 0.025857783854, 0.017866179347, 0.0133297452703, 0.0120299179107, 0.0068427529186, 0.00430676527321, 0.00248797377571, 0.00112369726412, 0.000744428019971, 0.000462647440145, 0.000220227870159, 5.77339305892e-05, 8.0734198491e-06, 1.1549635019e-05, 2.41243760684e-05],
        "min": [5.33287036569e-22, 2.14744568851e-21, 1.61534980414e-20, 3.69130285392e-20, 5.75776707579e-20, 1.80450329508e-19, 2.26667210927e-19, 3.99930090544e-19, 5.16875231186e-19, 4.92318565245e-19, 3.87086069432e-19, 1.4838774397e-18, 1.47014748231e-18, 2.45232478445e-18, 5.31474462349e-18, 2.77236199742e-18, 2.41342248024e-18, 3.68733625147e-18, 2.83055436031e-18, 6.19371666856e-18, 8.1850125454e-18, 1.09594598651e-17, 9.03128696803e-18, 1.32276106115e-17, 1.03976214223e-17, 1.54261177133e-17, 1.66604515126e-17, 1.542222831e-17, 1.75746713779e-17, 1.64645139322e-17, 1.68749295193e-17, 2.09957001399e-17, 1.25713131057e-17, 8.74274651804e-18, 7.45917561995e-18, 5.45018138673e-18, 3.15708080519e-18, 1.23204674831e-18, 2.84659783848e-19, 3.57099137253e-20],
        "var": [0.042856734246, 62.8993225098, 1004.44378662, 5415.31835938, 2734.30737305, 645.980285645, 90.8513412476, 8.28828716278, 231.561782837, 28.9565925598, 1.28497564793, 1.26247954369, 0.506884038448, 6.70218420029, 3.88696265221, 0.270852118731, 0.148833274841, 0.523053586483, 0.338610619307, 0.80277633667, 0.535814166069, 2.76910710335, 0.815001726151, 0.0969647839665, 1.2244964838, 2.4716989994, 0.734338998795, 1.31377255917, 2.0203063488, 1.13503551483, 4.18335437775, 2.96959805489, 0.129984244704, 0.0596131235361, 0.320899009705, 0.00548411998898, 0.000876506383065, 1.83671127161e-05, 1.03145616492e-08, 5.22115106705e-09]
    },
    "gfcc": {
        "mean": [-209.192276001, 157.081588745, -35.2637901306, 53.804889679, -29.6401901245, 1.39398562908, -29.4399318695, -9.2370672226, -19.509469986, -13.2383966446, -14.3593263626, -10.6118650436, -6.80005407333],
        "cov": [[13214.7470703, -226.016784668, -356.433166504, 873.901916504, -373.507049561, 320.721832275, -38.025718689, 317.403533936, 175.290588379, 245.95703125, 198.961090088, 296.463684082, 11.7796926498], [-226.016784668, 1258.2701416, 88.20287323, -338.827941895, 189.920516968, -384.04498291, 63.1389770508, -228.017959595, 44.7439498901, -175.102264404, 28.3648757935, -151.333755493, 127.261413574], [-356.433166504, 88.20287323, 922.063171387, 87.1618881226, 206.352890015, -15.8185987473, -21.5731239319, -127.552505493, -114.117919922, -148.903945923, -86.0586929321, -168.256576538, -56.6504135132], [873.901916504, -338.827941895, 87.1618881226, 446.163787842, -10.5279045105, 124.816390991, 76.2094955444, 28.2975139618, 11.7160196304, -2.26121854782, 34.0348091125, -0.341422528028, -35.4470329285], [-373.507049561, 189.920516968, 206.352890015, -10.5279045105, 330.114685059, 21.7959594727, 3.60527324677, -80.5352935791, 15.8805427551, -111.015579224, -67.9953384399, -109.758750916, -19.4480552673], [320.721832275, -384.04498291, -15.8185987473, 124.816390991, 21.7959594727, 281.792175293, 16.7145118713, 77.2885742188, 28.4390697479, 46.1147460938, -30.8956794739, 10.2062511444, -55.1064147949], [-38.025718689, 63.1389770508, -21.5731239319, 76.2094955444, 3.60527324677, 16.7145118713, 217.336074829, 33.5918617249, 39.1117630005, -5.5741186142, 23.8053741455, -22.8697814941, -4.09263849258], [317.403533936, -228.017959595, -127.552505493, 28.2975139618, -80.5352935791, 77.2885742188, 33.5918617249, 205.898269653, 65.2790756226, 72.3534622192, 23.9932022095, 72.5229492188, -10.5976963043], [175.290588379, 44.7439498901, -114.117919922, 11.7160196304, 15.8805427551, 28.4390697479, 39.1117630005, 65.2790756226, 163.039321899, 23.3588123322, 1.83190989494, 17.1981811523, 3.06563830376], [245.95703125, -175.102264404, -148.903945923, -2.26121854782, -111.015579224, 46.1147460938, -5.5741186142, 72.3534622192, 23.3588123322, 196.183364868, 60.8161697388, 80.2535247803, 5.61232614517], [198.961090088, 28.3648757935, -86.0586929321, 34.0348091125, -67.9953384399, -30.8956794739, 23.8053741455, 23.9932022095, 1.83190989494, 60.8161697388, 133.92401123, 48.3920135498, 20.9756469727], [296.463684082, -151.333755493, -168.256576538, -0.341422528028, -109.758750916, 10.2062511444, -22.8697814941, 72.5229492188, 17.1981811523, 80.2535247803, 48.3920135498, 162.867462158, 34.3216705322], [11.7796926498, 127.261413574, -56.6504135132, -35.4470329285, -19.4480552673, -55.1064147949, -4.09263849258, -10.5976963043, 3.06563830376, 5.61232614517, 20.9756469727, 34.3216705322, 117.511154175]],
        "icov": [[0.000129872059915, -0.000418061768869, 2.45400824497e-05, -0.000514618819579, 0.00018109595112, -0.000345746375388, 0.000313030788675, -0.000330284179654, 0.000180450020707, -0.000178783855517, 0.00021472843946, -0.000302576896502, 0.000199154208531], [-0.000418061768869, 0.0050932476297, -0.000167196660186, 0.00387887889519, -0.00155059492681, 0.00400296226144, -0.0025076654274, 0.00337964552455, -0.00316494121216, 0.0020272503607, -0.00309724430554, 0.00304199266247, -0.00289635942318], [2.45400824497e-05, -0.000167196660186, 0.00167724734638, -0.000640933110844, -0.000618216989096, 0.000170530649484, 0.000301560852677, -0.0001870389533, 0.00115496269427, 0.000136396440212, 0.000514102575835, 0.000803018396255, 0.000402188452426], [-0.000514618819579, 0.00387887889519, -0.000640933110844, 0.00644030421972, -0.000782507937402, 0.00142786023207, -0.00299093592912, 0.00304426229559, -0.00257967622019, 0.00235929805785, -0.00369552150369, 0.0020871818997, -0.00180028926115], [0.00018109595112, -0.00155059492681, -0.000618216989096, -0.000782507937402, 0.00556073524058, -0.00243265344761, 0.000873422482982, 0.000239989938564, -0.000805410381872, 0.00103228236549, 0.00115693209227, 0.000623416097369, 0.00054171832744], [-0.000345746375388, 0.00400296226144, 0.000170530649484, 0.00142786023207, -0.00243265344761, 0.00888786092401, -0.00187648949213, 0.000871101103257, -0.002102448605, -0.000275713769952, -0.000148264254676, 0.0021995389834, -0.000556928745937], [0.000313030788675, -0.0025076654274, 0.000301560852677, -0.00299093592912, 0.000873422482982, -0.00187648949213, 0.00692875031382, -0.00276547390968, 0.000497456232551, -0.00055545399664, 0.000289855233859, 0.000223283670493, 0.00108060683124], [-0.000330284179654, 0.00337964552455, -0.0001870389533, 0.00304426229559, 0.000239989938564, 0.000871101103257, -0.00276547390968, 0.0103129819036, -0.00459183240309, 0.000767305493355, -0.00215572328307, -0.000373391318135, -0.000939856341574], [0.000180450020707, -0.00316494121216, 0.00115496269427, -0.00257967622019, -0.000805410381872, -0.002102448605, 0.000497456232551, -0.00459183240309, 0.0103548616171, -0.00190041167662, 0.002727876883, -0.00165961217135, 0.00149050238542], [-0.000178783855517, 0.0020272503607, 0.000136396440212, 0.00235929805785, 0.00103228236549, -0.000275713769952, -0.00055545399664, 0.000767305493355, -0.00190041167662, 0.00928657501936, -0.00420249346644, -0.000295877922326, -0.000866090413183], [0.00021472843946, -0.00309724430554, 0.000514102575835, -0.00369552150369, 0.00115693209227, -0.000148264254676, 0.000289855233859, -0.00215572328307, 0.002727876883, -0.00420249346644, 0.0128135634586, -0.00323096825741, 0.00118943594862], [-0.000302576896502, 0.00304199266247, 0.000803018396255, 0.0020871818997, 0.000623416097369, 0.0021995389834, 0.000223283670493, -0.000373391318135, -0.00165961217135, -0.000295877922326, -0.00323096825741, 0.0130198989064, -0.00430719414726], [0.000199154208531, -0.00289635942318, 0.000402188452426, -0.00180028926115, 0.00054171832744, -0.000556928745937, 0.00108060683124, -0.000939856341574, 0.00149050238542, -0.000866090413183, 0.00118943594862, -0.00430719414726, 0.0121069159359]]
    },
    "melbands": {
        "dmean": [0.00203118054196, 0.00616064434871, 0.00182883045636, 0.000487141805934, 6.80789380567e-05, 1.71944102476e-05, 1.98627003556e-05, 5.80636969971e-06, 1.14417719033e-06, 1.22105723221e-06, 6.82338850311e-07, 7.98236840183e-07, 6.6728244974e-07, 1.76849866307e-07, 3.15545150897e-07, 1.12990576895e-07, 1.59367701258e-07, 1.87037286992e-07, 1.85800658414e-07, 1.69152755802e-07, 1.28282437117e-07, 2.09156027609e-07, 1.65207950431e-07, 1.32946141207e-07, 7.0701659638e-08, 9.32186878799e-08, 2.52348911545e-07, 1.19269714105e-07, 8.69794050118e-08, 7.19132629001e-08, 1.10100472739e-07, 1.21531044783e-07, 9.80038521448e-08, 7.50123874127e-08, 1.29404256199e-07, 2.19746013386e-07, 7.59070530876e-08, 4.41455512146e-08, 5.17081737428e-08, 3.19137072324e-08],
        "dmean2": [0.00299798906781, 0.00868982076645, 0.00278541538864, 0.000667966611218, 0.000101376834209, 2.55327613559e-05, 3.15173456329e-05, 8.26900668471e-06, 1.66864799667e-06, 1.87021908005e-06, 9.23867332858e-07, 9.64463310993e-07, 7.80254936217e-07, 2.47090866878e-07, 4.36666653059e-07, 1.55593554041e-07, 2.32250300769e-07, 2.87163459234e-07, 2.79807977677e-07, 2.37543900994e-07, 1.83091287909e-07, 2.97111171221e-07, 2.40433962517e-07, 2.29160221465e-07, 1.11227357991e-07, 1.45515912209e-07, 4.29816282121e-07, 2.10550197721e-07, 1.47107670045e-07, 1.14355550807e-07, 1.85920086437e-07, 2.01932678578e-07, 1.6239008005e-07, 1.25403829543e-07, 2.18219909698e-07, 3.80910989861e-07, 1.25838667486e-07, 7.41146095606e-08, 8.98489105339e-08, 5.5319684833e-08],
        "dvar": [1.64067187143e-05, 0.000144992096466, 1.77563233592e-05, 1.50526079779e-06, 2.6887100546e-08, 2.38223107907e-09, 6.17275563997e-09, 3.08033515362e-10, 1.41023304145e-11, 2.10980313081e-11, 4.10478118509e-12, 1.1058362559e-11, 1.4337470447e-11, 4.69111023898e-13, 1.88480329434e-12, 1.19128678818e-13, 3.27356306125e-13, 4.44800690421e-13, 3.39592638949e-13, 2.93477265059e-13, 2.61800536762e-13, 1.79675523591e-12, 6.29918643288e-13, 1.04658263392e-12, 2.9772720205e-14, 1.08536802863e-13, 4.38289292012e-12, 1.15915870652e-12, 3.83284116251e-13, 1.6195916407e-13, 1.62782135861e-12, 1.22627038732e-12, 5.51203668212e-13, 4.3608159076e-13, 1.50616899595e-12, 8.9400344766e-12, 3.17484536924e-13, 5.60620512958e-14, 8.42323308542e-14, 6.27178430718e-14],
        "dvar2": [3.75588679162e-05, 0.000309225724777, 3.98902375309e-05, 2.57040778706e-06, 6.09226162851e-08, 5.06809394452e-09, 1.04278168322e-08, 4.8360510041e-10, 2.94226101816e-11, 4.930082384e-11, 7.70376470949e-12, 1.04950796317e-11, 1.46684938501e-11, 7.05841147249e-13, 3.648073163e-12, 1.74071681006e-13, 5.63905530344e-13, 9.5251204927e-13, 7.9053712361e-13, 5.21668483151e-13, 5.53813939153e-13, 3.60828923164e-12, 1.40437086873e-12, 2.98664478565e-12, 7.5759412849e-14, 2.49172129327e-13, 1.13335200599e-11, 3.27372504105e-12, 1.04780593924e-12, 3.79105736604e-13, 4.69515702359e-12, 3.25014798061e-12, 1.46784830384e-12, 1.07975878672e-12, 4.09105692031e-12, 2.44456208748e-11, 7.87773980163e-13, 1.15579786952e-13, 2.11638188528e-13, 1.72591230045e-13],
        "max": [0.0409042797983, 0.12860403955, 0.111981585622, 0.0249151065946, 0.00358948414214, 0.00116390618496, 0.00324434298091, 0.00053900340572, 8.00062989583e-05, 0.000105025428638, 4.52539861726e-05, 0.000189524958842, 0.000202299925149, 2.84401066892e-05, 4.38587085227e-05, 1.05873286884e-05, 1.45219864862e-05, 1.80508632184e-05, 1.13191190394e-05, 1.54391382239e-05, 1.63110580615e-05, 5.53410282009e-05, 1.97446188395e-05, 3.07217633235e-05, 2.47921002483e-06, 6.49988396617e-06, 5.35935942025e-05, 3.31000519509e-05, 1.38870154842e-05, 1.01788573375e-05, 3.76223761123e-05, 3.22546802636e-05, 1.86962897715e-05, 1.72660857061e-05, 3.01437903545e-05, 9.03498003026e-05, 1.66644495039e-05, 6.31899501968e-06, 5.0472053772e-06, 6.62433649268e-06],
        "mean": [0.0020899225492, 0.00832776259631, 0.00520203262568, 0.00160748499911, 0.000197377215954, 3.99318632844e-05, 6.14215023234e-05, 1.65245855897e-05, 3.02501553051e-06, 2.52550444202e-06, 1.86317367934e-06, 2.54744418271e-06, 1.76310652478e-06, 4.03361440249e-07, 7.39588699616e-07, 3.03199470864e-07, 3.8447069528e-07, 3.88913150573e-07, 3.55560558774e-07, 3.76506392286e-07, 2.49973794553e-07, 4.02826515256e-07, 2.61138239921e-07, 1.39746518357e-07, 1.08361092543e-07, 1.24354031072e-07, 2.20383128635e-07, 1.06912374065e-07, 8.23944503736e-08, 7.38541103829e-08, 9.65229389749e-08, 1.13258124657e-07, 8.2478585739e-08, 6.48425171335e-08, 9.75469944819e-08, 1.5323175262e-07, 6.08971717497e-08, 3.76106683575e-08, 4.0675249835e-08, 2.40792736861e-08],
        "median": [0.000388785032555, 0.00264497706667, 0.00159477558918, 0.000332478026394, 8.81864107214e-05, 1.39808962558e-05, 1.04479931906e-05, 3.7425058963e-06, 6.16673560216e-07, 3.6290472849e-07, 4.38901395228e-07, 4.72987039757e-07, 2.36742707216e-07, 8.5607446465e-08, 1.27984378651e-07, 5.07206081579e-08, 4.32310365284e-08, 6.88991832476e-08, 6.53424692132e-08, 8.37427194256e-08, 4.28008846143e-08, 3.91581949089e-08, 2.65004693745e-08, 2.65582951187e-08, 2.7434783334e-08, 2.03990460079e-08, 2.08034904858e-08, 1.38856606213e-08, 1.0017153329e-08, 8.24567791824e-09, 6.43278319501e-09, 6.821193832e-09, 4.12001455175e-09, 2.99836466766e-09, 2.3454291842e-09, 1.82738402188e-09, 1.24691035275e-09, 7.11381620278e-10, 6.26260210357e-10, 5.26129195766e-10],
        "min": [4.35628752829e-24, 6.32665341582e-24, 7.4154897243e-24, 8.08983090305e-24, 7.72327485053e-24, 9.0678716974e-24, 7.90791011198e-24, 4.39581143179e-24, 4.049866737e-24, 9.48911237673e-24, 6.94750114773e-24, 9.10066780067e-24, 1.57030762234e-23, 9.20022914666e-24, 5.30129674438e-24, 5.1354691102e-24, 7.48004852307e-24, 4.60902830713e-24, 5.83213899687e-24, 9.80221679204e-24, 1.00324111374e-23, 1.20718161592e-23, 8.45064562591e-24, 7.72073629614e-24, 1.16090277537e-23, 6.56664659686e-24, 9.42869115342e-24, 9.41909623823e-24, 9.5760748252e-24, 9.67542317875e-24, 9.11608293162e-24, 9.3487819103e-24, 9.88489099263e-24, 8.283855187e-24, 8.55542686451e-24, 1.01247220628e-23, 1.25695684577e-23, 8.04474198029e-24, 7.31333065936e-24, 7.61069966619e-24],
        "var": [2.0005112674e-05, 0.000221376118134, 0.000111079629278, 8.71504926181e-06, 1.1986784898e-07, 6.48968612182e-09, 5.36919664285e-08, 2.15914774948e-09, 4.87874740607e-11, 5.6905861967e-11, 1.50954977685e-11, 1.25674318174e-10, 7.02801636332e-11, 1.8935250503e-12, 6.00067521714e-12, 8.69818214851e-13, 1.70801393862e-12, 1.31710061694e-12, 8.6757711475e-13, 1.44335183996e-12, 7.19942822806e-13, 5.25986155672e-12, 1.34087207483e-12, 6.50463081835e-13, 4.76247561082e-14, 1.67029693028e-13, 3.24751510405e-12, 7.11060225457e-13, 2.59042841431e-13, 1.46269254304e-13, 9.38473149019e-13, 8.61939426083e-13, 3.95356653232e-13, 3.46888343787e-13, 9.91051533374e-13, 5.71138882716e-12, 2.52006288016e-13, 6.57344255525e-14, 6.93750341462e-14, 4.14678972313e-14]
    },
    "mfcc": {
        "mean": [-870.152404785, 173.49786377, 63.2312774658, 59.9696540833, 29.984539032, 18.5156764984, 5.78416490555, 5.6281709671, 0.220983758569, -2.15294861794, -7.13713407516, -6.33696317673, -0.966299235821],
        "cov": [[6152.29980469, 178.418930054, -78.0606307983, 477.161254883, -39.1709861755, 187.623626709, -77.6352310181, 243.980941772, 40.4503898621, 96.3067169189, 92.4732284546, 173.894058228, 171.501235962], [178.418930054, 1664.12084961, 140.292709351, 74.1615142822, 119.14427948, -111.062454224, -64.6621398926, -120.212516785, -6.97907209396, -86.8036727905, -71.8446655273, -114.291236877, -45.0163383484], [-78.0606307983, 140.292709351, 582.207092285, 162.120605469, 86.4008636475, 50.9960975647, 74.2588500977, -9.27523899078, -36.5736236572, 17.4138221741, -40.3565444946, -56.5311012268, -65.2499237061], [477.161254883, 74.1615142822, 162.120605469, 343.274627686, 19.0536499023, 65.4410324097, 61.4698410034, 41.008102417, -31.5209579468, 3.94381809235, 2.90023469925, 1.11763799191, 6.04586791992], [-39.1709861755, 119.14427948, 86.4008636475, 19.0536499023, 282.054199219, 72.55103302, -12.5437774658, 31.8463592529, 1.68175280094, 25.923915863, -22.8273468018, -65.642364502, -62.2190055847], [187.623626709, -111.062454224, 50.9960975647, 65.4410324097, 72.55103302, 214.41619873, 56.3461685181, 32.6829833984, 21.2327804565, 32.4646263123, 16.3497009277, 4.69572210312, -42.2337799072], [-77.6352310181, -64.6621398926, 74.2588500977, 61.4698410034, -12.5437774658, 56.3461685181, 172.464263916, 14.2623462677, -10.5437335968, 22.0333499908, -11.1999979019, 11.3737716675, -13.9652891159], [243.980941772, -120.212516785, -9.27523899078, 41.008102417, 31.8463592529, 32.6829833984, 14.2623462677, 175.824035645, 61.3647727966, 26.1250553131, 20.9954528809, 20.9478855133, 15.3043498993], [40.4503898621, -6.97907209396, -36.5736236572, -31.5209579468, 1.68175280094, 21.2327804565, -10.5437335968, 61.3647727966, 172.093536377, 16.3604545593, 18.4760379791, 38.0446243286, 10.4550123215], [96.3067169189, -86.8036727905, 17.4138221741, 3.94381809235, 25.923915863, 32.4646263123, 22.0333499908, 26.1250553131, 16.3604545593, 130.586639404, 20.9542579651, 4.14048433304, 5.14409446716], [92.4732284546, -71.8446655273, -40.3565444946, 2.90023469925, -22.8273468018, 16.3497009277, -11.1999979019, 20.9954528809, 18.4760379791, 20.9542579651, 143.704864502, 55.4548301697, -7.68575286865], [173.894058228, -114.291236877, -56.5311012268, 1.11763799191, -65.642364502, 4.69572210312, 11.3737716675, 20.9478855133, 38.0446243286, 4.14048433304, 55.4548301697, 141.317703247, 55.1216583252], [171.501235962, -45.0163383484, -65.2499237061, 6.04586791992, -62.2190055847, -42.2337799072, -13.9652891159, 15.3043498993, 10.4550123215, 5.14409446716, -7.68575286865, 55.1216583252, 128.258178711]],
