{
"lowlevel": {
    "average_loudness": 0.96088719368,
    "barkbands_crest": {
        "dmean": 2.05220413208,
        "dmean2": 3.32498550415,
        "dvar": 4.14863395691,
        "dvar2": 10.8352060318,
        "max": 22.9097290039,
        "mean": 9.77421855927,
        "median": 9.12549209595,
        "min": 3.22616100311,
        "var": 10.4075803757
    },
    "barkbands_flatness_db": {
        "dmean": 0.0170620903373,
        "dmean2": 0.0260103922337,
        "dvar": 0.0003240230144,
        "dvar2": 0.000723121804185,
        "max": 0.366993844509,
        "mean": 0.162774711847,
        "median": 0.159997388721,
        "min": 0.0437195301056,
        "var": 0.00137553550303
    },
    "barkbands_kurtosis": {
        "dmean": 2.02612137794,
        "dmean2": 3.35716032982,
        "dvar": 21.6278572083,
        "dvar2": 52.768989563,
        "max": 114.682754517,
        "mean": 2.89665460587,
        "median": 1.19687461853,
        "min": -1.5400172472,
        "var": 46.3233909607
    },
    "barkbands_skewness": {
        "dmean": 0.385107427835,
        "dmean2": 0.625228106976,
        "dvar": 0.235087528825,
        "dvar2": 0.563340306282,
        "max": 9.05065345764,
        "mean": 1.54358994961,
        "median": 1.38712787628,
        "min": -2.09337592125,
        "var": 0.699569702148
    },
    "barkbands_spread": {
        "dmean": 3.34858131409,
        "dmean2": 5.42773914337,
        "dvar": 12.8741455078,
        "dvar2": 30.6352367401,
        "max": 55.6242485046,
        "mean": 19.0665092468,
        "median": 18.9942111969,
        "min": 1.12412679195,
        "var": 45.4419136047
    },
    "dissonance": {
        "dmean": 0.0153550449759,
        "dmean2": 0.0247951932251,
        "dvar": 0.000383245234843,
        "dvar2": 0.000787220255006,
        "max": 0.499904483557,
        "mean": 0.465144276619,
        "median": 0.47150439024,
        "min": 0,
        "var": 0.000760451948736
    },
    "dynamic_complexity": 1.73899185658,
    "erbbands_crest": {
        "dmean": 1.71967542171,
        "dmean2": 2.75463819504,
        "dvar": 2.65790557861,
        "dvar2": 6.56899261475,
        "max": 19.6047229767,
        "mean": 7.67685699463,
        "median": 6.85587406158,
        "min": 2.89303064346,
        "var": 9.299036026
    },
    "erbbands_flatness_db": {
        "dmean": 0.013438154012,
        "dmean2": 0.0179732125252,
        "dvar": 0.000220788890147,
        "dvar2": 0.00035047592246,
        "max": 0.343093693256,
        "mean": 0.176411673427,
        "median": 0.176314741373,
        "min": 0.086004525423,
        "var": 0.00118015147746
    },
    "erbbands_kurtosis": {
        "dmean": 0.499128431082,
        "dmean2": 0.809215068817,
        "dvar": 0.466631889343,
        "dvar2": 1.1339110136,
        "max": 9.7502784729,
        "mean": -0.286335289478,
        "median": -0.570737838745,
        "min": -1.66360962391,
        "var": 1.15905034542
    },
    "erbbands_skewness": {
        "dmean": 0.261580049992,
        "dmean2": 0.41600677371,
        "dvar": 0.0620218627155,
        "dvar2": 0.158541560173,
        "max": 2.88245511055,
        "mean": -0.122516728938,
        "median": -0.221376746893,
        "min": -1.90893268585,
        "var": 0.436510384083
    },
    "erbbands_spread": {
        "dmean": 4.8886423111,
        "dmean2": 7.66460609436,
        "dvar": 26.5893363953,
        "dvar2": 58.6300849915,
        "max": 109.2318573,
        "mean": 34.0822944641,
        "median": 32.7611045837,
        "min": 6.08352184296,
        "var": 111.090156555
    },
    "hfc": {
        "dmean": 4.79168701172,
        "dmean2": 7.21114587784,
        "dvar": 49.5963859558,
        "dvar2": 111.194480896,
        "max": 80.4230804443,
        "mean": 21.7970523834,
        "median": 20.1950416565,
        "min": 1.22170129551e-16,
        "var": 146.153793335
    },
    "melbands_crest": {
        "dmean": 2.46508336067,
        "dmean2": 3.99573922157,
        "dvar": 5.53383588791,
        "dvar2": 13.6709289551,
        "max": 31.7913761139,
        "mean": 14.806851387,
        "median": 14.4929466248,
        "min": 3.80927824974,
        "var": 16.3695812225
    },
    "melbands_flatness_db": {
        "dmean": 0.0203424934298,
        "dmean2": 0.0303303003311,
        "dvar": 0.000563937646803,
        "dvar2": 0.00123011565302,
        "max": 0.491874873638,
        "mean": 0.244792118669,
        "median": 0.241677999496,
        "min": 0.00664154160768,
        "var": 0.00223796418868
    },
    "melbands_kurtosis": {
        "dmean": 4.33269929886,
        "dmean2": 7.18120574951,
        "dvar": 65.2518386841,
        "dvar2": 155.39503479,
        "max": 203.279403687,
        "mean": 9.93340682983,
        "median": 6.66865158081,
        "min": -1.32124078274,
        "var": 162.112060547
    },
    "melbands_skewness": {
        "dmean": 0.504652380943,
        "dmean2": 0.810135662556,
        "dvar": 0.366367548704,
        "dvar2": 0.907542824745,
        "max": 9.93293190002,
        "mean": 2.5838842392,
        "median": 2.43689990044,
        "min": 0.0749211758375,
        "var": 0.986100137234
    },
    "melbands_spread": {
        "dmean": 4.07215881348,
        "dmean2": 6.63641738892,
        "dvar": 26.9088134766,
        "dvar2": 52.4515075684,
        "max": 152.128631592,
        "mean": 18.5182037354,
        "median": 18.064863205,
        "min": 0.904804170132,
        "var": 67.7016372681
    },
    "pitch_salience": {
        "dmean": 0.0557400882244,
        "dmean2": 0.0909431576729,
        "dvar": 0.00282591232099,
        "dvar2": 0.0074785570614,
        "max": 0.924659490585,
        "mean": 0.510278820992,
        "median": 0.505578160286,
        "min": 0.193394973874,
        "var": 0.0072121815756
    },
    "silence_rate_20dB": {
        "dmean": 0,
        "dmean2": 0,
        "dvar": 0,
        "dvar2": 0,
        "max": 1,
        "mean": 1,
        "median": 1,
        "min": 1,
        "var": 0
    },
    "silence_rate_30dB": {
        "dmean": 0.0484536066651,
        "dmean2": 0.0969571918249,
        "dvar": 0.046105697751,
        "dvar2": 0.11127910018,
        "max": 1,
        "mean": 0.959814548492,
        "median": 1,
        "min": 0,
        "var": 0.0385702438653
    },
    "silence_rate_60dB": {
        "dmean": 0.00515463901684,
        "dmean2": 0.00979886576533,
        "dvar": 0.0051281042397,
        "dvar2": 0.0107342312112,
        "max": 1,
        "mean": 0.0149407526478,
        "median": 0,
        "min": 0,
        "var": 0.0147174829617
    },
    "spectral_centroid": {
        "dmean": 165.497406006,
        "dmean2": 266.837005615,
        "dvar": 82034.0703125,
        "dvar2": 121894.984375,
        "max": 11160.9326172,
        "mean": 1113.50756836,
        "median": 1102.59265137,
        "min": 200.394714355,
        "var": 157232.09375
    },
    "spectral_complexity": {
        "dmean": 2.50927829742,
        "dmean2": 3.79834961891,
        "dvar": 6.26643371582,
        "dvar2": 11.5535554886,
        "max": 48,
        "mean": 22.6017513275,
        "median": 23,
        "min": 0,
        "var": 53.4420547485
    },
    "spectral_decrease": {
        "dmean": 4.00004340761e-09,
        "dmean2": 6.62991039846e-09,
        "dvar": 5.47067048507e-17,
        "dvar2": 1.43682622359e-16,
        "max": 2.0163227441e-28,
        "mean": -1.16748086754e-08,
        "median": -1.03902291215e-08,
        "min": -7.15414145702e-08,
        "var": 6.55926564835e-17
    },
    "spectral_energy": {
        "dmean": 0.0154350269586,
        "dmean2": 0.0255275815725,
        "dvar": 0.00080517999595,
        "dvar2": 0.00211055879481,
        "max": 0.275854229927,
        "mean": 0.0460404790938,
        "median": 0.0410663336515,
        "min": 1.03201791642e-20,
        "var": 0.000983438221738
    },
    "spectral_energyband_high": {
        "dmean": 0.000123367921333,
        "dmean2": 0.000171781357494,
        "dvar": 8.28156458965e-08,
        "dvar2": 1.42586998209e-07,
        "max": 0.0036745951511,
        "mean": 0.00024532090174,
        "median": 0.000109926266305,
        "min": 7.46373790877e-21,
        "var": 1.66890430364e-07
    },
    "spectral_energyband_low": {
        "dmean": 0.0108127286658,
        "dmean2": 0.0178907755762,
        "dvar": 0.00057960889535,
        "dvar2": 0.00154648930766,
        "max": 0.23078289628,
        "mean": 0.0233901701868,
        "median": 0.0187064614147,
        "min": 9.30743660586e-23,
        "var": 0.000596491969191
    },
    "spectral_energyband_middle_high": {
        "dmean": 0.00148548651487,
        "dmean2": 0.00220582378097,
        "dvar": 3.33231810146e-06,
        "dvar2": 6.76234503771e-06,
        "max": 0.0264838859439,
        "mean": 0.00730142882094,
        "median": 0.00676249805838,
        "min": 1.2438921322e-21,
        "var": 1.97999615921e-05
    },
    "spectral_energyband_middle_low": {
        "dmean": 0.00684057082981,
        "dmean2": 0.0119678983465,
        "dvar": 0.000193189203856,
        "dvar2": 0.00053871475393,
        "max": 0.13312831521,
        "mean": 0.016162596643,
        "median": 0.0133912554011,
        "min": 3.5492737819e-22,
        "var": 0.000172805215698
    },
    "spectral_entropy": {
        "dmean": 0.121565058827,
        "dmean2": 0.168727144599,
        "dvar": 0.0220784712583,
        "dvar2": 0.0366298295557,
        "max": 9.78139686584,
        "mean": 7.17987728119,
        "median": 7.20860671997,
        "min": 5.65174341202,
        "var": 0.119219474494
    },
    "spectral_flux": {
        "dmean": 0.0314810760319,
        "dmean2": 0.0494664050639,
        "dvar": 0.0024857816752,
        "dvar2": 0.00470895599574,
        "max": 0.445300400257,
        "mean": 0.0855907872319,
        "median": 0.0666240379214,
        "min": 1.01588279455e-10,
        "var": 0.00385369849391
    },
    "spectral_kurtosis": {
        "dmean": 2.9652223587,
        "dmean2": 5.0601439476,
        "dvar": 11.2259874344,
        "dvar2": 29.8621120453,
        "max": 61.0606536865,
        "mean": 8.95408725739,
        "median": 8.29118537903,
        "min": -1.23279523849,
        "var": 26.0861129761
    },
    "spectral_rms": {
        "dmean": 0.000976281356998,
        "dmean2": 0.0015609631082,
        "dvar": 2.26086808652e-06,
        "dvar2": 5.6270728237e-06,
        "max": 0.01640506275,
        "mean": 0.00636258488521,
        "median": 0.00632966961712,
        "min": 3.17308484175e-12,
        "var": 4.43505314252e-06
    },
    "spectral_rolloff": {
        "dmean": 279.942596436,
        "dmean2": 472.066009521,
        "dvar": 303803.4375,
        "dvar2": 471036.625,
        "max": 19379.8828125,
        "mean": 1039.51330566,
        "median": 947.4609375,
        "min": 64.599609375,
        "var": 481469.84375
    },
    "spectral_skewness": {
        "dmean": 0.294644474983,
        "dmean2": 0.485160082579,
        "dvar": 0.081536591053,
        "dvar2": 0.209235131741,
        "max": 5.62419319153,
        "mean": 1.962464571,
        "median": 1.93406379223,
        "min": -0.020415848121,
        "var": 0.259883671999
    },
    "spectral_spread": {
        "dmean": 333036.59375,
        "dmean2": 444404.28125,
        "dvar": 650029957120,
        "dvar2": 444079079424,
        "max": 41050240,
        "mean": 3123204.25,
        "median": 2706062,
        "min": 1097663.75,
        "var": 2.44855786701e+12
    },
    "spectral_strongpeak": {
        "dmean": 0.213920980692,
        "dmean2": 0.372471213341,
        "dvar": 0.116309992969,
        "dvar2": 0.270930171013,
        "max": 5.29483985901,
        "mean": 0.513185918331,
        "median": 0.423390090466,
        "min": 0,
        "var": 0.187127262354
    },
    "zerocrossingrate": {
        "dmean": 0.0054153916426,
        "dmean2": 0.00677298242226,
        "dvar": 0.000146241116454,
        "dvar2": 0.000163017131854,
        "max": 0.51513671875,
        "mean": 0.0400229617953,
        "median": 0.0390625,
        "min": 0.00244140625,
        "var": 0.000258891814156
    },
    "barkbands": {
        "dmean": [0.000284385110717, 0.00758294621482, 0.00386552442797, 0.0017689462984, 0.00358511088416, 0.00215083966032, 0.00069918227382, 0.00048570742365, 0.000775668246206, 0.000202053197427, 0.000462432944914, 0.000373664108338, 0.000272771634627, 0.000331453571562, 0.00049466668861, 0.000418009643909, 0.00021466826729, 0.000152943990543, 0.000116675735626, 6.31135771982e-05, 3.29022550432e-05, 3.44358559232e-05, 1.70000566868e-05, 1.08388503577e-05, 7.28058739696e-06, 6.44116244075e-06, 1.61752939221e-06],
        "dmean2": [0.000439068389824, 0.0120218312368, 0.00694268383086, 0.00324985827319, 0.00631132815033, 0.00371527788229, 0.0011449494632, 0.000843155547045, 0.00109011435416, 0.000317194178933, 0.00067450205097, 0.000543041445781, 0.000440672010882, 0.000553533260245, 0.000784173898865, 0.000682580750436, 0.000348002504325, 0.000228794029681, 0.000185969824088, 0.000100662182376, 4.86218668811e-05, 5.06086580572e-05, 2.15942400246e-05, 1.38422092277e-05, 9.54794177233e-06, 9.83254449238e-06, 2.9718892165e-06],
        "dvar": [4.07058792007e-07, 0.000273581536021, 8.86014822754e-05, 1.64097418747e-05, 8.55558901094e-05, 6.49776711725e-06, 1.09238862933e-06, 2.01082980311e-06, 1.14188458156e-06, 9.38554265417e-08, 3.96595140728e-07, 2.16704918898e-07, 1.46815509083e-07, 1.69666350303e-07, 4.74121918614e-07, 3.36963580594e-07, 1.1080918938e-07, 4.9448846795e-08, 4.73249599509e-08, 1.4106613655e-08, 4.667847886e-09, 1.43023859422e-08, 2.41577335913e-09, 5.77175640615e-10, 2.94281238267e-10, 2.72024097692e-10, 4.50329565305e-11],
        "dvar2": [1.01829778032e-06, 0.000721619697288, 0.000257203006186, 4.74547487102e-05, 0.000239356581005, 2.09927839023e-05, 2.95486142932e-06, 5.77941364099e-06, 2.07431412491e-06, 2.16943959686e-07, 8.30182841582e-07, 4.58024430827e-07, 3.88858552469e-07, 4.99900693285e-07, 1.17243666864e-06, 8.1077661207e-07, 2.70665253765e-07, 1.00590689556e-07, 9.68592672734e-08, 3.69300110492e-08, 9.24203380492e-09, 3.01652960388e-08, 4.1471595047e-09, 9.37791955202e-10, 5.53924961455e-10, 6.58917698182e-10, 1.29099314572e-10],
        "max": [0.00885387323797, 0.169953137636, 0.0927173495293, 0.0456935986876, 0.0966029986739, 0.032371532172, 0.0111403958872, 0.0142036313191, 0.0189490430057, 0.0066701201722, 0.00987100414932, 0.00603397702798, 0.00447454862297, 0.0045845285058, 0.0103943627328, 0.00834421720356, 0.00497713917866, 0.00352166430093, 0.00287838466465, 0.00172628997825, 0.00103279924951, 0.00113323330879, 0.000726395577658, 0.000269482930889, 0.000208360244869, 0.000145621670526, 8.07506003184e-05],
        "mean": [0.000417436443968, 0.014556449838, 0.00740953721106, 0.00196067336947, 0.00532299512997, 0.00473717460409, 0.00148832495324, 0.000592258875258, 0.00193790649064, 0.000504377763718, 0.00106372323353, 0.000761804170907, 0.000687059364282, 0.0007239067927, 0.00124009838328, 0.00112540251575, 0.000528254138771, 0.000388863700209, 0.000284637557343, 0.000135453185067, 5.76962920604e-05, 4.62679854536e-05, 2.58979016508e-05, 2.08152905543e-05, 1.36622429636e-05, 8.78625723999e-06, 1.04794889921e-06],
        "median": [0.000181596144103, 0.0109917223454, 0.00588891096413, 0.000935676158406, 0.00333854625933, 0.00321513274685, 0.00102479977068, 0.000272446370218, 0.00136853777803, 0.000338527723216, 0.000656657328364, 0.00052787642926, 0.000480418617371, 0.000566589878872, 0.000835970102344, 0.000781999435276, 0.000351242197212, 0.000290696043521, 0.000177901558345, 7.20941607142e-05, 2.45783157879e-05, 6.06733192399e-06, 4.49179606221e-06, 9.82543588179e-06, 6.13580004938e-06, 3.10086488753e-06, 7.2567260645e-08],
        "min": [1.42037450988e-23, 2.15318700556e-23, 1.59813342859e-23, 9.38469574965e-23, 4.17683169088e-23, 3.39424948738e-23, 4.70205559712e-23, 7.09065037194e-23, 5.91179367457e-23, 3.09625096954e-23, 7.31404568288e-23, 6.03929884041e-23, 1.28109559504e-22, 4.88838422739e-23, 1.31809064714e-22, 8.13565062656e-23, 8.04585111873e-23, 2.38858448807e-22, 3.01034319655e-22, 1.48247954102e-22, 2.9000404996e-22, 4.30017091383e-22, 4.50306240456e-22, 9.34832030046e-22, 1.11873572714e-21, 1.8143308066e-21, 2.64934519922e-21],
        "var": [5.10657059749e-07, 0.000308111921186, 6.87112114974e-05, 1.14846752695e-05, 6.53439128655e-05, 2.06513304875e-05, 2.32559796132e-06, 1.38157065521e-06, 3.94041762775e-06, 3.46100705428e-07, 1.44988746342e-06, 5.62379568692e-07, 4.68370984663e-07, 4.00164935854e-07, 1.64270659297e-06, 1.23884490222e-06, 2.93750161973e-07, 1.54302341571e-07, 1.0576100351e-07, 2.96128046529e-08, 8.77987726966e-09, 2.02506598157e-08, 4.769867612e-09, 1.21307863754e-09, 5.32562882682e-10, 3.05825226254e-10, 2.56848344676e-11]
    },
    "erbbands": {
        "dmean": [0.218737661839, 1.79127860069, 4.2040977478, 5.37481021881, 8.83070373535, 13.839641571, 14.6364498138, 14.863158226, 6.71066904068, 15.5644369125, 10.2843475342, 12.6543731689, 15.2206602097, 11.4022836685, 11.7749843597, 12.5804014206, 14.6908540726, 9.22210979462, 16.0436439514, 31.6851139069, 24.6042919159, 11.9272508621, 8.20512676239, 7.50143766403, 3.91386628151, 3.11725926399, 1.81702697277, 0.990207910538, 1.26456582546, 0.870387732983, 0.448463171721, 0.270475625992, 0.161680594087, 0.108601905406, 0.0459375977516, 0.0179080422968, 0.0138837732375, 0.0050623845309, 0.000163597243954, 1.95296888705e-05],
        "dmean2": [0.309107065201, 2.98507547379, 7.54757881165, 9.82368469238, 16.2972927094, 24.016456604, 25.5489997864, 24.7126178741, 10.5495643616, 26.178565979, 17.0095653534, 18.5405693054, 21.700302124, 16.8054771423, 17.1570682526, 18.4618625641, 23.1764678955, 14.9014587402, 26.3490829468, 52.5149307251, 39.1513710022, 19.070142746, 12.3178853989, 11.4982938766, 6.16687393188, 5.02670717239, 2.64968395233, 1.48947751522, 1.90098547935, 1.29595708847, 0.562607169151, 0.336353302002, 0.221140190959, 0.14426907897, 0.064292319119, 0.0261908080429, 0.0211252812296, 0.00878357421607, 0.000290751748253, 3.21476327372e-05],
        "dvar": [0.23401619494, 15.8967866898, 102.571586609, 173.483032227, 672.912414551, 1058.96813965, 291.356170654, 325.024536133, 115.494300842, 825.28338623, 699.175598145, 287.788909912, 483.900054932, 316.705810547, 231.053024292, 247.461807251, 387.551605225, 115.43724823, 435.408355713, 2264.421875, 1430.09216309, 317.077606201, 140.973724365, 167.576400757, 36.1480827332, 41.6534919739, 12.495426178, 8.35490322113, 19.3973674774, 8.66679763794, 1.58714830875, 0.38738784194, 0.112952291965, 0.0683223381639, 0.0115552777424, 0.00145445216913, 0.00138957705349, 0.000284412555629, 4.04387407116e-07, 1.29323440845e-09],
        "dvar2": [0.548448622227, 44.1730766296, 295.933807373, 502.742370605, 1903.79101562, 2972.99633789, 903.729064941, 933.94152832, 286.667510986, 2290.93823242, 1968.58972168, 632.13482666, 910.912353516, 636.243591309, 494.048065186, 534.533447266, 1001.59924316, 292.85836792, 1195.94445801, 6087.90087891, 3331.39428711, 757.417236328, 294.037902832, 340.00994873, 76.7703094482, 114.840194702, 26.5990848541, 18.3329200745, 41.0689048767, 18.2028236389, 2.63836073875, 0.598717749119, 0.198425903916, 0.127186432481, 0.0225980244577, 0.00315043563023, 0.00343175395392, 0.000785265001468, 1.14392526029e-06, 3.38297656555e-09],
        "max": [5.93722248077, 39.9485740662, 105.70010376, 150.459335327, 269.324462891, 392.811767578, 211.650253296, 294.957824707, 107.966560364, 318.271087646, 293.08972168, 266.180786133, 361.285064697, 334.912536621, 217.787643433, 160.03302002, 244.126617432, 151.342178345, 246.322402954, 732.866882324, 572.177429199, 222.833084106, 183.059356689, 175.944580078, 77.8692932129, 101.809890747, 59.8905677795, 26.0066986084, 40.8198318481, 27.5523700714, 16.3676815033, 7.04527568817, 4.13843822479, 2.88249802589, 1.40676808357, 0.442299932241, 0.306682914495, 0.1447121948, 0.00836741086096, 0.000336801807862],
        "mean": [0.404090851545, 3.29161071777, 8.91426944733, 7.1758389473, 9.55281829834, 21.3635845184, 31.6938285828, 38.1736488342, 16.9395637512, 25.5770397186, 15.1493282318, 30.7206535339, 38.7306747437, 31.6761322021, 28.7813491821, 29.3631496429, 39.1464004517, 27.4408302307, 38.2594070435, 75.7606277466, 68.0466384888, 33.1640548706, 23.6928462982, 20.762512207, 9.50644779205, 6.53521251678, 3.38210582733, 1.59553444386, 1.72577345371, 1.17245447636, 0.692790746689, 0.480523049831, 0.31865927577, 0.191520854831, 0.0843395218253, 0.0297339111567, 0.0183204431087, 0.00412531709298, 0.000140062780702, 5.52493402211e-05],
        "median": [0.200535655022, 2.5942735672, 7.96697235107, 4.56076860428, 4.83816576004, 12.9382076263, 25.1223011017, 25.337474823, 12.3857326508, 15.2354440689, 9.12116336823, 22.3697280884, 24.8743591309, 20.2661304474, 22.488199234, 21.9688644409, 29.9291057587, 19.507352829, 31.2485733032, 49.9913444519, 43.0652770996, 23.5296592712, 18.0150413513, 14.5037794113, 7.29476070404, 3.49661946297, 1.67466723919, 0.440043449402, 0.21077722311, 0.147737666965, 0.127357974648, 0.179503440857, 0.164323523641, 0.0775453969836, 0.0425089411438, 0.014333830215, 0.00597830023617, 0.000850002164952, 4.08327032346e-05, 4.82050745632e-05],
        "min": [4.36727483031e-22, 5.77760091202e-21, 1.64294128589e-20, 1.88659425003e-19, 2.29060968222e-19, 1.13387178333e-19, 2.04190619883e-19, 2.92867561024e-19, 4.42176841066e-19, 1.42690940752e-18, 1.52825629995e-18, 1.14177869941e-18, 1.02264246072e-18, 1.93836252149e-18, 2.3834342879e-18, 2.55296081854e-18, 5.44360571445e-18, 3.0762458206e-18, 4.66791047758e-18, 6.71071861348e-18, 4.96776799913e-18, 5.55142663934e-18, 1.21587046629e-17, 1.34087631656e-17, 1.51392994533e-17, 6.55505356195e-18, 8.3083294583e-18, 1.41164376863e-17, 1.85761372912e-17, 1.42665395347e-17, 1.16091655685e-17, 1.78185424205e-17, 1.55408046509e-17, 1.285547198e-17, 7.91927415617e-18, 7.09685314086e-18, 3.48238612469e-18, 1.37986661211e-18, 3.49768255537e-19, 3.74682056707e-20],
        "var": [0.357450813055, 14.8276576996, 80.5263748169, 116.433547974, 433.164916992, 933.481933594, 615.842529297, 1460.66027832, 235.522201538, 990.011779785, 538.18145752, 772.069213867, 1794.08190918, 1322.13024902, 641.287719727, 682.519775391, 1280.34106445, 577.828674316, 1043.16931152, 7073.4765625, 5223.25292969, 979.12097168, 518.144897461, 449.530303955, 81.7258834839, 76.9245223999, 23.3885154724, 13.3557281494, 27.7875289917, 12.5748338699, 3.2745859623, 0.87629956007, 0.222147479653, 0.11793383956, 0.0199794750661, 0.00228691590019, 0.0015395154478, 0.000191720726434, 2.46815289984e-07, 1.50118273368e-09]
    },
    "gfcc": {
        "mean": [10.3501396179, 135.929641724, -123.017105103, 25.443944931, -31.3017101288, 6.1885471344, -42.824848175, 15.2266540527, -22.4157466888, 0.289214789867, -9.54454994202, -1.85236597061, -0.504157543182],
        "cov": [[3301.22558594, -52.9361305237, -364.4034729, 46.2885513306, 296.219238281, 230.705535889, 45.2617263794, 58.9431228638, -189.22605896, 15.6251754761, -47.4976387024, 131.279769897, -76.0065917969], [-52.9361305237, 854.145446777, -399.435119629, -146.927032471, 391.086578369, -39.6384544373, 72.6868972778, 37.6349601746, 41.0045127869, -132.043121338, 163.002532959, -103.853134155, 166.570480347], [-364.4034729, -399.435119629, 668.957946777, 154.39050293, -178.066207886, 25.5465393066, -17.6260433197, 1.47883057594, 65.8732452393, 124.849136353, -78.3318862915, 67.9695053101, -114.987983704], [46.2885513306, -146.927032471, 154.39050293, 209.148269653, -65.4799804688, 44.3304290771, 28.0194625854, 4.45254802704, 15.3233613968, 40.6027183533, -7.8498468399, 2.20304346085, 8.01034545898], [296.219238281, 391.086578369, -178.066207886, -65.4799804688, 486.219268799, -3.33446455002, 76.9333343506, 98.1307449341, -40.407119751, -30.6731777191, 99.0854568481, -7.64595651627, 77.231010437], [230.705535889, -39.6384544373, 25.5465393066, 44.3304290771, -3.33446455002, 149.756942749, 10.8483085632, 10.5433301926, 2.09363389015, 15.1810083389, 5.92685604095, 18.825553894, -0.0520026534796], [45.2617263794, 72.6868972778, -17.6260433197, 28.0194625854, 76.9333343506, 10.8483085632, 105.999862671, 33.6601371765, 10.0268764496, 0.0576147213578, 18.1840419769, -8.50656032562, 19.9642009735], [58.9431228638, 37.6349601746, 1.47883057594, 4.45254802704, 98.1307449341, 10.5433301926, 33.6601371765, 99.0360031128, -4.14736843109, 11.6783103943, 25.1572608948, 9.43449497223, 13.460103035], [-189.22605896, 41.0045127869, 65.8732452393, 15.3233613968, -40.407119751, 2.09363389015, 10.0268764496, -4.14736843109, 100.189949036, 12.4485435486, -12.820523262, -6.07549142838, 7.44844770432], [15.6251754761, -132.043121338, 124.849136353, 40.6027183533, -30.6731777191, 15.1810083389, 0.0576147213578, 11.6783103943, 12.4485435486, 87.5147247314, -4.77238750458, 20.7358417511, -16.6058006287], [-47.4976387024, 163.002532959, -78.3318862915, -7.8498468399, 99.0854568481, 5.92685604095, 18.1840419769, 25.1572608948, -12.820523262, -4.77238750458, 103.501815796, -6.91302585602, 38.8288650513], [131.279769897, -103.853134155, 67.9695053101, 2.20304346085, -7.64595651627, 18.825553894, -8.50656032562, 9.43449497223, -6.07549142838, 20.7358417511, -6.91302585602, 67.0090713501, -26.4710483551], [-76.0065917969, 166.570480347, -114.987983704, 8.01034545898, 77.231010437, -0.0520026534796, 19.9642009735, 13.460103035, 7.44844770432, -16.6058006287, 38.8288650513, -26.4710483551, 110.721588135]],
        "icov": [[0.000730869942345, -0.000933870731387, 0.000982308294624, -0.0011847979622, -0.000178487141966, -0.000866692105774, 9.64484570432e-05, -9.06028290046e-05, 0.00144540355541, -0.00158157199621, 0.00206291675568, -0.00213856529444, 0.00156106986105], [-0.000933870731387, 0.0088466508314, -0.00121198035777, 0.00468973675743, -0.00369568425231, 0.000935845659114, -0.000937515811529, 0.00187417434063, -0.00800290890038, 0.00879650469869, -0.00958827603608, 0.00886381883174, -0.00568924052641], [0.000982308294624, -0.00121198035777, 0.00468216231093, -0.003615018446, -0.000260462576989, -0.000689767184667, 0.000701536657289, -0.000517275591847, 9.37543300097e-05, -0.00479527702555, 0.00366159924306, -0.00438807625324, 0.00468082539737], [-0.0011847979622, 0.00468973675743, -0.003615018446, 0.0107879312709, -8.8069740741e-05, -0.000431896187365, -0.00297009805217, 0.000867021793965, -0.0035523280967, 0.0044483221136, -0.006566404365, 0.0073984968476, -0.00693432008848], [-0.000178487141966, -0.00369568425231, -0.000260462576989, -8.8069740741e-05, 0.00582102220505, 0.000364169856766, -0.00142535672057, -0.00335797830485, 0.00398335745558, -0.00249624508433, 0.00118433311582, -0.00300009851344, 3.31825754074e-06], [-0.000866692105774, 0.000935845659114, -0.000689767184667, -0.000431896187365, 0.000364169856766, 0.00856411829591, -0.000383215665352, -0.000279273197521, -0.00189069984481, 0.0012473835377, -0.00271988124587, 3.4767192119e-05, -0.00155847903807], [9.64484570432e-05, -0.000937515811529, 0.000701536657289, -0.00297009805217, -0.00142535672057, -0.000383215665352, 0.0126625234261, -0.00286268605851, -0.00122324959375, -0.000753497355618, 0.00108872156125, 0.000392563990317, 0.00116026448086], [-9.06028290046e-05, 0.00187417434063, -0.000517275591847, 0.000867021793965, -0.00335797830485, -0.000279273197521, -0.00286268605851, 0.0145910745487, -0.00144353683572, -8.00874113338e-05, -0.00281575438567, -7.06068094587e-05, -0.00134146423079], [0.00144540355541, -0.00800290890038, 9.37543300097e-05, -0.0035523280967, 0.00398335745558, -0.00189069984481, -0.00122324959375, -0.00144353683572, 0.0199434999377, -0.00886333826929, 0.0104032335803, -0.00740449456498, 0.00291341147386], [-0.00158157199621, 0.00879650469869, -0.00479527702555, 0.0044483221136, -0.00249624508433, 0.0012473835377, -0.000753497355618, -8.00874113338e-05, -0.00886333826929, 0.0260815918446, -0.0121055385098, 0.00779493479058, -0.00711693381891], [0.00206291675568, -0.00958827603608, 0.00366159924306, -0.006566404365, 0.00118433311582, -0.00271988124587, 0.00108872156125, -0.00281575438567, 0.0104032335803, -0.0121055385098, 0.0254992246628, -0.0115884626284, 0.00520891696215], [-0.00213856529444, 0.00886381883174, -0.00438807625324, 0.0073984968476, -0.00300009851344, 3.4767192119e-05, 0.000392563990317, -7.06068094587e-05, -0.00740449456498, 0.00779493479058, -0.0115884626284, 0.0305820330977, -0.00482220388949], [0.00156106986105, -0.00568924052641, 0.00468082539737, -0.00693432008848, 3.31825754074e-06, -0.00155847903807, 0.00116026448086, -0.00134146423079, 0.00291341147386, -0.00711693381891, 0.00520891696215, -0.00482220388949, 0.0197329483926]]
    },
    "melbands": {
        "dmean": [0.00201596040279, 0.00217732926831, 0.000990293454379, 0.000841366127133, 0.000508266384713, 0.000354478281224, 0.00010942791414, 0.000158484835993, 8.68315837579e-05, 9.35617645155e-05, 7.77755485615e-05, 4.34178145952e-05, 5.51501616428e-05, 2.45502851612e-05, 5.26443727722e-05, 1.8882112272e-05, 2.08549590752e-05, 2.96841462841e-05, 4.26812985097e-05, 3.13694945362e-05, 3.16053556162e-05, 1.28543879327e-05, 9.64178161666e-06, 9.24703454075e-06, 6.50568836136e-06, 3.97299572796e-06, 2.24584186981e-06, 2.41238535637e-06, 1.32395973651e-06, 6.31528564554e-07, 6.36737127024e-07, 7.69429448155e-07, 6.76413662859e-07, 4.26657209118e-07, 2.89112222163e-07, 1.92723533132e-07, 1.65519409734e-07, 1.16289044172e-07, 1.05316793508e-07, 9.34904988981e-08],
        "dmean2": [0.0030733589083, 0.0038435831666, 0.00181966263335, 0.0015035441611, 0.000880643958226, 0.000599832914304, 0.000175715656951, 0.00026835987228, 0.000139271083754, 0.000133871173603, 0.000110194363515, 6.36220647721e-05, 8.04238152341e-05, 3.58852448699e-05, 7.99921617727e-05, 2.9756265576e-05, 3.41567319992e-05, 4.98595072713e-05, 6.79917720845e-05, 5.19725545018e-05, 5.02680741192e-05, 2.08332494367e-05, 1.54045465024e-05, 1.37990637086e-05, 1.02255789898e-05, 6.35325795884e-06, 3.65767482435e-06, 3.98314023187e-06, 2.0175177724e-06, 8.63944933371e-07, 1.0291265653e-06, 1.15214788821e-06, 1.1015013115e-06, 6.37273387838e-07, 3.71491523765e-07, 2.60158003584e-07, 2.17324739538e-07, 1.62181805763e-07, 1.52053701186e-07, 1.2619985057e-07],
        "dvar": [1.97048993869e-05, 2.6690247978e-05, 5.1793917919e-06, 5.72380486119e-06, 4.06293082733e-07, 1.81604008276e-07, 2.73962417197e-08, 9.85509274187e-08, 3.91482259943e-08, 1.70026002166e-08, 1.25465122736e-08, 4.39151826015e-09, 5.33131450098e-09, 1.62311353247e-09, 4.72272665419e-09, 6.81885103937e-10, 5.82675852012e-10, 1.68388825106e-09, 3.39433903207e-09, 2.19594609163e-09, 2.46830000883e-09, 3.89357768249e-10, 2.32036390102e-10, 1.81675466338e-10, 1.42257844393e-10, 4.32351134061e-11, 1.28056723211e-11, 2.87498653356e-11, 6.50960318635e-12, 1.87003169026e-12, 4.0741234171e-12, 7.27018011765e-12, 5.39552213671e-12, 2.07419107931e-12, 7.01564294939e-13, 2.34655610915e-13, 1.46557367479e-13, 5.6253612879e-14, 5.37937173918e-14, 5.24797626146e-14],
        "dvar2": [4.96667198604e-05, 7.58399401093e-05, 1.48677590914e-05, 1.60334166139e-05, 1.19857725167e-06, 5.49368280645e-07, 6.9852433171e-08, 2.76750085959e-07, 1.07079898726e-07, 3.29851665981e-08, 2.3408906813e-08, 8.82585560191e-09, 1.14181277766e-08, 3.25301829918e-09, 1.06087032492e-08, 1.77570702586e-09, 1.52218582183e-09, 4.93362195542e-09, 8.89924844927e-09, 6.00678973228e-09, 5.80180881116e-09, 9.69552771402e-10, 5.34376543015e-10, 3.56490614806e-10, 2.97836366681e-10, 9.76604908054e-11, 3.20525619935e-11, 8.18319093043e-11, 1.49784473019e-11, 3.10311802296e-12, 1.01510935074e-11, 1.39708028132e-11, 1.3894069055e-11, 4.22526119995e-12, 1.29647193588e-12, 3.88544610982e-13, 2.56942850243e-13, 1.05799531191e-13, 1.04017895642e-13, 1.01555462444e-13],
        "max": [0.0507726445794, 0.0544175803661, 0.0244597271085, 0.0249654427171, 0.00912038981915, 0.00637729093432, 0.00178047385998, 0.00318501819856, 0.00238728267141, 0.00240911147557, 0.00184400868602, 0.00123668927699, 0.00103494909126, 0.000839466112666, 0.000818566710223, 0.00032281075255, 0.000342275685398, 0.000410658773035, 0.000963456870522, 0.000735471316148, 0.000691980996635, 0.000258520507487, 0.000247782358201, 0.000227202355745, 0.000165903504239, 9.03168474906e-05, 4.68821963295e-05, 9.04407061171e-05, 4.56075831607e-05, 1.65230758284e-05, 1.83430020115e-05, 2.47185234912e-05, 2.09222016565e-05, 1.79632388608e-05, 1.12736361189e-05, 5.09553092343e-06, 5.63616777072e-06, 2.99575549434e-06, 3.13105920213e-06, 2.59157127402e-06],
        "mean": [0.00378241878934, 0.00466651003808, 0.00134489079937, 0.00108197203372, 0.00115280575119, 0.000866008573212, 0.000260653119767, 0.000246302224696, 0.000130478292704, 0.000231548488955, 0.000194789536181, 0.000119192729471, 0.00012724181579, 5.436101128e-05, 0.00012514203263, 4.91533101012e-05, 5.59260224691e-05, 5.69726144022e-05, 0.00010363671754, 7.32889602659e-05, 7.9911435023e-05, 3.12541014864e-05, 2.45850751526e-05, 2.29709075938e-05, 1.6662543203e-05, 8.51986260386e-06, 4.59188822788e-06, 4.50865945822e-06, 2.27190844271e-06, 1.06972231606e-06, 8.83363156845e-07, 1.04752939478e-06, 8.09033224414e-07, 5.65048139833e-07, 4.04328545756e-07, 3.40411276056e-07, 2.73024994613e-07, 2.20936229312e-07, 1.94545151544e-07, 1.51388647396e-07],
        "median": [0.0024835432414, 0.00418902002275, 0.000902417523321, 0.000604498200119, 0.000929173605982, 0.00059070874704, 0.000195514687221, 0.000148638995597, 7.87442768342e-05, 0.000159869974595, 0.000124218553538, 7.54504362703e-05, 8.75159021234e-05, 3.70085290342e-05, 9.03486143216e-05, 3.58142460755e-05, 3.77750475309e-05, 4.35264373664e-05, 7.35512876417e-05, 4.88643563585e-05, 4.84101874463e-05, 2.12259928958e-05, 1.5605448425e-05, 1.67736779986e-05, 1.1005300621e-05, 5.81104495723e-06, 2.88194382847e-06, 2.11368205782e-06, 1.03282411601e-06, 4.81981032863e-07, 1.26200092154e-07, 1.08041348312e-07, 1.23195746937e-07, 6.15098159074e-08, 5.82299719554e-08, 1.06054471871e-07, 1.04416436386e-07, 1.13477035768e-07, 9.66789031054e-08, 5.40430420415e-08],
        "min": [6.26346526288e-24, 7.78947921314e-24, 3.46430538447e-23, 1.16940432934e-23, 6.76573418453e-24, 6.48381186308e-24, 6.8875382526e-24, 1.53228326453e-23, 1.34647196924e-23, 6.76857013948e-24, 5.06499503794e-24, 7.51079911001e-24, 9.40358565511e-24, 6.65754427796e-24, 8.81963689205e-24, 1.25313670795e-23, 4.64167018809e-24, 6.90367834672e-24, 9.5019242667e-24, 6.25095708437e-24, 6.0777713501e-24, 5.45569930607e-24, 7.53609787924e-24, 1.18376412217e-23, 1.03703023512e-23, 1.30474485612e-23, 6.61468230953e-24, 3.92119602918e-24, 4.35186399076e-24, 7.48274327192e-24, 7.84111252597e-24, 1.02559593295e-23, 7.85987084943e-24, 8.27300677183e-24, 6.03984528436e-24, 7.92284719322e-24, 1.2232969398e-23, 9.42354225829e-24, 1.33815800639e-23, 1.04799153628e-23],
        "var": [2.50161356234e-05, 2.12147824641e-05, 3.5190591916e-06, 4.01413262807e-06, 8.01954683993e-07, 7.26254427263e-07, 5.77582426331e-08, 1.00489408794e-07, 3.49700464142e-08, 5.6492911682e-08, 4.73901096143e-08, 1.88658102473e-08, 1.5530797981e-08, 4.30419744291e-09, 1.48234864383e-08, 2.23556773093e-09, 2.78209411064e-09, 3.00491231897e-09, 1.06412905154e-08, 6.73887212699e-09, 8.1983326794e-09, 1.02102037935e-09, 7.47891581998e-10, 5.72343117344e-10, 3.42653294627e-10, 8.64064791939e-11, 2.70570978816e-11, 4.91114718337e-11, 1.11345195217e-11, 3.61455873912e-12, 5.45227231419e-12, 1.09756561478e-11, 6.04593762207e-12, 3.03027828524e-12, 1.28458897165e-12, 5.1142228473e-13, 2.90252739378e-13, 1.03897312032e-13, 9.30022795971e-14, 8.54718585405e-14]
    },
    "mfcc": {
        "mean": [-634.406311035, 169.517211914, -20.2303333282, 25.4136619568, 25.3745861053, -5.16674184799, 4.86268043518, 1.60178017616, 1.5710388422, 4.30702495575, -7.04737710953, -1.44904613495, -0.54512488842],
        "cov": [[2938.29785156, 15.9504070282, -616.641601562, -51.6838989258, 104.713226318, 141.204528809, 238.97543335, 142.136169434, -16.9859142303, -59.6632194519, -46.9804153442, -30.0111999512, 40.3691520691], [15.9504070282, 913.280639648, -588.184509277, -29.8088474274, 256.037872314, -116.65625, 182.547668457, 50.5281600952, 26.466424942, 28.5553703308, -74.6753463745, 42.0130729675, 26.27293396], [-616.641601562, -588.184509277, 860.093505859, 58.1878318787, -180.006500244, 122.018974304, -224.532012939, -45.2205162048, 9.37649536133, 1.65423119068, 125.973190308, -4.12608909607, -17.5339374542], [-51.6838989258, -29.8088474274, 58.1878318787, 165.866912842, 34.929271698, 0.759973168373, 45.5428314209, -0.959726154804, 22.5245056152, 27.7980480194, -3.16864585876, 20.9286842346, 18.2188606262], [104.713226318, 256.037872314, -180.006500244, 34.929271698, 222.481704712, -15.7936429977, 119.069900513, 25.6536693573, 20.7848339081, 17.9867401123, -32.8172950745, 29.5521755219, 33.0178337097], [141.204528809, -116.65625, 122.018974304, 0.759973168373, -15.7936429977, 120.731369019, -18.0873775482, 5.95051240921, 13.9847164154, -5.74834299088, 31.7350330353, -1.69726097584, 2.76771759987], [238.97543335, 182.547668457, -224.532012939, 45.5428314209, 119.069900513, -18.0873775482, 206.870376587, 38.6235198975, -1.33740985394, 25.6420478821, -29.5354976654, 21.2829017639, 16.6064872742], [142.136169434, 50.5281600952, -45.2205162048, -0.959726154804, 25.6536693573, 5.95051240921, 38.6235198975, 87.8846511841, 11.969420433, -1.57859611511, 10.6616783142, -4.36099767685, 1.86800038815], [-16.9859142303, 26.466424942, 9.37649536133, 22.5245056152, 20.7848339081, 13.9847164154, -1.33740985394, 11.969420433, 96.1877593994, 24.1418762207, -22.3279209137, 23.1304016113, 14.9806985855], [-59.6632194519, 28.5553703308, 1.65423119068, 27.7980480194, 17.9867401123, -5.74834299088, 25.6420478821, -1.57859611511, 24.1418762207, 66.04662323, 5.87147712708, 6.7916097641, 7.96654081345], [-46.9804153442, -74.6753463745, 125.973190308, -3.16864585876, -32.8172950745, 31.7350330353, -29.5354976654, 10.6616783142, -22.3279209137, 5.87147712708, 94.1730880737, -11.2722740173, -14.3681898117], [-30.0111999512, 42.0130729675, -4.12608909607, 20.9286842346, 29.5521755219, -1.69726097584, 21.2829017639, -4.36099767685, 23.1304016113, 6.7916097641, -11.2722740173, 68.7137680054, 27.6723918915], [40.3691520691, 26.27293396, -17.5339374542, 18.2188606262, 33.0178337097, 2.76771759987, 16.6064872742, 1.86800038815, 14.9806985855, 7.96654081345, -14.3681898117, 27.6723918915, 57.3179130554]],
