{
"lowlevel": {
    "average_loudness": 0.956128716469,
    "barkbands_crest": {
        "dmean": 2.54469752312,
        "dmean2": 4.0014629364,
        "dvar": 6.64815235138,
        "dvar2": 14.6019964218,
        "max": 26.0548820496,
        "mean": 15.3687257767,
        "median": 14.9827575684,
        "min": 4.35059785843,
        "var": 17.7862892151
    },
    "barkbands_flatness_db": {
        "dmean": 0.0489174351096,
        "dmean2": 0.0697119086981,
        "dvar": 0.00286189140752,
        "dvar2": 0.00603658426553,
        "max": 0.504685938358,
        "mean": 0.300951689482,
        "median": 0.320777028799,
        "min": 0.060683965683,
        "var": 0.0094110397622
    },
    "barkbands_kurtosis": {
        "dmean": 13.4922151566,
        "dmean2": 20.4395828247,
        "dvar": 459.684234619,
        "dvar2": 1065.84106445,
        "max": 296.3097229,
        "mean": 27.062204361,
        "median": 19.9116687775,
        "min": -1.8874014616,
        "var": 816.495483398
    },
    "barkbands_skewness": {
        "dmean": 1.01270103455,
        "dmean2": 1.52376818657,
        "dvar": 1.32670712471,
        "dvar2": 3.02136993408,
        "max": 14.5305557251,
        "mean": 3.78585362434,
        "median": 3.52481770515,
        "min": -0.67516207695,
        "var": 3.32790732384
    },
    "barkbands_spread": {
        "dmean": 4.84601783752,
        "dmean2": 7.37595272064,
        "dvar": 83.6149673462,
        "dvar2": 164.027160645,
        "max": 84.0963592529,
        "mean": 9.75570011139,
        "median": 3.0496160984,
        "min": 0.271110534668,
        "var": 282.921508789
    },
    "dissonance": {
        "dmean": 0.0293469708413,
        "dmean2": 0.0495337434113,
        "dvar": 0.000780373229645,
        "dvar2": 0.00203692051582,
        "max": 0.499999940395,
        "mean": 0.447090387344,
        "median": 0.454994112253,
        "min": 0.261146754026,
        "var": 0.00139502296224
    },
    "dynamic_complexity": 5.24974822998,
    "erbbands_crest": {
        "dmean": 2.95291996002,
        "dmean2": 4.63662624359,
        "dvar": 8.85280036926,
        "dvar2": 23.1048069,
        "max": 24.4570827484,
        "mean": 10.3628787994,
        "median": 9.70068740845,
        "min": 2.27853488922,
        "var": 19.5761070251
    },
    "erbbands_flatness_db": {
        "dmean": 0.0263324808329,
        "dmean2": 0.0376555658877,
        "dvar": 0.00109640043229,
        "dvar2": 0.00208235485479,
        "max": 0.352181553841,
        "mean": 0.205568686128,
        "median": 0.226256921887,
        "min": 0.0566851645708,
        "var": 0.00413277326152
    },
    "erbbands_kurtosis": {
        "dmean": 1.5584666729,
        "dmean2": 2.48982191086,
        "dvar": 3.0660545826,
        "dvar2": 7.68271493912,
        "max": 18.4373397827,
        "mean": 1.15491986275,
        "median": 0.72468662262,
        "min": -1.79821395874,
        "var": 5.86217021942
    },
    "erbbands_skewness": {
        "dmean": 0.520075440407,
        "dmean2": 0.768681704998,
        "dvar": 0.234292447567,
        "dvar2": 0.498407065868,
        "max": 3.8342924118,
        "mean": 0.84615200758,
        "median": 0.991753280163,
        "min": -2.66181898117,
        "var": 1.13600826263
    },
    "erbbands_spread": {
        "dmean": 13.0852003098,
        "dmean2": 21.0067043304,
        "dvar": 253.978118896,
        "dvar2": 527.670898438,
        "max": 127.554718018,
        "mean": 41.6348800659,
        "median": 33.0530319214,
        "min": 6.92662906647,
        "var": 608.607177734
    },
    "hfc": {
        "dmean": 7.87514734268,
        "dmean2": 9.20557880402,
        "dvar": 376.459747314,
        "dvar2": 443.967102051,
        "max": 182.063858032,
        "mean": 12.0995645523,
        "median": 2.24147391319,
        "min": 0.0347080491483,
        "var": 996.479431152
    },
    "melbands_crest": {
        "dmean": 2.9612262249,
        "dmean2": 4.90981197357,
        "dvar": 11.1650485992,
        "dvar2": 27.3735160828,
        "max": 32.4850692749,
        "mean": 19.4383487701,
        "median": 18.701423645,
        "min": 6.63541078568,
        "var": 23.3375911713
    },
    "melbands_flatness_db": {
        "dmean": 0.0567293539643,
        "dmean2": 0.0784597173333,
        "dvar": 0.00395743129775,
        "dvar2": 0.00855733640492,
        "max": 0.635520398617,
        "mean": 0.394570112228,
        "median": 0.415786713362,
        "min": 0.0808075740933,
        "var": 0.0142990220338
    },
    "melbands_kurtosis": {
        "dmean": 23.9716053009,
        "dmean2": 37.2014045715,
        "dvar": 968.271484375,
        "dvar2": 2340.31567383,
        "max": 352.668518066,
        "mean": 53.8621826172,
        "median": 41.4819107056,
        "min": -0.505065917969,
        "var": 1906.58544922
    },
    "melbands_skewness": {
        "dmean": 1.23193061352,
        "dmean2": 1.92747616768,
        "dvar": 1.61182570457,
        "dvar2": 4.02782058716,
        "max": 14.7593698502,
        "mean": 5.11116600037,
        "median": 4.76535081863,
        "min": 1.11764001846,
        "var": 3.4560520649
    },
    "melbands_spread": {
        "dmean": 3.91697621346,
        "dmean2": 6.17682981491,
        "dvar": 76.0308685303,
        "dvar2": 184.839584351,
        "max": 137.03276062,
        "mean": 6.60467195511,
        "median": 2.46642231941,
        "min": 0.382656425238,
        "var": 149.295623779
    },
    "pitch_salience": {
        "dmean": 0.0831571891904,
        "dmean2": 0.132161080837,
        "dvar": 0.00926731899381,
        "dvar2": 0.0233118571341,
        "max": 0.865582764149,
        "mean": 0.452591001987,
        "median": 0.462876915932,
        "min": 0.0743536278605,
        "var": 0.0162143986672
    },
    "silence_rate_20dB": {
        "dmean": 0,
        "dmean2": 0,
        "dvar": 0,
        "dvar2": 0,
        "max": 1,
        "mean": 1,
        "median": 1,
        "min": 1,
        "var": 0
    },
    "silence_rate_30dB": {
        "dmean": 0.0381443314254,
        "dmean2": 0.0763280019164,
        "dvar": 0.0366890728474,
        "dvar2": 0.087006509304,
        "max": 1,
        "mean": 0.967542529106,
        "median": 1,
        "min": 0,
        "var": 0.0314036272466
    },
    "silence_rate_60dB": {
        "dmean": 0.0448453612626,
        "dmean2": 0.0892212465405,
        "dvar": 0.0428346171975,
        "dvar2": 0.115299873054,
        "max": 1,
        "mean": 0.0283359084278,
        "median": 0,
        "min": 0,
        "var": 0.0275325197726
    },
    "spectral_centroid": {
        "dmean": 212.583465576,
        "dmean2": 314.180023193,
        "dvar": 125759.367188,
        "dvar2": 251356.25,
        "max": 3735.35791016,
        "mean": 581.277160645,
        "median": 299.768035889,
        "min": 115.81729126,
        "var": 494917.625
    },
    "spectral_complexity": {
        "dmean": 3.37628865242,
        "dmean2": 4.58277463913,
        "dvar": 27.5811405182,
        "dvar2": 38.8877372742,
        "max": 52,
        "mean": 7.91859865189,
        "median": 5,
        "min": 1,
        "var": 95.4604492188
    },
    "spectral_decrease": {
        "dmean": 3.29529736831e-09,
        "dmean2": 4.70468419778e-09,
        "dvar": 2.60261262432e-17,
        "dvar2": 5.18328444834e-17,
        "max": -5.83180656544e-11,
        "mean": -6.07196870561e-09,
        "median": -3.85054033103e-09,
        "min": -4.78792507863e-08,
        "var": 4.74103795866e-17
    },
    "spectral_energy": {
        "dmean": 0.012891038321,
        "dmean2": 0.01829165034,
        "dvar": 0.000410240230849,
        "dvar2": 0.000771308434196,
        "max": 0.189139857888,
        "mean": 0.0240144822747,
        "median": 0.0148025006056,
        "min": 0.000223254057346,
        "var": 0.00079633446876
    },
    "spectral_energyband_high": {
        "dmean": 0.000868095725309,
        "dmean2": 0.00106459110975,
        "dvar": 6.66695677864e-06,
        "dvar2": 8.93367905519e-06,
        "max": 0.0261416938156,
        "mean": 0.00119440397248,
        "median": 3.27919337906e-06,
        "min": 1.35080648889e-08,
        "var": 1.53603941726e-05
    },
    "spectral_energyband_low": {
        "dmean": 0.00982770044357,
        "dmean2": 0.0138405375183,
        "dvar": 0.000191218321561,
        "dvar2": 0.000392133631976,
        "max": 0.140757620335,
        "mean": 0.0180101711303,
        "median": 0.0117474906147,
        "min": 0.000158840048243,
        "var": 0.000347455876181
    },
    "spectral_energyband_middle_high": {
        "dmean": 0.000388871674659,
        "dmean2": 0.000467530189781,
        "dvar": 6.50427352866e-07,
        "dvar2": 8.22539618639e-07,
        "max": 0.00885933637619,
        "mean": 0.000627492088825,
        "median": 0.000131872759084,
        "min": 2.9398274819e-06,
        "var": 2.05807418752e-06
    },
    "spectral_energyband_middle_low": {
        "dmean": 0.00687554106116,
        "dmean2": 0.0102111427113,
        "dvar": 0.000225410563871,
        "dvar2": 0.000484559539473,
        "max": 0.132715597749,
        "mean": 0.00975472666323,
        "median": 0.00398550275713,
        "min": 5.57267012482e-05,
        "var": 0.000323320040479
    },
    "spectral_entropy": {
        "dmean": 0.379774421453,
        "dmean2": 0.536602914333,
        "dvar": 0.21904399991,
        "dvar2": 0.48286113143,
        "max": 8.3133354187,
        "mean": 6.67577219009,
        "median": 6.52666378021,
        "min": 4.76117801666,
        "var": 0.714556157589
    },
    "spectral_flux": {
        "dmean": 0.0352297127247,
        "dmean2": 0.0586324706674,
        "dvar": 0.00201754062437,
        "dvar2": 0.00449555041268,
        "max": 0.363349914551,
        "mean": 0.0687764957547,
        "median": 0.0449158921838,
        "min": 0.0120142484084,
        "var": 0.00353644648567
    },
    "spectral_kurtosis": {
        "dmean": 10.9799995422,
        "dmean2": 17.9937858582,
        "dvar": 170.703811646,
        "dvar2": 409.233825684,
        "max": 103.972717285,
        "mean": 16.3773593903,
        "median": 10.1265087128,
        "min": 0.149571418762,
        "var": 290.495483398
    },
    "spectral_rms": {
        "dmean": 0.0012483606115,
        "dmean2": 0.00173198152333,
        "dvar": 2.07971493182e-06,
        "dvar2": 4.19732759838e-06,
        "max": 0.0135840605944,
        "mean": 0.00429311022162,
        "median": 0.00380019261502,
        "min": 0.000466699944809,
        "var": 4.99797715747e-06
    },
    "spectral_rolloff": {
        "dmean": 309.345336914,
        "dmean2": 537.210571289,
        "dvar": 803212.8125,
        "dvar2": 1733377.375,
        "max": 6761.42578125,
        "mean": 577.014953613,
        "median": 172.265625,
        "min": 64.599609375,
        "var": 1611307.375
    },
    "spectral_skewness": {
        "dmean": 0.865320026875,
        "dmean2": 1.38444399834,
        "dvar": 0.860881388187,
        "dvar2": 2.05524492264,
        "max": 8.02637577057,
        "mean": 2.57308101654,
        "median": 2.40334510803,
        "min": 0.243941873312,
        "var": 2.08707261086
    },
    "spectral_spread": {
        "dmean": 735896.8125,
        "dmean2": 1121285.75,
        "dvar": 997693980672,
        "dvar2": 1.66053845402e+12,
        "max": 10350378,
        "mean": 3324774.75,
        "median": 2411770.25,
        "min": 859999.3125,
        "var": 3.96337636966e+12
    },
    "spectral_strongpeak": {
        "dmean": 0.170206159353,
        "dmean2": 0.250229090452,
        "dvar": 0.0501734279096,
        "dvar2": 0.11152997613,
        "max": 2.41246819496,
        "mean": 0.432929307222,
        "median": 0.360946834087,
        "min": 0,
        "var": 0.0961694121361
    },
    "zerocrossingrate": {
        "dmean": 0.00744326878339,
        "dmean2": 0.00792531576008,
        "dvar": 0.000149568004417,
        "dvar2": 0.000119713724416,
        "max": 0.17822265625,
        "mean": 0.0220820847899,
        "median": 0.00927734375,
        "min": 0.001953125,
        "var": 0.000966595311183
    },
    "barkbands": {
        "dmean": [8.24278686196e-05, 0.00481614889577, 0.002694881754, 0.00523963477463, 0.00165398046374, 0.000507651828229, 0.000125312319142, 0.00020368854166, 0.000111187830043, 5.58250721951e-05, 3.06843612634e-05, 2.17722827074e-05, 3.5225693864e-05, 3.05919711536e-05, 3.00276788039e-05, 3.67146712961e-05, 4.54057881143e-05, 4.91570754093e-05, 7.87364624557e-05, 0.000130485801492, 0.000231496116612, 0.000223563591135, 0.000231493002502, 7.97754837549e-05, 6.07856818533e-05, 2.03079835046e-05, 1.85062663149e-06],
        "dmean2": [0.000121081007819, 0.00705152703449, 0.00385583844036, 0.0078394766897, 0.00299545750022, 0.000798315508291, 0.000209715857636, 0.00034370450885, 0.000194318563445, 9.99384719762e-05, 5.16878390044e-05, 3.62595783372e-05, 5.74243786104e-05, 4.95024796692e-05, 4.49701256002e-05, 5.62320055906e-05, 6.31982184132e-05, 5.98158039793e-05, 9.59333847277e-05, 0.000171291321749, 0.000299679260934, 0.000270505668595, 0.00030699771014, 0.000102417405287, 8.12623256934e-05, 2.98514605674e-05, 3.33565321853e-06],
        "dvar": [2.89718879998e-08, 4.07374573115e-05, 2.2711323254e-05, 0.000147124213981, 3.07729787892e-05, 1.25535655116e-06, 4.66260665632e-08, 9.1887628173e-08, 4.14360528112e-08, 1.43295801891e-08, 4.18507228872e-09, 1.62151270189e-09, 3.4357683365e-09, 3.95183397117e-09, 2.46383513591e-09, 6.07384054163e-09, 1.67403459983e-08, 1.82206925103e-08, 4.42784937604e-08, 1.55824409376e-07, 5.53421614313e-07, 4.33820844137e-07, 5.69312135212e-07, 5.43168496847e-08, 3.87234315724e-08, 4.17338563707e-09, 1.42899331257e-10],
        "dvar2": [5.30936823395e-08, 9.81832490652e-05, 4.83730400447e-05, 0.000286656693788, 8.96859637578e-05, 3.50460754817e-06, 1.28843765879e-07, 2.36984845969e-07, 1.126903868e-07, 4.06175182377e-08, 1.12397851026e-08, 3.99500832415e-09, 8.63041105248e-09, 9.60533430572e-09, 4.96264185301e-09, 1.22584093987e-08, 3.18843866864e-08, 2.93482234071e-08, 6.36231263229e-08, 2.50932004064e-07, 8.33417573176e-07, 6.34262733001e-07, 8.73658336786e-07, 8.40720559836e-08, 7.01511453371e-08, 9.62967838802e-09, 3.96398663893e-10],
        "max": [0.00230158260092, 0.0754451751709, 0.0424411073327, 0.11074565351, 0.0459721237421, 0.0123542612419, 0.00211300095543, 0.00242586457171, 0.00172329996713, 0.00104722159449, 0.000686405226588, 0.000356415548595, 0.000559208216146, 0.000538242515177, 0.000502457958646, 0.00089520245092, 0.00140950223431, 0.00153662648518, 0.00275373645127, 0.00441350275651, 0.00933900475502, 0.00716178119183, 0.00739270076156, 0.00239526620135, 0.00187450984959, 0.000571764947381, 0.000175396475242],
        "mean": [9.78733078227e-05, 0.00871050916612, 0.0036405895371, 0.00746264308691, 0.00134560104925, 0.000562436820474, 0.000119667769468, 0.000163891381817, 9.04715852812e-05, 4.64044023829e-05, 3.14694225381e-05, 2.46325707849e-05, 4.77922039863e-05, 3.49246001861e-05, 4.08682171837e-05, 5.21631300217e-05, 5.72844983253e-05, 6.44571337034e-05, 0.000117723669973, 0.000189045473235, 0.00031619699439, 0.00030626609805, 0.000289560091915, 0.000112181332952, 6.86528583174e-05, 2.00315753318e-05, 1.16447506571e-06],
        "median": [7.63781190471e-06, 0.00557233160362, 0.00167487491854, 0.00269662588835, 0.000499576504808, 0.000303751701722, 5.56816848984e-05, 4.46361409558e-05, 2.94578094326e-05, 1.95493612409e-05, 1.5555668142e-05, 1.20760678328e-05, 2.14268857235e-05, 1.04764358184e-05, 1.15889988592e-05, 1.15629545689e-05, 4.82527502754e-06, 2.64738878286e-06, 2.09753034142e-06, 1.73428941252e-06, 1.31825947847e-06, 7.23558173377e-07, 3.087436653e-07, 8.61123083951e-08, 1.58265898165e-08, 1.72452108149e-09, 4.75390282695e-10],
        "min": [3.37080585666e-09, 1.40997044582e-05, 3.06766196445e-05, 3.16038176607e-06, 8.94236927707e-06, 6.59831869143e-07, 6.4223922891e-07, 4.27942097758e-07, 3.95715204604e-07, 2.60557271758e-07, 2.81726670437e-07, 3.0340524404e-07, 5.37498522135e-07, 1.38545757977e-07, 3.42919292962e-07, 1.76771067117e-07, 4.29851212402e-08, 1.67435114662e-08, 6.77681244454e-09, 4.7694310723e-09, 4.48302905909e-09, 4.57768623008e-09, 9.6139307626e-10, 2.03368415858e-11, 1.34450358832e-11, 1.11368527247e-11, 2.00118862453e-11],
        "var": [5.11322326702e-08, 8.31764991744e-05, 3.06137590087e-05, 0.000224192262976, 1.76313697011e-05, 9.45990223045e-07, 3.53031808231e-08, 7.47065698192e-08, 2.95727886623e-08, 9.3657934741e-09, 3.52074369658e-09, 1.7846870648e-09, 5.13535480806e-09, 5.35013100489e-09, 5.90679904988e-09, 1.3351227679e-08, 3.03285254688e-08, 4.10147897867e-08, 1.24964657289e-07, 3.53162789679e-07, 1.14105171178e-06, 9.9849455637e-07, 1.04734772322e-06, 1.27660285898e-07, 6.03972125646e-08, 4.74391370631e-09, 8.80664915992e-11]
    },
    "erbbands": {
        "dmean": [0.101555369794, 1.22413170338, 2.64132857323, 13.2657384872, 9.36881160736, 4.40554714203, 4.86312961578, 3.79076504707, 1.94112622738, 3.37198710442, 4.00348758698, 2.5578584671, 1.92816662788, 1.70500743389, 1.27444303036, 1.0133343935, 1.51834499836, 1.49198532104, 1.6117079258, 1.95655417442, 2.00485229492, 2.6487467289, 2.49330019951, 3.71242666245, 5.23870515823, 5.37794828415, 8.30060863495, 9.39931774139, 9.00596141815, 8.16386413574, 5.71554136276, 2.55845785141, 1.13942420483, 0.728251039982, 0.389649450779, 0.133140459657, 0.0294984076172, 0.00507900444791, 0.000215364038013, 2.01633956749e-05],
        "dmean2": [0.150528505445, 1.76953291893, 3.67500257492, 18.9440155029, 16.0297775269, 7.99178028107, 7.56450843811, 6.16122102737, 3.30093383789, 5.66289520264, 6.71961927414, 4.44041872025, 3.39138412476, 2.98957037926, 2.19350552559, 1.68660986423, 2.44055533409, 2.43013215065, 2.3333530426, 3.20252466202, 2.89080572128, 3.5386288166, 2.96907973289, 4.84857559204, 6.49234342575, 6.53485155106, 10.4731292725, 11.9542760849, 10.5966386795, 11.2300624847, 7.56444454193, 3.1583750248, 1.46149551868, 0.917102813721, 0.553376436234, 0.197304084897, 0.0433166995645, 0.00871259626001, 0.000366908294382, 2.81212451227e-05],
        "dvar": [0.0175021719187, 2.83408379555, 17.291847229, 853.674926758, 676.766967773, 235.071060181, 134.146911621, 74.7859573364, 16.9993858337, 25.804058075, 38.2727127075, 22.4937286377, 15.0017347336, 12.5220804214, 7.03988409042, 3.24239110947, 7.54300451279, 7.24805402756, 11.2167043686, 11.1774053574, 20.1087112427, 57.499584198, 44.34715271, 100.144569397, 226.323028564, 237.969482422, 685.477783203, 913.26348877, 749.010620117, 679.161193848, 350.059417725, 56.8356666565, 11.9984273911, 4.95402526855, 1.82741260529, 0.219156891108, 0.00842898525298, 0.000680623867083, 1.61562070389e-06, 1.46556766722e-09],
        "dvar2": [0.0431282818317, 6.64882135391, 38.1356658936, 1622.96459961, 1819.83227539, 685.473266602, 386.656890869, 204.014846802, 48.2536277771, 65.4671783447, 100.967048645, 60.8432388306, 41.531452179, 34.8516082764, 19.4658660889, 7.87262296677, 18.8297138214, 16.991186142, 21.2821369171, 25.4966926575, 39.4849319458, 102.276611328, 70.7881851196, 159.367858887, 356.962005615, 364.073394775, 1102.57543945, 1528.25317383, 1219.75097656, 1057.9095459, 538.157226562, 90.3500289917, 22.1183452606, 7.80165338516, 3.77558970451, 0.50912374258, 0.0187549740076, 0.00185132340994, 4.46294507128e-06, 2.77053557873e-09],
        "max": [1.27722394466, 20.7427577972, 34.5318336487, 300.258972168, 218.466384888, 142.715393066, 123.881027222, 106.243171692, 43.3925933838, 43.687122345, 50.2209777832, 43.9198646545, 33.1484298706, 32.756072998, 30.6984519958, 16.5697822571, 29.5225887299, 27.568189621, 34.614780426, 33.7601051331, 49.5435180664, 81.8797302246, 78.377822876, 109.301361084, 168.356887817, 197.532165527, 310.797698975, 416.622406006, 299.692352295, 261.987884521, 181.265792847, 81.3612518311, 40.7365493774, 24.5208034515, 14.0002765656, 4.95012331009, 0.812979519367, 0.306709200144, 0.0201537907124, 0.000382476078812],
        "mean": [0.1758569628, 2.18575692177, 3.99052071571, 19.5282649994, 9.75865840912, 3.76486206055, 6.04050111771, 3.41609239578, 1.85291361809, 2.6853518486, 3.31272149086, 2.10479235649, 1.59695625305, 1.60964858532, 1.33667099476, 1.30498695374, 2.08428120613, 1.85340678692, 2.1372461319, 2.47687029839, 2.90188121796, 3.42084574699, 3.19739961624, 5.36010742188, 7.46820545197, 8.14556884766, 11.0569286346, 12.4046049118, 11.3900289536, 10.7114515305, 7.32334804535, 3.44066596031, 1.48033034801, 0.908530771732, 0.395665705204, 0.128456115723, 0.0309987924993, 0.00378061132506, 0.000162436583196, 3.3497606637e-05],
        "median": [0.105990625918, 1.36670351028, 2.19391059875, 7.76365232468, 2.93602848053, 1.52172887325, 2.94927763939, 1.27179574966, 0.909011781216, 0.757768929005, 0.98511838913, 0.684345006943, 0.586194455624, 0.766023874283, 0.736674427986, 0.689583003521, 0.924447834492, 0.712554037571, 0.467560231686, 0.631450235844, 0.624729990959, 0.27327939868, 0.158107250929, 0.125201627612, 0.10097476095, 0.0863804668188, 0.0604180730879, 0.0440380759537, 0.0282112322748, 0.0154869081452, 0.00769952638075, 0.00281192874536, 0.000966943567619, 0.000291221251246, 7.24868732505e-05, 2.16544922296e-05, 7.53499170969e-06, 9.10785502128e-07, 7.99014469521e-06, 1.65829678735e-05],
        "min": [0.000521015375853, 0.0111021557823, 0.0322836786509, 0.0738437622786, 0.0220011342317, 0.0288499277085, 0.0174308344722, 0.00889336969703, 0.0109579162672, 0.014555788599, 0.0223300270736, 0.0120418556035, 0.012241659686, 0.0121195716783, 0.0119875231758, 0.0158822070807, 0.024239147082, 0.0113277314231, 0.0145031698048, 0.0141904428601, 0.0121737150475, 0.00483942404389, 0.00177616206929, 0.000638617551886, 0.000309288880089, 0.000281612854451, 0.000144509234815, 0.000177621142939, 0.00014952365018, 9.3109345471e-05, 3.05400317302e-05, 7.19618947187e-06, 4.27069380748e-06, 3.11265557684e-06, 1.82897770173e-06, 5.37301218628e-07, 2.90711568596e-07, 5.37083053587e-08, 3.78417610136e-07, 8.07158301086e-07],
        "var": [0.0354713909328, 5.60276508331, 25.1102561951, 1353.42150879, 571.167114258, 135.140640259, 98.8514938354, 55.280670166, 11.7504806519, 21.3294143677, 30.4083595276, 16.5051898956, 10.127913475, 8.98686790466, 5.41806602478, 4.0509262085, 10.620885849, 10.5395908356, 24.0332374573, 20.7813224792, 45.9694671631, 110.338752747, 98.479309082, 258.662963867, 539.990112305, 615.071350098, 1383.60412598, 1775.24804688, 1505.32849121, 1305.23291016, 662.680236816, 126.032951355, 23.5024719238, 9.57754230499, 2.27988862991, 0.237979963422, 0.010212611407, 0.000447729165899, 1.01914542938e-06, 2.58523047414e-09]
    },
    "gfcc": {
        "mean": [-139.093292236, 167.715484619, -89.7524185181, 48.9762077332, -27.7057514191, 11.7834367752, -17.188703537, -10.9297094345, -7.71187782288, -9.37225055695, -10.0379838943, -11.6616172791, -3.71905064583],
        "cov": [[10728.8632812, -6448.52246094, 457.326904297, 2109.50439453, -2294.63818359, 813.674377441, -1223.43933105, 842.578857422, -1049.89147949, 566.222961426, -844.800170898, 248.357528687, -756.679199219], [-6448.52246094, 4855.51416016, -513.78503418, -1456.63916016, 1467.93774414, -846.32611084, 915.165283203, -628.224914551, 808.635253906, -422.201477051, 660.946716309, -216.618362427, 526.155029297], [457.326904297, -513.78503418, 500.488800049, 35.2707366943, -20.943901062, 169.221069336, -93.1061630249, 116.946495056, -113.647514343, 67.5946655273, -90.1348800659, 75.4206542969, -68.1391296387], [2109.50439453, -1456.63916016, 35.2707366943, 712.456115723, -515.595031738, 235.82699585, -238.197372437, 154.013442993, -191.999389648, 94.3120727539, -142.880233765, 28.0220832825, -126.951919556], [-2294.63818359, 1467.93774414, -20.943901062, -515.595031738, 824.28125, -181.632034302, 299.506439209, -205.070602417, 199.992889404, -101.180221558, 153.964752197, -25.0645904541, 154.382339478], [813.674377441, -846.32611084, 169.221069336, 235.82699585, -181.632034302, 319.58493042, -144.774246216, 133.870895386, -109.910461426, 73.8865737915, -101.788314819, 38.273563385, -56.4505844116], [-1223.43933105, 915.165283203, -93.1061630249, -238.197372437, 299.506439209, -144.774246216, 267.926086426, -95.6371994019, 175.936859131, -83.5204162598, 129.776351929, -35.6297340393, 88.7395858765], [842.578857422, -628.224914551, 116.946495056, 154.013442993, -205.070602417, 133.870895386, -95.6371994019, 157.42678833, -73.0277633667, 76.087562561, -83.2077636719, 34.1604385376, -66.7343521118], [-1049.89147949, 808.635253906, -113.647514343, -191.999389648, 199.992889404, -109.910461426, 175.936859131, -73.0277633667, 249.368591309, -40.9969902039, 135.693939209, -48.2834281921, 103.221168518], [566.222961426, -422.201477051, 67.5946655273, 94.3120727539, -101.180221558, 73.8865737915, -83.5204162598, 76.087562561, -40.9969902039, 114.555206299, -38.7021942139, 45.5359611511, -47.2169418335], [-844.800170898, 660.946716309, -90.1348800659, -142.880233765, 153.964752197, -101.788314819, 129.776351929, -83.2077636719, 135.693939209, -38.7021942139, 160.895248413, -9.67654037476, 97.5105743408], [248.357528687, -216.618362427, 75.4206542969, 28.0220832825, -25.0645904541, 38.273563385, -35.6297340393, 34.1604385376, -48.2834281921, 45.5359611511, -9.67654037476, 80.8793411255, 0.727030277252], [-756.679199219, 526.155029297, -68.1391296387, -126.951919556, 154.382339478, -56.4505844116, 88.7395858765, -66.7343521118, 103.221168518, -47.2169418335, 97.5105743408, 0.727030277252, 123.968925476]],
        "icov": [[0.000722875120118, 0.000783341994975, 4.34857793152e-05, -0.000425275182351, 0.000319907965604, 0.0011069397442, 0.000151864398504, -0.000596443598624, 3.88642592952e-06, -0.000146120088175, -5.99733757554e-05, -4.64495860797e-05, 0.000340405851603], [0.000783341994975, 0.0109299933538, -0.000980976852588, 0.00696323160082, -0.00261051929556, 0.0078723365441, -0.00573096703738, 0.00452982075512, -0.00477801635861, 0.00420311186463, -0.0101185664535, 0.0100422585383, -0.00816082395613], [4.34857793152e-05, -0.000980976852588, 0.00350805255584, -0.00025527208345, -0.000574795005377, -0.00181255349889, 0.00138820707798, -0.00261733634397, 0.000530935707502, 0.000786404765677, 0.000673109723721, -0.00361872906797, 0.002932717558], [-0.000425275182351, 0.00696323160082, -0.00025527208345, 0.0089185833931, -0.000849737494718, 0.00265423557721, -0.00466282339767, 0.00472184550017, -0.00268628657795, 0.0026003937237, -0.00735005969182, 0.00764295365661, -0.00604650611058], [0.000319907965604, -0.00261051929556, -0.000574795005377, -0.000849737494718, 0.00498068286106, -0.00238196039572, -0.00180830911268, 0.0025414400734, 0.00197838898748, -0.00377590442076, 0.00494457548484, -0.0024468197953, 0.000261141103692], [0.0011069397442, 0.0078723365441, -0.00181255349889, 0.00265423557721, -0.00238196039572, 0.0128465853631, -0.00205737329088, -0.00146701734047, -0.00284174759872, 0.00229562376626, -0.00582094024867, 0.0077352989465, -0.007660925854], [0.000151864398504, -0.00573096703738, 0.00138820707798, -0.00466282339767, -0.00180830911268, -0.00205737329088, 0.0174466650933, -0.007680056151, -0.00326038245112, 0.00574446702376, 0.000634261930827, -0.00934988353401, 0.0103893084452], [-0.000596443598624, 0.00452982075512, -0.00261733634397, 0.00472184550017, 0.0025414400734, -0.00146701734047, -0.007680056151, 0.0231218468398, -0.00390145624988, -0.00500621972606, 0.0010293998057, 0.00375731638633, -0.00484795495868], [3.88642592952e-06, -0.00477801635861, 0.000530935707502, -0.00268628657795, 0.00197838898748, -0.00284174759872, -0.00326038245112, -0.00390145624988, 0.0164989829063, -0.00921210832894, 0.000842143956106, 0.00496554560959, -0.00361829693429], [-0.000146120088175, 0.00420311186463, 0.000786404765677, 0.0026003937237, -0.00377590442076, 0.00229562376626, 0.00574446702376, -0.00500621972606, -0.00921210832894, 0.0251753423363, -0.00857304502279, -0.00830513890833, 0.00735601456836], [-5.99733757554e-05, -0.0101185664535, 0.000673109723721, -0.00735005969182, 0.00494457548484, -0.00582094024867, 0.000634261930827, 0.0010293998057, 0.000842143956106, -0.00857304502279, 0.029815537855, -0.0119635444134, -0.000633836141787], [-4.64495860797e-05, 0.0100422585383, -0.00361872906797, 0.00764295365661, -0.0024468197953, 0.0077352989465, -0.00934988353401, 0.00375731638633, 0.00496554560959, -0.00830513890833, -0.0119635444134, 0.0363922864199, -0.0198835786432], [0.000340405851603, -0.00816082395613, 0.002932717558, -0.00604650611058, 0.000261141103692, -0.007660925854, 0.0103893084452, -0.00484795495868, -0.00361829693429, 0.00735601456836, -0.000633836141787, -0.0198835786432, 0.0327701568604]]
    },
    "melbands": {
        "dmean": [0.00116323668044, 0.00141262961552, 0.00202297465876, 0.000455688103102, 0.000164998913533, 8.4482730017e-05, 2.87378734356e-05, 3.85855855711e-05, 2.99089733744e-05, 1.5871022697e-05, 9.5490959211e-06, 7.14297129889e-06, 4.23451547249e-06, 2.87925854536e-06, 2.84828570329e-06, 3.34933724844e-06, 2.67204313786e-06, 2.86770568891e-06, 2.27059967983e-06, 2.64142317974e-06, 2.44543025474e-06, 2.81690927295e-06, 2.25802614295e-06, 2.46551394412e-06, 3.23367316923e-06, 3.18912543662e-06, 5.38504536962e-06, 3.10557174998e-06, 5.13493250764e-06, 5.07535378347e-06, 6.06941830483e-06, 5.1497536333e-06, 4.34549610873e-06, 4.9710311032e-06, 3.73546322407e-06, 2.16146190724e-06, 1.39513440445e-06, 8.17730096969e-07, 7.61693797813e-07, 6.12359428942e-07],
        "dmean2": [0.00171726604458, 0.00200025876984, 0.00292248721235, 0.000818129454274, 0.000267388415523, 0.000136284492328, 4.86703320348e-05, 6.51200316497e-05, 5.05699172209e-05, 2.76137579931e-05, 1.68319147633e-05, 1.25571332319e-05, 7.2343177635e-06, 4.82554878545e-06, 4.74538728668e-06, 5.50215963813e-06, 4.40648636868e-06, 4.32643173554e-06, 3.52746178578e-06, 4.36725258623e-06, 3.77176070288e-06, 3.91893536289e-06, 3.2359926081e-06, 3.37282335749e-06, 4.4371677177e-06, 3.96453106077e-06, 7.68087465985e-06, 4.11775272369e-06, 6.73579825161e-06, 6.42505756332e-06, 7.8985840446e-06, 6.18522881268e-06, 5.67356710235e-06, 7.01837552697e-06, 5.0092676247e-06, 2.71871272162e-06, 1.81225163942e-06, 1.21721484447e-06, 9.76556179921e-07, 7.84418830335e-07],
        "dvar": [2.18592617784e-06, 3.83575343221e-06, 2.04951829801e-05, 2.04315711017e-06, 1.99205118179e-07, 3.67353187869e-08, 3.37562866548e-09, 3.3966878199e-09, 2.29261032381e-09, 8.98200402943e-10, 3.69841546277e-10, 2.20597845546e-10, 7.12255046609e-11, 3.27086621676e-11, 2.67074990595e-11, 3.05641727205e-11, 2.4590652431e-11, 4.08151290543e-11, 1.40880154764e-11, 2.62878226132e-11, 3.57649188043e-11, 7.26291596309e-11, 4.02222526119e-11, 5.18500138658e-11, 7.70431565766e-11, 7.9347181603e-11, 3.07302294722e-10, 8.11133937795e-11, 2.82010886865e-10, 2.44873399335e-10, 4.14177137031e-10, 2.54551824064e-10, 1.79122730537e-10, 2.70272443315e-10, 1.57778221044e-10, 4.34720766329e-11, 1.76309140898e-11, 6.96994241836e-12, 5.70966234362e-12, 3.74095069158e-12],
        "dvar2": [5.25801169715e-06, 8.66694972501e-06, 4.0193368477e-05, 5.87457634538e-06, 5.79580216709e-07, 1.00997304742e-07, 9.53991818875e-09, 8.64214566576e-09, 6.11289285857e-09, 2.42918529736e-09, 1.0277250162e-09, 6.17136897141e-10, 1.94646535001e-10, 8.29800811397e-11, 6.39077193942e-11, 7.73946531862e-11, 5.96691723809e-11, 8.48592932035e-11, 3.29395018206e-11, 6.00816965624e-11, 7.86654630325e-11, 1.45990247669e-10, 6.31837915321e-11, 1.03857270006e-10, 1.37858099936e-10, 1.22829232896e-10, 6.00527683137e-10, 1.44171077854e-10, 5.08563191559e-10, 3.84216131133e-10, 7.77802877661e-10, 4.54067755618e-10, 2.77055323128e-10, 4.38468844566e-10, 2.56751869765e-10, 7.65776192457e-11, 3.23542130587e-11, 1.60610153649e-11, 9.50667062433e-12, 6.62541332561e-12],
        "max": [0.0149700026959, 0.0222793035209, 0.0418075397611, 0.0120526682585, 0.00451186392456, 0.00226796139032, 0.000597699196078, 0.000503205519635, 0.000388354761526, 0.000272587756626, 0.000167150792549, 0.000137522409204, 9.83112840913e-05, 4.59581933683e-05, 4.2730338464e-05, 4.81615279568e-05, 5.03594601469e-05, 6.62626334815e-05, 3.72316426365e-05, 4.86120734422e-05, 6.14748933003e-05, 9.02455212781e-05, 6.32087030681e-05, 8.17321124487e-05, 9.40565150813e-05, 0.000112215137051, 0.000205015297979, 0.000123277161038, 0.000201543618459, 0.000212801780435, 0.000272603094345, 0.000190077946172, 0.000139427807881, 0.000169394785189, 0.000133318841108, 7.18989467714e-05, 4.98417284689e-05, 2.9697561331e-05, 2.50326393143e-05, 2.12532340811e-05],
        "mean": [0.002117251046, 0.00248248293065, 0.00293127074838, 0.000396368006477, 0.000189928847249, 8.00908819656e-05, 2.75849251921e-05, 3.03073302348e-05, 2.44451348408e-05, 1.31361975946e-05, 7.8871516962e-06, 6.54136465528e-06, 4.37503467765e-06, 3.21461652675e-06, 4.07451807405e-06, 4.4137018449e-06, 3.18016304846e-06, 3.48444564224e-06, 2.87843636215e-06, 3.42931321029e-06, 3.33998218593e-06, 3.45578837369e-06, 3.05195521833e-06, 3.01031514027e-06, 4.45974728791e-06, 4.66721439807e-06, 7.06848595655e-06, 4.70205259262e-06, 6.43523389954e-06, 7.21240030543e-06, 7.40207406125e-06, 6.38011715637e-06, 5.90368199482e-06, 6.18713784206e-06, 4.66982373837e-06, 2.73373393611e-06, 1.78187588062e-06, 9.68812514657e-07, 9.65678509601e-07, 7.03732609963e-07],
        "median": [0.00135677633807, 0.0015284747351, 0.00110773742199, 0.000123547128169, 9.21379614738e-05, 3.52231363649e-05, 1.3761482478e-05, 8.01297483122e-06, 7.27134010958e-06, 4.26831820732e-06, 2.9217167139e-06, 3.04643776872e-06, 2.31125682149e-06, 1.63099809924e-06, 1.93882806343e-06, 1.94370181816e-06, 1.1865002989e-06, 6.78049843827e-07, 8.03592399734e-07, 8.48250977015e-07, 6.23613857442e-07, 2.78263371456e-07, 1.56481135605e-07, 1.22160358274e-07, 9.59194608185e-08, 7.17896924129e-08, 6.94824251468e-08, 4.98937708926e-08, 3.81105351721e-08, 2.9647706512e-08, 2.24232792334e-08, 1.63818842935e-08, 1.16418235052e-08, 7.46265094165e-09, 4.72474415147e-09, 2.72200328943e-09, 1.31460453634e-09, 6.45284548018e-10, 3.6974429074e-10, 1.86549803383e-10],
        "min": [4.21211916546e-06, 2.43722315645e-05, 1.02930571302e-05, 1.36830044539e-06, 6.0706571503e-07, 1.27410345385e-07, 1.46826863556e-07, 2.05817286769e-07, 1.58226370672e-07, 5.25411039121e-08, 5.60583757192e-08, 3.96486150578e-08, 3.89615593122e-08, 3.42447030732e-08, 5.26707140125e-08, 4.63550691165e-08, 1.71656182602e-08, 1.51339882848e-08, 2.11737400946e-08, 1.50411576527e-08, 1.29986883479e-08, 2.74144684731e-09, 1.58958857188e-09, 8.3075496482e-10, 3.10730829955e-10, 2.08876776986e-10, 1.5574368184e-10, 1.69773667347e-10, 9.52780007668e-11, 5.38997041444e-11, 1.19056750569e-10, 7.33378288653e-11, 4.48867089331e-11, 1.74841668921e-11, 1.46257190387e-11, 6.64094430489e-12, 2.87993912572e-13, 1.09989965811e-13, 1.08971981287e-13, 1.08574695729e-13],
        "var": [4.72015517516e-06, 6.63081709718e-06, 3.13998134516e-05, 1.31558522298e-06, 1.3125212206e-07, 2.71027253973e-08, 2.37522557178e-09, 2.77433742646e-09, 1.76518633044e-09, 6.55652865333e-10, 2.46805770265e-10, 1.56005208751e-10, 5.84146758742e-11, 3.1500569514e-11, 4.09927577993e-11, 4.16817691473e-11, 3.32578721507e-11, 7.24662274632e-11, 2.89922755942e-11, 4.68666182252e-11, 6.83833753512e-11, 1.18861850917e-10, 8.78215486444e-11, 9.32409705001e-11, 1.81138826161e-10, 2.0584774163e-10, 5.36335642565e-10, 2.00237312842e-10, 4.94015439667e-10, 5.55651025191e-10, 6.82656209339e-10, 4.7975384776e-10, 3.79837911124e-10, 4.6976433854e-10, 2.81509343614e-10, 8.42210468033e-11, 3.4540970778e-11, 1.05001068604e-11, 1.0833598775e-11, 6.22559729463e-12]
    },
    "mfcc": {
        "mean": [-777.445373535, 172.620834351, 25.6731452942, 37.7444114685, 22.7852611542, 24.5783748627, 6.90826845169, 6.32199573517, 5.560526371, 4.55860710144, -0.509948074818, -0.349175184965, 1.33735346794],
        "cov": [[9842.84179688, -5541.65185547, 542.776000977, 1131.58300781, -933.685058594, -52.7395019531, -394.262878418, -61.0017547607, -287.888885498, 0.650761365891, -24.1872406006, -235.210342407, -353.89352417], [-5541.65185547, 4076.80639648, -543.42779541, -616.999816895, 436.590606689, -146.940856934, 178.757446289, -22.7144298553, 156.115432739, -0.486019223928, 57.1854476929, 167.32611084, 225.645965576], [542.776000977, -543.42779541, 333.545288086, 28.1428070068, -24.8525848389, 25.1840572357, -5.4113740921, 37.6733703613, -14.1162691116, -4.72926330566, -9.93478393555, -24.9614925385, -37.1535263062], [1131.58300781, -616.999816895, 28.1428070068, 344.623596191, -147.419296265, 22.5609035492, -55.3524742126, 3.56424641609, -40.3834457397, 9.78125667572, 23.456079483, -18.0576324463, -36.8176956177], [-933.685058594, 436.590606689, -24.8525848389, -147.419296265, 298.101135254, 66.5069732666, 93.7663803101, 3.25375008583, 29.1977825165, -12.2842655182, -23.6578540802, 14.7491579056, 32.5690574646], [-52.7395019531, -146.940856934, 25.1840572357, 22.5609035492, 66.5069732666, 146.61668396, 29.5187644958, 30.4758396149, 18.0602283478, 10.4004106522, -2.54467439651, 6.23297405243, 16.2538490295], [-394.262878418, 178.757446289, -5.4113740921, -55.3524742126, 93.7663803101, 29.5187644958, 99.1841201782, 33.3587989807, 10.2912101746, -12.2374267578, -8.77845478058, 7.99744796753, 8.24790287018], [-61.0017547607, -22.7144298553, 37.6733703613, 3.56424641609, 3.25375008583, 30.4758396149, 33.3587989807, 75.3252944946, 25.1106624603, 10.5871829987, 4.08458662033, -2.77222967148, -1.56456208229], [-287.888885498, 156.115432739, -14.1162691116, -40.3834457397, 29.1977825165, 18.0602283478, 10.2912101746, 25.1106624603, 73.4460067749, 33.82970047, 12.91472435, 11.8854722977, 20.713924408], [0.650761365891, -0.486019223928, -4.72926330566, 9.78125667572, -12.2842655182, 10.4004106522, -12.2374267578, 10.5871829987, 33.82970047, 56.7534713745, 32.3406066895, 11.5994310379, 9.89110279083], [-24.1872406006, 57.1854476929, -9.93478393555, 23.456079483, -23.6578540802, -2.54467439651, -8.77845478058, 4.08458662033, 12.91472435, 32.3406066895, 58.4633407593, 28.6552295685, 11.0476703644], [-235.210342407, 167.32611084, -24.9614925385, -18.0576324463, 14.7491579056, 6.23297405243, 7.99744796753, -2.77222967148, 11.8854722977, 11.5994310379, 28.6552295685, 52.8091850281, 33.7932777405], [-353.89352417, 225.645965576, -37.1535263062, -36.8176956177, 32.5690574646, 16.2538490295, 8.24790287018, -1.56456208229, 20.713924408, 9.89110279083, 11.0476703644, 33.7932777405, 58.0740661621]],
