{
"lowlevel": {
    "average_loudness": 0.973825275898,
    "barkbands_crest": {
        "dmean": 2.3737475872,
        "dmean2": 3.84200525284,
        "dvar": 4.5742816925,
        "dvar2": 12.5674343109,
        "max": 21.9489479065,
        "mean": 10.3288698196,
        "median": 10.0288419724,
        "min": 2.61176156998,
        "var": 14.1851968765
    },
    "barkbands_flatness_db": {
        "dmean": 0.0197528190911,
        "dmean2": 0.0283188484609,
        "dvar": 0.000371261849068,
        "dvar2": 0.000789344252553,
        "max": 0.313634514809,
        "mean": 0.163017168641,
        "median": 0.159594327211,
        "min": 0.0547469928861,
        "var": 0.0025393939577
    },
    "barkbands_kurtosis": {
        "dmean": 3.86085939407,
        "dmean2": 6.06602478027,
        "dvar": 48.4793739319,
        "dvar2": 117.284393311,
        "max": 115.354499817,
        "mean": 8.0330581665,
        "median": 2.82890558243,
        "min": -1.7260158062,
        "var": 152.672027588
    },
    "barkbands_skewness": {
        "dmean": 0.529226720333,
        "dmean2": 0.817766129971,
        "dvar": 0.329909205437,
        "dvar2": 0.756607234478,
        "max": 9.55105686188,
        "mean": 2.22200608253,
        "median": 1.9055519104,
        "min": -1.54703116417,
        "var": 2.09078145027
    },
    "barkbands_spread": {
        "dmean": 4.05947351456,
        "dmean2": 6.21700763702,
        "dvar": 20.3154811859,
        "dvar2": 44.2346725464,
        "max": 48.8622436523,
        "mean": 17.9875297546,
        "median": 18.9023017883,
        "min": 1.43477535248,
        "var": 81.4708328247
    },
    "dissonance": {
        "dmean": 0.0109325842932,
        "dmean2": 0.018233332783,
        "dvar": 0.000269731215667,
        "dvar2": 0.000516647240147,
        "max": 0.500000059605,
        "mean": 0.480873018503,
        "median": 0.483215391636,
        "min": 0,
        "var": 0.000304564920953
    },
    "dynamic_complexity": 1.46916925907,
    "erbbands_crest": {
        "dmean": 1.78707396984,
        "dmean2": 2.97872233391,
        "dvar": 2.61896300316,
        "dvar2": 6.86769485474,
        "max": 16.9871520996,
        "mean": 6.52196884155,
        "median": 5.99602031708,
        "min": 2.72766685486,
        "var": 5.63663196564
    },
    "erbbands_flatness_db": {
        "dmean": 0.0109157636762,
        "dmean2": 0.0163584183902,
        "dvar": 0.000112903086119,
        "dvar2": 0.000221188194701,
        "max": 0.284815341234,
        "mean": 0.164239838719,
        "median": 0.154738470912,
        "min": 0.0867243930697,
        "var": 0.00146553700324
    },
    "erbbands_kurtosis": {
        "dmean": 0.430265516043,
        "dmean2": 0.724474430084,
        "dvar": 0.262400090694,
        "dvar2": 0.734759390354,
        "max": 4.75072193146,
        "mean": -0.621106505394,
        "median": -0.734767198563,
        "min": -1.67599344254,
        "var": 0.381740063429
    },
    "erbbands_skewness": {
        "dmean": 0.28504422307,
        "dmean2": 0.440217941999,
        "dvar": 0.0827244445682,
        "dvar2": 0.168659374118,
        "max": 2.28004384041,
        "mean": -0.00455007329583,
        "median": -0.113827914,
        "min": -1.52985179424,
        "var": 0.346583664417
    },
    "erbbands_spread": {
        "dmean": 6.44759654999,
        "dmean2": 10.3137731552,
        "dvar": 40.0108070374,
        "dvar2": 102.474029541,
        "max": 83.6637420654,
        "mean": 44.8749008179,
        "median": 42.4697113037,
        "min": 15.9823207855,
        "var": 169.551681519
    },
    "hfc": {
        "dmean": 3.42059254646,
        "dmean2": 4.79101228714,
        "dvar": 32.8499603271,
        "dvar2": 44.8762969971,
        "max": 64.6273040771,
        "mean": 13.4052410126,
        "median": 12.1519641876,
        "min": 1.15144136837e-16,
        "var": 96.4780731201
    },
    "melbands_crest": {
        "dmean": 2.90245175362,
        "dmean2": 4.8363609314,
        "dvar": 7.00775527954,
        "dvar2": 18.5379810333,
        "max": 31.0640773773,
        "mean": 15.2775344849,
        "median": 15.51628685,
        "min": 2.15442490578,
        "var": 22.5905475616
    },
    "melbands_flatness_db": {
        "dmean": 0.0252096038312,
        "dmean2": 0.0354422777891,
        "dvar": 0.000656481424812,
        "dvar2": 0.00132156594191,
        "max": 0.433625161648,
        "mean": 0.243702098727,
        "median": 0.245263531804,
        "min": 0.00610069604591,
        "var": 0.00466197822243
    },
    "melbands_kurtosis": {
        "dmean": 9.10611915588,
        "dmean2": 14.2029533386,
        "dvar": 201.042663574,
        "dvar2": 485.737335205,
        "max": 249.396179199,
        "mean": 23.8972167969,
        "median": 13.5533847809,
        "min": -1.17953181267,
        "var": 776.49621582
    },
    "melbands_skewness": {
        "dmean": 0.711777329445,
        "dmean2": 1.13312041759,
        "dvar": 0.548006772995,
        "dvar2": 1.28635859489,
        "max": 12.0172977448,
        "mean": 3.65412259102,
        "median": 3.38828992844,
        "min": 0.27971303463,
        "var": 3.29095816612
    },
    "melbands_spread": {
        "dmean": 5.10757446289,
        "dmean2": 7.80192613602,
        "dvar": 54.6702270508,
        "dvar2": 105.966705322,
        "max": 130.896072388,
        "mean": 17.4405517578,
        "median": 15.1741256714,
        "min": 1.08625721931,
        "var": 178.927719116
    },
    "pitch_salience": {
        "dmean": 0.0778239294887,
        "dmean2": 0.130521193147,
        "dvar": 0.00455929059535,
        "dvar2": 0.0123801771551,
        "max": 0.952498972416,
        "mean": 0.556709766388,
        "median": 0.558177351952,
        "min": 0.274479627609,
        "var": 0.0109125487506
    },
    "silence_rate_20dB": {
        "dmean": 0,
        "dmean2": 0,
        "dvar": 0,
        "dvar2": 0,
        "max": 1,
        "mean": 1,
        "median": 1,
        "min": 1,
        "var": 0
    },
    "silence_rate_30dB": {
        "dmean": 0.00515729747713,
        "dmean2": 0.0103199174628,
        "dvar": 0.00513077760115,
        "dvar2": 0.015373583883,
        "max": 1,
        "mean": 0.99742269516,
        "median": 1,
        "min": 0,
        "var": 0.00257069780491
    },
    "silence_rate_60dB": {
        "dmean": 0.00206291908398,
        "dmean2": 0.00361197115853,
        "dvar": 0.00205869460478,
        "dvar2": 0.00463075470179,
        "max": 1,
        "mean": 0.00206185574643,
        "median": 0,
        "min": 0,
        "var": 0.00205764453858
    },
    "spectral_centroid": {
        "dmean": 244.924972534,
        "dmean2": 364.172363281,
        "dvar": 98132.0546875,
        "dvar2": 144403.90625,
        "max": 10756.5634766,
        "mean": 1360.21618652,
        "median": 1377.09936523,
        "min": 240.50819397,
        "var": 330808.34375
    },
    "spectral_complexity": {
        "dmean": 4.20526027679,
        "dmean2": 5.92930841446,
        "dvar": 18.9006710052,
        "dvar2": 29.5373458862,
        "max": 58,
        "mean": 23.0082473755,
        "median": 24,
        "min": 0,
        "var": 111.895599365
    },
    "spectral_decrease": {
        "dmean": 2.9082047881e-09,
        "dmean2": 4.63137572737e-09,
        "dvar": 1.98273290314e-17,
        "dvar2": 4.89929249909e-17,
        "max": -1.41771290251e-28,
        "mean": -7.78049891181e-09,
        "median": -6.94317758843e-09,
        "min": -3.87082437214e-08,
        "var": 2.72234552907e-17
    },
    "spectral_energy": {
        "dmean": 0.0111911483109,
        "dmean2": 0.0177399609238,
        "dvar": 0.000291980482871,
        "dvar2": 0.000717354007065,
        "max": 0.150230377913,
        "mean": 0.0305812712759,
        "median": 0.0272253528237,
        "min": 1.0978993787e-20,
        "var": 0.000407706160331
    },
    "spectral_energyband_high": {
        "dmean": 0.000208066907362,
        "dmean2": 0.000269918731647,
        "dvar": 2.62288125441e-07,
        "dvar2": 4.4283657985e-07,
        "max": 0.00565393595025,
        "mean": 0.000355287658749,
        "median": 0.000187499390449,
        "min": 7.40021786943e-21,
        "var": 4.57623258399e-07
    },
    "spectral_energyband_low": {
        "dmean": 0.00733588216826,
        "dmean2": 0.012518979609,
        "dvar": 0.000141213706229,
        "dvar2": 0.000398968957597,
        "max": 0.109507150948,
        "mean": 0.0169968642294,
        "median": 0.015701957047,
        "min": 5.67252143351e-23,
        "var": 0.000199775327928
    },
    "spectral_energyband_middle_high": {
        "dmean": 0.000831023615319,
        "dmean2": 0.00121412344743,
        "dvar": 9.03146997189e-07,
        "dvar2": 1.74863157554e-06,
        "max": 0.014843121171,
        "mean": 0.00365517637692,
        "median": 0.00383652700111,
        "min": 1.96786368701e-21,
        "var": 5.68757741348e-06
    },
    "spectral_energyband_middle_low": {
        "dmean": 0.00558051327243,
        "dmean2": 0.00855870079249,
        "dvar": 0.000193007916096,
        "dvar2": 0.000410509906942,
        "max": 0.136559575796,
        "mean": 0.0108296861872,
        "median": 0.00755443517119,
        "min": 5.6064998342e-22,
        "var": 0.000220370216994
    },
    "spectral_entropy": {
        "dmean": 0.105222702026,
        "dmean2": 0.155109196901,
        "dvar": 0.0143393836915,
        "dvar2": 0.0268380586058,
        "max": 9.80796051025,
        "mean": 7.50356292725,
        "median": 7.55692529678,
        "min": 6.42930459976,
        "var": 0.0646589919925
    },
    "spectral_flux": {
        "dmean": 0.0270184054971,
        "dmean2": 0.0425625145435,
        "dvar": 0.00140080635902,
        "dvar2": 0.00298282015137,
        "max": 0.339665174484,
        "mean": 0.0785346105695,
        "median": 0.0607018321753,
        "min": 1.04780691068e-10,
        "var": 0.00226496439427
    },
    "spectral_kurtosis": {
        "dmean": 1.87862253189,
        "dmean2": 3.31989097595,
        "dvar": 2.90186071396,
        "dvar2": 8.7627286911,
        "max": 12.9194383621,
        "mean": 4.33620023727,
        "median": 4.19440793991,
        "min": -1.19651222229,
        "var": 4.1300034523
    },
    "spectral_rms": {
        "dmean": 0.000895061995834,
        "dmean2": 0.00139163061976,
        "dvar": 1.32217871851e-06,
        "dvar2": 3.09740971716e-06,
        "max": 0.0121064539999,
        "mean": 0.00520803174004,
        "median": 0.00515376776457,
        "min": 3.27279891556e-12,
        "var": 2.71182761935e-06
    },
    "spectral_rolloff": {
        "dmean": 343.198852539,
        "dmean2": 540.730651855,
        "dvar": 365014.6875,
        "dvar2": 591197,
        "max": 18733.8867188,
        "mean": 989.538513184,
        "median": 753.662109375,
        "min": 64.599609375,
        "var": 960180.9375
    },
    "spectral_skewness": {
        "dmean": 0.243316814303,
        "dmean2": 0.404592037201,
        "dvar": 0.0465945452452,
        "dvar2": 0.127263277769,
        "max": 2.72389173508,
        "mean": 1.19978749752,
        "median": 1.19976270199,
        "min": 0.0460395514965,
        "var": 0.165396392345
    },
    "spectral_spread": {
        "dmean": 239535.234375,
        "dmean2": 347580.5,
        "dvar": 517362974720,
        "dvar2": 305879941120,
        "max": 39676552,
        "mean": 3286256.75,
        "median": 3195902.75,
        "min": 2059253.125,
        "var": 1.44255916442e+12
    },
    "spectral_strongpeak": {
        "dmean": 0.240114703774,
        "dmean2": 0.418183416128,
        "dvar": 0.157787561417,
        "dvar2": 0.411015659571,
        "max": 3.96474599838,
        "mean": 0.431072086096,
        "median": 0.330578714609,
        "min": 0,
        "var": 0.195947960019
    },
    "zerocrossingrate": {
        "dmean": 0.00721417274326,
        "dmean2": 0.00844061374664,
        "dvar": 0.00016694261285,
        "dvar2": 0.000179091948667,
        "max": 0.48291015625,
        "mean": 0.0394820682704,
        "median": 0.03466796875,
        "min": 0.00048828125,
        "var": 0.000563792244066
    },
    "barkbands": {
        "dmean": [0.000328510883264, 0.0049090157263, 0.00292794522829, 0.00169958313927, 0.00325965043157, 0.00121598143596, 0.000334626820404, 0.000356944219675, 0.000250593962846, 0.000360013538739, 0.000193694781046, 0.000153856119141, 0.000124047553982, 9.43505510804e-05, 0.000253649282968, 0.000127336883452, 0.000147722079419, 0.000168376529473, 0.000195691914996, 0.000173836655449, 8.48578565638e-05, 2.76158243651e-05, 7.7830909504e-06, 4.46757849204e-06, 3.32544277626e-06, 3.65823234461e-06, 8.13191149973e-07],
        "dmean2": [0.000558319094125, 0.00799432303756, 0.00513939047232, 0.00302674295381, 0.00505570601672, 0.00190697063226, 0.000562958186492, 0.00060155702522, 0.000409321044572, 0.000581095344387, 0.000324485765304, 0.000243485643296, 0.000194513049792, 0.00014899171947, 0.000409237196436, 0.000213259307202, 0.000231818281463, 0.000252999219811, 0.000287178176222, 0.000250599259743, 0.000117961862998, 3.51707385562e-05, 9.70019664237e-06, 6.22746028967e-06, 4.72890633318e-06, 5.17918761034e-06, 1.23975348743e-06],
        "dvar": [2.72512778565e-07, 5.64571782888e-05, 3.58750694431e-05, 1.34276851895e-05, 6.82623431203e-05, 5.96058680458e-06, 5.80284677199e-07, 1.16317494303e-06, 6.90203023623e-08, 1.90722744264e-07, 5.95913718371e-08, 3.82271885258e-08, 2.35671961946e-08, 1.49949546113e-08, 1.17461439686e-07, 2.32994370464e-08, 2.48548523984e-08, 7.91581626913e-08, 8.48010230925e-08, 1.31201019826e-07, 4.57374511598e-08, 4.22180290727e-09, 3.80102699316e-10, 9.64975321871e-11, 4.80779305256e-11, 1.13381831701e-10, 5.44332070737e-12],
        "dvar2": [7.38832170555e-07, 0.0001589058229, 0.000102323509054, 3.65788400813e-05, 0.000149057523231, 1.43732240758e-05, 1.51439769525e-06, 2.99775683743e-06, 1.71405574179e-07, 4.47169810514e-07, 1.58715195653e-07, 9.91606583511e-08, 5.59383117604e-08, 3.76442805816e-08, 3.03280415892e-07, 6.07427139698e-08, 5.87431330246e-08, 1.67961459852e-07, 1.5055091751e-07, 2.64233591452e-07, 9.05378598759e-08, 7.32333882425e-09, 6.9803907099e-10, 2.0404967993e-10, 8.88488518869e-11, 2.21835397274e-10, 1.25565356723e-11],
        "max": [0.00722892023623, 0.0923540890217, 0.0592310577631, 0.0359341874719, 0.0832417830825, 0.0282890163362, 0.00893330853432, 0.00952156633139, 0.0029246294871, 0.00610792404041, 0.00221700617112, 0.00186162290629, 0.00207649613731, 0.00132979406044, 0.00386964622885, 0.00177059683483, 0.00181855948176, 0.00333994510584, 0.004361867439, 0.00443953322247, 0.00269883521833, 0.000790432502981, 0.000204838797799, 0.000107990650577, 7.47241210775e-05, 0.000108044783701, 3.09531460516e-05],
        "mean": [0.000436776375864, 0.0103646432981, 0.00533020822331, 0.00207003834657, 0.00446048285812, 0.00213952921331, 0.000497305823956, 0.000395889801439, 0.000545294256881, 0.000913037452847, 0.000323734944686, 0.000302174652461, 0.000226391945034, 0.000210536512895, 0.000480765098473, 0.000273066951195, 0.000367203028873, 0.000321019731928, 0.000420428346843, 0.000293027929729, 0.000130825879751, 4.50840525446e-05, 1.2091919416e-05, 8.81982850842e-06, 6.7013043008e-06, 5.11821872351e-06, 1.11701399419e-06],
        "median": [0.000250406330451, 0.00802096538246, 0.00470753014088, 0.00127761019394, 0.0023305111099, 0.00147297990043, 0.00028948605177, 0.000169354912941, 0.000446385703981, 0.000564005225897, 0.00025108360569, 0.000219154695515, 0.000154949331773, 0.000151265805471, 0.000306545785861, 0.000251056917477, 0.00032083800761, 0.000229600555031, 0.000307750015054, 0.000192061736016, 6.49646826787e-05, 1.90574428416e-05, 4.24964400736e-06, 5.25148880115e-06, 3.75139325115e-06, 1.56103249083e-06, 2.14385863728e-07],
        "min": [6.3302072342e-24, 4.91498777256e-23, 4.84465317091e-25, 4.06732107339e-23, 7.85174589765e-23, 1.51263333891e-22, 7.06705459563e-23, 7.74687599109e-23, 1.31229005824e-22, 4.8496423217e-23, 1.95752387886e-22, 1.50658334375e-22, 1.83053077842e-22, 1.43115524078e-22, 1.24804143959e-22, 9.0322995926e-23, 1.50748605306e-22, 2.46313575637e-22, 4.33046872617e-22, 3.31004066834e-22, 3.56234489156e-22, 4.59547802758e-22, 6.94763859885e-22, 8.22500761497e-22, 1.33502992678e-21, 1.64367088504e-21, 2.24844573377e-21],
        "var": [3.13382798822e-07, 0.000100441007817, 3.35144868586e-05, 1.07246869447e-05, 7.6447322499e-05, 6.57993132336e-06, 5.63190326375e-07, 9.44485066157e-07, 1.87819210851e-07, 9.34830040933e-07, 9.2930569906e-08, 9.01475942783e-08, 5.45093250537e-08, 4.85234181724e-08, 2.95554542618e-07, 5.12492839277e-08, 8.40366070065e-08, 1.37554749813e-07, 1.82550024874e-07, 2.00520105409e-07, 6.77216291933e-08, 8.74478800483e-09, 6.67121247133e-10, 1.54901258487e-10, 9.00074598187e-11, 1.456801485e-10, 7.17231959588e-12]
    },
    "erbbands": {
        "dmean": [0.153138041496, 1.12353932858, 3.22517752647, 4.32087945938, 11.2330608368, 9.18642234802, 6.77976226807, 12.0994386673, 4.83381080627, 7.31518268585, 6.21387195587, 5.47302389145, 14.2549829483, 5.58585977554, 6.29579591751, 6.32476806641, 6.4665646553, 3.41631937027, 4.6932349205, 18.0927181244, 8.06514930725, 6.81850099564, 7.5000128746, 11.8797044754, 8.66947078705, 9.00743484497, 4.17890739441, 3.09294319153, 1.2043787241, 0.413333952427, 0.191892907023, 0.110425509512, 0.0762351155281, 0.0418300554156, 0.0219755005091, 0.00900896452367, 0.00683979690075, 0.00323717691936, 7.70277692936e-05, 1.26565482788e-05],
        "dmean2": [0.239472553134, 1.87668669224, 5.63720226288, 7.72060585022, 16.9140110016, 15.2760763168, 11.2272434235, 19.3063163757, 7.80224227905, 12.4991312027, 10.4654111862, 8.85854148865, 23.2936706543, 9.35868835449, 10.4148826599, 9.94041442871, 10.119641304, 5.34427070618, 7.68149232864, 29.5943813324, 12.9602108002, 10.645857811, 11.3212995529, 16.8998184204, 13.157957077, 13.2374219894, 5.95473861694, 4.23191738129, 1.49645268917, 0.503753185272, 0.239954099059, 0.157183930278, 0.113960072398, 0.0584419257939, 0.0309750307351, 0.0135037209839, 0.00952107459307, 0.00465435814112, 0.0001116464191, 1.99862843147e-05],
        "dvar": [0.0712728053331, 2.85035395622, 37.3331985474, 71.4368438721, 1223.91101074, 299.837310791, 94.2440795898, 860.51739502, 91.139465332, 339.598114014, 371.791656494, 36.2742156982, 294.383361816, 38.5015716553, 55.5822181702, 70.0963287354, 62.0300827026, 19.1414470673, 28.8738079071, 668.379516602, 91.2040252686, 50.1258926392, 120.848449707, 528.534606934, 147.003570557, 404.972137451, 86.3534927368, 75.9536056519, 8.78637981415, 0.990040898323, 0.223933815956, 0.0767194181681, 0.0240302793682, 0.00659419829026, 0.00239208969288, 0.000512943021022, 0.000362623221008, 9.23574189073e-05, 4.96506764591e-08, 3.75043968104e-10],
        "dvar2": [0.192912980914, 8.05248641968, 105.05002594, 201.760131836, 2650.3347168, 746.493286133, 228.113265991, 2176.96899414, 182.574310303, 901.265563965, 953.761047363, 85.152053833, 700.600769043, 101.09677124, 148.120529175, 174.816375732, 151.657073975, 43.3965454102, 82.5718154907, 1735.18212891, 227.877746582, 117.436325073, 254.073181152, 1034.25146484, 293.098449707, 858.445007324, 176.689788818, 150.635314941, 14.5369653702, 1.69853425026, 0.389769941568, 0.155916690826, 0.0544414594769, 0.0120516354218, 0.00453017652035, 0.00101456500124, 0.000728307350073, 0.000194491629372, 1.05634242686e-07, 7.99701360688e-10],
        "max": [3.48191666603, 17.2368144989, 59.5966911316, 65.7628860474, 355.69909668, 198.463684082, 114.184989929, 334.894561768, 111.800003052, 212.716125488, 196.169326782, 62.454334259, 247.871246338, 64.5916137695, 70.711265564, 84.9103088379, 102.126525879, 66.5679092407, 60.0059280396, 301.020599365, 106.397140503, 81.9831848145, 124.039978027, 353.722503662, 150.966598511, 243.83656311, 110.181785583, 106.59916687, 37.5345649719, 11.0271558762, 4.62561368942, 3.14407873154, 1.66772532463, 0.92107719183, 0.611274421215, 0.311628937721, 0.221890881658, 0.0770541802049, 0.00276647531427, 0.000169169012224],
        "mean": [0.306428730488, 2.29136657715, 6.55233955383, 5.93864011765, 13.7079296112, 13.0429153442, 13.1081638336, 18.7779788971, 8.17202758789, 9.15987205505, 7.5089507103, 12.3165988922, 36.7643547058, 12.3418169022, 11.9229602814, 13.3651790619, 13.12520504, 8.81414413452, 11.4233608246, 31.7019081116, 19.9845142365, 17.9634437561, 16.1927204132, 22.196844101, 19.1964530945, 14.3883075714, 7.30183362961, 4.33182573318, 1.92964375019, 0.687140226364, 0.304512739182, 0.188942015171, 0.15135474503, 0.0899599269032, 0.0418886430562, 0.0144029557705, 0.00962118338794, 0.00407626852393, 0.000111515713797, 3.69513800251e-05],
        "median": [0.243065491319, 1.66877675056, 5.58636665344, 4.45363998413, 5.3663225174, 8.47452354431, 10.1048288345, 12.1438446045, 4.43455457687, 5.42085027695, 3.59181666374, 10.4299163818, 22.8229103088, 10.4057865143, 9.70876312256, 9.71969413757, 9.95208930969, 6.89417266846, 11.026424408, 17.9572792053, 18.5230331421, 16.635974884, 13.0821533203, 14.502910614, 14.6190929413, 9.17551517487, 4.48036670685, 1.79167246819, 0.782438397408, 0.226488649845, 0.111717939377, 0.106182590127, 0.0841575562954, 0.0507753640413, 0.0224249027669, 0.0059701744467, 0.00286932010204, 0.000892638636287, 3.47302266164e-05, 3.20494036714e-05],
        "min": [1.21227650563e-21, 1.14631973679e-20, 6.02901575452e-21, 4.57800945131e-20, 2.06630234004e-19, 2.06630776841e-19, 9.00900292912e-19, 1.29480266663e-18, 8.69403529933e-19, 1.48059363607e-18, 1.82882705798e-18, 3.77040462371e-18, 1.51249644133e-18, 5.17104970261e-18, 6.55735519201e-18, 5.9201506692e-18, 6.73859501371e-18, 8.95389181402e-18, 7.44301747387e-18, 5.76667805988e-18, 6.57818194547e-18, 7.81603208956e-18, 9.11510766104e-18, 2.12253751088e-17, 2.17300396549e-17, 1.58862898686e-17, 1.31858967203e-17, 1.41956650454e-17, 1.50520484423e-17, 2.20934647657e-17, 1.84395681177e-17, 1.65645233769e-17, 1.4522298817e-17, 1.40562851122e-17, 9.93819786547e-18, 5.60531828343e-18, 3.07726490711e-18, 1.16265498031e-18, 2.67172125874e-19, 3.78262811719e-20],
        "var": [0.114937290549, 4.92016077042, 40.3967514038, 54.2948722839, 1322.89221191, 311.665039062, 128.522247314, 775.386413574, 128.751556396, 280.889312744, 296.547454834, 91.1579971313, 1546.91723633, 66.3815231323, 102.625312805, 182.569213867, 165.056869507, 77.2410507202, 84.1558227539, 1455.76635742, 262.823974609, 165.378143311, 242.174438477, 849.535644531, 328.384216309, 554.768493652, 134.558349609, 106.485275269, 17.7934474945, 2.13103270531, 0.41067302227, 0.106897056103, 0.0417173691094, 0.0134665491059, 0.00422959728166, 0.000756095163524, 0.000474187021609, 0.000110914821562, 6.20030462528e-08, 6.22445039955e-10]
    },
    "gfcc": {
        "mean": [-15.6717510223, 130.756958008, -127.779701233, 48.4191894531, -37.5578613281, -6.58388328552, -20.3316612244, 7.64713859558, -26.891664505, -6.11933612823, -12.8995227814, -0.897390663624, -0.0475271530449],
        "cov": [[2802.47436523, -628.747070312, 24.6102275848, -112.762031555, -24.0115947723, 21.3916015625, -159.57875061, 38.9077644348, -97.4777603149, 236.840530396, -196.20539856, 109.942398071, -143.353973389], [-628.747070312, 1376.91113281, -528.281005859, 308.114593506, 370.756134033, -68.6646957397, 493.78616333, -306.741912842, 371.793457031, -115.107658386, 196.133392334, -147.967498779, 203.024337769], [24.6102275848, -528.281005859, 1617.37609863, 192.315658569, -24.2103786469, 371.257354736, -242.468673706, 594.043579102, -319.502319336, -7.43920755386, 16.5736846924, 131.470565796, -128.274276733], [-112.762031555, 308.114593506, 192.315658569, 245.356109619, 133.954299927, 69.703414917, 159.091262817, 16.4388198853, 64.1075286865, -49.3414077759, 69.1165084839, -15.8589038849, 30.4267120361], [-24.0115947723, 370.756134033, -24.2103786469, 133.954299927, 316.268157959, 94.330581665, 212.957962036, -34.5360679626, 119.122512817, 14.8420124054, 48.9169387817, -9.95605564117, 67.0111236572], [21.3916015625, -68.6646957397, 371.257354736, 69.703414917, 94.330581665, 169.852554321, -1.16138637066, 168.326965332, -50.6733894348, 8.83031272888, 16.7756519318, 33.3554840088, -4.62664079666], [-159.57875061, 493.78616333, -242.468673706, 159.091262817, 212.957962036, -1.16138637066, 316.318054199, -146.632141113, 168.05960083, -41.4341011047, 60.2344436646, -46.7111701965, 64.5796356201], [38.9077644348, -306.741912842, 594.043579102, 16.4388198853, -34.5360679626, 168.326965332, -146.632141113, 303.653869629, -137.558532715, 16.4606895447, -8.79923057556, 55.4022140503, -42.3995170593], [-97.4777603149, 371.793457031, -319.502319336, 64.1075286865, 119.122512817, -50.6733894348, 168.05960083, -137.558532715, 169.554473877, 0.426031768322, 41.1033210754, -47.5256271362, 59.8470191956], [236.840530396, -115.107658386, -7.43920755386, -49.3414077759, 14.8420124054, 8.83031272888, -41.4341011047, 16.4606895447, 0.426031768322, 73.5122299194, -17.3519630432, 22.8116836548, -12.4715528488], [-196.20539856, 196.133392334, 16.5736846924, 69.1165084839, 48.9169387817, 16.7756519318, 60.2344436646, -8.79923057556, 41.1033210754, -17.3519630432, 72.2925262451, -5.57216835022, 34.6406517029], [109.942398071, -147.967498779, 131.470565796, -15.8589038849, -9.95605564117, 33.3554840088, -46.7111701965, 55.4022140503, -47.5256271362, 22.8116836548, -5.57216835022, 49.5225830078, -12.0426521301], [-143.353973389, 203.024337769, -128.274276733, 30.4267120361, 67.0111236572, -4.62664079666, 64.5796356201, -42.3995170593, 59.8470191956, -12.4715528488, 34.6406517029, -12.0426521301, 71.8197021484]],
        "icov": [[0.000787726195995, -0.000789809098933, 0.000595047022216, -0.00135058618616, 0.000589196104556, -0.000763066287618, 0.0001856188901, -4.94514097227e-05, 0.00118940242101, -0.002988334978, 0.00281493435614, -0.00207582209259, 0.00142912450247], [-0.000789809098933, 0.00765886902809, -0.0023973188363, 0.00162570015527, -0.00419634347782, 0.00459465384483, -0.00176062143873, 0.00184623943642, -0.00623443908989, 0.00687342090532, -0.0106053985655, 0.011603009887, -0.00786350946873], [0.000595047022216, -0.0023973188363, 0.00616577966139, -0.00572684966028, -0.000368196691852, -0.00165689503774, 0.00208660797216, -0.0070439921692, 0.00615792209283, -0.00198309519328, 0.00183331861626, -0.00679561775178, 0.00810584705323], [-0.00135058618616, 0.00162570015527, -0.00572684966028, 0.0165366865695, -0.00115611997899, 0.000500534253661, -0.00486385030672, 0.0034922955092, -0.00801469851285, 0.00990791339427, -0.00832385662943, 0.00520041305572, -0.00369360530749], [0.000589196104556, -0.00419634347782, -0.000368196691852, -0.00115611997899, 0.0160828959197, -0.0138355875388, -0.00495178531855, 0.00512315519154, 0.000360852631275, -0.0115301627666, 0.00945058651268, -0.00516491383314, -0.00327681540512], [-0.000763066287618, 0.00459465384483, -0.00165689503774, 0.000500534253661, -0.0138355875388, 0.0357103161514, -0.00519535411149, -0.0162620116025, 0.0044204685837, 0.00377282337286, -0.0101996995509, 0.00673075113446, -0.00438223266974], [0.0001856188901, -0.00176062143873, 0.00208660797216, -0.00486385030672, -0.00495178531855, -0.00519535411149, 0.0171044357121, 0.00340307923034, -0.00780578982085, 0.00819157157093, 0.00236476236023, -0.00707776471972, 0.00764899561182], [-4.94514097227e-05, 0.00184623943642, -0.0070439921692, 0.0034922955092, 0.00512315519154, -0.0162620116025, 0.00340307923034, 0.0253112707287, -0.00587761448696, -0.000849977077451, 0.00118886330165, 0.00519343838096, -0.00827567558736], [0.00118940242101, -0.00623443908989, 0.00615792209283, -0.00801469851285, 0.000360852631275, 0.0044204685837, -0.00780578982085, -0.00587761448696, 0.0395706295967, -0.0230777934194, 0.00315033551306, 0.00514609599486, 0.000250810116995], [-0.002988334978, 0.00687342090532, -0.00198309519328, 0.00990791339427, -0.0115301627666, 0.00377282337286, 0.00819157157093, -0.000849977077451, -0.0230777934194, 0.0460691004992, -0.0133398128673, -0.00474461307749, 0.00286833476275], [0.00281493435614, -0.0106053985655, 0.00183331861626, -0.00832385662943, 0.00945058651268, -0.0101996995509, 0.00236476236023, 0.00118886330165, 0.00315033551306, -0.0133398128673, 0.04458450526, -0.0212521161884, 0.00149059051182], [-0.00207582209259, 0.011603009887, -0.00679561775178, 0.00520041305572, -0.00516491383314, 0.00673075113446, -0.00707776471972, 0.00519343838096, 0.00514609599486, -0.00474461307749, -0.0212521161884, 0.0606738366187, -0.0212889909744], [0.00142912450247, -0.00786350946873, 0.00810584705323, -0.00369360530749, -0.00327681540512, -0.00438223266974, 0.00764899561182, -0.00827567558736, 0.000250810116995, 0.00286833476275, 0.00149059051182, -0.0212889909744, 0.0420597121119]]
    },
    "melbands": {
        "dmean": [0.00134117272682, 0.00153342087287, 0.000934800889809, 0.000769719539676, 0.000252899975749, 0.000252515805187, 7.23101256881e-05, 8.41673245304e-05, 4.60134979221e-05, 3.58111137757e-05, 7.08791267243e-05, 2.18809746002e-05, 2.67090254056e-05, 1.3455152839e-05, 1.9465400328e-05, 9.17651414056e-06, 7.54154325477e-06, 8.35934952192e-06, 1.72008076333e-05, 1.76972334884e-05, 1.13309070002e-05, 8.39846325107e-06, 7.55848668632e-06, 7.90019294072e-06, 1.05813278424e-05, 7.49946320866e-06, 5.46962019143e-06, 6.59552415527e-06, 3.00189503832e-06, 2.05097785511e-06, 1.65902372373e-06, 7.84584642588e-07, 3.20074093452e-07, 2.01599917204e-07, 1.045573228e-07, 1.03399798945e-07, 5.7494670358e-08, 5.79666448175e-08, 4.45583268061e-08, 4.1764621983e-08],
        "dmean2": [0.00213071727194, 0.00268913060427, 0.0015531926183, 0.0012002682779, 0.000427487306297, 0.000400229124352, 0.000116228671686, 0.000144098085002, 7.65690929256e-05, 5.84339322813e-05, 0.000115749426186, 3.67574975826e-05, 4.42221462436e-05, 2.17344422708e-05, 3.14783465001e-05, 1.45326430356e-05, 1.16913988677e-05, 1.36820945045e-05, 2.80385429505e-05, 2.92878758046e-05, 1.81974482985e-05, 1.31897450046e-05, 1.21054536066e-05, 1.18591642604e-05, 1.53130076797e-05, 1.16835299195e-05, 8.3441964307e-06, 9.78653315542e-06, 4.53402481071e-06, 2.83234408016e-06, 2.33258379012e-06, 1.03837135157e-06, 4.06908611694e-07, 2.59989946017e-07, 1.32342165671e-07, 1.4507168089e-07, 8.62803872792e-08, 8.74784404914e-08, 7.10665375436e-08, 6.12966886138e-08],
        "dvar": [4.71288058179e-06, 7.32162334316e-06, 4.03010699301e-06, 4.29709916716e-06, 1.15425208946e-07, 3.32211271825e-07, 2.16873026204e-08, 5.16051521515e-08, 1.63220601479e-08, 1.37186872973e-09, 7.32197813491e-09, 6.00797300798e-10, 1.06115560783e-09, 2.83609052909e-10, 6.39504893485e-10, 1.15138953927e-10, 9.96861412861e-11, 1.02138970892e-10, 5.26095611519e-10, 5.57947077429e-10, 1.73843009432e-10, 7.76766775901e-11, 8.77100406194e-11, 1.72192579639e-10, 4.26471302717e-10, 9.00142460569e-11, 6.76435851776e-11, 2.60987731426e-10, 4.11518770449e-11, 2.81314103956e-11, 2.11245014536e-11, 3.72914286256e-12, 5.89925677752e-13, 2.57028935895e-13, 6.73725127336e-14, 6.77973573549e-14, 1.93979371005e-14, 1.47900846437e-14, 6.47230919304e-15, 6.40075396724e-15],
        "dvar2": [1.31812221298e-05, 2.05114138225e-05, 9.98868472379e-06, 9.71390363702e-06, 2.73883415502e-07, 8.2970746007e-07, 4.37355609506e-08, 1.37659242228e-07, 4.16223713273e-08, 3.35881855662e-09, 1.74317325019e-08, 1.58871993339e-09, 2.83179524274e-09, 7.14824366366e-10, 1.66659641643e-09, 2.86247470171e-10, 2.23305193781e-10, 2.8048618983e-10, 1.37038946857e-09, 1.48496170915e-09, 4.33205665784e-10, 1.899556068e-10, 2.06196767993e-10, 3.63810842563e-10, 8.48545733678e-10, 1.7827700427e-10, 1.47205928003e-10, 5.61749979866e-10, 9.56246679062e-11, 5.47605884249e-11, 4.21745242896e-11, 7.01419044374e-12, 8.3517307653e-13, 5.09596488271e-13, 1.08353376185e-13, 1.36210351808e-13, 4.16943464075e-14, 3.45852632557e-14, 1.48315282717e-14, 1.28845002227e-14],
        "max": [0.0285531505942, 0.0249055251479, 0.0183514785022, 0.0216473359615, 0.00435964670032, 0.00665795383975, 0.00167281343602, 0.0023824381642, 0.00135040748864, 0.000392760994146, 0.001228003297, 0.000246791489189, 0.000271368509857, 0.000168646976817, 0.000249422650086, 0.000136576258228, 0.000150819716509, 0.000105600491224, 0.000258965650573, 0.00027939726715, 0.000137160837767, 0.00010387646762, 0.000105385086499, 0.000158028851729, 0.000325600936776, 0.000119673168228, 0.000109039414383, 0.000183587151696, 8.02232170827e-05, 6.22434308752e-05, 5.37381311005e-05, 2.47065981966e-05, 8.29966211313e-06, 5.76521733819e-06, 2.69746169579e-06, 2.7160801892e-06, 1.65985682088e-06, 1.39651092468e-06, 8.27848964491e-07, 8.3954580532e-07],
        "mean": [0.00276811304502, 0.00331675517373, 0.00130031735171, 0.00103491323534, 0.000487131183036, 0.000413580273744, 0.000117814037367, 9.95293084998e-05, 5.95167148276e-05, 8.3028775407e-05, 0.000181362935109, 4.39420509792e-05, 4.52348504041e-05, 2.59160369751e-05, 4.30129330198e-05, 1.74757351488e-05, 1.74945434992e-05, 1.74671495188e-05, 3.34975120495e-05, 3.15861398121e-05, 2.47574025707e-05, 2.02352894121e-05, 1.49822553794e-05, 1.50029809447e-05, 1.8414339138e-05, 1.54002245836e-05, 1.09396914922e-05, 9.37898585107e-06, 5.0243302212e-06, 3.03564115711e-06, 2.24894461098e-06, 1.19906678719e-06, 5.52387689368e-07, 3.01867288499e-07, 1.62496178291e-07, 1.6042916684e-07, 9.44541440617e-08, 1.09353358368e-07, 8.23167312092e-08, 7.93419019374e-08],
        "median": [0.00214207405224, 0.00287393666804, 0.00083948043175, 0.000521728594322, 0.000381398887839, 0.000275727274129, 6.004090028e-05, 5.43366913917e-05, 3.16718433169e-05, 7.1776274126e-05, 0.000111141067464, 3.64210864063e-05, 3.47872774e-05, 2.02970040846e-05, 3.40499827871e-05, 1.32258519443e-05, 1.20942295325e-05, 1.51972080857e-05, 2.16269800148e-05, 2.04454863706e-05, 2.05951255339e-05, 1.77313559107e-05, 1.27262737806e-05, 1.06663337647e-05, 1.15138573165e-05, 1.16925948532e-05, 8.39645144879e-06, 5.38056201549e-06, 3.25817882185e-06, 1.42814599258e-06, 8.97576910575e-07, 5.24132360624e-07, 1.86787815437e-07, 8.73563834602e-08, 4.92503602345e-08, 8.06968216693e-08, 5.46835643433e-08, 5.93688369577e-08, 4.74922501326e-08, 4.2878873785e-08],
        "min": [1.34820115235e-23, 7.75990639552e-24, 1.62960456109e-23, 1.17025827127e-23, 2.81686578254e-23, 2.83998193142e-23, 1.40022116479e-23, 1.75051847851e-23, 1.58737794124e-23, 2.20121632846e-23, 6.2384015742e-24, 1.91948522689e-23, 2.13420780104e-23, 2.06192226748e-23, 8.72907408241e-24, 2.06499219858e-23, 1.56993875098e-23, 1.28931994329e-23, 7.86650832509e-24, 5.94953964337e-24, 9.0710618509e-24, 9.0994403331e-24, 7.04016469396e-24, 1.03116189884e-23, 1.79465256403e-23, 1.54212651313e-23, 1.56692703781e-23, 9.08266915026e-24, 7.91636038999e-24, 8.15325453097e-24, 7.88264131946e-24, 7.03389324976e-24, 1.1760179814e-23, 1.27340719888e-23, 1.19249823234e-23, 9.07183493459e-24, 1.00603707344e-23, 9.58359976938e-24, 1.08632536422e-23, 1.22724534641e-23],
        "var": [8.14160739537e-06, 8.57576742419e-06, 3.84069471693e-06, 4.61059516965e-06, 1.57088507535e-07, 3.18216308415e-07, 3.01617006926e-08, 4.10304892284e-08, 1.36287763297e-08, 3.86232734684e-09, 3.84610530091e-08, 9.05472197221e-10, 1.7566045285e-09, 5.96250715468e-10, 1.80463388677e-09, 2.71909605942e-10, 3.70216080015e-10, 2.42802750128e-10, 1.35749445018e-09, 1.1839410563e-09, 4.7756809618e-10, 2.42603631628e-10, 1.7008291997e-10, 2.99608948762e-10, 6.52227105657e-10, 1.95550728388e-10, 1.36080480218e-10, 3.26527499483e-10, 5.65148448872e-11, 4.10113921989e-11, 2.97819477413e-11, 6.71810740718e-12, 1.48258250295e-12, 4.46046628452e-13, 1.3211492718e-13, 9.58476733311e-14, 2.48767325505e-14, 2.36151938662e-14, 1.11081925112e-14, 1.14933070521e-14]
    },
    "mfcc": {
        "mean": [-653.246643066, 151.832366943, -21.5168056488, 53.9742393494, 3.55226421356, -0.779504001141, 12.1307487488, 5.40898227692, 4.696870327, -2.4595913887, -6.32055664062, -6.11266899109, -2.87908411026],
        "cov": [[2157.15429688, -215.854293823, -568.752624512, -31.5133399963, -189.066543579, 144.218353271, -213.162002563, -222.069839478, 36.1338043213, 38.6649856567, -59.3082771301, 7.29700708389, 84.9955825806], [-215.854293823, 746.869689941, -309.254699707, 238.312393188, 24.2406845093, 236.084640503, 83.0101623535, 38.2612037659, 115.342842102, 63.429901123, 51.1705970764, 36.3533363342, 44.1450996399], [-568.752624512, -309.254699707, 1290.16711426, 12.6015071869, 352.508026123, -265.916809082, 249.14175415, 270.076751709, -82.7359924316, -25.2185134888, 70.8408050537, 32.1616783142, -71.7649688721], [-31.5133399963, 238.312393188, 12.6015071869, 218.266342163, 22.9190673828, 136.722961426, 74.7301559448, 69.9800262451, 48.619720459, 24.1956310272, 45.5107192993, 24.9711647034, 11.3324146271], [-189.066543579, 24.2406845093, 352.508026123, 22.9190673828, 248.41267395, -19.658788681, 139.15246582, 105.27318573, 32.1953468323, 38.6502037048, 21.2405376434, 27.461681366, 3.89839720726], [144.218353271, 236.084640503, -265.916809082, 136.722961426, -19.658788681, 220.531814575, 38.8135528564, 11.0257253647, 69.0166320801, 44.7094421387, 23.6419944763, 15.8159990311, 32.0707054138], [-213.162002563, 83.0101623535, 249.14175415, 74.7301559448, 139.15246582, 38.8135528564, 167.930847168, 124.802520752, 32.9601707458, 27.4602584839, 32.5067634583, 22.7262878418, -8.54814147949], [-222.069839478, 38.2612037659, 270.076751709, 69.9800262451, 105.27318573, 11.0257253647, 124.802520752, 139.995758057, 23.5824699402, 17.5752277374, 32.7661476135, 17.5727233887, -12.1954011917], [36.1338043213, 115.342842102, -82.7359924316, 48.619720459, 32.1953468323, 69.0166320801, 32.9601707458, 23.5824699402, 78.3355484009, 41.990776062, 8.61417579651, 8.59003639221, 19.8149452209], [38.6649856567, 63.429901123, -25.2185134888, 24.1956310272, 38.6502037048, 44.7094421387, 27.4602584839, 17.5752277374, 41.990776062, 51.0705299377, 14.8460550308, 9.02062225342, 13.6450910568], [-59.3082771301, 51.1705970764, 70.8408050537, 45.5107192993, 21.2405376434, 23.6419944763, 32.5067634583, 32.7661476135, 8.61417579651, 14.8460550308, 44.4337730408, 17.132226944, 1.04952228069], [7.29700708389, 36.3533363342, 32.1616783142, 24.9711647034, 27.461681366, 15.8159990311, 22.7262878418, 17.5727233887, 8.59003639221, 9.02062225342, 17.132226944, 38.2175598145, 14.2527017593], [84.9955825806, 44.1450996399, -71.7649688721, 11.3324146271, 3.89839720726, 32.0707054138, -8.54814147949, -12.1954011917, 19.8149452209, 13.6450910568, 1.04952228069, 14.2527017593, 45.0106697083]],
