{
"lowlevel": {
    "average_loudness": 0.958073973656,
    "barkbands_crest": {
        "dmean": 2.88587713242,
        "dmean2": 4.74351358414,
        "dvar": 5.44048309326,
        "dvar2": 14.3777761459,
        "max": 23.2907142639,
        "mean": 12.6212186813,
        "median": 12.0936021805,
        "min": 4.69294834137,
        "var": 12.0023431778
    },
    "barkbands_flatness_db": {
        "dmean": 0.0344072766602,
        "dmean2": 0.0484724417329,
        "dvar": 0.000982711440884,
        "dvar2": 0.00190367130563,
        "max": 0.446977704763,
        "mean": 0.280588805676,
        "median": 0.282232940197,
        "min": 0.0657375827432,
        "var": 0.0038841816131
    },
    "barkbands_kurtosis": {
        "dmean": 9.84433364868,
        "dmean2": 15.8730134964,
        "dvar": 128.735092163,
        "dvar2": 314.061248779,
        "max": 203.504089355,
        "mean": 20.7510890961,
        "median": 16.5272750854,
        "min": -0.922211885452,
        "var": 281.920135498
    },
    "barkbands_skewness": {
        "dmean": 0.9312723279,
        "dmean2": 1.48394072056,
        "dvar": 0.715512990952,
        "dvar2": 1.77537322044,
        "max": 12.2043170929,
        "mean": 3.00525832176,
        "median": 2.76164627075,
        "min": -1.82727479935,
        "var": 1.72307324409
    },
    "barkbands_spread": {
        "dmean": 1.64694738388,
        "dmean2": 2.45651364326,
        "dvar": 7.38459396362,
        "dvar2": 14.1712722778,
        "max": 57.2973213196,
        "mean": 4.12859392166,
        "median": 2.92113208771,
        "min": 0.491906017065,
        "var": 16.7262001038
    },
    "dissonance": {
        "dmean": 0.0330428369343,
        "dmean2": 0.0541054718196,
        "dvar": 0.000813914462924,
        "dvar2": 0.00207421882078,
        "max": 0.498980790377,
        "mean": 0.426709532738,
        "median": 0.432109117508,
        "min": 0.076971501112,
        "var": 0.00170840776991
    },
    "dynamic_complexity": 1.20181059837,
    "erbbands_crest": {
        "dmean": 2.78525710106,
        "dmean2": 4.52520132065,
        "dvar": 5.46741819382,
        "dvar2": 14.1473617554,
        "max": 22.9323139191,
        "mean": 10.2035293579,
        "median": 9.60750102997,
        "min": 3.15216135979,
        "var": 13.0529270172
    },
    "erbbands_flatness_db": {
        "dmean": 0.0290983766317,
        "dmean2": 0.040143083781,
        "dvar": 0.000786012678873,
        "dvar2": 0.00162766396534,
        "max": 0.353172630072,
        "mean": 0.210872605443,
        "median": 0.210199669003,
        "min": 0.0789905041456,
        "var": 0.00281306216493
    },
    "erbbands_kurtosis": {
        "dmean": 2.75675487518,
        "dmean2": 4.24581193924,
        "dvar": 7.43595981598,
        "dvar2": 16.9727210999,
        "max": 32.1864128113,
        "mean": 4.94981861115,
        "median": 4.12366437912,
        "min": -1.91669309139,
        "var": 21.618429184
    },
    "erbbands_skewness": {
        "dmean": 0.547774970531,
        "dmean2": 0.813981354237,
        "dvar": 0.224654585123,
        "dvar2": 0.474381357431,
        "max": 4.88794851303,
        "mean": 1.77334046364,
        "median": 1.81567335129,
        "min": -1.25702595711,
        "var": 0.780538320541
    },
    "erbbands_spread": {
        "dmean": 9.76226902008,
        "dmean2": 14.5838165283,
        "dvar": 138.617996216,
        "dvar2": 274.820861816,
        "max": 157.569000244,
        "mean": 26.6126251221,
        "median": 20.1702022552,
        "min": 5.12206268311,
        "var": 395.688262939
    },
    "hfc": {
        "dmean": 3.91466927528,
        "dmean2": 5.93251180649,
        "dvar": 18.103849411,
        "dvar2": 39.9901695251,
        "max": 63.7253608704,
        "mean": 13.902264595,
        "median": 13.6237916946,
        "min": 1.17865362529e-16,
        "var": 46.8003158569
    },
    "melbands_crest": {
        "dmean": 3.34531545639,
        "dmean2": 5.58894014359,
        "dvar": 8.18783092499,
        "dvar2": 21.1915740967,
        "max": 31.7186145782,
        "mean": 16.88580513,
        "median": 16.1726512909,
        "min": 1.95961880684,
        "var": 21.5014343262
    },
    "melbands_flatness_db": {
        "dmean": 0.038027279079,
        "dmean2": 0.0531903728843,
        "dvar": 0.00118831580039,
        "dvar2": 0.00226677767932,
        "max": 0.56378364563,
        "mean": 0.383704543114,
        "median": 0.385886400938,
        "min": 0.00474604871124,
        "var": 0.00489487266168
    },
    "melbands_kurtosis": {
        "dmean": 19.6847934723,
        "dmean2": 31.6759338379,
        "dvar": 761.792724609,
        "dvar2": 1860.45825195,
        "max": 614.335021973,
        "mean": 36.9868011475,
        "median": 25.7475204468,
        "min": -1.24529421329,
        "var": 1503.67712402
    },
    "melbands_skewness": {
        "dmean": 1.16915369034,
        "dmean2": 1.83823621273,
        "dvar": 1.30269682407,
        "dvar2": 3.06505060196,
        "max": 18.0016345978,
        "mean": 3.73067879677,
        "median": 3.34551310539,
        "min": 0.0289933141321,
        "var": 3.47911834717
    },
    "melbands_spread": {
        "dmean": 1.33555817604,
        "dmean2": 2.01986026764,
        "dvar": 11.5124225616,
        "dvar2": 14.2798099518,
        "max": 138.015106201,
        "mean": 3.47125720978,
        "median": 2.73463010788,
        "min": 0.393934875727,
        "var": 15.8341226578
    },
    "pitch_salience": {
        "dmean": 0.09706415236,
        "dmean2": 0.161855310202,
        "dvar": 0.00642387382686,
        "dvar2": 0.016198001802,
        "max": 0.829137563705,
        "mean": 0.544031918049,
        "median": 0.558488786221,
        "min": 0.11196641624,
        "var": 0.0150991575792
    },
    "silence_rate_20dB": {
        "dmean": 0,
        "dmean2": 0,
        "dvar": 0,
        "dvar2": 0,
        "max": 1,
        "mean": 1,
        "median": 1,
        "min": 1,
        "var": 0
    },
    "silence_rate_30dB": {
        "dmean": 0.140206187963,
        "dmean2": 0.280556976795,
        "dvar": 0.120547346771,
        "dvar2": 0.259603351355,
        "max": 1,
        "mean": 0.801648616791,
        "median": 1,
        "min": 0,
        "var": 0.159005120397
    },
    "silence_rate_60dB": {
        "dmean": 0.000515463936608,
        "dmean2": 0.00103145954199,
        "dvar": 0.000515170919243,
        "dvar2": 0.00103040458634,
        "max": 1,
        "mean": 0.0010303966701,
        "median": 0,
        "min": 0,
        "var": 0.00102934613824
    },
    "spectral_centroid": {
        "dmean": 88.1174163818,
        "dmean2": 129.037078857,
        "dvar": 79787.4765625,
        "dvar2": 94418.0234375,
        "max": 11553.2705078,
        "mean": 352.149993896,
        "median": 288.38482666,
        "min": 133.22303772,
        "var": 102873.84375
    },
    "spectral_complexity": {
        "dmean": 2.72680401802,
        "dmean2": 4.08045387268,
        "dvar": 11.2088279724,
        "dvar2": 21.933588028,
        "max": 34,
        "mean": 10.1272535324,
        "median": 8,
        "min": 0,
        "var": 26.849905014
    },
    "spectral_decrease": {
        "dmean": 5.5595203996e-09,
        "dmean2": 8.5146316664e-09,
        "dvar": 2.98963918328e-17,
        "dvar2": 5.89211867629e-17,
        "max": -7.88337112461e-29,
        "mean": -1.88518569644e-08,
        "median": -1.76644530114e-08,
        "min": -5.35767448184e-08,
        "var": 9.42136549257e-17
    },
    "spectral_energy": {
        "dmean": 0.0212292801589,
        "dmean2": 0.0325531847775,
        "dvar": 0.000437725888332,
        "dvar2": 0.000862218497787,
        "max": 0.204478576779,
        "mean": 0.0724121928215,
        "median": 0.0681062117219,
        "min": 1.09882753351e-20,
        "var": 0.001373763429
    },
    "spectral_energyband_high": {
        "dmean": 0.000148693710798,
        "dmean2": 0.000222336529987,
        "dvar": 1.58660100169e-07,
        "dvar2": 2.92355792908e-07,
        "max": 0.0101548731327,
        "mean": 0.00018417116371,
        "median": 2.98736704281e-05,
        "min": 7.91671622937e-21,
        "var": 3.40446263181e-07
    },
    "spectral_energyband_low": {
        "dmean": 0.0198900271207,
        "dmean2": 0.0309701133519,
        "dvar": 0.000436940666987,
        "dvar2": 0.000889444665518,
        "max": 0.200327947736,
        "mean": 0.0479497238994,
        "median": 0.0392693579197,
        "min": 1.06663637422e-22,
        "var": 0.00126482208725
    },
    "spectral_energyband_middle_high": {
        "dmean": 0.00063018372748,
        "dmean2": 0.000908661691938,
        "dvar": 1.83554652722e-06,
        "dvar2": 3.76752950615e-06,
        "max": 0.0147939724848,
        "mean": 0.000972238893155,
        "median": 0.000387950072763,
        "min": 1.54354638703e-21,
        "var": 2.63416404778e-06
    },
    "spectral_energyband_middle_low": {
        "dmean": 0.0117889046669,
        "dmean2": 0.0193318501115,
        "dvar": 0.000130652319058,
        "dvar2": 0.00034022910404,
        "max": 0.100802227855,
        "mean": 0.0308437328786,
        "median": 0.0268297381699,
        "min": 3.25527302181e-22,
        "var": 0.000297587248497
    },
    "spectral_entropy": {
        "dmean": 0.327568173409,
        "dmean2": 0.449293732643,
        "dvar": 0.100731365383,
        "dvar2": 0.187291160226,
        "max": 9.79429721832,
        "mean": 6.42748260498,
        "median": 6.37581062317,
        "min": 4.90570783615,
        "var": 0.376899421215
    },
    "spectral_flux": {
        "dmean": 0.0430486164987,
        "dmean2": 0.0700831189752,
        "dvar": 0.00164255849086,
        "dvar2": 0.00402228627354,
        "max": 0.340374976397,
        "mean": 0.124780334532,
        "median": 0.111107803881,
        "min": 1.04824975089e-10,
        "var": 0.00330480677076
    },
    "spectral_kurtosis": {
        "dmean": 7.92396593094,
        "dmean2": 12.9587516785,
        "dvar": 82.0709533691,
        "dvar2": 200.824188232,
        "max": 104.390090942,
        "mean": 15.1466350555,
        "median": 11.1692848206,
        "min": -1.16852402687,
        "var": 180.755752563
    },
    "spectral_rms": {
        "dmean": 0.00129200599622,
        "dmean2": 0.00195812713355,
        "dvar": 1.53955068072e-06,
        "dvar2": 2.86312069875e-06,
        "max": 0.0141241382807,
        "mean": 0.00809540599585,
        "median": 0.00815138593316,
        "min": 3.27418214069e-12,
        "var": 5.1104702834e-06
    },
    "spectral_rolloff": {
        "dmean": 76.6976928711,
        "dmean2": 126.633323669,
        "dvar": 205466.1875,
        "dvar2": 238483.53125,
        "max": 18798.4863281,
        "mean": 281.264831543,
        "median": 258.3984375,
        "min": 86.1328125,
        "var": 223068.9375
    },
    "spectral_skewness": {
        "dmean": 0.682688295841,
        "dmean2": 1.06289029121,
        "dvar": 0.411864250898,
        "dvar2": 0.978145778179,
        "max": 8.55278968811,
        "mean": 2.80707573891,
        "median": 2.66568994522,
        "min": -0.0403970219195,
        "var": 1.25393295288
    },
    "spectral_spread": {
        "dmean": 782722.1875,
        "dmean2": 1139377.875,
        "dvar": 1.1155383255e+12,
        "dvar2": 1.83162463846e+12,
        "max": 39025756,
        "mean": 3139369.25,
        "median": 2836943,
        "min": 818768.375,
        "var": 2.61677514752e+12
    },
    "spectral_strongpeak": {
        "dmean": 0.33006927371,
        "dmean2": 0.558782219887,
        "dvar": 0.091599971056,
        "dvar2": 0.233485072851,
        "max": 2.62091970444,
        "mean": 0.815376698971,
        "median": 0.767278015614,
        "min": 0,
        "var": 0.170033469796
    },
    "zerocrossingrate": {
        "dmean": 0.00360371707939,
        "dmean2": 0.00453882478178,
        "dvar": 0.000142705379403,
        "dvar2": 0.000149243845954,
        "max": 0.49169921875,
        "mean": 0.0144486976787,
        "median": 0.01220703125,
        "min": 0,
        "var": 0.000201879753149
    },
    "barkbands": {
        "dmean": [0.000267787778284, 0.012133221142, 0.0120595097542, 0.00649071251974, 0.00745440786704, 0.00193822919391, 0.00109394651372, 0.000403390760766, 0.00026415134198, 0.000144042118336, 0.000129579784698, 0.000148465114762, 0.000112991307105, 0.000114786584163, 7.05273123458e-05, 5.16401523782e-05, 2.8889553505e-05, 2.49546264968e-05, 3.31040537276e-05, 3.27963352902e-05, 4.59505608887e-05, 5.55054139113e-05, 1.86551587831e-05, 1.28701667563e-05, 9.85369933915e-06, 4.02528257837e-06, 2.94739919582e-07],
        "dmean2": [0.000469207647257, 0.0181810669601, 0.0202692467719, 0.0108792660758, 0.0123290084302, 0.00314706657082, 0.00188593612984, 0.000674214446917, 0.000437055889051, 0.00023297930602, 0.000208778379601, 0.000232447913731, 0.000181980300113, 0.000190021164599, 0.000115457558422, 8.27167750685e-05, 4.75169254059e-05, 4.12681074522e-05, 5.22753762198e-05, 5.42309935554e-05, 6.87468782417e-05, 8.40772117954e-05, 2.96884172712e-05, 2.15415984712e-05, 1.73153912328e-05, 6.84122824168e-06, 5.28308248704e-07],
        "dvar": [1.73128810843e-07, 0.000278292427538, 0.000180260060006, 6.00813218625e-05, 6.51010486763e-05, 5.40250039194e-06, 2.15029535866e-06, 5.32446222223e-07, 2.29053910061e-07, 1.13016092484e-07, 9.03421550902e-08, 1.60906111546e-07, 8.55768789165e-08, 1.15304779058e-07, 2.56176271307e-08, 1.44905074606e-08, 5.01709251921e-09, 4.1369729864e-09, 5.74691938482e-09, 4.18692813753e-09, 3.06921634774e-08, 3.73751838367e-08, 2.63060795369e-09, 9.38034872e-10, 6.68794963854e-10, 8.16955947336e-11, 9.81384786804e-13],
        "dvar2": [4.66420715384e-07, 0.000530173827428, 0.000480176298879, 0.000160682029673, 0.000164498065715, 1.37688239192e-05, 5.39081338502e-06, 1.36459220812e-06, 6.14128225607e-07, 2.81149340253e-07, 2.18366011495e-07, 3.91295515101e-07, 2.20742705892e-07, 2.99984748153e-07, 6.62333690116e-08, 3.66360488613e-08, 1.31679209758e-08, 1.11242357548e-08, 1.30232633566e-08, 1.06340980466e-08, 5.7607422832e-08, 7.08638197011e-08, 5.58657609062e-09, 2.44249687142e-09, 1.84118709168e-09, 2.12269632427e-10, 2.76821230868e-12],
        "max": [0.00442813243717, 0.124462991953, 0.145962059498, 0.0805889368057, 0.0899958908558, 0.0319358967245, 0.02084518224, 0.0125628970563, 0.00629514129832, 0.00410506688058, 0.004262174014, 0.00555070210248, 0.00505031691864, 0.00497612077743, 0.00187524256762, 0.00258842855692, 0.00131049228366, 0.000965652929153, 0.00172593223397, 0.000937053584494, 0.00647390121594, 0.00335512496531, 0.0010694609955, 0.000491484825034, 0.000417892733822, 8.10367710073e-05, 1.29660520543e-05],
        "mean": [0.000257548730588, 0.020411549136, 0.0197839774191, 0.0104486364871, 0.0141343837604, 0.00347813754342, 0.00170040410012, 0.000601426407229, 0.000390440836782, 0.000182617193786, 0.0001566070423, 0.00017015672347, 0.000121735494758, 0.000110590495751, 8.35509054014e-05, 6.49612193229e-05, 3.60060294042e-05, 2.77647559415e-05, 4.46936974186e-05, 3.79908597097e-05, 5.58430219826e-05, 6.48191780783e-05, 2.27643195103e-05, 1.33610919875e-05, 8.43067482492e-06, 3.67657958122e-06, 2.20166768372e-07],
        "median": [0.000103377482446, 0.00794045999646, 0.0134344147518, 0.0065506733954, 0.0113348849118, 0.00254026288167, 0.0011011332972, 0.000347967346897, 0.000225711337407, 8.03272341727e-05, 6.32812225376e-05, 3.71265741705e-05, 2.42210098804e-05, 2.00167069124e-05, 3.53632349288e-05, 3.1186020351e-05, 1.62509750226e-05, 1.02331932794e-05, 1.92560637515e-05, 1.41167602123e-05, 8.72620512382e-06, 5.08861012349e-06, 3.63737399312e-06, 2.68044050244e-06, 1.1091893839e-06, 3.69141702095e-07, 5.2509010473e-09],
        "min": [3.17831522288e-23, 5.23941660171e-23, 3.68770637521e-23, 6.04112600004e-24, 5.19693328652e-23, 5.12362633586e-23, 6.47584815447e-23, 3.18403888207e-23, 1.06336632488e-22, 8.88641396768e-23, 7.61811117216e-23, 1.04842725571e-22, 1.33557281454e-22, 2.29800911976e-22, 8.86140329045e-23, 8.16616439746e-23, 1.62600388437e-22, 2.16287585831e-22, 2.39978479831e-22, 2.4663083656e-22, 6.54031273168e-22, 6.96432811881e-22, 6.01187235554e-22, 1.04369483497e-21, 1.10884813193e-21, 1.7597203264e-21, 2.24550051843e-21],
        "var": [1.72027853296e-07, 0.000623854459263, 0.00043018249562, 0.000127055755001, 0.00011396309128, 1.03207248685e-05, 3.75906461159e-06, 8.23903747005e-07, 2.79894635469e-07, 1.1668139166e-07, 9.82444703368e-08, 1.72710386437e-07, 8.28105086725e-08, 9.446267768e-08, 2.36652493157e-08, 1.41309905999e-08, 4.60325466634e-09, 3.56353901942e-09, 8.00409694079e-09, 4.6528625397e-09, 6.11781416637e-08, 6.67799184839e-08, 5.0540065466e-09, 1.14499221215e-09, 5.13626474685e-10, 8.25066681642e-11, 6.72702074166e-13]
    },
    "erbbands": {
        "dmean": [0.211363449693, 3.25155043602, 11.5010385513, 19.7014560699, 24.8557167053, 21.6072292328, 24.4775085449, 10.6854038239, 16.9501857758, 9.40484237671, 9.27682495117, 5.88353443146, 5.10095930099, 4.28244352341, 5.39921188354, 5.92975234985, 5.28779125214, 5.10541629791, 4.54565954208, 3.31175088882, 2.58852314949, 1.60348927975, 1.43530571461, 1.35022270679, 1.90614950657, 1.44543933868, 1.37485575676, 2.31485199928, 2.25801968575, 0.964245319366, 0.47227460146, 0.297005534172, 0.203075349331, 0.121245466173, 0.0654620081186, 0.0214826557785, 0.00686985626817, 0.00125399196986, 3.99271120841e-05, 2.33583414229e-05],
        "dmean2": [0.319923222065, 4.85070610046, 18.8839454651, 32.8989181519, 41.6486129761, 36.0003547668, 39.5181999207, 17.5355739594, 29.4547367096, 15.4719867706, 15.43562603, 9.78180122375, 8.20967769623, 6.86073732376, 8.65864562988, 9.35564804077, 8.46155071259, 8.31507492065, 7.42122268677, 5.42683267593, 4.13543796539, 2.61781525612, 2.37152242661, 2.20849347115, 3.04433608055, 2.35480928421, 2.24749493599, 3.33533430099, 3.44302177429, 1.547529459, 0.736763954163, 0.474173694849, 0.354110747576, 0.213507547975, 0.115969464183, 0.0368793718517, 0.0117915021256, 0.0021977131255, 6.88752625138e-05, 3.60569574696e-05],
        "dvar": [0.0874034687877, 19.5183353424, 172.227432251, 510.222015381, 800.664794922, 581.815185547, 904.159240723, 159.454086304, 482.823638916, 297.790527344, 225.360626221, 122.108451843, 126.047241211, 109.813796997, 189.023406982, 262.975860596, 185.367752075, 180.469985962, 156.9427948, 52.6718940735, 32.8004684448, 13.595126152, 14.5391654968, 10.3825445175, 14.8498811722, 8.10002326965, 14.1695890427, 102.767425537, 69.5940628052, 7.37597990036, 1.74794840813, 0.464043289423, 0.287748515606, 0.101582452655, 0.0311151724309, 0.00242477701977, 0.000251545076026, 1.0193606613e-05, 1.02723571871e-08, 5.43506406547e-10],
        "dvar2": [0.193606421351, 37.6940193176, 421.263641357, 1339.40649414, 2062.08569336, 1490.25671387, 2208.95996094, 416.85949707, 1299.35620117, 706.204345703, 593.387084961, 323.576477051, 312.818084717, 264.861663818, 461.782104492, 641.201538086, 473.861602783, 443.845397949, 405.422241211, 134.529052734, 83.3804855347, 35.3523902893, 39.0381126404, 27.152967453, 31.9582290649, 20.085483551, 35.2927322388, 176.874404907, 130.927261353, 16.0703449249, 3.59702110291, 1.00938570499, 0.808464288712, 0.278338730335, 0.0869974344969, 0.00631730398163, 0.000657473749015, 2.74374451692e-05, 2.86040044983e-08, 1.094663582e-09],
        "max": [3.22994589806, 34.2104644775, 166.07421875, 215.152648926, 285.05947876, 265.486785889, 378.144866943, 190.199890137, 305.256072998, 226.178115845, 275.392303467, 163.252975464, 194.098831177, 128.581726074, 154.945526123, 236.293060303, 245.371063232, 191.209594727, 188.542694092, 89.2512283325, 99.3141555786, 48.124912262, 62.3384094238, 49.7640342712, 98.9543380737, 49.6900558472, 78.9939727783, 375.327728271, 156.980606079, 46.3474082947, 30.0672492981, 13.4405698776, 6.21404647827, 4.76476621628, 2.94475483894, 0.460327446461, 0.157418161631, 0.0383132174611, 0.0012034997344, 0.00022296186944],
        "mean": [0.299959719181, 5.68672370911, 20.9850082397, 35.3694458008, 38.6068267822, 41.9150161743, 47.6737060547, 20.718126297, 26.4659023285, 15.4123296738, 14.6867332458, 9.00934696198, 6.99464082718, 5.43092441559, 6.3031578064, 6.88086509705, 5.84236192703, 5.55140113831, 4.89445209503, 4.03011369705, 3.43935990334, 2.10227823257, 1.65749776363, 1.6583814621, 2.57649254799, 1.71038806438, 1.54658889771, 2.8450012207, 2.63460588455, 1.11676514149, 0.592299282551, 0.350344419479, 0.186177298427, 0.104878380895, 0.0541511513293, 0.019545212388, 0.00615038583055, 0.00104330305476, 5.99326194788e-05, 8.02079812274e-05],
        "median": [0.141109064221, 2.21981310844, 13.6098089218, 26.0128936768, 28.5639801025, 32.2450904846, 31.9362716675, 15.6761960983, 18.6723709106, 6.65497684479, 9.71421337128, 5.11741542816, 3.39573407173, 2.28210759163, 1.6470015049, 1.58319282532, 1.21506023407, 1.18710458279, 1.56270027161, 1.76410746574, 1.77730107307, 1.01566374302, 0.647896111012, 0.6726962924, 1.1379288435, 0.599895775318, 0.35904109478, 0.287005573511, 0.202704250813, 0.126461967826, 0.0979956164956, 0.0692940354347, 0.0338090881705, 0.0145600410178, 0.00638704234734, 0.00225156731904, 0.00049709470477, 4.02417608711e-05, 3.79710036214e-05, 7.56837471272e-05],
        "min": [9.10828747126e-22, 1.49039431754e-20, 4.46575037931e-20, 2.58332124215e-20, 5.69929057636e-20, 2.47181781257e-19, 2.07100757601e-19, 4.59683911935e-19, 1.1171524986e-18, 5.18774644668e-19, 1.20918192521e-18, 1.83319974149e-18, 2.43000310882e-18, 4.07546800644e-18, 3.47631089668e-18, 5.0919435255e-18, 5.62977966851e-18, 7.53386258464e-18, 9.96449228278e-18, 3.47865305858e-18, 6.4993086197e-18, 9.32066287044e-18, 9.50905821803e-18, 1.13963080087e-17, 1.19607942567e-17, 1.36535283904e-17, 2.97079931765e-17, 1.94925938529e-17, 2.35019779866e-17, 1.87065108819e-17, 1.79927946339e-17, 2.17306749296e-17, 1.81278533756e-17, 1.0853261455e-17, 9.18653139821e-18, 6.07688898757e-18, 3.67853339539e-18, 1.09161877726e-18, 2.91397686925e-19, 3.55194812387e-20],
        "var": [0.144850000739, 45.6139068604, 540.821960449, 977.71862793, 1158.99328613, 1182.80554199, 2346.17626953, 291.421386719, 743.163635254, 563.603881836, 342.177154541, 144.660705566, 148.847076416, 116.188491821, 200.002319336, 275.822937012, 185.33581543, 175.508605957, 132.159469604, 50.8704719543, 32.5832939148, 13.2141618729, 12.7379846573, 10.1781740189, 22.7127037048, 9.85368251801, 16.1521015167, 221.434310913, 122.316040039, 13.2217702866, 3.55592775345, 0.881244719028, 0.236911356449, 0.0808241069317, 0.0223934482783, 0.00238399463706, 0.000244902214035, 8.79745766724e-06, 8.07727218444e-09, 1.65343450043e-09]
    },
    "gfcc": {
        "mean": [-49.5485801697, 166.549316406, -74.4943237305, 45.4932632446, -46.7863082886, -1.72979772091, -33.0659561157, -7.11997938156, -16.0411014557, -8.16410160065, -11.3379974365, -12.9630346298, -4.12251138687],
        "cov": [[4021.85571289, -1602.09594727, -2.79952645302, 272.342956543, -375.100799561, 649.795288086, -104.531280518, 217.218154907, -317.31829834, 423.833679199, -245.295227051, 245.186355591, -262.327087402], [-1602.09594727, 1453.36047363, -207.679138184, -282.875396729, 349.948028564, -354.412506104, 152.867996216, -154.272918701, 222.213302612, -284.563751221, 265.927764893, -198.352844238, 204.645828247], [-2.79952645302, -207.679138184, 399.777679443, 96.6219787598, -49.1226577759, -35.9755821228, -42.4674949646, 53.2585067749, 0.239717051387, 57.9716758728, -66.9997253418, 42.9761390686, -39.1960144043], [272.342956543, -282.875396729, 96.6219787598, 267.233459473, -118.705154419, 20.1010494232, -11.1305513382, -10.040766716, 23.4944629669, 29.8314437866, -35.1176605225, 24.7003974915, -8.32147407532], [-375.100799561, 349.948028564, -49.1226577759, -118.705154419, 272.997680664, -46.1223449707, 57.8909759521, 15.8561439514, 36.1332550049, -48.7407722473, 64.4322891235, -39.2183113098, 28.3913421631], [649.795288086, -354.412506104, -35.9755821228, 20.1010494232, -46.1223449707, 293.551635742, 24.6265563965, 28.3603935242, -53.3990859985, 80.8125457764, -29.3360824585, 44.7142105103, -45.2792434692], [-104.531280518, 152.867996216, -42.4674949646, -11.1305513382, 57.8909759521, 24.6265563965, 119.639724731, -16.6142635345, 43.1303405762, -22.6515483856, 38.3973808289, -7.55161523819, 21.2788982391], [217.218154907, -154.272918701, 53.2585067749, -10.040766716, 15.8561439514, 28.3603935242, -16.6142635345, 142.378128052, -23.0649871826, 61.4501914978, -22.4236488342, 15.4239902496, -29.6051654816], [-317.31829834, 222.213302612, 0.239717051387, 23.4944629669, 36.1332550049, -53.3990859985, 43.1303405762, -23.0649871826, 121.741035461, -33.5250663757, 46.2937355042, -27.9803962708, 38.7555236816], [423.833679199, -284.563751221, 57.9716758728, 29.8314437866, -48.7407722473, 80.8125457764, -22.6515483856, 61.4501914978, -33.5250663757, 131.435195923, -30.4223842621, 50.164932251, -48.9328231812], [-245.295227051, 265.927764893, -66.9997253418, -35.1176605225, 64.4322891235, -29.3360824585, 38.3973808289, -22.4236488342, 46.2937355042, -30.4223842621, 115.324996948, -32.7257041931, 42.2898025513], [245.186355591, -198.352844238, 42.9761390686, 24.7003974915, -39.2183113098, 44.7142105103, -7.55161523819, 15.4239902496, -27.9803962708, 50.164932251, -32.7257041931, 89.0559692383, -21.9518165588], [-262.327087402, 204.645828247, -39.1960144043, -8.32147407532, 28.3913421631, -45.2792434692, 21.2788982391, -29.6051654816, 38.7555236816, -48.9328231812, 42.2898025513, -21.9518165588, 76.3970031738]],
        "icov": [[0.000828314980026, -0.00133060535882, 0.00061523495242, -0.00168607826345, 0.000641191320028, -0.00173717108555, 0.000635734992102, -0.000996882445179, 0.00175146060064, -0.0017109188484, 0.00136257032864, -0.00128256203607, 0.00160212360788], [-0.00133060535882, 0.0141318645328, -0.00187560194172, 0.0113369589671, -0.00464657461271, 0.00974686909467, -0.00620158342645, 0.00627512857318, -0.00998381245881, 0.00857300125062, -0.0118425497785, 0.00939729716629, -0.0106774941087], [0.00061523495242, -0.00187560194172, 0.00399835640565, -0.00289989379235, 0.000465197517769, -0.000851700839121, 0.00133873731829, -0.00187529996037, 0.000993608264253, -0.00248184287921, 0.00309071806259, -0.00244163931347, 0.00258887279779], [-0.00168607826345, 0.0113369589671, -0.00289989379235, 0.0150693980977, -0.00172465050127, 0.00816850923002, -0.00533282384276, 0.00586664723232, -0.0106826899573, 0.00722356513143, -0.00899316743016, 0.00770532153547, -0.00952515751123], [0.000641191320028, -0.00464657461271, 0.000465197517769, -0.00172465050127, 0.0075306580402, -0.00303282705136, -5.71389755351e-05, -0.00385429686867, 0.00300426781178, -0.00170555151999, 0.00223727314733, -0.00264341523871, 0.00401107780635], [-0.00173717108555, 0.00974686909467, -0.000851700839121, 0.00816850923002, -0.00303282705136, 0.0128192054108, -0.00676080770791, 0.00483015459031, -0.00611075945199, 0.00433016289026, -0.00806326698512, 0.00641739740968, -0.0069607719779], [0.000635734992102, -0.00620158342645, 0.00133873731829, -0.00533282384276, -5.71389755351e-05, -0.00676080770791, 0.0149831017479, -0.00229899631813, 0.000574118806981, -0.00217565265484, 0.00355982710607, -0.00586598878726, 0.00451041478664], [-0.000996882445179, 0.00627512857318, -0.00187529996037, 0.00586664723232, -0.00385429686867, 0.00483015459031, -0.00229899631813, 0.012920984067, -0.00437001464888, -0.000578266917728, -0.00427793990821, 0.0056470874697, -0.0047756829299], [0.00175146060064, -0.00998381245881, 0.000993608264253, -0.0106826899573, 0.00300426781178, -0.00611075945199, 0.000574118806981, -0.00437001464888, 0.0213394276798, -0.00768548203632, 0.00595658179373, -0.00490957777947, 0.00505652837455], [-0.0017109188484, 0.00857300125062, -0.00248184287921, 0.00722356513143, -0.00170555151999, 0.00433016289026, -0.00217565265484, -0.000578266917728, -0.00768548203632, 0.0225677583367, -0.0101656066254, 0.000745121156797, -0.00154894194566], [0.00136257032864, -0.0118425497785, 0.00309071806259, -0.00899316743016, 0.00223727314733, -0.00806326698512, 0.00355982710607, -0.00427793990821, 0.00595658179373, -0.0101656066254, 0.0244997553527, -0.00543980952352, 0.00409012055025], [-0.00128256203607, 0.00939729716629, -0.00244163931347, 0.00770532153547, -0.00264341523871, 0.00641739740968, -0.00586598878726, 0.0056470874697, -0.00490957777947, 0.000745121156797, -0.00543980952352, 0.0227212049067, -0.00887426640838], [0.00160212360788, -0.0106774941087, 0.00258887279779, -0.00952515751123, 0.00401107780635, -0.0069607719779, 0.00451041478664, -0.0047756829299, 0.00505652837455, -0.00154894194566, 0.00409012055025, -0.00887426640838, 0.0303890984505]]
    },
    "melbands": {
        "dmean": [0.00266195414588, 0.00499996589497, 0.00314408517443, 0.00181824667379, 0.00080816593254, 0.000274229241768, 0.000243352566031, 9.52281916398e-05, 7.52019695938e-05, 3.62464597856e-05, 2.52769532381e-05, 1.7152631699e-05, 1.75269087777e-05, 1.69613686012e-05, 1.56610531121e-05, 9.70942892309e-06, 1.00802362795e-05, 8.31053876027e-06, 5.40225255463e-06, 3.86974352296e-06, 2.93902871817e-06, 1.78088373559e-06, 1.42976568895e-06, 1.13059377327e-06, 1.11636052225e-06, 1.42394162594e-06, 1.42306248563e-06, 8.88904310159e-07, 8.33899548525e-07, 8.98383859749e-07, 1.65995186308e-06, 1.48184278714e-06, 8.14813631678e-07, 4.50269737939e-07, 2.85415438839e-07, 2.24751246947e-07, 1.69732416566e-07, 1.48503943365e-07, 1.27715807707e-07, 9.39706055192e-08],
        "dmean2": [0.00390456663445, 0.00795963965356, 0.00521336309612, 0.00300846900791, 0.00129792653024, 0.000450860563433, 0.000420682627009, 0.000155599365826, 0.000125673148432, 6.02488180448e-05, 4.09424501413e-05, 2.74640224234e-05, 2.82851196971e-05, 2.71737771982e-05, 2.56725288637e-05, 1.52185939442e-05, 1.66485606314e-05, 1.38550594784e-05, 9.01841940504e-06, 6.25623488304e-06, 4.73700856674e-06, 2.93907464766e-06, 2.38329516833e-06, 1.89573779608e-06, 1.85617932402e-06, 2.27139798881e-06, 2.39221481024e-06, 1.46761408359e-06, 1.39866131121e-06, 1.41037332924e-06, 2.40499821302e-06, 2.30229261433e-06, 1.28865588067e-06, 7.35645187433e-07, 4.48115542895e-07, 3.54585978357e-07, 2.70213206477e-07, 2.59963854887e-07, 2.27880704529e-07, 1.65182015621e-07],
        "dvar": [1.33272433231e-05, 3.27821326209e-05, 1.10048558781e-05, 4.2230044528e-06, 8.98359417079e-07, 9.6490353485e-08, 1.00065093989e-07, 3.09065306681e-08, 1.39050850834e-08, 5.17762988039e-09, 3.1213152063e-09, 1.81883508255e-09, 1.75601644337e-09, 2.17566031857e-09, 2.16015982879e-09, 4.9689330428e-10, 8.12632461322e-10, 6.16156681232e-10, 1.52478710214e-10, 8.86682602341e-11, 4.21373179404e-11, 1.7444131209e-11, 1.58000799944e-11, 8.22576728954e-12, 7.66644300126e-12, 1.24598794823e-11, 6.56196668183e-12, 3.53543041197e-12, 5.40102207749e-12, 6.25227213752e-12, 7.00029617606e-11, 3.517324626e-11, 6.3554868833e-12, 1.61014463481e-12, 7.73502952228e-13, 3.24159563124e-13, 1.5504195421e-13, 1.61702370786e-13, 1.27064577935e-13, 5.99147264462e-14],
        "dvar2": [2.58565269178e-05, 7.15942951501e-05, 2.97990609397e-05, 1.0714596101e-05, 2.23059396376e-06, 2.53509000459e-07, 2.60841687805e-07, 7.48108561766e-08, 3.7092672045e-08, 1.3844227098e-08, 7.76522224299e-09, 4.43872538725e-09, 4.24420232292e-09, 5.40313305208e-09, 5.63611424198e-09, 1.20155585481e-09, 2.06422035021e-09, 1.62556024197e-09, 4.07316791406e-10, 2.22057511268e-10, 1.08733543003e-10, 4.59203161607e-11, 4.14363925116e-11, 2.25501353701e-11, 2.04849227858e-11, 2.67708702428e-11, 1.72574610852e-11, 8.49115569523e-12, 1.33560350279e-11, 1.43951751561e-11, 1.30357530326e-10, 7.11205816462e-11, 1.4359997566e-11, 3.68925202887e-12, 1.68232257552e-12, 7.12996556327e-13, 3.35787794055e-13, 4.60814437823e-13, 3.51554045206e-13, 1.63638904944e-13],
        "max": [0.0336808748543, 0.0646076872945, 0.0320638380945, 0.0222626365721, 0.0134704243392, 0.00371790328063, 0.00448202202097, 0.00290023372509, 0.00191544136032, 0.00114574842155, 0.000942176673561, 0.000536310544703, 0.000545460963622, 0.000644042447675, 0.000974675756879, 0.000284508569166, 0.000421911827289, 0.000392974092392, 0.000154455323354, 0.000197373112314, 0.000121029195725, 7.01143871993e-05, 5.89765586483e-05, 4.74097359984e-05, 4.36941481894e-05, 0.000101566576632, 3.02645148622e-05, 3.54878648068e-05, 5.58670690225e-05, 5.88975162827e-05, 0.000307500507915, 0.000106378887722, 4.31614062109e-05, 2.22258167923e-05, 2.36777559621e-05, 1.164225705e-05, 8.70414351084e-06, 4.9304676395e-06, 5.01151907883e-06, 3.4752092688e-06],
        "mean": [0.00432494934648, 0.0102194612846, 0.00597011949867, 0.0030371802859, 0.00169030448887, 0.000518557557371, 0.000386364234146, 0.000150135936565, 0.000115867129352, 5.26515250385e-05, 3.34918840963e-05, 2.07936845982e-05, 2.07774974115e-05, 1.90373066289e-05, 1.66072368302e-05, 1.11364015538e-05, 1.03586262412e-05, 8.13969199953e-06, 6.35394280835e-06, 4.58922886537e-06, 3.84665372621e-06, 2.25080975724e-06, 1.6214534071e-06, 1.25778751681e-06, 1.29003660732e-06, 1.87039688626e-06, 1.77804781742e-06, 9.65093363448e-07, 8.53722440297e-07, 1.10346786641e-06, 1.92165794033e-06, 1.67205303114e-06, 9.02923488866e-07, 5.11591736085e-07, 3.48360003954e-07, 2.64825160912e-07, 1.96373903805e-07, 1.35288644287e-07, 1.05717056442e-07, 8.12766529634e-08],
        "median": [0.00185574253555, 0.00691150454804, 0.00491603231058, 0.00221275258809, 0.00120393943507, 0.000404258054914, 0.000267055118456, 6.30774593446e-05, 7.69284160924e-05, 2.75116926787e-05, 1.5807325326e-05, 8.33754074847e-06, 6.77731668475e-06, 3.55360953108e-06, 4.14534633819e-06, 2.20194510803e-06, 2.09875156543e-06, 2.06069103115e-06, 2.72572242466e-06, 1.91278036255e-06, 1.96171686184e-06, 1.09788936697e-06, 5.69335838918e-07, 4.74827402286e-07, 5.05164223341e-07, 8.14367069779e-07, 7.77906166149e-07, 2.72161258863e-07, 1.98283188979e-07, 2.13900420931e-07, 1.41881571381e-07, 1.07995191456e-07, 8.14328799947e-08, 6.37406074588e-08, 5.71443905528e-08, 4.83738631374e-08, 3.89486274344e-08, 2.50140068658e-08, 1.30261419429e-08, 1.06585975601e-08],
        "min": [1.4647995273e-23, 2.24749816668e-23, 4.9961117037e-24, 1.13500904724e-23, 8.5532819517e-24, 1.18416636235e-23, 1.55301342471e-23, 4.33474570912e-24, 1.27040037666e-23, 1.21558882213e-23, 1.16709146805e-23, 1.61452990251e-23, 9.93038223445e-24, 1.31392672374e-23, 1.38950811815e-23, 1.11101789385e-23, 1.55481849624e-23, 2.0441752637e-23, 4.84584237872e-24, 4.34254557132e-24, 9.25608838736e-24, 1.00895925089e-23, 1.03334515028e-23, 7.90565002548e-24, 9.21634715267e-24, 9.9063006776e-24, 7.46660002235e-24, 8.54486243926e-24, 1.62180682881e-23, 1.78695785699e-23, 9.48331819339e-24, 1.24796375256e-23, 1.48916775621e-23, 8.97735543055e-24, 8.93049235962e-24, 1.39390617547e-23, 1.1985243408e-23, 1.19789569754e-23, 1.03635173585e-23, 9.2681863582e-24],
        "var": [2.85989626718e-05, 9.97355309664e-05, 2.04900989047e-05, 6.84232054482e-06, 2.53021653407e-06, 1.78528395622e-07, 1.60642244396e-07, 5.73960363681e-08, 1.99330933981e-08, 5.97253446699e-09, 3.61767704682e-09, 1.86852000539e-09, 1.89355575664e-09, 2.27930763153e-09, 1.89361615277e-09, 5.76216185877e-10, 7.21393389469e-10, 4.79167372447e-10, 1.36112260352e-10, 8.3957889252e-11, 4.13587775139e-11, 1.61104150853e-11, 1.4445110906e-11, 6.645772474e-12, 6.90353156585e-12, 1.74746501991e-11, 7.68951742558e-12, 4.2019629963e-12, 5.56301879562e-12, 1.12542484013e-11, 1.32154218124e-10, 5.48497948449e-11, 1.03611797961e-11, 2.6741447598e-12, 1.41992960358e-12, 5.59600542988e-13, 2.92046551872e-13, 1.28422514051e-13, 9.67392737639e-14, 4.79339095814e-14]
    },
    "mfcc": {
        "mean": [-702.939086914, 187.271499634, 33.756603241, 48.4673042297, 12.7530679703, 10.6964454651, -2.85800600052, -1.08916938305, -2.64314603806, 3.12360835075, -6.32142066956, -4.87231016159, -0.384646564722],
        "cov": [[3432.29345703, -1542.7220459, 97.5756607056, -242.46522522, -217.011077881, 381.200408936, 146.303466797, 24.5149879456, 26.0457706451, 4.33352327347, 150.108474731, 147.501968384, -78.3219680786], [-1542.7220459, 1439.6394043, -333.977111816, -12.9988431931, 170.837051392, -206.257354736, 51.3042297363, 3.66137695312, -40.3454971313, 50.8259544373, -68.2415924072, -39.5018005371, 66.3794708252], [97.5756607056, -333.977111816, 399.660430908, 121.121131897, -54.7038917542, 25.0430793762, -92.3274459839, -11.1947927475, 32.0121192932, -28.9467086792, 22.3198661804, 4.78201198578, -6.49390459061], [-242.46522522, -12.9988431931, 121.121131897, 252.986312866, 10.2490224838, -64.38256073, -72.1647262573, -10.55717659, 11.8010463715, 1.40455746651, -18.2133159637, -1.18948936462, 15.0474243164], [-217.011077881, 170.837051392, -54.7038917542, 10.2490224838, 140.270248413, -42.6103668213, 23.9030475616, 6.75525522232, 3.70580291748, 29.4154129028, -5.78548812866, -2.11370873451, 13.7847757339], [381.200408936, -206.257354736, 25.0430793762, -64.38256073, -42.6103668213, 205.774627686, 26.0237426758, 28.4678688049, 0.115112870932, -10.1850795746, 31.3922328949, 6.77130317688, -5.38165998459], [146.303466797, 51.3042297363, -92.3274459839, -72.1647262573, 23.9030475616, 26.0237426758, 127.315582275, 22.7371807098, -1.90564393997, 21.1253700256, 14.3644351959, 14.8657245636, -0.333367735147], [24.5149879456, 3.66137695312, -11.1947927475, -10.55717659, 6.75525522232, 28.4678688049, 22.7371807098, 74.2774200439, 15.4718503952, 10.2230567932, 5.1763548851, -1.97493636608, 8.84622097015], [26.0457706451, -40.3454971313, 32.0121192932, 11.8010463715, 3.70580291748, 0.115112870932, -1.90564393997, 15.4718503952, 72.6759872437, 7.9908914566, 9.1049823761, 2.47786545753, 0.571097135544], [4.33352327347, 50.8259544373, -28.9467086792, 1.40455746651, 29.4154129028, -10.1850795746, 21.1253700256, 10.2230567932, 7.9908914566, 86.2864303589, 16.3787708282, 14.2801361084, 4.53847742081], [150.108474731, -68.2415924072, 22.3198661804, -18.2133159637, -5.78548812866, 31.3922328949, 14.3644351959, 5.1763548851, 9.1049823761, 16.3787708282, 72.2621078491, 24.3609199524, 1.81864655018], [147.501968384, -39.5018005371, 4.78201198578, -1.18948936462, -2.11370873451, 6.77130317688, 14.8657245636, -1.97493636608, 2.47786545753, 14.2801361084, 24.3609199524, 68.7544631958, 7.8769364357], [-78.3219680786, 66.3794708252, -6.49390459061, 15.0474243164, 13.7847757339, -5.38165998459, -0.333367735147, 8.84622097015, 0.571097135544, 4.53847742081, 1.81864655018, 7.8769364357, 57.864944458]],
