{
"lowlevel": {
    "average_loudness": 0.890099823475,
    "barkbands_crest": {
        "dmean": 2.30831623077,
        "dmean2": 3.52127861977,
        "dvar": 4.28612995148,
        "dvar2": 10.712682724,
        "max": 22.9950084686,
        "mean": 11.1633348465,
        "median": 10.6221885681,
        "min": 3.45545077324,
        "var": 16.2709407806
    },
    "barkbands_flatness_db": {
        "dmean": 0.0181068181992,
        "dmean2": 0.0261764582247,
        "dvar": 0.000267447903752,
        "dvar2": 0.000650155416224,
        "max": 0.293154269457,
        "mean": 0.178765922785,
        "median": 0.175944626331,
        "min": 0.0723878666759,
        "var": 0.0013523271773
    },
    "barkbands_kurtosis": {
        "dmean": 1.57146191597,
        "dmean2": 2.49839663506,
        "dvar": 6.82315254211,
        "dvar2": 19.4345779419,
        "max": 52.1905136108,
        "mean": 2.14599561691,
        "median": 1.27043604851,
        "min": -1.81871342659,
        "var": 11.089348793
    },
    "barkbands_skewness": {
        "dmean": 0.384854406118,
        "dmean2": 0.584922611713,
        "dvar": 0.163827508688,
        "dvar2": 0.41329061985,
        "max": 6.28862524033,
        "mean": 1.09282243252,
        "median": 1.04424798489,
        "min": -2.22847962379,
        "var": 0.726754486561
    },
    "barkbands_spread": {
        "dmean": 3.47242045403,
        "dmean2": 5.26301717758,
        "dvar": 13.0094614029,
        "dvar2": 31.1848316193,
        "max": 55.7990455627,
        "mean": 16.8199691772,
        "median": 15.6524906158,
        "min": 3.54645371437,
        "var": 52.0966415405
    },
    "dissonance": {
        "dmean": 0.0223349742591,
        "dmean2": 0.0366199836135,
        "dvar": 0.000497660541441,
        "dvar2": 0.0012645953102,
        "max": 0.5,
        "mean": 0.441814512014,
        "median": 0.447400659323,
        "min": 0.152770683169,
        "var": 0.00131468300242
    },
    "dynamic_complexity": 1.96228682995,
    "erbbands_crest": {
        "dmean": 3.1550822258,
        "dmean2": 4.79420471191,
        "dvar": 8.30565834045,
        "dvar2": 18.2358951569,
        "max": 32.5229873657,
        "mean": 13.5546445847,
        "median": 13.0580692291,
        "min": 3.18572235107,
        "var": 31.6444263458
    },
    "erbbands_flatness_db": {
        "dmean": 0.0183923970908,
        "dmean2": 0.0243231225759,
        "dvar": 0.000264333066298,
        "dvar2": 0.000476674438687,
        "max": 0.315785944462,
        "mean": 0.204630687833,
        "median": 0.205973356962,
        "min": 0.0831436440349,
        "var": 0.00170839484781
    },
    "erbbands_kurtosis": {
        "dmean": 0.936269700527,
        "dmean2": 1.48459112644,
        "dvar": 1.79612386227,
        "dvar2": 4.31154203415,
        "max": 25.9011135101,
        "mean": 0.609340429306,
        "median": 0.0711948871613,
        "min": -1.65421915054,
        "var": 4.18795728683
    },
    "erbbands_skewness": {
        "dmean": 0.383404523134,
        "dmean2": 0.55700814724,
        "dvar": 0.11687862128,
        "dvar2": 0.249076783657,
        "max": 2.44144201279,
        "mean": 0.32820931077,
        "median": 0.339867174625,
        "min": -3.80921697617,
        "var": 0.614002466202
    },
    "erbbands_spread": {
        "dmean": 4.87625360489,
        "dmean2": 7.34594774246,
        "dvar": 23.9190311432,
        "dvar2": 53.9910583496,
        "max": 73.8871612549,
        "mean": 26.7539424896,
        "median": 24.6713142395,
        "min": 3.86003279686,
        "var": 133.915847778
    },
    "hfc": {
        "dmean": 4.15920877457,
        "dmean2": 5.98828029633,
        "dvar": 44.4399642944,
        "dvar2": 97.8720779419,
        "max": 179.159393311,
        "mean": 16.7729930878,
        "median": 13.6704845428,
        "min": 1.1791513895e-16,
        "var": 152.901275635
    },
    "melbands_crest": {
        "dmean": 2.63075017929,
        "dmean2": 4.0484919548,
        "dvar": 6.45085287094,
        "dvar2": 16.5263977051,
        "max": 30.6662864685,
        "mean": 14.044708252,
        "median": 13.3077735901,
        "min": 1.56083154678,
        "var": 20.0564231873
    },
    "melbands_flatness_db": {
        "dmean": 0.0195704307407,
        "dmean2": 0.0283128209412,
        "dvar": 0.000370061810827,
        "dvar2": 0.000858583720401,
        "max": 0.367799222469,
        "mean": 0.229421749711,
        "median": 0.230582505465,
        "min": 0.00571259623393,
        "var": 0.00263295834884
    },
    "melbands_kurtosis": {
        "dmean": 3.12469124794,
        "dmean2": 4.94491910934,
        "dvar": 34.8397064209,
        "dvar2": 96.8877487183,
        "max": 125.977157593,
        "mean": 5.85908842087,
        "median": 3.77841639519,
        "min": -1.80397593975,
        "var": 55.0556106567
    },
    "melbands_skewness": {
        "dmean": 0.484223246574,
        "dmean2": 0.722541689873,
        "dvar": 0.293536603451,
        "dvar2": 0.723369717598,
        "max": 8.868268013,
        "mean": 1.72813999653,
        "median": 1.54547572136,
        "min": -1.01942658424,
        "var": 1.27029788494
    },
    "melbands_spread": {
        "dmean": 4.72443246841,
        "dmean2": 7.14044141769,
        "dvar": 29.9146881104,
        "dvar2": 60.6070899963,
        "max": 129.561645508,
        "mean": 21.3261985779,
        "median": 18.7813835144,
        "min": 1.92993092537,
        "var": 138.332077026
    },
    "pitch_salience": {
        "dmean": 0.0531439073384,
        "dmean2": 0.0836719796062,
        "dvar": 0.00269049755298,
        "dvar2": 0.00662998761982,
        "max": 0.976429760456,
        "mean": 0.480544954538,
        "median": 0.473267436028,
        "min": 0.15201805532,
        "var": 0.00944013241678
    },
    "silence_rate_20dB": {
        "dmean": 0,
        "dmean2": 0,
        "dvar": 0,
        "dvar2": 0,
        "max": 1,
        "mean": 1,
        "median": 1,
        "min": 1,
        "var": 0
    },
    "silence_rate_30dB": {
        "dmean": 0.0195977315307,
        "dmean2": 0.0392156876624,
        "dvar": 0.0192135926336,
        "dvar2": 0.0418060161173,
        "max": 1,
        "mean": 0.966494858265,
        "median": 1,
        "min": 0,
        "var": 0.0323825031519
    },
    "silence_rate_60dB": {
        "dmean": 0.00464156782255,
        "dmean2": 0.00928792543709,
        "dvar": 0.00462015299127,
        "dvar2": 0.0112652331591,
        "max": 1,
        "mean": 0.00773195875809,
        "median": 0,
        "min": 0,
        "var": 0.00767246121541
    },
    "spectral_centroid": {
        "dmean": 181.527938843,
        "dmean2": 272.751617432,
        "dvar": 62300.8164062,
        "dvar2": 95342.65625,
        "max": 10515.4619141,
        "mean": 1213.23608398,
        "median": 1127.27197266,
        "min": 324.421417236,
        "var": 218997.90625
    },
    "spectral_complexity": {
        "dmean": 2.16606497765,
        "dmean2": 3.4463365078,
        "dvar": 4.59025621414,
        "dvar2": 9.65372657776,
        "max": 45,
        "mean": 16.358247757,
        "median": 15,
        "min": 0,
        "var": 29.8360691071
    },
    "spectral_decrease": {
        "dmean": 2.39451258821e-09,
        "dmean2": 3.75457709367e-09,
        "dvar": 3.07814519272e-17,
        "dvar2": 8.68734262235e-17,
        "max": 1.01042494159e-28,
        "mean": -7.81603670674e-09,
        "median": -5.44316325346e-09,
        "min": -8.76338219769e-08,
        "var": 6.29493115006e-17
    },
    "spectral_energy": {
        "dmean": 0.00933533348143,
        "dmean2": 0.0145819345489,
        "dvar": 0.000449620827567,
        "dvar2": 0.00126386655029,
        "max": 0.336899906397,
        "mean": 0.0310208909214,
        "median": 0.0219680480659,
        "min": 1.03139018004e-20,
        "var": 0.000938404060435
    },
    "spectral_energyband_high": {
        "dmean": 6.10834322288e-05,
        "dmean2": 9.05673441594e-05,
        "dvar": 9.25680510022e-09,
        "dvar2": 1.90717006632e-08,
        "max": 0.00114752107766,
        "mean": 0.000152330700075,
        "median": 9.78958996711e-05,
        "min": 7.0339489181e-21,
        "var": 2.37314203844e-08
    },
    "spectral_energyband_low": {
        "dmean": 0.00607879366726,
        "dmean2": 0.0102042257786,
        "dvar": 0.000364858919056,
        "dvar2": 0.00107145123184,
        "max": 0.281972318888,
        "mean": 0.0133371409029,
        "median": 0.00484501291066,
        "min": 6.00367893064e-23,
        "var": 0.000572153483517
    },
    "spectral_energyband_middle_high": {
        "dmean": 0.00182755256537,
        "dmean2": 0.0027334052138,
        "dvar": 8.58557632455e-06,
        "dvar2": 1.94391777768e-05,
        "max": 0.0752772763371,
        "mean": 0.00553483795375,
        "median": 0.00426976382732,
        "min": 1.45965692413e-21,
        "var": 2.22391099669e-05
    },
    "spectral_energyband_middle_low": {
        "dmean": 0.00416842196137,
        "dmean2": 0.00579561945051,
        "dvar": 4.06397521147e-05,
        "dvar2": 8.84541950654e-05,
        "max": 0.0842641219497,
        "mean": 0.0129179153591,
        "median": 0.00989175587893,
        "min": 2.59960566374e-22,
        "var": 0.000121949662571
    },
    "spectral_entropy": {
        "dmean": 0.155377566814,
        "dmean2": 0.210628002882,
        "dvar": 0.0211162939668,
        "dvar2": 0.0394127480686,
        "max": 9.79635334015,
        "mean": 6.98146390915,
        "median": 6.98877811432,
        "min": 5.92571020126,
        "var": 0.112306728959
    },
    "spectral_flux": {
        "dmean": 0.0183643400669,
        "dmean2": 0.030284576118,
        "dvar": 0.000900454237126,
        "dvar2": 0.00207853410393,
        "max": 0.509554505348,
        "mean": 0.0626712590456,
        "median": 0.0490473806858,
        "min": 1.01557380561e-10,
        "var": 0.00235203024931
    },
    "spectral_kurtosis": {
        "dmean": 2.80684399605,
        "dmean2": 4.89226150513,
        "dvar": 6.40374803543,
        "dvar2": 20.1688079834,
        "max": 24.711643219,
        "mean": 7.46249914169,
        "median": 6.62813663483,
        "min": -1.22152018547,
        "var": 11.2015047073
    },
    "spectral_rms": {
        "dmean": 0.000688869738951,
        "dmean2": 0.00101534393616,
        "dvar": 1.08535607524e-06,
        "dvar2": 2.75705610875e-06,
        "max": 0.0181296113878,
        "mean": 0.00505429226905,
        "median": 0.00462949648499,
        "min": 3.17211968498e-12,
        "var": 4.71846351502e-06
    },
    "spectral_rolloff": {
        "dmean": 253.589431763,
        "dmean2": 431.264801025,
        "dvar": 289929.96875,
        "dvar2": 446908.625,
        "max": 20004.3457031,
        "mean": 1178.84008789,
        "median": 1098.19335938,
        "min": 64.599609375,
        "var": 604157.75
    },
    "spectral_skewness": {
        "dmean": 0.284761041403,
        "dmean2": 0.486452817917,
        "dvar": 0.0577778033912,
        "dvar2": 0.170601308346,
        "max": 3.43851423264,
        "mean": 1.87068748474,
        "median": 1.84344744682,
        "min": 0.0477597266436,
        "var": 0.156009986997
    },
    "spectral_spread": {
        "dmean": 462909.28125,
        "dmean2": 666360.8125,
        "dvar": 688402530304,
        "dvar2": 854859186176,
        "max": 40873000,
        "mean": 3272645.25,
        "median": 3015597,
        "min": 1774691.375,
        "var": 1.80470192538e+12
    },
    "spectral_strongpeak": {
        "dmean": 0.668031573296,
        "dmean2": 1.09466803074,
        "dvar": 2.12928295135,
        "dvar2": 4.93688488007,
        "max": 23.4740753174,
        "mean": 1.49699306488,
        "median": 1.004748106,
        "min": 0,
        "var": 3.82481408119
    },
    "zerocrossingrate": {
        "dmean": 0.00587020348758,
        "dmean2": 0.00712542934343,
        "dvar": 0.000144725519931,
        "dvar2": 0.000167728197994,
        "max": 0.50048828125,
        "mean": 0.0460278056562,
        "median": 0.04345703125,
        "min": 0.0068359375,
        "var": 0.000409982167184
    },
    "barkbands": {
        "dmean": [0.000185534212505, 0.00377185782418, 0.00261349673383, 0.00125746475533, 0.00107399595436, 0.000643238192424, 0.00097668368835, 0.00167851196602, 0.000630275579169, 0.000529636687133, 9.64820428635e-05, 0.000505052797962, 0.000196117645828, 0.000190200647921, 0.00011006535351, 0.000781497568823, 0.00012596421584, 0.000122275640024, 9.02849642443e-05, 0.0001021076896, 2.64295395027e-05, 1.20063987197e-05, 8.59394003783e-06, 9.09209575184e-06, 1.23194786283e-05, 7.08496918378e-06, 2.07233874505e-09],
        "dmean2": [0.000310734641971, 0.00626662699506, 0.00441375188529, 0.00214557908475, 0.00173420354258, 0.00105338904541, 0.00127365230583, 0.00199886737391, 0.000973206129856, 0.000738949223887, 0.000157578542712, 0.000778874557, 0.000325520639308, 0.000323716521962, 0.000166348399944, 0.00119279464707, 0.000200860915356, 0.000195966087631, 0.000147555954754, 0.000163873060956, 4.27344275522e-05, 1.87678488146e-05, 1.30401485876e-05, 1.38105560836e-05, 1.90333739738e-05, 1.06170527943e-05, 3.60941077027e-09],
        "dvar": [4.64393650645e-07, 0.00013395291171, 9.600816702e-05, 1.1839326362e-05, 6.15340513832e-06, 2.75674074146e-06, 3.82557163903e-06, 7.14964244253e-06, 1.3366359326e-06, 1.38693803819e-06, 5.17301295133e-08, 9.80558411356e-07, 1.04116196553e-07, 1.08923536857e-07, 3.21748991894e-08, 7.40136829336e-06, 5.72505243213e-08, 4.02464834792e-08, 4.95222600705e-08, 2.63040558224e-08, 1.50755297135e-09, 3.97722660361e-10, 2.64823440954e-10, 3.91733423477e-10, 1.08853981384e-09, 2.94435781312e-10, 6.95377891977e-16],
        "dvar2": [1.35030495585e-06, 0.000414616457419, 0.000261062261416, 3.27581728925e-05, 1.57564682013e-05, 6.84911765347e-06, 8.17646287032e-06, 1.05044782686e-05, 3.19223750012e-06, 2.61912782662e-06, 1.44377949596e-07, 2.44752504841e-06, 2.92902086585e-07, 3.1844783166e-07, 6.54653646848e-08, 1.65280871443e-05, 1.37610598472e-07, 9.91014346141e-08, 1.3135387178e-07, 6.07058936453e-08, 4.09853795347e-09, 9.82153358642e-10, 5.94056970282e-10, 8.73268957147e-10, 2.20007168039e-09, 6.2980881621e-10, 1.81633870033e-15],
        "max": [0.013915669173, 0.188400834799, 0.169824078679, 0.0380464419723, 0.047198228538, 0.0248317439109, 0.0250372886658, 0.03437647596, 0.0211177244782, 0.0197531692684, 0.00441043497995, 0.0132204052061, 0.00481563620269, 0.00415609590709, 0.00341987120919, 0.0708584487438, 0.00522760441527, 0.00281525123864, 0.00477389246225, 0.00283178826794, 0.000566149770748, 0.000332153664203, 0.000205512071261, 0.000285034446279, 0.000504051102325, 0.000239706627326, 9.44194255226e-07],
        "mean": [0.000340492959367, 0.0081409746781, 0.00395510159433, 0.00170464953408, 0.00250761699863, 0.00129124708474, 0.00231628399342, 0.00391823705286, 0.00113796757068, 0.00117302720901, 0.000160950410645, 0.00109095091466, 0.000408841529861, 0.000332045834512, 0.000252527242992, 0.00128530489746, 0.00027234229492, 0.000245809234912, 0.000168550439412, 0.000179425231181, 6.25879474683e-05, 2.73418372672e-05, 1.39878648042e-05, 1.26520417325e-05, 1.42427816172e-05, 7.754319995e-06, 1.72788217068e-09],
        "median": [3.17083249683e-05, 0.00260221981443, 0.000835491053294, 0.000293879478704, 0.000838914362248, 0.000604540284257, 0.000562452652957, 0.000867080118041, 0.000408400956076, 0.000249669887125, 6.89025691827e-05, 0.000281072949292, 0.000158949522302, 0.000155511515914, 0.000129822510644, 0.000338315818226, 0.000123265199363, 0.000112733905553, 9.10543385544e-05, 9.18345904211e-05, 4.45301702712e-05, 1.54487788677e-05, 6.8596955316e-06, 4.23969959229e-06, 2.54123551713e-06, 8.6592228854e-07, 4.51990500583e-10],
        "min": [3.89602111111e-24, 4.54349991943e-23, 9.76878013371e-24, 1.74920340794e-24, 2.07589188971e-23, 3.53592890596e-23, 5.99814870015e-23, 4.59054253511e-23, 7.36100499485e-23, 6.70558148947e-23, 8.83641659459e-23, 9.77262409513e-23, 5.70375022794e-23, 1.21046591208e-22, 9.64134943635e-23, 1.99297263737e-22, 1.23805521783e-22, 1.73928266953e-22, 2.6520817009e-22, 3.1627387541e-22, 3.69827029558e-22, 6.66746953654e-22, 5.31527005847e-22, 8.66186944417e-22, 1.17426890953e-21, 1.50255985021e-21, 2.14166774308e-21],
        "var": [1.23974905364e-06, 0.000230010191444, 0.000101386482129, 1.50580590343e-05, 1.506807439e-05, 4.24280506195e-06, 1.27813282234e-05, 3.91089852201e-05, 3.30708076035e-06, 4.95406175105e-06, 6.99278217553e-08, 3.67520510736e-06, 4.18081441467e-07, 1.78869896672e-07, 1.36509981985e-07, 1.46015272549e-05, 1.77521712885e-07, 1.13203967089e-07, 8.86891271534e-08, 5.85760133731e-08, 3.953281702e-09, 1.00063002328e-09, 4.20617152219e-10, 5.40226141599e-10, 1.45824907705e-09, 3.71233321861e-10, 4.98185180785e-16]
    },
    "erbbands": {
        "dmean": [0.122644841671, 0.830111026764, 2.59839510918, 3.70134735107, 3.9730386734, 3.4805598259, 4.67556905746, 5.46465492249, 11.8246431351, 19.3694248199, 33.9563446045, 17.9612159729, 7.4117937088, 18.6930484772, 7.28030157089, 21.5352268219, 10.3052377701, 5.74096632004, 7.89341402054, 9.24981880188, 52.9917602539, 8.76584720612, 7.14264059067, 3.4782538414, 5.36446285248, 4.71615600586, 1.36039626598, 0.654914140701, 0.444826424122, 0.322234332561, 0.233174532652, 0.212653055787, 0.14500926435, 0.136618956923, 0.089460067451, 0.0435638725758, 0.0110611068085, 0.000785727985203, 1.77588626684e-05, 1.07271816887e-05],
        "dmean2": [0.204187214375, 1.37198221684, 4.3137178421, 6.33110284805, 6.46045541763, 5.67536067963, 7.67283773422, 8.85717487335, 15.6137485504, 24.4484081268, 40.854801178, 27.6259422302, 10.903418541, 25.8111763, 10.9005250931, 33.670009613, 17.2077884674, 9.59348869324, 13.0448207855, 14.0454549789, 80.556098938, 13.5875101089, 11.5916004181, 5.54373455048, 8.88958358765, 7.78799533844, 2.20982432365, 1.04270935059, 0.691120147705, 0.510499179363, 0.356071025133, 0.333336263895, 0.217381715775, 0.213395312428, 0.136194482446, 0.066488109529, 0.0161672141403, 0.00117207178846, 2.5801380616e-05, 1.65190194821e-05],
        "dvar": [0.235706552863, 5.64292097092, 94.0360946655, 142.265594482, 115.669769287, 62.8330383301, 98.3150558472, 212.22795105, 655.854003906, 937.269836426, 2771.95361328, 1032.82873535, 218.813201904, 1872.59326172, 92.1854629517, 2524.8190918, 255.561294556, 77.4717712402, 161.895751953, 241.655059814, 35247.3320312, 279.978088379, 125.553741455, 37.1474952698, 206.547851562, 46.4200592041, 4.00784158707, 1.36623454094, 0.658132314682, 0.341001600027, 0.245962888002, 0.278923600912, 0.0894469991326, 0.147517383099, 0.0525966137648, 0.0122241852805, 0.000698893039953, 3.82866710424e-06, 1.41779854523e-09, 5.41591604897e-10],
        "dvar2": [0.815204739571, 15.7382440567, 252.961578369, 408.887054443, 275.217590332, 167.524429321, 265.414001465, 501.322784424, 1387.04858398, 1739.79943848, 4256.65136719, 2626.47265625, 435.209014893, 3408.31420898, 216.114593506, 6361.68310547, 735.091369629, 214.047698975, 436.071472168, 526.602416992, 78494.296875, 615.755004883, 309.718536377, 95.5211791992, 596.675476074, 123.949935913, 11.2811937332, 3.70785570145, 1.60281908512, 0.853519558907, 0.57501333952, 0.684089422226, 0.185310214758, 0.322078377008, 0.105916239321, 0.0269065406173, 0.00148727186024, 8.64721732796e-06, 2.97270075222e-09, 1.490780277e-09],
        "max": [8.72259426117, 33.2547454834, 191.717483521, 178.898834229, 143.204055786, 171.355270386, 130.514968872, 232.603652954, 290.901245117, 430.309265137, 780.965942383, 308.164489746, 447.742523193, 771.716064453, 122.197845459, 660.874938965, 187.753112793, 182.020263672, 219.372329712, 245.629486084, 4882.02734375, 391.651947021, 174.693237305, 171.381942749, 309.436798096, 93.2215576172, 26.1696109772, 17.5061664581, 17.087097168, 7.35491275787, 6.4252910614, 9.07183361053, 4.23518562317, 6.66513729095, 3.21032214165, 1.19379663467, 0.478939533234, 0.0228689089417, 0.000549395568669, 0.000375757459551],
        "mean": [0.206367999315, 1.91639077663, 4.66935253143, 5.37370443344, 6.95311832428, 8.12032413483, 10.4727964401, 10.7237081528, 27.1283550262, 48.5000648499, 78.6214904785, 33.321762085, 17.2960739136, 40.9324989319, 16.6772003174, 46.7527008057, 21.5749168396, 14.039396286, 15.1702032089, 20.801492691, 86.7248153687, 20.1269073486, 15.0728902817, 8.1223859787, 11.0811109543, 8.57798576355, 2.97544646263, 1.72336530685, 1.02536261082, 0.666084349155, 0.351738333702, 0.270977944136, 0.203430533409, 0.159082606435, 0.10210557282, 0.0459323264658, 0.0126151740551, 0.000818029162474, 3.25320688717e-05, 3.66061212844e-05],
        "median": [0.0601581409574, 0.61403799057, 1.43057751656, 1.38624668121, 1.61221313477, 2.94556355476, 4.71637964249, 5.61312961578, 7.85752391815, 23.7727394104, 20.6170883179, 15.2701053619, 9.70969009399, 7.54328298569, 11.6792535782, 10.9030647278, 11.3787517548, 6.67832803726, 8.24064540863, 11.5161380768, 21.9027709961, 10.8514175415, 7.52509784698, 4.97541904449, 5.55468988419, 5.16533946991, 1.86400544643, 1.01601290703, 0.588683605194, 0.362957537174, 0.158095598221, 0.0754925757647, 0.069461196661, 0.0340519323945, 0.0172569919378, 0.0056818742305, 0.0015294108307, 9.25434578676e-05, 1.68677343027e-05, 2.65883063548e-05],
        "min": [4.52559984507e-22, 1.26301343392e-20, 1.92549988235e-20, 7.05427542762e-21, 1.22400952543e-20, 8.09054241899e-20, 1.49145007142e-19, 3.95470889109e-19, 7.61210839052e-19, 1.09992118906e-18, 6.52125620289e-19, 1.62667497302e-18, 2.6829142015e-18, 2.75390635718e-18, 3.98525610243e-18, 3.00036730224e-18, 2.73485473332e-18, 4.43241670668e-18, 6.92399555389e-18, 7.59577788067e-18, 9.72907337172e-18, 7.95074258821e-18, 8.96829716438e-18, 1.21716392861e-17, 1.42259282753e-17, 1.5778701795e-17, 1.57884559088e-17, 1.25899089531e-17, 2.25555642518e-17, 1.84215041475e-17, 1.68105434347e-17, 1.58152631781e-17, 1.47398506268e-17, 1.29961811925e-17, 8.60699377181e-18, 4.5314558686e-18, 3.22531224558e-18, 1.21121730651e-18, 2.92159313474e-19, 2.98472517468e-20],
        "var": [0.280039846897, 10.7537202835, 107.439659119, 152.788314819, 197.163665771, 154.802322388, 235.240097046, 299.333129883, 2051.4519043, 3774.78613281, 14119.7382812, 2237.57592773, 665.428344727, 6955.81982422, 267.304718018, 9148.62988281, 635.50177002, 487.042572021, 464.782775879, 647.090087891, 69438.859375, 814.831054688, 375.689361572, 101.253662109, 404.534942627, 89.5594863892, 10.1664886475, 3.42613101006, 1.54912805557, 0.703789949417, 0.324246793985, 0.303735971451, 0.141280129552, 0.181564733386, 0.0713975653052, 0.0145515324548, 0.00091055338271, 4.39073755842e-06, 2.19029105963e-09, 1.19912313412e-09]
    },
    "gfcc": {
        "mean": [-17.8694496155, 122.983787537, -138.182662964, 28.8000335693, -50.8764381409, 3.55117464066, -31.3395442963, 15.8806200027, -16.591840744, 6.20669269562, -12.5181922913, -2.99126887321, -7.21288585663],
        "cov": [[2777.37231445, 132.101715088, 606.776245117, 335.767578125, 218.930343628, 89.182434082, -144.829025269, 241.119354248, -92.9937820435, -91.6502685547, -156.123245239, 46.1405677795, -65.9200897217], [132.101715088, 959.785827637, 194.989685059, 149.319839478, 179.33366394, -46.760848999, 260.4765625, 18.8832168579, 165.2550354, -92.3681640625, 227.634552002, -73.0174865723, 64.1652374268], [606.776245117, 194.989685059, 673.560913086, 179.929382324, 174.816543579, 110.306411743, 33.1034088135, 165.687316895, -37.7119789124, -28.9428119659, 32.9128837585, 45.7198982239, -48.8492965698], [335.767578125, 149.319839478, 179.929382324, 275.072845459, 123.68371582, -33.0089569092, -0.421933472157, 18.1585197449, 13.9954528809, -71.7262573242, -32.0045394897, -24.6365585327, 25.2476959229], [218.930343628, 179.33366394, 174.816543579, 123.68371582, 199.54296875, 59.1109924316, 62.3641586304, 65.9714660645, 29.4296073914, -24.4023475647, 19.1830711365, -7.23413944244, 5.24578285217], [89.182434082, -46.760848999, 110.306411743, -33.0089569092, 59.1109924316, 173.728775024, 69.5045623779, 57.2396965027, -20.3622760773, 31.5623283386, 22.9123477936, 21.7890625, -30.5216693878], [-144.829025269, 260.4765625, 33.1034088135, -0.421933472157, 62.3641586304, 69.5045623779, 215.608322144, 54.4019966125, 72.8256378174, 7.82804250717, 97.2833099365, -7.79236459732, 25.6882305145], [241.119354248, 18.8832168579, 165.687316895, 18.1585197449, 65.9714660645, 57.2396965027, 54.4019966125, 155.183685303, 30.1816158295, 8.69189453125, 7.61275815964, 23.665512085, 4.73340940475], [-92.9937820435, 165.2550354, -37.7119789124, 13.9954528809, 29.4296073914, -20.3622760773, 72.8256378174, 30.1816158295, 144.886199951, 28.9041633606, 50.543586731, -21.5837860107, 34.9659423828], [-91.6502685547, -92.3681640625, -28.9428119659, -71.7262573242, -24.4023475647, 31.5623283386, 7.82804250717, 8.69189453125, 28.9041633606, 127.092643738, 38.3862495422, -0.0299333464354, -25.8369808197], [-156.123245239, 227.634552002, 32.9128837585, -32.0045394897, 19.1830711365, 22.9123477936, 97.2833099365, 7.61275815964, 50.543586731, 38.3862495422, 177.118164062, 17.7430763245, -2.77235102654], [46.1405677795, -73.0174865723, 45.7198982239, -24.6365585327, -7.23413944244, 21.7890625, -7.79236459732, 23.665512085, -21.5837860107, -0.0299333464354, 17.7430763245, 106.324829102, 23.4325828552], [-65.9200897217, 64.1652374268, -48.8492965698, 25.2476959229, 5.24578285217, -30.5216693878, 25.6882305145, 4.73340940475, 34.9659423828, -25.8369808197, -2.77235102654, 23.4325828552, 101.066650391]],
        "icov": [[0.000885144167114, -0.0015923086321, 0.000575476209633, -0.00132429192308, 0.000766065088101, -0.00137225864455, 0.00195739162154, -0.00216426304542, 0.000917450874113, -0.00112543092109, 0.00173515942879, -0.00142376997974, 0.00111948465928], [-0.0015923086321, 0.00891628116369, -0.00377746694721, 0.00392396654934, -0.00445736851543, 0.00632102740929, -0.00780422240496, 0.007259872742, -0.00465654581785, 0.00711614917964, -0.00879217032343, 0.00700101954862, -0.00415568705648], [0.000575476209633, -0.00377746694721, 0.00518516032025, -0.00394608965144, 0.0012832506327, -0.00360021926463, 0.00390643021092, -0.00618927599862, 0.00327965407632, -0.00275674415752, 0.00224993168376, -0.00399320712313, 0.0035568207968], [-0.00132429192308, 0.00392396654934, -0.00394608965144, 0.0106927799061, -0.00620186561719, 0.00567898293957, -0.00405250769109, 0.00633063493297, -0.00304590119049, 0.00483631342649, -0.00238016317599, 0.00482646515593, -0.00405718572438], [0.000766065088101, -0.00445736851543, 0.0012832506327, -0.00620186561719, 0.0126761700958, -0.00684712454677, 0.00350781832822, -0.00523000536487, 0.000727952632587, -0.00243673124351, 0.0034622841049, -0.00255353166722, 0.00193894910626], [-0.00137225864455, 0.00632102740929, -0.00360021926463, 0.00567898293957, -0.00684712454677, 0.0160718914121, -0.0103471744806, 0.00479919696227, -2.5985242246e-05, 0.00214275997132, -0.00427610985935, 0.00308380345814, -0.000728240702301], [0.00195739162154, -0.00780422240496, 0.00390643021092, -0.00405250769109, 0.00350781832822, -0.0103471744806, 0.017554635182, -0.00932702794671, 0.00148201442789, -0.00379069149494, 0.00278696417809, -0.00353915686719, 0.00121522683185], [-0.00216426304542, 0.007259872742, -0.00618927599862, 0.00633063493297, -0.00523000536487, 0.00479919696227, -0.00932702794671, 0.0194098502398, -0.0073344251141, 0.00490702642128, -0.00414765579626, 0.00393867725506, -0.00464638788253], [0.000917450874113, -0.00465654581785, 0.00327965407632, -0.00304590119049, 0.000727952632587, -2.5985242246e-05, 0.00148201442789, -0.0073344251141, 0.0154105322435, -0.00760146370158, 0.0023838384077, -0.000929401488975, -0.00117193197366], [-0.00112543092109, 0.00711614917964, -0.00275674415752, 0.00483631342649, -0.00243673124351, 0.00214275997132, -0.00379069149494, 0.00490702642128, -0.00760146370158, 0.0175576750189, -0.00912924762815, 0.00586293917149, -0.000776714994572], [0.00173515942879, -0.00879217032343, 0.00224993168376, -0.00238016317599, 0.0034622841049, -0.00427610985935, 0.00278696417809, -0.00414765579626, 0.0023838384077, -0.00912924762815, 0.0188565868884, -0.0100818369538, 0.00610680086538], [-0.00142376997974, 0.00700101954862, -0.00399320712313, 0.00482646515593, -0.00255353166722, 0.00308380345814, -0.00353915686719, 0.00393867725506, -0.000929401488975, 0.00586293917149, -0.0100818369538, 0.019351830706, -0.00967327971011], [0.00111948465928, -0.00415568705648, 0.0035568207968, -0.00405718572438, 0.00193894910626, -0.000728240702301, 0.00121522683185, -0.00464638788253, -0.00117193197366, -0.000776714994572, 0.00610680086538, -0.00967327971011, 0.0182010345161]]
    },
    "melbands": {
        "dmean": [0.00103929534089, 0.00122099905275, 0.000648371700663, 0.000267008668743, 0.000151562897372, 0.000118039737572, 0.000188463935046, 0.000260450236965, 0.000252906698734, 9.82331257546e-05, 3.71766363969e-05, 8.2511040091e-05, 1.87171935977e-05, 5.47522977286e-05, 3.73624934582e-05, 1.60971612786e-05, 1.22898682093e-05, 1.68201368069e-05, 7.50489243728e-06, 2.25169678743e-05, 6.51659356663e-05, 6.51092796033e-06, 9.37272488954e-06, 5.52791061637e-06, 2.78221205008e-06, 3.65518008039e-06, 5.49721471543e-06, 2.32931893152e-06, 1.02753563169e-06, 5.00133182868e-07, 4.14256390968e-07, 2.43126351052e-07, 2.9688968084e-07, 1.83109506224e-07, 1.37279656087e-07, 1.37620759233e-07, 1.3089416484e-07, 1.13193046047e-07, 8.64994262884e-08, 1.4066900178e-07],
        "dmean2": [0.0017293425044, 0.00202077999711, 0.00109412497841, 0.000424299214501, 0.000249341508606, 0.000193181345821, 0.000246357987635, 0.000319215061609, 0.000311947398586, 0.000152335531311, 5.45477560081e-05, 0.00011378146155, 2.88433911919e-05, 8.42204754008e-05, 5.96606550971e-05, 2.67965679086e-05, 2.07199227589e-05, 2.81669854303e-05, 1.12667075882e-05, 3.55047450284e-05, 9.80810145847e-05, 1.02876665551e-05, 1.49984944073e-05, 8.99823407963e-06, 4.37604785475e-06, 6.10060214967e-06, 8.92516891327e-06, 3.9081955947e-06, 1.69983752585e-06, 7.91265392763e-07, 6.67651022468e-07, 3.80732529948e-07, 4.71816690606e-07, 2.9022797321e-07, 2.11305078324e-07, 2.17590667262e-07, 2.07410067787e-07, 1.72791189357e-07, 1.35594561357e-07, 2.22174676878e-07],
        "dvar": [1.27325465655e-05, 1.77631482075e-05, 3.5674559058e-06, 4.0756594899e-07, 1.00660045632e-07, 1.01659360041e-07, 1.57715433602e-07, 1.57220512165e-07, 1.42343793641e-07, 3.35308811827e-08, 6.03630212481e-09, 3.65839660788e-08, 1.04272368517e-09, 9.62903801138e-09, 4.96752150525e-09, 6.85559609082e-10, 3.67152919178e-10, 8.3639317694e-10, 1.55968946092e-10, 3.14396886303e-09, 5.67411255759e-08, 1.54640023009e-10, 2.48528531088e-10, 1.08737227555e-10, 2.46689595834e-11, 8.31319041383e-11, 1.36504169079e-10, 1.27557834087e-11, 2.43057852491e-12, 6.59543383449e-13, 8.73773004905e-13, 1.64489231155e-13, 3.0283249324e-13, 1.07816892621e-13, 9.09783316391e-14, 8.4804037436e-14, 1.22300702009e-13, 5.7402101464e-14, 5.5552045982e-14, 1.72069064726e-13],
        "dvar2": [4.17030860262e-05, 4.85340497107e-05, 9.93899993773e-06, 1.0117689726e-06, 2.73561624908e-07, 2.40846190991e-07, 3.34430836801e-07, 2.54735283534e-07, 2.26637510536e-07, 8.30591488921e-08, 1.2125433102e-08, 6.67699850965e-08, 2.76920841813e-09, 2.40274822261e-08, 1.24111476651e-08, 1.93110061275e-09, 1.05991615484e-09, 2.35029706808e-09, 3.09816700073e-10, 7.70005215145e-09, 1.23542420738e-07, 3.64224594929e-10, 6.32462804351e-10, 2.91569518529e-10, 6.07326827717e-11, 2.4369078977e-10, 3.7604577785e-10, 3.4554640399e-11, 7.05980543123e-12, 1.78176852612e-12, 2.36254158598e-12, 4.1270082512e-13, 7.62241344262e-13, 2.60450949002e-13, 2.19272665888e-13, 2.02519235106e-13, 3.08607848477e-13, 1.24339910113e-13, 1.3050926442e-13, 3.90767306751e-13],
        "max": [0.0636924281716, 0.0777667835355, 0.0264905206859, 0.0104352952912, 0.00431198673323, 0.00511781219393, 0.00483617698774, 0.00472268881276, 0.00592221040279, 0.00239857751876, 0.00227537588216, 0.00337065709755, 0.000546667783055, 0.00120335712563, 0.000983468489721, 0.00045631887042, 0.000295969890431, 0.000385614141123, 0.000252120022196, 0.00113970600069, 0.0064308103174, 0.000227275741054, 0.00025349232601, 0.000213897568756, 0.000128079860588, 0.000177851572516, 0.000224183226237, 4.97021173942e-05, 1.75039513124e-05, 1.23043037092e-05, 1.54794852278e-05, 6.52308199278e-06, 9.34726995183e-06, 4.03308149544e-06, 4.10447501054e-06, 3.17333524436e-06, 6.81582923789e-06, 3.09907750307e-06, 6.33215995549e-06, 5.50852064407e-06],
        "mean": [0.00209576566704, 0.00256073544733, 0.000983623671345, 0.000579751620535, 0.000361148093361, 0.000231494545005, 0.000436103786342, 0.000659162760712, 0.000563658948522, 0.00017705548089, 8.4498875367e-05, 0.00017994864902, 3.85318016924e-05, 0.000114497903269, 8.17101536086e-05, 3.40215337928e-05, 2.69308784482e-05, 2.86190570478e-05, 1.66766731127e-05, 4.27195009252e-05, 0.000105222301499, 1.48982690007e-05, 1.72763830051e-05, 1.09892680484e-05, 5.67768574911e-06, 6.99383872416e-06, 1.0104256944e-05, 4.02704154112e-06, 1.93336813936e-06, 1.11573319828e-06, 9.54603024184e-07, 5.26549399638e-07, 5.53672805381e-07, 3.17376901648e-07, 1.9444732402e-07, 1.76772360305e-07, 1.5558555333e-07, 1.49655349446e-07, 1.14196190282e-07, 1.48258678223e-07],
        "median": [0.000667938380502, 0.000941837090068, 0.000273684971035, 0.000171041974681, 0.000167405858519, 0.000110353910713, 0.000113527727081, 0.000292906363029, 0.000194154214114, 6.44099345664e-05, 3.62734353985e-05, 3.05049979943e-05, 2.23671813728e-05, 3.55416232196e-05, 2.15737800318e-05, 1.41263790283e-05, 1.1139196431e-05, 1.26821250888e-05, 8.60065119923e-06, 2.26572410611e-05, 2.51768979069e-05, 5.98084352532e-06, 7.70432143327e-06, 5.38202175449e-06, 3.24449047184e-06, 3.50959680873e-06, 4.46650074082e-06, 2.38039137912e-06, 1.07998107524e-06, 7.73606302573e-07, 4.25376981639e-07, 2.89406159482e-07, 2.92543603564e-07, 1.60823248052e-07, 8.49823607041e-08, 5.7373554796e-08, 3.96709651795e-08, 4.50645103456e-08, 4.16010692561e-08, 2.2788654519e-08],
        "min": [9.31380776207e-24, 1.38464479067e-23, 1.26466058527e-24, 2.89604209499e-24, 5.84479193136e-24, 8.72844693799e-24, 1.17193420627e-23, 1.25063160126e-23, 5.11914008389e-24, 1.08754241883e-23, 1.31211455246e-23, 1.06396628516e-23, 1.23032300834e-23, 1.29525541163e-23, 4.58135348885e-24, 7.21281163623e-24, 8.02992243933e-24, 1.24010448914e-23, 6.53653893155e-24, 1.23439905264e-23, 1.20139816108e-23, 7.52389262332e-24, 1.05993094608e-23, 5.83049067201e-24, 1.06961389815e-23, 8.66228280728e-24, 1.16553962088e-23, 9.97021971017e-24, 9.1577048107e-24, 1.12372904627e-23, 5.90294044641e-24, 1.17415761073e-23, 1.48831073772e-23, 8.5390745668e-24, 1.11724981611e-23, 7.52617164247e-24, 1.03153936879e-23, 1.14719166286e-23, 8.70378320179e-24, 1.15749394962e-23],
        "var": [1.94641397684e-05, 2.24010491365e-05, 4.24938616561e-06, 9.27713415422e-07, 2.4992303338e-07, 1.48308302528e-07, 5.11043197093e-07, 7.67613073549e-07, 6.69338703574e-07, 8.09614846276e-08, 1.84329529418e-08, 1.35910553922e-07, 1.93387372782e-09, 3.29311902192e-08, 2.0666695022e-08, 3.28909943725e-09, 1.60921875825e-09, 1.86222659515e-09, 4.82536177682e-10, 6.02192118393e-09, 1.13663183754e-07, 5.29905119784e-10, 6.49209741521e-10, 3.03172792426e-10, 5.96718993662e-11, 1.44701056692e-10, 2.90910379119e-10, 2.34442795038e-11, 5.30467987245e-12, 1.54546536159e-12, 1.84260527843e-12, 3.87871158802e-13, 6.20895641758e-13, 1.91836577548e-13, 1.10940824669e-13, 1.03440266606e-13, 1.21058504475e-13, 8.58411649055e-14, 6.27615703006e-14, 1.97321881599e-13]
    },
    "mfcc": {
        "mean": [-658.44519043, 150.070755005, -22.0543899536, 28.5664310455, -0.337170511484, -2.36662173271, -1.10479879379, 1.9578795433, 4.20014572144, 5.43613386154, 1.49437308311, 4.8330745697, 9.10832118988],
        "cov": [[1573.57116699, 79.2624816895, 320.594696045, 219.412689209, 336.312652588, -16.1136627197, 52.1035308838, 147.644607544, 65.6572418213, 2.57377696037, -37.3073158264, -81.0949478149, -94.5346374512], [79.2624816895, 720.191101074, 140.979904175, 183.285644531, 66.2212142944, 11.6298685074, 137.195800781, 120.611633301, 17.5253887177, 48.832824707, 70.2248306274, 85.4180603027, 97.5792694092], [320.594696045, 140.979904175, 465.929779053, 125.304122925, 174.509353638, -1.00856137276, 107.541648865, 107.021492004, 0.180667504668, 27.8541221619, 15.8354282379, 11.8722658157, 26.4082183838], [219.412689209, 183.285644531, 125.304122925, 275.149353027, 104.112449646, -0.579082131386, 17.3856868744, 52.2483291626, 30.5388507843, 17.4075183868, -7.0536942482, -21.1300010681, -13.0219116211], [336.312652588, 66.2212142944, 174.509353638, 104.112449646, 214.264587402, 7.88096380234, 61.367023468, 70.6506500244, 19.1476745605, 10.940577507, 4.51990032196, -5.95454216003, -8.44056510925], [-16.1136627197, 11.6298685074, -1.00856137276, -0.579082131386, 7.88096380234, 109.74710083, 39.2585983276, 8.76222610474, 4.28726053238, 15.6324167252, 28.4136390686, 11.7017755508, -1.54229581356], [52.1035308838, 137.195800781, 107.541648865, 17.3856868744, 61.367023468, 39.2585983276, 164.813415527, 72.9873962402, 4.47120475769, 42.4042396545, 37.6665840149, 47.2540626526, 30.468793869], [147.644607544, 120.611633301, 107.021492004, 52.2483291626, 70.6506500244, 8.76222610474, 72.9873962402, 159.279815674, 39.1029663086, 17.6714553833, -4.2881398201, 1.35047793388, 13.6111764908], [65.6572418213, 17.5253887177, 0.180667504668, 30.5388507843, 19.1476745605, 4.28726053238, 4.47120475769, 39.1029663086, 114.94165802, 42.1938095093, -17.5674362183, 3.30654931068, -4.93836736679], [2.57377696037, 48.832824707, 27.8541221619, 17.4075183868, 10.940577507, 15.6324167252, 42.4042396545, 17.6714553833, 42.1938095093, 106.005096436, 31.2663478851, 37.7390480042, 12.3550691605], [-37.3073158264, 70.2248306274, 15.8354282379, -7.0536942482, 4.51990032196, 28.4136390686, 37.6665840149, -4.2881398201, -17.5674362183, 31.2663478851, 117.286811829, 51.899307251, 24.7608509064], [-81.0949478149, 85.4180603027, 11.8722658157, -21.1300010681, -5.95454216003, 11.7017755508, 47.2540626526, 1.35047793388, 3.30654931068, 37.7390480042, 51.899307251, 116.589355469, 55.5664863586], [-94.5346374512, 97.5792694092, 26.4082183838, -13.0219116211, -8.44056510925, -1.54229581356, 30.468793869, 13.6111764908, -4.93836736679, 12.3550691605, 24.7608509064, 55.5664863586, 116.115066528]],
