{
"lowlevel": {
    "average_loudness": 0.946947753429,
    "barkbands_crest": {
        "dmean": 3.08040475845,
        "dmean2": 4.81821203232,
        "dvar": 7.04882574081,
        "dvar2": 16.020406723,
        "max": 22.8178329468,
        "mean": 11.4412565231,
        "median": 10.8121080399,
        "min": 2.34632778168,
        "var": 20.6667327881
    },
    "barkbands_flatness_db": {
        "dmean": 0.0343337804079,
        "dmean2": 0.0514990836382,
        "dvar": 0.00082403072156,
        "dvar2": 0.00165865605231,
        "max": 0.331197321415,
        "mean": 0.167325362563,
        "median": 0.167411521077,
        "min": 0.0591032169759,
        "var": 0.00229647778906
    },
    "barkbands_kurtosis": {
        "dmean": 3.87504434586,
        "dmean2": 6.21762037277,
        "dvar": 28.0328636169,
        "dvar2": 63.6798362732,
        "max": 91.9770507812,
        "mean": 4.93304014206,
        "median": 2.92732048035,
        "min": -1.78073048592,
        "var": 49.3182754517
    },
    "barkbands_skewness": {
        "dmean": 0.730640232563,
        "dmean2": 1.12754750252,
        "dvar": 0.411241054535,
        "dvar2": 0.923174858093,
        "max": 8.65440750122,
        "mean": 1.94614982605,
        "median": 1.86831378937,
        "min": -2.04957127571,
        "var": 1.29574525356
    },
    "barkbands_spread": {
        "dmean": 8.70447158813,
        "dmean2": 13.0034255981,
        "dvar": 65.5400848389,
        "dvar2": 141.173355103,
        "max": 68.4671936035,
        "mean": 21.8224773407,
        "median": 19.5281276703,
        "min": 2.2389922142,
        "var": 140.489486694
    },
    "dissonance": {
        "dmean": 0.0173403285444,
        "dmean2": 0.0291203781962,
        "dvar": 0.000339617981808,
        "dvar2": 0.000751389074139,
        "max": 0.499800890684,
        "mean": 0.470927923918,
        "median": 0.475595265627,
        "min": 0,
        "var": 0.000504449708387
    },
    "dynamic_complexity": 1.0045030117,
    "erbbands_crest": {
        "dmean": 2.70878791809,
        "dmean2": 4.40539121628,
        "dvar": 5.96949958801,
        "dvar2": 15.4289550781,
        "max": 23.0744819641,
        "mean": 8.07374668121,
        "median": 7.22545337677,
        "min": 2.51204180717,
        "var": 13.4087505341
    },
    "erbbands_flatness_db": {
        "dmean": 0.023709975183,
        "dmean2": 0.0343853272498,
        "dvar": 0.000371879112208,
        "dvar2": 0.000761425704695,
        "max": 0.282243698835,
        "mean": 0.161687210202,
        "median": 0.161484077573,
        "min": 0.0855097547174,
        "var": 0.00112638564315
    },
    "erbbands_kurtosis": {
        "dmean": 0.742289245129,
        "dmean2": 1.18527948856,
        "dvar": 0.652536273003,
        "dvar2": 1.56127047539,
        "max": 6.73273563385,
        "mean": -0.127743050456,
        "median": -0.463866710663,
        "min": -1.7450915575,
        "var": 1.41983497143
    },
    "erbbands_skewness": {
        "dmean": 0.3694242239,
        "dmean2": 0.579696118832,
        "dvar": 0.101906046271,
        "dvar2": 0.236580371857,
        "max": 1.80718922615,
        "mean": -0.0326850824058,
        "median": -0.0358851701021,
        "min": -2.67212939262,
        "var": 0.259990990162
    },
    "erbbands_spread": {
        "dmean": 13.1307468414,
        "dmean2": 19.9883937836,
        "dvar": 128.6431427,
        "dvar2": 307.179138184,
        "max": 133.156005859,
        "mean": 46.1763725281,
        "median": 43.9153327942,
        "min": 7.62670612335,
        "var": 363.915557861
    },
    "hfc": {
        "dmean": 12.0019683838,
        "dmean2": 18.0498695374,
        "dvar": 173.35333252,
        "dvar2": 317.209777832,
        "max": 150.284683228,
        "mean": 26.9054222107,
        "median": 21.9183731079,
        "min": 1.13351073967e-16,
        "var": 328.370727539
    },
    "melbands_crest": {
        "dmean": 3.61797881126,
        "dmean2": 5.89149713516,
        "dvar": 9.6358165741,
        "dvar2": 24.3859214783,
        "max": 29.1923847198,
        "mean": 15.8246898651,
        "median": 15.917889595,
        "min": 1.8999787569,
        "var": 22.223575592
    },
    "melbands_flatness_db": {
        "dmean": 0.0448485203087,
        "dmean2": 0.0656364783645,
        "dvar": 0.00133843673393,
        "dvar2": 0.00263784476556,
        "max": 0.424600154161,
        "mean": 0.225447893143,
        "median": 0.227184221148,
        "min": 0.00789077021182,
        "var": 0.00422464916483
    },
    "melbands_kurtosis": {
        "dmean": 11.6135053635,
        "dmean2": 18.5557250977,
        "dvar": 244.34866333,
        "dvar2": 576.530639648,
        "max": 297.029998779,
        "mean": 19.8147201538,
        "median": 13.7688846588,
        "min": -1.2901597023,
        "var": 444.739135742
    },
    "melbands_skewness": {
        "dmean": 1.10350084305,
        "dmean2": 1.70940220356,
        "dvar": 0.91182744503,
        "dvar2": 2.15452980995,
        "max": 13.6014099121,
        "mean": 3.5559566021,
        "median": 3.42105412483,
        "min": -0.313078790903,
        "var": 3.02218699455
    },
    "melbands_spread": {
        "dmean": 8.73922252655,
        "dmean2": 13.4647769928,
        "dvar": 97.2306976318,
        "dvar2": 206.384658813,
        "max": 132.671951294,
        "mean": 19.3399143219,
        "median": 15.1958847046,
        "min": 1.21359717846,
        "var": 205.158111572
    },
    "pitch_salience": {
        "dmean": 0.0951975733042,
        "dmean2": 0.150661379099,
        "dvar": 0.00587704405189,
        "dvar2": 0.0142697086558,
        "max": 0.909695565701,
        "mean": 0.500876784325,
        "median": 0.507287561893,
        "min": 0.147831767797,
        "var": 0.0161277595907
    },
    "silence_rate_20dB": {
        "dmean": 0,
        "dmean2": 0,
        "dvar": 0,
        "dvar2": 0,
        "max": 1,
        "mean": 1,
        "median": 1,
        "min": 1,
        "var": 0
    },
    "silence_rate_30dB": {
        "dmean": 0.0195876285434,
        "dmean2": 0.0391954630613,
        "dvar": 0.019204242155,
        "dvar2": 0.0469404757023,
        "max": 1,
        "mean": 0.98145288229,
        "median": 1,
        "min": 0,
        "var": 0.0182025488466
    },
    "silence_rate_60dB": {
        "dmean": 0.00103092787322,
        "dmean2": 0.00154718931299,
        "dvar": 0.00102987512946,
        "dvar2": 0.00154478580225,
        "max": 1,
        "mean": 0.00154559500515,
        "median": 0,
        "min": 0,
        "var": 0.00154320150614
    },
    "spectral_centroid": {
        "dmean": 412.738739014,
        "dmean2": 618.119262695,
        "dvar": 166393.21875,
        "dvar2": 332532.375,
        "max": 11048.4794922,
        "mean": 1324.64404297,
        "median": 1211.18078613,
        "min": 288.064758301,
        "var": 413804.90625
    },
    "spectral_complexity": {
        "dmean": 6.74432992935,
        "dmean2": 10.2320785522,
        "dvar": 42.1953582764,
        "dvar2": 76.1494674683,
        "max": 60,
        "mean": 22.8655338287,
        "median": 21,
        "min": 0,
        "var": 100.109054565
    },
    "spectral_decrease": {
        "dmean": 3.92385102188e-09,
        "dmean2": 6.1464180412e-09,
        "dvar": 1.16157408272e-17,
        "dvar2": 2.86491192744e-17,
        "max": 3.03990287055e-29,
        "mean": -1.28940991218e-08,
        "median": -1.22766588007e-08,
        "min": -3.80536491207e-08,
        "var": 4.05779008142e-17
    },
    "spectral_energy": {
        "dmean": 0.0151929017156,
        "dmean2": 0.0237890537828,
        "dvar": 0.00017093202041,
        "dvar2": 0.000420224212576,
        "max": 0.145966395736,
        "mean": 0.0511057004333,
        "median": 0.0492657907307,
        "min": 1.08686411078e-20,
        "var": 0.000596708094236
    },
    "spectral_energyband_high": {
        "dmean": 0.001251505455,
        "dmean2": 0.00189201638568,
        "dvar": 2.39654900724e-06,
        "dvar2": 4.7274966164e-06,
        "max": 0.0145751284435,
        "mean": 0.00140602746978,
        "median": 0.000575512880459,
        "min": 7.54418122334e-21,
        "var": 3.59296609531e-06
    },
    "spectral_energyband_low": {
        "dmean": 0.0139905931428,
        "dmean2": 0.0220805034041,
        "dvar": 0.000181704934221,
        "dvar2": 0.00042908632895,
        "max": 0.135041415691,
        "mean": 0.0304806306958,
        "median": 0.0242624208331,
        "min": 2.60631738699e-23,
        "var": 0.000555427744985
    },
    "spectral_energyband_middle_high": {
        "dmean": 0.0034470569808,
        "dmean2": 0.00532811554149,
        "dvar": 1.9158995201e-05,
        "dvar2": 4.35481815657e-05,
        "max": 0.0530276671052,
        "mean": 0.00768559100106,
        "median": 0.00561385322362,
        "min": 1.56045572782e-21,
        "var": 4.180817632e-05
    },
    "spectral_energyband_middle_low": {
        "dmean": 0.00557544548064,
        "dmean2": 0.00915489625186,
        "dvar": 2.91586529784e-05,
        "dvar2": 7.52840642235e-05,
        "max": 0.0622750408947,
        "mean": 0.0138942813501,
        "median": 0.0121092246845,
        "min": 1.99795470419e-22,
        "var": 6.62792590447e-05
    },
    "spectral_entropy": {
        "dmean": 0.245271652937,
        "dmean2": 0.349417388439,
        "dvar": 0.0382697284222,
        "dvar2": 0.0794832780957,
        "max": 9.80399417877,
        "mean": 7.62370014191,
        "median": 7.62455368042,
        "min": 6.656457901,
        "var": 0.107463464141
    },
    "spectral_flux": {
        "dmean": 0.0311184320599,
        "dmean2": 0.0498748905957,
        "dvar": 0.000735970970709,
        "dvar2": 0.00189649465028,
        "max": 0.265506833792,
        "mean": 0.113017082214,
        "median": 0.108121551573,
        "min": 6.97400956429e-11,
        "var": 0.00124620122369
    },
    "spectral_kurtosis": {
        "dmean": 1.68337357044,
        "dmean2": 2.8313164711,
        "dvar": 3.0189883709,
        "dvar2": 8.37781524658,
        "max": 15.163318634,
        "mean": 2.48111081123,
        "median": 1.92638206482,
        "min": -1.19090914726,
        "var": 4.0632276535
    },
    "spectral_rms": {
        "dmean": 0.0010896116728,
        "dmean2": 0.00169299251866,
        "dvar": 8.13956830825e-07,
        "dvar2": 1.97961935555e-06,
        "max": 0.0119334086776,
        "mean": 0.00684147607535,
        "median": 0.00693283416331,
        "min": 3.25630950156e-12,
        "var": 3.0534608868e-06
    },
    "spectral_rolloff": {
        "dmean": 643.21105957,
        "dmean2": 1051.26281738,
        "dvar": 940816.1875,
        "dvar2": 2044329.25,
        "max": 18497.0214844,
        "mean": 1095.75195312,
        "median": 796.728515625,
        "min": 107.666015625,
        "var": 1480556.5
    },
    "spectral_skewness": {
        "dmean": 0.285452485085,
        "dmean2": 0.44921195507,
        "dvar": 0.0583480484784,
        "dvar2": 0.152225494385,
        "max": 2.77475047112,
        "mean": 1.07235109806,
        "median": 1.02606451511,
        "min": -0.0211684554815,
        "var": 0.127043277025
    },
    "spectral_spread": {
        "dmean": 689150.0625,
        "dmean2": 976017.75,
        "dvar": 1.11080492237e+12,
        "dvar2": 1.97501399859e+12,
        "max": 40499288,
        "mean": 4074432.75,
        "median": 3882767.75,
        "min": 2079429.75,
        "var": 2.56170865459e+12
    },
    "spectral_strongpeak": {
        "dmean": 0.367268919945,
        "dmean2": 0.638034701347,
        "dvar": 0.444197326899,
        "dvar2": 1.20941710472,
        "max": 7.31520652771,
        "mean": 0.685104191303,
        "median": 0.547713458538,
        "min": 0,
        "var": 0.513514220715
    },
    "zerocrossingrate": {
        "dmean": 0.0134662427008,
        "dmean2": 0.0164847169071,
        "dvar": 0.000248462543823,
        "dvar2": 0.000414428417571,
        "max": 0.5,
        "mean": 0.0468080863357,
        "median": 0.0419921875,
        "min": 0.00048828125,
        "var": 0.000778756570071
    },
    "barkbands": {
        "dmean": [0.000129231440951, 0.00975283421576, 0.00544459978119, 0.00305869500153, 0.0030991458334, 0.00128145073541, 0.000629227783065, 0.000300588813843, 0.000390344852349, 0.000591182149947, 0.00139272771776, 0.00048137360136, 0.000543665781152, 0.00037617306225, 0.000357762473868, 0.00033452452044, 0.000269711599685, 0.00026919413358, 0.000356454984285, 0.000420213676989, 0.000268949923338, 0.000345864624251, 0.000393637950765, 6.43109233351e-05, 2.30299046962e-05, 7.88203124102e-06, 1.92471087956e-08],
        "dmean2": [0.000225330557441, 0.0151386009529, 0.00900738220662, 0.00517255160958, 0.00521450070664, 0.00186017144006, 0.0010464231018, 0.000498512585182, 0.000606748973951, 0.000926305074245, 0.00229560071602, 0.000761670002248, 0.000874578137882, 0.000586732989177, 0.000588077644352, 0.000539446948096, 0.000431823398685, 0.0004227469326, 0.000567843962926, 0.000653865921777, 0.000406039383961, 0.000525095732883, 0.000625042710453, 9.87982712104e-05, 3.5650216887e-05, 1.2425370187e-05, 3.5830169054e-08],
        "dvar": [2.96276176925e-08, 0.000130652624648, 3.86062383768e-05, 1.31740189317e-05, 1.23520176203e-05, 3.61021648132e-06, 6.45862826332e-07, 2.66609248456e-07, 2.88386843295e-07, 1.29973398089e-06, 7.17091097613e-06, 5.28638167907e-07, 8.15210285054e-07, 4.25823174055e-07, 4.9269539204e-07, 3.4273887195e-07, 1.49719795672e-07, 1.49399383531e-07, 2.80171690292e-07, 7.83448797392e-07, 1.59179236903e-07, 1.98195678536e-07, 2.856109802e-07, 7.96896149069e-09, 1.11128328761e-09, 1.63631899697e-10, 4.80163665447e-15],
        "dvar2": [8.22429910841e-08, 0.000286686787149, 9.6815143479e-05, 3.56346863555e-05, 3.29130416503e-05, 7.32192256692e-06, 1.66438928773e-06, 7.12033681793e-07, 6.86685893925e-07, 2.94019650937e-06, 1.7682024918e-05, 1.1865702163e-06, 1.82388498615e-06, 9.70261908151e-07, 1.1929403172e-06, 8.69103473633e-07, 3.49162689872e-07, 3.14751645192e-07, 6.18236924765e-07, 1.76811306574e-06, 3.05699103365e-07, 3.94852236241e-07, 6.74269813317e-07, 1.64452416129e-08, 2.34535479926e-09, 3.76632169896e-10, 1.33570438103e-14],
        "max": [0.00205396558158, 0.123356923461, 0.0679612234235, 0.0395129770041, 0.0390613637865, 0.0212471485138, 0.0103622376919, 0.0093499077484, 0.00985033996403, 0.0210423842072, 0.0309800319374, 0.0120446505025, 0.0155616896227, 0.0158818233758, 0.0136719606817, 0.00741785345599, 0.00418600253761, 0.00439889170229, 0.00742668658495, 0.0131719773635, 0.00432154489681, 0.00437767710537, 0.00393878528848, 0.000853183271829, 0.000272455217782, 0.000159624600201, 8.25899576284e-07],
        "mean": [0.000150024236063, 0.0196359530091, 0.00850942451507, 0.00412985729054, 0.00519340112805, 0.00200271513313, 0.000979962176643, 0.000465642515337, 0.000834063743241, 0.00116338871885, 0.00178954459261, 0.00079366681166, 0.000934207637329, 0.000667721149512, 0.000494517502375, 0.000470375467557, 0.000426376180258, 0.000396515708417, 0.000455491215689, 0.000462577037979, 0.000331298360834, 0.000376268959371, 0.00035174403456, 6.3104183937e-05, 2.10028410947e-05, 6.90921433488e-06, 1.17845235792e-08],
        "median": [7.71021368564e-05, 0.0116433994845, 0.00634110486135, 0.00261918571778, 0.00370528129861, 0.00110514066182, 0.000608796137385, 0.000227021184401, 0.00038486457197, 0.000325685803546, 0.000442518416094, 0.000373879913241, 0.000479725509649, 0.000327953486703, 0.000233878468862, 0.000258505402599, 0.000255278602708, 0.000223028022447, 0.000237917120103, 0.000186220859177, 0.000148881750647, 0.000142295495607, 8.97547506611e-05, 1.54915069288e-05, 3.56182772521e-06, 1.16796047678e-06, 8.73886463193e-10],
        "min": [3.68815074056e-24, 1.13520334368e-23, 4.74070812487e-24, 1.95995785396e-24, 2.94305134185e-23, 3.21445609639e-23, 4.2672641807e-23, 4.10027526439e-23, 2.91183674692e-23, 4.33372224098e-23, 1.28131971042e-23, 1.21811798908e-22, 8.58548183391e-23, 7.26334212151e-23, 1.48878373872e-22, 1.00888809564e-22, 1.05336445213e-22, 2.00374380728e-22, 3.72428781176e-22, 2.71822762469e-22, 3.89827947789e-22, 5.40886808933e-22, 5.22933142524e-22, 7.76954684376e-22, 1.16511792108e-21, 1.41936367614e-21, 2.49588784751e-21],
        "var": [3.83599179088e-08, 0.000433585286373, 6.48758359603e-05, 1.94100648514e-05, 2.37336007558e-05, 6.33366153124e-06, 1.16316357435e-06, 4.74579707088e-07, 1.07816447326e-06, 4.85945429318e-06, 1.10995824798e-05, 1.39396149734e-06, 1.98821021513e-06, 1.35058428441e-06, 6.12923827248e-07, 3.98815586777e-07, 2.73786582738e-07, 2.43605569494e-07, 4.26624012562e-07, 8.86608461315e-07, 2.40226199821e-07, 2.89117394914e-07, 3.04212164792e-07, 1.0629724656e-08, 1.35420064051e-09, 1.71294117779e-10, 2.85234173351e-15]
    },
    "erbbands": {
        "dmean": [0.130095273256, 2.66060233116, 6.4581360817, 8.09780502319, 9.90337181091, 12.1492481232, 8.8781785965, 12.2544183731, 8.52027416229, 8.38123321533, 6.43915224075, 9.06031894684, 11.8363361359, 32.5046730042, 46.5553283691, 19.8078632355, 23.7991218567, 20.5759658813, 15.2227287292, 16.5872688293, 18.4271240234, 14.6980381012, 14.5760660172, 16.7387275696, 18.8566455841, 19.8906764984, 13.1112375259, 11.9356746674, 11.4952869415, 14.0474615097, 9.47731113434, 1.96335721016, 0.849247455597, 0.282184123993, 0.165075927973, 0.0624032281339, 0.00872586853802, 0.000310790725052, 1.8118384105e-05, 1.80712067959e-05],
        "dmean2": [0.20466606319, 4.12500238419, 10.4968700409, 13.8231668472, 16.6005935669, 20.4203453064, 14.3209400177, 17.5508327484, 14.289305687, 13.7520313263, 10.9317111969, 14.1558580399, 18.4028434753, 52.1970329285, 76.1161193848, 31.6522102356, 38.049331665, 31.9402084351, 24.7224330902, 26.548948288, 29.7911491394, 23.2986412048, 23.2146701813, 25.5854129791, 29.9889602661, 31.4849967957, 20.1768627167, 18.2126502991, 17.4579029083, 22.0797901154, 14.8338127136, 2.96869158745, 1.30448496342, 0.434908658266, 0.259379178286, 0.098272614181, 0.0140689015388, 0.000524447183125, 2.78959705611e-05, 2.80154436041e-05],
        "dvar": [0.0298276729882, 9.41306686401, 42.3227882385, 111.001670837, 168.60118103, 176.370498657, 101.802581787, 395.691314697, 126.622535706, 145.691436768, 134.174942017, 169.505218506, 382.350494385, 4607.33886719, 6899.55517578, 820.122558594, 1534.29382324, 1088.18688965, 797.684082031, 1101.2401123, 1137.76489258, 476.962005615, 403.273162842, 578.623168945, 1275.1295166, 1871.7322998, 534.052490234, 275.894592285, 229.204193115, 365.801391602, 150.792633057, 7.05927228928, 1.36767959595, 0.158283293247, 0.0669491887093, 0.00930998567492, 0.000224316274398, 3.61497399126e-07, 4.60350674247e-10, 2.29418428699e-10],
        "dvar2": [0.0716450661421, 20.5526027679, 106.984031677, 292.621520996, 446.53302002, 466.297485352, 251.268844604, 796.928222656, 323.009063721, 384.761627197, 359.039459229, 394.869232178, 926.922729492, 9769.6953125, 17619.5820312, 1824.1282959, 3443.48486328, 2477.61987305, 2105.6237793, 2739.79980469, 2931.98681641, 1109.75549316, 852.190185547, 1284.82043457, 2712.54101562, 4324.55810547, 1161.7322998, 529.357421875, 449.815826416, 843.577026367, 346.826721191, 14.3283004761, 2.87597227097, 0.332603216171, 0.14820997417, 0.0208678580821, 0.000541617220733, 9.16567159948e-07, 1.0210619017e-09, 5.52713319557e-10],
        "max": [2.17486715317, 32.5819816589, 60.2181930542, 134.068099976, 168.054595947, 176.608886719, 150.271881104, 218.653457642, 119.789428711, 162.534698486, 155.771392822, 253.0677948, 359.601196289, 1190.54577637, 1064.92260742, 569.520874023, 652.485046387, 769.942993164, 442.140350342, 761.396789551, 390.339355469, 283.809936523, 241.153503418, 287.232452393, 554.269104004, 631.227233887, 353.992523193, 152.826004028, 132.676010132, 163.057128906, 85.4240112305, 28.5838413239, 10.1421871185, 3.63009929657, 2.22007632256, 1.11667537689, 0.186382681131, 0.00735107669607, 0.000231245765463, 0.000160599258379],
        "mean": [0.243636086583, 5.35465431213, 11.6326436996, 12.2819137573, 15.3581266403, 18.5069885254, 15.055809021, 17.7059440613, 13.2912082672, 14.4579353333, 10.0622062683, 19.9892539978, 26.096824646, 53.9405670166, 67.5833129883, 34.8903884888, 43.8735923767, 39.5907287598, 25.7687969208, 24.3114852905, 26.9395751953, 23.8677005768, 22.4079627991, 23.5014972687, 22.8176364899, 21.8436031342, 15.7755775452, 13.8621253967, 12.9043331146, 12.9929227829, 8.80483531952, 1.98922407627, 0.792929530144, 0.262982487679, 0.143418759108, 0.0546234846115, 0.00750778755173, 0.000254962331383, 3.76245297957e-05, 6.07588990533e-05],
        "median": [0.154243499041, 3.10455369949, 9.29959964752, 8.58143520355, 10.228345871, 12.8588819504, 10.2097234726, 8.73621368408, 8.06527996063, 9.01060771942, 5.5455956459, 9.85326099396, 12.9755935669, 15.2991533279, 23.9753417969, 21.1219558716, 25.4491615295, 22.5962505341, 13.8772125244, 12.935002327, 15.3798341751, 14.4282083511, 13.3571186066, 12.8849391937, 10.6800947189, 8.84943580627, 7.2838306427, 5.775806427, 4.98977231979, 3.97377419472, 2.36183071136, 0.518259227276, 0.167627841234, 0.0501032844186, 0.0212642941624, 0.00894996337593, 0.00123472709674, 3.61694364983e-05, 3.17683625326e-05, 5.9039430198e-05],
        "min": [1.5621470456e-22, 3.22252340453e-21, 7.23782147411e-21, 8.25087134745e-21, 4.64552516075e-20, 1.28609046438e-19, 1.03169992041e-19, 3.70589089488e-19, 7.36122347675e-19, 3.96841243041e-19, 1.0259796175e-18, 7.98760134272e-19, 1.04940878457e-18, 1.22372324339e-18, 1.88231379716e-18, 4.6719971634e-18, 3.67959177298e-18, 4.00055315349e-18, 5.48609508738e-18, 7.76934187988e-18, 4.23662181492e-18, 6.07941064766e-18, 9.05364814153e-18, 1.49638643716e-17, 1.63252713109e-17, 1.1947569293e-17, 1.47654783365e-17, 1.71004586589e-17, 1.8132540181e-17, 1.93519334441e-17, 1.56572865703e-17, 1.55190977772e-17, 1.17873237289e-17, 1.20338467125e-17, 8.46549542904e-18, 6.05281389584e-18, 2.21137079432e-18, 1.10736147188e-18, 3.85673064e-19, 3.32354513905e-20],
        "var": [0.0683246701956, 32.0217285156, 91.8856658936, 149.824020386, 274.33505249, 305.592926025, 245.976928711, 638.456481934, 206.091644287, 293.748809814, 189.495910645, 672.963439941, 1268.61608887, 11036.9921875, 12198.2666016, 1773.31872559, 3900.03222656, 3518.65454102, 1372.31005859, 1473.91125488, 1273.15136719, 842.335327148, 698.384094238, 976.421569824, 1737.2989502, 2007.59729004, 661.046447754, 407.305236816, 340.78414917, 416.314086914, 174.44921875, 10.0282430649, 1.75834190845, 0.198208257556, 0.0740186274052, 0.0101488521323, 0.00021702957747, 3.0672936191e-07, 6.71363908911e-10, 7.64210639215e-10]
    },
    "gfcc": {
        "mean": [22.0603790283, 123.57636261, -131.735046387, 62.4209899902, -54.4392089844, 22.3898639679, -23.4690074921, -6.96173858643, -19.009759903, -6.98961877823, -11.0928478241, -0.801517367363, -8.61232566833],
        "cov": [[3076.26831055, -841.758911133, -71.2936248779, 226.972442627, -330.754669189, 272.578582764, -240.858642578, 222.249511719, -225.781707764, 54.8113250732, -142.991073608, 111.902320862, -89.3835296631], [-841.758911133, 1148.79943848, -196.068023682, -153.743621826, 357.316497803, -222.233184814, 283.942047119, -188.426101685, 217.123565674, -90.4786834717, 152.245620728, -109.22303009, 107.935493469], [-71.2936248779, -196.068023682, 380.414886475, 144.952194214, -48.1084976196, 46.6253700256, -92.0924224854, 34.2373924255, 10.7362527847, 54.3713417053, -3.34301018715, 37.0092811584, -39.1010665894], [226.972442627, -153.743621826, 144.952194214, 242.99520874, 15.9302997589, -27.0003452301, -51.1686248779, 39.6478385925, 2.56997418404, 8.76457023621, 0.770856261253, 4.15192079544, -24.2473754883], [-330.754669189, 357.316497803, -48.1084976196, 15.9302997589, 268.738800049, -44.1538696289, 126.710525513, -37.7628593445, 99.6458511353, -27.5850391388, 49.0459632874, -28.2222175598, 42.7721290588], [272.578582764, -222.233184814, 46.6253700256, -27.0003452301, -44.1538696289, 221.393814087, -6.75857400894, 46.0320320129, -14.5668020248, 8.95999717712, -25.864315033, 42.8355178833, 3.36253595352], [-240.858642578, 283.942047119, -92.0924224854, -51.1686248779, 126.710525513, -6.75857400894, 182.614318848, -12.9309034348, 57.2002258301, -34.8768501282, 35.937335968, -27.0794754028, 39.1350097656], [222.249511719, -188.426101685, 34.2373924255, 39.6478385925, -37.7628593445, 46.0320320129, -12.9309034348, 107.420478821, 2.31762957573, 21.0995292664, -24.217710495, 20.8859462738, -15.4492397308], [-225.781707764, 217.123565674, 10.7362527847, 2.56997418404, 99.6458511353, -14.5668020248, 57.2002258301, 2.31762957573, 144.741775513, 5.67420005798, 36.0036010742, -15.1805391312, 20.3824710846], [54.8113250732, -90.4786834717, 54.3713417053, 8.76457023621, -27.5850391388, 8.95999717712, -34.8768501282, 21.0995292664, 5.67420005798, 76.4354705811, 6.76883792877, 12.6903648376, -14.5650081635], [-142.991073608, 152.245620728, -3.34301018715, 0.770856261253, 49.0459632874, -25.864315033, 35.937335968, -24.217710495, 36.0036010742, 6.76883792877, 83.9259185791, 14.3932142258, 25.9400215149], [111.902320862, -109.22303009, 37.0092811584, 4.15192079544, -28.2222175598, 42.8355178833, -27.0794754028, 20.8859462738, -15.1805391312, 12.6903648376, 14.3932142258, 76.9159698486, 14.0813360214], [-89.3835296631, 107.935493469, -39.1010665894, -24.2473754883, 42.7721290588, 3.36253595352, 39.1350097656, -15.4492397308, 20.3824710846, -14.5650081635, 25.9400215149, 14.0813360214, 67.8906707764]],
        "icov": [[0.00105122511741, -0.00207885354757, 0.00181311008055, -0.00283797341399, 0.00132592779119, -0.00250583724119, 0.00161704584025, -0.00230456655845, 0.00211050687358, -0.00180518836714, 0.00196992070414, -0.00199603429064, 0.00119234097656], [-0.00207885354757, 0.0118335094303, -0.00476840464398, 0.00970616191626, -0.00548865506425, 0.00956571288407, -0.00726629886776, 0.0103459460661, -0.00977707561105, 0.00775750027969, -0.00939858518541, 0.00832519307733, -0.00483914744109], [0.00181311008055, -0.00476840464398, 0.00784569047391, -0.00818132795393, 0.00322703272104, -0.00615571625531, 0.00410722801462, -0.00358517887071, 0.00310190836899, -0.00575513439253, 0.0044337133877, -0.00570672005415, 0.00397680466995], [-0.00283797341399, 0.00970616191626, -0.00818132795393, 0.0169179774821, -0.00731958262622, 0.0106030479074, -0.00411265483126, 0.00541025353596, -0.00742152240127, 0.00932266935706, -0.00993619114161, 0.00901524163783, -0.00399441225454], [0.00132592779119, -0.00548865506425, 0.00322703272104, -0.00731958262622, 0.0106568671763, -0.00454355962574, -0.000720815500244, -0.00233606621623, 0.00111231370829, -0.00378756085411, 0.00464785285294, -0.00428200094029, 0.00107687187847], [-0.00250583724119, 0.00956571288407, -0.00615571625531, 0.0106030479074, -0.00454355962574, 0.0149299250916, -0.00731949880719, 0.00706624239683, -0.00826219748706, 0.00704613048583, -0.00575016671792, 0.00434442935511, -0.00502708926797], [0.00161704584025, -0.00726629886776, 0.00410722801462, -0.00411265483126, -0.000720815500244, -0.00731949880719, 0.0164127871394, -0.0100451884791, 0.00595212727785, -0.00154525716789, 0.00182108464651, -0.00121715548448, 0.00108581862878], [-0.00230456655845, 0.0103459460661, -0.00358517887071, 0.00541025353596, -0.00233606621623, 0.00706624239683, -0.0100451884791, 0.0244667381048, -0.0118442224339, 0.00306447665207, -0.00286684418097, 0.00263220304623, -0.00237243366428], [0.00211050687358, -0.00977707561105, 0.00310190836899, -0.00742152240127, 0.00111231370829, -0.00826219748706, 0.00595212727785, -0.0118442224339, 0.0194035060704, -0.00777096534148, 0.00452477065846, -0.0039427340962, 0.0026370245032], [-0.00180518836714, 0.00775750027969, -0.00575513439253, 0.00932266935706, -0.00378756085411, 0.00704613048583, -0.00154525716789, 0.00306447665207, -0.00777096534148, 0.0232088137418, -0.0108377272263, 0.00604246929288, -0.000869719544426], [0.00196992070414, -0.00939858518541, 0.0044337133877, -0.00993619114161, 0.00464785285294, -0.00575016671792, 0.00182108464651, -0.00286684418097, 0.00452477065846, -0.0108377272263, 0.0275685507804, -0.0141258230433, 0.000907896610443], [-0.00199603429064, 0.00832519307733, -0.00570672005415, 0.00901524163783, -0.00428200094029, 0.00434442935511, -0.00121715548448, 0.00263220304623, -0.0039427340962, 0.00604246929288, -0.0141258230433, 0.0275485850871, -0.00998404994607], [0.00119234097656, -0.00483914744109, 0.00397680466995, -0.00399441225454, 0.00107687187847, -0.00502708926797, 0.00108581862878, -0.00237243366428, 0.0026370245032, -0.000869719544426, 0.000907896610443, -0.00998404994607, 0.024007037282]]
    },
    "melbands": {
        "dmean": [0.00198674481362, 0.00346714886837, 0.00137202290352, 0.000759038783144, 0.000353148643626, 0.000258557323832, 0.000131087173941, 8.4663493908e-05, 5.55145270482e-05, 5.76815873501e-05, 6.11770228716e-05, 0.000126423037727, 0.00018227189139, 6.73154791002e-05, 5.06721298734e-05, 5.25811556145e-05, 3.96834875573e-05, 2.44636066782e-05, 2.76958708127e-05, 1.97193567146e-05, 2.36056166614e-05, 1.56845744641e-05, 1.52526627062e-05, 1.37724855449e-05, 1.43366733028e-05, 1.30178277686e-05, 1.46011743709e-05, 1.37388742587e-05, 9.18848218134e-06, 6.33260287941e-06, 7.86226246419e-06, 7.08261268301e-06, 5.97197367824e-06, 9.27797464101e-06, 7.17441253073e-06, 1.62691969763e-06, 9.77870740826e-07, 6.63578987314e-07, 3.44879964587e-07, 2.07495133964e-07],
        "dmean2": [0.00309351366013, 0.00549501087517, 0.00230741431005, 0.00127520202659, 0.0005747959367, 0.000372089183656, 0.000219259469304, 0.000138725255965, 9.42856568145e-05, 8.92459211173e-05, 9.53214912442e-05, 0.000200697148102, 0.000301295774989, 0.000105280196294, 8.09937118902e-05, 8.30543285701e-05, 6.19009515503e-05, 3.95671377191e-05, 4.5182845497e-05, 3.215882316e-05, 3.85832900065e-05, 2.48561173066e-05, 2.47755288001e-05, 2.13201838051e-05, 2.23052065849e-05, 2.12660215766e-05, 2.27694108617e-05, 2.20292167796e-05, 1.43633005791e-05, 9.68941640167e-06, 1.23435465866e-05, 1.1022810213e-05, 8.91388026503e-06, 1.50614851009e-05, 1.14289277917e-05, 2.47763250627e-06, 1.49827769746e-06, 1.02087653886e-06, 5.44862189145e-07, 3.28648525283e-07],
        "dvar": [5.77374385102e-06, 1.16205083032e-05, 2.59445596384e-06, 7.79214587965e-07, 1.3701450996e-07, 1.66638329802e-07, 2.89308488277e-08, 1.51984380636e-08, 9.85774573081e-09, 6.95847957033e-09, 1.09203455168e-08, 6.90260861802e-08, 1.15270303525e-07, 1.01186623525e-08, 6.90141410686e-09, 8.77600392357e-09, 4.83105822013e-09, 2.14492623662e-09, 4.00450339555e-09, 1.1761315255e-09, 2.18849804945e-09, 5.73980807328e-10, 5.04263686363e-10, 3.72386094183e-10, 4.7378484469e-10, 4.19947576713e-10, 1.09026587758e-09, 9.44151090643e-10, 3.22764592831e-10, 9.94457016734e-11, 1.17211018669e-10, 8.90341411708e-11, 7.26703142107e-11, 1.80329876032e-10, 9.58239945725e-11, 5.63968967013e-12, 1.79782404242e-12, 8.59716215319e-13, 2.71879713838e-13, 9.1436894948e-14],
        "dvar2": [1.30727739815e-05, 2.74884259852e-05, 6.80415723764e-06, 2.0935115117e-06, 3.47909974607e-07, 3.35021638875e-07, 7.41004768656e-08, 4.05493132405e-08, 2.62639385795e-08, 1.59644404363e-08, 2.5881234933e-08, 1.45389634554e-07, 2.98600866699e-07, 2.28232632793e-08, 1.52040406931e-08, 1.96055349733e-08, 1.11319051754e-08, 5.51438095187e-09, 9.57211820918e-09, 2.9822564418e-09, 5.67217783853e-09, 1.31314636942e-09, 1.17531051558e-09, 7.74664610237e-10, 1.07713249431e-09, 9.23327081459e-10, 2.32552177515e-09, 2.24725638098e-09, 7.53357931593e-10, 2.09027670173e-10, 2.37570074724e-10, 1.84944864978e-10, 1.43416264975e-10, 4.41131908779e-10, 2.25185980973e-10, 1.15436922174e-11, 3.74345996909e-12, 1.84568831572e-12, 6.26746050891e-13, 1.9710635576e-13],
        "max": [0.0271694660187, 0.031682677567, 0.0182654354721, 0.00959623698145, 0.00423830468208, 0.00452150963247, 0.00180627976079, 0.00209311768413, 0.00112930114847, 0.00180277682375, 0.00192638486624, 0.00442698737606, 0.00396446045488, 0.00154356390703, 0.00170163123403, 0.00177385960706, 0.00177789130248, 0.000835420622025, 0.00148989085574, 0.000659607700072, 0.000566313508898, 0.00035372536513, 0.000232726742979, 0.00032092249603, 0.000263651425485, 0.000263185356744, 0.000520075671375, 0.000441558513558, 0.000275760976365, 0.000116981063911, 9.73819842329e-05, 7.96248641564e-05, 8.5755091277e-05, 9.35896096053e-05, 6.29756832495e-05, 2.80888252746e-05, 1.301793327e-05, 8.7051976152e-06, 4.42761756858e-06, 2.48638684752e-06],
        "mean": [0.00395120028406, 0.00698058772832, 0.00226204656065, 0.00123766751494, 0.000606182264164, 0.000384410639526, 0.000202757495572, 0.000146765742102, 8.46726034069e-05, 0.00012669210264, 0.000129182750243, 0.000209889680264, 0.000238570821239, 0.000112960253318, 8.39486674522e-05, 9.46601576288e-05, 7.16099675628e-05, 4.07862244174e-05, 3.54980038537e-05, 2.93882585538e-05, 3.21047955367e-05, 2.45382580033e-05, 2.13636158151e-05, 2.0186032998e-05, 1.88444173546e-05, 1.57622962433e-05, 1.61229054356e-05, 1.44119858305e-05, 1.05999124571e-05, 7.53509493734e-06, 8.54674090078e-06, 7.74154250394e-06, 6.42228451397e-06, 7.96812491899e-06, 6.48727018415e-06, 1.67178961874e-06, 9.67788082562e-07, 6.14089344708e-07, 3.00506911799e-07, 1.92647448216e-07],
        "median": [0.00243429746479, 0.00529177300632, 0.00172770640347, 0.000887807109393, 0.000442734104581, 0.000202838971745, 0.00012357920059, 8.89019138413e-05, 3.97128751501e-05, 6.02329419053e-05, 5.52365381736e-05, 4.9139958719e-05, 7.12860564818e-05, 5.81793428864e-05, 4.78350302728e-05, 4.90226411785e-05, 3.53932773578e-05, 1.99638307095e-05, 1.5797719243e-05, 1.68692440639e-05, 1.65854853549e-05, 1.3955889699e-05, 1.22074161482e-05, 1.04269747681e-05, 9.36020478548e-06, 7.85858446761e-06, 6.28788529866e-06, 5.39878010386e-06, 4.61442732558e-06, 3.38959239343e-06, 3.26121562466e-06, 3.04554964714e-06, 2.30155205827e-06, 2.1351356736e-06, 1.65515496064e-06, 4.26234237239e-07, 2.49255833751e-07, 1.34347502012e-07, 5.72767291374e-08, 3.74446749163e-08],
        "min": [3.50919961636e-24, 4.33510227425e-24, 1.87239074361e-24, 6.88833815756e-24, 3.94893987278e-24, 7.78177125323e-24, 1.13856278673e-23, 4.36703181382e-24, 8.38543996121e-24, 4.69313389583e-24, 5.37828720215e-24, 5.25722387447e-24, 3.8868170765e-24, 1.20201978347e-23, 1.07460825543e-23, 8.52132519643e-24, 7.30247514444e-24, 8.0841921253e-24, 9.99094466387e-24, 9.03313972946e-24, 4.16282885761e-24, 5.58286131741e-24, 8.24347103068e-24, 8.42393873996e-24, 1.20048884111e-23, 1.3540049598e-23, 9.36978454304e-24, 7.15596474168e-24, 9.02986516785e-24, 8.78276868878e-24, 7.73506595448e-24, 9.90941510045e-24, 9.21491852558e-24, 9.463737088e-24, 8.12454472719e-24, 9.35490899296e-24, 1.00410365425e-23, 7.18110179442e-24, 1.0210494909e-23, 9.41650640788e-24],
        "var": [1.6921239876e-05, 3.52163879143e-05, 3.85714702134e-06, 1.35282596148e-06, 3.12688712256e-07, 2.74357631724e-07, 4.82879016772e-08, 3.04922949113e-08, 1.43576803779e-08, 2.657693976e-08, 3.65050460971e-08, 1.83990081837e-07, 1.67160052911e-07, 2.49450451406e-08, 1.4415256544e-08, 2.25737046833e-08, 1.62136188919e-08, 4.39226255367e-09, 4.49777326494e-09, 1.65176838873e-09, 2.30200858375e-09, 1.09030995343e-09, 7.02782443351e-10, 7.15576653487e-10, 7.49206419126e-10, 5.99563065862e-10, 1.34098609994e-09, 9.40392652637e-10, 3.56336876672e-10, 1.33425090421e-10, 1.57474880358e-10, 1.20107951362e-10, 1.07835358698e-10, 1.73985562069e-10, 1.02334613006e-10, 8.08500228572e-12, 2.41604631267e-12, 1.08385728777e-12, 2.90274315001e-13, 1.08687974528e-13]
    },
    "mfcc": {
        "mean": [-607.862670898, 130.633148193, -6.01133298874, 43.8432350159, -2.18071675301, 30.8433761597, 0.342272281647, 14.205997467, -6.0405664444, 0.198695763946, -2.81718373299, -0.635326206684, 0.0770544931293],
        "cov": [[2030.39147949, -934.97845459, 180.636917114, -149.906509399, 17.3332958221, -94.1205978394, 53.7723464966, 60.8645591736, 0.256733119488, -29.5633792877, -38.3044204712, -48.0449104309, 1.56702625751], [-934.97845459, 1196.68835449, -396.989074707, 135.674194336, -36.2930259705, 105.986679077, 11.7644062042, 7.37286663055, 39.188205719, 39.2050323486, 42.328163147, 47.8622169495, 4.76506853104], [180.636917114, -396.989074707, 435.837493896, -14.032658577, 66.6639404297, -8.28900909424, -43.4010009766, -14.1328220367, -34.4675369263, -7.90983772278, 10.5301389694, 5.36072254181, 17.6087665558], [-149.906509399, 135.674194336, -14.032658577, 306.120819092, 62.0690040588, -19.4097518921, -11.5354156494, -10.7883777618, -10.9371242523, 20.7778663635, 29.6717319489, 21.6428909302, 2.33909654617], [17.3332958221, -36.2930259705, 66.6639404297, 62.0690040588, 139.346282959, 33.4891624451, -18.3935127258, 16.5217704773, 13.7230377197, 5.97313547134, 25.9035816193, 19.1309375763, 17.170003891], [-94.1205978394, 105.986679077, -8.28900909424, -19.4097518921, 33.4891624451, 113.265686035, 26.0259742737, 28.8968086243, 18.6132240295, 12.1556406021, 0.0600286014378, 9.30516242981, 14.1114215851], [53.7723464966, 11.7644062042, -43.4010009766, -11.5354156494, -18.3935127258, 26.0259742737, 100.433204651, 30.2709503174, 9.64897918701, -3.11897063255, -12.9748945236, -9.0938949585, 9.13386154175], [60.8645591736, 7.37286663055, -14.1328220367, -10.7883777618, 16.5217704773, 28.8968086243, 30.2709503174, 103.979156494, 41.9843635559, 6.96104240417, 4.1166176796, 10.9796476364, 7.63964557648], [0.256733119488, 39.188205719, -34.4675369263, -10.9371242523, 13.7230377197, 18.6132240295, 9.64897918701, 41.9843635559, 82.4985351562, 33.0951919556, 13.5785303116, 4.55717325211, 2.66211724281], [-29.5633792877, 39.2050323486, -7.90983772278, 20.7778663635, 5.97313547134, 12.1556406021, -3.11897063255, 6.96104240417, 33.0951919556, 77.4026031494, 28.8079872131, -1.27228844166, -9.24428272247], [-38.3044204712, 42.328163147, 10.5301389694, 29.6717319489, 25.9035816193, 0.0600286014378, -12.9748945236, 4.1166176796, 13.5785303116, 28.8079872131, 78.445022583, 26.7909317017, -9.46753978729], [-48.0449104309, 47.8622169495, 5.36072254181, 21.6428909302, 19.1309375763, 9.30516242981, -9.0938949585, 10.9796476364, 4.55717325211, -1.27228844166, 26.7909317017, 69.9948730469, 26.6902141571], [1.56702625751, 4.76506853104, 17.6087665558, 2.33909654617, 17.170003891, 14.1114215851, 9.13386154175, 7.63964557648, 2.66211724281, -9.24428272247, -9.46753978729, 26.6902141571, 80.0082626343]],
