{
"lowlevel": {
    "average_loudness": 0.930185735226,
    "barkbands_crest": {
        "dmean": 2.8558318615,
        "dmean2": 4.42449903488,
        "dvar": 6.96016740799,
        "dvar2": 14.922088623,
        "max": 26.3654670715,
        "mean": 13.6000127792,
        "median": 12.5844964981,
        "min": 4.68645906448,
        "var": 24.8367786407
    },
    "barkbands_flatness_db": {
        "dmean": 0.0381495393813,
        "dmean2": 0.0492576360703,
        "dvar": 0.00131192314439,
        "dvar2": 0.00228403392248,
        "max": 0.51226747036,
        "mean": 0.274515628815,
        "median": 0.269710987806,
        "min": 0.0600254908204,
        "var": 0.00707613257691
    },
    "barkbands_kurtosis": {
        "dmean": 6.23287534714,
        "dmean2": 9.89896774292,
        "dvar": 269.375549316,
        "dvar2": 575.088012695,
        "max": 346.192749023,
        "mean": 9.06686592102,
        "median": 1.82602119446,
        "min": -1.70127546787,
        "var": 504.36151123
    },
    "barkbands_skewness": {
        "dmean": 0.751169800758,
        "dmean2": 1.14727175236,
        "dvar": 0.999993443489,
        "dvar2": 2.0847427845,
        "max": 15.4388341904,
        "mean": 1.43069922924,
        "median": 0.863600075245,
        "min": -2.66500473022,
        "var": 3.77053236961
    },
    "barkbands_spread": {
        "dmean": 2.55495476723,
        "dmean2": 3.83665800095,
        "dvar": 10.314994812,
        "dvar2": 23.0258731842,
        "max": 37.5867614746,
        "mean": 8.5066242218,
        "median": 7.89267110825,
        "min": 0.248200580478,
        "var": 27.054479599
    },
    "dissonance": {
        "dmean": 0.0494932793081,
        "dmean2": 0.0808961987495,
        "dvar": 0.00195449637249,
        "dvar2": 0.00515079591423,
        "max": 0.499953716993,
        "mean": 0.38011687994,
        "median": 0.390592634678,
        "min": 0.107270278037,
        "var": 0.00520849926397
    },
    "dynamic_complexity": 4.15369081497,
    "erbbands_crest": {
        "dmean": 3.34446525574,
        "dmean2": 5.13460493088,
        "dvar": 9.6404132843,
        "dvar2": 22.1481800079,
        "max": 32.6889572144,
        "mean": 14.7351922989,
        "median": 14.0733089447,
        "min": 2.97409009933,
        "var": 31.1100769043
    },
    "erbbands_flatness_db": {
        "dmean": 0.0325622968376,
        "dmean2": 0.0418858751655,
        "dvar": 0.00093269412173,
        "dvar2": 0.00161438807845,
        "max": 0.525774776936,
        "mean": 0.266644507647,
        "median": 0.2600671947,
        "min": 0.073748268187,
        "var": 0.00588471349329
    },
    "erbbands_kurtosis": {
        "dmean": 1.85622894764,
        "dmean2": 2.88690161705,
        "dvar": 11.9035329819,
        "dvar2": 28.4227409363,
        "max": 74.7130355835,
        "mean": 2.3429710865,
        "median": 1.16851329803,
        "min": -1.49578225613,
        "var": 27.8618278503
    },
    "erbbands_skewness": {
        "dmean": 0.468607962132,
        "dmean2": 0.708106994629,
        "dvar": 0.249283865094,
        "dvar2": 0.555270135403,
        "max": 5.65337324142,
        "mean": 0.62516951561,
        "median": 0.56240683794,
        "min": -4.20050525665,
        "var": 0.817223191261
    },
    "erbbands_spread": {
        "dmean": 4.80876493454,
        "dmean2": 7.25752878189,
        "dvar": 44.5254936218,
        "dvar2": 111.592170715,
        "max": 89.7487106323,
        "mean": 16.5160751343,
        "median": 12.9493875504,
        "min": 0.727257311344,
        "var": 124.461837769
    },
    "hfc": {
        "dmean": 5.57100486755,
        "dmean2": 7.14047908783,
        "dvar": 59.4399108887,
        "dvar2": 94.2294235229,
        "max": 85.2741165161,
        "mean": 15.8195877075,
        "median": 10.6423835754,
        "min": 1.22117984085e-16,
        "var": 243.797393799
    },
    "melbands_crest": {
        "dmean": 3.36253094673,
        "dmean2": 5.20534563065,
        "dvar": 10.1419897079,
        "dvar2": 23.8231334686,
        "max": 34.0690612793,
        "mean": 17.0264072418,
        "median": 16.2636623383,
        "min": 1.70033121109,
        "var": 32.295879364
    },
    "melbands_flatness_db": {
        "dmean": 0.0396466851234,
        "dmean2": 0.0508637204766,
        "dvar": 0.00156047800556,
        "dvar2": 0.00266844872385,
        "max": 0.652078986168,
        "mean": 0.351229995489,
        "median": 0.343077659607,
        "min": 0.00515834474936,
        "var": 0.00932908896357
    },
    "melbands_kurtosis": {
        "dmean": 8.07586288452,
        "dmean2": 13.2254667282,
        "dvar": 302.473968506,
        "dvar2": 739.538696289,
        "max": 187.167892456,
        "mean": 12.7966365814,
        "median": 2.52736091614,
        "min": -1.83451795578,
        "var": 593.368835449
    },
    "melbands_skewness": {
        "dmean": 0.807724654675,
        "dmean2": 1.24081671238,
        "dvar": 0.974013626575,
        "dvar2": 2.24419784546,
        "max": 10.1616830826,
        "mean": 1.8112282753,
        "median": 1.18917369843,
        "min": -2.48264431953,
        "var": 3.80669736862
    },
    "melbands_spread": {
        "dmean": 3.32561039925,
        "dmean2": 5.03240871429,
        "dvar": 19.156873703,
        "dvar2": 38.1732177734,
        "max": 136.316162109,
        "mean": 11.7143545151,
        "median": 11.2528839111,
        "min": 0.35550531745,
        "var": 67.0036773682
    },
    "pitch_salience": {
        "dmean": 0.0683608800173,
        "dmean2": 0.108136601746,
        "dvar": 0.00439278502017,
        "dvar2": 0.010554831475,
        "max": 0.793621003628,
        "mean": 0.420296758413,
        "median": 0.424306035042,
        "min": 0.0889153704047,
        "var": 0.0123400464654
    },
    "silence_rate_20dB": {
        "dmean": 0,
        "dmean2": 0,
        "dvar": 0,
        "dvar2": 0,
        "max": 1,
        "mean": 1,
        "median": 1,
        "min": 1,
        "var": 0
    },
    "silence_rate_30dB": {
        "dmean": 0.00206185574643,
        "dmean2": 0.00412583816797,
        "dvar": 0.00205760914832,
        "dvar2": 0.00410881265998,
        "max": 1,
        "mean": 0.996908783913,
        "median": 1,
        "min": 0,
        "var": 0.00308163231239
    },
    "silence_rate_60dB": {
        "dmean": 0.0438144318759,
        "dmean2": 0.0876740589738,
        "dvar": 0.0418949499726,
        "dvar2": 0.0933985710144,
        "max": 1,
        "mean": 0.0860381275415,
        "median": 0,
        "min": 0,
        "var": 0.0786344856024
    },
    "spectral_centroid": {
        "dmean": 104.582809448,
        "dmean2": 152.013153076,
        "dvar": 65810.4140625,
        "dvar2": 121024.742188,
        "max": 11774.9072266,
        "mean": 648.535888672,
        "median": 669.849121094,
        "min": 107.873069763,
        "var": 184151.296875
    },
    "spectral_complexity": {
        "dmean": 2.17938137054,
        "dmean2": 3.10985040665,
        "dvar": 5.5915312767,
        "dvar2": 10.0585231781,
        "max": 34,
        "mean": 9.15043830872,
        "median": 8,
        "min": 0,
        "var": 26.6485710144
    },
    "spectral_decrease": {
        "dmean": 2.3525925652e-09,
        "dmean2": 3.05720893046e-09,
        "dvar": 7.3341671227e-18,
        "dvar2": 1.19534737083e-17,
        "max": 1.12135321008e-28,
        "mean": -7.46730588475e-09,
        "median": -6.39954267356e-09,
        "min": -3.62661332076e-08,
        "var": 3.54737497572e-17
    },
    "spectral_energy": {
        "dmean": 0.00933999381959,
        "dmean2": 0.0121147241443,
        "dvar": 0.000116555100249,
        "dvar2": 0.000188811594853,
        "max": 0.14145027101,
        "mean": 0.0296181924641,
        "median": 0.025388861075,
        "min": 1.06532429532e-20,
        "var": 0.000559692969546
    },
    "spectral_energyband_high": {
        "dmean": 2.23138231377e-05,
        "dmean2": 3.15181023325e-05,
        "dvar": 2.1666930472e-09,
        "dvar2": 5.13235853816e-09,
        "max": 0.000882909400389,
        "mean": 3.32012823492e-05,
        "median": 8.58222392708e-06,
        "min": 7.80080673824e-21,
        "var": 4.77512429597e-09
    },
    "spectral_energyband_low": {
        "dmean": 0.00327703263611,
        "dmean2": 0.00475379638374,
        "dvar": 3.37397796102e-05,
        "dvar2": 6.66815030854e-05,
        "max": 0.0675844550133,
        "mean": 0.00896008592099,
        "median": 0.00336956977844,
        "min": 4.77985179742e-23,
        "var": 0.000159155883011
    },
    "spectral_energyband_middle_high": {
        "dmean": 0.00237012794241,
        "dmean2": 0.00316468672827,
        "dvar": 1.52703960339e-05,
        "dvar2": 2.89842228085e-05,
        "max": 0.0459775291383,
        "mean": 0.00538347102702,
        "median": 0.00253646401688,
        "min": 1.2823344222e-21,
        "var": 4.82750765514e-05
    },
    "spectral_energyband_middle_low": {
        "dmean": 0.0061963298358,
        "dmean2": 0.00813457649201,
        "dvar": 6.04297383688e-05,
        "dvar2": 9.84782454907e-05,
        "max": 0.0877422019839,
        "mean": 0.0157091747969,
        "median": 0.0112824151292,
        "min": 1.54321438388e-22,
        "var": 0.000237437328906
    },
    "spectral_entropy": {
        "dmean": 0.320007771254,
        "dmean2": 0.424037218094,
        "dvar": 0.102252110839,
        "dvar2": 0.191741108894,
        "max": 9.806848526,
        "mean": 6.32582616806,
        "median": 6.3341960907,
        "min": 4.12648534775,
        "var": 0.448089927435
    },
    "spectral_flux": {
        "dmean": 0.0322287268937,
        "dmean2": 0.0508486106992,
        "dvar": 0.0011117166141,
        "dvar2": 0.00278020137921,
        "max": 0.243134588003,
        "mean": 0.0690701305866,
        "median": 0.0588140338659,
        "min": 6.86409609707e-11,
        "var": 0.00206306227483
    },
    "spectral_kurtosis": {
        "dmean": 9.44672966003,
        "dmean2": 15.1573820114,
        "dvar": 113.323753357,
        "dvar2": 275.703338623,
        "max": 160.82913208,
        "mean": 22.1651878357,
        "median": 16.8940792084,
        "min": -1.22010743618,
        "var": 312.049835205
    },
    "spectral_rms": {
        "dmean": 0.000876924430486,
        "dmean2": 0.00111445272341,
        "dvar": 8.25492065815e-07,
        "dvar2": 1.26561542402e-06,
        "max": 0.0117473518476,
        "mean": 0.00486040813848,
        "median": 0.00497690867633,
        "min": 3.22388079774e-12,
        "var": 5.27221982338e-06
    },
    "spectral_rolloff": {
        "dmean": 168.835296631,
        "dmean2": 296.223693848,
        "dvar": 214891.25,
        "dvar2": 422151.46875,
        "max": 19013.8183594,
        "mean": 753.628845215,
        "median": 710.595703125,
        "min": 86.1328125,
        "var": 508198.78125
    },
    "spectral_skewness": {
        "dmean": 0.683852314949,
        "dmean2": 1.10173368454,
        "dvar": 0.472124278545,
        "dvar2": 1.18640387058,
        "max": 10.1628227234,
        "mean": 3.31885075569,
        "median": 3.04932022095,
        "min": -0.0788177773356,
        "var": 1.38560152054
    },
    "spectral_spread": {
        "dmean": 582429.5625,
        "dmean2": 861970.25,
        "dvar": 1.28590453146e+12,
        "dvar2": 2.32538714931e+12,
        "max": 42145068,
        "mean": 2506208,
        "median": 2212382.5,
        "min": 707264.6875,
        "var": 3.0929345577e+12
    },
    "spectral_strongpeak": {
        "dmean": 0.685243010521,
        "dmean2": 1.1167293787,
        "dvar": 0.957392156124,
        "dvar2": 2.04644608498,
        "max": 8.0817937851,
        "mean": 1.52056467533,
        "median": 0.700638890266,
        "min": 0,
        "var": 2.41364169121
    },
    "zerocrossingrate": {
        "dmean": 0.00472223339602,
        "dmean2": 0.00561359757558,
        "dvar": 0.000133644469315,
        "dvar2": 0.000251837802352,
        "max": 0.5068359375,
        "mean": 0.0275905318558,
        "median": 0.0283203125,
        "min": 0.0029296875,
        "var": 0.00039801641833
    },
    "barkbands": {
        "dmean": [4.10292386732e-06, 0.00273490766995, 0.000734209781513, 0.000190897393622, 0.0017223249888, 0.000866234127898, 0.000714525289368, 0.00173696165439, 0.00250444910489, 0.000866578251589, 0.00041572729242, 0.00086575455498, 0.000661723373923, 0.000176236673724, 0.000182973803021, 0.000194551888853, 5.25369650859e-05, 2.28065491683e-05, 2.12351933442e-05, 8.00205816631e-06, 6.63506307319e-06, 4.46153262601e-06, 2.77173603536e-06, 2.66219149125e-06, 2.98224904327e-06, 2.35691504713e-06, 3.23096372767e-07],
        "dmean2": [6.85206214257e-06, 0.00391005072743, 0.00120712432545, 0.000325553119183, 0.0024069279898, 0.00127025146503, 0.000999370939098, 0.0025423062034, 0.00362594472244, 0.00121272553224, 0.000563111971132, 0.00119002908468, 0.000956754141953, 0.000270887336228, 0.000268716394203, 0.00029584261938, 7.88823963376e-05, 3.21293955494e-05, 3.06718466163e-05, 1.20477880046e-05, 9.90194803308e-06, 6.51901245874e-06, 4.1192347453e-06, 4.04378397434e-06, 4.73748605145e-06, 3.98416705139e-06, 5.74873922687e-07],
        "dvar": [1.01976052602e-10, 2.79610976577e-05, 1.34114395678e-06, 1.43835592326e-07, 1.27618031911e-05, 4.62376056021e-06, 4.35327592641e-06, 1.3033122741e-05, 2.54066926573e-05, 7.11301845513e-06, 2.15080126509e-06, 2.7021887945e-06, 3.84008626497e-06, 7.83660027537e-07, 1.93455775843e-07, 3.20248858543e-07, 1.79441332904e-08, 2.76106115749e-09, 3.26083338109e-09, 3.61749186162e-10, 1.94253710339e-10, 9.32331017944e-11, 3.7447895479e-11, 4.17906299843e-11, 8.0449202855e-11, 1.14982218191e-10, 2.16148474987e-12],
        "dvar2": [2.28241536782e-10, 5.38096974196e-05, 3.10698214889e-06, 3.46596635836e-07, 2.86309023068e-05, 9.18840123632e-06, 5.98987116973e-06, 2.43753347604e-05, 4.41592128482e-05, 1.41506643558e-05, 3.49864808413e-06, 4.70550412501e-06, 8.13460974314e-06, 1.41394298225e-06, 4.15714708879e-07, 6.71639838856e-07, 3.88806640217e-08, 5.40369793356e-09, 6.8490115801e-09, 8.32865554301e-10, 4.48640236073e-10, 2.2376672737e-10, 8.82253436973e-11, 1.05849738696e-10, 2.1337603906e-10, 3.3227889884e-10, 6.18552388129e-12],
        "max": [0.000266283605015, 0.0642349496484, 0.0103160757571, 0.00527044665068, 0.0513801202178, 0.0372183322906, 0.0444305725396, 0.0380388014019, 0.0610247775912, 0.0450758375227, 0.0291630961001, 0.0188574194908, 0.0287214256823, 0.0158501993865, 0.00983218941838, 0.0103724198416, 0.0047003487125, 0.00138545082882, 0.00114734726958, 0.000388235523133, 0.000297205784591, 0.000172791464138, 9.62779959082e-05, 0.000107036932604, 0.000158314505825, 0.000276885199128, 3.48679386661e-05],
        "mean": [5.89053070144e-06, 0.00733715156093, 0.00138337572571, 0.0003511433315, 0.00237171631306, 0.00161627330817, 0.00143066537566, 0.0033769425936, 0.00583510613069, 0.00158731173724, 0.000690604618285, 0.0016297432594, 0.0010564676486, 0.000240005931119, 0.000267321738647, 0.000245299219387, 8.07735705166e-05, 3.79850898753e-05, 3.37134588335e-05, 1.21971806948e-05, 1.01826954051e-05, 6.00585781285e-06, 3.52613392351e-06, 3.23970220961e-06, 3.23891413245e-06, 2.12735972127e-06, 2.29634324e-07],
        "median": [1.18159755402e-06, 0.00142633798532, 0.000963645288721, 9.5921146567e-05, 0.00049584422959, 0.000198639099835, 0.000131009088363, 0.000320891529555, 0.000707296596374, 5.26227559021e-05, 3.73039802071e-05, 0.000238434018684, 0.000103219797893, 2.34157105297e-05, 7.25457794033e-05, 3.50550290023e-05, 1.75717595994e-05, 9.93961202767e-06, 7.40039149605e-06, 3.06597644339e-06, 2.82572818833e-06, 1.29489717438e-06, 5.53241477519e-07, 5.01609861203e-07, 3.00924000385e-07, 1.6246174539e-07, 2.48171061479e-09],
        "min": [7.89627993565e-24, 1.24265250986e-23, 1.03245902283e-23, 2.08755898473e-23, 1.0572868421e-23, 9.11428196217e-24, 2.6343164271e-23, 2.66928158232e-23, 3.64989879638e-23, 6.96498041212e-23, 4.27678036757e-23, 9.62577858426e-23, 5.19823680028e-23, 1.42477581731e-22, 7.39306556421e-23, 1.03507423872e-22, 1.66314698989e-22, 1.2809075306e-22, 1.39866237564e-22, 2.77263125925e-22, 3.43530799356e-22, 5.70145445338e-22, 5.12993949502e-22, 8.03076557386e-22, 1.35425157665e-21, 1.42299309264e-21, 2.52442800203e-21],
        "var": [1.83998372094e-10, 0.00014204090985, 2.34258322962e-06, 3.33553913379e-07, 2.36019768636e-05, 1.32595650939e-05, 1.77285128302e-05, 3.77141550416e-05, 8.65095571498e-05, 1.6888265236e-05, 5.07517552251e-06, 7.95013420429e-06, 7.89200385043e-06, 1.38988480103e-06, 3.61188824627e-07, 4.592194216e-07, 5.07528490346e-08, 8.36807512172e-09, 6.87265355737e-09, 8.73273398039e-10, 4.23084484114e-10, 1.57899679443e-10, 6.5071691091e-11, 6.57959936534e-11, 1.00748742682e-10, 7.6152750772e-11, 1.34080680586e-12]
    },
    "erbbands": {
        "dmean": [0.0410081781447, 0.727142930031, 1.1140627861, 0.626114904881, 1.95453858376, 7.23282003403, 8.73938846588, 6.27185821533, 8.49087142944, 14.1963348389, 49.2466316223, 63.655620575, 32.822681427, 21.5046310425, 15.9374961853, 42.2039680481, 30.5778274536, 11.1722707748, 8.16644001007, 10.419503212, 6.99041414261, 2.09340071678, 1.34914982319, 1.00964522362, 0.994910776615, 0.373579502106, 0.265330225229, 0.270577460527, 0.173881366849, 0.111073434353, 0.070380538702, 0.0559381134808, 0.0444747284055, 0.0330525785685, 0.0226177610457, 0.0105890799314, 0.00431418791413, 0.00100557389669, 3.64146944776e-05, 1.09043830889e-05],
        "dmean2": [0.0525962077081, 1.05445766449, 1.77966201305, 1.05592048168, 2.98417472839, 9.89928150177, 12.8037452698, 9.32705974579, 12.1820116043, 19.7199764252, 70.2059936523, 90.6088562012, 44.4258918762, 32.0303153992, 20.9063091278, 57.136013031, 43.7018737793, 16.5803222656, 12.0703868866, 15.2719078064, 10.421172142, 3.12062597275, 1.90579426289, 1.44165551662, 1.44062364101, 0.557675182819, 0.38417032361, 0.40843334794, 0.254134893417, 0.165281072259, 0.104391515255, 0.0823466703296, 0.0692214295268, 0.0523170828819, 0.0363067314029, 0.0174764171243, 0.00736517785117, 0.00172839080915, 6.17090991e-05, 1.41540349432e-05],
        "dvar": [0.00630757352337, 1.98367285728, 3.37559294701, 1.18199646473, 22.7218723297, 273.335845947, 454.668212891, 373.758544922, 499.687988281, 1108.78625488, 9415.75488281, 20246.1777344, 7158.50146484, 7235.16552734, 2409.75317383, 6070.55810547, 7286.72314453, 2534.67529297, 566.849609375, 514.881286621, 311.075073242, 20.1618061066, 10.9546661377, 5.78415489197, 10.049943924, 0.76594132185, 0.345089524984, 0.325954496861, 0.151771306992, 0.0584587492049, 0.0275764036924, 0.0157559271902, 0.0136787090451, 0.00907981209457, 0.00505188992247, 0.00212132628076, 0.000399336975534, 1.30824464577e-05, 3.00316997937e-08, 1.57596158346e-10],
        "dvar2": [0.00905170105398, 3.94921445847, 7.8589348793, 2.90350818634, 65.0201187134, 556.23425293, 905.735961914, 767.460632324, 847.61541748, 1650.72277832, 17384.140625, 34748.0546875, 13629.0273438, 14574.4355469, 3417.08325195, 10607.7822266, 15687.3847656, 4573.89746094, 1236.52160645, 1088.96765137, 626.125244141, 46.3671340942, 22.0487976074, 10.2226781845, 23.6124134064, 1.74846637249, 0.751024603844, 0.792521119118, 0.379929125309, 0.142119064927, 0.0657196417451, 0.0359738133848, 0.0356792248785, 0.0241235755384, 0.0135793425143, 0.00610173400491, 0.00115524535067, 3.65699270333e-05, 8.66193516913e-08, 2.58368076933e-10],
        "max": [1.16058683395, 16.4751167297, 17.7620735168, 14.3501167297, 93.3684768677, 248.872619629, 502.930175781, 297.971130371, 336.015441895, 599.030822754, 1155.33496094, 1747.77600098, 1227.93225098, 1663.75134277, 769.41015625, 921.792785645, 1369.6171875, 924.540527344, 631.384155273, 416.363220215, 390.616149902, 121.299209595, 87.0266494751, 80.4829711914, 75.7385101318, 21.4154472351, 15.9407577515, 8.80375671387, 8.09943008423, 4.07038497925, 3.14063572884, 2.15139746666, 1.9465059042, 1.55848050117, 1.22495055199, 1.19502902031, 0.506184458733, 0.0531353838742, 0.00425023632124, 0.000157589354785],
        "mean": [0.120936691761, 1.92473220825, 2.43784499168, 1.34564125538, 2.90358138084, 9.94852352142, 12.1004953384, 12.4023399353, 17.8921451569, 28.3271446228, 109.092697144, 146.581329346, 60.4759101868, 44.4294013977, 29.2215442657, 82.0302658081, 54.5480041504, 16.7729091644, 11.8570327759, 15.2996740341, 9.93325424194, 3.48648118973, 2.35731816292, 1.83551907539, 1.44220626354, 0.580838680267, 0.413805097342, 0.381371855736, 0.237389445305, 0.143749430776, 0.0871478915215, 0.0701890289783, 0.0520366020501, 0.0355489738286, 0.0238681435585, 0.00976518914104, 0.00385679164901, 0.000794776133262, 3.92920701415e-05, 3.42670864484e-05],
        "median": [0.0200982987881, 0.405044317245, 1.49932003021, 0.79597055912, 1.05992937088, 1.80096781254, 1.93598401546, 1.55022895336, 1.89733076096, 4.65272903442, 17.2497291565, 24.5017585754, 8.57033443451, 4.91024827957, 5.33398008347, 15.6058540344, 9.58486938477, 3.67692351341, 3.34909462929, 3.87724709511, 2.27680134773, 0.982402741909, 0.606055021286, 0.462661892176, 0.346304297447, 0.168434843421, 0.11442425102, 0.103689573705, 0.0551386401057, 0.0252112913877, 0.0140239614993, 0.00987953972071, 0.0079502929002, 0.00405684160069, 0.00184257805813, 0.000913522671908, 0.000243334361585, 2.43555841735e-05, 1.65801284311e-05, 2.95560948871e-05],
        "min": [5.59728745344e-22, 1.87606279488e-21, 1.60677119802e-20, 3.80237576185e-20, 2.82812372885e-20, 5.6631188729e-20, 3.82838736094e-20, 9.42659355839e-20, 1.93928643053e-19, 6.83619850028e-19, 6.86949200295e-19, 7.63040872759e-19, 1.89192149997e-18, 1.66189715068e-18, 2.99977049142e-18, 3.71465099606e-18, 2.64515133858e-18, 7.34797111276e-18, 6.04561246142e-18, 4.64228690375e-18, 5.59453681133e-18, 1.04181967129e-17, 8.45369321606e-18, 7.73005162796e-18, 6.73008994265e-18, 1.20016834487e-17, 1.67748985678e-17, 1.35229753015e-17, 1.81377944322e-17, 1.69016309094e-17, 1.67935878865e-17, 1.71370101158e-17, 1.24524571779e-17, 1.46390983738e-17, 8.99619713926e-18, 5.83882144419e-18, 2.51087469616e-18, 1.34169656954e-18, 3.81182326304e-19, 3.58977224985e-20],
        "var": [0.0440523996949, 9.50153446198, 7.00241279602, 2.59637928009, 35.8801879883, 519.062194824, 1109.95788574, 967.262512207, 1684.60144043, 4066.90942383, 32864.7890625, 67107.828125, 15803.6396484, 17553.2382812, 6887.2578125, 17777.7714844, 15228.3330078, 4572.78662109, 1046.67077637, 894.790771484, 516.181213379, 56.624168396, 35.8059310913, 20.7750225067, 13.851811409, 1.83385741711, 0.842101991177, 0.535371422768, 0.242613971233, 0.105669975281, 0.0440612323582, 0.0296839494258, 0.0182370413095, 0.0106468731537, 0.00620215712115, 0.00144376698881, 0.000270344899036, 9.380456504e-06, 1.82718267183e-08, 7.40351335793e-10]
    },
    "gfcc": {
        "mean": [-104.506759644, 158.959564209, -117.026443481, 0.817550003529, -39.8114318848, 12.6915903091, -21.5065670013, 7.16701841354, -10.8601226807, -0.363813281059, -12.7085781097, -11.4528636932, -6.71022224426],
        "cov": [[10003.2539062, -1195.54553223, -1818.62988281, -824.765869141, -623.864685059, 197.356521606, -114.400505066, 131.049087524, -333.359069824, 222.338851929, -215.442199707, 367.34185791, -173.949615479], [-1195.54553223, 1404.18041992, 287.801879883, -2.83244204521, 335.580291748, -86.470954895, 380.375427246, 30.4186458588, 311.738250732, -89.0214004517, 295.471466064, -154.910217285, 191.770339966], [-1818.62988281, 287.801879883, 1393.70666504, 642.354492188, 268.903381348, 63.9194335938, -182.551773071, -100.045181274, -55.3795623779, 3.46238780022, 42.6535644531, 106.0181427, 125.400466919], [-824.765869141, -2.83244204521, 642.354492188, 559.432189941, 144.340576172, 43.6079788208, -188.425796509, -95.8193969727, -64.9915313721, -11.2123785019, -11.9088773727, 52.2687416077, 66.7276535034], [-623.864685059, 335.580291748, 268.903381348, 144.340576172, 325.130462646, 68.0469894409, 138.059921265, 33.5068283081, 119.37600708, -0.194155693054, 57.7484283447, -78.7274398804, 5.38637685776], [197.356521606, -86.470954895, 63.9194335938, 43.6079788208, 68.0469894409, 184.610061646, 83.4498825073, 60.2036895752, 31.3899612427, 51.715259552, -14.2535610199, -22.3970241547, -58.6414718628], [-114.400505066, 380.375427246, -182.551773071, -188.425796509, 138.059921265, 83.4498825073, 434.314605713, 171.998855591, 240.270309448, 30.9783573151, 100.343055725, -135.641448975, -49.9738197327], [131.049087524, 30.4186458588, -100.045181274, -95.8193969727, 33.5068283081, 60.2036895752, 171.998855591, 177.112976074, 131.142181396, 39.7566299438, 9.5511713028, -42.988445282, -28.3103179932], [-333.359069824, 311.738250732, -55.3795623779, -64.9915313721, 119.37600708, 31.3899612427, 240.270309448, 131.142181396, 270.697418213, 42.7580032349, 73.8965148926, -106.900360107, -13.4526824951], [222.338851929, -89.0214004517, 3.46238780022, -11.2123785019, -0.194155693054, 51.715259552, 30.9783573151, 39.7566299438, 42.7580032349, 123.225883484, 37.2967758179, 31.2116947174, -28.9563789368], [-215.442199707, 295.471466064, 42.6535644531, -11.9088773727, 57.7484283447, -14.2535610199, 100.343055725, 9.5511713028, 73.8965148926, 37.2967758179, 187.296325684, 29.5747451782, 58.7701721191], [367.34185791, -154.910217285, 106.0181427, 52.2687416077, -78.7274398804, -22.3970241547, -135.641448975, -42.988445282, -106.900360107, 31.2116947174, 29.5747451782, 207.929733276, 99.6136627197], [-173.949615479, 191.770339966, 125.400466919, 66.7276535034, 5.38637685776, -58.6414718628, -49.9738197327, -28.3103179932, -13.4526824951, -28.9563789368, 58.7701721191, 99.6136627197, 239.371688843]],
        "icov": [[0.000210895741475, -0.000281515560346, 0.000392723508412, -3.17616540997e-05, 5.43732312508e-05, -0.000417675095377, 0.000161078191013, -0.000236870910157, 0.000336014345521, -0.000418547395384, 0.000460921612103, -0.000679028220475, 0.00022163776157], [-0.000281515560346, 0.00387254194357, -0.00157419790048, 0.00104392878711, -0.00116093736142, 0.00174754869658, -0.00188570946921, 0.00223175482824, -0.00231429212727, 0.00315790181048, -0.00403995905071, 0.00298598199151, -0.00244762375951], [0.000392723508412, -0.00157419790048, 0.00276889069937, -0.00200382596813, -0.000440913718194, -0.00118660996668, 0.000917427183595, -0.00107275508344, 0.00127037218772, -0.00159952102695, 0.00170326151419, -0.00248928880319, 0.000934097392019], [-3.17616540997e-05, 0.00104392878711, -0.00200382596813, 0.00522331520915, -0.00148410582915, -0.00112118921243, 0.00179212901276, 0.0013620480895, -0.00137436809018, 0.00118374649901, -0.00107455195393, 0.00110742542893, -0.00110283738468], [5.43732312508e-05, -0.00116093736142, -0.000440913718194, -0.00148410582915, 0.0065360837616, -0.00171054259408, -0.0010850392282, 0.000239815781242, -0.000680312456097, -7.90724225226e-05, 0.000365972198779, 0.000671890156809, 0.000432737258961], [-0.000417675095377, 0.00174754869658, -0.00118660996668, -0.00112118921243, -0.00171054259408, 0.0106013361365, -0.00375543534756, -0.000972497568, 0.00132954784203, -0.0021205721423, -4.22898519901e-05, 0.00174449873157, 6.98126023053e-05], [0.000161078191013, -0.00188570946921, 0.000917427183595, 0.00179212901276, -0.0010850392282, -0.00375543534756, 0.00979919545352, -0.00461948243901, -0.00183542235754, 0.00044547233847, -0.0017967231106, 0.000589687959291, 0.00139789842069], [-0.000236870910157, 0.00223175482824, -0.00107275508344, 0.0013620480895, 0.000239815781242, -0.000972497568, -0.00461948243901, 0.0144147844985, -0.00631194235757, 0.000736312416848, 0.00105344643816, -0.0005022015539, -0.00159631855786], [0.000336014345521, -0.00231429212727, 0.00127037218772, -0.00137436809018, -0.000680312456097, 0.00132954784203, -0.00183542235754, -0.00631194235757, 0.0131483515725, -0.00600049924105, 0.000967403582763, 0.00237516476773, -0.000185674900422], [-0.000418547395384, 0.00315790181048, -0.00159952102695, 0.00118374649901, -7.90724225226e-05, -0.0021205721423, 0.00044547233847, 0.000736312416848, -0.00600049924105, 0.0165345259011, -0.00651090964675, -0.00141464802437, 0.00118642428424], [0.000460921612103, -0.00403995905071, 0.00170326151419, -0.00107455195393, 0.000365972198779, -4.22898519901e-05, -0.0017967231106, 0.00105344643816, 0.000967403582763, -0.00651090964675, 0.0141356708482, -0.00632347539067, 0.00113734276965], [-0.000679028220475, 0.00298598199151, -0.00248928880319, 0.00110742542893, 0.000671890156809, 0.00174449873157, 0.000589687959291, -0.0005022015539, 0.00237516476773, -0.00141464802437, -0.00632347539067, 0.015278137289, -0.00625736173242], [0.00022163776157, -0.00244762375951, 0.000934097392019, -0.00110283738468, 0.000432737258961, 6.98126023053e-05, 0.00139789842069, -0.00159631855786, -0.000185674900422, 0.00118642428424, 0.00113734276965, -0.00625736173242, 0.00868587102741]]
    },
    "melbands": {
        "dmean": [0.000602088985033, 0.000744664925151, 0.000112130321213, 0.00034653491457, 0.000303598353639, 0.000144062825711, 0.000143351309816, 0.000176977293449, 0.0004301207955, 0.000399216165533, 0.000152575827087, 8.58480634633e-05, 4.66639212391e-05, 8.88444919838e-05, 0.00011501400877, 4.12479603256e-05, 2.05397645914e-05, 1.23560639622e-05, 1.2911938029e-05, 1.84356867976e-05, 6.40155622023e-06, 2.59670673586e-06, 1.67519783645e-06, 1.06623053853e-06, 8.62007141222e-07, 8.11635970877e-07, 5.28287102952e-07, 2.0721275007e-07, 1.62919519653e-07, 1.63411144172e-07, 1.79023132318e-07, 1.14596360845e-07, 6.81809595449e-08, 6.11666450823e-08, 4.21477146517e-08, 4.06164630817e-08, 3.33135226072e-08, 3.31902860751e-08, 2.98098044027e-08, 2.81584160433e-08],
        "dmean2": [0.00082199415192, 0.00114079646301, 0.000188053934835, 0.000491274171509, 0.000436256843386, 0.000213253762922, 0.000201163333259, 0.000253473146586, 0.00061545643257, 0.000567003211472, 0.000207082368433, 0.000129302337882, 6.27931003692e-05, 0.000118739051686, 0.00016091010184, 6.17935074843e-05, 3.08996131935e-05, 1.88661688298e-05, 1.85549324669e-05, 2.80193780782e-05, 9.46042109717e-06, 3.84942495657e-06, 2.50157904702e-06, 1.48590436311e-06, 1.26082227325e-06, 1.19151593481e-06, 7.91425804891e-07, 3.23093729548e-07, 2.40299243615e-07, 2.44317476472e-07, 2.78110348972e-07, 1.7101388039e-07, 1.03787385797e-07, 9.34898025662e-08, 6.51240767979e-08, 6.01970810976e-08, 5.0190209322e-08, 5.25316110611e-08, 4.71371954802e-08, 4.54069954969e-08],
        "dvar": [1.35708489779e-06, 1.7179348788e-06, 3.26881810508e-08, 7.39987967791e-07, 4.63225660496e-07, 1.76732186219e-07, 1.47105865267e-07, 1.52356193439e-07, 6.36452966774e-07, 8.65542403972e-07, 1.71051297571e-07, 1.32184311497e-07, 2.49314648926e-08, 2.97320781328e-08, 6.78261997678e-08, 1.37367814901e-08, 1.27798323035e-08, 1.5908954154e-09, 7.98392907342e-10, 2.96034130542e-09, 2.46754672251e-10, 3.37347511037e-11, 1.90146579038e-11, 7.73501575291e-12, 6.10222245997e-12, 4.44543794137e-12, 2.92835222217e-12, 2.85801249203e-13, 1.32763144554e-13, 1.42810120825e-13, 1.76172282058e-13, 7.18514603284e-14, 2.52197182137e-14, 1.96477999614e-14, 1.15563966071e-14, 9.88561649532e-15, 5.80708085649e-15, 7.39523121017e-15, 7.55880258965e-15, 7.64024988973e-15],
        "dvar2": [2.33235346059e-06, 3.82732332582e-06, 8.31131075074e-08, 1.67686641817e-06, 9.51698211793e-07, 3.62237244644e-07, 2.26839546258e-07, 2.55741696265e-07, 1.22326287055e-06, 1.47593425481e-06, 3.30396858317e-07, 2.67379107299e-07, 3.83073093246e-08, 4.86850382231e-08, 1.37400107292e-07, 3.06037470921e-08, 2.27657697138e-08, 3.52654505598e-09, 1.5454574287e-09, 6.29116581052e-09, 4.89461193798e-10, 7.16321238436e-11, 4.52188009259e-11, 1.48470576111e-11, 1.04860573349e-11, 1.01928491689e-11, 6.97362350158e-12, 6.37466533553e-13, 2.97744820335e-13, 3.38487620094e-13, 4.40744147992e-13, 1.79718761574e-13, 6.38528333398e-14, 4.89925754046e-14, 2.98531442893e-14, 2.1552009648e-14, 1.40107685924e-14, 1.89793944043e-14, 2.03466444946e-14, 2.0649580746e-14],
        "max": [0.0155449006706, 0.0130662750453, 0.00202650460415, 0.0131404604763, 0.0162769779563, 0.00658706389368, 0.0066569224, 0.00540991080925, 0.00995754636824, 0.0115802707151, 0.00598837202415, 0.00740553857759, 0.00221762340516, 0.00188762671314, 0.00363903213292, 0.0021980504971, 0.00205408851616, 0.00103602255695, 0.000478909874801, 0.000866946007591, 0.000339236663422, 0.000176025583642, 8.77162892721e-05, 0.000104025515611, 8.08922413853e-05, 4.01843390136e-05, 3.93814079871e-05, 1.48930503201e-05, 8.92426487553e-06, 7.88050238043e-06, 6.75539604345e-06, 4.94105552207e-06, 2.89413537757e-06, 2.23018378165e-06, 1.90302012015e-06, 2.26942461268e-06, 1.70458122284e-06, 1.37372092013e-06, 1.78040841092e-06, 1.76983064648e-06],
        "mean": [0.00168550421949, 0.00184599717613, 0.000235146697378, 0.000489901285619, 0.000419024989242, 0.000284246110823, 0.000299210776575, 0.000338558369549, 0.000978965777904, 0.000882844149601, 0.000267605530098, 0.000175665554707, 8.14760496723e-05, 0.000160416777362, 0.000223314375035, 6.33756135358e-05, 2.85284459096e-05, 1.61654952535e-05, 1.9492355932e-05, 2.37307467614e-05, 8.89837974682e-06, 3.94683820559e-06, 2.48882383858e-06, 1.8072879584e-06, 1.4345970385e-06, 1.16267108297e-06, 7.16711213045e-07, 3.09123919351e-07, 2.45018924261e-07, 2.420687224e-07, 2.23684622824e-07, 1.49225442669e-07, 8.55226716112e-08, 7.58364251396e-08, 4.91270597536e-08, 4.69663063996e-08, 4.05271691761e-08, 3.8091254595e-08, 3.08240721836e-08, 2.94245996457e-08],
        "median": [0.000313715921948, 0.000820128479972, 0.000161224597832, 9.62707272265e-05, 7.64441647334e-05, 3.07263981085e-05, 2.85895494017e-05, 4.40738258476e-05, 0.000166245386936, 0.000108339074359, 1.35617883643e-05, 6.80787888996e-06, 6.01283727519e-06, 2.44337152253e-05, 3.14478420478e-05, 8.78264654602e-06, 2.88212254418e-06, 3.61225056622e-06, 4.95993981531e-06, 3.30533362103e-06, 1.88330295714e-06, 9.18743523926e-07, 5.32273190856e-07, 4.45207263056e-07, 2.57160735373e-07, 2.44811019456e-07, 1.70549270706e-07, 7.10306125029e-08, 6.4184668247e-08, 6.23150739898e-08, 5.36018944786e-08, 3.18531512278e-08, 1.52880268445e-08, 1.21464465153e-08, 7.21680537552e-09, 5.77406478186e-09, 5.40898392742e-09, 5.72381742003e-09, 4.38442704365e-09, 2.80474821146e-09],
        "min": [6.07968276007e-24, 7.62024488314e-24, 8.36417621551e-24, 2.76791629284e-24, 1.61886830222e-24, 1.91937766571e-24, 3.44381882454e-24, 6.88947175068e-24, 6.78292109707e-24, 4.02389664714e-24, 9.86989395796e-24, 6.37897145992e-24, 8.87700522366e-24, 1.20326176608e-23, 5.00352462962e-24, 6.76220087653e-24, 1.37193040392e-23, 1.00976917438e-23, 5.27533848743e-24, 6.71433200794e-24, 6.2187167336e-24, 9.7415257783e-24, 9.74755188675e-24, 5.93078171434e-24, 5.46738983025e-24, 3.78199639486e-24, 8.11394716979e-24, 6.12913921123e-24, 1.02059968241e-23, 7.49682049477e-24, 8.48983150252e-24, 9.49312373444e-24, 1.10649259326e-23, 6.37557344157e-24, 8.89862395677e-24, 1.18080652487e-23, 8.48275068703e-24, 7.03494401249e-24, 1.18272503459e-23, 1.26006811318e-23],
        "var": [8.03562124929e-06, 5.68017185287e-06, 6.1504223936e-08, 1.37786355481e-06, 1.02192666418e-06, 4.69442966278e-07, 5.49045353182e-07, 4.69026758765e-07, 2.37590393226e-06, 2.70045347861e-06, 3.72925171632e-07, 3.28239195824e-07, 6.92422901238e-08, 8.17548126975e-08, 1.75439964778e-07, 2.53544882867e-08, 2.28094574339e-08, 2.76642531105e-09, 1.63920854668e-09, 4.19522461215e-09, 4.51434334359e-10, 8.84429196546e-11, 4.11862870198e-11, 2.86904128927e-11, 1.59533861815e-11, 7.51386539793e-12, 3.91021893684e-12, 6.47935047629e-13, 3.06067535682e-13, 3.00162862231e-13, 2.12413257556e-13, 1.05406650205e-13, 3.87377440238e-14, 3.16884309049e-14, 1.53177760054e-14, 1.49409988098e-14, 1.08162050077e-14, 1.00417746424e-14, 7.8164107199e-15, 8.57815168453e-15]
    },
    "mfcc": {
        "mean": [-756.117675781, 190.890609741, -6.59758806229, 9.40581893921, 6.81314277649, 6.86525011063, 2.05827927589, 3.1623544693, 8.31540107727, 6.74966335297, 7.00827598572, 5.53269529343, 0.992314636707],
        "cov": [[8709.47753906, -482.208190918, -1799.52148438, -764.995056152, -843.327880859, -163.056503296, -149.404586792, -108.263374329, -162.262481689, -224.503601074, -88.5515060425, 1.73878312111, 44.9547195435], [-482.208190918, 1101.99731445, 91.4985351562, 73.4043502808, 57.9164962769, -28.7209529877, 138.952926636, 119.511108398, 113.787445068, 104.629623413, 91.2477264404, 137.573074341, 106.504257202], [-1799.52148438, 91.4985351562, 1048.33691406, 359.317657471, 402.220275879, 172.521499634, 50.2514724731, 11.280128479, -48.5421218872, -7.61458539963, -128.697952271, -135.456619263, -16.9893321991], [-764.995056152, 73.4043502808, 359.317657471, 302.350738525, 242.644363403, 103.348625183, 33.9261360168, 5.47381591797, -6.03939628601, 17.0849609375, -27.4790725708, -51.3995666504, -4.59867048264], [-843.327880859, 57.9164962769, 402.220275879, 242.644363403, 359.231170654, 133.926712036, 33.7321662903, 9.10212898254, -15.035615921, 25.9003582001, -39.6440887451, -73.5413665771, -35.9822006226], [-163.056503296, -28.7209529877, 172.521499634, 103.348625183, 133.926712036, 174.180160522, 57.2924613953, 11.1254911423, -3.18603157997, 30.1024723053, 28.3533287048, -5.84063386917, -7.97905683517], [-149.404586792, 138.952926636, 50.2514724731, 33.9261360168, 33.7321662903, 57.2924613953, 148.009246826, 57.4743118286, 18.3906517029, 42.9188842773, 44.1965827942, 45.0474777222, 37.9423522949], [-108.263374329, 119.511108398, 11.280128479, 5.47381591797, 9.10212898254, 11.1254911423, 57.4743118286, 118.910255432, 71.911895752, 61.4255409241, 76.2312316895, 53.8145103455, 23.7816028595], [-162.262481689, 113.787445068, -48.5421218872, -6.03939628601, -15.035615921, -3.18603157997, 18.3906517029, 71.911895752, 192.328414917, 120.732292175, 81.523399353, 67.4965744019, 5.34474372864], [-224.503601074, 104.629623413, -7.61458539963, 17.0849609375, 25.9003582001, 30.1024723053, 42.9188842773, 61.4255409241, 120.732292175, 206.884933472, 168.654220581, 75.6936721802, 22.3328933716], [-88.5515060425, 91.2477264404, -128.697952271, -27.4790725708, -39.6440887451, 28.3533287048, 44.1965827942, 76.2312316895, 81.523399353, 168.654220581, 324.63848877, 180.157806396, 52.2058792114], [1.73878312111, 137.573074341, -135.456619263, -51.3995666504, -73.5413665771, -5.84063386917, 45.0474777222, 53.8145103455, 67.4965744019, 75.6936721802, 180.157806396, 240.52885437, 111.757034302], [44.9547195435, 106.504257202, -16.9893321991, -4.59867048264, -35.9822006226, -7.97905683517, 37.9423522949, 23.7816028595, 5.34474372864, 22.3328933716, 52.2058792114, 111.757034302, 172.712371826]],
