{
"lowlevel": {
    "average_loudness": 0.955984771252,
    "barkbands_crest": {
        "dmean": 2.79122471809,
        "dmean2": 4.35241699219,
        "dvar": 6.63619375229,
        "dvar2": 15.3522539139,
        "max": 25.5876159668,
        "mean": 9.84566688538,
        "median": 9.07029914856,
        "min": 2.65768456459,
        "var": 15.9679937363
    },
    "barkbands_flatness_db": {
        "dmean": 0.0180360358208,
        "dmean2": 0.0274965688586,
        "dvar": 0.000272458477411,
        "dvar2": 0.00062481831992,
        "max": 0.287971943617,
        "mean": 0.100021891296,
        "median": 0.0954848527908,
        "min": 0.0274536516517,
        "var": 0.00113932276145
    },
    "barkbands_kurtosis": {
        "dmean": 1.77087008953,
        "dmean2": 2.756316185,
        "dvar": 15.2424869537,
        "dvar2": 34.7828712463,
        "max": 130.432647705,
        "mean": 1.80437850952,
        "median": 0.339874744415,
        "min": -1.64377236366,
        "var": 33.7643470764
    },
    "barkbands_skewness": {
        "dmean": 0.446069538593,
        "dmean2": 0.676185905933,
        "dvar": 0.209764704108,
        "dvar2": 0.485184401274,
        "max": 10.2833766937,
        "mean": 1.3077827692,
        "median": 1.18434977531,
        "min": -1.83257257938,
        "var": 0.840097248554
    },
    "barkbands_spread": {
        "dmean": 6.15727901459,
        "dmean2": 9.46669578552,
        "dvar": 41.4020500183,
        "dvar2": 101.533493042,
        "max": 78.6620330811,
        "mean": 31.2178554535,
        "median": 30.1185264587,
        "min": 1.8506166935,
        "var": 152.044967651
    },
    "dissonance": {
        "dmean": 0.0120700504631,
        "dmean2": 0.0198818519711,
        "dvar": 0.000205942153116,
        "dvar2": 0.000478001253214,
        "max": 0.499717593193,
        "mean": 0.475064516068,
        "median": 0.478224366903,
        "min": 0.115040771663,
        "var": 0.000322162493831
    },
    "dynamic_complexity": 2.19874596596,
    "erbbands_crest": {
        "dmean": 1.91715788841,
        "dmean2": 3.09358620644,
        "dvar": 3.28098988533,
        "dvar2": 8.26117324829,
        "max": 26.5173206329,
        "mean": 7.2610206604,
        "median": 6.63546943665,
        "min": 2.6486685276,
        "var": 8.44966316223
    },
    "erbbands_flatness_db": {
        "dmean": 0.0133692622185,
        "dmean2": 0.0196807943285,
        "dvar": 0.000201425209525,
        "dvar2": 0.000390428380342,
        "max": 0.251994848251,
        "mean": 0.12473385781,
        "median": 0.11732583493,
        "min": 0.0508874468505,
        "var": 0.00145574484486
    },
    "erbbands_kurtosis": {
        "dmean": 0.44105437398,
        "dmean2": 0.703423678875,
        "dvar": 0.320043325424,
        "dvar2": 0.786084353924,
        "max": 5.80704784393,
        "mean": -0.518327414989,
        "median": -0.741179466248,
        "min": -1.69163608551,
        "var": 0.722473025322
    },
    "erbbands_skewness": {
        "dmean": 0.267572700977,
        "dmean2": 0.412309169769,
        "dvar": 0.0635553598404,
        "dvar2": 0.148877426982,
        "max": 2.20754313469,
        "mean": -0.1001785025,
        "median": -0.119729101658,
        "min": -2.43758296967,
        "var": 0.228272631764
    },
    "erbbands_spread": {
        "dmean": 7.12638616562,
        "dmean2": 10.8017349243,
        "dvar": 52.7508125305,
        "dvar2": 120.75957489,
        "max": 105.250724792,
        "mean": 46.6183662415,
        "median": 45.5457839966,
        "min": 8.0114440918,
        "var": 289.759613037
    },
    "hfc": {
        "dmean": 6.77002954483,
        "dmean2": 9.76596546173,
        "dvar": 150.821838379,
        "dvar2": 338.16204834,
        "max": 213.484359741,
        "mean": 22.5096912384,
        "median": 17.6286029816,
        "min": 1.1885975274e-16,
        "var": 328.411804199
    },
    "melbands_crest": {
        "dmean": 3.1185233593,
        "dmean2": 4.88926172256,
        "dvar": 6.97849845886,
        "dvar2": 16.521446228,
        "max": 27.4460792542,
        "mean": 13.4118375778,
        "median": 12.6911716461,
        "min": 1.85698103905,
        "var": 19.2511119843
    },
    "melbands_flatness_db": {
        "dmean": 0.0230897087604,
        "dmean2": 0.0347743853927,
        "dvar": 0.000453207350802,
        "dvar2": 0.0010351043893,
        "max": 0.401305198669,
        "mean": 0.16772377491,
        "median": 0.163909703493,
        "min": 0.00666712038219,
        "var": 0.00193145533558
    },
    "melbands_kurtosis": {
        "dmean": 5.37909078598,
        "dmean2": 8.30979442596,
        "dvar": 91.3501358032,
        "dvar2": 211.773910522,
        "max": 244.190826416,
        "mean": 10.9706916809,
        "median": 7.16582632065,
        "min": -1.50853121281,
        "var": 228.20690918
    },
    "melbands_skewness": {
        "dmean": 0.607854902744,
        "dmean2": 0.914206981659,
        "dvar": 0.419410258532,
        "dvar2": 0.933838844299,
        "max": 11.365896225,
        "mean": 2.65475463867,
        "median": 2.47416472435,
        "min": -0.315984636545,
        "var": 1.79561913013
    },
    "melbands_spread": {
        "dmean": 7.7385225296,
        "dmean2": 11.9214038849,
        "dvar": 70.5969543457,
        "dvar2": 167.708816528,
        "max": 131.058837891,
        "mean": 28.5981521606,
        "median": 26.6875686646,
        "min": 1.08396565914,
        "var": 199.597717285
    },
    "pitch_salience": {
        "dmean": 0.0691261440516,
        "dmean2": 0.109050601721,
        "dvar": 0.00394720956683,
        "dvar2": 0.00952395331115,
        "max": 0.953992724419,
        "mean": 0.531082332134,
        "median": 0.533154964447,
        "min": 0.150664404035,
        "var": 0.0109567595646
    },
    "silence_rate_20dB": {
        "dmean": 0,
        "dmean2": 0,
        "dvar": 0,
        "dvar2": 0,
        "max": 1,
        "mean": 1,
        "median": 1,
        "min": 1,
        "var": 0
    },
    "silence_rate_30dB": {
        "dmean": 0.00928313564509,
        "dmean2": 0.0185758508742,
        "dvar": 0.00919677596539,
        "dvar2": 0.0275179557502,
        "max": 1,
        "mean": 0.995360851288,
        "median": 1,
        "min": 0,
        "var": 0.00461772456765
    },
    "silence_rate_60dB": {
        "dmean": 0.00206291908398,
        "dmean2": 0.00361197115853,
        "dvar": 0.00205869809724,
        "dvar2": 0.00359875638969,
        "max": 1,
        "mean": 0.00515463901684,
        "median": 0,
        "min": 0,
        "var": 0.0051281969063
    },
    "spectral_centroid": {
        "dmean": 250.987823486,
        "dmean2": 384.563171387,
        "dvar": 104018.4375,
        "dvar2": 177556.625,
        "max": 11409.2119141,
        "mean": 1654.90686035,
        "median": 1649.80786133,
        "min": 329.052825928,
        "var": 301837.40625
    },
    "spectral_complexity": {
        "dmean": 3.90097999573,
        "dmean2": 5.84571743011,
        "dvar": 16.1613903046,
        "dvar2": 31.0899925232,
        "max": 56,
        "mean": 21.9355678558,
        "median": 21,
        "min": 0,
        "var": 77.3966064453
    },
    "spectral_decrease": {
        "dmean": 2.34239050378e-09,
        "dmean2": 3.55312979039e-09,
        "dvar": 1.58370263e-17,
        "dvar2": 3.75043193423e-17,
        "max": -3.93518374319e-29,
        "mean": -6.25337337468e-09,
        "median": -4.61070115421e-09,
        "min": -4.86745577177e-08,
        "var": 2.63776813123e-17
    },
    "spectral_energy": {
        "dmean": 0.00925983581692,
        "dmean2": 0.013980188407,
        "dvar": 0.000246459094342,
        "dvar2": 0.000578251027036,
        "max": 0.192029133439,
        "mean": 0.0256433449686,
        "median": 0.0190803296864,
        "min": 1.09294574621e-20,
        "var": 0.000424988946179
    },
    "spectral_energyband_high": {
        "dmean": 0.000498469162267,
        "dmean2": 0.000729058869183,
        "dvar": 1.08616643502e-06,
        "dvar2": 2.46185845754e-06,
        "max": 0.0120859453455,
        "mean": 0.00116902519949,
        "median": 0.00060161401052,
        "min": 8.11684143103e-21,
        "var": 2.22350536205e-06
    },
    "spectral_energyband_low": {
        "dmean": 0.00506451539695,
        "dmean2": 0.00757543509826,
        "dvar": 6.30325594102e-05,
        "dvar2": 0.00014301223564,
        "max": 0.0834323093295,
        "mean": 0.00861313939095,
        "median": 0.00439880602062,
        "min": 4.51886347781e-23,
        "var": 0.000113751106255
    },
    "spectral_energyband_middle_high": {
        "dmean": 0.00133812776767,
        "dmean2": 0.00210960954428,
        "dvar": 5.32992407898e-06,
        "dvar2": 1.27028697534e-05,
        "max": 0.0464408956468,
        "mean": 0.0047311685048,
        "median": 0.00401159143075,
        "min": 1.46930904751e-21,
        "var": 1.28145184135e-05
    },
    "spectral_energyband_middle_low": {
        "dmean": 0.00546726118773,
        "dmean2": 0.00833575520664,
        "dvar": 0.000155517787789,
        "dvar2": 0.000387778010918,
        "max": 0.167457669973,
        "mean": 0.0117192538455,
        "median": 0.0081033706665,
        "min": 3.09851310708e-22,
        "var": 0.000200768074137
    },
    "spectral_entropy": {
        "dmean": 0.122963130474,
        "dmean2": 0.186306446791,
        "dvar": 0.0195881091058,
        "dvar2": 0.0414607971907,
        "max": 9.79106426239,
        "mean": 7.77299070358,
        "median": 7.82065677643,
        "min": 6.61138153076,
        "var": 0.104348450899
    },
    "spectral_flux": {
        "dmean": 0.0250769685954,
        "dmean2": 0.0403479598463,
        "dvar": 0.00107633939479,
        "dvar2": 0.00255023315549,
        "max": 0.379279702902,
        "mean": 0.0792630538344,
        "median": 0.0677193924785,
        "min": 1.0454404703e-10,
        "var": 0.00208693183959
    },
    "spectral_kurtosis": {
        "dmean": 1.10338568687,
        "dmean2": 1.8223991394,
        "dvar": 2.0044529438,
        "dvar2": 5.35436677933,
        "max": 22.7049102783,
        "mean": 4.1876244545,
        "median": 3.27594232559,
        "min": -1.19341135025,
        "var": 8.75376701355
    },
    "spectral_rms": {
        "dmean": 0.00079944729805,
        "dmean2": 0.00117895624135,
        "dvar": 1.12278428333e-06,
        "dvar2": 2.43529780164e-06,
        "max": 0.0136874206364,
        "mean": 0.00470006559044,
        "median": 0.00431450549513,
        "min": 3.26540747567e-12,
        "var": 2.92729919238e-06
    },
    "spectral_rolloff": {
        "dmean": 602.398193359,
        "dmean2": 984.484191895,
        "dvar": 839676.6875,
        "dvar2": 1844360.625,
        "max": 18841.5527344,
        "mean": 1794.65808105,
        "median": 1851.85546875,
        "min": 86.1328125,
        "var": 1365574.5
    },
    "spectral_skewness": {
        "dmean": 0.153518810868,
        "dmean2": 0.249306097627,
        "dvar": 0.0230630785227,
        "dvar2": 0.0563388466835,
        "max": 3.06604981422,
        "mean": 1.43765759468,
        "median": 1.38285732269,
        "min": -0.067693144083,
        "var": 0.123872943223
    },
    "spectral_spread": {
        "dmean": 539689.625,
        "dmean2": 826119.375,
        "dvar": 914158518272,
        "dvar2": 1.44736387072e+12,
        "max": 40003720,
        "mean": 4929917.5,
        "median": 4913864,
        "min": 1682584.625,
        "var": 3.02292507034e+12
    },
    "spectral_strongpeak": {
        "dmean": 0.383692413568,
        "dmean2": 0.667294383049,
        "dvar": 0.399520844221,
        "dvar2": 1.08430719376,
        "max": 10.1441860199,
        "mean": 0.654163897038,
        "median": 0.423451840878,
        "min": 9.61868096283e-09,
        "var": 0.492636919022
    },
    "zerocrossingrate": {
        "dmean": 0.0104901148006,
        "dmean2": 0.0128167532384,
        "dvar": 0.000208941797609,
        "dvar2": 0.000254141283222,
        "max": 0.4931640625,
        "mean": 0.0726889669895,
        "median": 0.0703125,
        "min": 0.00830078125,
        "var": 0.000727985869162
    },
    "barkbands": {
        "dmean": [3.09049937641e-05, 0.00459595723078, 0.00112858368084, 0.00102168577723, 0.00200346694328, 0.00236996100284, 0.00100241811015, 0.00039961503353, 0.000399863929488, 0.000265655951807, 0.000236735388171, 0.000183296069736, 0.000168909929926, 0.000249482167419, 0.000395015871618, 0.000397897325456, 0.000256347411778, 0.0002025240683, 0.000143145836773, 0.000112554327643, 0.000143872006447, 0.000104921011371, 0.000128329542349, 6.94479604135e-05, 8.69953873917e-05, 4.94457635796e-05, 1.39254661917e-05],
        "dmean2": [5.39930879313e-05, 0.00695824017748, 0.00201780977659, 0.00171286938712, 0.00335991522297, 0.00340705714189, 0.00168519280851, 0.000676183030009, 0.000642248720396, 0.000432466185885, 0.000393641967094, 0.000302244297927, 0.000280098232906, 0.000403389771236, 0.000647844746709, 0.000651610898785, 0.000421908218414, 0.000337261881214, 0.000237583939452, 0.000184115429875, 0.000223522278247, 0.000159679140779, 0.000205642994842, 0.000113896719995, 0.000130839966005, 7.29259481886e-05, 2.31030426221e-05],
        "dvar": [2.39136621616e-09, 5.34159917152e-05, 6.12582016402e-06, 4.5249798859e-06, 3.60974445357e-05, 1.71734900505e-05, 6.51720438327e-06, 8.60169791395e-07, 4.10328112821e-07, 4.81317499634e-07, 2.49737610147e-07, 1.0642837367e-07, 8.90672851028e-08, 1.84167362249e-07, 3.55629197202e-07, 7.6766679058e-07, 1.23831128462e-07, 9.28147656509e-08, 6.84292515984e-08, 3.30364713363e-08, 5.45923235507e-08, 3.04649070415e-08, 1.54571921485e-07, 4.04672029219e-08, 3.75364130889e-08, 9.79306591375e-09, 1.26673749268e-09],
        "dvar2": [7.10471592669e-09, 0.00012022779265, 1.75618861249e-05, 1.21701305034e-05, 9.76705632638e-05, 3.80722267437e-05, 1.70160201378e-05, 2.34847789216e-06, 1.02831268123e-06, 1.19563810586e-06, 6.28689008408e-07, 2.59299923755e-07, 2.38701773014e-07, 4.73116529065e-07, 9.31218266942e-07, 1.92162178791e-06, 3.33400748787e-07, 2.6291110089e-07, 1.79343857099e-07, 8.87161775154e-08, 1.19703287282e-07, 6.9604382702e-08, 4.18994261508e-07, 1.11760726895e-07, 8.55069970385e-08, 2.10258779276e-08, 3.16887316387e-09],
        "max": [0.0006022498128, 0.075411260128, 0.0301851816475, 0.0245173238218, 0.0700068101287, 0.0489231795073, 0.030875723809, 0.0169834177941, 0.00832012202591, 0.0102397147566, 0.00585638079792, 0.00465448759496, 0.00447117304429, 0.008026718162, 0.00998137984425, 0.0222545769066, 0.00416907016188, 0.00505221029744, 0.00528831360862, 0.00300947157666, 0.00427844980732, 0.00235712225549, 0.00609891908243, 0.00351748638786, 0.00223664287478, 0.00134548265487, 0.000534073158633],
        "mean": [3.97086987505e-05, 0.00695712072775, 0.00114689790644, 0.00139667361509, 0.00254129944369, 0.00473300041631, 0.00149063172285, 0.000558240688406, 0.000758682144806, 0.00044418827747, 0.000346264394466, 0.000363235682016, 0.000295538804494, 0.000484157906612, 0.000776211905759, 0.000721084710676, 0.000558039289899, 0.000414200534578, 0.000288492563413, 0.000230280711548, 0.000306603906211, 0.000232238235185, 0.000199473230168, 0.000113156755106, 0.000145056823385, 8.83109096321e-05, 1.45797284858e-05],
        "median": [2.57117389992e-05, 0.00331167969853, 0.000417505565565, 0.000686252722517, 0.00128642492928, 0.00275959470309, 0.000459628819954, 0.000213346836972, 0.000360443111276, 0.000181903029443, 0.000146770122228, 0.000149116167449, 0.000174995831912, 0.000247957010288, 0.000475354783703, 0.000403896439821, 0.000432731118053, 0.000293869612506, 0.000190419435967, 0.0001606320875, 0.000168088125065, 0.000127405568492, 7.92842402006e-05, 4.77741741634e-05, 4.67977079097e-05, 3.25577857438e-05, 2.4003973067e-06],
        "min": [1.34387247534e-24, 1.91328209805e-23, 1.71968616558e-23, 1.99076590943e-23, 3.76260019846e-23, 5.75963881426e-23, 6.60195545878e-23, 8.53493856908e-23, 2.39413052733e-23, 4.98145309036e-23, 1.39027722598e-22, 2.85048072343e-23, 7.2565093239e-23, 5.39721907501e-23, 1.4390627825e-22, 1.3833885139e-22, 3.02178130102e-22, 1.3679761913e-22, 2.37085190466e-22, 4.50641828196e-22, 5.58232004838e-22, 7.93068600937e-22, 6.42877915928e-22, 8.6720930815e-22, 1.26705419909e-21, 1.50477128608e-21, 2.41490613853e-21],
        "var": [2.26271779091e-09, 8.47584451549e-05, 5.06573314851e-06, 4.95962876812e-06, 2.96123707813e-05, 3.66555759683e-05, 8.19705564936e-06, 1.07721177756e-06, 1.07023140572e-06, 6.84351789459e-07, 3.88147014974e-07, 2.68010381888e-07, 1.34568367116e-07, 4.95317237892e-07, 7.6081903444e-07, 1.09638722279e-06, 2.228607201e-07, 1.6230212907e-07, 1.05307151443e-07, 5.44845235595e-08, 1.37872490313e-07, 7.81247351256e-08, 1.40654250913e-07, 3.95984827151e-08, 5.84201416132e-08, 1.97283629433e-08, 1.31872079923e-09]
    },
    "erbbands": {
        "dmean": [0.109114974737, 1.11209475994, 1.32634079456, 2.21553421021, 7.02877187729, 5.77470397949, 9.70054626465, 23.4579982758, 16.4198532104, 12.7248411179, 8.01965045929, 7.60521554947, 11.8874483109, 8.4588508606, 7.22554349899, 6.90020036697, 6.3001742363, 14.0146942139, 14.6320390701, 16.1530303955, 23.4591579437, 14.2639989853, 9.35438632965, 8.40135765076, 7.94822406769, 4.43906545639, 7.32817935944, 3.88510799408, 3.74555802345, 4.10567903519, 3.31611347198, 1.74495065212, 0.998323321342, 0.741530954838, 0.842911601067, 0.240040436387, 0.0949891284108, 0.0313486307859, 0.00116094562691, 2.88541414193e-05],
        "dmean2": [0.161863088608, 1.70176720619, 2.25119757652, 3.72207593918, 11.6794061661, 9.96209621429, 13.8652906418, 34.0224952698, 27.1712360382, 21.192943573, 13.5473585129, 12.3391332626, 19.1830291748, 13.9938421249, 11.8618545532, 11.3100719452, 10.2555809021, 22.8548316956, 24.0586395264, 26.3296585083, 38.4585113525, 23.3570861816, 15.3174533844, 14.0534267426, 12.9514741898, 7.24216461182, 11.3758716583, 6.0094575882, 5.70659589767, 6.5997710228, 5.24848937988, 2.9038848877, 1.61294364929, 1.12432837486, 1.29584634304, 0.368375301361, 0.143060073256, 0.0494646504521, 0.0019176149508, 4.32310043834e-05],
        "dvar": [0.0252181980759, 3.35301065445, 8.23039245605, 18.7679271698, 388.125701904, 299.207550049, 564.205383301, 1680.0760498, 1353.86730957, 1411.78869629, 356.950073242, 165.274078369, 675.594421387, 341.575500488, 175.264221191, 163.940460205, 125.528564453, 589.74407959, 514.682800293, 643.341247559, 2367.43017578, 361.91595459, 172.852340698, 391.622253418, 180.25604248, 51.9445266724, 137.203781128, 50.6342201233, 38.3475914001, 124.274620056, 75.854309082, 33.3101463318, 5.2261557579, 2.22804093361, 3.90982174873, 0.266805291176, 0.0347849577665, 0.00503697758541, 1.00156548797e-05, 3.49939277555e-09],
        "dvar2": [0.0555006302893, 7.59821033478, 22.5754909515, 49.899471283, 1017.6907959, 843.891113281, 995.692687988, 3995.73266602, 3726.67700195, 3563.96923828, 1054.95373535, 414.809020996, 1664.64489746, 898.959594727, 429.710693359, 392.768920898, 319.127716064, 1511.02233887, 1335.2454834, 1707.61535645, 5857.21826172, 979.226074219, 473.097747803, 1146.30981445, 457.996002197, 137.701721191, 297.701568604, 116.897422791, 86.3720321655, 334.131408691, 199.543823242, 92.4888763428, 13.8662242889, 5.16556501389, 9.19717121124, 0.6166010499, 0.0727898180485, 0.0118327122182, 2.51653364103e-05, 8.05923683345e-09],
        "max": [1.72467458248, 18.2181015015, 41.0948944092, 46.5058174133, 240.355438232, 211.02557373, 330.804260254, 455.772155762, 505.186035156, 492.917541504, 466.286010742, 201.610641479, 338.217254639, 284.133789062, 169.041488647, 228.528198242, 186.041168213, 456.689788818, 297.85546875, 454.612365723, 1110.52160645, 226.050018311, 167.806015015, 526.871520996, 216.920074463, 117.635597229, 232.00604248, 97.8997955322, 92.886138916, 178.642669678, 132.633575439, 106.66191864, 31.3338127136, 19.4763278961, 21.7734546661, 8.17616844177, 2.28942275047, 0.929731249809, 0.0488976165652, 0.000928511610255],
        "mean": [0.171317204833, 1.64680278301, 1.73569142818, 2.9387652874, 9.11740493774, 6.54875898361, 16.2559204102, 45.754535675, 29.7402381897, 16.5893936157, 12.9030666351, 14.9617881775, 21.0856571198, 13.4174995422, 13.4780664444, 13.3347120285, 12.9999303818, 28.3533592224, 30.6924648285, 33.9629364014, 44.0826911926, 32.4250068665, 21.8958797455, 18.0420303345, 16.9435501099, 10.1935024261, 14.7889719009, 8.2612953186, 8.03556919098, 7.33518123627, 5.41453838348, 2.67909955978, 1.71452593803, 1.36848938465, 1.19839692116, 0.4077681005, 0.165634974837, 0.0426853261888, 0.00134588219225, 6.11838404438e-05],
        "median": [0.0984158068895, 0.730543792248, 0.686036169529, 1.38508546352, 4.43195152283, 2.72632265091, 6.66906356812, 25.6327438354, 14.9494543076, 6.0097618103, 5.40996837616, 7.75436687469, 8.82026576996, 7.45799922943, 5.89951086044, 6.33756256104, 8.67957305908, 15.6060161591, 19.1924495697, 22.8993358612, 25.0350418091, 25.5139122009, 16.4760704041, 12.6900730133, 12.1093444824, 7.59458398819, 8.12883758545, 4.33507347107, 4.45616531372, 3.61352920532, 2.19688558578, 1.11006009579, 0.718003988266, 0.552305877209, 0.302404969931, 0.146720990539, 0.0572883971035, 0.0115559045225, 0.000279057421722, 3.40461265296e-05],
        "min": [4.53861844815e-22, 4.45363452594e-21, 1.90965727336e-20, 4.21878171338e-20, 7.109463561e-20, 1.34910508344e-19, 2.24586308849e-19, 4.8341443124e-19, 1.35969364152e-18, 9.69024923608e-19, 1.44699076785e-18, 6.77831033306e-19, 1.29968044731e-18, 3.64217012207e-18, 3.31086153928e-18, 1.45432072545e-18, 3.62609262609e-18, 2.54639486563e-18, 5.82319434806e-18, 6.8726255699e-18, 9.54238201619e-18, 1.72329200535e-17, 9.44190769591e-18, 9.95583170176e-18, 1.3004367799e-17, 2.57124510832e-17, 1.76834092325e-17, 2.46694226528e-17, 2.82605793058e-17, 2.39476083067e-17, 1.73675304633e-17, 1.72707701839e-17, 1.62581869633e-17, 1.40295373999e-17, 8.87014308572e-18, 5.03806759785e-18, 3.0484060231e-18, 1.36705937468e-18, 3.03359597462e-19, 3.72586510948e-20],
        "var": [0.0399039983749, 5.28596830368, 8.77210903168, 21.1783046722, 339.474914551, 219.536102295, 1131.54504395, 3591.74169922, 1905.90881348, 1363.23205566, 488.844696045, 450.795654297, 1106.5657959, 399.739776611, 377.224365234, 349.604949951, 215.192687988, 1623.84997559, 1060.35583496, 1235.09240723, 3754.42016602, 721.34588623, 391.517608643, 424.490783691, 321.284454346, 91.8564529419, 333.048522949, 110.109680176, 96.8601379395, 127.976509094, 84.3111572266, 28.1556873322, 6.9508562088, 4.09146881104, 5.14161014557, 0.447480380535, 0.0712182149291, 0.00687604863197, 1.05030485429e-05, 5.59347190787e-09]
    },
    "gfcc": {
        "mean": [32.0193405151, 71.1681289673, -109.138427734, 36.3172111511, -46.2934188843, 9.36156272888, -43.8436279297, 13.3630857468, -19.3458404541, 13.9021654129, -17.7230968475, 12.1107664108, -8.9534740448],
        "cov": [[3239.17749023, -589.414245605, 231.189163208, 203.379425049, -333.979827881, 101.193473816, -34.8401527405, 0.107044398785, -19.7067165375, 101.761260986, -32.902431488, 60.3391838074, -52.3236694336], [-589.414245605, 851.577514648, -334.233856201, -228.239364624, 177.474731445, -213.887649536, -46.3888969421, 21.3408126831, -21.9975395203, -133.672698975, 32.1304092407, -101.07648468, 8.41483688354], [231.189163208, -334.233856201, 538.022705078, 203.501693726, -108.223526001, 96.1257324219, 40.2870826721, -26.9852390289, -13.4033279419, 47.8930358887, -51.8406486511, 21.2487621307, -39.995010376], [203.379425049, -228.239364624, 203.501693726, 295.296844482, -39.6802368164, 81.4933395386, 37.316280365, 5.95110082626, 14.0309267044, 47.5841522217, 5.73613071442, 34.9096450806, 10.2377233505], [-333.979827881, 177.474731445, -108.223526001, -39.6802368164, 217.153549194, -4.16326236725, 27.3936653137, 41.7710571289, 3.16054320335, -24.9766292572, 9.30121803284, -16.0465660095, 0.954113960266], [101.193473816, -213.887649536, 96.1257324219, 81.4933395386, -4.16326236725, 188.30871582, 68.5666351318, -7.99339199066, 22.6038551331, 52.6566696167, -15.5509738922, 34.1568031311, 14.9700899124], [-34.8401527405, -46.3888969421, 40.2870826721, 37.316280365, 27.3936653137, 68.5666351318, 85.942276001, 31.0991573334, 18.2042675018, 20.8453235626, 0.820040047169, 9.71337604523, 4.90572166443], [0.107044398785, 21.3408126831, -26.9852390289, 5.95110082626, 41.7710571289, -7.99339199066, 31.0991573334, 72.0961456299, 22.7810592651, 3.14150571823, 10.2794332504, -4.81649637222, -4.8445353508], [-19.7067165375, -21.9975395203, -13.4033279419, 14.0309267044, 3.16054320335, 22.6038551331, 18.2042675018, 22.7810592651, 53.1524429321, 33.3449554443, 12.7313404083, 6.35075283051, 4.78212881088], [101.761260986, -133.672698975, 47.8930358887, 47.5841522217, -24.9766292572, 52.6566696167, 20.8453235626, 3.14150571823, 33.3449554443, 78.8085174561, 22.8045501709, 27.1342372894, 1.78245890141], [-32.902431488, 32.1304092407, -51.8406486511, 5.73613071442, 9.30121803284, -15.5509738922, 0.820040047169, 10.2794332504, 12.7313404083, 22.8045501709, 61.4149017334, 24.715215683, 12.3568286896], [60.3391838074, -101.07648468, 21.2487621307, 34.9096450806, -16.0465660095, 34.1568031311, 9.71337604523, -4.81649637222, 6.35075283051, 27.1342372894, 24.715215683, 68.0421218872, 31.9109649658], [-52.3236694336, 8.41483688354, -39.995010376, 10.2377233505, 0.954113960266, 14.9700899124, 4.90572166443, -4.8445353508, 4.78212881088, 1.78245890141, 12.3568286896, 31.9109649658, 57.8387336731]],
        "icov": [[0.000441353826318, 3.29131512444e-06, 0.000191621817066, -0.000228848832194, 0.000692005909514, -0.000299698032904, 0.000488104938995, -0.000831130018923, 0.000768797588535, -0.000531084660906, 0.000469770864584, -0.000475313630886, 0.000641622929834], [3.29131512444e-06, 0.00369738810696, 0.000139301540912, 0.00103628879879, -0.00188676652033, 0.00238114595413, -0.00144554430153, 0.00194632005878, -0.00182681437582, 0.00392068084329, -0.00382680236362, 0.00492392573506, -0.00279045477509], [0.000191621817066, 0.000139301540912, 0.00400925241411, -0.00226332154125, 0.00127692695241, 0.000314345234074, -0.00163095141761, 0.000684798171278, 0.00186209683307, -0.0016721439315, 0.0038170593325, -0.00228772568516, 0.00376361026429], [-0.000228848832194, 0.00103628879879, -0.00226332154125, 0.00584148336202, -0.000725494988728, -0.000586925423704, -0.000131423643325, -0.000591416610405, -0.000849811010994, 0.000834183534607, -0.00336225936189, 0.00201092404313, -0.00317793991417], [0.000692005909514, -0.00188676652033, 0.00127692695241, -0.000725494988728, 0.00826912373304, -0.00271506723948, -2.43040249188e-05, -0.0050620646216, 0.00296805985272, -0.000728764745872, 0.00143035349902, -0.00230320799164, 0.00279851467349], [-0.000299698032904, 0.00238114595413, 0.000314345234074, -0.000586925423704, -0.00271506723948, 0.0141242621467, -0.0102041149512, 0.00733050238341, -0.0033006137237, -0.00288889952935, 0.00435338448733, -0.000627650762908, -0.00264958408661], [0.000488104938995, -0.00144554430153, -0.00163095141761, -0.000131423643325, -2.43040249188e-05, -0.0102041149512, 0.0245938561857, -0.0123274959624, 0.00171332596801, -0.00167001888622, -0.000713777670171, -0.00013242312707, -0.00079434143845], [-0.000831130018923, 0.00194632005878, 0.000684798171278, -0.000591416610405, -0.0050620646216, 0.00733050238341, -0.0123274959624, 0.0270063299686, -0.0123728206381, 0.00542824482545, -0.00309001002461, 0.00193048850633, 0.00148774345871], [0.000768797588535, -0.00182681437582, 0.00186209683307, -0.000849811010994, 0.00296805985272, -0.0033006137237, 0.00171332596801, -0.0123728206381, 0.0354005470872, -0.0176966749132, 0.00287100998685, 0.00116219371557, -0.00161316408776], [-0.000531084660906, 0.00392068084329, -0.0016721439315, 0.000834183534607, -0.000728764745872, -0.00288889952935, -0.00167001888622, 0.00542824482545, -0.0176966749132, 0.0339638367295, -0.0150531344116, 0.000850431330036, 0.00216453894973], [0.000469770864584, -0.00382680236362, 0.0038170593325, -0.00336225936189, 0.00143035349902, 0.00435338448733, -0.000713777670171, -0.00309001002461, 0.00287100998685, -0.0150531344116, 0.0341308936477, -0.016495205462, 0.00490318937227], [-0.000475313630886, 0.00492392573506, -0.00228772568516, 0.00201092404313, -0.00230320799164, -0.000627650762908, -0.00013242312707, 0.00193048850633, 0.00116219371557, 0.000850431330036, -0.016495205462, 0.0367797352374, -0.0196013227105], [0.000641622929834, -0.00279045477509, 0.00376361026429, -0.00317793991417, 0.00279851467349, -0.00264958408661, -0.00079434143845, 0.00148774345871, -0.00161316408776, 0.00216453894973, 0.00490318937227, -0.0196013227105, 0.0321061275899]]
    },
    "melbands": {
        "dmean": [0.00121069757733, 0.000921369239222, 0.000512312166393, 0.000493357132655, 0.000278631108813, 0.000491521321237, 0.000248800846748, 0.000124660989968, 5.98651677137e-05, 5.46230767213e-05, 5.95172787143e-05, 3.30327966367e-05, 2.87635357381e-05, 2.03091767617e-05, 1.56834594236e-05, 1.95262891793e-05, 2.6766121664e-05, 2.04997522815e-05, 3.26937042701e-05, 2.27159853239e-05, 2.68498497462e-05, 1.54001754709e-05, 1.04641130747e-05, 1.27516759676e-05, 6.87430065227e-06, 5.32876811121e-06, 6.79775075696e-06, 2.49315144174e-06, 4.71699650006e-06, 3.69407575818e-06, 2.20820948016e-06, 2.34932758758e-06, 2.26262591241e-06, 2.80424660559e-06, 2.49368781624e-06, 1.09302425244e-06, 1.11688689231e-06, 7.40318228054e-07, 6.33820604889e-07, 6.54826010305e-07],
        "dmean2": [0.00181889347732, 0.0014484715648, 0.000848223862704, 0.000839537882712, 0.00040857179556, 0.000715098925866, 0.000408648105804, 0.000207691453397, 0.000101030476799, 8.88315189513e-05, 9.62098565651e-05, 5.50111872144e-05, 4.74318549095e-05, 3.39098551194e-05, 2.53758844337e-05, 3.21133011312e-05, 4.38116403529e-05, 3.37202945957e-05, 5.34549944859e-05, 3.67430657207e-05, 4.41753036284e-05, 2.55639424722e-05, 1.711898949e-05, 2.13607399928e-05, 1.16818591778e-05, 8.73000954016e-06, 1.12964862637e-05, 4.12506778957e-06, 7.34143350201e-06, 5.93355298406e-06, 3.47862396666e-06, 3.6409603581e-06, 3.60140256817e-06, 4.60660930912e-06, 4.00235239795e-06, 1.81042378244e-06, 1.8910371864e-06, 1.21359175864e-06, 9.99175313154e-07, 1.00817715065e-06],
        "dvar": [3.37770325132e-06, 2.68042458629e-06, 1.14725776257e-06, 2.33165496866e-06, 4.40212289732e-07, 7.43708199025e-07, 3.01518952028e-07, 1.29255255388e-07, 2.02279828443e-08, 8.27854940155e-09, 1.69721285914e-08, 5.19676923716e-09, 3.26231086589e-09, 1.40541189797e-09, 7.49028006286e-10, 1.13813436453e-09, 2.23908513952e-09, 1.02940977964e-09, 2.66800093129e-09, 2.92486235232e-09, 2.69644551132e-09, 4.0182096539e-10, 2.72680183988e-10, 3.98286625902e-10, 3.09219511108e-10, 6.41953365466e-11, 1.22341983766e-10, 1.88863022443e-11, 5.72280799138e-11, 4.62766595877e-11, 1.44437474134e-11, 1.56491850728e-11, 1.57262865924e-11, 8.74854147459e-11, 4.8558771587e-11, 8.76506853209e-12, 1.56145148894e-11, 2.99572801461e-12, 1.52865773425e-12, 1.79788996191e-12],
        "dvar2": [7.51863353798e-06, 6.58401086184e-06, 3.01559020954e-06, 6.37527637082e-06, 8.23325194688e-07, 1.77336335128e-06, 8.14588020148e-07, 3.25345894225e-07, 6.11802377648e-08, 2.11157438201e-08, 4.196641612e-08, 1.36752147384e-08, 8.06120503682e-09, 3.49279138945e-09, 1.83537429699e-09, 3.0505415971e-09, 5.61736168692e-09, 2.61638466448e-09, 7.02504898697e-09, 7.80412445778e-09, 6.77059786014e-09, 1.0990531818e-09, 7.19456216824e-10, 1.10572651035e-09, 9.08879416173e-10, 1.62043878316e-10, 3.1920555088e-10, 4.95137646161e-11, 1.29798019555e-10, 1.07321533604e-10, 3.34322534934e-11, 3.60298249569e-11, 3.97594700219e-11, 2.42276587681e-10, 1.29385460679e-10, 2.38554523357e-11, 4.39196526369e-11, 8.15557604089e-12, 3.75766952276e-12, 4.28963808918e-12],
        "max": [0.019768750295, 0.0205666664988, 0.0119524067268, 0.01765043661, 0.00887554232031, 0.00925712659955, 0.00749411573634, 0.0047207409516, 0.00360103696585, 0.00136811530683, 0.00169660244137, 0.00111579382792, 0.000810405181255, 0.00049422273878, 0.000339372694725, 0.000507845543325, 0.00103687308729, 0.000382761296351, 0.000942447397392, 0.00154936942272, 0.00107117928565, 0.000235153071117, 0.000264685688308, 0.000273836718407, 0.000474067870528, 0.000110568667878, 0.000168857368408, 6.95716807968e-05, 0.000135183494422, 0.000101692581666, 5.10401478095e-05, 6.39407153358e-05, 5.36162951903e-05, 0.000159500486916, 0.000106960593257, 4.9001781008e-05, 7.40994437365e-05, 2.40922618104e-05, 1.68044043676e-05, 2.07424982364e-05],
        "mean": [0.00183491955977, 0.00140452641062, 0.00073136924766, 0.000581369677093, 0.000465715071186, 0.000967483909335, 0.000450776860816, 0.000162007418112, 9.85529477475e-05, 0.000103288977698, 0.000103808481072, 5.06640681124e-05, 4.78793590446e-05, 3.82538419217e-05, 2.91883698083e-05, 3.65812775271e-05, 5.20502762811e-05, 4.06667095376e-05, 6.03173866693e-05, 4.22864613938e-05, 4.90887468914e-05, 3.29308568325e-05, 2.12590512092e-05, 2.37990370806e-05, 1.32253007905e-05, 1.10716155177e-05, 1.29978525365e-05, 4.82486711917e-06, 8.81363666849e-06, 7.32868466002e-06, 4.18687477577e-06, 4.59442208012e-06, 4.39336554336e-06, 4.12760118707e-06, 3.67894313058e-06, 1.78365075953e-06, 1.53933603997e-06, 1.15980458304e-06, 1.14820443287e-06, 1.11680503778e-06],
        "median": [0.000929008703679, 0.000618744932581, 0.000396973686293, 0.000287370174192, 0.000202103779884, 0.000551642966457, 0.000229786150157, 5.87192080275e-05, 4.16941111325e-05, 5.08898156113e-05, 4.14108653786e-05, 2.77444923995e-05, 2.0771401978e-05, 1.48541666931e-05, 1.43143024616e-05, 2.06002350751e-05, 2.61104014498e-05, 2.37501699303e-05, 3.56054661097e-05, 2.80012900475e-05, 2.91496835416e-05, 2.64712398348e-05, 1.42772914842e-05, 1.49595416588e-05, 8.82732729224e-06, 7.42523661756e-06, 8.59205283632e-06, 3.34709557137e-06, 4.81760616822e-06, 3.78501613341e-06, 2.14447300095e-06, 2.48673723036e-06, 2.4121441129e-06, 1.77088224973e-06, 1.34670585794e-06, 7.7986044289e-07, 5.98367137172e-07, 4.79001073472e-07, 4.82583743633e-07, 4.4626676754e-07],
        "min": [4.33926509324e-24, 8.9823000107e-24, 8.84458540704e-24, 6.46112304015e-24, 8.2412227771e-24, 1.32066257035e-23, 1.84142807141e-23, 1.26523870198e-23, 1.10337107066e-23, 3.60953167945e-24, 6.63308485673e-24, 1.39143767193e-23, 1.64897598725e-23, 2.71954235606e-24, 6.05967527536e-24, 7.50893818714e-24, 3.79292961257e-24, 9.16366623256e-24, 9.71272604437e-24, 7.46631761015e-24, 1.15184562666e-23, 1.55631117884e-23, 1.6803799088e-23, 5.11765820868e-24, 8.0938454162e-24, 9.50916127664e-24, 9.77122481366e-24, 1.95356654235e-23, 8.73636236831e-24, 1.34164761149e-23, 1.4834470947e-23, 1.64435231571e-23, 1.48312934152e-23, 1.24685319418e-23, 8.42654276981e-24, 1.21348138022e-23, 9.69667509153e-24, 1.25071640381e-23, 9.55886740228e-24, 1.25911777245e-23],
        "var": [5.33648790224e-06, 4.12304734709e-06, 1.20475544918e-06, 1.78635309567e-06, 8.41578355448e-07, 1.54054748691e-06, 4.35183693526e-07, 1.26833739955e-07, 2.82935754825e-08, 1.99312424343e-08, 2.77689338191e-08, 6.05492811445e-09, 6.17923401336e-09, 3.22728221924e-09, 1.40287159667e-09, 2.0675112733e-09, 6.5226659629e-09, 2.11989492627e-09, 5.34470290248e-09, 3.43329520369e-09, 4.40496439325e-09, 7.13969272592e-10, 5.08694975032e-10, 7.188841189e-10, 2.87344203986e-10, 1.34619801417e-10, 2.08469769225e-10, 2.71727675083e-11, 1.24774843235e-10, 9.3895453912e-11, 2.99057133224e-11, 3.5228903128e-11, 2.97786725834e-11, 6.8995024971e-11, 4.78802553161e-11, 8.89316831981e-12, 1.19348367994e-11, 3.53228839407e-12, 2.75614166906e-12, 2.96184843145e-12]
    },
    "mfcc": {
        "mean": [-615.091491699, 107.905586243, -3.19901800156, 30.6880950928, 14.0993061066, 5.47211647034, -7.66303348541, 0.69764560461, 1.8398463726, 1.56005620956, 0.668243050575, -1.23187303543, 4.68862104416],
        "cov": [[2334.97851562, -590.348693848, 325.60546875, -0.0534717068076, -167.789505005, 60.5048294067, -51.9372520447, -23.8907012939, -8.52351474762, -8.33153343201, 15.8125562668, 51.6469192505, 9.81364917755], [-590.348693848, 955.767456055, -466.31942749, -60.0183105469, 83.266494751, -233.423294067, -15.654835701, 11.6827774048, -74.8230514526, 24.1008033752, -12.9955596924, -121.39553833, -34.0856056213], [325.60546875, -466.31942749, 610.050964355, 107.032989502, -80.2761077881, 149.028762817, 1.63911700249, -17.115404129, 41.7245330811, -26.3742771149, 6.31606197357, 64.7293243408, -3.24077224731], [-0.0534717068076, -60.0183105469, 107.032989502, 190.111602783, 39.1429443359, -8.95483016968, 17.6006946564, 16.9076805115, 1.15738260746, 5.81901550293, 8.43050575256, 1.42888784409, 3.94980359077], [-167.789505005, 83.266494751, -80.2761077881, 39.1429443359, 107.941062927, 1.44485151768, 23.4325523376, 20.2576980591, 2.1071460247, 13.4036111832, -0.00534742278978, -12.6072807312, 3.51110172272], [60.5048294067, -233.423294067, 149.028762817, -8.95483016968, 1.44485151768, 183.136367798, 42.5482254028, 7.29808044434, 53.509765625, -7.43742179871, 6.4436583519, 49.1166648865, 16.0455112457], [-51.9372520447, -15.654835701, 1.63911700249, 17.6006946564, 23.4325523376, 42.5482254028, 70.3525085449, 34.4168319702, 20.7445850372, 11.5914850235, 8.66261005402, 7.96569824219, 8.18450450897], [-23.8907012939, 11.6827774048, -17.115404129, 16.9076805115, 20.2576980591, 7.29808044434, 34.4168319702, 61.2207565308, 25.9585342407, 12.4559526443, 2.34466123581, 0.464527845383, 6.09225511551], [-8.52351474762, -74.8230514526, 41.7245330811, 1.15738260746, 2.1071460247, 53.509765625, 20.7445850372, 25.9585342407, 72.9374160767, 18.1755828857, 4.5434088707, 18.5728378296, 5.02608346939], [-8.33153343201, 24.1008033752, -26.3742771149, 5.81901550293, 13.4036111832, -7.43742179871, 11.5914850235, 12.4559526443, 18.1755828857, 59.5230712891, 28.2999954224, 0.501573979855, -0.365099549294], [15.8125562668, -12.9955596924, 6.31606197357, 8.43050575256, -0.00534742278978, 6.4436583519, 8.66261005402, 2.34466123581, 4.5434088707, 28.2999954224, 57.0339622498, 23.3418254852, 1.47548377514], [51.6469192505, -121.39553833, 64.7293243408, 1.42888784409, -12.6072807312, 49.1166648865, 7.96569824219, 0.464527845383, 18.5728378296, 0.501573979855, 23.3418254852, 68.1008911133, 27.6270580292], [9.81364917755, -34.0856056213, -3.24077224731, 3.94980359077, 3.51110172272, 16.0455112457, 8.18450450897, 6.09225511551, 5.02608346939, -0.365099549294, 1.47548377514, 27.6270580292, 53.0715179443]],
