{
"lowlevel": {
    "average_loudness": 0.96808975935,
    "barkbands_crest": {
        "dmean": 2.94859099388,
        "dmean2": 4.82747840881,
        "dvar": 6.61851739883,
        "dvar2": 16.4598388672,
        "max": 24.3172149658,
        "mean": 10.7439479828,
        "median": 10.1775598526,
        "min": 3.50181102753,
        "var": 15.7167863846
    },
    "barkbands_flatness_db": {
        "dmean": 0.0257047694176,
        "dmean2": 0.0370263494551,
        "dvar": 0.000511698890477,
        "dvar2": 0.00111176422797,
        "max": 0.343487530947,
        "mean": 0.146282941103,
        "median": 0.141270011663,
        "min": 0.0448113419116,
        "var": 0.00214273878373
    },
    "barkbands_kurtosis": {
        "dmean": 5.07709217072,
        "dmean2": 7.80185937881,
        "dvar": 152.142288208,
        "dvar2": 355.054412842,
        "max": 254.063690186,
        "mean": 7.13118267059,
        "median": 2.66885709763,
        "min": -1.65047621727,
        "var": 205.273880005
    },
    "barkbands_skewness": {
        "dmean": 0.698625862598,
        "dmean2": 1.00010824203,
        "dvar": 0.633938670158,
        "dvar2": 1.24791991711,
        "max": 12.8634672165,
        "mean": 1.99971270561,
        "median": 1.68419158459,
        "min": -4.10047721863,
        "var": 2.15258908272
    },
    "barkbands_spread": {
        "dmean": 5.2168545723,
        "dmean2": 7.6858086586,
        "dvar": 34.7760810852,
        "dvar2": 71.5651931763,
        "max": 102.900146484,
        "mean": 18.495721817,
        "median": 17.4824962616,
        "min": 0.741764545441,
        "var": 98.8780441284
    },
    "dissonance": {
        "dmean": 0.0237095803022,
        "dmean2": 0.038396473974,
        "dvar": 0.000455277448054,
        "dvar2": 0.00118530786131,
        "max": 0.499898344278,
        "mean": 0.447989791632,
        "median": 0.455753624439,
        "min": 0.262364119291,
        "var": 0.00117522559594
    },
    "dynamic_complexity": 2.05487895012,
    "erbbands_crest": {
        "dmean": 2.49631237984,
        "dmean2": 3.87800526619,
        "dvar": 5.31195831299,
        "dvar2": 11.3838329315,
        "max": 28.6828708649,
        "mean": 9.1803855896,
        "median": 8.24618816376,
        "min": 2.61863851547,
        "var": 15.4417829514
    },
    "erbbands_flatness_db": {
        "dmean": 0.0182147715241,
        "dmean2": 0.023869657889,
        "dvar": 0.000240827415837,
        "dvar2": 0.000430811865954,
        "max": 0.298285901546,
        "mean": 0.147036135197,
        "median": 0.143218383193,
        "min": 0.06129167974,
        "var": 0.00142591120675
    },
    "erbbands_kurtosis": {
        "dmean": 0.741053521633,
        "dmean2": 1.07029902935,
        "dvar": 1.1593401432,
        "dvar2": 2.24597167969,
        "max": 24.5595703125,
        "mean": 0.243657931685,
        "median": -0.292648792267,
        "min": -1.79671156406,
        "var": 3.12257313728
    },
    "erbbands_skewness": {
        "dmean": 0.3363301754,
        "dmean2": 0.496605157852,
        "dvar": 0.108880452812,
        "dvar2": 0.226993963122,
        "max": 3.03709554672,
        "mean": 0.389929562807,
        "median": 0.356852501631,
        "min": -4.03958892822,
        "var": 0.359213620424
    },
    "erbbands_spread": {
        "dmean": 9.11343002319,
        "dmean2": 12.6144599915,
        "dvar": 96.2568817139,
        "dvar2": 186.810379028,
        "max": 159.744384766,
        "mean": 43.0409812927,
        "median": 40.8851013184,
        "min": 7.05442047119,
        "var": 405.569122314
    },
    "hfc": {
        "dmean": 6.28194522858,
        "dmean2": 7.48711156845,
        "dvar": 48.5012435913,
        "dvar2": 68.2891769409,
        "max": 112.704315186,
        "mean": 19.9928722382,
        "median": 16.2938499451,
        "min": 1.18441900799e-16,
        "var": 231.398025513
    },
    "melbands_crest": {
        "dmean": 3.97833752632,
        "dmean2": 6.40013885498,
        "dvar": 11.2897872925,
        "dvar2": 27.5930042267,
        "max": 31.3492660522,
        "mean": 15.6183738708,
        "median": 14.8803453445,
        "min": 2.11804509163,
        "var": 32.7186203003
    },
    "melbands_flatness_db": {
        "dmean": 0.0310848187655,
        "dmean2": 0.0443923771381,
        "dvar": 0.000802108494099,
        "dvar2": 0.00162561575416,
        "max": 0.463968604803,
        "mean": 0.217241615057,
        "median": 0.209602192044,
        "min": 0.00402442552149,
        "var": 0.00363104837015
    },
    "melbands_kurtosis": {
        "dmean": 12.5377645493,
        "dmean2": 18.2248859406,
        "dvar": 622.292358398,
        "dvar2": 1296.79736328,
        "max": 471.871948242,
        "mean": 21.1808338165,
        "median": 9.84493732452,
        "min": -1.68867063522,
        "var": 1221.54174805
    },
    "melbands_skewness": {
        "dmean": 0.967314183712,
        "dmean2": 1.36665987968,
        "dvar": 1.03970205784,
        "dvar2": 2.06461501122,
        "max": 15.3852815628,
        "mean": 3.18208456039,
        "median": 2.75953793526,
        "min": -0.470590561628,
        "var": 4.31934690475
    },
    "melbands_spread": {
        "dmean": 5.89155578613,
        "dmean2": 8.52474403381,
        "dvar": 67.888130188,
        "dvar2": 115.407829285,
        "max": 280.677093506,
        "mean": 18.2683849335,
        "median": 16.7001914978,
        "min": 0.570038974285,
        "var": 209.089584351
    },
    "pitch_salience": {
        "dmean": 0.0813983678818,
        "dmean2": 0.129722207785,
        "dvar": 0.00459323357791,
        "dvar2": 0.0118222329766,
        "max": 0.878972291946,
        "mean": 0.506902635098,
        "median": 0.514878451824,
        "min": 0.123223632574,
        "var": 0.0128674032167
    },
    "silence_rate_20dB": {
        "dmean": 0,
        "dmean2": 0,
        "dvar": 0,
        "dvar2": 0,
        "max": 1,
        "mean": 1,
        "median": 1,
        "min": 1,
        "var": 0
    },
    "silence_rate_30dB": {
        "dmean": 0.0175257734954,
        "dmean2": 0.0350696220994,
        "dvar": 0.0172189418226,
        "dvar2": 0.0400275960565,
        "max": 1,
        "mean": 0.98093765974,
        "median": 1,
        "min": 0,
        "var": 0.018699048087
    },
    "silence_rate_60dB": {
        "dmean": 0.0149484537542,
        "dmean2": 0.0299123264849,
        "dvar": 0.0147247826681,
        "dvar2": 0.0352070592344,
        "max": 1,
        "mean": 0.0175167433918,
        "median": 0,
        "min": 0,
        "var": 0.0172096882015
    },
    "spectral_centroid": {
        "dmean": 250.699462891,
        "dmean2": 352.688659668,
        "dvar": 111051.132812,
        "dvar2": 166494,
        "max": 10891.4560547,
        "mean": 1121.91381836,
        "median": 1087.12231445,
        "min": 217.983947754,
        "var": 283831.34375
    },
    "spectral_complexity": {
        "dmean": 3.80567002296,
        "dmean2": 4.77668905258,
        "dvar": 14.7378482819,
        "dvar2": 21.9000778198,
        "max": 50,
        "mean": 17.163318634,
        "median": 16,
        "min": 0,
        "var": 68.9125518799
    },
    "spectral_decrease": {
        "dmean": 3.52889562016e-09,
        "dmean2": 4.99941821275e-09,
        "dvar": 1.55324765964e-17,
        "dvar2": 3.22707972375e-17,
        "max": 5.41030283955e-30,
        "mean": -9.21559006883e-09,
        "median": -7.64009389087e-09,
        "min": -4.69366767675e-08,
        "var": 4.63175449573e-17
    },
    "spectral_energy": {
        "dmean": 0.0137474108487,
        "dmean2": 0.0193439144641,
        "dvar": 0.000230564008234,
        "dvar2": 0.000473736581625,
        "max": 0.187278211117,
        "mean": 0.0365951731801,
        "median": 0.0305282622576,
        "min": 1.07226106102e-20,
        "var": 0.000705705781002
    },
    "spectral_energyband_high": {
        "dmean": 0.00034212283208,
        "dmean2": 0.000437583192252,
        "dvar": 2.29848154731e-07,
        "dvar2": 4.00728254135e-07,
        "max": 0.00718326307833,
        "mean": 0.000678188924212,
        "median": 0.00040661348612,
        "min": 7.88955659406e-21,
        "var": 6.17102386968e-07
    },
    "spectral_energyband_low": {
        "dmean": 0.00994087662548,
        "dmean2": 0.0150537975132,
        "dvar": 0.000185759199667,
        "dvar2": 0.000405443075579,
        "max": 0.129585757852,
        "mean": 0.0175276435912,
        "median": 0.0089902523905,
        "min": 7.10519191832e-23,
        "var": 0.000448235543445
    },
    "spectral_energyband_middle_high": {
        "dmean": 0.00215478357859,
        "dmean2": 0.00255463458598,
        "dvar": 8.59036845213e-06,
        "dvar2": 1.07836722236e-05,
        "max": 0.0466143265367,
        "mean": 0.00610955851153,
        "median": 0.00382461678237,
        "min": 1.55715225603e-21,
        "var": 4.81400311401e-05
    },
    "spectral_energyband_middle_low": {
        "dmean": 0.00556197809055,
        "dmean2": 0.00846975296736,
        "dvar": 5.04046001879e-05,
        "dvar2": 0.000115774972073,
        "max": 0.0827708095312,
        "mean": 0.0131115727127,
        "median": 0.0107516814023,
        "min": 2.55952420913e-22,
        "var": 0.000103266218503
    },
    "spectral_entropy": {
        "dmean": 0.188399761915,
        "dmean2": 0.258820176125,
        "dvar": 0.0300443395972,
        "dvar2": 0.0542296133935,
        "max": 9.80598449707,
        "mean": 7.35518217087,
        "median": 7.3461728096,
        "min": 5.78177070618,
        "var": 0.143069550395
    },
    "spectral_flux": {
        "dmean": 0.0326661914587,
        "dmean2": 0.051251616329,
        "dvar": 0.000998135306872,
        "dvar2": 0.00243022060022,
        "max": 0.29082351923,
        "mean": 0.0966267585754,
        "median": 0.0897646024823,
        "min": 1.03550036601e-10,
        "var": 0.00196731439792
    },
    "spectral_kurtosis": {
        "dmean": 1.4223972559,
        "dmean2": 2.29403233528,
        "dvar": 2.1182911396,
        "dvar2": 5.46946763992,
        "max": 18.1981067657,
        "mean": 4.22684812546,
        "median": 3.83223152161,
        "min": -1.19531607628,
        "var": 5.2202372551
    },
    "spectral_rms": {
        "dmean": 0.0011099956464,
        "dmean2": 0.00152092217468,
        "dvar": 1.11724989438e-06,
        "dvar2": 2.11845281228e-06,
        "max": 0.0135170435533,
        "mean": 0.00558608910069,
        "median": 0.00545744178817,
        "min": 3.23435982857e-12,
        "var": 4.49826939075e-06
    },
    "spectral_rolloff": {
        "dmean": 392.660797119,
        "dmean2": 631.004150391,
        "dvar": 603625.1875,
        "dvar2": 1064121.625,
        "max": 18927.6855469,
        "mean": 1037.7989502,
        "median": 861.328125,
        "min": 64.599609375,
        "var": 1126845.75
    },
    "spectral_skewness": {
        "dmean": 0.216544240713,
        "dmean2": 0.324918687344,
        "dvar": 0.0389381535351,
        "dvar2": 0.0855223238468,
        "max": 3.36680936813,
        "mean": 1.58362472057,
        "median": 1.55313658714,
        "min": -0.286453574896,
        "var": 0.147662773728
    },
    "spectral_spread": {
        "dmean": 615219.9375,
        "dmean2": 828929.5625,
        "dvar": 1.04862121984e+12,
        "dvar2": 1.29536924058e+12,
        "max": 40570792,
        "mean": 4759354,
        "median": 4444810,
        "min": 2214995.5,
        "var": 2.53544733082e+12
    },
    "spectral_strongpeak": {
        "dmean": 0.508479058743,
        "dmean2": 0.841196835041,
        "dvar": 0.705314695835,
        "dvar2": 1.54367518425,
        "max": 10.9576673508,
        "mean": 0.933757245541,
        "median": 0.557113349438,
        "min": 3.37041033971e-10,
        "var": 1.30988967419
    },
    "zerocrossingrate": {
        "dmean": 0.0101957656443,
        "dmean2": 0.0121546527371,
        "dvar": 0.000260409346083,
        "dvar2": 0.000296454614727,
        "max": 0.52197265625,
        "mean": 0.048918183893,
        "median": 0.04541015625,
        "min": 0.00634765625,
        "var": 0.000799968722276
    },
    "barkbands": {
        "dmean": [0.000225808646064, 0.00474504940212, 0.006110873539, 0.00106354197487, 0.00334819941781, 0.00107510038652, 0.00085428863531, 0.000505400821567, 0.00129378319252, 0.00088199309539, 0.000448499864433, 0.000386396131944, 0.000336670811521, 0.000470661878353, 0.00037968417746, 0.00014144765737, 0.000156034468091, 0.000111765431939, 0.000107472551463, 0.000157106405823, 9.78336465778e-05, 6.36190525256e-05, 5.68909563299e-05, 5.61631677556e-05, 3.11282528855e-05, 1.86957950064e-05, 3.36614334628e-06],
        "dmean2": [0.000281438871752, 0.00756302336231, 0.00940493680537, 0.00182099919766, 0.00546815479174, 0.00169049366377, 0.00128818792291, 0.000763145217206, 0.00176400737837, 0.00122878712136, 0.000597692735028, 0.000556880200747, 0.000486316683237, 0.000668072607368, 0.000529019511305, 0.000204393669264, 0.000227218522923, 0.000160349882208, 0.000151080705109, 0.000224582356168, 0.000134778136271, 8.80219668034e-05, 8.0077596067e-05, 7.86965392763e-05, 4.52682688774e-05, 2.84971047222e-05, 5.60796252103e-06],
        "dvar": [2.03009975053e-07, 7.88305987953e-05, 7.29956009309e-05, 2.30381965594e-06, 2.96402031381e-05, 3.00035890177e-06, 2.52067002293e-06, 1.2143279946e-06, 6.62368802296e-06, 4.60653882328e-06, 1.10441851575e-06, 1.0595645108e-06, 7.76754063736e-07, 8.56813869632e-07, 5.31107559709e-07, 5.47837295528e-08, 5.58998358713e-08, 2.23983533942e-08, 2.68388440361e-08, 5.49153256202e-08, 3.1079004259e-08, 1.22178667183e-08, 9.28206933537e-09, 1.0791639582e-08, 3.44312045542e-09, 1.49927759097e-09, 9.92233101238e-11],
        "dvar2": [3.34244731448e-07, 0.000185142169357, 0.00016523215163, 5.90274885326e-06, 7.62549025239e-05, 7.41467511034e-06, 6.02257250648e-06, 2.70009218184e-06, 1.30398557303e-05, 8.71297288541e-06, 1.63461686498e-06, 1.92512129615e-06, 1.43149134146e-06, 1.80197559985e-06, 9.33318915486e-07, 1.07833116658e-07, 1.26534644096e-07, 4.44449774761e-08, 5.776475831e-08, 1.13387798706e-07, 5.94523790198e-08, 2.5205617149e-08, 1.99727399064e-08, 2.27997691837e-08, 7.21704207507e-09, 3.27679727796e-09, 2.47149578581e-10],
        "max": [0.00439460109919, 0.0866441726685, 0.0860523432493, 0.0163814760745, 0.0675149038434, 0.0248336624354, 0.0278894491494, 0.0190430618823, 0.0463903695345, 0.0460760034621, 0.0350965261459, 0.0283874738961, 0.0180952232331, 0.0129789076746, 0.0221114177257, 0.00382969388738, 0.00392662035301, 0.0026440222282, 0.00242506014183, 0.00304648489691, 0.00261573796161, 0.00224587786943, 0.00106447399594, 0.00128690351266, 0.000913376279641, 0.000691777095199, 0.000129956519231],
        "mean": [0.000340259517543, 0.00683264061809, 0.00963481049985, 0.00144042295869, 0.00494747562334, 0.0019357415149, 0.00142985314596, 0.000821139314212, 0.00231121666729, 0.00155827403069, 0.000831413315609, 0.000683269870933, 0.000554096885026, 0.000755169079639, 0.0007022995851, 0.000266859977273, 0.000299994251691, 0.000222381087951, 0.000193497675355, 0.00030798179796, 0.000166558049386, 0.000110802677227, 9.00447339518e-05, 8.44085589051e-05, 4.88021250931e-05, 2.29120341828e-05, 2.86908880298e-06],
        "median": [2.41145025939e-05, 0.00230277096853, 0.00376598024741, 0.000857263919897, 0.00315826223232, 0.000972523004748, 0.000573121535126, 0.000274774909485, 0.000640640035272, 0.000279627129203, 0.000176015440957, 0.000165610996191, 0.000134712739964, 0.000187102894415, 0.00019374563999, 0.000125293299789, 0.000149077823153, 0.000130653279484, 9.03468753677e-05, 0.000162963333423, 6.59485449432e-05, 5.78487270104e-05, 4.66554229206e-05, 3.85142120649e-05, 2.3352828066e-05, 8.55564303492e-06, 3.34233220656e-07],
        "min": [1.83823460469e-23, 4.55567172765e-23, 6.34516088152e-24, 3.34430417911e-23, 4.84118825715e-23, 9.35038724225e-24, 3.70636640661e-23, 4.04753360198e-23, 5.87514382801e-23, 6.54505776158e-23, 8.48218523153e-23, 7.79183348962e-23, 1.34816492785e-22, 2.42323555043e-22, 7.7098638996e-23, 2.14060271775e-22, 1.4379901841e-22, 2.16863189234e-22, 2.17235708286e-22, 2.52931878818e-22, 5.02621678154e-22, 5.48015284239e-22, 6.66153780741e-22, 1.02530874656e-21, 1.21023167719e-21, 1.44135464431e-21, 2.66082253217e-21],
        "var": [4.56062480225e-07, 0.000119047181215, 0.000178652160685, 3.2764955904e-06, 3.45115695382e-05, 6.80870380165e-06, 4.84921656607e-06, 2.46561444328e-06, 1.72573909367e-05, 1.28673045765e-05, 3.78004119739e-06, 3.18319894177e-06, 1.87754062608e-06, 2.22082121581e-06, 1.81273526323e-06, 1.61997462556e-07, 1.50554953393e-07, 7.07783840426e-08, 7.38213117302e-08, 1.52775953666e-07, 7.6954790984e-08, 2.38327952928e-08, 1.60829749518e-08, 1.74047496415e-08, 5.75193803698e-09, 1.96492178084e-09, 8.39210922976e-11]
    },
    "erbbands": {
        "dmean": [0.153806909919, 1.14381337166, 6.37271595001, 4.29910230637, 8.05287647247, 13.1520414352, 8.00234031677, 9.29086685181, 10.6665029526, 12.6247034073, 13.1153488159, 27.937046051, 24.9418849945, 29.4471321106, 15.7209854126, 13.1204576492, 13.2983140945, 20.9270381927, 23.7793636322, 11.0682849884, 7.31297016144, 7.66978597641, 6.09698581696, 5.03657865524, 6.21856689453, 7.98069858551, 4.62170600891, 3.44873642921, 2.18317008018, 2.02267169952, 1.62286531925, 1.26818835735, 0.838250935078, 0.42239227891, 0.207063183188, 0.0887013971806, 0.0310827735811, 0.00998665392399, 0.000322116015013, 1.96730634343e-05],
        "dmean2": [0.218147054315, 1.90011119843, 9.85109806061, 6.66726493835, 13.5671129227, 21.3390808105, 12.522860527, 14.5743465424, 16.2028045654, 18.7534618378, 18.6391773224, 38.6743164062, 33.3854408264, 39.0572166443, 21.2639102936, 18.8348560333, 18.7951526642, 28.7774219513, 32.5881881714, 15.4869747162, 10.2778978348, 11.2185840607, 8.61215209961, 7.17627382278, 8.59575176239, 11.3619709015, 6.4887008667, 4.80419778824, 3.01660728455, 2.84550428391, 2.26759505272, 1.78217566013, 1.2135733366, 0.609120726585, 0.306967616081, 0.134990364313, 0.048203472048, 0.0161583740264, 0.000528318982106, 2.73206969723e-05],
        "dvar": [0.10359057039, 3.75393009186, 79.6149673462, 28.0598125458, 156.654602051, 494.115997314, 202.46887207, 259.186767578, 451.699737549, 549.318237305, 787.946838379, 3529.46118164, 4692.45605469, 3636.29150391, 920.233947754, 1207.35009766, 1132.25732422, 1490.77209473, 1982.53417969, 408.949462891, 99.390953064, 132.522521973, 62.9354553223, 66.1255264282, 85.1810760498, 154.828140259, 68.0158233643, 51.3899879456, 15.0448207855, 8.41943073273, 8.46630954742, 5.51404619217, 2.74533319473, 0.624142587185, 0.167447254062, 0.0285886730999, 0.00475453212857, 0.000685825070832, 1.04041578197e-06, 5.76582004364e-10],
        "dvar2": [0.219518810511, 9.62724971771, 182.037582397, 64.7067260742, 409.609344482, 1317.02563477, 485.262756348, 641.289001465, 1125.47888184, 1174.57714844, 1638.23596191, 7358.13867188, 9440.15527344, 5649.67285156, 1536.98950195, 2361.10498047, 2272.35449219, 2777.43994141, 3788.44018555, 784.868591309, 209.921310425, 316.01763916, 130.473937988, 150.943405151, 184.524368286, 335.129364014, 137.95803833, 96.5154495239, 31.2159061432, 17.7233390808, 17.5672073364, 11.8339729309, 5.82013368607, 1.32460927963, 0.38097384572, 0.0644333958626, 0.0103972023353, 0.00164848414715, 2.64561208496e-06, 1.20066712128e-09],
        "max": [2.96772742271, 19.8941707611, 91.6049423218, 54.9645576477, 134.315109253, 321.36630249, 179.56628418, 303.569519043, 466.38079834, 357.195861816, 529.344055176, 994.543945312, 1847.7322998, 1395.25463867, 803.425598145, 769.730895996, 993.510925293, 681.74395752, 682.350097656, 605.252441406, 136.492340088, 253.251495361, 112.660964966, 116.421081543, 146.249343872, 175.646026611, 114.734107971, 148.946960449, 76.8695602417, 38.8709373474, 37.5634803772, 30.6847496033, 19.2195186615, 13.9736089706, 6.34890174866, 3.03788733482, 1.21020781994, 0.318533569574, 0.0140624092892, 0.000365275074728],
        "mean": [0.218334197998, 1.5886374712, 10.0204076767, 7.3946814537, 10.7032880783, 18.8294067383, 14.3205604553, 16.075838089, 18.1246242523, 21.2822856903, 23.4968566895, 50.3462524414, 41.3307723999, 58.7186546326, 33.6329879761, 24.5181407928, 24.2613143921, 38.0152359009, 44.3062553406, 23.2660942078, 15.2159166336, 16.1387653351, 12.9124240875, 9.25441169739, 12.4325914383, 15.289311409, 8.01781463623, 5.95985841751, 3.64687800407, 3.75541949272, 2.50420403481, 1.83536863327, 1.28176534176, 0.659625709057, 0.292279481888, 0.116803698242, 0.0366228558123, 0.00944987125695, 0.000303890992654, 4.9279344239e-05],
        "median": [0.0356494002044, 0.675980806351, 4.03068399429, 4.71558666229, 6.55046033859, 11.2714700699, 6.36407136917, 7.90382862091, 8.17132854462, 9.63284778595, 9.42929553986, 13.500995636, 11.5025396347, 15.3040924072, 11.2265930176, 7.27490663528, 7.97609758377, 11.4271459579, 11.9650659561, 9.44503593445, 8.15815925598, 9.57201194763, 8.40659618378, 5.55023431778, 5.8867931366, 8.41309642792, 4.09875822067, 1.83426403999, 1.79838109016, 2.110476017, 1.24092113972, 0.76808744669, 0.607828021049, 0.32015311718, 0.132157534361, 0.0501644685864, 0.0131379151717, 0.00190974702127, 6.66661653668e-05, 4.08783926105e-05],
        "min": [1.13435007386e-21, 1.04831951372e-20, 1.21441738072e-20, 5.58785060704e-20, 1.12147066574e-19, 2.41972559651e-19, 1.0774273694e-19, 8.57593975725e-20, 5.28779807767e-19, 5.70016622459e-19, 1.23318070953e-18, 1.29711701459e-18, 1.57999003662e-18, 2.78656696328e-18, 3.50887534303e-18, 3.5671113397e-18, 5.84959795321e-18, 1.05585088786e-17, 6.49601561368e-18, 6.395097511e-18, 1.10900807829e-17, 9.89126777341e-18, 1.05353445128e-17, 1.03932754154e-17, 1.17042400538e-17, 1.1535601088e-17, 1.56819779116e-17, 2.20123779046e-17, 1.85134303833e-17, 2.20691588906e-17, 1.82323031259e-17, 1.91153713694e-17, 1.76590487635e-17, 1.32831930127e-17, 9.16220649794e-18, 5.41599607996e-18, 3.03446761619e-18, 1.09582457708e-18, 3.55259416485e-19, 4.02330051694e-20],
        "var": [0.176710307598, 5.2591753006, 198.76802063, 59.7864646912, 166.913757324, 570.169372559, 445.823272705, 553.961242676, 786.950500488, 1130.12121582, 1756.51867676, 8778.83007812, 8888.04492188, 14417.6279297, 3764.2409668, 3365.5637207, 2804.515625, 4976.35009766, 5906.67285156, 1729.24914551, 355.751037598, 376.617340088, 193.339874268, 128.838745117, 316.454864502, 393.738647461, 125.416908264, 154.254257202, 27.9906921387, 20.6545352936, 14.7043266296, 8.66708278656, 4.24181175232, 1.07024395466, 0.233153924346, 0.0387426950037, 0.00606494164094, 0.000649024383165, 8.51458196394e-07, 1.38026834406e-09]
    },
    "gfcc": {
        "mean": [13.7571191788, 96.6376037598, -107.272193909, 36.5169487, -57.932598114, 17.1955909729, -37.2235069275, 8.73151493073, -27.2692070007, -0.116291537881, -19.1166934967, -4.4635052681, -10.8810110092],
        "cov": [[3513.13891602, -211.652420044, -352.917419434, -117.14781189, -29.9174633026, 71.9906158447, 125.409461975, 93.9774703979, -29.3288478851, 46.0445518494, -127.983024597, -14.6679563522, -72.9266815186], [-211.652420044, 738.208251953, -89.5737228394, 39.8757476807, 141.402160645, -19.1511497498, 110.154518127, -2.18070602417, 61.3586425781, -36.6130332947, 114.792633057, -84.5734329224, 72.8962631226], [-352.917419434, -89.5737228394, 783.849304199, 260.444152832, 105.051261902, 102.448066711, 21.5470714569, 37.9865646362, -8.23081111908, 74.6539535522, 36.5226707458, 86.758644104, -38.441696167], [-117.14781189, 39.8757476807, 260.444152832, 355.670593262, 95.873085022, -10.7152423859, -40.5798301697, 27.8758449554, 49.377243042, 34.2962760925, 34.593132019, -1.21239578724, 52.6015357971], [-29.9174633026, 141.402160645, 105.051261902, 95.873085022, 238.240478516, 59.505657196, 29.3932685852, 34.7542724609, 53.0545539856, 32.3706626892, 10.6500091553, -14.5970163345, 20.271232605], [71.9906158447, -19.1511497498, 102.448066711, -10.7152423859, 59.505657196, 200.986953735, 97.1639175415, 32.2725715637, -10.4187679291, 13.4687347412, 0.877502799034, -4.43164634705, -27.7189254761], [125.409461975, 110.154518127, 21.5470714569, -40.5798301697, 29.3932685852, 97.1639175415, 228.805999756, 41.0767974854, -35.8564987183, -23.5573673248, 15.8018407822, 0.581211745739, -10.5520982742], [93.9774703979, -2.18070602417, 37.9865646362, 27.8758449554, 34.7542724609, 32.2725715637, 41.0767974854, 103.891113281, 36.1045722961, 13.2432355881, -5.17796373367, -5.58093833923, 3.6661772728], [-29.3288478851, 61.3586425781, -8.23081111908, 49.377243042, 53.0545539856, -10.4187679291, -35.8564987183, 36.1045722961, 128.081359863, 43.7440834045, -10.0576047897, -32.9084510803, 10.2760877609], [46.0445518494, -36.6130332947, 74.6539535522, 34.2962760925, 32.3706626892, 13.4687347412, -23.5573673248, 13.2432355881, 43.7440834045, 98.5408630371, 16.4253063202, 1.24200558662, -11.3880138397], [-127.983024597, 114.792633057, 36.5226707458, 34.593132019, 10.6500091553, 0.877502799034, 15.8018407822, -5.17796373367, -10.0576047897, 16.4253063202, 122.144577026, 25.1034297943, 7.22690486908], [-14.6679563522, -84.5734329224, 86.758644104, -1.21239578724, -14.5970163345, -4.43164634705, 0.581211745739, -5.58093833923, -32.9084510803, 1.24200558662, 25.1034297943, 106.454429626, 1.60404896736], [-72.9266815186, 72.8962631226, -38.441696167, 52.6015357971, 20.271232605, -27.7189254761, -10.5520982742, 3.6661772728, 10.2760877609, -11.3880138397, 7.22690486908, 1.60404896736, 100.712654114]],
        "icov": [[0.000365392799722, -3.45095868397e-05, 0.000359440746251, -0.000246782437898, 2.22429207497e-05, -9.05599881662e-05, -0.000175118679181, -0.000371375324903, 0.000386163330404, -0.000568425515667, 0.000529812183231, -0.000296775542665, 0.000384453654988], [-3.45095868397e-05, 0.00339244841598, -0.000347679801052, 0.00078701187158, -0.00179712753743, 0.00136399699841, -0.00198868336156, 0.001499613747, -0.00226822658442, 0.00240382668562, -0.00391620257869, 0.00310417125002, -0.00181521312334], [0.000359440746251, -0.000347679801052, 0.00295422994532, -0.0024264624808, -0.000131670138217, -0.00116645614617, -4.89695994474e-05, -0.000743488897569, 0.00145005399827, -0.00197084690444, 0.00129704386927, -0.00263524381444, 0.00221235770732], [-0.000246782437898, 0.00078701187158, -0.0024264624808, 0.00576583202928, -0.00135846564081, 0.00125399173703, 0.000527094176505, -3.95926326746e-06, -0.00171618885361, 0.00137978058774, -0.00251566432416, 0.00259725190699, -0.00354175595567], [2.22429207497e-05, -0.00179712753743, -0.000131670138217, -0.00135846564081, 0.00677557010204, -0.00223287590779, 0.000408358027926, -0.00084005628014, -0.00079553516116, -0.00178436364513, 0.00190730206668, -0.00121535593644, -0.000166923215147], [-9.05599881662e-05, 0.00136399699841, -0.00116645614617, 0.00125399173703, -0.00223287590779, 0.00819154083729, -0.0033256362658, -0.0002228871017, -6.44773608656e-05, 0.000102151767351, -0.00134973204695, 0.00237021781504, 0.000287847797154], [-0.000175118679181, -0.00198868336156, -4.89695994474e-05, 0.000527094176505, 0.000408358027926, -0.0033256362658, 0.00801163446158, -0.00344098522328, 0.00300875725225, 0.000534455233719, 0.000721468648408, -0.00112161994912, 0.000705327722244], [-0.000371375324903, 0.001499613747, -0.000743488897569, -3.95926326746e-06, -0.00084005628014, -0.0002228871017, -0.00344098522328, 0.0137807093561, -0.00557795260102, 0.00141081272159, -0.00121761334594, 0.000933171308134, -0.00158932222985], [0.000386163330404, -0.00226822658442, 0.00145005399827, -0.00171618885361, -0.00079553516116, -6.44773608656e-05, 0.00300875725225, -0.00557795260102, 0.0152065204456, -0.00705868983641, 0.00406331662089, 0.000433399691246, 0.00138366769534], [-0.000568425515667, 0.00240382668562, -0.00197084690444, 0.00137978058774, -0.00178436364513, 0.000102151767351, 0.000534455233719, 0.00141081272159, -0.00705868983641, 0.0168787110597, -0.00581710319966, 0.00228008138947, -0.000222628688789], [0.000529812183231, -0.00391620257869, 0.00129704386927, -0.00251566432416, 0.00190730206668, -0.00134973204695, 0.000721468648408, -0.00121761334594, 0.00406331662089, -0.00581710319966, 0.0146891353652, -0.00616195099428, 0.00236345361918], [-0.000296775542665, 0.00310417125002, -0.00263524381444, 0.00259725190699, -0.00121535593644, 0.00237021781504, -0.00112161994912, 0.000933171308134, 0.000433399691246, 0.00228008138947, -0.00616195099428, 0.0155990254134, -0.00367129454389], [0.000384453654988, -0.00181521312334, 0.00221235770732, -0.00354175595567, -0.000166923215147, 0.000287847797154, 0.000705327722244, -0.00158932222985, 0.00138366769534, -0.000222628688789, 0.00236345361918, -0.00367129454389, 0.0141828674823]]
    },
    "melbands": {
        "dmean": [0.00127949833404, 0.00258854287677, 0.000783561903518, 0.000862571585458, 0.000302229309455, 0.000201265342184, 0.000169202932739, 0.000130383501528, 0.00012136760779, 0.000185509459698, 0.00012878018606, 0.000125529288198, 5.91498392168e-05, 4.37252710981e-05, 3.20790677506e-05, 3.39372563758e-05, 4.21008990088e-05, 4.25748839916e-05, 2.28962653637e-05, 1.0598897461e-05, 9.0605690275e-06, 8.91517538548e-06, 7.09686037226e-06, 5.6944923017e-06, 4.18398076363e-06, 4.25801772508e-06, 5.38230688107e-06, 5.62028662898e-06, 3.59742602996e-06, 2.31752301261e-06, 1.79617723006e-06, 1.29193620069e-06, 1.32712955292e-06, 1.13933833745e-06, 1.02335309293e-06, 8.02077920525e-07, 8.06490788818e-07, 6.98345047567e-07, 4.18643423927e-07, 3.55636558425e-07],
        "dmean2": [0.00195628986694, 0.0040187695995, 0.00121304683853, 0.00141036265995, 0.00048229956883, 0.000316725345328, 0.000255073478911, 0.000194681924768, 0.000171322957613, 0.000257399660768, 0.000173291773535, 0.000168595113792, 7.97972024884e-05, 6.17190162302e-05, 4.60678384115e-05, 4.82287505292e-05, 5.89667979511e-05, 5.94448792981e-05, 3.18452475767e-05, 1.54279787239e-05, 1.30065527628e-05, 1.31918195621e-05, 1.06223369585e-05, 8.21766752779e-06, 6.21442632109e-06, 6.13001293459e-06, 7.67947767599e-06, 8.15937892185e-06, 5.27051543031e-06, 3.2912446386e-06, 2.52104746323e-06, 1.84547536719e-06, 1.9154194888e-06, 1.66080269537e-06, 1.45799526763e-06, 1.14452939215e-06, 1.15354066565e-06, 1.04718913008e-06, 6.08332584306e-07, 5.24967902038e-07],
        "dvar": [6.73286876918e-06, 1.22228739201e-05, 8.34398861116e-07, 2.05162996281e-06, 2.41226530306e-07, 1.1319815485e-07, 1.03539605334e-07, 5.44017773052e-08, 6.05964558531e-08, 1.55242474875e-07, 1.17778853337e-07, 6.94737920526e-08, 1.33697870552e-08, 1.49412198169e-08, 5.71654190651e-09, 8.40009484193e-09, 6.90852131058e-09, 7.20549175881e-09, 2.826465062e-09, 3.71117886422e-10, 1.67058838985e-10, 2.03871877713e-10, 1.01505838457e-10, 7.06724748167e-11, 5.07523155446e-11, 4.52466293599e-11, 7.43074074494e-11, 8.34175159503e-11, 4.53823228996e-11, 2.02823695339e-11, 1.51601214221e-11, 7.50428452018e-12, 4.03172243854e-12, 3.07770562508e-12, 3.20947717188e-12, 2.47132457727e-12, 2.233314228e-12, 2.30119048816e-12, 6.30528994901e-13, 4.50755806378e-13],
        "dvar2": [1.52283510033e-05, 2.8413365726e-05, 1.93986238628e-06, 5.2724735724e-06, 5.96271547693e-07, 2.80355777704e-07, 2.54985820902e-07, 1.16297542263e-07, 1.17700516e-07, 3.22947187215e-07, 2.31041809684e-07, 1.09177740626e-07, 2.21053522154e-08, 2.64095270097e-08, 1.07219015888e-08, 1.59331587923e-08, 1.3473478333e-08, 1.46788137201e-08, 4.69114036505e-09, 7.55278062314e-10, 3.53442469736e-10, 4.85905815584e-10, 2.22113993864e-10, 1.43605433101e-10, 1.20388615743e-10, 9.94408583255e-11, 1.4832121642e-10, 1.85277015952e-10, 9.93606169564e-11, 3.99616867375e-11, 3.0895726949e-11, 1.68910770787e-11, 8.10617285102e-12, 7.01433139003e-12, 6.81065360358e-12, 5.47108972709e-12, 4.77816874608e-12, 5.18908613995e-12, 1.34039600166e-12, 1.0164550408e-12],
        "max": [0.0255865827203, 0.0352249592543, 0.00992268417031, 0.018387766555, 0.00553798070177, 0.00597617728636, 0.00655335653573, 0.00342614459805, 0.00474815675989, 0.00621161842719, 0.00921186991036, 0.0054893088527, 0.00247483048588, 0.00352520798333, 0.00150981894694, 0.00197447417304, 0.00147988810204, 0.00140937196556, 0.00215568044223, 0.000346796936356, 0.000187282756087, 0.000271547352895, 0.000187031939276, 0.000168355341884, 9.49274108279e-05, 9.5627598057e-05, 0.000142903940286, 0.000148570092279, 9.2872804089e-05, 7.6731426816e-05, 8.20961868158e-05, 5.06135693286e-05, 3.41471895808e-05, 1.93953892449e-05, 2.32630009123e-05, 1.57524191309e-05, 2.13643506868e-05, 1.9906397938e-05, 1.28367246361e-05, 1.18010984806e-05],
        "mean": [0.00183095084503, 0.0041217864491, 0.00139698060229, 0.00119069672655, 0.000542535097338, 0.0003524273925, 0.000290972733637, 0.00021798608941, 0.000211921505979, 0.000328615104081, 0.00020553797367, 0.000244401308009, 0.00012087032519, 7.77331370045e-05, 5.32031372131e-05, 5.70011579839e-05, 7.10881940904e-05, 7.31410837034e-05, 4.36535156041e-05, 2.12248523894e-05, 1.68622027559e-05, 1.70747425727e-05, 1.3981556549e-05, 1.07918403955e-05, 6.83074040353e-06, 7.75197077019e-06, 1.0438147001e-05, 1.00623883554e-05, 5.6028943618e-06, 3.81473364541e-06, 2.92518075184e-06, 1.88184401395e-06, 2.37834387917e-06, 1.96163296096e-06, 1.53409678205e-06, 1.08245910724e-06, 1.13046792194e-06, 9.94186962089e-07, 6.59017416638e-07, 5.13927943757e-07],
        "median": [0.0004924609093, 0.00186799967196, 0.000978331896476, 0.000714940950274, 0.000293902936392, 0.000178666829015, 0.000131096399855, 0.00010394986748, 7.20118405297e-05, 8.15084204078e-05, 4.81792885694e-05, 5.70493066334e-05, 3.42335697496e-05, 1.9969402274e-05, 1.45689828059e-05, 1.61555290106e-05, 1.77334004547e-05, 1.58883231052e-05, 1.35102454806e-05, 9.28033750824e-06, 8.71314932738e-06, 8.78151058714e-06, 7.67282563174e-06, 5.64429865335e-06, 3.65832420357e-06, 3.48630783265e-06, 4.90618367621e-06, 5.07445474796e-06, 2.54218889495e-06, 1.22704830119e-06, 8.5773211822e-07, 7.51214088268e-07, 1.18201501209e-06, 1.03143906927e-06, 7.23579887563e-07, 4.27342826015e-07, 4.40667690782e-07, 4.32953214613e-07, 3.31999757464e-07, 2.35058593034e-07],
        "min": [1.25328824813e-23, 9.541106199e-24, 1.24752530367e-23, 1.15379087876e-23, 5.76431273624e-24, 1.8099502336e-24, 8.18919661154e-24, 6.39201724714e-24, 1.16588143431e-23, 7.54020863342e-24, 7.52149448616e-24, 1.05569705072e-23, 1.08961649192e-23, 1.02874175247e-23, 1.16576547176e-23, 1.30793958501e-23, 2.19609283465e-23, 1.29934715426e-23, 6.17532188964e-24, 1.46723379428e-23, 1.09635178633e-23, 1.0203552933e-23, 1.0426603354e-23, 8.41362438363e-24, 8.3170299435e-24, 8.82759492086e-24, 7.43212206763e-24, 7.82323772672e-24, 9.75621042405e-24, 1.18535012702e-23, 1.19312711226e-23, 8.99465278362e-24, 1.234426505e-23, 1.24082574466e-23, 9.75491984761e-24, 1.10191806776e-23, 1.22713829798e-23, 1.33581177629e-23, 9.51118864917e-24, 1.18864796004e-23],
        "var": [1.04174960143e-05, 2.99543062283e-05, 1.79600317551e-06, 2.34973663282e-06, 4.69874919418e-07, 2.50176157124e-07, 1.91321873899e-07, 1.08638374741e-07, 1.40486903888e-07, 3.79811211815e-07, 2.36014614075e-07, 2.66377668368e-07, 5.32435144862e-08, 4.49028547678e-08, 1.50354591e-08, 1.8511084221e-08, 2.07096064742e-08, 1.84804846981e-08, 1.00265946656e-08, 1.32247257589e-09, 4.86542806044e-10, 5.13881270869e-10, 3.05149516766e-10, 2.19734730411e-10, 8.41735570134e-11, 1.31281041593e-10, 2.61472454799e-10, 1.98227698145e-10, 7.32069058151e-11, 5.15409416535e-11, 3.77058037571e-11, 1.06500737049e-11, 1.11678487638e-11, 6.17961888258e-12, 5.64879306525e-12, 3.52511357778e-12, 3.62594741558e-12, 3.03715798171e-12, 1.0618497184e-12, 7.04204056179e-13]
    },
    "mfcc": {
        "mean": [-632.136535645, 124.428062439, 10.1709928513, 23.6001262665, 5.69707012177, 6.18461894989, 3.24598264694, 3.48098015785, -0.500741243362, 4.73058748245, -5.01887607574, -4.9822511673, -2.37202501297],
        "cov": [[3200.75390625, -140.673950195, -467.548126221, -165.592651367, -200.925628662, -33.1594810486, 29.797712326, 27.8665351868, 75.2280044556, 130.828781128, 13.3096399307, -72.1261825562, -83.8106079102], [-140.673950195, 613.350891113, -125.482398987, 11.0583963394, 14.9506473541, 27.6107521057, 92.0975646973, 40.0082397461, -4.32495927811, 46.4075737, 36.1835136414, 3.87845420837, 24.9425258636], [-467.548126221, -125.482398987, 604.246582031, 171.192230225, 102.263420105, 84.1408081055, 68.7311401367, 28.1518974304, -3.51891112328, -51.1788368225, 42.6632041931, 83.7717437744, 35.1945495605], [-165.592651367, 11.0583963394, 171.192230225, 329.454345703, 141.23210144, -0.562628388405, -12.0952978134, -24.2992401123, 32.4681587219, 5.60141658783, -29.4011192322, 30.2038478851, 64.4978027344], [-200.925628662, 14.9506473541, 102.263420105, 141.23210144, 285.489074707, 45.453037262, -37.0725212097, -20.9881362915, 32.4491271973, 52.9417419434, 11.906867981, -4.10348892212, 72.8381118774], [-33.1594810486, 27.6107521057, 84.1408081055, -0.562628388405, 45.453037262, 155.538909912, 73.0442886353, 23.0449066162, 21.9320316315, 12.1010446548, 40.3034858704, 12.6553926468, -19.4525566101], [29.797712326, 92.0975646973, 68.7311401367, -12.0952978134, -37.0725212097, 73.0442886353, 220.692062378, 83.8222427368, -5.79248142242, -0.538495838642, 21.2472839355, 24.263420105, -10.7623929977], [27.8665351868, 40.0082397461, 28.1518974304, -24.2992401123, -20.9881362915, 23.0449066162, 83.8222427368, 129.129852295, 22.5526542664, -3.33092999458, 11.7435922623, 3.296885252, 3.08539175987], [75.2280044556, -4.32495927811, -3.51891112328, 32.4681587219, 32.4491271973, 21.9320316315, -5.79248142242, 22.5526542664, 135.498764038, 49.2658538818, -6.09360694885, -11.8963441849, -8.77808380127], [130.828781128, 46.4075737, -51.1788368225, 5.60141658783, 52.9417419434, 12.1010446548, -0.538495838642, -3.33092999458, 49.2658538818, 146.032684326, 32.797958374, -29.9410610199, 9.12626361847], [13.3096399307, 36.1835136414, 42.6632041931, -29.4011192322, 11.906867981, 40.3034858704, 21.2472839355, 11.7435922623, -6.09360694885, 32.797958374, 115.393554688, 24.866973877, -1.07251977921], [-72.1261825562, 3.87845420837, 83.7717437744, 30.2038478851, -4.10348892212, 12.6553926468, 24.263420105, 3.296885252, -11.8963441849, -29.9410610199, 24.866973877, 110.940246582, 23.5607833862], [-83.8106079102, 24.9425258636, 35.1945495605, 64.4978027344, 72.8381118774, -19.4525566101, -10.7623929977, 3.08539175987, -8.77808380127, 9.12626361847, -1.07251977921, 23.5607833862, 124.962425232]],
