{
"lowlevel": {
    "average_loudness": 0.976620256901,
    "barkbands_crest": {
        "dmean": 3.3571870327,
        "dmean2": 5.10550260544,
        "dvar": 13.5258741379,
        "dvar2": 32.0340156555,
        "max": 26.2675132751,
        "mean": 16.6176719666,
        "median": 17.0401191711,
        "min": 3.48628640175,
        "var": 35.383682251
    },
    "barkbands_flatness_db": {
        "dmean": 0.0386732518673,
        "dmean2": 0.0515822172165,
        "dvar": 0.00130945362616,
        "dvar2": 0.00233780406415,
        "max": 0.395158886909,
        "mean": 0.213956579566,
        "median": 0.21379993856,
        "min": 0.0503533929586,
        "var": 0.00564241129905
    },
    "barkbands_kurtosis": {
        "dmean": 20.069475174,
        "dmean2": 28.4261932373,
        "dvar": 1490.3659668,
        "dvar2": 3077.66552734,
        "max": 404.238067627,
        "mean": 32.5264358521,
        "median": 16.3645019531,
        "min": -1.86058962345,
        "var": 2611.2644043
    },
    "barkbands_skewness": {
        "dmean": 1.39403688908,
        "dmean2": 1.89742493629,
        "dvar": 2.78102326393,
        "dvar2": 5.28465938568,
        "max": 18.9959259033,
        "mean": 4.23391771317,
        "median": 3.64479351044,
        "min": -1.69934248924,
        "var": 8.44856357574
    },
    "barkbands_spread": {
        "dmean": 9.79401302338,
        "dmean2": 13.7507791519,
        "dvar": 186.31652832,
        "dvar2": 360.282836914,
        "max": 107.399429321,
        "mean": 18.9373855591,
        "median": 10.1368608475,
        "min": 0.614467859268,
        "var": 473.746063232
    },
    "dissonance": {
        "dmean": 0.0256542302668,
        "dmean2": 0.0426588095725,
        "dvar": 0.000542414200027,
        "dvar2": 0.0014130664058,
        "max": 0.500000059605,
        "mean": 0.448043107986,
        "median": 0.456526339054,
        "min": 0.269851744175,
        "var": 0.00141691358294
    },
    "dynamic_complexity": 1.93745672703,
    "erbbands_crest": {
        "dmean": 2.90297818184,
        "dmean2": 4.56381988525,
        "dvar": 7.01510334015,
        "dvar2": 16.0206279755,
        "max": 24.9595279694,
        "mean": 9.2625246048,
        "median": 8.33826065063,
        "min": 2.60956978798,
        "var": 19.6054801941
    },
    "erbbands_flatness_db": {
        "dmean": 0.0209192428738,
        "dmean2": 0.0314740203321,
        "dvar": 0.000518796441611,
        "dvar2": 0.00110309221782,
        "max": 0.290822118521,
        "mean": 0.119208328426,
        "median": 0.110883541405,
        "min": 0.0360782667994,
        "var": 0.00160926976241
    },
    "erbbands_kurtosis": {
        "dmean": 1.53523981571,
        "dmean2": 2.41391348839,
        "dvar": 4.71292448044,
        "dvar2": 10.2910814285,
        "max": 27.7012214661,
        "mean": 1.1211155653,
        "median": 0.398306965828,
        "min": -1.83376669884,
        "var": 8.3584280014
    },
    "erbbands_skewness": {
        "dmean": 0.52847713232,
        "dmean2": 0.747005045414,
        "dvar": 0.223806411028,
        "dvar2": 0.45316028595,
        "max": 4.6730465889,
        "mean": 0.791762948036,
        "median": 0.869756579399,
        "min": -2.07424855232,
        "var": 0.680149018764
    },
    "erbbands_spread": {
        "dmean": 18.8914012909,
        "dmean2": 29.1166648865,
        "dvar": 406.817657471,
        "dvar2": 803.704040527,
        "max": 182.757080078,
        "mean": 68.301361084,
        "median": 65.0741271973,
        "min": 4.32469034195,
        "var": 1277.02416992
    },
    "hfc": {
        "dmean": 19.1071796417,
        "dmean2": 30.5502738953,
        "dvar": 723.263305664,
        "dvar2": 1916.35705566,
        "max": 171.888717651,
        "mean": 29.3939857483,
        "median": 18.9948577881,
        "min": 1.17670941998e-16,
        "var": 841.073303223
    },
    "melbands_crest": {
        "dmean": 3.63929319382,
        "dmean2": 5.05550146103,
        "dvar": 12.7304935455,
        "dvar2": 24.2877120972,
        "max": 34.8858642578,
        "mean": 22.5617141724,
        "median": 22.5047836304,
        "min": 2.08498358727,
        "var": 48.2512207031
    },
    "melbands_flatness_db": {
        "dmean": 0.0429111756384,
        "dmean2": 0.0550245419145,
        "dvar": 0.0015423205914,
        "dvar2": 0.00247729523107,
        "max": 0.516842722893,
        "mean": 0.300223946571,
        "median": 0.30301630497,
        "min": 0.00653194170445,
        "var": 0.00814222544432
    },
    "melbands_kurtosis": {
        "dmean": 49.5046730042,
        "dmean2": 71.6600570679,
        "dvar": 9054.390625,
        "dvar2": 18666.8144531,
        "max": 1631.94812012,
        "mean": 94.9302368164,
        "median": 53.4630661011,
        "min": -1.24275100231,
        "var": 17505.5527344
    },
    "melbands_skewness": {
        "dmean": 1.81168246269,
        "dmean2": 2.55559539795,
        "dvar": 4.13459396362,
        "dvar2": 7.84740018845,
        "max": 32.9720878601,
        "mean": 6.70620107651,
        "median": 5.69618940353,
        "min": -0.0935251116753,
        "var": 16.0659313202
    },
    "melbands_spread": {
        "dmean": 5.54341983795,
        "dmean2": 7.72746992111,
        "dvar": 137.302536011,
        "dvar2": 311.419525146,
        "max": 142.014328003,
        "mean": 10.319237709,
        "median": 5.33362197876,
        "min": 0.379721015692,
        "var": 262.42086792
    },
    "pitch_salience": {
        "dmean": 0.109374895692,
        "dmean2": 0.171043604612,
        "dvar": 0.015832843259,
        "dvar2": 0.0377582423389,
        "max": 0.881883502007,
        "mean": 0.367178142071,
        "median": 0.359032511711,
        "min": 0.0312937945127,
        "var": 0.0334734022617
    },
    "silence_rate_20dB": {
        "dmean": 0.00515729747713,
        "dmean2": 0.0103199174628,
        "dvar": 0.00513072032481,
        "dvar2": 0.0153734255582,
        "max": 1,
        "mean": 0.99742269516,
        "median": 1,
        "min": 0,
        "var": 0.00257068336941
    },
    "silence_rate_30dB": {
        "dmean": 0.138215571642,
        "dmean2": 0.276573777199,
        "dvar": 0.119112744927,
        "dvar2": 0.237236052752,
        "max": 1,
        "mean": 0.690206170082,
        "median": 1,
        "min": 0,
        "var": 0.213822484016
    },
    "silence_rate_60dB": {
        "dmean": 0.00979886576533,
        "dmean2": 0.0196078438312,
        "dvar": 0.00970277376473,
        "dvar2": 0.0274794716388,
        "max": 1,
        "mean": 0.00670103076845,
        "median": 0,
        "min": 0,
        "var": 0.00665607210249
    },
    "spectral_centroid": {
        "dmean": 350.485351562,
        "dmean2": 496.326202393,
        "dvar": 215886.640625,
        "dvar2": 406498.9375,
        "max": 11334.9541016,
        "mean": 892.710754395,
        "median": 616.45703125,
        "min": 168.357940674,
        "var": 531668.3125
    },
    "spectral_complexity": {
        "dmean": 3.84270238876,
        "dmean2": 5.78844165802,
        "dvar": 27.4703197479,
        "dvar2": 47.6921653748,
        "max": 51,
        "mean": 11.9768037796,
        "median": 10,
        "min": 0,
        "var": 58.459854126
    },
    "spectral_decrease": {
        "dmean": 1.01631751903e-08,
        "dmean2": 1.3254962461e-08,
        "dvar": 1.27344296484e-16,
        "dvar2": 2.87407437547e-16,
        "max": -1.79269200435e-29,
        "mean": -2.32605721351e-08,
        "median": -1.56274531093e-08,
        "min": -9.35174782057e-08,
        "var": 4.68960003006e-16
    },
    "spectral_energy": {
        "dmean": 0.039457347244,
        "dmean2": 0.051988363266,
        "dvar": 0.00185689434875,
        "dvar2": 0.00424966728315,
        "max": 0.355604916811,
        "mean": 0.0904568135738,
        "median": 0.0617703311145,
        "min": 1.07407633472e-20,
        "var": 0.00679858587682
    },
    "spectral_energyband_high": {
        "dmean": 0.00158861582167,
        "dmean2": 0.00252861599438,
        "dvar": 6.95760036251e-06,
        "dvar2": 1.77114488906e-05,
        "max": 0.015941536054,
        "mean": 0.00195757369511,
        "median": 0.000712108390871,
        "min": 7.66881003823e-21,
        "var": 8.05638501333e-06
    },
    "spectral_energyband_low": {
        "dmean": 0.031957693398,
        "dmean2": 0.0393982119858,
        "dvar": 0.00165484636091,
        "dvar2": 0.00308223627508,
        "max": 0.352568358183,
        "mean": 0.0730037987232,
        "median": 0.0453347712755,
        "min": 3.06002931668e-23,
        "var": 0.00635250192136
    },
    "spectral_energyband_middle_high": {
        "dmean": 0.000851491757203,
        "dmean2": 0.00131698721088,
        "dvar": 1.97185863726e-06,
        "dvar2": 4.6242762437e-06,
        "max": 0.0191936548799,
        "mean": 0.00166380556766,
        "median": 0.000955307856202,
        "min": 1.53303759857e-21,
        "var": 3.64885477211e-06
    },
    "spectral_energyband_middle_low": {
        "dmean": 0.0141724878922,
        "dmean2": 0.0236408337951,
        "dvar": 0.000586834037676,
        "dvar2": 0.00158991641365,
        "max": 0.19434081018,
        "mean": 0.0152795761824,
        "median": 0.00670124404132,
        "min": 3.1967854859e-22,
        "var": 0.00053655722877
    },
    "spectral_entropy": {
        "dmean": 0.322436720133,
        "dmean2": 0.436683833599,
        "dvar": 0.10389983654,
        "dvar2": 0.19140201807,
        "max": 9.8079662323,
        "mean": 7.54833221436,
        "median": 7.59901428223,
        "min": 5.76593875885,
        "var": 0.367456912994
    },
    "spectral_flux": {
        "dmean": 0.0595425665379,
        "dmean2": 0.0880482643843,
        "dvar": 0.00416844990104,
        "dvar2": 0.00862478464842,
        "max": 0.471570760012,
        "mean": 0.129759803414,
        "median": 0.106123097241,
        "min": 1.03637654014e-10,
        "var": 0.00835634022951
    },
    "spectral_kurtosis": {
        "dmean": 1.49626100063,
        "dmean2": 2.35583639145,
        "dvar": 4.69974374771,
        "dvar2": 10.8908262253,
        "max": 37.5568618774,
        "mean": 2.81144285202,
        "median": 1.65041875839,
        "min": -1.23472476006,
        "var": 10.4722423553
    },
    "spectral_rms": {
        "dmean": 0.00204208865762,
        "dmean2": 0.00263393484056,
        "dvar": 3.52788038072e-06,
        "dvar2": 8.01837359177e-06,
        "max": 0.018626101315,
        "mean": 0.00845369882882,
        "median": 0.00776297226548,
        "min": 3.2370965717e-12,
        "var": 1.6785621483e-05
    },
    "spectral_rolloff": {
        "dmean": 770.75390625,
        "dmean2": 1257.28308105,
        "dvar": 3732570,
        "dvar2": 8010024.5,
        "max": 18841.5527344,
        "mean": 1025.32739258,
        "median": 236.865234375,
        "min": 64.599609375,
        "var": 5768144.5
    },
    "spectral_skewness": {
        "dmean": 0.307183891535,
        "dmean2": 0.442904859781,
        "dvar": 0.107692375779,
        "dvar2": 0.188664615154,
        "max": 4.41949319839,
        "mean": 1.52601468563,
        "median": 1.40221095085,
        "min": -0.0546742193401,
        "var": 0.416833519936
    },
    "spectral_spread": {
        "dmean": 1422563.125,
        "dmean2": 2097224.5,
        "dvar": 2.69881206374e+12,
        "dvar2": 4.7844121641e+12,
        "max": 40444168,
        "mean": 8006358.5,
        "median": 8047185.5,
        "min": 1262921.375,
        "var": 6.63174722355e+12
    },
    "spectral_strongpeak": {
        "dmean": 0.280385047197,
        "dmean2": 0.419022232294,
        "dvar": 0.0929636508226,
        "dvar2": 0.257885068655,
        "max": 3.37254834175,
        "mean": 0.742261469364,
        "median": 0.739886701107,
        "min": 0,
        "var": 0.154340311885
    },
    "zerocrossingrate": {
        "dmean": 0.0207578707486,
        "dmean2": 0.0218340829015,
        "dvar": 0.000717934803106,
        "dvar2": 0.000942652637605,
        "max": 0.4951171875,
        "mean": 0.0533142723143,
        "median": 0.03466796875,
        "min": 0.00146484375,
        "var": 0.00292336335406
    },
    "barkbands": {
        "dmean": [0.000903865555301, 0.0276235379279, 0.00721315387636, 0.00450008828193, 0.00838814117014, 0.000941641454119, 0.00097507413011, 0.00057955714874, 0.000381471589208, 0.000312011834467, 0.000180098810233, 0.000103181926534, 0.000120581105875, 6.18431222392e-05, 4.31425905845e-05, 4.69231927127e-05, 6.2054641603e-05, 4.85049422423e-05, 8.82015956449e-05, 0.000119234857266, 0.000167916849023, 0.00016059524205, 0.000200835813303, 0.000314725359203, 0.000424416619353, 0.000334486103384, 2.37904769165e-05],
        "dmean2": [0.00125420710538, 0.0352344959974, 0.0110111050308, 0.00787349045277, 0.0142597258091, 0.00164729624521, 0.00172033405397, 0.000940092082601, 0.000589259841945, 0.00050943554379, 0.00026754650753, 0.000167657388374, 0.000194042397197, 0.000107179417682, 7.07213039277e-05, 7.82126153354e-05, 0.000105761224404, 7.74545769673e-05, 0.000144241988892, 0.000182947609574, 0.000271574885119, 0.000258814950939, 0.000321086117765, 0.000485254102387, 0.00068950880086, 0.00056794291595, 4.54082655779e-05],
        "dvar": [1.9743977191e-06, 0.00186095025856, 0.000184096992598, 7.63634525356e-05, 0.000293010205496, 3.08803646476e-06, 3.23898325405e-06, 1.2027306866e-06, 7.47349361063e-07, 6.17343744125e-07, 1.00782976631e-07, 5.4616354106e-08, 4.79627288996e-08, 1.19235359364e-08, 6.70808786296e-09, 1.96893878979e-08, 1.36301272491e-08, 6.88761403467e-09, 2.63399133615e-08, 9.69123448158e-08, 1.43473897651e-07, 7.4740682976e-08, 1.2055917864e-07, 2.67715819291e-07, 6.41829046799e-07, 4.42558928171e-07, 1.03264881091e-08],
        "dvar2": [3.81050199394e-06, 0.00332843628712, 0.000458828842966, 0.000205945209018, 0.000807374075521, 8.54502741277e-06, 8.92432399269e-06, 3.16602017847e-06, 1.39944927469e-06, 1.48838091718e-06, 2.34697637325e-07, 1.31120728497e-07, 1.05221644731e-07, 3.03445304439e-08, 1.70901675034e-08, 5.46810206004e-08, 3.63277976589e-08, 1.646763792e-08, 6.77722198361e-08, 2.15234649659e-07, 3.58023356739e-07, 1.89037606901e-07, 3.12793588364e-07, 6.55992266729e-07, 1.6772850131e-06, 1.17580202641e-06, 2.98639797336e-08],
        "max": [0.0123611269519, 0.337390452623, 0.125309109688, 0.0519875138998, 0.137168332934, 0.0170082952827, 0.0193556435406, 0.0140278395265, 0.0146882999688, 0.0186672359705, 0.0035747452639, 0.00339812459424, 0.00412519462407, 0.0009050660301, 0.000907378969714, 0.00324430479668, 0.00141583627556, 0.000921945902519, 0.0029236075934, 0.00320586073212, 0.00377374584787, 0.00306384731084, 0.00251748296432, 0.00355689413846, 0.00559136457741, 0.0036485393066, 0.000967492873315],
        "mean": [0.00164978136308, 0.0572466291487, 0.0127695808187, 0.0033418177627, 0.00686471769586, 0.00138044450432, 0.00160290009808, 0.0010166548891, 0.000860238273162, 0.000665229861625, 0.000277066021226, 0.000107501313323, 0.000199702102691, 8.49564385135e-05, 5.38481945114e-05, 5.89680785197e-05, 7.26910220692e-05, 7.44755816413e-05, 0.000114319838758, 0.000129215914058, 0.000208173471037, 0.000204446580028, 0.000263741036179, 0.000407512852689, 0.000474276399473, 0.000314497854561, 1.35286209115e-05],
        "median": [0.000230011937674, 0.0240740738809, 0.004378862679, 0.000383603561204, 0.000750507344492, 0.000703369558323, 0.000946433050558, 0.00044058993808, 0.000218760265852, 0.000269658106845, 0.000103022481198, 3.15501347359e-05, 7.16201539035e-05, 3.94024900743e-05, 2.49559343501e-05, 2.41008619923e-05, 3.03096312564e-05, 4.17414958065e-05, 4.41609772679e-05, 3.34700089297e-05, 5.29647622898e-05, 5.6479984778e-05, 0.000111319954158, 0.000178089903784, 0.000186146731721, 6.6462016548e-05, 1.06096242902e-08],
        "min": [2.49838362356e-24, 1.34899600859e-23, 1.32259267632e-23, 5.36036349352e-24, 4.59382861409e-23, 6.15523614993e-23, 3.07427362027e-23, 1.17871482862e-22, 5.41587027116e-23, 5.02607768959e-23, 8.59039170418e-23, 1.91552429318e-22, 1.26694065361e-22, 8.86854342827e-23, 1.34447116555e-22, 1.34163757718e-22, 1.70277241979e-22, 2.00033479221e-22, 2.4395474269e-22, 2.92766300062e-22, 5.12342363016e-22, 7.07776959865e-22, 5.56714009265e-22, 8.68349912667e-22, 1.41448662248e-21, 1.45631982793e-21, 2.26085990531e-21],
        "var": [6.62658794681e-06, 0.0062558716163, 0.000319854298141, 5.64399051655e-05, 0.000241867921432, 3.41787495017e-06, 3.90241666537e-06, 2.1110176931e-06, 3.72788258574e-06, 1.69457393895e-06, 1.78375188398e-07, 6.36802681697e-08, 1.03944181262e-07, 1.33730555518e-08, 7.86319542811e-09, 1.60698352403e-08, 1.26442358805e-08, 1.00805364056e-08, 3.02281577547e-08, 1.04797557299e-07, 1.72349189143e-07, 1.1091584895e-07, 1.51375203927e-07, 3.67804432244e-07, 5.93469223986e-07, 3.75779308115e-07, 5.67009816876e-09]
    },
    "erbbands": {
        "dmean": [0.948299944401, 6.12190485001, 8.80289936066, 11.0906934738, 29.6231651306, 23.6031589508, 9.34750175476, 7.50776767731, 11.2929649353, 17.5366268158, 9.61102962494, 7.88005399704, 11.3078784943, 7.04596233368, 6.37233161926, 4.0776758194, 5.60161495209, 3.68454217911, 2.49293398857, 1.9864410162, 3.04969215393, 3.2323153019, 2.70346474648, 2.87223219872, 5.29570198059, 6.09894371033, 7.78634500504, 4.83268785477, 4.76256895065, 8.15812110901, 5.04521274567, 6.28981685638, 5.63662624359, 4.45264148712, 2.83785486221, 1.77567005157, 0.632241547108, 0.0908321961761, 0.00285654934123, 0.000111509601993],
        "dmean2": [0.985987782478, 8.60142040253, 12.9150037766, 18.8935146332, 50.2198104858, 41.1976661682, 16.3909645081, 13.4189462662, 20.0127773285, 29.567905426, 15.9906177521, 12.8182411194, 17.2278747559, 11.0479364395, 9.83526992798, 6.4764380455, 8.93059158325, 6.2901134491, 4.14202213287, 3.17650079727, 5.1856803894, 5.52699375153, 4.37218427658, 4.69099140167, 8.54589557648, 9.70684146881, 12.537560463, 7.67552375793, 7.6622633934, 13.4853563309, 7.8713965416, 9.85894584656, 8.83511257172, 6.96647548676, 4.66319322586, 2.96816730499, 1.0928747654, 0.164125680923, 0.00525468681008, 0.000182197560207],
        "dvar": [2.59806370735, 90.4764862061, 189.702590942, 439.852539062, 3140.4621582, 2855.24389648, 402.290710449, 200.644561768, 449.878265381, 908.735778809, 432.050720215, 284.113189697, 710.202636719, 157.635192871, 138.325119019, 75.5634384155, 109.43245697, 40.6633300781, 18.2944698334, 15.3353223801, 79.5390319824, 43.3311691284, 20.5862636566, 27.4587402344, 106.084838867, 300.339019775, 488.01260376, 73.2725219727, 72.0998382568, 268.054229736, 61.3325920105, 102.391708374, 89.8199996948, 58.0524024963, 29.7455120087, 12.4060153961, 1.81894695759, 0.0742727667093, 0.000108105574327, 3.83740541565e-08],
        "dvar2": [2.95685982704, 208.10446167, 459.615875244, 1220.24304199, 8234.35058594, 8155.89941406, 1105.30456543, 578.618469238, 1254.6373291, 2400.75927734, 1131.30957031, 653.343322754, 1589.70922852, 351.853088379, 325.897613525, 178.7915802, 238.88470459, 103.641044617, 45.1325912476, 39.1359519958, 222.203811646, 115.247436523, 51.71484375, 68.0213851929, 269.03604126, 727.704650879, 1205.61279297, 186.709472656, 181.914108276, 707.524047852, 151.09286499, 256.435302734, 219.665115356, 147.831039429, 77.7061691284, 32.9643363953, 4.87031269073, 0.210709288716, 0.000310806557536, 1.13107176958e-07],
        "max": [14.5730199814, 71.2582092285, 129.069519043, 172.522659302, 428.970550537, 722.299499512, 268.25592041, 144.073410034, 217.799316406, 420.485137939, 221.937072754, 215.511856079, 443.736419678, 236.195907593, 168.807876587, 124.475013733, 172.39225769, 58.2120857239, 43.7779350281, 64.1535415649, 202.930175781, 83.7724075317, 48.4047775269, 79.2742462158, 182.993911743, 166.94241333, 232.167266846, 120.964759827, 124.008880615, 133.703979492, 73.2507858276, 81.6305389404, 65.6507797241, 60.7634963989, 35.9340400696, 22.9521160126, 8.11050605774, 2.52590060234, 0.0965532287955, 0.00190175988246],
        "mean": [2.00986266136, 11.3303356171, 16.663646698, 11.8738059998, 23.3645515442, 19.5150566101, 10.2831287384, 11.3569097519, 19.4214305878, 29.985748291, 16.1518745422, 15.8655157089, 26.2279224396, 15.6560659409, 9.53666400909, 4.77074956894, 9.63221168518, 5.39407730103, 3.3835773468, 2.59600043297, 3.75601744652, 3.87126541138, 4.1821603775, 3.70149326324, 7.18455648422, 6.21683120728, 8.24456691742, 7.03079032898, 6.4298324585, 9.25103282928, 7.16650342941, 8.37709999084, 6.86718893051, 5.4425868988, 3.08389544487, 1.76821267605, 0.546131312847, 0.0620601475239, 0.00189388077706, 0.000160354073159],
        "median": [0.380482316017, 5.82483386993, 10.5698308945, 4.91572380066, 1.83742058277, 3.05794811249, 4.42975091934, 6.09171676636, 10.4446086884, 15.6768426895, 8.35907459259, 5.70182514191, 8.45240783691, 7.07081413269, 4.369140625, 1.79136633873, 3.40021514893, 2.84123086929, 1.75733280182, 1.15620827675, 1.62164640427, 1.69081139565, 2.32981944084, 1.41221261024, 2.90762042999, 1.74134159088, 1.34775614738, 2.49331521988, 1.85434222221, 2.94382858276, 3.06996464729, 3.85209608078, 2.63330554962, 2.21221137047, 1.18788802624, 0.466109365225, 0.0887047499418, 0.00446959398687, 0.000178943068022, 9.98973700916e-05],
        "min": [1.87802525362e-22, 4.00147409632e-21, 1.73457722657e-20, 1.18961731042e-20, 4.71518281561e-20, 1.8067872183e-19, 5.50137973074e-19, 3.05297604089e-19, 2.65555091174e-19, 1.32011067107e-18, 2.50234584366e-18, 1.2029404339e-18, 1.57228164389e-18, 2.82952038454e-18, 5.94260283256e-18, 5.0211612669e-18, 3.77291842559e-18, 7.56912033107e-18, 4.90730647302e-18, 5.91832342722e-18, 8.71561830267e-18, 9.36186060085e-18, 1.28639009505e-17, 1.03874255941e-17, 1.39546031082e-17, 1.41649700272e-17, 1.62951338125e-17, 2.10625230985e-17, 2.42705693964e-17, 1.90575894949e-17, 1.61781307692e-17, 1.44481271858e-17, 1.85301460491e-17, 1.67362824681e-17, 8.68871342606e-18, 5.51825917832e-18, 2.41617947322e-18, 1.2161583665e-18, 3.17009550985e-19, 3.45949162649e-20],
        "var": [11.1785020828, 207.294723511, 337.426696777, 347.941558838, 2709.59057617, 2202.23510742, 334.057098389, 213.622802734, 594.968566895, 1431.73620605, 564.200012207, 704.992248535, 2607.61865234, 501.037078857, 192.518188477, 89.4478378296, 232.649612427, 49.1617355347, 23.1257095337, 17.3034877777, 62.1135673523, 39.3745040894, 29.8180809021, 32.9393844604, 127.159622192, 275.390167236, 468.056213379, 117.473083496, 123.492881775, 260.021514893, 103.591575623, 145.067214966, 119.912971497, 66.6385421753, 26.7387828827, 10.7944288254, 1.42096579075, 0.0455513894558, 6.23075902695e-05, 3.43390595958e-08]
    },
    "gfcc": {
        "mean": [13.702542305, 74.9997253418, -57.9095115662, 39.2097816467, -65.7294311523, 34.7825393677, -33.8022918701, 27.5341205597, -19.4104976654, 9.8047952652, -10.3730726242, 2.39514732361, -11.7269849777],
        "cov": [[3754.06518555, -989.534057617, 267.83581543, 284.280578613, -0.82451993227, -51.5798606873, 17.3773651123, -48.8182792664, -391.410095215, 132.351928711, -386.871948242, 144.663604736, -169.946090698], [-989.534057617, 1858.27832031, -240.5546875, -146.007095337, 117.610496521, -21.283159256, -21.0135955811, -197.858764648, 180.912033081, -247.515853882, 242.472976685, -237.63180542, 205.982208252], [267.83581543, -240.5546875, 491.745758057, 144.982666016, 132.662948608, 44.1716156006, 62.2840042114, 49.0378570557, -20.2509346008, 6.6402964592, -97.7505722046, 46.649017334, -80.5956344604], [284.280578613, -146.007095337, 144.982666016, 301.318756104, 104.165855408, 58.7842445374, 57.4698448181, 14.7753744125, -54.1515922546, -12.3445730209, -71.5257797241, -37.2106819153, -28.1510486603], [-0.82451993227, 117.610496521, 132.662948608, 104.165855408, 237.072280884, 103.214149475, 129.686508179, 37.7228126526, 45.4066810608, -8.69207382202, 17.6846942902, -24.9255886078, 19.9877338409], [-51.5798606873, -21.283159256, 44.1716156006, 58.7842445374, 103.214149475, 179.734222412, 134.760787964, 97.9363327026, 63.8036842346, 26.545835495, 52.6495018005, 6.46893596649, 38.3685302734], [17.3773651123, -21.0135955811, 62.2840042114, 57.4698448181, 129.686508179, 134.760787964, 231.917190552, 120.63293457, 96.0081863403, 32.6387748718, 36.5853805542, 13.2742204666, 68.0037536621], [-48.8182792664, -197.858764648, 49.0378570557, 14.7753744125, 37.7228126526, 97.9363327026, 120.63293457, 170.364349365, 91.0531997681, 61.8433647156, 24.7350635529, 37.7861976624, 24.7537288666], [-391.410095215, 180.912033081, -20.2509346008, -54.1515922546, 45.4066810608, 63.8036842346, 96.0081863403, 91.0531997681, 217.505371094, 75.583770752, 142.916931152, 13.4000015259, 75.082901001], [132.351928711, -247.515853882, 6.6402964592, -12.3445730209, -8.69207382202, 26.545835495, 32.6387748718, 61.8433647156, 75.583770752, 160.321151733, 80.6859512329, 85.3611526489, 4.06139707565], [-386.871948242, 242.472976685, -97.7505722046, -71.5257797241, 17.6846942902, 52.6495018005, 36.5853805542, 24.7350635529, 142.916931152, 80.6859512329, 218.013824463, 42.6749687195, 96.7733764648], [144.663604736, -237.63180542, 46.649017334, -37.2106819153, -24.9255886078, 6.46893596649, 13.2742204666, 37.7861976624, 13.4000015259, 85.3611526489, 42.6749687195, 129.961578369, 32.8655281067], [-169.946090698, 205.982208252, -80.5956344604, -28.1510486603, 19.9877338409, 38.3685302734, 68.0037536621, 24.7537288666, 75.082901001, 4.06139707565, 96.7733764648, 32.8655281067, 158.842758179]],
        "icov": [[0.000556969433092, -0.000363195053069, 9.23172701732e-05, -0.00026610319037, 6.20938735665e-05, -0.000146325386595, -0.000463911506813, 0.000190193328308, 0.00106004765257, -0.00187711662147, 0.00158211600501, -0.000779896217864, 7.46617433833e-06], [-0.000363195053069, 0.00289062247612, -0.000603068969212, 0.00111075548921, -0.000885573565029, 0.000578451144975, 0.000472258601803, 0.00239196280017, -0.00239876215346, 0.00470661278814, -0.00425675138831, 0.0043789348565, -0.00214854255319], [9.23172701732e-05, -0.000603068969212, 0.00447557866573, -0.00185764743946, -0.00205726642162, -0.00012388957839, 8.28300981084e-05, -0.000287307106191, -0.00209536892362, 0.00140827940777, 0.00293125049211, -0.00623368518427, 0.00357897137292], [-0.00026610319037, 0.00111075548921, -0.00185764743946, 0.00615876261145, -0.00146707193926, -0.000954410410486, 0.000180310627911, 0.000641685444862, 0.00185069220606, -0.00121780985501, -0.000940579280723, 0.00595486536622, -0.00284092873335], [6.20938735665e-05, -0.000885573565029, -0.00205726642162, -0.00146707193926, 0.00954902078956, -0.00247148773633, -0.00432346155867, 0.00192233698908, 0.000397406896809, -0.00086975999875, -0.00044330584933, 0.000949350651354, 0.000765805365518], [-0.000146325386595, 0.000578451144975, -0.00012388957839, -0.000954410410486, -0.00247148773633, 0.0139373131096, -0.0041763773188, -0.00568167306483, 0.00267792260274, 0.00246922718361, -0.00644008815289, 0.00194976327475, 0.000670353765599], [-0.000463911506813, 0.000472258601803, 8.28300981084e-05, 0.000180310627911, -0.00432346155867, -0.0041763773188, 0.0136148678139, -0.00414805579931, -0.00336578977294, 0.000404999183957, 0.00219381623901, 0.00113369722385, -0.00465481635183], [0.000190193328308, 0.00239196280017, -0.000287307106191, 0.000641685444862, 0.00192233698908, -0.00568167306483, -0.00414805579931, 0.0181868504733, -0.00796927791089, 0.000956205651164, 0.00290361465886, -0.000316479476169, -0.000819198729005], [0.00106004765257, -0.00239876215346, -0.00209536892362, 0.00185069220606, 0.000397406896809, 0.00267792260274, -0.00336578977294, -0.00796927791089, 0.0194807779044, -0.0112079121172, -0.00364921498112, 0.00546088023111, -0.0023327623494], [-0.00187711662147, 0.00470661278814, 0.00140827940777, -0.00121780985501, -0.00086975999875, 0.00246922718361, 0.000404999183957, 0.000956205651164, -0.0112079121172, 0.029159149155, -0.0139471944422, -0.00565052125603, 0.00579619966447], [0.00158211600501, -0.00425675138831, 0.00293125049211, -0.000940579280723, -0.00044330584933, -0.00644008815289, 0.00219381623901, 0.00290361465886, -0.00364921498112, -0.0139471944422, 0.0243647675961, -0.00965338852257, -0.00201209587976], [-0.000779896217864, 0.0043789348565, -0.00623368518427, 0.00595486536622, 0.000949350651354, 0.00194976327475, 0.00113369722385, -0.000316479476169, 0.00546088023111, -0.00565052125603, -0.00965338852257, 0.0300313141197, -0.0124161485583], [7.46617433833e-06, -0.00214854255319, 0.00357897137292, -0.00284092873335, 0.000765805365518, 0.000670353765599, -0.00465481635183, -0.000819198729005, -0.0023327623494, 0.00579619966447, -0.00201209587976, -0.0124161485583, 0.0170136261731]]
    },
    "melbands": {
        "dmean": [0.00799037981778, 0.00534173147753, 0.00242635025643, 0.00214481935836, 0.000409222702729, 0.00017149958876, 0.000182224583114, 0.000181090726983, 7.08037696313e-05, 5.22496156918e-05, 5.78487597522e-05, 3.10410032398e-05, 2.47928583121e-05, 1.15141037895e-05, 1.16465544124e-05, 1.21220773508e-05, 6.4849705268e-06, 4.15650401919e-06, 3.059177061e-06, 2.77044478025e-06, 3.92384072256e-06, 3.75003537556e-06, 2.47982916335e-06, 2.64210780188e-06, 2.31421267927e-06, 3.66217955161e-06, 3.77693004339e-06, 4.26942506238e-06, 5.07663344251e-06, 4.24040626967e-06, 2.52760719377e-06, 2.33290847973e-06, 4.07336619901e-06, 4.75670503874e-06, 2.86899080493e-06, 3.02678472508e-06, 4.34427829532e-06, 3.89844626625e-06, 3.60616286343e-06, 4.03713556807e-06],
        "dmean2": [0.00953110679984, 0.00752779282629, 0.00401249853894, 0.00367001141421, 0.000713061308488, 0.000304530170979, 0.00032251648372, 0.000300159008475, 0.000117832525575, 8.20514833322e-05, 8.83898392203e-05, 4.95497697557e-05, 3.73614311684e-05, 1.85596218216e-05, 1.84519067261e-05, 1.97907156689e-05, 1.12541556518e-05, 7.04880994817e-06, 4.98386725667e-06, 4.55518966191e-06, 6.6967127168e-06, 6.45330328553e-06, 4.12603367295e-06, 4.31806893175e-06, 3.8355660763e-06, 6.02673844696e-06, 6.0053348534e-06, 6.86843623043e-06, 8.19078650238e-06, 6.81975325278e-06, 4.15139038523e-06, 3.75861282009e-06, 6.69561586619e-06, 7.87823501014e-06, 4.50192010248e-06, 4.80826429339e-06, 6.81929350321e-06, 6.16667239228e-06, 5.60973649044e-06, 6.39799600322e-06],
        "dvar": [0.000174116459675, 4.80225571664e-05, 1.7079331883e-05, 1.89580896404e-05, 8.70066685366e-07, 1.00961891292e-07, 1.16566688746e-07, 9.7326960713e-08, 2.25322409619e-08, 1.42205704989e-08, 1.91644051739e-08, 3.61683549777e-09, 1.90584859006e-09, 6.54904575015e-10, 5.64297664152e-10, 5.60853419262e-10, 1.26638768916e-10, 5.02569409699e-11, 3.91098646524e-11, 4.61502849824e-11, 1.14939981144e-10, 5.5648218672e-11, 1.8930110951e-11, 1.96456600987e-11, 1.85138241543e-11, 4.21524759542e-11, 6.75396058525e-11, 1.77393225109e-10, 2.53207205203e-10, 7.4406841799e-11, 2.08489458337e-11, 1.85800107938e-11, 5.8748894638e-11, 9.33420077343e-11, 1.93189301362e-11, 2.33446525999e-11, 4.64896281194e-11, 4.53553375412e-11, 3.14392921419e-11, 5.25678701957e-11],
        "dvar2": [0.000263123365585, 0.000118354291772, 4.66658020741e-05, 5.20630965184e-05, 2.45624073614e-06, 2.87394527732e-07, 3.25937605794e-07, 2.55607375266e-07, 5.81122812093e-08, 3.01213951559e-08, 4.31228208697e-08, 8.21807066842e-09, 4.53915927068e-09, 1.53995660668e-09, 1.22366328181e-09, 1.24975707561e-09, 3.28099519775e-10, 1.2370954261e-10, 9.94603566173e-11, 1.25367299875e-10, 3.19558157713e-10, 1.48458356719e-10, 4.90939268405e-11, 4.92318061318e-11, 4.66885557993e-11, 1.08054655501e-10, 1.67792557626e-10, 4.36103125834e-10, 6.21560303227e-10, 1.90068613626e-10, 5.59247578802e-11, 4.72654554384e-11, 1.51412229976e-10, 2.47920989294e-10, 4.78406064763e-11, 5.9877207359e-11, 1.16688908536e-10, 1.11113687695e-10, 7.70410332751e-11, 1.36158584407e-10],
        "max": [0.107010558248, 0.060436822474, 0.0273534916341, 0.0311938151717, 0.0153733417392, 0.00304820900783, 0.00354543956928, 0.0041107875295, 0.00176036497578, 0.00167067430448, 0.0024836291559, 0.00135966809466, 0.0005412081955, 0.000341615697835, 0.000578290782869, 0.000567519105971, 9.08471702132e-05, 6.99714728398e-05, 7.47451631469e-05, 0.000138724033604, 0.000238651526161, 8.81537052919e-05, 5.74170007894e-05, 5.00072783325e-05, 6.89049484208e-05, 0.000117577830679, 0.000126054073917, 0.000128531522932, 0.000162579788594, 0.000119370415632, 6.32721857983e-05, 6.44754763925e-05, 6.65106563247e-05, 7.93960643932e-05, 3.65589658031e-05, 4.27791128459e-05, 5.52496057935e-05, 5.04473391629e-05, 4.22194170824e-05, 5.55494916625e-05],
        "mean": [0.0167787745595, 0.0109362248331, 0.00249691307545, 0.00170927227009, 0.000423482415499, 0.000260453321971, 0.000308749498799, 0.000315190700348, 0.000116441013233, 0.000110737215437, 0.000133760782774, 6.66975247441e-05, 3.74351111532e-05, 1.23762238218e-05, 1.74071028596e-05, 1.89568527276e-05, 9.10793733055e-06, 5.43508485862e-06, 3.71892065232e-06, 3.5040216062e-06, 4.69682345283e-06, 4.15646991314e-06, 3.49187689608e-06, 3.91634648622e-06, 2.64412324213e-06, 4.77734056403e-06, 5.06324886373e-06, 3.93309846913e-06, 4.86500675834e-06, 5.29938415639e-06, 3.65181199413e-06, 3.11705798595e-06, 4.80319476992e-06, 5.2278946896e-06, 4.05201581088e-06, 4.07549214287e-06, 5.64377205592e-06, 4.60023102278e-06, 4.52391032013e-06, 4.66589926873e-06],
        "median": [0.00517136789858, 0.00887470319867, 0.00100649567321, 0.000175317385583, 0.000164303346537, 0.000134815258207, 0.000170905695995, 0.000154740147991, 5.43199203094e-05, 3.24243519572e-05, 4.10738575738e-05, 2.54038950516e-05, 1.49065454025e-05, 3.51168091584e-06, 5.72147109779e-06, 7.35090816306e-06, 4.50252809969e-06, 2.80095650851e-06, 1.61898037732e-06, 1.37536039801e-06, 2.02763658308e-06, 1.55014856773e-06, 2.02934643312e-06, 2.28632302424e-06, 8.52533389661e-07, 1.80334666311e-06, 1.82129917903e-06, 8.48923036756e-07, 7.16113959243e-07, 8.8907574991e-07, 1.703995963e-06, 8.91175204742e-07, 9.9057888292e-07, 1.87920068129e-06, 1.92810557564e-06, 1.34821596021e-06, 2.75422121376e-06, 1.57264275913e-06, 2.01807529265e-06, 1.77083143171e-06],
        "min": [3.12821963661e-24, 7.6819282839e-24, 2.86784189535e-24, 7.48231570931e-24, 1.61858701414e-23, 8.19457743177e-24, 4.71400676095e-24, 1.8565497461e-23, 1.81598904271e-23, 7.27355077049e-24, 8.11544837209e-24, 1.08903951905e-23, 1.63309258847e-23, 2.22520432641e-23, 6.16268788781e-24, 1.27788311677e-23, 1.42173545272e-23, 5.70818528284e-24, 1.20536881356e-23, 5.48949686826e-24, 1.14402383412e-23, 9.42660461633e-24, 1.08670535852e-23, 1.01654099305e-23, 8.17205150862e-24, 9.60845756536e-24, 8.81567602144e-24, 1.0037108804e-23, 9.36175788333e-24, 1.38419040679e-23, 1.01677733578e-23, 1.10158295965e-23, 1.90216278805e-23, 7.03487380387e-24, 8.1616622105e-24, 1.05380354789e-23, 9.02033336153e-24, 1.40373601344e-23, 1.45025908533e-23, 1.3412034828e-23],
        "var": [0.000647745968308, 9.36841533985e-05, 1.46174152178e-05, 1.53952914843e-05, 6.82192705881e-07, 1.15336263207e-07, 1.45630082216e-07, 1.61550900657e-07, 3.28065503652e-08, 5.06823170099e-08, 7.05105804855e-08, 1.23824808185e-08, 3.03182434713e-09, 7.2847533561e-10, 1.02441177763e-09, 1.24094612364e-09, 1.47281506435e-10, 5.99387067757e-11, 4.25400339954e-11, 4.35033918611e-11, 9.10648639829e-11, 4.9984408973e-11, 2.09482327318e-11, 2.76973305402e-11, 2.05773124234e-11, 4.9887548953e-11, 8.42034011961e-11, 1.52503287776e-10, 2.24452872954e-10, 1.16174951603e-10, 2.80035595407e-11, 3.20396521813e-11, 7.20794673947e-11, 8.38634925393e-11, 2.98030627954e-11, 3.8434255778e-11, 6.57533263948e-11, 5.99413504943e-11, 4.21279122698e-11, 5.5442265362e-11]
    },
    "mfcc": {
        "mean": [-646.860656738, 108.012237549, 58.83385849, 17.6637973785, 12.2328214645, 5.1132144928, 8.93926715851, 12.7195138931, 5.39551401138, 9.73111820221, 9.00421905518, 6.23326301575, 2.23107504845],
        "cov": [[3111.00732422, -802.34777832, 18.3828811646, 293.83996582, -160.504516602, 138.078643799, 129.437713623, -135.611465454, 35.1817054749, -159.163284302, -153.113235474, -92.1444854736, -61.4172706604], [-802.34777832, 1465.87780762, -102.662216187, -112.340126038, 122.479446411, -19.1570453644, -84.3065643311, -10.4755182266, -77.5224990845, 17.3659610748, -44.9257125854, -31.1502304077, -3.04249811172], [18.3828811646, -102.662216187, 285.33505249, 98.5219116211, 54.5135612488, 40.3465881348, 8.48506641388, 55.4338340759, 15.9413814545, 4.95571327209, 25.2892303467, -17.155254364, -16.1162319183], [293.83996582, -112.340126038, 98.5219116211, 233.605117798, 57.7624320984, 79.1519088745, 63.4443359375, 16.5854473114, 34.2921066284, -11.9177007675, -25.9696044922, -26.1041316986, -40.1432952881], [-160.504516602, 122.479446411, 54.5135612488, 57.7624320984, 142.64666748, 60.1751403809, 47.3498382568, 41.3501281738, 16.0253200531, 23.6347999573, 15.5574426651, 8.90346622467, 9.77604007721], [138.078643799, -19.1570453644, 40.3465881348, 79.1519088745, 60.1751403809, 127.162254333, 94.8049468994, 40.0451774597, 47.5340652466, 19.5317592621, 8.14867401123, 15.5736427307, 10.3090276718], [129.437713623, -84.3065643311, 8.48506641388, 63.4443359375, 47.3498382568, 94.8049468994, 172.66746521, 83.4834976196, 84.4107818604, 37.1510429382, 1.06095170975, 15.4153862, 8.20607185364], [-135.611465454, -10.4755182266, 55.4338340759, 16.5854473114, 41.3501281738, 40.0451774597, 83.4834976196, 130.981277466, 95.1762390137, 61.7501335144, 31.4218883514, 8.20973396301, 5.34700918198], [35.1817054749, -77.5224990845, 15.9413814545, 34.2921066284, 16.0253200531, 47.5340652466, 84.4107818604, 95.1762390137, 141.24407959, 82.6284942627, 31.1673297882, 21.9967308044, 12.6603765488], [-159.163284302, 17.3659610748, 4.95571327209, -11.9177007675, 23.6347999573, 19.5317592621, 37.1510429382, 61.7501335144, 82.6284942627, 111.901603699, 68.7216644287, 47.6616592407, 31.735370636], [-153.113235474, -44.9257125854, 25.2892303467, -25.9696044922, 15.5574426651, 8.14867401123, 1.06095170975, 31.4218883514, 31.1673297882, 68.7216644287, 100.184486389, 75.3184051514, 48.7287445068], [-92.1444854736, -31.1502304077, -17.155254364, -26.1041316986, 8.90346622467, 15.5736427307, 15.4153862, 8.20973396301, 21.9967308044, 47.6616592407, 75.3184051514, 112.072113037, 81.036315918], [-61.4172706604, -3.04249811172, -16.1162319183, -40.1432952881, 9.77604007721, 10.3090276718, 8.20607185364, 5.34700918198, 12.6603765488, 31.735370636, 48.7287445068, 81.036315918, 102.286018372]],
