{
"lowlevel": {
    "average_loudness": 0.586571156979,
    "barkbands_crest": {
        "dmean": 1.80370032787,
        "dmean2": 3.04317998886,
        "dvar": 3.24581456184,
        "dvar2": 8.57985019684,
        "max": 26.1238708496,
        "mean": 13.4810390472,
        "median": 12.6381206512,
        "min": 3.45445799828,
        "var": 21.491355896
    },
    "barkbands_flatness_db": {
        "dmean": 0.0179536379874,
        "dmean2": 0.0302663389593,
        "dvar": 0.000358413642971,
        "dvar2": 0.000869596726261,
        "max": 0.491691887379,
        "mean": 0.356005430222,
        "median": 0.355194360018,
        "min": 0.0219631548971,
        "var": 0.00177906849422
    },
    "barkbands_kurtosis": {
        "dmean": 2.27942657471,
        "dmean2": 3.64000988007,
        "dvar": 15.8855295181,
        "dvar2": 43.9740600586,
        "max": 105.714904785,
        "mean": 7.1987991333,
        "median": 4.6070766449,
        "min": -1.34380125999,
        "var": 78.0629730225
    },
    "barkbands_skewness": {
        "dmean": 0.36073666811,
        "dmean2": 0.573955059052,
        "dvar": 0.163156375289,
        "dvar2": 0.377461910248,
        "max": 8.73345375061,
        "mean": 1.63673949242,
        "median": 1.42319703102,
        "min": -1.94843482971,
        "var": 1.312926054
    },
    "barkbands_spread": {
        "dmean": 0.646716713905,
        "dmean2": 1.02751123905,
        "dvar": 1.3934109211,
        "dvar2": 3.42800164223,
        "max": 40.3209991455,
        "mean": 3.59388828278,
        "median": 3.24922513962,
        "min": 0.413390636444,
        "var": 4.6309800148
    },
    "dissonance": {
        "dmean": 0.0394433811307,
        "dmean2": 0.0680710598826,
        "dvar": 0.00127194868401,
        "dvar2": 0.00335295149125,
        "max": 0.499236106873,
        "mean": 0.375236898661,
        "median": 0.378244966269,
        "min": 0.138523742557,
        "var": 0.00387667515315
    },
    "dynamic_complexity": 6.39600086212,
    "erbbands_crest": {
        "dmean": 2.07416987419,
        "dmean2": 3.49805665016,
        "dvar": 5.62148237228,
        "dvar2": 15.5089483261,
        "max": 32.0915298462,
        "mean": 14.9383440018,
        "median": 13.7909536362,
        "min": 3.39727401733,
        "var": 39.0158996582
    },
    "erbbands_flatness_db": {
        "dmean": 0.0134114548564,
        "dmean2": 0.0219699833542,
        "dvar": 0.000245155126322,
        "dvar2": 0.000585923262406,
        "max": 0.521835565567,
        "mean": 0.38155195117,
        "median": 0.380739808083,
        "min": 0.0871851146221,
        "var": 0.00136422691867
    },
    "erbbands_kurtosis": {
        "dmean": 1.25941264629,
        "dmean2": 2.04292750359,
        "dvar": 3.914280653,
        "dvar2": 9.84628105164,
        "max": 47.4296989441,
        "mean": 2.93342852592,
        "median": 1.38163757324,
        "min": -1.40078377724,
        "var": 23.7448406219
    },
    "erbbands_skewness": {
        "dmean": 0.281136929989,
        "dmean2": 0.446897476912,
        "dvar": 0.10199085623,
        "dvar2": 0.261482298374,
        "max": 5.03967523575,
        "mean": 1.23073172569,
        "median": 1.09676361084,
        "min": -1.08648884296,
        "var": 0.79638838768
    },
    "erbbands_spread": {
        "dmean": 1.48781776428,
        "dmean2": 2.42060303688,
        "dvar": 3.00692820549,
        "dvar2": 8.0342912674,
        "max": 35.5098876953,
        "mean": 9.98122406006,
        "median": 9.67984485626,
        "min": 0.675698578358,
        "var": 18.3314590454
    },
    "hfc": {
        "dmean": 1.77199423313,
        "dmean2": 2.38702297211,
        "dvar": 38.3836097717,
        "dvar2": 75.3323822021,
        "max": 218.969100952,
        "mean": 6.3809633255,
        "median": 2.03440761566,
        "min": 1.1400711422e-16,
        "var": 173.007415771
    },
    "melbands_crest": {
        "dmean": 2.19273281097,
        "dmean2": 3.66309022903,
        "dvar": 4.8821606636,
        "dvar2": 12.6682100296,
        "max": 31.4203224182,
        "mean": 16.3994598389,
        "median": 15.3281488419,
        "min": 2.94905018806,
        "var": 32.25522995
    },
    "melbands_flatness_db": {
        "dmean": 0.019133200869,
        "dmean2": 0.0312923304737,
        "dvar": 0.000469992664875,
        "dvar2": 0.0010256896494,
        "max": 0.602528035641,
        "mean": 0.466782391071,
        "median": 0.469098448753,
        "min": 0.00598635803908,
        "var": 0.00260625127703
    },
    "melbands_kurtosis": {
        "dmean": 2.74435329437,
        "dmean2": 4.35725975037,
        "dvar": 19.430021286,
        "dvar2": 46.635093689,
        "max": 114.361579895,
        "mean": 8.75396251678,
        "median": 5.21713733673,
        "min": -1.33354473114,
        "var": 121.985290527
    },
    "melbands_skewness": {
        "dmean": 0.388878583908,
        "dmean2": 0.629050731659,
        "dvar": 0.177227154374,
        "dvar2": 0.406576514244,
        "max": 8.55205154419,
        "mean": 1.77275919914,
        "median": 1.53192973137,
        "min": -2.10073685646,
        "var": 1.44273042679
    },
    "melbands_spread": {
        "dmean": 0.982435882092,
        "dmean2": 1.4857814312,
        "dvar": 7.37607479095,
        "dvar2": 5.78582954407,
        "max": 145.875427246,
        "mean": 5.30171823502,
        "median": 4.74646663666,
        "min": 0.71641844511,
        "var": 18.7736415863
    },
    "pitch_salience": {
        "dmean": 0.0529945455492,
        "dmean2": 0.0879233255982,
        "dvar": 0.00296428566799,
        "dvar2": 0.00726451352239,
        "max": 0.908294856548,
        "mean": 0.510190725327,
        "median": 0.5359364748,
        "min": 0.100615084171,
        "var": 0.0192077476531
    },
    "silence_rate_20dB": {
        "dmean": 0,
        "dmean2": 0,
        "dvar": 0,
        "dvar2": 0,
        "max": 1,
        "mean": 1,
        "median": 1,
        "min": 1,
        "var": 0
    },
    "silence_rate_30dB": {
        "dmean": 0.011340206489,
        "dmean2": 0.0226921085268,
        "dvar": 0.0112112434581,
        "dvar2": 0.0263030733913,
        "max": 1,
        "mean": 0.978361666203,
        "median": 1,
        "min": 0,
        "var": 0.0211702194065
    },
    "silence_rate_60dB": {
        "dmean": 0.0427835062146,
        "dmean2": 0.0856111422181,
        "dvar": 0.0409535244107,
        "dvar2": 0.0906588062644,
        "max": 1,
        "mean": 0.374549210072,
        "median": 0,
        "min": 0,
        "var": 0.234260946512
    },
    "spectral_centroid": {
        "dmean": 32.5502052307,
        "dmean2": 46.9022102356,
        "dvar": 44864.3554688,
        "dvar2": 34909.0898438,
        "max": 10774.4951172,
        "mean": 435.447418213,
        "median": 418.754272461,
        "min": 239.803787231,
        "var": 64641.4804688
    },
    "spectral_complexity": {
        "dmean": 1.06340205669,
        "dmean2": 1.74058794975,
        "dvar": 1.42432487011,
        "dvar2": 2.71405076981,
        "max": 22,
        "mean": 7.51828956604,
        "median": 7,
        "min": 0,
        "var": 12.601061821
    },
    "spectral_decrease": {
        "dmean": 1.03195552104e-09,
        "dmean2": 1.4305471252e-09,
        "dvar": 8.51399302836e-18,
        "dvar2": 1.61042072922e-17,
        "max": -2.75338678662e-29,
        "mean": -3.63442165252e-09,
        "median": -1.350011547e-09,
        "min": -8.25675101623e-08,
        "var": 4.32744401279e-17
    },
    "spectral_energy": {
        "dmean": 0.00405414914712,
        "dmean2": 0.00561117660254,
        "dvar": 0.000133588720928,
        "dvar2": 0.000253075035289,
        "max": 0.331489890814,
        "mean": 0.0142958909273,
        "median": 0.00525614758953,
        "min": 1.04447021582e-20,
        "var": 0.000675605901051
    },
    "spectral_energyband_high": {
        "dmean": 5.99875022544e-07,
        "dmean2": 8.35632192775e-07,
        "dvar": 1.53841904493e-11,
        "dvar2": 3.40889746986e-11,
        "max": 9.45136416703e-05,
        "mean": 9.009016253e-07,
        "median": 2.59461980789e-08,
        "min": 7.73048911604e-21,
        "var": 2.14352736949e-11
    },
    "spectral_energyband_low": {
        "dmean": 0.000156824477017,
        "dmean2": 0.000255544000538,
        "dvar": 1.17851861603e-07,
        "dvar2": 2.85200826511e-07,
        "max": 0.0100828502327,
        "mean": 0.000497167930007,
        "median": 0.000152954118676,
        "min": 8.8029916114e-23,
        "var": 7.76325066454e-07
    },
    "spectral_energyband_middle_high": {
        "dmean": 0.000197528701392,
        "dmean2": 0.000248491880484,
        "dvar": 2.57748382637e-07,
        "dvar2": 4.65292771423e-07,
        "max": 0.0112482868135,
        "mean": 0.000765727250837,
        "median": 0.000289279822027,
        "min": 1.33623252945e-21,
        "var": 1.42801297898e-06
    },
    "spectral_energyband_middle_low": {
        "dmean": 0.00392679264769,
        "dmean2": 0.00545346131548,
        "dvar": 0.000127058010548,
        "dvar2": 0.00024192687124,
        "max": 0.328399300575,
        "mean": 0.0131936371326,
        "median": 0.00438988767564,
        "min": 3.76241794004e-22,
        "var": 0.000630845024716
    },
    "spectral_entropy": {
        "dmean": 0.137788310647,
        "dmean2": 0.22367888689,
        "dvar": 0.0348637029529,
        "dvar2": 0.0792981982231,
        "max": 9.79282093048,
        "mean": 5.52313566208,
        "median": 5.54658412933,
        "min": 4.35218286514,
        "var": 0.137411117554
    },
    "spectral_flux": {
        "dmean": 0.0126725006849,
        "dmean2": 0.0205095820129,
        "dvar": 0.000667184591293,
        "dvar2": 0.00163852039259,
        "max": 0.436551898718,
        "mean": 0.0281110703945,
        "median": 0.0193140171468,
        "min": 1.02199325391e-10,
        "var": 0.000924267922528
    },
    "spectral_kurtosis": {
        "dmean": 30.3612995148,
        "dmean2": 53.1415481567,
        "dvar": 817.617553711,
        "dvar2": 2173.54516602,
        "max": 329.022033691,
        "mean": 109.911735535,
        "median": 109.069610596,
        "min": -1.22207438946,
        "var": 2596.63500977
    },
    "spectral_rms": {
        "dmean": 0.000417660252424,
        "dmean2": 0.000602147192694,
        "dvar": 5.64607205433e-07,
        "dvar2": 9.72327370619e-07,
        "max": 0.0179834570736,
        "mean": 0.00293954066001,
        "median": 0.00226449756883,
        "min": 3.19217048628e-12,
        "var": 5.30631768925e-06
    },
    "spectral_rolloff": {
        "dmean": 56.0970993042,
        "dmean2": 91.5517425537,
        "dvar": 140305.015625,
        "dvar2": 121299.960938,
        "max": 18217.0898438,
        "mean": 537.276306152,
        "median": 473.73046875,
        "min": 172.265625,
        "var": 194735.453125
    },
    "spectral_skewness": {
        "dmean": 1.6219265461,
        "dmean2": 2.85419416428,
        "dvar": 1.95339953899,
        "dvar2": 5.28289461136,
        "max": 14.5734453201,
        "mean": 7.49366950989,
        "median": 7.5685505867,
        "min": 0.00395404733717,
        "var": 5.81271266937
    },
    "spectral_spread": {
        "dmean": 318603.75,
        "dmean2": 556683.5625,
        "dvar": 684307447808,
        "dvar2": 1.08014344602e+12,
        "max": 41652096,
        "mean": 978479.875,
        "median": 883131.8125,
        "min": 283410.6875,
        "var": 1.61903804416e+12
    },
    "spectral_strongpeak": {
        "dmean": 0.25300565362,
        "dmean2": 0.384225219488,
        "dvar": 0.230915278196,
        "dvar2": 0.424671828747,
        "max": 13.6876440048,
        "mean": 1.02081489563,
        "median": 0.576205432415,
        "min": 0,
        "var": 1.70013141632
    },
    "zerocrossingrate": {
        "dmean": 0.00186830502935,
        "dmean2": 0.00239884853363,
        "dvar": 0.000123743768199,
        "dvar2": 0.000127953855554,
        "max": 0.494140625,
        "mean": 0.0204406455159,
        "median": 0.01904296875,
        "min": 0.00634765625,
        "var": 0.000139818250318
    },
    "barkbands": {
        "dmean": [2.05606261261e-06, 3.40552105627e-05, 9.02908723219e-05, 0.000178721777047, 0.000588681257796, 0.00161504140124, 0.00167379912455, 0.000224908959353, 0.000437092588982, 6.61270751152e-05, 5.61198248761e-05, 5.95404562773e-05, 3.21810766764e-05, 2.01375460165e-05, 1.66363806784e-05, 1.56140704348e-05, 4.73272348245e-06, 4.00536691814e-06, 2.04028606277e-06, 9.31946374294e-07, 2.21283926294e-07, 7.80124125299e-08, 1.94700859879e-08, 5.10783904062e-09, 1.2085797918e-09, 7.45738193419e-10, 6.86957490892e-10],
        "dmean2": [3.63264643966e-06, 5.81381755183e-05, 0.000150816034875, 0.00029564241413, 0.000986337428913, 0.00248255510814, 0.0022060694173, 0.000339470017934, 0.000578641891479, 7.44317148929e-05, 7.61647097534e-05, 8.96923229448e-05, 4.73998952657e-05, 2.6209079806e-05, 2.01894599741e-05, 2.27547225222e-05, 5.77854416406e-06, 5.45132434127e-06, 2.52252721111e-06, 1.32949594445e-06, 3.37137407769e-07, 1.1677434486e-07, 2.90022974525e-08, 7.12383396717e-09, 2.04311456642e-09, 1.34435051979e-09, 1.25206311985e-09],
        "dvar": [9.37464082057e-12, 1.02877111274e-08, 6.54534559885e-08, 1.32742428605e-07, 2.3789223178e-06, 2.08199980989e-05, 3.61120219168e-05, 8.09368657428e-07, 5.05072202941e-05, 3.68539865292e-08, 2.91036261757e-08, 2.83951333557e-08, 1.27191208676e-08, 3.97531030316e-09, 3.0738571688e-09, 7.53991713509e-09, 2.55737875321e-10, 3.29544364019e-10, 8.29727050955e-11, 6.84134693341e-11, 2.52355623377e-12, 1.81608824116e-13, 1.75627148594e-14, 1.71860454487e-15, 9.69428711824e-18, 1.9890316767e-18, 2.22616884869e-18],
        "dvar2": [2.09707477078e-11, 2.7862082419e-08, 1.43940937392e-07, 3.75367335437e-07, 6.22103880232e-06, 4.74590997328e-05, 4.96646280226e-05, 1.66789050127e-06, 0.000110227432742, 5.05620292302e-08, 5.45719522904e-08, 6.13379711467e-08, 2.93899820036e-08, 7.33597094182e-09, 4.87231544e-09, 1.40399798454e-08, 4.24460327997e-10, 7.20287218758e-10, 1.45516876326e-10, 1.59484606077e-10, 6.43960579305e-12, 4.4899489942e-13, 3.64975214493e-14, 2.91072115006e-15, 2.38157623345e-17, 6.56008116571e-18, 7.29620118694e-18],
        "max": [7.96005842858e-05, 0.0021744070109, 0.00818429514766, 0.00892197433859, 0.0343975424767, 0.0876767858863, 0.180977448821, 0.0315977074206, 0.314557760954, 0.00513408798724, 0.00343587179668, 0.00296216225252, 0.00227841874585, 0.00121510901954, 0.00119777745567, 0.00331991980784, 0.000378967350116, 0.000430828746175, 0.000215687847231, 0.000285578251351, 4.92315230076e-05, 7.55359860705e-06, 3.21087054544e-06, 1.78983668775e-06, 8.72442740274e-08, 1.62460249697e-08, 1.67356244418e-08],
        "mean": [4.64601089334e-06, 7.58480236982e-05, 0.000303358596284, 0.000398987322114, 0.00117348018102, 0.00474610738456, 0.00484420079738, 0.000604011118412, 0.00134284747764, 0.000258529529674, 0.000156126479851, 0.00014972955978, 7.57934176363e-05, 5.8832585637e-05, 4.5121400035e-05, 3.18194033753e-05, 1.18422776723e-05, 8.53023266245e-06, 4.37426069766e-06, 1.31260628677e-06, 2.88114705427e-07, 9.43362721273e-08, 2.76103566677e-08, 7.47739381524e-09, 1.45173872923e-09, 9.76030256616e-10, 8.99590735237e-10],
        "median": [3.94549033444e-06, 7.63737989473e-06, 4.02769364882e-05, 0.000183673459105, 0.000451263855211, 0.00107987155207, 0.000540977634955, 0.000100917073723, 6.42315062578e-05, 5.37146515853e-05, 2.85935002466e-05, 2.80101467069e-05, 1.80688130058e-05, 6.77482557876e-06, 5.35062281415e-06, 2.38415645981e-06, 1.14559486519e-06, 6.40662960905e-07, 1.339971476e-07, 2.31782077975e-08, 7.23650916967e-09, 2.84608292489e-09, 1.77323522532e-09, 1.26224009023e-09, 7.0058453483e-10, 5.62863977649e-10, 4.49629694588e-10],
        "min": [2.94746497917e-24, 3.51541852242e-23, 3.04636498362e-23, 3.83062335878e-23, 7.10632093605e-23, 1.77231423201e-23, 3.59700630377e-23, 1.61975837792e-22, 3.99378977069e-23, 3.40375589238e-23, 6.74592762269e-23, 8.72172189877e-23, 5.58149887574e-23, 7.12717084532e-23, 1.34399532465e-22, 1.51253892804e-22, 1.75543690004e-22, 1.75086163301e-22, 1.98658526217e-22, 4.31154868622e-22, 3.77849404176e-22, 5.12661390988e-22, 7.4821328829e-22, 8.532334697e-22, 1.2529458825e-21, 1.83113372059e-21, 2.08542208675e-21],
        "var": [1.8846851163e-11, 2.89613915072e-08, 4.69382285928e-07, 4.8347254733e-07, 7.13637427907e-06, 0.000106531428173, 0.000211316160858, 3.93019035982e-06, 0.000162148324307, 2.90427919936e-07, 1.22179685036e-07, 1.1609289885e-07, 2.95612245793e-08, 1.9069698709e-08, 1.27180310727e-08, 2.06549248816e-08, 1.10485531835e-09, 7.2354061631e-10, 2.76361461493e-10, 9.3461974271e-11, 2.62947975026e-12, 1.97589110329e-13, 2.69385174703e-14, 3.35878717959e-15, 1.05657185848e-17, 1.89401695526e-18, 1.96766332674e-18]
    },
    "erbbands": {
        "dmean": [0.000297343649436, 0.0106980223209, 0.0869272574782, 0.309623092413, 1.05056703091, 2.39534091949, 4.25019788742, 16.3860836029, 31.1504268646, 9.4629611969, 3.77941179276, 12.4097232819, 2.52787327766, 1.79031443596, 2.24886536598, 2.723716259, 1.73957395554, 0.888999044895, 1.01690387726, 1.04653978348, 0.481054842472, 0.255873888731, 0.264510512352, 0.148104995489, 0.0595133677125, 0.0382483564317, 0.0126693919301, 0.00623481115326, 0.00353457638994, 0.00144715898205, 0.000446032528998, 0.0001928039419, 3.19295031659e-05, 1.78099489858e-05, 7.66396897234e-06, 4.01005218009e-06, 1.9862507088e-06, 5.70730890104e-07, 1.9160543161e-06, 4.53715028925e-06],
        "dmean2": [0.000497277302202, 0.0182232484221, 0.14412085712, 0.50936204195, 1.81704056263, 4.00691366196, 6.92984247208, 25.678062439, 39.2210769653, 14.2190227509, 5.4242939949, 16.0767421722, 3.09614253044, 1.94259297848, 3.20870804787, 4.04022264481, 2.55776619911, 1.15308499336, 1.2748786211, 1.41106426716, 0.694943964481, 0.300919651985, 0.368845552206, 0.180075153708, 0.0820756927133, 0.0532726980746, 0.0195726640522, 0.00867154914886, 0.00538414716721, 0.00218384689651, 0.000678014068399, 0.000268645846518, 5.11577600264e-05, 2.90510306513e-05, 1.26358654597e-05, 6.37262246528e-06, 3.0844153116e-06, 9.32849161472e-07, 2.64076197709e-06, 6.2675026129e-06],
        "dvar": [1.04466710127e-06, 0.00100187165663, 0.0639841854572, 0.307036280632, 4.79523944855, 48.3694381714, 110.049415588, 2382.87988281, 13050.7236328, 623.170959473, 833.757568359, 43066.0625, 177.094482422, 26.2963294983, 65.5704727173, 63.2442398071, 35.6533851624, 6.39261722565, 10.7044563293, 34.8239860535, 5.22492837906, 0.773154854774, 1.59654271603, 0.411904722452, 0.117549926043, 0.0698860511184, 0.00711441366002, 0.0013475707965, 0.00043022580212, 7.3529095971e-05, 1.23073796203e-05, 2.54800215771e-06, 1.24573347193e-08, 3.02928571116e-09, 2.16406628728e-10, 6.48808992643e-11, 1.86672552416e-11, 1.35214018801e-12, 3.09527473097e-11, 1.70417013834e-10],
        "dvar2": [2.87257194032e-06, 0.00264306133613, 0.139729395509, 0.877550840378, 16.12342453, 137.018463135, 252.416732788, 6026.53857422, 18436.9570312, 1463.0859375, 1846.76220703, 93112.9375, 361.550964355, 24.961353302, 131.745483398, 129.628463745, 82.5555801392, 11.1549100876, 17.6484832764, 62.3155097961, 11.5916843414, 1.15889072418, 3.5935485363, 0.72671854496, 0.250483453274, 0.15572334826, 0.0182772707194, 0.00281134899706, 0.00103844760451, 0.000179159891559, 2.20804540731e-05, 4.41458087153e-06, 2.79069656273e-08, 6.96000146405e-09, 5.37948741108e-10, 1.42724776442e-10, 3.75872458158e-11, 3.30005424029e-12, 5.79371932374e-11, 3.23188503737e-10],
        "max": [0.0274079069495, 0.79861086607, 8.64838695526, 11.5460977554, 38.4925079346, 140.216964722, 326.492706299, 1012.82324219, 3246.56323242, 540.123168945, 1252.91088867, 9157.35058594, 532.87689209, 189.951675415, 171.658981323, 153.410522461, 124.59375, 56.8100738525, 66.6228408813, 236.782821655, 60.1696434021, 27.9103221893, 30.4127063751, 16.0571346283, 9.76409244537, 6.85612392426, 2.09609174728, 1.17084801197, 0.415343850851, 0.203655555844, 0.117572270334, 0.0652077272534, 0.00279392302036, 0.0016284660669, 0.000265891983872, 0.000177060617716, 0.000108055864985, 2.6692123356e-05, 0.000164104334544, 0.000379794306355],
        "mean": [0.000601704756264, 0.0287453867495, 0.322600483894, 0.732875287533, 1.92029380798, 4.3897819519, 11.6510248184, 48.3665924072, 93.7360305786, 26.2069015503, 11.8017377853, 38.7769203186, 8.89799308777, 7.10515737534, 6.57217645645, 7.13674783707, 4.30535888672, 2.80360221863, 2.87558245659, 2.56940579414, 1.09742903709, 0.677722930908, 0.557229340076, 0.337947875261, 0.109377734363, 0.0560844838619, 0.0169995259494, 0.00916076730937, 0.00441108923405, 0.00189197971486, 0.000676064169966, 0.00027783997939, 5.4722346249e-05, 2.87728435069e-05, 1.67733378476e-05, 1.08595222628e-05, 6.04559318163e-06, 1.41308453294e-06, 6.90262140779e-06, 1.60383715411e-05],
        "median": [0.000133325855131, 0.00277999439277, 0.0436760559678, 0.386745661497, 0.921309828758, 1.54268074036, 4.37218332291, 8.97929573059, 8.73366260529, 6.68261384964, 2.28909087181, 2.03559470177, 1.99101305008, 2.22378659248, 1.46753883362, 1.48288631439, 1.18584358692, 0.621761918068, 0.524726450443, 0.278873443604, 0.118674635887, 0.0762866437435, 0.0462907403708, 0.0150166014209, 0.00394738139585, 0.0016105666291, 0.00041738001164, 0.000250846147537, 0.000120707823953, 7.75650769356e-05, 5.31071636942e-05, 3.48421199305e-05, 2.14389074245e-05, 1.22318997455e-05, 7.87641602074e-06, 4.88228397444e-06, 2.6325978979e-06, 6.44617784928e-07, 2.52729796557e-06, 5.8521200117e-06],
        "min": [6.42549345895e-22, 8.65186249746e-21, 3.94162257068e-20, 9.04130704623e-20, 1.92057728529e-19, 1.85640189918e-19, 2.03838460662e-19, 1.89458636571e-19, 2.84316116153e-19, 2.25360084614e-18, 2.48953447033e-18, 1.1956828546e-18, 8.76559883002e-19, 2.36057018859e-18, 2.46651362029e-18, 3.21134612812e-18, 2.62063267125e-18, 3.81207467425e-18, 6.76014348226e-18, 6.56365251801e-18, 9.60807091018e-18, 9.72920737498e-18, 7.75817163289e-18, 1.20360039995e-17, 1.44870311444e-17, 1.63122796122e-17, 1.63324843259e-17, 1.63325372654e-17, 2.0152566522e-17, 1.89055404634e-17, 2.26424016725e-17, 1.94152243415e-17, 1.36012332049e-17, 1.26043209209e-17, 9.907327485e-18, 5.76147716178e-18, 3.41397167058e-18, 1.44832759512e-18, 3.14159810377e-19, 2.78555656217e-20],
        "var": [2.01687362278e-06, 0.00375083531253, 0.502770960331, 1.09691560268, 9.55214977264, 99.6287841797, 587.401000977, 11069.4609375, 76398.6875, 2698.29980469, 2915.83178711, 139842.78125, 613.625, 250.211532593, 253.028259277, 291.360595703, 85.0972213745, 34.7332267761, 42.4622001648, 110.66191864, 10.463142395, 3.62037801743, 3.15801596642, 1.41079509258, 0.210828587413, 0.0995019003749, 0.00718414084986, 0.00211850157939, 0.000484947900986, 8.65205438458e-05, 2.09966365219e-05, 4.7398980314e-06, 1.85067765557e-08, 3.88727894318e-09, 6.31895202829e-10, 2.83085554997e-10, 9.23083692816e-11, 4.8844248958e-12, 1.57728857753e-10, 8.57806214949e-10]
    },
    "gfcc": {
        "mean": [-248.163314819, 236.885894775, -123.048652649, -52.3587188721, -36.7171020508, -34.968875885, -39.4411201477, -24.1240139008, -12.9596061707, -16.9586753845, -2.3251516819, -9.28697299957, -6.9786734581],
        "cov": [[6830.61328125, -205.805343628, -2058.30493164, 658.972290039, 314.621398926, -870.449707031, 498.695068359, -76.1919555664, 304.24420166, 327.7371521, 240.632400513, 129.927627563, 76.3887252808], [-205.805343628, 414.472961426, 307.681915283, -98.9157409668, 130.981216431, 94.6822280884, -2.88345885277, 13.1336050034, -46.3207588196, -52.0406112671, 4.07563972473, -50.1685562134, -37.7200431824], [-2058.30493164, 307.681915283, 1092.79626465, -189.04864502, -74.6814651489, 372.026184082, -152.624221802, 35.5091018677, -85.3817138672, -94.6779022217, -66.2686691284, -72.1466674805, -38.755645752], [658.972290039, -98.9157409668, -189.04864502, 386.935546875, 60.3434677124, -39.4310646057, 169.611053467, 39.4440994263, 65.1852798462, 67.1720428467, 31.9865684509, -4.59696054459, 1.90759074688], [314.621398926, 130.981216431, -74.6814651489, 60.3434677124, 207.785476685, -32.5315170288, 40.6700172424, 47.5110435486, 23.8328342438, 32.100440979, 50.9837646484, 12.1900129318, -14.5901212692], [-870.449707031, 94.6822280884, 372.026184082, -39.4310646057, -32.5315170288, 249.830215454, -18.0485439301, 29.9127082825, -32.6521186829, -57.7008781433, -29.2697410583, -48.2192268372, -22.8754119873], [498.695068359, -2.88345885277, -152.624221802, 169.611053467, 40.6700172424, -18.0485439301, 178.071105957, 43.4634666443, 34.0127487183, 37.7810287476, 14.1178541183, -14.2973203659, -0.783494412899], [-76.1919555664, 13.1336050034, 35.5091018677, 39.4440994263, 47.5110435486, 29.9127082825, 43.4634666443, 104.967002869, 39.9235420227, 16.7415904999, 18.0264320374, -3.19382095337, -13.4557714462], [304.24420166, -46.3207588196, -85.3817138672, 65.1852798462, 23.8328342438, -32.6521186829, 34.0127487183, 39.9235420227, 96.4637756348, 58.538936615, 25.8470554352, 19.9860439301, 1.18340206146], [327.7371521, -52.0406112671, -94.6779022217, 67.1720428467, 32.100440979, -57.7008781433, 37.7810287476, 16.7415904999, 58.538936615, 99.097366333, 42.5808143616, 20.1818790436, 15.7008972168], [240.632400513, 4.07563972473, -66.2686691284, 31.9865684509, 50.9837646484, -29.2697410583, 14.1178541183, 18.0264320374, 25.8470554352, 42.5808143616, 79.9290313721, 29.4312725067, -6.78640079498], [129.927627563, -50.1685562134, -72.1466674805, -4.59696054459, 12.1900129318, -48.2192268372, -14.2973203659, -3.19382095337, 19.9860439301, 20.1818790436, 29.4312725067, 91.8081207275, 43.0967636108], [76.3887252808, -37.7200431824, -38.755645752, 1.90759074688, -14.5901212692, -22.8754119873, -0.783494412899, -13.4557714462, 1.18340206146, 15.7008972168, -6.78640079498, 43.0967636108, 90.1568450928]],
        "icov": [[0.000670020992402, -0.000992709072307, 0.000936751661357, -0.000501392467413, 0.000446581310825, 0.000938995624892, -0.000497653731145, 0.000771553721279, -0.00119588989764, -2.11368351302e-05, -0.000734406872652, 0.000245612114668, -0.000301703810692], [-0.000992709072307, 0.00997619517148, -0.00498640537262, 0.00427740253508, -0.00805522035807, 0.000774235173594, -0.00492767617106, 0.00321891414933, -0.000490480859298, 0.00589090771973, -0.00233797589317, 0.0040021869354, -0.000997151015326], [0.000936751661357, -0.00498640537262, 0.00525718554854, -0.00215503294021, 0.00381886889227, -0.00295942998491, 0.00362975290045, -0.00191223248839, 0.000752737629227, -0.00413024611771, 0.00154425238725, -0.00164662359748, 0.000651604437735], [-0.000501392467413, 0.00427740253508, -0.00215503294021, 0.00667450297624, -0.00385262351483, 7.09915912012e-05, -0.00618116930127, 0.00217057275586, -0.00169838569127, 0.0018352845218, -0.00128007994499, 0.00197246274911, -0.000524968258105], [0.000446581310825, -0.00805522035807, 0.00381886889227, -0.00385262351483, 0.0131911300123, -0.000481261493405, 0.00439882325009, -0.00599038973451, 0.00234564626589, -0.00528227863833, -0.000675385002978, -0.0037028582301, 0.00173969741445], [0.000938995624892, 0.000774235173594, -0.00295942998491, 7.09915912012e-05, -0.000481261493405, 0.0120687326416, -0.0041353199631, 0.000976695679128, -0.00362343271263, 0.00636675348505, -0.00405219709501, 0.00420462852344, -0.00202733650804], [-0.000497653731145, -0.00492767617106, 0.00362975290045, -0.00618116930127, 0.00439882325009, -0.0041353199631, 0.0164574757218, -0.00761016830802, 0.00442797783762, -0.00637177284807, 0.00412841467187, -0.00106901407707, 0.00059423095081], [0.000771553721279, 0.00321891414933, -0.00191223248839, 0.00217057275586, -0.00599038973451, 0.000976695679128, -0.00761016830802, 0.018792765215, -0.00998814497143, 0.00538280885667, -0.00434066681191, 0.00270723784342, -0.000585047004279], [-0.00119588989764, -0.000490480859298, 0.000752737629227, -0.00169838569127, 0.00234564626589, -0.00362343271263, 0.00442797783762, -0.00998814497143, 0.0245027132332, -0.0136565743014, 0.00562777835876, -0.00625955406576, 0.00464805355296], [-2.11368351302e-05, 0.00589090771973, -0.00413024611771, 0.0018352845218, -0.00528227863833, 0.00636675348505, -0.00637177284807, 0.00538280885667, -0.0136565743014, 0.0281315967441, -0.0127346105874, 0.00754303578287, -0.00710731931031], [-0.000734406872652, -0.00233797589317, 0.00154425238725, -0.00128007994499, -0.000675385002978, -0.00405219709501, 0.00412841467187, -0.00434066681191, 0.00562777835876, -0.0127346105874, 0.0254863146693, -0.0109262093902, 0.00787083525211], [0.000245612114668, 0.0040021869354, -0.00164662359748, 0.00197246274911, -0.0037028582301, 0.00420462852344, -0.00106901407707, 0.00270723784342, -0.00625955406576, 0.00754303578287, -0.0109262093902, 0.0226844251156, -0.0113183846697], [-0.000301703810692, -0.000997151015326, 0.000651604437735, -0.000524968258105, 0.00173969741445, -0.00202733650804, 0.00059423095081, -0.000585047004279, 0.00464805355296, -0.00710731931031, 0.00787083525211, -0.0113183846697, 0.0180860329419]]
    },
    "melbands": {
        "dmean": [5.59242926101e-06, 3.43560168403e-05, 7.53515560064e-05, 0.000110326829599, 0.000145653888467, 0.000393521797378, 0.000419388554292, 8.23944428703e-05, 3.89671877201e-05, 7.09711603122e-05, 9.91522938421e-06, 7.25774771126e-06, 7.72303428676e-06, 6.10915776633e-06, 6.39193467578e-06, 2.85758824248e-06, 1.68540566392e-06, 1.75203751951e-06, 1.2522967836e-06, 1.3954172573e-06, 4.44058258608e-07, 2.85101776853e-07, 2.41092436681e-07, 1.92341502725e-07, 1.27996742094e-07, 3.90048278121e-08, 4.80987765172e-08, 2.0056344141e-08, 8.8662268638e-09, 7.34800353897e-09, 2.73637024151e-09, 2.10378803267e-09, 1.31901412015e-09, 6.62126686812e-10, 3.11746684023e-10, 1.573185332e-10, 8.41420336184e-11, 2.01709118158e-11, 1.65529152885e-11, 1.44008086705e-11],
        "dmean2": [9.39288293011e-06, 5.74247424083e-05, 0.000125924896565, 0.000190803490113, 0.000240388355451, 0.000596790050622, 0.000528034812305, 0.000128529864014, 5.5264801631e-05, 9.16278804652e-05, 1.21495177154e-05, 7.85460269981e-06, 1.07612559077e-05, 9.07214871404e-06, 9.4897013696e-06, 4.31738544648e-06, 2.1440009732e-06, 2.25583562496e-06, 1.53547023274e-06, 2.04427783501e-06, 6.31969669485e-07, 3.27590214511e-07, 3.42899738826e-07, 2.58717705037e-07, 1.54941247388e-07, 5.16992955113e-08, 7.11727494718e-08, 2.73023399444e-08, 1.35240432186e-08, 1.10714886148e-08, 4.12709999509e-09, 3.16572146275e-09, 2.07308237243e-09, 1.00510000323e-09, 4.79991435487e-10, 2.33717489806e-10, 1.18676901639e-10, 3.34942316937e-11, 2.79305883977e-11, 2.39211480485e-11],
        "dvar": [2.90618973331e-10, 9.95325599717e-09, 2.20392415429e-08, 5.95677391857e-08, 1.37011497259e-07, 1.26520626509e-06, 2.22563267016e-06, 6.47601865467e-08, 2.36086208361e-07, 1.29979719077e-06, 9.64004320814e-10, 5.02247077261e-10, 6.10665296108e-10, 3.27954080559e-10, 3.80125347865e-10, 9.97207247333e-11, 2.69698534339e-11, 3.36835281889e-11, 2.32865237509e-11, 6.31160401721e-11, 5.75755198726e-12, 9.52077067358e-13, 1.0941619789e-12, 9.62933292131e-13, 3.74214873498e-13, 3.4471354265e-14, 2.45324431342e-13, 2.31747130167e-14, 3.45843213551e-15, 2.46755033568e-15, 2.91887262456e-16, 1.54734324443e-16, 5.55491221301e-17, 2.08231419923e-17, 8.05565721403e-18, 1.70551117905e-18, 5.05260374615e-19, 2.8251249164e-21, 2.73253299243e-21, 2.15192106682e-21],
        "dvar2": [7.84821763133e-10, 2.28100560662e-08, 6.71842315114e-08, 1.7524163809e-07, 3.29382629616e-07, 2.87376906272e-06, 3.12137694891e-06, 1.52394378006e-07, 5.24942890934e-07, 2.80835502053e-06, 1.60307289665e-09, 4.89935092496e-10, 1.19340459737e-09, 6.72711275573e-10, 9.10850395108e-10, 2.39450986816e-10, 4.57936882858e-11, 6.17317932883e-11, 3.90296302222e-11, 1.20531071235e-10, 1.20553610497e-11, 1.28235876778e-12, 2.60644153829e-12, 2.11515310475e-12, 6.54607010958e-13, 6.13053648102e-14, 5.74015227711e-13, 4.7747999402e-14, 8.5812823183e-15, 6.81094322448e-15, 5.391470059e-16, 3.63878419058e-16, 1.34657724534e-16, 5.10621834677e-17, 1.38290676969e-17, 3.59469326363e-18, 8.84062307761e-19, 6.9268249898e-21, 6.83756218507e-21, 4.96452437514e-21],
        "max": [0.000376299460186, 0.00317556480877, 0.00340259377845, 0.00446799304336, 0.010813861154, 0.0206181257963, 0.0422531291842, 0.00700418232009, 0.0216173827648, 0.0503058470786, 0.000782320741564, 0.000823436304927, 0.000536607461981, 0.000289559684461, 0.000304760644212, 0.000178016576683, 0.00013131115702, 0.000108535714389, 0.000151111613377, 0.000296048878226, 9.3714967079e-05, 3.02488933812e-05, 2.34605704463e-05, 2.52260306297e-05, 1.58165294124e-05, 4.47097090728e-06, 1.79354701686e-05, 4.98573990626e-06, 1.33123216983e-06, 1.24739699459e-06, 5.03001672314e-07, 2.69189342816e-07, 1.32123730623e-07, 1.26754528651e-07, 1.05349364787e-07, 4.4092612228e-08, 2.86943002692e-08, 1.2376469849e-09, 1.40641853719e-09, 1.45629486248e-09],
        "mean": [1.1929689208e-05, 0.000118929150631, 0.000176190398633, 0.000200641312404, 0.000375725910999, 0.00116022361908, 0.0012723718537, 0.00022006733343, 0.000119575939607, 0.000219681896851, 3.58584657079e-05, 2.9207287298e-05, 2.14487463381e-05, 1.66294994415e-05, 1.52347165567e-05, 7.03815203451e-06, 5.12558290211e-06, 4.81107508676e-06, 3.34742071573e-06, 3.00810938825e-06, 9.84762095868e-07, 7.48233617287e-07, 4.73807006074e-07, 4.1732465661e-07, 2.84789564375e-07, 7.97438275413e-08, 6.79336622511e-08, 2.92306108207e-08, 1.08297077972e-08, 8.69758931543e-09, 3.75613717907e-09, 2.54906273867e-09, 1.56570501009e-09, 8.54500581404e-10, 4.49584119933e-10, 2.06165667871e-10, 1.18877796496e-10, 2.93227352122e-11, 1.90355994856e-11, 1.57019206665e-11],
        "median": [1.71423153006e-06, 1.45653129948e-05, 9.15396012715e-05, 9.29013185669e-05, 0.000136305810884, 0.000215083506191, 0.000128368235892, 5.17171720276e-05, 1.29799873321e-05, 1.12971520139e-05, 8.61575063027e-06, 7.37314485377e-06, 4.05275704907e-06, 2.97409701489e-06, 2.90630919153e-06, 1.79905987352e-06, 7.29232795038e-07, 8.06689058663e-07, 3.70063929722e-07, 2.44174913178e-07, 9.69402194073e-08, 6.40560600118e-08, 3.65954377912e-08, 2.42788669169e-08, 7.55106110972e-09, 2.72339129026e-09, 1.25402954687e-09, 7.08234138003e-10, 1.75639669475e-10, 1.43669395825e-10, 1.00211998422e-10, 6.38963326693e-11, 4.32503304004e-11, 3.6396136105e-11, 2.84499524633e-11, 2.14236683949e-11, 1.86770737765e-11, 1.38160915e-11, 7.77570976357e-12, 6.47063696027e-12],
        "min": [6.52571181563e-24, 1.79404372119e-23, 1.85654043754e-23, 1.30988728258e-23, 8.68479689752e-24, 3.72479214631e-24, 5.05861630866e-24, 3.04320228248e-23, 1.67367048903e-23, 7.06046524049e-24, 3.73998324077e-24, 8.89044189146e-24, 8.17279934876e-24, 9.72611932482e-24, 6.02482497829e-24, 6.51861680065e-24, 6.8304641661e-24, 1.02706605414e-23, 8.56632418905e-24, 1.02225431816e-23, 1.0620553485e-23, 1.22597449149e-23, 4.89340753586e-24, 8.81566892169e-24, 9.65681237227e-24, 8.92812656576e-24, 1.21931256114e-23, 1.06316843124e-23, 1.09886131064e-23, 8.99544637769e-24, 8.95772778237e-24, 1.25253062612e-23, 8.62333516667e-24, 1.09849622581e-23, 1.25105269521e-23, 1.35305438241e-23, 1.09958927148e-23, 9.14589950726e-24, 9.99192285139e-24, 1.0730612203e-23],
        "var": [7.38344052564e-10, 6.83748879737e-08, 7.38382794907e-08, 1.17950634149e-07, 6.3959879526e-07, 6.30136401014e-06, 1.31631741169e-05, 2.77355695744e-07, 7.67740743868e-07, 4.19373554905e-06, 4.82727546824e-09, 4.8538235653e-09, 2.40115527461e-09, 1.39587041925e-09, 1.09899400691e-09, 2.43231684793e-10, 1.5296096334e-10, 1.26704466363e-10, 8.74318326072e-11, 1.73391800917e-10, 1.20554686026e-11, 4.93991739875e-12, 1.67446742236e-12, 2.28002599439e-12, 1.30393959519e-12, 9.62241828643e-14, 3.39109328725e-13, 3.49586557077e-14, 3.461716294e-15, 2.31302738566e-15, 4.53076758816e-16, 1.80935012265e-16, 6.26864268845e-17, 2.48971702909e-17, 1.42571030582e-17, 2.47155507933e-18, 9.27550914875e-19, 3.60928506891e-21, 2.68519447187e-21, 2.25057810684e-21]
    },
    "mfcc": {
        "mean": [-856.086791992, 230.868087769, 8.72711181641, -21.4912128448, -1.06380438805, -12.5454463959, -19.6330013275, -16.3501873016, -15.9957904816, -13.9569683075, -7.62982797623, -5.10811328888, -3.74182510376],
        "cov": [[3981.67578125, 1051.32666016, -1989.77246094, 396.922180176, 351.684631348, -409.374633789, -116.890457153, 64.5827713013, -50.4900970459, 2.48813724518, 159.124267578, 112.959442139, 203.287094116], [1051.32666016, 592.269714355, -340.873291016, -12.1716156006, 177.441131592, -63.5746574402, -16.5998020172, 54.569278717, -25.6469459534, -11.684677124, 52.0556488037, 34.0067672729, 37.4489746094], [-1989.77246094, -340.873291016, 1290.87744141, -125.304428101, -188.251968384, 287.143585205, 135.006576538, -0.571763575077, 48.0163726807, 28.458524704, -51.7162284851, -42.8149299622, -107.43270874], [396.922180176, -12.1716156006, -125.304428101, 282.970306396, 41.456867218, -31.0328369141, 59.6203041077, 28.9183311462, 30.25730896, 54.8068695068, 44.7912330627, 31.4673137665, 59.2203865051], [351.684631348, 177.441131592, -188.251968384, 41.456867218, 197.77381897, -19.7630882263, -18.8771648407, 49.4396209717, -2.24057340622, 5.39573049545, 31.4497261047, 23.8918685913, 48.2152900696], [-409.374633789, -63.5746574402, 287.143585205, -31.0328369141, -19.7630882263, 137.331054688, 57.9910163879, 1.25541222095, 28.2470703125, 7.4225268364, -12.4866132736, 2.09217238426, -20.8137760162], [-116.890457153, -16.5998020172, 135.006576538, 59.6203041077, -18.8771648407, 57.9910163879, 130.765808105, 56.57579422, 17.3022994995, 38.0030784607, 9.6870880127, 10.8840465546, 8.98381233215], [64.5827713013, 54.569278717, -0.571763575077, 28.9183311462, 49.4396209717, 1.25541222095, 56.57579422, 106.369102478, 32.7951431274, 10.7463722229, 25.8181285858, 12.6150560379, 19.4677238464], [-50.4900970459, -25.6469459534, 48.0163726807, 30.25730896, -2.24057340622, 28.2470703125, 17.3022994995, 32.7951431274, 83.535987854, 28.087852478, -7.63700723648, 21.4035301208, -0.19097507], [2.48813724518, -11.684677124, 28.458524704, 54.8068695068, 5.39573049545, 7.4225268364, 38.0030784607, 10.7463722229, 28.087852478, 101.068984985, 49.4788169861, 3.55895853043, 29.565076828], [159.124267578, 52.0556488037, -51.7162284851, 44.7912330627, 31.4497261047, -12.4866132736, 9.6870880127, 25.8181285858, -7.63700723648, 49.4788169861, 100.381752014, 28.3032894135, 23.5629196167], [112.959442139, 34.0067672729, -42.8149299622, 31.4673137665, 23.8918685913, 2.09217238426, 10.8840465546, 12.6150560379, 21.4035301208, 3.55895853043, 28.3032894135, 68.7936477661, 20.4208488464], [203.287094116, 37.4489746094, -107.43270874, 59.2203865051, 48.2152900696, -20.8137760162, 8.98381233215, 19.4677238464, -0.19097507, 29.565076828, 23.5629196167, 20.4208488464, 83.628364563]],
