{
"lowlevel": {
    "average_loudness": 0.873532772064,
    "barkbands_crest": {
        "dmean": 2.68338823318,
        "dmean2": 4.31580448151,
        "dvar": 6.63541603088,
        "dvar2": 16.9570579529,
        "max": 25.6007862091,
        "mean": 12.097240448,
        "median": 10.9720239639,
        "min": 3.41547560692,
        "var": 23.3332309723
    },
    "barkbands_flatness_db": {
        "dmean": 0.0251493789256,
        "dmean2": 0.0386967770755,
        "dvar": 0.000579188345,
        "dvar2": 0.00137757975608,
        "max": 0.307149559259,
        "mean": 0.170230180025,
        "median": 0.171158447862,
        "min": 0.0370923653245,
        "var": 0.00222786515951
    },
    "barkbands_kurtosis": {
        "dmean": 4.72639226913,
        "dmean2": 7.35876560211,
        "dvar": 59.5122146606,
        "dvar2": 141.942993164,
        "max": 98.3344192505,
        "mean": 9.54460716248,
        "median": 4.45066690445,
        "min": -1.7408862114,
        "var": 183.407913208
    },
    "barkbands_skewness": {
        "dmean": 0.614376723766,
        "dmean2": 0.925735831261,
        "dvar": 0.424040615559,
        "dvar2": 0.959394395351,
        "max": 8.47711467743,
        "mean": 2.16031241417,
        "median": 1.76634502411,
        "min": -1.64249408245,
        "var": 2.46644592285
    },
    "barkbands_spread": {
        "dmean": 4.18074893951,
        "dmean2": 6.69553995132,
        "dvar": 33.1613693237,
        "dvar2": 79.9998703003,
        "max": 63.7237052917,
        "mean": 13.1028232574,
        "median": 11.3441066742,
        "min": 1.64880502224,
        "var": 72.4546127319
    },
    "dissonance": {
        "dmean": 0.024409359321,
        "dmean2": 0.0407021902502,
        "dvar": 0.000528042204678,
        "dvar2": 0.00134361826349,
        "max": 0.49941816926,
        "mean": 0.447676151991,
        "median": 0.455303251743,
        "min": 0.232577994466,
        "var": 0.00118392100558
    },
    "dynamic_complexity": 2.2608423233,
    "erbbands_crest": {
        "dmean": 2.48431587219,
        "dmean2": 3.90168833733,
        "dvar": 6.85775136948,
        "dvar2": 14.6794347763,
        "max": 30.5955562592,
        "mean": 10.5770368576,
        "median": 9.50123882294,
        "min": 2.15310263634,
        "var": 23.897977829
    },
    "erbbands_flatness_db": {
        "dmean": 0.0187950767577,
        "dmean2": 0.0282780248672,
        "dvar": 0.000461668329081,
        "dvar2": 0.000883141066879,
        "max": 0.345880627632,
        "mean": 0.16065518558,
        "median": 0.155927598476,
        "min": 0.057478196919,
        "var": 0.00253931409679
    },
    "erbbands_kurtosis": {
        "dmean": 1.20240199566,
        "dmean2": 1.9158475399,
        "dvar": 2.62544679642,
        "dvar2": 5.71375226974,
        "max": 23.9801769257,
        "mean": 1.78884518147,
        "median": 1.11445093155,
        "min": -1.5561413765,
        "var": 6.69550657272
    },
    "erbbands_skewness": {
        "dmean": 0.332059204578,
        "dmean2": 0.528454959393,
        "dvar": 0.116867341101,
        "dvar2": 0.268877863884,
        "max": 3.67944145203,
        "mean": 0.784043729305,
        "median": 0.758512496948,
        "min": -1.91707074642,
        "var": 0.464909374714
    },
    "erbbands_spread": {
        "dmean": 7.54715108871,
        "dmean2": 11.9675798416,
        "dvar": 81.4130096436,
        "dvar2": 192.260162354,
        "max": 111.057319641,
        "mean": 32.9560585022,
        "median": 28.7168960571,
        "min": 3.38691949844,
        "var": 374.757904053
    },
    "hfc": {
        "dmean": 4.94134092331,
        "dmean2": 7.54658317566,
        "dvar": 65.5931167603,
        "dvar2": 151.980331421,
        "max": 133.754470825,
        "mean": 15.765745163,
        "median": 10.2503385544,
        "min": 1.25404339572e-16,
        "var": 224.966995239
    },
    "melbands_crest": {
        "dmean": 3.26885914803,
        "dmean2": 5.22150230408,
        "dvar": 8.44550800323,
        "dvar2": 21.3832817078,
        "max": 33.3748283386,
        "mean": 15.8957433701,
        "median": 15.0308523178,
        "min": 3.86638641357,
        "var": 31.8001346588
    },
    "melbands_flatness_db": {
        "dmean": 0.0299960821867,
        "dmean2": 0.0461968481541,
        "dvar": 0.000859694962855,
        "dvar2": 0.00196767714806,
        "max": 0.424538046122,
        "mean": 0.26070150733,
        "median": 0.260347098112,
        "min": 0.0108968252316,
        "var": 0.00395929021761
    },
    "melbands_kurtosis": {
        "dmean": 9.5025510788,
        "dmean2": 14.9795084,
        "dvar": 245.664810181,
        "dvar2": 571.940185547,
        "max": 210.609695435,
        "mean": 20.5847759247,
        "median": 8.74190425873,
        "min": -1.60189175606,
        "var": 760.167724609
    },
    "melbands_skewness": {
        "dmean": 0.790363430977,
        "dmean2": 1.20835125446,
        "dvar": 0.724906861782,
        "dvar2": 1.64470410347,
        "max": 11.4866762161,
        "mean": 2.93856239319,
        "median": 2.36804032326,
        "min": -0.77690410614,
        "var": 4.14456653595
    },
    "melbands_spread": {
        "dmean": 3.92880892754,
        "dmean2": 6.15249490738,
        "dvar": 35.1529846191,
        "dvar2": 71.5691452026,
        "max": 120.612838745,
        "mean": 13.0699691772,
        "median": 11.0500230789,
        "min": 1.26479959488,
        "var": 100.005836487
    },
    "pitch_salience": {
        "dmean": 0.0782310888171,
        "dmean2": 0.125245153904,
        "dvar": 0.00550582911819,
        "dvar2": 0.0136443991214,
        "max": 0.826551377773,
        "mean": 0.49029815197,
        "median": 0.494905531406,
        "min": 0.111553370953,
        "var": 0.0157715119421
    },
    "silence_rate_20dB": {
        "dmean": 0,
        "dmean2": 0,
        "dvar": 0,
        "dvar2": 0,
        "max": 1,
        "mean": 1,
        "median": 1,
        "min": 1,
        "var": 0
    },
    "silence_rate_30dB": {
        "dmean": 0.00618556700647,
        "dmean2": 0.0123775145039,
        "dvar": 0.00614723050967,
        "dvar2": 0.0132554452866,
        "max": 1,
        "mean": 0.98093765974,
        "median": 1,
        "min": 0,
        "var": 0.0186986550689
    },
    "silence_rate_60dB": {
        "dmean": 0.000515463936608,
        "dmean2": 0.00103145954199,
        "dvar": 0.000515170919243,
        "dvar2": 0.00103040458634,
        "max": 1,
        "mean": 0.0010303966701,
        "median": 0,
        "min": 0,
        "var": 0.00102934613824
    },
    "spectral_centroid": {
        "dmean": 192.62387085,
        "dmean2": 302.680999756,
        "dvar": 114498.375,
        "dvar2": 198296.546875,
        "max": 10663.2314453,
        "mean": 862.363525391,
        "median": 755.921630859,
        "min": 254.290405273,
        "var": 215828.3125
    },
    "spectral_complexity": {
        "dmean": 2.69845366478,
        "dmean2": 4.28726148605,
        "dvar": 9.30135154724,
        "dvar2": 20.6543960571,
        "max": 52,
        "mean": 13.8397731781,
        "median": 12,
        "min": 0,
        "var": 35.8560905457
    },
    "spectral_decrease": {
        "dmean": 2.61080068675e-09,
        "dmean2": 4.11234601927e-09,
        "dvar": 8.65672056151e-18,
        "dvar2": 2.07435026973e-17,
        "max": -3.23545938969e-29,
        "mean": -9.06334740591e-09,
        "median": -7.76649411449e-09,
        "min": -5.36459481282e-08,
        "var": 3.43021278288e-17
    },
    "spectral_energy": {
        "dmean": 0.0101412637159,
        "dmean2": 0.0159561764449,
        "dvar": 0.00013034082076,
        "dvar2": 0.000310807721689,
        "max": 0.204368487,
        "mean": 0.035637177527,
        "median": 0.0304254516959,
        "min": 1.14966569853e-20,
        "var": 0.000528506876435
    },
    "spectral_energyband_high": {
        "dmean": 0.00025685725268,
        "dmean2": 0.000435738096712,
        "dvar": 3.3561727264e-07,
        "dvar2": 9.06270543055e-07,
        "max": 0.0073630111292,
        "mean": 0.000416568393121,
        "median": 0.000175221386598,
        "min": 8.1223449286e-21,
        "var": 3.96746116849e-07
    },
    "spectral_energyband_low": {
        "dmean": 0.00687998626381,
        "dmean2": 0.0107752429321,
        "dvar": 8.12755315565e-05,
        "dvar2": 0.000181120354682,
        "max": 0.194325044751,
        "mean": 0.0168843474239,
        "median": 0.0135171338916,
        "min": 4.686310249e-23,
        "var": 0.000248740601819
    },
    "spectral_energyband_middle_high": {
        "dmean": 0.0014530319022,
        "dmean2": 0.00210914271884,
        "dvar": 9.85950373433e-06,
        "dvar2": 2.06272379728e-05,
        "max": 0.0778319612145,
        "mean": 0.00437071733177,
        "median": 0.00230728602037,
        "min": 1.81304681873e-21,
        "var": 3.57861936209e-05
    },
    "spectral_energyband_middle_low": {
        "dmean": 0.00586591474712,
        "dmean2": 0.00932992808521,
        "dvar": 7.53201893531e-05,
        "dvar2": 0.000174637330929,
        "max": 0.17174179852,
        "mean": 0.0153222335503,
        "median": 0.0107458690181,
        "min": 4.8526325463e-22,
        "var": 0.000234906678088
    },
    "spectral_entropy": {
        "dmean": 0.221861004829,
        "dmean2": 0.342390418053,
        "dvar": 0.055326256901,
        "dvar2": 0.122787281871,
        "max": 9.80201721191,
        "mean": 7.25955057144,
        "median": 7.24172544479,
        "min": 5.79160261154,
        "var": 0.177902460098
    },
    "spectral_flux": {
        "dmean": 0.0289758238941,
        "dmean2": 0.0464984998107,
        "dvar": 0.000778336310759,
        "dvar2": 0.00179446698166,
        "max": 0.332552969456,
        "mean": 0.0821725800633,
        "median": 0.0723969563842,
        "min": 1.07222467016e-10,
        "var": 0.00189959316049
    },
    "spectral_kurtosis": {
        "dmean": 2.14796090126,
        "dmean2": 3.58480763435,
        "dvar": 8.53548431396,
        "dvar2": 22.8518199921,
        "max": 55.2332954407,
        "mean": 6.04184103012,
        "median": 4.5002913475,
        "min": -1.23157596588,
        "var": 29.1198329926
    },
    "spectral_rms": {
        "dmean": 0.000837578205392,
        "dmean2": 0.00131233769935,
        "dvar": 6.73062231726e-07,
        "dvar2": 1.71267345195e-06,
        "max": 0.014120336622,
        "mean": 0.00564443878829,
        "median": 0.00544824451208,
        "min": 3.34906711738e-12,
        "var": 2.90820162263e-06
    },
    "spectral_rolloff": {
        "dmean": 234.500305176,
        "dmean2": 401.391052246,
        "dvar": 448453.375,
        "dvar2": 879333.625,
        "max": 18884.6191406,
        "mean": 718.97467041,
        "median": 602.9296875,
        "min": 64.599609375,
        "var": 580972.625
    },
    "spectral_skewness": {
        "dmean": 0.277292996645,
        "dmean2": 0.447265118361,
        "dvar": 0.0854919031262,
        "dvar2": 0.205645531416,
        "max": 5.46758317947,
        "mean": 1.88839042187,
        "median": 1.76722848415,
        "min": 0.059043481946,
        "var": 0.412394016981
    },
    "spectral_spread": {
        "dmean": 613672.375,
        "dmean2": 972160,
        "dvar": 847932620800,
        "dvar2": 1.43923360563e+12,
        "max": 40974692,
        "mean": 4556560.5,
        "median": 4573387,
        "min": 1260634.75,
        "var": 2.7520925696e+12
    },
    "spectral_strongpeak": {
        "dmean": 0.472604930401,
        "dmean2": 0.840610027313,
        "dvar": 0.716274857521,
        "dvar2": 1.78270328045,
        "max": 9.95310306549,
        "mean": 0.824462532997,
        "median": 0.396594285965,
        "min": 0,
        "var": 1.14319479465
    },
    "zerocrossingrate": {
        "dmean": 0.00706220790744,
        "dmean2": 0.00889507960528,
        "dvar": 0.000175343142473,
        "dvar2": 0.00020466868591,
        "max": 0.4892578125,
        "mean": 0.0348810404539,
        "median": 0.03125,
        "min": 0,
        "var": 0.000448161299573
    },
    "barkbands": {
        "dmean": [0.000298002356431, 0.00592597387731, 0.00162173272111, 0.00181554362644, 0.00281360954978, 0.00153752847109, 0.000757580448408, 0.000899705686606, 0.000701685610693, 0.000455997680547, 0.000601356499828, 0.000312060961733, 0.000148463397636, 0.000156923342729, 0.000125042759464, 0.000124026701087, 0.000118680647574, 0.000111196735816, 0.000106299798063, 7.40714458516e-05, 5.12273109052e-05, 5.36801417184e-05, 4.29950014222e-05, 3.83538535971e-05, 4.5660235628e-05, 1.92513580259e-05, 3.26854569721e-06],
        "dmean2": [0.00047101196833, 0.00926723238081, 0.00267354422249, 0.00313629326411, 0.0047661117278, 0.00231247255579, 0.0012746527791, 0.00130251306109, 0.00108351663221, 0.000663813611027, 0.000908789341338, 0.000444291508757, 0.000219611465582, 0.000244848488364, 0.000197051253053, 0.000189516911632, 0.000171742009115, 0.000177985639311, 0.000188243124285, 0.000122500423458, 8.47910851007e-05, 9.18332734727e-05, 7.60570692364e-05, 6.83894832036e-05, 8.22858055471e-05, 3.40634869644e-05, 5.78665230933e-06],
        "dvar": [2.20393104655e-07, 7.38208982511e-05, 5.80587902732e-06, 1.10623377623e-05, 3.44054969901e-05, 7.00380223861e-06, 2.45088040174e-06, 4.1680132199e-06, 2.76131663668e-06, 1.46628553921e-06, 2.46686704486e-06, 7.82806580446e-07, 1.9365474202e-07, 2.40525224626e-07, 1.26668211919e-07, 2.00069223411e-07, 8.42068601514e-08, 1.09683440996e-07, 3.5941067722e-07, 3.07359613316e-08, 1.52765728956e-08, 3.1551817159e-08, 1.12590079482e-08, 1.21670780118e-08, 2.77791638581e-08, 2.97855495823e-09, 2.35986924446e-10],
        "dvar2": [4.57290838085e-07, 0.000163828473887, 1.45027024701e-05, 2.93012726615e-05, 8.29255077406e-05, 1.45940330185e-05, 6.33951185591e-06, 7.94308834884e-06, 6.00083330937e-06, 3.42164457834e-06, 5.24199231222e-06, 1.61100535934e-06, 3.18618930351e-07, 4.85330531319e-07, 2.37850244389e-07, 3.2795182392e-07, 1.48675496803e-07, 2.64935977157e-07, 1.05157835151e-06, 7.49174020598e-08, 3.63527519198e-08, 8.86030377956e-08, 3.25225215647e-08, 3.37020900076e-08, 7.97715173917e-08, 7.96390420277e-09, 6.5430305618e-10],
        "max": [0.00593170244247, 0.183768227696, 0.0293554868549, 0.0430932044983, 0.0902356430888, 0.0390744991601, 0.0212669409811, 0.0415848381817, 0.0313531719148, 0.0285494476557, 0.025939989835, 0.0185626577586, 0.010995125398, 0.0108171133325, 0.010043060407, 0.0138874510303, 0.00497712288052, 0.00488808890805, 0.0101474244148, 0.0025518105831, 0.0022114966996, 0.00444054137915, 0.00115436979104, 0.00173262832686, 0.00256427703425, 0.00065143260872, 0.000316756893881],
        "mean": [0.00049343687715, 0.0125532262027, 0.00289640389383, 0.00240526115522, 0.00371703063138, 0.00357537157834, 0.0012445403263, 0.00179529725574, 0.00164275185671, 0.00118921836838, 0.001283649588, 0.00069277943112, 0.000271336844889, 0.000350069749402, 0.000254705926636, 0.000269250507699, 0.000226109143114, 0.00018782717234, 0.000120771866932, 0.00013431784464, 8.49630014272e-05, 9.22174149309e-05, 5.04574381921e-05, 4.12108638557e-05, 4.26257793151e-05, 1.964445255e-05, 2.72584588856e-06],
        "median": [0.00023093749769, 0.00926315784454, 0.00168863357976, 0.000825807917863, 0.00108026631642, 0.00156157487072, 0.000531844270881, 0.000602324900683, 0.000587856047787, 0.000293700053589, 0.000478669942822, 0.000149223822518, 6.52266171528e-05, 4.88925179525e-05, 7.70446640672e-05, 3.38504651154e-05, 3.33285315719e-05, 4.65713783342e-05, 3.57525568688e-05, 4.53696957265e-05, 2.9048000215e-05, 3.20861036016e-05, 2.03183699341e-05, 1.14435633805e-05, 1.05991821329e-05, 4.41316706201e-06, 8.33250908272e-07],
        "min": [8.3706756405e-24, 4.70752587418e-24, 2.26455681044e-23, 4.52040522757e-23, 8.13016615e-24, 2.64086665474e-23, 4.06597433005e-23, 2.05736110528e-22, 1.25776525465e-22, 8.09613816153e-23, 1.00709056563e-22, 1.24121886561e-22, 1.302953353e-22, 7.94913803392e-23, 1.268508278e-22, 2.15723695434e-22, 1.30559824584e-22, 3.00652839143e-22, 4.20460237154e-22, 3.30188851664e-22, 3.51857560687e-22, 5.27718814537e-22, 7.0862983841e-22, 1.03150058523e-21, 1.14603046592e-21, 1.86172425712e-21, 2.51726570036e-21],
        "var": [5.15023941716e-07, 0.000204181225854, 1.38580671774e-05, 1.98256366275e-05, 4.65571756649e-05, 2.42183468799e-05, 4.09524091083e-06, 1.36159560498e-05, 8.98735197552e-06, 5.82406482863e-06, 5.70907650399e-06, 2.24575092034e-06, 6.5999159915e-07, 1.16834428354e-06, 4.91353148391e-07, 1.31909189349e-06, 3.31566013756e-07, 1.709689883e-07, 2.18063433977e-07, 5.84493591305e-08, 2.84896142233e-08, 2.97881843636e-08, 9.44980804718e-09, 9.98936844354e-09, 1.88327646811e-08, 2.63036192827e-09, 1.51039930563e-10]
    },
    "erbbands": {
        "dmean": [0.196359321475, 1.2941737175, 1.93137025833, 3.48395514488, 11.4616279602, 7.02481126785, 7.76555967331, 15.5963249207, 11.3334665298, 14.7927465439, 19.0352306366, 17.9373188019, 16.5056743622, 18.9921302795, 16.3656349182, 14.4103183746, 6.65999698639, 9.03725242615, 7.14011049271, 5.64573383331, 5.85133743286, 5.51983594894, 6.59676361084, 4.28418684006, 5.60155916214, 3.75235438347, 2.40064048767, 1.89293074608, 1.98551082611, 1.62300872803, 1.16509056091, 0.873760402203, 0.615942776203, 0.628991127014, 0.270105957985, 0.0854702666402, 0.0368274189532, 0.00947724469006, 0.000340926606441, 1.66678910318e-05],
        "dmean2": [0.310116112232, 2.01992034912, 3.17599749565, 5.92754220963, 19.7821369171, 11.8523054123, 12.0457878113, 23.5523605347, 18.6270751953, 23.9169883728, 26.7820472717, 27.2922935486, 23.8204593658, 29.2635707855, 25.3432788849, 19.7075214386, 9.72977828979, 13.7128667831, 11.176897049, 8.54709434509, 8.96201038361, 8.196849823, 10.3673992157, 7.13805150986, 10.1290330887, 6.24678993225, 3.8761973381, 3.23532509804, 3.38811922073, 2.79024267197, 2.06971788406, 1.55102682114, 1.09326338768, 1.15077984333, 0.478470951319, 0.150979980826, 0.0646424070001, 0.0168573223054, 0.000607615918852, 2.70216387435e-05],
        "dvar": [0.0757261440158, 3.76632547379, 7.44332313538, 30.7449264526, 576.942993164, 247.878890991, 374.77154541, 923.486877441, 499.768981934, 1399.10839844, 2036.3338623, 1793.09985352, 1453.86010742, 4309.62060547, 2060.32250977, 1349.52990723, 366.129852295, 695.626586914, 581.181213379, 264.472015381, 259.708770752, 161.66696167, 351.780059814, 383.099090576, 944.522644043, 94.8461914062, 33.6312866211, 24.8500328064, 40.2614402771, 16.821641922, 8.06736373901, 7.35626554489, 2.64240765572, 8.73745250702, 0.631752252579, 0.0541601665318, 0.0126702087, 0.00128483795561, 2.94797087008e-06, 8.73731920148e-10],
        "dvar2": [0.179139405489, 8.1064414978, 19.0326480865, 80.3850326538, 1418.88354492, 630.47668457, 929.201721191, 1937.78881836, 1275.54663086, 3417.42700195, 3273.60546875, 3881.6796875, 3041.0715332, 10525.6523438, 4594.20068359, 2316.9699707, 640.641906738, 1395.08862305, 1478.18017578, 463.823760986, 486.180511475, 297.546905518, 835.182617188, 1089.61499023, 2771.71606445, 233.918365479, 77.4803237915, 66.3409194946, 112.966346741, 47.9791183472, 22.9975223541, 20.6231632233, 7.43780183792, 25.4432907104, 1.79126322269, 0.150203585625, 0.0336327068508, 0.00356878619641, 8.21697722131e-06, 2.28043783856e-09],
        "max": [5.1610121727, 42.6716194153, 29.3505439758, 61.1294708252, 474.524719238, 238.810821533, 390.38482666, 436.293884277, 380.256347656, 719.52331543, 1163.56835938, 918.651306152, 711.61138916, 1475.64685059, 816.653747559, 661.36920166, 447.078491211, 565.880065918, 726.530578613, 377.461334229, 416.33404541, 234.567642212, 305.870666504, 338.113250732, 520.829711914, 144.748519897, 90.7819213867, 66.2761230469, 157.990020752, 67.701965332, 29.5212192535, 51.1542625427, 14.228055954, 52.3132705688, 7.41089868546, 2.01002597809, 1.41976499557, 0.494689255953, 0.0393348634243, 0.000572973513044],
        "mean": [0.399284571409, 2.64390444756, 3.72344756126, 5.71403741837, 12.8604831696, 9.48253059387, 16.4121417999, 32.8138542175, 23.8323192596, 24.5068645477, 41.3137550354, 44.0786018372, 48.09009552, 38.6573982239, 36.2293395996, 34.6680145264, 13.6936349869, 21.5168857574, 14.2854185104, 13.1399240494, 12.3202981949, 10.741396904, 11.7597494125, 6.45059585571, 6.22482442856, 6.77654409409, 4.45828580856, 2.88249707222, 3.27395915985, 2.44846606255, 1.34937810898, 0.935522854328, 0.655111789703, 0.545583844185, 0.263763010502, 0.0880969390273, 0.0356292501092, 0.00908135063946, 0.000299450795865, 4.69716942462e-05],
        "median": [0.269798874855, 1.71953344345, 2.57175135612, 2.80482959747, 3.20281457901, 3.04262852669, 5.28242015839, 12.8653278351, 9.70712375641, 9.020819664, 15.2238740921, 15.7736539841, 13.7745723724, 13.6545791626, 14.0978984833, 8.10589504242, 4.85499286652, 3.49520277977, 4.30437707901, 2.46392226219, 2.15266513824, 1.91547238827, 2.7292702198, 1.69699835777, 2.18508911133, 2.18169689178, 1.47734344006, 1.1211130619, 1.23657083511, 0.875975310802, 0.516404092312, 0.257636040449, 0.195379436016, 0.129132077098, 0.0657629966736, 0.0228961091489, 0.00717344880104, 0.00234698317945, 7.42865231587e-05, 3.89428751078e-05],
        "min": [1.26790205417e-22, 1.85636414291e-21, 2.26729317328e-20, 8.40537834612e-20, 8.53845942821e-20, 2.3332147829e-20, 1.84136944251e-19, 1.65185952074e-19, 2.19729672979e-19, 3.719125216e-18, 2.45743551986e-18, 3.03149948536e-18, 3.34006597798e-18, 2.10211967415e-18, 4.94035482004e-18, 5.09695417206e-18, 6.63258230563e-18, 2.72750171806e-18, 7.8888818861e-18, 9.3149900658e-18, 9.33220865743e-18, 8.61628714599e-18, 1.76386637245e-17, 1.37572394684e-17, 2.2226364566e-17, 1.7529482501e-17, 1.43393595527e-17, 1.51994338295e-17, 2.05675216763e-17, 2.07394743277e-17, 2.13259685431e-17, 2.02415331056e-17, 1.52582083207e-17, 1.19845136607e-17, 8.78718348772e-18, 6.35330255619e-18, 3.48919009881e-18, 1.31396316815e-18, 3.08714868145e-19, 4.16932180575e-20],
        "var": [0.188552841544, 10.8170118332, 16.5340023041, 60.0334434509, 831.656677246, 300.376342773, 938.800231934, 2689.8737793, 1401.54418945, 2547.59985352, 8425.41992188, 6117.59521484, 8416.30566406, 7596.20898438, 4343.66113281, 5234.41992188, 1203.90246582, 3443.70019531, 1225.4765625, 1425.76342773, 1317.63037109, 634.679931641, 617.33795166, 338.941345215, 535.328491211, 166.458221436, 73.9876480103, 29.2386207581, 37.3992347717, 16.1732730865, 6.84864902496, 5.59179973602, 2.2634203434, 5.25047636032, 0.495126843452, 0.0475855395198, 0.010818107985, 0.000901752209757, 1.89111096915e-06, 1.27113930493e-09]
    },
    "gfcc": {
        "mean": [-5.35964345932, 110.101043701, -94.6942443848, 23.2974014282, -58.7780570984, 17.2339782715, -22.5260257721, 14.958823204, -18.6604003906, 6.72015810013, -13.0005836487, 5.41537952423, -8.48909091949],
        "cov": [[3196.40600586, -502.633148193, -450.707305908, 359.870300293, -70.2052459717, 4.84507036209, -289.187316895, -64.4624023438, -130.716644287, 15.471906662, -131.372680664, -33.1485404968, -79.7605819702], [-502.633148193, 764.080322266, -33.6936378479, -138.741394043, 109.024147034, -60.5540771484, 134.320755005, -50.5842590332, 57.0702934265, -69.8244018555, 100.812492371, 12.7845954895, 91.4247055054], [-450.707305908, -33.6936378479, 799.657043457, 319.861480713, -6.92070102692, 125.682846069, 87.4098052979, 34.7701148987, -23.9147472382, -4.11579370499, -130.907943726, -86.8556976318, -63.8651924133], [359.870300293, -138.741394043, 319.861480713, 609.937255859, 72.9905776978, 98.7571487427, 46.7413444519, -25.7184734344, 0.713533937931, 22.0002765656, -136.474731445, -136.947219849, -56.4249076843], [-70.2052459717, 109.024147034, -6.92070102692, 72.9905776978, 250.470535278, 38.8637275696, -10.5950498581, 27.1765537262, 53.1098175049, 10.6411514282, 31.9726772308, 2.57722210884, 1.95898592472], [4.84507036209, -60.5540771484, 125.682846069, 98.7571487427, 38.8637275696, 122.230545044, 55.956401825, 39.8302001953, 10.0244922638, 16.7011528015, -20.931186676, -9.33961391449, -8.54016590118], [-289.187316895, 134.320755005, 87.4098052979, 46.7413444519, -10.5950498581, 55.956401825, 241.82244873, 38.3416061401, 49.5588150024, 21.7223682404, -0.808744311333, -7.78965902328, 29.9258594513], [-64.4624023438, -50.5842590332, 34.7701148987, -25.7184734344, 27.1765537262, 39.8302001953, 38.3416061401, 121.60030365, 57.1825370789, 36.1589355469, 18.6303863525, 8.71471977234, 1.52180612087], [-130.716644287, 57.0702934265, -23.9147472382, 0.713533937931, 53.1098175049, 10.0244922638, 49.5588150024, 57.1825370789, 121.881721497, 60.1987190247, 31.9530143738, -1.79385495186, 10.4776544571], [15.471906662, -69.8244018555, -4.11579370499, 22.0002765656, 10.6411514282, 16.7011528015, 21.7223682404, 36.1589355469, 60.1987190247, 109.653434753, 39.5215644836, 15.5569915771, -0.0703667402267], [-131.372680664, 100.812492371, -130.907943726, -136.474731445, 31.9726772308, -20.931186676, -0.808744311333, 18.6303863525, 31.9530143738, 39.5215644836, 140.809539795, 84.1656570435, 45.5328178406], [-33.1485404968, 12.7845954895, -86.8556976318, -136.947219849, 2.57722210884, -9.33961391449, -7.78965902328, 8.71471977234, -1.79385495186, 15.5569915771, 84.1656570435, 113.923118591, 46.8314704895], [-79.7605819702, 91.4247055054, -63.8651924133, -56.4249076843, 1.95898592472, -8.54016590118, 29.9258594513, 1.52180612087, 10.4776544571, -0.0703667402267, 45.5328178406, 46.8314704895, 79.6934967041]],
        "icov": [[0.000656103424262, -0.000384374056011, 0.000895532721188, -0.000936803466175, 0.000553244433831, -0.000510211742949, 0.000904346059542, -0.000791380880401, 0.000834071892314, -0.000749513448682, 0.00126552092843, -0.00122661073692, 0.000646678789053], [-0.000384374056011, 0.00407208083197, -0.00154934334569, 0.00172798766289, -0.00225164112635, 0.00205767294392, -0.00292629026808, 0.00357955787331, -0.00278298230842, 0.00419303681701, -0.00480959471315, 0.00432098144665, -0.0031896638684], [0.000895532721188, -0.00154934334569, 0.00343939522281, -0.00232325005345, 0.00152169272769, -0.00211766618304, 0.00142521678936, -0.00260910275392, 0.0022489822004, -0.00187215209007, 0.00362315587699, -0.00304231792688, 0.00245573860593], [-0.000936803466175, 0.00172798766289, -0.00232325005345, 0.00520368944854, -0.00262065208517, -0.000250718032476, -0.00210564024746, 0.00380019051954, -0.00136448815465, 8.2979340732e-06, -0.00146125897299, 0.00580427097157, -0.0027383081615], [0.000553244433831, -0.00225164112635, 0.00152169272769, -0.00262065208517, 0.00711858225986, -0.00342979072593, 0.00324550480582, -0.00232314993627, -0.00155472953338, 0.000113564834464, 0.000577443337534, -0.00310688372701, 0.00248421472497], [-0.000510211742949, 0.00205767294392, -0.00211766618304, -0.000250718032476, -0.00342979072593, 0.0149850267917, -0.00440720608458, -0.00219470378943, 0.00112022832036, 0.000766467070207, -0.00101869727951, -0.000102190992038, -0.000863300927449], [0.000904346059542, -0.00292629026808, 0.00142521678936, -0.00210564024746, 0.00324550480582, -0.00440720608458, 0.00863535050303, -0.00309614394791, -0.000135637747007, -0.00278382119723, 0.00390711380169, -0.00280948448926, -0.000388130400097], [-0.000791380880401, 0.00357955787331, -0.00260910275392, 0.00380019051954, -0.00232314993627, -0.00219470378943, -0.00309614394791, 0.016540678218, -0.00827827025205, 0.00291743176058, -0.0048293331638, 0.00433965353295, -0.00233008479699], [0.000834071892314, -0.00278298230842, 0.0022489822004, -0.00136448815465, -0.00155472953338, 0.00112022832036, -0.000135637747007, -0.00827827025205, 0.0199497584254, -0.0109888007864, 0.00317192776129, 0.000696941802744, 0.000376492913347], [-0.000749513448682, 0.00419303681701, -0.00187215209007, 8.2979340732e-06, 0.000113564834464, 0.000766467070207, -0.00278382119723, 0.00291743176058, -0.0109888007864, 0.0207708608359, -0.0104361679405, 0.002174960915, 0.000161817471962], [0.00126552092843, -0.00480959471315, 0.00362315587699, -0.00146125897299, 0.000577443337534, -0.00101869727951, 0.00390711380169, -0.0048293331638, 0.00317192776129, -0.0104361679405, 0.0247363932431, -0.0149023877457, 0.00135275139473], [-0.00122661073692, 0.00432098144665, -0.00304231792688, 0.00580427097157, -0.00310688372701, -0.000102190992038, -0.00280948448926, 0.00433965353295, 0.000696941802744, 0.002174960915, -0.0149023877457, 0.0274527091533, -0.0111833335832], [0.000646678789053, -0.0031896638684, 0.00245573860593, -0.0027383081615, 0.00248421472497, -0.000863300927449, -0.000388130400097, -0.00233008479699, 0.000376492913347, 0.000161817471962, 0.00135275139473, -0.0111833335832, 0.0226699393243]]
    },
    "melbands": {
        "dmean": [0.00167806562968, 0.00118625559844, 0.00083852338139, 0.000679944991134, 0.00027092997334, 0.000330186216161, 0.000167459074873, 0.000164709752426, 0.000155798930791, 0.000113800968393, 7.99648551038e-05, 7.18959345249e-05, 5.91151147091e-05, 4.17430019297e-05, 1.98773395823e-05, 1.79583294084e-05, 1.76377961907e-05, 1.14570511869e-05, 8.20225614007e-06, 1.06569495983e-05, 6.62808997731e-06, 5.99914801569e-06, 7.5167167779e-06, 4.56135330751e-06, 3.34465335072e-06, 4.61269337393e-06, 2.96244820674e-06, 2.58541490439e-06, 1.55342593189e-06, 1.40839244978e-06, 1.10991925339e-06, 1.14197678158e-06, 1.16465173505e-06, 8.92269724773e-07, 7.05313482285e-07, 6.04626734457e-07, 5.37531377631e-07, 4.21042415155e-07, 4.61310406763e-07, 5.77928346956e-07],
        "dmean2": [0.00261881086044, 0.00190817576367, 0.0014084961731, 0.00117357762065, 0.000426185899414, 0.000499363755807, 0.000275882979622, 0.00026337482268, 0.000221784692258, 0.000172903761268, 0.00011590008944, 0.000111525165266, 9.15978016565e-05, 5.99913946644e-05, 2.87802376988e-05, 2.55193172052e-05, 2.73101995845e-05, 1.82473449968e-05, 1.2867307305e-05, 1.58644706971e-05, 1.03122893051e-05, 8.89287730388e-06, 1.17010331451e-05, 7.2912325777e-06, 5.56924214834e-06, 8.43680936669e-06, 5.1845586313e-06, 4.24107474828e-06, 2.52667200584e-06, 2.26992733587e-06, 1.94047811419e-06, 1.9716458155e-06, 1.99807595891e-06, 1.55324369189e-06, 1.25597534861e-06, 1.07517178094e-06, 9.54241954787e-07, 7.48597642541e-07, 8.33723163396e-07, 1.0690422414e-06],
        "dvar": [5.89937053519e-06, 2.61215450337e-06, 2.06030404115e-06, 2.11470683098e-06, 4.56827649487e-07, 3.73050283997e-07, 1.11716978779e-07, 1.74120614815e-07, 1.41610627225e-07, 7.69293393432e-08, 3.5926046138e-08, 6.55541114725e-08, 2.53170320264e-08, 1.28448096604e-08, 2.03840100355e-09, 3.48607587242e-09, 3.30580407493e-09, 2.02180561182e-09, 8.00636390519e-10, 1.70135971977e-09, 2.81687145831e-10, 2.0378312926e-10, 4.03484967659e-10, 1.66785002476e-10, 2.40833075704e-10, 8.26375856633e-10, 9.06101998988e-11, 4.63588924193e-11, 1.37759942342e-11, 1.20728522665e-11, 1.08116692682e-11, 1.29685958153e-11, 1.41569317033e-11, 5.19218999392e-12, 3.01738104988e-12, 2.43769262588e-12, 3.7723808452e-12, 1.21462464652e-12, 1.87509101128e-12, 1.08896789155e-11],
        "dvar2": [1.33491685119e-05, 6.07110996498e-06, 5.19857076142e-06, 5.27797101313e-06, 1.16401599826e-06, 7.85762836131e-07, 2.84095875713e-07, 4.17878851522e-07, 2.36237880813e-07, 1.64726941421e-07, 7.45171320204e-08, 1.64933126712e-07, 5.72669023313e-08, 2.81495076138e-08, 3.9734979751e-09, 5.41153521993e-09, 6.61706334171e-09, 5.4553441764e-09, 1.25861909783e-09, 2.64838062591e-09, 5.95880844667e-10, 3.81197462485e-10, 8.45847614173e-10, 3.88046150768e-10, 6.83491319098e-10, 2.44100406555e-09, 2.52795478994e-10, 1.10952823318e-10, 3.28881956391e-11, 2.76675678895e-11, 3.05229244657e-11, 3.67296436321e-11, 3.94614271815e-11, 1.50175323566e-11, 8.62818583941e-12, 6.92930565357e-12, 1.06175190168e-11, 3.334342134e-12, 5.46990317624e-12, 3.19030010743e-11],
        "max": [0.0517254173756, 0.0306705720723, 0.0247897990048, 0.0221058763564, 0.0127885770053, 0.00864788237959, 0.00546693289652, 0.007538234815, 0.0096839806065, 0.00619891565293, 0.00351428613067, 0.00590027077124, 0.00320140877739, 0.00257597328164, 0.000892981071956, 0.00151909887791, 0.0013005209621, 0.00134548079222, 0.00107041466981, 0.00132084987126, 0.000298600760289, 0.000258418935118, 0.000303634646116, 0.000198456225917, 0.000268187315669, 0.00049529253738, 0.000142187724123, 0.000116315393825, 6.48380446364e-05, 6.84521219227e-05, 4.97236505907e-05, 8.50402648211e-05, 9.75598231889e-05, 2.97324640997e-05, 1.75300556293e-05, 1.61669231602e-05, 4.00203243771e-05, 9.8509945019e-06, 1.28705996758e-05, 6.15068565821e-05],
        "mean": [0.00359142548405, 0.00252878316678, 0.00127287651412, 0.000799757428467, 0.000547653413378, 0.000728178129066, 0.000344183761626, 0.000277297542198, 0.00032871379517, 0.000277743325569, 0.000224722316489, 0.000136861388455, 0.000126473372802, 9.84642683761e-05, 4.41649499408e-05, 3.32593626808e-05, 4.14317946706e-05, 2.11926380871e-05, 1.63411732501e-05, 2.44457041845e-05, 1.23518339024e-05, 1.08800613816e-05, 1.35832488013e-05, 7.80357368058e-06, 4.79946174892e-06, 4.40596704721e-06, 4.20275318902e-06, 4.69561291538e-06, 2.7818439321e-06, 2.29756233239e-06, 1.46971024151e-06, 1.78417201369e-06, 1.89820241303e-06, 1.16676949347e-06, 7.98324663265e-07, 6.19601848939e-07, 5.5267935295e-07, 4.56927892856e-07, 4.3215925416e-07, 4.76845173125e-07],
        "median": [0.00253943633288, 0.00183549977373, 0.000555588514544, 0.000216803702642, 0.000181473980774, 0.000306038418785, 0.000136002636282, 0.000100345110695, 0.000114053524157, 9.17990255402e-05, 5.47771342099e-05, 4.18716335844e-05, 4.73852851428e-05, 2.60198303295e-05, 1.41157643156e-05, 6.40983762423e-06, 5.55154338144e-06, 6.23992127657e-06, 4.4221119424e-06, 2.44227476287e-06, 2.51169240073e-06, 1.91277354133e-06, 2.43183944804e-06, 2.06534127756e-06, 1.20082665944e-06, 1.3463607047e-06, 1.53182406848e-06, 1.36494008984e-06, 9.48382989918e-07, 6.66784728764e-07, 5.91082880419e-07, 6.81601022734e-07, 5.59305419756e-07, 4.52255051187e-07, 2.9966597026e-07, 1.77992461659e-07, 1.34512418981e-07, 1.38918764492e-07, 1.19166081447e-07, 1.02595848261e-07],
        "min": [1.64011183336e-24, 7.79608907866e-24, 1.63893615451e-23, 3.04972856819e-24, 5.15301416559e-24, 4.00856592431e-24, 3.68945275548e-24, 4.56912559262e-23, 1.64116153112e-23, 2.03509326587e-23, 1.69370250731e-23, 8.09761143816e-24, 1.56042493069e-23, 1.27026208934e-23, 1.79563075156e-23, 1.00170583264e-23, 4.00926879937e-24, 1.23096293231e-23, 1.15182906058e-23, 1.45058015171e-23, 9.8107388564e-24, 7.60669146393e-24, 1.45374490389e-23, 1.36169619585e-23, 9.99118053328e-24, 1.89649797789e-23, 1.05426589926e-23, 1.20286189248e-23, 9.08693846548e-24, 8.63582520138e-24, 8.14047261772e-24, 1.3100318019e-23, 9.07171818317e-24, 1.25247587917e-23, 1.32644910175e-23, 1.17497455508e-23, 1.15303530779e-23, 1.0764538744e-23, 1.04375156669e-23, 9.45849984045e-24],
        "var": [1.6177775251e-05, 6.8026970439e-06, 4.06734898206e-06, 2.53874463851e-06, 9.37284028169e-07, 1.16702244668e-06, 2.92473970376e-07, 3.2778473269e-07, 5.69445262499e-07, 2.68388959057e-07, 2.02923018833e-07, 1.07910729241e-07, 5.35220756603e-08, 3.31007328214e-08, 7.04294134124e-09, 1.2064382382e-08, 1.69049805265e-08, 2.99097835388e-09, 3.19391402215e-09, 1.22013217307e-08, 8.77556527445e-10, 6.75852984688e-10, 1.09805486925e-09, 3.22288251642e-10, 2.25250165742e-10, 4.46125525411e-10, 7.50896775314e-11, 9.16961992448e-11, 2.91657982487e-11, 2.48836437566e-11, 8.92903979921e-12, 1.12561912916e-11, 1.42851017473e-11, 4.3156095017e-12, 2.50564412968e-12, 1.94278078867e-12, 2.6774622016e-12, 1.09993470495e-12, 1.34085190867e-12, 6.21028619155e-12]
    },
    "mfcc": {
        "mean": [-657.198181152, 144.276260376, 17.7124080658, 19.3422851562, -4.7009396553, 6.36930847168, 5.03140687943, 9.30264759064, 5.06270313263, 3.82377672195, 2.85979509354, 0.515637278557, 5.19194221497],
        "cov": [[2852.87817383, -705.702209473, -399.554992676, 155.013519287, 90.5969772339, 12.1273469925, -137.210098267, -148.578033447, -74.5024108887, -100.449317932, -72.6365509033, 45.8456726074, -104.398666382], [-705.702209473, 861.480102539, -154.784255981, -153.967056274, -42.5612754822, -61.0050201416, 31.6726207733, 62.9376487732, -37.4588813782, -56.283416748, -6.34372854233, 29.1158180237, 26.6125068665], [-399.554992676, -154.784255981, 717.049560547, 224.112915039, -2.96345853806, 152.250656128, 87.8441238403, 35.0731811523, 88.9047698975, 100.723251343, 30.8026599884, -121.612686157, -14.8291702271], [155.013519287, -153.967056274, 224.112915039, 374.02746582, 89.9099960327, 154.807662964, 40.2774543762, -0.339758247137, 86.8945922852, 70.4931640625, 34.5060806274, -40.0233840942, -26.3576717377], [90.5969772339, -42.5612754822, -2.96345853806, 89.9099960327, 284.099334717, 19.7268657684, -10.7186479568, 7.67198944092, -8.23353672028, 4.64412736893, 10.0756092072, 42.3209838867, -38.3457794189], [12.1273469925, -61.0050201416, 152.250656128, 154.807662964, 19.7268657684, 172.995574951, 56.9425086975, 16.1467227936, 58.1359977722, 34.1766281128, 14.0876836777, -25.0862350464, 3.27852678299], [-137.210098267, 31.6726207733, 87.8441238403, 40.2774543762, -10.7186479568, 56.9425086975, 108.873573303, 48.9998016357, 32.6545219421, 19.1163253784, 5.11297178268, -9.70576572418, 17.016834259], [-148.578033447, 62.9376487732, 35.0731811523, -0.339758247137, 7.67198944092, 16.1467227936, 48.9998016357, 95.2184143066, 42.0421066284, 19.6810569763, 8.89069366455, -11.7156639099, 13.5729761124], [-74.5024108887, -37.4588813782, 88.9047698975, 86.8945922852, -8.23353672028, 58.1359977722, 32.6545219421, 42.0421066284, 118.23588562, 80.2736816406, 33.1729393005, -19.0318546295, 8.2557516098], [-100.449317932, -56.283416748, 100.723251343, 70.4931640625, 4.64412736893, 34.1766281128, 19.1163253784, 19.6810569763, 80.2736816406, 119.488632202, 54.2344398499, -10.3661212921, 10.5213327408], [-72.6365509033, -6.34372854233, 30.8026599884, 34.5060806274, 10.0756092072, 14.0876836777, 5.11297178268, 8.89069366455, 33.1729393005, 54.2344398499, 89.2811203003, 27.978263855, 24.3074760437], [45.8456726074, 29.1158180237, -121.612686157, -40.0233840942, 42.3209838867, -25.0862350464, -9.70576572418, -11.7156639099, -19.0318546295, -10.3661212921, 27.978263855, 106.041877747, 33.5830879211], [-104.398666382, 26.6125068665, -14.8291702271, -26.3576717377, -38.3457794189, 3.27852678299, 17.016834259, 13.5729761124, 8.2557516098, 10.5213327408, 24.3074760437, 33.5830879211, 91.1834640503]],
