{
"lowlevel": {
    "average_loudness": 0.0327118374407,
    "barkbands_crest": {
        "dmean": 1.90029358864,
        "dmean2": 3.14658379555,
        "dvar": 2.96329927444,
        "dvar2": 8.06613349915,
        "max": 21.2752513885,
        "mean": 10.1684970856,
        "median": 10.0216655731,
        "min": 3.05608820915,
        "var": 10.8438720703
    },
    "barkbands_flatness_db": {
        "dmean": 0.0130688026547,
        "dmean2": 0.0205489769578,
        "dvar": 0.00012241951481,
        "dvar2": 0.00030013473588,
        "max": 0.287463277578,
        "mean": 0.122354000807,
        "median": 0.11773968488,
        "min": 0.0283047314733,
        "var": 0.0013565934496
    },
    "barkbands_kurtosis": {
        "dmean": 0.771738946438,
        "dmean2": 1.24240267277,
        "dvar": 4.47379255295,
        "dvar2": 10.0898838043,
        "max": 90.2275238037,
        "mean": -0.566112816334,
        "median": -1.2185331583,
        "min": -1.95263338089,
        "var": 11.7356090546
    },
    "barkbands_skewness": {
        "dmean": 0.367998808622,
        "dmean2": 0.578837692738,
        "dvar": 0.101292520761,
        "dvar2": 0.244340330362,
        "max": 8.01527786255,
        "mean": 0.327381670475,
        "median": 0.273992836475,
        "min": -2.58640599251,
        "var": 0.832309961319
    },
    "barkbands_spread": {
        "dmean": 8.36536693573,
        "dmean2": 13.5875787735,
        "dvar": 53.0512199402,
        "dvar2": 130.808441162,
        "max": 96.3811340332,
        "mean": 60.9107704163,
        "median": 61.0824584961,
        "min": 1.95669257641,
        "var": 279.121917725
    },
    "dissonance": {
        "dmean": 0.00935709197074,
        "dmean2": 0.016477195546,
        "dvar": 7.38470989745e-05,
        "dvar2": 0.000212050887058,
        "max": 0.499999940395,
        "mean": 0.486599296331,
        "median": 0.488949030638,
        "min": 0.438259571791,
        "var": 0.000100771976577
    },
    "dynamic_complexity": 6.32444238663,
    "erbbands_crest": {
        "dmean": 2.88343453407,
        "dmean2": 4.708776474,
        "dvar": 5.50924110413,
        "dvar2": 14.3102416992,
        "max": 28.5287799835,
        "mean": 13.6937208176,
        "median": 13.6200580597,
        "min": 3.14459013939,
        "var": 30.7563991547
    },
    "erbbands_flatness_db": {
        "dmean": 0.0173665490001,
        "dmean2": 0.0278529748321,
        "dvar": 0.000212267288589,
        "dvar2": 0.000507364689838,
        "max": 0.305852234364,
        "mean": 0.183400049806,
        "median": 0.177399933338,
        "min": 0.0829761847854,
        "var": 0.00140490126796
    },
    "erbbands_kurtosis": {
        "dmean": 2.42675423622,
        "dmean2": 3.94148445129,
        "dvar": 11.7610263824,
        "dvar2": 27.6298828125,
        "max": 45.6596870422,
        "mean": 2.5586130619,
        "median": 0.664729595184,
        "min": -1.78172278404,
        "var": 28.5643463135
    },
    "erbbands_skewness": {
        "dmean": 0.551370978355,
        "dmean2": 0.884892821312,
        "dvar": 0.235298842192,
        "dvar2": 0.567333459854,
        "max": 2.76534032822,
        "mean": -1.45924544334,
        "median": -1.30457651615,
        "min": -6.00494098663,
        "var": 1.20259130001
    },
    "erbbands_spread": {
        "dmean": 9.16494846344,
        "dmean2": 14.6187238693,
        "dvar": 71.5528335571,
        "dvar2": 176.110748291,
        "max": 114.890403748,
        "mean": 37.1811752319,
        "median": 35.2279853821,
        "min": 3.29885220528,
        "var": 311.08895874
    },
    "hfc": {
        "dmean": 2.81632018089,
        "dmean2": 4.59060335159,
        "dvar": 62.3033065796,
        "dvar2": 178.296615601,
        "max": 226.606048584,
        "mean": 11.1074428558,
        "median": 5.56136751175,
        "min": 1.14983981436e-16,
        "var": 396.895172119
    },
    "melbands_crest": {
        "dmean": 3.0924141407,
        "dmean2": 5.0324382782,
        "dvar": 7.92582082748,
        "dvar2": 19.6689414978,
        "max": 31.7590484619,
        "mean": 12.0390071869,
        "median": 10.1067810059,
        "min": 1.91942560673,
        "var": 37.9578514099
    },
    "melbands_flatness_db": {
        "dmean": 0.0173231102526,
        "dmean2": 0.0271341893822,
        "dvar": 0.000234988547163,
        "dvar2": 0.000569858180825,
        "max": 0.405792683363,
        "mean": 0.137156635523,
        "median": 0.126480072737,
        "min": 0.00582585204393,
        "var": 0.00248939823359
    },
    "melbands_kurtosis": {
        "dmean": 2.54821968079,
        "dmean2": 4.04290533066,
        "dvar": 31.6032829285,
        "dvar2": 74.0303878784,
        "max": 182.153518677,
        "mean": 2.88553786278,
        "median": 0.0153810977936,
        "min": -1.89716005325,
        "var": 106.594863892
    },
    "melbands_skewness": {
        "dmean": 0.535402357578,
        "dmean2": 0.834480583668,
        "dvar": 0.261030226946,
        "dvar2": 0.617108881474,
        "max": 9.56273555756,
        "mean": 1.35867297649,
        "median": 1.09410023689,
        "min": -1.20883464813,
        "var": 1.86422121525
    },
    "melbands_spread": {
        "dmean": 18.7422904968,
        "dmean2": 30.0093421936,
        "dvar": 268.776092529,
        "dvar2": 649.296875,
        "max": 185.522094727,
        "mean": 83.2468032837,
        "median": 80.1625595093,
        "min": 1.30054736137,
        "var": 1361.62768555
    },
    "pitch_salience": {
        "dmean": 0.0491916052997,
        "dmean2": 0.0812854990363,
        "dvar": 0.00176105240826,
        "dvar2": 0.00443016923964,
        "max": 0.854969024658,
        "mean": 0.510353386402,
        "median": 0.51480203867,
        "min": 0.219700887799,
        "var": 0.00535682355985
    },
    "silence_rate_20dB": {
        "dmean": 0,
        "dmean2": 0,
        "dvar": 0,
        "dvar2": 0,
        "max": 1,
        "mean": 1,
        "median": 1,
        "min": 1,
        "var": 0
    },
    "silence_rate_30dB": {
        "dmean": 0.00206185574643,
        "dmean2": 0.00412583816797,
        "dvar": 0.00205760565586,
        "dvar2": 0.00410881452262,
        "max": 1,
        "mean": 0.995878398418,
        "median": 1,
        "min": 0,
        "var": 0.00410459795967
    },
    "silence_rate_60dB": {
        "dmean": 0.0469072163105,
        "dmean2": 0.0938628166914,
        "dvar": 0.0447063148022,
        "dvar2": 0.10980643332,
        "max": 1,
        "mean": 0.463678508997,
        "median": 0,
        "min": 0,
        "var": 0.24868004024
    },
    "spectral_centroid": {
        "dmean": 319.428741455,
        "dmean2": 508.970214844,
        "dvar": 110512.570312,
        "dvar2": 234124.828125,
        "max": 11308.375,
        "mean": 3388.00415039,
        "median": 3401.69433594,
        "min": 276.035125732,
        "var": 545564
    },
    "spectral_complexity": {
        "dmean": 1.97680413723,
        "dmean2": 3.252191782,
        "dvar": 4.35458135605,
        "dvar2": 11.6233730316,
        "max": 46,
        "mean": 10.6373004913,
        "median": 8,
        "min": 0,
        "var": 101.936355591
    },
    "spectral_decrease": {
        "dmean": 4.64232957631e-10,
        "dmean2": 7.02257918483e-10,
        "dvar": 5.53605348766e-18,
        "dvar2": 1.17257302061e-17,
        "max": -1.02960900939e-28,
        "mean": -1.69641611869e-09,
        "median": -9.54361145666e-10,
        "min": -1.13988974704e-07,
        "var": 1.90434050018e-17
    },
    "spectral_energy": {
        "dmean": 0.00194320629817,
        "dmean2": 0.00296087516472,
        "dvar": 8.31012876006e-05,
        "dvar2": 0.000177876892849,
        "max": 0.436537563801,
        "mean": 0.00741014396772,
        "median": 0.00415915856138,
        "min": 1.08179722563e-20,
        "var": 0.000301930500427
    },
    "spectral_energyband_high": {
        "dmean": 0.000322065869113,
        "dmean2": 0.000527893251274,
        "dvar": 2.01894010843e-07,
        "dvar2": 4.90440811518e-07,
        "max": 0.0179409217089,
        "mean": 0.0010832947446,
        "median": 0.000756621186156,
        "min": 7.81061496773e-21,
        "var": 2.18536229113e-06
    },
    "spectral_energyband_low": {
        "dmean": 0.000999496201985,
        "dmean2": 0.00152211403474,
        "dvar": 8.47876654007e-05,
        "dvar2": 0.000195959684788,
        "max": 0.398067176342,
        "mean": 0.00164920883253,
        "median": 0.000440499628894,
        "min": 9.33857704786e-23,
        "var": 0.000127774444991
    },
    "spectral_energyband_middle_high": {
        "dmean": 0.00057135685347,
        "dmean2": 0.000932216469664,
        "dvar": 4.86478347739e-06,
        "dvar2": 1.40545416798e-05,
        "max": 0.0511945746839,
        "mean": 0.00183840072714,
        "median": 0.000228975652135,
        "min": 1.86496270153e-21,
        "var": 1.89230358956e-05
    },
    "spectral_energyband_middle_low": {
        "dmean": 0.00120120076463,
        "dmean2": 0.00201167957857,
        "dvar": 2.77343115158e-05,
        "dvar2": 8.3690691099e-05,
        "max": 0.178005039692,
        "mean": 0.00256131007336,
        "median": 0.000791228259914,
        "min": 2.51776633043e-22,
        "var": 8.16803149064e-05
    },
    "spectral_entropy": {
        "dmean": 0.121697127819,
        "dmean2": 0.196649566293,
        "dvar": 0.0116215674207,
        "dvar2": 0.027390729636,
        "max": 9.81772422791,
        "mean": 7.56241559982,
        "median": 7.59757661819,
        "min": 6.54909849167,
        "var": 0.0697223991156
    },
    "spectral_flux": {
        "dmean": 0.0056106694974,
        "dmean2": 0.00917198136449,
        "dvar": 9.94157089735e-05,
        "dvar2": 0.000250631943345,
        "max": 0.360590547323,
        "mean": 0.0353554971516,
        "median": 0.0299410615116,
        "min": 1.04009481583e-10,
        "var": 0.000916760240216
    },
    "spectral_kurtosis": {
        "dmean": 0.894888877869,
        "dmean2": 1.53683137894,
        "dvar": 0.695491731167,
        "dvar2": 2.04004359245,
        "max": 10.9289474487,
        "mean": 3.13185954094,
        "median": 2.8813290596,
        "min": -1.1541672945,
        "var": 1.86222076416
    },
    "spectral_rms": {
        "dmean": 0.000227078809985,
        "dmean2": 0.000353469571564,
        "dvar": 1.76146741637e-07,
        "dvar2": 3.93324057768e-07,
        "max": 0.0206371098757,
        "mean": 0.00213596550748,
        "median": 0.00201437715441,
        "min": 3.24871054537e-12,
        "var": 2.66706160801e-06
    },
    "spectral_rolloff": {
        "dmean": 513.433898926,
        "dmean2": 918.788024902,
        "dvar": 850716.3125,
        "dvar2": 2097602,
        "max": 17958.6914062,
        "mean": 4094.48510742,
        "median": 4565.0390625,
        "min": 150.732421875,
        "var": 1442583.125
    },
    "spectral_skewness": {
        "dmean": 0.170497387648,
        "dmean2": 0.287829637527,
        "dvar": 0.020621271804,
        "dvar2": 0.0563797168434,
        "max": 2.21765756607,
        "mean": 0.674082517624,
        "median": 0.678980827332,
        "min": -0.123545825481,
        "var": 0.0841545090079
    },
    "spectral_spread": {
        "dmean": 385544.96875,
        "dmean2": 600543.875,
        "dvar": 434511282176,
        "dvar2": 389623480320,
        "max": 38946664,
        "mean": 4194353.5,
        "median": 4140387.75,
        "min": 2153816.25,
        "var": 1.57488041165e+12
    },
    "spectral_strongpeak": {
        "dmean": 0.324590474367,
        "dmean2": 0.557963311672,
        "dvar": 1.84875845909,
        "dvar2": 4.52361106873,
        "max": 24.4008731842,
        "mean": 0.539089858532,
        "median": 0,
        "min": 0,
        "var": 5.13828802109
    },
    "zerocrossingrate": {
        "dmean": 0.0107464659959,
        "dmean2": 0.0138154132292,
        "dvar": 0.000181185780093,
        "dvar2": 0.000270965858363,
        "max": 0.48291015625,
        "mean": 0.124934844673,
        "median": 0.125,
        "min": 0.0146484375,
        "var": 0.000902836502064
    },
    "barkbands": {
        "dmean": [0.000179547481821, 3.97101248382e-05, 0.000624912325293, 0.000553281279281, 0.000529506185558, 0.000165073506651, 9.68090316746e-05, 8.40708016767e-05, 0.000273207348073, 0.00010227826715, 2.39099936152e-05, 2.92479035124e-05, 2.20177789743e-05, 5.46202645637e-05, 4.55340559711e-05, 5.52263954887e-05, 8.27861149446e-05, 6.11991854385e-05, 0.000444589211838, 0.000112127876491, 0.000277942453977, 2.85192145384e-05, 9.87760722637e-06, 7.3046730904e-06, 4.36746131527e-06, 2.96342932415e-06, 7.30898648271e-07],
        "dmean2": [0.000300372921629, 7.01942772139e-05, 0.00102598546073, 0.000848439114634, 0.000959670927841, 0.000277454179013, 0.000161136573297, 0.000139659096021, 0.000470313709229, 0.000165286342963, 3.9326834667e-05, 4.88054756715e-05, 3.61299571523e-05, 8.66319460329e-05, 7.85250667832e-05, 9.02609463083e-05, 0.000140392337926, 9.9523094832e-05, 0.000740878691431, 0.000185755983694, 0.000455788394902, 4.87863799208e-05, 1.63452496054e-05, 1.21424200188e-05, 7.31246518626e-06, 4.97163227919e-06, 1.24667963064e-06],
        "dvar": [4.99673156185e-08, 9.25424075149e-08, 5.83780420129e-05, 6.42617851554e-06, 1.58405946422e-05, 6.02001932748e-07, 4.92614198322e-08, 4.48553052479e-08, 4.22115789434e-07, 7.30603986199e-08, 3.66819152831e-09, 4.49904025146e-09, 2.54330467797e-09, 1.30356418993e-08, 9.29321331e-09, 2.91597057611e-08, 4.67803786819e-08, 3.64576031586e-08, 4.7483272283e-06, 7.80402089617e-08, 1.25838312215e-07, 8.19648704464e-09, 1.07427589047e-09, 3.08795128356e-10, 3.60863804116e-11, 1.42710660997e-11, 9.94885163835e-13],
        "dvar2": [1.35409536028e-07, 2.83437657345e-07, 0.000150402542204, 1.28798819787e-05, 5.22033333255e-05, 1.78826485353e-06, 1.33033253746e-07, 1.17483523354e-07, 1.21238679185e-06, 1.80332037303e-07, 8.70760086258e-09, 1.15723626237e-08, 6.80321177171e-09, 3.08394234594e-08, 2.63991370986e-08, 7.72319097564e-08, 1.31107100287e-07, 9.90203901097e-08, 1.40369484143e-05, 2.10597775663e-07, 3.26134824036e-07, 2.38926691765e-08, 2.72335953788e-09, 8.82248107903e-10, 9.58231827219e-11, 4.06986215562e-11, 2.88572746428e-12],
        "max": [0.00369765469804, 0.0090015353635, 0.303397506475, 0.0991064161062, 0.0918866842985, 0.023600069806, 0.00301511981525, 0.00354167702608, 0.00927027408034, 0.00927842687815, 0.00216631125659, 0.00124180712737, 0.00096454389859, 0.00260891951621, 0.00205521984026, 0.00560350995511, 0.00400584656745, 0.00354102207348, 0.0437227040529, 0.00647088559344, 0.00894210208207, 0.00301066925749, 0.00142902578227, 0.000639532983769, 0.000106256127765, 4.56867601315e-05, 8.65020138008e-06],
        "mean": [0.00125952053349, 4.38293463958e-05, 0.000667936226819, 0.000975154980551, 0.000658759323414, 0.000237527754507, 0.000142608550959, 0.000120360513392, 0.00037132712896, 0.000198494148208, 3.88926710002e-05, 4.86779354105e-05, 3.77356045647e-05, 0.00011707944941, 8.50745927892e-05, 0.000100814693724, 0.000180974282557, 0.000132604356622, 0.000844332505949, 0.000256714061834, 0.000729102583136, 8.16690662759e-05, 3.13082891807e-05, 2.48030810326e-05, 1.30330026877e-05, 1.06390416477e-05, 1.17302545277e-06],
        "median": [0.00125829153694, 1.08525891847e-05, 2.40834651777e-05, 8.11035861261e-05, 6.76312556607e-05, 5.43872884009e-05, 2.33087666857e-05, 2.83983426925e-05, 8.32465520944e-05, 2.39449182118e-05, 1.01351715784e-05, 1.22452292999e-05, 9.24189407669e-06, 2.41620891757e-05, 1.78021346073e-05, 1.13166379379e-05, 1.61874759215e-05, 8.93454853212e-06, 1.588577652e-05, 8.16451793071e-05, 0.000549801101442, 2.39022574533e-05, 9.87912335404e-06, 1.50781052071e-05, 9.79439118964e-06, 8.35335049487e-06, 6.93545018748e-07],
        "min": [4.88460842356e-23, 2.74277060207e-23, 1.46033694116e-23, 4.665906835e-23, 2.67983969667e-23, 2.55869906062e-23, 6.98224068872e-23, 3.85054588316e-23, 3.6691813968e-23, 7.24591145095e-23, 8.03678868465e-23, 1.47530393601e-22, 9.0473939727e-23, 6.95756953723e-23, 1.66114391428e-22, 3.05490588598e-22, 2.73144237014e-22, 1.53043016715e-22, 2.94170421986e-22, 4.10627092281e-22, 5.34248411887e-22, 4.64045041981e-22, 4.88704455225e-22, 8.46546756501e-22, 1.29430703358e-21, 1.86416197616e-21, 2.26271803246e-21],
        "var": [9.14250733786e-07, 9.15369611221e-08, 6.49465873721e-05, 1.55371471919e-05, 2.30232562899e-05, 8.80816116933e-07, 8.90386857577e-08, 6.80055052271e-08, 5.5640816754e-07, 3.3802578514e-07, 8.75827055324e-09, 9.7741361671e-09, 6.60441346056e-09, 4.55202737726e-08, 2.28680434589e-08, 7.77650441819e-08, 1.48421023027e-07, 1.12685178522e-07, 1.02423919088e-05, 2.73986842103e-07, 6.25398513421e-07, 5.87177737543e-08, 9.00565932938e-09, 2.1925867788e-09, 1.60508883962e-10, 8.47394099335e-11, 1.78860734817e-12]
    },
    "erbbands": {
        "dmean": [0.00114509405103, 0.0175118539482, 0.464538097382, 1.59378087521, 1.55586922169, 1.66300415993, 1.79281067848, 1.2038795948, 1.56697058678, 1.34609544277, 2.99047923088, 6.37428474426, 3.06697654724, 1.78777706623, 1.03468453884, 0.975634872913, 0.834277808666, 2.43055987358, 2.53145027161, 2.30692362785, 4.16570806503, 3.54706406593, 2.17112588882, 18.8426399231, 10.3680801392, 4.90701198578, 14.0434169769, 7.32420778275, 1.25488829613, 0.445602118969, 0.296361327171, 0.176667451859, 0.132191598415, 0.0503832623363, 0.0367358326912, 0.0160292796791, 0.00521968305111, 0.00206496985629, 4.32076158177e-05, 2.97626024803e-06],
        "dmean2": [0.00198519090191, 0.0315800756216, 0.782440662384, 2.35180997849, 2.71410369873, 3.10709071159, 3.0782456398, 2.01464104652, 2.60219860077, 2.1733083725, 5.03109836578, 11.1068906784, 4.98197650909, 2.89758634567, 1.66795372963, 1.57213127613, 1.33420991898, 3.81913805008, 4.32762861252, 3.92508721352, 6.99898433685, 6.04509019852, 3.66266036034, 31.5547561646, 17.0532264709, 8.12473011017, 23.2460784912, 11.9317941666, 2.15114045143, 0.7273889184, 0.494338780642, 0.289571136236, 0.224698409438, 0.084669098258, 0.0621743053198, 0.0266894605011, 0.00885192770511, 0.003486282425, 7.32462431188e-05, 4.66355913886e-06],
        "dvar": [7.37770142223e-06, 0.042773488909, 33.2864646912, 114.652503967, 73.4993286133, 171.210830688, 285.515838623, 18.940410614, 13.4235162735, 12.168718338, 56.6149635315, 224.63230896, 55.4634590149, 18.1241931915, 6.88890838623, 4.5495929718, 3.4062564373, 30.9696712494, 27.1602249146, 70.7951202393, 125.465576172, 98.094909668, 46.3417129517, 7698.82958984, 2428.41625977, 170.563201904, 401.075897217, 99.2856216431, 14.2368469238, 2.7542989254, 1.58709526062, 0.268484294415, 0.0695897042751, 0.005527342204, 0.00245709018782, 0.000399621523684, 4.3931962864e-05, 7.44353610571e-06, 3.32862626351e-09, 1.07535126637e-10],
        "dvar2": [1.99060923478e-05, 0.125909522176, 89.6500320435, 216.403182983, 221.545379639, 575.001647949, 834.85748291, 51.4907684326, 36.5863075256, 29.0089855194, 155.052200317, 657.433044434, 135.052352905, 45.5655784607, 13.5776805878, 10.6508741379, 8.49850082397, 71.7607269287, 74.8978271484, 179.271560669, 331.312988281, 289.948242188, 120.801513672, 22904.6191406, 7037.45263672, 454.040893555, 1104.35192871, 253.787277222, 42.7303390503, 6.7203040123, 4.01715564728, 0.660288751125, 0.203061550856, 0.0152050293982, 0.00677050184458, 0.00114045769442, 0.000127881081426, 2.12013474084e-05, 9.50485024021e-09, 2.37647568291e-10],
        "max": [0.105227157474, 7.11124801636, 218.045211792, 487.115234375, 193.258453369, 287.876800537, 556.197998047, 122.255523682, 43.2996673584, 65.8010177612, 156.65788269, 174.35546875, 311.38482666, 91.197013855, 86.6510162354, 61.4639015198, 39.1995239258, 150.51663208, 63.0586357117, 266.915649414, 244.179794312, 225.009979248, 214.374862671, 1772.19848633, 1066.4197998, 310.230163574, 520.376159668, 262.604766846, 126.798416138, 70.9429473877, 55.9124259949, 19.7754993439, 7.04282665253, 1.75777292252, 0.644642293453, 0.224744603038, 0.0749047547579, 0.0297354273498, 0.000639177334961, 0.000480382615933],
        "mean": [0.00361075461842, 0.0195272061974, 0.490483820438, 2.62127137184, 2.15770745277, 1.9615238905, 2.5406062603, 1.94758725166, 2.35983252525, 2.07356739044, 4.5005068779, 8.5127248764, 6.08264303207, 3.5929145813, 1.89033079147, 1.73437011242, 1.74685072899, 5.36170244217, 5.21762466431, 4.6777176857, 8.17405033112, 8.02901554108, 5.76094055176, 37.08751297, 22.0072422028, 13.1210575104, 34.0132217407, 18.1134223938, 3.71339297295, 1.37336850166, 0.878480374813, 0.567545115948, 0.401000767946, 0.136113658547, 0.105424419045, 0.0465572178364, 0.0171460770071, 0.00515734916553, 0.000111324319732, 1.31409033202e-05],
        "median": [0.003241579514, 0.00251955864951, 0.0229771379381, 0.189191281796, 0.317442268133, 0.200046569109, 0.247179180384, 0.423744827509, 0.404107272625, 0.453894048929, 1.0955811739, 1.95707535744, 0.889570713043, 0.7743242383, 0.547734439373, 0.482913225889, 0.531155526638, 1.08011484146, 1.30049550533, 0.664224565029, 0.833219230175, 0.828966021538, 0.473415493965, 0.787477612495, 0.791110515594, 4.05814743042, 24.0907077789, 13.1890945435, 1.65689074993, 0.385097146034, 0.282346099615, 0.269782692194, 0.265529096127, 0.0941651538014, 0.0796949267387, 0.0347784422338, 0.0138353770599, 0.00373708130792, 8.23555674287e-05, 9.07389039639e-06],
        "min": [1.82077942265e-21, 2.85754914434e-21, 1.22467538967e-20, 1.03223112546e-19, 9.70558736184e-20, 1.1768822025e-19, 7.91195412474e-20, 3.00921922046e-19, 7.53702882523e-19, 8.43866551568e-19, 1.07344220708e-18, 9.04686401973e-19, 1.71782789838e-18, 3.07080235178e-18, 2.37089795213e-18, 6.0965266689e-18, 5.88756761128e-18, 2.37647707857e-18, 5.4462315993e-18, 1.58164824423e-17, 1.3551899326e-17, 1.63451947832e-17, 9.12441592447e-18, 1.33688517011e-17, 1.51651405757e-17, 1.99458755937e-17, 1.53628797555e-17, 2.25646483493e-17, 2.03482576026e-17, 1.54295058451e-17, 1.25167142222e-17, 1.64311024529e-17, 1.498874431e-17, 1.3080503157e-17, 9.49876147377e-18, 6.88033944271e-18, 3.41103952211e-18, 1.5526503732e-18, 3.59821369262e-19, 2.83844571505e-20],
        "var": [1.78376194526e-05, 0.0379394888878, 32.4929428101, 252.67678833, 96.7541351318, 228.361450195, 475.585601807, 42.1982460022, 24.412607193, 22.8873138428, 83.6873626709, 285.149047852, 287.880187988, 66.1383514404, 18.0846710205, 11.5113115311, 10.9234189987, 120.847351074, 74.3179550171, 191.597702026, 348.584472656, 297.233978271, 194.298797607, 15847.3134766, 6232.79492188, 735.115844727, 1725.01916504, 393.16583252, 85.6924057007, 18.6584434509, 9.04980373383, 2.07349586487, 0.379545003176, 0.0243404749781, 0.00990617927164, 0.00177971634548, 0.000218472065171, 2.39870587393e-05, 1.11547455717e-08, 4.90186613522e-10]
    },
    "gfcc": {
        "mean": [-103.976966858, 32.3030738831, -121.438018799, 43.4449768066, -71.4960327148, -0.808038592339, -21.37890625, 7.06434059143, -31.8333454132, 20.3805141449, -35.8638153076, -9.49942970276, -4.72416830063],
        "cov": [[11130.3134766, 563.524291992, -221.687408447, -100.228530884, 237.212051392, -445.98815918, -776.708679199, 95.6596221924, -112.988838196, -846.38079834, 46.5396614075, 182.556228638, -702.717468262], [563.524291992, 299.551574707, 5.55323553085, -39.1517066956, 37.5140266418, -19.2814006805, -43.7191314697, -39.3455734253, -40.7610435486, -86.0974578857, -34.292098999, -37.1584396362, -50.4976158142], [-221.687408447, 5.55323553085, 1180.60632324, 277.744384766, -42.0637245178, 85.1585998535, -10.2853450775, -255.528381348, -156.805664062, 23.1614303589, -215.900253296, -124.00818634, -89.5113677979], [-100.228530884, -39.1517066956, 277.744384766, 296.549224854, 33.9035224915, -32.7459373474, -43.7262458801, -77.4991073608, -55.8523139954, -63.5777511597, -67.2329711914, -50.2737464905, -15.8443393707], [237.212051392, 37.5140266418, -42.0637245178, 33.9035224915, 130.114456177, 21.9939689636, -30.2725315094, -18.3021354675, -29.0263290405, -62.4605789185, -16.7011165619, -14.2068519592, -32.1437034607], [-445.98815918, -19.2814006805, 85.1585998535, -32.7459373474, 21.9939689636, 151.290771484, 84.2775192261, -54.5863800049, -34.1970024109, 45.1228370667, -47.8843269348, -42.1604957581, 14.5025472641], [-776.708679199, -43.7191314697, -10.2853450775, -43.7262458801, -30.2725315094, 84.2775192261, 155.905395508, 19.9933204651, 4.0402469635, 61.2982025146, -25.1445045471, -41.5780143738, 24.687746048], [95.6596221924, -39.3455734253, -255.528381348, -77.4991073608, -18.3021354675, -54.5863800049, 19.9933204651, 158.670684814, 81.4594955444, -10.7228088379, 49.1125640869, 27.1046657562, 2.3346092701], [-112.988838196, -40.7610435486, -156.805664062, -55.8523139954, -29.0263290405, -34.1970024109, 4.0402469635, 81.4594955444, 108.915420532, 47.530166626, 23.081401825, -0.0626153722405, 5.9057264328], [-846.38079834, -86.0974578857, 23.1614303589, -63.5777511597, -62.4605789185, 45.1228370667, 61.2982025146, -10.7228088379, 47.530166626, 178.490753174, 20.9941196442, -10.0334711075, 60.3919715881], [46.5396614075, -34.292098999, -215.900253296, -67.2329711914, -16.7011165619, -47.8843269348, -25.1445045471, 49.1125640869, 23.081401825, 20.9941196442, 134.303512573, 99.3943405151, 37.9404640198], [182.556228638, -37.1584396362, -124.00818634, -50.2737464905, -14.2068519592, -42.1604957581, -41.5780143738, 27.1046657562, -0.0626153722405, -10.0334711075, 99.3943405151, 142.34866333, 62.1866226196], [-702.717468262, -50.4976158142, -89.5113677979, -15.8443393707, -32.1437034607, 14.5025472641, 24.687746048, 2.3346092701, 5.9057264328, 60.3919715881, 37.9404640198, 62.1866226196, 140.875762939]],
        "icov": [[0.000362025457434, -3.2695435948e-05, 0.000218860470341, 0.000297943537589, 0.000552297744434, -0.000293657067232, 0.00149819895159, -0.000246280018473, 0.000483224721393, 0.000634479627479, 0.000736631336622, -0.00098355486989, 0.00180801737588], [-3.2695435948e-05, 0.00614693947136, -0.000296589540085, 0.00394510244951, -0.000738110102247, 0.00303826248273, 0.000146235499415, 0.00352430925705, 0.000390268018236, 0.00435427948833, -0.000938924204092, 0.00482953898609, -0.00203168042935], [0.000218860470341, -0.000296589540085, 0.003074885346, -0.00203992589377, 0.00253163953312, -0.000870643067174, 0.0017043290427, 0.000561768421903, 0.00329092144966, -0.00293906172737, 0.00547906197608, -0.00400403980166, 0.00448289467022], [0.000297943537589, 0.00394510244951, -0.00203992589377, 0.00986411236227, -0.00240455265157, 0.00564795220271, 0.000541460292879, 0.00422250805423, -0.000536763167474, 0.00704361591488, -0.00213406421244, 0.00689593190327, -0.00404767505825], [0.000552297744434, -0.000738110102247, 0.00253163953312, -0.00240455265157, 0.0141598349437, -0.00687532080337, 0.00658664712682, -0.0010941157816, 0.00307084689848, 0.00223355274647, 0.00252190930769, -0.00218468857929, 0.00582998991013], [-0.000293657067232, 0.00303826248273, -0.000870643067174, 0.00564795220271, -0.00687532080337, 0.0195832289755, -0.00989115983248, 0.00746641401201, 0.00145722995512, -0.000299651001114, 0.00229475554079, 0.00349135324359, -0.00436066556722], [0.00149819895159, 0.000146235499415, 0.0017043290427, 0.000541460292879, 0.00658664712682, -0.00989115983248, 0.0214920360595, -0.00849282182753, 0.00760474987328, -0.000741571129765, 0.0042619286105, -0.000511205231305, 0.00664201332256], [-0.000246280018473, 0.00352430925705, 0.000561768421903, 0.00422250805423, -0.0010941157816, 0.00746641401201, -0.00849282182753, 0.0214836262167, -0.0125552583486, 0.00871321093291, -0.00362386321649, 0.0030147661455, -0.00258308392949], [0.000483224721393, 0.000390268018236, 0.00329092144966, -0.000536763167474, 0.00307084689848, 0.00145722995512, 0.00760474987328, -0.0125552583486, 0.0274557303637, -0.0114038968459, 0.0087358886376, -0.00215276377276, 0.00634231045842], [0.000634479627479, 0.00435427948833, -0.00293906172737, 0.00704361591488, 0.00223355274647, -0.000299651001114, -0.000741571129765, 0.00871321093291, -0.0114038968459, 0.0224645379931, -0.0110758813098, 0.0107678072527, -0.00674601597711], [0.000736631336622, -0.000938924204092, 0.00547906197608, -0.00213406421244, 0.00252190930769, 0.00229475554079, 0.0042619286105, -0.00362386321649, 0.0087358886376, -0.0110758813098, 0.0310873091221, -0.0220113545656, 0.0119575560093], [-0.00098355486989, 0.00482953898609, -0.00400403980166, 0.00689593190327, -0.00218468857929, 0.00349135324359, -0.000511205231305, 0.0030147661455, -0.00215276377276, 0.0107678072527, -0.0220113545656, 0.0329786203802, -0.01891727373], [0.00180801737588, -0.00203168042935, 0.00448289467022, -0.00404767505825, 0.00582998991013, -0.00436066556722, 0.00664201332256, -0.00258308392949, 0.00634231045842, -0.00674601597711, 0.0119575560093, -0.01891727373, 0.0261963829398]]
    },
    "melbands": {
        "dmean": [1.63797612913e-05, 0.000173124979483, 0.00024692498846, 0.00010981268133, 6.75612900523e-05, 2.87061302515e-05, 2.30433815886e-05, 1.52373158926e-05, 3.45131520589e-05, 3.61549646186e-05, 1.5977097064e-05, 8.66051323101e-06, 3.34172341354e-06, 3.6716833165e-06, 1.66795280165e-06, 3.15520310323e-06, 4.86085627927e-06, 4.69444512419e-06, 2.90654702439e-06, 2.45422484113e-06, 6.95024846209e-06, 5.02600460095e-06, 1.79398091404e-06, 3.13864279633e-06, 1.77326091944e-05, 1.77299007191e-05, 1.65238554928e-06, 4.10692018704e-06, 8.9487666628e-06, 8.88614067662e-06, 3.54611120201e-06, 8.34282957385e-07, 3.85780964507e-07, 2.43477671802e-07, 1.95221602439e-07, 1.42313666629e-07, 1.17422260359e-07, 1.10634715611e-07, 6.67343158511e-08, 4.49742039166e-08],
        "dmean2": [2.85357764369e-05, 0.00029133236967, 0.000364107982023, 0.000199598056497, 0.000121825913084, 4.76609166071e-05, 3.83814767702e-05, 2.47073257924e-05, 5.87601716688e-05, 6.28657217021e-05, 2.58821746684e-05, 1.41002637974e-05, 5.28020518686e-06, 6.05579771218e-06, 2.7855985536e-06, 4.98460258314e-06, 7.72710700403e-06, 7.99098506832e-06, 4.92000117447e-06, 4.18584022555e-06, 1.17458857858e-05, 8.53974324855e-06, 3.00077158499e-06, 5.17133639732e-06, 2.97177884931e-05, 2.93434441119e-05, 2.73217801805e-06, 6.78416699884e-06, 1.51346657731e-05, 1.45955264088e-05, 5.83551309319e-06, 1.42400404002e-06, 6.60456180412e-07, 3.94257597236e-07, 3.27902483832e-07, 2.35275138039e-07, 1.94700646716e-07, 1.86874061114e-07, 1.10702366385e-07, 7.57490710157e-08],
        "dvar": [1.764920321e-09, 4.74707258036e-06, 2.23911933972e-06, 5.6167874618e-07, 4.17570873879e-07, 1.00437302919e-08, 2.82900924908e-09, 1.54191848178e-09, 7.81662823357e-09, 6.92444945827e-09, 1.5687426913e-09, 4.66234162388e-10, 8.04718860992e-11, 7.76610789566e-11, 1.35561778816e-11, 6.62711968635e-11, 1.1249128018e-10, 9.55083442888e-11, 5.1401376211e-11, 9.24021137383e-11, 3.52600809661e-10, 1.79192743976e-10, 4.64852878412e-11, 9.90390824906e-11, 6.90220636201e-09, 7.79947306739e-09, 1.71513792752e-11, 1.54312271294e-10, 1.94495336503e-10, 1.25038951415e-10, 2.62219655711e-11, 8.72302143712e-12, 1.36577630715e-12, 8.65929127448e-13, 7.04829261362e-13, 1.96468248571e-13, 1.00694910851e-13, 4.64756610475e-14, 1.23065942067e-14, 4.53293620426e-15],
        "dvar2": [5.20250864611e-09, 1.272053305e-05, 4.03696412832e-06, 1.85638202765e-06, 1.23128677387e-06, 2.76226828078e-08, 7.71801644817e-09, 3.75045861034e-09, 2.18031797061e-08, 2.02088106249e-08, 3.84441056767e-09, 1.17919252141e-09, 1.74238817818e-10, 1.98724425804e-10, 3.60692795076e-11, 1.64009486547e-10, 2.70307248806e-10, 2.58614768489e-10, 1.37136788037e-10, 2.28674676417e-10, 9.36941968455e-10, 5.2471899048e-10, 1.28490190709e-10, 2.6818822163e-10, 2.05543244647e-08, 2.27690453158e-08, 4.47075675092e-11, 4.12186229592e-10, 5.42484390742e-10, 3.39680811257e-10, 6.55546728012e-11, 2.54628661905e-11, 4.04701532702e-12, 2.05155488951e-12, 1.85600254783e-12, 4.62190940902e-13, 2.6740193176e-13, 1.37470736834e-13, 3.51695567471e-14, 1.20438979495e-14],
        "max": [0.00133342656773, 0.0833652541041, 0.0703819394112, 0.0164333377033, 0.0206052586436, 0.00269308662973, 0.000587119604461, 0.000734676606953, 0.00173429166898, 0.00094527908368, 0.00160107226111, 0.000497558678035, 0.00035688423668, 0.000157994509209, 6.91820896463e-05, 0.000208246798138, 0.000256964151049, 0.00013648121967, 0.000192990657524, 0.00031489355024, 0.000342353305314, 0.000258618965745, 0.000153476081323, 0.000182539850357, 0.00165191444103, 0.00180053873919, 7.38770395401e-05, 0.000288118724711, 0.000384564948035, 0.000247662392212, 0.000108630207251, 8.86312773218e-05, 3.76169664378e-05, 3.86040192097e-05, 3.53601353709e-05, 1.86248216778e-05, 1.09719812826e-05, 5.05851858179e-06, 3.17236435876e-06, 1.37603069561e-06],
        "mean": [6.44644896965e-05, 0.000180838382221, 0.00043055426795, 0.000136739341542, 9.63282072917e-05, 4.47404527222e-05, 3.49279034708e-05, 2.24236700888e-05, 4.84780830448e-05, 4.89127705805e-05, 3.04384957417e-05, 1.66245590663e-05, 5.76166257815e-06, 5.90679928791e-06, 2.75324441645e-06, 5.889145541e-06, 1.01826208265e-05, 8.89491002454e-06, 5.91752132095e-06, 4.62304797111e-06, 1.24819125631e-05, 1.06123416117e-05, 3.30154330186e-06, 6.78630158291e-06, 3.41048471455e-05, 3.37960445904e-05, 3.81403219762e-06, 9.06538571144e-06, 1.98075904336e-05, 2.04413863685e-05, 7.1925114753e-06, 2.03705508284e-06, 9.66754100773e-07, 6.28288148619e-07, 4.93272011681e-07, 4.30920067629e-07, 3.1400159628e-07, 3.08839815943e-07, 1.78377874249e-07, 9.37654647259e-08],
        "median": [5.96456957282e-05, 8.45876456879e-06, 4.02746954933e-05, 1.98694669962e-05, 7.85335396358e-06, 9.91809156403e-06, 6.03085436524e-06, 4.80843846162e-06, 1.10890714495e-05, 1.13362648335e-05, 3.80212441087e-06, 3.06595370603e-06, 1.59724265814e-06, 1.38579025588e-06, 8.93908008948e-07, 1.13487658382e-06, 2.01060424843e-06, 2.13954717765e-06, 1.11173494588e-06, 6.30327804174e-07, 1.06705704184e-06, 9.51198387611e-07, 4.41701473619e-07, 4.22223109808e-07, 6.47643219054e-07, 5.72462568016e-07, 5.35171750471e-07, 2.37428298533e-06, 1.32244776978e-05, 1.50061505337e-05, 4.60968567495e-06, 5.97197242769e-07, 2.91821834253e-07, 1.41936340015e-07, 1.36210871915e-07, 1.85043845136e-07, 1.51264075043e-07, 2.03358681006e-07, 1.13671994484e-07, 6.39669650582e-08],
        "min": [1.40057157681e-23, 4.910029624e-24, 1.70829501411e-23, 8.41887109751e-24, 3.1491567939e-24, 5.71649119931e-24, 1.3307471315e-23, 9.04607547059e-24, 8.69424824002e-24, 5.16250771216e-24, 8.96168076436e-24, 1.28282848579e-23, 8.9322018212e-24, 1.14072426561e-23, 1.95296164381e-23, 7.79930053141e-24, 4.35999478011e-24, 7.67453271292e-24, 1.62436037156e-23, 2.06397867009e-23, 1.58731120361e-23, 1.68058643258e-23, 1.06376394233e-23, 8.57093744762e-24, 1.09251634461e-23, 1.15387607574e-23, 1.28110900567e-23, 1.33450826253e-23, 6.15689173231e-24, 1.76778222611e-23, 1.09081295725e-23, 1.29022066467e-23, 7.16090458867e-24, 9.37976600008e-24, 6.43071994644e-24, 9.68079926582e-24, 9.31582330168e-24, 9.40879923683e-24, 1.19434448241e-23, 1.07814511329e-23],
        "var": [4.45448700148e-09, 4.78454330732e-06, 5.63755202165e-06, 6.5132076088e-07, 7.22152549315e-07, 2.07291606102e-08, 5.11709030704e-09, 2.69060640434e-09, 1.05891597713e-08, 9.09057629173e-09, 7.93292898038e-09, 1.68239611131e-09, 1.93737179077e-10, 1.56832491438e-10, 2.63208604218e-11, 2.03288053058e-10, 4.14226153378e-10, 2.36030445189e-10, 1.44914066857e-10, 2.45206882576e-10, 8.47055092734e-10, 5.18433240781e-10, 9.3575640292e-11, 2.95035162967e-10, 1.38082079104e-08, 1.83014918775e-08, 6.77007755412e-11, 4.65257471438e-10, 7.11555425692e-10, 4.70387451212e-10, 8.28154281263e-11, 3.92168034158e-11, 7.30150401945e-12, 4.64039223713e-12, 3.28763817385e-12, 1.47716279313e-12, 5.66632353018e-13, 2.09388265732e-13, 7.17040562668e-14, 1.06562902694e-14]
    },
    "mfcc": {
        "mean": [-746.442626953, 70.8415756226, -1.44193208218, 40.5785064697, -21.9717350006, 7.55919265747, 6.64476490021, -16.1221542358, 23.0077533722, 6.54357242584, -4.99341773987, 11.20860672, -18.355840683],
        "cov": [[10581.0380859, 457.52230835, -653.217834473, 112.665992737, 491.347991943, -647.671691895, -538.43560791, 706.484558105, -902.745666504, -10.481754303, -0.724636077881, -747.116699219, 170.89704895], [457.52230835, 316.232574463, -8.26497459412, -79.2339630127, 4.78609037399, 1.56338560581, 5.34550619125, -11.8534269333, -24.5401687622, -27.3774700165, -8.83016490936, -15.793806076, -42.0654792786], [-653.217834473, -8.26497459412, 975.75, 218.455612183, 58.3559646606, 269.270690918, 40.7299537659, -157.289337158, 65.8877334595, -77.3738937378, -82.5944671631, 87.552116394, -141.738327026], [112.665992737, -79.2339630127, 218.455612183, 275.883789062, 96.3561706543, 3.20092749596, -40.7720222473, 8.05962944031, -38.539100647, -31.0128879547, -50.6480369568, -63.8971405029, -28.5350112915], [491.347991943, 4.78609037399, 58.3559646606, 96.3561706543, 154.264068604, 24.7068138123, -29.751996994, 14.687997818, -54.2188873291, -26.4821090698, -35.2914733887, -65.3307113647, -22.4090557098], [-647.671691895, 1.56338560581, 269.270690918, 3.20092749596, 24.7068138123, 255.110412598, 95.3449172974, -101.411987305, 69.2403335571, -33.2210731506, -41.1722297668, 58.7605209351, -85.1082305908], [-538.43560791, 5.34550619125, 40.7299537659, -40.7720222473, -29.751996994, 95.3449172974, 139.20942688, -17.0105304718, 42.0265388489, -25.8119487762, -21.5819244385, 36.1970443726, -21.1046104431], [706.484558105, -11.8534269333, -157.289337158, 8.05962944031, 14.687997818, -101.411987305, -17.0105304718, 160.991485596, -57.0301933289, 3.73085570335, -0.0950977429748, -81.7055664062, 36.2162437439], [-902.745666504, -24.5401687622, 65.8877334595, -38.539100647, -54.2188873291, 69.2403335571, 42.0265388489, -57.0301933289, 173.058181763, 42.3024978638, 9.87954711914, 69.1147384644, -53.6369895935], [-10.481754303, -27.3774700165, -77.3738937378, -31.0128879547, -26.4821090698, -33.2210731506, -25.8119487762, 3.73085570335, 42.3024978638, 114.970458984, 60.7481193542, -4.26211118698, -9.73263835907], [-0.724636077881, -8.83016490936, -82.5944671631, -50.6480369568, -35.2914733887, -41.1722297668, -21.5819244385, -0.0950977429748, 9.87954711914, 60.7481193542, 95.4434280396, 28.1066741943, 1.25127220154], [-747.116699219, -15.793806076, 87.552116394, -63.8971405029, -65.3307113647, 58.7605209351, 36.1970443726, -81.7055664062, 69.1147384644, -4.26211118698, 28.1066741943, 138.883483887, -0.627199649811], [170.89704895, -42.0654792786, -141.738327026, -28.5350112915, -22.4090557098, -85.1082305908, -21.1046104431, 36.2162437439, -53.6369895935, -9.73263835907, 1.25127220154, -0.627199649811, 117.323516846]],
