{
"lowlevel": {
    "average_loudness": 0.972474992275,
    "barkbands_crest": {
        "dmean": 3.15793156624,
        "dmean2": 5.03242492676,
        "dvar": 8.29915428162,
        "dvar2": 18.5289707184,
        "max": 26.5489997864,
        "mean": 12.9938240051,
        "median": 12.0955667496,
        "min": 4.08654308319,
        "var": 25.4036331177
    },
    "barkbands_flatness_db": {
        "dmean": 0.0348888076842,
        "dmean2": 0.0496292151511,
        "dvar": 0.00110851810314,
        "dvar2": 0.00216855085455,
        "max": 0.472087264061,
        "mean": 0.246802315116,
        "median": 0.237715512514,
        "min": 0.0968652069569,
        "var": 0.00430356711149
    },
    "barkbands_kurtosis": {
        "dmean": 6.6629743576,
        "dmean2": 10.5796041489,
        "dvar": 441.735656738,
        "dvar2": 1066.55529785,
        "max": 475.149383545,
        "mean": 8.00857162476,
        "median": 1.23470163345,
        "min": -1.47628808022,
        "var": 626.854797363
    },
    "barkbands_skewness": {
        "dmean": 0.805611848831,
        "dmean2": 1.24941706657,
        "dvar": 1.21993088722,
        "dvar2": 2.57456493378,
        "max": 18.4425125122,
        "mean": 1.55605196953,
        "median": 1.01937198639,
        "min": -1.43686318398,
        "var": 3.69865298271
    },
    "barkbands_spread": {
        "dmean": 3.25705695152,
        "dmean2": 5.02295303345,
        "dvar": 10.3404884338,
        "dvar2": 22.8107414246,
        "max": 34.1008834839,
        "mean": 12.343331337,
        "median": 11.8940010071,
        "min": 0.330402582884,
        "var": 43.2806396484
    },
    "dissonance": {
        "dmean": 0.041342638433,
        "dmean2": 0.0688576772809,
        "dvar": 0.00126499205362,
        "dvar2": 0.00344029790722,
        "max": 0.498750329018,
        "mean": 0.409177601337,
        "median": 0.415099680424,
        "min": 0.0935749411583,
        "var": 0.00253235641867
    },
    "dynamic_complexity": 2.25635004044,
    "erbbands_crest": {
        "dmean": 2.99719285965,
        "dmean2": 4.57471227646,
        "dvar": 8.30025672913,
        "dvar2": 18.3633594513,
        "max": 32.4433631897,
        "mean": 13.509144783,
        "median": 12.4647579193,
        "min": 3.36553049088,
        "var": 31.640253067
    },
    "erbbands_flatness_db": {
        "dmean": 0.0271493680775,
        "dmean2": 0.0361758098006,
        "dvar": 0.000584718072787,
        "dvar2": 0.00114458205644,
        "max": 0.416821599007,
        "mean": 0.23046284914,
        "median": 0.230998590589,
        "min": 0.0763206109405,
        "var": 0.00264664855786
    },
    "erbbands_kurtosis": {
        "dmean": 1.09718120098,
        "dmean2": 1.68754088879,
        "dvar": 2.32131552696,
        "dvar2": 4.65736055374,
        "max": 32.5007286072,
        "mean": 1.07667446136,
        "median": 0.496084451675,
        "min": -1.65388429165,
        "var": 5.44254112244
    },
    "erbbands_skewness": {
        "dmean": 0.388350635767,
        "dmean2": 0.576893031597,
        "dvar": 0.127728462219,
        "dvar2": 0.286052525043,
        "max": 4.01616811752,
        "mean": 0.452142745256,
        "median": 0.403681278229,
        "min": -1.98745644093,
        "var": 0.4391682446
    },
    "erbbands_spread": {
        "dmean": 5.446641922,
        "dmean2": 8.48596954346,
        "dvar": 41.645236969,
        "dvar2": 100.525222778,
        "max": 90.3151855469,
        "mean": 21.4055538177,
        "median": 19.2192287445,
        "min": 1.641959548,
        "var": 103.644180298
    },
    "hfc": {
        "dmean": 5.60886859894,
        "dmean2": 7.97394037247,
        "dvar": 49.8940162659,
        "dvar2": 96.318939209,
        "max": 72.9314422607,
        "mean": 19.1911811829,
        "median": 18.1768798828,
        "min": 0.000167949154275,
        "var": 182.316680908
    },
    "melbands_crest": {
        "dmean": 3.38825154305,
        "dmean2": 5.4520907402,
        "dvar": 9.2954788208,
        "dvar2": 22.5708885193,
        "max": 32.2218132019,
        "mean": 15.8432826996,
        "median": 15.4641466141,
        "min": 5.55720901489,
        "var": 24.0587120056
    },
    "melbands_flatness_db": {
        "dmean": 0.0386306755245,
        "dmean2": 0.0560750775039,
        "dvar": 0.00147010025103,
        "dvar2": 0.00291027338244,
        "max": 0.598473012447,
        "mean": 0.326063603163,
        "median": 0.313826918602,
        "min": 0.174487397075,
        "var": 0.0060781496577
    },
    "melbands_kurtosis": {
        "dmean": 9.6177406311,
        "dmean2": 15.5976028442,
        "dvar": 495.821685791,
        "dvar2": 1191.39306641,
        "max": 392.740234375,
        "mean": 13.2824363708,
        "median": 3.12393665314,
        "min": -1.53759658337,
        "var": 888.888916016
    },
    "melbands_skewness": {
        "dmean": 0.919535160065,
        "dmean2": 1.44715428352,
        "dvar": 1.21455132961,
        "dvar2": 2.67708683014,
        "max": 13.9156389236,
        "mean": 2.15300798416,
        "median": 1.59926748276,
        "min": -1.24569511414,
        "var": 3.75612473488
    },
    "melbands_spread": {
        "dmean": 4.53372859955,
        "dmean2": 7.02895259857,
        "dvar": 22.7118396759,
        "dvar2": 48.3864746094,
        "max": 48.2487487793,
        "mean": 15.3976974487,
        "median": 14.2427091599,
        "min": 0.397510558367,
        "var": 96.5716323853
    },
    "pitch_salience": {
        "dmean": 0.0811288282275,
        "dmean2": 0.13136279583,
        "dvar": 0.00610615080222,
        "dvar2": 0.0148543268442,
        "max": 0.795576095581,
        "mean": 0.419687598944,
        "median": 0.420692503452,
        "min": 0.0715615227818,
        "var": 0.0143760601059
    },
    "silence_rate_20dB": {
        "dmean": 0,
        "dmean2": 0,
        "dvar": 0,
        "dvar2": 0,
        "max": 1,
        "mean": 1,
        "median": 1,
        "min": 1,
        "var": 0
    },
    "silence_rate_30dB": {
        "dmean": 0.0453608259559,
        "dmean2": 0.0907684341073,
        "dvar": 0.0433032810688,
        "dvar2": 0.10625384748,
        "max": 1,
        "mean": 0.952601730824,
        "median": 1,
        "min": 0,
        "var": 0.0451508760452
    },
    "silence_rate_60dB": {
        "dmean": 0.0159793812782,
        "dmean2": 0.0314595140517,
        "dvar": 0.0157241784036,
        "dvar2": 0.04078380391,
        "max": 1,
        "mean": 0.0113343633711,
        "median": 0,
        "min": 0,
        "var": 0.011205945164
    },
    "spectral_centroid": {
        "dmean": 141.05682373,
        "dmean2": 202.337112427,
        "dvar": 23022.9316406,
        "dvar2": 42127.4882812,
        "max": 2402.25537109,
        "mean": 812.237182617,
        "median": 750.215148926,
        "min": 135.267364502,
        "var": 147631.359375
    },
    "spectral_complexity": {
        "dmean": 2.59742259979,
        "dmean2": 3.69468808174,
        "dvar": 6.74669456482,
        "dvar2": 12.2677679062,
        "max": 33,
        "mean": 11.3158168793,
        "median": 11,
        "min": 0,
        "var": 23.9986114502
    },
    "spectral_decrease": {
        "dmean": 4.20339985041e-09,
        "dmean2": 5.95169025175e-09,
        "dvar": 2.11016752112e-17,
        "dvar2": 4.24547405368e-17,
        "max": -8.03738586103e-14,
        "mean": -1.11135314285e-08,
        "median": -9.33464328057e-09,
        "min": -4.78551989147e-08,
        "var": 6.0444999035e-17
    },
    "spectral_energy": {
        "dmean": 0.0162467751652,
        "dmean2": 0.0229661464691,
        "dvar": 0.000313438009471,
        "dvar2": 0.000627951754723,
        "max": 0.185704469681,
        "mean": 0.043685618788,
        "median": 0.0369261652231,
        "min": 3.18583317949e-07,
        "var": 0.000908626418095
    },
    "spectral_energyband_high": {
        "dmean": 5.59542568226e-05,
        "dmean2": 8.36872859509e-05,
        "dvar": 1.06513429188e-08,
        "dvar2": 2.5230024292e-08,
        "max": 0.00119612715207,
        "mean": 8.813720342e-05,
        "median": 3.93738882849e-05,
        "min": 1.13759124343e-09,
        "var": 1.59496504892e-08
    },
    "spectral_energyband_low": {
        "dmean": 0.0127108180895,
        "dmean2": 0.0193904172629,
        "dvar": 0.000231448502745,
        "dvar2": 0.000506519339979,
        "max": 0.116624496877,
        "mean": 0.0217249058187,
        "median": 0.0137438001111,
        "min": 1.462548056e-07,
        "var": 0.000517016334925
    },
    "spectral_energyband_middle_high": {
        "dmean": 0.0027704576496,
        "dmean2": 0.00410308223218,
        "dvar": 1.61114076036e-05,
        "dvar2": 3.31463234033e-05,
        "max": 0.0492342226207,
        "mean": 0.00797331519425,
        "median": 0.00511708762497,
        "min": 9.73462093157e-08,
        "var": 6.78221331327e-05
    },
    "spectral_energyband_middle_low": {
        "dmean": 0.00571316061541,
        "dmean2": 0.00800895504653,
        "dvar": 5.39563479833e-05,
        "dvar2": 0.000105704464659,
        "max": 0.0865359902382,
        "mean": 0.0149853853509,
        "median": 0.0114841517061,
        "min": 5.57276216284e-08,
        "var": 0.000178922186024
    },
    "spectral_entropy": {
        "dmean": 0.294942349195,
        "dmean2": 0.39477160573,
        "dvar": 0.065636716783,
        "dvar2": 0.137890920043,
        "max": 8.19956684113,
        "mean": 6.5299282074,
        "median": 6.54666090012,
        "min": 4.65608358383,
        "var": 0.257326066494
    },
    "spectral_flux": {
        "dmean": 0.0402064472437,
        "dmean2": 0.0651040449739,
        "dvar": 0.00141548959073,
        "dvar2": 0.00351351150312,
        "max": 0.312237292528,
        "mean": 0.0936471670866,
        "median": 0.0828626006842,
        "min": 0.000564431829844,
        "var": 0.00246300455183
    },
    "spectral_kurtosis": {
        "dmean": 6.09426355362,
        "dmean2": 10.1512269974,
        "dvar": 52.6246681213,
        "dvar2": 129.610336304,
        "max": 108.277656555,
        "mean": 14.2913446426,
        "median": 11.4577684402,
        "min": 2.65652894974,
        "var": 113.021507263
    },
    "spectral_rms": {
        "dmean": 0.00122883857694,
        "dmean2": 0.00170900218654,
        "dvar": 1.430455427e-06,
        "dvar2": 2.71245744443e-06,
        "max": 0.0134601304308,
        "mean": 0.00612802943215,
        "median": 0.00600212672725,
        "min": 1.76298890437e-05,
        "var": 5.06738069816e-06
    },
    "spectral_rolloff": {
        "dmean": 204.720367432,
        "dmean2": 353.472015381,
        "dvar": 88320.0234375,
        "dvar2": 183962.671875,
        "max": 2928.515625,
        "mean": 765.453979492,
        "median": 732.12890625,
        "min": 86.1328125,
        "var": 228844.640625
    },
    "spectral_skewness": {
        "dmean": 0.499032437801,
        "dmean2": 0.823156058788,
        "dvar": 0.242298603058,
        "dvar2": 0.614400565624,
        "max": 8.3218793869,
        "mean": 2.60673546791,
        "median": 2.41441559792,
        "min": 1.04280805588,
        "var": 0.68863850832
    },
    "spectral_spread": {
        "dmean": 493037.3125,
        "dmean2": 726643.0625,
        "dvar": 342825500672,
        "dvar2": 703177883648,
        "max": 13979742,
        "mean": 2738407,
        "median": 2637272.5,
        "min": 876229,
        "var": 755116081152
    },
    "spectral_strongpeak": {
        "dmean": 0.760577619076,
        "dmean2": 1.30915307999,
        "dvar": 1.27594339848,
        "dvar2": 2.96953344345,
        "max": 8.30361652374,
        "mean": 1.40403962135,
        "median": 0.658504009247,
        "min": 0,
        "var": 2.39149522781
    },
    "zerocrossingrate": {
        "dmean": 0.00531899370253,
        "dmean2": 0.00632197037339,
        "dvar": 2.21100472118e-05,
        "dvar2": 2.91907344945e-05,
        "max": 0.07177734375,
        "mean": 0.0288179013878,
        "median": 0.02783203125,
        "min": 0.0029296875,
        "var": 0.000192916893866
    },
    "barkbands": {
        "dmean": [1.55936268129e-05, 0.0107215754688, 0.00265278480947, 0.000647452834528, 0.00190343847498, 0.00172199623194, 0.00125932111405, 0.0005237791338, 0.00150588073302, 0.00118466559798, 0.000997440889478, 0.000339851976605, 0.000581579806749, 0.000327015208313, 0.000443356664618, 0.000177694935701, 0.000135039590532, 8.84224646143e-05, 7.54713692004e-05, 4.8722318752e-05, 1.8777047444e-05, 7.77942750574e-06, 5.87487056691e-06, 6.29912665318e-06, 4.7419503062e-06, 6.71603675073e-06, 5.92570643221e-07],
        "dmean2": [2.66725928668e-05, 0.0163524504751, 0.00431421585381, 0.00106117280666, 0.00286272424273, 0.00251296302304, 0.00185779016465, 0.000756595167331, 0.00224493583664, 0.00174044177402, 0.00148975069169, 0.000522678892594, 0.000854838639498, 0.000496019434649, 0.000677574251313, 0.000268918258371, 0.000207412085729, 0.000131255786982, 0.00011487906886, 7.09817031748e-05, 2.87010989268e-05, 1.15446127893e-05, 8.86715133674e-06, 9.7616966741e-06, 7.51652578401e-06, 1.12151747089e-05, 1.05862795863e-06],
        "dvar": [1.03509589788e-09, 0.000188389079995, 1.2878038433e-05, 2.07556286114e-06, 1.04181053757e-05, 9.61324167292e-06, 9.95847858576e-06, 2.13155271922e-06, 1.01670757431e-05, 9.30880833039e-06, 4.4136490942e-06, 9.06965851755e-07, 1.53051576035e-06, 6.38503365735e-07, 7.68769325532e-07, 1.16010753004e-07, 6.3479873802e-08, 5.03894135306e-08, 3.63457282049e-08, 2.16281090815e-08, 1.05236630521e-09, 2.39615272069e-10, 2.44057496435e-10, 2.55376580993e-10, 1.58488125401e-10, 5.5279059108e-10, 6.91582208168e-12],
        "dvar2": [2.81425371895e-09, 0.000402452948038, 3.13073323923e-05, 5.0669891607e-06, 2.24050108955e-05, 2.01080729312e-05, 1.85226690519e-05, 4.19776142735e-06, 2.17346168938e-05, 1.76670218934e-05, 8.30527278595e-06, 2.04371440304e-06, 3.27352790919e-06, 1.48874107708e-06, 1.66944482771e-06, 2.36205551118e-07, 1.42966129602e-07, 1.06542621836e-07, 7.33407006237e-08, 4.74352326307e-08, 2.56026622125e-09, 5.4002269323e-10, 5.73964653583e-10, 6.38155694954e-10, 3.95946719856e-10, 1.48210033135e-09, 1.9506365273e-11],
        "max": [0.000521059148014, 0.104611501098, 0.0247851274908, 0.0217176154256, 0.0411425754428, 0.0503689087927, 0.0568496510386, 0.0250361245126, 0.0406466759741, 0.056536372751, 0.0397189371288, 0.0172173157334, 0.019324503839, 0.016856295988, 0.0133341001347, 0.0058415629901, 0.00437558116391, 0.00738016935065, 0.00373366381973, 0.0047457292676, 0.000400421820814, 0.000172354761162, 0.000231753190747, 0.000214898725972, 0.00014605493925, 0.000369283661712, 3.80030905944e-05],
        "mean": [1.82805106306e-05, 0.0174298025668, 0.00376964872703, 0.000828437681776, 0.0025712121278, 0.00358948321082, 0.00265469402075, 0.000835555722006, 0.00323597108945, 0.00260041677393, 0.00239983620122, 0.000547983509023, 0.000995688256808, 0.000512374099344, 0.0007488799165, 0.00029123655986, 0.000226357806241, 0.000165100762388, 0.000119546355563, 8.08673867141e-05, 2.96408343274e-05, 1.01895620901e-05, 6.28371162747e-06, 6.99627980794e-06, 4.86607859784e-06, 5.97487223786e-06, 3.97204274805e-07],
        "median": [5.42128236702e-06, 0.00931220687926, 0.00229463772848, 0.000266477174591, 0.00101003411692, 0.000900881423149, 0.000333029252943, 8.31485449453e-05, 0.000327078945702, 0.000128475017846, 0.000231024241657, 5.77381761104e-05, 0.000186344186659, 0.000103972859506, 0.00025784294121, 7.66706943978e-05, 7.52728446969e-05, 3.52769784513e-05, 2.92882905342e-05, 1.68752812897e-05, 1.20343156595e-05, 3.92262609239e-06, 1.85413921372e-06, 2.1701875994e-06, 1.30533226184e-06, 8.71185932283e-07, 1.19683702948e-08],
        "min": [1.15989262639e-08, 7.35051131073e-08, 3.19417061689e-08, 2.01860803628e-08, 2.29356764692e-08, 7.19613657552e-09, 2.06431782779e-09, 1.31497301936e-09, 8.7277873817e-10, 8.24924573095e-09, 1.30058701586e-08, 4.34961044959e-09, 4.64171705516e-08, 1.03448041244e-08, 4.92562879373e-09, 5.94789995034e-09, 2.52549936519e-09, 6.00298422082e-10, 7.13357484194e-10, 1.27046650977e-09, 2.6853200219e-10, 8.25303367313e-11, 2.46034893847e-11, 7.86889789439e-11, 3.40116684816e-11, 3.79641804105e-11, 2.36319609714e-11],
        "var": [1.16097920166e-09, 0.00046043342445, 1.81838531716e-05, 3.31801857101e-06, 1.72469826794e-05, 2.99804069073e-05, 3.44035943272e-05, 5.33195407115e-06, 3.66268686776e-05, 3.70490415662e-05, 2.2251448172e-05, 1.91820117834e-06, 3.64822358279e-06, 1.65062147062e-06, 1.97567192117e-06, 2.98789160524e-07, 1.65981262512e-07, 2.95035533782e-07, 7.95151606781e-08, 5.19562135537e-08, 2.00427163755e-09, 3.20651838415e-10, 2.45990061654e-10, 2.34470554084e-10, 1.38799971516e-10, 3.9228564841e-10, 4.14171474894e-12]
    },
    "erbbands": {
        "dmean": [0.156616315246, 2.85841345787, 4.13435983658, 2.14438796043, 2.37326574326, 7.10134840012, 14.441204071, 14.3721942902, 16.0555477142, 17.0858612061, 14.7109022141, 33.0568389893, 37.3103256226, 40.3884735107, 25.4814052582, 15.1141529083, 20.4087371826, 24.2730255127, 12.261051178, 22.6246967316, 11.1861028671, 5.94004487991, 4.77821445465, 3.94252562523, 3.28536295891, 2.2551074028, 1.06266033649, 0.508806467056, 0.300461322069, 0.198420554399, 0.165802374482, 0.164845794439, 0.0843567401171, 0.0548465438187, 0.0333929918706, 0.0215391777456, 0.0154147474095, 0.0025027631782, 7.24984638509e-05, 1.87458299479e-05],
        "dmean2": [0.222124248743, 4.39405870438, 6.65784263611, 3.47645568848, 3.64461827278, 11.0469007492, 21.4237232208, 21.494096756, 24.0662708282, 24.5622081757, 21.269317627, 48.2446098328, 55.5699691772, 60.126739502, 36.8477325439, 22.7817401886, 29.9188594818, 35.3866958618, 18.1661300659, 34.9369926453, 16.8459949493, 8.96867084503, 7.02178907394, 5.68791055679, 5.06091451645, 3.26484036446, 1.63339877129, 0.76689940691, 0.452605187893, 0.300997644663, 0.249468281865, 0.257416367531, 0.129279837012, 0.0870506614447, 0.053122445941, 0.0352268591523, 0.0260594058782, 0.00427770521492, 0.000123299207189, 2.62660851149e-05],
        "dvar": [0.0421005710959, 13.3723535538, 26.6012001038, 14.8176250458, 13.1179828644, 169.792404175, 736.857666016, 961.252258301, 1421.53161621, 3101.36523438, 1399.67810059, 5692.74951172, 10615.3828125, 7966.46972656, 2566.08691406, 1893.01623535, 1834.82006836, 2702.52905273, 884.881164551, 2342.50390625, 362.297027588, 111.59651947, 135.100997925, 106.959251404, 70.3496704102, 54.0473632812, 4.31993293762, 0.768473386765, 0.381449192762, 0.201065957546, 0.212181836367, 0.218605846167, 0.0350635573268, 0.0207890551537, 0.00866489298642, 0.00567170139402, 0.00310294306837, 8.18029729999e-05, 7.56524158874e-08, 4.30493335424e-10],
        "dvar2": [0.0724822953343, 29.256313324, 63.8236885071, 35.0855827332, 29.0795154572, 386.34677124, 1455.56274414, 2141.22485352, 3034.26977539, 5436.75439453, 2729.76586914, 12201.1240234, 21360.0253906, 16648.9667969, 4432.22753906, 4367.33300781, 4188.39355469, 5517.19433594, 1891.14416504, 4957.29541016, 746.28137207, 245.842193604, 260.907043457, 210.987731934, 153.930847168, 111.913101196, 10.3397779465, 1.86133897305, 0.900963366032, 0.459819734097, 0.494410783052, 0.548171699047, 0.0858748480678, 0.0525372289121, 0.0217334013432, 0.0151075422764, 0.00840959046036, 0.000220733811148, 2.1002743722e-07, 8.75874428541e-10],
        "max": [2.0798137188, 28.0058002472, 40.4238395691, 48.2585144043, 41.4000701904, 220.464157104, 410.442504883, 565.886108398, 731.179077148, 948.97644043, 608.218505859, 1163.16796875, 2108.45507812, 1452.77355957, 1418.33044434, 861.016052246, 688.075073242, 1006.55255127, 720.299987793, 775.973815918, 242.146484375, 165.554412842, 400.374359131, 196.217346191, 131.22366333, 278.390716553, 28.2951259613, 10.435549736, 6.30146551132, 5.85044670105, 8.13719844818, 6.96742296219, 2.67054462433, 1.97275781631, 1.29622650146, 1.18914425373, 0.821596801281, 0.128212526441, 0.00431116577238, 0.000206397875445],
        "mean": [0.28327703476, 4.57445812225, 6.46140241623, 3.11722016335, 3.45314764977, 9.04863548279, 22.7347736359, 30.0545330048, 33.230342865, 35.7835884094, 26.9669685364, 71.9407730103, 91.6901702881, 99.2328262329, 57.4349746704, 26.3221721649, 37.1148948669, 42.454082489, 22.4033546448, 37.908870697, 19.7714977264, 10.7979726791, 9.51242828369, 7.2472987175, 5.21908092499, 3.90849375725, 1.84916901588, 0.785562813282, 0.394680440426, 0.237161099911, 0.176249176264, 0.162321090698, 0.103885211051, 0.0589544326067, 0.0323996022344, 0.0199038702995, 0.013407018967, 0.0019527253462, 7.11733518983e-05, 5.06060059706e-05],
        "median": [0.117362163961, 2.53046631813, 4.5107793808, 1.58460617065, 1.69657671452, 3.4516582489, 6.81369876862, 5.31751680374, 8.07073020935, 4.77813386917, 5.77006149292, 11.1354598999, 12.0985631943, 22.4339237213, 16.6516399384, 7.60978412628, 10.9179401398, 9.68224620819, 9.27023506165, 11.8286933899, 7.93791484833, 5.13739442825, 2.85876345634, 1.8733612299, 1.64154803753, 0.908645749092, 0.649088323116, 0.342457413673, 0.15946367383, 0.0821879431605, 0.0487322807312, 0.0398958772421, 0.0357892401516, 0.0175829324871, 0.00766648398712, 0.00361932511441, 0.00165710574947, 0.000180657283636, 2.64323516603e-05, 4.30014697486e-05],
        "min": [2.94225696962e-06, 1.38296782097e-05, 3.52977513103e-05, 5.78168401262e-05, 7.21082978998e-05, 7.5572192145e-05, 6.95525086485e-05, 5.4473093769e-05, 3.56116979674e-05, 2.56813582382e-05, 2.98047852993e-05, 1.93494870473e-05, 0.000133027308038, 0.000427253893577, 0.000456190347904, 0.000278252642602, 0.00194822927006, 0.00111109972931, 0.000137542447192, 0.00049958715681, 0.000197362023755, 0.000133632682264, 4.47598613391e-05, 2.38431821344e-05, 4.248040932e-05, 5.47732524865e-05, 2.56059938692e-05, 7.60105695008e-06, 3.50061736754e-06, 1.51187146002e-06, 8.66636980845e-07, 1.42608121223e-06, 1.27851103571e-06, 3.75362986915e-07, 2.88209747623e-07, 8.29744308817e-08, 6.34767758356e-08, 4.69374974443e-08, 2.90305557371e-09, 4.90015250598e-10],
        "var": [0.161042422056, 30.416223526, 39.1203994751, 23.9050216675, 24.1431083679, 250.626571655, 1651.12634277, 2887.45141602, 5045.73046875, 8589.85644531, 3521.22021484, 19696.046875, 45501.1328125, 32409.1894531, 10309.9375, 3594.21948242, 4021.18481445, 7828.65917969, 2468.58740234, 5468.08496094, 911.317382812, 280.411010742, 844.123657227, 305.704376221, 128.050354004, 147.944778442, 9.53769493103, 1.20823037624, 0.476577669382, 0.227947190404, 0.212986364961, 0.189084291458, 0.0377838797867, 0.0184121448547, 0.00735985161737, 0.00413359096274, 0.00214796466753, 5.55887054361e-05, 4.85016400376e-08, 1.20621768129e-09]
    },
    "gfcc": {
        "mean": [-45.0860786438, 150.297424316, -117.168281555, 17.4901809692, -29.3481750488, 13.5461072922, -22.6739330292, 10.3658027649, -14.1490316391, 2.74836969376, -9.71483230591, -1.30444931984, 1.61050987244],
        "cov": [[5291.1640625, -1347.27502441, -690.295654297, -186.962371826, -314.460418701, 125.586357117, -73.0439376831, 225.910888672, -503.556793213, 226.089248657, -203.035629272, 301.299682617, -159.22088623], [-1347.27502441, 1228.3449707, 157.497116089, -117.734939575, 27.4417762756, -183.483978271, -3.47414469719, -239.198959351, 362.101654053, -122.616134644, 163.856262207, -120.698905945, 146.336181641], [-690.295654297, 157.497116089, 763.796630859, 129.944793701, 12.1282119751, 58.8067169189, -73.6999282837, -86.2763214111, 58.621307373, 1.0591173172, 11.7008905411, 23.1381607056, -33.2062644958], [-186.962371826, -117.734939575, 129.944793701, 225.961090088, 76.9638977051, 38.3501815796, 18.782365799, 16.159318924, -21.3277416229, -17.4173679352, -6.68659353256, -4.70905637741, 15.7845182419], [-314.460418701, 27.4417762756, 12.1282119751, 76.9638977051, 246.069061279, 32.71641922, 69.2512893677, 43.2612838745, 17.5926132202, -12.3661003113, 19.2953586578, -32.8513336182, -4.6392531395], [125.586357117, -183.483978271, 58.8067169189, 38.3501815796, 32.71641922, 163.494277954, 31.3955440521, 17.5585346222, -20.6921615601, 16.2389640808, -9.57859039307, 25.5710926056, -27.3707313538], [-73.0439376831, -3.47414469719, -73.6999282837, 18.782365799, 69.2512893677, 31.3955440521, 199.245040894, 87.3130111694, -5.74987983704, -26.9298114777, 14.195098877, -14.5497264862, 35.3428993225], [225.910888672, -239.198959351, -86.2763214111, 16.159318924, 43.2612838745, 17.5585346222, 87.3130111694, 179.434005737, -53.1804695129, -10.3778705597, -50.6317100525, -16.3782672882, -12.7938213348], [-503.556793213, 362.101654053, 58.621307373, -21.3277416229, 17.5926132202, -20.6921615601, -5.74987983704, -53.1804695129, 261.678924561, -3.62979507446, 44.4879074097, -50.3044395447, 31.9083995819], [226.089248657, -122.616134644, 1.0591173172, -17.4173679352, -12.3661003113, 16.2389640808, -26.9298114777, -10.3778705597, -3.62979507446, 154.162826538, 41.2546424866, 32.3364143372, -44.4664840698], [-203.035629272, 163.856262207, 11.7008905411, -6.68659353256, 19.2953586578, -9.57859039307, 14.195098877, -50.6317100525, 44.4879074097, 41.2546424866, 143.541854858, 31.791223526, 10.3968410492], [301.299682617, -120.698905945, 23.1381607056, -4.70905637741, -32.8513336182, 25.5710926056, -14.5497264862, -16.3782672882, -50.3044395447, 32.3364143372, 31.791223526, 143.353927612, 25.7643489838], [-159.22088623, 146.336181641, -33.2062644958, 15.7845182419, -4.6392531395, -27.3707313538, 35.3428993225, -12.7938213348, 31.9083995819, -44.4664840698, 10.3968410492, 25.7643489838, 171.842681885]],
        "icov": [[0.000394798553316, -0.000122006698803, 0.000374746101443, -3.28259993694e-05, 0.000369350222172, -0.000309050490614, 0.000162702126545, -0.000401757570216, 0.000405692553613, -0.000509459001478, 0.00061679148348, -0.000820905319415, 0.000321101717418], [-0.000122006698803, 0.00669655622914, -0.00182788167149, 0.00399463111535, -0.00167932815384, 0.00479096034542, -0.00223570456728, 0.00646491209045, -0.00483393436298, 0.00477829994634, -0.00508248014376, 0.00450531532988, -0.00311083323322], [0.000374746101443, -0.00182788167149, 0.00251267803833, -0.00215646391734, 0.000841199012939, -0.00193157442845, 0.00107638502959, -0.00135851069354, 0.00103958533145, -0.0014298701426, 0.00197541946545, -0.00235918117687, 0.00165110721719], [-3.28259993694e-05, 0.00399463111535, -0.00215646391734, 0.00839465018362, -0.00266383797862, 0.00193586910609, -0.00102269544732, 0.00336332409643, -0.00185830844566, 0.00300709204748, -0.00305595970713, 0.00328663736582, -0.00310744578019], [0.000369350222172, -0.00167932815384, 0.000841199012939, -0.00266383797862, 0.00614861492068, -0.00206405785866, -0.000430712825619, -0.00271483953111, 0.00109192717355, -0.00126218143851, 0.000437417736975, -0.000679789460264, 0.00144932011608], [-0.000309050490614, 0.00479096034542, -0.00193157442845, 0.00193586910609, -0.00206405785866, 0.0112702148035, -0.00364153343253, 0.00530818011612, -0.0038108790759, 0.00290389708243, -0.00232448824681, 0.00145258218981, -0.000651846348774], [0.000162702126545, -0.00223570456728, 0.00107638502959, -0.00102269544732, -0.000430712825619, -0.00364153343253, 0.00931632891297, -0.00652130320668, 0.00189130415674, -0.000452637439594, -0.00103255535942, -0.000511972350068, -0.000965780345723], [-0.000401757570216, 0.00646491209045, -0.00135851069354, 0.00336332409643, -0.00271483953111, 0.00530818011612, -0.00652130320668, 0.0159534364939, -0.00401725666597, 0.00406242441386, -0.00148118357174, 0.00456117466092, -0.00194496032782], [0.000405692553613, -0.00483393436298, 0.00103958533145, -0.00185830844566, 0.00109192717355, -0.0038108790759, 0.00189130415674, -0.00401725666597, 0.00894379708916, -0.00406320253387, 0.00250050565228, -0.00115115207154, 0.000907510984689], [-0.000509459001478, 0.00477829994634, -0.0014298701426, 0.00300709204748, -0.00126218143851, 0.00290389708243, -0.000452637439594, 0.00406242441386, -0.00406320253387, 0.0123351225629, -0.00687519134954, 0.00239887833595, -0.000266980176093], [0.00061679148348, -0.00508248014376, 0.00197541946545, -0.00305595970713, 0.000437417736975, -0.00232448824681, -0.00103255535942, -0.00148118357174, 0.00250050565228, -0.00687519134954, 0.0152860861272, -0.00729644391686, 0.00323143368587], [-0.000820905319415, 0.00450531532988, -0.00235918117687, 0.00328663736582, -0.000679789460264, 0.00145258218981, -0.000511972350068, 0.00456117466092, -0.00115115207154, 0.00239887833595, -0.00729644391686, 0.0147220548242, -0.00562841910869], [0.000321101717418, -0.00311083323322, 0.00165110721719, -0.00310744578019, 0.00144932011608, -0.000651846348774, -0.000965780345723, -0.00194496032782, 0.000907510984689, -0.000266980176093, 0.00323143368587, -0.00562841910869, 0.00977026950568]]
    },
    "melbands": {
        "dmean": [0.00234002876095, 0.00285823200829, 0.000363938888768, 0.000319031998515, 0.000472251849715, 0.000321220577462, 0.000252610538155, 0.000162661672221, 0.000143961500726, 0.00021071669471, 0.000185052354936, 0.000160048657563, 0.000117450406833, 4.00961544074e-05, 3.95315073547e-05, 5.6206878071e-05, 4.4428579713e-05, 1.73248354258e-05, 3.29565664288e-05, 1.90986647794e-05, 1.47216978803e-05, 7.58291434977e-06, 4.27891154686e-06, 5.00538681081e-06, 3.26116833094e-06, 2.86868817057e-06, 2.39546443481e-06, 1.29372290303e-06, 8.28690531307e-07, 4.59284137833e-07, 2.63292434965e-07, 1.82811831451e-07, 1.41647490182e-07, 1.05102849091e-07, 9.46064346863e-08, 1.03271410978e-07, 1.01169362665e-07, 6.37247197233e-08, 4.97951155864e-08, 4.67503333823e-08],
        "dmean2": [0.00346763059497, 0.00450462335721, 0.000580820254982, 0.000488228426548, 0.00070701102959, 0.000476564950077, 0.000381657649996, 0.000235167288338, 0.00020754650177, 0.000311761396006, 0.000274792546406, 0.000239138316829, 0.00017081797705, 6.13459560554e-05, 5.95928140683e-05, 8.14861850813e-05, 6.55237890896e-05, 2.58647614828e-05, 5.14861494594e-05, 2.9072030884e-05, 2.24541254283e-05, 1.16179980978e-05, 6.34230991636e-06, 7.31915406504e-06, 4.69047290608e-06, 4.43656199423e-06, 3.59646401193e-06, 1.88702608739e-06, 1.28878389205e-06, 7.0639077876e-07, 4.07698934168e-07, 2.77989471442e-07, 2.17090047272e-07, 1.62445061846e-07, 1.44644999978e-07, 1.59229472274e-07, 1.61359210438e-07, 9.88226886989e-08, 7.91090783991e-08, 7.57517923944e-08],
        "dvar": [9.09319714992e-06, 1.20404365589e-05, 3.7793367369e-07, 3.15193886991e-07, 7.56391955292e-07, 4.37087408045e-07, 3.27588963955e-07, 2.61058659135e-07, 1.23292863918e-07, 2.12569418068e-07, 2.72360097142e-07, 1.33115051426e-07, 5.42307638796e-08, 1.2904862956e-08, 1.33452964235e-08, 1.51110004509e-08, 9.87238113481e-09, 2.3390478443e-09, 4.63176785814e-09, 1.61433599821e-09, 7.0263000973e-10, 1.96319294155e-10, 1.19781892738e-10, 2.24413237992e-10, 8.93506588162e-11, 7.88373463734e-11, 4.49553588799e-11, 1.72344135491e-11, 3.39868172668e-12, 7.00453150343e-13, 2.52817433872e-13, 1.48557137728e-13, 1.02547046646e-13, 6.00003716416e-14, 6.40168053658e-14, 9.68900524048e-14, 8.52291869892e-14, 1.96207050715e-14, 1.46993352278e-14, 1.62713928025e-14],
        "dvar2": [1.79434573511e-05, 2.84140987787e-05, 9.1246147349e-07, 6.8947872478e-07, 1.54133942942e-06, 9.63957404565e-07, 6.72274666158e-07, 4.60020402215e-07, 2.4220273076e-07, 4.64036986614e-07, 5.48082084606e-07, 2.7629985766e-07, 1.00418688476e-07, 2.87322858838e-08, 3.08031786744e-08, 3.05381391286e-08, 2.07303454403e-08, 4.8770072425e-09, 1.01920321072e-08, 3.24819260378e-09, 1.4695330508e-09, 4.431891798e-10, 2.25623034145e-10, 4.28556856669e-10, 1.73780823065e-10, 1.55609664043e-10, 1.02800684632e-10, 3.5507877888e-11, 8.02372491365e-12, 1.74056678359e-12, 6.06266393425e-13, 3.5677830048e-13, 2.40530875382e-13, 1.42112870408e-13, 1.51283404749e-13, 2.30877085028e-13, 2.18518047624e-13, 4.8748687514e-14, 3.67561578775e-14, 4.18862298633e-14],
        "max": [0.0251063797623, 0.0257208608091, 0.00769592169672, 0.00887369550765, 0.0120473019779, 0.0117060737684, 0.00962535385042, 0.00880609545857, 0.00624646246433, 0.00632019760087, 0.0106521565467, 0.00611618021503, 0.0045010172762, 0.00183127436321, 0.00239636166953, 0.00210875552148, 0.00210719252937, 0.00111543410458, 0.0010457909666, 0.000567722774576, 0.000369563524146, 0.000227167111007, 0.000312787742587, 0.000591901014559, 0.00018416630337, 0.000205207717954, 0.000162667725817, 0.000158484239364, 2.92504537356e-05, 1.15042403195e-05, 5.97727830609e-06, 4.50857032774e-06, 4.30136969953e-06, 3.24498182636e-06, 4.17242654294e-06, 5.00876558363e-06, 4.98585404785e-06, 2.00832846531e-06, 1.78738275736e-06, 1.74019612587e-06],
        "mean": [0.00394170172513, 0.00462458888069, 0.000540604407433, 0.000423041608883, 0.000719655014109, 0.000670865178108, 0.000540052249562, 0.000334342097631, 0.000258613668848, 0.000467898644274, 0.000443993631052, 0.000385559949791, 0.000273672718322, 6.80040757288e-05, 6.11073919572e-05, 0.000100557263067, 7.37308873795e-05, 2.88865740004e-05, 5.51652592549e-05, 3.05507273879e-05, 2.45481769525e-05, 1.26840750454e-05, 6.98031544744e-06, 9.78007665253e-06, 5.2488885558e-06, 4.25798953074e-06, 3.56656573786e-06, 2.17597039409e-06, 1.33506182465e-06, 6.98060603099e-07, 3.54343200115e-07, 2.32158427593e-07, 1.64209595255e-07, 1.18383468362e-07, 9.93462094812e-08, 1.00578922968e-07, 9.71437970065e-08, 7.50470618982e-08, 6.07098442629e-08, 4.51676775981e-08],
        "median": [0.00186728336848, 0.00318846735172, 0.000298897561152, 0.000172694897628, 0.000242641937803, 0.000120805903862, 0.000130544343847, 3.64544066542e-05, 2.5149072826e-05, 5.13758241141e-05, 2.11735477933e-05, 6.7832050263e-05, 3.82532598451e-05, 7.70388760429e-06, 1.18874422697e-05, 1.9553468519e-05, 1.25147416838e-05, 7.1771378316e-06, 1.78311856871e-05, 8.51389086165e-06, 7.41777330404e-06, 4.33504237662e-06, 2.10924395105e-06, 1.56801661433e-06, 1.05289620933e-06, 9.56635403782e-07, 8.18917271772e-07, 4.3300303787e-07, 3.67486450159e-07, 2.5335074838e-07, 1.33199293373e-07, 8.74651178151e-08, 5.24501579946e-08, 3.81487303969e-08, 2.7270592895e-08, 2.21304574666e-08, 2.30469705542e-08, 2.3730388321e-08, 1.96818366049e-08, 1.09404112436e-08],
        "min": [2.62101575998e-08, 1.87625328607e-08, 1.05636726033e-08, 5.39161959523e-09, 2.63566013459e-09, 1.23777965655e-09, 5.12268560904e-10, 2.74590877813e-10, 2.3622315215e-10, 1.0958610408e-10, 6.85720147331e-10, 1.68414604484e-09, 1.72093350681e-09, 5.56446833055e-10, 1.98898431059e-09, 4.97389152088e-09, 1.61801250176e-09, 1.11626798083e-10, 4.84125517453e-10, 6.38089636684e-10, 1.68084379748e-10, 1.72429986955e-10, 4.12600821564e-11, 2.7349081333e-11, 1.60053550274e-11, 3.6919481361e-11, 3.53688085764e-11, 3.52138804227e-11, 2.39757710213e-11, 4.46581487068e-12, 3.4059215951e-12, 1.89292288441e-12, 1.38639945878e-12, 6.14271708586e-13, 5.92615366501e-13, 2.80309331519e-13, 1.20417207022e-12, 8.50651417795e-13, 6.56785173123e-13, 2.02423093478e-13],
        "var": [2.66281967924e-05, 2.07939283428e-05, 5.97839573402e-07, 5.15832653036e-07, 1.53551786752e-06, 1.30074158733e-06, 1.192383138e-06, 7.36519382372e-07, 3.31159867528e-07, 7.68313100252e-07, 1.15803243261e-06, 5.40196026577e-07, 2.71991041245e-07, 3.04605904944e-08, 2.14136655075e-08, 4.02261015608e-08, 2.77217075961e-08, 5.83485570971e-09, 1.12293356835e-08, 3.94886479071e-09, 1.66445901506e-09, 4.93336260732e-10, 3.32628258271e-10, 1.72124237086e-09, 2.15748849342e-10, 1.67683533725e-10, 8.56284557149e-11, 4.73869103679e-11, 7.20413529179e-12, 1.32858199269e-12, 3.35567294438e-13, 1.76959778753e-13, 1.19242411626e-13, 6.31086844024e-14, 6.33903669031e-14, 9.16207553076e-14, 6.98576531908e-14, 2.10314045639e-14, 1.49120641643e-14, 1.35495447531e-14]
    },
    "mfcc": {
        "mean": [-701.020690918, 181.10118103, -11.0270528793, 25.0750217438, 16.4259033203, 10.4215908051, 7.74886083603, 4.18170785904, 9.64006614685, 6.45253944397, -2.59769225121, 1.73305857182, 2.64320921898],
        "cov": [[5236.59375, -885.054260254, -720.500183105, -186.047866821, -448.579193115, -90.9303283691, 47.1780509949, -67.393951416, -162.313049316, -55.3198471069, -156.18309021, -61.6789093018, 5.66027593613], [-885.054260254, 1026.22497559, 139.025970459, -109.023429871, 33.9979782104, 12.9696235657, -210.417297363, -38.3145446777, -16.2103748322, -31.5518054962, 68.0271759033, 74.0880279541, -16.9021625519], [-720.500183105, 139.025970459, 576.26373291, -5.05541133881, 82.3710327148, 96.4918136597, -45.5641784668, 37.3826522827, -28.8015804291, 2.37772679329, 26.3825759888, -23.9265327454, -17.6343688965], [-186.047866821, -109.023429871, -5.05541133881, 208.841018677, 54.1151695251, -16.2009792328, 84.9818267822, 10.9801187515, 32.9906387329, 33.7528953552, -10.5573616028, -22.2065525055, 13.8905162811], [-448.579193115, 33.9979782104, 82.3710327148, 54.1151695251, 202.318862915, 53.6683425903, 0.149805054069, 12.5469007492, 9.62956523895, 13.0179891586, 28.3830776215, 17.2591056824, 2.56785821915], [-90.9303283691, 12.9696235657, 96.4918136597, -16.2009792328, 53.6683425903, 163.987869263, -18.0240211487, 3.2174642086, -0.511940777302, -29.2788677216, 11.4439668655, 50.4826622009, 25.3237609863], [47.1780509949, -210.417297363, -45.5641784668, 84.9818267822, 0.149805054069, -18.0240211487, 233.497375488, 41.4232406616, 19.577922821, 22.2609577179, -14.1560459137, -29.3106021881, 9.20234107971], [-67.393951416, -38.3145446777, 37.3826522827, 10.9801187515, 12.5469007492, 3.2174642086, 41.4232406616, 145.641296387, 51.2381820679, 4.35016441345, 19.1902542114, -31.5526981354, -48.4215774536], [-162.313049316, -16.2103748322, -28.8015804291, 32.9906387329, 9.62956523895, -0.511940777302, 19.577922821, 51.2381820679, 160.689193726, 37.175567627, -10.6740808487, -18.6336841583, -35.1223258972], [-55.3198471069, -31.5518054962, 2.37772679329, 33.7528953552, 13.0179891586, -29.2788677216, 22.2609577179, 4.35016441345, 37.175567627, 137.267318726, 36.1530151367, -31.1339912415, -36.785030365], [-156.18309021, 68.0271759033, 26.3825759888, -10.5573616028, 28.3830776215, 11.4439668655, -14.1560459137, 19.1902542114, -10.6740808487, 36.1530151367, 148.495452881, 57.6515045166, -31.5983562469], [-61.6789093018, 74.0880279541, -23.9265327454, -22.2065525055, 17.2591056824, 50.4826622009, -29.3106021881, -31.5526981354, -18.6336841583, -31.1339912415, 57.6515045166, 188.954498291, 75.6819458008], [5.66027593613, -16.9021625519, -17.6343688965, 13.8905162811, 2.56785821915, 25.3237609863, 9.20234107971, -48.4215774536, -35.1223258972, -36.785030365, -31.5983562469, 75.6819458008, 222.341781616]],
