{
"lowlevel": {
    "average_loudness": 0.980691730976,
    "barkbands_crest": {
        "dmean": 2.69899559021,
        "dmean2": 4.29446744919,
        "dvar": 6.79985189438,
        "dvar2": 18.1864337921,
        "max": 24.3810997009,
        "mean": 11.3415803909,
        "median": 10.8559865952,
        "min": 2.79870057106,
        "var": 16.7489089966
    },
    "barkbands_flatness_db": {
        "dmean": 0.0331416837871,
        "dmean2": 0.0466153733432,
        "dvar": 0.0014904482523,
        "dvar2": 0.00294105103239,
        "max": 0.574332416058,
        "mean": 0.197376027703,
        "median": 0.18191742897,
        "min": 0.0218095276505,
        "var": 0.00795669853687
    },
    "barkbands_kurtosis": {
        "dmean": 9.96231174469,
        "dmean2": 14.9380702972,
        "dvar": 536.191955566,
        "dvar2": 1201.36975098,
        "max": 407.67755127,
        "mean": 16.4504623413,
        "median": 1.3068819046,
        "min": -1.89801120758,
        "var": 1249.10595703
    },
    "barkbands_skewness": {
        "dmean": 0.882151067257,
        "dmean2": 1.27346479893,
        "dvar": 1.25141966343,
        "dvar2": 2.88201832771,
        "max": 15.6777706146,
        "mean": 2.06705904007,
        "median": 1.28433918953,
        "min": -2.00288820267,
        "var": 5.73593187332
    },
    "barkbands_spread": {
        "dmean": 4.87621355057,
        "dmean2": 7.12895298004,
        "dvar": 49.6861381531,
        "dvar2": 104.507621765,
        "max": 102.369758606,
        "mean": 18.3929405212,
        "median": 17.2475337982,
        "min": 0.243989631534,
        "var": 213.565475464
    },
    "dissonance": {
        "dmean": 0.0280392784625,
        "dmean2": 0.0472455844283,
        "dvar": 0.000927374290768,
        "dvar2": 0.00259714317508,
        "max": 0.500000178814,
        "mean": 0.454999953508,
        "median": 0.464042514563,
        "min": 0.035958301276,
        "var": 0.0012645968236
    },
    "dynamic_complexity": 2.2677462101,
    "erbbands_crest": {
        "dmean": 3.04620742798,
        "dmean2": 4.66243648529,
        "dvar": 7.32923364639,
        "dvar2": 16.4832725525,
        "max": 29.5309181213,
        "mean": 13.3700323105,
        "median": 12.6510925293,
        "min": 2.48076319695,
        "var": 33.6322402954
    },
    "erbbands_flatness_db": {
        "dmean": 0.0271680355072,
        "dmean2": 0.0336286202073,
        "dvar": 0.000862365413923,
        "dvar2": 0.00148253969382,
        "max": 0.392488449812,
        "mean": 0.189424470067,
        "median": 0.193590298295,
        "min": 0.0614826790988,
        "var": 0.00346549181268
    },
    "erbbands_kurtosis": {
        "dmean": 2.53414702415,
        "dmean2": 3.77625179291,
        "dvar": 46.4412765503,
        "dvar2": 102.415008545,
        "max": 120.064254761,
        "mean": 3.43159937859,
        "median": 1.21582961082,
        "min": -1.86932110786,
        "var": 86.6077423096
    },
    "erbbands_skewness": {
        "dmean": 0.503262579441,
        "dmean2": 0.720851898193,
        "dvar": 0.418988078833,
        "dvar2": 0.842635154724,
        "max": 9.29084205627,
        "mean": 0.506882846355,
        "median": 0.212691351771,
        "min": -2.63983464241,
        "var": 2.16036319733
    },
    "erbbands_spread": {
        "dmean": 10.2589921951,
        "dmean2": 14.170759201,
        "dvar": 197.455169678,
        "dvar2": 347.755310059,
        "max": 166.011077881,
        "mean": 33.3393936157,
        "median": 24.4986190796,
        "min": 1.40191245079,
        "var": 699.906982422
    },
    "hfc": {
        "dmean": 7.36357688904,
        "dmean2": 10.0324859619,
        "dvar": 134.114837646,
        "dvar2": 242.088531494,
        "max": 212.677642822,
        "mean": 29.6866798401,
        "median": 24.1049537659,
        "min": 1.27306603518e-16,
        "var": 752.233947754
    },
    "melbands_crest": {
        "dmean": 3.17494487762,
        "dmean2": 4.8316988945,
        "dvar": 9.13337135315,
        "dvar2": 22.042301178,
        "max": 32.3678321838,
        "mean": 17.2408561707,
        "median": 17.2641906738,
        "min": 2.16835808754,
        "var": 32.5169639587
    },
    "melbands_flatness_db": {
        "dmean": 0.037873852998,
        "dmean2": 0.052598003298,
        "dvar": 0.00206930330023,
        "dvar2": 0.00422359351069,
        "max": 0.705014050007,
        "mean": 0.265111386776,
        "median": 0.235877424479,
        "min": 0.00773461163044,
        "var": 0.0131396753713
    },
    "melbands_kurtosis": {
        "dmean": 20.8993473053,
        "dmean2": 30.7220973969,
        "dvar": 1807.96936035,
        "dvar2": 3947.94921875,
        "max": 509.181945801,
        "mean": 38.8331794739,
        "median": 5.79463338852,
        "min": -1.70837211609,
        "var": 5208.14648438
    },
    "melbands_skewness": {
        "dmean": 1.18427956104,
        "dmean2": 1.66738247871,
        "dvar": 2.10197281837,
        "dvar2": 4.46413755417,
        "max": 18.3952922821,
        "mean": 3.33258676529,
        "median": 2.23618125916,
        "min": -0.827412068844,
        "var": 10.2336006165
    },
    "melbands_spread": {
        "dmean": 6.21817731857,
        "dmean2": 9.36563873291,
        "dvar": 98.3496246338,
        "dvar2": 203.907058716,
        "max": 170.993392944,
        "mean": 22.6541233063,
        "median": 18.6594429016,
        "min": 0.230028748512,
        "var": 492.708953857
    },
    "pitch_salience": {
        "dmean": 0.0796665847301,
        "dmean2": 0.125017255545,
        "dvar": 0.00619660178199,
        "dvar2": 0.0155521230772,
        "max": 0.909057736397,
        "mean": 0.451615512371,
        "median": 0.440980315208,
        "min": 0.0738110989332,
        "var": 0.0163952428848
    },
    "silence_rate_20dB": {
        "dmean": 0,
        "dmean2": 0,
        "dvar": 0,
        "dvar2": 0,
        "max": 1,
        "mean": 1,
        "median": 1,
        "min": 1,
        "var": 0
    },
    "silence_rate_30dB": {
        "dmean": 0.0680763274431,
        "dmean2": 0.136222913861,
        "dvar": 0.0634407326579,
        "dvar2": 0.1537848562,
        "max": 1,
        "mean": 0.949999988079,
        "median": 1,
        "min": 0,
        "var": 0.0475003607571
    },
    "silence_rate_60dB": {
        "dmean": 0.013924703002,
        "dmean2": 0.0278637763113,
        "dvar": 0.0137311210856,
        "dvar2": 0.0312163885683,
        "max": 1,
        "mean": 0.0159793812782,
        "median": 0,
        "min": 0,
        "var": 0.0157241877168
    },
    "spectral_centroid": {
        "dmean": 204.010864258,
        "dmean2": 293.933013916,
        "dvar": 103156.25,
        "dvar2": 166912.09375,
        "max": 10768.4609375,
        "mean": 1110.5246582,
        "median": 1063.33447266,
        "min": 111.274093628,
        "var": 619745.9375
    },
    "spectral_complexity": {
        "dmean": 3.61010837555,
        "dmean2": 5.21775007248,
        "dvar": 24.1759605408,
        "dvar2": 39.3211593628,
        "max": 55,
        "mean": 15.3701028824,
        "median": 14,
        "min": 0,
        "var": 104.756080627
    },
    "spectral_decrease": {
        "dmean": 4.73539341073e-09,
        "dmean2": 7.30302396335e-09,
        "dvar": 7.13422962771e-17,
        "dvar2": 1.88279026146e-16,
        "max": 8.98673819531e-29,
        "mean": -1.09147233474e-08,
        "median": -9.27884258317e-09,
        "min": -6.51021423437e-08,
        "var": 7.33703975553e-17
    },
    "spectral_energy": {
        "dmean": 0.0183358583599,
        "dmean2": 0.0281648878008,
        "dvar": 0.00103237561416,
        "dvar2": 0.00272004003637,
        "max": 0.247986599803,
        "mean": 0.0438873358071,
        "median": 0.0383493117988,
        "min": 1.12078974423e-20,
        "var": 0.0010856105946
    },
    "spectral_energyband_high": {
        "dmean": 0.000577098689973,
        "dmean2": 0.000768065452576,
        "dvar": 1.94811354959e-06,
        "dvar2": 3.43312603945e-06,
        "max": 0.0297099370509,
        "mean": 0.00134349951986,
        "median": 0.000396072049625,
        "min": 8.42262118448e-21,
        "var": 9.42068345466e-06
    },
    "spectral_energyband_low": {
        "dmean": 0.0157995913178,
        "dmean2": 0.0247506424785,
        "dvar": 0.00101289572194,
        "dvar2": 0.00269151222892,
        "max": 0.239694386721,
        "mean": 0.024501979351,
        "median": 0.0155750289559,
        "min": 4.19014482306e-23,
        "var": 0.000963905011304
    },
    "spectral_energyband_middle_high": {
        "dmean": 0.00224144989625,
        "dmean2": 0.00323771988042,
        "dvar": 9.20360525924e-06,
        "dvar2": 1.83959909918e-05,
        "max": 0.0347453355789,
        "mean": 0.00991341192275,
        "median": 0.00659330794588,
        "min": 1.43723661368e-21,
        "var": 9.30577807594e-05
    },
    "spectral_energyband_middle_low": {
        "dmean": 0.00525994738564,
        "dmean2": 0.00807505007833,
        "dvar": 5.57032908546e-05,
        "dvar2": 0.000124179699924,
        "max": 0.0855895727873,
        "mean": 0.0123468339443,
        "median": 0.00944003276527,
        "min": 1.83768795564e-22,
        "var": 0.000111404318886
    },
    "spectral_entropy": {
        "dmean": 0.275971978903,
        "dmean2": 0.367595434189,
        "dvar": 0.119938850403,
        "dvar2": 0.229387387633,
        "max": 9.8073720932,
        "mean": 7.15734243393,
        "median": 7.23097324371,
        "min": 4.02421379089,
        "var": 0.480937749147
    },
    "spectral_flux": {
        "dmean": 0.0451959632337,
        "dmean2": 0.0718679428101,
        "dvar": 0.00306100165471,
        "dvar2": 0.00593732763082,
        "max": 0.421265482903,
        "mean": 0.103714793921,
        "median": 0.0852852463722,
        "min": 1.05867356548e-10,
        "var": 0.00517275044695
    },
    "spectral_kurtosis": {
        "dmean": 3.46890425682,
        "dmean2": 5.52086400986,
        "dvar": 31.9013347626,
        "dvar2": 73.0179748535,
        "max": 97.6289901733,
        "mean": 6.5127620697,
        "median": 4.11583185196,
        "min": -1.14340126514,
        "var": 58.7390899658
    },
    "spectral_rms": {
        "dmean": 0.00122646463569,
        "dmean2": 0.00177354249172,
        "dvar": 2.90196385322e-06,
        "dvar2": 6.98199710314e-06,
        "max": 0.0155543610454,
        "mean": 0.00615567713976,
        "median": 0.00611669477075,
        "min": 3.30674073193e-12,
        "var": 4.92456092616e-06
    },
    "spectral_rolloff": {
        "dmean": 346.042358398,
        "dmean2": 579.731933594,
        "dvar": 731385.0625,
        "dvar2": 1538659,
        "max": 18863.0859375,
        "mean": 1231.14562988,
        "median": 1162.79296875,
        "min": 64.599609375,
        "var": 2076104.5
    },
    "spectral_skewness": {
        "dmean": 0.373808085918,
        "dmean2": 0.565309047699,
        "dvar": 0.238773971796,
        "dvar2": 0.54776263237,
        "max": 7.67434024811,
        "mean": 1.7386803627,
        "median": 1.51752257347,
        "min": 0.0327543653548,
        "var": 0.642848193645
    },
    "spectral_spread": {
        "dmean": 780430,
        "dmean2": 981321.625,
        "dvar": 1.26288396288e+12,
        "dvar2": 1.9788768215e+12,
        "max": 39430000,
        "mean": 4354935,
        "median": 3848189,
        "min": 968593.5625,
        "var": 4.41319895859e+12
    },
    "spectral_strongpeak": {
        "dmean": 0.844250142574,
        "dmean2": 1.46376633644,
        "dvar": 2.25000977516,
        "dvar2": 4.96438360214,
        "max": 11.250831604,
        "mean": 1.87252545357,
        "median": 0.632403969765,
        "min": 0,
        "var": 5.85937356949
    },
    "zerocrossingrate": {
        "dmean": 0.00949743576348,
        "dmean2": 0.0102995093912,
        "dvar": 0.000270379212452,
        "dvar2": 0.000299837760394,
        "max": 0.5087890625,
        "mean": 0.0483091361821,
        "median": 0.041015625,
        "min": 0.00341796875,
        "var": 0.00166074489243
    },
    "barkbands": {
        "dmean": [0.000367966451449, 0.00882381107658, 0.00682895164937, 0.00310932891443, 0.0013545609545, 0.000700922275428, 0.000607431982644, 0.00082997768186, 0.000731693697162, 0.000413261674112, 0.000456333626062, 0.00115175487008, 0.00101180095226, 0.000465284276288, 0.000316766061587, 0.000383704755222, 0.000138532734127, 0.000143958779518, 0.000143953075167, 0.000109884742415, 0.000225457901252, 0.000132660556119, 9.81537086773e-05, 8.60116851982e-05, 6.7861743446e-05, 5.67071947444e-05, 4.73340878671e-06],
        "dmean2": [0.000528808799572, 0.0153596019372, 0.0103742349893, 0.00468611158431, 0.0023381554056, 0.00115899881348, 0.000979171833023, 0.00127281690948, 0.0011372892186, 0.000658319913782, 0.00071011116961, 0.00164172705263, 0.00151474436279, 0.000716096546967, 0.000494612264447, 0.000593882985413, 0.000219789668336, 0.000220205896767, 0.000220980364247, 0.000171124353074, 0.000323349901009, 0.000190199512872, 0.000147341095726, 0.00012458555284, 9.99214244075e-05, 8.15520688775e-05, 7.86594409874e-06],
        "dvar": [1.07154801299e-06, 0.000689382723067, 0.00010285940516, 2.64652153419e-05, 7.70950464357e-06, 2.2860797344e-06, 1.38406380756e-06, 3.91338471672e-06, 3.06831839225e-06, 1.34215406433e-06, 1.62705009643e-06, 4.36523896497e-06, 3.77243713956e-06, 1.82007386229e-06, 5.85701741329e-07, 6.92772232469e-07, 8.46032008894e-08, 5.72154164047e-08, 6.26603551268e-08, 3.54625484533e-08, 5.60833541385e-07, 1.03666764062e-07, 5.45053495671e-08, 4.12593728072e-08, 2.92455588635e-08, 2.64938897487e-08, 2.74460842942e-10],
        "dvar2": [2.41131283474e-06, 0.00188943953253, 0.000275570258964, 5.89802439208e-05, 2.09243917197e-05, 6.21217805019e-06, 3.35174036081e-06, 8.17463660496e-06, 6.63429227643e-06, 3.34480455422e-06, 3.28570445163e-06, 8.26999166748e-06, 8.4286530182e-06, 3.7901579617e-06, 1.30749890559e-06, 1.42227179367e-06, 2.24749356903e-07, 1.37284445145e-07, 1.47401792105e-07, 8.70978809075e-08, 1.14980264243e-06, 2.09477533986e-07, 1.28360881035e-07, 8.52012576047e-08, 6.28988061635e-08, 5.71270177829e-08, 7.15321468725e-10],
        "max": [0.00927931349725, 0.173315107822, 0.0995350927114, 0.0771898254752, 0.030851136893, 0.0175605732948, 0.0120801767334, 0.0336193442345, 0.0377028211951, 0.021962756291, 0.0234795100987, 0.02924326621, 0.0277837738395, 0.0237610843033, 0.0113437827677, 0.0138834640384, 0.00395133858547, 0.00483501004055, 0.00515614170581, 0.00301932683215, 0.0189893785864, 0.00619834335521, 0.00315840821713, 0.00386062962934, 0.00211655511521, 0.0019429421518, 0.000242365451413],
        "mean": [0.00038404672523, 0.00814059376717, 0.0118683194742, 0.00559015152976, 0.00160306098405, 0.001029511448, 0.00095388002228, 0.00149336003233, 0.00146459310781, 0.000605604145676, 0.0008390613948, 0.00296030472964, 0.00268865702674, 0.000746932346374, 0.000488094461616, 0.000792965001892, 0.000217465902097, 0.000306785077555, 0.000265631882939, 0.000219416062464, 0.000445290497737, 0.00027445377782, 0.000169694772922, 0.000159375194926, 0.0001071049046, 6.91198147251e-05, 3.92487891077e-06],
        "median": [1.78803093149e-05, 0.00263814721256, 0.00818009953946, 0.00310465344228, 0.000800998008344, 0.000481375114759, 0.000214227242395, 0.000159054936375, 0.000167573743965, 0.000164435303304, 6.72209425829e-05, 0.000398481963202, 0.000434291316196, 0.000191500512301, 0.00010773674876, 0.000233843180467, 8.63413151819e-05, 0.000101701945823, 0.000109559732664, 0.000103384394606, 9.60307370406e-05, 6.61774247419e-05, 4.05972459703e-05, 2.27538330364e-05, 1.00688394014e-05, 2.27563418775e-06, 1.29973161123e-08],
        "min": [1.95609042393e-23, 2.26405335941e-23, 1.97756246836e-24, 8.28487676187e-24, 3.74077115504e-23, 3.33926398902e-23, 3.15818002159e-23, 3.20641476387e-23, 2.52635260806e-23, 6.27941169165e-23, 7.62029978786e-23, 8.48248310541e-23, 6.13939140533e-23, 1.30780162901e-22, 2.18947952969e-22, 1.36720247652e-22, 6.62691943544e-23, 1.20406326453e-22, 3.7181773583e-22, 3.92358108702e-22, 4.70335481948e-22, 7.27551292e-22, 6.89905688399e-22, 8.54603285641e-22, 1.36685800306e-21, 1.60441797419e-21, 2.59852609813e-21],
        "var": [1.24810810576e-06, 0.000467782345368, 0.000150211664732, 5.00865571667e-05, 6.72091346132e-06, 2.6061702556e-06, 2.82997302747e-06, 1.47583541548e-05, 1.1730053302e-05, 2.34044500758e-06, 7.45578063288e-06, 3.05425419356e-05, 2.43051235884e-05, 4.57899068351e-06, 1.06213803974e-06, 1.93938058146e-06, 1.29797342652e-07, 2.59361797816e-07, 1.58131953754e-07, 8.33877393802e-08, 1.78994343969e-06, 4.27334072128e-07, 1.35102382615e-07, 1.51142373284e-07, 7.16015122748e-08, 3.91223728968e-08, 2.31562102826e-10]
    },
    "erbbands": {
        "dmean": [0.23779989779, 2.08578157425, 6.71546602249, 10.4970445633, 6.20588922501, 4.02370929718, 4.27001619339, 6.13843584061, 8.87581348419, 9.35989570618, 20.4231052399, 18.5231456757, 13.8010835648, 11.2977876663, 19.6308574677, 48.2409820557, 45.0004310608, 22.588552475, 14.640370369, 19.7354030609, 11.6906700134, 7.42011117935, 7.45379972458, 6.27551794052, 7.12098646164, 5.26045513153, 11.3605747223, 5.48775959015, 4.5218129158, 4.32185745239, 2.77366662025, 2.13704299927, 1.21619594097, 0.744241476059, 0.54589253664, 0.300238609314, 0.0979507490993, 0.0146220093593, 0.000429445120972, 3.01008785755e-05],
        "dmean2": [0.407249897718, 3.69491052628, 10.5920057297, 15.163061142, 10.0698347092, 7.04316711426, 7.12829208374, 10.0809001923, 14.35430336, 14.9424848557, 30.714553833, 27.9879817963, 21.8683376312, 17.1276226044, 30.892074585, 69.3391036987, 67.3363876343, 34.8414001465, 23.1769981384, 30.7129650116, 18.2577667236, 11.5975732803, 11.4101495743, 9.85290431976, 10.9955844879, 8.04597663879, 16.6591339111, 7.96230316162, 6.54494571686, 6.37108182907, 4.14984989166, 3.17766785622, 1.77819859982, 1.08934271336, 0.8073143363, 0.443146049976, 0.142042770982, 0.0226816609502, 0.000690438784659, 4.43133831141e-05],
        "dvar": [0.586592197418, 36.7183456421, 128.101409912, 245.910964966, 101.663482666, 86.0218658447, 93.6697158813, 166.018234253, 287.334869385, 531.196411133, 2319.03613281, 1915.0916748, 1370.77587891, 1000.85015869, 2282.87207031, 7040.2421875, 6343.11816406, 3734.11352539, 1355.31408691, 1288.23144531, 506.251281738, 207.660476685, 152.464111328, 115.027542114, 218.015213013, 82.6639480591, 1770.62182617, 192.96824646, 130.336425781, 119.974494934, 45.3827972412, 26.1774044037, 8.27490711212, 3.46050691605, 2.1294093132, 0.77102792263, 0.078348249197, 0.0019191862084, 2.04808475246e-06, 2.37562480798e-09],
        "dvar2": [1.54106152058, 103.640563965, 354.50378418, 537.223449707, 262.807312012, 231.466156006, 248.826461792, 447.172515869, 668.455871582, 1244.91015625, 4571.95166016, 3736.87304688, 3119.83105469, 1952.64916992, 5036.61035156, 13762.1474609, 14438.3974609, 8309.98046875, 3105.85351562, 2860.72631836, 1188.41723633, 519.842346191, 367.951385498, 264.267242432, 527.709289551, 197.794403076, 3707.75805664, 371.924499512, 268.576385498, 261.932281494, 103.096557617, 58.7671127319, 17.8289203644, 7.22545957565, 4.7853603363, 1.69660842419, 0.168676152825, 0.00456290272996, 5.25089899384e-06, 5.77174708027e-09],
        "max": [6.46627902985, 40.0473480225, 102.150482178, 242.501022339, 118.021972656, 107.486686707, 134.134674072, 157.566680908, 223.367843628, 378.388244629, 909.767028809, 905.380310059, 841.885681152, 833.414001465, 957.584411621, 1203.05187988, 1539.05908203, 1360.22167969, 715.190673828, 657.36932373, 418.064361572, 182.335952759, 224.692367554, 124.205932617, 351.612731934, 143.120727539, 1194.7121582, 357.248413086, 265.650268555, 198.739196777, 101.135658264, 66.7836837769, 62.3795433044, 34.6018638611, 18.062707901, 12.1524429321, 3.22942090034, 0.590540826321, 0.0235200598836, 0.000584888621233],
        "mean": [0.193568855524, 2.08029317856, 11.2011575699, 20.1665611267, 9.37435913086, 4.30520534515, 5.76562309265, 9.31757354736, 15.0646343231, 14.6994171143, 37.3881721497, 39.9914855957, 23.1202449799, 18.5071353912, 40.6864318848, 138.347503662, 145.229660034, 51.7903556824, 25.6298103333, 45.2622680664, 24.7305870056, 14.1160020828, 16.5729484558, 11.830280304, 14.0160207748, 10.9374809265, 20.7516555786, 11.4707460403, 9.2392578125, 8.1572971344, 4.86517953873, 3.6779859066, 2.17057824135, 1.28417003155, 0.778319180012, 0.375881493092, 0.115138858557, 0.0154151981696, 0.000432596483734, 6.52012095088e-05],
        "median": [0.0298560336232, 0.848408102989, 7.50303649902, 12.4244060516, 5.67008590698, 1.79198980331, 2.69381284714, 4.46640300751, 4.16025161743, 3.26733565331, 6.64812135696, 5.19169521332, 8.8604850769, 5.93157958984, 8.64401054382, 39.4307937622, 41.2626113892, 18.8860282898, 10.5022621155, 16.4899101257, 11.0887537003, 6.75366401672, 6.06985998154, 5.82076740265, 5.85006904602, 4.97575473785, 4.51079082489, 3.2683801651, 2.4210319519, 1.86725437641, 1.05466294289, 0.64500951767, 0.301038742065, 0.140135616064, 0.053246833384, 0.0150637663901, 0.00329941813834, 0.000302556116367, 3.33038769895e-05, 4.98360896017e-05],
        "min": [5.99059002428e-22, 5.62575995524e-21, 3.79018841874e-21, 2.16066345309e-20, 8.66391364657e-20, 1.48297315035e-19, 9.71683701817e-20, 2.85562548089e-19, 5.60842207189e-19, 2.0985890088e-19, 1.03264948498e-18, 6.01910897421e-19, 1.46664778453e-18, 3.23648228578e-18, 2.24567873062e-18, 3.564000727e-18, 2.91604099507e-18, 5.95641261289e-18, 1.32995827694e-17, 7.31375892263e-18, 5.78867816905e-18, 4.80339521729e-18, 6.53324535869e-18, 1.96541604245e-17, 1.18692377706e-17, 2.05408963868e-17, 2.00747751485e-17, 1.99352463228e-17, 2.28165198827e-17, 2.32092950161e-17, 2.00795810679e-17, 1.66503036608e-17, 1.55683977417e-17, 1.34175221811e-17, 1.08289315917e-17, 4.83540255751e-18, 2.96024035713e-18, 1.72093230721e-18, 3.44009424112e-19, 3.86477038319e-20],
        "var": [0.4335462749, 23.2898597717, 152.065597534, 526.101623535, 122.01159668, 74.0648422241, 97.4994049072, 221.795623779, 686.049621582, 1009.65734863, 9189.56738281, 8421.64453125, 3485.48144531, 2043.0546875, 11599.1298828, 53898.875, 59070.5859375, 17474.5214844, 2952.15600586, 4872.29541016, 1428.15307617, 391.11038208, 671.875793457, 249.852798462, 535.244995117, 222.079025269, 4319.80175781, 814.789245605, 490.351501465, 378.376953125, 125.746292114, 74.7524185181, 27.5371227264, 10.8962688446, 4.13206624985, 1.14243984222, 0.110740572214, 0.00228835293092, 1.92692755263e-06, 3.34330430007e-09]
    },
    "gfcc": {
        "mean": [-14.5336027145, 106.539863586, -112.687660217, 42.1542510986, -45.1529922485, 25.8098678589, -28.4588031769, 0.012542209588, -23.4899730682, -0.91311621666, -15.0166921616, -10.4675722122, -17.0231819153],
        "cov": [[8994.12792969, -2795.4375, -1691.78894043, -370.767425537, -907.350769043, 354.999572754, -429.327301025, 285.440887451, -392.693817139, 570.33807373, -386.937927246, 397.625518799, -452.840545654], [-2795.4375, 2653.140625, -231.659103394, -204.386123657, 715.611572266, -206.147293091, 316.112762451, -264.879211426, 299.638153076, -372.781921387, 409.230133057, -305.319488525, 289.02520752], [-1691.78894043, -231.659103394, 2064.72680664, 490.938964844, -61.2049217224, -43.7707023621, -45.5617332458, 97.8924636841, -105.338157654, -54.107749939, -193.788803101, 43.1973457336, -15.0921297073], [-370.767425537, -204.386123657, 490.938964844, 457.998687744, 22.9596996307, 18.4641609192, 10.0054931641, 20.0298290253, -29.4959144592, -34.0287399292, -30.069190979, -1.09628021717, 37.8420028687], [-907.350769043, 715.611572266, -61.2049217224, 22.9596996307, 440.062927246, 52.608757019, 110.428886414, -108.289985657, 78.1580200195, -109.525024414, 129.087219238, -83.9790802002, 70.6930389404], [354.999572754, -206.147293091, -43.7707023621, 18.4641609192, 52.608757019, 188.507293701, 16.0190429688, 8.85983467102, -37.2595443726, 37.4827728271, -33.2302513123, 25.7068328857, -33.8427391052], [-429.327301025, 316.112762451, -45.5617332458, 10.0054931641, 110.428886414, 16.0190429688, 155.10005188, 11.7067451477, 66.1991424561, -60.5707969666, 50.6607170105, -62.3733940125, 48.1244392395], [285.440887451, -264.879211426, 97.8924636841, 20.0298290253, -108.289985657, 8.85983467102, 11.7067451477, 153.791351318, 22.7979774475, 29.6876983643, -81.4957351685, 11.6283340454, -24.5249099731], [-392.693817139, 299.638153076, -105.338157654, -29.4959144592, 78.1580200195, -37.2595443726, 66.1991424561, 22.7979774475, 139.765151978, -21.4343204498, 39.545715332, -71.0503158569, 43.9358482361], [570.33807373, -372.781921387, -54.107749939, -34.0287399292, -109.525024414, 37.4827728271, -60.5707969666, 29.6876983643, -21.4343204498, 132.79335022, -13.0364532471, 70.4146957397, -48.3689231873], [-386.937927246, 409.230133057, -193.788803101, -30.069190979, 129.087219238, -33.2302513123, 50.6607170105, -81.4957351685, 39.545715332, -13.0364532471, 191.295852661, 14.8444728851, 65.242149353], [397.625518799, -305.319488525, 43.1973457336, -1.09628021717, -83.9790802002, 25.7068328857, -62.3733940125, 11.6283340454, -71.0503158569, 70.4146957397, 14.8444728851, 141.632492065, -9.6405916214], [-452.840545654, 289.02520752, -15.0921297073, 37.8420028687, 70.6930389404, -33.8427391052, 48.1244392395, -24.5249099731, 43.9358482361, -48.3689231873, 65.242149353, -9.6405916214, 114.70930481]],
        "icov": [[0.000347246881574, -0.000206100943615, 0.000470293103717, -0.000313885364449, 0.000222234637477, -0.000152042688569, 0.000122836310766, -0.000500751950312, 0.000756433117203, -0.000872322474606, 0.000780427828431, -0.000540422275662, 0.000568294723053], [-0.000206100943615, 0.00319781666622, -0.00101783289574, 0.00246819853783, -0.00166585610714, 0.000716533162631, -6.93919428159e-05, 0.00120888056699, -0.00203637196682, 0.00456606410444, -0.0047920406796, 0.00359043106437, -0.00256090890616], [0.000470293103717, -0.00101783289574, 0.00162719457876, -0.00176177010871, 0.000236191306612, 0.000439682597062, -0.000129683889099, -0.00105157180224, 0.00174839340616, -0.00209124782123, 0.00316625158302, -0.00224866718054, 0.00148887687828], [-0.000313885364449, 0.00246819853783, -0.00176177010871, 0.00524268951267, -0.00131307542324, -0.000283086876152, 0.000338949641446, 0.000388592918171, -0.000773917301558, 0.00378467957489, -0.00451783556491, 0.00410511530936, -0.00394596066326], [0.000222234637477, -0.00166585610714, 0.000236191306612, -0.00131307542324, 0.0069920187816, -0.00453087547794, 0.000318992621033, 0.00187800836284, -0.00223394343629, 0.00186181021854, -0.000801863207016, -0.00115794164594, 0.00216027512215], [-0.000152042688569, 0.000716533162631, 0.000439682597062, -0.000283086876152, -0.00453087547794, 0.0106050195172, -0.00470264395699, 0.000476900400827, 0.00316435610875, -0.00440913811326, 0.00397409731522, -0.00150405743625, 0.000283680506982], [0.000122836310766, -6.93919428159e-05, -0.000129683889099, 0.000338949641446, 0.000318992621033, -0.00470264395699, 0.0144706293941, -0.00543302251026, -0.00141185591929, 0.00455845985562, -0.00594849651679, 0.00492018321529, -0.00202593510039], [-0.000500751950312, 0.00120888056699, -0.00105157180224, 0.000388592918171, 0.00187800836284, 0.000476900400827, -0.00543302251026, 0.0154263721779, -0.00885257404298, 0.00224465248175, 0.00425073271617, -0.00424222461879, 0.000834526959807], [0.000756433117203, -0.00203637196682, 0.00174839340616, -0.000773917301558, -0.00223394343629, 0.00316435610875, -0.00141185591929, -0.00885257404298, 0.0217017233372, -0.0114683872089, 0.00168447941542, 0.00730114243925, -0.00388005189598], [-0.000872322474606, 0.00456606410444, -0.00209124782123, 0.00378467957489, 0.00186181021854, -0.00440913811326, 0.00455845985562, 0.00224465248175, -0.0114683872089, 0.0268232021481, -0.0117039093748, -0.00104472273961, 0.0019190213643], [0.000780427828431, -0.0047920406796, 0.00316625158302, -0.00451783556491, -0.000801863207016, 0.00397409731522, -0.00594849651679, 0.00425073271617, 0.00168447941542, -0.0117039093748, 0.0233203675598, -0.0133200930431, 0.00216963794082], [-0.000540422275662, 0.00359043106437, -0.00224866718054, 0.00410511530936, -0.00115794164594, -0.00150405743625, 0.00492018321529, -0.00424222461879, 0.00730114243925, -0.00104472273961, -0.0133200930431, 0.0240908730775, -0.00916777923703], [0.000568294723053, -0.00256090890616, 0.00148887687828, -0.00394596066326, 0.00216027512215, 0.000283680506982, -0.00202593510039, 0.000834526959807, -0.00388005189598, 0.0019190213643, 0.00216963794082, -0.00916777923703, 0.0189828984439]]
    },
    "melbands": {
        "dmean": [0.00229212967679, 0.00322802504525, 0.00162124517374, 0.000356465869118, 0.000141954951687, 0.000138931631227, 0.000129217107315, 0.000118496878713, 0.000160186827998, 0.000113173387945, 6.99444572092e-05, 4.67367026431e-05, 6.60350342514e-05, 8.8792956376e-05, 0.000167027188581, 6.97235009284e-05, 4.35964429926e-05, 2.49184995482e-05, 2.41720626946e-05, 3.42704261129e-05, 1.07498135549e-05, 7.76393517299e-06, 9.01135172171e-06, 6.05288823863e-06, 5.53000154468e-06, 5.52784831598e-06, 5.19185277881e-06, 3.60191120308e-06, 6.60972500555e-06, 6.71636325933e-06, 2.65771723207e-06, 2.87397074317e-06, 3.11994813273e-06, 2.25039411816e-06, 1.66596760209e-06, 1.61734362791e-06, 1.29363672841e-06, 9.29142686346e-07, 8.4673672518e-07, 6.39768359179e-07],
        "dmean2": [0.00394533388317, 0.00525820953771, 0.00235230545513, 0.000609218783211, 0.000238816865021, 0.00022845332569, 0.00020909003797, 0.000186656223377, 0.000239212749875, 0.000172828018549, 0.000111463617941, 7.16053618817e-05, 0.000104004880995, 0.000126640050439, 0.000242801135755, 0.000107265273982, 6.77267089486e-05, 3.97884759877e-05, 3.75670460926e-05, 5.22996306245e-05, 1.69131908478e-05, 1.22750061564e-05, 1.40318197737e-05, 9.354966096e-06, 8.70081657922e-06, 8.63606237544e-06, 8.10758592706e-06, 5.6524777392e-06, 9.77040326688e-06, 9.86512623058e-06, 3.99919781557e-06, 4.36149048255e-06, 4.81076131109e-06, 3.37863684763e-06, 2.5774011192e-06, 2.45934438681e-06, 1.93837672668e-06, 1.41479472404e-06, 1.25052451949e-06, 9.77165882432e-07],
        "dvar": [5.05825846631e-05, 4.01334837079e-05, 5.41903909834e-06, 5.17360717822e-07, 1.02736201768e-07, 8.03971360597e-08, 5.97577027861e-08, 8.00499293518e-08, 1.29372381252e-07, 7.82968783142e-08, 3.78452149619e-08, 1.74722831758e-08, 3.24391322692e-08, 2.85584533799e-08, 8.39826981291e-08, 2.10672137513e-08, 1.59354218709e-08, 3.77780828842e-09, 2.46010278815e-09, 5.74145708754e-09, 4.70722238965e-10, 2.26783133939e-10, 3.89969667669e-10, 9.35078126041e-11, 9.79268402479e-11, 1.01919465922e-10, 1.32510877271e-10, 3.5653757724e-11, 5.73096181622e-10, 4.94901175596e-10, 3.8018786036e-11, 5.96564603272e-11, 7.47591710759e-11, 3.04678643426e-11, 1.62808343196e-11, 1.58398814898e-11, 9.58620075681e-12, 4.39180896511e-12, 6.65375046727e-12, 2.4988758892e-12],
        "dvar2": [0.000136260321597, 0.000112374415039, 1.1954594811e-05, 1.40195618314e-06, 2.75288357443e-07, 2.17072710029e-07, 1.42934780456e-07, 1.83635179951e-07, 2.53218615853e-07, 1.51771430978e-07, 8.7996596676e-08, 3.6169456763e-08, 6.88593928544e-08, 5.29088914902e-08, 1.61958737976e-07, 5.0495362558e-08, 3.67926737965e-08, 8.99504470908e-09, 5.53474599485e-09, 1.13965672455e-08, 1.15035869719e-09, 5.62009716543e-10, 9.66613789011e-10, 2.07499878391e-10, 2.29209887181e-10, 2.60795551821e-10, 3.26934174177e-10, 8.76699129959e-11, 1.17370935193e-09, 1.08699060863e-09, 7.7652481667e-11, 1.37581404602e-10, 1.79226480879e-10, 6.97366678293e-11, 3.82790778242e-11, 3.6097902445e-11, 2.22230133601e-11, 9.91562561226e-12, 1.50348310191e-11, 5.71408068431e-12],
        "max": [0.0517414212227, 0.050628811121, 0.0338807068765, 0.00836345087737, 0.00432201102376, 0.00324114970863, 0.00285164779052, 0.00391348963603, 0.00649798521772, 0.00641035754234, 0.00422582821921, 0.00336823496036, 0.00386967463419, 0.00280966493301, 0.00421105511487, 0.00299873761833, 0.00250569637865, 0.00130285543855, 0.000663772865664, 0.00147534080315, 0.000468007317977, 0.000180248956895, 0.000413499714341, 0.000129424064653, 0.000115845745313, 0.000156243448146, 0.000271239405265, 7.55678775022e-05, 0.000718834518921, 0.000482462462969, 0.000160960888024, 0.000191605591681, 0.000202579758479, 8.73954340932e-05, 6.66322303005e-05, 5.56460981898e-05, 4.65356279165e-05, 2.82301534753e-05, 6.91710229148e-05, 1.89131260413e-05],
        "mean": [0.00198615156114, 0.00493171485141, 0.00315639353357, 0.000432012224337, 0.000189895552467, 0.000215107618715, 0.000214444662561, 0.000187926154467, 0.000292891898425, 0.000239816581598, 0.000108004896902, 6.9258530857e-05, 0.000127230625367, 0.000200986934942, 0.000485785945784, 0.000222734219278, 7.89255718701e-05, 3.86438114219e-05, 4.16846123699e-05, 7.36176298233e-05, 1.86219313036e-05, 1.25352007672e-05, 1.94946842385e-05, 1.10355886136e-05, 9.19133617572e-06, 1.03221300378e-05, 9.09704976948e-06, 6.56368320051e-06, 1.16347882795e-05, 1.20652985061e-05, 4.90540878673e-06, 5.13932945978e-06, 5.60462285648e-06, 3.91358344132e-06, 2.77502999779e-06, 2.62477010438e-06, 2.09452446143e-06, 1.48686956436e-06, 1.40995962283e-06, 9.68345716501e-07],
        "median": [0.000505310366862, 0.0031382846646, 0.00212317402475, 0.000217130495002, 8.89467482921e-05, 0.000108594598714, 5.76287638978e-05, 2.80876065517e-05, 5.42908819625e-05, 2.61705299636e-05, 2.99199782603e-05, 2.06110125873e-05, 1.02875346784e-05, 4.49161016149e-05, 0.000112667337817, 3.63086874131e-05, 1.62013529916e-05, 1.23737645481e-05, 1.43774950629e-05, 2.04143179872e-05, 6.85399845679e-06, 5.04414492752e-06, 5.00588066643e-06, 4.35331503468e-06, 3.79023595087e-06, 4.15398426412e-06, 2.88020873995e-06, 2.69932456831e-06, 2.35794368564e-06, 2.34351045947e-06, 1.43597912938e-06, 1.32297509481e-06, 1.1100453321e-06, 9.23403717934e-07, 5.88861098549e-07, 4.54323469512e-07, 3.34434730576e-07, 2.13745181554e-07, 1.43292766097e-07, 1.0231566705e-07],
        "min": [8.14011131943e-24, 3.9378476996e-24, 4.70882039493e-24, 9.44902088781e-24, 3.77536325793e-24, 7.39969357354e-24, 7.97854077313e-24, 2.1461380995e-24, 9.51310715889e-24, 2.97015360488e-24, 7.12055829767e-24, 1.2689482415e-23, 8.49084203333e-24, 9.59519760241e-24, 6.26146944479e-24, 7.89704039757e-24, 1.09238223825e-23, 2.05676201276e-23, 1.35322319864e-23, 9.04138648137e-24, 6.00467313204e-24, 4.75250041211e-24, 3.95785794532e-24, 6.54324267153e-24, 1.81912870911e-23, 1.07299598151e-23, 6.32850763338e-24, 1.56702485657e-23, 1.22624262531e-23, 1.22866024733e-23, 1.18037146808e-23, 1.16831144144e-23, 1.60327885273e-23, 1.16084542518e-23, 1.19164815583e-23, 1.16349252683e-23, 8.68475351017e-24, 9.19695695162e-24, 1.32086593869e-23, 1.07781481723e-23],
        "var": [3.56144773832e-05, 3.63247127098e-05, 1.11938879854e-05, 4.54362293567e-07, 1.03744234536e-07, 1.06569061131e-07, 1.33725848173e-07, 1.75021526161e-07, 5.14920770911e-07, 3.48104975956e-07, 8.89631550649e-08, 3.22375832695e-08, 1.69982314446e-07, 1.27156937424e-07, 6.27353529126e-07, 2.38588910406e-07, 5.62278508198e-08, 8.14734857357e-09, 5.49964829233e-09, 1.8610052166e-08, 1.14199383283e-09, 3.70285829776e-10, 1.7418984033e-09, 2.40127612239e-10, 1.84146933813e-10, 2.58926213803e-10, 2.62061400358e-10, 8.43948314011e-11, 1.31619704025e-09, 1.46136014401e-09, 1.12419677734e-10, 1.57694760028e-10, 2.25280114008e-10, 7.70486105472e-11, 4.07038881767e-11, 4.23282311979e-11, 2.38906758959e-11, 1.13777477023e-11, 1.8737256538e-11, 5.92412317119e-12]
    },
    "mfcc": {
        "mean": [-658.84967041, 128.390167236, 4.32701349258, 27.9767818451, 9.81907272339, 22.7163658142, 8.55607795715, 5.4404706955, -0.872040212154, 3.59122800827, 1.23003327847, 3.60707473755, -0.122838035226],
        "cov": [[9064.11621094, -2492.89990234, -1462.70666504, -840.454406738, -779.371520996, -176.738723755, -310.668151855, -227.492874146, -148.819335938, -68.5989074707, 100.254508972, 195.050415039, -2.54716610909], [-2492.89990234, 2366.81054688, -409.542541504, 4.84548568726, 298.407745361, 61.725769043, 165.354431152, 81.3308181763, -8.70219612122, 28.9028072357, -12.3621940613, -18.1381034851, 74.8590774536], [-1462.70666504, -409.542541504, 1532.88696289, 417.769866943, 136.534408569, -20.2431945801, 15.4937009811, 58.0518074036, 104.346374512, -7.59217691422, -81.7951202393, -86.0681533813, -54.0230293274], [-840.454406738, 4.84548568726, 417.769866943, 402.163757324, 143.78352356, 27.0054893494, 51.9365997314, 44.8908004761, 21.4683475494, -5.47552061081, -32.694984436, -37.2910728455, -18.4952278137], [-779.371520996, 298.407745361, 136.534408569, 143.78352356, 256.750518799, 105.879928589, 76.4492797852, 38.1150894165, 0.0733256489038, -8.85352039337, -4.53023433685, -19.2166042328, -4.38424253464], [-176.738723755, 61.725769043, -20.2431945801, 27.0054893494, 105.879928589, 181.146835327, 80.6401901245, 14.3357038498, -11.1738042831, -8.41404247284, 3.38498687744, 2.95834112167, -5.6620464325], [-310.668151855, 165.354431152, 15.4937009811, 51.9365997314, 76.4492797852, 80.6401901245, 126.361610413, 51.339881897, -0.195707350969, -0.919412255287, -9.41213989258, -5.06176900864, 9.19405841827], [-227.492874146, 81.3308181763, 58.0518074036, 44.8908004761, 38.1150894165, 14.3357038498, 51.339881897, 99.9424743652, 49.3017616272, 27.3687324524, 10.8870534897, -15.6084213257, -19.4548034668], [-148.819335938, -8.70219612122, 104.346374512, 21.4683475494, 0.0733256489038, -11.1738042831, -0.195707350969, 49.3017616272, 117.354804993, 69.7124481201, 14.9690446854, -20.5251331329, -35.8146820068], [-68.5989074707, 28.9028072357, -7.59217691422, -5.47552061081, -8.85352039337, -8.41404247284, -0.919412255287, 27.3687324524, 69.7124481201, 103.17881012, 39.4121017456, -8.32350444794, -34.1488571167], [100.254508972, -12.3621940613, -81.7951202393, -32.694984436, -4.53023433685, 3.38498687744, -9.41213989258, 10.8870534897, 14.9690446854, 39.4121017456, 83.5600967407, 34.8519668579, -13.6345090866], [195.050415039, -18.1381034851, -86.0681533813, -37.2910728455, -19.2166042328, 2.95834112167, -5.06176900864, -15.6084213257, -20.5251331329, -8.32350444794, 34.8519668579, 79.2762756348, 38.4027175903], [-2.54716610909, 74.8590774536, -54.0230293274, -18.4952278137, -4.38424253464, -5.6620464325, 9.19405841827, -19.4548034668, -35.8146820068, -34.1488571167, -13.6345090866, 38.4027175903, 98.463218689]],
