{
"lowlevel": {
    "average_loudness": 0.967756032944,
    "barkbands_crest": {
        "dmean": 3.01648902893,
        "dmean2": 4.90356874466,
        "dvar": 8.35145950317,
        "dvar2": 19.0801086426,
        "max": 26.3112030029,
        "mean": 16.7553443909,
        "median": 16.5915222168,
        "min": 4.19845294952,
        "var": 23.5897407532
    },
    "barkbands_flatness_db": {
        "dmean": 0.050959482789,
        "dmean2": 0.0709830969572,
        "dvar": 0.00281056133099,
        "dvar2": 0.00556855555624,
        "max": 0.685075461864,
        "mean": 0.365652829409,
        "median": 0.350348412991,
        "min": 0.065833106637,
        "var": 0.016862148419
    },
    "barkbands_kurtosis": {
        "dmean": 14.9986867905,
        "dmean2": 23.5428829193,
        "dvar": 749.176208496,
        "dvar2": 1836.07800293,
        "max": 306.711608887,
        "mean": 23.2199478149,
        "median": 12.7506713867,
        "min": -1.72422122955,
        "var": 1203.27783203
    },
    "barkbands_skewness": {
        "dmean": 1.14244961739,
        "dmean2": 1.65726339817,
        "dvar": 1.56489610672,
        "dvar2": 3.50499248505,
        "max": 15.1719732285,
        "mean": 3.22788381577,
        "median": 2.78000020981,
        "min": -2.51295781136,
        "var": 4.52809524536
    },
    "barkbands_spread": {
        "dmean": 1.82956779003,
        "dmean2": 2.6840171814,
        "dvar": 9.70796775818,
        "dvar2": 19.0339698792,
        "max": 46.3870582581,
        "mean": 4.31742429733,
        "median": 3.00272393227,
        "min": 0.100373513997,
        "var": 21.7353439331
    },
    "dissonance": {
        "dmean": 0.0397091321647,
        "dmean2": 0.0656970739365,
        "dvar": 0.00158616737463,
        "dvar2": 0.00448612356558,
        "max": 0.500000178814,
        "mean": 0.402297407389,
        "median": 0.413103222847,
        "min": 0.168203115463,
        "var": 0.00353038916364
    },
    "dynamic_complexity": 3.33486247063,
    "erbbands_crest": {
        "dmean": 2.76500511169,
        "dmean2": 4.12890958786,
        "dvar": 6.25994491577,
        "dvar2": 12.7342281342,
        "max": 30.0003108978,
        "mean": 13.0255851746,
        "median": 11.9974241257,
        "min": 2.97006893158,
        "var": 26.6294898987
    },
    "erbbands_flatness_db": {
        "dmean": 0.0367412567139,
        "dmean2": 0.0506815798581,
        "dvar": 0.00147687981371,
        "dvar2": 0.00298686604947,
        "max": 0.527819812298,
        "mean": 0.255884706974,
        "median": 0.247876644135,
        "min": 0.0634104162455,
        "var": 0.00866652466357
    },
    "erbbands_kurtosis": {
        "dmean": 2.3002576828,
        "dmean2": 3.24122619629,
        "dvar": 10.3171081543,
        "dvar2": 18.7259349823,
        "max": 57.4760780334,
        "mean": 3.28771686554,
        "median": 1.86762714386,
        "min": -1.71015155315,
        "var": 25.7434158325
    },
    "erbbands_skewness": {
        "dmean": 0.514544188976,
        "dmean2": 0.735537827015,
        "dvar": 0.291233539581,
        "dvar2": 0.600816726685,
        "max": 5.30643081665,
        "mean": 1.15052604675,
        "median": 1.12151885033,
        "min": -2.19128680229,
        "var": 0.919785261154
    },
    "erbbands_spread": {
        "dmean": 7.45906543732,
        "dmean2": 10.2236537933,
        "dvar": 76.5176773071,
        "dvar2": 150.625595093,
        "max": 132.787216187,
        "mean": 22.8546409607,
        "median": 19.3524188995,
        "min": 1.0655605793,
        "var": 253.52507019
    },
    "hfc": {
        "dmean": 4.45836734772,
        "dmean2": 5.96520805359,
        "dvar": 48.8816680908,
        "dvar2": 79.2911148071,
        "max": 136.55140686,
        "mean": 10.5909070969,
        "median": 6.48680305481,
        "min": 1.17168823514e-16,
        "var": 139.74987793
    },
    "melbands_crest": {
        "dmean": 2.86203432083,
        "dmean2": 4.55312538147,
        "dvar": 7.31462335587,
        "dvar2": 17.4506072998,
        "max": 30.9440975189,
        "mean": 19.5602264404,
        "median": 19.9420852661,
        "min": 2.54263997078,
        "var": 22.4411125183
    },
    "melbands_flatness_db": {
        "dmean": 0.0565853491426,
        "dmean2": 0.078321903944,
        "dvar": 0.00362892472185,
        "dvar2": 0.00718160253018,
        "max": 0.860960364342,
        "mean": 0.483621239662,
        "median": 0.464237868786,
        "min": 0.00713338563219,
        "var": 0.0230072773993
    },
    "melbands_kurtosis": {
        "dmean": 18.650346756,
        "dmean2": 28.4087276459,
        "dvar": 1020.42016602,
        "dvar2": 2464.25561523,
        "max": 727.207763672,
        "mean": 32.3081741333,
        "median": 20.8020095825,
        "min": -1.64265477657,
        "var": 1883.39135742
    },
    "melbands_skewness": {
        "dmean": 1.0615003109,
        "dmean2": 1.53070449829,
        "dvar": 1.23938179016,
        "dvar2": 2.71884512901,
        "max": 19.109992981,
        "mean": 3.56147170067,
        "median": 3.19167852402,
        "min": -1.69315886497,
        "var": 3.98582673073
    },
    "melbands_spread": {
        "dmean": 1.99751842022,
        "dmean2": 2.90290927887,
        "dvar": 21.6861114502,
        "dvar2": 41.2046012878,
        "max": 121.808654785,
        "mean": 4.20118045807,
        "median": 2.65929698944,
        "min": 0.269522964954,
        "var": 32.2166023254
    },
    "pitch_salience": {
        "dmean": 0.0774910748005,
        "dmean2": 0.11958194524,
        "dvar": 0.00567275285721,
        "dvar2": 0.0128440205008,
        "max": 0.844340503216,
        "mean": 0.384098052979,
        "median": 0.383161962032,
        "min": 0.052602648735,
        "var": 0.017141578719
    },
    "silence_rate_20dB": {
        "dmean": 0.0185662712902,
        "dmean2": 0.0371517017484,
        "dvar": 0.0182216074318,
        "dvar2": 0.0419638454914,
        "max": 1,
        "mean": 0.979896903038,
        "median": 1,
        "min": 0,
        "var": 0.0196991339326
    },
    "silence_rate_30dB": {
        "dmean": 0.115523464978,
        "dmean2": 0.231166154146,
        "dvar": 0.102178826928,
        "dvar2": 0.195270851254,
        "max": 1,
        "mean": 0.748969078064,
        "median": 1,
        "min": 0,
        "var": 0.188015162945
    },
    "silence_rate_60dB": {
        "dmean": 0.0221763793379,
        "dmean2": 0.0443756431341,
        "dvar": 0.0216848086566,
        "dvar2": 0.0475657582283,
        "max": 1,
        "mean": 0.0402061864734,
        "median": 0,
        "min": 0,
        "var": 0.0385902971029
    },
    "spectral_centroid": {
        "dmean": 94.2219848633,
        "dmean2": 136.990310669,
        "dvar": 84470.9765625,
        "dvar2": 114311.9375,
        "max": 11164.3652344,
        "mean": 373.068664551,
        "median": 314.489990234,
        "min": 91.8669967651,
        "var": 117243.898438
    },
    "spectral_complexity": {
        "dmean": 1.73233628273,
        "dmean2": 2.70433425903,
        "dvar": 7.78647184372,
        "dvar2": 15.5455913544,
        "max": 46,
        "mean": 7.51185560226,
        "median": 7,
        "min": 0,
        "var": 17.7353420258
    },
    "spectral_decrease": {
        "dmean": 8.93298235383e-09,
        "dmean2": 1.22854064699e-08,
        "dvar": 1.77480467799e-16,
        "dvar2": 3.09841290444e-16,
        "max": 2.02402402638e-29,
        "mean": -1.9923843908e-08,
        "median": -1.23821921605e-08,
        "min": -1.59119053933e-07,
        "var": 5.07411698921e-16
    },
    "spectral_energy": {
        "dmean": 0.0340723469853,
        "dmean2": 0.0468084029853,
        "dvar": 0.00256876344793,
        "dvar2": 0.00447950931266,
        "max": 0.604718148708,
        "mean": 0.0761577636003,
        "median": 0.0473747029901,
        "min": 1.05511669269e-20,
        "var": 0.00736694782972
    },
    "spectral_energyband_high": {
        "dmean": 8.66428745212e-05,
        "dmean2": 0.000107661660877,
        "dvar": 6.29863095014e-08,
        "dvar2": 1.06842293235e-07,
        "max": 0.00309412647039,
        "mean": 0.000101765501313,
        "median": 4.73062209494e-06,
        "min": 7.18470016135e-21,
        "var": 1.10693477495e-07
    },
    "spectral_energyband_low": {
        "dmean": 0.0312886163592,
        "dmean2": 0.044484179467,
        "dvar": 0.00245146150701,
        "dvar2": 0.0044115758501,
        "max": 0.597747027874,
        "mean": 0.0637743324041,
        "median": 0.0363954268396,
        "min": 6.54539539405e-23,
        "var": 0.00634989747778
    },
    "spectral_energyband_middle_high": {
        "dmean": 0.000749946455471,
        "dmean2": 0.0011349003762,
        "dvar": 5.7283782553e-06,
        "dvar2": 1.24271409732e-05,
        "max": 0.0295442063361,
        "mean": 0.00101679295767,
        "median": 0.000331713235937,
        "min": 1.71914687502e-21,
        "var": 6.90222032063e-06
    },
    "spectral_energyband_middle_low": {
        "dmean": 0.0057338248007,
        "dmean2": 0.00670161191374,
        "dvar": 0.000107596832095,
        "dvar2": 0.000131818742375,
        "max": 0.200818240643,
        "mean": 0.0140112647787,
        "median": 0.00647248048335,
        "min": 3.6355948549e-22,
        "var": 0.000489218626171
    },
    "spectral_entropy": {
        "dmean": 0.392096310854,
        "dmean2": 0.556501626968,
        "dvar": 0.1904194206,
        "dvar2": 0.388442009687,
        "max": 9.78926753998,
        "mean": 6.00233459473,
        "median": 6.02900123596,
        "min": 3.50934481621,
        "var": 0.944848954678
    },
    "spectral_flux": {
        "dmean": 0.0509960353374,
        "dmean2": 0.0864554941654,
        "dvar": 0.00392453791574,
        "dvar2": 0.0101861702278,
        "max": 0.474085658789,
        "mean": 0.0965517982841,
        "median": 0.0696220695972,
        "min": 1.02718875072e-10,
        "var": 0.00599277857691
    },
    "spectral_kurtosis": {
        "dmean": 28.0744495392,
        "dmean2": 42.8604354858,
        "dvar": 2191.96044922,
        "dvar2": 4947.94189453,
        "max": 660.844543457,
        "mean": 53.1128883362,
        "median": 19.3045368195,
        "min": -1.22640943527,
        "var": 6028.66601562
    },
    "spectral_rms": {
        "dmean": 0.00179834850132,
        "dmean2": 0.0023535285145,
        "dvar": 4.23401706939e-06,
        "dvar2": 6.53665938444e-06,
        "max": 0.0242892764509,
        "mean": 0.0074706976302,
        "median": 0.00679846620187,
        "min": 3.20839860755e-12,
        "var": 1.84888649528e-05
    },
    "spectral_rolloff": {
        "dmean": 99.6031494141,
        "dmean2": 162.564956665,
        "dvar": 213311.484375,
        "dvar2": 235055.640625,
        "max": 19336.8164062,
        "mean": 282.060852051,
        "median": 172.265625,
        "min": 86.1328125,
        "var": 250311.421875
    },
    "spectral_skewness": {
        "dmean": 1.42763197422,
        "dmean2": 2.17123508453,
        "dvar": 3.13249397278,
        "dvar2": 6.96610212326,
        "max": 20.9365463257,
        "mean": 4.77364635468,
        "median": 3.5437040329,
        "min": -0.0570086836815,
        "var": 12.4453840256
    },
    "spectral_spread": {
        "dmean": 887250.5625,
        "dmean2": 1312166,
        "dvar": 1.36744547123e+12,
        "dvar2": 2.32863485133e+12,
        "max": 41285452,
        "mean": 2848207.75,
        "median": 2367141.5,
        "min": 145647.78125,
        "var": 4.86519812915e+12
    },
    "spectral_strongpeak": {
        "dmean": 0.267603993416,
        "dmean2": 0.414520174265,
        "dvar": 0.110898695886,
        "dvar2": 0.265929192305,
        "max": 3.30826282501,
        "mean": 0.662307620049,
        "median": 0.539893388748,
        "min": 0,
        "var": 0.250848978758
    },
    "zerocrossingrate": {
        "dmean": 0.00411047693342,
        "dmean2": 0.00509218405932,
        "dvar": 0.000152655426064,
        "dvar2": 0.000158770257258,
        "max": 0.50048828125,
        "mean": 0.0131820831448,
        "median": 0.00927734375,
        "min": 0,
        "var": 0.000250293232966
    },
    "barkbands": {
        "dmean": [0.000422271608841, 0.0268062930554, 0.00695504248142, 0.00318523333408, 0.00138684106059, 0.00173343671486, 0.000738310511224, 0.000133508394356, 0.000197972723981, 7.01053140801e-05, 0.000139093157486, 0.00028639374068, 0.000216169079067, 5.039257303e-05, 2.16401203943e-05, 1.1761557289e-05, 2.64269710897e-05, 1.39606563607e-05, 1.93097221199e-05, 2.16648077185e-05, 2.39039727603e-05, 2.11293863686e-05, 1.60806484928e-05, 9.56020721787e-06, 6.36096956441e-06, 5.20579305885e-06, 9.42397832659e-07],
        "dmean2": [0.000671344809234, 0.0391084961593, 0.00981182325631, 0.00347002712078, 0.00208880007267, 0.00246719573624, 0.00110128975939, 0.000207316508749, 0.000288753159111, 0.000105533363239, 0.000221402326133, 0.000457211310277, 0.000299201667076, 8.15623207018e-05, 3.75796407752e-05, 2.02870887733e-05, 4.43915851065e-05, 2.35212955886e-05, 3.00166102534e-05, 3.24081884173e-05, 3.34293727065e-05, 2.6878729841e-05, 2.01134862436e-05, 1.2501414858e-05, 8.69235373102e-06, 7.88019042375e-06, 1.60650870384e-06],
        "dvar": [5.89636613313e-07, 0.00208253320307, 0.000202730923775, 4.4250391511e-05, 5.90632316744e-06, 1.23291156342e-05, 5.40192741028e-06, 3.10290801053e-07, 3.74716421447e-07, 7.22085005123e-08, 2.21090417085e-07, 1.62736716902e-06, 2.14056498749e-07, 3.03416314296e-08, 1.37707241166e-08, 2.2143611389e-09, 1.5475078996e-08, 3.37161321085e-09, 4.96827023966e-09, 8.85495676783e-09, 7.11758252336e-09, 4.6083759031e-09, 2.08352557429e-09, 1.04115494004e-09, 4.17899242988e-10, 3.09856584835e-10, 1.19236703844e-11],
        "dvar2": [1.42500346101e-06, 0.00398392416537, 0.000362720864359, 4.0279719542e-05, 1.32658769871e-05, 2.80396434391e-05, 9.75116745394e-06, 6.66907226332e-07, 8.03719728992e-07, 1.34778630922e-07, 4.69113842883e-07, 3.71957662537e-06, 3.82099415219e-07, 6.8149986987e-08, 3.94778538748e-08, 6.04157257555e-09, 4.0158958825e-08, 8.2548492486e-09, 1.23761818571e-08, 2.16521360841e-08, 1.5436434353e-08, 8.99221674899e-09, 3.53088025484e-09, 2.32995756022e-09, 9.47978806565e-10, 7.10525249747e-10, 3.10615491661e-11],
        "max": [0.00736343581229, 0.581494569778, 0.17368042469, 0.148433595896, 0.0314858257771, 0.0639384910464, 0.0500047430396, 0.0118618551642, 0.0119771715254, 0.00856392271817, 0.00486829411238, 0.0131605630741, 0.00643075210974, 0.00439593987539, 0.00181026419159, 0.000721563817933, 0.00211273529567, 0.000982915400527, 0.00165185448714, 0.00127423705999, 0.000950315385126, 0.000781952810939, 0.000501314061694, 0.00069918500958, 0.000431515072705, 0.000324949418427, 4.84127667733e-05],
        "mean": [0.000584000139497, 0.0478735081851, 0.0125787463039, 0.00633056880906, 0.00202616467141, 0.00343333440833, 0.00160630384926, 0.000247544521699, 0.000349016452674, 0.000109543841972, 0.000157300833962, 0.000286742142634, 0.000312174612191, 5.71874588786e-05, 2.04251991818e-05, 1.22349147205e-05, 2.3555045118e-05, 1.43988281707e-05, 2.2117221306e-05, 2.04735806619e-05, 2.77357612504e-05, 2.27761447604e-05, 1.85744593182e-05, 1.07053656393e-05, 7.04745662006e-06, 5.01487420479e-06, 6.7899742362e-07],
        "median": [0.000203136965865, 0.0259947255254, 0.00396971683949, 0.00113974581473, 0.000867088732775, 0.00134369754232, 0.000182399584446, 4.06064282288e-05, 6.38873025309e-05, 3.11863550451e-05, 3.00184947264e-05, 1.64469747688e-05, 5.9817397414e-05, 1.13463192974e-05, 4.11461587646e-06, 1.98938641915e-06, 1.00171291706e-06, 1.18079083222e-06, 2.83747726826e-06, 9.77714535111e-07, 1.31366527967e-06, 8.96070957879e-07, 7.66814991948e-07, 3.63293025885e-07, 2.05577691759e-07, 3.84846359225e-08, 3.7100194028e-09],
        "min": [1.16641667644e-23, 2.95605492501e-23, 2.26811646638e-23, 7.64531330499e-24, 3.37929268462e-23, 5.5661766726e-23, 5.05410875745e-23, 8.05864454934e-23, 1.31678328374e-22, 5.67317902796e-23, 3.54063619675e-23, 2.75256415243e-23, 9.10712778263e-23, 1.19216244581e-22, 1.04197481527e-22, 2.36265481944e-22, 2.05632548869e-22, 2.01090843135e-22, 3.52328857746e-22, 5.79236606576e-22, 4.50606184304e-22, 5.32634541315e-22, 4.49298972365e-22, 7.55702897808e-22, 9.3549633928e-22, 1.69752567436e-21, 2.36478981784e-21],
        "var": [8.33861008687e-07, 0.00468666106462, 0.000633951509371, 0.000218943139771, 1.00846655187e-05, 3.48135108652e-05, 1.92588431673e-05, 8.14311988506e-07, 8.10375183846e-07, 1.73404771431e-07, 2.43739862071e-07, 1.63147797139e-06, 4.11501645203e-07, 3.95498602757e-08, 8.81541240005e-09, 1.80552184315e-09, 1.30506814244e-08, 3.36515570964e-09, 4.88938578513e-09, 8.39323632817e-09, 1.00671462278e-08, 6.76529410271e-09, 3.61595176024e-09, 1.30104360618e-09, 5.08693365209e-10, 3.2423719265e-10, 9.03472002073e-12]
    },
    "erbbands": {
        "dmean": [0.674690425396, 6.48598957062, 10.4379692078, 7.18951511383, 6.76959323883, 6.19183683395, 8.76832485199, 14.9844589233, 10.3345584869, 9.59998989105, 2.03325152397, 4.54495429993, 3.03763175011, 2.27473258972, 9.13353729248, 11.1930837631, 12.2099332809, 2.99422025681, 1.82952666283, 0.571945548058, 0.7360881567, 1.39935791492, 1.01067519188, 0.976173698902, 0.96593606472, 0.992215752602, 0.819071531296, 1.01919221878, 0.775586247444, 0.518131673336, 0.486953109503, 0.24331150949, 0.158356592059, 0.0797719731927, 0.0428040400147, 0.0219826251268, 0.0105261541903, 0.00252815638669, 8.93496326171e-05, 3.77968426619e-05],
        "dmean2": [0.989290237427, 9.42024803162, 14.6975097656, 8.32174301147, 7.81256484985, 9.7443857193, 12.8182296753, 21.3938293457, 16.341917038, 13.391418457, 3.10082864761, 6.37669324875, 4.89922094345, 3.28026771545, 14.308634758, 17.5528774261, 16.949180603, 4.69105100632, 3.16767382622, 0.94759529829, 1.25085067749, 2.32302951813, 1.6846460104, 1.50085794926, 1.53969788551, 1.49874615669, 1.15802395344, 1.50622320175, 0.983026623726, 0.633878648281, 0.64498257637, 0.322174102068, 0.213132277131, 0.107854388654, 0.0608143135905, 0.0341313555837, 0.0158628728241, 0.00401977729052, 0.000143952929648, 5.20348694408e-05],
        "dvar": [1.18790364265, 127.64465332, 346.911590576, 151.665054321, 157.715179443, 146.656463623, 305.767608643, 910.59753418, 899.102172852, 1965.81787109, 37.7735557556, 193.433181763, 131.604598999, 89.575668335, 1294.8659668, 2185.43212891, 682.82409668, 114.131416321, 70.0397415161, 3.84628415108, 13.110168457, 42.2581939697, 19.4960422516, 11.090382576, 16.8066730499, 16.8385658264, 8.98739051819, 11.9535150528, 6.15236377716, 2.37548828125, 2.09588646889, 0.65975099802, 0.246640950441, 0.0569639801979, 0.0194739047438, 0.00824013445526, 0.00105321768206, 6.94220580044e-05, 8.592592593e-08, 3.03913072486e-09],
        "dvar2": [2.75891852379, 231.643692017, 615.916687012, 171.684448242, 167.007339478, 347.058746338, 628.509277344, 2207.89404297, 2237.89599609, 2974.57080078, 75.4016799927, 386.395629883, 339.541595459, 158.867202759, 2621.68139648, 5436.59277344, 1242.88098145, 254.763717651, 198.367355347, 10.4421186447, 33.7359924316, 109.198600769, 51.3592262268, 27.7258892059, 36.0066871643, 41.4380760193, 17.0036487579, 27.3536128998, 11.6940441132, 4.24963617325, 3.91049981117, 1.46838247776, 0.496295511723, 0.114951469004, 0.0456681586802, 0.0213543940336, 0.00226262351498, 0.000164541896083, 2.22862226451e-07, 5.27051424726e-09],
        "max": [12.0848617554, 151.745101929, 208.435058594, 255.949172974, 265.196868896, 163.947479248, 366.292022705, 576.692016602, 492.020874023, 1175.73693848, 165.518661499, 340.225952148, 292.448822021, 293.643920898, 375.742614746, 469.249359131, 334.593536377, 248.949432373, 125.146522522, 32.1420822144, 100.4585495, 73.6142349243, 61.2450408936, 84.4946899414, 62.0738067627, 60.2766456604, 46.2475204468, 37.7383270264, 29.6239776611, 18.5048885345, 16.5817375183, 16.6412982941, 8.59790992737, 4.18005990982, 2.76931262016, 2.2326002121, 0.350889623165, 0.105437003076, 0.00504813715816, 0.000652636168525],
        "mean": [1.06578266621, 11.6468343735, 19.5159473419, 14.7769775391, 13.4883317947, 7.57628154755, 17.0009384155, 28.794380188, 18.4632205963, 23.785238266, 4.2090010643, 8.40791130066, 4.13457298279, 3.77028775215, 9.94854354858, 11.3802804947, 17.4834365845, 3.51507806778, 1.96931815147, 0.729734063148, 0.751347064972, 1.24988770485, 0.985101401806, 1.11907732487, 1.08778381348, 0.934877932072, 0.986169576645, 1.10160505772, 0.853401303291, 0.583529293537, 0.554909467697, 0.270613878965, 0.177291661501, 0.0921716243029, 0.0450140014291, 0.021084100008, 0.00977068953216, 0.00211339234374, 9.46922518779e-05, 8.4355531726e-05],
        "median": [0.535269021988, 6.18558692932, 8.71611690521, 4.98377037048, 3.36580562592, 2.88803768158, 7.47858715057, 11.9995365143, 3.71263313293, 2.34938669205, 1.38132703304, 1.52874135971, 1.23071217537, 1.18004131317, 1.31984138489, 1.65978455544, 3.49739599228, 1.02214026451, 0.492113530636, 0.212310642004, 0.102619238198, 0.0615055933595, 0.0818879157305, 0.160328298807, 0.0915269851685, 0.0490522012115, 0.0480273477733, 0.0506036765873, 0.0358747169375, 0.0232720766217, 0.0214781593531, 0.00959478225559, 0.00514506921172, 0.0027176765725, 0.00126146385446, 0.000374371738872, 6.61399535602e-05, 7.19419585948e-06, 2.89676172542e-05, 5.3396441217e-05],
        "min": [4.01973401747e-22, 8.20230275924e-21, 2.53930893278e-20, 3.13390752127e-20, 7.5138967194e-20, 1.31338574438e-19, 1.08407945249e-19, 5.55147637358e-19, 9.15031329509e-19, 4.69865006011e-19, 2.87529159656e-18, 2.86431532342e-18, 1.62651646453e-18, 1.98007682619e-18, 9.38545385987e-19, 1.51066620083e-18, 4.6571579568e-18, 4.84631058824e-18, 5.94050758407e-18, 6.81051381848e-18, 1.66872802886e-17, 9.42327379825e-18, 1.15108824497e-17, 1.5229122996e-17, 1.61114897903e-17, 2.92960903187e-17, 1.88710222165e-17, 1.76465401383e-17, 1.54158093885e-17, 2.06978803778e-17, 1.40884574749e-17, 1.31698237739e-17, 1.34493611901e-17, 9.92428468756e-18, 7.36094792221e-18, 5.91961672411e-18, 3.199293693e-18, 1.18576961195e-18, 3.10978835633e-19, 3.75076906203e-20],
        "var": [2.23362469673, 298.658691406, 1000.41070557, 686.427124023, 732.672363281, 186.650878906, 859.407226562, 2296.03320312, 1952.1270752, 8382.18261719, 100.856620789, 514.652832031, 131.092071533, 222.393386841, 1465.60461426, 1990.40588379, 1260.09484863, 147.335174561, 47.4254608154, 3.47404623032, 11.2246322632, 36.0508041382, 16.6881885529, 11.1039676666, 19.0181617737, 16.1486320496, 13.8490562439, 15.4943189621, 9.32313728333, 3.93085956573, 3.27221703529, 0.834269464016, 0.345238059759, 0.0830865055323, 0.0218456573784, 0.00686490349472, 0.00120792351663, 6.57293348922e-05, 6.92517474477e-08, 8.77391848064e-09]
    },
    "gfcc": {
        "mean": [-129.082321167, 180.625228882, -53.0467300415, 25.5137805939, -35.3937110901, 14.6828546524, -14.0625944138, -9.97901916504, -16.4407978058, 5.28347921371, 9.85321331024, -4.59434843063, -7.71533298492],
        "cov": [[10355.4228516, -3602.60961914, -1349.98474121, 1107.56628418, -1368.06970215, 1093.03186035, -404.420074463, 655.66027832, -101.810447693, 87.5567321777, -819.402404785, 448.309143066, -69.9355545044], [-3602.60961914, 2719.95947266, 642.691772461, -599.637756348, 1013.70819092, -651.267150879, 380.707550049, -419.725219727, 143.264221191, -132.665313721, 494.005615234, -412.639862061, 77.537612915], [-1349.98474121, 642.691772461, 1344.95458984, -89.4546661377, 393.384857178, -87.6528015137, 200.041030884, -44.4966049194, 2.49221158028, 1.06043291092, 36.1411743164, -74.4856491089, -8.55399417877], [1107.56628418, -599.637756348, -89.4546661377, 470.19342041, -183.231338501, 170.024856567, -44.6432228088, 71.9453201294, 5.73402023315, -25.8829231262, -63.6058502197, 74.8649368286, 14.0194730759], [-1368.06970215, 1013.70819092, 393.384857178, -183.231338501, 701.850830078, -240.681289673, 203.85206604, -176.541900635, -43.4497299194, -51.2316665649, 217.546005249, -99.3215637207, -19.7960700989], [1093.03186035, -651.267150879, -87.6528015137, 170.024856567, -240.681289673, 316.956085205, -38.9681739807, 140.280166626, -5.86955928802, -31.5830135345, -187.142501831, 82.0260925293, 16.3182010651], [-404.420074463, 380.707550049, 200.041030884, -44.6432228088, 203.85206604, -38.9681739807, 190.938568115, 4.4772400856, 40.2399711609, -44.2569351196, 40.3675994873, -75.2982788086, 4.04028224945], [655.66027832, -419.725219727, -44.4966049194, 71.9453201294, -176.541900635, 140.280166626, 4.4772400856, 233.368850708, 116.938308716, 2.90642166138, -196.579452515, 13.764550209, 26.2922668457], [-101.810447693, 143.264221191, 2.49221158028, 5.73402023315, -43.4497299194, -5.86955928802, 40.2399711609, 116.938308716, 267.307373047, 9.140417099, -77.9091415405, -98.6128005981, 99.3164291382], [87.5567321777, -132.665313721, 1.06043291092, -25.8829231262, -51.2316665649, -31.5830135345, -44.2569351196, 2.90642166138, 9.140417099, 162.184509277, 61.4569969177, 33.1140594482, -20.246711731], [-819.402404785, 494.005615234, 36.1411743164, -63.6058502197, 217.546005249, -187.142501831, 40.3675994873, -196.579452515, -77.9091415405, 61.4569969177, 328.430511475, 4.03375291824, -41.9931640625], [448.309143066, -412.639862061, -74.4856491089, 74.8649368286, -99.3215637207, 82.0260925293, -75.2982788086, 13.764550209, -98.6128005981, 33.1140594482, 4.03375291824, 163.856140137, -17.5954093933], [-69.9355545044, 77.537612915, -8.55399417877, 14.0194730759, -19.7960700989, 16.3182010651, 4.04028224945, 26.2922668457, 99.3164291382, -20.246711731, -41.9931640625, -17.5954093933, 139.098449707]],
        "icov": [[0.000244638329605, -0.000156043170136, 0.000221759139095, -0.000471978011774, 7.63995922171e-05, -0.000400517688831, -8.8757587946e-05, -0.000126600949443, 0.000281222281046, -0.000576904742047, 0.000591182266362, -0.000234320992604, 0.000219625289901], [-0.000156043170136, 0.00642768060789, -0.0011204200564, 0.00418738927692, -0.00261166435666, 0.00302246911451, -0.00172381708398, 0.00365726603195, -0.00370941637084, 0.00595120433718, -0.00571584096178, 0.00638754246756, -0.00292268255726], [0.000221759139095, -0.0011204200564, 0.00136487896089, -0.0011197385611, -1.05468161564e-05, -0.000732519198209, -0.000778582703788, -0.000152134394739, 0.000815902196337, -0.00208180467598, 0.00214995257556, -0.00135112321004, 0.000661219935864], [-0.000471978011774, 0.00418738927692, -0.0011197385611, 0.00620067073032, -0.00133427546825, 0.0010225889273, -0.000562102126423, 0.00212893239222, -0.00333626708016, 0.00555652799085, -0.0054691080004, 0.00352832884528, -0.00197511492297], [7.63995922171e-05, -0.00261166435666, -1.05468161564e-05, -0.00133427546825, 0.00464817648754, 0.000159005576279, -0.00216335221194, -0.000304841843899, 0.00176304962952, -0.00152914156206, 0.00183691526763, -0.00297002866864, 0.00108884391375], [-0.000400517688831, 0.00302246911451, -0.000732519198209, 0.0010225889273, 0.000159005576279, 0.00966935418546, -0.00286197150126, 0.000948768109083, -0.000787917117123, 0.0037476408761, -0.000106783569208, 0.000310801900923, -0.00212707929313], [-8.8757587946e-05, -0.00172381708398, -0.000778582703788, -0.000562102126423, -0.00216335221194, -0.00286197150126, 0.0132341757417, -0.00722253974527, 0.00164960476104, 0.00172214303166, -0.00373232760467, 0.0033840383403, 0.00030786395655], [-0.000126600949443, 0.00365726603195, -0.000152134394739, 0.00212893239222, -0.000304841843899, 0.000948768109083, -0.00722253974527, 0.0199669394642, -0.0101449871436, 0.000410912005464, 0.00609366595745, -0.00319069577381, 0.00269409851171], [0.000281222281046, -0.00370941637084, 0.000815902196337, -0.00333626708016, 0.00176304962952, -0.000787917117123, 0.00164960476104, -0.0101449871436, 0.014443911612, -0.0055233091116, 0.00137564609759, 0.00405506370589, -0.00538008194417], [-0.000576904742047, 0.00595120433718, -0.00208180467598, 0.00555652799085, -0.00152914156206, 0.0037476408761, 0.00172214303166, 0.000410912005464, -0.0055233091116, 0.0161284916103, -0.0104625103995, 0.00456103449687, -0.00137082429137], [0.000591182266362, -0.00571584096178, 0.00214995257556, -0.0054691080004, 0.00183691526763, -0.000106783569208, -0.00373232760467, 0.00609366595745, 0.00137564609759, -0.0104625103995, 0.0176897775382, -0.0105630951002, 0.00489655835554], [-0.000234320992604, 0.00638754246756, -0.00135112321004, 0.00352832884528, -0.00297002866864, 0.000310801900923, 0.0033840383403, -0.00319069577381, 0.00405506370589, 0.00456103449687, -0.0105630951002, 0.0215226076543, -0.00676931068301], [0.000219625289901, -0.00292268255726, 0.000661219935864, -0.00197511492297, 0.00108884391375, -0.00212707929313, 0.00030786395655, 0.00269409851171, -0.00538008194417, -0.00137082429137, 0.00489655835554, -0.00676931068301, 0.0133186224848]]
    },
    "melbands": {
        "dmean": [0.00696447025985, 0.00643246853724, 0.00135518622119, 0.000374397583073, 0.000291722186375, 0.000333766482072, 0.000154906476382, 8.53670208016e-05, 1.68949100043e-05, 2.79974156001e-05, 1.52800275828e-05, 8.65872243594e-06, 2.39008004428e-05, 2.58573109022e-05, 3.70843408746e-05, 1.66114859894e-05, 4.89835611006e-06, 3.38441032e-06, 1.01324235402e-06, 7.49319667648e-07, 9.05649642391e-07, 1.32872389713e-06, 1.60226920798e-06, 5.52589369818e-07, 8.743897979e-07, 5.90899389863e-07, 8.66214804773e-07, 5.97221230692e-07, 4.56517170733e-07, 6.87711235514e-07, 5.69060432554e-07, 4.4393490839e-07, 3.85251894386e-07, 2.47243548301e-07, 2.95789646998e-07, 2.05499532058e-07, 1.42327138519e-07, 1.22597981544e-07, 8.93420093462e-08, 5.81430157354e-08],
        "dmean2": [0.0102095007896, 0.00922256428748, 0.00153332261834, 0.000531701894943, 0.000417104718508, 0.00047515303595, 0.000238857770455, 0.000119483207527, 2.56176026596e-05, 4.02120058425e-05, 2.45883966272e-05, 1.25466322061e-05, 3.77791147912e-05, 4.07736879424e-05, 5.64483816561e-05, 2.32751172007e-05, 8.06187199487e-06, 5.89947057961e-06, 1.70039788827e-06, 1.26882275708e-06, 1.54249175921e-06, 2.19472576646e-06, 2.76075570582e-06, 9.001238368e-07, 1.33435116823e-06, 9.2653141337e-07, 1.38909490488e-06, 9.18074249512e-07, 6.40074460989e-07, 1.01014245502e-06, 8.45354065859e-07, 5.90059812566e-07, 5.00177918639e-07, 3.13574730626e-07, 3.87659667922e-07, 2.73846609389e-07, 2.02531794002e-07, 1.70984478132e-07, 1.26709934989e-07, 8.05163651307e-08],
        "dvar": [0.000136285962071, 0.000106423089164, 5.44879367226e-06, 4.99594705161e-07, 2.78067517456e-07, 4.57931747633e-07, 2.13431192719e-07, 1.64672243841e-07, 1.929479021e-09, 7.36639726995e-09, 3.2903755276e-09, 1.59794399934e-09, 7.31209004456e-09, 1.23911787497e-08, 1.36668987238e-08, 1.26284405155e-09, 3.67087971131e-10, 2.11319281518e-10, 2.30714336524e-11, 6.38756669086e-12, 2.78445409091e-11, 4.32673757933e-11, 6.04273159288e-11, 4.29345014402e-12, 8.63243244248e-12, 5.9968449477e-12, 1.60892601325e-11, 6.31987084193e-12, 2.52804548129e-12, 8.81553684218e-12, 3.49938611074e-12, 2.33596627285e-12, 1.46565973334e-12, 5.56915353677e-13, 7.60991530208e-13, 3.60043375322e-13, 3.56166024408e-13, 1.6337396659e-13, 8.14841019637e-14, 2.88181106853e-14],
        "dvar2": [0.000276433187537, 0.000179718044819, 5.78883009439e-06, 1.02212493402e-06, 5.69560143049e-07, 1.10587495783e-06, 5.00849353102e-07, 2.52788311172e-07, 3.91626819862e-09, 1.5515430718e-08, 8.52390780182e-09, 2.75224021351e-09, 1.48509311515e-08, 2.62450381427e-08, 3.27934159827e-08, 2.39248976186e-09, 8.39602221081e-10, 6.00116012439e-10, 6.41415531799e-11, 1.77178289401e-11, 7.11508282847e-11, 1.12171834321e-10, 1.65655406059e-10, 9.60361564578e-12, 2.20702917747e-11, 1.35847982169e-11, 3.8478338571e-11, 1.58858273758e-11, 4.69607469231e-12, 2.23041099479e-11, 7.65771560746e-12, 4.64137322326e-12, 2.85950430001e-12, 9.84531575189e-13, 1.42781175338e-12, 6.47583169814e-13, 9.27367124065e-13, 3.40174476044e-13, 1.8086942534e-13, 5.63369270397e-14],
        "max": [0.14141023159, 0.1111138165, 0.0491495616734, 0.0096223866567, 0.010240429081, 0.0123808719218, 0.00868372060359, 0.0107399476692, 0.000847703777254, 0.0018716303166, 0.00146150332876, 0.00123987637926, 0.000887355126906, 0.00112372695003, 0.00116447883192, 0.000464567157906, 0.000445567653514, 0.000190379985725, 0.000100126140751, 2.70966920652e-05, 0.000163487406098, 9.29519810597e-05, 9.28082081373e-05, 4.09173480875e-05, 7.55005530664e-05, 4.4321281166e-05, 5.71293494431e-05, 4.14536334574e-05, 2.73127843684e-05, 3.6319357605e-05, 2.22549460887e-05, 1.83283100341e-05, 1.46251841215e-05, 9.78880871116e-06, 1.03600987131e-05, 5.85413090448e-06, 1.50325113282e-05, 6.70856616125e-06, 5.72226053919e-06, 2.32450838666e-06],
        "mean": [0.0118093378842, 0.012472874485, 0.00280443020165, 0.000653806200717, 0.000562892237213, 0.000649417575914, 0.000284245470539, 0.0002126108011, 3.03815086227e-05, 4.99775997014e-05, 1.95100037672e-05, 1.48033350342e-05, 2.70714390354e-05, 2.79003088508e-05, 4.41334450443e-05, 2.38173633988e-05, 5.0919734349e-06, 3.63468848263e-06, 1.09052814423e-06, 8.5500488467e-07, 8.7297371465e-07, 1.1712554624e-06, 1.39452890835e-06, 6.3479359369e-07, 9.72452994574e-07, 6.7148943117e-07, 8.38194921471e-07, 5.59416434953e-07, 5.30960335254e-07, 7.20060256754e-07, 6.13633460489e-07, 4.79009656829e-07, 4.23612789291e-07, 2.83219378616e-07, 3.390300094e-07, 2.29904742355e-07, 1.46426032188e-07, 1.33547359837e-07, 9.90355886188e-08, 6.75169076203e-08],
        "median": [0.00601376080886, 0.00681108469144, 0.000920860795304, 0.000226737203775, 0.000265404582024, 0.000270128773991, 3.25117725879e-05, 1.76920093509e-05, 9.58764758252e-06, 8.79963954503e-06, 5.22460095453e-06, 4.54751079815e-06, 4.46279045718e-06, 1.74062495262e-06, 7.86398231867e-06, 5.11262078362e-06, 9.02713793494e-07, 8.46748434924e-07, 2.81744803488e-07, 1.79947733159e-07, 9.25109731043e-08, 5.4128875604e-08, 5.78975019039e-08, 7.26161530906e-08, 1.26247556409e-07, 4.60557956217e-08, 4.30678213093e-08, 2.67043560598e-08, 2.4978170643e-08, 3.30331104692e-08, 2.6349518123e-08, 1.83374417873e-08, 1.65376654593e-08, 1.15466969319e-08, 1.31817250448e-08, 7.1317511896e-09, 5.05954655949e-09, 3.55122908857e-09, 3.02744473935e-09, 1.9725518996e-09],
        "min": [7.14641715814e-24, 1.35641256328e-23, 6.09957428223e-24, 8.51743926762e-24, 3.78292882845e-24, 1.34106953422e-23, 1.26671623846e-23, 5.05701137115e-24, 2.67281410145e-23, 1.72255872368e-23, 8.52979440711e-24, 8.7639803886e-24, 3.98757315233e-24, 2.31395583252e-24, 7.42269281323e-24, 9.39052211852e-24, 9.64431602667e-24, 9.53886110086e-24, 9.66839679466e-24, 1.15268237142e-23, 2.19760918308e-23, 9.32241265683e-24, 1.31384783765e-23, 6.94351897788e-24, 1.28887052923e-23, 1.36121199303e-23, 1.36960894405e-23, 2.04723635956e-23, 1.33832382495e-23, 1.12735362547e-23, 8.4444309797e-24, 7.74199373095e-24, 1.12877736163e-23, 1.0835742907e-23, 8.17816439178e-24, 7.89989370746e-24, 8.00344037874e-24, 9.97563997345e-24, 7.87059146913e-24, 8.54833973813e-24],
        "var": [0.000291556905722, 0.000283207657048, 2.51469500654e-05, 1.16670457828e-06, 7.50005483496e-07, 1.18486968859e-06, 5.34329501534e-07, 6.96015490576e-07, 4.27949187198e-09, 1.73859273644e-08, 3.22480664394e-09, 4.14361345236e-09, 8.39299652e-09, 1.42356029187e-08, 1.37362494712e-08, 2.27616725468e-09, 4.46570974644e-10, 1.44681086556e-10, 1.67687305014e-11, 5.49215924475e-12, 2.30224988379e-11, 3.6325234487e-11, 4.47293174721e-11, 5.12062094116e-12, 8.26242546603e-12, 6.79038422713e-12, 1.49718553527e-11, 5.8766676421e-12, 3.98571193411e-12, 8.97616009299e-12, 4.70801305927e-12, 3.20961529923e-12, 2.22135786328e-12, 9.14777802119e-13, 1.1959707313e-12, 5.80132404789e-13, 3.16760289873e-13, 2.12758752131e-13, 1.02070539792e-13, 4.42103154758e-14]
    },
    "mfcc": {
        "mean": [-787.774353027, 200.556594849, 56.3927230835, 28.8711414337, 10.6110248566, 25.7437038422, 16.3291435242, 2.37016797066, -10.5257463455, 0.303563475609, 10.1067094803, 6.3647518158, 0.606238365173],
        "cov": [[8823.953125, -2518.07397461, -1380.28869629, -179.234329224, -578.57989502, 96.375793457, -319.813171387, 277.39932251, 390.410614014, 100.375656128, -260.734985352, 47.919380188, 153.464202881], [-2518.07397461, 2156.75488281, 285.335449219, 25.6000347137, 318.8984375, -2.09632396698, 206.174468994, -92.4744415283, -49.8685035706, 96.0005111694, 118.902137756, -66.3257293701, -65.5271911621], [-1380.28869629, 285.335449219, 958.35760498, 213.507034302, 113.663848877, 71.1954956055, 129.20262146, 5.83592557907, -51.514503479, -18.5087566376, 44.7904434204, 31.1113071442, 33.0367164612], [-179.234329224, 25.6000347137, 213.507034302, 287.769927979, 111.659111023, 45.2816696167, 54.0783653259, 30.7778434753, -17.9107971191, -26.3018932343, 22.93516922, 40.9370079041, -5.60196304321], [-578.57989502, 318.8984375, 113.663848877, 111.659111023, 222.354171753, 53.563331604, 85.9833679199, 0.932320594788, -20.2531280518, -20.8637084961, 14.8503761292, -1.78112328053, -27.1507453918], [96.375793457, -2.09632396698, 71.1954956055, 45.2816696167, 53.563331604, 121.51373291, 76.0134887695, 24.4033031464, -22.7534637451, -29.4652805328, -11.6885576248, -15.9388790131, -9.37532138824], [-319.813171387, 206.174468994, 129.20262146, 54.0783653259, 85.9833679199, 76.0134887695, 209.667190552, 46.1321640015, -98.4913024902, -80.8722381592, 40.6903572083, -1.05423307419, -62.0037879944], [277.39932251, -92.4744415283, 5.83592557907, 30.7778434753, 0.932320594788, 24.4033031464, 46.1321640015, 156.627532959, 103.818344116, 5.26231861115, -9.78631591797, -11.9640636444, -35.8274040222], [390.410614014, -49.8685035706, -51.514503479, -17.9107971191, -20.2531280518, -22.7534637451, -98.4913024902, 103.818344116, 322.879608154, 185.572769165, -79.1463012695, -39.6969032288, 68.6978683472], [100.375656128, 96.0005111694, -18.5087566376, -26.3018932343, -20.8637084961, -29.4652805328, -80.8722381592, 5.26231861115, 185.572769165, 201.279510498, -0.921351194382, -26.0041847229, 68.3920898438], [-260.734985352, 118.902137756, 44.7904434204, 22.93516922, 14.8503761292, -11.6885576248, 40.6903572083, -9.78631591797, -79.1463012695, -0.921351194382, 129.079055786, 44.5042724609, -42.3686637878], [47.919380188, -66.3257293701, 31.1113071442, 40.9370079041, -1.78112328053, -15.9388790131, -1.05423307419, -11.9640636444, -39.6969032288, -26.0041847229, 44.5042724609, 85.8118438721, 26.3170204163], [153.464202881, -65.5271911621, 33.0367164612, -5.60196304321, -27.1507453918, -9.37532138824, -62.0037879944, -35.8274040222, 68.6978683472, 68.3920898438, -42.3686637878, 26.3170204163, 141.603302002]],
