{
"lowlevel": {
    "average_loudness": 0.971373677254,
    "barkbands_crest": {
        "dmean": 2.10627055168,
        "dmean2": 3.47133684158,
        "dvar": 4.30976009369,
        "dvar2": 11.1385660172,
        "max": 24.3943786621,
        "mean": 8.46300983429,
        "median": 8.01040267944,
        "min": 2.34910368919,
        "var": 10.7860717773
    },
    "barkbands_flatness_db": {
        "dmean": 0.020461756736,
        "dmean2": 0.0310284383595,
        "dvar": 0.000462077441625,
        "dvar2": 0.00100768322591,
        "max": 0.286346107721,
        "mean": 0.095772780478,
        "median": 0.086843021214,
        "min": 0.0186266545206,
        "var": 0.00169034942519
    },
    "barkbands_kurtosis": {
        "dmean": 2.49393343925,
        "dmean2": 3.8491332531,
        "dvar": 17.5269088745,
        "dvar2": 39.1741600037,
        "max": 51.9507713318,
        "mean": 2.74127316475,
        "median": 0.477175474167,
        "min": -1.88229513168,
        "var": 37.7492370605
    },
    "barkbands_skewness": {
        "dmean": 0.563170909882,
        "dmean2": 0.83382076025,
        "dvar": 0.415618121624,
        "dvar2": 0.89085495472,
        "max": 6.40117311478,
        "mean": 1.40613377094,
        "median": 1.27191030979,
        "min": -5.17022752762,
        "var": 1.43263339996
    },
    "barkbands_spread": {
        "dmean": 10.3326568604,
        "dmean2": 15.7458944321,
        "dvar": 128.096511841,
        "dvar2": 290.268310547,
        "max": 109.938850403,
        "mean": 43.2046356201,
        "median": 40.3427200317,
        "min": 2.93889164925,
        "var": 522.869018555
    },
    "dissonance": {
        "dmean": 0.0141380978748,
        "dmean2": 0.0235537849367,
        "dvar": 0.000389037450077,
        "dvar2": 0.000964570150245,
        "max": 0.500000119209,
        "mean": 0.472507297993,
        "median": 0.477943718433,
        "min": 0.011279784143,
        "var": 0.00057396653574
    },
    "dynamic_complexity": 1.96650421619,
    "erbbands_crest": {
        "dmean": 1.8113963604,
        "dmean2": 3.05004739761,
        "dvar": 4.37971258163,
        "dvar2": 10.8243865967,
        "max": 24.8172664642,
        "mean": 6.12128591537,
        "median": 5.10839557648,
        "min": 2.19404172897,
        "var": 11.2782468796
    },
    "erbbands_flatness_db": {
        "dmean": 0.0131761021912,
        "dmean2": 0.0193818639964,
        "dvar": 0.000190298291272,
        "dvar2": 0.000396710209316,
        "max": 0.257484138012,
        "mean": 0.103180676699,
        "median": 0.0978604406118,
        "min": 0.0488698445261,
        "var": 0.000824844348244
    },
    "erbbands_kurtosis": {
        "dmean": 0.707378327847,
        "dmean2": 1.12461864948,
        "dvar": 1.53547286987,
        "dvar2": 3.30519104004,
        "max": 26.4453773499,
        "mean": -0.132131531835,
        "median": -0.689162135124,
        "min": -1.82924795151,
        "var": 3.70167064667
    },
    "erbbands_skewness": {
        "dmean": 0.323643237352,
        "dmean2": 0.483232408762,
        "dvar": 0.111432604492,
        "dvar2": 0.224589556456,
        "max": 4.67363262177,
        "mean": -0.0935429930687,
        "median": -0.100908607244,
        "min": -3.39201617241,
        "var": 0.683108329773
    },
    "erbbands_spread": {
        "dmean": 11.5790939331,
        "dmean2": 18.1438331604,
        "dvar": 160.393234253,
        "dvar2": 374.675811768,
        "max": 174.543624878,
        "mean": 62.6435317993,
        "median": 61.5531082153,
        "min": 8.95960617065,
        "var": 453.046813965
    },
    "hfc": {
        "dmean": 16.3571090698,
        "dmean2": 23.9818592072,
        "dvar": 545.726013184,
        "dvar2": 1234.44897461,
        "max": 286.824157715,
        "mean": 46.4546279907,
        "median": 37.861114502,
        "min": 1.20389348659e-16,
        "var": 1321.05419922
    },
    "melbands_crest": {
        "dmean": 2.92867779732,
        "dmean2": 4.86449718475,
        "dvar": 7.91340112686,
        "dvar2": 21.5658149719,
        "max": 32.8318977356,
        "mean": 13.1138401031,
        "median": 12.6073026657,
        "min": 2.43529343605,
        "var": 19.7459392548
    },
    "melbands_flatness_db": {
        "dmean": 0.0268596392125,
        "dmean2": 0.039913225919,
        "dvar": 0.000865848909598,
        "dvar2": 0.00186191231478,
        "max": 0.378795683384,
        "mean": 0.154779434204,
        "median": 0.147237703204,
        "min": 0.00679683079943,
        "var": 0.00350236170925
    },
    "melbands_kurtosis": {
        "dmean": 9.34490394592,
        "dmean2": 14.6589212418,
        "dvar": 238.218933105,
        "dvar2": 550.70690918,
        "max": 224.027297974,
        "mean": 18.5418281555,
        "median": 12.0330104828,
        "min": -1.83693492413,
        "var": 445.646942139
    },
    "melbands_skewness": {
        "dmean": 0.847411811352,
        "dmean2": 1.31579172611,
        "dvar": 1.16751384735,
        "dvar2": 2.6840338707,
        "max": 12.9634370804,
        "mean": 3.45955252647,
        "median": 3.18215751648,
        "min": -1.66157901287,
        "var": 3.01469373703
    },
    "melbands_spread": {
        "dmean": 11.8432092667,
        "dmean2": 17.816362381,
        "dvar": 290.523864746,
        "dvar2": 555.76574707,
        "max": 252.858047485,
        "mean": 35.9016304016,
        "median": 28.759727478,
        "min": 2.0049932003,
        "var": 1016.60919189
    },
    "pitch_salience": {
        "dmean": 0.0612583644688,
        "dmean2": 0.0992166697979,
        "dvar": 0.00300060515292,
        "dvar2": 0.00774336140603,
        "max": 0.944423258305,
        "mean": 0.593599736691,
        "median": 0.597323060036,
        "min": 0.225371867418,
        "var": 0.00873185694218
    },
    "silence_rate_20dB": {
        "dmean": 0,
        "dmean2": 0,
        "dvar": 0,
        "dvar2": 0,
        "max": 1,
        "mean": 1,
        "median": 1,
        "min": 1,
        "var": 0
    },
    "silence_rate_30dB": {
        "dmean": 0.0340381637216,
        "dmean2": 0.0681114569306,
        "dvar": 0.0328799337149,
        "dvar2": 0.0872077718377,
        "max": 1,
        "mean": 0.977835059166,
        "median": 1,
        "min": 0,
        "var": 0.0216741226614
    },
    "silence_rate_60dB": {
        "dmean": 0.0128932436928,
        "dmean2": 0.0257997941226,
        "dvar": 0.0127267753705,
        "dvar2": 0.0302935820073,
        "max": 1,
        "mean": 0.0159793812782,
        "median": 0,
        "min": 0,
        "var": 0.0157242249697
    },
    "spectral_centroid": {
        "dmean": 357.699584961,
        "dmean2": 531.57043457,
        "dvar": 174646.84375,
        "dvar2": 312544.15625,
        "max": 11003.9951172,
        "mean": 1858.62670898,
        "median": 1774.51025391,
        "min": 317.068054199,
        "var": 716711
    },
    "spectral_complexity": {
        "dmean": 5.38112449646,
        "dmean2": 7.68266248703,
        "dvar": 35.8243560791,
        "dvar2": 67.4010925293,
        "max": 57,
        "mean": 22.6237106323,
        "median": 22,
        "min": 0,
        "var": 113.011047363
    },
    "spectral_decrease": {
        "dmean": 3.39102590452e-09,
        "dmean2": 5.31914690072e-09,
        "dvar": 3.87304359294e-17,
        "dvar2": 9.30249566808e-17,
        "max": 9.65462361664e-29,
        "mean": -8.26091905992e-09,
        "median": -6.57451870723e-09,
        "min": -5.8779086487e-08,
        "var": 5.08498726742e-17
    },
    "spectral_energy": {
        "dmean": 0.0136954998598,
        "dmean2": 0.0212059635669,
        "dvar": 0.00058522465406,
        "dvar2": 0.00140866509173,
        "max": 0.227532565594,
        "mean": 0.035392139107,
        "median": 0.0296547263861,
        "min": 1.05552842507e-20,
        "var": 0.000788849720266
    },
    "spectral_energyband_high": {
        "dmean": 0.00164235278498,
        "dmean2": 0.00246475310996,
        "dvar": 5.48145817447e-06,
        "dvar2": 1.23709651234e-05,
        "max": 0.0264703091234,
        "mean": 0.00415957998484,
        "median": 0.00286709982902,
        "min": 7.40604933119e-21,
        "var": 1.52161555889e-05
    },
    "spectral_energyband_low": {
        "dmean": 0.00886008888483,
        "dmean2": 0.0144827878103,
        "dvar": 0.000475357403047,
        "dvar2": 0.00117938884068,
        "max": 0.209296733141,
        "mean": 0.0156706497073,
        "median": 0.00881133414805,
        "min": 6.24894399022e-23,
        "var": 0.000524532748386
    },
    "spectral_energyband_middle_high": {
        "dmean": 0.00169400079176,
        "dmean2": 0.00250014476478,
        "dvar": 5.19427658219e-06,
        "dvar2": 1.18655289043e-05,
        "max": 0.0274428967386,
        "mean": 0.00448959087953,
        "median": 0.00319527811371,
        "min": 1.52840742682e-21,
        "var": 1.57140657393e-05
    },
    "spectral_energyband_middle_low": {
        "dmean": 0.00542386993766,
        "dmean2": 0.00867155008018,
        "dvar": 6.53337483527e-05,
        "dvar2": 0.000160879382747,
        "max": 0.0879388004541,
        "mean": 0.0125146647915,
        "median": 0.00966097041965,
        "min": 3.20758997729e-22,
        "var": 0.000114290305646
    },
    "spectral_entropy": {
        "dmean": 0.153598129749,
        "dmean2": 0.22279304266,
        "dvar": 0.0271981544793,
        "dvar2": 0.0575379617512,
        "max": 9.80067443848,
        "mean": 8.0312833786,
        "median": 8.0873374939,
        "min": 6.22803115845,
        "var": 0.116960406303
    },
    "spectral_flux": {
        "dmean": 0.0290619712323,
        "dmean2": 0.0432453118265,
        "dvar": 0.00173436524346,
        "dvar2": 0.00363229564391,
        "max": 0.418911099434,
        "mean": 0.0976189672947,
        "median": 0.0831008553505,
        "min": 1.02738914598e-10,
        "var": 0.00313519802876
    },
    "spectral_kurtosis": {
        "dmean": 0.695049643517,
        "dmean2": 1.08622860909,
        "dvar": 0.958814322948,
        "dvar2": 2.2683942318,
        "max": 13.3184432983,
        "mean": 1.69625782967,
        "median": 1.26283192635,
        "min": -1.16063845158,
        "var": 2.61269760132
    },
    "spectral_rms": {
        "dmean": 0.00102061033249,
        "dmean2": 0.00150958332233,
        "dvar": 2.12154077417e-06,
        "dvar2": 4.7115322559e-06,
        "max": 0.0148990936577,
        "mean": 0.00550277531147,
        "median": 0.00537879532203,
        "min": 3.20902462589e-12,
        "var": 4.2484266487e-06
    },
    "spectral_rolloff": {
        "dmean": 1241.4519043,
        "dmean2": 1989.3659668,
        "dvar": 3191772,
        "dvar2": 6687140.5,
        "max": 19487.5488281,
        "mean": 3452.79418945,
        "median": 2357.88574219,
        "min": 86.1328125,
        "var": 9876814
    },
    "spectral_skewness": {
        "dmean": 0.157305598259,
        "dmean2": 0.23635956645,
        "dvar": 0.0297813285142,
        "dvar2": 0.065661676228,
        "max": 3.06447672844,
        "mean": 1.11262619495,
        "median": 1.05446910858,
        "min": -0.136609151959,
        "var": 0.14441755414
    },
    "spectral_spread": {
        "dmean": 792013.9375,
        "dmean2": 1153108.375,
        "dvar": 1.03895348019e+12,
        "dvar2": 1.95319758848e+12,
        "max": 38479856,
        "mean": 7119923,
        "median": 6961798,
        "min": 3175424.25,
        "var": 3.95650033254e+12
    },
    "spectral_strongpeak": {
        "dmean": 0.392875432968,
        "dmean2": 0.675501704216,
        "dvar": 0.620052993298,
        "dvar2": 1.62380766869,
        "max": 14.3206624985,
        "mean": 0.625924408436,
        "median": 0.311807781458,
        "min": 0,
        "var": 0.832508325577
    },
    "zerocrossingrate": {
        "dmean": 0.0206709932536,
        "dmean2": 0.023728756234,
        "dvar": 0.000591851654463,
        "dvar2": 0.000709419604391,
        "max": 0.50244140625,
        "mean": 0.123364008963,
        "median": 0.11181640625,
        "min": 0.0166015625,
        "var": 0.00443159462884
    },
    "barkbands": {
        "dmean": [0.00100503640715, 0.0042231772095, 0.004497427959, 0.00179677526467, 0.00241492595524, 0.000791812606622, 0.00121758028399, 0.000742022879422, 0.000538394437172, 0.00045189759112, 0.000315302342642, 0.000238604654442, 0.000293416844215, 0.000243294954998, 0.000274091755273, 0.000206962620723, 0.000228703283938, 0.000175970955752, 0.000228820135817, 0.000264085392701, 0.000282182707451, 0.00033904396696, 0.000383986684028, 0.000337948818924, 0.00038474102621, 0.000219303270569, 1.48192293636e-05],
        "dmean2": [0.00176927295979, 0.00679647363722, 0.00783839263022, 0.00306345196441, 0.00395905133337, 0.001292068162, 0.00199082237668, 0.00121092051268, 0.000842913868837, 0.000715445843525, 0.000492567603942, 0.000390125700505, 0.000494997191709, 0.000392668385757, 0.000434367073467, 0.00033416019869, 0.000369052984752, 0.000281954242382, 0.000360841717338, 0.000424851372372, 0.000458212016383, 0.000554469763301, 0.00061184813967, 0.000529232784174, 0.000586159643717, 0.000345767999534, 2.48778815148e-05],
        "dvar": [1.365942353e-05, 9.40323516261e-05, 0.000146833874169, 1.22053615996e-05, 1.421295201e-05, 2.70204577646e-06, 9.82053279586e-06, 3.98161500925e-06, 1.25916119487e-06, 8.20063007723e-07, 4.45470334398e-07, 2.01629134722e-07, 4.09078438679e-07, 2.36213679727e-07, 2.28199482422e-07, 1.10419826171e-07, 1.08157856005e-07, 8.59852846702e-08, 9.54620702487e-08, 1.57426384817e-07, 1.6099529887e-07, 1.93433209006e-07, 2.70847095862e-07, 2.22044562292e-07, 7.17954378615e-07, 2.43980508685e-07, 1.65644475913e-09],
        "dvar2": [3.77626201953e-05, 0.000228294506087, 0.000409848173149, 3.2431929867e-05, 3.79086086468e-05, 6.67711447022e-06, 2.37379190366e-05, 9.31128397497e-06, 3.10624841404e-06, 2.14953820432e-06, 1.14881038371e-06, 4.93155198455e-07, 1.10888333893e-06, 6.08773234489e-07, 5.13136853897e-07, 2.79348228105e-07, 2.68712483376e-07, 2.03645797114e-07, 2.37149706095e-07, 3.92586230191e-07, 3.89476468854e-07, 4.61093407012e-07, 6.44516660486e-07, 5.3417846857e-07, 1.76438129529e-06, 6.15603937604e-07, 4.28955893028e-09],
        "max": [0.0425500720739, 0.0983778834343, 0.118221312761, 0.052810870111, 0.0502041690052, 0.0199090242386, 0.0494761429727, 0.0373061820865, 0.0159847997129, 0.013301294297, 0.0176133159548, 0.00811902154237, 0.0098387748003, 0.00948772765696, 0.00731383124366, 0.00426143780351, 0.00431311922148, 0.00444242358208, 0.00324367894791, 0.00557750975713, 0.00554068991914, 0.00511709786952, 0.00889660604298, 0.00745786726475, 0.0148845193908, 0.00666960189119, 0.000735851121135],
        "mean": [0.00094216549769, 0.00791991315782, 0.00552179012448, 0.0028046418447, 0.00425693811849, 0.00122274504974, 0.002049528528, 0.00100707146339, 0.000854058424011, 0.000771192135289, 0.000523630122188, 0.000393171503674, 0.000458077061921, 0.000355303345714, 0.000444780860562, 0.000332524388796, 0.000392799644032, 0.000291511387331, 0.000441936601419, 0.000504465424456, 0.000521647278219, 0.000669168133754, 0.000830515811685, 0.000776574423071, 0.000723545614164, 0.000366676889826, 1.58232105605e-05],
        "median": [0.00012952076213, 0.00445052934811, 0.00251487037167, 0.00152513757348, 0.00294335046783, 0.000609691138379, 0.0005068500177, 0.000349454872776, 0.000303722306853, 0.00029652233934, 0.000153457251145, 0.000165267236298, 0.000165468940395, 0.000165290286532, 0.000226328498684, 0.000196659748326, 0.000251947436482, 0.000175101915374, 0.000305453548208, 0.000333462026902, 0.00032987765735, 0.000437856855569, 0.000482483184896, 0.0005036550574, 0.000431059190305, 0.000174788379809, 2.51582082456e-06],
        "min": [2.39489398692e-23, 2.66709107335e-23, 1.43102712977e-23, 1.56359425826e-23, 3.47180271852e-23, 3.82681158288e-23, 7.5086463086e-23, 2.85372515056e-23, 1.25135894679e-22, 4.26035880788e-23, 5.21167204813e-23, 5.13752038521e-23, 8.56095583282e-23, 2.879616449e-22, 1.03768637806e-22, 2.10675566242e-22, 1.75639602868e-22, 1.64503133563e-22, 1.52250078977e-22, 3.75052822848e-22, 4.90549152809e-22, 3.79719067631e-22, 6.57303392473e-22, 6.12468224178e-22, 1.20403852586e-21, 1.72202989026e-21, 2.40245581823e-21],
        "var": [1.04720093077e-05, 0.000120451608382, 0.000111792913231, 1.73887383426e-05, 2.08795227081e-05, 3.57035946763e-06, 2.22727449e-05, 5.35458593731e-06, 2.1587293304e-06, 1.85063129265e-06, 1.36617541102e-06, 4.55821123069e-07, 7.1675219715e-07, 2.99418189798e-07, 4.28903007332e-07, 1.74173777623e-07, 1.88978376059e-07, 1.25688771391e-07, 1.94677625132e-07, 3.13519024076e-07, 3.19063303778e-07, 4.50989972478e-07, 8.17282227672e-07, 6.67586505188e-07, 1.02995795714e-06, 3.33233032279e-07, 1.7323356083e-09]
    },
    "erbbands": {
        "dmean": [0.162216842175, 0.914937794209, 4.31906318665, 6.11551761627, 6.91703748703, 8.96965312958, 6.85492134094, 6.57165670395, 15.2625665665, 19.6906242371, 12.1635904312, 11.7476863861, 13.6762781143, 11.7746229172, 12.0166158676, 10.1652393341, 13.2179908752, 12.1294631958, 12.8928604126, 13.1349468231, 10.4720048904, 11.5093126297, 9.63469600677, 10.1637010574, 12.3505563736, 12.7936964035, 10.6217498779, 12.1089944839, 12.299033165, 12.7498292923, 10.8336439133, 8.62430477142, 5.35746192932, 4.18773317337, 2.95107722282, 1.30999577045, 0.339083135128, 0.0575771927834, 0.00155066116713, 5.48892421648e-05],
        "dmean2": [0.267768263817, 1.53453600407, 7.55423212051, 10.4544839859, 11.6147413254, 14.6437578201, 10.9102602005, 11.0159854889, 24.9201202393, 31.4516983032, 19.9548778534, 17.8656349182, 21.7619457245, 18.3558120728, 19.1844043732, 16.5957965851, 21.9911441803, 19.4883518219, 20.4584465027, 21.175819397, 16.5539722443, 18.3211250305, 15.3380651474, 16.0637359619, 19.3183326721, 20.3995113373, 16.8703727722, 19.3130531311, 19.7861862183, 20.7334022522, 17.1652317047, 13.9250822067, 8.25918388367, 6.43241548538, 4.57653045654, 2.08889341354, 0.543909013271, 0.0909371674061, 0.00252364156768, 8.40540669742e-05],
        "dvar": [0.183215200901, 4.64870023727, 135.810882568, 196.983459473, 126.253852844, 238.592987061, 137.624343872, 199.238037109, 2112.02807617, 2050.42089844, 791.645019531, 614.470336914, 1054.16955566, 533.79284668, 591.502685547, 356.355712891, 926.103820801, 491.667602539, 620.698608398, 500.654602051, 302.927978516, 319.360809326, 284.04083252, 192.644195557, 295.693664551, 363.685638428, 270.263549805, 284.344604492, 261.085876465, 277.533050537, 217.155517578, 165.8152771, 65.0251693726, 61.2193412781, 51.0943336487, 9.42344093323, 0.601352989674, 0.0176986213773, 1.8216240278e-05, 1.11238582789e-08],
        "dvar2": [0.470406860113, 12.1396207809, 383.950469971, 533.466552734, 345.618591309, 643.014831543, 339.724029541, 519.992858887, 5177.41601562, 4989.71972656, 1962.25720215, 1449.59362793, 2817.53344727, 1295.65319824, 1514.40881348, 893.534118652, 2544.05493164, 1255.00134277, 1383.11547852, 1285.95739746, 757.756286621, 790.819458008, 680.845947266, 448.11895752, 765.859375, 909.388671875, 643.856201172, 689.971252441, 638.836303711, 688.876953125, 518.1015625, 418.790527344, 150.701705933, 143.804946899, 128.904693604, 23.8571395874, 1.54863357544, 0.0431966930628, 4.6999011829e-05, 2.73744920065e-08],
        "max": [6.36782836914, 22.1241893768, 108.1588974, 134.20161438, 218.689147949, 220.102416992, 128.119018555, 198.334915161, 858.719543457, 630.174194336, 387.608947754, 445.999542236, 546.758666992, 474.191711426, 803.709655762, 391.259399414, 444.721374512, 408.503540039, 433.022827148, 411.016387939, 259.63659668, 202.894683838, 295.384368896, 137.449432373, 189.738830566, 292.239685059, 224.071075439, 219.47102356, 165.388931274, 165.650054932, 242.485946655, 187.407226562, 140.606079102, 135.640686035, 109.59236145, 56.0170211792, 8.60859298706, 1.97295534611, 0.0782286375761, 0.00161828671116],
        "mean": [0.256504833698, 1.67737650871, 5.84866094589, 8.54363918304, 11.3742418289, 15.3212108612, 11.5133619308, 10.0959692001, 24.7508125305, 32.0285148621, 18.0747890472, 20.1834621429, 22.3708896637, 21.4062480927, 22.3311271667, 17.9197807312, 21.8098964691, 18.9482421875, 20.8687400818, 22.7155838013, 19.0126895905, 20.0575065613, 16.3287086487, 19.5951309204, 23.845249176, 24.3378810883, 19.6706676483, 22.2495803833, 24.2511482239, 24.9476547241, 23.243938446, 18.6152229309, 11.6739587784, 8.16715717316, 5.04519796371, 2.18654084206, 0.540870726109, 0.0822677537799, 0.00205027591437, 0.000117536757898],
        "median": [0.0921579748392, 1.08614218235, 3.03371691704, 4.5319814682, 7.86866044998, 9.66302585602, 6.28280925751, 5.28136205673, 6.96351242065, 8.91868782043, 8.18893909454, 7.64908266068, 9.16944313049, 8.03292942047, 7.67530727386, 8.2899055481, 8.44074630737, 9.52105331421, 9.87951183319, 12.301158905, 12.2035369873, 13.0024108887, 10.5181751251, 13.0535564423, 17.065071106, 16.496383667, 12.4605255127, 13.0422668457, 15.2839736938, 15.5494174957, 13.4573879242, 10.4601383209, 7.78309249878, 5.06625843048, 2.75212979317, 1.12964951992, 0.239152118564, 0.0266982596368, 0.000662316742819, 7.8891083831e-05],
        "min": [1.5126384886e-21, 3.94399190999e-21, 1.65623821424e-20, 2.75175137074e-20, 9.06309679302e-20, 1.40328140691e-19, 9.75369502304e-20, 4.34330464269e-19, 1.24988520841e-18, 6.21386244558e-19, 8.4760913025e-19, 3.08642345085e-18, 1.31846633941e-18, 1.95009897361e-18, 2.34344217324e-18, 2.44154351914e-18, 3.96023264813e-18, 1.0646036168e-17, 1.21714887392e-17, 7.85278041545e-18, 9.3483974092e-18, 9.78920774789e-18, 9.9388877341e-18, 9.27593638754e-18, 9.0995533568e-18, 1.71500646802e-17, 1.9933759052e-17, 1.78961948277e-17, 1.35204896238e-17, 1.28450445412e-17, 2.23508701374e-17, 1.31425574193e-17, 1.20562484178e-17, 1.27242190963e-17, 8.36148987472e-18, 7.30036355979e-18, 2.83880403935e-18, 1.1018056099e-18, 3.43332790371e-19, 3.87349003007e-20],
        "var": [0.204182088375, 5.00166320801, 103.95463562, 187.614425659, 167.592514038, 352.597290039, 247.276947021, 232.378890991, 4391.74462891, 4200.14550781, 974.617431641, 1279.82946777, 1676.38476562, 1497.64282227, 2164.77514648, 788.329040527, 1633.06481934, 707.632202148, 1027.80187988, 921.550415039, 507.054138184, 511.392547607, 385.455230713, 402.759307861, 541.973999023, 721.036865234, 492.191223145, 626.477844238, 641.071777344, 671.455627441, 644.641418457, 474.852294922, 163.82383728, 110.02947998, 62.7308120728, 12.48848629, 0.754221379757, 0.0244917441159, 1.97578847292e-05, 1.62145763483e-08]
    },
    "gfcc": {
        "mean": [55.1789093018, 45.4118652344, -89.705039978, 44.9493408203, -64.7277755737, 24.9887428284, -44.4032020569, 14.4590053558, -29.3070888519, 5.99959039688, -22.5908279419, 1.78073990345, -15.6580877304],
        "cov": [[3640.64038086, -562.399780273, 49.5427970886, 40.9462547302, -99.3070678711, 184.477233887, 72.0533294678, 38.2282409668, -67.3766860962, 70.7187423706, -84.6302871704, 59.510509491, -122.567001343], [-562.399780273, 1270.35986328, -206.931900024, 106.525817871, 232.051895142, -81.7622070312, 22.4240970612, -13.9479484558, 73.9060440063, -57.7946624756, 91.0307922363, -80.2933197021, 60.3076057434], [49.5427970886, -206.931900024, 631.270629883, 199.709747314, 120.531341553, 86.4208831787, 7.58705329895, 33.7837104797, 25.6940670013, 33.8284568787, -36.3796920776, 47.3226547241, -30.4320678711], [40.9462547302, 106.525817871, 199.709747314, 529.116210938, 163.414367676, 131.068252563, 49.0112838745, -1.33062148094, 76.0405502319, -21.4098052979, 13.2208623886, -1.19061017036, 32.4640617371], [-99.3070678711, 232.051895142, 120.531341553, 163.414367676, 340.50402832, 106.758003235, 59.6413803101, 38.9898643494, 47.2613983154, 3.75057816505, -12.2753219604, -10.2375974655, 6.25229930878], [184.477233887, -81.7622070312, 86.4208831787, 131.068252563, 106.758003235, 227.556152344, 138.872634888, 26.4600353241, 6.27680206299, -9.04924583435, -12.9422149658, 8.111287117, -6.16756629944], [72.0533294678, 22.4240970612, 7.58705329895, 49.0112838745, 59.6413803101, 138.872634888, 199.539505005, 45.6945762634, 7.0141544342, -8.6510181427, 5.00220632553, 13.9583082199, -12.765039444], [38.2282409668, -13.9479484558, 33.7837104797, -1.33062148094, 38.9898643494, 26.4600353241, 45.6945762634, 79.8369827271, 26.8920230865, 13.4788761139, -1.816842556, -4.00110149384, -4.74869585037], [-67.3766860962, 73.9060440063, 25.6940670013, 76.0405502319, 47.2613983154, 6.27680206299, 7.0141544342, 26.8920230865, 84.7716445923, 21.1977996826, 3.0248477459, -2.75481247902, 3.52496433258], [70.7187423706, -57.7946624756, 33.8284568787, -21.4098052979, 3.75057816505, -9.04924583435, -8.6510181427, 13.4788761139, 21.1977996826, 61.2923355103, 12.5859088898, 5.93088674545, -12.3161830902], [-84.6302871704, 91.0307922363, -36.3796920776, 13.2208623886, -12.2753219604, -12.9422149658, 5.00220632553, -1.816842556, 3.0248477459, 12.5859088898, 56.2689857483, 1.25964725018, 7.61094379425], [59.510509491, -80.2933197021, 47.3226547241, -1.19061017036, -10.2375974655, 8.111287117, 13.9583082199, -4.00110149384, -2.75481247902, 5.93088674545, 1.25964725018, 58.0689735413, 7.05275917053], [-122.567001343, 60.3076057434, -30.4320678711, 32.4640617371, 6.25229930878, -6.16756629944, -12.765039444, -4.74869585037, 3.52496433258, -12.3161830902, 7.61094379425, 7.05275917053, 47.7884597778]],
        "icov": [[0.000403472193284, -0.000133666268084, 0.000285952119157, -0.000386435480323, 0.000344525265973, -0.000543381553143, 0.000421912962338, -0.000642332073767, 0.000833593367133, -0.000943857594393, 0.00100811803713, -0.000885702029336, 0.00124719925225], [-0.000133666268084, 0.00199782778509, -6.72100868542e-05, 0.000547000730876, -0.00193748180754, 0.00199877400883, -0.00154828454833, 0.00182838283945, -0.0022807624191, 0.00296968501061, -0.00372039549984, 0.00273996707983, -0.00187711627223], [0.000285952119157, -6.72100868542e-05, 0.0028555796016, -0.00155820511281, -0.000196869121282, -0.000827670330182, 0.00151365739293, -0.00202131806873, 0.00168803997803, -0.00204136082903, 0.00231339549646, -0.00332843558863, 0.00328977638856], [-0.000386435480323, 0.000547000730876, -0.00155820511281, 0.00428878422827, -0.00132840394508, -0.000867073074915, -0.000598266720772, 0.00308209424838, -0.00490393908694, 0.00402341689914, -0.00400850735605, 0.002649997361, -0.00373287475668], [0.000344525265973, -0.00193748180754, -0.000196869121282, -0.00132840394508, 0.00613359361887, -0.0034250265453, 0.00154582387768, -0.00297054438852, 0.00148006679956, -0.00361162773333, 0.00472645508125, -0.00175431545358, 0.00144514080603], [-0.000543381553143, 0.00199877400883, -0.000827670330182, -0.000867073074915, -0.0034250265453, 0.0126809701324, -0.00867225974798, 0.00320033053868, -0.000706100603566, 0.00225250422955, -0.00142077053897, 0.00410137558356, -0.003514271928], [0.000421912962338, -0.00154828454833, 0.00151365739293, -0.000598266720772, 0.00154582387768, -0.00867225974798, 0.0131986709312, -0.00727249961346, 0.00217096018605, 0.000309743452817, 0.000243080736254, -0.00676467036828, 0.00676708621904], [-0.000642332073767, 0.00182838283945, -0.00202131806873, 0.00308209424838, -0.00297054438852, 0.00320033053868, -0.00727249961346, 0.0212329514325, -0.00874034222215, 0.00153799215332, -0.00378809520043, 0.00735305761918, -0.00580757344142], [0.000833593367133, -0.0022807624191, 0.00168803997803, -0.00490393908694, 0.00148006679956, -0.000706100603566, 0.00217096018605, -0.00874034222215, 0.0225869230926, -0.0120346089825, 0.00798087567091, -0.004543883726, 0.00348108075559], [-0.000943857594393, 0.00296968501061, -0.00204136082903, 0.00402341689914, -0.00361162773333, 0.00225250422955, 0.000309743452817, 0.00153799215332, -0.0120346089825, 0.0303542092443, -0.0151446191594, 0.00236637098715, 0.00157058995683], [0.00100811803713, -0.00372039549984, 0.00231339549646, -0.00400850735605, 0.00472645508125, -0.00142077053897, 0.000243080736254, -0.00378809520043, 0.00798087567091, -0.0151446191594, 0.0311555881053, -0.00640839571133, 0.00185571459588], [-0.000885702029336, 0.00273996707983, -0.00332843558863, 0.002649997361, -0.00175431545358, 0.00410137558356, -0.00676467036828, 0.00735305761918, -0.004543883726, 0.00236637098715, -0.00640839571133, 0.0270733237267, -0.0119965234771], [0.00124719925225, -0.00187711627223, 0.00328977638856, -0.00373287475668, 0.00144514080603, -0.003514271928, 0.00676708621904, -0.00580757344142, 0.00348108075559, 0.00157058995683, 0.00185571459588, -0.0119965234771, 0.0333348363638]]
    },
    "melbands": {
        "dmean": [0.00126203009859, 0.00187155255117, 0.0010210366454, 0.000589925562963, 0.000262881978415, 0.000151493382873, 0.00023625564063, 0.000207675388083, 9.84895668807e-05, 7.2876791819e-05, 6.83655234752e-05, 4.94828054798e-05, 4.36986665591e-05, 2.97329752357e-05, 3.13832824759e-05, 2.42761252593e-05, 2.46442359639e-05, 2.15179643419e-05, 1.79841208592e-05, 1.8002343495e-05, 1.2926449017e-05, 1.31544493343e-05, 1.06074958239e-05, 8.65826314111e-06, 8.68086499395e-06, 9.84911730484e-06, 9.49673813011e-06, 8.73472436069e-06, 7.01524277247e-06, 6.93709262123e-06, 7.45565876059e-06, 7.02725219526e-06, 7.83839186624e-06, 7.73459851189e-06, 7.15994019629e-06, 5.83042856306e-06, 5.60183570997e-06, 4.0176632865e-06, 3.76874572794e-06, 3.76919729206e-06],
        "dmean2": [0.00205886131153, 0.00322208506986, 0.00173923745751, 0.000972712994553, 0.000421566248406, 0.000252705533057, 0.000385762134101, 0.000332498137141, 0.000160351410159, 0.000112246423669, 0.000108785308839, 7.75230364525e-05, 6.82759637129e-05, 4.83413350594e-05, 5.16478248755e-05, 4.10502289014e-05, 3.98909542128e-05, 3.4540775232e-05, 2.86195845547e-05, 2.96948837786e-05, 2.06921376957e-05, 2.09993177123e-05, 1.7587964976e-05, 1.37043462018e-05, 1.39831408887e-05, 1.56688256538e-05, 1.52232878463e-05, 1.40237198138e-05, 1.12413954412e-05, 1.12800298666e-05, 1.20589666039e-05, 1.13530468298e-05, 1.31265232994e-05, 1.24667049022e-05, 1.15454204206e-05, 9.26970551518e-06, 9.14449719858e-06, 6.30609656582e-06, 5.98874567004e-06, 5.90927811572e-06],
        "dvar": [9.79687865765e-06, 2.44335333264e-05, 4.57099258711e-06, 8.78508899405e-07, 1.99602325779e-07, 1.07871287014e-07, 4.54415300055e-07, 2.43071866635e-07, 4.6538591647e-08, 2.24192735487e-08, 2.57659991121e-08, 1.04964561487e-08, 8.33644175913e-09, 2.81976797467e-09, 4.23529833427e-09, 2.37431962979e-09, 2.10679962365e-09, 1.9285610886e-09, 1.13654885503e-09, 7.46882888869e-10, 5.24367660404e-10, 3.90056931199e-10, 3.21380672075e-10, 2.21460544347e-10, 1.42332534647e-10, 2.03296157686e-10, 1.91172855324e-10, 2.02452943299e-10, 1.25360319347e-10, 9.77728661922e-11, 1.20342610876e-10, 8.75653438648e-11, 1.20783050228e-10, 1.06406647382e-10, 1.04674977019e-10, 7.28092447444e-11, 7.60660492927e-11, 3.68192351607e-11, 3.85561270411e-11, 5.05715296029e-11],
        "dvar2": [2.40895660681e-05, 6.78265860188e-05, 1.21889952425e-05, 2.32194929595e-06, 5.11708151407e-07, 2.77912107549e-07, 1.09487586997e-06, 5.84231258927e-07, 1.1502574182e-07, 5.44116005585e-08, 6.86439847186e-08, 2.57781174184e-08, 2.14957580624e-08, 7.27610816043e-09, 1.08766871065e-08, 6.44429976049e-09, 5.4071658262e-09, 4.46768444462e-09, 2.78046430324e-09, 1.97108085409e-09, 1.34694644327e-09, 9.70264979472e-10, 8.09989741946e-10, 5.28346699724e-10, 3.38692351942e-10, 5.20159526562e-10, 5.044689666e-10, 5.02612729214e-10, 3.05336284034e-10, 2.38101927064e-10, 2.95330676581e-10, 2.14660011988e-10, 3.05523412125e-10, 2.75809403094e-10, 2.56527021847e-10, 1.7020537757e-10, 2.01820171686e-10, 8.67312055508e-11, 9.44206865472e-11, 1.19758758466e-10],
        "max": [0.0418141409755, 0.0440020933747, 0.0201298240572, 0.0112118683755, 0.00523923384026, 0.00436091190204, 0.0118594197556, 0.00783811043948, 0.00257921474986, 0.00248157326132, 0.00268383440562, 0.00202656234615, 0.0027861748822, 0.00104532251135, 0.0010245249141, 0.000608578324318, 0.000731923501007, 0.00087767560035, 0.000609985669143, 0.00034223421244, 0.000398255244363, 0.000189535727259, 0.000271486205747, 0.000240479901549, 0.000113024136226, 0.000177495065145, 0.00016592637985, 0.000268537580268, 0.000152727414388, 0.000121181132272, 0.000155097121024, 9.51942784013e-05, 0.000118883814139, 0.000109792206786, 0.00013264764857, 0.000144537116284, 0.000126352097141, 0.000113055066322, 0.000110181339551, 0.000106529732875],
        "mean": [0.00222027278505, 0.00283110933378, 0.0015761553077, 0.00100453174673, 0.000471929524792, 0.00022761207947, 0.000393428519601, 0.000326958281221, 0.000144880614243, 0.000121240125736, 0.000109875945782, 8.55080870679e-05, 7.69164471421e-05, 4.89798476337e-05, 5.14038729307e-05, 3.7771595089e-05, 3.57402168447e-05, 3.26000190398e-05, 2.96145462926e-05, 2.88848332275e-05, 2.16373282456e-05, 2.21594145842e-05, 1.61998650583e-05, 1.40613419717e-05, 1.56462319865e-05, 1.76992743945e-05, 1.70749426616e-05, 1.57863159984e-05, 1.18937732623e-05, 1.21705579659e-05, 1.29576492327e-05, 1.31144215629e-05, 1.41030377563e-05, 1.41018836075e-05, 1.4015025954e-05, 1.193175558e-05, 1.09108505058e-05, 8.01756505098e-06, 7.15385976946e-06, 6.81322990204e-06],
        "median": [0.00109023309778, 0.00163744692691, 0.000913981639314, 0.000710802152753, 0.000264180271188, 0.00011568138143, 0.000109172615339, 9.46416621446e-05, 6.28161651548e-05, 4.54304390587e-05, 4.1496274207e-05, 2.93943685392e-05, 2.32863349083e-05, 2.00403919735e-05, 2.20136425924e-05, 1.45933681779e-05, 1.68710248545e-05, 1.40841420944e-05, 1.53555083671e-05, 1.67731523106e-05, 1.33124758577e-05, 1.41107539093e-05, 9.88363535726e-06, 8.28918200568e-06, 9.72904581431e-06, 1.16648607218e-05, 1.12768439067e-05, 1.000908469e-05, 7.07762774255e-06, 7.65882941778e-06, 6.88517684466e-06, 8.09590528661e-06, 8.96151777852e-06, 8.48912168294e-06, 7.84396434028e-06, 6.53006918583e-06, 6.02313411946e-06, 5.17524313182e-06, 4.57188525615e-06, 3.99568671128e-06],
        "min": [1.210984951e-23, 6.65676882769e-24, 6.76418643943e-24, 9.31086057773e-24, 3.39868966987e-24, 1.01561416038e-23, 1.75627085224e-23, 6.01408227048e-24, 7.07384353258e-24, 2.10285026451e-23, 6.13383372248e-24, 7.77278691638e-24, 7.88294660863e-24, 5.90454735607e-24, 6.97858857828e-24, 1.03875523726e-23, 2.0620191396e-23, 2.42904645763e-23, 5.12137177139e-24, 1.65950696479e-23, 9.60947125163e-24, 1.1689559408e-23, 5.53442920213e-24, 1.07223954279e-23, 7.38827244535e-24, 4.39737179866e-24, 1.03336913166e-23, 1.11711026662e-23, 1.27432685293e-23, 1.24001550563e-23, 8.59227771283e-24, 6.59810676419e-24, 9.19308916661e-24, 6.17068496524e-24, 1.33373454775e-23, 1.02639899335e-23, 7.54050130082e-24, 6.61205145842e-24, 1.29555407437e-23, 9.95762712354e-24],
        "var": [1.18263969853e-05, 2.00930462597e-05, 4.92794015372e-06, 1.18630316592e-06, 3.84427039535e-07, 1.27087645296e-07, 1.0118674254e-06, 4.55368109442e-07, 5.87953437048e-08, 4.42582894777e-08, 4.22601083017e-08, 2.81183218931e-08, 2.95852924381e-08, 6.10889250297e-09, 7.75678010712e-09, 3.96863919505e-09, 2.84964385422e-09, 2.87019497058e-09, 1.94396987396e-09, 1.21647780738e-09, 7.96461452346e-10, 6.62812194019e-10, 3.95881188942e-10, 3.24996252132e-10, 2.85236195774e-10, 3.81566750418e-10, 3.41971145845e-10, 3.8158010085e-10, 2.17878950992e-10, 1.78977471732e-10, 2.4484927974e-10, 1.99618654939e-10, 2.30156074754e-10, 2.40147568498e-10, 2.53937953998e-10, 2.13035505903e-10, 1.77050096806e-10, 8.50089443283e-11, 7.08386960202e-11, 8.59622234506e-11]
    },
    "mfcc": {
        "mean": [-593.42755127, 76.4362335205, 27.457403183, 22.6870975494, 9.21241474152, 8.05745601654, 0.517564535141, 4.56980800629, -0.125295057893, 3.63586258888, -2.17471051216, -2.53028392792, 0.055473420769],
        "cov": [[2867.81640625, -456.928741455, -18.3421955109, -82.2820968628, -142.453720093, 113.511146545, 59.4783477783, 60.4776153564, 12.7955341339, 21.2308292389, 23.3490467072, 28.5130386353, 9.13299560547], [-456.928741455, 1026.93701172, -250.023330688, 63.2852668762, 103.920555115, -68.5972671509, 14.1776123047, -16.7770843506, -22.8552474976, 35.8739433289, 6.10398769379, 0.2903431952, 13.8011865616], [-18.3421955109, -250.023330688, 484.535736084, 136.010894775, 76.4706802368, 78.4115066528, 7.74246168137, 37.7432556152, 34.2554893494, -24.50598526, 17.9433307648, 25.4654464722, 15.268157959], [-82.2820968628, 63.2852668762, 136.010894775, 330.365142822, 186.66708374, 95.7405853271, 2.29421234131, 44.0728683472, 39.1020622253, 24.5524044037, 16.2554607391, 21.3079948425, 3.78661727905], [-142.453720093, 103.920555115, 76.4706802368, 186.66708374, 292.977600098, 92.8807830811, 15.1776618958, 23.1239109039, 51.1117477417, 34.6216125488, 20.5762119293, 1.79558420181, -6.16156959534], [113.511146545, -68.5972671509, 78.4115066528, 95.7405853271, 92.8807830811, 223.798919678, 99.906539917, 94.6653060913, 59.3024635315, 19.2157363892, 25.6786785126, 26.6361293793, -16.1680202484], [59.4783477783, 14.1776123047, 7.74246168137, 2.29421234131, 15.1776618958, 99.906539917, 159.773178101, 85.4095916748, 29.6950702667, 33.8204269409, 13.1904888153, 9.50800991058, 2.35222434998], [60.4776153564, -16.7770843506, 37.7432556152, 44.0728683472, 23.1239109039, 94.6653060913, 85.4095916748, 126.747627258, 59.3281974792, 22.38697052, 12.998913765, 16.9637012482, 2.79946422577], [12.7955341339, -22.8552474976, 34.2554893494, 39.1020622253, 51.1117477417, 59.3024635315, 29.6950702667, 59.3281974792, 88.1204147339, 25.6160678864, 16.4844932556, 11.7328214645, 1.2340824604], [21.2308292389, 35.8739433289, -24.50598526, 24.5524044037, 34.6216125488, 19.2157363892, 33.8204269409, 22.38697052, 25.6160678864, 81.0222015381, 31.0838260651, 4.85191917419, 0.787073075771], [23.3490467072, 6.10398769379, 17.9433307648, 16.2554607391, 20.5762119293, 25.6786785126, 13.1904888153, 12.998913765, 16.4844932556, 31.0838260651, 60.8509063721, 19.3998298645, 0.0685709118843], [28.5130386353, 0.2903431952, 25.4654464722, 21.3079948425, 1.79558420181, 26.6361293793, 9.50800991058, 16.9637012482, 11.7328214645, 4.85191917419, 19.3998298645, 55.9757843018, 19.571308136], [9.13299560547, 13.8011865616, 15.268157959, 3.78661727905, -6.16156959534, -16.1680202484, 2.35222434998, 2.79946422577, 1.2340824604, 0.787073075771, 0.0685709118843, 19.571308136, 56.0336761475]],
