{
"lowlevel": {
    "average_loudness": 0.980111002922,
    "barkbands_crest": {
        "dmean": 2.78567242622,
        "dmean2": 4.76361846924,
        "dvar": 5.39403295517,
        "dvar2": 14.5978021622,
        "max": 21.6967468262,
        "mean": 9.74507904053,
        "median": 9.14410591125,
        "min": 2.51932644844,
        "var": 9.4097032547
    },
    "barkbands_flatness_db": {
        "dmean": 0.0253139529377,
        "dmean2": 0.0395324863493,
        "dvar": 0.000582300708629,
        "dvar2": 0.00114184129052,
        "max": 0.321146458387,
        "mean": 0.160663291812,
        "median": 0.159715622663,
        "min": 0.0333500169218,
        "var": 0.00238412222825
    },
    "barkbands_kurtosis": {
        "dmean": 5.5435128212,
        "dmean2": 8.96468353271,
        "dvar": 41.4709358215,
        "dvar2": 102.205696106,
        "max": 86.8191680908,
        "mean": 12.4220190048,
        "median": 9.82765197754,
        "min": -1.75141906738,
        "var": 82.6475372314
    },
    "barkbands_skewness": {
        "dmean": 0.635589241982,
        "dmean2": 1.01565170288,
        "dvar": 0.3435767591,
        "dvar2": 0.823838949203,
        "max": 7.75352525711,
        "mean": 2.6184053421,
        "median": 2.57717967033,
        "min": -1.91186404228,
        "var": 1.19785261154
    },
    "barkbands_spread": {
        "dmean": 3.94174337387,
        "dmean2": 6.10448122025,
        "dvar": 31.222038269,
        "dvar2": 63.457118988,
        "max": 91.2381591797,
        "mean": 11.3672761917,
        "median": 7.80062532425,
        "min": 1.8415979147,
        "var": 97.9432754517
    },
    "dissonance": {
        "dmean": 0.0231014173478,
        "dmean2": 0.0395878702402,
        "dvar": 0.000418815325247,
        "dvar2": 0.00119554088451,
        "max": 0.500000238419,
        "mean": 0.457484334707,
        "median": 0.46120300889,
        "min": 0.244190603495,
        "var": 0.000683168240357
    },
    "dynamic_complexity": 2.32926368713,
    "erbbands_crest": {
        "dmean": 2.28909564018,
        "dmean2": 3.66693282127,
        "dvar": 3.82557415962,
        "dvar2": 9.82331180573,
        "max": 22.027513504,
        "mean": 8.79559421539,
        "median": 8.28291416168,
        "min": 2.7225561142,
        "var": 9.75061607361
    },
    "erbbands_flatness_db": {
        "dmean": 0.0180771201849,
        "dmean2": 0.0255008451641,
        "dvar": 0.000333706790116,
        "dvar2": 0.000519330787938,
        "max": 0.305043429136,
        "mean": 0.146868914366,
        "median": 0.145614221692,
        "min": 0.0447676107287,
        "var": 0.00236031669192
    },
    "erbbands_kurtosis": {
        "dmean": 1.65324568748,
        "dmean2": 2.64995574951,
        "dvar": 2.66895079613,
        "dvar2": 6.41815090179,
        "max": 14.6757831573,
        "mean": 2.93141961098,
        "median": 2.74715948105,
        "min": -1.69901585579,
        "var": 6.27374649048
    },
    "erbbands_skewness": {
        "dmean": 0.39182689786,
        "dmean2": 0.624412953854,
        "dvar": 0.112461768091,
        "dvar2": 0.262009054422,
        "max": 3.4317522049,
        "mean": 1.47221696377,
        "median": 1.46522200108,
        "min": -1.3291336298,
        "var": 0.303274810314
    },
    "erbbands_spread": {
        "dmean": 7.99951028824,
        "dmean2": 11.6207990646,
        "dvar": 95.8642425537,
        "dvar2": 158.859970093,
        "max": 140.506973267,
        "mean": 34.8710479736,
        "median": 27.8656215668,
        "min": 4.78510951996,
        "var": 477.820526123
    },
    "hfc": {
        "dmean": 5.79745960236,
        "dmean2": 7.93206930161,
        "dvar": 52.4953613281,
        "dvar2": 91.5232849121,
        "max": 70.0829315186,
        "mean": 13.3810958862,
        "median": 9.76005363464,
        "min": 1.23952405986e-16,
        "var": 133.042388916
    },
    "melbands_crest": {
        "dmean": 3.39731311798,
        "dmean2": 5.77380466461,
        "dvar": 8.35805130005,
        "dvar2": 23.6135044098,
        "max": 27.1442947388,
        "mean": 12.7127342224,
        "median": 12.0572128296,
        "min": 2.13628673553,
        "var": 14.0665817261
    },
    "melbands_flatness_db": {
        "dmean": 0.0300495754927,
        "dmean2": 0.0456672497094,
        "dvar": 0.000871050287969,
        "dvar2": 0.00168330501765,
        "max": 0.447326302528,
        "mean": 0.249124795198,
        "median": 0.244409739971,
        "min": 0.0067538083531,
        "var": 0.00321715208702
    },
    "melbands_kurtosis": {
        "dmean": 9.20748519897,
        "dmean2": 14.8304347992,
        "dvar": 120.51335907,
        "dvar2": 307.433959961,
        "max": 161.101501465,
        "mean": 21.9185695648,
        "median": 18.7638435364,
        "min": -1.08140933514,
        "var": 306.390380859
    },
    "melbands_skewness": {
        "dmean": 0.749952971935,
        "dmean2": 1.19112014771,
        "dvar": 0.460641890764,
        "dvar2": 1.08170938492,
        "max": 9.50819015503,
        "mean": 2.99944472313,
        "median": 3.00652837753,
        "min": -0.15781866014,
        "var": 2.06525373459
    },
    "melbands_spread": {
        "dmean": 2.72466874123,
        "dmean2": 4.28382349014,
        "dvar": 15.0844602585,
        "dvar2": 25.395198822,
        "max": 135.265167236,
        "mean": 8.58527374268,
        "median": 7.83046627045,
        "min": 1.23067831993,
        "var": 35.0485496521
    },
    "pitch_salience": {
        "dmean": 0.0756203904748,
        "dmean2": 0.126370593905,
        "dvar": 0.00380621524528,
        "dvar2": 0.010457964614,
        "max": 0.883095562458,
        "mean": 0.671306669712,
        "median": 0.684021890163,
        "min": 0.3203971982,
        "var": 0.00821934640408
    },
    "silence_rate_20dB": {
        "dmean": 0,
        "dmean2": 0,
        "dvar": 0,
        "dvar2": 0,
        "max": 1,
        "mean": 1,
        "median": 1,
        "min": 1,
        "var": 0
    },
    "silence_rate_30dB": {
        "dmean": 0.0371134020388,
        "dmean2": 0.0742650851607,
        "dvar": 0.0357362963259,
        "dvar2": 0.0996914952993,
        "max": 1,
        "mean": 0.978361666203,
        "median": 1,
        "min": 0,
        "var": 0.0211700573564
    },
    "silence_rate_60dB": {
        "dmean": 0.0072164949961,
        "dmean2": 0.013924703002,
        "dvar": 0.00716442428529,
        "dvar2": 0.0168251469731,
        "max": 1,
        "mean": 0.00978876836598,
        "median": 0,
        "min": 0,
        "var": 0.00969296786934
    },
    "spectral_centroid": {
        "dmean": 135.200775146,
        "dmean2": 210.024856567,
        "dvar": 65471.0234375,
        "dvar2": 92274.703125,
        "max": 10934.3076172,
        "mean": 605.796569824,
        "median": 526.084106445,
        "min": 206.798751831,
        "var": 133281.390625
    },
    "spectral_complexity": {
        "dmean": 2.29175257683,
        "dmean2": 3.57710170746,
        "dvar": 3.91896438599,
        "dvar2": 8.6515007019,
        "max": 25,
        "mean": 12.3008756638,
        "median": 12,
        "min": 0,
        "var": 13.4942560196
    },
    "spectral_decrease": {
        "dmean": 4.85601159284e-09,
        "dmean2": 7.03804436952e-09,
        "dvar": 3.93646088353e-17,
        "dvar2": 8.05320677418e-17,
        "max": 9.90115889955e-29,
        "mean": -8.30369639715e-09,
        "median": -5.24641574629e-09,
        "min": -5.16986489174e-08,
        "var": 6.42023710146e-17
    },
    "spectral_energy": {
        "dmean": 0.018778136,
        "dmean2": 0.0271830689162,
        "dvar": 0.000581749307457,
        "dvar2": 0.00118735176511,
        "max": 0.19986282289,
        "mean": 0.0325537361205,
        "median": 0.0208673309535,
        "min": 1.086914921e-20,
        "var": 0.000958153686952
    },
    "spectral_energyband_high": {
        "dmean": 0.000212835278944,
        "dmean2": 0.000262632936938,
        "dvar": 1.90458706584e-07,
        "dvar2": 3.1161920333e-07,
        "max": 0.0047737560235,
        "mean": 0.000477806315757,
        "median": 0.000184297328815,
        "min": 7.85245221215e-21,
        "var": 5.13960173976e-07
    },
    "spectral_energyband_low": {
        "dmean": 0.0080098118633,
        "dmean2": 0.0108953062445,
        "dvar": 0.000196331646293,
        "dvar2": 0.000327782152453,
        "max": 0.113451197743,
        "mean": 0.0110147241503,
        "median": 0.00262632337399,
        "min": 9.26582577083e-23,
        "var": 0.000346974295098
    },
    "spectral_energyband_middle_high": {
        "dmean": 0.000478941306937,
        "dmean2": 0.000741306284908,
        "dvar": 3.03033260707e-07,
        "dvar2": 6.11508539805e-07,
        "max": 0.00535447476432,
        "mean": 0.00135263241827,
        "median": 0.00109525281005,
        "min": 1.5822095076e-21,
        "var": 1.06666243482e-06
    },
    "spectral_energyband_middle_low": {
        "dmean": 0.0124501688406,
        "dmean2": 0.0196296200156,
        "dvar": 0.000233892249526,
        "dvar2": 0.000516319763847,
        "max": 0.124357104301,
        "mean": 0.0210722368211,
        "median": 0.0147640667856,
        "min": 2.03424167475e-22,
        "var": 0.000341178529197
    },
    "spectral_entropy": {
        "dmean": 0.206907808781,
        "dmean2": 0.317404329777,
        "dvar": 0.0385842584074,
        "dvar2": 0.0760716199875,
        "max": 9.79434490204,
        "mean": 7.2818775177,
        "median": 7.27156972885,
        "min": 5.95799684525,
        "var": 0.199237272143
    },
    "spectral_flux": {
        "dmean": 0.0393207147717,
        "dmean2": 0.0664318352938,
        "dvar": 0.00235438416712,
        "dvar2": 0.00579843623564,
        "max": 0.338825434446,
        "mean": 0.0988091230392,
        "median": 0.085866831243,
        "min": 1.04255208633e-10,
        "var": 0.00319071626291
    },
    "spectral_kurtosis": {
        "dmean": 1.86119508743,
        "dmean2": 2.90423560143,
        "dvar": 4.86985874176,
        "dvar2": 11.2149944305,
        "max": 34.2263221741,
        "mean": 6.61291265488,
        "median": 5.41065597534,
        "min": -1.14637243748,
        "var": 22.0632247925
    },
    "spectral_rms": {
        "dmean": 0.00149781035725,
        "dmean2": 0.00216682697646,
        "dvar": 2.69010365628e-06,
        "dvar2": 5.11896087119e-06,
        "max": 0.0139638148248,
        "mean": 0.0050947428681,
        "median": 0.00451202504337,
        "min": 3.25638582939e-12,
        "var": 5.80339792577e-06
    },
    "spectral_rolloff": {
        "dmean": 188.803314209,
        "dmean2": 310.915008545,
        "dvar": 483176.375,
        "dvar2": 939521.4375,
        "max": 19121.484375,
        "mean": 590.626708984,
        "median": 495.263671875,
        "min": 107.666015625,
        "var": 740063.375
    },
    "spectral_skewness": {
        "dmean": 0.245197787881,
        "dmean2": 0.367502272129,
        "dvar": 0.0561878196895,
        "dvar2": 0.109193228185,
        "max": 4.71260976791,
        "mean": 2.12980604172,
        "median": 2.05829954147,
        "min": 0.00937487185001,
        "var": 0.367718726397
    },
    "spectral_spread": {
        "dmean": 648799,
        "dmean2": 930215.25,
        "dvar": 832012288000,
        "dvar2": 1.08158196122e+12,
        "max": 39684724,
        "mean": 5275162.5,
        "median": 5073613.5,
        "min": 1475006.625,
        "var": 3.91442779341e+12
    },
    "spectral_strongpeak": {
        "dmean": 0.40126028657,
        "dmean2": 0.679343521595,
        "dvar": 0.184377938509,
        "dvar2": 0.45798099041,
        "max": 3.72152256966,
        "mean": 0.609833836555,
        "median": 0.404735922813,
        "min": 0,
        "var": 0.281829565763
    },
    "zerocrossingrate": {
        "dmean": 0.0101761333644,
        "dmean2": 0.0119504258037,
        "dvar": 0.000247532472713,
        "dvar2": 0.000295785110211,
        "max": 0.50830078125,
        "mean": 0.0446901880205,
        "median": 0.0361328125,
        "min": 0.00390625,
        "var": 0.000876970821992
    },
    "barkbands": {
        "dmean": [0.000287474540528, 0.00601453846321, 0.00199974374846, 0.00440151663497, 0.00433741649613, 0.00362603203394, 0.00238024955615, 0.000592578318901, 0.000288820709102, 0.000282882363535, 0.000214772066101, 0.000123985097161, 4.37929811596e-05, 4.54529108538e-05, 3.12160118483e-05, 2.26748616114e-05, 1.83925421879e-05, 2.62030262093e-05, 2.80589247268e-05, 2.4137831133e-05, 2.60247597907e-05, 2.80225904135e-05, 3.50453628926e-05, 2.88205701509e-05, 3.97066032747e-05, 7.52755076974e-05, 1.30542166517e-05],
        "dmean2": [0.00036251504207, 0.00844956003129, 0.00336403190158, 0.00693298643455, 0.00722140911967, 0.00590862799436, 0.00370039930567, 0.00100157433189, 0.00046944769565, 0.00046105592628, 0.000383888196666, 0.000201105809538, 7.0850175689e-05, 7.42808915675e-05, 5.00445676153e-05, 3.55477532139e-05, 2.97481510643e-05, 4.12156769016e-05, 4.41917327407e-05, 3.57722201443e-05, 3.75179406547e-05, 4.21793047281e-05, 4.88261975988e-05, 4.09404783568e-05, 5.75554840907e-05, 0.000105619888927, 2.21595164476e-05],
        "dvar": [2.58484021742e-07, 0.000114192233013, 1.46592283272e-05, 4.70185623271e-05, 3.00208375847e-05, 3.78543081752e-05, 1.53524797497e-05, 7.38934772926e-07, 2.02524077508e-07, 2.09987021549e-07, 6.65079298301e-08, 3.52840068274e-08, 2.63839883274e-09, 2.76737677218e-09, 1.40612266275e-09, 8.57694804068e-10, 5.93040727637e-10, 1.27486554646e-09, 1.92878713001e-09, 1.27121424498e-09, 2.26112595314e-09, 2.71691313891e-09, 4.91625229415e-09, 3.95152799371e-09, 6.77030431717e-09, 3.23330127117e-08, 2.62363442083e-09],
        "dvar2": [3.87606405639e-07, 0.000211338381632, 3.73083603336e-05, 0.000112111862109, 7.64295546105e-05, 7.90108388173e-05, 3.51686721842e-05, 1.99889609576e-06, 4.96431709962e-07, 4.33221885032e-07, 2.04423315608e-07, 8.01753543556e-08, 6.51244480565e-09, 6.37739328013e-09, 3.27484239726e-09, 1.86374338185e-09, 1.41065170656e-09, 2.99660607439e-09, 4.41326841738e-09, 2.68496203049e-09, 4.90835372347e-09, 5.91864601773e-09, 9.26696497316e-09, 7.19774773117e-09, 1.45361775949e-08, 5.68445059912e-08, 6.89903822959e-09],
        "max": [0.00450176466256, 0.083366163075, 0.0365851968527, 0.0611565820873, 0.0566590316594, 0.05013981089, 0.0487069189548, 0.0123405456543, 0.00712645752355, 0.00417238101363, 0.0028567109257, 0.0017095914809, 0.000436561356764, 0.000583929475397, 0.000411752553191, 0.000263739784714, 0.000235685554799, 0.000307617534418, 0.000438685994595, 0.000475427223137, 0.000552564801183, 0.00052146037342, 0.000912995659746, 0.000728565850295, 0.00087477080524, 0.00193800230045, 0.0005379137001],
        "mean": [0.000383027683711, 0.00725335814059, 0.00216932990588, 0.00442212354392, 0.00569273903966, 0.0052070133388, 0.00387975107878, 0.00109979556873, 0.000470544648124, 0.000521469453815, 0.000361205049558, 0.000184034754056, 7.71083723521e-05, 8.92315365491e-05, 5.77662067371e-05, 4.00048629672e-05, 3.19189748552e-05, 4.4418273319e-05, 5.68259274587e-05, 6.33858071524e-05, 5.65708651266e-05, 5.54348043806e-05, 6.79381482769e-05, 6.29996866337e-05, 7.25749050616e-05, 0.000121587894682, 1.16199962577e-05],
        "median": [1.32297518576e-05, 0.000917009543628, 0.000711266708095, 0.00170210015494, 0.00382633926347, 0.00277574406937, 0.00223501794972, 0.000601625302806, 0.000301324704196, 0.000295815203572, 0.000244034294155, 0.000113208741823, 5.31549449079e-05, 7.03472178429e-05, 4.47479251307e-05, 2.34085891861e-05, 2.34090166487e-05, 2.45250230364e-05, 3.30927432515e-05, 3.20669932989e-05, 2.55282357102e-05, 2.38213378907e-05, 2.57404335571e-05, 2.44296352321e-05, 2.5861289032e-05, 1.99989663088e-05, 3.82930551268e-07],
        "min": [7.85866231453e-24, 4.6475241671e-23, 3.20449562306e-23, 1.33375332264e-23, 1.50723866628e-23, 7.16129255046e-23, 1.17298638894e-23, 4.0117436138e-23, 4.5001542215e-23, 6.64541790812e-23, 6.50277103053e-23, 4.40285390864e-23, 1.16976144667e-22, 1.78446635026e-22, 1.42505501096e-22, 8.34787945361e-23, 3.25121991758e-22, 2.53871847607e-22, 2.07426822464e-22, 2.50562696016e-22, 3.81643989214e-22, 4.34920448821e-22, 5.23189213085e-22, 9.54072562094e-22, 1.43806450111e-21, 1.73621999595e-21, 2.35905670495e-21],
        "var": [5.27229758518e-07, 0.000183593190741, 1.40579131767e-05, 5.35889921593e-05, 3.56120144716e-05, 4.95781969221e-05, 2.42447531491e-05, 2.08859523809e-06, 2.61954795633e-07, 4.17199487401e-07, 1.59038918923e-07, 4.94043064236e-08, 5.12304509925e-09, 5.19283194222e-09, 2.58614885063e-09, 1.86745752195e-09, 9.04673447266e-10, 2.34551067457e-09, 4.50319470602e-09, 6.30195451379e-09, 5.68814595425e-09, 6.06069283648e-09, 1.08073132665e-08, 1.03134087936e-08, 1.43940139807e-08, 6.18073414671e-08, 2.02283523265e-09]
    },
    "erbbands": {
        "dmean": [0.236403018236, 1.11872637272, 2.23198533058, 6.88677835464, 23.1296367645, 10.658162117, 25.3449420929, 25.5580711365, 40.1634902954, 18.7641010284, 11.3281202316, 6.10380268097, 9.69759845734, 5.69631195068, 9.01394462585, 5.39651298523, 2.08071541786, 2.19279313087, 1.89887309074, 1.37488090992, 1.2714663744, 1.03937721252, 1.3262720108, 1.36744534969, 1.56631565094, 1.20129108429, 0.858092427254, 1.21456217766, 1.09581613541, 0.852327764034, 1.03357374668, 0.657370269299, 0.495467990637, 0.33187431097, 0.376516103745, 0.397584199905, 0.107634037733, 0.0329798012972, 0.00112675805576, 3.90047607652e-05],
        "dmean2": [0.325396299362, 1.67276465893, 3.607442379, 10.8281917572, 38.3581085205, 17.2711296082, 39.0655593872, 42.134098053, 64.2880477905, 29.0478305817, 19.0453968048, 9.75595283508, 15.1057329178, 9.1711359024, 16.7938213348, 8.74607467651, 3.33354568481, 3.65478539467, 3.0643427372, 2.09667992592, 1.98139429092, 1.64790034294, 2.10659790039, 2.19720363617, 2.50030875206, 1.73740291595, 1.24139857292, 1.84004700184, 1.68085980415, 1.19305062294, 1.4593514204, 0.93927359581, 0.725111424923, 0.499115377665, 0.530725955963, 0.562568247318, 0.150886416435, 0.0507981143892, 0.00180081184953, 5.54713988095e-05],
        "dvar": [0.194822624326, 4.01715946198, 18.2652130127, 118.270042419, 1153.68139648, 237.434051514, 1883.1340332, 1578.18371582, 4383.80175781, 1313.84655762, 211.402099609, 82.3728179932, 287.560424805, 57.3479995728, 129.122360229, 70.0522460938, 6.44039058685, 6.45677661896, 5.55073976517, 2.98483037949, 3.31683135033, 1.82018363476, 3.22162294388, 3.50166511536, 8.53045940399, 3.20146274567, 1.79976558685, 6.53060102463, 5.29411077499, 1.94032406807, 4.8182144165, 1.70385599136, 1.22063994408, 0.547384977341, 0.635718286037, 0.926565170288, 0.0721791833639, 0.014738352038, 1.69415998243e-05, 5.72832403734e-09],
        "dvar2": [0.377684473991, 7.53095197678, 43.3930587769, 269.121704102, 2956.90429688, 553.727783203, 4052.61279297, 3704.75805664, 10425.2958984, 2585.92749023, 551.90612793, 198.012451172, 571.947937012, 141.675354004, 422.011260986, 159.492019653, 15.195971489, 15.8357172012, 13.3621854782, 6.7679233551, 7.11732769012, 4.23472499847, 7.8077955246, 8.58850002289, 19.4679088593, 6.74167633057, 3.27019095421, 15.9330558777, 11.8132133484, 3.89772319794, 8.9860534668, 3.37035870552, 2.21899533272, 1.1771658659, 1.38510370255, 1.76561784744, 0.12509483099, 0.0364883095026, 4.1552240873e-05, 1.18083454126e-08],
        "max": [3.15082263947, 15.8859682083, 42.9964141846, 85.1004486084, 369.126708984, 197.387969971, 371.207580566, 374.65524292, 649.717956543, 663.893249512, 133.266891479, 149.045425415, 163.227203369, 130.922149658, 117.674163818, 75.5558776855, 25.4732017517, 24.6792297363, 28.1481399536, 15.3843917847, 17.9364337921, 13.0252790451, 18.3141231537, 15.9337701797, 29.9592857361, 26.7199897766, 15.5033226013, 28.3625278473, 23.9584121704, 14.7133655548, 28.5850601196, 14.0153512955, 12.3341655731, 7.54898929596, 9.07990074158, 9.78555011749, 3.22689580917, 1.5561299324, 0.0536581203341, 0.0010155608179],
        "mean": [0.2794457376, 1.33524286747, 2.59582662582, 7.72255659103, 22.9426078796, 14.4158573151, 35.7125740051, 34.212852478, 56.7640190125, 41.6261024475, 19.724155426, 10.7164640427, 17.1419658661, 12.898557663, 13.4823932648, 8.5324716568, 4.03175735474, 4.41303634644, 3.72503900528, 2.51360344887, 2.21332526207, 1.88999176025, 2.32998108864, 2.50450229645, 3.34836053848, 3.11576414108, 2.11988353729, 2.38220930099, 2.08173203468, 1.7170882225, 1.97100484371, 1.3758867979, 1.01465404034, 0.648582220078, 0.64865219593, 0.645708620548, 0.166316047311, 0.03611561656, 0.00116891413927, 6.34115203866e-05],
        "median": [0.0163507442921, 0.224460884929, 0.82676076889, 3.23651075363, 11.7244434357, 8.78912162781, 17.6401576996, 18.0424003601, 30.7733592987, 24.944278717, 12.8086948395, 7.27777194977, 8.77227401733, 8.07947826385, 9.4097070694, 5.44246530533, 2.81102275848, 3.53191399574, 2.81499838829, 1.79454350471, 1.23432230949, 1.39539158344, 1.30607187748, 1.70992147923, 1.62242567539, 1.57742774487, 1.13391160965, 1.01439380646, 0.877370119095, 0.712461948395, 0.73543035984, 0.513065397739, 0.404476583004, 0.262132018805, 0.192319527268, 0.108735643327, 0.0308450050652, 0.00293964357115, 8.21221619844e-05, 3.42259190802e-05],
        "min": [1.85587340832e-21, 8.27863359676e-21, 3.39698262157e-20, 4.32112786584e-20, 5.02415157651e-20, 4.9134683482e-20, 2.06858690949e-19, 7.10470236109e-19, 2.89737276942e-19, 3.40172701937e-19, 9.05122326156e-19, 1.00110226398e-18, 1.30645112742e-18, 2.48287339165e-18, 3.0687877534e-18, 2.38177392962e-18, 4.58465516252e-18, 1.04568277018e-17, 5.49471761809e-18, 6.2045990567e-18, 7.62016812821e-18, 1.86351152688e-17, 1.34796525441e-17, 1.20542193438e-17, 1.21544579176e-17, 1.33021842524e-17, 1.14836582814e-17, 1.65148313288e-17, 1.72117558103e-17, 1.33537324938e-17, 1.3168999902e-17, 2.28827059123e-17, 1.50418029832e-17, 1.54550806152e-17, 1.0205604678e-17, 5.74955500761e-18, 3.4233059902e-18, 1.3876832621e-18, 2.96383311272e-19, 3.82815148522e-20],
        "var": [0.30527600646, 6.03830337524, 19.3052158356, 148.473587036, 1086.72509766, 345.069152832, 2551.39453125, 1920.88586426, 5482.50634766, 3943.23632812, 354.905853271, 114.638832092, 576.999084473, 280.554534912, 170.470046997, 102.655067444, 12.5802078247, 12.5135240555, 10.1152353287, 5.40005207062, 6.45204925537, 3.03385043144, 6.08506011963, 6.05210208893, 20.3930015564, 16.0998687744, 7.09381437302, 11.5170812607, 10.5027799606, 5.12410402298, 9.96977043152, 4.21256828308, 2.89135098457, 1.1811850071, 1.30204319954, 1.81719172001, 0.128191038966, 0.0134313898161, 1.53765777213e-05, 8.13770562047e-09]
    },
    "gfcc": {
        "mean": [-10.8984680176, 104.706581116, -76.5691299438, 17.2127628326, -72.974899292, 6.70392084122, -41.8850326538, 7.54613256454, -32.366973877, 7.83480882645, -15.6546545029, 3.31457734108, -14.407948494],
        "cov": [[4431.14111328, -1276.62792969, 632.371826172, 75.5223007202, 7.24612998962, 48.9553413391, -126.712135315, 30.6810302734, -161.292755127, 143.251403809, -215.379104614, 331.157287598, -131.242858887], [-1276.62792969, 1295.4777832, -294.378417969, -118.720687866, 50.831741333, 44.7178192139, 130.463699341, -36.4532814026, 128.370986938, -76.6653060913, 213.32774353, -174.082260132, 95.2353897095], [632.371826172, -294.378417969, 447.775299072, 157.813720703, 183.02835083, 87.9123916626, 104.70476532, 43.6024208069, -10.5460062027, 39.9404945374, -61.0394439697, 83.9016494751, -45.9678688049], [75.5223007202, -118.720687866, 157.813720703, 225.589981079, 94.0992431641, 64.4161376953, 38.7119827271, 57.4242401123, -6.11446809769, 0.81763446331, -7.85579919815, 3.00442695618, 2.06799054146], [7.24612998962, 50.831741333, 183.02835083, 94.0992431641, 197.185958862, 80.3161087036, 97.6457901001, 31.2420635223, 22.779088974, 1.56497836113, 0.999092817307, -2.62061357498, -11.3460607529], [48.9553413391, 44.7178192139, 87.9123916626, 64.4161376953, 80.3161087036, 104.82585144, 89.6509170532, 38.5252685547, 14.5174407959, 18.5129108429, 11.866112709, 0.61254632473, -4.73549318314], [-126.712135315, 130.463699341, 104.70476532, 38.7119827271, 97.6457901001, 89.6509170532, 145.684539795, 48.0297775269, 35.0308113098, 23.4762363434, 36.3354988098, -10.9035844803, -6.51036453247], [30.6810302734, -36.4532814026, 43.6024208069, 57.4242401123, 31.2420635223, 38.5252685547, 48.0297775269, 59.9705848694, 14.6606969833, 19.6972923279, 16.5276527405, -1.79002118111, -2.93692064285], [-161.292755127, 128.370986938, -10.5460062027, -6.11446809769, 22.779088974, 14.5174407959, 35.0308113098, 14.6606969833, 55.4393234253, 12.0734376907, 30.4710350037, -12.6119813919, 8.10540676117], [143.251403809, -76.6653060913, 39.9404945374, 0.81763446331, 1.56497836113, 18.5129108429, 23.4762363434, 19.6972923279, 12.0734376907, 50.3290519714, 12.9785728455, 31.4985942841, -7.60466003418], [-215.379104614, 213.32774353, -61.0394439697, -7.85579919815, 0.999092817307, 11.866112709, 36.3354988098, 16.5276527405, 30.4710350037, 12.9785728455, 95.8847045898, -16.1956253052, 35.4388465881], [331.157287598, -174.082260132, 83.9016494751, 3.00442695618, -2.62061357498, 0.61254632473, -10.9035844803, -1.79002118111, -12.6119813919, 31.4985942841, -16.1956253052, 80.5575180054, -5.76636266708], [-131.242858887, 95.2353897095, -45.9678688049, 2.06799054146, -11.3460607529, -4.73549318314, -6.51036453247, -2.93692064285, 8.10540676117, -7.60466003418, 35.4388465881, -5.76636266708, 45.6777267456]],
        "icov": [[0.000509563658852, -1.17684594443e-05, -0.000961682409979, 0.000702828110661, 0.000251383811701, -0.00115400296636, 0.00174335634802, -0.00103541801218, 0.000737801135983, -0.000324076972902, -0.000221642054385, -0.000680326600559, 0.00051493087085], [-1.17684594443e-05, 0.00373884988949, 0.000637594028376, 0.000825968396384, -0.000182673888048, -0.00210361438803, -0.00244999327697, 0.00546907354146, -0.00490180589259, 0.00589939346537, -0.00621093204245, 0.00287787150592, -0.000451858533779], [-0.000961682409979, 0.000637594028376, 0.0110990144312, -0.00559969386086, -0.00561162270606, 0.00547945126891, -0.010385690257, 0.00495606707409, -0.000435667490819, -0.000734377943445, 0.004189777188, -0.0063895075582, 0.00124093715567], [0.000702828110661, 0.000825968396384, -0.00559969386086, 0.0120559418574, -0.00102729070932, -0.00734462682158, 0.00908507499844, -0.0102970637381, 0.00169076502789, 0.00383485783823, -0.00287617882714, 0.00325323618017, -0.00328698963858], [0.000251383811701, -0.000182673888048, -0.00561162270606, -0.00102729070932, 0.0136973401532, -0.00476416107267, -0.00138671824243, 0.00171083258465, -0.00397856580094, 0.00517243845388, -0.0016395044513, 0.00191240082495, 0.00140371383168], [-0.00115400296636, -0.00210361438803, 0.00547945126891, -0.00734462682158, -0.00476416107267, 0.0306673813611, -0.0188401322812, -0.000831109762657, 0.00459931604564, -0.00848633702844, 0.00900765508413, -0.00258359103464, -0.00336945359595], [0.00174335634802, -0.00244999327697, -0.010385690257, 0.00908507499844, -0.00138671824243, -0.0188401322812, 0.0359698608518, -0.0163873247802, 0.00118423171807, -0.00409579090774, -0.0061676860787, 0.00355097465217, 0.00537103973329], [-0.00103541801218, 0.00546907354146, 0.00495606707409, -0.0102970637381, 0.00171083258465, -0.000831109762657, -0.0163873247802, 0.0457512699068, -0.0111523168162, -0.00159380026162, -0.00954780075699, 0.00726271793246, 0.00205889600329], [0.000737801135983, -0.00490180589259, -0.000435667490819, 0.00169076502789, -0.00397856580094, 0.00459931604564, 0.00118423171807, -0.0111523168162, 0.0353126190603, -0.0169207565486, 0.00527256866917, -0.000458742288174, -0.00246663182043], [-0.000324076972902, 0.00589939346537, -0.000734377943445, 0.00383485783823, 0.00517243845388, -0.00848633702844, -0.00409579090774, -0.00159380026162, -0.0169207565486, 0.0545251332223, -0.0194558892399, -0.012737294659, 0.0111420368776], [-0.000221642054385, -0.00621093204245, 0.004189777188, -0.00287617882714, -0.0016395044513, 0.00900765508413, -0.0061676860787, -0.00954780075699, 0.00527256866917, -0.0194558892399, 0.0355196557939, -0.00354197085835, -0.0164867714047], [-0.000680326600559, 0.00287787150592, -0.0063895075582, 0.00325323618017, 0.00191240082495, -0.00258359103464, 0.00355097465217, 0.00726271793246, -0.000458742288174, -0.012737294659, -0.00354197085835, 0.0322695225477, -0.00856948271394], [0.00051493087085, -0.000451858533779, 0.00124093715567, -0.00328698963858, 0.00140371383168, -0.00336945359595, 0.00537103973329, 0.00205889600329, -0.00246663182043, 0.0111420368776, -0.0164867714047, -0.00856948271394, 0.0406110696495]]
    },
    "melbands": {
        "dmean": [0.00186139845755, 0.00113185448572, 0.0018916480476, 0.00118967192248, 0.000700994161889, 0.000651075155474, 0.000554228317924, 0.000180122500751, 8.77970524016e-05, 3.74811206711e-05, 4.86272547278e-05, 2.34466824622e-05, 3.12013871735e-05, 1.53039600264e-05, 7.80166101322e-06, 4.13081170336e-06, 4.2745355131e-06, 3.49867286786e-06, 2.26977067541e-06, 1.68347889939e-06, 1.53488167598e-06, 1.09942300242e-06, 1.07695314e-06, 1.36760536407e-06, 1.1575031067e-06, 1.07286791717e-06, 1.17059687454e-06, 7.90272395079e-07, 5.29509293301e-07, 7.49700348024e-07, 7.67595281559e-07, 6.61260344259e-07, 5.81883227824e-07, 5.05994933064e-07, 6.54750976992e-07, 6.26397138603e-07, 3.71802798327e-07, 3.72604461063e-07, 3.24719394484e-07, 3.07245670683e-07],
        "dmean2": [0.00265961140394, 0.00167470087763, 0.00298780435696, 0.00201527937315, 0.00108609721065, 0.00106834247708, 0.000878438702784, 0.000284602196189, 0.000147335551446, 6.02560467087e-05, 7.61507544667e-05, 3.83124461223e-05, 5.79519182793e-05, 2.50942885032e-05, 1.25172537082e-05, 6.89642774887e-06, 7.17182365406e-06, 5.72330009163e-06, 3.61582624464e-06, 2.63984520643e-06, 2.42567057285e-06, 1.75162494997e-06, 1.76553010078e-06, 2.19613662011e-06, 1.89313141163e-06, 1.71086276168e-06, 1.86832403415e-06, 1.17172078262e-06, 8.16856186248e-07, 1.11744611786e-06, 1.22498011024e-06, 1.04666412426e-06, 9.03319516965e-07, 7.36650463296e-07, 9.5812561085e-07, 9.24721405227e-07, 5.56391682949e-07, 5.54670123165e-07, 5.03890873915e-07, 4.75262226018e-07],
        "dvar": [1.16106166388e-05, 4.31777925769e-06, 8.48483068694e-06, 2.30023988479e-06, 1.37158667712e-06, 1.10576047518e-06, 7.90676608631e-07, 1.21252696772e-07, 1.37425661961e-08, 3.11329340086e-09, 7.15731873768e-09, 1.0133858197e-09, 1.46791645506e-09, 4.71427952231e-10, 1.23757379344e-10, 2.49185151679e-11, 2.50721804429e-11, 1.91659327298e-11, 8.1738765062e-12, 4.38733641431e-12, 5.17841845793e-12, 2.20103774616e-12, 1.62326597476e-12, 3.89875198098e-12, 2.50404297991e-12, 3.56011639439e-12, 4.04075861313e-12, 1.29529037236e-12, 6.32572282316e-13, 1.70775654902e-12, 2.86330703071e-12, 1.85586962465e-12, 1.17040611144e-12, 6.7746497431e-13, 2.1064061953e-12, 1.70503205738e-12, 5.75954756978e-13, 6.32093715477e-13, 5.18796377386e-13, 4.6387671265e-13],
        "dvar2": [2.2728327167e-05, 8.51108961797e-06, 2.01747898245e-05, 5.89123283135e-06, 2.85393321064e-06, 2.42937971962e-06, 1.8679789946e-06, 2.47130685693e-07, 3.54168108174e-08, 7.32627825073e-09, 1.42518663537e-08, 2.67965538647e-09, 4.91607599074e-09, 1.07659914317e-09, 2.88529755643e-10, 6.06542316373e-11, 6.15400785886e-11, 4.76271695693e-11, 1.90103852798e-11, 1.05315027532e-11, 1.15693964825e-11, 5.23088300106e-12, 4.1993674163e-12, 9.25231245785e-12, 6.41437380641e-12, 7.82298097829e-12, 9.2997371956e-12, 2.90210824122e-12, 1.38306889812e-12, 3.62712811175e-12, 7.18372410169e-12, 4.25630928072e-12, 2.50178588783e-12, 1.50178209712e-12, 4.11466217001e-12, 3.5644109192e-12, 1.22097471023e-12, 1.18989811494e-12, 1.14332762008e-12, 1.04002884863e-12],
        "max": [0.0247890856117, 0.0221945475787, 0.027742061764, 0.0157741922885, 0.0100384783, 0.00824804697186, 0.00860165059566, 0.00613268977031, 0.00130231399089, 0.000881243846379, 0.000808035314549, 0.000540535780601, 0.000366316409782, 0.000188753183465, 0.000105000573967, 4.45979021606e-05, 5.08107441419e-05, 5.07470649609e-05, 3.03444412566e-05, 2.49701624853e-05, 2.25219282584e-05, 1.45385311043e-05, 1.26386130432e-05, 1.77061265276e-05, 1.35459549711e-05, 1.90561149793e-05, 1.98705001822e-05, 1.66360714502e-05, 8.4331159087e-06, 1.48277767948e-05, 1.87921759789e-05, 1.38488067023e-05, 1.04951204776e-05, 9.12556879484e-06, 2.04200296139e-05, 1.58842085511e-05, 8.38831419969e-06, 8.48994568514e-06, 8.17227373773e-06, 7.06547734808e-06],
        "mean": [0.00218591163866, 0.00148238230031, 0.00197993824258, 0.00137080659624, 0.00102758267894, 0.000889986928087, 0.000842851412017, 0.000407907791669, 0.000142456236063, 6.46563057671e-05, 8.47453120514e-05, 4.86155113322e-05, 4.7498717322e-05, 2.50486391451e-05, 1.36667749757e-05, 7.52856158215e-06, 8.26508494356e-06, 6.19411139269e-06, 4.03737385568e-06, 2.89280978905e-06, 2.48187529905e-06, 1.86292447779e-06, 1.90247180853e-06, 2.21577943194e-06, 1.97421672965e-06, 2.09832637665e-06, 2.62941102847e-06, 1.9290232558e-06, 1.18149182526e-06, 1.4341815131e-06, 1.35677635171e-06, 1.15138630008e-06, 1.06383379261e-06, 9.314829299e-07, 1.14964689146e-06, 1.10853738988e-06, 7.45736826957e-07, 7.25446511751e-07, 5.88620594044e-07, 5.43864871361e-07],
        "median": [0.000207917444641, 0.000390232016798, 0.000822959467769, 0.000815256033093, 0.000547138857655, 0.00043990049744, 0.000485965516418, 0.000248220545473, 9.17802826734e-05, 4.20067408413e-05, 4.2682280764e-05, 2.93816410704e-05, 3.35837576131e-05, 1.63378717843e-05, 8.74540637597e-06, 5.61662545806e-06, 6.41504266241e-06, 4.56799170934e-06, 3.00913029605e-06, 1.90077844309e-06, 1.29473835386e-06, 1.32636421313e-06, 1.32725176627e-06, 1.11247277346e-06, 1.35674440571e-06, 1.13092130505e-06, 1.10179882995e-06, 1.01479656678e-06, 6.76995966842e-07, 5.95981646256e-07, 5.75058379582e-07, 4.71324028695e-07, 4.3134755856e-07, 3.9009972852e-07, 4.15656955965e-07, 3.38107184916e-07, 2.98983877656e-07, 2.98221010553e-07, 2.11784936255e-07, 2.07624509585e-07],
        "min": [1.39859611133e-23, 1.5843898939e-23, 8.06036300394e-24, 3.333839387e-24, 5.9127582148e-24, 1.48610318937e-23, 4.4045504329e-24, 5.14961023079e-24, 6.98567018262e-24, 6.59227156008e-24, 6.66963514905e-24, 1.01759144023e-23, 8.86968143901e-24, 6.25988620095e-24, 9.1870701579e-24, 1.17255590754e-23, 2.05750259538e-23, 6.44393928306e-24, 1.38622282803e-23, 3.01808104639e-24, 1.06717174256e-23, 2.08996138173e-23, 1.1242120658e-23, 1.47176422246e-23, 8.91886218329e-24, 7.59889041844e-24, 8.29080110727e-24, 9.31110118031e-24, 4.94311681695e-24, 9.66735707599e-24, 9.51268985147e-24, 1.00484968001e-23, 8.08057283147e-24, 7.10308423976e-24, 5.72908102492e-24, 1.43397841619e-23, 1.33085599431e-23, 8.05193086972e-24, 1.40437499077e-23, 1.29298854093e-23],
        "var": [1.78077643795e-05, 6.05897912465e-06, 9.56464191404e-06, 2.53258917837e-06, 1.9290914679e-06, 1.40042573094e-06, 1.08938058929e-06, 4.0125539158e-07, 1.96692582222e-08, 4.39577485523e-09, 1.43704115274e-08, 4.4195851423e-09, 2.12427542223e-09, 7.44695971555e-10, 2.08838682458e-10, 4.18587248197e-11, 4.89698698258e-11, 3.06256825455e-11, 1.3444538885e-11, 8.42550335056e-12, 9.0815887796e-12, 3.28340783382e-12, 2.90571798393e-12, 6.74007594528e-12, 3.77339479107e-12, 7.31869252701e-12, 1.31749958165e-11, 6.03448584505e-12, 2.02887012746e-12, 4.20482745844e-12, 4.22352734383e-12, 3.36154433282e-12, 2.44466621425e-12, 1.52579262159e-12, 3.83937499848e-12, 3.28103798471e-12, 1.33805976282e-12, 1.4615205747e-12, 1.02585529047e-12, 9.01567503379e-13]
    },
    "mfcc": {
        "mean": [-667.556030273, 144.597198486, 36.0309181213, 16.9414081573, -6.43173933029, -2.58347153664, -1.75164568424, -4.63339519501, -8.69232559204, -1.6461712122, -2.82606363297, -2.36734461784, 0.253406643867],
        "cov": [[3022.29760742, -877.281555176, 346.693206787, 43.6366043091, 73.046585083, 50.7015800476, -72.0226821899, 7.15433549881, -52.2293167114, -25.7531394958, -96.0032272339, -35.4642753601, -10.8702144623], [-877.281555176, 995.192382812, -142.513092041, -108.773017883, -33.5178871155, 19.122926712, 63.082736969, 4.4852514267, 3.84315752983, 5.50265550613, 70.7451934814, 39.886756897, 50.9335861206], [346.693206787, -142.513092041, 200.28968811, 110.901329041, 56.7006034851, 75.7113342285, 56.94298172, 59.0073051453, 29.9881324768, 21.5021533966, 11.5185537338, 8.08184051514, 0.261622816324], [43.6366043091, -108.773017883, 110.901329041, 147.472579956, 87.6351928711, 49.2491035461, 55.9914207458, 48.2185783386, 31.6358356476, 19.4648475647, 9.43182277679, 7.94997119904, -5.60614585876], [73.046585083, -33.5178871155, 56.7006034851, 87.6351928711, 120.348472595, 45.2275505066, 50.8072052002, 33.7321586609, 28.8776054382, 13.110004425, 2.49537467957, -0.951478302479, -4.06000232697], [50.7015800476, 19.122926712, 75.7113342285, 49.2491035461, 45.2275505066, 113.112464905, 55.5471839905, 59.9299850464, 31.1392307281, 26.5496082306, 23.4335861206, 10.7296762466, 0.296982318163], [-72.0226821899, 63.082736969, 56.94298172, 55.9914207458, 50.8072052002, 55.5471839905, 134.232498169, 51.6424751282, 37.9466552734, 42.4785690308, 29.2614421844, 30.8213443756, 20.2977085114], [7.15433549881, 4.4852514267, 59.0073051453, 48.2185783386, 33.7321586609, 59.9299850464, 51.6424751282, 67.7214508057, 33.5837402344, 25.8680820465, 22.9914150238, 15.1863546371, 3.07592225075], [-52.2293167114, 3.84315752983, 29.9881324768, 31.6358356476, 28.8776054382, 31.1392307281, 37.9466552734, 33.5837402344, 47.8842735291, 28.280872345, 17.2388629913, 9.54150390625, 2.53279304504], [-25.7531394958, 5.50265550613, 21.5021533966, 19.4648475647, 13.110004425, 26.5496082306, 42.4785690308, 25.8680820465, 28.280872345, 46.5850257874, 23.7433300018, 15.9250802994, 7.96324014664], [-96.0032272339, 70.7451934814, 11.5185537338, 9.43182277679, 2.49537467957, 23.4335861206, 29.2614421844, 22.9914150238, 17.2388629913, 23.7433300018, 47.1546440125, 24.9827899933, 13.6525764465], [-35.4642753601, 39.886756897, 8.08184051514, 7.94997119904, -0.951478302479, 10.7296762466, 30.8213443756, 15.1863546371, 9.54150390625, 15.9250802994, 24.9827899933, 41.9699211121, 25.5058269501], [-10.8702144623, 50.9335861206, 0.261622816324, -5.60614585876, -4.06000232697, 0.296982318163, 20.2977085114, 3.07592225075, 2.53279304504, 7.96324014664, 13.6525764465, 25.5058269501, 42.979888916]],
