{
"lowlevel": {
    "average_loudness": 0.817176938057,
    "barkbands_crest": {
        "dmean": 2.42621874809,
        "dmean2": 3.83666300774,
        "dvar": 5.12498760223,
        "dvar2": 12.6495742798,
        "max": 26.2451667786,
        "mean": 14.5996522903,
        "median": 14.103767395,
        "min": 3.019313097,
        "var": 34.1128005981
    },
    "barkbands_flatness_db": {
        "dmean": 0.0241937488317,
        "dmean2": 0.0366310849786,
        "dvar": 0.000510514131747,
        "dvar2": 0.00114048866089,
        "max": 0.620564460754,
        "mean": 0.284939348698,
        "median": 0.258285284042,
        "min": 0.0660872161388,
        "var": 0.010301922448
    },
    "barkbands_kurtosis": {
        "dmean": 6.5057387352,
        "dmean2": 9.45925235748,
        "dvar": 1161.97851562,
        "dvar2": 1769.98498535,
        "max": 1296.14086914,
        "mean": 11.5559968948,
        "median": 4.78489494324,
        "min": -1.69748413563,
        "var": 2549.86914062
    },
    "barkbands_skewness": {
        "dmean": 0.594377398491,
        "dmean2": 0.897301375866,
        "dvar": 0.408978402615,
        "dvar2": 0.76604360342,
        "max": 19.4374046326,
        "mean": 0.69179558754,
        "median": 0.654554486275,
        "min": -6.61769151688,
        "var": 2.57985305786
    },
    "barkbands_spread": {
        "dmean": 1.58553266525,
        "dmean2": 2.47751116753,
        "dvar": 3.6123483181,
        "dvar2": 8.671916008,
        "max": 30.352098465,
        "mean": 6.01164674759,
        "median": 4.31297874451,
        "min": 0.0968751832843,
        "var": 25.4628868103
    },
    "dissonance": {
        "dmean": 0.0431489832699,
        "dmean2": 0.0716686695814,
        "dvar": 0.00147404579911,
        "dvar2": 0.0037902763579,
        "max": 0.5,
        "mean": 0.391111701727,
        "median": 0.424287825823,
        "min": 0.0343381240964,
        "var": 0.0108220269904
    },
    "dynamic_complexity": 5.19351911545,
    "erbbands_crest": {
        "dmean": 2.97675442696,
        "dmean2": 4.63983631134,
        "dvar": 7.8442864418,
        "dvar2": 18.7847251892,
        "max": 32.5795440674,
        "mean": 16.4130268097,
        "median": 16.0236377716,
        "min": 3.43818283081,
        "var": 40.1627197266
    },
    "erbbands_flatness_db": {
        "dmean": 0.0218759719282,
        "dmean2": 0.0329276062548,
        "dvar": 0.000445398065494,
        "dvar2": 0.00104343472049,
        "max": 0.604061186314,
        "mean": 0.344149708748,
        "median": 0.322645783424,
        "min": 0.0789678618312,
        "var": 0.00604900345206
    },
    "erbbands_kurtosis": {
        "dmean": 3.39332032204,
        "dmean2": 5.04042339325,
        "dvar": 40.5548934937,
        "dvar2": 61.4013214111,
        "max": 212.925369263,
        "mean": 6.7012462616,
        "median": 4.29057788849,
        "min": -1.68906700611,
        "var": 126.52041626
    },
    "erbbands_skewness": {
        "dmean": 0.497165203094,
        "dmean2": 0.751463294029,
        "dvar": 0.184717103839,
        "dvar2": 0.451875597239,
        "max": 6.42491197586,
        "mean": 1.02244389057,
        "median": 1.04888415337,
        "min": -3.57089996338,
        "var": 1.97324085236
    },
    "erbbands_spread": {
        "dmean": 2.31625771523,
        "dmean2": 3.59937548637,
        "dvar": 8.26054954529,
        "dvar2": 19.3761386871,
        "max": 45.2105674744,
        "mean": 8.90915489197,
        "median": 7.17119216919,
        "min": 0.372617006302,
        "var": 41.5817832947
    },
    "hfc": {
        "dmean": 2.779535532,
        "dmean2": 4.02253580093,
        "dvar": 12.7923116684,
        "dvar2": 26.4315223694,
        "max": 54.9681549072,
        "mean": 11.1572389603,
        "median": 7.09743213654,
        "min": 1.11554437677e-16,
        "var": 124.131027222
    },
    "melbands_crest": {
        "dmean": 2.99666404724,
        "dmean2": 4.77252006531,
        "dvar": 7.57289791107,
        "dvar2": 18.559803009,
        "max": 34.9552955627,
        "mean": 16.484172821,
        "median": 15.857093811,
        "min": 1.84091043472,
        "var": 41.6309127808
    },
    "melbands_flatness_db": {
        "dmean": 0.0255206115544,
        "dmean2": 0.0377656184137,
        "dvar": 0.000579113664571,
        "dvar2": 0.00127901951782,
        "max": 0.710153758526,
        "mean": 0.344815760851,
        "median": 0.315710037947,
        "min": 0.00445765070617,
        "var": 0.0130939790979
    },
    "melbands_kurtosis": {
        "dmean": 3.24726915359,
        "dmean2": 4.96912956238,
        "dvar": 26.0123004913,
        "dvar2": 56.6480255127,
        "max": 131.027053833,
        "mean": 6.30954837799,
        "median": 3.92359375954,
        "min": -1.68544781208,
        "var": 66.2817840576
    },
    "melbands_skewness": {
        "dmean": 0.523769617081,
        "dmean2": 0.806175470352,
        "dvar": 0.251456409693,
        "dvar2": 0.56120455265,
        "max": 9.39612770081,
        "mean": 0.454682379961,
        "median": 0.539620637894,
        "min": -4.36997699738,
        "var": 1.45930075645
    },
    "melbands_spread": {
        "dmean": 2.67943406105,
        "dmean2": 4.06650495529,
        "dvar": 13.5615177155,
        "dvar2": 23.3908939362,
        "max": 124.114067078,
        "mean": 9.68034076691,
        "median": 7.35628223419,
        "min": 0.233005791903,
        "var": 59.815322876
    },
    "pitch_salience": {
        "dmean": 0.0720914974809,
        "dmean2": 0.113489732146,
        "dvar": 0.00412927335128,
        "dvar2": 0.00981733947992,
        "max": 0.84897506237,
        "mean": 0.526174604893,
        "median": 0.538743436337,
        "min": 0.0967380180955,
        "var": 0.0193211976439
    },
    "silence_rate_20dB": {
        "dmean": 0,
        "dmean2": 0,
        "dvar": 0,
        "dvar2": 0,
        "max": 1,
        "mean": 1,
        "median": 1,
        "min": 1,
        "var": 0
    },
    "silence_rate_30dB": {
        "dmean": 0,
        "dmean2": 0,
        "dvar": 0,
        "dvar2": 0,
        "max": 1,
        "mean": 1,
        "median": 1,
        "min": 1,
        "var": 0
    },
    "silence_rate_60dB": {
        "dmean": 0.0268179476261,
        "dmean2": 0.0536635704339,
        "dvar": 0.0260997340083,
        "dvar2": 0.0621337816119,
        "max": 1,
        "mean": 0.147938147187,
        "median": 0,
        "min": 0,
        "var": 0.126053601503
    },
    "spectral_centroid": {
        "dmean": 88.128868103,
        "dmean2": 127.469161987,
        "dvar": 63643.6679688,
        "dvar2": 78298.1484375,
        "max": 10733.2412109,
        "mean": 809.321655273,
        "median": 758.596801758,
        "min": 252.620254517,
        "var": 123259.734375
    },
    "spectral_complexity": {
        "dmean": 2.17741107941,
        "dmean2": 3.47162032127,
        "dvar": 7.32495594025,
        "dvar2": 17.6331310272,
        "max": 39,
        "mean": 11.5567007065,
        "median": 11,
        "min": 0,
        "var": 43.2050666809
    },
    "spectral_decrease": {
        "dmean": 1.12609699343e-09,
        "dmean2": 1.64137747838e-09,
        "dvar": 2.25768174169e-18,
        "dvar2": 4.69951291289e-18,
        "max": -1.03567219797e-28,
        "mean": -4.23007717743e-09,
        "median": -2.55494381207e-09,
        "min": -2.26666259096e-08,
        "var": 1.92250356663e-17
    },
    "spectral_energy": {
        "dmean": 0.00448763230816,
        "dmean2": 0.00653275568038,
        "dvar": 3.55622469215e-05,
        "dvar2": 7.38135640859e-05,
        "max": 0.0905347913504,
        "mean": 0.0169772952795,
        "median": 0.0103651024401,
        "min": 1.05092109368e-20,
        "var": 0.000306992034893
    },
    "spectral_energyband_high": {
        "dmean": 8.62907836563e-06,
        "dmean2": 1.31001934278e-05,
        "dvar": 3.39148209516e-10,
        "dvar2": 7.79735220835e-10,
        "max": 0.000386269006412,
        "mean": 2.54695823969e-05,
        "median": 3.74440378437e-06,
        "min": 7.62915545203e-21,
        "var": 2.85343193518e-09
    },
    "spectral_energyband_low": {
        "dmean": 0.000941629405133,
        "dmean2": 0.00155244476628,
        "dvar": 6.01906185693e-06,
        "dvar2": 1.73304470081e-05,
        "max": 0.0264796093106,
        "mean": 0.00160429195967,
        "median": 0.00016516148753,
        "min": 5.7575492795e-23,
        "var": 1.0894150364e-05
    },
    "spectral_energyband_middle_high": {
        "dmean": 0.000962170015555,
        "dmean2": 0.00151912285946,
        "dvar": 1.76802575425e-06,
        "dvar2": 3.93252094e-06,
        "max": 0.0218079537153,
        "mean": 0.00299027212895,
        "median": 0.00226717628539,
        "min": 1.80430972351e-21,
        "var": 8.37097923068e-06
    },
    "spectral_energyband_middle_low": {
        "dmean": 0.00356799317524,
        "dmean2": 0.00510484119877,
        "dvar": 2.89604122372e-05,
        "dvar2": 5.5824755691e-05,
        "max": 0.080889582634,
        "mean": 0.0124982409179,
        "median": 0.00699105300009,
        "min": 2.70383602499e-22,
        "var": 0.00024668694823
    },
    "spectral_entropy": {
        "dmean": 0.201393097639,
        "dmean2": 0.304813504219,
        "dvar": 0.0395148545504,
        "dvar2": 0.083463780582,
        "max": 9.8233833313,
        "mean": 6.3018245697,
        "median": 6.4845905304,
        "min": 3.80454874039,
        "var": 0.700235664845
    },
    "spectral_flux": {
        "dmean": 0.0143779423088,
        "dmean2": 0.0230320934206,
        "dvar": 0.000258569663856,
        "dvar2": 0.000677221571095,
        "max": 0.195234194398,
        "mean": 0.0488455332816,
        "median": 0.0472518019378,
        "min": 1.0251444138e-10,
        "var": 0.000850654265378
    },
    "spectral_kurtosis": {
        "dmean": 14.8863019943,
        "dmean2": 25.4463653564,
        "dvar": 397.492645264,
        "dvar2": 1125.34924316,
        "max": 424.560180664,
        "mean": 39.7224311829,
        "median": 22.3040924072,
        "min": -1.17744398117,
        "var": 2479.33984375
    },
    "spectral_rms": {
        "dmean": 0.000501417496707,
        "dmean2": 0.000735644716769,
        "dvar": 2.75884787015e-07,
        "dvar2": 5.98670055751e-07,
        "max": 0.00939822476357,
        "mean": 0.00353497150354,
        "median": 0.00317998370156,
        "min": 3.20201330728e-12,
        "var": 4.06719755119e-06
    },
    "spectral_rolloff": {
        "dmean": 113.58467865,
        "dmean2": 184.109054565,
        "dvar": 179472.046875,
        "dvar2": 215163.71875,
        "max": 17872.5585938,
        "mean": 923.309753418,
        "median": 861.328125,
        "min": 43.06640625,
        "var": 291690.78125
    },
    "spectral_skewness": {
        "dmean": 0.882990717888,
        "dmean2": 1.49778223038,
        "dvar": 0.726246356964,
        "dvar2": 2.02099728584,
        "max": 17.4218139648,
        "mean": 4.09198379517,
        "median": 3.25207901001,
        "min": 0.0032308131922,
        "var": 7.42881059647
    },
    "spectral_spread": {
        "dmean": 308128.28125,
        "dmean2": 506483.84375,
        "dvar": 546625486848,
        "dvar2": 769265631232,
        "max": 40031028,
        "mean": 1768679.25,
        "median": 1709071.625,
        "min": 297237.03125,
        "var": 1.56987857306e+12
    },
    "spectral_strongpeak": {
        "dmean": 0.489871889353,
        "dmean2": 0.80553072691,
        "dvar": 0.409565597773,
        "dvar2": 1.06339168549,
        "max": 6.68823385239,
        "mean": 1.43149507046,
        "median": 1.23749661446,
        "min": 0,
        "var": 1.29025614262
    },
    "zerocrossingrate": {
        "dmean": 0.00294353766367,
        "dmean2": 0.00363061553799,
        "dvar": 0.000131068634801,
        "dvar2": 0.000137450144393,
        "max": 0.50048828125,
        "mean": 0.0350125357509,
        "median": 0.03369140625,
        "min": 0.00341796875,
        "var": 0.0001971009915
    },
    "barkbands": {
        "dmean": [7.53526692279e-05, 0.000600620929617, 0.000363732659025, 0.000166242403793, 0.00036152501707, 0.000219029956497, 0.000407743733376, 0.00212970538996, 0.00151386135258, 0.000383734150091, 0.0003772136115, 0.00031698672683, 0.000128452506033, 0.000100968987681, 8.57049162732e-05, 6.05888089922e-05, 4.76713721582e-05, 3.89217420889e-05, 2.72269462585e-05, 1.0663356079e-05, 3.36252878697e-06, 8.56307963204e-07, 8.24515382192e-07, 1.98985119937e-07, 1.13004517743e-07, 6.61555503711e-08, 3.35778826965e-09],
        "dmean2": [0.000125661463244, 0.00102153723128, 0.000576582562644, 0.000286305847112, 0.000627042551059, 0.000356255244697, 0.000678920070641, 0.00287642097101, 0.00234191026539, 0.000654100207612, 0.00062241096748, 0.000496543652844, 0.0002151375229, 0.000153555447469, 0.000143766374094, 9.93343492155e-05, 8.17698819446e-05, 6.21348299319e-05, 4.28875573562e-05, 1.74492852238e-05, 5.06268725076e-06, 1.34846095534e-06, 1.30274713683e-06, 3.37654483928e-07, 1.94518264607e-07, 1.1862893956e-07, 6.25152773992e-09],
        "dvar": [1.53197035502e-07, 3.7589556996e-06, 1.2284440345e-06, 1.73130374037e-07, 4.67481868327e-07, 2.84897964775e-07, 8.00918030563e-07, 2.46415565925e-05, 4.42810187451e-06, 3.09607600002e-07, 3.51757137196e-07, 8.45941372063e-07, 1.18648898706e-07, 7.31489677719e-08, 5.96949973897e-08, 6.15568822582e-08, 4.07816997949e-08, 9.38262179062e-09, 6.51622844572e-09, 6.89404255905e-10, 6.72054634165e-11, 3.06048437461e-12, 4.44607805433e-12, 3.41508993393e-13, 9.54062200878e-14, 9.55007421885e-14, 3.02453839655e-16],
        "dvar2": [4.08146973996e-07, 1.12903680929e-05, 3.12219208354e-06, 4.46743655402e-07, 1.31928004521e-06, 6.7683066618e-07, 2.05517790164e-06, 4.46830672445e-05, 1.02097619674e-05, 9.15741338758e-07, 9.14966506116e-07, 1.85240446626e-06, 2.73618582014e-07, 1.00071673614e-07, 1.44597734675e-07, 1.4299203599e-07, 1.16981027531e-07, 2.40840147825e-08, 1.41520866137e-08, 1.7901196081e-09, 1.50756240824e-10, 7.87044041051e-12, 1.07200255617e-11, 9.94149749502e-13, 2.76502345326e-13, 2.7865294165e-13, 8.62410830412e-16],
        "max": [0.00958189927042, 0.0250308755785, 0.0163476541638, 0.00657193083316, 0.0111193144694, 0.0103025706485, 0.013417955488, 0.0757907629013, 0.0347309932113, 0.00697298720479, 0.00721736531705, 0.0185485463589, 0.00914317462593, 0.00919773988426, 0.00517291063443, 0.00658379867673, 0.0050996625796, 0.00176148198079, 0.00224718009122, 0.000394999544369, 0.000159040195285, 3.3300355426e-05, 5.92298201809e-05, 1.41594009619e-05, 5.10320705871e-06, 5.94110315433e-06, 2.86754357148e-07],
        "mean": [0.000104646838736, 0.000870246964041, 0.00051641225582, 0.00023095033248, 0.000821110908873, 0.000459854840301, 0.000603866646998, 0.00655595073476, 0.00376606034115, 0.00073241093196, 0.000630688387901, 0.000743018463254, 0.000215900101466, 0.000194159205421, 0.000159058399731, 0.000139056137414, 6.85502527631e-05, 8.26348477858e-05, 4.84001939185e-05, 1.86810138985e-05, 1.08482754513e-05, 2.5535568966e-06, 1.583929361e-06, 3.91155708712e-07, 1.8908797017e-07, 6.76107561048e-08, 2.7264928093e-09],
        "median": [5.85410680287e-06, 1.66874160641e-05, 3.20090475725e-05, 7.29371604393e-05, 0.000204513649805, 8.83440370671e-05, 0.00022989010904, 0.000638939091004, 0.00189909455366, 0.000505887903273, 0.000446900143288, 0.000162625598023, 0.000108518353954, 5.52005076315e-05, 2.95832905977e-05, 1.79624912562e-05, 1.20837148643e-05, 7.5740590546e-06, 4.7730973165e-06, 2.7464516279e-06, 6.38510528006e-07, 3.5553040334e-07, 4.45908654001e-07, 1.32419501142e-07, 7.11463599146e-08, 1.41346454541e-08, 5.62605628751e-10],
        "min": [1.35667604282e-23, 3.97311625072e-23, 1.09062796937e-23, 1.10728618734e-23, 5.1185593245e-23, 2.9462446508e-23, 2.79967208579e-23, 6.67116254154e-23, 7.5373583212e-23, 5.54083088726e-23, 4.82557449103e-23, 1.31480532546e-22, 9.11458788243e-23, 3.89897657849e-23, 1.29255061269e-22, 1.77777769331e-22, 2.17010687291e-22, 2.65351023334e-22, 3.20289341501e-22, 5.27712554137e-22, 4.48319118768e-22, 5.29008154044e-22, 5.59761158061e-22, 9.40852717449e-22, 1.11519365332e-21, 1.55914114476e-21, 2.40196245831e-21],
        "var": [1.82281524985e-07, 5.13115719514e-06, 1.73544708559e-06, 2.22935042871e-07, 2.47765365202e-06, 1.05983303911e-06, 1.20921447433e-06, 0.000201846283744, 2.26321662922e-05, 6.26153735084e-07, 4.91609966957e-07, 4.21778713644e-06, 2.24293430051e-07, 3.94411387106e-07, 1.5048955504e-07, 4.43696023922e-07, 3.58868597061e-08, 2.87349610772e-08, 1.73860552621e-08, 1.37276168211e-09, 6.73136824059e-10, 2.76299382679e-11, 1.02816227754e-11, 4.12639567697e-13, 9.9640097334e-14, 5.9013578258e-14, 1.8958823468e-16]
    },
    "erbbands": {
        "dmean": [0.0210129898041, 0.128048181534, 0.33740195632, 0.547895610332, 0.910728096962, 1.33726978302, 1.64743876457, 2.00777697563, 4.75209331512, 12.6281747818, 53.1032905579, 36.4085922241, 16.6109161377, 21.1573009491, 8.87195301056, 12.8920593262, 5.3486123085, 5.47127342224, 4.64580392838, 3.60430240631, 2.75934028625, 2.68902778625, 1.96403205395, 1.88657784462, 1.10956466198, 0.551816165447, 0.205979928374, 0.0679463893175, 0.0323694720864, 0.0270947832614, 0.0195225216448, 0.00467411009595, 0.00343162682839, 0.00167941697873, 0.000624839274678, 0.000294232100714, 0.000125035498058, 2.09876998269e-05, 2.47459115599e-06, 5.11682310389e-06],
        "dmean2": [0.0357307717204, 0.222114741802, 0.551995158195, 0.895623326302, 1.58996081352, 2.32317137718, 2.80697774887, 3.22333741188, 7.69300079346, 18.8091316223, 73.3399581909, 55.0779342651, 26.2137718201, 35.5548782349, 14.3131799698, 20.3048725128, 8.77066993713, 8.15685081482, 7.57356882095, 5.72999954224, 4.24596166611, 4.54986476898, 3.15861845016, 2.92002344131, 1.77707123756, 0.88971054554, 0.310499638319, 0.107215061784, 0.0504358261824, 0.0426530912519, 0.0310862232, 0.00775413587689, 0.00579250743613, 0.00288282404654, 0.00108921912033, 0.000521565845702, 0.000226069751079, 3.86275205528e-05, 3.71903115592e-06, 7.44470662539e-06],
        "dvar": [0.00511055905372, 0.176187828183, 1.12350034714, 2.074893713, 4.6555891037, 7.09855365753, 14.5238609314, 27.3059558868, 91.530960083, 524.79107666, 15890.9335938, 2902.07226562, 587.328491211, 921.760681152, 190.726699829, 1345.28051758, 132.927383423, 210.960220337, 105.748817444, 133.709182739, 80.3432159424, 132.964904785, 26.470243454, 33.3062934875, 10.7714347839, 1.72848248482, 0.246935412288, 0.0237025525421, 0.00485657574609, 0.00382116157562, 0.0019236827502, 8.20879722596e-05, 0.00015469850041, 1.91446488316e-05, 4.06290018873e-06, 1.21629773275e-06, 3.53641269157e-07, 1.53400705472e-08, 1.55500057275e-11, 4.58631674305e-11],
        "dvar2": [0.0153377382085, 0.530836999416, 3.03996992111, 5.17749881744, 13.8680171967, 20.1680679321, 41.1650772095, 62.1799736023, 219.000961304, 1092.09985352, 30184.4082031, 6527.93212891, 1434.55847168, 2537.89355469, 446.812194824, 3144.02807617, 318.735229492, 318.242248535, 248.697525024, 234.916091919, 173.635879517, 392.195129395, 68.7634735107, 76.9641952515, 26.323474884, 4.38199710846, 0.556043803692, 0.0598662383854, 0.0121013605967, 0.00842018611729, 0.00516199087724, 0.000227218377404, 0.000454049761174, 5.47719100723e-05, 1.18571315397e-05, 3.56658824785e-06, 1.00991348972e-06, 4.4637467056e-08, 4.0652130967e-11, 9.52215528649e-11],
        "max": [1.21918356419, 5.42420101166, 15.6084070206, 22.1059780121, 39.8039665222, 43.700668335, 63.7721481323, 93.0324630737, 137.131057739, 402.430328369, 1844.42553711, 984.786743164, 437.075042725, 440.451141357, 233.510391235, 646.971923828, 286.015777588, 466.750732422, 200.756195068, 306.362579346, 403.342926025, 311.443511963, 83.6380462646, 142.238372803, 75.3386230469, 20.4800682068, 9.87857246399, 2.46615481377, 1.21164178848, 2.33975744247, 0.836071908474, 0.122044377029, 0.330076277256, 0.0629601553082, 0.0369324758649, 0.021635979414, 0.0105757145211, 0.00241361325607, 6.44629108137e-05, 0.000103301732452],
        "mean": [0.0313535965979, 0.175071179867, 0.490001380444, 0.837809026241, 1.7386277914, 2.54838609695, 3.96178746223, 3.7806994915, 8.0910358429, 37.6108932495, 150.158203125, 93.448638916, 43.8903312683, 38.8905830383, 21.3515071869, 28.4286880493, 10.0480670929, 11.153216362, 9.15059757233, 7.41383504868, 6.7605047226, 4.18260622025, 3.4734108448, 3.69291687012, 2.29097652435, 1.08158540726, 0.611554503441, 0.205102533102, 0.0978811904788, 0.0601101890206, 0.0380828678608, 0.0105346180499, 0.00616103736684, 0.0028309666086, 0.00101989204995, 0.000400354008889, 0.00010786268831, 1.64789325936e-05, 8.95936864254e-06, 1.95555803657e-05],
        "median": [0.000675205141306, 0.0033648009412, 0.0311750508845, 0.169864237309, 0.493750929832, 0.633091688156, 0.351837843657, 1.01916027069, 3.44787025452, 7.30804634094, 21.6847286224, 45.5925483704, 25.7350177765, 28.3997898102, 13.6175765991, 7.24592685699, 4.94882011414, 3.12733316422, 2.58123016357, 1.45509362221, 0.980186581612, 0.830131173134, 0.656600475311, 0.353846669197, 0.221928328276, 0.127302572131, 0.0462508425117, 0.0189502798021, 0.0124603584409, 0.0175537597388, 0.0108968354762, 0.0036330469884, 0.00195310404524, 0.00101116544101, 0.000360225560144, 0.000118853036838, 1.59072624228e-05, 2.20375795834e-06, 5.68141331314e-06, 1.21095599752e-05],
        "min": [1.78245931142e-21, 6.68550110454e-21, 1.16431487331e-20, 2.64890713277e-20, 1.48832397493e-19, 1.18962634156e-19, 1.56427324309e-19, 3.46208897361e-19, 4.25855430207e-19, 3.96206717963e-19, 1.91537620624e-18, 1.9549505947e-18, 1.38922109426e-18, 2.60901491955e-18, 2.08505721286e-18, 5.34432212066e-18, 4.8105883799e-18, 2.12186592294e-18, 5.70319856532e-18, 7.58549106257e-18, 9.80790202974e-18, 1.3380209718e-17, 1.53392422423e-17, 1.00750656512e-17, 2.38171668872e-17, 2.4778511232e-17, 2.06955162956e-17, 1.73972460996e-17, 2.18388933147e-17, 1.4371447543e-17, 1.57456757819e-17, 1.55049778042e-17, 1.63944798584e-17, 1.14250558437e-17, 9.2614871966e-18, 6.50013166441e-18, 2.82293292494e-18, 1.61630140435e-18, 3.15880113407e-19, 2.82300490258e-20],
        "var": [0.00686689885333, 0.226608991623, 1.55988144875, 3.16227507591, 14.9497976303, 22.2068843842, 65.7985076904, 79.5219573975, 187.392456055, 4758.70410156, 100831.554688, 14372.1582031, 3185.88037109, 1604.7166748, 790.713256836, 5290.71630859, 283.957305908, 1104.88378906, 265.06451416, 658.904296875, 878.019226074, 119.925361633, 46.2110671997, 72.8791503906, 27.5742778778, 4.72403097153, 2.02548360825, 0.218116268516, 0.0438769757748, 0.0161444433033, 0.0037331993226, 0.000219232941163, 0.000137971539516, 2.12294107769e-05, 3.67730672224e-06, 8.83737016011e-07, 2.21748550189e-07, 8.83252937456e-09, 8.31643712229e-11, 4.02345906592e-10]
    },
    "gfcc": {
        "mean": [-169.529998779, 167.93812561, -148.307403564, -27.7242450714, -68.1073684692, -7.91551017761, -14.8099327087, 8.00432872772, -10.0240821838, -18.7701416016, -10.3119831085, -19.1467475891, -8.26076698303],
        "cov": [[22522.7109375, 271.888580322, -6259.47851562, 3348.34594727, 3103.88232422, 1542.8939209, 231.32208252, -165.129943848, 294.40447998, 443.184204102, 866.017822266, -111.821594238, 238.516220093], [271.888580322, 1371.24609375, 430.057342529, -120.167778015, 575.089477539, 189.04359436, 218.13381958, -386.00302124, 34.0588493347, 78.2351913452, 230.036529541, 66.3095169067, 158.119552612], [-6259.47851562, 430.057342529, 2616.35864258, -804.632202148, -808.287963867, -327.799316406, 34.3175926208, -91.7753219604, -46.382938385, 104.13999176, -225.847229004, 129.790359497, -19.0877189636], [3348.34594727, -120.167778015, -804.632202148, 899.983764648, 461.813659668, 154.12197876, 15.3997068405, -17.0145359039, 76.9750671387, 204.158782959, 153.854370117, 34.8270263672, 44.9632797241], [3103.88232422, 575.089477539, -808.287963867, 461.813659668, 917.549682617, 364.277435303, 77.9914779663, -216.603622437, 39.8349342346, 89.1984710693, 234.210540771, 50.5193481445, 101.625587463], [1542.8939209, 189.04359436, -327.799316406, 154.12197876, 364.277435303, 432.788543701, 44.0801391602, -110.516136169, -19.2417736053, -0.829692959785, 70.3400421143, 26.3508720398, 41.1605529785], [231.32208252, 218.13381958, 34.3175926208, 15.3997068405, 77.9914779663, 44.0801391602, 170.549179077, -7.57426357269, 33.3832855225, 9.52423191071, 13.4935388565, -19.4637928009, 17.1008224487], [-165.129943848, -386.00302124, -91.7753219604, -17.0145359039, -216.603622437, -110.516136169, -7.57426357269, 220.652648926, 26.9666614532, -36.6984481812, -89.888671875, -54.967376709, -53.9430809021], [294.40447998, 34.0588493347, -46.382938385, 76.9750671387, 39.8349342346, -19.2417736053, 33.3832855225, 26.9666614532, 111.522857666, 54.4479866028, 0.917431175709, -14.1031036377, 17.3293476105], [443.184204102, 78.2351913452, 104.13999176, 204.158782959, 89.1984710693, -0.829692959785, 9.52423191071, -36.6984481812, 54.4479866028, 198.369613647, 63.9814529419, 53.6062202454, 21.3226623535], [866.017822266, 230.036529541, -225.847229004, 153.854370117, 234.210540771, 70.3400421143, 13.4935388565, -89.888671875, 0.917431175709, 63.9814529419, 179.868041992, 48.7441291809, 44.7407684326], [-111.821594238, 66.3095169067, 129.790359497, 34.8270263672, 50.5193481445, 26.3508720398, -19.4637928009, -54.967376709, -14.1031036377, 53.6062202454, 48.7441291809, 111.33506012, 18.7488231659], [238.516220093, 158.119552612, -19.0877189636, 44.9632797241, 101.625587463, 41.1605529785, 17.1008224487, -53.9430809021, 17.3293476105, 21.3226623535, 44.7407684326, 18.7488231659, 81.3547897339]],
        "icov": [[0.00054314173758, -0.00129416934215, 0.00139112677425, -0.00111019134056, 0.00062994484324, -0.000939044344705, 0.000440711941337, -0.00095829606289, 0.000505036150571, -0.0012556805741, 0.00119397649541, -0.000350931630237, 0.000468839833047], [-0.00129416934215, 0.00934530980885, -0.00538518512622, 0.00447420030832, -0.0056739160791, 0.00334455678239, -0.00561824534088, 0.00744763761759, -0.00327006820589, 0.00436465768144, -0.00779323419556, 0.00400547590107, -0.00367532949895], [0.00139112677425, -0.00538518512622, 0.00558890216053, -0.0025049210526, 0.00393099524081, -0.002521247603, 0.00164680904709, -0.00272679980844, 0.00237359246239, -0.00562771363184, 0.00623020064086, -0.00336145679466, 0.00161247490905], [-0.00111019134056, 0.00447420030832, -0.0025049210526, 0.00567921483889, -0.00295465742238, 0.00220087147318, -0.00244056945667, 0.00298345671035, -0.00121837831102, -0.000475286768051, -0.00331144197844, 0.00111646309961, -0.00215113046579], [0.00062994484324, -0.0056739160791, 0.00393099524081, -0.00295465742238, 0.00738926650956, -0.00317577505484, 0.00240092282183, -0.00174929352943, 0.000899177277461, -0.00272158998996, 0.00364955537952, -0.00314942887053, 0.0016884249635], [-0.000939044344705, 0.00334455678239, -0.002521247603, 0.00220087147318, -0.00317577505484, 0.00568434828892, -0.00235649570823, 0.00340755539946, -0.000115258000733, 0.00267036957666, -0.00167881010566, 0.000377048767405, -0.00154833716806], [0.000440711941337, -0.00561824534088, 0.00164680904709, -0.00244056945667, 0.00240092282183, -0.00235649570823, 0.0112266046926, -0.00586563162506, -0.000119954107504, -0.00100319331978, 0.00314660137519, -5.86325004406e-05, 0.00187819031999], [-0.00095829606289, 0.00744763761759, -0.00272679980844, 0.00298345671035, -0.00174929352943, 0.00340755539946, -0.00586563162506, 0.0162834245712, -0.00508096441627, 0.00330368708819, -0.0033168005757, 0.00308900047094, -0.000134640053147], [0.000505036150571, -0.00327006820589, 0.00237359246239, -0.00121837831102, 0.000899177277461, -0.000115258000733, -0.000119954107504, -0.00508096441627, 0.0151561992243, -0.00681478437036, 0.00494054239243, 0.000636163342278, -0.00260936585255], [-0.0012556805741, 0.00436465768144, -0.00562771363184, -0.000475286768051, -0.00272158998996, 0.00267036957666, -0.00100319331978, 0.00330368708819, -0.00681478437036, 0.0158270224929, -0.00750529300421, -0.000306155066937, 9.22204417293e-05], [0.00119397649541, -0.00779323419556, 0.00623020064086, -0.00331144197844, 0.00364955537952, -0.00167881010566, 0.00314660137519, -0.0033168005757, 0.00494054239243, -0.00750529300421, 0.0188081040978, -0.00681320950389, 0.000509438803419], [-0.000350931630237, 0.00400547590107, -0.00336145679466, 0.00111646309961, -0.00314942887053, 0.000377048767405, -5.86325004406e-05, 0.00308900047094, 0.000636163342278, -0.000306155066937, -0.00681320950389, 0.016286291182, -0.00241958140396], [0.000468839833047, -0.00367532949895, 0.00161247490905, -0.00215113046579, 0.0016884249635, -0.00154833716806, 0.00187819031999, -0.000134640053147, -0.00260936585255, 9.22204417293e-05, 0.000509438803419, -0.00241958140396, 0.0186270717531]]
    },
    "melbands": {
        "dmean": [0.000175675144419, 0.000169205086422, 9.8471493402e-05, 7.92634818936e-05, 5.89043993386e-05, 4.40077092208e-05, 7.58631504141e-05, 0.000214340936509, 0.000389296677895, 0.00024204836518, 8.22071961011e-05, 8.53787933011e-05, 3.53445939254e-05, 4.26623482781e-05, 1.76645899046e-05, 1.29340915009e-05, 1.04033151729e-05, 7.83876566857e-06, 6.31628972769e-06, 4.96954362461e-06, 3.18098273056e-06, 3.24678262587e-06, 2.03009676625e-06, 1.97786562239e-06, 1.63869526659e-06, 1.03464662971e-06, 5.51201082999e-07, 3.74890475996e-07, 1.67028488818e-07, 7.41610719501e-08, 3.09323517911e-08, 2.35174919538e-08, 1.32688109389e-08, 1.97802556556e-08, 1.54287818077e-08, 4.53095516662e-09, 2.60590993229e-09, 2.62666177697e-09, 2.11936446171e-09, 1.34642363925e-09],
        "dmean2": [0.000294347497402, 0.000284237990854, 0.000162487223861, 0.000138534858706, 0.000100607394415, 7.05973652657e-05, 0.000123693331261, 0.000299044215353, 0.000557935156394, 0.000366415595636, 0.000130415675812, 0.000143647834193, 5.81776766921e-05, 6.62484089844e-05, 2.88484188786e-05, 2.16930675379e-05, 1.53555647557e-05, 1.2886966033e-05, 1.05049412014e-05, 7.79100628279e-06, 4.95934409628e-06, 5.66166136196e-06, 3.3418334624e-06, 3.13763007398e-06, 2.59698549598e-06, 1.68817371105e-06, 9.06374452825e-07, 6.03701266755e-07, 2.48048934282e-07, 1.23526149309e-07, 4.88935185672e-08, 3.71575055169e-08, 2.19086295772e-08, 3.1054014471e-08, 2.51185294786e-08, 7.52184536879e-09, 4.40991687611e-09, 4.46227188533e-09, 3.64770236239e-09, 2.32345409579e-09],
        "dvar": [3.21373391898e-07, 2.43245750653e-07, 6.04591221531e-08, 2.46875995202e-08, 1.49020493723e-08, 1.18745564492e-08, 2.47754492477e-08, 1.79879336315e-07, 7.92255036686e-07, 1.31537532866e-07, 1.56111230609e-08, 1.46916248056e-08, 2.97449709308e-09, 1.7188526158e-08, 1.52138190934e-09, 1.66141511659e-09, 9.11256181624e-10, 3.35132449569e-10, 3.83650416991e-10, 4.37266139963e-10, 1.16060556998e-10, 2.76521028297e-10, 3.1286410962e-11, 2.42750142904e-11, 3.0286054914e-11, 1.12114154766e-11, 2.94377673279e-12, 7.75772783686e-13, 2.02267632439e-13, 3.54917274227e-14, 5.00125606212e-15, 3.3266308443e-15, 5.2189585644e-16, 3.36085881042e-15, 1.37932782719e-15, 7.0369922306e-17, 2.79375619678e-17, 9.52762180534e-17, 4.92458867484e-17, 9.64034088023e-18],
        "dvar2": [9.54839606493e-07, 6.95501285009e-07, 1.52310164481e-07, 7.12183521046e-08, 4.20772749976e-08, 2.70730904361e-08, 6.02628986712e-08, 3.03265665025e-07, 1.59563944635e-06, 2.89042560553e-07, 3.8448757067e-08, 4.0966828152e-08, 7.75581465717e-09, 3.60954253154e-08, 3.96399268965e-09, 3.87846021965e-09, 1.19306964308e-09, 7.40070282834e-10, 9.09391728587e-10, 9.6328134358e-10, 2.52384585453e-10, 8.17875378534e-10, 8.66811761258e-11, 6.28297205929e-11, 7.03136160407e-11, 2.92991395034e-11, 7.25214549871e-12, 1.99711189426e-12, 4.26570237466e-13, 1.02801786723e-13, 1.25026382883e-14, 8.31016401255e-15, 1.37345524189e-15, 7.03735894293e-15, 3.79396221471e-15, 1.91728170777e-16, 7.69712471106e-17, 2.7973149263e-16, 1.43964975498e-16, 2.7014592186e-17],
        "max": [0.00794897973537, 0.00734507851303, 0.00410007033497, 0.00265420344658, 0.00177674845327, 0.00180790526792, 0.00226319092326, 0.00797147117555, 0.0130562316626, 0.00671915849671, 0.00230471137911, 0.00175834982656, 0.000826464616694, 0.00283737573773, 0.000668968772516, 0.00111364480108, 0.0010631371988, 0.000359565892722, 0.000501298636664, 0.000560865330044, 0.000448803271865, 0.000452618784038, 8.06400566944e-05, 8.98821017472e-05, 0.000140111296787, 0.000105073428131, 3.13106902468e-05, 1.24245125335e-05, 9.43440045376e-06, 3.5318605569e-06, 1.29219642986e-06, 9.5358177532e-07, 4.03596317256e-07, 2.18492277781e-06, 7.23520940937e-07, 1.1168507541e-07, 8.16239236201e-08, 2.64921595772e-07, 1.51053214381e-07, 4.1199655243e-08],
        "mean": [0.000264717993559, 0.000253609527135, 0.000165068457136, 0.000160848750966, 0.000134257847094, 8.37638799567e-05, 0.000119937074487, 0.000653990602586, 0.00110047135968, 0.000597597449087, 0.000208700745134, 0.000153478002176, 6.8183937401e-05, 0.000105106380943, 2.93079574476e-05, 2.08336859941e-05, 2.09862882912e-05, 1.44916775753e-05, 1.06427642095e-05, 1.08306085167e-05, 6.48365949019e-06, 4.6606851356e-06, 2.50333118856e-06, 4.3004051804e-06, 2.88042679131e-06, 1.83577492407e-06, 9.92588752524e-07, 6.85449435878e-07, 5.01110491768e-07, 1.48703620084e-07, 9.57915631261e-08, 6.79522642599e-08, 2.70325362095e-08, 3.67862220685e-08, 2.65061537164e-08, 9.39420718993e-09, 5.06814501477e-09, 4.40722924822e-09, 3.44304429412e-09, 2.02313876763e-09],
        "median": [5.86666828895e-06, 1.45958329085e-05, 4.995346535e-05, 4.70075428893e-05, 1.62108080985e-05, 2.08087913052e-05, 4.73213804071e-05, 8.71107476996e-05, 0.000178581292857, 0.000256403087405, 0.000108529202407, 0.000109922046249, 5.24803108419e-05, 2.32994298131e-05, 1.3294393284e-05, 8.02024806035e-06, 5.10413974553e-06, 3.80752749152e-06, 2.15117870539e-06, 1.30450985125e-06, 8.85868530531e-07, 7.24903770788e-07, 6.09262201579e-07, 3.20733931858e-07, 2.46495631018e-07, 1.67448462207e-07, 1.31094381572e-07, 6.6892980044e-08, 2.64876582889e-08, 1.35559572456e-08, 7.43800665504e-09, 6.02772631808e-09, 6.69020661093e-09, 9.78831415921e-09, 6.67971367108e-09, 2.64866706345e-09, 1.65975788669e-09, 1.36818600893e-09, 1.07873132649e-09, 6.94952040359e-10],
        "min": [1.33247315916e-23, 6.59282612929e-24, 8.54867815946e-24, 9.43028544131e-24, 6.14040098951e-24, 7.15236280278e-24, 6.02973682072e-24, 5.18329301372e-24, 1.6047915724e-23, 1.19376869283e-23, 6.67155286991e-24, 1.04507038435e-23, 6.34346680272e-24, 1.21732194954e-23, 1.45428338035e-23, 7.89940619142e-24, 3.43206203603e-24, 7.75573174361e-24, 1.06360766899e-23, 1.03034045798e-23, 1.11395182533e-23, 1.23630281066e-23, 1.52695103813e-23, 1.30577968385e-23, 6.4364715313e-24, 1.57490762805e-23, 1.8978335194e-23, 1.53917743552e-23, 1.10600491945e-23, 1.25564844107e-23, 9.38603192225e-24, 1.51524118685e-23, 6.59161798882e-24, 8.95002613335e-24, 9.79244596087e-24, 7.43457936935e-24, 1.06997535421e-23, 1.12077704988e-23, 1.17080187532e-23, 8.84734799793e-24],
        "var": [4.56247590819e-07, 3.50390138237e-07, 1.06538877276e-07, 9.99704141691e-08, 6.47573088486e-08, 3.58164484737e-08, 4.57282958166e-08, 1.77083495601e-06, 5.0708076742e-06, 6.56877261918e-07, 8.82061286234e-08, 2.61525148204e-08, 4.80634421152e-09, 9.42055962128e-08, 2.32233254849e-09, 3.14301584758e-09, 5.26583798788e-09, 7.39183547704e-10, 9.86725923191e-10, 2.76829292822e-09, 8.03213773271e-10, 2.16060405678e-10, 3.47248896304e-11, 8.09064551466e-11, 5.33822049065e-11, 2.49891756593e-11, 4.73036497126e-12, 2.18048083929e-12, 1.57182513533e-12, 1.19367393032e-13, 5.18309523176e-14, 2.60129154409e-14, 1.84978887845e-15, 1.046839888e-14, 2.10710330003e-15, 2.00571684437e-16, 5.7921820234e-17, 8.16437124583e-17, 4.29530473727e-17, 1.14188420629e-17]
    },
    "mfcc": {
        "mean": [-785.4296875, 190.691070557, -31.2876472473, -12.3047237396, -23.7901954651, -19.6455307007, -3.52001714706, 8.72811603546, 0.442189365625, 10.2085475922, 1.01297688484, -6.843542099, -3.7892973423],
        "cov": [[12090.1259766, 2507.56982422, -3101.51977539, 865.341796875, 447.167633057, 1083.50878906, 864.182250977, 497.705780029, 6.3447933197, 260.296875, 202.286849976, 262.017150879, 318.694702148], [2507.56982422, 2106.38549805, -532.903442383, -232.172058105, 485.001525879, 615.19708252, 526.684570312, 90.5969009399, -57.857837677, -124.375938416, -16.0325946808, 73.8026351929, 101.827552795], [-3101.51977539, -532.903442383, 1420.64245605, -23.561088562, -116.919181824, -56.8676338196, -222.822128296, -228.029937744, 78.8612976074, -100.330558777, 9.27331447601, 44.2898979187, -129.537994385], [865.341796875, -232.172058105, -23.561088562, 573.421203613, -10.7251901627, 57.0120201111, -43.1870307922, -101.158508301, 44.0002174377, 43.78748703, 98.467048645, 130.453384399, 38.492767334], [447.167633057, 485.001525879, -116.919181824, -10.7251901627, 325.298828125, 260.230895996, 139.447296143, -25.061340332, -55.8805389404, -61.0077972412, 8.65479469299, 56.8872566223, 66.6168746948], [1083.50878906, 615.19708252, -56.8676338196, 57.0120201111, 260.230895996, 508.247894287, 207.290267944, -16.0501346588, -2.40763759613, -80.6335601807, 40.243019104, 114.187385559, 43.6158676147], [864.182250977, 526.684570312, -222.822128296, -43.1870307922, 139.447296143, 207.290267944, 231.658828735, 73.0249786377, -19.2568893433, -30.8145484924, -3.25802636147, 29.3815975189, 21.1532306671], [497.705780029, 90.5969009399, -228.029937744, -101.158508301, -25.061340332, -16.0501346588, 73.0249786377, 179.245010376, 19.9996891022, 31.6921081543, -31.263885498, -59.8168563843, -0.94606089592], [6.3447933197, -57.857837677, 78.8612976074, 44.0002174377, -55.8805389404, -2.40763759613, -19.2568893433, 19.9996891022, 141.767715454, 54.5177612305, 13.8137397766, -10.1988363266, -23.3838253021], [260.296875, -124.375938416, -100.330558777, 43.78748703, -61.0077972412, -80.6335601807, -30.8145484924, 31.6921081543, 54.5177612305, 114.372673035, 30.7297077179, -26.8249778748, -9.63558864594], [202.286849976, -16.0325946808, 9.27331447601, 98.467048645, 8.65479469299, 40.243019104, -3.25802636147, -31.263885498, 13.8137397766, 30.7297077179, 77.2155075073, 52.946269989, 1.32513487339], [262.017150879, 73.8026351929, 44.2898979187, 130.453384399, 56.8872566223, 114.187385559, 29.3815975189, -59.8168563843, -10.1988363266, -26.8249778748, 52.946269989, 133.075164795, 34.2789344788], [318.694702148, 101.827552795, -129.537994385, 38.492767334, 66.6168746948, 43.6158676147, 21.1532306671, -0.94606089592, -23.3838253021, -9.63558864594, 1.32513487339, 34.2789344788, 104.406944275]],
