{
"lowlevel": {
    "average_loudness": 0.834011971951,
    "barkbands_crest": {
        "dmean": 2.25999736786,
        "dmean2": 3.66132473946,
        "dvar": 4.491792202,
        "dvar2": 10.8048915863,
        "max": 25.0744285583,
        "mean": 13.001625061,
        "median": 12.2813339233,
        "min": 4.07598257065,
        "var": 18.8155460358
    },
    "barkbands_flatness_db": {
        "dmean": 0.0300600938499,
        "dmean2": 0.0470273718238,
        "dvar": 0.0010213725036,
        "dvar2": 0.00226034433581,
        "max": 0.491066426039,
        "mean": 0.292203068733,
        "median": 0.296770751476,
        "min": 0.0588400475681,
        "var": 0.00464510079473
    },
    "barkbands_kurtosis": {
        "dmean": 5.49793720245,
        "dmean2": 8.58179759979,
        "dvar": 79.6682357788,
        "dvar2": 178.100463867,
        "max": 168.037277222,
        "mean": 12.1735239029,
        "median": 7.5039806366,
        "min": -1.68389093876,
        "var": 234.59312439
    },
    "barkbands_skewness": {
        "dmean": 0.554692745209,
        "dmean2": 0.895702838898,
        "dvar": 0.370642960072,
        "dvar2": 0.891580581665,
        "max": 9.05469512939,
        "mean": 2.17530918121,
        "median": 2.05013108253,
        "min": -1.87327110767,
        "var": 1.37223732471
    },
    "barkbands_spread": {
        "dmean": 2.13875937462,
        "dmean2": 3.47564482689,
        "dvar": 16.7451400757,
        "dvar2": 37.2378005981,
        "max": 50.8677787781,
        "mean": 6.25985383987,
        "median": 3.85995531082,
        "min": 0.320161491632,
        "var": 46.5803909302
    },
    "dissonance": {
        "dmean": 0.0311984810978,
        "dmean2": 0.0517093501985,
        "dvar": 0.00086660584202,
        "dvar2": 0.00232973555103,
        "max": 0.500000059605,
        "mean": 0.398884832859,
        "median": 0.408139407635,
        "min": 0.200135752559,
        "var": 0.00338105205446
    },
    "dynamic_complexity": 4.83413743973,
    "erbbands_crest": {
        "dmean": 2.60559988022,
        "dmean2": 4.23297405243,
        "dvar": 7.47746276855,
        "dvar2": 18.7410621643,
        "max": 30.2293148041,
        "mean": 13.025686264,
        "median": 11.8578710556,
        "min": 2.98860192299,
        "var": 32.1213226318
    },
    "erbbands_flatness_db": {
        "dmean": 0.0209649857134,
        "dmean2": 0.0317024029791,
        "dvar": 0.000590264156926,
        "dvar2": 0.00130287837237,
        "max": 0.397799760103,
        "mean": 0.263677507639,
        "median": 0.26510605216,
        "min": 0.075711004436,
        "var": 0.00227155885659
    },
    "erbbands_kurtosis": {
        "dmean": 1.62889921665,
        "dmean2": 2.5588157177,
        "dvar": 9.52669620514,
        "dvar2": 23.2215766907,
        "max": 55.1253662109,
        "mean": 2.77237677574,
        "median": 0.847697973251,
        "min": -1.58381700516,
        "var": 30.3045120239
    },
    "erbbands_skewness": {
        "dmean": 0.379678994417,
        "dmean2": 0.590939760208,
        "dvar": 0.191063001752,
        "dvar2": 0.435010254383,
        "max": 6.44028568268,
        "mean": 1.04737079144,
        "median": 0.907825529575,
        "min": -1.71733117104,
        "var": 0.925611793995
    },
    "erbbands_spread": {
        "dmean": 4.85511016846,
        "dmean2": 7.73571968079,
        "dvar": 61.7588577271,
        "dvar2": 142.460098267,
        "max": 84.281036377,
        "mean": 21.8920707703,
        "median": 18.1127529144,
        "min": 2.91924500465,
        "var": 196.737930298
    },
    "hfc": {
        "dmean": 3.09182429314,
        "dmean2": 4.51803827286,
        "dvar": 66.9056472778,
        "dvar2": 139.019668579,
        "max": 201.405181885,
        "mean": 7.36064100266,
        "median": 3.92445898056,
        "min": 1.21302423706e-16,
        "var": 135.678512573
    },
    "melbands_crest": {
        "dmean": 2.67523980141,
        "dmean2": 4.47417449951,
        "dvar": 5.780772686,
        "dvar2": 16.4982280731,
        "max": 30.5479736328,
        "mean": 16.265460968,
        "median": 16.1515254974,
        "min": 2.0927901268,
        "var": 16.8181266785
    },
    "melbands_flatness_db": {
        "dmean": 0.0349886156619,
        "dmean2": 0.0544685162604,
        "dvar": 0.00148645159788,
        "dvar2": 0.00309903081506,
        "max": 0.613201916218,
        "mean": 0.379958301783,
        "median": 0.390544950962,
        "min": 0.00774328690022,
        "var": 0.00786055531353
    },
    "melbands_kurtosis": {
        "dmean": 7.44233608246,
        "dmean2": 11.9432554245,
        "dvar": 116.48815918,
        "dvar2": 295.828948975,
        "max": 163.882446289,
        "mean": 17.428319931,
        "median": 12.224354744,
        "min": -1.3799444437,
        "var": 312.877746582
    },
    "melbands_skewness": {
        "dmean": 0.640119493008,
        "dmean2": 1.04411423206,
        "dvar": 0.429883360863,
        "dvar2": 1.11076104641,
        "max": 9.67349338531,
        "mean": 2.83959937096,
        "median": 2.78465127945,
        "min": -0.490807175636,
        "var": 1.73036360741
    },
    "melbands_spread": {
        "dmean": 2.35096526146,
        "dmean2": 3.72232103348,
        "dvar": 26.9824104309,
        "dvar2": 53.1073226929,
        "max": 125.582015991,
        "mean": 6.93707275391,
        "median": 4.71214056015,
        "min": 0.556725978851,
        "var": 72.5684356689
    },
    "pitch_salience": {
        "dmean": 0.0704566240311,
        "dmean2": 0.117825470865,
        "dvar": 0.00445784069598,
        "dvar2": 0.0122362198308,
        "max": 0.847106516361,
        "mean": 0.462740570307,
        "median": 0.473609745502,
        "min": 0.119282133877,
        "var": 0.013537553139
    },
    "silence_rate_20dB": {
        "dmean": 0,
        "dmean2": 0,
        "dvar": 0,
        "dvar2": 0,
        "max": 1,
        "mean": 1,
        "median": 1,
        "min": 1,
        "var": 0
    },
    "silence_rate_30dB": {
        "dmean": 0.0175257734954,
        "dmean2": 0.0350696220994,
        "dvar": 0.0172186009586,
        "dvar2": 0.0369335226715,
        "max": 1,
        "mean": 0.98093765974,
        "median": 1,
        "min": 0,
        "var": 0.0186992231756
    },
    "silence_rate_60dB": {
        "dmean": 0.0391752570868,
        "dmean2": 0.0778751969337,
        "dvar": 0.0376397557557,
        "dvar2": 0.0831555351615,
        "max": 1,
        "mean": 0.184441015124,
        "median": 0,
        "min": 0,
        "var": 0.150423452258
    },
    "spectral_centroid": {
        "dmean": 117.094429016,
        "dmean2": 182.67678833,
        "dvar": 102929.195312,
        "dvar2": 154087.578125,
        "max": 10829.0078125,
        "mean": 489.188446045,
        "median": 349.725708008,
        "min": 161.56362915,
        "var": 210371.390625
    },
    "spectral_complexity": {
        "dmean": 1.64845359325,
        "dmean2": 2.59412074089,
        "dvar": 7.3115735054,
        "dvar2": 13.8996677399,
        "max": 36,
        "mean": 9.14940738678,
        "median": 8,
        "min": 0,
        "var": 35.9725074768
    },
    "spectral_decrease": {
        "dmean": 2.38064301605e-09,
        "dmean2": 3.67111652189e-09,
        "dvar": 2.11205696708e-17,
        "dvar2": 4.79515409957e-17,
        "max": 6.57379112365e-29,
        "mean": -5.53102141865e-09,
        "median": -3.56052587414e-09,
        "min": -7.61068577049e-08,
        "var": 4.90425425928e-17
    },
    "spectral_energy": {
        "dmean": 0.00924336072057,
        "dmean2": 0.0142269060016,
        "dvar": 0.000318047590554,
        "dvar2": 0.000719455187209,
        "max": 0.292963713408,
        "mean": 0.0215429645032,
        "median": 0.0139816552401,
        "min": 1.0754373861e-20,
        "var": 0.000740801682696
    },
    "spectral_energyband_high": {
        "dmean": 0.000102915721072,
        "dmean2": 0.000155996298417,
        "dvar": 2.40591219836e-07,
        "dvar2": 5.53016604954e-07,
        "max": 0.00750707648695,
        "mean": 0.000104622187791,
        "median": 1.72442287294e-06,
        "min": 7.92276821878e-21,
        "var": 2.62681226104e-07
    },
    "spectral_energyband_low": {
        "dmean": 0.00259375944734,
        "dmean2": 0.0042016338557,
        "dvar": 4.68818507215e-05,
        "dvar2": 0.000106549501652,
        "max": 0.149430245161,
        "mean": 0.00580301089212,
        "median": 0.00260474067181,
        "min": 2.30163358853e-23,
        "var": 9.83412901405e-05
    },
    "spectral_energyband_middle_high": {
        "dmean": 0.000465251359856,
        "dmean2": 0.000608092348557,
        "dvar": 2.252245622e-06,
        "dvar2": 4.23990513809e-06,
        "max": 0.0331755429506,
        "mean": 0.00121635943651,
        "median": 0.000373247079551,
        "min": 1.51410251346e-21,
        "var": 5.71082000533e-06
    },
    "spectral_energyband_middle_low": {
        "dmean": 0.00766403414309,
        "dmean2": 0.0118786804378,
        "dvar": 0.000225505558774,
        "dvar2": 0.00054416997591,
        "max": 0.288501650095,
        "mean": 0.0153514193371,
        "median": 0.00840698834509,
        "min": 2.81736989621e-22,
        "var": 0.000475769076729
    },
    "spectral_entropy": {
        "dmean": 0.288834899664,
        "dmean2": 0.448691785336,
        "dvar": 0.111206486821,
        "dvar2": 0.247326001525,
        "max": 9.78977775574,
        "mean": 6.0543627739,
        "median": 5.99614715576,
        "min": 3.98886418343,
        "var": 0.452670603991
    },
    "spectral_flux": {
        "dmean": 0.0219681952149,
        "dmean2": 0.0358208268881,
        "dvar": 0.00102059112396,
        "dvar2": 0.00262017338537,
        "max": 0.323695659637,
        "mean": 0.0498022772372,
        "median": 0.0358610935509,
        "min": 1.03703295951e-10,
        "var": 0.00208128034137
    },
    "spectral_kurtosis": {
        "dmean": 9.42204761505,
        "dmean2": 15.3722696304,
        "dvar": 105.341110229,
        "dvar2": 279.743835449,
        "max": 134.962493896,
        "mean": 22.5818710327,
        "median": 17.760717392,
        "min": -1.21366226673,
        "var": 335.577606201
    },
    "spectral_rms": {
        "dmean": 0.000819204142317,
        "dmean2": 0.00123183021788,
        "dvar": 1.20217475796e-06,
        "dvar2": 2.63524293587e-06,
        "max": 0.0169061608613,
        "mean": 0.00391489965841,
        "median": 0.00369332358241,
        "min": 3.23914679801e-12,
        "var": 5.69110716242e-06
    },
    "spectral_rolloff": {
        "dmean": 147.601898193,
        "dmean2": 249.890930176,
        "dvar": 285446.5625,
        "dvar2": 439071.0625,
        "max": 18841.5527344,
        "mean": 494.420166016,
        "median": 366.064453125,
        "min": 129.19921875,
        "var": 414399.625
    },
    "spectral_skewness": {
        "dmean": 0.687461137772,
        "dmean2": 1.09756290913,
        "dvar": 0.447348237038,
        "dvar2": 1.06363081932,
        "max": 9.90804481506,
        "mean": 3.29212188721,
        "median": 3.20313262939,
        "min": 0.0359253510833,
        "var": 2.27552199364
    },
    "spectral_spread": {
        "dmean": 407769.15625,
        "dmean2": 601225.125,
        "dvar": 918157656064,
        "dvar2": 1.21119270502e+12,
        "max": 40495248,
        "mean": 2226187.75,
        "median": 2028117.875,
        "min": 607315.25,
        "var": 2.27847752909e+12
    },
    "spectral_strongpeak": {
        "dmean": 0.282954066992,
        "dmean2": 0.474501043558,
        "dvar": 0.175009444356,
        "dvar2": 0.432092010975,
        "max": 6.82652235031,
        "mean": 0.676508903503,
        "median": 0.510319590569,
        "min": 0,
        "var": 0.443246275187
    },
    "zerocrossingrate": {
        "dmean": 0.00403637439013,
        "dmean2": 0.00489716650918,
        "dvar": 0.000163046366652,
        "dvar2": 0.000172771280631,
        "max": 0.51611328125,
        "mean": 0.020199900493,
        "median": 0.015625,
        "min": 0.00390625,
        "var": 0.000328570546117
    },
    "barkbands": {
        "dmean": [1.9176970909e-06, 0.000706437742338, 0.00171800039243, 0.00208442425355, 0.00499690789729, 0.000312803080305, 0.000618635152932, 0.000662862905301, 3.44598156516e-05, 5.3657378885e-05, 9.70975961536e-05, 3.26624431182e-05, 5.98923033976e-05, 3.66743333871e-05, 7.43501077523e-05, 4.30698601122e-05, 5.64112378925e-05, 7.16827125871e-05, 8.26725954539e-05, 4.24310055678e-05, 2.78667466773e-05, 4.99700799992e-05, 4.94896903547e-06, 2.62051025857e-06, 1.76659693807e-06, 3.9089513848e-07, 4.5367425372e-08],
        "dmean2": [3.39684356732e-06, 0.0011227435898, 0.00278807245195, 0.00370011525229, 0.00750235142186, 0.000474311324069, 0.000950023590121, 0.00102268613409, 5.60676780879e-05, 6.63598693791e-05, 0.000156649082783, 4.69857513963e-05, 8.29823839013e-05, 4.7717421694e-05, 9.83019635896e-05, 6.5180232923e-05, 7.92425416876e-05, 0.000101972393168, 0.000121020086226, 6.42987870378e-05, 4.44515899289e-05, 7.88841425674e-05, 7.7250351751e-06, 4.1055031943e-06, 3.09443385049e-06, 7.06875596279e-07, 8.98294629792e-08],
        "dvar": [2.45168434165e-11, 3.10014729621e-06, 2.72381366813e-05, 1.75827808562e-05, 0.000116790433822, 3.95276117615e-07, 8.63756577019e-06, 1.26902323245e-05, 8.26776336282e-09, 7.57084919201e-08, 5.48969616432e-08, 5.0587192213e-09, 2.48855087648e-08, 1.95736209463e-08, 7.51847295533e-08, 3.39829853147e-08, 3.40316290703e-08, 1.05307705667e-07, 1.87958463016e-07, 2.96622193474e-08, 1.46661935929e-08, 7.79652822303e-08, 7.45099260069e-10, 2.02131894556e-10, 1.43952613718e-10, 9.47294239578e-12, 1.25913071202e-12],
        "dvar2": [6.88452975184e-11, 6.62182583255e-06, 6.33734089206e-05, 6.1388258473e-05, 0.000247849849984, 8.25834774787e-07, 1.68499045685e-05, 3.02466141875e-05, 2.05757224592e-08, 1.08155674639e-07, 1.4363000389e-07, 9.87607506886e-09, 4.67667184978e-08, 3.38647616616e-08, 1.322832901e-07, 8.16588681118e-08, 6.57761560774e-08, 2.01378838938e-07, 3.80864378258e-07, 6.9432665839e-08, 3.37717409593e-08, 1.87854567457e-07, 1.7149334175e-09, 4.6234005513e-10, 4.01328803523e-10, 2.2097967553e-11, 3.78219244118e-12],
        "max": [0.000114150017907, 0.0378885231912, 0.110234633088, 0.0446009747684, 0.243367522955, 0.0173811726272, 0.102668337524, 0.0956567525864, 0.00174892204814, 0.00955030694604, 0.0039084800519, 0.0016283353325, 0.00263379048556, 0.00390825886279, 0.00660523679107, 0.0036176207941, 0.00318647874519, 0.00886636320502, 0.00961277540773, 0.00305276317522, 0.00169846008066, 0.00478496775031, 0.000506370910443, 0.000304795335978, 0.000254880666034, 7.55677610869e-05, 3.51368653355e-05],
        "mean": [2.01737407224e-06, 0.00149559276178, 0.00338894524612, 0.00334010319784, 0.00820737052709, 0.000960697361734, 0.00149701104965, 0.00126162124798, 5.76805614401e-05, 0.000148476232425, 0.000181478753802, 9.2967391538e-05, 0.000132992470753, 8.89754519449e-05, 0.000171699823113, 7.04498961568e-05, 9.35671996558e-05, 0.000109444597911, 0.000110649511043, 5.0780170568e-05, 2.882328954e-05, 4.27804516221e-05, 4.84929023514e-06, 2.43810131906e-06, 1.26744612317e-06, 2.99972072071e-07, 2.4688285194e-08],
        "median": [1.00132547232e-06, 0.000277617014945, 0.000924779684283, 0.00131834694184, 0.00268364837393, 0.000311648880597, 0.000363960687537, 0.000458311405964, 1.99008954951e-05, 2.61432851403e-05, 5.38698441233e-05, 3.06154615828e-05, 3.20406834362e-05, 9.62911144597e-06, 1.71379779204e-05, 7.51045308789e-06, 6.4613241193e-06, 4.52981430499e-06, 2.45576711677e-06, 1.2355136505e-06, 5.32456681412e-07, 3.93358050133e-07, 9.17055942296e-08, 5.69718672239e-08, 4.04272348931e-08, 1.6302870165e-08, 4.44997622084e-10],
        "min": [2.6048078622e-24, 7.35971489172e-24, 3.33101289838e-24, 4.50809205547e-23, 6.091355456e-23, 2.07872058714e-23, 4.54276596324e-23, 2.6245638975e-23, 5.37596337569e-23, 4.83148589911e-23, 4.0844690162e-23, 3.39644756941e-23, 9.40107376422e-23, 1.74799560668e-22, 2.11597750951e-22, 1.25271869056e-22, 1.85327344899e-22, 1.96545313003e-22, 2.48538415825e-22, 3.92277909947e-22, 2.88731043029e-22, 5.17451909763e-22, 7.48215156313e-22, 8.44327697086e-22, 1.25389140487e-21, 1.86004566209e-21, 2.35323130164e-21],
        "var": [1.99089217334e-11, 7.76346587372e-06, 5.48729840375e-05, 2.64736881945e-05, 0.00025114233722, 2.89931404041e-06, 2.24436571443e-05, 1.71598985617e-05, 1.21192318403e-08, 2.42102544235e-07, 1.13448116679e-07, 2.59757868548e-08, 7.40600256677e-08, 7.35535934382e-08, 2.65232017682e-07, 4.78785047164e-08, 7.27143643076e-08, 1.86346071018e-07, 2.75340255484e-07, 3.75351554283e-08, 1.66889417841e-08, 7.18810966305e-08, 7.9576006895e-10, 2.12105444319e-10, 9.53849707552e-11, 8.43303465253e-12, 6.40921831666e-13]
    },
    "erbbands": {
        "dmean": [0.00385392503813, 0.233661770821, 1.77820301056, 3.71800851822, 21.7923107147, 9.05343151093, 4.12590837479, 2.99247050285, 4.12796068192, 19.6952075958, 8.61555290222, 1.1658860445, 0.914390087128, 2.13322067261, 4.3752245903, 1.60034883022, 2.66006278992, 2.43589687347, 3.05215811729, 2.81797027588, 2.73200559616, 3.28601193428, 3.35168766975, 3.87041807175, 4.06505250931, 2.28802537918, 1.29441523552, 1.14082407951, 1.81811964512, 0.677796185017, 0.150997981429, 0.0672209262848, 0.0413905754685, 0.0222801119089, 0.010566114448, 0.00253503513522, 0.000632863724604, 0.000143179146107, 7.78631510912e-06, 1.03689772004e-05],
        "dmean2": [0.00611182814464, 0.372405767441, 2.84044790268, 6.36503887177, 33.8713531494, 13.3143100739, 6.65061092377, 4.4062833786, 5.95264863968, 32.8309745789, 11.8132219315, 1.71505641937, 1.26106059551, 2.7446205616, 6.98273229599, 2.24099421501, 3.66305088997, 3.14883255959, 4.35639381409, 3.59679818153, 4.10784626007, 4.59361553192, 4.67462968826, 5.70060586929, 5.87193870544, 3.53996324539, 2.01469659805, 1.84203124046, 2.85999774933, 1.1008669138, 0.236537158489, 0.103823266923, 0.0660987868905, 0.0386508814991, 0.0185975804925, 0.00442028976977, 0.00111773691606, 0.000266825751169, 1.29004201881e-05, 1.58472776093e-05],
        "dvar": [8.2534388639e-05, 0.339698761702, 26.3961753845, 47.1028938293, 2323.47875977, 422.243469238, 107.566162109, 46.0676498413, 185.365997314, 13227.6191406, 752.448974609, 7.00154876709, 5.33331155777, 114.716247559, 118.31628418, 11.9367446899, 49.6160049438, 81.8636322021, 164.781494141, 99.8793334961, 138.162307739, 119.650306702, 166.947723389, 331.607879639, 551.521972656, 106.031700134, 33.4217033386, 33.250038147, 101.402565002, 17.2714385986, 0.733285307884, 0.143837571144, 0.0476344041526, 0.0183851718903, 0.00601042481139, 0.000346240762156, 2.1428857508e-05, 4.84835936732e-06, 4.03602218313e-09, 3.92395477222e-10],
        "dvar2": [0.000173904569237, 0.7093501091, 57.6974525452, 141.657180786, 5766.0703125, 908.35736084, 269.05682373, 86.5078048706, 335.054870605, 31776.1015625, 1580.89367676, 14.7091302872, 9.56225395203, 169.522994995, 302.811157227, 21.3909606934, 91.6829528809, 138.692382812, 355.947631836, 139.096496582, 348.581085205, 246.188430786, 318.092498779, 652.600585938, 1163.81018066, 257.630462646, 76.0805130005, 76.5643615723, 239.66293335, 43.3269729614, 1.76507949829, 0.325264036655, 0.115449965, 0.0505993813276, 0.016382176429, 0.000829293974675, 5.65361260669e-05, 1.40849060699e-05, 1.17105702913e-08, 8.77394212839e-10],
        "max": [0.16878247261, 13.7653112411, 125.257530212, 89.7429351807, 1015.13397217, 353.77154541, 181.231872559, 215.594894409, 565.096984863, 3189.71899414, 640.854980469, 38.0892715454, 46.4572410583, 379.336914062, 160.726043701, 83.3113174438, 120.863639832, 250.223907471, 292.122161865, 227.558166504, 244.938751221, 190.469100952, 359.574768066, 349.641937256, 551.307922363, 219.498336792, 90.3569259644, 110.068031311, 184.192062378, 82.5680389404, 13.5576200485, 8.82786846161, 3.60142922401, 2.42422580719, 1.76108968258, 0.449084162712, 0.106997095048, 0.0700777471066, 0.00207281461917, 0.000320600083796],
        "mean": [0.0102339088917, 0.48194861412, 3.29799246788, 7.55693531036, 33.6684112549, 15.702334404, 7.09307193756, 10.3618011475, 13.6767272949, 34.4919204712, 21.3341464996, 2.74010014534, 2.51626181602, 5.54883480072, 8.46676254272, 5.12832069397, 6.31237030029, 6.13465356827, 6.26352787018, 6.8711271286, 4.61671876907, 5.62086343765, 5.63716554642, 5.83062314987, 4.86618947983, 2.66583943367, 1.41356289387, 1.14089751244, 1.60730612278, 0.573892235756, 0.14354801178, 0.0672141984105, 0.0354236252606, 0.0170161668211, 0.00746574066579, 0.00192995287944, 0.000445388926892, 9.00133964024e-05, 1.25893247969e-05, 2.41432626353e-05],
        "median": [0.00264336541295, 0.128094092011, 1.23267030716, 4.06348991394, 8.15804100037, 5.41549396515, 3.57535552979, 2.40839576721, 4.34967851639, 9.97080230713, 7.12360286713, 1.21239840984, 0.945337057114, 1.26545202732, 2.5343401432, 1.85180544853, 1.70810925961, 0.945227563381, 0.82367169857, 0.605387926102, 0.516848742962, 0.429886311293, 0.313303470612, 0.173480689526, 0.10219116509, 0.0589944347739, 0.0277522429824, 0.0174978524446, 0.0151532264426, 0.00671042921022, 0.00247817975469, 0.00142970925663, 0.000898085243534, 0.000513058505021, 0.000272599339951, 0.00011954215006, 2.13917392102e-05, 2.41303655457e-06, 6.65765037411e-06, 1.55732213898e-05],
        "min": [1.06579172507e-22, 1.83727174001e-21, 5.15838513769e-21, 6.82169776565e-20, 2.43203585348e-19, 1.58990666554e-19, 1.71894115423e-19, 1.74213594484e-19, 3.94583712053e-19, 8.09651569698e-19, 6.6870294015e-19, 1.56183414595e-18, 1.59954520668e-18, 1.8182408005e-18, 1.2497445877e-18, 1.62285195102e-18, 4.67681797201e-18, 7.9764066939e-18, 7.33607956428e-18, 1.0918730319e-17, 7.88972147442e-18, 9.56593019387e-18, 1.05915183481e-17, 8.13262554284e-18, 1.64276001701e-17, 1.85483738011e-17, 1.42110274437e-17, 1.34302781333e-17, 1.78641912098e-17, 1.99442295042e-17, 2.20262215993e-17, 1.90597170034e-17, 1.26855583289e-17, 1.21137300258e-17, 9.98285155647e-18, 6.3162638899e-18, 3.70689121474e-18, 1.4504403178e-18, 3.26401747401e-19, 3.51459219504e-20],
        "var": [0.000297954451526, 0.784622430801, 51.7384033203, 102.055229187, 4543.54736328, 830.721191406, 137.385055542, 448.976531982, 2080.29345703, 19409.4785156, 1777.32299805, 17.9476566315, 18.9967212677, 347.130706787, 261.882080078, 74.7665176392, 159.065063477, 301.237854004, 471.214019775, 372.733337402, 173.490921021, 245.157928467, 352.111877441, 551.157775879, 687.246765137, 118.944274902, 38.9248962402, 35.4003868103, 99.4242019653, 14.5558414459, 0.715291798115, 0.160601049662, 0.0441892966628, 0.0128619121388, 0.00410777889192, 0.000297337392112, 1.56657406478e-05, 2.73704881693e-06, 2.52666265688e-09, 9.29431087648e-10]
    },
    "gfcc": {
        "mean": [-152.569152832, 181.687179565, -103.334884644, 20.4192523956, -46.4899749756, -11.5671653748, -35.2095832825, -11.9959154129, -19.0415058136, -12.4860744476, -9.81196689606, -16.4716777802, -14.5111703873],
        "cov": [[9277.34179688, -235.827377319, -3062.18041992, 1167.35961914, 222.918991089, -205.454620361, 223.730239868, -181.183120728, 170.741638184, -217.935836792, 179.691650391, -232.592071533, 245.647109985], [-235.827377319, 1093.94384766, 161.840682983, -434.865325928, 346.604797363, 6.92932462692, 125.562026978, -70.0885391235, 62.6201057434, -161.874176025, 98.8936157227, -95.4842147827, 95.5969619751], [-3062.18041992, 161.840682983, 1632.13220215, -333.680145264, -88.1614227295, 157.926422119, 1.01356303692, 85.0250778198, -71.146697998, 92.3646316528, -97.7826156616, 69.1730957031, -140.345123291], [1167.35961914, -434.865325928, -333.680145264, 547.640991211, -35.7094497681, -21.2749042511, 65.1751785278, 13.47914505, 2.43623447418, 25.6946372986, -5.6927857399, -3.70964550972, 0.636979937553], [222.918991089, 346.604797363, -88.1614227295, -35.7094497681, 300.199859619, 20.9054889679, 62.6559143066, -21.3566303253, 17.634601593, -75.3661804199, 28.7491264343, -31.3171310425, 36.4448776245], [-205.454620361, 6.92932462692, 157.926422119, -21.2749042511, 20.9054889679, 140.516784668, 23.0497951508, 9.45911407471, -3.35757541656, 24.1026363373, -13.3481349945, 15.1536645889, -9.22548103333], [223.730239868, 125.562026978, 1.01356303692, 65.1751785278, 62.6559143066, 23.0497951508, 136.812347412, 20.7188816071, 16.1944236755, -9.01052379608, 31.6007022858, 0.0782430097461, 28.4168758392], [-181.183120728, -70.0885391235, 85.0250778198, 13.47914505, -21.3566303253, 9.45911407471, 20.7188816071, 101.281494141, 24.2080631256, 50.8465843201, 19.0309238434, 50.4200935364, -8.44926738739], [170.741638184, 62.6201057434, -71.146697998, 2.43623447418, 17.634601593, -3.35757541656, 16.1944236755, 24.2080631256, 94.2613143921, 40.5800285339, 30.7090339661, -16.8541755676, 2.43195104599], [-217.935836792, -161.874176025, 92.3646316528, 25.6946372986, -75.3661804199, 24.1026363373, -9.01052379608, 50.8465843201, 40.5800285339, 146.127502441, 29.8410015106, 40.5435447693, -29.8573493958], [179.691650391, 98.8936157227, -97.7826156616, -5.6927857399, 28.7491264343, -13.3481349945, 31.6007022858, 19.0309238434, 30.7090339661, 29.8410015106, 111.184257507, 38.1088752747, 40.4333152771], [-232.592071533, -95.4842147827, 69.1730957031, -3.70964550972, -31.3171310425, 15.1536645889, 0.0782430097461, 50.4200935364, -16.8541755676, 40.5435447693, 38.1088752747, 136.055953979, 33.8048553467], [245.647109985, 95.5969619751, -140.345123291, 0.636979937553, 36.4448776245, -9.22548103333, 28.4168758392, -8.44926738739, 2.43195104599, -29.8573493958, 40.4333152771, 33.8048553467, 94.1219558716]],
        "icov": [[0.000426086568041, -0.000505820091348, 0.000782137096394, -0.000813335529529, 0.000381096004276, -0.000354685558705, -8.42063527671e-05, 1.32925688376e-05, 1.44586374518e-05, 3.04312852677e-05, 0.000160941854119, -7.17374568922e-05, 0.000383654230973], [-0.000505820091348, 0.00847650133073, -0.00259132240899, 0.00622351234779, -0.00495852390304, 0.00157577847131, -0.00500079290941, 0.00307489000261, -0.00509352236986, 0.00548740522936, -0.00640137400478, 0.00474177021533, -0.00441576261073], [0.000782137096394, -0.00259132240899, 0.00294099422172, -0.00176924443804, 0.00177724834066, -0.00153583672363, -1.68616043084e-05, -0.00108600081876, 0.00197554053739, -0.00164724944625, 0.00247233989649, -0.00175771745853, 0.00305246934295], [-0.000813335529529, 0.00622351234779, -0.00176924443804, 0.00774608785287, -0.00336347590201, 0.00165923580062, -0.00537249492481, 0.00184018770233, -0.00252150162123, 0.00250279949978, -0.00317369075492, 0.00289016030729, -0.00245221494697], [0.000381096004276, -0.00495852390304, 0.00177724834066, -0.00336347590201, 0.00776326563209, -0.00227833911777, 0.00131885183509, -0.00157227297314, 0.00154826871585, -0.000140103962622, 0.00218953797594, -0.00225972407497, 0.00273234816268], [-0.000354685558705, 0.00157577847131, -0.00153583672363, 0.00165923580062, -0.00227833911777, 0.0095413736999, -0.00255818432197, 0.00157100264914, -0.000492932857014, -0.00182060443331, 0.00131342047825, -0.000425108795753, -0.00122165004723], [-8.42063527671e-05, -0.00500079290941, -1.68616043084e-05, -0.00537249492481, 0.00131885183509, -0.00255818432197, 0.014880977571, -0.00516805704683, 0.00265442463569, -0.00195494689979, 0.000644430168904, -0.000246094044996, -0.00128518277779], [1.32925688376e-05, 0.00307489000261, -0.00108600081876, 0.00184018770233, -0.00157227297314, 0.00157100264914, -0.00516805704683, 0.0179332308471, -0.00691831018776, 0.000369016779587, -0.00173048803117, -0.00540680624545, 0.00212451256812], [1.44586374518e-05, -0.00509352236986, 0.00197554053739, -0.00252150162123, 0.00154826871585, -0.000492932857014, 0.00265442463569, -0.00691831018776, 0.020844405517, -0.00995206367224, 0.00171547359787, 0.00331735354848, 0.000404138438171], [3.04312852677e-05, 0.00548740522936, -0.00164724944625, 0.00250279949978, -0.000140103962622, -0.00182060443331, -0.00195494689979, 0.000369016779587, -0.00995206367224, 0.0186800491065, -0.00909659918398, -2.17782726395e-05, 0.00247158925049], [0.000160941854119, -0.00640137400478, 0.00247233989649, -0.00317369075492, 0.00218953797594, 0.00131342047825, 0.000644430168904, -0.00173048803117, 0.00171547359787, -0.00909659918398, 0.0208151601255, -0.00734149012715, -0.000514388957527], [-7.17374568922e-05, 0.00474177021533, -0.00175771745853, 0.00289016030729, -0.00225972407497, -0.000425108795753, -0.000246094044996, -0.00540680624545, 0.00331735354848, -2.17782726395e-05, -0.00734149012715, 0.018087008968, -0.0102820582688], [0.000383654230973, -0.00441576261073, 0.00305246934295, -0.00245221494697, 0.00273234816268, -0.00122165004723, -0.00128518277779, 0.00212451256812, 0.000404138438171, 0.00247158925049, -0.000514388957527, -0.0102820582688, 0.0227647870779]]
    },
    "melbands": {
        "dmean": [0.00010590567399, 0.000721626158338, 0.00124449888244, 0.00121258001309, 0.000177771828021, 6.27872577752e-05, 7.38781673135e-05, 0.000204116848181, 5.54333128093e-05, 4.72111287309e-06, 4.60023284177e-06, 8.7067082859e-06, 1.35666223287e-05, 5.73177067054e-06, 4.24505651608e-06, 6.8288481998e-06, 4.01260649596e-06, 4.58942486148e-06, 4.68493317385e-06, 2.99987095786e-06, 3.21608263221e-06, 3.52076995114e-06, 3.3102130601e-06, 3.55247993866e-06, 2.9574000564e-06, 3.83701353712e-06, 1.78099230652e-06, 1.41760665429e-06, 8.84684141056e-07, 6.58472004034e-07, 7.16789656963e-07, 1.07709877284e-06, 9.11236895718e-07, 1.72814168309e-07, 8.46957775025e-08, 5.39912186071e-08, 3.91942798217e-08, 3.09541832166e-08, 2.28879084574e-08, 1.74463163916e-08],
        "dmean2": [0.00016804333427, 0.00115665083285, 0.00204837066121, 0.00183376751374, 0.000280741631286, 9.40451063798e-05, 0.000107439875137, 0.000339992926456, 7.36696238164e-05, 7.48424463382e-06, 6.2950280153e-06, 1.10686205517e-05, 2.17702781811e-05, 8.45571230457e-06, 5.9882208916e-06, 9.13834173843e-06, 5.27640031578e-06, 6.63015498503e-06, 6.01774536335e-06, 4.0941986299e-06, 4.95107951792e-06, 5.16339923706e-06, 4.48862056146e-06, 5.31318710273e-06, 4.43288081442e-06, 5.52879419047e-06, 2.74717808679e-06, 2.20732431444e-06, 1.36916185056e-06, 1.06130346467e-06, 1.16965804864e-06, 1.71844067154e-06, 1.4973765019e-06, 2.85159785562e-07, 1.36373657256e-07, 8.53517008181e-08, 6.07507502082e-08, 5.0104642213e-08, 3.84185447899e-08, 3.0701375664e-08],
        "dvar": [6.82079246417e-08, 3.98547945224e-06, 6.00796420258e-06, 7.07581193637e-06, 2.1564534336e-07, 1.84587580776e-08, 7.21292821027e-08, 1.4535006585e-06, 2.44149909179e-08, 1.45155470976e-10, 1.38331790467e-10, 2.18038254118e-09, 1.0304126441e-09, 1.77519221545e-10, 1.03894531867e-10, 4.61051724576e-10, 2.19941814761e-10, 3.93420712674e-10, 3.21092152866e-10, 1.17294063351e-10, 2.10273645718e-10, 1.43804218533e-10, 1.45235351523e-10, 3.6406794246e-10, 1.89804533202e-10, 6.15658579672e-10, 5.25196240664e-11, 4.34694641394e-11, 1.84590173008e-11, 8.16380036489e-12, 1.9679766497e-11, 4.14355806611e-11, 3.57856314026e-11, 1.05803972354e-12, 2.58769758009e-13, 1.00596953185e-13, 5.86007750571e-14, 2.9172702394e-14, 1.68366365229e-14, 1.22263674811e-14],
        "dvar2": [1.4624350797e-07, 8.64991761773e-06, 1.77871934284e-05, 1.54686058522e-05, 5.17407045209e-07, 3.59542049466e-08, 1.26936114953e-07, 3.53882046511e-06, 4.50136532493e-08, 3.65020097481e-10, 2.40421987874e-10, 3.17304782449e-09, 2.70058087004e-09, 3.73497927031e-10, 1.95930549562e-10, 8.41225589188e-10, 3.77122527651e-10, 8.60549353998e-10, 4.50588011347e-10, 1.90368804054e-10, 5.43021738686e-10, 3.10796471892e-10, 1.98702360121e-10, 7.45531913982e-10, 3.76382369716e-10, 1.27635446656e-09, 1.2366951907e-10, 1.04487155039e-10, 4.1273841983e-11, 1.80107959796e-11, 4.63695609687e-11, 9.64930219061e-11, 9.22801141057e-11, 2.58310343601e-12, 6.25859390355e-13, 2.50172170306e-13, 1.2639597756e-13, 7.25435201276e-14, 4.35437073226e-14, 3.45540246806e-14],
        "max": [0.00525561580434, 0.048469979316, 0.0385327413678, 0.0599072165787, 0.00775133352727, 0.00417535752058, 0.00861215125769, 0.030382078141, 0.00330227171071, 0.000225937896175, 0.000241698726313, 0.00165086507332, 0.000519666122273, 0.00022958793852, 0.000225141673582, 0.000534443068318, 0.000398278963985, 0.000510118436068, 0.000612002681009, 0.000302561587887, 0.000312381569529, 0.000222523216507, 0.000310364441248, 0.000638086115941, 0.000280041800579, 0.000677484262269, 0.000124337399029, 0.000135311987833, 7.35387729947e-05, 7.03174955561e-05, 0.00010202753765, 0.000115635186376, 0.000122203520732, 1.92373572645e-05, 1.01835530586e-05, 4.7976359383e-06, 7.39330926081e-06, 3.05510275211e-06, 2.10680400414e-06, 2.04517368729e-06],
        "mean": [0.000242476875428, 0.0013968864223, 0.00220093713142, 0.00197270512581, 0.000297421502182, 0.000208411947824, 0.000231236481341, 0.000354485557182, 0.000141428259667, 9.03666477825e-06, 1.26405666379e-05, 2.2226568035e-05, 2.56481580436e-05, 1.5689576685e-05, 1.09771717689e-05, 1.57961494551e-05, 9.67630694504e-06, 8.86530688149e-06, 1.11470899355e-05, 6.22260176897e-06, 4.95099311593e-06, 5.67408596908e-06, 5.6836697695e-06, 5.09165238327e-06, 4.47560432804e-06, 4.64203958472e-06, 1.96127894014e-06, 1.63556842381e-06, 9.43402312714e-07, 6.78925289321e-07, 6.74184605032e-07, 9.64944774751e-07, 7.39618826628e-07, 1.56151926944e-07, 8.06676894172e-08, 5.16246032589e-08, 3.82255258558e-08, 2.61227945941e-08, 1.82990724795e-08, 1.27842536557e-08],
        "median": [4.48801474704e-05, 0.000574212754145, 0.0010757453274, 0.00064368598396, 0.000130676737172, 5.24560527992e-05, 7.12088076398e-05, 0.000117940602649, 4.22808152507e-05, 3.85670728065e-06, 4.38675306214e-06, 3.53001541953e-06, 7.81125072535e-06, 4.8159608923e-06, 3.23802009916e-06, 3.74221031052e-06, 1.21310915802e-06, 9.93955723061e-07, 1.00973159078e-06, 6.10737060924e-07, 5.02964667248e-07, 3.99745403001e-07, 2.98287943679e-07, 2.03754069616e-07, 1.18372611269e-07, 7.90681795593e-08, 5.58215873525e-08, 3.07425658264e-08, 1.61448738822e-08, 1.16937011185e-08, 8.88406770372e-09, 8.55349746587e-09, 6.13409278927e-09, 2.36078534499e-09, 1.39834455126e-09, 1.02858266349e-09, 7.7374523455e-10, 6.47450149049e-10, 5.03635688709e-10, 3.9192982193e-10],
        "min": [1.44739311421e-24, 2.62316524711e-24, 1.96795615413e-23, 1.31623161753e-23, 7.07559480379e-24, 3.82618719947e-24, 7.3595579084e-24, 8.14028092452e-24, 5.88021533588e-24, 9.28661493781e-24, 7.23270907484e-24, 6.74544389318e-24, 4.54917585253e-24, 4.09897451164e-24, 6.26828007542e-24, 1.12040249872e-23, 1.57943632073e-23, 1.05861930705e-23, 1.91546740053e-23, 1.03169879757e-23, 9.35719116755e-24, 9.3545429615e-24, 1.29876347607e-23, 7.83824107227e-24, 5.94531608208e-24, 9.33509990676e-24, 1.33901186943e-23, 1.23132399395e-23, 1.06623978228e-23, 4.97707609562e-24, 8.99270745263e-24, 9.09468586843e-24, 1.27428882983e-23, 9.87092815461e-24, 1.17045075333e-23, 1.46150003768e-23, 9.97475644923e-24, 8.18106108902e-24, 9.80021860737e-24, 1.0570843415e-23],
        "var": [1.95173370798e-07, 7.82317511039e-06, 1.08412941699e-05, 1.4859156181e-05, 2.96653297482e-07, 1.65387120887e-07, 5.41186636838e-07, 2.0629086066e-06, 7.34356788712e-08, 2.21944018719e-10, 5.10952669064e-10, 6.6693206513e-09, 2.1541977091e-09, 7.04174107913e-10, 4.53047849236e-10, 1.19655940711e-09, 8.10426947773e-10, 1.24347021568e-09, 1.07894726487e-09, 3.32091243394e-10, 2.35815783567e-10, 2.66904276458e-10, 4.25259605308e-10, 5.26545196333e-10, 3.20293319644e-10, 7.89733889395e-10, 5.91997423305e-11, 5.08359257467e-11, 2.15801855552e-11, 1.02621834641e-11, 1.88255314115e-11, 4.10420551711e-11, 2.85987518389e-11, 9.5416903545e-13, 2.48466801604e-13, 9.57771120985e-14, 6.67005377797e-14, 2.56747629477e-14, 1.34248428685e-14, 8.06778722876e-15]
    },
    "mfcc": {
        "mean": [-798.693237305, 203.156646729, 9.41109085083, 31.5056591034, 8.30268573761, 1.10631835461, -5.01090669632, -4.9713511467, -9.45650482178, -8.66299819946, 0.083067573607, 0.49856108427, 0.200586616993],
        "cov": [[10538.8466797, -892.272338867, -3186.15869141, 1143.8951416, -433.371948242, 252.750671387, -97.5470504761, 117.847862244, 11.8336963654, 80.9942321777, 53.6381454468, -252.844772339, -121.874702454], [-892.272338867, 1449.00439453, 75.7092971802, -368.162231445, 237.536727905, -11.6384305954, 142.094650269, 61.3728904724, 38.4603042603, -44.4593009949, -28.5064849854, 45.8142776489, 34.3133811951], [-3186.15869141, 75.7092971802, 1461.97033691, -264.568939209, 76.0492477417, -18.0356140137, 62.1179161072, -13.1631755829, 21.9002399445, 8.63484477997, 10.9843578339, 127.725784302, 68.014289856], [1143.8951416, -368.162231445, -264.568939209, 424.3331604, -67.6313018799, 50.5063438416, 28.7825107574, 33.1622276306, 13.0602064133, 31.517118454, 26.244430542, -16.3662796021, -7.79197978973], [-433.371948242, 237.536727905, 76.0492477417, -67.6313018799, 180.219161987, 22.8173274994, 38.029750824, 24.6243419647, 10.022646904, -4.46077775955, -0.0507320314646, 20.6096477509, -3.40460276604], [252.750671387, -11.6384305954, -18.0356140137, 50.5063438416, 22.8173274994, 139.434951782, 46.1977767944, 11.9092283249, 28.4516124725, 18.5223293304, 12.4963750839, 1.47584235668, -1.65689826012], [-97.5470504761, 142.094650269, 62.1179161072, 28.7825107574, 38.029750824, 46.1977767944, 138.35369873, 59.791431427, 18.8316802979, -7.72314739227, -13.5368785858, 9.08145904541, 27.9559364319], [117.847862244, 61.3728904724, -13.1631755829, 33.1622276306, 24.6243419647, 11.9092283249, 59.791431427, 99.6380691528, 28.4531993866, -21.6826152802, -19.2935943604, -0.885380923748, 22.370098114], [11.8336963654, 38.4603042603, 21.9002399445, 13.0602064133, 10.022646904, 28.4516124725, 18.8316802979, 28.4531993866, 70.1707992554, 22.6182479858, -2.13930487633, -0.834177672863, 10.8423185349], [80.9942321777, -44.4593009949, 8.63484477997, 31.517118454, -4.46077775955, 18.5223293304, -7.72314739227, -21.6826152802, 22.6182479858, 100.927650452, 57.1633071899, -0.170740276575, -9.70659828186], [53.6381454468, -28.5064849854, 10.9843578339, 26.244430542, -0.0507320314646, 12.4963750839, -13.5368785858, -19.2935943604, -2.13930487633, 57.1633071899, 97.1989593506, 27.2678146362, -7.78116607666], [-252.844772339, 45.8142776489, 127.725784302, -16.3662796021, 20.6096477509, 1.47584235668, 9.08145904541, -0.885380923748, -0.834177672863, -0.170740276575, 27.2678146362, 76.9683685303, 33.1999855042], [-121.874702454, 34.3133811951, 68.014289856, -7.79197978973, -3.40460276604, -1.65689826012, 27.9559364319, 22.370098114, 10.8423185349, -9.70659828186, -7.78116607666, 33.1999855042, 101.703643799]],
