{
"lowlevel": {
    "average_loudness": 0.979571700096,
    "barkbands_crest": {
        "dmean": 3.14405798912,
        "dmean2": 5.37925100327,
        "dvar": 7.32534170151,
        "dvar2": 19.1654262543,
        "max": 22.3859138489,
        "mean": 8.28932380676,
        "median": 7.59664726257,
        "min": 2.55461406708,
        "var": 13.1070489883
    },
    "barkbands_flatness_db": {
        "dmean": 0.0271649416536,
        "dmean2": 0.0443825908005,
        "dvar": 0.000552840181626,
        "dvar2": 0.00137111137155,
        "max": 0.257426172495,
        "mean": 0.0994541123509,
        "median": 0.0957068428397,
        "min": 0.0276306327432,
        "var": 0.00135523080826
    },
    "barkbands_kurtosis": {
        "dmean": 2.3883562088,
        "dmean2": 4.07085704803,
        "dvar": 17.0786514282,
        "dvar2": 43.8604736328,
        "max": 61.2571563721,
        "mean": 0.885491788387,
        "median": -0.593196630478,
        "min": -1.91121184826,
        "var": 19.5572662354
    },
    "barkbands_skewness": {
        "dmean": 0.807051181793,
        "dmean2": 1.27050805092,
        "dvar": 0.613704562187,
        "dvar2": 1.44469952583,
        "max": 7.12830924988,
        "mean": 0.832983791828,
        "median": 0.803758621216,
        "min": -3.01345586777,
        "var": 1.52770650387
    },
    "barkbands_spread": {
        "dmean": 13.0338230133,
        "dmean2": 21.3673458099,
        "dvar": 140.360321045,
        "dvar2": 358.6925354,
        "max": 107.648834229,
        "mean": 47.8221168518,
        "median": 48.7279891968,
        "min": 3.05652809143,
        "var": 305.210723877
    },
    "dissonance": {
        "dmean": 0.0087064569816,
        "dmean2": 0.0147978914902,
        "dvar": 0.000304511049762,
        "dvar2": 0.000769946549553,
        "max": 0.5,
        "mean": 0.487110793591,
        "median": 0.489765942097,
        "min": 0.00193832127843,
        "var": 0.000212509083212
    },
    "dynamic_complexity": 1.75606215,
    "erbbands_crest": {
        "dmean": 2.44269371033,
        "dmean2": 4.07041215897,
        "dvar": 5.91485452652,
        "dvar2": 15.6210222244,
        "max": 24.000579834,
        "mean": 7.10271310806,
        "median": 6.31491708755,
        "min": 2.35798692703,
        "var": 9.53834724426
    },
    "erbbands_flatness_db": {
        "dmean": 0.016951199621,
        "dmean2": 0.025812279433,
        "dvar": 0.000287513015792,
        "dvar2": 0.000617475714535,
        "max": 0.233710974455,
        "mean": 0.11998424679,
        "median": 0.116613402963,
        "min": 0.0565828941762,
        "var": 0.000771204358898
    },
    "erbbands_kurtosis": {
        "dmean": 1.26862835884,
        "dmean2": 2.08603930473,
        "dvar": 3.09779715538,
        "dvar2": 7.49981641769,
        "max": 21.2235717773,
        "mean": 0.554338514805,
        "median": -0.0165321826935,
        "min": -1.73537099361,
        "var": 4.51637411118
    },
    "erbbands_skewness": {
        "dmean": 0.429529607296,
        "dmean2": 0.683552503586,
        "dvar": 0.169404581189,
        "dvar2": 0.39563447237,
        "max": 1.60587239265,
        "mean": -0.775516092777,
        "median": -0.771522760391,
        "min": -3.21848249435,
        "var": 0.403731763363
    },
    "erbbands_spread": {
        "dmean": 14.9146747589,
        "dmean2": 23.7068958282,
        "dvar": 201.805587769,
        "dvar2": 475.58996582,
        "max": 131.337158203,
        "mean": 54.9140815735,
        "median": 53.8970870972,
        "min": 7.46386003494,
        "var": 486.763702393
    },
    "hfc": {
        "dmean": 20.0926151276,
        "dmean2": 30.9809360504,
        "dvar": 1182.62194824,
        "dvar2": 2773.13696289,
        "max": 387.882781982,
        "mean": 34.001033783,
        "median": 20.7730712891,
        "min": 1.14268728286e-16,
        "var": 1563.5300293
    },
    "melbands_crest": {
        "dmean": 5.24723672867,
        "dmean2": 8.64615726471,
        "dvar": 16.6316566467,
        "dvar2": 47.5844993591,
        "max": 30.8193206787,
        "mean": 15.1294136047,
        "median": 14.4666805267,
        "min": 2.66280555725,
        "var": 38.5089492798
    },
    "melbands_flatness_db": {
        "dmean": 0.0392379052937,
        "dmean2": 0.0627906322479,
        "dvar": 0.00114460638724,
        "dvar2": 0.00273265852593,
        "max": 0.347972601652,
        "mean": 0.138752281666,
        "median": 0.134723484516,
        "min": 0.013635577634,
        "var": 0.00329210190102
    },
    "melbands_kurtosis": {
        "dmean": 11.6440944672,
        "dmean2": 19.6558666229,
        "dvar": 390.74822998,
        "dvar2": 1043.16308594,
        "max": 221.741775513,
        "mean": 13.6503200531,
        "median": 7.22089338303,
        "min": -1.75419831276,
        "var": 437.948883057
    },
    "melbands_skewness": {
        "dmean": 1.2819672823,
        "dmean2": 2.06131958961,
        "dvar": 1.81538724899,
        "dvar2": 4.47841119766,
        "max": 12.9807348251,
        "mean": 2.98955631256,
        "median": 2.75880098343,
        "min": -1.52755475044,
        "var": 3.79673218727
    },
    "melbands_spread": {
        "dmean": 22.879699707,
        "dmean2": 36.7756309509,
        "dvar": 540.737060547,
        "dvar2": 1178.50268555,
        "max": 187.387466431,
        "mean": 52.5499038696,
        "median": 42.457157135,
        "min": 1.85012364388,
        "var": 1339.10205078
    },
    "pitch_salience": {
        "dmean": 0.105186283588,
        "dmean2": 0.174059733748,
        "dvar": 0.00755469920114,
        "dvar2": 0.021507512778,
        "max": 0.9716604352,
        "mean": 0.55174601078,
        "median": 0.560377418995,
        "min": 0.13830716908,
        "var": 0.0153183182701
    },
    "silence_rate_20dB": {
        "dmean": 0,
        "dmean2": 0,
        "dvar": 0,
        "dvar2": 0,
        "max": 1,
        "mean": 1,
        "median": 1,
        "min": 1,
        "var": 0
    },
    "silence_rate_30dB": {
        "dmean": 0,
        "dmean2": 0,
        "dvar": 0,
        "dvar2": 0,
        "max": 1,
        "mean": 1,
        "median": 1,
        "min": 1,
        "var": 0
    },
    "silence_rate_60dB": {
        "dmean": 0.00412583816797,
        "dmean2": 0.00773993786424,
        "dvar": 0.00410890253261,
        "dvar2": 0.0107756424695,
        "max": 1,
        "mean": 0.00309278350323,
        "median": 0,
        "min": 0,
        "var": 0.00308318971656
    },
    "spectral_centroid": {
        "dmean": 512.941467285,
        "dmean2": 814.932678223,
        "dvar": 259905.453125,
        "dvar2": 551881,
        "max": 11276.3144531,
        "mean": 2499.55639648,
        "median": 2546.29296875,
        "min": 404.733856201,
        "var": 617668.625
    },
    "spectral_complexity": {
        "dmean": 6.04332113266,
        "dmean2": 9.18008232117,
        "dvar": 37.4183769226,
        "dvar2": 79.8564453125,
        "max": 51,
        "mean": 19.2541236877,
        "median": 17,
        "min": 0,
        "var": 93.664932251
    },
    "spectral_decrease": {
        "dmean": 1.36252920058e-09,
        "dmean2": 2.23403251454e-09,
        "dvar": 1.79689892031e-18,
        "dvar2": 4.49977898705e-18,
        "max": -9.71308221083e-29,
        "mean": -3.40089112427e-09,
        "median": -3.11241032946e-09,
        "min": -1.11292264293e-08,
        "var": 2.95366406447e-18
    },
    "spectral_energy": {
        "dmean": 0.00625684252009,
        "dmean2": 0.00990865752101,
        "dvar": 4.09773747378e-05,
        "dvar2": 9.75064685917e-05,
        "max": 0.0509809888899,
        "mean": 0.0159197356552,
        "median": 0.0141514483839,
        "min": 1.07311037517e-20,
        "var": 7.24076890037e-05
    },
    "spectral_energyband_high": {
        "dmean": 0.00237292563543,
        "dmean2": 0.00373882311396,
        "dvar": 1.95872580662e-05,
        "dvar2": 4.56647976534e-05,
        "max": 0.0419535078108,
        "mean": 0.00339995929971,
        "median": 0.00172779965214,
        "min": 7.53663239246e-21,
        "var": 2.35647330555e-05
    },
    "spectral_energyband_low": {
        "dmean": 0.0033297019545,
        "dmean2": 0.00561013258994,
        "dvar": 1.92463412532e-05,
        "dvar2": 5.2137667808e-05,
        "max": 0.0303660742939,
        "mean": 0.00500565720722,
        "median": 0.00315549015068,
        "min": 9.03845270766e-23,
        "var": 2.65247726929e-05
    },
    "spectral_energyband_middle_high": {
        "dmean": 0.00159027229529,
        "dmean2": 0.00242626783438,
        "dvar": 4.53693883173e-06,
        "dvar2": 9.71126246441e-06,
        "max": 0.0269739031792,
        "mean": 0.00335814757273,
        "median": 0.00233594607562,
        "min": 1.71815672206e-21,
        "var": 9.82826986728e-06
    },
    "spectral_energyband_middle_low": {
        "dmean": 0.00311844237149,
        "dmean2": 0.00532694952562,
        "dvar": 1.21352777569e-05,
        "dvar2": 3.39009311574e-05,
        "max": 0.0256250891834,
        "mean": 0.00482772523537,
        "median": 0.00360605958849,
        "min": 5.1850289968e-22,
        "var": 1.45350213643e-05
    },
    "spectral_entropy": {
        "dmean": 0.158715754747,
        "dmean2": 0.252341300249,
        "dvar": 0.019841875881,
        "dvar2": 0.0454637855291,
        "max": 9.79411125183,
        "mean": 7.96568202972,
        "median": 7.98136043549,
        "min": 7.07345438004,
        "var": 0.0562031567097
    },
    "spectral_flux": {
        "dmean": 0.0224043242633,
        "dmean2": 0.0336329750717,
        "dvar": 0.000472382642329,
        "dvar2": 0.00101470819209,
        "max": 0.198333874345,
        "mean": 0.0828141048551,
        "median": 0.0765675529838,
        "min": 1.03591038525e-10,
        "var": 0.000997495255433
    },
    "spectral_kurtosis": {
        "dmean": 0.641813695431,
        "dmean2": 1.05351471901,
        "dvar": 0.326821357012,
        "dvar2": 0.838208436966,
        "max": 6.55760478973,
        "mean": 1.92964482307,
        "median": 1.88364291191,
        "min": -1.17707836628,
        "var": 0.734552204609
    },
    "spectral_rms": {
        "dmean": 0.000757826899644,
        "dmean2": 0.00118950207252,
        "dvar": 4.89933370318e-07,
        "dvar2": 1.13103499189e-06,
        "max": 0.00705248536542,
        "mean": 0.00380624295212,
        "median": 0.00371568184346,
        "min": 3.23564048818e-12,
        "var": 1.0439715652e-06
    },
    "spectral_rolloff": {
        "dmean": 1697.7677002,
        "dmean2": 2789.09692383,
        "dvar": 3547129.75,
        "dvar2": 8578662,
        "max": 18303.2226562,
        "mean": 3991.93579102,
        "median": 3940.57617188,
        "min": 129.19921875,
        "var": 6897576.5
    },
    "spectral_skewness": {
        "dmean": 0.146835908294,
        "dmean2": 0.236263677478,
        "dvar": 0.0188437215984,
        "dvar2": 0.0460607111454,
        "max": 2.04330635071,
        "mean": 0.977018117905,
        "median": 0.969924926758,
        "min": 0.0205638147891,
        "var": 0.049590498209
    },
    "spectral_spread": {
        "dmean": 750681.125,
        "dmean2": 1142535.625,
        "dvar": 1.0301842391e+12,
        "dvar2": 1.46011376845e+12,
        "max": 41192560,
        "mean": 5801347,
        "median": 5555020,
        "min": 2943609.25,
        "var": 2.21781085389e+12
    },
    "spectral_strongpeak": {
        "dmean": 1.01654851437,
        "dmean2": 1.80507791042,
        "dvar": 6.21546888351,
        "dvar2": 15.5686035156,
        "max": 21.8209934235,
        "mean": 1.02611768246,
        "median": 0.314079284668,
        "min": 0,
        "var": 5.93504953384
    },
    "zerocrossingrate": {
        "dmean": 0.0243450626731,
        "dmean2": 0.0299985595047,
        "dvar": 0.000626066641416,
        "dvar2": 0.000862573448103,
        "max": 0.4990234375,
        "mean": 0.126646310091,
        "median": 0.118408203125,
        "min": 0.015625,
        "var": 0.0029721504543
    },
    "barkbands": {
        "dmean": [9.9140115708e-06, 0.00115307909437, 0.00236812769435, 0.0013679683907, 0.00141236535273, 0.000487993675051, 0.000386446772609, 0.000237671119976, 0.000227138298214, 0.000299468520097, 7.87115495768e-05, 9.87490202533e-05, 6.46419721306e-05, 7.9232173448e-05, 0.00035741715692, 0.000147588754771, 0.000269073061645, 0.000172698375536, 0.00043267806177, 0.000626696331892, 0.000844450376462, 0.000429718755186, 0.000301656575175, 0.000363257015124, 0.000191345548956, 0.000316079444019, 1.14731092253e-05],
        "dmean2": [1.67783309735e-05, 0.0020208733622, 0.00391751714051, 0.00241952948272, 0.00246942299418, 0.000814835366327, 0.000668245949782, 0.000395935756387, 0.000396363902837, 0.000512417289428, 0.00013523211237, 0.000154789740918, 0.00010902692884, 0.000133587498567, 0.000548013660591, 0.000236290303292, 0.000446708319942, 0.000288689450826, 0.000686078565195, 0.00100503361318, 0.00134619756136, 0.000705166778062, 0.000478346744785, 0.000582577195019, 0.000306847330648, 0.000521867303178, 1.96608198166e-05],
        "dvar": [1.71766836865e-10, 1.86042882433e-06, 1.1782587535e-05, 3.50986465492e-06, 3.0130347568e-06, 3.9409505348e-07, 6.68425798267e-07, 2.50650600719e-07, 1.84954558335e-07, 8.04932142273e-07, 2.1903073133e-08, 6.91850559065e-08, 1.14222711289e-08, 1.9632166115e-08, 5.32534272679e-07, 6.3237045822e-08, 2.32875493111e-07, 8.41839735699e-08, 4.75223146168e-07, 1.3930497289e-06, 5.07148206452e-06, 9.59587509897e-07, 3.15832295428e-07, 5.95559185967e-07, 1.58382178483e-07, 1.46324850903e-06, 1.12817899467e-09],
        "dvar2": [4.78465822518e-10, 5.6511648836e-06, 3.10620525852e-05, 1.0026581549e-05, 8.58241764945e-06, 1.03047204902e-06, 1.83135125553e-06, 6.53208758195e-07, 5.06438311731e-07, 2.20990023081e-06, 5.98918958872e-08, 1.55412450908e-07, 2.98114599673e-08, 5.23793239893e-08, 1.18784475944e-06, 1.55528240953e-07, 5.87140903008e-07, 2.12392805565e-07, 1.09121072001e-06, 3.23813787872e-06, 1.20291933854e-05, 2.46492481892e-06, 7.09966741397e-07, 1.42900887568e-06, 3.88481709024e-07, 3.83242695534e-06, 2.91270563224e-09],
        "max": [0.000140008633025, 0.0107178296894, 0.0220764577389, 0.0143597554415, 0.0142198726535, 0.00728943012655, 0.0106702027842, 0.00914857536554, 0.00409312918782, 0.0125707518309, 0.00173038314097, 0.00710375141352, 0.00129985110834, 0.00216286769137, 0.0101007269695, 0.00447287177667, 0.00874421652406, 0.00467875273898, 0.0102606350556, 0.0172365494072, 0.0301757454872, 0.0182823948562, 0.00732699595392, 0.0136206336319, 0.00660001626238, 0.0230040047318, 0.000531508063432],
        "mean": [1.19518363135e-05, 0.00158431218006, 0.00286450982094, 0.00145216379315, 0.00171000673436, 0.000609670125414, 0.000373321207007, 0.000267375988187, 0.000239301269175, 0.000297456601402, 8.64617904881e-05, 0.000122847253806, 7.7017059084e-05, 0.000101180798083, 0.000599625927862, 0.000217299326323, 0.000372705428163, 0.000231195706874, 0.000715945439879, 0.000917609839235, 0.00100183777977, 0.000600948871579, 0.000419221934862, 0.000471348466817, 0.000264288537437, 0.000300933577819, 9.19812373468e-06],
        "median": [7.42447809898e-06, 0.0010546608828, 0.00112330599222, 0.000758642796427, 0.00112411822192, 0.000372193782823, 0.000168361584656, 0.000113037385745, 0.000118438954814, 9.66224397416e-05, 4.10699940403e-05, 4.60002629552e-05, 4.32046945207e-05, 5.43050555279e-05, 0.000273005105555, 0.000107826097519, 0.000214696730836, 0.00010622672562, 0.000418668845668, 0.000451005500508, 0.000362111313734, 0.000296376238111, 0.000209420526517, 0.000223594382987, 0.000111819288577, 6.68646534905e-05, 6.13407337369e-07],
        "min": [6.55189884224e-24, 1.26907382816e-23, 1.39976015448e-23, 1.22959635701e-22, 1.59052798905e-22, 3.85989262271e-23, 3.63100116008e-23, 7.85590130136e-24, 1.19596311454e-22, 7.50071920314e-23, 1.51404293869e-22, 7.05826289862e-23, 1.22603752147e-22, 1.56109237012e-22, 1.92152960726e-22, 8.46261958782e-23, 2.10215426831e-22, 2.62269189901e-22, 2.91919656673e-22, 3.34504993666e-22, 4.60586877721e-22, 5.16571869159e-22, 4.78293005889e-22, 8.37501084139e-22, 1.20642495e-21, 1.82087958905e-21, 2.26448831207e-21],
        "var": [1.90120336141e-10, 2.6053601232e-06, 1.54342269525e-05, 3.35378854288e-06, 3.22168011735e-06, 4.56296419316e-07, 4.87833460738e-07, 2.24376719871e-07, 1.50021790546e-07, 6.01052136062e-07, 1.90913898024e-08, 1.07412276407e-07, 1.16764411473e-08, 2.22686509233e-08, 1.05301444364e-06, 1.06844126435e-07, 2.87567331725e-07, 1.35266759571e-07, 7.54852635509e-07, 2.02495903068e-06, 5.05675006934e-06, 1.0283155234e-06, 3.9892802306e-07, 6.41417500447e-07, 2.16041925682e-07, 1.17301635782e-06, 9.0127227903e-10]
    },
    "erbbands": {
        "dmean": [0.0177283249795, 0.345377236605, 2.48104023933, 2.93456339836, 6.250477314, 3.23327922821, 5.20288515091, 3.53592801094, 6.13561630249, 4.08380126953, 5.14578294754, 4.28189706802, 12.5117874146, 3.57065987587, 3.56895542145, 3.72424340248, 2.99561619759, 3.44520783424, 11.0347309113, 13.8382081985, 8.45038986206, 15.8453807831, 9.50245189667, 20.5115470886, 18.3602256775, 35.3749923706, 31.8695640564, 28.1130714417, 16.0914134979, 10.6637783051, 9.16836929321, 8.38986110687, 5.83987236023, 2.34353041649, 1.46184813976, 1.53052031994, 0.55628913641, 0.0646338239312, 0.00160047772806, 5.74708683416e-05],
        "dmean2": [0.0302786994725, 0.609977185726, 4.11128950119, 5.0897321701, 11.041009903, 5.674077034, 9.12102222443, 5.86346721649, 10.5524215698, 7.12149477005, 8.65861034393, 7.40707492828, 21.4853801727, 6.11218881607, 6.03131008148, 5.81153249741, 4.94282865524, 5.72236967087, 16.9913444519, 21.6155586243, 13.2175378799, 26.2893390656, 15.7362546921, 32.5667724609, 29.0876731873, 56.2887153625, 53.2778587341, 44.5233917236, 26.0900497437, 17.2918319702, 14.6175022125, 13.232252121, 9.63628578186, 3.86008691788, 2.31897878647, 2.49360346794, 0.937758147717, 0.108442418277, 0.00268424768001, 9.31274771574e-05],
        "dvar": [0.000502880313434, 0.184289649129, 12.7820510864, 17.6689033508, 72.3432693481, 16.5107955933, 52.4800834656, 27.2346916199, 148.923477173, 80.784034729, 109.917808533, 56.5738067627, 1290.04418945, 61.0263748169, 47.4944496155, 104.604438782, 25.9086093903, 36.2052345276, 427.569519043, 520.022277832, 171.849411011, 834.070068359, 253.054931641, 1108.00512695, 772.109619141, 4745.95019531, 8523.52929688, 5222.703125, 1356.54870605, 439.615447998, 325.327026367, 289.535247803, 197.730102539, 32.3218421936, 9.93500328064, 29.6589889526, 5.01856040955, 0.0496650971472, 2.66360366368e-05, 2.91405424235e-08],
        "dvar2": [0.00137269019615, 0.557741224766, 34.8009338379, 49.6075286865, 204.884918213, 45.8121376038, 144.09387207, 71.2024993896, 402.169006348, 221.66796875, 280.365386963, 153.663070679, 3511.08105469, 167.869354248, 129.062301636, 231.738754272, 63.2351837158, 97.8978424072, 981.558105469, 1197.99328613, 392.558166504, 2112.04907227, 658.621765137, 2570.63964844, 1757.74353027, 10982.9082031, 21631.265625, 12240.6943359, 3425.86083984, 1072.1862793, 768.762390137, 675.139648438, 497.092834473, 86.1155471802, 22.250497818, 75.0950088501, 13.7103357315, 0.13238863647, 7.04627746018e-05, 7.64599761283e-08],
        "max": [0.181134328246, 3.15429162979, 24.2144050598, 33.2785987854, 85.4847640991, 32.3315353394, 73.8768157959, 72.058631897, 141.127059937, 91.7691650391, 185.052597046, 77.6147918701, 440.056365967, 119.742477417, 87.5462341309, 281.459747314, 87.982131958, 99.534942627, 271.597625732, 288.949615479, 175.44619751, 525.739624023, 265.935913086, 379.002105713, 351.935668945, 1044.22021484, 1389.00915527, 946.54486084, 726.574157715, 238.674835205, 232.036361694, 203.464996338, 360.061737061, 110.57233429, 45.5608596802, 103.124588013, 36.7521095276, 4.15111970901, 0.0916565656662, 0.00281333061866],
        "mean": [0.0232587549835, 0.476201683283, 3.10818099976, 3.70469689369, 6.64152002335, 4.2893948555, 5.75162124634, 4.40534687042, 6.1336812973, 4.44144392014, 5.82278585434, 4.87812852859, 12.2033529282, 4.24894189835, 4.05270957947, 4.8063492775, 3.81483983994, 4.81019926071, 18.0949440002, 23.8694858551, 13.6003875732, 22.7167167664, 13.6451482773, 33.5403785706, 30.4479579926, 51.2488670349, 37.0972099304, 35.4126625061, 23.1122779846, 14.2192401886, 12.3535861969, 10.9271392822, 7.43618488312, 3.04105210304, 1.95987856388, 1.58393037319, 0.472889482975, 0.0552639998496, 0.00137201684993, 7.15348796803e-05],
        "median": [0.0152295893058, 0.310932636261, 1.36114096642, 2.40829849243, 3.49883365631, 2.90574073792, 3.26777815819, 2.49118566513, 2.71355628967, 2.10674858093, 2.69699287415, 2.63729763031, 3.88235235214, 2.26676249504, 1.9116756916, 1.86211109161, 2.16258454323, 2.86937618256, 8.99683189392, 12.6639385223, 7.81121778488, 13.2242765427, 7.36093425751, 18.2043685913, 18.6404094696, 24.3568496704, 13.4978837967, 14.1912708282, 10.9968557358, 7.06632709503, 5.82958602905, 4.71720790863, 3.60245156288, 1.39303267002, 0.713476657867, 0.398904502392, 0.0866761058569, 0.00826341472566, 0.000217513661482, 3.23761742038e-05],
        "min": [7.76981139616e-22, 1.36812936916e-21, 1.32905096191e-20, 2.33560753207e-19, 5.59911370506e-19, 5.45501935934e-19, 1.2439677134e-19, 4.50820826768e-19, 4.76172930266e-19, 4.03001980846e-19, 2.55539924359e-19, 2.71801602438e-18, 3.12749276147e-18, 2.45584299039e-18, 8.04321559043e-18, 2.54903791449e-18, 4.76162466431e-18, 7.80849730136e-18, 9.86603214728e-18, 7.64996979132e-18, 6.47815719785e-18, 1.21939880519e-17, 1.49239810312e-17, 8.66840614202e-18, 1.95380226121e-17, 1.69491375464e-17, 1.72900120594e-17, 1.840243598e-17, 1.79198538475e-17, 1.74906248646e-17, 1.3613722805e-17, 1.71127869588e-17, 1.36236804052e-17, 9.26932556008e-18, 1.00961587568e-17, 6.72002811768e-18, 3.39967095856e-18, 1.33831567558e-18, 3.10705685085e-19, 3.30446053135e-20],
        "var": [0.000668451888487, 0.241058558226, 16.3533573151, 16.5683422089, 73.9585571289, 18.2020931244, 49.8405647278, 30.2567749023, 116.638687134, 60.1176490784, 99.2964859009, 48.5683822632, 981.616149902, 47.4547805786, 43.6024360657, 176.58833313, 32.8257064819, 40.8300895691, 816.844604492, 1066.96203613, 308.349304199, 1046.94287109, 368.310577393, 1874.91503906, 1241.07299805, 6953.90625, 7410.97851562, 5481.62109375, 1552.33044434, 475.697235107, 376.76651001, 338.05557251, 185.318969727, 29.9330749512, 16.0801734924, 27.1198730469, 3.49111413956, 0.0373123288155, 2.04262996704e-05, 2.4106343588e-08]
    },
    "gfcc": {
        "mean": [20.9560260773, 35.5868263245, -100.230659485, 65.5106964111, -63.2171516418, 13.5568742752, -44.6579933167, 12.8640060425, -29.8765258789, 4.47297954559, -28.0729675293, -3.72938728333, -12.0021123886],
        "cov": [[2751.15991211, -799.56072998, -88.6282119751, -267.168365479, -54.8540840149, -55.4259986877, -61.4653625488, 1.80511152744, -130.426116943, 85.0691223145, -166.485214233, 84.3818588257, -162.367218018], [-799.56072998, 1010.4798584, -147.912857056, 122.333839417, -77.6800765991, -17.0867862701, 37.6495132446, -29.743516922, 56.9429740906, -80.5885925293, 114.70942688, -80.8273925781, 78.6459960938], [-88.6282119751, -147.912857056, 526.679931641, 29.5469017029, 129.099975586, 39.8269691467, 21.62682724, 42.9555664062, -32.6010780334, 4.03187799454, -45.3217735291, 43.107585907, -26.354883194], [-267.168365479, 122.333839417, 29.5469017029, 301.705352783, 20.8542785645, 46.504032135, 18.8400993347, 24.1750030518, 45.1506156921, -15.7424173355, 28.9704055786, -52.3781700134, 60.2428207397], [-54.8540840149, -77.6800765991, 129.099975586, 20.8542785645, 229.61605835, 68.0023727417, 22.9331874847, 19.475353241, -0.432202607393, 13.9210472107, -34.534488678, 22.0343875885, -30.1517009735], [-55.4259986877, -17.0867862701, 39.8269691467, 46.504032135, 68.0023727417, 121.871147156, 24.7452335358, 24.8089141846, 12.310883522, -4.53955364227, -8.47139072418, -11.7622728348, 9.63123226166], [-61.4653625488, 37.6495132446, 21.62682724, 18.8400993347, 22.9331874847, 24.7452335358, 115.582084656, 25.2353115082, -6.11283349991, -19.3679924011, -33.2214584351, -17.0174560547, -4.67042636871], [1.80511152744, -29.743516922, 42.9555664062, 24.1750030518, 19.475353241, 24.8089141846, 25.2353115082, 87.8533859253, 22.652677536, 5.78045082092, -6.15234470367, -0.034340787679, 8.16341400146], [-130.426116943, 56.9429740906, -32.6010780334, 45.1506156921, -0.432202607393, 12.310883522, -6.11283349991, 22.652677536, 85.9809417725, 21.9682006836, 19.3728942871, -5.20751285553, 20.568145752], [85.0691223145, -80.5885925293, 4.03187799454, -15.7424173355, 13.9210472107, -4.53955364227, -19.3679924011, 5.78045082092, 21.9682006836, 89.0699081421, 26.364988327, 14.7120361328, -12.1373853683], [-166.485214233, 114.70942688, -45.3217735291, 28.9704055786, -34.534488678, -8.47139072418, -33.2214584351, -6.15234470367, 19.3728942871, 26.364988327, 111.524932861, 14.9153156281, 12.1297483444], [84.3818588257, -80.8273925781, 43.107585907, -52.3781700134, 22.0343875885, -11.7622728348, -17.0174560547, -0.034340787679, -5.20751285553, 14.7120361328, 14.9153156281, 79.5942382812, -1.70751714706], [-162.367218018, 78.6459960938, -26.354883194, 60.2428207397, -30.1517009735, 9.63123226166, -4.67042636871, 8.16341400146, 20.568145752, -12.1373853683, 12.1297483444, -1.70751714706, 85.5124740601]],
        "icov": [[0.000678664597217, 0.000185440920177, 0.000394378992496, -0.000228642005823, 0.00059948686976, -0.000265976792434, 0.000514018815011, -0.000488110410515, 0.000943530001678, -0.000816403189674, 0.00137182476465, -0.0010103713721, 0.00115910964087], [0.000185440920177, 0.00187220657244, 5.28176788066e-05, 0.000349069392541, -0.000366942433175, 0.000731292413548, -0.00102429278195, 0.00075230258517, -0.00108339486178, 0.00193960324395, -0.00245431740768, 0.00190541229676, -0.0010168395238], [0.000394378992496, 5.28176788066e-05, 0.00282998476177, -0.000989450840279, -0.000461319315946, -0.000344291504007, 0.000525104929693, -0.00150146323722, 0.00193395279348, -0.000803864037152, 0.00186661584303, -0.00240392400883, 0.00142559921369], [-0.000228642005823, 0.000349069392541, -0.000989450840279, 0.00579711515456, -0.00155243766494, -2.40285462496e-05, -0.00101600028574, 0.00031820544973, -0.00246325111948, 0.00182779680472, -0.00361303379759, 0.0052424389869, -0.00430559879169], [0.00059948686976, -0.000366942433175, -0.000461319315946, -0.00155243766494, 0.00779644167051, -0.00410022120923, 0.00055110710673, -0.000386956991861, 0.000911282550078, -0.00258247531019, 0.00432164454833, -0.00460469117388, 0.00441442942247], [-0.000265976792434, 0.000731292413548, -0.000344291504007, -2.40285462496e-05, -0.00410022120923, 0.0118344426155, -0.00188023899682, -0.00110632635187, -0.00155504082795, 0.00199911184609, -0.00264432816766, 0.00363799114712, -0.00293698790483], [0.000514018815011, -0.00102429278195, 0.000525104929693, -0.00101600028574, 0.00055110710673, -0.00188023899682, 0.0119588272646, -0.00388262234628, 0.00258691608906, -0.000578084029257, 0.00520181655884, -0.0010527705308, 0.00276237353683], [-0.000488110410515, 0.00075230258517, -0.00150146323722, 0.00031820544973, -0.000386956991861, -0.00110632635187, -0.00388262234628, 0.0151882013306, -0.00523692183197, 0.000780566304456, -0.0019075301243, 0.00124499364756, -0.00231359084137], [0.000943530001678, -0.00108339486178, 0.00193395279348, -0.00246325111948, 0.000911282550078, -0.00155504082795, 0.00258691608906, -0.00523692183197, 0.0182898957282, -0.00669735996053, 0.0033455376979, -0.00288442522287, 0.000375018047635], [-0.000816403189674, 0.00193960324395, -0.000803864037152, 0.00182779680472, -0.00258247531019, 0.00199911184609, -0.000578084029257, 0.000780566304456, -0.00669735996053, 0.0179131496698, -0.00820290390402, 0.00313267204911, -0.000731695501599], [0.00137182476465, -0.00245431740768, 0.00186661584303, -0.00361303379759, 0.00432164454833, -0.00264432816766, 0.00520181655884, -0.0019075301243, 0.0033455376979, -0.00820290390402, 0.019896902144, -0.00969108287245, 0.0052856579423], [-0.0010103713721, 0.00190541229676, -0.00240392400883, 0.0052424389869, -0.00460469117388, 0.00363799114712, -0.0010527705308, 0.00124499364756, -0.00288442522287, 0.00313267204911, -0.00969108287245, 0.0228000916541, -0.00734635395929], [0.00115910964087, -0.0010168395238, 0.00142559921369, -0.00430559879169, 0.00441442942247, -0.00293698790483, 0.00276237353683, -0.00231359084137, 0.000375018047635, -0.000731695501599, 0.0052856579423, -0.00734635395929, 0.019471431151]]
    },
    "melbands": {
        "dmean": [0.000231921600061, 0.000970774446614, 0.00062161765527, 0.000337720935931, 0.00016770309594, 8.52405573823e-05, 8.81310843397e-05, 4.54232285847e-05, 3.83546830562e-05, 3.13406089845e-05, 6.29553833278e-05, 1.48927556438e-05, 1.15016100608e-05, 1.06616134872e-05, 8.75398018252e-06, 6.55314624964e-06, 6.64542767481e-06, 1.32351933644e-05, 3.34636570187e-05, 1.12968346002e-05, 1.01206742329e-05, 2.02673527383e-05, 9.52968457568e-06, 7.82989809522e-06, 1.94245294551e-05, 1.5366498701e-05, 1.91571507457e-05, 2.31753383559e-05, 1.62969499797e-05, 2.51979290624e-05, 1.36081398523e-05, 9.52048594627e-06, 9.21255741559e-06, 4.75656588605e-06, 5.53905192646e-06, 5.98627730142e-06, 4.96181382914e-06, 4.7144239943e-06, 2.76717059933e-06, 1.82520716407e-06],
        "dmean2": [0.000402468547691, 0.00163501384668, 0.0010724166641, 0.000593986536842, 0.000294785480946, 0.000140838659718, 0.000151968561113, 7.84550284152e-05, 6.46057887934e-05, 5.48797506781e-05, 0.000108088686829, 2.55209743045e-05, 1.94492222363e-05, 1.75683235284e-05, 1.3826284885e-05, 1.10367154775e-05, 1.11557083073e-05, 2.10843700188e-05, 5.11792168254e-05, 1.8668901248e-05, 1.60649706231e-05, 3.39605394402e-05, 1.60421877808e-05, 1.30181688291e-05, 3.09031820507e-05, 2.51971287071e-05, 2.99680486933e-05, 3.73405782739e-05, 2.78846364381e-05, 4.06817380281e-05, 2.17591932596e-05, 1.58007205755e-05, 1.53270066221e-05, 7.70102087699e-06, 8.98063899513e-06, 9.56300300459e-06, 7.93743583927e-06, 7.86286545917e-06, 4.52830045106e-06, 3.08350058731e-06],
        "dvar": [7.34701330884e-08, 1.89761169622e-06, 6.76079594086e-07, 1.79679858547e-07, 5.59597488348e-08, 1.45875915791e-08, 3.14827381942e-08, 9.5934158395e-09, 5.83874459892e-09, 3.49290640855e-09, 3.32317640073e-08, 1.18810650207e-09, 4.74377759296e-10, 5.64724600416e-10, 7.47843231785e-10, 1.243719433e-10, 1.54076182368e-10, 4.86335194338e-10, 5.10120168329e-09, 3.906423518e-10, 2.76888179052e-10, 1.58349700019e-09, 2.86444812314e-10, 1.96497831895e-10, 1.0676010076e-09, 7.34846072881e-10, 1.3480233596e-09, 2.01811012346e-09, 2.22480411871e-09, 4.84911044651e-09, 1.08285436173e-09, 6.56156240453e-10, 4.7621845356e-10, 7.5281073042e-11, 1.54908849637e-10, 1.73754580168e-10, 1.01197564217e-10, 1.610844097e-10, 2.22440642295e-11, 2.97389265991e-11],
        "dvar2": [2.14978342683e-07, 5.27701195097e-06, 1.89407091966e-06, 5.10748122906e-07, 1.53277824211e-07, 3.77066484702e-08, 8.5321488541e-08, 2.60691486176e-08, 1.49817793726e-08, 9.61049106962e-09, 9.04426613602e-08, 3.29320593018e-09, 1.2884089351e-09, 1.45888101599e-09, 1.52032175738e-09, 3.27532473365e-10, 4.20918966348e-10, 1.19013099376e-09, 1.12593649959e-08, 9.99194060824e-10, 6.27659590968e-10, 4.03725675113e-09, 7.20849269165e-10, 4.81630624272e-10, 2.47374853934e-09, 1.75859093954e-09, 3.06386249704e-09, 4.81961537346e-09, 5.85101211925e-09, 1.15558549396e-08, 2.45498998908e-09, 1.72482739202e-09, 1.22340826358e-09, 1.78669731787e-10, 3.84666021258e-10, 3.91781967979e-10, 2.40328229539e-10, 4.06110145512e-10, 5.60545707073e-11, 8.2337157925e-11],
        "max": [0.00218298798427, 0.00947718136013, 0.00629218295217, 0.00366719882004, 0.0024937116541, 0.00144534162246, 0.00216364534572, 0.00127969414461, 0.00127005996183, 0.000604832544923, 0.00228032330051, 0.000488598481752, 0.000211521371966, 0.000373511546059, 0.000875218305737, 0.000150468142238, 0.00021857766842, 0.000256032421021, 0.00100748206023, 0.000384812592529, 0.00022218360391, 0.000765896053053, 0.000273519108305, 0.000263382506091, 0.000394673552364, 0.000486163538881, 0.000551646749955, 0.000611461407971, 0.000720483483747, 0.000894373399206, 0.000508180644829, 0.000587763846852, 0.000364891864592, 0.000118269985251, 0.000174059532583, 0.000175231703906, 0.000122459605336, 0.000343721127138, 6.20459759375e-05, 0.000115159484267],
        "mean": [0.000314645003527, 0.00127965037245, 0.000796542270109, 0.000396597548388, 0.000195272805286, 0.000106381499791, 8.85875197127e-05, 5.03434821439e-05, 4.32742817793e-05, 3.34730939358e-05, 6.10837960267e-05, 1.69638205989e-05, 1.27275434352e-05, 1.28794572447e-05, 1.09299026008e-05, 7.82597271609e-06, 8.59279225551e-06, 2.00376780413e-05, 5.60098233109e-05, 1.58471448231e-05, 1.48939161591e-05, 2.75103084277e-05, 1.20965978567e-05, 1.08440326585e-05, 3.04991826852e-05, 2.30005080084e-05, 2.82968485408e-05, 3.2673804526e-05, 1.82931980817e-05, 2.79125506495e-05, 1.76980265678e-05, 1.30198131956e-05, 1.19723790704e-05, 6.01482133789e-06, 6.99470956533e-06, 7.61434603191e-06, 6.16480247118e-06, 5.66484095543e-06, 3.65436312677e-06, 2.13321141018e-06],
        "median": [0.000212195925997, 0.000676169467624, 0.000540256791282, 0.000247045361903, 0.000114031499834, 6.07835390838e-05, 4.05187020078e-05, 2.26927149924e-05, 2.022929948e-05, 1.67826474353e-05, 1.88057092601e-05, 8.79249273567e-06, 5.97972621108e-06, 5.318505373e-06, 4.25359394285e-06, 4.35068341176e-06, 4.47090133093e-06, 1.07840678538e-05, 2.44099610427e-05, 7.61270484873e-06, 7.7854938354e-06, 1.47826049215e-05, 5.78950130148e-06, 4.96409938933e-06, 1.56748392328e-05, 1.32467357616e-05, 1.44807854667e-05, 1.51155836647e-05, 6.63947366775e-06, 9.41412963584e-06, 7.30842975827e-06, 5.90220633967e-06, 5.57696239412e-06, 2.90071693598e-06, 3.05413686874e-06, 3.08289713757e-06, 2.48098399425e-06, 2.63261699729e-06, 1.70880628048e-06, 8.84214728103e-07],
        "min": [5.25475986743e-24, 4.12220488758e-24, 4.88144130479e-23, 4.60377709674e-23, 6.68551886338e-24, 9.07264667246e-24, 7.26630902738e-24, 3.77471599756e-24, 1.75212791253e-24, 1.96278769525e-23, 1.47108958862e-23, 8.20722602752e-24, 2.38401480617e-23, 1.20763923413e-23, 7.30442678632e-24, 1.15974591085e-23, 1.52200046263e-23, 1.45831966606e-23, 1.6133071681e-23, 5.00615587517e-24, 8.86551152027e-24, 1.21141977113e-23, 1.35882269112e-23, 1.15033085595e-23, 5.21951395661e-24, 1.6087093712e-23, 9.68444932522e-24, 1.23412768449e-23, 1.02356919152e-23, 1.03596763948e-23, 1.06455225104e-23, 9.54583699785e-24, 1.03191999417e-23, 9.61961363628e-24, 6.52426267815e-24, 1.12395197836e-23, 9.94633379082e-24, 8.67451488448e-24, 1.10466582807e-23, 6.48776681723e-24],
        "var": [1.03139711882e-07, 2.41596171691e-06, 6.85039310611e-07, 1.88653075384e-07, 5.42305684803e-08, 1.68576743675e-08, 2.43126052624e-08, 7.54720730356e-09, 5.27579180343e-09, 2.80752199266e-09, 2.52645797616e-08, 8.93930374168e-10, 4.27083896026e-10, 6.88820167571e-10, 1.22472920694e-09, 1.24835558557e-10, 1.64859279006e-10, 8.05603583842e-10, 1.00980068751e-08, 5.8252869195e-10, 4.41655045869e-10, 1.9205563806e-09, 3.38679972955e-10, 3.63577196127e-10, 1.77737613516e-09, 9.38503941228e-10, 2.00985850185e-09, 2.78666312248e-09, 1.8379644473e-09, 4.67840211016e-09, 1.24988519534e-09, 6.68669786208e-10, 4.53609844131e-10, 8.69942867743e-11, 1.59051452564e-10, 2.09243636307e-10, 1.17685014511e-10, 1.41971503997e-10, 2.93160010156e-11, 2.25701263235e-11]
    },
    "mfcc": {
        "mean": [-622.92401123, 59.1572685242, 20.0382003784, 44.4819068909, 7.10155630112, 6.71366071701, -1.08837771416, -0.538433611393, 3.74908232689, 7.17681074142, -8.22426128387, -7.92493867874, -4.63904094696],
        "cov": [[1851.13830566, -473.697967529, -290.092102051, -207.498275757, -149.62512207, -52.2683258057, -77.8916168213, -48.5489730835, -61.2685623169, -30.4178314209, -15.0015983582, 25.5245285034, -52.0349121094], [-473.697967529, 647.396972656, -2.68120646477, 21.9087543488, -19.9700756073, -11.4790840149, 11.1663064957, 21.5139102936, -29.3695392609, -27.7505149841, 14.8027191162, 13.9768371582, 19.0948085785], [-290.092102051, -2.68120646477, 348.144866943, 93.9935073853, 59.4019889832, 7.43228673935, 44.4169502258, 22.0979709625, 38.6566123962, 19.2996578217, -6.22532701492, -26.5930995941, -1.15870296955], [-207.498275757, 21.9087543488, 93.9935073853, 191.311889648, 37.5944328308, 32.1691055298, 32.6388320923, 16.7032375336, 30.6543750763, 32.8790435791, 0.479154497385, -15.1819009781, 5.46519851685], [-149.62512207, -19.9700756073, 59.4019889832, 37.5944328308, 196.483657837, 53.8516197205, 29.7114810944, 27.4355506897, 18.0593757629, 3.39339613914, 15.6788406372, 15.9464883804, 19.1933002472], [-52.2683258057, -11.4790840149, 7.43228673935, 32.1691055298, 53.8516197205, 112.137870789, 36.7648468018, 18.2756652832, 28.0354804993, 18.513879776, -2.19316196442, -1.52979838848, -1.15101134777], [-77.8916168213, 11.1663064957, 44.4169502258, 32.6388320923, 29.7114810944, 36.7648468018, 103.868865967, 33.6106147766, 22.1587810516, 15.5110864639, 3.50823283195, -11.6143493652, -0.142519012094], [-48.5489730835, 21.5139102936, 22.0979709625, 16.7032375336, 27.4355506897, 18.2756652832, 33.6106147766, 96.7413330078, 35.6687355042, 12.8288936615, -1.08339369297, -15.4819068909, -15.6894483566], [-61.2685623169, -29.3695392609, 38.6566123962, 30.6543750763, 18.0593757629, 28.0354804993, 22.1587810516, 35.6687355042, 105.490364075, 46.9257583618, -5.61513519287, -32.0077590942, -10.2097187042], [-30.4178314209, -27.7505149841, 19.2996578217, 32.8790435791, 3.39339613914, 18.513879776, 15.5110864639, 12.8288936615, 46.9257583618, 90.2496185303, 9.466755867, -21.0330200195, 3.10968255997], [-15.0015983582, 14.8027191162, -6.22532701492, 0.479154497385, 15.6788406372, -2.19316196442, 3.50823283195, -1.08339369297, -5.61513519287, 9.466755867, 58.4492874146, 23.9250450134, 16.8218669891], [25.5245285034, 13.9768371582, -26.5930995941, -15.1819009781, 15.9464883804, -1.52979838848, -11.6143493652, -15.4819068909, -32.0077590942, -21.0330200195, 23.9250450134, 89.3507385254, 29.1335201263], [-52.0349121094, 19.0948085785, -1.15870296955, 5.46519851685, 19.1933002472, -1.15101134777, -0.142519012094, -15.6894483566, -10.2097187042, 3.10968255997, 16.8218669891, 29.1335201263, 66.4715499878]],
