{
"lowlevel": {
    "average_loudness": 0.959966480732,
    "barkbands_crest": {
        "dmean": 2.94834566116,
        "dmean2": 4.90963315964,
        "dvar": 6.79398059845,
        "dvar2": 18.0069313049,
        "max": 24.9336853027,
        "mean": 10.0736217499,
        "median": 9.30727577209,
        "min": 2.81362605095,
        "var": 16.9041843414
    },
    "barkbands_flatness_db": {
        "dmean": 0.0236850026995,
        "dmean2": 0.0348742939532,
        "dvar": 0.000402836594731,
        "dvar2": 0.000882317021023,
        "max": 0.312335312366,
        "mean": 0.14512950182,
        "median": 0.139131069183,
        "min": 0.0275060068816,
        "var": 0.00204261066392
    },
    "barkbands_kurtosis": {
        "dmean": 2.7951529026,
        "dmean2": 4.47691011429,
        "dvar": 31.8843688965,
        "dvar2": 77.4441833496,
        "max": 106.273002625,
        "mean": 3.66491723061,
        "median": 1.58145618439,
        "min": -1.76407003403,
        "var": 52.3321075439
    },
    "barkbands_skewness": {
        "dmean": 0.567898750305,
        "dmean2": 0.864183306694,
        "dvar": 0.382233142853,
        "dvar2": 0.796431601048,
        "max": 9.23585224152,
        "mean": 1.39567434788,
        "median": 1.3162343502,
        "min": -3.26583051682,
        "var": 1.39283561707
    },
    "barkbands_spread": {
        "dmean": 4.66846370697,
        "dmean2": 7.30739831924,
        "dvar": 20.3148212433,
        "dvar2": 45.3412971497,
        "max": 71.7049179077,
        "mean": 19.196855545,
        "median": 18.3527908325,
        "min": 1.57518410683,
        "var": 72.6806030273
    },
    "dissonance": {
        "dmean": 0.023475497961,
        "dmean2": 0.0386427529156,
        "dvar": 0.000577358237933,
        "dvar2": 0.00150101678446,
        "max": 0.499317854643,
        "mean": 0.452827185392,
        "median": 0.45932674408,
        "min": 0.244225010276,
        "var": 0.00103418109939
    },
    "dynamic_complexity": 2.20653009415,
    "erbbands_crest": {
        "dmean": 2.57152700424,
        "dmean2": 4.08916759491,
        "dvar": 7.39541530609,
        "dvar2": 14.9317216873,
        "max": 33.7795181274,
        "mean": 9.6124420166,
        "median": 8.15353107452,
        "min": 2.80310940742,
        "var": 27.7177295685
    },
    "erbbands_flatness_db": {
        "dmean": 0.0216533858329,
        "dmean2": 0.0282404627651,
        "dvar": 0.000487564509967,
        "dvar2": 0.00080050888937,
        "max": 0.395100682974,
        "mean": 0.165564656258,
        "median": 0.16103053093,
        "min": 0.0530375912786,
        "var": 0.00244975835085
    },
    "erbbands_kurtosis": {
        "dmean": 0.97995275259,
        "dmean2": 1.53019928932,
        "dvar": 7.78125572205,
        "dvar2": 18.3415679932,
        "max": 54.9879608154,
        "mean": 0.578336298466,
        "median": -0.198748826981,
        "min": -1.66806936264,
        "var": 14.2393169403
    },
    "erbbands_skewness": {
        "dmean": 0.335001200438,
        "dmean2": 0.51205432415,
        "dvar": 0.130580291152,
        "dvar2": 0.325851589441,
        "max": 3.12283778191,
        "mean": 0.315572619438,
        "median": 0.299770772457,
        "min": -2.84160900116,
        "var": 0.34741923213
    },
    "erbbands_spread": {
        "dmean": 7.07716035843,
        "dmean2": 10.4705686569,
        "dvar": 68.7424240112,
        "dvar2": 143.720458984,
        "max": 142.869842529,
        "mean": 33.6939811707,
        "median": 32.7030029297,
        "min": 1.20986127853,
        "var": 199.092910767
    },
    "hfc": {
        "dmean": 6.56768608093,
        "dmean2": 8.47987556458,
        "dvar": 86.7423019409,
        "dvar2": 147.425857544,
        "max": 175.440658569,
        "mean": 19.324174881,
        "median": 13.367389679,
        "min": 1.11098694246e-16,
        "var": 302.425231934
    },
    "melbands_crest": {
        "dmean": 3.70890426636,
        "dmean2": 6.08057165146,
        "dvar": 9.79626655579,
        "dvar2": 25.3085460663,
        "max": 29.3021812439,
        "mean": 13.6767692566,
        "median": 12.7278194427,
        "min": 1.75668382645,
        "var": 26.3835391998
    },
    "melbands_flatness_db": {
        "dmean": 0.0280687473714,
        "dmean2": 0.0420866012573,
        "dvar": 0.000587723683566,
        "dvar2": 0.00127394171432,
        "max": 0.413200348616,
        "mean": 0.211841180921,
        "median": 0.205849021673,
        "min": 0.00867257080972,
        "var": 0.00318698538467
    },
    "melbands_kurtosis": {
        "dmean": 6.28942394257,
        "dmean2": 9.95677947998,
        "dvar": 171.228744507,
        "dvar2": 428.198059082,
        "max": 249.193557739,
        "mean": 10.1645679474,
        "median": 5.72677707672,
        "min": -1.77227270603,
        "var": 258.68536377
    },
    "melbands_skewness": {
        "dmean": 0.739574611187,
        "dmean2": 1.1296120882,
        "dvar": 0.643702566624,
        "dvar2": 1.41291320324,
        "max": 11.84532547,
        "mean": 2.25608754158,
        "median": 2.08874845505,
        "min": -2.29112005234,
        "var": 2.13339543343
    },
    "melbands_spread": {
        "dmean": 6.4080824852,
        "dmean2": 9.91591644287,
        "dvar": 43.0061035156,
        "dvar2": 89.2472076416,
        "max": 118.465644836,
        "mean": 21.7575378418,
        "median": 18.9379043579,
        "min": 1.13116514683,
        "var": 162.907775879
    },
    "pitch_salience": {
        "dmean": 0.0763390213251,
        "dmean2": 0.122056290507,
        "dvar": 0.00427412241697,
        "dvar2": 0.0111328959465,
        "max": 0.913521230221,
        "mean": 0.515763580799,
        "median": 0.516022562981,
        "min": 0.155370146036,
        "var": 0.0121855605394
    },
    "silence_rate_20dB": {
        "dmean": 0,
        "dmean2": 0,
        "dvar": 0,
        "dvar2": 0,
        "max": 1,
        "mean": 1,
        "median": 1,
        "min": 1,
        "var": 0
    },
    "silence_rate_30dB": {
        "dmean": 0.00103145954199,
        "dmean2": 0.00206398358569,
        "dvar": 0.00103040214162,
        "dvar2": 0.00309173809364,
        "max": 1,
        "mean": 0.999484539032,
        "median": 1,
        "min": 0,
        "var": 0.000515178428032
    },
    "silence_rate_60dB": {
        "dmean": 0.00618875725195,
        "dmean2": 0.0118679050356,
        "dvar": 0.00615032343194,
        "dvar2": 0.0137912938371,
        "max": 1,
        "mean": 0.0154639175162,
        "median": 0,
        "min": 0,
        "var": 0.0152242174372
    },
    "spectral_centroid": {
        "dmean": 236.968017578,
        "dmean2": 351.727874756,
        "dvar": 100407.132812,
        "dvar2": 137557.265625,
        "max": 11459.9345703,
        "mean": 1258.27563477,
        "median": 1170.64746094,
        "min": 295.800964355,
        "var": 350983.125
    },
    "spectral_complexity": {
        "dmean": 3.5420320034,
        "dmean2": 4.58978319168,
        "dvar": 12.1605577469,
        "dvar2": 19.7207298279,
        "max": 46,
        "mean": 17.4190731049,
        "median": 16,
        "min": 0,
        "var": 58.8382835388
    },
    "spectral_decrease": {
        "dmean": 2.62468646817e-09,
        "dmean2": 3.82240816776e-09,
        "dvar": 7.38670301776e-18,
        "dvar2": 1.60890152931e-17,
        "max": -9.80368758507e-29,
        "mean": -6.9191101737e-09,
        "median": -6.02877392453e-09,
        "min": -3.41720678421e-08,
        "var": 1.85615789124e-17
    },
    "spectral_energy": {
        "dmean": 0.0103793619201,
        "dmean2": 0.0149799762294,
        "dvar": 0.000115231901873,
        "dvar2": 0.000244681403274,
        "max": 0.138807699084,
        "mean": 0.0278670731932,
        "median": 0.0243685431778,
        "min": 1.04469987153e-20,
        "var": 0.000302507920424
    },
    "spectral_energyband_high": {
        "dmean": 0.000233415907132,
        "dmean2": 0.000312034331728,
        "dvar": 1.05778333648e-07,
        "dvar2": 1.92597511273e-07,
        "max": 0.00421616714448,
        "mean": 0.000473547144793,
        "median": 0.000252274505328,
        "min": 7.45064195946e-21,
        "var": 3.18395819932e-07
    },
    "spectral_energyband_low": {
        "dmean": 0.00606307387352,
        "dmean2": 0.00981608219445,
        "dvar": 6.9322741183e-05,
        "dvar2": 0.000177296911716,
        "max": 0.0693992897868,
        "mean": 0.00988424476236,
        "median": 0.00612758006901,
        "min": 4.14516208098e-23,
        "var": 0.000109810804133
    },
    "spectral_energyband_middle_high": {
        "dmean": 0.00281549291685,
        "dmean2": 0.00380650837906,
        "dvar": 3.09968163492e-05,
        "dvar2": 5.68413488509e-05,
        "max": 0.100997045636,
        "mean": 0.00742236990482,
        "median": 0.00378809147514,
        "min": 1.72839368798e-21,
        "var": 0.000105122133391
    },
    "spectral_energyband_middle_low": {
        "dmean": 0.00462919147685,
        "dmean2": 0.00663603935391,
        "dvar": 3.56692471541e-05,
        "dvar2": 7.84835865488e-05,
        "max": 0.0636028051376,
        "mean": 0.0108776567504,
        "median": 0.00843082740903,
        "min": 2.80160252309e-22,
        "var": 7.81245616963e-05
    },
    "spectral_entropy": {
        "dmean": 0.182235389948,
        "dmean2": 0.248513251543,
        "dvar": 0.0326034985483,
        "dvar2": 0.0553968437016,
        "max": 9.78583049774,
        "mean": 7.34569835663,
        "median": 7.39518451691,
        "min": 5.83537864685,
        "var": 0.147422209382
    },
    "spectral_flux": {
        "dmean": 0.0286764334887,
        "dmean2": 0.0454458743334,
        "dvar": 0.000814608298242,
        "dvar2": 0.00206296448596,
        "max": 0.305128514767,
        "mean": 0.0881684049964,
        "median": 0.0842336863279,
        "min": 1.02210559461e-10,
        "var": 0.00155186001211
    },
    "spectral_kurtosis": {
        "dmean": 1.73191618919,
        "dmean2": 2.89141821861,
        "dvar": 3.74272060394,
        "dvar2": 10.0173978806,
        "max": 29.4763374329,
        "mean": 5.11032342911,
        "median": 4.44717502594,
        "min": -1.20889043808,
        "var": 7.69695043564
    },
    "spectral_rms": {
        "dmean": 0.000972145062406,
        "dmean2": 0.00135592638981,
        "dvar": 8.14766679014e-07,
        "dvar2": 1.62540823112e-06,
        "max": 0.0116371018812,
        "mean": 0.00494528142735,
        "median": 0.00487587787211,
        "min": 3.19252155094e-12,
        "var": 2.73154910246e-06
    },
    "spectral_rolloff": {
        "dmean": 359.635864258,
        "dmean2": 582.919372559,
        "dvar": 356812.65625,
        "dvar2": 595473.6875,
        "max": 18906.1523438,
        "mean": 1160.40649414,
        "median": 990.52734375,
        "min": 86.1328125,
        "var": 739714.5625
    },
    "spectral_skewness": {
        "dmean": 0.226563334465,
        "dmean2": 0.360011488199,
        "dvar": 0.0423428304493,
        "dvar2": 0.103737421334,
        "max": 3.80648565292,
        "mean": 1.63045704365,
        "median": 1.58836245537,
        "min": -0.0515095070004,
        "var": 0.163422763348
    },
    "spectral_spread": {
        "dmean": 568951.5625,
        "dmean2": 780299.625,
        "dvar": 1.07604351386e+12,
        "dvar2": 1.64614832128e+12,
        "max": 40301292,
        "mean": 4087532.75,
        "median": 3858779.5,
        "min": 1832145.875,
        "var": 2.67418704282e+12
    },
    "spectral_strongpeak": {
        "dmean": 0.718179941177,
        "dmean2": 1.19189631939,
        "dvar": 1.55044329166,
        "dvar2": 3.28410029411,
        "max": 13.0747280121,
        "mean": 1.20401644707,
        "median": 0.472506225109,
        "min": 0,
        "var": 3.60257434845
    },
    "zerocrossingrate": {
        "dmean": 0.00782786123455,
        "dmean2": 0.00922594591975,
        "dvar": 0.000151277447003,
        "dvar2": 0.000174637287273,
        "max": 0.4755859375,
        "mean": 0.0481133200228,
        "median": 0.046875,
        "min": 0.00634765625,
        "var": 0.000422392477049
    },
    "barkbands": {
        "dmean": [0.000138539573527, 0.00446599069983, 0.00220077252015, 0.000597829464823, 0.00253550033085, 0.00107304204721, 0.000867798866238, 0.000623542466201, 0.000686371291522, 0.000713343149982, 0.000470855855383, 0.00090339500457, 0.000355032301741, 0.000438187154941, 0.00050906726392, 0.000205912903766, 0.000273840007139, 0.000169491526322, 0.000216731932596, 0.00015298211656, 6.83521502651e-05, 3.46335837094e-05, 2.40501758526e-05, 2.5030285542e-05, 1.6539292119e-05, 1.04504824776e-05, 1.48323147187e-06],
        "dmean2": [0.000214438972762, 0.00739302206784, 0.00362762482837, 0.00100514327642, 0.00402491120622, 0.0016149552539, 0.00129703455605, 0.000957884709351, 0.00101257523056, 0.00106574152596, 0.000692843284924, 0.00136544264387, 0.000533028854989, 0.000654303177726, 0.000735705893021, 0.000306258792989, 0.000396361312596, 0.000252664700383, 0.000317832542351, 0.000215122912778, 9.83591526165e-05, 4.8083220463e-05, 3.56324853783e-05, 3.67211505363e-05, 2.35900060943e-05, 1.51803506014e-05, 2.44606508204e-06],
        "dvar": [6.55515108861e-08, 4.56397829112e-05, 1.06031566247e-05, 8.37647746721e-07, 1.86576344277e-05, 3.2651141737e-06, 2.61472268903e-06, 1.49426898588e-06, 2.43801946453e-06, 2.3408101697e-06, 1.21504547224e-06, 1.68980677699e-05, 1.37470749451e-06, 1.57682029567e-06, 1.26635359265e-06, 2.57815571558e-07, 1.09473546672e-06, 1.77134793944e-07, 2.22362530167e-07, 6.53923422078e-08, 1.23442891464e-08, 3.3707014957e-09, 2.24518115211e-09, 2.52478105089e-09, 8.6247675668e-10, 3.57500168358e-10, 1.32010470263e-11],
        "dvar2": [1.52677387177e-07, 0.000120201882964, 2.77843228105e-05, 2.12302938962e-06, 4.43804565293e-05, 7.83099858381e-06, 5.565524134e-06, 3.41146437677e-06, 5.34863829671e-06, 4.62097113996e-06, 2.67528935183e-06, 3.18062629958e-05, 2.73132218354e-06, 3.49616016138e-06, 2.48808441938e-06, 5.34850130407e-07, 1.89451054666e-06, 3.71914467223e-07, 4.44601170102e-07, 1.28857166715e-07, 2.51501361959e-08, 6.53616716306e-09, 5.40523670267e-09, 5.90675686141e-09, 1.9434578391e-09, 8.42321046246e-10, 3.24555937681e-11],
        "max": [0.00333042955026, 0.0596161931753, 0.0312415882945, 0.00849228631705, 0.0478518307209, 0.0429204143584, 0.0266427937895, 0.0241271853447, 0.0249681230634, 0.0266029834747, 0.0254652295262, 0.0762127265334, 0.0247317496687, 0.0305491555482, 0.0162224508822, 0.0114561449736, 0.0313896685839, 0.00905887037516, 0.00724910246208, 0.00432091858238, 0.0012442774605, 0.001053654938, 0.00107351038605, 0.000697606476024, 0.000597022881266, 0.000226514734095, 3.76897914975e-05],
        "mean": [0.000184878954315, 0.00623837066814, 0.00301700877026, 0.000719362287782, 0.00361677980982, 0.00215347670019, 0.001527660992, 0.00107686896808, 0.00113291945308, 0.001205792767, 0.000838278443553, 0.00187597470358, 0.00065133953467, 0.000708087754901, 0.000845246016979, 0.000336294528097, 0.000403406069381, 0.000312770775054, 0.000428825092968, 0.000307506445097, 0.000117196650535, 5.41909248568e-05, 3.65375999536e-05, 3.90062232327e-05, 2.54403457802e-05, 1.26349241327e-05, 1.23102813632e-06],
        "median": [5.22835980519e-05, 0.00332992174663, 0.00122946430929, 0.000373530609068, 0.00200386811048, 0.00121442088857, 0.000574902922381, 0.00039922009455, 0.000317558908137, 0.000439565628767, 0.000298428727547, 0.000199776259251, 0.000149271712871, 0.00016644175048, 0.000239724002313, 0.000136969130835, 0.00011064390128, 0.000109279877506, 0.000130337051814, 0.000116806651931, 4.85491618747e-05, 2.49337863352e-05, 1.93925588974e-05, 2.16394655581e-05, 1.29662839754e-05, 3.13379632644e-06, 7.3545592727e-08],
        "min": [6.7750252305e-23, 6.80996640434e-24, 1.24500607637e-23, 3.29272868979e-24, 8.35264354239e-23, 1.13565788534e-23, 1.18921841691e-22, 2.88345763363e-23, 2.14177581702e-23, 3.32169447894e-23, 7.71423608228e-23, 1.44935003357e-22, 6.38911132022e-23, 1.11157380413e-22, 2.06526145259e-22, 2.20824129259e-22, 1.9953642112e-22, 2.2037552615e-22, 2.90099369601e-22, 3.22486287567e-22, 5.19953091082e-22, 6.78637523498e-22, 6.26220455271e-22, 7.56990217831e-22, 1.22477085067e-21, 1.51392833298e-21, 2.18053129743e-21],
        "var": [9.59372954412e-08, 6.03160988248e-05, 1.84038508451e-05, 9.98181462819e-07, 2.333548764e-05, 7.93393246568e-06, 7.54947041059e-06, 3.9140759327e-06, 5.78795425099e-06, 6.13077327216e-06, 3.54684902959e-06, 6.10975475865e-05, 4.66007577415e-06, 2.79099572253e-06, 3.02077478409e-06, 5.96502729877e-07, 2.10385951505e-06, 5.08190510118e-07, 5.93505319557e-07, 2.3225048551e-07, 2.79913088264e-08, 6.44999342825e-09, 3.00013924814e-09, 3.56135543278e-09, 1.35777089572e-09, 4.75595285376e-10, 1.18869350127e-11]
    },
    "erbbands": {
        "dmean": [0.138888448477, 1.0189653635, 2.5110976696, 2.15179133415, 5.15385484695, 10.600110054, 7.44978046417, 8.69629764557, 10.8834819794, 11.8250370026, 16.688205719, 15.1238031387, 23.1235790253, 19.2110767365, 17.0623226166, 44.0602226257, 18.4988422394, 23.6045646667, 24.5782184601, 16.8843231201, 12.7381534576, 11.0681495667, 8.43251991272, 11.3748960495, 9.15202617645, 7.54661130905, 4.24009513855, 1.84770989418, 1.23389780521, 0.891942203045, 0.711478292942, 0.563804984093, 0.373998254538, 0.209220126271, 0.112149007618, 0.0518806539476, 0.017180358991, 0.00417538033798, 0.000148791979882, 1.35419595608e-05],
        "dmean2": [0.221779853106, 1.71845030785, 4.14385509491, 3.55387568474, 8.41405963898, 16.8736248016, 11.0763816833, 13.3433618546, 16.6101722717, 17.6086750031, 25.3877334595, 22.5371360779, 34.9128952026, 28.5811443329, 25.5975284576, 66.6540985107, 27.1992454529, 34.6879997253, 35.6434860229, 24.0253944397, 18.4752960205, 16.2707824707, 12.3991832733, 16.7244262695, 13.46763134, 10.5818052292, 5.97305440903, 2.57094430923, 1.7293305397, 1.29287040234, 1.06440830231, 0.832725048065, 0.5506311059, 0.302352368832, 0.163794353604, 0.0751861780882, 0.0255968160927, 0.00650445371866, 0.000239002998569, 1.92247225641e-05],
        "dvar": [0.0491145402193, 2.30836391449, 13.5510311127, 9.00119495392, 81.6083145142, 344.611328125, 112.701972961, 328.9090271, 263.146179199, 563.170715332, 1176.61962891, 1437.95556641, 2689.60351562, 1847.75952148, 2553.98339844, 45473.6992188, 3533.05810547, 4338.63085938, 3636.6184082, 1132.16821289, 762.896911621, 3656.19580078, 526.093322754, 832.018432617, 431.546630859, 177.474594116, 44.9226951599, 8.07935810089, 4.43065023422, 2.63847303391, 2.1093981266, 1.34739291668, 0.534168839455, 0.140849918127, 0.0438343882561, 0.00970190949738, 0.000949124805629, 7.04473932274e-05, 1.28446515646e-07, 1.98341773561e-10],
        "dvar2": [0.119320817292, 6.39954614639, 35.1584091187, 22.5981884003, 208.32824707, 810.066894531, 283.914733887, 757.219604492, 575.483764648, 1180.1842041, 2752.59545898, 3190.99389648, 5347.30712891, 3716.55664062, 5504.83837891, 82983.09375, 7065.24951172, 9866.10253906, 7805.1171875, 2207.98242188, 1556.6854248, 5826.35839844, 1150.53442383, 1672.79223633, 863.395324707, 344.819671631, 83.5767440796, 16.4438018799, 9.0508813858, 6.14172172546, 5.10915517807, 3.12229609489, 1.26524889469, 0.306125730276, 0.103806108236, 0.0227314960212, 0.0022545454558, 0.000170782164787, 3.20871151871e-07, 4.17749335124e-10],
        "max": [1.99350214005, 13.6320734024, 39.1782951355, 37.1417198181, 93.2697143555, 222.17855835, 181.225189209, 495.94631958, 237.052764893, 412.850646973, 647.903320312, 643.522033691, 900.874938965, 1003.29669189, 1157.02124023, 3923.57788086, 1340.71069336, 1707.88098145, 1431.05725098, 567.06854248, 490.071685791, 2223.48339844, 645.978210449, 466.208953857, 478.148223877, 226.941833496, 96.550743103, 37.3279495239, 34.6764984131, 28.4326610565, 30.7492465973, 18.2815132141, 12.1116819382, 8.20806980133, 3.2442176342, 1.39671182632, 0.287643969059, 0.0821141824126, 0.00395020470023, 0.000175407796632],
        "mean": [0.182974472642, 1.385597229, 3.60458850861, 2.95445942879, 6.44858503342, 14.3253793716, 14.2952041626, 15.994427681, 21.7290115356, 20.0455093384, 29.5377616882, 26.0152206421, 39.7433509827, 38.0648803711, 31.8058223724, 86.0983963013, 35.9213371277, 42.3200683594, 40.6041030884, 29.5718746185, 22.3197135925, 18.5540218353, 16.7868804932, 22.3693885803, 18.6062278748, 14.9528503418, 8.20826339722, 3.11243700981, 1.96217250824, 1.37040412426, 1.07408928871, 0.898731052876, 0.566890120506, 0.332358360291, 0.159316331148, 0.0681512653828, 0.0194356068969, 0.00398440752178, 0.000144182893564, 3.60173435183e-05],
        "median": [0.0723764076829, 0.79127985239, 1.55121314526, 1.84413528442, 3.39070987701, 6.94216680527, 8.57522106171, 7.44933414459, 10.5074071884, 6.8026227951, 11.8129119873, 8.82138633728, 13.6766319275, 14.1888618469, 13.4044322968, 10.6769218445, 9.68398189545, 12.854593277, 12.4297199249, 12.750579834, 9.29576301575, 5.62114810944, 6.50115394592, 6.88538980484, 6.39894580841, 5.81543540955, 3.38515591621, 1.37019395828, 0.916557490826, 0.656646072865, 0.577237486839, 0.489034712315, 0.302064299583, 0.17431718111, 0.0676518827677, 0.0187707580626, 0.00440486613661, 0.00053217302775, 3.21077095577e-05, 3.18755701301e-05],
        "min": [3.1238253185e-22, 1.99593956217e-21, 1.51555644091e-20, 1.00855757176e-20, 4.29244279316e-20, 4.39121546076e-19, 2.43959188988e-19, 1.00856762071e-19, 9.36075941666e-19, 1.89070223575e-18, 5.45999433373e-19, 4.69777841854e-19, 9.16228570048e-19, 1.42312640038e-18, 4.25521931663e-18, 5.00507549911e-18, 3.1732120679e-18, 5.6048161848e-18, 9.11733939433e-18, 1.1418677454e-17, 1.41029265182e-17, 8.79039873876e-18, 1.30847920884e-17, 1.45911913815e-17, 1.28136588273e-17, 1.62242990279e-17, 2.03475280293e-17, 1.7616788106e-17, 2.22337777586e-17, 2.10219995203e-17, 1.8189820784e-17, 1.67404961261e-17, 1.28175151433e-17, 1.17353726505e-17, 1.02702562875e-17, 5.88263678765e-18, 2.7769069413e-18, 1.09614211104e-18, 2.50145052404e-19, 3.80628612895e-20],
        "var": [0.070484161377, 2.83313465118, 24.9242267609, 13.0534963608, 87.1783981323, 439.650939941, 275.718231201, 711.018554688, 910.854919434, 1597.84387207, 2892.21728516, 3362.703125, 6687.33300781, 6242.79443359, 5248.0859375, 142448.390625, 11039.3691406, 7728.84863281, 7808.42871094, 2474.91992188, 1887.60974121, 7555.02783203, 1742.81762695, 2212.58837891, 1188.95629883, 555.308410645, 133.685501099, 17.4331207275, 8.11915111542, 4.1750497818, 2.6412050724, 1.90699243546, 0.755476653576, 0.236391201615, 0.0591237545013, 0.0132681718096, 0.00117160694208, 7.37649170333e-05, 1.15575517157e-07, 5.08294073498e-10]
    },
    "gfcc": {
        "mean": [-1.00181257725, 111.220710754, -122.063621521, 33.6972198486, -52.1029205322, 15.0033998489, -33.7883110046, 10.0817298889, -24.5983715057, 4.68636751175, -10.0100326538, -3.05625391006, -3.6452023983],
        "cov": [[4156.03027344, -570.961486816, -163.390075684, -26.5053367615, -196.250991821, -18.1464595795, -168.218551636, 61.0611686707, -206.61277771, 143.309768677, -129.438781738, -26.4239959717, -183.395736694], [-570.961486816, 653.213317871, -120.44871521, 19.2972049713, 75.9150314331, -25.7365131378, 85.6586608887, -82.4630279541, 100.124343872, -65.5087280273, 96.4528579712, -46.1176757812, 83.5973358154], [-163.390075684, -120.44871521, 924.870117188, 10.392162323, 100.9090271, 151.786392212, -48.1606216431, 34.7883262634, -36.2581253052, 103.613441467, -142.105636597, 167.119384766, -116.002113342], [-26.5053367615, 19.2972049713, 10.392162323, 178.917739868, 30.2052993774, 1.55267751217, -1.32359004021, 28.1922893524, 13.7142362595, -21.4492702484, 24.580904007, -21.6112194061, 31.260471344], [-196.250991821, 75.9150314331, 100.9090271, 30.2052993774, 224.620437622, 76.5158157349, 46.9828720093, 15.0342025757, 5.38430833817, -7.85583782196, 20.5212402344, 43.6691818237, -5.9432849884], [-18.1464595795, -25.7365131378, 151.786392212, 1.55267751217, 76.5158157349, 184.478622437, 52.5959815979, 1.92578148842, -29.5225486755, 13.814663887, -6.41789770126, 21.7103652954, -14.1218709946], [-168.218551636, 85.6586608887, -48.1606216431, -1.32359004021, 46.9828720093, 52.5959815979, 147.695404053, 14.0101299286, -8.67290687561, -6.56916046143, 27.7324199677, -24.3923530579, 20.6722793579], [61.0611686707, -82.4630279541, 34.7883262634, 28.1922893524, 15.0342025757, 1.92578148842, 14.0101299286, 127.87197113, 23.0559883118, 3.33908486366, -13.6590156555, -14.7199640274, -2.01219201088], [-206.61277771, 100.124343872, -36.2581253052, 13.7142362595, 5.38430833817, -29.5225486755, -8.67290687561, 23.0559883118, 116.693382263, -0.876003146172, 14.7445421219, -14.7474870682, 11.7097406387], [143.309768677, -65.5087280273, 103.613441467, -21.4492702484, -7.85583782196, 13.814663887, -6.56916046143, 3.33908486366, -0.876003146172, 94.9758987427, -5.85922002792, 15.5664186478, -34.2386245728], [-129.438781738, 96.4528579712, -142.105636597, 24.580904007, 20.5212402344, -6.41789770126, 27.7324199677, -13.6590156555, 14.7445421219, -5.85922002792, 132.876373291, 0.448677122593, 36.0818710327], [-26.4239959717, -46.1176757812, 167.119384766, -21.6112194061, 43.6691818237, 21.7103652954, -24.3923530579, -14.7199640274, -14.7474870682, 15.5664186478, 0.448677122593, 137.090103149, -2.25958108902], [-183.395736694, 83.5973358154, -116.002113342, 31.260471344, -5.9432849884, -14.1218709946, 20.6722793579, -2.01219201088, 11.7097406387, -34.2386245728, 36.0818710327, -2.25958108902, 125.093643188]],
        "icov": [[0.000390755652916, -0.000139862473588, 0.000487790559418, -0.000299923063722, 0.000234367427765, -0.000307464593789, 0.000528435688466, -0.000537585408892, 0.000868743285537, -0.000842969107907, 0.000548560172319, -0.000406106875744, 0.000596474681515], [-0.000139862473588, 0.00357965030707, -0.001337247435, 0.000794671126641, -0.0012550096726, 0.00141922384501, -0.00211140862666, 0.00348825240508, -0.00346227316186, 0.00251390179619, -0.00226918142289, 0.00242610694841, -0.00181977031752], [0.000487790559418, -0.001337247435, 0.00367564312182, -0.00176425219979, 0.000417055445723, -0.00234164716676, 0.00160055211745, -0.00218223151751, 0.00199702917598, -0.00365148624405, 0.00391348684207, -0.00416804524139, 0.00252358429134], [-0.000299923063722, 0.000794671126641, -0.00176425219979, 0.0075778211467, -0.00147780124098, 0.000836606544908, 0.000468835671199, -0.000249802629696, -0.00116576603614, 0.00266125216149, -0.00302109750919, 0.00348604726605, -0.00278584146872], [0.000234367427765, -0.0012550096726, 0.000417055445723, -0.00147780124098, 0.00688977958634, -0.00249212840572, -0.000793780491222, -0.0018242970109, 0.000536670268048, 0.000189970887732, 6.58263306832e-05, -0.00318644009531, 0.00201138341799], [-0.000307464593789, 0.00141922384501, -0.00234164716676, 0.000836606544908, -0.00249212840572, 0.00899319443852, -0.00362447160296, 0.00211685174145, -0.000250467652222, 0.00141758052632, -0.00176175183151, 0.00215324014425, -0.00129137816839], [0.000528435688466, -0.00211140862666, 0.00160055211745, 0.000468835671199, -0.000793780491222, -0.00362447160296, 0.0111712710932, -0.00375372543931, 0.00389400543645, -0.00255757430568, 0.000342592247762, 0.000634786789306, 4.75557753816e-05], [-0.000537585408892, 0.00348825240508, -0.00218223151751, -0.000249802629696, -0.0018242970109, 0.00211685174145, -0.00375372543931, 0.0127833234146, -0.00587857374921, 0.00280208769254, -0.00147560238838, 0.00365776149556, -0.00229330733418], [0.000868743285537, -0.00346227316186, 0.00199702917598, -0.00116576603614, 0.000536670268048, -0.000250467652222, 0.00389400543645, -0.00587857374921, 0.0145388655365, -0.00440524425358, 0.001895018504, -0.00159667700063, 0.00184764678124], [-0.000842969107907, 0.00251390179619, -0.00365148624405, 0.00266125216149, 0.000189970887732, 0.00141758052632, -0.00255757430568, 0.00280208769254, -0.00440524425358, 0.0169312357903, -0.00501381093636, 0.00273834913969, 0.000211955863051], [0.000548560172319, -0.00226918142289, 0.00391348684207, -0.00302109750919, 6.58263306832e-05, -0.00176175183151, 0.000342592247762, -0.00147560238838, 0.001895018504, -0.00501381093636, 0.0134735722095, -0.00500011630356, 0.000902279338334], [-0.000406106875744, 0.00242610694841, -0.00416804524139, 0.00348604726605, -0.00318644009531, 0.00215324014425, 0.000634786789306, 0.00365776149556, -0.00159667700063, 0.00273834913969, -0.00500011630356, 0.0143053242937, -0.00430775526911], [0.000596474681515, -0.00181977031752, 0.00252358429134, -0.00278584146872, 0.00201138341799, -0.00129137816839, 4.75557753816e-05, -0.00229330733418, 0.00184764678124, 0.000211955863051, 0.000902279338334, -0.00430775526911, 0.01257296931]]
    },
    "melbands": {
        "dmean": [0.00123403035104, 0.00126023218036, 0.00038584676804, 0.000647538399789, 0.00026200764114, 0.000200905444217, 0.000176331101102, 0.000120672157209, 0.00014182634186, 9.67813030002e-05, 0.000115944334539, 7.66860175645e-05, 5.88778639212e-05, 9.73617497948e-05, 7.6714088209e-05, 3.9314138121e-05, 4.75307388115e-05, 3.7726611481e-05, 3.48234789271e-05, 1.85002445505e-05, 1.70479761437e-05, 1.40727843245e-05, 8.04234423413e-06, 8.34628372104e-06, 1.0233262401e-05, 8.41328255774e-06, 4.90345382786e-06, 5.80566802455e-06, 3.35105733029e-06, 1.86895169918e-06, 9.49909065184e-07, 7.42631300454e-07, 6.08086452303e-07, 4.79570417156e-07, 4.37752134985e-07, 3.72011868421e-07, 3.57515204996e-07, 2.97777177138e-07, 2.08837064974e-07, 1.82005223337e-07],
        "dmean2": [0.0020202009473, 0.00208249385469, 0.000632543640677, 0.00103526271414, 0.000397976895329, 0.000305572553771, 0.000265158363618, 0.000179978742381, 0.00021576313884, 0.000144040386658, 0.000174873057404, 0.000115569811896, 8.70638832566e-05, 0.000145838508615, 0.000117082585348, 5.69438379898e-05, 7.06310238456e-05, 5.52794008399e-05, 4.94300438731e-05, 2.73177920462e-05, 2.4827046218e-05, 2.06843924389e-05, 1.21643306557e-05, 1.22760657177e-05, 1.53302335093e-05, 1.25969299916e-05, 7.25968948245e-06, 8.30010139907e-06, 4.82167115479e-06, 2.77883077615e-06, 1.37734934924e-06, 1.05988522137e-06, 8.84738824425e-07, 7.21690526007e-07, 6.79887364186e-07, 5.47500235371e-07, 5.3709408121e-07, 4.4781219799e-07, 3.16473659723e-07, 2.69883372539e-07],
        "dvar": [3.6515850752e-06, 3.14726321449e-06, 2.6464340408e-07, 1.35520838285e-06, 1.29449958308e-07, 1.45625449477e-07, 7.83829108286e-08, 4.99159220624e-08, 8.55277733081e-08, 6.04592784725e-08, 6.75139872897e-08, 3.13648413908e-08, 2.13670858784e-08, 1.71590770037e-07, 1.53562154992e-07, 1.23122507745e-08, 2.20439382304e-08, 1.08304538671e-08, 7.16047621196e-09, 2.41103403908e-09, 1.91169036157e-09, 5.1059876327e-09, 8.307424193e-10, 3.1567179426e-10, 7.7303879964e-10, 4.06232075756e-10, 9.02762378741e-11, 1.17051049409e-10, 2.9766498294e-11, 1.25407054533e-11, 2.54672086371e-12, 1.67977654356e-12, 1.10742556618e-12, 8.22558384253e-13, 8.54240994348e-13, 5.44905537792e-13, 5.4132094857e-13, 3.58469140873e-13, 1.68682003586e-13, 1.11860546596e-13],
        "dvar2": [9.30149235501e-06, 8.44943315315e-06, 6.66876871946e-07, 3.25042969962e-06, 3.17763380053e-07, 3.36658160904e-07, 1.69191494592e-07, 1.04574901627e-07, 2.01492497354e-07, 1.31285830207e-07, 1.34850424161e-07, 6.29071337244e-08, 4.73010715041e-08, 3.25305506976e-07, 3.03851038552e-07, 2.28571703786e-08, 5.05073565193e-08, 2.38287825027e-08, 1.22991625773e-08, 5.0804129792e-09, 3.92551946504e-09, 8.57135340482e-09, 1.52445489565e-09, 6.45972941804e-10, 1.59925217513e-09, 8.08912159478e-10, 1.98630389914e-10, 2.28988342177e-10, 5.795311106e-11, 2.7773979297e-11, 5.52745262755e-12, 3.48355589166e-12, 2.39001440167e-12, 2.0161439792e-12, 2.15255938074e-12, 1.22844020112e-12, 1.28016239102e-12, 8.71998382789e-13, 3.85836843161e-13, 2.47607625592e-13],
        "max": [0.0175890866667, 0.017298175022, 0.00562341231853, 0.0128407506272, 0.00512265739962, 0.0100600747392, 0.00397829152644, 0.0036394209601, 0.00503998855129, 0.00443263817579, 0.00447705667466, 0.0043177283369, 0.00257463147864, 0.00833798572421, 0.00915268436074, 0.00300646969117, 0.0038912515156, 0.00272101303563, 0.00167480297387, 0.00122027180623, 0.000852091587149, 0.00246292701922, 0.000839134096168, 0.000391859328374, 0.000436362926848, 0.000448427686933, 0.000149558327394, 0.000201120928978, 8.72018499649e-05, 3.83480946766e-05, 2.17998294829e-05, 1.90460978047e-05, 2.16399421333e-05, 1.75107452378e-05, 1.82582043635e-05, 1.28980873342e-05, 1.09874272312e-05, 9.91624710878e-06, 7.68860081735e-06, 7.40805808164e-06],
        "mean": [0.00167470541783, 0.00189481920097, 0.00056326756021, 0.000823579146527, 0.000501360045746, 0.000384008628316, 0.000345053995261, 0.000205498698051, 0.000242515845457, 0.000163653690834, 0.000193250423763, 0.000146373451571, 0.000102054284071, 0.000201238493901, 0.000133652967634, 7.52569540055e-05, 7.90251942817e-05, 5.75195954298e-05, 5.8586254454e-05, 2.92199256364e-05, 2.68582734861e-05, 2.15906638914e-05, 1.4221956917e-05, 1.49366915139e-05, 1.85287844943e-05, 1.5226348296e-05, 9.69727170741e-06, 1.0485092389e-05, 6.03166927249e-06, 2.83920098809e-06, 1.45109288496e-06, 1.1299681546e-06, 9.11347228794e-07, 6.86851819864e-07, 6.11956522789e-07, 5.71146472339e-07, 5.44961437754e-07, 4.20870662765e-07, 3.10761151923e-07, 2.74585573834e-07],
        "median": [0.000844156718813, 0.00101678213105, 0.000369349028915, 0.000393258727854, 0.000332664349116, 0.000191105151316, 0.000160327006597, 7.27387669031e-05, 8.84823530214e-05, 4.69457554573e-05, 6.24349922873e-05, 5.02866678289e-05, 4.20505930379e-05, 2.32641177718e-05, 1.8341728719e-05, 1.69945978996e-05, 1.94572330656e-05, 1.49934421643e-05, 1.68648584804e-05, 1.15409238788e-05, 8.7506878117e-06, 5.23823928233e-06, 5.03753835801e-06, 5.62026889384e-06, 4.55052713733e-06, 4.34736330135e-06, 3.51972630597e-06, 3.61393176718e-06, 2.27889495363e-06, 1.02362503185e-06, 6.33602780908e-07, 4.90270963382e-07, 4.55591816717e-07, 3.13493274007e-07, 3.09865583858e-07, 2.8920362638e-07, 2.89943614007e-07, 2.11048103438e-07, 1.5140633991e-07, 1.41387715757e-07],
        "min": [5.28505607049e-24, 5.82940598827e-24, 2.19981929524e-24, 1.55409258643e-23, 1.32425811947e-23, 1.98012094149e-24, 1.83576420788e-23, 1.83503892917e-23, 3.73955804474e-24, 2.85586107035e-24, 4.54728455851e-24, 4.78183736032e-24, 1.36700980514e-23, 1.32443703312e-23, 1.11776801884e-23, 8.5594161341e-24, 9.86690654171e-24, 1.46596057278e-23, 1.22939104807e-23, 1.76277059278e-23, 1.74031945364e-23, 8.69254114503e-24, 1.32671857663e-23, 8.81152897966e-24, 1.25271214301e-23, 9.62086713626e-24, 9.85482355923e-24, 1.0583768901e-23, 1.16312830975e-23, 1.45667599547e-23, 8.26719128923e-24, 1.01068062427e-23, 1.72374406608e-23, 9.24682873805e-24, 9.53735200995e-24, 1.17302370206e-23, 9.88675270437e-24, 8.23850830672e-24, 9.86502747504e-24, 9.12133595639e-24],
        "var": [4.93982952321e-06, 5.19489412909e-06, 3.82427714385e-07, 1.56236490056e-06, 2.91810010822e-07, 3.46844160504e-07, 2.5022214345e-07, 1.43306820632e-07, 2.04933925829e-07, 1.50259140241e-07, 1.66748577612e-07, 1.0271694606e-07, 4.55490010154e-08, 6.50376591693e-07, 3.7050233459e-07, 5.99283396241e-08, 3.73499631223e-08, 1.99573921833e-08, 1.74879861703e-08, 4.65960958707e-09, 3.98572197469e-09, 1.0232711567e-08, 2.08577199956e-09, 8.88998097359e-10, 1.91077198508e-09, 9.78197745027e-10, 2.80014067489e-10, 3.2083316559e-10, 8.56177698183e-11, 2.13885298361e-11, 4.58408484783e-12, 2.94166557432e-12, 1.88066077468e-12, 1.15983026135e-12, 9.51206778274e-13, 7.7415786455e-13, 7.49865935405e-13, 4.62944786672e-13, 2.45302720194e-13, 1.77213278774e-13]
    },
    "mfcc": {
        "mean": [-642.900268555, 136.582641602, -4.61686849594, 24.6196746826, 5.45082139969, 4.55958747864, 6.38246631622, 0.0307422112674, -0.0915089398623, 6.43785572052, -4.40497303009, -1.54046702385, 0.534071326256],
        "cov": [[3459.89013672, -496.262359619, -263.528106689, -57.261516571, -197.141433716, -163.447692871, -23.8284702301, -163.02947998, -130.212036133, 117.767089844, 1.98064649105, -87.0101470947, -131.002944946], [-496.262359619, 550.32019043, 16.8775920868, 20.4588279724, 26.8309307098, 93.4037246704, -9.09784317017, 23.9057388306, 19.0032119751, -47.9835662842, 25.4103336334, 27.1363487244, 39.5931358337], [-263.528106689, 16.8775920868, 538.449890137, 13.5601997375, 114.950050354, 116.198661804, -15.2144956589, 36.182220459, 28.0549468994, -49.8199272156, 36.6435317993, 9.46553611755, 20.7270183563], [-57.261516571, 20.4588279724, 13.5601997375, 152.684448242, 47.259929657, -24.978509903, -4.33475971222, 10.1756477356, 10.2159423828, 1.55649316311, -3.39362215996, 9.53361797333, 5.69772529602], [-197.141433716, 26.8309307098, 114.950050354, 47.259929657, 186.625, 47.4693107605, -0.688119113445, 51.3553695679, 17.9876098633, -27.2153892517, 4.90949487686, 28.4085865021, 30.0781860352], [-163.447692871, 93.4037246704, 116.198661804, -24.978509903, 47.4693107605, 188.857391357, 48.9083404541, 20.1746082306, 8.61651134491, -46.1907310486, 12.5378303528, 19.8544788361, 32.8247871399], [-23.8284702301, -9.09784317017, -15.2144956589, -4.33475971222, -0.688119113445, 48.9083404541, 183.867660522, 34.1607627869, -2.29734683037, 36.9362258911, -10.1010723114, -7.23271131516, 3.03805303574], [-163.02947998, 23.9057388306, 36.182220459, 10.1756477356, 51.3553695679, 20.1746082306, 34.1607627869, 112.667922974, 29.8041973114, -8.97387218475, 6.29524278641, 8.74252414703, 19.5564308167], [-130.212036133, 19.0032119751, 28.0549468994, 10.2159423828, 17.9876098633, 8.61651134491, -2.29734683037, 29.8041973114, 96.2362976074, 22.4009628296, -7.82148933411, -16.2740764618, -4.95993232727], [117.767089844, -47.9835662842, -49.8199272156, 1.55649316311, -27.2153892517, -46.1907310486, 36.9362258911, -8.97387218475, 22.4009628296, 146.749053955, 25.1443119049, -41.6722602844, -47.610874176], [1.98064649105, 25.4103336334, 36.6435317993, -3.39362215996, 4.90949487686, 12.5378303528, -10.1010723114, 6.29524278641, -7.82148933411, 25.1443119049, 104.060508728, 23.1093292236, -22.9224491119], [-87.0101470947, 27.1363487244, 9.46553611755, 9.53361797333, 28.4085865021, 19.8544788361, -7.23271131516, 8.74252414703, -16.2740764618, -41.6722602844, 23.1093292236, 105.736572266, 49.9715690613], [-131.002944946, 39.5931358337, 20.7270183563, 5.69772529602, 30.0781860352, 32.8247871399, 3.03805303574, 19.5564308167, -4.95993232727, -47.610874176, -22.9224491119, 49.9715690613, 128.564605713]],
