{
"lowlevel": {
    "average_loudness": 0.864429354668,
    "barkbands_crest": {
        "dmean": 2.75423049927,
        "dmean2": 4.48990678787,
        "dvar": 5.57812595367,
        "dvar2": 14.9906873703,
        "max": 24.5728473663,
        "mean": 11.7916688919,
        "median": 11.3114128113,
        "min": 3.78120970726,
        "var": 14.029343605
    },
    "barkbands_flatness_db": {
        "dmean": 0.030656773597,
        "dmean2": 0.0438654012978,
        "dvar": 0.000729346473236,
        "dvar2": 0.00148258102126,
        "max": 0.416738212109,
        "mean": 0.211632803082,
        "median": 0.203094139695,
        "min": 0.0682081803679,
        "var": 0.00325013860129
    },
    "barkbands_kurtosis": {
        "dmean": 7.33867359161,
        "dmean2": 11.227809906,
        "dvar": 105.901977539,
        "dvar2": 255.876342773,
        "max": 126.181808472,
        "mean": 14.4334897995,
        "median": 10.7581949234,
        "min": -1.82446491718,
        "var": 228.455886841
    },
    "barkbands_skewness": {
        "dmean": 0.775217533112,
        "dmean2": 1.14209938049,
        "dvar": 0.608598530293,
        "dvar2": 1.43863475323,
        "max": 8.65134906769,
        "mean": 2.71602058411,
        "median": 2.64556145668,
        "min": -2.00700163841,
        "var": 2.23066210747
    },
    "barkbands_spread": {
        "dmean": 3.2847507,
        "dmean2": 4.9856672287,
        "dvar": 20.277671814,
        "dvar2": 46.0194892883,
        "max": 81.2935256958,
        "mean": 10.0107526779,
        "median": 7.72805166245,
        "min": 0.71916860342,
        "var": 54.9582099915
    },
    "dissonance": {
        "dmean": 0.0234785266221,
        "dmean2": 0.0386429131031,
        "dvar": 0.000480327842524,
        "dvar2": 0.00125908257905,
        "max": 0.499813437462,
        "mean": 0.437469363213,
        "median": 0.440810233355,
        "min": 0.174677506089,
        "var": 0.000994044472463
    },
    "dynamic_complexity": 3.33296394348,
    "erbbands_crest": {
        "dmean": 2.72386312485,
        "dmean2": 4.30880022049,
        "dvar": 5.83031272888,
        "dvar2": 14.4739332199,
        "max": 29.1462516785,
        "mean": 11.012216568,
        "median": 10.190120697,
        "min": 3.1328792572,
        "var": 17.7138347626
    },
    "erbbands_flatness_db": {
        "dmean": 0.0240866001695,
        "dmean2": 0.0325767546892,
        "dvar": 0.000424115161877,
        "dvar2": 0.000827579351608,
        "max": 0.305936276913,
        "mean": 0.18182323873,
        "median": 0.182267978787,
        "min": 0.076592437923,
        "var": 0.00168308056891
    },
    "erbbands_kurtosis": {
        "dmean": 1.58573913574,
        "dmean2": 2.47911739349,
        "dvar": 5.20787000656,
        "dvar2": 11.7952566147,
        "max": 31.6974372864,
        "mean": 1.81153047085,
        "median": 0.648083209991,
        "min": -1.80017697811,
        "var": 13.5764694214
    },
    "erbbands_skewness": {
        "dmean": 0.450960308313,
        "dmean2": 0.656858623028,
        "dvar": 0.181050017476,
        "dvar2": 0.385297596455,
        "max": 5.20266819,
        "mean": 1.06562125683,
        "median": 1.00897681713,
        "min": -1.7610231638,
        "var": 0.973392248154
    },
    "erbbands_spread": {
        "dmean": 8.77645301819,
        "dmean2": 12.9879961014,
        "dvar": 106.928253174,
        "dvar2": 217.787261963,
        "max": 165.742752075,
        "mean": 35.9945640564,
        "median": 32.8384056091,
        "min": 4.56736803055,
        "var": 343.42010498
    },
    "hfc": {
        "dmean": 3.48953413963,
        "dmean2": 4.11699295044,
        "dvar": 60.9732475281,
        "dvar2": 61.6277351379,
        "max": 293.140899658,
        "mean": 10.605670929,
        "median": 4.72156429291,
        "min": 1.17052952054e-16,
        "var": 360.325744629
    },
    "melbands_crest": {
        "dmean": 3.50986838341,
        "dmean2": 5.57261657715,
        "dvar": 8.59764480591,
        "dvar2": 20.8943138123,
        "max": 31.3072509766,
        "mean": 15.9073467255,
        "median": 15.0703706741,
        "min": 2.06291985512,
        "var": 26.2916431427
    },
    "melbands_flatness_db": {
        "dmean": 0.0329026468098,
        "dmean2": 0.0465551912785,
        "dvar": 0.000894218566827,
        "dvar2": 0.0017258299049,
        "max": 0.529496073723,
        "mean": 0.289204776287,
        "median": 0.28148162365,
        "min": 0.00579465646297,
        "var": 0.00490247551352
    },
    "melbands_kurtosis": {
        "dmean": 15.7444114685,
        "dmean2": 24.3051300049,
        "dvar": 786.300476074,
        "dvar2": 1866.31298828,
        "max": 406.507354736,
        "mean": 31.3559131622,
        "median": 20.8491744995,
        "min": -1.41081345081,
        "var": 1448.6697998
    },
    "melbands_skewness": {
        "dmean": 1.00726866722,
        "dmean2": 1.50711917877,
        "dvar": 1.2497266531,
        "dvar2": 2.90764689445,
        "max": 16.7564506531,
        "mean": 3.65421438217,
        "median": 3.39472985268,
        "min": -0.404130071402,
        "var": 4.23140764236
    },
    "melbands_spread": {
        "dmean": 3.33190798759,
        "dmean2": 4.83490467072,
        "dvar": 25.2687759399,
        "dvar2": 45.5755004883,
        "max": 125.061431885,
        "mean": 9.93488407135,
        "median": 6.37776470184,
        "min": 0.676807463169,
        "var": 83.7662582397
    },
    "pitch_salience": {
        "dmean": 0.0751364082098,
        "dmean2": 0.117767594755,
        "dvar": 0.00437445379794,
        "dvar2": 0.0106010464951,
        "max": 0.831225275993,
        "mean": 0.526436328888,
        "median": 0.533145904541,
        "min": 0.117513924837,
        "var": 0.0132001154125
    },
    "silence_rate_20dB": {
        "dmean": 0,
        "dmean2": 0,
        "dvar": 0,
        "dvar2": 0,
        "max": 1,
        "mean": 1,
        "median": 1,
        "min": 1,
        "var": 0
    },
    "silence_rate_30dB": {
        "dmean": 0.00515463901684,
        "dmean2": 0.0103145949543,
        "dvar": 0.00512813171372,
        "dvar2": 0.0102084092796,
        "max": 1,
        "mean": 0.991756796837,
        "median": 1,
        "min": 0,
        "var": 0.00817512068897
    },
    "silence_rate_60dB": {
        "dmean": 0.0278350524604,
        "dmean2": 0.055183082819,
        "dvar": 0.0270598921925,
        "dvar2": 0.0624515227973,
        "max": 1,
        "mean": 0.040185470134,
        "median": 0,
        "min": 0,
        "var": 0.0385709777474
    },
    "spectral_centroid": {
        "dmean": 160.190551758,
        "dmean2": 231.690612793,
        "dvar": 94846.3359375,
        "dvar2": 133800.1875,
        "max": 11186.2255859,
        "mean": 685.457824707,
        "median": 551.712341309,
        "min": 162.82131958,
        "var": 206253.84375
    },
    "spectral_complexity": {
        "dmean": 2.12061858177,
        "dmean2": 2.86023712158,
        "dvar": 4.74220275879,
        "dvar2": 6.75151252747,
        "max": 42,
        "mean": 10.1937141418,
        "median": 9,
        "min": 0,
        "var": 36.8940315247
    },
    "spectral_decrease": {
        "dmean": 2.09918238347e-09,
        "dmean2": 2.91020318954e-09,
        "dvar": 7.23120133441e-18,
        "dvar2": 1.29385945326e-17,
        "max": 1.2587491614e-30,
        "mean": -5.52443912838e-09,
        "median": -3.85691611982e-09,
        "min": -6.34875476635e-08,
        "var": 2.92583741915e-17
    },
    "spectral_energy": {
        "dmean": 0.00820177420974,
        "dmean2": 0.0112902829424,
        "dvar": 0.000113646849059,
        "dvar2": 0.000196991313715,
        "max": 0.266029566526,
        "mean": 0.0218124389648,
        "median": 0.0150830140337,
        "min": 1.06123007441e-20,
        "var": 0.000480075774249
    },
    "spectral_energyband_high": {
        "dmean": 9.47219814407e-05,
        "dmean2": 0.000123452584376,
        "dvar": 1.21507241602e-07,
        "dvar2": 1.51443700247e-07,
        "max": 0.0153695540503,
        "mean": 0.000179234630195,
        "median": 4.85097152705e-05,
        "min": 8.11274510985e-21,
        "var": 3.14847653726e-07
    },
    "spectral_energyband_low": {
        "dmean": 0.00370102724992,
        "dmean2": 0.00550227565691,
        "dvar": 2.12143149838e-05,
        "dvar2": 4.54765431641e-05,
        "max": 0.0710209682584,
        "mean": 0.00655955541879,
        "median": 0.00425755372271,
        "min": 5.45571910648e-23,
        "var": 5.16248510394e-05
    },
    "spectral_energyband_middle_high": {
        "dmean": 0.00126712908968,
        "dmean2": 0.00143885635771,
        "dvar": 2.22114686039e-05,
        "dvar2": 2.74457433989e-05,
        "max": 0.182703509927,
        "mean": 0.00322768324986,
        "median": 0.000495586660691,
        "min": 1.49205661533e-21,
        "var": 8.83172324393e-05
    },
    "spectral_energyband_middle_low": {
        "dmean": 0.00534590426832,
        "dmean2": 0.0078152641654,
        "dvar": 6.32297524135e-05,
        "dvar2": 0.00013362923346,
        "max": 0.182200193405,
        "mean": 0.0123626962304,
        "median": 0.00803608167917,
        "min": 2.44540822167e-22,
        "var": 0.000192993349629
    },
    "spectral_entropy": {
        "dmean": 0.255705714226,
        "dmean2": 0.361612677574,
        "dvar": 0.0595352202654,
        "dvar2": 0.123680368066,
        "max": 9.78927230835,
        "mean": 6.82448720932,
        "median": 6.84185647964,
        "min": 5.41404914856,
        "var": 0.215385720134
    },
    "spectral_flux": {
        "dmean": 0.0228981021792,
        "dmean2": 0.0358260013163,
        "dvar": 0.000577101134695,
        "dvar2": 0.00133885303512,
        "max": 0.401384711266,
        "mean": 0.0660775974393,
        "median": 0.0568650811911,
        "min": 1.03016019326e-10,
        "var": 0.00158627063502
    },
    "spectral_kurtosis": {
        "dmean": 3.16113448143,
        "dmean2": 5.17273378372,
        "dvar": 10.3080949783,
        "dvar2": 25.568901062,
        "max": 40.4705429077,
        "mean": 7.52700662613,
        "median": 6.57772541046,
        "min": -1.19398808479,
        "var": 21.0479183197
    },
    "spectral_rms": {
        "dmean": 0.000851746008266,
        "dmean2": 0.00115511321928,
        "dvar": 7.03784110101e-07,
        "dvar2": 1.32446541556e-06,
        "max": 0.0161102768034,
        "mean": 0.00419146940112,
        "median": 0.00383603130467,
        "min": 3.21768002867e-12,
        "var": 3.7120057641e-06
    },
    "spectral_rolloff": {
        "dmean": 193.941741943,
        "dmean2": 316.181060791,
        "dvar": 331849.90625,
        "dvar2": 581252.5,
        "max": 18195.5566406,
        "mean": 583.83782959,
        "median": 366.064453125,
        "min": 86.1328125,
        "var": 442720.09375
    },
    "spectral_skewness": {
        "dmean": 0.352319955826,
        "dmean2": 0.553804755211,
        "dvar": 0.103078566492,
        "dvar2": 0.237538665533,
        "max": 4.75902986526,
        "mean": 2.03734731674,
        "median": 1.97101128101,
        "min": -0.00817495118827,
        "var": 0.314554601908
    },
    "spectral_spread": {
        "dmean": 798295.375,
        "dmean2": 1082294.125,
        "dvar": 1.10180119347e+12,
        "dvar2": 1.50016281805e+12,
        "max": 40748400,
        "mean": 3919498,
        "median": 3477104.75,
        "min": 1497897.5,
        "var": 2.79921452646e+12
    },
    "spectral_strongpeak": {
        "dmean": 0.373569965363,
        "dmean2": 0.600753307343,
        "dvar": 0.566901803017,
        "dvar2": 1.26179015636,
        "max": 13.4242343903,
        "mean": 0.814509868622,
        "median": 0.448566257954,
        "min": 0,
        "var": 1.48129951954
    },
    "zerocrossingrate": {
        "dmean": 0.00651377253234,
        "dmean2": 0.00782030634582,
        "dvar": 0.000164536453667,
        "dvar2": 0.000181898882147,
        "max": 0.4990234375,
        "mean": 0.0300223790109,
        "median": 0.02734375,
        "min": 0.0029296875,
        "var": 0.000362031394616
    },
    "barkbands": {
        "dmean": [3.58492457053e-06, 0.0016011307016, 0.00229336624034, 0.000984308193438, 0.00349503010511, 0.000834486389067, 0.000367254804587, 0.000186663150089, 0.000827968819067, 0.000487502897158, 0.000173353211721, 0.000257324398262, 0.000243058937485, 0.000363327184459, 0.000143764467794, 0.000111765337351, 7.46309015085e-05, 6.09770504525e-05, 4.69714977953e-05, 6.30415379419e-05, 3.06459660351e-05, 9.40250447456e-06, 1.02913545561e-05, 1.1632974747e-05, 7.01226917954e-06, 4.13415045841e-06, 2.97254786119e-07],
        "dmean2": [6.30732802165e-06, 0.00243957457133, 0.00340088200755, 0.00156194251031, 0.00555684138089, 0.00125083129387, 0.00054735672893, 0.000261495064478, 0.00108831375837, 0.000692123780027, 0.000248629716225, 0.000354700634489, 0.000371113710571, 0.000550824799575, 0.000215763531742, 0.000160386451171, 0.000109576307295, 8.69181894814e-05, 6.41687511234e-05, 8.57072300278e-05, 4.5315377065e-05, 1.35780128403e-05, 1.49423685798e-05, 1.70105176949e-05, 1.04963683043e-05, 6.50900437904e-06, 5.21214872151e-07],
        "dvar": [9.97243676526e-11, 5.52321944269e-06, 8.47373758006e-06, 3.04444938592e-06, 3.27057605318e-05, 2.32630054597e-06, 6.15340127297e-07, 3.10331955689e-07, 7.61847786634e-06, 2.31069152505e-05, 5.12543067543e-07, 1.31613501253e-06, 1.57617819241e-06, 3.61656702808e-06, 1.85529088981e-07, 1.4454411712e-07, 4.99163661516e-08, 2.43605242645e-08, 1.67499916159e-08, 8.86176394488e-08, 1.37664439848e-08, 4.55306986558e-10, 1.3449668046e-09, 8.11192113481e-10, 2.21317034144e-10, 6.29035989963e-11, 6.33203830081e-13],
        "dvar2": [2.77835865425e-10, 1.2904032701e-05, 1.75358309207e-05, 6.7661671892e-06, 8.38136693346e-05, 4.81639153804e-06, 1.27588839405e-06, 6.09214396263e-07, 1.25176620713e-05, 3.9064198063e-05, 1.00169995676e-06, 2.34474850913e-06, 3.93431810153e-06, 7.04105286786e-06, 4.23663351512e-07, 2.57424034089e-07, 9.73531513182e-08, 5.22489784771e-08, 2.87724706283e-08, 1.30813674559e-07, 3.1817599222e-08, 9.50705736358e-10, 2.30187580108e-09, 1.68267699774e-09, 4.68981853352e-10, 1.45131698326e-10, 1.68991795384e-12],
        "max": [0.000221777387196, 0.0390784591436, 0.0358376577497, 0.0302567128092, 0.0722476989031, 0.0300385281444, 0.0126814180985, 0.0191080551594, 0.0800592079759, 0.182725414634, 0.0156297739595, 0.0284725502133, 0.0263988282531, 0.0532101355493, 0.00998167414218, 0.0102820880711, 0.00509094074368, 0.00384340551682, 0.00310816336423, 0.0112559637055, 0.00373066286556, 0.000437427515863, 0.00129764853045, 0.000734206056222, 0.000301592081087, 8.90279407031e-05, 9.70430664893e-06],
        "mean": [3.44624595527e-06, 0.00281731039286, 0.00340425223112, 0.00162196601741, 0.00556355062872, 0.00176467874553, 0.000660787860397, 0.000337160396157, 0.00207865866832, 0.000909358554054, 0.00028401275631, 0.000443918659585, 0.000331522664055, 0.000549456337467, 0.000218471046537, 0.000251052115345, 0.000137766182888, 0.000114420749014, 9.67292726273e-05, 0.000117266237794, 5.0332313549e-05, 1.27371504277e-05, 1.44929990711e-05, 1.62421893037e-05, 8.71111387823e-06, 3.95554434363e-06, 2.24641681257e-07],
        "median": [1.49621450873e-06, 0.0015317137586, 0.00160081172362, 0.000685422099195, 0.00331690721214, 0.000846917391755, 0.000192426276044, 8.7106054707e-05, 9.78077659965e-05, 4.41674164904e-05, 2.47700336331e-05, 4.3704007112e-05, 3.47197019437e-05, 2.07012235478e-05, 2.83502722596e-05, 3.47628229065e-05, 2.79932773992e-05, 3.24757311319e-05, 2.11884398595e-05, 1.85313729162e-05, 9.3657981779e-06, 3.76332923224e-06, 3.73501620743e-06, 4.64144432044e-06, 2.31201784118e-06, 8.02678755463e-07, 1.52420902566e-08],
        "min": [3.1050010147e-23, 2.58329116825e-23, 8.15425796204e-24, 4.19145543657e-24, 2.56935988467e-23, 4.70590965596e-23, 3.13060775523e-23, 3.07532596072e-23, 2.79188350431e-23, 1.26892757335e-22, 7.3309695892e-23, 3.18532661861e-23, 1.27546842932e-22, 1.23694084136e-22, 1.31663321084e-22, 7.16841312453e-23, 1.44201072415e-22, 2.73230645682e-22, 2.91213493634e-22, 2.34798049199e-22, 3.94606147711e-22, 6.67961521769e-22, 6.74405593975e-22, 9.39031445878e-22, 1.09795644932e-21, 2.09550254267e-21, 2.40290333587e-21],
        "var": [7.02872759994e-11, 1.27834973682e-05, 2.08339024539e-05, 7.62058743931e-06, 4.59835900983e-05, 7.65075492382e-06, 1.75810157543e-06, 8.67515154823e-07, 5.59921718377e-05, 4.46328012913e-05, 1.26732982153e-06, 3.60603985428e-06, 2.09330573853e-06, 7.36615766073e-06, 3.78119437983e-07, 8.41944256535e-07, 1.18274130045e-07, 6.3265460426e-08, 6.2346352081e-08, 1.98784675831e-07, 2.54301220082e-08, 7.17808090744e-10, 2.64609956169e-09, 1.30870148052e-09, 3.24091309345e-10, 6.69963320932e-11, 4.6166098288e-13]
    },
    "erbbands": {
        "dmean": [0.0131654441357, 0.485550135374, 2.64735198021, 2.06155443192, 11.0710172653, 10.9814996719, 5.5765838623, 7.89316654205, 6.30540847778, 3.22504782677, 5.69112443924, 17.7609157562, 18.2603721619, 9.76801681519, 7.85918998718, 9.16357803345, 10.4149560928, 16.9836711884, 10.9531641006, 5.69676017761, 4.6903886795, 4.30547094345, 3.33099555969, 2.5702726841, 1.93856036663, 2.78192734718, 2.20386362076, 0.49749994278, 0.33089864254, 0.311299264431, 0.283840537071, 0.246088087559, 0.194279551506, 0.0999191179872, 0.0397198908031, 0.019801363349, 0.00765559496358, 0.00120266107842, 3.34275391651e-05, 9.44399016589e-06],
        "dmean2": [0.0194128174335, 0.735904693604, 3.89293837547, 3.19814682007, 17.8825531006, 17.2014389038, 8.0079240799, 11.9692649841, 9.36772251129, 4.65875244141, 7.99265813828, 22.4535903931, 25.2415809631, 13.0965270996, 10.6538143158, 11.6928539276, 15.1312465668, 24.8536834717, 15.2737255096, 7.95002889633, 6.78376150131, 5.99846124649, 4.62127923965, 3.32134103775, 2.5547709465, 3.66269135475, 2.9659717083, 0.700843513012, 0.476132154465, 0.456811338663, 0.409627765417, 0.366259008646, 0.290602743626, 0.149710386992, 0.060796033591, 0.0308011565357, 0.0122544756159, 0.00197431445122, 5.45361363038e-05, 1.29028539959e-05],
        "dvar": [0.000385495921364, 0.480735808611, 11.5510902405, 7.73258066177, 365.871704102, 312.340179443, 72.1803283691, 277.085845947, 161.497512817, 93.6413040161, 308.070861816, 4690.37792969, 24451.6953125, 4222.30664062, 1116.25878906, 1618.93994141, 2724.98413086, 8926.69140625, 1771.77099609, 344.787200928, 156.040328979, 145.7706604, 66.594291687, 37.2620239258, 39.1006507874, 177.200546265, 107.947799683, 2.37297415733, 0.511183381081, 0.79983830452, 0.918984234333, 0.51823759079, 0.266685515642, 0.047321099788, 0.00724521884695, 0.00161348877009, 0.000207407254493, 6.94203799867e-06, 5.59674617762e-09, 1.58556487384e-10],
        "dvar2": [0.000902661297005, 1.10108530521, 23.3684825897, 18.5677814484, 889.691467285, 778.600585938, 132.918197632, 561.221740723, 328.65322876, 223.476959229, 516.444763184, 6240.64990234, 38820.9414062, 8802.87988281, 2212.71435547, 2600.62011719, 6441.70019531, 16137.4521484, 3240.37182617, 621.012145996, 329.375671387, 284.956848145, 134.910507202, 58.3668670654, 63.5654182434, 304.554351807, 136.850418091, 4.031914711, 1.05811750889, 1.36107444763, 1.58203446865, 1.09024763107, 0.589026391506, 0.0999097749591, 0.0156179619953, 0.00375413708389, 0.000480824703118, 1.7448232029e-05, 1.41164679945e-08, 2.65538591115e-10],
        "max": [0.303244978189, 11.755443573, 45.9828414917, 38.354511261, 256.189697266, 188.107711792, 202.858642578, 392.956726074, 215.477142334, 242.486740112, 655.056274414, 2421.10400391, 6637.02685547, 1931.29602051, 759.081481934, 1432.28015137, 1198.22692871, 3087.66625977, 1617.5111084, 589.665771484, 283.437072754, 260.979949951, 209.127838135, 177.426864624, 189.228622437, 551.77935791, 424.614532471, 44.1369132996, 14.5841426849, 29.8512001038, 33.2936019897, 25.408372879, 14.4635000229, 4.66856622696, 1.54095876217, 0.488119959831, 0.157325923443, 0.0418594814837, 0.00102683855221, 0.000336049706675],
        "mean": [0.0291451662779, 0.849126517773, 4.10311174393, 3.67491698265, 15.6348218918, 17.553401947, 12.6002464294, 16.9695110321, 12.6320257187, 6.05497837067, 12.4911050797, 49.8107795715, 38.2079925537, 17.7111110687, 14.1863851547, 16.0811595917, 16.1918449402, 25.4881572723, 19.6828479767, 12.222743988, 10.3559503555, 8.61589431763, 6.81600189209, 5.6434211731, 4.18415021896, 5.17373085022, 4.07701444626, 0.832815468311, 0.455255568027, 0.440508395433, 0.405984789133, 0.33275911212, 0.269056141376, 0.129163533449, 0.0452726297081, 0.0193115826696, 0.00713013438508, 0.00106319959741, 3.82395664928e-05, 2.57019582932e-05],
        "median": [0.0132211074233, 0.494446903467, 1.97611236572, 2.25774550438, 6.96759223938, 9.92232036591, 8.4794549942, 6.97875452042, 4.36670637131, 2.38405561447, 2.06326174736, 2.31398844719, 2.10506439209, 1.3946095705, 1.45911455154, 1.73199319839, 1.85760319233, 1.13396191597, 1.73704648018, 1.58687245846, 2.0247900486, 1.88424122334, 1.9416847229, 1.72362458706, 0.852051496506, 0.921118497849, 0.58239620924, 0.219974696636, 0.135357752442, 0.125542297959, 0.109616331756, 0.0976647660136, 0.0719553679228, 0.0352528132498, 0.011461541988, 0.00407965155318, 0.00136224459857, 0.000181978888577, 1.49104007505e-05, 1.75992627192e-05],
        "min": [7.65310087673e-22, 5.60323140045e-21, 1.46332499355e-20, 7.13368395863e-21, 4.56996996661e-20, 1.35537071809e-19, 2.34090148799e-19, 3.7549088425e-19, 3.50763147019e-19, 6.52910511293e-19, 5.66843971219e-19, 6.77385751643e-19, 3.80682993558e-18, 2.42942180765e-18, 3.10325636952e-18, 1.54051232489e-18, 5.32261524702e-18, 6.26408864558e-18, 4.38831639951e-18, 7.7157016987e-18, 5.55266823744e-18, 7.87331600134e-18, 1.5516650977e-17, 1.841226454e-17, 1.15055363814e-17, 9.99880869767e-18, 1.51198855243e-17, 1.72290306502e-17, 2.26073225971e-17, 2.04992743127e-17, 2.06340319607e-17, 1.97309922685e-17, 1.42953833226e-17, 1.02783461139e-17, 9.16538783458e-18, 5.75298077612e-18, 3.99470870888e-18, 1.66183976502e-18, 3.29573157869e-19, 3.42985981975e-20],
        "var": [0.0015765534481, 1.10539162159, 29.1969394684, 17.8732872009, 630.156616211, 500.182250977, 234.75112915, 1025.5098877, 547.008972168, 177.198608398, 1653.29492188, 42477.1992188, 55900.2734375, 6290.30126953, 3096.35693359, 4672.69580078, 4351.05371094, 16967.9179688, 6251.95410156, 1669.48327637, 694.424560547, 414.138061523, 204.05279541, 153.578109741, 147.602020264, 331.429931641, 280.252166748, 4.93961429596, 0.844637930393, 1.63161611557, 1.79080379009, 0.780017733574, 0.364791840315, 0.0731090158224, 0.00926874577999, 0.00173764664214, 0.000214299361687, 6.04074193689e-06, 5.00320318508e-09, 6.94192481276e-10]
    },
    "gfcc": {
        "mean": [-68.0570983887, 129.152069092, -99.2872390747, 39.225063324, -48.0343208313, 2.6356780529, -43.4455108643, 2.00078630447, -29.5599422455, -6.60811281204, -11.6159648895, -7.83989095688, -6.39600896835],
        "cov": [[5832.62353516, -842.550842285, -990.174255371, -307.445404053, -285.804260254, 199.799926758, -31.8464031219, 178.107528687, -220.943313599, -29.5298061371, -440.983001709, -181.766769409, -49.4055976868], [-842.550842285, 977.370605469, -162.553192139, 20.3235321045, 199.540512085, -173.673568726, 178.168655396, -52.8488388062, 164.280227661, -88.0313415527, 244.692687988, -106.68712616, 140.164398193], [-990.174255371, -162.553192139, 1024.26257324, 186.106292725, 12.8433504105, 17.7765808105, -138.335983276, -57.1448440552, -31.2221355438, 119.785240173, -4.20219087601, 218.133712769, -96.2741775513], [-307.445404053, 20.3235321045, 186.106292725, 281.649261475, 64.6649703979, -12.8694791794, -14.5808897018, -14.7822055817, 67.0753097534, -17.1408119202, 12.8409957886, 26.4095935822, 27.365070343], [-285.804260254, 199.540512085, 12.8433504105, 64.6649703979, 232.157791138, 21.7643566132, 80.0808944702, 9.99645423889, 35.9400138855, -13.5513534546, 36.5562515259, -25.1311225891, 19.8767719269], [199.799926758, -173.673568726, 17.7765808105, -12.8694791794, 21.7643566132, 261.592498779, 79.2896118164, -5.79605865479, -67.7863693237, -8.79948234558, -39.3361320496, -25.0172557831, -38.5970191956], [-31.8464031219, 178.168655396, -138.335983276, -14.5808897018, 80.0808944702, 79.2896118164, 207.394073486, 20.2879066467, 11.1461334229, -26.2414016724, 31.1693477631, -80.4773101807, 17.8701934814], [178.107528687, -52.8488388062, -57.1448440552, -14.7822055817, 9.99645423889, -5.79605865479, 20.2879066467, 136.039611816, 51.1305809021, 11.4491033554, -22.5224838257, -19.8778915405, 14.6282720566], [-220.943313599, 164.280227661, -31.2221355438, 67.0753097534, 35.9400138855, -67.7863693237, 11.1461334229, 51.1305809021, 158.355819702, -6.59534978867, 38.3644371033, -21.2591629028, 51.584690094], [-29.5298061371, -88.0313415527, 119.785240173, -17.1408119202, -13.5513534546, -8.79948234558, -26.2414016724, 11.4491033554, -6.59534978867, 103.590522766, 1.77111983299, 41.953578949, -36.659122467], [-440.983001709, 244.692687988, -4.20219087601, 12.8409957886, 36.5562515259, -39.3361320496, 31.1693477631, -22.5224838257, 38.3644371033, 1.77111983299, 165.215942383, 22.8935070038, 33.2784576416], [-181.766769409, -106.68712616, 218.133712769, 26.4095935822, -25.1311225891, -25.0172557831, -80.4773101807, -19.8778915405, -21.2591629028, 41.953578949, 22.8935070038, 158.955856323, -19.5439929962], [-49.4055976868, 140.164398193, -96.2741775513, 27.365070343, 19.8767719269, -38.5970191956, 17.8701934814, 14.6282720566, 51.584690094, -36.659122467, 33.2784576416, -19.5439929962, 106.650001526]],
        "icov": [[0.000318633479765, -0.000132291504997, 0.000412767753005, -0.000142667253385, 0.000260885775788, -0.000256927596638, 0.000216070286115, -0.000411393411923, 0.000444132427219, -0.000320450286381, 0.000774622720201, -0.000174691274879, 1.06149664134e-05], [-0.000132291504997, 0.00550658768043, -0.00130146404263, 0.00227083195932, -0.00272669596598, 0.00371812190861, -0.00344000547193, 0.00367515324615, -0.00328103848733, 0.0030364759732, -0.0053172102198, 0.00307094445452, -0.00227708020248], [0.000412767753005, -0.00130146404263, 0.00268669170327, -0.00182654894888, 0.000593101547565, -0.00141017278656, 0.00137715565506, -0.000861930893734, 0.00119033874944, -0.00234080269001, 0.00221334025264, -0.00268102507107, 0.00149991782382], [-0.000142667253385, 0.00227083195932, -0.00182654894888, 0.00641462439671, -0.00229106447659, 0.00126771745272, -0.00117288238835, 0.00275681633502, -0.00405883649364, 0.00291351461783, -0.001732969773, 0.00108976557385, -0.00193599250633], [0.000260885775788, -0.00272669596598, 0.000593101547565, -0.00229106447659, 0.00707480451092, -0.0020114290528, -0.000281189888483, -0.00230718869716, 0.00148256390821, -0.00147128046956, 0.0022610432934, -0.00121070758905, 0.000994529225864], [-0.000256927596638, 0.00371812190861, -0.00141017278656, 0.00126771745272, -0.0020114290528, 0.0081050992012, -0.00490023754537, 0.00229096901603, -0.000246838433668, 0.00283933361061, -0.00293265539221, 0.0022851859685, -0.000359599041985], [0.000216070286115, -0.00344000547193, 0.00137715565506, -0.00117288238835, -0.000281189888483, -0.00490023754537, 0.0107849352062, -0.00341390212998, 0.00236275838688, -0.00197507953271, 0.00126686564181, 0.00125320698135, 0.00111798965372], [-0.000411393411923, 0.00367515324615, -0.000861930893734, 0.00275681633502, -0.00230718869716, 0.00229096901603, -0.00341390212998, 0.012782137841, -0.00676491856575, 0.000215989770368, -0.00151397357695, 0.00155739323236, -0.00232402980328], [0.000444132427219, -0.00328103848733, 0.00119033874944, -0.00405883649364, 0.00148256390821, -0.000246838433668, 0.00236275838688, -0.00676491856575, 0.0137882381678, -0.00285952794366, 0.00173254869878, 7.20673560863e-05, -0.0013792864047], [-0.000320450286381, 0.0030364759732, -0.00234080269001, 0.00291351461783, -0.00147128046956, 0.00283933361061, -0.00197507953271, 0.000215989770368, -0.00285952794366, 0.0156843028963, -0.00429976871237, 7.43357450119e-05, 0.00273293443024], [0.000774622720201, -0.0053172102198, 0.00221334025264, -0.001732969773, 0.0022610432934, -0.00293265539221, 0.00126686564181, -0.00151397357695, 0.00173254869878, -0.00429976871237, 0.0149442655966, -0.0058390754275, 0.000253151287325], [-0.000174691274879, 0.00307094445452, -0.00268102507107, 0.00108976557385, -0.00121070758905, 0.0022851859685, 0.00125320698135, 0.00155739323236, 7.20673560863e-05, 7.43357450119e-05, -0.0058390754275, 0.0132393790409, -0.00194880657364], [1.06149664134e-05, -0.00227708020248, 0.00149991782382, -0.00193599250633, 0.000994529225864, -0.000359599041985, 0.00111798965372, -0.00232402980328, -0.0013792864047, 0.00273293443024, 0.000253151287325, -0.00194880657364, 0.0152111332864]]
    },
    "melbands": {
        "dmean": [0.000270905758953, 0.0011152831139, 0.000593075121287, 0.000897526857443, 0.000221395544941, 0.0001672073995, 9.03985201148e-05, 3.64576189895e-05, 5.96452555328e-05, 0.000119003627333, 9.09373629838e-05, 4.18177187385e-05, 2.37724852923e-05, 2.70630680461e-05, 2.42782134592e-05, 2.75070124189e-05, 3.29283539031e-05, 2.04414027394e-05, 1.07086307253e-05, 8.33112881082e-06, 4.88071464133e-06, 4.72231795356e-06, 4.34804996985e-06, 2.55051077147e-06, 2.27961322707e-06, 1.66177210303e-06, 1.63945298937e-06, 2.12527447729e-06, 1.78698155651e-06, 6.48678792459e-07, 2.12218395745e-07, 1.87228323512e-07, 2.00724997512e-07, 1.74350716975e-07, 1.74292850375e-07, 1.58134128014e-07, 1.59878126738e-07, 1.51639909518e-07, 1.1179024284e-07, 8.05531286119e-08],
        "dmean2": [0.000410334410844, 0.00165510596707, 0.000915843702387, 0.00144250004087, 0.000319140177453, 0.000253032252658, 0.000133031659061, 5.23039816471e-05, 8.27300755191e-05, 0.000150283813127, 0.000127342282212, 5.55777914997e-05, 3.17921912938e-05, 3.37487872457e-05, 3.6471778003e-05, 4.15985123254e-05, 4.87526776851e-05, 2.86903614324e-05, 1.60245526786e-05, 1.17089302876e-05, 7.06453602106e-06, 6.7344103627e-06, 6.16099714534e-06, 3.5707976167e-06, 3.01801787828e-06, 2.25965663958e-06, 2.22724952437e-06, 2.91956212095e-06, 2.53395592154e-06, 9.35333332563e-07, 3.18465481541e-07, 2.75367511904e-07, 3.05550344137e-07, 2.63402370138e-07, 2.54826318269e-07, 2.37011406057e-07, 2.3939534799e-07, 2.29355592296e-07, 1.66635615528e-07, 1.23266133301e-07],
        "dvar": [1.6161180838e-07, 2.05069341064e-06, 8.27139103876e-07, 2.34790877585e-06, 8.90839899625e-08, 1.13896625464e-07, 3.20554889299e-08, 1.24337029561e-08, 4.7344922649e-08, 1.85755169468e-07, 6.3164571884e-07, 7.33199314595e-08, 9.46134548485e-09, 1.32240121076e-08, 1.51187542485e-08, 2.23195755211e-08, 3.32072751519e-08, 8.34975555364e-09, 1.3491389117e-09, 1.08788322795e-09, 1.61670621335e-10, 2.11949055529e-10, 1.63490193605e-10, 3.16455056604e-11, 3.14719153516e-11, 3.06209294032e-11, 2.97906178892e-11, 1.21186310986e-10, 9.89605411506e-11, 4.01591000038e-12, 4.32734550233e-13, 1.7505780354e-13, 2.0559549614e-13, 4.02130423145e-13, 4.10917095706e-13, 2.83172058935e-13, 2.05603383711e-13, 1.75735592528e-13, 7.40083721303e-14, 3.00828935059e-14],
        "dvar2": [3.90582357568e-07, 4.23786514148e-06, 1.83753377314e-06, 6.05235254625e-06, 1.67292753872e-07, 2.33102170455e-07, 6.44224158464e-08, 2.810511468e-08, 7.97953703113e-08, 2.54330274174e-07, 9.94571678348e-07, 1.53520133495e-07, 1.86717326045e-08, 1.93767721868e-08, 2.89709802814e-08, 5.08644077968e-08, 6.19030231519e-08, 1.53084052101e-08, 3.35147065655e-09, 1.78842174403e-09, 3.30162841511e-10, 4.43846626119e-10, 3.11109416007e-10, 5.7531531622e-11, 5.33002184055e-11, 4.63635033143e-11, 5.61265131593e-11, 2.09336339929e-10, 1.52901150074e-10, 7.79805820611e-12, 8.5200130371e-13, 3.86543011141e-13, 4.32902330519e-13, 6.43698744481e-13, 6.59517687858e-13, 6.68445388017e-13, 4.23761801474e-13, 4.0768777243e-13, 1.55620782645e-13, 6.48935251238e-14],
        "max": [0.00598971359432, 0.021911052987, 0.0157950017601, 0.0172525346279, 0.00681752339005, 0.00755479000509, 0.00330264610238, 0.00290013197809, 0.00851927697659, 0.0160077661276, 0.0334319658577, 0.00772207556292, 0.0026126478333, 0.00341196055524, 0.00305358693004, 0.00323348096572, 0.00553608732298, 0.00358501868322, 0.00107920740265, 0.000970847439021, 0.000290682713967, 0.00035840869532, 0.00039692260907, 0.000151346510393, 0.000145878002513, 0.000149710758706, 0.000111725137685, 0.000463101983769, 0.000361531157978, 5.19808745594e-05, 1.83920365089e-05, 7.33959859645e-06, 8.63565037434e-06, 2.30471687246e-05, 2.3505092031e-05, 1.66958598129e-05, 1.59877272381e-05, 1.17332156151e-05, 6.53028519082e-06, 3.36055768457e-06],
        "mean": [0.00051895348588, 0.00181415316183, 0.00104121153709, 0.00130209350027, 0.0004990347079, 0.000361860758858, 0.000177196372533, 6.63248065393e-05, 0.000130143918796, 0.000319219776429, 0.000185892582522, 7.59861577535e-05, 4.0934603021e-05, 4.8203215556e-05, 3.92270703742e-05, 3.74738410756e-05, 4.78654146718e-05, 3.52726528945e-05, 1.57090562425e-05, 2.00713529921e-05, 9.34004128794e-06, 8.82849053596e-06, 7.3516739576e-06, 5.09888559463e-06, 4.58956992588e-06, 3.36476364282e-06, 3.03011984215e-06, 3.65507617062e-06, 3.18261209031e-06, 1.05426590835e-06, 2.82386878325e-07, 2.44542377459e-07, 2.54591611792e-07, 2.4640522156e-07, 2.48114616852e-07, 1.97272370883e-07, 2.11089300706e-07, 2.02688099193e-07, 1.46120456179e-07, 9.7639521357e-08],
        "median": [0.000271891942248, 0.000998748349957, 0.000570430536754, 0.000674466486089, 0.000350435759174, 0.000155892179464, 6.06349240115e-05, 2.09090339922e-05, 1.31702963699e-05, 1.46287811731e-05, 1.01609539342e-05, 5.50203230887e-06, 3.94887501898e-06, 4.04884394811e-06, 4.62670277557e-06, 3.01875093101e-06, 1.75357877197e-06, 2.25462849812e-06, 2.0560860321e-06, 2.06887261811e-06, 2.02305022867e-06, 1.67048233379e-06, 1.71114049863e-06, 1.48312619785e-06, 1.29624936562e-06, 5.65112543427e-07, 5.87429326515e-07, 5.75691899485e-07, 3.90853131194e-07, 2.07453069834e-07, 6.73096991477e-08, 6.60223591353e-08, 7.48814343865e-08, 5.84270480886e-08, 6.22132887429e-08, 5.33202033637e-08, 5.7227982353e-08, 5.18613383349e-08, 3.92878156674e-08, 2.3575212893e-08],
        "min": [9.08203963926e-24, 8.20738616629e-24, 2.07477715036e-24, 7.16023563462e-24, 7.29388287146e-24, 8.34747839672e-24, 5.79478406643e-24, 7.37273109666e-24, 4.6665749213e-24, 4.62812544635e-24, 1.92817184764e-23, 9.42063057269e-24, 1.11930471988e-23, 3.98072386752e-24, 7.98133334073e-24, 1.38988377372e-23, 1.05574217356e-23, 6.80326660868e-24, 1.10869256856e-23, 6.69406617129e-24, 6.46576943089e-24, 6.42561601638e-24, 1.27221089132e-23, 1.58461298377e-23, 1.55821580461e-23, 6.62359880435e-24, 8.92541525083e-24, 5.90300631629e-24, 8.00535178871e-24, 1.20246746203e-23, 9.48220984381e-24, 1.5927642835e-23, 9.02272282121e-24, 1.19924480746e-23, 1.18401048343e-23, 1.0665941386e-23, 1.34679981983e-23, 1.03765950946e-23, 8.0909195311e-24, 8.95603252028e-24],
        "var": [4.16345613985e-07, 5.0466042012e-06, 2.04961588679e-06, 3.09261895381e-06, 2.91975311484e-07, 4.16371534584e-07, 1.07854894793e-07, 2.73923124183e-08, 2.93975375598e-07, 1.58597833888e-06, 1.42027158745e-06, 1.19498849926e-07, 2.69338062964e-08, 4.612393667e-08, 2.4967368617e-08, 3.19922897063e-08, 6.41570565563e-08, 2.82212280212e-08, 1.9246224614e-09, 8.0804429814e-09, 4.71660877022e-10, 5.52150158928e-10, 3.48894774183e-10, 1.12401310481e-10, 1.13358523957e-10, 1.06809068534e-10, 8.83636705473e-11, 2.14260678644e-10, 2.18414494824e-10, 9.16461264516e-12, 6.80170817672e-13, 2.55156139273e-13, 3.15582168687e-13, 8.41521622351e-13, 8.07224729768e-13, 3.55009804106e-13, 3.20530657138e-13, 2.25605314595e-13, 1.08320389334e-13, 4.38682158091e-14]
    },
    "mfcc": {
        "mean": [-716.668518066, 154.752822876, 12.8746480942, 36.8974113464, 16.488401413, -0.0853638797998, 4.62231063843, -1.34999406338, -7.1004447937, -1.15456402302, -9.70896720886, -1.81374776363, -5.10927963257],
        "cov": [[5642.28125, -694.362548828, -981.671325684, -526.424255371, -365.362182617, -143.941635132, 89.4100341797, 36.4053688049, 164.607131958, 290.072113037, -201.254592896, -183.648544312, -391.33984375], [-694.362548828, 827.657348633, -140.044448853, 117.379241943, 17.1831684113, -50.3856811523, 66.1951828003, 4.9718747139, -43.728515625, 32.2325897217, 57.0582275391, 30.2145423889, 68.7947463989], [-981.671325684, -140.044448853, 750.780944824, 147.415802002, 118.615196228, 125.406143188, -94.0732269287, -33.1631240845, -35.4531936646, -162.104324341, 50.8493804932, 38.2148513794, 93.0405883789], [-526.424255371, 117.379241943, 147.415802002, 332.083557129, 104.465232849, -15.4930896759, -85.4621963501, -2.9664888382, 24.7425441742, -41.0143318176, 1.93379485607, 44.2667694092, 99.0237503052], [-365.362182617, 17.1831684113, 118.615196228, 104.465232849, 196.30657959, 28.6072406769, -30.9009780884, 21.469587326, 21.4218235016, -15.9959049225, -7.6561627388, 28.9699192047, 41.6633110046], [-143.941635132, -50.3856811523, 125.406143188, -15.4930896759, 28.6072406769, 217.078033447, 86.1673812866, 22.7468452454, -12.3027763367, -32.6487045288, 20.3954772949, 0.409485608339, -19.6810779572], [89.4100341797, 66.1951828003, -94.0732269287, -85.4621963501, -30.9009780884, 86.1673812866, 223.113998413, 46.6169128418, -0.657157480717, 54.5100784302, 20.3128185272, -13.6654510498, -40.4117698669], [36.4053688049, 4.9718747139, -33.1631240845, -2.9664888382, 21.469587326, 22.7468452454, 46.6169128418, 109.11971283, 36.0087509155, 24.3803806305, -1.5370759964, 12.6537504196, -6.19910383224], [164.607131958, -43.728515625, -35.4531936646, 24.7425441742, 21.4218235016, -12.3027763367, -0.657157480717, 36.0087509155, 138.802963257, 59.9384918213, -19.7940216064, -5.90605688095, -13.5779561996], [290.072113037, 32.2325897217, -162.104324341, -41.0143318176, -15.9959049225, -32.6487045288, 54.5100784302, 24.3803806305, 59.9384918213, 180.826171875, 9.72825908661, -20.7555866241, -45.4604148865], [-201.254592896, 57.0582275391, 50.8493804932, 1.93379485607, -7.6561627388, 20.3954772949, 20.3128185272, -1.5370759964, -19.7940216064, 9.72825908661, 98.3032073975, 18.4556045532, 6.93117141724], [-183.648544312, 30.2145423889, 38.2148513794, 44.2667694092, 28.9699192047, 0.409485608339, -13.6654510498, 12.6537504196, -5.90605688095, -20.7555866241, 18.4556045532, 102.495536804, 30.8557548523], [-391.33984375, 68.7947463989, 93.0405883789, 99.0237503052, 41.6633110046, -19.6810779572, -40.4117698669, -6.19910383224, -13.5779561996, -45.4604148865, 6.93117141724, 30.8557548523, 125.599708557]],
