{
"lowlevel": {
    "average_loudness": 0.941403985023,
    "barkbands_crest": {
        "dmean": 2.34897851944,
        "dmean2": 3.53678131104,
        "dvar": 6.39593172073,
        "dvar2": 14.8090648651,
        "max": 24.9260387421,
        "mean": 12.4316711426,
        "median": 11.6826286316,
        "min": 3.52393937111,
        "var": 20.7869281769
    },
    "barkbands_flatness_db": {
        "dmean": 0.0285872239619,
        "dmean2": 0.0380085334182,
        "dvar": 0.000878623104654,
        "dvar2": 0.00150153308641,
        "max": 0.455258756876,
        "mean": 0.23393279314,
        "median": 0.229753524065,
        "min": 0.054271351546,
        "var": 0.00418320950121
    },
    "barkbands_kurtosis": {
        "dmean": 2.03434109688,
        "dmean2": 3.03453040123,
        "dvar": 13.2068281174,
        "dvar2": 26.7393093109,
        "max": 69.9416046143,
        "mean": 2.9818508625,
        "median": 1.20724725723,
        "min": -1.84331011772,
        "var": 33.0960617065
    },
    "barkbands_skewness": {
        "dmean": 0.48360478878,
        "dmean2": 0.691894948483,
        "dvar": 0.343020558357,
        "dvar2": 0.686296403408,
        "max": 7.84960031509,
        "mean": 1.23557639122,
        "median": 1.25253295898,
        "min": -6.33902215958,
        "var": 1.42421686649
    },
    "barkbands_spread": {
        "dmean": 3.87427663803,
        "dmean2": 5.68716192245,
        "dvar": 22.3752231598,
        "dvar2": 53.9080581665,
        "max": 49.983089447,
        "mean": 15.3023471832,
        "median": 14.3542385101,
        "min": 0.814342498779,
        "var": 70.5572662354
    },
    "dissonance": {
        "dmean": 0.0269933547825,
        "dmean2": 0.0427767373621,
        "dvar": 0.00061231746804,
        "dvar2": 0.00146528566256,
        "max": 0.499775409698,
        "mean": 0.431017577648,
        "median": 0.436972022057,
        "min": 0.208780765533,
        "var": 0.00197753030807
    },
    "dynamic_complexity": 4.33109140396,
    "erbbands_crest": {
        "dmean": 2.45735120773,
        "dmean2": 3.74445796013,
        "dvar": 8.0404510498,
        "dvar2": 18.1277675629,
        "max": 30.2687015533,
        "mean": 12.2520141602,
        "median": 11.3437547684,
        "min": 3.3033041954,
        "var": 25.5305538177
    },
    "erbbands_flatness_db": {
        "dmean": 0.0231462884694,
        "dmean2": 0.0300467964262,
        "dvar": 0.000617154873908,
        "dvar2": 0.00101675547194,
        "max": 0.442795962095,
        "mean": 0.266560226679,
        "median": 0.265963673592,
        "min": 0.0913906767964,
        "var": 0.00288010970689
    },
    "erbbands_kurtosis": {
        "dmean": 0.951382517815,
        "dmean2": 1.40832936764,
        "dvar": 9.02409172058,
        "dvar2": 18.3166656494,
        "max": 97.7864227295,
        "mean": 0.373941361904,
        "median": -0.484602212906,
        "min": -1.80103969574,
        "var": 13.0775251389
    },
    "erbbands_skewness": {
        "dmean": 0.360979169607,
        "dmean2": 0.52026116848,
        "dvar": 0.201573967934,
        "dvar2": 0.426137626171,
        "max": 3.54092788696,
        "mean": 0.325672507286,
        "median": 0.345946550369,
        "min": -6.44972801208,
        "var": 0.795983076096
    },
    "erbbands_spread": {
        "dmean": 5.22865915298,
        "dmean2": 7.53251695633,
        "dvar": 37.4346809387,
        "dvar2": 74.4591674805,
        "max": 75.9521865845,
        "mean": 28.0664920807,
        "median": 26.9494533539,
        "min": 1.06259799004,
        "var": 136.19960022
    },
    "hfc": {
        "dmean": 3.62128162384,
        "dmean2": 4.01995897293,
        "dvar": 41.880897522,
        "dvar2": 53.2007713318,
        "max": 131.887329102,
        "mean": 11.3306417465,
        "median": 5.7988152504,
        "min": 1.23640565513e-16,
        "var": 277.089385986
    },
    "melbands_crest": {
        "dmean": 2.9732401371,
        "dmean2": 4.45453214645,
        "dvar": 10.1856832504,
        "dvar2": 23.0668067932,
        "max": 34.1585655212,
        "mean": 16.4360904694,
        "median": 15.250412941,
        "min": 2.60703706741,
        "var": 37.6974182129
    },
    "melbands_flatness_db": {
        "dmean": 0.0286814961582,
        "dmean2": 0.0380972139537,
        "dvar": 0.000914294447284,
        "dvar2": 0.00166696240194,
        "max": 0.482202231884,
        "mean": 0.264625132084,
        "median": 0.260425001383,
        "min": 0.00517900194973,
        "var": 0.00457939133048
    },
    "melbands_kurtosis": {
        "dmean": 3.60171222687,
        "dmean2": 5.36208486557,
        "dvar": 40.1675300598,
        "dvar2": 80.3111724854,
        "max": 148.098236084,
        "mean": 7.2880563736,
        "median": 4.65940523148,
        "min": -1.84791898727,
        "var": 102.436729431
    },
    "melbands_skewness": {
        "dmean": 0.550564587116,
        "dmean2": 0.786838471889,
        "dvar": 0.458920866251,
        "dvar2": 0.913556396961,
        "max": 10.1910943985,
        "mean": 1.97792625427,
        "median": 1.91443252563,
        "min": -3.81318354607,
        "var": 1.78060150146
    },
    "melbands_spread": {
        "dmean": 6.77837085724,
        "dmean2": 10.0266561508,
        "dvar": 93.2396774292,
        "dvar2": 204.843643188,
        "max": 142.225006104,
        "mean": 23.2064399719,
        "median": 18.6425189972,
        "min": 1.26306223869,
        "var": 295.520324707
    },
    "pitch_salience": {
        "dmean": 0.0601967722178,
        "dmean2": 0.0920055061579,
        "dvar": 0.00426916219294,
        "dvar2": 0.00920800678432,
        "max": 0.82325232029,
        "mean": 0.492886900902,
        "median": 0.484903246164,
        "min": 0.0844730734825,
        "var": 0.0148175805807
    },
    "silence_rate_20dB": {
        "dmean": 0,
        "dmean2": 0,
        "dvar": 0,
        "dvar2": 0,
        "max": 1,
        "mean": 1,
        "median": 1,
        "min": 1,
        "var": 0
    },
    "silence_rate_30dB": {
        "dmean": 0,
        "dmean2": 0,
        "dvar": 0,
        "dvar2": 0,
        "max": 1,
        "mean": 1,
        "median": 1,
        "min": 1,
        "var": 0
    },
    "silence_rate_60dB": {
        "dmean": 0.101030930877,
        "dmean2": 0.202166065574,
        "dvar": 0.0908244922757,
        "dvar2": 0.185017988086,
        "max": 1,
        "mean": 0.291087061167,
        "median": 0,
        "min": 0,
        "var": 0.20635150373
    },
    "spectral_centroid": {
        "dmean": 264.067962646,
        "dmean2": 373.267608643,
        "dvar": 146793.25,
        "dvar2": 252242.125,
        "max": 10787.75,
        "mean": 1492.45056152,
        "median": 1288.59375,
        "min": 230.325820923,
        "var": 682784.5625
    },
    "spectral_complexity": {
        "dmean": 1.78041231632,
        "dmean2": 2.57349157333,
        "dvar": 5.07962799072,
        "dvar2": 9.47307682037,
        "max": 32,
        "mean": 8.31942272186,
        "median": 8,
        "min": 0,
        "var": 20.9654750824
    },
    "spectral_decrease": {
        "dmean": 8.83870587831e-10,
        "dmean2": 1.01451713697e-09,
        "dvar": 1.91408022102e-18,
        "dvar2": 2.79822152453e-18,
        "max": -2.26325386581e-29,
        "mean": -2.71489519754e-09,
        "median": -1.69728031629e-09,
        "min": -2.33466401767e-08,
        "var": 8.81800837325e-18
    },
    "spectral_energy": {
        "dmean": 0.00362738152035,
        "dmean2": 0.00414303550497,
        "dvar": 3.10767936753e-05,
        "dvar2": 4.45597979706e-05,
        "max": 0.0902258753777,
        "mean": 0.0112743573263,
        "median": 0.00705906841904,
        "min": 1.12999875245e-20,
        "var": 0.000151324886247
    },
    "spectral_energyband_high": {
        "dmean": 0.000108378808363,
        "dmean2": 0.000140243806527,
        "dvar": 7.41120587122e-08,
        "dvar2": 1.26726448002e-07,
        "max": 0.00489539420232,
        "mean": 0.000244876457145,
        "median": 4.48641221737e-05,
        "min": 8.28306353668e-21,
        "var": 3.4722069131e-07
    },
    "spectral_energyband_low": {
        "dmean": 0.000289216113742,
        "dmean2": 0.000434625486378,
        "dvar": 7.82575284575e-07,
        "dvar2": 1.63525430708e-06,
        "max": 0.0212098192424,
        "mean": 0.000544833252206,
        "median": 4.89457816002e-05,
        "min": 1.25097840029e-22,
        "var": 2.24966061069e-06
    },
    "spectral_energyband_middle_high": {
        "dmean": 0.00149315304589,
        "dmean2": 0.00167198991403,
        "dvar": 8.82079166331e-06,
        "dvar2": 1.15522252599e-05,
        "max": 0.0580866336823,
        "mean": 0.0043340572156,
        "median": 0.00180870736949,
        "min": 1.65485620061e-21,
        "var": 5.51166704099e-05
    },
    "spectral_energyband_middle_low": {
        "dmean": 0.00230667577125,
        "dmean2": 0.00278524798341,
        "dvar": 2.13329822145e-05,
        "dvar2": 3.23550193571e-05,
        "max": 0.0803188234568,
        "mean": 0.00633349502459,
        "median": 0.00294497888535,
        "min": 3.12228899611e-22,
        "var": 8.1583224528e-05
    },
    "spectral_entropy": {
        "dmean": 0.280934393406,
        "dmean2": 0.353554815054,
        "dvar": 0.0881164893508,
        "dvar2": 0.138532429934,
        "max": 9.79260921478,
        "mean": 6.38807725906,
        "median": 6.34477949142,
        "min": 4.64934921265,
        "var": 0.423734694719
    },
    "spectral_flux": {
        "dmean": 0.016775066033,
        "dmean2": 0.0253478046507,
        "dvar": 0.000426952406997,
        "dvar2": 0.000976952607743,
        "max": 0.252667427063,
        "mean": 0.0379731804132,
        "median": 0.0300108697265,
        "min": 1.06301398239e-10,
        "var": 0.00104114518035
    },
    "spectral_kurtosis": {
        "dmean": 4.90890979767,
        "dmean2": 8.50375270844,
        "dvar": 21.144903183,
        "dvar2": 62.4524040222,
        "max": 65.4621124268,
        "mean": 9.15354633331,
        "median": 7.47524452209,
        "min": -1.16355860233,
        "var": 43.9350891113
    },
    "spectral_rms": {
        "dmean": 0.000536877138074,
        "dmean2": 0.000595755060203,
        "dvar": 3.97761482418e-07,
        "dvar2": 5.37153425739e-07,
        "max": 0.00938217714429,
        "mean": 0.00285305897705,
        "median": 0.00262428959832,
        "min": 3.32029781273e-12,
        "var": 2.85943633571e-06
    },
    "spectral_rolloff": {
        "dmean": 391.306060791,
        "dmean2": 645.74206543,
        "dvar": 493002.5625,
        "dvar2": 868480.625,
        "max": 18217.0898438,
        "mean": 1686.50878906,
        "median": 1313.52539062,
        "min": 215.33203125,
        "var": 1327941.5
    },
    "spectral_skewness": {
        "dmean": 0.490471035242,
        "dmean2": 0.833812773228,
        "dvar": 0.169486790895,
        "dvar2": 0.476353377104,
        "max": 6.31080818176,
        "mean": 1.72891223431,
        "median": 1.59642744064,
        "min": 0.0221446733922,
        "var": 0.557292461395
    },
    "spectral_spread": {
        "dmean": 385479.90625,
        "dmean2": 580302,
        "dvar": 639818530816,
        "dvar2": 607210897408,
        "max": 39596576,
        "mean": 2742200.5,
        "median": 2602425.25,
        "min": 1046696.25,
        "var": 1.23645643981e+12
    },
    "spectral_strongpeak": {
        "dmean": 0.604587197304,
        "dmean2": 0.905626237392,
        "dvar": 1.32287430763,
        "dvar2": 3.25070381165,
        "max": 17.3609409332,
        "mean": 1.46607422829,
        "median": 0.828902125359,
        "min": 0,
        "var": 3.57804775238
    },
    "zerocrossingrate": {
        "dmean": 0.0086979502812,
        "dmean2": 0.00998395401984,
        "dvar": 0.000212687358726,
        "dvar2": 0.000237943459069,
        "max": 0.50830078125,
        "mean": 0.055961407721,
        "median": 0.04833984375,
        "min": 0,
        "var": 0.0010033097351
    },
    "barkbands": {
        "dmean": [5.24498716459e-07, 2.05100714084e-05, 0.000202828508918, 0.000193337982637, 0.00115657108836, 0.00044187362073, 0.000297342136037, 0.000607640133239, 9.00011145859e-05, 0.000299535546219, 0.000472899497254, 0.00023862690432, 4.12915287598e-05, 0.000116280301881, 0.000110593697173, 0.000218624671106, 0.000123097299365, 0.000125301448861, 0.000335734832333, 0.000149290644913, 2.69411048066e-05, 1.00139350252e-05, 4.52309632237e-06, 1.86375666544e-06, 1.83407678378e-06, 1.46748402585e-06, 5.31982458085e-08],
        "dmean2": [8.45943759487e-07, 3.03794149659e-05, 0.00030251237331, 0.00030408820021, 0.00154871575069, 0.000527208205312, 0.000362420338206, 0.000697683135513, 0.000117700263218, 0.000332496070769, 0.000611887779087, 0.000315804354614, 5.71828823013e-05, 0.000130590502522, 0.000155083194841, 0.000292152864859, 0.000156522684847, 0.000178474641871, 0.000458951602923, 0.000199182002689, 3.68793334928e-05, 1.45280819197e-05, 6.72207761454e-06, 2.90642424261e-06, 3.09182951241e-06, 2.49295362664e-06, 9.83432926205e-08],
        "dvar": [7.83388631742e-12, 2.98925129094e-09, 5.13902250532e-07, 2.86726105969e-07, 1.37089318741e-05, 1.25376959659e-06, 1.09947075089e-06, 3.89501792597e-06, 4.31015081404e-08, 9.64310856943e-07, 3.40721157954e-06, 7.04681269781e-07, 7.58485274588e-09, 1.85625211202e-07, 1.03108959593e-07, 5.384562769e-07, 4.08717710343e-07, 2.47262022413e-07, 1.47993875999e-06, 1.74879630777e-07, 7.59033369491e-09, 1.01498098815e-09, 1.88187285199e-10, 2.08230360038e-11, 3.61249918868e-11, 3.82319315095e-11, 1.11810341259e-13],
        "dvar2": [1.27261890262e-11, 4.84611328844e-09, 1.00706608919e-06, 6.96577728831e-07, 2.36934120039e-05, 1.50321466208e-06, 1.30678142796e-06, 4.49867593488e-06, 7.32370679657e-08, 1.22865765206e-06, 5.76216325499e-06, 1.13623912057e-06, 1.58050390553e-08, 1.84400192893e-07, 2.08527438872e-07, 8.80745290033e-07, 9.4767756309e-07, 4.5050933295e-07, 2.79396772385e-06, 3.14562811354e-07, 1.14118652306e-08, 2.15091833233e-09, 4.44048908754e-10, 5.09216349642e-11, 9.42219982591e-11, 9.45029193788e-11, 3.2774791995e-13],
        "max": [0.000114198955998, 0.00151712121442, 0.0192894972861, 0.00785052869469, 0.0742175653577, 0.0362944565713, 0.0347684621811, 0.0494178235531, 0.00517040630803, 0.0216009691358, 0.033571023494, 0.0215233098716, 0.00131766078994, 0.0156435072422, 0.00642037484795, 0.0207283776253, 0.0196345746517, 0.0147480843589, 0.0220430716872, 0.0163924191147, 0.00318191503175, 0.000692274305038, 0.000254400278209, 7.96134700067e-05, 7.08300431143e-05, 0.000118366726383, 6.99808242643e-06],
        "mean": [5.53198617581e-07, 3.57907774742e-05, 0.000387645908631, 0.000288939889288, 0.00217009172775, 0.00132487644441, 0.000686158367898, 0.00155947799794, 0.000209421938052, 0.000685461680405, 0.000929976406042, 0.000504812749568, 8.4026803961e-05, 0.000258095038589, 0.000219251771341, 0.00049240415683, 0.000224635543418, 0.000201613729587, 0.000613885407802, 0.000313292403007, 5.21003021277e-05, 1.78750779014e-05, 7.85749762144e-06, 2.85154374069e-06, 1.85020974186e-06, 1.39601718274e-06, 3.33893233062e-08],
        "median": [9.22787677382e-08, 3.49515767084e-06, 2.35046627495e-05, 2.28224653256e-05, 0.000290649302769, 0.000230373596423, 7.87980025052e-05, 4.30826803495e-05, 4.85491291329e-05, 4.1563052946e-05, 4.01639154006e-05, 6.6748005338e-05, 1.51209142132e-05, 2.03185372811e-05, 2.58096897596e-05, 3.80640267394e-05, 1.88630729099e-05, 2.76793962257e-05, 7.24758065189e-05, 5.83922446822e-05, 9.11821916816e-06, 2.13566818275e-06, 1.02495789633e-06, 3.49371248376e-07, 1.36895224045e-07, 5.10173023827e-08, 3.6081315713e-10],
        "min": [4.21394901642e-24, 9.68115030892e-23, 1.12844816998e-23, 2.01334026864e-23, 3.17151587297e-23, 3.97499279304e-23, 9.30075463844e-23, 4.13799228199e-23, 7.34092248947e-23, 6.32881584133e-23, 1.40767520615e-22, 6.18616139068e-23, 2.03736228227e-22, 1.05717521828e-22, 1.94344277481e-22, 1.07629165304e-22, 1.227172219e-22, 2.39389901244e-22, 2.57306484879e-22, 3.85873141946e-22, 3.13931753693e-22, 6.70350672218e-22, 5.52687865153e-22, 1.07615793796e-21, 1.20480401124e-21, 2.03130234115e-21, 2.36837258426e-21],
        "var": [1.46179925803e-11, 1.07316289188e-08, 1.598027211e-06, 4.7157269023e-07, 3.06213223666e-05, 1.03699230749e-05, 3.97865278501e-06, 2.28656281251e-05, 1.71442707142e-07, 3.8770062929e-06, 9.10979815671e-06, 3.08706853502e-06, 2.77208016541e-08, 9.61042474046e-07, 2.93951529784e-07, 3.22938535646e-06, 7.20197249393e-07, 5.85245459206e-07, 3.48337471223e-06, 8.19660670004e-07, 3.665136461e-08, 2.96270763478e-09, 5.03358299486e-10, 4.288158717e-11, 3.07211964201e-11, 3.23499838029e-11, 6.0815169903e-14]
    },
    "erbbands": {
        "dmean": [0.000232104590395, 0.00923925172538, 0.173214897513, 0.485599905252, 3.23959779739, 3.17400956154, 2.49764180183, 4.36592674255, 4.71949052811, 10.2489910126, 7.07467603683, 2.2466711998, 6.27428483963, 8.39844799042, 21.9729156494, 6.24083757401, 1.97126722336, 3.02931189537, 6.61710643768, 7.74059104919, 10.4113254547, 7.25625181198, 5.41260433197, 19.9637508392, 7.12928295135, 6.58432626724, 2.56040120125, 0.507393419743, 0.413250774145, 0.213902682066, 0.124088928103, 0.0436157956719, 0.0323439128697, 0.0185730233788, 0.0146237434819, 0.00879060849547, 0.00219053239562, 0.000231316982536, 7.93848448666e-06, 4.42265718448e-06],
        "dmean2": [0.000354103511199, 0.0130448853597, 0.254114806652, 0.730106532574, 4.26129245758, 4.45001888275, 3.3264336586, 5.07997894287, 5.47235870361, 11.7096748352, 8.56438159943, 2.9333126545, 6.99839639664, 9.66251087189, 27.0314159393, 7.94574928284, 2.70789146423, 3.67315530777, 7.91692018509, 10.2841482162, 13.9813632965, 8.88634204865, 7.24279928207, 28.4532279968, 9.43242454529, 8.37699890137, 3.18315005302, 0.673331022263, 0.59394556284, 0.326183974743, 0.186888292432, 0.0642491281033, 0.0503835864365, 0.0304304752499, 0.024969579652, 0.0152546046302, 0.00365185248666, 0.000401470751967, 1.27748762679e-05, 5.00176065543e-06],
        "dvar": [7.915336937e-07, 0.000753538799472, 0.372272521257, 1.68487036228, 129.364028931, 104.30166626, 36.5808143616, 170.646362305, 285.358215332, 1332.5234375, 366.502838135, 21.3022518158, 378.694702148, 595.746887207, 6227.22216797, 330.852416992, 15.2756032944, 64.5647354126, 394.145599365, 315.168029785, 1750.40014648, 1048.71923828, 332.830383301, 5191.11767578, 272.586151123, 406.600860596, 57.4627532959, 1.92074239254, 2.34033346176, 0.627866089344, 0.163586989045, 0.0113712046295, 0.00727545469999, 0.00313162617385, 0.00256123463623, 0.00134869641624, 8.6309541075e-05, 9.06018158275e-07, 1.14523812655e-09, 4.34636458768e-11],
        "dvar2": [1.66566530879e-06, 0.00111093709711, 0.683233141899, 3.92703485489, 202.912612915, 209.335067749, 70.3980789185, 180.244216919, 296.045806885, 1555.03735352, 504.649749756, 38.784236908, 383.054656982, 970.293945312, 10208.9501953, 416.824645996, 32.710483551, 80.1726913452, 517.275146484, 570.543151855, 2682.52758789, 2112.4140625, 708.573852539, 11312.0449219, 480.301177979, 542.348510742, 88.6982269287, 2.77625274658, 4.46562671661, 1.5556743145, 0.372081696987, 0.0241867788136, 0.0173394549638, 0.00809846632183, 0.00671530747786, 0.00329615664668, 0.000222682676394, 2.50212747233e-06, 3.31558358546e-09, 6.06865876995e-11],
        "max": [0.030145002529, 0.900426983833, 17.9994468689, 17.991891861, 234.832046509, 180.695205688, 128.026901245, 441.084594727, 624.089050293, 896.088378906, 457.417358398, 80.1608352661, 457.111328125, 611.00579834, 1565.01269531, 588.024108887, 59.856754303, 247.570770264, 610.807067871, 444.263946533, 1413.08874512, 930.154968262, 662.861206055, 1338.66491699, 319.318359375, 918.80267334, 208.424026489, 53.7664413452, 39.9300689697, 18.5322990417, 9.46417331696, 1.83937335014, 1.39672076702, 0.722978234291, 0.567566812038, 0.694767713547, 0.158377304673, 0.0144249815494, 0.000747938349377, 9.96507369564e-05],
        "mean": [0.00036183121847, 0.0173009186983, 0.327096313238, 0.859467744827, 5.03433084488, 6.47915744781, 6.96471452713, 13.6096124649, 12.1600093842, 26.0724048615, 17.847158432, 5.77028608322, 15.1228790283, 19.1866550446, 48.4781265259, 15.7068729401, 4.32554769516, 7.45805644989, 14.0240468979, 16.5305519104, 24.4228134155, 14.373840332, 11.1144180298, 38.6938247681, 14.6444320679, 13.9706888199, 5.4222984314, 1.05467557907, 0.731547355652, 0.395538002253, 0.210645824671, 0.0755867138505, 0.046774700284, 0.0215942412615, 0.0138319414109, 0.00830172561109, 0.00203093420714, 0.000204801690415, 1.19581427498e-05, 1.40261372508e-05],
        "median": [6.79344666423e-05, 0.00182351632975, 0.0248087979853, 0.0843613892794, 0.288355946541, 0.947018861771, 1.98320007324, 1.72347855568, 1.98853027821, 1.24356114864, 1.71881628036, 2.37428998947, 2.06681632996, 3.26410198212, 4.05259132385, 3.84795498848, 1.61710679531, 1.56758332253, 2.88046216965, 5.27140331268, 2.99045157433, 2.25335431099, 3.13892412186, 4.50594949722, 3.88241839409, 2.74203109741, 0.903575479984, 0.272678941488, 0.0980932936072, 0.0391448549926, 0.0315199159086, 0.0117796715349, 0.00468234578148, 0.00184688309673, 0.000894674041774, 0.000441874435637, 3.6605848436e-05, 3.3201183669e-06, 5.15083183927e-06, 8.94238291949e-06],
        "min": [3.43670966686e-21, 1.9570009234e-20, 1.62751420591e-20, 4.79833320799e-20, 4.53041974734e-20, 1.1390461858e-19, 3.93430260387e-19, 2.39418122522e-19, 1.20680450473e-18, 1.01063272881e-18, 1.0050522582e-18, 2.09072277967e-18, 1.89865847247e-18, 3.73550835521e-18, 4.05191610645e-18, 3.14465820675e-18, 1.04956332259e-17, 5.38542224375e-18, 8.31490388981e-18, 7.55464963343e-18, 6.93875741911e-18, 6.97630314711e-18, 1.02048411903e-17, 1.23337054748e-17, 1.52528862407e-17, 1.74613807212e-17, 1.30408663164e-17, 1.55892873609e-17, 2.68179912067e-17, 1.69741845753e-17, 1.78296167145e-17, 2.14644716648e-17, 1.72355041657e-17, 1.29088797235e-17, 9.15143991509e-18, 5.8226678476e-18, 3.80204552291e-18, 1.7992414958e-18, 3.60528556987e-19, 3.11666920655e-20],
        "var": [1.297172048e-06, 0.00295908679254, 1.21049952507, 3.46225118637, 286.210906982, 230.894851685, 152.664520264, 1511.59936523, 1205.87634277, 7396.00146484, 1944.56787109, 85.9634475708, 1776.57836914, 2180.92919922, 21111.703125, 2192.24365234, 47.0964050293, 369.937225342, 1612.21862793, 1164.64160156, 12085.421875, 2667.46875, 973.130737305, 13621.8994141, 927.881103516, 2140.66015625, 246.440887451, 8.24143981934, 6.9725356102, 1.65152001381, 0.355789661407, 0.0309520978481, 0.0142971808091, 0.00315354089253, 0.00205938750878, 0.00114727171604, 6.91483437549e-05, 6.7543072646e-07, 8.06872679782e-10, 2.3696283824e-10]
    },
    "gfcc": {
        "mean": [-129.827362061, 111.969398499, -174.585403442, 19.3875198364, -62.9447860718, -24.6773109436, -36.7920532227, -4.62544775009, -34.1592178345, -11.3251047134, -9.53229427338, -9.69671344757, -1.9636234045],
        "cov": [[7427.18017578, -998.246276855, -364.422485352, 533.510192871, 220.974533081, 242.851623535, 47.7517967224, -52.8879394531, -445.539916992, -194.807052612, -417.624023438, 23.839548111, -220.91104126], [-998.246276855, 2587.30615234, 658.693725586, -343.075653076, -35.8983268738, -455.240936279, -105.165687561, -341.141021729, 279.934143066, -56.3767967224, 103.613792419, -498.187683105, -11.8000659943], [-364.422485352, 658.693725586, 1075.10095215, 148.558547974, 100.727676392, 166.249389648, -60.1298599243, -12.051117897, -120.666824341, -68.6384811401, -185.69241333, -154.872070312, -184.483963013], [533.510192871, -343.075653076, 148.558547974, 566.608581543, 185.344863892, 245.837585449, 77.7993927002, 28.7579364777, -130.437698364, -86.0631027222, -122.253356934, -30.3481025696, -76.1175689697], [220.974533081, -35.8983268738, 100.727676392, 185.344863892, 291.071502686, 189.395935059, 47.1357383728, -9.83606815338, -70.5684738159, -33.8193016052, -78.4283447266, -8.78062915802, -29.5477371216], [242.851623535, -455.240936279, 166.249389648, 245.837585449, 189.395935059, 398.601837158, 90.8918685913, 84.0000762939, -145.085769653, -28.3549499512, -126.691444397, 60.1681594849, -49.5985145569], [47.7517967224, -105.165687561, -60.1298599243, 77.7993927002, 47.1357383728, 90.8918685913, 199.675872803, 54.4704666138, -25.5297260284, -46.9559364319, -9.14507007599, 11.567817688, 20.5434417725], [-52.8879394531, -341.141021729, -12.051117897, 28.7579364777, -9.83606815338, 84.0000762939, 54.4704666138, 228.682785034, 26.455532074, 10.5341148376, -42.216381073, 29.9174556732, -54.0223808289], [-445.539916992, 279.934143066, -120.666824341, -130.437698364, -70.5684738159, -145.085769653, -25.5297260284, 26.455532074, 234.446243286, 62.9013061523, 72.3660507202, -73.2756958008, -2.3867046833], [-194.807052612, -56.3767967224, -68.6384811401, -86.0631027222, -33.8193016052, -28.3549499512, -46.9559364319, 10.5341148376, 62.9013061523, 180.502090454, 65.6192626953, 12.4673280716, 2.37165904045], [-417.624023438, 103.613792419, -185.69241333, -122.253356934, -78.4283447266, -126.691444397, -9.14507007599, -42.216381073, 72.3660507202, 65.6192626953, 215.106521606, 53.1258049011, 59.9561882019], [23.839548111, -498.187683105, -154.872070312, -30.3481025696, -8.78062915802, 60.1681594849, 11.567817688, 29.9174556732, -73.2756958008, 12.4673280716, 53.1258049011, 293.965942383, 80.5288696289], [-220.91104126, -11.8000659943, -184.483963013, -76.1175689697, -29.5477371216, -49.5985145569, 20.5434417725, -54.0223808289, -2.3867046833, 2.37165904045, 59.9561882019, 80.5288696289, 190.400756836]],
        "icov": [[0.000215800639126, -8.66215923452e-05, 0.000329785892973, -0.000126678627566, 2.68384319497e-05, 9.06636923901e-05, 1.12471425382e-05, 8.41575383674e-05, 0.000496234453749, -6.71900779707e-05, 0.000508292985614, -0.000122602315969, 0.000463206728455], [-8.66215923452e-05, 0.00221594539471, -0.00193998555187, 0.00105988548603, -0.00120631046593, 0.00140507693868, -0.000804173934739, 0.00203011906706, -0.00218395353295, 0.00116899213754, -0.00143190997187, 0.00233243312687, -0.0011550928466], [0.000329785892973, -0.00193998555187, 0.00341873755679, -0.000863336259499, 0.00109003821854, -0.00157876266167, 0.00121321273036, -0.00131441827398, 0.00294263171963, -0.00077750987839, 0.0022229955066, -0.00146745028906, 0.00245102937333], [-0.000126678627566, 0.00105988548603, -0.000863336259499, 0.0034403228201, -0.00134486902971, -0.000498614099342, -0.000624639738817, 0.00098201551009, -0.000517688516993, 0.00131231162231, -0.000797290063929, 0.00165451108478, -6.55096891933e-06], [2.68384319497e-05, -0.00120631046593, 0.00109003821854, -0.00134486902971, 0.00638081785291, -0.00334502151236, 0.00010360727174, 0.000431381922681, 0.000525715993717, -0.000486224744236, 0.00127739971504, -0.00107382703573, 0.000769540958572], [9.06636923901e-05, 0.00140507693868, -0.00157876266167, -0.000498614099342, -0.00334502151236, 0.00778119033203, -0.00229080626741, -0.000272592471447, 0.000939599180128, -0.00101505545899, 0.0011032683542, 4.94434971188e-05, -0.000202982046176], [1.12471425382e-05, -0.000804173934739, 0.00121321273036, -0.000624639738817, 0.00010360727174, -0.00229080626741, 0.00750844366848, -0.00266449921764, 0.000922089850064, 0.00173941149842, -0.0010292668594, 0.00029319737223, -0.00106778996997], [8.41575383674e-05, 0.00203011906706, -0.00131441827398, 0.00098201551009, 0.000431381922681, -0.000272592471447, -0.00266449921764, 0.00887757819146, -0.00394524680451, 0.000539765052963, 0.000820503919385, 0.000516470812727, 0.00161174323875], [0.000496234453749, -0.00218395353295, 0.00294263171963, -0.000517688516993, 0.000525715993717, 0.000939599180128, 0.000922089850064, -0.00394524680451, 0.010805722326, -0.00266704126261, 0.000864355359226, 2.52212175837e-05, 0.00207792688161], [-6.71900779707e-05, 0.00116899213754, -0.00077750987839, 0.00131231162231, -0.000486224744236, -0.00101505545899, 0.00173941149842, 0.000539765052963, -0.00266704126261, 0.00829415023327, -0.00309525826015, 0.0014276773436, -0.000374519760953], [0.000508292985614, -0.00143190997187, 0.0022229955066, -0.000797290063929, 0.00127739971504, 0.0011032683542, -0.0010292668594, 0.000820503919385, 0.000864355359226, -0.00309525826015, 0.0101224798709, -0.00350609142333, 0.00151042081416], [-0.000122602315969, 0.00233243312687, -0.00146745028906, 0.00165451108478, -0.00107382703573, 4.94434971188e-05, 0.00029319737223, 0.000516470812727, 2.52212175837e-05, 0.0014276773436, -0.00350609142333, 0.00809367373586, -0.00313356122933], [0.000463206728455, -0.0011550928466, 0.00245102937333, -6.55096891933e-06, 0.000769540958572, -0.000202982046176, -0.00106778996997, 0.00161174323875, 0.00207792688161, -0.000374519760953, 0.00151042081416, -0.00313356122933, 0.00960963498801]]
    },
    "melbands": {
        "dmean": [3.36086213792e-06, 6.32564697298e-05, 0.000139144845889, 0.000281467393506, 8.70994626894e-05, 9.57338925218e-05, 6.3897423388e-05, 0.000128288724227, 4.74855733046e-05, 1.27758703456e-05, 3.44160907844e-05, 3.50630580215e-05, 6.52473827358e-05, 3.68885921489e-05, 6.54310133541e-06, 4.08300365962e-06, 6.58681847199e-06, 1.20325030366e-05, 1.00991046565e-05, 1.47509372255e-05, 1.16706150948e-05, 6.82738573232e-06, 7.18138153388e-06, 5.38763970326e-06, 1.95486281882e-05, 8.08940512798e-06, 4.63463857159e-06, 4.96493839819e-06, 2.29569354815e-06, 5.59288423574e-07, 2.10139702972e-07, 2.93633860338e-07, 1.49332763044e-07, 1.18428282292e-07, 8.52446007116e-08, 5.27702965769e-08, 2.36979698087e-08, 2.40688482478e-08, 2.23925038512e-08, 1.47261411954e-08],
        "dmean2": [5.09080473421e-06, 9.28040681174e-05, 0.000189927421161, 0.000379993318347, 0.000116035269457, 0.000111683104478, 7.5312651461e-05, 0.000144418940181, 5.88108741795e-05, 1.66521167557e-05, 3.80580859201e-05, 3.96727009502e-05, 8.11803110992e-05, 4.60602932435e-05, 9.66596962826e-06, 5.353351753e-06, 8.02688737167e-06, 1.38315581353e-05, 1.39590565595e-05, 1.96166020032e-05, 1.59508672368e-05, 7.86325472291e-06, 9.89770524029e-06, 7.30984675101e-06, 2.82490600512e-05, 1.06702455014e-05, 6.55890562484e-06, 6.39732979835e-06, 2.85638793684e-06, 7.71260999954e-07, 2.92910073085e-07, 4.22239111231e-07, 2.24327621368e-07, 1.80781668746e-07, 1.31316951979e-07, 7.62018999012e-08, 3.76311248829e-08, 3.76079434261e-08, 3.63438701356e-08, 2.47958329425e-08],
        "dvar": [8.394441392e-11, 4.92359646387e-08, 1.55544668701e-07, 9.37782431265e-07, 4.18087395815e-08, 6.8281451604e-08, 4.90943889986e-08, 2.01418373535e-07, 1.50823140643e-08, 7.63860197317e-10, 1.21156853439e-08, 1.25309211896e-08, 6.08328747376e-08, 1.31001254289e-08, 2.2347633466e-10, 8.63745117097e-11, 3.88896748138e-10, 1.77260217615e-09, 8.89855689135e-10, 1.96521665607e-09, 3.26632298986e-09, 8.79629924455e-10, 2.16048290369e-09, 6.12907891107e-10, 5.50010925693e-09, 7.10419001404e-10, 3.4755417988e-10, 2.37994207675e-10, 6.15255485448e-11, 2.60021951887e-12, 3.49539299414e-13, 1.35052375099e-12, 4.0715391128e-13, 1.64360116229e-13, 1.09401033968e-13, 2.71826425301e-14, 3.58859314741e-15, 4.27099041829e-15, 3.71500095633e-15, 2.13877216786e-15],
        "dvar2": [1.52651127849e-10, 9.02072301301e-08, 2.65444441538e-07, 1.64973300798e-06, 7.99428363507e-08, 7.45049604234e-08, 5.17419813661e-08, 2.27209284276e-07, 2.20399414275e-08, 1.40523936931e-09, 1.19571748058e-08, 1.93818721073e-08, 9.94513129626e-08, 1.81545782851e-08, 5.06607755746e-10, 1.60295901552e-10, 4.56192000842e-10, 1.94320026736e-09, 1.73268488446e-09, 3.3934695054e-09, 4.77724082515e-09, 1.18107701397e-09, 5.80205838929e-09, 1.0605620826e-09, 1.22527961111e-08, 1.15956400037e-09, 7.77871100865e-10, 3.66372238103e-10, 9.87767020955e-11, 3.64096903668e-12, 5.37345829724e-13, 2.47320024703e-12, 9.51589826902e-13, 3.8198090524e-13, 2.5889262522e-13, 5.42123075218e-14, 8.75692730541e-15, 1.01364365035e-14, 9.29345915003e-15, 5.63851621779e-15],
        "max": [0.000209854886634, 0.00649940920994, 0.00835270993412, 0.0196351185441, 0.0039452649653, 0.00876510236412, 0.00805785413831, 0.0113555379212, 0.00300103938207, 0.000404503225582, 0.00261558988132, 0.00270114722662, 0.00498313410208, 0.00322529417463, 0.000207247227081, 0.00018011793145, 0.00065447227098, 0.00143574585672, 0.000554010155611, 0.00131962099113, 0.00197501084767, 0.0010348908836, 0.00147290725727, 0.00114227051381, 0.00133568665478, 0.000487485405756, 0.000619654194452, 0.000506776268594, 0.000188536709175, 4.97051660204e-05, 1.73585704033e-05, 3.32989657181e-05, 1.36837406899e-05, 8.91687795956e-06, 8.04698720458e-06, 4.32553315477e-06, 9.55012296799e-07, 1.39913697694e-06, 6.82981408318e-07, 6.55743974676e-07],
        "mean": [5.5945256463e-06, 0.000121060897072, 0.000238363762037, 0.000480634742416, 0.000245183531661, 0.000292364245979, 0.000161650110385, 0.000328344118316, 0.000118281699542, 3.03457291011e-05, 8.12802973087e-05, 7.9487603216e-05, 0.000136462345836, 9.43822742556e-05, 1.1131989595e-05, 9.23622701521e-06, 1.54467306857e-05, 2.47638563451e-05, 1.89320398931e-05, 3.01796753774e-05, 2.68821240752e-05, 1.33281537273e-05, 1.16798591989e-05, 9.85208498605e-06, 3.63873041351e-05, 1.48590725075e-05, 8.63952573127e-06, 9.75710281637e-06, 4.50827246823e-06, 1.0695500805e-06, 3.6781500512e-07, 4.87539352889e-07, 2.36075038629e-07, 1.97982998884e-07, 1.24247392819e-07, 8.62904059318e-08, 3.34215570774e-08, 3.30350253819e-08, 2.77893636991e-08, 1.49685952522e-08],
        "median": [6.71251882522e-07, 8.82265885593e-06, 1.87545938388e-05, 4.41618904006e-05, 7.31601103325e-05, 3.92224901589e-05, 2.5630064556e-05, 8.98454891285e-06, 1.53670953296e-05, 7.39115375836e-06, 6.85513714416e-06, 4.35050924352e-06, 1.04598921098e-05, 1.02562953543e-05, 2.4833700536e-06, 1.16726687338e-06, 2.21544155465e-06, 2.56620705841e-06, 2.12494842344e-06, 3.97030134991e-06, 1.8355717657e-06, 1.07491314338e-06, 1.50033201862e-06, 1.33948685743e-06, 2.932514235e-06, 1.65718563494e-06, 1.44032401295e-06, 1.21521111396e-06, 5.50764298168e-07, 1.78216396307e-07, 7.38184553484e-08, 5.00725505503e-08, 2.05489651961e-08, 1.58724180466e-08, 1.73137557624e-08, 1.11028590766e-08, 4.60757476617e-09, 3.06756020585e-09, 2.09705652843e-09, 1.21260579355e-09],
        "min": [2.99298150399e-23, 1.38085526066e-23, 7.82199211535e-24, 4.64528553762e-24, 1.22013218762e-23, 5.98229393702e-24, 1.87584433721e-23, 9.95399836337e-24, 7.50693053613e-24, 1.306812145e-23, 9.44788650583e-24, 1.44838869612e-23, 1.77303667083e-23, 5.44599750022e-24, 1.76658741738e-23, 1.88542079306e-23, 8.86013306662e-24, 1.20561367598e-23, 1.5208113337e-23, 7.87648031579e-24, 7.81862841245e-24, 7.65546200053e-24, 6.79316130048e-24, 1.19077149471e-23, 9.60940814275e-24, 9.50593404668e-24, 1.14965858868e-23, 1.21693588101e-23, 9.53417605594e-24, 6.52672786848e-24, 9.58273123352e-24, 1.5816097903e-23, 1.15462083932e-23, 8.51798989253e-24, 1.01294323512e-23, 1.05834186467e-23, 1.43143749522e-23, 1.01010357252e-23, 1.44955747244e-23, 9.80596388134e-24],
        "var": [2.35961278294e-10, 1.61668182841e-07, 3.55759652848e-07, 1.97166014004e-06, 1.78461377232e-07, 5.90154229485e-07, 2.06444923379e-07, 1.17533647881e-06, 7.5992403481e-08, 2.9162507964e-09, 5.70401255118e-08, 4.5967755824e-08, 1.83475634685e-07, 8.18162462224e-08, 4.34717678521e-10, 4.26713026025e-10, 2.12216910711e-09, 8.20154522074e-09, 2.50153453507e-09, 7.5853785475e-09, 2.35491963707e-08, 3.61099528057e-09, 2.05549355314e-09, 2.03151495626e-09, 1.34660478324e-08, 2.16250284346e-09, 1.0697699393e-09, 1.00738439812e-09, 2.20143556162e-10, 1.11190761459e-11, 1.23633275926e-12, 4.30203789259e-12, 8.4748993847e-13, 4.38467242115e-13, 1.8502422359e-13, 7.36113982811e-14, 5.84020873857e-15, 8.34298230409e-15, 5.68317221828e-15, 1.84201777468e-15]
    },
    "mfcc": {
        "mean": [-769.440124512, 134.454040527, -41.347530365, 29.4038639069, -16.1466903687, -17.9954662323, -3.23462152481, -9.83940505981, -14.9711418152, -5.89952945709, -18.9900913239, -10.1488752365, 1.78754353523],
        "cov": [[5798.16113281, -252.331344604, -642.102722168, 451.90222168, -108.881263733, 383.709869385, 85.9111862183, 86.0600585938, -38.371006012, 10.112578392, -53.1170272827, -151.738876343, -309.301696777], [-252.331344604, 2184.36499023, 240.007980347, -23.5799503326, 89.8466491699, -143.851089478, -142.856399536, -370.362670898, -92.1710510254, 55.7944602966, 198.861679077, 56.250579834, -314.997314453], [-642.102722168, 240.007980347, 945.778137207, 7.35447454453, 151.229400635, 98.6049194336, 105.548271179, 146.075576782, 58.7481193542, -4.20138263702, 11.8507347107, -79.3427200317, -71.9776763916], [451.90222168, -23.5799503326, 7.35447454453, 304.625915527, 37.9041519165, 88.9293441772, 46.6112823486, 20.5688896179, 14.241150856, 37.8540420532, 4.85521268845, -8.757853508, -51.0393218994], [-108.881263733, 89.8466491699, 151.229400635, 37.9041519165, 247.910675049, 125.720664978, 71.2755966187, 30.1611976624, 15.8711242676, 15.8861532211, 43.9132537842, -15.5727233887, -40.6921195984], [383.709869385, -143.851089478, 98.6049194336, 88.9293441772, 125.720664978, 346.645385742, 163.581054688, 96.4927444458, 34.0145988464, -2.41806530952, -24.4480342865, -109.745758057, -37.6088562012], [85.9111862183, -142.856399536, 105.548271179, 46.6112823486, 71.2755966187, 163.581054688, 243.055435181, 114.400871277, 52.0099182129, 22.7932052612, -20.9042644501, -68.9876861572, -32.636089325], [86.0600585938, -370.362670898, 146.075576782, 20.5688896179, 30.1611976624, 96.4927444458, 114.400871277, 315.484130859, 102.244384766, -24.3811321259, -46.1175613403, -38.5549888611, 52.2180290222], [-38.371006012, -92.1710510254, 58.7481193542, 14.241150856, 15.8711242676, 34.0145988464, 52.0099182129, 102.244384766, 180.085037231, 23.8200206757, -7.10997104645, -2.97821259499, -30.5117053986], [10.112578392, 55.7944602966, -4.20138263702, 37.8540420532, 15.8861532211, -2.41806530952, 22.7932052612, -24.3811321259, 23.8200206757, 210.132797241, 116.450073242, -17.5443134308, -127.869194031], [-53.1170272827, 198.861679077, 11.8507347107, 4.85521268845, 43.9132537842, -24.4480342865, -20.9042644501, -46.1175613403, -7.10997104645, 116.450073242, 263.228179932, 61.4204788208, -141.046859741], [-151.738876343, 56.250579834, -79.3427200317, -8.757853508, -15.5727233887, -109.745758057, -68.9876861572, -38.5549888611, -2.97821259499, -17.5443134308, 61.4204788208, 248.295608521, 92.2188949585], [-309.301696777, -314.997314453, -71.9776763916, -51.0393218994, -40.6921195984, -37.6088562012, -32.636089325, 52.2180290222, -30.5117053986, -127.869194031, -141.046859741, 92.2188949585, 405.059051514]],
