{
"lowlevel": {
    "average_loudness": 0.97303789854,
    "barkbands_crest": {
        "dmean": 2.02330350876,
        "dmean2": 3.23461556435,
        "dvar": 4.38510608673,
        "dvar2": 10.2211122513,
        "max": 24.6404056549,
        "mean": 10.4265642166,
        "median": 9.62424278259,
        "min": 3.3253698349,
        "var": 16.9929790497
    },
    "barkbands_flatness_db": {
        "dmean": 0.0167148597538,
        "dmean2": 0.0230911299586,
        "dvar": 0.000268493895419,
        "dvar2": 0.000451962114312,
        "max": 0.397430717945,
        "mean": 0.168458938599,
        "median": 0.159101784229,
        "min": 0.0581984110177,
        "var": 0.00197028950788
    },
    "barkbands_kurtosis": {
        "dmean": 1.75183928013,
        "dmean2": 2.57018947601,
        "dvar": 19.6167316437,
        "dvar2": 36.5493659973,
        "max": 101.821662903,
        "mean": 2.82095050812,
        "median": 0.273664832115,
        "min": -1.63042259216,
        "var": 73.6756973267
    },
    "barkbands_skewness": {
        "dmean": 0.366229832172,
        "dmean2": 0.528663516045,
        "dvar": 0.205251038074,
        "dvar2": 0.358151465654,
        "max": 9.1192483902,
        "mean": 1.11299014091,
        "median": 0.845189571381,
        "min": -1.75712203979,
        "var": 1.52551472187
    },
    "barkbands_spread": {
        "dmean": 2.90528607368,
        "dmean2": 4.39901447296,
        "dvar": 11.3133859634,
        "dvar2": 24.7865066528,
        "max": 57.5785827637,
        "mean": 17.2395420074,
        "median": 17.4067249298,
        "min": 1.16310012341,
        "var": 44.4732246399
    },
    "dissonance": {
        "dmean": 0.0244593434036,
        "dmean2": 0.0415863953531,
        "dvar": 0.000540280889254,
        "dvar2": 0.00142482598312,
        "max": 0.499657094479,
        "mean": 0.45530629158,
        "median": 0.460530906916,
        "min": 0.129503250122,
        "var": 0.000949730922002
    },
    "dynamic_complexity": 1.42392539978,
    "erbbands_crest": {
        "dmean": 2.59305930138,
        "dmean2": 4.07985830307,
        "dvar": 6.45684862137,
        "dvar2": 15.7881422043,
        "max": 29.298084259,
        "mean": 12.1895122528,
        "median": 11.538236618,
        "min": 3.28149795532,
        "var": 21.4536476135
    },
    "erbbands_flatness_db": {
        "dmean": 0.0153417140245,
        "dmean2": 0.0223580747843,
        "dvar": 0.000184207645361,
        "dvar2": 0.000390087720007,
        "max": 0.293547779322,
        "mean": 0.19900098443,
        "median": 0.19964531064,
        "min": 0.0860641971231,
        "var": 0.000975287577603
    },
    "erbbands_kurtosis": {
        "dmean": 0.89143383503,
        "dmean2": 1.39496147633,
        "dvar": 0.809579789639,
        "dvar2": 1.94952714443,
        "max": 10.4317798615,
        "mean": 1.58300244808,
        "median": 1.35792994499,
        "min": -1.76714551449,
        "var": 3.10554099083
    },
    "erbbands_skewness": {
        "dmean": 0.325163215399,
        "dmean2": 0.496428906918,
        "dvar": 0.0873036906123,
        "dvar2": 0.203039333224,
        "max": 2.93818926811,
        "mean": 0.146167322993,
        "median": 0.0917421653867,
        "min": -1.87281906605,
        "var": 0.44786375761
    },
    "erbbands_spread": {
        "dmean": 4.6108751297,
        "dmean2": 6.65759086609,
        "dvar": 49.8540229797,
        "dvar2": 93.7192764282,
        "max": 138.041793823,
        "mean": 23.654794693,
        "median": 18.9351882935,
        "min": 6.44542646408,
        "var": 274.545959473
    },
    "hfc": {
        "dmean": 4.70799207687,
        "dmean2": 6.70379447937,
        "dvar": 28.3672962189,
        "dvar2": 59.3645706177,
        "max": 85.3739471436,
        "mean": 28.5055503845,
        "median": 26.1260490417,
        "min": 1.20047292932e-16,
        "var": 205.709396362
    },
    "melbands_crest": {
        "dmean": 2.3787996769,
        "dmean2": 3.81769824028,
        "dvar": 5.71832752228,
        "dvar2": 13.3145656586,
        "max": 31.1155261993,
        "mean": 14.4219331741,
        "median": 13.9720945358,
        "min": 2.54835534096,
        "var": 24.9595985413
    },
    "melbands_flatness_db": {
        "dmean": 0.0201240871102,
        "dmean2": 0.0272589121014,
        "dvar": 0.000458416034235,
        "dvar2": 0.000743791868445,
        "max": 0.505514740944,
        "mean": 0.232597053051,
        "median": 0.221695452929,
        "min": 0.00527733983472,
        "var": 0.00343747437
    },
    "melbands_kurtosis": {
        "dmean": 4.27730607986,
        "dmean2": 6.28773355484,
        "dvar": 164.532577515,
        "dvar2": 341.857177734,
        "max": 257.531890869,
        "mean": 8.99532032013,
        "median": 2.36845469475,
        "min": -1.43444681168,
        "var": 545.140075684
    },
    "melbands_skewness": {
        "dmean": 0.504872381687,
        "dmean2": 0.73191010952,
        "dvar": 0.458587765694,
        "dvar2": 0.844706475735,
        "max": 12.5808238983,
        "mean": 1.94682943821,
        "median": 1.54509270191,
        "min": -0.894775748253,
        "var": 3.08840966225
    },
    "melbands_spread": {
        "dmean": 3.89849972725,
        "dmean2": 5.8326458931,
        "dvar": 24.7620029449,
        "dvar2": 48.6395492554,
        "max": 140.890686035,
        "mean": 21.3820381165,
        "median": 21.1695423126,
        "min": 0.985101282597,
        "var": 106.117752075
    },
    "pitch_salience": {
        "dmean": 0.0575017035007,
        "dmean2": 0.0939502641559,
        "dvar": 0.00303852627985,
        "dvar2": 0.00737639470026,
        "max": 0.851258456707,
        "mean": 0.490070790052,
        "median": 0.489791631699,
        "min": 0.150902286172,
        "var": 0.00993489101529
    },
    "silence_rate_20dB": {
        "dmean": 0,
        "dmean2": 0,
        "dvar": 0,
        "dvar2": 0,
        "max": 1,
        "mean": 1,
        "median": 1,
        "min": 1,
        "var": 0
    },
    "silence_rate_30dB": {
        "dmean": 0,
        "dmean2": 0,
        "dvar": 0,
        "dvar2": 0,
        "max": 1,
        "mean": 1,
        "median": 1,
        "min": 1,
        "var": 0
    },
    "silence_rate_60dB": {
        "dmean": 0.000515729770996,
        "dmean2": 0.00103199179284,
        "dvar": 0.000515436171554,
        "dvar2": 0.00103093462531,
        "max": 1,
        "mean": 0.00103092787322,
        "median": 0,
        "min": 0,
        "var": 0.00102987512946
    },
    "spectral_centroid": {
        "dmean": 128.546218872,
        "dmean2": 190.579208374,
        "dvar": 60504.9453125,
        "dvar2": 80552.4921875,
        "max": 10859.9707031,
        "mean": 1007.8885498,
        "median": 1005.19726562,
        "min": 185.539932251,
        "var": 164789.296875
    },
    "spectral_complexity": {
        "dmean": 3.16193914413,
        "dmean2": 4.86274528503,
        "dvar": 7.71080064774,
        "dvar2": 16.2752742767,
        "max": 46,
        "mean": 22.7262878418,
        "median": 23,
        "min": 0,
        "var": 59.3525695801
    },
    "spectral_decrease": {
        "dmean": 1.42057654529e-09,
        "dmean2": 2.16289719468e-09,
        "dvar": 2.23794914138e-18,
        "dvar2": 4.46468336802e-18,
        "max": -2.03198864948e-29,
        "mean": -1.20972778461e-08,
        "median": -1.25816974617e-08,
        "min": -2.02987031628e-08,
        "var": 1.17368987987e-17
    },
    "spectral_energy": {
        "dmean": 0.00556711805984,
        "dmean2": 0.00848216377199,
        "dvar": 3.38075042237e-05,
        "dvar2": 6.68290886097e-05,
        "max": 0.0822210609913,
        "mean": 0.0482434444129,
        "median": 0.0499491244555,
        "min": 1.09653380368e-20,
        "var": 0.000182698058779
    },
    "spectral_energyband_high": {
        "dmean": 0.000141657321365,
        "dmean2": 0.000211570877582,
        "dvar": 4.0610814267e-08,
        "dvar2": 9.39661291e-08,
        "max": 0.00256076292135,
        "mean": 0.000346594461007,
        "median": 0.000252733356319,
        "min": 7.76685113566e-21,
        "var": 1.08719781622e-07
    },
    "spectral_energyband_low": {
        "dmean": 0.00485302880406,
        "dmean2": 0.00748253799975,
        "dvar": 3.37725650752e-05,
        "dvar2": 6.35292526567e-05,
        "max": 0.0698493942618,
        "mean": 0.0208736304194,
        "median": 0.0193467289209,
        "min": 1.36530176351e-22,
        "var": 0.000182714124094
    },
    "spectral_energyband_middle_high": {
        "dmean": 0.00302613363601,
        "dmean2": 0.00446716276929,
        "dvar": 1.38003888424e-05,
        "dvar2": 2.96378057101e-05,
        "max": 0.0581857711077,
        "mean": 0.0137578062713,
        "median": 0.0121488384902,
        "min": 1.57171939937e-21,
        "var": 8.95063203643e-05
    },
    "spectral_energyband_middle_low": {
        "dmean": 0.00422413647175,
        "dmean2": 0.00659185275435,
        "dvar": 2.14837018575e-05,
        "dvar2": 5.07739314344e-05,
        "max": 0.0650791227818,
        "mean": 0.0160467252135,
        "median": 0.013402890414,
        "min": 3.71495678632e-22,
        "var": 0.000112456080387
    },
    "spectral_entropy": {
        "dmean": 0.124820582569,
        "dmean2": 0.177428469062,
        "dvar": 0.01854147017,
        "dvar2": 0.0324165672064,
        "max": 9.79831123352,
        "mean": 7.36510276794,
        "median": 7.43168735504,
        "min": 5.82388973236,
        "var": 0.102311484516
    },
    "spectral_flux": {
        "dmean": 0.0214950460941,
        "dmean2": 0.0340928249061,
        "dvar": 0.000467482954264,
        "dvar2": 0.00110549537931,
        "max": 0.218221634626,
        "mean": 0.0875714346766,
        "median": 0.0837841182947,
        "min": 1.04715507099e-10,
        "var": 0.0013188610319
    },
    "spectral_kurtosis": {
        "dmean": 2.43172025681,
        "dmean2": 4.04570579529,
        "dvar": 6.80973958969,
        "dvar2": 18.1849861145,
        "max": 39.1254386902,
        "mean": 6.36691713333,
        "median": 5.48499631882,
        "min": -1.19225001335,
        "var": 17.4019088745
    },
    "spectral_rms": {
        "dmean": 0.000421052449383,
        "dmean2": 0.000635668635368,
        "dvar": 2.4723155434e-07,
        "dvar2": 4.68308286372e-07,
        "max": 0.00895632058382,
        "mean": 0.00677426764742,
        "median": 0.00698074884713,
        "min": 3.27076300072e-12,
        "var": 1.17605077321e-06
    },
    "spectral_rolloff": {
        "dmean": 166.568054199,
        "dmean2": 268.808441162,
        "dvar": 240808.984375,
        "dvar2": 375433.875,
        "max": 18841.5527344,
        "mean": 1071.66516113,
        "median": 1055.12695312,
        "min": 86.1328125,
        "var": 383164.71875
    },
    "spectral_skewness": {
        "dmean": 0.26959618926,
        "dmean2": 0.43727940321,
        "dvar": 0.0643428787589,
        "dvar2": 0.150329306722,
        "max": 4.82235240936,
        "mean": 1.83020567894,
        "median": 1.7680952549,
        "min": 0.0156541094184,
        "var": 0.259662091732
    },
    "spectral_spread": {
        "dmean": 440447.1875,
        "dmean2": 605351.5,
        "dvar": 696153014272,
        "dvar2": 553949134848,
        "max": 39925832,
        "mean": 3397484.5,
        "median": 3132122.25,
        "min": 1454659.5,
        "var": 2.2401801257e+12
    },
    "spectral_strongpeak": {
        "dmean": 0.764798223972,
        "dmean2": 1.3547873497,
        "dvar": 1.70747351646,
        "dvar2": 4.18721914291,
        "max": 11.3072147369,
        "mean": 1.38715517521,
        "median": 0.632062673569,
        "min": 0,
        "var": 2.54333996773
    },
    "zerocrossingrate": {
        "dmean": 0.00494324974716,
        "dmean2": 0.00571097573265,
        "dvar": 0.000145782061736,
        "dvar2": 0.000164093260537,
        "max": 0.49462890625,
        "mean": 0.0377803854644,
        "median": 0.0380859375,
        "min": 0.00390625,
        "var": 0.000296041340334
    },
    "barkbands": {
        "dmean": [5.31339501322e-05, 0.00323287583888, 0.00215765507892, 0.00138698483352, 0.00116272666492, 0.000869381183293, 0.000996776623651, 0.000777784676757, 0.00193916284479, 0.00138161913492, 0.00118419749197, 0.000938986602705, 0.000995141570456, 0.000814502127469, 0.000458179769339, 0.000257090403466, 0.000215091029531, 0.000111716384708, 7.83482464612e-05, 4.52312051493e-05, 5.62636232644e-05, 3.14860626531e-05, 5.48284187971e-05, 1.34389983941e-05, 6.24373251412e-06, 1.28058513837e-06, 9.09049120423e-08],
        "dmean2": [9.29077650653e-05, 0.00510698696598, 0.00336784729734, 0.00221665808931, 0.0019561862573, 0.00141026638448, 0.00157954974566, 0.00129430438392, 0.00295453914441, 0.00221036025323, 0.00188056740444, 0.00145339453593, 0.001501842984, 0.00127598410472, 0.000686116865836, 0.000404960243031, 0.000340030819643, 0.000177392954356, 0.000124638783745, 7.08110528649e-05, 8.9870285592e-05, 5.0203230785e-05, 8.43248926685e-05, 2.10355301533e-05, 9.92778132058e-06, 2.11075985135e-06, 1.56375534743e-07],
        "dvar": [4.78963446682e-09, 2.16489570448e-05, 1.01824671219e-05, 3.50874847754e-06, 2.47497246164e-06, 1.33033836391e-06, 3.30135139848e-06, 1.56731255174e-06, 1.76333323907e-05, 7.43565442463e-06, 4.45432306151e-06, 3.57828480446e-06, 5.20611729371e-06, 2.28145404435e-06, 9.33945614179e-07, 1.73587068275e-07, 1.08327917303e-07, 2.05399945941e-08, 1.48764414121e-08, 3.56449758598e-09, 7.23724813412e-09, 2.23519203146e-09, 1.20683365523e-08, 2.82852408162e-10, 7.71392463794e-11, 3.12230579932e-12, 2.2038935008e-14],
        "dvar2": [1.28854988901e-08, 4.15510585299e-05, 1.88731191884e-05, 7.39855022402e-06, 6.18515286988e-06, 3.85125349567e-06, 6.96799406796e-06, 3.93568507207e-06, 3.90381610487e-05, 1.71836036316e-05, 1.13786782094e-05, 8.10847814137e-06, 1.21704988487e-05, 5.41156259715e-06, 2.12946360989e-06, 4.20052913341e-07, 2.72796029321e-07, 5.03510335648e-08, 3.93231758267e-08, 8.73726069273e-09, 1.80818027218e-08, 5.50583179049e-09, 2.85573715786e-08, 6.74015232516e-10, 1.9600659984e-10, 8.25451079017e-12, 6.02284200161e-14],
        "max": [0.000808505748864, 0.0510044172406, 0.0606839582324, 0.0470199286938, 0.0320739150047, 0.0247482415289, 0.0465471409261, 0.020364318043, 0.0596065782011, 0.0561707653105, 0.0356540828943, 0.0390093177557, 0.0416575372219, 0.0209504570812, 0.0179577413946, 0.00742402812466, 0.00550680235028, 0.00194849295076, 0.00199232297018, 0.000728281971533, 0.00104952882975, 0.000571305456106, 0.00137372280005, 0.000202932555112, 0.000128033978399, 1.85924291145e-05, 1.67179848631e-06],
        "mean": [6.33720555925e-05, 0.0103706549853, 0.00826877634972, 0.00339216552675, 0.00230783550069, 0.00222582090646, 0.00210630428046, 0.00151598732919, 0.00330681214109, 0.00307524530217, 0.00342696439475, 0.00202719983645, 0.00187203544192, 0.00160576286726, 0.000862672633957, 0.000523933907971, 0.000474799599033, 0.000246399082243, 0.000169817692949, 0.000103959457192, 0.000107410422061, 6.03826047154e-05, 9.19656304177e-05, 2.54618880717e-05, 9.86742816167e-06, 1.81181280823e-06, 9.53973966489e-08],
        "median": [3.7188634451e-05, 0.0069173797965, 0.00531695503742, 0.00179044855759, 0.00152904656716, 0.00123015861027, 0.00115207605995, 0.00087019696366, 0.000971280271187, 0.00154743576422, 0.00206289463677, 0.000951201189309, 0.00057248363737, 0.00071006314829, 0.000341509497957, 0.000344240805134, 0.000299874984194, 0.000170538114617, 0.000101435434772, 6.20617138338e-05, 6.95876951795e-05, 3.90253699152e-05, 3.71667192667e-05, 1.74339693331e-05, 5.66226754017e-06, 9.20898457935e-07, 3.04318490407e-08],
        "min": [3.81060459336e-23, 8.24657772269e-23, 2.19387203343e-23, 3.35060149795e-23, 5.74826722654e-23, 6.49159381814e-23, 6.30981123549e-23, 3.84750435106e-23, 7.62305259688e-23, 1.37331760004e-22, 1.86378902797e-22, 1.37514207755e-22, 1.00605305576e-22, 7.86776734709e-23, 1.11616131428e-22, 1.38615596418e-22, 1.80659459285e-22, 1.75120355688e-22, 2.39939402817e-22, 3.91649799961e-22, 4.10219535183e-22, 5.85164246257e-22, 6.90001310963e-22, 8.48333292949e-22, 1.05230581342e-21, 1.6125818389e-21, 2.59984340749e-21],
        "var": [5.87028292642e-09, 0.000114478163596, 8.92240277608e-05, 3.2144052966e-05, 8.79922754393e-06, 8.10003621154e-06, 9.66305924521e-06, 3.40992392012e-06, 4.30198851973e-05, 1.9540419089e-05, 1.61541738635e-05, 9.85785300145e-06, 1.4815137547e-05, 5.83759856454e-06, 2.26199472309e-06, 4.13400442767e-07, 3.41383412206e-07, 6.17902529143e-08, 4.08534823748e-08, 1.2806730787e-08, 1.36836648679e-08, 4.71586236728e-09, 2.15119531077e-08, 6.91018464671e-10, 1.49620066336e-10, 5.29842359223e-12, 2.80638295399e-14]
    },
    "erbbands": {
        "dmean": [0.0564739853144, 0.856236517429, 2.30091571808, 3.72968173027, 4.34449291229, 3.65957379341, 5.8353061676, 6.63566493988, 12.3344602585, 18.5732021332, 15.6359348297, 47.3120307922, 44.7083396912, 34.6636581421, 50.1027984619, 37.559803009, 43.4252052307, 38.6380119324, 30.3318996429, 16.4780197144, 11.5318746567, 11.0953655243, 6.66261482239, 4.53876209259, 3.28612852097, 2.14328050613, 2.2215681076, 2.0092484951, 1.19250285625, 1.34762704372, 1.51560521126, 0.387123554945, 0.18701723218, 0.0955262556672, 0.0306962337345, 0.00933001562953, 0.00175038632005, 0.000303901877487, 1.04379014374e-05, 6.42263421469e-06],
        "dmean2": [0.0909258276224, 1.34976971149, 3.59969425201, 5.84551906586, 7.15982913971, 6.20132064819, 9.67125225067, 10.9186820984, 19.3445949554, 30.5685100555, 24.5014095306, 70.1809310913, 71.5467147827, 53.9217262268, 79.5235519409, 56.8175544739, 65.1308364868, 58.820022583, 46.4506988525, 24.9726104736, 18.0428161621, 17.294511795, 10.555565834, 7.13217496872, 5.15332698822, 3.33821439743, 3.56652402878, 3.2603302002, 1.90682661533, 2.11076903343, 2.32440590858, 0.6031935215, 0.295523762703, 0.151828214526, 0.0481901504099, 0.0150910904631, 0.00290698651224, 0.000515041116159, 1.67951038748e-05, 9.78764910542e-06],
        "dvar": [0.00672134757042, 1.5118701458, 8.87497901917, 24.8636226654, 46.6923103333, 18.9431095123, 66.9219818115, 63.0497703552, 568.998352051, 1084.32580566, 728.178771973, 12833.6152344, 12204.5351562, 3480.07470703, 7106.99267578, 6742.29589844, 9521.34375, 5646.65332031, 3095.90161133, 1110.11413574, 248.276412964, 307.040924072, 71.5268249512, 45.8994445801, 29.8775100708, 7.99526309967, 8.87967777252, 10.3331747055, 3.34301829338, 5.98020553589, 9.34860038757, 0.266677320004, 0.059342969209, 0.0180035494268, 0.0017829881981, 0.000184347009053, 5.54436292077e-06, 1.92114484321e-07, 1.85154433452e-10, 4.39599051605e-11],
        "dvar2": [0.0137462476268, 2.89415431023, 17.7470645905, 47.3623046875, 103.473709106, 51.5402069092, 189.617584229, 182.435317993, 1130.92419434, 2875.53125, 1694.04125977, 25869.5859375, 31314.6933594, 7756.92919922, 18868.6621094, 14966.7998047, 22261.5742188, 13119.9189453, 7391.97119141, 2379.82714844, 589.673034668, 770.76385498, 176.097854614, 117.014823914, 76.9762496948, 19.3921527863, 22.1578636169, 26.4331531525, 8.1862077713, 14.5668115616, 22.5682106018, 0.614769279957, 0.142311155796, 0.0456755496562, 0.00436385395005, 0.00048464545398, 1.48385379362e-05, 5.20379330737e-07, 4.83572848431e-10, 8.55847892556e-11],
        "max": [1.13758456707, 14.23670578, 57.2304611206, 125.114143372, 156.920196533, 61.3039131165, 186.28074646, 108.561531067, 704.372070312, 540.304016113, 571.342651367, 1912.0078125, 1960.32250977, 907.444335938, 1096.27392578, 2014.76782227, 1661.26574707, 1379.40429688, 746.947387695, 750.501281738, 264.020019531, 303.568328857, 125.09488678, 93.5222930908, 120.015686035, 38.0476608276, 41.9363594055, 33.5535812378, 22.1883335114, 35.51770401, 45.8122406006, 7.48310995102, 3.35171198845, 2.06247615814, 0.411997139454, 0.161426231265, 0.0270517636091, 0.00487397797406, 0.000176443325472, 0.000101130870462],
        "mean": [0.180505633354, 2.78291559219, 8.74353027344, 12.1281871796, 9.17329406738, 6.96761369705, 13.6102313995, 16.0077323914, 28.256729126, 36.5807609558, 32.4051856995, 80.613822937, 87.9709472656, 94.1811904907, 157.034637451, 91.2907485962, 88.2451095581, 85.8151855469, 60.9063987732, 35.4183120728, 27.0355911255, 25.6578674316, 15.9824581146, 10.5340518951, 7.33507347107, 4.99720525742, 4.49516820908, 3.68933868408, 2.2831094265, 2.45608925819, 2.49976587296, 0.747741639614, 0.33926987648, 0.149611413479, 0.0499004237354, 0.0127075053751, 0.00247318064794, 0.000367406755686, 3.70210764231e-05, 5.63632856938e-05],
        "median": [0.108805939555, 1.70645284653, 6.82304668427, 6.60450458527, 5.28625011444, 5.11075496674, 6.60390090942, 9.70196151733, 15.1378173828, 23.0886611938, 19.2707366943, 25.8971786499, 38.7041091919, 51.5913619995, 92.8715057373, 44.1451950073, 33.5686035156, 39.1119728088, 29.8266105652, 20.1627082825, 19.1681671143, 16.4512634277, 11.9115190506, 6.8792886734, 4.34317779541, 3.03676629066, 3.2125658989, 2.38407516479, 1.49926686287, 1.30153012276, 1.02305471897, 0.500920772552, 0.226098954678, 0.0850365310907, 0.0285872370005, 0.00630454067141, 0.00123547157273, 0.000150101172039, 3.09764618578e-05, 5.78049730393e-05],
        "min": [3.91400863227e-21, 1.25278507099e-20, 2.08963933463e-20, 7.9308823436e-20, 1.82072055873e-19, 1.48786398497e-19, 5.23988053876e-19, 4.04890201539e-19, 9.45467750341e-19, 6.38444466548e-19, 1.01689448604e-18, 1.52259714379e-18, 3.60661376344e-18, 7.82871276835e-18, 4.38712898174e-18, 5.70587904409e-18, 5.96113167828e-18, 4.24994107714e-18, 6.67221542391e-18, 6.9884718011e-18, 5.01884102528e-18, 9.93580235041e-18, 1.11328303041e-17, 1.12163358413e-17, 1.28902995925e-17, 1.79009362269e-17, 1.98248243285e-17, 1.52631829849e-17, 1.66495145305e-17, 2.75439034056e-17, 1.67461011019e-17, 1.79350524641e-17, 1.35215368344e-17, 1.09768728442e-17, 8.0517545759e-18, 4.96453372293e-18, 2.93283544985e-18, 1.50525085615e-18, 3.51171360651e-19, 3.56186492081e-20],
        "var": [0.0373325906694, 7.77440738678, 58.0697937012, 266.086029053, 220.948654175, 41.5589370728, 413.320220947, 284.83416748, 1736.73596191, 2330.02148438, 1609.92443848, 30628.765625, 26106.9238281, 12726.6552734, 29347.8867188, 20344.6425781, 25372.5175781, 18377.6777344, 7321.38037109, 2999.63476562, 830.064086914, 998.780029297, 238.731506348, 137.639450073, 79.6802749634, 28.7238559723, 19.9988384247, 17.361530304, 6.84070491791, 11.1229915619, 15.775592804, 0.625480473042, 0.142478838563, 0.0362390093505, 0.00341020221822, 0.000279635278275, 9.7277261375e-06, 2.92841065175e-07, 4.74850325727e-10, 2.49834181121e-10]
    },
    "gfcc": {
        "mean": [16.2546691895, 136.022583008, -135.043640137, 28.4293727875, -53.3551673889, 27.317773819, -25.1752510071, 2.45312356949, -13.7751369476, -8.06761932373, -8.94967365265, -5.02976465225, -7.68769645691],
        "cov": [[2472.63012695, -455.34161377, -568.35369873, -75.2025604248, -73.3239746094, 105.865905762, -57.3116264343, 159.988845825, -112.796798706, 154.032104492, -122.959831238, -21.3385391235, -117.551193237], [-455.34161377, 647.889526367, 86.827293396, -145.006591797, 188.083450317, -67.6797943115, 74.5293426514, -54.4717178345, 82.5342636108, -88.5009613037, 106.773391724, -3.94355916977, 77.2382965088], [-568.35369873, 86.827293396, 525.000854492, 193.824645996, -44.8180923462, 31.6195297241, 2.14058065414, -56.270778656, -10.118897438, -16.6268138885, 10.4609422684, 33.1731529236, 37.9090423584], [-75.2025604248, -145.006591797, 193.824645996, 332.440795898, -32.6498794556, 5.25568246841, -36.4873390198, -4.06187009811, 25.7288589478, 3.63842725754, 0.240799337626, 19.5470218658, 23.8319988251], [-73.3239746094, 188.083450317, -44.8180923462, -32.6498794556, 276.34954834, -41.270160675, 54.2848815918, 58.6209716797, 11.9270601273, 12.9092969894, 40.2455940247, 8.39706611633, 16.3319759369], [105.865905762, -67.6797943115, 31.6195297241, 5.25568246841, -41.270160675, 163.349594116, 55.7308616638, -2.74108982086, -11.1455059052, 17.7765159607, 10.1604633331, 22.9512310028, 8.91191768646], [-57.3116264343, 74.5293426514, 2.14058065414, -36.4873390198, 54.2848815918, 55.7308616638, 139.538406372, 39.1660728455, 17.2311820984, 3.27303385735, 26.4457817078, 25.7845611572, 15.8545007706], [159.988845825, -54.4717178345, -56.270778656, -4.06187009811, 58.6209716797, -2.74108982086, 39.1660728455, 134.987548828, 27.8497829437, 35.4451980591, -4.1739358902, 13.9925298691, 3.76614117622], [-112.796798706, 82.5342636108, -10.118897438, 25.7288589478, 11.9270601273, -11.1455059052, 17.2311820984, 27.8497829437, 126.177635193, 5.04086589813, 19.6713447571, 13.5742073059, 23.8965816498], [154.032104492, -88.5009613037, -16.6268138885, 3.63842725754, 12.9092969894, 17.7765159607, 3.27303385735, 35.4451980591, 5.04086589813, 90.7581863403, 0.920372962952, 0.60324883461, -16.3453521729], [-122.959831238, 106.773391724, 10.4609422684, 0.240799337626, 40.2455940247, 10.1604633331, 26.4457817078, -4.1739358902, 19.6713447571, 0.920372962952, 86.1611633301, 32.9348220825, 21.7194423676], [-21.3385391235, -3.94355916977, 33.1731529236, 19.5470218658, 8.39706611633, 22.9512310028, 25.7845611572, 13.9925298691, 13.5742073059, 0.60324883461, 32.9348220825, 99.3369674683, 27.3907985687], [-117.551193237, 77.2382965088, 37.9090423584, 23.8319988251, 16.3319759369, 8.91191768646, 15.8545007706, 3.76614117622, 23.8965816498, -16.3453521729, 21.7194423676, 27.3907985687, 73.9052734375]],
        "icov": [[0.00128585519269, -0.00228186394088, 0.00240934826434, -0.00204046489671, 0.00151636975352, -0.00177545589395, 0.00116980460007, -0.00213715294376, 0.00274307467043, -0.0027952012606, 0.00304351118393, -0.00181881687604, 0.00186359859072], [-0.00228186394088, 0.0128090977669, -0.00763338245451, 0.00919647421688, -0.00751158921048, 0.00577180972323, -0.00395178934559, 0.00790499988943, -0.0107002761215, 0.0108153801411, -0.0123962210491, 0.00768700521439, -0.00801153015345], [0.00240934826434, -0.00763338245451, 0.008549740538, -0.00756774330512, 0.00486164912581, -0.00432118028402, 0.00211815629154, -0.00433677947149, 0.00794182810932, -0.00759125733748, 0.00855781231076, -0.00558928912506, 0.00438768835738], [-0.00204046489671, 0.00919647421688, -0.00756774330512, 0.0110550476238, -0.00537755619735, 0.00411309488118, -0.00135800929274, 0.00522964447737, -0.00904603302479, 0.00796682015061, -0.0091872792691, 0.00540826795623, -0.00644008163363], [0.00151636975352, -0.00751158921048, 0.00486164912581, -0.00537755619735, 0.00952352397144, -0.0014055671636, 0.000397652212996, -0.00641547795385, 0.00727422488853, -0.00712059391662, 0.00513261649758, -0.00392588041723, 0.00382887315936], [-0.00177545589395, 0.00577180972323, -0.00432118028402, 0.00411309488118, -0.0014055671636, 0.0120451403782, -0.00668581435457, 0.00520693650469, -0.00403333734721, 0.00308434572071, -0.00658175162971, 0.00294252741151, -0.00510885193944], [0.00116980460007, -0.00395178934559, 0.00211815629154, -0.00135800929274, 0.000397652212996, -0.00668581435457, 0.0130810458213, -0.00588200148195, 0.00245809555054, -0.00195534247905, 0.0026623653248, -0.00337936682627, 0.00279673957266], [-0.00213715294376, 0.00790499988943, -0.00433677947149, 0.00522964447737, -0.00641547795385, 0.00520693650469, -0.00588200148195, 0.0166931021959, -0.00886146631092, 0.00334798707627, -0.00510032754391, 0.00333967898041, -0.00605477066711], [0.00274307467043, -0.0107002761215, 0.00794182810932, -0.00904603302479, 0.00727422488853, -0.00403333734721, 0.00245809555054, -0.00886146631092, 0.019293744117, -0.0104791047052, 0.0092703178525, -0.0066317548044, 0.00436976226047], [-0.0027952012606, 0.0108153801411, -0.00759125733748, 0.00796682015061, -0.00712059391662, 0.00308434572071, -0.00195534247905, 0.00334798707627, -0.0104791047052, 0.0238470043987, -0.0125061152503, 0.00705097569153, -0.00324921752326], [0.00304351118393, -0.0123962210491, 0.00855781231076, -0.0091872792691, 0.00513261649758, -0.00658175162971, 0.0026623653248, -0.00510032754391, 0.0092703178525, -0.0125061152503, 0.0287624131888, -0.0121574131772, 0.00600693793967], [-0.00181881687604, 0.00768700521439, -0.00558928912506, 0.00540826795623, -0.00392588041723, 0.00294252741151, -0.00337936682627, 0.00333967898041, -0.0066317548044, 0.00705097569153, -0.0121574131772, 0.0179758779705, -0.00812175683677], [0.00186359859072, -0.00801153015345, 0.00438768835738, -0.00644008163363, 0.00382887315936, -0.00510885193944, 0.00279673957266, -0.00605477066711, 0.00436976226047, -0.00324921752326, 0.00600693793967, -0.00812175683677, 0.0232856590301]]
    },
    "melbands": {
        "dmean": [0.000718490919098, 0.00115967611782, 0.000617812678684, 0.000276764418231, 0.000185484459507, 0.000156506604981, 0.00019209914899, 0.000198643378098, 0.000157638802193, 0.000299606763292, 0.000223639406613, 0.0001437592, 0.000169408158399, 0.000117639967357, 0.000106907638838, 9.25293206819e-05, 7.76582455728e-05, 5.54940379516e-05, 3.0930939829e-05, 2.00283102458e-05, 1.39749663504e-05, 1.26892455228e-05, 1.00743454823e-05, 5.1574875215e-06, 3.95660890717e-06, 3.03650108435e-06, 1.97400618163e-06, 1.45825583786e-06, 1.27293628793e-06, 1.87097816706e-06, 9.8399880244e-07, 7.70806252604e-07, 5.49973833586e-07, 1.02105332189e-06, 1.1992447071e-06, 3.44718813494e-07, 2.11953661733e-07, 1.50995234094e-07, 1.05340298262e-07, 7.72582140485e-08],
        "dmean2": [0.00113607163075, 0.00181657599751, 0.000973951187916, 0.000465644523501, 0.000310697767418, 0.000255949184066, 0.000301712221699, 0.000329502072418, 0.000244888855377, 0.000447448983323, 0.000358525576303, 0.000224859148148, 0.000267597759375, 0.000184761214769, 0.000161681076861, 0.000137709794217, 0.000119391130283, 8.65607653395e-05, 4.62330026494e-05, 3.17224912578e-05, 2.23936403927e-05, 1.9918768885e-05, 1.6303090888e-05, 8.10987785371e-06, 6.31231296211e-06, 4.84523616251e-06, 3.11580652124e-06, 2.33909145209e-06, 2.05803007702e-06, 3.03248907585e-06, 1.63452807556e-06, 1.25386668515e-06, 8.86072598405e-07, 1.61269269938e-06, 1.86196689356e-06, 5.47093065961e-07, 3.4011654293e-07, 2.43879355821e-07, 1.68225867014e-07, 1.25127883166e-07],
        "dvar": [1.07732751076e-06, 2.05100309358e-06, 6.03198373028e-07, 1.53033766992e-07, 5.59336292838e-08, 3.67710910609e-08, 1.3485490058e-07, 1.13822054004e-07, 8.43401366524e-08, 4.95247832077e-07, 3.05792440258e-07, 6.34882582062e-08, 9.42790805425e-08, 4.64713671988e-08, 5.43127285368e-08, 4.34166942398e-08, 2.24193588139e-08, 1.09091438105e-08, 5.61529445164e-09, 1.22685850368e-09, 4.00793176425e-10, 4.28056312618e-10, 2.15894663258e-10, 4.69999456021e-11, 3.84815339316e-11, 2.85248717008e-11, 7.24398666052e-12, 3.91560655427e-12, 2.76870323543e-12, 1.0150265177e-11, 2.36538154515e-12, 1.65476562574e-12, 6.09481703388e-13, 4.30609237503e-12, 6.66441121039e-12, 3.37366256892e-13, 7.43996810232e-14, 4.04793487954e-14, 2.32618574603e-14, 1.23650877609e-14],
        "dvar2": [2.08051824302e-06, 4.04241109209e-06, 1.29009856664e-06, 3.82276937216e-07, 1.61501120033e-07, 1.05761088776e-07, 2.65015245304e-07, 3.04259202721e-07, 1.92178845282e-07, 1.01814032405e-06, 7.75675005116e-07, 1.38611511602e-07, 2.50160553605e-07, 1.15757977426e-07, 1.25124429928e-07, 9.52233918383e-08, 5.17888310014e-08, 2.62569823661e-08, 1.29209549726e-08, 2.79179213081e-09, 9.6792240889e-10, 1.07012265715e-09, 5.63287305688e-10, 1.2226793189e-10, 9.88144427394e-11, 7.31902732864e-11, 1.84168427037e-11, 9.69450041077e-12, 6.88418419492e-12, 2.50122544204e-11, 6.20125955794e-12, 4.14419323511e-12, 1.55977878183e-12, 1.04922633082e-11, 1.6152322535e-11, 8.42377654176e-13, 1.86852256215e-13, 1.00376670409e-13, 5.93808110864e-14, 3.1981744862e-14],
        "max": [0.0125558683649, 0.0206538755447, 0.0179626718163, 0.00786361005157, 0.00492415111512, 0.00307663530111, 0.0107888868079, 0.00558952474967, 0.00468839937821, 0.0116093084216, 0.010110616684, 0.00393842486665, 0.00529769295827, 0.00391745939851, 0.00415088748559, 0.0042183175683, 0.00227228668518, 0.0012873102678, 0.00198541278951, 0.000649477355182, 0.000372434966266, 0.000360442412784, 0.000262817367911, 8.86008419911e-05, 8.46680850373e-05, 0.00010299787391, 3.44929903804e-05, 2.42854712269e-05, 2.56051989709e-05, 4.21532458859e-05, 1.50810847117e-05, 1.63173463079e-05, 1.00393117464e-05, 3.01971904264e-05, 3.88667540392e-05, 1.11054987428e-05, 2.8299175483e-06, 2.9231116514e-06, 2.86442264041e-06, 1.54392057539e-06],
        "mean": [0.00234757200815, 0.00447490811348, 0.00204607192427, 0.000559941574465, 0.0004272738297, 0.00038483395474, 0.000437687180238, 0.000392252550228, 0.000299783016089, 0.000505674281158, 0.000426188285928, 0.000364269857528, 0.000492933322676, 0.000298953586025, 0.00021421747806, 0.000172107931576, 0.000161142568686, 0.000103323574876, 5.81362655794e-05, 4.03682897741e-05, 2.95334666589e-05, 2.69706943072e-05, 2.07957273233e-05, 1.09203219836e-05, 8.29937016533e-06, 5.95361825617e-06, 4.17416413256e-06, 3.06251013171e-06, 2.51349501923e-06, 3.14336557494e-06, 1.74571664502e-06, 1.33924947932e-06, 1.00762815691e-06, 1.65648009443e-06, 1.87718649158e-06, 5.92580647663e-07, 3.77895673864e-07, 2.50552801617e-07, 1.69106300518e-07, 1.11251935664e-07],
        "median": [0.00156705256086, 0.00388842076063, 0.00126647413708, 0.00037200312363, 0.00024339009542, 0.000224626186537, 0.000243764545303, 0.000244524620939, 0.000149460654939, 0.000157028436661, 0.000173193198862, 0.000175803608727, 0.000289165676804, 0.000156998285092, 7.44376375224e-05, 5.47682066099e-05, 6.67829444865e-05, 4.58444774267e-05, 2.50141838478e-05, 2.48441247095e-05, 1.96330474864e-05, 1.56329751917e-05, 1.40693227877e-05, 7.53209860704e-06, 4.85240889248e-06, 3.18350248563e-06, 2.46713807428e-06, 1.80917390935e-06, 1.70990892912e-06, 1.77524816536e-06, 1.11271288006e-06, 8.25735241961e-07, 6.1802700202e-07, 7.14015754966e-07, 6.44720671517e-07, 3.61926765891e-07, 2.53675011663e-07, 1.62428960948e-07, 9.94138957822e-08, 6.04151111361e-08],
        "min": [2.89496269661e-23, 1.28536948565e-23, 1.74316771483e-23, 1.09638917833e-23, 1.58526994713e-23, 1.0257408467e-23, 1.37778327852e-23, 7.11064310495e-24, 8.18499750494e-24, 1.0705556403e-23, 1.78681917525e-23, 3.06091063208e-23, 1.84445445739e-23, 1.29068072835e-23, 1.54537772447e-23, 9.62269019382e-24, 7.97708059159e-24, 1.04664353077e-23, 6.87875744186e-24, 1.24157232262e-23, 4.47314622734e-24, 1.010497293e-23, 9.95860215562e-24, 8.95166538631e-24, 9.0745991032e-24, 8.26648052556e-24, 9.2376345642e-24, 1.33677434436e-23, 1.4056832377e-23, 9.8346539636e-24, 8.27183925769e-24, 8.6499253012e-24, 1.40759480544e-23, 1.50732559875e-23, 8.45157411519e-24, 1.17840625779e-23, 1.0389858213e-23, 1.00033037477e-23, 6.85260275855e-24, 1.08429199635e-23],
        "var": [5.80903724767e-06, 1.07220157588e-05, 5.85325733482e-06, 5.28367991137e-07, 2.9731515383e-07, 1.86171092764e-07, 4.2473755002e-07, 2.50929161894e-07, 1.7692224219e-07, 1.18750301681e-06, 6.60926843921e-07, 2.3652364689e-07, 3.41764916811e-07, 1.41581978141e-07, 1.40244509339e-07, 1.26187728711e-07, 6.65255583954e-08, 2.37025634675e-08, 1.19905791962e-08, 3.1903002462e-09, 1.19386256436e-09, 1.28411625777e-09, 5.41290789968e-10, 1.26338647877e-10, 1.01306081579e-10, 6.50930767621e-11, 2.27558180632e-11, 1.17448377412e-11, 6.75306598835e-12, 1.62341216858e-11, 3.78685928101e-12, 2.75715561493e-12, 1.36457544483e-12, 7.15708221855e-12, 1.06563473323e-11, 5.84007018092e-13, 1.50069328709e-13, 8.27678108884e-14, 4.94471813755e-14, 2.13726741383e-14]
    },
    "mfcc": {
        "mean": [-616.922363281, 155.316589355, -11.9135513306, 11.2223854065, 1.06875813007, 17.5933227539, 1.87601006031, 13.9744701385, 0.668842613697, 2.70639514923, -2.15134835243, 4.11315584183, -0.361986368895],
        "cov": [[2030.45935059, -495.143585205, -543.451782227, -176.343490601, -98.7893981934, -70.4864120483, 40.6152801514, -45.3259735107, 18.3118991852, 141.198348999, 90.8557739258, -44.0539054871, -92.1334381104], [-495.143585205, 809.308837891, -130.211181641, -64.9504547119, 78.9205245972, -24.1578578949, 52.1413230896, 35.1137428284, 4.64005661011, -19.9677391052, -15.3365335464, 27.4186496735, 41.0719184875], [-543.451782227, -130.211181641, 616.622680664, 115.501274109, -17.0266151428, 111.180076599, -42.2147407532, 4.70540428162, -11.5316839218, -74.1596450806, -42.7981719971, 1.56235218048, 18.4067287445], [-176.343490601, -64.9504547119, 115.501274109, 271.313446045, 98.3973083496, -12.2098731995, -16.4583568573, 2.89678502083, 20.1053562164, -8.11008834839, -7.81268548965, 6.95938634872, 31.9516487122], [-98.7893981934, 78.9205245972, -17.0266151428, 98.3973083496, 150.471450806, -11.2312831879, 12.1912546158, -2.55109643936, 16.2372398376, -4.00811338425, 6.60618066788, 10.1764850616, 22.8194103241], [-70.4864120483, -24.1578578949, 111.180076599, -12.2098731995, -11.2312831879, 141.789199829, 24.7206459045, 18.5948810577, -13.9609775543, -2.34099006653, 1.70833778381, 3.54578566551, -11.8395195007], [40.6152801514, 52.1413230896, -42.2147407532, -16.4583568573, 12.1912546158, 24.7206459045, 160.462097168, 25.0015354156, 6.25357723236, 4.80396556854, 34.3826141357, -5.28794384003, -2.3266954422], [-45.3259735107, 35.1137428284, 4.70540428162, 2.89678502083, -2.55109643936, 18.5948810577, 25.0015354156, 113.038665771, 36.4031982422, -10.3111839294, -10.1431102753, 31.4043712616, 41.0055274963], [18.3118991852, 4.64005661011, -11.5316839218, 20.1053562164, 16.2372398376, -13.9609775543, 6.25357723236, 36.4031982422, 96.8216171265, 33.8452682495, 7.46108388901, 14.5362462997, 23.0664806366], [141.198348999, -19.9677391052, -74.1596450806, -8.11008834839, -4.00811338425, -2.34099006653, 4.80396556854, -10.3111839294, 33.8452682495, 94.7195205688, 31.9430065155, -10.182721138, -21.6771583557], [90.8557739258, -15.3365335464, -42.7981719971, -7.81268548965, 6.60618066788, 1.70833778381, 34.3826141357, -10.1431102753, 7.46108388901, 31.9430065155, 71.9637451172, 13.5127305984, -8.1006565094], [-44.0539054871, 27.4186496735, 1.56235218048, 6.95938634872, 10.1764850616, 3.54578566551, -5.28794384003, 31.4043712616, 14.5362462997, -10.182721138, 13.5127305984, 94.8213577271, 58.9236984253], [-92.1334381104, 41.0719184875, 18.4067287445, 31.9516487122, 22.8194103241, -11.8395195007, -2.3266954422, 41.0055274963, 23.0664806366, -21.6771583557, -8.1006565094, 58.9236984253, 105.97177124]],
