{
"lowlevel": {
    "average_loudness": 0.964451611042,
    "barkbands_crest": {
        "dmean": 2.62778496742,
        "dmean2": 4.16511821747,
        "dvar": 7.38243293762,
        "dvar2": 17.4199352264,
        "max": 26.6751155853,
        "mean": 16.6095485687,
        "median": 17.1939105988,
        "min": 2.72388911247,
        "var": 23.8143730164
    },
    "barkbands_flatness_db": {
        "dmean": 0.0295705106109,
        "dmean2": 0.0431732870638,
        "dvar": 0.00092943792697,
        "dvar2": 0.0019797347486,
        "max": 0.489798724651,
        "mean": 0.178441941738,
        "median": 0.170822232962,
        "min": 0.0281886979938,
        "var": 0.00454028975219
    },
    "barkbands_kurtosis": {
        "dmean": 7.43615102768,
        "dmean2": 11.4210948944,
        "dvar": 149.292160034,
        "dvar2": 346.210876465,
        "max": 188.230316162,
        "mean": 14.2688989639,
        "median": 8.94086837769,
        "min": -1.67372846603,
        "var": 313.520629883
    },
    "barkbands_skewness": {
        "dmean": 0.833106398582,
        "dmean2": 1.25799071789,
        "dvar": 0.896854877472,
        "dvar2": 1.99304437637,
        "max": 12.5810413361,
        "mean": 2.97679495811,
        "median": 2.81985425949,
        "min": -10.7699737549,
        "var": 3.58095526695
    },
    "barkbands_spread": {
        "dmean": 6.96934318542,
        "dmean2": 11.0317544937,
        "dvar": 84.1693115234,
        "dvar2": 203.918563843,
        "max": 103.764526367,
        "mean": 18.8893032074,
        "median": 15.0872526169,
        "min": 0.63673043251,
        "var": 203.626693726
    },
    "dissonance": {
        "dmean": 0.0215058214962,
        "dmean2": 0.0353638976812,
        "dvar": 0.000555452425033,
        "dvar2": 0.00138509680983,
        "max": 0.499999940395,
        "mean": 0.457977741957,
        "median": 0.469457060099,
        "min": 0.209756076336,
        "var": 0.00144344463479
    },
    "dynamic_complexity": 2.59135460854,
    "erbbands_crest": {
        "dmean": 2.99213123322,
        "dmean2": 4.61447381973,
        "dvar": 10.4181566238,
        "dvar2": 20.97514534,
        "max": 34.7490234375,
        "mean": 10.5076227188,
        "median": 8.59072875977,
        "min": 2.56582021713,
        "var": 40.1516113281
    },
    "erbbands_flatness_db": {
        "dmean": 0.0204051434994,
        "dmean2": 0.0294402372092,
        "dvar": 0.000622498686425,
        "dvar2": 0.00115521729458,
        "max": 0.532368481159,
        "mean": 0.122737020254,
        "median": 0.104756779969,
        "min": 0.0386410579085,
        "var": 0.00411591492593
    },
    "erbbands_kurtosis": {
        "dmean": 1.39509117603,
        "dmean2": 2.10735368729,
        "dvar": 14.0136156082,
        "dvar2": 26.5111122131,
        "max": 134.838684082,
        "mean": 1.0577237606,
        "median": -0.374344348907,
        "min": -1.75539112091,
        "var": 42.1537666321
    },
    "erbbands_skewness": {
        "dmean": 0.422320753336,
        "dmean2": 0.643223643303,
        "dvar": 0.207665801048,
        "dvar2": 0.484956085682,
        "max": 5.0402545929,
        "mean": 0.485833197832,
        "median": 0.437776625156,
        "min": -5.90707921982,
        "var": 0.757133960724
    },
    "erbbands_spread": {
        "dmean": 12.4676208496,
        "dmean2": 18.8649044037,
        "dvar": 182.0493927,
        "dvar2": 388.061950684,
        "max": 147.929763794,
        "mean": 58.2128982544,
        "median": 59.5922813416,
        "min": 0.363463133574,
        "var": 822.892700195
    },
    "hfc": {
        "dmean": 9.20757198334,
        "dmean2": 13.029384613,
        "dvar": 183.935440063,
        "dvar2": 425.526062012,
        "max": 147.516769409,
        "mean": 23.0648384094,
        "median": 17.6630878448,
        "min": 1.19635793738e-16,
        "var": 395.992401123
    },
    "melbands_crest": {
        "dmean": 3.16601061821,
        "dmean2": 5.0667757988,
        "dvar": 11.0411128998,
        "dvar2": 26.6682949066,
        "max": 34.5975418091,
        "mean": 21.6493663788,
        "median": 22.1785297394,
        "min": 2.86767554283,
        "var": 36.1908454895
    },
    "melbands_flatness_db": {
        "dmean": 0.0328814052045,
        "dmean2": 0.0483658984303,
        "dvar": 0.00128671713173,
        "dvar2": 0.00284065189771,
        "max": 0.562928438187,
        "mean": 0.265939980745,
        "median": 0.262619644403,
        "min": 0.00650486303493,
        "var": 0.00587696675211
    },
    "melbands_kurtosis": {
        "dmean": 21.1680812836,
        "dmean2": 32.183795929,
        "dvar": 1177.43066406,
        "dvar2": 2653.06689453,
        "max": 495.090179443,
        "mean": 50.2693023682,
        "median": 31.9845848083,
        "min": -1.72472143173,
        "var": 3540.15136719
    },
    "melbands_skewness": {
        "dmean": 1.25300848484,
        "dmean2": 1.8552492857,
        "dvar": 1.87099099159,
        "dvar2": 3.8723192215,
        "max": 19.234128952,
        "mean": 5.11656188965,
        "median": 4.7016415596,
        "min": -7.04502773285,
        "var": 9.9996099472
    },
    "melbands_spread": {
        "dmean": 4.75466585159,
        "dmean2": 7.43279600143,
        "dvar": 70.7849731445,
        "dvar2": 139.791305542,
        "max": 139.510925293,
        "mean": 12.4754571915,
        "median": 8.64104366302,
        "min": 0.638583064079,
        "var": 211.113830566
    },
    "pitch_salience": {
        "dmean": 0.0761273056269,
        "dmean2": 0.121757440269,
        "dvar": 0.00594528252259,
        "dvar2": 0.0140786245465,
        "max": 0.922676682472,
        "mean": 0.395219624043,
        "median": 0.397590875626,
        "min": 0.0574873350561,
        "var": 0.0179304908961
    },
    "silence_rate_20dB": {
        "dmean": 0,
        "dmean2": 0,
        "dvar": 0,
        "dvar2": 0,
        "max": 1,
        "mean": 1,
        "median": 1,
        "min": 1,
        "var": 0
    },
    "silence_rate_30dB": {
        "dmean": 0.0649484544992,
        "dmean2": 0.129963904619,
        "dvar": 0.0607306361198,
        "dvar2": 0.132670998573,
        "max": 1,
        "mean": 0.937660992146,
        "median": 1,
        "min": 0,
        "var": 0.0584518611431
    },
    "silence_rate_60dB": {
        "dmean": 0.0180412363261,
        "dmean2": 0.0361010842025,
        "dvar": 0.0177159961313,
        "dvar2": 0.0430501624942,
        "max": 1,
        "mean": 0.0211231317371,
        "median": 0,
        "min": 0,
        "var": 0.0206770710647
    },
    "spectral_centroid": {
        "dmean": 299.379516602,
        "dmean2": 471.272216797,
        "dvar": 159795.609375,
        "dvar2": 302304.96875,
        "max": 11155.9287109,
        "mean": 1243.32885742,
        "median": 1121.30834961,
        "min": 164.914138794,
        "var": 457472.1875
    },
    "spectral_complexity": {
        "dmean": 3.6427834034,
        "dmean2": 5.39092302322,
        "dvar": 16.1245136261,
        "dvar2": 29.8679065704,
        "max": 52,
        "mean": 14.3410615921,
        "median": 13,
        "min": 0,
        "var": 72.626701355
    },
    "spectral_decrease": {
        "dmean": 5.19859622017e-09,
        "dmean2": 8.86388207277e-09,
        "dvar": 1.2323253386e-16,
        "dvar2": 3.57109699367e-16,
        "max": 5.31777544741e-29,
        "mean": -1.32867565839e-08,
        "median": -1.21829648592e-08,
        "min": -1.33724242346e-07,
        "var": 1.05576218101e-16
    },
    "spectral_energy": {
        "dmean": 0.0200541466475,
        "dmean2": 0.0339668616652,
        "dvar": 0.00179245718755,
        "dvar2": 0.00519113661721,
        "max": 0.510773777962,
        "mean": 0.0522393248975,
        "median": 0.0477106980979,
        "min": 1.06506208553e-20,
        "var": 0.00157430313993
    },
    "spectral_energyband_high": {
        "dmean": 0.000692610046826,
        "dmean2": 0.00101516407449,
        "dvar": 1.38168513786e-06,
        "dvar2": 3.23992935591e-06,
        "max": 0.0138070872054,
        "mean": 0.00136652239598,
        "median": 0.000800921989139,
        "min": 7.7971078515e-21,
        "var": 2.62256139649e-06
    },
    "spectral_energyband_low": {
        "dmean": 0.0140792373568,
        "dmean2": 0.0247195716947,
        "dvar": 0.00139140430838,
        "dvar2": 0.00408193469048,
        "max": 0.467620015144,
        "mean": 0.0344153121114,
        "median": 0.0336743816733,
        "min": 6.27453590017e-23,
        "var": 0.001055697212
    },
    "spectral_energyband_middle_high": {
        "dmean": 0.00151212781202,
        "dmean2": 0.00217615207657,
        "dvar": 9.52143273025e-06,
        "dvar2": 1.67326797964e-05,
        "max": 0.0450396947563,
        "mean": 0.00323662650771,
        "median": 0.00158432638273,
        "min": 1.56789308319e-21,
        "var": 2.65585495072e-05
    },
    "spectral_energyband_middle_low": {
        "dmean": 0.00854611489922,
        "dmean2": 0.0138898808509,
        "dvar": 0.000333138741553,
        "dvar2": 0.000879935803823,
        "max": 0.253595292568,
        "mean": 0.0141643676907,
        "median": 0.00913827586919,
        "min": 3.66448180529e-22,
        "var": 0.000365450599929
    },
    "spectral_entropy": {
        "dmean": 0.229410797358,
        "dmean2": 0.342050462961,
        "dvar": 0.0685653761029,
        "dvar2": 0.14413279295,
        "max": 9.80906200409,
        "mean": 7.62515258789,
        "median": 7.76762056351,
        "min": 4.2379732132,
        "var": 0.35171636939
    },
    "spectral_flux": {
        "dmean": 0.0384533442557,
        "dmean2": 0.0599340796471,
        "dvar": 0.00322798499838,
        "dvar2": 0.00694206357002,
        "max": 0.629048228264,
        "mean": 0.0923416689038,
        "median": 0.0686356499791,
        "min": 1.03201842905e-10,
        "var": 0.0055224718526
    },
    "spectral_kurtosis": {
        "dmean": 1.57481622696,
        "dmean2": 2.55621433258,
        "dvar": 11.1008758545,
        "dvar2": 29.0959396362,
        "max": 76.6189041138,
        "mean": 3.75266361237,
        "median": 2.27394294739,
        "min": -1.18523478508,
        "var": 28.1235752106
    },
    "spectral_rms": {
        "dmean": 0.00121645326726,
        "dmean2": 0.00196796888486,
        "dvar": 3.71846067537e-06,
        "dvar2": 1.02271496871e-05,
        "max": 0.0223229900002,
        "mean": 0.00672321161255,
        "median": 0.0068225376308,
        "min": 3.22348419658e-12,
        "var": 5.76365800953e-06
    },
    "spectral_rolloff": {
        "dmean": 350.670074463,
        "dmean2": 588.949401855,
        "dvar": 947120.625,
        "dvar2": 1874275.75,
        "max": 18669.2871094,
        "mean": 759.518798828,
        "median": 344.53125,
        "min": 64.599609375,
        "var": 2216433.25
    },
    "spectral_skewness": {
        "dmean": 0.234386920929,
        "dmean2": 0.373043626547,
        "dvar": 0.0994962155819,
        "dvar2": 0.245289847255,
        "max": 7.04155445099,
        "mean": 1.47124481201,
        "median": 1.30615770817,
        "min": -0.0311713181436,
        "var": 0.363106131554
    },
    "spectral_spread": {
        "dmean": 849837.8125,
        "dmean2": 1290737.375,
        "dvar": 1.63802474086e+12,
        "dvar2": 3.09785762202e+12,
        "max": 40119048,
        "mean": 6166686.5,
        "median": 6231477.5,
        "min": 1024012.375,
        "var": 4.6659403776e+12
    },
    "spectral_strongpeak": {
        "dmean": 0.312170654535,
        "dmean2": 0.522388935089,
        "dvar": 0.521949708462,
        "dvar2": 1.21228981018,
        "max": 8.33423709869,
        "mean": 0.700923025608,
        "median": 0.457518309355,
        "min": 0,
        "var": 0.749764204025
    },
    "zerocrossingrate": {
        "dmean": 0.0128032881767,
        "dmean2": 0.0152570893988,
        "dvar": 0.00033527816413,
        "dvar2": 0.000397474243073,
        "max": 0.521484375,
        "mean": 0.0506290569901,
        "median": 0.04150390625,
        "min": 0.0029296875,
        "var": 0.00164047675207
    },
    "barkbands": {
        "dmean": [0.00096749846125, 0.0106833167374, 0.00284091359936, 0.002406145446, 0.00496991816908, 0.00103252811823, 0.000741001917049, 0.000798047403805, 0.000490982667543, 0.000800424604677, 0.000283192232018, 0.000241754823946, 0.000103952268546, 0.000116642520879, 0.000151850254042, 7.17620569048e-05, 0.00010271872452, 8.72733508004e-05, 0.000113995767606, 7.83165814937e-05, 0.000106128369225, 0.000102507532574, 0.000130136802909, 9.60264005698e-05, 0.000111424662464, 0.000206473327125, 3.35954100592e-05],
        "dmean2": [0.00163219601382, 0.0184162408113, 0.00525727914646, 0.00435616914183, 0.00819198973477, 0.00159427255858, 0.00122072268277, 0.00117301917635, 0.000763939926401, 0.00112950138282, 0.000480870367028, 0.000337374309311, 0.000169774444657, 0.000179384631338, 0.000229245793889, 0.000117319024866, 0.000170070590684, 0.000140645875945, 0.000188856065506, 0.000120387383504, 0.000166858095326, 0.00016283376317, 0.00020629055507, 0.000151415428263, 0.000177820707904, 0.000312499643769, 5.78771141591e-05],
        "dvar": [4.88869591209e-06, 0.000575715384912, 0.000144483376062, 3.46443121089e-05, 0.000195498418179, 6.57512828184e-06, 2.83818303615e-06, 4.02373734687e-06, 1.56999487899e-06, 6.10737470197e-06, 9.68618110164e-07, 1.2953495343e-06, 1.16490745938e-07, 9.09152007011e-08, 7.18416629297e-07, 2.4866483983e-08, 1.09547379168e-07, 1.85545339093e-08, 2.87885839612e-08, 1.39312597014e-08, 2.85451609017e-08, 2.90679516013e-08, 4.4966579793e-08, 2.3315658737e-08, 4.71743923924e-08, 1.92309570934e-07, 7.15961245845e-09],
        "dvar2": [1.27992143462e-05, 0.00167387758847, 0.000425688922405, 0.000100260433101, 0.000513166422024, 1.51918120537e-05, 7.00429063727e-06, 7.34845616535e-06, 3.33996194968e-06, 9.2635737019e-06, 2.46810418503e-06, 1.91266440197e-06, 2.74365334008e-07, 2.01449310566e-07, 1.27003511352e-06, 6.1881642921e-08, 3.10301516038e-07, 4.7389157487e-08, 7.69535546397e-08, 3.15961656838e-08, 6.88379770963e-08, 7.11432548428e-08, 1.09416156135e-07, 5.35744817398e-08, 1.21149881238e-07, 4.58277895632e-07, 1.8503701682e-08],
        "max": [0.0246076099575, 0.267044693232, 0.157134771347, 0.0663364157081, 0.213608711958, 0.0586568601429, 0.030631320551, 0.0376733317971, 0.0370297655463, 0.0435876250267, 0.0194658711553, 0.0361153669655, 0.0111993979663, 0.00603908952326, 0.0246497150511, 0.00246132630855, 0.00934807956219, 0.00220118113793, 0.00224911468104, 0.00146876007784, 0.00226248474792, 0.00194316054694, 0.00262445956469, 0.00172744994052, 0.00266490364447, 0.00425135623664, 0.000912625924684],
        "mean": [0.00158577749971, 0.0291895736009, 0.00285891140811, 0.00238250312395, 0.00605093780905, 0.0019913201686, 0.00107323564589, 0.00145882484503, 0.000778493646067, 0.00135554897133, 0.000390208675526, 0.00044120795792, 0.000148951046867, 0.00020030370797, 0.000228097676882, 0.000119606971566, 0.000158546099556, 0.000166043726495, 0.000235672705458, 0.000153287750436, 0.000210838625208, 0.000181567418622, 0.000241422574618, 0.000173973763594, 0.000178497561137, 0.000257841340499, 2.81932680082e-05],
        "median": [0.00068199634552, 0.029895093292, 0.00109035498463, 0.000734621658921, 0.00236568553373, 0.000729207880795, 0.000371586094843, 0.000278943189187, 0.000227269774769, 0.000202119190362, 6.74367911415e-05, 5.68917530472e-05, 5.71764176129e-05, 5.69410512981e-05, 6.75586197758e-05, 5.27790070919e-05, 9.30183305172e-05, 9.07067369553e-05, 0.000152277847519, 8.42430672492e-05, 0.000133025547257, 0.00010782040772, 0.000141044845805, 9.78822572506e-05, 8.54091194924e-05, 6.38921119389e-05, 1.03241200122e-06],
        "min": [8.22727019427e-24, 4.36333292392e-23, 8.91388683756e-24, 8.08619819858e-24, 2.99942271105e-23, 5.16563002362e-23, 1.18480710673e-22, 6.54184488889e-23, 6.76752600319e-23, 1.51923200261e-22, 9.54344233168e-23, 9.77331198184e-23, 1.26012489539e-22, 9.29516950324e-23, 1.22231775832e-22, 1.52930455731e-22, 1.55819390583e-22, 1.80988849734e-22, 3.40871189524e-22, 2.19010632701e-22, 3.81168577456e-22, 2.93164870456e-22, 6.43651075346e-22, 9.51621110567e-22, 1.1548001758e-21, 1.76633009727e-21, 2.64853700175e-21],
        "var": [5.95926394453e-06, 0.000538903288543, 8.66244081408e-05, 2.96211474051e-05, 0.000175522858626, 1.502644227e-05, 4.45231444246e-06, 1.39720978041e-05, 3.21186121255e-06, 1.74185715878e-05, 1.36934215789e-06, 4.52954736829e-06, 1.61476762628e-07, 1.91985549236e-07, 1.08113943043e-06, 4.10852827315e-08, 8.33321962546e-08, 4.1574256926e-08, 6.2507211851e-08, 3.66762265003e-08, 6.15658635184e-08, 5.1783253241e-08, 8.47115728675e-08, 4.80343516074e-08, 6.18221775994e-08, 2.3535829996e-07, 5.75645264789e-09]
    },
    "erbbands": {
        "dmean": [0.366525888443, 2.27235269547, 3.5054473877, 5.57352876663, 16.9707489014, 14.5919122696, 6.32888412476, 9.5643196106, 11.1928367615, 15.0632076263, 14.1120176315, 10.5350446701, 17.8702259064, 25.1799736023, 10.0010280609, 9.63668441772, 4.94514799118, 6.42918491364, 7.82088327408, 4.62792110443, 3.96114706993, 5.01860952377, 4.7148103714, 5.49996519089, 5.20558547974, 3.81554555893, 3.99958944321, 4.19673204422, 3.1771709919, 3.91439318657, 3.49575138092, 2.89209938049, 1.43266415596, 1.08790814877, 0.967550873756, 0.794677376747, 0.412383377552, 0.102835610509, 0.00334522640333, 7.93754152255e-05],
        "dmean2": [0.628220379353, 3.92681598663, 6.46959161758, 10.1785297394, 29.9981327057, 23.391740799, 10.1956930161, 14.9130134583, 17.329624176, 22.9031829834, 21.3056526184, 16.4267501831, 27.5371246338, 35.5601387024, 15.5801305771, 14.1062221527, 7.97292566299, 9.81506538391, 11.8603944778, 7.05658054352, 6.4965596199, 8.22683143616, 7.55609941483, 9.02062988281, 8.73458003998, 5.96058225632, 6.13605546951, 6.70147275925, 4.98063993454, 6.31261014938, 5.52893972397, 4.52545166016, 2.27841973305, 1.74763762951, 1.5635972023, 1.26310503483, 0.622985124588, 0.166153714061, 0.00553953414783, 0.000123120553326],
        "dvar": [0.552516520023, 29.6503238678, 185.640533447, 289.234588623, 2191.21728516, 1440.9630127, 137.47215271, 587.219482422, 1091.50305176, 1876.35986328, 835.511779785, 426.933624268, 2362.73120117, 8574.21289062, 991.595336914, 1639.6463623, 258.08694458, 317.291809082, 2009.74682617, 238.220947266, 148.969696045, 151.88092041, 56.5928993225, 64.5840530396, 68.5732040405, 33.7528495789, 41.4196014404, 43.4750404358, 31.3891468048, 40.274143219, 33.3013267517, 23.009847641, 5.38750743866, 3.86743879318, 3.8422973156, 2.90536570549, 0.78518652916, 0.0559395290911, 6.67317144689e-05, 2.43955788903e-08],
        "dvar2": [1.54680347443, 87.3134155273, 548.645019531, 835.955688477, 6123.01025391, 3663.42626953, 339.289733887, 1405.35375977, 2386.31689453, 3953.02783203, 1645.50512695, 943.206298828, 5502.24951172, 14032.0263672, 1952.86206055, 2709.15283203, 612.355407715, 692.28527832, 3604.42480469, 430.614898682, 411.355895996, 420.258758545, 139.111572266, 169.112136841, 185.161895752, 76.9207839966, 99.826210022, 105.607032776, 75.2189788818, 99.9035186768, 81.9145584106, 54.6702690125, 12.5989675522, 9.97040843964, 10.033290863, 7.29663801193, 1.79502785206, 0.137863054872, 0.000170464016264, 6.01680767431e-08],
        "max": [8.08788299561, 66.9179458618, 181.53477478, 236.313812256, 626.654174805, 598.700378418, 151.554901123, 519.115539551, 681.129699707, 809.662353516, 466.979827881, 455.941864014, 763.979187012, 1590.55883789, 808.611083984, 905.88885498, 513.818359375, 373.672332764, 1509.18432617, 587.420898438, 335.531738281, 303.759460449, 131.016265869, 136.996673584, 119.357414246, 87.238899231, 81.9926681519, 79.5126495361, 69.7069854736, 70.5125808716, 70.8673095703, 54.042881012, 25.9785709381, 22.827796936, 23.9407615662, 17.7268733978, 11.5432987213, 2.80504918098, 0.0968991294503, 0.0019201580435],
        "mean": [1.04712092876, 5.62568235397, 4.79370737076, 5.55473613739, 18.3846473694, 18.5948734283, 10.4699373245, 18.6355381012, 17.6270656586, 25.9205341339, 24.9581890106, 18.4839668274, 31.0158519745, 40.2579040527, 16.8404922485, 17.2248821259, 7.89813947678, 11.4181480408, 12.6711263657, 7.64052534103, 6.89627218246, 8.19323730469, 9.15716266632, 11.528459549, 10.0851411819, 7.75378751755, 8.14954471588, 7.88498401642, 5.68183660507, 6.92774581909, 6.3870549202, 5.16134500504, 2.56009054184, 1.7097812891, 1.43821024895, 1.08034014702, 0.477582335472, 0.100045286119, 0.00311137060635, 0.000129361142172],
        "median": [1.07627248764, 4.78862428665, 2.72847294807, 1.87015557289, 6.39071750641, 6.21250772476, 5.72314596176, 5.69960641861, 5.73127889633, 7.20477437973, 6.34007406235, 6.91357040405, 7.07083368301, 5.30622005463, 3.18789434433, 2.863032341, 3.29795670509, 3.72758507729, 4.33959341049, 3.36933374405, 3.7813243866, 4.86054325104, 5.51050901413, 6.95203447342, 6.60573959351, 4.18996953964, 4.96827888489, 4.89091777802, 3.20996451378, 4.17456293106, 3.75953555107, 2.85650610924, 1.39156329632, 0.877356231213, 0.637728333473, 0.347071558237, 0.0889132171869, 0.00975015480071, 0.00026210147189, 7.31808831915e-05],
        "min": [9.64618105162e-22, 1.02428159665e-20, 1.79512377779e-20, 1.39459064673e-20, 6.12820763466e-20, 1.0559427747e-19, 2.00411684029e-19, 4.48838798623e-19, 1.62712247773e-18, 1.91277493001e-18, 1.48641522982e-18, 1.46165026946e-18, 1.92259066875e-18, 7.50189784423e-18, 2.31887987213e-18, 5.66688368206e-18, 5.44279549104e-18, 3.64479311179e-18, 5.72430325146e-18, 9.37930583997e-18, 6.76674272918e-18, 8.52505243315e-18, 1.04845440426e-17, 1.03950149762e-17, 1.76808300834e-17, 1.07341912874e-17, 1.93436930708e-17, 1.19141917282e-17, 1.08178804587e-17, 1.21493823374e-17, 1.94715321801e-17, 1.87006279734e-17, 1.67005052522e-17, 1.13533880883e-17, 8.68761162149e-18, 6.24502833632e-18, 3.1283660574e-18, 1.51268710646e-18, 3.70111961371e-19, 3.83203438733e-20],
        "var": [0.716109335423, 27.7882728577, 113.890083313, 198.999160767, 1764.61523438, 1464.60791016, 212.056747437, 1394.23022461, 2138.58129883, 5374.82617188, 2622.63452148, 951.924804688, 4649.06201172, 22296.2363281, 2798.07299805, 4942.38964844, 374.166107178, 704.369995117, 3004.01220703, 397.218444824, 138.615814209, 143.142150879, 119.744621277, 160.928985596, 116.639709473, 94.6818466187, 94.5394668579, 89.0022583008, 56.0554733276, 69.170539856, 60.0961723328, 44.4010696411, 10.9379529953, 5.29686450958, 4.5954451561, 3.48037481308, 0.967792451382, 0.0534353628755, 5.77501195949e-05, 2.77920051417e-08]
    },
    "gfcc": {
        "mean": [13.8716106415, 75.588180542, -76.4091415405, 45.0958938599, -53.205242157, 20.564950943, -28.5011024475, 20.0489406586, -18.5973205566, 8.31450653076, -14.5530385971, 6.27050638199, -10.758146286],
        "cov": [[5602.40771484, -1460.25634766, 795.971801758, 76.9144897461, -243.9271698, 13.5537786484, -357.805053711, 144.09437561, -373.680419922, 270.310943604, -400.129577637, 254.308822632, -283.154144287], [-1460.25634766, 1913.81396484, -520.510925293, -123.573905945, 137.007965088, -140.351104736, 155.265975952, -207.240615845, 191.075286865, -232.053482056, 228.939331055, -214.819152832, 252.681716919], [795.971801758, -520.510925293, 831.105041504, 157.65411377, 63.5860099792, 68.3648071289, -7.62814044952, 139.500976562, -26.9931907654, 131.853546143, -105.086990356, 135.695205688, -92.6307449341], [76.9144897461, -123.573905945, 157.65411377, 418.724029541, 19.5132522583, 62.8574409485, -49.0971450806, 106.425338745, 15.5014257431, 2.35291600227, 41.6102485657, -4.68334293365, -16.1799278259], [-243.9271698, 137.007965088, 63.5860099792, 19.5132522583, 206.256790161, 79.5523681641, 108.955474854, 4.48231172562, 33.3191757202, -15.7346572876, 36.0611724854, 3.17744779587, 21.1680297852], [13.5537786484, -140.351104736, 68.3648071289, 62.8574409485, 79.5523681641, 199.043579102, 81.0975189209, 67.0282058716, -28.0550460815, -1.9835845232, 11.7935504913, 34.5187683105, 0.487762361765], [-357.805053711, 155.265975952, -7.62814044952, -49.0971450806, 108.955474854, 81.0975189209, 220.10345459, 48.9901199341, 51.5793113708, -27.5944862366, 36.1159820557, -11.6895227432, 37.7405853271], [144.09437561, -207.240615845, 139.500976562, 106.425338745, 4.48231172562, 67.0282058716, 48.9901199341, 192.372146606, 53.4299278259, 46.5366134644, -0.672586739063, 18.265914917, -27.5184135437], [-373.680419922, 191.075286865, -26.9931907654, 15.5014257431, 33.3191757202, -28.0550460815, 51.5793113708, 53.4299278259, 158.042953491, 40.9411506653, 57.9472885132, -47.5928535461, 13.0721731186], [270.310943604, -232.053482056, 131.853546143, 2.35291600227, -15.7346572876, -1.9835845232, -27.5944862366, 46.5366134644, 40.9411506653, 150.198150635, 12.357178688, 30.359003067, -66.3171386719], [-400.129577637, 228.939331055, -105.086990356, 41.6102485657, 36.0611724854, 11.7935504913, 36.1159820557, -0.672586739063, 57.9472885132, 12.357178688, 168.503219604, 14.9279766083, 28.5069084167], [254.308822632, -214.819152832, 135.695205688, -4.68334293365, 3.17744779587, 34.5187683105, -11.6895227432, 18.265914917, -47.5928535461, 30.359003067, 14.9279766083, 137.904785156, 11.3458251953], [-283.154144287, 252.681716919, -92.6307449341, -16.1799278259, 21.1680297852, 0.487762361765, 37.7405853271, -27.5184135437, 13.0721731186, -66.3171386719, 28.5069084167, 11.3458251953, 134.717056274]],
        "icov": [[0.000350709568011, -0.000170680825249, 1.20853346743e-05, -9.90356784314e-05, 3.88474072679e-05, 9.06614659471e-05, 0.00020175181271, -0.000442263757577, 0.000877598824445, -0.000792856153566, 0.000787460652646, -0.000508379365783, 0.000301124004181], [-0.000170680825249, 0.00196948251687, -0.000532811274752, 0.000692489731591, -0.00047932707821, 0.000624350795988, -0.000103982529254, 0.00129546539392, -0.00153582496569, 0.00239851605147, -0.00303554628044, 0.00306088989601, -0.00225488212891], [1.20853346743e-05, -0.000532811274752, 0.00286823231727, -0.00145548395813, -0.00112187874038, 0.00050651183119, -0.000625230371952, -0.000784803938586, 0.000202409995836, -0.00226395507343, 0.0034120362252, -0.0036957077682, 0.00146656075958], [-9.90356784314e-05, 0.000692489731591, -0.00145548395813, 0.00462037278339, -0.000712687731721, -0.00100557762198, 0.00295097124763, -0.00221910211258, -8.54072568472e-05, 0.00265328027308, -0.00390925072134, 0.00357725680806, -0.00127689738292], [3.88474072679e-05, -0.00047932707821, -0.00112187874038, -0.000712687731721, 0.00887185707688, -0.00316075282171, -0.00325603317469, 0.00309190084226, -0.00241354713216, 0.000814263592474, -6.62802776787e-05, -0.000925664382521, 0.00101188279223], [9.06614659471e-05, 0.000624350795988, 0.00050651183119, -0.00100557762198, -0.00316075282171, 0.00965873803943, -0.00273711187765, -0.00296849641018, 0.00458407821134, -0.000999076175503, -0.000850812008139, 5.66526250623e-05, -0.00089226505952], [0.00020175181271, -0.000103982529254, -0.000625230371952, 0.00295097124763, -0.00325603317469, -0.00273711187765, 0.0100302891806, -0.00350790866651, -0.00106713350397, 0.00210132403299, -0.00151641911361, 0.00168382166885, -0.00114434119314], [-0.000442263757577, 0.00129546539392, -0.000784803938586, -0.00221910211258, 0.00309190084226, -0.00296849641018, -0.00350790866651, 0.0123728476465, -0.00746143097058, 0.00173150305636, 1.41072941915e-05, -0.000733204942662, 0.000504621653818], [0.000877598824445, -0.00153582496569, 0.000202409995836, -8.54072568472e-05, -0.00241354713216, 0.00458407821134, -0.00106713350397, -0.00746143097058, 0.0188434422016, -0.00929024722427, -0.00104807235766, 0.00446593388915, -0.002564486349], [-0.000792856153566, 0.00239851605147, -0.00226395507343, 0.00265328027308, 0.000814263592474, -0.000999076175503, 0.00210132403299, 0.00173150305636, -0.00929024722427, 0.0179849267006, -0.00652288179845, 0.000966062769294, 0.00329126347788], [0.000787460652646, -0.00303554628044, 0.0034120362252, -0.00390925072134, -6.62802776787e-05, -0.000850812008139, -0.00151641911361, 1.41072941915e-05, -0.00104807235766, -0.00652288179845, 0.0165322497487, -0.0106273852289, 0.0039539122954], [-0.000508379365783, 0.00306088989601, -0.0036957077682, 0.00357725680806, -0.000925664382521, 5.66526250623e-05, 0.00168382166885, -0.000733204942662, 0.00446593388915, 0.000966062769294, -0.0106273852289, 0.0201652739197, -0.00880471989512], [0.000301124004181, -0.00225488212891, 0.00146656075958, -0.00127689738292, 0.00101188279223, -0.00089226505952, -0.00114434119314, 0.000504621653818, -0.002564486349, 0.00329126347788, 0.0039539122954, -0.00880471989512, 0.0151820732281]]
    },
    "melbands": {
        "dmean": [0.00309916678816, 0.00223738281056, 0.00128277239855, 0.0012820091797, 0.000255559163634, 0.000217203138163, 0.000164962955751, 0.000169397841091, 0.000107142193883, 7.00254749972e-05, 9.04936459847e-05, 0.000106965620944, 3.47371096723e-05, 2.87119219138e-05, 1.60664003488e-05, 1.10161663542e-05, 1.273203452e-05, 1.17705912999e-05, 1.00604574982e-05, 5.75006788495e-06, 5.0952608035e-06, 5.88883767705e-06, 4.6381305765e-06, 4.3725449359e-06, 5.02574312122e-06, 4.22255016019e-06, 3.13949931297e-06, 2.74502599495e-06, 2.46439822149e-06, 3.2867696973e-06, 2.2864157927e-06, 1.74162710209e-06, 2.32820002566e-06, 2.21010191126e-06, 1.91057461052e-06, 2.85830128632e-06, 1.43078045767e-06, 1.08803430976e-06, 9.87765588434e-07, 9.6342876077e-07],
        "dmean2": [0.00532199256122, 0.00399991218001, 0.00234277592972, 0.00210277317092, 0.000410022650613, 0.000332685071044, 0.000257134612184, 0.000252634083154, 0.000162828044267, 0.000109073123895, 0.000138293529744, 0.000148821971379, 5.74272235099e-05, 3.99006312364e-05, 2.54447968473e-05, 1.72981544893e-05, 1.95260327018e-05, 1.80947245099e-05, 1.49846528075e-05, 9.3244962045e-06, 8.43068937684e-06, 9.73761689238e-06, 7.53461790737e-06, 7.21093465472e-06, 8.32610658108e-06, 7.02781744621e-06, 5.16284035257e-06, 4.38327697339e-06, 3.87241789213e-06, 5.31967816642e-06, 3.63722756447e-06, 2.75829506791e-06, 3.79743687517e-06, 3.58324177796e-06, 3.07540358335e-06, 4.54140945294e-06, 2.26341785492e-06, 1.73853163687e-06, 1.59962030466e-06, 1.57022850544e-06],
        "dvar": [4.31262778875e-05, 5.20049034094e-05, 1.01806044768e-05, 1.3087109437e-05, 2.2933720345e-07, 3.20291519529e-07, 1.98840112375e-07, 2.43247285425e-07, 4.74926906691e-08, 2.63717829796e-08, 5.99096452447e-08, 1.6050198326e-07, 1.28233512697e-08, 2.0454645977e-08, 3.7443568246e-09, 1.92069515847e-09, 1.24816212921e-09, 4.37935643305e-09, 2.9247393396e-09, 1.95077426435e-10, 4.01661454097e-10, 3.12584014228e-10, 6.13735035015e-11, 4.42817379986e-11, 5.74823452726e-11, 4.76055271592e-11, 2.32875385642e-11, 1.93705121387e-11, 1.61290911183e-11, 2.94573150594e-11, 1.31492629285e-11, 9.96185165608e-12, 1.65787591988e-11, 1.19252984224e-11, 1.02901341961e-11, 2.65291053014e-11, 5.29971986435e-12, 3.1542312165e-12, 2.78352623069e-12, 3.10190870385e-12],
        "dvar2": [0.000122948753415, 0.000154422945343, 2.96405469271e-05, 3.39095640811e-05, 5.71987527564e-07, 7.29814473743e-07, 4.35461032566e-07, 4.86435226321e-07, 9.44609439557e-08, 5.74061473912e-08, 1.37843969128e-07, 2.4941675747e-07, 3.02302289867e-08, 2.92442390304e-08, 8.56121928905e-09, 4.36414948624e-09, 2.7379651879e-09, 7.97846499978e-09, 5.04247532618e-09, 4.79953465859e-10, 1.13099452026e-09, 8.82353912157e-10, 1.54080706527e-10, 1.15645874821e-10, 1.54250501261e-10, 1.29443775143e-10, 5.97763089027e-11, 4.56226723067e-11, 3.85454446139e-11, 7.6163277074e-11, 3.2294646124e-11, 2.42276580742e-11, 4.25978939622e-11, 2.91920584927e-11, 2.57646629725e-11, 6.44157366336e-11, 1.28121558501e-11, 7.5768315233e-12, 7.1167368873e-12, 8.09296553383e-12],
        "max": [0.0710184276104, 0.0969888195395, 0.0365710109472, 0.0552911013365, 0.00598060339689, 0.0129755986854, 0.00940250605345, 0.00943197496235, 0.00350941950455, 0.00434288941324, 0.00383864110336, 0.00709983287379, 0.00215474120341, 0.00491265160963, 0.00149299949408, 0.00149977079127, 0.000724524375983, 0.00229341071099, 0.00210637575947, 0.000251881690929, 0.000594675482716, 0.000486068805913, 9.6930671134e-05, 0.000100081626442, 0.000122271332657, 0.00010358421423, 5.75806079723e-05, 7.40768227843e-05, 4.37894123024e-05, 8.92748939805e-05, 3.88853477489e-05, 4.22391858592e-05, 4.39929208369e-05, 3.68011387764e-05, 3.61302736565e-05, 7.01112585375e-05, 2.71534172498e-05, 2.21469399548e-05, 2.14790634345e-05, 2.27678738156e-05],
        "mean": [0.0087651098147, 0.00427073473111, 0.0013190015452, 0.00151739525609, 0.000415117508965, 0.000414760084823, 0.000255540566286, 0.000297370977933, 0.000183147320058, 0.000118820542411, 0.000153639673954, 0.000168310652953, 5.18225788255e-05, 5.43670576008e-05, 2.52786521742e-05, 1.66396384884e-05, 2.16984917643e-05, 1.86656143342e-05, 1.48748467836e-05, 9.00281793292e-06, 7.99542885943e-06, 8.99272163224e-06, 7.67515848565e-06, 8.31522993394e-06, 9.70969540504e-06, 7.86056625657e-06, 5.56688837605e-06, 5.21390620634e-06, 4.63394735561e-06, 5.95375149715e-06, 3.9227011257e-06, 2.90871503239e-06, 3.8973212213e-06, 3.67393522538e-06, 3.10370023726e-06, 5.0153794291e-06, 2.30119803746e-06, 1.8312582597e-06, 1.44088346588e-06, 1.44871080465e-06],
        "median": [0.00940494518727, 0.00302784633823, 0.000503690564074, 0.000558322586585, 0.000221544454689, 0.000130500426167, 8.57869526953e-05, 7.33369233785e-05, 4.45114565082e-05, 3.50936097675e-05, 3.16364858008e-05, 1.97712615773e-05, 9.55939685809e-06, 6.86733847033e-06, 6.27789358987e-06, 5.70009251533e-06, 5.86531587032e-06, 6.03846228842e-06, 5.14071507496e-06, 3.15551892527e-06, 4.32819024354e-06, 5.21423407918e-06, 4.16895954913e-06, 4.69134329251e-06, 5.53478867005e-06, 5.06653759658e-06, 3.35954064212e-06, 2.43722979576e-06, 2.56879820881e-06, 3.7690449517e-06, 2.16514467866e-06, 1.48813444412e-06, 2.33273476624e-06, 2.13794646697e-06, 1.74205945314e-06, 2.53274947681e-06, 1.2147313555e-06, 9.58631744652e-07, 7.11046368451e-07, 7.19127228876e-07],
        "min": [1.10341051371e-23, 1.17276353573e-23, 3.76955684724e-24, 6.25924091273e-24, 5.96651198575e-24, 1.20590705335e-23, 2.35599352019e-23, 1.88691189794e-23, 1.40182018585e-23, 7.90173411995e-24, 8.88370501933e-24, 3.02947326283e-23, 9.72748247646e-24, 8.27056524733e-24, 2.01575260528e-23, 7.00616478894e-24, 6.94822689976e-24, 8.83990115098e-24, 1.25374136983e-23, 9.93078455351e-24, 7.93843508471e-24, 8.04376221505e-24, 9.64917777643e-24, 9.29635894771e-24, 7.55321142772e-24, 1.51763206648e-23, 7.62159383529e-24, 7.03470025447e-24, 1.37535611129e-23, 8.0472055929e-24, 6.56276342906e-24, 6.11989060598e-24, 5.52381862852e-24, 6.76795167253e-24, 1.06288822784e-23, 1.25300465263e-23, 1.10648920116e-23, 1.0825460894e-23, 1.18373887862e-23, 8.83139880815e-24],
        "var": [4.54633882327e-05, 3.50734990207e-05, 7.62566651247e-06, 1.18849611681e-05, 3.40596983506e-07, 7.53380163587e-07, 3.96673243586e-07, 7.55987116463e-07, 1.45393514117e-07, 5.56249233341e-08, 1.19278169564e-07, 4.33463327454e-07, 2.39059669838e-08, 7.57809033303e-08, 7.07409597567e-09, 2.96106583697e-09, 2.61251331679e-09, 6.4574408043e-09, 4.52260406902e-09, 3.10537623394e-10, 3.04718666966e-10, 2.44881170897e-10, 1.08637626672e-10, 9.62377538771e-11, 1.26960400526e-10, 7.78743597385e-11, 4.13746259476e-11, 5.41747063876e-11, 3.52032153428e-11, 5.12486685034e-11, 2.53638603176e-11, 1.68406989742e-11, 2.44358734636e-11, 2.05486790777e-11, 1.60192432236e-11, 5.1009876878e-11, 8.82810144431e-12, 6.0629478868e-12, 4.02328040675e-12, 4.05000165349e-12]
    },
    "mfcc": {
        "mean": [-643.329833984, 108.212936401, 33.3070411682, 35.4888496399, 8.77894020081, 8.7534236908, 4.61874055862, 12.5599994659, 3.84039545059, 9.91745948792, 3.77865505219, 2.68781495094, -0.893452763557],
        "cov": [[4404.33447266, -991.266540527, 414.115356445, 16.9416561127, 10.9882307053, -73.6322402954, -82.4335098267, -152.440444946, -63.8389930725, -84.9005432129, -58.0030059814, -122.042854309, -121.814476013], [-991.266540527, 1471.25671387, -288.614593506, -39.6041717529, -59.4140853882, 27.266242981, -8.20859146118, -21.8715724945, 10.0768623352, -11.8857660294, -67.4464035034, -32.344997406, 29.0069198608], [414.115356445, -288.614593506, 474.591796875, 127.719429016, 97.5414886475, 23.8509883881, 14.3814744949, 38.8274078369, 36.7899703979, 28.4918823242, 52.2451820374, 19.4452075958, -17.1954689026], [16.9416561127, -39.6041717529, 127.719429016, 235.966964722, 94.3346099854, -2.16906642914, -4.10070037842, 27.7672595978, 3.32036018372, 45.6643981934, 42.1897010803, 25.2856330872, -8.33695030212], [10.9882307053, -59.4140853882, 97.5414886475, 94.3346099854, 158.750091553, 43.1656608582, 30.6455821991, 41.3723983765, -4.42237997055, 22.3623428345, 31.9882717133, 19.8955554962, -2.69690513611], [-73.6322402954, 27.266242981, 23.8509883881, -2.16906642914, 43.1656608582, 126.767021179, 71.5180892944, 25.8784103394, 13.444149971, -13.1873168945, -7.6537194252, 3.76597332954, 7.17233562469], [-82.4335098267, -8.20859146118, 14.3814744949, -4.10070037842, 30.6455821991, 71.5180892944, 158.378082275, 98.258682251, 26.8272323608, 6.11414957047, 2.47500276566, 9.57296943665, 20.9969100952], [-152.440444946, -21.8715724945, 38.8274078369, 27.7672595978, 41.3723983765, 25.8784103394, 98.258682251, 159.573532104, 53.4857254028, 25.9425754547, 3.64665174484, 0.654082655907, 5.4917807579], [-63.8389930725, 10.0768623352, 36.7899703979, 3.32036018372, -4.42237997055, 13.444149971, 26.8272323608, 53.4857254028, 120.448684692, 60.7788009644, 6.84979200363, -20.5142612457, -16.6442508698], [-84.9005432129, -11.8857660294, 28.4918823242, 45.6643981934, 22.3623428345, -13.1873168945, 6.11414957047, 25.9425754547, 60.7788009644, 144.697540283, 77.0476608276, 11.2427158356, -29.6285591125], [-58.0030059814, -67.4464035034, 52.2451820374, 42.1897010803, 31.9882717133, -7.6537194252, 2.47500276566, 3.64665174484, 6.84979200363, 77.0476608276, 133.83480835, 78.4017486572, 4.04229021072], [-122.042854309, -32.344997406, 19.4452075958, 25.2856330872, 19.8955554962, 3.76597332954, 9.57296943665, 0.654082655907, -20.5142612457, 11.2427158356, 78.4017486572, 144.726348877, 81.4568634033], [-121.814476013, 29.0069198608, -17.1954689026, -8.33695030212, -2.69690513611, 7.17233562469, 20.9969100952, 5.4917807579, -16.6442508698, -29.6285591125, 4.04229021072, 81.4568634033, 133.745407104]],
