{
"lowlevel": {
    "average_loudness": 0.892733812332,
    "barkbands_crest": {
        "dmean": 2.70972204208,
        "dmean2": 4.3208193779,
        "dvar": 6.27188634872,
        "dvar2": 16.5083084106,
        "max": 26.2597351074,
        "mean": 13.0310525894,
        "median": 12.3705005646,
        "min": 2.94838857651,
        "var": 21.3553085327
    },
    "barkbands_flatness_db": {
        "dmean": 0.0282130818814,
        "dmean2": 0.0379259958863,
        "dvar": 0.0005819562939,
        "dvar2": 0.00113529083319,
        "max": 0.443749815226,
        "mean": 0.20965218544,
        "median": 0.203388512135,
        "min": 0.0561286695302,
        "var": 0.0044671758078
    },
    "barkbands_kurtosis": {
        "dmean": 3.14641427994,
        "dmean2": 4.82350873947,
        "dvar": 41.3424797058,
        "dvar2": 94.402671814,
        "max": 143.066375732,
        "mean": 4.11275482178,
        "median": 1.54248428345,
        "min": -1.76790893078,
        "var": 74.306022644
    },
    "barkbands_skewness": {
        "dmean": 0.606308400631,
        "dmean2": 0.887920558453,
        "dvar": 0.485040873289,
        "dvar2": 0.985476911068,
        "max": 10.8351659775,
        "mean": 1.00321877003,
        "median": 0.902557611465,
        "min": -3.63055157661,
        "var": 2.00758242607
    },
    "barkbands_spread": {
        "dmean": 3.56652259827,
        "dmean2": 5.42831707001,
        "dvar": 12.7703180313,
        "dvar2": 28.6563053131,
        "max": 40.7053985596,
        "mean": 14.1567192078,
        "median": 13.7032251358,
        "min": 0.969349145889,
        "var": 42.8520927429
    },
    "dissonance": {
        "dmean": 0.037999138236,
        "dmean2": 0.0652758702636,
        "dvar": 0.00144616304897,
        "dvar2": 0.00410552229732,
        "max": 0.499522089958,
        "mean": 0.426836192608,
        "median": 0.435975819826,
        "min": 0.136974483728,
        "var": 0.00217515649274
    },
    "dynamic_complexity": 2.89228415489,
    "erbbands_crest": {
        "dmean": 2.90599393845,
        "dmean2": 4.56227493286,
        "dvar": 11.717546463,
        "dvar2": 25.119096756,
        "max": 34.158241272,
        "mean": 15.4410572052,
        "median": 13.6066761017,
        "min": 3.45406293869,
        "var": 61.7869377136
    },
    "erbbands_flatness_db": {
        "dmean": 0.0273906588554,
        "dmean2": 0.0351786017418,
        "dvar": 0.000768898345996,
        "dvar2": 0.00130036845803,
        "max": 0.488442063332,
        "mean": 0.234612613916,
        "median": 0.216826409101,
        "min": 0.0773952752352,
        "var": 0.00576056493446
    },
    "erbbands_kurtosis": {
        "dmean": 1.53598046303,
        "dmean2": 2.35294270515,
        "dvar": 9.75571918488,
        "dvar2": 22.6849689484,
        "max": 70.2899932861,
        "mean": 2.35003447533,
        "median": 0.416017889977,
        "min": -1.52337682247,
        "var": 41.3645133972
    },
    "erbbands_skewness": {
        "dmean": 0.402734398842,
        "dmean2": 0.605714082718,
        "dvar": 0.221210822463,
        "dvar2": 0.49194470048,
        "max": 5.54786205292,
        "mean": 0.546235322952,
        "median": 0.526340007782,
        "min": -4.41778087616,
        "var": 0.791820287704
    },
    "erbbands_spread": {
        "dmean": 5.35945701599,
        "dmean2": 7.94744968414,
        "dvar": 43.6489143372,
        "dvar2": 92.4131698608,
        "max": 88.5238113403,
        "mean": 22.7552318573,
        "median": 21.0415496826,
        "min": 1.11008369923,
        "var": 165.093704224
    },
    "hfc": {
        "dmean": 4.8075299263,
        "dmean2": 6.73367404938,
        "dvar": 60.6411590576,
        "dvar2": 103.740219116,
        "max": 93.9624252319,
        "mean": 17.7835941315,
        "median": 9.74700546265,
        "min": 1.21175183475e-16,
        "var": 342.427459717
    },
    "melbands_crest": {
        "dmean": 3.50832676888,
        "dmean2": 5.5046710968,
        "dvar": 9.60443401337,
        "dvar2": 23.1987247467,
        "max": 34.1475296021,
        "mean": 17.3528785706,
        "median": 16.7030677795,
        "min": 3.14810323715,
        "var": 34.8294868469
    },
    "melbands_flatness_db": {
        "dmean": 0.0311167035252,
        "dmean2": 0.0425595119596,
        "dvar": 0.000692909525242,
        "dvar2": 0.0014883816475,
        "max": 0.473680913448,
        "mean": 0.275618255138,
        "median": 0.274350523949,
        "min": 0.00856692530215,
        "var": 0.00452198041603
    },
    "melbands_kurtosis": {
        "dmean": 5.79947376251,
        "dmean2": 8.87541484833,
        "dvar": 130.661193848,
        "dvar2": 281.776000977,
        "max": 222.45602417,
        "mean": 8.48327064514,
        "median": 3.30697965622,
        "min": -1.91646504402,
        "var": 271.010070801
    },
    "melbands_skewness": {
        "dmean": 0.746906340122,
        "dmean2": 1.09733951092,
        "dvar": 0.746516764164,
        "dvar2": 1.44856619835,
        "max": 10.8746881485,
        "mean": 1.60456192493,
        "median": 1.37219035625,
        "min": -3.45617341995,
        "var": 3.11682367325
    },
    "melbands_spread": {
        "dmean": 5.27550506592,
        "dmean2": 7.85013151169,
        "dvar": 35.7862625122,
        "dvar2": 69.7226486206,
        "max": 126.733093262,
        "mean": 19.0323848724,
        "median": 17.5001430511,
        "min": 0.827528238297,
        "var": 111.310424805
    },
    "pitch_salience": {
        "dmean": 0.0653919130564,
        "dmean2": 0.104437112808,
        "dvar": 0.00389248435386,
        "dvar2": 0.00981621537358,
        "max": 0.978807866573,
        "mean": 0.424338638783,
        "median": 0.418955057859,
        "min": 0.124012492597,
        "var": 0.0112397819757
    },
    "silence_rate_20dB": {
        "dmean": 0,
        "dmean2": 0,
        "dvar": 0,
        "dvar2": 0,
        "max": 1,
        "mean": 1,
        "median": 1,
        "min": 1,
        "var": 0
    },
    "silence_rate_30dB": {
        "dmean": 0,
        "dmean2": 0,
        "dvar": 0,
        "dvar2": 0,
        "max": 1,
        "mean": 1,
        "median": 1,
        "min": 1,
        "var": 0
    },
    "silence_rate_60dB": {
        "dmean": 0.0288808662444,
        "dmean2": 0.0572755411267,
        "dvar": 0.0280473008752,
        "dvar2": 0.0643151625991,
        "max": 1,
        "mean": 0.0309278350323,
        "median": 0,
        "min": 0,
        "var": 0.0299716405571
    },
    "spectral_centroid": {
        "dmean": 172.583496094,
        "dmean2": 250.468826294,
        "dvar": 78639.8828125,
        "dvar2": 110697.9375,
        "max": 10461.2236328,
        "mean": 1079.00317383,
        "median": 1037.32543945,
        "min": 183.424438477,
        "var": 211060.21875
    },
    "spectral_complexity": {
        "dmean": 2.07942247391,
        "dmean2": 3.0103199482,
        "dvar": 4.39184713364,
        "dvar2": 8.62422084808,
        "max": 31,
        "mean": 10.6675262451,
        "median": 10,
        "min": 0,
        "var": 17.0570373535
    },
    "spectral_decrease": {
        "dmean": 1.83493809036e-09,
        "dmean2": 2.59620569487e-09,
        "dvar": 4.74807710024e-18,
        "dvar2": 9.37977236983e-18,
        "max": -1.02499616644e-28,
        "mean": -6.06659700253e-09,
        "median": -4.99372143636e-09,
        "min": -3.08494847445e-08,
        "var": 1.88165788429e-17
    },
    "spectral_energy": {
        "dmean": 0.00729299196973,
        "dmean2": 0.0103066889569,
        "dvar": 7.55014043534e-05,
        "dvar2": 0.00014706091315,
        "max": 0.121180512011,
        "mean": 0.0245097093284,
        "median": 0.0200490802526,
        "min": 1.13778127801e-20,
        "var": 0.000313888915116
    },
    "spectral_energyband_high": {
        "dmean": 6.36137483525e-05,
        "dmean2": 8.77289712662e-05,
        "dvar": 1.55185162498e-08,
        "dvar2": 3.14826635872e-08,
        "max": 0.00253619672731,
        "mean": 0.000102283032902,
        "median": 4.76732457173e-05,
        "min": 7.87579744624e-21,
        "var": 2.93085040681e-08
    },
    "spectral_energyband_low": {
        "dmean": 0.00438025919721,
        "dmean2": 0.00646539917216,
        "dvar": 4.53975226264e-05,
        "dvar2": 9.93885842036e-05,
        "max": 0.0879594832659,
        "mean": 0.00816401746124,
        "median": 0.00414505740628,
        "min": 3.27939197067e-23,
        "var": 0.00010286665929
    },
    "spectral_energyband_middle_high": {
        "dmean": 0.00279467203654,
        "dmean2": 0.00398382777348,
        "dvar": 3.20595208905e-05,
        "dvar2": 5.38194763067e-05,
        "max": 0.0715307220817,
        "mean": 0.00997880566865,
        "median": 0.00324885477312,
        "min": 1.87535456187e-21,
        "var": 0.000192062696442
    },
    "spectral_energyband_middle_low": {
        "dmean": 0.00244917604141,
        "dmean2": 0.00345641025342,
        "dvar": 1.0734170246e-05,
        "dvar2": 2.11914721149e-05,
        "max": 0.0487110167742,
        "mean": 0.00735721411183,
        "median": 0.00491276662797,
        "min": 4.28128419536e-22,
        "var": 5.63313114981e-05
    },
    "spectral_entropy": {
        "dmean": 0.285516947508,
        "dmean2": 0.377257019281,
        "dvar": 0.0668953582644,
        "dvar2": 0.120546706021,
        "max": 9.8164100647,
        "mean": 6.71992874146,
        "median": 6.80281639099,
        "min": 4.65959453583,
        "var": 0.405559569597
    },
    "spectral_flux": {
        "dmean": 0.0281838364899,
        "dmean2": 0.0461128614843,
        "dvar": 0.000906873436179,
        "dvar2": 0.00242413510568,
        "max": 0.240319550037,
        "mean": 0.0648708567023,
        "median": 0.0564078986645,
        "min": 1.06666828148e-10,
        "var": 0.00140183267649
    },
    "spectral_kurtosis": {
        "dmean": 4.1460018158,
        "dmean2": 7.03194379807,
        "dvar": 18.9640903473,
        "dvar2": 52.7935371399,
        "max": 50.6893768311,
        "mean": 9.31374454498,
        "median": 7.17922306061,
        "min": -1.17458677292,
        "var": 44.4840431213
    },
    "spectral_rms": {
        "dmean": 0.000764557451475,
        "dmean2": 0.00105907348916,
        "dvar": 6.54741484141e-07,
        "dvar2": 1.19727440051e-06,
        "max": 0.0108731267974,
        "mean": 0.00456107500941,
        "median": 0.00442267768085,
        "min": 3.33171207637e-12,
        "var": 3.10850600727e-06
    },
    "spectral_rolloff": {
        "dmean": 252.412200928,
        "dmean2": 414.497894287,
        "dvar": 273103.25,
        "dvar2": 382020.78125,
        "max": 18647.7539062,
        "mean": 1021.04443359,
        "median": 947.4609375,
        "min": 86.1328125,
        "var": 479703.28125
    },
    "spectral_skewness": {
        "dmean": 0.404995083809,
        "dmean2": 0.678799510002,
        "dvar": 0.130761936307,
        "dvar2": 0.36642485857,
        "max": 4.81839513779,
        "mean": 2.01531863213,
        "median": 1.8995642662,
        "min": 0.0563832260668,
        "var": 0.367103487253
    },
    "spectral_spread": {
        "dmean": 463221.1875,
        "dmean2": 655148.0625,
        "dvar": 625213702144,
        "dvar2": 876138594304,
        "max": 39069292,
        "mean": 3147066.5,
        "median": 3036510.25,
        "min": 1139202.875,
        "var": 1.88539325645e+12
    },
    "spectral_strongpeak": {
        "dmean": 0.75056886673,
        "dmean2": 1.22258079052,
        "dvar": 1.50942492485,
        "dvar2": 2.90124034882,
        "max": 12.3059158325,
        "mean": 2.18654084206,
        "median": 0.830215454102,
        "min": 7.6549450112e-10,
        "var": 7.04913711548
    },
    "zerocrossingrate": {
        "dmean": 0.00579893775284,
        "dmean2": 0.00677194213495,
        "dvar": 0.000150779509568,
        "dvar2": 0.000165906734765,
        "max": 0.5,
        "mean": 0.0392240844667,
        "median": 0.03857421875,
        "min": 0.00439453125,
        "var": 0.000320773833664
    },
    "barkbands": {
        "dmean": [5.39824832231e-05, 0.00239900453016, 0.00237321620807, 0.00029290249222, 0.000541378743947, 0.000378041731892, 0.000892560812645, 0.00058826233726, 0.000316518999171, 0.000915872456972, 0.000782249204349, 0.000868858711328, 0.000375656818505, 0.000131285676616, 0.000310874689603, 0.000197684697923, 0.0001552295289, 0.000112136658572, 0.000113754183985, 3.36260673066e-05, 2.36492433032e-05, 1.52157836055e-05, 6.16954685029e-06, 5.07091499458e-06, 3.48342086909e-06, 1.3528180034e-06, 1.98216184799e-07],
        "dmean2": [7.91748097981e-05, 0.00379359698854, 0.00351162999868, 0.000496051739901, 0.000768312776927, 0.000507640186697, 0.00141012493987, 0.000803193310276, 0.000466603669338, 0.00132278504316, 0.00116307078861, 0.00127160060219, 0.000537920801435, 0.000178762609721, 0.000415918795625, 0.000294161145575, 0.00024019513512, 0.000164158263942, 0.000167054502526, 5.00540954818e-05, 3.63103172276e-05, 2.25243529712e-05, 8.91886702448e-06, 7.57084808356e-06, 4.92282470077e-06, 1.78407822204e-06, 3.29850422531e-07],
        "dvar": [1.2529997484e-08, 1.61656589626e-05, 1.5833242287e-05, 2.20970733267e-07, 6.59902070765e-07, 5.27467477696e-07, 3.08322455567e-06, 1.41429916312e-06, 1.23198947222e-06, 9.55950235948e-06, 9.72683665168e-06, 1.06750539999e-05, 2.44654597736e-06, 2.30335999163e-07, 9.80701088338e-07, 4.4483607553e-07, 2.29011178021e-07, 1.38755339663e-07, 6.15276931626e-08, 5.15560349967e-09, 2.59387489265e-09, 1.02992603335e-09, 1.64837560268e-10, 1.72570693846e-10, 7.19552126216e-11, 1.17365839269e-11, 4.57868931571e-13],
        "dvar2": [2.44098519175e-08, 4.27122431574e-05, 3.41461018252e-05, 5.64843560369e-07, 1.29370050672e-06, 9.74673980636e-07, 7.24332085156e-06, 2.29488864534e-06, 2.26489851229e-06, 1.66689696925e-05, 1.42893895827e-05, 1.9070070266e-05, 4.02832620239e-06, 3.58335739747e-07, 1.40301324336e-06, 7.85984639151e-07, 4.75332882388e-07, 2.70335220875e-07, 1.11431695871e-07, 1.07571036523e-08, 5.76913805617e-09, 2.27536611774e-09, 3.6643379997e-10, 4.0806241719e-10, 1.53284759885e-10, 2.24472818805e-11, 1.12961170366e-12],
        "max": [0.00117465283256, 0.0373214259744, 0.0600628368556, 0.00509151583537, 0.0188543684781, 0.0115242032334, 0.0253527741879, 0.0207206942141, 0.0204482097179, 0.0414906851947, 0.0377847030759, 0.0682114437222, 0.0409935601056, 0.0166124776006, 0.0220597684383, 0.0164788551629, 0.00833948235959, 0.00859516952187, 0.00357844447717, 0.00131196575239, 0.00120867718942, 0.000489146157634, 0.000278549967334, 0.000297226681141, 0.000183831449249, 7.42829652154e-05, 1.62668384291e-05],
        "mean": [6.84785627527e-05, 0.00389872025698, 0.00396162364632, 0.000347379915183, 0.000984144979157, 0.000853392120916, 0.00120390311349, 0.00131578044966, 0.000967873260379, 0.00275213737041, 0.0019930365961, 0.00277242599986, 0.00105761922896, 0.000260401400737, 0.00068256969098, 0.000415223214077, 0.000370372639736, 0.000234604478464, 0.000234632578213, 6.13332304056e-05, 3.39031139447e-05, 1.99991482077e-05, 8.1010566646e-06, 6.20747277935e-06, 3.99200234824e-06, 1.72560874034e-06, 1.83942120202e-07],
        "median": [1.06287152448e-05, 0.00240251235664, 0.00100925646257, 0.000155529938638, 0.000516460568178, 0.00027762161335, 0.00038751840475, 0.000273335084785, 8.82628519321e-05, 0.000172569561983, 6.71289744787e-05, 0.000186336008483, 4.88497898914e-05, 5.03777373524e-05, 9.15640339372e-05, 5.36746483704e-05, 4.23013480031e-05, 3.91189823858e-05, 6.13499214523e-05, 2.30319710681e-05, 1.44003588503e-05, 7.37152913644e-06, 3.08646099256e-06, 2.06846425499e-06, 7.87644808042e-07, 3.04948116536e-07, 2.3647533709e-08],
        "min": [1.41989125369e-23, 1.42530915039e-23, 8.06849458215e-24, 7.27857975876e-24, 1.36268539587e-22, 9.54262254743e-23, 8.06813864811e-23, 2.38786649843e-23, 5.62565867812e-23, 5.60247374057e-23, 4.4482519071e-23, 3.7905236657e-23, 1.15699325961e-22, 2.02753231808e-22, 1.6641393138e-22, 2.44756427318e-22, 1.36893948513e-22, 4.11930416714e-22, 3.58269220176e-22, 3.28401254987e-22, 6.42007417386e-22, 4.77804694678e-22, 5.29169308861e-22, 1.03814559608e-21, 1.31286588883e-21, 1.73357669346e-21, 2.35879740321e-21],
        "var": [2.04545980154e-08, 2.24661871471e-05, 3.98075171688e-05, 2.84548661966e-07, 1.93491064238e-06, 2.41546786128e-06, 5.19300192536e-06, 7.3227070061e-06, 8.1834014054e-06, 5.39514367119e-05, 4.3203603127e-05, 8.02132271929e-05, 1.75459172169e-05, 8.17456452751e-07, 4.10330403611e-06, 2.02661840376e-06, 1.03582465272e-06, 4.72559946729e-07, 2.29830050102e-07, 1.28705819336e-08, 4.16926315694e-09, 1.42161904471e-09, 2.35426261819e-10, 1.96286611964e-10, 9.16347484003e-11, 1.79445208692e-11, 3.98160427155e-13]
    },
    "erbbands": {
        "dmean": [0.0594383776188, 0.608302175999, 2.60738563538, 1.52064061165, 1.16174733639, 2.10659646988, 3.10385918617, 2.50277495384, 7.55873584747, 16.1840076447, 12.2393445969, 7.65928459167, 23.3421325684, 32.188949585, 21.5096797943, 40.2551994324, 15.0531616211, 8.88254451752, 14.5751495361, 11.8140363693, 9.3152961731, 6.50503492355, 6.19988298416, 6.16175937653, 5.04482269287, 1.64804565907, 0.97143560648, 0.829484939575, 0.587895035744, 0.340335905552, 0.173279419541, 0.119576379657, 0.0734456777573, 0.0434138514102, 0.0220812894404, 0.00755609432235, 0.00216016126797, 0.000546467548702, 1.92854568013e-05, 8.5071196736e-06],
        "dmean2": [0.098214969039, 0.93744713068, 3.69396114349, 2.44726085663, 1.76156020164, 2.95280575752, 4.14738416672, 3.45457816124, 11.5783929825, 25.76379776, 16.3862628937, 10.8812913895, 33.3855247498, 46.7785224915, 32.2630577087, 55.882774353, 20.8467693329, 12.0386142731, 19.7593784332, 16.5995616913, 13.8258666992, 10.1660928726, 9.11447048187, 9.08136940002, 7.52380895615, 2.42870569229, 1.42650699615, 1.25582325459, 0.872184753418, 0.5206579566, 0.250361412764, 0.175315469503, 0.110851280391, 0.0632263198495, 0.0308686476201, 0.0101275518537, 0.00299384840764, 0.000844813068397, 2.97564020002e-05, 1.19431333587e-05],
        "dvar": [0.0126903578639, 0.955190956593, 19.0751819611, 5.56389379501, 3.06996059418, 12.5348863602, 40.3713569641, 31.1286067963, 157.939559937, 1141.9420166, 645.80847168, 782.57635498, 8688.08886719, 13468.5546875, 7667.54785156, 22369.9121094, 2380.69213867, 684.387207031, 2273.22338867, 1098.31628418, 471.880218506, 497.73928833, 641.398193359, 292.063201904, 156.151611328, 10.9868154526, 4.12206792831, 2.86370396614, 1.63952314854, 0.612990856171, 0.12859788537, 0.0894494503736, 0.0369724854827, 0.0120751466602, 0.002997683594, 0.000323139451211, 3.08611779474e-05, 3.42795215147e-06, 3.15185300082e-09, 1.03719532962e-10],
        "dvar2": [0.034491866827, 2.44160842896, 38.0118331909, 13.4474143982, 6.83547639847, 25.5515918732, 62.7837944031, 62.7760696411, 352.056793213, 2798.2331543, 989.306091309, 1374.19580078, 14408.6894531, 22592.4824219, 12655.3652344, 34284.2695312, 3935.04663086, 1058.36621094, 3377.48632812, 1692.83422852, 878.713500977, 1187.25891113, 1227.13769531, 534.310302734, 300.90814209, 23.4130077362, 8.22506999969, 6.4872751236, 3.79654192924, 1.47226798534, 0.294080138206, 0.20438374579, 0.0892205610871, 0.0257037710398, 0.00640321988612, 0.000591184536461, 6.18628619122e-05, 8.31596480566e-06, 7.58218110519e-09, 1.99005284474e-10],
        "max": [1.05477070808, 10.0487680435, 67.157371521, 28.5342273712, 18.2743167877, 69.4218978882, 109.002037048, 109.299461365, 200.213821411, 341.520812988, 570.330627441, 548.229797363, 1600.68884277, 1425.95593262, 1840.29821777, 3338.62402344, 1387.12646484, 919.372497559, 1350.36889648, 550.917602539, 552.756225586, 588.485107422, 600.176574707, 290.836120605, 239.147354126, 71.6966400146, 51.680480957, 30.4076118469, 21.1994171143, 12.5093841553, 7.43456125259, 7.44641637802, 3.93294453621, 2.28037166595, 1.23408687115, 0.318465471268, 0.127213776112, 0.0510617531836, 0.00134172395337, 0.00013814115664],
        "mean": [0.0765236392617, 1.0406973362, 4.68574666977, 2.28915834427, 1.89056479931, 3.45592451096, 6.98251962662, 5.27479076385, 12.2074365616, 24.1957359314, 30.1045417786, 26.7277145386, 79.6721115112, 86.2916946411, 63.1691017151, 140.269180298, 50.4899749756, 22.1214122772, 31.3335933685, 25.8434658051, 21.1673107147, 16.0877799988, 14.7322759628, 13.4639310837, 9.52522373199, 3.06426644325, 1.62234628201, 1.14260923862, 0.765396535397, 0.417081743479, 0.228259176016, 0.149943783879, 0.0885766223073, 0.0495985262096, 0.0253474581987, 0.00944251660258, 0.00267742550932, 0.000599919469096, 3.01788186334e-05, 2.90884381684e-05],
        "median": [0.0314402133226, 0.636424601078, 1.19911766052, 1.07228827477, 0.885023593903, 1.59830117226, 2.29636645317, 1.79606389999, 5.6142578125, 5.4315662384, 8.81279087067, 3.6015958786, 4.7405591011, 7.6195192337, 5.51928424835, 10.7874794006, 4.99667930603, 6.58923149109, 6.61144018173, 5.58111381531, 6.21711111069, 2.72321033478, 2.49827766418, 2.68516373634, 2.98635196686, 1.39759778976, 0.712071239948, 0.485190212727, 0.279497176409, 0.140808939934, 0.0896903499961, 0.0502029657364, 0.0281801298261, 0.0111275166273, 0.00424818415195, 0.00149559229612, 0.000495650980156, 0.000104803737486, 1.63050099218e-05, 2.34787657973e-05],
        "min": [2.71896625094e-22, 3.79957740337e-21, 8.34542196887e-21, 2.30879696051e-20, 5.6464815566e-20, 4.8144967049e-19, 1.07954431846e-18, 7.64193290449e-19, 8.87721961586e-19, 1.38132493153e-18, 5.87072828196e-19, 1.19573258884e-18, 2.02996429573e-18, 1.79858616196e-18, 1.29572042352e-18, 1.93279166686e-18, 5.7155338962e-18, 9.94908935259e-18, 7.70086704159e-18, 1.03114713887e-17, 1.3894344655e-17, 9.83540992101e-18, 1.35877675317e-17, 2.78811647937e-17, 1.41102156338e-17, 1.23581552793e-17, 2.20078383374e-17, 2.77720662883e-17, 1.41423631811e-17, 1.71783013176e-17, 1.65161978312e-17, 1.53341749338e-17, 1.85540151729e-17, 1.39941042912e-17, 1.12864542875e-17, 6.63139488786e-18, 2.94223449635e-18, 1.44892430253e-18, 2.90225959738e-19, 3.36831952088e-20],
        "var": [0.0144499642774, 1.53046298027, 53.564163208, 10.0326414108, 6.58462381363, 29.0885410309, 205.350418091, 114.547821045, 371.344482422, 2319.27124023, 3700.06884766, 5320.06347656, 60632.71875, 56773.1835938, 45480.9882812, 192790.9375, 23514.8164062, 3120.42333984, 8918.19921875, 4043.9543457, 2148.84692383, 2520.2644043, 2290.95288086, 1179.68847656, 440.662689209, 25.1383686066, 8.74882030487, 4.12299108505, 2.06914019585, 0.701199173927, 0.17392064631, 0.111609391868, 0.0406121425331, 0.0151113020256, 0.00382854300551, 0.000519590452313, 4.44009929197e-05, 3.23266044688e-06, 3.06286773721e-09, 4.47007042492e-10]
    },
    "gfcc": {
        "mean": [-57.2242965698, 133.117889404, -135.817657471, 27.9896717072, -39.7482566833, 11.4022655487, -20.6972637177, 7.90568971634, -14.040769577, 0.778330802917, -6.76246738434, -5.80596160889, -7.77681446075],
        "cov": [[3571.73852539, -535.137878418, -69.4935913086, 55.0962486267, -279.707550049, 57.5138092041, -163.17729187, 55.2771911621, -181.585845947, 66.9357528687, -189.897384644, 104.394210815, -140.386886597], [-535.137878418, 738.42767334, 12.7560911179, 34.7140808105, 206.787094116, -64.6432037354, 114.970710754, -46.8824005127, 137.853744507, -99.4865112305, 72.2783355713, -137.145401001, 121.498817444], [-69.4935913086, 12.7560911179, 801.765258789, 109.664108276, -209.948516846, 66.8363189697, -184.769073486, -30.9297523499, -17.4571533203, 203.835418701, -48.6235618591, 58.7330551147, -84.0211029053], [55.0962486267, 34.7140808105, 109.664108276, 275.28338623, 27.0456409454, -0.118864737451, -10.0768632889, 4.02204799652, 23.5228481293, -23.5992431641, -14.6782932281, -44.4868431091, 3.92142772675], [-279.707550049, 206.787094116, -209.948516846, 27.0456409454, 358.026397705, 24.8463878632, 162.848129272, 13.3948497772, -6.28469228745, -178.397735596, 28.4899730682, -52.2386436462, 84.1126174927], [57.5138092041, -64.6432037354, 66.8363189697, -0.118864737451, 24.8463878632, 158.705337524, 39.8984413147, -31.3874664307, -46.1274299622, 4.22865724564, 10.3301019669, 44.8384170532, 11.457906723], [-163.17729187, 114.970710754, -184.769073486, -10.0768632889, 162.848129272, 39.8984413147, 217.0625, 39.8726577759, 17.5557231903, -114.901008606, 8.19832706451, -43.6036529541, 66.0492935181], [55.2771911621, -46.8824005127, -30.9297523499, 4.02204799652, 13.3948497772, -31.3874664307, 39.8726577759, 173.949279785, 68.7838592529, -43.4137802124, -92.2713317871, -68.8115615845, -5.51211452484], [-181.585845947, 137.853744507, -17.4571533203, 23.5228481293, -6.28469228745, -46.1274299622, 17.5557231903, 68.7838592529, 174.82244873, 24.6418704987, -26.4655723572, -91.7054519653, -4.8491768837], [66.9357528687, -99.4865112305, 203.835418701, -23.5992431641, -178.397735596, 4.22865724564, -114.901008606, -43.4137802124, 24.6418704987, 254.327468872, 75.7294616699, 54.8536643982, -112.28868103], [-189.897384644, 72.2783355713, -48.6235618591, -14.6782932281, 28.4899730682, 10.3301019669, 8.19832706451, -92.2713317871, -26.4655723572, 75.7294616699, 198.316268921, 71.7715530396, -26.2883663177], [104.394210815, -137.145401001, 58.7330551147, -44.4868431091, -52.2386436462, 44.8384170532, -43.6036529541, -68.8115615845, -91.7054519653, 54.8536643982, 71.7715530396, 184.303741455, 26.3600158691], [-140.386886597, 121.498817444, -84.0211029053, 3.92142772675, 84.1126174927, 11.457906723, 66.0492935181, -5.51211452484, -4.8491768837, -112.28868103, -26.2883663177, 26.3600158691, 211.255722046]],
        "icov": [[0.000443748314865, -0.00044820518815, 0.000626223103609, -0.000486286648083, 0.000349830661435, -0.000464393320726, 0.000270391872618, -0.000478251342429, 0.000888979353476, -0.000571263895836, 0.00110834185034, -0.000701005512383, 0.000541786663234], [-0.00044820518815, 0.00558911310509, -0.00331754423678, 0.00203386181965, -0.00185287324712, 0.00296518602408, -0.00155245873611, 0.00381881417707, -0.0048851002939, 0.0032610965427, -0.00529758771881, 0.00491505488753, -0.00335886143148], [0.000626223103609, -0.00331754423678, 0.00456830579787, -0.00251999171451, 0.00124793907162, -0.00303255417384, 0.00206291815266, -0.00239166128449, 0.00363037455827, -0.00409562094137, 0.0051079490222, -0.00346826133318, 0.0021228522528], [-0.000486286648083, 0.00203386181965, -0.00251999171451, 0.00539782224223, -0.00110192713328, 0.00114262918942, -8.51081858855e-05, 0.0016572921304, -0.00268995366059, 0.00275617768057, -0.0033575897105, 0.00327678583562, -0.00157215888612], [0.000349830661435, -0.00185287324712, 0.00124793907162, -0.00110192713328, 0.00688721099868, -0.00185454182792, -0.00140177109279, -0.00158246699721, 0.00196547736414, 0.00257910043001, -0.000801147369202, -0.00037085119402, 0.000932843307965], [-0.000464393320726, 0.00296518602408, -0.00303255417384, 0.00114262918942, -0.00185454182792, 0.0106638567522, -0.0045518851839, 0.00371402152814, -0.00150510645472, 0.000677194388118, -0.0014876263449, 0.00074688019231, -0.00151412282139], [0.000270391872618, -0.00155245873611, 0.00206291815266, -8.51081858855e-05, -0.00140177109279, -0.0045518851839, 0.0105008566752, -0.00364400469698, 0.000813625461888, 0.000762268551625, -0.000734370376449, 0.0003676089691, -0.000391993642552], [-0.000478251342429, 0.00381881417707, -0.00239166128449, 0.0016572921304, -0.00158246699721, 0.00371402152814, -0.00364400469698, 0.0129012009129, -0.00673863338307, 0.00269299838692, 0.00101348559838, 0.00239795190282, -0.000487910991069], [0.000888979353476, -0.0048851002939, 0.00363037455827, -0.00268995366059, 0.00196547736414, -0.00150510645472, 0.000813625461888, -0.00673863338307, 0.0156302303076, -0.00747287413105, 0.00471066031605, 0.000729664927348, 0.000644848973025], [-0.000571263895836, 0.0032610965427, -0.00409562094137, 0.00275617768057, 0.00257910043001, 0.000677194388118, 0.000762268551625, 0.00269299838692, -0.00747287413105, 0.0151767078787, -0.00885745417327, 0.001480541192, 0.00144146964885], [0.00110834185034, -0.00529758771881, 0.0051079490222, -0.0033575897105, -0.000801147369202, -0.0014876263449, -0.000734370376449, 0.00101348559838, 0.00471066031605, -0.00885745417327, 0.017852993682, -0.00940280035138, 0.0053278892301], [-0.000701005512383, 0.00491505488753, -0.00346826133318, 0.00327678583562, -0.00037085119402, 0.00074688019231, 0.0003676089691, 0.00239795190282, 0.000729664927348, 0.001480541192, -0.00940280035138, 0.016675086692, -0.00712512107566], [0.000541786663234, -0.00335886143148, 0.0021228522528, -0.00157215888612, 0.000932843307965, -0.00151412282139, -0.000391993642552, -0.000487910991069, 0.000644848973025, 0.00144146964885, 0.0053278892301, -0.00712512107566, 0.0100524649024]]
    },
    "melbands": {
        "dmean": [0.000586524605751, 0.00113158649765, 0.000249896256719, 0.000123570425785, 9.668245184e-05, 6.17586410954e-05, 0.000140818898217, 0.000163063974469, 9.46297659539e-05, 5.13837985636e-05, 0.000115681323223, 0.000125897917314, 7.9035620729e-05, 9.35765856411e-05, 7.90950580267e-05, 2.4347431463e-05, 1.58210732479e-05, 2.03464896913e-05, 2.2645408535e-05, 1.79394755833e-05, 1.07901532829e-05, 8.34729144117e-06, 5.65223172089e-06, 4.84833162773e-06, 5.28131977262e-06, 4.09527183365e-06, 1.82974349627e-06, 1.09261191028e-06, 6.18212823156e-07, 6.71492387028e-07, 4.61523057993e-07, 3.54252222223e-07, 2.63410271373e-07, 1.60164844942e-07, 1.07762922141e-07, 7.41134442706e-08, 7.60078648909e-08, 6.0337214336e-08, 3.83891958222e-08, 3.73280819588e-08],
        "dmean2": [0.000953037408181, 0.00161792361178, 0.000392156129237, 0.000178290123586, 0.000130509361043, 8.46150505822e-05, 0.00021793221822, 0.000256917526713, 0.000125289254356, 7.35429421184e-05, 0.000165544028278, 0.000182639661944, 0.000118162948638, 0.000135973765282, 0.000110468034109, 3.44138243236e-05, 2.14305455302e-05, 2.82794899249e-05, 3.03949145746e-05, 2.66547376668e-05, 1.61862244568e-05, 1.30768812596e-05, 8.57739087223e-06, 7.11947177479e-06, 7.79711353971e-06, 6.1977734731e-06, 2.73042974186e-06, 1.63375455031e-06, 9.24641312849e-07, 1.02657270418e-06, 7.35137518859e-07, 5.29822159478e-07, 4.04190416248e-07, 2.44540927952e-07, 1.59888102758e-07, 1.08589219394e-07, 1.15219521035e-07, 9.38187838528e-08, 5.69900500125e-08, 5.50442464942e-08],
        "dvar": [1.07576113351e-06, 3.31008186549e-06, 1.4026431927e-07, 3.99801862727e-08, 3.32022871419e-08, 1.74682757148e-08, 5.91047459864e-08, 1.0928896188e-07, 4.38530527447e-08, 3.95832699951e-08, 2.16514280282e-07, 2.18262627527e-07, 8.76953194506e-08, 1.4381937774e-07, 8.2209204777e-08, 8.01451882637e-09, 3.28116001036e-09, 4.77736561422e-09, 6.36780006502e-09, 4.46014647437e-09, 6.92138291125e-10, 7.66628927007e-10, 6.77528033677e-10, 2.1251835014e-10, 2.52450782501e-10, 1.15626778985e-10, 1.69074580725e-11, 7.45562379195e-12, 1.82926872434e-12, 2.49782442993e-12, 1.04147484907e-12, 6.23989358448e-13, 3.44817978424e-13, 1.29412241557e-13, 4.74334587992e-14, 3.31316801793e-14, 3.61617474246e-14, 2.74428679922e-14, 7.31397364548e-15, 1.0721116242e-14],
        "dvar2": [2.96640337183e-06, 6.74536522638e-06, 3.31263720454e-07, 8.23695245344e-08, 5.25929557682e-08, 3.45175799055e-08, 1.34850154154e-07, 2.61242036004e-07, 6.79779432744e-08, 6.93679069741e-08, 3.58179022442e-07, 3.74716535134e-07, 1.35005521429e-07, 2.68985871799e-07, 1.47277930296e-07, 1.23026078214e-08, 5.06276265355e-09, 7.32497307254e-09, 8.81277717468e-09, 7.85858311758e-09, 1.4392088632e-09, 1.81881021355e-09, 1.38617817225e-09, 3.97934046825e-10, 4.557041966e-10, 2.2308092873e-10, 3.20548969313e-11, 1.68209283308e-11, 3.84711056414e-12, 4.71815685479e-12, 2.44888029126e-12, 1.41701765339e-12, 8.37425018652e-13, 3.05308946527e-13, 1.10162143893e-13, 7.62353640502e-14, 8.35925295997e-14, 6.81212559777e-14, 1.58748052003e-14, 2.34890706603e-14],
        "max": [0.010283681564, 0.0269239358604, 0.0047956071794, 0.00241103302687, 0.00414004642516, 0.00246727280319, 0.00406130868942, 0.00414315192029, 0.00440239068121, 0.00385227752849, 0.00797067955136, 0.00621043657884, 0.00513713434339, 0.0102034797892, 0.0083616906777, 0.00310014607385, 0.00210505817086, 0.00200080196373, 0.00157921283972, 0.00146783899982, 0.000377875985578, 0.00070177501766, 0.000606063229498, 0.000329689704813, 0.000273665878922, 0.000214507555938, 5.95156634517e-05, 6.77089847159e-05, 2.19939174713e-05, 5.05214702571e-05, 1.70411076397e-05, 1.28940982904e-05, 9.27170094656e-06, 5.83033033763e-06, 3.84187978852e-06, 5.24692813997e-06, 4.10081474911e-06, 3.3586088648e-06, 1.39749170103e-06, 2.25097460316e-06],
        "mean": [0.000871412456036, 0.00209419685416, 0.000407535902923, 0.000193978412426, 0.000215186460991, 0.000132547182147, 0.000212354309042, 0.000262538145762, 0.000232020218391, 0.00017143668083, 0.000387692678487, 0.000328024325427, 0.000202993949642, 0.000299638573779, 0.000267210270977, 8.13332153484e-05, 3.30970542564e-05, 4.00487224397e-05, 5.00161368109e-05, 3.7778452679e-05, 2.22857124754e-05, 1.9126715415e-05, 1.30395856104e-05, 1.08211470433e-05, 1.09750099e-05, 7.44943918107e-06, 3.5001901324e-06, 1.79098219633e-06, 1.00709848994e-06, 9.53967287387e-07, 5.67317613331e-07, 4.52372262316e-07, 3.2162498087e-07, 1.89910281279e-07, 1.38164139685e-07, 9.44721705309e-08, 9.1416701764e-08, 6.95028887776e-08, 4.48658568075e-08, 4.08021385567e-08],
        "median": [0.00050527107669, 0.00081940065138, 0.000202696362976, 8.0956830061e-05, 8.0407691712e-05, 4.37915805378e-05, 8.5841253167e-05, 5.57427847525e-05, 5.32844642294e-05, 1.31005308504e-05, 1.74608212546e-05, 2.30813711823e-05, 1.00269262475e-05, 1.85908320418e-05, 1.30283960971e-05, 5.598268217e-06, 7.2015227488e-06, 8.21915273264e-06, 5.87473141422e-06, 5.0039720918e-06, 4.65853281639e-06, 1.92691004486e-06, 1.60129616233e-06, 2.02459887078e-06, 1.18216303235e-06, 1.59505611919e-06, 1.31452884489e-06, 6.06020819305e-07, 3.92152884388e-07, 3.4628794765e-07, 2.1455764454e-07, 1.58872794032e-07, 1.03366836868e-07, 5.92659468168e-08, 5.4437503394e-08, 3.12474668362e-08, 2.84086745239e-08, 2.14785274011e-08, 1.22634205013e-08, 7.87600296093e-09],
        "min": [4.19054982425e-24, 4.96786811671e-24, 4.0452700445e-24, 1.50023752575e-23, 3.70994310195e-23, 1.66836666162e-23, 1.46767350535e-23, 1.28986843828e-23, 4.79274020689e-24, 8.25112061487e-24, 9.807151117e-24, 7.02097959674e-24, 5.06181198419e-24, 3.83814751409e-24, 8.74340452961e-24, 1.48532347925e-23, 1.80564407857e-23, 1.13285380036e-23, 1.33614309787e-23, 1.26850687383e-23, 1.74245284908e-23, 9.54942237066e-24, 9.19134341742e-24, 1.82670414039e-23, 2.37946402538e-23, 1.21940872329e-23, 8.66047710467e-24, 8.10786584107e-24, 1.14780886763e-23, 1.8767109798e-23, 1.63787466328e-23, 7.37176789749e-24, 9.14337751894e-24, 8.64947012846e-24, 9.45276561053e-24, 9.18427443485e-24, 9.15905297399e-24, 1.21007744541e-23, 1.32629984926e-23, 1.18851764021e-23],
        "var": [1.2783659713e-06, 8.73043063621e-06, 2.83351965891e-07, 7.74995996267e-08, 1.72991605041e-07, 6.88197019372e-08, 1.19341819982e-07, 2.73863662414e-07, 2.51752368285e-07, 2.54423042634e-07, 1.50272001065e-06, 9.03240845673e-07, 4.38971369476e-07, 1.00987506357e-06, 7.52186679165e-07, 1.10975548751e-07, 1.17207745731e-08, 1.77820549396e-08, 2.69231996697e-08, 1.83241208873e-08, 2.27311924839e-09, 3.43718586926e-09, 2.21950591239e-09, 8.03569655261e-10, 1.04081687713e-09, 3.45755729603e-10, 4.36865613129e-11, 1.5384211266e-11, 3.97691731976e-12, 4.68901523512e-12, 1.24736354058e-12, 8.01353124483e-13, 3.9027773526e-13, 1.56763531735e-13, 6.11167881711e-14, 4.47547442086e-14, 4.20943085889e-14, 2.8087612531e-14, 9.51777380325e-15, 1.2420852175e-14]
    },
    "mfcc": {
        "mean": [-704.099365234, 157.678588867, -17.8553962708, 29.2283668518, 3.76684856415, 8.90579319, 4.71776437759, 6.01033115387, 3.30835938454, 7.20429229736, 2.25405788422, 3.70410633087, 5.41914653778],
        "cov": [[3002.20141602, -546.970153809, 82.1266021729, -100.692840576, -197.627502441, -25.9659137726, -138.678512573, -84.7329177856, -78.491645813, -30.999956131, 16.0933113098, -42.5124969482, -58.2387886047], [-546.970153809, 662.598388672, -40.0917358398, 54.0515441895, 82.725227356, 11.7503070831, 47.0412254333, 15.2008934021, 46.8589668274, 49.958366394, -12.3600416183, -17.9958305359, -24.7285900116], [82.1266021729, -40.0917358398, 526.442810059, -2.06919980049, 21.6917057037, 66.1652908325, -58.8447761536, -101.884986877, -14.9279069901, -28.5033855438, 32.7030525208, 32.018081665, 31.5180644989], [-100.692840576, 54.0515441895, -2.06919980049, 234.289672852, 88.1198348999, -15.3494224548, 9.27449798584, 51.000705719, 55.9241752625, 49.5752258301, 9.23247337341, -36.1285820007, -73.888130188], [-197.627502441, 82.725227356, 21.6917057037, 88.1198348999, 146.716491699, 24.140209198, 28.1150035858, 39.5547142029, 19.9925689697, 8.15313911438, -8.49507522583, -28.5939273834, -37.356678009], [-25.9659137726, 11.7503070831, 66.1652908325, -15.3494224548, 24.140209198, 170.181427002, 64.0461273193, -22.3932723999, -47.2379989624, -61.6859474182, -31.4716033936, 51.5321083069, 97.5012817383], [-138.678512573, 47.0412254333, -58.8447761536, 9.27449798584, 28.1150035858, 64.0461273193, 165.660369873, 73.3153305054, -10.1174316406, -38.6457862854, -51.838344574, -0.300932079554, 49.0723648071], [-84.7329177856, 15.2008934021, -101.884986877, 51.000705719, 39.5547142029, -22.3932723999, 73.3153305054, 194.540710449, 109.39150238, 26.2284011841, -56.4255867004, -95.3385391235, -84.1476135254], [-78.491645813, 46.8589668274, -14.9279069901, 55.9241752625, 19.9925689697, -47.2379989624, -10.1174316406, 109.39150238, 214.848419189, 107.296569824, -40.5946617126, -121.059677124, -120.363227844], [-30.999956131, 49.958366394, -28.5033855438, 49.5752258301, 8.15313911438, -61.6859474182, -38.6457862854, 26.2284011841, 107.296569824, 199.268722534, 61.2885055542, -105.156509399, -126.970413208], [16.0933113098, -12.3600416183, 32.7030525208, 9.23247337341, -8.49507522583, -31.4716033936, -51.838344574, -56.4255867004, -40.5946617126, 61.2885055542, 235.511886597, 108.731323242, -62.5600357056], [-42.5124969482, -17.9958305359, 32.018081665, -36.1285820007, -28.5939273834, 51.5321083069, -0.300932079554, -95.3385391235, -121.059677124, -105.156509399, 108.731323242, 313.833984375, 157.803787231], [-58.2387886047, -24.7285900116, 31.5180644989, -73.888130188, -37.356678009, 97.5012817383, 49.0723648071, -84.1476135254, -120.363227844, -126.970413208, -62.5600357056, 157.803787231, 340.25012207]],
