{
"lowlevel": {
    "average_loudness": 0.877788245678,
    "barkbands_crest": {
        "dmean": 2.69120550156,
        "dmean2": 4.46058177948,
        "dvar": 5.61122751236,
        "dvar2": 14.7926492691,
        "max": 23.7306156158,
        "mean": 10.842546463,
        "median": 10.7605762482,
        "min": 2.17478275299,
        "var": 18.0580310822
    },
    "barkbands_flatness_db": {
        "dmean": 0.0296707302332,
        "dmean2": 0.0468883402646,
        "dvar": 0.000837669766042,
        "dvar2": 0.00197740131989,
        "max": 0.535938918591,
        "mean": 0.165872097015,
        "median": 0.142831906676,
        "min": 0.0321294441819,
        "var": 0.00985508225858
    },
    "barkbands_kurtosis": {
        "dmean": 6.77198457718,
        "dmean2": 10.9434652328,
        "dvar": 179.352508545,
        "dvar2": 433.208984375,
        "max": 220.490341187,
        "mean": 9.33766460419,
        "median": 2.09201812744,
        "min": -1.94011878967,
        "var": 338.046508789
    },
    "barkbands_skewness": {
        "dmean": 0.951066672802,
        "dmean2": 1.47499990463,
        "dvar": 1.07893955708,
        "dvar2": 2.60598039627,
        "max": 13.2718372345,
        "mean": 2.01993846893,
        "median": 1.62723529339,
        "min": -1.99094521999,
        "var": 3.77154397964
    },
    "barkbands_spread": {
        "dmean": 11.9333934784,
        "dmean2": 18.5491371155,
        "dvar": 197.597625732,
        "dvar2": 472.867431641,
        "max": 110.730697632,
        "mean": 32.1593551636,
        "median": 29.6801338196,
        "min": 0.611680805683,
        "var": 588.44519043
    },
    "dissonance": {
        "dmean": 0.0170282069594,
        "dmean2": 0.028394240886,
        "dvar": 0.000492948165629,
        "dvar2": 0.00120071135461,
        "max": 0.499887257814,
        "mean": 0.463974565268,
        "median": 0.474415957928,
        "min": 0.00622681342065,
        "var": 0.00122206448577
    },
    "dynamic_complexity": 2.99739289284,
    "erbbands_crest": {
        "dmean": 2.47989606857,
        "dmean2": 3.97114253044,
        "dvar": 5.93121290207,
        "dvar2": 14.3510656357,
        "max": 25.6074542999,
        "mean": 8.5882062912,
        "median": 7.54969549179,
        "min": 2.88896536827,
        "var": 15.7860956192
    },
    "erbbands_flatness_db": {
        "dmean": 0.018722705543,
        "dmean2": 0.0283532049507,
        "dvar": 0.000351861002855,
        "dvar2": 0.000758535286877,
        "max": 0.368180304766,
        "mean": 0.142633825541,
        "median": 0.128844186664,
        "min": 0.0609935708344,
        "var": 0.00304730120115
    },
    "erbbands_kurtosis": {
        "dmean": 1.49854624271,
        "dmean2": 2.40067887306,
        "dvar": 6.63583517075,
        "dvar2": 15.6639251709,
        "max": 66.7886581421,
        "mean": 1.82424080372,
        "median": 0.0125386714935,
        "min": -1.85185909271,
        "var": 45.4086685181
    },
    "erbbands_skewness": {
        "dmean": 0.526838958263,
        "dmean2": 0.8137357831,
        "dvar": 0.305811554193,
        "dvar2": 0.759200513363,
        "max": 6.6564450264,
        "mean": 0.124309375882,
        "median": -0.0888042598963,
        "min": -3.33916139603,
        "var": 1.77555596828
    },
    "erbbands_spread": {
        "dmean": 16.6099071503,
        "dmean2": 26.5718173981,
        "dvar": 375.862243652,
        "dvar2": 861.912414551,
        "max": 170.000167847,
        "mean": 59.0959739685,
        "median": 50.5540771484,
        "min": 3.14397001266,
        "var": 1308.47167969
    },
    "hfc": {
        "dmean": 9.51423168182,
        "dmean2": 13.274512291,
        "dvar": 248.935394287,
        "dvar2": 484.029144287,
        "max": 225.514480591,
        "mean": 20.8687553406,
        "median": 9.84854221344,
        "min": 1.20258389424e-16,
        "var": 737.473266602
    },
    "melbands_crest": {
        "dmean": 3.18100523949,
        "dmean2": 5.16637134552,
        "dvar": 8.33956623077,
        "dvar2": 22.4811058044,
        "max": 31.3056278229,
        "mean": 17.0642242432,
        "median": 17.4132537842,
        "min": 3.19684243202,
        "var": 26.1733779907
    },
    "melbands_flatness_db": {
        "dmean": 0.038670886308,
        "dmean2": 0.0602997243404,
        "dvar": 0.00136989820749,
        "dvar2": 0.00334710953757,
        "max": 0.647960662842,
        "mean": 0.23095934093,
        "median": 0.210080429912,
        "min": 0.0090139945969,
        "var": 0.0144330635667
    },
    "melbands_kurtosis": {
        "dmean": 23.9659385681,
        "dmean2": 38.9982681274,
        "dvar": 1920.81738281,
        "dvar2": 4444.44726562,
        "max": 664.450561523,
        "mean": 41.2544326782,
        "median": 18.1682910919,
        "min": -1.66244912148,
        "var": 3964.54077148
    },
    "melbands_skewness": {
        "dmean": 1.47326624393,
        "dmean2": 2.34393405914,
        "dvar": 2.7813410759,
        "dvar2": 6.58346796036,
        "max": 20.0814208984,
        "mean": 4.37387561798,
        "median": 3.66309928894,
        "min": -0.564056873322,
        "var": 9.88668727875
    },
    "melbands_spread": {
        "dmean": 13.3929195404,
        "dmean2": 21.5617351532,
        "dvar": 399.090484619,
        "dvar2": 962.371948242,
        "max": 203.051605225,
        "mean": 28.4348068237,
        "median": 18.4861774445,
        "min": 0.452820330858,
        "var": 868.658996582
    },
    "pitch_salience": {
        "dmean": 0.0850542485714,
        "dmean2": 0.138081774116,
        "dvar": 0.00631814356893,
        "dvar2": 0.0168604869395,
        "max": 0.867550849915,
        "mean": 0.469008564949,
        "median": 0.476912796497,
        "min": 0.0699989423156,
        "var": 0.0160972885787
    },
    "silence_rate_20dB": {
        "dmean": 0,
        "dmean2": 0,
        "dvar": 0,
        "dvar2": 0,
        "max": 1,
        "mean": 1,
        "median": 1,
        "min": 1,
        "var": 0
    },
    "silence_rate_30dB": {
        "dmean": 0,
        "dmean2": 0,
        "dvar": 0,
        "dvar2": 0,
        "max": 1,
        "mean": 1,
        "median": 1,
        "min": 1,
        "var": 0
    },
    "silence_rate_60dB": {
        "dmean": 0.031443297863,
        "dmean2": 0.0629190281034,
        "dvar": 0.0304541103542,
        "dvar2": 0.0733989328146,
        "max": 1,
        "mean": 0.0453374534845,
        "median": 0,
        "min": 0,
        "var": 0.0432804077864
    },
    "spectral_centroid": {
        "dmean": 412.322143555,
        "dmean2": 649.806274414,
        "dvar": 261080.859375,
        "dvar2": 552591.0625,
        "max": 11108.453125,
        "mean": 1484.93188477,
        "median": 1424.39672852,
        "min": 143.096374512,
        "var": 853192.875
    },
    "spectral_complexity": {
        "dmean": 3.23402070999,
        "dmean2": 4.5239815712,
        "dvar": 17.3647346497,
        "dvar2": 28.9022922516,
        "max": 57,
        "mean": 13.0664606094,
        "median": 7,
        "min": 0,
        "var": 169.674224854
    },
    "spectral_decrease": {
        "dmean": 2.34497199436e-09,
        "dmean2": 3.92303967089e-09,
        "dvar": 1.27371760535e-17,
        "dvar2": 3.36193001593e-17,
        "max": 4.60111043357e-29,
        "mean": -4.47260983805e-09,
        "median": -3.19279380712e-09,
        "min": -3.55299931698e-08,
        "var": 1.74664215599e-17
    },
    "spectral_energy": {
        "dmean": 0.00936827529222,
        "dmean2": 0.0155085278675,
        "dvar": 0.000193818937987,
        "dvar2": 0.000502046605106,
        "max": 0.1371191293,
        "mean": 0.0187735520303,
        "median": 0.0131333442405,
        "min": 1.0734131362e-20,
        "var": 0.000298205792205
    },
    "spectral_energyband_high": {
        "dmean": 0.00081516354112,
        "dmean2": 0.00115756876767,
        "dvar": 2.24975815399e-06,
        "dvar2": 4.55540157418e-06,
        "max": 0.0216061454266,
        "mean": 0.00144426338375,
        "median": 0.00058374973014,
        "min": 8.00937822944e-21,
        "var": 4.94491223435e-06
    },
    "spectral_energyband_low": {
        "dmean": 0.00650712288916,
        "dmean2": 0.0111916922033,
        "dvar": 0.000114072019642,
        "dvar2": 0.000319294485962,
        "max": 0.120017521083,
        "mean": 0.00955370534211,
        "median": 0.00732415961102,
        "min": 7.51343564093e-23,
        "var": 9.73442511167e-05
    },
    "spectral_energyband_middle_high": {
        "dmean": 0.00162715348415,
        "dmean2": 0.0023814025335,
        "dvar": 1.27999473989e-05,
        "dvar2": 2.70018153969e-05,
        "max": 0.0417192168534,
        "mean": 0.0038577420637,
        "median": 0.000667930173222,
        "min": 1.54578387424e-21,
        "var": 4.99626330566e-05
    },
    "spectral_energyband_middle_low": {
        "dmean": 0.00334541103803,
        "dmean2": 0.00563586782664,
        "dvar": 3.12007396133e-05,
        "dvar2": 8.10041237855e-05,
        "max": 0.0659079626203,
        "mean": 0.00558883603662,
        "median": 0.00397784262896,
        "min": 2.86263839527e-22,
        "var": 3.61564743798e-05
    },
    "spectral_entropy": {
        "dmean": 0.236318275332,
        "dmean2": 0.358591973782,
        "dvar": 0.0703897178173,
        "dvar2": 0.157231271267,
        "max": 9.79595375061,
        "mean": 7.57275056839,
        "median": 7.78746747971,
        "min": 4.54240608215,
        "var": 0.5847235322
    },
    "spectral_flux": {
        "dmean": 0.0263473019004,
        "dmean2": 0.0413254760206,
        "dvar": 0.000983193167485,
        "dvar2": 0.00196182099171,
        "max": 0.29552641511,
        "mean": 0.074573725462,
        "median": 0.0633137971163,
        "min": 1.03605651836e-10,
        "var": 0.00246880971827
    },
    "spectral_kurtosis": {
        "dmean": 1.7177772522,
        "dmean2": 2.82811570168,
        "dvar": 13.4826192856,
        "dvar2": 32.7014007568,
        "max": 81.6754150391,
        "mean": 3.94485640526,
        "median": 2.086602211,
        "min": -1.2227243185,
        "var": 60.5511627197
    },
    "spectral_rms": {
        "dmean": 0.000997750321403,
        "dmean2": 0.00160327681806,
        "dvar": 1.3541438193e-06,
        "dvar2": 3.35294089382e-06,
        "max": 0.0115661043674,
        "mean": 0.00392585573718,
        "median": 0.00357952760532,
        "min": 3.2360969373e-12,
        "var": 2.90331581709e-06
    },
    "spectral_rolloff": {
        "dmean": 1180.95153809,
        "dmean2": 1980.1574707,
        "dvar": 3942669.5,
        "dvar2": 8626410,
        "max": 18733.8867188,
        "mean": 2220.89624023,
        "median": 1098.19335938,
        "min": 86.1328125,
        "var": 7674458.5
    },
    "spectral_skewness": {
        "dmean": 0.272539645433,
        "dmean2": 0.43151819706,
        "dvar": 0.111016966403,
        "dvar2": 0.250329464674,
        "max": 7.22693920135,
        "mean": 1.35983622074,
        "median": 1.18444108963,
        "min": -0.0110242934898,
        "var": 0.706664681435
    },
    "spectral_spread": {
        "dmean": 884380.9375,
        "dmean2": 1314755.25,
        "dvar": 1.484406784e+12,
        "dvar2": 2.24438360474e+12,
        "max": 41346104,
        "mean": 6125559,
        "median": 5797543,
        "min": 1115964.625,
        "var": 5.91684645683e+12
    },
    "spectral_strongpeak": {
        "dmean": 0.39497217536,
        "dmean2": 0.686094522476,
        "dvar": 1.54257166386,
        "dvar2": 3.74677419662,
        "max": 21.036491394,
        "mean": 0.5828525424,
        "median": 0.392921149731,
        "min": 0,
        "var": 1.36169230938
    },
    "zerocrossingrate": {
        "dmean": 0.0207459125668,
        "dmean2": 0.0247154925019,
        "dvar": 0.000636878190562,
        "dvar2": 0.000827440875582,
        "max": 0.5,
        "mean": 0.0827773809433,
        "median": 0.0732421875,
        "min": 0.0009765625,
        "var": 0.00372592452914
    },
    "barkbands": {
        "dmean": [1.72117488546e-05, 0.0021337880753, 0.0040205954574, 0.00144356850069, 0.00125622982159, 0.000304023764329, 0.000338012323482, 0.000639699632302, 0.00031206512358, 0.000165400255355, 0.000221468581003, 0.000227858967264, 0.000335373188136, 0.000329771108227, 0.000369751243852, 0.000258658517851, 0.000351225462509, 0.000150327396113, 0.000119885284221, 0.000152607462951, 0.000112529160106, 0.000151572850882, 0.000232144317124, 0.000119536001876, 0.000112514528155, 0.000118524985737, 6.94626805853e-06],
        "dmean2": [2.71804110525e-05, 0.00367553019896, 0.0070372056216, 0.00247893948108, 0.00216257548891, 0.000525252136867, 0.000548449403141, 0.000995313981548, 0.000530507881194, 0.000272336968919, 0.000353253039066, 0.000373931106878, 0.000533930317033, 0.000541717279702, 0.000609228212852, 0.000405249622418, 0.000570948293898, 0.00022600578086, 0.000186644057976, 0.000238503344008, 0.000172090323758, 0.00023548558238, 0.000349506939529, 0.000181945171789, 0.000165937744896, 0.000169915059814, 1.14012964332e-05],
        "dvar": [1.96411886755e-09, 1.94692856894e-05, 4.03797384934e-05, 7.34207060304e-06, 4.32197748523e-06, 5.17024602686e-07, 8.39687515963e-07, 4.70119448437e-06, 4.05690934713e-06, 3.56663633738e-07, 4.0821154812e-07, 3.72306317331e-07, 9.47307114529e-07, 1.15467560136e-06, 1.26474424178e-06, 6.49234323191e-07, 1.13549356229e-06, 1.24295240767e-07, 6.4449395154e-08, 8.44082777007e-08, 3.8066598762e-08, 6.84212508872e-08, 3.16894613661e-07, 3.86977134781e-08, 4.66661091991e-08, 2.10460271433e-07, 2.06522510204e-09],
        "dvar2": [4.88644413821e-09, 5.26950643689e-05, 0.000113734116894, 2.04872267204e-05, 1.17578247227e-05, 1.42061935549e-06, 1.94409699361e-06, 1.03064030554e-05, 1.1088996871e-05, 9.17880925044e-07, 9.30463670556e-07, 9.60184024734e-07, 2.32319985116e-06, 2.93759535452e-06, 3.06384163196e-06, 1.53883604526e-06, 2.79161918115e-06, 2.85901563757e-07, 1.41335988246e-07, 1.98055943201e-07, 8.62620410658e-08, 1.5907394868e-07, 7.29962152946e-07, 8.50306065558e-08, 1.03231805326e-07, 4.11581197568e-07, 4.10781542115e-09],
        "max": [0.00057073822245, 0.0520844534039, 0.0706360936165, 0.0375036746264, 0.0211765877903, 0.0102361384779, 0.0156793519855, 0.0342859663069, 0.058139141649, 0.0115585336462, 0.0109487613663, 0.00820501800627, 0.0152071025223, 0.01456781663, 0.0196373891085, 0.0205558184534, 0.0161909591407, 0.00564977200702, 0.00549623044208, 0.00387849542312, 0.00270583387464, 0.00332074752077, 0.0105856703594, 0.00236002937891, 0.00407739821821, 0.0082965483889, 0.00136594823562],
        "mean": [1.90452356037e-05, 0.0026353627909, 0.00528266234323, 0.00206564273685, 0.00163181708194, 0.000319978309562, 0.000419355317717, 0.000716196082067, 0.000343495077686, 0.000193130821572, 0.00029992160853, 0.000308686983772, 0.000539073778782, 0.000428949686466, 0.000524445786141, 0.000414564128732, 0.000572746852413, 0.000287399539957, 0.000221662106924, 0.000279220897937, 0.000191565268324, 0.000233149447013, 0.000340051628882, 0.000171520223375, 0.000162022479344, 0.000164572731592, 7.30520196157e-06],
        "median": [3.5501388993e-06, 0.000764038471971, 0.00395603757352, 0.00132432358805, 0.000920934602618, 0.000106000356027, 0.000153624045197, 7.69183752709e-05, 5.1270268159e-05, 2.59424123215e-05, 3.23173080687e-05, 1.74134092958e-05, 2.09920890484e-05, 1.74126580532e-05, 5.62124296266e-05, 3.18688762491e-05, 4.65922203148e-05, 4.48197351943e-05, 7.86791279097e-05, 8.64792455104e-05, 7.06623468432e-05, 9.09287919058e-05, 9.26897628233e-05, 6.40726211714e-05, 5.17371299793e-05, 1.99674614123e-05, 3.0674050322e-07],
        "min": [2.51699521889e-24, 4.0084984767e-24, 3.06835400804e-23, 8.08026880448e-23, 4.03838691756e-23, 7.75266465241e-24, 4.84799675786e-23, 3.00006989254e-23, 5.89356215242e-23, 1.19394716472e-22, 9.40601897546e-23, 7.18383188424e-23, 9.2398918108e-23, 4.43858646774e-23, 1.82494905109e-22, 1.21176734324e-22, 1.44038769017e-22, 1.66393509349e-22, 3.3299643918e-22, 4.01186055454e-22, 2.70232570346e-22, 5.85825021395e-22, 6.24025781124e-22, 8.74135835064e-22, 1.20584232889e-21, 1.94186343741e-21, 2.40777857199e-21],
        "var": [2.01437178049e-09, 2.16547050513e-05, 3.43028114003e-05, 7.82682218414e-06, 4.05009404858e-06, 4.52090745284e-07, 1.14987710731e-06, 5.77354876441e-06, 3.0970672924e-06, 3.72854827901e-07, 7.34915658995e-07, 5.24716938344e-07, 1.91680396711e-06, 1.53161136041e-06, 1.91296135199e-06, 1.41231203088e-06, 2.33435639529e-06, 3.58495213959e-07, 1.62338665177e-07, 2.09136544527e-07, 8.55938182553e-08, 1.21203527215e-07, 5.26725159489e-07, 6.61257573142e-08, 7.8085719224e-08, 3.78352069674e-07, 2.80797074481e-09]
    },
    "erbbands": {
        "dmean": [0.0283315703273, 0.628404140472, 3.76560258865, 5.43311166763, 3.0746576786, 5.30501413345, 3.56732821465, 2.70331215858, 3.64028978348, 9.35117912292, 12.4318971634, 7.04424476624, 6.72136545181, 5.25297498703, 9.38509654999, 8.79471969604, 13.6235961914, 16.0759410858, 17.9864997864, 15.9844465256, 14.6563539505, 17.8618354797, 9.38289928436, 6.07899188995, 6.03931760788, 6.6636300087, 4.75008678436, 5.1306271553, 5.53229618073, 8.07456493378, 5.71286201477, 2.81223392487, 1.91890132427, 1.20021355152, 0.895272552967, 0.542659282684, 0.198890089989, 0.0336927734315, 0.000725426245481, 3.0883049476e-05],
        "dmean2": [0.0484362877905, 1.08734893799, 6.59612131119, 9.3609828949, 5.41955518723, 9.11563396454, 6.06219244003, 4.63679599762, 6.16220521927, 14.2073907852, 19.3002433777, 11.873872757, 11.0849475861, 8.44971561432, 14.9909715652, 14.3613872528, 21.3406887054, 25.5105304718, 28.3041648865, 25.6164264679, 22.5743579865, 28.2649326324, 14.1449794769, 9.350440979, 9.5865983963, 10.3009567261, 7.34064245224, 7.85306406021, 8.53782463074, 12.2819700241, 8.62142944336, 4.28956031799, 2.92004799843, 1.79549670219, 1.32706022263, 0.787191569805, 0.285298615694, 0.0490984730422, 0.0010747514898, 4.45111982117e-05],
        "dvar": [0.00328690512106, 1.62117278576, 39.4520454407, 73.9976348877, 46.6936683655, 76.4663543701, 38.1990966797, 40.9210281372, 67.5447235107, 895.832092285, 1987.82177734, 2670.57080078, 627.467163086, 243.785491943, 704.009643555, 535.398925781, 1452.02648926, 2465.20849609, 4735.24658203, 2647.49853516, 2321.12695312, 2689.72583008, 554.428894043, 204.209991455, 155.421417236, 166.785476685, 82.6327056885, 84.4091873169, 86.8788604736, 436.886474609, 149.84135437, 30.1093730927, 9.77449989319, 3.82961702347, 4.90411233902, 3.37586379051, 0.842155337334, 0.0293462034315, 1.27096373035e-05, 9.45219191806e-09],
        "dvar2": [0.00875247363001, 4.42246103287, 111.044250488, 205.48600769, 133.497192383, 202.288284302, 101.665229797, 111.009132385, 178.588790894, 1923.01428223, 4527.76318359, 7434.77099609, 1683.45800781, 607.590332031, 1670.35595703, 1350.22558594, 3472.38916016, 6145.77050781, 11256.5664062, 5924.18359375, 5601.57666016, 6579.48681641, 1269.26220703, 453.046417236, 359.154632568, 390.285949707, 183.499832153, 197.259460449, 201.25819397, 1015.87664795, 349.086761475, 67.7892532349, 21.2696876526, 8.19109535217, 11.4234256744, 7.19070911407, 1.52909934521, 0.0582377165556, 2.59905700659e-05, 1.8276359981e-08],
        "max": [0.592472076416, 15.3755617142, 73.4702072144, 97.9541091919, 98.2495422363, 91.059135437, 60.9158248901, 82.0352859497, 161.181121826, 495.298797607, 952.181030273, 1534.57165527, 486.124084473, 242.489135742, 513.210266113, 286.211975098, 622.045776367, 668.158203125, 1339.89294434, 1585.97790527, 1422.74621582, 1010.44238281, 404.508758545, 335.112976074, 214.495727539, 178.467590332, 111.129379272, 112.844657898, 111.531303406, 342.322998047, 197.113372803, 96.412071228, 33.4407997131, 22.4507637024, 50.3705253601, 39.9409141541, 22.4569778442, 4.36196374893, 0.0861326903105, 0.0023881290108],
        "mean": [0.0394215770066, 0.776114940643, 4.73587465286, 8.47648239136, 4.25446987152, 6.33012485504, 4.13235378265, 2.89500546455, 4.38264608383, 11.4909572601, 14.0512294769, 8.12321376801, 7.6561870575, 7.21684932709, 13.5633764267, 13.1827669144, 22.8268127441, 23.3783779144, 24.8072471619, 25.699136734, 26.216003418, 30.915599823, 18.461151123, 11.5585594177, 11.2962150574, 12.4753599167, 8.84748744965, 8.14834403992, 8.6326084137, 11.8136634827, 8.29234695435, 4.04860115051, 2.66162610054, 1.69133508205, 1.27434885502, 0.747185885906, 0.272940158844, 0.0430499762297, 0.000933476432692, 5.40975997865e-05],
        "median": [0.0114272171631, 0.277036428452, 3.21452760696, 6.37343740463, 2.09487652779, 3.06185126305, 2.24945473671, 0.986773967743, 2.07389903069, 2.00550031662, 1.76411855221, 1.26974475384, 1.18908655643, 1.1840274334, 1.24832105637, 0.801154017448, 1.01174867153, 0.932063519955, 1.89952421188, 3.00805926323, 2.27590107918, 2.66311717033, 2.65797901154, 3.26624798775, 4.24238109589, 4.09944438934, 2.41119456291, 3.29515194893, 3.40875935555, 3.16620206833, 2.37806463242, 1.50958848, 0.933102607727, 0.572196185589, 0.33650007844, 0.129711017013, 0.027957841754, 0.00328061915934, 8.89362418093e-05, 2.27037653531e-05],
        "min": [1.91471258686e-22, 1.12232364324e-21, 2.42334305766e-20, 1.67997732847e-19, 1.87647757265e-19, 9.76215682221e-20, 1.73556851852e-19, 7.52153715407e-20, 3.16326558293e-19, 1.09440451476e-18, 7.67914776025e-19, 1.13704898406e-18, 1.94196551344e-18, 5.37831097203e-18, 4.29782201331e-18, 2.6813566204e-18, 3.7299923013e-18, 3.53407829553e-18, 4.27432305288e-18, 8.86948795867e-18, 8.60882763123e-18, 7.8840949919e-18, 9.6694617737e-18, 1.24488523248e-17, 1.7836232505e-17, 1.70632620011e-17, 1.26851315037e-17, 1.23161113432e-17, 1.60214313283e-17, 2.06223207376e-17, 2.04748625585e-17, 1.95322488914e-17, 1.42236320219e-17, 1.09024207988e-17, 9.86535385918e-18, 6.60334105739e-18, 3.56699098492e-18, 1.37081022517e-18, 3.44348955904e-19, 3.77883601107e-20],
        "var": [0.00443634390831, 1.68948435783, 32.687461853, 79.3670806885, 40.161655426, 77.2541809082, 35.5998687744, 35.2692832947, 63.1832695007, 1242.64538574, 2364.33300781, 1913.33166504, 610.370788574, 391.944244385, 1252.83691406, 928.502807617, 3079.56860352, 3692.10717773, 6094.17529297, 4733.59960938, 5626.64501953, 6416.30859375, 1638.45202637, 505.79510498, 384.660644531, 410.056213379, 237.8984375, 153.18145752, 161.780578613, 686.691223145, 251.456176758, 48.6892471313, 16.6749286652, 7.0473151207, 6.97892284393, 5.32794141769, 1.58353507519, 0.049319114536, 2.08984583878e-05, 1.74069789693e-08]
    },
    "gfcc": {
        "mean": [-33.9560165405, 61.8052139282, -83.6371841431, 60.7537193298, -54.4974632263, 17.8011856079, -43.0240745544, 7.60632991791, -27.5424537659, -0.259628266096, -25.0854511261, -5.50679540634, -19.8525028229],
        "cov": [[9435.26464844, -2515.52954102, -2119.80126953, -1049.27624512, -298.869781494, 928.620605469, -272.378143311, 566.68951416, -231.318069458, 499.932952881, -464.307678223, 416.438537598, -375.06060791], [-2515.52954102, 2739.28442383, -63.2313804626, 17.424943924, 210.45501709, -385.143615723, 374.611236572, -259.107177734, 164.570510864, -164.577026367, 531.021179199, -334.167938232, 265.752288818], [-2119.80126953, -63.2313804626, 1674.05981445, 568.07989502, -103.195465088, -325.756317139, -84.4685745239, -197.388214111, -9.66692447662, -134.09538269, -15.9873247147, 56.6809692383, 54.8914031982], [-1049.27624512, 17.424943924, 568.07989502, 546.49005127, 64.2865142822, -156.724746704, -40.4501686096, -71.1870574951, 39.312210083, -69.4802932739, 24.4518737793, -10.8991203308, 82.3545532227], [-298.869781494, 210.45501709, -103.195465088, 64.2865142822, 296.217041016, 23.874835968, 48.6865196228, -29.543806076, 76.4428482056, 0.618956923485, 28.9980754852, -35.1462554932, 42.2766342163], [928.620605469, -385.143615723, -325.756317139, -156.724746704, 23.874835968, 293.454193115, 19.9207782745, 78.3785324097, -55.5196990967, 65.8974914551, -61.1584587097, 41.3499755859, -57.3273544312], [-272.378143311, 374.611236572, -84.4685745239, -40.4501686096, 48.6865196228, 19.9207782745, 200.747802734, -13.676117897, 14.4425802231, -19.2094745636, 87.1384429932, -43.7573738098, 37.6485671997], [566.68951416, -259.107177734, -197.388214111, -71.1870574951, -29.543806076, 78.3785324097, -13.676117897, 132.157730103, 7.71593046188, 46.1912193298, -52.4587364197, 16.5940532684, -42.6138420105], [-231.318069458, 164.570510864, -9.66692447662, 39.312210083, 76.4428482056, -55.5196990967, 14.4425802231, 7.71593046188, 129.313400269, 18.9005203247, 25.5550689697, -20.135602951, 25.8175144196], [499.932952881, -164.577026367, -134.09538269, -69.4802932739, 0.618956923485, 65.8974914551, -19.2094745636, 46.1912193298, 18.9005203247, 110.36113739, -0.741809844971, 22.9854831696, -28.7643108368], [-464.307678223, 531.021179199, -15.9873247147, 24.4518737793, 28.9980754852, -61.1584587097, 87.1384429932, -52.4587364197, 25.5550689697, -0.741809844971, 192.082061768, -41.3234863281, 55.8900032043], [416.438537598, -334.167938232, 56.6809692383, -10.8991203308, -35.1462554932, 41.3499755859, -43.7573738098, 16.5940532684, -20.135602951, 22.9854831696, -41.3234863281, 127.826393127, 0.223178192973], [-375.06060791, 265.752288818, 54.8914031982, 82.3545532227, 42.2766342163, -57.3273544312, 37.6485671997, -42.6138420105, 25.8175144196, -28.7643108368, 55.8900032043, 0.223178192973, 110.049209595]],
        "icov": [[0.000323218904668, -5.45067996427e-05, 0.000332225521561, -2.1946758352e-05, 0.000207139746635, -0.000224909817916, 0.00011587068002, -0.000210579688428, 0.000289092480671, -0.000712898909114, 0.000446082296548, -0.000830528966617, 0.000286967697321], [-5.45067996427e-05, 0.00255792355165, -6.84679471306e-05, 0.00142865942325, -0.000428599421866, 0.00130798504688, -0.000987824285403, 0.0011969829211, -0.00120810850058, 0.00204291474074, -0.00429328344762, 0.00404149619862, -0.00276068691164], [0.000332225521561, -6.84679471306e-05, 0.00179978460073, -0.00137056631502, 0.000873167940881, 0.000631090370007, -0.000347360008163, 0.00149945286103, 0.000240006746026, -0.000633087358437, 0.00111115653999, -0.00194535881747, 0.00133616593666], [-2.1946758352e-05, 0.00142865942325, -0.00137056631502, 0.00455715088174, -0.00141140725464, 0.000805163464975, 0.000730704632588, -0.00078832602594, -0.000671634217724, 0.00189581664745, -0.00292603718117, 0.00312045193277, -0.00371229625307], [0.000207139746635, -0.000428599421866, 0.000873167940881, -0.00141140725464, 0.00561575964093, -0.00216722930782, -0.000409124855651, 0.00236060749739, -0.00321040605195, -0.000580308318604, 0.00159402040299, -0.000390089029679, -7.78922840254e-05], [-0.000224909817916, 0.00130798504688, 0.000631090370007, 0.000805163464975, -0.00216722930782, 0.00833265949041, -0.00273333163932, -0.000708847539499, 0.00332443229854, -0.00153451261576, -0.000569252297282, 0.000421289936639, 9.86864033621e-05], [0.00011587068002, -0.000987824285403, -0.000347360008163, 0.000730704632588, -0.000409124855651, -0.00273333163932, 0.00845339242369, -0.00181081902701, -0.00016886794765, 0.00159538793378, -0.00186204258353, 0.000243369839154, -0.00105127296411], [-0.000210579688428, 0.0011969829211, 0.00149945286103, -0.00078832602594, 0.00236060749739, -0.000708847539499, -0.00181081902701, 0.0147707369179, -0.00401541450992, -0.00126595376059, 0.00111688731704, 0.00137795833871, 0.00133790262043], [0.000289092480671, -0.00120810850058, 0.000240006746026, -0.000671634217724, -0.00321040605195, 0.00332443229854, -0.00016886794765, -0.00401541450992, 0.0136642465368, -0.00554795004427, 0.00248678051867, -0.00180418090895, -0.00016146665439], [-0.000712898909114, 0.00204291474074, -0.000633087358437, 0.00189581664745, -0.000580308318604, -0.00153451261576, 0.00159538793378, -0.00126595376059, -0.00554795004427, 0.0177912842482, -0.00770881492645, 0.00258801248856, -0.000216798624024], [0.000446082296548, -0.00429328344762, 0.00111115653999, -0.00292603718117, 0.00159402040299, -0.000569252297282, -0.00186204258353, 0.00111688731704, 0.00248678051867, -0.00770881492645, 0.0168862119317, -0.0063466373831, 0.00252265925519], [-0.000830528966617, 0.00404149619862, -0.00194535881747, 0.00312045193277, -0.000390089029679, 0.000421289936639, 0.000243369839154, 0.00137795833871, -0.00180418090895, 0.00258801248856, -0.0063466373831, 0.0190979782492, -0.00885114632547], [0.000286967697321, -0.00276068691164, 0.00133616593666, -0.00371229625307, -7.78922840254e-05, 9.86864033621e-05, -0.00105127296411, 0.00133790262043, -0.00016146665439, -0.000216798624024, 0.00252265925519, -0.00885114632547, 0.0185201577842]]
    },
    "melbands": {
        "dmean": [0.000424702011514, 0.00159839878324, 0.000847584742587, 0.000279619183857, 0.000159925184562, 6.04641463724e-05, 5.7718170865e-05, 0.000114410824608, 9.54771094257e-05, 4.25160324085e-05, 3.30380353262e-05, 2.02846222237e-05, 3.09615024889e-05, 2.61058321485e-05, 2.59962926066e-05, 3.50119444192e-05, 3.16242330882e-05, 3.11865805998e-05, 2.63130568783e-05, 1.7750697225e-05, 1.90650171135e-05, 2.06876702578e-05, 1.35133232106e-05, 7.10097992851e-06, 5.07984032083e-06, 4.57281748822e-06, 4.70650638817e-06, 5.04128092871e-06, 3.85389375879e-06, 2.48668038694e-06, 3.32703029926e-06, 2.77769845525e-06, 3.88535590901e-06, 5.23027392774e-06, 3.66737890545e-06, 2.19619914787e-06, 1.66515121691e-06, 1.4153832808e-06, 1.23503366467e-06, 9.86388499769e-07],
        "dmean2": [0.000725650112145, 0.00278275460005, 0.00146283290815, 0.000488008518005, 0.000272232311545, 0.000103472659248, 9.643080557e-05, 0.000173574357177, 0.000149320840137, 7.22729455447e-05, 5.42859052075e-05, 3.28285132127e-05, 4.88947407575e-05, 4.27690174547e-05, 4.16506991314e-05, 5.47743038624e-05, 5.10776153533e-05, 5.00244568684e-05, 4.37127819168e-05, 2.81760312646e-05, 2.98833529087e-05, 3.29051435983e-05, 2.08759574889e-05, 1.08610684038e-05, 7.90116337157e-06, 7.21929609426e-06, 7.62479749028e-06, 7.92421906226e-06, 6.14184227743e-06, 3.8815037442e-06, 5.20943740412e-06, 4.35740093963e-06, 6.11624591329e-06, 8.08677941677e-06, 5.62216155231e-06, 3.40733140547e-06, 2.56061866821e-06, 2.20331389755e-06, 1.88047556549e-06, 1.48450294546e-06],
        "dvar": [7.57556279041e-07, 7.43989357943e-06, 1.89921263427e-06, 2.5685542937e-07, 6.81940761638e-08, 1.92633944351e-08, 1.75283059178e-08, 1.36100766213e-07, 1.30900858153e-07, 8.83257342821e-08, 1.54883323944e-08, 3.58167828729e-09, 8.03009303496e-09, 5.5818976108e-09, 4.70843763978e-09, 1.30005721743e-08, 1.10237277084e-08, 1.59276893896e-08, 4.82688733427e-09, 3.23358162468e-09, 4.15293710532e-09, 3.52407902859e-09, 1.92279747679e-09, 2.83045309413e-10, 1.47858350563e-10, 8.63790844408e-11, 9.44251551949e-11, 1.04075553731e-10, 5.96851387757e-11, 2.65050724424e-11, 3.79910027049e-11, 2.29277326291e-11, 5.3332761818e-11, 2.14753964611e-10, 6.2111663035e-11, 2.00224350988e-11, 1.13863042259e-11, 5.76091431503e-12, 4.41479578589e-12, 2.59633655721e-12],
        "dvar2": [2.03687000067e-06, 2.08938017749e-05, 5.29753515366e-06, 7.07774404418e-07, 1.79757392971e-07, 5.23296748156e-08, 4.42165166703e-08, 2.89995455205e-07, 3.05648342191e-07, 2.44287747364e-07, 4.12921963289e-08, 8.93616558528e-09, 1.86848634343e-08, 1.39063747184e-08, 1.26669092992e-08, 3.17026334073e-08, 2.7992392404e-08, 3.80274443046e-08, 1.14493881043e-08, 7.71113572995e-09, 1.00378025891e-08, 8.46264391896e-09, 4.76732253674e-09, 7.01345648224e-10, 3.34491601084e-10, 1.9293963649e-10, 2.37504405032e-10, 2.44200271116e-10, 1.36413935703e-10, 6.71531996677e-11, 8.83264988927e-11, 5.38257528826e-11, 1.26523042043e-10, 4.94601415379e-10, 1.41488237793e-10, 4.83679173102e-11, 2.5478860341e-11, 1.3290710546e-11, 9.48946130008e-12, 5.65461002675e-12],
        "max": [0.0103187486529, 0.0332067757845, 0.0147463455796, 0.00574973877519, 0.00234083412215, 0.00182304624468, 0.00225579575635, 0.00687110470608, 0.0074158469215, 0.00868331082165, 0.00240591703914, 0.000933703617193, 0.0018060329603, 0.00111694773659, 0.00119414215442, 0.00188169477042, 0.00142888142727, 0.00232638069429, 0.0015339035308, 0.0014739659382, 0.0017341269413, 0.00101117731538, 0.000808026059531, 0.000253263133345, 0.00028848592774, 0.000184036005521, 0.000147368569742, 0.000155224872287, 9.37233271543e-05, 0.000113231828436, 8.30069984659e-05, 6.26138862572e-05, 0.000129615524202, 0.00026655534748, 0.000156875699759, 8.92238749657e-05, 6.23792147962e-05, 2.59896205534e-05, 2.60522410827e-05, 2.13931325561e-05],
        "mean": [0.000551552453544, 0.00207026489079, 0.00131525564939, 0.000359479774488, 0.000187869824003, 6.52561939205e-05, 7.00733507983e-05, 0.000137716968311, 0.000106379266072, 4.79652771901e-05, 3.69508634321e-05, 2.65510952886e-05, 4.34402390965e-05, 3.54902113031e-05, 4.04144120694e-05, 5.32912490598e-05, 4.24785321229e-05, 3.92648289562e-05, 3.87891632272e-05, 2.89549443551e-05, 3.18502825394e-05, 3.37492892868e-05, 2.28948629228e-05, 1.30814296426e-05, 8.77460752235e-06, 8.12476446299e-06, 7.91316688264e-06, 8.78542323335e-06, 6.5703547989e-06, 4.04095408157e-06, 4.82733867102e-06, 4.23193205279e-06, 5.54902135264e-06, 7.27367796571e-06, 5.1351894399e-06, 3.03347314912e-06, 2.27827899835e-06, 1.84049531526e-06, 1.65781148098e-06, 1.34665583573e-06],
        "median": [0.000159458810231, 0.00138566351961, 0.000978609081358, 0.000163980424986, 0.000101953344711, 2.29628694797e-05, 2.97174337902e-05, 2.18522054638e-05, 1.32583982122e-05, 6.96756433172e-06, 5.31663317815e-06, 4.19189609602e-06, 4.48247283202e-06, 2.13859675569e-06, 1.99714418159e-06, 1.96558335119e-06, 1.5839605112e-06, 2.18995955947e-06, 4.40916755906e-06, 3.38094218932e-06, 2.4055209451e-06, 2.72291595138e-06, 2.03661079468e-06, 2.13101588997e-06, 2.36978689827e-06, 2.87006923827e-06, 2.99720500152e-06, 2.50266339208e-06, 1.45034061916e-06, 1.28002272959e-06, 1.86118791135e-06, 1.66735026141e-06, 1.9322837943e-06, 1.64251787282e-06, 1.37326753702e-06, 1.00886836663e-06, 8.48826516631e-07, 6.30119302514e-07, 5.35578180916e-07, 4.37037726897e-07],
        "min": [1.51683959654e-24, 8.50155239785e-24, 3.15678499997e-23, 8.64819059607e-24, 6.43935442347e-24, 2.00169609003e-24, 5.51680328849e-24, 1.11812655612e-23, 6.97199212339e-24, 7.27981511494e-24, 8.91421421484e-24, 2.14101567065e-23, 1.42487653907e-23, 9.29416591439e-24, 6.09813737209e-24, 9.43295258003e-24, 5.83423026713e-24, 3.4608246935e-24, 1.78199907734e-23, 6.86348193929e-24, 1.06238035919e-23, 8.38180094585e-24, 6.89813344342e-24, 9.52626456993e-24, 1.00562828572e-23, 1.2318125355e-23, 1.31035050171e-23, 1.13322779932e-23, 9.8002138742e-24, 6.68261822183e-24, 7.21092389208e-24, 8.18500302696e-24, 1.32455788661e-23, 9.99439514147e-24, 1.12350335317e-23, 1.26074314146e-23, 1.21156145055e-23, 9.23619410419e-24, 1.08584952332e-23, 8.57394931856e-24],
        "var": [9.09687742023e-07, 6.19315824224e-06, 1.85445469469e-06, 2.36014599864e-07, 6.33062882116e-08, 1.68276521606e-08, 1.9263234563e-08, 1.81696719892e-07, 1.47867964984e-07, 6.68101947099e-08, 1.4988128072e-08, 5.54633761141e-09, 1.45995802114e-08, 7.58819940216e-09, 1.06610915651e-08, 2.17549143144e-08, 1.40937048698e-08, 1.8674214175e-08, 8.75500383302e-09, 6.23817797418e-09, 9.37192634609e-09, 7.87818432713e-09, 4.0438101756e-09, 7.49659057053e-10, 3.16131038014e-10, 2.2051319104e-10, 1.84363288525e-10, 2.32841967929e-10, 1.50103068863e-10, 4.79109356355e-11, 6.083632903e-11, 4.05322962693e-11, 8.83791165252e-11, 3.35687727615e-10, 1.02904372523e-10, 3.04362056391e-11, 1.79390634292e-11, 8.75640358833e-12, 7.44612618092e-12, 4.70839513211e-12]
    },
    "mfcc": {
        "mean": [-684.048583984, 85.5244827271, 30.6849956512, 42.4303131104, 16.1977005005, 12.6608839035, -0.200015664101, 5.05624437332, -0.711261034012, 2.74512434006, -2.35967040062, -4.72667598724, -0.517181038857],
        "cov": [[9688.65820312, -1603.86279297, -2384.56079102, -1708.73876953, -455.382049561, 75.5851821899, -53.1875228882, 100.609451294, 214.973373413, 92.5769882202, 150.975326538, 320.248443604, -14.5636339188], [-1603.86279297, 1952.14355469, -77.7370223999, 129.351623535, -59.6776809692, -54.9487915039, 231.919174194, -119.11605835, -85.3569030762, -22.5113525391, 84.3440093994, 186.233795166, -8.86506938934], [-2384.56079102, -77.7370223999, 1517.9017334, 660.010681152, 96.0681915283, -39.632358551, -100.069816589, -12.3390607834, -140.245559692, -68.4126663208, -121.773948669, -229.574188232, 37.0165786743], [-1708.73876953, 129.351623535, 660.010681152, 673.70123291, 177.290893555, -10.6528558731, -50.4174003601, -16.2448768616, -35.1593322754, -16.7554779053, -55.1882705688, -109.612129211, 25.2593154907], [-455.382049561, -59.6776809692, 96.0681915283, 177.290893555, 245.529724121, 54.6342887878, -40.6344985962, -9.45120429993, 27.8284759521, 18.1531734467, -13.2962808609, -16.1739406586, 13.5009298325], [75.5851821899, -54.9487915039, -39.632358551, -10.6528558731, 54.6342887878, 156.292510986, 52.4249763489, 23.4044437408, 20.7690982819, 9.72926330566, 2.68497848511, 6.65841388702, 3.81943821907], [-53.1875228882, 231.919174194, -100.069816589, -50.4174003601, -40.6344985962, 52.4249763489, 194.661437988, 8.4095659256, -7.81596708298, -10.1744852066, 38.6718978882, 69.8404006958, -20.4775428772], [100.609451294, -119.11605835, -12.3390607834, -16.2448768616, -9.45120429993, 23.4044437408, 8.4095659256, 101.253875732, 26.8462181091, 6.53556251526, -8.17146682739, -35.8684005737, 1.24183118343], [214.973373413, -85.3569030762, -140.245559692, -35.1593322754, 27.8284759521, 20.7690982819, -7.81596708298, 26.8462181091, 113.693893433, 40.0825424194, 8.42721748352, 1.1362272501, -4.8040471077], [92.5769882202, -22.5113525391, -68.4126663208, -16.7554779053, 18.1531734467, 9.72926330566, -10.1744852066, 6.53556251526, 40.0825424194, 78.8596496582, 33.6203994751, 9.02581214905, -7.31740570068], [150.975326538, 84.3440093994, -121.773948669, -55.1882705688, -13.2962808609, 2.68497848511, 38.6718978882, -8.17146682739, 8.42721748352, 33.6203994751, 96.6415100098, 79.8072662354, -9.50274085999], [320.248443604, 186.233795166, -229.574188232, -109.612129211, -16.1739406586, 6.65841388702, 69.8404006958, -35.8684005737, 1.1362272501, 9.02581214905, 79.8072662354, 181.50428772, 19.4704494476], [-14.5636339188, -8.86506938934, 37.0165786743, 25.2593154907, 13.5009298325, 3.81943821907, -20.4775428772, 1.24183118343, -4.8040471077, -7.31740570068, -9.50274085999, 19.4704494476, 83.3174591064]],
