{
"lowlevel": {
    "average_loudness": 0.692025601864,
    "barkbands_crest": {
        "dmean": 2.35012817383,
        "dmean2": 3.85106372833,
        "dvar": 6.35633516312,
        "dvar2": 17.8664131165,
        "max": 26.7296638489,
        "mean": 11.0907611847,
        "median": 10.2096090317,
        "min": 3.00517416,
        "var": 21.2448329926
    },
    "barkbands_flatness_db": {
        "dmean": 0.020539874211,
        "dmean2": 0.0318443626165,
        "dvar": 0.000499149202369,
        "dvar2": 0.00115054217167,
        "max": 0.435820162296,
        "mean": 0.170990124345,
        "median": 0.163913965225,
        "min": 0.0374614596367,
        "var": 0.00281855650246
    },
    "barkbands_kurtosis": {
        "dmean": 3.26568126678,
        "dmean2": 5.09905529022,
        "dvar": 71.1418228149,
        "dvar2": 162.575790405,
        "max": 209.553710938,
        "mean": 5.77667856216,
        "median": 1.1785030365,
        "min": -1.90864777565,
        "var": 227.7605896
    },
    "barkbands_skewness": {
        "dmean": 0.550630688667,
        "dmean2": 0.853627681732,
        "dvar": 0.464937895536,
        "dvar2": 1.13160157204,
        "max": 9.74476337433,
        "mean": 1.58563184738,
        "median": 1.38025617599,
        "min": -1.95448386669,
        "var": 1.80278742313
    },
    "barkbands_spread": {
        "dmean": 3.95009613037,
        "dmean2": 6.20415592194,
        "dvar": 27.170633316,
        "dvar2": 67.5425872803,
        "max": 93.7917556763,
        "mean": 18.2627887726,
        "median": 18.2533378601,
        "min": 0.376130610704,
        "var": 91.5124359131
    },
    "dissonance": {
        "dmean": 0.0218865536153,
        "dmean2": 0.0369341224432,
        "dvar": 0.000585195957683,
        "dvar2": 0.00155174825341,
        "max": 0.499978989363,
        "mean": 0.447228580713,
        "median": 0.456578403711,
        "min": 0.194656863809,
        "var": 0.00156141119078
    },
    "dynamic_complexity": 9.72407627106,
    "erbbands_crest": {
        "dmean": 2.59162187576,
        "dmean2": 3.98808598518,
        "dvar": 8.72474193573,
        "dvar2": 18.4482288361,
        "max": 33.2078094482,
        "mean": 12.2518587112,
        "median": 10.7882471085,
        "min": 2.7942404747,
        "var": 37.8188018799
    },
    "erbbands_flatness_db": {
        "dmean": 0.0167933423072,
        "dmean2": 0.023862009868,
        "dvar": 0.000368540582713,
        "dvar2": 0.000680654717144,
        "max": 0.452498704195,
        "mean": 0.200682669878,
        "median": 0.201284438372,
        "min": 0.0615011490881,
        "var": 0.0028913191054
    },
    "erbbands_kurtosis": {
        "dmean": 1.59043002129,
        "dmean2": 2.44968152046,
        "dvar": 22.0870723724,
        "dvar2": 50.0616950989,
        "max": 109.24281311,
        "mean": 2.27222824097,
        "median": 0.206149101257,
        "min": -1.50428509712,
        "var": 71.0391921997
    },
    "erbbands_skewness": {
        "dmean": 0.356469869614,
        "dmean2": 0.541269540787,
        "dvar": 0.195378392935,
        "dvar2": 0.411001980305,
        "max": 8.66367530823,
        "mean": 0.435839295387,
        "median": 0.169072806835,
        "min": -4.29199504852,
        "var": 1.54861140251
    },
    "erbbands_spread": {
        "dmean": 5.61865186691,
        "dmean2": 8.51603984833,
        "dvar": 41.9098014832,
        "dvar2": 99.7574234009,
        "max": 92.3949279785,
        "mean": 28.8442630768,
        "median": 28.5829906464,
        "min": 1.06544029713,
        "var": 161.344543457
    },
    "hfc": {
        "dmean": 4.70985031128,
        "dmean2": 6.20340299606,
        "dvar": 60.1494636536,
        "dvar2": 95.6516952515,
        "max": 102.002281189,
        "mean": 16.3693199158,
        "median": 8.55271053314,
        "min": 1.16007806041e-16,
        "var": 344.11505127
    },
    "melbands_crest": {
        "dmean": 2.97163438797,
        "dmean2": 4.69641780853,
        "dvar": 8.72498321533,
        "dvar2": 21.343290329,
        "max": 34.0827255249,
        "mean": 15.81457901,
        "median": 14.8015756607,
        "min": 1.94184970856,
        "var": 36.7176589966
    },
    "melbands_flatness_db": {
        "dmean": 0.024779830128,
        "dmean2": 0.038162779063,
        "dvar": 0.000733580556698,
        "dvar2": 0.00182967551518,
        "max": 0.465175658464,
        "mean": 0.226945847273,
        "median": 0.223452046514,
        "min": 0.00533176213503,
        "var": 0.00401940150186
    },
    "melbands_kurtosis": {
        "dmean": 5.77448654175,
        "dmean2": 9.24033737183,
        "dvar": 116.60585022,
        "dvar2": 299.919250488,
        "max": 160.12689209,
        "mean": 11.4736022949,
        "median": 6.26083755493,
        "min": -1.77062952518,
        "var": 284.301544189
    },
    "melbands_skewness": {
        "dmean": 0.682675898075,
        "dmean2": 1.07808494568,
        "dvar": 0.677214086056,
        "dvar2": 1.71028757095,
        "max": 9.69785404205,
        "mean": 2.36016917229,
        "median": 2.16758346558,
        "min": -1.79191184044,
        "var": 1.8448369503
    },
    "melbands_spread": {
        "dmean": 5.89245176315,
        "dmean2": 9.19542217255,
        "dvar": 83.8833618164,
        "dvar2": 202.135604858,
        "max": 170.543395996,
        "mean": 21.0391159058,
        "median": 18.5768756866,
        "min": 0.666540920734,
        "var": 198.581863403
    },
    "pitch_salience": {
        "dmean": 0.0594147592783,
        "dmean2": 0.0961677134037,
        "dvar": 0.00377690372989,
        "dvar2": 0.00974307674915,
        "max": 0.941747128963,
        "mean": 0.464550733566,
        "median": 0.460966855288,
        "min": 0.0835766047239,
        "var": 0.0165905728936
    },
    "silence_rate_20dB": {
        "dmean": 0,
        "dmean2": 0,
        "dvar": 0,
        "dvar2": 0,
        "max": 1,
        "mean": 1,
        "median": 1,
        "min": 1,
        "var": 0
    },
    "silence_rate_30dB": {
        "dmean": 0.0350515469909,
        "dmean2": 0.0701392441988,
        "dvar": 0.03382281214,
        "dvar2": 0.0817224904895,
        "max": 1,
        "mean": 0.961875319481,
        "median": 1,
        "min": 0,
        "var": 0.0366715267301
    },
    "silence_rate_60dB": {
        "dmean": 0.0242268033326,
        "dmean2": 0.0484785959125,
        "dvar": 0.0236402098089,
        "dvar2": 0.0512854754925,
        "max": 1,
        "mean": 0.374034017324,
        "median": 0,
        "min": 0,
        "var": 0.234127357602
    },
    "spectral_centroid": {
        "dmean": 185.656234741,
        "dmean2": 271.629852295,
        "dvar": 105866.78125,
        "dvar2": 162338.15625,
        "max": 11335.8134766,
        "mean": 1215.81835938,
        "median": 1178.99133301,
        "min": 301.929107666,
        "var": 329201.25
    },
    "spectral_complexity": {
        "dmean": 2.33298969269,
        "dmean2": 3.16193914413,
        "dvar": 9.92122364044,
        "dvar2": 14.9516057968,
        "max": 42,
        "mean": 12.2354459763,
        "median": 12,
        "min": 0,
        "var": 91.2731933594
    },
    "spectral_decrease": {
        "dmean": 2.91966806287e-09,
        "dmean2": 4.58101689915e-09,
        "dvar": 3.09084009902e-17,
        "dvar2": 7.64493358488e-17,
        "max": -3.87787980418e-29,
        "mean": -7.12165482142e-09,
        "median": -3.60449337045e-09,
        "min": -5.84719295205e-08,
        "var": 8.581937313e-17
    },
    "spectral_energy": {
        "dmean": 0.0113469995558,
        "dmean2": 0.0176835209131,
        "dvar": 0.000454497348983,
        "dvar2": 0.00111311418004,
        "max": 0.2268371135,
        "mean": 0.028363481164,
        "median": 0.014925298281,
        "min": 1.0668614457e-20,
        "var": 0.00131803867407
    },
    "spectral_energyband_high": {
        "dmean": 0.000201009883313,
        "dmean2": 0.000272244185908,
        "dvar": 1.58282617235e-07,
        "dvar2": 2.92090192033e-07,
        "max": 0.00775603717193,
        "mean": 0.000428419472883,
        "median": 0.00012823875295,
        "min": 7.68579228239e-21,
        "var": 4.38561386318e-07
    },
    "spectral_energyband_low": {
        "dmean": 0.00929096434265,
        "dmean2": 0.0155374938622,
        "dvar": 0.000404597987654,
        "dvar2": 0.00107507454231,
        "max": 0.194442138076,
        "mean": 0.0158243738115,
        "median": 0.0022917734459,
        "min": 7.91496836604e-23,
        "var": 0.000724789744709
    },
    "spectral_energyband_middle_high": {
        "dmean": 0.00196204613894,
        "dmean2": 0.00273624341935,
        "dvar": 1.09393004095e-05,
        "dvar2": 1.93314572243e-05,
        "max": 0.0423297956586,
        "mean": 0.00614184420556,
        "median": 0.00256409170106,
        "min": 1.47929640523e-21,
        "var": 5.6076758483e-05
    },
    "spectral_energyband_middle_low": {
        "dmean": 0.00251125288196,
        "dmean2": 0.00373096321709,
        "dvar": 2.15519648918e-05,
        "dvar2": 4.9062378821e-05,
        "max": 0.0635922774673,
        "mean": 0.00679825479165,
        "median": 0.00365075771697,
        "min": 3.13269489186e-22,
        "var": 6.51958398521e-05
    },
    "spectral_entropy": {
        "dmean": 0.154992878437,
        "dmean2": 0.223130270839,
        "dvar": 0.0318147949874,
        "dvar2": 0.0627548620105,
        "max": 9.79778194427,
        "mean": 7.12355947495,
        "median": 7.15675449371,
        "min": 5.0627746582,
        "var": 0.192286446691
    },
    "spectral_flux": {
        "dmean": 0.0234439633787,
        "dmean2": 0.0371302627027,
        "dvar": 0.00131572270766,
        "dvar2": 0.00305069051683,
        "max": 0.378598362207,
        "mean": 0.0639862194657,
        "median": 0.0465019792318,
        "min": 1.03288988473e-10,
        "var": 0.00432841200382
    },
    "spectral_kurtosis": {
        "dmean": 2.06713366508,
        "dmean2": 3.56023645401,
        "dvar": 4.47154140472,
        "dvar2": 12.5693902969,
        "max": 25.7495632172,
        "mean": 4.99023580551,
        "median": 4.22273254395,
        "min": -1.18335223198,
        "var": 9.28900909424
    },
    "spectral_rms": {
        "dmean": 0.000809195800684,
        "dmean2": 0.00120328716002,
        "dvar": 1.57194983785e-06,
        "dvar2": 3.59357841262e-06,
        "max": 0.0148763069883,
        "mean": 0.00403801910579,
        "median": 0.00381592288613,
        "min": 3.22620597772e-12,
        "var": 1.13660735224e-05
    },
    "spectral_rolloff": {
        "dmean": 305.826782227,
        "dmean2": 523.649841309,
        "dvar": 426073.125,
        "dvar2": 783453.625,
        "max": 18820.0195312,
        "mean": 1223.37084961,
        "median": 1205.859375,
        "min": 64.599609375,
        "var": 761130.625
    },
    "spectral_skewness": {
        "dmean": 0.248783275485,
        "dmean2": 0.407747417688,
        "dvar": 0.0547282770276,
        "dvar2": 0.139605924487,
        "max": 3.57242155075,
        "mean": 1.55543220043,
        "median": 1.48434340954,
        "min": 0.0105150919408,
        "var": 0.238995343447
    },
    "spectral_spread": {
        "dmean": 374138.65625,
        "dmean2": 569459.1875,
        "dvar": 615330283520,
        "dvar2": 965517508608,
        "max": 40635412,
        "mean": 3762813.25,
        "median": 3415616,
        "min": 1841072.25,
        "var": 2.16533644083e+12
    },
    "spectral_strongpeak": {
        "dmean": 0.614507377148,
        "dmean2": 1.09449505806,
        "dvar": 1.88522100449,
        "dvar2": 4.62290716171,
        "max": 11.389585495,
        "mean": 0.915726363659,
        "median": 0.383485853672,
        "min": 0,
        "var": 2.43512153625
    },
    "zerocrossingrate": {
        "dmean": 0.00654548546299,
        "dmean2": 0.00803737621754,
        "dvar": 0.000178449394298,
        "dvar2": 0.000205318734515,
        "max": 0.5126953125,
        "mean": 0.0472619011998,
        "median": 0.04443359375,
        "min": 0.00830078125,
        "var": 0.000492897932418
    },
    "barkbands": {
        "dmean": [0.000108428219391, 0.00619503529742, 0.00431596301496, 0.000716812501196, 0.000536182313226, 0.000519306282513, 0.000851373479236, 0.000602525658906, 0.000524350616615, 0.000290834635962, 0.000204684372875, 0.000301420834148, 0.000814964645542, 0.00032519758679, 0.000555374484975, 0.000296225131024, 0.000133286725031, 9.6449177363e-05, 7.31083491701e-05, 0.000111803688924, 8.59261926962e-05, 5.07393597218e-05, 2.13982621062e-05, 9.03200998437e-06, 4.77482080896e-06, 3.88505350202e-06, 2.95194297451e-07],
        "dmean2": [0.000160296622198, 0.010856943205, 0.00719498097897, 0.00126711069606, 0.000817584223114, 0.00075380585622, 0.00134944531601, 0.000921580125578, 0.000671026296914, 0.000407350569731, 0.000290868134471, 0.000462871830678, 0.00117168365978, 0.000458006863482, 0.000811968231574, 0.000411986984545, 0.000192866122234, 0.000139231779031, 0.000112932451884, 0.00016110073193, 0.000125177204609, 7.2862538218e-05, 3.32843046635e-05, 1.28976726046e-05, 7.0786923061e-06, 5.92398600929e-06, 4.86353883389e-07],
        "dvar": [8.48303685075e-08, 0.000227618191275, 8.44513415359e-05, 2.54722385762e-06, 1.18807452054e-06, 1.0852181731e-06, 5.08512630404e-06, 2.41551333602e-06, 1.92090828932e-06, 9.51465040089e-07, 3.74546260673e-07, 9.65523327068e-07, 4.55771396446e-06, 1.62068079135e-06, 1.5330684846e-06, 7.34707441552e-07, 7.73504424956e-08, 5.73103058343e-08, 2.20464606571e-08, 5.5501054419e-08, 2.97213027523e-08, 1.4928879466e-08, 3.43454864549e-09, 4.0421863079e-10, 1.5209543347e-10, 1.06105908781e-10, 1.09997135098e-12],
        "dvar2": [1.8332573859e-07, 0.000655612093396, 0.000221457943553, 7.61312503528e-06, 2.77020467365e-06, 2.08063966056e-06, 1.34759811772e-05, 6.19435695626e-06, 2.74563308267e-06, 1.72147815647e-06, 7.20641878615e-07, 2.07756693271e-06, 8.31015313452e-06, 2.7561677598e-06, 3.30372427015e-06, 1.16575029097e-06, 1.65804763697e-07, 1.19038638502e-07, 5.20022602757e-08, 1.1973517644e-07, 5.68638007792e-08, 2.87884560635e-08, 8.97164653679e-09, 8.12957867691e-10, 3.30506261248e-10, 2.35245795066e-10, 2.73606354587e-12],
        "max": [0.00282283918932, 0.14613905549, 0.107219696045, 0.0186844803393, 0.0139524079859, 0.022899908945, 0.0293639302254, 0.0166340377182, 0.0227935332805, 0.0223992411047, 0.0152130890638, 0.0151921063662, 0.0382214039564, 0.021702889353, 0.0208002123982, 0.0205015540123, 0.00535828992724, 0.00408335868269, 0.00241616019048, 0.00483737234026, 0.00223757512867, 0.00205491599627, 0.000890233030077, 0.000473014020827, 0.000173894542968, 0.000156589172548, 1.51734975589e-05],
        "mean": [0.000144870136864, 0.0085470918566, 0.00644447049126, 0.000867937458679, 0.00100251252297, 0.00131822226103, 0.00124572112691, 0.000947700405959, 0.00120745587628, 0.000590808165725, 0.000360659731086, 0.000474033440696, 0.00196296093054, 0.000633380550425, 0.000970483524725, 0.000580162566621, 0.000251130579272, 0.000171627776581, 0.000127362596686, 0.00020507525187, 0.000161007759743, 8.97689897101e-05, 3.21050720231e-05, 1.50887144628e-05, 6.3556076384e-06, 5.20843150298e-06, 3.04375646465e-07],
        "median": [2.17677052206e-06, 0.00073612772394, 0.000364787585568, 8.09015764389e-05, 0.000366152089555, 0.000282402150333, 0.000322716281516, 0.000182387448149, 8.40850698296e-05, 6.98746152921e-05, 3.8041449443e-05, 5.70029005758e-05, 9.77511517704e-05, 4.94978121424e-05, 0.000190081191249, 6.72156311339e-05, 7.5253599789e-05, 4.62558236904e-05, 4.1436203901e-05, 4.82637806272e-05, 3.39139987773e-05, 2.62311114057e-05, 7.43714281271e-06, 4.20404285251e-06, 1.14225804282e-06, 3.85618278642e-07, 1.59338622296e-08],
        "min": [5.76081390147e-23, 2.70855928233e-23, 2.17449729405e-23, 1.88566313113e-23, 3.74701735569e-23, 8.13558625551e-23, 2.15593413477e-23, 2.75479820652e-23, 1.23847350344e-22, 5.70859888261e-23, 4.10831375701e-23, 7.27291763073e-23, 7.32312704962e-23, 3.696930368e-23, 1.15097961515e-22, 1.56850122553e-22, 3.27494330003e-22, 2.46732290383e-22, 2.20606024996e-22, 3.94187306747e-22, 4.2682201539e-22, 4.77696601801e-22, 6.56025261101e-22, 1.00835083719e-21, 1.34318116971e-21, 1.63923640128e-21, 1.98867446877e-21],
        "var": [1.43498013472e-07, 0.000264315895038, 0.000170196901308, 2.88405931315e-06, 2.67281484412e-06, 5.3298435887e-06, 5.94650646235e-06, 3.56071836904e-06, 9.28521330934e-06, 3.89386377719e-06, 1.14839974685e-06, 1.80711049325e-06, 1.65936326084e-05, 5.20155072081e-06, 3.79736616196e-06, 2.72430452242e-06, 2.02548136485e-07, 1.20738533838e-07, 4.14688301476e-08, 1.210306948e-07, 7.98145904923e-08, 3.10043759555e-08, 4.20597556783e-09, 7.39557970419e-10, 2.15372983337e-10, 1.58450641496e-10, 1.0564413927e-12]
    },
    "erbbands": {
        "dmean": [0.155354365706, 1.53560602665, 4.62726020813, 3.67416906357, 1.3306787014, 2.03021836281, 3.21245241165, 4.94065284729, 8.85581588745, 12.6668872833, 14.1586008072, 14.8285102844, 7.55095386505, 9.62117767334, 10.2369318008, 13.1393098831, 33.8673629761, 23.3817558289, 31.7583694458, 14.2382249832, 11.3423166275, 5.13925647736, 6.58993959427, 3.15313100815, 4.25368022919, 5.35672473907, 4.55211591721, 2.95166492462, 1.50697410107, 0.545377373695, 0.649608790874, 0.323963403702, 0.134194627404, 0.0621909610927, 0.0306966900826, 0.0267083067447, 0.00415341369808, 0.000985191087238, 3.09036113322e-05, 1.28996898638e-05],
        "dmean2": [0.271227896214, 2.66307997704, 7.57919073105, 6.41418981552, 2.20378637314, 3.03016877174, 4.37194442749, 7.31133508682, 12.9578619003, 21.9025421143, 20.5033359528, 19.0624275208, 10.7305793762, 12.8910341263, 14.2544851303, 20.45744133, 49.2406387329, 32.7753562927, 46.2674560547, 20.9242649078, 15.6474132538, 7.26759386063, 9.57832241058, 4.66614151001, 6.46916341782, 7.69463443756, 6.44189977646, 4.19615840912, 2.21706056595, 0.785247921944, 1.02185678482, 0.487228393555, 0.191023349762, 0.0923941731453, 0.0451008118689, 0.0406509377062, 0.00625258125365, 0.00154843728524, 4.78131914861e-05, 1.98500601982e-05],
        "dvar": [0.152147740126, 13.4517126083, 100.810844421, 50.4610328674, 7.67706203461, 20.1262874603, 43.0776901245, 136.166046143, 384.155426025, 1821.8848877, 1033.23620605, 1496.30432129, 1085.07080078, 707.203369141, 1473.18737793, 1673.49645996, 9257.39941406, 3639.80810547, 4925.984375, 1118.91662598, 978.803710938, 100.472862244, 290.295959473, 35.408531189, 86.0502853394, 138.807235718, 88.0047073364, 37.5968704224, 10.3997182846, 1.48296964169, 3.26136302948, 0.533315122128, 0.118679881096, 0.0256240498275, 0.00640556728467, 0.00603600917384, 0.000109777094622, 9.01747353055e-06, 1.01457491297e-08, 5.59635449093e-10],
        "dvar2": [0.417251378298, 39.4747581482, 252.203475952, 145.232025146, 19.4062232971, 44.2482032776, 72.3452682495, 247.011871338, 922.256591797, 5105.57421875, 2370.45996094, 2180.01318359, 1950.95727539, 1234.53210449, 2429.62963867, 3999.4140625, 17819.0371094, 6778.42773438, 10669.2763672, 2375.14697266, 1516.10925293, 212.698501587, 593.095458984, 73.3270645142, 199.738006592, 294.925720215, 168.374542236, 70.0780715942, 20.2708530426, 2.82787203789, 8.55730056763, 1.30206906796, 0.249083071947, 0.056067802012, 0.0143355084583, 0.0134470080957, 0.000241496687522, 2.1881001885e-05, 2.52181031613e-08, 1.33623268006e-09],
        "max": [3.05280995369, 37.2364654541, 123.083587646, 67.7601699829, 29.3672847748, 58.6999397278, 146.718704224, 286.919494629, 263.487335205, 516.585205078, 401.18536377, 606.962768555, 837.125732422, 585.320739746, 873.585327148, 755.463806152, 1597.64562988, 894.364196777, 1171.00805664, 634.597229004, 820.799987793, 200.73638916, 285.072418213, 96.2217636108, 183.064559937, 257.812194824, 142.983779907, 97.9316635132, 46.6729774475, 22.2070217133, 28.0356349945, 10.3736963272, 9.87286949158, 2.2517516613, 1.07320892811, 1.29672312737, 0.125701695681, 0.0325161367655, 0.00140030216426, 0.000257664883975],
        "mean": [0.191096335649, 2.15152478218, 7.56676626205, 4.84078121185, 2.0819144249, 3.73732089996, 8.34364318848, 11.5344276428, 16.5089035034, 14.0968704224, 25.3956604004, 34.9809951782, 17.0123062134, 18.5604419708, 18.794002533, 23.339509964, 81.2845611572, 56.1034202576, 58.6971321106, 30.0649471283, 23.5341873169, 10.5349712372, 12.2088899612, 6.27418375015, 7.40074968338, 9.87840557098, 8.6715259552, 5.6831407547, 2.83838415146, 0.950253844261, 0.953650772572, 0.522284507751, 0.211861997843, 0.0885422304273, 0.0390999875963, 0.0356131717563, 0.00526741985232, 0.00110007857438, 4.51782070741e-05, 3.37500787282e-05],
        "median": [0.0132355969399, 0.233622908592, 0.78887373209, 0.475631117821, 0.667874693871, 1.20802569389, 2.17411971092, 2.01425218582, 4.97845172882, 3.94063258171, 6.74346971512, 3.82010197639, 2.83776402473, 4.44283008575, 3.03295612335, 4.65116548538, 6.52099323273, 6.55177021027, 12.7946338654, 6.36002397537, 4.59424686432, 3.56831789017, 3.55708527565, 2.07222533226, 2.4052093029, 2.30163168907, 1.66207385063, 1.3210914135, 0.979604244232, 0.31065350771, 0.208100318909, 0.130832448602, 0.0543038286269, 0.0193814542145, 0.00575383054093, 0.00212188321166, 0.00059940177016, 0.000112183217425, 1.34183683258e-05, 1.82169424079e-05],
        "min": [1.41426872016e-21, 4.50479330422e-21, 1.7543449045e-20, 5.32154465559e-20, 1.2179181157e-19, 8.8468717809e-20, 3.24694420767e-19, 6.54141666237e-19, 4.39368924778e-19, 3.16995592312e-19, 1.36715501744e-18, 3.08719024728e-18, 9.08282983277e-19, 2.19193494506e-18, 2.40401143962e-18, 3.06589220766e-18, 2.73115454764e-18, 2.33895678637e-18, 4.83784149954e-18, 7.23076458305e-18, 8.14305629037e-18, 1.87872883774e-17, 1.5935012461e-17, 1.38177212605e-17, 8.13560752895e-18, 1.70902115455e-17, 2.0677033772e-17, 1.66644666473e-17, 1.58013003694e-17, 2.05536829447e-17, 1.86290354913e-17, 1.86583970944e-17, 1.68262747556e-17, 1.20004989261e-17, 1.18639421603e-17, 6.11031742407e-18, 3.35720557387e-18, 1.21408234996e-18, 2.67740088762e-19, 2.90212505129e-20],
        "var": [0.181734472513, 15.6538114548, 230.594329834, 70.4732666016, 12.0923748016, 42.4747467041, 250.484741211, 618.170837402, 801.514953613, 1331.26367188, 2145.11376953, 7086.19677734, 4168.82324219, 2173.41699219, 3699.26806641, 2982.21044922, 29546.7734375, 14099.6757812, 11401.0927734, 3580.25268555, 3521.71655273, 292.81427002, 625.920715332, 95.1238708496, 145.786437988, 299.623413086, 228.300445557, 102.75718689, 23.3955078125, 2.90617442131, 3.95594072342, 0.829355835915, 0.183305948973, 0.0367114134133, 0.00886007398367, 0.0087417922914, 0.000156356298248, 9.71548070083e-06, 1.07731796817e-08, 1.75833947402e-09]
    },
    "gfcc": {
        "mean": [-114.164611816, 111.904151917, -141.710235596, 30.7931060791, -60.4105911255, 6.0133395195, -34.964466095, -1.53837621212, -14.4164857864, 9.33065700531, -11.3755216599, -8.5943031311, -7.90268039703],
        "cov": [[32207.5839844, 231.583587646, -1075.8873291, 1517.26940918, 2026.28015137, 1247.03735352, 1482.08520508, -312.967254639, 382.395050049, 469.199035645, -202.659240723, -113.198287964, -390.774383545], [231.583587646, 731.721069336, 131.061935425, 100.47567749, 222.733901978, -41.3614311218, 65.1369857788, -89.4500579834, -5.83746051788, -70.5171661377, 46.7778053284, -94.6556167603, 42.1895484924], [-1075.8873291, 131.061935425, 1480.93127441, 299.8331604, 477.696014404, 562.808532715, -22.7888851166, 245.351669312, -39.2441368103, 164.802276611, 41.0336151123, 118.531715393, -199.765335083], [1517.26940918, 100.47567749, 299.8331604, 377.250640869, 303.08404541, 225.979827881, 106.078117371, 33.0458946228, 18.8048439026, 55.5585975647, 9.16213703156, 15.3266630173, -24.3151092529], [2026.28015137, 222.733901978, 477.696014404, 303.08404541, 601.64855957, 427.680633545, 219.142425537, 95.7534103394, 56.355091095, 113.139472961, 3.77891302109, -5.12048816681, -114.336204529], [1247.03735352, -41.3614311218, 562.808532715, 225.979827881, 427.680633545, 537.026367188, 195.357971191, 159.987930298, 32.2798652649, 121.980819702, 15.4216575623, 40.8348617554, -127.884338379], [1482.08520508, 65.1369857788, -22.7888851166, 106.078117371, 219.142425537, 195.357971191, 289.805297852, 67.7325057983, 60.1410140991, -7.60441589355, -28.5321311951, -52.7538261414, -26.6158828735], [-312.967254639, -89.4500579834, 245.351669312, 33.0458946228, 95.7534103394, 159.987930298, 67.7325057983, 189.906082153, 49.8996810913, 37.565196991, -25.2604789734, 8.18278884888, -43.8134117126], [382.395050049, -5.83746051788, -39.2441368103, 18.8048439026, 56.355091095, 32.2798652649, 60.1410140991, 49.8996810913, 121.044692993, 22.9400215149, -24.0833339691, -37.6925811768, -22.3293533325], [469.199035645, -70.5171661377, 164.802276611, 55.5585975647, 113.139472961, 121.980819702, -7.60441589355, 37.565196991, 22.9400215149, 162.898391724, 55.8786849976, 29.8140830994, -71.9109573364], [-202.659240723, 46.7778053284, 41.0336151123, 9.16213703156, 3.77891302109, 15.4216575623, -28.5321311951, -25.2604789734, -24.0833339691, 55.8786849976, 127.18662262, 33.5001564026, 6.24195194244], [-113.198287964, -94.6556167603, 118.531715393, 15.3266630173, -5.12048816681, 40.8348617554, -52.7538261414, 8.18278884888, -37.6925811768, 29.8140830994, 33.5001564026, 135.300750732, 14.3284673691], [-390.774383545, 42.1895484924, -199.765335083, -24.3151092529, -114.336204529, -127.884338379, -26.6158828735, -43.8134117126, -22.3293533325, -71.9109573364, 6.24195194244, 14.3284673691, 166.113937378]],
        "icov": [[7.68703903304e-05, -2.28071530728e-05, 0.0001872030698, -0.000222737886361, -0.000114421651233, -8.98211146705e-05, -0.000202272451133, 0.000247534073424, -5.36908601134e-06, -0.000242534268182, 0.000251914025284, -0.000189399594092, 0.000165278164786], [-2.28071530728e-05, 0.00393474567682, -0.00157187727746, 0.000727229111362, -0.00335778272711, 0.00314014079049, -0.000952212722041, 0.00186593981925, -0.000454306893516, 0.00258249347098, -0.00300587154925, 0.00267175631598, -0.00145158264786], [0.0001872030698, -0.00157187727746, 0.00323642371222, -0.00149123708252, 5.92150572629e-05, -0.00287378625944, 0.00233591813594, -0.00230906833895, 0.00135718123056, -0.000581627653446, 0.00120951468125, -0.00170924386475, 0.00213961489499], [-0.000222737886361, 0.000727229111362, -0.00149123708252, 0.00570686440915, -0.00218763714656, 0.000592495314777, -0.000234240462305, 0.000927492976189, -0.000505000760313, 0.000539524538908, -0.000847757561132, 0.00077554868767, -0.0023785403464], [-0.000114421651233, -0.00335778272711, 5.92150572629e-05, -0.00218763714656, 0.00917645636946, -0.00491417851299, -0.00125851749908, 4.78094952996e-05, -0.00076977169374, -0.00334523082711, 0.00282864226028, -0.00120884354692, 0.00112487270962], [-8.98211146705e-05, 0.00314014079049, -0.00287378625944, 0.000592495314777, -0.00491417851299, 0.0106929652393, -0.00438419776037, -0.000718039867934, 0.000751809275243, 0.000493803701829, -0.00284264190122, 0.000300051353406, -2.4503124223e-05], [-0.000202272451133, -0.000952212722041, 0.00233591813594, -0.000234240462305, -0.00125851749908, -0.00438419776037, 0.0102552985772, -0.0037434969563, -0.000589454837609, 0.00349058862776, -0.000731932348572, 0.00186623225454, 0.000253575388342], [0.000247534073424, 0.00186593981925, -0.00230906833895, 0.000927492976189, 4.78094952996e-05, -0.000718039867934, -0.0037434969563, 0.0125570101663, -0.00436949543655, -0.00117025454529, 0.00184119807091, 0.000175368593773, -0.00151866360102], [-5.36908601134e-06, -0.000454306893516, 0.00135718123056, -0.000505000760313, -0.00076977169374, 0.000751809275243, -0.000589454837609, -0.00436949543655, 0.0126761291176, -0.0029008127749, 0.00181010214146, 0.00197545369156, 0.000672753725667], [-0.000242534268182, 0.00258249347098, -0.000581627653446, 0.000539524538908, -0.00334523082711, 0.000493803701829, 0.00349058862776, -0.00117025454529, -0.0029008127749, 0.0150433173403, -0.0081035355106, 0.00079101807205, 0.00283994269557], [0.000251914025284, -0.00300587154925, 0.00120951468125, -0.000847757561132, 0.00282864226028, -0.00284264190122, -0.000731932348572, 0.00184119807091, 0.00181010214146, -0.0081035355106, 0.0143555346876, -0.00347879296169, -0.000690711080097], [-0.000189399594092, 0.00267175631598, -0.00170924386475, 0.00077554868767, -0.00120884354692, 0.000300051353406, 0.00186623225454, 0.000175368593773, 0.00197545369156, 0.00079101807205, -0.00347879296169, 0.0127190202475, -0.00368028576486], [0.000165278164786, -0.00145158264786, 0.00213961489499, -0.0023785403464, 0.00112487270962, -2.4503124223e-05, 0.000253575388342, -0.00151866360102, 0.000672753725667, 0.00283994269557, -0.000690711080097, -0.00368028576486, 0.0110610546544]]
    },
    "melbands": {
        "dmean": [0.00156990333926, 0.00216576317325, 0.000563076115213, 0.000130612257635, 9.54767820076e-05, 0.000102269208583, 0.000153413886437, 0.000131540175062, 0.000108423279016, 9.05489505385e-05, 3.6657180317e-05, 4.01893157687e-05, 3.072545951e-05, 3.28929090756e-05, 3.99563468818e-05, 9.5300929388e-05, 4.07922307204e-05, 4.87213364977e-05, 2.87655184366e-05, 2.61160148511e-05, 1.05332283056e-05, 5.49854530618e-06, 8.3636450654e-06, 5.05587513544e-06, 2.48353558163e-06, 3.21821016769e-06, 2.96052758131e-06, 4.07534662372e-06, 3.22381333717e-06, 2.65044332082e-06, 1.76714354438e-06, 1.11183658191e-06, 4.62268303636e-07, 2.49864541502e-07, 2.98041243241e-07, 4.92437550292e-07, 1.3239403529e-07, 1.06479227213e-07, 7.2615527813e-08, 4.91110121459e-08],
        "dmean2": [0.00277796643786, 0.0036051410716, 0.000972911948338, 0.000205804404686, 0.000131011649501, 0.000151046799147, 0.000228524222621, 0.000228067772696, 0.00015306835121, 0.000115635390102, 5.27823031007e-05, 5.36695151823e-05, 4.22985831392e-05, 4.86159478896e-05, 6.12945004832e-05, 0.000134708359838, 5.75565536565e-05, 7.13568151696e-05, 4.20953110734e-05, 3.66374006262e-05, 1.45195963341e-05, 7.75378612161e-06, 1.23542495203e-05, 7.25578229321e-06, 3.77906440008e-06, 5.09146502736e-06, 4.26737415182e-06, 6.023685728e-06, 4.59604007119e-06, 3.98138809032e-06, 2.53899588643e-06, 1.64279776982e-06, 6.92587718731e-07, 3.64312057854e-07, 4.77646324271e-07, 7.7490494732e-07, 1.97946889102e-07, 1.54744355996e-07, 1.11989137963e-07, 7.42432391121e-08],
        "dvar": [1.50358973769e-05, 2.20344863919e-05, 1.15475893381e-06, 8.35315887571e-08, 3.51411770794e-08, 5.30180450653e-08, 1.27394542915e-07, 2.00199423261e-07, 5.27297423503e-08, 5.95143596627e-08, 2.78090013239e-08, 1.28791750598e-08, 9.76073621928e-09, 1.02398569624e-08, 1.50189070069e-08, 5.94637583617e-08, 1.71004010951e-08, 1.10689324373e-08, 4.28854063372e-09, 5.40522782089e-09, 6.96309288006e-10, 1.2786580128e-10, 4.13412748479e-10, 1.34488517545e-10, 2.42838318898e-11, 5.80990498766e-11, 3.03335828677e-11, 9.17310255533e-11, 4.92068191749e-11, 2.91560837973e-11, 1.6747842696e-11, 6.28840772857e-12, 1.04720268915e-12, 2.87068166547e-13, 5.05331941656e-13, 2.54949512023e-12, 8.51455678966e-14, 7.02728009789e-14, 4.95414968001e-14, 1.43400407922e-14],
        "dvar2": [4.30276195402e-05, 5.71802229388e-05, 3.27552379531e-06, 1.96483668446e-07, 6.14236128627e-08, 9.9764228878e-08, 3.21006922377e-07, 5.635369007e-07, 1.11930454239e-07, 8.5073871503e-08, 4.98607661825e-08, 2.21393374744e-08, 1.65531375274e-08, 2.00032648223e-08, 3.16118793364e-08, 1.01952238651e-07, 3.10546788285e-08, 2.38044517431e-08, 8.77078676353e-09, 8.88790196996e-09, 1.16164122765e-09, 2.65603788963e-10, 8.87230566793e-10, 2.71418387765e-10, 5.40065422938e-11, 1.46204701124e-10, 6.35527463988e-11, 2.05171990508e-10, 1.02276985492e-10, 5.82792217263e-11, 3.25655301336e-11, 1.26059197803e-11, 2.21404513646e-12, 5.64158583131e-13, 1.31031101767e-12, 6.73726048908e-12, 1.82265931948e-13, 1.44756995561e-13, 1.17621082145e-13, 3.15307438633e-14],
        "max": [0.0337329059839, 0.0491266474128, 0.0094241714105, 0.00361990462989, 0.00398439401761, 0.00550834229216, 0.00454956619069, 0.00529832253233, 0.00312990997918, 0.00416618864983, 0.00422178441659, 0.00248841033317, 0.00218801130541, 0.00177218392491, 0.00208738003857, 0.00498456461355, 0.00209342641756, 0.00162439944688, 0.00135692418553, 0.00164586212486, 0.000658564269543, 0.000232894162764, 0.000374784169253, 0.00016278088151, 9.44724815781e-05, 0.000136635266244, 8.85627014213e-05, 0.000222406408284, 0.000115821647341, 6.45433028694e-05, 7.62177951401e-05, 4.07979787269e-05, 1.79930084414e-05, 8.06034495326e-06, 1.04395776361e-05, 2.49886979873e-05, 4.50176685263e-06, 7.9645187725e-06, 4.38930464952e-06, 1.77304798399e-06],
        "mean": [0.00204336782917, 0.00363799999468, 0.000778917979915, 0.000204975236556, 0.000257120089373, 0.000242934576818, 0.000263579655439, 0.000147998012835, 0.000207288743695, 0.000210182741284, 7.85618758528e-05, 7.40279065212e-05, 5.5677821365e-05, 5.41871850146e-05, 7.2297094448e-05, 0.000226262054639, 8.85203844518e-05, 8.8024091383e-05, 5.40160726814e-05, 5.04721574544e-05, 2.08341643884e-05, 1.04458149508e-05, 1.34291340146e-05, 8.81663163455e-06, 4.46818103228e-06, 4.74707076137e-06, 5.68801624468e-06, 6.88893260303e-06, 5.74372734263e-06, 4.64417098556e-06, 3.03416959468e-06, 1.96574728761e-06, 7.60758041451e-07, 3.96440867689e-07, 4.43036014985e-07, 6.63627020003e-07, 2.11450014831e-07, 1.62586928809e-07, 9.68171036675e-08, 6.62356640646e-08],
        "median": [0.000179650494829, 0.000471313134767, 8.96941201063e-05, 5.98751394136e-05, 8.48965573823e-05, 4.49568215117e-05, 7.51423212932e-05, 4.21468139393e-05, 5.01082395203e-05, 1.52609536599e-05, 9.40811787586e-06, 1.33552875923e-05, 7.08108473191e-06, 7.18663613952e-06, 8.23525624583e-06, 1.15551774797e-05, 7.19359650247e-06, 1.65064084285e-05, 1.1553850527e-05, 6.4296095843e-06, 4.53381653642e-06, 3.53058567271e-06, 2.79385562862e-06, 2.39448741013e-06, 1.36121173e-06, 1.37580809678e-06, 1.53513769874e-06, 1.527346285e-06, 1.05780543436e-06, 8.73262763434e-07, 6.00739326728e-07, 5.91061223076e-07, 2.60138364183e-07, 9.17422369184e-08, 1.02764794008e-07, 1.00387687496e-07, 5.87092685578e-08, 3.65517607293e-08, 2.07698533927e-08, 1.19419443223e-08],
        "min": [1.25941643519e-23, 8.10612482505e-24, 1.1289460201e-23, 7.97405294344e-24, 9.96549995537e-24, 1.55171401303e-23, 6.29806825206e-24, 3.64903822802e-24, 1.63945585607e-23, 1.66308744667e-23, 4.07106342952e-24, 9.04679175629e-24, 6.73746219854e-24, 9.2924083323e-24, 8.08397439969e-24, 5.16127590585e-24, 4.00430213111e-24, 6.09668034599e-24, 1.00686656068e-23, 1.25070827854e-23, 8.24583919111e-24, 1.97559011888e-23, 1.55715841545e-23, 1.38939594213e-23, 1.15287406462e-23, 5.78749578052e-24, 6.52236743982e-24, 1.26953191969e-23, 1.4895909012e-23, 9.75153484546e-24, 9.44919917037e-24, 7.72143128259e-24, 1.11114845033e-23, 1.15818964606e-23, 9.34436113379e-24, 1.39802292499e-23, 9.61878848778e-24, 1.21680698114e-23, 9.15334083217e-24, 1.0684067043e-23],
        "var": [1.67871203303e-05, 4.49031322205e-05, 1.74770025296e-06, 1.37546848578e-07, 2.04749994737e-07, 2.42125196337e-07, 2.17442774897e-07, 1.45468561641e-07, 1.34994266432e-07, 2.85200798089e-07, 1.05330400402e-07, 3.85660250402e-08, 2.71461626511e-08, 2.19411493418e-08, 3.38994183835e-08, 2.2745159356e-07, 5.94934554954e-08, 2.57927581515e-08, 1.3540472743e-08, 2.04489722933e-08, 2.18345874714e-09, 3.40511757679e-10, 8.47138081905e-10, 2.96768443153e-10, 5.88628729092e-11, 7.56209053709e-11, 7.77854725076e-11, 1.70089373142e-10, 1.0981000137e-10, 7.49022857627e-11, 3.89012086432e-11, 1.30814239649e-11, 1.8633139736e-12, 5.46899710848e-13, 6.78738315552e-13, 2.74621840025e-12, 1.46441615344e-13, 1.11253122329e-13, 5.62711396847e-14, 2.10210809263e-14]
    },
    "mfcc": {
        "mean": [-741.417114258, 125.263381958, -15.8448266983, 24.2869110107, -3.98954224586, 8.15266799927, -8.44417476654, -11.105717659, -0.342431932688, 6.30782175064, 1.22978210449, 5.83138561249, -2.88111543655],
        "cov": [[26937.6367188, 2114.5949707, -2376.94580078, 1231.60595703, 289.65020752, 1875.06030273, 649.932556152, 462.736694336, 506.190124512, 785.334655762, -26.4563388824, 336.664916992, -220.390457153], [2114.5949707, 876.085754395, -146.15196228, 166.885467529, 137.766296387, 173.814743042, 100.14302063, 5.81923151016, 14.98158741, 46.5922851562, -11.143693924, -0.060029592365, -31.2569408417], [-2376.94580078, -146.15196228, 1030.52832031, 40.8866424561, 404.495513916, 117.574325562, 186.059616089, 141.130432129, -32.7464981079, 50.1637840271, 116.107215881, 50.6585731506, 86.3256225586], [1231.60595703, 166.885467529, 40.8866424561, 271.140655518, 159.023971558, 180.079620361, 106.727294922, 69.1057891846, 62.0103530884, 70.7393569946, 9.57433128357, 26.6147670746, -4.21172046661], [289.65020752, 137.766296387, 404.495513916, 159.023971558, 434.774139404, 287.51260376, 220.148971558, 139.403839111, 55.0971984863, 141.076324463, 105.459335327, 80.3095169067, 23.4870548248], [1875.06030273, 173.814743042, 117.574325562, 180.079620361, 287.51260376, 436.16305542, 241.861190796, 165.465194702, 68.2622146606, 164.219482422, 88.1615142822, 96.835319519, -2.86071658134], [649.932556152, 100.14302063, 186.059616089, 106.727294922, 220.148971558, 241.861190796, 293.68460083, 137.810562134, 59.1271133423, 101.176750183, 66.3144836426, 74.5685577393, 18.2399539948], [462.736694336, 5.81923151016, 141.130432129, 69.1057891846, 139.403839111, 165.465194702, 137.810562134, 216.434585571, 98.9476013184, 86.9725341797, 38.6882667542, 29.0693416595, -8.45642185211], [506.190124512, 14.98158741, -32.7464981079, 62.0103530884, 55.0971984863, 68.2622146606, 59.1271133423, 98.9476013184, 158.352050781, 96.4289855957, 17.5410079956, -6.08807992935, -41.2740974426], [785.334655762, 46.5922851562, 50.1637840271, 70.7393569946, 141.076324463, 164.219482422, 101.176750183, 86.9725341797, 96.4289855957, 189.125183105, 100.121620178, 47.4876022339, -41.4582824707], [-26.4563388824, -11.143693924, 116.107215881, 9.57433128357, 105.459335327, 88.1615142822, 66.3144836426, 38.6882667542, 17.5410079956, 100.121620178, 179.469223022, 87.461227417, -16.2840766907], [336.664916992, -0.060029592365, 50.6585731506, 26.6147670746, 80.3095169067, 96.835319519, 74.5685577393, 29.0693416595, -6.08807992935, 47.4876022339, 87.461227417, 133.46987915, 34.414478302], [-220.390457153, -31.2569408417, 86.3256225586, -4.21172046661, 23.4870548248, -2.86071658134, 18.2399539948, -8.45642185211, -41.2740974426, -41.4582824707, -16.2840766907, 34.414478302, 111.117683411]],
