{
"lowlevel": {
    "average_loudness": 0.958884894848,
    "barkbands_crest": {
        "dmean": 2.79300785065,
        "dmean2": 4.57515096664,
        "dvar": 6.19737482071,
        "dvar2": 16.6768188477,
        "max": 24.7699584961,
        "mean": 10.9606466293,
        "median": 9.94527816772,
        "min": 3.60924386978,
        "var": 19.1177253723
    },
    "barkbands_flatness_db": {
        "dmean": 0.0249458122998,
        "dmean2": 0.0369462706149,
        "dvar": 0.000531544792466,
        "dvar2": 0.0010978555074,
        "max": 0.383610934019,
        "mean": 0.152997434139,
        "median": 0.143968552351,
        "min": 0.045829847455,
        "var": 0.00238918187097
    },
    "barkbands_kurtosis": {
        "dmean": 4.09085702896,
        "dmean2": 6.46518850327,
        "dvar": 59.0727005005,
        "dvar2": 145.227142334,
        "max": 136.822479248,
        "mean": 6.52130174637,
        "median": 2.38603711128,
        "min": -1.8591170311,
        "var": 132.867889404
    },
    "barkbands_skewness": {
        "dmean": 0.632512748241,
        "dmean2": 0.960280776024,
        "dvar": 0.45396643877,
        "dvar2": 1.04269003868,
        "max": 10.4984550476,
        "mean": 1.75855088234,
        "median": 1.45857048035,
        "min": -2.60612750053,
        "var": 2.26677894592
    },
    "barkbands_spread": {
        "dmean": 5.64153909683,
        "dmean2": 8.32522964478,
        "dvar": 54.5083389282,
        "dvar2": 125.29486084,
        "max": 102.988998413,
        "mean": 18.8687229156,
        "median": 16.9005489349,
        "min": 0.953857421875,
        "var": 141.100097656
    },
    "dissonance": {
        "dmean": 0.0258569698781,
        "dmean2": 0.0419573448598,
        "dvar": 0.000678806914948,
        "dvar2": 0.00167390052229,
        "max": 0.499686360359,
        "mean": 0.441364884377,
        "median": 0.448760867119,
        "min": 0.0954146459699,
        "var": 0.00145991018508
    },
    "dynamic_complexity": 2.75195932388,
    "erbbands_crest": {
        "dmean": 2.81403160095,
        "dmean2": 4.50122451782,
        "dvar": 6.66715431213,
        "dvar2": 16.9226665497,
        "max": 26.9159469604,
        "mean": 10.1158847809,
        "median": 9.36921310425,
        "min": 2.59858584404,
        "var": 19.0565109253
    },
    "erbbands_flatness_db": {
        "dmean": 0.0215485356748,
        "dmean2": 0.0295382738113,
        "dvar": 0.000461402960354,
        "dvar2": 0.00082102016313,
        "max": 0.328923255205,
        "mean": 0.161742255092,
        "median": 0.159285709262,
        "min": 0.0446506850421,
        "var": 0.00254482985474
    },
    "erbbands_kurtosis": {
        "dmean": 1.05196511745,
        "dmean2": 1.64148938656,
        "dvar": 2.93016886711,
        "dvar2": 6.32055711746,
        "max": 30.573184967,
        "mean": 0.844211518764,
        "median": 0.121583461761,
        "min": -1.73911595345,
        "var": 6.36056995392
    },
    "erbbands_skewness": {
        "dmean": 0.40341386199,
        "dmean2": 0.607311606407,
        "dvar": 0.168243214488,
        "dvar2": 0.356090158224,
        "max": 3.89960980415,
        "mean": 0.535994529724,
        "median": 0.527758538723,
        "min": -3.54654669762,
        "var": 0.608350753784
    },
    "erbbands_spread": {
        "dmean": 9.47641944885,
        "dmean2": 13.7690896988,
        "dvar": 126.655021667,
        "dvar2": 239.252151489,
        "max": 146.511688232,
        "mean": 40.3159103394,
        "median": 34.1746177673,
        "min": 3.37824988365,
        "var": 609.680236816
    },
    "hfc": {
        "dmean": 5.8241314888,
        "dmean2": 7.53530693054,
        "dvar": 48.5674591064,
        "dvar2": 83.8394851685,
        "max": 93.0238571167,
        "mean": 19.1678962708,
        "median": 14.3838329315,
        "min": 1.23720014556e-16,
        "var": 272.573120117
    },
    "melbands_crest": {
        "dmean": 3.39673042297,
        "dmean2": 5.57942199707,
        "dvar": 9.14465713501,
        "dvar2": 24.1727027893,
        "max": 29.3301525116,
        "mean": 13.9481754303,
        "median": 13.3168745041,
        "min": 2.0647790432,
        "var": 21.5853977203
    },
    "melbands_flatness_db": {
        "dmean": 0.0281009990722,
        "dmean2": 0.0412888415158,
        "dvar": 0.000681017350871,
        "dvar2": 0.00142282654997,
        "max": 0.48963701725,
        "mean": 0.213434025645,
        "median": 0.204653859138,
        "min": 0.00626558670774,
        "var": 0.0037956526503
    },
    "melbands_kurtosis": {
        "dmean": 10.232670784,
        "dmean2": 16.2274093628,
        "dvar": 405.940155029,
        "dvar2": 1022.49688721,
        "max": 396.004241943,
        "mean": 19.7767963409,
        "median": 7.36188983917,
        "min": -1.78167831898,
        "var": 1183.68579102
    },
    "melbands_skewness": {
        "dmean": 0.844491481781,
        "dmean2": 1.28580796719,
        "dvar": 0.903548002243,
        "dvar2": 2.00090575218,
        "max": 16.6948184967,
        "mean": 2.82551026344,
        "median": 2.31846189499,
        "min": -0.78127515316,
        "var": 5.02277517319
    },
    "melbands_spread": {
        "dmean": 6.5806722641,
        "dmean2": 9.82430648804,
        "dvar": 135.400466919,
        "dvar2": 260.270599365,
        "max": 246.780532837,
        "mean": 20.9727401733,
        "median": 17.0212669373,
        "min": 0.796529471874,
        "var": 361.708587646
    },
    "pitch_salience": {
        "dmean": 0.0762815102935,
        "dmean2": 0.123087540269,
        "dvar": 0.00424503674731,
        "dvar2": 0.0106569686905,
        "max": 0.864251255989,
        "mean": 0.529397189617,
        "median": 0.531356930733,
        "min": 0.122451402247,
        "var": 0.0129903964698
    },
    "silence_rate_20dB": {
        "dmean": 0,
        "dmean2": 0,
        "dvar": 0,
        "dvar2": 0,
        "max": 1,
        "mean": 1,
        "median": 1,
        "min": 1,
        "var": 0
    },
    "silence_rate_30dB": {
        "dmean": 0.00206291908398,
        "dmean2": 0.00412796717137,
        "dvar": 0.00205869833007,
        "dvar2": 0.00514304172248,
        "max": 1,
        "mean": 0.998453617096,
        "median": 1,
        "min": 0,
        "var": 0.00154399359599
    },
    "silence_rate_60dB": {
        "dmean": 0.0293965954334,
        "dmean2": 0.0588235296309,
        "dvar": 0.0285330638289,
        "dvar2": 0.0646524727345,
        "max": 1,
        "mean": 0.0402061864734,
        "median": 0,
        "min": 0,
        "var": 0.0385903716087
    },
    "spectral_centroid": {
        "dmean": 265.945404053,
        "dmean2": 383.130249023,
        "dvar": 144042.453125,
        "dvar2": 230711.6875,
        "max": 11457.5947266,
        "mean": 1216.61279297,
        "median": 1055.76904297,
        "min": 233.577026367,
        "var": 526218.3125
    },
    "spectral_complexity": {
        "dmean": 3.24548745155,
        "dmean2": 4.37616109848,
        "dvar": 13.2671880722,
        "dvar2": 22.9240436554,
        "max": 47,
        "mean": 14.3329896927,
        "median": 14,
        "min": 0,
        "var": 56.3682556152
    },
    "spectral_decrease": {
        "dmean": 2.38009256748e-09,
        "dmean2": 3.5365679274e-09,
        "dvar": 9.32162819022e-18,
        "dvar2": 2.12047568048e-17,
        "max": 3.43880840194e-29,
        "mean": -6.59873400366e-09,
        "median": -5.76992409407e-09,
        "min": -4.24130419674e-08,
        "var": 2.43086527918e-17
    },
    "spectral_energy": {
        "dmean": 0.00940240826458,
        "dmean2": 0.01386306528,
        "dvar": 0.000142591292388,
        "dvar2": 0.000319605489494,
        "max": 0.165873855352,
        "mean": 0.0266436804086,
        "median": 0.0232441388071,
        "min": 1.10919774498e-20,
        "var": 0.000388243584894
    },
    "spectral_energyband_high": {
        "dmean": 0.000340419530403,
        "dmean2": 0.000455181958387,
        "dvar": 2.90194861918e-07,
        "dvar2": 6.08116238254e-07,
        "max": 0.00922252144665,
        "mean": 0.000721514807083,
        "median": 0.000347634719219,
        "min": 8.05727392561e-21,
        "var": 8.85762005964e-07
    },
    "spectral_energyband_low": {
        "dmean": 0.00414068438113,
        "dmean2": 0.00648722797632,
        "dvar": 4.7162957344e-05,
        "dvar2": 0.000121357821627,
        "max": 0.0758175104856,
        "mean": 0.00775188347325,
        "median": 0.00350960413925,
        "min": 1.25083198771e-22,
        "var": 9.81356715783e-05
    },
    "spectral_energyband_middle_high": {
        "dmean": 0.00217933836393,
        "dmean2": 0.00276089319959,
        "dvar": 9.19905505725e-06,
        "dvar2": 1.5441000869e-05,
        "max": 0.0431508533657,
        "mean": 0.00673679634929,
        "median": 0.00318738911301,
        "min": 1.49944934011e-21,
        "var": 6.51952941553e-05
    },
    "spectral_energyband_middle_low": {
        "dmean": 0.00586502300575,
        "dmean2": 0.0092319669202,
        "dvar": 7.93639483163e-05,
        "dvar2": 0.000195208689547,
        "max": 0.149527221918,
        "mean": 0.0121677648276,
        "median": 0.00898770522326,
        "min": 3.64961335495e-22,
        "var": 0.000133442299557
    },
    "spectral_entropy": {
        "dmean": 0.220190525055,
        "dmean2": 0.309704810381,
        "dvar": 0.0496260747313,
        "dvar2": 0.09182099998,
        "max": 9.8014087677,
        "mean": 7.31044435501,
        "median": 7.32029628754,
        "min": 5.5556473732,
        "var": 0.203258633614
    },
    "spectral_flux": {
        "dmean": 0.0268951021135,
        "dmean2": 0.0422375649214,
        "dvar": 0.000753178435843,
        "dvar2": 0.00162493961398,
        "max": 0.290049761534,
        "mean": 0.0826392322779,
        "median": 0.0745577067137,
        "min": 1.05318455346e-10,
        "var": 0.00184085359797
    },
    "spectral_kurtosis": {
        "dmean": 1.65227508545,
        "dmean2": 2.67380619049,
        "dvar": 3.71117472649,
        "dvar2": 8.91904735565,
        "max": 34.5595588684,
        "mean": 4.38487625122,
        "median": 3.69309663773,
        "min": -1.25402224064,
        "var": 9.44814586639
    },
    "spectral_rms": {
        "dmean": 0.000893018499482,
        "dmean2": 0.00127308722585,
        "dvar": 9.02903025235e-07,
        "dvar2": 1.76644425665e-06,
        "max": 0.01272116974,
        "mean": 0.00474025774747,
        "median": 0.00476205907762,
        "min": 3.28959602613e-12,
        "var": 3.52380857294e-06
    },
    "spectral_rolloff": {
        "dmean": 446.690612793,
        "dmean2": 720.319580078,
        "dvar": 965429.5,
        "dvar2": 1853170.5,
        "max": 18712.3535156,
        "mean": 1271.28210449,
        "median": 904.39453125,
        "min": 86.1328125,
        "var": 1816491
    },
    "spectral_skewness": {
        "dmean": 0.239437445998,
        "dmean2": 0.356832534075,
        "dvar": 0.0562374144793,
        "dvar2": 0.118536315858,
        "max": 4.69178390503,
        "mean": 1.55960047245,
        "median": 1.4954637289,
        "min": -0.151264131069,
        "var": 0.256497561932
    },
    "spectral_spread": {
        "dmean": 666387.3125,
        "dmean2": 895054.3125,
        "dvar": 1.01712743629e+12,
        "dvar2": 1.32255881626e+12,
        "max": 40841000,
        "mean": 4809386,
        "median": 4403305,
        "min": 1659762.5,
        "var": 3.66136577229e+12
    },
    "spectral_strongpeak": {
        "dmean": 0.604831457138,
        "dmean2": 1.00725829601,
        "dvar": 0.821642756462,
        "dvar2": 2.07987713814,
        "max": 8.80413913727,
        "mean": 1.18317472935,
        "median": 0.529218673706,
        "min": 0,
        "var": 1.94786858559
    },
    "zerocrossingrate": {
        "dmean": 0.0108912652358,
        "dmean2": 0.0125859659165,
        "dvar": 0.000327966292389,
        "dvar2": 0.000362836930435,
        "max": 0.482421875,
        "mean": 0.0536731854081,
        "median": 0.048828125,
        "min": 0.0029296875,
        "var": 0.00109987170435
    },
    "barkbands": {
        "dmean": [6.31149669061e-05, 0.00272899237461, 0.0016219811514, 0.000994451227598, 0.00388326798566, 0.000622194842435, 0.00090928399004, 0.000524014816619, 0.000978838186711, 0.001023227931, 0.000474848086014, 0.000331816496328, 0.000268177391263, 0.000315839628456, 0.000437882670667, 0.000184944728971, 0.00012568072998, 0.00012470006186, 0.000168263490195, 0.000198898342205, 9.32138427743e-05, 4.93355692015e-05, 4.7649100452e-05, 4.14797468693e-05, 2.96191465168e-05, 1.80867136805e-05, 3.20770982398e-06],
        "dmean2": [8.40581051307e-05, 0.00436514569446, 0.00264346296899, 0.00165114796255, 0.00634425925091, 0.000979202566668, 0.00138048746157, 0.000814921106212, 0.0014084528666, 0.00143214769196, 0.000662758830003, 0.000478556496091, 0.000387831736589, 0.000455473928014, 0.000654783914797, 0.00026214303216, 0.000179180700798, 0.000185664350283, 0.000239957589656, 0.000277247658232, 0.000136333197588, 6.99423617334e-05, 7.07339277142e-05, 5.88789698668e-05, 4.2053485231e-05, 2.66934184765e-05, 5.4596866903e-06],
        "dvar": [2.88831749629e-08, 3.03866454487e-05, 9.97969345917e-06, 3.16022055813e-06, 5.29159988218e-05, 1.1152907291e-06, 3.25475275531e-06, 2.5103547614e-06, 3.91704725189e-06, 4.2595074774e-06, 1.31559829697e-06, 7.72220516865e-07, 4.00339530415e-07, 9.06315960947e-07, 1.35757784392e-06, 2.40078179559e-07, 8.76358114965e-08, 6.02699330443e-08, 1.4060465503e-07, 1.46047653971e-07, 4.07181488526e-08, 1.06643822662e-08, 1.27786856652e-08, 6.65278943046e-09, 4.69200855946e-09, 1.56461454903e-09, 1.19330281767e-10],
        "dvar2": [5.071245468e-08, 8.55220714584e-05, 2.43241465796e-05, 8.23276332085e-06, 0.000133243287564, 2.64029813479e-06, 6.75593037158e-06, 6.17417617832e-06, 8.05533818493e-06, 8.76510148373e-06, 2.29900524573e-06, 1.50393350395e-06, 7.50500305458e-07, 1.71971703367e-06, 2.77287654171e-06, 4.7495083777e-07, 1.50005703858e-07, 1.35220815878e-07, 2.72342902008e-07, 3.09082992089e-07, 8.85168915943e-08, 2.53322944843e-08, 3.18489412621e-08, 1.43955256604e-08, 1.03287218778e-08, 3.36858652084e-09, 3.02634223237e-10],
        "max": [0.00192726252135, 0.0622538775206, 0.0606935024261, 0.023225158453, 0.141219258308, 0.0217040963471, 0.030819742009, 0.0246690604836, 0.032547518611, 0.0325023531914, 0.0252534337342, 0.0234162714332, 0.0148246688768, 0.0169374197721, 0.0188721977174, 0.0102871963754, 0.00693025812507, 0.00423759547994, 0.00699219014496, 0.00650019524619, 0.00489180861041, 0.0022241268307, 0.00230632955208, 0.00147648854181, 0.00161187793128, 0.000412159803091, 0.000151275744429],
        "mean": [8.88410795596e-05, 0.00499196210876, 0.00209615658969, 0.00119794462807, 0.00529643101618, 0.00116194481961, 0.00143866578583, 0.000888979120646, 0.00192647415679, 0.00219477363862, 0.000877904880326, 0.000703921774402, 0.000469719409011, 0.000555540726054, 0.000798533146735, 0.000292668992188, 0.000227332682698, 0.000214615560253, 0.00033694691956, 0.000436499336502, 0.000160113020684, 7.86111559137e-05, 7.27043370716e-05, 6.62687743898e-05, 4.51302985311e-05, 2.23003080464e-05, 2.73113437288e-06],
        "median": [6.04876231591e-06, 0.00113549013622, 0.00079530745279, 0.000505270261783, 0.00284151593223, 0.000621357001364, 0.000536553445272, 0.000146725622471, 0.000371425354388, 0.000339667371009, 0.000138932664413, 0.000148524282849, 0.00010974345787, 6.84872793499e-05, 0.000134513422381, 7.01483950252e-05, 7.94467778178e-05, 8.91321833478e-05, 8.22178262752e-05, 0.000120255550428, 5.46927913092e-05, 3.78533877665e-05, 3.6251207348e-05, 2.93398425129e-05, 1.75158311322e-05, 4.53977281722e-06, 1.36899330982e-07],
        "min": [1.28935804527e-23, 6.87418441519e-23, 4.00822750298e-23, 1.26508984393e-23, 6.58378515223e-23, 7.47213719482e-23, 6.71706793533e-23, 9.42778585665e-23, 4.16604638459e-23, 6.36892910282e-23, 9.43101639982e-23, 2.5659398571e-23, 5.39391406336e-23, 9.91371029031e-23, 6.97771767584e-23, 2.58604104271e-22, 1.58130197677e-22, 1.54713761004e-22, 2.48135074399e-22, 5.63110623599e-22, 4.1784371806e-22, 5.17415155155e-22, 4.31589512048e-22, 9.59745898263e-22, 1.33154187415e-21, 1.88675636612e-21, 2.52194565239e-21],
        "var": [5.5498187379e-08, 5.96373829467e-05, 1.69559480128e-05, 4.16719512941e-06, 6.96012430126e-05, 2.70244072453e-06, 7.13395638741e-06, 5.25814903085e-06, 1.22563824334e-05, 1.64233515534e-05, 4.54107021142e-06, 3.14646649713e-06, 1.18450225273e-06, 2.09038171306e-06, 3.96152199755e-06, 4.9214139608e-07, 2.76152036349e-07, 1.25421692587e-07, 4.44575732672e-07, 5.75425474381e-07, 8.63223590386e-08, 1.49717536146e-08, 1.47734011691e-08, 1.12249569639e-08, 6.63734311956e-09, 2.20168883125e-09, 1.03051712996e-10]
    },
    "erbbands": {
        "dmean": [0.072631932795, 0.65482622385, 1.75503838062, 2.53300023079, 9.51657009125, 14.4506244659, 5.29199409485, 5.45507621765, 13.8538770676, 7.53709030151, 15.8073616028, 24.517074585, 17.6025505066, 34.1142311096, 16.769657135, 12.7912979126, 11.2811384201, 10.8821105957, 25.5687732697, 10.8728647232, 9.50098419189, 5.87883615494, 5.50679254532, 7.3382935524, 8.65095901489, 9.1908788681, 5.97696065903, 2.17983555794, 1.7022292614, 1.74849295616, 1.31722831726, 0.952449262142, 0.644937813282, 0.374396979809, 0.200314253569, 0.0940698608756, 0.0273125339299, 0.00857925601304, 0.000304378394503, 1.51351705426e-05],
        "dmean2": [0.111386917531, 1.08312952518, 2.88028407097, 4.0529999733, 15.7878837585, 23.6817111969, 8.42014122009, 8.55802249908, 20.8977241516, 11.4829263687, 23.8861312866, 35.5188751221, 24.2397956848, 47.1140937805, 23.074836731, 18.5023097992, 16.3908061981, 14.8180923462, 37.2359886169, 15.4391450882, 13.4062538147, 8.1819524765, 7.96896886826, 10.7713270187, 11.7936353683, 12.7513818741, 8.50529289246, 3.1623442173, 2.43663191795, 2.54815840721, 1.96590304375, 1.34980773926, 0.946914970875, 0.537040293217, 0.290227234364, 0.138237178326, 0.0416634753346, 0.0136217148975, 0.000500309630297, 2.21059290197e-05],
        "dvar": [0.0308654289693, 1.61366736889, 10.201666832, 20.5586566925, 285.334869385, 855.495788574, 81.1999664307, 102.461105347, 754.916137695, 311.051391602, 1716.93713379, 2830.05639648, 1411.30456543, 5239.39111328, 1171.09313965, 1455.28515625, 659.035217285, 509.500915527, 4202.61767578, 657.672973633, 659.224304199, 172.623718262, 102.286880493, 202.887634277, 401.152770996, 297.990966797, 238.221923828, 15.0900650024, 14.1280965805, 12.2026929855, 9.15455913544, 3.29114532471, 1.89598357677, 0.844105839729, 0.202989518642, 0.0432535484433, 0.00359827978536, 0.000563321344089, 9.70409359979e-07, 4.98877328337e-10],
        "dvar2": [0.0756563097239, 4.73209953308, 26.3710460663, 49.0906562805, 711.530395508, 2167.24438477, 210.644134521, 244.477050781, 1541.70471191, 707.379089355, 3998.84643555, 5997.11474609, 2476.73901367, 10894.5996094, 2150.54858398, 3209.43579102, 1275.57849121, 905.865783691, 8883.05664062, 1333.84899902, 1374.81054688, 327.903198242, 222.918395996, 423.577514648, 732.440124512, 635.329589844, 522.588806152, 33.9265289307, 34.111530304, 29.3954086304, 22.4409008026, 6.80092382431, 4.55712985992, 1.95922780037, 0.437804490328, 0.0925802886486, 0.00812024250627, 0.00131532573141, 2.38196503233e-06, 1.06993913729e-09],
        "max": [2.11939382553, 12.643368721, 48.6733779907, 84.9636230469, 225.393707275, 678.194519043, 130.450637817, 201.516845703, 481.543243408, 307.214538574, 643.305480957, 1042.42431641, 662.285095215, 1442.90014648, 750.310180664, 1164.36315918, 551.017028809, 451.520202637, 1173.18212891, 628.566772461, 652.956970215, 294.57723999, 251.055740356, 222.149383545, 412.793792725, 324.603118896, 447.03817749, 58.5993003845, 80.9829101562, 72.3226394653, 45.526424408, 31.8643455505, 20.0421180725, 20.886346817, 10.3064250946, 2.99453377724, 0.664168298244, 0.293844968081, 0.0128673715517, 0.000278809602605],
        "mean": [0.118341468275, 1.19856703281, 2.55064201355, 3.47804522514, 12.1667814255, 19.0143184662, 10.0611743927, 9.71954154968, 22.7148075104, 11.7625379562, 30.5079555511, 49.198299408, 36.768951416, 75.6508712769, 35.1224479675, 28.731098175, 21.5646457672, 23.1622428894, 53.9057159424, 20.3148899078, 17.1546592712, 11.5433969498, 10.5536632538, 14.304942131, 18.6276016235, 21.2212982178, 12.6642618179, 3.67766714096, 2.65750551224, 2.77842855453, 2.03350234032, 1.51434803009, 0.984565794468, 0.577123343945, 0.284902065992, 0.120061010122, 0.0320760756731, 0.00864733941853, 0.000290791358566, 3.80786477763e-05],
        "median": [0.0191705115139, 0.318112492561, 1.27760517597, 1.49771165848, 5.82004070282, 9.52793693542, 5.66712808609, 4.85405111313, 9.00851249695, 5.12683963776, 8.15493965149, 10.9527244568, 9.49744606018, 13.6152133942, 9.48212814331, 7.40858650208, 6.37819290161, 4.97292232513, 9.65034866333, 5.67878913879, 4.66909980774, 4.50708293915, 5.06865215302, 4.3161907196, 4.68786525726, 5.986328125, 3.41732478142, 1.67640984058, 1.20795726776, 1.44552302361, 0.982425332069, 0.688029408455, 0.43655192852, 0.232327491045, 0.095962382853, 0.028220333159, 0.0060827867128, 0.000941348029301, 3.93614682253e-05, 3.08889721055e-05],
        "min": [2.27637176323e-21, 1.46976908595e-20, 3.50678697048e-20, 6.09147499935e-20, 1.46637887328e-19, 2.31914844733e-19, 3.43480933249e-19, 5.80400168989e-19, 1.12919821287e-18, 1.20145502431e-18, 1.61986003874e-18, 9.2384731708e-19, 1.95938448958e-18, 2.4636416492e-18, 2.66464571087e-18, 1.32048279894e-18, 2.95263236345e-18, 3.77088190693e-18, 4.91579210534e-18, 1.20679430973e-17, 8.36485484546e-18, 8.81939390078e-18, 7.82171647472e-18, 1.34031995488e-17, 1.949857106e-17, 2.19984233677e-17, 1.74021744417e-17, 1.87442766399e-17, 1.73642763347e-17, 1.35226783437e-17, 1.38043308607e-17, 1.66639058188e-17, 1.57813785515e-17, 1.08686370882e-17, 1.14981943263e-17, 6.44005105498e-18, 3.46829758449e-18, 1.67117822055e-18, 3.38163299284e-19, 3.37766989297e-20],
        "var": [0.0499306879938, 3.27586150169, 15.9309301376, 30.6804027557, 395.518463135, 1013.45385742, 177.430465698, 230.054138184, 1827.47839355, 466.139801025, 4276.72509766, 8368.1171875, 4560.78662109, 21020.4042969, 4887.484375, 4361.24853516, 2009.47741699, 2155.12744141, 17927.3574219, 1515.18212891, 1600.0592041, 511.72479248, 219.259460449, 610.193786621, 1383.1081543, 1465.75146484, 588.161621094, 28.9845676422, 18.9890422821, 16.6642627716, 11.0498361588, 5.76933336258, 2.67688560486, 1.10521650314, 0.288443535566, 0.0613313764334, 0.00462203705683, 0.000602696032729, 8.95200116702e-07, 1.00939401282e-09]
    },
    "gfcc": {
        "mean": [-7.97944402695, 95.6053848267, -111.759712219, 33.5160675049, -63.1183547974, 14.2633800507, -36.4634170532, 7.61009263992, -30.7383022308, -1.31436514854, -16.5889663696, -5.35397863388, -7.15591430664],
        "cov": [[4881.42871094, -423.07321167, -680.880004883, -103.095726013, -1.49552738667, 151.390350342, 78.3632278442, 165.767944336, -115.774490356, 52.7814216614, -162.491073608, -26.2699489594, -79.752746582], [-423.07321167, 1006.7520752, -238.807022095, -145.844970703, 73.915222168, -23.7026424408, 137.455566406, -28.1395301819, 103.976211548, -84.555267334, 142.976257324, -109.075073242, 96.9914321899], [-680.880004883, -238.807022095, 1261.74047852, 283.174530029, 106.741531372, 139.721420288, -100.989440918, -24.468667984, 44.3517036438, 89.7981491089, -57.2119979858, 279.333404541, -108.251068115], [-103.095726013, -145.844970703, 283.174530029, 487.084472656, 105.021354675, -24.7290287018, -49.2625350952, 20.6460533142, 22.987569809, 39.3040428162, 23.6130142212, 64.8814620972, 54.0806617737], [-1.49552738667, 73.915222168, 106.741531372, 105.021354675, 238.736465454, 49.4241828918, 50.5557899475, 38.7131843567, 47.113658905, 44.8270797729, -2.64492344856, 23.9277381897, 28.2747974396], [151.390350342, -23.7026424408, 139.721420288, -24.7290287018, 49.4241828918, 249.858734131, 92.0865783691, 21.4958763123, 27.6041183472, 38.9401245117, -0.737224459648, 15.8091516495, -31.8569869995], [78.3632278442, 137.455566406, -100.989440918, -49.2625350952, 50.5557899475, 92.0865783691, 214.415374756, 55.4741134644, 2.25071716309, -0.998576998711, 44.8680763245, -32.4858131409, 20.8635845184], [165.767944336, -28.1395301819, -24.468667984, 20.6460533142, 38.7131843567, 21.4958763123, 55.4741134644, 132.273971558, 48.0620193481, 20.6108074188, 4.34172821045, 8.00661373138, 25.487411499], [-115.774490356, 103.976211548, 44.3517036438, 22.987569809, 47.113658905, 27.6041183472, 2.25071716309, 48.0620193481, 137.411148071, 52.9165229797, 20.6782512665, 1.06330680847, 10.8805770874], [52.7814216614, -84.555267334, 89.7981491089, 39.3040428162, 44.8270797729, 38.9401245117, -0.998576998711, 20.6108074188, 52.9165229797, 129.268249512, 22.3724136353, 8.6208782196, -12.7483177185], [-162.491073608, 142.976257324, -57.2119979858, 23.6130142212, -2.64492344856, -0.737224459648, 44.8680763245, 4.34172821045, 20.6782512665, 22.3724136353, 127.292022705, -5.46650648117, 37.379699707], [-26.2699489594, -109.075073242, 279.333404541, 64.8814620972, 23.9277381897, 15.8091516495, -32.4858131409, 8.00661373138, 1.06330680847, 8.6208782196, -5.46650648117, 150.050003052, -11.911901474], [-79.752746582, 96.9914321899, -108.251068115, 54.0806617737, 28.2747974396, -31.8569869995, 20.8635845184, 25.487411499, 10.8805770874, -12.7483177185, 37.379699707, -11.911901474, 123.917106628]],
        "icov": [[0.000326484267134, -0.00015491610975, 0.00046566085075, -0.000222817077884, 9.0796231234e-05, -0.000401549914386, 0.000153064349433, -0.000541765184607, 0.000617708428763, -0.00059538037749, 0.000658386328723, -0.000648898363579, 0.000420653930632], [-0.00015491610975, 0.00272392015904, -0.00075122283306, 0.00124275265262, -0.00142363423947, 0.000969901680946, -0.00123858451843, 0.00212301197462, -0.00338024110533, 0.00348661490716, -0.00307635264471, 0.00216641952284, -0.00129257666413], [0.00046566085075, -0.00075122283306, 0.00276596704498, -0.00142589060124, 0.000266221963102, -0.00155205465853, 0.000654810573906, -0.000352872884832, 0.000958339951467, -0.00199589715339, 0.0021204862278, -0.00436520483345, 0.00208010198548], [-0.000222817077884, 0.00124275265262, -0.00142589060124, 0.00372286699712, -0.00175820442382, 0.00108027318493, 0.000328574387822, 0.000484556221636, -0.00112122902647, 0.00152356445324, -0.00251492043026, 0.00176878052298, -0.00227874191478], [9.0796231234e-05, -0.00142363423947, 0.000266221963102, -0.00175820442382, 0.00672175874934, -0.000759148504585, -0.00138116569724, -0.000834719918203, 0.000342687446391, -0.00329684349708, 0.00347682880238, -0.00174564507324, -0.000737904687412], [-0.000401549914386, 0.000969901680946, -0.00155205465853, 0.00108027318493, -0.000759148504585, 0.0067638522014, -0.00366976368241, 0.00165550259408, -0.00245969439857, 0.000540410866961, -0.000877252954524, 0.00153922929894, 2.8722181014e-05], [0.000153064349433, -0.00123858451843, 0.000654810573906, 0.000328574387822, -0.00138116569724, -0.00366976368241, 0.00935286097229, -0.00476497551426, 0.00386981992051, -0.000211103048059, -0.00210769753903, 0.00060746417148, 0.000606333895121], [-0.000541765184607, 0.00212301197462, -0.000352872884832, 0.000484556221636, -0.000834719918203, 0.00165550259408, -0.00476497551426, 0.0133969308808, -0.00718121230602, 0.00207305280492, -0.000463877455331, -0.000207590186619, -0.0029034933541], [0.000617708428763, -0.00338024110533, 0.000958339951467, -0.00112122902647, 0.000342687446391, -0.00245969439857, 0.00386981992051, -0.00718121230602, 0.0154768535867, -0.00748259620741, 0.0023938913364, -0.00169857160654, 0.00147063692566], [-0.00059538037749, 0.00348661490716, -0.00199589715339, 0.00152356445324, -0.00329684349708, 0.000540410866961, -0.000211103048059, 0.00207305280492, -0.00748259620741, 0.0158286187798, -0.00725482869893, 0.00467109913006, -9.74772920017e-05], [0.000658386328723, -0.00307635264471, 0.0021204862278, -0.00251492043026, 0.00347682880238, -0.000877252954524, -0.00210769753903, -0.000463877455331, 0.0023938913364, -0.00725482869893, 0.0153170190752, -0.0049836859107, -0.00084297650028], [-0.000648898363579, 0.00216641952284, -0.00436520483345, 0.00176878052298, -0.00174564507324, 0.00153922929894, 0.00060746417148, -0.000207590186619, -0.00169857160654, 0.00467109913006, -0.0049836859107, 0.0151192545891, -0.00237773940898], [0.000420653930632, -0.00129257666413, 0.00208010198548, -0.00227874191478, -0.000737904687412, 2.8722181014e-05, 0.000606333895121, -0.0029034933541, 0.00147063692566, -9.74772920017e-05, -0.00084297650028, -0.00237773940898, 0.0127214109525]]
    },
    "melbands": {
        "dmean": [0.000715534260962, 0.000875199446455, 0.000533652724698, 0.0010309163481, 0.000225324154599, 0.000123759411508, 0.000205144635402, 7.98234395916e-05, 0.000151528380229, 0.000144000485307, 9.47061780607e-05, 0.000148377162986, 5.79553452553e-05, 4.3872576498e-05, 2.97874030366e-05, 2.33059236052e-05, 2.09591598832e-05, 4.44250508735e-05, 2.42809164774e-05, 1.26281011035e-05, 1.12716425065e-05, 6.90674687576e-06, 5.59771797271e-06, 6.02320415055e-06, 6.3268280428e-06, 8.00955058367e-06, 5.3746298363e-06, 6.88124237058e-06, 5.13344957653e-06, 2.03081117434e-06, 1.11087467758e-06, 9.822310858e-07, 1.03027923615e-06, 1.00684189874e-06, 8.03063073818e-07, 6.77964180795e-07, 5.92706328462e-07, 4.8870936098e-07, 4.06862881164e-07, 3.0382872751e-07],
        "dmean2": [0.00112410157453, 0.00143881340045, 0.000859174586367, 0.00168541527819, 0.000367490632925, 0.000194019914488, 0.000309291790472, 0.000121861346997, 0.000224583287491, 0.000208451529033, 0.000130180589622, 0.000205803284189, 7.96708482085e-05, 6.06003995927e-05, 4.22748562414e-05, 3.44996733475e-05, 2.91376563837e-05, 6.44371684757e-05, 3.40375299857e-05, 1.81553696166e-05, 1.66134741448e-05, 9.76789033302e-06, 8.1407097241e-06, 9.06135210244e-06, 9.41619236983e-06, 1.1267350601e-05, 7.43811096982e-06, 9.65021354205e-06, 7.49174387238e-06, 2.99720886687e-06, 1.66667769008e-06, 1.44760497278e-06, 1.52461905145e-06, 1.53133203185e-06, 1.2357727428e-06, 1.00398585801e-06, 8.58010082538e-07, 7.51756545014e-07, 5.9391470586e-07, 4.49485753506e-07],
        "dvar": [2.40616736846e-06, 2.15384966396e-06, 7.69401822254e-07, 3.79445600629e-06, 1.69141046058e-07, 5.08326216675e-08, 1.60976256325e-07, 4.01341360146e-08, 1.33673125902e-07, 1.00759692145e-07, 4.10137737106e-08, 9.93048985265e-08, 1.44455301054e-08, 1.25488908154e-08, 6.64627330949e-09, 2.63971844383e-09, 2.39399766677e-09, 1.36192479516e-08, 3.63413921178e-09, 1.05223141311e-09, 1.12541354014e-09, 3.19059861864e-10, 1.02934036295e-10, 1.79874115602e-10, 1.68895591957e-10, 4.73320160843e-10, 1.14773517079e-10, 1.92615590144e-10, 2.48426834659e-10, 1.49998607285e-11, 5.00369017054e-12, 4.82209281186e-12, 5.04383167177e-12, 5.36468005435e-12, 3.50649305599e-12, 2.20567813146e-12, 1.20081234452e-12, 1.14457098313e-12, 7.73496663855e-13, 6.39882732304e-13],
        "dvar2": [6.59508759782e-06, 5.72183762415e-06, 1.86031718385e-06, 9.49070545175e-06, 4.48868320291e-07, 1.16719050425e-07, 3.30219307898e-07, 9.54589012281e-08, 2.94572544135e-07, 2.11857397403e-07, 7.29703728553e-08, 2.08833242255e-07, 2.50500153953e-08, 2.09870290035e-08, 1.31298225625e-08, 5.33873922848e-09, 4.41263603435e-09, 2.86154158147e-08, 7.10451297792e-09, 1.90350979423e-09, 2.41823827629e-09, 5.89242987736e-10, 2.18918161377e-10, 4.16014778182e-10, 3.73091058048e-10, 9.26350274266e-10, 2.29033778054e-10, 4.12972017694e-10, 5.81221071272e-10, 3.14396009227e-11, 1.16128842653e-11, 1.16190303906e-11, 1.23377072447e-11, 1.37200277181e-11, 8.92643164246e-12, 4.95095544423e-12, 2.50227247776e-12, 2.86394410791e-12, 1.74311346607e-12, 1.53381701871e-12],
        "max": [0.0187287870795, 0.0179775841534, 0.012219757773, 0.0386552512646, 0.00715419324115, 0.0048911315389, 0.00720441853628, 0.00410404335707, 0.00546227581799, 0.00632232846692, 0.00322591839358, 0.00552641693503, 0.00245222053491, 0.00294282753021, 0.00190362869762, 0.00112601544242, 0.000991002540104, 0.00209051533602, 0.000935622607358, 0.000738780014217, 0.00100417307112, 0.000391861569369, 0.000189911501366, 0.000330570299411, 0.00020695173589, 0.000476315966807, 0.000202403520234, 0.000271886470728, 0.000467752368422, 5.60221487831e-05, 3.27999478031e-05, 4.82981558889e-05, 3.83594124287e-05, 5.56062041142e-05, 2.63015681412e-05, 2.09269601328e-05, 1.86484994629e-05, 1.48757435454e-05, 1.38168570629e-05, 2.00260092242e-05],
        "mean": [0.00125368346926, 0.00147920032032, 0.000762861454859, 0.0013302549487, 0.000401479046559, 0.000222540475079, 0.000335350778187, 0.000121035074699, 0.000291129545076, 0.000284954061499, 0.000188292950043, 0.000326701643644, 0.000115453505714, 9.28127046791e-05, 5.51933044335e-05, 4.1891787987e-05, 3.98539777962e-05, 9.10423477762e-05, 4.12222689192e-05, 2.03037288884e-05, 1.98040470423e-05, 1.21548191601e-05, 9.98504128802e-06, 1.00509760159e-05, 1.09883394543e-05, 1.54021381604e-05, 1.10887085611e-05, 1.51212952915e-05, 9.98648010864e-06, 3.40892484019e-06, 1.59353999152e-06, 1.44330010698e-06, 1.56079454428e-06, 1.50603568727e-06, 1.18151649531e-06, 9.90183707472e-07, 9.20176944419e-07, 7.04833610143e-07, 6.06321975738e-07, 4.41364733206e-07],
        "median": [0.000263978901785, 0.000655155978166, 0.000366714550182, 0.000656469375826, 0.000242212146986, 0.00011593628733, 0.000130081491079, 4.28152052336e-05, 7.02644465491e-05, 5.36702355021e-05, 3.88228836528e-05, 5.02335278725e-05, 2.39683467953e-05, 1.98554771487e-05, 1.40684387588e-05, 1.11429089884e-05, 6.05893001193e-06, 1.28215870063e-05, 8.04113733466e-06, 5.0553244364e-06, 4.90030470246e-06, 4.2204978854e-06, 4.44506986241e-06, 4.09326639783e-06, 2.95974587061e-06, 3.05411458612e-06, 3.45272519553e-06, 3.90915647586e-06, 2.32473803408e-06, 1.2444118056e-06, 6.38769336092e-07, 5.86934618241e-07, 7.77749505687e-07, 7.36705260351e-07, 5.59278078072e-07, 4.33689137935e-07, 4.02919397402e-07, 2.99950727367e-07, 2.42676236439e-07, 1.69261852534e-07],
        "min": [2.09521219768e-23, 1.96315325339e-23, 1.1863484305e-23, 1.559075663e-23, 1.13874241036e-23, 1.51641390747e-23, 1.57836110332e-23, 1.61375618773e-23, 1.15256317453e-23, 6.03238187133e-24, 1.01572452202e-23, 9.99776673298e-24, 1.23314255499e-23, 2.34873158224e-24, 5.16569747123e-24, 5.39963377824e-24, 7.26098500513e-24, 8.18932282928e-24, 8.08893239048e-24, 2.25906223646e-23, 6.89751576533e-24, 1.04630865931e-23, 5.20580079307e-24, 8.66482767256e-24, 1.12505196601e-23, 9.99624107599e-24, 1.83629921335e-23, 1.47549868999e-23, 1.12562586232e-23, 9.7815936014e-24, 1.23094668177e-23, 1.0047946964e-23, 9.08317559896e-24, 6.88157919732e-24, 7.1386271567e-24, 1.12361900018e-23, 8.58071537854e-24, 8.98159082475e-24, 1.30338272999e-23, 8.11162712986e-24],
        "var": [4.23088567914e-06, 3.83649603464e-06, 1.20041681839e-06, 4.90635329697e-06, 2.74076825235e-07, 1.2519461734e-07, 3.79866634148e-07, 5.69112970084e-08, 3.5151512634e-07, 3.00932498476e-07, 1.3542735644e-07, 3.97609539959e-07, 5.77760452813e-08, 5.76599568092e-08, 1.7565119137e-08, 7.41751637889e-09, 8.49585735097e-09, 5.56492274484e-08, 9.3763956599e-09, 2.22579132902e-09, 2.76159739521e-09, 8.73494443443e-10, 2.50677811842e-10, 3.17871728939e-10, 4.2917050469e-10, 1.34381994421e-09, 3.87524540235e-10, 8.75847783188e-10, 4.78275641314e-10, 3.54503093547e-11, 7.67974572824e-12, 6.43009473791e-12, 6.26335788789e-12, 6.04252108419e-12, 3.87425118029e-12, 3.02500581008e-12, 2.14782336881e-12, 1.4766505076e-12, 1.14110955927e-12, 7.46341248352e-13]
    },
    "mfcc": {
        "mean": [-652.511535645, 122.242721558, 8.37868022919, 22.5915851593, 0.694227218628, 2.62631106377, 5.89648199081, 1.69999432564, -3.21844625473, 4.58377695084, -9.49382972717, -5.68475961685, -1.99049079418],
        "cov": [[4454.765625, -347.091522217, -793.222290039, -227.672698975, -216.02935791, -87.6701278687, 133.40763855, 60.822769165, 66.8005905151, 196.694915771, -58.6076583862, -82.8772277832, -26.7466678619], [-347.091522217, 946.567382812, -169.998596191, -171.538543701, -51.9732589722, 4.4122171402, 45.0140571594, 56.7372360229, -2.88345479965, 47.0572662354, 53.2422599792, 1.45363271236, -14.1466178894], [-793.222290039, -169.998596191, 887.298217773, 162.619018555, 180.518707275, 199.600616455, -85.0475616455, 55.6622772217, 9.69631195068, -175.677963257, 113.853027344, 90.9765777588, 18.1455459595], [-227.672698975, -171.538543701, 162.619018555, 458.836608887, 169.03666687, -3.05756783485, -10.0573225021, -23.0893211365, 31.6837501526, -30.2484741211, -58.207660675, 55.6830406189, 44.0675735474], [-216.02935791, -51.9732589722, 180.518707275, 169.03666687, 239.546798706, 67.8259429932, -51.8337669373, 4.99897623062, 49.5194015503, -10.0348720551, 15.5635490417, 31.4835720062, 29.7291145325], [-87.6701278687, 4.4122171402, 199.600616455, -3.05756783485, 67.8259429932, 218.981781006, 36.6270675659, 37.9274139404, 22.9299030304, -10.1660499573, 73.0096054077, 19.5744762421, -2.51149535179], [133.40763855, 45.0140571594, -85.0475616455, -10.0573225021, -51.8337669373, 36.6270675659, 203.230453491, 46.632774353, 6.78416156769, 54.5493736267, -7.6953163147, 1.84523177147, 1.79203593731], [60.822769165, 56.7372360229, 55.6622772217, -23.0893211365, 4.99897623062, 37.9274139404, 46.632774353, 150.014404297, 37.8994483948, -10.1057214737, 27.0254211426, 5.10230255127, 8.39982128143], [66.8005905151, -2.88345479965, 9.69631195068, 31.6837501526, 49.5194015503, 22.9299030304, 6.78416156769, 37.8994483948, 121.859718323, 51.1496810913, 5.11334753036, 12.770945549, 10.1490039825], [196.694915771, 47.0572662354, -175.677963257, -30.2484741211, -10.0348720551, -10.1660499573, 54.5493736267, -10.1057214737, 51.1496810913, 179.580215454, 16.2380008698, -4.70186471939, 29.4128799438], [-58.6076583862, 53.2422599792, 113.853027344, -58.207660675, 15.5635490417, 73.0096054077, -7.6953163147, 27.0254211426, 5.11334753036, 16.2380008698, 133.515396118, 34.0179824829, 1.38413441181], [-82.8772277832, 1.45363271236, 90.9765777588, 55.6830406189, 31.4835720062, 19.5744762421, 1.84523177147, 5.10230255127, 12.770945549, -4.70186471939, 34.0179824829, 99.0553817749, 42.2669143677], [-26.7466678619, -14.1466178894, 18.1455459595, 44.0675735474, 29.7291145325, -2.51149535179, 1.79203593731, 8.39982128143, 10.1490039825, 29.4128799438, 1.38413441181, 42.2669143677, 105.092987061]],
