{
"lowlevel": {
    "average_loudness": 0.275789678097,
    "barkbands_crest": {
        "dmean": 3.04959559441,
        "dmean2": 4.96293020248,
        "dvar": 7.82804632187,
        "dvar2": 20.6021289825,
        "max": 26.1463775635,
        "mean": 11.3613405228,
        "median": 10.5857467651,
        "min": 3.18241333961,
        "var": 20.0984573364
    },
    "barkbands_flatness_db": {
        "dmean": 0.0390913523734,
        "dmean2": 0.0572071000934,
        "dvar": 0.00195572385564,
        "dvar2": 0.00354956043884,
        "max": 0.492315888405,
        "mean": 0.252422749996,
        "median": 0.274233341217,
        "min": 0.0292423311621,
        "var": 0.0112849306315
    },
    "barkbands_kurtosis": {
        "dmean": 7.3844370842,
        "dmean2": 11.9575910568,
        "dvar": 181.922348022,
        "dvar2": 449.106628418,
        "max": 237.101745605,
        "mean": 10.0480871201,
        "median": 4.53178882599,
        "min": -1.93103528023,
        "var": 276.654907227
    },
    "barkbands_skewness": {
        "dmean": 0.943900406361,
        "dmean2": 1.45893239975,
        "dvar": 1.26946032047,
        "dvar2": 2.96957135201,
        "max": 11.2804584503,
        "mean": 1.54079091549,
        "median": 1.34162247181,
        "min": -7.20564889908,
        "var": 3.29372477531
    },
    "barkbands_spread": {
        "dmean": 6.82849311829,
        "dmean2": 10.9454078674,
        "dvar": 174.607131958,
        "dvar2": 397.354278564,
        "max": 103.350250244,
        "mean": 13.1137237549,
        "median": 5.92862224579,
        "min": 0.233944714069,
        "var": 299.549530029
    },
    "dissonance": {
        "dmean": 0.0365866497159,
        "dmean2": 0.0567098557949,
        "dvar": 0.00189094385132,
        "dvar2": 0.00417592236772,
        "max": 0.5,
        "mean": 0.409930497408,
        "median": 0.433354318142,
        "min": 0.095564648509,
        "var": 0.00632294686511
    },
    "dynamic_complexity": 13.4570655823,
    "erbbands_crest": {
        "dmean": 3.68359255791,
        "dmean2": 5.93299722672,
        "dvar": 10.565076828,
        "dvar2": 27.3023300171,
        "max": 29.6927928925,
        "mean": 12.5175533295,
        "median": 11.9611129761,
        "min": 2.5064034462,
        "var": 28.6576747894
    },
    "erbbands_flatness_db": {
        "dmean": 0.0335344038904,
        "dmean2": 0.0481614507735,
        "dvar": 0.00153189792763,
        "dvar2": 0.00256529590115,
        "max": 0.447374820709,
        "mean": 0.251742780209,
        "median": 0.268816113472,
        "min": 0.0557169541717,
        "var": 0.0084879649803
    },
    "erbbands_kurtosis": {
        "dmean": 3.80180263519,
        "dmean2": 6.11593055725,
        "dvar": 42.4304161072,
        "dvar2": 103.049659729,
        "max": 152.303894043,
        "mean": 4.62243700027,
        "median": 2.06124067307,
        "min": -1.86886966228,
        "var": 73.3461074829
    },
    "erbbands_skewness": {
        "dmean": 0.750477433205,
        "dmean2": 1.10962176323,
        "dvar": 0.823412716389,
        "dvar2": 1.63926029205,
        "max": 9.60304164886,
        "mean": 0.839924097061,
        "median": 0.884146869183,
        "min": -6.1478099823,
        "var": 2.4193212986
    },
    "erbbands_spread": {
        "dmean": 11.3188037872,
        "dmean2": 18.1038150787,
        "dvar": 305.76651001,
        "dvar2": 769.967956543,
        "max": 124.884414673,
        "mean": 24.8592395782,
        "median": 17.6630306244,
        "min": 1.29927754402,
        "var": 488.021331787
    },
    "hfc": {
        "dmean": 2.59716963768,
        "dmean2": 3.40707159042,
        "dvar": 35.8921356201,
        "dvar2": 58.8584632874,
        "max": 115.047859192,
        "mean": 5.24563407898,
        "median": 0.615072369576,
        "min": 1.11432187e-16,
        "var": 137.310699463
    },
    "melbands_crest": {
        "dmean": 3.77415418625,
        "dmean2": 6.17431545258,
        "dvar": 11.9985790253,
        "dvar2": 31.0769748688,
        "max": 33.6866493225,
        "mean": 14.5508766174,
        "median": 13.478679657,
        "min": 2.49365711212,
        "var": 33.3343925476
    },
    "melbands_flatness_db": {
        "dmean": 0.045952655375,
        "dmean2": 0.0648616999388,
        "dvar": 0.00286297826096,
        "dvar2": 0.00509233679622,
        "max": 0.603852033615,
        "mean": 0.324090629816,
        "median": 0.346665620804,
        "min": 0.0086703337729,
        "var": 0.016842527315
    },
    "melbands_kurtosis": {
        "dmean": 12.0507917404,
        "dmean2": 20.3511142731,
        "dvar": 598.859008789,
        "dvar2": 1645.33935547,
        "max": 361.51272583,
        "mean": 16.1831645966,
        "median": 7.2395606041,
        "min": -1.93337130547,
        "var": 681.595092773
    },
    "melbands_skewness": {
        "dmean": 1.0697054863,
        "dmean2": 1.70183944702,
        "dvar": 1.89237964153,
        "dvar2": 4.79514503479,
        "max": 15.0471286774,
        "mean": 2.21444678307,
        "median": 1.88981056213,
        "min": -5.33038854599,
        "var": 4.01963233948
    },
    "melbands_spread": {
        "dmean": 10.2955198288,
        "dmean2": 15.6415596008,
        "dvar": 594.008300781,
        "dvar2": 1194.35852051,
        "max": 252.351806641,
        "mean": 19.2857341766,
        "median": 7.45181894302,
        "min": 0.430037468672,
        "var": 1122.47460938
    },
    "pitch_salience": {
        "dmean": 0.0819618180394,
        "dmean2": 0.131617203355,
        "dvar": 0.00624420167878,
        "dvar2": 0.0154277905822,
        "max": 0.919152796268,
        "mean": 0.641042232513,
        "median": 0.678407073021,
        "min": 0.131345286965,
        "var": 0.0188566632569
    },
    "silence_rate_20dB": {
        "dmean": 0,
        "dmean2": 0,
        "dvar": 0,
        "dvar2": 0,
        "max": 1,
        "mean": 1,
        "median": 1,
        "min": 1,
        "var": 0
    },
    "silence_rate_30dB": {
        "dmean": 0.00928313564509,
        "dmean2": 0.0185758508742,
        "dvar": 0.00919681228697,
        "dvar2": 0.0202944129705,
        "max": 1,
        "mean": 0.984020590782,
        "median": 1,
        "min": 0,
        "var": 0.0157241579145
    },
    "silence_rate_60dB": {
        "dmean": 0.0938628166914,
        "dmean2": 0.187306508422,
        "dvar": 0.0850520133972,
        "dvar2": 0.16460698843,
        "max": 1,
        "mean": 0.580412387848,
        "median": 1,
        "min": 0,
        "var": 0.243536248803
    },
    "spectral_centroid": {
        "dmean": 324.135955811,
        "dmean2": 472.694366455,
        "dvar": 431191.9375,
        "dvar2": 748768.25,
        "max": 11453.7324219,
        "mean": 989.1015625,
        "median": 537.983398438,
        "min": 138.649536133,
        "var": 1190597.375
    },
    "spectral_complexity": {
        "dmean": 1.32542550564,
        "dmean2": 1.80546951294,
        "dvar": 3.38820099831,
        "dvar2": 5.49726200104,
        "max": 23,
        "mean": 4.22474241257,
        "median": 3,
        "min": 0,
        "var": 21.0277271271
    },
    "spectral_decrease": {
        "dmean": 1.42275446979e-09,
        "dmean2": 1.83029147394e-09,
        "dvar": 1.18634367529e-17,
        "dvar2": 1.9272491018e-17,
        "max": -2.19394822352e-29,
        "mean": -3.03855163253e-09,
        "median": -2.74676115186e-10,
        "min": -7.13002989983e-08,
        "var": 4.34231142625e-17
    },
    "spectral_energy": {
        "dmean": 0.00559252686799,
        "dmean2": 0.0071932869032,
        "dvar": 0.000182161398698,
        "dvar2": 0.000295869715046,
        "max": 0.279538810253,
        "mean": 0.0119439866394,
        "median": 0.00112728960812,
        "min": 1.01900331193e-20,
        "var": 0.000669974309858
    },
    "spectral_energyband_high": {
        "dmean": 3.52359384124e-05,
        "dmean2": 4.99207562825e-05,
        "dvar": 2.83274523838e-08,
        "dvar2": 4.58813360638e-08,
        "max": 0.00422020349652,
        "mean": 4.6861168812e-05,
        "median": 6.43928956379e-07,
        "min": 7.63663804384e-21,
        "var": 5.98427973841e-08
    },
    "spectral_energyband_low": {
        "dmean": 0.000913482275791,
        "dmean2": 0.00137803249527,
        "dvar": 8.54996233102e-06,
        "dvar2": 2.08552628465e-05,
        "max": 0.0439757220447,
        "mean": 0.00165967689827,
        "median": 4.77930589113e-05,
        "min": 1.16055196892e-22,
        "var": 1.38151408464e-05
    },
    "spectral_energyband_middle_high": {
        "dmean": 0.000415888556745,
        "dmean2": 0.000537316314876,
        "dvar": 1.64051925822e-06,
        "dvar2": 2.67862219516e-06,
        "max": 0.0265025794506,
        "mean": 0.000731811975129,
        "median": 3.69154804503e-05,
        "min": 1.42564245359e-21,
        "var": 5.26361463926e-06
    },
    "spectral_energyband_middle_low": {
        "dmean": 0.00480737444013,
        "dmean2": 0.0062290718779,
        "dvar": 0.000152126915054,
        "dvar2": 0.000243460803176,
        "max": 0.275853097439,
        "mean": 0.00986494682729,
        "median": 0.000631754985079,
        "min": 1.35903139216e-22,
        "var": 0.000526533578523
    },
    "spectral_entropy": {
        "dmean": 0.347424179316,
        "dmean2": 0.493225395679,
        "dvar": 0.189103156328,
        "dvar2": 0.323406070471,
        "max": 9.8033285141,
        "mean": 6.63350629807,
        "median": 6.46109390259,
        "min": 4.25614070892,
        "var": 0.952563285828
    },
    "spectral_flux": {
        "dmean": 0.019863050431,
        "dmean2": 0.030940271914,
        "dvar": 0.00084947491996,
        "dvar2": 0.00196546269581,
        "max": 0.367856383324,
        "mean": 0.0442095994949,
        "median": 0.0239377114922,
        "min": 1.00945696246e-10,
        "var": 0.00295816548169
    },
    "spectral_kurtosis": {
        "dmean": 11.5582895279,
        "dmean2": 18.0601654053,
        "dvar": 274.537994385,
        "dvar2": 616.46496582,
        "max": 235.768981934,
        "mean": 25.4326324463,
        "median": 11.8493747711,
        "min": -1.21844315529,
        "var": 1181.16369629
    },
    "spectral_rms": {
        "dmean": 0.000661850092001,
        "dmean2": 0.000811913225334,
        "dvar": 1.0579061609e-06,
        "dvar2": 1.55286852532e-06,
        "max": 0.0165142603219,
        "mean": 0.00217200396582,
        "median": 0.00104870996438,
        "min": 3.15301365746e-12,
        "var": 6.93506945026e-06
    },
    "spectral_rolloff": {
        "dmean": 573.169921875,
        "dmean2": 969.307189941,
        "dvar": 2193395.25,
        "dvar2": 4477938.5,
        "max": 18497.0214844,
        "mean": 1282.38867188,
        "median": 516.796875,
        "min": 64.599609375,
        "var": 3851324.5
    },
    "spectral_skewness": {
        "dmean": 0.858640789986,
        "dmean2": 1.30096423626,
        "dvar": 0.91165214777,
        "dvar2": 1.85608375072,
        "max": 12.759344101,
        "mean": 3.18728733063,
        "median": 2.58105230331,
        "min": -0.566072404385,
        "var": 5.20449972153
    },
    "spectral_spread": {
        "dmean": 813903.0625,
        "dmean2": 1241002.625,
        "dvar": 2.13148945613e+12,
        "dvar2": 3.28648989082e+12,
        "max": 40100184,
        "mean": 3147466.75,
        "median": 2554922.25,
        "min": 422797.59375,
        "var": 4.97629632922e+12
    },
    "spectral_strongpeak": {
        "dmean": 0.31986412406,
        "dmean2": 0.48220923543,
        "dvar": 0.341054677963,
        "dvar2": 0.750387191772,
        "max": 7.84652376175,
        "mean": 0.584352791309,
        "median": 0.180456772447,
        "min": 0,
        "var": 0.897387385368
    },
    "zerocrossingrate": {
        "dmean": 0.0144255757332,
        "dmean2": 0.0154325095937,
        "dvar": 0.00073911214713,
        "dvar2": 0.000781012931839,
        "max": 0.50634765625,
        "mean": 0.0476459302008,
        "median": 0.02587890625,
        "min": 0.001953125,
        "var": 0.00332201411948
    },
    "barkbands": {
        "dmean": [1.61613788805e-05, 0.000180074261152, 0.000609950628132, 0.000460473471321, 0.00124493800104, 0.00132432975806, 0.00156416115351, 0.00105727941263, 0.000644425279461, 0.00013945637329, 8.58845305629e-05, 7.26285361452e-05, 0.000124419428175, 6.59570650896e-05, 5.25039649801e-05, 2.16293665289e-05, 1.41782447827e-05, 1.36246544571e-05, 1.30393700601e-05, 6.02923182669e-06, 1.59701867233e-05, 5.30117176822e-06, 6.08953268966e-06, 6.06124740443e-06, 1.82979226793e-06, 3.38928543897e-07, 1.18601972687e-08],
        "dmean2": [2.76900045719e-05, 0.000282290217001, 0.0009165329393, 0.000646322499961, 0.00163424178027, 0.00180489709601, 0.00230138888583, 0.00148444471415, 0.000905509048607, 0.000183395895874, 0.000116688293929, 0.000108054518932, 0.00017100169498, 9.64092832874e-05, 8.00587367848e-05, 3.15052639053e-05, 2.16501593968e-05, 2.00181839318e-05, 2.0462752218e-05, 9.63203183346e-06, 2.38454758801e-05, 7.72648218117e-06, 9.18722616916e-06, 8.82088534127e-06, 2.6348254778e-06, 4.8128600838e-07, 2.04446521934e-08],
        "dvar": [1.47564360731e-08, 5.47773481685e-07, 4.21348431701e-06, 2.4057576411e-06, 9.75145030679e-06, 4.49735089205e-05, 3.29023059749e-05, 1.61031257448e-05, 8.449716006e-06, 3.8685109871e-07, 1.84559851846e-07, 1.01638264027e-07, 3.60490304274e-07, 5.87955852893e-08, 5.31194075393e-08, 1.03121982065e-08, 2.47371678697e-09, 3.6385627844e-09, 2.17816609194e-08, 7.33299920785e-10, 1.20475682763e-08, 7.89406762181e-10, 1.0267209305e-09, 1.38787659143e-09, 7.4720445109e-11, 2.16053151932e-12, 5.46293899332e-15],
        "dvar2": [4.01398487782e-08, 1.52786549279e-06, 1.0329651559e-05, 4.34364756075e-06, 1.80589267984e-05, 7.57462330512e-05, 6.10684073763e-05, 3.36957164109e-05, 1.39674002639e-05, 6.02172349318e-07, 4.03625051604e-07, 2.20128697492e-07, 6.69369853767e-07, 1.15004752388e-07, 1.19015979294e-07, 2.01226146856e-08, 5.67144287089e-09, 8.18828471694e-09, 5.83558730227e-08, 1.84617721111e-09, 1.91097377922e-08, 1.55690982329e-09, 2.3056472287e-09, 3.13037973321e-09, 1.52459989078e-10, 4.24348880687e-12, 1.43868190337e-14],
        "max": [0.00375594897196, 0.0156468823552, 0.0356531366706, 0.0272911377251, 0.0617858916521, 0.193465813994, 0.152074828744, 0.0876998901367, 0.0572053007782, 0.0136432023719, 0.0116808833554, 0.00767621118575, 0.0118794599548, 0.00553793553263, 0.00550342258066, 0.00247640535235, 0.000779321359005, 0.00110561784822, 0.00519855320454, 0.000519647845067, 0.00368926953524, 0.000692691770382, 0.000698619405739, 0.00112662091851, 0.00020975440566, 3.17488775181e-05, 1.59835622071e-06],
        "mean": [1.28621823023e-05, 0.000305089342874, 0.0010076710023, 0.000794390565716, 0.002728814492, 0.00186430523172, 0.0019763414748, 0.00141902919859, 0.0010197062511, 0.00019561649242, 0.00010774796101, 9.40532045206e-05, 0.000150938198203, 8.45081231091e-05, 6.10947317909e-05, 2.60440992861e-05, 1.73336939042e-05, 1.53887813212e-05, 1.28958199639e-05, 6.44693773211e-06, 1.93471587409e-05, 6.55897156321e-06, 7.85948850535e-06, 7.36487299946e-06, 2.16837815969e-06, 4.04056152092e-07, 9.8883710109e-09],
        "median": [4.06827780353e-07, 9.39383789955e-06, 9.50838511926e-06, 2.45296432695e-05, 0.000116608673125, 3.81584104616e-05, 3.03460728901e-05, 1.35209429573e-05, 6.7995797508e-06, 2.54716496784e-06, 1.21145853882e-06, 9.74069280346e-07, 8.7628586698e-07, 1.11398719582e-06, 1.15348234431e-06, 7.19412241779e-07, 5.95279061599e-07, 4.03777335123e-07, 4.27042664342e-07, 1.30247627794e-07, 3.53764093575e-08, 6.97158100138e-08, 1.06814695755e-07, 1.08440886493e-07, 3.39019834428e-08, 3.51922269104e-09, 1.05383882176e-10],
        "min": [3.47008489501e-23, 2.8140978274e-23, 6.06350424842e-23, 1.02691522393e-23, 2.94046230036e-23, 1.70976103321e-23, 1.36020682646e-23, 3.27324516649e-23, 2.48378756688e-23, 4.69521522644e-23, 4.52137962856e-23, 4.86593040613e-23, 9.44068972779e-23, 9.62614966443e-23, 8.85488793046e-23, 1.58922958711e-22, 2.21076388044e-22, 2.08706556801e-22, 3.02264791206e-22, 3.20618492136e-22, 3.8700640059e-22, 6.02055361203e-22, 8.76884150727e-22, 7.7562167353e-22, 1.04314644411e-21, 1.84218635607e-21, 2.1279400992e-21],
        "var": [1.01678452324e-08, 5.75748856591e-07, 7.10635276846e-06, 5.79814332013e-06, 3.62434984709e-05, 9.11501119845e-05, 5.20819630765e-05, 3.00592018903e-05, 2.22272665269e-05, 9.11549477678e-07, 3.04646192717e-07, 2.01379450004e-07, 6.04694321282e-07, 1.38889078016e-07, 8.56486934708e-08, 1.72642291574e-08, 3.77835851495e-09, 4.49597603591e-09, 1.55865276241e-08, 7.64159457933e-10, 2.47518219254e-08, 1.27760080293e-09, 1.83684722987e-09, 2.02563343876e-09, 1.13350363817e-10, 3.51832690586e-12, 5.00425879392e-15]
    },
    "erbbands": {
        "dmean": [0.00278247031383, 0.0548547580838, 0.539613604546, 1.14150512218, 2.44690775871, 5.4394865036, 5.49747371674, 13.9688615799, 19.1418647766, 27.692861557, 18.8518257141, 16.1293392181, 5.51825761795, 4.08045053482, 2.73205542564, 3.17996811867, 5.52876853943, 3.5705575943, 3.13333368301, 1.8745701313, 0.906226038933, 0.797460436821, 0.772294700146, 0.610046088696, 0.564800798893, 0.290379524231, 0.652566611767, 0.562674880028, 0.21234165132, 0.168759658933, 0.179630592465, 0.130625575781, 0.0998912379146, 0.0346494801342, 0.00718814972788, 0.00186758348718, 0.000632487586699, 7.47149533709e-05, 3.87570480598e-06, 6.31275042906e-06],
        "dmean2": [0.00481457682326, 0.0841887369752, 0.799404859543, 1.65157330036, 3.2169046402, 7.4754652977, 7.61485481262, 19.5177192688, 27.6500968933, 39.7349357605, 25.7706050873, 21.8744220734, 7.43652868271, 5.13332748413, 3.57080698013, 4.34566020966, 7.76820755005, 5.12290811539, 4.57841920853, 2.76741313934, 1.29512357712, 1.15741419792, 1.11200785637, 0.933498978615, 0.879523158073, 0.448765277863, 0.938304960728, 0.830565452576, 0.309634357691, 0.247989967465, 0.273153185844, 0.190795168281, 0.147659301758, 0.048365816474, 0.010870940052, 0.00275002466515, 0.00094214285491, 0.000113616028102, 5.42529096492e-06, 8.1433536252e-06],
        "dvar": [0.000510313315317, 0.0395350642502, 3.1160402298, 14.1623678207, 53.9738922119, 233.679168701, 509.238189697, 5466.15625, 8260.9765625, 9561.84082031, 5893.86474609, 5758.98583984, 640.306640625, 318.634643555, 168.56010437, 173.864852905, 742.516967773, 196.877227783, 173.189117432, 66.2496032715, 12.9760761261, 7.51635980606, 10.7064390182, 32.5008049011, 19.1851215363, 1.49286782742, 20.5913181305, 17.2967624664, 1.34758758545, 0.659482240677, 0.982806861401, 0.50442135334, 0.684846103191, 0.033627320081, 0.00112801929936, 6.29529167782e-05, 8.67299149832e-06, 1.2869381294e-07, 9.0316858159e-11, 2.25200927351e-10],
        "dvar2": [0.00148536171764, 0.108460985124, 7.90587425232, 28.8275756836, 93.0190658569, 454.318603516, 812.854431152, 9765.24707031, 14676.0839844, 16755.6347656, 14791.6445312, 9661.21875, 1258.61816406, 511.891052246, 320.095153809, 291.182189941, 1507.95935059, 382.060943604, 369.866546631, 148.184616089, 27.5331401825, 15.1884002686, 23.7213783264, 83.903213501, 50.8049621582, 3.64384007454, 39.7317466736, 31.44165802, 2.88228559494, 1.22500348091, 2.25517702103, 1.11584126949, 1.63279855251, 0.0616253465414, 0.00254342658445, 0.000123688965687, 1.84874024853e-05, 2.70368474276e-07, 1.88315779637e-10, 3.68284180929e-10],
        "max": [0.699259340763, 4.70324373245, 33.743598938, 62.4988059998, 190.497756958, 298.466644287, 598.975952148, 2366.90673828, 3246.9543457, 2075.6015625, 2246.40771484, 1634.78979492, 595.824157715, 430.279693604, 309.481018066, 286.014007568, 647.551818848, 325.246673584, 277.763397217, 165.029220581, 74.8359603882, 42.5151443481, 60.5123405457, 196.666152954, 151.139205933, 22.8948020935, 177.321594238, 121.710540771, 23.5040569305, 18.9166698456, 22.0423870087, 16.3786296844, 29.9227428436, 6.07312917709, 0.633771419525, 0.155826479197, 0.0600496195257, 0.00696765631437, 0.000166318903212, 0.000312303716782],
        "mean": [0.00336854648776, 0.101022548974, 0.924757599831, 2.07030653954, 5.23466730118, 11.0243463516, 9.21659564972, 18.4238204956, 24.4853038788, 37.0360984802, 27.5634670258, 24.9188117981, 8.03212451935, 5.95934867859, 3.93011713028, 4.5109205246, 6.78954458237, 4.82393693924, 3.79550075531, 2.50789093971, 1.19963335991, 1.01809203625, 0.888953268528, 0.656814098358, 0.574578344822, 0.315605819225, 0.720855891705, 0.607547938824, 0.249132111669, 0.222907334566, 0.231004446745, 0.171473801136, 0.108490489423, 0.0400236733258, 0.00808257143945, 0.00221183430403, 0.000732934277039, 8.14873856143e-05, 7.69470625528e-06, 1.35585105454e-05],
        "median": [0.000366166466847, 0.00292503042147, 0.0118548665196, 0.0627724230289, 0.233469769359, 0.342260658741, 0.309605568647, 0.369192749262, 0.49441587925, 0.64477789402, 0.34593129158, 0.200264915824, 0.114218086004, 0.0688581168652, 0.0548520088196, 0.0428711697459, 0.0434045791626, 0.0627418532968, 0.0714603364468, 0.0518146306276, 0.0474361479282, 0.0411037877202, 0.0243515893817, 0.024298992008, 0.0173368286341, 0.00686177052557, 0.0028527402319, 0.0016158928629, 0.00223960308358, 0.00295177847147, 0.00281498814002, 0.00219113309868, 0.00161146163009, 0.00056261906866, 0.000151539949002, 4.02015211876e-05, 5.97648613621e-06, 7.28213251477e-07, 1.26793588606e-06, 1.64276775649e-06],
        "min": [6.81421584027e-22, 7.9523746608e-21, 5.36493189431e-20, 6.86939636019e-20, 4.61818457968e-20, 8.48293040595e-20, 1.73807836544e-19, 1.3597733869e-19, 1.31311652294e-19, 2.7564912449e-19, 9.96546980347e-19, 5.55596279443e-19, 7.70373880588e-19, 2.85933735049e-18, 1.08221456087e-18, 1.91262066083e-18, 4.98582204318e-18, 5.81430463801e-18, 4.29460345355e-18, 6.56386593061e-18, 7.92263416382e-18, 1.13055009482e-17, 1.47057459701e-17, 1.39566942208e-17, 1.36049877777e-17, 1.46196050355e-17, 1.87054239665e-17, 1.54272956185e-17, 2.42524607584e-17, 2.13740608239e-17, 2.50456624457e-17, 1.64407126372e-17, 1.25891537372e-17, 1.24220367837e-17, 7.36554125615e-18, 5.68200371648e-18, 3.67696547454e-18, 1.13025131719e-18, 3.07654034859e-19, 3.2664903563e-20],
        "var": [0.00029232664383, 0.0496299341321, 4.87801361084, 28.5609092712, 187.856582642, 798.026489258, 1085.59973145, 9935.37890625, 13691.1972656, 17915.3066406, 10004.5283203, 14104.7597656, 1258.4765625, 894.290649414, 316.862701416, 446.524932861, 1188.53112793, 456.958068848, 279.867218018, 130.992889404, 24.7717208862, 13.1902780533, 13.7846851349, 25.2953395844, 14.7085723877, 1.70270431042, 35.7181015015, 25.5651569366, 1.98485732079, 1.34395110607, 1.63397908211, 1.02439165115, 0.689932763577, 0.0512837953866, 0.00152920291293, 9.84033758868e-05, 1.28541460072e-05, 1.73964139094e-07, 2.42110831383e-10, 8.40304381633e-10]
    },
    "gfcc": {
        "mean": [-276.354095459, 138.845443726, -100.186340332, 17.3832874298, -63.2250900269, -4.27172517776, -49.953792572, -1.09009587765, -14.2133321762, -9.55189418793, -4.75971078873, -14.6337594986, -9.41738319397],
        "cov": [[24421.9335938, 2908.70532227, -826.415466309, -1883.81970215, -1291.23864746, -691.73046875, -565.164428711, -810.031982422, 798.372375488, -545.886474609, 354.159759521, -961.102416992, -211.722686768], [2908.70532227, 4956.71337891, 869.33013916, -1405.93530273, 565.107543945, -488.991821289, 296.981781006, -541.559020996, 499.024810791, -597.42578125, 294.574432373, -635.278930664, 96.7235794067], [-826.415466309, 869.33013916, 1934.62841797, 542.510925293, 229.580673218, 153.216720581, 264.611022949, -176.198699951, -4.0281419754, 50.2825279236, -181.931304932, 63.2619285583, 109.473930359], [-1883.81970215, -1405.93530273, 542.510925293, 1496.85571289, 84.3560333252, 199.517150879, 29.4020366669, 112.202362061, -151.638092041, 266.537750244, -262.906341553, 144.880340576, 155.818191528], [-1291.23864746, 565.107543945, 229.580673218, 84.3560333252, 556.162841797, 9.53867530823, -14.0170993805, 3.65374588966, 46.7273635864, 4.77521324158, -30.8533115387, -74.1232376099, 61.8726615906], [-691.73046875, -488.991821289, 153.216720581, 199.517150879, 9.53867530823, 514.839599609, 230.587615967, 31.7668075562, -53.0959663391, 179.264282227, -81.2126159668, 103.27596283, -5.78049516678], [-565.164428711, 296.981781006, 264.611022949, 29.4020366669, -14.0170993805, 230.587615967, 563.081176758, 4.74468755722, -74.6577606201, 20.018032074, -29.5548305511, 65.715423584, 20.2050895691], [-810.031982422, -541.559020996, -176.198699951, 112.202362061, 3.65374588966, 31.7668075562, 4.74468755722, 263.647674561, -54.2600898743, 38.97032547, -8.68576622009, 69.0672836304, -22.9327011108], [798.372375488, 499.024810791, -4.0281419754, -151.638092041, 46.7273635864, -53.0959663391, -74.6577606201, -54.2600898743, 257.369171143, -51.7643890381, 41.1840515137, -90.8136367798, 23.9178142548], [-545.886474609, -597.42578125, 50.2825279236, 266.537750244, 4.77521324158, 179.264282227, 20.018032074, 38.97032547, -51.7643890381, 304.283874512, -62.6595573425, 81.1730270386, 7.25164985657], [354.159759521, 294.574432373, -181.931304932, -262.906341553, -30.8533115387, -81.2126159668, -29.5548305511, -8.68576622009, 41.1840515137, -62.6595573425, 212.360076904, -28.8054561615, -20.8771114349], [-961.102416992, -635.278930664, 63.2619285583, 144.880340576, -74.1232376099, 103.27596283, 65.715423584, 69.0672836304, -90.8136367798, 81.1730270386, -28.8054561615, 270.587799072, -3.07694554329], [-211.722686768, 96.7235794067, 109.473930359, 155.818191528, 61.8726615906, -5.78049516678, 20.2050895691, -22.9327011108, 23.9178142548, 7.25164985657, -20.8771114349, -3.07694554329, 150.067886353]],
        "icov": [[7.20252792235e-05, -3.36302036885e-05, 1.25555443447e-05, 1.37552324304e-05, 0.000224685674766, -1.33751163958e-05, 6.06333960604e-05, 9.29845991777e-05, -0.000110502762254, -1.95053853531e-05, 3.64460174751e-05, 0.000167862206581, 3.9810573071e-05], [-3.36302036885e-05, 0.00192547007464, -0.000962900405284, 0.00137465703301, -0.00147328618914, 0.00115402089432, -0.00167818681803, 0.00143173604738, -0.00129875622224, 0.000950466725044, -0.000929345958866, 0.00225880159996, -0.000838654930703], [1.25555443447e-05, -0.000962900405284, 0.00124992558267, -0.000968618842307, 0.000421873293817, -0.000534856168088, 0.000478409056086, -5.33027377969e-05, 0.000479855953017, -0.000333651929395, 0.000770355050918, -0.00142391549889, 0.000482772884425], [1.37552324304e-05, 0.00137465703301, -0.000968618842307, 0.00227148178965, -0.000867380585987, 0.000736509624403, -0.000888785347342, 0.000494320702273, -0.000503953022417, 3.0136829082e-05, 0.000264477886958, 0.00168710784055, -0.00178707728628], [0.000224685674766, -0.00147328618914, 0.000421873293817, -0.000867380585987, 0.00380909233354, -0.00102324516047, 0.00156565185171, -0.00129160552751, 0.000492309394758, -0.000817466527224, 0.000883499102201, -0.000408097024774, -8.30513090477e-05], [-1.33751163958e-05, 0.00115402089432, -0.000534856168088, 0.000736509624403, -0.00102324516047, 0.00394388148561, -0.00227717286907, 0.000943440012634, -0.00115532963537, -0.00101524940692, 8.24984999781e-06, 0.000838496140204, 0.000138873117976], [6.06333960604e-05, -0.00167818681803, 0.000478409056086, -0.000888785347342, 0.00156565185171, -0.00227717286907, 0.00403644656762, -0.00144196592737, 0.00181798555423, -0.000289741554298, 0.000702184799593, -0.00190270401072, 2.69083320745e-05], [9.29845991777e-05, 0.00143173604738, -5.33027377969e-05, 0.000494320702273, -0.00129160552751, 0.000943440012634, -0.00144196592737, 0.00618648715317, -0.000911647686735, 0.00075702049071, -0.000783775816672, 0.000885392713826, 0.000460246723378], [-0.000110502762254, -0.00129875622224, 0.000479855953017, -0.000503953022417, 0.000492309394758, -0.00115532963537, 0.00181798555423, -0.000911647686735, 0.00617569545284, -0.000432888045907, 0.000124259997392, -0.000709679326974, -0.00073779723607], [-1.95053853531e-05, 0.000950466725044, -0.000333651929395, 3.0136829082e-05, -0.000817466527224, -0.00101524940692, -0.000289741554298, 0.00075702049071, -0.000432888045907, 0.00542192347348, -0.000325297791278, 0.000456021050923, -0.000204302676138], [3.64460174751e-05, -0.000929345958866, 0.000770355050918, 0.000264477886958, 0.000883499102201, 8.24984999781e-06, 0.000702184799593, -0.000783775816672, 0.000124259997392, -0.000325297791278, 0.00684990175068, -0.00123545352835, 0.000159094372066], [0.000167862206581, 0.00225880159996, -0.00142391549889, 0.00168710784055, -0.000408097024774, 0.000838496140204, -0.00190270401072, 0.000885392713826, -0.000709679326974, 0.000456021050923, -0.00123545352835, 0.00830817781389, -0.00125047215261], [3.9810573071e-05, -0.000838654930703, 0.000482772884425, -0.00178707728628, -8.30513090477e-05, 0.000138873117976, 2.69083320745e-05, 0.000460246723378, -0.00073779723607, -0.000204302676138, 0.000159094372066, -0.00125047215261, 0.00899398792535]]
    },
    "melbands": {
        "dmean": [3.54338153556e-05, 0.000211239239434, 0.000221254435019, 0.000271285098279, 0.0002099727717, 0.000304837798467, 0.000291871547233, 0.000286693219095, 0.000151934247697, 9.33406627155e-05, 2.70193959295e-05, 1.65604815265e-05, 1.02221838461e-05, 7.3869409789e-06, 1.23878899103e-05, 1.06285315269e-05, 6.62955335429e-06, 5.50581535208e-06, 3.42768407791e-06, 1.95179995899e-06, 1.01510454442e-06, 8.58947657889e-07, 8.37609150039e-07, 6.20188473022e-07, 5.01362251271e-07, 5.38097367553e-07, 2.71673769703e-07, 1.72188549641e-07, 3.46349565916e-07, 5.20796220371e-07, 2.63802974132e-07, 1.163595158e-07, 1.06997745775e-07, 9.44315274864e-08, 1.08627013162e-07, 1.02536006352e-07, 7.26776363535e-08, 7.29256584009e-08, 5.71492257961e-08, 2.21727471938e-08],
        "dmean2": [5.74043588131e-05, 0.000314552569762, 0.000309649301926, 0.000349938462023, 0.000282704131678, 0.000418961630203, 0.000421605975134, 0.000407893472584, 0.000210688755033, 0.000125007631141, 3.84150735044e-05, 2.11044462048e-05, 1.37954848469e-05, 1.01965015347e-05, 1.82150506589e-05, 1.54284007294e-05, 9.78714979283e-06, 8.17000909592e-06, 5.12990436619e-06, 2.92730965157e-06, 1.54838028266e-06, 1.2920984318e-06, 1.26647000798e-06, 9.53586209107e-07, 7.76109231992e-07, 8.72339001035e-07, 4.26873270953e-07, 2.7828139082e-07, 5.23510777839e-07, 7.86683358456e-07, 3.9045420408e-07, 1.74805094844e-07, 1.61210266469e-07, 1.38639677516e-07, 1.68141383483e-07, 1.5822001842e-07, 1.058782928e-07, 1.09556737016e-07, 8.32555642205e-08, 3.45681101521e-08],
        "dvar": [3.57213174595e-08, 4.76217991263e-07, 4.30019071018e-07, 4.63524088445e-07, 5.3762613561e-07, 2.43361751018e-06, 1.50546111399e-06, 1.05033132058e-06, 4.45315322395e-07, 1.93226554757e-07, 1.70784559828e-08, 5.56831647458e-09, 2.37987052287e-09, 1.28011612421e-09, 3.26442584075e-09, 3.64144958631e-09, 6.8081817961e-10, 5.40323730203e-10, 1.92817622979e-10, 1.01265253127e-10, 1.91060795657e-11, 9.67459792833e-12, 1.3653261681e-11, 9.78214991648e-12, 2.66619972628e-11, 4.08491053483e-11, 1.35868085446e-12, 6.02699910379e-13, 5.72636512861e-12, 1.77739750001e-11, 4.01339031453e-12, 4.74068484121e-13, 2.94042351232e-13, 2.01167275654e-13, 3.8645757601e-13, 3.2919790483e-13, 1.44971111938e-13, 2.61888736608e-13, 2.73313679631e-13, 1.21611882958e-14],
        "dvar2": [1.01895821558e-07, 1.22546532566e-06, 8.43219254421e-07, 7.92166076735e-07, 9.0368871497e-07, 4.30815680375e-06, 2.71247836281e-06, 1.75104753453e-06, 1.12147779419e-06, 3.214718447e-07, 3.58833318614e-08, 8.2200015683e-09, 4.55644233455e-09, 2.66710031838e-09, 6.70671695957e-09, 6.9801497915e-09, 1.35384070621e-09, 1.14653597727e-09, 4.06718297929e-10, 2.12935918897e-10, 4.57357762773e-11, 2.07715442069e-11, 2.7377562023e-11, 2.38729244706e-11, 6.88412521432e-11, 1.12830675358e-10, 3.49326557264e-12, 1.51689327332e-12, 1.21472701689e-11, 2.95060122169e-11, 8.41674733382e-12, 1.07367511149e-12, 5.89379294067e-13, 4.00411285075e-13, 9.07265961577e-13, 7.9713980642e-13, 3.01535706126e-13, 6.21018644495e-13, 6.23587227862e-13, 2.90009715461e-14],
        "max": [0.00535162817687, 0.0126867005602, 0.0106938658282, 0.0164719987661, 0.0186624340713, 0.0457003600895, 0.0417393855751, 0.0239693373442, 0.0199745409191, 0.00951773487031, 0.00293658673763, 0.00191593519412, 0.000994718400761, 0.00105929828715, 0.00117118784692, 0.00145348708611, 0.000687355117407, 0.000473262713058, 0.000391261797631, 0.000242810565396, 9.36813739827e-05, 5.05319330841e-05, 8.5054030933e-05, 6.69148212182e-05, 0.000179469716386, 0.000220651636482, 2.49723434536e-05, 1.40176616696e-05, 7.4727453466e-05, 0.000164830300491, 3.82822981919e-05, 1.52972443175e-05, 1.34292922667e-05, 9.90843818727e-06, 1.33552193802e-05, 1.16083383546e-05, 8.82522363099e-06, 1.71828723978e-05, 2.00672693609e-05, 2.43427143687e-06],
        "mean": [5.52548917767e-05, 0.000370891037164, 0.000446229212685, 0.000593947537709, 0.000382206490031, 0.000408260675613, 0.000382107973564, 0.00039140615263, 0.000222213944653, 0.000142096570926, 3.55722077074e-05, 2.42580808845e-05, 1.39920748552e-05, 1.00378902061e-05, 1.53059827426e-05, 1.32105733428e-05, 8.51654931466e-06, 6.2864201027e-06, 4.1859425437e-06, 2.39633595811e-06, 1.20774188872e-06, 1.04658181499e-06, 9.48450633587e-07, 6.79040908835e-07, 5.08529353738e-07, 5.04588172134e-07, 2.90164564376e-07, 1.73977895201e-07, 3.65999710539e-07, 5.75896024202e-07, 2.65557019929e-07, 1.31423746552e-07, 1.27411908579e-07, 1.21120351082e-07, 1.37097202924e-07, 1.26243691057e-07, 9.50138030476e-08, 7.8259333236e-08, 5.9862131252e-08, 2.4769775564e-08],
        "median": [2.62057346845e-06, 4.73798627354e-06, 1.63898548635e-05, 2.26783304242e-05, 1.29252639454e-05, 7.20456364434e-06, 7.40701307222e-06, 5.86439000472e-06, 2.13239582081e-06, 9.24926666812e-07, 5.11455937158e-07, 2.90396059199e-07, 1.77312912797e-07, 1.131627414e-07, 8.79138326582e-08, 8.96823948437e-08, 1.06399227207e-07, 1.04367501308e-07, 8.28733348612e-08, 4.82815565306e-08, 4.78215085309e-08, 3.46595143697e-08, 1.9805426632e-08, 1.71069842736e-08, 1.73263803305e-08, 1.31683712823e-08, 6.34139141198e-09, 3.0296856135e-09, 1.33109490097e-09, 7.17972570285e-10, 5.6219573441e-10, 1.00585739737e-09, 1.37593247906e-09, 1.58726687349e-09, 1.38239353298e-09, 1.40793310344e-09, 9.12397934982e-10, 1.03195951784e-09, 7.42865768899e-10, 2.87298046464e-10],
        "min": [9.53290283444e-24, 2.31026120247e-23, 1.13377424327e-23, 3.71300419781e-24, 6.19936005914e-24, 2.97423359348e-24, 2.64445561687e-24, 2.74445951382e-24, 8.96315751198e-24, 3.0349488647e-24, 3.59743844177e-24, 1.12583901253e-23, 4.15806177116e-24, 4.01292004207e-24, 6.07333321864e-24, 1.30325012247e-23, 1.01663131763e-23, 5.96437417269e-24, 7.478058227e-24, 1.04537630461e-23, 8.53113625951e-24, 1.01128639056e-23, 1.506125268e-23, 1.17104839435e-23, 1.13891564422e-23, 9.36102582041e-24, 9.12335701803e-24, 9.75770373774e-24, 1.27175311534e-23, 8.72271349693e-24, 9.54437050542e-24, 1.30781549719e-23, 1.14895689691e-23, 1.38813786676e-23, 1.67196102745e-23, 1.16073616794e-23, 8.64149947787e-24, 8.24133716193e-24, 9.23965404812e-24, 1.12099114673e-23],
        "var": [2.69587303592e-08, 7.2739510415e-07, 1.10090684302e-06, 1.7834809114e-06, 1.3245394257e-06, 4.56262932857e-06, 2.56157363765e-06, 2.06853223972e-06, 7.28399129457e-07, 4.82322775497e-07, 2.76652318831e-08, 1.62197206777e-08, 4.41855263489e-09, 2.38943709263e-09, 5.93056892484e-09, 5.4022599727e-09, 1.59054969195e-09, 8.46019865275e-10, 3.64510865936e-10, 1.65875577163e-10, 2.6110119275e-11, 1.52452044044e-11, 1.82139303639e-11, 1.04053068245e-11, 2.03269779481e-11, 2.72949180619e-11, 1.28161066829e-12, 6.65150985506e-13, 8.16020081368e-12, 3.22395339591e-11, 4.776669945e-12, 5.99975147689e-13, 4.80432913504e-13, 4.03420054524e-13, 5.9735593208e-13, 5.39758016928e-13, 3.32090745962e-13, 2.96345277961e-13, 2.69784520245e-13, 1.54129164401e-14]
    },
    "mfcc": {
        "mean": [-900.820800781, 143.006607056, 27.2788982391, 12.2215251923, 7.89620065689, -8.31765079498, -14.1189155579, -7.3050069809, -10.9040689468, 1.14558720589, -1.11075532436, -4.82300710678, -3.13765263557],
        "cov": [[16099.1191406, 5539.70361328, -1286.14953613, -971.510986328, -515.17175293, -913.789123535, -870.202636719, -308.997375488, -689.809631348, 276.943664551, 120.302978516, -288.38180542, -102.439346313], [5539.70361328, 6240.65185547, 117.831222534, -843.842041016, -54.1658859253, -388.154632568, -306.049377441, -174.473922729, -187.824142456, 43.4546928406, 172.87612915, -165.97366333, 10.4416074753], [-1286.14953613, 117.831222534, 1800.0826416, 637.303710938, 37.0376739502, 557.640197754, 247.662139893, 16.8066444397, 355.136779785, -135.181259155, -69.4370574951, 92.4316329956, 37.5070419312], [-971.510986328, -843.842041016, 637.303710938, 919.174194336, 290.914123535, 178.978240967, 66.4160079956, -60.3057327271, 218.911499023, -28.262304306, -130.418273926, -7.54443120956, -2.1926047802], [-515.17175293, -54.1658859253, 37.0376739502, 290.914123535, 549.222412109, 72.2658920288, -119.898414612, -96.2171478271, 71.8362350464, 63.9601020813, -35.0518798828, -42.1752700806, -6.93561887741], [-913.789123535, -388.154632568, 557.640197754, 178.978240967, 72.2658920288, 594.396850586, 254.996841431, 1.19772291183, 239.202041626, 43.4241752625, 30.9862613678, 60.5430641174, 13.8570871353], [-870.202636719, -306.049377441, 247.662139893, 66.4160079956, -119.898414612, 254.996841431, 418.987884521, 135.019042969, 112.658584595, 25.0442123413, 31.8628749847, 43.8083229065, 18.2206401825], [-308.997375488, -174.473922729, 16.8066444397, -60.3057327271, -96.2171478271, 1.19772291183, 135.019042969, 256.318939209, 38.8878288269, -25.6021633148, 6.91370773315, 34.1786231995, 32.7485656738], [-689.809631348, -187.824142456, 355.136779785, 218.911499023, 71.8362350464, 239.202041626, 112.658584595, 38.8878288269, 312.362548828, 47.2151489258, -33.4150848389, 19.4520301819, 17.1435756683], [276.943664551, 43.4546928406, -135.181259155, -28.262304306, 63.9601020813, 43.4241752625, 25.0442123413, -25.6021633148, 47.2151489258, 185.379058838, 61.5979194641, -21.5962677002, 1.57841587067], [120.302978516, 172.87612915, -69.4370574951, -130.418273926, -35.0518798828, 30.9862613678, 31.8628749847, 6.91370773315, -33.4150848389, 61.5979194641, 161.547515869, 24.5886039734, -12.9985132217], [-288.38180542, -165.97366333, 92.4316329956, -7.54443120956, -42.1752700806, 60.5430641174, 43.8083229065, 34.1786231995, 19.4520301819, -21.5962677002, 24.5886039734, 110.918022156, 42.9180183411], [-102.439346313, 10.4416074753, 37.5070419312, -2.1926047802, -6.93561887741, 13.8570871353, 18.2206401825, 32.7485656738, 17.1435756683, 1.57841587067, -12.9985132217, 42.9180183411, 121.325912476]],
