{
"lowlevel": {
    "average_loudness": 0.966565608978,
    "barkbands_crest": {
        "dmean": 2.51135015488,
        "dmean2": 4.15403938293,
        "dvar": 7.57233667374,
        "dvar2": 18.5201454163,
        "max": 22.8016376495,
        "mean": 7.05870199203,
        "median": 5.84820270538,
        "min": 2.33261036873,
        "var": 13.625079155
    },
    "barkbands_flatness_db": {
        "dmean": 0.0211012866348,
        "dmean2": 0.031278360635,
        "dvar": 0.000366472639143,
        "dvar2": 0.000850194541272,
        "max": 0.235911414027,
        "mean": 0.103271380067,
        "median": 0.100222289562,
        "min": 0.021095097065,
        "var": 0.00132475467399
    },
    "barkbands_kurtosis": {
        "dmean": 0.66350710392,
        "dmean2": 1.11119925976,
        "dvar": 1.3190652132,
        "dvar2": 3.61843061447,
        "max": 12.7658758163,
        "mean": -0.557356476784,
        "median": -0.821029186249,
        "min": -1.74218153954,
        "var": 1.25101852417
    },
    "barkbands_skewness": {
        "dmean": 0.368952453136,
        "dmean2": 0.575829684734,
        "dvar": 0.151089414954,
        "dvar2": 0.347299158573,
        "max": 3.64699864388,
        "mean": 0.269609898329,
        "median": 0.175400197506,
        "min": -1.99618768692,
        "var": 0.397004783154
    },
    "barkbands_spread": {
        "dmean": 4.56028556824,
        "dmean2": 7.08362579346,
        "dvar": 18.5166988373,
        "dvar2": 41.2353477478,
        "max": 65.2818984985,
        "mean": 27.3343009949,
        "median": 26.103471756,
        "min": 10.9690856934,
        "var": 56.3476104736
    },
    "dissonance": {
        "dmean": 0.0100473780185,
        "dmean2": 0.0171012207866,
        "dvar": 0.000272957462585,
        "dvar2": 0.000649362336844,
        "max": 0.499999940395,
        "mean": 0.481230527163,
        "median": 0.483783125877,
        "min": 0.0728432834148,
        "var": 0.000245909788646
    },
    "dynamic_complexity": 1.8817255497,
    "erbbands_crest": {
        "dmean": 1.81586778164,
        "dmean2": 2.9973025322,
        "dvar": 2.95227217674,
        "dvar2": 7.70313215256,
        "max": 23.098777771,
        "mean": 6.84537553787,
        "median": 6.16913414001,
        "min": 3.0308201313,
        "var": 6.59037828445
    },
    "erbbands_flatness_db": {
        "dmean": 0.0195107031614,
        "dmean2": 0.0250956770033,
        "dvar": 0.000341243809089,
        "dvar2": 0.000498696055729,
        "max": 0.308141440153,
        "mean": 0.179933145642,
        "median": 0.177248194814,
        "min": 0.0666238516569,
        "var": 0.00187979952898
    },
    "erbbands_kurtosis": {
        "dmean": 0.64054608345,
        "dmean2": 1.01211547852,
        "dvar": 0.601663351059,
        "dvar2": 1.4314968586,
        "max": 14.279548645,
        "mean": 0.227970287204,
        "median": -0.0180163383484,
        "min": -1.65861427784,
        "var": 1.44386100769
    },
    "erbbands_skewness": {
        "dmean": 0.265501141548,
        "dmean2": 0.416451007128,
        "dvar": 0.0511915758252,
        "dvar2": 0.122748613358,
        "max": 1.87648463249,
        "mean": -0.466865777969,
        "median": -0.436439871788,
        "min": -3.01091575623,
        "var": 0.217475429177
    },
    "erbbands_spread": {
        "dmean": 4.52800941467,
        "dmean2": 7.17053556442,
        "dvar": 18.1469764709,
        "dvar2": 41.4138298035,
        "max": 68.3305892944,
        "mean": 27.0086975098,
        "median": 26.0609588623,
        "min": 5.91074752808,
        "var": 62.61277771
    },
    "hfc": {
        "dmean": 6.90753984451,
        "dmean2": 9.89206695557,
        "dvar": 53.2822265625,
        "dvar2": 96.1636657715,
        "max": 85.7701034546,
        "mean": 28.230266571,
        "median": 27.0915851593,
        "min": 1.21447769266e-16,
        "var": 227.876144409
    },
    "melbands_crest": {
        "dmean": 3.25858926773,
        "dmean2": 4.97586917877,
        "dvar": 10.1540470123,
        "dvar2": 18.2024917603,
        "max": 30.5344657898,
        "mean": 10.2633237839,
        "median": 8.57531833649,
        "min": 1.89425301552,
        "var": 29.3909702301
    },
    "melbands_flatness_db": {
        "dmean": 0.0233202483505,
        "dmean2": 0.0355881601572,
        "dvar": 0.000591240066569,
        "dvar2": 0.0013568950817,
        "max": 0.288893520832,
        "mean": 0.136318057775,
        "median": 0.131753623486,
        "min": 0.00533510139212,
        "var": 0.00167816865724
    },
    "melbands_kurtosis": {
        "dmean": 2.02769851685,
        "dmean2": 3.40532755852,
        "dvar": 17.8330039978,
        "dvar2": 47.3322296143,
        "max": 50.5102539062,
        "mean": 1.45040953159,
        "median": 0.142445445061,
        "min": -1.68418967724,
        "var": 18.2333126068
    },
    "melbands_skewness": {
        "dmean": 0.48999902606,
        "dmean2": 0.766873538494,
        "dvar": 0.360216766596,
        "dvar2": 0.831188976765,
        "max": 6.67078065872,
        "mean": 1.12259542942,
        "median": 0.921641528606,
        "min": -0.746872782707,
        "var": 0.785655379295
    },
    "melbands_spread": {
        "dmean": 8.33218479156,
        "dmean2": 13.1229562759,
        "dvar": 63.3998069763,
        "dvar2": 142.51902771,
        "max": 130.952514648,
        "mean": 42.4882316589,
        "median": 42.6858291626,
        "min": 6.45719146729,
        "var": 168.22164917
    },
    "pitch_salience": {
        "dmean": 0.0673729330301,
        "dmean2": 0.111627995968,
        "dvar": 0.00484242010862,
        "dvar2": 0.0118230776861,
        "max": 0.951989889145,
        "mean": 0.601225674152,
        "median": 0.619890570641,
        "min": 0.176560729742,
        "var": 0.00917614996433
    },
    "silence_rate_20dB": {
        "dmean": 0,
        "dmean2": 0,
        "dvar": 0,
        "dvar2": 0,
        "max": 1,
        "mean": 1,
        "median": 1,
        "min": 1,
        "var": 0
    },
    "silence_rate_30dB": {
        "dmean": 0,
        "dmean2": 0,
        "dvar": 0,
        "dvar2": 0,
        "max": 1,
        "mean": 1,
        "median": 1,
        "min": 1,
        "var": 0
    },
    "silence_rate_60dB": {
        "dmean": 0.00515729747713,
        "dmean2": 0.00980392191559,
        "dvar": 0.0051307445392,
        "dvar2": 0.0107395248488,
        "max": 1,
        "mean": 0.00824742298573,
        "median": 0,
        "min": 0,
        "var": 0.0081792594865
    },
    "spectral_centroid": {
        "dmean": 199.732208252,
        "dmean2": 315.061737061,
        "dvar": 68686.1796875,
        "dvar2": 114158.945312,
        "max": 10857.1552734,
        "mean": 2036.60095215,
        "median": 2076.12768555,
        "min": 832.481018066,
        "var": 139803.90625
    },
    "spectral_complexity": {
        "dmean": 4.20526027679,
        "dmean2": 6.44530439377,
        "dvar": 12.5293273926,
        "dvar2": 26.6942939758,
        "max": 56,
        "mean": 31.2340202332,
        "median": 32,
        "min": 0,
        "var": 56.0080528259
    },
    "spectral_decrease": {
        "dmean": 2.46374876056e-09,
        "dmean2": 3.72614117339e-09,
        "dvar": 1.98502022297e-17,
        "dvar2": 4.6215490722e-17,
        "max": 3.31727981504e-29,
        "mean": -5.80568082498e-09,
        "median": -4.62329463602e-09,
        "min": -3.64959618082e-08,
        "var": 2.71215879982e-17
    },
    "spectral_energy": {
        "dmean": 0.00981864240021,
        "dmean2": 0.0147156901658,
        "dvar": 0.000292105047265,
        "dvar2": 0.000672763271723,
        "max": 0.142644077539,
        "mean": 0.02447257936,
        "median": 0.0201477240771,
        "min": 1.08904620354e-20,
        "var": 0.00042164963088
    },
    "spectral_energyband_high": {
        "dmean": 0.000291942065815,
        "dmean2": 0.000413276080508,
        "dvar": 1.97915539957e-07,
        "dvar2": 3.75707145395e-07,
        "max": 0.00756053626537,
        "mean": 0.000709185842425,
        "median": 0.000554788857698,
        "min": 8.23031623234e-21,
        "var": 4.83392852857e-07
    },
    "spectral_energyband_low": {
        "dmean": 0.00625457242131,
        "dmean2": 0.0104783289135,
        "dvar": 0.000255172199104,
        "dvar2": 0.000663348822854,
        "max": 0.116117164493,
        "mean": 0.00607705675066,
        "median": 0.00105720176362,
        "min": 3.35482821468e-23,
        "var": 0.000229673751164
    },
    "spectral_energyband_middle_high": {
        "dmean": 0.00268867984414,
        "dmean2": 0.004060334526,
        "dvar": 7.9666124293e-06,
        "dvar2": 1.76344692591e-05,
        "max": 0.0434477366507,
        "mean": 0.0103684095666,
        "median": 0.00992624182254,
        "min": 1.42526198282e-21,
        "var": 3.35990844178e-05
    },
    "spectral_energyband_middle_low": {
        "dmean": 0.00292878272012,
        "dmean2": 0.00473086815327,
        "dvar": 2.09863010241e-05,
        "dvar2": 5.30032411916e-05,
        "max": 0.0469309985638,
        "mean": 0.00770756136626,
        "median": 0.00643016118556,
        "min": 2.82576261894e-22,
        "var": 3.44608961313e-05
    },
    "spectral_entropy": {
        "dmean": 0.104300364852,
        "dmean2": 0.147398814559,
        "dvar": 0.0104408627376,
        "dvar2": 0.016967445612,
        "max": 9.77730846405,
        "mean": 7.6870803833,
        "median": 7.67823791504,
        "min": 7.09136819839,
        "var": 0.0404280126095
    },
    "spectral_flux": {
        "dmean": 0.0250904392451,
        "dmean2": 0.0374926440418,
        "dvar": 0.00125167495571,
        "dvar2": 0.00219073821791,
        "max": 0.316636115313,
        "mean": 0.0892526060343,
        "median": 0.0753373801708,
        "min": 1.04357376907e-10,
        "var": 0.00251302588731
    },
    "spectral_kurtosis": {
        "dmean": 2.16005253792,
        "dmean2": 3.76670336723,
        "dvar": 5.18555402756,
        "dvar2": 16.2642822266,
        "max": 25.2720451355,
        "mean": 5.65878582001,
        "median": 5.23714542389,
        "min": -1.18091547489,
        "var": 6.14023923874
    },
    "spectral_rms": {
        "dmean": 0.000822738162242,
        "dmean2": 0.00117435480934,
        "dvar": 1.24888742903e-06,
        "dvar2": 2.53961115959e-06,
        "max": 0.0117968199775,
        "mean": 0.00457142712548,
        "median": 0.00443354435265,
        "min": 3.25957685322e-12,
        "var": 2.97771566693e-06
    },
    "spectral_rolloff": {
        "dmean": 428.843566895,
        "dmean2": 686.086303711,
        "dvar": 447317.40625,
        "dvar2": 880367.8125,
        "max": 18733.8867188,
        "mean": 2488.17553711,
        "median": 2519.38476562,
        "min": 86.1328125,
        "var": 674096.4375
    },
    "spectral_skewness": {
        "dmean": 0.260562986135,
        "dmean2": 0.436732828617,
        "dvar": 0.0626387223601,
        "dvar2": 0.169513508677,
        "max": 3.6931271553,
        "mean": 1.42368578911,
        "median": 1.47832787037,
        "min": 0.0297133121639,
        "var": 0.12334331125
    },
    "spectral_spread": {
        "dmean": 446108.21875,
        "dmean2": 603452.0625,
        "dvar": 625070047232,
        "dvar2": 523685101568,
        "max": 39578880,
        "mean": 3262770.25,
        "median": 2961240.25,
        "min": 1578416.375,
        "var": 1.84025717146e+12
    },
    "spectral_strongpeak": {
        "dmean": 0.887605726719,
        "dmean2": 1.52242684364,
        "dvar": 1.31945741177,
        "dvar2": 3.10970449448,
        "max": 9.26628875732,
        "mean": 1.43854498863,
        "median": 0.933937311172,
        "min": 5.50175016656e-09,
        "var": 2.06332421303
    },
    "zerocrossingrate": {
        "dmean": 0.00970644690096,
        "dmean2": 0.0112261855975,
        "dvar": 0.000211767226574,
        "dvar2": 0.00025661411928,
        "max": 0.513671875,
        "mean": 0.0826660171151,
        "median": 0.08056640625,
        "min": 0.009765625,
        "var": 0.00063077051891
    },
    "barkbands": {
        "dmean": [0.000137392024044, 0.00534504745156, 0.001111235586, 0.000529684650246, 0.00123174185865, 0.000769516045693, 0.000692982284818, 0.000626533525065, 0.000515354797244, 0.000324896536767, 0.000275224156212, 0.00100327166729, 0.00035736290738, 0.000555903068744, 0.000974867027253, 0.000704343197867, 0.000521497044247, 0.000473094027257, 0.000283240078716, 0.000202794675715, 8.75704718055e-05, 4.25921389251e-05, 4.01963807235e-05, 4.87352663185e-05, 4.29442625318e-05, 2.69813317573e-05, 4.24282825406e-06],
        "dmean2": [0.000175926237716, 0.00912038702518, 0.00197413098067, 0.000919865327887, 0.0020043477416, 0.00125365634449, 0.00109839299694, 0.000990838743746, 0.000793499755673, 0.000532784964889, 0.00044899713248, 0.00156405963935, 0.00058668263955, 0.000895326083992, 0.00159583019558, 0.00113540166058, 0.00083688844461, 0.000773743202444, 0.000462735217297, 0.00032065945561, 0.000138813062222, 6.29108399153e-05, 5.71539021621e-05, 7.11431202944e-05, 6.43389139441e-05, 4.01070428779e-05, 6.85710256221e-06],
        "dvar": [8.08946509778e-08, 0.000206866869121, 8.81898267835e-06, 1.14557599318e-06, 7.48811817175e-06, 1.82201392818e-06, 1.54761880822e-06, 2.5238039143e-06, 6.7604440801e-07, 3.4065740806e-07, 3.71794783405e-07, 1.95972756956e-06, 2.03941439736e-07, 5.46223532183e-07, 1.50492496687e-06, 1.2967185512e-06, 4.37036987933e-07, 2.970193691e-07, 1.10768645811e-07, 8.06355870964e-08, 1.90149673784e-08, 5.10549691413e-09, 1.01322168433e-08, 1.40239500013e-08, 7.22699633471e-09, 3.53574503009e-09, 1.22324469998e-10],
        "dvar2": [1.20744601873e-07, 0.00055288488511, 2.42073911068e-05, 3.13788018502e-06, 1.89296151802e-05, 4.89986405228e-06, 3.65149230674e-06, 6.11682025919e-06, 1.51780761826e-06, 8.0596657881e-07, 9.53017263328e-07, 4.60483806819e-06, 5.3737988992e-07, 1.36961136832e-06, 3.83621090805e-06, 3.22033815792e-06, 9.89120280792e-07, 8.09951018255e-07, 2.82865187273e-07, 2.04897673939e-07, 4.72891557024e-08, 1.04079314056e-08, 1.64881193143e-08, 2.87045054392e-08, 1.58289665819e-08, 7.61947038797e-09, 3.00214880733e-10],
        "max": [0.00256155594252, 0.0993400141597, 0.0241626370698, 0.011686000973, 0.0307234283537, 0.0254158750176, 0.017903463915, 0.030105765909, 0.0161697119474, 0.0162204001099, 0.0168286077678, 0.0198915936053, 0.00717237172648, 0.0121676437557, 0.0156434010714, 0.0185316391289, 0.0106433564797, 0.00845444109291, 0.00525687960908, 0.00404149806127, 0.00194371351972, 0.00126222602557, 0.00339851621538, 0.002361391671, 0.000963059603237, 0.000859547755681, 0.000135937705636],
        "mean": [0.000176532019395, 0.00461628288031, 0.000964762177318, 0.000666157342494, 0.00162022188306, 0.00174832297489, 0.00131209788378, 0.00108086923137, 0.00115926039871, 0.000582910492085, 0.000438770424807, 0.00176792929415, 0.000651987618767, 0.00100600405131, 0.00163469580002, 0.00122156273574, 0.00115346559323, 0.00106144824531, 0.000637649442069, 0.000459524890175, 0.000197613611817, 7.1269198088e-05, 6.48981440463e-05, 7.45585930417e-05, 6.26813271083e-05, 3.69787085219e-05, 4.10224220104e-06],
        "median": [5.23559538124e-06, 0.000215637410292, 0.000377145624952, 0.000384059268981, 0.000737509923056, 0.00108258903492, 0.000536706997082, 0.000395958835725, 0.00063884339761, 0.000287332804874, 0.000258561776718, 0.00102800433524, 0.000502022565342, 0.000743297103327, 0.0011260433821, 0.000803775154054, 0.000882198568434, 0.000862402259372, 0.000516657833941, 0.0003428128839, 0.000153975037392, 4.38625793322e-05, 3.38950412697e-05, 2.74785234069e-05, 1.46261045302e-05, 6.64811477691e-06, 3.27067937178e-07],
        "min": [3.94173536391e-23, 6.67643276347e-24, 9.32839222249e-24, 7.66245130815e-24, 6.32433195595e-23, 2.0052014329e-23, 8.85301359695e-23, 1.71796092678e-23, 7.22039527166e-23, 5.92368275505e-23, 5.72664675794e-23, 1.35355341582e-22, 1.4118544019e-22, 1.07385249512e-22, 1.41896550964e-22, 8.84070294921e-23, 9.80163713705e-23, 1.34091586411e-22, 2.51579405195e-22, 3.09412653557e-22, 4.81722998348e-22, 5.82310967917e-22, 7.25907129168e-22, 8.66840954284e-22, 1.35863183727e-21, 1.82800230882e-21, 2.49762440173e-21],
        "var": [1.61882795169e-07, 0.000173524167622, 5.84735198572e-06, 9.67196569945e-07, 7.96800850367e-06, 3.77759988623e-06, 3.94043581764e-06, 7.31578165869e-06, 1.90500452391e-06, 9.53037726958e-07, 4.96678126183e-07, 4.2013325583e-06, 3.09278021859e-07, 9.30134945065e-07, 2.86109752778e-06, 2.05804940379e-06, 1.1120923773e-06, 6.0457972495e-07, 2.39428686655e-07, 1.93917429669e-07, 3.6544864912e-08, 8.61259685792e-09, 1.98241494331e-08, 2.40464270718e-08, 1.3098299334e-08, 5.51726531128e-09, 1.21664470165e-10]
    },
    "erbbands": {
        "dmean": [0.147278293967, 1.23475444317, 1.67225432396, 1.33079135418, 3.80056595802, 3.40081620216, 5.14448881149, 7.02259635925, 8.73782730103, 11.7143831253, 12.4386100769, 9.52108192444, 11.7427768707, 11.3799934387, 21.750667572, 27.665096283, 14.5610952377, 26.4745635986, 30.7528400421, 38.2648048401, 40.7201042175, 29.6939430237, 25.633890152, 15.3135461807, 11.8817529678, 7.96331310272, 4.70386171341, 2.55470919609, 1.60783612728, 1.56418013573, 1.04489254951, 1.1000957489, 0.745846033096, 0.535318374634, 0.294866383076, 0.126493811607, 0.0526227653027, 0.0130951562896, 0.000392230402213, 1.82320582098e-05],
        "dmean2": [0.222892150283, 2.24299836159, 3.03995728493, 2.27565741539, 6.29124403, 5.54478263855, 8.39944267273, 11.2047891617, 13.6797208786, 17.8594665527, 19.9628677368, 15.0317049026, 18.696811676, 18.637134552, 34.6967277527, 42.5696411133, 24.0063514709, 42.3446311951, 50.0679550171, 61.3707389832, 65.9499664307, 47.2372741699, 41.1954956055, 24.4349346161, 18.9017238617, 12.5872211456, 7.51653909683, 3.99143719673, 2.40854692459, 2.24684977531, 1.49928760529, 1.61861991882, 1.11336433887, 0.827035963535, 0.450882166624, 0.195871546865, 0.0812997147441, 0.0204171016812, 0.000617974845227, 2.60574506683e-05],
        "dvar": [0.124149613082, 12.8048362732, 23.2134742737, 6.16291570663, 117.523399353, 44.046081543, 97.9674758911, 132.629623413, 225.840148926, 536.713684082, 999.962646484, 323.944519043, 312.381195068, 412.296020508, 2031.17297363, 1177.24414062, 361.878295898, 1255.49365234, 1331.73864746, 2306.35058594, 4035.73217773, 1724.12207031, 916.988037109, 242.72114563, 229.254974365, 126.36328125, 44.7399940491, 13.0786418915, 7.13093519211, 17.7614326477, 5.38359260559, 7.17714548111, 4.05015277863, 1.1409368515, 0.363268405199, 0.0750197321177, 0.0152006810531, 0.000909568916541, 1.13176167815e-06, 7.8340012255e-10],
        "dvar2": [0.285341382027, 35.5172157288, 63.7470054626, 16.1891746521, 297.760681152, 114.825141907, 268.850097656, 339.466156006, 530.129577637, 1205.45947266, 2409.82080078, 775.397338867, 692.553588867, 976.566833496, 5258.31738281, 2650.94189453, 932.38293457, 3214.74194336, 3195.96875, 5713.80224609, 10398.3457031, 3912.76806641, 2514.40063477, 612.067565918, 572.390380859, 310.368682861, 114.430938721, 30.6324729919, 15.6335916519, 29.2353172302, 9.25360584259, 14.8692932129, 8.8485660553, 2.58346676826, 0.806497335434, 0.167587310076, 0.0348861292005, 0.00202092761174, 2.73294085673e-06, 1.71258962567e-09],
        "max": [2.07985925674, 24.9226131439, 34.3069763184, 21.4701881409, 96.871383667, 86.8418426514, 166.141342163, 208.410491943, 255.953109741, 323.342132568, 760.53112793, 347.327087402, 370.610778809, 483.537353516, 1363.26940918, 455.590209961, 349.703552246, 631.595458984, 787.834960938, 674.766235352, 1217.15966797, 704.262390137, 496.535400391, 222.12588501, 232.673690796, 149.25328064, 93.139251709, 51.7852973938, 38.2182044983, 136.927474976, 71.3709640503, 51.5094833374, 48.7514877319, 12.523938179, 6.68702697754, 4.40850114822, 1.73075580597, 0.389925628901, 0.0155840637162, 0.00033179615275],
        "mean": [0.154448926449, 0.92786616087, 1.31656801701, 1.74352025986, 3.98784422874, 4.71227025986, 8.99042034149, 16.424823761, 18.2264156342, 21.4601669312, 23.0251598358, 20.5541667938, 27.6490783691, 20.5871658325, 38.7650566101, 51.5518455505, 29.9158916473, 49.2282524109, 59.3037567139, 74.9413146973, 78.7064819336, 68.0354156494, 60.116519928, 41.416934967, 29.7791595459, 19.1892127991, 10.9199314117, 5.61320114136, 2.7249994278, 2.48681259155, 1.7100995779, 1.62044751644, 1.13530290127, 0.751393556595, 0.422937691212, 0.172061905265, 0.0652891248465, 0.0148109812289, 0.000418360257754, 4.09488347941e-05],
        "median": [0.00256670452654, 0.055485367775, 0.373951435089, 1.09858810902, 1.34870648384, 2.30026364326, 5.33256673813, 9.26606178284, 9.74914360046, 9.78852748871, 9.81024074554, 12.5435905457, 15.7378177643, 12.5709533691, 22.6240272522, 32.2040252686, 23.9830207825, 37.0085830688, 44.8473396301, 55.1966362, 57.9212493896, 51.9795799255, 49.755153656, 35.6450691223, 23.1328163147, 15.2169647217, 8.71925735474, 4.30106639862, 1.73648333549, 1.29237186909, 0.890119850636, 0.693321824074, 0.342598617077, 0.176612079144, 0.10025754571, 0.0297288037837, 0.0101558258757, 0.00194547441788, 6.23569649179e-05, 3.04198729282e-05],
        "min": [4.49472900417e-22, 1.05978355846e-21, 9.41533647036e-21, 1.72959734079e-20, 1.08001327816e-19, 1.99327986954e-19, 2.0106206771e-19, 2.1450371389e-19, 8.33007634679e-19, 1.2683131381e-18, 5.13312254095e-19, 1.36822456197e-18, 2.06863292141e-18, 2.04455534814e-18, 2.6546395138e-18, 7.02801268874e-18, 7.45506453231e-18, 4.86738715025e-18, 6.46056472058e-18, 6.70318175733e-18, 6.09958310126e-18, 5.53528090097e-18, 7.47634375357e-18, 8.57458979849e-18, 1.75846753002e-17, 1.34257642087e-17, 1.49068765904e-17, 2.35611462158e-17, 2.11643903909e-17, 1.87219378003e-17, 1.66935470089e-17, 2.16040236516e-17, 1.28776635815e-17, 1.7281057002e-17, 8.59302682716e-18, 6.37246791739e-18, 3.63288171097e-18, 1.27663364448e-18, 3.36603857034e-19, 3.86418521753e-20],
        "var": [0.153643965721, 8.86461544037, 14.9895572662, 5.67274188995, 101.251548767, 53.722984314, 162.541885376, 370.502319336, 643.140075684, 1197.12670898, 2748.90625, 671.381591797, 1090.72302246, 862.172363281, 2783.05688477, 2764.18261719, 562.077209473, 2013.74768066, 2953.95825195, 4640.72070312, 6178.44384766, 4145.10693359, 1864.05578613, 673.02130127, 612.546325684, 315.745147705, 96.2813110352, 28.6352958679, 11.2052049637, 30.3674907684, 10.9921007156, 12.098906517, 6.00591182709, 1.91545951366, 0.616179287434, 0.115399494767, 0.020499881357, 0.0011546300957, 1.1714428183e-06, 1.30495048101e-09]
    },
    "gfcc": {
        "mean": [17.7475891113, 86.0388870239, -162.269989014, 25.3076381683, -48.1131629944, -0.970658302307, -43.9287719727, 8.24297142029, -25.2007274628, 0.744871020317, -12.7200918198, -0.802309632301, -10.4522256851],
        "cov": [[3736.47070312, -1128.97741699, 914.029296875, -19.1931762695, -80.166053772, 504.988464355, -122.263648987, 347.102233887, -117.320968628, 335.152435303, -211.158905029, 280.374755859, -143.142288208], [-1128.97741699, 1339.45153809, -645.089294434, 245.606491089, 159.270111084, -270.301483154, 246.388748169, -211.153869629, 189.286026001, -204.129333496, 216.937271118, -206.942062378, 156.093795776], [914.029296875, -645.089294434, 835.65057373, 5.06113624573, 91.3448028564, 327.237060547, -91.6965789795, 252.117385864, -46.0571670532, 193.755844116, -91.7766418457, 174.504592896, -80.339263916], [-19.1931762695, 245.606491089, 5.06113624573, 219.239227295, 97.3539733887, 53.890460968, 64.1035766602, -0.685512185097, 87.2627258301, -24.3146476746, 73.035949707, -17.0135860443, 55.410861969], [-80.166053772, 159.270111084, 91.3448028564, 97.3539733887, 193.177749634, 60.1827201843, 82.2305603027, 33.8601799011, 53.3578224182, 17.9626617432, 28.2846260071, 24.2585887909, 25.7632408142], [504.988464355, -270.301483154, 327.237060547, 53.890460968, 60.1827201843, 265.566619873, 11.0244846344, 135.904144287, 9.60146713257, 80.3101196289, -19.8143901825, 86.2732849121, -11.7555007935], [-122.263648987, 246.388748169, -91.6965789795, 64.1035766602, 82.2305603027, 11.0244846344, 175.665725708, 6.83123683929, 70.9734039307, 1.39374017715, 43.4819602966, 1.83753347397, 41.004447937], [347.102233887, -211.153869629, 252.117385864, -0.685512185097, 33.8601799011, 135.904144287, 6.83123683929, 169.421829224, 20.1292362213, 90.9681167603, -20.9137973785, 62.0795097351, -13.7488069534], [-117.320968628, 189.286026001, -46.0571670532, 87.2627258301, 53.3578224182, 9.60146713257, 70.9734039307, 20.1292362213, 129.002944946, 8.10469150543, 61.0412025452, -19.0834064484, 32.5409660339], [335.152435303, -204.129333496, 193.755844116, -24.3146476746, 17.9626617432, 80.3101196289, 1.39374017715, 90.9681167603, 8.10469150543, 134.948348999, -14.1817464828, 75.7005844116, -14.4124450684], [-211.158905029, 216.937271118, -91.7766418457, 73.035949707, 28.2846260071, -19.8143901825, 43.4819602966, -20.9137973785, 61.0412025452, -14.1817464828, 109.257362366, -8.74707126617, 44.9123306274], [280.374755859, -206.942062378, 174.504592896, -17.0135860443, 24.2585887909, 86.2732849121, 1.83753347397, 62.0795097351, -19.0834064484, 75.7005844116, -8.74707126617, 118.446937561, 4.14658880234], [-143.142288208, 156.093795776, -80.339263916, 55.410861969, 25.7632408142, -11.7555007935, 41.004447937, -13.7488069534, 32.5409660339, -14.4124450684, 44.9123306274, 4.14658880234, 83.9358596802]],
        "icov": [[0.000532776524778, -0.000116110713861, 1.04782966446e-05, -0.000705874408595, 0.000721092103049, -0.000545990595128, 5.31111072632e-05, -0.000184177115443, 0.0002883108682, -0.000798571505584, 0.000846243405249, -0.000635971373413, 0.000576332153287], [-0.000116110713861, 0.00421506492421, 0.000217590844841, -0.000871927535627, -0.00255731190555, 0.00248469994403, -0.00300847738981, 0.000810940400697, -0.000345604261383, 0.0014919040259, -0.00364665454254, 0.00433411076665, -0.00239004241303], [1.04782966446e-05, 0.000217590844841, 0.0052047977224, -0.00163563864771, -0.00214617047459, -0.00239692954347, 0.00294556142762, -0.00307500571944, 0.00110015412793, -0.0020613335073, 0.001222730265, -0.00230707856826, 0.00273441430181], [-0.000705874408595, -0.000871927535627, -0.00163563864771, 0.0119489617646, -0.00300518493168, -0.00283085834235, 0.000593974196818, 0.00277161016129, -0.00429897522554, 0.00301079778001, -0.00363212963566, 0.00275651155971, -0.004355317913], [0.000721092103049, -0.00255731190555, -0.00214617047459, -0.00300518493168, 0.0114299179986, -0.00122231943533, -0.00228065019473, -9.45931096794e-05, -0.000231652185903, -0.00104615685996, 0.00339238997549, -0.00398538587615, 0.00162623100914], [-0.000545990595128, 0.00248469994403, -0.00239692954347, -0.00283085834235, -0.00122231943533, 0.0118248052895, -0.0033635974396, -0.00339774554595, 5.5563490605e-05, 0.00303464778699, -0.00206224620342, 0.000190185193787, -0.0012657600455], [5.31111072632e-05, -0.00300847738981, 0.00294556142762, 0.000593974196818, -0.00228065019473, -0.0033635974396, 0.0127870887518, -0.00194912927691, -0.00278363283724, -0.00195630383678, 0.00313539011404, -0.00490055372939, 0.0010831967229], [-0.000184177115443, 0.000810940400697, -0.00307500571944, 0.00277161016129, -9.45931096794e-05, -0.00339774554595, -0.00194912927691, 0.0159459542483, -0.00415519252419, -0.00363904051483, -2.79551750282e-05, 0.00269375904463, -0.00260984431952], [0.0002883108682, -0.000345604261383, 0.00110015412793, -0.00429897522554, -0.000231652185903, 5.5563490605e-05, -0.00278363283724, -0.00415519252419, 0.0169161818922, -0.00433458713815, -0.0045901867561, 0.00383389438502, 0.000747747253627], [-0.000798571505584, 0.0014919040259, -0.0020613335073, 0.00301079778001, -0.00104615685996, 0.00303464778699, -0.00195630383678, -0.00363904051483, -0.00433458713815, 0.0186276938766, -0.0027291723527, -0.00488292844966, -0.000410659704357], [0.000846243405249, -0.00364665454254, 0.001222730265, -0.00363212963566, 0.00339238997549, -0.00206224620342, 0.00313539011404, -2.79551750282e-05, -0.0045901867561, -0.0027291723527, 0.0208212565631, -0.0073629245162, -0.000539817032404], [-0.000635971373413, 0.00433411076665, -0.00230707856826, 0.00275651155971, -0.00398538587615, 0.000190185193787, -0.00490055372939, 0.00269375904463, 0.00383389438502, -0.00488292844966, -0.0073629245162, 0.0241550970823, -0.00866575818509], [0.000576332153287, -0.00239004241303, 0.00273441430181, -0.004355317913, 0.00162623100914, -0.0012657600455, 0.0010831967229, -0.00260984431952, 0.000747747253627, -0.000410659704357, -0.000539817032404, -0.00866575818509, 0.0215573310852]]
    },
    "melbands": {
        "dmean": [0.0014132084325, 0.00116767792497, 0.00030197747401, 0.000267930910923, 0.000166637270013, 0.000153718152433, 0.000137466864544, 0.000135943773785, 9.48742017499e-05, 6.7412496719e-05, 6.01786086918e-05, 4.72910978715e-05, 4.86771823489e-05, 0.000130484695546, 3.82399775845e-05, 4.69683727715e-05, 4.94378546136e-05, 4.31180669693e-05, 9.55838913796e-05, 4.02292134822e-05, 4.88361401949e-05, 3.34215656039e-05, 2.86903505184e-05, 2.37555213971e-05, 1.29710369947e-05, 1.11787212518e-05, 9.61131718213e-06, 5.66847711525e-06, 3.73105831386e-06, 2.15712771023e-06, 1.40198369536e-06, 9.65393041952e-07, 9.10048754577e-07, 9.23163327116e-07, 6.24461335974e-07, 6.24853385034e-07, 7.19345791822e-07, 5.74802072606e-07, 5.09908431923e-07, 4.37969447376e-07],
        "dmean2": [0.00231713894755, 0.00209048902616, 0.000502017093822, 0.000444046105258, 0.000273012468824, 0.00024659873452, 0.000215670341277, 0.000208369878237, 0.000152105334564, 0.000105218496174, 9.59039025474e-05, 7.73612628109e-05, 7.89734476712e-05, 0.000204368014238, 6.0122260038e-05, 7.7681223047e-05, 7.91199199739e-05, 6.96883944329e-05, 0.000157758840942, 6.35096148471e-05, 7.98982509878e-05, 5.33314596396e-05, 4.60554438177e-05, 3.91747707909e-05, 2.07090379263e-05, 1.82794974535e-05, 1.53684668476e-05, 9.29164980334e-06, 6.13057090959e-06, 3.39481312039e-06, 2.24903578783e-06, 1.4807893649e-06, 1.35588720696e-06, 1.34636479743e-06, 9.05024421627e-07, 9.58600708145e-07, 1.0522089724e-06, 8.69787982083e-07, 7.96082929355e-07, 6.88994759912e-07],
        "dvar": [1.30999806061e-05, 1.11659819595e-05, 4.42268202505e-07, 4.63937368522e-07, 9.28417236423e-08, 6.34824743884e-08, 5.23837577759e-08, 7.35425160769e-08, 4.87177338471e-08, 1.34527065043e-08, 8.35370439489e-09, 6.97465063482e-09, 1.17971934444e-08, 3.84342015991e-08, 2.81703727012e-09, 3.25558047187e-09, 4.95928054178e-09, 3.21725046604e-09, 1.51896220046e-08, 5.53941070791e-09, 5.19792608955e-09, 2.10770578768e-09, 1.44428990989e-09, 7.03485214526e-10, 1.83336221204e-10, 2.04810168825e-10, 1.73964620487e-10, 7.38592936811e-11, 2.76017316642e-11, 2.05135387843e-11, 3.37490669092e-12, 2.5131778169e-12, 2.97565769768e-12, 7.80793398686e-12, 1.82987262495e-12, 2.15124164142e-12, 3.06992192084e-12, 2.43988640056e-12, 1.40644700747e-12, 7.54663313177e-13],
        "dvar2": [3.36459233949e-05, 3.07964946842e-05, 1.14591830425e-06, 1.18392893e-06, 2.47562525146e-07, 1.63533911746e-07, 1.24842927107e-07, 1.69112269077e-07, 1.16570873843e-07, 3.16238413234e-08, 1.83461352776e-08, 1.63786975094e-08, 3.13040686706e-08, 9.07754298396e-08, 6.41899644549e-09, 8.48216963334e-09, 1.27661214933e-08, 7.48111350646e-09, 3.85650480439e-08, 1.30923050179e-08, 1.34299087406e-08, 4.86283813217e-09, 3.7044569634e-09, 1.95426008709e-09, 4.61078286662e-10, 5.32140664866e-10, 4.37612751591e-10, 1.84275858461e-10, 7.27395296773e-11, 5.0543166874e-11, 8.08171585209e-12, 5.78308061161e-12, 6.41929565059e-12, 1.29582594655e-11, 3.15541386423e-12, 4.77937307786e-12, 6.29836981181e-12, 5.36387947947e-12, 3.20855885264e-12, 1.76628362544e-12],
        "max": [0.023296367377, 0.0239779353142, 0.0060069821775, 0.00816344562918, 0.00504272477701, 0.0041780215688, 0.00331229902804, 0.00453552883118, 0.00512506393716, 0.00233831745572, 0.00188452901784, 0.00186369370203, 0.00340356049128, 0.00280841509812, 0.000766564451624, 0.000879792380147, 0.00141448434442, 0.00138115708251, 0.00159812450875, 0.00122515438125, 0.0013030031696, 0.000687676365487, 0.000527050637174, 0.000304278335534, 0.000195941174752, 0.000235151514062, 0.000186322096852, 0.000117197116197, 8.35109531181e-05, 7.57748202886e-05, 2.15679883695e-05, 1.9630888346e-05, 3.70991110685e-05, 9.0934590844e-05, 4.31624503108e-05, 3.57541393896e-05, 3.00226965919e-05, 3.63905419363e-05, 2.75598213193e-05, 1.0443982319e-05],
        "mean": [0.00131970690563, 0.000896539946552, 0.000371384026948, 0.000309127324726, 0.000292761949822, 0.000359549332643, 0.000288688635919, 0.000246504525421, 0.000172026804648, 0.000146605321788, 0.000139337877044, 8.23927548481e-05, 9.01338280528e-05, 0.00021932159143, 6.39002755634e-05, 8.55496691656e-05, 8.82626700331e-05, 7.81955750426e-05, 0.000151699510752, 7.2395967436e-05, 9.00224695215e-05, 6.84707993059e-05, 5.87913345953e-05, 5.11504731548e-05, 3.16877740261e-05, 2.49072236329e-05, 1.88427529793e-05, 1.15965394798e-05, 7.91328875493e-06, 4.06896015193e-06, 2.8094125355e-06, 1.48860306126e-06, 1.35273467095e-06, 1.37792210353e-06, 9.56230337579e-07, 9.39237168041e-07, 1.0140121276e-06, 8.43327086386e-07, 6.88792852088e-07, 5.90496085806e-07],
        "median": [4.20603137172e-05, 0.000168120051967, 0.000202889204957, 0.000123621110106, 0.000177179827006, 0.000217987108044, 0.000162233744049, 0.000105116152554, 7.16282302164e-05, 8.24608068797e-05, 7.66102966736e-05, 4.70585218864e-05, 5.64746769669e-05, 0.000109666478238, 3.71651476598e-05, 6.47266278975e-05, 6.58839999232e-05, 5.54629223188e-05, 0.000100665783975, 4.55877452623e-05, 6.54172763461e-05, 4.96341817779e-05, 4.6116336307e-05, 4.12965491705e-05, 2.63120273303e-05, 1.93781597773e-05, 1.3340744772e-05, 8.62039996719e-06, 5.89318733546e-06, 2.87985199066e-06, 2.05895821637e-06, 8.9637325118e-07, 7.60445686865e-07, 6.57281418626e-07, 4.92089952786e-07, 4.4669241106e-07, 3.89093770536e-07, 2.4639956564e-07, 1.62378427149e-07, 1.30351764938e-07],
        "min": [4.88611491123e-24, 3.66806318647e-24, 5.74647146358e-24, 1.05802482148e-23, 8.87372671774e-24, 5.30270328337e-24, 1.43254978909e-23, 1.14805444003e-23, 5.08600674258e-24, 9.15768193374e-24, 1.04036072697e-23, 8.25541122934e-24, 7.24206338746e-24, 1.37989490139e-23, 1.8491718456e-23, 1.31092321473e-23, 9.35524189226e-24, 1.03226945955e-23, 1.02636325796e-23, 6.98143005526e-24, 7.24770689837e-24, 5.55620570742e-24, 6.64872323532e-24, 5.38863350735e-24, 6.71340746296e-24, 1.10053409019e-23, 1.42062836532e-23, 7.33261988621e-24, 7.76927332991e-24, 1.28036984301e-23, 1.31313762617e-23, 1.31197224196e-23, 9.70605149225e-24, 1.16127992977e-23, 6.51251732813e-24, 1.67820580814e-23, 1.21156720923e-23, 5.60918718353e-24, 1.60903564407e-23, 1.37977767666e-23],
        "var": [1.26857567011e-05, 7.48769753045e-06, 3.87636589494e-07, 4.25734526743e-07, 1.71205513766e-07, 1.66798201917e-07, 1.46020312286e-07, 1.91505918679e-07, 1.33597737317e-07, 3.21681277171e-08, 2.95321829213e-08, 1.53853889628e-08, 1.48189656102e-08, 7.92966758922e-08, 5.24845100713e-09, 5.60581225884e-09, 7.25047621941e-09, 6.56864918014e-09, 2.69699942379e-08, 9.36374267013e-09, 7.69938868217e-09, 4.81046580347e-09, 2.73387801286e-09, 1.41425671174e-09, 4.51958553915e-10, 4.49295767257e-10, 3.69271363487e-10, 1.49337334165e-10, 5.77451766959e-11, 2.54509538444e-11, 7.6185516229e-12, 3.64553396151e-12, 4.34211390801e-12, 1.31434221146e-11, 3.69192827351e-12, 3.49123681354e-12, 5.14819610553e-12, 3.6028768944e-12, 1.9868917709e-12, 1.20888650652e-12]
    },
    "mfcc": {
        "mean": [-611.279663086, 117.454544067, -49.2090530396, 22.0564155579, 4.58101987839, -6.54597711563, -4.1991686821, -1.35580027103, -6.86207866669, 0.369074821472, -5.29943990707, 1.08263719082, -1.98017752171],
        "cov": [[2222.82543945, -597.859130859, 583.689025879, -163.55770874, 87.0577087402, 153.948440552, 67.1633071899, 80.9047012329, 134.420806885, 81.5007476807, 42.1336708069, 17.7743225098, 123.640724182], [-597.859130859, 748.967834473, -393.520019531, 254.214447021, -78.5521392822, 8.67047214508, 14.68197155, 1.45657348633, -33.0557785034, 25.728302002, -24.622964859, 38.583366394, -30.1263313293], [583.689025879, -393.520019531, 570.559875488, -123.727378845, 218.750244141, 50.1002922058, 71.212272644, 58.2927627563, 87.9432525635, 29.2921638489, 81.2720413208, 11.3005628586, 60.8574829102], [-163.55770874, 254.214447021, -123.727378845, 201.985443115, 3.74584007263, 46.2103157043, 9.21047115326, 22.3956546783, -4.06372928619, 36.3865966797, -18.5923404694, 27.8684043884, 6.46544361115], [87.0577087402, -78.5521392822, 218.750244141, 3.74584007263, 230.276916504, 45.736618042, 54.6719894409, 46.5821914673, 45.5917739868, 26.7932281494, 45.3111953735, 19.8382110596, 20.0669803619], [153.948440552, 8.67047214508, 50.1002922058, 46.2103157043, 45.736618042, 138.730804443, 41.9472198486, 61.9939193726, 31.6505146027, 27.8008117676, 17.504442215, 14.817073822, 20.2202682495], [67.1633071899, 14.68197155, 71.212272644, 9.21047115326, 54.6719894409, 41.9472198486, 98.9719924927, 44.7024650574, 45.350189209, 10.2625379562, 29.2572917938, 5.13857126236, 23.6470050812], [80.9047012329, 1.45657348633, 58.2927627563, 22.3956546783, 46.5821914673, 61.9939193726, 44.7024650574, 105.858459473, 42.6374397278, 34.0884780884, 20.5570850372, 22.6821670532, 15.0333042145], [134.420806885, -33.0557785034, 87.9432525635, -4.06372928619, 45.5917739868, 31.6505146027, 45.350189209, 42.6374397278, 110.897186279, 34.2677612305, 44.0926742554, 5.63104057312, 24.6476612091], [81.5007476807, 25.728302002, 29.2921638489, 36.3865966797, 26.7932281494, 27.8008117676, 10.2625379562, 34.0884780884, 34.2677612305, 88.3402252197, 24.6058521271, 31.7888050079, 12.1940097809], [42.1336708069, -24.622964859, 81.2720413208, -18.5923404694, 45.3111953735, 17.504442215, 29.2572917938, 20.5570850372, 44.0926742554, 24.6058521271, 91.2252044678, 19.3271083832, 21.1245212555], [17.7743225098, 38.583366394, 11.3005628586, 27.8684043884, 19.8382110596, 14.817073822, 5.13857126236, 22.6821670532, 5.63104057312, 31.7888050079, 19.3271083832, 70.7369232178, 23.3861923218], [123.640724182, -30.1263313293, 60.8574829102, 6.46544361115, 20.0669803619, 20.2202682495, 23.6470050812, 15.0333042145, 24.6476612091, 12.1940097809, 21.1245212555, 23.3861923218, 68.5502319336]],
