{
"lowlevel": {
    "average_loudness": 0.984917640686,
    "barkbands_crest": {
        "dmean": 3.01841378212,
        "dmean2": 5.06670331955,
        "dvar": 8.88936042786,
        "dvar2": 25.1740131378,
        "max": 25.0693855286,
        "mean": 14.2058372498,
        "median": 14.1961021423,
        "min": 3.65167236328,
        "var": 19.6756153107
    },
    "barkbands_flatness_db": {
        "dmean": 0.0313564687967,
        "dmean2": 0.0487046986818,
        "dvar": 0.00104882987216,
        "dvar2": 0.00207337900065,
        "max": 0.447683185339,
        "mean": 0.209285646677,
        "median": 0.20368629694,
        "min": 0.0404496081173,
        "var": 0.00573559245095
    },
    "barkbands_kurtosis": {
        "dmean": 6.13957023621,
        "dmean2": 10.1542282104,
        "dvar": 74.3586120605,
        "dvar2": 197.970626831,
        "max": 134.884414673,
        "mean": 11.0038108826,
        "median": 7.28232383728,
        "min": -1.89022386074,
        "var": 173.38104248
    },
    "barkbands_skewness": {
        "dmean": 0.766110658646,
        "dmean2": 1.26896250248,
        "dvar": 0.588907361031,
        "dvar2": 1.5384979248,
        "max": 9.64025402069,
        "mean": 2.69577360153,
        "median": 2.55447363853,
        "min": -1.8886744976,
        "var": 1.68205547333
    },
    "barkbands_spread": {
        "dmean": 4.73196363449,
        "dmean2": 7.22504425049,
        "dvar": 32.7356071472,
        "dvar2": 73.592628479,
        "max": 72.9805908203,
        "mean": 13.832154274,
        "median": 11.4907884598,
        "min": 0.732722222805,
        "var": 107.553833008
    },
    "dissonance": {
        "dmean": 0.024135524407,
        "dmean2": 0.0399381332099,
        "dvar": 0.000697725801729,
        "dvar2": 0.00188873230945,
        "max": 0.499988168478,
        "mean": 0.454524844885,
        "median": 0.466600477695,
        "min": 0.214987829328,
        "var": 0.00141334498767
    },
    "dynamic_complexity": 1.44673347473,
    "erbbands_crest": {
        "dmean": 2.830534935,
        "dmean2": 4.49269628525,
        "dvar": 8.62321949005,
        "dvar2": 19.3456249237,
        "max": 30.1231651306,
        "mean": 9.09653282166,
        "median": 7.93032550812,
        "min": 2.6611032486,
        "var": 23.7514286041
    },
    "erbbands_flatness_db": {
        "dmean": 0.0186756979674,
        "dmean2": 0.0272343680263,
        "dvar": 0.000404837279348,
        "dvar2": 0.000745117315091,
        "max": 0.40130764246,
        "mean": 0.166196078062,
        "median": 0.159735172987,
        "min": 0.0597189627588,
        "var": 0.00270231463946
    },
    "erbbands_kurtosis": {
        "dmean": 1.00145876408,
        "dmean2": 1.5614181757,
        "dvar": 2.90531277657,
        "dvar2": 6.29251480103,
        "max": 36.253490448,
        "mean": 0.419210970402,
        "median": -0.151254177094,
        "min": -1.7513449192,
        "var": 4.84758377075
    },
    "erbbands_skewness": {
        "dmean": 0.381406039,
        "dmean2": 0.582198798656,
        "dvar": 0.143162861466,
        "dvar2": 0.315830945969,
        "max": 2.86222934723,
        "mean": 0.278886914253,
        "median": 0.280768871307,
        "min": -5.71784448624,
        "var": 0.529308021069
    },
    "erbbands_spread": {
        "dmean": 9.39081096649,
        "dmean2": 14.4233169556,
        "dvar": 99.9199981689,
        "dvar2": 236.465209961,
        "max": 113.207176208,
        "mean": 41.878692627,
        "median": 38.9243659973,
        "min": 4.09419775009,
        "var": 417.205627441
    },
    "hfc": {
        "dmean": 6.42339134216,
        "dmean2": 9.63637924194,
        "dvar": 83.4714050293,
        "dvar2": 180.427520752,
        "max": 94.7126235962,
        "mean": 19.772069931,
        "median": 14.2032384872,
        "min": 1.16721735702e-16,
        "var": 254.489471436
    },
    "melbands_crest": {
        "dmean": 3.59956550598,
        "dmean2": 5.87876081467,
        "dvar": 9.97400188446,
        "dvar2": 27.0338230133,
        "max": 33.7849884033,
        "mean": 20.3213500977,
        "median": 20.3298034668,
        "min": 2.16987657547,
        "var": 28.4202251434
    },
    "melbands_flatness_db": {
        "dmean": 0.0360960327089,
        "dmean2": 0.0560679845512,
        "dvar": 0.00145496311598,
        "dvar2": 0.00292360340245,
        "max": 0.601582825184,
        "mean": 0.301058620214,
        "median": 0.292353898287,
        "min": 0.00685071526095,
        "var": 0.00815938413143
    },
    "melbands_kurtosis": {
        "dmean": 14.3717908859,
        "dmean2": 23.9979801178,
        "dvar": 311.791107178,
        "dvar2": 826.317687988,
        "max": 248.775039673,
        "mean": 29.3473358154,
        "median": 21.3567295074,
        "min": -1.41075861454,
        "var": 734.580078125
    },
    "melbands_skewness": {
        "dmean": 1.07058298588,
        "dmean2": 1.78250336647,
        "dvar": 1.00592637062,
        "dvar2": 2.61834383011,
        "max": 12.8911466599,
        "mean": 4.18090724945,
        "median": 3.99590444565,
        "min": -0.384535700083,
        "var": 3.07408666611
    },
    "melbands_spread": {
        "dmean": 4.2319483757,
        "dmean2": 6.7471704483,
        "dvar": 33.4523773193,
        "dvar2": 67.3370285034,
        "max": 135.85194397,
        "mean": 10.6633167267,
        "median": 8.33899021149,
        "min": 0.686738908291,
        "var": 75.1513137817
    },
    "pitch_salience": {
        "dmean": 0.0839304625988,
        "dmean2": 0.139533922076,
        "dvar": 0.0063403332606,
        "dvar2": 0.0164901949465,
        "max": 0.82975846529,
        "mean": 0.43630567193,
        "median": 0.426260977983,
        "min": 0.114170461893,
        "var": 0.0147342616692
    },
    "silence_rate_20dB": {
        "dmean": 0,
        "dmean2": 0,
        "dvar": 0,
        "dvar2": 0,
        "max": 1,
        "mean": 1,
        "median": 1,
        "min": 1,
        "var": 0
    },
    "silence_rate_30dB": {
        "dmean": 0.0474226810038,
        "dmean2": 0.0948942750692,
        "dvar": 0.0451749041677,
        "dvar2": 0.124051779509,
        "max": 1,
        "mean": 0.970633685589,
        "median": 1,
        "min": 0,
        "var": 0.0285037383437
    },
    "silence_rate_60dB": {
        "dmean": 0.000515463936608,
        "dmean2": 0.00103145954199,
        "dvar": 0.000515170919243,
        "dvar2": 0.00103040458634,
        "max": 1,
        "mean": 0.0010303966701,
        "median": 0,
        "min": 0,
        "var": 0.00102934613824
    },
    "spectral_centroid": {
        "dmean": 241.050506592,
        "dmean2": 363.134613037,
        "dvar": 132343.8125,
        "dvar2": 212721.625,
        "max": 11103.7041016,
        "mean": 1009.67181396,
        "median": 885.039428711,
        "min": 155.894424438,
        "var": 421020.75
    },
    "spectral_complexity": {
        "dmean": 4.35103082657,
        "dmean2": 6.44920063019,
        "dvar": 28.9659805298,
        "dvar2": 50.8289451599,
        "max": 56,
        "mean": 18.8804740906,
        "median": 15,
        "min": 0,
        "var": 136.508377075
    },
    "spectral_decrease": {
        "dmean": 4.58772930756e-09,
        "dmean2": 7.98923682765e-09,
        "dvar": 2.34797913482e-17,
        "dvar2": 7.04046308045e-17,
        "max": -3.44689520122e-29,
        "mean": -1.5198160952e-08,
        "median": -1.34521824791e-08,
        "min": -4.43059420263e-08,
        "var": 3.96715755606e-17
    },
    "spectral_energy": {
        "dmean": 0.01763295196,
        "dmean2": 0.0306923501194,
        "dvar": 0.000346111570252,
        "dvar2": 0.0010295228567,
        "max": 0.169610276818,
        "mean": 0.0591546930373,
        "median": 0.0524658113718,
        "min": 1.07170949957e-20,
        "var": 0.000598619400989
    },
    "spectral_energyband_high": {
        "dmean": 0.000427744496847,
        "dmean2": 0.000582177890465,
        "dvar": 7.13418614851e-07,
        "dvar2": 1.68810049672e-06,
        "max": 0.00841174833477,
        "mean": 0.000843364396133,
        "median": 0.000257091975072,
        "min": 7.89498658242e-21,
        "var": 1.69123222804e-06
    },
    "spectral_energyband_low": {
        "dmean": 0.0151375439018,
        "dmean2": 0.0259369574487,
        "dvar": 0.000272128876531,
        "dvar2": 0.000866998743732,
        "max": 0.14015930891,
        "mean": 0.0423962324858,
        "median": 0.0378021635115,
        "min": 8.54387857194e-23,
        "var": 0.00046389378258
    },
    "spectral_energyband_middle_high": {
        "dmean": 0.00180337333586,
        "dmean2": 0.00278457510285,
        "dvar": 8.32781370264e-06,
        "dvar2": 1.77128786163e-05,
        "max": 0.0530929155648,
        "mean": 0.00413347454742,
        "median": 0.00266183447093,
        "min": 1.62623334823e-21,
        "var": 2.05460892175e-05
    },
    "spectral_energyband_middle_low": {
        "dmean": 0.00695511000231,
        "dmean2": 0.0119637763128,
        "dvar": 0.00012846912432,
        "dvar2": 0.000347589113517,
        "max": 0.102226354182,
        "mean": 0.0140800755471,
        "median": 0.0107051217929,
        "min": 2.77196811122e-22,
        "var": 0.000139534167829
    },
    "spectral_entropy": {
        "dmean": 0.205481812358,
        "dmean2": 0.303129643202,
        "dvar": 0.0643334239721,
        "dvar2": 0.125321567059,
        "max": 9.80125522614,
        "mean": 7.27696800232,
        "median": 7.35512399673,
        "min": 4.99090099335,
        "var": 0.379993528128
    },
    "spectral_flux": {
        "dmean": 0.0341567434371,
        "dmean2": 0.0521840378642,
        "dvar": 0.00145601201802,
        "dvar2": 0.00274951732717,
        "max": 0.395095586777,
        "mean": 0.105135165155,
        "median": 0.0912694558501,
        "min": 1.03523405126e-10,
        "var": 0.00331654329784
    },
    "spectral_kurtosis": {
        "dmean": 3.30872941017,
        "dmean2": 5.64992761612,
        "dvar": 32.5891456604,
        "dvar2": 86.5321426392,
        "max": 99.864654541,
        "mean": 6.92809104919,
        "median": 3.42111682892,
        "min": -1.34980976582,
        "var": 90.1080627441
    },
    "spectral_rms": {
        "dmean": 0.0011162617011,
        "dmean2": 0.00193266232964,
        "dvar": 1.23538814023e-06,
        "dvar2": 3.61017964678e-06,
        "max": 0.012863648124,
        "mean": 0.00743508478627,
        "median": 0.00715445028618,
        "min": 3.23352781183e-12,
        "var": 2.43143972511e-06
    },
    "spectral_rolloff": {
        "dmean": 278.1434021,
        "dmean2": 468.867034912,
        "dvar": 397460.84375,
        "dvar2": 768964.75,
        "max": 18324.7558594,
        "mean": 522.067077637,
        "median": 301.46484375,
        "min": 64.599609375,
        "var": 478503.6875
    },
    "spectral_skewness": {
        "dmean": 0.367523610592,
        "dmean2": 0.599306046963,
        "dvar": 0.237749636173,
        "dvar2": 0.545785784721,
        "max": 8.09345531464,
        "mean": 1.74043655396,
        "median": 1.4327429533,
        "min": -0.0173955857754,
        "var": 1.03931331635
    },
    "spectral_spread": {
        "dmean": 458364.84375,
        "dmean2": 665835.8125,
        "dvar": 910873853952,
        "dvar2": 1.08032052429e+12,
        "max": 41111504,
        "mean": 3776877.5,
        "median": 3796705.5,
        "min": 833533.125,
        "var": 2.05319831552e+12
    },
    "spectral_strongpeak": {
        "dmean": 0.201127871871,
        "dmean2": 0.352489441633,
        "dvar": 0.142147928476,
        "dvar2": 0.377940237522,
        "max": 5.10859870911,
        "mean": 0.550216734409,
        "median": 0.50655913353,
        "min": 1.74460301761e-09,
        "var": 0.13607314229
    },
    "zerocrossingrate": {
        "dmean": 0.00712060043588,
        "dmean2": 0.00858760531992,
        "dvar": 0.000185973884072,
        "dvar2": 0.000204521886189,
        "max": 0.51025390625,
        "mean": 0.0296598784626,
        "median": 0.025390625,
        "min": 0.001953125,
        "var": 0.000489228928927
    },
    "barkbands": {
        "dmean": [0.000987258157693, 0.012925057672, 0.00359081639908, 0.00259770825505, 0.00234902976081, 0.00142295495607, 0.00112699926831, 0.00073712534504, 0.00130932428874, 0.000393648486352, 0.000332078052452, 0.000420602125814, 0.000433208362665, 0.000273343583103, 0.000243229238549, 0.000216299464228, 0.000171503052115, 0.000153315661009, 0.000200458365725, 0.000160105046234, 9.95828013401e-05, 0.000197324057808, 6.82334284647e-05, 5.03514274897e-05, 2.18753884837e-05, 1.27526272991e-05, 3.25750215779e-06],
        "dmean2": [0.00148222956341, 0.0215894822031, 0.00623795390129, 0.00472808489576, 0.00410988181829, 0.00250273942947, 0.00182812579442, 0.00116692646407, 0.00200636312366, 0.000631770177279, 0.000540376582649, 0.000699575932231, 0.000757127010729, 0.000464008975541, 0.000407497223932, 0.00035481894156, 0.00028943378129, 0.000259949592873, 0.000324726162944, 0.000252268189797, 0.000160917246831, 0.000288746552542, 0.000107259882498, 7.91368074715e-05, 3.23445747199e-05, 1.92419774976e-05, 5.58170449949e-06],
        "dvar": [2.41654538513e-06, 0.000225438561756, 6.23433588771e-05, 4.65334996989e-05, 1.36648095577e-05, 1.28757374114e-05, 6.07091988059e-06, 2.7796456834e-06, 6.97710447639e-06, 6.19899878984e-07, 3.98367944854e-07, 6.01048839144e-07, 1.73115881807e-06, 2.30193450079e-06, 6.90181764185e-07, 3.52597027131e-07, 2.77107602642e-07, 1.46820951841e-07, 2.0187268035e-07, 1.54346238901e-07, 4.72787391459e-08, 2.1120791871e-07, 6.67573090141e-08, 3.99083006641e-08, 3.64734198399e-09, 2.16456363944e-09, 1.79393680466e-10],
        "dvar2": [4.68051939606e-06, 0.000745224242564, 0.000176438494236, 0.000129943422507, 3.8141180994e-05, 3.57705976057e-05, 1.59339779202e-05, 5.7987845139e-06, 1.49653051267e-05, 1.23455185985e-06, 8.92976402156e-07, 1.50243863573e-06, 4.51413643532e-06, 5.49794413018e-06, 1.68921849308e-06, 9.20764080092e-07, 7.29509451958e-07, 3.52257700342e-07, 4.99796499298e-07, 3.22200207847e-07, 1.27149093032e-07, 4.72496225257e-07, 1.99998297035e-07, 1.17020469759e-07, 8.02943489475e-09, 6.55234266844e-09, 5.54795875907e-10],
        "max": [0.0150199625641, 0.126911044121, 0.0921695232391, 0.0712001696229, 0.0339327007532, 0.0550737828016, 0.0343079231679, 0.0320228636265, 0.0400929786265, 0.0160870365798, 0.0162889380008, 0.0121956150979, 0.0275012515485, 0.0505026616156, 0.019888356328, 0.012777639553, 0.00892435014248, 0.00654286099598, 0.00603265035897, 0.0073531079106, 0.00230664550327, 0.00569737702608, 0.00513461092487, 0.00490999268368, 0.000686498358846, 0.0011050645262, 0.000313796510454],
        "mean": [0.0016381808091, 0.0299842469394, 0.0085730496794, 0.00350685999729, 0.00403839722276, 0.00161527679302, 0.00154149602167, 0.00109790579882, 0.00209943181835, 0.000824560236651, 0.000467638310511, 0.000499043788295, 0.000498014211189, 0.000309684139211, 0.000428349652793, 0.000321432424244, 0.000238730426645, 0.000203135234187, 0.000292894575978, 0.000291094620479, 0.000168904967722, 0.000295379490126, 9.65529470704e-05, 7.33741908334e-05, 3.25525725202e-05, 1.57406702783e-05, 2.80222729998e-06],
        "median": [0.000766450248193, 0.024886181578, 0.00629690475762, 0.00146155850962, 0.00276621361263, 0.000773804786149, 0.000663134502247, 0.000352820527041, 0.000888785521965, 0.000254677725025, 0.000228919059737, 0.000220609639655, 0.000184555130545, 9.74894937826e-05, 9.66248699115e-05, 0.000110652596049, 8.80437655724e-05, 6.09438102401e-05, 7.26542712073e-05, 7.91405982454e-05, 4.06108774769e-05, 6.91717214067e-05, 2.21578775381e-05, 9.47225817072e-06, 1.68266979017e-06, 5.59043144222e-07, 1.91555500351e-08],
        "min": [9.20757344169e-24, 1.71080422287e-23, 3.25683275759e-23, 5.51661159529e-23, 1.91957452595e-23, 5.75480846117e-23, 2.16198722227e-23, 2.51347429601e-23, 9.14356684556e-23, 1.20310249506e-22, 6.74294699065e-23, 1.41320556286e-22, 1.18487097291e-22, 7.22925575734e-23, 1.13489177518e-22, 7.93330906654e-23, 1.96126194359e-22, 2.12769518629e-22, 2.5801017405e-22, 3.4019572264e-22, 4.42790529109e-22, 3.46154235182e-22, 8.79535531162e-22, 8.38647191749e-22, 1.59391938412e-21, 1.50599529528e-21, 2.33596774337e-21],
        "var": [5.13051827511e-06, 0.000417422386818, 7.51676489017e-05, 3.87089166907e-05, 1.60911695275e-05, 9.98164887278e-06, 7.89423665992e-06, 5.38621816304e-06, 1.35990894705e-05, 2.85074202111e-06, 5.98324845669e-07, 6.59889906274e-07, 1.45250237438e-06, 1.94806602849e-06, 2.135968316e-06, 4.85467865019e-07, 2.51168103205e-07, 1.66108534927e-07, 2.87905010055e-07, 3.32609658926e-07, 8.26940080856e-08, 3.20179907476e-07, 5.15504829934e-08, 6.0812531899e-08, 7.41630401535e-09, 2.62707700038e-09, 1.44387835022e-10]
    },
    "erbbands": {
        "dmean": [0.51438575983, 2.66010069847, 3.90103411674, 6.62126970291, 8.88037776947, 6.57423353195, 15.0599117279, 7.77142190933, 15.5018930435, 14.8078451157, 13.7110090256, 34.4520568848, 12.1125974655, 13.7097873688, 15.3300189972, 16.9189548492, 19.0358428955, 14.9879341125, 13.2790088654, 13.2157468796, 9.85310745239, 8.99865531921, 8.54577732086, 8.45662593842, 10.1843500137, 7.62489843369, 5.01434278488, 4.09422111511, 9.96638202667, 2.5774576664, 1.90980935097, 1.38217902184, 0.775645852089, 0.290036320686, 0.144952774048, 0.0590213499963, 0.0230668243021, 0.00818781647831, 0.000229575947742, 2.17036558752e-05],
        "dmean2": [0.788407444954, 4.54026985168, 6.59132623672, 11.8598613739, 15.6878242493, 11.3965787888, 26.8821620941, 13.6093091965, 25.1722373962, 23.0842895508, 22.6227397919, 53.0306358337, 18.9507045746, 21.1632862091, 25.3478126526, 27.9520397186, 32.72473526, 25.5291137695, 22.5117912292, 22.0612411499, 15.9773635864, 14.9941644669, 14.1969623566, 13.9921045303, 15.8399658203, 11.7144117355, 8.299949646, 6.26690196991, 14.6187238693, 3.89913153648, 3.04125666618, 2.09946966171, 1.20962548256, 0.44100818038, 0.213797166944, 0.0891750827432, 0.0359069220722, 0.0131804263219, 0.000378746684873, 3.71616988559e-05],
        "dvar": [0.386943876743, 9.68772697449, 52.6728248596, 301.543518066, 348.222869873, 95.3576507568, 1259.06542969, 395.393432617, 1268.90991211, 833.464904785, 606.747070312, 5243.87158203, 652.12890625, 695.954406738, 827.74798584, 1095.6151123, 2579.96704102, 4441.96289062, 3641.48461914, 1756.70678711, 715.233947754, 682.661865234, 479.959564209, 448.534118652, 443.135803223, 407.77545166, 132.847015381, 74.4082489014, 620.319641113, 43.1234092712, 73.2917175293, 15.3133945465, 14.8240728378, 0.818131327629, 0.150657832623, 0.0330699384212, 0.00825074128807, 0.0011417362839, 1.29206773636e-06, 7.6455614062e-10],
        "dvar2": [0.994687855244, 33.0898284912, 143.276611328, 835.960144043, 983.741943359, 259.367034912, 3570.40795898, 1094.73071289, 3290.91577148, 1722.68774414, 1528.26550293, 11502.7167969, 1390.99060059, 1259.3371582, 2093.18383789, 2780.78076172, 6564.82421875, 10063.8984375, 9089.91894531, 4658.12939453, 1855.87475586, 1772.59472656, 1215.03930664, 1145.23095703, 1028.74377441, 760.679321289, 346.555511475, 197.875534058, 1380.86291504, 119.309387207, 219.513183594, 47.1227989197, 35.7924919128, 2.30561828613, 0.310221999884, 0.0815819948912, 0.0263897571713, 0.00364131480455, 4.1722705646e-06, 2.25580865099e-09],
        "max": [5.94338083267, 24.2473011017, 93.2285079956, 211.095336914, 200.400039673, 111.87991333, 451.144256592, 339.863800049, 525.515014648, 595.579284668, 308.457702637, 1185.80175781, 476.649871826, 616.04296875, 517.533447266, 582.518188477, 892.167175293, 1809.74914551, 1454.64941406, 1147.4564209, 538.287719727, 420.256439209, 416.936523438, 338.072601318, 232.063537598, 498.335998535, 161.618484497, 116.242408752, 327.094787598, 90.4827804565, 179.280303955, 69.7991104126, 108.256828308, 14.475725174, 5.07546424866, 3.7194082737, 2.07662343979, 0.809917032719, 0.0318804197013, 0.00066792051075],
        "mean": [1.06074535847, 5.81621694565, 11.3050136566, 10.9918174744, 13.1126642227, 10.8928747177, 17.9621334076, 9.17807006836, 21.4542617798, 24.2947368622, 21.5877189636, 54.4147529602, 22.16065979, 29.1004943848, 22.2664260864, 20.6465167999, 22.8377876282, 18.4246807098, 20.5164203644, 21.5129928589, 15.2547140121, 12.5408773422, 12.0727968216, 11.8891534805, 16.0424919128, 13.7692985535, 8.42307567596, 7.11332607269, 14.0330629349, 4.1530828476, 2.55743837357, 1.97284078598, 1.01990866661, 0.405978173018, 0.210335582495, 0.0760590359569, 0.0269491095096, 0.0082307914272, 0.00024343378027, 7.19562958693e-05],
        "median": [0.669313907623, 5.4523434639, 7.30773210526, 5.71090269089, 8.36822509766, 7.45277738571, 9.30228328705, 4.1608080864, 9.03402996063, 10.0287008286, 11.0448141098, 21.8651618958, 8.68943786621, 10.502913475, 11.7970714569, 8.9701833725, 8.99139499664, 7.10963010788, 4.68015623093, 6.72154760361, 5.86517715454, 5.16720342636, 4.5900144577, 3.14284944534, 3.69775176048, 3.64063954353, 2.66980957985, 2.14074635506, 2.97164106369, 1.00217044353, 0.535685658455, 0.330856382847, 0.0848383754492, 0.02768545039, 0.00901223346591, 0.00297713861801, 0.000838844804093, 0.00012628082186, 3.49308356817e-05, 6.00675703026e-05],
        "min": [4.96881699016e-22, 4.40640808673e-21, 2.77718652834e-20, 1.33509484107e-19, 1.02479742131e-19, 7.92127412379e-20, 1.5776652972e-19, 5.4949773528e-19, 4.69840810978e-19, 1.71164516274e-19, 1.07144787462e-18, 2.52698238422e-18, 1.81911037412e-18, 3.71320715231e-18, 3.06885206669e-18, 5.94971575865e-18, 6.27959621412e-18, 4.43400572064e-18, 3.6615133271e-18, 6.40963024718e-18, 5.30772640959e-18, 1.09155340931e-17, 1.03144186332e-17, 1.47279326085e-17, 1.46206108871e-17, 1.69100962758e-17, 1.62546863349e-17, 1.44427637467e-17, 1.31855029824e-17, 1.61198542407e-17, 2.79909614395e-17, 1.53914869698e-17, 1.55887844351e-17, 1.40805479739e-17, 1.2797586708e-17, 6.46487143644e-18, 2.90908626728e-18, 1.27570771918e-18, 3.2588382894e-19, 3.08703578423e-20],
        "var": [1.16272807121, 12.1997127533, 91.8192138672, 265.321380615, 278.476745605, 152.786514282, 958.172119141, 312.003936768, 1631.40905762, 1868.1126709, 887.7578125, 9904.02734375, 1801.48608398, 3313.77539062, 1141.28991699, 1180.0135498, 2416.4699707, 4201.95996094, 6721.68066406, 2509.66137695, 1010.22033691, 644.637390137, 516.071350098, 513.606567383, 822.436462402, 894.251647949, 197.722213745, 131.941329956, 896.2265625, 56.3309898376, 49.9349708557, 21.9571723938, 20.4276237488, 1.12684810162, 0.335248619318, 0.0535028912127, 0.0089137358591, 0.000969902670477, 1.02793387668e-06, 1.39895284246e-09]
    },
    "gfcc": {
        "mean": [-4.83941841125, 135.725082397, -101.953216553, 47.5989952087, -48.65675354, 20.1346740723, -14.2561502457, 4.15611457825, -8.67819881439, -2.73863005638, -10.1014928818, -3.87464880943, -6.28081035614],
        "cov": [[4868.97167969, -2113.62036133, -740.791931152, 513.872314453, -448.579406738, 49.7811126709, -367.167602539, 215.92237854, -300.712158203, 443.673461914, -219.76965332, 317.327697754, -211.760787964], [-2113.62036133, 1574.01220703, 178.949035645, -413.408813477, 246.985046387, -57.3768768311, 181.579223633, -149.903839111, 192.239044189, -278.28414917, 148.828979492, -225.287307739, 145.100067139], [-740.791931152, 178.949035645, 577.181091309, -90.1299057007, 22.7358818054, 19.9553623199, 38.8589820862, -46.5023956299, -14.4465799332, -37.8305435181, -10.7919225693, -8.80677509308, -23.059753418], [513.872314453, -413.408813477, -90.1299057007, 434.287689209, -76.7211151123, -54.4624137878, -53.246006012, 13.2565832138, -32.9385299683, 56.566368103, 13.9024372101, -3.53637051582, 4.02777242661], [-448.579406738, 246.985046387, 22.7358818054, -76.7211151123, 261.989044189, -1.60273706913, 22.7621307373, -27.2918796539, 20.6284942627, -49.5546989441, 18.0114612579, -9.89991950989, 31.9487133026], [49.7811126709, -57.3768768311, 19.9553623199, -54.4624137878, -1.60273706913, 154.273712158, 5.87026071548, 0.304781466722, 14.0101013184, 10.8283920288, -14.9167060852, -4.87300300598, 12.4059724808], [-367.167602539, 181.579223633, 38.8589820862, -53.246006012, 22.7621307373, 5.87026071548, 175.702011108, 2.35119175911, 46.3533859253, -52.2295150757, 6.6342587471, -0.505379378796, 8.88787555695], [215.92237854, -149.903839111, -46.5023956299, 13.2565832138, -27.2918796539, 0.304781466722, 2.35119175911, 196.14704895, 3.81446075439, 4.20903348923, -6.21144914627, -3.58657288551, 29.8579177856], [-300.712158203, 192.239044189, -14.4465799332, -32.9385299683, 20.6284942627, 14.0101013184, 46.3533859253, 3.81446075439, 182.717636108, -7.57554292679, 5.27813529968, -39.9625320435, 17.4853725433], [443.673461914, -278.28414917, -37.8305435181, 56.566368103, -49.5546989441, 10.8283920288, -52.2295150757, 4.20903348923, -7.57554292679, 180.635772705, 19.6957530975, 35.5179214478, -42.5902633667], [-219.76965332, 148.828979492, -10.7919225693, 13.9024372101, 18.0114612579, -14.9167060852, 6.6342587471, -6.21144914627, 5.27813529968, 19.6957530975, 127.800170898, -10.2447042465, 23.6232223511], [317.327697754, -225.287307739, -8.80677509308, -3.53637051582, -9.89991950989, -4.87300300598, -0.505379378796, -3.58657288551, -39.9625320435, 35.5179214478, -10.2447042465, 162.556091309, -27.1374053955], [-211.760787964, 145.100067139, -23.059753418, 4.02777242661, 31.9487133026, 12.4059724808, 8.88787555695, 29.8579177856, 17.4853725433, -42.5902633667, 23.6232223511, -27.1374053955, 117.595046997]],
        "icov": [[0.00083438155707, 0.000163022064953, 0.00085360155208, -0.000389559339965, 0.00055928051006, -0.000449740531622, 0.000696858915035, -0.000567571201827, 0.000697836978361, -0.000880504143424, 0.0010876248125, -0.000815604464151, 0.000639672507532], [0.000163022064953, 0.00574182765558, -0.000458786089439, 0.00457848235965, -0.00106170657091, 0.00368827325292, -0.00163011997938, 0.00410283869132, -0.00298864091747, 0.00442348746583, -0.00553761888295, 0.00517697585747, -0.00370362307876], [0.00085360155208, -0.000458786089439, 0.00282580289058, -0.00061540963361, 0.000669453118462, -0.00107340724207, 0.000559050124139, -0.000685602426529, 0.00137134455144, -0.00113792798948, 0.00177155062556, -0.00122146110516, 0.00148782227188], [-0.000389559339965, 0.00457848235965, -0.00061540963361, 0.00677037099376, -0.00052381772548, 0.00430939765647, -0.0014027672587, 0.00378297711723, -0.00249961647205, 0.00338175194338, -0.00521995406598, 0.00503545440733, -0.00406314432621], [0.00055928051006, -0.00106170657091, 0.000669453118462, -0.00052381772548, 0.00504255853593, -0.000789713754784, 0.000844060909003, -0.000559568637982, 0.000805949908681, -0.000732474785764, 0.00133863487281, -0.00179022701923, 0.000190829043277], [-0.000449740531622, 0.00368827325292, -0.00107340724207, 0.00430939765647, -0.000789713754784, 0.00999682955444, -0.00178451382089, 0.0033308591228, -0.00268020411022, 0.00213681696914, -0.00314334360883, 0.0042728940025, -0.00447990652174], [0.000696858915035, -0.00163011997938, 0.000559050124139, -0.0014027672587, 0.000844060909003, -0.00178451382089, 0.00816614367068, -0.00210527423769, -0.000306898524286, 4.57942078356e-05, 0.00177137355786, -0.00323961488903, 0.0022590002045], [-0.000567571201827, 0.00410283869132, -0.000685602426529, 0.00378297711723, -0.000559568637982, 0.0033308591228, -0.00210527423769, 0.00908669363707, -0.00271811010316, 0.00346866087057, -0.00431640865281, 0.0045462124981, -0.00511929253116], [0.000697836978361, -0.00298864091747, 0.00137134455144, -0.00249961647205, 0.000805949908681, -0.00268020411022, -0.000306898524286, -0.00271811010316, 0.00876982696354, -0.0041515394114, 0.00428636046126, -0.00191520899534, 0.00196533114649], [-0.000880504143424, 0.00442348746583, -0.00113792798948, 0.00338175194338, -0.000732474785764, 0.00213681696914, 4.57942078356e-05, 0.00346866087057, -0.0041515394114, 0.0126591054723, -0.0079817129299, 0.00355646340176, -0.000666989595629], [0.0010876248125, -0.00553761888295, 0.00177155062556, -0.00521995406598, 0.00133863487281, -0.00314334360883, 0.00177137355786, -0.00431640865281, 0.00428636046126, -0.0079817129299, 0.0162012409419, -0.00574179971591, 0.00213980395347], [-0.000815604464151, 0.00517697585747, -0.00122146110516, 0.00503545440733, -0.00179022701923, 0.0042728940025, -0.00323961488903, 0.0045462124981, -0.00191520899534, 0.00355646340176, -0.00574179971591, 0.0128869209439, -0.00344219990075], [0.000639672507532, -0.00370362307876, 0.00148782227188, -0.00406314432621, 0.000190829043277, -0.00447990652174, 0.0022590002045, -0.00511929253116, 0.00196533114649, -0.000666989595629, 0.00213980395347, -0.00344219990075, 0.0144483046606]]
    },
    "melbands": {
        "dmean": [0.0040066880174, 0.00231543835253, 0.00117917417083, 0.000533611339051, 0.000459607224911, 0.000193134575966, 0.000242860827711, 0.000168877057149, 0.000134432382765, 0.000204974174267, 5.86109345022e-05, 5.69162184547e-05, 4.83174881083e-05, 4.96557695442e-05, 3.81341887987e-05, 4.47980528406e-05, 2.70934087894e-05, 2.35707284446e-05, 1.72467716766e-05, 1.74118467839e-05, 1.13162795969e-05, 9.85665064945e-06, 9.79932156042e-06, 7.2565312621e-06, 7.27372344045e-06, 8.33500689623e-06, 6.39984091322e-06, 5.43920259588e-06, 3.68204587176e-06, 2.59829425886e-06, 2.25143685384e-06, 6.73319118505e-06, 2.584259164e-06, 1.18185869269e-06, 1.06844959191e-06, 1.37527467814e-06, 7.32616115329e-07, 6.42192901523e-07, 3.55665093821e-07, 2.20964196274e-07],
        "dmean2": [0.00649431254715, 0.00391280744225, 0.00211583916098, 0.000930161972065, 0.000817796913907, 0.00033675445593, 0.000392485817429, 0.000262998451944, 0.00021752572502, 0.000314083794365, 9.28646477405e-05, 8.86134512257e-05, 7.99776316853e-05, 8.24722010293e-05, 6.57485652482e-05, 7.81825656304e-05, 4.66566089017e-05, 4.10963511968e-05, 2.86437607429e-05, 2.96198522847e-05, 1.88787344086e-05, 1.66976533365e-05, 1.64409630088e-05, 1.2510936358e-05, 1.24387079268e-05, 1.3161968127e-05, 1.00321403806e-05, 8.38249980006e-06, 6.18211606707e-06, 4.24204790761e-06, 3.5260079585e-06, 1.0141340681e-05, 3.91226740248e-06, 1.87280909358e-06, 1.7909012513e-06, 2.17689830606e-06, 1.18752438993e-06, 1.04583898519e-06, 5.75802914682e-07, 3.40990993664e-07],
        "dvar": [2.23723964154e-05, 8.40233042254e-06, 9.13981693884e-06, 8.421777693e-07, 1.09120833258e-06, 2.41193390593e-07, 3.02473580405e-07, 1.2390242432e-07, 5.83586299285e-08, 1.72738324977e-07, 1.6667470959e-08, 1.27225217028e-08, 8.38141289705e-09, 8.21687251573e-09, 1.52082932914e-08, 2.69684985454e-08, 1.58659076988e-08, 1.74048100376e-08, 3.55303009236e-09, 2.3526069981e-09, 1.08017783607e-09, 9.30412691336e-10, 6.74125033573e-10, 3.83223203171e-10, 3.74022424143e-10, 3.29604427085e-10, 1.98349892067e-10, 2.52535825584e-10, 9.27689522423e-11, 2.99805701098e-11, 2.55535245741e-11, 3.03062075435e-10, 3.18412067546e-11, 1.19843128477e-11, 3.59679855344e-11, 1.68951536789e-11, 8.30560967224e-12, 1.41641455509e-11, 2.24447804092e-12, 3.82755676112e-13],
        "dvar2": [6.94192276569e-05, 2.34389863181e-05, 2.54620372289e-05, 2.32563456848e-06, 3.10259792968e-06, 6.64737626721e-07, 7.8348267607e-07, 2.4551039246e-07, 1.39206463246e-07, 3.79426609243e-07, 3.56016442993e-08, 2.32607053618e-08, 2.0297180825e-08, 2.02133723093e-08, 4.16186800578e-08, 7.63667884485e-08, 3.44378179307e-08, 4.71924863632e-08, 9.38220967583e-09, 5.76168091015e-09, 2.83730283712e-09, 2.45307485436e-09, 1.74894576599e-09, 9.41302702451e-10, 9.76521752349e-10, 7.745519226e-10, 4.4397635568e-10, 4.54786652782e-10, 2.33105645897e-10, 8.16055209518e-11, 7.01056712682e-11, 6.96515012333e-10, 7.42838429657e-11, 3.50822634831e-11, 1.08535562482e-10, 4.6259111125e-11, 2.8452100051e-11, 3.16012910284e-11, 7.55957449416e-12, 9.50979421079e-13],
        "max": [0.0429429486394, 0.0360330790281, 0.0318540148437, 0.00928029138595, 0.0131583129987, 0.0082938997075, 0.00788533780724, 0.00746022490785, 0.00286181666888, 0.00655586691573, 0.00234418129548, 0.0027049141936, 0.00179665454198, 0.0016331175575, 0.00317668449134, 0.00385610270314, 0.00349411694333, 0.00348552991636, 0.00143734877929, 0.00100892281625, 0.00071765249595, 0.000554985774215, 0.000384733022656, 0.000393170310417, 0.000302995962556, 0.000266362563707, 0.000277182436548, 0.00042533033411, 0.000189606711501, 5.2270188462e-05, 6.57423006487e-05, 0.000234672188526, 5.48381394765e-05, 5.13594859513e-05, 0.000142102100654, 7.38785092835e-05, 6.94348054822e-05, 0.000109557979158, 2.82393684756e-05, 6.31478633295e-06],
        "mean": [0.00865638162941, 0.00661422871053, 0.00196566944942, 0.000891704228707, 0.000573944824282, 0.000223531504162, 0.000332319759764, 0.00027322472306, 0.000205057309358, 0.000326853158185, 0.000101621415524, 0.000119570249808, 6.92183093634e-05, 6.18431877228e-05, 4.63662581751e-05, 4.91230603075e-05, 3.19140199281e-05, 3.14403587254e-05, 2.99901748804e-05, 2.68200456048e-05, 1.60490835697e-05, 1.22921792354e-05, 1.39841931741e-05, 8.97754307516e-06, 9.28831741476e-06, 1.19554360936e-05, 1.02835074358e-05, 9.1581741799e-06, 5.78252229388e-06, 4.04599677495e-06, 3.71012470168e-06, 9.03780983208e-06, 4.01834040531e-06, 1.72801867393e-06, 1.30293403799e-06, 1.78622156e-06, 9.63239585872e-07, 8.25832557894e-07, 4.40301164417e-07, 3.00638845374e-07],
        "median": [0.00642721354961, 0.00620485888794, 0.00127515743952, 0.000621447747108, 0.000322701293044, 9.92854984361e-05, 0.000139852374559, 0.000103273283457, 0.000101212033769, 0.000129241365357, 3.49262118107e-05, 3.98225456593e-05, 3.50468872057e-05, 2.78748539131e-05, 1.9015484213e-05, 1.69943814399e-05, 1.10718001451e-05, 6.74115881338e-06, 7.42233669371e-06, 8.69716222951e-06, 5.55162250748e-06, 4.49827348348e-06, 4.94686082675e-06, 2.42652458837e-06, 2.35841503127e-06, 2.60448950939e-06, 1.99225200959e-06, 2.426781748e-06, 1.84099701528e-06, 9.31223212319e-07, 9.89986347122e-07, 1.76202468083e-06, 1.03812010366e-06, 2.53577383091e-07, 2.14774090068e-07, 3.0645918514e-07, 1.35943693635e-07, 5.11287900906e-08, 3.0529733408e-08, 1.88089419595e-08],
        "min": [5.13360148201e-24, 1.1363692801e-23, 2.2342156423e-23, 5.88491576358e-24, 4.86445791836e-24, 1.17701936143e-23, 6.93122773611e-24, 1.46152279632e-24, 1.21673866578e-23, 1.38650681795e-23, 1.00996055204e-23, 1.65826135342e-23, 1.04992101117e-23, 1.09595207051e-23, 1.88260992388e-23, 1.14629543798e-23, 7.99758466424e-24, 4.76353933719e-24, 9.9321792596e-24, 6.79320863213e-24, 5.77054158195e-24, 1.05670142842e-23, 1.0984066901e-23, 9.34719551102e-24, 1.20472494528e-23, 9.95404253958e-24, 1.33419682024e-23, 9.78214501517e-24, 7.24087772952e-24, 1.50544195668e-23, 6.28500747648e-24, 6.94130543418e-24, 7.51800377666e-24, 1.00528205467e-23, 1.99740811825e-23, 8.60636361316e-24, 9.92022012827e-24, 1.19278742875e-23, 9.58015323608e-24, 1.32643474448e-23],
        "var": [5.13089471497e-05, 1.4576618014e-05, 7.05520096744e-06, 9.82309188657e-07, 8.45876229505e-07, 1.92166439206e-07, 3.92684086137e-07, 2.77731089682e-07, 9.15781512845e-08, 3.41339358556e-07, 4.27944755188e-08, 6.20111251237e-08, 1.17310801073e-08, 9.58072376989e-09, 1.15582805549e-08, 1.83661086339e-08, 1.55138515368e-08, 1.9825931119e-08, 8.58760440536e-09, 3.49752649065e-09, 1.34708144639e-09, 7.97336530134e-10, 6.90526136271e-10, 3.96462029872e-10, 3.66579794298e-10, 5.14989606515e-10, 3.72886638234e-10, 5.14283005071e-10, 1.17411025347e-10, 4.86763788998e-11, 4.14221365541e-11, 4.11644801579e-10, 4.81828049681e-11, 1.35052229816e-11, 2.151685774e-11, 1.61348556044e-11, 9.24307939215e-12, 2.06020547844e-11, 1.84231059228e-12, 6.28148141141e-13]
    },
    "mfcc": {
        "mean": [-649.457397461, 155.051940918, 13.5815849304, 36.6202926636, 0.685808300972, 21.4254169464, 4.95677471161, 14.3581085205, 6.59138250351, 8.30554008484, 2.8285639286, 4.31918001175, 1.12976372242],
        "cov": [[5096.34521484, -2403.55957031, -596.506896973, 200.172988892, -207.090316772, -124.215805054, -131.522338867, -232.896286011, -123.748100281, 27.8495960236, 2.12866449356, -47.0148124695, 80.6669692993], [-2403.55957031, 1703.45983887, 108.131576538, -282.229187012, 83.0425796509, 46.9692306519, 38.7862815857, 111.732337952, 75.4008178711, -59.985458374, -5.71969270706, 44.0511512756, -16.876783371], [-596.506896973, 108.131576538, 452.155212402, 2.78949022293, -5.63804912567, 8.92303943634, 17.8526363373, -3.34373688698, -9.90520858765, 13.9681568146, 9.06950187683, -12.6254262924, -26.8740158081], [200.172988892, -282.229187012, 2.78949022293, 328.465942383, 0.66072845459, -26.9586544037, 4.01451015472, -30.0085849762, -46.0481033325, 6.74170160294, -7.44944620132, -23.4544620514, 1.60416448116], [-207.090316772, 83.0425796509, -5.63804912567, 0.66072845459, 191.651672363, 4.2295331955, 9.82246017456, -13.6304368973, 4.84083986282, 4.0306429863, -8.32783508301, -17.0411567688, 2.32841038704], [-124.215805054, 46.9692306519, 8.92303943634, -26.9586544037, 4.2295331955, 175.71182251, -13.9099225998, -18.5373592377, -12.5858774185, -12.1871843338, -0.541472971439, 10.3775529861, 4.17951917648], [-131.522338867, 38.7862815857, 17.8526363373, 4.01451015472, 9.82246017456, -13.9099225998, 137.765457153, 16.0476226807, -18.4408588409, -16.2637996674, -8.32795906067, -16.7937755585, -6.40897369385], [-232.896286011, 111.732337952, -3.34373688698, -30.0085849762, -13.6304368973, -18.5373592377, 16.0476226807, 161.528121948, 55.8999786377, -6.20782089233, -24.8591842651, 0.300074696541, -29.8606376648], [-123.748100281, 75.4008178711, -9.90520858765, -46.0481033325, 4.84083986282, -12.5858774185, -18.4408588409, 55.8999786377, 124.154808044, 54.6149368286, -19.6025772095, -4.79779815674, -5.82204866409], [27.8495960236, -59.985458374, 13.9681568146, 6.74170160294, 4.0306429863, -12.1871843338, -16.2637996674, -6.20782089233, 54.6149368286, 133.525756836, 31.6062774658, -9.12060928345, -14.6367511749], [2.12866449356, -5.71969270706, 9.06950187683, -7.44944620132, -8.32783508301, -0.541472971439, -8.32795906067, -24.8591842651, -19.6025772095, 31.6062774658, 96.6825485229, 37.0624847412, 8.9643573761], [-47.0148124695, 44.0511512756, -12.6254262924, -23.4544620514, -17.0411567688, 10.3775529861, -16.7937755585, 0.300074696541, -4.79779815674, -9.12060928345, 37.0624847412, 103.535194397, 28.2011299133], [80.6669692993, -16.876783371, -26.8740158081, 1.60416448116, 2.32841038704, 4.17951917648, -6.40897369385, -29.8606376648, -5.82204866409, -14.6367511749, 8.9643573761, 28.2011299133, 85.9482345581]],
