{
"lowlevel": {
    "average_loudness": 0.013149663806,
    "barkbands_crest": {
        "dmean": 2.84846520424,
        "dmean2": 4.50799465179,
        "dvar": 6.20046806335,
        "dvar2": 15.0681829453,
        "max": 26.8463249207,
        "mean": 13.5285730362,
        "median": 12.8189792633,
        "min": 2.78675055504,
        "var": 26.7397098541
    },
    "barkbands_flatness_db": {
        "dmean": 0.024324901402,
        "dmean2": 0.0366802923381,
        "dvar": 0.00050084508257,
        "dvar2": 0.00107760331593,
        "max": 0.493836581707,
        "mean": 0.214963614941,
        "median": 0.199211105704,
        "min": 0.05312968418,
        "var": 0.00737067032605
    },
    "barkbands_kurtosis": {
        "dmean": 7.08354187012,
        "dmean2": 10.6491765976,
        "dvar": 612.2421875,
        "dvar2": 1219.00463867,
        "max": 813.153503418,
        "mean": 12.6341962814,
        "median": 2.71634149551,
        "min": -1.90766143799,
        "var": 2087.12109375
    },
    "barkbands_skewness": {
        "dmean": 0.738321900368,
        "dmean2": 1.07553422451,
        "dvar": 0.786882281303,
        "dvar2": 1.58561861515,
        "max": 23.7237148285,
        "mean": 1.00165712833,
        "median": 0.56454795599,
        "min": -7.60542058945,
        "var": 6.07647037506
    },
    "barkbands_spread": {
        "dmean": 3.33583140373,
        "dmean2": 5.16036558151,
        "dvar": 16.9666690826,
        "dvar2": 39.5985183716,
        "max": 54.3397483826,
        "mean": 11.0496463776,
        "median": 9.44293689728,
        "min": 0.141104400158,
        "var": 66.0065383911
    },
    "dissonance": {
        "dmean": 0.0353932566941,
        "dmean2": 0.0598085671663,
        "dvar": 0.00172439403832,
        "dvar2": 0.00470395339653,
        "max": 0.499760389328,
        "mean": 0.435639023781,
        "median": 0.45348829031,
        "min": 0.140775635839,
        "var": 0.00361689087003
    },
    "dynamic_complexity": 6.78907823563,
    "erbbands_crest": {
        "dmean": 3.32615756989,
        "dmean2": 5.32991075516,
        "dvar": 9.23578548431,
        "dvar2": 21.0998592377,
        "max": 34.0514717102,
        "mean": 16.6386852264,
        "median": 15.7796773911,
        "min": 3.30711960793,
        "var": 48.0064926147
    },
    "erbbands_flatness_db": {
        "dmean": 0.0209293849766,
        "dmean2": 0.0310988351703,
        "dvar": 0.000347600347595,
        "dvar2": 0.000741094758268,
        "max": 0.498132526875,
        "mean": 0.25506028533,
        "median": 0.252211153507,
        "min": 0.0662092417479,
        "var": 0.00599386449903
    },
    "erbbands_kurtosis": {
        "dmean": 6.06036520004,
        "dmean2": 9.13651561737,
        "dvar": 200.310073853,
        "dvar2": 429.368377686,
        "max": 245.401596069,
        "mean": 10.3408975601,
        "median": 3.27594566345,
        "min": -1.89020240307,
        "var": 611.837524414
    },
    "erbbands_skewness": {
        "dmean": 0.71373796463,
        "dmean2": 1.07292473316,
        "dvar": 0.720009446144,
        "dvar2": 1.65741980076,
        "max": 12.6063041687,
        "mean": 0.575045228004,
        "median": 0.593562662601,
        "min": -7.75176382065,
        "var": 3.57271242142
    },
    "erbbands_spread": {
        "dmean": 4.83887624741,
        "dmean2": 7.56060934067,
        "dvar": 33.7014465332,
        "dvar2": 77.401008606,
        "max": 81.2467269897,
        "mean": 16.1817207336,
        "median": 13.2795963287,
        "min": 0.450585693121,
        "var": 159.307632446
    },
    "hfc": {
        "dmean": 2.78641486168,
        "dmean2": 4.2122335434,
        "dvar": 34.24376297,
        "dvar2": 80.9799880981,
        "max": 109.16002655,
        "mean": 8.22042274475,
        "median": 3.14028668404,
        "min": 1.16699170215e-16,
        "var": 164.862365723
    },
    "melbands_crest": {
        "dmean": 3.36628127098,
        "dmean2": 5.33807182312,
        "dvar": 9.09843826294,
        "dvar2": 21.406085968,
        "max": 36.1040496826,
        "mean": 16.8630218506,
        "median": 16.1261463165,
        "min": 3.99296331406,
        "var": 43.308971405
    },
    "melbands_flatness_db": {
        "dmean": 0.0273233111948,
        "dmean2": 0.0403620414436,
        "dvar": 0.000680498604197,
        "dvar2": 0.00138256803621,
        "max": 0.56608581543,
        "mean": 0.271469324827,
        "median": 0.255557596684,
        "min": 0.00935279019177,
        "var": 0.0103513626382
    },
    "melbands_kurtosis": {
        "dmean": 7.26883792877,
        "dmean2": 11.0562114716,
        "dvar": 405.902435303,
        "dvar2": 821.174377441,
        "max": 577.176513672,
        "mean": 11.702539444,
        "median": 2.54279947281,
        "min": -1.95881450176,
        "var": 935.54107666
    },
    "melbands_skewness": {
        "dmean": 0.770019650459,
        "dmean2": 1.13764119148,
        "dvar": 0.77998149395,
        "dvar2": 1.67686998844,
        "max": 12.1755361557,
        "mean": 1.17561995983,
        "median": 0.713572561741,
        "min": -6.77388143539,
        "var": 4.51329851151
    },
    "melbands_spread": {
        "dmean": 6.06544589996,
        "dmean2": 9.32158756256,
        "dvar": 66.0816574097,
        "dvar2": 147.227615356,
        "max": 133.910522461,
        "mean": 19.1745376587,
        "median": 17.0574359894,
        "min": 0.299913614988,
        "var": 225.418640137
    },
    "pitch_salience": {
        "dmean": 0.0707156434655,
        "dmean2": 0.112279504538,
        "dvar": 0.00368465157226,
        "dvar2": 0.00874516367912,
        "max": 0.978831350803,
        "mean": 0.451344907284,
        "median": 0.455692023039,
        "min": 0.0236040372401,
        "var": 0.0256968475878
    },
    "silence_rate_20dB": {
        "dmean": 0,
        "dmean2": 0,
        "dvar": 0,
        "dvar2": 0,
        "max": 1,
        "mean": 1,
        "median": 1,
        "min": 1,
        "var": 0
    },
    "silence_rate_30dB": {
        "dmean": 0.00824742298573,
        "dmean2": 0.0165033526719,
        "dvar": 0.00817910116166,
        "dvar2": 0.0182924773544,
        "max": 1,
        "mean": 0.977846443653,
        "median": 1,
        "min": 0,
        "var": 0.0216640308499
    },
    "silence_rate_60dB": {
        "dmean": 0.0494845360518,
        "dmean2": 0.0990201160312,
        "dvar": 0.0470360890031,
        "dvar2": 0.105719387531,
        "max": 1,
        "mean": 0.460072129965,
        "median": 0,
        "min": 0,
        "var": 0.248409822583
    },
    "spectral_centroid": {
        "dmean": 206.624130249,
        "dmean2": 314.485687256,
        "dvar": 120334.804688,
        "dvar2": 196204.515625,
        "max": 11145.0517578,
        "mean": 1224.38330078,
        "median": 1211.8605957,
        "min": 205.600448608,
        "var": 463492.78125
    },
    "spectral_complexity": {
        "dmean": 1.00412368774,
        "dmean2": 1.73543059826,
        "dvar": 1.03297746181,
        "dvar2": 2.48131346703,
        "max": 18,
        "mean": 4.53168487549,
        "median": 4,
        "min": 0,
        "var": 9.19177627563
    },
    "spectral_decrease": {
        "dmean": 1.01927377649e-09,
        "dmean2": 1.47514989113e-09,
        "dvar": 4.16488623066e-18,
        "dvar2": 7.79746932943e-18,
        "max": -1.11348410107e-28,
        "mean": -3.48042616949e-09,
        "median": -9.0759183502e-10,
        "min": -5.91281512641e-08,
        "var": 4.1162661259e-17
    },
    "spectral_energy": {
        "dmean": 0.00407389970496,
        "dmean2": 0.00591369625181,
        "dvar": 6.46946500638e-05,
        "dvar2": 0.000121919896628,
        "max": 0.231637373567,
        "mean": 0.0138815362006,
        "median": 0.00378940533847,
        "min": 1.10052066883e-20,
        "var": 0.000635221542325
    },
    "spectral_energyband_high": {
        "dmean": 8.85984718479e-06,
        "dmean2": 1.4308822756e-05,
        "dvar": 1.71026123819e-10,
        "dvar2": 4.17701567779e-10,
        "max": 0.000189871119801,
        "mean": 2.53987927863e-05,
        "median": 1.64978991961e-05,
        "min": 7.84708765508e-21,
        "var": 7.87266751789e-10
    },
    "spectral_energyband_low": {
        "dmean": 0.000609346781857,
        "dmean2": 0.00082774402108,
        "dvar": 2.22628341362e-06,
        "dvar2": 4.41485326519e-06,
        "max": 0.0306174773723,
        "mean": 0.00180372758768,
        "median": 3.91807625419e-05,
        "min": 3.22336107384e-23,
        "var": 1.66575373441e-05
    },
    "spectral_energyband_middle_high": {
        "dmean": 0.00122374494094,
        "dmean2": 0.00188153365161,
        "dvar": 9.82055007626e-06,
        "dvar2": 2.40667268372e-05,
        "max": 0.0537295155227,
        "mean": 0.00259126885794,
        "median": 0.000747074722312,
        "min": 1.69990078939e-21,
        "var": 2.5576680855e-05
    },
    "spectral_energyband_middle_low": {
        "dmean": 0.00313256727532,
        "dmean2": 0.00440686475486,
        "dvar": 5.9133162722e-05,
        "dvar2": 0.000106017381768,
        "max": 0.227597773075,
        "mean": 0.0105275372043,
        "median": 0.000554357713554,
        "min": 4.78041176244e-22,
        "var": 0.000593780248892
    },
    "spectral_entropy": {
        "dmean": 0.236661866307,
        "dmean2": 0.350730985403,
        "dvar": 0.054780241102,
        "dvar2": 0.116049446166,
        "max": 9.79849910736,
        "mean": 6.59929561615,
        "median": 6.8349738121,
        "min": 3.7992143631,
        "var": 0.839224636555
    },
    "spectral_flux": {
        "dmean": 0.0129911182448,
        "dmean2": 0.0224153771996,
        "dvar": 0.000329352507833,
        "dvar2": 0.00101193168666,
        "max": 0.222305357456,
        "mean": 0.0362207554281,
        "median": 0.0247868355364,
        "min": 1.04905702181e-10,
        "var": 0.000946568034124
    },
    "spectral_kurtosis": {
        "dmean": 3.84266924858,
        "dmean2": 6.28326368332,
        "dvar": 26.0151977539,
        "dvar2": 65.5138549805,
        "max": 94.4282913208,
        "mean": 12.7432746887,
        "median": 8.92551994324,
        "min": -1.16632664204,
        "var": 126.967834473
    },
    "spectral_rms": {
        "dmean": 0.000465396267828,
        "dmean2": 0.000681926787365,
        "dvar": 4.0056190187e-07,
        "dvar2": 8.34692912122e-07,
        "max": 0.0150328865275,
        "mean": 0.00277804280631,
        "median": 0.0019227535231,
        "min": 3.2767037781e-12,
        "var": 5.82544589633e-06
    },
    "spectral_rolloff": {
        "dmean": 247.753631592,
        "dmean2": 443.347290039,
        "dvar": 399924.28125,
        "dvar2": 710589.75,
        "max": 18626.2207031,
        "mean": 1315.23742676,
        "median": 1291.9921875,
        "min": 64.599609375,
        "var": 720865
    },
    "spectral_skewness": {
        "dmean": 0.387945353985,
        "dmean2": 0.614582479,
        "dvar": 0.165705412626,
        "dvar2": 0.384411007166,
        "max": 8.06026554108,
        "mean": 2.55640029907,
        "median": 2.27640676498,
        "min": -0.00716054579243,
        "var": 1.24960935116
    },
    "spectral_spread": {
        "dmean": 358461.1875,
        "dmean2": 564406.4375,
        "dvar": 523118280704,
        "dvar2": 666317422592,
        "max": 40565268,
        "mean": 3374926.5,
        "median": 3192700,
        "min": 1205976,
        "var": 2.09072907878e+12
    },
    "spectral_strongpeak": {
        "dmean": 0.703479528427,
        "dmean2": 1.13576436043,
        "dvar": 1.52260291576,
        "dvar2": 3.51927065849,
        "max": 17.0075416565,
        "mean": 1.70662724972,
        "median": 0.929266989231,
        "min": 8.15048029068e-11,
        "var": 4.20982694626
    },
    "zerocrossingrate": {
        "dmean": 0.00669196993113,
        "dmean2": 0.00796283688396,
        "dvar": 0.000177286681719,
        "dvar2": 0.000192205421627,
        "max": 0.509765625,
        "mean": 0.0525985322893,
        "median": 0.0546875,
        "min": 0.0029296875,
        "var": 0.000727170147002
    },
    "barkbands": {
        "dmean": [1.56417245307e-05, 0.000103557358671, 0.000215854655835, 0.00068139587529, 0.00148351443931, 0.000633041432593, 0.000826417410281, 0.000472529820399, 0.000469604623504, 0.000193986998056, 9.12013347261e-05, 0.000175478184246, 0.000440769887064, 5.41695226275e-05, 8.90037917998e-05, 0.000426691869507, 6.90238130119e-06, 8.64097382873e-05, 6.71123734719e-06, 1.44265022755e-05, 2.80492054117e-06, 1.82901408152e-06, 1.46169986692e-06, 1.70327439264e-06, 1.10841278911e-06, 8.20954483061e-07, 3.09139977617e-07],
        "dmean2": [2.28162407439e-05, 0.000171588442754, 0.000329117523506, 0.000983198755421, 0.00227347924374, 0.000874310964718, 0.000961607787758, 0.000583990244195, 0.000657258962747, 0.000298759754514, 0.000130374261062, 0.00025629682932, 0.000654123723507, 7.77167660999e-05, 0.000119841723063, 0.000719119503628, 9.99343592412e-06, 0.000122040699353, 1.10230603241e-05, 2.00858848984e-05, 4.60001865576e-06, 3.04865989165e-06, 2.29114584727e-06, 2.73367982118e-06, 1.73689716121e-06, 1.32261573071e-06, 5.17839623626e-07],
        "dvar": [4.32311253462e-09, 1.45262433193e-07, 3.43662520663e-07, 2.88744172394e-06, 1.8470471332e-05, 1.02687163235e-05, 9.51247420744e-06, 3.27431621372e-06, 4.112077022e-06, 7.59115550863e-07, 5.31967074835e-08, 4.24278482569e-07, 3.44258660334e-06, 5.94097286921e-08, 1.15386804111e-07, 4.66247092845e-06, 1.05168551645e-09, 1.8343033048e-07, 9.16290654462e-10, 7.91180010395e-09, 3.18792631182e-11, 1.04315020164e-11, 8.83289014847e-12, 9.05387483735e-12, 4.34548837885e-12, 2.36118026173e-12, 7.04378124838e-13],
        "dvar2": [8.50868620006e-09, 3.34336021979e-07, 7.95988000846e-07, 6.46893431622e-06, 4.05930477427e-05, 2.00220838451e-05, 1.29504196593e-05, 4.14018177253e-06, 7.35787716621e-06, 1.64836092154e-06, 9.31079142674e-08, 8.91861475338e-07, 7.69142206991e-06, 9.84501511425e-08, 1.99786597932e-07, 1.32498180392e-05, 1.5882122284e-09, 3.44740328728e-07, 1.91608395816e-09, 1.13323768147e-08, 7.22306173206e-11, 2.65469278504e-11, 1.88956125052e-11, 2.2930029403e-11, 9.90706128245e-12, 6.21595830363e-12, 2.07813844258e-12],
        "max": [0.000958873424679, 0.00455339904875, 0.0116325765848, 0.0276803337038, 0.0967000871897, 0.111908115447, 0.08491794765, 0.0622791796923, 0.0830291137099, 0.0280416179448, 0.00587019370869, 0.0126870302483, 0.0410080328584, 0.00812131632119, 0.012179649435, 0.039764739573, 0.00105705356691, 0.00800889264792, 0.000906750501599, 0.00392661243677, 0.000103213009425, 4.60474802821e-05, 5.48992902623e-05, 5.32126650796e-05, 3.32095623889e-05, 4.66690689791e-05, 1.31057777253e-05],
        "mean": [3.15519828291e-05, 0.000200801863684, 0.000513975799549, 0.00163577857893, 0.00282836938277, 0.00159946118947, 0.00195783516392, 0.00139497593045, 0.00100226025097, 0.000399522832595, 0.000166249039466, 0.000310904200887, 0.000763053132687, 8.87066198629e-05, 0.000161718766321, 0.000622237566859, 1.22480159916e-05, 0.000138042974868, 1.03334687083e-05, 2.12743725569e-05, 4.67595100417e-06, 3.74126352654e-06, 3.49343304151e-06, 3.97001349484e-06, 2.87802868115e-06, 2.95738686873e-06, 5.4308691233e-07],
        "median": [9.83746488714e-08, 2.52309837379e-06, 1.09993507067e-05, 2.23413589993e-05, 4.899353371e-05, 2.10444159165e-05, 3.63898689102e-05, 3.60149751941e-05, 2.75797501672e-05, 1.48153649207e-05, 3.39875041391e-05, 3.0679275369e-05, 5.74304940528e-05, 7.67286655901e-06, 6.50629772281e-06, 6.48440618534e-06, 3.44357431459e-06, 4.60502724309e-06, 2.87991497316e-06, 5.14376051797e-06, 2.29754186876e-06, 1.75813795522e-06, 9.5751806839e-07, 2.00644171855e-06, 1.08640369945e-06, 8.91134163794e-07, 3.36965086944e-08],
        "min": [2.09574783424e-24, 1.32096541405e-23, 8.05395193136e-24, 2.95989983306e-23, 8.63994100427e-23, 2.07650808474e-22, 6.61180296723e-23, 3.5111157595e-23, 3.04230077224e-23, 3.82955113903e-23, 6.04527461954e-23, 1.25345921006e-22, 1.16482267254e-22, 1.53932574137e-22, 1.62858440617e-22, 1.5175752685e-22, 1.07362277883e-22, 4.03675675228e-22, 2.63071758054e-22, 3.5076297516e-22, 4.91377797548e-22, 7.03154159229e-22, 4.75208092744e-22, 8.67593817888e-22, 1.34637326697e-21, 1.78093096599e-21, 2.27264924852e-21],
        "var": [1.16714407028e-08, 3.31091200678e-07, 1.5409327716e-06, 1.37724828164e-05, 5.02908042108e-05, 4.47812708444e-05, 5.34651553608e-05, 2.96104535664e-05, 1.7639624275e-05, 3.61989259545e-06, 1.81125798804e-07, 1.13101441457e-06, 8.69761606737e-06, 1.55646489475e-07, 6.05489788086e-07, 8.41105975269e-06, 3.09270453691e-09, 4.57848159385e-07, 2.171580471e-09, 1.59955604317e-08, 5.62795678116e-11, 2.62647698729e-11, 3.3591272125e-11, 2.90038999762e-11, 1.88128384399e-11, 2.83086488279e-11, 1.49029139723e-12]
    },
    "erbbands": {
        "dmean": [0.00504268705845, 0.0188068300486, 0.14822652936, 1.4360408783, 5.32252550125, 3.13792204857, 4.62227153778, 6.13757371902, 12.1888179779, 7.63505458832, 10.628112793, 6.67114925385, 12.7711162567, 4.45232725143, 3.13066458702, 10.8575115204, 16.4971179962, 3.52784514427, 2.03675150871, 25.9126148224, 6.69955587387, 0.78913205862, 2.26945328712, 3.15189886093, 0.6018191576, 0.560873746872, 0.130090281367, 0.0982108488679, 0.0620180666447, 0.0663716048002, 0.0312100090086, 0.0291563346982, 0.0347621031106, 0.0137777281925, 0.0082242526114, 0.00426223035902, 0.00157308892813, 0.000687676074449, 2.03046383831e-05, 4.85290865981e-06],
        "dmean2": [0.00762864341959, 0.032786231488, 0.221752688289, 1.95326519012, 8.38755893707, 4.9022154808, 7.03512525558, 8.05559921265, 13.8248500824, 9.51980686188, 13.0559310913, 9.46568965912, 19.2751560211, 6.32185697556, 4.40707683563, 16.522605896, 24.408536911, 5.15533685684, 2.909044981, 42.6840438843, 10.6420307159, 1.14719474316, 3.199208498, 4.51214313507, 0.86258149147, 0.812555611134, 0.208583548665, 0.161993265152, 0.102445118129, 0.10395038873, 0.0520320646465, 0.0468753501773, 0.0560618825257, 0.0210689809173, 0.0134354149923, 0.0070995381102, 0.00251314137131, 0.00111909315456, 3.33307070832e-05, 7.09316827852e-06],
        "dvar": [0.000411047949456, 0.00381012330763, 0.140454515815, 12.023021698, 318.513458252, 68.0313873291, 443.894195557, 1162.29199219, 2447.44458008, 734.246032715, 2166.11401367, 813.833068848, 2637.56445312, 250.645950317, 55.1467819214, 2031.81054688, 4473.85498047, 193.832336426, 39.3092384338, 16502.8789062, 781.368774414, 8.4133348465, 114.186378479, 224.591278076, 7.10449361801, 7.59238386154, 0.0572830289602, 0.0529039427638, 0.0125157823786, 0.0177590623498, 0.00603651767597, 0.00277842138894, 0.00653952173889, 0.000985345919617, 0.00020945641154, 6.93354886607e-05, 8.09088396636e-06, 2.19764456233e-06, 2.28137597702e-09, 8.63415242081e-11],
        "dvar2": [0.000879922241438, 0.0100968424231, 0.310220628977, 23.8113479614, 712.11541748, 157.515853882, 926.557495117, 2050.33007812, 3409.87084961, 1168.81018066, 2723.09375, 1555.27941895, 5914.47460938, 422.854919434, 99.8567886353, 4409.21630859, 10231.7529297, 333.402252197, 69.8817214966, 44850.625, 2058.76098633, 15.185300827, 207.454421997, 433.975036621, 10.8143568039, 11.0757341385, 0.133891567588, 0.10757676512, 0.0301391817629, 0.0348475836217, 0.0144630586728, 0.00644751545042, 0.0168531760573, 0.00213309633546, 0.000539043510798, 0.000208149445825, 1.98238558369e-05, 6.22434299657e-06, 6.616581949e-09, 1.68148758806e-10],
        "max": [0.250043153763, 0.698464751244, 7.37070465088, 65.1895904541, 384.747924805, 152.273452759, 548.521911621, 1222.3026123, 1269.98132324, 773.491027832, 1604.96118164, 1218.31982422, 1597.32458496, 506.166656494, 114.162986755, 1088.48522949, 1397.5489502, 471.789886475, 135.486129761, 2355.05688477, 469.811676025, 72.5448074341, 219.056243896, 279.670806885, 109.827079773, 119.35761261, 3.15628623962, 6.00000286102, 1.64025056362, 1.90565907955, 2.08459949493, 0.875148236752, 1.61741244793, 0.613438427448, 0.229327827692, 0.166480079293, 0.093018040061, 0.0232950970531, 0.000776841887273, 0.000259887659922],
        "mean": [0.0107982344925, 0.0300039034337, 0.364514529705, 4.0499329567, 9.34226512909, 6.15285253525, 11.6479644775, 13.6508579254, 30.4019298553, 20.8066558838, 31.6865978241, 15.8550510406, 27.4958686829, 10.016957283, 5.96243429184, 20.6146831512, 30.2770595551, 6.17259693146, 3.58159160614, 41.3498497009, 10.3003444672, 1.3958927393, 3.74365067482, 4.97943162918, 0.955830156803, 0.843773424625, 0.217050358653, 0.172600165009, 0.129829451442, 0.159407868981, 0.0782341882586, 0.0751173943281, 0.0730205401778, 0.0320924855769, 0.020043939352, 0.0115013932809, 0.00555870542303, 0.00181447539944, 5.09264100401e-05, 1.69350587385e-05],
        "median": [8.76356061781e-05, 0.000908741611056, 0.012101884, 0.0501515120268, 0.116712860763, 0.165445283055, 0.13410590589, 0.226793527603, 0.422013670206, 0.744367659092, 0.862821698189, 0.683465957642, 0.707893967628, 1.46507108212, 1.67192566395, 2.37487602234, 2.96701073647, 1.16201102734, 0.667900383472, 0.479870229959, 0.400764733553, 0.371689528227, 0.31194037199, 0.227492600679, 0.249462351203, 0.250243514776, 0.118987508118, 0.0837844088674, 0.064118668437, 0.0435294732451, 0.0265297479928, 0.0289409011602, 0.0299665890634, 0.0105858733878, 0.00769475894049, 0.00455026095733, 0.00139154773206, 0.000344661588315, 1.32665318233e-05, 5.32514468432e-06],
        "min": [2.03275281023e-22, 3.59048084636e-21, 8.48291974308e-21, 5.15933389123e-20, 1.1572857768e-19, 3.85855431476e-19, 1.63012814188e-18, 1.07977168973e-18, 7.42604238353e-19, 1.03265548204e-18, 9.45138429059e-19, 6.06282857151e-19, 1.14250093148e-18, 1.6967114249e-18, 2.41751061362e-18, 5.64882136621e-18, 5.2919479394e-18, 6.02603930018e-18, 8.69352182696e-18, 8.66927468167e-18, 9.0350853814e-18, 7.7057134928e-18, 1.91349970566e-17, 1.81922361514e-17, 1.23370555563e-17, 1.72058265797e-17, 1.69028187408e-17, 2.24576806612e-17, 2.74551982111e-17, 1.57474740725e-17, 1.22770369854e-17, 1.39217822359e-17, 1.71980758974e-17, 1.24999844943e-17, 1.11825182163e-17, 6.62751582438e-18, 3.56347753527e-18, 1.13730840858e-18, 2.79486518749e-19, 3.53428329415e-20],
        "var": [0.00108938268386, 0.00524217542261, 0.695148050785, 88.4052276611, 761.366088867, 186.02130127, 2070.55200195, 4047.8269043, 14345.2441406, 4833.49267578, 18661.7304688, 3800.00585938, 10891.0976562, 1330.83618164, 164.054275513, 5613.37402344, 11899.5673828, 507.275238037, 134.996932983, 34202.9882812, 1580.04980469, 23.8508014679, 297.36227417, 539.60949707, 14.930437088, 15.4584789276, 0.092016838491, 0.0975381135941, 0.0315017439425, 0.0717193707824, 0.0193572603166, 0.0136810122058, 0.0160907357931, 0.00318230246194, 0.00089455867419, 0.00034476199653, 0.000106660867459, 9.7759620985e-06, 6.8748664539e-09, 8.21865187017e-10]
    },
    "gfcc": {
        "mean": [-137.777023315, 88.0299682617, -125.062858582, -5.00856637955, -59.6408996582, 8.49963378906, -39.381439209, -1.50698804855, -34.6514167786, -0.292490184307, -17.1675643921, -4.46350908279, -19.7410144806],
        "cov": [[4311.33642578, 768.328918457, 1688.98413086, 135.171432495, 164.453292847, -348.575866699, -356.015136719, 58.6972351074, 109.478546143, -131.43989563, -278.808654785, 3.49872040749, -162.416931152], [768.328918457, 1397.46435547, 899.836547852, 50.284198761, -39.5377922058, -178.991973877, 52.1893539429, -26.9906406403, 93.939781189, -143.818878174, -13.9357481003, -39.9975891113, -26.8293437958], [1688.98413086, 899.836547852, 1534.23950195, 211.53855896, 139.580474854, -179.226379395, -165.681732178, -76.4027328491, 107.304412842, -38.4232444763, -108.512634277, -15.9861936569, -138.195571899], [135.171432495, 50.284198761, 211.53855896, 569.644226074, 223.795120239, 40.1615257263, -42.0128288269, 34.1750144958, -107.245346069, -0.794166088104, 70.0321121216, 12.2369146347, -0.867239832878], [164.453292847, -39.5377922058, 139.580474854, 223.795120239, 526.053222656, 96.7567825317, -118.951339722, -33.115322113, -8.52802085876, -57.8708686829, -107.896720886, -70.1669158936, 65.8353347778], [-348.575866699, -178.991973877, -179.226379395, 40.1615257263, 96.7567825317, 339.433319092, 177.213226318, -82.5253067017, -83.7167663574, 95.0534973145, 95.362121582, 40.4613609314, 19.04845047], [-356.015136719, 52.1893539429, -165.681732178, -42.0128288269, -118.951339722, 177.213226318, 369.285339355, 57.6218490601, -105.038139343, -20.1095333099, 167.837478638, 76.3184356689, -36.4395751953], [58.6972351074, -26.9906406403, -76.4027328491, 34.1750144958, -33.115322113, -82.5253067017, 57.6218490601, 307.998840332, 96.6693878174, -97.2958297729, -62.7394714355, 76.9515151978, 110.290283203], [109.478546143, 93.939781189, 107.304412842, -107.245346069, -8.52802085876, -83.7167663574, -105.038139343, 96.6693878174, 463.009216309, 96.8126144409, -219.383224487, -22.9744873047, 190.256027222], [-131.43989563, -143.818878174, -38.4232444763, -0.794166088104, -57.8708686829, 95.0534973145, -20.1095333099, -97.2958297729, 96.8126144409, 337.214630127, 120.304725647, -11.3442049026, -37.9995765686], [-278.808654785, -13.9357481003, -108.512634277, 70.0321121216, -107.896720886, 95.362121582, 167.837478638, -62.7394714355, -219.383224487, 120.304725647, 360.869354248, 72.4458465576, -188.275466919], [3.49872040749, -39.9975891113, -15.9861936569, 12.2369146347, -70.1669158936, 40.4613609314, 76.3184356689, 76.9515151978, -22.9744873047, -11.3442049026, 72.4458465576, 167.728530884, 53.2598266602], [-162.416931152, -26.8293437958, -138.195571899, -0.867239832878, 65.8353347778, 19.04845047, -36.4395751953, 110.290283203, 190.256027222, -37.9995765686, -188.275466919, 53.2598266602, 328.184448242]],
        "icov": [[0.000481096823933, 2.38976235778e-06, -0.00049898767611, 0.000130576023366, -5.69017938687e-05, 4.52756830782e-05, 0.00022213027114, -0.00035728290095, 0.000285344372969, -0.000205948250368, 0.00047230211203, -0.000317369878758, 0.000315225654049], [2.38976235778e-06, 0.00199219980277, -0.00142772321124, 0.000143126380863, 0.000385194201954, 0.000633023912087, -0.000863472931087, 0.00064193084836, -0.000850971264299, 0.0016602583928, -0.002378228819, 0.00205346453004, -0.00187443965115], [-0.00049898767611, -0.00142772321124, 0.00264811259694, -0.000888045004103, -0.000648367742542, 0.000501705973875, -0.000255742954323, 0.00086803548038, -0.00029204582097, -0.00112863862887, 0.00244781724177, -0.00262219086289, 0.00239837425761], [0.000130576023366, 0.000143126380863, -0.000888045004103, 0.00299394410104, -0.000925478467252, -0.00048875977518, 0.000993588124402, -0.00150983373169, 0.00100822071545, -0.000126043829368, -0.00182729191147, 0.00102216599043, -0.00127123249695], [-5.69017938687e-05, 0.000385194201954, -0.000648367742542, -0.000925478467252, 0.00412045558915, -0.00334857800044, 0.00245249201544, -0.000634677067865, -0.000524491188116, 0.00231269141659, -0.0014396639308, 0.00287368963473, -0.00113920099102], [4.52756830782e-05, 0.000633023912087, 0.000501705973875, -0.00048875977518, -0.00334857800044, 0.010485785082, -0.00724733993411, 0.00398461846635, 0.00159764918499, -0.00431199837476, 0.0033117281273, -0.00349058583379, -0.000755619083066], [0.00022213027114, -0.000863472931087, -0.000255742954323, 0.000993588124402, 0.00245249201544, -0.00724733993411, 0.0095786023885, -0.0038909916766, -0.000707283790689, 0.00350586255081, -0.00453697424382, 0.00195203325711, 0.000130473985337], [-0.00035728290095, 0.00064193084836, 0.00086803548038, -0.00150983373169, -0.000634677067865, 0.00398461846635, -0.0038909916766, 0.00760546559468, -0.00210392731242, 0.00108450208791, 0.000900083978195, -0.00303690531291, -0.000500219641253], [0.000285344372969, -0.000850971264299, -0.00029204582097, 0.00100822071545, -0.000524491188116, 0.00159764918499, -0.000707283790689, -0.00210392731242, 0.00700890878215, -0.00538854673505, 0.0048978687264, -0.000780104543082, -0.00115836458281], [-0.000205948250368, 0.0016602583928, -0.00112863862887, -0.000126043829368, 0.00231269141659, -0.00431199837476, 0.00350586255081, 0.00108450208791, -0.00538854673505, 0.0101593155414, -0.00866153743118, 0.00455420697108, -0.00203856057487], [0.00047230211203, -0.002378228819, 0.00244781724177, -0.00182729191147, -0.0014396639308, 0.0033117281273, -0.00453697424382, 0.000900083978195, 0.0048978687264, -0.00866153743118, 0.0170016158372, -0.00970869138837, 0.00784249324352], [-0.000317369878758, 0.00205346453004, -0.00262219086289, 0.00102216599043, 0.00287368963473, -0.00349058583379, 0.00195203325711, -0.00303690531291, -0.000780104543082, 0.00455420697108, -0.00970869138837, 0.0154010402039, -0.00731679098681], [0.000315225654049, -0.00187443965115, 0.00239837425761, -0.00127123249695, -0.00113920099102, -0.000755619083066, 0.000130473985337, -0.000500219641253, -0.00115836458281, -0.00203856057487, 0.00784249324352, -0.00731679098681, 0.010633436963]]
    },
    "melbands": {
        "dmean": [3.53601535608e-05, 5.8095814893e-05, 0.000338149839081, 0.000342646439094, 0.000134569854708, 0.00012613387662, 0.000183359894436, 7.74720174377e-05, 7.88269826444e-05, 5.51323610125e-05, 6.49920038995e-05, 1.89025777217e-05, 1.17662739285e-05, 1.17447862067e-05, 6.61088561174e-05, 1.59905375767e-05, 5.73776605961e-06, 1.53097414568e-06, 1.82058411156e-05, 3.47735222022e-05, 3.96161067329e-06, 4.649153027e-07, 2.84907002879e-07, 4.9888394642e-06, 2.42808982875e-06, 2.90284276616e-07, 7.49574383008e-07, 2.60555481191e-07, 7.9133499753e-08, 8.67920206815e-08, 4.66730654125e-08, 3.59005021267e-08, 4.530521025e-08, 3.64820529342e-08, 2.10989785643e-08, 1.54496717641e-08, 2.11909707559e-08, 3.00733447034e-08, 1.41605820403e-08, 1.17039355985e-08],
        "dmean2": [5.59881445952e-05, 9.0490153525e-05, 0.000501280126628, 0.000526885094587, 0.00020734705322, 0.000165950419614, 0.000207861128729, 9.66733423411e-05, 0.000100511650089, 7.89366386016e-05, 9.70132750808e-05, 2.64458922175e-05, 1.65417732205e-05, 1.71773954207e-05, 9.99984404189e-05, 2.34426843235e-05, 8.36800336401e-06, 2.0830837002e-06, 2.80192070932e-05, 5.85213310842e-05, 5.68892437514e-06, 6.56208385408e-07, 4.30637243198e-07, 7.01033513906e-06, 3.49162996827e-06, 4.74328061273e-07, 1.01343391634e-06, 4.00071030526e-07, 1.28405403643e-07, 1.42949630799e-07, 7.67149188619e-08, 5.89935282846e-08, 7.42775441154e-08, 5.74494123384e-08, 3.54453888463e-08, 2.55243577385e-08, 3.44532224972e-08, 4.88336908688e-08, 2.22268088379e-08, 1.8154139525e-08],
        "dvar": [1.84443909035e-08, 2.13293667173e-08, 7.87987062267e-07, 1.13299893201e-06, 3.45818563119e-07, 4.7011437232e-07, 5.3641622344e-07, 7.33086196192e-08, 1.2184706577e-07, 5.82364307888e-08, 6.57695906625e-08, 6.49869136282e-09, 7.77663544671e-10, 3.23548809966e-09, 9.98745193215e-08, 3.97468591373e-09, 6.974537059e-10, 8.8489854333e-11, 5.76204595149e-09, 3.43059127772e-08, 7.09361680507e-10, 4.88306964308e-12, 8.70927462093e-13, 6.16378448282e-10, 1.30918428876e-10, 2.44371255002e-12, 2.98876721982e-11, 6.71819208337e-13, 2.98708811592e-14, 4.23084520705e-14, 1.09904032625e-14, 5.71728265859e-15, 6.97433418594e-15, 6.49498130043e-15, 4.30596059704e-15, 7.60409799414e-16, 2.15980738407e-15, 5.64361323855e-15, 5.46549756221e-16, 7.74694798312e-16],
        "dvar2": [4.09380227495e-08, 5.03348687175e-08, 1.78586401489e-06, 2.48987112172e-06, 7.26837527054e-07, 8.5710945541e-07, 7.39760821489e-07, 1.1389206378e-07, 1.63777173157e-07, 1.10794829311e-07, 1.43765149119e-07, 1.07674917871e-08, 1.33011845982e-09, 6.46802966742e-09, 2.18884935066e-07, 9.67156843501e-09, 1.21064214209e-09, 1.21826937427e-10, 1.4048540109e-08, 9.81407239919e-08, 1.52641421725e-09, 7.19459214427e-12, 1.3753024327e-12, 1.13533715762e-09, 2.56390908504e-10, 5.04504337612e-12, 4.27130657232e-11, 1.11153490925e-12, 6.98502331821e-14, 9.94771417475e-14, 2.19264049869e-14, 1.30379224534e-14, 1.72470493968e-14, 1.22981882517e-14, 1.00382348918e-14, 2.0812344903e-15, 4.99138770477e-15, 1.45991905224e-14, 1.2893571522e-15, 1.75299027088e-15],
        "max": [0.00159090384841, 0.00266650086269, 0.0138377081603, 0.0240563303232, 0.0156263448298, 0.0247088558972, 0.0195657238364, 0.00779375899583, 0.0117671331391, 0.00986424833536, 0.00800738111138, 0.00275809830055, 0.000469863181934, 0.00131976907142, 0.0077154408209, 0.00170771568082, 0.000882675871253, 0.000268757576123, 0.0013067771215, 0.00352067733184, 0.000718280032743, 7.18221344869e-05, 3.07637274091e-05, 0.000489674392156, 0.000218044471694, 4.89204903715e-05, 0.000242065812927, 3.08318085445e-05, 2.71746125691e-06, 3.01333557218e-06, 2.81778807221e-06, 1.39580777159e-06, 1.3572912394e-06, 1.24166058413e-06, 1.91916819858e-06, 5.61225476758e-07, 7.89529792655e-07, 1.52985876412e-06, 3.62466721526e-07, 4.90600996272e-07],
        "mean": [7.15715577826e-05, 0.000132253437187, 0.000804777315352, 0.000609021983109, 0.00034414397669, 0.000288038398139, 0.000458686205093, 0.000223054550588, 0.000232573991525, 0.000116989671369, 0.000140344534884, 4.21765507781e-05, 2.14720967051e-05, 2.06664826692e-05, 0.000122401979752, 2.83387271338e-05, 9.46168165683e-06, 2.42285454988e-06, 3.04578625219e-05, 5.36370025657e-05, 5.90641820963e-06, 8.25935842386e-07, 5.12601502578e-07, 7.98779819888e-06, 3.77680021302e-06, 4.49130737934e-07, 1.09030247586e-06, 3.78663344236e-07, 1.19828598599e-07, 1.3482879524e-07, 7.85564395756e-08, 6.94350035246e-08, 8.74784902294e-08, 8.38513543044e-08, 4.40724186035e-08, 3.72476414157e-08, 4.83783182403e-08, 5.79688759217e-08, 2.9861492834e-08, 2.51473473156e-08],
        "median": [7.02325110069e-07, 4.25212920163e-06, 1.17304934975e-05, 1.14160620797e-05, 4.71909061162e-06, 4.67274139737e-06, 6.61510284772e-06, 8.07096148492e-06, 5.6088169913e-06, 3.5577345443e-06, 2.81381903733e-06, 4.30200725532e-06, 4.59335888081e-06, 2.77193680631e-06, 9.08225501917e-06, 3.93805339627e-06, 1.00012709936e-06, 5.15607780471e-07, 5.14205964919e-07, 5.03380306327e-07, 2.62734715761e-07, 2.05184235824e-07, 1.82056879794e-07, 2.22121286697e-07, 1.58097250846e-07, 1.00428266592e-07, 1.91389290194e-07, 1.30495422468e-07, 4.75495056662e-08, 5.05425177266e-08, 3.86096772331e-08, 2.46708182772e-08, 3.51391946651e-08, 1.5917311913e-08, 1.10156008759e-08, 1.22878978104e-08, 1.10618350035e-08, 1.72715033386e-08, 1.30561570444e-08, 5.11833642136e-09],
        "min": [3.13171034612e-24, 4.76785558963e-24, 1.08397266546e-23, 1.65280748467e-23, 4.74209596786e-23, 2.82457989556e-23, 1.20144896372e-23, 9.950535264e-24, 8.43382711141e-24, 3.53005354882e-24, 5.54258562946e-24, 6.25355204232e-24, 8.3136622963e-24, 1.27826476768e-23, 1.26959439747e-23, 1.17344897698e-23, 1.17597514625e-23, 1.43416821613e-23, 1.33689346236e-23, 8.54419032977e-24, 1.16771427374e-23, 6.24720250089e-24, 1.34784963593e-23, 2.0282693035e-23, 1.39427457352e-23, 8.46790195821e-24, 9.06516511563e-24, 1.20956003154e-23, 1.08301585607e-23, 1.03067075404e-23, 1.37806647958e-23, 1.72858025674e-23, 1.25217579648e-23, 7.35278711525e-24, 6.81420179854e-24, 7.56867152374e-24, 9.42251673912e-24, 1.38642083212e-23, 8.44307177236e-24, 1.13973834725e-23],
        "var": [4.57717881375e-08, 8.5101355296e-08, 2.91785954687e-06, 2.9419816201e-06, 1.64756215781e-06, 1.69829354491e-06, 3.19444870911e-06, 5.35625531484e-07, 1.03366005533e-06, 2.35530123405e-07, 2.77223847434e-07, 3.63388501512e-08, 2.41981212845e-09, 8.7099705226e-09, 2.71919418537e-07, 8.95797747091e-09, 1.78995118727e-09, 2.18183443534e-10, 1.58858988186e-08, 6.69785507057e-08, 1.54851320655e-09, 1.51525424152e-11, 2.48273580514e-12, 1.5767697148e-09, 3.07529862686e-10, 5.81721866857e-12, 5.98960950282e-11, 1.30064633109e-12, 4.88675194602e-14, 7.54094256115e-14, 1.89473342072e-14, 1.50006282352e-14, 1.80352288008e-14, 2.48306200769e-14, 9.53157874622e-15, 3.87576908027e-15, 8.06500726662e-15, 1.35230419392e-14, 1.69494119718e-15, 2.35490765919e-15]
    },
    "mfcc": {
        "mean": [-795.782165527, 137.24420166, -9.18065929413, -3.55585241318, -9.79775524139, -0.376287192106, 2.06881523132, -5.22942733765, -12.401143074, -4.39784812927, -3.69114995003, -1.68787932396, -1.86247134209],
        "cov": [[2757.02270508, 737.513244629, 1021.46643066, 374.217773438, 239.0440979, -211.102478027, -251.681213379, 74.853729248, 70.8829498291, -55.1407394409, 43.8319282532, -14.4667949677, -65.0231323242], [737.513244629, 1264.02111816, 702.108581543, 141.573364258, 142.534729004, -55.1807785034, -159.782821655, 51.1128768921, 40.7490005493, -7.20174884796, 36.2556343079, -8.38358020782, -135.924026489], [1021.46643066, 702.108581543, 990.852722168, 325.672973633, 232.025527954, -4.6893248558, -149.59185791, -2.93691515923, -36.5631103516, -11.7194929123, 94.3286819458, 37.5994682312, -45.5225372314], [374.217773438, 141.573364258, 325.672973633, 402.167724609, 234.9480896, 3.76600170135, 38.7250328064, 45.5275802612, 7.90811252594, -32.3422927856, 26.797252655, -17.6923522949, -9.23544502258], [239.0440979, 142.534729004, 232.025527954, 234.9480896, 454.739685059, 103.338127136, -24.8534049988, -41.8795013428, 136.549453735, -13.1608943939, -55.3032455444, -100.291358948, -29.72615242], [-211.102478027, -55.1807785034, -4.6893248558, 3.76600170135, 103.338127136, 346.25692749, 137.024307251, -59.9991455078, -50.5756912231, 33.1175346375, -0.480378895998, 63.581325531, 45.8871574402], [-251.681213379, -159.782821655, -149.59185791, 38.7250328064, -24.8534049988, 137.024307251, 456.514038086, 130.603378296, -250.681045532, -92.5010299683, 82.6188201904, 8.1110458374, 56.8445014954], [74.853729248, 51.1128768921, -2.93691515923, 45.5275802612, -41.8795013428, -59.9991455078, 130.603378296, 286.839111328, 31.1234760284, -38.2700805664, -27.3160228729, -36.9420585632, -14.6900014877], [70.8829498291, 40.7490005493, -36.5631103516, 7.90811252594, 136.549453735, -50.5756912231, -250.681045532, 31.1234760284, 507.435699463, 143.142608643, -205.27482605, -78.8612442017, -30.5513858795], [-55.1407394409, -7.20174884796, -11.7194929123, -32.3422927856, -13.1608943939, 33.1175346375, -92.5010299683, -38.2700805664, 143.142608643, 157.177001953, 1.39756000042, 24.5834197998, 12.8165245056], [43.8319282532, 36.2556343079, 94.3286819458, 26.797252655, -55.3032455444, -0.480378895998, 82.6188201904, -27.3160228729, -205.27482605, 1.39756000042, 251.781829834, 115.067756653, 0.857412755489], [-14.4667949677, -8.38358020782, 37.5994682312, -17.6923522949, -100.291358948, 63.581325531, 8.1110458374, -36.9420585632, -78.8612442017, 24.5834197998, 115.067756653, 223.160354614, 43.7445449829], [-65.0231323242, -135.924026489, -45.5225372314, -9.23544502258, -29.72615242, 45.8871574402, 56.8445014954, -14.6900014877, -30.5513858795, 12.8165245056, 0.857412755489, 43.7445449829, 185.605255127]],
