{
"lowlevel": {
    "average_loudness": 0.941309094429,
    "barkbands_crest": {
        "dmean": 2.06575942039,
        "dmean2": 3.23109698296,
        "dvar": 4.76330947876,
        "dvar2": 11.9833841324,
        "max": 21.790895462,
        "mean": 10.5031518936,
        "median": 9.85500240326,
        "min": 3.37433028221,
        "var": 14.6554203033
    },
    "barkbands_flatness_db": {
        "dmean": 0.0197650324553,
        "dmean2": 0.0291193109006,
        "dvar": 0.000394787581172,
        "dvar2": 0.000905543914996,
        "max": 0.317324638367,
        "mean": 0.19078232348,
        "median": 0.190731808543,
        "min": 0.0698333010077,
        "var": 0.00187312217895
    },
    "barkbands_kurtosis": {
        "dmean": 2.19056034088,
        "dmean2": 3.63491225243,
        "dvar": 16.8955802917,
        "dvar2": 46.4328079224,
        "max": 48.7412147522,
        "mean": 3.62133193016,
        "median": 2.31271505356,
        "min": -1.434232831,
        "var": 20.6493911743
    },
    "barkbands_skewness": {
        "dmean": 0.399806588888,
        "dmean2": 0.633547246456,
        "dvar": 0.290407598019,
        "dvar2": 0.742961168289,
        "max": 6.07420825958,
        "mean": 1.49366259575,
        "median": 1.3932133913,
        "min": -1.62716948986,
        "var": 0.539469003677
    },
    "barkbands_spread": {
        "dmean": 2.29943132401,
        "dmean2": 3.53790378571,
        "dvar": 6.02129888535,
        "dvar2": 14.9359531403,
        "max": 50.554019928,
        "mean": 12.1302747726,
        "median": 11.4398345947,
        "min": 2.31818842888,
        "var": 30.4855899811
    },
    "dissonance": {
        "dmean": 0.0212242547423,
        "dmean2": 0.035416547209,
        "dvar": 0.000525589741301,
        "dvar2": 0.00131248787511,
        "max": 0.499987512827,
        "mean": 0.449630051851,
        "median": 0.454530000687,
        "min": 0.0330975279212,
        "var": 0.00100100843702
    },
    "dynamic_complexity": 2.04774594307,
    "erbbands_crest": {
        "dmean": 2.02204012871,
        "dmean2": 3.04724359512,
        "dvar": 3.55657219887,
        "dvar2": 8.27333068848,
        "max": 31.4421081543,
        "mean": 11.2538003922,
        "median": 9.72104358673,
        "min": 3.08445453644,
        "var": 28.4947185516
    },
    "erbbands_flatness_db": {
        "dmean": 0.0172752458602,
        "dmean2": 0.0210613906384,
        "dvar": 0.000334351323545,
        "dvar2": 0.000516591127962,
        "max": 0.345836490393,
        "mean": 0.21900677681,
        "median": 0.215166091919,
        "min": 0.0782333388925,
        "var": 0.00226215994917
    },
    "erbbands_kurtosis": {
        "dmean": 0.700861155987,
        "dmean2": 1.0522544384,
        "dvar": 1.66605317593,
        "dvar2": 3.70779109001,
        "max": 32.3723335266,
        "mean": 0.648182213306,
        "median": -0.253771424294,
        "min": -1.66650176048,
        "var": 7.71851825714
    },
    "erbbands_skewness": {
        "dmean": 0.279835700989,
        "dmean2": 0.427960216999,
        "dvar": 0.0648232847452,
        "dvar2": 0.155316531658,
        "max": 3.24072337151,
        "mean": 0.643698096275,
        "median": 0.533270001411,
        "min": -1.15743744373,
        "var": 0.452183276415
    },
    "erbbands_spread": {
        "dmean": 3.52745389938,
        "dmean2": 5.34894132614,
        "dvar": 13.7153396606,
        "dvar2": 29.8772220612,
        "max": 87.5659408569,
        "mean": 25.607503891,
        "median": 25.2049045563,
        "min": 2.5407512188,
        "var": 88.7887802124
    },
    "hfc": {
        "dmean": 3.19391465187,
        "dmean2": 5.06842803955,
        "dvar": 29.1949138641,
        "dvar2": 74.1466522217,
        "max": 58.4372024536,
        "mean": 14.6214399338,
        "median": 12.262424469,
        "min": 1.16004616433e-16,
        "var": 80.1926956177
    },
    "melbands_crest": {
        "dmean": 2.51140499115,
        "dmean2": 3.92925930023,
        "dvar": 6.24898719788,
        "dvar2": 15.2350673676,
        "max": 28.1469936371,
        "mean": 13.6745491028,
        "median": 12.789888382,
        "min": 1.74035549164,
        "var": 21.3154697418
    },
    "melbands_flatness_db": {
        "dmean": 0.0215975288302,
        "dmean2": 0.0310688205063,
        "dvar": 0.00057340884814,
        "dvar2": 0.00135298585519,
        "max": 0.437822729349,
        "mean": 0.25311768055,
        "median": 0.255540370941,
        "min": 0.0088976630941,
        "var": 0.002866812516
    },
    "melbands_kurtosis": {
        "dmean": 3.50794100761,
        "dmean2": 5.77382135391,
        "dvar": 47.2247772217,
        "dvar2": 129.344573975,
        "max": 95.0843429565,
        "mean": 7.03755760193,
        "median": 5.09214115143,
        "min": -1.0175974369,
        "var": 53.3058013916
    },
    "melbands_skewness": {
        "dmean": 0.451870679855,
        "dmean2": 0.709960699081,
        "dvar": 0.386767625809,
        "dvar2": 0.989398002625,
        "max": 7.19636058807,
        "mean": 1.92953193188,
        "median": 1.80717146397,
        "min": -0.999927997589,
        "var": 0.850844442844
    },
    "melbands_spread": {
        "dmean": 3.03795552254,
        "dmean2": 4.69096755981,
        "dvar": 13.9965934753,
        "dvar2": 27.2425537109,
        "max": 114.737884521,
        "mean": 14.5675125122,
        "median": 13.6412887573,
        "min": 2.09089183807,
        "var": 43.3431015015
    },
    "pitch_salience": {
        "dmean": 0.0517236255109,
        "dmean2": 0.0836071297526,
        "dvar": 0.00248068710789,
        "dvar2": 0.00675187818706,
        "max": 0.856203496456,
        "mean": 0.549780786037,
        "median": 0.55543845892,
        "min": 0.272935479879,
        "var": 0.00747328670695
    },
    "silence_rate_20dB": {
        "dmean": 0,
        "dmean2": 0,
        "dvar": 0,
        "dvar2": 0,
        "max": 1,
        "mean": 1,
        "median": 1,
        "min": 1,
        "var": 0
    },
    "silence_rate_30dB": {
        "dmean": 0.00515729747713,
        "dmean2": 0.0103199174628,
        "dvar": 0.00513074267656,
        "dvar2": 0.0143414018676,
        "max": 1,
        "mean": 0.996391773224,
        "median": 1,
        "min": 0,
        "var": 0.00359521107748
    },
    "silence_rate_60dB": {
        "dmean": 0.00257864873856,
        "dmean2": 0.00515995873138,
        "dvar": 0.00257202540524,
        "dvar2": 0.00719737960026,
        "max": 1,
        "mean": 0.00206185574643,
        "median": 0,
        "min": 0,
        "var": 0.00205764453858
    },
    "spectral_centroid": {
        "dmean": 120.061195374,
        "dmean2": 183.208557129,
        "dvar": 68900.21875,
        "dvar2": 90940.3046875,
        "max": 11097.3720703,
        "mean": 799.731384277,
        "median": 759.368774414,
        "min": 282.465911865,
        "var": 110541.734375
    },
    "spectral_complexity": {
        "dmean": 2.06137180328,
        "dmean2": 3.25851392746,
        "dvar": 3.93896412849,
        "dvar2": 7.75100374222,
        "max": 32,
        "mean": 16.8824748993,
        "median": 17,
        "min": 0,
        "var": 16.2211780548
    },
    "spectral_decrease": {
        "dmean": 2.54758592e-09,
        "dmean2": 4.24340740324e-09,
        "dvar": 3.12408415696e-17,
        "dvar2": 8.57184703302e-17,
        "max": -1.37562326839e-28,
        "mean": -7.28716065268e-09,
        "median": -5.51273160454e-09,
        "min": -4.63127882711e-08,
        "var": 3.57454620448e-17
    },
    "spectral_energy": {
        "dmean": 0.00986932497472,
        "dmean2": 0.0164248365909,
        "dvar": 0.000463845615741,
        "dvar2": 0.00127144309226,
        "max": 0.180095463991,
        "mean": 0.0288296379149,
        "median": 0.0220060292631,
        "min": 1.1041145424e-20,
        "var": 0.00053837482119
    },
    "spectral_energyband_high": {
        "dmean": 5.29066201125e-05,
        "dmean2": 7.6724558312e-05,
        "dvar": 1.57146278212e-08,
        "dvar2": 3.24848201672e-08,
        "max": 0.0026892516762,
        "mean": 0.00013773147657,
        "median": 4.33908644482e-05,
        "min": 7.94740026801e-21,
        "var": 9.84150432259e-08
    },
    "spectral_energyband_low": {
        "dmean": 0.00311799254268,
        "dmean2": 0.00503234332427,
        "dvar": 0.000115442904644,
        "dvar2": 0.000310817500576,
        "max": 0.137157410383,
        "mean": 0.00598831381649,
        "median": 0.00227612699382,
        "min": 3.17624935394e-23,
        "var": 0.000158730952535
    },
    "spectral_energyband_middle_high": {
        "dmean": 0.000857762875967,
        "dmean2": 0.00128248182591,
        "dvar": 1.14601709811e-06,
        "dvar2": 2.46748481914e-06,
        "max": 0.0146168842912,
        "mean": 0.00348609522916,
        "median": 0.0027507354971,
        "min": 2.08708735319e-21,
        "var": 5.91567504671e-06
    },
    "spectral_energyband_middle_low": {
        "dmean": 0.00766830006614,
        "dmean2": 0.0128504028544,
        "dvar": 0.000328478490701,
        "dvar2": 0.000910224101972,
        "max": 0.172833964229,
        "mean": 0.0197949614376,
        "median": 0.0147858466953,
        "min": 2.81091209152e-22,
        "var": 0.000326342735207
    },
    "spectral_entropy": {
        "dmean": 0.152157872915,
        "dmean2": 0.220667257905,
        "dvar": 0.0260618664324,
        "dvar2": 0.0568832121789,
        "max": 9.8146982193,
        "mean": 6.92576360703,
        "median": 6.88286685944,
        "min": 5.97608470917,
        "var": 0.131223708391
    },
    "spectral_flux": {
        "dmean": 0.0253824070096,
        "dmean2": 0.0402658618987,
        "dvar": 0.00201811385341,
        "dvar2": 0.00407133530825,
        "max": 0.358662813902,
        "mean": 0.0644115582108,
        "median": 0.0470406003296,
        "min": 1.05076856938e-10,
        "var": 0.00299241836183
    },
    "spectral_kurtosis": {
        "dmean": 4.52811670303,
        "dmean2": 7.75342607498,
        "dvar": 26.2386417389,
        "dvar2": 77.265083313,
        "max": 40.0785522461,
        "mean": 11.52805233,
        "median": 10.1669921875,
        "min": -1.27188456059,
        "var": 46.104183197
    },
    "spectral_rms": {
        "dmean": 0.000766886514612,
        "dmean2": 0.00122336763889,
        "dvar": 1.82850510555e-06,
        "dvar2": 4.70398390462e-06,
        "max": 0.0132552972063,
        "mean": 0.00498234666884,
        "median": 0.00463349744678,
        "min": 3.28204954533e-12,
        "var": 3.30269972437e-06
    },
    "spectral_rolloff": {
        "dmean": 205.192443848,
        "dmean2": 339.954071045,
        "dvar": 223227.421875,
        "dvar2": 320648.15625,
        "max": 18324.7558594,
        "mean": 923.514221191,
        "median": 753.662109375,
        "min": 150.732421875,
        "var": 343034.78125
    },
    "spectral_skewness": {
        "dmean": 0.373732060194,
        "dmean2": 0.631500661373,
        "dvar": 0.14660872519,
        "dvar2": 0.434379190207,
        "max": 4.33371734619,
        "mean": 2.38256859779,
        "median": 2.39485931396,
        "min": -0.022391885519,
        "var": 0.304467082024
    },
    "spectral_spread": {
        "dmean": 420322.375,
        "dmean2": 552521.0625,
        "dvar": 999708819456,
        "dvar2": 1.00648943616e+12,
        "max": 43451852,
        "mean": 3091338,
        "median": 2986391,
        "min": 1246620.875,
        "var": 2.37041667277e+12
    },
    "spectral_strongpeak": {
        "dmean": 0.371225833893,
        "dmean2": 0.619693398476,
        "dvar": 0.272440195084,
        "dvar2": 0.63676315546,
        "max": 6.21219778061,
        "mean": 1.23558211327,
        "median": 0.92672586441,
        "min": 0,
        "var": 1.10184454918
    },
    "zerocrossingrate": {
        "dmean": 0.00456929532811,
        "dmean2": 0.00570240942761,
        "dvar": 0.000140753589221,
        "dvar2": 0.00015832358622,
        "max": 0.50390625,
        "mean": 0.0380688235164,
        "median": 0.03564453125,
        "min": 0.00732421875,
        "var": 0.000287715694867
    },
    "barkbands": {
        "dmean": [5.24575516465e-05, 0.0015070423251, 0.00147187197581, 0.0013833984267, 0.00500599294901, 0.00108178949449, 0.000851921620779, 0.000870893476531, 0.000615347118583, 0.000236257459619, 9.24848718569e-05, 0.000148997423821, 0.000286472815787, 0.000284144480247, 0.000225159194088, 0.000106837476778, 0.000125364720589, 6.02825675742e-05, 2.76570663118e-05, 1.23070694826e-05, 1.15931979963e-05, 1.99918504222e-05, 1.39264675454e-05, 1.05902245195e-05, 6.14903592577e-06, 2.09033237297e-06, 8.71835794669e-08],
        "dmean2": [6.66380219627e-05, 0.00194395903964, 0.00270152464509, 0.00251776981167, 0.00865868851542, 0.00166922959033, 0.00133881531656, 0.00127433403395, 0.000802113034297, 0.000346814136719, 0.000147497077705, 0.000216547137825, 0.000424636324169, 0.000442273594672, 0.000365853920812, 0.000164259516168, 0.000192577470443, 9.24975829548e-05, 4.15814029111e-05, 1.95219690795e-05, 1.80386377906e-05, 3.24717766489e-05, 2.03140225494e-05, 1.51654976435e-05, 9.10823291633e-06, 3.1034624044e-06, 1.58663070238e-07],
        "dvar": [1.60895528012e-08, 2.35167262872e-05, 3.18319507642e-05, 1.37457045639e-05, 0.000208722500247, 2.59503690359e-06, 1.41898738093e-06, 2.01502029995e-06, 1.87275429653e-06, 1.28632223095e-07, 3.6676130577e-08, 6.64840769105e-08, 2.29802026297e-07, 1.92538237798e-07, 1.22621003129e-07, 2.55963108486e-08, 4.70114223106e-08, 7.24695414789e-09, 1.95116345303e-09, 3.52389589731e-10, 7.73153763234e-10, 4.31671498546e-09, 1.12330056368e-09, 7.58296980763e-10, 1.56025331544e-10, 1.75840158406e-11, 7.28938326258e-14],
        "dvar2": [2.59502783706e-08, 4.57293717773e-05, 9.38268203754e-05, 3.95729184675e-05, 0.000580944179092, 6.05164586887e-06, 3.34985679729e-06, 4.23531946581e-06, 2.56134467236e-06, 2.54104975284e-07, 9.22339751241e-08, 1.32630773919e-07, 4.86027431634e-07, 4.40138791191e-07, 3.49599076799e-07, 5.98380438532e-08, 1.09721185027e-07, 1.77823444858e-08, 3.84628018324e-09, 8.75256367383e-10, 1.91862548071e-09, 1.04094519671e-08, 2.52318099747e-09, 1.58799218219e-09, 3.57691432029e-10, 3.63646335266e-11, 2.02510818986e-13],
        "max": [0.00300957798027, 0.0839437395334, 0.0648019313812, 0.0288354344666, 0.122435890138, 0.0245020445436, 0.0350904613733, 0.0362198464572, 0.0462886989117, 0.00793658290058, 0.00387529702857, 0.00661099608988, 0.00860999617726, 0.00985965598375, 0.00555778341368, 0.00226508546621, 0.00414092699066, 0.00142576789949, 0.000997826457024, 0.000392392772483, 0.000595452380367, 0.00088227581, 0.000850727199577, 0.00108694669325, 0.000377187971026, 0.000100198187283, 3.40163819601e-06],
        "mean": [0.000142458244227, 0.00362176983617, 0.00173028605059, 0.00124604359735, 0.00672965450212, 0.00310251419432, 0.00294562033378, 0.00330851227045, 0.00229829852469, 0.000627334113233, 0.000170942817931, 0.000371137284674, 0.000534493126906, 0.000608822854701, 0.000527235330082, 0.000218384782784, 0.000293199467706, 0.000128853163915, 6.53066090308e-05, 2.85038204311e-05, 2.40496756305e-05, 3.12616393785e-05, 2.9207807529e-05, 2.85735623038e-05, 1.37036649903e-05, 3.4279380543e-06, 5.55993686646e-08],
        "median": [6.57690998196e-06, 0.0005709445104, 0.000786733929999, 0.000253512524068, 0.00334243476391, 0.00192026072182, 0.00160276331007, 0.00116504356265, 0.000888354727067, 0.00036632042611, 9.03728941921e-05, 0.000176832865691, 0.000279932806734, 0.000364832056221, 0.000320775143337, 0.000119105447084, 0.000176063767867, 9.21082391869e-05, 3.59811128874e-05, 1.90282989934e-05, 8.73498720466e-06, 4.36363461631e-06, 5.81422773394e-06, 8.16670763015e-06, 6.12353505858e-06, 1.25388010019e-06, 1.19828857947e-09],
        "min": [6.06589071043e-24, 4.4644754627e-24, 7.7641867548e-24, 2.86959198327e-23, 6.46766230263e-23, 5.65143297271e-23, 6.25344996371e-23, 3.46505511788e-23, 2.71459312162e-23, 3.04469228296e-23, 1.17674469584e-22, 8.63793414213e-23, 1.76395609295e-22, 7.13307720469e-23, 2.01294066326e-22, 1.22661862797e-22, 2.26733795533e-22, 3.61862664615e-22, 4.76587602208e-22, 4.59652210077e-22, 4.64266427905e-22, 4.99704331687e-22, 6.81712995556e-22, 9.1658690162e-22, 1.06319729408e-21, 1.8541861295e-21, 2.41204735709e-21],
        "var": [1.06538209366e-07, 7.24107740098e-05, 1.9495795641e-05, 9.21316495806e-06, 0.000151473490405, 1.10119008241e-05, 1.43389952427e-05, 3.15007746394e-05, 2.76867576758e-05, 6.94714628935e-07, 6.7941741122e-08, 3.54281326054e-07, 6.47944204957e-07, 7.23709149497e-07, 3.523314831e-07, 7.63379262025e-08, 1.30778403218e-07, 1.55872328378e-08, 7.88305953847e-09, 1.07576658692e-09, 2.66883981581e-09, 7.54963291882e-09, 6.26295060258e-09, 8.77062955595e-09, 6.86986190157e-10, 4.09044083327e-11, 4.53103232831e-14]
    },
    "erbbands": {
        "dmean": [0.0520578846335, 0.378213912249, 1.44180977345, 3.36815524101, 12.7251396179, 17.9555950165, 10.5808591843, 8.20439910889, 9.05846595764, 21.1680164337, 15.71808815, 15.8443927765, 6.35133266449, 7.11680364609, 4.15136909485, 6.96985673904, 14.0605669022, 16.0273151398, 10.7191705704, 8.59914493561, 6.54233503342, 5.70815753937, 3.42216920853, 2.37212586403, 1.11195445061, 0.513177216053, 0.419328689575, 0.53165858984, 0.723362386227, 0.636919975281, 0.385678529739, 0.279448390007, 0.168414756656, 0.0896263644099, 0.0340556167066, 0.0112453345209, 0.00345163210295, 0.000575819576625, 1.58688944794e-05, 1.11169529191e-05],
        "dmean2": [0.0511270798743, 0.571898579597, 2.62676286697, 6.17753648758, 22.2827796936, 31.2705497742, 16.7586574554, 12.7894926071, 14.2134532928, 32.9878044128, 21.6097583771, 20.156457901, 9.49084949493, 10.4968252182, 6.43885755539, 9.87455844879, 20.4036254883, 24.8880004883, 18.1938171387, 13.0247039795, 9.91324329376, 8.75813102722, 5.20876026154, 3.51086258888, 1.68568515778, 0.791780412197, 0.600333929062, 0.870949149132, 1.16265177727, 1.01804125309, 0.562646567822, 0.410806328058, 0.255370289087, 0.132789716125, 0.0507483258843, 0.0161091051996, 0.00529037695378, 0.000944586179685, 2.55807517533e-05, 1.83370484592e-05],
        "dvar": [0.0258449614048, 1.69010019302, 30.1336860657, 108.190116882, 1618.05090332, 2315.83447266, 255.226608276, 191.830886841, 165.522598267, 1153.03564453, 852.173828125, 1529.52478027, 90.1635437012, 160.417434692, 56.6127967834, 137.96987915, 586.626220703, 614.415527344, 330.647399902, 212.177078247, 98.9618148804, 98.7433776855, 32.0973815918, 10.1801052094, 3.30148816109, 0.512557446957, 0.645994007587, 2.5610845089, 5.65825605392, 3.0569255352, 0.94407761097, 0.574625432491, 0.330334722996, 0.0369530022144, 0.00387981417589, 0.00044767264626, 5.0924198149e-05, 2.19830803871e-06, 1.51581813768e-09, 5.72107416996e-10],
        "dvar2": [0.0303870439529, 4.27449178696, 88.6860656738, 315.875244141, 4520.84375, 6502.00097656, 642.661437988, 479.130249023, 363.726928711, 2943.66845703, 1420.74035645, 2074.21386719, 170.131591797, 316.158630371, 136.198135376, 254.546966553, 1199.8248291, 1441.56713867, 1022.44989014, 531.195373535, 224.394378662, 230.643112183, 75.0020904541, 24.1054725647, 6.82313251495, 1.20049369335, 1.36126542091, 6.81542778015, 13.4046163559, 7.81220149994, 2.21047592163, 1.34924221039, 0.913574516773, 0.0905408635736, 0.00832424499094, 0.000881194253452, 0.000109605272883, 5.58570673093e-06, 3.92020194084e-09, 1.55476698183e-09],
        "max": [3.90033555031, 18.3100280762, 65.8402252197, 93.6389846802, 326.054748535, 441.892089844, 189.812927246, 266.899902344, 197.90536499, 1008.60198975, 820.925537109, 1337.67114258, 194.515930176, 308.954772949, 140.347747803, 341.335205078, 445.216278076, 563.471374512, 212.561904907, 245.801116943, 152.531585693, 181.587097168, 100.456542969, 44.5680580139, 37.2473373413, 13.985496521, 15.830988884, 24.1543464661, 31.5144748688, 30.6782989502, 26.0215797424, 22.4384346008, 19.9590911865, 5.60322570801, 1.76782929897, 0.638532340527, 0.0929017066956, 0.0143738295883, 0.000514540530276, 0.000202481402084],
        "mean": [0.132538348436, 0.708196163177, 1.87888276577, 3.24587845802, 13.7187042236, 24.3182048798, 24.2925395966, 23.3635864258, 26.4295406342, 72.8066177368, 71.1723327637, 64.9239807129, 20.0964660645, 19.1401824951, 9.73265838623, 18.2525291443, 28.708978653, 34.9448051453, 22.9177150726, 20.8050136566, 14.5860824585, 14.2482051849, 7.87312078476, 5.58145427704, 2.81104898453, 1.2571747303, 0.894942641258, 0.951680898666, 1.1179715395, 1.11432480812, 0.77744692564, 0.660128653049, 0.409983336926, 0.200788348913, 0.0732107684016, 0.022001830861, 0.0051466380246, 0.000558616244234, 2.73474233836e-05, 3.35578879458e-05],
        "median": [0.00442568585277, 0.194198131561, 1.03110289574, 1.14538192749, 4.88374996185, 10.6380348206, 16.2330169678, 13.2183551788, 18.6182823181, 31.4737892151, 22.2429351807, 20.7742385864, 13.4509897232, 8.56753921509, 6.24418067932, 9.29659461975, 15.6287708282, 20.8867359161, 14.4872226715, 12.1798734665, 8.31471061707, 8.4671459198, 5.58124923706, 3.64436197281, 1.66675114632, 0.86595582962, 0.443963229656, 0.219182163477, 0.139176368713, 0.206667736173, 0.137890607119, 0.178377181292, 0.130846887827, 0.0827732682228, 0.0329256951809, 0.00935914739966, 0.00177432666533, 0.000108705222374, 1.62784508575e-05, 2.61144632532e-05],
        "min": [2.28220135697e-22, 7.68196889446e-22, 5.64994206346e-21, 6.53171344605e-20, 2.28956433273e-19, 1.47768617376e-19, 2.76087013227e-19, 4.90977963966e-19, 8.37529365799e-19, 1.00941542914e-18, 5.04346081544e-19, 7.09391179e-19, 6.66685911925e-19, 1.73293428431e-18, 5.88020653101e-18, 4.05425868194e-18, 8.53484707878e-18, 4.00672102573e-18, 9.54460630486e-18, 7.8915826308e-18, 6.83110151674e-18, 1.36836088134e-17, 2.08318455867e-17, 2.0363322216e-17, 2.41903709272e-17, 2.17250418296e-17, 2.20602782795e-17, 1.63993436804e-17, 1.42918926204e-17, 2.11787353571e-17, 2.08627507088e-17, 1.71265479354e-17, 1.70370618824e-17, 1.03408263743e-17, 8.83734454725e-18, 6.28837384119e-18, 3.26418332372e-18, 1.46532791447e-18, 3.03835174616e-19, 3.68956383593e-20],
        "var": [0.124684140086, 2.67234992981, 18.4876670837, 67.1278610229, 1111.80151367, 1791.3651123, 616.905151367, 865.517089844, 630.346313477, 12622.828125, 16031.4082031, 23640.5683594, 477.858734131, 937.284362793, 121.630264282, 828.404846191, 1733.7902832, 2269.25585938, 729.643737793, 618.334960938, 332.087432861, 273.345550537, 66.688949585, 34.5102500916, 12.2381162643, 1.73505616188, 2.1507666111, 6.1493935585, 10.25822258, 8.57915973663, 4.77987718582, 4.12155437469, 1.82821464539, 0.192220181227, 0.0170325748622, 0.00159009709023, 8.55687758303e-05, 1.97800341084e-06, 1.44571210559e-09, 6.90507928613e-10]
    },
    "gfcc": {
        "mean": [-32.5884971619, 141.854431152, -135.609176636, 5.84149074554, -54.9331855774, -3.88496041298, -53.9040641785, 4.54501914978, -19.5080223083, -1.47534525394, -10.8892765045, -10.8713874817, -9.89081382751],
        "cov": [[3716.22802734, -1149.38269043, 933.75, 506.199523926, -453.661468506, 957.625427246, -320.470672607, 225.390548706, 40.0149688721, 114.216300964, -167.056228638, 161.323684692, -264.014251709], [-1149.38269043, 1329.6776123, -399.056243896, -75.0822525024, 588.933837891, -519.55279541, 348.459259033, -88.9111480713, 74.0759124756, -80.7791900635, 158.730743408, -110.661842346, 219.559799194], [933.75, -399.056243896, 864.977905273, 313.35925293, -74.3538818359, 503.192108154, -65.0256271362, 185.286483765, 80.731300354, 101.265846252, -30.9710216522, 80.0589294434, -108.604545593], [506.199523926, -75.0822525024, 313.35925293, 315.488464355, 52.1068382263, 241.858566284, 22.7888908386, 35.7495117188, 51.9188499451, 25.6944732666, 9.79966545105, 39.2131500244, -21.9034996033], [-453.661468506, 588.933837891, -74.3538818359, 52.1068382263, 458.542053223, -150.363601685, 167.023330688, 35.4683227539, 38.5762710571, -1.44735097885, 97.2056503296, -5.11155223846, 87.8467407227], [957.625427246, -519.55279541, 503.192108154, 241.858566284, -150.363601685, 503.44720459, -99.3243637085, 121.7397995, 37.2059745789, 76.5161209106, -28.930305481, 79.1505126953, -107.796569824], [-320.470672607, 348.459259033, -65.0256271362, 22.7888908386, 167.023330688, -99.3243637085, 202.456665039, 4.74012899399, 36.8195991516, -2.38797330856, 47.1740150452, -13.5992164612, 69.8763275146], [225.390548706, -88.9111480713, 185.286483765, 35.7495117188, 35.4683227539, 121.7397995, 4.74012899399, 206.605117798, 63.6234664917, 56.1846389771, 19.6095199585, 25.5285873413, -3.46733355522], [40.0149688721, 74.0759124756, 80.731300354, 51.9188499451, 38.5762710571, 37.2059745789, 36.8195991516, 63.6234664917, 108.505386353, 38.5076217651, 20.4068470001, 0.0523990876973, 16.5224285126], [114.216300964, -80.7791900635, 101.265846252, 25.6944732666, -1.44735097885, 76.5161209106, -2.38797330856, 56.1846389771, 38.5076217651, 108.896606445, 39.1818122864, 16.3284797668, -13.298324585], [-167.056228638, 158.730743408, -30.9710216522, 9.79966545105, 97.2056503296, -28.930305481, 47.1740150452, 19.6095199585, 20.4068470001, 39.1818122864, 118.963096619, 26.6991176605, 25.7606868744], [161.323684692, -110.661842346, 80.0589294434, 39.2131500244, -5.11155223846, 79.1505126953, -13.5992164612, 25.5285873413, 0.0523990876973, 16.3284797668, 26.6991176605, 95.6747360229, 2.31229496002], [-264.014251709, 219.559799194, -108.604545593, -21.9034996033, 87.8467407227, -107.796569824, 69.8763275146, -3.46733355522, 16.5224285126, -13.298324585, 25.7606868744, 2.31229496002, 112.055496216]],
        "icov": [[0.00074697448872, -0.00103316106834, 0.000444461038569, -0.000991599052213, 0.00102199264802, -0.00114930525888, 0.000890459283255, -0.00095380312996, 0.000737203692552, -0.000902658328414, 0.00157455424778, -0.00134297192562, 0.000979550299235], [-0.00103316106834, 0.00966486800462, -0.00258913403377, 0.00317195779644, -0.00761643005535, 0.00468227500096, -0.00520402938128, 0.00535417953506, -0.00599472550675, 0.00685337651521, -0.00865624006838, 0.00872963108122, -0.00586757995188], [0.000444461038569, -0.00258913403377, 0.00420714402571, -0.00255000032485, 0.00189079239499, -0.0033657932654, 0.00138102530036, -0.00286993035115, 0.00127259269357, -0.00281112408265, 0.00374059658498, -0.00300218653865, 0.00271003227681], [-0.000991599052213, 0.00317195779644, -0.00255000032485, 0.00997766014189, -0.00463474960998, -0.00222570681944, -0.00307521480136, 0.00531422998756, -0.00453502731398, 0.00425949878991, -0.00422565126792, 0.00366138387471, -0.00342801841907], [0.00102199264802, -0.00761643005535, 0.00189079239499, -0.00463474960998, 0.0103809041902, -0.00182728434447, 0.00240557524376, -0.00590295437723, 0.00541202351451, -0.00498285330832, 0.00488135358319, -0.00685095600784, 0.00430912384763], [-0.00114930525888, 0.00468227500096, -0.0033657932654, -0.00222570681944, -0.00182728434447, 0.011739003472, -0.00192329846323, 0.00043380697025, -0.00196791044436, 0.00165917957202, -0.00405927794054, 0.00174094527029, -0.000256996398093], [0.000890459283255, -0.00520402938128, 0.00138102530036, -0.00307521480136, 0.00240557524376, -0.00192329846323, 0.0115405898541, -0.0029120799154, 0.00173405045643, -0.00360491708852, 0.00390270724893, -0.00376589922234, 0.00050636078231], [-0.00095380312996, 0.00535417953506, -0.00286993035115, 0.00531422998756, -0.00590295437723, 0.00043380697025, -0.0029120799154, 0.0118606053293, -0.0070393118076, 0.0029306516517, -0.0053695156239, 0.00488820066676, -0.00473372917622], [0.000737203692552, -0.00599472550675, 0.00127259269357, -0.00453502731398, 0.00541202351451, -0.00196791044436, 0.00173405045643, -0.0070393118076, 0.0180601067841, -0.00772365136072, 0.00517882779241, -0.00351901375689, 0.00169727031607], [-0.000902658328414, 0.00685337651521, -0.00281112408265, 0.00425949878991, -0.00498285330832, 0.00165917957202, -0.00360491708852, 0.0029306516517, -0.00772365136072, 0.0195497814566, -0.0120478579774, 0.00723731890321, -0.00352667458355], [0.00157455424778, -0.00865624006838, 0.00374059658498, -0.00422565126792, 0.00488135358319, -0.00405927794054, 0.00390270724893, -0.0053695156239, 0.00517882779241, -0.0120478579774, 0.022502867505, -0.0128311160952, 0.0060366615653], [-0.00134297192562, 0.00872963108122, -0.00300218653865, 0.00366138387471, -0.00685095600784, 0.00174094527029, -0.00376589922234, 0.00488820066676, -0.00351901375689, 0.00723731890321, -0.0128311160952, 0.0227456856519, -0.00905948411673], [0.000979550299235, -0.00586757995188, 0.00271003227681, -0.00342801841907, 0.00430912384763, -0.000256996398093, 0.00050636078231, -0.00473372917622, 0.00169727031607, -0.00352667458355, 0.0060366615653, -0.00905948411673, 0.0187281481922]]
    },
    "melbands": {
        "dmean": [0.0004237795074, 0.000658904493321, 0.00079489959171, 0.00124304217752, 0.000420495285653, 0.000186632576515, 0.000145471931319, 0.000220885427552, 0.000127328603412, 9.00411250768e-05, 3.07577720378e-05, 3.08192502416e-05, 1.39168341775e-05, 1.60149029398e-05, 2.82212477032e-05, 2.88913470285e-05, 3.01881882478e-05, 1.59061346494e-05, 1.3783632312e-05, 8.96164419828e-06, 8.12065718492e-06, 6.65121069687e-06, 5.46122964806e-06, 3.09553433908e-06, 1.95019742932e-06, 9.77349941422e-07, 6.86407361172e-07, 3.04359843994e-07, 2.69743765102e-07, 2.7742447628e-07, 3.73514325247e-07, 4.40268877355e-07, 4.47037308504e-07, 3.32201608444e-07, 2.46640126988e-07, 1.90893203467e-07, 1.82048140118e-07, 1.36965553565e-07, 1.03914103988e-07, 7.56657456691e-08],
        "dmean2": [0.000470272323582, 0.00116567476653, 0.00144142843783, 0.00215905741788, 0.000692452827934, 0.000290352851152, 0.000226708667469, 0.000343976833392, 0.000171545572812, 0.000116237242764, 4.66410019726e-05, 4.5334603783e-05, 2.20820693357e-05, 2.33407608903e-05, 4.01376855734e-05, 4.28277962783e-05, 4.74223779747e-05, 2.73395089607e-05, 2.18639524974e-05, 1.37086781251e-05, 1.22552673929e-05, 1.03729771581e-05, 8.37204879645e-06, 4.74878652312e-06, 2.92634967991e-06, 1.43911904615e-06, 1.11446627216e-06, 4.73584407246e-07, 3.95990440438e-07, 4.14483139366e-07, 6.28557984328e-07, 6.85808288381e-07, 7.86094460636e-07, 5.08737684868e-07, 3.6408303572e-07, 2.85302888869e-07, 2.69144862841e-07, 2.12380101061e-07, 1.57833426329e-07, 1.14890859493e-07],
        "dvar": [1.69486702362e-06, 6.2000995058e-06, 4.60861429019e-06, 1.41895670822e-05, 5.16978730047e-07, 8.92554865572e-08, 4.00700166381e-08, 1.25925865291e-07, 5.60616904011e-08, 4.57968027945e-08, 2.20529949857e-09, 3.04664782291e-09, 8.39075808834e-10, 7.21556592254e-10, 2.06975725447e-09, 1.72662573128e-09, 2.03647498864e-09, 7.39911132364e-10, 4.11711886805e-10, 1.91829163665e-10, 1.49348103329e-10, 1.33044533723e-10, 1.24196111728e-10, 1.52634710426e-11, 7.94560597872e-12, 2.88166365769e-12, 1.45777400568e-12, 1.87323287849e-13, 2.61326008576e-13, 4.05068014721e-13, 1.41756723547e-12, 2.09582351474e-12, 1.97892852279e-12, 7.90010851875e-13, 3.83164908222e-13, 2.42202254346e-13, 3.21496735484e-13, 2.78711325937e-13, 6.3005529342e-14, 2.5766884557e-14],
        "dvar2": [2.45564297074e-06, 1.79363323696e-05, 1.32205277623e-05, 3.95610477426e-05, 1.39349947403e-06, 2.160107897e-07, 8.96296583619e-08, 3.20322072866e-07, 9.08485944251e-08, 6.29080005865e-08, 4.15631618012e-09, 6.02666450078e-09, 2.11652073645e-09, 1.57690793756e-09, 4.31293756264e-09, 3.80205644746e-09, 4.93765783816e-09, 2.2793766874e-09, 1.07928321835e-09, 4.68278971155e-10, 3.30029781281e-10, 3.04725522593e-10, 2.99720026575e-10, 3.65294045013e-11, 1.87892479353e-11, 5.40309420469e-12, 3.75703027716e-12, 4.28841207337e-13, 5.65418534475e-13, 1.00270844145e-12, 3.93076717009e-12, 4.64840622591e-12, 5.62565792561e-12, 1.94841430316e-12, 9.27685120562e-13, 5.83014105743e-13, 7.54232722285e-13, 7.90531865229e-13, 1.70861006008e-13, 6.39562865558e-14],
        "max": [0.0282424427569, 0.031153568998, 0.0146277006716, 0.0323477685452, 0.00751186301932, 0.0053859394975, 0.00304821436293, 0.00937693659216, 0.00650898786262, 0.00725628156215, 0.000973859452643, 0.00135059666354, 0.000599098391831, 0.000667874061037, 0.000744637160096, 0.000690532440785, 0.000966492050793, 0.000300405139569, 0.000324850319885, 0.000231586251175, 0.000211706836126, 0.000211144491914, 0.000241377114435, 5.09103301738e-05, 4.15634240198e-05, 3.26949993905e-05, 2.52601730608e-05, 6.90086562827e-06, 9.25411404751e-06, 1.43291754284e-05, 1.59377450473e-05, 1.83723059308e-05, 1.98637462745e-05, 1.8084394469e-05, 1.48222043208e-05, 1.30817070385e-05, 1.57496142492e-05, 1.84160235221e-05, 6.28125690127e-06, 3.96223185817e-06],
        "mean": [0.00106309901457, 0.000964723003563, 0.000785540731158, 0.00153080152813, 0.000883393920958, 0.000534472346772, 0.000448980281362, 0.000756285910029, 0.00058694195468, 0.000346775457729, 8.71380398166e-05, 7.9578057921e-05, 2.77923700196e-05, 3.87661675632e-05, 5.96444624534e-05, 6.09903654549e-05, 6.28186680842e-05, 3.12786141876e-05, 3.48975700035e-05, 1.91264425666e-05, 1.68225415109e-05, 1.58965685841e-05, 1.05711505967e-05, 6.37737139186e-06, 4.22429684477e-06, 2.18156606024e-06, 1.56554187924e-06, 6.27732276826e-07, 5.13883946951e-07, 5.49918922843e-07, 5.5838654589e-07, 6.51924381145e-07, 5.99559996317e-07, 6.1177331645e-07, 4.61122539264e-07, 3.76553373371e-07, 4.21692021746e-07, 3.03579383854e-07, 2.2165330904e-07, 1.51165309603e-07],
        "median": [9.66894367593e-05, 0.000522131216712, 0.000297697493806, 0.000621145358309, 0.000602097599767, 0.000311158801196, 0.000310272909701, 0.000346079439623, 0.000154960114742, 0.000123280580738, 5.4799253121e-05, 3.36880912073e-05, 1.6272706489e-05, 2.19440535147e-05, 3.13139717036e-05, 3.68480832549e-05, 3.82985490432e-05, 1.87289151654e-05, 2.14424417209e-05, 1.0839220522e-05, 8.17780346551e-06, 8.19108026917e-06, 5.72422504774e-06, 4.57671922049e-06, 2.38570055444e-06, 1.09344000521e-06, 9.35027628657e-07, 4.01597787913e-07, 2.63159279257e-07, 2.15167574424e-07, 9.11865640774e-08, 6.57488641309e-08, 9.96204647663e-08, 1.15852444083e-07, 6.72980746685e-08, 9.55096055577e-08, 1.09955919925e-07, 8.74795347272e-08, 8.02620547802e-08, 6.3575626541e-08],
        "min": [2.14848436904e-24, 2.23337724093e-24, 1.48887682431e-23, 1.66788703419e-23, 8.16565384668e-24, 1.14933555014e-23, 1.18651480126e-23, 1.00588356111e-23, 3.69069245039e-24, 4.48643695587e-24, 3.0994615151e-24, 5.607307328e-24, 1.94351629665e-23, 1.17151634664e-23, 1.31443254135e-23, 1.77954713988e-23, 5.25415638884e-24, 1.32620250383e-23, 1.45879550695e-23, 7.87002191156e-24, 7.87817400016e-24, 1.36920678276e-23, 1.66607328519e-23, 1.94130164854e-23, 1.62839350183e-23, 1.49316128566e-23, 1.9392147959e-23, 1.34687018623e-23, 1.43686675151e-23, 1.06664857001e-23, 8.70961209501e-24, 7.18877346673e-24, 1.22779060706e-23, 1.07030170597e-23, 1.17389042354e-23, 1.09255413104e-23, 1.00916325032e-23, 1.31643932461e-23, 9.17952075904e-24, 8.47856814651e-24],
        "var": [7.11863867764e-06, 4.51385358247e-06, 3.00426700051e-06, 1.01379409898e-05, 7.86059842994e-07, 4.00348028506e-07, 1.87763120607e-07, 1.33147557335e-06, 1.11088809263e-06, 6.82123754814e-07, 1.15299636505e-08, 1.78934413952e-08, 1.58289692465e-09, 3.32973648653e-09, 6.13472339595e-09, 5.75794523172e-09, 7.19921233738e-09, 1.4749884647e-09, 1.33755484466e-09, 5.64141788839e-10, 5.79197190209e-10, 4.33014013534e-10, 2.39621433806e-10, 3.71054437176e-11, 2.64260176241e-11, 1.07841331351e-11, 4.17300655836e-12, 5.05160095612e-13, 6.58387244463e-13, 1.28515384099e-12, 2.58415185951e-12, 3.77455055059e-12, 2.72232475278e-12, 2.73877882179e-12, 1.76852597237e-12, 1.10908753969e-12, 2.0000240613e-12, 1.20959633369e-12, 3.206366379e-13, 9.90344687767e-14]
    },
    "mfcc": {
        "mean": [-672.372436523, 174.740722656, -19.6076030731, 7.47867155075, 11.1099309921, -12.531580925, -13.5818758011, -9.06342506409, -9.41354370117, 1.16231667995, 1.09250438213, -0.244708657265, -6.79964923859],
        "cov": [[2651.19067383, -1194.4642334, 1033.2923584, -200.489883423, 154.625167847, 454.660522461, -78.4153747559, 240.964813232, 37.687877655, 50.6018371582, 97.6378555298, 15.2770624161, 120.997535706], [-1194.4642334, 1339.77282715, -718.775512695, 338.951019287, 55.7462539673, -216.105499268, 167.557601929, -65.4463348389, 51.2562980652, 16.4852924347, -37.10206604, 33.1671295166, -66.7572479248], [1033.2923584, -718.775512695, 1009.43182373, -92.3381118774, 143.549468994, 297.282470703, -18.6637535095, 152.351425171, 62.1283378601, 89.3480606079, 91.3480529785, 70.4811706543, 97.5415267944], [-200.489883423, 338.951019287, -92.3381118774, 250.15826416, 89.7546081543, 28.8783988953, 89.920753479, 29.4791030884, 48.4578933716, 28.1607532501, 1.62816429138, 20.9728069305, -2.53909945488], [154.625167847, 55.7462539673, 143.549468994, 89.7546081543, 250.618484497, 73.3971176147, 71.4787216187, 78.7650222778, 44.8562927246, 52.8353118896, 35.2430686951, 62.6399917603, 50.5340499878], [454.660522461, -216.105499268, 297.282470703, 28.8783988953, 73.3971176147, 243.006027222, 27.9292583466, 62.6654815674, 12.9091873169, 4.70767116547, 33.837852478, 20.3492832184, 26.2778434753], [-78.4153747559, 167.557601929, -18.6637535095, 89.920753479, 71.4787216187, 27.9292583466, 147.878952026, 41.6864891052, 21.9771842957, 30.0350952148, 13.6040067673, 39.1566085815, 21.2698822021], [240.964813232, -65.4463348389, 152.351425171, 29.4791030884, 78.7650222778, 62.6654815674, 41.6864891052, 137.94442749, 40.4824104309, 17.9371051788, 16.8606395721, 22.2424793243, 23.9399108887], [37.687877655, 51.2562980652, 62.1283378601, 48.4578933716, 44.8562927246, 12.9091873169, 21.9771842957, 40.4824104309, 113.956428528, 59.4771690369, 12.9092578888, 16.7957611084, 14.7670288086], [50.6018371582, 16.4852924347, 89.3480606079, 28.1607532501, 52.8353118896, 4.70767116547, 30.0350952148, 17.9371051788, 59.4771690369, 111.380508423, 42.1030654907, 25.9216251373, 23.6466331482], [97.6378555298, -37.10206604, 91.3480529785, 1.62816429138, 35.2430686951, 33.837852478, 13.6040067673, 16.8606395721, 12.9092578888, 42.1030654907, 83.0380172729, 54.2995033264, 15.4612321854], [15.2770624161, 33.1671295166, 70.4811706543, 20.9728069305, 62.6399917603, 20.3492832184, 39.1566085815, 22.2424793243, 16.7957611084, 25.9216251373, 54.2995033264, 119.727302551, 45.3486404419], [120.997535706, -66.7572479248, 97.5415267944, -2.53909945488, 50.5340499878, 26.2778434753, 21.2698822021, 23.9399108887, 14.7670288086, 23.6466331482, 15.4612321854, 45.3486404419, 86.2657470703]],
