{
"lowlevel": {
    "average_loudness": 0.971168756485,
    "barkbands_crest": {
        "dmean": 3.02508425713,
        "dmean2": 4.914498806,
        "dvar": 8.48249149323,
        "dvar2": 22.4090919495,
        "max": 24.6343078613,
        "mean": 11.5488443375,
        "median": 11.0734701157,
        "min": 3.11095929146,
        "var": 16.3296108246
    },
    "barkbands_flatness_db": {
        "dmean": 0.025555215776,
        "dmean2": 0.0396521985531,
        "dvar": 0.00064976682188,
        "dvar2": 0.00161222671159,
        "max": 0.405397504568,
        "mean": 0.173219546676,
        "median": 0.157260224223,
        "min": 0.0229058526456,
        "var": 0.00393124157563
    },
    "barkbands_kurtosis": {
        "dmean": 5.0495467186,
        "dmean2": 8.08316993713,
        "dvar": 108.125999451,
        "dvar2": 256.392364502,
        "max": 189.162368774,
        "mean": 7.88111877441,
        "median": 3.27677774429,
        "min": -1.95244777203,
        "var": 198.568939209
    },
    "barkbands_skewness": {
        "dmean": 0.704532504082,
        "dmean2": 1.06909763813,
        "dvar": 0.619952440262,
        "dvar2": 1.43695390224,
        "max": 11.1940345764,
        "mean": 2.09592485428,
        "median": 1.84798812866,
        "min": -1.71886229515,
        "var": 2.00537991524
    },
    "barkbands_spread": {
        "dmean": 5.81569099426,
        "dmean2": 8.92306041718,
        "dvar": 49.9840393066,
        "dvar2": 101.575675964,
        "max": 109.449134827,
        "mean": 22.1844501495,
        "median": 20.0307636261,
        "min": 1.08515489101,
        "var": 239.66784668
    },
    "dissonance": {
        "dmean": 0.0189490020275,
        "dmean2": 0.0306922867894,
        "dvar": 0.000539494270924,
        "dvar2": 0.00127099198289,
        "max": 0.499516069889,
        "mean": 0.45437541604,
        "median": 0.467722803354,
        "min": 0.112338766456,
        "var": 0.00160506018437
    },
    "dynamic_complexity": 1.60023212433,
    "erbbands_crest": {
        "dmean": 2.5288040638,
        "dmean2": 4.01840639114,
        "dvar": 5.36477661133,
        "dvar2": 12.4827127457,
        "max": 28.8968353271,
        "mean": 9.40459251404,
        "median": 8.38196468353,
        "min": 2.81257724762,
        "var": 17.8485126495
    },
    "erbbands_flatness_db": {
        "dmean": 0.0161719433963,
        "dmean2": 0.0221104789525,
        "dvar": 0.000243261267315,
        "dvar2": 0.000457712798379,
        "max": 0.318688839674,
        "mean": 0.152279689908,
        "median": 0.147884503007,
        "min": 0.0746398866177,
        "var": 0.00135336059611
    },
    "erbbands_kurtosis": {
        "dmean": 1.09056770802,
        "dmean2": 1.66005456448,
        "dvar": 2.06786751747,
        "dvar2": 4.29301691055,
        "max": 20.4120845795,
        "mean": 0.882584273815,
        "median": 0.0456535816193,
        "min": -1.75837886333,
        "var": 6.51022386551
    },
    "erbbands_skewness": {
        "dmean": 0.365787744522,
        "dmean2": 0.54167753458,
        "dvar": 0.119990445673,
        "dvar2": 0.257723808289,
        "max": 3.5611038208,
        "mean": 0.172816693783,
        "median": 0.119320914149,
        "min": -3.79190611839,
        "var": 1.06367909908
    },
    "erbbands_spread": {
        "dmean": 9.61735630035,
        "dmean2": 14.1463813782,
        "dvar": 114.155258179,
        "dvar2": 239.169631958,
        "max": 156.404403687,
        "mean": 42.9532852173,
        "median": 39.8656730652,
        "min": 5.70776414871,
        "var": 405.661651611
    },
    "hfc": {
        "dmean": 5.42740392685,
        "dmean2": 7.31156158447,
        "dvar": 49.8869018555,
        "dvar2": 79.0341415405,
        "max": 167.483444214,
        "mean": 21.0347080231,
        "median": 19.8971328735,
        "min": 1.20535792714e-16,
        "var": 197.771133423
    },
    "melbands_crest": {
        "dmean": 3.40940546989,
        "dmean2": 5.42377567291,
        "dvar": 11.28881073,
        "dvar2": 27.5271129608,
        "max": 29.2021484375,
        "mean": 15.911236763,
        "median": 15.9187650681,
        "min": 2.88457465172,
        "var": 23.1146736145
    },
    "melbands_flatness_db": {
        "dmean": 0.0315122567117,
        "dmean2": 0.0467448122799,
        "dvar": 0.00100527296308,
        "dvar2": 0.00237239990383,
        "max": 0.520557582378,
        "mean": 0.239870235324,
        "median": 0.223550021648,
        "min": 0.0089657464996,
        "var": 0.00709443539381
    },
    "melbands_kurtosis": {
        "dmean": 12.3814220428,
        "dmean2": 19.0959205627,
        "dvar": 376.30859375,
        "dvar2": 849.79498291,
        "max": 282.745941162,
        "mean": 22.6716156006,
        "median": 13.4604377747,
        "min": -1.53706181049,
        "var": 794.436889648
    },
    "melbands_skewness": {
        "dmean": 1.03252518177,
        "dmean2": 1.53299307823,
        "dvar": 1.15820717812,
        "dvar2": 2.65045213699,
        "max": 14.8462533951,
        "mean": 3.50940227509,
        "median": 3.23469519615,
        "min": -0.117020577192,
        "var": 3.25337719917
    },
    "melbands_spread": {
        "dmean": 6.99130249023,
        "dmean2": 10.6335802078,
        "dvar": 124.049812317,
        "dvar2": 243.791778564,
        "max": 187.877960205,
        "mean": 20.1878261566,
        "median": 15.0640497208,
        "min": 0.765375196934,
        "var": 510.529083252
    },
    "pitch_salience": {
        "dmean": 0.0811044350266,
        "dmean2": 0.131244927645,
        "dvar": 0.00595433823764,
        "dvar2": 0.0158369895071,
        "max": 0.945013046265,
        "mean": 0.476985305548,
        "median": 0.467234104872,
        "min": 0.151856124401,
        "var": 0.0123884901404
    },
    "silence_rate_20dB": {
        "dmean": 0,
        "dmean2": 0,
        "dvar": 0,
        "dvar2": 0,
        "max": 1,
        "mean": 1,
        "median": 1,
        "min": 1,
        "var": 0
    },
    "silence_rate_30dB": {
        "dmean": 0.0092783505097,
        "dmean2": 0.0185662712902,
        "dvar": 0.00919225253165,
        "dvar2": 0.0275045763701,
        "max": 1,
        "mean": 0.995363235474,
        "median": 1,
        "min": 0,
        "var": 0.00461526913568
    },
    "silence_rate_60dB": {
        "dmean": 0.000515463936608,
        "dmean2": 0.00103145954199,
        "dvar": 0.000515170919243,
        "dvar2": 0.00103040458634,
        "max": 1,
        "mean": 0.0010303966701,
        "median": 0,
        "min": 0,
        "var": 0.00102934613824
    },
    "spectral_centroid": {
        "dmean": 228.403640747,
        "dmean2": 339.109344482,
        "dvar": 96674.0234375,
        "dvar2": 157819.90625,
        "max": 10492.4775391,
        "mean": 1309.07922363,
        "median": 1224.22387695,
        "min": 182.01411438,
        "var": 637049.9375
    },
    "spectral_complexity": {
        "dmean": 3.36391758919,
        "dmean2": 4.99690580368,
        "dvar": 13.2696075439,
        "dvar2": 26.0773792267,
        "max": 43,
        "mean": 17.8887176514,
        "median": 18,
        "min": 0,
        "var": 65.6643066406
    },
    "spectral_decrease": {
        "dmean": 4.52045201271e-09,
        "dmean2": 7.0516477102e-09,
        "dvar": 3.77027103404e-17,
        "dvar2": 9.05777196775e-17,
        "max": 2.9006211216e-29,
        "mean": -1.04701243231e-08,
        "median": -8.38735836339e-09,
        "min": -4.27720721063e-08,
        "var": 4.63587782564e-17
    },
    "spectral_energy": {
        "dmean": 0.0173846669495,
        "dmean2": 0.0269830822945,
        "dvar": 0.000547476578504,
        "dvar2": 0.00131027097814,
        "max": 0.163844928145,
        "mean": 0.0414244830608,
        "median": 0.0334985516965,
        "min": 1.08234725227e-20,
        "var": 0.000685762788635
    },
    "spectral_energyband_high": {
        "dmean": 0.000322594918543,
        "dmean2": 0.000425878650276,
        "dvar": 7.05949673829e-07,
        "dvar2": 1.07372693492e-06,
        "max": 0.023096870631,
        "mean": 0.000808820710517,
        "median": 0.000400992459618,
        "min": 7.51284771867e-21,
        "var": 2.27196892411e-06
    },
    "spectral_energyband_low": {
        "dmean": 0.0132998730987,
        "dmean2": 0.02154953219,
        "dvar": 0.000471990759252,
        "dvar2": 0.001198290498,
        "max": 0.148247495294,
        "mean": 0.0228507611901,
        "median": 0.0183940455317,
        "min": 4.36916292155e-23,
        "var": 0.000444079720182
    },
    "spectral_energyband_middle_high": {
        "dmean": 0.00137707020622,
        "dmean2": 0.00205671251751,
        "dvar": 3.84079794458e-06,
        "dvar2": 7.72477233113e-06,
        "max": 0.0307389367372,
        "mean": 0.00448831636459,
        "median": 0.00377306202427,
        "min": 1.66480448131e-21,
        "var": 1.67423477251e-05
    },
    "spectral_energyband_middle_low": {
        "dmean": 0.00716662360355,
        "dmean2": 0.0110350614414,
        "dvar": 0.000143295328598,
        "dvar2": 0.000303124106722,
        "max": 0.103099443018,
        "mean": 0.0158475581557,
        "median": 0.00970189925283,
        "min": 3.98595410998e-22,
        "var": 0.000272732111625
    },
    "spectral_entropy": {
        "dmean": 0.173340603709,
        "dmean2": 0.245934277773,
        "dvar": 0.0381404161453,
        "dvar2": 0.0732312649488,
        "max": 9.81604957581,
        "mean": 7.38062810898,
        "median": 7.45939159393,
        "min": 5.4005317688,
        "var": 0.261522263288
    },
    "spectral_flux": {
        "dmean": 0.0390956588089,
        "dmean2": 0.0577963963151,
        "dvar": 0.00181173917372,
        "dvar2": 0.00342253944837,
        "max": 0.305640369654,
        "mean": 0.0964840874076,
        "median": 0.0764699727297,
        "min": 1.04035918769e-10,
        "var": 0.00367986247875
    },
    "spectral_kurtosis": {
        "dmean": 1.71749854088,
        "dmean2": 2.71359372139,
        "dvar": 5.427754879,
        "dvar2": 12.9566583633,
        "max": 36.3194351196,
        "mean": 4.6890668869,
        "median": 3.70351409912,
        "min": -1.36121952534,
        "var": 18.7969284058
    },
    "spectral_rms": {
        "dmean": 0.00122006086167,
        "dmean2": 0.00182603939902,
        "dvar": 2.04432376449e-06,
        "dvar2": 4.55999725091e-06,
        "max": 0.0126431295648,
        "mean": 0.00608236435801,
        "median": 0.00571677461267,
        "min": 3.24953627374e-12,
        "var": 3.41915983881e-06
    },
    "spectral_rolloff": {
        "dmean": 459.326171875,
        "dmean2": 753.529663086,
        "dvar": 737875.375,
        "dvar2": 1286966.25,
        "max": 19229.1503906,
        "mean": 1197.09289551,
        "median": 667.529296875,
        "min": 86.1328125,
        "var": 2349936.5
    },
    "spectral_skewness": {
        "dmean": 0.236059084535,
        "dmean2": 0.35698273778,
        "dvar": 0.0660314187407,
        "dvar2": 0.14307436347,
        "max": 4.90534496307,
        "mean": 1.58838737011,
        "median": 1.4540977478,
        "min": -0.353470385075,
        "var": 0.401151120663
    },
    "spectral_spread": {
        "dmean": 555131.625,
        "dmean2": 789106.3125,
        "dvar": 860865822720,
        "dvar2": 1.35467853414e+12,
        "max": 41467268,
        "mean": 4777495.5,
        "median": 4681803,
        "min": 963287.6875,
        "var": 3.23198124032e+12
    },
    "spectral_strongpeak": {
        "dmean": 0.43881174922,
        "dmean2": 0.772215604782,
        "dvar": 0.590724408627,
        "dvar2": 1.66643381119,
        "max": 7.22539806366,
        "mean": 0.685301184654,
        "median": 0.456662833691,
        "min": 0,
        "var": 0.536980688572
    },
    "zerocrossingrate": {
        "dmean": 0.00957736000419,
        "dmean2": 0.0113939009607,
        "dvar": 0.000248065247433,
        "dvar2": 0.00027443835279,
        "max": 0.484375,
        "mean": 0.0511369593441,
        "median": 0.04638671875,
        "min": 0.0029296875,
        "var": 0.00147830846254
    },
    "barkbands": {
        "dmean": [0.000206745171454, 0.010084872134, 0.00370697141625, 0.00428824406117, 0.00237305113114, 0.00125288800336, 0.000454670895124, 0.000704832549673, 0.000954674615059, 0.000499966263305, 0.000221504073124, 0.000133005101816, 0.00013090299035, 0.000143108060001, 0.000271135388175, 0.00030491410871, 0.00028914710856, 0.000120500662888, 0.000198903057026, 0.000118030693557, 6.43063322059e-05, 6.18663543719e-05, 9.60008983384e-05, 9.42202314036e-05, 4.40923722635e-05, 7.04183412381e-06, 2.31508124671e-07],
        "dmean2": [0.000327130313963, 0.0166543405503, 0.00656483089551, 0.00646346388385, 0.00388797861524, 0.002079090802, 0.00072671752423, 0.00107530457899, 0.00137354864273, 0.000744713179301, 0.000325440836605, 0.000206124401302, 0.000214833082282, 0.000235918254475, 0.000448215927463, 0.000486692035338, 0.000465748657007, 0.000193467989448, 0.000303265551338, 0.000182664211025, 0.000100520730484, 9.11842944333e-05, 0.000141647702549, 0.000135598922498, 6.35737451375e-05, 1.0322448361e-05, 4.02686822554e-07],
        "dvar": [1.39856481951e-07, 0.000314661941957, 5.32931699126e-05, 7.3342671385e-05, 1.99245077965e-05, 6.60423256704e-06, 8.14408281258e-07, 3.34671972269e-06, 2.64151208285e-06, 1.38719553888e-06, 7.89360228737e-07, 1.10555610888e-07, 4.77351456141e-08, 4.6434202261e-08, 2.46760578193e-07, 2.81602609675e-07, 2.49664481089e-07, 3.35977254906e-08, 1.07286417972e-07, 3.97935870922e-08, 1.4037853191e-07, 3.13567305454e-08, 1.96739449621e-07, 1.17075678929e-07, 1.74524732444e-08, 3.79413334084e-10, 1.70864516112e-12],
        "dvar2": [3.33339500003e-07, 0.000813600898255, 0.000146475329529, 0.000151820233441, 5.43133864994e-05, 1.73164553416e-05, 1.60632066581e-06, 7.23689572624e-06, 5.23191192769e-06, 2.97829069495e-06, 1.30194553094e-06, 1.79689280344e-07, 1.28607680949e-07, 1.20146495419e-07, 6.57888278965e-07, 6.62563763854e-07, 6.02838838404e-07, 7.90464298461e-08, 2.30037940696e-07, 1.00973309713e-07, 3.58313201332e-07, 6.55601084532e-08, 4.47978379725e-07, 2.53490583191e-07, 3.52625733058e-08, 8.27241941614e-10, 4.75713262185e-12],
        "max": [0.00357620790601, 0.104665502906, 0.060405485332, 0.073912538588, 0.0440879911184, 0.0351794064045, 0.0260776244104, 0.0362606570125, 0.0235547162592, 0.0210589170456, 0.026844125241, 0.0118212820962, 0.00311422394589, 0.00266754277982, 0.00641547702253, 0.00678681395948, 0.00583057943732, 0.0021093590185, 0.00567117054015, 0.00510200485587, 0.014312196523, 0.00439479667693, 0.0148852774873, 0.0141656491905, 0.00348300230689, 0.000480952556245, 3.7535566662e-05],
        "mean": [0.000227989716223, 0.0140593424439, 0.00608325051144, 0.00594357633963, 0.00358102377504, 0.00227959826589, 0.00088739907369, 0.0012513253605, 0.00174952449743, 0.00087006855756, 0.000360442820238, 0.000242850146606, 0.000211894352105, 0.000235840823734, 0.000476516317576, 0.000631978269666, 0.000591496762354, 0.000250484969001, 0.000538389605936, 0.000261863315245, 0.000116486182378, 0.000108021573396, 0.000180695395102, 0.000189526836039, 8.39288695715e-05, 1.08942185761e-05, 1.9757790426e-07],
        "median": [5.12061051268e-05, 0.00994039699435, 0.00278710830025, 0.00222570681944, 0.00143247738015, 0.00099317310378, 0.000622144434601, 0.000307457492454, 0.000676856376231, 0.000202291499591, 8.12600192148e-05, 0.000102850652183, 0.000128978383145, 0.000137648108648, 0.00025853535044, 0.000232331629377, 0.000184172982699, 0.000146967518958, 0.000241784000536, 0.000157707123435, 7.38812741474e-05, 3.88423577533e-05, 4.41395859525e-05, 5.79820843996e-05, 4.1706221964e-05, 4.92442995892e-06, 2.10865058747e-09],
        "min": [4.76421420769e-24, 1.56071002502e-23, 1.17068362507e-23, 3.71967480562e-23, 4.84604038281e-23, 6.71237894611e-23, 1.41718445104e-22, 5.67102575324e-23, 4.70431426367e-23, 2.11771066847e-23, 8.62112951158e-23, 1.29180756882e-22, 5.30391008279e-23, 1.09195275082e-22, 5.54423434875e-23, 2.56912811733e-22, 2.96807009701e-22, 1.98229916e-22, 3.64549916134e-22, 2.39164905492e-22, 4.90879186968e-22, 5.26249892423e-22, 6.29398517112e-22, 8.07536385669e-22, 1.01920697688e-21, 1.74889690235e-21, 2.3886536554e-21],
        "var": [1.76335390734e-07, 0.00028099026531, 5.26769072167e-05, 0.000111123983515, 2.64876580331e-05, 1.38101258926e-05, 1.57134422807e-06, 9.42976112128e-06, 7.06503624315e-06, 4.00826775149e-06, 2.04347134058e-06, 5.07906747771e-07, 6.91867043656e-08, 8.61856506162e-08, 3.72968941065e-07, 7.80005336765e-07, 6.47342858429e-07, 9.30307209046e-08, 5.50992524495e-07, 1.11284968796e-07, 1.31240781798e-07, 4.74750869728e-08, 2.81011807601e-07, 3.01646878142e-07, 3.10060599418e-08, 5.27432819641e-10, 1.14525207894e-12]
    },
    "erbbands": {
        "dmean": [0.242527976632, 2.47721910477, 4.75520658493, 8.43441200256, 11.4199409485, 7.06663513184, 9.78819179535, 9.79658794403, 6.21367549896, 8.8439655304, 16.8212814331, 23.5605106354, 13.705206871, 11.9224567413, 8.68814468384, 4.7425661087, 5.86594629288, 6.11126804352, 8.78357028961, 23.2613449097, 11.9035558701, 12.6160793304, 9.10394668579, 9.99259853363, 7.33243179321, 5.56278800964, 3.52759480476, 2.03526306152, 2.01337885857, 2.49993634224, 2.73292827606, 2.52233552933, 1.28299605846, 0.591191112995, 0.274123847485, 0.0543127581477, 0.00939298141748, 0.00108682014979, 3.20228318742e-05, 1.99087244255e-05],
        "dmean2": [0.406996041536, 4.18086481094, 8.47075939178, 13.4695911407, 17.8755054474, 11.4186515808, 15.6859283447, 16.4419898987, 10.2227258682, 13.672498703, 25.4982032776, 33.5479202271, 20.2141075134, 17.9226741791, 13.1656742096, 7.49446201324, 9.57568359375, 10.1165895462, 14.2642307281, 37.8187675476, 18.9381446838, 20.332485199, 14.5685825348, 15.1247091293, 11.1961841583, 8.68063640594, 5.45654535294, 3.11043524742, 3.03174734116, 3.7919895649, 3.93483424187, 3.61026072502, 1.84278261662, 0.847556889057, 0.401666671038, 0.0798165351152, 0.0141460932791, 0.00175087398384, 4.82996583742e-05, 3.03521283058e-05],
        "dvar": [0.200513496995, 20.0967292786, 87.9705047607, 217.174789429, 665.158935547, 138.353179932, 364.823730469, 405.068908691, 124.725242615, 363.019775391, 1892.5916748, 1750.64831543, 1056.64367676, 826.717102051, 1277.96594238, 85.0756072998, 94.0875015259, 119.73298645, 205.685531616, 2105.89746094, 409.909759521, 439.21862793, 238.010894775, 266.199798584, 120.525474548, 86.194984436, 534.385742188, 26.6918296814, 35.4545593262, 62.4316520691, 103.11050415, 143.699249268, 9.49503040314, 2.80588912964, 0.792919039726, 0.0262109320611, 0.000637015036773, 1.63110544236e-05, 1.115589221e-08, 6.65769106512e-10],
        "dvar2": [0.485116034746, 54.1747131348, 242.492218018, 520.706359863, 1424.0032959, 353.64831543, 895.696411133, 1087.41137695, 315.971801758, 788.104553223, 3698.97363281, 3312.30322266, 2204.36328125, 1769.62890625, 2334.09228516, 150.134384155, 251.763839722, 316.127929688, 496.738922119, 5488.61132812, 964.527404785, 1073.82922363, 568.598266602, 573.404296875, 265.460510254, 212.154922485, 1287.11254883, 60.2601356506, 72.5208816528, 140.680969238, 197.461196899, 238.417037964, 18.9235610962, 5.78529787064, 1.63953971863, 0.0538435094059, 0.0015319933882, 3.59250952897e-05, 2.62462300782e-08, 1.53562895733e-09],
        "max": [3.02686476707, 27.4548091888, 80.9992752075, 132.887023926, 229.988204956, 147.273162842, 241.654388428, 242.444076538, 178.76449585, 499.046234131, 996.885620117, 713.542663574, 711.715270996, 577.889465332, 1053.08276367, 289.496795654, 133.295669556, 167.323272705, 239.751251221, 578.830749512, 226.831558228, 210.92855835, 173.342636108, 295.862243652, 216.13583374, 170.950332642, 913.091125488, 119.947502136, 135.155258179, 198.791412354, 330.269104004, 528.422241211, 74.7105941772, 40.8061637878, 23.0355873108, 4.91890001297, 0.491289526224, 0.113617159426, 0.0030296491459, 0.000185684199096],
        "mean": [0.295863211155, 3.50809931755, 7.89648580551, 12.7759685516, 15.6675567627, 11.9507923126, 18.5641441345, 17.4600944519, 11.4039134979, 18.0512390137, 31.969669342, 43.7976150513, 27.2046298981, 20.7935619354, 17.0907440186, 9.20268535614, 9.97596073151, 10.5456571579, 18.9607791901, 41.3292007446, 25.1293449402, 26.7243442535, 20.6273345947, 27.8696327209, 19.5274410248, 12.4578285217, 6.44066762924, 4.01739692688, 3.42883729935, 4.69463348389, 5.30859565735, 4.9195895195, 2.49393177032, 1.1218419075, 0.4979634583, 0.0911227613688, 0.0145693132654, 0.00147970300168, 6.16258257651e-05, 5.10410172865e-05],
        "median": [0.157655075192, 2.55000209808, 5.36039638519, 6.79815483093, 4.66986942291, 4.88943910599, 7.72125864029, 7.91312980652, 7.28471755981, 9.1499376297, 12.2300338745, 18.1815452576, 7.93925666809, 6.91517782211, 5.12957429886, 4.74222564697, 6.39353942871, 6.40809202194, 12.476313591, 14.2823438644, 11.6221532822, 11.1498012543, 10.5688238144, 12.5682182312, 12.453209877, 7.44663047791, 3.90923380852, 2.50577974319, 1.41892433167, 1.40422713757, 1.21199226379, 1.15464508533, 0.885949790478, 0.50682836771, 0.224622711539, 0.0433527231216, 0.00647365301847, 0.000411990447901, 3.87393920391e-05, 4.18674790126e-05],
        "min": [3.04498744315e-22, 3.70912391092e-21, 1.14811263462e-20, 7.17316939286e-20, 1.96299691656e-19, 1.22314421696e-19, 1.84335415899e-19, 6.85137157765e-19, 2.15577288343e-18, 1.58094501663e-18, 7.68539866074e-19, 1.24757530655e-18, 5.77260915167e-19, 1.70454678986e-18, 5.27524674924e-18, 4.14580730983e-18, 2.39115353738e-18, 5.37166540299e-18, 2.93203225747e-18, 7.14711677078e-18, 1.39497194339e-17, 1.7924449663e-17, 1.16674685668e-17, 1.86152298469e-17, 1.34390412847e-17, 1.20335646439e-17, 1.55847808809e-17, 2.53935282893e-17, 1.94540042229e-17, 1.39646847855e-17, 1.8996187878e-17, 1.13294651978e-17, 1.63711699088e-17, 9.67162815972e-18, 8.95512844903e-18, 6.23687523061e-18, 2.92121583699e-18, 1.62498214789e-18, 3.06682356133e-19, 3.36003866746e-20],
        "var": [0.185884207487, 16.5988254547, 72.5438613892, 284.440887451, 949.620422363, 290.744476318, 845.938720703, 784.727050781, 192.416763306, 950.131774902, 5339.65478516, 4782.96533203, 3618.08056641, 1778.92822266, 4017.90527344, 392.64654541, 142.635162354, 180.898269653, 458.842407227, 4318.05615234, 1112.38098145, 1119.65246582, 627.004760742, 1464.69555664, 475.192260742, 267.126861572, 525.039611816, 40.220664978, 51.2275390625, 95.4248352051, 216.846755981, 365.618621826, 25.8014698029, 5.62134933472, 1.19455587864, 0.0397666655481, 0.000764917465858, 1.80317438208e-05, 1.17682352752e-08, 9.34143651321e-10]
    },
    "gfcc": {
        "mean": [10.1631174088, 107.260887146, -102.847640991, 51.5051345825, -54.2541809082, 20.2542591095, -40.0065155029, 21.3530731201, -18.4702739716, 0.304829090834, -13.1555070877, -10.845615387, -5.13873004913],
        "cov": [[3876.24072266, -1011.90441895, -743.938781738, 244.625473022, -231.319549561, 79.6791992188, -259.292022705, 265.388519287, -175.455230713, -50.8494186401, -168.542129517, 138.683624268, -133.24697876], [-1011.90441895, 1182.79589844, 159.861618042, -300.124969482, 294.372680664, -171.668075562, 150.898696899, -124.75856781, 106.753555298, 3.37120699883, 67.1228027344, -127.821578979, 137.421127319], [-743.938781738, 159.861618042, 849.700317383, -87.9056396484, -159.049224854, 102.504402161, 45.3334999084, -134.084991455, -84.7759628296, 59.7950401306, -62.9795265198, -53.6128616333, 36.1618041992], [244.625473022, -300.124969482, -87.9056396484, 360.051635742, -6.44702959061, 38.0871772766, -52.0736274719, 24.1879673004, 56.1529159546, -50.4379653931, 48.2239341736, 6.5280919075, -102.79851532], [-231.319549561, 294.372680664, -159.049224854, -6.44702959061, 357.354705811, -67.1589736938, 26.6910324097, 42.3993721008, 104.900184631, -5.74869728088, 55.3948173523, 12.3941917419, 0.115179732442], [79.6791992188, -171.668075562, 102.504402161, 38.0871772766, -67.1589736938, 173.537826538, 12.4536657333, -40.5578689575, -13.1067848206, -6.93309831619, -21.7840061188, 14.8245210648, -13.5041046143], [-259.292022705, 150.898696899, 45.3334999084, -52.0736274719, 26.6910324097, 12.4536657333, 140.281311035, 4.22911643982, 7.67331218719, 12.0364027023, 7.38810396194, -22.8855819702, 30.4573249817], [265.388519287, -124.75856781, -134.084991455, 24.1879673004, 42.3993721008, -40.5578689575, 4.22911643982, 168.421829224, 40.140045166, 9.49143314362, -6.35882949829, 23.6833724976, -9.1432762146], [-175.455230713, 106.753555298, -84.7759628296, 56.1529159546, 104.900184631, -13.1067848206, 7.67331218719, 40.140045166, 171.089096069, -5.06248235703, 34.3582649231, -4.47245359421, -27.5678119659], [-50.8494186401, 3.37120699883, 59.7950401306, -50.4379653931, -5.74869728088, -6.93309831619, 12.0364027023, 9.49143314362, -5.06248235703, 88.210647583, 7.29145097733, -2.04354810715, 18.0681152344], [-168.542129517, 67.1228027344, -62.9795265198, 48.2239341736, 55.3948173523, -21.7840061188, 7.38810396194, -6.35882949829, 34.3582649231, 7.29145097733, 110.195678711, 9.75414180756, -12.5762310028], [138.683624268, -127.821578979, -53.6128616333, 6.5280919075, 12.3941917419, 14.8245210648, -22.8855819702, 23.6833724976, -4.47245359421, -2.04354810715, 9.75414180756, 89.7989807129, 4.3664431572], [-133.24697876, 137.421127319, 36.1618041992, -102.79851532, 0.115179732442, -13.5041046143, 30.4573249817, -9.1432762146, -27.5678119659, 18.0681152344, -12.5762310028, 4.3664431572, 128.532669067]],
        "icov": [[0.000681357982103, -0.000738605798688, 0.000857343082316, -0.000786054937635, 0.000673400936648, -0.00112796097528, 0.00110823020805, -0.00135336653329, 0.00139838352334, -0.000868758012075, 0.00140119204298, -0.000940248544794, 0.000739247363526], [-0.000738605798688, 0.00606738822535, -0.00223242724314, 0.00429041031748, -0.00383415352553, 0.00520746316761, -0.00357911363244, 0.00528401136398, -0.00485149165615, 0.00435073580593, -0.00420319614932, 0.00598931498826, -0.0036855044309], [0.000857343082316, -0.00223242724314, 0.00311477226205, -0.001826668391, 0.00196513673291, -0.00299236713909, 0.00155799277127, -0.00152571278159, 0.0027387093287, -0.00319856731221, 0.00317721022293, -0.00184423173778, 0.00155502057169], [-0.000786054937635, 0.00429041031748, -0.001826668391, 0.00776404095814, -0.00233107432723, 0.00258771097288, -0.00151611259207, 0.00295095588081, -0.0045456760563, 0.00538682937622, -0.00571077316999, 0.00492668384686, -0.000293698802125], [0.000673400936648, -0.00383415352553, 0.00196513673291, -0.00233107432723, 0.00655166991055, -0.00235549616627, 0.00170458678622, -0.00355790229514, 0.00119667313993, -0.00242737843655, 0.00190122670028, -0.00461688870564, 0.00241054990329], [-0.00112796097528, 0.00520746316761, -0.00299236713909, 0.00258771097288, -0.00235549616627, 0.0128923961893, -0.00565853854641, 0.00728646386415, -0.00556664448231, 0.00396620621905, -0.00223143631592, 0.00219713686965, -0.00265404698439], [0.00110823020805, -0.00357911363244, 0.00155799277127, -0.00151611259207, 0.00170458678622, -0.00565853854641, 0.0119706401601, -0.00556849548593, 0.00366547517478, -0.00261172302999, 0.00150855176616, -0.000627980043646, 0.000818113971036], [-0.00135336653329, 0.00528401136398, -0.00152571278159, 0.00295095588081, -0.00355790229514, 0.00728646386415, -0.00556849548593, 0.0140380617231, -0.00676496140659, 0.0017804466188, -0.00164311134722, 0.00268694409169, -0.00312946969643], [0.00139838352334, -0.00485149165615, 0.0027387093287, -0.0045456760563, 0.00119667313993, -0.00556664448231, 0.00366547517478, -0.00676496140659, 0.0132181709632, -0.00403717905283, 0.00324842287228, -0.00361524824984, 0.00413806457072], [-0.000868758012075, 0.00435073580593, -0.00319856731221, 0.00538682937622, -0.00242737843655, 0.00396620621905, -0.00261172302999, 0.0017804466188, -0.00403717905283, 0.0173340551555, -0.00657484028488, 0.00484599964693, -0.00329013541341], [0.00140119204298, -0.00420319614932, 0.00317721022293, -0.00571077316999, 0.00190122670028, -0.00223143631592, 0.00150855176616, -0.00164311134722, 0.00324842287228, -0.00657484028488, 0.0169076751918, -0.0068951244466, 0.0032841952052], [-0.000940248544794, 0.00598931498826, -0.00184423173778, 0.00492668384686, -0.00461688870564, 0.00219713686965, -0.000627980043646, 0.00268694409169, -0.00361524824984, 0.00484599964693, -0.0068951244466, 0.0199898127466, -0.00515450770035], [0.000739247363526, -0.0036855044309, 0.00155502057169, -0.000293698802125, 0.00241054990329, -0.00265404698439, 0.000818113971036, -0.00312946969643, 0.00413806457072, -0.00329013541341, 0.0032841952052, -0.00515450770035, 0.0129634644836]]
    },
    "melbands": {
        "dmean": [0.00253411615267, 0.00270514888689, 0.00165837665554, 0.00058432581136, 0.000334138283506, 0.00021961411403, 9.50082394411e-05, 0.000109949542093, 0.00014599741553, 0.000137676761369, 7.14520501788e-05, 5.43684618606e-05, 3.30492985086e-05, 1.62547112268e-05, 1.32133145598e-05, 1.29532645587e-05, 1.14944250527e-05, 1.43777715493e-05, 2.21700465772e-05, 2.69869997283e-05, 1.36461630973e-05, 1.10300043161e-05, 1.94581843971e-05, 4.76144668937e-06, 9.19445028558e-06, 7.52980804464e-06, 4.61267154606e-06, 3.80475944439e-06, 2.86182603304e-06, 1.37786935284e-06, 1.26741451822e-06, 1.16923365567e-06, 1.33422724957e-06, 1.5129185158e-06, 1.587664201e-06, 2.05324681701e-06, 1.55714553784e-06, 1.07212122202e-06, 6.10278675595e-07, 5.09284916461e-07],
        "dmean2": [0.00415328564122, 0.00471566198394, 0.00256995740347, 0.000922822335269, 0.00053206976736, 0.00036723507219, 0.000154142340762, 0.000168189639226, 0.000219167181058, 0.000197813540581, 0.000105724473542, 8.23786613182e-05, 4.83211006213e-05, 2.51732617471e-05, 2.19868943532e-05, 2.14207084355e-05, 1.90569589904e-05, 2.35390452872e-05, 3.60961712431e-05, 4.3726140575e-05, 2.17076467379e-05, 1.77550118678e-05, 3.15797260555e-05, 7.60906868891e-06, 1.39674693855e-05, 1.15851971714e-05, 7.20741763871e-06, 6.12769099462e-06, 4.50413608633e-06, 2.11994461097e-06, 2.03125136977e-06, 1.8111583131e-06, 2.01286866286e-06, 2.30672844737e-06, 2.34360072682e-06, 2.96490202345e-06, 2.3289442197e-06, 1.60859644893e-06, 9.02998465335e-07, 7.42784209251e-07],
        "dvar": [1.96527980734e-05, 2.62018402282e-05, 9.13523399504e-06, 1.33998059937e-06, 3.48773653513e-07, 2.04536021897e-07, 3.01201303898e-08, 5.37848521276e-08, 1.15163018677e-07, 6.21319387051e-08, 2.81035745786e-08, 1.81257764353e-08, 1.83314785573e-08, 1.78731740519e-09, 5.22817011905e-10, 4.17311823986e-10, 3.89326293426e-10, 5.21277188081e-10, 1.62531377246e-09, 2.75888711876e-09, 5.81753645257e-10, 3.89065835105e-10, 1.36935729422e-09, 4.77918746244e-11, 2.3918428349e-10, 1.4328706277e-10, 4.70283291476e-11, 4.98836146001e-11, 4.29668411961e-10, 8.06519868252e-12, 1.20613241616e-11, 1.21580861698e-11, 1.61266919957e-11, 2.29797188223e-11, 2.34441251135e-11, 2.23618554229e-10, 4.7819963267e-11, 8.87935037996e-12, 2.67623380054e-12, 2.29846545442e-12],
        "dvar2": [4.90687416459e-05, 7.14279958629e-05, 1.91877261386e-05, 3.24176676259e-06, 8.62308183969e-07, 5.46826413483e-07, 7.16838854942e-08, 1.2832704499e-07, 2.2132459776e-07, 1.18916190672e-07, 5.87531623353e-08, 3.94181647323e-08, 3.10348760024e-08, 3.30219340761e-09, 1.40669742521e-09, 1.09223974309e-09, 1.03107666849e-09, 1.27520760618e-09, 4.27714441642e-09, 6.99165925155e-09, 1.38698241781e-09, 9.56678847253e-10, 3.30456328967e-09, 1.12856363144e-10, 5.12202447123e-10, 3.12212061759e-10, 1.12495693316e-10, 1.34584357547e-10, 1.03532360463e-09, 1.70080529521e-11, 2.89231225775e-11, 2.58971420697e-11, 3.50757721479e-11, 5.37621197561e-11, 4.94965006481e-11, 4.65044835973e-10, 9.88431905768e-11, 1.96184353485e-11, 6.18467907096e-12, 4.91462599783e-12],
        "max": [0.0271244645119, 0.0402405299246, 0.026189526543, 0.0118124047294, 0.00733143324032, 0.00562271429226, 0.00391647825018, 0.00528888497502, 0.00763433147222, 0.00420756358653, 0.00363487540744, 0.00270284479484, 0.00433605117723, 0.00154264445882, 0.000320462015225, 0.000247990392381, 0.000292978715152, 0.000354157324182, 0.000488352787215, 0.000616405333858, 0.000325457396684, 0.000253389182035, 0.000455982022686, 7.76504675741e-05, 0.000281057786196, 0.00018056864792, 0.000109557637188, 0.000144973178976, 0.000809842953458, 9.39269230003e-05, 7.0047492045e-05, 6.52740782243e-05, 0.000110382876301, 0.000112697081931, 0.000125231628772, 0.00059254450025, 0.000282797816908, 7.47962403693e-05, 4.56365851278e-05, 4.17035080318e-05],
        "mean": [0.0033772776369, 0.00445502670482, 0.00252062105574, 0.000880052684806, 0.00065750052454, 0.000393624737626, 0.000175750436028, 0.000221527996473, 0.000275240541669, 0.000254264450632, 0.000135402879096, 9.1809539299e-05, 5.80373016419e-05, 3.2272633689e-05, 1.99655642064e-05, 2.17144424823e-05, 1.84820364666e-05, 2.85390397039e-05, 4.08948872064e-05, 4.84907031932e-05, 2.67187242571e-05, 2.18120876525e-05, 3.84069353458e-05, 9.73854184849e-06, 2.42542919295e-05, 1.95175707631e-05, 1.02684225567e-05, 7.56612462283e-06, 4.4846315177e-06, 2.64761342805e-06, 2.21246273213e-06, 1.82650444458e-06, 2.21407481149e-06, 2.73134264717e-06, 2.97439032693e-06, 3.2571531392e-06, 2.91477090286e-06, 1.92387187781e-06, 1.09270274606e-06, 9.03181614831e-07],
        "median": [0.00224119285122, 0.00348333409056, 0.00124264729675, 0.000299580220599, 0.000301280466374, 0.000173634398379, 0.000114727728942, 9.86735831248e-05, 0.000119648138934, 9.35101634241e-05, 3.18331003655e-05, 2.8049624234e-05, 1.41823975355e-05, 1.16275878099e-05, 1.23777563203e-05, 1.35661766762e-05, 1.05931030703e-05, 1.83358370123e-05, 1.95665907086e-05, 1.5357232769e-05, 9.41842154134e-06, 9.53972175921e-06, 1.08494641609e-05, 5.83046039537e-06, 9.53693597694e-06, 9.43874783843e-06, 5.95108440393e-06, 4.09445192417e-06, 2.33696800933e-06, 1.64834182215e-06, 1.25957274122e-06, 7.84132907938e-07, 6.48562831884e-07, 8.32019111385e-07, 7.13210852155e-07, 6.20547154995e-07, 7.23637128885e-07, 6.48225977784e-07, 4.48921667839e-07, 3.83596386655e-07],
        "min": [3.58013951098e-24, 6.25009091509e-24, 1.62736892928e-23, 1.39118523644e-23, 5.54617257999e-24, 1.71797907058e-23, 3.11627825466e-23, 1.65889985744e-23, 5.70145945476e-24, 7.73940626718e-24, 2.56749257202e-24, 6.1695355949e-24, 1.49820021357e-23, 1.73827299068e-23, 6.48241321269e-24, 4.60597541543e-24, 1.09736807583e-23, 4.88940840551e-24, 5.48819327561e-24, 1.44455735648e-23, 1.60001438853e-23, 2.01030993835e-23, 1.1499834416e-23, 1.02412123638e-23, 1.64276165658e-23, 1.09347914934e-23, 7.21301042918e-24, 8.42668160933e-24, 8.7273448993e-24, 1.05734308788e-23, 1.60105158285e-23, 1.00412668899e-23, 1.00531321467e-23, 7.8643429019e-24, 1.29324381632e-23, 6.73674196854e-24, 6.87087119939e-24, 1.14808370677e-23, 1.00638283118e-23, 8.00744621442e-24],
        "var": [1.82256226253e-05, 2.05253454624e-05, 1.37387587529e-05, 1.94395670405e-06, 8.5913006842e-07, 4.0588585648e-07, 4.90048428503e-08, 1.45831421605e-07, 2.91826694365e-07, 1.70030560298e-07, 9.7246307007e-08, 3.92567223173e-08, 5.08634769858e-08, 1.05084234647e-08, 7.29418303536e-10, 6.67722266368e-10, 5.92031812463e-10, 1.15096243647e-09, 2.98355362638e-09, 6.06812022852e-09, 1.78882308965e-09, 9.0314605794e-10, 3.43291128857e-09, 1.30423574718e-10, 1.26065402561e-09, 6.57650156555e-10, 1.47203291223e-10, 1.21137461173e-10, 4.04423605715e-10, 1.57084865948e-11, 1.50029537405e-11, 1.60038284708e-11, 2.35804813176e-11, 3.37271009732e-11, 5.01807623232e-11, 2.99602676002e-10, 1.09264090831e-10, 1.64491788246e-11, 5.7431902116e-12, 3.7813918663e-12]
    },
    "mfcc": {
        "mean": [-632.651733398, 125.839256287, 16.9513931274, 33.0307807922, 17.424030304, 1.1219124794, 4.30480384827, 5.5203037262, 5.27549648285, 13.272901535, 0.0228263344616, -1.87774085999, -1.53094935417],
        "cov": [[3881.41357422, -1376.12121582, -724.388000488, -21.7387771606, 2.53340172768, -231.639678955, -130.882705688, 246.307510376, -100.030014038, 33.2628250122, -101.734718323, -72.587638855, -36.1383895874], [-1376.12121582, 1492.64526367, -32.1244812012, -21.7264556885, 38.1738433838, -0.297123223543, 102.824943542, -189.005996704, 167.641036987, -66.1398468018, 54.3457756042, 12.3293628693, 3.60355424881], [-724.388000488, -32.1244812012, 880.989807129, -73.5972061157, -133.656692505, 158.513397217, 45.7867736816, -110.920425415, -4.29341697693, -51.601524353, -27.2676925659, -17.5616664886, -61.6679916382], [-21.7387771606, -21.7264556885, -73.5972061157, 204.060501099, 78.7883071899, -30.0008354187, -14.9233627319, 40.2937164307, -22.1852855682, 16.3252086639, 51.2656745911, 30.2422943115, 24.0713024139], [2.53340172768, 38.1738433838, -133.656692505, 78.7883071899, 214.681793213, 5.72399187088, -46.4798736572, 59.4580001831, -17.5731124878, 20.1359863281, 30.8368663788, 25.9070072174, 48.7534179688], [-231.639678955, -0.297123223543, 158.513397217, -30.0008354187, 5.72399187088, 199.57019043, 8.0454826355, 5.65158176422, -24.108089447, -14.6185455322, 2.65815448761, 1.33399498463, 7.71191072464], [-130.882705688, 102.824943542, 45.7867736816, -14.9233627319, -46.4798736572, 8.0454826355, 144.17755127, -45.5645027161, 25.4971122742, -25.3026008606, -15.9240064621, -7.83817768097, -24.2761993408], [246.307510376, -189.005996704, -110.920425415, 40.2937164307, 59.4580001831, 5.65158176422, -45.5645027161, 176.919342041, -26.2393226624, 48.0023345947, 15.1378746033, -3.89283561707, 32.6378097534], [-100.030014038, 167.641036987, -4.29341697693, -22.1852855682, -17.5731124878, -24.108089447, 25.4971122742, -26.2393226624, 149.949645996, 7.05112838745, -14.0736169815, -10.0010099411, -17.2714080811], [33.2628250122, -66.1398468018, -51.601524353, 16.3252086639, 20.1359863281, -14.6185455322, -25.3026008606, 48.0023345947, 7.05112838745, 105.309547424, 31.8294277191, 5.61903476715, 17.0840454102], [-101.734718323, 54.3457756042, -27.2676925659, 51.2656745911, 30.8368663788, 2.65815448761, -15.9240064621, 15.1378746033, -14.0736169815, 31.8294277191, 92.2015304565, 32.726108551, 20.022321701], [-72.587638855, 12.3293628693, -17.5616664886, 30.2422943115, 25.9070072174, 1.33399498463, -7.83817768097, -3.89283561707, -10.0010099411, 5.61903476715, 32.726108551, 86.7493438721, 25.6329231262], [-36.1383895874, 3.60355424881, -61.6679916382, 24.0713024139, 48.7534179688, 7.71191072464, -24.2761993408, 32.6378097534, -17.2714080811, 17.0840454102, 20.022321701, 25.6329231262, 75.2505187988]],
