{
"lowlevel": {
    "average_loudness": 0.803327858448,
    "barkbands_crest": {
        "dmean": 1.8755081892,
        "dmean2": 3.06749725342,
        "dvar": 2.51060724258,
        "dvar2": 6.49573040009,
        "max": 20.2289867401,
        "mean": 8.8031206131,
        "median": 8.41897106171,
        "min": 3.19824743271,
        "var": 9.14619159698
    },
    "barkbands_flatness_db": {
        "dmean": 0.0119186919183,
        "dmean2": 0.0195437781513,
        "dvar": 9.45477440837e-05,
        "dvar2": 0.000252617377555,
        "max": 0.204007834196,
        "mean": 0.105876982212,
        "median": 0.0985433161259,
        "min": 0.0196022987366,
        "var": 0.00089945300715
    },
    "barkbands_kurtosis": {
        "dmean": 0.665721297264,
        "dmean2": 1.07083559036,
        "dvar": 0.445004373789,
        "dvar2": 1.08192372322,
        "max": 8.36640548706,
        "mean": 0.995021700859,
        "median": 0.497148513794,
        "min": -1.54204821587,
        "var": 2.179864645
    },
    "barkbands_skewness": {
        "dmean": 0.225962072611,
        "dmean2": 0.371735960245,
        "dvar": 0.0401205644011,
        "dvar2": 0.0985310673714,
        "max": 2.97900032997,
        "mean": 1.01492083073,
        "median": 0.878783404827,
        "min": -2.05174350739,
        "var": 0.442554533482
    },
    "barkbands_spread": {
        "dmean": 3.26564478874,
        "dmean2": 5.12728643417,
        "dvar": 9.80773544312,
        "dvar2": 21.1024971008,
        "max": 99.0233078003,
        "mean": 23.9310283661,
        "median": 23.120059967,
        "min": 9.99558067322,
        "var": 36.0110359192
    },
    "dissonance": {
        "dmean": 0.0146907670423,
        "dmean2": 0.0248292610049,
        "dvar": 0.00033768886351,
        "dvar2": 0.000876313715708,
        "max": 0.500000119209,
        "mean": 0.473507225513,
        "median": 0.477777779102,
        "min": 0.0800654217601,
        "var": 0.000424168130849
    },
    "dynamic_complexity": 6.77743911743,
    "erbbands_crest": {
        "dmean": 2.60664725304,
        "dmean2": 4.16492033005,
        "dvar": 5.54054117203,
        "dvar2": 13.5204620361,
        "max": 26.3102416992,
        "mean": 10.1104326248,
        "median": 8.73068904877,
        "min": 2.61255407333,
        "var": 24.4421634674
    },
    "erbbands_flatness_db": {
        "dmean": 0.0103001194075,
        "dmean2": 0.0162978824228,
        "dvar": 7.99418194219e-05,
        "dvar2": 0.000192311534192,
        "max": 0.221805468202,
        "mean": 0.158586576581,
        "median": 0.159109637141,
        "min": 0.057138863951,
        "var": 0.000502992421389
    },
    "erbbands_kurtosis": {
        "dmean": 0.54929035902,
        "dmean2": 0.883725643158,
        "dvar": 0.253838330507,
        "dvar2": 0.653306245804,
        "max": 4.52500534058,
        "mean": 0.144938036799,
        "median": 0.0962023735046,
        "min": -1.58834922314,
        "var": 0.920167326927
    },
    "erbbands_skewness": {
        "dmean": 0.197882696986,
        "dmean2": 0.311802744865,
        "dvar": 0.0285551976413,
        "dvar2": 0.0713676065207,
        "max": 1.87227249146,
        "mean": 0.525028049946,
        "median": 0.499900400639,
        "min": -0.973759114742,
        "var": 0.111772939563
    },
    "erbbands_spread": {
        "dmean": 5.67197847366,
        "dmean2": 9.08073806763,
        "dvar": 22.1561737061,
        "dvar2": 54.5861930847,
        "max": 83.5258636475,
        "mean": 39.3440208435,
        "median": 34.1216964722,
        "min": 14.0669384003,
        "var": 232.134384155
    },
    "hfc": {
        "dmean": 4.30580615997,
        "dmean2": 6.83154058456,
        "dvar": 29.3922462463,
        "dvar2": 74.6917190552,
        "max": 86.6441421509,
        "mean": 31.4998493195,
        "median": 40.2773132324,
        "min": 1.10612596596e-16,
        "var": 646.441040039
    },
    "melbands_crest": {
        "dmean": 2.09425354004,
        "dmean2": 3.46132063866,
        "dvar": 3.548630476,
        "dvar2": 9.75128936768,
        "max": 23.6980838776,
        "mean": 10.271528244,
        "median": 9.67563724518,
        "min": 1.67534279823,
        "var": 12.0450811386
    },
    "melbands_flatness_db": {
        "dmean": 0.0114221572876,
        "dmean2": 0.0189049467444,
        "dvar": 9.72492562141e-05,
        "dvar2": 0.000253022881225,
        "max": 0.20271910727,
        "mean": 0.124656446278,
        "median": 0.1215217188,
        "min": 0.00369329866953,
        "var": 0.000784974195994
    },
    "melbands_kurtosis": {
        "dmean": 1.7770665884,
        "dmean2": 2.94752264023,
        "dvar": 4.18335723877,
        "dvar2": 10.6231689453,
        "max": 35.0399436951,
        "mean": 6.09531497955,
        "median": 3.18860721588,
        "min": -1.4409006834,
        "var": 34.7741088867
    },
    "melbands_skewness": {
        "dmean": 0.34472194314,
        "dmean2": 0.567743003368,
        "dvar": 0.0870743095875,
        "dvar2": 0.214907005429,
        "max": 5.27090644836,
        "mean": 1.86645340919,
        "median": 1.53647816181,
        "min": -0.28515329957,
        "var": 1.10793340206
    },
    "melbands_spread": {
        "dmean": 4.27325248718,
        "dmean2": 6.93204402924,
        "dvar": 19.8122329712,
        "dvar2": 48.3285827637,
        "max": 164.15725708,
        "mean": 30.3072319031,
        "median": 29.7330989838,
        "min": 9.92073249817,
        "var": 171.854507446
    },
    "pitch_salience": {
        "dmean": 0.0536098890007,
        "dmean2": 0.085570178926,
        "dvar": 0.00203728722408,
        "dvar2": 0.00549569632858,
        "max": 0.937756180763,
        "mean": 0.596629083157,
        "median": 0.599390149117,
        "min": 0.313970506191,
        "var": 0.00902575999498
    },
    "silence_rate_20dB": {
        "dmean": 0,
        "dmean2": 0,
        "dvar": 0,
        "dvar2": 0,
        "max": 1,
        "mean": 1,
        "median": 1,
        "min": 1,
        "var": 0
    },
    "silence_rate_30dB": {
        "dmean": 0,
        "dmean2": 0,
        "dvar": 0,
        "dvar2": 0,
        "max": 1,
        "mean": 1,
        "median": 1,
        "min": 1,
        "var": 0
    },
    "silence_rate_60dB": {
        "dmean": 0.0164948459715,
        "dmean2": 0.0330067053437,
        "dvar": 0.0162229128182,
        "dvar2": 0.0360434427857,
        "max": 1,
        "mean": 0.279752701521,
        "median": 0,
        "min": 0,
        "var": 0.201492756605
    },
    "spectral_centroid": {
        "dmean": 180.184005737,
        "dmean2": 284.886322021,
        "dvar": 67998.0390625,
        "dvar2": 88299.796875,
        "max": 11491.0537109,
        "mean": 1663.94567871,
        "median": 1585.30859375,
        "min": 792.948242188,
        "var": 903336.625
    },
    "spectral_complexity": {
        "dmean": 2.85876297951,
        "dmean2": 4.85404825211,
        "dvar": 8.67077922821,
        "dvar2": 22.9376411438,
        "max": 55,
        "mean": 24.7892837524,
        "median": 31,
        "min": 0,
        "var": 271.842559814
    },
    "spectral_decrease": {
        "dmean": 9.28345456064e-10,
        "dmean2": 1.54546675457e-09,
        "dvar": 1.56598462808e-18,
        "dvar2": 4.12177729944e-18,
        "max": 1.76389989335e-28,
        "mean": -5.85062531755e-09,
        "median": -7.06987757226e-09,
        "min": -2.20583693533e-08,
        "var": 2.37884207065e-17
    },
    "spectral_energy": {
        "dmean": 0.00379427825101,
        "dmean2": 0.00629082974046,
        "dvar": 2.50429693551e-05,
        "dvar2": 6.59006254864e-05,
        "max": 0.090045042336,
        "mean": 0.0249387286603,
        "median": 0.0308763291687,
        "min": 1.00513454652e-20,
        "var": 0.000422207463998
    },
    "spectral_energyband_high": {
        "dmean": 0.000236024367041,
        "dmean2": 0.000376948097255,
        "dvar": 1.02574858829e-07,
        "dvar2": 2.54016612189e-07,
        "max": 0.00610573682934,
        "mean": 0.00133836746681,
        "median": 0.00146102975123,
        "min": 7.09500195589e-21,
        "var": 1.15660498068e-06
    },
    "spectral_energyband_low": {
        "dmean": 0.000760715280194,
        "dmean2": 0.00130611832719,
        "dvar": 1.04536320578e-05,
        "dvar2": 2.68777293968e-05,
        "max": 0.0505772233009,
        "mean": 0.00158227374777,
        "median": 0.000230006116908,
        "min": 1.50053461077e-23,
        "var": 2.66955248662e-05
    },
    "spectral_energyband_middle_high": {
        "dmean": 0.00272303447127,
        "dmean2": 0.00436393218115,
        "dvar": 1.24550160763e-05,
        "dvar2": 3.21963816532e-05,
        "max": 0.0412059314549,
        "mean": 0.0119080338627,
        "median": 0.0140701625496,
        "min": 1.13523470879e-21,
        "var": 0.000112350418931
    },
    "spectral_energyband_middle_low": {
        "dmean": 0.0026639145799,
        "dmean2": 0.00444687111303,
        "dvar": 1.209097627e-05,
        "dvar2": 3.53008981619e-05,
        "max": 0.041986875236,
        "mean": 0.0103205824271,
        "median": 0.0096919182688,
        "min": 1.89105976013e-22,
        "var": 7.45321303839e-05
    },
    "spectral_entropy": {
        "dmean": 0.0697278752923,
        "dmean2": 0.113068297505,
        "dvar": 0.00491625349969,
        "dvar2": 0.0100290030241,
        "max": 9.81673526764,
        "mean": 7.89767503738,
        "median": 7.91658449173,
        "min": 7.30089998245,
        "var": 0.0618926174939
    },
    "spectral_flux": {
        "dmean": 0.0110357021913,
        "dmean2": 0.0179056674242,
        "dvar": 0.000199704314582,
        "dvar2": 0.000492652878165,
        "max": 0.245250150561,
        "mean": 0.0719939172268,
        "median": 0.08120046556,
        "min": 6.48000958448e-11,
        "var": 0.00255203456618
    },
    "spectral_kurtosis": {
        "dmean": 0.595457613468,
        "dmean2": 1.04734921455,
        "dvar": 0.267371237278,
        "dvar2": 0.786540091038,
        "max": 6.03081989288,
        "mean": 2.05191922188,
        "median": 2.24721097946,
        "min": -1.29839205742,
        "var": 1.4929420948
    },
    "spectral_rms": {
        "dmean": 0.000323966145515,
        "dmean2": 0.000530766497832,
        "dvar": 1.33308802219e-07,
        "dvar2": 3.40860793813e-07,
        "max": 0.00937276985496,
        "mean": 0.00423096958548,
        "median": 0.00548846507445,
        "min": 3.13148378756e-12,
        "var": 6.42937084194e-06
    },
    "spectral_rolloff": {
        "dmean": 441.997283936,
        "dmean2": 745.644775391,
        "dvar": 515861.25,
        "dvar2": 1173207.625,
        "max": 19422.9492188,
        "mean": 2000.78662109,
        "median": 1679.58984375,
        "min": 624.462890625,
        "var": 3410294.75
    },
    "spectral_skewness": {
        "dmean": 0.109265208244,
        "dmean2": 0.182814612985,
        "dvar": 0.00900119170547,
        "dvar2": 0.0221183579415,
        "max": 1.79761743546,
        "mean": 1.15602195263,
        "median": 1.23414719105,
        "min": -0.0710000693798,
        "var": 0.0843592882156
    },
    "spectral_spread": {
        "dmean": 332734.40625,
        "dmean2": 554477.25,
        "dvar": 1.31164458189e+12,
        "dvar2": 2.68274394726e+12,
        "max": 47276260,
        "mean": 5465242.5,
        "median": 4948328.5,
        "min": 3576241.5,
        "var": 1.29680759849e+13
    },
    "spectral_strongpeak": {
        "dmean": 0.903922736645,
        "dmean2": 1.48570525646,
        "dvar": 1.59450912476,
        "dvar2": 3.88606929779,
        "max": 9.6364812851,
        "mean": 2.01316738129,
        "median": 0.806179881096,
        "min": 0,
        "var": 5.24835634232
    },
    "zerocrossingrate": {
        "dmean": 0.00676823267713,
        "dmean2": 0.00878780335188,
        "dvar": 0.000181574156159,
        "dvar2": 0.000220523026655,
        "max": 0.51708984375,
        "mean": 0.0855121091008,
        "median": 0.0810546875,
        "min": 0.01123046875,
        "var": 0.00210631755181
    },
    "barkbands": {
        "dmean": [1.41256568895e-05, 0.00052582193166, 0.000282171647996, 0.000211329403101, 0.00110010744538, 0.00141797610559, 0.000746670295484, 0.000506406126078, 0.000912461138796, 0.000410042062867, 0.000515581283253, 0.0010687217582, 0.00242851907387, 0.000316409044899, 0.000248821044806, 0.000234241131693, 0.00022134075698, 0.000174717992195, 0.000113171445264, 0.000209470264963, 0.000104884587927, 9.08000656636e-05, 8.17389664007e-05, 4.52901549579e-05, 2.81172142422e-05, 1.40810561788e-05, 1.7633213929e-06],
        "dmean2": [2.49461099884e-05, 0.000917759549338, 0.000489756406751, 0.000359287194442, 0.00185949658044, 0.00241680489853, 0.00126818555873, 0.000842220557388, 0.00145953684114, 0.0006604125374, 0.000818578759208, 0.00169743341394, 0.00388701097108, 0.000537944724783, 0.000421903096139, 0.000409081578255, 0.000383702979889, 0.000303674285533, 0.000188789883396, 0.000347913533915, 0.000176361907506, 0.000153651970322, 0.000133946785354, 7.31417021598e-05, 4.43193275714e-05, 2.1919464416e-05, 3.00960118693e-06],
        "dvar": [8.31405888579e-10, 5.83619021199e-06, 1.41837676892e-06, 2.59332949781e-07, 3.78845925297e-06, 5.12907581651e-06, 1.7058434878e-06, 6.95394419381e-07, 1.63602032899e-06, 7.779951261e-07, 1.27863393118e-06, 3.83413043892e-06, 1.22566025311e-05, 3.2230516922e-07, 1.17009086864e-07, 1.16536597261e-07, 9.59812140877e-08, 6.75644145076e-08, 2.21787601618e-08, 9.67309290445e-08, 2.35791883796e-08, 1.23880932179e-08, 1.26721309002e-08, 3.21091464528e-09, 1.80778891856e-09, 3.92512244929e-10, 9.92379269038e-12],
        "dvar2": [2.49157250387e-09, 1.36398057293e-05, 4.05771606893e-06, 7.34807315439e-07, 1.06997549665e-05, 1.57423874043e-05, 4.90299180456e-06, 1.99442729354e-06, 4.10650136473e-06, 1.98767702386e-06, 2.5568269848e-06, 8.82657059265e-06, 3.02406479022e-05, 8.64689695845e-07, 3.36655688216e-07, 3.45686004266e-07, 2.82027372123e-07, 1.94764339767e-07, 5.99430620696e-08, 2.59222957766e-07, 6.36034727108e-08, 3.44738033675e-08, 3.11176329149e-08, 8.24782198094e-09, 4.28191970769e-09, 9.04795405265e-10, 2.69867288238e-11],
        "max": [0.00030495953979, 0.0386033095419, 0.0176416747272, 0.0070240329951, 0.0245402380824, 0.0272113736719, 0.0177054032683, 0.00855542346835, 0.0152649357915, 0.0164840705693, 0.0298323482275, 0.0217941254377, 0.0336200855672, 0.00978269521147, 0.00317776738666, 0.00340865924954, 0.00317285931669, 0.00268323672935, 0.00153642776422, 0.00374621292576, 0.00261869258247, 0.00148728990462, 0.00152984051965, 0.000761971517932, 0.000737629830837, 0.000300517771393, 2.94141118502e-05],
        "mean": [1.72390227817e-05, 0.00110668130219, 0.000331725372234, 0.000313935306622, 0.00237556966022, 0.00323601486161, 0.00161230715457, 0.000889105896931, 0.00173716701102, 0.000721641059499, 0.000916931545362, 0.00185061490629, 0.00538379093632, 0.000600761501119, 0.000512669736054, 0.000472652493045, 0.000468362937681, 0.000380191457225, 0.000279566913377, 0.000535972823855, 0.000319021404721, 0.000300580897601, 0.000279128347756, 0.000164386423421, 9.08051151782e-05, 3.99135969928e-05, 2.01865077543e-06],
        "median": [2.52338350037e-06, 4.81288334413e-05, 5.97631078563e-05, 8.17371619632e-05, 0.00139291747473, 0.00200579105876, 0.000650244299322, 0.000382590515073, 0.00110592192505, 0.000350115413312, 0.000386632367736, 0.000492791179568, 0.00236715050414, 0.00035179668339, 0.000375986273866, 0.000324780645315, 0.000335777876899, 0.000295811274555, 0.000240810637479, 0.000414454494603, 0.000308953603962, 0.000284188019577, 0.000234946637647, 0.000145061407238, 7.38511516829e-05, 2.92239110422e-05, 2.44785752557e-07],
        "min": [2.20531864182e-24, 1.91883039346e-24, 2.04734056808e-24, 3.85473015918e-24, 1.1651328842e-23, 1.5948348856e-23, 1.14569337934e-23, 8.85035119139e-24, 3.44616915672e-23, 2.47775719858e-23, 2.29064207399e-23, 3.1793104498e-23, 4.24902760984e-23, 4.13842236895e-23, 7.62298317712e-23, 6.32071581756e-23, 9.87429879948e-23, 1.15100460627e-22, 1.49439298152e-22, 2.364390061e-22, 2.34981897966e-22, 3.78951714229e-22, 4.13863693912e-22, 5.44015898289e-22, 1.0137700213e-21, 1.40631467983e-21, 2.18664265966e-21],
        "var": [1.17834486613e-09, 1.83763386303e-05, 1.12662405627e-06, 3.51107132701e-07, 7.54181291995e-06, 1.31207088998e-05, 5.44404247194e-06, 1.50319237946e-06, 4.0075524339e-06, 1.40067845678e-06, 3.51844573743e-06, 9.14882275538e-06, 4.47502898169e-05, 6.16786451246e-07, 3.03764664977e-07, 2.77863676956e-07, 2.56830901435e-07, 1.61679025723e-07, 7.51798125975e-08, 3.46866698919e-07, 8.30467925539e-08, 6.34402610444e-08, 6.77543638972e-08, 2.1704549269e-08, 8.48783265894e-09, 1.88389992495e-09, 1.34129998774e-11]
    },
    "erbbands": {
        "dmean": [0.00977593660355, 0.138172268867, 0.351773768663, 0.439942210913, 1.43026304245, 4.63865375519, 9.89723396301, 11.5481157303, 9.27984428406, 12.4863824844, 13.2569055557, 19.725528717, 14.2376117706, 13.2083892822, 21.2006721497, 46.3043365479, 110.431106567, 18.3590164185, 10.9229259491, 14.2986717224, 11.8162689209, 12.0154218674, 8.92543983459, 7.02687740326, 5.46949386597, 11.3446531296, 3.97888731956, 4.75612735748, 3.43681645393, 3.26229786873, 1.85389566422, 1.10467147827, 0.813300251961, 0.378035306931, 0.206607893109, 0.0784914419055, 0.0286055449396, 0.0056792772375, 0.000152406078996, 6.43841258352e-06],
        "dmean2": [0.0167307239026, 0.241970464587, 0.616675674915, 0.757549285889, 2.39615893364, 7.90568065643, 16.5691757202, 19.8084335327, 15.9430360794, 20.8167304993, 21.5249767303, 31.5543460846, 23.4759426117, 21.6984901428, 34.0389785767, 73.7903366089, 174.591674805, 29.7140388489, 18.6826610565, 24.6282577515, 20.8136081696, 20.4921913147, 15.5533638, 11.9772500992, 9.14183044434, 18.7811508179, 6.76406049728, 8.07620239258, 5.80552244186, 5.33797645569, 3.16661095619, 1.79008245468, 1.31266844273, 0.613114655018, 0.323138147593, 0.123217068613, 0.0442159846425, 0.00906384550035, 0.000250890530879, 1.02192361737e-05],
        "dvar": [0.00127330760006, 0.437713652849, 2.67145800591, 1.35847914219, 9.15551376343, 77.2032318115, 223.113098145, 419.472381592, 314.385406494, 649.732788086, 461.903198242, 889.269165039, 642.466796875, 872.715820312, 2099.30371094, 5490.46826172, 25610.578125, 1085.66662598, 252.264831543, 411.956634521, 303.344238281, 281.300750732, 169.609710693, 95.6651153564, 58.7633666992, 322.574737549, 25.4486713409, 67.3301696777, 19.0086097717, 21.5341072083, 5.74004745483, 2.0586912632, 1.21829116344, 0.26437035203, 0.123712576926, 0.0117657175288, 0.00164980068803, 7.29067032808e-05, 8.09310733985e-08, 6.99297564299e-11],
        "dvar2": [0.00301923556253, 1.04443085194, 7.55828046799, 3.89370203018, 25.5007305145, 221.065460205, 632.256225586, 1266.16345215, 902.364685059, 1861.51708984, 1313.87744141, 2229.08056641, 1777.97631836, 2226.75244141, 4281.34228516, 13067.8115234, 62970.921875, 2640.23144531, 738.624145508, 1187.28405762, 877.468933105, 820.641479492, 484.954833984, 270.994476318, 162.344451904, 856.068969727, 70.8638000488, 183.72442627, 54.9848136902, 50.1804580688, 15.4587450027, 5.34703636169, 3.14192581177, 0.673350274563, 0.283895283937, 0.0279180184007, 0.00387745420448, 0.000184034230188, 2.12350258266e-07, 1.72694109013e-10],
        "max": [0.585319638252, 10.2253427505, 24.5714530945, 21.4278812408, 44.3446655273, 113.920951843, 198.015609741, 261.063415527, 275.050170898, 465.616882324, 277.093688965, 398.812072754, 352.93572998, 601.390625, 891.768737793, 932.251342773, 1670.16247559, 628.437255859, 163.029052734, 199.674438477, 160.405929565, 199.999389648, 128.565475464, 113.969245911, 82.7158279419, 219.023254395, 74.4231414795, 152.086975098, 53.0432052612, 60.6979522705, 35.2746734619, 24.3210048676, 14.2912693024, 8.72276496887, 6.059466362, 1.59140837193, 0.507756829262, 0.127935692668, 0.00463428068906, 0.000143969533383],
        "mean": [0.0171680562198, 0.292649805546, 0.48976585269, 0.730160355568, 2.58579540253, 9.48063278198, 22.6581401825, 24.3100547791, 21.0189361572, 24.5945415497, 24.4861507416, 36.3609352112, 27.4026470184, 26.8802700043, 43.1534996033, 108.683692932, 257.551879883, 45.3726730347, 25.3545246124, 29.4240016937, 26.3655548096, 26.7855529785, 21.6349925995, 16.7318115234, 17.1056022644, 27.3623256683, 12.4997596741, 13.381070137, 10.6562299728, 11.0777673721, 6.65624856949, 3.89000463486, 2.48421192169, 1.17463839054, 0.583733141422, 0.216111630201, 0.0709912180901, 0.010930692777, 0.000280036503682, 4.12690351368e-05],
        "median": [0.00108935136814, 0.0132444864139, 0.0744068697095, 0.254883050919, 1.15418279171, 5.88221740723, 14.5866250992, 13.965139389, 8.91827392578, 10.7125701904, 13.7237558365, 21.7952461243, 17.4939556122, 15.260228157, 21.5368938446, 82.8282241821, 134.868927002, 37.806312561, 17.7490768433, 22.0753955841, 19.3635196686, 19.57122612, 17.166059494, 14.9607334137, 17.4518032074, 19.2853717804, 13.0802383423, 12.078119278, 10.0921411514, 9.19386196136, 6.0696606636, 3.49083590508, 2.00154447556, 1.00466680527, 0.454146951437, 0.159430235624, 0.0471017695963, 0.00567291583866, 0.00015481763694, 5.03401679453e-05],
        "min": [5.27913133066e-23, 5.79798679437e-22, 1.92033957588e-21, 8.51357550894e-21, 1.50439822681e-20, 4.52391700912e-20, 7.27955774433e-20, 1.68041211528e-19, 2.4884989436e-19, 2.80006479312e-19, 2.73621575562e-19, 7.06631807874e-19, 7.53691818982e-19, 7.89943474617e-19, 1.16001337902e-18, 1.2614396808e-18, 1.94106367978e-18, 2.85102852804e-18, 4.36074357456e-18, 4.37220540271e-18, 5.57450828716e-18, 5.16271585794e-18, 6.30897973743e-18, 6.33552106815e-18, 9.03647008175e-18, 1.04871637236e-17, 9.70183183261e-18, 1.05786656158e-17, 1.41896994188e-17, 1.23967837868e-17, 1.21897876287e-17, 1.15982087342e-17, 9.6445106977e-18, 1.00611640538e-17, 7.91095354639e-18, 4.42468753104e-18, 2.55038022183e-18, 1.12128747108e-18, 2.68197002653e-19, 3.35731575691e-20],
        "var": [0.00380746647716, 1.30862438679, 2.84570932388, 1.70388221741, 15.5348558426, 137.233428955, 565.792785645, 858.739562988, 998.385803223, 1549.62854004, 942.385131836, 1935.79309082, 1376.18981934, 1716.50048828, 5823.55419922, 17125.5664062, 101297.117188, 2966.61376953, 761.884887695, 1001.07995605, 804.18560791, 824.077148438, 497.061309814, 267.334716797, 257.094726562, 1075.55334473, 112.962669373, 176.150253296, 81.5057449341, 108.206802368, 32.5564727783, 12.3572597504, 5.8751950264, 1.31718564034, 0.43501546979, 0.0546827949584, 0.00689010461792, 0.000208774436032, 1.58965931973e-07, 1.15321596716e-09]
    },
    "gfcc": {
        "mean": [-22.0881118774, 61.0060997009, -144.959274292, 20.5115509033, -91.4611663818, 8.22857761383, -49.4711265564, -6.61858510971, -30.6051750183, 1.52676856518, -13.3750896454, 3.04983353615, -11.497461319],
        "cov": [[30615.8183594, -548.816650391, -1317.37878418, -805.506774902, 614.583007812, 862.556640625, -671.733947754, 301.725067139, -1156.52380371, 891.947021484, -127.763710022, 694.708557129, -720.976745605], [-548.816650391, 564.514648438, -159.821914673, 257.269805908, -176.188171387, -60.7265625, 72.3344039917, -41.5230445862, 144.412536621, -118.217018127, 7.89945745468, -79.0533370972, 75.8027954102], [-1317.37878418, -159.821914673, 455.860443115, -36.3630142212, 213.851226807, 77.1873931885, 82.563331604, 101.741294861, 30.5492134094, 78.8285522461, 13.2376337051, 37.9365119934, -0.786326348782], [-805.506774902, 257.269805908, -36.3630142212, 244.084030151, -124.967918396, -33.3884620667, 23.4844818115, -30.1738414764, 95.005065918, -95.1810150146, -2.10072541237, -69.7195510864, 64.1685333252], [614.583007812, -176.188171387, 213.851226807, -124.967918396, 419.264526367, 112.105957031, 98.3446350098, 59.5582122803, -47.4017333984, 148.016357422, 34.3146095276, 95.3456268311, -85.3905258179], [862.556640625, -60.7265625, 77.1873931885, -33.3884620667, 112.105957031, 124.475502014, 11.3643856049, 66.9835281372, -28.362039566, 70.5444717407, 9.28109169006, 42.9134674072, -30.3851661682], [-671.733947754, 72.3344039917, 82.563331604, 23.4844818115, 98.3446350098, 11.3643856049, 126.561965942, 20.9585609436, 52.3242073059, 11.495847702, 21.1684532166, 0.0806479528546, -3.77274990082], [301.725067139, -41.5230445862, 101.741294861, -30.1738414764, 59.5582122803, 66.9835281372, 20.9585609436, 109.584693909, 16.6729221344, 54.9146881104, -0.830972194672, 33.5661125183, -7.62200689316], [-1156.52380371, 144.412536621, 30.5492134094, 95.005065918, -47.4017333984, -28.362039566, 52.3242073059, 16.6729221344, 126.864257812, -29.4352626801, 17.2029342651, -35.3113594055, 44.1166229248], [891.947021484, -118.217018127, 78.8285522461, -95.1810150146, 148.016357422, 70.5444717407, 11.495847702, 54.9146881104, -29.4352626801, 145.428588867, 38.9217338562, 67.7457504272, -57.031703949], [-127.763710022, 7.89945745468, 13.2376337051, -2.10072541237, 34.3146095276, 9.28109169006, 21.1684532166, -0.830972194672, 17.2029342651, 38.9217338562, 60.8434486389, 23.3095932007, -3.12671303749], [694.708557129, -79.0533370972, 37.9365119934, -69.7195510864, 95.3456268311, 42.9134674072, 0.0806479528546, 33.5661125183, -35.3113594055, 67.7457504272, 23.3095932007, 83.0452728271, -15.7460517883], [-720.976745605, 75.8027954102, -0.786326348782, 64.1685333252, -85.3905258179, -30.3851661682, -3.77274990082, -7.62200689316, 44.1166229248, -57.031703949, -3.12671303749, -15.7460517883, 75.0939865112]],
        "icov": [[0.000171766514541, -0.000332769879606, 0.000600479485001, -0.000269269803539, -6.30198628642e-05, -0.000502762733959, 0.000468639307655, -0.000470443570521, 0.0010423543863, -0.000784743402619, 0.00072837859625, -0.000741655821912, 0.000588579103351], [-0.000332769879606, 0.00581579143181, 0.000827060430311, -0.0032885603141, 0.000914429954719, 0.000414912588894, -0.00420961156487, 0.00117410253733, -0.00436134450138, 0.00163692981005, -0.000818241678644, 0.000237972722971, -0.00131020741537], [0.000600479485001, 0.000827060430311, 0.00683380290866, -0.00225636502728, -0.00232017063536, -0.00159159942996, -6.87624124112e-05, -0.00452752178535, 0.00306537863798, -0.00376430456527, 0.00280934944749, -0.000632714363746, -0.00149077095557], [-0.000269269803539, -0.0032885603141, -0.00225636502728, 0.0120893325657, 0.000238541382714, -0.0029282241594, 0.00121598283295, 0.00332013564184, -0.00497377710417, 0.00411291094497, -0.00253716786392, 0.00483734440058, -0.00318091060035], [-6.30198628642e-05, 0.000914429954719, -0.00232017063536, 0.000238541382714, 0.00838317908347, -0.00317028700374, -0.00607493519783, 0.0043977140449, -0.000691573135555, -0.00201455992647, 0.00199924921617, -0.0054689347744, 0.00444754818454], [-0.000502762733959, 0.000414912588894, -0.00159159942996, -0.0029282241594, -0.00317028700374, 0.0201498568058, 5.03938863403e-05, -0.00980795361102, 0.00395378097892, -0.000559211126529, -0.00433931406587, 0.00313677708618, -0.00147550459951], [0.000468639307655, -0.00420961156487, -6.87624124112e-05, 0.00121598283295, -0.00607493519783, 5.03938863403e-05, 0.0191111043096, -0.00350995827466, -0.00211904407479, 0.0024149811361, -0.00245991745032, 0.00013276001846, 0.00442976644263], [-0.000470443570521, 0.00117410253733, -0.00452752178535, 0.00332013564184, 0.0043977140449, -0.00980795361102, -0.00350995827466, 0.0253946818411, -0.0125109069049, -0.00299092615023, 0.00811727251858, -0.0056665437296, -0.000924819440115], [0.0010423543863, -0.00436134450138, 0.00306537863798, -0.00497377710417, -0.000691573135555, 0.00395378097892, -0.00211904407479, -0.0125109069049, 0.0300785675645, -0.00875824410468, -0.00285708485171, 0.00510474806651, -0.00524144014344], [-0.000784743402619, 0.00163692981005, -0.00376430456527, 0.00411291094497, -0.00201455992647, -0.000559211126529, 0.0024149811361, -0.00299092615023, -0.00875824410468, 0.0293067041785, -0.014587088488, -0.00445730146021, 0.0104209957644], [0.00072837859625, -0.000818241678644, 0.00280934944749, -0.00253716786392, 0.00199924921617, -0.00433931406587, -0.00245991745032, 0.00811727251858, -0.00285708485171, -0.014587088488, 0.0326304957271, -0.0119612524286, 0.000685034086928], [-0.000741655821912, 0.000237972722971, -0.000632714363746, 0.00483734440058, -0.0054689347744, 0.00313677708618, 0.00013276001846, -0.0056665437296, 0.00510474806651, -0.00445730146021, -0.0119612524286, 0.0358274616301, -0.0163888204843], [0.000588579103351, -0.00131020741537, -0.00149077095557, -0.00318091060035, 0.00444754818454, -0.00147550459951, 0.00442976644263, -0.000924819440115, -0.00524144014344, 0.0104209957644, 0.000685034086928, -0.0163888204843, 0.0351674519479]]
    },
    "melbands": {
        "dmean": [0.0001188911192, 0.000184950244147, 9.35787247727e-05, 0.000203362578759, 0.000308513030177, 0.000256393570453, 0.000141246404382, 0.000128456638777, 0.000128423693241, 0.000120564924146, 7.31020627427e-05, 5.56166269234e-05, 7.55002329242e-05, 9.01664971025e-05, 0.00027696849429, 0.000151768472278, 3.2199332054e-05, 1.99421447178e-05, 2.04241950996e-05, 1.79608996405e-05, 1.50825344463e-05, 1.44339064718e-05, 1.10766586658e-05, 8.65236961545e-06, 6.18319154455e-06, 4.20176229454e-06, 7.98491964815e-06, 6.92852472639e-06, 3.0465519103e-06, 2.72423994829e-06, 2.97513383885e-06, 2.36683467847e-06, 1.99604505724e-06, 2.38612210524e-06, 1.24483597119e-06, 9.78475441116e-07, 7.03467605945e-07, 6.56428369439e-07, 4.91041703299e-07, 3.6049107166e-07],
        "dmean2": [0.000206416385481, 0.000321105588228, 0.000159870556672, 0.00034591765143, 0.000516064348631, 0.000437698938185, 0.000242236157646, 0.000212264159927, 0.00020587783365, 0.000194004664081, 0.000120126758702, 9.11045426619e-05, 0.000120399046864, 0.000143025827128, 0.000439515861217, 0.000240148408921, 5.3014329751e-05, 3.43893989339e-05, 3.48205176124e-05, 3.12061783916e-05, 2.63509355136e-05, 2.47983243753e-05, 1.91126619029e-05, 1.49664365381e-05, 1.04909540823e-05, 7.07180970494e-06, 1.33213115987e-05, 1.15347447718e-05, 5.23079097547e-06, 4.60648834633e-06, 5.14908879268e-06, 3.98184829464e-06, 3.41470195053e-06, 3.82924918085e-06, 2.12373242903e-06, 1.60296247032e-06, 1.15805005407e-06, 1.08436336177e-06, 7.96789663582e-07, 5.89190960909e-07],
        "dvar": [2.53204348155e-07, 7.5556192769e-07, 5.18928686688e-08, 1.42652154977e-07, 2.14568345314e-07, 1.88093920883e-07, 6.67844730629e-08, 6.13291675222e-08, 4.02340916139e-08, 3.08957410766e-08, 1.68702740666e-08, 1.57050674687e-08, 2.8874946878e-08, 2.76749343442e-08, 1.58042425369e-07, 4.90739466841e-08, 3.52186102504e-09, 8.87778350833e-10, 7.76782971279e-10, 6.85095868924e-10, 5.03286745612e-10, 4.41050362898e-10, 2.66176358732e-10, 1.55049625916e-10, 7.59021873131e-11, 3.1382774851e-11, 1.44659034751e-10, 1.21123486241e-10, 1.52288476968e-11, 1.48900648755e-11, 2.70704292316e-11, 9.36268250429e-12, 6.04081932046e-12, 1.34370362059e-11, 2.52633612814e-12, 1.66861620007e-12, 8.32806751078e-13, 7.66779868766e-13, 4.92825344336e-13, 2.63341106733e-13],
        "dvar2": [5.76914885642e-07, 2.04764114642e-06, 1.42929792446e-07, 4.1434520881e-07, 6.03816317835e-07, 5.70953375245e-07, 1.92184032244e-07, 1.7632551419e-07, 1.12035223765e-07, 7.71459482962e-08, 4.57887132654e-08, 4.03820976658e-08, 5.84743702348e-08, 6.44161062269e-08, 3.99373021764e-07, 1.18124177106e-07, 8.5924840576e-09, 2.56161336587e-09, 2.25900431694e-09, 2.02133443317e-09, 1.4592110853e-09, 1.29784505365e-09, 7.62998497716e-10, 4.38266839486e-10, 2.14192372172e-10, 8.82282857884e-11, 3.80150577683e-10, 3.20077908622e-10, 4.29754010156e-11, 3.95559730804e-11, 7.49504208697e-11, 2.73230986447e-11, 1.7257405574e-11, 3.02901592697e-11, 6.90363001141e-12, 4.49419060994e-12, 2.26254149964e-12, 2.09153072465e-12, 1.23320451073e-12, 6.69859946591e-13],
        "max": [0.00876455847174, 0.0132297202945, 0.00368402246386, 0.00431963941082, 0.00541268289089, 0.00547178089619, 0.00408501597121, 0.00443366589025, 0.00297456583939, 0.00214862893336, 0.00184751383495, 0.00248155673034, 0.00434229988605, 0.00267077004537, 0.00468386989087, 0.00214144098572, 0.00106327643152, 0.000308895658236, 0.000247192394454, 0.000295823119814, 0.000192813531612, 0.000239315530052, 0.000146506936289, 0.00016011230764, 9.81654739007e-05, 5.77488099225e-05, 0.000144066245412, 0.000130011525471, 3.73447364836e-05, 5.72046083107e-05, 9.21431128518e-05, 3.90023742511e-05, 3.06209476548e-05, 4.79910559079e-05, 2.03637446248e-05, 1.86251436389e-05, 1.30164453367e-05, 1.11444987851e-05, 1.05554418042e-05, 9.02988358575e-06],
        "mean": [0.000245642149821, 0.000324397784425, 0.000162883618032, 0.000406088103773, 0.000740477116778, 0.000562524946872, 0.000321137107676, 0.000248144351644, 0.000227337877732, 0.000223564813496, 0.000135095586302, 0.000105919658381, 0.000138227333082, 0.000161287563969, 0.000625735265203, 0.000347215565853, 6.16085890215e-05, 3.9363567339e-05, 4.0033210098e-05, 3.44542750099e-05, 3.00673036691e-05, 2.86056674668e-05, 2.24341147259e-05, 1.77668844117e-05, 1.30163189169e-05, 9.97637926048e-06, 1.94149179151e-05, 1.62371470651e-05, 7.47941794543e-06, 7.42679821997e-06, 7.58930582379e-06, 6.1578025452e-06, 5.51095126866e-06, 6.66130972604e-06, 3.86481360692e-06, 2.9594816624e-06, 2.11574206332e-06, 1.7885337229e-06, 1.33734613428e-06, 8.91373929335e-07],
        "median": [1.25897495309e-05, 3.47057575709e-05, 5.84426306887e-05, 0.000242321344558, 0.000510172685608, 0.000326502573444, 0.000132151064463, 0.00010873132851, 0.000134675472509, 0.000137150622322, 7.85717202234e-05, 5.79744082643e-05, 6.02689397056e-05, 5.17750158906e-05, 0.000370408932213, 0.000176476445631, 3.33046154992e-05, 2.32289748965e-05, 2.85385722236e-05, 2.3318661988e-05, 2.05460200959e-05, 1.89792372112e-05, 1.56203805091e-05, 1.33103112603e-05, 1.04987420855e-05, 8.35787614051e-06, 1.48053904923e-05, 1.10014698294e-05, 6.97767609381e-06, 6.87168085278e-06, 6.36318554825e-06, 5.49404012418e-06, 5.02474676978e-06, 4.81751976622e-06, 3.42333555636e-06, 2.54901669905e-06, 1.81626739959e-06, 1.43683553233e-06, 1.02692183646e-06, 6.96641109244e-07],
        "min": [7.11985966273e-25, 1.45373673918e-24, 1.96365741439e-24, 1.81096549758e-24, 2.27589151891e-24, 3.47356637484e-24, 3.60700850785e-24, 3.42843761461e-24, 2.06216306728e-24, 4.97901827117e-24, 3.42340625975e-24, 2.66657310728e-24, 3.94974017217e-24, 3.40117892046e-24, 2.35863711141e-24, 3.87911463862e-24, 4.34930098168e-24, 5.86181791628e-24, 6.53209803909e-24, 3.78828124969e-24, 5.80392775318e-24, 5.2497158908e-24, 4.43733825313e-24, 5.78909756259e-24, 4.15009151501e-24, 5.25816735211e-24, 6.77475480898e-24, 6.05045585796e-24, 5.29956558912e-24, 5.73812728735e-24, 5.89166131318e-24, 7.86231552938e-24, 4.96700313073e-24, 5.05302328484e-24, 6.12115751659e-24, 6.81118282786e-24, 6.52625060763e-24, 6.68378100281e-24, 7.07114483943e-24, 7.66228170306e-24],
        "var": [8.64099320097e-07, 1.34436436383e-06, 7.65515579815e-08, 2.53905824366e-07, 5.60847070119e-07, 4.25814789651e-07, 2.25575107038e-07, 1.4746987631e-07, 8.20131091928e-08, 7.08875589339e-08, 3.58174432336e-08, 2.77221676726e-08, 7.78045432526e-08, 7.17791408533e-08, 5.38672964012e-07, 1.79734982453e-07, 7.79996867095e-09, 2.11724238142e-09, 1.88029392056e-09, 1.53183521423e-09, 1.14927278805e-09, 1.04514796817e-09, 6.2065347306e-10, 3.74520719992e-10, 1.79256789967e-10, 9.84292369832e-11, 4.55649712405e-10, 3.89845350446e-10, 4.40906929022e-11, 4.85022404184e-11, 6.1336977164e-11, 3.0304560944e-11, 2.26187141933e-11, 5.22109473711e-11, 1.14648394944e-11, 7.45990248741e-12, 3.87695387946e-12, 3.03906292493e-12, 2.04014062588e-12, 9.04273672001e-13]
    },
    "mfcc": {
        "mean": [-642.770874023, 85.8523788452, -7.9359498024, 2.2027425766, -21.365398407, -0.109967067838, -14.1818809509, -8.34107112885, -16.594493866, -8.29583740234, -6.31559276581, -0.938071072102, -4.64638948441],
        "cov": [[17220.625, 787.450927734, -1207.15600586, -521.276794434, 722.028320312, 531.413391113, 693.797912598, -54.1728782654, -281.191162109, -147.240631104, 182.031326294, 364.469085693, 383.485321045], [787.450927734, 341.644805908, -35.2687301636, 78.3181228638, -25.0420360565, 58.554019928, 13.4438323975, 37.8992462158, 18.1288585663, 4.66658353806, 23.4740829468, 37.3540725708, 29.4505558014], [-1207.15600586, -35.2687301636, 290.332763672, 57.0276489258, -34.219745636, -48.1249427795, -52.5605201721, 28.6909103394, 55.584022522, 44.5349273682, -8.0137014389, -35.5030212402, -31.9223651886], [-521.276794434, 78.3181228638, 57.0276489258, 168.084030151, -40.4474983215, 27.0407218933, -34.7390823364, 28.2506446838, 20.4244480133, 16.8055000305, -3.57052016258, -12.1774101257, -21.5597877502], [722.028320312, -25.0420360565, -34.219745636, -40.4474983215, 159.793518066, 55.8429412842, 86.8768157959, 4.8736333847, 15.7155790329, 6.2931599617, 41.0147590637, 46.6836967468, 57.7766113281], [531.413391113, 58.554019928, -48.1249427795, 27.0407218933, 55.8429412842, 94.0483551025, 58.3695487976, 12.1537542343, -1.50337529182, 3.92770123482, 21.6370315552, 30.9948444366, 33.9558258057], [693.797912598, 13.4438323975, -52.5605201721, -34.7390823364, 86.8768157959, 58.3695487976, 125.131843567, 15.0966806412, 4.88342571259, 3.88376235962, 40.9698638916, 44.6980056763, 57.1638069153], [-54.1728782654, 37.8992462158, 28.6909103394, 28.2506446838, 4.8736333847, 12.1537542343, 15.0966806412, 65.6474456787, 40.1235466003, 12.2984552383, 4.09969186783, 0.698603630066, -3.30345821381], [-281.191162109, 18.1288585663, 55.584022522, 20.4244480133, 15.7155790329, -1.50337529182, 4.88342571259, 40.1235466003, 74.4045181274, 31.4110870361, 13.6434221268, 0.929169714451, 4.7744679451], [-147.240631104, 4.66658353806, 44.5349273682, 16.8055000305, 6.2931599617, 3.92770123482, 3.88376235962, 12.2984552383, 31.4110870361, 57.0511856079, 26.6414337158, 5.98344087601, 9.54626560211], [182.031326294, 23.4740829468, -8.0137014389, -3.57052016258, 41.0147590637, 21.6370315552, 40.9698638916, 4.09969186783, 13.6434221268, 26.6414337158, 68.8277587891, 49.1896820068, 39.3104705811], [364.469085693, 37.3540725708, -35.5030212402, -12.1774101257, 46.6836967468, 30.9948444366, 44.6980056763, 0.698603630066, 0.929169714451, 5.98344087601, 49.1896820068, 75.3779296875, 58.0928573608], [383.485321045, 29.4505558014, -31.9223651886, -21.5597877502, 57.7766113281, 33.9558258057, 57.1638069153, -3.30345821381, 4.7744679451, 9.54626560211, 39.3104705811, 58.0928573608, 89.6762924194]],
