{
"lowlevel": {
    "average_loudness": 0.848640501499,
    "barkbands_crest": {
        "dmean": 1.97950267792,
        "dmean2": 3.2450261116,
        "dvar": 3.43768334389,
        "dvar2": 8.89068698883,
        "max": 23.116317749,
        "mean": 8.42811203003,
        "median": 7.79130887985,
        "min": 2.41215515137,
        "var": 10.9500904083
    },
    "barkbands_flatness_db": {
        "dmean": 0.0141326766461,
        "dmean2": 0.0227091070265,
        "dvar": 0.000164853641763,
        "dvar2": 0.000383543287171,
        "max": 0.232964515686,
        "mean": 0.129302084446,
        "median": 0.128464251757,
        "min": 0.0359813794494,
        "var": 0.000692425877787
    },
    "barkbands_kurtosis": {
        "dmean": 0.881131470203,
        "dmean2": 1.4378541708,
        "dvar": 1.50871312618,
        "dvar2": 4.02430772781,
        "max": 19.5068664551,
        "mean": 0.416474193335,
        "median": -0.0474219322205,
        "min": -1.75188243389,
        "var": 3.95876479149
    },
    "barkbands_skewness": {
        "dmean": 0.326866328716,
        "dmean2": 0.519618153572,
        "dvar": 0.0962539315224,
        "dvar2": 0.242576926947,
        "max": 3.96275258064,
        "mean": 0.907592356205,
        "median": 0.882787287235,
        "min": -1.71798396111,
        "var": 0.515436828136
    },
    "barkbands_spread": {
        "dmean": 3.99092483521,
        "dmean2": 6.21883440018,
        "dvar": 14.9882202148,
        "dvar2": 31.7808475494,
        "max": 73.8915023804,
        "mean": 26.819896698,
        "median": 25.8033390045,
        "min": 4.52111053467,
        "var": 79.1070175171
    },
    "dissonance": {
        "dmean": 0.012900300324,
        "dmean2": 0.021452145651,
        "dvar": 0.000363698491128,
        "dvar2": 0.000863770779688,
        "max": 0.499830961227,
        "mean": 0.474126756191,
        "median": 0.477596461773,
        "min": 0.0048213773407,
        "var": 0.000393838388845
    },
    "dynamic_complexity": 2.05392694473,
    "erbbands_crest": {
        "dmean": 2.04155564308,
        "dmean2": 3.31713008881,
        "dvar": 3.14822769165,
        "dvar2": 7.76841068268,
        "max": 28.4996204376,
        "mean": 8.22374343872,
        "median": 7.12056303024,
        "min": 3.09066414833,
        "var": 15.207192421
    },
    "erbbands_flatness_db": {
        "dmean": 0.0117587177083,
        "dmean2": 0.0181299112737,
        "dvar": 0.000125172678963,
        "dvar2": 0.00025224708952,
        "max": 0.276664674282,
        "mean": 0.174851298332,
        "median": 0.173551946878,
        "min": 0.0677320808172,
        "var": 0.00063883070834
    },
    "erbbands_kurtosis": {
        "dmean": 0.487198591232,
        "dmean2": 0.783006072044,
        "dvar": 0.38343706727,
        "dvar2": 0.886310219765,
        "max": 9.39823246002,
        "mean": -0.221108168364,
        "median": -0.530958175659,
        "min": -1.61394238472,
        "var": 1.44650518894
    },
    "erbbands_skewness": {
        "dmean": 0.251249104738,
        "dmean2": 0.388645231724,
        "dvar": 0.0442861840129,
        "dvar2": 0.100316874683,
        "max": 1.94223737717,
        "mean": -0.179714381695,
        "median": -0.167587935925,
        "min": -2.33517336845,
        "var": 0.333886682987
    },
    "erbbands_spread": {
        "dmean": 5.26242923737,
        "dmean2": 8.19542789459,
        "dvar": 22.1316070557,
        "dvar2": 52.7812767029,
        "max": 77.5498962402,
        "mean": 36.9288635254,
        "median": 36.5480003357,
        "min": 7.44840097427,
        "var": 127.498077393
    },
    "hfc": {
        "dmean": 3.39468693733,
        "dmean2": 4.98521757126,
        "dvar": 17.185968399,
        "dvar2": 35.0219573975,
        "max": 77.3650131226,
        "mean": 21.0232944489,
        "median": 16.7789859772,
        "min": 1.0997231248e-16,
        "var": 167.954666138
    },
    "melbands_crest": {
        "dmean": 2.84379792213,
        "dmean2": 4.7972779274,
        "dvar": 6.66199064255,
        "dvar2": 18.8957691193,
        "max": 31.8320484161,
        "mean": 12.8497438431,
        "median": 12.1842355728,
        "min": 2.0525906086,
        "var": 21.8625736237
    },
    "melbands_flatness_db": {
        "dmean": 0.0165911186486,
        "dmean2": 0.0267069134861,
        "dvar": 0.000236175896134,
        "dvar2": 0.000568952178583,
        "max": 0.303375124931,
        "mean": 0.169511854649,
        "median": 0.168465107679,
        "min": 0.00491780089214,
        "var": 0.00134473643266
    },
    "melbands_kurtosis": {
        "dmean": 2.52340435982,
        "dmean2": 4.14146232605,
        "dvar": 11.6995258331,
        "dvar2": 32.4484710693,
        "max": 42.1080703735,
        "mean": 5.178129673,
        "median": 3.53145647049,
        "min": -1.74267375469,
        "var": 33.3827171326
    },
    "melbands_skewness": {
        "dmean": 0.442120760679,
        "dmean2": 0.713389992714,
        "dvar": 0.189691483974,
        "dvar2": 0.495515018702,
        "max": 5.89375400543,
        "mean": 1.97446715832,
        "median": 1.87800145149,
        "min": -0.492801308632,
        "var": 0.965291321278
    },
    "melbands_spread": {
        "dmean": 6.37213945389,
        "dmean2": 9.9810552597,
        "dvar": 41.4603805542,
        "dvar2": 92.7687530518,
        "max": 122.736633301,
        "mean": 32.2249679565,
        "median": 28.4710922241,
        "min": 4.1686296463,
        "var": 239.319671631
    },
    "pitch_salience": {
        "dmean": 0.0537617728114,
        "dmean2": 0.0889805033803,
        "dvar": 0.0021920488216,
        "dvar2": 0.00588898407295,
        "max": 0.873319864273,
        "mean": 0.530278861523,
        "median": 0.538118600845,
        "min": 0.230741247535,
        "var": 0.00854174699634
    },
    "silence_rate_20dB": {
        "dmean": 0,
        "dmean2": 0,
        "dvar": 0,
        "dvar2": 0,
        "max": 1,
        "mean": 1,
        "median": 1,
        "min": 1,
        "var": 0
    },
    "silence_rate_30dB": {
        "dmean": 0,
        "dmean2": 0,
        "dvar": 0,
        "dvar2": 0,
        "max": 1,
        "mean": 1,
        "median": 1,
        "min": 1,
        "var": 0
    },
    "silence_rate_60dB": {
        "dmean": 0.00412371149287,
        "dmean2": 0.00825167633593,
        "dvar": 0.00410670787096,
        "dvar2": 0.00921510905027,
        "max": 1,
        "mean": 0.00772797549143,
        "median": 0,
        "min": 0,
        "var": 0.0076681743376
    },
    "spectral_centroid": {
        "dmean": 214.457489014,
        "dmean2": 326.357879639,
        "dvar": 74725.734375,
        "dvar2": 115071.328125,
        "max": 10856.0810547,
        "mean": 1722.88830566,
        "median": 1670.22412109,
        "min": 408.751251221,
        "var": 309401.0625
    },
    "spectral_complexity": {
        "dmean": 3.0113401413,
        "dmean2": 4.85146999359,
        "dvar": 7.4885635376,
        "dvar2": 17.8665065765,
        "max": 55,
        "mean": 23.9160232544,
        "median": 23,
        "min": 0,
        "var": 44.2986030579
    },
    "spectral_decrease": {
        "dmean": 1.03362818304e-09,
        "dmean2": 1.66241564958e-09,
        "dvar": 1.22169861545e-18,
        "dvar2": 3.05942572323e-18,
        "max": -1.54745317321e-28,
        "mean": -5.73057423736e-09,
        "median": -4.90972640321e-09,
        "min": -1.77532495371e-08,
        "var": 1.07625371126e-17
    },
    "spectral_energy": {
        "dmean": 0.00405645696446,
        "dmean2": 0.00649322848767,
        "dvar": 1.82474032044e-05,
        "dvar2": 4.5155549742e-05,
        "max": 0.069835036993,
        "mean": 0.0235353577882,
        "median": 0.0201577395201,
        "min": 1.05588668152e-20,
        "var": 0.000174449800397
    },
    "spectral_energyband_high": {
        "dmean": 0.000237072410528,
        "dmean2": 0.000366380962078,
        "dvar": 1.46746828023e-07,
        "dvar2": 3.2574300235e-07,
        "max": 0.00865615904331,
        "mean": 0.00082283426309,
        "median": 0.000539082102478,
        "min": 7.25549195839e-21,
        "var": 7.50686922402e-07
    },
    "spectral_energyband_low": {
        "dmean": 0.0023560768459,
        "dmean2": 0.00403906218708,
        "dvar": 1.06574834717e-05,
        "dvar2": 3.22962005157e-05,
        "max": 0.0407906956971,
        "mean": 0.00561135960743,
        "median": 0.00379067286849,
        "min": 6.82067692663e-23,
        "var": 3.4624717955e-05
    },
    "spectral_energyband_middle_high": {
        "dmean": 0.00159077497665,
        "dmean2": 0.00236467784271,
        "dvar": 4.49032995675e-06,
        "dvar2": 8.82984477357e-06,
        "max": 0.0523200556636,
        "mean": 0.00725095486268,
        "median": 0.00543534522876,
        "min": 1.77923116637e-21,
        "var": 4.07541629102e-05
    },
    "spectral_energyband_middle_low": {
        "dmean": 0.00310805230401,
        "dmean2": 0.00493842316791,
        "dvar": 1.41837426781e-05,
        "dvar2": 3.46069064108e-05,
        "max": 0.05830514431,
        "mean": 0.0111126834527,
        "median": 0.00891591794789,
        "min": 3.9679009335e-22,
        "var": 6.91233290127e-05
    },
    "spectral_entropy": {
        "dmean": 0.0888513103127,
        "dmean2": 0.139630824327,
        "dvar": 0.0073203262873,
        "dvar2": 0.0143744125962,
        "max": 9.81215381622,
        "mean": 7.53453445435,
        "median": 7.54839468002,
        "min": 6.69990777969,
        "var": 0.0355472415686
    },
    "spectral_flux": {
        "dmean": 0.0137050691992,
        "dmean2": 0.021516572684,
        "dvar": 0.000188276797417,
        "dvar2": 0.000469267077278,
        "max": 0.179162174463,
        "mean": 0.0684036463499,
        "median": 0.0632999390364,
        "min": 1.02756345099e-10,
        "var": 0.000786109420005
    },
    "spectral_kurtosis": {
        "dmean": 1.4311324358,
        "dmean2": 2.51493358612,
        "dvar": 1.63329851627,
        "dvar2": 4.88855648041,
        "max": 19.8627490997,
        "mean": 3.51041245461,
        "median": 3.2772564888,
        "min": -1.16810584068,
        "var": 2.76859068871
    },
    "spectral_rms": {
        "dmean": 0.00041407669778,
        "dmean2": 0.000660188845359,
        "dvar": 1.5870401171e-07,
        "dvar2": 3.85407901149e-07,
        "max": 0.0082541955635,
        "mean": 0.00460246438161,
        "median": 0.00443464610726,
        "min": 3.20956911222e-12,
        "var": 1.77858885309e-06
    },
    "spectral_rolloff": {
        "dmean": 389.330291748,
        "dmean2": 634.458862305,
        "dvar": 246399.296875,
        "dvar2": 423544.875,
        "max": 18604.6875,
        "mean": 1871.72253418,
        "median": 1873.38867188,
        "min": 172.265625,
        "var": 937772.6875
    },
    "spectral_skewness": {
        "dmean": 0.191469922662,
        "dmean2": 0.319621771574,
        "dvar": 0.0255098287016,
        "dvar2": 0.0678799599409,
        "max": 3.4580206871,
        "mean": 1.12452566624,
        "median": 1.09678268433,
        "min": 0.04496601969,
        "var": 0.0795809552073
    },
    "spectral_spread": {
        "dmean": 275707.625,
        "dmean2": 413751.25,
        "dvar": 514992537600,
        "dvar2": 485950816256,
        "max": 39170080,
        "mean": 3501087.5,
        "median": 3435462.75,
        "min": 2074103.75,
        "var": 1.02772454195e+12
    },
    "spectral_strongpeak": {
        "dmean": 0.617378771305,
        "dmean2": 1.0500472784,
        "dvar": 1.15949082375,
        "dvar2": 2.8343770504,
        "max": 10.9096069336,
        "mean": 1.27243602276,
        "median": 0.621873676777,
        "min": 0,
        "var": 2.76865816116
    },
    "zerocrossingrate": {
        "dmean": 0.00659708259627,
        "dmean2": 0.00814994052052,
        "dvar": 0.000145600017277,
        "dvar2": 0.000184991586138,
        "max": 0.482421875,
        "mean": 0.0647104755044,
        "median": 0.060546875,
        "min": 0.01318359375,
        "var": 0.000523469760083
    },
    "barkbands": {
        "dmean": [4.50629659099e-06, 0.00103927217424, 0.00129629741423, 0.000721195305232, 0.00228905491531, 0.000747416226659, 0.00037148190313, 0.000409734988352, 0.000483243580675, 0.000713531917427, 0.000479800248286, 0.000168508573552, 0.000142011776916, 0.000223662806093, 0.000338136043865, 0.000349390727933, 0.000533934275154, 0.000167855861946, 0.000206605443964, 0.000176553265192, 0.000134994945256, 4.6501194447e-05, 1.75249733729e-05, 1.14247859528e-05, 9.80257118499e-06, 8.19186607259e-06, 6.06882622378e-07],
        "dmean2": [7.97729353508e-06, 0.00180141208693, 0.00219634152018, 0.00122906838078, 0.00372950895689, 0.00116724555846, 0.000581086380407, 0.000626064487733, 0.000763224088587, 0.00106874469202, 0.000727034290321, 0.000279699772364, 0.000215122345253, 0.00037027997314, 0.00053577509243, 0.00052851595683, 0.000858883373439, 0.000267495081061, 0.00032854359597, 0.000276293198112, 0.00021704955725, 7.32357875677e-05, 2.89214694931e-05, 1.85294866242e-05, 1.48076205733e-05, 1.28069059429e-05, 1.03072238744e-06],
        "dvar": [1.08055703274e-10, 3.62877244697e-06, 3.03196793539e-06, 1.19362368878e-06, 1.24006746773e-05, 1.75468346697e-06, 4.54932035154e-07, 6.82919164774e-07, 9.00360021205e-07, 2.40145050157e-06, 8.60919385559e-07, 4.81562096866e-08, 1.36726441724e-07, 1.44088019738e-07, 3.96301572891e-07, 5.68376322008e-07, 7.20364369045e-07, 6.49002274145e-08, 7.59464739986e-08, 6.41185593508e-08, 7.04012776964e-08, 5.64392310665e-09, 5.30682553457e-10, 7.61048724041e-10, 1.72341063642e-09, 2.17141282732e-09, 1.31801227918e-11],
        "dvar2": [3.10913156332e-10, 1.16369301395e-05, 8.83777374838e-06, 3.22294181387e-06, 3.08738890453e-05, 3.58401871381e-06, 1.12118902962e-06, 1.43825013765e-06, 2.00762610802e-06, 4.97117434861e-06, 1.69096642821e-06, 1.2960710194e-07, 2.83679128188e-07, 3.46949803998e-07, 7.8079517607e-07, 1.10365169803e-06, 1.70305600022e-06, 1.54348370529e-07, 1.81303960289e-07, 1.55077898967e-07, 1.67782076232e-07, 1.26814674317e-08, 1.25223020842e-09, 1.74676206832e-09, 3.81186682219e-09, 5.14758324854e-09, 3.32743034515e-11],
        "max": [0.000169794613612, 0.0240938793868, 0.0267679989338, 0.0128471879289, 0.0541085712612, 0.0212863702327, 0.0140461819246, 0.014874285087, 0.0213343594223, 0.0425706878304, 0.0336577221751, 0.00397037807852, 0.00836603622884, 0.0061272517778, 0.0184564534575, 0.0132584227249, 0.0145036634058, 0.00420774845406, 0.00544227054343, 0.00392211880535, 0.00698621338233, 0.00158144929446, 0.00029847730184, 0.000562953529879, 0.00108393805567, 0.0012822059216, 5.93140612182e-05],
        "mean": [4.2247984311e-06, 0.00193539296743, 0.00277973385528, 0.00129720964469, 0.00505262613297, 0.00160749745555, 0.000814017548691, 0.000810513680335, 0.000947372929659, 0.00183444877621, 0.0010378541192, 0.000326249311911, 0.000305681402097, 0.000485829747049, 0.000689117820002, 0.000622992345598, 0.00110168033279, 0.000402210105676, 0.000470649916679, 0.000467054749606, 0.000348702335032, 0.000108118903881, 3.98490738007e-05, 2.20362744585e-05, 1.45485746543e-05, 9.21223545447e-06, 5.56228144433e-07],
        "median": [1.51923052272e-06, 0.000782197341323, 0.00147356593516, 0.000615247292444, 0.00294234859757, 0.000831235782243, 0.00038640992716, 0.000392557587475, 0.000458938186057, 0.000619656930212, 0.000523204391357, 0.000220097295824, 0.000117334602692, 0.000318145204801, 0.000458893977338, 0.000249537872151, 0.000620366539806, 0.000287877162918, 0.000341936189216, 0.000290478259558, 0.000204266194487, 7.47429367038e-05, 2.92732347589e-05, 1.172354132e-05, 4.30407135354e-06, 1.49558536577e-06, 3.10887742216e-08],
        "min": [1.07309064482e-22, 5.26453188189e-24, 1.99449469715e-23, 3.62397966693e-23, 5.62516138021e-23, 4.09504890312e-23, 9.24349785177e-23, 4.01420328211e-23, 9.08453101977e-23, 7.14222799119e-23, 1.0758609981e-22, 1.22775446146e-22, 2.1358993397e-22, 1.0766491017e-22, 1.266939139e-22, 1.12402341761e-22, 8.22570572532e-23, 2.46967787452e-22, 3.55094212805e-22, 4.65644624705e-22, 5.92265509017e-22, 4.50164523172e-22, 6.98883506102e-22, 6.96379901403e-22, 1.32546171295e-21, 1.34822917269e-21, 2.2454857762e-21],
        "var": [9.55511642031e-11, 7.09767027729e-06, 1.13645564852e-05, 3.25366045217e-06, 3.7551693822e-05, 5.62648847335e-06, 1.8506300421e-06, 2.19283515435e-06, 2.79285654869e-06, 2.19270241359e-05, 3.3707547118e-06, 1.40729909504e-07, 4.77237392715e-07, 3.48717151155e-07, 1.15110503884e-06, 1.49087338741e-06, 2.13241764868e-06, 1.54025116217e-07, 1.86019747161e-07, 2.63716458448e-07, 1.96239213324e-07, 1.45795739925e-08, 1.28944022126e-09, 1.34576239041e-09, 2.36208008708e-09, 2.11738737654e-09, 1.1936454429e-11]
    },
    "erbbands": {
        "dmean": [0.00765856960788, 0.304450035095, 1.38112509251, 2.02664232254, 3.67108559608, 10.4218530655, 9.72069740295, 4.82719373703, 5.06811475754, 6.23810148239, 9.47710514069, 11.0898742676, 17.8767986298, 22.4718322754, 14.1316766739, 7.43032836914, 6.54269695282, 9.45586299896, 13.3096971512, 16.8230133057, 26.8360710144, 15.7150754929, 7.27876520157, 9.8679189682, 11.2744817734, 7.69580888748, 6.4848575592, 4.52123069763, 1.74526011944, 0.856912016869, 0.463648229837, 0.253586322069, 0.19185334444, 0.0947635397315, 0.0833240970969, 0.0482581220567, 0.0115558523685, 0.00220251898281, 6.39129575575e-05, 6.06193589192e-06],
        "dmean2": [0.0127374194562, 0.529219508171, 2.38366770744, 3.39509677887, 6.11513090134, 17.0459003448, 14.6859493256, 7.6480383873, 8.21327495575, 9.8872756958, 14.6937799454, 17.462272644, 26.6199970245, 34.4357299805, 20.9611721039, 12.247592926, 9.69727993011, 15.8170537949, 20.6627368927, 26.7972126007, 41.0274925232, 25.2906417847, 11.5679502487, 15.9112110138, 17.9038772583, 12.1985521317, 10.3260650635, 7.18641376495, 2.74434661865, 1.39717400074, 0.760783553123, 0.412543952465, 0.307478070259, 0.150943130255, 0.123444065452, 0.0756555348635, 0.0180476978421, 0.00357369193807, 0.000105122497189, 9.53427570494e-06],
        "dvar": [0.000159479415743, 0.30427339673, 3.98807644844, 8.47900676727, 40.8495254517, 292.67010498, 268.043365479, 74.0436248779, 115.767776489, 105.281806946, 495.703704834, 480.865142822, 1222.49951172, 2794.54614258, 812.289672852, 89.6759719849, 331.234466553, 168.823745728, 947.366516113, 764.657043457, 1997.01403809, 496.433837891, 93.0412445068, 237.677581787, 209.255325317, 126.019378662, 117.375961304, 114.781021118, 7.39637804031, 1.31331312656, 0.406985610723, 0.22462528944, 0.31744736433, 0.115767411888, 0.160842105746, 0.0742829591036, 0.00417407928035, 0.00014476008073, 1.33876085329e-07, 1.18289308904e-10],
        "dvar2": [0.000474402448162, 0.974811136723, 12.2295646667, 21.9244651794, 110.19834137, 725.511230469, 533.426086426, 157.097824097, 293.876556396, 232.440200806, 1130.79455566, 1023.64904785, 2580.91113281, 5894.51367188, 1353.76660156, 240.105407715, 721.858703613, 410.349182129, 1727.86499023, 1814.18347168, 4312.56835938, 1210.66601562, 210.471374512, 530.092956543, 488.384490967, 332.644256592, 276.326660156, 278.60055542, 16.447561264, 3.18776917458, 0.949209630489, 0.518734931946, 0.755000591278, 0.273274809122, 0.358698457479, 0.174627840519, 0.010013114661, 0.000356302596629, 3.34472588293e-07, 2.8247859607e-10],
        "max": [0.152823880315, 7.1034412384, 27.7332992554, 46.6736984253, 92.146156311, 278.766174316, 259.758666992, 224.104797363, 250.455123901, 226.077087402, 443.442565918, 545.793762207, 1023.78552246, 1950.35961914, 1151.18029785, 162.206848145, 418.34085083, 224.41960144, 905.271972656, 423.514068604, 973.489746094, 351.425018311, 208.132537842, 277.622894287, 213.640228271, 183.898712158, 189.18560791, 309.201782227, 59.3818244934, 16.9865322113, 8.53223228455, 7.39091253281, 12.0537633896, 7.94430923462, 10.8659534454, 8.07216835022, 1.31688868999, 0.222067460418, 0.0064236568287, 0.000214632134885],
        "mean": [0.0147541901097, 0.591151595116, 2.99408507347, 4.39858913422, 6.85891437531, 21.4877338409, 19.5240516663, 10.9884767532, 11.5530328751, 13.2646875381, 19.4926929474, 23.610994339, 43.0520935059, 57.7444496155, 35.230670929, 14.7086763382, 14.6667032242, 23.4875431061, 29.1100902557, 34.9310569763, 61.5411148071, 38.3269271851, 20.083650589, 22.2775306702, 26.7877750397, 20.8380851746, 17.7593135834, 11.0528106689, 4.30719566345, 2.16830587387, 1.00860416889, 0.537416398525, 0.33811122179, 0.137602940202, 0.120771512389, 0.0577360354364, 0.0122857159004, 0.00226182257757, 7.62295676395e-05, 3.06999718305e-05],
        "median": [0.0067958412692, 0.26071831584, 1.64691340923, 2.45762991905, 3.97603702545, 9.68848133087, 10.1604347229, 5.80226182938, 6.00306653976, 7.32702684402, 9.06559371948, 12.6651821136, 20.0287857056, 21.0929222107, 17.8998985291, 10.5423841476, 6.66095542908, 15.8743543625, 17.6360301971, 23.6146564484, 36.0159988403, 21.9420967102, 14.8287591934, 16.1259841919, 19.3260269165, 13.1667261124, 10.3895683289, 6.62598228455, 3.13192248344, 1.60345304012, 0.721569120884, 0.33232665062, 0.16021746397, 0.0440633445978, 0.0342127047479, 0.0121209667996, 0.00119777664077, 0.000197131274035, 1.82235435204e-05, 2.53864945989e-05],
        "min": [4.39302577461e-22, 1.0304425776e-21, 1.51384197984e-20, 9.12689503647e-20, 8.88176846299e-20, 1.91844988015e-19, 3.12497668484e-19, 3.52545566142e-19, 8.16218039594e-19, 1.88017698284e-18, 9.25154986231e-19, 1.77755385412e-18, 2.92675587914e-18, 2.64285219007e-18, 5.0618428366e-18, 4.98478641305e-18, 6.65491039191e-18, 8.23645738923e-18, 6.31383363326e-18, 8.03108746829e-18, 5.62051648642e-18, 4.1741217022e-18, 9.31213298396e-18, 2.6259968548e-17, 1.29805259722e-17, 2.61368443682e-17, 2.32414855768e-17, 2.02188269978e-17, 1.50692753057e-17, 1.85600833698e-17, 2.0038308064e-17, 1.62235959244e-17, 1.27097847947e-17, 1.27585280666e-17, 1.04098016568e-17, 4.69377889688e-18, 2.58712668656e-18, 1.13827166041e-18, 3.12967636319e-19, 3.1832708168e-20],
        "var": [0.000330741575453, 0.634156405926, 13.7315568924, 32.5890617371, 80.2570953369, 912.617736816, 744.392333984, 284.832550049, 521.164672852, 305.690582275, 1583.84277344, 1581.2154541, 7326.41210938, 27203.4101562, 4086.28613281, 198.177108765, 1035.48254395, 572.006774902, 2815.79394531, 1610.39929199, 7947.34375, 2143.5090332, 320.322845459, 480.206970215, 594.270080566, 513.913146973, 472.48348999, 248.19052124, 21.5407390594, 3.73930978775, 0.918812215328, 0.433588951826, 0.503972053528, 0.135651156306, 0.21559895575, 0.0740787908435, 0.00418301299214, 0.000145843674545, 1.26501802811e-07, 3.67960745207e-10]
    },
    "gfcc": {
        "mean": [6.85873699188, 106.961326599, -151.855606079, 45.2971038818, -59.152053833, 0.500033378601, -32.9968795776, 1.56492948532, -27.2975978851, -6.49259757996, -24.2201461792, -5.03233861923, -1.80467534065],
        "cov": [[2272.94775391, -239.287826538, 133.907318115, 63.9622077942, -50.9800415039, 68.2315750122, -79.1267547607, 55.5961380005, -93.6545028687, 53.8451271057, -167.989608765, -37.691986084, -36.6121330261], [-239.287826538, 603.737243652, -9.10185337067, 37.2776527405, 72.4951095581, -12.8930149078, 82.7305908203, -99.0965118408, 74.8712997437, -56.9572257996, 105.857536316, -55.4907913208, 18.5319156647], [133.907318115, -9.10185337067, 327.2762146, 26.5188808441, 107.831932068, 51.4569664001, -2.13820314407, 56.0816383362, -12.5283241272, 46.8935852051, -40.1451759338, 4.77790260315, -20.1045951843], [63.9622077942, 37.2776527405, 26.5188808441, 232.543212891, 35.2170906067, 11.3627195358, 8.51286125183, 8.53563785553, 50.8507194519, -20.9264068604, 10.4953184128, -9.12831020355, 5.39918041229], [-50.9800415039, 72.4951095581, 107.831932068, 35.2170906067, 152.327529907, 60.6239929199, 35.1095314026, 39.9421539307, 26.8349666595, 28.7246055603, 3.00139713287, 6.21103382111, -2.60809516907], [68.2315750122, -12.8930149078, 51.4569664001, 11.3627195358, 60.6239929199, 137.435256958, 70.3924102783, 33.7829704285, -7.25843000412, 14.9240074158, 4.52944660187, -7.19929409027, -3.44273710251], [-79.1267547607, 82.7305908203, -2.13820314407, 8.51286125183, 35.1095314026, 70.3924102783, 118.555473328, 12.402428627, 8.81098937988, -6.18093681335, 26.9970283508, -1.42418003082, -2.3040766716], [55.5961380005, -99.0965118408, 56.0816383362, 8.53563785553, 39.9421539307, 33.7829704285, 12.402428627, 108.636634827, 25.627456665, 40.2996444702, -16.4276027679, 16.6027755737, 5.07982635498], [-93.6545028687, 74.8712997437, -12.5283241272, 50.8507194519, 26.8349666595, -7.25843000412, 8.81098937988, 25.627456665, 92.4951629639, 18.6669082642, 22.3794765472, 3.02787542343, 8.56831073761], [53.8451271057, -56.9572257996, 46.8935852051, -20.9264068604, 28.7246055603, 14.9240074158, -6.18093681335, 40.2996444702, 18.6669082642, 91.3563613892, 6.39807510376, 15.8614253998, -1.27891755104], [-167.989608765, 105.857536316, -40.1451759338, 10.4953184128, 3.00139713287, 4.52944660187, 26.9970283508, -16.4276027679, 22.3794765472, 6.39807510376, 84.0041732788, 13.6030454636, 6.24401903152], [-37.691986084, -55.4907913208, 4.77790260315, -9.12831020355, 6.21103382111, -7.19929409027, -1.42418003082, 16.6027755737, 3.02787542343, 15.8614253998, 13.6030454636, 69.1420898438, 15.7998342514], [-36.6121330261, 18.5319156647, -20.1045951843, 5.39918041229, -2.60809516907, -3.44273710251, -2.3040766716, 5.07982635498, 8.56831073761, -1.27891755104, 6.24401903152, 15.7998342514, 79.3036651611]],
        "icov": [[0.000677926582284, -0.000659342214931, 0.000171856197994, -0.000661523430608, 0.000951585534494, -0.000956638192292, 0.000755743356422, -0.000630760798231, 0.00111671979539, -0.00112343812361, 0.00184452766553, -0.000529021606781, 0.000429183390224], [-0.000659342214931, 0.00672754226252, -0.00206766882911, 0.00221176515333, -0.00457617128268, 0.00407914910465, -0.00447765737772, 0.00597455538809, -0.00612705713138, 0.00467793550342, -0.00802516937256, 0.00622219499201, -0.00290784635581], [0.000171856197994, -0.00206766882911, 0.00561600457877, -0.00142485601828, -0.0018254526658, -0.0015191459097, 0.00210498203523, -0.00275415205397, 0.00388885126449, -0.00311175524257, 0.00415227049962, -0.00212072464637, 0.00182008987758], [-0.000661523430608, 0.00221176515333, -0.00142485601828, 0.00658250786364, -0.00236033112742, 0.000989858643152, -0.000990890781395, 0.00199202424847, -0.00591633049771, 0.00468449248001, -0.0039570434019, 0.00245501054451, -0.00128545844927], [0.000951585534494, -0.00457617128268, -0.0018254526658, -0.00236033112742, 0.0148239945993, -0.00646337913349, 0.00215538684279, -0.00434043304995, 0.00130596046802, -0.00435845693573, 0.00600470788777, -0.00496671767905, 0.00205955142155], [-0.000956638192292, 0.00407914910465, -0.0015191459097, 0.000989858643152, -0.00646337913349, 0.0168074946851, -0.0102408090606, 0.00084499118384, 8.53864548844e-05, 0.00161883002147, -0.00610503321514, 0.00628765486181, -0.00243711075746], [0.000755743356422, -0.00447765737772, 0.00210498203523, -0.000990890781395, 0.00215538684279, -0.0102408090606, 0.0174743141979, -0.0049094427377, 0.00293566309847, -0.000148969484144, 0.00189690385014, -0.00429357495159, 0.00283132377081], [-0.000630760798231, 0.00597455538809, -0.00275415205397, 0.00199202424847, -0.00434043304995, 0.00084499118384, -0.0049094427377, 0.0200477521867, -0.00989795755595, -0.000220018904656, -0.00219696457498, 0.00212333002128, -0.00323824724182], [0.00111671979539, -0.00612705713138, 0.00388885126449, -0.00591633049771, 0.00130596046802, 8.53864548844e-05, 0.00293566309847, -0.00989795755595, 0.0232787784189, -0.00813057366759, 0.00446800328791, -0.00347327045165, 0.00179592322093], [-0.00112343812361, 0.00467793550342, -0.00311175524257, 0.00468449248001, -0.00435845693573, 0.00161883002147, -0.000148969484144, -0.000220018904656, -0.00813057366759, 0.0202818848193, -0.00983045063913, 0.00252095307223, -0.0013056169264], [0.00184452766553, -0.00802516937256, 0.00415227049962, -0.0039570434019, 0.00600470788777, -0.00610503321514, 0.00189690385014, -0.00219696457498, 0.00446800328791, -0.00983045063913, 0.0283664036542, -0.0111810108647, 0.00353015423752], [-0.000529021606781, 0.00622219499201, -0.00212072464637, 0.00245501054451, -0.00496671767905, 0.00628765486181, -0.00429357495159, 0.00212333002128, -0.00347327045165, 0.00252095307223, -0.0111810108647, 0.0232615042478, -0.00589234149083], [0.000429183390224, -0.00290784635581, 0.00182008987758, -0.00128545844927, 0.00205955142155, -0.00243711075746, 0.00283132377081, -0.00323824724182, 0.00179592322093, -0.0013056169264, 0.00353015423752, -0.00589234149083, 0.0149688702077]]
    },
    "melbands": {
        "dmean": [0.00017410540022, 0.000612706237007, 0.000334023701726, 0.000502352544572, 0.000369250396034, 0.000115083559649, 7.53973290557e-05, 6.94929112797e-05, 8.00074849394e-05, 7.19219096936e-05, 9.27995715756e-05, 9.39839155762e-05, 5.93026052229e-05, 2.17602282646e-05, 1.50004852912e-05, 1.37350552905e-05, 2.10516864172e-05, 2.14168976527e-05, 2.68932071776e-05, 1.96091896214e-05, 4.29647989222e-05, 2.47308216785e-05, 5.88339162277e-06, 1.02335943666e-05, 8.78041191754e-06, 9.45271767705e-06, 6.37402126813e-06, 6.23245432507e-06, 5.08989114678e-06, 3.62169862456e-06, 2.83090571429e-06, 1.03755792225e-06, 8.80217498889e-07, 4.51614141639e-07, 3.15138720453e-07, 2.00877650514e-07, 1.53641380507e-07, 1.5774615747e-07, 9.58597397016e-08, 8.00335513418e-08],
        "dmean2": [0.000298581901006, 0.00106156477705, 0.000559105887078, 0.000837538449559, 0.000561949505936, 0.00018171472766, 0.000121641001897, 0.00010872304847, 0.000124066587887, 0.000113288064313, 0.000136438306072, 0.000144077494042, 8.85401750566e-05, 3.51397466147e-05, 2.32311904256e-05, 2.05010928767e-05, 3.5146564187e-05, 3.3495030948e-05, 4.32001070294e-05, 3.09455717797e-05, 6.60050864099e-05, 4.01543948101e-05, 9.34886702453e-06, 1.64248613146e-05, 1.44096466101e-05, 1.52433858602e-05, 9.72745419858e-06, 1.00634442788e-05, 8.20662444312e-06, 5.72227918383e-06, 4.54125029137e-06, 1.63461822922e-06, 1.44037528571e-06, 7.45959198412e-07, 5.20417927419e-07, 3.23627318721e-07, 2.50521651424e-07, 2.56451386349e-07, 1.54700160238e-07, 1.28919012354e-07],
        "dvar": [9.66421325188e-08, 8.74663612649e-07, 2.13825614992e-07, 7.82834661095e-07, 3.03655099287e-07, 3.93450925174e-08, 2.22166018915e-08, 1.39093945251e-08, 3.89050391902e-08, 1.6512982981e-08, 3.38874848183e-08, 5.09688362627e-08, 1.60726845166e-08, 9.14462838786e-10, 9.41795419429e-10, 1.32843103184e-09, 8.79440520407e-10, 2.35689934236e-09, 2.13625517276e-09, 1.65116997852e-09, 5.29444710295e-09, 1.33662492185e-09, 1.20358445432e-10, 2.23908572239e-10, 1.90622670426e-10, 1.65838870414e-10, 6.75279762663e-11, 9.87958534426e-11, 8.84249826139e-11, 2.68819081578e-11, 6.32616389828e-11, 2.9031185008e-12, 1.45383553286e-12, 3.66724717e-13, 1.84324953846e-13, 1.24391707872e-13, 9.69401222164e-14, 2.13226233003e-13, 7.80166878908e-14, 9.61226608834e-14],
        "dvar2": [3.04103366489e-07, 2.73144542007e-06, 5.53392226266e-07, 2.00680074158e-06, 6.13781423908e-07, 8.4543721357e-08, 5.66851028339e-08, 3.02215283909e-08, 9.11919499913e-08, 3.52882132404e-08, 6.91903920824e-08, 1.06715539516e-07, 2.81894063647e-08, 2.31631314129e-09, 1.77524039913e-09, 2.7439104322e-09, 2.12350603768e-09, 4.61392968276e-09, 4.64294824809e-09, 3.38526628951e-09, 1.15109921595e-08, 3.23095061816e-09, 2.8660882001e-10, 5.75954894888e-10, 4.32692076613e-10, 3.93170218604e-10, 1.43905304339e-10, 2.66374089453e-10, 2.02196523413e-10, 6.04139932525e-11, 1.63693628097e-10, 6.18206484268e-12, 3.71566015803e-12, 9.32543430497e-13, 4.50055899666e-13, 2.9492730415e-13, 2.2989962256e-13, 5.1443181312e-13, 1.81255184473e-13, 2.29002499472e-13],
        "max": [0.0038960292004, 0.0127114867792, 0.00663945591077, 0.0150341214612, 0.00857588462532, 0.00462548388168, 0.00332202459686, 0.00266288546845, 0.00391993951052, 0.00299662235193, 0.00536430487409, 0.0078508136794, 0.00526733929291, 0.000668043736368, 0.000873066484928, 0.000936792523134, 0.000529199431185, 0.00135150726419, 0.00128752726596, 0.00103450135794, 0.00162079336587, 0.000575636629947, 0.000156744834385, 0.00024826976005, 0.000252656260272, 0.000191073238966, 0.000161289251992, 0.000169769889908, 0.000186361314263, 0.000111556655611, 0.00021725941042, 3.84470549761e-05, 1.22854016809e-05, 7.63616390032e-06, 5.60401758776e-06, 8.48596664582e-06, 5.78166782361e-06, 1.09394286483e-05, 4.70811664854e-06, 7.60273997003e-06],
        "mean": [0.000326904613758, 0.00134875276126, 0.000760917959269, 0.00102914683521, 0.000775666267145, 0.000258530606516, 0.000175149354618, 0.00014394838945, 0.000159383169375, 0.000148222636199, 0.000215785184992, 0.000236836902332, 0.000135780981509, 4.7011380957e-05, 2.96673988487e-05, 2.97115711874e-05, 4.79915070173e-05, 4.2344967369e-05, 5.40464498044e-05, 3.59272489732e-05, 9.26201973925e-05, 5.36550578545e-05, 1.20549411804e-05, 2.34385224758e-05, 1.62374526553e-05, 1.94611966435e-05, 1.51746116899e-05, 1.43118550113e-05, 1.23594127217e-05, 8.39507720229e-06, 5.70298652747e-06, 2.32389697885e-06, 1.81302925739e-06, 9.74887143457e-07, 6.09046708178e-07, 4.10958648445e-07, 2.84920929516e-07, 2.63706908754e-07, 1.4417167904e-07, 1.04204247009e-07],
        "median": [0.000136572125484, 0.000798698805738, 0.000492410035804, 0.000534406863153, 0.000430114305345, 0.000136297938298, 9.13006006158e-05, 8.10407291283e-05, 6.46188927931e-05, 7.78762623668e-05, 9.7766322142e-05, 7.86925447755e-05, 6.74533293932e-05, 2.83111057797e-05, 1.55901307153e-05, 1.19216028907e-05, 3.11798612529e-05, 2.34179588006e-05, 3.53097893822e-05, 2.00021768251e-05, 5.25359464518e-05, 2.98880113405e-05, 6.87770398144e-06, 1.66962199728e-05, 1.07951200334e-05, 1.32783125082e-05, 1.02003514257e-05, 7.96957465354e-06, 6.49028652333e-06, 5.31435762241e-06, 3.18559614243e-06, 1.64655534718e-06, 1.24628934373e-06, 7.04559568021e-07, 4.1904948489e-07, 2.69394121233e-07, 1.57938586653e-07, 1.23517281736e-07, 5.05211623647e-08, 3.04857898925e-08],
        "min": [5.4538423275e-24, 5.58291141007e-24, 1.54227907883e-23, 8.38131106323e-24, 1.19020745916e-23, 8.5005000574e-24, 1.38848638551e-23, 1.74641324636e-23, 7.56120495527e-24, 1.28011448873e-23, 1.38103543649e-23, 8.96820385519e-24, 1.55631180993e-23, 1.60132626422e-23, 1.14322889899e-23, 2.01791692406e-23, 1.42528580011e-23, 1.01299766652e-23, 1.04035339057e-23, 8.8743570176e-24, 6.27103714428e-24, 4.18063068723e-24, 4.64669247105e-24, 1.24892955497e-23, 2.33047718312e-23, 9.17284147375e-24, 1.20857040554e-23, 1.73765704809e-23, 1.56001977173e-23, 1.33614372895e-23, 1.02139469643e-23, 8.29263047571e-24, 8.74389362337e-24, 1.10268594497e-23, 1.01570338054e-23, 1.29437109855e-23, 8.6714959138e-24, 8.94972399962e-24, 9.73123429893e-24, 1.03517357209e-23],
        "var": [1.85452904589e-07, 2.65404310085e-06, 7.52458333864e-07, 2.17010165215e-06, 8.95396169653e-07, 1.52657634089e-07, 1.03974763022e-07, 3.87964966819e-08, 1.2793981341e-07, 5.58583792554e-08, 2.04074751764e-07, 4.98692145356e-07, 7.25912840949e-08, 4.14179490704e-09, 2.94607405138e-09, 4.66684468847e-09, 2.6470001746e-09, 6.27406748777e-09, 5.60932145177e-09, 3.38922889753e-09, 2.03471248739e-08, 4.79228257078e-09, 3.01951297299e-10, 4.95118723798e-10, 3.48953033136e-10, 3.88514775906e-10, 2.53856297094e-10, 3.55836832222e-10, 3.2677061057e-10, 8.78469033627e-11, 1.0018302854e-10, 8.36841880514e-12, 3.20873904704e-12, 8.38710774009e-13, 3.65865893354e-13, 2.25295259879e-13, 1.69236207079e-13, 3.28126496243e-13, 1.17561247738e-13, 1.02341346389e-13]
    },
    "mfcc": {
        "mean": [-622.000793457, 125.093688965, -29.0816822052, 40.3616905212, -8.97853851318, 5.86170625687, -4.51108026505, 2.60169744492, 3.70879387856, -0.0314061641693, -15.3832683563, -7.35948514938, -5.45429134369],
        "cov": [[1461.71972656, -220.863983154, 128.254837036, 12.9965028763, 33.3801231384, -3.13495159149, 5.98350048065, -35.4139671326, 63.5228691101, 14.4454288483, -4.04296922684, -49.0757255554, -67.304397583], [-220.863983154, 509.249603271, -1.15885543823, 6.62044048309, 28.580198288, 48.2107124329, 32.1722793579, -2.74104499817, -25.8044700623, 11.4470949173, 19.797498703, 28.8888378143, 10.0612316132], [128.254837036, -1.15885543823, 181.608352661, 44.5845336914, 69.9132995605, 16.2334537506, 30.0518283844, 6.15068292618, 40.5596313477, 4.1551322937, 11.6752166748, 12.1767082214, -3.96919202805], [12.9965028763, 6.62044048309, 44.5845336914, 177.153167725, 47.9091682434, 15.4742898941, -34.0899810791, 28.9671344757, 13.9166793823, -2.87803554535, 10.4329586029, 26.1468830109, 16.0567703247], [33.3801231384, 28.580198288, 69.9132995605, 47.9091682434, 141.643676758, 17.5731201172, 21.5239772797, 6.56662225723, 51.8223495483, 15.1435232162, 6.87455797195, 41.6391983032, 13.8330087662], [-3.13495159149, 48.2107124329, 16.2334537506, 15.4742898941, 17.5731201172, 107.535774231, 54.0204963684, 32.855846405, 1.16405642033, 16.5671768188, 18.7065105438, -0.759156644344, 9.43150234222], [5.98350048065, 32.1722793579, 30.0518283844, -34.0899810791, 21.5239772797, 54.0204963684, 128.952438354, 31.2395191193, 20.6471614838, 29.1230068207, 9.48673439026, -7.51469421387, 8.72360992432], [-35.4139671326, -2.74104499817, 6.15068292618, 28.9671344757, 6.56662225723, 32.855846405, 31.2395191193, 96.7533950806, 12.1842975616, 14.5311555862, 13.062251091, -4.65735530853, 17.8775444031], [63.5228691101, -25.8044700623, 40.5596313477, 13.9166793823, 51.8223495483, 1.16405642033, 20.6471614838, 12.1842975616, 110.09552002, 27.1893138885, -6.49540948868, 27.2045841217, 1.51324498653], [14.4454288483, 11.4470949173, 4.1551322937, -2.87803554535, 15.1435232162, 16.5671768188, 29.1230068207, 14.5311555862, 27.1893138885, 71.0279693604, 17.8504886627, 10.2335758209, 2.39581894875], [-4.04296922684, 19.797498703, 11.6752166748, 10.4329586029, 6.87455797195, 18.7065105438, 9.48673439026, 13.062251091, -6.49540948868, 17.8504886627, 71.6502838135, 14.4023151398, 12.0510311127], [-49.0757255554, 28.8888378143, 12.1767082214, 26.1468830109, 41.6391983032, -0.759156644344, -7.51469421387, -4.65735530853, 27.2045841217, 10.2335758209, 14.4023151398, 93.0430831909, 32.0125236511], [-67.304397583, 10.0612316132, -3.96919202805, 16.0567703247, 13.8330087662, 9.43150234222, 8.72360992432, 17.8775444031, 1.51324498653, 2.39581894875, 12.0510311127, 32.0125236511, 75.4367752075]],
