{
"lowlevel": {
    "average_loudness": 0.956652164459,
    "barkbands_crest": {
        "dmean": 3.07465267181,
        "dmean2": 5.19727373123,
        "dvar": 8.53163528442,
        "dvar2": 21.8099536896,
        "max": 24.391746521,
        "mean": 9.48001384735,
        "median": 8.57882118225,
        "min": 2.18659567833,
        "var": 15.8705997467
    },
    "barkbands_flatness_db": {
        "dmean": 0.0346817262471,
        "dmean2": 0.0508596301079,
        "dvar": 0.00176950311288,
        "dvar2": 0.00324733648449,
        "max": 0.405148476362,
        "mean": 0.169728279114,
        "median": 0.161431401968,
        "min": 0.0223702229559,
        "var": 0.00749147450551
    },
    "barkbands_kurtosis": {
        "dmean": 3.00190138817,
        "dmean2": 4.8440079689,
        "dvar": 19.910867691,
        "dvar2": 48.6497116089,
        "max": 54.3307304382,
        "mean": 3.56949615479,
        "median": 1.95990657806,
        "min": -1.83525621891,
        "var": 34.1839103699
    },
    "barkbands_skewness": {
        "dmean": 0.654866099358,
        "dmean2": 1.02604591846,
        "dvar": 0.396530658007,
        "dvar2": 0.961847007275,
        "max": 6.4554605484,
        "mean": 1.34075665474,
        "median": 1.24417674541,
        "min": -1.94497537613,
        "var": 0.960364043713
    },
    "barkbands_spread": {
        "dmean": 10.4142923355,
        "dmean2": 15.3622531891,
        "dvar": 206.700531006,
        "dvar2": 415.024902344,
        "max": 96.1336746216,
        "mean": 24.9406719208,
        "median": 16.153673172,
        "min": 2.26646828651,
        "var": 431.285400391
    },
    "dissonance": {
        "dmean": 0.0278362017125,
        "dmean2": 0.0461699180305,
        "dvar": 0.000848343246616,
        "dvar2": 0.00221772608347,
        "max": 0.499688714743,
        "mean": 0.443363696337,
        "median": 0.45121216774,
        "min": 0.0219854172319,
        "var": 0.00165810796898
    },
    "dynamic_complexity": 1.99819087982,
    "erbbands_crest": {
        "dmean": 2.50778055191,
        "dmean2": 4.1664481163,
        "dvar": 5.49523210526,
        "dvar2": 14.4546957016,
        "max": 22.4064674377,
        "mean": 9.02252960205,
        "median": 8.60677337646,
        "min": 2.47996687889,
        "var": 13.354924202
    },
    "erbbands_flatness_db": {
        "dmean": 0.0317717976868,
        "dmean2": 0.0429968386889,
        "dvar": 0.00167564989533,
        "dvar2": 0.00281322444789,
        "max": 0.412459641695,
        "mean": 0.18976983428,
        "median": 0.167060852051,
        "min": 0.0498058050871,
        "var": 0.00819322746247
    },
    "erbbands_kurtosis": {
        "dmean": 1.69841432571,
        "dmean2": 2.59093642235,
        "dvar": 5.02175664902,
        "dvar2": 12.1402683258,
        "max": 30.0111618042,
        "mean": 1.77021348476,
        "median": 0.577520608902,
        "min": -1.85643434525,
        "var": 15.6207761765
    },
    "erbbands_skewness": {
        "dmean": 0.528417885303,
        "dmean2": 0.813838720322,
        "dvar": 0.27311706543,
        "dvar2": 0.608402788639,
        "max": 4.57518291473,
        "mean": 0.756404995918,
        "median": 0.707930982113,
        "min": -3.15329813957,
        "var": 1.2026143074
    },
    "erbbands_spread": {
        "dmean": 12.0842189789,
        "dmean2": 17.7831249237,
        "dvar": 227.394424438,
        "dvar2": 464.857330322,
        "max": 141.993545532,
        "mean": 35.652305603,
        "median": 27.9200229645,
        "min": 4.01028108597,
        "var": 575.124328613
    },
    "hfc": {
        "dmean": 24.2744083405,
        "dmean2": 40.6262359619,
        "dvar": 2552.19335938,
        "dvar2": 6634.85888672,
        "max": 321.702209473,
        "mean": 29.9502887726,
        "median": 12.0439090729,
        "min": 1.18150309707e-16,
        "var": 2286.80395508
    },
    "melbands_crest": {
        "dmean": 3.55031609535,
        "dmean2": 6.16827583313,
        "dvar": 9.90800380707,
        "dvar2": 28.9995098114,
        "max": 28.7819366455,
        "mean": 12.7739725113,
        "median": 11.5090780258,
        "min": 1.92770290375,
        "var": 22.0128593445
    },
    "melbands_flatness_db": {
        "dmean": 0.0432179681957,
        "dmean2": 0.0634416788816,
        "dvar": 0.0026558758691,
        "dvar2": 0.0051162536256,
        "max": 0.506859958172,
        "mean": 0.253098189831,
        "median": 0.255093067884,
        "min": 0.00607830565423,
        "var": 0.0101608494297
    },
    "melbands_kurtosis": {
        "dmean": 6.28447198868,
        "dmean2": 10.4879274368,
        "dvar": 127.290184021,
        "dvar2": 319.163543701,
        "max": 180.743469238,
        "mean": 9.81013774872,
        "median": 6.67076587677,
        "min": -1.52286374569,
        "var": 179.975265503
    },
    "melbands_skewness": {
        "dmean": 0.758174657822,
        "dmean2": 1.22821938992,
        "dvar": 0.636823117733,
        "dvar2": 1.53496778011,
        "max": 11.7848720551,
        "mean": 2.15150690079,
        "median": 2.00180196762,
        "min": -0.620654284954,
        "var": 1.71504628658
    },
    "melbands_spread": {
        "dmean": 11.9158840179,
        "dmean2": 19.6384963989,
        "dvar": 398.952758789,
        "dvar2": 980.104431152,
        "max": 226.179397583,
        "mean": 23.0962677002,
        "median": 15.8436851501,
        "min": 1.88375425339,
        "var": 488.323120117
    },
    "pitch_salience": {
        "dmean": 0.0828286260366,
        "dmean2": 0.133903846145,
        "dvar": 0.00544690620154,
        "dvar2": 0.0136777581647,
        "max": 0.918116748333,
        "mean": 0.569435834885,
        "median": 0.581238806248,
        "min": 0.117145441473,
        "var": 0.0133437160403
    },
    "silence_rate_20dB": {
        "dmean": 0,
        "dmean2": 0,
        "dvar": 0,
        "dvar2": 0,
        "max": 1,
        "mean": 1,
        "median": 1,
        "min": 1,
        "var": 0
    },
    "silence_rate_30dB": {
        "dmean": 0,
        "dmean2": 0,
        "dvar": 0,
        "dvar2": 0,
        "max": 1,
        "mean": 1,
        "median": 1,
        "min": 1,
        "var": 0
    },
    "silence_rate_60dB": {
        "dmean": 0.00103092787322,
        "dmean2": 0.00206291908398,
        "dvar": 0.00102987512946,
        "dvar2": 0.0020586992614,
        "max": 1,
        "mean": 0.00206079334021,
        "median": 0,
        "min": 0,
        "var": 0.00205659121275
    },
    "spectral_centroid": {
        "dmean": 332.804260254,
        "dmean2": 512.839416504,
        "dvar": 250880.8125,
        "dvar2": 491727.5,
        "max": 10940.1542969,
        "mean": 1180.28442383,
        "median": 879.289367676,
        "min": 367.362426758,
        "var": 532367.6875
    },
    "spectral_complexity": {
        "dmean": 4.2484536171,
        "dmean2": 6.1815366745,
        "dvar": 37.8659820557,
        "dvar2": 65.0418930054,
        "max": 61,
        "mean": 16.5852661133,
        "median": 13,
        "min": 0,
        "var": 121.377067566
    },
    "spectral_decrease": {
        "dmean": 2.0812018775e-09,
        "dmean2": 3.72491482103e-09,
        "dvar": 7.12090507153e-18,
        "dvar2": 2.13293649467e-17,
        "max": -8.10776964838e-29,
        "mean": -5.89200688239e-09,
        "median": -5.08009367906e-09,
        "min": -2.71163766996e-08,
        "var": 1.21327369819e-17
    },
    "spectral_energy": {
        "dmean": 0.00958816986531,
        "dmean2": 0.0170966666192,
        "dvar": 0.000156695765327,
        "dvar2": 0.000446757971076,
        "max": 0.105946585536,
        "mean": 0.0249543748796,
        "median": 0.0208033490926,
        "min": 1.10225774811e-20,
        "var": 0.000246312527452
    },
    "spectral_energyband_high": {
        "dmean": 0.00230378238484,
        "dmean2": 0.00389644037932,
        "dvar": 2.66185033979e-05,
        "dvar2": 6.9960631663e-05,
        "max": 0.0325960628688,
        "mean": 0.00200807186775,
        "median": 0.000158983180881,
        "min": 8.1687429755e-21,
        "var": 2.19934081542e-05
    },
    "spectral_energyband_low": {
        "dmean": 0.00460753403604,
        "dmean2": 0.00807810947299,
        "dvar": 6.85909690219e-05,
        "dvar2": 0.000203575444175,
        "max": 0.0976350605488,
        "mean": 0.00729112839326,
        "median": 0.00424401741475,
        "min": 3.73660754718e-23,
        "var": 8.54058816913e-05
    },
    "spectral_energyband_middle_high": {
        "dmean": 0.00178700056858,
        "dmean2": 0.00260348175652,
        "dvar": 1.27793264255e-05,
        "dvar2": 2.83309836959e-05,
        "max": 0.0386516153812,
        "mean": 0.00397624913603,
        "median": 0.00273474561982,
        "min": 1.74705008431e-21,
        "var": 2.40930603468e-05
    },
    "spectral_energyband_middle_low": {
        "dmean": 0.00457185786217,
        "dmean2": 0.00790167227387,
        "dvar": 2.98069844575e-05,
        "dvar2": 7.94568550191e-05,
        "max": 0.0484111122787,
        "mean": 0.0121243707836,
        "median": 0.0101883113384,
        "min": 2.28581825266e-22,
        "var": 6.7925429903e-05
    },
    "spectral_entropy": {
        "dmean": 0.333648383617,
        "dmean2": 0.46723023057,
        "dvar": 0.190829411149,
        "dvar2": 0.373443067074,
        "max": 9.81964492798,
        "mean": 7.17581415176,
        "median": 7.19385147095,
        "min": 5.26997184753,
        "var": 0.704162955284
    },
    "spectral_flux": {
        "dmean": 0.0267480518669,
        "dmean2": 0.0413037054241,
        "dvar": 0.00101389677729,
        "dvar2": 0.00191209861077,
        "max": 0.287042438984,
        "mean": 0.0847727283835,
        "median": 0.0691861733794,
        "min": 1.04988462368e-10,
        "var": 0.00227560615167
    },
    "spectral_kurtosis": {
        "dmean": 6.45134925842,
        "dmean2": 10.1107969284,
        "dvar": 96.9098129272,
        "dvar2": 253.509613037,
        "max": 119.349357605,
        "mean": 12.3212223053,
        "median": 5.39858531952,
        "min": -1.18618428707,
        "var": 260.324523926
    },
    "spectral_rms": {
        "dmean": 0.000882839667611,
        "dmean2": 0.00154907023534,
        "dvar": 9.27130145101e-07,
        "dvar2": 2.54416977441e-06,
        "max": 0.0101667363197,
        "mean": 0.00472621433437,
        "median": 0.00450510298833,
        "min": 3.27928873292e-12,
        "var": 2.00869362743e-06
    },
    "spectral_rolloff": {
        "dmean": 1267.14990234,
        "dmean2": 2149.46850586,
        "dvar": 5870054,
        "dvar2": 12946345,
        "max": 18497.0214844,
        "mean": 1882.96252441,
        "median": 839.794921875,
        "min": 86.1328125,
        "var": 6306132.5
    },
    "spectral_skewness": {
        "dmean": 0.573793768883,
        "dmean2": 0.854003846645,
        "dvar": 0.453491717577,
        "dvar2": 1.15501177311,
        "max": 8.42737388611,
        "mean": 2.24488258362,
        "median": 1.96800625324,
        "min": 0.0110314758494,
        "var": 1.50524771214
    },
    "spectral_spread": {
        "dmean": 1176632.625,
        "dmean2": 1511701.375,
        "dvar": 2.8514648064e+12,
        "dvar2": 4.4697911296e+12,
        "max": 40285156,
        "mean": 4957998.5,
        "median": 4455623.5,
        "min": 640393.8125,
        "var": 9.9589029888e+12
    },
    "spectral_strongpeak": {
        "dmean": 0.391817450523,
        "dmean2": 0.686998486519,
        "dvar": 0.229105859995,
        "dvar2": 0.556261181831,
        "max": 4.33393764496,
        "mean": 0.75859194994,
        "median": 0.472488373518,
        "min": 0,
        "var": 0.482443213463
    },
    "zerocrossingrate": {
        "dmean": 0.0211846102029,
        "dmean2": 0.0232841409743,
        "dvar": 0.00074545975076,
        "dvar2": 0.00096442271024,
        "max": 0.4951171875,
        "mean": 0.0688723102212,
        "median": 0.046875,
        "min": 0.00634765625,
        "var": 0.00257812906057
    },
    "barkbands": {
        "dmean": [0.000230415404076, 0.0039280843921, 0.000950457702857, 0.00115495559294, 0.000955951516517, 0.00231063598767, 0.000869324896485, 0.000814428029116, 0.000728267536033, 0.00045615885756, 0.000302327476675, 0.000243039132329, 0.000119393669593, 0.000180006070877, 0.000264489121037, 0.000218589120777, 0.000238475928199, 0.00022507509857, 0.00022564351093, 0.000235460654949, 0.000219596578972, 0.000188866790268, 0.000438705930719, 0.000494922802318, 0.000569355208427, 0.00029248316423, 5.32769518031e-05],
        "dmean2": [0.000384270417271, 0.00662684068084, 0.00164218735881, 0.00214581168257, 0.00165193667635, 0.00441065477207, 0.00128743483219, 0.00123597809579, 0.00111638801172, 0.000672601803672, 0.000467550766189, 0.000385050137993, 0.000188842357602, 0.000284257374005, 0.000441446056357, 0.000349291949533, 0.000383007107303, 0.000378286262276, 0.000334156909958, 0.000399694312364, 0.000350295507815, 0.000311647396302, 0.000766546698287, 0.000863613677211, 0.000997043563984, 0.00048664706992, 8.8128799689e-05],
        "dvar": [1.42493902899e-07, 6.45547625027e-05, 4.97347991768e-06, 1.01741534309e-05, 3.67068832929e-06, 7.05403317625e-06, 1.85129329111e-06, 2.29638976634e-06, 1.31617423449e-06, 6.86075736667e-07, 2.92197995577e-07, 1.84383694091e-07, 5.34192636792e-08, 1.47045668086e-07, 3.74095378675e-07, 3.00899074546e-07, 6.66216976697e-07, 2.99344151244e-07, 3.74835366301e-07, 3.82760475759e-07, 3.1027744285e-07, 1.69882738987e-07, 1.10775999929e-06, 1.44951002312e-06, 1.98311499844e-06, 4.5541878535e-07, 1.58104409564e-08],
        "dvar2": [4.07852610351e-07, 0.000182699091965, 1.32449004013e-05, 2.89064155368e-05, 1.02098756543e-05, 2.56307903328e-05, 3.78370714316e-06, 5.42684620086e-06, 3.09916981678e-06, 1.35392599532e-06, 6.79401011894e-07, 4.30682518981e-07, 1.24931688106e-07, 3.25865244122e-07, 1.0359889302e-06, 7.3623920116e-07, 1.72509771801e-06, 6.65278491851e-07, 7.5270401112e-07, 9.47189732869e-07, 7.3508516607e-07, 4.17874360892e-07, 2.93152083941e-06, 3.89617298424e-06, 5.40359860679e-06, 1.18519642456e-06, 4.12952481099e-08],
        "max": [0.00394964683801, 0.0921556428075, 0.0202630255371, 0.0311658456922, 0.0193026792258, 0.0196690447628, 0.0233484208584, 0.0310069080442, 0.016879003495, 0.0144752813503, 0.00681300461292, 0.00623276736587, 0.00325807812624, 0.00401936611161, 0.00610465370119, 0.00621532090008, 0.00980082340539, 0.00499735446647, 0.00699548982084, 0.00644256267697, 0.00536806229502, 0.00408663135022, 0.00732494471595, 0.00713627273217, 0.0104095991701, 0.00524702994153, 0.00108227820601],
        "mean": [0.000326805660734, 0.00554142799228, 0.00103851978201, 0.000963912170846, 0.00159691809677, 0.00315758050419, 0.00266226893291, 0.00196403334849, 0.00168672529981, 0.000802255002782, 0.000486242643092, 0.00043535977602, 0.000196102773771, 0.000266009476036, 0.000412585999584, 0.000313729833579, 0.000268925592536, 0.000364216364687, 0.000301576277707, 0.000274892401649, 0.000229655197472, 0.000202790412004, 0.000344772648532, 0.000382412283216, 0.000439270632342, 0.000251939432928, 4.34797693742e-05],
        "median": [0.000156164605869, 0.00310456380248, 0.000401473313104, 0.000358350313036, 0.00108829257078, 0.0024777862709, 0.00172341114376, 0.000854999991134, 0.000909918104298, 0.000286747294012, 0.000144581412314, 0.000167315913131, 6.36338227196e-05, 8.64150788402e-05, 3.75177987735e-05, 9.5815230452e-05, 2.80177882814e-05, 9.31795002543e-05, 4.56691341242e-05, 2.13199618884e-05, 1.51156664288e-05, 1.54047102114e-05, 2.0233592295e-05, 2.20195597649e-05, 2.73494624707e-05, 2.05146789085e-05, 2.27587497648e-06],
        "min": [2.88630321268e-23, 2.31273223037e-23, 2.27190086881e-24, 6.74916495007e-24, 6.62723056218e-23, 3.2414013761e-23, 3.29352141611e-23, 4.02123518822e-23, 3.75246049593e-23, 5.33201183258e-23, 4.22083498326e-23, 5.40093871195e-23, 9.67800748707e-23, 8.73809991334e-23, 9.38258538895e-23, 2.27996301148e-22, 1.56511000716e-22, 2.81529108996e-22, 5.04219746265e-22, 2.84005955533e-22, 6.01501921636e-22, 7.53590315682e-22, 6.83448590522e-22, 7.95816512703e-22, 1.52358399046e-21, 1.4562166323e-21, 2.33872575256e-21],
        "var": [1.87088730286e-07, 6.5703621658e-05, 4.02772866437e-06, 5.96792278884e-06, 3.47478112417e-06, 8.74263423611e-06, 9.22900926525e-06, 8.17987984192e-06, 4.89722015118e-06, 1.90444211512e-06, 6.46306830276e-07, 4.57013470623e-07, 1.10511003015e-07, 2.49215560189e-07, 7.25234770016e-07, 3.67740028651e-07, 6.87478006967e-07, 5.77274192892e-07, 6.39291556581e-07, 4.76231207358e-07, 3.71463698912e-07, 1.99295300263e-07, 8.33352487462e-07, 1.05313972654e-06, 1.40880433719e-06, 3.80434840963e-07, 1.28289503465e-08]
    },
    "erbbands": {
        "dmean": [0.122920632362, 0.870009958744, 0.998833119869, 2.9100446701, 3.56688690186, 2.86408257484, 4.2707901001, 29.3912353516, 10.6428508759, 14.5258398056, 18.2755661011, 16.1419677734, 12.063416481, 13.4220752716, 8.13623714447, 8.48036575317, 5.68231582642, 6.98004198074, 12.2486000061, 10.7144813538, 11.6117963791, 13.9620828629, 13.7594051361, 9.80416488647, 14.9862442017, 9.79810714722, 8.64454364777, 8.22829151154, 7.71395206451, 11.8497800827, 11.607216835, 9.79445171356, 8.40781879425, 7.84353971481, 3.26169347763, 1.27667105198, 0.61301112175, 0.119212955236, 0.00537502206862, 0.000116900373541],
        "dmean2": [0.197484180331, 1.51544928551, 1.72784507275, 5.26313066483, 6.39816379547, 4.94384908676, 7.55657148361, 56.3151702881, 17.4338874817, 21.6659698486, 27.3831272125, 25.0547332764, 17.7695274353, 19.9040050507, 13.1504421234, 13.6960868835, 8.7450504303, 10.9464254379, 19.4539413452, 15.7738332748, 17.7742900848, 21.888841629, 23.552898407, 14.1079120636, 24.4140529633, 15.4549922943, 13.9858722687, 13.1290130615, 12.5316925049, 21.0684776306, 20.0039825439, 16.9566287994, 14.7560586929, 13.9237642288, 5.58376836777, 2.14265847206, 1.05444598198, 0.190558806062, 0.00900826696306, 0.000194220468984],
        "dvar": [0.051061488688, 3.38978409767, 3.37697672844, 62.7661437988, 78.1088943481, 28.3026161194, 28.2713680267, 1163.18981934, 178.102935791, 556.469055176, 896.73236084, 802.114501953, 403.906311035, 471.218658447, 227.513397217, 263.441192627, 119.306312561, 200.207229614, 931.520751953, 458.667724609, 714.341308594, 2011.64489746, 1203.63354492, 674.819885254, 1968.53564453, 620.487792969, 520.616577148, 391.744842529, 270.19152832, 887.703735352, 785.335571289, 567.971374512, 422.328765869, 410.166259766, 63.5872497559, 9.57677173615, 2.06901168823, 0.0688856244087, 0.000175993540324, 6.62712196231e-08],
        "dvar2": [0.14348372817, 9.72433567047, 9.42863082886, 172.774612427, 221.344619751, 78.9046783447, 78.2275924683, 4308.4296875, 403.378082275, 1265.63330078, 2144.53076172, 1828.13024902, 801.713684082, 992.435852051, 587.11932373, 684.365966797, 275.732849121, 461.949432373, 2265.00097656, 974.862365723, 1649.47631836, 5019.63330078, 3087.50073242, 1363.06176758, 4921.08398438, 1334.92346191, 1248.10351562, 917.958435059, 651.233825684, 2460.01000977, 2014.25402832, 1514.35595703, 1141.01464844, 1140.2668457, 168.670196533, 24.999628067, 5.50962638855, 0.172162532806, 0.000470403290819, 1.7365299243e-07],
        "max": [2.59314846992, 20.3406410217, 16.8982162476, 78.6152191162, 74.4741668701, 60.6348381042, 53.4964065552, 236.076889038, 197.270385742, 379.449920654, 632.338195801, 483.312103271, 385.565826416, 334.976593018, 198.203384399, 217.70085144, 154.453323364, 158.427566528, 307.79196167, 268.441864014, 345.972076416, 559.616577148, 319.021118164, 342.816986084, 461.996490479, 231.823318481, 217.428848267, 193.969573975, 145.051483154, 348.480285645, 197.396209717, 171.984771729, 125.147148132, 169.023544312, 63.9373092651, 28.276058197, 10.2098073959, 2.22638463974, 0.108208276331, 0.00199143192731],
        "mean": [0.170929521322, 1.17418801785, 1.38403069973, 2.46216988564, 3.70482230186, 5.05797529221, 8.31051063538, 37.3985824585, 30.2394809723, 44.119178772, 46.4850921631, 38.2625389099, 27.0850105286, 27.0811252594, 13.9800386429, 14.5002937317, 10.1501436234, 11.2198381424, 18.9965667725, 18.2471427917, 18.1973514557, 16.9561271667, 20.327665329, 13.9985990524, 17.4461841583, 12.5473680496, 9.38923835754, 8.57984733582, 8.48035240173, 9.20244789124, 9.45650100708, 7.80430603027, 6.2894859314, 5.71482944489, 2.69637274742, 1.12540721893, 0.491246163845, 0.106655523181, 0.00433896342292, 0.000120070755656],
        "median": [0.0566674768925, 0.719576776028, 0.8347209692, 0.897363305092, 1.73045802116, 3.27043175697, 6.24693918228, 28.7597999573, 22.5397815704, 26.9988155365, 24.3624305725, 18.4979858398, 13.7297525406, 11.5651988983, 6.08283853531, 5.70354938507, 3.88028764725, 3.69479441643, 4.0358543396, 3.47092747688, 6.44930315018, 2.94620680809, 5.3010559082, 3.16844034195, 1.97699058056, 0.911916196346, 0.621890604496, 0.58764141798, 0.660640835762, 0.53514289856, 0.539606630802, 0.45256870985, 0.326540529728, 0.277236640453, 0.219185352325, 0.10300001502, 0.0336717143655, 0.007922292687, 0.000248854776146, 3.49270994775e-05],
        "min": [7.55297032027e-22, 5.04099778823e-21, 4.0418593318e-21, 1.1429959086e-20, 1.36067721097e-19, 2.69419394652e-19, 1.69102471329e-19, 2.88709634278e-19, 3.61367860965e-19, 8.65949120297e-19, 6.65923509895e-19, 6.58307141007e-19, 1.40120197825e-18, 2.30405576158e-18, 1.44686865531e-18, 2.83569404704e-18, 3.6430564461e-18, 4.15825224215e-18, 4.76301556851e-18, 8.90898169702e-18, 1.08804037325e-17, 8.93880652118e-18, 1.51881676296e-17, 2.34265970174e-17, 2.28091315055e-17, 1.33853506455e-17, 2.23216838967e-17, 2.27424375871e-17, 2.88070148184e-17, 2.33715746174e-17, 1.90232383384e-17, 1.40136968912e-17, 1.59109514314e-17, 1.67540569251e-17, 9.97610424422e-18, 4.52528344687e-18, 3.14187701873e-18, 1.22852523364e-18, 3.39852660588e-19, 3.55189901002e-20],
        "var": [0.0667870044708, 3.00237035751, 3.63817739487, 40.0690536499, 50.3118934631, 30.9855136871, 51.1968421936, 1309.90917969, 792.184814453, 2420.39038086, 3590.69702148, 3017.17773438, 1438.06323242, 1511.80786133, 394.24105835, 489.94708252, 262.796478271, 395.074188232, 1399.51916504, 1124.84277344, 1066.52404785, 2275.74951172, 1834.25598145, 1177.13110352, 2356.2109375, 985.812072754, 659.251342773, 462.341644287, 337.835876465, 603.442260742, 639.852722168, 421.195617676, 299.054840088, 270.118347168, 49.9401054382, 7.97387838364, 1.58113443851, 0.0630009993911, 0.000134618021548, 5.48684795376e-08]
    },
    "gfcc": {
        "mean": [-19.2105693817, 98.048210144, -97.8716201782, 8.05469322205, -57.3420524597, -2.22335743904, -36.5775375366, 18.7475585938, -14.4106521606, 8.6705789566, -11.9176511765, 7.35204792023, -8.96425914764],
        "cov": [[7862.79394531, -4730.31445312, 1446.47277832, 1537.36071777, -711.619567871, 1297.60961914, -301.855804443, 480.112792969, -322.356140137, 528.313232422, -436.187927246, 50.6228637695, -610.802246094], [-4730.31445312, 4852.42871094, -1499.26196289, -1010.27966309, 909.877380371, -915.599609375, 431.023895264, -421.425354004, 306.913604736, -508.949798584, 354.178771973, -85.2575073242, 555.403930664], [1446.47277832, -1499.26196289, 1601.44665527, 620.540405273, -244.037094116, 481.142883301, -33.5263557434, 435.794067383, -70.9561157227, 190.298019409, -194.929733276, 17.3290786743, -343.051635742], [1537.36071777, -1010.27966309, 620.540405273, 997.610290527, 162.821990967, 392.648406982, 0.610136151314, 187.946517944, -66.9992828369, 155.795959473, -67.2683944702, -92.8297424316, -250.098571777], [-711.619567871, 909.877380371, -244.037094116, 162.821990967, 722.619018555, 180.719009399, 149.000869751, -186.375396729, -16.7827339172, -108.729217529, 15.395277977, -85.5114059448, 99.5215911865], [1297.60961914, -915.599609375, 481.142883301, 392.648406982, 180.719009399, 687.85168457, 70.7581939697, 79.6118240356, -118.811805725, 67.8657913208, -167.338027954, -13.629743576, -94.9664382935], [-301.855804443, 431.023895264, -33.5263557434, 0.610136151314, 149.000869751, 70.7581939697, 231.302200317, 70.6753005981, 34.0493736267, -83.3134155273, 9.38142967224, -4.60225868225, 23.8623924255], [480.112792969, -421.425354004, 435.794067383, 187.946517944, -186.375396729, 79.6118240356, 70.6753005981, 369.373382568, 90.4707946777, 77.3188171387, -57.3662796021, 24.9806060791, -150.973587036], [-322.356140137, 306.913604736, -70.9561157227, -66.9992828369, -16.7827339172, -118.811805725, 34.0493736267, 90.4707946777, 248.673843384, 108.847373962, 1.87374567986, -53.9062004089, 44.3362693787], [528.313232422, -508.949798584, 190.298019409, 155.795959473, -108.729217529, 67.8657913208, -83.3134155273, 77.3188171387, 108.847373962, 287.716400146, 39.6206665039, -31.0969276428, -94.4063949585], [-436.187927246, 354.178771973, -194.929733276, -67.2683944702, 15.395277977, -167.338027954, 9.38142967224, -57.3662796021, 1.87374567986, 39.6206665039, 244.747589111, 66.2643661499, -36.1641921997], [50.6228637695, -85.2575073242, 17.3290786743, -92.8297424316, -85.5114059448, -13.629743576, -4.60225868225, 24.9806060791, -53.9062004089, -31.0969276428, 66.2643661499, 161.368469238, 15.9822835922], [-610.802246094, 555.403930664, -343.051635742, -250.098571777, 99.5215911865, -94.9664382935, 23.8623924255, -150.973587036, 44.3362693787, -94.4063949585, -36.1641921997, 15.9822835922, 278.86920166]],
        "icov": [[0.000485490949359, 4.0717975935e-05, 0.000336736091413, -0.000645764870569, 0.00068044627551, -0.000642643019091, 3.84592203773e-05, 0.000262815068709, 6.2789695221e-05, -0.000390546600102, 0.00080185738625, -0.0007044969243, 0.000496838183608], [4.0717975935e-05, 0.00149998767301, -0.000267894589342, 0.000888921262231, -0.0018075281987, 0.00131096423138, -0.000984499347396, -0.00038393214345, -0.00102636963129, 0.00152935634833, -0.00187300727703, 0.00133415858727, -0.00110112491529], [0.000336736091413, -0.000267894589342, 0.00182736141142, -0.00093795923749, 0.000929686590098, -0.00105898990296, 0.000437597249402, -0.000863865192514, 0.000812293670606, -0.00111603410915, 0.00189683190547, -0.00128425727598, 0.00129293068312], [-0.000645764870569, 0.000888921262231, -0.00093795923749, 0.00363675295375, -0.00305399321951, 0.00131990306545, -2.31175145018e-05, -0.00205624243245, 0.000575990998186, 0.000644149258733, -0.00270461686887, 0.00320770754479, -0.00105702201836], [0.00068044627551, -0.0018075281987, 0.000929686590098, -0.00305399321951, 0.00652407901362, -0.0040002563037, 0.000115846582048, 0.00295598804951, -0.000443834956968, -0.000504074560013, 0.00203594169579, -0.00160506530665, 0.00165082199965], [-0.000642643019091, 0.00131096423138, -0.00105898990296, 0.00131990306545, -0.0040002563037, 0.00674905395135, -0.004048157949, 0.00014046501019, 0.00206081662327, -0.00215513282456, 0.00183451466728, -0.000321644358337, -0.000790036981925], [3.84592203773e-05, -0.000984499347396, 0.000437597249402, -2.31175145018e-05, 0.000115846582048, -0.004048157949, 0.0109304441139, -0.00464121298864, -0.00147055706475, 0.00423899432644, -0.00390847632661, 0.00221359427087, -0.00127016881015], [0.000262815068709, -0.00038393214345, -0.000863865192514, -0.00205624243245, 0.00295598804951, 0.00014046501019, -0.00464121298864, 0.0113486787304, -0.00558733055368, -0.000145203361171, 0.00514493649825, -0.00627124635503, 0.00583324488252], [6.2789695221e-05, -0.00102636963129, 0.000812293670606, 0.000575990998186, -0.000443834956968, 0.00206081662327, -0.00147055706475, -0.00558733055368, 0.0139529081061, -0.00882307626307, 0.00270192837343, 0.00262675411068, -0.00334671931341], [-0.000390546600102, 0.00152935634833, -0.00111603410915, 0.000644149258733, -0.000504074560013, -0.00215513282456, 0.00423899432644, -0.000145203361171, -0.00882307626307, 0.0135401496664, -0.008759717457, 0.00448291935027, -0.00109823362436], [0.00080185738625, -0.00187300727703, 0.00189683190547, -0.00270461686887, 0.00203594169579, 0.00183451466728, -0.00390847632661, 0.00514493649825, 0.00270192837343, -0.008759717457, 0.0170835573226, -0.0112557159737, 0.00787786208093], [-0.0007044969243, 0.00133415858727, -0.00128425727598, 0.00320770754479, -0.00160506530665, -0.000321644358337, 0.00221359427087, -0.00627124635503, 0.00262675411068, 0.00448291935027, -0.0112557159737, 0.0163508690894, -0.00732125295326], [0.000496838183608, -0.00110112491529, 0.00129293068312, -0.00105702201836, 0.00165082199965, -0.000790036981925, -0.00127016881015, 0.00583324488252, -0.00334671931341, -0.00109823362436, 0.00787786208093, -0.00732125295326, 0.0115196825936]]
    },
    "melbands": {
        "dmean": [0.00110124854837, 0.000715911388397, 0.000511569611263, 0.000216260290472, 0.000149910498294, 0.000570323434658, 0.000179650931386, 0.000171281673829, 0.000145327794598, 0.000104543825728, 6.42359882477e-05, 5.80776468269e-05, 3.05071880575e-05, 2.87132261292e-05, 1.94426847884e-05, 1.26500153783e-05, 1.3688868421e-05, 1.99901533051e-05, 2.20315323531e-05, 1.27263192553e-05, 1.46781276271e-05, 1.47744094647e-05, 1.40635147545e-05, 1.02679969132e-05, 7.9398168964e-06, 1.00067445601e-05, 1.15551838462e-05, 5.65262098462e-06, 4.85114514959e-06, 6.17142086412e-06, 4.29067085861e-06, 4.72594456369e-06, 3.60901753993e-06, 7.91819456936e-06, 6.64853678245e-06, 5.82501843382e-06, 6.16692386757e-06, 5.27341080669e-06, 7.09508458385e-06, 6.50777656119e-06],
        "dmean2": [0.00182465009857, 0.00124791590497, 0.000917924917303, 0.000378349854145, 0.00026215222897, 0.00109059037641, 0.000284115347313, 0.000254964979831, 0.000218319037231, 0.000161397983902, 9.5223520475e-05, 8.56694969116e-05, 4.87353790959e-05, 4.51905943919e-05, 3.05357170873e-05, 1.99254373001e-05, 2.13472467294e-05, 3.08841044898e-05, 3.5695531551e-05, 2.09233003261e-05, 2.32598613366e-05, 2.34767849179e-05, 2.44823058893e-05, 1.68588449014e-05, 1.19727310448e-05, 1.69295526575e-05, 1.90641421796e-05, 8.89927287062e-06, 7.81490871304e-06, 1.06549914562e-05, 6.78026617607e-06, 7.79527272243e-06, 6.01453893978e-06, 1.42445487654e-05, 1.14207377919e-05, 9.99074109131e-06, 1.08038184408e-05, 9.16324188438e-06, 1.27955208882e-05, 1.1543889741e-05],
        "dvar": [4.69965380034e-06, 1.71129261162e-06, 1.76857997758e-06, 2.67027104428e-07, 4.23229806756e-08, 4.34716866948e-07, 5.62736204301e-08, 8.0351185261e-08, 5.0886541203e-08, 3.4293581308e-08, 1.20569190187e-08, 8.6402796029e-09, 3.04295810771e-09, 3.21011150994e-09, 1.35893185593e-09, 6.15597961495e-10, 7.60157159441e-10, 2.71286104692e-09, 2.57235344137e-09, 1.0064190592e-09, 1.35047095728e-09, 2.35847852359e-09, 1.87122406459e-09, 5.04396191481e-10, 5.3815424339e-10, 8.96351215474e-10, 1.1452856441e-09, 1.93482369015e-10, 1.51441956198e-10, 2.87827373047e-10, 1.05528245864e-10, 1.02726833984e-10, 6.49100009853e-11, 4.0526043632e-10, 2.80300754829e-10, 1.87903109738e-10, 2.42541042805e-10, 1.6301628103e-10, 3.43679834591e-10, 2.85030360425e-10],
        "dvar2": [1.31982733365e-05, 4.95280619361e-06, 4.87381566927e-06, 7.46123134832e-07, 1.2038708519e-07, 1.60041008712e-06, 1.18763423984e-07, 1.83291504641e-07, 1.19224495165e-07, 7.80604167971e-08, 2.36592327951e-08, 1.78673769113e-08, 7.9103781303e-09, 7.49059658744e-09, 3.15609227641e-09, 1.43056710922e-09, 1.80167680774e-09, 6.26026830375e-09, 6.87289425372e-09, 2.51362375359e-09, 3.21172155537e-09, 5.96298699307e-09, 4.92440221933e-09, 1.11459952379e-09, 1.2364348434e-09, 2.26257812486e-09, 2.962245782e-09, 3.8443634387e-10, 3.3564070967e-10, 7.64222185534e-10, 2.32471611405e-10, 2.54549298306e-10, 1.6387340096e-10, 1.12471187919e-09, 7.11235403905e-10, 4.85592066557e-10, 6.59138965631e-10, 4.29010743597e-10, 9.60277857232e-10, 7.91277710022e-10],
        "max": [0.025328207761, 0.0142539720982, 0.0125637240708, 0.0048937946558, 0.0020271402318, 0.0046872831881, 0.00400168122724, 0.00521253515035, 0.0041598235257, 0.00319431303069, 0.00209399545565, 0.00142225576565, 0.000620114442427, 0.000882541178726, 0.000630362774245, 0.000431769469287, 0.000338792189723, 0.000539381813724, 0.000647158245556, 0.000427581195254, 0.000476670800708, 0.000606749090366, 0.000411258399254, 0.000255207647569, 0.000307595852064, 0.000316811114317, 0.000402058241889, 0.000161657997523, 0.000122884608572, 0.000163083823281, 0.000113838541438, 9.4247792731e-05, 7.49852479203e-05, 0.000226703210501, 0.00013278638653, 9.60736069828e-05, 0.000131564345793, 8.23348964332e-05, 0.000121022720123, 0.000163189892191],
        "mean": [0.00156705116387, 0.00104926503263, 0.000467478501378, 0.000302527652821, 0.000294317782391, 0.000745548284613, 0.000543260306586, 0.000506434356794, 0.000355203985237, 0.000239732937189, 0.000134910151246, 0.000116397211968, 5.01823851664e-05, 4.7629360779e-05, 3.07621812681e-05, 2.08259643841e-05, 2.02862047445e-05, 2.80935910268e-05, 3.63726467185e-05, 1.75059303729e-05, 2.12244322029e-05, 1.71361989487e-05, 1.71167303051e-05, 1.78848804353e-05, 1.02430158222e-05, 1.15212988021e-05, 1.3095533177e-05, 7.17044031262e-06, 5.5979080571e-06, 5.81792255616e-06, 4.49604431196e-06, 5.17771559316e-06, 3.53455493496e-06, 5.87042404732e-06, 5.48455318494e-06, 4.81413917441e-06, 4.7642743084e-06, 4.06427579946e-06, 5.00912301504e-06, 4.74022408525e-06],
        "median": [0.000764029333368, 0.000721476215404, 0.000179074078915, 0.000179416878382, 0.000213210150832, 0.000572529097553, 0.000388119282434, 0.000296487327432, 0.000195425644051, 0.00011250544776, 6.35097239865e-05, 4.66954952572e-05, 1.96018336283e-05, 1.66436839208e-05, 8.5006477093e-06, 6.4869441303e-06, 6.26559858574e-06, 7.10921949576e-06, 2.93419930131e-06, 5.45465991308e-06, 6.53307915854e-06, 1.78313814558e-06, 3.06036622533e-06, 4.15055365011e-06, 2.24490440814e-06, 1.52501058892e-06, 1.1775399571e-06, 4.57676804899e-07, 3.95283024091e-07, 3.88919062289e-07, 2.88929754788e-07, 3.84334327919e-07, 2.71355474979e-07, 3.10817711124e-07, 2.97065668065e-07, 2.77410549643e-07, 2.66596401843e-07, 2.17490224941e-07, 2.4396928211e-07, 2.32273393408e-07],
        "min": [8.42123373592e-24, 3.89536162339e-24, 4.73547639935e-24, 1.66515852209e-23, 7.02846194243e-24, 6.21673550944e-24, 5.86176664032e-24, 9.66800630852e-24, 4.76460311612e-24, 4.73648022485e-24, 6.92088182534e-24, 9.1326214005e-24, 5.24496063726e-24, 4.39476619109e-24, 1.14471487627e-23, 7.42485665869e-24, 7.95296590258e-24, 7.90769554181e-24, 8.2286254573e-24, 1.25340933828e-23, 1.3948253562e-23, 8.40101523092e-24, 1.14372122708e-23, 1.50064363134e-23, 1.97541641171e-23, 1.76024986664e-23, 1.35311149594e-23, 7.62745980498e-24, 1.26531419597e-23, 1.45827974969e-23, 1.23671806704e-23, 1.60840471312e-23, 1.45527750286e-23, 1.26044700307e-23, 1.05707022089e-23, 9.59424781388e-24, 8.41913931022e-24, 1.23932754003e-23, 9.80423312052e-24, 1.57980929417e-23],
        "var": [5.32924013896e-06, 1.82712869901e-06, 1.14404713258e-06, 1.97871173668e-07, 7.1204958374e-08, 5.06452295213e-07, 2.8815367159e-07, 3.46730303136e-07, 1.99431951842e-07, 1.2682899353e-07, 4.02987545556e-08, 2.84107422033e-08, 5.33452437779e-09, 6.74785427535e-09, 3.18610626771e-09, 1.28289290302e-09, 1.40569744733e-09, 3.54650331325e-09, 6.004035491e-09, 1.29638111357e-09, 1.75557002269e-09, 2.57939780646e-09, 2.12001394218e-09, 1.26600363526e-09, 7.42453876157e-10, 1.08869313564e-09, 1.21505061568e-09, 3.34108435363e-10, 2.250082759e-10, 2.63007948753e-10, 1.32234403982e-10, 1.25595409073e-10, 6.62244217797e-11, 2.6751892368e-10, 2.32957542146e-10, 1.52954746091e-10, 1.69294092633e-10, 1.23445642597e-10, 2.19153695191e-10, 1.88778437327e-10]
    },
    "mfcc": {
        "mean": [-677.177307129, 143.549972534, 13.3420562744, 12.7869319916, -0.669585049152, -12.3063344955, -6.65776395798, 1.50731933117, 1.25002753735, 3.80046701431, 4.63744115829, 2.34166359901, 4.40712833405],
        "cov": [[7222.26660156, -4673.18847656, 1091.05078125, 475.384979248, 212.113845825, 590.343444824, 206.926040649, 51.1334953308, 136.692657471, 303.390045166, 53.4482650757, 187.7394104, 106.337623596], [-4673.18847656, 4578.32128906, -1337.88061523, -386.913391113, -159.508987427, -334.371643066, -80.0390625, 24.5996932983, 8.5202922821, -304.065917969, -174.634780884, -35.3221130371, -12.3218603134], [1091.05078125, -1337.88061523, 1395.6385498, 233.286331177, 27.2483844757, -31.4384174347, 80.0739212036, 155.832199097, 115.834793091, 155.621078491, 161.829360962, 95.955291748, 0.0459664128721], [475.384979248, -386.913391113, 233.286331177, 628.181335449, 233.011993408, 33.1934928894, 63.9022293091, 51.1210899353, -6.51855325699, 147.39855957, 175.82434082, 27.402557373, -15.3806314468], [212.113845825, -159.508987427, 27.2483844757, 233.011993408, 473.467041016, 350.029846191, 179.482971191, 32.1764221191, 10.3512039185, 93.4772644043, -3.87586760521, -114.643806458, -5.07719707489], [590.343444824, -334.371643066, -31.4384174347, 33.1934928894, 350.029846191, 534.101135254, 269.800201416, 18.5340709686, 39.2834205627, 68.5192947388, -92.3493804932, -88.8107147217, 14.6611185074], [206.926040649, -80.0390625, 80.0739212036, 63.9022293091, 179.482971191, 269.800201416, 316.143035889, 163.345214844, -18.8977336884, -17.7480983734, -4.81580257416, -61.2557449341, -37.5937309265], [51.1334953308, 24.5996932983, 155.832199097, 51.1210899353, 32.1764221191, 18.5340709686, 163.345214844, 325.169891357, 112.724311829, -74.6038665771, 18.845375061, 0.659243226051, -65.5473251343], [136.692657471, 8.5202922821, 115.834793091, -6.51855325699, 10.3512039185, 39.2834205627, -18.8977336884, 112.724311829, 360.274963379, 128.128753662, -146.017990112, 31.9899368286, 61.5347175598], [303.390045166, -304.065917969, 155.621078491, 147.39855957, 93.4772644043, 68.5192947388, -17.7480983734, -74.6038665771, 128.128753662, 322.191925049, 77.8597640991, -29.2948665619, 47.7473716736], [53.4482650757, -174.634780884, 161.829360962, 175.82434082, -3.87586760521, -92.3493804932, -4.81580257416, 18.845375061, -146.017990112, 77.8597640991, 382.501647949, 116.923957825, -78.3771820068], [187.7394104, -35.3221130371, 95.955291748, 27.402557373, -114.643806458, -88.8107147217, -61.2557449341, 0.659243226051, 31.9899368286, -29.2948665619, 116.923957825, 292.179199219, 75.4844055176], [106.337623596, -12.3218603134, 0.0459664128721, -15.3806314468, -5.07719707489, 14.6611185074, -37.5937309265, -65.5473251343, 61.5347175598, 47.7473716736, -78.3771820068, 75.4844055176, 178.217514038]],
