{
"lowlevel": {
    "average_loudness": 0.959295988083,
    "barkbands_crest": {
        "dmean": 3.12411117554,
        "dmean2": 5.15091133118,
        "dvar": 7.22547340393,
        "dvar2": 18.1914634705,
        "max": 26.0121974945,
        "mean": 13.1757459641,
        "median": 11.640007019,
        "min": 4.1836681366,
        "var": 31.6297473907
    },
    "barkbands_flatness_db": {
        "dmean": 0.0392677485943,
        "dmean2": 0.0543655343354,
        "dvar": 0.00122461398132,
        "dvar2": 0.0020429987926,
        "max": 0.678987681866,
        "mean": 0.351558417082,
        "median": 0.327705144882,
        "min": 0.0465263687074,
        "var": 0.0186561755836
    },
    "barkbands_kurtosis": {
        "dmean": 7.05500364304,
        "dmean2": 9.83422660828,
        "dvar": 90.1184997559,
        "dvar2": 149.887619019,
        "max": 112.284004211,
        "mean": 12.3156042099,
        "median": 5.22246837616,
        "min": -1.19321799278,
        "var": 312.919464111
    },
    "barkbands_skewness": {
        "dmean": 0.907930195332,
        "dmean2": 1.31273424625,
        "dvar": 0.672101140022,
        "dvar2": 1.2858607769,
        "max": 9.54076576233,
        "mean": 2.39035797119,
        "median": 1.91689300537,
        "min": -1.89382946491,
        "var": 2.98224639893
    },
    "barkbands_spread": {
        "dmean": 2.93588685989,
        "dmean2": 4.59642457962,
        "dvar": 34.6686019897,
        "dvar2": 85.7756271362,
        "max": 55.9013671875,
        "mean": 5.86933469772,
        "median": 4.10541725159,
        "min": 0.311481386423,
        "var": 45.082244873
    },
    "dissonance": {
        "dmean": 0.034317150712,
        "dmean2": 0.0570206902921,
        "dvar": 0.00108810875099,
        "dvar2": 0.00277238315903,
        "max": 0.499330073595,
        "mean": 0.415541678667,
        "median": 0.424981236458,
        "min": 0.14948540926,
        "var": 0.00237744348124
    },
    "dynamic_complexity": 3.86689972878,
    "erbbands_crest": {
        "dmean": 2.72561883926,
        "dmean2": 4.11445093155,
        "dvar": 5.61696386337,
        "dvar2": 12.4274988174,
        "max": 24.1091880798,
        "mean": 11.24193573,
        "median": 10.6545524597,
        "min": 3.17063307762,
        "var": 13.5537834167
    },
    "erbbands_flatness_db": {
        "dmean": 0.0265207067132,
        "dmean2": 0.036488905549,
        "dvar": 0.00106630416121,
        "dvar2": 0.00169112556614,
        "max": 0.519761741161,
        "mean": 0.280802607536,
        "median": 0.258048474789,
        "min": 0.0608699284494,
        "var": 0.00902415625751
    },
    "erbbands_kurtosis": {
        "dmean": 1.75051820278,
        "dmean2": 2.8423435688,
        "dvar": 5.21179771423,
        "dvar2": 13.8482561111,
        "max": 19.003944397,
        "mean": 1.74316477776,
        "median": 0.928827166557,
        "min": -1.44401609898,
        "var": 7.31736087799
    },
    "erbbands_skewness": {
        "dmean": 0.476106196642,
        "dmean2": 0.668935239315,
        "dvar": 0.224922075868,
        "dvar2": 0.516671955585,
        "max": 3.30049777031,
        "mean": 0.635633409023,
        "median": 0.53953063488,
        "min": -1.00535213947,
        "var": 0.634015381336
    },
    "erbbands_spread": {
        "dmean": 7.02564382553,
        "dmean2": 10.8590373993,
        "dvar": 180.023300171,
        "dvar2": 423.542541504,
        "max": 114.75541687,
        "mean": 17.7947216034,
        "median": 14.6644763947,
        "min": 2.72857236862,
        "var": 194.83946228
    },
    "hfc": {
        "dmean": 2.90005946159,
        "dmean2": 4.54562950134,
        "dvar": 29.9487266541,
        "dvar2": 70.4603042603,
        "max": 54.5884590149,
        "mean": 5.73137378693,
        "median": 3.66599845886,
        "min": 1.18795245887e-16,
        "var": 40.0994720459
    },
    "melbands_crest": {
        "dmean": 3.73595809937,
        "dmean2": 5.80153608322,
        "dvar": 9.85621166229,
        "dvar2": 23.6258392334,
        "max": 35.9774665833,
        "mean": 18.4859752655,
        "median": 16.7570171356,
        "min": 1.94663763046,
        "var": 49.3054733276
    },
    "melbands_flatness_db": {
        "dmean": 0.0443464592099,
        "dmean2": 0.0605998188257,
        "dvar": 0.00156764872372,
        "dvar2": 0.00255658733658,
        "max": 0.86012840271,
        "mean": 0.484720885754,
        "median": 0.461442887783,
        "min": 0.00577566353604,
        "var": 0.0256600957364
    },
    "melbands_kurtosis": {
        "dmean": 8.77918434143,
        "dmean2": 12.2647838593,
        "dvar": 108.609603882,
        "dvar2": 182.850875854,
        "max": 117.866439819,
        "mean": 17.1240272522,
        "median": 9.04430961609,
        "min": -1.27531480789,
        "var": 402.251251221
    },
    "melbands_skewness": {
        "dmean": 0.889288723469,
        "dmean2": 1.34038209915,
        "dvar": 0.647298514843,
        "dvar2": 1.40963423252,
        "max": 8.5024356842,
        "mean": 2.80332803726,
        "median": 2.44538497925,
        "min": -0.404402107,
        "var": 2.52930283546
    },
    "melbands_spread": {
        "dmean": 1.88218927383,
        "dmean2": 2.77406740189,
        "dvar": 11.195889473,
        "dvar2": 14.8460445404,
        "max": 132.799163818,
        "mean": 5.54748630524,
        "median": 4.26210975647,
        "min": 0.352634191513,
        "var": 28.069814682
    },
    "pitch_salience": {
        "dmean": 0.0871375948191,
        "dmean2": 0.139953166246,
        "dvar": 0.00732203200459,
        "dvar2": 0.016099723056,
        "max": 0.834516406059,
        "mean": 0.448730140924,
        "median": 0.480846732855,
        "min": 0.0827358290553,
        "var": 0.0247403550893
    },
    "silence_rate_20dB": {
        "dmean": 0.00103145954199,
        "dmean2": 0.00154798757285,
        "dvar": 0.00103039562237,
        "dvar2": 0.00154559139628,
        "max": 1,
        "mean": 0.998969078064,
        "median": 1,
        "min": 0,
        "var": 0.00102986500133
    },
    "silence_rate_30dB": {
        "dmean": 0.0752965435386,
        "dmean2": 0.150154799223,
        "dvar": 0.0696266591549,
        "dvar2": 0.154443025589,
        "max": 1,
        "mean": 0.915979385376,
        "median": 1,
        "min": 0,
        "var": 0.0769612789154
    },
    "silence_rate_60dB": {
        "dmean": 0.00979886576533,
        "dmean2": 0.0196078438312,
        "dvar": 0.00970232021064,
        "dvar2": 0.0274800658226,
        "max": 1,
        "mean": 0.00618556700647,
        "median": 0,
        "min": 0,
        "var": 0.00614719232544
    },
    "spectral_centroid": {
        "dmean": 80.525177002,
        "dmean2": 112.411529541,
        "dvar": 71647.09375,
        "dvar2": 79263.8828125,
        "max": 11636.3398438,
        "mean": 391.944396973,
        "median": 351.441986084,
        "min": 114.244125366,
        "var": 99543.3203125
    },
    "spectral_complexity": {
        "dmean": 1.16451776028,
        "dmean2": 1.97162020206,
        "dvar": 1.68463873863,
        "dvar2": 3.66844439507,
        "max": 36,
        "mean": 7.73092794418,
        "median": 7,
        "min": 0,
        "var": 10.3791246414
    },
    "spectral_decrease": {
        "dmean": 4.28060742408e-09,
        "dmean2": 6.6350041017e-09,
        "dvar": 7.70037917047e-17,
        "dvar2": 1.57771731652e-16,
        "max": 4.00915419845e-30,
        "mean": -9.74328795422e-09,
        "median": -4.28455670942e-09,
        "min": -1.62566678341e-07,
        "var": 1.57502904571e-16
    },
    "spectral_energy": {
        "dmean": 0.0163727924228,
        "dmean2": 0.0253864824772,
        "dvar": 0.00112585921306,
        "dvar2": 0.00231124134734,
        "max": 0.616171121597,
        "mean": 0.0372932478786,
        "median": 0.0166852250695,
        "min": 1.07599379431e-20,
        "var": 0.00228920695372
    },
    "spectral_energyband_high": {
        "dmean": 5.05971474922e-05,
        "dmean2": 8.84882465471e-05,
        "dvar": 3.04062091061e-08,
        "dvar2": 8.06974824741e-08,
        "max": 0.00123268435709,
        "mean": 3.50360787706e-05,
        "median": 8.75909847764e-07,
        "min": 7.82109528147e-21,
        "var": 2.11836610475e-08
    },
    "spectral_energyband_low": {
        "dmean": 0.012178898789,
        "dmean2": 0.0171696413308,
        "dvar": 0.00043537793681,
        "dvar2": 0.000836948864162,
        "max": 0.470766454935,
        "mean": 0.0281731057912,
        "median": 0.0103990854695,
        "min": 6.52703323653e-23,
        "var": 0.00132875086274
    },
    "spectral_energyband_middle_high": {
        "dmean": 0.000120668148156,
        "dmean2": 0.000186514123925,
        "dvar": 9.321677652e-08,
        "dvar2": 2.08580857475e-07,
        "max": 0.00903269182891,
        "mean": 0.000394499395043,
        "median": 8.45812974148e-05,
        "min": 1.41066192189e-21,
        "var": 5.941009249e-07
    },
    "spectral_energyband_middle_low": {
        "dmean": 0.0101815704256,
        "dmean2": 0.0175722371787,
        "dvar": 0.000821684137918,
        "dvar2": 0.00213916855864,
        "max": 0.16980856657,
        "mean": 0.0107682086527,
        "median": 0.00441811233759,
        "min": 3.10394804317e-22,
        "var": 0.000596669968218
    },
    "spectral_entropy": {
        "dmean": 0.287051916122,
        "dmean2": 0.390974938869,
        "dvar": 0.128210812807,
        "dvar2": 0.216509446502,
        "max": 9.79881954193,
        "mean": 5.92839670181,
        "median": 5.96409034729,
        "min": 3.8096883297,
        "var": 0.72880011797
    },
    "spectral_flux": {
        "dmean": 0.0376262106001,
        "dmean2": 0.0547266229987,
        "dvar": 0.00220487685874,
        "dvar2": 0.0038704900071,
        "max": 0.713222920895,
        "mean": 0.0953185409307,
        "median": 0.0647748708725,
        "min": 1.03730121714e-10,
        "var": 0.00755948619917
    },
    "spectral_kurtosis": {
        "dmean": 30.3281364441,
        "dmean2": 49.6629676819,
        "dvar": 3090.26513672,
        "dvar2": 8739.40136719,
        "max": 828.942810059,
        "mean": 96.1353988647,
        "median": 32.0901069641,
        "min": -1.23716461658,
        "var": 24392.0351562
    },
    "spectral_rms": {
        "dmean": 0.00116125692148,
        "dmean2": 0.00175637984648,
        "dvar": 2.61632590082e-06,
        "dvar2": 4.87910619995e-06,
        "max": 0.0245182085782,
        "mean": 0.00521471630782,
        "median": 0.00403463374823,
        "min": 3.23998466945e-12,
        "var": 9.19035210245e-06
    },
    "spectral_rolloff": {
        "dmean": 108.709373474,
        "dmean2": 172.64263916,
        "dvar": 185469.96875,
        "dvar2": 207256.671875,
        "max": 18690.8203125,
        "mean": 348.359375,
        "median": 322.998046875,
        "min": 21.533203125,
        "var": 232980.734375
    },
    "spectral_skewness": {
        "dmean": 1.12813055515,
        "dmean2": 1.79418039322,
        "dvar": 1.66056120396,
        "dvar2": 4.18085432053,
        "max": 22.7607936859,
        "mean": 6.11770153046,
        "median": 4.2811460495,
        "min": -0.0710237845778,
        "var": 24.7848320007
    },
    "spectral_spread": {
        "dmean": 785599.6875,
        "dmean2": 1135738.375,
        "dvar": 2.84902555648e+12,
        "dvar2": 4.53596099379e+12,
        "max": 41695244,
        "mean": 2065016.5,
        "median": 1614579.75,
        "min": 121947.804688,
        "var": 5.58362053837e+12
    },
    "spectral_strongpeak": {
        "dmean": 0.233552709222,
        "dmean2": 0.386343955994,
        "dvar": 0.0768996328115,
        "dvar2": 0.190272718668,
        "max": 2.74444937706,
        "mean": 0.449549466372,
        "median": 0.349639713764,
        "min": 0,
        "var": 0.144780933857
    },
    "zerocrossingrate": {
        "dmean": 0.00573497544974,
        "dmean2": 0.00748924678192,
        "dvar": 0.000225137628149,
        "dvar2": 0.000283077009954,
        "max": 0.5126953125,
        "mean": 0.0162690784782,
        "median": 0.01123046875,
        "min": 0.001953125,
        "var": 0.000387322099414
    },
    "barkbands": {
        "dmean": [0.00145790237002, 0.00982673838735, 0.00701966369525, 0.00639014877379, 0.00383480847813, 0.000481320574181, 0.000165813544299, 0.000179393973667, 0.000435524823843, 9.35139396461e-05, 1.86200704775e-05, 4.41804440925e-05, 2.72584547929e-05, 2.21272584895e-05, 2.19029116124e-05, 5.76512729822e-06, 1.09965149022e-05, 8.0590680227e-06, 5.33464435648e-06, 2.75497700386e-06, 3.16386376653e-06, 3.13705299959e-06, 5.56096392756e-06, 6.22795460004e-06, 1.21321627375e-05, 1.90126011148e-05, 6.59798615743e-07],
        "dmean2": [0.00204762350768, 0.0139121701941, 0.011222817935, 0.0109252817929, 0.00726127065718, 0.000751155195758, 0.000271331024123, 0.000282590917777, 0.00063038233202, 0.00014301968622, 3.0176150176e-05, 6.94070622558e-05, 4.38599563495e-05, 3.71741371055e-05, 3.56042328349e-05, 9.36415472097e-06, 1.71398678503e-05, 1.23212776089e-05, 8.642404282e-06, 4.38834285887e-06, 5.4420743254e-06, 5.30850638825e-06, 9.72682755673e-06, 1.07875994217e-05, 2.10085145227e-05, 3.45750595443e-05, 1.17518754905e-06],
        "dvar": [0.000113069974759, 0.000259026419371, 0.000283738016151, 0.000319102342473, 0.000165753881447, 5.91468506173e-07, 9.23989205148e-08, 2.11528217164e-07, 7.27983831439e-07, 7.81285223184e-08, 2.8544704378e-09, 1.62707394225e-08, 3.93470500626e-09, 2.80623524418e-09, 2.85238477282e-09, 1.74301573175e-10, 9.11175745966e-10, 9.76167702227e-10, 2.93379598393e-10, 7.83092896084e-11, 1.14565752718e-10, 1.11391673663e-10, 3.78553743907e-10, 4.58717119844e-10, 1.74626779703e-09, 4.8738053593e-09, 1.1226838903e-11],
        "dvar2": [0.000156543581397, 0.000489474623464, 0.000692450266797, 0.000815480481833, 0.000475847977214, 1.47155571995e-06, 2.63307214254e-07, 5.18047102105e-07, 1.88332035123e-06, 1.77537685886e-07, 5.97085980658e-09, 3.77304978372e-08, 9.39926803056e-09, 6.48836939732e-09, 7.03529634549e-09, 4.15465023496e-10, 2.07934403029e-09, 2.1414887641e-09, 8.33167312919e-10, 1.72385494768e-10, 2.92048912831e-10, 2.85763024355e-10, 1.00101460454e-09, 1.19058896075e-09, 4.57039828206e-09, 1.349042833e-08, 3.05897390751e-11],
        "max": [0.511651515961, 0.353882044554, 0.13074606657, 0.12161950767, 0.0803561657667, 0.0100286286324, 0.00544894160703, 0.0098103005439, 0.0137865915895, 0.00526503939182, 0.00159473298118, 0.00268324487843, 0.00100915902294, 0.00141719332896, 0.000675764516927, 0.000267574941972, 0.000860108470079, 0.000957810261752, 0.000476526154671, 0.000269003736321, 0.000179753871635, 0.000101358193206, 0.000145961777889, 0.000160635783686, 0.000307490117848, 0.000590255658608, 8.21975045255e-05],
        "mean": [0.0017775404267, 0.016621703282, 0.00772580783814, 0.00507491407916, 0.00268952012993, 0.00133459386416, 0.000407622865168, 0.000361739017535, 0.000825241033453, 0.000151724932948, 2.74025587714e-05, 8.85869376361e-05, 4.34506400779e-05, 3.64195730072e-05, 3.78744516638e-05, 9.51911351876e-06, 1.92109382624e-05, 1.49861461978e-05, 8.82342192199e-06, 3.29986596626e-06, 2.54994688476e-06, 2.32657043853e-06, 3.79185462407e-06, 4.33674995293e-06, 8.17497948447e-06, 1.17132613013e-05, 4.30379458294e-07],
        "median": [0.000592048163526, 0.00377162313089, 0.00293571618386, 0.00103618670255, 0.00045777822379, 0.00108630594332, 0.000283669505734, 0.000140871256008, 0.000551022181753, 2.43628055614e-05, 9.48628166952e-06, 5.54101006855e-06, 8.79272920429e-06, 1.3061960999e-05, 4.23155051976e-06, 1.87548425856e-06, 3.62698892786e-06, 4.11731070926e-06, 1.93869800569e-06, 2.84154793917e-07, 1.6501739708e-07, 6.83127581169e-08, 7.390402601e-08, 5.95035700712e-08, 7.36907139753e-08, 9.35386594847e-08, 1.95565363903e-09],
        "min": [4.8616702417e-23, 4.05381545915e-23, 9.58825562644e-24, 1.02976458952e-23, 2.2672480883e-23, 9.28868064897e-23, 5.78651751412e-23, 9.92993431923e-23, 2.06204138548e-23, 5.53379992779e-23, 7.04110990709e-23, 1.46832081306e-22, 1.0210168005e-22, 9.15783576161e-23, 1.88627913683e-22, 9.96855253153e-23, 1.33074044196e-22, 8.86993813435e-23, 2.27193177638e-22, 5.37335647439e-22, 3.55980412835e-22, 7.36848945468e-22, 6.55878091211e-22, 8.63270001847e-22, 9.56535827602e-22, 1.74805336392e-21, 2.41413045476e-21],
        "var": [0.000213552862988, 0.000644346117042, 0.000276905338978, 0.000240604698774, 9.36716533033e-05, 1.37561903557e-06, 1.99826388325e-07, 4.71260051427e-07, 9.80367303782e-07, 1.62518915658e-07, 4.93474061614e-09, 5.70832021651e-08, 8.56130988325e-09, 6.40769926008e-09, 6.72998279327e-09, 4.05051631125e-10, 1.97013516612e-09, 1.61608515459e-09, 5.01857999602e-10, 1.09548661809e-10, 1.08489481287e-10, 8.81686043619e-11, 2.65232974472e-10, 3.33987559831e-10, 1.23096954852e-09, 3.01435854055e-09, 7.90710292381e-12]
    },
    "erbbands": {
        "dmean": [0.304854929447, 2.36344242096, 6.45272111893, 13.8887395859, 21.9576320648, 8.40990161896, 4.46398019791, 3.4841864109, 3.78806686401, 1.3380805254, 6.19643068314, 10.1308736801, 3.23152804375, 1.74306082726, 0.676639616489, 2.2262172699, 1.32014811039, 1.23507523537, 1.23467075825, 0.602274656296, 0.465405195951, 0.399555206299, 0.393436938524, 0.403218448162, 0.166392549872, 0.146858349442, 0.163214489818, 0.0957491472363, 0.120593242347, 0.0934703871608, 0.189617440104, 0.153816387057, 0.0946288406849, 0.115545526147, 0.0973793566227, 0.0795813128352, 0.0344226509333, 0.00521279266104, 0.000118755044241, 2.10488178709e-05],
        "dmean2": [0.417230159044, 3.17648720741, 9.4746761322, 21.6496372223, 40.661365509, 15.8023376465, 7.64332675934, 5.4806060791, 5.8307261467, 2.32675504684, 9.66483974457, 14.1509809494, 5.08315706253, 2.63152194023, 1.08570206165, 3.48990774155, 2.07760572433, 2.09544420242, 1.96451818943, 0.992835342884, 0.729502677917, 0.602218747139, 0.592287480831, 0.64659011364, 0.263259589672, 0.237734243274, 0.278992712498, 0.1608530581, 0.206428125501, 0.159845724702, 0.336233615875, 0.266438126564, 0.163329690695, 0.197214916348, 0.17148193717, 0.143549233675, 0.0623786002398, 0.00943984929472, 0.000212765837205, 3.35100958182e-05],
        "dvar": [0.27304905653, 14.1281242371, 192.327407837, 1228.02185059, 5008.73144531, 804.104187012, 123.49571228, 27.9702072144, 39.9159240723, 7.32710409164, 235.175933838, 303.242004395, 105.399879456, 26.8479995728, 3.79484128952, 41.8579177856, 9.62465000153, 7.28224992752, 10.3060560226, 2.19600152969, 1.06378054619, 2.06407022476, 2.31330108643, 1.46671521664, 0.33697077632, 0.201605767012, 0.274895310402, 0.124887906015, 0.167459338903, 0.103626467288, 0.456253618002, 0.276110231876, 0.107729867101, 0.159447714686, 0.117030732334, 0.0851721912622, 0.0156639441848, 0.000363119150279, 1.82487724487e-07, 1.44569778371e-09],
        "dvar2": [0.475982457399, 25.7583217621, 431.90234375, 2710.4921875, 14077.03125, 2300.74902344, 334.334197998, 69.8525085449, 108.662773132, 20.24335289, 585.48223877, 740.635375977, 260.233459473, 48.535282135, 8.35621166229, 96.6557312012, 22.6751098633, 18.392742157, 23.9830226898, 6.03818464279, 2.54743170738, 4.54755830765, 5.08973026276, 3.90920877457, 0.881719172001, 0.459540337324, 0.710865139961, 0.29665979743, 0.434212207794, 0.26435315609, 1.22619974613, 0.712103545666, 0.279540002346, 0.414860844612, 0.312912970781, 0.23430223763, 0.0431686714292, 0.000997054157779, 5.00092994571e-07, 2.93706925447e-09],
        "max": [13.5872278214, 65.1355743408, 107.849723816, 304.472595215, 445.838562012, 188.627548218, 111.827468872, 90.4836425781, 127.209274292, 41.5323524475, 286.655639648, 267.272674561, 194.240524292, 104.987831116, 54.9500846863, 139.821121216, 49.8358688354, 56.8629302979, 54.2227363586, 30.927986145, 15.6075057983, 52.0077095032, 46.9070663452, 37.2495040894, 16.8661231995, 11.0142946243, 5.58926343918, 10.1408576965, 3.79219031334, 2.71492528915, 5.06404829025, 3.76530051231, 2.51616311073, 3.12586593628, 2.42449164391, 2.67276716232, 0.939597249031, 0.148411244154, 0.00544395111501, 0.000720695825294],
        "mean": [0.559691786766, 3.43193984032, 7.69533443451, 15.1436748505, 14.6377687454, 6.22935724258, 6.18281888962, 9.962018013, 11.4654846191, 2.85161852837, 14.3103132248, 20.2749652863, 5.16765975952, 3.02537631989, 1.36156272888, 4.63239145279, 2.39728498459, 2.15794491768, 2.13886475563, 1.02458834648, 0.855640590191, 0.787838757038, 0.783568322659, 0.715499818325, 0.274039804935, 0.178979218006, 0.141311526299, 0.0808947905898, 0.0887527316809, 0.0690111368895, 0.125726416707, 0.106889858842, 0.0659891441464, 0.0795280411839, 0.063509888947, 0.0497435629368, 0.0213283039629, 0.00324006774463, 8.71025840752e-05, 4.28443672718e-05],
        "median": [0.137742102146, 0.689775943756, 2.59079504013, 4.81921291351, 2.41403770447, 1.09349989891, 1.79351854324, 8.60548591614, 9.44763374329, 1.49062466621, 7.60606479645, 13.9723243713, 1.74603438377, 0.376034021378, 0.395255982876, 0.365881562233, 0.483758628368, 0.815809607506, 0.247002929449, 0.225974828005, 0.213163718581, 0.181009352207, 0.193028211594, 0.178750753403, 0.0379772186279, 0.0156678371131, 0.0108016123995, 0.00365018984303, 0.00273698195815, 0.00172626692802, 0.00226189801469, 0.00154982146341, 0.00089803955052, 0.00082971266238, 0.000546054274309, 0.000423340301495, 0.000167423539096, 2.13394596358e-05, 1.1016897588e-05, 2.1373582058e-05],
        "min": [1.42143798904e-21, 8.32946966151e-21, 9.32111058195e-21, 2.08841116529e-20, 7.67267080681e-20, 6.04804090861e-20, 2.69230021991e-19, 8.02789279337e-19, 8.9368562361e-19, 1.63760978373e-18, 1.61279384836e-18, 5.31873101366e-19, 1.51776310029e-18, 1.82721984605e-18, 3.68254025828e-18, 6.3568689454e-18, 5.09691736253e-18, 6.06532748414e-18, 9.49778457347e-18, 6.2683461442e-18, 6.57308279058e-18, 5.97612184534e-18, 4.69356507069e-18, 7.40405064957e-18, 1.59691766747e-17, 1.97532136485e-17, 1.99401680474e-17, 2.08752494078e-17, 2.68719151109e-17, 1.86212004366e-17, 1.8050349861e-17, 1.839883609e-17, 1.38558410518e-17, 8.9552450815e-18, 8.41719635308e-18, 7.48388102331e-18, 3.05928117341e-18, 1.23861880167e-18, 3.50774391505e-19, 3.35461611081e-20],
        "var": [0.732362568378, 33.5194511414, 250.403244019, 1252.11425781, 2978.83862305, 462.987792969, 174.54309082, 59.7417144775, 97.631690979, 14.2773151398, 488.278167725, 488.896484375, 180.591201782, 68.8255004883, 8.98953914642, 151.179244995, 24.81690979, 16.9798240662, 23.5533370972, 4.40171289444, 2.7879524231, 3.85679030418, 4.13065671921, 2.90925550461, 0.577741384506, 0.269701212645, 0.229204654694, 0.15740981698, 0.130192697048, 0.0822557657957, 0.30564263463, 0.200385332108, 0.0803986638784, 0.114738024771, 0.0786422565579, 0.0535457022488, 0.00978880282491, 0.000230562131037, 1.20929072978e-07, 2.81243317524e-09]
    },
    "gfcc": {
        "mean": [-166.254455566, 200.046707153, -53.8957519531, 0.827907204628, -28.1704406738, -8.18374061584, -21.6013336182, 15.4461774826, -4.67926454544, 1.09996604919, -7.42676544189, -12.4919013977, -11.9294128418],
        "cov": [[9378.18261719, -3438.12792969, -3732.71826172, 1102.07568359, 188.732223511, 417.418518066, -685.886901855, 191.859939575, -885.260559082, 266.789093018, -230.268997192, 505.119537354, -220.949127197], [-3438.12792969, 2722.18041992, 966.834350586, -486.984832764, 485.797119141, -364.798339844, 571.924133301, -288.95916748, 410.181427002, -325.052734375, 263.054504395, -388.576477051, 220.700134277], [-3732.71826172, 966.834350586, 2534.23339844, -399.321136475, -349.633483887, -48.1771087646, 193.688476562, -36.3371734619, 397.284362793, -70.3753509521, -32.1286468506, -164.96295166, 32.8386688232], [1102.07568359, -486.984832764, -399.321136475, 287.084320068, 124.162231445, 58.7709465027, -54.5157279968, 50.0584449768, -69.4756851196, 38.0384216309, -20.798330307, 46.8047561646, -39.2151947021], [188.732223511, 485.797119141, -349.633483887, 124.162231445, 552.211975098, -53.4609107971, 193.313415527, -15.1883010864, 77.4524078369, -74.0854263306, 126.143180847, -87.6413650513, 39.874382019], [417.418518066, -364.798339844, -48.1771087646, 58.7709465027, -53.4609107971, 103.582328796, -59.102191925, 62.1735305786, -31.9352703094, 52.8692054749, -36.1615524292, 54.1236686707, -32.6513671875], [-685.886901855, 571.924133301, 193.688476562, -54.5157279968, 193.313415527, -59.102191925, 229.086853027, -36.917881012, 129.759414673, -58.6916351318, 98.0722885132, -76.9129638672, 72.9221343994], [191.859939575, -288.95916748, -36.3371734619, 50.0584449768, -15.1883010864, 62.1735305786, -36.917881012, 147.374023438, 33.1323509216, 78.2363891602, 7.3996052742, 68.757194519, -23.5654754639], [-885.260559082, 410.181427002, 397.284362793, -69.4756851196, 77.4524078369, -31.9352703094, 129.759414673, 33.1323509216, 184.853713989, 5.21729850769, 76.6038665771, -38.2464942932, 48.5485038757], [266.789093018, -325.052734375, -70.3753509521, 38.0384216309, -74.0854263306, 52.8692054749, -58.6916351318, 78.2363891602, 5.21729850769, 116.894454956, 17.3280467987, 78.5022506714, -13.1806745529], [-230.268997192, 263.054504395, -32.1286468506, -20.798330307, 126.143180847, -36.1615524292, 98.0722885132, 7.3996052742, 76.6038665771, 17.3280467987, 119.991241455, 7.05568313599, 50.994808197], [505.119537354, -388.576477051, -164.96295166, 46.8047561646, -87.6413650513, 54.1236686707, -76.9129638672, 68.757194519, -38.2464942932, 78.5022506714, 7.05568313599, 115.820770264, -2.20510864258], [-220.949127197, 220.700134277, 32.8386688232, -39.2151947021, 39.874382019, -32.6513671875, 72.9221343994, -23.5654754639, 48.5485038757, -13.1806745529, 50.994808197, -2.20510864258, 66.3050994873]],
        "icov": [[0.000670760287903, 0.000133011242724, 0.000526524963789, -0.000988294370472, -0.000298991333693, -0.000870379502885, 0.000120429787785, 0.000440306233941, 0.000860977568664, 2.66907463811e-05, 0.000560822838452, -0.00110570096876, -0.00037079807953], [0.000133011242724, 0.00478178914636, 5.25443756487e-05, 0.00406266469508, -0.00136786350049, 0.00298761832528, -0.000188934092876, 0.00193899287842, -0.00414536288008, 0.00482805306092, -0.00460089789703, 0.00578552437946, -0.00217975745909], [0.000526524963789, 5.25443756487e-05, 0.00176560960244, -0.000491447804961, 0.00110143248457, -0.00159667839762, -0.000392086047214, 0.00160914263688, -0.00359926442616, 0.00124383741058, 0.00126666668802, -0.00111645006109, 0.00184033636469], [-0.000988294370472, 0.00406266469508, -0.000491447804961, 0.0122513500974, -0.00412318110466, 0.00352087942883, -0.00095252355095, 0.00163915089797, -0.00477065518498, 0.00168512796517, -0.000473845662782, 0.00324535695836, 0.000817157328129], [-0.000298991333693, -0.00136786350049, 0.00110143248457, -0.00412318110466, 0.00768487807363, -0.00261381524615, -0.00156841718126, -0.00203534471802, -0.00188428617548, 0.00396502949297, -0.00626141112298, 0.00427802978083, 0.00279123196378], [-0.000870379502885, 0.00298761832528, -0.00159667839762, 0.00352087942883, -0.00261381524615, 0.0251545663923, -0.00526661705226, -0.00293795764446, -0.00041995535139, -0.00401273183525, 0.00645896978676, -0.00311559578404, 0.00317403697409], [0.000120429787785, -0.000188934092876, -0.000392086047214, -0.00095252355095, -0.00156841718126, -0.00526661705226, 0.0186867453158, -0.000775972905103, -0.00343911908567, 0.00507899001241, -0.00918068457395, 0.00858441181481, -0.0109426248819], [0.000440306233941, 0.00193899287842, 0.00160914263688, 0.00163915089797, -0.00203534471802, -0.00293795764446, -0.000775972905103, 0.0212145522237, -0.0145164476708, -0.000684349739458, 0.00326851056889, -0.0113823730499, 0.0109567502514], [0.000860977568664, -0.00414536288008, -0.00359926442616, -0.00477065518498, -0.00188428617548, -0.00041995535139, -0.00343911908567, -0.0145164476708, 0.0354927107692, -0.012969921343, -0.00136996398214, 0.00460613984615, -0.0121815893799], [2.66907463811e-05, 0.00482805306092, 0.00124383741058, 0.00168512796517, 0.00396502949297, -0.00401273183525, 0.00507899001241, -0.000684349739458, -0.012969921343, 0.0326553508639, -0.0173865649849, 0.000537825748324, 0.00358735956252], [0.000560822838452, -0.00460089789703, 0.00126666668802, -0.000473845662782, -0.00626141112298, 0.00645896978676, -0.00918068457395, 0.00326851056889, -0.00136996398214, -0.0173865649849, 0.04014120996, -0.0227852147073, 0.000397007621359], [-0.00110570096876, 0.00578552437946, -0.00111645006109, 0.00324535695836, 0.00427802978083, -0.00311559578404, 0.00858441181481, -0.0113823730499, 0.00460613984615, 0.000537825748324, -0.0227852147073, 0.0492383465171, -0.0221673045307], [-0.00037079807953, -0.00217975745909, 0.00184033636469, 0.000817157328129, 0.00279123196378, 0.00317403697409, -0.0109426248819, 0.0109567502514, -0.0121815893799, 0.00358735956252, 0.000397007621359, -0.0221673045307, 0.0450766198337]]
    },
    "melbands": {
        "dmean": [0.00271422346123, 0.0027771696914, 0.00264421012253, 0.00110414007213, 0.00016224871797, 8.37996558403e-05, 5.18149208801e-05, 1.57437116286e-05, 6.61083904561e-05, 5.50980439584e-05, 1.5677551346e-05, 7.69183498051e-06, 2.65939183919e-06, 4.96013262818e-06, 3.81175664188e-06, 2.07631865123e-06, 2.71724047707e-06, 1.86585134543e-06, 1.02589478956e-06, 5.98078145231e-07, 6.75568173847e-07, 4.80616222376e-07, 5.92803189647e-07, 3.13413295316e-07, 3.66062153034e-07, 1.50692201828e-07, 7.44807238107e-08, 9.87251311813e-08, 1.27789377302e-07, 5.23521563878e-08, 5.50413652434e-08, 7.5428069124e-08, 5.028361727e-08, 4.97706231783e-08, 1.19161065015e-07, 1.00069250664e-07, 9.09371991042e-08, 6.93010591135e-08, 6.11137807027e-08, 1.1244698328e-07],
        "dmean2": [0.00390193518251, 0.00371331931092, 0.00418064463884, 0.00207236479037, 0.000285791553324, 0.000129822743475, 7.94607913122e-05, 2.66684837698e-05, 0.000100953147921, 7.66544544604e-05, 2.51832825597e-05, 1.16765722851e-05, 4.31268426837e-06, 7.7310951383e-06, 5.95406572756e-06, 3.34576134264e-06, 4.60131059299e-06, 2.96206894745e-06, 1.67664336459e-06, 9.90865146377e-07, 1.05571996301e-06, 7.60405384881e-07, 8.87903240709e-07, 4.98831582263e-07, 5.90660704347e-07, 2.43501716568e-07, 1.15308871784e-07, 1.60556041351e-07, 2.19461981033e-07, 8.85651090243e-08, 9.27310495058e-08, 1.30873104354e-07, 8.43033518549e-08, 8.52018899877e-08, 2.12889730733e-07, 1.71258733417e-07, 1.59274605949e-07, 1.20668275372e-07, 1.03154377484e-07, 1.94897154415e-07],
        "dvar": [2.14888295886e-05, 2.4844039217e-05, 4.59278853668e-05, 1.3259206753e-05, 2.02873721378e-07, 1.56993120726e-08, 7.28797289185e-09, 1.05634700986e-09, 2.27706635769e-08, 9.62963753182e-09, 2.64853494691e-09, 5.43376899032e-10, 6.0659151313e-11, 2.00307548326e-10, 8.99719326819e-11, 2.33257857474e-11, 3.51364874696e-11, 2.46836214662e-11, 5.50096340007e-12, 2.21638723e-12, 2.4934965117e-12, 2.07234403249e-12, 5.20284423183e-12, 1.25435924668e-12, 1.0954281102e-12, 4.40264198796e-13, 7.19332430535e-14, 8.57765667848e-14, 1.62859241609e-13, 3.24307638036e-14, 4.47615103078e-14, 6.73724246422e-14, 2.83153915489e-14, 2.98716129957e-14, 1.85772512824e-13, 1.16348987736e-13, 9.87678566862e-14, 5.94237387162e-14, 4.33931658509e-14, 1.57905860696e-13],
        "dvar2": [3.88262160413e-05, 5.02336370118e-05, 0.000102965976112, 3.77098986064e-05, 5.62557715966e-07, 3.84502243378e-08, 1.96742444558e-08, 2.92351565179e-09, 5.89341411228e-08, 2.37559216743e-08, 6.70441258066e-09, 1.01883801396e-09, 1.2894262047e-10, 4.66429284085e-10, 2.04490688271e-10, 5.61494739593e-11, 9.09046518616e-11, 5.48906441133e-11, 1.39286603085e-11, 5.66358158288e-12, 6.07982804726e-12, 4.64982262763e-12, 1.07990474202e-11, 3.24916937973e-12, 2.91633535897e-12, 1.29554006412e-12, 1.37990869274e-13, 2.02787005937e-13, 4.2522233022e-13, 7.81432413894e-14, 1.09551799056e-13, 1.77103421988e-13, 7.09648268968e-14, 7.54989807109e-14, 5.054887715e-13, 2.98345929125e-13, 2.58792661779e-13, 1.55477152962e-13, 1.09247219561e-13, 4.18737256241e-13],
        "max": [0.116762876511, 0.045945070684, 0.04823602736, 0.0226232595742, 0.00379593088292, 0.00205318583176, 0.00171710108407, 0.000553797872271, 0.00227834354155, 0.00149684108328, 0.000956100469921, 0.000477117544506, 0.00021998869488, 0.00028775195824, 0.00018526968779, 8.26108007459e-05, 0.000117804069305, 0.000108814099804, 3.83175829484e-05, 2.51510446105e-05, 2.52228255704e-05, 4.46332305728e-05, 6.75818446325e-05, 3.5895169276e-05, 2.91585984087e-05, 1.91292110685e-05, 1.01616078609e-05, 6.18598824076e-06, 4.05316086471e-06, 3.67084567188e-06, 6.15369026491e-06, 2.81757570519e-06, 1.56048156441e-06, 1.68405370005e-06, 3.32389186042e-06, 2.51712867794e-06, 2.21345567297e-06, 2.21124923883e-06, 1.79334188033e-06, 3.15598708767e-06],
        "mean": [0.00486016459763, 0.00432173116133, 0.0026937359944, 0.000741177762393, 0.000200438531465, 0.000249248434557, 0.000159690243891, 3.10991999868e-05, 0.00014862237731, 0.000107814652438, 2.18898294406e-05, 1.2505365703e-05, 4.01383340431e-06, 9.91832621366e-06, 8.25030747365e-06, 3.55017959919e-06, 4.23765459345e-06, 3.18419756695e-06, 1.87272564744e-06, 9.29542693484e-07, 1.13831015369e-06, 8.25060567422e-07, 9.92106720332e-07, 5.8857813201e-07, 5.93428580942e-07, 2.21633214892e-07, 1.07884929434e-07, 1.14874652013e-07, 1.07506231473e-07, 4.48172343681e-08, 4.58281625981e-08, 5.41147642252e-08, 3.81475864231e-08, 3.69602446426e-08, 7.71944002054e-08, 7.04797287199e-08, 6.15483415345e-08, 4.77386059572e-08, 4.41121095207e-08, 7.54653726176e-08],
        "median": [0.0012475985568, 0.00147146719974, 0.000804822251666, 0.00010927299445, 5.51872290089e-05, 0.000214570754906, 0.000131213455461, 1.47868704516e-05, 9.06873465283e-05, 7.28082595742e-05, 4.7722569434e-06, 1.08980088953e-06, 1.33753997034e-06, 7.3346342333e-07, 1.10704252165e-06, 8.1094270854e-07, 1.56063958912e-06, 3.46635403048e-07, 2.90615275844e-07, 1.99352172103e-07, 2.79477234244e-07, 1.78382435934e-07, 1.92403462052e-07, 1.42128996572e-07, 1.49454450593e-07, 2.36967547806e-08, 1.31809629877e-08, 9.62128865467e-09, 7.55840190436e-09, 3.47558382074e-09, 1.55929447132e-09, 1.60950985872e-09, 1.04323971684e-09, 8.44739389549e-10, 1.31919564161e-09, 1.11704157035e-09, 7.96982702056e-10, 6.03776251218e-10, 5.19259746312e-10, 7.33708427347e-10],
        "min": [1.41141951866e-23, 7.5832954272e-24, 6.06947371667e-24, 4.82318866011e-24, 7.05062893386e-24, 1.9140752188e-23, 1.34076219401e-23, 2.02695979439e-23, 1.09616174974e-23, 2.9971360005e-24, 8.16641904176e-24, 7.58124359999e-24, 9.81770449819e-24, 1.70172979811e-23, 1.22828814164e-23, 1.09954272869e-23, 1.08382483293e-23, 1.27087479761e-23, 1.23197291093e-23, 7.71839495697e-24, 8.31412141335e-24, 6.93670795282e-24, 3.37018299777e-24, 5.15316957119e-24, 5.69643086092e-24, 1.03164878379e-23, 1.25489673551e-23, 1.41145375522e-23, 1.43099525979e-23, 1.06724881427e-23, 1.3214823546e-23, 1.65609908568e-23, 1.0583774423e-23, 1.07114917924e-23, 9.41055524121e-24, 1.20167710229e-23, 1.10254260894e-23, 9.68830212189e-24, 9.05591019949e-24, 6.9401387089e-24],
        "var": [5.44467948203e-05, 5.29663811903e-05, 4.47541060566e-05, 7.63983462093e-06, 2.01448301596e-07, 3.71286326128e-08, 1.88978717119e-08, 2.03820538225e-09, 4.05737097253e-08, 1.50106824748e-08, 4.30381641436e-09, 1.30956545608e-09, 1.04094281805e-10, 7.05929925626e-10, 3.57387175409e-10, 5.21148367516e-11, 7.07887568008e-11, 5.68579766602e-11, 1.45529265722e-11, 4.01538654757e-12, 5.45012212444e-12, 3.97873357524e-12, 8.49232403149e-12, 2.06600838867e-12, 2.10005428845e-12, 5.06244406204e-13, 1.27289455018e-13, 1.06105357519e-13, 1.28738315039e-13, 3.74388833737e-14, 5.58960192856e-14, 5.12157048542e-14, 2.26118731757e-14, 2.43104418974e-14, 1.20849673584e-13, 8.58967641481e-14, 6.92386144079e-14, 4.38916244116e-14, 3.37577019018e-14, 1.08920983127e-13]
    },
    "mfcc": {
        "mean": [-820.625793457, 227.209182739, 38.7057571411, 30.616153717, 17.3370933533, -8.28876876831, -0.722724318504, 5.02285385132, 4.98138093948, 12.4260730743, 14.405087471, 6.8857049942, -4.6599407196],
        "cov": [[6169.09667969, -889.788635254, -3150.09985352, -403.591949463, 144.265411377, 153.011489868, 279.952758789, -87.1416625977, -289.094573975, -303.021575928, -319.042877197, -108.86088562, 59.101978302], [-889.788635254, 1352.62402344, -274.569946289, 165.008544922, 199.756500244, 51.9115447998, 139.460678101, 93.5386962891, 28.7308349609, 62.7559013367, 80.6418991089, -20.3025093079, -37.0014762878], [-3150.09985352, -274.569946289, 2656.15771484, 220.254364014, -243.752746582, -60.5057792664, -254.537780762, 0.204438313842, 187.797622681, 106.792297363, 105.179725647, 79.1124801636, -28.2391700745], [-403.591949463, 165.008544922, 220.254364014, 140.724807739, 16.4735965729, 19.7953052521, 18.8349761963, 12.8532180786, 32.1197929382, 22.0517272949, 26.5264148712, 15.4971837997, 8.09037017822], [144.265411377, 199.756500244, -243.752746582, 16.4735965729, 236.560836792, 68.0545043945, 58.2122802734, 62.9219932556, 12.6056203842, 23.3274345398, 53.0796546936, 38.5791282654, -4.7673740387], [153.011489868, 51.9115447998, -60.5057792664, 19.7953052521, 68.0545043945, 86.020111084, 54.7632064819, 14.1960573196, 6.0481467247, -0.930605053902, 6.35190677643, 8.85075473785, 1.3021967411], [279.952758789, 139.460678101, -254.537780762, 18.8349761963, 58.2122802734, 54.7632064819, 109.281257629, 33.4412841797, -7.31959629059, 0.199533939362, 1.3687056303, 3.63155817986, 16.4367485046], [-87.1416625977, 93.5386962891, 0.204438313842, 12.8532180786, 62.9219932556, 14.1960573196, 33.4412841797, 74.1577072144, 37.0033493042, 14.6531848907, 32.9522399902, 25.7203006744, 3.52147173882], [-289.094573975, 28.7308349609, 187.797622681, 32.1197929382, 12.6056203842, 6.0481467247, -7.31959629059, 37.0033493042, 66.2368545532, 35.501373291, 24.4596672058, 20.8596057892, -0.637949466705], [-303.021575928, 62.7559013367, 106.792297363, 22.0517272949, 23.3274345398, -0.930605053902, 0.199533939362, 14.6531848907, 35.501373291, 64.5601043701, 46.5269050598, 17.2647285461, 4.97476387024], [-319.042877197, 80.6418991089, 105.179725647, 26.5264148712, 53.0796546936, 6.35190677643, 1.3687056303, 32.9522399902, 24.4596672058, 46.5269050598, 84.2205505371, 48.9039306641, 10.9162473679], [-108.86088562, -20.3025093079, 79.1124801636, 15.4971837997, 38.5791282654, 8.85075473785, 3.63155817986, 25.7203006744, 20.8596057892, 17.2647285461, 48.9039306641, 76.152557373, 36.4576072693], [59.101978302, -37.0014762878, -28.2391700745, 8.09037017822, -4.7673740387, 1.3021967411, 16.4367485046, 3.52147173882, -0.637949466705, 4.97476387024, 10.9162473679, 36.4576072693, 54.3946647644]],
