{
"lowlevel": {
    "average_loudness": 0.978045046329,
    "barkbands_crest": {
        "dmean": 2.7664167881,
        "dmean2": 4.57188081741,
        "dvar": 7.54632043839,
        "dvar2": 19.1292800903,
        "max": 23.2133598328,
        "mean": 8.7949886322,
        "median": 7.8623008728,
        "min": 2.6249320507,
        "var": 14.8980712891
    },
    "barkbands_flatness_db": {
        "dmean": 0.0266163647175,
        "dmean2": 0.0392946526408,
        "dvar": 0.000664120598231,
        "dvar2": 0.00138198188506,
        "max": 0.383506089449,
        "mean": 0.125506535172,
        "median": 0.117328256369,
        "min": 0.0310692973435,
        "var": 0.00290127657354
    },
    "barkbands_kurtosis": {
        "dmean": 4.65918159485,
        "dmean2": 7.11115884781,
        "dvar": 64.8800506592,
        "dvar2": 146.403137207,
        "max": 143.061691284,
        "mean": 5.75053834915,
        "median": 1.90047883987,
        "min": -1.92826163769,
        "var": 135.682998657
    },
    "barkbands_skewness": {
        "dmean": 0.713202118874,
        "dmean2": 1.08331954479,
        "dvar": 0.600820958614,
        "dvar2": 1.38529396057,
        "max": 8.4019203186,
        "mean": 1.78366541862,
        "median": 1.46571516991,
        "min": -1.95268809795,
        "var": 1.7186743021
    },
    "barkbands_spread": {
        "dmean": 7.40648841858,
        "dmean2": 11.1655578613,
        "dvar": 81.3608551025,
        "dvar2": 164.285232544,
        "max": 118.352912903,
        "mean": 24.8585357666,
        "median": 23.0496196747,
        "min": 0.593780815601,
        "var": 221.423294067
    },
    "dissonance": {
        "dmean": 0.0207822993398,
        "dmean2": 0.0339514389634,
        "dvar": 0.000530721445102,
        "dvar2": 0.00128132780083,
        "max": 0.500000178814,
        "mean": 0.457312524319,
        "median": 0.464176565409,
        "min": 0.0483364574611,
        "var": 0.000950779474806
    },
    "dynamic_complexity": 2.17404937744,
    "erbbands_crest": {
        "dmean": 2.66598248482,
        "dmean2": 4.351998806,
        "dvar": 5.84307384491,
        "dvar2": 14.5285778046,
        "max": 27.7987098694,
        "mean": 8.44658184052,
        "median": 7.60716867447,
        "min": 2.63721108437,
        "var": 13.4525756836
    },
    "erbbands_flatness_db": {
        "dmean": 0.022257046774,
        "dmean2": 0.0322116836905,
        "dvar": 0.00043173666927,
        "dvar2": 0.000851072429214,
        "max": 0.33425334096,
        "mean": 0.136102974415,
        "median": 0.130200892687,
        "min": 0.051556751132,
        "var": 0.00177086389158
    },
    "erbbands_kurtosis": {
        "dmean": 0.966981589794,
        "dmean2": 1.54429709911,
        "dvar": 2.46030044556,
        "dvar2": 5.92645931244,
        "max": 21.665681839,
        "mean": 0.0525387004018,
        "median": -0.513164758682,
        "min": -1.80732119083,
        "var": 4.12998914719
    },
    "erbbands_skewness": {
        "dmean": 0.425455480814,
        "dmean2": 0.649160563946,
        "dvar": 0.168004348874,
        "dvar2": 0.392299354076,
        "max": 4.02529573441,
        "mean": 0.416220605373,
        "median": 0.351135015488,
        "min": -2.81502008438,
        "var": 0.533011496067
    },
    "erbbands_spread": {
        "dmean": 12.3952217102,
        "dmean2": 18.6429920197,
        "dvar": 200.499771118,
        "dvar2": 459.701141357,
        "max": 170.936737061,
        "mean": 48.3753929138,
        "median": 42.2656402588,
        "min": 6.04318618774,
        "var": 582.710632324
    },
    "hfc": {
        "dmean": 9.23285865784,
        "dmean2": 13.0395212173,
        "dvar": 130.988723755,
        "dvar2": 296.833953857,
        "max": 125.757499695,
        "mean": 23.1022815704,
        "median": 18.0982589722,
        "min": 1.19307158189e-16,
        "var": 317.939758301
    },
    "melbands_crest": {
        "dmean": 3.43759250641,
        "dmean2": 5.63961648941,
        "dvar": 8.96113395691,
        "dvar2": 22.1011161804,
        "max": 28.6360244751,
        "mean": 12.8663721085,
        "median": 12.2443523407,
        "min": 2.01946973801,
        "var": 20.1432437897
    },
    "melbands_flatness_db": {
        "dmean": 0.0338182076812,
        "dmean2": 0.0492594949901,
        "dvar": 0.00102843297645,
        "dvar2": 0.00214896351099,
        "max": 0.508586108685,
        "mean": 0.202103152871,
        "median": 0.193713083863,
        "min": 0.00555673846975,
        "var": 0.00504504423589
    },
    "melbands_kurtosis": {
        "dmean": 13.440032959,
        "dmean2": 21.388677597,
        "dvar": 590.025695801,
        "dvar2": 1447.93835449,
        "max": 431.1121521,
        "mean": 19.6671180725,
        "median": 8.20927810669,
        "min": -1.54486835003,
        "var": 1024.42785645
    },
    "melbands_skewness": {
        "dmean": 1.08982861042,
        "dmean2": 1.69075322151,
        "dvar": 1.69977855682,
        "dvar2": 4.13185787201,
        "max": 17.5309448242,
        "mean": 3.03534388542,
        "median": 2.41594862938,
        "min": -0.089416436851,
        "var": 4.0923075676
    },
    "melbands_spread": {
        "dmean": 8.05214118958,
        "dmean2": 12.2437286377,
        "dvar": 77.8261795044,
        "dvar2": 168.191299438,
        "max": 173.549728394,
        "mean": 22.5963306427,
        "median": 20.022436142,
        "min": 0.551253676414,
        "var": 240.2550354
    },
    "pitch_salience": {
        "dmean": 0.0796619802713,
        "dmean2": 0.127410382032,
        "dvar": 0.00499316770583,
        "dvar2": 0.0126496506855,
        "max": 0.934303879738,
        "mean": 0.554327905178,
        "median": 0.558015108109,
        "min": 0.186623722315,
        "var": 0.0108676645905
    },
    "silence_rate_20dB": {
        "dmean": 0,
        "dmean2": 0,
        "dvar": 0,
        "dvar2": 0,
        "max": 1,
        "mean": 1,
        "median": 1,
        "min": 1,
        "var": 0
    },
    "silence_rate_30dB": {
        "dmean": 0,
        "dmean2": 0,
        "dvar": 0,
        "dvar2": 0,
        "max": 1,
        "mean": 1,
        "median": 1,
        "min": 1,
        "var": 0
    },
    "silence_rate_60dB": {
        "dmean": 0.0128865977749,
        "dmean2": 0.0257864873856,
        "dvar": 0.0127204218879,
        "dvar2": 0.0323416441679,
        "max": 1,
        "mean": 0.0139103550464,
        "median": 0,
        "min": 0,
        "var": 0.013716573827
    },
    "spectral_centroid": {
        "dmean": 328.368164062,
        "dmean2": 488.755737305,
        "dvar": 119911.851562,
        "dvar2": 215189.390625,
        "max": 11114.5556641,
        "mean": 1446.0690918,
        "median": 1473.40722656,
        "min": 157.176559448,
        "var": 439581.53125
    },
    "spectral_complexity": {
        "dmean": 4.79690742493,
        "dmean2": 6.5977306366,
        "dvar": 25.789894104,
        "dvar2": 45.8129463196,
        "max": 54,
        "mean": 18.7460079193,
        "median": 18,
        "min": 0,
        "var": 92.8849029541
    },
    "spectral_decrease": {
        "dmean": 3.39992878295e-09,
        "dmean2": 5.51104095692e-09,
        "dvar": 3.16159183466e-17,
        "dvar2": 8.52574660312e-17,
        "max": 9.80011709151e-30,
        "mean": -7.14722725448e-09,
        "median": -5.70424507629e-09,
        "min": -4.93676708402e-08,
        "var": 3.0040516474e-17
    },
    "spectral_energy": {
        "dmean": 0.0134178269655,
        "dmean2": 0.0215414855629,
        "dvar": 0.000466916913865,
        "dvar2": 0.00125981331803,
        "max": 0.190668553114,
        "mean": 0.0290706977248,
        "median": 0.0237473193556,
        "min": 1.07845271793e-20,
        "var": 0.000461237155832
    },
    "spectral_energyband_high": {
        "dmean": 0.00059839268215,
        "dmean2": 0.000915765180252,
        "dvar": 1.13532951218e-06,
        "dvar2": 2.73864634437e-06,
        "max": 0.0114321932197,
        "mean": 0.00100866309367,
        "median": 0.000583342276514,
        "min": 8.07286514924e-21,
        "var": 1.68848509929e-06
    },
    "spectral_energyband_low": {
        "dmean": 0.00956436339766,
        "dmean2": 0.0167077984661,
        "dvar": 0.000453115353594,
        "dvar2": 0.00123586121481,
        "max": 0.17616070807,
        "mean": 0.0118075413629,
        "median": 0.00683732982725,
        "min": 9.40993046337e-23,
        "var": 0.000334218202624
    },
    "spectral_energyband_middle_high": {
        "dmean": 0.00220221094787,
        "dmean2": 0.00303938961588,
        "dvar": 7.29335624783e-06,
        "dvar2": 1.42180333569e-05,
        "max": 0.0433634221554,
        "mean": 0.0050541437231,
        "median": 0.00319979991764,
        "min": 1.35511026121e-21,
        "var": 2.78248335235e-05
    },
    "spectral_energyband_middle_low": {
        "dmean": 0.00500975735486,
        "dmean2": 0.00776614667848,
        "dvar": 3.35355907737e-05,
        "dvar2": 7.98524779384e-05,
        "max": 0.0547003597021,
        "mean": 0.0124691519886,
        "median": 0.0100998608395,
        "min": 3.2097288632e-22,
        "var": 7.5956377259e-05
    },
    "spectral_entropy": {
        "dmean": 0.211618304253,
        "dmean2": 0.301706463099,
        "dvar": 0.0484005026519,
        "dvar2": 0.0975688919425,
        "max": 9.79007720947,
        "mean": 7.5107254982,
        "median": 7.56290817261,
        "min": 5.7843132019,
        "var": 0.18553121388
    },
    "spectral_flux": {
        "dmean": 0.0359986759722,
        "dmean2": 0.0556083880365,
        "dvar": 0.00180252513383,
        "dvar2": 0.00377452350222,
        "max": 0.350276589394,
        "mean": 0.0977692380548,
        "median": 0.0846842005849,
        "min": 1.03848575572e-10,
        "var": 0.00301013980061
    },
    "spectral_kurtosis": {
        "dmean": 1.64093792439,
        "dmean2": 2.56353378296,
        "dvar": 4.60991621017,
        "dvar2": 10.5312643051,
        "max": 40.4087333679,
        "mean": 4.22969007492,
        "median": 3.79550266266,
        "min": -1.46092522144,
        "var": 9.27671718597
    },
    "spectral_rms": {
        "dmean": 0.0010948155541,
        "dmean2": 0.00165484170429,
        "dvar": 1.94751896743e-06,
        "dvar2": 4.9302698244e-06,
        "max": 0.0136388456449,
        "mean": 0.0050438400358,
        "median": 0.00481332698837,
        "min": 3.24368461778e-12,
        "var": 2.92128447654e-06
    },
    "spectral_rolloff": {
        "dmean": 689.129394531,
        "dmean2": 1139.71704102,
        "dvar": 1581213.125,
        "dvar2": 3285273,
        "max": 18647.7539062,
        "mean": 1540.85009766,
        "median": 1033.59375,
        "min": 86.1328125,
        "var": 2633855.5
    },
    "spectral_skewness": {
        "dmean": 0.268382996321,
        "dmean2": 0.412824302912,
        "dvar": 0.0887730121613,
        "dvar2": 0.200519487262,
        "max": 4.60935592651,
        "mean": 1.51731407642,
        "median": 1.4649759531,
        "min": -0.0751143842936,
        "var": 0.252641022205
    },
    "spectral_spread": {
        "dmean": 914586.4375,
        "dmean2": 1285048.5,
        "dvar": 1.65478085427e+12,
        "dvar2": 2.51236712448e+12,
        "max": 41172560,
        "mean": 5197613.5,
        "median": 4817799.5,
        "min": 1729048.5,
        "var": 5.1107463168e+12
    },
    "spectral_strongpeak": {
        "dmean": 0.542093396187,
        "dmean2": 0.918853282928,
        "dvar": 0.627770960331,
        "dvar2": 1.51158714294,
        "max": 7.109354496,
        "mean": 0.814945578575,
        "median": 0.373030543327,
        "min": 0,
        "var": 0.989658415318
    },
    "zerocrossingrate": {
        "dmean": 0.0132070006803,
        "dmean2": 0.015312993899,
        "dvar": 0.00033207796514,
        "dvar2": 0.000412672146922,
        "max": 0.48583984375,
        "mean": 0.0635228529572,
        "median": 0.06005859375,
        "min": 0.00341796875,
        "var": 0.00121692847461
    },
    "barkbands": {
        "dmean": [9.96090238914e-05, 0.00650277175009, 0.00337285525165, 0.00125842134003, 0.00160147342831, 0.00152366340626, 0.000593242177274, 0.00141087058, 0.0012792396592, 0.000649037770927, 0.000422047363827, 0.000404572638217, 0.000232669131947, 0.000286805297947, 0.00036270156852, 0.000249526725383, 0.00018744749832, 0.000298638420645, 0.00042559686699, 0.000241529560299, 0.000118115953228, 9.99622789095e-05, 0.000129757376271, 9.47617736529e-05, 0.00010336413834, 5.48259704374e-05, 1.49144634634e-05],
        "dmean2": [0.000172479747562, 0.0114023881033, 0.00592819182202, 0.00215729395859, 0.0026213794481, 0.00246205506846, 0.00095884402981, 0.00220530317165, 0.00190916610882, 0.000996550661512, 0.00064052635571, 0.000603062042501, 0.000374394352548, 0.000445100071374, 0.000557885854505, 0.000393567635911, 0.000299540755805, 0.000464841868961, 0.000658876087982, 0.000365125510143, 0.000193771818886, 0.000165605000802, 0.000204222669709, 0.000157114118338, 0.000158943235874, 8.33266603877e-05, 2.41557772824e-05],
        "dvar": [3.60246517062e-08, 0.000218480578042, 5.80556661589e-05, 4.95084941576e-06, 5.84628332945e-06, 5.90879199081e-06, 8.21064077172e-07, 9.19912508834e-06, 7.48365755499e-06, 2.08733763429e-06, 9.70719383986e-07, 8.53419408031e-07, 2.00712648279e-07, 2.98942268273e-07, 5.48664729649e-07, 2.49831742849e-07, 1.67597860923e-07, 2.05084219829e-07, 3.31634595341e-07, 1.42119432667e-07, 6.8938760478e-08, 5.63902098349e-08, 4.64030911473e-08, 6.96570481296e-08, 9.39577020631e-08, 3.389320824e-08, 1.25396426576e-09],
        "dvar2": [9.64458024555e-08, 0.000596758793108, 0.000163098331541, 1.35306718221e-05, 1.4679349988e-05, 1.36748376462e-05, 2.01903822017e-06, 2.11262376979e-05, 1.62296837516e-05, 4.62274238089e-06, 2.31568265008e-06, 1.79226117325e-06, 5.08319033088e-07, 6.69471546644e-07, 1.22626647681e-06, 5.85237103223e-07, 4.29284682468e-07, 5.05851517119e-07, 7.87023964222e-07, 3.38079559015e-07, 1.88300617765e-07, 1.5180320645e-07, 1.16012650153e-07, 1.78822446628e-07, 1.8452867323e-07, 7.75250939e-08, 2.93889512726e-09],
        "max": [0.00131743983366, 0.102921888232, 0.0992511361837, 0.0279139652848, 0.025282971561, 0.0331079810858, 0.0134538440034, 0.0438462011516, 0.0340279750526, 0.0239233989269, 0.0244030095637, 0.0265222378075, 0.00605938816443, 0.0105534931645, 0.0101877907291, 0.00913459807634, 0.00681786285713, 0.00586670683697, 0.00626570917666, 0.00445719435811, 0.00264825858176, 0.00269514415413, 0.00362174282782, 0.00541870854795, 0.00620932877064, 0.00317015894689, 0.000372179056285],
        "mean": [0.000104576145532, 0.00683741411194, 0.00386111019179, 0.00171392050106, 0.00255859736353, 0.00253982190043, 0.000922988867387, 0.00220658676699, 0.00195124116726, 0.000960229779594, 0.000622446008492, 0.000604202679824, 0.000322642561514, 0.000392457208363, 0.000467132718768, 0.000334619457135, 0.00026200665161, 0.000434779358329, 0.000739867857192, 0.000395818176912, 0.000158558046678, 0.000122463970911, 0.000194576379727, 0.000123491408885, 0.000149851344759, 7.35281646485e-05, 1.57715403475e-05],
        "median": [4.03481171816e-05, 0.00302203721367, 0.00235545495525, 0.00117366202176, 0.00175747438334, 0.00141487212386, 0.000562913890462, 0.000816052488517, 0.000724387937225, 0.000318058999255, 0.000145828482346, 0.000163438191521, 0.000131750130095, 0.000111592875328, 0.000118087118608, 0.00010922060028, 9.89624895738e-05, 0.000219129578909, 0.000430877233157, 0.000203952338779, 7.15926216799e-05, 4.05522878282e-05, 0.000110949578811, 6.11727664364e-05, 5.0004451623e-05, 1.88526046259e-05, 2.50937023338e-06],
        "min": [1.98168359605e-23, 3.13059229356e-23, 3.67689330101e-23, 1.20103126187e-23, 3.71467216531e-23, 3.52367190076e-23, 3.46225024404e-23, 2.77225506726e-23, 1.41085841767e-22, 7.49277884481e-23, 6.85251787712e-23, 7.11358539836e-23, 6.86717301947e-23, 3.26116896821e-23, 2.01289042859e-22, 1.9857589146e-22, 1.04951070883e-22, 1.81361684331e-22, 1.53336573946e-22, 3.87348955549e-22, 4.10818514113e-22, 8.58541380254e-22, 4.78482635429e-22, 1.16874925609e-21, 1.15013405724e-21, 1.41547546278e-21, 2.57511644251e-21],
        "var": [3.47549864443e-08, 0.000160393828992, 4.13727429986e-05, 4.52447693533e-06, 7.36854462957e-06, 1.15908624139e-05, 1.25671203932e-06, 1.54829667736e-05, 1.28752990349e-05, 4.08328060075e-06, 1.76281889708e-06, 2.15077875509e-06, 2.82180991462e-07, 5.24391623458e-07, 7.86855082424e-07, 3.92986180486e-07, 2.6537446729e-07, 3.47117946831e-07, 7.45389172607e-07, 2.81919597001e-07, 6.60441870082e-08, 5.17338030193e-08, 6.87394532406e-08, 7.75406761022e-08, 1.48180362203e-07, 4.2516319354e-08, 1.49110002123e-09]
    },
    "erbbands": {
        "dmean": [0.144110292196, 1.62372934818, 3.9363296032, 3.95063662529, 4.87347602844, 5.28128290176, 9.85619163513, 13.8484621048, 7.8627781868, 19.2721920013, 30.1223182678, 28.5646972656, 25.7585372925, 14.7013120651, 14.4441537857, 17.0631599426, 11.024769783, 15.8144922256, 16.9945144653, 13.7571973801, 11.8137702942, 9.38831233978, 13.0616350174, 23.929725647, 17.3218421936, 10.924492836, 5.59824180603, 4.41569662094, 3.70039248466, 3.35940551758, 3.88900065422, 2.76207518578, 1.16560518742, 1.21107065678, 0.766519546509, 0.29150095582, 0.0942183062434, 0.0288839545101, 0.0012081018649, 3.32840099873e-05],
        "dmean2": [0.248102530837, 2.87016797066, 6.92164945602, 6.83608913422, 8.20766162872, 8.88971233368, 15.9934883118, 22.6183662415, 13.1540813446, 29.9858856201, 46.5677108765, 43.0255317688, 39.0969810486, 21.7630023956, 21.7495975494, 25.0772438049, 17.3131504059, 24.1061115265, 26.0904159546, 20.8072910309, 18.0685958862, 14.7635030746, 20.3938064575, 37.2266578674, 26.3858642578, 16.4772167206, 8.75656414032, 7.39366912842, 6.14318561554, 5.44669389725, 6.10072278976, 4.51738595963, 1.90863227844, 1.94013345242, 1.1552952528, 0.450004696846, 0.139362663031, 0.0440483465791, 0.00193599134218, 4.99437956023e-05],
        "dvar": [0.103380993009, 13.5659618378, 77.6945037842, 53.3929519653, 97.3794250488, 59.3736801147, 278.553192139, 615.028930664, 162.026245117, 1808.41333008, 3874.99804688, 4485.85986328, 3024.64233398, 1464.69421387, 864.751281738, 1617.60229492, 413.936981201, 908.251281738, 1397.10522461, 701.716918945, 601.752807617, 314.890930176, 475.426452637, 965.37701416, 645.286315918, 303.092468262, 123.693984985, 115.660331726, 77.7969360352, 48.394569397, 37.6712760925, 49.5837974548, 9.37728309631, 10.1912794113, 7.06819629669, 1.44222557545, 0.073779322207, 0.00326335267164, 7.94498464529e-06, 2.73397970929e-09],
        "dvar2": [0.279102325439, 37.1545982361, 217.631759644, 146.15071106, 247.047592163, 163.318267822, 624.469238281, 1398.81030273, 406.17590332, 4173.95898438, 8848.88085938, 9423.06542969, 6656.95019531, 3430.08081055, 1999.82324219, 3297.12329102, 1016.17138672, 1999.45556641, 3160.27514648, 1507.34326172, 1380.83630371, 796.168762207, 1182.46386719, 2236.41259766, 1466.14782715, 730.866271973, 328.548278809, 322.082550049, 210.066741943, 129.85055542, 90.3679580688, 129.249023438, 23.4236526489, 23.378950119, 13.9710235596, 3.31786346436, 0.160291448236, 0.0070059010759, 1.85709759535e-05, 6.22548057549e-09],
        "max": [2.22728943825, 25.7575702667, 103.839637756, 86.7864151001, 89.2740783691, 70.3218460083, 212.7240448, 417.555664062, 134.262786865, 610.890075684, 1110.16223145, 936.499755859, 1007.66357422, 815.95715332, 457.531646729, 1325.17602539, 318.047546387, 607.353210449, 605.120483398, 408.073455811, 586.591552734, 217.024139404, 363.645019531, 331.128112793, 349.358917236, 254.527740479, 130.016204834, 114.481002808, 124.169303894, 77.0790023804, 112.728065491, 155.191329956, 53.5102005005, 56.7403411865, 58.3278427124, 24.8084220886, 5.41661500931, 0.575300514698, 0.0325437523425, 0.000497487199027],
        "mean": [0.148612856865, 1.70697391033, 4.577085495, 5.39062547684, 6.23582029343, 8.2893409729, 16.3690223694, 21.9974327087, 12.3673353195, 29.9945297241, 50.2835426331, 45.0603027344, 40.565486908, 23.9215717316, 22.2585391998, 26.7700557709, 17.0290184021, 22.864982605, 23.1558017731, 19.763168335, 16.7265968323, 13.8085622787, 20.3570251465, 39.9689216614, 30.7235794067, 18.3555221558, 8.50312900543, 5.44991207123, 4.50844860077, 4.58730363846, 5.87821960449, 3.64441347122, 1.51247823238, 1.66578412056, 1.08455979824, 0.37492275238, 0.12587416172, 0.0377021729946, 0.00139731145464, 6.33388990536e-05],
        "median": [0.0651574581861, 0.754375517368, 2.53714728355, 3.80758547783, 3.80796957016, 5.74448060989, 8.83055591583, 10.4681558609, 8.14427471161, 14.1981449127, 19.3347396851, 17.5390625, 16.5785121918, 6.58833408356, 6.82155036926, 8.1024055481, 8.33492565155, 7.51934957504, 6.79895067215, 6.53856229782, 6.33841562271, 5.97244787216, 10.5968885422, 24.0271625519, 16.8913288116, 9.62142181396, 4.17307758331, 2.26790070534, 1.35427010059, 2.13997769356, 3.37773871422, 1.90952932835, 0.676419138908, 0.609595775604, 0.320621430874, 0.103598080575, 0.0274047087878, 0.0109586128965, 0.000325060856994, 4.44858924311e-05],
        "min": [1.43639014699e-21, 5.33653673874e-21, 3.05531987008e-20, 5.3074496272e-20, 3.64976546248e-20, 1.80209232209e-19, 3.20808145303e-19, 2.43392104979e-19, 2.67468489178e-19, 7.60908763032e-19, 1.1649080135e-18, 3.13452483065e-18, 2.28061077468e-18, 2.66864699029e-18, 3.54679537026e-18, 2.57922008068e-18, 3.25537302302e-18, 1.77511056938e-18, 9.84390010281e-18, 8.48271815658e-18, 9.99862258203e-18, 6.86384794283e-18, 1.01753298676e-17, 8.35316761058e-18, 8.69364259533e-18, 1.8715748835e-17, 1.89568984533e-17, 1.41516755804e-17, 3.21301566811e-17, 2.02863150096e-17, 1.60252578658e-17, 2.11491934287e-17, 1.8709268702e-17, 1.03979605664e-17, 9.61472971411e-18, 5.0089119628e-18, 2.90331316699e-18, 1.56100138187e-18, 3.53397613872e-19, 3.47811902302e-20],
        "var": [0.077609911561, 9.90376091003, 56.3765487671, 43.1613311768, 86.5020294189, 74.3600616455, 544.971069336, 1272.07653809, 210.194000244, 2751.26074219, 7783.52148438, 7461.24267578, 6139.53222656, 2839.8894043, 1712.3638916, 4287.76806641, 648.79486084, 1624.91113281, 1938.01782227, 1172.23083496, 978.622924805, 468.413452148, 802.330078125, 2099.62255859, 1446.94592285, 626.13861084, 150.201873779, 95.1235122681, 72.4888687134, 50.7065162659, 62.6202125549, 56.9788818359, 10.685585022, 14.0850439072, 10.3360490799, 1.71999311447, 0.0998339802027, 0.005196926184, 9.80269578577e-06, 4.0724268402e-09]
    },
    "gfcc": {
        "mean": [20.1171150208, 83.0005264282, -97.0362472534, 32.9909324646, -57.5218048096, 7.8682847023, -34.653427124, 19.6659984589, -25.6625671387, 3.01321721077, -11.8475732803, -2.31538271904, -18.4137172699],
        "cov": [[4343.92333984, -835.187866211, -689.201416016, -119.707336426, -64.4021682739, 184.24571228, -135.169799805, 120.955627441, -100.967063904, 106.943351746, -157.224349976, 74.2344589233, -119.226623535], [-835.187866211, 1061.76623535, -125.613815308, -8.40952968597, 127.990715027, -157.958755493, 89.4399795532, -23.0080242157, 55.6314163208, -79.1884460449, 160.390991211, -113.135444641, 49.0715751648], [-689.201416016, -125.613815308, 1142.46630859, 257.049407959, 145.806549072, 149.098632812, -54.980052948, -17.5237255096, 69.1511230469, -11.9469575882, -77.2008209229, 34.0868988037, -21.9625968933], [-119.707336426, -8.40952968597, 257.049407959, 516.981384277, 54.7356987, 5.9343290329, 29.9433708191, -24.1590518951, 64.8589401245, -27.6956310272, -51.329284668, -9.36575508118, 41.4653244019], [-64.4021682739, 127.990715027, 145.806549072, 54.7356987, 265.532318115, 61.9507217407, 34.9069290161, -6.21603107452, 28.4803237915, 18.9999370575, -17.8730583191, -18.1661148071, -8.09507083893], [184.24571228, -157.958755493, 149.098632812, 5.9343290329, 61.9507217407, 275.414123535, 14.7190437317, -29.6452636719, 5.794713974, 22.5178165436, -41.1540908813, 6.66820526123, -26.3382263184], [-135.169799805, 89.4399795532, -54.980052948, 29.9433708191, 34.9069290161, 14.7190437317, 189.141952515, -7.04831457138, -18.891998291, 10.2364788055, 20.8051548004, -17.1899185181, 12.1716327667], [120.955627441, -23.0080242157, -17.5237255096, -24.1590518951, -6.21603107452, -29.6452636719, -7.04831457138, 122.85244751, 18.5794849396, -4.44991445541, 4.41378736496, -6.38128471375, -7.98201799393], [-100.967063904, 55.6314163208, 69.1511230469, 64.8589401245, 28.4803237915, 5.794713974, -18.891998291, 18.5794849396, 111.648521423, -0.927451312542, -5.15547180176, -10.4576749802, 6.00985193253], [106.943351746, -79.1884460449, -11.9469575882, -27.6956310272, 18.9999370575, 22.5178165436, 10.2364788055, -4.44991445541, -0.927451312542, 87.7321929932, -1.28815841675, 15.0686187744, -5.56417131424], [-157.224349976, 160.390991211, -77.2008209229, -51.329284668, -17.8730583191, -41.1540908813, 20.8051548004, 4.41378736496, -5.15547180176, -1.28815841675, 112.072792053, -7.16968536377, 6.32739400864], [74.2344589233, -113.135444641, 34.0868988037, -9.36575508118, -18.1661148071, 6.66820526123, -17.1899185181, -6.38128471375, -10.4576749802, 15.0686187744, -7.16968536377, 81.9600601196, 4.05709552765], [-119.226623535, 49.0715751648, -21.9625968933, 41.4653244019, -8.09507083893, -26.3382263184, 12.1716327667, -7.98201799393, 6.00985193253, -5.56417131424, 6.32739400864, 4.05709552765, 68.7951660156]],
        "icov": [[0.000386778352549, 0.000169143822859, 0.00036905152956, -0.000173411710421, -0.000134549089125, -0.000287340109935, 0.000323220301652, -0.000426366255851, 0.000279954663711, -0.000209845165955, 0.00027631392004, -0.000187463971088, 0.000483719195472], [0.000169143822859, 0.00221832608804, 0.000192053703358, 0.000238743654336, -0.00138700241223, 0.000881024054252, -0.000402213743655, 0.000789182144217, -0.000988436979242, 0.00165101245511, -0.00241855042987, 0.00184780464042, -0.000701604760252], [0.00036905152956, 0.000192053703358, 0.00155793328304, -0.00070628413232, -0.000649900641292, -0.000745110854041, 0.000714396883268, -0.000402593024774, -2.93459270324e-05, 0.000142469812999, 0.000395738577936, -0.000803400471341, 0.00091588916257], [-0.000173411710421, 0.000238743654336, -0.00070628413232, 0.00284098321572, -0.000224932329729, 0.000637307472061, -0.000981878722087, 0.000931237591431, -0.00159276952036, 0.00104784569703, 0.000652454036754, 0.000619279278908, -0.00178201647941], [-0.000134549089125, -0.00138700241223, -0.000649900641292, -0.000224932329729, 0.00545463198796, -0.00107166322414, -0.000683015037794, -0.000337698060321, -0.000259958673269, -0.00203095981851, 0.00179043714888, 4.12709705415e-05, 0.000688816246111], [-0.000287340109935, 0.000881024054252, -0.000745110854041, 0.000637307472061, -0.00107166322414, 0.00526304123923, -0.0011591167422, 0.00187231972814, -0.00106398831122, 0.000232631311519, -6.92873527441e-06, 0.000886084570084, 0.000622898165602], [0.000323220301652, -0.000402213743655, 0.000714396883268, -0.000981878722087, -0.000683015037794, -0.0011591167422, 0.00668701669201, -0.000773067062255, 0.00215186970308, -0.00144858669955, -0.000533349928446, 0.000542890920769, -0.000418103125412], [-0.000426366255851, 0.000789182144217, -0.000402593024774, 0.000931237591431, -0.000337698060321, 0.00187231972814, -0.000773067062255, 0.00983381364495, -0.00278264679946, 0.00138866587076, -0.0012313304469, 0.00139032735024, 0.000349833833752], [0.000279954663711, -0.000988436979242, -2.93459270324e-05, -0.00159276952036, -0.000259958673269, -0.00106398831122, 0.00215186970308, -0.00278264679946, 0.0116708418354, -0.00174831552431, 0.000891517032869, 0.000377554417355, -0.000265849579591], [-0.000209845165955, 0.00165101245511, 0.000142469812999, 0.00104784569703, -0.00203095981851, 0.000232631311519, -0.00144858669955, 0.00138866587076, -0.00174831552431, 0.0142427906394, -0.0020765310619, -0.00114383304026, -0.000296804239042], [0.00027631392004, -0.00241855042987, 0.000395738577936, 0.000652454036754, 0.00179043714888, -6.92873527441e-06, -0.000533349928446, -0.0012313304469, 0.000891517032869, -0.0020765310619, 0.0136334793642, -0.00183587206993, 0.000705131038558], [-0.000187463971088, 0.00184780464042, -0.000803400471341, 0.000619279278908, 4.12709705415e-05, 0.000886084570084, 0.000542890920769, 0.00139032735024, 0.000377554417355, -0.00114383304026, -0.00183587206993, 0.0157194361091, -0.00274698832072], [0.000483719195472, -0.000701604760252, 0.00091588916257, -0.00178201647941, 0.000688816246111, 0.000622898165602, -0.000418103125412, 0.000349833833752, -0.000265849579591, -0.000296804239042, 0.000705131038558, -0.00274698832072, 0.0177716128528]]
    },
    "melbands": {
        "dmean": [0.00157866359223, 0.00208432669751, 0.000710724794772, 0.000333104049787, 0.000318325211992, 0.000295707723126, 0.000119215044833, 0.000233250597375, 0.00024965807097, 0.000181629657163, 0.000124988888274, 5.80616215302e-05, 4.931179501e-05, 4.43186763732e-05, 3.76818716177e-05, 2.36893174588e-05, 3.13940508931e-05, 2.55885897786e-05, 2.54787755694e-05, 2.07681587199e-05, 1.34228248498e-05, 1.09227212306e-05, 9.82481924439e-06, 1.47742875924e-05, 2.13406401599e-05, 1.56166770466e-05, 1.02138601505e-05, 7.08362949808e-06, 3.85600606023e-06, 3.01968134409e-06, 2.56922612607e-06, 2.27699479183e-06, 1.76901698978e-06, 2.0298509753e-06, 2.41012753577e-06, 2.1008540898e-06, 1.62373169132e-06, 9.36838546295e-07, 6.14552391198e-07, 1.2654116972e-06],
        "dmean2": [0.00275358697399, 0.00364694278687, 0.00121462577954, 0.000554746424314, 0.000516125641298, 0.000481941940961, 0.000197509958525, 0.000364233303117, 0.000387068430427, 0.000274307676591, 0.000190699560335, 8.67983471835e-05, 7.39495590096e-05, 6.55384064885e-05, 5.48349125893e-05, 3.71706410078e-05, 4.84355878143e-05, 3.9632042899e-05, 3.89788510802e-05, 3.24879947584e-05, 2.07653774851e-05, 1.75772784132e-05, 1.5739344235e-05, 2.31538524531e-05, 3.33758180204e-05, 2.41420711973e-05, 1.53612691065e-05, 1.08871672637e-05, 6.02581667408e-06, 4.95131780553e-06, 4.37532889919e-06, 3.81076415579e-06, 2.97073165711e-06, 3.3104204249e-06, 3.78507047571e-06, 3.40463816428e-06, 2.71412136499e-06, 1.55423310844e-06, 9.98866994451e-07, 2.05832589018e-06],
        "dvar": [1.29685859065e-05, 2.17594188143e-05, 1.57707017934e-06, 3.06412573536e-07, 2.39904096588e-07, 2.54686710832e-07, 3.55066163138e-08, 2.8997425261e-07, 2.69537594022e-07, 1.77849074134e-07, 7.39878132094e-08, 2.37516175616e-08, 1.10046132207e-08, 9.32073263016e-09, 8.37373459461e-09, 2.72724842709e-09, 4.16117496016e-09, 3.58649199228e-09, 3.04517433491e-09, 1.8279994185e-09, 1.08141917643e-09, 4.65796290428e-10, 3.2307198583e-10, 5.89203408285e-10, 8.28813129239e-10, 5.44438827355e-10, 2.54108983855e-10, 1.49680379202e-10, 5.79502036635e-11, 4.54983169196e-11, 4.2187017768e-11, 2.86617812817e-11, 1.94345511906e-11, 1.63144463217e-11, 1.50760827433e-11, 1.46733927092e-11, 2.57033942741e-11, 6.66016417364e-12, 2.8849789311e-12, 1.08938006185e-11],
        "dvar2": [3.53348295903e-05, 6.02954096394e-05, 4.26808219345e-06, 7.82889685524e-07, 5.52026392597e-07, 5.84172653362e-07, 8.77993642234e-08, 6.63158630232e-07, 6.165648756e-07, 3.74995494212e-07, 1.62926227176e-07, 5.49816725481e-08, 2.60465800039e-08, 2.03679526578e-08, 1.70602536542e-08, 6.83615120067e-09, 9.06358010866e-09, 8.21056556077e-09, 6.97672541961e-09, 4.34362723567e-09, 2.61160315596e-09, 1.20127485737e-09, 8.22636070374e-10, 1.46914036492e-09, 1.94952587407e-09, 1.25398413875e-09, 5.9486210402e-10, 3.61504937096e-10, 1.51920337421e-10, 1.24661447831e-10, 1.18251478054e-10, 7.65462901398e-11, 5.34104531436e-11, 4.33567313995e-11, 3.60580662551e-11, 3.84483347937e-11, 6.69524019559e-11, 1.65287002835e-11, 7.58952276025e-12, 2.49937414515e-11],
        "max": [0.0246963258833, 0.0460573658347, 0.013882224448, 0.00535968970507, 0.00637635914609, 0.00806978065521, 0.00214012386277, 0.00787714496255, 0.00782825611532, 0.00615165755153, 0.004927768372, 0.00306387268938, 0.00213969452307, 0.00283916434273, 0.00270213210024, 0.000785245676525, 0.00137035921216, 0.000876991078258, 0.000909292779397, 0.00053113210015, 0.000873002107255, 0.000308816466713, 0.000248045573244, 0.000447833066573, 0.000316881691106, 0.000376391282771, 0.000188969541341, 0.000191247920156, 9.37701697694e-05, 8.17749896669e-05, 7.76927772677e-05, 7.48675956856e-05, 6.09046437603e-05, 4.47462698503e-05, 7.40386894904e-05, 6.5437889134e-05, 0.000115186659968, 4.39181021648e-05, 3.33577554557e-05, 6.07876063441e-05],
        "mean": [0.00165067473426, 0.00242582568899, 0.000974367256276, 0.000490757112857, 0.000542100635357, 0.000478148926049, 0.000190233549802, 0.000355243158992, 0.000410463399021, 0.000280387961539, 0.000192748164409, 8.99176302482e-05, 7.27096994524e-05, 6.84294645907e-05, 5.68771029066e-05, 3.31303926941e-05, 4.32575616287e-05, 3.29945833073e-05, 3.28606874973e-05, 2.70880791504e-05, 1.75674031198e-05, 1.48149920278e-05, 1.36025373649e-05, 2.27338059631e-05, 3.37606834364e-05, 2.58435156866e-05, 1.66979552887e-05, 1.11454146463e-05, 5.50359573026e-06, 4.00952831114e-06, 2.86664226223e-06, 2.66186293629e-06, 2.13770817936e-06, 2.72765191767e-06, 3.54690860149e-06, 2.91673950414e-06, 1.9734820853e-06, 1.10953635613e-06, 8.13256292531e-07, 1.63354229699e-06],
        "median": [0.000712318229489, 0.00128972937819, 0.000706361723132, 0.000328438472934, 0.000325431115925, 0.000248419964919, 0.000126721075503, 0.000163140823133, 0.000149530227645, 0.000104305196146, 7.33315682737e-05, 1.97112749447e-05, 1.9539054847e-05, 1.85340595635e-05, 2.05149644898e-05, 1.35896898428e-05, 1.16452638395e-05, 8.82849144546e-06, 8.79986509972e-06, 7.69101916376e-06, 6.25452094027e-06, 5.80488949709e-06, 6.4820087573e-06, 1.14427339213e-05, 1.8834214643e-05, 1.2992961274e-05, 8.7636481112e-06, 4.96372013004e-06, 2.32955540014e-06, 1.70020200585e-06, 1.0084729638e-06, 7.0785739581e-07, 7.84418148214e-07, 1.20569075079e-06, 1.94540530174e-06, 1.58479292622e-06, 8.43833845465e-07, 4.37129614284e-07, 3.40260356779e-07, 5.66838821214e-07],
        "min": [1.21548445583e-23, 1.39168442762e-23, 8.84659148032e-24, 6.49711126908e-24, 1.05844875533e-23, 5.42470180566e-24, 5.33250092635e-24, 8.23732185992e-24, 1.33897668624e-23, 1.92902681509e-23, 1.05271736531e-23, 1.018559767e-23, 1.05546741331e-23, 9.15186960659e-24, 7.19524133729e-24, 5.78840099841e-24, 2.17985322573e-24, 1.48039514963e-23, 1.23078354534e-23, 1.30694838128e-23, 1.09665967874e-23, 7.09162366853e-24, 8.32636926776e-24, 7.45422121703e-24, 6.94274431647e-24, 5.06922293796e-24, 1.05217707447e-23, 1.19009362653e-23, 1.0099783803e-23, 1.39776023431e-23, 5.97982401352e-24, 1.57981844496e-23, 2.06475538254e-23, 8.86049278719e-24, 9.86902384438e-24, 9.55707747688e-24, 1.42943978386e-23, 1.39050192512e-23, 1.04926609885e-23, 7.77619085119e-24],
        "var": [9.49645618675e-06, 1.59267783602e-05, 1.29979025587e-06, 3.18083891671e-07, 4.65747746148e-07, 5.16040358889e-07, 4.812180876e-08, 4.35951847066e-07, 5.48434400116e-07, 2.93980406241e-07, 1.50929935216e-07, 4.53362041242e-08, 2.01066772121e-08, 2.71468927338e-08, 1.53450088192e-08, 3.76571085425e-09, 7.26177740162e-09, 4.73635086706e-09, 4.35595426396e-09, 2.71832911736e-09, 1.51095413958e-09, 6.61185606265e-10, 4.20993878647e-10, 1.0565955888e-09, 1.67299141207e-09, 1.1813215961e-09, 4.98854457742e-10, 2.93766871939e-10, 7.58550930402e-11, 4.46462485038e-11, 3.25250382183e-11, 2.72797028023e-11, 1.65263393248e-11, 1.83423692901e-11, 2.47491749317e-11, 1.85627520299e-11, 2.76992109804e-11, 7.26670676757e-12, 3.10037715986e-12, 1.47125714389e-11]
    },
    "mfcc": {
        "mean": [-631.946166992, 118.613433838, 13.1016178131, 29.02825737, 4.13899421692, -6.61724853516, 4.61161422729, 7.6942191124, -8.12632846832, 12.4220628738, 2.10168623924, -2.93847680092, 0.669934093952],
        "cov": [[4068.08691406, -837.039550781, -772.828063965, -303.808349609, -128.846084595, -25.8052654266, -32.3684234619, 4.15660095215, -9.63694572449, 96.9184799194, -80.94896698, -30.662694931, 10.2943840027], [-837.039550781, 1008.7835083, -169.737594604, -4.75518894196, 39.7084770203, -117.967552185, 75.1575622559, -15.4129114151, -98.3996353149, 74.0606536865, 15.1715183258, 8.74994373322, 6.86782026291], [-772.828063965, -169.737594604, 878.761291504, 172.309387207, 211.715255737, 159.510406494, -39.0192947388, 51.9267959595, 87.2402496338, -74.9738693237, 52.6555519104, 20.811164856, -24.9858093262], [-303.808349609, -4.75518894196, 172.309387207, 475.995513916, 60.1388702393, 38.6845054626, -6.33305168152, 7.72852182388, 104.345252991, -79.6616210938, 53.2969894409, 35.5200195312, -35.9024047852], [-128.846084595, 39.7084770203, 211.715255737, 60.1388702393, 295.00869751, 75.5036392212, -32.016254425, 27.1164016724, 37.3697013855, 30.0699977875, 11.1624307632, 10.699005127, -9.82272529602], [-25.8052654266, -117.967552185, 159.510406494, 38.6845054626, 75.5036392212, 316.447998047, 44.6916923523, 8.12865161896, 85.7630386353, -57.3219909668, 42.6139984131, 16.7783203125, -11.0485391617], [-32.3684234619, 75.1575622559, -39.0192947388, -6.33305168152, -32.016254425, 44.6916923523, 164.860366821, 8.95460033417, -2.02144432068, 11.6495409012, 14.3173723221, -10.402545929, 4.44448232651], [4.15660095215, -15.4129114151, 51.9267959595, 7.72852182388, 27.1164016724, 8.12865161896, 8.95460033417, 107.501113892, 10.6417818069, 24.0529708862, -6.42815160751, -5.23607873917, 2.39910459518], [-9.63694572449, -98.3996353149, 87.2402496338, 104.345252991, 37.3697013855, 85.7630386353, -2.02144432068, 10.6417818069, 155.175964355, -42.9800109863, 31.1996059418, 16.9539585114, -11.1665029526], [96.9184799194, 74.0606536865, -74.9738693237, -79.6616210938, 30.0699977875, -57.3219909668, 11.6495409012, 24.0529708862, -42.9800109863, 180.379058838, -26.0750312805, -29.2299213409, 2.85632562637], [-80.94896698, 15.1715183258, 52.6555519104, 53.2969894409, 11.1624307632, 42.6139984131, 14.3173723221, -6.42815160751, 31.1996059418, -26.0750312805, 89.4201431274, 20.0688819885, -7.97511863708], [-30.662694931, 8.74994373322, 20.811164856, 35.5200195312, 10.699005127, 16.7783203125, -10.402545929, -5.23607873917, 16.9539585114, -29.2299213409, 20.0688819885, 77.3119125366, 18.7728061676], [10.2943840027, 6.86782026291, -24.9858093262, -35.9024047852, -9.82272529602, -11.0485391617, 4.44448232651, 2.39910459518, -11.1665029526, 2.85632562637, -7.97511863708, 18.7728061676, 73.3411178589]],
