{
"lowlevel": {
    "average_loudness": 0.908305823803,
    "barkbands_crest": {
        "dmean": 2.57337093353,
        "dmean2": 4.23932933807,
        "dvar": 6.66911792755,
        "dvar2": 17.0601615906,
        "max": 25.3328819275,
        "mean": 11.418803215,
        "median": 10.807970047,
        "min": 2.87869668007,
        "var": 21.0041065216
    },
    "barkbands_flatness_db": {
        "dmean": 0.0314620248973,
        "dmean2": 0.0494990050793,
        "dvar": 0.00086186057888,
        "dvar2": 0.00209815474227,
        "max": 0.369013249874,
        "mean": 0.179088696837,
        "median": 0.177293166518,
        "min": 0.0305973794311,
        "var": 0.0042773168534
    },
    "barkbands_kurtosis": {
        "dmean": 5.32015037537,
        "dmean2": 8.47536563873,
        "dvar": 88.6087799072,
        "dvar2": 207.383834839,
        "max": 120.790328979,
        "mean": 8.17709064484,
        "median": 3.36115264893,
        "min": -1.84852135181,
        "var": 187.700622559
    },
    "barkbands_skewness": {
        "dmean": 0.790857970715,
        "dmean2": 1.19901275635,
        "dvar": 0.848660111427,
        "dvar2": 1.74808394909,
        "max": 9.55235099792,
        "mean": 1.94978821278,
        "median": 1.87252020836,
        "min": -3.84771847725,
        "var": 3.35699439049
    },
    "barkbands_spread": {
        "dmean": 6.38620853424,
        "dmean2": 10.3055124283,
        "dvar": 57.5952987671,
        "dvar2": 134.0443573,
        "max": 66.8878173828,
        "mean": 21.3080024719,
        "median": 18.4258174896,
        "min": 1.02042162418,
        "var": 211.761932373
    },
    "dissonance": {
        "dmean": 0.0158420242369,
        "dmean2": 0.0257381685078,
        "dvar": 0.00028540805215,
        "dvar2": 0.000703217694536,
        "max": 0.500000059605,
        "mean": 0.461063325405,
        "median": 0.46850413084,
        "min": 0.281726628542,
        "var": 0.000863924855366
    },
    "dynamic_complexity": 4.34478235245,
    "erbbands_crest": {
        "dmean": 2.85756731033,
        "dmean2": 4.68361330032,
        "dvar": 7.70471954346,
        "dvar2": 18.9990310669,
        "max": 34.360748291,
        "mean": 10.1865653992,
        "median": 9.25287818909,
        "min": 2.68673110008,
        "var": 19.3996620178
    },
    "erbbands_flatness_db": {
        "dmean": 0.0281701907516,
        "dmean2": 0.0439372360706,
        "dvar": 0.000601171981543,
        "dvar2": 0.00126508227549,
        "max": 0.387372463942,
        "mean": 0.170859605074,
        "median": 0.166538625956,
        "min": 0.0663889721036,
        "var": 0.00244890293106
    },
    "erbbands_kurtosis": {
        "dmean": 1.32448101044,
        "dmean2": 2.06663179398,
        "dvar": 7.10638332367,
        "dvar2": 14.5594444275,
        "max": 88.9832992554,
        "mean": 0.763087570667,
        "median": -0.194142580032,
        "min": -1.79404211044,
        "var": 14.6002826691
    },
    "erbbands_skewness": {
        "dmean": 0.472313702106,
        "dmean2": 0.703984022141,
        "dvar": 0.24239307642,
        "dvar2": 0.509194076061,
        "max": 2.72294139862,
        "mean": -0.184135898948,
        "median": -0.0674286335707,
        "min": -7.90374183655,
        "var": 1.18084275723
    },
    "erbbands_spread": {
        "dmean": 11.655213356,
        "dmean2": 18.0544128418,
        "dvar": 167.848327637,
        "dvar2": 406.990447998,
        "max": 125.226081848,
        "mean": 41.7834434509,
        "median": 39.2060661316,
        "min": 1.67440950871,
        "var": 378.366333008
    },
    "hfc": {
        "dmean": 6.18238735199,
        "dmean2": 9.19746494293,
        "dvar": 179.878997803,
        "dvar2": 379.08581543,
        "max": 165.361785889,
        "mean": 12.7479343414,
        "median": 4.45748329163,
        "min": 1.18132932296e-16,
        "var": 394.493713379
    },
    "melbands_crest": {
        "dmean": 3.26195764542,
        "dmean2": 5.28651571274,
        "dvar": 10.4791965485,
        "dvar2": 26.2866535187,
        "max": 30.2997455597,
        "mean": 15.7466335297,
        "median": 15.6220312119,
        "min": 2.59225988388,
        "var": 27.1188468933
    },
    "melbands_flatness_db": {
        "dmean": 0.0359450764954,
        "dmean2": 0.0552677102387,
        "dvar": 0.00123518751934,
        "dvar2": 0.00275515718386,
        "max": 0.487778872252,
        "mean": 0.246423617005,
        "median": 0.242017403245,
        "min": 0.00450251577422,
        "var": 0.00746275344864
    },
    "melbands_kurtosis": {
        "dmean": 14.3680095673,
        "dmean2": 22.8350658417,
        "dvar": 688.36340332,
        "dvar2": 1655.7611084,
        "max": 314.471588135,
        "mean": 24.23528862,
        "median": 12.2661781311,
        "min": -1.80317699909,
        "var": 1207.79858398
    },
    "melbands_skewness": {
        "dmean": 1.10788142681,
        "dmean2": 1.68890666962,
        "dvar": 1.87518596649,
        "dvar2": 4.19128370285,
        "max": 13.21555233,
        "mean": 3.44140648842,
        "median": 3.06643009186,
        "min": -1.7333753109,
        "var": 5.42401266098
    },
    "melbands_spread": {
        "dmean": 9.18741321564,
        "dmean2": 13.9399137497,
        "dvar": 183.584136963,
        "dvar2": 356.843078613,
        "max": 137.367034912,
        "mean": 25.7494792938,
        "median": 13.8814535141,
        "min": 0.77331584692,
        "var": 644.669921875
    },
    "pitch_salience": {
        "dmean": 0.0777123719454,
        "dmean2": 0.127035319805,
        "dvar": 0.00567277660593,
        "dvar2": 0.0153641207144,
        "max": 0.829400479794,
        "mean": 0.488917678595,
        "median": 0.487777203321,
        "min": 0.103887312114,
        "var": 0.0143692828715
    },
    "silence_rate_20dB": {
        "dmean": 0,
        "dmean2": 0,
        "dvar": 0,
        "dvar2": 0,
        "max": 1,
        "mean": 1,
        "median": 1,
        "min": 1,
        "var": 0
    },
    "silence_rate_30dB": {
        "dmean": 0.00103145954199,
        "dmean2": 0.00206398358569,
        "dvar": 0.00103039632086,
        "dvar2": 0.00309171760455,
        "max": 1,
        "mean": 0.999484539032,
        "median": 1,
        "min": 0,
        "var": 0.00051519589033
    },
    "silence_rate_60dB": {
        "dmean": 0.072717897594,
        "dmean2": 0.145510837436,
        "dvar": 0.0674309805036,
        "dvar2": 0.147043228149,
        "max": 1,
        "mean": 0.205670103431,
        "median": 0,
        "min": 0,
        "var": 0.1633682549
    },
    "spectral_centroid": {
        "dmean": 297.739868164,
        "dmean2": 448.612945557,
        "dvar": 182825.59375,
        "dvar2": 287994.125,
        "max": 10959.2402344,
        "mean": 1363.0189209,
        "median": 1107.20654297,
        "min": 179.582641602,
        "var": 772483.25
    },
    "spectral_complexity": {
        "dmean": 2.88860225677,
        "dmean2": 4.4845199585,
        "dvar": 19.4479045868,
        "dvar2": 41.4373970032,
        "max": 49,
        "mean": 10.8474225998,
        "median": 8,
        "min": 0,
        "var": 66.9303283691
    },
    "spectral_decrease": {
        "dmean": 1.61373536756e-09,
        "dmean2": 2.55210519384e-09,
        "dvar": 9.29563403947e-18,
        "dvar2": 2.19057592867e-17,
        "max": 1.13008246498e-30,
        "mean": -3.16316506321e-09,
        "median": -1.94713645207e-09,
        "min": -3.53665647879e-08,
        "var": 1.40540633051e-17
    },
    "spectral_energy": {
        "dmean": 0.00655066827312,
        "dmean2": 0.010281285271,
        "dvar": 0.000146702077473,
        "dvar2": 0.000341510982253,
        "max": 0.136687666178,
        "mean": 0.0130947995931,
        "median": 0.00786001048982,
        "min": 1.07107457383e-20,
        "var": 0.000235371277086
    },
    "spectral_energyband_high": {
        "dmean": 0.000257123814663,
        "dmean2": 0.000396480929339,
        "dvar": 4.45341413524e-07,
        "dvar2": 1.09299219275e-06,
        "max": 0.00873511657119,
        "mean": 0.000368393113604,
        "median": 7.14469788363e-05,
        "min": 7.79429269092e-21,
        "var": 5.70789097765e-07
    },
    "spectral_energyband_low": {
        "dmean": 0.00300653115846,
        "dmean2": 0.00486711785197,
        "dvar": 7.55789806135e-05,
        "dvar2": 0.000187800789718,
        "max": 0.110177628696,
        "mean": 0.00501380767673,
        "median": 0.00215495727025,
        "min": 6.38920030373e-23,
        "var": 8.60371292219e-05
    },
    "spectral_energyband_middle_high": {
        "dmean": 0.00172871386167,
        "dmean2": 0.00258991424926,
        "dvar": 1.66329027707e-05,
        "dvar2": 3.57661774615e-05,
        "max": 0.0494620203972,
        "mean": 0.00338905979879,
        "median": 0.000792991544586,
        "min": 1.55699796746e-21,
        "var": 3.45543521689e-05
    },
    "spectral_energyband_middle_low": {
        "dmean": 0.00322976475582,
        "dmean2": 0.00547258369625,
        "dvar": 4.03818412451e-05,
        "dvar2": 0.000102338279248,
        "max": 0.0512507110834,
        "mean": 0.00479992991313,
        "median": 0.00272544799373,
        "min": 3.62781580285e-22,
        "var": 4.1639101255e-05
    },
    "spectral_entropy": {
        "dmean": 0.258076995611,
        "dmean2": 0.413743495941,
        "dvar": 0.067091435194,
        "dvar2": 0.16230802238,
        "max": 9.80642986298,
        "mean": 7.15039730072,
        "median": 7.14599227905,
        "min": 5.51975011826,
        "var": 0.257135301828
    },
    "spectral_flux": {
        "dmean": 0.0232509039342,
        "dmean2": 0.0368015319109,
        "dvar": 0.000988463754766,
        "dvar2": 0.00219175452366,
        "max": 0.292748898268,
        "mean": 0.0560814402997,
        "median": 0.0419805049896,
        "min": 1.03492735215e-10,
        "var": 0.0022652731277
    },
    "spectral_kurtosis": {
        "dmean": 2.98298239708,
        "dmean2": 5.15713644028,
        "dvar": 10.5997028351,
        "dvar2": 30.8657302856,
        "max": 42.8541183472,
        "mean": 6.69603252411,
        "median": 5.44645547867,
        "min": -1.21693480015,
        "var": 22.5567836761
    },
    "spectral_rms": {
        "dmean": 0.000760856783018,
        "dmean2": 0.00114453071728,
        "dvar": 1.16193734812e-06,
        "dvar2": 2.51862297773e-06,
        "max": 0.0115478923544,
        "mean": 0.00311809312552,
        "median": 0.00276915729046,
        "min": 3.23256981079e-12,
        "var": 3.05289449898e-06
    },
    "spectral_rolloff": {
        "dmean": 428.410247803,
        "dmean2": 718.063232422,
        "dvar": 668788.1875,
        "dvar2": 1233128.75,
        "max": 18540.0878906,
        "mean": 1392.72167969,
        "median": 667.529296875,
        "min": 86.1328125,
        "var": 1778486.125
    },
    "spectral_skewness": {
        "dmean": 0.351300388575,
        "dmean2": 0.588960170746,
        "dvar": 0.109901219606,
        "dvar2": 0.311044901609,
        "max": 4.48097610474,
        "mean": 1.71911895275,
        "median": 1.63533854485,
        "min": 0.00106199411675,
        "var": 0.325675725937
    },
    "spectral_spread": {
        "dmean": 1023229.8125,
        "dmean2": 1616742.875,
        "dvar": 1.7854922752e+12,
        "dvar2": 3.42361217434e+12,
        "max": 41604744,
        "mean": 4129740.75,
        "median": 3738747.75,
        "min": 1344390.625,
        "var": 3.82445551616e+12
    },
    "spectral_strongpeak": {
        "dmean": 0.735417306423,
        "dmean2": 1.21149480343,
        "dvar": 2.81932139397,
        "dvar2": 6.61034917831,
        "max": 19.578950882,
        "mean": 0.998836219311,
        "median": 0.276750952005,
        "min": 0,
        "var": 4.41740655899
    },
    "zerocrossingrate": {
        "dmean": 0.0108124455437,
        "dmean2": 0.0129757337272,
        "dvar": 0.000239396787947,
        "dvar2": 0.000291469215881,
        "max": 0.4951171875,
        "mean": 0.0554279759526,
        "median": 0.048583984375,
        "min": 0.0029296875,
        "var": 0.00132546434179
    },
    "barkbands": {
        "dmean": [6.57057353237e-06, 0.000712212873623, 0.00212100241333, 0.00110178685281, 0.00202198978513, 0.000293118180707, 0.000197374130948, 4.69038714073e-05, 0.000131715933094, 8.72059827088e-05, 4.0290538891e-05, 3.67283500964e-05, 6.44910323899e-05, 7.24130077288e-05, 0.000110014269012, 0.000489829515573, 0.000651374808513, 0.000389846944017, 0.000396200688556, 0.000125373626361, 0.000121326491353, 3.35374679707e-05, 8.15855037217e-06, 2.82123819488e-05, 2.65369963017e-05, 1.5254063328e-05, 1.77981223715e-06],
        "dmean2": [1.08878612082e-05, 0.00118043762632, 0.00347240688279, 0.00187905726489, 0.0035363114439, 0.00046522275079, 0.000244505383307, 7.26949510863e-05, 0.000194853157154, 0.000118096926599, 6.59528377582e-05, 6.33791860309e-05, 9.94529837044e-05, 0.000117855604913, 0.000167203281308, 0.000797396583948, 0.00105431978591, 0.000597776903305, 0.000590348907281, 0.000202758528758, 0.000197609289899, 5.3455496527e-05, 1.3044023035e-05, 4.57494570583e-05, 4.17932315031e-05, 2.43041540671e-05, 2.8482338621e-06],
        "dvar": [1.80998188659e-10, 3.84325267078e-06, 4.10312677559e-05, 6.58226053929e-06, 2.16516073124e-05, 2.80785059203e-07, 1.3390736342e-07, 7.32434690676e-09, 9.3295852821e-08, 2.9907315735e-08, 7.71739205874e-09, 5.13812814518e-09, 1.11647846524e-08, 4.00559230229e-08, 1.27805492411e-07, 1.79316111826e-06, 3.95899360228e-06, 9.08321396764e-07, 2.26811425819e-06, 1.44558839565e-07, 1.78219906388e-07, 9.51085876721e-09, 1.94988344915e-10, 3.32283289772e-09, 4.20513135424e-09, 9.79605729867e-10, 4.51091143605e-11],
        "dvar2": [4.38144492909e-10, 9.97764982458e-06, 0.000102461090137, 1.65331657627e-05, 5.69641597394e-05, 6.63924993205e-07, 1.86346497344e-07, 1.66073306218e-08, 1.70925702037e-07, 4.98219812073e-08, 1.79356547392e-08, 1.35680355839e-08, 2.39829258675e-08, 9.25499037407e-08, 2.38253747398e-07, 4.32042634202e-06, 9.16101271287e-06, 2.14766805584e-06, 5.09692836204e-06, 3.86893304949e-07, 4.51605444596e-07, 2.41074609164e-08, 4.49823261972e-10, 7.93097587604e-09, 9.2742400426e-09, 2.16388973406e-09, 1.05859612742e-10],
        "max": [0.000155130459461, 0.0222105681896, 0.0874572694302, 0.0331142172217, 0.0365792773664, 0.00651924824342, 0.0108267860487, 0.00221073930152, 0.007936402224, 0.00271280505694, 0.00135134730954, 0.00112203136086, 0.00131479650736, 0.00300752208568, 0.00616298709065, 0.0170790292323, 0.0406046845019, 0.0148254148662, 0.037376254797, 0.00585612654686, 0.0056166886352, 0.00245373346843, 0.000271092809271, 0.000922989682294, 0.00108411780093, 0.000632713432424, 0.000101872479718],
        "mean": [1.44743362398e-05, 0.00159145251382, 0.00294456677511, 0.00108688767068, 0.00222668424249, 0.000587959366385, 0.000452900159871, 8.70507137734e-05, 0.000335578573868, 0.000136440474307, 5.17530970683e-05, 4.62031384814e-05, 9.367565508e-05, 9.76156516117e-05, 0.000153783970745, 0.000650449190289, 0.00085263379151, 0.000595353951212, 0.000583392509725, 0.000210475671338, 0.000137136637932, 4.81231945741e-05, 1.42244052768e-05, 3.68745095329e-05, 3.80950114049e-05, 1.92078023247e-05, 1.80949086825e-06],
        "median": [3.49507990904e-06, 0.000614148797467, 0.000857450475451, 0.000246320734732, 0.000674047856592, 0.000231700571021, 0.00014987315808, 3.69126391888e-05, 6.0465237766e-05, 4.79580012325e-05, 7.79235324444e-06, 1.78175578185e-05, 3.55718584615e-05, 1.58962138812e-05, 1.7422829842e-05, 6.37119956082e-05, 7.51693733037e-05, 6.79913136992e-05, 3.68814944522e-05, 1.55326888489e-05, 1.47629798448e-05, 7.93577964942e-06, 2.12439681491e-06, 4.74893113278e-06, 3.33045090883e-06, 2.27301097766e-06, 3.17375548065e-09],
        "min": [1.22433657959e-23, 3.0242222891e-23, 1.87990981077e-23, 9.30086413234e-24, 7.46428518891e-23, 6.78600869865e-23, 1.22434077633e-22, 2.34843418168e-23, 3.9196759731e-23, 7.18081023143e-23, 8.51211019666e-23, 1.23175215609e-22, 1.05207229797e-22, 7.08894958783e-23, 1.44149449357e-22, 8.97132064463e-23, 1.75976717843e-22, 1.54138851798e-22, 3.01382301978e-22, 4.00206807703e-22, 4.20492801332e-22, 5.20637847591e-22, 6.11236692398e-22, 8.93880834195e-22, 1.25590654689e-21, 1.79900615484e-21, 2.38868152427e-21],
        "var": [4.21088330871e-10, 6.06459843766e-06, 4.58701360913e-05, 6.70058125252e-06, 1.90730097529e-05, 6.82447478084e-07, 6.7564138817e-07, 2.21003730871e-08, 5.91698039898e-07, 7.03137601477e-08, 1.39184317405e-08, 6.68012889449e-09, 2.1670270911e-08, 5.64191644514e-08, 2.33151425277e-07, 2.48243622991e-06, 6.24701942797e-06, 1.68263488831e-06, 4.19272600993e-06, 3.20165980838e-07, 1.65598791568e-07, 1.15871996442e-08, 6.7056876718e-10, 5.59287904878e-09, 7.8531208203e-09, 1.78814596463e-09, 5.37303604387e-11]
    },
    "erbbands": {
        "dmean": [0.0084775397554, 0.231440499425, 2.04503107071, 2.99089741707, 7.35322189331, 5.52703952789, 2.96761131287, 2.16811084747, 2.85649561882, 1.72109663486, 1.11546850204, 3.09720230103, 1.98605263233, 3.27216005325, 1.77526783943, 1.47555398941, 3.23700594902, 3.41929483414, 3.51248073578, 10.3860406876, 31.4849376678, 32.8423881531, 21.4037647247, 22.4406757355, 12.7802410126, 4.51837301254, 5.33017873764, 4.25200033188, 1.52667987347, 0.314590543509, 0.238565534353, 0.427634835243, 0.548307657242, 0.35719960928, 0.1480781883, 0.085368566215, 0.0268472936004, 0.00497373472899, 0.000127760504256, 1.03520405901e-05],
        "dmean2": [0.0132153248414, 0.381795078516, 3.30908274651, 4.94118213654, 12.738615036, 9.60906505585, 4.98262691498, 3.3768556118, 3.63931107521, 2.46812844276, 1.72403430939, 4.62050247192, 2.87180089951, 4.36841249466, 2.88599228859, 2.52217173576, 4.97513055801, 5.73720312119, 5.61387634277, 15.4854421616, 51.5305290222, 50.8080673218, 33.2192344666, 34.0280227661, 19.2411766052, 7.00552177429, 8.6649980545, 6.84575653076, 2.41781330109, 0.500239193439, 0.38636893034, 0.717478275299, 0.876904189587, 0.562140643597, 0.242518305779, 0.138494744897, 0.0425679832697, 0.0075642298907, 0.000198259745957, 1.57428476086e-05],
        "dvar": [0.000555695325602, 0.429778009653, 39.6156234741, 56.4839553833, 277.644714355, 164.795257568, 29.136177063, 16.168422699, 29.1945400238, 9.7236661911, 3.39385509491, 68.4762573242, 21.4763584137, 46.4474067688, 13.0159978867, 7.94364643097, 29.8189888, 88.6604309082, 79.0303039551, 1175.98706055, 7185.86962891, 11358.7734375, 3424.53564453, 5048.28027344, 1575.2755127, 138.341384888, 334.054718018, 230.509246826, 15.1423511505, 0.319695413113, 0.166726559401, 0.4647962749, 1.76383054256, 0.927853703499, 0.0782580971718, 0.0287686046213, 0.00314200553112, 0.000262703950284, 1.70383515297e-07, 3.32697980276e-10],
        "dvar2": [0.00124119175598, 1.11897099018, 99.6881103516, 140.810684204, 715.985839844, 446.287536621, 72.3858032227, 36.9143676758, 43.0309104919, 18.8250141144, 7.38549041748, 122.616157532, 37.6835289001, 75.724067688, 30.723072052, 20.8454685211, 62.757144928, 205.851287842, 192.03477478, 2281.20166016, 17002.2148438, 22434.8105469, 8205.46972656, 11453.1083984, 3352.90649414, 329.870056152, 851.223083496, 589.910888672, 37.5842170715, 0.751190125942, 0.385282039642, 1.16555678844, 4.1398973465, 2.04351234436, 0.177448734641, 0.0647866055369, 0.00699382321909, 0.000585608999245, 3.76016089376e-07, 6.93460844303e-10],
        "max": [0.368359714746, 7.74209785461, 88.0009918213, 107.232513428, 133.226699829, 126.196548462, 63.2572364807, 52.3588790894, 160.716262817, 52.0646057129, 26.37358284, 243.621063232, 93.5156402588, 107.379203796, 50.7493171692, 42.0804519653, 70.9781341553, 131.177581787, 128.078353882, 681.640014648, 1074.97473145, 2873.60546875, 943.20489502, 1788.7409668, 919.847106934, 217.404052734, 247.568023682, 220.853881836, 75.2994995117, 11.0181350708, 6.79567909241, 6.05519151688, 23.5856323242, 15.3801803589, 3.85457825661, 2.94208335876, 0.984057426453, 0.347004115582, 0.00737907364964, 0.000257373903878],
        "mean": [0.0316345989704, 0.458474397659, 3.02443027496, 3.40903997421, 6.81222200394, 6.86977100372, 5.47450447083, 4.32294464111, 6.65162372589, 3.6431555748, 2.56863927841, 8.03747940063, 4.25628471375, 5.03773403168, 2.54741024971, 2.09283185005, 4.78527212143, 4.86649036407, 5.23056554794, 14.1183223724, 42.0701751709, 47.340297699, 34.5059776306, 34.0839958191, 22.506477356, 7.75962972641, 6.10320425034, 4.91478252411, 2.11555528641, 0.54894721508, 0.415973126888, 0.548513412476, 0.741902351379, 0.525432646275, 0.189149364829, 0.103039905429, 0.0332383736968, 0.00593875395134, 0.000155374829774, 2.05563646887e-05],
        "median": [0.011135853827, 0.161499410868, 0.95569729805, 0.938916444778, 1.70682263374, 2.05045127869, 2.12984204292, 1.73579871655, 2.40300130844, 1.36463916302, 1.24700844288, 1.66505646706, 0.885879039764, 1.82724046707, 0.641667485237, 0.815444111824, 1.88058459759, 0.960723042488, 1.10649740696, 1.57973313332, 4.67501497269, 4.7822933197, 4.5307559967, 3.09490394592, 1.56659185886, 0.821600317955, 0.665951371193, 0.622475028038, 0.342378735542, 0.105779707432, 0.0647378563881, 0.0862023457885, 0.0756043046713, 0.0371000729501, 0.022928584367, 0.0129502108321, 0.00357811781578, 0.000256132800132, 1.26472750708e-05, 1.04790724436e-05],
        "min": [1.55959593254e-21, 4.63900941706e-21, 1.55558745891e-20, 3.74071429394e-20, 6.64931655717e-20, 2.09549845524e-19, 5.24549657813e-19, 6.15950685657e-19, 1.68467718776e-18, 1.00124753758e-18, 6.96010136725e-19, 7.43264742072e-19, 1.88751552244e-18, 3.21051708635e-18, 3.56207463695e-18, 5.19272514338e-18, 4.84231116998e-18, 4.5563982592e-18, 4.84314000496e-18, 8.60848600563e-18, 4.73254926578e-18, 9.93398917051e-18, 6.89694178478e-18, 1.45968890015e-17, 1.92276065436e-17, 1.80022129124e-17, 1.9595513319e-17, 1.30927181331e-17, 1.76405314983e-17, 2.01203594177e-17, 1.59683048263e-17, 1.4326266938e-17, 1.7722743325e-17, 1.28369762215e-17, 1.06416942969e-17, 5.69766183189e-18, 3.15752003809e-18, 1.5527827221e-18, 3.36237726215e-19, 3.40564766161e-20],
        "var": [0.00164333067369, 0.566918313503, 45.037776947, 56.7249984741, 226.145126343, 174.845962524, 59.368976593, 41.3759841919, 137.351959229, 34.4599304199, 14.2863645554, 448.901489258, 106.167854309, 103.314910889, 24.2946376801, 11.6046075821, 56.5598945618, 125.065765381, 118.705718994, 1812.16271973, 10018.625, 22648.4707031, 5798.62988281, 8512.98828125, 3932.87817383, 310.746551514, 314.120880127, 213.810073853, 19.2364864349, 0.973613262177, 0.556790232658, 0.825722515583, 2.89300727844, 1.73236203194, 0.138347566128, 0.0470746308565, 0.00557050155476, 0.000378642056603, 2.43871369321e-07, 7.05633496079e-10]
    },
    "gfcc": {
        "mean": [-80.4343719482, 103.43624115, -109.901252747, 44.7848358154, -39.1161575317, -1.17313539982, -44.3047714233, 14.2239484787, -29.5892620087, -0.934819221497, -19.5685367584, -1.0420255661, -9.92012310028],
        "cov": [[8892.296875, -3032.95751953, -517.559997559, 724.356811523, -373.545471191, -328.723114014, -571.422363281, 417.456726074, -486.166809082, -16.6756534576, -488.124786377, 198.739486694, -275.833007812], [-3032.95751953, 2283.0378418, -11.4746694565, -174.629745483, 378.001556396, -57.8636932373, 457.230926514, -192.987548828, 401.775695801, -70.9507980347, 304.098236084, -139.921447754, 322.656280518], [-517.559997559, -11.4746694565, 1014.77032471, -3.9838950634, 56.4699935913, 462.758728027, -18.1152515411, 38.9419708252, -111.324760437, 11.1037902832, -0.411534279585, 27.82579422, -91.0924606323], [724.356811523, -174.629745483, -3.9838950634, 324.129425049, 64.9089126587, -56.067741394, 22.1341495514, 15.6158847809, 3.79720306396, -13.072145462, -39.7482681274, -5.76971721649, 4.42447900772], [-373.545471191, 378.001556396, 56.4699935913, 64.9089126587, 254.110687256, 3.15541625023, 100.20174408, 9.05261325836, 90.3775787354, -16.2911968231, 32.1710624695, -8.75940227509, 76.5296630859], [-328.723114014, -57.8636932373, 462.758728027, -56.067741394, 3.15541625023, 416.261444092, 22.7818984985, 2.67973995209, -45.1297264099, 34.5011520386, 13.5777864456, 20.2340488434, -57.6119804382], [-571.422363281, 457.230926514, -18.1152515411, 22.1341495514, 100.20174408, 22.7818984985, 255.777236938, 13.1175251007, 105.390655518, -11.1740112305, 83.7275924683, -31.4804763794, 67.0497131348], [417.456726074, -192.987548828, 38.9419708252, 15.6158847809, 9.05261325836, 2.67973995209, 13.1175251007, 203.448425293, 11.8757066727, -8.53051280975, -17.9872226715, 33.0006370544, -29.1595306396], [-486.166809082, 401.775695801, -111.324760437, 3.79720306396, 90.3775787354, -45.1297264099, 105.390655518, 11.8757066727, 221.14906311, 22.6218166351, 56.6353378296, -1.44221186638, 88.0692901611], [-16.6756534576, -70.9507980347, 11.1037902832, -13.072145462, -16.2911968231, 34.5011520386, -11.1740112305, -8.53051280975, 22.6218166351, 113.859466553, 23.5132198334, 1.51328885555, -14.5134830475], [-488.124786377, 304.098236084, -0.411534279585, -39.7482681274, 32.1710624695, 13.5777864456, 83.7275924683, -17.9872226715, 56.6353378296, 23.5132198334, 140.885574341, 3.16291761398, 27.3821353912], [198.739486694, -139.921447754, 27.82579422, -5.76971721649, -8.75940227509, 20.2340488434, -31.4804763794, 33.0006370544, -1.44221186638, 1.51328885555, 3.16291761398, 86.4776077271, -0.227915391326], [-275.833007812, 322.656280518, -91.0924606323, 4.42447900772, 76.5296630859, -57.6119804382, 67.0497131348, -29.1595306396, 88.0692901611, -14.5134830475, 27.3821353912, -0.227915391326, 136.893920898]],
        "icov": [[0.000300828425679, 0.000182848118129, 0.000217847395106, -0.000576451886445, 0.000104005375761, -4.83134390379e-05, 0.000212594430195, -0.000458929163869, 0.00036067792098, -4.94967134728e-05, 0.000192334904568, -0.000230425124755, -0.000217726876144], [0.000182848118129, 0.00304762064479, -0.00100836751517, 0.00160301919095, -0.0015773603227, 0.00111176108476, -0.0016263385769, 0.00185562553816, -0.00260067451745, 0.00240154261701, -0.00298784649931, 0.0032395964954, -0.00246525951661], [0.000217847395106, -0.00100836751517, 0.00291932653636, -0.00148586323485, -0.000155789908604, -0.00303525617346, 0.00144492799882, -0.00160630897153, 0.00207952712663, -0.000585274014156, 0.000884486187715, -0.0013221151894, 0.000987080507912], [-0.000576451886445, 0.00160301919095, -0.00148586323485, 0.00608057808131, -0.00234119291417, 0.00185318221338, -0.00242684828117, 0.00243991613388, -0.00238801422529, 0.00136840052437, -0.000864710716996, 0.00228359969333, -0.000469790218631], [0.000104005375761, -0.0015773603227, -0.000155789908604, -0.00234119291417, 0.00706119835377, -0.000373789633159, 6.2430583057e-05, -0.00164803885855, 0.000281080690911, -0.000717452669051, 0.00154481828213, -0.0014852527529, -0.00115544605069], [-4.83134390379e-05, 0.00111176108476, -0.00303525617346, 0.00185318221338, -0.000373789633159, 0.00626137340441, -0.00250891665928, 0.00177884113509, -0.0011819753563, -0.000499585701618, -0.000377716147341, -8.08812837931e-05, 0.000437318376498], [0.000212594430195, -0.0016263385769, 0.00144492799882, -0.00242684828117, 6.2430583057e-05, -0.00250891665928, 0.00875146500766, -0.00306244334206, 0.000328991620336, 0.000237787869992, -0.00189468380995, 0.00127017870545, -0.000533321697731], [-0.000458929163869, 0.00185562553816, -0.00160630897153, 0.00243991613388, -0.00164803885855, 0.00177884113509, -0.00306244334206, 0.00843741837889, -0.00369727890939, 0.00218227342702, -0.000938254990615, -0.000243061091169, 0.00131827360019], [0.00036067792098, -0.00260067451745, 0.00207952712663, -0.00238801422529, 0.000281080690911, -0.0011819753563, 0.000328991620336, -0.00369727890939, 0.0113102337345, -0.00473424699157, 0.00220099417493, -0.00384256662801, -0.00151072628796], [-4.94967134728e-05, 0.00240154261701, -0.000585274014156, 0.00136840052437, -0.000717452669051, -0.000499585701618, 0.000237787869992, 0.00218227342702, -0.00473424699157, 0.012576630339, -0.00483614485711, 0.00345414574258, -0.000302392116282], [0.000192334904568, -0.00298784649931, 0.000884486187715, -0.000864710716996, 0.00154481828213, -0.000377716147341, -0.00189468380995, -0.000938254990615, 0.00220099417493, -0.00483614485711, 0.0141411032528, -0.00609350018203, 0.002984482795], [-0.000230425124755, 0.0032395964954, -0.0013221151894, 0.00228359969333, -0.0014852527529, -8.08812837931e-05, 0.00127017870545, -0.000243061091169, -0.00384256662801, 0.00345414574258, -0.00609350018203, 0.0184219051152, -0.00484334491193], [-0.000217726876144, -0.00246525951661, 0.000987080507912, -0.000469790218631, -0.00115544605069, 0.000437318376498, -0.000533321697731, 0.00131827360019, -0.00151072628796, -0.000302392116282, 0.002984482795, -0.00484334491193, 0.0150556266308]]
    },
    "melbands": {
        "dmean": [0.000129132749862, 0.000796384876594, 0.000641623919364, 0.000520309433341, 0.000111364926852, 4.86397620989e-05, 4.43504941359e-05, 1.63481709023e-05, 1.11434374048e-05, 1.89669844985e-05, 9.61860405368e-06, 1.38531049743e-05, 6.10566894466e-06, 4.46729336545e-06, 5.49296692043e-06, 6.38097208139e-06, 6.71051338941e-06, 4.84420706925e-06, 1.09902384793e-05, 1.7614402168e-05, 4.38362585555e-05, 3.2130847103e-05, 4.15333015553e-05, 1.39753346957e-05, 1.99640344363e-05, 1.51198228195e-05, 5.97527287027e-06, 2.8317961096e-06, 3.55578185918e-06, 2.5154265586e-06, 2.80184326584e-06, 1.05686069674e-06, 2.60245826667e-07, 1.57139368184e-07, 1.31002451553e-07, 2.10562944858e-07, 2.8522924822e-07, 3.53101654582e-07, 4.89000626658e-07, 2.65117876097e-07],
        "dmean2": [0.000210175552638, 0.00129421113525, 0.00105665065348, 0.000909444352146, 0.000191628845641, 7.62222480262e-05, 5.54411744815e-05, 2.42956539296e-05, 1.71981337189e-05, 2.81189368252e-05, 1.40346928674e-05, 1.83740467037e-05, 9.92878813122e-06, 7.69226880948e-06, 8.74821398611e-06, 1.00263978311e-05, 1.13117012006e-05, 8.14345548861e-06, 1.61601092259e-05, 2.91101860057e-05, 7.18990049791e-05, 4.92295439471e-05, 6.4879830461e-05, 2.20505353354e-05, 3.03571232507e-05, 2.23803344852e-05, 9.41494636209e-06, 4.51032428828e-06, 5.78019398745e-06, 4.18253875978e-06, 4.45610521638e-06, 1.69632835423e-06, 4.20900420295e-07, 2.61024013071e-07, 2.15307295548e-07, 3.45528974321e-07, 4.88061061787e-07, 5.75779154133e-07, 7.83186919762e-07, 4.1591223976e-07],
        "dvar": [1.28811095124e-07, 5.91542038819e-06, 1.93945379579e-06, 1.4569071709e-06, 4.23861408194e-08, 7.96844723538e-09, 6.92595714114e-09, 8.85289341834e-10, 4.79688344601e-10, 2.23404694744e-09, 5.29097043955e-10, 8.62849458549e-10, 1.78736192513e-10, 7.32032282014e-11, 8.340478308e-11, 1.16403719996e-10, 3.89319854133e-10, 1.78053391475e-10, 1.37782762977e-09, 3.45253936551e-09, 1.4839255158e-08, 1.28469830329e-08, 1.73820495775e-08, 1.37427114133e-09, 4.32114255489e-09, 3.49037043712e-09, 4.34128399895e-10, 7.60496388086e-11, 1.50333676063e-10, 8.7170042018e-11, 1.0050572874e-10, 8.69867546049e-12, 3.04542524011e-13, 7.95699565807e-14, 5.79342685479e-14, 1.26290051008e-13, 2.10782129598e-13, 5.49552103043e-13, 2.58150532201e-12, 4.36037355311e-13],
        "dvar2": [3.17593588761e-07, 1.49924626385e-05, 4.69266842629e-06, 3.84697159461e-06, 1.09984384267e-07, 1.84825434957e-08, 9.76616920667e-09, 1.8412240621e-09, 1.01180364087e-09, 4.04609590277e-09, 9.21399012643e-10, 1.38821565354e-09, 4.14657613801e-10, 1.95221019905e-10, 1.88171325743e-10, 2.6017782373e-10, 9.0126262009e-10, 4.90336715675e-10, 2.44228637314e-09, 8.60858495599e-09, 3.45758941478e-08, 2.29779946181e-08, 4.38478480191e-08, 3.50380591208e-09, 9.80993952737e-09, 7.78602338158e-09, 1.05470232548e-09, 1.84362747291e-10, 3.86945864239e-10, 2.31537206075e-10, 2.50657772316e-10, 2.20538760864e-11, 7.24128927394e-13, 2.0026180421e-13, 1.42255253258e-13, 3.02403691281e-13, 5.50814114372e-13, 1.32121115264e-12, 6.06489121077e-12, 9.74347338922e-13],
        "max": [0.0048055909574, 0.032744333148, 0.0184397511184, 0.00932635553181, 0.00195285049267, 0.00110517814755, 0.00247687171213, 0.000514239887707, 0.000448574690381, 0.00135544675868, 0.000466031196993, 0.000458682799945, 0.000194045816897, 0.000120471624541, 0.000121864992252, 0.000127550854813, 0.000304980931105, 0.000232985345065, 0.000610869610682, 0.000934863288421, 0.00163061369676, 0.00340621126816, 0.00187517667655, 0.000465247081593, 0.00169982959051, 0.00136398989707, 0.000423344084993, 0.00014699975145, 0.00017774385924, 0.00015672891459, 0.000186710385606, 6.8828536314e-05, 9.68043968896e-06, 5.57124849365e-06, 4.12774306824e-06, 4.14105033997e-06, 4.02951582146e-06, 1.30887538035e-05, 3.20257095154e-05, 1.10611072159e-05],
        "mean": [0.000361842190614, 0.00123993121088, 0.000706824823283, 0.000558551750146, 0.000193160245544, 9.60262696026e-05, 0.000103003752884, 3.42168823408e-05, 2.58742875303e-05, 4.92855215271e-05, 1.92344832612e-05, 2.0548070097e-05, 8.43582256493e-06, 5.61527122045e-06, 7.65202912589e-06, 9.92999957816e-06, 8.85227927938e-06, 6.38818892185e-06, 1.56107053044e-05, 2.18400946324e-05, 5.53152167413e-05, 4.13391135226e-05, 5.5589745898e-05, 2.20820675167e-05, 2.85477508442e-05, 2.26695483434e-05, 1.11905192171e-05, 3.67269535673e-06, 3.98268775825e-06, 2.61158515968e-06, 3.20834237755e-06, 1.40552697303e-06, 4.09514001376e-07, 2.44134753302e-07, 2.21181508664e-07, 2.88754847588e-07, 3.33694970323e-07, 4.4104990593e-07, 6.81113760947e-07, 3.64032473499e-07],
        "median": [0.000133767462103, 0.000468974030809, 0.000190700462554, 0.000147412021761, 8.53054225445e-05, 3.71846399503e-05, 3.58624674845e-05, 1.40078373079e-05, 9.29446105147e-06, 9.20301863516e-06, 2.92779532174e-06, 6.69186647428e-06, 1.71574799879e-06, 2.36540813603e-06, 2.88271303361e-06, 3.50619643541e-06, 1.39739404403e-06, 1.47800744799e-06, 1.45952731145e-06, 2.50099401455e-06, 4.97962219015e-06, 2.51009259955e-06, 5.85908901485e-06, 1.87635464499e-06, 2.37020049099e-06, 1.35857862915e-06, 5.73543786686e-07, 3.87942179714e-07, 3.89712255355e-07, 2.6858685942e-07, 3.89760941744e-07, 2.17813351355e-07, 6.58334329273e-08, 3.9050117806e-08, 2.86853669706e-08, 4.57807729504e-08, 4.98867400722e-08, 5.2588180921e-08, 3.62908139095e-08, 2.89235906337e-08],
        "min": [1.14935890042e-23, 7.15113454636e-24, 6.4760317224e-24, 8.54427079358e-24, 1.84258533036e-23, 1.36776616497e-23, 2.71966675942e-23, 8.92649362369e-24, 5.50250321243e-24, 5.33905636047e-24, 8.84335557289e-24, 1.19401923505e-23, 1.19677843384e-23, 1.34987337969e-23, 1.17981618889e-23, 1.16478783644e-23, 7.17656347764e-24, 6.22017691514e-24, 1.18044696207e-23, 9.60913914119e-24, 4.48589934717e-24, 1.09675268544e-23, 6.55966872773e-24, 7.48089260423e-24, 1.24538614956e-23, 1.03972096078e-23, 1.72896837631e-23, 1.02683105247e-23, 1.23464636053e-23, 8.71530451531e-24, 7.67174172303e-24, 8.79671969389e-24, 1.19672636902e-23, 1.15629275112e-23, 9.39943466903e-24, 8.31348243601e-24, 8.55953367438e-24, 1.26922828712e-23, 1.30463126015e-23, 9.44530061978e-24],
        "var": [2.77604556231e-07, 6.51885466141e-06, 2.09042309507e-06, 1.28361136831e-06, 6.93636792448e-08, 2.0026943659e-08, 3.39011521078e-08, 2.91004531583e-09, 2.24231566648e-09, 1.47078020873e-08, 2.61309085481e-09, 1.89598514666e-09, 3.28610527678e-10, 9.23332243996e-11, 1.55163382143e-10, 2.4161425638e-10, 5.12991593649e-10, 2.07007883057e-10, 2.64466182287e-09, 4.22364010433e-09, 2.00257783689e-08, 2.6880021764e-08, 2.39019577464e-08, 2.7312259121e-09, 6.91305857003e-09, 6.51234177695e-09, 1.31852828655e-09, 1.01593823632e-10, 1.41241324192e-10, 7.08993558307e-11, 9.88197509932e-11, 1.01422837143e-11, 6.56500515842e-13, 2.2169637274e-13, 1.75107527762e-13, 2.60171414577e-13, 3.15497438287e-13, 8.29153748699e-13, 3.95497480252e-12, 7.73431557514e-13]
    },
    "mfcc": {
        "mean": [-728.459411621, 132.012054443, -3.80289268494, 44.175819397, 20.5901679993, -5.20304965973, 2.42345499992, 0.492373168468, 3.05542516708, -7.83925104141, -0.7918227911, 3.20024180412, -6.94937372208],
        "cov": [[8291.8125, -2760.43017578, -662.07611084, 601.615661621, -68.1604003906, -573.78717041, -191.801452637, -67.3618927002, 9.25824260712, -219.492553711, -103.595832825, -274.403167725, -224.885391235], [-2760.43017578, 1807.59106445, 17.3477020264, -41.8349266052, 36.8668708801, 184.041671753, 60.1188087463, 54.9387893677, 76.7596130371, 136.620285034, 75.1367721558, 81.3898849487, 60.6031990051], [-662.07611084, 17.3477020264, 829.225097656, -229.760375977, 170.772537231, 233.126907349, 173.516601562, 104.860824585, -43.6446151733, 34.7023162842, -16.5984745026, 34.2941589355, 43.2494277954], [601.615661621, -41.8349266052, -229.760375977, 443.689849854, 7.70555400848, -72.9445724487, -36.4721412659, -12.8068275452, 68.3258972168, -13.2310628891, 26.2137126923, -6.98485565186, -49.9714622498], [-68.1604003906, 36.8668708801, 170.772537231, 7.70555400848, 215.190658569, 60.590007782, 36.6742286682, 31.3499393463, 36.9108085632, -12.1467399597, -8.67710590363, 26.9261989594, 0.334003388882], [-573.78717041, 184.041671753, 233.126907349, -72.9445724487, 60.590007782, 277.358154297, 79.0847625732, 4.39704179764, 4.47385597229, 37.7611656189, -16.4117469788, 35.8701057434, 29.7985439301], [-191.801452637, 60.1188087463, 173.516601562, -36.4721412659, 36.6742286682, 79.0847625732, 185.460800171, 58.056427002, -14.427063942, 22.6149578094, 25.4988994598, -1.46554923058, 0.284219205379], [-67.3618927002, 54.9387893677, 104.860824585, -12.8068275452, 31.3499393463, 4.39704179764, 58.056427002, 169.873214722, 50.492603302, 0.858982980251, 26.2719726562, 16.8192253113, 17.5813236237], [9.25824260712, 76.7596130371, -43.6446151733, 68.3258972168, 36.9108085632, 4.47385597229, -14.427063942, 50.492603302, 161.99798584, 20.6854515076, -3.96192359924, 29.4714813232, 11.6345157623], [-219.492553711, 136.620285034, 34.7023162842, -13.2310628891, -12.1467399597, 37.7611656189, 22.6149578094, 0.858982980251, 20.6854515076, 127.167907715, 36.9883613586, -10.4179086685, 0.570897996426], [-103.595832825, 75.1367721558, -16.5984745026, 26.2137126923, -8.67710590363, -16.4117469788, 25.4988994598, 26.2719726562, -3.96192359924, 36.9883613586, 104.408866882, 32.6177406311, 10.5448789597], [-274.403167725, 81.3898849487, 34.2941589355, -6.98485565186, 26.9261989594, 35.8701057434, -1.46554923058, 16.8192253113, 29.4714813232, -10.4179086685, 32.6177406311, 122.634849548, 52.605091095], [-224.885391235, 60.6031990051, 43.2494277954, -49.9714622498, 0.334003388882, 29.7985439301, 0.284219205379, 17.5813236237, 11.6345157623, 0.570897996426, 10.5448789597, 52.605091095, 94.5308685303]],
