{
"lowlevel": {
    "average_loudness": 0.970603704453,
    "barkbands_crest": {
        "dmean": 2.66842651367,
        "dmean2": 4.46575737,
        "dvar": 5.6408200264,
        "dvar2": 15.1447916031,
        "max": 23.3273143768,
        "mean": 8.38801002502,
        "median": 7.70558214188,
        "min": 2.42422294617,
        "var": 11.0799150467
    },
    "barkbands_flatness_db": {
        "dmean": 0.0178770758212,
        "dmean2": 0.0280409939587,
        "dvar": 0.000252841069596,
        "dvar2": 0.000612686621025,
        "max": 0.227913454175,
        "mean": 0.114412285388,
        "median": 0.112561583519,
        "min": 0.0220884084702,
        "var": 0.000942681042943
    },
    "barkbands_kurtosis": {
        "dmean": 1.5318210125,
        "dmean2": 2.47127246857,
        "dvar": 3.5212290287,
        "dvar2": 9.03586578369,
        "max": 20.5918083191,
        "mean": 1.74795424938,
        "median": 1.05207586288,
        "min": -1.7987241745,
        "var": 7.20653009415
    },
    "barkbands_skewness": {
        "dmean": 0.397272020578,
        "dmean2": 0.626838207245,
        "dvar": 0.134528189898,
        "dvar2": 0.353389412165,
        "max": 4.09455823898,
        "mean": 1.33866250515,
        "median": 1.28012681007,
        "min": -1.67995345592,
        "var": 0.388802975416
    },
    "barkbands_spread": {
        "dmean": 5.38887500763,
        "dmean2": 8.25606155396,
        "dvar": 30.8454494476,
        "dvar2": 70.1870498657,
        "max": 85.8163757324,
        "mean": 24.5783615112,
        "median": 22.8408222198,
        "min": 5.56670570374,
        "var": 114.955307007
    },
    "dissonance": {
        "dmean": 0.0159901641309,
        "dmean2": 0.0268163569272,
        "dvar": 0.000334624550305,
        "dvar2": 0.000839988293592,
        "max": 0.499833792448,
        "mean": 0.468981206417,
        "median": 0.472243368626,
        "min": 0.0869603976607,
        "var": 0.000443676864961
    },
    "dynamic_complexity": 1.81284070015,
    "erbbands_crest": {
        "dmean": 2.45227050781,
        "dmean2": 4.03052997589,
        "dvar": 5.40414047241,
        "dvar2": 13.8213615417,
        "max": 26.0286846161,
        "mean": 7.53970050812,
        "median": 6.75942420959,
        "min": 2.53937864304,
        "var": 10.8145904541
    },
    "erbbands_flatness_db": {
        "dmean": 0.0140235386789,
        "dmean2": 0.0212214495987,
        "dvar": 0.000180605027708,
        "dvar2": 0.000353487761458,
        "max": 0.25819888711,
        "mean": 0.155209869146,
        "median": 0.156132251024,
        "min": 0.0667000487447,
        "var": 0.000898485013749
    },
    "erbbands_kurtosis": {
        "dmean": 0.469355851412,
        "dmean2": 0.765907943249,
        "dvar": 0.332439482212,
        "dvar2": 0.796916007996,
        "max": 10.2523231506,
        "mean": -0.517579376698,
        "median": -0.742060542107,
        "min": -1.69379484653,
        "var": 0.805390775204
    },
    "erbbands_skewness": {
        "dmean": 0.324725836515,
        "dmean2": 0.516595900059,
        "dvar": 0.0772915259004,
        "dvar2": 0.19201464951,
        "max": 2.14678096771,
        "mean": 0.328610867262,
        "median": 0.342500209808,
        "min": -1.60090816021,
        "var": 0.282372176647
    },
    "erbbands_spread": {
        "dmean": 6.12819814682,
        "dmean2": 9.60254669189,
        "dvar": 36.0854492188,
        "dvar2": 78.5625228882,
        "max": 122.995925903,
        "mean": 44.45936203,
        "median": 43.1391296387,
        "min": 9.0007686615,
        "var": 186.533355713
    },
    "hfc": {
        "dmean": 5.31071424484,
        "dmean2": 7.56514215469,
        "dvar": 54.5844039917,
        "dvar2": 115.710319519,
        "max": 146.939544678,
        "mean": 25.5082302094,
        "median": 24.0321502686,
        "min": 1.1653394585e-16,
        "var": 211.337722778
    },
    "melbands_crest": {
        "dmean": 3.25315189362,
        "dmean2": 5.44004201889,
        "dvar": 7.42190265656,
        "dvar2": 20.2892608643,
        "max": 28.0824146271,
        "mean": 11.5616559982,
        "median": 10.890791893,
        "min": 1.82142782211,
        "var": 15.0314540863
    },
    "melbands_flatness_db": {
        "dmean": 0.0208388790488,
        "dmean2": 0.0326523780823,
        "dvar": 0.00036177050788,
        "dvar2": 0.000864475907292,
        "max": 0.316286534071,
        "mean": 0.158297181129,
        "median": 0.154467821121,
        "min": 0.00756987929344,
        "var": 0.00168607907835
    },
    "melbands_kurtosis": {
        "dmean": 3.87658047676,
        "dmean2": 6.28565835953,
        "dvar": 26.5070075989,
        "dvar2": 70.1517410278,
        "max": 72.6868515015,
        "mean": 8.44744682312,
        "median": 6.53918790817,
        "min": -1.0924090147,
        "var": 52.9421043396
    },
    "melbands_skewness": {
        "dmean": 0.504412591457,
        "dmean2": 0.812299191952,
        "dvar": 0.249131664634,
        "dvar2": 0.654652059078,
        "max": 7.41785812378,
        "mean": 2.35928273201,
        "median": 2.23809361458,
        "min": -0.0895396023989,
        "var": 0.766295552254
    },
    "melbands_spread": {
        "dmean": 6.79346704483,
        "dmean2": 10.6268434525,
        "dvar": 55.5696220398,
        "dvar2": 126.126190186,
        "max": 130.577270508,
        "mean": 25.2340354919,
        "median": 23.2416152954,
        "min": 3.90029883385,
        "var": 159.394119263
    },
    "pitch_salience": {
        "dmean": 0.0628898367286,
        "dmean2": 0.105111330748,
        "dvar": 0.00288131367415,
        "dvar2": 0.00799728371203,
        "max": 0.912007153034,
        "mean": 0.609534323215,
        "median": 0.616605579853,
        "min": 0.22359354794,
        "var": 0.00653963070363
    },
    "silence_rate_20dB": {
        "dmean": 0,
        "dmean2": 0,
        "dvar": 0,
        "dvar2": 0,
        "max": 1,
        "mean": 1,
        "median": 1,
        "min": 1,
        "var": 0
    },
    "silence_rate_30dB": {
        "dmean": 0,
        "dmean2": 0,
        "dvar": 0,
        "dvar2": 0,
        "max": 1,
        "mean": 1,
        "median": 1,
        "min": 1,
        "var": 0
    },
    "silence_rate_60dB": {
        "dmean": 0.00154718931299,
        "dmean2": 0.0030959751457,
        "dvar": 0.00154478580225,
        "dvar2": 0.00411833357066,
        "max": 1,
        "mean": 0.00154639175162,
        "median": 0,
        "min": 0,
        "var": 0.00154399336316
    },
    "spectral_centroid": {
        "dmean": 258.687957764,
        "dmean2": 400.075775146,
        "dvar": 89039.015625,
        "dvar2": 150675.84375,
        "max": 10905.8261719,
        "mean": 1474.02600098,
        "median": 1414.98840332,
        "min": 380.07421875,
        "var": 260523.53125
    },
    "spectral_complexity": {
        "dmean": 3.54512643814,
        "dmean2": 5.43292045593,
        "dvar": 9.72400093079,
        "dvar2": 20.9927177429,
        "max": 50,
        "mean": 25.608247757,
        "median": 26,
        "min": 0,
        "var": 80.5178985596
    },
    "spectral_decrease": {
        "dmean": 1.81081294404e-09,
        "dmean2": 2.88440227258e-09,
        "dvar": 3.46649950064e-18,
        "dvar2": 8.78939288714e-18,
        "max": -6.47653286517e-29,
        "mean": -6.91421098153e-09,
        "median": -6.51121467854e-09,
        "min": -2.86763874868e-08,
        "var": 1.03090312059e-17
    },
    "spectral_energy": {
        "dmean": 0.0071316016838,
        "dmean2": 0.0112888375297,
        "dvar": 5.23658309248e-05,
        "dvar2": 0.000132989618578,
        "max": 0.113810829818,
        "mean": 0.0284094773233,
        "median": 0.0272451192141,
        "min": 1.08144058477e-20,
        "var": 0.000166510842973
    },
    "spectral_energyband_high": {
        "dmean": 0.000373304646928,
        "dmean2": 0.000531688740011,
        "dvar": 6.78777041685e-07,
        "dvar2": 1.32369302719e-06,
        "max": 0.0167981609702,
        "mean": 0.00113673158921,
        "median": 0.000826775445603,
        "min": 7.54808528965e-21,
        "var": 1.65442691014e-06
    },
    "spectral_energyband_low": {
        "dmean": 0.00270116934553,
        "dmean2": 0.00453255185857,
        "dvar": 1.74186770892e-05,
        "dvar2": 4.43081662524e-05,
        "max": 0.0386022441089,
        "mean": 0.00473788147792,
        "median": 0.0031384723261,
        "min": 5.01626173557e-23,
        "var": 2.71516328212e-05
    },
    "spectral_energyband_middle_high": {
        "dmean": 0.00139887607656,
        "dmean2": 0.00214572320692,
        "dvar": 2.27976147471e-06,
        "dvar2": 5.67220877201e-06,
        "max": 0.0234833844006,
        "mean": 0.00587563449517,
        "median": 0.00516295898706,
        "min": 1.81320413652e-21,
        "var": 1.28480996864e-05
    },
    "spectral_energyband_middle_low": {
        "dmean": 0.00589728774503,
        "dmean2": 0.00963350851089,
        "dvar": 4.42344498879e-05,
        "dvar2": 0.000118444557302,
        "max": 0.105318054557,
        "mean": 0.0172775611281,
        "median": 0.015246136114,
        "min": 3.28156745972e-22,
        "var": 0.000106912841147
    },
    "spectral_entropy": {
        "dmean": 0.111709751189,
        "dmean2": 0.167976289988,
        "dvar": 0.0118870586157,
        "dvar2": 0.0231727436185,
        "max": 9.81284427643,
        "mean": 7.71227025986,
        "median": 7.72052955627,
        "min": 6.67753648758,
        "var": 0.0685175731778
    },
    "spectral_flux": {
        "dmean": 0.0181091874838,
        "dmean2": 0.0286342259496,
        "dvar": 0.000265837908955,
        "dvar2": 0.000610556220636,
        "max": 0.218015700579,
        "mean": 0.0922476649284,
        "median": 0.091696485877,
        "min": 1.03992335576e-10,
        "var": 0.000923157436773
    },
    "spectral_kurtosis": {
        "dmean": 1.08006894588,
        "dmean2": 1.87811493874,
        "dvar": 1.03274071217,
        "dvar2": 3.18502187729,
        "max": 13.3680019379,
        "mean": 2.77517056465,
        "median": 2.60785603523,
        "min": -1.19237625599,
        "var": 1.98334550858
    },
    "spectral_rms": {
        "dmean": 0.000646155269351,
        "dmean2": 0.00100905017462,
        "dvar": 3.56390415845e-07,
        "dvar2": 8.49637274314e-07,
        "max": 0.0105373123661,
        "mean": 0.00511933257803,
        "median": 0.0051556378603,
        "min": 3.2481749495e-12,
        "var": 1.50897119511e-06
    },
    "spectral_rolloff": {
        "dmean": 552.046203613,
        "dmean2": 905.507019043,
        "dvar": 631347.4375,
        "dvar2": 1301048,
        "max": 18820.0195312,
        "mean": 1705.94006348,
        "median": 1464.2578125,
        "min": 150.732421875,
        "var": 1547641.875
    },
    "spectral_skewness": {
        "dmean": 0.168399021029,
        "dmean2": 0.276720404625,
        "dvar": 0.0241290926933,
        "dvar2": 0.0631987005472,
        "max": 2.63707113266,
        "mean": 1.19789683819,
        "median": 1.18473756313,
        "min": 0.00664068106562,
        "var": 0.0775883644819
    },
    "spectral_spread": {
        "dmean": 394399.9375,
        "dmean2": 552498.8125,
        "dvar": 498804228096,
        "dvar2": 584459354112,
        "max": 40203796,
        "mean": 4422977,
        "median": 4073739,
        "min": 2554586.75,
        "var": 2.4261165056e+12
    },
    "spectral_strongpeak": {
        "dmean": 0.532628893852,
        "dmean2": 0.892788827419,
        "dvar": 0.294385105371,
        "dvar2": 0.726528227329,
        "max": 6.8181552887,
        "mean": 0.978144586086,
        "median": 0.823091864586,
        "min": 0,
        "var": 0.609749734402
    },
    "zerocrossingrate": {
        "dmean": 0.00950448680669,
        "dmean2": 0.0111274207011,
        "dvar": 0.000215019506868,
        "dvar2": 0.000269183568889,
        "max": 0.49853515625,
        "mean": 0.0666871368885,
        "median": 0.06201171875,
        "min": 0.015625,
        "var": 0.000807136762887
    },
    "barkbands": {
        "dmean": [0.000174484855961, 0.00166671094485, 0.00128818734083, 0.000942538317759, 0.00159000861458, 0.00252759037539, 0.00235832761973, 0.00182967283763, 0.000942378246691, 0.000517581240274, 0.000269337324426, 0.00039511610521, 0.000259477033978, 0.000350188027369, 0.000283937813947, 0.000243980408413, 0.000205449890927, 0.000231336060097, 0.000264368951321, 0.000184908218216, 0.00010396946891, 0.000107100669993, 7.73391657276e-05, 5.76522761548e-05, 6.12405783613e-05, 2.54049027717e-05, 6.08796369761e-07],
        "dmean2": [0.000304954213789, 0.00281405099668, 0.00222222344019, 0.00157919304911, 0.0025905596558, 0.00412859488279, 0.00391426496208, 0.00302478787489, 0.00155033438932, 0.000819175620563, 0.000429329840699, 0.000649658439215, 0.000410812790506, 0.000579330720939, 0.000466968165711, 0.000414747046307, 0.000337793375365, 0.000385350227589, 0.000425668025855, 0.000289879739285, 0.000164185534231, 0.000162599128089, 0.000111833600386, 8.40989741846e-05, 9.02443207451e-05, 3.9942588046e-05, 1.07457208287e-06],
        "dvar": [9.19461768945e-08, 1.05989829535e-05, 4.70305030831e-06, 1.48458013882e-06, 4.23775327363e-06, 2.12042377825e-05, 1.8053497115e-05, 1.31986525957e-05, 2.6558279842e-06, 6.28156044513e-07, 2.76140468713e-07, 4.00338421969e-07, 1.50156779455e-07, 2.20838174414e-07, 1.71738207655e-07, 1.08219936124e-07, 7.9289854682e-08, 9.34448323164e-08, 1.47613761214e-07, 6.87533230348e-08, 2.46210092314e-08, 5.87139794561e-08, 5.85259272157e-08, 7.38640935083e-08, 3.55519809148e-08, 1.05399964312e-08, 8.50700759836e-12],
        "dvar2": [2.70352842335e-07, 2.82200580841e-05, 1.30504013214e-05, 3.95768211092e-06, 1.11002873382e-05, 5.79711304454e-05, 5.087149475e-05, 3.47545646946e-05, 7.07795743438e-06, 1.4776566104e-06, 6.39192478502e-07, 1.12622888082e-06, 3.4734222254e-07, 5.72062333504e-07, 4.51873972906e-07, 3.05406445023e-07, 2.13337585819e-07, 2.58235473893e-07, 3.29602812599e-07, 1.54105620709e-07, 5.77788199507e-08, 1.12032829236e-07, 1.25987469346e-07, 1.6514724166e-07, 8.16307732521e-08, 2.75632672242e-08, 2.38986278683e-11],
        "max": [0.00288165942766, 0.0269667841494, 0.0219052657485, 0.011285636574, 0.0326322279871, 0.0705588757992, 0.0509475059807, 0.0497128218412, 0.0237779729068, 0.0135930078104, 0.0170410331339, 0.00941431429237, 0.00727189751342, 0.00613588700071, 0.00430131098256, 0.00461312429979, 0.00557689741254, 0.00649155769497, 0.00885847769678, 0.00377100380138, 0.00225730612874, 0.0065005957149, 0.00725464243442, 0.00641595805064, 0.00307310419157, 0.00192082335707, 5.87197682762e-05],
        "mean": [0.000328355148667, 0.00190559879411, 0.00203569396399, 0.00145607558079, 0.00307563738897, 0.00437109638005, 0.00380411138758, 0.00271071749739, 0.00160408462398, 0.000973643793259, 0.000439281342551, 0.00065673730569, 0.000511552731041, 0.000630580587313, 0.000533048063517, 0.000473838183098, 0.000427018239861, 0.000503767165355, 0.00057674216805, 0.000427246413892, 0.000275261176284, 0.000274442107184, 0.000183824144187, 0.000114370042866, 9.00201848708e-05, 2.62352641585e-05, 5.00977421325e-07],
        "median": [6.42746090307e-05, 0.000431116088293, 0.00134044734295, 0.000926646520384, 0.0023125433363, 0.0023306235671, 0.0017711261753, 0.00137196248397, 0.000848344177939, 0.000511161400937, 0.000217306485865, 0.000405864382628, 0.000282602501102, 0.000410501554143, 0.000288105860818, 0.000344354775734, 0.000300648884149, 0.000372203154257, 0.000390196975786, 0.000285220216028, 0.000219259381993, 0.00018952289247, 0.000100600394944, 5.08014927618e-05, 1.92394018086e-05, 2.44455395659e-06, 1.65713558431e-08],
        "min": [9.07098533139e-24, 3.24739924334e-23, 3.91659933668e-24, 1.90738268066e-23, 5.36541472767e-23, 2.01220241567e-23, 3.84718186472e-23, 6.95526921883e-23, 9.02574699838e-23, 1.23842478339e-22, 2.1327646589e-23, 5.91813611625e-23, 1.28363661068e-22, 1.59963333716e-22, 1.81392645543e-22, 9.72615261475e-23, 2.05660619695e-22, 2.64296676024e-22, 4.60512207303e-22, 3.94168020675e-22, 4.08669909442e-22, 4.58913028476e-22, 7.7663626225e-22, 1.05500051178e-21, 1.01583686212e-21, 1.44658096771e-21, 2.51436652925e-21],
        "var": [2.36165732304e-07, 1.21698176372e-05, 5.58539932172e-06, 2.2254976102e-06, 7.60337024985e-06, 3.57002609235e-05, 3.25240907841e-05, 1.98418856598e-05, 5.12484484716e-06, 1.73590160557e-06, 6.45229874863e-07, 6.36442621271e-07, 4.11444204929e-07, 4.49338045883e-07, 4.03381051228e-07, 2.12806170907e-07, 2.11839235931e-07, 3.24269564089e-07, 4.19195345103e-07, 1.9950640251e-07, 6.2329526429e-08, 1.30410455768e-07, 1.0838572706e-07, 9.37574284876e-08, 5.03613648561e-08, 9.344437224e-09, 6.1314512495e-12]
    },
    "erbbands": {
        "dmean": [0.0681098923087, 0.331698417664, 1.23936033249, 2.05412268639, 4.46567201614, 5.92514181137, 11.8996858597, 24.106716156, 31.1005191803, 34.6803703308, 34.8184738159, 20.8573589325, 16.8645839691, 15.5294857025, 11.6610813141, 12.0128602982, 11.1267910004, 14.8372087479, 15.0053453445, 11.9910726547, 11.5496988297, 11.5998220444, 11.6159677505, 12.6814365387, 12.0444946289, 7.83148384094, 5.13499975204, 3.83633303642, 4.07539272308, 2.8927295208, 2.15923404694, 1.28551506996, 0.958579003811, 0.669112205505, 0.460896164179, 0.18539211154, 0.03191614151, 0.00338043714873, 8.24646413093e-05, 1.09272177724e-05],
        "dmean2": [0.120827563107, 0.562922418118, 2.10842108727, 3.4903523922, 7.12940597534, 9.84815883636, 19.6955108643, 39.027885437, 51.8300628662, 57.9321403503, 56.9901847839, 34.3457870483, 26.713300705, 24.9492931366, 18.272644043, 19.7200336456, 17.6235656738, 24.6379184723, 24.2059993744, 20.0980434418, 19.3774662018, 18.9459705353, 19.6340293884, 20.081703186, 19.2350902557, 12.1941270828, 8.20481681824, 5.92137861252, 6.29158496857, 4.38801193237, 3.15892148018, 1.95027494431, 1.41090333462, 0.987988293171, 0.696346342564, 0.293051242828, 0.0499236211181, 0.00526701938361, 0.000130798929604, 1.6770851289e-05],
        "dvar": [0.0180472359061, 0.437799662352, 4.21824455261, 7.76789712906, 29.1028862, 73.6038970947, 723.267700195, 2245.75366211, 3114.32910156, 3459.91333008, 4010.05200195, 1839.77478027, 614.540527344, 508.509216309, 625.20880127, 327.224212646, 329.862518311, 348.574737549, 388.479614258, 344.412841797, 249.822540283, 272.070343018, 201.403442383, 375.46395874, 293.275726318, 159.938140869, 56.9984436035, 36.7814407349, 80.3366241455, 49.8383331299, 49.7807159424, 24.9904918671, 25.7805786133, 4.43368005753, 2.53208065033, 0.590497851372, 0.015377337113, 0.000191369777895, 1.13511759992e-07, 2.77357886658e-10],
        "dvar2": [0.0506162755191, 1.16991305351, 11.5352659225, 21.6171188354, 75.113861084, 195.845153809, 1947.5234375, 5863.20263672, 8440.99609375, 9567.43652344, 10005.4003906, 4952.62451172, 1460.91809082, 1284.51574707, 1377.72607422, 854.105529785, 773.397521973, 917.475219727, 999.143981934, 907.048217773, 703.135314941, 716.491638184, 567.02911377, 881.908996582, 659.695129395, 357.852905273, 144.114257812, 79.1418685913, 148.474975586, 93.6177520752, 110.529144287, 54.1582832336, 59.5431442261, 9.61493873596, 6.31208181381, 1.5700340271, 0.0380558073521, 0.000470679777209, 2.95217205348e-07, 6.64931609773e-10],
        "max": [1.01018190384, 6.21230697632, 19.807844162, 28.749206543, 59.5397148132, 142.957122803, 412.441070557, 863.364440918, 1170.76977539, 740.114318848, 756.115539551, 738.302429199, 536.367980957, 365.511871338, 916.372741699, 328.826385498, 379.310974121, 217.465362549, 291.221313477, 240.921356201, 282.763580322, 299.401519775, 315.175018311, 374.536956787, 516.651123047, 198.129425049, 126.837738037, 154.581451416, 266.33416748, 173.437088013, 200.048294067, 111.200469971, 119.95716095, 40.8269119263, 34.3254089355, 15.6655273438, 2.39867520332, 0.319994091988, 0.00616831937805, 0.000325997156324],
        "mean": [0.0712752342224, 0.389430135489, 1.89053678513, 3.68585109711, 8.08019447327, 10.4490690231, 20.9863510132, 40.0478401184, 51.9312095642, 55.3437461853, 55.2342224121, 36.3523101807, 31.4264831543, 28.5146560669, 21.7869091034, 22.6297111511, 23.3417949677, 29.9157886505, 32.5598640442, 24.1909065247, 25.4525127411, 25.8802471161, 27.0807762146, 29.5581989288, 28.1872844696, 18.6392154694, 12.5518360138, 10.2637834549, 10.2917375565, 7.27302312851, 4.90522193909, 2.8778758049, 1.64457023144, 1.10313236713, 0.574294447899, 0.19111905992, 0.034220546484, 0.00354904704727, 0.000101975048892, 3.95025963371e-05],
        "median": [0.0112140094861, 0.123118661344, 1.2860326767, 2.86969470978, 5.79622030258, 6.99999856949, 8.48148441315, 16.591129303, 27.471622467, 33.9085006714, 30.0169067383, 19.6311531067, 18.8512744904, 16.8224258423, 11.8936462402, 14.9121952057, 13.9246397018, 21.4874858856, 22.6848754883, 15.9999046326, 19.1651687622, 18.6075897217, 20.9194526672, 21.2398071289, 20.4214458466, 12.7540063858, 9.8039226532, 8.15746879578, 7.07034492493, 4.54878044128, 2.63170385361, 1.40446424484, 0.639503002167, 0.291433870792, 0.0906068757176, 0.0201931446791, 0.00333388452418, 0.000281994638499, 2.90782718366e-05, 3.61758720828e-05],
        "min": [1.99109744558e-21, 3.17451401141e-21, 3.31832065337e-21, 3.24148332929e-20, 1.41472441671e-19, 1.85510568131e-19, 2.30706204611e-19, 1.03777161997e-19, 2.92621940081e-19, 1.39635563044e-18, 1.04356775207e-18, 1.67437682458e-18, 3.87691653529e-18, 2.93305444591e-18, 1.18606243389e-18, 2.46456023327e-18, 6.64452803445e-18, 7.7100015971e-18, 6.3749593854e-18, 1.10440754787e-17, 4.78428693155e-18, 1.25599435082e-17, 1.37640463377e-17, 1.99652001871e-17, 2.33328278231e-17, 1.9816926408e-17, 1.34035097415e-17, 1.79467967744e-17, 1.75203603533e-17, 1.77756663406e-17, 2.16157745794e-17, 1.86875320499e-17, 1.99649884289e-17, 1.09094419079e-17, 7.7715851937e-18, 4.55984181209e-18, 2.79656240701e-18, 1.3087644414e-18, 3.50051254704e-19, 3.60470738355e-20],
        "var": [0.0181043762714, 0.47963899374, 4.92835664749, 10.9280729294, 54.1751213074, 120.109642029, 1114.40820312, 3981.42285156, 5696.89648438, 5143.58105469, 6254.35009766, 3243.13037109, 1377.45202637, 1229.21618652, 1608.02648926, 634.846496582, 779.959472656, 740.639648438, 1123.38342285, 719.96887207, 546.47479248, 727.071350098, 763.925476074, 1104.67810059, 857.034362793, 419.356658936, 127.523468018, 99.1150054932, 181.34425354, 116.663230896, 83.4570617676, 37.5836753845, 29.4205112457, 7.06103038788, 2.7663064003, 0.486421436071, 0.0163333434612, 0.000216460131924, 1.12896046289e-07, 5.45045453215e-10]
    },
    "gfcc": {
        "mean": [29.2196826935, 96.2453460693, -137.903610229, 41.4307022095, -77.2425384521, 5.4512219429, -43.1641082764, 5.23198604584, -21.1595306396, 0.694572269917, -13.833147049, -6.28515815735, -12.2464075089],
        "cov": [[2579.34619141, -499.548553467, -127.46321106, -74.4031066895, -218.332473755, 47.7719421387, -161.260192871, 138.406188965, -74.7187805176, 123.930030823, -57.9644813538, 60.8187942505, -89.6025390625], [-499.548553467, 805.674682617, -225.650527954, 95.0139923096, 125.987472534, -63.2199478149, 193.561019897, -100.97719574, 148.624542236, -96.7586517334, 144.811660767, -78.0149688721, 103.221557617], [-127.46321106, -225.650527954, 506.505523682, 34.4709968567, 117.401092529, 132.515151978, -43.341255188, 90.1153869629, -63.1247291565, 82.3496551514, -57.670753479, 76.8212585449, -21.3092803955], [-74.4031066895, 95.0139923096, 34.4709968567, 224.935302734, 64.5367050171, 6.33732891083, -0.797614097595, -9.023021698, 59.8705368042, -12.3665962219, 31.1008586884, 0.785179018974, 51.1898117065], [-218.332473755, 125.987472534, 117.401092529, 64.5367050171, 204.655395508, 61.3465499878, 58.2323532104, 33.5026741028, 15.6652708054, 22.0020980835, 10.7445745468, 17.2449512482, 12.0786104202], [47.7719421387, -63.2199478149, 132.515151978, 6.33732891083, 61.3465499878, 176.325500488, 34.8018417358, 55.4371337891, -4.07424640656, 19.2232341766, -0.148584887385, 10.6318588257, -11.4828662872], [-161.260192871, 193.561019897, -43.341255188, -0.797614097595, 58.2323532104, 34.8018417358, 159.977935791, 16.2904281616, 41.6599235535, -9.5224571228, 34.006072998, -25.4068698883, -2.72015285492], [138.406188965, -100.97719574, 90.1153869629, -9.023021698, 33.5026741028, 55.4371337891, 16.2904281616, 103.23097229, -0.627789676189, 43.1437950134, -17.9966526031, 16.3022632599, -17.3875427246], [-74.7187805176, 148.624542236, -63.1247291565, 59.8705368042, 15.6652708054, -4.07424640656, 41.6599235535, -0.627789676189, 139.804763794, 6.98938035965, 45.418888092, -5.62058019638, 32.3540306091], [123.930030823, -96.7586517334, 82.3496551514, -12.3665962219, 22.0020980835, 19.2232341766, -9.5224571228, 43.1437950134, 6.98938035965, 91.1829528809, -5.10457229614, 27.5315074921, -12.8834314346], [-57.9644813538, 144.811660767, -57.670753479, 31.1008586884, 10.7445745468, -0.148584887385, 34.006072998, -17.9966526031, 45.418888092, -5.10457229614, 90.4972763062, 8.24406528473, 37.1933784485], [60.8187942505, -78.0149688721, 76.8212585449, 0.785179018974, 17.2449512482, 10.6318588257, -25.4068698883, 16.3022632599, -5.62058019638, 27.5315074921, 8.24406528473, 79.9714660645, 17.7105026245], [-89.6025390625, 103.221557617, -21.3092803955, 51.1898117065, 12.0786104202, -11.4828662872, -2.72015285492, -17.3875427246, 32.3540306091, -12.8834314346, 37.1933784485, 17.7105026245, 77.6873092651]],
        "icov": [[0.000702408491634, -0.000473522522952, 0.000852982338984, -0.000569697760511, 0.00101068476215, -0.000825670897029, 0.00092694174964, -0.0012777185766, 0.000698112125974, -0.00118895433843, 0.000473309220979, -0.00119116983842, 0.00107299990486], [-0.000473522522952, 0.00634590350091, -0.00102569430601, 0.00168704881798, -0.00469922833145, 0.00321440561675, -0.00486067961901, 0.00406271824613, -0.00320120761171, 0.00400521839038, -0.00498471828178, 0.00583271170035, -0.0053717722185], [0.000852982338984, -0.00102569430601, 0.0053713019006, -0.00185405090451, 0.00011804177484, -0.00344023783691, 0.00232202652842, -0.00245983200148, 0.00252944836393, -0.00366018526256, 0.00298628560267, -0.00442472519353, 0.00196411693469], [-0.000569697760511, 0.00168704881798, -0.00185405090451, 0.00750456238165, -0.00369616597891, 0.0016151482705, -6.6089865868e-05, 0.00183121289592, -0.00381527724676, 0.00324851763435, -0.00227834633552, 0.00388542981818, -0.00479849381372], [0.00101068476215, -0.00469922833145, 0.00011804177484, -0.00369616597891, 0.011819884181, -0.00370164262131, 0.000781619222835, -0.00407337211072, 0.00329666677862, -0.00476378947496, 0.00402621971443, -0.00580183276907, 0.00384026952088], [-0.000825670897029, 0.00321440561675, -0.00344023783691, 0.0016151482705, -0.00370164262131, 0.0108214905486, -0.00417095096782, -0.000328029826051, -0.00211172364652, 0.00437355181202, -0.00452371034771, 0.00452802935615, -0.00253729475662], [0.00092694174964, -0.00486067961901, 0.00232202652842, -6.6089865868e-05, 0.000781619222835, -0.00417095096782, 0.0143191451207, -0.00599348824471, 0.000654517789371, -0.0019514762098, 0.000345794251189, -0.00225067604333, 0.00638111075386], [-0.0012777185766, 0.00406271824613, -0.00245983200148, 0.00183121289592, -0.00407337211072, -0.000328029826051, -0.00599348824471, 0.0196341983974, -0.00352543243207, -0.0015992752742, -5.70203555981e-05, 0.00338473380543, -0.00352501799352], [0.000698112125974, -0.00320120761171, 0.00252944836393, -0.00381527724676, 0.00329666677862, -0.00211172364652, 0.000654517789371, -0.00352543243207, 0.0129601005465, -0.00575091782957, 0.000225649899221, -0.00287532899529, 0.000871855183505], [-0.00118895433843, 0.00400521839038, -0.00366018526256, 0.00324851763435, -0.00476378947496, 0.00437355181202, -0.0019514762098, -0.0015992752742, -0.00575091782957, 0.0209109373391, -0.00538195995614, 0.00157541665249, -0.0007962458767], [0.000473309220979, -0.00498471828178, 0.00298628560267, -0.00227834633552, 0.00402621971443, -0.00452371034771, 0.000345794251189, -5.70203555981e-05, 0.000225649899221, -0.00538195995614, 0.0223948694766, -0.00829480495304, -0.00162314530462], [-0.00119116983842, 0.00583271170035, -0.00442472519353, 0.00388542981818, -0.00580183276907, 0.00452802935615, -0.00225067604333, 0.00338473380543, -0.00287532899529, 0.00157541665249, -0.00829480495304, 0.025089552626, -0.0109372325242], [0.00107299990486, -0.0053717722185, 0.00196411693469, -0.00479849381372, 0.00384026952088, -0.00253729475662, 0.00638111075386, -0.00352501799352, 0.000871855183505, -0.0007962458767, -0.00162314530462, -0.0109372325242, 0.0261853262782]]
    },
    "melbands": {
        "dmean": [0.000511116231792, 0.000515145016834, 0.000421310542151, 0.00033245809027, 0.000370709691197, 0.000518280663528, 0.000496544816997, 0.000398292671889, 0.000265823066002, 0.000132633911562, 8.61426306074e-05, 6.67315762257e-05, 3.54810508725e-05, 4.65335833724e-05, 2.58081363427e-05, 2.81702832581e-05, 3.15747674904e-05, 2.68328185484e-05, 2.24416871788e-05, 1.7090653273e-05, 1.41023365359e-05, 1.32338491312e-05, 1.06972547655e-05, 1.42892440635e-05, 1.11543504318e-05, 1.03006286736e-05, 9.00904433365e-06, 5.29735916643e-06, 3.64065590475e-06, 2.62056914835e-06, 2.48331048169e-06, 2.53279722529e-06, 2.30337900575e-06, 1.61091941209e-06, 1.43063618907e-06, 1.04215689589e-06, 7.81294829721e-07, 7.60772422836e-07, 5.98935969265e-07, 5.97143184677e-07],
        "dmean2": [0.000881655025296, 0.000858373765368, 0.000689808803145, 0.00054460397223, 0.000611545576248, 0.000842733716127, 0.00082770222798, 0.000664696563035, 0.000433060224168, 0.000218891276745, 0.000136333605042, 0.000106387262349, 5.50290242245e-05, 7.6557880675e-05, 4.13753259636e-05, 4.50576844742e-05, 5.21871188539e-05, 4.30648324254e-05, 3.73203220079e-05, 2.90557873086e-05, 2.35491406784e-05, 2.16761072807e-05, 1.81647574209e-05, 2.3930801035e-05, 1.76425801328e-05, 1.65984474734e-05, 1.42758854054e-05, 8.40883694764e-06, 5.9409539972e-06, 4.25303051088e-06, 3.87589398088e-06, 3.97426174459e-06, 3.60241074304e-06, 2.44298144025e-06, 2.14732858694e-06, 1.58709121933e-06, 1.19865887882e-06, 1.13622149911e-06, 9.00641850876e-07, 8.97724078186e-07],
        "dvar": [1.00690192539e-06, 6.68190182296e-07, 2.76321458159e-07, 1.53581325435e-07, 5.79012294111e-07, 9.70775772657e-07, 7.50523042825e-07, 4.78161496176e-07, 2.21047088189e-07, 6.75655229543e-08, 1.58039696885e-08, 9.23356680005e-09, 4.70015359966e-09, 6.51691856035e-09, 1.59433100055e-09, 1.85643045381e-09, 1.67168889842e-09, 1.35865951822e-09, 1.1791023713e-09, 6.73884004154e-10, 4.2430692293e-10, 3.63831575978e-10, 1.92756866024e-10, 4.04125122255e-10, 3.32500582623e-10, 2.28065247243e-10, 1.58366611491e-10, 8.08956304721e-11, 3.05742133e-11, 1.95296105676e-11, 1.51867164677e-11, 2.7718830703e-11, 3.26388360783e-11, 1.50538123633e-11, 1.74684468279e-11, 1.32784937559e-11, 1.02676998848e-11, 1.72084291261e-11, 7.48441673221e-12, 2.61798352094e-12],
        "dvar2": [2.71926887763e-06, 1.75944876446e-06, 7.18109561149e-07, 4.13943212152e-07, 1.53979578954e-06, 2.57875058196e-06, 2.08880737773e-06, 1.31323099595e-06, 5.54559392185e-07, 1.82907456292e-07, 3.74993902597e-08, 2.26472973708e-08, 9.7548662481e-09, 1.76797545492e-08, 3.85844289852e-09, 4.40740333119e-09, 4.4554080425e-09, 3.41061712206e-09, 3.03635183663e-09, 1.88029081194e-09, 1.1841346792e-09, 9.40497346669e-10, 5.61238833185e-10, 1.14082399083e-09, 7.81540832051e-10, 5.14931375317e-10, 3.50558554407e-10, 1.94533916753e-10, 7.91060966732e-11, 4.92694565701e-11, 3.25365949461e-11, 5.30658919584e-11, 6.81245476697e-11, 2.88748209371e-11, 3.78766636111e-11, 3.10359550559e-11, 2.21993829569e-11, 4.0099715215e-11, 1.73054747615e-11, 5.63608838419e-12],
        "max": [0.00807925034314, 0.00762843806297, 0.00479195266962, 0.00434267427772, 0.0109340641648, 0.0168663207442, 0.0152018982917, 0.00962979532778, 0.00576117681339, 0.00458194501698, 0.00266250502318, 0.00166397122666, 0.00257505197078, 0.00122899725102, 0.000662358652335, 0.000596333702561, 0.000466150115244, 0.000590021605603, 0.000461328891106, 0.000387116160709, 0.000361853977665, 0.000370429683244, 0.000187735640793, 0.000429985142546, 0.000356508156983, 0.000364727689885, 0.000250392331509, 0.000121670382214, 0.000106106534076, 7.5475552876e-05, 0.000101393576188, 0.000166691170307, 0.000112562600407, 0.000111059795017, 0.000109031483589, 9.6911106084e-05, 7.19187883078e-05, 9.62475387496e-05, 7.15411079e-05, 2.77074468613e-05],
        "mean": [0.000589148607105, 0.000836351711769, 0.000817447027657, 0.000649139168672, 0.000661549915094, 0.000873466662597, 0.000828362011816, 0.000629347458016, 0.000420218595536, 0.000221335649258, 0.000155249392265, 0.000119244272355, 6.46113112452e-05, 7.68982499721e-05, 4.71598214062e-05, 5.45557195437e-05, 5.6992208556e-05, 5.40088440175e-05, 4.1294752009e-05, 3.01295949612e-05, 2.8175107218e-05, 2.69098982244e-05, 2.1166222723e-05, 2.80473359453e-05, 2.3400201826e-05, 2.147228588e-05, 1.91782310139e-05, 1.07830119305e-05, 8.05471427157e-06, 6.05520426689e-06, 5.97709413341e-06, 5.9748131207e-06, 4.95709582538e-06, 3.76275397684e-06, 2.99349608213e-06, 2.22116477744e-06, 1.55652810463e-06, 1.20260347103e-06, 9.46704233229e-07, 9.38307209708e-07],
        "median": [0.000112637484563, 0.000555346545298, 0.000647745910101, 0.000504244817421, 0.000338198733516, 0.000407133309636, 0.000434937595855, 0.00037428442738, 0.000216976884985, 0.000116298528155, 9.05666674953e-05, 6.79431977915e-05, 3.42808270943e-05, 4.38605129602e-05, 2.90487041639e-05, 2.93030316243e-05, 3.85038765671e-05, 3.64010411431e-05, 2.28034150496e-05, 1.98609232029e-05, 2.0630290237e-05, 1.8475959223e-05, 1.45599442476e-05, 1.91798044398e-05, 1.50040214066e-05, 1.43414072227e-05, 1.19700744108e-05, 6.89516491548e-06, 5.99086615694e-06, 4.59656621388e-06, 4.4858934416e-06, 4.17324918089e-06, 3.06519586957e-06, 2.25093162953e-06, 1.50268840571e-06, 1.14320846478e-06, 7.05918864696e-07, 4.73999762107e-07, 3.05448168092e-07, 2.18420680653e-07],
        "min": [1.29779775255e-23, 2.21866084353e-24, 8.72959236402e-24, 1.31420945148e-23, 7.27244794294e-24, 2.89064214488e-24, 4.905118176e-24, 1.63633275575e-23, 7.34822907694e-24, 1.26303210026e-23, 1.99247631764e-23, 1.27606834226e-23, 3.3683895225e-24, 4.38215112193e-24, 1.2780922438e-23, 1.42896078752e-23, 1.38430352945e-23, 8.47745190833e-24, 1.7034670276e-23, 1.00927637298e-23, 4.53360571041e-24, 1.32605151585e-23, 1.02265119408e-23, 1.40442705559e-23, 1.60112021375e-23, 1.9747342048e-23, 1.13194866136e-23, 1.47710496856e-23, 7.82520987898e-24, 8.37082000205e-24, 1.12403188997e-23, 1.03525987347e-23, 8.62489316696e-24, 1.04942071558e-23, 1.28879456193e-23, 1.17853428991e-23, 1.1406908968e-23, 1.40983138388e-23, 1.39027094665e-23, 7.2274757716e-24],
        "var": [1.13460782813e-06, 9.29313557663e-07, 4.40278085989e-07, 2.9871625884e-07, 9.29682414608e-07, 1.70749001427e-06, 1.36607673085e-06, 7.14553209491e-07, 3.54377391432e-07, 1.18868385357e-07, 3.63720893404e-08, 2.36527561981e-08, 1.36364244341e-08, 1.12923208562e-08, 3.37403549544e-09, 4.64430360836e-09, 3.21463611286e-09, 3.66627750381e-09, 2.59338639452e-09, 1.14963172315e-09, 8.43462855116e-10, 9.38579991505e-10, 4.82129336454e-10, 1.2402674443e-09, 8.81862249891e-10, 5.70623992502e-10, 4.80914141843e-10, 1.73595943176e-10, 5.90439017123e-11, 3.71392951115e-11, 3.79765559277e-11, 6.12255662835e-11, 5.9572694e-11, 3.52243199886e-11, 3.18409361377e-11, 1.95017214183e-11, 1.43472178582e-11, 1.86000485847e-11, 9.18293305979e-12, 4.49044013778e-12]
    },
    "mfcc": {
        "mean": [-599.450683594, 112.548118591, -5.46443843842, 25.9278316498, -9.85926151276, -1.34376060963, -10.9199590683, -2.24903583527, -7.11265134811, 1.8518538475, 1.03586852551, -2.99532556534, -2.82335543633],
        "cov": [[1837.58044434, -408.648071289, -96.8300476074, -149.089981079, -97.506980896, -140.808761597, -126.753883362, -31.2833576202, -26.024181366, 24.101896286, 7.0570230484, -23.0523738861, 54.8608169556], [-408.648071289, 582.579833984, -138.209259033, 87.9683227539, -28.5804042816, 65.056892395, 62.290763855, 43.8668518066, 15.3394546509, 26.3432788849, 23.4171466827, 38.6175460815, -0.225748449564], [-96.8300476074, -138.209259033, 315.737457275, -13.3295478821, 112.740623474, 37.6296577454, 37.5556335449, 11.8405265808, 24.941204071, -4.0971736908, 4.54360675812, 1.65731918812, 8.91039562225], [-149.089981079, 87.9683227539, -13.3295478821, 214.437744141, 47.290851593, 22.0214500427, -18.3210926056, 0.542280375957, 18.9268989563, 6.69778871536, -10.5723667145, 11.3375177383, 13.5151796341], [-97.506980896, -28.5804042816, 112.740623474, 47.290851593, 185.542785645, 50.4137229919, 29.6471481323, 19.2343502045, 33.0988693237, 5.46793079376, 1.23063004017, 12.3159122467, 10.0444278717], [-140.808761597, 65.056892395, 37.6296577454, 22.0214500427, 50.4137229919, 108.910995483, 40.9762458801, 34.505657196, 17.7555770874, 26.745639801, 18.6628036499, 12.3795976639, -2.47830986977], [-126.753883362, 62.290763855, 37.5556335449, -18.3210926056, 29.6471481323, 40.9762458801, 149.649932861, 40.0276603699, 13.6566381454, 19.6607284546, 18.4226932526, 6.85413789749, -2.70571994781], [-31.2833576202, 43.8668518066, 11.8405265808, 0.542280375957, 19.2343502045, 34.505657196, 40.0276603699, 86.0679931641, 23.0571155548, 23.1961975098, 13.5219535828, 12.3099946976, 3.27015972137], [-26.024181366, 15.3394546509, 24.941204071, 18.9268989563, 33.0988693237, 17.7555770874, 13.6566381454, 23.0571155548, 72.7565765381, 31.088804245, 16.3135986328, 12.9086465836, 9.58928966522], [24.101896286, 26.3432788849, -4.0971736908, 6.69778871536, 5.46793079376, 26.745639801, 19.6607284546, 23.1961975098, 31.088804245, 98.1708831787, 32.6251106262, 8.62889289856, 1.32060420513], [7.0570230484, 23.4171466827, 4.54360675812, -10.5723667145, 1.23063004017, 18.6628036499, 18.4226932526, 13.5219535828, 16.3135986328, 32.6251106262, 69.6046676636, 24.2591342926, 3.29417181015], [-23.0523738861, 38.6175460815, 1.65731918812, 11.3375177383, 12.3159122467, 12.3795976639, 6.85413789749, 12.3099946976, 12.9086465836, 8.62889289856, 24.2591342926, 59.8540077209, 15.4866704941], [54.8608169556, -0.225748449564, 8.91039562225, 13.5151796341, 10.0444278717, -2.47830986977, -2.70571994781, 3.27015972137, 9.58928966522, 1.32060420513, 3.29417181015, 15.4866704941, 63.8564224243]],
