{
"lowlevel": {
    "average_loudness": 0.965670645237,
    "barkbands_crest": {
        "dmean": 3.71116304398,
        "dmean2": 6.03145933151,
        "dvar": 13.8491859436,
        "dvar2": 30.8269100189,
        "max": 25.668592453,
        "mean": 12.9047784805,
        "median": 11.4124860764,
        "min": 2.28453683853,
        "var": 36.5395393372
    },
    "barkbands_flatness_db": {
        "dmean": 0.0633974969387,
        "dmean2": 0.0900587439537,
        "dvar": 0.00373521354049,
        "dvar2": 0.00739568797871,
        "max": 0.684635937214,
        "mean": 0.224313735962,
        "median": 0.209027945995,
        "min": 0.0203317645937,
        "var": 0.0125144375488
    },
    "barkbands_kurtosis": {
        "dmean": 21.0073947906,
        "dmean2": 35.6207733154,
        "dvar": 7087.60498047,
        "dvar2": 17236.4238281,
        "max": 1209.95837402,
        "mean": 20.431142807,
        "median": 2.65968132019,
        "min": -1.97337794304,
        "var": 7326.54345703
    },
    "barkbands_skewness": {
        "dmean": 1.39215135574,
        "dmean2": 2.28667783737,
        "dvar": 6.2765378952,
        "dvar2": 15.3812398911,
        "max": 25.9712715149,
        "mean": 2.22875881195,
        "median": 1.64124405384,
        "min": -3.51386380196,
        "var": 8.07633686066
    },
    "barkbands_spread": {
        "dmean": 14.5548200607,
        "dmean2": 22.3782138824,
        "dvar": 488.104278564,
        "dvar2": 967.620544434,
        "max": 139.543899536,
        "mean": 25.0236339569,
        "median": 16.844959259,
        "min": 0.0754742994905,
        "var": 750.832458496
    },
    "dissonance": {
        "dmean": 0.0216830186546,
        "dmean2": 0.0363545306027,
        "dvar": 0.00114020693582,
        "dvar2": 0.00285747600719,
        "max": 0.500000119209,
        "mean": 0.467812299728,
        "median": 0.485400736332,
        "min": 0.196428656578,
        "var": 0.00206339964643
    },
    "dynamic_complexity": 3.02353572845,
    "erbbands_crest": {
        "dmean": 2.37269592285,
        "dmean2": 3.86361289024,
        "dvar": 8.14556407928,
        "dvar2": 17.4763851166,
        "max": 29.4674835205,
        "mean": 9.09388923645,
        "median": 8.49872970581,
        "min": 2.91103935242,
        "var": 15.7536029816
    },
    "erbbands_flatness_db": {
        "dmean": 0.0543555542827,
        "dmean2": 0.0775552988052,
        "dvar": 0.00245722499676,
        "dvar2": 0.0052058333531,
        "max": 0.41962236166,
        "mean": 0.196924045682,
        "median": 0.187680214643,
        "min": 0.0428040660918,
        "var": 0.00591590255499
    },
    "erbbands_kurtosis": {
        "dmean": 3.66003441811,
        "dmean2": 6.0591878891,
        "dvar": 173.63243103,
        "dvar2": 387.202850342,
        "max": 239.334182739,
        "mean": 2.58873963356,
        "median": -0.735706806183,
        "min": -1.84990715981,
        "var": 208.48348999
    },
    "erbbands_skewness": {
        "dmean": 0.724045813084,
        "dmean2": 1.11948883533,
        "dvar": 1.25479066372,
        "dvar2": 2.63566088676,
        "max": 12.0314645767,
        "mean": 0.430395483971,
        "median": 0.257074654102,
        "min": -4.16054344177,
        "var": 1.8919532299
    },
    "erbbands_spread": {
        "dmean": 16.67329216,
        "dmean2": 27.5610237122,
        "dvar": 661.30078125,
        "dvar2": 1683.7869873,
        "max": 211.564666748,
        "mean": 40.8759002686,
        "median": 36.5845718384,
        "min": 1.54240238667,
        "var": 699.036682129
    },
    "hfc": {
        "dmean": 27.1374225616,
        "dmean2": 47.7053451538,
        "dvar": 3248.31469727,
        "dvar2": 8618.04394531,
        "max": 343.140838623,
        "mean": 27.2487659454,
        "median": 12.7721405029,
        "min": 1.18524737974e-16,
        "var": 2366.38720703
    },
    "melbands_crest": {
        "dmean": 4.31537723541,
        "dmean2": 6.67909955978,
        "dvar": 20.4968585968,
        "dvar2": 43.7847900391,
        "max": 35.9998703003,
        "mean": 18.4981822968,
        "median": 16.5918426514,
        "min": 2.76400589943,
        "var": 66.7197875977
    },
    "melbands_flatness_db": {
        "dmean": 0.0769087225199,
        "dmean2": 0.108136214316,
        "dvar": 0.00550644518808,
        "dvar2": 0.0103269536048,
        "max": 0.847670137882,
        "mean": 0.309455305338,
        "median": 0.288852959871,
        "min": 0.00819181930274,
        "var": 0.0205680169165
    },
    "melbands_kurtosis": {
        "dmean": 36.8235206604,
        "dmean2": 64.3998794556,
        "dvar": 24101.7011719,
        "dvar2": 65668.453125,
        "max": 2350.20166016,
        "mean": 37.4954032898,
        "median": 9.77662467957,
        "min": -1.71139001846,
        "var": 20012.7929688
    },
    "melbands_skewness": {
        "dmean": 1.54631888866,
        "dmean2": 2.52232789993,
        "dvar": 8.80443382263,
        "dvar2": 23.9441184998,
        "max": 38.4702568054,
        "mean": 3.46566176414,
        "median": 2.67526340485,
        "min": -1.6421558857,
        "var": 10.5767240524
    },
    "melbands_spread": {
        "dmean": 12.2925577164,
        "dmean2": 19.5891151428,
        "dvar": 460.837860107,
        "dvar2": 1060.90124512,
        "max": 224.361877441,
        "mean": 20.5749893188,
        "median": 14.2390651703,
        "min": 0.1051011011,
        "var": 570.50567627
    },
    "pitch_salience": {
        "dmean": 0.114615499973,
        "dmean2": 0.179860219359,
        "dvar": 0.0141379777342,
        "dvar2": 0.0308085009456,
        "max": 0.917224645615,
        "mean": 0.491165369749,
        "median": 0.51122635603,
        "min": 0.0262323599309,
        "var": 0.0361074544489
    },
    "silence_rate_20dB": {
        "dmean": 0,
        "dmean2": 0,
        "dvar": 0,
        "dvar2": 0,
        "max": 1,
        "mean": 1,
        "median": 1,
        "min": 1,
        "var": 0
    },
    "silence_rate_30dB": {
        "dmean": 0.0154639175162,
        "dmean2": 0.0309437848628,
        "dvar": 0.0152243198827,
        "dvar2": 0.0403027646244,
        "max": 1,
        "mean": 0.986089646816,
        "median": 1,
        "min": 0,
        "var": 0.0137162990868
    },
    "silence_rate_60dB": {
        "dmean": 0.0443298965693,
        "dmean2": 0.0881897881627,
        "dvar": 0.0423648916185,
        "dvar2": 0.0824751928449,
        "max": 1,
        "mean": 0.111282840371,
        "median": 0,
        "min": 0,
        "var": 0.0988997071981
    },
    "spectral_centroid": {
        "dmean": 451.648742676,
        "dmean2": 676.47869873,
        "dvar": 586005.0625,
        "dvar2": 1083051.75,
        "max": 10935.3779297,
        "mean": 1443.21862793,
        "median": 1320.43518066,
        "min": 55.8563499451,
        "var": 1116298.625
    },
    "spectral_complexity": {
        "dmean": 4.1768040657,
        "dmean2": 5.92160892487,
        "dvar": 40.3406257629,
        "dvar2": 69.4121932983,
        "max": 58,
        "mean": 14.6419372559,
        "median": 14,
        "min": 0,
        "var": 134.220703125
    },
    "spectral_decrease": {
        "dmean": 3.81080189626e-09,
        "dmean2": 6.26434637496e-09,
        "dvar": 2.25632074007e-17,
        "dvar2": 6.5040139539e-17,
        "max": 2.3643233591e-29,
        "mean": -8.69134986203e-09,
        "median": -7.54314299911e-09,
        "min": -4.10309191068e-08,
        "var": 5.08571088502e-17
    },
    "spectral_energy": {
        "dmean": 0.0158551130444,
        "dmean2": 0.027110459283,
        "dvar": 0.000353766372427,
        "dvar2": 0.000999790150672,
        "max": 0.15821133554,
        "mean": 0.0352746285498,
        "median": 0.0320553667843,
        "min": 1.0661308772e-20,
        "var": 0.000760068418458
    },
    "spectral_energyband_high": {
        "dmean": 0.00241845310666,
        "dmean2": 0.00428184168413,
        "dvar": 2.83310455416e-05,
        "dvar2": 7.52355044824e-05,
        "max": 0.0332872085273,
        "mean": 0.00164550519548,
        "median": 5.03525989188e-05,
        "min": 7.72790417662e-21,
        "var": 1.98165271286e-05
    },
    "spectral_energyband_low": {
        "dmean": 0.0115588922054,
        "dmean2": 0.0180218089372,
        "dvar": 0.000271585362498,
        "dvar2": 0.000829511322081,
        "max": 0.144966617227,
        "mean": 0.0211664829403,
        "median": 0.0156977139413,
        "min": 9.9968290929e-23,
        "var": 0.000534833641723
    },
    "spectral_energyband_middle_high": {
        "dmean": 0.0015039590653,
        "dmean2": 0.00243472028524,
        "dvar": 1.00043753264e-05,
        "dvar2": 2.50003940891e-05,
        "max": 0.0269904881716,
        "mean": 0.00312104192562,
        "median": 0.00209070486017,
        "min": 1.50487195735e-21,
        "var": 1.48738408825e-05
    },
    "spectral_energyband_middle_low": {
        "dmean": 0.00521344412118,
        "dmean2": 0.00846444815397,
        "dvar": 6.86622006469e-05,
        "dvar2": 0.00016998204228,
        "max": 0.0922264456749,
        "mean": 0.00979124289006,
        "median": 0.00719243520871,
        "min": 2.16807779644e-22,
        "var": 9.39148885664e-05
    },
    "spectral_entropy": {
        "dmean": 0.52820456028,
        "dmean2": 0.782571196556,
        "dvar": 0.377982646227,
        "dvar2": 0.738821089268,
        "max": 9.79519367218,
        "mean": 7.11708641052,
        "median": 7.04797887802,
        "min": 3.68885993958,
        "var": 0.817744016647
    },
    "spectral_flux": {
        "dmean": 0.042881064117,
        "dmean2": 0.0667468085885,
        "dvar": 0.00177310453728,
        "dvar2": 0.00358310062438,
        "max": 0.302140563726,
        "mean": 0.0949111357331,
        "median": 0.0872616544366,
        "min": 1.03253613992e-10,
        "var": 0.00381606933661
    },
    "spectral_kurtosis": {
        "dmean": 9.78825855255,
        "dmean2": 15.021487236,
        "dvar": 268.702880859,
        "dvar2": 554.634155273,
        "max": 144.666213989,
        "mean": 13.1811532974,
        "median": 6.33018875122,
        "min": -1.16541194916,
        "var": 433.261108398
    },
    "spectral_rms": {
        "dmean": 0.0013050584821,
        "dmean2": 0.002163664205,
        "dvar": 1.96989094547e-06,
        "dvar2": 4.74394437333e-06,
        "max": 0.0124238692224,
        "mean": 0.00527552608401,
        "median": 0.00559227401391,
        "min": 3.2251011757e-12,
        "var": 6.58314911561e-06
    },
    "spectral_rolloff": {
        "dmean": 1622.9921875,
        "dmean2": 2853.32714844,
        "dvar": 10500192,
        "dvar2": 21819258,
        "max": 19164.5507812,
        "mean": 2167.06323242,
        "median": 624.462890625,
        "min": 21.533203125,
        "var": 12021313
    },
    "spectral_skewness": {
        "dmean": 0.895813286304,
        "dmean2": 1.36126410961,
        "dvar": 1.2803093195,
        "dvar2": 2.5984389782,
        "max": 10.3466281891,
        "mean": 2.17224574089,
        "median": 1.72327148914,
        "min": -0.151463568211,
        "var": 2.7910554409
    },
    "spectral_spread": {
        "dmean": 2141236.75,
        "dmean2": 3205493,
        "dvar": 7.26076070298e+12,
        "dvar2": 1.29223758971e+13,
        "max": 38958672,
        "mean": 4774594.5,
        "median": 3736845.5,
        "min": 557898.4375,
        "var": 1.50279039222e+13
    },
    "spectral_strongpeak": {
        "dmean": 0.201123580337,
        "dmean2": 0.328885018826,
        "dvar": 0.124003000557,
        "dvar2": 0.326650738716,
        "max": 4.94871091843,
        "mean": 0.4785810709,
        "median": 0.394741415977,
        "min": 0,
        "var": 0.186700791121
    },
    "zerocrossingrate": {
        "dmean": 0.0287247803062,
        "dmean2": 0.0337659455836,
        "dvar": 0.00170718645677,
        "dvar2": 0.00206275423989,
        "max": 0.5029296875,
        "mean": 0.0624997466803,
        "median": 0.041015625,
        "min": 0,
        "var": 0.00453234650195
    },
    "barkbands": {
        "dmean": [0.000443920871476, 0.010774590075, 0.00166915648151, 0.00141613814048, 0.00195782631636, 0.0012457248522, 0.000953524839133, 0.000649580964819, 0.000547631410882, 0.000220247675315, 0.00010162077524, 0.000118511707115, 0.00010183465929, 8.93357137102e-05, 6.19674246991e-05, 0.00020895205671, 0.000308469781885, 0.000369033397874, 0.00025027236552, 0.000229151090025, 0.000183637210284, 0.000254060287261, 0.000377939926693, 0.000285872782115, 0.000370132096577, 0.000760694325436, 3.82760699722e-05],
        "dmean2": [0.00049614708405, 0.0168861392885, 0.00271957879886, 0.00241509429179, 0.0033207051456, 0.0020323775243, 0.00161291332915, 0.00108703249134, 0.000848066818435, 0.000382389785955, 0.000166225800058, 0.000190990409465, 0.000175113324076, 0.000144689620356, 9.34739146032e-05, 0.000347073801095, 0.000506435870193, 0.00061316677602, 0.000420845113695, 0.000392439600546, 0.000302597647533, 0.000448167469585, 0.000675904273521, 0.000513927545398, 0.000664226477966, 0.00134883832652, 6.71480738674e-05],
        "dvar": [3.42023810163e-07, 0.000258458894677, 1.11306917461e-05, 1.65283236129e-05, 1.08878330138e-05, 3.20683921018e-06, 2.74110357168e-06, 1.02682861325e-06, 5.73238366997e-07, 2.59034834471e-07, 2.75066298627e-08, 4.03074942312e-08, 4.57041089419e-08, 5.41993934178e-08, 2.65260347021e-08, 3.09101665152e-07, 3.63446702067e-07, 9.38933283123e-07, 4.29924767786e-07, 4.89840431328e-07, 2.80965053889e-07, 4.53430857306e-07, 6.64152878471e-07, 4.21294117814e-07, 9.46305704019e-07, 4.7903831728e-06, 1.69645097969e-08],
        "dvar2": [4.60078581455e-07, 0.000835046637803, 2.57593783317e-05, 3.94953203795e-05, 3.01170275634e-05, 7.23289485904e-06, 6.7446057983e-06, 2.52773793363e-06, 1.33759795062e-06, 7.43261750813e-07, 6.64812063178e-08, 9.19051075243e-08, 1.26627369923e-07, 1.40412737437e-07, 5.24706891269e-08, 7.92184323473e-07, 8.45420231599e-07, 2.4849186957e-06, 1.15284876756e-06, 1.28367184971e-06, 7.11570351086e-07, 1.18421587558e-06, 1.76995104084e-06, 1.13642590804e-06, 2.56956582234e-06, 1.29480467876e-05, 4.57316637892e-08],
        "max": [0.00693341903389, 0.140549868345, 0.0302193537354, 0.0377104878426, 0.0481053590775, 0.015788430348, 0.0207032132894, 0.0137070557103, 0.00798136740923, 0.00624149246141, 0.00265617668629, 0.00224744365551, 0.0020446581766, 0.00189270521514, 0.00143788091373, 0.00527713168412, 0.00846181437373, 0.0119230989367, 0.00552964070812, 0.00617693876848, 0.00490483781323, 0.00576738547534, 0.00549786537886, 0.00384657969698, 0.00650716200471, 0.0135048972443, 0.0013275075471],
        "mean": [0.000953365699388, 0.0176561567932, 0.00214406917803, 0.00105604541022, 0.00260401587002, 0.00194876641035, 0.00139195844531, 0.00126696529333, 0.0014425489353, 0.000342204293702, 0.000187831392395, 0.000263909489149, 0.000189945145394, 0.000131375636556, 7.81766793807e-05, 0.000319376966218, 0.000609761918895, 0.000603225897066, 0.00036480568815, 0.000200789421797, 0.000154508699779, 0.000180955423275, 0.000249763164902, 0.000184028845979, 0.000234477629419, 0.000490003905725, 2.56282110058e-05],
        "median": [0.000272824749118, 0.0119215110317, 0.000129244072014, 3.1960033084e-05, 0.00140118913259, 0.000904276384972, 0.00053843925707, 0.000638151075691, 0.000864795118105, 0.000139831041452, 8.94229960977e-05, 7.53584390623e-05, 4.03046324209e-05, 1.65894980455e-05, 1.09989960038e-05, 2.53845464613e-05, 6.19850106887e-05, 0.000124457408674, 5.72717981413e-05, 1.57666581799e-05, 6.71054385748e-06, 3.36763991982e-06, 4.5688479986e-06, 3.15353372571e-06, 4.51339838037e-06, 3.27833163283e-06, 4.89866955888e-08],
        "min": [4.63586448738e-23, 6.49125113696e-23, 3.7953533877e-24, 1.37057512116e-24, 2.43367596674e-23, 8.05479995683e-23, 8.63864537912e-24, 3.18916584686e-23, 6.94462401423e-23, 5.18743634785e-23, 5.98509462989e-23, 7.32945371408e-23, 1.03212137458e-22, 1.58397337534e-22, 1.54475625985e-22, 1.03414761115e-22, 1.30592136327e-22, 2.02960607563e-22, 3.33025570235e-22, 2.84091632138e-22, 4.23027405109e-22, 5.49756584247e-22, 7.27024610594e-22, 6.24690443769e-22, 1.64028946117e-21, 1.60215867656e-21, 2.28102626976e-21],
        "var": [1.64335915542e-06, 0.000452281616163, 1.63349195645e-05, 1.35789632623e-05, 1.25724009195e-05, 6.37269931758e-06, 4.25427288064e-06, 2.86142267214e-06, 2.55169970842e-06, 3.31395028752e-07, 7.43949968296e-08, 1.41684566302e-07, 9.65630917449e-08, 8.86438229486e-08, 3.74110165069e-08, 5.56468933155e-07, 1.28596241211e-06, 1.34586457534e-06, 4.97530834309e-07, 4.0434341031e-07, 2.43292930691e-07, 3.39421774243e-07, 4.5685530381e-07, 2.7924306778e-07, 6.14395673892e-07, 3.17838430419e-06, 1.13688365388e-08]
    },
    "erbbands": {
        "dmean": [0.442874073982, 2.02282953262, 2.41274833679, 2.87392902374, 5.46408939362, 7.12463521957, 9.20643138885, 11.2430496216, 11.9293041229, 13.0324401855, 14.6438646317, 11.5241661072, 8.6517829895, 5.16377735138, 4.01294898987, 4.21158981323, 4.32559919357, 4.49379634857, 3.95655012131, 6.43956518173, 9.43401241302, 16.2926483154, 19.3352050781, 19.2001342773, 9.27317810059, 9.48917961121, 10.9095115662, 6.56166791916, 9.62682437897, 13.0660734177, 9.02091026306, 6.75322961807, 4.12903308868, 3.14201998711, 3.24532341957, 2.70787382126, 1.68268334866, 0.208077222109, 0.00630560750142, 0.000179429844138],
        "dmean2": [0.677680552006, 3.32210755348, 4.01225709915, 4.4793214798, 9.51177787781, 12.2696847916, 14.8831090927, 18.3259468079, 20.3929958344, 21.957983017, 24.0616168976, 18.1777896881, 14.6410055161, 8.62637329102, 6.61271858215, 6.89740848541, 7.19499158859, 7.1704955101, 6.39779043198, 10.0007610321, 15.0057296753, 26.9282093048, 31.8855705261, 32.1263008118, 14.8633136749, 15.9263591766, 18.653295517, 11.1320095062, 17.0670204163, 23.2932167053, 16.0963764191, 12.1918106079, 7.45678281784, 5.74100542068, 5.82286167145, 4.79566860199, 3.01126241684, 0.365681797266, 0.011193648912, 0.000317171419738],
        "dvar": [0.412951678038, 9.79617023468, 17.2708892822, 55.9541549683, 156.720932007, 144.4427948, 198.352584839, 282.925537109, 436.574279785, 455.533721924, 504.54788208, 272.552185059, 337.244049072, 102.33631134, 41.3603172302, 56.1040382385, 69.5193862915, 125.841377258, 120.511245728, 346.212524414, 468.495452881, 1027.71508789, 2037.0904541, 2666.65771484, 486.436004639, 817.719177246, 1297.73571777, 305.306488037, 761.256103516, 805.350830078, 370.550109863, 226.897735596, 93.0821762085, 62.8094482422, 79.5170440674, 60.8018608093, 24.1778030396, 0.370621681213, 0.000413377594668, 2.301134856e-07],
        "dvar2": [1.23233497143, 31.7311420441, 45.0370483398, 120.778083801, 415.532226562, 397.297515869, 472.672790527, 630.133056641, 1107.16601562, 1111.25, 1213.80932617, 637.414611816, 928.240905762, 272.392547607, 101.522041321, 138.768432617, 185.402770996, 316.075439453, 294.782104492, 790.04296875, 1102.02246094, 2481.17016602, 5287.62011719, 7126.86132812, 1226.16540527, 2112.18383789, 3510.30151367, 766.881347656, 2031.93615723, 2133.32763672, 977.954284668, 611.181518555, 252.352584839, 173.646438599, 214.105438232, 164.430007935, 65.8769378662, 0.992251634598, 0.00112616911065, 6.21429876446e-07],
        "max": [5.58402061462, 25.553483963, 38.1917190552, 87.5356140137, 122.059936523, 157.215637207, 164.311660767, 189.08644104, 185.619476318, 335.511505127, 363.677886963, 205.704772949, 212.086883545, 108.919776917, 70.9981307983, 89.2146835327, 85.1142425537, 114.862915039, 77.1345214844, 177.516677856, 326.425598145, 383.088623047, 505.223358154, 440.557037354, 201.09552002, 249.306289673, 347.357025146, 141.571502686, 239.112487793, 197.604125977, 143.280105591, 102.893112183, 59.9300079346, 63.7053756714, 59.4984283447, 51.4596405029, 31.0992279053, 4.53179740906, 0.183448135853, 0.00350446347147],
        "mean": [0.697599768639, 3.15720295906, 3.1976583004, 2.86393475533, 5.45787906647, 8.75528144836, 13.7746553421, 17.8941650391, 17.64453125, 22.7570724487, 31.2712001801, 28.5850200653, 18.3156681061, 9.9543170929, 7.6710729599, 9.01950263977, 9.33697128296, 7.90629768372, 4.25165462494, 7.62220191956, 18.4567298889, 31.2892303467, 34.6043663025, 29.040769577, 14.4552030563, 8.95136642456, 8.60902309418, 5.40394258499, 6.74430274963, 8.71723937988, 6.03204488754, 4.35018587112, 2.64213013649, 1.95106160641, 2.07746481895, 1.75823652744, 1.06519424915, 0.1367841959, 0.00411495240405, 0.000146640479215],
        "median": [0.225534752011, 2.10879325867, 0.942374110222, 0.308989822865, 0.538188397884, 4.54912376404, 7.27054452896, 8.66861343384, 8.13596630096, 13.380279541, 17.0498943329, 17.8666477203, 6.90543460846, 4.16291570663, 3.66601848602, 3.13554143906, 2.37591600418, 1.0995029211, 0.691800475121, 0.801376819611, 2.20640158653, 4.63577890396, 6.37128019333, 4.49440336227, 2.81642794609, 0.899827778339, 0.316437244415, 0.229104235768, 0.126209616661, 0.173072054982, 0.104735806584, 0.0720532014966, 0.0482239052653, 0.0402337163687, 0.0338012576103, 0.0154145816341, 0.00589337293059, 0.000603257329203, 3.88860789826e-05, 4.52707135992e-05],
        "min": [3.70933716842e-21, 7.57665937149e-21, 6.99862733659e-21, 4.74726627583e-21, 3.9231573791e-20, 8.75068553906e-20, 3.36436611454e-19, 6.82275940027e-19, 2.25011350437e-19, 2.53481976543e-19, 7.45438262529e-19, 1.90295836409e-18, 1.01070769205e-18, 2.12568832455e-18, 3.05000930593e-18, 3.26680300472e-18, 5.22560433196e-18, 8.74679391277e-18, 1.04239530627e-17, 4.69067986471e-18, 6.63293592535e-18, 6.91028917114e-18, 1.04558607277e-17, 1.51675261645e-17, 1.59177971781e-17, 1.54292163319e-17, 1.98030033039e-17, 1.44148298574e-17, 1.83133138864e-17, 2.03399940683e-17, 1.99600997915e-17, 1.47639530155e-17, 1.01604687407e-17, 1.40014099504e-17, 1.27699630114e-17, 5.8966843824e-18, 3.25740540578e-18, 1.26328873966e-18, 2.78877532873e-19, 3.5043212614e-20],
        "var": [0.908376157284, 14.1012878418, 24.8913803101, 58.4133872986, 130.726760864, 166.683197021, 359.889953613, 564.104797363, 569.68170166, 1024.88330078, 1533.58032227, 1058.52612305, 789.945617676, 223.862457275, 103.177375793, 148.330474854, 206.995056152, 306.435119629, 119.027198792, 388.517730713, 1637.54406738, 2943.18823242, 3193.75073242, 3211.25708008, 791.249267578, 720.377990723, 962.860900879, 265.601318359, 541.663269043, 563.83807373, 260.875610352, 150.860229492, 60.7614707947, 38.9267234802, 52.4088287354, 40.3256530762, 15.6994361877, 0.251497030258, 0.000268971227342, 1.54887558779e-07]
    },
    "gfcc": {
        "mean": [-68.7993087769, 102.390365601, -88.1367797852, 17.7632312775, -48.9188232422, -4.85047912598, -25.19556427, 26.6421813965, -13.2391901016, 4.97030639648, -4.7671122551, 14.5696611404, -12.2307662964],
        "cov": [[14441.4003906, -1961.56726074, -1858.99169922, 1143.77563477, -827.786071777, 544.983764648, -484.99621582, 478.370574951, -310.53894043, -1.87809181213, -306.697113037, -69.022026062, -426.114990234], [-1961.56726074, 5121.77929688, -684.418212891, -444.684265137, 1205.73620605, -1133.51660156, 563.049560547, -307.214324951, 166.794662476, -462.026794434, 379.562194824, -377.969390869, 305.193969727], [-1858.99169922, -684.418212891, 3518.83398438, 310.046630859, 13.9963245392, 801.896362305, -275.963195801, -307.406158447, 166.926696777, 231.753387451, -213.524398804, 255.651092529, 29.6621704102], [1143.77563477, -444.684265137, 310.046630859, 1309.06103516, 201.12739563, 423.550750732, 51.2162704468, -37.9539680481, 74.9453048706, 50.3222846985, -40.0395011902, -155.317047119, 79.0899047852], [-827.786071777, 1205.73620605, 13.9963245392, 201.12739563, 836.031555176, -198.851074219, 375.863616943, 74.7825241089, 144.413452148, -122.808303833, 117.458297729, -81.743347168, 37.8744697571], [544.983764648, -1133.51660156, 801.896362305, 423.550750732, -198.851074219, 637.026916504, -49.4706039429, 29.6459026337, 49.6033630371, 191.45300293, -89.8670883179, 36.1674842834, -42.9740486145], [-484.99621582, 563.049560547, -275.963195801, 51.2162704468, 375.863616943, -49.4706039429, 457.564910889, 105.161628723, 100.393287659, -1.15664112568, 162.501998901, -87.0783233643, 9.11632633209], [478.370574951, -307.214324951, -307.406158447, -37.9539680481, 74.7825241089, 29.6459026337, 105.161628723, 312.674743652, 55.3171310425, -9.35835647583, 39.9684715271, 85.2687759399, -87.2724761963], [-310.53894043, 166.794662476, 166.926696777, 74.9453048706, 144.413452148, 49.6033630371, 100.393287659, 55.3171310425, 201.180480957, 38.3942298889, 65.6538696289, 29.4132804871, 78.135887146], [-1.87809181213, -462.026794434, 231.753387451, 50.3222846985, -122.808303833, 191.45300293, -1.15664112568, -9.35835647583, 38.3942298889, 175.074630737, 6.54117250443, 26.1861476898, 14.2907886505], [-306.697113037, 379.562194824, -213.524398804, -40.0395011902, 117.458297729, -89.8670883179, 162.501998901, 39.9684715271, 65.6538696289, 6.54117250443, 152.498535156, -16.3199157715, 48.7115898132], [-69.022026062, -377.969390869, 255.651092529, -155.317047119, -81.743347168, 36.1674842834, -87.0783233643, 85.2687759399, 29.4132804871, 26.1861476898, -16.3199157715, 166.297531128, -31.2953338623], [-426.114990234, 305.193969727, 29.6621704102, 79.0899047852, 37.8744697571, -42.9740486145, 9.11632633209, -87.2724761963, 78.135887146, 14.2907886505, 48.7115898132, -31.2953338623, 152.574325562]],
        "icov": [[0.000126411716337, -0.000122600249597, 0.000147158236359, -0.000198416688363, 0.000154314693646, -0.000204129042686, 0.000140672404086, -9.30410387809e-05, -1.88068770512e-05, -0.00012883238378, 0.000199808710022, -0.000274470832665, 0.000416710274294], [-0.000122600249597, 0.00112594058737, -0.000470618135296, 0.000644419342279, -0.000863581197336, 0.00117503281217, 9.13375333766e-05, 0.000385610008379, -0.000560542393941, 0.00141184264794, -0.00164678762667, 0.00255471561104, -0.000872132834047], [0.000147158236359, -0.000470618135296, 0.00133116985671, -0.000144871009979, -0.000534800579771, -0.00226825824939, 0.000378426746465, 0.00193798262626, -0.000346007145708, -0.000282124296064, 0.000951649213675, -0.00337653793395, 0.000955674855504], [-0.000198416688363, 0.000644419342279, -0.000144871009979, 0.00217292224988, -0.00158173032105, -0.00123263953719, 0.000743887270801, 0.000159348463058, -4.13837057067e-07, 0.00131846347358, -0.00108176469803, 0.00273016025312, -0.00206714426167], [0.000154314693646, -0.000863581197336, -0.000534800579771, -0.00158173032105, 0.00461843051016, 0.00184239097871, -0.00284783891402, -0.00163547508419, -0.00111208832823, 0.000152789565618, 0.00224307971075, -0.000682966143358, 0.00138840521686], [-0.000204129042686, 0.00117503281217, -0.00226825824939, -0.00123263953719, 0.00184239097871, 0.00880289915949, -0.0017126284074, -0.00276030250825, -0.0015620586928, -0.00256097991951, 0.000629845133517, 0.00529111456126, 0.000628967187367], [0.000140672404086, 9.13375333766e-05, 0.000378426746465, 0.000743887270801, -0.00284783891402, -0.0017126284074, 0.00780508760363, -0.0010750341462, -0.00093318981817, -0.000977179268375, -0.00588338915259, 0.0041438783519, 0.00219203857705], [-9.30410387809e-05, 0.000385610008379, 0.00193798262626, 0.000159348463058, -0.00163547508419, -0.00276030250825, -0.0010750341462, 0.0109637426212, -0.00365201244131, 0.00238622329198, -0.00141885865014, -0.0072944033891, 0.00507700955495], [-1.88068770512e-05, -0.000560542393941, -0.000346007145708, -4.13837057067e-07, -0.00111208832823, -0.0015620586928, -0.00093318981817, -0.00365201244131, 0.0121856210753, -0.00190141191706, -0.000277183688013, -0.00289187650196, -0.00762793235481], [-0.00012883238378, 0.00141184264794, -0.000282124296064, 0.00131846347358, 0.000152789565618, -0.00256097991951, -0.000977179268375, 0.00238622329198, -0.00190141191706, 0.0129888597876, -0.00404861709103, 0.00126498343889, -0.00183926417958], [0.000199808710022, -0.00164678762667, 0.000951649213675, -0.00108176469803, 0.00224307971075, 0.000629845133517, -0.00588338915259, -0.00141885865014, -0.000277183688013, -0.00404861709103, 0.0180416870862, -0.00562933506444, -0.00300519960001], [-0.000274470832665, 0.00255471561104, -0.00337653793395, 0.00273016025312, -0.000682966143358, 0.00529111456126, 0.0041438783519, -0.0072944033891, -0.00289187650196, 0.00126498343889, -0.00562933506444, 0.0233581066132, -0.00144485163037], [0.000416710274294, -0.000872132834047, 0.000955674855504, -0.00206714426167, 0.00138840521686, 0.000628967187367, 0.00219203857705, 0.00507700955495, -0.00762793235481, -0.00183926417958, -0.00300519960001, -0.00144485163037, 0.0176955964416]]
    },
    "melbands": {
        "dmean": [0.00344563252293, 0.00157818337902, 0.000589789240621, 0.000444230972789, 0.000317825179081, 0.000244068010943, 0.000186822522664, 0.000144423247548, 0.000118276097055, 7.14263878763e-05, 4.31750013377e-05, 2.19542853301e-05, 1.27203502416e-05, 1.28601968754e-05, 1.198566315e-05, 9.75585498963e-06, 8.31891247799e-06, 6.60425212118e-06, 5.08412949785e-06, 1.50155174197e-05, 9.61378191278e-06, 1.44439736687e-05, 2.17255274038e-05, 1.91532599274e-05, 1.58714665304e-05, 7.98208020569e-06, 5.39617440154e-06, 7.03531441104e-06, 7.89208843344e-06, 4.4479297685e-06, 3.51470816895e-06, 5.64285073779e-06, 4.55493318441e-06, 9.13430449145e-06, 5.73884290134e-06, 3.56708073923e-06, 4.28576367995e-06, 2.91165360977e-06, 2.38933239416e-06, 2.68738199338e-06],
        "dmean2": [0.00539076887071, 0.00257625663653, 0.000940431258641, 0.000765389471781, 0.000519455876201, 0.000398485048208, 0.000317982339766, 0.000239646469709, 0.000192669394892, 0.00011206624913, 7.31247710064e-05, 3.65552514268e-05, 2.10971211345e-05, 2.05504547921e-05, 2.01247094083e-05, 1.62029027706e-05, 1.33265975819e-05, 1.11472663775e-05, 7.79436595622e-06, 2.56201892626e-05, 1.47740902321e-05, 2.41041016125e-05, 3.54544827132e-05, 3.15860925184e-05, 2.68185958703e-05, 1.29957606987e-05, 8.97071640793e-06, 1.20572121887e-05, 1.3421505173e-05, 7.67978326621e-06, 5.98398764851e-06, 9.97212464426e-06, 8.00753787189e-06, 1.63354525284e-05, 1.0217563613e-05, 6.39728432361e-06, 7.75376520323e-06, 5.25906352777e-06, 4.31340549767e-06, 4.95061658512e-06],
        "dvar": [2.59703247139e-05, 4.94915093441e-06, 2.27760097005e-06, 6.74953867019e-07, 2.30363497167e-07, 1.28152976231e-07, 1.0438648701e-07, 4.91494205335e-08, 3.10788621505e-08, 1.05724451416e-08, 8.59594440072e-09, 1.86029225357e-09, 4.00571908976e-10, 5.04873975959e-10, 6.89320878156e-10, 4.13314660275e-10, 4.5077863664e-10, 3.60939694799e-10, 1.86933107882e-10, 2.12030948354e-09, 4.51275017355e-10, 8.60813254011e-10, 1.84986237439e-09, 2.61112531597e-09, 1.88565141279e-09, 4.02087696472e-10, 1.94295385336e-10, 4.96654162241e-10, 6.97400692751e-10, 1.72372477403e-10, 8.17424322674e-11, 2.84343437684e-10, 1.25675497786e-10, 4.14209083699e-10, 1.52460821745e-10, 5.68042522742e-11, 9.85436524048e-11, 4.85174921072e-11, 3.15501826054e-11, 4.97225420559e-11],
        "dvar2": [8.33902086015e-05, 1.33335843202e-05, 5.25113000549e-06, 1.8889356852e-06, 5.64501988265e-07, 2.87961285039e-07, 2.59337809894e-07, 1.1949225609e-07, 7.29394500354e-08, 2.50348417552e-08, 2.3506242286e-08, 5.01095476224e-09, 1.01658648166e-09, 1.09623132794e-09, 1.7746683012e-09, 1.08789877107e-09, 1.14306120125e-09, 9.13726205809e-10, 3.51136009158e-10, 5.56735768598e-09, 1.00200014952e-09, 2.15162732076e-09, 4.41216263525e-09, 6.83390766198e-09, 5.0499195936e-09, 1.05017616825e-09, 4.83284190445e-10, 1.33172173289e-09, 1.8857828632e-09, 4.51861548179e-10, 2.05303371525e-10, 7.64592167357e-10, 3.27257998478e-10, 1.11360254351e-09, 4.02178845782e-10, 1.50477422189e-10, 2.68268990355e-10, 1.31962815675e-10, 8.63846841281e-11, 1.3851131353e-10],
        "max": [0.0444769114256, 0.0238601695746, 0.0145798381418, 0.0113569032401, 0.00518584111705, 0.00368681875989, 0.00318985246122, 0.00324493949302, 0.00275184377097, 0.00128513807431, 0.00109346420504, 0.000476640096167, 0.000233524828218, 0.00032668581116, 0.000327640824253, 0.000206896744203, 0.000191797473235, 0.000139099371154, 0.000118454663607, 0.000441495358245, 0.00038246717304, 0.000289880525088, 0.000542377354577, 0.00065124372486, 0.000373187096557, 0.000173697684659, 0.000173465261469, 0.000186922945431, 0.000264625414275, 0.000106445339043, 6.96157367202e-05, 0.0001549810695, 9.39913661568e-05, 0.000130129177705, 8.89643924893e-05, 6.43896928523e-05, 6.65467741783e-05, 4.68963808089e-05, 3.89219931094e-05, 6.01874526183e-05],
        "mean": [0.00545430509374, 0.00253000599332, 0.000574582256377, 0.000521109439433, 0.000476342916954, 0.00038937915815, 0.000277548038866, 0.000267656490905, 0.00026154104853, 0.000179531023605, 8.93199248821e-05, 4.12875742768e-05, 2.34971357713e-05, 2.84784455289e-05, 2.42410769715e-05, 1.93725300051e-05, 1.34210258693e-05, 6.43340945317e-06, 6.44353622192e-06, 1.70553794305e-05, 2.02373012144e-05, 2.55291779467e-05, 4.18568924943e-05, 3.24261709466e-05, 2.22534235945e-05, 1.21745288197e-05, 6.42401710138e-06, 5.99851318839e-06, 6.18323565504e-06, 3.62305559065e-06, 2.86755948764e-06, 3.96115729018e-06, 3.17381568493e-06, 5.96042309553e-06, 3.84076611226e-06, 2.36723644775e-06, 2.71572730526e-06, 1.85318037893e-06, 1.51943584115e-06, 1.64087930443e-06],
        "median": [0.00294945342466, 0.00173700088635, 6.64456383674e-05, 0.000146717356984, 0.000286517868517, 0.000190730832401, 0.000121659795695, 0.000149484505528, 0.00014855718473, 0.000106418694486, 3.01812578982e-05, 1.59073770192e-05, 1.2426991816e-05, 8.09196262708e-06, 5.25824270881e-06, 4.05317177865e-06, 1.59398371125e-06, 1.01018918031e-06, 8.63007812768e-07, 1.22723440654e-06, 2.11900191971e-06, 2.97617702927e-06, 5.14551584274e-06, 4.52245149063e-06, 2.16704256673e-06, 1.27218550006e-06, 9.14670863494e-07, 2.18668546381e-07, 1.3872953275e-07, 1.54357422844e-07, 1.14065606738e-07, 7.05254024069e-08, 5.25232763948e-08, 1.12791227025e-07, 6.3378486459e-08, 3.85283733806e-08, 4.4112638875e-08, 3.39802532778e-08, 3.05818090851e-08, 3.29848894864e-08],
        "min": [2.69559230231e-23, 5.518198389e-24, 1.23532422871e-24, 5.08580163875e-24, 1.02937930985e-23, 1.54060700926e-23, 2.92733857368e-24, 3.69565162447e-24, 5.59175375196e-24, 1.25794599846e-23, 5.0143123025e-24, 8.89637491433e-24, 8.28041733117e-24, 1.10081973672e-23, 7.29533437553e-24, 1.27570972609e-23, 1.59899581133e-23, 1.63848539939e-23, 7.45784682175e-24, 7.08755709056e-24, 8.12650346881e-24, 6.8378352824e-24, 8.83721350188e-24, 9.17100185012e-24, 1.24403333199e-23, 1.22015009477e-23, 9.81489930882e-24, 9.9420826194e-24, 1.05537882423e-23, 1.2321375462e-23, 7.47748630285e-24, 1.07181892215e-23, 1.00978171727e-23, 1.23668493488e-23, 1.28819124111e-23, 8.67556328062e-24, 9.69716024099e-24, 7.22225824557e-24, 6.86815278471e-24, 1.43862023153e-23],
        "var": [4.81708702864e-05, 8.81704363564e-06, 2.18279410547e-06, 7.16099009423e-07, 3.85268265291e-07, 2.49291389309e-07, 1.50586274117e-07, 1.26968643599e-07, 1.02973736205e-07, 4.14541858618e-08, 2.09632169401e-08, 4.01904642899e-09, 8.26387402952e-10, 2.06435513128e-09, 1.84039139484e-09, 1.14826481656e-09, 9.37642519183e-10, 3.16282194879e-10, 2.67103311691e-10, 2.01087946294e-09, 2.09961004138e-09, 1.98588967493e-09, 5.73468250664e-09, 4.76579176123e-09, 2.22043117226e-09, 6.83394230094e-10, 2.05015157628e-10, 3.9690262188e-10, 5.16889753222e-10, 1.3743324534e-10, 7.16080181262e-11, 1.99820660018e-10, 9.44366945754e-11, 2.78722711577e-10, 1.0738768208e-10, 3.99931684991e-11, 6.37410679794e-11, 3.14286444092e-11, 2.02384914383e-11, 3.01527414148e-11]
    },
    "mfcc": {
        "mean": [-726.282226562, 147.048995972, 15.7475318909, 26.7697429657, 2.46675825119, -14.4902467728, -0.33531793952, 16.6251926422, 0.442201197147, 2.20899868011, 10.2321805954, 9.50314426422, 4.99295806885],
        "cov": [[15038.796875, -2384.09423828, -1840.35131836, 252.91847229, -422.471405029, -195.090103149, -146.482940674, 168.13609314, -126.060211182, -7.08294868469, 136.047317505, 38.514087677, -273.567626953], [-2384.09423828, 4759.00195312, -958.027954102, 239.116867065, 121.3826828, -542.939086914, 181.248809814, -1.64414381981, -53.0510864258, -176.201004028, -70.3955154419, 24.7986125946, 7.03327894211], [-1840.35131836, -958.027954102, 2812.8059082, -25.9966335297, 433.573486328, 814.414611816, -184.084686279, -140.125411987, 75.2459335327, 41.3870620728, -177.005233765, -86.7632293701, 178.962371826], [252.91847229, 239.116867065, -25.9966335297, 809.133544922, 354.344512939, 266.282562256, 193.709564209, 52.8111076355, 135.369689941, 58.4380493164, -22.2608795166, 33.4674797058, 17.829574585], [-422.471405029, 121.3826828, 433.573486328, 354.344512939, 416.353515625, 228.096603394, 42.7071762085, 89.222946167, 117.052268982, 23.6210842133, -53.8157615662, 36.0542144775, 96.9246292114], [-195.090103149, -542.939086914, 814.414611816, 266.282562256, 228.096603394, 541.223388672, 99.5715713501, -55.6028900146, 85.2745132446, 154.942886353, 5.20338630676, -79.4244995117, 7.63959360123], [-146.482940674, 181.248809814, -184.084686279, 193.709564209, 42.7071762085, 99.5715713501, 268.612182617, 101.675453186, 41.1598167419, 102.823867798, 145.240142822, 10.0294771194, -70.2428894043], [168.13609314, -1.64414381981, -140.125411987, 52.8111076355, 89.222946167, -55.6028900146, 101.675453186, 268.962432861, 87.5508651733, -2.73652625084, 112.875030518, 142.457977295, 26.2311992645], [-126.060211182, -53.0510864258, 75.2459335327, 135.369689941, 117.052268982, 85.2745132446, 41.1598167419, 87.5508651733, 141.626342773, 53.1189727783, 9.06217193604, 65.7415008545, 81.2678451538], [-7.08294868469, -176.201004028, 41.3870620728, 58.4380493164, 23.6210842133, 154.942886353, 102.823867798, -2.73652625084, 53.1189727783, 174.66166687, 82.3318710327, -45.5384368896, 3.66224908829], [136.047317505, -70.3955154419, -177.005233765, -22.2608795166, -53.8157615662, 5.20338630676, 145.240142822, 112.875030518, 9.06217193604, 82.3318710327, 188.368682861, 53.1916427612, -49.3724555969], [38.514087677, 24.7986125946, -86.7632293701, 33.4674797058, 36.0542144775, -79.4244995117, 10.0294771194, 142.457977295, 65.7415008545, -45.5384368896, 53.1916427612, 181.419281006, 64.5044631958], [-273.567626953, 7.03327894211, 178.962371826, 17.829574585, 96.9246292114, 7.63959360123, -70.2428894043, 26.2311992645, 81.2678451538, 3.66224908829, -49.3724555969, 64.5044631958, 150.47177124]],
