{
"lowlevel": {
    "average_loudness": 0.959249556065,
    "barkbands_crest": {
        "dmean": 2.72445726395,
        "dmean2": 4.51746940613,
        "dvar": 6.51900911331,
        "dvar2": 17.5001792908,
        "max": 23.8855552673,
        "mean": 9.9092130661,
        "median": 9.28449058533,
        "min": 2.51642203331,
        "var": 15.8535842896
    },
    "barkbands_flatness_db": {
        "dmean": 0.0277103446424,
        "dmean2": 0.0413111299276,
        "dvar": 0.00108194362838,
        "dvar2": 0.00254259305075,
        "max": 0.463223129511,
        "mean": 0.137397497892,
        "median": 0.131886065006,
        "min": 0.0335191600025,
        "var": 0.00264599989168
    },
    "barkbands_kurtosis": {
        "dmean": 4.19582033157,
        "dmean2": 6.88791465759,
        "dvar": 177.406784058,
        "dvar2": 439.774810791,
        "max": 217.568756104,
        "mean": 3.79624986649,
        "median": 0.464811682701,
        "min": -1.85359025002,
        "var": 207.629180908
    },
    "barkbands_skewness": {
        "dmean": 0.672141134739,
        "dmean2": 1.05784726143,
        "dvar": 1.00737833977,
        "dvar2": 2.49292898178,
        "max": 13.3153762817,
        "mean": 1.31233453751,
        "median": 1.01693868637,
        "min": -2.13664770126,
        "var": 2.06613373756
    },
    "barkbands_spread": {
        "dmean": 8.03380966187,
        "dmean2": 11.7811126709,
        "dvar": 87.6862869263,
        "dvar2": 183.748535156,
        "max": 87.8226623535,
        "mean": 28.2383384705,
        "median": 23.7813396454,
        "min": 0.363369047642,
        "var": 281.350128174
    },
    "dissonance": {
        "dmean": 0.0167064610869,
        "dmean2": 0.0276772789657,
        "dvar": 0.000478261819808,
        "dvar2": 0.00118766794913,
        "max": 0.499883383512,
        "mean": 0.46659719944,
        "median": 0.475763261318,
        "min": 0.0440088883042,
        "var": 0.000892891490366
    },
    "dynamic_complexity": 3.2340502739,
    "erbbands_crest": {
        "dmean": 2.62581825256,
        "dmean2": 4.16383981705,
        "dvar": 5.99502277374,
        "dvar2": 13.4595890045,
        "max": 27.4581031799,
        "mean": 10.5275030136,
        "median": 9.10318470001,
        "min": 2.52916145325,
        "var": 26.0156612396
    },
    "erbbands_flatness_db": {
        "dmean": 0.0186888631433,
        "dmean2": 0.0257887616754,
        "dvar": 0.000336582859745,
        "dvar2": 0.000662976992317,
        "max": 0.295597761869,
        "mean": 0.167786285281,
        "median": 0.170206278563,
        "min": 0.0628378242254,
        "var": 0.0017283471534
    },
    "erbbands_kurtosis": {
        "dmean": 1.06996035576,
        "dmean2": 1.73180389404,
        "dvar": 2.50730252266,
        "dvar2": 6.93236684799,
        "max": 21.6662101746,
        "mean": 0.424606531858,
        "median": -0.11599612236,
        "min": -1.87191784382,
        "var": 3.72814631462
    },
    "erbbands_skewness": {
        "dmean": 0.457110911608,
        "dmean2": 0.697389900684,
        "dvar": 0.274668484926,
        "dvar2": 0.627768874168,
        "max": 4.41714763641,
        "mean": -0.0757045298815,
        "median": 0.0464642345905,
        "min": -3.04125523567,
        "var": 0.9415538311
    },
    "erbbands_spread": {
        "dmean": 10.0944738388,
        "dmean2": 15.7864341736,
        "dvar": 133.632354736,
        "dvar2": 346.59475708,
        "max": 121.188453674,
        "mean": 42.3747444153,
        "median": 36.9147186279,
        "min": 7.46809148788,
        "var": 470.795013428
    },
    "hfc": {
        "dmean": 7.91780233383,
        "dmean2": 10.7386598587,
        "dvar": 129.623794556,
        "dvar2": 274.763702393,
        "max": 204.454864502,
        "mean": 23.3811740875,
        "median": 21.7433490753,
        "min": 1.17387609477e-16,
        "var": 352.246459961
    },
    "melbands_crest": {
        "dmean": 3.52929067612,
        "dmean2": 5.94434213638,
        "dvar": 10.7286119461,
        "dvar2": 29.1518363953,
        "max": 31.8373527527,
        "mean": 14.8968744278,
        "median": 14.545293808,
        "min": 3.17966794968,
        "var": 27.5985355377
    },
    "melbands_flatness_db": {
        "dmean": 0.0338009260595,
        "dmean2": 0.0505463667214,
        "dvar": 0.00169329333585,
        "dvar2": 0.00403038645163,
        "max": 0.584786355495,
        "mean": 0.18417301774,
        "median": 0.17344635725,
        "min": 0.00810233131051,
        "var": 0.00441342173144
    },
    "melbands_kurtosis": {
        "dmean": 11.3476734161,
        "dmean2": 18.5104808807,
        "dvar": 919.446228027,
        "dvar2": 2359.65771484,
        "max": 451.621276855,
        "mean": 16.1036128998,
        "median": 5.47176027298,
        "min": -1.58509993553,
        "var": 1275.53674316
    },
    "melbands_skewness": {
        "dmean": 0.933923661709,
        "dmean2": 1.48023557663,
        "dvar": 1.81594932079,
        "dvar2": 4.75270414352,
        "max": 15.5009679794,
        "mean": 2.70584750175,
        "median": 2.07504844666,
        "min": -0.755885362625,
        "var": 4.97457361221
    },
    "melbands_spread": {
        "dmean": 10.0975837708,
        "dmean2": 15.6261224747,
        "dvar": 153.419311523,
        "dvar2": 358.8956604,
        "max": 162.202346802,
        "mean": 29.8414840698,
        "median": 26.0172386169,
        "min": 0.413279175758,
        "var": 388.206848145
    },
    "pitch_salience": {
        "dmean": 0.0733596011996,
        "dmean2": 0.118373766541,
        "dvar": 0.00513933412731,
        "dvar2": 0.0130956526846,
        "max": 0.978753566742,
        "mean": 0.549148380756,
        "median": 0.556909680367,
        "min": 0.0772884190083,
        "var": 0.0154878841713
    },
    "silence_rate_20dB": {
        "dmean": 0,
        "dmean2": 0,
        "dvar": 0,
        "dvar2": 0,
        "max": 1,
        "mean": 1,
        "median": 1,
        "min": 1,
        "var": 0
    },
    "silence_rate_30dB": {
        "dmean": 0.00928313564509,
        "dmean2": 0.0185758508742,
        "dvar": 0.00919684581459,
        "dvar2": 0.0223584342748,
        "max": 1,
        "mean": 0.992783486843,
        "median": 1,
        "min": 0,
        "var": 0.00716447457671
    },
    "silence_rate_60dB": {
        "dmean": 0.0221763793379,
        "dmean2": 0.0443756431341,
        "dvar": 0.0216848067939,
        "dvar2": 0.0465338379145,
        "max": 1,
        "mean": 0.0402061864734,
        "median": 0,
        "min": 0,
        "var": 0.0385902561247
    },
    "spectral_centroid": {
        "dmean": 366.105163574,
        "dmean2": 556.805908203,
        "dvar": 203524.1875,
        "dvar2": 393468.3125,
        "max": 11184.5917969,
        "mean": 1770.44604492,
        "median": 1688.43994141,
        "min": 122.045036316,
        "var": 524688.625
    },
    "spectral_complexity": {
        "dmean": 4.77153158188,
        "dmean2": 6.68730640411,
        "dvar": 26.236661911,
        "dvar2": 46.1104927063,
        "max": 53,
        "mean": 18.808763504,
        "median": 18,
        "min": 0,
        "var": 105.744491577
    },
    "spectral_decrease": {
        "dmean": 3.18413539979e-09,
        "dmean2": 5.52266365972e-09,
        "dvar": 5.70604141965e-17,
        "dvar2": 1.61890852875e-16,
        "max": -7.93101201105e-29,
        "mean": -5.87376725036e-09,
        "median": -5.08996755855e-09,
        "min": -6.16894055838e-08,
        "var": 4.14634472907e-17
    },
    "spectral_energy": {
        "dmean": 0.0125729041174,
        "dmean2": 0.021575877443,
        "dvar": 0.00083559419727,
        "dvar2": 0.00236317655072,
        "max": 0.236467123032,
        "mean": 0.0242896620184,
        "median": 0.0217740014195,
        "min": 1.09467442444e-20,
        "var": 0.000633107265458
    },
    "spectral_energyband_high": {
        "dmean": 0.000507507589646,
        "dmean2": 0.000654955743812,
        "dvar": 6.67374024488e-07,
        "dvar2": 1.20410595628e-06,
        "max": 0.0145255178213,
        "mean": 0.000988152693026,
        "median": 0.000511101039592,
        "min": 7.80130676246e-21,
        "var": 1.62950641425e-06
    },
    "spectral_energyband_low": {
        "dmean": 0.00821532029659,
        "dmean2": 0.0151407979429,
        "dvar": 0.000707037688699,
        "dvar2": 0.00203270209022,
        "max": 0.213931620121,
        "mean": 0.00764992181212,
        "median": 0.00345240160823,
        "min": 7.83851827799e-23,
        "var": 0.000412698485889
    },
    "spectral_energyband_middle_high": {
        "dmean": 0.0018349327147,
        "dmean2": 0.00263271597214,
        "dvar": 6.79241520629e-06,
        "dvar2": 1.39184421641e-05,
        "max": 0.0340187847614,
        "mean": 0.00611057225615,
        "median": 0.00421465933323,
        "min": 1.83078091675e-21,
        "var": 3.63289036613e-05
    },
    "spectral_energyband_middle_low": {
        "dmean": 0.00493072438985,
        "dmean2": 0.00817464292049,
        "dvar": 9.78765601758e-05,
        "dvar2": 0.000264976581093,
        "max": 0.12055567652,
        "mean": 0.010752921924,
        "median": 0.00728704966605,
        "min": 3.44510097594e-22,
        "var": 0.00012056389096
    },
    "spectral_entropy": {
        "dmean": 0.182104438543,
        "dmean2": 0.254526793957,
        "dvar": 0.0396038852632,
        "dvar2": 0.0858106091619,
        "max": 9.79879760742,
        "mean": 7.52857542038,
        "median": 7.53507137299,
        "min": 5.57695055008,
        "var": 0.134051889181
    },
    "spectral_flux": {
        "dmean": 0.0369678176939,
        "dmean2": 0.0582487620413,
        "dvar": 0.00291778123938,
        "dvar2": 0.00559112150222,
        "max": 0.433423340321,
        "mean": 0.0867848843336,
        "median": 0.0683292895555,
        "min": 1.04626689257e-10,
        "var": 0.00452533131465
    },
    "spectral_kurtosis": {
        "dmean": 1.48770165443,
        "dmean2": 2.51519155502,
        "dvar": 3.03493189812,
        "dvar2": 8.72843647003,
        "max": 19.7237377167,
        "mean": 3.60092759132,
        "median": 3.1910431385,
        "min": -1.17073810101,
        "var": 4.37284421921
    },
    "spectral_rms": {
        "dmean": 0.00103877403308,
        "dmean2": 0.0016647989396,
        "dvar": 3.1023162137e-06,
        "dvar2": 8.29028431326e-06,
        "max": 0.0151887992397,
        "mean": 0.00443874113262,
        "median": 0.00460900459439,
        "min": 3.2679887442e-12,
        "var": 3.9948081394e-06
    },
    "spectral_rolloff": {
        "dmean": 712.829284668,
        "dmean2": 1145.43713379,
        "dvar": 1096681,
        "dvar2": 1967141.125,
        "max": 18367.8222656,
        "mean": 2037.20471191,
        "median": 1593.45703125,
        "min": 86.1328125,
        "var": 2648712.25
    },
    "spectral_skewness": {
        "dmean": 0.206190481782,
        "dmean2": 0.331333756447,
        "dvar": 0.0445745401084,
        "dvar2": 0.114769384265,
        "max": 3.32067084312,
        "mean": 1.20546424389,
        "median": 1.19530725479,
        "min": -0.0192162450403,
        "var": 0.113796517253
    },
    "spectral_spread": {
        "dmean": 531426.25,
        "dmean2": 746607.0625,
        "dvar": 954907099136,
        "dvar2": 1.4118649856e+12,
        "max": 39427048,
        "mean": 4210206,
        "median": 3792962,
        "min": 1766012.75,
        "var": 3.08580161946e+12
    },
    "spectral_strongpeak": {
        "dmean": 0.630630552769,
        "dmean2": 1.09127724171,
        "dvar": 1.02920651436,
        "dvar2": 2.62886762619,
        "max": 9.39623355865,
        "mean": 1.38478469849,
        "median": 0.480779528618,
        "min": 3.04421321484e-10,
        "var": 2.44495368004
    },
    "zerocrossingrate": {
        "dmean": 0.0133910942823,
        "dmean2": 0.0141468029469,
        "dvar": 0.000313829630613,
        "dvar2": 0.000327719579218,
        "max": 0.47998046875,
        "mean": 0.0698891580105,
        "median": 0.0615234375,
        "min": 0.0048828125,
        "var": 0.00146588415373
    },
    "barkbands": {
        "dmean": [8.24428279884e-05, 0.00430754525587, 0.00332598714158, 0.00185084703844, 0.000773966370616, 0.00117170473095, 0.00110944057815, 0.00125647312962, 0.000587427755818, 0.000304505112581, 0.000266320013907, 0.000561698048841, 0.000542697904166, 0.000317408499541, 0.000260495464318, 0.000275088998023, 0.00017637021665, 0.000217057546251, 0.00042437177035, 0.000318058475386, 0.000107345083961, 8.20495843072e-05, 0.000100822901004, 7.41601834306e-05, 4.31959488196e-05, 3.91550347558e-05, 3.74978208129e-06],
        "dmean2": [0.000131594380946, 0.00801326613873, 0.00616910867393, 0.00336068263277, 0.0013263199944, 0.00200607604347, 0.00187454419211, 0.00193372776266, 0.000872907461599, 0.000485859578475, 0.000400235847337, 0.000854060635902, 0.000829322088975, 0.000498423760291, 0.000401743338443, 0.000423101650085, 0.000278055260424, 0.000341014063451, 0.000634292024188, 0.00046479064622, 0.000155182613526, 0.000118465461128, 0.000141545635415, 0.000105103339592, 6.12031653873e-05, 5.75122758164e-05, 6.15646513324e-06],
        "dvar": [7.83784557257e-08, 0.000247170828516, 0.000100434801425, 1.20856830108e-05, 1.84140048987e-06, 1.80034166988e-05, 1.55711895786e-05, 6.2070439526e-06, 2.15344743992e-06, 5.37831112979e-07, 5.48245566279e-07, 2.04096249945e-06, 1.35094762754e-06, 4.62699063064e-07, 2.48172852935e-07, 3.56932446266e-07, 6.69335662451e-08, 1.20585696095e-07, 5.7827605815e-07, 3.37248849291e-07, 3.29327001225e-08, 2.01354737328e-08, 3.19254951364e-08, 1.80110308889e-08, 9.88171766636e-09, 1.1920382903e-08, 1.62373406387e-10],
        "dvar2": [2.0470116624e-07, 0.000706811377313, 0.000293114688247, 3.54124858859e-05, 5.16264117323e-06, 5.10216559633e-05, 4.14418391301e-05, 1.28846722873e-05, 4.07400466429e-06, 1.24022596992e-06, 1.16620617518e-06, 4.10223765357e-06, 2.86589306597e-06, 9.7507540886e-07, 5.76958314014e-07, 7.70488156832e-07, 1.60651808301e-07, 2.83241632815e-07, 1.39491737627e-06, 7.19131890037e-07, 6.95271680229e-08, 4.21951504848e-08, 5.86839128403e-08, 3.48690392116e-08, 2.00723420107e-08, 2.61453170225e-08, 4.02806954458e-10],
        "max": [0.00297681684606, 0.133534133434, 0.0848675221205, 0.0348073467612, 0.0189245119691, 0.0480721928179, 0.0527229979634, 0.0404681637883, 0.0234419032931, 0.0126547915861, 0.0174041241407, 0.0205296203494, 0.0182068813592, 0.0133955636993, 0.00831846799701, 0.0125258341432, 0.00342417089269, 0.00564776500687, 0.013264125213, 0.00979361403733, 0.00266899238341, 0.00186730222777, 0.00383933447301, 0.00198168028146, 0.00117964821402, 0.00134817895014, 0.000164118988323],
        "mean": [7.46469959267e-05, 0.00327167194337, 0.00319409300573, 0.0021507490892, 0.00116556731518, 0.00137039343826, 0.00114128587302, 0.00361552555114, 0.00107855012175, 0.000466574798338, 0.000399592478061, 0.00110041163862, 0.00101573287975, 0.000542677706107, 0.000423084245995, 0.000500937167089, 0.000340350030456, 0.000421439995989, 0.000768178200815, 0.000492454855703, 0.000180765637197, 0.000147035359987, 0.000185080993106, 0.000121047916764, 6.65241823299e-05, 5.18788692716e-05, 3.45630587617e-06],
        "median": [3.84409213439e-06, 0.000931286427658, 0.0011521964334, 0.0013121473603, 0.00083858583821, 0.000423333549406, 0.000160042953212, 0.000269823271083, 0.00013567370479, 0.000108293505036, 6.69498913339e-05, 0.000112479989184, 0.000153495770064, 0.000134959002025, 0.000142438570037, 0.000219243811443, 0.000204334530281, 0.000251638353802, 0.000489737140015, 0.000239025917836, 9.16314820643e-05, 6.42834711471e-05, 8.18642147351e-05, 3.53180366801e-05, 1.12565357995e-05, 2.93475432045e-06, 2.80766450089e-08],
        "min": [6.32031192077e-23, 1.29649621095e-23, 2.02060772861e-23, 2.66488131619e-23, 7.20191699381e-23, 2.6839291516e-23, 1.03241602991e-22, 3.62236534197e-23, 7.38250871203e-23, 4.18688209436e-23, 1.27625552318e-22, 2.86676874475e-22, 6.37620240037e-23, 1.34847403511e-22, 1.35787069378e-22, 5.29629284189e-23, 2.60234635585e-22, 2.46239309115e-22, 2.98240717065e-22, 3.17091412987e-22, 3.11042048912e-22, 6.72385453726e-22, 5.4142338581e-22, 9.45993616683e-22, 1.10115753327e-21, 1.90085276776e-21, 2.4268330086e-21],
        "var": [6.97790198956e-08, 0.000142343676998, 5.83725195611e-05, 9.39401979849e-06, 1.74889351001e-06, 1.317672195e-05, 1.2125734429e-05, 3.69400477211e-05, 6.46961325401e-06, 1.23852476008e-06, 1.30451701352e-06, 7.7401246017e-06, 3.70899692825e-06, 1.04620505681e-06, 5.62144350624e-07, 8.83706604782e-07, 1.61626573458e-07, 2.64417963081e-07, 9.08054403226e-07, 5.29632529833e-07, 6.42390105554e-08, 4.38943779102e-08, 7.57303411092e-08, 3.92807706362e-08, 1.88997830719e-08, 1.80983761311e-08, 1.56901852622e-10]
    },
    "erbbands": {
        "dmean": [0.0911843627691, 1.09730768204, 3.60284543037, 5.22945642471, 3.91162490845, 2.27172708511, 6.06860542297, 10.5953950882, 11.8708963394, 21.7525291443, 29.9875087738, 15.1725587845, 10.2429113388, 9.09737014771, 11.8243951797, 23.9867553711, 22.6256065369, 17.890838623, 12.153629303, 13.4802904129, 10.857419014, 9.50881481171, 11.1327638626, 15.2143754959, 22.3044090271, 16.3388805389, 6.95388698578, 2.60201835632, 2.63373184204, 3.87779808044, 2.78344774246, 1.67279589176, 1.1102616787, 0.454860955477, 0.363361150026, 0.217168807983, 0.0645294636488, 0.0103933457285, 0.000335283781169, 2.20480978896e-05],
        "dmean2": [0.166735589504, 2.05503535271, 6.69879579544, 9.5057888031, 6.92871284485, 3.86098694801, 10.2241668701, 18.3943195343, 19.5893535614, 36.0327720642, 45.0387573242, 22.5795383453, 15.2457742691, 14.7171468735, 17.5500850677, 36.1463699341, 33.7992782593, 27.3220062256, 18.8141880035, 20.6609992981, 16.8280944824, 14.9250764847, 17.6191978455, 23.2398509979, 32.8444862366, 23.8547554016, 10.1147680283, 3.75556278229, 3.86800074577, 5.45710515976, 3.93702960014, 2.375030756, 1.60848522186, 0.639743924141, 0.530798017979, 0.318320125341, 0.0958961620927, 0.0160861518234, 0.000535948725883, 3.53578107024e-05],
        "dvar": [0.115712486207, 15.8707714081, 130.141876221, 137.175491333, 50.8196868896, 14.4476852417, 328.316314697, 1540.15136719, 1056.86645508, 6186.06933594, 3810.65454102, 1619.00219727, 662.059814453, 787.841918945, 806.727355957, 3690.41796875, 2386.44824219, 1177.71936035, 670.245178223, 721.797302246, 429.997833252, 204.925445557, 362.601867676, 742.993530273, 1376.52099609, 875.331115723, 132.201950073, 17.5298919678, 24.1926746368, 48.3215293884, 20.7736549377, 9.62575912476, 4.05619239807, 1.057289958, 0.726316154003, 0.318758100271, 0.0363127924502, 0.000966933148447, 1.30971761791e-06, 1.58392354788e-09],
        "dvar2": [0.324832499027, 45.7831001282, 380.742126465, 398.806121826, 144.879669189, 40.0837974548, 893.69543457, 4411.88330078, 2718.31640625, 16636.1796875, 7669.13574219, 3049.46679688, 1243.37475586, 2021.41345215, 1614.71875, 7249.8203125, 4826.44482422, 2528.9543457, 1548.50927734, 1648.72290039, 952.371826172, 512.988830566, 842.487792969, 1847.4498291, 3126.37158203, 1836.25561523, 287.584320068, 36.6881599426, 52.3305625916, 94.1112670898, 39.6562461853, 19.1233825684, 8.27161026001, 2.22447252274, 1.53447008133, 0.705596745014, 0.0790636539459, 0.00220395391807, 3.23065660268e-06, 4.02324262794e-09],
        "max": [2.45047974586, 34.6868247986, 96.0620880127, 115.497665405, 100.418617249, 39.3086624146, 274.000091553, 461.658294678, 340.763122559, 1144.03942871, 1049.09997559, 731.482543945, 652.222229004, 585.885803223, 788.084777832, 1011.39154053, 988.904846191, 489.566253662, 591.664367676, 540.11920166, 434.964416504, 160.998855591, 378.265960693, 530.278747559, 595.315185547, 489.903320312, 150.488876343, 42.5425033569, 66.1160125732, 143.141586304, 85.0908355713, 51.0222015381, 26.8924179077, 14.7699975967, 10.2100095749, 7.80208969116, 2.36234784126, 0.334277421236, 0.0130192115903, 0.000305478315568],
        "mean": [0.0622005909681, 0.857551038265, 3.31932353973, 5.92486524582, 5.13010549545, 3.37960767746, 8.33979034424, 11.7266225815, 13.5755176544, 30.1220722198, 87.0828399658, 33.9527435303, 18.3954620361, 12.5708389282, 21.6184978485, 50.0045089722, 47.8996696472, 36.7454147339, 21.9518356323, 27.4926643372, 21.5004940033, 19.5391273499, 22.8568954468, 30.0524978638, 38.7455673218, 25.7782077789, 11.2034263611, 4.88874435425, 4.66655874252, 6.95072650909, 4.99032974243, 2.78884792328, 1.70966434479, 0.69678145647, 0.526394426823, 0.287657737732, 0.0857752785087, 0.012343431823, 0.000363059371011, 4.05220307584e-05],
        "median": [0.00785150192678, 0.2783203125, 1.34355568886, 3.53316044807, 3.32849884033, 2.27916908264, 3.36362981796, 3.00835084915, 2.90843439102, 6.20078754425, 7.88122224808, 5.53245353699, 4.12450885773, 4.95290184021, 4.04121398926, 7.33659648895, 10.8212223053, 13.0455770493, 8.41927909851, 10.752571106, 11.3285598755, 13.2394371033, 14.6409168243, 19.5302963257, 23.4228286743, 12.5681934357, 6.03754711151, 2.57467031479, 1.8672785759, 2.93657493591, 2.25139307976, 0.928620696068, 0.492400676012, 0.129740059376, 0.0746717974544, 0.026408765465, 0.00320493010804, 0.000328938884195, 2.67794275715e-05, 3.23769563693e-05],
        "min": [5.12088463401e-22, 3.86388342586e-21, 1.83023258647e-20, 7.52899470428e-20, 1.6753807892e-19, 2.27823040737e-19, 2.79816537964e-19, 1.95527285909e-19, 1.34163680574e-18, 8.13292094972e-19, 1.42942672492e-18, 1.77705382344e-18, 9.18940688482e-19, 1.88272821464e-18, 6.15929354737e-18, 1.21192158876e-17, 5.02912949774e-18, 5.67683052893e-18, 7.22789674786e-18, 5.13383650122e-18, 5.05292045293e-18, 1.38895056484e-17, 1.41865610956e-17, 1.42520390585e-17, 1.59330272275e-17, 1.4430463571e-17, 1.18279002466e-17, 1.45417739573e-17, 2.59355301138e-17, 2.30897442565e-17, 1.2741497245e-17, 2.04769007315e-17, 1.47841908164e-17, 1.2255899212e-17, 8.29632127734e-18, 6.99576174384e-18, 3.29708298502e-18, 1.46685602725e-18, 3.43061294184e-19, 3.57587658491e-20],
        "var": [0.0707162320614, 8.90358924866, 73.2175598145, 92.3160247803, 43.7292366028, 16.0783920288, 286.780273438, 1110.00231934, 1034.14428711, 5992.03759766, 24393.4492188, 5287.42089844, 2357.02929688, 859.949157715, 2762.61279297, 14340.2060547, 7951.58935547, 3352.734375, 1256.4309082, 2377.00073242, 1120.96936035, 457.885742188, 762.508850098, 1330.09411621, 2319.20581055, 1426.34472656, 225.777786255, 39.1484489441, 49.449054718, 107.202575684, 50.283039093, 20.1942901611, 8.25355625153, 2.03180360794, 1.28394150734, 0.482335746288, 0.0544286891818, 0.00129204196855, 1.35081359076e-06, 1.79421222324e-09]
    },
    "gfcc": {
        "mean": [-7.23766899109, 85.0280685425, -130.348449707, 50.6952400208, -57.9816741943, 11.4992017746, -39.5593223572, 9.66088008881, -26.434709549, -2.42409777641, -12.0617237091, -11.6301755905, -19.8791542053],
        "cov": [[5643.86474609, -1212.07373047, -479.329376221, -740.478210449, -499.815612793, 71.5999603271, -144.580429077, 110.148277283, 21.7084980011, 443.184509277, -185.682723999, 247.847488403, -391.496704102], [-1212.07373047, 1634.8347168, -478.30480957, 29.1825256348, 284.404510498, -40.2066268921, 185.096481323, -146.381347656, 125.655502319, -252.106735229, 230.394683838, -255.205474854, 220.258346558], [-479.329376221, -478.30480957, 988.331787109, 362.876525879, 19.8252029419, 12.4414367676, -22.4542655945, 95.6506195068, -72.1399688721, 51.7635231018, -127.254959106, 56.8981742859, -16.1370506287], [-740.478210449, 29.1825256348, 362.876525879, 728.228027344, 247.18107605, 43.9729804993, -14.5641698837, 54.6127052307, -98.5194168091, -178.031585693, 44.9243812561, -67.6580047607, 85.4570922852], [-499.815612793, 284.404510498, 19.8252029419, 247.18107605, 314.238433838, 64.5481643677, 53.1741142273, -25.4453201294, -22.3116531372, -104.871673584, 63.789516449, -32.6226043701, 69.133934021], [71.5999603271, -40.2066268921, 12.4414367676, 43.9729804993, 64.5481643677, 132.909835815, 33.2583961487, 0.0311776176095, -12.4932079315, 4.70249176025, 11.8290863037, 14.1903800964, -5.14541196823], [-144.580429077, 185.096481323, -22.4542655945, -14.5641698837, 53.1741142273, 33.2583961487, 108.959838867, 4.38530302048, 36.7980194092, -14.0698871613, 16.3435211182, -30.7253990173, 16.7923660278], [110.148277283, -146.381347656, 95.6506195068, 54.6127052307, -25.4453201294, 0.0311776176095, 4.38530302048, 114.558898926, 22.3460540771, 9.68814754486, -28.907491684, -6.25830888748, -31.3410663605], [21.7084980011, 125.655502319, -72.1399688721, -98.5194168091, -22.3116531372, -12.4932079315, 36.7980194092, 22.3460540771, 124.3204422, 41.456615448, -0.905595123768, -36.0723075867, -25.1691017151], [443.184509277, -252.106735229, 51.7635231018, -178.031585693, -104.871673584, 4.70249176025, -14.0698871613, 9.68814754486, 41.456615448, 165.062713623, -36.7092666626, 59.6304244995, -66.8965454102], [-185.682723999, 230.394683838, -127.254959106, 44.9243812561, 63.789516449, 11.8290863037, 16.3435211182, -28.907491684, -0.905595123768, -36.7092666626, 121.50227356, -15.8183774948, 46.5210990906], [247.847488403, -255.205474854, 56.8981742859, -67.6580047607, -32.6226043701, 14.1903800964, -30.7253990173, -6.25830888748, -36.0723075867, 59.6304244995, -15.8183774948, 138.257858276, -4.97096586227], [-391.496704102, 220.258346558, -16.1370506287, 85.4570922852, 69.133934021, -5.14541196823, 16.7923660278, -31.3410663605, -25.1691017151, -66.8965454102, 46.5210990906, -4.97096586227, 124.488082886]],
        "icov": [[0.000334493990522, -6.65010156808e-05, 0.000346745044226, -7.90846970631e-05, 0.000181602794328, -0.00023140241683, 0.000129694046336, -0.000415552087361, 0.000451869040262, -0.000701473210938, 0.000355926313205, -0.000344291474903, 0.000603950640652], [-6.65010156808e-05, 0.00323122460395, -0.000201935632504, 0.00119940680452, -0.00126494385768, 0.00116291048471, -0.00203867885284, 0.00256210262887, -0.00295754871331, 0.00296376389451, -0.00303376070224, 0.00349974352866, -0.00283698155545], [0.000346745044226, -0.000201935632504, 0.00248145591468, -0.00178563047666, 0.000362597376807, 0.000249977369094, -0.000750489591155, -0.0010348118376, 0.00143177621067, -0.00298748770729, 0.00267107295804, -0.00106506515294, 0.000288243027171], [-7.90846970631e-05, 0.00119940680452, -0.00178563047666, 0.00475718267262, -0.00253092776984, -0.000450571271358, 0.00161751767155, -0.0011492469348, 4.03425065088e-06, 0.00389298098162, -0.00291886879131, 0.00310267065652, -0.00168109079823], [0.000181602794328, -0.00126494385768, 0.000362597376807, -0.00253092776984, 0.00700464751571, -0.00244349846616, -0.00147527118679, 0.000924453081097, 4.13910893258e-05, 0.000509662320837, 0.000381382531486, -0.00255750119686, 0.00107194297016], [-0.00023140241683, 0.00116291048471, 0.000249977369094, -0.000450571271358, -0.00244349846616, 0.0107446527109, -0.00467940839007, 0.00102511537261, 0.000856981612742, -0.000804031034932, -0.00146296236198, -1.26406393974e-05, 0.000534216524102], [0.000129694046336, -0.00203867885284, -0.000750489591155, 0.00161751767155, -0.00147527118679, -0.00467940839007, 0.0157142393291, -0.00325208459981, -0.00174965430051, -0.000412105437135, 0.00112427503336, 0.000414442474721, -0.000484105956275], [-0.000415552087361, 0.00256210262887, -0.0010348118376, -0.0011492469348, 0.000924453081097, 0.00102511537261, -0.00325208459981, 0.0147979902104, -0.00633780565113, 0.0041979579255, -0.00134822470136, 0.00178140180651, 5.74147452426e-05], [0.000451869040262, -0.00295754871331, 0.00143177621067, 4.03425065088e-06, 4.13910893258e-05, 0.000856981612742, -0.00174965430051, -0.00633780565113, 0.0175227001309, -0.00883456133306, 0.00277588632889, 0.00120776379481, 0.00329574197531], [-0.000701473210938, 0.00296376389451, -0.00298748770729, 0.00389298098162, 0.000509662320837, -0.000804031034932, -0.000412105437135, 0.0041979579255, -0.00883456133306, 0.0194946788251, -0.00502405827865, -0.00109474430792, 0.000810181372799], [0.000355926313205, -0.00303376070224, 0.00267107295804, -0.00291886879131, 0.000381382531486, -0.00146296236198, 0.00112427503336, -0.00134822470136, 0.00277588632889, -0.00502405827865, 0.0159732829779, -0.00362440408207, -0.000178882590262], [-0.000344291474903, 0.00349974352866, -0.00106506515294, 0.00310267065652, -0.00255750119686, -1.26406393974e-05, 0.000414442474721, 0.00178140180651, 0.00120776379481, -0.00109474430792, -0.00362440408207, 0.0159912724048, -0.00608158810064], [0.000603950640652, -0.00283698155545, 0.000288243027171, -0.00168109079823, 0.00107194297016, 0.000534216524102, -0.000484105956275, 5.74147452426e-05, 0.00329574197531, 0.000810181372799, -0.000178882590262, -0.00608158810064, 0.0165753662586]]
    },
    "melbands": {
        "dmean": [0.00101755443029, 0.00177008251194, 0.000895781326108, 0.000180413349881, 0.000187210054719, 0.000229607685469, 0.0001993963524, 0.000247097079409, 0.000226716321777, 9.20492748264e-05, 5.01323520439e-05, 3.67190186807e-05, 3.61485654139e-05, 6.25649699941e-05, 5.82900029258e-05, 5.37184678251e-05, 3.31787996402e-05, 2.08293713513e-05, 1.85999379028e-05, 2.22773451242e-05, 1.24868720377e-05, 1.07872474473e-05, 1.12236084533e-05, 1.02350932139e-05, 1.31695087475e-05, 1.89486709132e-05, 1.33516741698e-05, 1.07142750494e-05, 5.05194748257e-06, 2.48135870606e-06, 1.3718217815e-06, 1.57731574291e-06, 1.84989039553e-06, 2.37408812609e-06, 1.86121985735e-06, 1.10341898107e-06, 1.11100655431e-06, 9.15171540328e-07, 5.49289950413e-07, 3.66447864053e-07],
        "dmean2": [0.00189273920842, 0.00330296275206, 0.00162122747861, 0.000314697361318, 0.00031476226286, 0.000395705894334, 0.00033143433393, 0.000395551440306, 0.000335079472279, 0.000137662529596, 7.53543790779e-05, 5.9868041717e-05, 5.43405913049e-05, 9.40850441111e-05, 8.52581870276e-05, 8.18567932583e-05, 5.05168900418e-05, 3.28379464918e-05, 2.87815382762e-05, 3.42881867255e-05, 1.92481929844e-05, 1.71583633346e-05, 1.75792429218e-05, 1.62963660841e-05, 2.04788702831e-05, 2.86770682578e-05, 1.97785338969e-05, 1.59887167683e-05, 7.6070864452e-06, 3.66782296624e-06, 2.06583922591e-06, 2.43442286774e-06, 2.6737745884e-06, 3.43289957527e-06, 2.65602466243e-06, 1.59956312018e-06, 1.60660465554e-06, 1.35344816954e-06, 8.16202430087e-07, 5.37718165106e-07],
        "dvar": [1.41825858009e-05, 3.45283988281e-05, 3.68901601178e-06, 1.01418322629e-07, 2.52980044024e-07, 6.94586276495e-07, 3.73773389128e-07, 5.46863702766e-07, 2.07188023182e-07, 6.54308323078e-08, 1.61818825006e-08, 1.28777557507e-08, 8.86526940747e-09, 2.65924473553e-08, 2.12026716184e-08, 1.37061899608e-08, 4.67941196902e-09, 2.47297160527e-09, 1.45248801875e-09, 2.99393621006e-09, 5.42029476858e-10, 2.90881513321e-10, 2.93950197516e-10, 2.84978901588e-10, 5.8111632173e-10, 1.18586862552e-09, 5.35130328938e-10, 4.00473182394e-10, 7.27386414989e-11, 2.0561186434e-11, 4.56544350935e-12, 9.20030544804e-12, 1.10567093675e-11, 2.11179251169e-11, 8.99107004126e-12, 4.88504072263e-12, 4.20541943283e-12, 2.75523267396e-12, 1.20067790346e-12, 8.33985604101e-13],
        "dvar2": [4.02634577767e-05, 0.00010045478848, 1.07326695797e-05, 2.84723483901e-07, 6.90195179232e-07, 1.97530221158e-06, 9.73820874606e-07, 1.43602744629e-06, 4.02813839173e-07, 1.22865870367e-07, 3.09273922028e-08, 3.31134515363e-08, 1.72359175821e-08, 5.78323557932e-08, 4.16039291906e-08, 2.90522468305e-08, 9.89351445213e-09, 5.53515366875e-09, 3.32827787553e-09, 6.63811405843e-09, 1.2047800535e-09, 7.4872780198e-10, 6.73689048991e-10, 6.98245350428e-10, 1.47301015829e-09, 2.83205237039e-09, 1.16918552617e-09, 8.44525782639e-10, 1.65070485059e-10, 4.19528335682e-11, 1.06690671922e-11, 2.12838496827e-11, 2.35749701011e-11, 4.04429441325e-11, 1.75082500581e-11, 1.07606762043e-11, 8.80499926442e-12, 5.92270026425e-12, 2.62739374528e-12, 1.82354760632e-12],
        "max": [0.0303869433701, 0.0489604696631, 0.0185024160892, 0.00456584338099, 0.00776697695255, 0.0097628235817, 0.00730723468587, 0.0106797022745, 0.00761247985065, 0.00413624150679, 0.00313957268372, 0.00240455195308, 0.00222921441309, 0.00250538485125, 0.00239154067822, 0.00155720743351, 0.0010923811933, 0.00123302428983, 0.000691891007591, 0.00119122117758, 0.000364543433534, 0.000210708982195, 0.000272147764917, 0.000256363884546, 0.000466978206532, 0.000627141911536, 0.000388402579119, 0.000360881007509, 9.97069510049e-05, 6.53323950246e-05, 2.23471815843e-05, 3.41326631315e-05, 4.81512506667e-05, 9.97185270535e-05, 4.89077501697e-05, 3.92265428673e-05, 3.06247311528e-05, 2.09194531635e-05, 1.6003201381e-05, 1.20771383081e-05],
        "mean": [0.000737128197215, 0.00159288290888, 0.00106152589433, 0.000260571250692, 0.000267058698228, 0.000261393375695, 0.000216589483898, 0.000388729211409, 0.000657300406601, 0.000180339993676, 8.39365384309e-05, 4.67381541966e-05, 5.94572957198e-05, 0.000112859335786, 0.000119526092021, 0.000105955354229, 6.08890986769e-05, 3.31205046677e-05, 3.19508035318e-05, 4.12217123085e-05, 2.16670287045e-05, 1.98965353775e-05, 2.12947325053e-05, 1.93435716938e-05, 2.39448945649e-05, 3.14143399009e-05, 2.19278208533e-05, 1.58398561325e-05, 7.47474223317e-06, 4.07342213293e-06, 2.3400250484e-06, 2.52047038884e-06, 3.037720262e-06, 4.15618205807e-06, 3.23339349961e-06, 1.75916500211e-06, 1.72189356817e-06, 1.33241303502e-06, 7.73231306539e-07, 5.26536723555e-07],
        "median": [0.00016311845684, 0.000667500426061, 0.000695466762409, 0.000186685138033, 0.000130356231239, 6.99162701494e-05, 4.09470594604e-05, 6.57032214804e-05, 5.25429277332e-05, 2.20989822992e-05, 1.56416335813e-05, 1.60579093063e-05, 9.36543438002e-06, 1.42374137795e-05, 1.68627921084e-05, 2.09586396522e-05, 1.61526622833e-05, 1.08157400973e-05, 1.12489196908e-05, 1.62467185874e-05, 1.11000535981e-05, 1.19086689665e-05, 1.24131493067e-05, 1.15185093819e-05, 1.42556127685e-05, 1.8483855456e-05, 1.16966039059e-05, 7.2444890975e-06, 3.80191750082e-06, 1.68663609657e-06, 1.26854433802e-06, 8.54049744703e-07, 1.19213973448e-06, 1.71023407347e-06, 1.43575039147e-06, 6.04153285622e-07, 5.2856057664e-07, 3.74349895083e-07, 1.85750778314e-07, 6.7111400881e-08],
        "min": [8.59402425088e-24, 7.54406221894e-24, 1.32582795267e-23, 1.72490337606e-23, 8.75975603845e-24, 4.84435458706e-24, 2.09959794877e-23, 7.33626915676e-24, 1.39415703324e-23, 9.69636664692e-24, 4.51234867003e-24, 6.40809344352e-24, 2.04934577362e-23, 1.94542959989e-23, 3.60955329424e-23, 3.21678662817e-24, 1.17442314131e-23, 1.19073307718e-23, 9.05226092895e-24, 4.37598065193e-24, 6.74268366888e-24, 1.44760914377e-23, 1.38969460487e-23, 1.32184412621e-23, 1.10918694769e-23, 1.19878505933e-23, 1.19847448479e-23, 8.64002667456e-24, 7.17061388869e-24, 6.28015440419e-24, 8.83097361212e-24, 1.69229249733e-23, 1.05597046991e-23, 1.32896730353e-23, 5.99624178668e-24, 9.67134792331e-24, 1.34636594634e-23, 1.09404389486e-23, 8.87244955193e-24, 1.05623884039e-23],
        "var": [8.33497506392e-06, 1.93544929061e-05, 2.52880954577e-06, 9.08309303327e-08, 2.27458571089e-07, 5.11339976583e-07, 3.26648347482e-07, 7.00020905242e-07, 1.42410033277e-06, 2.07312325529e-07, 5.55489663157e-08, 1.37894495822e-08, 2.89219457272e-08, 6.80760194882e-08, 8.66741629579e-08, 3.65033336891e-08, 1.19190701753e-08, 4.0839340798e-09, 3.87767018495e-09, 7.78314124261e-09, 1.23951049424e-09, 5.83469661475e-10, 6.96948054824e-10, 6.00556326891e-10, 9.83896519813e-10, 1.73321446084e-09, 8.84252671085e-10, 6.20654028172e-10, 1.08809239396e-10, 4.06585529134e-11, 8.92446359868e-12, 1.62202334897e-11, 2.23052496612e-11, 4.44593806215e-11, 2.2003529207e-11, 8.70926161051e-12, 8.16706511447e-12, 5.16143247933e-12, 2.08473212651e-12, 1.4470646903e-12]
    },
    "mfcc": {
        "mean": [-642.850341797, 104.501815796, -8.76612281799, 36.2945594788, 6.64341259003, 3.40235877037, 1.59163153172, 5.97276592255, -12.8100261688, 12.3759860992, -2.91058373451, -0.278810799122, 1.19576716423],
        "cov": [[4974.64550781, -720.66583252, -496.691375732, -738.440002441, -484.389007568, -127.030853271, -316.788665771, -183.840179443, -35.6558952332, -96.5601043701, 343.853210449, 196.020797729, -28.9671897888], [-720.66583252, 1225.58984375, -401.344696045, -51.8066749573, -4.8121342659, 50.8839797974, 61.8402252197, 7.15865468979, -4.63346004486, 42.6951408386, 4.71771812439, 23.5995769501, -30.3985557556], [-496.691375732, -401.344696045, 750.558654785, 235.49079895, 80.2327804565, 6.66722536087, 34.6684112549, -1.93505573273, 88.6774902344, 25.3906040192, -52.5830841064, -40.6697006226, 34.0368843079], [-738.440002441, -51.8066749573, 235.49079895, 500.769042969, 275.343078613, 41.7775039673, 144.86076355, 128.236038208, -24.4193935394, 78.5255584717, -152.024093628, -93.474105835, 32.2598457336], [-484.389007568, -4.8121342659, 80.2327804565, 275.343078613, 279.178527832, 70.2880325317, 122.465530396, 102.837814331, -34.6434898376, 47.1172409058, -98.1247787476, -56.245223999, 26.7844638824], [-127.030853271, 50.8839797974, 6.66722536087, 41.7775039673, 70.2880325317, 145.381561279, 63.1839447021, 13.9996585846, 13.034655571, -18.186126709, -6.51152420044, 2.67964696884, 9.72754573822], [-316.788665771, 61.8402252197, 34.6684112549, 144.86076355, 122.465530396, 63.1839447021, 162.196411133, 69.8869476318, -19.5923233032, 20.4682540894, -85.9113235474, -29.2378406525, 33.5420799255], [-183.840179443, 7.15865468979, -1.93505573273, 128.236038208, 102.837814331, 13.9996585846, 69.8869476318, 141.190155029, -16.8076190948, 41.6059761047, -49.178943634, -30.6061611176, 12.4537191391], [-35.6558952332, -4.63346004486, 88.6774902344, -24.4193935394, -34.6434898376, 13.034655571, -19.5923233032, -16.8076190948, 124.034347534, -0.796194195747, 42.6096801758, 11.9884901047, -21.4529476166], [-96.5601043701, 42.6951408386, 25.3906040192, 78.5255584717, 47.1172409058, -18.186126709, 20.4682540894, 41.6059761047, -0.796194195747, 136.919631958, 16.7891101837, -4.08195590973, -10.2948312759], [343.853210449, 4.71771812439, -52.5830841064, -152.024093628, -98.1247787476, -6.51152420044, -85.9113235474, -49.178943634, 42.6096801758, 16.7891101837, 175.346618652, 63.3708953857, -42.4103775024], [196.020797729, 23.5995769501, -40.6697006226, -93.474105835, -56.245223999, 2.67964696884, -29.2378406525, -30.6061611176, 11.9884901047, -4.08195590973, 63.3708953857, 80.7975769043, 9.48687744141], [-28.9671897888, -30.3985557556, 34.0368843079, 32.2598457336, 26.7844638824, 9.72754573822, 33.5420799255, 12.4537191391, -21.4529476166, -10.2948312759, -42.4103775024, 9.48687744141, 91.0028762817]],
