{
"lowlevel": {
    "average_loudness": 0.174035891891,
    "barkbands_crest": {
        "dmean": 2.43161892891,
        "dmean2": 4.12946653366,
        "dvar": 4.71799945831,
        "dvar2": 13.7589664459,
        "max": 23.0248756409,
        "mean": 8.11791610718,
        "median": 7.22517156601,
        "min": 2.80561161041,
        "var": 12.4200353622
    },
    "barkbands_flatness_db": {
        "dmean": 0.0166059155017,
        "dmean2": 0.0276204831898,
        "dvar": 0.000200831273105,
        "dvar2": 0.000565274967812,
        "max": 0.288663059473,
        "mean": 0.150338023901,
        "median": 0.143230423331,
        "min": 0.0506157316267,
        "var": 0.00138549786061
    },
    "barkbands_kurtosis": {
        "dmean": 0.887663960457,
        "dmean2": 1.48308980465,
        "dvar": 1.30098569393,
        "dvar2": 3.37459802628,
        "max": 21.9687423706,
        "mean": 0.444430053234,
        "median": -0.165889501572,
        "min": -1.78900814056,
        "var": 4.8054766655
    },
    "barkbands_skewness": {
        "dmean": 0.351698547602,
        "dmean2": 0.588178157806,
        "dvar": 0.101225532591,
        "dvar2": 0.280769258738,
        "max": 4.34803199768,
        "mean": -0.224446922541,
        "median": -0.337166368961,
        "min": -2.44447159767,
        "var": 0.655015408993
    },
    "barkbands_spread": {
        "dmean": 3.90111160278,
        "dmean2": 6.47982978821,
        "dvar": 15.9280090332,
        "dvar2": 39.455909729,
        "max": 60.170009613,
        "mean": 22.4385147095,
        "median": 21.0164318085,
        "min": 3.49496412277,
        "var": 159.316085815
    },
    "dissonance": {
        "dmean": 0.00764700397849,
        "dmean2": 0.0135211898014,
        "dvar": 0.000200379334274,
        "dvar2": 0.000548917800188,
        "max": 0.500000059605,
        "mean": 0.490603119135,
        "median": 0.493910819292,
        "min": 0.178980246186,
        "var": 0.000158075767104
    },
    "dynamic_complexity": 4.0178027153,
    "erbbands_crest": {
        "dmean": 2.53672432899,
        "dmean2": 4.30758953094,
        "dvar": 5.57521867752,
        "dvar2": 16.4204292297,
        "max": 28.4701519012,
        "mean": 9.7041425705,
        "median": 8.70079517365,
        "min": 3.01220726967,
        "var": 16.4670372009
    },
    "erbbands_flatness_db": {
        "dmean": 0.0149425184354,
        "dmean2": 0.0246662143618,
        "dvar": 0.000172379106516,
        "dvar2": 0.000429999316111,
        "max": 0.379612237215,
        "mean": 0.235739395022,
        "median": 0.226273283362,
        "min": 0.108426488936,
        "var": 0.00226861634292
    },
    "erbbands_kurtosis": {
        "dmean": 0.93773651123,
        "dmean2": 1.57975971699,
        "dvar": 0.912204384804,
        "dvar2": 2.54481005669,
        "max": 14.0871925354,
        "mean": 1.38570797443,
        "median": 1.01777267456,
        "min": -1.6086717844,
        "var": 3.56748008728
    },
    "erbbands_skewness": {
        "dmean": 0.312955081463,
        "dmean2": 0.523744404316,
        "dvar": 0.0777535885572,
        "dvar2": 0.221770510077,
        "max": 2.11447238922,
        "mean": -0.458566099405,
        "median": -0.504857599735,
        "min": -2.54506111145,
        "var": 0.616338849068
    },
    "erbbands_spread": {
        "dmean": 4.27436685562,
        "dmean2": 7.14551591873,
        "dvar": 22.7733364105,
        "dvar2": 60.1054229736,
        "max": 87.8008117676,
        "mean": 21.9424915314,
        "median": 19.1007823944,
        "min": 3.83471488953,
        "var": 184.146133423
    },
    "hfc": {
        "dmean": 3.62827348709,
        "dmean2": 6.03999137878,
        "dvar": 69.1966705322,
        "dvar2": 189.479385376,
        "max": 206.613311768,
        "mean": 16.4925479889,
        "median": 7.82353639603,
        "min": 1.19947104816e-16,
        "var": 558.243835449
    },
    "melbands_crest": {
        "dmean": 3.22627067566,
        "dmean2": 5.47277593613,
        "dvar": 8.04269123077,
        "dvar2": 23.4295787811,
        "max": 31.6505146027,
        "mean": 10.7265338898,
        "median": 9.61420631409,
        "min": 1.6739512682,
        "var": 23.1267204285
    },
    "melbands_flatness_db": {
        "dmean": 0.0172224659473,
        "dmean2": 0.0290084183216,
        "dvar": 0.000258675136138,
        "dvar2": 0.000728552113287,
        "max": 0.32478800416,
        "mean": 0.126047059894,
        "median": 0.118455715477,
        "min": 0.00552461110055,
        "var": 0.00163849955425
    },
    "melbands_kurtosis": {
        "dmean": 1.41549944878,
        "dmean2": 2.39223790169,
        "dvar": 7.39336967468,
        "dvar2": 19.1380157471,
        "max": 63.9424057007,
        "mean": 1.35814487934,
        "median": 0.206838607788,
        "min": -1.71479403973,
        "var": 23.7392559052
    },
    "melbands_skewness": {
        "dmean": 0.418758094311,
        "dmean2": 0.700416862965,
        "dvar": 0.168090492487,
        "dvar2": 0.446358054876,
        "max": 7.19054889679,
        "mean": 0.518130004406,
        "median": 0.337230831385,
        "min": -1.79594361782,
        "var": 1.22510433197
    },
    "melbands_spread": {
        "dmean": 8.19345664978,
        "dmean2": 13.7607793808,
        "dvar": 63.7230262756,
        "dvar2": 167.984710693,
        "max": 122.121315002,
        "mean": 47.5472869873,
        "median": 44.3245658875,
        "min": 4.08636760712,
        "var": 680.340759277
    },
    "pitch_salience": {
        "dmean": 0.0622958540916,
        "dmean2": 0.105508029461,
        "dvar": 0.00300261029042,
        "dvar2": 0.0086660431698,
        "max": 0.964190721512,
        "mean": 0.632064223289,
        "median": 0.650044262409,
        "min": 0.222619131207,
        "var": 0.00922731962055
    },
    "silence_rate_20dB": {
        "dmean": 0,
        "dmean2": 0,
        "dvar": 0,
        "dvar2": 0,
        "max": 1,
        "mean": 1,
        "median": 1,
        "min": 1,
        "var": 0
    },
    "silence_rate_30dB": {
        "dmean": 0.00103092787322,
        "dmean2": 0.00206291908398,
        "dvar": 0.0010298686102,
        "dvar2": 0.00309013575315,
        "max": 1,
        "mean": 0.999484777451,
        "median": 1,
        "min": 0,
        "var": 0.000514923187438
    },
    "silence_rate_60dB": {
        "dmean": 0.0706185549498,
        "dmean2": 0.141309946775,
        "dvar": 0.0656327232718,
        "dvar2": 0.147127509117,
        "max": 1,
        "mean": 0.331787735224,
        "median": 0,
        "min": 0,
        "var": 0.221700400114
    },
    "spectral_centroid": {
        "dmean": 180.440917969,
        "dmean2": 300.699554443,
        "dvar": 61555.2070312,
        "dvar2": 106557.054688,
        "max": 10910.8183594,
        "mean": 2445.09204102,
        "median": 2482.96606445,
        "min": 502.3230896,
        "var": 302457.46875
    },
    "spectral_complexity": {
        "dmean": 2.59536075592,
        "dmean2": 4.33831882477,
        "dvar": 5.33782482147,
        "dvar2": 12.4631309509,
        "max": 55,
        "mean": 16.3621845245,
        "median": 13,
        "min": 0,
        "var": 94.8358078003
    },
    "spectral_decrease": {
        "dmean": 5.82571546559e-10,
        "dmean2": 9.68090163589e-10,
        "dvar": 1.3285910301e-18,
        "dvar2": 3.50689631342e-18,
        "max": 9.34666064768e-30,
        "mean": -2.23547158562e-09,
        "median": -9.54728296421e-10,
        "min": -2.81114527212e-08,
        "var": 1.06907717498e-17
    },
    "spectral_energy": {
        "dmean": 0.00250716740265,
        "dmean2": 0.00416826177388,
        "dvar": 2.54542283074e-05,
        "dvar2": 6.7687855335e-05,
        "max": 0.124382115901,
        "mean": 0.0099331215024,
        "median": 0.00434703100473,
        "min": 1.08442756305e-20,
        "var": 0.000207189863431
    },
    "spectral_energyband_high": {
        "dmean": 8.91305680852e-05,
        "dmean2": 0.00014264859783,
        "dvar": 2.33711698883e-08,
        "dvar2": 5.2704830722e-08,
        "max": 0.00486117973924,
        "mean": 0.000379008997697,
        "median": 0.000251672579907,
        "min": 7.92642186908e-21,
        "var": 1.32899543814e-07
    },
    "spectral_energyband_low": {
        "dmean": 0.00023933420016,
        "dmean2": 0.000362877093721,
        "dvar": 8.60315481077e-07,
        "dvar2": 1.47300363551e-06,
        "max": 0.0318951681256,
        "mean": 0.000439594208729,
        "median": 6.36639233562e-05,
        "min": 4.92366461143e-23,
        "var": 3.89395336242e-06
    },
    "spectral_energyband_middle_high": {
        "dmean": 0.00207987357862,
        "dmean2": 0.00348442979157,
        "dvar": 2.27218770306e-05,
        "dvar2": 6.153571303e-05,
        "max": 0.119328632951,
        "mean": 0.0077248364687,
        "median": 0.00251144403592,
        "min": 1.61214714499e-21,
        "var": 0.000184761564014
    },
    "spectral_energyband_middle_low": {
        "dmean": 0.000650898960885,
        "dmean2": 0.00107148406096,
        "dvar": 2.62861385636e-06,
        "dvar2": 6.75510591464e-06,
        "max": 0.0440598018467,
        "mean": 0.00164562952705,
        "median": 0.000741840165574,
        "min": 2.40554764811e-22,
        "var": 9.41707457969e-06
    },
    "spectral_entropy": {
        "dmean": 0.0758029296994,
        "dmean2": 0.126692324877,
        "dvar": 0.00520843919367,
        "dvar2": 0.0118468822911,
        "max": 9.79139900208,
        "mean": 7.72763442993,
        "median": 7.75324964523,
        "min": 7.19361305237,
        "var": 0.0283722821623
    },
    "spectral_flux": {
        "dmean": 0.00742055056617,
        "dmean2": 0.0122551843524,
        "dvar": 9.84476209851e-05,
        "dvar2": 0.0002428504813,
        "max": 0.201792180538,
        "mean": 0.0499985851347,
        "median": 0.038602579385,
        "min": 1.04135852719e-10,
        "var": 0.000943892402574
    },
    "spectral_kurtosis": {
        "dmean": 1.99073648453,
        "dmean2": 3.47322797775,
        "dvar": 5.31819105148,
        "dvar2": 16.0047588348,
        "max": 28.5872917175,
        "mean": 4.72585487366,
        "median": 3.76016378403,
        "min": -1.17321586609,
        "var": 13.2030725479
    },
    "spectral_rms": {
        "dmean": 0.000333460746333,
        "dmean2": 0.000555545208044,
        "dvar": 1.70758042373e-07,
        "dvar2": 4.31660566846e-07,
        "max": 0.0110158249736,
        "mean": 0.00266863615252,
        "median": 0.00205937027931,
        "min": 3.25265747496e-12,
        "var": 2.56922976405e-06
    },
    "spectral_rolloff": {
        "dmean": 358.65145874,
        "dmean2": 602.03112793,
        "dvar": 254160,
        "dvar2": 485402.96875,
        "max": 19035.3515625,
        "mean": 3061.79125977,
        "median": 3122.31445312,
        "min": 172.265625,
        "var": 1046054.375
    },
    "spectral_skewness": {
        "dmean": 0.214032560587,
        "dmean2": 0.37171086669,
        "dvar": 0.0405012853444,
        "dvar2": 0.117560818791,
        "max": 3.81678318977,
        "mean": 1.0942568779,
        "median": 0.993193328381,
        "min": 0.0282249562442,
        "var": 0.202651798725
    },
    "spectral_spread": {
        "dmean": 219019.921875,
        "dmean2": 342753.625,
        "dvar": 465247502336,
        "dvar2": 257750794240,
        "max": 40326360,
        "mean": 2822832.5,
        "median": 2772868,
        "min": 1292090,
        "var": 1.25489355162e+12
    },
    "spectral_strongpeak": {
        "dmean": 0.867599368095,
        "dmean2": 1.45580255985,
        "dvar": 1.23343670368,
        "dvar2": 3.31462264061,
        "max": 14.2644062042,
        "mean": 1.69475364685,
        "median": 1.19261682034,
        "min": 2.1559902752e-09,
        "var": 3.27821111679
    },
    "zerocrossingrate": {
        "dmean": 0.00621576979756,
        "dmean2": 0.00807716418058,
        "dvar": 0.000154926470714,
        "dvar2": 0.000193260493688,
        "max": 0.51220703125,
        "mean": 0.101877458394,
        "median": 0.09912109375,
        "min": 0.01123046875,
        "var": 0.000716830254532
    },
    "barkbands": {
        "dmean": [7.57173381771e-07, 5.84859517403e-05, 6.39626596239e-05, 0.000297482707538, 0.00032218391425, 0.000167718288139, 8.23043446871e-05, 7.16699287295e-05, 8.2097860286e-05, 0.000260758592049, 0.000350852118572, 0.000313917727908, 0.000572084682062, 0.000411049259128, 0.00106342311483, 0.000412539899116, 0.000236773907091, 0.000174048516783, 0.000130676198751, 5.97980761086e-05, 5.51646335225e-05, 2.3760689146e-05, 1.49673360283e-05, 3.92669744542e-06, 2.00458043764e-06, 4.48737040415e-07, 1.97683291958e-08],
        "dmean2": [1.31206604692e-06, 7.81010676292e-05, 0.000105936807813, 0.000497156986967, 0.000548511859961, 0.00028012340772, 0.000140445234138, 0.000112617948616, 0.000142466422403, 0.00042501630378, 0.000618138408754, 0.000540079548955, 0.000949926150497, 0.000713717250619, 0.00186005735304, 0.000713331799489, 0.000395633775042, 0.000294309080346, 0.000217176348087, 9.80281547527e-05, 9.10614544409e-05, 3.92962974729e-05, 2.34280669247e-05, 6.54582345305e-06, 3.44720569956e-06, 7.89802754753e-07, 3.52755264998e-08],
        "dvar": [1.03485157943e-10, 1.93595070641e-07, 5.89708690768e-08, 1.25875521917e-06, 9.43428347e-07, 1.26725240079e-07, 4.79589452596e-08, 5.41191162995e-08, 8.29183335327e-08, 7.22923573448e-07, 8.64695209657e-07, 8.38787457269e-07, 2.17247611545e-06, 8.32937018913e-07, 1.38644572871e-05, 1.81650011655e-06, 3.15032849585e-07, 6.71175897082e-08, 3.51395996745e-08, 1.28255832621e-08, 1.05106590098e-08, 1.93700078199e-09, 1.65556435228e-09, 8.60665913538e-11, 4.77629810702e-11, 6.86927424665e-12, 9.39476344348e-15],
        "dvar2": [2.74071210171e-10, 2.14573901758e-07, 1.63194613378e-07, 2.80830386146e-06, 2.75930028693e-06, 3.4466538068e-07, 1.37996238436e-07, 1.14148342334e-07, 2.5500639822e-07, 1.6733515622e-06, 2.60429578702e-06, 2.1850282792e-06, 6.00916109761e-06, 2.57719625552e-06, 4.3539715989e-05, 5.11520556756e-06, 8.49436219141e-07, 1.69976459574e-07, 9.70006936996e-08, 2.32857502169e-08, 2.59638870403e-08, 4.80284123583e-09, 3.49125794941e-09, 1.96531083074e-10, 1.32308289325e-10, 2.03199193582e-11, 2.42689474474e-14],
        "max": [0.000351126276655, 0.0199725423008, 0.00650282017887, 0.031225964427, 0.0223152544349, 0.00654230453074, 0.00538964243606, 0.00590011151507, 0.0049736360088, 0.0211520846933, 0.0155005725101, 0.0145735796541, 0.0236252509058, 0.0128838336095, 0.0690026506782, 0.030103571713, 0.01186221838, 0.00628978060558, 0.00410263705999, 0.00430864514783, 0.00247315620072, 0.00101704336703, 0.00105012138374, 0.000282806664472, 0.000187670317246, 7.429040852e-05, 2.29619331549e-06],
        "mean": [7.33228262106e-07, 0.000127449180582, 8.86411871761e-05, 0.000446561549325, 0.000486147328047, 0.000277756451396, 0.000126887694933, 0.000131759457872, 0.000134562127641, 0.000411146582337, 0.000545176852029, 0.000621433136985, 0.00114204967394, 0.000778420129791, 0.00192768429406, 0.000840787193738, 0.000573845696636, 0.000456292676972, 0.00034919261816, 0.000170726096258, 0.00016770415823, 7.18635128578e-05, 4.13054767705e-05, 1.05966300907e-05, 3.82509233532e-06, 5.5491261719e-07, 1.98992253786e-08],
        "median": [4.53239650255e-08, 4.70859686175e-06, 1.61532825587e-05, 5.11564649059e-05, 0.000178550661076, 0.000102087120467, 5.79380357522e-05, 3.54187213816e-05, 3.05269095406e-05, 4.59388938907e-05, 4.76522473036e-05, 6.97445284459e-05, 7.98351320555e-05, 0.000193339132238, 0.00012867237092, 0.000208145967918, 0.00019334872195, 0.000318368372973, 0.00026480271481, 0.000104716833448, 0.000100415243651, 4.63308242615e-05, 2.37494095927e-05, 6.20765149506e-06, 1.8740337282e-06, 1.47560271557e-07, 3.87289589288e-10],
        "min": [8.0889986548e-24, 4.41242594686e-23, 2.04875420682e-24, 2.35884300411e-24, 4.81353426481e-23, 1.35602255045e-23, 3.66083272407e-23, 4.04330278318e-23, 9.49760761982e-23, 4.06874165411e-23, 6.73344279446e-23, 6.97097827935e-23, 1.08632141992e-22, 6.90905585374e-23, 1.70107062594e-22, 1.60537927378e-22, 2.50537174788e-22, 2.15682396988e-22, 3.63683734238e-22, 2.65034267281e-22, 4.87074832678e-22, 5.66366284109e-22, 6.80090643151e-22, 8.50818469857e-22, 1.34594927632e-21, 1.62547897002e-21, 2.50741142664e-21],
        "var": [7.81587988774e-11, 1.10392136321e-06, 1.02900791887e-07, 3.08992662212e-06, 1.2487555523e-06, 2.57562447814e-07, 6.93364867743e-08, 1.49052397092e-07, 1.48238555653e-07, 1.3816882074e-06, 1.65262486007e-06, 2.66756592282e-06, 6.48969444228e-06, 1.91799313143e-06, 2.62614539679e-05, 4.40164194515e-06, 1.13448083994e-06, 2.36031738154e-07, 8.41660536821e-08, 4.80000679204e-08, 3.7430670119e-08, 6.15765838319e-09, 4.26704627188e-09, 3.46617234914e-10, 5.66633927279e-11, 5.18754917495e-12, 1.19062025796e-14]
    },
    "erbbands": {
        "dmean": [0.000904159271158, 0.0161225181073, 0.0623368956149, 0.565541446209, 0.894854605198, 1.54640889168, 1.11897516251, 1.45438468456, 1.4262264967, 1.08331918716, 1.4457526207, 2.02426505089, 3.59164071083, 11.7774620056, 13.8343849182, 11.8268032074, 20.2610569, 25.7940826416, 38.0410041809, 39.5894622803, 13.6149425507, 13.041882515, 9.11844348907, 8.33723640442, 4.68106126785, 3.40570259094, 2.2792096138, 2.10664486885, 0.846958935261, 0.644034862518, 0.326646208763, 0.113701365888, 0.0648666024208, 0.0250730421394, 0.0126238279045, 0.00323833269067, 0.000502137816511, 0.000103990940261, 3.57209205504e-06, 3.1921590562e-06],
        "dmean2": [0.00122245855164, 0.0214094668627, 0.0984631478786, 0.923899650574, 1.53736793995, 2.64302182198, 1.84436643124, 2.4668033123, 2.4077398777, 1.7185870409, 2.29636049271, 3.53344559669, 5.99597454071, 19.5777435303, 24.7132930756, 20.3959789276, 33.7474327087, 44.6638755798, 65.462097168, 67.8709945679, 22.6631546021, 21.4030838013, 15.486120224, 14.0459852219, 7.58849716187, 5.56701660156, 3.75170993805, 3.49794864655, 1.39413464069, 1.03503596783, 0.524306952953, 0.185336738825, 0.108504153788, 0.0426691807806, 0.0220697727054, 0.00569236464798, 0.000895206700079, 0.000182511619641, 6.09291009823e-06, 5.30936586074e-06],
        "dvar": [4.80733651784e-05, 0.0138541786, 0.0630521178246, 4.6824388504, 10.594042778, 14.5694856644, 8.34112358093, 9.1729631424, 12.5480089188, 9.95816802979, 14.163151741, 48.834197998, 141.323577881, 1102.72729492, 1763.01452637, 1144.98779297, 2568.26342773, 3903.29052734, 15649.484375, 17006.7695312, 911.17175293, 895.449951172, 147.752380371, 335.505126953, 38.7100410461, 46.7146110535, 16.7034606934, 12.8375720978, 1.93382060528, 2.23663854599, 0.527140200138, 0.0522678904235, 0.0413620658219, 0.00532729830593, 0.00279631931335, 0.000364932318917, 7.76519209467e-06, 2.49271039365e-07, 1.14593820544e-10, 4.17976035727e-11],
        "dvar2": [7.98987821327e-05, 0.0148681458086, 0.138615012169, 9.9325056076, 31.3573665619, 41.0903816223, 21.148349762, 25.6125640869, 36.7190437317, 22.0082454681, 32.8287506104, 150.730010986, 342.186798096, 2712.71826172, 5493.296875, 2988.58178711, 7254.69677734, 11662.8320312, 48209.6640625, 49069.78125, 2518.59594727, 2342.35253906, 402.895080566, 914.184326172, 98.6020126343, 88.6668930054, 38.8095359802, 35.0639915466, 4.72821521759, 5.23069095612, 1.2168854475, 0.137034952641, 0.0857645720243, 0.0137606747448, 0.008086187765, 0.00106860138476, 2.29687339015e-05, 7.27994859062e-07, 3.19838960872e-10, 1.11941581005e-10],
        "max": [0.275445252657, 5.41899728775, 7.61661148071, 63.983417511, 86.029914856, 66.3713150024, 70.2836456299, 48.3317337036, 81.7128753662, 83.2481842041, 99.4601516724, 125.234764099, 222.560440063, 854.414245605, 567.133422852, 546.229309082, 865.544311523, 1026.4083252, 2370.95800781, 2663.63232422, 527.924377441, 684.703063965, 318.653991699, 578.504577637, 134.451004028, 256.478607178, 103.884353638, 67.9196853638, 30.9373245239, 34.1193275452, 13.9933013916, 4.11937093735, 6.63494110107, 1.98939800262, 1.39281713963, 0.55335098505, 0.0711456090212, 0.0081147076562, 0.000214103376493, 0.000161638541613],
        "mean": [0.00186214433052, 0.0349015146494, 0.105851441622, 0.87004417181, 1.3386349678, 2.0848801136, 1.69379091263, 2.38516020775, 2.29204654694, 2.04173231125, 2.70833563805, 3.23997926712, 6.25989103317, 19.7717990875, 24.8231544495, 25.6090736389, 45.1027565002, 52.7867393494, 73.732963562, 82.571182251, 36.6717338562, 32.6125068665, 24.6316127777, 21.8065052032, 14.0090141296, 9.25922012329, 6.58609676361, 6.17380094528, 2.74354767799, 1.8926692009, 0.958365082741, 0.324770867825, 0.153217762709, 0.053064070642, 0.0218843091279, 0.00478488765657, 0.000537457701284, 0.000106638261059, 9.82210985967e-06, 1.3456792658e-05],
        "median": [7.20133175491e-05, 0.00169862806797, 0.0186117570847, 0.112096980214, 0.355414271355, 0.675628721714, 0.683703958988, 0.859839260578, 1.05268120766, 0.882448554039, 0.762804806232, 0.771519184113, 1.21613800526, 2.64378380775, 2.54745411873, 3.03749036789, 4.03215456009, 8.44650554657, 10.4126319885, 7.23620986938, 13.3878087997, 12.1923179626, 16.5448684692, 15.3531150818, 10.7240629196, 5.75465679169, 4.39696121216, 3.31185007095, 1.6966136694, 1.25754749775, 0.562742650509, 0.192126005888, 0.0768019706011, 0.0291805695742, 0.0088377809152, 0.00165417604148, 0.000106503975985, 1.07118403321e-05, 4.73760246678e-06, 6.37560287942e-06],
        "min": [1.88343754625e-21, 7.43502569423e-21, 3.60685320638e-21, 5.45625174536e-21, 8.29719281552e-20, 1.85041853992e-19, 9.40757422041e-20, 1.42365176347e-19, 4.31125035998e-19, 7.54249183619e-19, 1.20435418896e-18, 1.8275335543e-18, 1.2789667074e-18, 1.84754863678e-18, 3.35514692812e-18, 2.27454836797e-18, 3.04236367553e-18, 5.3423662521e-18, 5.95240533641e-18, 9.45676385971e-18, 9.36275478309e-18, 1.36362403156e-17, 1.27044924931e-17, 1.15255524979e-17, 2.06727886811e-17, 1.16156961595e-17, 1.94934805905e-17, 2.01376987777e-17, 1.87619038588e-17, 2.05848792343e-17, 2.12414306845e-17, 1.78292064329e-17, 1.33633128997e-17, 1.31270047695e-17, 1.00697716952e-17, 5.94130870849e-18, 3.06650763004e-18, 1.31145960263e-18, 2.98203677307e-19, 3.74056339811e-20],
        "var": [0.000214822619455, 0.0795025750995, 0.18715056777, 11.7969532013, 16.1652641296, 21.0980510712, 14.5799331665, 18.8376045227, 19.2409248352, 26.6943740845, 39.5751419067, 83.7373046875, 273.521118164, 2515.92016602, 3655.30395508, 4073.02636719, 9669.82910156, 10206.2734375, 33569.2304688, 44317.78125, 4799.33105469, 3389.37573242, 633.485290527, 648.820800781, 141.028640747, 150.546539307, 46.3076171875, 59.9698524475, 8.03072452545, 5.66930294037, 1.91155159473, 0.201743721962, 0.13621532917, 0.00829870253801, 0.00271974690259, 0.000290552619845, 5.64218498766e-06, 2.32993727423e-07, 2.10916603627e-10, 3.47439854664e-10]
    },
    "gfcc": {
        "mean": [-74.8905715942, 64.448097229, -198.504592896, 49.0240974426, -65.1530685425, 2.42361927032, -46.4055938721, -12.0736646652, -26.9590950012, -13.1050643921, -12.4882640839, -9.69359397888, -6.15119409561],
        "cov": [[2272.42236328, 534.979370117, -113.266296387, -230.903121948, 102.87789917, -7.51339912415, -57.0722808838, -133.321807861, 40.9105377197, 20.6757469177, 5.5244307518, -68.2730102539, -21.9719963074], [534.979370117, 909.254760742, 78.7885971069, -77.5307006836, 95.8306732178, -113.498855591, -8.49908256531, -84.525642395, 55.1991157532, -128.175354004, 56.3582572937, -89.534866333, 100.118309021], [-113.266296387, 78.7885971069, 979.850769043, 527.539306641, -145.26473999, -121.063117981, -174.047439575, -5.61109781265, -188.825683594, 25.0404987335, -89.1860046387, 108.428833008, -100.361968994], [-230.903121948, -77.5307006836, 527.539306641, 492.091247559, -110.422691345, -75.1382598877, -92.6537628174, 5.81314086914, -92.3407058716, 27.7097549438, -39.539226532, 39.8551101685, -70.576789856], [102.87789917, 95.8306732178, -145.26473999, -110.422691345, 320.921936035, 211.153564453, 165.573471069, 24.9304084778, 65.0899047852, 8.67651176453, 33.4869651794, -15.7045574188, 9.55987548828], [-7.51339912415, -113.498855591, -121.063117981, -75.1382598877, 211.153564453, 329.384338379, 201.880859375, 94.774772644, 34.8380737305, 11.3038635254, 5.64785051346, 24.1371040344, 8.55133152008], [-57.0722808838, -8.49908256531, -174.047439575, -92.6537628174, 165.573471069, 201.880859375, 227.399337769, 105.305686951, 82.5760498047, 10.9106960297, 18.7735977173, -1.1898458004, 22.0158557892], [-133.321807861, -84.525642395, -5.61109781265, 5.81314086914, 24.9304084778, 94.774772644, 105.305686951, 145.997665405, 24.3945426941, -4.31615972519, -22.6378192902, 33.0045051575, 18.4208927155], [40.9105377197, 55.1991157532, -188.825683594, -92.3407058716, 65.0899047852, 34.8380737305, 82.5760498047, 24.3945426941, 135.238006592, 43.983291626, 43.958770752, -48.2230415344, 5.55476999283], [20.6757469177, -128.175354004, 25.0404987335, 27.7097549438, 8.67651176453, 11.3038635254, 10.9106960297, -4.31615972519, 43.983291626, 155.094589233, 46.371887207, 4.38960409164, -81.8994979858], [5.5244307518, 56.3582572937, -89.1860046387, -39.539226532, 33.4869651794, 5.64785051346, 18.7735977173, -22.6378192902, 43.958770752, 46.371887207, 87.6111221313, -9.61130046844, -5.4659948349], [-68.2730102539, -89.534866333, 108.428833008, 39.8551101685, -15.7045574188, 24.1371040344, -1.1898458004, 33.0045051575, -48.2230415344, 4.38960409164, -9.61130046844, 86.1136474609, 7.08135414124], [-21.9719963074, 100.118309021, -100.361968994, -70.576789856, 9.55987548828, 8.55133152008, 22.0158557892, 18.4208927155, 5.55476999283, -81.8994979858, -5.4659948349, 7.08135414124, 107.944152832]],
        "icov": [[0.000704691046849, -0.000943675287999, 0.000581760832574, -2.79970663541e-06, 0.000138823263114, -0.000730353349354, 0.000845931470394, 0.000234570601606, 8.46177208587e-05, -0.00103956507519, 0.001492796815, -0.000794535153545, 0.00072538695531], [-0.000943675287999, 0.00483759911731, -0.00394477602094, 0.00208251015283, -0.00154868734535, 0.00303524406627, -0.00288965948857, 0.000835979299154, -0.00175816216506, 0.00481980713084, -0.00622113421559, 0.00515842298046, -0.00354770384729], [0.000581760832574, -0.00394477602094, 0.00679566245526, -0.00476440787315, 0.000375961972168, -0.00171333900653, 0.0032613624353, -0.00115665886551, 0.00275475904346, -0.00409462023526, 0.00653355615214, -0.0068149222061, 0.0041445530951], [-2.79970663541e-06, 0.00208251015283, -0.00476440787315, 0.00643562572077, 0.000171677966136, 0.000961227400694, -0.00135618890636, -0.000178835936822, -0.000496353080962, 0.00196271529421, -0.00354213430546, 0.00429462082684, -0.000884697772563], [0.000138823263114, -0.00154868734535, 0.000375961972168, 0.000171677966136, 0.00790829584002, -0.00450478494167, -0.00272774253972, 0.00306763313711, -0.000833139114548, -0.000397122959839, 0.000696694885846, -0.00105024431832, 0.00146153895184], [-0.000730353349354, 0.00303524406627, -0.00171333900653, 0.000961227400694, -0.00450478494167, 0.0112877739593, -0.00792852044106, -0.000806533265859, 0.00239005219191, 0.00204750406556, -0.00293979491107, 0.00153165066149, -0.00148777256254], [0.000845931470394, -0.00288965948857, 0.0032613624353, -0.00135618890636, -0.00272774253972, -0.00792852044106, 0.0207558888942, -0.00865549501032, -0.00439940905198, -0.00210951059125, 0.00253560137935, -0.00272483052686, 0.00204439461231], [0.000234570601606, 0.000835979299154, -0.00115665886551, -0.000178835936822, 0.00306763313711, -0.000806533265859, -0.00865549501032, 0.0166020151228, -0.00475394772366, 0.00134555669501, 0.00422493182123, -0.00524917198345, -0.00137174571864], [8.46177208587e-05, -0.00175816216506, 0.00275475904346, -0.000496353080962, -0.000833139114548, 0.00239005219191, -0.00439940905198, -0.00475394772366, 0.0218607913703, -0.00970195047557, -0.00151099695358, 0.00880856066942, -0.00366274057887], [-0.00103956507519, 0.00481980713084, -0.00409462023526, 0.00196271529421, -0.000397122959839, 0.00204750406556, -0.00210951059125, 0.00134555669501, -0.00970195047557, 0.0226919054985, -0.0121807204559, -0.00153392576613, 0.0100677972659], [0.001492796815, -0.00622113421559, 0.00653355615214, -0.00354213430546, 0.000696694885846, -0.00293979491107, 0.00253560137935, 0.00422493182123, -0.00151099695358, -0.0121807204559, 0.0270724091679, -0.00984192639589, 0.00161820556968], [-0.000794535153545, 0.00515842298046, -0.0068149222061, 0.00429462082684, -0.00105024431832, 0.00153165066149, -0.00272483052686, -0.00524917198345, 0.00880856066942, -0.00153392576613, -0.00984192639589, 0.0291159395128, -0.0110767977312], [0.00072538695531, -0.00354770384729, 0.0041445530951, -0.000884697772563, 0.00146153895184, -0.00148777256254, 0.00204439461231, -0.00137174571864, -0.00366274057887, 0.0100677972659, 0.00161820556968, -0.0110767977312, 0.024418476969]]
    },
    "melbands": {
        "dmean": [1.22783430925e-05, 2.69932770607e-05, 0.000104669699795, 8.20163477329e-05, 4.16657931055e-05, 3.15624856739e-05, 2.06449622056e-05, 1.30998250825e-05, 1.25400347315e-05, 1.22807014122e-05, 1.95139691641e-05, 4.85119926452e-05, 4.54599212389e-05, 4.09994499933e-05, 3.7748071918e-05, 5.79977386224e-05, 4.67215104436e-05, 4.76226814499e-05, 9.60691759246e-05, 3.57837307092e-05, 1.56464611791e-05, 1.83738975466e-05, 7.94672814663e-06, 8.97524387256e-06, 7.62758963901e-06, 4.86035742142e-06, 2.25743724513e-06, 2.51012602348e-06, 1.47524917793e-06, 1.61675825439e-06, 1.29369880142e-06, 6.21107403731e-07, 3.90113370941e-07, 4.34284146422e-07, 2.22161048669e-07, 1.43315872947e-07, 6.16682314103e-08, 6.681111131e-08, 1.96904323957e-08, 2.42545947771e-08],
        "dmean2": [1.63462409546e-05, 3.83231163141e-05, 0.000174947519554, 0.000140823671245, 6.89465014148e-05, 5.304574006e-05, 3.49700785591e-05, 2.04041425604e-05, 2.00376198336e-05, 2.14070478251e-05, 3.25292930938e-05, 7.99585614004e-05, 7.99135523266e-05, 7.11381144356e-05, 6.17809564574e-05, 9.69122847891e-05, 8.01379865152e-05, 8.16471001599e-05, 0.000169570048456, 6.06509238423e-05, 2.61811674136e-05, 3.04873083223e-05, 1.3658320313e-05, 1.51140366142e-05, 1.28875935843e-05, 7.94454626885e-06, 3.73549369215e-06, 4.13425004808e-06, 2.48845708484e-06, 2.64161758423e-06, 2.15954923988e-06, 1.00806266801e-06, 6.72554904213e-07, 6.87873296101e-07, 3.59240345915e-07, 2.33367870806e-07, 1.04558431246e-07, 1.12046635081e-07, 3.34437437743e-08, 4.12794562976e-08],
        "dvar": [9.10006292543e-09, 1.70855862791e-08, 1.46787826338e-07, 6.81859759766e-08, 9.7174384095e-09, 4.21760848468e-09, 2.70443867301e-09, 1.8226739007e-09, 9.10289954525e-10, 1.93931537495e-09, 4.20561541148e-09, 2.01819254642e-08, 1.55094674881e-08, 1.44566083549e-08, 1.23424177545e-08, 2.37087256494e-08, 1.21035776957e-08, 2.02475778366e-08, 1.14122954642e-07, 1.52824384259e-08, 1.0846881171e-09, 1.97367899801e-09, 1.24080662411e-10, 1.7845987188e-10, 2.94067020734e-10, 3.80322544291e-11, 1.4549624526e-11, 2.25177775731e-11, 4.68267612186e-12, 1.4894302805e-11, 4.57457726213e-12, 1.1285441982e-12, 5.01842382754e-13, 1.53835104377e-12, 2.74429621822e-13, 1.42965270156e-13, 1.26958786908e-14, 5.14589489997e-14, 2.53076228695e-15, 5.59571987813e-15],
        "dvar2": [1.06482769269e-08, 2.63459227767e-08, 3.36903269726e-07, 2.01201018513e-07, 2.52174334747e-08, 1.17397958022e-08, 7.88839749077e-09, 3.86416498799e-09, 2.24593721398e-09, 6.00834404452e-09, 1.01640686978e-08, 4.91835230321e-08, 4.74693493402e-08, 4.02873183702e-08, 3.09131102938e-08, 6.57103456092e-08, 3.63401007064e-08, 6.06387828839e-08, 3.62474480653e-07, 4.19729850876e-08, 2.97044278064e-09, 5.19967624513e-09, 3.63052699015e-10, 4.89831841755e-10, 8.10435774046e-10, 9.69898536485e-11, 2.95903926362e-11, 4.54865763111e-11, 1.20827046285e-11, 3.32904953604e-11, 1.22801716712e-11, 2.67119638041e-12, 1.38535201106e-12, 3.32320802821e-12, 6.32782888588e-13, 3.18062985888e-13, 3.59831420574e-14, 1.0515883547e-13, 5.81698097758e-15, 1.48145757543e-14],
        "max": [0.00424905447289, 0.00548576004803, 0.0102812945843, 0.00666302954778, 0.00211270689033, 0.00107193330768, 0.00123123684898, 0.00104517268483, 0.000668232736643, 0.000766505138017, 0.00119347730651, 0.00372434966266, 0.00190877914429, 0.00189364585094, 0.0020417009946, 0.00274043320678, 0.00172152649611, 0.00263211573474, 0.00604971079156, 0.00272886361927, 0.000622227671556, 0.000960959412623, 0.000259656953858, 0.000252899277257, 0.000526662741322, 0.000114990289148, 0.000131661945488, 0.000164213415701, 5.04135823576e-05, 0.000112300862384, 4.4302407332e-05, 2.43581234827e-05, 1.96961791517e-05, 3.27627749357e-05, 1.18601519716e-05, 7.46029218135e-06, 2.35387938119e-06, 7.46663226892e-06, 1.04158471004e-06, 1.92767834051e-06],
        "mean": [2.74459271168e-05, 5.08156263095e-05, 0.000164507786394, 0.000124016136397, 6.54462783132e-05, 5.27658266947e-05, 3.34545584337e-05, 2.42598562181e-05, 2.27494838327e-05, 1.94286203623e-05, 3.24590182572e-05, 7.94805164333e-05, 7.7697695815e-05, 7.28913582861e-05, 8.0942765635e-05, 0.00011534091027, 9.03393956833e-05, 9.37372096814e-05, 0.000165236371686, 6.97944997228e-05, 3.73775874323e-05, 4.00731441914e-05, 1.82710682566e-05, 2.24513096327e-05, 1.72511863639e-05, 1.24885609694e-05, 6.49824960419e-06, 5.85443058299e-06, 3.8011696688e-06, 4.02316436521e-06, 3.45632815879e-06, 1.61705895607e-06, 1.06530251287e-06, 1.05341928247e-06, 5.93337460941e-07, 3.22896028138e-07, 1.50791649389e-07, 1.36143100349e-07, 4.49179751172e-08, 4.32315161447e-08],
        "median": [9.73113060354e-07, 6.70638928568e-06, 2.51821275015e-05, 4.0193037421e-05, 2.73680998362e-05, 1.96876608243e-05, 1.54635454237e-05, 8.98874259292e-06, 6.00336807111e-06, 4.28922430729e-06, 5.37139931112e-06, 8.88093927642e-06, 7.63720527175e-06, 8.10433357401e-06, 6.35307060293e-06, 9.10828839551e-06, 1.53284090629e-05, 1.27777802845e-05, 8.77701040736e-06, 1.19703190649e-05, 1.4964211914e-05, 1.27539024106e-05, 1.23644567793e-05, 1.52277862071e-05, 1.14805043268e-05, 9.05177057575e-06, 4.35627634943e-06, 3.57046178578e-06, 2.59783905676e-06, 2.30157934311e-06, 1.76714377176e-06, 9.69778170656e-07, 7.26046835098e-07, 6.1954068542e-07, 3.31236407192e-07, 1.68639104459e-07, 9.40805833238e-08, 6.18166993149e-08, 2.4830029588e-08, 2.23094254181e-08],
        "min": [1.4397524047e-23, 4.49184578067e-24, 2.32805908779e-24, 1.10981827307e-23, 4.31725390184e-24, 3.24478132954e-24, 6.95035761306e-24, 8.29588294922e-24, 1.23923484887e-23, 1.14871187671e-23, 6.41749666551e-24, 7.27862551269e-24, 1.09330630992e-23, 9.04122713146e-24, 3.84651141184e-24, 1.08983484862e-23, 9.41416901302e-24, 6.86898897727e-24, 1.6571850316e-23, 1.24723074301e-23, 1.08970586986e-23, 1.47036809643e-23, 1.40337660841e-23, 8.56624688068e-24, 8.79493450166e-24, 1.51401119493e-23, 1.04178627751e-23, 7.44175721473e-24, 1.18207666981e-23, 1.36156145841e-23, 1.15151761829e-23, 1.12908959278e-23, 1.01679114085e-23, 1.11612994917e-23, 1.28871954126e-23, 9.36571402077e-24, 1.10061281851e-23, 9.12851695721e-24, 9.0872405992e-24, 1.22058239054e-23],
        "var": [5.20152916295e-08, 7.77805837515e-08, 3.62826938272e-07, 9.32714456781e-08, 1.85871176228e-08, 8.85025031039e-09, 4.12328216015e-09, 5.08130382215e-09, 2.61562260739e-09, 3.23755577902e-09, 7.70189068078e-09, 4.37409575227e-08, 3.31918492691e-08, 3.51565851986e-08, 4.47251764513e-08, 6.57774990032e-08, 2.91097226324e-08, 4.87811604444e-08, 2.0164223713e-07, 3.55744198544e-08, 4.68370497941e-09, 6.06561911809e-09, 4.35500885354e-10, 5.58650736782e-10, 5.12889342108e-10, 1.29192143095e-10, 5.12097621252e-11, 6.69743080439e-11, 1.33628325419e-11, 3.2897028851e-11, 2.19533332485e-11, 3.5320633137e-12, 1.21487401302e-12, 3.08501488244e-12, 8.60872137465e-13, 2.96561142614e-13, 4.02278714897e-14, 1.58845850427e-13, 5.39492267117e-15, 6.8777377016e-15]
    },
    "mfcc": {
        "mean": [-683.873596191, 73.6154098511, -62.580329895, 28.2014961243, -7.2872133255, 6.43256616592, -12.4116067886, -2.58423018456, -13.9177131653, -9.33143997192, -9.52677822113, -7.69369459152, -7.66911697388],
        "cov": [[1427.43212891, 604.681884766, -342.464874268, -279.667358398, 38.6162223816, 63.8493995667, -44.4591026306, -93.5260009766, 19.5381374359, 61.7701072693, 8.44007968903, 26.7675056458, 30.6229629517], [604.681884766, 884.292175293, -146.870773315, -113.161804199, 72.4956283569, -15.6063499451, 13.448969841, -2.77230906487, 26.9665431976, 12.6458768845, -52.0478363037, -36.2957572937, 29.6971378326], [-342.464874268, -146.870773315, 996.356384277, 578.870239258, 51.2473716736, -83.2072143555, -86.8709640503, -59.4504165649, -126.852897644, -163.340591431, -48.321849823, -24.8851203918, -66.2653121948], [-279.667358398, -113.161804199, 578.870239258, 482.43359375, 41.6611671448, -59.1713943481, -71.9865875244, -68.2515945435, -96.5206985474, -80.5071411133, -4.38527584076, 5.38016891479, -64.0750961304], [38.6162223816, 72.4956283569, 51.2473716736, 41.6611671448, 136.349716187, 87.1191864014, 64.185760498, 37.2260169983, 12.0922908783, 0.909520506859, 3.730676651, -9.89018821716, 3.35191607475], [63.8493995667, -15.6063499451, -83.2072143555, -59.1713943481, 87.1191864014, 199.366546631, 119.510871887, 71.9973526001, 45.1172294617, 67.7637329102, 72.4365386963, 21.6541938782, 11.5567064285], [-44.4591026306, 13.448969841, -86.8709640503, -71.9865875244, 64.185760498, 119.510871887, 173.868331909, 131.898803711, 76.8646850586, 49.3135757446, 34.7033157349, -0.366413742304, 21.2971572876], [-93.5260009766, -2.77230906487, -59.4504165649, -68.2515945435, 37.2260169983, 71.9973526001, 131.898803711, 193.047775269, 111.056243896, 38.8033447266, -9.07952976227, -33.887802124, 18.9301071167], [19.5381374359, 26.9665431976, -126.852897644, -96.5206985474, 12.0922908783, 45.1172294617, 76.8646850586, 111.056243896, 122.48639679, 66.3878707886, 10.6192455292, -16.7804718018, 10.5923080444], [61.7701072693, 12.6458768845, -163.340591431, -80.5071411133, 0.909520506859, 67.7637329102, 49.3135757446, 38.8033447266, 66.3878707886, 125.473617554, 78.5827178955, 31.6496143341, 7.58901882172], [8.44007968903, -52.0478363037, -48.321849823, -4.38527584076, 3.730676651, 72.4365386963, 34.7033157349, -9.07952976227, 10.6192455292, 78.5827178955, 146.588989258, 88.2337799072, 8.81179428101], [26.7675056458, -36.2957572937, -24.8851203918, 5.38016891479, -9.89018821716, 21.6541938782, -0.366413742304, -33.887802124, -16.7804718018, 31.6496143341, 88.2337799072, 110.33870697, 19.0446109772], [30.6229629517, 29.6971378326, -66.2653121948, -64.0750961304, 3.35191607475, 11.5567064285, 21.2971572876, 18.9301071167, 10.5923080444, 7.58901882172, 8.81179428101, 19.0446109772, 63.7743721008]],
