{
"lowlevel": {
    "average_loudness": 0.932926654816,
    "barkbands_crest": {
        "dmean": 2.44569563866,
        "dmean2": 3.94786095619,
        "dvar": 5.08128595352,
        "dvar2": 12.1264734268,
        "max": 24.879650116,
        "mean": 9.21216201782,
        "median": 8.30502605438,
        "min": 2.84272742271,
        "var": 14.764292717
    },
    "barkbands_flatness_db": {
        "dmean": 0.0257448572665,
        "dmean2": 0.0343527533114,
        "dvar": 0.000629193091299,
        "dvar2": 0.00108824553899,
        "max": 0.468003332615,
        "mean": 0.146503597498,
        "median": 0.139617428184,
        "min": 0.0302982833236,
        "var": 0.00372368353419
    },
    "barkbands_kurtosis": {
        "dmean": 2.8803164959,
        "dmean2": 4.34691381454,
        "dvar": 36.0823478699,
        "dvar2": 72.8670272827,
        "max": 102.461128235,
        "mean": 3.98251771927,
        "median": 0.914907574654,
        "min": -1.90506505966,
        "var": 101.326164246
    },
    "barkbands_skewness": {
        "dmean": 0.539912819862,
        "dmean2": 0.775437891483,
        "dvar": 0.35786613822,
        "dvar2": 0.693212687969,
        "max": 8.75531291962,
        "mean": 1.23973870277,
        "median": 1.03240847588,
        "min": -1.58120071888,
        "var": 1.74592101574
    },
    "barkbands_spread": {
        "dmean": 6.11404895782,
        "dmean2": 8.6947555542,
        "dvar": 61.7327461243,
        "dvar2": 118.845878601,
        "max": 108.600257874,
        "mean": 21.3297901154,
        "median": 19.2982673645,
        "min": 0.762660503387,
        "var": 210.753250122
    },
    "dissonance": {
        "dmean": 0.0267792642117,
        "dmean2": 0.044503338635,
        "dvar": 0.000710225314833,
        "dvar2": 0.00173869077116,
        "max": 0.500000059605,
        "mean": 0.451850473881,
        "median": 0.462438881397,
        "min": 0.111876301467,
        "var": 0.00155375595205
    },
    "dynamic_complexity": 2.81047797203,
    "erbbands_crest": {
        "dmean": 3.06785488129,
        "dmean2": 4.81232404709,
        "dvar": 7.98123073578,
        "dvar2": 18.8825969696,
        "max": 31.0941467285,
        "mean": 10.2012834549,
        "median": 9.08436775208,
        "min": 2.57682561874,
        "var": 22.8092460632
    },
    "erbbands_flatness_db": {
        "dmean": 0.0248704887927,
        "dmean2": 0.0329111516476,
        "dvar": 0.000532266392838,
        "dvar2": 0.00093640392879,
        "max": 0.340903580189,
        "mean": 0.169436648488,
        "median": 0.166482046247,
        "min": 0.057624284178,
        "var": 0.00286711216904
    },
    "erbbands_kurtosis": {
        "dmean": 1.11479187012,
        "dmean2": 1.74219167233,
        "dvar": 2.74951434135,
        "dvar2": 6.28805446625,
        "max": 28.771900177,
        "mean": 0.989713788033,
        "median": 0.321399211884,
        "min": -1.72056508064,
        "var": 5.53996658325
    },
    "erbbands_skewness": {
        "dmean": 0.405241698027,
        "dmean2": 0.61131632328,
        "dvar": 0.144024506211,
        "dvar2": 0.316114187241,
        "max": 3.98193788528,
        "mean": 0.370184570551,
        "median": 0.351896226406,
        "min": -3.23692250252,
        "var": 0.509551286697
    },
    "erbbands_spread": {
        "dmean": 9.01520633698,
        "dmean2": 13.3617858887,
        "dvar": 135.568191528,
        "dvar2": 278.486206055,
        "max": 146.420379639,
        "mean": 32.6376571655,
        "median": 28.616519928,
        "min": 2.68765282631,
        "var": 414.013458252
    },
    "hfc": {
        "dmean": 7.66086339951,
        "dmean2": 9.74531555176,
        "dvar": 85.6477966309,
        "dvar2": 130.521286011,
        "max": 114.542320251,
        "mean": 22.7536296844,
        "median": 17.3412017822,
        "min": 1.18518001415e-16,
        "var": 373.239227295
    },
    "melbands_crest": {
        "dmean": 2.73553419113,
        "dmean2": 4.38414144516,
        "dvar": 6.26179981232,
        "dvar2": 14.8320713043,
        "max": 31.3294887543,
        "mean": 12.2605113983,
        "median": 11.472070694,
        "min": 2.87997460365,
        "var": 21.0417461395
    },
    "melbands_flatness_db": {
        "dmean": 0.0303504858166,
        "dmean2": 0.0385905951262,
        "dvar": 0.000954170071054,
        "dvar2": 0.00160639861133,
        "max": 0.605532288551,
        "mean": 0.217637464404,
        "median": 0.208059430122,
        "min": 0.00703281350434,
        "var": 0.00613950798288
    },
    "melbands_kurtosis": {
        "dmean": 6.67673206329,
        "dmean2": 10.080124855,
        "dvar": 219.403762817,
        "dvar2": 483.032501221,
        "max": 251.222366333,
        "mean": 11.2665729523,
        "median": 4.35644817352,
        "min": -1.59621632099,
        "var": 528.965820312
    },
    "melbands_skewness": {
        "dmean": 0.715972602367,
        "dmean2": 1.0619944334,
        "dvar": 0.717585980892,
        "dvar2": 1.39008617401,
        "max": 12.3612642288,
        "mean": 2.13095259666,
        "median": 1.75443661213,
        "min": -1.17447304726,
        "var": 3.05656909943
    },
    "melbands_spread": {
        "dmean": 6.96863460541,
        "dmean2": 10.0095062256,
        "dvar": 105.125465393,
        "dvar2": 209.344329834,
        "max": 183.108169556,
        "mean": 24.1809425354,
        "median": 21.8361301422,
        "min": 0.783620655537,
        "var": 321.022247314
    },
    "pitch_salience": {
        "dmean": 0.067801900208,
        "dmean2": 0.106916546822,
        "dvar": 0.00349412416108,
        "dvar2": 0.00819182023406,
        "max": 0.931967794895,
        "mean": 0.552784264088,
        "median": 0.55647611618,
        "min": 0.16101655364,
        "var": 0.0107221258804
    },
    "silence_rate_20dB": {
        "dmean": 0,
        "dmean2": 0,
        "dvar": 0,
        "dvar2": 0,
        "max": 1,
        "mean": 1,
        "median": 1,
        "min": 1,
        "var": 0
    },
    "silence_rate_30dB": {
        "dmean": 0,
        "dmean2": 0,
        "dvar": 0,
        "dvar2": 0,
        "max": 1,
        "mean": 1,
        "median": 1,
        "min": 1,
        "var": 0
    },
    "silence_rate_60dB": {
        "dmean": 0.027333676815,
        "dmean2": 0.0546955615282,
        "dvar": 0.0265867244452,
        "dvar2": 0.0661512240767,
        "max": 1,
        "mean": 0.0453608259559,
        "median": 0,
        "min": 0,
        "var": 0.0433040894568
    },
    "spectral_centroid": {
        "dmean": 256.826446533,
        "dmean2": 358.974822998,
        "dvar": 131863.90625,
        "dvar2": 223689.84375,
        "max": 10948.7246094,
        "mean": 1262.88134766,
        "median": 1215.28723145,
        "min": 156.177642822,
        "var": 425790.90625
    },
    "spectral_complexity": {
        "dmean": 4.37390422821,
        "dmean2": 5.94117641449,
        "dvar": 28.966463089,
        "dvar2": 44.8022499084,
        "max": 53,
        "mean": 18.2072162628,
        "median": 17,
        "min": 0,
        "var": 112.377891541
    },
    "spectral_decrease": {
        "dmean": 1.96831706489e-09,
        "dmean2": 2.89177837232e-09,
        "dvar": 4.6790455694e-18,
        "dvar2": 9.15258804178e-18,
        "max": 1.58880358125e-29,
        "mean": -6.98588165093e-09,
        "median": -6.68743815879e-09,
        "min": -2.55936072335e-08,
        "var": 1.6593395289e-17
    },
    "spectral_energy": {
        "dmean": 0.00794240739197,
        "dmean2": 0.0115317106247,
        "dvar": 7.68937024986e-05,
        "dvar2": 0.000145557409269,
        "max": 0.104674212635,
        "mean": 0.0284301806241,
        "median": 0.0268136393279,
        "min": 1.06899595942e-20,
        "var": 0.000282767141471
    },
    "spectral_energyband_high": {
        "dmean": 0.000428205792559,
        "dmean2": 0.000542347377632,
        "dvar": 4.67490281153e-07,
        "dvar2": 8.32863577216e-07,
        "max": 0.00990634225309,
        "mean": 0.00070416071685,
        "median": 0.000284769543214,
        "min": 7.47019298716e-21,
        "var": 1.04848447791e-06
    },
    "spectral_energyband_low": {
        "dmean": 0.00361931254156,
        "dmean2": 0.00568428542465,
        "dvar": 1.60267354659e-05,
        "dvar2": 3.75431809516e-05,
        "max": 0.0391706749797,
        "mean": 0.00912583619356,
        "median": 0.00913244392723,
        "min": 4.50565447527e-23,
        "var": 4.11302462453e-05
    },
    "spectral_energyband_middle_high": {
        "dmean": 0.00299349660054,
        "dmean2": 0.00407719938084,
        "dvar": 1.8170056137e-05,
        "dvar2": 3.20463623211e-05,
        "max": 0.0629301592708,
        "mean": 0.00847910530865,
        "median": 0.004444796592,
        "min": 1.8907466644e-21,
        "var": 9.88764004433e-05
    },
    "spectral_energyband_middle_low": {
        "dmean": 0.00464096292853,
        "dmean2": 0.00707036489621,
        "dvar": 3.57764765795e-05,
        "dvar2": 7.70537299104e-05,
        "max": 0.0750880539417,
        "mean": 0.0115022929385,
        "median": 0.00891114585102,
        "min": 2.89424357101e-22,
        "var": 9.04913176782e-05
    },
    "spectral_entropy": {
        "dmean": 0.230424642563,
        "dmean2": 0.294644266367,
        "dvar": 0.053591620177,
        "dvar2": 0.0923569872975,
        "max": 9.81122207642,
        "mean": 7.39052629471,
        "median": 7.40273189545,
        "min": 4.96143484116,
        "var": 0.290206521749
    },
    "spectral_flux": {
        "dmean": 0.0277877580374,
        "dmean2": 0.0433739833534,
        "dvar": 0.000729465682525,
        "dvar2": 0.00177496147808,
        "max": 0.261815309525,
        "mean": 0.0921102240682,
        "median": 0.0860791802406,
        "min": 1.03392260031e-10,
        "var": 0.00204541604035
    },
    "spectral_kurtosis": {
        "dmean": 2.66631293297,
        "dmean2": 4.17442178726,
        "dvar": 17.0938777924,
        "dvar2": 41.1239624023,
        "max": 84.982093811,
        "mean": 6.05668306351,
        "median": 4.66725826263,
        "min": -1.47297143936,
        "var": 35.443397522
    },
    "spectral_rms": {
        "dmean": 0.000785188225564,
        "dmean2": 0.00111944496166,
        "dvar": 7.10795404757e-07,
        "dvar2": 1.28647275233e-06,
        "max": 0.0101055027917,
        "mean": 0.00497022503987,
        "median": 0.00511465035379,
        "min": 3.22943169602e-12,
        "var": 3.0335527299e-06
    },
    "spectral_rolloff": {
        "dmean": 458.373901367,
        "dmean2": 728.196655273,
        "dvar": 1169239.5,
        "dvar2": 2162189.25,
        "max": 19078.4179688,
        "mean": 1437.76159668,
        "median": 1162.79296875,
        "min": 64.599609375,
        "var": 2666589.5
    },
    "spectral_skewness": {
        "dmean": 0.328330695629,
        "dmean2": 0.492816209793,
        "dvar": 0.147597178817,
        "dvar2": 0.328069716692,
        "max": 6.87512302399,
        "mean": 1.73399889469,
        "median": 1.59553170204,
        "min": 0.0183946024626,
        "var": 0.451927393675
    },
    "spectral_spread": {
        "dmean": 787881.5,
        "dmean2": 1021305.0625,
        "dvar": 1.3921100759e+12,
        "dvar2": 1.96284710912e+12,
        "max": 39998112,
        "mean": 4369799,
        "median": 3754120,
        "min": 856147.125,
        "var": 5.05177335398e+12
    },
    "spectral_strongpeak": {
        "dmean": 0.761735260487,
        "dmean2": 1.27758514881,
        "dvar": 1.30917024612,
        "dvar2": 3.1988427639,
        "max": 9.80366230011,
        "mean": 1.21515727043,
        "median": 0.448580473661,
        "min": 0,
        "var": 2.61905407906
    },
    "zerocrossingrate": {
        "dmean": 0.011757530272,
        "dmean2": 0.0125139076263,
        "dvar": 0.000393257942051,
        "dvar2": 0.000428539060522,
        "max": 0.50341796875,
        "mean": 0.0561772622168,
        "median": 0.04931640625,
        "min": 0.00244140625,
        "var": 0.00179656827822
    },
    "barkbands": {
        "dmean": [0.000103073849459, 0.00252491049469, 0.00130766851362, 0.000974275986664, 0.00164441252127, 0.000659907411318, 0.000903770152945, 0.00165614590514, 0.00133248686325, 0.000847576535307, 0.000931921123993, 0.000937862379942, 0.000740931194741, 0.000596346799284, 0.000527546333615, 0.000340765895089, 0.000170503350091, 0.000129929525428, 0.000160997355124, 0.000171466715983, 0.000101331737824, 8.02241411293e-05, 5.17596854479e-05, 6.00108323852e-05, 6.15859171376e-05, 3.41119339282e-05, 1.67787243299e-06],
        "dmean2": [0.000168027632753, 0.00406545680016, 0.00206167902797, 0.00159308221191, 0.00275996676646, 0.00104962289333, 0.00141908181831, 0.00263711228035, 0.00211528828368, 0.00124706688803, 0.00136218441185, 0.00142655777745, 0.00113464996684, 0.000891334144399, 0.000802263966762, 0.000526769843418, 0.000257474632235, 0.000191205283045, 0.00023761857301, 0.000245256902417, 0.000135601891088, 0.000104774982901, 7.09895757609e-05, 7.81348062446e-05, 8.62180095282e-05, 4.61397612526e-05, 2.86295244223e-06],
        "dvar": [3.49358337814e-08, 9.51004767558e-06, 3.09334336634e-06, 2.41360862674e-06, 9.24955111259e-06, 9.02713225059e-07, 3.73399393538e-06, 1.02504109236e-05, 7.24577648725e-06, 3.13553141496e-06, 4.65621906187e-06, 4.43868202638e-06, 2.54314136328e-06, 2.61637705989e-06, 1.38113080084e-06, 6.86213354584e-07, 1.99974564907e-07, 5.2242317139e-08, 6.97980269138e-08, 8.06654227858e-08, 2.49777212247e-08, 2.35339534527e-08, 9.52631928897e-09, 1.64385696166e-08, 4.35930047615e-08, 6.82733647395e-09, 1.79940923273e-11],
        "dvar2": [8.92965488219e-08, 2.6083587727e-05, 6.96879396855e-06, 5.94926905251e-06, 2.43573267653e-05, 2.16508487938e-06, 9.06950845092e-06, 2.39213914028e-05, 1.61595617101e-05, 6.42099575998e-06, 9.52548271016e-06, 9.80346885626e-06, 5.1107613217e-06, 5.55197675567e-06, 2.81722304862e-06, 1.60120771397e-06, 4.54321707366e-07, 1.07693516327e-07, 1.377272838e-07, 1.61766195106e-07, 4.685263022e-08, 4.5260019732e-08, 1.89455722222e-08, 2.98097653229e-08, 8.93164937565e-08, 1.42883340715e-08, 4.89363584377e-11],
        "max": [0.00270491046831, 0.0356255061924, 0.0230726823211, 0.0258683003485, 0.0262970477343, 0.010448413901, 0.0359812490642, 0.0461642704904, 0.0425646267831, 0.0239407997578, 0.0537473373115, 0.0436520464718, 0.033584728837, 0.0267169252038, 0.0201428364962, 0.015813620761, 0.0107720969245, 0.00350835360587, 0.00392339751124, 0.00535465264693, 0.0015705327969, 0.00203885184601, 0.00107553508133, 0.00287360325456, 0.00606070272624, 0.00148300302681, 5.76093043492e-05],
        "mean": [0.000131178720039, 0.00487940246239, 0.00293343304656, 0.00194516207557, 0.00225248234347, 0.00110911100637, 0.00151822529733, 0.00245232554153, 0.00182706734631, 0.00130468001589, 0.00149153941311, 0.00143061974086, 0.00123091961723, 0.000960321340244, 0.000869287701789, 0.000492701656185, 0.000252645841101, 0.000211092177778, 0.000272740522632, 0.0003132482816, 0.000163236269145, 0.00010788608779, 7.24170095054e-05, 8.32187506603e-05, 8.21145586087e-05, 4.17226001446e-05, 1.40230406487e-06],
        "median": [5.3104791732e-05, 0.0040924763307, 0.00184284662828, 0.00124677317217, 0.00124950613827, 0.000577072671149, 0.000523367489222, 0.00106246490031, 0.000680098659359, 0.000275724800304, 0.000282053777482, 0.00034165562829, 0.000259957043454, 0.000210352096474, 0.000239628803683, 0.000171205727383, 7.91003039922e-05, 8.04718001746e-05, 0.000109552260255, 0.000128716506879, 6.39647769276e-05, 2.53363978118e-05, 1.80451097549e-05, 1.34495239763e-05, 1.24865146063e-05, 5.50696086066e-06, 6.70684698889e-08],
        "min": [7.96930478965e-24, 9.869332289e-24, 2.5145973184e-23, 1.23694194577e-23, 4.01248608969e-23, 5.05032664273e-23, 1.53885558027e-23, 9.14088850501e-23, 5.14146279647e-23, 8.82037431922e-23, 9.98840468953e-23, 8.88948673867e-23, 9.14773076896e-23, 2.98857315992e-22, 1.26239050391e-22, 1.29281996136e-22, 1.95919651642e-22, 3.43986293953e-22, 2.90612646682e-22, 3.05567328987e-22, 5.03694528985e-22, 4.94333009338e-22, 4.07872162808e-22, 6.7597801464e-22, 1.17263706555e-21, 1.58518016845e-21, 2.73923182253e-21],
        "var": [4.49966464089e-08, 1.73465778062e-05, 8.62953129399e-06, 5.28920509169e-06, 9.43234408624e-06, 1.92111997421e-06, 7.73613191996e-06, 1.59870178322e-05, 1.21360062622e-05, 7.72636667534e-06, 1.2939658518e-05, 9.59265889833e-06, 8.13401675259e-06, 6.38249366602e-06, 3.42977364198e-06, 1.12008603992e-06, 3.14297778914e-07, 9.99338425345e-08, 1.57945024171e-07, 2.17839982497e-07, 5.7589232938e-08, 4.14111909208e-08, 1.61007314148e-08, 3.22917124151e-08, 7.16175918569e-08, 1.00510488821e-08, 1.69364799962e-11]
    },
    "erbbands": {
        "dmean": [0.069809935987, 0.591411352158, 1.28875100613, 2.66237020493, 3.29659080505, 6.98920488358, 6.05081892014, 5.97661066055, 7.53731822968, 27.2108287811, 36.0487518311, 30.5447235107, 20.101184845, 30.0156650543, 34.0376701355, 38.8456420898, 33.1464576721, 29.7027015686, 27.5723571777, 23.7120552063, 15.323343277, 8.18550109863, 6.94329166412, 6.10847663879, 9.55944919586, 8.53189182281, 4.63878297806, 3.472666502, 2.86820530891, 2.64457607269, 1.20576405525, 1.26735341549, 0.928433895111, 0.732376098633, 0.437707811594, 0.211823970079, 0.0403692647815, 0.00750672398135, 0.000184917633305, 1.38370469358e-05],
        "dmean2": [0.113439396024, 0.956769347191, 2.02805638313, 4.23875904083, 5.51645565033, 11.8785610199, 9.97192764282, 9.59363746643, 11.7709283829, 41.9565582275, 57.9015426636, 48.7846641541, 29.4845561981, 43.965473175, 49.9550094604, 59.3187789917, 49.4609985352, 44.4208831787, 41.4915275574, 35.3415260315, 23.570306778, 12.0002794266, 10.0174970627, 8.94924449921, 13.8231430054, 12.0786457062, 6.36587667465, 4.41882181168, 3.75190424919, 3.55849647522, 1.64783668518, 1.68987762928, 1.23311436176, 1.02417612076, 0.622051119804, 0.291006952524, 0.0552393719554, 0.0115327257663, 0.000286189897452, 1.87615823961e-05],
        "dvar": [0.00778670562431, 0.52366745472, 2.77208924294, 13.2813138962, 22.3497982025, 204.771224976, 97.3852844238, 93.4026260376, 172.987686157, 3803.6394043, 4536.82373047, 4354.40283203, 1993.09399414, 5698.43652344, 5440.30908203, 8317.87792969, 4884.52587891, 6343.10009766, 4916.90087891, 2540.24145508, 2189.62036133, 440.70022583, 151.652389526, 96.1292877197, 256.911956787, 206.735015869, 51.0674591064, 34.4921226501, 29.9659233093, 26.5873603821, 4.72233247757, 6.96420669556, 4.39802360535, 7.05033874512, 1.94658660889, 0.321551352739, 0.00738318543881, 0.000308379589114, 1.84534613368e-07, 3.0563548914e-10],
        "dvar2": [0.020029399544, 1.43533039093, 6.08135652542, 30.8054065704, 58.9566078186, 545.417907715, 247.767044067, 232.505447388, 416.390441895, 9322.22167969, 11671.5322266, 9794.73339844, 3853.22387695, 12448.6035156, 11319.7333984, 18531.09375, 8854.52734375, 13973.9736328, 9517.80761719, 5755.17480469, 4980.88037109, 1001.42193604, 307.254364014, 200.65612793, 505.66998291, 417.641235352, 103.150848389, 61.8750457764, 58.1373596191, 52.7385482788, 9.50374984741, 13.4131069183, 7.85401582718, 14.7246398926, 4.11677265167, 0.68661481142, 0.014871920459, 0.000771609367803, 4.58958083982e-07, 5.46689138403e-10],
        "max": [0.793709158897, 8.84279155731, 23.9094181061, 60.0846977234, 59.1130943298, 131.413589478, 126.841690063, 95.5568771362, 173.508865356, 1194.72119141, 973.922058105, 915.755371094, 953.012695312, 1430.23168945, 1464.15991211, 1920.8013916, 1850.65478516, 1371.07897949, 1288.0135498, 939.560424805, 1066.47729492, 491.682220459, 224.445358276, 166.359649658, 245.451339722, 232.280059814, 107.435821533, 68.1630096436, 69.6866455078, 54.8583831787, 21.2703418732, 42.7562446594, 52.6601715088, 81.8317337036, 31.3551158905, 11.4769763947, 1.61474430561, 0.205541878939, 0.00498319696635, 0.000217760098167],
        "mean": [0.117933087051, 1.18167984486, 3.11923718452, 5.8514046669, 5.56884908676, 8.48486423492, 8.8776473999, 9.45997714996, 13.1050949097, 44.3840370178, 53.2751312256, 44.4867019653, 31.8468742371, 51.4105262756, 63.1106681824, 66.326965332, 59.5808792114, 50.2201309204, 45.6532554626, 39.9750137329, 23.5418224335, 13.4978704453, 11.9309673309, 11.1022939682, 16.4980621338, 15.6133861542, 8.55973148346, 5.17098760605, 3.93208003044, 3.46739721298, 1.72300922871, 1.72738409042, 1.28821575642, 0.977996230125, 0.558265626431, 0.25244563818, 0.0521791540086, 0.00819436460733, 0.000211862439755, 4.11224500567e-05],
        "median": [0.0867749452591, 1.01273560524, 2.52585124969, 4.27722644806, 3.64611530304, 3.95499038696, 4.43034934998, 4.4595913887, 5.87829303741, 15.0733041763, 25.6924228668, 18.9595222473, 9.61278533936, 12.5501670837, 16.3265838623, 21.1047058105, 15.8115911484, 13.7725610733, 13.3897380829, 14.7887773514, 8.65312194824, 4.48100471497, 4.65885162354, 5.07499885559, 6.81760787964, 6.27380371094, 4.17195606232, 1.45072245598, 0.944541156292, 0.712091445923, 0.475622534752, 0.357806891203, 0.17496919632, 0.14875228703, 0.0786257535219, 0.0326203107834, 0.00792080163956, 0.000865744368639, 3.84512895835e-05, 3.51572634827e-05],
        "min": [1.78252348052e-22, 2.92165463207e-21, 2.17305048276e-20, 4.01591696062e-20, 5.05558088549e-20, 1.49966229469e-19, 3.88028615891e-19, 4.21634586035e-19, 2.89599784015e-19, 4.19384861564e-19, 2.43797526877e-18, 1.41217876837e-18, 2.55989610759e-18, 1.99790050044e-18, 4.76994403332e-18, 3.81297506035e-18, 4.55685403572e-18, 1.66588054232e-17, 6.02426086186e-18, 5.24437388724e-18, 8.82303845856e-18, 1.29427097562e-17, 1.79431009315e-17, 1.45359026293e-17, 1.73133683311e-17, 1.41566783688e-17, 1.85380489327e-17, 1.86471027703e-17, 1.41717049318e-17, 1.9496872031e-17, 1.21377637585e-17, 1.48352758366e-17, 1.01943757012e-17, 1.05780816263e-17, 8.31779654041e-18, 6.4701848311e-18, 3.14713147678e-18, 1.30167726131e-18, 3.762930168e-19, 3.89339244798e-20],
        "var": [0.0144012188539, 0.993969261646, 7.80526590347, 34.0904350281, 36.9817428589, 188.258789062, 142.420852661, 163.631759644, 351.864196777, 6907.36816406, 6573.83154297, 7126.58691406, 4859.77490234, 13441.6269531, 16616.2832031, 17384.7949219, 17173.8164062, 14021.2666016, 10627.6699219, 5528.05224609, 3151.79589844, 764.686828613, 319.12109375, 247.583251953, 596.206115723, 575.81427002, 131.574310303, 74.4391708374, 53.4131164551, 43.5515289307, 8.16313266754, 11.9830064774, 9.1628704071, 11.3932752609, 3.05322980881, 0.45512509346, 0.0123850610107, 0.000354393996531, 2.16776655293e-07, 8.43684733187e-10]
    },
    "gfcc": {
        "mean": [-3.80718636513, 106.555160522, -114.08467865, 25.5938301086, -52.7849617004, 18.8700942993, -28.4502601624, 13.2376384735, -26.0243644714, 9.64888858795, -16.280298233, -6.73790836334, -12.7509040833],
        "cov": [[6730.52783203, -1212.63085938, -923.615112305, -18.6579189301, -233.900299072, 219.603256226, -172.451034546, 94.7064437866, -246.743133545, 258.80569458, -139.379852295, 171.069442749, -240.067825317], [-1212.63085938, 1623.40869141, -178.650924683, -147.834197998, 353.057373047, -173.11958313, 237.232437134, -122.403053284, 134.152023315, -127.315109253, 131.015579224, -233.300537109, 125.544380188], [-923.615112305, -178.650924683, 1015.60913086, 259.95223999, -124.573532104, 100.315429688, -69.9906311035, 20.4022693634, 69.2860336304, -30.3549404144, -57.0139503479, 92.1312866211, -46.2384529114], [-18.6579189301, -147.834197998, 259.95223999, 380.925109863, 15.4165115356, 2.45841288567, -23.5327892303, 32.066192627, 49.7676010132, -11.7094717026, -45.9481887817, 44.7407455444, 12.2644805908], [-233.900299072, 353.057373047, -124.573532104, 15.4165115356, 333.868865967, 3.28489494324, 80.5857543945, -3.26601958275, 24.4570732117, 0.255275040865, 16.0516414642, -76.8572006226, 45.6174468994], [219.603256226, -173.11958313, 100.315429688, 2.45841288567, 3.28489494324, 245.59034729, 35.9493789673, -22.9819507599, -14.6976118088, 24.45063591, -0.100589513779, -4.36760759354, -36.7132453918], [-172.451034546, 237.232437134, -69.9906311035, -23.5327892303, 80.5857543945, 35.9493789673, 172.427734375, -6.6962685585, 1.83776843548, -14.8240098953, 34.472454071, -39.1462745667, 8.08067893982], [94.7064437866, -122.403053284, 20.4022693634, 32.066192627, -3.26601958275, -22.9819507599, -6.6962685585, 147.116989136, 13.2597074509, 8.62191390991, -21.239282608, 13.7503919601, 19.6164569855], [-246.743133545, 134.152023315, 69.2860336304, 49.7676010132, 24.4570732117, -14.6976118088, 1.83776843548, 13.2597074509, 121.657234192, -1.42439186573, -4.78901958466, -17.5511226654, 7.59011650085], [258.80569458, -127.315109253, -30.3549404144, -11.7094717026, 0.255275040865, 24.45063591, -14.8240098953, 8.62191390991, -1.42439186573, 104.108230591, 17.6000404358, -1.41307771206, -20.0699977875], [-139.379852295, 131.015579224, -57.0139503479, -45.9481887817, 16.0516414642, -0.100589513779, 34.472454071, -21.239282608, -4.78901958466, 17.6000404358, 95.9119338989, -14.5420866013, -4.73085260391], [171.069442749, -233.300537109, 92.1312866211, 44.7407455444, -76.8572006226, -4.36760759354, -39.1462745667, 13.7503919601, -17.5511226654, -1.41307771206, -14.5420866013, 122.830718994, -11.0283155441], [-240.067825317, 125.544380188, -46.2384529114, 12.2644805908, 45.6174468994, -36.7132453918, 8.08067893982, 19.6164569855, 7.59011650085, -20.0699977875, -4.73085260391, -11.0283155441, 109.157554626]],
        "icov": [[0.000352679053321, -0.000345793843735, 0.000610527582467, -0.00041186218732, 0.000346473680111, -0.000678219599649, 0.000494501669891, -0.000511012098286, 0.000671810819767, -0.000877878221218, 0.000923736137338, -0.000771037302911, 0.000914573611226], [-0.000345793843735, 0.00314150797203, -0.00120138330385, 0.00145700376015, -0.00189504330046, 0.00282314303331, -0.00264281616546, 0.00256084953435, -0.00300988764502, 0.00334991910495, -0.00331756891683, 0.00359355774708, -0.0025248201564], [0.000610527582467, -0.00120138330385, 0.0026653429959, -0.00175527075771, 0.00131422991399, -0.00235361745581, 0.00168586766813, -0.00140657671727, 0.000907378213014, -0.00143716379534, 0.00218179798685, -0.00247574038804, 0.00235494156368], [-0.00041186218732, 0.00145700376015, -0.00175527075771, 0.00450110947713, -0.00164792360738, 0.00176882068627, -0.0014245089842, 0.00111587543506, -0.00260264938697, 0.00181648961734, -0.000879397965036, 0.000828893855214, -0.00208168104291], [0.000346473680111, -0.00189504330046, 0.00131422991399, -0.00164792360738, 0.00535856140777, -0.00200238474645, 0.000303355918732, -0.00148296111729, 0.0015231622383, -0.00263331225142, 0.00226617814042, -0.000424275232945, 0.00047985377023], [-0.000678219599649, 0.00282314303331, -0.00235361745581, 0.00176882068627, -0.00200238474645, 0.00800392590463, -0.00412666006014, 0.00329429749399, -0.00219357060269, 0.00205267919227, -0.00281246867962, 0.00398384407163, -0.00188146182336], [0.000494501669891, -0.00264281616546, 0.00168586766813, -0.0014245089842, 0.000303355918732, -0.00412666006014, 0.0102105047554, -0.00288932514377, 0.0026640878059, -0.00101394357625, 0.000404766498832, -0.00217621214688, 0.00267595681362], [-0.000511012098286, 0.00256084953435, -0.00140657671727, 0.00111587543506, -0.00148296111729, 0.00329429749399, -0.00288932514377, 0.00986387766898, -0.00329141505063, 0.00157994532492, -0.0013475244632, 0.00242523243651, -0.00391536578536], [0.000671810819767, -0.00300988764502, 0.000907378213014, -0.00260264938697, 0.0015231622383, -0.00219357060269, 0.0026640878059, -0.00329141505063, 0.0128498962149, -0.0041197235696, 0.00370778609067, -0.00179873663001, 0.00296398950741], [-0.000877878221218, 0.00334991910495, -0.00143716379534, 0.00181648961734, -0.00263331225142, 0.00205267919227, -0.00101394357625, 0.00157994532492, -0.0041197235696, 0.015815384686, -0.00718390289694, 0.00451935175806, -0.00167482392862], [0.000923736137338, -0.00331756891683, 0.00218179798685, -0.000879397965036, 0.00226617814042, -0.00281246867962, 0.000404766498832, -0.0013475244632, 0.00370778609067, -0.00718390289694, 0.0173715725541, -0.00445093028247, 0.00391391292214], [-0.000771037302911, 0.00359355774708, -0.00247574038804, 0.000828893855214, -0.000424275232945, 0.00398384407163, -0.00217621214688, 0.00242523243651, -0.00179873663001, 0.00451935175806, -0.00445093028247, 0.0154693489894, -0.00340212276205], [0.000914573611226, -0.0025248201564, 0.00235494156368, -0.00208168104291, 0.00047985377023, -0.00188146182336, 0.00267595681362, -0.00391536578536, 0.00296398950741, -0.00167482392862, 0.00391391292214, -0.00340212276205, 0.0142918163911]]
    },
    "melbands": {
        "dmean": [0.000682312645949, 0.000671640562359, 0.000442936667241, 0.000361120270099, 0.000241468907916, 0.000128709842102, 0.000132889254019, 0.000311328854878, 0.000309083610773, 0.000178734349902, 0.00010175096395, 0.000122300494695, 0.000121826546092, 0.000117926800158, 9.06216155272e-05, 6.07257243246e-05, 6.25394386589e-05, 4.97492583236e-05, 3.55891861545e-05, 2.85110090772e-05, 1.79571688932e-05, 9.15056170925e-06, 8.56440328789e-06, 6.14459850112e-06, 5.12232782057e-06, 6.98249414199e-06, 6.84125325279e-06, 5.82772372582e-06, 3.12773590849e-06, 2.6345810511e-06, 2.02072510547e-06, 1.63041136148e-06, 1.64067876085e-06, 1.44726436702e-06, 7.36324011541e-07, 6.33863521671e-07, 8.52996890899e-07, 7.11142604359e-07, 5.8441270312e-07, 6.73380100125e-07],
        "dmean2": [0.00110426149331, 0.00106363964733, 0.000705130165443, 0.000615338562056, 0.000402900128393, 0.000204746072995, 0.000206770928344, 0.000477345718537, 0.000495196261909, 0.000283584668068, 0.000150779975229, 0.000180547547643, 0.000177462512511, 0.000176181347342, 0.000141092619742, 9.16536300792e-05, 9.51058173086e-05, 7.54469729145e-05, 5.28835189471e-05, 4.33899658674e-05, 2.83474728349e-05, 1.38531731864e-05, 1.25675787785e-05, 9.36908327276e-06, 7.63007665228e-06, 1.0383463632e-05, 9.82478832157e-06, 8.5470646809e-06, 4.44755369244e-06, 3.6248759443e-06, 2.70858640761e-06, 2.18557465814e-06, 2.29678494179e-06, 1.99655391953e-06, 1.04842024484e-06, 9.10021640266e-07, 1.16226431146e-06, 9.71486315393e-07, 8.01247381332e-07, 9.72036218627e-07],
        "dvar": [7.10449342023e-07, 5.97065138663e-07, 3.60634658136e-07, 4.2458458438e-07, 1.83983729585e-07, 3.94156280947e-08, 6.23441778203e-08, 4.66645161623e-07, 3.17115905091e-07, 1.55509354727e-07, 5.17298062164e-08, 9.35983521799e-08, 7.31881613092e-08, 7.1923786038e-08, 3.46525261818e-08, 2.21808686973e-08, 3.03200664575e-08, 1.90108053744e-08, 6.25128837584e-09, 3.52641449375e-09, 3.76136100044e-09, 7.76406716696e-10, 3.02087660442e-10, 1.51951312644e-10, 7.39752079038e-11, 1.53904888833e-10, 1.31282137938e-10, 1.07040896979e-10, 2.61927823181e-11, 1.86315581019e-11, 1.39764363277e-11, 9.84205512228e-12, 1.1393392306e-11, 8.5316502127e-12, 1.89300831954e-12, 1.58709796607e-12, 3.4180360365e-12, 2.55947997171e-12, 2.75826085062e-12, 7.8171661852e-12],
        "dvar2": [1.94779318008e-06, 1.36563426167e-06, 8.60246871071e-07, 1.14100180326e-06, 4.76152109741e-07, 9.72984892655e-08, 1.5042088819e-07, 1.11384599677e-06, 8.25142421945e-07, 3.4296283502e-07, 1.02326040974e-07, 2.01189948257e-07, 1.41657253039e-07, 1.59390097565e-07, 7.0999938373e-08, 4.3025909946e-08, 6.82207002001e-08, 3.66973651467e-08, 1.21524568186e-08, 7.88545584385e-09, 8.21253909322e-09, 1.73448100327e-09, 6.89587997815e-10, 3.505480628e-10, 1.61529623011e-10, 3.15411807783e-10, 2.62485949643e-10, 2.26370061585e-10, 5.6931664244e-11, 3.75025947796e-11, 2.73522576116e-11, 1.92010678191e-11, 2.4057495579e-11, 1.74567808126e-11, 4.00980767687e-12, 3.41567009052e-12, 6.70336659445e-12, 4.77605455185e-12, 5.73826229588e-12, 1.71202496624e-11],
        "max": [0.00856700632721, 0.0100236479193, 0.00927667692304, 0.00564822554588, 0.0050221583806, 0.00204864609987, 0.00411634193733, 0.013525291346, 0.00998236238956, 0.00554286967963, 0.00468918215483, 0.00541391875595, 0.0070880013518, 0.00602140696719, 0.00300484616309, 0.00440189614892, 0.00294622336514, 0.00225304393098, 0.00161574350204, 0.000974793627393, 0.0012366885785, 0.000745493685827, 0.000259012798779, 0.000226606149226, 0.000173606618773, 0.000191380357137, 0.000153165441588, 0.000160341849551, 7.11738903192e-05, 4.58494250779e-05, 4.41999727627e-05, 3.36716984748e-05, 5.28729215148e-05, 3.71869864466e-05, 1.49444922499e-05, 1.62584674399e-05, 2.79570413113e-05, 3.44128056895e-05, 4.87761535624e-05, 8.06008756626e-05],
        "mean": [0.00123807508498, 0.00166602304671, 0.000990981934592, 0.00049669080181, 0.000342465704307, 0.000208591445698, 0.000227348544286, 0.00050144828856, 0.000444070610683, 0.000250127282925, 0.000151212050696, 0.000200509864953, 0.00020867899002, 0.000180274728336, 0.000162640557392, 9.56752992352e-05, 9.69347747741e-05, 7.28989762138e-05, 5.95099263592e-05, 4.35311922047e-05, 2.46280760621e-05, 1.31737115225e-05, 1.34837400765e-05, 9.51360925683e-06, 8.4378016254e-06, 1.12806264951e-05, 1.1747998542e-05, 1.00803354144e-05, 5.46942465007e-06, 4.02988553105e-06, 2.74989974969e-06, 2.21607501771e-06, 2.06865479413e-06, 1.86983095318e-06, 1.01869488844e-06, 8.36820447603e-07, 1.131014983e-06, 9.51562071805e-07, 7.55035728162e-07, 8.61459341195e-07],
        "median": [0.00102639826946, 0.0016284508165, 0.0007714855019, 0.000285978981992, 0.000171388222952, 0.000103390477307, 9.1035697551e-05, 0.000181108378456, 0.000215756066609, 9.65115323197e-05, 3.59295299859e-05, 3.92248330172e-05, 4.25519028795e-05, 4.42201562691e-05, 4.21757722506e-05, 2.4426553864e-05, 2.06371441891e-05, 1.74246742972e-05, 1.80200986506e-05, 1.58159436978e-05, 7.29382736608e-06, 3.93859318137e-06, 4.29350939157e-06, 3.51018547917e-06, 3.19670107274e-06, 4.09387712352e-06, 4.58753765997e-06, 3.81569088859e-06, 2.47755860983e-06, 1.46995000705e-06, 5.27954853169e-07, 5.08454718329e-07, 4.54870132671e-07, 3.5331726167e-07, 2.67354380412e-07, 2.16505782191e-07, 1.99112292876e-07, 1.23785582673e-07, 1.1144740597e-07, 1.24495798559e-07],
        "min": [2.73094238221e-24, 9.33064599809e-24, 7.47042915319e-24, 6.21848599179e-24, 1.22525150047e-23, 8.94690066644e-24, 4.09970144696e-24, 5.38399224421e-24, 2.02684951164e-23, 7.93047942248e-24, 1.33163538888e-23, 7.6742889549e-24, 1.6848585877e-23, 1.13397753272e-23, 8.59958650912e-24, 1.72865740734e-23, 3.04061040109e-23, 7.9283179436e-24, 1.01144574047e-23, 4.94666669102e-24, 1.15851315791e-23, 1.41041230105e-23, 1.03048000748e-23, 2.03602128184e-23, 1.01221622091e-23, 1.17932922505e-23, 1.1760638931e-23, 8.69773184978e-24, 1.00871754391e-23, 1.44724074573e-23, 9.06948965112e-24, 7.02111212537e-24, 1.18122919654e-23, 9.74309087834e-24, 6.32956549585e-24, 8.544387545e-24, 8.9334284999e-24, 6.30405373418e-24, 9.94051199734e-24, 8.23180851105e-24],
        "var": [1.20849722407e-06, 1.56868304657e-06, 8.52247467265e-07, 4.17247093765e-07, 2.27963752764e-07, 7.5119217513e-08, 1.27640248593e-07, 8.25980350783e-07, 4.72404110496e-07, 2.47832815603e-07, 1.2211972944e-07, 2.23607031558e-07, 2.39584181827e-07, 1.43264514918e-07, 9.69287867747e-08, 5.85636463768e-08, 6.31869312429e-08, 3.49605357997e-08, 1.73684764349e-08, 6.70660327273e-09, 5.05194686085e-09, 1.09208553312e-09, 5.93846583019e-10, 2.30554034197e-10, 1.80790452053e-10, 3.23497589827e-10, 3.2157140839e-10, 2.67729588499e-10, 6.33544466888e-11, 3.80831824409e-11, 2.58654556107e-11, 1.74343976755e-11, 1.66058382323e-11, 1.33116174333e-11, 3.02971189803e-12, 2.28738902819e-12, 5.82914575983e-12, 4.9257481774e-12, 4.65225514362e-12, 1.11897808727e-11]
    },
    "mfcc": {
        "mean": [-650.701782227, 139.359649658, -0.894958913326, 18.465637207, 0.13261385262, 7.65838766098, 9.74325656891, -0.0326128564775, 2.76626086235, 9.84595680237, 0.399097055197, 2.58126783371, 4.26653432846],
        "cov": [[6569.84472656, -1157.7376709, -913.070251465, -232.805160522, -269.577423096, 53.0868721008, -31.3682899475, -76.5344924927, -153.207901001, 49.1715545654, -15.5315999985, -30.6210823059, 22.4465637207], [-1157.7376709, 1501.66162109, -350.523925781, 37.42760849, 51.8265228271, -2.91285157204, 126.064682007, -30.9971847534, -4.20577907562, 154.38470459, -56.0368614197, -15.5878000259, 36.543258667], [-913.070251465, -350.523925781, 1042.08972168, 94.2374267578, 70.5298461914, 72.5438232422, -114.974990845, 95.1033172607, 47.3021621704, -148.726654053, 117.572502136, 20.757314682, -38.3145828247], [-232.805160522, 37.42760849, 94.2374267578, 360.37008667, 92.4411468506, -22.0649795532, -39.9749794006, 30.2588844299, 84.5485076904, -53.706413269, -3.32169222832, 58.2597160339, -2.50744223595], [-269.577423096, 51.8265228271, 70.5298461914, 92.4411468506, 214.527084351, 22.8703517914, 1.09725654125, 2.91537690163, 63.8923721313, 15.0364217758, -4.15231561661, 9.8485622406, 2.94459319115], [53.0868721008, -2.91285157204, 72.5438232422, -22.0649795532, 22.8703517914, 237.894180298, 45.5978507996, 17.0006828308, -24.9355068207, 39.284614563, 36.4312133789, -39.2788085938, -16.0662994385], [-31.3682899475, 126.064682007, -114.974990845, -39.9749794006, 1.09725654125, 45.5978507996, 186.342193604, 8.29255867004, -23.3243370056, 70.3208465576, -20.7736949921, -7.88571453094, 9.82844257355], [-76.5344924927, -30.9971847534, 95.1033172607, 30.2588844299, 2.91537690163, 17.0006828308, 8.29255867004, 123.32006073, 30.1234302521, -28.1914634705, 8.74459457397, -3.98619365692, 0.489766389132], [-153.207901001, -4.20577907562, 47.3021621704, 84.5485076904, 63.8923721313, -24.9355068207, -23.3243370056, 30.1234302521, 143.50617981, 7.61649799347, -26.9981365204, 12.9847135544, 4.23924684525], [49.1715545654, 154.38470459, -148.726654053, -53.706413269, 15.0364217758, 39.284614563, 70.3208465576, -28.1914634705, 7.61649799347, 171.729125977, -15.4157648087, -19.5732650757, 18.6897678375], [-15.5315999985, -56.0368614197, 117.572502136, -3.32169222832, -4.15231561661, 36.4312133789, -20.7736949921, 8.74459457397, -26.9981365204, -15.4157648087, 119.154212952, 27.8382587433, -7.51588392258], [-30.6210823059, -15.5878000259, 20.757314682, 58.2597160339, 9.8485622406, -39.2788085938, -7.88571453094, -3.98619365692, 12.9847135544, -19.5732650757, 27.8382587433, 95.9836578369, 17.7847099304], [22.4465637207, 36.543258667, -38.3145828247, -2.50744223595, 2.94459319115, -16.0662994385, 9.82844257355, 0.489766389132, 4.23924684525, 18.6897678375, -7.51588392258, 17.7847099304, 71.1400527954]],
