{
"lowlevel": {
    "average_loudness": 0.972168684006,
    "barkbands_crest": {
        "dmean": 2.80669188499,
        "dmean2": 4.53765201569,
        "dvar": 9.21074867249,
        "dvar2": 19.2115917206,
        "max": 25.4473342896,
        "mean": 14.3648300171,
        "median": 13.8584728241,
        "min": 2.26386618614,
        "var": 26.0911483765
    },
    "barkbands_flatness_db": {
        "dmean": 0.0546530522406,
        "dmean2": 0.0646096467972,
        "dvar": 0.0032894234173,
        "dvar2": 0.0044159097597,
        "max": 0.614370942116,
        "mean": 0.293792515993,
        "median": 0.284379810095,
        "min": 0.0386179164052,
        "var": 0.0160814598203
    },
    "barkbands_kurtosis": {
        "dmean": 12.9824619293,
        "dmean2": 20.5565013885,
        "dvar": 439.936309814,
        "dvar2": 1051.81091309,
        "max": 317.947601318,
        "mean": 18.5641822815,
        "median": 8.73111534119,
        "min": -1.91047871113,
        "var": 744.370605469
    },
    "barkbands_skewness": {
        "dmean": 1.21030426025,
        "dmean2": 1.85609233379,
        "dvar": 1.8690751791,
        "dvar2": 4.34851932526,
        "max": 13.8087387085,
        "mean": 2.42776036263,
        "median": 2.13078093529,
        "min": -2.10213756561,
        "var": 4.87614870071
    },
    "barkbands_spread": {
        "dmean": 5.76460933685,
        "dmean2": 8.83957481384,
        "dvar": 114.771217346,
        "dvar2": 237.678100586,
        "max": 82.2165222168,
        "mean": 9.33773612976,
        "median": 3.56716489792,
        "min": 0.320550858974,
        "var": 179.213806152
    },
    "dissonance": {
        "dmean": 0.0536456406116,
        "dmean2": 0.0808397904038,
        "dvar": 0.0027393233031,
        "dvar2": 0.00618622265756,
        "max": 0.499669909477,
        "mean": 0.35023394227,
        "median": 0.36881056428,
        "min": 0.0598216466606,
        "var": 0.00979038979858
    },
    "dynamic_complexity": 4.08129692078,
    "erbbands_crest": {
        "dmean": 3.10756063461,
        "dmean2": 4.78879404068,
        "dvar": 12.5269069672,
        "dvar2": 26.0459213257,
        "max": 31.7117404938,
        "mean": 15.4991607666,
        "median": 15.6350231171,
        "min": 2.50240302086,
        "var": 39.2138175964
    },
    "erbbands_flatness_db": {
        "dmean": 0.0423916913569,
        "dmean2": 0.0534590780735,
        "dvar": 0.00235366006382,
        "dvar2": 0.00332231190987,
        "max": 0.518560171127,
        "mean": 0.273460119963,
        "median": 0.25597897172,
        "min": 0.0970541089773,
        "var": 0.01100171078
    },
    "erbbands_kurtosis": {
        "dmean": 5.79195070267,
        "dmean2": 9.5690574646,
        "dvar": 84.8234939575,
        "dvar2": 194.690567017,
        "max": 106.394523621,
        "mean": 8.38978672028,
        "median": 4.20465421677,
        "min": -1.90678310394,
        "var": 154.860458374
    },
    "erbbands_skewness": {
        "dmean": 0.828919291496,
        "dmean2": 1.2841347456,
        "dvar": 0.961264550686,
        "dvar2": 2.09518289566,
        "max": 7.46329784393,
        "mean": 1.58263170719,
        "median": 1.42968356609,
        "min": -1.2172716856,
        "var": 2.24990320206
    },
    "erbbands_spread": {
        "dmean": 12.1525659561,
        "dmean2": 18.7411994934,
        "dvar": 385.501159668,
        "dvar2": 816.87512207,
        "max": 148.310302734,
        "mean": 22.3065395355,
        "median": 12.6748466492,
        "min": 0.849670469761,
        "var": 609.600402832
    },
    "hfc": {
        "dmean": 10.2696428299,
        "dmean2": 16.1517944336,
        "dvar": 634.814331055,
        "dvar2": 1570.5559082,
        "max": 214.79447937,
        "mean": 12.1106567383,
        "median": 3.97501206398,
        "min": 1.16448223469e-16,
        "var": 567.921630859
    },
    "melbands_crest": {
        "dmean": 2.80748581886,
        "dmean2": 4.22223043442,
        "dvar": 9.42702770233,
        "dvar2": 20.2419605255,
        "max": 32.2698173523,
        "mean": 17.1479892731,
        "median": 16.139295578,
        "min": 2.38342475891,
        "var": 35.60704422
    },
    "melbands_flatness_db": {
        "dmean": 0.0638026595116,
        "dmean2": 0.0728122889996,
        "dvar": 0.00486339488998,
        "dvar2": 0.00640889490023,
        "max": 0.749862730503,
        "mean": 0.368211567402,
        "median": 0.362036824226,
        "min": 0.00583911407739,
        "var": 0.0242844037712
    },
    "melbands_kurtosis": {
        "dmean": 22.7504749298,
        "dmean2": 36.4409828186,
        "dvar": 2262.42285156,
        "dvar2": 5722.42431641,
        "max": 502.514862061,
        "mean": 28.4590606689,
        "median": 11.1597700119,
        "min": -1.48160386086,
        "var": 2537.50170898
    },
    "melbands_skewness": {
        "dmean": 1.38479113579,
        "dmean2": 2.10271549225,
        "dvar": 3.42732691765,
        "dvar2": 7.6949467659,
        "max": 15.7181940079,
        "mean": 2.64935445786,
        "median": 2.00405931473,
        "min": -1.67897677422,
        "var": 6.88051366806
    },
    "melbands_spread": {
        "dmean": 6.17806243896,
        "dmean2": 9.17863464355,
        "dvar": 190.603134155,
        "dvar2": 382.576568604,
        "max": 138.305053711,
        "mean": 10.2063293457,
        "median": 4.29788017273,
        "min": 0.348509043455,
        "var": 266.354705811
    },
    "pitch_salience": {
        "dmean": 0.0777294933796,
        "dmean2": 0.112206876278,
        "dvar": 0.00776139833033,
        "dvar2": 0.0135529730469,
        "max": 0.866587996483,
        "mean": 0.457561522722,
        "median": 0.456265181303,
        "min": 0.075066909194,
        "var": 0.0247268471867
    },
    "silence_rate_20dB": {
        "dmean": 0,
        "dmean2": 0,
        "dvar": 0,
        "dvar2": 0,
        "max": 1,
        "mean": 1,
        "median": 1,
        "min": 1,
        "var": 0
    },
    "silence_rate_30dB": {
        "dmean": 0.0587628856301,
        "dmean2": 0.117586381733,
        "dvar": 0.0553106404841,
        "dvar2": 0.103758938611,
        "max": 1,
        "mean": 0.900051534176,
        "median": 1,
        "min": 0,
        "var": 0.0899589434266
    },
    "silence_rate_60dB": {
        "dmean": 0.0432989709079,
        "dmean2": 0.086642600596,
        "dvar": 0.041423778981,
        "dvar2": 0.0873877480626,
        "max": 1,
        "mean": 0.110252447426,
        "median": 0,
        "min": 0,
        "var": 0.0980977118015
    },
    "spectral_centroid": {
        "dmean": 223.310714722,
        "dmean2": 330.167236328,
        "dvar": 247084.421875,
        "dvar2": 401313.125,
        "max": 10927.1357422,
        "mean": 668.890075684,
        "median": 460.279327393,
        "min": 108.553207397,
        "var": 401241.5
    },
    "spectral_complexity": {
        "dmean": 3.32371139526,
        "dmean2": 5.24239301682,
        "dvar": 63.4979705811,
        "dvar2": 121.495994568,
        "max": 54,
        "mean": 8.31581687927,
        "median": 5,
        "min": 0,
        "var": 76.0860900879
    },
    "spectral_decrease": {
        "dmean": 4.10265377226e-09,
        "dmean2": 4.98503238688e-09,
        "dvar": 7.28045464593e-17,
        "dvar2": 9.81897863988e-17,
        "max": 8.56068999155e-29,
        "mean": -7.39231031943e-09,
        "median": -2.13293493978e-09,
        "min": -7.74566402129e-08,
        "var": 2.04852840416e-16
    },
    "spectral_energy": {
        "dmean": 0.0162746198475,
        "dmean2": 0.0201329104602,
        "dvar": 0.00106858112849,
        "dvar2": 0.00146680208854,
        "max": 0.295114248991,
        "mean": 0.028998747468,
        "median": 0.00859388429672,
        "min": 1.02390993083e-20,
        "var": 0.00299355271272
    },
    "spectral_energyband_high": {
        "dmean": 0.000826040224638,
        "dmean2": 0.0013738773996,
        "dvar": 5.7928368733e-06,
        "dvar2": 1.46640168168e-05,
        "max": 0.0222389306873,
        "mean": 0.000617309764493,
        "median": 1.57713438966e-05,
        "min": 7.53133003549e-21,
        "var": 4.62690832137e-06
    },
    "spectral_energyband_low": {
        "dmean": 0.0133569780737,
        "dmean2": 0.0138467857614,
        "dvar": 0.0011043464765,
        "dvar2": 0.00137753214221,
        "max": 0.288924813271,
        "mean": 0.0176882967353,
        "median": 0.000219641340664,
        "min": 8.72104789601e-23,
        "var": 0.00247513432987
    },
    "spectral_energyband_middle_high": {
        "dmean": 0.00116537534632,
        "dmean2": 0.00182475708425,
        "dvar": 1.44323057611e-05,
        "dvar2": 3.49353103957e-05,
        "max": 0.0348536409438,
        "mean": 0.00127504544798,
        "median": 0.000172926389496,
        "min": 1.37658010156e-21,
        "var": 1.25841324916e-05
    },
    "spectral_energyband_middle_low": {
        "dmean": 0.00816605612636,
        "dmean2": 0.0136223612353,
        "dvar": 0.000527135794982,
        "dvar2": 0.00124191225041,
        "max": 0.172047242522,
        "mean": 0.0113481655717,
        "median": 0.0059335231781,
        "min": 1.94740500226e-22,
        "var": 0.000463923905045
    },
    "spectral_entropy": {
        "dmean": 0.526714205742,
        "dmean2": 0.67480969429,
        "dvar": 0.406847774982,
        "dvar2": 0.599671185017,
        "max": 9.79428768158,
        "mean": 6.02436351776,
        "median": 5.98505115509,
        "min": 3.88931584358,
        "var": 1.38577389717
    },
    "spectral_flux": {
        "dmean": 0.036151047796,
        "dmean2": 0.0462642870843,
        "dvar": 0.00301078427583,
        "dvar2": 0.00453045824543,
        "max": 0.498092204332,
        "mean": 0.0771056413651,
        "median": 0.0261308345944,
        "min": 1.01188432633e-10,
        "var": 0.0113282008097
    },
    "spectral_kurtosis": {
        "dmean": 16.4891414642,
        "dmean2": 24.9325428009,
        "dvar": 770.264282227,
        "dvar2": 1482.11962891,
        "max": 276.277740479,
        "mean": 35.9740486145,
        "median": 11.8192234039,
        "min": -1.19755637646,
        "var": 2548.19189453
    },
    "spectral_rms": {
        "dmean": 0.0011249971576,
        "dmean2": 0.00141710345633,
        "dvar": 3.2075611216e-06,
        "dvar2": 4.09456970374e-06,
        "max": 0.0169680975378,
        "mean": 0.00406998209655,
        "median": 0.00289556151256,
        "min": 3.16059570009e-12,
        "var": 1.17266890811e-05
    },
    "spectral_rolloff": {
        "dmean": 588.280029297,
        "dmean2": 937.057128906,
        "dvar": 2685011.75,
        "dvar2": 5697798,
        "max": 18906.1523438,
        "mean": 998.63848877,
        "median": 430.6640625,
        "min": 86.1328125,
        "var": 3061313
    },
    "spectral_skewness": {
        "dmean": 1.12821924686,
        "dmean2": 1.60359168053,
        "dvar": 2.32450723648,
        "dvar2": 3.83331227303,
        "max": 14.600728035,
        "mean": 4.10096311569,
        "median": 2.95106172562,
        "min": 0.00244456576183,
        "var": 9.18950080872
    },
    "spectral_spread": {
        "dmean": 1461579.875,
        "dmean2": 2142974.5,
        "dvar": 4.32900302438e+12,
        "dvar2": 8.00558101299e+12,
        "max": 40094172,
        "mean": 4121816.5,
        "median": 3572010.25,
        "min": 302830.9375,
        "var": 9.18257716429e+12
    },
    "spectral_strongpeak": {
        "dmean": 0.254019737244,
        "dmean2": 0.405216872692,
        "dvar": 0.112405113876,
        "dvar2": 0.296108514071,
        "max": 3.53691673279,
        "mean": 0.909855723381,
        "median": 0.890478074551,
        "min": 4.41533876128e-09,
        "var": 0.303336501122
    },
    "zerocrossingrate": {
        "dmean": 0.0140700507909,
        "dmean2": 0.0157499033958,
        "dvar": 0.000543525093235,
        "dvar2": 0.000622022082098,
        "max": 0.50390625,
        "mean": 0.0384600088,
        "median": 0.02392578125,
        "min": 0.00341796875,
        "var": 0.00145615055226
    },
    "barkbands": {
        "dmean": [4.49324834335e-05, 0.00883946754038, 0.0072241909802, 0.00448279175907, 0.00384648959152, 0.00103413558099, 0.000540156208444, 0.000224540781346, 0.000194769600057, 0.00013058600598, 0.000204028750886, 9.70591281657e-05, 0.000107650434074, 0.000105390659883, 9.63446509559e-05, 0.000142189790495, 0.000120927506941, 9.4324357633e-05, 0.000125493941596, 0.00012650534336, 8.3237006038e-05, 9.5149873232e-05, 0.000139292969834, 0.000206821438042, 0.000182583476999, 4.66545752715e-05, 1.20552522276e-06],
        "dmean2": [6.86178100295e-05, 0.0127926189452, 0.0114000830799, 0.00825051125139, 0.00708173820749, 0.00190418271814, 0.0009390815394, 0.000325631874148, 0.000294398079859, 0.000207976525417, 0.000364907144103, 0.000150103485794, 0.000171885432792, 0.00016614238848, 0.000150122155901, 0.00022126075055, 0.000198992929654, 0.000152975509991, 0.00020082964329, 0.000205565331271, 0.000134766014526, 0.000167835416505, 0.000243883361691, 0.000356930540875, 0.00030233131838, 7.63079951867e-05, 2.13839939534e-06],
        "dvar": [9.54728918146e-09, 0.000708217092324, 0.000561242806725, 0.000301169697195, 0.000210461032111, 5.0265975915e-06, 1.30147486743e-06, 6.05036518664e-07, 2.66797826498e-07, 1.4320634989e-07, 9.96740368464e-07, 9.79906786824e-08, 9.05325592271e-08, 1.11498522415e-07, 1.08574475632e-07, 1.88192558426e-07, 1.94613107851e-07, 9.94174413904e-08, 2.04426385153e-07, 1.34909129201e-07, 5.66065914143e-08, 7.04672231677e-08, 2.1041384457e-07, 3.86199133118e-07, 3.68346121604e-07, 2.25190230907e-08, 3.09107496543e-11],
        "dvar2": [1.98523473216e-08, 0.00135855330154, 0.00129669171292, 0.000840477761813, 0.000596077879891, 1.78500486072e-05, 3.46965657627e-06, 1.25181986732e-06, 6.21571473403e-07, 3.61051917253e-07, 2.84267753159e-06, 2.2343216699e-07, 2.22701885377e-07, 2.47523104235e-07, 2.42186331434e-07, 4.45154910267e-07, 4.98269571381e-07, 2.31137534001e-07, 5.21638639839e-07, 3.20531398756e-07, 1.38078945611e-07, 1.87921088468e-07, 5.7342214177e-07, 1.01058560631e-06, 9.30839917146e-07, 5.64901725397e-08, 8.58613388721e-11],
        "max": [0.000891458708793, 0.183434665203, 0.15291236341, 0.127243518829, 0.0969837605953, 0.0303181726485, 0.0148943150416, 0.0157789010555, 0.00897168088704, 0.00441424362361, 0.0114518851042, 0.0044139418751, 0.00255468464456, 0.003290949855, 0.00359689164907, 0.00397155759856, 0.00452973647043, 0.00265001039952, 0.00504206074402, 0.00325442501344, 0.00194470467977, 0.00246657058597, 0.00489700865, 0.00635332288221, 0.00730720534921, 0.00191444461234, 6.74168477417e-05],
        "mean": [7.14540365152e-05, 0.00898355524987, 0.00675133382902, 0.00297993514687, 0.00290343421511, 0.00232344982214, 0.00148758140858, 0.00110439723358, 0.000455589382909, 0.000204299431061, 0.000210229452932, 0.000105861574411, 0.000119443517178, 0.000113058100396, 0.000104335158539, 0.000147036626004, 0.00010285841563, 7.60576804169e-05, 0.000104292928881, 0.000102270540083, 6.75919727655e-05, 6.32131195744e-05, 9.50489848037e-05, 0.000148039878695, 0.000136863600346, 3.6663706851e-05, 8.44436954139e-07],
        "median": [5.75761418986e-07, 5.06282367496e-06, 6.8652407208e-05, 0.000200929513085, 0.000396868534153, 0.00107962603215, 0.000711784989107, 0.000112072586489, 8.13444130472e-05, 3.47738059645e-05, 7.55904056859e-06, 2.25691701417e-06, 1.02757621789e-05, 3.93704976887e-06, 5.39392158316e-06, 4.39267887486e-06, 2.74088597507e-06, 7.06480307144e-07, 1.86324859897e-06, 2.52948734669e-06, 9.10046878744e-07, 9.77087893261e-07, 1.74784622686e-06, 2.46707668339e-06, 1.54855706569e-06, 5.38240442438e-07, 4.46645165297e-09],
        "min": [5.03449688649e-24, 2.57834406374e-23, 4.83712152142e-23, 8.56196336597e-24, 4.58876318045e-23, 1.14587529067e-23, 6.20501895284e-23, 2.57211790016e-23, 3.07783958711e-23, 2.45237496787e-23, 8.48539242443e-23, 1.31747987947e-22, 4.93075552433e-23, 1.18471559886e-22, 7.63580500672e-23, 2.2725507482e-22, 1.53748321474e-22, 1.37563054022e-22, 2.39799301121e-22, 2.87613132463e-22, 3.68875751659e-22, 5.03887541161e-22, 7.34591212935e-22, 7.33432382577e-22, 1.29823553565e-21, 1.59135978923e-21, 2.40280559284e-21],
        "var": [2.39331825469e-08, 0.000929124827962, 0.000531740195584, 0.000182354619028, 0.000124096506624, 1.06005563794e-05, 4.81068900626e-06, 6.38206438452e-06, 9.9578744539e-07, 2.06274734182e-07, 6.24635561053e-07, 1.44814066516e-07, 8.61116618012e-08, 1.18327299958e-07, 1.07737292865e-07, 1.80765297841e-07, 1.48056585658e-07, 8.66614868755e-08, 1.5712217305e-07, 1.1620479512e-07, 4.85660009986e-08, 4.83745949964e-08, 1.39407433153e-07, 2.85912534537e-07, 2.96025035595e-07, 1.92336084837e-08, 2.12164001645e-11]
    },
    "erbbands": {
        "dmean": [0.101817294955, 2.46793198586, 8.27258110046, 12.0724182129, 14.5102367401, 11.1828832626, 5.67325210571, 10.4890470505, 8.03761863708, 6.43505239487, 3.24496221542, 4.90811395645, 4.21999120712, 5.10947465897, 7.98066854477, 4.19201135635, 4.91266679764, 5.43741607666, 5.49516201019, 5.36769914627, 8.63379573822, 6.30142259598, 4.98770141602, 5.92299747467, 5.56844091415, 5.62199068069, 4.96904563904, 3.35729026794, 3.28794884682, 4.68115901947, 3.42610120773, 4.65437173843, 3.07395982742, 2.49621534348, 0.951021313667, 0.307176947594, 0.0664089173079, 0.00707190250978, 0.000182737319847, 2.66958777502e-05],
        "dmean2": [0.134040504694, 3.48405504227, 12.1150331497, 20.2062301636, 26.2224750519, 20.5851402283, 10.3690547943, 19.3724803925, 13.9893198013, 10.2253513336, 4.61364889145, 7.15576934814, 6.8818154335, 8.60372924805, 13.9628009796, 6.35725736618, 7.63714885712, 8.4823102951, 8.51894950867, 8.41983222961, 13.7555398941, 10.2981481552, 8.08418750763, 9.48589897156, 9.03939342499, 9.16190052032, 7.96048736572, 5.66547393799, 5.73885393143, 8.36096000671, 5.86744022369, 8.04358291626, 5.23835849762, 4.15210771561, 1.57589960098, 0.504832684994, 0.109582513571, 0.0120636532083, 0.000307462265482, 3.78002005164e-05],
        "dvar": [0.0831409618258, 54.8129806519, 656.985778809, 1746.51867676, 2978.33544922, 1839.31494141, 207.325897217, 546.960449219, 270.322509766, 265.148498535, 88.3088150024, 166.360031128, 166.231018066, 382.902130127, 1356.30432129, 162.198684692, 177.408935547, 328.986755371, 349.419830322, 302.806518555, 800.676391602, 498.555114746, 285.18850708, 414.423034668, 400.171813965, 262.377227783, 238.934585571, 81.4460830688, 87.5171051025, 254.54133606, 98.3669204712, 195.914581299, 86.9637756348, 72.4768676758, 8.80907058716, 0.961684584618, 0.050830245018, 0.000747307727579, 4.31690580172e-07, 2.4209294569e-09],
        "dvar2": [0.165152907372, 105.092903137, 1494.86572266, 4412.28662109, 8152.09960938, 5278.96533203, 617.364196777, 1971.77954102, 751.269714355, 579.240478516, 159.955688477, 370.49307251, 444.722503662, 1046.35217285, 3780.14892578, 356.323455811, 421.553863525, 785.032775879, 798.349060059, 752.267272949, 1981.84997559, 1246.39575195, 676.14831543, 996.645385742, 1024.28820801, 629.541564941, 578.268066406, 204.824752808, 231.074783325, 704.151672363, 261.861175537, 514.799743652, 227.317901611, 184.82901001, 21.8510284424, 2.3538351059, 0.13368844986, 0.00204459112138, 1.17611682526e-06, 4.83421969122e-09],
        "max": [2.58601665497, 52.4975852966, 196.506500244, 283.115966797, 401.581085205, 347.50970459, 163.458007812, 242.992080688, 240.577331543, 303.19342041, 255.588027954, 259.56072998, 140.485794067, 216.423477173, 402.766296387, 225.851394653, 110.513526917, 196.656600952, 252.392623901, 191.551773071, 222.09197998, 216.383605957, 148.673675537, 201.991043091, 264.918457031, 156.339065552, 134.672546387, 93.3937988281, 90.4104766846, 170.660919189, 93.4905090332, 141.852386475, 101.522659302, 96.092010498, 34.3212280273, 11.5008707047, 2.30180978775, 0.397109925747, 0.00856817234308, 0.000343308405718],
        "mean": [0.105149850249, 2.52657318115, 7.84740638733, 9.9841299057, 9.91406059265, 9.03527641296, 8.49033641815, 22.7886657715, 25.9115371704, 26.7178840637, 11.9202461243, 12.923666954, 7.0030913353, 6.54373788834, 7.91512918472, 5.17327308655, 5.76548671722, 5.87439537048, 5.66160964966, 5.89262866974, 8.13717651367, 5.15840053558, 4.00804805756, 4.87531709671, 4.79292201996, 4.73687267303, 3.99994659424, 2.4541323185, 2.23017787933, 3.02868556976, 2.43792366982, 3.33207392693, 2.19925618172, 1.85333263874, 0.722407460213, 0.240537494421, 0.0516350306571, 0.00546632008627, 0.000151347107021, 3.9791175368e-05],
        "median": [0.000386988627724, 0.00450539542362, 0.0569516904652, 0.447733819485, 0.694301962852, 1.23303115368, 3.20965027809, 11.0450124741, 12.838218689, 6.88473987579, 1.78171718121, 2.61560058594, 1.57209384441, 0.687947571278, 0.406453222036, 0.331775039434, 0.555531263351, 0.313590377569, 0.231596395373, 0.283377796412, 0.246341392398, 0.136778727174, 0.0571946613491, 0.0676979720592, 0.104920804501, 0.128664702177, 0.0754168853164, 0.0239242035896, 0.0328483022749, 0.0384172722697, 0.0578181631863, 0.0705080106854, 0.0303138978779, 0.018975969404, 0.00850720424205, 0.00304198823869, 0.000846702605486, 0.000116806317237, 9.45834653976e-06, 1.07864580059e-05],
        "min": [4.91475994953e-22, 7.35517772352e-21, 5.44787032165e-20, 4.34123675578e-20, 9.26820139578e-20, 1.27586819222e-19, 1.44312928196e-19, 9.25343686808e-20, 6.9379086284e-19, 8.82824742167e-19, 6.16977010002e-19, 7.09860810793e-19, 7.30333065664e-19, 2.78684758431e-18, 2.14447442344e-18, 5.72834154722e-18, 2.86240515659e-18, 6.23073755047e-18, 3.91169823927e-18, 7.32753975163e-18, 1.12334609615e-17, 8.66434799394e-18, 7.7095789078e-18, 1.36518417691e-17, 1.13144551784e-17, 1.41558776579e-17, 1.37002095011e-17, 1.58395872512e-17, 2.08114886718e-17, 1.88107008975e-17, 2.03238243417e-17, 1.45160999255e-17, 1.37423601436e-17, 1.36253273218e-17, 9.54117764122e-18, 4.60651423739e-18, 2.95773606783e-18, 1.37187170469e-18, 3.57932321388e-19, 3.4401569259e-20],
        "var": [0.11624841392, 72.726234436, 700.086486816, 1354.25866699, 1898.94799805, 1062.42822266, 212.550537109, 980.165344238, 1054.67443848, 2271.33374023, 668.452758789, 777.898010254, 194.039978027, 334.764282227, 918.387756348, 303.264282227, 182.561050415, 321.372070312, 329.85256958, 273.807678223, 670.538513184, 389.601654053, 241.860946655, 348.364379883, 305.401641846, 225.69430542, 201.734527588, 64.7270965576, 61.7156257629, 160.333847046, 69.8461151123, 143.04083252, 65.2299499512, 57.1350517273, 7.32935142517, 0.84524589777, 0.0392981655896, 0.000534134509508, 3.12874362862e-07, 4.5116612668e-09]
    },
    "gfcc": {
        "mean": [-138.283950806, 120.08139801, -82.9468917847, -2.75871729851, -81.9166259766, -9.34135913849, -56.6285667419, -0.903051316738, -20.742061615, -0.993399143219, -10.5547389984, -14.7421379089, -8.09596633911],
        "cov": [[13114.5068359, -5816.4921875, -2025.67431641, 2033.91687012, 98.7848205566, 1584.39343262, -219.977157593, 752.698303223, -778.447265625, 735.348754883, -565.356262207, 800.577636719, -511.058013916], [-5816.4921875, 4633.74121094, 1726.93200684, -534.584533691, 763.745849609, -508.343444824, 663.757629395, -272.693145752, 744.595397949, -354.178009033, 533.296569824, -580.235900879, 433.158996582], [-2025.67431641, 1726.93200684, 2620.96166992, 481.047210693, 390.782623291, 126.997817993, 363.056213379, 119.760353088, 397.173919678, -67.9988937378, 145.042251587, -53.622341156, 64.2125320435], [2033.91687012, -534.584533691, 481.047210693, 1097.02624512, 414.255371094, 364.395324707, 73.518913269, 176.383834839, -41.2133750916, 200.268966675, 2.94115138054, 89.5246353149, -61.3420944214], [98.7848205566, 763.745849609, 390.782623291, 414.255371094, 663.835266113, 172.677581787, 261.959014893, 68.3775405884, 202.619781494, 91.7200469971, 143.84602356, -96.1560592651, 84.9797439575], [1584.39343262, -508.343444824, 126.997817993, 364.395324707, 172.677581787, 444.737060547, 110.116439819, 170.324020386, 3.00468850136, 105.400894165, -52.6450042725, 107.674324036, -46.9700241089], [-219.977157593, 663.757629395, 363.056213379, 73.518913269, 261.959014893, 110.116439819, 386.058868408, 122.615074158, 173.863174438, -22.4221954346, 122.641143799, -11.7172422409, 66.9057922363], [752.698303223, -272.693145752, 119.760353088, 176.383834839, 68.3775405884, 170.324020386, 122.615074158, 204.88609314, 19.4959011078, 60.6004180908, -13.432179451, 78.3738555908, -35.3917198181], [-778.447265625, 744.595397949, 397.173919678, -41.2133750916, 202.619781494, 3.00468850136, 173.863174438, 19.4959011078, 257.89352417, 2.90019583702, 97.0797805786, -94.0702285767, 74.2273101807], [735.348754883, -354.178009033, -67.9988937378, 200.268966675, 91.7200469971, 105.400894165, -22.4221954346, 60.6004180908, 2.90019583702, 152.704696655, -9.48430538177, 41.875793457, -32.7796363831], [-565.356262207, 533.296569824, 145.042251587, 2.94115138054, 143.84602356, -52.6450042725, 122.641143799, -13.432179451, 97.0797805786, -9.48430538177, 155.579406738, -36.049621582, 69.854927063], [800.577636719, -580.235900879, -53.622341156, 89.5246353149, -96.1560592651, 107.674324036, -11.7172422409, 78.3738555908, -94.0702285767, 41.875793457, -36.049621582, 212.12713623, -32.3195343018], [-511.058013916, 433.158996582, 64.2125320435, -61.3420944214, 84.9797439575, -46.9700241089, 66.9057922363, -35.3917198181, 74.2273101807, -32.7796363831, 69.854927063, -32.3195343018, 132.2134552]],
        "icov": [[0.000446763791842, 0.000226006886805, 0.000331433548126, -0.000522297050338, -4.58823251392e-06, -0.000732493703254, -0.000258087442489, -0.000153915461851, 6.0277281591e-05, -0.000160794224939, 0.000352525123162, -0.000217405133299, 0.000102199483081], [0.000226006886805, 0.0027987761423, -0.00104105658829, 0.000956201343797, -0.00184569251724, 0.000865972950123, -0.00188555230852, 0.00168971577659, -0.000761085364502, 0.00200605439022, -0.00219233194366, 0.00276819150895, -0.00168642180506], [0.000331433548126, -0.00104105658829, 0.00152901338879, -0.00159689260181, 0.000958824355621, -0.00095031352248, 0.000636499084067, -0.000923921528738, -0.00130311702378, 0.000217045002501, 0.00140167633072, -0.00193554896396, 0.00125672668219], [-0.000522297050338, 0.000956201343797, -0.00159689260181, 0.00374532165006, -0.00234679807909, 0.00056606088765, -4.16545663029e-05, 0.00031391804805, 0.00220912881196, -0.00083232356701, -0.00199833558872, 0.0018200816121, -0.000769610749558], [-4.58823251392e-06, -0.00184569251724, 0.000958824355621, -0.00234679807909, 0.0058970330283, -0.00179119745735, -0.000667577027343, -0.000136123388074, -0.000638652709313, -0.00315261306241, 0.000228687757044, 0.00015126359358, -0.000157537782798], [-0.000732493703254, 0.000865972950123, -0.00095031352248, 0.00056606088765, -0.00179119745735, 0.00683529954404, -0.00155043310951, -0.000297994207358, -0.00115998601541, 0.000618712278083, 0.00143666844815, -9.24138876144e-05, -0.000636928773019], [-0.000258087442489, -0.00188555230852, 0.000636499084067, -4.16545663029e-05, -0.000667577027343, -0.00155043310951, 0.00951611995697, -0.00578173575923, -0.00212219520472, 0.0032190233469, -0.00254996633157, -0.00271026953124, 0.00104069407098], [-0.000153915461851, 0.00168971577659, -0.000923921528738, 0.00031391804805, -0.000136123388074, -0.000297994207358, -0.00578173575923, 0.0124313896522, -0.0011933707865, -0.00143334001768, 0.000469055899885, -3.73329166905e-05, 0.000756376364734], [6.0277281591e-05, -0.000761085364502, -0.00130311702378, 0.00220912881196, -0.000638652709313, -0.00115998601541, -0.00212219520472, -0.0011933707865, 0.0129747157916, -0.005939158611, -0.000838454288896, 0.00348137598485, -0.00232555903494], [-0.000160794224939, 0.00200605439022, 0.000217045002501, -0.00083232356701, -0.00315261306241, 0.000618712278083, 0.0032190233469, -0.00143334001768, -0.005939158611, 0.0160780083388, -0.00330737512559, -0.00068461621413, 0.00144878879655], [0.000352525123162, -0.00219233194366, 0.00140167633072, -0.00199833558872, 0.000228687757044, 0.00143666844815, -0.00254996633157, 0.000469055899885, -0.000838454288896, -0.00330737512559, 0.0161637254059, -0.00422489410266, -0.00120550766587], [-0.000217405133299, 0.00276819150895, -0.00193554896396, 0.0018200816121, 0.00015126359358, -9.24138876144e-05, -0.00271026953124, -3.73329166905e-05, 0.00348137598485, -0.00068461621413, -0.00422489410266, 0.012210634537, -0.00380071834661], [0.000102199483081, -0.00168642180506, 0.00125672668219, -0.000769610749558, -0.000157537782798, -0.000636928773019, 0.00104069407098, 0.000756376364734, -0.00232555903494, 0.00144878879655, -0.00120550766587, -0.00380071834661, 0.0134396869689]]
    },
    "melbands": {
        "dmean": [0.00166752014775, 0.00388693995774, 0.00197701505385, 0.000976995564997, 0.000248142576311, 0.000222448332352, 0.000120021933981, 6.88054497004e-05, 2.61820023297e-05, 3.05204666802e-05, 2.06363329198e-05, 1.94350359379e-05, 2.71806911769e-05, 1.35744203362e-05, 1.23557047118e-05, 9.22358776734e-06, 1.06950792542e-05, 9.11944334803e-06, 7.29064913685e-06, 8.63165951159e-06, 1.07042596937e-05, 7.2484813245e-06, 5.06634705744e-06, 3.91982985093e-06, 5.007927939e-06, 4.52896802017e-06, 3.14715316563e-06, 4.12906638303e-06, 3.87991167372e-06, 1.84623308996e-06, 2.17827187043e-06, 2.12498912333e-06, 1.40996633036e-06, 3.10640666612e-06, 1.71776741809e-06, 2.03132981369e-06, 3.29314298142e-06, 1.84553221061e-06, 2.57102010437e-06, 1.97891085918e-06],
        "dmean2": [0.00238542747684, 0.0051728845574, 0.00314603792503, 0.0017820695648, 0.000454843917396, 0.000409981672419, 0.000207208984648, 0.00010775798728, 3.71164460375e-05, 4.53815919172e-05, 3.40434089594e-05, 3.24320208165e-05, 4.8476667871e-05, 2.17735087062e-05, 1.93227988348e-05, 1.46903184941e-05, 1.70232760865e-05, 1.46166366903e-05, 1.15041684694e-05, 1.32117565954e-05, 1.74031883944e-05, 1.20836893984e-05, 8.33551803225e-06, 6.31977218291e-06, 8.07622745924e-06, 7.3659998634e-06, 5.2040418268e-06, 6.72236137689e-06, 6.28170300843e-06, 3.00379747387e-06, 3.79383595828e-06, 3.760152822e-06, 2.43449858317e-06, 5.59836007596e-06, 2.93779544336e-06, 3.43941542269e-06, 5.73120996705e-06, 3.15809461426e-06, 4.34572712038e-06, 3.3269677715e-06],
        "dvar": [2.44923157879e-05, 0.000123408754007, 4.28218845627e-05, 1.35139580379e-05, 4.93479603847e-07, 2.34963266621e-07, 6.0471805341e-08, 3.55238292116e-08, 5.20843901342e-09, 6.42527187011e-09, 4.14607592703e-09, 5.03517805228e-09, 1.67347504743e-08, 2.73962030839e-09, 1.42226463939e-09, 6.69052702129e-10, 1.31545385695e-09, 1.07746478406e-09, 7.34727612084e-10, 5.88067261553e-10, 1.36885924817e-09, 7.18274051348e-10, 3.29539562305e-10, 1.54949608699e-10, 3.15175857635e-10, 2.54041315761e-10, 1.05561552555e-10, 1.47798717709e-10, 1.53582799256e-10, 3.17883566692e-11, 3.32115827895e-11, 3.78866070461e-11, 1.6305875053e-11, 1.31868543862e-10, 2.49731173241e-11, 3.19885298805e-11, 1.10731118719e-10, 2.70276336034e-11, 7.81826409169e-11, 4.88365806128e-11],
        "dvar2": [4.39590039605e-05, 0.000245689996518, 0.000101223347883, 3.77315845981e-05, 1.44610783082e-06, 8.40855932438e-07, 1.63488863336e-07, 7.67561942894e-08, 9.69295488318e-09, 1.4738922971e-08, 1.10989608615e-08, 1.3524926068e-08, 4.71060381813e-08, 6.98489621698e-09, 3.56546214775e-09, 1.53299550831e-09, 3.2335851774e-09, 2.67063393622e-09, 1.84883752752e-09, 1.3552937661e-09, 3.46841955157e-09, 1.86983450945e-09, 8.10482680969e-10, 3.41114358982e-10, 7.70998043187e-10, 6.40707153998e-10, 2.62618260471e-10, 3.59425489371e-10, 3.76949665926e-10, 7.862507867e-11, 8.63310534172e-11, 1.01293896881e-10, 4.30707414178e-11, 3.68508501492e-10, 6.64242272297e-11, 8.27448665142e-11, 2.94868185424e-10, 7.02594024626e-11, 2.02548630646e-10, 1.26032254077e-10],
        "max": [0.0391650311649, 0.0878150165081, 0.0476513914764, 0.025366557762, 0.00833794102073, 0.00570708792657, 0.00308998674154, 0.00375763815828, 0.00193681311794, 0.00149328715634, 0.000715692935046, 0.000774221203756, 0.00143859360833, 0.000553275982384, 0.000450965570053, 0.000240918554482, 0.000398458068958, 0.000449720275356, 0.00032680638833, 0.000185945798876, 0.000314529752359, 0.000272074685199, 0.000203319927095, 9.63865240919e-05, 0.000186279357877, 0.000197951871087, 0.000123690624605, 0.000116317751235, 9.87590028672e-05, 4.96398643008e-05, 5.78317340114e-05, 5.65936716157e-05, 4.77326357213e-05, 0.000122594894492, 4.59412331111e-05, 4.8744455853e-05, 0.0001198855025, 6.19013371761e-05, 8.36051913211e-05, 8.50890501169e-05],
        "mean": [0.00176645221654, 0.00409386400133, 0.00173877645284, 0.000690047745593, 0.000335998105584, 0.000510057085194, 0.000375439762138, 0.000296909740428, 8.2844235294e-05, 7.68713580328e-05, 3.21296029142e-05, 2.50240191235e-05, 2.59068474406e-05, 1.55835550686e-05, 1.37376791827e-05, 1.0309820027e-05, 1.14265949378e-05, 8.72751843417e-06, 7.63239859225e-06, 1.01919094959e-05, 9.43599843595e-06, 5.78806429985e-06, 3.95321831093e-06, 3.28438136421e-06, 4.06230628869e-06, 3.7440381675e-06, 2.82442101707e-06, 3.35125082529e-06, 2.99906923829e-06, 1.51212088895e-06, 1.48183050896e-06, 1.40438999097e-06, 9.78615730673e-07, 1.97702752303e-06, 1.21914524698e-06, 1.53894939103e-06, 2.29930014939e-06, 1.33504363475e-06, 1.84912914847e-06, 1.46904289977e-06],
        "median": [1.01790681128e-06, 2.44625971391e-05, 0.000112074805656, 8.49429343361e-05, 0.000120868033264, 0.000258619635133, 0.000176096698851, 6.53262686683e-05, 1.1021784303e-05, 1.54469107656e-05, 6.21915751253e-06, 1.86986073913e-06, 1.02293699911e-06, 4.33448008152e-07, 9.16342855817e-07, 8.88146189482e-07, 4.20524258971e-07, 3.03749487784e-07, 3.90377863368e-07, 4.08738856095e-07, 2.43650362108e-07, 1.54023283017e-07, 5.83747734595e-08, 3.63552778992e-08, 4.33731912608e-08, 6.67630430939e-08, 7.45475077224e-08, 7.7876592286e-08, 5.43679128384e-08, 1.8173937022e-08, 6.25082430261e-09, 1.11947802139e-08, 2.36537296416e-08, 1.62845186225e-08, 2.65686370682e-08, 4.10515106353e-08, 3.75443178768e-08, 1.83227957251e-08, 1.11115880941e-08, 1.38290010554e-08],
        "min": [5.82165700759e-24, 2.19093778641e-23, 7.67390004647e-24, 1.00512246811e-23, 4.8326372416e-24, 2.1762948714e-24, 1.13776469616e-23, 8.42378570095e-24, 5.65483580311e-24, 4.25250340987e-24, 3.2539536125e-24, 1.04745029881e-23, 8.35672779084e-24, 1.2860395441e-23, 1.21242722539e-23, 5.71700040902e-24, 1.21421683524e-23, 5.97741877662e-24, 6.18154324117e-24, 1.3687216333e-23, 1.27163439177e-23, 8.12019415929e-24, 7.5159850816e-24, 7.96158341911e-24, 1.17846715785e-23, 5.62359138923e-24, 1.0220152933e-23, 9.39127074752e-24, 8.25271963593e-24, 7.53463217568e-24, 1.03073086524e-23, 1.32087146072e-23, 8.52194681883e-24, 1.1213128442e-23, 1.28679771832e-23, 9.2621570943e-24, 8.51699119462e-24, 1.02669663057e-23, 8.6877614368e-24, 1.27725486795e-23],
        "var": [3.44836626027e-05, 0.000168518366991, 3.77655123884e-05, 8.2109536379e-06, 3.89519328792e-07, 4.65958919449e-07, 2.31679820217e-07, 3.39469664823e-07, 3.31694174349e-08, 2.84533339112e-08, 4.72895100856e-09, 4.98045737984e-09, 1.06081863294e-08, 2.8615059211e-09, 1.37323530325e-09, 6.9253874857e-10, 1.26763943786e-09, 8.83491613202e-10, 6.2519905919e-10, 6.97918944859e-10, 1.07435527141e-09, 5.22593579522e-10, 2.6169164058e-10, 1.4597417719e-10, 2.5702140416e-10, 1.99383329291e-10, 8.50544634723e-11, 1.24291160697e-10, 1.25441282361e-10, 2.69190555263e-11, 2.42651957555e-11, 2.57937074477e-11, 1.15813712787e-11, 8.0651881007e-11, 1.77665781392e-11, 2.45369852908e-11, 7.79406608697e-11, 2.05697334166e-11, 5.92732599114e-11, 3.76122084866e-11]
    },
    "mfcc": {
        "mean": [-793.241943359, 151.164291382, 36.5040473938, 3.99334907532, -3.66044425964, -18.3646354675, -21.8149623871, -22.1582775116, -13.850728035, 2.11527299881, -13.6404485703, -3.76201748848, -0.275571644306],
        "cov": [[13270.3037109, -5204.61132812, -2245.53686523, -4.56143426895, 482.819274902, 753.659484863, 866.524047852, 628.883728027, 192.020004272, 207.634262085, 44.317363739, 423.618774414, 51.7695465088], [-5204.61132812, 3404.74731445, 1056.59216309, 347.969940186, 150.023422241, 52.1365776062, -34.9283981323, -47.1448936462, 158.2474823, 200.944610596, 101.743804932, 4.79069805145, 177.278137207], [-2245.53686523, 1056.59216309, 2041.10827637, 620.206054688, 274.335174561, 168.508453369, 88.6110916138, 216.853118896, 197.635253906, -27.4568157196, 299.947540283, -19.4624538422, -18.6949882507], [-4.56143426895, 347.969940186, 620.206054688, 758.938964844, 405.340179443, 247.054382324, 242.162002563, 115.474655151, 112.711906433, 116.437591553, 210.805007935, 47.4042396545, 22.122177124], [482.819274902, 150.023422241, 274.335174561, 405.340179443, 485.696228027, 313.163513184, 185.127624512, 62.0849685669, 112.405517578, 169.59727478, 119.066711426, 73.539024353, 54.7846679688], [753.659484863, 52.1365776062, 168.508453369, 247.054382324, 313.163513184, 352.179931641, 199.396820068, 124.437927246, 136.349441528, 123.357261658, 89.7294311523, 88.879234314, 89.283744812], [866.524047852, -34.9283981323, 88.6110916138, 242.162002563, 185.127624512, 199.396820068, 317.980743408, 217.430419922, 126.9451828, 76.3176269531, 89.4173355103, 105.910354614, 100.809036255], [628.883728027, -47.1448936462, 216.853118896, 115.474655151, 62.0849685669, 124.437927246, 217.430419922, 312.29296875, 141.036468506, 39.3191299438, 58.0200042725, 100.680145264, 108.456306458], [192.020004272, 158.2474823, 197.635253906, 112.711906433, 112.405517578, 136.349441528, 126.9451828, 141.036468506, 203.439453125, 99.2006149292, 84.2784347534, 56.3082237244, 57.3793296814], [207.634262085, 200.944610596, -27.4568157196, 116.437591553, 169.59727478, 123.357261658, 76.3176269531, 39.3191299438, 99.2006149292, 220.317703247, 83.5557403564, 70.4767837524, 28.2059516907], [44.317363739, 101.743804932, 299.947540283, 210.805007935, 119.066711426, 89.7294311523, 89.4173355103, 58.0200042725, 84.2784347534, 83.5557403564, 216.956817627, 44.4718208313, -12.4219474792], [423.618774414, 4.79069805145, -19.4624538422, 47.4042396545, 73.539024353, 88.879234314, 105.910354614, 100.680145264, 56.3082237244, 70.4767837524, 44.4718208313, 134.979003906, 96.7145233154], [51.7695465088, 177.278137207, -18.6949882507, 22.122177124, 54.7846679688, 89.283744812, 100.809036255, 108.456306458, 57.3793296814, 28.2059516907, -12.4219474792, 96.7145233154, 214.497344971]],
