{
"lowlevel": {
    "average_loudness": 0.931033074856,
    "barkbands_crest": {
        "dmean": 3.98285984993,
        "dmean2": 6.28249645233,
        "dvar": 10.9524564743,
        "dvar2": 24.1056728363,
        "max": 25.9159584045,
        "mean": 14.7916135788,
        "median": 14.6311626434,
        "min": 2.82808923721,
        "var": 30.0113258362
    },
    "barkbands_flatness_db": {
        "dmean": 0.0363849624991,
        "dmean2": 0.0582910515368,
        "dvar": 0.000825186551083,
        "dvar2": 0.00202927784994,
        "max": 0.348335266113,
        "mean": 0.171022415161,
        "median": 0.167233765125,
        "min": 0.0464772619307,
        "var": 0.00213092542253
    },
    "barkbands_kurtosis": {
        "dmean": 8.61228752136,
        "dmean2": 14.4357185364,
        "dvar": 231.837188721,
        "dvar2": 608.294128418,
        "max": 223.512512207,
        "mean": 8.62585639954,
        "median": 3.76250386238,
        "min": -1.90723705292,
        "var": 244.056335449
    },
    "barkbands_skewness": {
        "dmean": 1.22656095028,
        "dmean2": 1.92966556549,
        "dvar": 1.51172494888,
        "dvar2": 3.61615943909,
        "max": 14.1133584976,
        "mean": 2.36934304237,
        "median": 2.1521320343,
        "min": -2.24932336807,
        "var": 3.19005036354
    },
    "barkbands_spread": {
        "dmean": 9.9659204483,
        "dmean2": 16.4298534393,
        "dvar": 96.0267562866,
        "dvar2": 226.656707764,
        "max": 76.5216827393,
        "mean": 25.3866920471,
        "median": 22.2460803986,
        "min": 1.16123509407,
        "var": 256.942016602
    },
    "dissonance": {
        "dmean": 0.011256698519,
        "dmean2": 0.0191877484322,
        "dvar": 0.000151628308231,
        "dvar2": 0.000374492694391,
        "max": 0.49990478158,
        "mean": 0.480948388577,
        "median": 0.48580172658,
        "min": 0.250355958939,
        "var": 0.000267696363153
    },
    "dynamic_complexity": 2.8442966938,
    "erbbands_crest": {
        "dmean": 2.30384087563,
        "dmean2": 3.80889868736,
        "dvar": 4.77107477188,
        "dvar2": 12.43775177,
        "max": 28.6345214844,
        "mean": 7.94992303848,
        "median": 7.16847038269,
        "min": 2.814858675,
        "var": 11.5293560028
    },
    "erbbands_flatness_db": {
        "dmean": 0.0168590582907,
        "dmean2": 0.0251701455563,
        "dvar": 0.000263716821792,
        "dvar2": 0.000579537707381,
        "max": 0.272985428572,
        "mean": 0.141748428345,
        "median": 0.139452576637,
        "min": 0.0490064360201,
        "var": 0.00112197455019
    },
    "erbbands_kurtosis": {
        "dmean": 1.46669352055,
        "dmean2": 2.39245700836,
        "dvar": 6.45203495026,
        "dvar2": 17.1974277496,
        "max": 51.2065620422,
        "mean": 1.40610396862,
        "median": 0.197396636009,
        "min": -1.69581544399,
        "var": 11.6844301224
    },
    "erbbands_skewness": {
        "dmean": 0.421787172556,
        "dmean2": 0.668413102627,
        "dvar": 0.189668983221,
        "dvar2": 0.484898209572,
        "max": 1.3534078598,
        "mean": -0.753380656242,
        "median": -0.703638792038,
        "min": -4.90002202988,
        "var": 0.772984743118
    },
    "erbbands_spread": {
        "dmean": 12.4733943939,
        "dmean2": 20.0642566681,
        "dvar": 185.023590088,
        "dvar2": 456.806060791,
        "max": 130.618118286,
        "mean": 42.4907684326,
        "median": 40.8196105957,
        "min": 3.55032134056,
        "var": 387.905059814
    },
    "hfc": {
        "dmean": 9.6100769043,
        "dmean2": 14.135222435,
        "dvar": 248.654495239,
        "dvar2": 580.818481445,
        "max": 221.831512451,
        "mean": 17.260383606,
        "median": 10.9939498901,
        "min": 1.09424672593e-16,
        "var": 375.229980469
    },
    "melbands_crest": {
        "dmean": 3.44038891792,
        "dmean2": 5.60652780533,
        "dvar": 8.83951091766,
        "dvar2": 22.4242591858,
        "max": 30.076675415,
        "mean": 19.2092075348,
        "median": 19.6809768677,
        "min": 3.05792355537,
        "var": 18.6507301331
    },
    "melbands_flatness_db": {
        "dmean": 0.0470374189317,
        "dmean2": 0.0744972527027,
        "dvar": 0.001416266663,
        "dvar2": 0.00324979261495,
        "max": 0.456235140562,
        "mean": 0.244668141007,
        "median": 0.244740575552,
        "min": 0.00866536796093,
        "var": 0.00384105648845
    },
    "melbands_kurtosis": {
        "dmean": 27.1711463928,
        "dmean2": 44.4384727478,
        "dvar": 1540.85571289,
        "dvar2": 3902.20898438,
        "max": 427.425262451,
        "mean": 34.763633728,
        "median": 20.020772934,
        "min": -1.69278037548,
        "var": 2028.5065918
    },
    "melbands_skewness": {
        "dmean": 1.84077870846,
        "dmean2": 2.88045930862,
        "dvar": 2.90334606171,
        "dvar2": 6.85063743591,
        "max": 15.373758316,
        "mean": 4.64441394806,
        "median": 4.20305252075,
        "min": -0.676199555397,
        "var": 6.88798427582
    },
    "melbands_spread": {
        "dmean": 12.1811094284,
        "dmean2": 19.7630290985,
        "dvar": 223.477142334,
        "dvar2": 490.551239014,
        "max": 153.012969971,
        "mean": 21.4214897156,
        "median": 13.4502544403,
        "min": 0.736037790775,
        "var": 442.694091797
    },
    "pitch_salience": {
        "dmean": 0.115489713848,
        "dmean2": 0.188277885318,
        "dvar": 0.00858421251178,
        "dvar2": 0.0217352174222,
        "max": 0.831312477589,
        "mean": 0.372313141823,
        "median": 0.358439147472,
        "min": 0.0751612409949,
        "var": 0.0197091922164
    },
    "silence_rate_20dB": {
        "dmean": 0,
        "dmean2": 0,
        "dvar": 0,
        "dvar2": 0,
        "max": 1,
        "mean": 1,
        "median": 1,
        "min": 1,
        "var": 0
    },
    "silence_rate_30dB": {
        "dmean": 0.102114491165,
        "dmean2": 0.204334363341,
        "dvar": 0.0916860625148,
        "dvar2": 0.180124774575,
        "max": 1,
        "mean": 0.87371134758,
        "median": 1,
        "min": 0,
        "var": 0.11033796519
    },
    "silence_rate_60dB": {
        "dmean": 0.0252707581967,
        "dmean2": 0.050051599741,
        "dvar": 0.0246321260929,
        "dvar2": 0.0630251020193,
        "max": 1,
        "mean": 0.0257731955498,
        "median": 0,
        "min": 0,
        "var": 0.0251086782664
    },
    "spectral_centroid": {
        "dmean": 362.748748779,
        "dmean2": 577.489990234,
        "dvar": 181843.203125,
        "dvar2": 367208.125,
        "max": 11115.8935547,
        "mean": 1801.84814453,
        "median": 1901.16003418,
        "min": 236.043151855,
        "var": 620225.125
    },
    "spectral_complexity": {
        "dmean": 5.21660661697,
        "dmean2": 7.89576864243,
        "dvar": 35.3581466675,
        "dvar2": 71.2028121948,
        "max": 51,
        "mean": 17.0546398163,
        "median": 15,
        "min": 0,
        "var": 84.6382293701
    },
    "spectral_decrease": {
        "dmean": 7.52960449546e-09,
        "dmean2": 1.17746425943e-08,
        "dvar": 1.24029155112e-16,
        "dvar2": 2.71684441403e-16,
        "max": -3.25612461799e-30,
        "mean": -1.16167608866e-08,
        "median": -5.83438408697e-09,
        "min": -9.67936060192e-08,
        "var": 2.07058328922e-16
    },
    "spectral_energy": {
        "dmean": 0.0290299206972,
        "dmean2": 0.0452643856406,
        "dvar": 0.00182439677883,
        "dvar2": 0.00397617742419,
        "max": 0.369545549154,
        "mean": 0.045409899205,
        "median": 0.0231594257057,
        "min": 9.93742556958e-21,
        "var": 0.00307506835088
    },
    "spectral_energyband_high": {
        "dmean": 0.000418735347921,
        "dmean2": 0.000625874497928,
        "dvar": 5.57761438813e-07,
        "dvar2": 1.2707496353e-06,
        "max": 0.00868288055062,
        "mean": 0.00064588827081,
        "median": 0.000302476488287,
        "min": 7.35773277457e-21,
        "var": 8.60322415974e-07
    },
    "spectral_energyband_low": {
        "dmean": 0.0269778836519,
        "dmean2": 0.0428789742291,
        "dvar": 0.00163581396919,
        "dvar2": 0.00372976111248,
        "max": 0.346761375666,
        "mean": 0.0368330515921,
        "median": 0.0161504857242,
        "min": 1.34470378485e-22,
        "var": 0.00252331630327
    },
    "spectral_energyband_middle_high": {
        "dmean": 0.00242167245597,
        "dmean2": 0.00384728121571,
        "dvar": 2.04539355764e-05,
        "dvar2": 5.11990510859e-05,
        "max": 0.0611659027636,
        "mean": 0.00391211407259,
        "median": 0.00237365905195,
        "min": 1.43470811884e-21,
        "var": 2.43102113018e-05
    },
    "spectral_energyband_middle_low": {
        "dmean": 0.00246804207563,
        "dmean2": 0.00395977683365,
        "dvar": 2.31816029554e-05,
        "dvar2": 5.82172579016e-05,
        "max": 0.0701121911407,
        "mean": 0.00470630265772,
        "median": 0.00252403551713,
        "min": 2.43871842876e-22,
        "var": 4.0261529648e-05
    },
    "spectral_entropy": {
        "dmean": 0.160916432738,
        "dmean2": 0.250056266785,
        "dvar": 0.0211054161191,
        "dvar2": 0.0483537092805,
        "max": 9.78692531586,
        "mean": 7.49135255814,
        "median": 7.50587081909,
        "min": 6.54753684998,
        "var": 0.0641008839011
    },
    "spectral_flux": {
        "dmean": 0.0501724854112,
        "dmean2": 0.082662679255,
        "dvar": 0.00326798250899,
        "dvar2": 0.00785385631025,
        "max": 0.523157536983,
        "mean": 0.105792678893,
        "median": 0.0815529078245,
        "min": 9.96866339475e-11,
        "var": 0.00528353778645
    },
    "spectral_kurtosis": {
        "dmean": 1.80170369148,
        "dmean2": 3.13157439232,
        "dvar": 3.65329670906,
        "dvar2": 11.2201051712,
        "max": 21.1783466339,
        "mean": 4.44912052155,
        "median": 4.01546955109,
        "min": -1.13009035587,
        "var": 4.47205781937
    },
    "spectral_rms": {
        "dmean": 0.00191500189248,
        "dmean2": 0.00284531642683,
        "dvar": 4.43364842795e-06,
        "dvar2": 8.34988077258e-06,
        "max": 0.0189876873046,
        "mean": 0.00570970214903,
        "median": 0.00475337356329,
        "min": 3.11368747626e-12,
        "var": 1.17014978969e-05
    },
    "spectral_rolloff": {
        "dmean": 673.848571777,
        "dmean2": 1172.00439453,
        "dvar": 888254,
        "dvar2": 1785925.5,
        "max": 18755.4199219,
        "mean": 1126.3215332,
        "median": 538.330078125,
        "min": 86.1328125,
        "var": 1430803.125
    },
    "spectral_skewness": {
        "dmean": 0.237495541573,
        "dmean2": 0.403158694506,
        "dvar": 0.0519978068769,
        "dvar2": 0.155029520392,
        "max": 2.99739646912,
        "mean": 1.27275180817,
        "median": 1.23787283897,
        "min": 0.000916597084142,
        "var": 0.103060953319
    },
    "spectral_spread": {
        "dmean": 504593.03125,
        "dmean2": 772237.9375,
        "dvar": 864554319872,
        "dvar2": 1.20574181376e+12,
        "max": 39161712,
        "mean": 3672255.75,
        "median": 3507034,
        "min": 1826551.625,
        "var": 1.34070966682e+12
    },
    "spectral_strongpeak": {
        "dmean": 0.301555156708,
        "dmean2": 0.484438508749,
        "dvar": 0.337662786245,
        "dvar2": 0.819792747498,
        "max": 8.88728713989,
        "mean": 0.520353257656,
        "median": 0.353926926851,
        "min": 1.08774045326e-09,
        "var": 0.429527521133
    },
    "zerocrossingrate": {
        "dmean": 0.0119025791064,
        "dmean2": 0.0149613609537,
        "dvar": 0.000230629491853,
        "dvar2": 0.000285992311547,
        "max": 0.49951171875,
        "mean": 0.0463575236499,
        "median": 0.0400390625,
        "min": 0.00439453125,
        "var": 0.000712571258191
    },
    "barkbands": {
        "dmean": [0.000141692245961, 0.0227085538208, 0.00614761374891, 0.00101724558044, 0.00125760771334, 0.000404419202823, 0.000283085886622, 0.000293891120236, 0.000242138339672, 0.000100008568552, 0.000156983092893, 0.000142818898894, 0.000200710113859, 0.000254048412899, 0.000177916066605, 0.000181021590834, 0.00077633355977, 0.000584239489399, 0.000277849583654, 0.000202497220016, 0.000188003483345, 9.75608854787e-05, 3.61113852705e-05, 2.83508124994e-05, 1.00455899883e-05, 4.73426371173e-05, 6.33025479146e-07],
        "dmean2": [0.000245307164732, 0.0355435498059, 0.0105883069336, 0.00173869472928, 0.00213467236608, 0.000662622740492, 0.000472171785077, 0.000487759825774, 0.000375390838599, 0.000163677148521, 0.000254742160905, 0.000229976765695, 0.000321042054566, 0.000421761709731, 0.00028974210727, 0.000296831014566, 0.00128082931042, 0.000990240951069, 0.00047228083713, 0.000339804391842, 0.000293417630019, 0.000154616151121, 5.56717568543e-05, 4.06547114835e-05, 1.53043347382e-05, 7.52473206376e-05, 1.08794893094e-06],
        "dvar": [1.17638116137e-07, 0.00126529228874, 9.78998068604e-05, 3.05658659272e-06, 8.6827449195e-06, 6.25572567969e-07, 3.5625132e-07, 5.40750306754e-07, 2.15709789586e-07, 5.75569600869e-08, 8.71616805398e-08, 6.91131916142e-08, 1.12846713307e-07, 1.83620500138e-07, 1.29774406332e-07, 1.10026206812e-07, 2.82345831693e-06, 1.68129827216e-06, 5.71044779463e-07, 2.06430712524e-07, 1.26613613816e-07, 4.29872315522e-08, 9.70229319108e-09, 3.85149290238e-09, 6.50475173725e-10, 3.56471012708e-08, 5.839227539e-12],
        "dvar2": [2.94272496149e-07, 0.00275811902247, 0.000270460703177, 8.79510025698e-06, 2.38301472564e-05, 1.67400014561e-06, 9.32272769205e-07, 1.38194775445e-06, 5.23386461282e-07, 1.53446919171e-07, 2.16362536776e-07, 1.65200987112e-07, 2.70879922937e-07, 4.59267454289e-07, 3.24086869341e-07, 2.83016049707e-07, 7.50458002585e-06, 4.56797442894e-06, 1.55887619258e-06, 5.33402157998e-07, 3.01687265392e-07, 1.11906594213e-07, 2.54730725402e-08, 8.55437498615e-09, 1.6244910972e-09, 9.14475037916e-08, 1.6217169968e-11],
        "max": [0.00358110293746, 0.320837378502, 0.119168519974, 0.0307684727013, 0.0415171533823, 0.0128498729318, 0.0070933313109, 0.0103805260733, 0.0054670968093, 0.00365710374899, 0.00365054770373, 0.00342987896875, 0.00437755230814, 0.00558835174888, 0.0048143658787, 0.003870282555, 0.0326494015753, 0.0123035851866, 0.0111242160201, 0.00868617091328, 0.00474738981575, 0.00342197297141, 0.00189569289796, 0.00092905422207, 0.000461967487354, 0.00314243370667, 4.16555230913e-05],
        "mean": [0.000122280078358, 0.0283642876893, 0.00770013406873, 0.0011727088131, 0.00163226260338, 0.000655711512081, 0.000408224586863, 0.000359878875315, 0.000421139964601, 0.000135325084557, 0.000209487858228, 0.00022109944257, 0.000344324449543, 0.000391626846977, 0.000230237012147, 0.000245727365837, 0.000984619371593, 0.000655546900816, 0.000339480000548, 0.000260626606178, 0.000252286845353, 0.000134851623443, 5.14996645506e-05, 4.47468082712e-05, 1.22906740216e-05, 5.90379968344e-05, 4.73015433045e-07],
        "median": [2.3457878342e-05, 0.0099020767957, 0.00247580930591, 0.000491867074743, 0.00064426654717, 0.000331674411427, 0.000117880379548, 7.08669103915e-05, 0.000239997752942, 4.7751229431e-05, 9.38637385843e-05, 9.36923970585e-05, 0.000183599477168, 0.000172961939825, 9.2737362138e-05, 0.000131892418722, 0.00044952169992, 0.000271792407148, 0.000106557126855, 0.000113277812488, 9.93506619125e-05, 6.33907184238e-05, 2.01909697353e-05, 1.43479592225e-05, 3.06902984448e-06, 5.84502504353e-06, 2.2777722819e-08],
        "min": [1.94445093905e-23, 8.63288480125e-23, 9.29545964628e-24, 3.50391409052e-23, 4.68468961316e-23, 1.85815050265e-23, 4.83742980826e-23, 9.21789253119e-24, 6.76885633822e-23, 5.46363359017e-23, 6.3682361674e-23, 3.57345028605e-23, 5.1886565579e-23, 7.34331305355e-23, 5.53556003424e-23, 7.17864181058e-23, 1.40746669443e-22, 1.86193615147e-22, 4.74572510668e-22, 4.12682396794e-22, 4.38980116366e-22, 5.547412764e-22, 5.95481183746e-22, 5.81711888013e-22, 1.24995957065e-21, 1.72133720728e-21, 2.18401571498e-21],
        "var": [1.05197052847e-07, 0.00189396599308, 0.000143091543578, 3.32923809765e-06, 9.77277068159e-06, 9.08075037387e-07, 5.69340045331e-07, 5.87147212627e-07, 3.34629362442e-07, 6.11083805779e-08, 1.09452983565e-07, 1.12538863561e-07, 2.12161424429e-07, 3.43369464417e-07, 1.41538649245e-07, 1.17384395537e-07, 2.89158651867e-06, 1.54411725362e-06, 6.33784623005e-07, 2.01773019626e-07, 1.65480557257e-07, 4.51679902369e-08, 1.01852668521e-08, 7.03642877298e-09, 7.10919434432e-10, 4.05004954018e-08, 3.96822939092e-12]
    },
    "erbbands": {
        "dmean": [0.393478006124, 5.91115617752, 9.29092311859, 3.67572212219, 3.93091869354, 4.32888031006, 3.08565020561, 3.1327316761, 4.11077165604, 4.41712665558, 6.05474042892, 5.13883447647, 3.53564143181, 4.17386245728, 5.91520404816, 5.15355062485, 7.1930398941, 10.5207901001, 10.5808830261, 10.1966028214, 12.4528713226, 47.4771385193, 37.3636245728, 17.7721424103, 12.1248435974, 8.63654327393, 8.77615451813, 5.76096057892, 3.967471838, 1.5375893116, 1.13818109035, 0.557566463947, 0.500943481922, 0.151900038123, 0.071762830019, 0.0700134336948, 0.0664971396327, 0.0345343239605, 0.0005301986821, 4.16735783801e-05],
        "dmean2": [0.587091982365, 9.33896827698, 15.9252157211, 6.21786212921, 6.68122577667, 7.44973659515, 5.00303888321, 5.18909931183, 6.79024553299, 7.39582395554, 9.97896957397, 8.12995815277, 5.69326353073, 6.82676124573, 9.49437141418, 8.29792690277, 11.455206871, 17.0401573181, 17.5455665588, 16.5878391266, 20.3268318176, 78.484664917, 62.929725647, 29.5914974213, 20.882610321, 14.3931818008, 14.0633468628, 8.76801204681, 6.2001709938, 2.42842388153, 1.74440288544, 0.830794036388, 0.722450792789, 0.223436743021, 0.110151410103, 0.104175552726, 0.105533070862, 0.0575964599848, 0.000876052072272, 6.40082580503e-05],
        "dvar": [0.495005130768, 83.790184021, 195.473861694, 43.9377288818, 63.4567985535, 126.417175293, 29.8068504333, 54.423538208, 69.5333786011, 119.880836487, 246.421646118, 122.06728363, 45.2736816406, 66.3421707153, 104.174835205, 90.2538452148, 161.844390869, 318.009185791, 362.980285645, 467.605499268, 588.63079834, 9944.84863281, 6483.82226562, 1893.5402832, 1213.04187012, 411.715332031, 269.486114502, 125.234077454, 58.0920028687, 23.0790557861, 8.55512428284, 2.32107901573, 1.13255095482, 0.113656759262, 0.0424512699246, 0.0354027226567, 0.0611560232937, 0.0249281749129, 5.47455965716e-06, 6.43708952808e-09],
        "dvar2": [1.10082125664, 185.810684204, 546.588317871, 122.113929749, 171.475402832, 351.268127441, 80.8967590332, 149.262893677, 179.452468872, 320.119018555, 628.641784668, 302.719421387, 114.288650513, 171.611068726, 251.725448608, 223.542419434, 403.161468506, 791.197021484, 925.825317383, 1166.33947754, 1543.41333008, 26312.8574219, 17078.0058594, 4920.70019531, 3397.57763672, 1051.51184082, 652.212158203, 287.473937988, 144.305984497, 64.5996704102, 22.2275791168, 5.69018316269, 2.43398141861, 0.26930898428, 0.108650885522, 0.0790490806103, 0.155108302832, 0.0657015517354, 1.43901434058e-05, 1.49105883196e-08],
        "max": [7.52628421783, 76.1958694458, 160.408493042, 112.492034912, 131.460205078, 162.98197937, 85.0829544067, 127.526939392, 122.870452881, 190.1980896, 251.217910767, 136.784881592, 80.1950531006, 97.9114303589, 151.617614746, 124.469436646, 196.082458496, 243.138046265, 274.944549561, 280.700805664, 355.112976074, 1931.61450195, 952.043762207, 604.691955566, 478.023193359, 432.914245605, 208.798660278, 176.665084839, 87.1865158081, 116.07698822, 65.7911224365, 29.6504898071, 20.8790664673, 4.90404748917, 3.93453478813, 2.81995844841, 3.76274871826, 2.84863471985, 0.0419418476522, 0.00121999753173],
        "mean": [0.518687367439, 7.36066770554, 11.7511014938, 5.17235517502, 5.08749914169, 5.30726242065, 5.15869474411, 4.68101835251, 6.08009529114, 6.14378881454, 8.68517208099, 8.52399730682, 5.72001314163, 5.58411216736, 9.13294887543, 8.36312770844, 12.3180818558, 17.1562461853, 16.4587097168, 13.3909835815, 17.5306091309, 60.3585739136, 44.9001197815, 22.4434242249, 14.7941856384, 10.9857254028, 11.3260936737, 7.86121892929, 5.55639696121, 2.18555283546, 1.65351867676, 0.783225238323, 0.797503292561, 0.215708702803, 0.089722700417, 0.0970357432961, 0.0832213759422, 0.0377882644534, 0.000601871986873, 6.82169193169e-05],
        "median": [0.169157490134, 2.72230219841, 4.7466211319, 2.49737095833, 2.16914129257, 2.07049322128, 2.27130079269, 2.62548661232, 1.74790048599, 1.75048518181, 2.80255031586, 4.76034355164, 2.85602355003, 2.61423397064, 4.84802389145, 4.52743244171, 7.22617721558, 8.64941120148, 9.00061035156, 6.13255310059, 9.20621681213, 28.0855178833, 18.8621940613, 8.69167900085, 5.65384626389, 4.93288898468, 4.55462741852, 2.95998620987, 2.4974603653, 0.975905418396, 0.65920740366, 0.272953271866, 0.228222161531, 0.0605073161423, 0.0214599855244, 0.0167551375926, 0.00863925926387, 0.00222753616981, 6.11402792856e-05, 3.291138637e-05],
        "min": [3.37657710984e-21, 1.58151892488e-20, 1.14255663046e-20, 8.08534862947e-20, 5.26523950527e-20, 1.77587728826e-19, 2.98491768804e-19, 1.42570614407e-19, 5.76511954821e-19, 5.02340065161e-19, 3.12238631706e-19, 1.76856736394e-18, 1.5775417888e-18, 1.70319383257e-18, 2.60946449221e-18, 2.04698746594e-18, 2.30630238412e-18, 3.26093891456e-18, 3.27469017186e-18, 3.83869624149e-18, 4.32612151643e-18, 6.94949918654e-18, 8.66914812303e-18, 1.58631122678e-17, 2.78836198657e-17, 1.9523283908e-17, 1.61618237306e-17, 1.89880169879e-17, 2.03156319449e-17, 1.98458661489e-17, 1.5178625274e-17, 1.17253215789e-17, 1.08414666867e-17, 1.5581483739e-17, 7.79639316745e-18, 5.65227732681e-18, 3.34867775534e-18, 1.2531922765e-18, 2.80153019528e-19, 3.46285366331e-20],
        "var": [0.674776077271, 124.573822021, 271.319213867, 52.9048881531, 80.3514251709, 118.482559204, 53.0498886108, 53.8665504456, 130.799423218, 134.772476196, 270.658721924, 154.434295654, 63.3600387573, 75.0878753662, 151.199172974, 139.669906616, 243.836456299, 518.051757812, 586.145080566, 493.197296143, 619.712280273, 9870.69921875, 7080.78564453, 2414.91333008, 1014.88165283, 400.677459717, 324.281066895, 181.64125061, 70.6217803955, 19.208694458, 9.80270385742, 2.82582378387, 2.34085083008, 0.166459068656, 0.0444171987474, 0.0548057630658, 0.0726554319263, 0.0245520938188, 5.4595589063e-06, 9.87362902549e-09]
    },
    "gfcc": {
        "mean": [-10.3224105835, 91.4677886963, -113.497245789, 60.084186554, -26.0829410553, 14.6829223633, -22.262588501, 12.3473596573, -14.4267272949, 4.53219079971, -15.8413734436, 6.74800729752, -15.4771633148],
        "cov": [[4228.82958984, -499.430603027, 507.368347168, -23.9784641266, -37.8354263306, 174.300933838, -29.1068954468, 105.994842529, -99.4217605591, 101.050506592, -90.2884521484, 51.7334823608, -71.9915542603], [-499.430603027, 1102.80541992, -136.835998535, -257.966583252, -236.128143311, -116.195144653, -12.6597633362, -149.980194092, 3.06981348991, -132.114990234, 29.5773715973, -178.293899536, 55.0008010864], [507.368347168, -136.835998535, 660.467468262, -3.49092912674, 7.05365419388, -6.05348396301, 0.29357650876, 64.1811065674, -2.11181640625, -1.23834359646, 12.4736480713, 2.99449944496, -73.3348236084], [-23.9784641266, -257.966583252, -3.49092912674, 293.366638184, 129.165130615, 23.0911045074, 11.2837362289, 51.0800323486, 29.5821666718, -4.76714944839, 43.9545097351, 25.4784812927, -13.2196779251], [-37.8354263306, -236.128143311, 7.05365419388, 129.165130615, 192.764282227, 55.9141540527, 41.0437698364, 25.7599983215, 20.8682460785, 32.8267326355, 3.7003531456, 55.2875747681, 9.17259979248], [174.300933838, -116.195144653, -6.05348396301, 23.0911045074, 55.9141540527, 112.608306885, 31.9048786163, -8.67560863495, 10.6228513718, 38.1270446777, -14.5825138092, 29.6809654236, 30.1416072845], [-29.1068954468, -12.6597633362, 0.29357650876, 11.2837362289, 41.0437698364, 31.9048786163, 75.3585586548, 3.21343660355, 12.9314937592, 10.5290813446, -5.34691810608, 11.9083986282, 13.6170778275], [105.994842529, -149.980194092, 64.1811065674, 51.0800323486, 25.7599983215, -8.67560863495, 3.21343660355, 96.9534454346, 6.85347652435, -1.17035913467, 16.2055988312, 10.533955574, -33.0088844299], [-99.4217605591, 3.06981348991, -2.11181640625, 29.5821666718, 20.8682460785, 10.6228513718, 12.9314937592, 6.85347652435, 56.0497970581, 10.7518520355, 6.67788171768, 7.33385753632, 7.79242372513], [101.050506592, -132.114990234, -1.23834359646, -4.76714944839, 32.8267326355, 38.1270446777, 10.5290813446, -1.17035913467, 10.7518520355, 81.80078125, -12.1503400803, 32.8446731567, 16.3566856384], [-90.2884521484, 29.5773715973, 12.4736480713, 43.9545097351, 3.7003531456, -14.5825138092, -5.34691810608, 16.2055988312, 6.67788171768, -12.1503400803, 63.0112991333, -6.18167495728, -15.1177215576], [51.7334823608, -178.293899536, 2.99449944496, 25.4784812927, 55.2875747681, 29.6809654236, 11.9083986282, 10.533955574, 7.33385753632, 32.8446731567, -6.18167495728, 83.3365631104, 18.5203857422], [-71.9915542603, 55.0008010864, -73.3348236084, -13.2196779251, 9.17259979248, 30.1416072845, 13.6170778275, -33.0088844299, 7.79242372513, 16.3566856384, -15.1177215576, 18.5203857422, 75.5992126465]],
        "icov": [[0.000349005596945, -0.000143063502037, -0.000226763513638, -0.000258121290244, 0.000367175467545, -0.000806739903055, 0.000264044880169, -0.000489544123411, 0.000765506410971, -0.00046221804223, 0.000630516267847, -0.000296657613944, 0.000406977342209], [-0.000143063502037, 0.00451133865863, 0.000202789276955, 0.00322512746789, 0.000458040711237, 0.0025557547342, -0.00183930643834, 0.00423542084172, -0.00350187136792, 0.00472980784252, -0.00450530089438, 0.00641180295497, -0.00468574045226], [-0.000226763513638, 0.000202789276955, 0.00192392186727, 0.000571781769395, -0.000276825012406, 0.00022015318973, -0.000309686380206, -0.000321849103784, -0.000670529843774, 0.000419697695179, -0.000603942433372, 8.03726652521e-05, 0.00130171480123], [-0.000258121290244, 0.00322512746789, 0.000571781769395, 0.00860888231546, -0.00405708607286, 0.00144335685764, 6.21435247012e-05, 0.0014166723704, -0.00453775469214, 0.00528386188671, -0.00657432293519, 0.00493940664455, -0.00320821255445], [0.000367175467545, 0.000458040711237, -0.000276825012406, -0.00405708607286, 0.01120547764, -0.00247991969809, -0.00356235704385, -8.87071728357e-05, 0.000395692972234, -0.00141418655403, 0.00117484619841, -0.00356140127406, 0.00064313277835], [-0.000806739903055, 0.0025557547342, 0.00022015318973, 0.00144335685764, -0.00247991969809, 0.0165509302169, -0.00478696171194, 0.00420425739139, -0.00310079474002, -0.000736611022148, -0.00196364591829, 0.00328001147136, -0.0064789718017], [0.000264044880169, -0.00183930643834, -0.000309686380206, 6.21435247012e-05, -0.00356235704385, -0.00478696171194, 0.0178277306259, -0.00313829723746, -0.000922501785681, -0.00087706791237, 0.00250848568976, -0.00163104094099, 0.000245467119385], [-0.000489544123411, 0.00423542084172, -0.000321849103784, 0.0014166723704, -8.87071728357e-05, 0.00420425739139, -0.00313829723746, 0.0186601895839, -0.00495408196002, 0.0044109756127, -0.00573956640437, 0.00365606183186, 0.000948187545873], [0.000765506410971, -0.00350187136792, -0.000670529843774, -0.00453775469214, 0.000395692972234, -0.00310079474002, -0.000922501785681, -0.00495408196002, 0.0244087632746, -0.00686314608902, 0.00252315402031, -0.00457140384242, 0.0016175401397], [-0.00046221804223, 0.00472980784252, 0.000419697695179, 0.00528386188671, -0.00141418655403, -0.000736611022148, -0.00087706791237, 0.0044109756127, -0.00686314608902, 0.0223278701305, -0.00400745263323, 0.0022689527832, -0.00548161240295], [0.000630516267847, -0.00450530089438, -0.000603942433372, -0.00657432293519, 0.00117484619841, -0.00196364591829, 0.00250848568976, -0.00573956640437, 0.00252315402031, -0.00400745263323, 0.0247740317136, -0.00604254333302, 0.00686656590551], [-0.000296657613944, 0.00641180295497, 8.03726652521e-05, 0.00493940664455, -0.00356140127406, 0.00328001147136, -0.00163104094099, 0.00365606183186, -0.00457140384242, 0.0022689527832, -0.00604254333302, 0.0268109980971, -0.0107873398811], [0.000406977342209, -0.00468574045226, 0.00130171480123, -0.00320821255445, 0.00064313277835, -0.0064789718017, 0.000245467119385, 0.000948187545873, 0.0016175401397, -0.00548161240295, 0.00686656590551, -0.0107873398811, 0.0256359856576]]
    },
    "melbands": {
        "dmean": [0.00515940319747, 0.00601110747084, 0.000632989220321, 0.000320893741446, 0.000111721376015, 7.06985374563e-05, 6.05436725891e-05, 5.40580040251e-05, 4.9432990636e-05, 3.10813520628e-05, 1.7796528482e-05, 1.64913581102e-05, 2.12887953239e-05, 1.80893657671e-05, 1.41430282383e-05, 1.92449806491e-05, 2.04652205866e-05, 2.05051746889e-05, 1.35116406454e-05, 1.22030023704e-05, 1.40210822792e-05, 4.61167655885e-05, 4.70901541121e-05, 2.66767801804e-05, 1.39505982588e-05, 9.60123088589e-06, 9.43013128563e-06, 4.72707142762e-06, 5.819495982e-06, 4.81289816889e-06, 3.17933677252e-06, 2.78856668956e-06, 1.3715264231e-06, 6.86617454448e-07, 7.09079301942e-07, 4.96032328101e-07, 3.01626045029e-07, 3.17125881111e-07, 3.29958396605e-07, 9.18135825145e-08],
        "dmean2": [0.00785584840924, 0.009999897331, 0.00106296373997, 0.000549637246877, 0.000182942123502, 0.000116519528092, 0.000100308760011, 9.02448809939e-05, 8.00438283477e-05, 4.94677697134e-05, 2.8731963539e-05, 2.72148245131e-05, 3.44950785802e-05, 2.93508219329e-05, 2.2629454179e-05, 3.11813237204e-05, 3.31899973389e-05, 3.42530584021e-05, 2.19352823478e-05, 1.95457178052e-05, 2.34230083151e-05, 7.61357514421e-05, 7.98499895609e-05, 4.36981717939e-05, 2.37265048781e-05, 1.64128305187e-05, 1.6156996935e-05, 7.78904450272e-06, 9.44465409702e-06, 7.6825499491e-06, 4.85351529278e-06, 4.44218812845e-06, 2.20978245125e-06, 1.10978351131e-06, 1.10891664917e-06, 7.75727585278e-07, 4.61464850332e-07, 4.69175347462e-07, 4.84725489969e-07, 1.44558399029e-07],
        "dvar": [7.07915751263e-05, 7.95774249127e-05, 1.20591630548e-06, 5.83546523103e-07, 4.98055143794e-08, 2.43428246449e-08, 1.53769512679e-08, 1.72124039466e-08, 1.48122314414e-08, 4.27456603447e-09, 1.17320675397e-09, 1.14104781179e-09, 1.51630352718e-09, 1.17271670153e-09, 5.6879589927e-10, 1.32383248808e-09, 1.19271437171e-09, 1.40596878584e-09, 6.98638036312e-10, 4.86110152131e-10, 9.64131774417e-10, 9.7637355978e-09, 1.18688818773e-08, 2.60581178857e-09, 1.34857558454e-09, 7.22405191222e-10, 5.84811699067e-10, 1.26901447683e-10, 1.22628865395e-10, 8.51181902739e-11, 5.462392344e-11, 3.02747132919e-11, 1.26074168466e-11, 5.31098255652e-12, 3.11768232758e-12, 2.09265677703e-12, 6.14848178881e-13, 4.11653675557e-13, 5.7250249463e-13, 5.85087262927e-14],
        "dvar2": [0.0001489440765, 0.000202735594939, 3.30922739522e-06, 1.60284923822e-06, 1.36461338229e-07, 6.61348877884e-08, 3.97372410532e-08, 4.51775221677e-08, 3.73803494824e-08, 1.07896376278e-08, 2.98051916481e-09, 3.00174063383e-09, 3.70361141755e-09, 2.81504153321e-09, 1.3822896161e-09, 3.2963576313e-09, 2.94535174028e-09, 3.64749896953e-09, 1.71960901074e-09, 1.21378262996e-09, 2.61809796065e-09, 2.63809951662e-08, 3.10184304908e-08, 6.86959511498e-09, 3.51156970169e-09, 2.01478189688e-09, 1.6001888703e-09, 3.23003318536e-10, 3.04465397338e-10, 2.01573452374e-10, 1.24601176599e-10, 7.61693208506e-11, 3.36719645222e-11, 1.51278798516e-11, 8.02847024972e-12, 5.46169316371e-12, 1.47211214573e-12, 8.95780736913e-13, 1.2836341148e-12, 1.48771430288e-13],
        "max": [0.0836778059602, 0.0881063565612, 0.0179225299507, 0.0112137747929, 0.00388505938463, 0.00267848558724, 0.0016893959837, 0.00228276336566, 0.00191088241991, 0.000901184626855, 0.000426054059062, 0.000444330711616, 0.000537774700206, 0.000458366936073, 0.00025606478448, 0.000473759922897, 0.000440152245574, 0.000544667011127, 0.000371875183191, 0.000241569607169, 0.000545483664609, 0.00192807242274, 0.00182354310527, 0.000588900817093, 0.000556222337764, 0.000440727570094, 0.000361160404282, 0.000250456098001, 0.000127796098241, 0.000116922696179, 0.00014287144586, 6.49362918921e-05, 7.47874219087e-05, 4.9604310334e-05, 3.76836869691e-05, 3.0810093449e-05, 1.34956417241e-05, 1.04641185317e-05, 1.60158087965e-05, 3.85446537621e-06],
        "mean": [0.00671384204179, 0.00776030542329, 0.000934070965741, 0.000412404508097, 0.000180303162779, 0.000112613452075, 8.79619983607e-05, 7.17977964086e-05, 7.58717724239e-05, 5.1677106967e-05, 2.81774100586e-05, 2.15173531615e-05, 3.05855719489e-05, 2.76263799606e-05, 2.32845286519e-05, 3.07172995235e-05, 3.26707522618e-05, 3.12014344672e-05, 1.75185177795e-05, 1.71127267095e-05, 1.8376398657e-05, 5.88368202443e-05, 5.21545989614e-05, 3.39785583492e-05, 1.63685872394e-05, 1.15252123578e-05, 1.11478439067e-05, 5.81515769227e-06, 7.18338378647e-06, 5.94138373344e-06, 4.30796808359e-06, 3.65277537639e-06, 1.82289068107e-06, 9.07720846044e-07, 1.00946738257e-06, 6.55230735447e-07, 4.03485643119e-07, 4.91249807055e-07, 5.01847466694e-07, 1.00234608169e-07],
        "median": [0.00221746205352, 0.0032608199399, 0.000454349617939, 0.000152479420649, 8.1053483882e-05, 6.37898774585e-05, 2.54446349572e-05, 1.77759429789e-05, 2.67054456344e-05, 3.00073534163e-05, 1.39061521622e-05, 9.96155176836e-06, 1.56712485477e-05, 1.06074367068e-05, 1.21551984194e-05, 1.39581788972e-05, 1.57119939104e-05, 1.62954529515e-05, 6.5734780037e-06, 9.57116026257e-06, 8.67486869538e-06, 2.81654738501e-05, 2.06144886761e-05, 1.56966416398e-05, 5.28966938873e-06, 3.62101036444e-06, 4.04447109759e-06, 2.53854045695e-06, 2.89503032036e-06, 2.20001993512e-06, 1.40683937389e-06, 1.60056265486e-06, 7.60589443871e-07, 3.63555443528e-07, 3.95005315568e-07, 2.2257390242e-07, 1.26066098005e-07, 1.5108561513e-07, 1.11703414518e-07, 2.25232454909e-08],
        "min": [2.87845499331e-23, 1.12932514665e-23, 1.2881328654e-23, 6.08175470324e-24, 1.13717044724e-23, 3.29433204958e-24, 9.78148552745e-24, 4.85855447778e-24, 3.06327409879e-24, 1.16551516619e-23, 7.58762942901e-24, 6.50804251464e-24, 9.12095414771e-24, 4.00209332058e-24, 8.16385839926e-24, 3.60547575111e-24, 6.27988816364e-24, 4.94864199873e-24, 5.46155699272e-24, 4.49722857306e-24, 5.4577345672e-24, 6.90288948581e-24, 7.84353275122e-24, 8.80844926669e-24, 1.20824642037e-23, 2.1943480321e-23, 1.79887028775e-23, 1.16603833875e-23, 1.02596322659e-23, 1.02425715711e-23, 1.11841559476e-23, 1.27635304216e-23, 8.94773764786e-24, 1.2259687328e-23, 9.35222607702e-24, 7.09427108572e-24, 7.30354562869e-24, 6.34994335076e-24, 1.21169074485e-23, 1.27215803764e-23],
        "var": [0.000107615582237, 0.000111757610284, 1.6569657646e-06, 6.66380117309e-07, 6.89004622245e-08, 2.8247466588e-08, 2.65746606942e-08, 1.95142533244e-08, 1.7922591411e-08, 5.30365351636e-09, 1.59548885215e-09, 1.20338006226e-09, 1.91245397296e-09, 1.9874422108e-09, 9.19120834997e-10, 2.25542051702e-09, 1.99553107372e-09, 2.43230346975e-09, 8.220716885e-10, 5.24960186432e-10, 8.82176220962e-10, 9.26073173702e-09, 1.13104752231e-08, 3.2923817006e-09, 1.71444691777e-09, 6.83652023881e-10, 4.95576135684e-10, 1.24416255076e-10, 1.37254541066e-10, 1.10098277717e-10, 7.85385645408e-11, 3.43044689877e-11, 1.21598391079e-11, 4.11840700432e-12, 3.66069110788e-12, 2.15157427465e-12, 7.67580985751e-13, 8.05289103629e-13, 1.11137455575e-12, 5.6726938278e-14]
    },
    "mfcc": {
        "mean": [-654.317504883, 117.677459717, -12.3461523056, 52.9442558289, 17.8114566803, 19.4906044006, 6.15237617493, 16.0070495605, 7.13489627838, 2.97836685181, 6.67453145981, 10.9929294586, -5.35935211182],
        "cov": [[3387.94140625, -307.509277344, 297.13381958, -115.808143616, 35.7657012939, 38.0186042786, 95.3239059448, -11.4839344025, 59.9759674072, -14.4065999985, 31.9576625824, 61.8572120667, -53.5051307678], [-307.509277344, 946.091003418, 93.2100296021, -225.522857666, -199.199981689, -83.5397720337, -62.9895515442, -120.204093933, -26.3328475952, -39.5116386414, -70.5115661621, -2.86029005051, -53.8778686523], [297.13381958, 93.2100296021, 489.54309082, 3.30841398239, 19.9916744232, -80.0383300781, 20.5481147766, 22.2043781281, -54.6731491089, 47.6930885315, -5.84487009048, 4.52178573608, 47.2399673462], [-115.808143616, -225.522857666, 3.30841398239, 225.213302612, 101.511489868, -5.33270454407, 29.4453582764, 72.2273101807, -31.0107765198, 46.1252174377, 18.4438018799, -8.14341163635, 50.7633094788], [35.7657012939, -199.199981689, 19.9916744232, 101.511489868, 143.694915771, 31.8753013611, 27.8048419952, 46.0402870178, 3.34981656075, 21.5036697388, 20.2203617096, 3.83559536934, 24.8544216156], [38.0186042786, -83.5397720337, -80.0383300781, -5.33270454407, 31.8753013611, 180.80116272, 9.79606819153, -13.2910251617, 76.508605957, -33.1631889343, 14.5566043854, 10.1154727936, -40.1226806641], [95.3239059448, -62.9895515442, 20.5481147766, 29.4453582764, 27.8048419952, 9.79606819153, 77.7363357544, 24.5836639404, 0.572471797466, 12.0555458069, 10.1338214874, 2.70159196854, 10.309887886], [-11.4839344025, -120.204093933, 22.2043781281, 72.2273101807, 46.0402870178, -13.2910251617, 24.5836639404, 99.5947265625, -19.3239898682, 27.7747135162, 11.6895427704, -1.56440281868, 26.9181137085], [59.9759674072, -26.3328475952, -54.6731491089, -31.0107765198, 3.34981656075, 76.508605957, 0.572471797466, -19.3239898682, 118.113517761, -31.7600078583, 8.43855571747, 12.1099205017, -36.9666976929], [-14.4065999985, -39.5116386414, 47.6930885315, 46.1252174377, 21.5036697388, -33.1631889343, 12.0555458069, 27.7747135162, -31.7600078583, 80.8379669189, 6.84127235413, -3.50167369843, 28.7224349976], [31.9576625824, -70.5115661621, -5.84487009048, 18.4438018799, 20.2203617096, 14.5566043854, 10.1338214874, 11.6895427704, 8.43855571747, 6.84127235413, 58.5170249939, 1.824239254, 0.578404068947], [61.8572120667, -2.86029005051, 4.52178573608, -8.14341163635, 3.83559536934, 10.1154727936, 2.70159196854, -1.56440281868, 12.1099205017, -3.50167369843, 1.824239254, 48.6057167053, -2.98985815048], [-53.5051307678, -53.8778686523, 47.2399673462, 50.7633094788, 24.8544216156, -40.1226806641, 10.309887886, 26.9181137085, -36.9666976929, 28.7224349976, 0.578404068947, -2.98985815048, 81.5218887329]],
