{
"lowlevel": {
    "average_loudness": 0.84545570612,
    "barkbands_crest": {
        "dmean": 2.00728464127,
        "dmean2": 3.24310827255,
        "dvar": 3.4698009491,
        "dvar2": 8.63663387299,
        "max": 23.319360733,
        "mean": 9.92733001709,
        "median": 9.31973552704,
        "min": 3.0756521225,
        "var": 13.1505842209
    },
    "barkbands_flatness_db": {
        "dmean": 0.0208606701344,
        "dmean2": 0.028572993353,
        "dvar": 0.000424647587352,
        "dvar2": 0.000797230110038,
        "max": 0.37572067976,
        "mean": 0.179821357131,
        "median": 0.177154794335,
        "min": 0.0523951761425,
        "var": 0.00265022506937
    },
    "barkbands_kurtosis": {
        "dmean": 2.35654258728,
        "dmean2": 3.60641145706,
        "dvar": 13.9268598557,
        "dvar2": 32.7648200989,
        "max": 73.402053833,
        "mean": 5.14393424988,
        "median": 3.04744315147,
        "min": -1.53112435341,
        "var": 47.6262207031
    },
    "barkbands_skewness": {
        "dmean": 0.414927065372,
        "dmean2": 0.623280346394,
        "dvar": 0.1634798944,
        "dvar2": 0.377295970917,
        "max": 6.65869665146,
        "mean": 1.73368179798,
        "median": 1.64239382744,
        "min": -1.96745800972,
        "var": 1.14341306686
    },
    "barkbands_spread": {
        "dmean": 2.75043725967,
        "dmean2": 4.0833234787,
        "dvar": 8.29328632355,
        "dvar2": 17.2497291565,
        "max": 53.1802482605,
        "mean": 13.6671352386,
        "median": 12.3824100494,
        "min": 1.01466274261,
        "var": 52.8858413696
    },
    "dissonance": {
        "dmean": 0.0241235885769,
        "dmean2": 0.0408100374043,
        "dvar": 0.000556585786399,
        "dvar2": 0.00146205257624,
        "max": 0.5,
        "mean": 0.451172113419,
        "median": 0.45763617754,
        "min": 0.168418169022,
        "var": 0.00114741490688
    },
    "dynamic_complexity": 2.31199765205,
    "erbbands_crest": {
        "dmean": 2.60190272331,
        "dmean2": 4.09557723999,
        "dvar": 6.13613414764,
        "dvar2": 14.2206144333,
        "max": 27.9562854767,
        "mean": 9.69724464417,
        "median": 8.76657295227,
        "min": 2.38993811607,
        "var": 20.478679657
    },
    "erbbands_flatness_db": {
        "dmean": 0.0172887574881,
        "dmean2": 0.0226179510355,
        "dvar": 0.000308411748847,
        "dvar2": 0.00051683554193,
        "max": 0.32232093811,
        "mean": 0.190572202206,
        "median": 0.193586066365,
        "min": 0.0812603011727,
        "var": 0.00251440610737
    },
    "erbbands_kurtosis": {
        "dmean": 0.821675300598,
        "dmean2": 1.27601122856,
        "dvar": 1.0562993288,
        "dvar2": 2.42798805237,
        "max": 16.3208332062,
        "mean": 0.758971869946,
        "median": 0.276531219482,
        "min": -1.58169877529,
        "var": 3.54679179192
    },
    "erbbands_skewness": {
        "dmean": 0.301193028688,
        "dmean2": 0.460870265961,
        "dvar": 0.0752680525184,
        "dvar2": 0.172283306718,
        "max": 3.26293182373,
        "mean": 0.479707717896,
        "median": 0.396684110165,
        "min": -1.42441606522,
        "var": 0.449398368597
    },
    "erbbands_spread": {
        "dmean": 5.6267323494,
        "dmean2": 8.22854804993,
        "dvar": 34.7594184875,
        "dvar2": 67.2165222168,
        "max": 122.54511261,
        "mean": 31.3085651398,
        "median": 27.8722343445,
        "min": 7.23611164093,
        "var": 258.036865234
    },
    "hfc": {
        "dmean": 3.80465555191,
        "dmean2": 5.60483837128,
        "dvar": 33.6344604492,
        "dvar2": 77.4282608032,
        "max": 83.0585174561,
        "mean": 14.8582687378,
        "median": 12.725771904,
        "min": 1.1823097636e-16,
        "var": 102.262245178
    },
    "melbands_crest": {
        "dmean": 2.70565581322,
        "dmean2": 4.41068935394,
        "dvar": 6.1049823761,
        "dvar2": 16.686662674,
        "max": 30.941740036,
        "mean": 14.447095871,
        "median": 14.0756168365,
        "min": 2.78290486336,
        "var": 21.4498748779
    },
    "melbands_flatness_db": {
        "dmean": 0.0211947932839,
        "dmean2": 0.0301270000637,
        "dvar": 0.000458169495687,
        "dvar2": 0.000939874851611,
        "max": 0.491762369871,
        "mean": 0.243181943893,
        "median": 0.239637374878,
        "min": 0.00956431590021,
        "var": 0.00363216875121
    },
    "melbands_kurtosis": {
        "dmean": 4.99115991592,
        "dmean2": 7.66949319839,
        "dvar": 77.6822280884,
        "dvar2": 162.083511353,
        "max": 198.680526733,
        "mean": 12.4373340607,
        "median": 7.63613510132,
        "min": -1.25877511501,
        "var": 300.871734619
    },
    "melbands_skewness": {
        "dmean": 0.561874032021,
        "dmean2": 0.85833722353,
        "dvar": 0.337155818939,
        "dvar2": 0.738766074181,
        "max": 11.0680503845,
        "mean": 2.51248002052,
        "median": 2.30702829361,
        "min": -0.43047311902,
        "var": 2.34516239166
    },
    "melbands_spread": {
        "dmean": 3.29596543312,
        "dmean2": 4.93875026703,
        "dvar": 20.1888847351,
        "dvar2": 40.4953804016,
        "max": 144.036026001,
        "mean": 15.2097921371,
        "median": 13.1413402557,
        "min": 0.873615086079,
        "var": 89.8496322632
    },
    "pitch_salience": {
        "dmean": 0.0626872330904,
        "dmean2": 0.100847370923,
        "dvar": 0.00353965908289,
        "dvar2": 0.0087733566761,
        "max": 0.981412470341,
        "mean": 0.527040421963,
        "median": 0.533481180668,
        "min": 0.143128499389,
        "var": 0.0121598057449
    },
    "silence_rate_20dB": {
        "dmean": 0,
        "dmean2": 0,
        "dvar": 0,
        "dvar2": 0,
        "max": 1,
        "mean": 1,
        "median": 1,
        "min": 1,
        "var": 0
    },
    "silence_rate_30dB": {
        "dmean": 0.0154718924314,
        "dmean2": 0.030959751457,
        "dvar": 0.0152327306569,
        "dvar2": 0.0382574647665,
        "max": 1,
        "mean": 0.988659799099,
        "median": 1,
        "min": 0,
        "var": 0.0112115154043
    },
    "silence_rate_60dB": {
        "dmean": 0.00979886576533,
        "dmean2": 0.0196078438312,
        "dvar": 0.00970234256238,
        "dvar2": 0.0223200526088,
        "max": 1,
        "mean": 0.0283505152911,
        "median": 0,
        "min": 0,
        "var": 0.0275475438684
    },
    "spectral_centroid": {
        "dmean": 141.8074646,
        "dmean2": 211.045394897,
        "dvar": 54068.3945312,
        "dvar2": 67305.9375,
        "max": 11127.8662109,
        "mean": 865.310302734,
        "median": 775.348144531,
        "min": 181.783248901,
        "var": 196216.71875
    },
    "spectral_complexity": {
        "dmean": 3.1026301384,
        "dmean2": 4.61506700516,
        "dvar": 9.49796104431,
        "dvar2": 17.3843593597,
        "max": 45,
        "mean": 17.5747413635,
        "median": 16,
        "min": 0,
        "var": 50.7660331726
    },
    "spectral_decrease": {
        "dmean": 2.28306284988e-09,
        "dmean2": 3.5380001151e-09,
        "dvar": 1.52725863741e-17,
        "dvar2": 3.6616397203e-17,
        "max": -1.14644207377e-29,
        "mean": -8.23041901299e-09,
        "median": -7.15622183733e-09,
        "min": -5.31975992146e-08,
        "var": 3.71503621408e-17
    },
    "spectral_energy": {
        "dmean": 0.00889881141484,
        "dmean2": 0.0137674296275,
        "dvar": 0.00023114666692,
        "dvar2": 0.000553684600163,
        "max": 0.205206394196,
        "mean": 0.0324112251401,
        "median": 0.0283223092556,
        "min": 1.07671604254e-20,
        "var": 0.000562813482247
    },
    "spectral_energyband_high": {
        "dmean": 0.000101778336102,
        "dmean2": 0.000130732296384,
        "dvar": 4.18412362535e-08,
        "dvar2": 5.79296823844e-08,
        "max": 0.00473464932293,
        "mean": 0.00028732654755,
        "median": 0.000117903502542,
        "min": 7.69257047821e-21,
        "var": 2.58513665585e-07
    },
    "spectral_energyband_low": {
        "dmean": 0.00387924094684,
        "dmean2": 0.00618078559637,
        "dvar": 4.89345329697e-05,
        "dvar2": 0.000122482189909,
        "max": 0.141652747989,
        "mean": 0.0131056299433,
        "median": 0.00924065336585,
        "min": 1.562615061e-22,
        "var": 0.000214846222661
    },
    "spectral_energyband_middle_high": {
        "dmean": 0.00124827388208,
        "dmean2": 0.00185685080942,
        "dvar": 2.39810560743e-06,
        "dvar2": 5.54496773475e-06,
        "max": 0.0194272659719,
        "mean": 0.0041353427805,
        "median": 0.00317452196032,
        "min": 1.68082959107e-21,
        "var": 1.15333714348e-05
    },
    "spectral_energyband_middle_low": {
        "dmean": 0.00735196657479,
        "dmean2": 0.0116395447403,
        "dvar": 0.000174496075488,
        "dvar2": 0.000434000859968,
        "max": 0.150668039918,
        "mean": 0.0178641919047,
        "median": 0.0135049931705,
        "min": 3.7216776288e-22,
        "var": 0.000287386035779
    },
    "spectral_entropy": {
        "dmean": 0.146289497614,
        "dmean2": 0.207368731499,
        "dvar": 0.0239095743746,
        "dvar2": 0.044031649828,
        "max": 9.80008220673,
        "mean": 7.21457290649,
        "median": 7.23942995071,
        "min": 5.92566585541,
        "var": 0.154127061367
    },
    "spectral_flux": {
        "dmean": 0.0216576177627,
        "dmean2": 0.033104762435,
        "dvar": 0.000788346398622,
        "dvar2": 0.00158100947738,
        "max": 0.329201310873,
        "mean": 0.0757534876466,
        "median": 0.0647638961673,
        "min": 1.03764927206e-10,
        "var": 0.00198086933233
    },
    "spectral_kurtosis": {
        "dmean": 2.7164504528,
        "dmean2": 4.6476855278,
        "dvar": 11.4418821335,
        "dvar2": 32.6504135132,
        "max": 42.9771194458,
        "mean": 7.01449298859,
        "median": 5.98413705826,
        "min": -1.23350346088,
        "var": 23.4461421967
    },
    "spectral_rms": {
        "dmean": 0.000702340563294,
        "dmean2": 0.00106135138776,
        "dvar": 8.35488265238e-07,
        "dvar2": 1.88187186723e-06,
        "max": 0.0141492532566,
        "mean": 0.00526464963332,
        "median": 0.00525656808168,
        "min": 3.24107190738e-12,
        "var": 3.90419563701e-06
    },
    "spectral_rolloff": {
        "dmean": 183.614746094,
        "dmean2": 294.697906494,
        "dvar": 185030.171875,
        "dvar2": 260251.46875,
        "max": 18475.4882812,
        "mean": 859.186645508,
        "median": 710.595703125,
        "min": 129.19921875,
        "var": 459979.875
    },
    "spectral_skewness": {
        "dmean": 0.275937259197,
        "dmean2": 0.452754288912,
        "dvar": 0.0882695540786,
        "dvar2": 0.237562909722,
        "max": 4.97504472733,
        "mean": 1.87571072578,
        "median": 1.82051348686,
        "min": -0.0118856932968,
        "var": 0.297061294317
    },
    "spectral_spread": {
        "dmean": 397284.375,
        "dmean2": 543690.375,
        "dvar": 646885605376,
        "dvar2": 807064371200,
        "max": 41015808,
        "mean": 3460408.75,
        "median": 3153827,
        "min": 1193265,
        "var": 2.36636418867e+12
    },
    "spectral_strongpeak": {
        "dmean": 0.395341366529,
        "dmean2": 0.669677078724,
        "dvar": 0.316562384367,
        "dvar2": 0.789970219135,
        "max": 5.07904863358,
        "mean": 0.902334630489,
        "median": 0.586786568165,
        "min": 1.01918795625e-09,
        "var": 0.674093842506
    },
    "zerocrossingrate": {
        "dmean": 0.00566597655416,
        "dmean2": 0.00672054383904,
        "dvar": 0.000149041516124,
        "dvar2": 0.000182852963917,
        "max": 0.49560546875,
        "mean": 0.0377459041774,
        "median": 0.0341796875,
        "min": 0.0048828125,
        "var": 0.000418111274485
    },
    "barkbands": {
        "dmean": [3.39850998898e-06, 0.000968273263425, 0.00250176922418, 0.00316480034962, 0.00282646273263, 0.00100372114684, 0.00186200102326, 0.000730600848328, 0.000932772119995, 0.00054469902534, 0.000426555459853, 0.00030650140252, 0.000218393630348, 0.000185213328223, 0.000147484475747, 0.000136129165185, 0.000127330786199, 9.44283601712e-05, 5.04180570715e-05, 4.35500041931e-05, 3.16718687827e-05, 2.67080358753e-05, 1.6593183318e-05, 1.8811211703e-05, 9.20348611544e-06, 7.40231644158e-06, 3.13180589728e-06],
        "dmean2": [6.05379818808e-06, 0.00158508843742, 0.0039638178423, 0.00530839106068, 0.00466491421685, 0.00156414345838, 0.00298006134108, 0.00113496277481, 0.00145083107054, 0.000842369743623, 0.000667773419991, 0.000475917273434, 0.0003429131757, 0.000285374786472, 0.000243615781073, 0.000211063175811, 0.0002005740389, 0.000141534721479, 7.73836291046e-05, 6.47950146231e-05, 4.78960828332e-05, 3.83844308089e-05, 2.31835310842e-05, 2.5802066375e-05, 1.27622788568e-05, 1.08279291453e-05, 5.11473263032e-06],
        "dvar": [3.97247928996e-11, 2.78624361272e-06, 2.15088930418e-05, 4.01917241106e-05, 2.61589448201e-05, 5.34634091309e-06, 2.57155425061e-05, 2.14505962504e-06, 2.91288915832e-06, 8.72266298302e-07, 5.30468184934e-07, 2.10803520417e-07, 1.26292093228e-07, 7.15820718256e-08, 6.73625351055e-08, 3.81518816539e-08, 3.70118975468e-08, 3.28494387247e-08, 8.47076897514e-09, 7.57037632582e-09, 3.18352832984e-09, 4.86425522084e-09, 3.02458347257e-09, 4.74740691203e-09, 4.60484317344e-10, 4.00973337866e-10, 1.14761505854e-10],
        "dvar2": [1.13924002176e-10, 6.81269193592e-06, 5.27350712218e-05, 0.000106050065369, 6.71631423756e-05, 1.21392467918e-05, 6.92510875524e-05, 4.74055923405e-06, 6.41241649646e-06, 1.88476531093e-06, 1.36962512443e-06, 4.59061595848e-07, 2.86053705167e-07, 1.55779133593e-07, 1.81797901178e-07, 8.87774049829e-08, 9.00785863678e-08, 7.74949029392e-08, 1.98358716119e-08, 1.68521143706e-08, 7.42467376469e-09, 9.46107014954e-09, 6.39279429393e-09, 9.40822086903e-09, 8.42155012393e-10, 8.35542302013e-10, 2.87141421751e-10],
        "max": [7.29692474124e-05, 0.0280744507909, 0.0771682411432, 0.0884352177382, 0.0610106661916, 0.0370561257005, 0.0791946947575, 0.0306833591312, 0.025809135288, 0.0146923987195, 0.0100249499083, 0.0111664924771, 0.00549397384748, 0.00420954637229, 0.00363815273158, 0.00260298559442, 0.00255901110359, 0.00438062706962, 0.00137565028854, 0.00171555927955, 0.00107565394137, 0.00163353246171, 0.00121501949616, 0.00165680947248, 0.000387268228224, 0.000214412357309, 0.000152158318087],
        "mean": [3.51859148395e-06, 0.00257107522339, 0.00766497431323, 0.00513126840815, 0.00474804220721, 0.00161411077715, 0.00311931897886, 0.00136386917438, 0.00169182219543, 0.000971053086687, 0.000792138511315, 0.000594653305598, 0.000396482355427, 0.000352552800905, 0.000262360728811, 0.000271293713013, 0.000245815172093, 0.00018698401982, 9.38323064474e-05, 9.39397286857e-05, 7.59292306611e-05, 6.00406674494e-05, 3.54024268745e-05, 4.12239678553e-05, 1.66897425515e-05, 1.00120569186e-05, 2.85440546577e-06],
        "median": [1.2499793911e-06, 0.000810834462754, 0.0041936119087, 0.0024972606916, 0.00275861867703, 0.000637321267277, 0.00101738818921, 0.000390091212466, 0.000603867229074, 0.00040850037476, 0.000288882700261, 0.000332049559802, 0.000184678836376, 0.000206008699024, 0.000143271085108, 0.000151970874867, 0.00015365582658, 0.000105701532448, 4.6217101044e-05, 3.86518549931e-05, 3.71402784367e-05, 2.24409268412e-05, 4.79523441754e-06, 7.69191501604e-06, 1.96954852072e-06, 3.78897595965e-07, 1.12526645779e-08],
        "min": [2.7950458899e-23, 8.05472422619e-23, 2.89296593189e-23, 2.4465145202e-23, 6.05454215745e-23, 2.83564698297e-23, 4.31202667282e-23, 1.15465431858e-22, 5.29649415919e-23, 1.68051076505e-22, 4.60314569247e-23, 4.85151413086e-23, 4.81031224132e-23, 9.18393001818e-23, 5.65336031767e-23, 4.40543727033e-23, 2.21199500832e-22, 2.50615606495e-22, 5.44428074957e-22, 3.37325606853e-22, 3.99585690181e-22, 3.47540535161e-22, 5.23513845125e-22, 7.37083710473e-22, 1.37619730838e-21, 2.25510255861e-21, 2.05841027767e-21],
        "var": [3.89333981721e-11, 1.44882178574e-05, 9.6817719168e-05, 6.0375634348e-05, 3.55957126885e-05, 1.08242966235e-05, 4.38960450992e-05, 7.54578422857e-06, 8.44941951073e-06, 2.71395947493e-06, 1.44510295286e-06, 7.30707711227e-07, 3.58258887445e-07, 1.87365145621e-07, 1.14353078118e-07, 1.03312181921e-07, 7.57295381959e-08, 5.76574379352e-08, 1.75861174512e-08, 2.63107082787e-08, 1.23806449537e-08, 1.74622538651e-08, 1.0598093958e-08, 1.70593867921e-08, 1.42564848815e-09, 6.65842270209e-10, 1.02477887287e-10]
    },
    "erbbands": {
        "dmean": [0.00819610338658, 0.294396311045, 2.24111294746, 6.68620681763, 12.5270414352, 8.43605136871, 5.14150714874, 10.4535684586, 23.6245326996, 23.5878105164, 14.6116552353, 21.3926734924, 16.2194824219, 21.1460380554, 10.7151346207, 11.2608041763, 9.57469272614, 9.36107540131, 7.57676649094, 6.15264844894, 7.39676618576, 6.94277429581, 5.54284334183, 3.33249545097, 2.02335929871, 1.99752771854, 1.47636842728, 1.22347867489, 0.973418533802, 0.648064494133, 0.477168560028, 0.382360309362, 0.353571683168, 0.120214045048, 0.0652501285076, 0.0282304864377, 0.013091522269, 0.00651821680367, 0.000318512611557, 1.35529926411e-05],
        "dmean2": [0.0133036971092, 0.479809105396, 3.5593764782, 10.90969944, 20.4935703278, 13.743434906, 8.20733451843, 16.6629924774, 37.7021369934, 36.9268875122, 22.2470684052, 32.980670929, 25.3258857727, 33.309009552, 16.4184703827, 17.5395088196, 14.9456281662, 14.6943454742, 11.9003896713, 9.98822021484, 11.4275417328, 10.8070020676, 8.39376354218, 4.83602952957, 2.98483276367, 3.00610923767, 2.24369668961, 1.87575268745, 1.37992560863, 0.910257697105, 0.679674565792, 0.527969062328, 0.489474058151, 0.159359529614, 0.0941786766052, 0.0410075522959, 0.0191461481154, 0.0100413728505, 0.000518866872881, 2.06484437513e-05],
        "dvar": [0.000216591521166, 0.249580964446, 16.6300258636, 172.207641602, 617.866210938, 207.129257202, 130.055831909, 686.968017578, 5447.95361328, 2543.73754883, 765.752258301, 1700.47265625, 891.854187012, 1209.20581055, 324.738464355, 297.822479248, 228.93888855, 191.004501343, 154.402587891, 105.527229309, 109.787963867, 117.066596985, 112.160110474, 34.7723808289, 13.3220853806, 16.780298233, 7.69145917892, 5.60774612427, 6.74142408371, 3.56487178802, 2.8875002861, 1.46002197266, 2.10586237907, 0.0929129570723, 0.0246265791357, 0.00536068389192, 0.00127691356465, 0.00040532569983, 1.22768790334e-06, 5.51881651489e-10],
        "dvar2": [0.000488449935801, 0.618947923183, 40.6878242493, 451.502532959, 1586.1541748, 549.871398926, 338.798278809, 1601.0859375, 14765.3066406, 6049.93115234, 1636.46459961, 3738.09960938, 2018.86437988, 3195.87353516, 721.887390137, 625.266906738, 512.404418945, 429.75958252, 393.708007812, 276.938201904, 253.12387085, 278.567657471, 266.87802124, 75.0700531006, 28.9268131256, 37.0652580261, 18.2653675079, 13.2861022949, 12.582362175, 7.55062103271, 6.07700061798, 2.72093486786, 4.2429189682, 0.145871162415, 0.0544159151614, 0.0113312741742, 0.00276687019505, 0.000928059627768, 3.090763812e-06, 1.26618482366e-09],
        "max": [0.266678094864, 8.08697891235, 78.4944534302, 258.490509033, 331.377868652, 184.985626221, 166.158920288, 426.391662598, 1282.86523438, 1104.70031738, 709.558044434, 670.648864746, 467.151947021, 422.437408447, 388.173522949, 519.891845703, 281.951385498, 217.348220825, 205.853012085, 137.331054688, 139.923034668, 141.887451172, 258.451019287, 93.9313964844, 63.9062004089, 83.7146224976, 49.943359375, 51.4815254211, 70.835395813, 44.8807754517, 41.6806602478, 28.6445636749, 40.6226348877, 6.8573884964, 1.67354857922, 0.83208835125, 0.410034030676, 0.267968475819, 0.0146801723167, 0.000266500370344],
        "mean": [0.0239330939949, 0.844299435616, 6.85849237442, 15.2972574234, 18.6564254761, 14.6140098572, 8.51978778839, 15.9799947739, 38.0145492554, 42.5296707153, 29.11769104, 39.1878051758, 31.0075531006, 40.3984565735, 22.5185623169, 23.287322998, 19.7727127075, 19.6644535065, 15.0845661163, 12.7282438278, 15.6543970108, 14.1137294769, 11.2323217392, 6.70254564285, 4.21355390549, 4.3818655014, 3.33976840973, 2.89146471024, 2.23462414742, 1.40854406357, 1.01667881012, 0.814043462276, 0.721984624863, 0.244244903326, 0.0977618247271, 0.0384443700314, 0.0172270312905, 0.00737689062953, 0.000303343695123, 4.21022814407e-05],
        "median": [0.0104592181742, 0.425376713276, 4.10745191574, 9.09145545959, 9.99660873413, 8.11507797241, 4.95851612091, 6.06719207764, 11.8781557083, 15.3081407547, 10.4262504578, 14.1161966324, 14.2293367386, 18.4706306458, 11.2541980743, 12.8952798843, 10.8174781799, 11.8054294586, 9.50976848602, 8.21510219574, 9.19504070282, 8.70412063599, 6.50614070892, 3.40587759018, 1.93474054337, 1.87942457199, 1.52375650406, 1.42963290215, 0.896544575691, 0.312744498253, 0.120320379734, 0.150754183531, 0.122608721256, 0.0372409373522, 0.00751786166802, 0.00234890170395, 0.00057973706862, 9.41248435993e-05, 2.24701179832e-05, 3.48394532921e-05],
        "min": [3.94221637973e-21, 1.19004947998e-20, 2.81368005676e-20, 7.8259137701e-20, 7.06695810974e-20, 1.84681952877e-19, 3.55637567272e-19, 2.63581748425e-19, 6.96654251928e-19, 4.33478235594e-19, 3.22566834683e-18, 1.52614616221e-18, 2.98436632047e-18, 5.01139185027e-18, 2.51790138866e-18, 2.13739561855e-18, 2.13429699998e-18, 4.27178402199e-18, 3.06757862214e-18, 2.68647500724e-18, 4.11725965253e-18, 1.28502938294e-17, 1.65627548648e-17, 2.37537337147e-17, 2.08305518762e-17, 1.74873128334e-17, 1.32918353958e-17, 1.63555940978e-17, 1.28368389096e-17, 1.66289756359e-17, 1.36671992044e-17, 1.19847568518e-17, 1.45126290756e-17, 1.30525047476e-17, 1.09342159672e-17, 7.02248960379e-18, 4.83259634728e-18, 1.31194495085e-18, 2.8767149676e-19, 3.21244282744e-20],
        "var": [0.00143872189801, 1.18835639954, 65.8457794189, 482.488220215, 747.404052734, 310.044616699, 161.856002808, 1175.90209961, 8040.42529297, 6612.77197266, 2523.62304688, 5247.16162109, 2353.68432617, 3141.37353516, 1321.26135254, 1169.68481445, 700.661132812, 520.591796875, 315.574157715, 211.375228882, 302.791931152, 252.172393799, 192.228637695, 82.2694015503, 38.0019264221, 56.0093383789, 25.7706661224, 20.5279464722, 23.6054477692, 12.4534091949, 9.88532161713, 5.48363018036, 6.49753236771, 0.385515123606, 0.0471637882292, 0.00867141969502, 0.00205035461113, 0.000484513439005, 1.06836137093e-06, 1.11221920562e-09]
    },
    "gfcc": {
        "mean": [-21.9256496429, 135.309341431, -129.754989624, 26.2769470215, -56.1925468445, 5.75537776947, -34.4350967407, -1.65258073807, -21.1154518127, -12.8251361847, -17.9776153564, -13.1070747375, -9.72364330292],
        "cov": [[4576.54980469, -1218.53503418, 729.658081055, 209.411636353, -80.8807144165, 273.334442139, -63.4213485718, 264.492919922, -241.803375244, 303.858398438, -360.320068359, 232.823410034, -418.115447998], [-1218.53503418, 1346.04370117, -390.906341553, 0.252111941576, 61.7290267944, -213.324890137, 201.94694519, -181.739700317, 227.318695068, -201.917480469, 192.506378174, -204.965881348, 192.902984619], [729.658081055, -390.906341553, 964.688049316, 55.4302711487, 160.607666016, 62.0159187317, 4.17953920364, 196.99407959, -84.9032211304, 163.532058716, -145.522918701, 192.46697998, -196.085525513], [209.411636353, 0.252111941576, 55.4302711487, 386.301116943, -11.8082733154, 86.5083312988, 7.03342723846, -10.3451795578, 38.8085098267, -37.365814209, 46.0925827026, -57.6113052368, 30.03540802], [-80.8807144165, 61.7290267944, 160.607666016, -11.8082733154, 325.44418335, 21.2081260681, 63.4070358276, 85.444694519, -16.843580246, 34.7255096436, -34.8182868958, 52.3000183105, -30.3662414551], [273.334442139, -213.324890137, 62.0159187317, 86.5083312988, 21.2081260681, 280.221710205, 58.6345329285, 28.3114852905, -42.588180542, 5.75011253357, -20.4081230164, 1.00552511215, -2.35861587524], [-63.4213485718, 201.94694519, 4.17953920364, 7.03342723846, 63.4070358276, 58.6345329285, 220.930633545, 0.482850700617, 16.3827915192, -9.70152568817, -28.8246994019, -22.9474010468, 6.6383767128], [264.492919922, -181.739700317, 196.99407959, -10.3451795578, 85.444694519, 28.3114852905, 0.482850700617, 155.388092041, -21.0751094818, 46.7312049866, -55.9959793091, 64.4720077515, -61.5192871094], [-241.803375244, 227.318695068, -84.9032211304, 38.8085098267, -16.843580246, -42.588180542, 16.3827915192, -21.0751094818, 119.291900635, -24.7979717255, 40.0759277344, -51.8238792419, 30.7133960724], [303.858398438, -201.917480469, 163.532058716, -37.365814209, 34.7255096436, 5.75011253357, -9.70152568817, 46.7312049866, -24.7979717255, 122.085632324, -50.069732666, 57.9146385193, -57.8007926941], [-360.320068359, 192.506378174, -145.522918701, 46.0925827026, -34.8182868958, -20.4081230164, -28.8246994019, -55.9959793091, 40.0759277344, -50.069732666, 127.93914032, -42.6494636536, 65.5104904175], [232.823410034, -204.965881348, 192.46697998, -57.6113052368, 52.3000183105, 1.00552511215, -22.9474010468, 64.4720077515, -51.8238792419, 57.9146385193, -42.6494636536, 131.523178101, -53.6757011414], [-418.115447998, 192.902984619, -196.085525513, 30.03540802, -30.3662414551, -2.35861587524, 6.6383767128, -61.5192871094, 30.7133960724, -57.8007926941, 65.5104904175, -53.6757011414, 129.41796875]],
        "icov": [[0.00052037514979, -0.000422073062509, 0.000315109558869, -0.000727038015611, 0.000580939406063, -0.000519505410921, 0.000464238692075, -0.000438508519437, 0.000880680570845, -0.00100363150705, 0.00114520674106, -0.000566434464417, 0.0013791922247], [-0.000422073062509, 0.0045152772218, -0.00132702931296, 0.00188657653052, -0.00224998989142, 0.00317775947042, -0.00409605540335, 0.00247123045847, -0.00472422456369, 0.00448249140754, -0.00430582929403, 0.00300927413628, -0.00307669653557], [0.000315109558869, -0.00132702931296, 0.00277313054539, -0.00173591508064, 0.000533324084245, -0.000990488915704, 0.00105782900937, -0.00165845640004, 0.00169609626755, -0.00258231768385, 0.00209050858393, -0.00292890891433, 0.00303624710068], [-0.000727038015611, 0.00188657653052, -0.00173591508064, 0.00501273060217, -0.00132813339587, 0.000363358500181, -0.00142076506745, 0.00124884396791, -0.00338833313435, 0.00330455205403, -0.00370549876243, 0.00340142566711, -0.00302645168267], [0.000580939406063, -0.00224998989142, 0.000533324084245, -0.00132813339587, 0.00539876986295, -0.0015318384394, 0.000770229729824, -0.00326568889432, 0.00293422490358, -0.00290668616071, 0.00227562128566, -0.00236033345573, 0.0018684475217], [-0.000519505410921, 0.00317775947042, -0.000990488915704, 0.000363358500181, -0.0015318384394, 0.00702134473249, -0.00430934503675, 0.000795885571279, -0.00115632207599, 0.00304749328643, -0.00333073269576, 0.0027169729583, -0.00318377232179], [0.000464238692075, -0.00409605540335, 0.00105782900937, -0.00142076506745, 0.000770229729824, -0.00430934503675, 0.00955973193049, -0.00136052875314, 0.00281466566958, -0.00343767832965, 0.00622507976368, -0.00167034566402, 0.00245558191091], [-0.000438508519437, 0.00247123045847, -0.00165845640004, 0.00124884396791, -0.00326568889432, 0.000795885571279, -0.00136052875314, 0.0124407010153, -0.00446432968602, 0.00289221853018, -0.000424299592851, -0.000788376433775, -0.000432024913607], [0.000880680570845, -0.00472422456369, 0.00169609626755, -0.00338833313435, 0.00293422490358, -0.00115632207599, 0.00281466566958, -0.00446432968602, 0.0174863506109, -0.00608177436516, 0.00241961888969, 0.000525927229319, 0.00377121102065], [-0.00100363150705, 0.00448249140754, -0.00258231768385, 0.00330455205403, -0.00290668616071, 0.00304749328643, -0.00343767832965, 0.00289221853018, -0.00608177436516, 0.0178339183331, -0.00315015250817, 0.000891635601874, -0.00230589439161], [0.00114520674106, -0.00430582929403, 0.00209050858393, -0.00370549876243, 0.00227562128566, -0.00333073269576, 0.00622507976368, -0.000424299592851, 0.00241961888969, -0.00315015250817, 0.0186689477414, -0.00424033496529, 0.000907592999283], [-0.000566434464417, 0.00300927413628, -0.00292890891433, 0.00340142566711, -0.00236033345573, 0.0027169729583, -0.00167034566402, -0.000788376433775, 0.000525927229319, 0.000891635601874, -0.00424033496529, 0.0174268763512, -0.0026883482933], [0.0013791922247, -0.00307669653557, 0.00303624710068, -0.00302645168267, 0.0018684475217, -0.00318377232179, 0.00245558191091, -0.000432024913607, 0.00377121102065, -0.00230589439161, 0.000907592999283, -0.0026883482933, 0.0186211764812]]
    },
    "melbands": {
        "dmean": [0.000166409445228, 0.00087819295004, 0.00128812715411, 0.000754190259613, 0.000195692366106, 0.000225758572924, 0.000370877125533, 0.000237611151533, 0.000118712116091, 0.000141956596053, 8.26584728202e-05, 8.78650243976e-05, 4.37527669419e-05, 2.90260741167e-05, 3.19799110002e-05, 2.29524575843e-05, 1.81149353011e-05, 1.33085413836e-05, 1.14989279609e-05, 9.03621730686e-06, 8.70902113093e-06, 7.96908261691e-06, 6.60823161525e-06, 4.21970207753e-06, 2.83331496576e-06, 1.85043415968e-06, 1.51148105942e-06, 1.39340659189e-06, 1.06341019546e-06, 8.13419489987e-07, 7.70171936892e-07, 6.22916047632e-07, 5.66685343983e-07, 3.32192513497e-07, 2.87976149593e-07, 2.68960576477e-07, 2.59216847098e-07, 2.94603950124e-07, 1.53868569441e-07, 1.01194409297e-07],
        "dmean2": [0.000272165052593, 0.00140603934415, 0.00210512662306, 0.00123694422655, 0.000313370197546, 0.000356335338438, 0.00058825238375, 0.000369112298358, 0.00017779567861, 0.000220727102715, 0.00012927413627, 0.000137565642945, 6.7587767262e-05, 4.56073430541e-05, 4.8977744882e-05, 3.64936495316e-05, 2.84724046651e-05, 2.07974298974e-05, 1.90347436728e-05, 1.45376807268e-05, 1.3505545212e-05, 1.27859693748e-05, 1.01874484244e-05, 6.27431381872e-06, 4.21774029746e-06, 2.91244759865e-06, 2.26498491429e-06, 2.14416377275e-06, 1.62458309205e-06, 1.26271629597e-06, 1.18657897019e-06, 9.06372974896e-07, 8.40315180994e-07, 4.66417844791e-07, 4.16210127696e-07, 3.80461244731e-07, 3.80479065143e-07, 4.19668026552e-07, 2.06568586236e-07, 1.4571445206e-07],
        "dvar": [8.45068797162e-08, 2.40244185079e-06, 6.22816878604e-06, 1.82996757303e-06, 1.61560663514e-07, 2.99691606642e-07, 1.18431785268e-06, 2.32719472137e-07, 5.43017684151e-08, 7.22245019347e-08, 2.38341577585e-08, 1.98893523873e-08, 4.88494356077e-09, 2.19571183457e-09, 2.70353028853e-09, 1.43819667286e-09, 7.49607376171e-10, 5.19107867802e-10, 5.03649622008e-10, 2.14741432969e-10, 1.46369596998e-10, 1.72006728305e-10, 1.54095000648e-10, 4.87767118362e-11, 2.71994978623e-11, 1.32712547549e-11, 9.45420651488e-12, 7.91104508291e-12, 4.10801340861e-12, 2.29914893547e-12, 2.15958154137e-12, 3.4163494516e-12, 3.17496246308e-12, 9.11070806471e-13, 1.05080939609e-12, 1.00662154393e-12, 7.16929228657e-13, 1.49138405618e-12, 2.80556285669e-13, 6.23228885491e-14],
        "dvar2": [2.01017485324e-07, 5.92608466832e-06, 1.61127463798e-05, 4.74343096357e-06, 4.3375905534e-07, 6.95525443462e-07, 3.21669972436e-06, 5.42765121736e-07, 1.14854437072e-07, 1.58971587894e-07, 5.32080619564e-08, 5.14596258938e-08, 1.18454117626e-08, 4.99374319674e-09, 5.97054805596e-09, 3.4692639872e-09, 1.66624714026e-09, 1.27910826375e-09, 1.36021527375e-09, 5.12622999604e-10, 3.42414957499e-10, 4.43968362074e-10, 3.81015358153e-10, 1.03980726807e-10, 6.14076567373e-11, 3.21305204665e-11, 1.94022558436e-11, 1.88690122555e-11, 9.81642805237e-12, 5.68427900235e-12, 5.40015688416e-12, 7.47922643957e-12, 7.54305992667e-12, 1.95653541112e-12, 2.39031125622e-12, 2.19074064445e-12, 1.55698967174e-12, 3.13060970376e-12, 4.66033732872e-13, 1.23565261213e-13],
        "max": [0.00466431397945, 0.0290605444461, 0.0396974161267, 0.0154680078849, 0.00492961611599, 0.00847729109228, 0.0186248645186, 0.0102462545037, 0.00467133847997, 0.00408143689856, 0.00244317413308, 0.00194758176804, 0.000962649297435, 0.000846945215017, 0.00112078990787, 0.000584078195971, 0.000382778060157, 0.000410014676163, 0.000387020758353, 0.000263757159701, 0.000151987711433, 0.000176450776053, 0.000300786312437, 0.00012775218056, 8.21977591841e-05, 6.72388632665e-05, 7.60993207223e-05, 5.34950195288e-05, 3.382495197e-05, 3.50526897819e-05, 2.95542904496e-05, 5.38531094207e-05, 3.69758308807e-05, 2.04014850169e-05, 2.04924926948e-05, 2.59210992226e-05, 1.64356861205e-05, 3.27629641106e-05, 1.32086397571e-05, 4.45416480943e-06],
        "mean": [0.000456147827208, 0.00283477338962, 0.00280219689012, 0.00122803298291, 0.000342278595781, 0.000353562936652, 0.000611169845797, 0.000436104164692, 0.000226628661039, 0.000252624391578, 0.000151134212501, 0.000163993798196, 8.69772047736e-05, 5.53248901269e-05, 6.02033105679e-05, 4.17466835643e-05, 3.51876224158e-05, 2.38925840677e-05, 2.04137140827e-05, 1.74376364157e-05, 1.72953041329e-05, 1.48285280375e-05, 1.20643426271e-05, 8.32516707305e-06, 5.20142521054e-06, 3.25102655552e-06, 3.07915934172e-06, 2.81372899735e-06, 2.17646970668e-06, 1.74257581875e-06, 1.65164908594e-06, 1.32385969209e-06, 1.04823629954e-06, 6.63399248424e-07, 5.72335864035e-07, 5.28226280494e-07, 4.93684922276e-07, 5.82551194839e-07, 2.9743020491e-07, 1.79242832132e-07],
        "median": [0.00015076258569, 0.00185869948473, 0.00167699041776, 0.00072132924106, 0.000209480291232, 0.000132136701723, 0.000197346147615, 0.000158570590429, 6.87464635121e-05, 8.73321987456e-05, 6.13737793174e-05, 7.19668605598e-05, 3.70953675883e-05, 3.01652144117e-05, 2.93392695312e-05, 1.94917483896e-05, 1.93353316718e-05, 1.34740366775e-05, 1.05007584352e-05, 9.46138516156e-06, 1.02191388578e-05, 8.72119107953e-06, 7.07812068867e-06, 4.28392922913e-06, 2.44372131419e-06, 1.45747935676e-06, 1.10277460408e-06, 1.15153920888e-06, 9.51532285853e-07, 7.46757507386e-07, 8.2363465026e-07, 5.67632582715e-07, 2.42379883275e-07, 1.30844540536e-07, 6.57273702132e-08, 6.33232417613e-08, 9.97541249603e-08, 9.28797447841e-08, 5.15451361593e-08, 1.92740827742e-08],
        "min": [2.98860174824e-23, 1.53201363187e-23, 1.22381175043e-23, 8.0844666489e-24, 1.28718710006e-23, 6.569699883e-24, 9.7084093975e-24, 5.5218417431e-24, 2.67942033821e-23, 8.53305161379e-24, 1.50390383569e-23, 2.09547220624e-23, 8.17872606074e-24, 5.20459501917e-24, 6.7154932112e-24, 4.49993673255e-24, 8.29842544792e-24, 4.72808595596e-24, 4.82410176661e-24, 2.56697468483e-24, 5.4117565982e-24, 1.31039452015e-23, 1.53621794495e-23, 1.17469395726e-23, 2.05775676636e-23, 1.96174292786e-23, 1.2034255336e-23, 1.11530890274e-23, 6.829154657e-24, 1.0562994249e-23, 9.06792928424e-24, 6.86974233944e-24, 7.04099378677e-24, 1.05376820692e-23, 8.21606994713e-24, 5.33238023063e-24, 8.47725548196e-24, 9.78512296509e-24, 9.97641226827e-24, 1.13249518419e-23],
        "var": [4.97315568282e-07, 9.73794431047e-06, 1.27164757942e-05, 2.39963037529e-06, 1.9642803295e-07, 5.48081800389e-07, 1.89177842458e-06, 6.5439780883e-07, 1.74008334852e-07, 2.1803954553e-07, 6.42618189772e-08, 5.28966523916e-08, 1.68209659535e-08, 6.22700957464e-09, 9.21786647012e-09, 4.0069871865e-09, 1.91518712001e-09, 1.02119890322e-09, 8.48685843824e-10, 5.26991117411e-10, 3.72271991012e-10, 3.15932779937e-10, 2.32035182735e-10, 1.16808548944e-10, 5.71343042322e-11, 2.59370563221e-11, 3.17806787831e-11, 2.38313691697e-11, 1.24625717732e-11, 7.65288700466e-12, 6.78466310911e-12, 8.60822784582e-12, 7.84820299027e-12, 2.89056495753e-12, 3.16113129596e-12, 2.826937252e-12, 2.08542167909e-12, 4.49469888392e-12, 9.16155064139e-13, 1.9149825226e-13]
    },
    "mfcc": {
        "mean": [-658.127502441, 158.881027222, -10.6680784225, 20.6920776367, 0.70198237896, 3.33216619492, -2.6781232357, 2.235632658, 2.3823325634, -6.93672609329, -4.01608181, 0.669949471951, -9.41715908051],
        "cov": [[3203.59008789, -954.310668945, 327.01965332, 124.73878479, -37.0043487549, 186.072937012, 47.7581481934, 86.9345092773, -9.29236221313, 172.10295105, -30.8266906738, 7.08735132217, 75.7738571167], [-954.310668945, 1079.65161133, -232.314498901, 75.2632217407, -71.9670181274, -51.3162841797, -25.9276428223, 13.8045921326, 52.7896614075, -31.3081436157, 57.9587059021, 25.8965816498, 3.53814387321], [327.01965332, -232.314498901, 602.479248047, 113.195503235, 70.8622512817, 53.5027923584, 17.9856147766, 77.6019973755, -11.8042812347, 67.0633087158, -3.26383209229, 28.774274826, 75.9211807251], [124.73878479, 75.2632217407, 113.195503235, 294.471069336, 55.0156822205, 20.8178100586, -5.57587480545, 38.9239387512, 7.35985898972, 60.6779098511, -7.43664550781, 24.3831691742, 39.4659042358], [-37.0043487549, -71.9670181274, 70.8622512817, 55.0156822205, 252.875549316, -10.1461191177, 34.3049430847, 38.9732818604, -11.7212667465, 35.8394393921, 2.31285595894, -12.8133239746, 31.3457641602], [186.072937012, -51.3162841797, 53.5027923584, 20.8178100586, -10.1461191177, 202.529373169, 88.2747116089, 33.344581604, 38.9322738647, 40.2332954407, -3.18232297897, 0.353782624006, -3.02653002739], [47.7581481934, -25.9276428223, 17.9856147766, -5.57587480545, 34.3049430847, 88.2747116089, 175.75151062, 58.5374221802, 42.926410675, 23.3419857025, -8.80497264862, -4.12906551361, 2.5694334507], [86.9345092773, 13.8045921326, 77.6019973755, 38.9239387512, 38.9732818604, 33.344581604, 58.5374221802, 142.099563599, 33.4861221313, 32.6849899292, 10.6640043259, -2.75927662849, 29.0798816681], [-9.29236221313, 52.7896614075, -11.8042812347, 7.35985898972, -11.7212667465, 38.9322738647, 42.926410675, 33.4861221313, 109.597770691, 28.0775661469, 12.2056798935, -2.15224695206, -8.33644866943], [172.10295105, -31.3081436157, 67.0633087158, 60.6779098511, 35.8394393921, 40.2332954407, 23.3419857025, 32.6849899292, 28.0775661469, 110.304374695, 18.3243026733, 3.17012524605, 9.04836750031], [-30.8266906738, 57.9587059021, -3.26383209229, -7.43664550781, 2.31285595894, -3.18232297897, -8.80497264862, 10.6640043259, 12.2056798935, 18.3243026733, 71.9686126709, 3.30923819542, 1.67687964439], [7.08735132217, 25.8965816498, 28.774274826, 24.3831691742, -12.8133239746, 0.353782624006, -4.12906551361, -2.75927662849, -2.15224695206, 3.17012524605, 3.30923819542, 66.4335098267, 8.16944122314], [75.7738571167, 3.53814387321, 75.9211807251, 39.4659042358, 31.3457641602, -3.02653002739, 2.5694334507, 29.0798816681, -8.33644866943, 9.04836750031, 1.67687964439, 8.16944122314, 91.3148498535]],
