{
"lowlevel": {
    "average_loudness": 0.984013855457,
    "barkbands_crest": {
        "dmean": 2.17473292351,
        "dmean2": 3.68052816391,
        "dvar": 3.33119773865,
        "dvar2": 9.08811092377,
        "max": 15.8598976135,
        "mean": 6.71413183212,
        "median": 6.23462438583,
        "min": 2.26506710052,
        "var": 6.3776679039
    },
    "barkbands_flatness_db": {
        "dmean": 0.015018763952,
        "dmean2": 0.0246186759323,
        "dvar": 0.000148153500049,
        "dvar2": 0.000403857702622,
        "max": 0.206404998899,
        "mean": 0.135107338428,
        "median": 0.134115695953,
        "min": 0.0368814952672,
        "var": 0.000370191148249
    },
    "barkbands_kurtosis": {
        "dmean": 0.433952748775,
        "dmean2": 0.744221448898,
        "dvar": 0.244803279638,
        "dvar2": 0.654404759407,
        "max": 4.25651931763,
        "mean": -0.872685015202,
        "median": -1.03174638748,
        "min": -1.65463554859,
        "var": 0.319810301065
    },
    "barkbands_skewness": {
        "dmean": 0.358547329903,
        "dmean2": 0.596444487572,
        "dvar": 0.0858095139265,
        "dvar2": 0.229178801179,
        "max": 2.27595853806,
        "mean": 0.511476874352,
        "median": 0.469382911921,
        "min": -1.9591678381,
        "var": 0.17499499023
    },
    "barkbands_spread": {
        "dmean": 4.1272187233,
        "dmean2": 6.8935008049,
        "dvar": 10.837644577,
        "dvar2": 30.107000351,
        "max": 58.1432189941,
        "mean": 34.8469352722,
        "median": 34.854637146,
        "min": 15.1257581711,
        "var": 25.1344490051
    },
    "dissonance": {
        "dmean": 0.00823353324085,
        "dmean2": 0.0140875708312,
        "dvar": 0.000260679982603,
        "dvar2": 0.00064420158742,
        "max": 0.5,
        "mean": 0.489470094442,
        "median": 0.491927057505,
        "min": 0.0367831885815,
        "var": 0.000176729328814
    },
    "dynamic_complexity": 0.39947232604,
    "erbbands_crest": {
        "dmean": 2.06710767746,
        "dmean2": 3.41234374046,
        "dvar": 3.58179497719,
        "dvar2": 9.47055149078,
        "max": 19.5875377655,
        "mean": 6.78732061386,
        "median": 6.1703953743,
        "min": 2.85413360596,
        "var": 6.423412323
    },
    "erbbands_flatness_db": {
        "dmean": 0.0111910132691,
        "dmean2": 0.017785390839,
        "dvar": 8.90372903086e-05,
        "dvar2": 0.000209761870792,
        "max": 0.267438858747,
        "mean": 0.201997503638,
        "median": 0.202226653695,
        "min": 0.0848299115896,
        "var": 0.00024284698884
    },
    "erbbands_kurtosis": {
        "dmean": 0.454214841127,
        "dmean2": 0.756999254227,
        "dvar": 0.16282877326,
        "dvar2": 0.43563118577,
        "max": 3.57018041611,
        "mean": 0.293115288019,
        "median": 0.175651073456,
        "min": -0.976860523224,
        "var": 0.383676439524
    },
    "erbbands_skewness": {
        "dmean": 0.251630336046,
        "dmean2": 0.416685938835,
        "dvar": 0.0384982489049,
        "dvar2": 0.104164779186,
        "max": 0.803619682789,
        "mean": -0.428799420595,
        "median": -0.426871716976,
        "min": -1.51117610931,
        "var": 0.0971910953522
    },
    "erbbands_spread": {
        "dmean": 4.47534751892,
        "dmean2": 7.38766050339,
        "dvar": 13.2229795456,
        "dvar2": 37.4031257629,
        "max": 51.2288780212,
        "mean": 29.189496994,
        "median": 28.9179859161,
        "min": 12.1672792435,
        "var": 27.4877662659
    },
    "hfc": {
        "dmean": 5.39253234863,
        "dmean2": 8.83356666565,
        "dvar": 20.7388381958,
        "dvar2": 51.7441902161,
        "max": 70.7700653076,
        "mean": 41.612865448,
        "median": 41.6104354858,
        "min": 1.16314087861e-16,
        "var": 60.6482887268
    },
    "melbands_crest": {
        "dmean": 3.68122529984,
        "dmean2": 6.20842504501,
        "dvar": 8.37601661682,
        "dvar2": 23.1468734741,
        "max": 26.5686645508,
        "mean": 13.2799072266,
        "median": 13.2756595612,
        "min": 2.79822182655,
        "var": 14.8914089203
    },
    "melbands_flatness_db": {
        "dmean": 0.022605728358,
        "dmean2": 0.0371197499335,
        "dvar": 0.000334334938088,
        "dvar2": 0.000878631311934,
        "max": 0.27100071311,
        "mean": 0.155438870192,
        "median": 0.152875691652,
        "min": 0.00684839161113,
        "var": 0.000884890730958
    },
    "melbands_kurtosis": {
        "dmean": 2.05025053024,
        "dmean2": 3.45052742958,
        "dvar": 4.26230382919,
        "dvar2": 11.4720811844,
        "max": 18.0166912079,
        "mean": 2.36864972115,
        "median": 1.65517091751,
        "min": -1.37054896355,
        "var": 6.71253204346
    },
    "melbands_skewness": {
        "dmean": 0.534525334835,
        "dmean2": 0.884377717972,
        "dvar": 0.191170975566,
        "dvar2": 0.51533395052,
        "max": 4.16572904587,
        "mean": 1.64298295975,
        "median": 1.57924437523,
        "min": -0.103648714721,
        "var": 0.399754583836
    },
    "melbands_spread": {
        "dmean": 8.91473197937,
        "dmean2": 14.9167337418,
        "dvar": 53.0816383362,
        "dvar2": 137.18196106,
        "max": 145.418701172,
        "mean": 42.4527053833,
        "median": 42.8293533325,
        "min": 11.3578796387,
        "var": 110.206184387
    },
    "pitch_salience": {
        "dmean": 0.0687649026513,
        "dmean2": 0.114793546498,
        "dvar": 0.00281215133145,
        "dvar2": 0.00793341267854,
        "max": 0.859677493572,
        "mean": 0.57579022646,
        "median": 0.58174943924,
        "min": 0.294666528702,
        "var": 0.00631500920281
    },
    "silence_rate_20dB": {
        "dmean": 0,
        "dmean2": 0,
        "dvar": 0,
        "dvar2": 0,
        "max": 1,
        "mean": 1,
        "median": 1,
        "min": 1,
        "var": 0
    },
    "silence_rate_30dB": {
        "dmean": 0,
        "dmean2": 0,
        "dvar": 0,
        "dvar2": 0,
        "max": 1,
        "mean": 1,
        "median": 1,
        "min": 1,
        "var": 0
    },
    "silence_rate_60dB": {
        "dmean": 0.000515463936608,
        "dmean2": 0.00103145954199,
        "dvar": 0.000515170919243,
        "dvar2": 0.00103040458634,
        "max": 1,
        "mean": 0.0010303966701,
        "median": 0,
        "min": 0,
        "var": 0.00102934613824
    },
    "spectral_centroid": {
        "dmean": 217.389160156,
        "dmean2": 363.264465332,
        "dvar": 58296.9492188,
        "dvar2": 103050.976562,
        "max": 11158.0839844,
        "mean": 2149.89501953,
        "median": 2163.90795898,
        "min": 984.508422852,
        "var": 117665.914062
    },
    "spectral_complexity": {
        "dmean": 3.96391749382,
        "dmean2": 6.68798351288,
        "dvar": 10.4502954483,
        "dvar2": 27.1572914124,
        "max": 62,
        "mean": 46.3791847229,
        "median": 47,
        "min": 0,
        "var": 29.0185623169
    },
    "spectral_decrease": {
        "dmean": 2.10683048785e-09,
        "dmean2": 3.46597639478e-09,
        "dvar": 2.96859777645e-18,
        "dvar2": 8.22745104672e-18,
        "max": 9.69926306163e-30,
        "mean": -9.71939684291e-09,
        "median": -9.38296107478e-09,
        "min": -2.22311058451e-08,
        "var": 5.80215004609e-18
    },
    "spectral_energy": {
        "dmean": 0.00810285843909,
        "dmean2": 0.0132807297632,
        "dvar": 4.28946877946e-05,
        "dvar2": 0.000119570126117,
        "max": 0.0883362516761,
        "mean": 0.0404577217996,
        "median": 0.0392922796309,
        "min": 1.05134211569e-20,
        "var": 8.53070378071e-05
    },
    "spectral_energyband_high": {
        "dmean": 0.000434261339251,
        "dmean2": 0.000710495514795,
        "dvar": 1.89639223436e-07,
        "dvar2": 4.68362031825e-07,
        "max": 0.00457456335425,
        "mean": 0.00166279124096,
        "median": 0.00156743172556,
        "min": 7.79749155345e-21,
        "var": 5.67824770314e-07
    },
    "spectral_energyband_low": {
        "dmean": 0.00743077462539,
        "dmean2": 0.0122008146718,
        "dvar": 4.4034452003e-05,
        "dvar2": 0.000117618365039,
        "max": 0.0660055801272,
        "mean": 0.0155926309526,
        "median": 0.0134972073138,
        "min": 6.05094558281e-23,
        "var": 9.14238844416e-05
    },
    "spectral_energyband_middle_high": {
        "dmean": 0.0029786308296,
        "dmean2": 0.00490715960041,
        "dvar": 5.40713153896e-06,
        "dvar2": 1.45462427099e-05,
        "max": 0.0330115407705,
        "mean": 0.0159710738808,
        "median": 0.0156464613974,
        "min": 1.31055933528e-21,
        "var": 1.32044096972e-05
    },
    "spectral_energyband_middle_low": {
        "dmean": 0.00412006583065,
        "dmean2": 0.00703090056777,
        "dvar": 1.36766393553e-05,
        "dvar2": 4.10321736126e-05,
        "max": 0.0369078554213,
        "mean": 0.0105645200238,
        "median": 0.00978423003107,
        "min": 3.74065825326e-22,
        "var": 1.94746353372e-05
    },
    "spectral_entropy": {
        "dmean": 0.0596078932285,
        "dmean2": 0.0972139909863,
        "dvar": 0.00400280440226,
        "dvar2": 0.00793716777116,
        "max": 9.79632568359,
        "mean": 7.83060693741,
        "median": 7.82904291153,
        "min": 7.51197147369,
        "var": 0.011348253116
    },
    "spectral_flux": {
        "dmean": 0.0170611981302,
        "dmean2": 0.0283018276095,
        "dvar": 0.000205933989491,
        "dvar2": 0.000550631375518,
        "max": 0.184711232781,
        "mean": 0.112202949822,
        "median": 0.110246382654,
        "min": 1.02534973567e-10,
        "var": 0.000335591466865
    },
    "spectral_kurtosis": {
        "dmean": 1.60190105438,
        "dmean2": 2.84885764122,
        "dvar": 1.74076080322,
        "dvar2": 5.42186546326,
        "max": 15.0043201447,
        "mean": 2.26549625397,
        "median": 1.96621799469,
        "min": -1.20090699196,
        "var": 2.29712176323
    },
    "spectral_rms": {
        "dmean": 0.000629061949439,
        "dmean2": 0.00102829013485,
        "dvar": 2.50223195053e-07,
        "dvar2": 6.81428275584e-07,
        "max": 0.00928341038525,
        "mean": 0.00623985519633,
        "median": 0.00619144039229,
        "min": 3.20265450444e-12,
        "var": 5.35068693353e-07
    },
    "spectral_rolloff": {
        "dmean": 445.815612793,
        "dmean2": 751.808410645,
        "dvar": 249831.796875,
        "dvar2": 462758.40625,
        "max": 18949.21875,
        "mean": 2294.31152344,
        "median": 2282.51953125,
        "min": 279.931640625,
        "var": 412181.125
    },
    "spectral_skewness": {
        "dmean": 0.192140176892,
        "dmean2": 0.337460368872,
        "dvar": 0.0251713767648,
        "dvar2": 0.0762371122837,
        "max": 2.99355864525,
        "mean": 0.686746716499,
        "median": 0.667682886124,
        "min": 0.000834442151245,
        "var": 0.041766308248
    },
    "spectral_spread": {
        "dmean": 209033.59375,
        "dmean2": 319543.375,
        "dvar": 571506688000,
        "dvar2": 588705955840,
        "max": 41556988,
        "mean": 2921182.25,
        "median": 2833854.25,
        "min": 2259440.75,
        "var": 1.38912320717e+12
    },
    "spectral_strongpeak": {
        "dmean": 0.532763779163,
        "dmean2": 0.956030488014,
        "dvar": 0.942923903465,
        "dvar2": 2.52962994576,
        "max": 8.4842710495,
        "mean": 0.67645406723,
        "median": 0.420541495085,
        "min": 0,
        "var": 0.835385262966
    },
    "zerocrossingrate": {
        "dmean": 0.00703603215516,
        "dmean2": 0.00907286535949,
        "dvar": 0.000153202941874,
        "dvar2": 0.000191117171198,
        "max": 0.505859375,
        "mean": 0.0704747587442,
        "median": 0.0712890625,
        "min": 0.005859375,
        "var": 0.000244744733209
    },
    "barkbands": {
        "dmean": [6.94149639457e-05, 0.00291668693535, 0.00517182517797, 0.00303668971173, 0.00159093015827, 0.00040266776341, 0.000194118736545, 0.000301375752315, 0.000570466800127, 0.00113348627929, 0.00151437357999, 0.000831276411191, 0.000603445630986, 0.000825737370178, 0.000942146172747, 0.000584458815865, 0.000523309630807, 0.000440150353825, 0.00051360350335, 0.000302997214021, 0.000285276561044, 0.000113808062451, 2.25596486416e-05, 9.15736109164e-06, 2.54644214692e-06, 6.26857996622e-08, 3.54189255702e-09],
        "dmean2": [0.000107459876745, 0.00473579671234, 0.00874194968492, 0.00536624109372, 0.00274603115395, 0.000669345085043, 0.000333501782734, 0.000501191068906, 0.000930866284762, 0.00190026592463, 0.00247553177178, 0.00138211541343, 0.00101732264739, 0.00135350727942, 0.00156296475325, 0.00100903084967, 0.000904128013644, 0.000744282908272, 0.000876336009242, 0.000519467808772, 0.000480715039885, 0.000185325887287, 3.64090956282e-05, 1.43849038068e-05, 4.21189952249e-06, 1.05810237017e-07, 5.24117638179e-09],
        "dvar": [1.21329630787e-08, 1.04558057501e-05, 2.49428339885e-05, 8.56787301018e-06, 2.76602349913e-06, 1.54652056494e-07, 4.15659648922e-08, 1.06600040795e-07, 3.26860941868e-07, 1.48904416619e-06, 2.19754792852e-06, 7.22985305401e-07, 3.76594726959e-07, 8.65337312916e-07, 1.00347858734e-06, 3.17157230256e-07, 2.24032746132e-07, 1.74719843926e-07, 1.98517568606e-07, 7.7838784307e-08, 7.99063926138e-08, 1.60168340813e-08, 6.5850003228e-10, 1.54720791734e-10, 2.11253341209e-11, 9.28185988085e-15, 8.92920639534e-16],
        "dvar2": [2.58585615143e-08, 2.35703409999e-05, 6.90494707669e-05, 2.54735477938e-05, 7.93150957179e-06, 4.10893932212e-07, 1.15804191125e-07, 2.78380127838e-07, 8.02446038506e-07, 3.91883713746e-06, 5.88320608585e-06, 1.96418841369e-06, 1.05553783669e-06, 2.11160886465e-06, 2.59628268395e-06, 8.6483225914e-07, 6.21369281362e-07, 4.72063646839e-07, 5.65560128507e-07, 2.20528463046e-07, 2.10707881365e-07, 3.77141482488e-08, 1.66419422687e-09, 3.57977814058e-10, 5.36287438069e-11, 2.20920067044e-14, 4.77283319322e-16],
        "max": [0.00117208599113, 0.0372577384114, 0.0450593680143, 0.0279514770955, 0.0132110752165, 0.00459958333522, 0.00210227724165, 0.00347354798578, 0.00840422324836, 0.0129010472447, 0.0156002594158, 0.0111887389794, 0.0061408681795, 0.0138763580471, 0.0143854124472, 0.00673088943586, 0.00734964665025, 0.00568423420191, 0.00600088760257, 0.00378963397816, 0.00274487771094, 0.00134804041591, 0.000279293366475, 0.000123769059428, 5.0251637731e-05, 1.76756816472e-06, 1.83920417385e-06],
        "mean": [7.54967841203e-05, 0.00428768992424, 0.00848544575274, 0.00432946579531, 0.0023436259944, 0.000748091842979, 0.000324088410707, 0.000525530485902, 0.00111401989125, 0.00194412877318, 0.00277486420237, 0.00167699716985, 0.00114703725558, 0.00169130635913, 0.00186631269753, 0.00126832758542, 0.00121234287508, 0.00111201032996, 0.00142608000897, 0.000882865453605, 0.000840525084641, 0.000301636260701, 5.67763854633e-05, 1.93904506887e-05, 3.59331374966e-06, 6.07605414871e-08, 3.39122552262e-09],
        "median": [2.83778717858e-05, 0.00285574328154, 0.00681783491746, 0.00357999815606, 0.00179312587716, 0.000597984355409, 0.00024821201805, 0.000397257768782, 0.00089497177396, 0.00138965644874, 0.00229088333435, 0.00138801673893, 0.000938565994147, 0.00129651057068, 0.00150137336459, 0.00112728343811, 0.00107113365084, 0.000993999885395, 0.00132328830659, 0.000838431005832, 0.000790089077782, 0.000245614268351, 4.58206814073e-05, 1.29527725221e-05, 1.67779853655e-06, 2.4809704513e-08, 6.97602031696e-10],
        "min": [2.85617850798e-23, 2.64865413182e-23, 1.22706517058e-23, 3.06971747522e-23, 1.29412984911e-22, 5.67831230365e-23, 4.92286628419e-23, 4.01229360763e-23, 6.16248420392e-23, 5.49036903288e-23, 4.01302567055e-23, 1.15335048927e-22, 8.7896043263e-23, 6.17564997689e-23, 6.59312652753e-23, 1.90143978125e-22, 9.88199871301e-23, 2.84012114959e-22, 2.27287336075e-22, 2.71119275247e-22, 5.32034401182e-22, 6.80294712001e-22, 6.61124256044e-22, 9.60531275559e-22, 8.88663497495e-22, 1.65144448448e-21, 2.51195163038e-21],
        "var": [1.60922333237e-08, 1.98394009203e-05, 4.38227689301e-05, 1.05654735307e-05, 3.52686720362e-06, 3.27103208519e-07, 6.87756980255e-08, 1.9205511137e-07, 6.9176701345e-07, 2.94385790767e-06, 4.19437401433e-06, 1.39478106576e-06, 6.42596432954e-07, 2.14673923438e-06, 1.94226959138e-06, 4.60224669041e-07, 5.0916702321e-07, 3.04497376646e-07, 4.03579946351e-07, 1.63725033531e-07, 1.76056801138e-07, 4.10072189538e-08, 1.54872992209e-09, 2.88249979441e-10, 2.43241260467e-11, 1.05828067731e-14, 2.16094092591e-15]
    },
    "erbbands": {
        "dmean": [0.0649545043707, 0.786729812622, 4.67091608047, 8.47126865387, 8.8525056839, 3.30615282059, 2.7355196476, 3.64366340637, 3.37071228027, 4.61063289642, 5.89706325531, 12.7311229706, 42.4277534485, 19.4011421204, 76.7183685303, 26.7794284821, 26.5874881744, 36.2821502686, 48.1474952698, 30.4881973267, 26.2718677521, 25.5347099304, 23.2194786072, 26.997674942, 20.8271827698, 13.9274244308, 12.9464874268, 9.92766189575, 4.76150035858, 1.57616949081, 0.597293376923, 0.267337501049, 0.116630934179, 0.0514995753765, 0.00440341187641, 0.000557799241506, 8.00909547252e-05, 1.09583415906e-05, 4.05722539654e-06, 8.90765841177e-06],
        "dmean2": [0.0997865200043, 1.3066546917, 7.94007968903, 14.6260099411, 15.316075325, 5.69815540314, 4.65695381165, 6.04691839218, 5.71546411514, 7.70351314545, 10.0693349838, 20.8081760406, 70.8028488159, 32.7077064514, 124.401695251, 45.7653274536, 45.045627594, 60.0350532532, 79.5161056519, 51.899433136, 45.2114601135, 44.3151512146, 39.4673805237, 46.2129592896, 35.6421318054, 23.863817215, 21.7799034119, 16.6736335754, 7.84491634369, 2.54942631721, 0.963695168495, 0.421700775623, 0.185029119253, 0.0841160863638, 0.00717712007463, 0.000914137053769, 0.000135208669235, 1.82447056432e-05, 6.39853033135e-06, 1.45452486322e-05],
        "dvar": [0.00882330629975, 0.696514368057, 21.8158950806, 63.2153701782, 95.8946533203, 10.5223045349, 9.02345371246, 14.0712223053, 12.2057800293, 27.0546131134, 56.8355064392, 183.705337524, 2107.9909668, 387.038421631, 5897.91748047, 883.416320801, 751.916503906, 1982.17565918, 2947.2434082, 853.135131836, 562.782653809, 554.528930664, 511.461425781, 601.426391602, 327.767913818, 166.941589355, 145.808837891, 116.645637512, 28.6953353882, 3.26633071899, 0.512501060963, 0.115609295666, 0.0261987280101, 0.00843178387731, 4.65133052785e-05, 5.96890799898e-07, 2.52535841128e-08, 8.37916513952e-10, 2.33776470404e-11, 5.05047323407e-11],
        "dvar2": [0.0172999445349, 1.70920431614, 58.7231063843, 182.612213135, 278.712097168, 29.3199672699, 26.2451057434, 36.2906227112, 34.1056175232, 68.5871658325, 156.169631958, 429.55291748, 5611.74609375, 1101.53186035, 15625.8964844, 2484.5859375, 2096.98876953, 4718.45605469, 7483.64941406, 2361.02124023, 1576.84094238, 1518.0435791, 1408.17333984, 1754.80773926, 901.962463379, 466.378234863, 395.725250244, 315.006896973, 67.0259857178, 8.2791852951, 1.25513148308, 0.268633067608, 0.0604058913887, 0.0214433073997, 0.000116610201076, 1.4635683101e-06, 6.04913594771e-08, 1.53331947139e-09, 3.27473360928e-11, 1.40696440609e-10],
        "max": [0.996307909489, 8.70578098297, 36.3986167908, 66.760307312, 104.55355072, 31.9892711639, 39.5498695374, 42.7798957825, 37.4493942261, 69.4651870728, 88.6699829102, 221.384613037, 469.007659912, 229.368133545, 859.511474609, 396.077270508, 320.631561279, 718.828186035, 780.824523926, 302.497711182, 253.972473145, 415.928924561, 383.819091797, 401.413391113, 222.801528931, 150.902679443, 124.391166687, 117.860168457, 53.7202720642, 22.7557353973, 7.50066232681, 3.38057589531, 1.4333460331, 1.02353847027, 0.0676023438573, 0.00706697022542, 0.00325535750017, 0.00114540499635, 0.000263198307948, 0.000102360339952],
        "mean": [0.0842122137547, 1.17201292515, 7.44186639786, 15.1092996597, 12.0420427322, 5.33335399628, 4.77340507507, 6.41779613495, 5.61778640747, 7.87029361725, 11.3571043015, 25.6283073425, 68.7501678467, 44.7382125854, 141.903442383, 60.0658340454, 54.7408981323, 77.5548477173, 107.666221619, 74.3976593018, 67.8284301758, 65.8073501587, 61.7743644714, 71.4857559204, 60.328414917, 42.3465270996, 38.438293457, 26.4961776733, 12.7204456329, 4.24862527847, 1.45345115662, 0.599244773388, 0.236247107387, 0.077288813889, 0.00668565928936, 0.000770490732975, 0.000104885577457, 2.13369494304e-05, 2.60801989498e-05, 5.04744275531e-05],
        "median": [0.0440206453204, 0.820133447647, 5.97372293472, 12.5915002823, 9.0118932724, 4.30606937408, 3.7427213192, 4.83271551132, 4.17532539368, 5.8106174469, 8.71903800964, 21.0438556671, 48.7688713074, 36.8391113281, 114.118423462, 52.7228927612, 45.2786369324, 60.0219650269, 83.9784927368, 67.1596908569, 62.291934967, 59.2311515808, 56.1172142029, 65.5722198486, 56.2036705017, 40.0750465393, 36.4421043396, 23.7462329865, 10.4709939957, 3.49034023285, 1.11081576347, 0.401101261377, 0.158687576652, 0.0369618684053, 0.00406895391643, 0.000453294283943, 5.14070452482e-05, 1.46822130773e-05, 2.55329468928e-05, 4.94000814797e-05],
        "min": [1.19700951013e-21, 4.58661592631e-21, 1.53568326387e-20, 5.03985379098e-20, 2.17743922521e-19, 5.45483169274e-19, 5.48687149979e-19, 3.9798130472e-19, 6.85549507301e-19, 1.03392623825e-18, 5.39538118814e-19, 1.74477185926e-18, 9.05620599078e-19, 2.57190118662e-18, 2.02688015281e-18, 5.00590350691e-18, 4.20794346308e-18, 3.53842926555e-18, 3.21903477191e-18, 1.03347507327e-17, 5.82668008716e-18, 6.28247852496e-18, 1.30144792548e-17, 1.60592417541e-17, 7.74228562922e-18, 1.18440972702e-17, 2.45232234427e-17, 1.88298666723e-17, 2.675252317e-17, 1.91408783108e-17, 1.93101029205e-17, 2.01048894859e-17, 1.51093373172e-17, 8.17623946782e-18, 7.63611947914e-18, 5.90931791189e-18, 3.32635194381e-18, 1.1314068885e-18, 3.18722874678e-19, 4.05321731325e-20],
        "var": [0.0134133324027, 1.24119853973, 32.3026275635, 110.417243958, 111.898223877, 15.0076093674, 14.0306692123, 29.7119922638, 20.5863189697, 48.1905822754, 93.8015975952, 366.587493896, 3772.00561523, 856.870727539, 11063.2871094, 1268.99890137, 1224.66027832, 4568.43652344, 6267.26269531, 1272.18041992, 834.038024902, 1247.63659668, 830.46081543, 1081.81738281, 683.116638184, 355.348236084, 326.668609619, 220.080886841, 71.2545394897, 7.78618955612, 1.23285734653, 0.243537068367, 0.046639572829, 0.0102999964729, 5.52780402359e-05, 7.095853789e-07, 2.79568013184e-08, 1.27097088409e-09, 6.01860575267e-11, 1.04217197372e-10]
    },
    "gfcc": {
        "mean": [30.8624916077, 131.774475098, -186.442428589, 70.3849334717, -48.9543609619, 17.1317272186, -8.80232906342, -11.0836143494, -14.4062433243, -21.9501609802, -8.67488002777, -20.7538700104, 1.26941239834],
        "cov": [[1197.58520508, 21.2174701691, -104.447288513, 75.7710571289, -107.11479187, 65.1206054688, -20.2092571259, 8.31132507324, -23.1270961761, -2.4168305397, -23.4421882629, -9.89623260498, 9.26973342896], [21.2174701691, 179.020736694, -31.0495281219, -3.89008951187, 66.3375091553, -44.6839599609, 38.0030860901, -20.507484436, 35.8247146606, -10.4827413559, 27.7252731323, -5.82685184479, 12.8840465546], [-104.447288513, -31.0495281219, 110.678131104, 22.8340320587, 16.5789451599, 31.8831367493, -11.3567218781, 24.1216506958, -1.99494802952, 18.3637809753, -2.28027367592, 10.6156196594, -2.58438920975], [75.7710571289, -3.89008951187, 22.8340320587, 57.8592262268, 14.8505125046, 18.5801582336, 9.58007526398, 4.66202163696, 9.912068367, 5.44892883301, 6.2652053833, 0.868193507195, 2.088129282], [-107.11479187, 66.3375091553, 16.5789451599, 14.8505125046, 98.5001373291, 1.90418314934, 31.184709549, 2.86866259575, 18.0254211426, 6.46731853485, 13.1283035278, 2.34990239143, -1.25804483891], [65.1206054688, -44.6839599609, 31.8831367493, 18.5801582336, 1.90418314934, 68.3359375, 2.48525261879, 19.9047622681, -3.77006173134, 5.11471986771, -1.15253388882, 1.51866185665, 2.126039505], [-20.2092571259, 38.0030860901, -11.3567218781, 9.58007526398, 31.184709549, 2.48525261879, 80.8172912598, 17.1349887848, 15.4422245026, -1.92647957802, 3.43390107155, 6.5162062645, -0.147339522839], [8.31132507324, -20.507484436, 24.1216506958, 4.66202163696, 2.86866259575, 19.9047622681, 17.1349887848, 51.2783546448, 16.4574127197, 19.4820251465, 4.14343452454, 10.146812439, 4.54012584686], [-23.1270961761, 35.8247146606, -1.99494802952, 9.912068367, 18.0254211426, -3.77006173134, 15.4422245026, 16.4574127197, 50.6878128052, 23.2773780823, 20.0393619537, 3.54499411583, 7.35403490067], [-2.4168305397, -10.4827413559, 18.3637809753, 5.44892883301, 6.46731853485, 5.11471986771, -1.92647957802, 19.4820251465, 23.2773780823, 52.6402053833, 23.198972702, 13.8728713989, 3.23738002777], [-23.4421882629, 27.7252731323, -2.28027367592, 6.2652053833, 13.1283035278, -1.15253388882, 3.43390107155, 4.14343452454, 20.0393619537, 23.198972702, 46.4691200256, 19.0689907074, 10.5752191544], [-9.89623260498, -5.82685184479, 10.6156196594, 0.868193507195, 2.34990239143, 1.51866185665, 6.5162062645, 10.146812439, 3.54499411583, 13.8728713989, 19.0689907074, 38.8904724121, 15.0315446854], [9.26973342896, 12.8840465546, -2.58438920975, 2.088129282, -1.25804483891, 2.126039505, -0.147339522839, 4.54012584686, 7.35403490067, 3.23738002777, 10.5752191544, 15.0315446854, 32.2185935974]],
        "icov": [[0.00449923425913, -0.0119927441701, 0.00991755630821, -0.012039703317, 0.00933509413153, -0.0106381038204, 0.00602157879621, -0.00681124906987, 0.00884844642133, -0.00895251147449, 0.0113548254594, -0.00797159411013, 0.00600300263613], [-0.0119927441701, 0.04897390306, -0.0281833484769, 0.0357243493199, -0.0331163406372, 0.0368807911873, -0.0215360540897, 0.0239685922861, -0.0319802835584, 0.0317713133991, -0.0405648425221, 0.0300407037139, -0.0245063304901], [0.00991755630821, -0.0281833484769, 0.0366820469499, -0.0316257067025, 0.0176080688834, -0.0277890134603, 0.0189000740647, -0.0213152747601, 0.0229846388102, -0.0240200031549, 0.0306490585208, -0.0238060411066, 0.0172343291342], [-0.012039703317, 0.0357243493199, -0.0316257067025, 0.0551253296435, -0.0273244120181, 0.0249723736197, -0.0202956553549, 0.0238166693598, -0.0300394967198, 0.0264245979488, -0.0349515751004, 0.0254632979631, -0.0193014945835], [0.00933509413153, -0.0331163406372, 0.0176080688834, -0.0273244120181, 0.0369939655066, -0.0258310716599, 0.00932403840125, -0.0133861629292, 0.0190628170967, -0.0216749664396, 0.0248721018434, -0.0189811736345, 0.0173371378332], [-0.0106381038204, 0.0368807911873, -0.0277890134603, 0.0249723736197, -0.0258310716599, 0.0496997646987, -0.0172392781824, 0.0111027788371, -0.0194446686655, 0.0252496246248, -0.033762332052, 0.0269099567086, -0.0210385657847], [0.00602157879621, -0.0215360540897, 0.0189000740647, -0.0202956553549, 0.00932403840125, -0.0172392781824, 0.0283836945891, -0.0188992377371, 0.0110371541232, -0.00976895354688, 0.0208680070937, -0.0195692423731, 0.014748532325], [-0.00681124906987, 0.0239685922861, -0.0213152747601, 0.0238166693598, -0.0133861629292, 0.0111027788371, -0.0188992377371, 0.0463165380061, -0.0258861649781, 0.00818966515362, -0.0148255340755, 0.0106250140816, -0.0137522602454], [0.00884844642133, -0.0319802835584, 0.0229846388102, -0.0300394967198, 0.0190628170967, -0.0194446686655, 0.0110371541232, -0.0258861649781, 0.0573493726552, -0.0326230637729, 0.01775540784, -0.00917386636138, 0.00839915685356], [-0.00895251147449, 0.0317713133991, -0.0240200031549, 0.0264245979488, -0.0216749664396, 0.0252496246248, -0.00976895354688, 0.00818966515362, -0.0326230637729, 0.0558207817376, -0.0388897769153, 0.0140481879935, -0.0094318818301], [0.0113548254594, -0.0405648425221, 0.0306490585208, -0.0349515751004, 0.0248721018434, -0.033762332052, 0.0208680070937, -0.0148255340755, 0.01775540784, -0.0388897769153, 0.0743827149272, -0.041755143553, 0.0179830398411], [-0.00797159411013, 0.0300407037139, -0.0238060411066, 0.0254632979631, -0.0189811736345, 0.0269099567086, -0.0195692423731, 0.0106250140816, -0.00917386636138, 0.0140481879935, -0.041755143553, 0.0636527314782, -0.0326923802495], [0.00600300263613, -0.0245063304901, 0.0172343291342, -0.0193014945835, 0.0173371378332, -0.0210385657847, 0.014748532325, -0.0137522602454, 0.00839915685356, -0.0094318818301, 0.0179830398411, -0.0326923802495, 0.0541953444481]]
    },
    "melbands": {
        "dmean": [0.000664454651996, 0.00187535583973, 0.00137199170422, 0.000416111579398, 9.74601789494e-05, 7.99892441137e-05, 4.69248079753e-05, 5.52505334781e-05, 5.07865588588e-05, 9.14563861443e-05, 0.000212511455175, 7.72542698542e-05, 0.000226283082156, 0.000131142078317, 5.7772405853e-05, 5.71881428186e-05, 8.00706256996e-05, 8.07930409792e-05, 6.5672560595e-05, 4.98303234053e-05, 3.07584705297e-05, 3.15148936352e-05, 2.97299447993e-05, 2.08857436519e-05, 2.55378599832e-05, 2.10629841604e-05, 1.34206220537e-05, 1.03687434603e-05, 9.2242298706e-06, 8.78389073478e-06, 5.38245421922e-06, 3.28792339133e-06, 1.82802818927e-06, 6.75430499086e-07, 3.92635143953e-07, 2.47101638706e-07, 1.59016551038e-07, 9.35807022984e-08, 7.04585758626e-08, 3.62329757309e-08],
        "dmean2": [0.00104763335548, 0.00315773719922, 0.00237865792587, 0.000715526868589, 0.000165203018696, 0.000132906177896, 7.9417215602e-05, 9.21021783142e-05, 8.68872593855e-05, 0.000148955543409, 0.000355772965122, 0.000130369677208, 0.000369005458197, 0.000217431705096, 9.84963189694e-05, 9.72873094724e-05, 0.000132423097966, 0.00013391597895, 0.000109541571874, 8.56076003402e-05, 5.25677169207e-05, 5.43817077414e-05, 5.14930579811e-05, 3.55100637535e-05, 4.36201698903e-05, 3.60216217814e-05, 2.32229540416e-05, 1.77541642188e-05, 1.5531819372e-05, 1.49488614625e-05, 9.08340643946e-06, 5.47055560673e-06, 2.98026225209e-06, 1.12168856958e-06, 6.39946051706e-07, 4.01192664867e-07, 2.57978172158e-07, 1.51956285777e-07, 1.14583500022e-07, 6.1514398908e-08],
        "dvar": [6.34811499367e-07, 3.36496395903e-06, 1.53566077188e-06, 1.92771111074e-07, 1.0307616094e-08, 6.39531094748e-09, 2.30695551551e-09, 3.74498787536e-09, 4.04945987853e-09, 9.26485910213e-09, 5.25172403343e-08, 6.51664011642e-09, 4.97296674951e-08, 1.89711695242e-08, 3.49688944468e-09, 3.97624422277e-09, 1.05160236075e-08, 7.87232234956e-09, 4.90660978514e-09, 2.28416086046e-09, 7.23639703715e-10, 8.17384937513e-10, 8.71890781795e-10, 3.93815341448e-10, 5.68769531473e-10, 3.62331720183e-10, 1.54756221726e-10, 9.9325457581e-11, 7.46444295263e-11, 7.29020038781e-11, 3.43396248936e-11, 1.31239663234e-11, 4.24160836662e-12, 6.76485885538e-13, 2.21691412515e-13, 9.38058970236e-14, 4.84228102223e-14, 1.70728841763e-14, 1.34600396286e-14, 4.90827852605e-15],
        "dvar2": [1.34698848342e-06, 8.91123272595e-06, 4.43391581939e-06, 5.54763516902e-07, 2.91330817248e-08, 1.65478208913e-08, 6.40035091592e-09, 9.28503940401e-09, 1.1253048271e-08, 2.18138609398e-08, 1.39542194688e-07, 1.85466291214e-08, 1.33705810867e-07, 5.0520377215e-08, 9.9641201956e-09, 1.08492930195e-08, 2.5005002513e-08, 2.01168237624e-08, 1.31863560071e-08, 6.34955998891e-09, 2.14792295061e-09, 2.27267649144e-09, 2.45974973723e-09, 1.05362396585e-09, 1.6707832895e-09, 1.00905728218e-09, 4.37726577207e-10, 2.77138451077e-10, 2.08328368445e-10, 1.98859886891e-10, 9.22200441011e-11, 3.2933652333e-11, 9.92922757903e-12, 1.81134014038e-12, 5.68832687117e-13, 2.19412799019e-13, 1.15563835628e-13, 3.98099522098e-14, 3.31807979259e-14, 1.3222039464e-14],
        "max": [0.00917016901076, 0.0158808417618, 0.00989822950214, 0.00401955936104, 0.00123318948317, 0.000915577227715, 0.000492861843668, 0.000848279276397, 0.000691475986969, 0.00154528184794, 0.00231547956355, 0.00092840421712, 0.00238951318897, 0.00175908952951, 0.000796962587629, 0.000783443159889, 0.00164579122793, 0.00114606390707, 0.000897264864761, 0.000598624406848, 0.000237469139392, 0.000358862424036, 0.000394161383156, 0.000326393230353, 0.000398366653826, 0.00021520840528, 0.000156656198669, 0.000113098241854, 0.000104077982542, 8.00949565019e-05, 6.01737410761e-05, 3.52040042344e-05, 2.17535871343e-05, 9.19949889067e-06, 5.45220609638e-06, 2.7897704058e-06, 2.33582636611e-06, 1.27175417219e-06, 1.05653305127e-06, 7.53777726459e-07],
        "mean": [0.000949491106439, 0.0032424214296, 0.00257269386202, 0.000601742474828, 0.000173186694155, 0.00014562717115, 7.98181936261e-05, 9.29744637688e-05, 9.37467120821e-05, 0.000178098198376, 0.000341806240613, 0.000156649315613, 0.000421118922532, 0.000263856054517, 0.000115290436952, 0.00010897408356, 0.000153603119543, 0.000173332882696, 0.000127283972688, 9.92809800664e-05, 7.29693711037e-05, 6.92431058269e-05, 6.36580080027e-05, 5.00934984302e-05, 5.9253838117e-05, 5.16002546647e-05, 3.36969533237e-05, 2.64501541096e-05, 2.43590075115e-05, 2.14392348425e-05, 1.30081416501e-05, 7.77650348027e-06, 4.20645255872e-06, 1.60640070135e-06, 8.65974641329e-07, 5.06275455336e-07, 3.15127948625e-07, 1.79619419782e-07, 1.1101952424e-07, 4.57361650774e-08],
        "median": [0.000584795721807, 0.00269178906456, 0.00223597045988, 0.000461004325189, 0.000141363212606, 0.000113946574857, 6.04880879109e-05, 6.8033397838e-05, 6.97984505678e-05, 0.000142133474583, 0.000242115624133, 0.000120183372928, 0.000343283463735, 0.000213362771319, 9.29827874643e-05, 8.98047292139e-05, 0.000111885776278, 0.000135665788548, 0.000104613987787, 8.61926600919e-05, 6.75518022035e-05, 6.10953429714e-05, 5.41119443369e-05, 4.56678280898e-05, 5.29747485416e-05, 4.68448160973e-05, 3.12245720124e-05, 2.46014460572e-05, 2.28678181884e-05, 1.94278891286e-05, 1.12949719551e-05, 6.36209324512e-06, 3.27681368617e-06, 1.31496744871e-06, 6.63336948037e-07, 3.28102061076e-07, 2.11464111999e-07, 1.22850664752e-07, 5.48611893691e-08, 2.07539123664e-08],
        "min": [1.0174396634e-23, 7.05227213113e-24, 1.28938352548e-23, 2.91681887685e-23, 2.02052032282e-23, 9.39578618734e-24, 1.01544668521e-23, 1.08916834004e-23, 3.81545829673e-24, 1.14600971256e-23, 4.2465755146e-24, 1.06793070563e-23, 5.68745875141e-24, 1.29554208368e-23, 8.91354604965e-24, 9.32152282172e-24, 6.16723251548e-24, 5.30550018971e-24, 7.12003528289e-24, 1.61036645242e-23, 4.69409788386e-24, 4.82438891198e-24, 1.17309004526e-23, 1.25988154758e-23, 1.35142648904e-23, 7.65855906845e-24, 4.65092904854e-24, 8.32680708556e-24, 1.48622356954e-23, 1.31203527194e-23, 1.04543610026e-23, 1.61872175159e-23, 1.14224077182e-23, 1.00270737045e-23, 1.00278909644e-23, 1.32918739572e-23, 1.21524125001e-23, 1.19174558015e-23, 7.27424496808e-24, 6.50519985437e-24],
        "var": [1.13397345558e-06, 5.47581703358e-06, 2.53291909758e-06, 2.43660821297e-07, 1.64605324926e-08, 1.35765212406e-08, 3.96796284718e-09, 6.88246215574e-09, 6.71557831566e-09, 1.8795429213e-08, 9.44974587469e-08, 1.44872123187e-08, 9.50478167283e-08, 3.55146489994e-08, 7.24414395137e-09, 5.89177728827e-09, 2.43497648711e-08, 1.72503789031e-08, 8.46007619515e-09, 3.24350657444e-09, 1.06011033285e-09, 1.47847312171e-09, 1.75830106031e-09, 6.22924767324e-10, 9.5600993788e-10, 6.51821319142e-10, 2.80206746694e-10, 1.77735451357e-10, 1.49235998559e-10, 1.39001407606e-10, 6.26000085102e-11, 2.86423940121e-11, 9.97478055015e-12, 1.17551693206e-12, 4.76396916707e-13, 2.00209694743e-13, 7.89285967855e-14, 2.73362875305e-14, 1.89192381244e-14, 4.72976675593e-15]
    },
    "mfcc": {
        "mean": [-574.080566406, 122.732345581, -50.9883117676, 45.6932067871, -8.52701377869, 26.6639003754, 10.131313324, 12.9676561356, 5.37177324295, 1.82403111458, -6.34615850449, -4.86529064178, -7.94488620758],
        "cov": [[526.897644043, -55.6881942749, 49.4345970154, -14.541144371, -30.999414444, 8.16089439392, -1.42697834969, -2.22497177124, 11.3823547363, -4.59125185013, 0.905699729919, -12.7686233521, -7.69902896881], [-55.6881942749, 205.349136353, -78.9502182007, 50.2858047485, 9.06852817535, 4.44836807251, -0.400612682104, 7.92109870911, -2.961176157, 15.238199234, -3.58200788498, 9.62892436981, 7.67286300659], [49.4345970154, -78.9502182007, 111.715065002, -20.7518024445, 20.0174999237, 0.942618370056, 1.58849322796, -2.95443582535, 6.92976713181, -5.8974313736, 9.85826587677, -0.539784729481, 1.28146421909], [-14.541144371, 50.2858047485, -20.7518024445, 71.5076980591, 5.7266998291, 11.8339986801, 5.8203291893, 8.93259239197, 4.74976491928, 11.5866250992, 5.36142158508, 7.29549884796, 4.81242609024], [-30.999414444, 9.06852817535, 20.0174999237, 5.7266998291, 74.046913147, 14.3792171478, 3.02143406868, -4.52343559265, 1.06291377544, -0.548954427242, 11.7641677856, 9.27990150452, 1.24018859863], [8.16089439392, 4.44836807251, 0.942618370056, 11.8339986801, 14.3792171478, 42.9877090454, 16.7253017426, 9.31112480164, 3.07208418846, 4.03683710098, 3.1484208107, 1.45261502266, 2.12152910233], [-1.42697834969, -0.400612682104, 1.58849322796, 5.8203291893, 3.02143406868, 16.7253017426, 46.4770126343, 21.9095516205, 9.20986938477, 0.914026141167, 3.27615618706, 3.05526781082, 6.17186307907], [-2.22497177124, 7.92109870911, -2.95443582535, 8.93259239197, -4.52343559265, 9.31112480164, 21.9095516205, 44.903717041, 18.3488712311, 2.64747238159, -0.899994850159, 2.21826457977, 4.22573947906], [11.3823547363, -2.961176157, 6.92976713181, 4.74976491928, 1.06291377544, 3.07208418846, 9.20986938477, 18.3488712311, 37.7439155579, 15.9397554398, 5.00428962708, -1.71531414986, 1.20640909672], [-4.59125185013, 15.238199234, -5.8974313736, 11.5866250992, -0.548954427242, 4.03683710098, 0.914026141167, 2.64747238159, 15.9397554398, 41.2937812805, 16.9371089935, 3.8028447628, 0.156361892819], [0.905699729919, -3.58200788498, 9.85826587677, 5.36142158508, 11.7641677856, 3.1484208107, 3.27615618706, -0.899994850159, 5.00428962708, 16.9371089935, 37.5278968811, 16.6315479279, 5.9906835556], [-12.7686233521, 9.62892436981, -0.539784729481, 7.29549884796, 9.27990150452, 1.45261502266, 3.05526781082, 2.21826457977, -1.71531414986, 3.8028447628, 16.6315479279, 36.0948181152, 18.4168128967], [-7.69902896881, 7.67286300659, 1.28146421909, 4.81242609024, 1.24018859863, 2.12152910233, 6.17186307907, 4.22573947906, 1.20640909672, 0.156361892819, 5.9906835556, 18.4168128967, 38.2189331055]],
