{
"lowlevel": {
    "average_loudness": 0.87170869112,
    "barkbands_crest": {
        "dmean": 5.05937385559,
        "dmean2": 8.14845943451,
        "dvar": 19.0790710449,
        "dvar2": 43.0901870728,
        "max": 25.943239212,
        "mean": 11.9350337982,
        "median": 11.2001724243,
        "min": 2.22368812561,
        "var": 34.6391601562
    },
    "barkbands_flatness_db": {
        "dmean": 0.0828543007374,
        "dmean2": 0.12303648144,
        "dvar": 0.00672633200884,
        "dvar2": 0.0138965873048,
        "max": 0.62018173933,
        "mean": 0.18005104363,
        "median": 0.148099601269,
        "min": 0.0204899795353,
        "var": 0.0164302680641
    },
    "barkbands_kurtosis": {
        "dmean": 11.6195402145,
        "dmean2": 19.7385025024,
        "dvar": 802.201049805,
        "dvar2": 2185.29223633,
        "max": 468.086364746,
        "mean": 8.79172134399,
        "median": 0.650580883026,
        "min": -1.88415455818,
        "var": 617.149963379
    },
    "barkbands_skewness": {
        "dmean": 1.47038984299,
        "dmean2": 2.28831791878,
        "dvar": 2.75633764267,
        "dvar2": 6.79293870926,
        "max": 18.7847709656,
        "mean": 1.74702179432,
        "median": 1.15509676933,
        "min": -1.78320527077,
        "var": 4.12176132202
    },
    "barkbands_spread": {
        "dmean": 15.4221944809,
        "dmean2": 23.500919342,
        "dvar": 278.520446777,
        "dvar2": 549.231445312,
        "max": 112.896064758,
        "mean": 28.5177783966,
        "median": 19.6648426056,
        "min": 0.153299182653,
        "var": 594.303771973
    },
    "dissonance": {
        "dmean": 0.0379207953811,
        "dmean2": 0.063613653183,
        "dvar": 0.00176116335206,
        "dvar2": 0.00457573495805,
        "max": 0.500000059605,
        "mean": 0.453089773655,
        "median": 0.471342533827,
        "min": 0.145578369498,
        "var": 0.00249441456981
    },
    "dynamic_complexity": 2.94600749016,
    "erbbands_crest": {
        "dmean": 4.47811937332,
        "dmean2": 6.90300559998,
        "dvar": 19.2874584198,
        "dvar2": 41.5283660889,
        "max": 30.4600124359,
        "mean": 12.3797779083,
        "median": 10.8347787857,
        "min": 2.68414354324,
        "var": 51.404296875
    },
    "erbbands_flatness_db": {
        "dmean": 0.0455403476954,
        "dmean2": 0.0693588703871,
        "dvar": 0.00272153085098,
        "dvar2": 0.0047938413918,
        "max": 0.427106440067,
        "mean": 0.171985968947,
        "median": 0.144688129425,
        "min": 0.0388165265322,
        "var": 0.00723060080782
    },
    "erbbands_kurtosis": {
        "dmean": 2.64799714088,
        "dmean2": 4.06347417831,
        "dvar": 14.6047277451,
        "dvar2": 31.588350296,
        "max": 36.7864189148,
        "mean": 1.99373078346,
        "median": 0.364295840263,
        "min": -1.88935124874,
        "var": 24.1965732574
    },
    "erbbands_skewness": {
        "dmean": 0.821372330189,
        "dmean2": 1.29189193249,
        "dvar": 0.675982952118,
        "dvar2": 1.64439535141,
        "max": 4.35009860992,
        "mean": -0.0201615486294,
        "median": -0.101298347116,
        "min": -4.32270765305,
        "var": 1.13878393173
    },
    "erbbands_spread": {
        "dmean": 13.5705413818,
        "dmean2": 20.8064556122,
        "dvar": 173.999053955,
        "dvar2": 385.846160889,
        "max": 120.965950012,
        "mean": 34.2587242126,
        "median": 30.4851760864,
        "min": 2.17063236237,
        "var": 418.594299316
    },
    "hfc": {
        "dmean": 33.0335960388,
        "dmean2": 51.3206634521,
        "dvar": 2790.98193359,
        "dvar2": 6590.84130859,
        "max": 416.704589844,
        "mean": 30.8061580658,
        "median": 7.73237037659,
        "min": 1.1208914046e-16,
        "var": 3018.40820312
    },
    "melbands_crest": {
        "dmean": 5.77737092972,
        "dmean2": 9.5640745163,
        "dvar": 19.8765087128,
        "dvar2": 51.7422828674,
        "max": 34.8816146851,
        "mean": 16.422454834,
        "median": 16.3065299988,
        "min": 1.53896737099,
        "var": 37.6296920776
    },
    "melbands_flatness_db": {
        "dmean": 0.111629828811,
        "dmean2": 0.162422254682,
        "dvar": 0.0105623127893,
        "dvar2": 0.0223981607705,
        "max": 0.797710776329,
        "mean": 0.269430667162,
        "median": 0.238341391087,
        "min": 0.00417329464108,
        "var": 0.0268893688917
    },
    "melbands_kurtosis": {
        "dmean": 19.2949123383,
        "dmean2": 31.6662559509,
        "dvar": 1014.98803711,
        "dvar2": 2505.86352539,
        "max": 343.664611816,
        "mean": 18.886133194,
        "median": 5.51365804672,
        "min": -1.85033619404,
        "var": 1130.64794922
    },
    "melbands_skewness": {
        "dmean": 1.63876020908,
        "dmean2": 2.61824297905,
        "dvar": 2.66490864754,
        "dvar2": 6.21679210663,
        "max": 13.7444038391,
        "mean": 2.92699813843,
        "median": 2.26288676262,
        "min": -0.844259977341,
        "var": 4.73343801498
    },
    "melbands_spread": {
        "dmean": 19.6643600464,
        "dmean2": 30.4392795563,
        "dvar": 505.654388428,
        "dvar2": 1145.70812988,
        "max": 168.41065979,
        "mean": 28.4987239838,
        "median": 19.3594284058,
        "min": 0.270613789558,
        "var": 789.536071777
    },
    "pitch_salience": {
        "dmean": 0.147185891867,
        "dmean2": 0.233623549342,
        "dvar": 0.0155529929325,
        "dvar2": 0.0385976992548,
        "max": 0.88670694828,
        "mean": 0.479889243841,
        "median": 0.466793775558,
        "min": 0.073426194489,
        "var": 0.0267604738474
    },
    "silence_rate_20dB": {
        "dmean": 0,
        "dmean2": 0,
        "dvar": 0,
        "dvar2": 0,
        "max": 1,
        "mean": 1,
        "median": 1,
        "min": 1,
        "var": 0
    },
    "silence_rate_30dB": {
        "dmean": 0.00103145954199,
        "dmean2": 0.00206398358569,
        "dvar": 0.00103040435351,
        "dvar2": 0.00205975398421,
        "max": 1,
        "mean": 0.998453617096,
        "median": 1,
        "min": 0,
        "var": 0.00154399359599
    },
    "silence_rate_60dB": {
        "dmean": 0.130479633808,
        "dmean2": 0.260577917099,
        "dvar": 0.113454818726,
        "dvar2": 0.263886034489,
        "max": 1,
        "mean": 0.105154640973,
        "median": 0,
        "min": 0,
        "var": 0.0940973758698
    },
    "spectral_centroid": {
        "dmean": 617.217041016,
        "dmean2": 954.94909668,
        "dvar": 450097.9375,
        "dvar2": 901287.25,
        "max": 10640.1455078,
        "mean": 1433.74389648,
        "median": 1151.93786621,
        "min": 100.185661316,
        "var": 954787.125
    },
    "spectral_complexity": {
        "dmean": 10.408457756,
        "dmean2": 15.6160993576,
        "dvar": 125.115447998,
        "dvar2": 229.185836792,
        "max": 63,
        "mean": 15.2458763123,
        "median": 7,
        "min": 0,
        "var": 252.284698486
    },
    "spectral_decrease": {
        "dmean": 3.5450893332e-09,
        "dmean2": 5.9277884823e-09,
        "dvar": 1.88502831441e-17,
        "dvar2": 4.66910401649e-17,
        "max": -7.91608725769e-29,
        "mean": -5.52261569808e-09,
        "median": -3.41203754139e-09,
        "min": -5.1388909128e-08,
        "var": 3.41956763014e-17
    },
    "spectral_energy": {
        "dmean": 0.0159077029675,
        "dmean2": 0.0263359285891,
        "dvar": 0.000323477725033,
        "dvar2": 0.000788632314652,
        "max": 0.195622056723,
        "mean": 0.0236378032714,
        "median": 0.0152419917285,
        "min": 1.04655852375e-20,
        "var": 0.000582831387874
    },
    "spectral_energyband_high": {
        "dmean": 0.00238303933293,
        "dmean2": 0.00370856351219,
        "dvar": 2.22610415221e-05,
        "dvar2": 5.39586144441e-05,
        "max": 0.0448545701802,
        "mean": 0.00208652555011,
        "median": 0.000150821433635,
        "min": 7.4526719447e-21,
        "var": 2.18089426198e-05
    },
    "spectral_energyband_low": {
        "dmean": 0.00785418599844,
        "dmean2": 0.0117913046852,
        "dvar": 0.000146496386151,
        "dvar2": 0.000309139548335,
        "max": 0.191776275635,
        "mean": 0.0115241874009,
        "median": 0.0051354682073,
        "min": 4.92660453825e-23,
        "var": 0.000275031721685
    },
    "spectral_energyband_middle_high": {
        "dmean": 0.00556125771254,
        "dmean2": 0.0085877077654,
        "dvar": 5.26265794178e-05,
        "dvar2": 0.000120121723739,
        "max": 0.0513731837273,
        "mean": 0.00542305409908,
        "median": 0.00187520601321,
        "min": 1.70156625778e-21,
        "var": 6.67626809445e-05
    },
    "spectral_energyband_middle_low": {
        "dmean": 0.00590037042275,
        "dmean2": 0.00984023232013,
        "dvar": 0.000128667859826,
        "dvar2": 0.000315379846143,
        "max": 0.112430259585,
        "mean": 0.005445972085,
        "median": 0.00209104130045,
        "min": 2.61146053921e-22,
        "var": 0.000109585394966
    },
    "spectral_entropy": {
        "dmean": 0.567660331726,
        "dmean2": 0.871291995049,
        "dvar": 0.404980689287,
        "dvar2": 0.820417225361,
        "max": 9.77752113342,
        "mean": 7.38451147079,
        "median": 7.73201847076,
        "min": 4.11842012405,
        "var": 0.909254431725
    },
    "spectral_flux": {
        "dmean": 0.0458076968789,
        "dmean2": 0.070357427001,
        "dvar": 0.00202239467762,
        "dvar2": 0.00410065613687,
        "max": 0.340276628733,
        "mean": 0.107736244798,
        "median": 0.0980858355761,
        "min": 1.02301445093e-10,
        "var": 0.00414799293503
    },
    "spectral_kurtosis": {
        "dmean": 11.6903429031,
        "dmean2": 18.9397354126,
        "dvar": 453.093658447,
        "dvar2": 952.799926758,
        "max": 226.246505737,
        "mean": 15.2384195328,
        "median": 4.519302845,
        "min": -1.24275267124,
        "var": 667.740783691
    },
    "spectral_rms": {
        "dmean": 0.00166368193459,
        "dmean2": 0.00262085348368,
        "dvar": 2.42188252741e-06,
        "dvar2": 5.81564700042e-06,
        "max": 0.013814875856,
        "mean": 0.00419933581725,
        "median": 0.00385619373992,
        "min": 3.19536020907e-12,
        "var": 5.42684711036e-06
    },
    "spectral_rolloff": {
        "dmean": 1842.54882812,
        "dmean2": 2984.5456543,
        "dvar": 9060940,
        "dvar2": 15476905,
        "max": 18863.0859375,
        "mean": 2510.10253906,
        "median": 925.927734375,
        "min": 64.599609375,
        "var": 13596331
    },
    "spectral_skewness": {
        "dmean": 1.00067484379,
        "dmean2": 1.5856757164,
        "dvar": 1.80058348179,
        "dvar2": 3.62805366516,
        "max": 12.7509946823,
        "mean": 2.35418367386,
        "median": 1.5577955246,
        "min": 0.0299557540566,
        "var": 3.37157344818
    },
    "spectral_spread": {
        "dmean": 1416855.75,
        "dmean2": 2305868.25,
        "dvar": 3.49512322253e+12,
        "dvar2": 6.05858247475e+12,
        "max": 42059052,
        "mean": 4557927,
        "median": 3962656.5,
        "min": 552063.125,
        "var": 6.89120791757e+12
    },
    "spectral_strongpeak": {
        "dmean": 0.521014809608,
        "dmean2": 0.894175350666,
        "dvar": 0.606896340847,
        "dvar2": 1.48359191418,
        "max": 8.1858549118,
        "mean": 0.555833399296,
        "median": 0.254084825516,
        "min": 0,
        "var": 0.621384978294
    },
    "zerocrossingrate": {
        "dmean": 0.0337951555848,
        "dmean2": 0.0364724434912,
        "dvar": 0.00151771516539,
        "dvar2": 0.00180907419417,
        "max": 0.49951171875,
        "mean": 0.0691084116697,
        "median": 0.04052734375,
        "min": 0.0029296875,
        "var": 0.00498582050204
    },
    "barkbands": {
        "dmean": [0.000151033804286, 0.00601736083627, 0.00291276723146, 0.00187125452794, 0.00280830264091, 0.000868801493198, 0.000662817037664, 0.000286165944999, 0.000400738033932, 0.00071723619476, 0.00131197157316, 0.000765658565797, 0.000264489819529, 0.000400744058425, 0.000493896892294, 0.000394965289161, 0.000446332473075, 0.000436123344116, 0.000605955836363, 0.000434011570178, 0.00022116182663, 0.000237429179833, 0.000370746914996, 0.000383804639569, 0.000413111003581, 0.000363027240383, 0.000226026109885],
        "dmean2": [0.000244776747422, 0.00987494271249, 0.00449059391394, 0.00326971476898, 0.00516690732911, 0.00150519469753, 0.0011842144886, 0.000516525004059, 0.000695400871336, 0.00123170029838, 0.00209084362723, 0.00123397738207, 0.000393190683099, 0.000686281535309, 0.000845395028591, 0.000617720826995, 0.000724968907889, 0.000665279454552, 0.000995522015728, 0.000698756775819, 0.0003335433139, 0.000369716639398, 0.000602503016125, 0.000609246315435, 0.000667883490678, 0.000589946866967, 0.000371164118405],
        "dvar": [5.17976879166e-08, 0.000104902414023, 3.54067415174e-05, 1.99920013984e-05, 8.07824399089e-05, 1.94003018805e-06, 1.77363847342e-06, 5.36239667781e-07, 1.04157936676e-06, 2.00503518499e-06, 6.97767654856e-06, 3.59736418432e-06, 2.70195755547e-07, 6.76227500662e-07, 7.02047771028e-07, 4.24502275109e-07, 8.43139332574e-07, 7.1430446269e-07, 1.56471367063e-06, 6.34205889583e-07, 1.66165719406e-07, 2.58580570289e-07, 8.53180779359e-07, 7.5791922427e-07, 8.68733195603e-07, 8.06357206784e-07, 3.90659295135e-07],
        "dvar2": [1.14167789889e-07, 0.000247776391916, 7.36954534659e-05, 5.19738205185e-05, 0.000230273377383, 5.13933764523e-06, 4.80111157231e-06, 1.49741481437e-06, 2.7898352073e-06, 5.34391938345e-06, 1.74756296474e-05, 9.00362738321e-06, 5.76293871291e-07, 1.67662926742e-06, 1.62063793141e-06, 9.3549687108e-07, 1.95775055545e-06, 1.6295508658e-06, 3.72268459614e-06, 1.46216495978e-06, 3.53837805278e-07, 6.03220996709e-07, 2.20285733121e-06, 1.8895748326e-06, 2.16965372601e-06, 2.00026101993e-06, 9.61814862421e-07],
        "max": [0.00453968299553, 0.132420778275, 0.0588937997818, 0.0410023778677, 0.0961392745376, 0.0129398163408, 0.0135973412544, 0.017760425806, 0.0144172469154, 0.0147883705795, 0.039135068655, 0.0263475421816, 0.00461522210389, 0.00884840264916, 0.00603185826913, 0.00587246799842, 0.00795585848391, 0.0102607784793, 0.0107125863433, 0.00708639249206, 0.00332174869254, 0.00593308126554, 0.0148842073977, 0.00960143841803, 0.00819719582796, 0.00894584320486, 0.00437503075227],
        "mean": [0.000215658597881, 0.00753055512905, 0.00299960444681, 0.0014620127622, 0.00203397171572, 0.000831073673908, 0.000528326316271, 0.000206342345336, 0.000306153582642, 0.000598746817559, 0.00121659832075, 0.000667924236041, 0.000267623749096, 0.000334526819643, 0.000409192522056, 0.000356496399036, 0.000415462622186, 0.000415472546592, 0.000538231164683, 0.000429276668001, 0.000229996163398, 0.000215518375626, 0.000300678133499, 0.000318169681123, 0.000330281938659, 0.00030099201831, 0.000178925678483],
        "median": [0.000123766803881, 0.00316480174661, 0.000460411945824, 0.000325552304275, 0.00044496828923, 0.000289912015432, 6.39509380562e-05, 2.76051305264e-05, 5.37790656381e-05, 0.000145104742842, 0.000258074083831, 8.67325870786e-05, 3.60961566912e-05, 3.55200754711e-05, 4.78498113807e-05, 4.55550434708e-05, 4.01391225751e-05, 4.64267213829e-05, 4.78873917018e-05, 4.71361090604e-05, 2.28720637097e-05, 1.18434581964e-05, 1.40449192259e-05, 1.23054815049e-05, 5.96502104599e-06, 6.80686980559e-06, 4.12452550336e-07],
        "min": [3.68734065929e-23, 6.53021660583e-24, 3.03661813382e-23, 2.17624761863e-23, 5.55824641169e-23, 3.12605602781e-23, 7.08512645234e-23, 4.31197050592e-23, 3.27456761292e-23, 4.97119379651e-23, 1.03136198552e-22, 1.43619763969e-22, 5.87325939708e-23, 1.22791803966e-22, 1.32892530457e-22, 2.16250730249e-22, 1.28584239199e-22, 1.93667245498e-22, 3.73310765533e-22, 4.28004928095e-22, 4.08900155853e-22, 5.68332100241e-22, 5.56364890983e-22, 1.00459520295e-21, 9.99383823722e-22, 1.8051639652e-21, 2.00473522242e-21],
        "var": [1.25637086512e-07, 0.0001432744466, 4.3473977712e-05, 1.4641321286e-05, 4.73402542411e-05, 1.76055664269e-06, 1.46301385939e-06, 3.77889847414e-07, 7.77053799084e-07, 1.6383755792e-06, 6.74292778058e-06, 3.18365187013e-06, 3.72856220565e-07, 6.654322533e-07, 7.26494192804e-07, 5.3784526699e-07, 9.19933938803e-07, 8.32813952911e-07, 1.65233643656e-06, 7.85810243542e-07, 2.28031282745e-07, 2.83349322672e-07, 7.04660749307e-07, 6.65129675781e-07, 7.47147453239e-07, 7.25275583591e-07, 3.3676599287e-07]
    },
    "erbbands": {
        "dmean": [0.136406555772, 1.50703787804, 3.50431489944, 4.7059264183, 8.98910903931, 8.36289596558, 6.8062081337, 7.01358795166, 8.76022338867, 8.97465801239, 5.75056266785, 10.240940094, 14.1353721619, 59.5254325867, 25.765171051, 26.4388561249, 15.019408226, 15.098195076, 25.7849006653, 27.5597305298, 22.1873130798, 25.6259822845, 24.3145370483, 32.8218688965, 26.9193229675, 20.123128891, 11.3349409103, 8.67810440063, 8.34868335724, 10.1079053879, 10.0353136063, 9.15386486053, 5.59501600266, 4.70260953903, 2.73313331604, 1.29006910324, 0.708702206612, 0.432359755039, 0.021865349263, 0.000355341093382],
        "dmean2": [0.225240781903, 2.46450686455, 5.37745666504, 7.62241363525, 16.2539024353, 15.4083108902, 11.8629226685, 12.2657880783, 15.4199342728, 16.2511482239, 10.2731246948, 17.6807556152, 23.6247577667, 95.7275009155, 41.1491508484, 43.0252990723, 22.3172283173, 24.9365444183, 44.1537666321, 47.5010871887, 34.8583221436, 41.0044555664, 37.7235527039, 53.7355003357, 45.6711120605, 32.6051330566, 17.2391662598, 13.3175077438, 12.909409523, 16.7496814728, 16.1219387054, 14.519692421, 9.0785369873, 7.75932359695, 4.3993806839, 2.05748963356, 1.16555428505, 0.707360386848, 0.0356392636895, 0.000575981743168],
        "dvar": [0.049759093672, 7.24224662781, 48.1137619019, 95.4216995239, 802.716491699, 766.158691406, 157.415740967, 152.893753052, 267.988922119, 462.597045898, 164.51385498, 750.758972168, 759.413085938, 14344.0595703, 1981.11633301, 4157.66113281, 987.839477539, 795.795349121, 2581.40063477, 2648.44921875, 1264.42260742, 2724.77490234, 2406.40966797, 4861.41943359, 2876.59619141, 1391.44848633, 458.250946045, 289.090209961, 286.653656006, 654.281616211, 569.791809082, 485.386932373, 162.090316772, 133.531921387, 36.4417610168, 8.52652359009, 3.26213645935, 1.37911725044, 0.00360895111226, 8.2778859678e-07],
        "dvar2": [0.127321854234, 16.7958488464, 95.8853302002, 228.862747192, 2217.19384766, 2203.07519531, 434.531921387, 408.643371582, 709.42779541, 1275.75585938, 454.665313721, 2006.82824707, 1981.60021973, 36660.8984375, 4943.03417969, 10848.6279297, 2263.83911133, 1728.0168457, 6648.953125, 6704.94335938, 2567.79785156, 6401.74902344, 5546.234375, 11616.2900391, 7205.10791016, 3266.16625977, 965.75982666, 658.896362305, 648.136779785, 1738.86987305, 1412.43041992, 1227.30297852, 406.861236572, 346.929168701, 89.9295730591, 21.352689743, 8.12215614319, 3.40669131279, 0.00886959675699, 2.02292653739e-06],
        "max": [4.05161380768, 36.7179794312, 89.7749328613, 106.388946533, 333.003540039, 383.152618408, 197.852737427, 112.624359131, 205.98789978, 259.595550537, 301.584136963, 374.192077637, 330.9659729, 1681.95532227, 545.799499512, 1047.96032715, 471.504882812, 329.994720459, 527.633605957, 432.264099121, 295.149688721, 418.759002686, 503.776031494, 661.527709961, 474.686462402, 347.688293457, 243.604553223, 188.281524658, 152.496353149, 336.568511963, 325.710479736, 282.397125244, 126.846542358, 130.702850342, 49.647693634, 28.251291275, 16.8699531555, 8.97242259979, 0.422939062119, 0.00670384895056],
        "mean": [0.177790910006, 1.80026364326, 3.87566447258, 4.2795624733, 6.4678068161, 6.26605606079, 6.57389450073, 6.41251993179, 7.29563617706, 6.67372465134, 4.21938800812, 7.82762670517, 12.3143854141, 54.1146697998, 23.9274616241, 22.5867061615, 14.7325716019, 14.0664491653, 20.3782863617, 22.2252998352, 20.9483890533, 23.5317974091, 22.6026496887, 28.9368019104, 24.7561092377, 19.643075943, 11.6769094467, 8.26819419861, 7.68983602524, 8.34039878845, 8.30358409882, 7.75169324875, 4.50515317917, 3.63193154335, 2.22937035561, 1.07806622982, 0.580118536949, 0.342415124178, 0.017244676128, 0.00029832823202],
        "median": [0.0822294801474, 0.696678519249, 0.901410758495, 1.08471918106, 1.12647998333, 1.37933039665, 2.52383518219, 1.84770274162, 1.18509674072, 0.880534768105, 0.685225367546, 1.30806231499, 3.14531517029, 12.7452526093, 7.22203779221, 3.37089204788, 1.94443464279, 1.85588049889, 2.28935623169, 2.67443656921, 2.57278990746, 2.38911700249, 2.29922676086, 2.75889229774, 2.59440493584, 2.1770825386, 1.249979496, 0.701047182083, 0.466977357864, 0.480935156345, 0.381991147995, 0.323842585087, 0.153391093016, 0.0758445188403, 0.0383891090751, 0.0221648924053, 0.0114533770829, 0.00329916412011, 9.0161433036e-05, 3.19765495078e-05],
        "min": [2.79716950346e-22, 1.92820526378e-21, 2.36639134937e-20, 4.76479135727e-20, 1.55481986116e-19, 1.35916760635e-19, 2.26619156904e-19, 3.60283375484e-19, 8.58359738177e-19, 8.00876165676e-19, 1.24928705343e-18, 7.39655132674e-19, 7.61336570505e-19, 3.7200380098e-18, 3.50720030229e-18, 5.62993228333e-18, 2.86368976808e-18, 3.83619443373e-18, 8.04568637892e-18, 1.26708899351e-17, 8.50806131618e-18, 7.92527948742e-18, 1.04134933639e-17, 1.6563497673e-17, 1.71907503858e-17, 2.25614521234e-17, 1.83957755217e-17, 1.58761188558e-17, 2.31247836273e-17, 1.69552983876e-17, 1.72227358058e-17, 1.81359398933e-17, 1.68986001197e-17, 1.04640473342e-17, 8.29270815243e-18, 7.79659251798e-18, 2.94560194863e-18, 1.05215399023e-18, 2.77261428751e-19, 3.1179161167e-20],
        "var": [0.0922509208322, 9.02093887329, 62.7674369812, 90.9670791626, 505.563995361, 445.731903076, 121.079750061, 133.38973999, 235.064071655, 336.844726562, 116.29573822, 565.804016113, 690.900817871, 13239.9414062, 1909.78234863, 3346.57470703, 1160.20446777, 1024.68713379, 2266.62744141, 2416.59716797, 1740.02233887, 2918.85668945, 2667.93457031, 4995.23095703, 2999.24145508, 1676.25549316, 628.560424805, 339.919708252, 332.97845459, 514.934265137, 514.239257812, 410.791900635, 139.294174194, 105.692253113, 32.2851982117, 7.64583873749, 2.93738126755, 1.18791770935, 0.00309852557257, 7.23258153812e-07]
    },
    "gfcc": {
        "mean": [-58.4300613403, 93.1607055664, -86.801109314, 27.4588699341, -30.9513835907, 18.4556407928, -21.043340683, 12.4394159317, -28.9314022064, -2.98247718811, -11.5924186707, 10.3431015015, -3.29117655754],
        "cov": [[17097.9863281, -7404.87695312, -2293.3515625, 1221.72192383, -1536.67346191, 82.1786956787, -1404.38134766, 339.394958496, -91.3945846558, 858.261962891, -501.100250244, -82.7032394409, -1082.6920166], [-7404.87695312, 5398.24707031, 546.476013184, -616.858032227, 920.418151855, -299.317138672, 617.132873535, -413.588470459, 74.482635498, -528.185180664, 400.304351807, -107.897521973, 562.816894531], [-2293.3515625, 546.476013184, 1306.89465332, -338.121429443, 261.245605469, 2.2208969593, 226.879623413, -15.1047172546, -8.22809886932, -80.3783035278, 35.3408279419, 69.5173568726, 90.1199951172], [1221.72192383, -616.858032227, -338.121429443, 714.901062012, -93.4350128174, 44.2380638123, -124.350067139, 14.8507871628, 55.4522323608, 118.582389832, -16.6715736389, -77.4420013428, -163.087905884], [-1536.67346191, 920.418151855, 261.245605469, -93.4350128174, 404.43536377, 1.91921985149, 162.074996948, -104.053726196, -8.93088722229, -99.881439209, 91.1528625488, -1.40534996986, 103.789657593], [82.1786956787, -299.317138672, 2.2208969593, 44.2380638123, 1.91921985149, 270.927093506, 58.6850738525, 20.0670318604, -56.2958679199, -4.85874176025, -25.9916610718, 44.7278747559, 16.4159889221], [-1404.38134766, 617.132873535, 226.879623413, -124.350067139, 162.074996948, 58.6850738525, 276.585510254, -8.01532840729, -2.63566446304, -123.990852356, 38.2020111084, 20.3324928284, 125.641830444], [339.394958496, -413.588470459, -15.1047172546, 14.8507871628, -104.053726196, 20.0670318604, -8.01532840729, 160.546737671, 48.9813652039, 48.4542236328, -66.7962341309, 5.28124475479, -27.4053401947], [-91.3945846558, 74.482635498, -8.22809886932, 55.4522323608, -8.93088722229, -56.2958679199, -2.63566446304, 48.9813652039, 139.929763794, 53.364982605, 28.7338104248, -36.0977020264, -16.6287250519], [858.261962891, -528.185180664, -80.3783035278, 118.582389832, -99.881439209, -4.85874176025, -123.990852356, 48.4542236328, 53.364982605, 174.722213745, 18.2641029358, 8.26689815521, -125.549758911], [-501.100250244, 400.304351807, 35.3408279419, -16.6715736389, 91.1528625488, -25.9916610718, 38.2020111084, -66.7962341309, 28.7338104248, 18.2641029358, 146.424728394, 26.1892280579, 21.67329216], [-82.7032394409, -107.897521973, 69.5173568726, -77.4420013428, -1.40534996986, 44.7278747559, 20.3324928284, 5.28124475479, -36.0977020264, 8.26689815521, 26.1892280579, 97.3044128418, 41.2511291504], [-1082.6920166, 562.816894531, 90.1199951172, -163.087905884, 103.789657593, 16.4159889221, 125.641830444, -27.4053401947, -16.6287250519, -125.549758911, 21.67329216, 41.2511291504, 194.78817749]],
        "icov": [[0.000258590880549, 0.00030433491338, 0.000264465750661, 6.59945217194e-05, 3.55604825018e-05, 0.000101604746305, 0.00032229963108, 0.000270173943136, -4.412663111e-05, 0.000219614579692, -6.64809776936e-05, 9.83549762168e-05, 0.000417850038502], [0.00030433491338, 0.00109350308776, 0.000336884433636, 0.000326118053636, -0.00055363815045, 0.000604721950367, -4.9678124924e-05, 0.000793904124293, -0.00028334086528, 0.0009506054339, -0.00143317948096, 0.00160666718148, -0.000555269361939], [0.000264465750661, 0.000336884433636, 0.00138862279709, 0.000486797944177, -0.000626416469458, 0.000310514267767, -0.000476750981761, 0.000489879515953, -0.000487278914079, 0.000147092403495, 0.000570335658267, -0.000910134753212, 0.00112825038377], [6.59945217194e-05, 0.000326118053636, 0.000486797944177, 0.00223282747902, -0.000322566804243, -0.00059494539164, 3.06803417516e-06, 0.000684688799083, -0.000927858054638, -2.00588128791e-05, -0.000339256948791, 0.00138717878144, 0.00103697751183], [3.55604825018e-05, -0.00055363815045, -0.000626416469458, -0.000322566804243, 0.00513853970915, -0.000536723760888, -0.00110177905299, 0.00149219064042, 0.000397005293053, -0.000453517073765, -0.000657784985378, 0.00054890231695, -0.00025654930505], [0.000101604746305, 0.000604721950367, 0.000310514267767, -0.00059494539164, -0.000536723760888, 0.00564958620816, -0.0024427245371, 0.000120626944408, 0.00233103567734, -0.00166394386906, 0.000634681258816, -0.000686477986164, -0.00122060393915], [0.00032229963108, -4.9678124924e-05, -0.000476750981761, 3.06803417516e-06, -0.00110177905299, -0.0024427245371, 0.00997944083065, -0.00346563057974, -0.00154573074542, 0.00682031502947, -0.0030865506269, -0.000900082872249, 0.000824627350084], [0.000270173943136, 0.000793904124293, 0.000489879515953, 0.000684688799083, 0.00149219064042, 0.000120626944408, -0.00346563057974, 0.01494281739, -0.00672639301047, -0.00348441372626, 0.00783608946949, -0.00315056997351, 6.21603758191e-05], [-4.412663111e-05, -0.00028334086528, -0.000487278914079, -0.000927858054638, 0.000397005293053, 0.00233103567734, -0.00154573074542, -0.00672639301047, 0.0170008335263, -0.00854784529656, -0.00500532332808, 0.00976361241192, -0.00590422563255], [0.000219614579692, 0.0009506054339, 0.000147092403495, -2.00588128791e-05, -0.000453517073765, -0.00166394386906, 0.00682031502947, -0.00348441372626, -0.00854784529656, 0.0254791881889, -0.00714090466499, -0.00787456892431, 0.0120365414768], [-6.64809776936e-05, -0.00143317948096, 0.000570335658267, -0.000339256948791, -0.000657784985378, 0.000634681258816, -0.0030865506269, 0.00783608946949, -0.00500532332808, -0.00714090466499, 0.0185587778687, -0.00927917473018, 0.00148412666749], [9.83549762168e-05, 0.00160666718148, -0.000910134753212, 0.00138717878144, 0.00054890231695, -0.000686477986164, -0.000900082872249, -0.00315056997351, 0.00976361241192, -0.00787456892431, -0.00927917473018, 0.0261858124286, -0.0113654294983], [0.000417850038502, -0.000555269361939, 0.00112825038377, 0.00103697751183, -0.00025654930505, -0.00122060393915, 0.000824627350084, 6.21603758191e-05, -0.00590422563255, 0.0120365414768, 0.00148412666749, -0.0113654294983, 0.0186191741377]]
    },
    "melbands": {
        "dmean": [0.00145006738603, 0.00183560047299, 0.000826821429655, 0.000684700615238, 0.000244511000346, 0.00015932469978, 0.000134806905407, 9.0670917416e-05, 4.40702024207e-05, 6.5711356001e-05, 6.69594082865e-05, 0.000230644393014, 0.00011570026254, 7.52023406676e-05, 6.06762441748e-05, 2.37284693867e-05, 2.89018989861e-05, 4.39304894826e-05, 3.88525804738e-05, 3.08716989821e-05, 2.60178821918e-05, 2.75873771898e-05, 2.27068267122e-05, 2.14900683204e-05, 2.80139975075e-05, 1.99475325644e-05, 1.78038535523e-05, 1.28411174956e-05, 7.90566082287e-06, 5.05679327034e-06, 5.25255154571e-06, 4.48174978374e-06, 4.90655793328e-06, 6.28525594948e-06, 5.89248793403e-06, 5.76098727834e-06, 5.84962299399e-06, 4.0207874008e-06, 3.39698658536e-06, 4.36916116087e-06],
        "dmean2": [0.00237720110454, 0.00277418806218, 0.00131054059602, 0.00125607149675, 0.000431761611253, 0.000276741513517, 0.000239168701228, 0.000163998876815, 7.88330435171e-05, 0.000113599926408, 0.000113506765047, 0.000372065231204, 0.000184656790225, 0.000119917334814, 9.83783975244e-05, 3.53007308149e-05, 4.88020232297e-05, 7.77178356657e-05, 6.69976434438e-05, 5.1419086958e-05, 4.11646833527e-05, 4.49295221188e-05, 3.55643715011e-05, 3.30367583956e-05, 4.63307551399e-05, 3.30533621309e-05, 3.01436721202e-05, 2.0681112801e-05, 1.21893717733e-05, 8.02437443781e-06, 8.20592049422e-06, 6.85692475599e-06, 7.89051955508e-06, 1.06508587123e-05, 9.50767298491e-06, 9.23820607568e-06, 9.39427354751e-06, 6.49473577141e-06, 5.78389790462e-06, 7.28727627575e-06],
        "dvar": [5.53520703761e-06, 1.13432643047e-05, 2.92702657134e-06, 5.08060747961e-06, 2.76817161193e-07, 7.27414786184e-08, 6.35302157548e-08, 4.73125574274e-08, 8.61723936652e-09, 3.30166365359e-08, 2.10875921169e-08, 2.09107071214e-07, 4.27064961173e-08, 3.87829643955e-08, 3.58145619828e-08, 2.03148853295e-09, 3.2991109844e-09, 9.80855752175e-09, 5.0113926342e-09, 3.74458464236e-09, 1.84944171089e-09, 3.29059290927e-09, 2.43182962656e-09, 1.91924098836e-09, 3.70038821806e-09, 1.40094547074e-09, 1.25847821053e-09, 5.76589664902e-10, 2.40824082898e-10, 9.41895242357e-11, 1.29461455445e-10, 8.54732118416e-11, 1.40168820995e-10, 2.94369251197e-10, 1.94771698769e-10, 2.14568182666e-10, 1.96971161603e-10, 8.06777769591e-11, 7.36781885502e-11, 1.20191481767e-10],
        "dvar2": [1.37158576763e-05, 2.292710451e-05, 6.33161880614e-06, 1.4386496332e-05, 7.81971209562e-07, 1.9403316287e-07, 1.69156834318e-07, 1.30357719286e-07, 2.36503403528e-08, 8.84062174578e-08, 5.46156115888e-08, 5.36651725724e-07, 1.09416077976e-07, 9.37274364787e-08, 9.44895859334e-08, 3.94195431852e-09, 7.64535901254e-09, 2.63768402675e-08, 1.26784192034e-08, 9.2921599304e-09, 3.92471388722e-09, 7.87465115337e-09, 5.89877302559e-09, 4.41361835968e-09, 8.92439189215e-09, 3.33512351069e-09, 3.25658899847e-09, 1.34761679593e-09, 5.26759025288e-10, 2.1825580232e-10, 3.05106606646e-10, 1.90568547054e-10, 3.50353662748e-10, 8.10728595368e-10, 4.78417583327e-10, 5.53255274927e-10, 4.93126317558e-10, 2.00374827841e-10, 1.93522142755e-10, 3.13759573878e-10],
        "max": [0.0312254671007, 0.0498908944428, 0.0161356572062, 0.0235122144222, 0.0092886807397, 0.00240138731897, 0.00280502648093, 0.0028200536035, 0.00203488022089, 0.00258666835725, 0.00186942494474, 0.00624430505559, 0.00255127437413, 0.00272025889717, 0.00382185727358, 0.000482871779241, 0.000698009622283, 0.00106927927118, 0.000531991652679, 0.000578351609875, 0.000362812133972, 0.000511718797497, 0.00051129917847, 0.000580459891353, 0.000537843559869, 0.000327652727719, 0.000292602635454, 0.0002253431594, 0.000193795873201, 8.09356424725e-05, 0.000143626122735, 8.22322908789e-05, 0.000164910336025, 0.000271596945822, 0.000176441491931, 0.000195728702238, 0.000177265595994, 8.82902968442e-05, 0.000115385933896, 0.000113120309834],
        "mean": [0.00187592743896, 0.00223582936451, 0.000813092745375, 0.000485058932099, 0.00022860430181, 0.000148728926433, 0.000111064327939, 6.71328089084e-05, 3.18932397931e-05, 5.01646718476e-05, 5.69037256355e-05, 0.000208586207009, 0.000106629362563, 6.75286210026e-05, 5.10148202011e-05, 2.49718232226e-05, 2.56498769886e-05, 3.3387390431e-05, 3.08423295792e-05, 2.6433783205e-05, 2.43675676757e-05, 2.49752902164e-05, 2.09300615097e-05, 1.98336438189e-05, 2.42582809733e-05, 1.79396520252e-05, 1.66945301316e-05, 1.23242298287e-05, 8.02892282081e-06, 5.00618898513e-06, 4.75025899505e-06, 4.16131433667e-06, 4.27158738603e-06, 4.95248104926e-06, 4.84355041408e-06, 4.72561941933e-06, 4.91531591251e-06, 3.27060274685e-06, 2.56696762335e-06, 3.3271569464e-06],
        "median": [0.000851222721394, 0.000751733896323, 0.000195096101379, 8.61533626448e-05, 9.4409668236e-05, 4.63649339508e-05, 1.73745247594e-05, 7.85896281741e-06, 4.80374910694e-06, 8.09087396192e-06, 1.05159997474e-05, 4.95271306136e-05, 3.08509188471e-05, 9.65304661804e-06, 5.05784919369e-06, 3.38992185789e-06, 3.2147827369e-06, 3.14785324917e-06, 3.70145880879e-06, 3.28681653627e-06, 2.97791279991e-06, 2.49867775892e-06, 1.81807195077e-06, 2.16107036977e-06, 2.14827332456e-06, 1.77707465809e-06, 1.85560577393e-06, 1.19757828543e-06, 8.91141098691e-07, 4.97917881148e-07, 3.51455469172e-07, 2.41768816522e-07, 2.3380755465e-07, 2.66981004415e-07, 2.12772903296e-07, 2.05520080954e-07, 1.90576969317e-07, 1.10558772803e-07, 6.45221547302e-08, 6.0398832602e-08],
        "min": [3.78996349557e-24, 9.48021087028e-24, 1.31769542782e-23, 1.0537195342e-23, 8.06673463347e-24, 6.98227098098e-24, 1.42393243034e-23, 7.61084323887e-24, 1.0577099082e-23, 4.18822741775e-24, 3.69478387748e-24, 1.44741681948e-23, 1.35856110484e-23, 1.33897984168e-23, 1.2499451345e-23, 4.96779554151e-24, 7.2084942005e-24, 1.39158929099e-23, 1.27671647038e-23, 1.52472313716e-23, 9.98832406794e-24, 8.58655610469e-24, 7.57629192008e-24, 9.58401865452e-24, 1.36129955659e-23, 1.43224307997e-23, 1.01660757291e-23, 1.59520896344e-23, 1.16743620027e-23, 8.75154084099e-24, 9.62712438096e-24, 1.36591739056e-23, 9.08952198494e-24, 9.88926207091e-24, 1.03197040238e-23, 9.08653220211e-24, 1.14751667355e-23, 1.31992088332e-23, 8.63064869612e-24, 9.02772735479e-24],
        "var": [8.53416986502e-06, 1.59976243594e-05, 3.22004643749e-06, 3.02785588246e-06, 1.86546671443e-07, 6.41236113097e-08, 5.48082219609e-08, 3.46454065436e-08, 6.0843081684e-09, 2.47770497452e-08, 1.94259826003e-08, 1.91229148072e-07, 3.97480803827e-08, 3.74317252749e-08, 2.7360067989e-08, 3.25300653081e-09, 3.78314890526e-09, 7.56636708843e-09, 4.44973302649e-09, 3.6928919922e-09, 2.38995045976e-09, 3.41121064729e-09, 2.48037013151e-09, 2.10906025977e-09, 3.7024612265e-09, 1.55526425072e-09, 1.30176602831e-09, 6.8467376213e-10, 3.10434400408e-10, 1.10205455872e-10, 1.36697361763e-10, 1.02080822961e-10, 1.30124355735e-10, 2.06527961399e-10, 1.77850539851e-10, 1.78845674381e-10, 1.65393032603e-10, 7.0671933583e-11, 5.61878633898e-11, 9.34638200167e-11]
    },
    "mfcc": {
        "mean": [-711.940246582, 129.409042358, 12.2499895096, 25.7599239349, 15.2707986832, 11.4097938538, 18.0161075592, 16.3564586639, 2.03145241737, 0.654113650322, -10.9909219742, -3.96729707718, 5.9952673912],
        "cov": [[17189.6933594, -6400.60205078, -2300.40258789, 147.798614502, -418.833129883, -486.507843018, -930.542419434, -747.70324707, -506.854187012, 406.868896484, 537.250427246, 374.082366943, -347.276611328], [-6400.60205078, 3958.00244141, 606.31842041, -59.600605011, 225.799758911, 138.942871094, 319.638519287, 198.536437988, 79.3209075928, -262.580627441, -277.285125732, -164.303131104, 194.241424561], [-2300.40258789, 606.31842041, 925.915527344, -77.0986328125, 61.6918792725, 69.9172363281, 124.186447144, 115.893737793, 95.0453948975, -65.7432479858, -20.5233364105, -33.9861335754, 39.8248062134], [147.798614502, -59.600605011, -77.0986328125, 438.833068848, 90.8433303833, 29.2352809906, -34.3547058105, -45.9236793518, -50.4509086609, 69.7388000488, 65.8917236328, 77.9535903931, -43.4441184998], [-418.833129883, 225.799758911, 61.6918792725, 90.8433303833, 187.674606323, 85.8697967529, 30.866268158, -6.68881034851, -14.6085329056, -16.552116394, 14.9654760361, 26.43019104, 24.6756820679], [-486.507843018, 138.942871094, 69.9172363281, 29.2352809906, 85.8697967529, 227.803604126, 128.702011108, 53.1495094299, -7.90204000473, -37.5384750366, -30.9797077179, 13.4053878784, 23.8254890442], [-930.542419434, 319.638519287, 124.186447144, -34.3547058105, 30.866268158, 128.702011108, 202.949584961, 107.691543579, 30.1089458466, -57.8436927795, -71.8186798096, -35.1290588379, 27.6621246338], [-747.70324707, 198.536437988, 115.893737793, -45.9236793518, -6.68881034851, 53.1495094299, 107.691543579, 138.398620605, 87.2508239746, -9.66289424896, -58.7853507996, -53.836566925, 5.84192037582], [-506.854187012, 79.3209075928, 95.0453948975, -50.4509086609, -14.6085329056, -7.90204000473, 30.1089458466, 87.2508239746, 127.267951965, 41.600933075, -29.4855709076, -67.0405960083, -20.5402946472], [406.868896484, -262.580627441, -65.7432479858, 69.7388000488, -16.552116394, -37.5384750366, -57.8436927795, -9.66289424896, 41.600933075, 112.789535522, 66.6169128418, 11.04002285, -42.8203086853], [537.250427246, -277.285125732, -20.5233364105, 65.8917236328, 14.9654760361, -30.9797077179, -71.8186798096, -58.7853507996, -29.4855709076, 66.6169128418, 150.592025757, 109.812911987, -11.0280132294], [374.082366943, -164.303131104, -33.9861335754, 77.9535903931, 26.43019104, 13.4053878784, -35.1290588379, -53.836566925, -67.0405960083, 11.04002285, 109.812911987, 157.02722168, 45.7638130188], [-347.276611328, 194.241424561, 39.8248062134, -43.4441184998, 24.6756820679, 23.8254890442, 27.6621246338, 5.84192037582, -20.5402946472, -42.8203086853, -11.0280132294, 45.7638130188, 94.8638000488]],
