{
"lowlevel": {
    "average_loudness": 0.863530516624,
    "barkbands_crest": {
        "dmean": 2.31726431847,
        "dmean2": 3.51827740669,
        "dvar": 4.80170059204,
        "dvar2": 11.2303180695,
        "max": 24.7230548859,
        "mean": 11.3348741531,
        "median": 10.6970643997,
        "min": 3.85875225067,
        "var": 15.896697998
    },
    "barkbands_flatness_db": {
        "dmean": 0.0203173086047,
        "dmean2": 0.0299496799707,
        "dvar": 0.000408810155932,
        "dvar2": 0.000797585351393,
        "max": 0.339105963707,
        "mean": 0.224796026945,
        "median": 0.225323438644,
        "min": 0.0486098155379,
        "var": 0.00221966183744
    },
    "barkbands_kurtosis": {
        "dmean": 2.30146431923,
        "dmean2": 3.46117138863,
        "dvar": 9.55121994019,
        "dvar2": 20.2668895721,
        "max": 50.042175293,
        "mean": 4.26031970978,
        "median": 2.81534337997,
        "min": -1.82015049458,
        "var": 26.6677970886
    },
    "barkbands_skewness": {
        "dmean": 0.453030079603,
        "dmean2": 0.655960083008,
        "dvar": 0.220697656274,
        "dvar2": 0.443706899881,
        "max": 6.36117839813,
        "mean": 1.35322368145,
        "median": 1.27079451084,
        "min": -2.80220723152,
        "var": 1.10373497009
    },
    "barkbands_spread": {
        "dmean": 2.17980957031,
        "dmean2": 3.15102028847,
        "dvar": 17.7128124237,
        "dvar2": 28.197063446,
        "max": 72.502166748,
        "mean": 8.19775009155,
        "median": 6.49962663651,
        "min": 1.61116731167,
        "var": 55.8611869812
    },
    "dissonance": {
        "dmean": 0.0383915044367,
        "dmean2": 0.0630080699921,
        "dvar": 0.00117538764607,
        "dvar2": 0.00312315183692,
        "max": 0.497196406126,
        "mean": 0.400428682566,
        "median": 0.407991677523,
        "min": 0.0919444859028,
        "var": 0.00279276701622
    },
    "dynamic_complexity": 3.25631570816,
    "erbbands_crest": {
        "dmean": 2.45013666153,
        "dmean2": 3.77919054031,
        "dvar": 5.14507579803,
        "dvar2": 12.0559139252,
        "max": 27.9011802673,
        "mean": 10.95515728,
        "median": 10.1676263809,
        "min": 3.17859721184,
        "var": 15.9568433762
    },
    "erbbands_flatness_db": {
        "dmean": 0.016723793,
        "dmean2": 0.0240644421428,
        "dvar": 0.000308615970425,
        "dvar2": 0.000564783171285,
        "max": 0.413504391909,
        "mean": 0.265636563301,
        "median": 0.266850918531,
        "min": 0.0850587189198,
        "var": 0.00289009814151
    },
    "erbbands_kurtosis": {
        "dmean": 1.10941243172,
        "dmean2": 1.70983684063,
        "dvar": 2.15527391434,
        "dvar2": 4.68825435638,
        "max": 19.1800861359,
        "mean": 1.27468323708,
        "median": 0.678314685822,
        "min": -1.70623373985,
        "var": 4.6017870903
    },
    "erbbands_skewness": {
        "dmean": 0.3478038311,
        "dmean2": 0.510367453098,
        "dvar": 0.12519583106,
        "dvar2": 0.260491847992,
        "max": 2.87264513969,
        "mean": 0.611336648464,
        "median": 0.627906322479,
        "min": -2.05340266228,
        "var": 0.424387454987
    },
    "erbbands_spread": {
        "dmean": 4.05806732178,
        "dmean2": 5.89745473862,
        "dvar": 44.8894615173,
        "dvar2": 87.4557495117,
        "max": 115.806022644,
        "mean": 19.1473808289,
        "median": 15.7808361053,
        "min": 1.65012443066,
        "var": 181.184661865
    },
    "hfc": {
        "dmean": 4.76282405853,
        "dmean2": 6.9595823288,
        "dvar": 118.837768555,
        "dvar2": 283.035705566,
        "max": 173.928314209,
        "mean": 11.2219133377,
        "median": 6.44180345535,
        "min": 1.1302644859e-16,
        "var": 211.960708618
    },
    "melbands_crest": {
        "dmean": 2.61060738564,
        "dmean2": 3.98635601997,
        "dvar": 6.07976436615,
        "dvar2": 13.3847236633,
        "max": 30.895614624,
        "mean": 14.2362890244,
        "median": 13.5760326385,
        "min": 2.82047820091,
        "var": 21.1417560577
    },
    "melbands_flatness_db": {
        "dmean": 0.0214930418879,
        "dmean2": 0.0303991921246,
        "dvar": 0.000508378550876,
        "dvar2": 0.000877015350852,
        "max": 0.420555382967,
        "mean": 0.292014330626,
        "median": 0.296933829784,
        "min": 0.00603212974966,
        "var": 0.00275356136262
    },
    "melbands_kurtosis": {
        "dmean": 3.34768176079,
        "dmean2": 4.99899435043,
        "dvar": 26.9405460358,
        "dvar2": 56.9838218689,
        "max": 97.1750411987,
        "mean": 6.94726467133,
        "median": 4.00914001465,
        "min": -1.52806353569,
        "var": 82.7519302368
    },
    "melbands_skewness": {
        "dmean": 0.48745405674,
        "dmean2": 0.712871909142,
        "dvar": 0.260773032904,
        "dvar2": 0.553774893284,
        "max": 7.57406616211,
        "mean": 1.76177859306,
        "median": 1.58846342564,
        "min": -2.19758605957,
        "var": 1.50099802017
    },
    "melbands_spread": {
        "dmean": 3.1332256794,
        "dmean2": 4.34341812134,
        "dvar": 41.3083343506,
        "dvar2": 60.9451293945,
        "max": 162.499099731,
        "mean": 11.3505210876,
        "median": 9.25080680847,
        "min": 1.66061401367,
        "var": 115.317230225
    },
    "pitch_salience": {
        "dmean": 0.0676557868719,
        "dmean2": 0.10449180752,
        "dvar": 0.00385910854675,
        "dvar2": 0.0095899598673,
        "max": 0.874847948551,
        "mean": 0.568851947784,
        "median": 0.569956183434,
        "min": 0.230808869004,
        "var": 0.0129729704931
    },
    "silence_rate_20dB": {
        "dmean": 0,
        "dmean2": 0,
        "dvar": 0,
        "dvar2": 0,
        "max": 1,
        "mean": 1,
        "median": 1,
        "min": 1,
        "var": 0
    },
    "silence_rate_30dB": {
        "dmean": 0.0123711340129,
        "dmean2": 0.0247550290078,
        "dvar": 0.0122179836035,
        "dvar2": 0.0292997211218,
        "max": 1,
        "mean": 0.990211248398,
        "median": 1,
        "min": 0,
        "var": 0.0096928672865
    },
    "silence_rate_60dB": {
        "dmean": 0.0365979373455,
        "dmean2": 0.0732336267829,
        "dvar": 0.0352584570646,
        "dvar2": 0.078183427453,
        "max": 1,
        "mean": 0.0515198335052,
        "median": 0,
        "min": 0,
        "var": 0.0488661676645
    },
    "spectral_centroid": {
        "dmean": 107.743209839,
        "dmean2": 150.578567505,
        "dvar": 80259.015625,
        "dvar2": 98696.2109375,
        "max": 10515.8144531,
        "mean": 675.899353027,
        "median": 587.512512207,
        "min": 273.743804932,
        "var": 174016.734375
    },
    "spectral_complexity": {
        "dmean": 1.66649484634,
        "dmean2": 2.52088713646,
        "dvar": 2.53674888611,
        "dvar2": 5.01285982132,
        "max": 26,
        "mean": 10.6846990585,
        "median": 10,
        "min": 0,
        "var": 11.4101514816
    },
    "spectral_decrease": {
        "dmean": 2.2099406749e-09,
        "dmean2": 3.33898197979e-09,
        "dvar": 2.27604204936e-17,
        "dvar2": 5.6436428847e-17,
        "max": -8.90526895125e-29,
        "mean": -4.72781991334e-09,
        "median": -3.13117776152e-09,
        "min": -6.41935855583e-08,
        "var": 3.0496299609e-17
    },
    "spectral_energy": {
        "dmean": 0.0087463632226,
        "dmean2": 0.0132026644424,
        "dvar": 0.000359092839062,
        "dvar2": 0.000889674585778,
        "max": 0.256503105164,
        "mean": 0.0188617482781,
        "median": 0.0123758176342,
        "min": 1.05879304199e-20,
        "var": 0.000485721509904
    },
    "spectral_energyband_high": {
        "dmean": 6.95998533047e-05,
        "dmean2": 8.33798403619e-05,
        "dvar": 9.97726061769e-08,
        "dvar2": 1.26493503672e-07,
        "max": 0.0084722135216,
        "mean": 0.000129923268105,
        "median": 1.76332632691e-05,
        "min": 7.57673691968e-21,
        "var": 3.61526133474e-07
    },
    "spectral_energyband_low": {
        "dmean": 0.000169677194208,
        "dmean2": 0.000231973172049,
        "dvar": 1.10836325007e-07,
        "dvar2": 2.00363118097e-07,
        "max": 0.00619114376605,
        "mean": 0.000619289232418,
        "median": 8.31040815683e-05,
        "min": 1.26282090642e-22,
        "var": 1.16685885132e-06
    },
    "spectral_energyband_middle_high": {
        "dmean": 0.00131375016645,
        "dmean2": 0.00183248124085,
        "dvar": 1.34837500809e-05,
        "dvar2": 3.00897499983e-05,
        "max": 0.0819360092282,
        "mean": 0.00393340084702,
        "median": 0.00183678395115,
        "min": 1.57061706407e-21,
        "var": 4.1480139771e-05
    },
    "spectral_energyband_middle_low": {
        "dmean": 0.00798511877656,
        "dmean2": 0.0122059844434,
        "dvar": 0.000287390546873,
        "dvar2": 0.000715815636795,
        "max": 0.213703051209,
        "mean": 0.0144650451839,
        "median": 0.00898275710642,
        "min": 4.76270088849e-22,
        "var": 0.000346151035046
    },
    "spectral_entropy": {
        "dmean": 0.16852337122,
        "dmean2": 0.244705215096,
        "dvar": 0.0322234146297,
        "dvar2": 0.0556770116091,
        "max": 9.8090801239,
        "mean": 6.47125053406,
        "median": 6.42779159546,
        "min": 5.38942623138,
        "var": 0.190839186311
    },
    "spectral_flux": {
        "dmean": 0.0287408716977,
        "dmean2": 0.0433685034513,
        "dvar": 0.00179229583591,
        "dvar2": 0.00392841175199,
        "max": 0.466290026903,
        "mean": 0.0573286898434,
        "median": 0.0406856574118,
        "min": 1.02897669552e-10,
        "var": 0.00260371319018
    },
    "spectral_kurtosis": {
        "dmean": 7.46012783051,
        "dmean2": 12.8134889603,
        "dvar": 59.7186355591,
        "dvar2": 171.034454346,
        "max": 91.5418548584,
        "mean": 17.6011276245,
        "median": 14.3472194672,
        "min": -1.19911205769,
        "var": 157.328384399
    },
    "spectral_rms": {
        "dmean": 0.000828942458611,
        "dmean2": 0.00118474150077,
        "dvar": 1.59047920079e-06,
        "dvar2": 3.59378964276e-06,
        "max": 0.015819195658,
        "mean": 0.00385594973341,
        "median": 0.00347476173192,
        "min": 3.2139831161e-12,
        "var": 3.53330278813e-06
    },
    "spectral_rolloff": {
        "dmean": 204.842529297,
        "dmean2": 329.772613525,
        "dvar": 476893.59375,
        "dvar2": 739670.0625,
        "max": 18540.0878906,
        "mean": 950.044433594,
        "median": 839.794921875,
        "min": 193.798828125,
        "var": 906517.25
    },
    "spectral_skewness": {
        "dmean": 0.573573708534,
        "dmean2": 0.956014156342,
        "dvar": 0.266613334417,
        "dvar2": 0.738414287567,
        "max": 7.32989692688,
        "mean": 2.95093345642,
        "median": 2.85847854614,
        "min": 0.0198471918702,
        "var": 1.06282234192
    },
    "spectral_spread": {
        "dmean": 399498.875,
        "dmean2": 597316.25,
        "dvar": 679016333312,
        "dvar2": 679056506880,
        "max": 40916608,
        "mean": 2501424.25,
        "median": 2242105.25,
        "min": 858883.875,
        "var": 2.02626026701e+12
    },
    "spectral_strongpeak": {
        "dmean": 0.423589885235,
        "dmean2": 0.669325947762,
        "dvar": 0.402039200068,
        "dvar2": 0.972523391247,
        "max": 8.79359531403,
        "mean": 1.186191082,
        "median": 0.853784441948,
        "min": 0,
        "var": 1.12967717648
    },
    "zerocrossingrate": {
        "dmean": 0.00537033844739,
        "dmean2": 0.00593290664256,
        "dvar": 0.000209405770875,
        "dvar2": 0.000200595517526,
        "max": 0.49658203125,
        "mean": 0.0342010706663,
        "median": 0.02978515625,
        "min": 0.0029296875,
        "var": 0.000587803835515
    },
    "barkbands": {
        "dmean": [2.73334444501e-05, 1.69645172718e-05, 0.000106410567241, 0.000181632465683, 0.00167850858998, 0.00292188581079, 0.00158423092216, 0.00142020033672, 0.00167496653739, 0.000747398356907, 0.000537695537787, 0.000293376418995, 0.000107284111436, 7.51558764023e-05, 6.82662794134e-05, 3.98594129365e-05, 1.16812580018e-05, 1.51366648424e-05, 9.08935180632e-06, 2.74684425676e-05, 1.37887282108e-05, 1.4232610738e-05, 2.38773500314e-05, 1.38156547109e-05, 3.09435904455e-06, 1.06856487037e-06, 1.49430050556e-07],
        "dmean2": [3.7844383769e-05, 2.88271639874e-05, 0.000136036120239, 0.000280716456473, 0.00275215879083, 0.00450640032068, 0.00263772951439, 0.00223007588647, 0.00260866060853, 0.00110036460683, 0.000730449042749, 0.000417745002778, 0.000146914913785, 9.79070464382e-05, 9.42386686802e-05, 6.00944767939e-05, 1.700757457e-05, 2.30006316997e-05, 1.34977499329e-05, 3.92838337575e-05, 1.90670562006e-05, 1.9923576474e-05, 3.08336893795e-05, 2.14730407606e-05, 4.62668594992e-06, 1.5976783061e-06, 2.52356215924e-07],
        "dvar": [8.36627600531e-10, 4.34636465707e-10, 6.64290951136e-08, 1.73821703697e-07, 1.05557064671e-05, 4.28856692452e-05, 1.60385152412e-05, 2.48318101512e-05, 3.03135166178e-05, 7.17140346751e-06, 1.58770194503e-06, 3.94962512473e-07, 1.27241619907e-07, 7.47836637061e-08, 5.59594326432e-08, 6.73956677133e-08, 8.55095272367e-10, 1.35650035649e-09, 9.3298346826e-10, 1.81776336206e-08, 2.78477041427e-09, 8.7630178669e-09, 3.01880511699e-08, 1.25225216863e-08, 4.20770834841e-10, 2.9372910354e-11, 1.530459353e-12],
        "dvar2": [1.54113710682e-09, 1.13533915602e-09, 1.0449272736e-07, 3.55817121545e-07, 2.59414282482e-05, 0.000108567284769, 4.30941108789e-05, 6.21210419922e-05, 7.37587179174e-05, 1.76463836397e-05, 3.39534221894e-06, 7.48847924115e-07, 2.28637915711e-07, 8.60212097109e-08, 9.09140851491e-08, 1.7244741457e-07, 1.66909086552e-09, 3.04186098532e-09, 2.15288120664e-09, 4.06572056022e-08, 5.27482546531e-09, 1.9501905868e-08, 5.35511262001e-08, 2.23419949208e-08, 9.44389455526e-10, 6.80795558816e-11, 4.39872487393e-12],
        "max": [0.000344151048921, 0.000337679171935, 0.005593420472, 0.00659374799579, 0.0604968070984, 0.0679001063108, 0.070085644722, 0.0773648023605, 0.0863361135125, 0.050544321537, 0.021164862439, 0.0147724170238, 0.0143187027425, 0.0121915405616, 0.00787869375199, 0.0103593524545, 0.000772958504967, 0.000625824497547, 0.000718128168955, 0.00260706036352, 0.001505414024, 0.00318764732219, 0.00547951646149, 0.00239689042792, 0.000426195387263, 0.000101380195701, 2.97722435789e-05],
        "mean": [4.36965638073e-05, 2.81467346213e-05, 0.000420466938522, 0.000395328213926, 0.00318806781434, 0.00424558389932, 0.00222313753329, 0.00209541199729, 0.00193786481395, 0.00124882138334, 0.00141548120882, 0.000670229957905, 0.000252333149547, 0.000213115970837, 0.000181205832632, 8.61157677718e-05, 2.45545670623e-05, 2.69788797596e-05, 1.55784564413e-05, 4.6270321036e-05, 2.18805816985e-05, 2.03617182706e-05, 3.52868773916e-05, 2.04325988307e-05, 3.9027031562e-06, 1.36141511575e-06, 1.46900930531e-07],
        "median": [2.85655150947e-05, 1.64050761668e-05, 7.34806599212e-06, 8.24293092592e-05, 0.0015678225318, 0.00174431840423, 0.000583178887609, 0.000455958099337, 0.00043447475764, 0.000300804415019, 0.000522410497069, 0.000258775573457, 8.46531402203e-05, 6.15119424765e-05, 6.11511204625e-05, 3.02201042359e-05, 1.08684707811e-05, 1.00588113128e-05, 4.72607825941e-06, 7.70066162659e-06, 4.55238887298e-06, 2.44759712587e-06, 9.20285117445e-07, 6.27013605481e-07, 2.94950666557e-07, 7.46018713471e-08, 1.90183646609e-09],
        "min": [4.26967904171e-23, 8.10821972407e-23, 2.44574964067e-23, 5.7918850026e-24, 6.55373270719e-23, 6.20882883547e-23, 1.51950980787e-22, 5.94477247803e-23, 1.2595858194e-22, 4.16358640074e-23, 8.33995802794e-23, 1.56599403625e-22, 1.08180156248e-22, 9.30786827054e-23, 1.13362404415e-22, 8.60286517281e-23, 1.35764388049e-22, 4.09811422727e-22, 1.75529111855e-22, 4.55743549442e-22, 4.28942322042e-22, 4.53560133917e-22, 5.01400849639e-22, 7.63523803661e-22, 1.35796641732e-21, 1.49825461342e-21, 2.44203770301e-21],
        "var": [2.13817208383e-09, 1.39347100525e-09, 8.31164356896e-07, 7.84492385719e-07, 2.30407877098e-05, 4.83954390802e-05, 2.51746223512e-05, 3.38272911904e-05, 3.19626306009e-05, 1.22936262414e-05, 6.30065915175e-06, 1.38467817123e-06, 4.8893582516e-07, 6.48531283787e-07, 2.36514907215e-07, 1.30429214096e-07, 2.08424899562e-09, 2.61179211591e-09, 1.8269405988e-09, 3.26554392416e-08, 5.42358158384e-09, 1.2104330871e-08, 7.84660585396e-08, 2.20465441458e-08, 5.56869272916e-10, 4.71813907388e-11, 1.4071491368e-12]
    },
    "erbbands": {
        "dmean": [0.000931123853661, 0.00400195969269, 0.0813383534551, 0.358447223902, 2.23586416245, 7.08224201202, 15.9496488571, 23.3940544128, 25.1194877625, 22.8505496979, 38.8044128418, 33.908657074, 21.6282405853, 25.6884250641, 14.1732845306, 10.5719976425, 6.6746878624, 4.48087787628, 3.0921318531, 2.38103961945, 1.63132071495, 0.624971032143, 0.699016749859, 0.698480188847, 0.625497043133, 1.40075492859, 0.782036244869, 0.408092200756, 0.511078774929, 0.838595688343, 0.533110558987, 0.418381720781, 0.158402696252, 0.0401095449924, 0.0191859602928, 0.00675684213638, 0.00158890767489, 0.000383445905754, 1.52350648932e-05, 1.01228961285e-05],
        "dmean2": [0.00159985339269, 0.00619476800784, 0.104691915214, 0.537959516048, 3.6483361721, 11.6911878586, 23.0403156281, 38.0524711609, 43.0331268311, 34.7349472046, 61.670463562, 52.3243713379, 32.1335906982, 36.917098999, 20.0314102173, 14.8920202255, 9.0647687912, 5.76594734192, 4.35331678391, 3.30126047134, 2.41903543472, 0.922319948673, 1.0411554575, 1.03254830837, 0.962192416191, 1.98560273647, 1.0746948719, 0.578101575375, 0.719170689583, 1.07582712173, 0.720278084278, 0.575860619545, 0.241474211216, 0.0611800886691, 0.0279040634632, 0.0101506514475, 0.00238794460893, 0.000594924960751, 2.38650773099e-05, 1.51696694957e-05],
        "dvar": [8.13500719232e-07, 5.89681003476e-05, 0.0367703400552, 0.470532357693, 19.8227462769, 231.934204102, 961.103271484, 3675.2109375, 5459.11083984, 6743.08056641, 20496.4570312, 13602.9160156, 4797.70117188, 10054.2998047, 1912.62438965, 533.821594238, 297.782867432, 250.275405884, 167.79095459, 66.8350906372, 85.4337081909, 3.28636455536, 3.42878293991, 2.84596800804, 9.79020118713, 46.7946395874, 8.06112098694, 2.93837976456, 12.4985961914, 36.5621528625, 13.5309734344, 9.1368637085, 2.06602787971, 0.0824961960316, 0.0177403613925, 0.00142401235644, 7.52052292228e-05, 5.15849933436e-06, 8.66005667177e-09, 4.69645156098e-10],
        "dvar2": [2.15510476664e-06, 0.00012298663205, 0.0594059638679, 0.996224045753, 48.0986099243, 590.747802734, 2100.77612305, 9637.8046875, 15632.7646484, 16588.1367188, 51470.5742188, 32091.1757812, 12156.8779297, 25375.5683594, 3613.12719727, 971.001220703, 547.829284668, 294.589324951, 267.920776367, 141.608764648, 214.844909668, 6.88437318802, 7.35618829727, 6.29967308044, 23.6862010956, 104.140899658, 15.0472373962, 5.64072227478, 29.2334117889, 67.5152587891, 25.5988998413, 15.1920976639, 4.21302604675, 0.189258739352, 0.0366957969964, 0.00309077161364, 0.000171341715031, 1.18830739666e-05, 2.29760352966e-08, 1.15834575265e-09],
        "max": [0.00776560790837, 0.172622263432, 4.5345454216, 12.57508564, 61.0739860535, 281.368530273, 409.842010498, 658.167724609, 1164.56945801, 2029.77392578, 2552.98388672, 1824.70849609, 1324.76599121, 2664.70727539, 1123.96838379, 531.260375977, 593.653991699, 669.045654297, 498.336364746, 284.690338135, 355.061462402, 48.1273994446, 40.2616081238, 30.1139087677, 82.5130844116, 148.986236572, 64.4318084717, 41.1944770813, 125.65537262, 192.068634033, 110.709403992, 84.6202850342, 37.1129417419, 7.35413169861, 3.68195772171, 0.775400519371, 0.175512850285, 0.0521128512919, 0.00262262346223, 0.00029289314989],
        "mean": [0.00129426596686, 0.0127199999988, 0.333375394344, 1.01909577847, 4.27402162552, 13.0860795975, 31.5764579773, 27.5718536377, 30.1230773926, 42.7393417358, 46.4594993591, 40.630569458, 34.8578224182, 54.0318222046, 39.5195922852, 25.811882019, 17.0797595978, 13.1448316574, 9.05992507935, 6.63339281082, 3.64032196999, 1.42484605312, 1.38609576225, 1.15667819977, 1.12190854549, 2.28920435905, 1.30182147026, 0.646461546421, 0.710504472256, 1.16040670872, 0.827704846859, 0.642992198467, 0.194299399853, 0.0474328398705, 0.0254516918212, 0.00870670098811, 0.00200571189635, 0.000493000086863, 2.28558783419e-05, 2.20908550546e-05],
        "median": [0.00103137851693, 0.00246536685154, 0.0116184158251, 0.2181545645, 1.50799977779, 5.85003852844, 15.2537231445, 10.9287414551, 8.33169555664, 11.7881631851, 11.7713108063, 9.04767131805, 7.94360351562, 19.5579433441, 12.3243989944, 10.3489027023, 6.63519048691, 3.90052008629, 3.40228676796, 2.6024646759, 1.40805923939, 0.693885028362, 0.563483834267, 0.408243447542, 0.271555453539, 0.352193713188, 0.237725630403, 0.139672473073, 0.100776806474, 0.0531200170517, 0.0260978341103, 0.0171157754958, 0.00684309005737, 0.00347676873207, 0.00174042652361, 0.000490875157993, 8.52205630508e-05, 1.21351813505e-05, 7.98352357378e-06, 1.45780677485e-05],
        "min": [2.27888662655e-21, 1.82499501454e-20, 3.70746583385e-20, 2.30770013841e-20, 1.22327863381e-19, 2.12315420504e-19, 2.50322947934e-19, 6.45087605746e-19, 2.10476851327e-18, 1.71828284771e-18, 1.10716687764e-18, 1.79849144978e-18, 2.63024637112e-18, 2.98443828518e-18, 4.4629562149e-18, 5.22987423828e-18, 4.89114377744e-18, 4.84775319123e-18, 5.035595155e-18, 5.84064785898e-18, 6.00254530283e-18, 8.62256131094e-18, 1.88124611378e-17, 1.28025688168e-17, 1.21333540586e-17, 2.1131653891e-17, 1.46039134193e-17, 1.79045195733e-17, 1.47945057586e-17, 1.6833471227e-17, 1.46008098376e-17, 1.33934934115e-17, 1.56623042479e-17, 1.3061240602e-17, 1.07803388666e-17, 6.59330322066e-18, 2.57456264024e-18, 1.29103496234e-18, 3.28337892871e-19, 3.51670247495e-20],
        "var": [1.07397295324e-06, 0.000639465288259, 0.506387174129, 2.69523096085, 55.6050605774, 492.461425781, 2093.87109375, 3182.77490234, 5028.13720703, 12670.1943359, 19003.5664062, 15545.0986328, 7780.30810547, 14639.9863281, 8143.45751953, 2015.63879395, 1190.64453125, 2160.08081055, 589.611083984, 259.883728027, 156.889556885, 7.30345582962, 7.64475774765, 5.04499387741, 15.6075210571, 86.1035232544, 18.4808750153, 5.41091871262, 14.0655679703, 86.0379104614, 37.3870658875, 21.4757137299, 2.53292632103, 0.0978158041835, 0.027073238045, 0.00229500001296, 0.000115387403639, 9.47688022279e-06, 9.25365650772e-09, 6.53863352351e-10]
    },
    "gfcc": {
        "mean": [-99.0897445679, 147.782058716, -146.689407349, -13.479475975, -78.9410858154, -9.23639011383, -38.2905731201, -19.5211372375, -25.5235843658, -6.71682596207, -8.71719169617, -4.37429618835, 2.42817378044],
        "cov": [[3443.53320312, -814.829589844, -50.3062820435, 83.8411712646, -428.902069092, -60.01902771, -171.880279541, -36.0113639832, -166.346862793, 11.8758163452, -151.490692139, 53.9489746094, -196.104125977], [-814.829589844, 1165.35668945, -139.869613647, -277.130706787, 198.640716553, -182.908447266, 171.028305054, -117.176467896, 130.045333862, -81.664894104, 50.5142936707, -103.746620178, 148.918746948], [-50.3062820435, -139.869613647, 633.68963623, 310.594726562, 91.7212295532, 96.5152816772, -117.142280579, 131.89831543, -124.363121033, -105.830276489, -38.827495575, -64.6401748657, -207.527648926], [83.8411712646, -277.130706787, 310.594726562, 620.993164062, 140.689498901, 99.7524108887, -146.014221191, 83.5858154297, -90.4846878052, -86.3964233398, 28.1499500275, -68.2077407837, -107.114936829], [-428.902069092, 198.640716553, 91.7212295532, 140.689498901, 282.124298096, 54.5762939453, -15.3131608963, 28.1371116638, -27.5199222565, -56.9562530518, 27.6588745117, -41.094543457, -19.4214382172], [-60.01902771, -182.908447266, 96.5152816772, 99.7524108887, 54.5762939453, 221.345993042, -14.7590351105, 48.8051338196, -36.7854690552, -1.69234657288, 6.48339557648, -1.99908351898, -51.9954376221], [-171.880279541, 171.028305054, -117.142280579, -146.014221191, -15.3131608963, -14.7590351105, 162.969528198, -6.67145872116, 32.6124458313, 16.2440052032, -8.15465450287, -0.304261744022, 37.0746917725], [-36.0113639832, -117.176467896, 131.89831543, 83.5858154297, 28.1371116638, 48.8051338196, -6.67145872116, 161.037887573, -29.5074214935, -22.422252655, -5.32855987549, -27.0092105865, -64.5164031982], [-166.346862793, 130.045333862, -124.363121033, -90.4846878052, -27.5199222565, -36.7854690552, 32.6124458313, -29.5074214935, 136.481109619, 59.6971817017, 1.85404539108, 6.12715864182, 61.6265029907], [11.8758163452, -81.664894104, -105.830276489, -86.3964233398, -56.9562530518, -1.69234657288, 16.2440052032, -22.422252655, 59.6971817017, 173.088012695, 0.849920094013, 33.3972015381, 52.0332984924], [-151.490692139, 50.5142936707, -38.827495575, 28.1499500275, 27.6588745117, 6.48339557648, -8.15465450287, -5.32855987549, 1.85404539108, 0.849920094013, 101.294517517, 9.80702877045, 30.7370243073], [53.9489746094, -103.746620178, -64.6401748657, -68.2077407837, -41.094543457, -1.99908351898, -0.304261744022, -27.0092105865, 6.12715864182, 33.3972015381, 9.80702877045, 103.832298279, 31.1921195984], [-196.104125977, 148.918746948, -207.527648926, -107.114936829, -19.4214382172, -51.9954376221, 37.0746917725, -64.5164031982, 61.6265029907, 52.0332984924, 30.7370243073, 31.1921195984, 191.305908203]],
        "icov": [[0.000540730135981, -7.9247103713e-05, 0.000528576667421, -0.000264725997113, 0.000867070280947, 7.0705456892e-05, 0.000604474160355, 4.30122127e-05, 0.000825344759505, -0.000126951999846, 0.000714304856956, -0.000139848067192, 0.000722447817679], [-7.9247103713e-05, 0.00379982241429, -0.00162181432825, 0.0019929332193, -0.003281428013, 0.00218676729128, -0.00274176010862, 0.00235937978141, -0.00299443746917, 0.00222121598199, -0.00225504441187, 0.0037577978801, -0.00198427843861], [0.000528576667421, -0.00162181432825, 0.00459445035085, -0.00170318549499, 0.00183153722901, -0.00100984168239, 0.00283260643482, -0.0021083294414, 0.0029185435269, -0.000622022198513, 0.0025221791584, -0.00125455029774, 0.00351453642361], [-0.000264725997113, 0.0019929332193, -0.00170318549499, 0.00405434519053, -0.00271127140149, 0.000526829739101, 0.000218217537622, 0.000841743545607, -0.00150563265197, 0.00147610495333, -0.00227833143435, 0.00312344613485, -0.00135041202884], [0.000867070280947, -0.003281428013, 0.00183153722901, -0.00271127140149, 0.00854625925422, -0.00256195943803, 0.00273003638722, -0.00183335586917, 0.00360024045222, -0.00100796215702, 0.00185771589167, -0.00220376835205, 0.00211111991666], [7.0705456892e-05, 0.00218676729128, -0.00100984168239, 0.000526829739101, -0.00256195943803, 0.00686033815145, -0.00200348068029, 0.00047345328494, -0.000749354541767, 0.000187456753338, -0.00148673856165, 0.00124065077398, -5.08347911818e-05], [0.000604474160355, -0.00274176010862, 0.00283260643482, 0.000218217537622, 0.00273003638722, -0.00200348068029, 0.0111870104447, -0.00280665489845, 0.00252473936416, -0.00119424739387, 0.00297655817121, -0.00139734859113, 0.0018280800432], [4.30122127e-05, 0.00235937978141, -0.0021083294414, 0.000841743545607, -0.00183335586917, 0.00047345328494, -0.00280665489845, 0.0096688484773, -0.00170091562904, 0.00108614831697, -0.00173604150768, 0.00323810311966, 0.000142363074701], [0.000825344759505, -0.00299443746917, 0.0029185435269, -0.00150563265197, 0.00360024045222, -0.000749354541767, 0.00252473936416, -0.00170091562904, 0.0139165464789, -0.00456223962829, 0.00303908810019, -0.00159750145394, 0.00112897332292], [-0.000126951999846, 0.00222121598199, -0.000622022198513, 0.00147610495333, -0.00100796215702, 0.000187456753338, -0.00119424739387, 0.00108614831697, -0.00456223962829, 0.00917696766555, -0.00114635797217, 0.000819178298116, -0.00213688216172], [0.000714304856956, -0.00225504441187, 0.0025221791584, -0.00227833143435, 0.00185771589167, -0.00148673856165, 0.00297655817121, -0.00173604150768, 0.00303908810019, -0.00114635797217, 0.013605190441, -0.00346751743928, 0.000282424298348], [-0.000139848067192, 0.0037577978801, -0.00125455029774, 0.00312344613485, -0.00220376835205, 0.00124065077398, -0.00139734859113, 0.00323810311966, -0.00159750145394, 0.000819178298116, -0.00346751743928, 0.015755744651, -0.00292433542199], [0.000722447817679, -0.00198427843861, 0.00351453642361, -0.00135041202884, 0.00211111991666, -5.08347911818e-05, 0.0018280800432, 0.000142363074701, 0.00112897332292, -0.00213688216172, 0.000282424298348, -0.00292433542199, 0.0111120566726]]
    },
    "melbands": {
        "dmean": [7.26324424249e-06, 3.01326326735e-05, 0.00010245541489, 0.00031546925311, 0.000500088615809, 0.000544899259694, 0.000363818806363, 0.000245611212449, 0.000362858583685, 0.000201504750294, 0.000104913160612, 0.000104432401713, 5.2132003475e-05, 2.43908398261e-05, 3.47705718013e-05, 1.08417843876e-05, 8.96432356967e-06, 4.47596175945e-06, 5.68641416976e-06, 3.32036870532e-06, 1.495385618e-06, 7.04471347035e-07, 6.38287247057e-07, 6.57185466935e-07, 5.91895343405e-07, 3.10408722726e-07, 7.94116658653e-07, 9.86711938822e-07, 5.25707264387e-07, 3.62824266631e-07, 2.02905283686e-07, 2.71924989192e-07, 3.43354287224e-07, 5.6543115079e-07, 3.14606239726e-07, 2.97151729001e-07, 2.64832237917e-07, 1.50223627315e-07, 4.04546796062e-08, 3.00696534339e-08],
        "dmean2": [1.20797330965e-05, 3.87681320717e-05, 0.000162201642524, 0.000520779227372, 0.00074563146336, 0.000877594051417, 0.00061716476921, 0.000374674826162, 0.000582417007536, 0.000307899987092, 0.000154593930347, 0.000149743573274, 7.31337204343e-05, 3.53888863174e-05, 4.81468523503e-05, 1.47536920849e-05, 1.15060611279e-05, 6.33063336863e-06, 7.60100419939e-06, 5.05833440911e-06, 2.18934223994e-06, 1.04784930954e-06, 9.76387696028e-07, 9.9352973848e-07, 8.90765022632e-07, 4.64128902422e-07, 1.28825024603e-06, 1.42234546274e-06, 7.57200268708e-07, 5.07121512783e-07, 2.99875608789e-07, 3.95906653239e-07, 4.80728999719e-07, 7.29839428004e-07, 4.50401557828e-07, 4.11858621874e-07, 3.86420168752e-07, 2.28941473779e-07, 6.52302531989e-08, 4.71679122427e-08],
        "dvar": [5.0361253362e-11, 5.18631892987e-09, 3.729688558e-08, 3.66406226249e-07, 8.71760846621e-07, 1.88355193131e-06, 1.0570795439e-06, 8.47656849601e-07, 1.89125466932e-06, 5.12267149588e-07, 1.17744967554e-07, 1.71091286916e-07, 1.80049255505e-08, 4.8345416559e-09, 6.84084566771e-09, 2.16809969977e-09, 1.2072073341e-09, 3.75838360434e-10, 2.68653155278e-10, 5.17654086263e-10, 5.2001469103e-11, 3.14956524403e-12, 5.44929292662e-12, 2.08435092103e-12, 2.21130644178e-12, 1.14299466159e-12, 3.0758447872e-11, 2.32412405293e-11, 4.06832033339e-12, 3.0064620498e-12, 7.87963390283e-13, 2.4963538181e-12, 7.11033489031e-12, 1.99852408928e-11, 5.42718214119e-12, 4.36601492806e-12, 4.16001651529e-12, 2.2133031085e-12, 9.03666044446e-14, 4.84758548136e-14],
        "dvar2": [1.2797075899e-10, 8.30092883319e-09, 8.6571112945e-08, 9.14258009743e-07, 1.97255985768e-06, 4.94191226608e-06, 2.97106339531e-06, 2.06611707654e-06, 4.72797273687e-06, 1.19111359709e-06, 2.97555288853e-07, 4.28849460832e-07, 3.72407811255e-08, 9.50183132176e-09, 1.18844027952e-08, 3.92842025576e-09, 1.36890787594e-09, 5.98356919568e-10, 4.25003782167e-10, 1.33355693155e-09, 1.28134072797e-10, 6.64952294616e-12, 1.18539804708e-11, 4.55405591709e-12, 5.01566756878e-12, 2.43748489274e-12, 7.963062848e-11, 5.14209196056e-11, 8.05359424982e-12, 6.19634205057e-12, 1.68558407249e-12, 5.81646579859e-12, 1.54927980167e-11, 3.86777658512e-11, 1.15136051734e-11, 7.80840756637e-12, 7.83637391089e-12, 4.64278442081e-12, 2.12806416369e-13, 1.11709666311e-13],
        "max": [7.0452784712e-05, 0.00167242367752, 0.00330284214579, 0.00892635341734, 0.0127198258415, 0.0165988765657, 0.0153970308602, 0.0229767616838, 0.0263981930912, 0.0122248185799, 0.00686523318291, 0.0108280172572, 0.00289763719775, 0.00154093012679, 0.002372774994, 0.00197933544405, 0.00153161585331, 0.000755952904001, 0.000553610385396, 0.000916389166377, 0.000243740520091, 4.62299649371e-05, 5.33301208634e-05, 2.79421128653e-05, 2.74773228739e-05, 2.54331862379e-05, 0.000152156426338, 9.91527995211e-05, 4.80468479509e-05, 5.68000468775e-05, 1.74465421878e-05, 5.28532218596e-05, 9.11471870495e-05, 0.000140086718602, 7.65639924794e-05, 5.60383850825e-05, 4.65006232844e-05, 4.14291971538e-05, 6.80617495163e-06, 6.21707067694e-06],
        "mean": [1.18553771244e-05, 0.000121585944726, 0.000250377459452, 0.000597141624894, 0.000994890811853, 0.000680850876961, 0.000455867033452, 0.000458209426142, 0.000413284316892, 0.000243089933065, 0.000168627520907, 0.000213489503949, 0.000139801864862, 6.44057727186e-05, 7.91128768469e-05, 2.40112531174e-05, 2.51839610428e-05, 1.19069291031e-05, 1.50319438035e-05, 7.08450033926e-06, 3.04975787913e-06, 1.49544234773e-06, 1.17240858799e-06, 1.21010316434e-06, 9.13946564651e-07, 5.37796154276e-07, 1.26707880099e-06, 1.58146985996e-06, 8.71743168318e-07, 5.32078274773e-07, 2.92928035606e-07, 3.644388471e-07, 4.82440498217e-07, 7.491861993e-07, 4.76655003467e-07, 4.55444535419e-07, 3.66219609305e-07, 1.68490970509e-07, 4.51066490825e-08, 3.45060726659e-08],
        "median": [9.45229203353e-06, 3.20036724588e-06, 7.74298241595e-05, 0.000265389215201, 0.000525456445757, 0.000286281167064, 0.000121711884276, 0.000108835243736, 9.43261475186e-05, 5.15887368238e-05, 3.3879194234e-05, 7.11324537406e-05, 5.14460953127e-05, 2.09381450986e-05, 2.9012295272e-05, 5.52327765035e-06, 6.34226307739e-06, 4.14531450588e-06, 4.70308395961e-06, 2.26643192036e-06, 1.18074501643e-06, 7.06840637577e-07, 4.23396812721e-07, 4.82372570332e-07, 2.90902420375e-07, 1.50504845919e-07, 2.1427382535e-07, 2.15946528215e-07, 1.3553093936e-07, 1.06485785523e-07, 5.28287600332e-08, 5.48318048743e-08, 3.67162016346e-08, 2.13596340615e-08, 1.42610030451e-08, 1.14564393527e-08, 8.38121305691e-09, 4.46108305852e-09, 2.63905231002e-09, 2.3360107182e-09],
        "min": [2.33204449197e-23, 2.16432335496e-23, 6.11192626628e-24, 1.26232496534e-23, 9.80467093832e-24, 1.34888982792e-23, 3.35112877258e-23, 1.8044002027e-23, 8.23949517171e-24, 1.51087594614e-23, 1.31487824776e-23, 1.13450149413e-23, 1.347512319e-23, 1.78965276362e-23, 8.9049088116e-24, 1.15047379754e-23, 9.03143342333e-24, 7.76781945926e-24, 9.22372063556e-24, 6.00726848441e-24, 7.91237190926e-24, 8.88173365592e-24, 9.28660547148e-24, 2.41388313108e-23, 8.03701903203e-24, 8.00167333031e-24, 1.00482293762e-23, 1.60273595866e-23, 9.14189603816e-24, 8.73769790982e-24, 1.16646321923e-23, 6.99858699109e-24, 1.08076492036e-23, 8.26515523924e-24, 8.74505088232e-24, 7.62457415179e-24, 8.33981382417e-24, 1.23025114311e-23, 8.2057271918e-24, 1.18884170427e-23],
        "var": [8.84738601825e-11, 7.01537459236e-08, 1.50098401264e-07, 7.71282259393e-07, 1.84305497442e-06, 1.68102621956e-06, 1.13076657726e-06, 1.64325808782e-06, 1.74273247922e-06, 6.11959478647e-07, 2.04917469659e-07, 2.4941459742e-07, 7.03443845396e-08, 1.85914057482e-08, 2.51452956235e-08, 8.30657231887e-09, 1.06909698872e-08, 1.15917264676e-09, 1.6822979676e-09, 1.03357444825e-09, 8.49930958946e-11, 7.47230402554e-12, 9.41326443876e-12, 4.73526296299e-12, 3.61976702952e-12, 2.49066544299e-12, 3.59315424636e-11, 4.13506208441e-11, 8.77948061473e-12, 4.72651084937e-12, 1.27514665493e-12, 2.89966510005e-12, 1.07487447762e-11, 4.24118205833e-11, 1.30371676996e-11, 1.09183391495e-11, 7.76009031339e-12, 2.47413396194e-12, 1.00374325821e-13, 5.61226920785e-14]
    },
    "mfcc": {
        "mean": [-737.237915039, 183.347564697, -20.6057224274, -5.44885921478, -27.3123989105, -3.39972448349, -13.5248422623, -13.8960895538, -13.3983049393, -10.1043891907, -15.5639181137, -7.04618883133, -2.39214873314],
        "cov": [[2558.09423828, -714.470947266, -5.32560777664, 42.7152633667, -321.554962158, -48.4988174438, -199.140060425, -39.1903343201, -139.213302612, -27.8828086853, -66.341255188, -73.1044769287, -18.4227428436], [-714.470947266, 1209.6809082, -253.880630493, -172.984481812, -116.920875549, -55.0905570984, -5.10423278809, -87.5975723267, 146.726226807, -114.745704651, 87.205871582, -18.2520904541, -21.0378036499], [-5.32560777664, -253.880630493, 492.264129639, 167.808197021, 190.514633179, -16.8577156067, 54.6440200806, 105.053642273, -106.836914062, 82.7788238525, -51.5723304749, 19.0066585541, -14.5407886505], [42.7152633667, -172.984481812, 167.808197021, 386.648651123, 223.670166016, -14.1964025497, 46.1126861572, 51.4658279419, -75.432144165, 41.5527191162, -73.2012863159, 24.7331352234, -19.0965328217], [-321.554962158, -116.920875549, 190.514633179, 223.670166016, 439.203887939, 20.0408573151, 111.427810669, 100.188117981, -90.1725158691, 68.8118667603, -86.0038146973, 41.0490951538, 6.23977851868], [-48.4988174438, -55.0905570984, -16.8577156067, -14.1964025497, 20.0408573151, 170.655700684, 8.70196723938, -18.5334835052, 12.405919075, 4.02138614655, -1.11224794388, -4.54461956024, 17.0109329224], [-199.140060425, -5.10423278809, 54.6440200806, 46.1126861572, 111.427810669, 8.70196723938, 189.138946533, 68.5937576294, -26.8277168274, 32.2486763, -33.3727989197, 8.23134994507, -8.77318000793], [-39.1903343201, -87.5975723267, 105.053642273, 51.4658279419, 100.188117981, -18.5334835052, 68.5937576294, 181.804779053, -57.422668457, 30.4101924896, -20.0422077179, -18.2291927338, -11.9847335815], [-139.213302612, 146.726226807, -106.836914062, -75.432144165, -90.1725158691, 12.405919075, -26.8277168274, -57.422668457, 170.896621704, -12.5346012115, 33.2580604553, 8.36662006378, -8.27917385101], [-27.8828086853, -114.745704651, 82.7788238525, 41.5527191162, 68.8118667603, 4.02138614655, 32.2486763, 30.4101924896, -12.5346012115, 140.679885864, -13.0711517334, 23.0612297058, 14.6298999786], [-66.341255188, 87.205871582, -51.5723304749, -73.2012863159, -86.0038146973, -1.11224794388, -33.3727989197, -20.0422077179, 33.2580604553, -13.0711517334, 136.929443359, -12.0034008026, -3.05021452904], [-73.1044769287, -18.2520904541, 19.0066585541, 24.7331352234, 41.0490951538, -4.54461956024, 8.23134994507, -18.2291927338, 8.36662006378, 23.0612297058, -12.0034008026, 97.2630844116, 20.2243804932], [-18.4227428436, -21.0378036499, -14.5407886505, -19.0965328217, 6.23977851868, 17.0109329224, -8.77318000793, -11.9847335815, -8.27917385101, 14.6298999786, -3.05021452904, 20.2243804932, 95.1526489258]],
