{
"lowlevel": {
    "average_loudness": 0.938165307045,
    "barkbands_crest": {
        "dmean": 1.74892640114,
        "dmean2": 2.79282951355,
        "dvar": 4.1006436348,
        "dvar2": 10.8249378204,
        "max": 23.9136276245,
        "mean": 11.5379066467,
        "median": 10.3285179138,
        "min": 2.71303009987,
        "var": 27.9275379181
    },
    "barkbands_flatness_db": {
        "dmean": 0.01757581532,
        "dmean2": 0.0294262375683,
        "dvar": 0.000370912835933,
        "dvar2": 0.0009607320535,
        "max": 0.455161035061,
        "mean": 0.201642930508,
        "median": 0.168168410659,
        "min": 0.0710018575191,
        "var": 0.00921029504389
    },
    "barkbands_kurtosis": {
        "dmean": 3.40387749672,
        "dmean2": 5.66353464127,
        "dvar": 63.9795265198,
        "dvar2": 174.03125,
        "max": 146.691680908,
        "mean": 9.63958740234,
        "median": 2.76554632187,
        "min": -0.882506370544,
        "var": 256.726593018
    },
    "barkbands_skewness": {
        "dmean": 0.44553476572,
        "dmean2": 0.714634954929,
        "dvar": 0.350646525621,
        "dvar2": 0.878197312355,
        "max": 10.0806846619,
        "mean": 2.17766880989,
        "median": 1.64138245583,
        "min": -1.74695789814,
        "var": 2.60829210281
    },
    "barkbands_spread": {
        "dmean": 2.40143561363,
        "dmean2": 3.97435069084,
        "dvar": 9.55257797241,
        "dvar2": 24.9352207184,
        "max": 33.6626167297,
        "mean": 13.433011055,
        "median": 14.0726995468,
        "min": 1.02332317829,
        "var": 59.4198722839
    },
    "dissonance": {
        "dmean": 0.0192453395575,
        "dmean2": 0.0322428792715,
        "dvar": 0.000377281074179,
        "dvar2": 0.000946223852225,
        "max": 0.499999970198,
        "mean": 0.453742057085,
        "median": 0.458051711321,
        "min": 0.112294971943,
        "var": 0.00066603673622
    },
    "dynamic_complexity": 3.98121643066,
    "erbbands_crest": {
        "dmean": 1.56109249592,
        "dmean2": 2.40753746033,
        "dvar": 2.42157053947,
        "dvar2": 5.92487621307,
        "max": 24.3824729919,
        "mean": 9.13934135437,
        "median": 8.22050189972,
        "min": 2.96847462654,
        "var": 11.4952735901
    },
    "erbbands_flatness_db": {
        "dmean": 0.00995448511094,
        "dmean2": 0.014954097569,
        "dvar": 0.00010831587133,
        "dvar2": 0.000223059978453,
        "max": 0.309471338987,
        "mean": 0.179347813129,
        "median": 0.169144168496,
        "min": 0.0805350169539,
        "var": 0.00190560182091
    },
    "erbbands_kurtosis": {
        "dmean": 0.500444769859,
        "dmean2": 0.804704189301,
        "dvar": 0.282821953297,
        "dvar2": 0.710311889648,
        "max": 7.82619380951,
        "mean": 0.391148000956,
        "median": 0.238074541092,
        "min": -1.56438696384,
        "var": 1.24308848381
    },
    "erbbands_skewness": {
        "dmean": 0.214520856738,
        "dmean2": 0.35085734725,
        "dvar": 0.0414200685918,
        "dvar2": 0.105262868106,
        "max": 2.74063134193,
        "mean": 0.42884773016,
        "median": 0.381377100945,
        "min": -0.929342269897,
        "var": 0.229134485126
    },
    "erbbands_spread": {
        "dmean": 3.85280776024,
        "dmean2": 5.99324417114,
        "dvar": 15.3578987122,
        "dvar2": 36.401676178,
        "max": 84.1296844482,
        "mean": 29.6204471588,
        "median": 28.2793197632,
        "min": 8.87908744812,
        "var": 85.7480239868
    },
    "hfc": {
        "dmean": 3.14625883102,
        "dmean2": 5.02932548523,
        "dvar": 35.2140083313,
        "dvar2": 91.8186798096,
        "max": 77.311920166,
        "mean": 13.7718801498,
        "median": 13.0577287674,
        "min": 1.22383250982e-16,
        "var": 94.0486679077
    },
    "melbands_crest": {
        "dmean": 2.18659067154,
        "dmean2": 3.54602050781,
        "dvar": 6.12590456009,
        "dvar2": 15.4190397263,
        "max": 30.8157253265,
        "mean": 15.1939334869,
        "median": 14.6145849228,
        "min": 2.40405893326,
        "var": 31.0815906525
    },
    "melbands_flatness_db": {
        "dmean": 0.0201532635838,
        "dmean2": 0.0337747447193,
        "dvar": 0.000617440207861,
        "dvar2": 0.00154868373647,
        "max": 0.598408937454,
        "mean": 0.278554558754,
        "median": 0.241197481751,
        "min": 0.00538318650797,
        "var": 0.014669588767
    },
    "melbands_kurtosis": {
        "dmean": 6.3744764328,
        "dmean2": 10.435426712,
        "dvar": 185.379760742,
        "dvar2": 498.695922852,
        "max": 274.24331665,
        "mean": 19.8219356537,
        "median": 7.37158107758,
        "min": -1.15534293652,
        "var": 836.406188965
    },
    "melbands_skewness": {
        "dmean": 0.562770783901,
        "dmean2": 0.902355372906,
        "dvar": 0.468433052301,
        "dvar2": 1.16939139366,
        "max": 12.0278396606,
        "mean": 3.01377892494,
        "median": 2.41488385201,
        "min": -0.0756771937013,
        "var": 3.60448336601
    },
    "melbands_spread": {
        "dmean": 3.01110339165,
        "dmean2": 4.92420339584,
        "dvar": 19.7521953583,
        "dvar2": 42.2506904602,
        "max": 122.849571228,
        "mean": 14.5146093369,
        "median": 14.1464662552,
        "min": 0.669990181923,
        "var": 98.4437637329
    },
    "pitch_salience": {
        "dmean": 0.048596765846,
        "dmean2": 0.0795799568295,
        "dvar": 0.00334759987891,
        "dvar2": 0.00850808992982,
        "max": 0.845074653625,
        "mean": 0.469235479832,
        "median": 0.482242196798,
        "min": 0.088791012764,
        "var": 0.0145941190422
    },
    "silence_rate_20dB": {
        "dmean": 0,
        "dmean2": 0,
        "dvar": 0,
        "dvar2": 0,
        "max": 1,
        "mean": 1,
        "median": 1,
        "min": 1,
        "var": 0
    },
    "silence_rate_30dB": {
        "dmean": 0.0463917516172,
        "dmean2": 0.0928313583136,
        "dvar": 0.04423905164,
        "dvar2": 0.102782346308,
        "max": 1,
        "mean": 0.956723332405,
        "median": 1,
        "min": 0,
        "var": 0.0414025783539
    },
    "silence_rate_60dB": {
        "dmean": 0.00103092787322,
        "dmean2": 0.00206291908398,
        "dvar": 0.00102987512946,
        "dvar2": 0.0020586992614,
        "max": 1,
        "mean": 0.0994332805276,
        "median": 0,
        "min": 0,
        "var": 0.0895462185144
    },
    "spectral_centroid": {
        "dmean": 123.562797546,
        "dmean2": 198.850402832,
        "dvar": 70390.3984375,
        "dvar2": 102624.796875,
        "max": 10908.0869141,
        "mean": 810.281494141,
        "median": 841.427185059,
        "min": 168.996688843,
        "var": 200623.09375
    },
    "spectral_complexity": {
        "dmean": 1.76597940922,
        "dmean2": 2.86694169044,
        "dvar": 3.69471263885,
        "dvar2": 8.42794418335,
        "max": 36,
        "mean": 15.8145284653,
        "median": 17,
        "min": 0,
        "var": 51.5391159058
    },
    "spectral_decrease": {
        "dmean": 3.7765661709e-09,
        "dmean2": 6.6468488491e-09,
        "dvar": 7.44739226669e-17,
        "dvar2": 2.12142167732e-16,
        "max": -5.1163792228e-30,
        "mean": -9.222341113e-09,
        "median": -6.33286489915e-09,
        "min": -7.75302524403e-08,
        "var": 8.80889317377e-17
    },
    "spectral_energy": {
        "dmean": 0.0145045500249,
        "dmean2": 0.0254874844104,
        "dvar": 0.00109252717812,
        "dvar2": 0.00311071961187,
        "max": 0.297581017017,
        "mean": 0.0360564850271,
        "median": 0.0251772366464,
        "min": 1.11198334032e-20,
        "var": 0.00130112899933
    },
    "spectral_energyband_high": {
        "dmean": 4.14039932366e-05,
        "dmean2": 5.79982879572e-05,
        "dvar": 5.93798521464e-09,
        "dvar2": 1.07385886849e-08,
        "max": 0.00116830249317,
        "mean": 0.000142370598041,
        "median": 0.000112027679279,
        "min": 8.20212100568e-21,
        "var": 1.97638527766e-08
    },
    "spectral_energyband_low": {
        "dmean": 0.011000264436,
        "dmean2": 0.0194492414594,
        "dvar": 0.000693723850418,
        "dvar2": 0.00197912636213,
        "max": 0.242979437113,
        "mean": 0.0213412549347,
        "median": 0.00804721843451,
        "min": 5.37483435796e-23,
        "var": 0.000892205862328
    },
    "spectral_energyband_middle_high": {
        "dmean": 0.000923076993786,
        "dmean2": 0.00130156788509,
        "dvar": 1.55959730819e-06,
        "dvar2": 2.7864398362e-06,
        "max": 0.0411376617849,
        "mean": 0.00474351970479,
        "median": 0.00447594420984,
        "min": 1.68377793661e-21,
        "var": 1.54235567607e-05
    },
    "spectral_energyband_middle_low": {
        "dmean": 0.00636841496453,
        "dmean2": 0.0110284434631,
        "dvar": 0.000271907600109,
        "dvar2": 0.000745196361095,
        "max": 0.148291960359,
        "mean": 0.0137025648728,
        "median": 0.00939599610865,
        "min": 3.9159118444e-22,
        "var": 0.000280854379525
    },
    "spectral_entropy": {
        "dmean": 0.114830829203,
        "dmean2": 0.188017949462,
        "dvar": 0.0192719697952,
        "dvar2": 0.0465418845415,
        "max": 9.80561637878,
        "mean": 7.02028226852,
        "median": 7.13693237305,
        "min": 5.31624269485,
        "var": 0.300173729658
    },
    "spectral_flux": {
        "dmean": 0.0283800829202,
        "dmean2": 0.0471849888563,
        "dvar": 0.00291852094233,
        "dvar2": 0.00584866013378,
        "max": 0.464203447104,
        "mean": 0.0672432556748,
        "median": 0.0522752255201,
        "min": 1.05450620458e-10,
        "var": 0.00452369824052
    },
    "spectral_kurtosis": {
        "dmean": 3.4775686264,
        "dmean2": 5.93923616409,
        "dvar": 40.0725288391,
        "dvar2": 112.844863892,
        "max": 90.4471511841,
        "mean": 11.7934741974,
        "median": 7.01522922516,
        "min": -1.20608687401,
        "var": 233.609237671
    },
    "spectral_rms": {
        "dmean": 0.000926714332309,
        "dmean2": 0.00157849339303,
        "dvar": 2.80040148937e-06,
        "dvar2": 7.61798264648e-06,
        "max": 0.0170388650149,
        "mean": 0.00530917523429,
        "median": 0.00495612341911,
        "min": 3.29372401749e-12,
        "var": 6.98971598467e-06
    },
    "spectral_rolloff": {
        "dmean": 145.42628479,
        "dmean2": 243.949554443,
        "dvar": 208285.296875,
        "dvar2": 284313.1875,
        "max": 18669.2871094,
        "mean": 718.326782227,
        "median": 753.662109375,
        "min": 86.1328125,
        "var": 383184.46875
    },
    "spectral_skewness": {
        "dmean": 0.297004938126,
        "dmean2": 0.501865208149,
        "dvar": 0.161598220468,
        "dvar2": 0.451526582241,
        "max": 7.64903783798,
        "mean": 2.39537978172,
        "median": 2.11263370514,
        "min": -0.0153353977948,
        "var": 1.0935792923
    },
    "spectral_spread": {
        "dmean": 321471.78125,
        "dmean2": 490249.65625,
        "dvar": 590779187200,
        "dvar2": 485032427520,
        "max": 40110964,
        "mean": 3575331.75,
        "median": 3590889.25,
        "min": 917699.1875,
        "var": 2.37390554726e+12
    },
    "spectral_strongpeak": {
        "dmean": 0.315620094538,
        "dmean2": 0.552748978138,
        "dvar": 0.308678507805,
        "dvar2": 0.760832607746,
        "max": 7.45889902115,
        "mean": 0.735269546509,
        "median": 0.413917571306,
        "min": 0,
        "var": 0.665731370449
    },
    "zerocrossingrate": {
        "dmean": 0.00461752992123,
        "dmean2": 0.00585030950606,
        "dvar": 0.000142778473673,
        "dvar2": 0.00016100119683,
        "max": 0.50244140625,
        "mean": 0.0332725569606,
        "median": 0.03271484375,
        "min": 0.00146484375,
        "var": 0.000461346557131
    },
    "barkbands": {
        "dmean": [0.000106346364191, 0.00315949530341, 0.00647992035374, 0.00345130474307, 0.00224257260561, 0.00061205343809, 0.000516826694366, 0.000605419569183, 0.000417838862631, 0.000532028381713, 0.000310887466185, 0.000321450643241, 0.000141530952533, 0.000112485526188, 0.000214727013372, 9.83850186458e-05, 0.000122000390547, 4.35659749201e-05, 3.43076208082e-05, 2.947835128e-05, 1.31662836793e-05, 8.94508229976e-06, 8.22736274131e-06, 8.24542075861e-06, 7.98331257101e-06, 3.89407341572e-06, 1.02465506302e-07],
        "dmean2": [0.000151632804773, 0.00522533850744, 0.0113321291283, 0.00618038792163, 0.00392340077087, 0.000985487480648, 0.000822136178613, 0.000884362787474, 0.000624641950708, 0.000744012009818, 0.000449836195912, 0.000483598385472, 0.000216096435906, 0.000180061339051, 0.000347728171619, 0.000165627367096, 0.000199204485398, 6.90486122039e-05, 5.42661509826e-05, 4.699060446e-05, 2.0628229322e-05, 1.27332123157e-05, 1.30835105665e-05, 1.23482504932e-05, 1.18884572657e-05, 6.03576336289e-06, 1.94576870172e-07],
        "dvar": [1.04952583513e-07, 4.29261563113e-05, 0.000285490677925, 0.000101286394056, 5.75097365072e-05, 1.36646485771e-06, 1.39432938795e-06, 3.18358115692e-06, 5.24382812728e-07, 5.76589400225e-07, 3.31909234319e-07, 4.14204976096e-07, 6.38753547832e-08, 2.79397234237e-08, 1.07805590233e-07, 2.94885147412e-08, 4.30020499209e-08, 4.08984091038e-09, 3.61002960858e-09, 1.34023447895e-09, 5.26517329735e-10, 6.5403976679e-10, 3.11764586369e-10, 1.47079390334e-10, 1.55187307449e-10, 6.93104462712e-11, 1.19433298971e-13],
        "dvar2": [2.87014842115e-07, 0.000126622864627, 0.00079280580394, 0.000280458130874, 0.000158569178893, 3.40362544193e-06, 3.61243883162e-06, 6.87266674504e-06, 1.11112683499e-06, 1.01010130038e-06, 5.6131096926e-07, 8.78859395925e-07, 1.21265287589e-07, 6.79556748651e-08, 2.46990992991e-07, 8.67944009997e-08, 1.18153792528e-07, 9.10597997006e-09, 9.77574909911e-09, 3.59601637356e-09, 1.09940145876e-09, 1.19302512314e-09, 7.4504191705e-10, 3.28046506626e-10, 2.9797739276e-10, 1.54413828946e-10, 3.4217873218e-13],
        "max": [0.0061720367521, 0.067602455616, 0.147743999958, 0.103769570589, 0.106951259077, 0.0150183327496, 0.0178611744195, 0.0360773168504, 0.0114374589175, 0.0146011309698, 0.0195312090218, 0.0172926355153, 0.00867457967252, 0.00323585863225, 0.0113258548081, 0.00244161579758, 0.00476951384917, 0.00104478525463, 0.00133865559474, 0.000462572759716, 0.000454667664599, 0.000362409104127, 0.000262985558948, 0.000189855258213, 0.00014912574261, 8.88048161869e-05, 3.16083310281e-06],
        "mean": [0.000232939200941, 0.00705377664417, 0.0104973586276, 0.00462707038969, 0.00326362601481, 0.00144252355676, 0.00117008050438, 0.00125914614182, 0.00120569823775, 0.00169554329477, 0.000827161129564, 0.000672839698382, 0.000423283578129, 0.000246626732405, 0.000506184878759, 0.000229819168453, 0.000314029108267, 0.000111283188744, 7.92889768491e-05, 7.60047187214e-05, 3.39085636369e-05, 1.72636500793e-05, 1.85499138752e-05, 2.12280883716e-05, 2.43360827881e-05, 6.8220592766e-06, 5.7865847225e-08],
        "median": [9.90438729787e-06, 0.00374875590205, 0.00271022785455, 0.00157460395712, 0.00138036371209, 0.000921866623685, 0.000535216997378, 0.000332391384291, 0.000725688703824, 0.00118703395128, 0.00027160186437, 0.000382960453862, 0.000187357858522, 0.000157784903422, 0.000336326833349, 0.000117971365398, 0.000232592370594, 7.55053988541e-05, 5.51971206733e-05, 6.26756009297e-05, 2.59577427641e-05, 9.05741671886e-06, 1.29715372168e-05, 1.81047580554e-05, 1.74011747731e-05, 3.00730539493e-06, 6.83055445538e-10],
        "min": [1.46454898508e-23, 2.59709891622e-23, 1.15107790722e-23, 2.66465696414e-24, 5.35000038558e-23, 5.45834191121e-23, 3.21809684724e-23, 7.61867347222e-23, 1.63608641027e-22, 8.3572265087e-23, 6.91928390869e-23, 6.66327835011e-23, 1.47294480014e-22, 1.57336565741e-22, 2.12595994473e-22, 2.15869249737e-22, 5.57085745767e-23, 2.36681066491e-22, 3.48875590735e-22, 1.66045867814e-22, 3.93446888212e-22, 5.85674115459e-22, 6.85434954903e-22, 9.40957124767e-22, 1.16477683025e-21, 1.8628200291e-21, 2.74231658422e-21],
        "var": [2.56738246662e-07, 9.95529408101e-05, 0.000409294414567, 0.000102746445918, 4.71802013635e-05, 2.68037365458e-06, 4.23838991992e-06, 9.72546877165e-06, 2.0568365926e-06, 4.03615104005e-06, 2.25275493904e-06, 1.06803372546e-06, 5.70799898014e-07, 9.39715434356e-08, 6.64853473609e-07, 9.37178228355e-08, 1.25980747612e-07, 1.54348533954e-08, 9.08826347512e-09, 4.22246948517e-09, 1.38811684369e-09, 1.29370070212e-09, 6.14028383694e-10, 3.52647716584e-10, 5.74724712266e-10, 1.102514538e-10, 6.67144087912e-14]
    },
    "erbbands": {
        "dmean": [0.0863641649485, 0.865989923477, 5.81649684906, 11.5315093994, 8.0485868454, 7.74553155899, 6.22003126144, 4.11369848251, 6.15759849548, 9.17725276947, 13.6326246262, 7.61753225327, 15.2803611755, 16.0268135071, 9.87963008881, 14.640086174, 6.70911026001, 6.70544290543, 10.1807842255, 7.11732721329, 7.67674875259, 4.5161895752, 2.24854826927, 2.31860303879, 1.63576638699, 1.11775386333, 0.69234931469, 0.382719278336, 0.338653117418, 0.328857332468, 0.176092773676, 0.164232209325, 0.140532553196, 0.108445584774, 0.0498859547079, 0.0216408129781, 0.00655169878155, 0.000804537092336, 2.19314933929e-05, 1.61210482474e-05],
        "dmean2": [0.114964589477, 1.51079416275, 10.1877908707, 20.6223735809, 14.4012441635, 13.6752080917, 9.85484313965, 6.80361175537, 9.92551040649, 14.8035821915, 19.7911338806, 11.5693845749, 22.1633243561, 22.0912437439, 14.2825622559, 22.4580078125, 10.0888376236, 10.6981639862, 16.8369865417, 11.2288198471, 13.0413742065, 7.14226150513, 3.5067949295, 3.71303033829, 2.60176301003, 1.8337521553, 1.08568394184, 0.583743095398, 0.482173323631, 0.509306848049, 0.284084498882, 0.24670816958, 0.214670091867, 0.157117724419, 0.0776572600007, 0.03221905604, 0.0101694073528, 0.0013927257387, 3.73926050088e-05, 2.81438369711e-05],
        "dvar": [0.0386846996844, 3.36712932587, 227.351211548, 1056.26794434, 665.600769043, 613.341247559, 174.890075684, 73.8666915894, 178.305465698, 717.224487305, 1606.89941406, 216.72479248, 515.76361084, 729.853881836, 220.438415527, 1015.78143311, 142.61946106, 102.328430176, 271.340454102, 113.005775452, 165.23979187, 51.4117774963, 12.8490228653, 19.3364944458, 4.13824748993, 2.29279661179, 1.41404592991, 0.741962313652, 0.960725486279, 0.579507648945, 0.180011793971, 0.0672161579132, 0.0375177375972, 0.0251240748912, 0.00674634706229, 0.00179691601079, 0.00021976424614, 5.53846939511e-06, 2.61151145153e-09, 1.31015032157e-09],
        "dvar2": [0.0853484272957, 10.270075798, 640.270629883, 2884.94677734, 1881.94262695, 1708.10900879, 468.005096436, 179.283050537, 407.067443848, 1977.51599121, 3296.10449219, 481.765289307, 1005.25140381, 1182.28808594, 422.4425354, 2160.15551758, 269.178955078, 245.578842163, 682.512573242, 245.286773682, 488.353637695, 119.373405457, 26.4291706085, 52.3563537598, 10.1279211044, 6.21799898148, 3.1450741291, 1.54800796509, 1.76229846478, 1.30184268951, 0.428073465824, 0.13857576251, 0.0865542888641, 0.0477451831102, 0.0140318693593, 0.00386368483305, 0.000490029749926, 1.50808355102e-05, 7.07527458843e-09, 3.7240006634e-09],
        "max": [2.69173741341, 17.7673835754, 145.866943359, 324.66027832, 264.809082031, 378.134643555, 165.670135498, 134.974136353, 251.744613647, 469.988220215, 996.01940918, 237.245223999, 570.914428711, 903.545227051, 233.329849243, 867.19732666, 405.478912354, 187.778701782, 330.193572998, 384.736175537, 249.175018311, 170.743484497, 71.4770736694, 80.7373275757, 28.9080696106, 22.3717632294, 23.2117137909, 17.9054393768, 14.126906395, 10.9471464157, 6.65109920502, 4.83607959747, 2.42773389816, 2.01690387726, 0.932797670364, 0.527895450592, 0.159268558025, 0.0229231249541, 0.000448857201263, 0.000327250134433],
        "mean": [0.225376829505, 1.60604643822, 9.11552906036, 18.0837497711, 8.91724872589, 11.743976593, 16.0393848419, 8.83410358429, 13.4907102585, 19.6145515442, 30.9145259857, 25.0705432892, 52.2523574829, 47.9743995667, 29.2033691406, 31.1830883026, 21.4778022766, 15.7144823074, 22.8347949982, 16.8336448669, 18.367067337, 13.6162443161, 7.08000802994, 5.70969724655, 4.42770576477, 2.93200445175, 1.78731071949, 0.945602357388, 0.651610016823, 0.682413160801, 0.394752174616, 0.454900592566, 0.36052441597, 0.315334290266, 0.133865892887, 0.0491731651127, 0.00960876047611, 0.000651018926874, 3.3862885175e-05, 4.15313843405e-05],
        "median": [0.0624101534486, 0.971340119839, 2.98985743523, 4.82779169083, 4.02219486237, 4.27107334137, 8.99925899506, 5.82498073578, 6.50740766525, 7.74943733215, 10.464220047, 16.639377594, 35.566444397, 31.9010562897, 17.5920562744, 19.2412071228, 10.8149423599, 11.1459140778, 13.9872732162, 11.543129921, 12.0181446075, 9.90360164642, 5.12280750275, 3.61838912964, 4.01632213593, 2.40489220619, 1.34572184086, 0.633550643921, 0.325134068727, 0.436164617538, 0.271921426058, 0.392706274986, 0.306457608938, 0.242860585451, 0.0858560428023, 0.0271402709186, 0.00359815289266, 9.3913062301e-05, 2.17885171878e-05, 3.04012446577e-05],
        "min": [8.92356224812e-22, 5.11462372899e-21, 1.71874915786e-20, 1.03494802603e-20, 4.2428229424e-20, 2.30750691419e-19, 3.20157541902e-19, 5.13879286405e-19, 5.92473025126e-19, 7.8883102009e-19, 1.83727298562e-18, 4.22564760973e-18, 2.3727467008e-18, 2.75631014404e-18, 3.54671802888e-18, 3.86140607162e-18, 6.4456734016e-18, 6.79133150007e-18, 8.7521515616e-18, 1.25780223677e-17, 1.05310506182e-17, 4.37431843559e-18, 1.29746347919e-17, 1.28599205574e-17, 1.77420464118e-17, 9.51916471076e-18, 1.49641125258e-17, 1.43858570293e-17, 2.04862362919e-17, 2.04141491559e-17, 2.09443504218e-17, 2.03136169329e-17, 1.47353656535e-17, 9.90903064989e-18, 1.06114980687e-17, 6.26108184406e-18, 3.62450609368e-18, 1.48073994364e-18, 3.61125264401e-19, 4.15908738437e-20],
        "var": [0.184023037553, 4.16383314133, 285.997802734, 1324.89685059, 436.489044189, 614.251281738, 394.701446533, 123.77192688, 491.183685303, 1198.23706055, 5562.65771484, 832.975769043, 4051.12866211, 4370.84277344, 1226.6574707, 2457.92504883, 1317.77282715, 337.54598999, 906.412109375, 719.824707031, 427.134124756, 249.630355835, 58.8267097473, 48.0175437927, 12.6859865189, 6.99851417542, 3.80084896088, 1.65410017967, 1.91840779781, 1.07074332237, 0.348374903202, 0.182877093554, 0.0965230613947, 0.0896077230573, 0.020740782842, 0.00407269177958, 0.000284579786239, 3.87296631743e-06, 2.10464601302e-09, 1.57368540421e-09]
    },
    "gfcc": {
        "mean": [-42.9555358887, 138.544784546, -112.577949524, 23.6081409454, -39.3612823486, 24.4956359863, -33.5484428406, 15.9696063995, -26.7985610962, -5.78630399704, -15.0700120926, -8.76877307892, -0.163629367948],
        "cov": [[18018.9492188, -4102.07421875, -1966.7479248, 498.938812256, -3217.33300781, 166.826477051, -1421.44726562, 1185.98620605, -536.085144043, 711.176086426, -316.97354126, 467.801086426, -643.39440918], [-4102.07421875, 1525.77087402, 391.109893799, -62.7487449646, 950.850341797, -199.814498901, 424.261047363, -395.831481934, 200.804885864, -235.055084229, 125.28666687, -181.729751587, 235.683807373], [-1966.7479248, 391.109893799, 561.404052734, -56.3417358398, 381.061706543, 60.219329834, 155.024017334, -90.8194198608, 30.8651733398, -67.0964355469, -4.45122098923, -55.1725158691, -12.0694389343], [498.938812256, -62.7487449646, -56.3417358398, 202.47618103, -37.1743240356, -11.1969089508, 22.5432682037, 0.907439172268, 3.54654121399, -2.91070508957, 22.4480762482, -5.06588315964, 18.1828174591], [-3217.33300781, 950.850341797, 381.061706543, -37.1743240356, 819.629516602, -60.10729599, 349.25994873, -223.445953369, 113.559211731, -137.753448486, 80.6424407959, -85.1441116333, 136.232299805], [166.826477051, -199.814498901, 60.219329834, -11.1969089508, -60.10729599, 174.871520996, -27.2107982635, 89.2773132324, -16.0664348602, 24.8311042786, -10.5327644348, 23.5486507416, -27.196931839], [-1421.44726562, 424.261047363, 155.024017334, 22.5432682037, 349.25994873, -27.2107982635, 228.714614868, -88.6615600586, 59.9365005493, -49.5675239563, 54.7545814514, -23.7803936005, 62.1178359985], [1185.98620605, -395.831481934, -90.8194198608, 0.907439172268, -223.445953369, 89.2773132324, -88.6615600586, 206.12147522, -30.5670452118, 92.9953460693, -10.8024349213, 62.16248703, -62.7006950378], [-536.085144043, 200.804885864, 30.8651733398, 3.54654121399, 113.559211731, -16.0664348602, 59.9365005493, -30.5670452118, 99.255607605, -1.80150103569, 30.1166553497, -15.0886936188, 49.0211029053], [711.176086426, -235.055084229, -67.0964355469, -2.91070508957, -137.753448486, 24.8311042786, -49.5675239563, 92.9953460693, -1.80150103569, 111.386627197, 4.79430437088, 56.6893615723, -33.4468688965], [-316.97354126, 125.28666687, -4.45122098923, 22.4480762482, 80.6424407959, -10.5327644348, 54.7545814514, -10.8024349213, 30.1166553497, 4.79430437088, 66.1068115234, 9.47176742554, 35.1570892334], [467.801086426, -181.729751587, -55.1725158691, -5.06588315964, -85.1441116333, 23.5486507416, -23.7803936005, 62.16248703, -15.0886936188, 56.6893615723, 9.47176742554, 94.3666534424, -9.93549346924], [-643.39440918, 235.683807373, -12.0694389343, 18.1828174591, 136.232299805, -27.196931839, 62.1178359985, -62.7006950378, 49.0211029053, -33.4468688965, 35.1570892334, -9.93549346924, 111.553619385]],
        "icov": [[0.000474509317428, -0.00093087280402, 0.000813750899397, -0.00153742462862, 0.000891365401912, -9.49773238972e-05, 0.00115476269275, -0.00129206059501, 0.000805669813417, -0.000897042453289, 0.00147338048555, -0.00111710489728, 0.00137429323513], [-0.00093087280402, 0.0111392522231, -0.00289944093674, 0.00695102149621, -0.00559999281541, 0.00499918730929, -0.0054693534039, 0.00559082441032, -0.00659091584384, 0.00641496339813, -0.00982087943703, 0.00868034176528, -0.00741631351411], [0.000813750899397, -0.00289944093674, 0.00534190656617, -0.00298712262884, 8.60553336679e-05, -0.00296953227371, 0.00208047567867, -0.00150172563735, 0.00159323890693, -0.00236571673304, 0.00490867998451, -0.00252124480903, 0.00587134482339], [-0.00153742462862, 0.00695102149621, -0.00298712262884, 0.0126059455797, -0.00274187023751, 0.00246119126678, -0.00773159693927, 0.00529990810901, -0.00413826340809, 0.00537437526509, -0.00960846431553, 0.00768889114261, -0.00755524728447], [0.000891365401912, -0.00559999281541, 8.60553336679e-05, -0.00274187023751, 0.009451482445, -0.0016006748192, -0.00269332225434, -0.00276792212389, 0.00318810017779, -0.00207511638291, 0.00408795336261, -0.00369266374037, 0.00179952429608], [-9.49773238972e-05, 0.00499918730929, -0.00296953227371, 0.00246119126678, -0.0016006748192, 0.0114229861647, -0.00164414127357, -0.0031570661813, -0.00234859692864, 0.00418565329164, -0.00375104951672, 0.00290654040873, -0.00422336440533], [0.00115476269275, -0.0054693534039, 0.00208047567867, -0.00773159693927, -0.00269332225434, -0.00164414127357, 0.0191132221371, -0.0041643474251, 0.00195066211745, -0.00334232277237, 0.00213127885945, -0.00713224662468, 0.0064391894266], [-0.00129206059501, 0.00559082441032, -0.00150172563735, 0.00529990810901, -0.00276792212389, -0.0031570661813, -0.0041643474251, 0.017047515139, -0.00396679434925, -0.00162575999275, -0.00709734857082, 0.00343579263426, -0.00198053615168], [0.000805669813417, -0.00659091584384, 0.00159323890693, -0.00413826340809, 0.00318810017779, -0.00234859692864, 0.00195066211745, -0.00396679434925, 0.0201268624514, -0.00913977995515, 0.00364389293827, -0.00119365262799, -0.00120286841411], [-0.000897042453289, 0.00641496339813, -0.00236571673304, 0.00537437526509, -0.00207511638291, 0.00418565329164, -0.00334232277237, -0.00162575999275, -0.00913977995515, 0.024345561862, -0.00932510010898, -0.00227003521286, -0.00130429235287], [0.00147338048555, -0.00982087943703, 0.00490867998451, -0.00960846431553, 0.00408795336261, -0.00375104951672, 0.00213127885945, -0.00709734857082, 0.00364389293827, -0.00932510010898, 0.0342823080719, -0.010851373896, 0.00409319344908], [-0.00111710489728, 0.00868034176528, -0.00252124480903, 0.00768889114261, -0.00369266374037, 0.00290654040873, -0.00713224662468, 0.00343579263426, -0.00119365262799, -0.00227003521286, -0.010851373896, 0.024912443012, -0.00970480963588], [0.00137429323513, -0.00741631351411, 0.00587134482339, -0.00755524728447, 0.00179952429608, -0.00422336440533, 0.0064391894266, -0.00198053615168, -0.00120286841411, -0.00130429235287, 0.00409319344908, -0.00970480963588, 0.0244831703603]]
    },
    "melbands": {
        "dmean": [0.00077939662151, 0.00240159430541, 0.00181958067697, 0.000571359996684, 0.000221384310862, 9.77797390078e-05, 9.85156730167e-05, 0.000104728875158, 0.00010127465066, 5.44824251847e-05, 7.68446989241e-05, 6.80611410644e-05, 4.23078636231e-05, 3.81982936233e-05, 2.17386495933e-05, 1.48355375131e-05, 1.21215662148e-05, 1.52328857439e-05, 1.1935020666e-05, 7.3926148616e-06, 1.08335962068e-05, 5.93459799347e-06, 3.0821247492e-06, 2.21576988224e-06, 1.98951306629e-06, 1.18947571082e-06, 1.48632807395e-06, 6.95175742749e-07, 5.0892526815e-07, 3.77449310918e-07, 2.38627166027e-07, 2.26616222676e-07, 1.61079697136e-07, 2.15481804844e-07, 1.09271901749e-07, 1.08504316643e-07, 1.17305035019e-07, 8.46086223305e-08, 1.41598832215e-07, 8.29286719295e-08],
        "dmean2": [0.00119521201123, 0.00421086791903, 0.00328072719276, 0.00101319979876, 0.000357845390681, 0.000160624200362, 0.000158159193234, 0.000164473254699, 0.000146945603774, 8.21187932161e-05, 0.000110854576633, 9.41475882428e-05, 6.15007811575e-05, 5.67609058635e-05, 3.39155340043e-05, 2.26174488489e-05, 1.93482119357e-05, 2.54534152191e-05, 1.85661338037e-05, 1.18055177154e-05, 1.85639328265e-05, 9.53642484092e-06, 4.71819294035e-06, 3.52286451744e-06, 3.21695119965e-06, 1.92184847947e-06, 2.31592252931e-06, 1.17398383281e-06, 8.07421145055e-07, 6.02324007559e-07, 3.71513692698e-07, 3.29120979359e-07, 2.57212633414e-07, 3.40299720847e-07, 1.78444622634e-07, 1.7870908664e-07, 1.81226809559e-07, 1.34966541054e-07, 2.14826755496e-07, 1.22188851037e-07],
        "dvar": [2.92321169582e-06, 3.56924356311e-05, 2.60724100372e-05, 3.96395580538e-06, 2.42433912945e-07, 3.96369799205e-08, 4.61025351228e-08, 9.28646244347e-08, 8.59515907337e-08, 8.69542304827e-09, 1.26179733329e-08, 1.29902417711e-08, 5.08800424015e-09, 5.5894084916e-09, 1.55082446884e-09, 5.54845891454e-10, 3.1691899105e-10, 5.77062009288e-10, 5.08997732851e-10, 9.94438836832e-11, 3.26433824416e-10, 1.02984294703e-10, 2.64232021679e-11, 1.13384319295e-11, 1.66103329008e-11, 3.34049671605e-12, 3.00798708858e-12, 1.15532952129e-12, 8.50608537599e-13, 3.48296370044e-13, 3.77203287051e-13, 4.53079604e-13, 2.05896823029e-13, 1.98480934379e-13, 8.59372455467e-14, 2.8989631469e-14, 3.36730155478e-14, 1.3527974212e-14, 4.06529702208e-14, 1.43082651982e-14],
        "dvar2": [7.89205660112e-06, 0.000101679084764, 7.22841068637e-05, 1.10288747237e-05, 6.46685123229e-07, 9.46715417172e-08, 1.09706803642e-07, 2.44830090423e-07, 1.74725784063e-07, 1.89076914126e-08, 2.458931192e-08, 2.14841158197e-08, 9.33200183795e-09, 1.17302851876e-08, 3.32765770494e-09, 1.1698377822e-09, 7.70570107722e-10, 1.47868872702e-09, 9.61654089693e-10, 2.4371155094e-10, 9.52674383825e-10, 2.48171927453e-10, 5.68466593243e-11, 2.43578577447e-11, 4.57809068433e-11, 8.44031788905e-12, 7.87258626345e-12, 3.20438597531e-12, 2.02564224075e-12, 7.83449097697e-13, 8.84333188275e-13, 8.37830781315e-13, 5.05479989463e-13, 4.66140038895e-13, 2.12556521321e-13, 6.85181891693e-14, 7.29242038392e-14, 3.30847240609e-14, 8.79752406991e-14, 2.80925134636e-14],
        "max": [0.0211582072079, 0.0593908391893, 0.0509152263403, 0.0278669688851, 0.0066455877386, 0.00299575552344, 0.00372386793606, 0.00499417586252, 0.00744449207559, 0.00136808340903, 0.00282634911127, 0.00336224306375, 0.00124180526473, 0.00204514013603, 0.000862360640895, 0.000665208615828, 0.000308030284941, 0.000447918195277, 0.0012167294044, 0.000139415991725, 0.000411118118791, 0.000247462390689, 0.000120048040117, 7.50654216972e-05, 7.62746640248e-05, 3.02354346786e-05, 2.08062083402e-05, 1.3590686649e-05, 1.86763518286e-05, 1.05800727397e-05, 1.35635054903e-05, 9.85584392765e-06, 6.27328518021e-06, 5.91726302446e-06, 4.38680945081e-06, 2.43116619458e-06, 3.13040573019e-06, 1.60790511927e-06, 2.7421381219e-06, 1.47816740537e-06],
        "mean": [0.00193443952594, 0.00397155806422, 0.00279580941424, 0.00069304095814, 0.000554700207431, 0.000212096405448, 0.000223161565373, 0.000222558213864, 0.000237064261455, 0.00016736521502, 0.00026142585557, 0.000193908359506, 0.000115019749501, 8.13132210169e-05, 5.51815064682e-05, 4.06935687352e-05, 2.61661189143e-05, 3.22529376717e-05, 3.07988048007e-05, 1.57365520863e-05, 2.37235744862e-05, 1.5701582015e-05, 9.30709575186e-06, 5.39390339327e-06, 4.48305354439e-06, 2.66682422989e-06, 3.64355219062e-06, 1.47944706441e-06, 1.17197214422e-06, 8.22953893476e-07, 4.7300588335e-07, 3.87696275084e-07, 3.03452338812e-07, 4.14970486418e-07, 2.05270822562e-07, 2.49778793204e-07, 2.886353343e-07, 2.10089183383e-07, 3.45860371453e-07, 2.29917077377e-07],
        "median": [0.000826951581985, 0.00148491014261, 0.000837169354782, 0.000259613676462, 0.000317929312587, 0.000142025135574, 0.000105668979813, 8.54818426888e-05, 8.6950181867e-05, 0.000112101319246, 0.000178198737558, 0.000118694188131, 4.81799288536e-05, 4.60836417915e-05, 3.31249793817e-05, 2.1044674213e-05, 1.66397821886e-05, 1.95885859284e-05, 1.90290174942e-05, 1.09942429845e-05, 1.59024675668e-05, 1.06032412077e-05, 4.7904177336e-06, 3.68429482478e-06, 2.32992783822e-06, 2.02066553356e-06, 3.05655680677e-06, 9.61221985563e-07, 7.21464232356e-07, 6.66188839205e-07, 2.63134523948e-07, 1.61828097589e-07, 1.79462233518e-07, 2.66331113608e-07, 1.2314525577e-07, 2.01468367322e-07, 2.4523987463e-07, 1.85689060572e-07, 2.67119048658e-07, 1.73555804395e-07],
        "min": [8.56172039681e-24, 8.6320757455e-24, 2.15048176486e-24, 9.09462433728e-24, 1.21311290329e-23, 1.17027199745e-23, 7.98457240361e-24, 1.03701579896e-23, 1.61525060583e-23, 2.63127252841e-23, 1.12312959087e-23, 1.12068948632e-23, 1.09176921444e-23, 8.16556233882e-24, 1.6379278325e-23, 9.99366150083e-24, 1.4219056889e-23, 1.37812611747e-23, 1.5794410539e-23, 1.75804247606e-23, 1.06995373943e-23, 3.22630522106e-24, 8.92726591851e-24, 1.13740986652e-23, 1.01665222244e-23, 1.21528282298e-23, 1.01185066277e-23, 5.29880433835e-24, 7.82841344312e-24, 1.07604035351e-23, 7.19262074136e-24, 1.25410116929e-23, 1.02332890448e-23, 1.11431856676e-23, 1.09105860854e-23, 1.31722558227e-23, 1.28387980072e-23, 1.0301713262e-23, 8.27241118184e-24, 8.28428196075e-24],
        "var": [9.80879121926e-06, 4.3160875066e-05, 2.9103101042e-05, 2.94170081361e-06, 4.86959550017e-07, 6.64872317202e-08, 1.40272078397e-07, 1.65732188862e-07, 3.02389736362e-07, 3.38494423602e-08, 9.98979814426e-08, 7.3245885801e-08, 2.99677616056e-08, 1.51753258848e-08, 6.22256735028e-09, 3.62097463125e-09, 1.05737274492e-09, 1.62087021582e-09, 5.613085996e-09, 3.0349289748e-10, 7.22583881618e-10, 4.36841979257e-10, 1.52253543106e-10, 4.56462818932e-11, 3.91821401713e-11, 8.36595983461e-12, 8.85197297407e-12, 2.82227344793e-12, 2.29360519292e-12, 7.03677242343e-13, 6.56139693359e-13, 8.31232218473e-13, 3.26017126706e-13, 3.53501082573e-13, 1.39985584431e-13, 6.77078632418e-14, 7.85128933438e-14, 3.10349720911e-14, 1.12773688771e-13, 4.86565506581e-14]
    },
    "mfcc": {
        "mean": [-678.232727051, 156.19354248, 3.76520681381, 11.8590927124, 17.4886951447, 4.95627260208, 13.4726238251, 8.71301937103, 8.53779888153, 3.96994185448, -6.8347120285, -3.06188821793, -1.36081397533],
        "cov": [[12710.9570312, -588.563415527, -1703.01049805, -464.860137939, -922.378601074, -1484.05200195, -746.657165527, -373.271057129, -181.608764648, -124.562019348, -26.6206188202, 214.014358521, 322.231445312], [-588.563415527, 470.731384277, 10.2872142792, 120.33354187, 116.456886292, 78.3612442017, 30.2199306488, -11.9630851746, 16.3670463562, 7.0714430809, -15.7413063049, 7.2800526619, -36.0990104675], [-1703.01049805, 10.2872142792, 466.7237854, 56.9954032898, 115.142173767, 220.988967896, 110.87197876, 73.8286132812, 14.9204444885, 30.3757133484, 21.5590686798, -32.750919342, -40.3829803467], [-464.860137939, 120.33354187, 56.9954032898, 159.949630737, 85.7251281738, 85.8328399658, 52.6962509155, 19.3549404144, 18.8810005188, 7.98170566559, -5.56346702576, 3.37143850327, -15.0137815475], [-922.378601074, 116.456886292, 115.142173767, 85.7251281738, 168.605224609, 136.660018921, 82.4393615723, 44.5344085693, 28.9304924011, 19.1127033234, -0.587012410164, -10.4728326797, -21.4916133881], [-1484.05200195, 78.3612442017, 220.988967896, 85.8328399658, 136.660018921, 260.500488281, 111.921165466, 57.3618431091, 28.9892215729, 12.1459579468, 8.54044151306, -27.4809913635, -46.7774887085], [-746.657165527, 30.2199306488, 110.87197876, 52.6962509155, 82.4393615723, 111.921165466, 138.186096191, 68.4064178467, 17.968706131, 13.2286710739, 14.3233833313, -1.30872690678, -11.4711122513], [-373.271057129, -11.9630851746, 73.8286132812, 19.3549404144, 44.5344085693, 57.3618431091, 68.4064178467, 90.0891189575, 23.4619197845, 2.89817142487, 24.7393913269, 5.91385221481, 0.129302099347], [-181.608764648, 16.3670463562, 14.9204444885, 18.8810005188, 28.9304924011, 28.9892215729, 17.968706131, 23.4619197845, 61.4028434753, 25.482503891, -3.28176879883, 2.49471569061, 13.6599254608], [-124.562019348, 7.0714430809, 30.3757133484, 7.98170566559, 19.1127033234, 12.1459579468, 13.2286710739, 2.89817142487, 25.482503891, 62.801410675, 8.50300598145, -1.51428639889, 11.0818862915], [-26.6206188202, -15.7413063049, 21.5590686798, -5.56346702576, -0.587012410164, 8.54044151306, 14.3233833313, 24.7393913269, -3.28176879883, 8.50300598145, 96.7322692871, 24.4316158295, -15.6197366714], [214.014358521, 7.2800526619, -32.750919342, 3.37143850327, -10.4728326797, -27.4809913635, -1.30872690678, 5.91385221481, 2.49471569061, -1.51428639889, 24.4316158295, 56.2327957153, 30.3437919617], [322.231445312, -36.0990104675, -40.3829803467, -15.0137815475, -21.4916133881, -46.7774887085, -11.4711122513, 0.129302099347, 13.6599254608, 11.0818862915, -15.6197366714, 30.3437919617, 79.0061264038]],
