{
"lowlevel": {
    "average_loudness": 0.936762452126,
    "barkbands_crest": {
        "dmean": 2.8651342392,
        "dmean2": 4.77208280563,
        "dvar": 6.77517652512,
        "dvar2": 17.3210525513,
        "max": 25.9318637848,
        "mean": 9.67275524139,
        "median": 8.90269470215,
        "min": 2.49700045586,
        "var": 15.3559684753
    },
    "barkbands_flatness_db": {
        "dmean": 0.0306165274233,
        "dmean2": 0.0462087653577,
        "dvar": 0.000781615672167,
        "dvar2": 0.00152449891903,
        "max": 0.421764403582,
        "mean": 0.133362308145,
        "median": 0.125165209174,
        "min": 0.0292086582631,
        "var": 0.00346397282556
    },
    "barkbands_kurtosis": {
        "dmean": 3.90195512772,
        "dmean2": 6.26911735535,
        "dvar": 120.239891052,
        "dvar2": 325.578521729,
        "max": 280.343170166,
        "mean": 3.54647755623,
        "median": 0.6749522686,
        "min": -1.94641554356,
        "var": 108.538742065
    },
    "barkbands_skewness": {
        "dmean": 0.797350108624,
        "dmean2": 1.22419345379,
        "dvar": 0.784491479397,
        "dvar2": 1.88047266006,
        "max": 13.5314102173,
        "mean": 1.26026892662,
        "median": 1.11351239681,
        "min": -3.20576667786,
        "var": 1.82261037827
    },
    "barkbands_spread": {
        "dmean": 9.95215415955,
        "dmean2": 15.6803703308,
        "dvar": 123.165542603,
        "dvar2": 266.6065979,
        "max": 102.953155518,
        "mean": 27.8970394135,
        "median": 23.9763908386,
        "min": 0.36202159524,
        "var": 336.814208984
    },
    "dissonance": {
        "dmean": 0.0188829414546,
        "dmean2": 0.0307982694358,
        "dvar": 0.000471723411465,
        "dvar2": 0.0010231572669,
        "max": 0.500000059605,
        "mean": 0.467238068581,
        "median": 0.476065129042,
        "min": 0.146955758333,
        "var": 0.000983322388493
    },
    "dynamic_complexity": 4.46699476242,
    "erbbands_crest": {
        "dmean": 3.16679954529,
        "dmean2": 5.14098978043,
        "dvar": 9.1309671402,
        "dvar2": 22.5187644958,
        "max": 31.3878726959,
        "mean": 9.19242286682,
        "median": 7.85258102417,
        "min": 2.62748074532,
        "var": 24.841003418
    },
    "erbbands_flatness_db": {
        "dmean": 0.0259376671165,
        "dmean2": 0.0374778173864,
        "dvar": 0.000613587617408,
        "dvar2": 0.00123082299251,
        "max": 0.465184658766,
        "mean": 0.163187742233,
        "median": 0.15476860106,
        "min": 0.0683598816395,
        "var": 0.00291674328037
    },
    "erbbands_kurtosis": {
        "dmean": 1.4844379425,
        "dmean2": 2.46215200424,
        "dvar": 23.7781620026,
        "dvar2": 64.9479217529,
        "max": 126.641311646,
        "mean": 0.457421272993,
        "median": -0.394742488861,
        "min": -1.86215674877,
        "var": 19.9763908386
    },
    "erbbands_skewness": {
        "dmean": 0.552608251572,
        "dmean2": 0.831958889961,
        "dvar": 0.357971668243,
        "dvar2": 0.813823759556,
        "max": 8.40197753906,
        "mean": 0.0349515005946,
        "median": 0.0052340249531,
        "min": -3.17520141602,
        "var": 0.962810814381
    },
    "erbbands_spread": {
        "dmean": 13.5312862396,
        "dmean2": 20.9520511627,
        "dvar": 224.570083618,
        "dvar2": 501.767700195,
        "max": 166.5131073,
        "mean": 45.9083862305,
        "median": 42.2883224487,
        "min": 1.00745522976,
        "var": 571.268859863
    },
    "hfc": {
        "dmean": 10.4975423813,
        "dmean2": 15.157535553,
        "dvar": 154.500549316,
        "dvar2": 327.69418335,
        "max": 127.436218262,
        "mean": 19.2642726898,
        "median": 12.6948537827,
        "min": 1.15162850972e-16,
        "var": 406.667999268
    },
    "melbands_crest": {
        "dmean": 3.69230389595,
        "dmean2": 6.01442289352,
        "dvar": 9.20266437531,
        "dvar2": 23.648109436,
        "max": 35.9025001526,
        "mean": 14.7496232986,
        "median": 14.1756181717,
        "min": 1.92252981663,
        "var": 25.6276493073
    },
    "melbands_flatness_db": {
        "dmean": 0.0396274849772,
        "dmean2": 0.0585001371801,
        "dvar": 0.0013463179348,
        "dvar2": 0.00286526000127,
        "max": 0.51153755188,
        "mean": 0.18057025969,
        "median": 0.175952017307,
        "min": 0.00978885404766,
        "var": 0.00578875467181
    },
    "melbands_kurtosis": {
        "dmean": 9.60760211945,
        "dmean2": 15.4059486389,
        "dvar": 256.427398682,
        "dvar2": 626.835510254,
        "max": 235.954315186,
        "mean": 13.2314682007,
        "median": 6.56266117096,
        "min": -1.85624969006,
        "var": 388.252960205
    },
    "melbands_skewness": {
        "dmean": 1.03300726414,
        "dmean2": 1.59897303581,
        "dvar": 1.12864530087,
        "dvar2": 2.70246720314,
        "max": 10.774474144,
        "mean": 2.67058563232,
        "median": 2.41157603264,
        "min": -1.20842862129,
        "var": 3.00054645538
    },
    "melbands_spread": {
        "dmean": 16.2500076294,
        "dmean2": 25.5556297302,
        "dvar": 573.558776855,
        "dvar2": 1299.44482422,
        "max": 242.979644775,
        "mean": 35.1571884155,
        "median": 25.1247806549,
        "min": 0.512843489647,
        "var": 1208.56359863
    },
    "pitch_salience": {
        "dmean": 0.0837261006236,
        "dmean2": 0.134862497449,
        "dvar": 0.00498103816062,
        "dvar2": 0.0129976589233,
        "max": 0.870127797127,
        "mean": 0.557872235775,
        "median": 0.563078224659,
        "min": 0.109145194292,
        "var": 0.011753898114
    },
    "silence_rate_20dB": {
        "dmean": 0,
        "dmean2": 0,
        "dvar": 0,
        "dvar2": 0,
        "max": 1,
        "mean": 1,
        "median": 1,
        "min": 1,
        "var": 0
    },
    "silence_rate_30dB": {
        "dmean": 0.00103092787322,
        "dmean2": 0.00206291908398,
        "dvar": 0.00102986616548,
        "dvar2": 0.00309012713842,
        "max": 1,
        "mean": 0.999484777451,
        "median": 1,
        "min": 0,
        "var": 0.000514929764904
    },
    "silence_rate_60dB": {
        "dmean": 0.0768041238189,
        "dmean2": 0.153687462211,
        "dvar": 0.0709050297737,
        "dvar2": 0.159980863333,
        "max": 1,
        "mean": 0.191138595343,
        "median": 0,
        "min": 0,
        "var": 0.154603004456
    },
    "spectral_centroid": {
        "dmean": 496.450683594,
        "dmean2": 751.798522949,
        "dvar": 321174.78125,
        "dvar2": 689403,
        "max": 11090.34375,
        "mean": 1625.62524414,
        "median": 1486.8692627,
        "min": 183.185241699,
        "var": 835287.0625
    },
    "spectral_complexity": {
        "dmean": 6.77113389969,
        "dmean2": 9.64363098145,
        "dvar": 58.2383346558,
        "dvar2": 119.024589539,
        "max": 57,
        "mean": 15.6306028366,
        "median": 13,
        "min": 0,
        "var": 170.594390869
    },
    "spectral_decrease": {
        "dmean": 2.62545851726e-09,
        "dmean2": 3.87275012059e-09,
        "dvar": 1.36439529476e-17,
        "dvar2": 2.98054515963e-17,
        "max": -9.65131041528e-29,
        "mean": -4.21041024268e-09,
        "median": -2.375122099e-09,
        "min": -2.80682286302e-08,
        "var": 2.29524984493e-17
    },
    "spectral_energy": {
        "dmean": 0.0106447152793,
        "dmean2": 0.0155818378553,
        "dvar": 0.000214210595004,
        "dvar2": 0.000464968674351,
        "max": 0.113629326224,
        "mean": 0.0176383797079,
        "median": 0.0103801684454,
        "min": 1.08098717024e-20,
        "var": 0.000376366864657
    },
    "spectral_energyband_high": {
        "dmean": 0.000810640922282,
        "dmean2": 0.00129115628079,
        "dvar": 1.34417916797e-06,
        "dvar2": 3.24950110553e-06,
        "max": 0.010313170962,
        "mean": 0.00112409610301,
        "median": 0.000377897114959,
        "min": 7.82436684542e-21,
        "var": 2.44831994678e-06
    },
    "spectral_energyband_low": {
        "dmean": 0.0028423522599,
        "dmean2": 0.0044710165821,
        "dvar": 3.32709205395e-05,
        "dvar2": 7.09146843292e-05,
        "max": 0.0464512556791,
        "mean": 0.0030457766261,
        "median": 0.000647357490379,
        "min": 3.12969330767e-23,
        "var": 3.85683888453e-05
    },
    "spectral_energyband_middle_high": {
        "dmean": 0.00310318474658,
        "dmean2": 0.00429463433102,
        "dvar": 2.81902284769e-05,
        "dvar2": 5.63110879739e-05,
        "max": 0.0603255964816,
        "mean": 0.00492398627102,
        "median": 0.00209472887218,
        "min": 1.63426019096e-21,
        "var": 5.8380948758e-05
    },
    "spectral_energyband_middle_low": {
        "dmean": 0.00617166422307,
        "dmean2": 0.00986242573708,
        "dvar": 8.92133757588e-05,
        "dvar2": 0.000216214044485,
        "max": 0.0876931026578,
        "mean": 0.00914824008942,
        "median": 0.0055006723851,
        "min": 3.67004194938e-22,
        "var": 0.000113348731247
    },
    "spectral_entropy": {
        "dmean": 0.269070535898,
        "dmean2": 0.3827483356,
        "dvar": 0.0681528449059,
        "dvar2": 0.138488188386,
        "max": 9.81167602539,
        "mean": 7.62685823441,
        "median": 7.68953561783,
        "min": 5.09274530411,
        "var": 0.290961563587
    },
    "spectral_flux": {
        "dmean": 0.0326205417514,
        "dmean2": 0.0478965751827,
        "dvar": 0.00133932824247,
        "dvar2": 0.0029783998616,
        "max": 0.281170815229,
        "mean": 0.0841244012117,
        "median": 0.0696502253413,
        "min": 1.03970533571e-10,
        "var": 0.00345125724562
    },
    "spectral_kurtosis": {
        "dmean": 2.21822524071,
        "dmean2": 3.58203220367,
        "dvar": 10.7062578201,
        "dvar2": 25.4822635651,
        "max": 57.3846473694,
        "mean": 4.11843490601,
        "median": 3.02369976044,
        "min": -1.43940758705,
        "var": 21.8871078491
    },
    "spectral_rms": {
        "dmean": 0.00113888981286,
        "dmean2": 0.00155526958406,
        "dvar": 1.6867351178e-06,
        "dvar2": 3.47303534909e-06,
        "max": 0.0105289071798,
        "mean": 0.00353289698251,
        "median": 0.0031822938472,
        "min": 3.24749385369e-12,
        "var": 4.72681585961e-06
    },
    "spectral_rolloff": {
        "dmean": 1170.92919922,
        "dmean2": 1917.75439453,
        "dvar": 2931734.75,
        "dvar2": 5971254,
        "max": 18410.8886719,
        "mean": 2611.99682617,
        "median": 1550.390625,
        "min": 43.06640625,
        "var": 7808355
    },
    "spectral_skewness": {
        "dmean": 0.333977133036,
        "dmean2": 0.514043331146,
        "dvar": 0.126675531268,
        "dvar2": 0.283781409264,
        "max": 5.84580183029,
        "mean": 1.33550107479,
        "median": 1.22529923916,
        "min": -0.202040612698,
        "var": 0.379899561405
    },
    "spectral_spread": {
        "dmean": 885125.75,
        "dmean2": 1295216.125,
        "dvar": 1.95734300262e+12,
        "dvar2": 2.85019262157e+12,
        "max": 40244944,
        "mean": 4818055.5,
        "median": 4239070,
        "min": 1426672.5,
        "var": 4.9084539863e+12
    },
    "spectral_strongpeak": {
        "dmean": 0.457482397556,
        "dmean2": 0.770672798157,
        "dvar": 0.533806085587,
        "dvar2": 1.37281703949,
        "max": 7.37362384796,
        "mean": 0.701083004475,
        "median": 0.440856426954,
        "min": 0,
        "var": 0.72170996666
    },
    "zerocrossingrate": {
        "dmean": 0.0206832420081,
        "dmean2": 0.0232347846031,
        "dvar": 0.000706472434103,
        "dvar2": 0.000746589968912,
        "max": 0.494140625,
        "mean": 0.0858059301972,
        "median": 0.064453125,
        "min": 0.00439453125,
        "var": 0.00478163035586
    },
    "barkbands": {
        "dmean": [0.000150120060425, 0.00178095395677, 0.00103556399699, 0.00130385463126, 0.00401395559311, 0.000644549552817, 0.0005505362642, 0.000483916868689, 0.000559267122298, 0.000708084495272, 0.000913115742151, 0.000612030329648, 0.000386255851481, 0.00036325363908, 0.000371315545635, 0.000247439631494, 0.000205294796615, 0.000248426105827, 0.000302461499814, 0.000308011251036, 0.000206927783438, 0.000168042082805, 0.000135132519063, 0.000102095073089, 8.18320331746e-05, 5.48939788132e-05, 8.06750358606e-06],
        "dmean2": [0.000246529496508, 0.00294809695333, 0.00181066605728, 0.00219642953016, 0.0068750185892, 0.00104854058009, 0.000951834721491, 0.000766539771575, 0.000914637872484, 0.00107341003604, 0.00155172229279, 0.00101564254146, 0.000642102444544, 0.000606180168688, 0.000613517244346, 0.000393075868487, 0.000329444475938, 0.00038811613922, 0.000444533594418, 0.000494257488754, 0.000358175399015, 0.000275177502772, 0.000217854787479, 0.000161475254572, 0.000127512728795, 8.48870768095e-05, 1.2643030459e-05],
        "dvar": [1.1374633857e-07, 1.61570133059e-05, 5.79790685151e-06, 4.69352335131e-06, 4.99111847603e-05, 1.49446213982e-06, 3.53737368641e-06, 1.19401590837e-06, 1.96227142624e-06, 6.96485312801e-06, 9.00451414054e-06, 3.54049007001e-06, 6.38323513158e-07, 6.50080494324e-07, 1.0736657714e-06, 2.990288408e-07, 1.86513958056e-07, 1.40668134918e-07, 2.57408856896e-07, 2.40008716901e-07, 1.83108809892e-07, 6.71444766454e-08, 4.27366728672e-08, 3.73827759859e-08, 2.98772455665e-08, 3.04026315234e-08, 1.31335664566e-09],
        "dvar2": [2.88692717731e-07, 3.83723599953e-05, 1.56553578563e-05, 1.23365925901e-05, 0.000130619257106, 3.68497148884e-06, 7.32261605663e-06, 2.66494248535e-06, 5.03953015141e-06, 1.32117693283e-05, 2.4576414944e-05, 9.88275496638e-06, 1.69774705228e-06, 1.75983939243e-06, 2.88910428026e-06, 6.97703001151e-07, 4.33203780403e-07, 3.38936956723e-07, 5.20926676018e-07, 5.8342709508e-07, 5.11070993525e-07, 1.69514322579e-07, 1.03006058794e-07, 8.25353367873e-08, 6.67790160946e-08, 6.15697004491e-08, 2.99017610672e-09],
        "max": [0.00372196407989, 0.0301957018673, 0.0213131308556, 0.0198932811618, 0.0539730377495, 0.0195084754378, 0.0539387315512, 0.0132919149473, 0.0214128773659, 0.0533703714609, 0.0375140681863, 0.0289813708514, 0.0112425303087, 0.0138719873503, 0.0173569973558, 0.0110176932067, 0.00849737413228, 0.00463133351877, 0.00726875243708, 0.00539449602365, 0.00681079551578, 0.00216190586798, 0.00225876620971, 0.00290007004514, 0.00235073897056, 0.00248236185871, 0.000615598924924],
        "mean": [0.000153228524141, 0.00152383348905, 0.000872319098562, 0.00175108760595, 0.00457770656794, 0.000799768546131, 0.000555692589842, 0.000584267720114, 0.000684819358867, 0.000857939943671, 0.00079387309961, 0.000632854003925, 0.000417103525251, 0.000383276579669, 0.000415930931922, 0.000299346371321, 0.000231864032685, 0.000354969146429, 0.000433741952293, 0.000375580304535, 0.000217444874579, 0.000205155127333, 0.000184285119758, 0.000144137593452, 0.000107664389361, 7.21770848031e-05, 8.33824469737e-06],
        "median": [2.72733177553e-05, 0.000150376552483, 0.000154295601533, 0.000777524081059, 0.00184658053331, 0.00031845876947, 0.000145263809827, 9.79463366093e-05, 0.000130435844767, 0.000126634287881, 7.41496769479e-05, 9.40364407143e-05, 8.38814303279e-05, 8.09834236861e-05, 8.64721951075e-05, 9.79315009317e-05, 9.20392849366e-05, 0.000175976529135, 0.000180236122105, 0.000137556344271, 6.12648145761e-05, 5.72941862629e-05, 4.79247282783e-05, 3.68904366042e-05, 1.57128542924e-05, 3.75535614694e-06, 2.09211474811e-08],
        "min": [6.54797702025e-24, 1.15701440108e-23, 1.37696475644e-23, 1.66407072234e-24, 1.72851714787e-23, 8.13405712753e-23, 6.93728697672e-23, 3.77706506757e-23, 1.1888093452e-22, 5.57750597738e-23, 3.17965881078e-23, 9.41301396288e-23, 1.76300352763e-22, 6.27276948283e-23, 3.12900605205e-22, 1.5645170362e-22, 2.01719142447e-22, 1.88262917208e-22, 1.80780615699e-22, 3.83603898355e-22, 2.79646369383e-22, 7.97715332457e-22, 5.64258346796e-22, 1.1613428998e-21, 1.34974570413e-21, 1.67269783615e-21, 1.96730408801e-21],
        "var": [1.12879376957e-07, 1.47609116539e-05, 4.50065817859e-06, 5.68557288716e-06, 4.81411661895e-05, 1.78172888354e-06, 4.22487983087e-06, 1.74265926489e-06, 2.78416337096e-06, 1.10851315185e-05, 6.9320858529e-06, 3.17645935866e-06, 7.48542674955e-07, 6.49518369755e-07, 1.02962599158e-06, 3.61051974096e-07, 2.09946620089e-07, 2.28447163408e-07, 5.2208224588e-07, 3.49632358621e-07, 1.62228431577e-07, 9.98443923095e-08, 8.23184365117e-08, 6.70978934636e-08, 5.23109875417e-08, 5.63451401092e-08, 1.67358205072e-09]
    },
    "erbbands": {
        "dmean": [0.0631370916963, 0.375170916319, 1.03910255432, 2.6931874752, 11.4226970673, 14.0301628113, 5.4472951889, 6.59742689133, 8.01975536346, 9.02076148987, 9.17529582977, 12.4537734985, 16.8877620697, 29.3926639557, 35.4823760986, 20.9745388031, 16.3093967438, 16.307472229, 21.5379390717, 14.9296112061, 11.5735349655, 11.4027299881, 12.8119440079, 14.3552436829, 15.3916120529, 15.0541191101, 8.86385631561, 8.23797893524, 5.78153800964, 5.35574960709, 3.70274353027, 2.35746669769, 1.68366384506, 1.03762292862, 0.548606991768, 0.219562038779, 0.113244630396, 0.025161664933, 0.000901442603208, 2.90988627967e-05],
        "dmean2": [0.106435067952, 0.621683180332, 1.78865790367, 4.56553983688, 19.4013309479, 23.4504871368, 8.89371490479, 10.9250421524, 13.408290863, 14.984872818, 14.0870800018, 20.2606601715, 25.4506454468, 46.9258766174, 58.5357437134, 34.5337753296, 26.5033912659, 26.0894546509, 35.5404090881, 23.2716789246, 17.882648468, 18.1033191681, 19.8016796112, 21.7718315125, 22.9694824219, 24.0960998535, 14.9700841904, 14.3752470016, 9.57297039032, 8.6111869812, 6.01181793213, 3.75867342949, 2.684425354, 1.62133944035, 0.882349491119, 0.338301688433, 0.179837211967, 0.0378979556262, 0.00139353470877, 4.26668848377e-05],
        "dvar": [0.0219860039651, 0.712251722813, 5.48588657379, 21.815366745, 475.93270874, 628.768371582, 87.4416427612, 172.016281128, 380.530334473, 776.924987793, 484.977508545, 1190.11071777, 2612.22998047, 11832.1171875, 14284.5869141, 3647.00756836, 1168.63000488, 979.426452637, 3239.20800781, 1464.32226562, 440.247070312, 638.376098633, 407.747528076, 590.366516113, 758.48425293, 580.108947754, 197.150161743, 423.352355957, 87.8006744385, 76.0219726562, 35.7335090637, 16.3826770782, 14.4959354401, 5.26965522766, 1.55412590504, 0.385108798742, 0.137540191412, 0.00938595551997, 1.58360053319e-05, 4.80307216222e-09],
        "dvar2": [0.053764231503, 1.72641861439, 14.5256299973, 57.6266899109, 1301.31030273, 1523.83911133, 213.214096069, 436.729522705, 891.154968262, 1663.23034668, 1080.4543457, 3115.09887695, 5422.12890625, 27376.6171875, 39195.03125, 9916.9375, 2974.07470703, 2500.78808594, 8704.93359375, 3835.875, 914.405273438, 1439.35913086, 974.95501709, 1379.84094238, 1571.74047852, 1400.52575684, 497.702941895, 1210.27770996, 229.493286133, 186.572860718, 86.5874176025, 35.952960968, 34.8304519653, 11.7554349899, 3.67488241196, 0.805870592594, 0.306540280581, 0.0195410642773, 3.54498006345e-05, 9.91660353833e-09],
        "max": [1.40850949287, 7.36054992676, 19.4999389648, 44.7153053284, 170.460876465, 230.983779907, 108.12197113, 214.338516235, 388.544158936, 718.27722168, 325.576202393, 620.178100586, 925.299072266, 1900.98901367, 1557.67492676, 1053.64416504, 506.431640625, 415.781524658, 761.805175781, 747.052734375, 392.902709961, 552.924377441, 281.814025879, 449.821655273, 387.918487549, 301.25567627, 135.235717773, 374.757415771, 90.6901702881, 97.4420013428, 66.6112289429, 55.2091560364, 72.4735717773, 28.0933456421, 23.3014736176, 11.5387401581, 5.09318828583, 1.46321439743, 0.071831099689, 0.00119029695634],
        "mean": [0.0523400753736, 0.314635425806, 0.910121142864, 3.31575059891, 13.3930997849, 15.6684541702, 6.32395172119, 8.01873493195, 8.70955657959, 10.0350389481, 11.1591777802, 15.0629682541, 22.3858470917, 31.4689941406, 34.4277458191, 23.3158245087, 18.9283638, 20.1064491272, 23.1150913239, 18.6544284821, 15.2037239075, 13.6395015717, 18.1408958435, 22.0221767426, 20.9138202667, 18.6702384949, 10.3241958618, 8.2889289856, 6.83085298538, 6.92247343063, 5.08003044128, 3.37716603279, 2.20485138893, 1.37507259846, 0.679723083973, 0.2833994627, 0.138616606593, 0.0304583590478, 0.00101839168929, 4.5075390517e-05],
        "median": [0.00516058271751, 0.0301037207246, 0.171483427286, 1.44249308109, 6.07508611679, 3.62443900108, 2.45682644844, 2.92318916321, 2.54326581955, 2.60736942291, 2.24698257446, 3.44853758812, 4.33392810822, 4.96942090988, 4.31302261353, 4.46580219269, 4.20579767227, 5.35808849335, 5.56558275223, 5.05348443985, 6.03701114655, 5.90317392349, 9.40909957886, 9.73324298859, 8.58246135712, 7.04303121567, 3.43196249008, 2.20279979706, 2.05073261261, 1.74094212055, 1.26141166687, 0.960131406784, 0.485374629498, 0.171553313732, 0.104094564915, 0.0267561059445, 0.0052567855455, 0.000582549721003, 2.79583055089e-05, 1.96134096768e-05],
        "min": [7.47998718124e-22, 1.27579503036e-21, 1.52940186109e-20, 7.7474576277e-21, 2.88825588198e-20, 8.46563134516e-20, 1.1873503024e-19, 1.00199344769e-18, 1.23842182929e-18, 4.14968285779e-19, 1.19444963171e-18, 2.78496037174e-18, 3.04468288317e-18, 8.09666769142e-19, 2.12639349602e-18, 4.20217470549e-18, 6.15067267102e-18, 5.48966643968e-18, 1.39081833866e-17, 1.37873430525e-17, 7.41624577334e-18, 1.15797286921e-17, 1.037503691e-17, 8.42480889625e-18, 1.24105555168e-17, 1.75508866266e-17, 1.09933387015e-17, 1.60191185313e-17, 2.57178658074e-17, 2.39329936796e-17, 1.60202732755e-17, 1.80017645805e-17, 2.14012072372e-17, 1.49695156695e-17, 9.99154274317e-18, 5.54685357133e-18, 3.75136582114e-18, 1.0646306656e-18, 2.73821391378e-19, 3.05349134856e-20],
        "var": [0.0190461222082, 0.63395768404, 4.47274017334, 23.8058757782, 401.475585938, 817.169067383, 105.210296631, 194.277267456, 448.400695801, 858.769592285, 705.482788086, 1545.0213623, 4009.63476562, 13597.0761719, 11247.8525391, 3680.43237305, 1550.38525391, 1311.23571777, 3085.38671875, 1687.99560547, 651.321044922, 731.907714844, 645.963989258, 1172.29968262, 1292.23303223, 852.441589355, 272.215576172, 302.781585693, 111.143600464, 126.64087677, 66.0789413452, 32.9709892273, 20.0487251282, 8.70416069031, 2.41244244576, 0.758916795254, 0.214782729745, 0.0144613282755, 2.1328263756e-05, 8.25651014225e-09]
    },
    "gfcc": {
        "mean": [-49.0047073364, 75.4013137817, -124.089111328, 40.5066566467, -65.1360778809, 11.0806121826, -41.9927787781, 2.67907071114, -32.4883308411, -6.59589338303, -15.7622070312, -2.57666420937, -11.3146429062],
        "cov": [[16159.9589844, -2341.11865234, -103.395637512, 120.23197937, -90.1089859009, 337.180084229, -331.813293457, 284.576782227, -604.529907227, 424.959320068, -571.15234375, 212.621902466, -485.03237915], [-2341.11865234, 3061.2434082, -329.142272949, 107.774772644, 563.071655273, -33.4826011658, 230.345245361, -401.710266113, 10.7991056442, -345.011932373, 255.168624878, -186.548446655, 207.825912476], [-103.395637512, -329.142272949, 1032.73913574, 171.118896484, -54.7634277344, 104.898231506, -162.667602539, -24.5550003052, -57.9061927795, 69.0317306519, -91.1176986694, 11.8055305481, -77.0088424683], [120.23197937, 107.774772644, 171.118896484, 519.384399414, 46.0808753967, 68.7573318481, -53.8992576599, -65.7618560791, -62.9989089966, -56.8972663879, 1.66091895103, -29.3315086365, 30.3129749298], [-90.1089859009, 563.071655273, -54.7634277344, 46.0808753967, 301.003509521, 44.9874191284, 76.3665237427, -89.5611877441, -48.3169708252, -64.6601638794, 17.1993980408, -22.4799785614, 25.4257545471], [337.180084229, -33.4826011658, 104.898231506, 68.7573318481, 44.9874191284, 245.335083008, 38.1303253174, -9.74621391296, -73.7345123291, -16.8648262024, -28.8017921448, -25.8249874115, -15.6528663635], [-331.813293457, 230.345245361, -162.667602539, -53.8992576599, 76.3665237427, 38.1303253174, 192.574661255, -5.16647958755, 20.3605117798, -23.0402431488, 18.3060321808, -15.9868822098, 19.975610733], [284.576782227, -401.710266113, -24.5550003052, -65.7618560791, -89.5611877441, -9.74621391296, -5.16647958755, 206.594894409, 84.5949630737, 57.0439796448, -30.6622123718, 18.2286605835, -14.153424263], [-604.529907227, 10.7991056442, -57.9061927795, -62.9989089966, -48.3169708252, -73.7345123291, 20.3605117798, 84.5949630737, 186.89541626, 23.1711158752, 25.174495697, -0.986182510853, 25.3672180176], [424.959320068, -345.011932373, 69.0317306519, -56.8972663879, -64.6601638794, -16.8648262024, -23.0402431488, 57.0439796448, 23.1711158752, 162.025909424, -2.83871984482, 47.5721321106, -29.7321109772], [-571.15234375, 255.168624878, -91.1176986694, 1.66091895103, 17.1993980408, -28.8017921448, 18.3060321808, -30.6622123718, 25.174495697, -2.83871984482, 139.672668457, 4.17464399338, 31.9972457886], [212.621902466, -186.548446655, 11.8055305481, -29.3315086365, -22.4799785614, -25.8249874115, -15.9868822098, 18.2286605835, -0.986182510853, 47.5721321106, 4.17464399338, 94.5948562622, 4.48730325699], [-485.03237915, 207.825912476, -77.0088424683, 30.3129749298, 25.4257545471, -15.6528663635, 19.975610733, -14.153424263, 25.3672180176, -29.7321109772, 31.9972457886, 4.48730325699, 114.410827637]],
        "icov": [[0.000119242053188, -3.98631127609e-05, 0.000162589771207, -8.54432510096e-05, -3.4018932638e-05, -0.000116606068332, 0.000223902286962, -0.000214315019548, 0.000360913894838, -0.000328381691361, 0.000423477293225, -0.000221100184717, 0.000360881647794], [-3.98631127609e-05, 0.00111882050987, -0.000148282560986, 0.000189066238818, -0.0013338731369, 0.000355916301487, -0.000428564264439, 0.00130191526841, -0.000730155792553, 0.00109529390465, -0.00138694245834, 0.00137972831726, -0.00098991766572], [0.000162589771207, -0.000148282560986, 0.00163376668934, -0.000479547918076, 7.65229633544e-05, -0.000904505082872, 0.00141185184475, 0.000153196946485, 0.000118679810839, -0.00114142370876, 0.00137291348074, -0.000569181633182, 0.00113248289563], [-8.54432510096e-05, 0.000189066238818, -0.000479547918076, 0.00249221688136, -0.000355494441465, -0.000348531262716, 0.000520820205566, 0.000519526191056, 4.72310857731e-05, 0.000918220321182, -0.0007408792153, 0.000838009640574, -0.00128161616158], [-3.4018932638e-05, -0.0013338731369, 7.65229633544e-05, -0.000355494441465, 0.00616904115304, -0.000644963001832, -0.00128109636717, -7.17344373697e-05, 0.00115648971405, -0.000264927715762, 0.00131808104925, -0.00152532092761, 0.000545973947737], [-0.000116606068332, 0.000355916301487, -0.000904505082872, -0.000348531262716, -0.000644963001832, 0.00598666071892, -0.00230431579985, -0.000737708527595, 0.00207121297717, 0.000632863317151, -0.000539471162483, 0.00195845891722, -0.000604586908594], [0.000223902286962, -0.000428564264439, 0.00141185184475, 0.000520820205566, -0.00128109636717, -0.00230431579985, 0.00812800787389, -0.000484706688439, -0.000655751442537, -0.00099291105289, 0.00109059188981, -0.000415073503973, 0.000629009329714], [-0.000214315019548, 0.00130191526841, 0.000153196946485, 0.000519526191056, -7.17344373697e-05, -0.000737708527595, -0.000484706688439, 0.0096451677382, -0.00504383258522, 0.000138834133395, -1.22348983496e-05, 0.000957491167355, -0.000994927133434], [0.000360913894838, -0.000730155792553, 0.000118679810839, 4.72310857731e-05, 0.00115648971405, 0.00207121297717, -0.000655751442537, -0.00504383258522, 0.0103355199099, -0.00188112410251, 0.00033772556344, 0.00051052327035, -0.000454284949228], [-0.000328381691361, 0.00109529390465, -0.00114142370876, 0.000918220321182, -0.000264927715762, 0.000632863317151, -0.00099291105289, 0.000138834133395, -0.00188112410251, 0.010790691711, -0.00318660144694, -0.00207159644924, 0.000136424670927], [0.000423477293225, -0.00138694245834, 0.00137291348074, -0.0007408792153, 0.00131808104925, -0.000539471162483, 0.00109059188981, -1.22348983496e-05, 0.00033772556344, -0.00318660144694, 0.0116788232699, -0.00268332636915, 0.000812429992948], [-0.000221100184717, 0.00137972831726, -0.000569181633182, 0.000838009640574, -0.00152532092761, 0.00195845891722, -0.000415073503973, 0.000957491167355, 0.00051052327035, -0.00207159644924, -0.00268332636915, 0.0153814032674, -0.00375526538119], [0.000360881647794, -0.00098991766572, 0.00113248289563, -0.00128161616158, 0.000545973947737, -0.000604586908594, 0.000629009329714, -0.000994927133434, -0.000454284949228, 0.000136424670927, 0.000812429992948, -0.00375526538119, 0.0127896498889]]
    },
    "melbands": {
        "dmean": [0.000524068251252, 0.000507161603309, 0.000686994055286, 0.000964794366155, 0.000274963589618, 0.000140234827995, 0.000121462529933, 0.000105176448415, 7.04293415765e-05, 8.37810875964e-05, 8.85511690285e-05, 0.000119572563563, 0.000126231840113, 8.27602052595e-05, 3.91695721191e-05, 3.76266070816e-05, 3.226627814e-05, 3.72187059838e-05, 2.54899787251e-05, 1.89962083823e-05, 1.3496432075e-05, 1.22861983982e-05, 1.21193252198e-05, 1.22413403005e-05, 1.24405460156e-05, 1.24293319459e-05, 1.12040152089e-05, 1.0065465176e-05, 5.77162245463e-06, 5.06417882207e-06, 4.71744760944e-06, 3.29783165398e-06, 3.30952661898e-06, 2.9286482004e-06, 2.32971387959e-06, 1.80996562449e-06, 1.38517691539e-06, 1.22605410979e-06, 1.10677308385e-06, 8.4451045268e-07],
        "dmean2": [0.000870701333042, 0.00084494339535, 0.00115063146222, 0.0016496037133, 0.00044998381054, 0.000231485260883, 0.000204627969651, 0.000172160653165, 0.000108131564048, 0.000137602241011, 0.000133391382406, 0.000192009480088, 0.000213498715311, 0.000137693074066, 6.42792001599e-05, 6.18920021225e-05, 5.32724079676e-05, 6.25655229669e-05, 4.17191695306e-05, 2.97896731354e-05, 2.14364663407e-05, 1.9701963538e-05, 1.93666310224e-05, 1.91072322195e-05, 1.9483775759e-05, 1.87247878785e-05, 1.79013040906e-05, 1.64544362633e-05, 9.7211004686e-06, 8.82764834387e-06, 8.25521055958e-06, 5.4712054407e-06, 5.52663914277e-06, 4.70030681754e-06, 3.826907232e-06, 2.94365577247e-06, 2.19597382056e-06, 1.98005454877e-06, 1.77496997367e-06, 1.32872651193e-06],
        "dvar": [1.44595219354e-06, 1.24391453937e-06, 1.33821083637e-06, 2.93405537377e-06, 2.54826971968e-07, 7.82451152759e-08, 1.09011118354e-07, 7.86703466815e-08, 2.73362665837e-08, 5.0817117625e-08, 7.50851256726e-08, 2.12302850855e-07, 1.75881083919e-07, 7.24314972445e-08, 7.76609621056e-09, 5.42539702053e-09, 4.19456647194e-09, 1.03736983448e-08, 6.20497520032e-09, 2.35337771493e-09, 5.84253756486e-10, 7.8516637636e-10, 5.04555841552e-10, 3.44477196768e-10, 5.4065585342e-10, 5.46729217454e-10, 4.40228381526e-10, 2.91104501615e-10, 9.73170016794e-11, 1.11388440138e-10, 1.40494671452e-10, 2.85861109089e-11, 2.9716368255e-11, 2.51190613448e-11, 1.51360347866e-11, 1.10857078725e-11, 6.69851370552e-12, 7.7412225935e-12, 7.0975703613e-12, 3.59997383466e-12],
        "dvar2": [3.45575813299e-06, 3.10555401484e-06, 3.46262822859e-06, 7.79292076913e-06, 5.93825859596e-07, 1.961580125e-07, 2.38864259927e-07, 1.70335596295e-07, 6.17552444737e-08, 1.3231755247e-07, 1.54685352527e-07, 4.7917228585e-07, 4.79067637116e-07, 2.04655208336e-07, 1.93090894385e-08, 1.38598190702e-08, 1.1172314629e-08, 2.83797003675e-08, 1.70446057268e-08, 5.94835514178e-09, 1.28843646863e-09, 1.81651316211e-09, 1.15658360667e-09, 8.29764867927e-10, 1.31718824736e-09, 1.03269581775e-09, 1.09215136934e-09, 7.18141990319e-10, 2.46222708888e-10, 3.12223968901e-10, 3.99439231691e-10, 7.43310968332e-11, 7.71727820537e-11, 6.19913842481e-11, 3.71946154432e-11, 2.70245006928e-11, 1.4880601959e-11, 1.85426587279e-11, 1.74784180185e-11, 8.01255676391e-12],
        "max": [0.00991101562977, 0.00915147271007, 0.00840980745852, 0.0138738788664, 0.00498149357736, 0.00452865613624, 0.00833772215992, 0.00651747034863, 0.00238519720733, 0.00379456370138, 0.00490109855309, 0.00852115079761, 0.00554803898558, 0.00392913213, 0.00125450384803, 0.000884143868461, 0.000926577253267, 0.00152787019033, 0.00174370920286, 0.00110462366138, 0.000405288592447, 0.000569141295273, 0.000339379155776, 0.000216181389987, 0.000412354478613, 0.000347875029547, 0.000274892954621, 0.000251721387031, 9.80306940619e-05, 0.000153963177581, 0.000221535636229, 4.42708696937e-05, 5.73863617319e-05, 5.69359362999e-05, 4.76134955534e-05, 5.82755019423e-05, 4.13900343119e-05, 4.80346898257e-05, 4.8184330808e-05, 2.13173243537e-05],
        "mean": [0.000449750077678, 0.000453343149275, 0.000904271379113, 0.00110828445759, 0.000317652535159, 0.000171397128724, 0.000130140673718, 0.000119721116789, 8.24619055493e-05, 0.000102545869595, 0.000113057307317, 0.000127162929857, 0.000115335373266, 8.44637834234e-05, 4.12778572354e-05, 4.23716010118e-05, 3.57336721208e-05, 3.67306711269e-05, 2.95110148727e-05, 2.21208392759e-05, 1.663130206e-05, 1.34979409268e-05, 1.46071006384e-05, 1.76778157766e-05, 1.77871770575e-05, 1.65481360455e-05, 1.34362744575e-05, 1.20307904581e-05, 6.51750588077e-06, 5.21249558005e-06, 4.66520305054e-06, 3.79257448913e-06, 3.96162340621e-06, 3.73645343643e-06, 3.05021262648e-06, 2.40834197029e-06, 1.906694024e-06, 1.53828364091e-06, 1.38586676712e-06, 1.07354264856e-06],
        "median": [4.53112697869e-05, 7.17729199096e-05, 0.00039531942457, 0.000472899497254, 9.87276871456e-05, 6.4381158154e-05, 3.57321514457e-05, 2.54446422332e-05, 1.53596611199e-05, 1.9047418391e-05, 2.08752990147e-05, 1.77434594661e-05, 1.16096689453e-05, 1.19764154078e-05, 7.61347564548e-06, 9.65645540418e-06, 8.57756640471e-06, 7.31994259695e-06, 6.01714782533e-06, 5.57694602321e-06, 6.28575480732e-06, 5.21725860381e-06, 5.72801991439e-06, 8.40904795041e-06, 6.98185203873e-06, 6.39567178951e-06, 4.94203823109e-06, 4.27594795838e-06, 2.07503012462e-06, 1.32225932248e-06, 1.13611895358e-06, 1.1061800933e-06, 1.10242569917e-06, 8.6998795723e-07, 7.0495741511e-07, 6.14144028077e-07, 5.10134157139e-07, 3.75372252392e-07, 1.94480548998e-07, 1.2644841263e-07],
        "min": [4.74802283762e-24, 5.46448603326e-24, 2.0483848227e-24, 3.88885115434e-24, 4.44859056509e-24, 2.07642642186e-23, 1.75257456558e-23, 4.29956409047e-24, 1.10014194743e-23, 1.79922827283e-23, 1.4416081211e-23, 2.71002751025e-24, 5.18639363151e-24, 1.15654147897e-23, 8.96941002351e-24, 1.831200332e-23, 8.17516672034e-24, 2.01240341742e-23, 2.04264755567e-23, 1.49400300024e-23, 7.64887895628e-24, 1.14805475558e-23, 1.2061353497e-23, 7.93183547437e-24, 6.43259309666e-24, 6.70575393446e-24, 1.22415892812e-23, 1.15496202166e-23, 7.89570880036e-24, 5.27288355229e-24, 1.09856769661e-23, 1.57153840312e-23, 1.52294425582e-23, 1.20042904545e-23, 9.48980263003e-24, 9.78775776051e-24, 1.07229744518e-23, 1.65011115809e-23, 1.18139414735e-23, 1.3541949175e-23],
        "var": [1.30880835059e-06, 1.11182089313e-06, 1.52026495925e-06, 2.7531075375e-06, 3.25008755908e-07, 8.88153763867e-08, 1.33026702542e-07, 9.21489302641e-08, 3.87807475022e-08, 7.21689659144e-08, 1.13199185137e-07, 2.54150819501e-07, 1.37365091746e-07, 6.16502049411e-08, 9.26808585433e-09, 6.87122581056e-09, 4.72147609898e-09, 8.9726421848e-09, 5.6232685175e-09, 2.63669086564e-09, 8.14302403285e-10, 8.51291703796e-10, 7.04098224169e-10, 5.81082792994e-10, 9.4286689567e-10, 1.01058050817e-09, 5.54734591596e-10, 3.85551784943e-10, 1.19462023607e-10, 1.02925563905e-10, 1.00318794938e-10, 3.65607231989e-11, 3.99409151586e-11, 4.05229703959e-11, 2.52840439557e-11, 1.95148584792e-11, 1.19917062391e-11, 1.02044822245e-11, 9.37266843998e-12, 5.77627529141e-12]
    },
    "mfcc": {
        "mean": [-685.381530762, 96.8196487427, 0.466713160276, 24.9582519531, 0.755193650723, 3.39418768883, 0.135397940874, 3.58089923859, -10.9286441803, -1.5529807806, -7.81734275818, -7.87671041489, -5.74822616577],
        "cov": [[14362.6777344, -892.923583984, -951.017883301, 238.538421631, -274.751159668, 222.599334717, 50.5267066956, -23.0824604034, -138.443237305, 146.608154297, -16.7155590057, -181.514587402, -185.586349487], [-892.923583984, 2174.85522461, -339.625671387, 100.026672363, 195.460113525, 240.850006104, 181.699279785, 52.9922180176, -151.313415527, -89.7147903442, -71.3069458008, -99.2975387573, -63.4955635071], [-951.017883301, -339.625671387, 909.135253906, 32.3603477478, 153.419906616, 50.5343933105, -13.314953804, -65.7262954712, 44.5381622314, -42.0590896606, -9.32670593262, 63.9411735535, 9.17693328857], [238.538421631, 100.026672363, 32.3603477478, 340.143463135, 96.2759246826, 65.5192108154, 9.9066400528, 9.71748352051, -25.2443275452, -39.3878250122, -45.4079437256, -26.3066387177, 1.57187092304], [-274.751159668, 195.460113525, 153.419906616, 96.2759246826, 227.456390381, 78.8230743408, 47.0444107056, 9.84650230408, -18.2585754395, -24.7383003235, -37.1049766541, -1.94079184532, -6.66011095047], [222.599334717, 240.850006104, 50.5343933105, 65.5192108154, 78.8230743408, 267.77255249, 141.451568604, 10.4812650681, -29.5590343475, -50.8304290771, -24.9135398865, -39.1223068237, -41.6957015991], [50.5267066956, 181.699279785, -13.314953804, 9.9066400528, 47.0444107056, 141.451568604, 208.956619263, 23.7535896301, -31.5462436676, -20.9497623444, -18.685754776, -25.0000667572, -23.824672699], [-23.0824604034, 52.9922180176, -65.7262954712, 9.71748352051, 9.84650230408, 10.4812650681, 23.7535896301, 134.155807495, 20.2120685577, 31.0939865112, -1.34334790707, -24.3931922913, -39.4334640503], [-138.443237305, -151.313415527, 44.5381622314, -25.2443275452, -18.2585754395, -29.5590343475, -31.5462436676, 20.2120685577, 165.233322144, 40.8609008789, 35.6271095276, 6.47748184204, 2.7441072464], [146.608154297, -89.7147903442, -42.0590896606, -39.3878250122, -24.7383003235, -50.8304290771, -20.9497623444, 31.0939865112, 40.8609008789, 114.953262329, 35.6698265076, -0.162629753351, -12.9809799194], [-16.7155590057, -71.3069458008, -9.32670593262, -45.4079437256, -37.1049766541, -24.9135398865, -18.685754776, -1.34334790707, 35.6271095276, 35.6698265076, 103.285842896, 37.6619415283, 8.70044708252], [-181.514587402, -99.2975387573, 63.9411735535, -26.3066387177, -1.94079184532, -39.1223068237, -25.0000667572, -24.3931922913, 6.47748184204, -0.162629753351, 37.6619415283, 134.406494141, 61.9682884216], [-185.586349487, -63.4955635071, 9.17693328857, 1.57187092304, -6.66011095047, -41.6957015991, -23.824672699, -39.4334640503, 2.7441072464, -12.9809799194, 8.70044708252, 61.9682884216, 120.271575928]],
