{
"lowlevel": {
    "average_loudness": 0.443318933249,
    "barkbands_crest": {
        "dmean": 2.92706370354,
        "dmean2": 4.79723024368,
        "dvar": 6.97754621506,
        "dvar2": 16.8457527161,
        "max": 26.7494239807,
        "mean": 9.88432788849,
        "median": 8.61211395264,
        "min": 3.24562621117,
        "var": 19.9550762177
    },
    "barkbands_flatness_db": {
        "dmean": 0.0299171600491,
        "dmean2": 0.0448556765914,
        "dvar": 0.000692630477715,
        "dvar2": 0.00146997638512,
        "max": 0.657211005688,
        "mean": 0.377015650272,
        "median": 0.365305364132,
        "min": 0.0746455937624,
        "var": 0.00618783105165
    },
    "barkbands_kurtosis": {
        "dmean": 3.59869766235,
        "dmean2": 5.40358018875,
        "dvar": 110.993019104,
        "dvar2": 257.84576416,
        "max": 277.05871582,
        "mean": 3.6200735569,
        "median": 0.00468826293945,
        "min": -1.92357802391,
        "var": 216.565322876
    },
    "barkbands_skewness": {
        "dmean": 0.722542285919,
        "dmean2": 1.06885313988,
        "dvar": 0.51802277565,
        "dvar2": 1.09575533867,
        "max": 14.9614667892,
        "mean": 0.587650358677,
        "median": 0.588920712471,
        "min": -13.9429836273,
        "var": 3.08188080788
    },
    "barkbands_spread": {
        "dmean": 6.30962276459,
        "dmean2": 9.32554626465,
        "dvar": 36.9312591553,
        "dvar2": 72.8716659546,
        "max": 61.6689758301,
        "mean": 21.6774768829,
        "median": 20.4316310883,
        "min": 0.315373301506,
        "var": 199.589447021
    },
    "dissonance": {
        "dmean": 0.0272533539683,
        "dmean2": 0.0459661260247,
        "dvar": 0.00136469653808,
        "dvar2": 0.00389983388595,
        "max": 0.500000059605,
        "mean": 0.460690915585,
        "median": 0.477086931467,
        "min": 0.133619084954,
        "var": 0.00213900720701
    },
    "dynamic_complexity": 14.1769952774,
    "erbbands_crest": {
        "dmean": 3.58305454254,
        "dmean2": 5.93861484528,
        "dvar": 9.47592163086,
        "dvar2": 23.7563552856,
        "max": 35.2392997742,
        "mean": 13.5061740875,
        "median": 12.5331697464,
        "min": 3.46638083458,
        "var": 27.9375476837
    },
    "erbbands_flatness_db": {
        "dmean": 0.0235826335847,
        "dmean2": 0.0333107896149,
        "dvar": 0.000414361216826,
        "dvar2": 0.000827042560559,
        "max": 0.61388528347,
        "mean": 0.378089666367,
        "median": 0.370747566223,
        "min": 0.0995653644204,
        "var": 0.00434105237946
    },
    "erbbands_kurtosis": {
        "dmean": 3.69391298294,
        "dmean2": 5.59676361084,
        "dvar": 81.8770141602,
        "dvar2": 136.944396973,
        "max": 321.732727051,
        "mean": 4.22094964981,
        "median": 0.323651075363,
        "min": -1.95360398293,
        "var": 330.564178467
    },
    "erbbands_skewness": {
        "dmean": 0.746905386448,
        "dmean2": 1.08261537552,
        "dvar": 0.457536995411,
        "dvar2": 0.915368139744,
        "max": 5.83616018295,
        "mean": -0.733780443668,
        "median": -0.667410433292,
        "min": -11.1834440231,
        "var": 2.62283372879
    },
    "erbbands_spread": {
        "dmean": 8.39811134338,
        "dmean2": 13.0768156052,
        "dvar": 75.8813018799,
        "dvar2": 169.662582397,
        "max": 88.9613494873,
        "mean": 26.553560257,
        "median": 23.7771930695,
        "min": 0.220498293638,
        "var": 297.566589355
    },
    "hfc": {
        "dmean": 3.97440075874,
        "dmean2": 5.43641614914,
        "dvar": 169.529571533,
        "dvar2": 331.336639404,
        "max": 200.926193237,
        "mean": 7.51298666,
        "median": 0.173910200596,
        "min": 1.23123279845e-16,
        "var": 457.105072021
    },
    "melbands_crest": {
        "dmean": 4.07433605194,
        "dmean2": 6.72948884964,
        "dvar": 12.0071258545,
        "dvar2": 30.2153644562,
        "max": 36.9196166992,
        "mean": 13.5583724976,
        "median": 12.2203722,
        "min": 1.79237651825,
        "var": 36.1859359741
    },
    "melbands_flatness_db": {
        "dmean": 0.0330828540027,
        "dmean2": 0.0505891405046,
        "dvar": 0.000796793727204,
        "dvar2": 0.00172308832407,
        "max": 0.811252355576,
        "mean": 0.478870123625,
        "median": 0.467154443264,
        "min": 0.00380432303064,
        "var": 0.00683063315228
    },
    "melbands_kurtosis": {
        "dmean": 6.36764907837,
        "dmean2": 9.79690551758,
        "dvar": 239.177383423,
        "dvar2": 547.39239502,
        "max": 389.458709717,
        "mean": 8.21562957764,
        "median": 2.59617328644,
        "min": -1.93516397476,
        "var": 402.40814209
    },
    "melbands_skewness": {
        "dmean": 0.83619427681,
        "dmean2": 1.26287972927,
        "dvar": 0.669337809086,
        "dvar2": 1.40351331234,
        "max": 14.3740797043,
        "mean": 1.6577681303,
        "median": 1.52656877041,
        "min": -7.46017932892,
        "var": 3.80611085892
    },
    "melbands_spread": {
        "dmean": 10.4808101654,
        "dmean2": 16.204624176,
        "dvar": 117.041061401,
        "dvar2": 270.466674805,
        "max": 132.665664673,
        "mean": 30.262090683,
        "median": 25.8406143188,
        "min": 0.375323057175,
        "var": 478.245483398
    },
    "pitch_salience": {
        "dmean": 0.080734051764,
        "dmean2": 0.132179930806,
        "dvar": 0.00463442131877,
        "dvar2": 0.0116326985881,
        "max": 0.829488039017,
        "mean": 0.568758249283,
        "median": 0.599315702915,
        "min": 0.0508164316416,
        "var": 0.0181893464178
    },
    "silence_rate_20dB": {
        "dmean": 0,
        "dmean2": 0,
        "dvar": 0,
        "dvar2": 0,
        "max": 1,
        "mean": 1,
        "median": 1,
        "min": 1,
        "var": 0
    },
    "silence_rate_30dB": {
        "dmean": 0,
        "dmean2": 0,
        "dvar": 0,
        "dvar2": 0,
        "max": 1,
        "mean": 1,
        "median": 1,
        "min": 1,
        "var": 0
    },
    "silence_rate_60dB": {
        "dmean": 0.0515463910997,
        "dmean2": 0.103145949543,
        "dvar": 0.0488893911242,
        "dvar2": 0.0986937358975,
        "max": 1,
        "mean": 0.746522426605,
        "median": 1,
        "min": 0,
        "var": 0.189224332571
    },
    "spectral_centroid": {
        "dmean": 288.427764893,
        "dmean2": 416.779174805,
        "dvar": 119998.90625,
        "dvar2": 222552.40625,
        "max": 11014.0917969,
        "mean": 1597.14855957,
        "median": 1741.49963379,
        "min": 110.617073059,
        "var": 655095.0625
    },
    "spectral_complexity": {
        "dmean": 1.30309283733,
        "dmean2": 1.82877767086,
        "dvar": 5.13704061508,
        "dvar2": 8.3183221817,
        "max": 27,
        "mean": 4.11849546432,
        "median": 1,
        "min": 0,
        "var": 36.672000885
    },
    "spectral_decrease": {
        "dmean": 5.95186011587e-10,
        "dmean2": 8.07962585725e-10,
        "dvar": 2.64854960333e-18,
        "dvar2": 5.00443484773e-18,
        "max": 8.63367852347e-29,
        "mean": -1.17260468002e-09,
        "median": -5.45653591755e-11,
        "min": -2.27670664543e-08,
        "var": 7.42822417579e-18
    },
    "spectral_energy": {
        "dmean": 0.00259174732491,
        "dmean2": 0.00350592518225,
        "dvar": 5.18816341355e-05,
        "dvar2": 9.81054690783e-05,
        "max": 0.0993726402521,
        "mean": 0.005107129924,
        "median": 0.000220356174395,
        "min": 1.08656627729e-20,
        "var": 0.000146429825691
    },
    "spectral_energyband_high": {
        "dmean": 9.7501704488e-09,
        "dmean2": 1.80167685215e-08,
        "dvar": 7.94701134191e-15,
        "dvar2": 2.21847873053e-14,
        "max": 1.83000224752e-06,
        "mean": 9.24991105933e-09,
        "median": 2.38749708892e-09,
        "min": 7.80929907201e-21,
        "var": 5.04179421194e-15
    },
    "spectral_energyband_low": {
        "dmean": 0.000165230114362,
        "dmean2": 0.000257441250142,
        "dvar": 3.30609026378e-07,
        "dvar2": 7.81374637882e-07,
        "max": 0.010920853354,
        "mean": 0.000254524580669,
        "median": 3.13300915877e-05,
        "min": 4.80320208021e-23,
        "var": 6.39651148049e-07
    },
    "spectral_energyband_middle_high": {
        "dmean": 0.00182219943963,
        "dmean2": 0.00251649855636,
        "dvar": 3.6396246287e-05,
        "dvar2": 6.94868576829e-05,
        "max": 0.0993241891265,
        "mean": 0.00330401514657,
        "median": 5.15113206347e-05,
        "min": 1.44999551112e-21,
        "var": 9.62059493759e-05
    },
    "spectral_energyband_middle_low": {
        "dmean": 0.000996331567876,
        "dmean2": 0.00141232926399,
        "dvar": 9.2399714049e-06,
        "dvar2": 1.81795203389e-05,
        "max": 0.0474579259753,
        "mean": 0.00160700618289,
        "median": 6.32511073491e-05,
        "min": 2.7613284602e-22,
        "var": 2.09304798773e-05
    },
    "spectral_entropy": {
        "dmean": 0.167058244348,
        "dmean2": 0.247388914227,
        "dvar": 0.0326806530356,
        "dvar2": 0.0617375262082,
        "max": 9.81255817413,
        "mean": 5.94653367996,
        "median": 6.01134157181,
        "min": 3.67890501022,
        "var": 0.198039785028
    },
    "spectral_flux": {
        "dmean": 0.009392157197,
        "dmean2": 0.0131024094298,
        "dvar": 0.000331693910994,
        "dvar2": 0.000548391777556,
        "max": 0.276323109865,
        "mean": 0.0292380787432,
        "median": 0.00998369883746,
        "min": 6.40937511398e-11,
        "var": 0.00177833426278
    },
    "spectral_kurtosis": {
        "dmean": 16.3708438873,
        "dmean2": 27.0462932587,
        "dvar": 502.636108398,
        "dvar2": 1292.46325684,
        "max": 529.114196777,
        "mean": 33.9835586548,
        "median": 19.6037406921,
        "min": -1.23505222797,
        "var": 1871.5378418
    },
    "spectral_rms": {
        "dmean": 0.000369147426682,
        "dmean2": 0.000466939993203,
        "dvar": 4.89807177928e-07,
        "dvar2": 7.6337136079e-07,
        "max": 0.00984626449645,
        "mean": 0.00134319765493,
        "median": 0.00046366112656,
        "min": 3.25586346078e-12,
        "var": 3.17838475894e-06
    },
    "spectral_rolloff": {
        "dmean": 441.953063965,
        "dmean2": 793.308654785,
        "dvar": 612583.875,
        "dvar2": 1273198.75,
        "max": 19121.484375,
        "mean": 1818.37719727,
        "median": 2196.38671875,
        "min": 86.1328125,
        "var": 1456047.625
    },
    "spectral_skewness": {
        "dmean": 1.19688081741,
        "dmean2": 1.98752439022,
        "dvar": 1.39473819733,
        "dvar2": 3.82548046112,
        "max": 17.7265472412,
        "mean": 2.56701016426,
        "median": 1.80356347561,
        "min": -1.17706811428,
        "var": 6.22393465042
    },
    "spectral_spread": {
        "dmean": 280403.59375,
        "dmean2": 456963.25,
        "dvar": 853487386624,
        "dvar2": 1.33541894554e+12,
        "max": 41628340,
        "mean": 1583869.75,
        "median": 1516447.625,
        "min": 233820.25,
        "var": 2.12030599987e+12
    },
    "spectral_strongpeak": {
        "dmean": 0.419591128826,
        "dmean2": 0.661431193352,
        "dvar": 1.39718747139,
        "dvar2": 3.30594301224,
        "max": 19.2398605347,
        "mean": 0.797841966152,
        "median": 0.0605775676668,
        "min": 0,
        "var": 4.17306089401
    },
    "zerocrossingrate": {
        "dmean": 0.008335262537,
        "dmean2": 0.00926273781806,
        "dvar": 0.000172814412508,
        "dvar2": 0.000307519978378,
        "max": 0.513671875,
        "mean": 0.0570066459477,
        "median": 0.05810546875,
        "min": 0.00341796875,
        "var": 0.000936922733672
    },
    "barkbands": {
        "dmean": [6.06073945164e-06, 7.32957923901e-05, 7.72360726842e-05, 7.68153913668e-05, 0.000447757774964, 0.000166943616932, 0.000181267634616, 0.00021199072944, 0.00020892896282, 0.000219046632992, 0.000298223079881, 0.000269219744951, 0.00019667444576, 8.4656450781e-05, 0.000121489247249, 0.000420334690716, 0.000400435121264, 0.000463382486487, 0.000141299082316, 1.93526761905e-06, 2.4036581614e-09, 1.14942044771e-09, 1.20174770135e-09, 1.1570576719e-09, 5.94222449024e-10, 3.05669878298e-10, 2.55087700962e-10],
        "dmean2": [9.72163707047e-06, 0.000114397182188, 0.000126665996504, 0.00012170872651, 0.000614848395344, 0.000267450872343, 0.0002853932383, 0.000305767578539, 0.000330687675159, 0.000365326093743, 0.000500022550113, 0.000410679494962, 0.000313576456392, 0.000117307106848, 0.000164383891388, 0.000582444074098, 0.000607360096183, 0.000700358941685, 0.000208246943657, 3.14133239954e-06, 4.42710845761e-09, 2.1272152928e-09, 2.25014451516e-09, 2.14315432068e-09, 1.05161046537e-09, 5.59561563751e-10, 4.66867877691e-10],
        "dvar": [5.6506954671e-10, 1.04547893898e-07, 8.44173371206e-08, 1.77095131448e-07, 4.29492502008e-06, 4.68109590201e-07, 6.30967008419e-07, 1.42634951317e-06, 2.1284702143e-06, 1.12558188903e-06, 4.27323902841e-06, 4.25066582466e-06, 2.1297200874e-06, 2.02950673156e-07, 3.45229551613e-07, 4.03018748329e-06, 3.82498592444e-06, 4.79009622723e-06, 6.55156327412e-07, 1.07306863395e-09, 6.20501132352e-16, 1.08010650349e-16, 1.69312357035e-16, 1.18561094216e-16, 1.02165234621e-17, 2.09413097059e-18, 6.40349618595e-19],
        "dvar2": [1.40228173517e-09, 2.74865215033e-07, 2.17804185354e-07, 4.35590749248e-07, 8.0082400018e-06, 1.14566773846e-06, 1.33632568122e-06, 2.95220434054e-06, 5.25031464349e-06, 3.00487113236e-06, 1.15315233415e-05, 1.00737224784e-05, 5.42034240425e-06, 4.3650555881e-07, 6.62567686049e-07, 7.56207691666e-06, 9.31548220251e-06, 1.0700691746e-05, 1.31545732529e-06, 3.12559400584e-09, 1.51734316385e-15, 3.17373266229e-16, 5.00622306332e-16, 3.44577793973e-16, 2.78519487744e-17, 6.15073512316e-18, 1.941002882e-18],
        "max": [0.000492395774927, 0.00806706957519, 0.00452614808455, 0.0111529938877, 0.0422368906438, 0.00912446994334, 0.0138444742188, 0.0287543628365, 0.0429242439568, 0.0190318264067, 0.0404387488961, 0.0549945384264, 0.0441770404577, 0.0107936216518, 0.0153390690684, 0.0455213673413, 0.044774774462, 0.0400424748659, 0.022041849792, 0.00111371069215, 5.99372583565e-07, 2.36046759028e-07, 3.10982386509e-07, 2.61104048604e-07, 7.50526680804e-08, 3.54703466598e-08, 1.04206749896e-08],
        "mean": [6.81917254042e-06, 0.000112300142064, 9.79407632258e-05, 8.8312473963e-05, 0.000629368179943, 0.000178294503712, 0.00022202116088, 0.000240343477344, 0.000207745091757, 0.000208081211895, 0.000243259652052, 0.000267710187472, 0.000221811249503, 0.000153660264914, 0.000222584698349, 0.00067636044696, 0.000504739233293, 0.000640206621028, 0.000183738826308, 1.82861242592e-06, 2.12783368703e-09, 1.05251585225e-09, 1.02903952026e-09, 1.09586151265e-09, 7.47626793807e-10, 3.63301722039e-10, 3.78583997485e-10],
        "median": [1.78361972303e-06, 1.53388937179e-05, 6.93586889611e-06, 5.8664950302e-06, 1.69715895026e-05, 5.96175368628e-06, 2.53041275755e-06, 1.6775104541e-06, 2.11355859392e-06, 4.89101466883e-07, 5.91022129015e-08, 3.92741661415e-09, 4.34286717699e-10, 5.30754162842e-10, 3.28101599223e-08, 1.20140740023e-07, 2.87133752863e-06, 7.86941018305e-06, 1.91571621144e-06, 3.85605408715e-10, 2.90575341566e-10, 3.04948677421e-10, 3.21487836352e-10, 4.96391705518e-10, 4.6512302343e-10, 1.52867010716e-10, 2.00325700472e-10],
        "min": [3.39225840245e-23, 1.60854118606e-23, 1.25691732384e-23, 5.20133386819e-24, 2.53178123327e-23, 9.02549014527e-24, 2.70117680644e-23, 2.37894574377e-23, 4.94510679747e-23, 8.51716774169e-23, 6.28243271337e-23, 5.8376060396e-23, 7.23696450611e-23, 1.02045885496e-22, 9.95123987456e-23, 2.35246627065e-22, 1.59140431885e-22, 1.54645426717e-22, 1.04632869638e-22, 3.19117031087e-22, 3.05763799528e-22, 5.02277659069e-22, 7.05112553758e-22, 6.9130821998e-22, 1.14795129805e-21, 1.81475065731e-21, 2.49459719534e-21],
        "var": [5.94787552544e-10, 1.62305241247e-07, 1.19905394058e-07, 2.10275686641e-07, 9.16005774343e-06, 5.61087347251e-07, 1.03985962596e-06, 1.99382839128e-06, 2.15082923205e-06, 9.95861455522e-07, 3.24998927681e-06, 5.37918731425e-06, 2.40662006945e-06, 5.32493572791e-07, 1.0512217159e-06, 1.10398314064e-05, 5.44013255421e-06, 8.02828253654e-06, 1.23010352127e-06, 8.35868430027e-10, 4.9232482452e-16, 6.09252468638e-17, 9.09928518485e-17, 6.74687815221e-17, 7.17670502129e-18, 1.43701869198e-18, 5.76520174929e-19]
    },
    "erbbands": {
        "dmean": [0.00138510146644, 0.0193448942155, 0.0801864042878, 0.176989197731, 1.05367970467, 1.75772190094, 0.919957578182, 1.61706256866, 2.40708088875, 3.44687414169, 4.50325393677, 5.44778013229, 4.93368768692, 8.28902721405, 13.0399360657, 9.51544094086, 7.9136133194, 3.63350629807, 7.14642858505, 8.77400875092, 24.9606685638, 22.6837768555, 24.0424423218, 15.9813985825, 2.81782722473, 0.142363592982, 0.00661547388881, 0.000861548702233, 0.000226385731366, 9.7932315839e-05, 5.85097805015e-05, 4.00421304221e-05, 2.30284349527e-05, 1.2716326637e-05, 6.8461176852e-06, 3.96474206354e-06, 1.93387131731e-06, 8.79925437403e-07, 1.70077669281e-06, 3.3538626667e-06],
        "dmean2": [0.00223712041043, 0.0300550516695, 0.129519313574, 0.276569008827, 1.54043447971, 2.38863134384, 1.38284683228, 2.59837770462, 3.60620880127, 5.3723192215, 6.40395832062, 8.51267623901, 7.66030836105, 13.7367172241, 21.6741085052, 14.1603307724, 12.3314580917, 5.20534133911, 8.77463245392, 13.0083847046, 33.780506134, 34.0190734863, 36.2723960876, 25.5117454529, 3.8496568203, 0.203251481056, 0.00962381530553, 0.00126554071903, 0.000334031035891, 0.000150439664139, 9.4611721579e-05, 6.67990461807e-05, 3.75933232135e-05, 1.96357959794e-05, 9.99618987407e-06, 5.59606496608e-06, 2.59367311628e-06, 1.19776871088e-06, 2.27694681598e-06, 4.51197092843e-06],
        "dvar": [6.26078763162e-05, 0.00646615866572, 0.0758527219296, 0.715386748314, 24.7873764038, 70.2496643066, 15.4101247787, 52.8044548035, 130.67805481, 296.102050781, 627.86895752, 1949.9453125, 435.675811768, 1474.14904785, 8331.59375, 3853.04638672, 3158.77001953, 432.738098145, 1012.00317383, 2126.55151367, 14054.7558594, 13444.0283203, 14724.0898438, 6228.39208984, 512.973083496, 1.36124801636, 0.00188515451737, 2.27743785217e-05, 1.26948020807e-06, 3.11438043354e-07, 1.81848363923e-07, 1.00411526205e-07, 2.32777619402e-08, 3.4328855314e-09, 8.54773085646e-10, 3.14630710374e-10, 3.78101057408e-11, 8.64456249638e-12, 2.5138394838e-11, 9.14083808645e-11],
        "dvar2": [0.000173427688424, 0.0164213962853, 0.1910341084, 1.65781438351, 51.5666656494, 126.009986877, 34.8798522949, 129.556274414, 265.587371826, 705.662536621, 1341.25549316, 4827.44238281, 1033.22302246, 3689.25097656, 21312.4082031, 9136.71582031, 7626.92919922, 970.14654541, 1573.8762207, 4957.18164062, 23850.4160156, 33771.4179688, 35464.9648438, 13232.9501953, 1000.40148926, 3.20166134834, 0.00396404834464, 4.5398806833e-05, 2.66852885034e-06, 7.92412834016e-07, 5.03729779666e-07, 2.84110541315e-07, 6.33545056417e-08, 8.51502068855e-09, 2.00902672276e-09, 7.71486541318e-10, 7.29856314274e-11, 1.66705624999e-11, 4.76914861769e-11, 1.73433614692e-10],
        "max": [0.251499503851, 1.7160077095, 4.19679164886, 22.3808708191, 89.6896896362, 154.835296631, 94.8461456299, 112.359268188, 238.077926636, 368.390899658, 753.46081543, 1350.73718262, 366.918823242, 626.478271484, 1853.88098145, 1414.7734375, 1680.93249512, 519.011291504, 1189.17346191, 1184.78649902, 3121.13842773, 3037.20336914, 2780.99804688, 1395.31567383, 764.496276855, 33.7372512817, 1.21726429462, 0.141290441155, 0.0291622783989, 0.0104836989194, 0.00928431749344, 0.00729660363868, 0.00352428643964, 0.00128842052072, 0.000783218652941, 0.000415392365539, 0.000108748383354, 5.30251782038e-05, 7.05638667569e-05, 0.000128178668092],
        "mean": [0.0017316378653, 0.0302213188261, 0.113723620772, 0.227421477437, 1.30094194412, 2.39347243309, 1.08948385715, 1.74293994904, 3.01705408096, 3.91686582565, 5.10230779648, 5.29364442825, 5.24914455414, 7.78005933762, 11.7015314102, 10.4716119766, 9.50382518768, 5.2959227562, 16.9370479584, 11.8941631317, 43.5490684509, 30.9804534912, 33.1963539124, 22.3401737213, 3.90773320198, 0.195078715682, 0.00988892093301, 0.00135016499553, 0.00035291488166, 0.00014237468713, 7.76881424827e-05, 5.10824174853e-05, 3.34270334861e-05, 2.18526420213e-05, 1.23697691379e-05, 7.33828073862e-06, 3.97986150347e-06, 1.75716854756e-06, 3.37187998412e-06, 6.59994066154e-06],
        "median": [0.000463374541141, 0.00310630118474, 0.00835435837507, 0.0165899582207, 0.0364334620535, 0.0577864274383, 0.0539504736662, 0.0516118369997, 0.0462537668645, 0.039056673646, 0.0570705495775, 0.0637205019593, 0.0497059971094, 0.0425644628704, 0.00900644715875, 0.00196116627194, 0.00067512888927, 0.000955106515903, 0.00563817471266, 0.0326015427709, 0.101061791182, 0.248628482223, 0.417948812246, 0.345780402422, 0.025694059208, 0.00104231422301, 0.000109140702989, 2.92864751827e-05, 1.68467522599e-05, 1.30969419843e-05, 1.16983746921e-05, 1.22680530694e-05, 1.06148536361e-05, 8.63477453095e-06, 2.98759073303e-06, 7.7049395486e-07, 4.00534958089e-07, 1.50298973267e-07, 1.56222981218e-07, 2.67282530331e-07],
        "min": [4.82286838258e-22, 4.50085813786e-21, 1.1270887569e-20, 1.57233625073e-20, 5.62194789662e-20, 1.09669712338e-19, 1.16970550596e-19, 8.25114793597e-20, 3.38421017743e-19, 6.2488051396e-19, 7.90156990612e-19, 1.0263725283e-18, 2.02954450157e-18, 1.68780910036e-18, 2.46619226062e-18, 2.7932222517e-18, 3.32782763403e-18, 4.53970989035e-18, 5.76469241282e-18, 8.74862198193e-18, 1.16126496533e-17, 9.96366923807e-18, 7.59620470587e-18, 7.44914853657e-18, 8.83213992683e-18, 1.28211754175e-17, 1.26098158817e-17, 1.26013711948e-17, 1.74564093657e-17, 1.52985234494e-17, 2.25839067683e-17, 1.63767169819e-17, 1.17851995291e-17, 1.2474766239e-17, 7.39843740193e-18, 5.92170121925e-18, 3.58011048302e-18, 1.20352276905e-18, 3.19238570091e-19, 3.84616463553e-20],
        "var": [4.94436535519e-05, 0.0117284487933, 0.127833455801, 1.16112518311, 42.1643066406, 148.158660889, 19.5898323059, 65.1689605713, 228.710861206, 398.781097412, 895.314941406, 1790.3737793, 515.866149902, 1377.08435059, 7671.72998047, 5438.109375, 3970.40478516, 687.42199707, 6998.37988281, 3620.23046875, 46172.6210938, 18553.3496094, 22002.5058594, 10550.3193359, 1030.28173828, 2.97514796257, 0.00447834236547, 4.95407584822e-05, 2.35548031924e-06, 3.52805187731e-07, 1.39668202337e-07, 6.88504684376e-08, 1.85665101071e-08, 3.85419252069e-09, 1.22749577169e-09, 4.6319473257e-10, 1.03563879694e-10, 2.35309306762e-11, 7.10929440317e-11, 2.58329635461e-10]
    },
    "gfcc": {
        "mean": [-365.980560303, 185.965042114, -111.039665222, 26.0224094391, -0.55541741848, -57.3003196716, -42.084312439, 33.4988822937, -9.39993667603, -34.1009025574, -0.162086069584, -1.73909950256, -4.64415168762],
        "cov": [[15152.9785156, 1428.64599609, -6338.15380859, -3053.88500977, 2310.60375977, -386.721252441, 559.992980957, -891.596252441, -2.68586015701, 305.362213135, 111.943710327, -324.929962158, 17.2158508301], [1428.64599609, 1177.74060059, -342.752380371, -1305.61938477, -242.171981812, 416.166137695, 397.233642578, -171.225311279, -28.8781776428, -13.3339862823, -82.8014068604, -111.819992065, 51.6074333191], [-6338.15380859, -342.752380371, 3933.02709961, 1751.10168457, -1411.28430176, -295.329742432, -350.810943604, 360.279418945, 129.016296387, -82.8453292847, -155.448730469, -43.558631897, -71.6794815063], [-3053.88500977, -1305.61938477, 1751.10168457, 3110.81469727, 241.210693359, -1485.4354248, -961.585693359, 581.956237793, 215.009796143, -81.274848938, 1.28358983994, -56.6824874878, -172.668502808], [2310.60375977, -242.171981812, -1411.28430176, 241.210693359, 1641.25317383, 11.7670049667, -648.924438477, -500.231811523, 237.480331421, 185.114196777, -24.5979824066, 7.51345252991, 110.388282776], [-386.721252441, 416.166137695, -295.329742432, -1485.4354248, 11.7670049667, 1603.19384766, 463.970062256, -647.981567383, -235.809341431, 140.095657349, 96.6814575195, 189.48664856, 157.637054443], [559.992980957, 397.233642578, -350.810943604, -961.585693359, -648.924438477, 463.970062256, 1048.19396973, 155.973266602, -523.783874512, -170.900558472, 276.264892578, 138.133346558, -75.5986557007], [-891.596252441, -171.225311279, 360.279418945, 581.956237793, -500.231811523, -647.981567383, 155.973266602, 852.279907227, 81.0905456543, -348.350006104, -111.066497803, 24.5561656952, -44.1723022461], [-2.68586015701, -28.8781776428, 129.016296387, 215.009796143, 237.480331421, -235.809341431, -523.783874512, 81.0905456543, 607.753967285, 151.831253052, -361.506958008, -195.194747925, 107.698486328], [305.362213135, -13.3339862823, -82.8453292847, -81.274848938, 185.114196777, 140.095657349, -170.900558472, -348.350006104, 151.831253052, 440.553466797, 87.1502532959, -215.368881226, -81.6427841187], [111.943710327, -82.8014068604, -155.448730469, 1.28358983994, -24.5979824066, 96.6814575195, 276.264892578, -111.066497803, -361.506958008, 87.1502532959, 433.678955078, 127.750984192, -172.526229858], [-324.929962158, -111.819992065, -43.558631897, -56.6824874878, 7.51345252991, 189.48664856, 138.133346558, 24.5561656952, -195.194747925, -215.368881226, 127.750984192, 388.194335938, 109.896987915], [17.2158508301, 51.6074333191, -71.6794815063, -172.668502808, 110.388282776, 157.637054443, -75.5986557007, -44.1723022461, 107.698486328, -81.6427841187, -172.526229858, 109.896987915, 262.847076416]],
        "icov": [[0.000583524408285, -0.000265427632257, 0.00075568590546, -1.41461414387e-05, -0.000103035999928, 0.00109471462201, -0.00125414074864, 0.00174203456845, -0.00140077271499, 0.000984734622762, -0.000320985738654, 0.000215281761484, 0.000108586886199], [-0.000265427632257, 0.00325528020039, -0.00215197843499, 0.00332408654504, -0.00199495535344, 0.00112396373879, 0.000349201640347, -0.00147982768249, 0.00105954171158, 0.000576423713937, -0.00117553991731, 0.00189239846077, -0.000827371433843], [0.00075568590546, -0.00215197843499, 0.00471097882837, -0.00509499339387, 0.0050711738877, -0.00133161526173, -0.00209011882544, 0.00701924599707, -0.00752005120739, 0.00629207864404, -0.00317935319617, 0.00143053906504, -9.12661707844e-05], [-1.41461414387e-05, 0.00332408654504, -0.00509499339387, 0.00844308640808, -0.00697423471138, 0.00419752113521, 0.00237941346131, -0.00760055379942, 0.00907437689602, -0.00718272477388, 0.0034446248319, -0.00127671216615, 0.000169530860148], [-0.000103035999928, -0.00199495535344, 0.0050711738877, -0.00697423471138, 0.00857786741108, -0.00392398843542, -0.000189304948435, 0.00803592894226, -0.00990580301732, 0.00958157144487, -0.00660095503554, 0.00308500183746, -0.00134086771868], [0.00109471462201, 0.00112396373879, -0.00133161526173, 0.00419752113521, -0.00392398843542, 0.00599494576454, -0.00285445246845, 0.00101989577524, 0.00166271755006, -0.00265065860003, 0.00260592531413, -0.00182138639502, 0.000472328130854], [-0.00125414074864, 0.000349201640347, -0.00209011882544, 0.00237941346131, -0.000189304948435, -0.00285445246845, 0.00914722308517, -0.00921554025263, 0.0100986799225, -0.00615364266559, 0.00165498699062, -0.000777529901825, -0.000757568515837], [0.00174203456845, -0.00147982768249, 0.00701924599707, -0.00760055379942, 0.00803592894226, 0.00101989577524, -0.00921554025263, 0.021379282698, -0.0230115447193, 0.0220224838704, -0.0127056911588, 0.00708938436583, -0.000981172197498], [-0.00140077271499, 0.00105954171158, -0.00752005120739, 0.00907437689602, -0.00990580301732, 0.00166271755006, 0.0100986799225, -0.0230115447193, 0.0340256653726, -0.031288575381, 0.0241968315095, -0.012308459729, 0.00336265843362], [0.000984734622762, 0.000576423713937, 0.00629207864404, -0.00718272477388, 0.00958157144487, -0.00265065860003, -0.00615364266559, 0.0220224838704, -0.031288575381, 0.038095459342, -0.0290047544986, 0.0192294642329, -0.00610842742026], [-0.000320985738654, -0.00117553991731, -0.00317935319617, 0.0034446248319, -0.00660095503554, 0.00260592531413, 0.00165498699062, -0.0127056911588, 0.0241968315095, -0.0290047544986, 0.031623352319, -0.0188064202666, 0.0108940321952], [0.000215281761484, 0.00189239846077, 0.00143053906504, -0.00127671216615, 0.00308500183746, -0.00182138639502, -0.000777529901825, 0.00708938436583, -0.012308459729, 0.0192294642329, -0.0188064202666, 0.0170105416328, -0.00850985385478], [0.000108586886199, -0.000827371433843, -9.12661707844e-05, 0.000169530860148, -0.00134086771868, 0.000472328130854, -0.000757568515837, -0.000981172197498, 0.00336265843362, -0.00610842742026, 0.0108940321952, -0.00850985385478, 0.0113768018782]]
    },
    "melbands": {
        "dmean": [1.61112275237e-05, 3.65357591363e-05, 4.56370107713e-05, 0.000119260665087, 3.75883137167e-05, 3.50848531525e-05, 3.62017271982e-05, 3.9676338929e-05, 3.4793116356e-05, 3.38632817147e-05, 2.51706387644e-05, 3.40978731401e-05, 4.68347861897e-05, 3.1382405723e-05, 2.82422352029e-05, 1.27798857648e-05, 5.70030033487e-06, 1.29481277327e-05, 6.60522118778e-06, 2.14894189412e-05, 3.03989145323e-05, 2.34065209952e-05, 2.64409281954e-05, 2.20081528823e-05, 1.35644486363e-05, 3.70358156943e-06, 3.46658282524e-07, 4.70529082364e-09, 1.24394800016e-10, 5.48791324884e-11, 2.9189949069e-11, 2.43838421676e-11, 2.19091966791e-11, 2.14719648312e-11, 2.05661009056e-11, 1.7859613094e-11, 1.74994099073e-11, 1.2227307708e-11, 9.19335788052e-12, 6.42967536851e-12],
        "dmean2": [2.53296839219e-05, 5.82977481827e-05, 7.06550563336e-05, 0.000161565403687, 5.56366576348e-05, 5.6665539887e-05, 5.51811208425e-05, 6.08513219049e-05, 4.969150541e-05, 5.29046192241e-05, 3.94712515117e-05, 5.68166215089e-05, 7.82750139479e-05, 4.79031077703e-05, 4.39260074927e-05, 1.9740240532e-05, 8.57134818943e-06, 1.58465518325e-05, 9.77022136794e-06, 3.24564934999e-05, 4.16795701312e-05, 3.51595845132e-05, 4.20896722062e-05, 3.48052599293e-05, 2.16823300434e-05, 5.11964844918e-06, 4.8661843266e-07, 7.12356307275e-09, 2.16022269517e-10, 9.81250705689e-11, 5.29289528872e-11, 4.4660587728e-11, 4.09212039254e-11, 4.01666998273e-11, 3.87488027775e-11, 3.33393833374e-11, 3.27175196657e-11, 2.26111594726e-11, 1.65367372573e-11, 1.13366286844e-11],
        "dvar": [6.17116402424e-09, 1.60996727061e-08, 3.60021523704e-08, 3.324645661e-07, 2.29980461341e-08, 2.18329194723e-08, 2.70836864047e-08, 4.15873984139e-08, 3.36270709056e-08, 7.24893638449e-08, 1.20310632568e-08, 2.502076768e-08, 1.08492528739e-07, 7.09489569317e-08, 5.67285383113e-08, 4.08218525649e-09, 1.54772838989e-09, 3.66715346978e-09, 1.65222524551e-09, 1.33978632633e-08, 2.06036592232e-08, 1.5845518675e-08, 2.21028670921e-08, 1.23263994567e-08, 4.58650362134e-09, 9.83965242618e-10, 1.43990774165e-11, 4.97035545317e-15, 2.06043514795e-18, 2.93583020556e-19, 6.81526320521e-20, 4.24860545187e-20, 4.49521416499e-20, 5.11030340666e-20, 5.16129101349e-20, 3.31786182663e-20, 3.12196865547e-20, 1.01210015044e-20, 4.70184929422e-21, 7.49763848042e-22],
        "dvar2": [1.69519900339e-08, 4.0140868407e-08, 8.77042154457e-08, 6.2854803673e-07, 4.48301591405e-08, 5.41468203608e-08, 5.50373044916e-08, 9.15276530122e-08, 7.098716992e-08, 1.78912983984e-07, 2.89000485765e-08, 6.43070521278e-08, 2.89300601253e-07, 1.66795288692e-07, 1.39641500141e-07, 9.91472326461e-09, 3.4732334786e-09, 5.3870401473e-09, 3.27492832852e-09, 3.16534780609e-08, 3.40447812164e-08, 3.71441792879e-08, 5.96742921743e-08, 2.68847522022e-08, 1.00821520022e-08, 1.94585059177e-09, 2.95853619381e-11, 9.92789106268e-15, 5.30131451907e-18, 7.25624701919e-19, 1.98721094878e-19, 1.24155221677e-19, 1.32709613379e-19, 1.51641800122e-19, 1.52275730664e-19, 9.78190252816e-20, 9.15273732203e-20, 2.88297517387e-20, 1.35034811619e-20, 1.95660930508e-21],
        "max": [0.00227629300207, 0.00187109631952, 0.00416083540767, 0.0115398271009, 0.0043386714533, 0.00220078625716, 0.00331364828162, 0.00440349197015, 0.00542730279267, 0.00790620036423, 0.00213267467916, 0.00266548199579, 0.00576770305634, 0.00775491958484, 0.00671180710196, 0.00134515343234, 0.000974033668172, 0.00240652356297, 0.00110734812915, 0.00278253108263, 0.00385840097442, 0.00354463746771, 0.00275926641189, 0.00263537326828, 0.00122239557095, 0.000992093118839, 0.000132955101435, 3.22492974192e-06, 3.83914269264e-08, 1.3687279754e-08, 7.03119074075e-09, 4.16375556256e-09, 5.44136513625e-09, 5.37434408088e-09, 5.4584803344e-09, 3.92069487987e-09, 4.18994794416e-09, 2.18511164718e-09, 1.86123638724e-09, 7.02492841675e-10],
        "mean": [2.3274882551e-05, 5.49725918972e-05, 5.72240169276e-05, 0.000158762268256, 4.71147686767e-05, 3.85179082514e-05, 4.57598835055e-05, 4.56822781416e-05, 3.92531401303e-05, 3.24139946315e-05, 2.63139208982e-05, 3.10937975883e-05, 3.85372804885e-05, 3.11863041134e-05, 2.92418681056e-05, 1.52676111611e-05, 6.45118370812e-06, 3.20953986375e-05, 8.64888079377e-06, 2.81529864878e-05, 5.25172181369e-05, 2.94540532195e-05, 3.12394331559e-05, 3.07350346702e-05, 1.74348951987e-05, 4.43858107246e-06, 3.8616857978e-07, 8.08834776933e-09, 9.54281792476e-11, 4.80635323208e-11, 2.68550494342e-11, 2.20460646266e-11, 1.93543740062e-11, 1.82372224961e-11, 1.70127714e-11, 1.53127302505e-11, 1.50010993211e-11, 1.20954999488e-11, 1.01595043142e-11, 8.32716014199e-12],
        "median": [4.53641905551e-06, 4.39880659542e-06, 3.37402229889e-06, 3.57279782293e-06, 2.02621276912e-06, 1.12262614493e-06, 6.28700490779e-07, 4.01574340003e-07, 4.24761395834e-07, 2.95502815106e-07, 1.72585316704e-07, 1.18050415665e-07, 1.04389625832e-08, 8.7373636104e-10, 9.59840887327e-11, 4.51117060374e-11, 4.45794789972e-11, 6.12151856982e-11, 4.87316276221e-09, 1.00315729057e-08, 8.33427193925e-08, 1.51036061879e-07, 2.63350955265e-07, 3.50674412175e-07, 2.48435725325e-07, 1.18267600158e-08, 2.4899155654e-11, 8.23542189304e-12, 7.30718176939e-12, 6.93022592438e-12, 6.42235787121e-12, 6.21863758404e-12, 5.80070280004e-12, 5.18238793892e-12, 5.07644403944e-12, 5.72920226885e-12, 5.87741617528e-12, 5.83351205882e-12, 5.79290044753e-12, 5.66966439075e-12],
        "min": [7.92442491503e-24, 6.01132520162e-24, 3.67762575836e-24, 4.86783227089e-24, 4.69357447465e-24, 1.89775972146e-24, 5.19760768371e-24, 8.63317857305e-24, 6.7529901366e-24, 6.71407562815e-24, 9.70205906721e-24, 5.8901798324e-24, 8.78363328033e-24, 7.91837592961e-24, 6.39031961847e-24, 6.77044920616e-24, 9.09461565981e-24, 8.63290326059e-24, 7.54723265092e-24, 1.22559481273e-23, 1.44091297687e-23, 9.59879401927e-24, 8.51788024086e-24, 6.9319463884e-24, 5.35451408991e-24, 4.8883592205e-24, 9.85095814079e-24, 7.62103926607e-24, 7.25327783409e-24, 8.92042255016e-24, 6.48800781423e-24, 9.33638417232e-24, 9.71484886907e-24, 8.47017072217e-24, 1.17295278347e-23, 1.00127866446e-23, 9.02209883223e-24, 8.25502705408e-24, 9.10815882383e-24, 1.05855564598e-23],
        "var": [6.91614898685e-09, 2.9729346096e-08, 5.25589207712e-08, 6.63543573864e-07, 3.90193228839e-08, 2.81938152824e-08, 4.76493546842e-08, 5.89167434839e-08, 5.05107706772e-08, 6.7988445096e-08, 1.38603422073e-08, 2.22553548923e-08, 8.58094608702e-08, 8.67268781235e-08, 5.83928319031e-08, 6.34279295753e-09, 2.15414064364e-09, 2.76185883052e-08, 2.90290858018e-09, 2.08463735163e-08, 6.94016790703e-08, 2.20597886624e-08, 2.33572894359e-08, 2.06115320367e-08, 7.16901782383e-09, 1.66688629566e-09, 2.48379147111e-11, 1.6926261079e-14, 1.49290011903e-18, 2.30386473455e-19, 3.93934426971e-20, 2.45990508697e-20, 2.46747298178e-20, 2.72543991868e-20, 2.77662171908e-20, 1.80704438746e-20, 1.71880505717e-20, 6.13673543057e-21, 2.79845864102e-21, 5.8467987304e-22]
    },
    "mfcc": {
        "mean": [-948.942260742, 146.18182373, 12.3997354507, 43.0932846069, 39.3731498718, -33.2823867798, -15.5906829834, 27.0571899414, -2.18977308273, -15.2149028778, 5.90885400772, -3.65062522888, -10.9127988815],
        "cov": [[6245.37158203, 3198.78833008, -3198.47753906, -1359.39685059, 666.757629395, -826.286804199, -622.19543457, 526.155639648, -53.2286186218, -238.790145874, 212.945053101, -100.533279419, -92.3884811401], [3198.78833008, 2122.70263672, -1130.92687988, -1177.14611816, -237.429641724, -299.152648926, -208.139541626, 153.088790894, 111.787658691, 57.0410308838, 47.0403785706, -118.052947998, -60.5089073181], [-3198.47753906, -1130.92687988, 2515.94848633, 833.476623535, -873.871459961, 108.176803589, 258.832489014, -381.730102539, 105.841934204, 408.273956299, -54.8321151733, -122.078132629, -15.9750547409], [-1359.39685059, -1177.14611816, 833.476623535, 2158.23022461, 964.146911621, -699.154968262, -605.298095703, -60.7711677551, -104.701286316, 13.4732904434, 151.217681885, -52.3313980103, -55.4613227844], [666.757629395, -237.429641724, -873.871459961, 964.146911621, 1671.28076172, -7.58243989944, -796.561096191, -75.1868896484, 49.3448982239, -277.371276855, -62.3555984497, 141.855651855, 24.0129356384], [-826.286804199, -299.152648926, 108.176803589, -699.154968262, -7.58243989944, 1211.27697754, 529.332397461, -342.554901123, -96.0623321533, -84.4859695435, -210.207199097, 132.602416992, 104.373588562], [-622.19543457, -208.139541626, 258.832489014, -605.298095703, -796.561096191, 529.332397461, 1118.38720703, 175.728027344, -470.441864014, -194.541992188, 55.1152420044, 45.4137496948, 32.7507171631], [526.155639648, 153.088790894, -381.730102539, -60.7711677551, -75.1868896484, -342.554901123, 175.728027344, 613.116210938, 67.7726211548, -379.773284912, -105.522850037, 118.398483276, 56.9249687195], [-53.2286186218, 111.787658691, 105.841934204, -104.701286316, 49.3448982239, -96.0623321533, -470.441864014, 67.7726211548, 695.952941895, 200.482727051, -332.621887207, -86.7700119019, 85.8961791992], [-238.790145874, 57.0410308838, 408.273956299, 13.4732904434, -277.371276855, -84.4859695435, -194.541992188, -379.773284912, 200.482727051, 732.229675293, 222.058959961, -385.751831055, -190.581802368], [212.945053101, 47.0403785706, -54.8321151733, 151.217681885, -62.3555984497, -210.207199097, 55.1152420044, -105.522850037, -332.621887207, 222.058959961, 556.99206543, 6.8379740715, -282.333190918], [-100.533279419, -118.052947998, -122.078132629, -52.3313980103, 141.855651855, 132.602416992, 45.4137496948, 118.398483276, -86.7700119019, -385.751831055, 6.8379740715, 502.846679688, 180.383743286], [-92.3884811401, -60.5089073181, -15.9750547409, -55.4613227844, 24.0129356384, 104.373588562, 32.7507171631, 56.9249687195, 85.8961791992, -190.581802368, -282.333190918, 180.383743286, 416.300140381]],
