{
"lowlevel": {
    "average_loudness": 0.961534202099,
    "barkbands_crest": {
        "dmean": 1.99074697495,
        "dmean2": 3.2588455677,
        "dvar": 3.84661078453,
        "dvar2": 10.312746048,
        "max": 23.374162674,
        "mean": 9.52132511139,
        "median": 8.90946960449,
        "min": 3.65308189392,
        "var": 9.44654083252
    },
    "barkbands_flatness_db": {
        "dmean": 0.0160815548152,
        "dmean2": 0.025107268244,
        "dvar": 0.000292844168143,
        "dvar2": 0.000682185112964,
        "max": 0.349602252245,
        "mean": 0.157202109694,
        "median": 0.152280852199,
        "min": 0.0681580677629,
        "var": 0.00140322686639
    },
    "barkbands_kurtosis": {
        "dmean": 1.85349774361,
        "dmean2": 3.08057641983,
        "dvar": 21.7007808685,
        "dvar2": 51.5522422791,
        "max": 136.057449341,
        "mean": 2.79298758507,
        "median": 1.002368927,
        "min": -1.61292612553,
        "var": 48.0073432922
    },
    "barkbands_skewness": {
        "dmean": 0.361536055803,
        "dmean2": 0.597548604012,
        "dvar": 0.222122102976,
        "dvar2": 0.552115559578,
        "max": 9.33138370514,
        "mean": 1.50353729725,
        "median": 1.33381545544,
        "min": -2.0423886776,
        "var": 0.677443087101
    },
    "barkbands_spread": {
        "dmean": 3.37535238266,
        "dmean2": 5.56278085709,
        "dvar": 12.413482666,
        "dvar2": 31.2318191528,
        "max": 57.6752738953,
        "mean": 19.1719036102,
        "median": 19.5506076813,
        "min": 1.43378663063,
        "var": 45.44947052
    },
    "dissonance": {
        "dmean": 0.0150260822847,
        "dmean2": 0.0246415548027,
        "dvar": 0.000244461029069,
        "dvar2": 0.000543280446436,
        "max": 0.499523341656,
        "mean": 0.464990526438,
        "median": 0.471475869417,
        "min": 0,
        "var": 0.000721584248822
    },
    "dynamic_complexity": 1.94280493259,
    "erbbands_crest": {
        "dmean": 1.66037237644,
        "dmean2": 2.69489407539,
        "dvar": 2.52928781509,
        "dvar2": 6.04930591583,
        "max": 19.0934581757,
        "mean": 7.43152952194,
        "median": 6.64378881454,
        "min": 3.06340551376,
        "var": 8.8478307724
    },
    "erbbands_flatness_db": {
        "dmean": 0.0120814433321,
        "dmean2": 0.0168487392366,
        "dvar": 0.000179332171683,
        "dvar2": 0.000295569101581,
        "max": 0.337735235691,
        "mean": 0.172991201282,
        "median": 0.171413972974,
        "min": 0.0921643078327,
        "var": 0.00100476364605
    },
    "erbbands_kurtosis": {
        "dmean": 0.499337255955,
        "dmean2": 0.819224953651,
        "dvar": 0.432663977146,
        "dvar2": 1.07345664501,
        "max": 9.5192155838,
        "mean": -0.356461018324,
        "median": -0.625757932663,
        "min": -1.6552451849,
        "var": 1.10757946968
    },
    "erbbands_skewness": {
        "dmean": 0.256117194891,
        "dmean2": 0.409754514694,
        "dvar": 0.0546317584813,
        "dvar2": 0.138398095965,
        "max": 2.99623942375,
        "mean": -0.097494199872,
        "median": -0.222691312432,
        "min": -1.92954051495,
        "var": 0.441109240055
    },
    "erbbands_spread": {
        "dmean": 4.83068275452,
        "dmean2": 7.6802148819,
        "dvar": 25.1316890717,
        "dvar2": 56.3625221252,
        "max": 110.463508606,
        "mean": 34.4188423157,
        "median": 33.2305297852,
        "min": 6.17017221451,
        "var": 104.153900146
    },
    "hfc": {
        "dmean": 4.64280843735,
        "dmean2": 6.86299800873,
        "dvar": 43.7223854065,
        "dvar2": 95.2975158691,
        "max": 77.4841918945,
        "mean": 21.3937892914,
        "median": 20.3393306732,
        "min": 1.17345866635e-16,
        "var": 147.325057983
    },
    "melbands_crest": {
        "dmean": 2.53626704216,
        "dmean2": 4.17810535431,
        "dvar": 5.23894357681,
        "dvar2": 13.4678573608,
        "max": 32.0599746704,
        "mean": 14.1649999619,
        "median": 13.7067890167,
        "min": 2.12437796593,
        "var": 16.2049255371
    },
    "melbands_flatness_db": {
        "dmean": 0.0195409469306,
        "dmean2": 0.0302475001663,
        "dvar": 0.00054333708249,
        "dvar2": 0.0012567806989,
        "max": 0.469694912434,
        "mean": 0.240963339806,
        "median": 0.237275287509,
        "min": 0.00663384795189,
        "var": 0.00229395134374
    },
    "melbands_kurtosis": {
        "dmean": 4.03169250488,
        "dmean2": 6.74552774429,
        "dvar": 67.0975341797,
        "dvar2": 155.425628662,
        "max": 234.386993408,
        "mean": 9.56487464905,
        "median": 6.31797599792,
        "min": -1.27155089378,
        "var": 163.341522217
    },
    "melbands_skewness": {
        "dmean": 0.478342354298,
        "dmean2": 0.782841086388,
        "dvar": 0.364145815372,
        "dvar2": 0.933091700077,
        "max": 11.2900419235,
        "mean": 2.52292180061,
        "median": 2.37630772591,
        "min": -0.175439864397,
        "var": 0.914002358913
    },
    "melbands_spread": {
        "dmean": 4.04763364792,
        "dmean2": 6.78852844238,
        "dvar": 27.4157524109,
        "dvar2": 74.9567565918,
        "max": 150.599807739,
        "mean": 18.8115196228,
        "median": 18.6376419067,
        "min": 0.981006145477,
        "var": 71.1930236816
    },
    "pitch_salience": {
        "dmean": 0.056006308645,
        "dmean2": 0.0918130800128,
        "dvar": 0.0026486038696,
        "dvar2": 0.00715881958604,
        "max": 0.866952180862,
        "mean": 0.526538193226,
        "median": 0.524792969227,
        "min": 0.193900123239,
        "var": 0.00700741773471
    },
    "silence_rate_20dB": {
        "dmean": 0,
        "dmean2": 0,
        "dvar": 0,
        "dvar2": 0,
        "max": 1,
        "mean": 1,
        "median": 1,
        "min": 1,
        "var": 0
    },
    "silence_rate_30dB": {
        "dmean": 0.0350515469909,
        "dmean2": 0.0701392441988,
        "dvar": 0.0338227152824,
        "dvar2": 0.081722907722,
        "max": 1,
        "mean": 0.970633685589,
        "median": 1,
        "min": 0,
        "var": 0.0285038035363
    },
    "silence_rate_60dB": {
        "dmean": 0.00618556700647,
        "dmean2": 0.0118617843837,
        "dvar": 0.00614724308252,
        "dvar2": 0.0137842362747,
        "max": 1,
        "mean": 0.0185471400619,
        "median": 0,
        "min": 0,
        "var": 0.0182028021663
    },
    "spectral_centroid": {
        "dmean": 164.682693481,
        "dmean2": 277.477844238,
        "dvar": 69873.1328125,
        "dvar2": 157137.859375,
        "max": 11031.2207031,
        "mean": 1105.54077148,
        "median": 1111.22814941,
        "min": 240.838058472,
        "var": 203291.25
    },
    "spectral_complexity": {
        "dmean": 2.62371134758,
        "dmean2": 4.04177427292,
        "dvar": 6.50994586945,
        "dvar2": 12.6898212433,
        "max": 45,
        "mean": 22.8258628845,
        "median": 24,
        "min": 0,
        "var": 65.0361709595
    },
    "spectral_decrease": {
        "dmean": 3.67137875656e-09,
        "dmean2": 6.1444711541e-09,
        "dvar": 4.9258492981e-17,
        "dvar2": 1.3102581931e-16,
        "max": 1.89919186776e-29,
        "mean": -1.10212461379e-08,
        "median": -9.94993509806e-09,
        "min": -8.53250412547e-08,
        "var": 6.16641507613e-17
    },
    "spectral_energy": {
        "dmean": 0.0141894426197,
        "dmean2": 0.0236730314791,
        "dvar": 0.000724725890905,
        "dvar2": 0.00192237820011,
        "max": 0.327663391829,
        "mean": 0.0435371361673,
        "median": 0.0395489223301,
        "min": 1.05719247982e-20,
        "var": 0.000929143454414
    },
    "spectral_energyband_high": {
        "dmean": 0.000114299109555,
        "dmean2": 0.000159561721375,
        "dvar": 6.87725716375e-08,
        "dvar2": 1.22561147009e-07,
        "max": 0.0030813049525,
        "mean": 0.000231491954764,
        "median": 0.000115767186799,
        "min": 7.78695630975e-21,
        "var": 1.37792156352e-07
    },
    "spectral_energyband_low": {
        "dmean": 0.00971915852278,
        "dmean2": 0.0164028592408,
        "dvar": 0.000539525935892,
        "dvar2": 0.00146309181582,
        "max": 0.277197390795,
        "mean": 0.0207543838769,
        "median": 0.0160102546215,
        "min": 4.64210847921e-23,
        "var": 0.000533709186129
    },
    "spectral_energyband_middle_high": {
        "dmean": 0.00145738665015,
        "dmean2": 0.00216266536154,
        "dvar": 3.17410240314e-06,
        "dvar2": 6.45985119263e-06,
        "max": 0.0259279776365,
        "mean": 0.00706859771162,
        "median": 0.00679004378617,
        "min": 1.39225533572e-21,
        "var": 1.92902389244e-05
    },
    "spectral_energyband_middle_low": {
        "dmean": 0.00667995307595,
        "dmean2": 0.0115012396127,
        "dvar": 0.000144937337609,
        "dvar2": 0.000402900768677,
        "max": 0.124298647046,
        "mean": 0.0164574403316,
        "median": 0.0141113623977,
        "min": 2.0517334347e-22,
        "var": 0.000152546926984
    },
    "spectral_entropy": {
        "dmean": 0.1187838763,
        "dmean2": 0.171797916293,
        "dvar": 0.0223076157272,
        "dvar2": 0.0402757152915,
        "max": 9.81602191925,
        "mean": 7.18539476395,
        "median": 7.2388677597,
        "min": 5.55372238159,
        "var": 0.134483277798
    },
    "spectral_flux": {
        "dmean": 0.0295708961785,
        "dmean2": 0.0464635454118,
        "dvar": 0.00225320085883,
        "dvar2": 0.00442685792223,
        "max": 0.446954905987,
        "mean": 0.0841388255358,
        "median": 0.0683216899633,
        "min": 6.85620935026e-11,
        "var": 0.00356235075742
    },
    "spectral_kurtosis": {
        "dmean": 3.01849341393,
        "dmean2": 5.19754123688,
        "dvar": 11.5387468338,
        "dvar2": 31.0698738098,
        "max": 84.2392730713,
        "mean": 9.23326873779,
        "median": 8.6052236557,
        "min": -1.21847057343,
        "var": 28.8775749207
    },
    "spectral_rms": {
        "dmean": 0.000924079562537,
        "dmean2": 0.00148978526704,
        "dvar": 2.0435334136e-06,
        "dvar2": 5.14243492944e-06,
        "max": 0.0178793631494,
        "mean": 0.00616576895118,
        "median": 0.00621162727475,
        "min": 3.21155298535e-12,
        "var": 4.458530384e-06
    },
    "spectral_rolloff": {
        "dmean": 290.765106201,
        "dmean2": 507.01385498,
        "dvar": 296606.46875,
        "dvar2": 683414.0625,
        "max": 18669.2871094,
        "mean": 1080.046875,
        "median": 990.52734375,
        "min": 64.599609375,
        "var": 625888.9375
    },
    "spectral_skewness": {
        "dmean": 0.287220597267,
        "dmean2": 0.481713950634,
        "dvar": 0.0751706138253,
        "dvar2": 0.197442904115,
        "max": 6.94764518738,
        "mean": 1.98858988285,
        "median": 1.94330275059,
        "min": 0.0081543661654,
        "var": 0.295381844044
    },
    "spectral_spread": {
        "dmean": 304280.25,
        "dmean2": 444334.34375,
        "dvar": 883855851520,
        "dvar2": 1.66274780365e+12,
        "max": 41140580,
        "mean": 3093390.75,
        "median": 2679956.25,
        "min": 1284926,
        "var": 2.7366761431e+12
    },
    "spectral_strongpeak": {
        "dmean": 0.227944076061,
        "dmean2": 0.40726172924,
        "dvar": 0.168761655688,
        "dvar2": 0.443600296974,
        "max": 6.26267433167,
        "mean": 0.50371915102,
        "median": 0.418923437595,
        "min": 0,
        "var": 0.184465333819
    },
    "zerocrossingrate": {
        "dmean": 0.00527167553082,
        "dmean2": 0.00681050354615,
        "dvar": 0.000133634923259,
        "dvar2": 0.000272431701887,
        "max": 0.49951171875,
        "mean": 0.0407087206841,
        "median": 0.03955078125,
        "min": 0.00048828125,
        "var": 0.000353303126758
    },
    "barkbands": {
        "dmean": [0.000256407220149, 0.00667714141309, 0.00353764020838, 0.00165752891917, 0.00333397788927, 0.00255269184709, 0.000682527723256, 0.000429929583333, 0.000750466540921, 0.000159117073053, 0.000432108878158, 0.00034075777512, 0.000375927716959, 0.00031941261841, 0.000452876178315, 0.000387178093661, 0.000222572911298, 0.000178196612978, 0.000104250568256, 6.64700419293e-05, 3.2875334e-05, 2.99787698168e-05, 1.50613068399e-05, 9.85825863609e-06, 6.18966669208e-06, 5.49841797692e-06, 1.34528568196e-06],
        "dmean2": [0.000399572454626, 0.0108794094995, 0.0064145391807, 0.00304789491929, 0.00576405413449, 0.00448771007359, 0.00111511023715, 0.000740446324926, 0.00102549127769, 0.000256636878476, 0.000617373676505, 0.000509070872795, 0.00060530466726, 0.000528240110725, 0.000741601106711, 0.000622946419753, 0.000344929954736, 0.000260860164417, 0.000166200145031, 0.000104608174297, 4.91854334541e-05, 4.45652549388e-05, 1.97095578187e-05, 1.30473099489e-05, 8.31548186397e-06, 8.80566039996e-06, 2.48621017818e-06],
        "dvar": [3.75822907017e-07, 0.00020807000692, 9.25198182813e-05, 1.81248924491e-05, 6.196211325e-05, 8.14837676444e-06, 1.16195667488e-06, 1.55003669988e-06, 9.93262574411e-07, 5.54720607226e-08, 3.35845953714e-07, 1.95218490262e-07, 2.28880722375e-07, 1.84754867405e-07, 3.89504293707e-07, 2.3227957513e-07, 9.16926907735e-08, 6.66685835427e-08, 3.55471563296e-08, 1.41589637792e-08, 4.23218837753e-09, 1.11810116721e-08, 1.94311722268e-09, 5.22556997673e-10, 2.04213410071e-10, 2.19674847757e-10, 3.06552110085e-11],
        "dvar2": [1.00158342775e-06, 0.000554655387532, 0.000266336632194, 5.21232323081e-05, 0.00017424984253, 2.74299381999e-05, 3.3362287013e-06, 4.44759052698e-06, 1.90915079656e-06, 1.3934071319e-07, 6.76320723869e-07, 4.49228252819e-07, 5.84818678817e-07, 4.93435607041e-07, 9.73984015218e-07, 5.69912174342e-07, 2.19133966084e-07, 1.31517367663e-07, 7.48807806872e-08, 3.78652096344e-08, 8.61847837541e-09, 2.37929516089e-08, 3.4489158196e-09, 8.97630025865e-10, 3.67752633901e-10, 5.54194690139e-10, 8.76705028019e-11],
        "max": [0.00705886259675, 0.150747552514, 0.139255225658, 0.0468340888619, 0.0885208025575, 0.0293529648334, 0.012273510918, 0.0134647758678, 0.0192873571068, 0.00413679191843, 0.00922467280179, 0.00568176014349, 0.00453732348979, 0.00506619922817, 0.00871708337218, 0.0072779818438, 0.00438058329746, 0.00330727524124, 0.00263798655942, 0.00223080301657, 0.00100987928454, 0.00106284895446, 0.000526281131897, 0.000252057623584, 0.000159165050718, 0.000134752073791, 6.4188388933e-05],
        "mean": [0.000354943505954, 0.0131724802777, 0.00629926100373, 0.0017975588562, 0.00548150390387, 0.00522536830977, 0.0014313334832, 0.000549774733372, 0.00186047970783, 0.00037906729267, 0.000952675996814, 0.000661369704176, 0.000788085861132, 0.000693961803336, 0.00122399860993, 0.00112328212708, 0.000591578194872, 0.00041397777386, 0.000230601697695, 0.000142752483953, 5.67896277062e-05, 4.13138950535e-05, 2.36033392866e-05, 1.90941591427e-05, 1.29689906316e-05, 8.4340426838e-06, 9.25963206555e-07],
        "median": [0.000139852490975, 0.00988472439349, 0.00475350627676, 0.000856679282151, 0.00374370999634, 0.00387838995084, 0.000955348426942, 0.000274294114206, 0.00140543212183, 0.000251961697359, 0.000607438269071, 0.000471678678878, 0.000620427366812, 0.000507432734594, 0.00090694980463, 0.00093199807452, 0.000473474530736, 0.000283298257273, 0.000153780289111, 9.16497738217e-05, 2.71652952506e-05, 6.12797384747e-06, 5.18323031429e-06, 9.42179485719e-06, 6.84977248966e-06, 4.10585971622e-06, 1.50491160866e-07],
        "min": [7.80345703952e-24, 2.14359982121e-23, 1.42713173462e-23, 1.04088650277e-23, 1.71579045488e-23, 4.82261058284e-23, 2.66194770025e-23, 2.61292046831e-23, 2.8125223144e-23, 5.32464450282e-23, 1.75385567569e-23, 6.0819301459e-23, 1.11069318292e-22, 8.15705147628e-23, 3.91575154787e-23, 5.79168802403e-23, 1.59788648357e-22, 2.44837560085e-22, 2.48047832694e-22, 1.78876469556e-22, 3.34666830058e-22, 6.11539766447e-22, 4.98257977306e-22, 8.45324312399e-22, 1.0671623488e-21, 1.55637879369e-21, 2.37201169428e-21],
        "var": [4.12427965557e-07, 0.000247419142397, 6.7006352765e-05, 1.21067296277e-05, 5.07636577822e-05, 2.15615618799e-05, 2.25119742936e-06, 1.07552125428e-06, 3.18684237754e-06, 1.99553056746e-07, 1.15259990707e-06, 4.52139545359e-07, 5.59506247555e-07, 4.51884716313e-07, 1.36778805881e-06, 8.96229153113e-07, 2.74033112646e-07, 1.93002250626e-07, 7.02479567849e-08, 2.67521933495e-08, 7.78217668085e-09, 1.58381272541e-08, 3.74788999835e-09, 1.00997998853e-09, 4.00314947857e-10, 2.3248965253e-10, 1.76931542334e-11]
    },
    "erbbands": {
        "dmean": [0.181380048394, 1.63538146019, 3.82588863373, 5.01924753189, 7.64893293381, 13.768945694, 16.5606117249, 17.394367218, 6.27276325226, 15.5508775711, 8.9962310791, 12.5790719986, 13.7349367142, 9.43198680878, 12.1940202713, 11.7903261185, 19.4405670166, 9.10748386383, 15.8101768494, 27.9713115692, 22.733549118, 11.4931106567, 9.5087556839, 7.20985507965, 3.68524360657, 3.2848200798, 1.85363578796, 0.908763289452, 1.11062073708, 0.770675301552, 0.392481386662, 0.240513816476, 0.147362351418, 0.0933218896389, 0.0397509895265, 0.0153463995084, 0.0118913082406, 0.00442053936422, 0.000123875535792, 1.76122885023e-05],
        "dmean2": [0.264414548874, 2.81255817413, 6.90296459198, 9.15956783295, 13.9967279434, 23.501537323, 29.0835094452, 29.1012420654, 9.79920005798, 25.9247837067, 14.4877996445, 17.9494380951, 19.3611335754, 13.9045305252, 17.262090683, 17.7975635529, 31.0292682648, 14.5336484909, 25.629114151, 48.0461502075, 35.5233230591, 17.4675273895, 14.1030330658, 10.7647132874, 5.76348209381, 5.25978565216, 2.79625725746, 1.36135005951, 1.69777333736, 1.15733122826, 0.506128549576, 0.306598871946, 0.20721077919, 0.127260744572, 0.0558714978397, 0.0239264555275, 0.0189153011888, 0.00767293153331, 0.000219569148612, 2.91913856927e-05],
        "dvar": [0.151463896036, 13.5548915863, 103.955345154, 199.060272217, 471.792266846, 804.527709961, 352.145111084, 358.261138916, 92.0827331543, 807.926696777, 507.57723999, 252.587463379, 371.370330811, 213.887496948, 229.478042603, 230.14276123, 612.520812988, 126.535797119, 426.399230957, 1526.81555176, 904.416748047, 238.825180054, 187.835113525, 134.500717163, 32.5106239319, 42.5480918884, 12.6836690903, 6.92309045792, 15.4653606415, 6.96517944336, 1.25589597225, 0.327275007963, 0.0996920466423, 0.0473296120763, 0.00813514739275, 0.00112208398059, 0.00111117039341, 0.000227811935474, 2.21904400632e-07, 1.11203912745e-09],
        "dvar2": [0.350274503231, 38.020652771, 299.6456604, 570.565185547, 1344.97473145, 2268.08178711, 1151.82897949, 1060.70959473, 223.004806519, 2290.93676758, 1408.48083496, 547.612121582, 702.689880371, 427.14730835, 468.884429932, 535.79486084, 1530.3137207, 321.548980713, 1049.40209961, 4358.48291016, 2093.24023438, 556.883178711, 375.528808594, 271.976654053, 71.6130142212, 122.788581848, 28.0326919556, 15.5806293488, 33.3080291748, 14.8287200928, 2.1578950882, 0.512511014938, 0.190049603581, 0.0853607580066, 0.0152608631179, 0.00273958547041, 0.00280570541508, 0.000629330868833, 6.22211416612e-07, 2.93857627121e-09],
        "max": [4.61365461349, 35.9616127014, 137.480621338, 183.989379883, 210.173812866, 346.157073975, 176.008255005, 268.828399658, 107.706047058, 318.244018555, 216.263183594, 266.992462158, 356.640136719, 314.745513916, 233.17678833, 213.625, 240.090896606, 152.671875, 252.422836304, 573.313720703, 500.072052002, 229.70085144, 196.606842041, 176.409744263, 77.774887085, 122.007728577, 56.3245010376, 26.2665805817, 40.2908821106, 27.3239936829, 12.7125453949, 6.14626598358, 3.92896318436, 2.55804395676, 1.14332902431, 0.378230661154, 0.319284617901, 0.145112112164, 0.00565180275589, 0.00039051802014],
        "mean": [0.340550094843, 3.04718852043, 7.72892665863, 6.43150091171, 8.66428661346, 24.1769371033, 32.20652771, 43.0950622559, 16.5765419006, 25.5343418121, 14.00111866, 30.0251369476, 34.5129318237, 24.8476390839, 27.7551994324, 26.6101799011, 42.8558197021, 26.2621078491, 41.2530899048, 69.5361175537, 66.3741912842, 34.8877029419, 26.8038635254, 18.023021698, 8.76227474213, 6.84897279739, 3.35914635658, 1.48545432091, 1.55832707882, 1.04952025414, 0.631160199642, 0.438017368317, 0.290122926235, 0.180179581046, 0.0804966837168, 0.0277020484209, 0.0179805532098, 0.00394996535033, 0.000120815042465, 5.21812871739e-05],
        "median": [0.160191848874, 2.37685537338, 6.55173015594, 3.87785077095, 4.8605761528, 16.2148799896, 25.7314357758, 32.259311676, 11.8664274216, 16.146894455, 8.59466362, 23.2868232727, 23.3767299652, 17.3902130127, 20.8204898834, 20.7706413269, 34.4412574768, 20.6105384827, 33.9341545105, 50.7635917664, 51.4710960388, 29.0053977966, 20.9618034363, 12.5192966461, 6.56856060028, 4.39199352264, 1.81853878498, 0.440442979336, 0.218800544739, 0.155676931143, 0.152613788843, 0.170153558254, 0.160460740328, 0.0873713344336, 0.0474683754146, 0.0161109082401, 0.0081432191655, 0.00113471283112, 4.65117154818e-05, 4.63357609988e-05],
        "min": [9.68200063787e-22, 3.65085695314e-21, 1.44328508918e-20, 2.4819588207e-20, 4.71317367146e-20, 4.00994575058e-20, 1.85862068193e-19, 4.10107281362e-19, 6.694303938e-19, 2.75357078035e-19, 5.75894722988e-19, 6.2129230786e-19, 1.09811555718e-18, 1.57381771828e-18, 2.134918833e-18, 2.22572713424e-18, 4.72971286346e-18, 5.81516407867e-18, 2.85022533566e-18, 3.0370740623e-18, 4.70764906139e-18, 7.28957960614e-18, 1.31696533747e-17, 1.35484847244e-17, 9.66083676145e-18, 1.05019065637e-17, 1.25589475828e-17, 1.50655778084e-17, 1.92436654281e-17, 1.86592639796e-17, 1.36584095832e-17, 1.63801084225e-17, 1.42211984566e-17, 1.20842013323e-17, 7.34745826078e-18, 5.37133411715e-18, 2.87193903354e-18, 1.25300926279e-18, 3.40122399016e-19, 3.4794202169e-20],
        "var": [0.256054192781, 12.9087743759, 76.4460296631, 128.980148315, 302.362579346, 823.606689453, 642.179748535, 1484.73217773, 235.15071106, 944.532531738, 418.492950439, 650.360351562, 1386.09570312, 799.75213623, 688.473632812, 570.722106934, 1494.5814209, 482.49118042, 1247.10498047, 4848.2578125, 3542.20825195, 831.648193359, 622.008117676, 353.861297607, 71.8693084717, 69.2269668579, 21.6714248657, 10.9175624847, 22.1216392517, 9.92655277252, 2.55316281319, 0.719189167023, 0.177689224482, 0.0869818180799, 0.0153290908784, 0.00154480035417, 0.00120891002007, 0.000154109526193, 1.40938112736e-07, 1.38625555479e-09]
    },
    "gfcc": {
        "mean": [9.84633922577, 132.370391846, -120.488525391, 23.6605873108, -30.7508449554, 4.23666810989, -44.659942627, 13.9611873627, -22.5556850433, 1.90612149239, -11.2929296494, 0.520380556583, -1.96361672878],
        "cov": [[4256.53271484, 94.5672683716, -613.503051758, 71.0547790527, 362.195922852, 196.473464966, 0.589367032051, 83.2780227661, -250.633712769, 22.2868919373, 17.0823764801, 97.0307769775, -69.4655456543], [94.5672683716, 678.791931152, -289.220062256, -173.681045532, 341.385955811, -48.7426147461, 61.1488723755, 33.6762466431, 36.6018257141, -84.9450759888, 95.688117981, -48.2388496399, 108.370834351], [-613.503051758, -289.220062256, 647.674499512, 160.957015991, -158.449157715, 37.6497459412, -11.4819803238, -3.46492886543, 87.6423034668, 101.541549683, -48.9967346191, 47.3941040039, -70.5789260864], [71.0547790527, -173.681045532, 160.957015991, 205.208984375, -83.0516967773, 39.7722320557, 31.8616695404, 1.7848855257, 13.6262226105, 42.6409378052, -15.5930662155, 3.65101122856, -3.98164606094], [362.195922852, 341.385955811, -158.449157715, -83.0516967773, 470.664978027, -15.3614778519, 54.3737869263, 93.6270828247, -52.5170021057, -7.67491149902, 89.1679534912, 11.3784818649, 42.9274520874], [196.473464966, -48.7426147461, 37.6497459412, 39.7722320557, -15.3614778519, 133.568435669, 8.6261100769, -2.95890784264, 10.6470298767, 13.1036558151, -8.23206043243, 24.2369709015, 3.00522851944], [0.589367032051, 61.1488723755, -11.4819803238, 31.8616695404, 54.3737869263, 8.6261100769, 107.64264679, 36.4144439697, 10.2723045349, -4.68500328064, 12.4597492218, -12.1661081314, 15.5822401047], [83.2780227661, 33.6762466431, -3.46492886543, 1.7848855257, 93.6270828247, -2.95890784264, 36.4144439697, 93.4348526001, -8.11348342896, 11.4461593628, 23.2978782654, 4.24978256226, 4.04452037811], [-250.633712769, 36.6018257141, 87.6423034668, 13.6262226105, -52.5170021057, 10.6470298767, 10.2723045349, -8.11348342896, 103.35307312, 10.4597454071, -14.9968490601, -3.61831450462, 6.91748046875], [22.2868919373, -84.9450759888, 101.541549683, 42.6409378052, -7.67491149902, 13.1036558151, -4.68500328064, 11.4461593628, 10.4597454071, 83.525428772, 13.4517316818, 13.4061183929, -7.25215435028], [17.0823764801, 95.688117981, -48.9967346191, -15.5930662155, 89.1679534912, -8.23206043243, 12.4597492218, 23.2978782654, -14.9968490601, 13.4517316818, 77.8283081055, 11.0355844498, 17.227355957], [97.0307769775, -48.2388496399, 47.3941040039, 3.65101122856, 11.3784818649, 24.2369709015, -12.1661081314, 4.24978256226, -3.61831450462, 13.4061183929, 11.0355844498, 58.2525482178, -12.5767669678], [-69.4655456543, 108.370834351, -70.5789260864, -3.98164606094, 42.9274520874, 3.00522851944, 15.5822401047, 4.04452037811, 6.91748046875, -7.25215435028, 17.227355957, -12.5767669678, 85.2035598755]],
        "icov": [[0.000625157321338, -0.00104687549174, 0.00104054133408, -0.00133697257843, 9.74470749497e-05, -0.000782403512858, 0.000417882198235, -0.000532171397936, 0.00149565527681, -0.0016499296762, 0.00189052498899, -0.00176483078394, 0.00166339613497], [-0.00104687549174, 0.00882746651769, -0.00156021246221, 0.00526112690568, -0.00426670862362, 0.00145349651575, -0.0017579391133, 0.00301599758677, -0.00830935686827, 0.00800041295588, -0.0087107392028, 0.00749686965719, -0.00662762438878], [0.00104054133408, -0.00156021246221, 0.00481716636568, -0.0038266077172, 0.000174222688656, -0.000858414859977, 0.000961432873737, -0.00114682246931, 0.000174032640643, -0.00498668616638, 0.00445852056146, -0.00483061978593, 0.00441231811419], [-0.00133697257843, 0.00526112690568, -0.0038266077172, 0.0119972256944, -0.000597576377913, 0.000172624277184, -0.00441334210336, 0.00202432204969, -0.00374220265076, 0.00345630594529, -0.00618749530986, 0.00664984621108, -0.00655417935923], [9.74470749497e-05, -0.00426670862362, 0.000174222688656, -0.000597576377913, 0.00616130512208, -0.000309649913106, -0.000488255202072, -0.0038667821791, 0.00484794471413, -0.00323998555541, 0.00104539992753, -0.00354374572635, 0.00139842939097], [-0.000782403512858, 0.00145349651575, -0.000858414859977, 0.000172624277184, -0.000309649913106, 0.00998995639384, -0.00148952321615, 0.00133792310953, -0.00274232332595, 0.00133186159655, -0.000622973195277, -0.00232949736528, -0.00305894133635], [0.000417882198235, -0.0017579391133, 0.000961432873737, -0.00441334210336, -0.000488255202072, -0.00148952321615, 0.0136519754305, -0.00493257958442, -0.000427245628089, 0.000653861439787, 0.000826589821372, 0.00121705257334, 0.00130562309641], [-0.000532171397936, 0.00301599758677, -0.00114682246931, 0.00202432204969, -0.0038667821791, 0.00133792310953, -0.00493257958442, 0.0165060758591, -0.00246393028647, 0.000930813141167, -0.0040619475767, 0.0021936497651, -0.00168142130133], [0.00149565527681, -0.00830935686827, 0.000174032640643, -0.00374220265076, 0.00484794471413, -0.00274232332595, -0.000427245628089, -0.00246393028647, 0.0209735818207, -0.00873244833201, 0.00976791977882, -0.00662431679666, 0.00420785648748], [-0.0016499296762, 0.00800041295588, -0.00498668616638, 0.00345630594529, -0.00323998555541, 0.00133186159655, 0.000653861439787, 0.000930813141167, -0.00873244833201, 0.0257108174264, -0.014141259715, 0.00804259069264, -0.00712479325011], [0.00189052498899, -0.0087107392028, 0.00445852056146, -0.00618749530986, 0.00104539992753, -0.000622973195277, 0.000826589821372, -0.0040619475767, 0.00976791977882, -0.014141259715, 0.0295515693724, -0.013610329479, 0.00558085367084], [-0.00176483078394, 0.00749686965719, -0.00483061978593, 0.00664984621108, -0.00354374572635, -0.00232949736528, 0.00121705257334, 0.0021936497651, -0.00662431679666, 0.00804259069264, -0.013610329479, 0.0309090279043, -0.00458732340485], [0.00166339613497, -0.00662762438878, 0.00441231811419, -0.00655417935923, 0.00139842939097, -0.00305894133635, 0.00130562309641, -0.00168142130133, 0.00420785648748, -0.00712479325011, 0.00558085367084, -0.00458732340485, 0.0213619358838]]
    },
    "melbands": {
        "dmean": [0.00174255471211, 0.00201408495195, 0.000905148917809, 0.000780501053669, 0.000553525635041, 0.000417606119299, 0.000102973564935, 0.000155901172548, 7.75666048867e-05, 9.12926334422e-05, 6.99527590768e-05, 3.5260029108e-05, 5.56368177058e-05, 2.21489572141e-05, 5.63457833778e-05, 2.57905376202e-05, 2.02724513656e-05, 2.8756850952e-05, 3.98105366912e-05, 2.77754952549e-05, 3.00881056319e-05, 1.15366747195e-05, 1.21449820654e-05, 1.0363727597e-05, 6.03585885983e-06, 3.53795826413e-06, 2.40360577664e-06, 2.51842652688e-06, 1.37783979426e-06, 5.88394584611e-07, 5.82996960929e-07, 6.79537151882e-07, 5.88100760979e-07, 3.84548457077e-07, 2.52621759955e-07, 1.73782950696e-07, 1.46861040662e-07, 1.06680140277e-07, 9.47648715055e-08, 8.03844315556e-08],
        "dmean2": [0.00269703823142, 0.00358177162707, 0.00165166927036, 0.00137133162934, 0.000964676903095, 0.000713405024726, 0.000166274607182, 0.000261026230874, 0.000121561075503, 0.000127475854242, 9.84062789939e-05, 5.24822280568e-05, 7.88595643826e-05, 3.23411877616e-05, 8.76707563293e-05, 4.12617264374e-05, 3.25777546095e-05, 4.75931701658e-05, 6.57180935377e-05, 4.7726858611e-05, 4.67572026537e-05, 1.76916910277e-05, 1.84926902875e-05, 1.52018774315e-05, 9.2934606073e-06, 5.6779622355e-06, 3.77901051252e-06, 4.13570296587e-06, 2.15111504076e-06, 8.33925980714e-07, 9.43104396356e-07, 1.01449347767e-06, 9.77611307462e-07, 5.7098520756e-07, 3.344943309e-07, 2.41330070594e-07, 1.95883416154e-07, 1.54161369892e-07, 1.37747107942e-07, 1.12155525755e-07],
        "dvar": [1.38681034514e-05, 2.60828073806e-05, 5.41529425391e-06, 4.06478829973e-06, 4.26470307957e-07, 2.09097009929e-07, 2.38375914563e-08, 9.10378474828e-08, 2.79912963919e-08, 1.4918809299e-08, 9.67612745484e-09, 2.93439605947e-09, 5.17014875356e-09, 1.3948551203e-09, 5.31369570567e-09, 1.05136677142e-09, 6.33911145798e-10, 1.60663082838e-09, 3.20355320049e-09, 1.52817369869e-09, 1.6002277281e-09, 2.44749637224e-10, 3.12194659013e-10, 2.26278176751e-10, 1.05070771528e-10, 3.51558088196e-11, 1.27374612593e-11, 2.98630217777e-11, 6.81487938997e-12, 1.64282931876e-12, 3.35850271205e-12, 5.73759876416e-12, 4.22265347688e-12, 1.71074374285e-12, 5.49480491489e-13, 2.00874812118e-13, 1.19970114572e-13, 5.18169017351e-14, 3.94970548509e-14, 3.67264066923e-14],
        "dvar2": [3.53171271854e-05, 7.45037541492e-05, 1.54635599756e-05, 1.14844860946e-05, 1.29140255467e-06, 6.60078740111e-07, 6.23681515322e-08, 2.58721058799e-07, 7.38981995596e-08, 3.0176039445e-08, 1.82714341435e-08, 5.85599924108e-09, 1.03121298167e-08, 3.00014613153e-09, 1.24957502123e-08, 2.67300581669e-09, 1.64529123658e-09, 4.16520773427e-09, 8.18316259199e-09, 4.49921122581e-09, 3.74353259502e-09, 5.87614179537e-10, 6.95354496205e-10, 4.44050268777e-10, 2.19017359804e-10, 8.17552484045e-11, 2.98319043079e-11, 9.02675711956e-11, 1.61669965609e-11, 2.78615368624e-12, 8.50573431133e-12, 1.12970032634e-11, 1.08926921302e-11, 3.5831752062e-12, 1.02895556658e-12, 3.62075820715e-13, 2.07717496632e-13, 1.0637167823e-13, 7.56643621998e-14, 6.93756033524e-14],
        "max": [0.0436497554183, 0.062630854547, 0.0288618002087, 0.0222814753652, 0.00690341601148, 0.00569923315197, 0.00176771334372, 0.0034160844516, 0.00169957976323, 0.00242741964757, 0.00184495258145, 0.00115958042443, 0.00111398473382, 0.000776117900386, 0.000911213050131, 0.000310039002215, 0.000346972956322, 0.000441754324129, 0.000796920212451, 0.000562094850466, 0.00060179567663, 0.000264512724243, 0.000259969034232, 0.000208421057323, 0.000165875899256, 7.74010477471e-05, 5.10219106218e-05, 9.8326105217e-05, 4.38165770902e-05, 1.37346405609e-05, 1.88282228919e-05, 2.39709024754e-05, 1.98875077331e-05, 1.47435921463e-05, 8.66346090334e-06, 5.01108524986e-06, 4.79426034872e-06, 2.87590705739e-06, 2.63882407125e-06, 2.47139041676e-06],
        "mean": [0.00333137391135, 0.00418033171445, 0.00119600747712, 0.00113611656707, 0.00121139688417, 0.000971424684394, 0.000251342891715, 0.000243687842158, 0.00012219279597, 0.000223793103942, 0.000172702348209, 9.12039395189e-05, 0.000120771765069, 4.88166369905e-05, 0.000122814322822, 5.69220392208e-05, 5.21070069226e-05, 6.15595272393e-05, 0.000102551661257, 6.78074356983e-05, 7.95343075879e-05, 3.12798401865e-05, 3.23482927342e-05, 2.35019124375e-05, 1.38226687341e-05, 7.44033877709e-06, 4.98580811836e-06, 4.61304762212e-06, 2.26552856475e-06, 1.0044782357e-06, 8.21888988867e-07, 9.3752214525e-07, 7.32848718599e-07, 5.08543905653e-07, 3.72919458869e-07, 3.08074248778e-07, 2.47662910624e-07, 1.99800894052e-07, 1.81555932954e-07, 1.42220088151e-07],
        "median": [0.002134448383, 0.00364369014278, 0.00077571690781, 0.000721918477211, 0.00100452348124, 0.000721859920304, 0.0001857795869, 0.00015224845265, 7.47053709347e-05, 0.000169317354448, 0.000114924034278, 6.2367929786e-05, 8.21442517918e-05, 3.28164751409e-05, 9.4013827038e-05, 4.38944734924e-05, 3.9162383473e-05, 4.65527737106e-05, 7.79690817581e-05, 4.67184108857e-05, 5.72569624637e-05, 2.49978838838e-05, 2.5029423341e-05, 1.60698382388e-05, 9.27248947846e-06, 5.07989443577e-06, 3.52775100509e-06, 2.63877723228e-06, 1.15203465612e-06, 4.67162180939e-07, 1.23685964581e-07, 1.1178558168e-07, 1.23069682445e-07, 7.27401570089e-08, 8.29891746434e-08, 1.01252510376e-07, 9.67716786704e-08, 1.10257552421e-07, 1.01288669896e-07, 6.08182517681e-08],
        "min": [7.65629582651e-24, 6.61934999951e-24, 5.63769030576e-24, 2.65686873764e-24, 5.67411753578e-24, 1.00356833324e-23, 8.67267683857e-24, 3.39341889573e-24, 5.06519383089e-24, 3.872964679e-24, 5.49584128209e-24, 6.36699221264e-24, 3.86609843368e-24, 7.75798236378e-24, 6.80806367184e-24, 1.39916866657e-23, 1.01446818214e-23, 4.83306795965e-24, 3.70131446248e-24, 3.93307587998e-24, 6.08279639406e-24, 7.43811109962e-24, 8.65635688416e-24, 9.35147902574e-24, 1.16105881205e-23, 9.12486532008e-24, 5.51141852395e-24, 6.14833969123e-24, 6.9470396641e-24, 7.70587731212e-24, 9.61479764046e-24, 1.05570888363e-23, 1.19422804654e-23, 8.67024714698e-24, 7.0629651407e-24, 8.9308599688e-24, 9.42311785113e-24, 1.01998523865e-23, 8.80050543737e-24, 1.06382989111e-23],
        "var": [1.90088831005e-05, 2.00775812118e-05, 3.5714083424e-06, 2.99536782222e-06, 8.51536981372e-07, 7.46262230678e-07, 5.48447900428e-08, 9.2647105987e-08, 2.80991834245e-08, 4.55346516048e-08, 3.63929117952e-08, 1.11856222063e-08, 1.58831046093e-08, 3.46457862399e-09, 1.35453470662e-08, 2.77536815751e-09, 2.25833529655e-09, 3.68227071057e-09, 9.46805656099e-09, 5.28028998303e-09, 5.84603077058e-09, 7.83047293673e-10, 9.64835544792e-10, 6.65205168726e-10, 2.38349867621e-10, 6.78538197851e-11, 2.74319109095e-11, 4.31148762525e-11, 1.05640114711e-11, 3.14258775252e-12, 4.41616101327e-12, 8.64374283954e-12, 4.79320793126e-12, 2.40791913318e-12, 9.99712031907e-13, 4.15418432076e-13, 2.34322408482e-13, 8.49204333155e-14, 6.96774113559e-14, 6.35630735329e-14]
    },
    "mfcc": {
        "mean": [-635.934326172, 168.307510376, -19.6507606506, 25.5640869141, 26.0596618652, -5.05856084824, 2.37355995178, 0.375743448734, 0.834408462048, 3.3952190876, -7.58545255661, -0.478875815868, 0.11036003381],
        "cov": [[3448.27905273, 74.2457046509, -811.79296875, -6.64748001099, 141.839309692, 95.9488372803, 289.5340271, 128.342895508, -82.6150817871, -52.2925987244, -16.4065074921, -44.5394058228, 32.8213844299], [74.2457046509, 838.216918945, -513.389709473, -39.9485778809, 240.112060547, -106.342575073, 149.00151062, 40.4040336609, 26.3444347382, 27.3979949951, -76.0045318604, 58.8368530273, 39.7889442444], [-811.79296875, -513.389709473, 862.104492188, 55.8735275269, -164.42755127, 131.461807251, -215.464538574, -37.8120193481, 40.9038124084, 3.76555514336, 102.862686157, -2.96634960175, -18.0857620239], [-6.64748001099, -39.9485778809, 55.8735275269, 161.270751953, 29.0184593201, -2.87210607529, 51.3029251099, -0.491390734911, 9.46793365479, 29.8071956635, 9.29814529419, 21.4094562531, 16.3341903687], [141.839309692, 240.112060547, -164.42755127, 29.0184593201, 220.443649292, -11.1953649521, 99.1695861816, 13.8281297684, 4.84041881561, 15.6886377335, -27.7774620056, 37.5355987549, 37.8596076965], [95.9488372803, -106.342575073, 131.461807251, -2.87210607529, -11.1953649521, 122.594841003, -27.007818222, 3.44818711281, 18.2686252594, -11.6666679382, 26.6753959656, 0.529988110065, 4.92216157913], [289.5340271, 149.00151062, -215.464538574, 51.3029251099, 99.1695861816, -27.007818222, 186.641952515, 32.2247886658, -6.39530706406, 24.0814647675, -24.8575820923, 22.0869369507, 17.5190582275], [128.342895508, 40.4040336609, -37.8120193481, -0.491390734911, 13.8281297684, 3.44818711281, 32.2247886658, 86.5034408569, 12.0504045486, -0.503040552139, 7.11424970627, -4.27737569809, 3.64407777786], [-82.6150817871, 26.3444347382, 40.9038124084, 9.46793365479, 4.84041881561, 18.2686252594, -6.39530706406, 12.0504045486, 93.9980545044, 16.8727149963, -16.3869857788, 19.6098976135, 3.82473301888], [-52.2925987244, 27.3979949951, 3.76555514336, 29.8071956635, 15.6886377335, -11.6666679382, 24.0814647675, -0.503040552139, 16.8727149963, 69.6205596924, 7.5836763382, 8.33155536652, 8.15596008301], [-16.4065074921, -76.0045318604, 102.862686157, 9.29814529419, -27.7774620056, 26.6753959656, -24.8575820923, 7.11424970627, -16.3869857788, 7.5836763382, 86.4186325073, -8.55074501038, -7.7001657486], [-44.5394058228, 58.8368530273, -2.96634960175, 21.4094562531, 37.5355987549, 0.529988110065, 22.0869369507, -4.27737569809, 19.6098976135, 8.33155536652, -8.55074501038, 66.0037384033, 23.343536377], [32.8213844299, 39.7889442444, -18.0857620239, 16.3341903687, 37.8596076965, 4.92216157913, 17.5190582275, 3.64407777786, 3.82473301888, 8.15596008301, -7.7001657486, 23.343536377, 54.3450126648]],
