{
"lowlevel": {
    "average_loudness": 0.919034004211,
    "barkbands_crest": {
        "dmean": 2.20648312569,
        "dmean2": 3.46498513222,
        "dvar": 4.58795213699,
        "dvar2": 10.8547515869,
        "max": 25.8002815247,
        "mean": 12.2337675095,
        "median": 11.7520523071,
        "min": 3.88855600357,
        "var": 14.2571744919
    },
    "barkbands_flatness_db": {
        "dmean": 0.0385825745761,
        "dmean2": 0.0489274784923,
        "dvar": 0.00136275903787,
        "dvar2": 0.00224691582844,
        "max": 0.526625752449,
        "mean": 0.348399907351,
        "median": 0.357883870602,
        "min": 0.0740699246526,
        "var": 0.00493135303259
    },
    "barkbands_kurtosis": {
        "dmean": 6.36149978638,
        "dmean2": 9.92200756073,
        "dvar": 106.764831543,
        "dvar2": 260.652618408,
        "max": 98.6224594116,
        "mean": 12.8962087631,
        "median": 7.29432868958,
        "min": -1.66192960739,
        "var": 213.834106445
    },
    "barkbands_skewness": {
        "dmean": 0.704003274441,
        "dmean2": 1.07591581345,
        "dvar": 0.722023785114,
        "dvar2": 1.88683235645,
        "max": 7.82114648819,
        "mean": 2.43632483482,
        "median": 2.12060117722,
        "min": -1.84342300892,
        "var": 2.00826358795
    },
    "barkbands_spread": {
        "dmean": 2.98487520218,
        "dmean2": 4.49115610123,
        "dvar": 31.4072532654,
        "dvar2": 70.5234832764,
        "max": 54.6176948547,
        "mean": 6.28822517395,
        "median": 4.63813829422,
        "min": 0.427460640669,
        "var": 38.2539825439
    },
    "dissonance": {
        "dmean": 0.02820414491,
        "dmean2": 0.0430631749332,
        "dvar": 0.000916196324397,
        "dvar2": 0.00204826449044,
        "max": 0.5,
        "mean": 0.42481559515,
        "median": 0.436634331942,
        "min": 0.189349472523,
        "var": 0.00314520858228
    },
    "dynamic_complexity": 3.40287971497,
    "erbbands_crest": {
        "dmean": 2.3527598381,
        "dmean2": 3.59232902527,
        "dvar": 4.80576038361,
        "dvar2": 11.0545406342,
        "max": 26.8868579865,
        "mean": 11.0673055649,
        "median": 10.7687177658,
        "min": 3.15430235863,
        "var": 14.8867826462
    },
    "erbbands_flatness_db": {
        "dmean": 0.0252345185727,
        "dmean2": 0.0321328043938,
        "dvar": 0.000675585411955,
        "dvar2": 0.00108235911466,
        "max": 0.460697948933,
        "mean": 0.298358023167,
        "median": 0.300934612751,
        "min": 0.0967513024807,
        "var": 0.00272359303199
    },
    "erbbands_kurtosis": {
        "dmean": 1.43009245396,
        "dmean2": 2.24170231819,
        "dvar": 5.62746047974,
        "dvar2": 13.5701169968,
        "max": 27.7721443176,
        "mean": 1.50574934483,
        "median": 0.655767560005,
        "min": -1.78961515427,
        "var": 10.2304782867
    },
    "erbbands_skewness": {
        "dmean": 0.454355418682,
        "dmean2": 0.649103403091,
        "dvar": 0.334280073643,
        "dvar2": 0.655817508698,
        "max": 4.77612447739,
        "mean": 0.929540395737,
        "median": 0.86550116539,
        "min": -2.24205112457,
        "var": 0.805404424667
    },
    "erbbands_spread": {
        "dmean": 8.60600566864,
        "dmean2": 12.6696796417,
        "dvar": 149.205764771,
        "dvar2": 361.421112061,
        "max": 101.650993347,
        "mean": 25.895647049,
        "median": 20.578742981,
        "min": 2.36241412163,
        "var": 281.043731689
    },
    "hfc": {
        "dmean": 3.30814933777,
        "dmean2": 4.47278356552,
        "dvar": 21.7492733002,
        "dvar2": 43.3136138916,
        "max": 70.2440490723,
        "mean": 9.75864219666,
        "median": 6.85246658325,
        "min": 1.29511417045e-16,
        "var": 87.5434112549
    },
    "melbands_crest": {
        "dmean": 2.63149952888,
        "dmean2": 4.18661832809,
        "dvar": 6.05478620529,
        "dvar2": 15.3470134735,
        "max": 31.7782974243,
        "mean": 16.1845417023,
        "median": 15.9840450287,
        "min": 1.91310799122,
        "var": 20.4567451477
    },
    "melbands_flatness_db": {
        "dmean": 0.0482923947275,
        "dmean2": 0.0586136355996,
        "dvar": 0.0022366407793,
        "dvar2": 0.00364254950546,
        "max": 0.655276715755,
        "mean": 0.447202295065,
        "median": 0.461690783501,
        "min": 0.00497508700937,
        "var": 0.00817857123911
    },
    "melbands_kurtosis": {
        "dmean": 12.1952810287,
        "dmean2": 19.5365486145,
        "dvar": 476.389831543,
        "dvar2": 1281.72595215,
        "max": 210.585586548,
        "mean": 26.1070289612,
        "median": 14.1580410004,
        "min": -1.09479808807,
        "var": 869.429870605
    },
    "melbands_skewness": {
        "dmean": 0.901439070702,
        "dmean2": 1.37377333641,
        "dvar": 1.34040093422,
        "dvar2": 3.6062207222,
        "max": 11.594408989,
        "mean": 3.3128182888,
        "median": 2.85207891464,
        "min": -0.444258391857,
        "var": 3.81351661682
    },
    "melbands_spread": {
        "dmean": 2.70208334923,
        "dmean2": 4.14704465866,
        "dvar": 32.7295188904,
        "dvar2": 70.8209381104,
        "max": 124.7368927,
        "mean": 6.1446723938,
        "median": 4.68749809265,
        "min": 0.425551861525,
        "var": 39.7269477844
    },
    "pitch_salience": {
        "dmean": 0.0642781108618,
        "dmean2": 0.100905962288,
        "dvar": 0.00381380412728,
        "dvar2": 0.00921325851232,
        "max": 0.824859261513,
        "mean": 0.479781895876,
        "median": 0.477303981781,
        "min": 0.144833624363,
        "var": 0.0104487091303
    },
    "silence_rate_20dB": {
        "dmean": 0,
        "dmean2": 0,
        "dvar": 0,
        "dvar2": 0,
        "max": 1,
        "mean": 1,
        "median": 1,
        "min": 1,
        "var": 0
    },
    "silence_rate_30dB": {
        "dmean": 0.0123775145039,
        "dmean2": 0.0247678011656,
        "dvar": 0.0122242486104,
        "dvar2": 0.0293145719916,
        "max": 1,
        "mean": 0.977319598198,
        "median": 1,
        "min": 0,
        "var": 0.0221662279218
    },
    "silence_rate_60dB": {
        "dmean": 0.0263022184372,
        "dmean2": 0.0521155819297,
        "dvar": 0.0256094206125,
        "dvar2": 0.0504315234721,
        "max": 1,
        "mean": 0.062371134758,
        "median": 0,
        "min": 0,
        "var": 0.0584817528725
    },
    "spectral_centroid": {
        "dmean": 180.706115723,
        "dmean2": 262.596496582,
        "dvar": 152347.875,
        "dvar2": 264371.3125,
        "max": 10694.6552734,
        "mean": 480.050231934,
        "median": 372.37677002,
        "min": 133.579666138,
        "var": 194821.015625
    },
    "spectral_complexity": {
        "dmean": 2.9020113945,
        "dmean2": 4.43395233154,
        "dvar": 19.0919570923,
        "dvar2": 41.2058830261,
        "max": 39,
        "mean": 9.47061824799,
        "median": 8,
        "min": 0,
        "var": 38.9081192017
    },
    "spectral_decrease": {
        "dmean": 2.5978321716e-09,
        "dmean2": 3.61287599837e-09,
        "dvar": 8.98298706488e-18,
        "dvar2": 1.78344176708e-17,
        "max": 1.25666507574e-28,
        "mean": -9.36183575106e-09,
        "median": -7.85813192294e-09,
        "min": -5.49351852897e-08,
        "var": 5.24932919542e-17
    },
    "spectral_energy": {
        "dmean": 0.010045196861,
        "dmean2": 0.013938206248,
        "dvar": 0.000134823843837,
        "dvar2": 0.000266809744062,
        "max": 0.212001785636,
        "mean": 0.03621885553,
        "median": 0.0303857661784,
        "min": 1.12727705358e-20,
        "var": 0.000787127239164
    },
    "spectral_energyband_high": {
        "dmean": 6.60799196339e-05,
        "dmean2": 0.000108778505819,
        "dvar": 2.46597000597e-08,
        "dvar2": 5.98181912892e-08,
        "max": 0.00196568970568,
        "mean": 5.38685526408e-05,
        "median": 1.19510923469e-06,
        "min": 8.04346954134e-21,
        "var": 2.2516879028e-08
    },
    "spectral_energyband_low": {
        "dmean": 0.00675355223939,
        "dmean2": 0.0100730080158,
        "dvar": 8.07675896795e-05,
        "dvar2": 0.000173176944372,
        "max": 0.125021547079,
        "mean": 0.0197745431215,
        "median": 0.015752023086,
        "min": 5.29713976295e-23,
        "var": 0.000314834935125
    },
    "spectral_energyband_middle_high": {
        "dmean": 0.000827272888273,
        "dmean2": 0.00113812589552,
        "dvar": 2.0871129891e-06,
        "dvar2": 4.36190657638e-06,
        "max": 0.0198566000909,
        "mean": 0.00157490966376,
        "median": 0.000612833187915,
        "min": 1.63632501229e-21,
        "var": 5.34746322955e-06
    },
    "spectral_energyband_middle_low": {
        "dmean": 0.00572973303497,
        "dmean2": 0.00771991489455,
        "dvar": 5.03527880937e-05,
        "dvar2": 9.87594830804e-05,
        "max": 0.116126716137,
        "mean": 0.0183738768101,
        "median": 0.0139184556901,
        "min": 3.25402649536e-22,
        "var": 0.000277616287349
    },
    "spectral_entropy": {
        "dmean": 0.362889826298,
        "dmean2": 0.450525313616,
        "dvar": 0.153076425195,
        "dvar2": 0.241007074714,
        "max": 9.78576183319,
        "mean": 6.08867120743,
        "median": 5.95748138428,
        "min": 4.56091070175,
        "var": 0.489981114864
    },
    "spectral_flux": {
        "dmean": 0.0262151435018,
        "dmean2": 0.0407726727426,
        "dvar": 0.000743406242691,
        "dvar2": 0.00176468351856,
        "max": 0.302900284529,
        "mean": 0.0636366084218,
        "median": 0.0554836243391,
        "min": 1.06173306258e-10,
        "var": 0.00155058689415
    },
    "spectral_kurtosis": {
        "dmean": 20.6711349487,
        "dmean2": 32.9378395081,
        "dvar": 392.961578369,
        "dvar2": 891.551818848,
        "max": 136.360992432,
        "mean": 35.5947570801,
        "median": 25.6870536804,
        "min": -1.20750904083,
        "var": 982.09387207
    },
    "spectral_rms": {
        "dmean": 0.000863002962433,
        "dmean2": 0.00114515097812,
        "dvar": 7.85829683991e-07,
        "dvar2": 1.4254086409e-06,
        "max": 0.014381621033,
        "mean": 0.0054633920081,
        "median": 0.00544468965381,
        "min": 3.31629688988e-12,
        "var": 5.48681600776e-06
    },
    "spectral_rolloff": {
        "dmean": 150.587280273,
        "dmean2": 266.652648926,
        "dvar": 316502.875,
        "dvar2": 538896.8125,
        "max": 19293.75,
        "mean": 420.24017334,
        "median": 322.998046875,
        "min": 107.666015625,
        "var": 307575.5
    },
    "spectral_skewness": {
        "dmean": 1.43697464466,
        "dmean2": 2.21905875206,
        "dvar": 1.4731014967,
        "dvar2": 3.11515045166,
        "max": 9.65080451965,
        "mean": 3.58078789711,
        "median": 3.29603719711,
        "min": -0.106101579964,
        "var": 4.45173168182
    },
    "spectral_spread": {
        "dmean": 474450.9375,
        "dmean2": 699393.4375,
        "dvar": 888023220224,
        "dvar2": 1.03323998618e+12,
        "max": 40389740,
        "mean": 1730397.25,
        "median": 1506276.75,
        "min": 590876.5625,
        "var": 1.30694486426e+12
    },
    "spectral_strongpeak": {
        "dmean": 0.26932194829,
        "dmean2": 0.439490050077,
        "dvar": 0.137717828155,
        "dvar2": 0.307923406363,
        "max": 6.07034873962,
        "mean": 0.681826710701,
        "median": 0.531058967113,
        "min": 2.37414377047e-09,
        "var": 0.352757185698
    },
    "zerocrossingrate": {
        "dmean": 0.00431697024032,
        "dmean2": 0.00535169336945,
        "dvar": 0.000153396758833,
        "dvar2": 0.000175132750883,
        "max": 0.515625,
        "mean": 0.0174107495695,
        "median": 0.015625,
        "min": 0.00341796875,
        "var": 0.000203373987461
    },
    "barkbands": {
        "dmean": [4.42565988124e-06, 0.00308434595354, 0.00379129755311, 0.00233840197325, 0.0024833411444, 0.00107206194662, 0.000491068232805, 0.000694369140547, 0.000396910094423, 0.000336269731633, 5.28018354089e-05, 4.67957179353e-05, 0.00013564278197, 9.1451620392e-05, 0.000114605958515, 9.02544998098e-05, 0.000110897686682, 9.28084555198e-05, 4.27832710557e-05, 6.83508478687e-05, 1.8264481696e-05, 3.59619389201e-06, 9.57215888775e-07, 8.09214526498e-08, 5.89202242551e-09, 7.58254614652e-09, 3.14316861427e-09],
        "dmean2": [7.44681528886e-06, 0.00470741419122, 0.00577010819688, 0.00348624191247, 0.00372742884792, 0.00136018288322, 0.000634439464193, 0.000840959139168, 0.00051478826208, 0.000429749954492, 8.09073098935e-05, 7.64506185078e-05, 0.000205865027965, 0.000125476915855, 0.000164713303093, 0.000128466126625, 0.000168109720107, 0.000148644554429, 6.94469417795e-05, 0.000112654779514, 3.06260080833e-05, 5.96289783061e-06, 1.57206193308e-06, 1.30909839413e-07, 9.97590188234e-09, 1.3384251929e-08, 5.24530019419e-09],
        "dvar": [6.36697708445e-11, 1.82805324584e-05, 3.06375077344e-05, 1.241317932e-05, 1.21180282804e-05, 5.82675420446e-06, 2.27134637498e-06, 3.90976583731e-06, 1.24387099731e-06, 7.44101043892e-07, 6.82091041426e-08, 1.62306967866e-08, 9.47862730527e-08, 9.39782225373e-08, 5.77748444641e-08, 5.01221961713e-08, 6.90061909836e-08, 4.80500688127e-08, 1.18396377147e-08, 2.89713213419e-08, 1.98427607678e-09, 8.22269752287e-11, 5.67494619005e-12, 4.09763674001e-14, 3.73633771627e-15, 4.3217628437e-15, 3.88201637177e-15],
        "dvar2": [1.64932137392e-10, 4.23491474066e-05, 6.68430511723e-05, 2.66150400421e-05, 2.65555045189e-05, 9.82164510788e-06, 4.01680517825e-06, 5.26888698005e-06, 2.43097497332e-06, 1.46977276927e-06, 1.16598457112e-07, 4.28766746552e-08, 2.22413504503e-07, 1.66661862977e-07, 1.23674780639e-07, 9.81529524324e-08, 1.57092543418e-07, 1.18769314383e-07, 3.04610985324e-08, 7.19991746223e-08, 4.90569806999e-09, 2.11826167718e-10, 1.43507341427e-11, 1.05181420756e-13, 9.73047732883e-15, 1.14881265986e-14, 1.01204733206e-14],
        "max": [9.80556651484e-05, 0.0597847513855, 0.071448713541, 0.0582197830081, 0.058010160923, 0.0479767918587, 0.0319001674652, 0.0852982997894, 0.0205857120454, 0.012045818381, 0.00783007685095, 0.00192065653391, 0.00444627506658, 0.00711462739855, 0.00351390475407, 0.00556631851941, 0.00360255455598, 0.00243832357228, 0.000936272437684, 0.0019724376034, 0.000597655773163, 0.000122415935039, 2.27844284382e-05, 2.31420835917e-06, 2.17684646486e-06, 2.10943221646e-06, 2.23640608965e-06],
        "mean": [8.39170024847e-06, 0.00743634533137, 0.00901912804693, 0.00602497346699, 0.00543365813792, 0.00257238838822, 0.00109225651249, 0.00186662166379, 0.000875467900187, 0.00071080919588, 8.68024944793e-05, 5.43835958524e-05, 0.000240616645897, 0.000149646759382, 0.000195038053789, 0.000135377966217, 0.000124608079204, 8.2844577264e-05, 3.6874491343e-05, 5.43990281585e-05, 1.46080583363e-05, 2.80516860585e-06, 7.75814783083e-07, 6.72025564086e-08, 4.78061323861e-09, 5.4728315213e-09, 2.78716472124e-09],
        "median": [3.75823401555e-06, 0.00429801642895, 0.00502382777631, 0.00323200644925, 0.00324824498966, 0.000376264855731, 9.1655223514e-05, 0.000112568333861, 8.40662396513e-05, 6.65426705382e-05, 3.16459190799e-05, 1.1582940715e-05, 7.83361683716e-05, 2.00932372536e-05, 5.71606287849e-05, 2.92560580419e-05, 2.50213324762e-05, 6.3750649133e-06, 3.03931142298e-06, 1.28244641928e-06, 3.05070727791e-07, 4.71744527886e-08, 1.74877730075e-08, 4.33485780604e-09, 8.29236290745e-10, 7.32749527721e-10, 6.85380419085e-10],
        "min": [1.81100344179e-23, 2.32882988378e-23, 9.75228505219e-24, 1.23388905406e-23, 6.06048701323e-23, 2.79200845987e-23, 8.52119661211e-23, 7.50703387691e-23, 5.00829550261e-23, 6.49755129569e-23, 7.31520625504e-23, 7.74014732311e-23, 6.52110542015e-23, 1.25237802886e-22, 1.6038110183e-22, 1.9888751045e-22, 2.89252549507e-22, 2.54727300994e-22, 2.21717018829e-22, 2.8326568846e-22, 4.42020903788e-22, 4.01023461756e-22, 5.23711047729e-22, 8.05046160051e-22, 1.39648049997e-21, 1.81231697724e-21, 2.846077264e-21],
        "var": [1.46175391236e-10, 7.68643731135e-05, 0.000113357986265, 6.0974387452e-05, 3.75674280804e-05, 3.05040830426e-05, 8.56657970871e-06, 3.1356645195e-05, 4.17158253185e-06, 2.26756060329e-06, 7.93693502033e-08, 1.7920575246e-08, 2.24921350878e-07, 2.88573033913e-07, 1.42756235277e-07, 9.99630600518e-08, 8.20605663421e-08, 4.58054678631e-08, 9.65672075637e-09, 2.50612153252e-08, 1.71004554961e-09, 6.47415801525e-11, 4.67425794251e-12, 3.43369741819e-14, 2.69591910035e-15, 2.97604898963e-15, 2.78474892783e-15]
    },
    "erbbands": {
        "dmean": [0.0309566762298, 0.880241394043, 3.9925904274, 6.11113595963, 6.59013414383, 10.1096992493, 9.5098695755, 8.60897541046, 6.12563562393, 14.7750253677, 9.31744480133, 10.3496980667, 12.845413208, 4.36925172806, 1.93978989124, 2.52902531624, 5.96802520752, 5.47809696198, 4.96908378601, 5.58820390701, 5.50715351105, 5.41584825516, 5.8201341629, 2.72801828384, 1.75315666199, 2.60752415657, 1.84144353867, 0.476682394743, 0.161494329572, 0.06868583709, 0.0261918604374, 0.00536621222273, 0.000548855226953, 7.49812897993e-05, 5.11891703354e-05, 3.30827824655e-05, 1.67983580468e-05, 3.57034741683e-06, 4.97087239637e-06, 1.11231402116e-05],
        "dmean2": [0.0465017668903, 1.34964370728, 6.1614484787, 8.91930675507, 10.3378152847, 15.170170784, 12.5835361481, 11.1271476746, 7.57175207138, 18.8815231323, 11.1582727432, 13.0670127869, 16.5430717468, 5.87209749222, 2.94224786758, 3.98983860016, 9.02348327637, 7.45819282532, 7.05079174042, 7.87558841705, 7.64170885086, 8.2946805954, 9.2328414917, 4.4239487648, 2.88122749329, 4.2615647316, 3.0610461235, 0.798988997936, 0.268323719501, 0.113793641329, 0.0429420657456, 0.00876464601606, 0.000885924324393, 0.000121520562971, 8.58311832417e-05, 5.57268504053e-05, 2.87613893306e-05, 6.03759326623e-06, 6.89752050675e-06, 1.53926321218e-05],
        "dvar": [0.0017422727542, 1.52601528168, 31.2343902588, 81.992729187, 109.746940613, 249.514053345, 244.251663208, 460.393768311, 479.825592041, 1595.1105957, 723.885925293, 867.643005371, 1190.01159668, 154.376281738, 74.3654937744, 40.8104171753, 186.071304321, 252.310943604, 132.038391113, 182.739303589, 138.662384033, 163.10798645, 178.62663269, 46.5686531067, 21.4057102203, 42.3519668579, 19.5811157227, 1.29814827442, 0.157708510756, 0.0360661745071, 0.00422061467543, 0.000165890567587, 2.38676034314e-06, 4.80464848351e-07, 1.8898769838e-07, 6.14488797623e-08, 1.66769105192e-08, 1.62622282307e-09, 1.1465337707e-10, 1.68199412731e-10],
        "dvar2": [0.00385401840322, 3.54555010796, 72.5652999878, 164.78213501, 265.348724365, 564.97467041, 434.716918945, 818.411254883, 823.257080078, 2592.13037109, 1003.50689697, 1684.71765137, 2462.65576172, 277.05355835, 130.537322998, 104.234489441, 429.260040283, 444.615936279, 272.628479004, 345.311004639, 262.634979248, 385.040374756, 440.207824707, 117.903503418, 55.017780304, 104.862869263, 47.8649559021, 3.16709852219, 0.402295082808, 0.094986513257, 0.0107992235571, 0.000421634002123, 6.10521374256e-06, 1.24770133425e-06, 4.91906746447e-07, 1.6071231812e-07, 4.47213324151e-08, 4.2726755467e-09, 2.77244088798e-10, 3.33033850497e-10],
        "max": [0.462390869856, 18.2484111786, 90.1250839233, 123.885314941, 136.340515137, 263.991027832, 216.481002808, 379.9246521, 494.696136475, 1416.11572266, 869.856384277, 590.241027832, 453.989562988, 388.2137146, 235.140991211, 72.1484222412, 223.476623535, 351.78414917, 199.285064697, 237.11831665, 195.487106323, 198.328369141, 156.980895996, 69.4999694824, 44.7217674255, 74.9148483276, 55.495464325, 14.4813127518, 4.24710988998, 3.23839116096, 0.707079350948, 0.117293417454, 0.0368044674397, 0.0247543156147, 0.0153415510431, 0.008444622159, 0.00392148084939, 0.00139087322168, 0.000345435721101, 0.000233111029956],
        "mean": [0.0950376838446, 2.13998675346, 9.09333705902, 17.2764587402, 16.9069156647, 19.4977226257, 20.7501335144, 20.9901237488, 15.5599431992, 35.1941642761, 26.2987194061, 23.9497375488, 26.579246521, 9.50849437714, 3.42461943626, 3.40314292908, 10.4914293289, 9.75018882751, 8.77478122711, 9.05756568909, 7.88138437271, 5.92895317078, 5.34627246857, 2.42618322372, 1.44580960274, 2.11920213699, 1.46305596828, 0.385027945042, 0.125732719898, 0.0535919293761, 0.0213003735989, 0.00446371920407, 0.000495430489536, 8.4613711806e-05, 5.80940686632e-05, 3.92934744013e-05, 2.07617686101e-05, 3.96276573156e-06, 1.70939474629e-05, 3.99992422899e-05],
        "median": [0.0730389654636, 1.28688001633, 6.13354682922, 11.4768753052, 9.57397556305, 10.4165058136, 7.4681892395, 3.33458137512, 1.71002340317, 5.11457920074, 3.61577606201, 3.08644556999, 3.30612277985, 2.14724469185, 1.22842025757, 0.836313545704, 3.37378168106, 2.14780569077, 2.44595599174, 2.23556947708, 2.01760435104, 1.20429396629, 0.516868114471, 0.244448199868, 0.0848391577601, 0.0580440163612, 0.028209593147, 0.00868774484843, 0.00213183369488, 0.00100782793015, 0.000503256742377, 0.00019081812934, 6.63378086756e-05, 3.41568775184e-05, 2.67745417659e-05, 1.95782595256e-05, 1.10353921627e-05, 1.7259002334e-06, 1.40347819979e-05, 3.33210591634e-05],
        "min": [1.48902022029e-21, 2.31827989153e-21, 1.02883020145e-20, 2.8985096904e-20, 6.48257504025e-20, 3.50873989221e-19, 1.72805254868e-19, 2.44810797278e-19, 1.14305152358e-18, 1.503687278e-18, 1.46941977016e-18, 9.90406405069e-19, 1.62616718752e-18, 2.77465142656e-18, 2.77862396145e-18, 3.21910508226e-18, 2.81856210258e-18, 4.26848357135e-18, 9.77553610673e-18, 7.98217958739e-18, 1.13876796877e-17, 1.74945638987e-17, 1.56809356641e-17, 1.13083969076e-17, 1.08798718553e-17, 1.55956020577e-17, 2.45178219533e-17, 1.05036907923e-17, 1.42131466805e-17, 1.41659279024e-17, 1.61170782226e-17, 1.41968826553e-17, 1.46911247256e-17, 1.30301270305e-17, 1.00809692392e-17, 7.8525562495e-18, 3.55838251628e-18, 1.25543011025e-18, 3.41954810868e-19, 4.39390748129e-20],
        "var": [0.00800551939756, 6.1246714592, 102.65272522, 355.37600708, 414.188049316, 658.375183105, 974.278076172, 2235.59594727, 2069.61376953, 8569.32421875, 5496.39404297, 2993.25805664, 3039.90991211, 729.566040039, 97.959487915, 53.6435203552, 483.313018799, 796.343688965, 372.083068848, 442.553100586, 270.963317871, 175.87322998, 176.414352417, 39.558429718, 17.0299530029, 37.1764450073, 17.3136482239, 1.15113425255, 0.126408994198, 0.0268827602267, 0.00348210241646, 0.000141220720252, 2.02998285204e-06, 3.50508514657e-07, 1.36797950745e-07, 4.37857856639e-08, 1.12658957718e-08, 1.14935805318e-09, 2.28408125746e-10, 9.61767110397e-10]
    },
    "gfcc": {
        "mean": [-149.776687622, 226.315109253, -117.744613647, 25.2236251831, -7.35189914703, -23.1760845184, -11.0434608459, -20.7206821442, -2.78662133217, -16.1437473297, -13.0358057022, -17.4730892181, -3.85312652588],
        "cov": [[6349.64404297, -224.392288208, -1648.82397461, 725.836425781, -38.3178520203, -133.532318115, 205.2527771, -40.0257377625, 158.473205566, -70.3834381104, -85.7729644775, -27.0932502747, -6.17165994644], [-224.392288208, 994.481567383, 449.700744629, -922.841003418, 231.537643433, -149.028656006, -149.248947144, 215.151473999, 143.36100769, 29.576593399, -113.810028076, -97.4118728638, 112.374801636], [-1648.82397461, 449.700744629, 1013.42364502, -360.207702637, 281.985809326, 139.971374512, -72.4113769531, 56.6064567566, -28.44962883, 28.6502285004, -19.914352417, -40.0814323425, 19.9694213867], [725.836425781, -922.841003418, -360.207702637, 1275.75, 13.0092897415, 254.601669312, 242.034881592, -278.673919678, -183.238113403, -41.1642227173, 132.816055298, 64.8098144531, -153.464080811], [-38.3178520203, 231.537643433, 281.985809326, 13.0092897415, 564.325073242, 177.77305603, -22.9548149109, -15.2293233871, -97.637588501, -5.13287734985, 10.0214748383, -31.1950645447, -29.7426204681], [-133.532318115, -149.028656006, 139.971374512, 254.601669312, 177.77305603, 264.777374268, 67.9536590576, -107.365440369, -84.1382980347, -12.8406887054, 47.805721283, -2.36514019966, -66.6203155518], [205.2527771, -149.248947144, -72.4113769531, 242.034881592, -22.9548149109, 67.9536590576, 136.120025635, -27.7439899445, -22.9508190155, 4.2147102356, 16.5032272339, 0.0203514322639, -39.2419319153], [-40.0257377625, 215.151473999, 56.6064567566, -278.673919678, -15.2293233871, -107.365440369, -27.7439899445, 181.396133423, 94.4954528809, 6.11377286911, -56.3379211426, -10.1360912323, 45.7903785706], [158.473205566, 143.36100769, -28.44962883, -183.238113403, -97.637588501, -84.1382980347, -22.9508190155, 94.4954528809, 134.719543457, 16.9460926056, -43.4698104858, -9.70989131927, 40.0902099609], [-70.3834381104, 29.576593399, 28.6502285004, -41.1642227173, -5.13287734985, -12.8406887054, 4.2147102356, 6.11377286911, 16.9460926056, 65.0359954834, 24.6452713013, 1.2692630291, -2.2766494751], [-85.7729644775, -113.810028076, -19.914352417, 132.816055298, 10.0214748383, 47.805721283, 16.5032272339, -56.3379211426, -43.4698104858, 24.6452713013, 90.2639312744, 39.5655288696, -21.8256263733], [-27.0932502747, -97.4118728638, -40.0814323425, 64.8098144531, -31.1950645447, -2.36514019966, 0.0203514322639, -10.1360912323, -9.70989131927, 1.2692630291, 39.5655288696, 75.0877838135, 23.7149028778], [-6.17165994644, 112.374801636, 19.9694213867, -153.464080811, -29.7426204681, -66.6203155518, -39.2419319153, 45.7903785706, 40.0902099609, -2.2766494751, -21.8256263733, 23.7149028778, 91.512046814]],
        "icov": [[0.000471270817798, -0.00102397170849, 0.00102187262382, -0.000819192966446, 5.28969831066e-05, -0.000506381154992, 0.000243129950832, -0.000137648952659, -0.000164504468557, -0.000374135415768, 0.000865027133841, -0.000349316222128, -0.000126287777675], [-0.00102397170849, 0.0113041615114, -0.00409125676379, 0.00781914498657, -0.00592470169067, 0.00672574900091, -0.00679476186633, 0.00458645634353, -0.00709794275463, 0.00540167186409, -0.00630255043507, 0.00673699099571, -0.00218804995529], [0.00102187262382, -0.00409125676379, 0.00421478180215, -0.00259882234968, 0.00119418883696, -0.00396948726848, 0.00254871672951, -0.00214814161882, 0.00225662556477, -0.00298649608158, 0.00324123515747, -0.00160727475304, -0.000392196408939], [-0.000819192966446, 0.00781914498657, -0.00259882234968, 0.00788874924183, -0.00431506196037, 0.0046696420759, -0.00778585160151, 0.00546884909272, -0.00480822706595, 0.0054082730785, -0.00507560372353, 0.00257396418601, 0.000424658355769], [5.28969831066e-05, -0.00592470169067, 0.00119418883696, -0.00431506196037, 0.00705220829695, -0.00656176032498, 0.00629591336474, -0.00543401297182, 0.00786848925054, -0.00443661399186, 0.00344993988983, -0.00221835169941, 0.000556302489713], [-0.000506381154992, 0.00672574900091, -0.00396948726848, 0.0046696420759, -0.00656176032498, 0.0147859305143, -0.00917225982994, 0.00840410217643, -0.00746562192217, 0.00768063170835, -0.00637187156826, 0.0028705005534, 0.00209498777986], [0.000243129950832, -0.00679476186633, 0.00254871672951, -0.00778585160151, 0.00629591336474, -0.00917225982994, 0.0198094639927, -0.00888172816485, 0.00781500339508, -0.00868173316121, 0.00599078135565, -0.00194968318101, 0.00134945847094], [-0.000137648952659, 0.00458645634353, -0.00214814161882, 0.00546884909272, -0.00543401297182, 0.00840410217643, -0.00888172816485, 0.0176469329745, -0.0115368431434, 0.0054730316624, -0.000199660527869, -0.00144192343578, 0.00122820504475], [-0.000164504468557, -0.00709794275463, 0.00225662556477, -0.00480822706595, 0.00786848925054, -0.00746562192217, 0.00781500339508, -0.0115368431434, 0.0237918384373, -0.0105683999136, 0.00821045413613, -0.00302031752653, -0.00154924870003], [-0.000374135415768, 0.00540167186409, -0.00298649608158, 0.0054082730785, -0.00443661399186, 0.00768063170835, -0.00868173316121, 0.0054730316624, -0.0105683999136, 0.0270433574915, -0.01559118554, 0.00588621105999, 0.000809752265923], [0.000865027133841, -0.00630255043507, 0.00324123515747, -0.00507560372353, 0.00344993988983, -0.00637187156826, 0.00599078135565, -0.000199660527869, 0.00821045413613, -0.01559118554, 0.0311325527728, -0.0174242015928, 0.00568592641503], [-0.000349316222128, 0.00673699099571, -0.00160727475304, 0.00257396418601, -0.00221835169941, 0.0028705005534, -0.00194968318101, -0.00144192343578, -0.00302031752653, 0.00588621105999, -0.0174242015928, 0.0306226778775, -0.012996841222], [-0.000126287777675, -0.00218804995529, -0.000392196408939, 0.000424658355769, 0.000556302489713, 0.00209498777986, 0.00134945847094, 0.00122820504475, -0.00154924870003, 0.000809752265923, 0.00568592641503, -0.012996841222, 0.0214966777712]]
    },
    "melbands": {
        "dmean": [0.0005665809731, 0.00175361067522, 0.00104082177859, 0.000514540355653, 0.000397761410568, 0.000195475644432, 9.2442453024e-05, 0.000168072088854, 7.16114227544e-05, 6.17667901679e-05, 6.30091235507e-05, 1.74113520188e-05, 7.24477013136e-06, 4.35111178376e-06, 1.10431610665e-05, 1.3026351553e-05, 1.0494957678e-05, 7.31431418899e-06, 8.22666424938e-06, 7.28536269889e-06, 7.06252876626e-06, 6.23570986136e-06, 6.05681998422e-06, 3.76650609724e-06, 2.15029467654e-06, 1.33265007207e-06, 1.50272967403e-06, 1.93493360712e-06, 1.64377343026e-06, 5.20971809692e-07, 1.47950359519e-07, 9.1040028849e-08, 6.4024007429e-08, 2.69048960888e-08, 1.52554324728e-08, 8.57269721877e-09, 1.28323018878e-09, 4.17436279987e-10, 5.64225541289e-11, 4.56787593861e-11],
        "dmean2": [0.000850683776662, 0.00268188980408, 0.00153266219422, 0.000787462748121, 0.00054488517344, 0.000250402634265, 0.00011479188106, 0.000211737962672, 8.58485364006e-05, 7.94666921138e-05, 8.14443847048e-05, 2.38364773395e-05, 1.10521641545e-05, 6.98404983268e-06, 1.7308331735e-05, 1.96626206161e-05, 1.42592398333e-05, 1.04089376691e-05, 1.20147187772e-05, 1.03855982161e-05, 9.97956067295e-06, 9.53982453211e-06, 9.6384283097e-06, 6.07720812695e-06, 3.49912329511e-06, 2.23489541895e-06, 2.48847936746e-06, 3.15771035275e-06, 2.75786214843e-06, 8.7372706048e-07, 2.4765469675e-07, 1.53033781203e-07, 1.05861730049e-07, 4.49466561747e-08, 2.49748417502e-08, 1.41935885267e-08, 2.07309480693e-09, 6.97244650905e-10, 9.33549557103e-11, 7.68143951224e-11],
        "dvar": [5.91307411923e-07, 5.62721379538e-06, 2.21906771003e-06, 5.43489250049e-07, 3.46668144857e-07, 2.19070486196e-07, 1.07428860474e-07, 2.14539298327e-07, 3.9959473952e-08, 3.11447401202e-08, 2.97172721986e-08, 2.83360446218e-09, 1.40742151267e-09, 1.44562126159e-10, 8.5950502271e-10, 7.99280197583e-10, 1.21173193701e-09, 3.13867348778e-10, 2.95845264953e-10, 4.05777245138e-10, 2.34280317368e-10, 2.52418447255e-10, 1.79986137105e-10, 9.32907570639e-11, 3.06074575407e-11, 1.50905798274e-11, 1.6855806681e-11, 2.30803223755e-11, 1.64188627971e-11, 1.74011792389e-12, 1.26235054853e-13, 5.01735934429e-14, 3.22142079722e-14, 5.73383452941e-15, 1.47530555396e-15, 4.54811958748e-16, 9.83509641956e-18, 1.47312967521e-18, 4.07374664359e-19, 3.16256997573e-19],
        "dvar2": [1.32185539314e-06, 1.31396818688e-05, 4.59109742224e-06, 1.25312351429e-06, 6.69118321639e-07, 3.81851890552e-07, 1.83552984367e-07, 3.31565473743e-07, 5.87006034891e-08, 6.03427707802e-08, 6.16474551407e-08, 4.95717067395e-09, 2.32025731961e-09, 3.66946112385e-10, 2.15688400473e-09, 1.90304683123e-09, 2.07554839982e-09, 6.38459729529e-10, 6.31965701992e-10, 7.92622412149e-10, 4.58975552009e-10, 5.92451976367e-10, 4.56430004903e-10, 2.28984720074e-10, 7.85436229944e-11, 4.03145815342e-11, 4.29802270163e-11, 5.71211550282e-11, 4.06048909773e-11, 4.23970147184e-12, 3.14911345698e-13, 1.29050348424e-13, 8.47148821361e-14, 1.5127161405e-14, 3.79725929045e-15, 1.16699456088e-15, 2.51745785442e-17, 3.79882820392e-18, 1.05800753384e-18, 8.22714405932e-19],
        "max": [0.00891262292862, 0.0390041396022, 0.0203312244266, 0.0131735745817, 0.00635338015854, 0.0086732711643, 0.00748026324436, 0.0177874285728, 0.00558351678774, 0.00403991900384, 0.00227109761909, 0.00173585722223, 0.00113880843855, 0.000262791058049, 0.000462950847577, 0.000524431699887, 0.000806468946394, 0.000296920916298, 0.00024523618049, 0.000487109966343, 0.000232248101383, 0.000250219047302, 0.000132509710966, 9.97507740976e-05, 6.33041127003e-05, 3.76273565053e-05, 4.22546399932e-05, 5.62022469239e-05, 4.66527235403e-05, 2.17740234802e-05, 3.37412507179e-06, 2.41884345087e-06, 3.22920504914e-06, 1.09388201963e-06, 4.26847208246e-07, 2.36138390619e-07, 3.08258627513e-08, 2.62074415502e-08, 2.28573391325e-08, 2.01352943208e-08],
        "mean": [0.00149894424248, 0.00428914884105, 0.00307461363263, 0.00122678128537, 0.000835471379105, 0.00047206421732, 0.000225732685067, 0.000409930973547, 0.000199748625164, 0.000137917857501, 0.000127954568597, 3.67603061022e-05, 1.20199056255e-05, 5.62889408684e-06, 1.66954760061e-05, 2.27542223001e-05, 1.79900325747e-05, 1.27023367895e-05, 1.33811372507e-05, 1.12183279271e-05, 9.41947109823e-06, 6.80388939145e-06, 5.58204783374e-06, 3.36389894073e-06, 1.87736588941e-06, 1.06877632788e-06, 1.18467414723e-06, 1.56772591708e-06, 1.28935414523e-06, 4.21433412612e-07, 1.17527605425e-07, 6.95374211546e-08, 4.96321632681e-08, 2.06300398986e-08, 1.23714318789e-08, 6.92609569697e-09, 1.07891307e-09, 3.46700751441e-10, 4.97363400465e-11, 3.84416179444e-11],
        "median": [0.000976580195129, 0.00323767028749, 0.00206430745311, 0.000789823767263, 0.000362311897334, 6.12109142821e-05, 1.45586354847e-05, 4.57248461316e-05, 2.49869008258e-05, 1.73680218722e-05, 1.06902343759e-05, 6.86281782691e-06, 4.46010017185e-06, 1.12529926355e-06, 4.19646585215e-06, 7.5541820479e-06, 2.96433290714e-06, 3.17138415085e-06, 3.95368715544e-06, 1.95705592887e-06, 2.31500689551e-06, 1.33568187266e-06, 6.25997699899e-07, 2.49740935487e-07, 1.74265210262e-07, 6.30914342992e-08, 3.484116462e-08, 3.87542762326e-08, 2.26019860605e-08, 8.96305607512e-09, 2.60129207064e-09, 1.05120212535e-09, 8.64856741778e-10, 3.96225913191e-10, 2.7411212189e-10, 1.9755924674e-10, 6.68891539379e-11, 3.15611980994e-11, 9.96852080049e-12, 6.90029196976e-12],
        "min": [1.03075760763e-23, 4.20727840861e-24, 4.72328415963e-24, 1.60008727928e-23, 7.5898271955e-24, 5.24372015349e-24, 1.73578839438e-23, 1.57665558604e-23, 1.24247896046e-23, 5.84038890422e-24, 8.26792966304e-24, 1.1218800352e-23, 9.30207818927e-24, 8.70916559974e-24, 6.07378720809e-24, 7.39342134048e-24, 7.47398612701e-24, 1.63554326376e-23, 1.26683709195e-23, 8.21003516121e-24, 1.48232423008e-23, 1.56656384625e-23, 1.94690019439e-23, 1.21531863727e-23, 8.61604845849e-24, 8.41753082283e-24, 7.40708677794e-24, 1.03987636638e-23, 1.758335459e-23, 7.4320297709e-24, 5.98347683394e-24, 7.90625192636e-24, 8.21317088331e-24, 8.13035626548e-24, 9.16816905061e-24, 1.01467344375e-23, 7.77429679616e-24, 9.47219131032e-24, 1.2379767735e-23, 1.07899085107e-23],
        "var": [2.66609140454e-06, 1.85750868695e-05, 1.03303973447e-05, 1.81576888281e-06, 1.20191612041e-06, 1.10170230982e-06, 4.63902154024e-07, 1.29406339511e-06, 2.76922975218e-07, 1.00885642951e-07, 7.51687210254e-08, 1.413926487e-08, 1.64339808428e-09, 1.90559928948e-10, 1.52895818228e-09, 1.76240155803e-09, 3.87160437043e-09, 8.71832328553e-10, 6.61841470517e-10, 8.31353097475e-10, 4.12547968009e-10, 2.69427674615e-10, 1.71607020261e-10, 9.02628180532e-11, 2.51142093233e-11, 1.07743345495e-11, 1.34539280758e-11, 2.06202711156e-11, 1.41431484579e-11, 1.56722497393e-12, 1.06746839287e-13, 3.9493690436e-14, 2.40143090146e-14, 4.23172493547e-15, 1.20711385291e-15, 3.75770788107e-16, 8.34926662681e-18, 1.22343145543e-18, 2.96180109185e-19, 2.28642233887e-19]
    },
    "mfcc": {
        "mean": [-780.464904785, 226.205978394, -7.43616771698, 40.000202179, 26.7989673615, 9.57283687592, 0.796205222607, -0.822012782097, 6.03126621246, 5.16575860977, -4.75494766235, -1.56017208099, -8.82009029388],
        "cov": [[5881.34814453, -65.3647460938, -2162.08300781, 1148.96191406, -708.542602539, 228.133026123, -141.463150024, 75.1816711426, 67.1723022461, 43.3441047668, -53.8305625916, 31.0835170746, 34.211807251], [-65.3647460938, 1528.31030273, 212.244750977, -755.501159668, 339.096496582, -433.750305176, -231.660369873, -72.1307220459, 267.57208252, 159.903778076, -24.2597675323, -94.1245727539, -6.4766664505], [-2162.08300781, 212.244750977, 1055.53588867, -434.915313721, 247.626907349, -49.1698532104, 10.0549030304, -6.85721540451, 21.6450195312, 22.8353881836, 30.4066734314, -19.2441215515, -13.5552225113], [1148.96191406, -755.501159668, -434.915313721, 816.533508301, -165.026397705, 349.30380249, 207.65461731, 68.8811645508, -114.701004028, -83.8565063477, 16.1823616028, 83.6525192261, -1.96689271927], [-708.542602539, 339.096496582, 247.626907349, -165.026397705, 483.739685059, 92.0815505981, 121.84942627, 31.2943782806, 4.0688586235, -24.3107948303, 3.33678936958, 22.4734363556, -16.6328296661], [228.133026123, -433.750305176, -49.1698532104, 349.30380249, 92.0815505981, 491.560028076, 256.936157227, 64.3294448853, -125.583450317, -102.0496521, 26.5192279816, 90.9533920288, -5.60572290421], [-141.463150024, -231.660369873, 10.0549030304, 207.65461731, 121.84942627, 256.936157227, 281.111022949, 44.4837341309, -86.683380127, -67.9644165039, 27.8604450226, 74.2691802979, -18.5676383972], [75.1816711426, -72.1307220459, -6.85721540451, 68.8811645508, 31.2943782806, 64.3294448853, 44.4837341309, 102.752227783, 16.8329792023, -4.26827144623, 11.6170215607, 4.5862994194, -7.57979154587], [67.1723022461, 267.57208252, 21.6450195312, -114.701004028, 4.0688586235, -125.583450317, -86.683380127, 16.8329792023, 151.08505249, 75.679069519, -13.2633247375, -34.5224342346, -4.80801725388], [43.3441047668, 159.903778076, 22.8353881836, -83.8565063477, -24.3107948303, -102.0496521, -67.9644165039, -4.26827144623, 75.679069519, 94.8546295166, 20.4839687347, -29.6323661804, -6.87161827087], [-53.8305625916, -24.2597675323, 30.4066734314, 16.1823616028, 3.33678936958, 26.5192279816, 27.8604450226, 11.6170215607, -13.2633247375, 20.4839687347, 79.5291976929, 29.0177516937, -12.9817295074], [31.0835170746, -94.1245727539, -19.2441215515, 83.6525192261, 22.4734363556, 90.9533920288, 74.2691802979, 4.5862994194, -34.5224342346, -29.6323661804, 29.0177516937, 85.2548065186, 15.7404136658], [34.211807251, -6.4766664505, -13.5552225113, -1.96689271927, -16.6328296661, -5.60572290421, -18.5676383972, -7.57979154587, -4.80801725388, -6.87161827087, -12.9817295074, 15.7404136658, 59.1569824219]],
