{
"lowlevel": {
    "average_loudness": 0.98161894083,
    "barkbands_crest": {
        "dmean": 2.37323999405,
        "dmean2": 3.95167732239,
        "dvar": 4.03057098389,
        "dvar2": 11.2647333145,
        "max": 17.9306240082,
        "mean": 7.103120327,
        "median": 6.63098096848,
        "min": 2.64815568924,
        "var": 6.73343086243
    },
    "barkbands_flatness_db": {
        "dmean": 0.0210363361984,
        "dmean2": 0.0329251177609,
        "dvar": 0.000308712362312,
        "dvar2": 0.000702811928932,
        "max": 0.213405862451,
        "mean": 0.130987688899,
        "median": 0.130711480975,
        "min": 0.0450945161283,
        "var": 0.000748534570448
    },
    "barkbands_kurtosis": {
        "dmean": 0.890391409397,
        "dmean2": 1.50733709335,
        "dvar": 1.44795024395,
        "dvar2": 3.82634592056,
        "max": 10.3659925461,
        "mean": -0.239538386464,
        "median": -0.61473274231,
        "min": -1.78127682209,
        "var": 1.91051876545
    },
    "barkbands_skewness": {
        "dmean": 0.445427834988,
        "dmean2": 0.720447599888,
        "dvar": 0.14380928874,
        "dvar2": 0.370395749807,
        "max": 3.09169721603,
        "mean": 0.703310310841,
        "median": 0.633485376835,
        "min": -1.93952679634,
        "var": 0.348376691341
    },
    "barkbands_spread": {
        "dmean": 5.98311710358,
        "dmean2": 9.3893289566,
        "dvar": 31.58319664,
        "dvar2": 74.3779525757,
        "max": 60.6470298767,
        "mean": 29.1093158722,
        "median": 27.7736377716,
        "min": 9.09372711182,
        "var": 71.7078933716
    },
    "dissonance": {
        "dmean": 0.011454673484,
        "dmean2": 0.0195006523281,
        "dvar": 0.000335729535436,
        "dvar2": 0.000823784270324,
        "max": 0.499999970198,
        "mean": 0.483544379473,
        "median": 0.48684412241,
        "min": 0.00317605258897,
        "var": 0.000282324268483
    },
    "dynamic_complexity": 0.766412496567,
    "erbbands_crest": {
        "dmean": 2.61291074753,
        "dmean2": 4.24301862717,
        "dvar": 5.80948066711,
        "dvar2": 15.7731122971,
        "max": 29.0327854156,
        "mean": 8.06558799744,
        "median": 7.26456260681,
        "min": 2.62107276917,
        "var": 13.6420469284
    },
    "erbbands_flatness_db": {
        "dmean": 0.0198176335543,
        "dmean2": 0.0294182188809,
        "dvar": 0.000286912865704,
        "dvar2": 0.000604350469075,
        "max": 0.316527634859,
        "mean": 0.184326127172,
        "median": 0.182754263282,
        "min": 0.0998717620969,
        "var": 0.000752144900616
    },
    "erbbands_kurtosis": {
        "dmean": 0.677172899246,
        "dmean2": 1.08403909206,
        "dvar": 0.593894839287,
        "dvar2": 1.45286345482,
        "max": 12.9262723923,
        "mean": 0.259934693575,
        "median": -0.0224249362946,
        "min": -1.30194580555,
        "var": 1.42071509361
    },
    "erbbands_skewness": {
        "dmean": 0.288314431906,
        "dmean2": 0.463308364153,
        "dvar": 0.0574404858053,
        "dvar2": 0.147017344832,
        "max": 1.23181962967,
        "mean": -0.329689085484,
        "median": -0.306525409222,
        "min": -3.24377632141,
        "var": 0.272083222866
    },
    "erbbands_spread": {
        "dmean": 7.26799345016,
        "dmean2": 11.0682754517,
        "dvar": 33.8958930969,
        "dvar2": 77.5690155029,
        "max": 70.9617462158,
        "mean": 32.1393051147,
        "median": 31.0975418091,
        "min": 6.86194753647,
        "var": 99.8633956909
    },
    "hfc": {
        "dmean": 9.21575260162,
        "dmean2": 14.2954845428,
        "dvar": 112.348335266,
        "dvar2": 270.330627441,
        "max": 107.950035095,
        "mean": 32.9910049438,
        "median": 30.2279510498,
        "min": 1.2206873706e-16,
        "var": 216.452865601
    },
    "melbands_crest": {
        "dmean": 4.35766792297,
        "dmean2": 7.14521789551,
        "dvar": 12.0904350281,
        "dvar2": 31.7576084137,
        "max": 28.0000724792,
        "mean": 13.0762939453,
        "median": 12.4808282852,
        "min": 1.74945259094,
        "var": 21.8143520355
    },
    "melbands_flatness_db": {
        "dmean": 0.0303353425115,
        "dmean2": 0.0469231456518,
        "dvar": 0.000634434225503,
        "dvar2": 0.00141426024493,
        "max": 0.294396460056,
        "mean": 0.163627669215,
        "median": 0.164549335837,
        "min": 0.00453553907573,
        "var": 0.00170447351411
    },
    "melbands_kurtosis": {
        "dmean": 3.07269263268,
        "dmean2": 5.14729833603,
        "dvar": 15.643740654,
        "dvar2": 41.2964019775,
        "max": 36.4112434387,
        "mean": 3.57985043526,
        "median": 2.22881746292,
        "min": -1.69481515884,
        "var": 21.0454349518
    },
    "melbands_skewness": {
        "dmean": 0.641980528831,
        "dmean2": 1.03740882874,
        "dvar": 0.314573347569,
        "dvar2": 0.808505117893,
        "max": 5.55009317398,
        "mean": 1.76249885559,
        "median": 1.6286367178,
        "min": -0.628148138523,
        "var": 0.700058400631
    },
    "melbands_spread": {
        "dmean": 10.2495994568,
        "dmean2": 16.4651832581,
        "dvar": 87.6980361938,
        "dvar2": 227.805862427,
        "max": 134.306869507,
        "mean": 35.741065979,
        "median": 33.9679298401,
        "min": 6.76330757141,
        "var": 197.436981201
    },
    "pitch_salience": {
        "dmean": 0.0761684179306,
        "dmean2": 0.125941649079,
        "dvar": 0.00404350599274,
        "dvar2": 0.0110103003681,
        "max": 0.977252840996,
        "mean": 0.58903503418,
        "median": 0.595869004726,
        "min": 0.306328803301,
        "var": 0.00753440149128
    },
    "silence_rate_20dB": {
        "dmean": 0,
        "dmean2": 0,
        "dvar": 0,
        "dvar2": 0,
        "max": 1,
        "mean": 1,
        "median": 1,
        "min": 1,
        "var": 0
    },
    "silence_rate_30dB": {
        "dmean": 0,
        "dmean2": 0,
        "dvar": 0,
        "dvar2": 0,
        "max": 1,
        "mean": 1,
        "median": 1,
        "min": 1,
        "var": 0
    },
    "silence_rate_60dB": {
        "dmean": 0.000515463936608,
        "dmean2": 0.00103145954199,
        "dvar": 0.000515170919243,
        "dvar2": 0.00103040458634,
        "max": 1,
        "mean": 0.0010303966701,
        "median": 0,
        "min": 0,
        "var": 0.00102934613824
    },
    "spectral_centroid": {
        "dmean": 305.648193359,
        "dmean2": 473.006439209,
        "dvar": 115127.546875,
        "dvar2": 224777.578125,
        "max": 10718.3242188,
        "mean": 1700.59985352,
        "median": 1636.93579102,
        "min": 632.224060059,
        "var": 265052.5625
    },
    "spectral_complexity": {
        "dmean": 4.69278335571,
        "dmean2": 7.21918535233,
        "dvar": 17.941734314,
        "dvar2": 37.7771492004,
        "max": 58,
        "mean": 34.8495635986,
        "median": 34,
        "min": 0,
        "var": 48.4915771484
    },
    "spectral_decrease": {
        "dmean": 2.35165709128e-09,
        "dmean2": 3.77350728442e-09,
        "dvar": 4.93864007463e-18,
        "dvar2": 1.22118824501e-17,
        "max": 1.24362953928e-29,
        "mean": -8.47753423017e-09,
        "median": -7.95972621148e-09,
        "min": -2.25072103177e-08,
        "var": 8.65300734774e-18
    },
    "spectral_energy": {
        "dmean": 0.00923116412014,
        "dmean2": 0.014669300057,
        "dvar": 7.20961324987e-05,
        "dvar2": 0.000176483037649,
        "max": 0.0879714041948,
        "mean": 0.0349885560572,
        "median": 0.033340357244,
        "min": 1.1025050945e-20,
        "var": 0.000133712033858
    },
    "spectral_energyband_high": {
        "dmean": 0.00091732427245,
        "dmean2": 0.00147945480421,
        "dvar": 1.96919177142e-06,
        "dvar2": 4.61906165583e-06,
        "max": 0.00983931310475,
        "mean": 0.0013103884412,
        "median": 0.000765236152802,
        "min": 7.73419365733e-21,
        "var": 2.42707960751e-06
    },
    "spectral_energyband_low": {
        "dmean": 0.00740032736212,
        "dmean2": 0.0124130537733,
        "dvar": 6.81133460603e-05,
        "dvar2": 0.000179865412065,
        "max": 0.0717919543386,
        "mean": 0.0112705919892,
        "median": 0.00886597856879,
        "min": 6.52831939535e-23,
        "var": 8.3054532297e-05
    },
    "spectral_energyband_middle_high": {
        "dmean": 0.00312416441739,
        "dmean2": 0.00494618946686,
        "dvar": 9.76287719823e-06,
        "dvar2": 2.53601283475e-05,
        "max": 0.0434407666326,
        "mean": 0.0120436148718,
        "median": 0.0112832803279,
        "min": 1.57863037626e-21,
        "var": 2.90400657832e-05
    },
    "spectral_energyband_middle_low": {
        "dmean": 0.00464806566015,
        "dmean2": 0.00747686251998,
        "dvar": 2.14499123103e-05,
        "dvar2": 5.46359260625e-05,
        "max": 0.0521703995764,
        "mean": 0.0130350217223,
        "median": 0.0118579221889,
        "min": 2.99082715641e-22,
        "var": 3.69130793842e-05
    },
    "spectral_entropy": {
        "dmean": 0.139889642596,
        "dmean2": 0.204415440559,
        "dvar": 0.0176702085882,
        "dvar2": 0.0316758267581,
        "max": 9.78638553619,
        "mean": 7.74062728882,
        "median": 7.72562503815,
        "min": 6.95985507965,
        "var": 0.0466132164001
    },
    "spectral_flux": {
        "dmean": 0.0213385224342,
        "dmean2": 0.0340124182403,
        "dvar": 0.000358380115358,
        "dvar2": 0.000864196685143,
        "max": 0.240329027176,
        "mean": 0.10872233659,
        "median": 0.104609400034,
        "min": 1.0500024461e-10,
        "var": 0.000703454774339
    },
    "spectral_kurtosis": {
        "dmean": 1.89831578732,
        "dmean2": 3.23513174057,
        "dvar": 3.41132974625,
        "dvar2": 9.35589122772,
        "max": 16.047088623,
        "mean": 3.08821988106,
        "median": 2.48749637604,
        "min": -1.164083004,
        "var": 5.08331823349
    },
    "spectral_rms": {
        "dmean": 0.000757714791689,
        "dmean2": 0.00119646114763,
        "dvar": 4.17421290422e-07,
        "dvar2": 9.90626858766e-07,
        "max": 0.00926421955228,
        "mean": 0.00576369371265,
        "median": 0.00570326019078,
        "min": 3.27965671114e-12,
        "var": 9.15050520689e-07
    },
    "spectral_rolloff": {
        "dmean": 603.053039551,
        "dmean2": 1003.47686768,
        "dvar": 629845.5,
        "dvar2": 1400609.5,
        "max": 19336.8164062,
        "mean": 1986.31958008,
        "median": 1851.85546875,
        "min": 193.798828125,
        "var": 939947.3125
    },
    "spectral_skewness": {
        "dmean": 0.228462666273,
        "dmean2": 0.37636500597,
        "dvar": 0.0415002629161,
        "dvar2": 0.10713404417,
        "max": 2.88652205467,
        "mean": 1.0609896183,
        "median": 1.03532099724,
        "min": 0.0364215038717,
        "var": 0.0943251252174
    },
    "spectral_spread": {
        "dmean": 517765.875,
        "dmean2": 738045.4375,
        "dvar": 573362995200,
        "dvar2": 545464156160,
        "max": 39973488,
        "mean": 3292594.25,
        "median": 3170293,
        "min": 1760574.5,
        "var": 1.42593779302e+12
    },
    "spectral_strongpeak": {
        "dmean": 0.859975636005,
        "dmean2": 1.53431785107,
        "dvar": 2.18431782722,
        "dvar2": 5.68507242203,
        "max": 14.1435146332,
        "mean": 0.992010653019,
        "median": 0.433832854033,
        "min": 6.98580038261e-09,
        "var": 2.40244841576
    },
    "zerocrossingrate": {
        "dmean": 0.0103102847934,
        "dmean2": 0.0128693208098,
        "dvar": 0.000199688074645,
        "dvar2": 0.000273522397038,
        "max": 0.5009765625,
        "mean": 0.0647821649909,
        "median": 0.0625,
        "min": 0.01416015625,
        "var": 0.000442156888312
    },
    "barkbands": {
        "dmean": [2.49222957791e-05, 0.00235549360514, 0.00478221988305, 0.00324551295489, 0.00193146558013, 0.000883113301825, 0.000542332127225, 0.000422966812039, 0.000589230447076, 0.000700310920365, 0.0012732045725, 0.000860549916979, 0.000500164285768, 0.000355236436008, 0.00107886211481, 0.00078878889326, 0.000416522176238, 0.00027032327489, 0.000432909640949, 0.000217420136323, 0.000342754938174, 0.000353545561666, 0.000134527974296, 4.24564168497e-05, 1.18657708299e-05, 1.29891282086e-06, 1.65365658944e-08],
        "dmean2": [4.36209811596e-05, 0.00408199615777, 0.0079701654613, 0.005377960857, 0.00330600468442, 0.00147916271817, 0.000919032958336, 0.000692868605256, 0.000934629701078, 0.00115577958059, 0.00201759883203, 0.00142850016709, 0.000816554704215, 0.000587806862313, 0.0017286328366, 0.00125390372705, 0.000687582592946, 0.000445169018349, 0.000708902603947, 0.00036159506999, 0.000560865737498, 0.000570553005673, 0.000220833069761, 6.68207139825e-05, 1.92410352611e-05, 2.1331491098e-06, 3.02048732692e-08],
        "dvar": [2.49315323941e-09, 8.14211216493e-06, 3.30207440129e-05, 1.83021365956e-05, 4.67381414637e-06, 8.47629394229e-07, 3.16641575182e-07, 2.25182034796e-07, 6.6910553187e-07, 6.51332015877e-07, 4.1807247726e-06, 2.64249047177e-06, 1.53407052039e-06, 2.05019588861e-07, 2.7891355785e-06, 2.1340447347e-06, 3.67636403098e-07, 1.4429687667e-07, 4.56270612403e-07, 1.36412310781e-07, 2.39464782226e-07, 2.68063615749e-07, 4.6103476592e-08, 4.3065848665e-09, 5.23910248518e-10, 9.58546783614e-12, 2.0099221512e-15],
        "dvar2": [6.74323175076e-09, 2.26602351177e-05, 8.57366467244e-05, 4.71912499052e-05, 1.23315230667e-05, 2.26869042308e-06, 8.97685822565e-07, 6.05171749157e-07, 1.50365951868e-06, 1.77196091045e-06, 1.0585164091e-05, 7.40978384783e-06, 3.55738711733e-06, 4.99298096202e-07, 7.2059347076e-06, 4.63608648715e-06, 8.77576781022e-07, 3.70091868263e-07, 1.24724238049e-06, 3.61300465102e-07, 5.83451253533e-07, 6.17902003341e-07, 1.08541293287e-07, 9.58046264543e-09, 1.22913124123e-09, 2.19804868751e-11, 5.67275837171e-15],
        "max": [0.000629649264738, 0.0362145900726, 0.053054921329, 0.0450704917312, 0.0210169497877, 0.0114256227389, 0.00658593932167, 0.00556187983602, 0.0143454354256, 0.0101161710918, 0.0226245913655, 0.0278563108295, 0.0269343983382, 0.00789064355195, 0.0267460010946, 0.0371813997626, 0.0125667518005, 0.00656655617058, 0.00944322813302, 0.00317188748159, 0.00407854001969, 0.00446613086388, 0.00147142610513, 0.00043631735025, 0.000196567125386, 2.75956645055e-05, 6.24005963346e-07],
        "mean": [2.49831919064e-05, 0.00301355030388, 0.00588862784207, 0.00458318181336, 0.00301555660553, 0.00167210574728, 0.00107923464384, 0.000750490056816, 0.00131247495301, 0.00125217426103, 0.00222006626427, 0.00148976559285, 0.000850162701681, 0.000647063774522, 0.00193700171076, 0.00146249250975, 0.000895579229109, 0.000574997684453, 0.000834091100842, 0.000346209009876, 0.000503511459101, 0.000427521037636, 0.000153127330123, 4.30596301157e-05, 1.03290922198e-05, 1.21347432014e-06, 1.25247332505e-08],
        "median": [8.48972103995e-06, 0.00185125647113, 0.00388339627534, 0.00296754250303, 0.00221638870426, 0.00127515662462, 0.000873161538038, 0.000542746041901, 0.000809984339867, 0.000902692787349, 0.00091509782942, 0.000843558111228, 0.000487847923068, 0.000490184465889, 0.00125763728283, 0.000836783612613, 0.000681221077684, 0.000398069707444, 0.000536135863513, 0.000222091577598, 0.000319003447657, 0.000203008297831, 5.69755975448e-05, 1.22645551528e-05, 2.26659108193e-06, 3.73520748553e-07, 1.83418358279e-09],
        "min": [9.44732625681e-23, 9.55767148915e-24, 2.42685358209e-23, 1.23673092548e-23, 6.61167233186e-23, 4.55951127145e-23, 7.06972157658e-23, 1.91499077077e-23, 7.78017412544e-23, 7.09987562691e-23, 5.46487115515e-23, 1.80998151982e-22, 6.9876207201e-23, 7.89125078961e-23, 1.06143721287e-22, 2.18003490828e-22, 1.75470774013e-22, 2.81118270236e-22, 2.31133039299e-22, 2.23619625115e-22, 4.13363669694e-22, 5.97465478156e-22, 8.41153320803e-22, 8.20946263752e-22, 1.25850309834e-21, 1.55874401325e-21, 2.63860215062e-21],
        "var": [2.54809950917e-09, 1.07710839075e-05, 3.82647995139e-05, 2.44790298893e-05, 6.60932573737e-06, 1.88970409454e-06, 6.30673412161e-07, 4.99958446198e-07, 2.51541905527e-06, 1.27378393699e-06, 9.61864861893e-06, 4.60310047856e-06, 2.80346671389e-06, 3.40375635233e-07, 4.79403252029e-06, 5.57224257136e-06, 7.21049559615e-07, 4.00565454584e-07, 8.52024811593e-07, 1.45331327417e-07, 3.06713047848e-07, 3.36604529139e-07, 5.24252428136e-08, 5.09538899962e-09, 4.75353256757e-10, 8.8367160811e-12, 1.28266358021e-15]
    },
    "erbbands": {
        "dmean": [0.0235665310174, 0.730826318264, 4.99525594711, 7.66022872925, 9.05959415436, 5.6893119812, 7.33501386642, 6.24688148499, 8.66253185272, 6.5330696106, 10.8731870651, 14.1717224121, 23.1458091736, 21.3833408356, 49.7372055054, 34.0318984985, 21.1543273926, 17.236333847, 42.6485748291, 50.9006690979, 26.5253620148, 19.2427597046, 14.1960830688, 22.3875007629, 15.2761478424, 10.1803865433, 10.2146129608, 16.9490318298, 13.7041778564, 6.96125268936, 3.69308543205, 1.41252839565, 0.534216940403, 0.200383663177, 0.0532693453133, 0.0116977393627, 0.0013204413699, 0.000128895131638, 8.83570919541e-06, 1.12258057925e-05],
        "dmean2": [0.0388942472637, 1.2651758194, 8.29360103607, 12.7183246613, 15.1032314301, 9.84111690521, 11.8764562607, 10.5686340332, 14.6337327957, 10.6936302185, 17.9653434753, 22.1899776459, 38.2363166809, 33.9159507751, 80.2487945557, 55.929813385, 33.9585494995, 28.2798137665, 67.607208252, 82.1323547363, 43.1018371582, 31.5030612946, 23.6895866394, 36.5673027039, 25.0123958588, 17.0904273987, 16.175661087, 28.3227939606, 22.1378326416, 11.4210748672, 6.00588274002, 2.31368160248, 0.848308026791, 0.325184613466, 0.0849991738796, 0.0191005058587, 0.0021940888837, 0.000222252827371, 1.36845783345e-05, 1.75647110154e-05],
        "dvar": [0.00107170525007, 0.769159317017, 35.1539421082, 79.9978637695, 109.72164917, 42.5225372314, 82.8339996338, 44.0602760315, 84.8391265869, 52.1171569824, 170.861801147, 450.089508057, 793.133605957, 723.818359375, 6332.47119141, 3806.90576172, 2122.32006836, 585.251586914, 4036.68676758, 7947.19140625, 1650.14343262, 579.905761719, 379.807647705, 1428.71020508, 506.775726318, 370.776184082, 205.241500854, 630.261657715, 401.040649414, 124.422706604, 33.6322975159, 4.94227600098, 0.723371863365, 0.129219993949, 0.00971890985966, 0.000730230938643, 8.94618005987e-06, 9.49964800157e-08, 1.22732421448e-10, 9.5561440705e-11],
        "dvar2": [0.00267301360145, 2.10452771187, 87.9599533081, 205.379623413, 285.108917236, 112.994667053, 204.976501465, 119.23626709, 245.654571533, 137.313690186, 460.901306152, 972.484558105, 2106.17431641, 1914.70837402, 17271.0429688, 10006.7294922, 4609.40136719, 1426.0657959, 9916.046875, 19520.6269531, 3667.05249023, 1376.47546387, 967.790161133, 4026.43139648, 1288.40075684, 1020.22424316, 489.656219482, 1604.35852051, 942.243408203, 275.463104248, 80.588760376, 11.7354793549, 1.59589350224, 0.306833088398, 0.0209175348282, 0.00162814382929, 2.09930385608e-05, 2.49239803907e-07, 2.93744334412e-10, 2.22400806105e-10],
        "max": [0.370193719864, 10.2946653366, 51.7878456116, 83.8544692993, 89.545539856, 76.1504745483, 164.201858521, 86.0919952393, 107.472694397, 87.1230392456, 152.229064941, 399.622406006, 360.731384277, 434.964569092, 1070.88427734, 987.661132812, 1261.52246094, 361.530548096, 1106.16992188, 2260.41552734, 805.43347168, 447.269134521, 357.11529541, 586.875183105, 213.120254517, 172.911575317, 131.189224243, 175.540313721, 187.46434021, 72.5641860962, 36.7320976257, 16.2569026947, 5.95674562454, 3.13795208931, 0.731537818909, 0.25959610939, 0.0285831000656, 0.0038072981406, 0.000129970270791, 0.000100003169791],
        "mean": [0.03368447721, 0.942557156086, 6.32144975662, 11.3544454575, 13.583158493, 8.3856086731, 12.6998548508, 11.763463974, 16.419084549, 13.4319210052, 20.7277622223, 32.7196121216, 41.9809913635, 43.8032073975, 89.0333786011, 62.0792198181, 40.8539085388, 35.0780563354, 81.4089584351, 101.002464294, 60.7260169983, 47.4589920044, 34.7689857483, 45.0343170166, 29.3764362335, 16.45337677, 17.6086235046, 21.7027854919, 17.3963413239, 7.79779291153, 4.01667118073, 1.48420107365, 0.527211248875, 0.172681942582, 0.0493058860302, 0.0106687685475, 0.00143189099617, 0.000134762449306, 2.55539707723e-05, 4.35781439592e-05],
        "median": [0.0161731559783, 0.604452192783, 4.12683486938, 8.42890548706, 10.1420402527, 5.87602615356, 7.97217130661, 9.35372924805, 13.0456371307, 10.5210342407, 14.7619256973, 19.1920528412, 30.168680191, 30.3353366852, 49.5093307495, 35.6887931824, 25.9562740326, 25.2681255341, 55.5217590332, 61.7890472412, 42.9830856323, 37.2244186401, 25.469291687, 25.1704006195, 20.6824626923, 10.6447658539, 10.4428377151, 11.6191511154, 8.63803768158, 2.61423993111, 1.60804450512, 0.513124525547, 0.135799556971, 0.0340305864811, 0.0124220568687, 0.00259077572264, 0.000637122255284, 5.23745038663e-05, 2.22348808165e-05, 4.16351904278e-05],
        "min": [3.85533818161e-22, 3.1319035066e-21, 2.6838232019e-20, 3.14038214827e-20, 1.81263512673e-19, 1.68854924606e-19, 1.20336025391e-19, 6.02124361718e-19, 1.08976806403e-18, 5.82913247088e-19, 5.35458877623e-19, 2.03198675232e-18, 1.88821552403e-18, 2.93119659826e-18, 2.14831750457e-18, 8.25365116545e-18, 3.52834179798e-18, 4.70273519496e-18, 6.13602619751e-18, 9.30681255826e-18, 9.72121763744e-18, 7.90871685001e-18, 1.29520659961e-17, 1.31255514131e-17, 1.36159834896e-17, 1.11532682827e-17, 9.489245588e-18, 1.99530141623e-17, 2.05807946164e-17, 2.96898448339e-17, 2.0064642186e-17, 1.82231958674e-17, 1.50298882737e-17, 1.39373233052e-17, 7.55331290956e-18, 6.23874920829e-18, 2.56853538871e-18, 1.32294562582e-18, 3.0460938982e-19, 3.97201338026e-20],
        "var": [0.00171380850952, 0.98338508606, 42.7436943054, 101.534591675, 143.314224243, 59.2915153503, 190.443267822, 83.7529602051, 160.019470215, 104.970817566, 370.407501221, 1814.93664551, 1475.80895996, 1635.36816406, 12264.6015625, 6891.07861328, 4906.57080078, 1273.47973633, 6875.87988281, 19890.96875, 3993.87280273, 1486.09619141, 1173.31433105, 3417.64306641, 689.055786133, 355.997070312, 344.320495605, 728.735168457, 515.03125, 146.698532104, 35.7259101868, 5.42786073685, 0.813715338707, 0.118358045816, 0.00993169378489, 0.000690250832122, 8.1599882833e-06, 7.25537958601e-08, 1.54230239691e-10, 1.95016142124e-10]
    },
    "gfcc": {
        "mean": [29.2901821136, 125.068824768, -164.124237061, 53.2877960205, -57.520942688, 13.4739751816, -27.2786998749, -7.6932888031, -14.8871049881, -14.3956041336, -16.8084506989, -9.4890422821, -6.32668495178],
        "cov": [[1685.52087402, -380.314331055, -9.08412647247, 223.876907349, -249.488647461, 161.412826538, -68.8612136841, 23.2104816437, -86.4758682251, 24.7324581146, -68.9012832642, 7.10504388809, -44.3535919189], [-380.314331055, 677.780456543, -63.439491272, -144.441894531, 272.118041992, -131.793212891, 77.2900695801, -59.4655723572, 86.3523330688, -55.9126701355, 83.1559677124, -25.6816082001, 62.8078613281], [-9.08412647247, -63.439491272, 202.659683228, 47.299446106, -15.3965396881, 44.8180389404, -18.7093658447, 31.1421127319, -6.63360404968, 22.5617237091, -13.1494102478, 23.9615955353, -17.8369464874], [223.876907349, -144.441894531, 47.299446106, 153.307357788, -49.8986129761, 40.2969703674, -43.1072769165, 7.17929077148, -3.82104325294, -7.24364709854, -6.40442085266, -17.3450775146, -3.40140271187], [-249.488647461, 272.118041992, -15.3965396881, -49.8986129761, 206.770736694, -58.9495391846, 32.6232833862, -1.42494499683, 22.041053772, -10.1296138763, 31.0149288177, -6.92107248306, 22.4982719421], [161.412826538, -131.793212891, 44.8180389404, 40.2969703674, -58.9495391846, 129.654876709, 9.92663478851, 2.12915444374, -13.0134601593, -0.672849476337, -10.2428340912, -6.23247098923, -5.96884012222], [-68.8612136841, 77.2900695801, -18.7093658447, -43.1072769165, 32.6232833862, 9.92663478851, 128.653961182, 15.8576183319, 22.9225749969, 2.96304345131, -4.52723121643, 20.7599391937, -6.57117462158], [23.2104816437, -59.4655723572, 31.1421127319, 7.17929077148, -1.42494499683, 2.12915444374, 15.8576183319, 81.8099441528, 1.40906298161, 20.2153205872, -12.3964490891, 17.9428825378, -10.750702858], [-86.4758682251, 86.3523330688, -6.63360404968, -3.82104325294, 22.041053772, -13.0134601593, 22.9225749969, 1.40906298161, 75.3043518066, 5.38479375839, 2.82520031929, -4.27505970001, 5.94501972198], [24.7324581146, -55.9126701355, 22.5617237091, -7.24364709854, -10.1296138763, -0.672849476337, 2.96304345131, 20.2153205872, 5.38479375839, 67.9468002319, -2.41456913948, 19.0513153076, -10.4078674316], [-68.9012832642, 83.1559677124, -13.1494102478, -6.40442085266, 31.0149288177, -10.2428340912, -4.52723121643, -12.3964490891, 2.82520031929, -2.41456913948, 60.8391113281, 4.82873916626, 16.2466640472], [7.10504388809, -25.6816082001, 23.9615955353, -17.3450775146, -6.92107248306, -6.23247098923, 20.7599391937, 17.9428825378, -4.27505970001, 19.0513153076, 4.82873916626, 71.1827011108, -2.16636323929], [-44.3535919189, 62.8078613281, -17.8369464874, -3.40140271187, 22.4982719421, -5.96884012222, -6.57117462158, -10.750702858, 5.94501972198, -10.4078674316, 16.2466640472, -2.16636323929, 57.5723266602]],
        "icov": [[0.00161425152328, -0.00296781677753, 0.00227283244021, -0.003842437407, 0.00280746584758, -0.00286862719804, 0.00139775895514, -0.0014812144218, 0.00336594693363, -0.00271402392536, 0.00334739079699, -0.00219612568617, 0.00158143229783], [-0.00296781677753, 0.0149266179651, -0.0071107330732, 0.0123597048223, -0.0120520191267, 0.010166304186, -0.00604109279811, 0.00700890645385, -0.0128764882684, 0.0109175350517, -0.0130481133237, 0.00779588054866, -0.00638145441189], [0.00227283244021, -0.0071107330732, 0.0109963836148, -0.00865134689957, 0.00465680100024, -0.00822215154767, 0.00495305471122, -0.00486201187596, 0.00647785048932, -0.00684306304902, 0.00806532800198, -0.00726451445371, 0.00493395328522], [-0.003842437407, 0.0123597048223, -0.00865134689957, 0.0211063064635, -0.00905592739582, 0.00775378895923, -0.00269757164642, 0.00443955371156, -0.0129122221842, 0.0113260466605, -0.0124053545296, 0.00922265835106, -0.00578473228961], [0.00280746584758, -0.0120520191267, 0.00465680100024, -0.00905592739582, 0.0171491224319, -0.00530800176784, 0.00268901116215, -0.00632468936965, 0.0101619567722, -0.00808373373002, 0.00763363204896, -0.0040342672728, 0.00327590852976], [-0.00286862719804, 0.010166304186, -0.00822215154767, 0.00775378895923, -0.00530800176784, 0.018792077899, -0.00793511699885, 0.00557983061299, -0.00741224503145, 0.0079743694514, -0.0101504316553, 0.00857977662235, -0.00583701534197], [0.00139775895514, -0.00604109279811, 0.00495305471122, -0.00269757164642, 0.00268901116215, -0.00793511699885, 0.013924613595, -0.00478115817532, 0.00171010056511, -0.00338787748478, 0.00705898273736, -0.00725581031293, 0.00481140008196], [-0.0014812144218, 0.00700890645385, -0.00486201187596, 0.00443955371156, -0.00632468936965, 0.00557983061299, -0.00478115817532, 0.0184063445777, -0.00577380042523, 0.00186996674165, -0.00348029984161, 0.0013475746382, -0.0021229123231], [0.00336594693363, -0.0128764882684, 0.00647785048932, -0.0129122221842, 0.0101619567722, -0.00741224503145, 0.00171010056511, -0.00577380042523, 0.0270065758377, -0.0120476102456, 0.0116013856605, -0.00483656628057, 0.00383954891004], [-0.00271402392536, 0.0109175350517, -0.00684306304902, 0.0113260466605, -0.00808373373002, 0.0079743694514, -0.00338787748478, 0.00186996674165, -0.0120476102456, 0.0260961260647, -0.0106542641297, 0.00264271418564, -0.00243624183349], [0.00334739079699, -0.0130481133237, 0.00806532800198, -0.0124053545296, 0.00763363204896, -0.0101504316553, 0.00705898273736, -0.00348029984161, 0.0116013856605, -0.0106542641297, 0.0320299081504, -0.0106669152156, 0.00213561276905], [-0.00219612568617, 0.00779588054866, -0.00726451445371, 0.00922265835106, -0.0040342672728, 0.00857977662235, -0.00725581031293, 0.0013475746382, -0.00483656628057, 0.00264271418564, -0.0106669152156, 0.0234775859863, -0.00514223845676], [0.00158143229783, -0.00638145441189, 0.00493395328522, -0.00578473228961, 0.00327590852976, -0.00583701534197, 0.00481140008196, -0.0021229123231, 0.00383954891004, -0.00243624183349, 0.00213561276905, -0.00514223845676, 0.0233707875013]]
    },
    "melbands": {
        "dmean": [0.000409418367781, 0.00198846985586, 0.00130289664958, 0.000501985894516, 0.000224005460041, 0.000147740254761, 0.000124160127598, 6.96108181728e-05, 9.76575756795e-05, 8.62698361743e-05, 0.000117093732115, 8.12001017039e-05, 0.000191716841073, 9.83342324616e-05, 7.21761389286e-05, 4.27029517596e-05, 3.30073889927e-05, 6.12261501374e-05, 8.41104192659e-05, 7.28276427253e-05, 2.87084294541e-05, 2.36312316702e-05, 2.01325237867e-05, 1.11688295874e-05, 2.10401303775e-05, 1.51589147208e-05, 8.50728611113e-06, 6.79027334627e-06, 6.48511286272e-06, 8.04077353678e-06, 1.04105592982e-05, 8.32247678773e-06, 5.88827106185e-06, 3.14132853418e-06, 2.29392662732e-06, 1.35670882173e-06, 6.84353153702e-07, 3.90109192949e-07, 2.77462902432e-07, 1.39464688687e-07],
        "dmean2": [0.000702545337845, 0.00334458076395, 0.00213297549635, 0.000841735571157, 0.000362809485523, 0.000249671313213, 0.0002087916655, 0.000113962087198, 0.000160910436534, 0.000135753376526, 0.000193899380974, 0.000128866871819, 0.000303947948851, 0.000163027754752, 0.000116404225992, 6.87598294462e-05, 5.42891793884e-05, 9.78739262791e-05, 0.000136122864205, 0.000117282412248, 4.67380232294e-05, 3.82697216992e-05, 3.36259436153e-05, 1.87848800124e-05, 3.44387408404e-05, 2.48676260526e-05, 1.42331491588e-05, 1.15615748655e-05, 1.04555920188e-05, 1.31863962451e-05, 1.7452341126e-05, 1.34000183607e-05, 9.58815962804e-06, 5.17049420523e-06, 3.75278409592e-06, 2.24078939937e-06, 1.12261875529e-06, 6.19804836788e-07, 4.61137744878e-07, 2.28236444855e-07],
        "dvar": [2.56801769183e-07, 5.66307971894e-06, 2.2901012926e-06, 3.15632064485e-07, 7.01241944512e-08, 2.31079706481e-08, 1.68791398636e-08, 5.75486280852e-09, 1.42919853729e-08, 1.49138976724e-08, 2.01203729233e-08, 9.98406246566e-09, 9.48067508943e-08, 3.38677530465e-08, 2.91194286461e-08, 1.00071986253e-08, 2.07383066275e-09, 7.974035654e-09, 2.09078123703e-08, 1.97227052467e-08, 1.71160197127e-09, 9.5842378478e-10, 1.19616716532e-09, 3.13369580285e-10, 1.34335176316e-09, 5.61687696354e-10, 1.48037540559e-10, 1.81684348122e-10, 7.73531030895e-11, 1.70429795276e-10, 2.10232720121e-10, 1.57256790922e-10, 8.92036722266e-11, 2.63628355257e-11, 1.33794243046e-11, 4.58501205752e-12, 1.15046156195e-12, 3.78181047676e-13, 2.62983970538e-13, 6.78919133369e-14],
        "dvar2": [7.07013725787e-07, 1.43941415445e-05, 5.80414507567e-06, 8.44722080728e-07, 1.72356138251e-07, 6.31657499639e-08, 4.86125983912e-08, 1.51770578327e-08, 3.82276645894e-08, 3.24780273786e-08, 5.35030721949e-08, 2.70539821656e-08, 2.39224789311e-07, 9.82558105989e-08, 6.58826806443e-08, 2.28127010615e-08, 5.03189845347e-09, 1.94090024053e-08, 5.27669854478e-08, 4.44491057294e-08, 3.59687990503e-09, 2.15354489796e-09, 3.0584357269e-09, 9.17395992506e-10, 3.80323683657e-09, 1.46802647816e-09, 3.80934561672e-10, 5.04978225901e-10, 1.90441606929e-10, 4.15717876789e-10, 5.3677323697e-10, 3.72340241972e-10, 2.04784175728e-10, 6.16983339419e-11, 3.24433258037e-11, 1.12103737751e-11, 2.6798368212e-12, 7.98872090441e-13, 6.66777939286e-13, 1.60528274701e-13],
        "max": [0.00687766401097, 0.020186200738, 0.0150861861184, 0.00533078890294, 0.0045288996771, 0.00201828451827, 0.00154280581046, 0.00105327460915, 0.00153592717834, 0.00217532622628, 0.0018400385743, 0.00160717521794, 0.00358235579915, 0.00397412991151, 0.00398835120723, 0.00359984580427, 0.000632745155599, 0.00165056064725, 0.00203911191784, 0.0032588087488, 0.00087809964316, 0.000507060438395, 0.000918504432775, 0.000354512041667, 0.000542173162103, 0.000274074991466, 9.46590444073e-05, 0.000124310477986, 0.000118389369163, 8.95685006981e-05, 9.74875147222e-05, 0.000139387993841, 5.54702528461e-05, 3.37190758728e-05, 2.24175328185e-05, 1.63550794241e-05, 7.35638332117e-06, 4.88039313495e-06, 2.86635258817e-06, 2.71324711321e-06],
        "mean": [0.000553617777769, 0.00259069656022, 0.00213109934703, 0.000769268954173, 0.000409894419136, 0.000283102563117, 0.000243785791099, 0.00014052829647, 0.000190481747268, 0.000194848980755, 0.000205874064704, 0.000159583112691, 0.000333579868311, 0.000175631037564, 0.000124738930026, 7.76394153945e-05, 5.93121840211e-05, 0.000112206689664, 0.000148611448822, 0.000127501043607, 5.99643572059e-05, 5.06284122821e-05, 4.15987487941e-05, 2.3915867132e-05, 3.91307403333e-05, 2.66658480541e-05, 1.42770231832e-05, 9.79869128059e-06, 1.12795723908e-05, 1.06198049252e-05, 1.28874025904e-05, 1.06659954326e-05, 6.49499861538e-06, 3.42023508892e-06, 2.43489694185e-06, 1.4772023178e-06, 6.85135205458e-07, 3.93349097294e-07, 2.24240963576e-07, 1.18790332237e-07],
        "median": [0.000319033511914, 0.00171110848896, 0.00165321538225, 0.000584608176723, 0.000279023661278, 0.000226914446102, 0.000192901468836, 0.000110040513391, 0.000126924001961, 0.000121070923342, 0.000145250684, 0.000110629967821, 0.000148477425682, 0.000105339146103, 7.51593906898e-05, 4.67643840238e-05, 4.18663148594e-05, 7.68239988247e-05, 9.00265731616e-05, 7.00444434187e-05, 4.35433830717e-05, 3.89571177948e-05, 3.08631570078e-05, 1.47289747474e-05, 2.08358251257e-05, 1.79344569915e-05, 9.81397352007e-06, 5.7947336245e-06, 6.25132906862e-06, 5.56315308131e-06, 6.90875185683e-06, 5.52749133931e-06, 2.54156634583e-06, 9.89467480395e-07, 9.78515686256e-07, 6.27495353456e-07, 1.91284755147e-07, 1.02630522747e-07, 4.44647234588e-08, 2.33558878904e-08],
        "min": [7.12802407728e-24, 1.02567426684e-23, 9.54062262726e-24, 1.44933832688e-23, 4.90406977986e-24, 1.1852407909e-23, 1.67716167185e-23, 5.3664183954e-24, 4.46931867423e-24, 1.32105147877e-23, 8.9139870229e-24, 1.20821415595e-23, 6.88896135767e-24, 1.52880754338e-23, 1.73436860252e-23, 7.14668615971e-24, 8.48741916587e-24, 9.09164796508e-24, 7.94344514031e-24, 1.77083369786e-23, 1.10612853396e-23, 9.19001339794e-24, 8.03444734548e-24, 1.43373923357e-23, 9.98939218561e-24, 9.70371883056e-24, 8.52663344147e-24, 7.52961028716e-24, 3.73946338143e-24, 1.12423320728e-23, 1.08367494935e-23, 9.93744411728e-24, 1.45147203785e-23, 1.85278104201e-23, 1.04900293485e-23, 1.32990447028e-23, 9.58066205137e-24, 9.39251872547e-24, 1.35157889697e-23, 1.12887273492e-23],
        "var": [3.70289825469e-07, 6.89947091814e-06, 3.10854125019e-06, 4.08487011327e-07, 1.65330945379e-07, 4.72344723335e-08, 3.37078702728e-08, 1.1948787737e-08, 3.65442645034e-08, 5.65629321159e-08, 3.78169886517e-08, 2.1417331908e-08, 2.12335322658e-07, 6.65674519951e-08, 4.91030398564e-08, 2.72405138446e-08, 3.92938881433e-09, 1.34475968139e-08, 3.68713770627e-08, 4.63812916962e-08, 4.53390036625e-09, 2.16944995302e-09, 2.13665907189e-09, 8.26999302372e-10, 3.01132652147e-09, 7.14699077697e-10, 1.82771159318e-10, 1.6504368705e-10, 1.54966497967e-10, 1.90597371219e-10, 2.53791654359e-10, 2.00458968869e-10, 9.95389812242e-11, 3.03581257355e-11, 1.37060493163e-11, 4.82800995363e-12, 1.29328557412e-12, 4.50253956298e-13, 2.18176049601e-13, 6.11418874514e-14]
    },
    "mfcc": {
        "mean": [-588.789550781, 130.761657715, -33.2005844116, 34.7681159973, -5.97439622879, 20.0738296509, -7.50592660904, 11.1088123322, 0.306365579367, 0.199451267719, -7.35900354385, -5.61070728302, -3.18367910385],
        "cov": [[1017.12634277, -580.073547363, 218.932937622, -16.4391899109, -83.7714080811, 58.0951957703, 8.7319393158, -0.655520141125, 3.5998313427, -16.4779129028, 6.43036413193, -14.2966365814, -31.2462005615], [-580.073547363, 851.541931152, -282.928222656, 53.6334342957, 93.4930343628, -26.2669372559, 20.6599330902, 15.06569767, 0.699662804604, 22.0896682739, -22.1301708221, 24.6499462128, 35.1945266724], [218.932937622, -282.928222656, 279.045257568, -23.8079738617, -3.92614936829, 32.1744918823, -6.80578374863, 6.1602396965, 5.15022134781, 0.348994255066, 14.6587276459, -15.2837438583, -1.04907870293], [-16.4391899109, 53.6334342957, -23.8079738617, 112.209663391, 33.7908592224, -18.7838859558, -8.84747123718, 6.86106443405, -0.597751140594, 6.74497652054, 3.26344490051, 12.5393238068, -6.74697303772], [-83.7714080811, 93.4930343628, -3.92614936829, 33.7908592224, 133.280197144, -7.88898849487, 5.91093921661, -12.8661260605, -17.7537326813, 1.49985718727, -17.1896591187, 7.35580205917, 4.54970788956], [58.0951957703, -26.2669372559, 32.1744918823, -18.7838859558, -7.88898849487, 84.8484725952, 10.6834726334, 8.11077594757, 4.68904924393, 8.39676761627, 0.828738629818, -3.45591115952, 3.23121976852], [8.7319393158, 20.6599330902, -6.80578374863, -8.84747123718, 5.91093921661, 10.6834726334, 80.2567062378, 14.0922384262, 6.35989999771, -4.58355855942, 2.38973903656, 2.63187861443, 5.41640806198], [-0.655520141125, 15.06569767, 6.1602396965, 6.86106443405, -12.8661260605, 8.11077594757, 14.0922384262, 77.0269470215, 15.9213724136, 2.62432718277, 7.92950487137, 9.50272274017, -2.63655257225], [3.5998313427, 0.699662804604, 5.15022134781, -0.597751140594, -17.7537326813, 4.68904924393, 6.35989999771, 15.9213724136, 74.6825637817, 12.3014726639, 11.9940948486, -6.80215597153, 5.1910700798], [-16.4779129028, 22.0896682739, 0.348994255066, 6.74497652054, 1.49985718727, 8.39676761627, -4.58355855942, 2.62432718277, 12.3014726639, 64.0897750854, 12.4751625061, -5.60710811615, -2.76227521896], [6.43036413193, -22.1301708221, 14.6587276459, 3.26344490051, -17.1896591187, 0.828738629818, 2.38973903656, 7.92950487137, 11.9940948486, 12.4751625061, 52.4159126282, 12.4931097031, -2.93424320221], [-14.2966365814, 24.6499462128, -15.2837438583, 12.5393238068, 7.35580205917, -3.45591115952, 2.63187861443, 9.50272274017, -6.80215597153, -5.60710811615, 12.4931097031, 54.9687690735, 6.13514661789], [-31.2462005615, 35.1945266724, -1.04907870293, -6.74697303772, 4.54970788956, 3.23121976852, 5.41640806198, -2.63655257225, 5.1910700798, -2.76227521896, -2.93424320221, 6.13514661789, 42.4761428833]],
