{
"lowlevel": {
    "average_loudness": 0.967752277851,
    "barkbands_crest": {
        "dmean": 2.42345499992,
        "dmean2": 4.05334091187,
        "dvar": 4.35369920731,
        "dvar2": 12.4648637772,
        "max": 23.7920780182,
        "mean": 11.2228984833,
        "median": 10.9944286346,
        "min": 2.74472784996,
        "var": 10.4606046677
    },
    "barkbands_flatness_db": {
        "dmean": 0.027242789045,
        "dmean2": 0.046264924109,
        "dvar": 0.000555822858587,
        "dvar2": 0.00178519508336,
        "max": 0.312645554543,
        "mean": 0.167172923684,
        "median": 0.166321471334,
        "min": 0.0382830686867,
        "var": 0.00170626014005
    },
    "barkbands_kurtosis": {
        "dmean": 5.76705551147,
        "dmean2": 10.173075676,
        "dvar": 68.8061904907,
        "dvar2": 220.281616211,
        "max": 94.9723205566,
        "mean": 8.8859910965,
        "median": 5.21310043335,
        "min": -1.68521511555,
        "var": 119.094497681
    },
    "barkbands_skewness": {
        "dmean": 0.759558916092,
        "dmean2": 1.29082238674,
        "dvar": 0.526232361794,
        "dvar2": 1.62360429764,
        "max": 8.30434608459,
        "mean": 2.37297105789,
        "median": 2.13828277588,
        "min": -1.6651417017,
        "var": 1.62729752064
    },
    "barkbands_spread": {
        "dmean": 4.90583896637,
        "dmean2": 7.951151371,
        "dvar": 34.3817672729,
        "dvar2": 83.9053039551,
        "max": 84.1422729492,
        "mean": 14.5099143982,
        "median": 12.5249633789,
        "min": 1.71865558624,
        "var": 92.168800354
    },
    "dissonance": {
        "dmean": 0.0206633638591,
        "dmean2": 0.0351564213634,
        "dvar": 0.000341511855368,
        "dvar2": 0.000942378072068,
        "max": 0.499999910593,
        "mean": 0.45567330718,
        "median": 0.460081875324,
        "min": 0.291377305984,
        "var": 0.000709120533429
    },
    "dynamic_complexity": 2.38738036156,
    "erbbands_crest": {
        "dmean": 2.76642036438,
        "dmean2": 4.67191648483,
        "dvar": 5.49408864975,
        "dvar2": 14.8943014145,
        "max": 24.4218730927,
        "mean": 8.67427921295,
        "median": 7.90389919281,
        "min": 2.96042513847,
        "var": 11.9355764389
    },
    "erbbands_flatness_db": {
        "dmean": 0.0158962309361,
        "dmean2": 0.0242407936603,
        "dvar": 0.000173877429916,
        "dvar2": 0.000418085546698,
        "max": 0.259046554565,
        "mean": 0.155395239592,
        "median": 0.156975477934,
        "min": 0.0678046643734,
        "var": 0.0010063018417
    },
    "erbbands_kurtosis": {
        "dmean": 0.764397680759,
        "dmean2": 1.26617538929,
        "dvar": 0.741186857224,
        "dvar2": 2.03022837639,
        "max": 8.65013027191,
        "mean": 0.135876238346,
        "median": -0.215862035751,
        "min": -1.79445636272,
        "var": 1.95056629181
    },
    "erbbands_skewness": {
        "dmean": 0.363873511553,
        "dmean2": 0.578804671764,
        "dvar": 0.0972368791699,
        "dvar2": 0.250470817089,
        "max": 2.62665867805,
        "mean": 0.378759741783,
        "median": 0.340725272894,
        "min": -2.05157637596,
        "var": 0.39927738905
    },
    "erbbands_spread": {
        "dmean": 8.12476730347,
        "dmean2": 12.8914213181,
        "dvar": 61.1346168518,
        "dvar2": 151.308822632,
        "max": 130.050125122,
        "mean": 41.0084495544,
        "median": 38.2630310059,
        "min": 7.95390081406,
        "var": 291.909851074
    },
    "hfc": {
        "dmean": 5.3623623848,
        "dmean2": 8.84368133545,
        "dvar": 102.395355225,
        "dvar2": 284.016052246,
        "max": 112.22744751,
        "mean": 15.1800556183,
        "median": 12.8326816559,
        "min": 1.17400751723e-16,
        "var": 150.37890625
    },
    "melbands_crest": {
        "dmean": 4.26128053665,
        "dmean2": 7.44414901733,
        "dvar": 10.5762825012,
        "dvar2": 33.1508102417,
        "max": 31.1661128998,
        "mean": 18.2839260101,
        "median": 18.1723442078,
        "min": 2.16716217995,
        "var": 28.1125946045
    },
    "melbands_flatness_db": {
        "dmean": 0.0334574878216,
        "dmean2": 0.0564950965345,
        "dvar": 0.000851565331686,
        "dvar2": 0.00257070898078,
        "max": 0.42327028513,
        "mean": 0.260037273169,
        "median": 0.259255558252,
        "min": 0.00780346011743,
        "var": 0.00306437723339
    },
    "melbands_kurtosis": {
        "dmean": 13.6590938568,
        "dmean2": 23.824131012,
        "dvar": 373.527709961,
        "dvar2": 1164.70483398,
        "max": 205.129745483,
        "mean": 23.6443901062,
        "median": 15.0259895325,
        "min": -1.29495084286,
        "var": 653.220947266
    },
    "melbands_skewness": {
        "dmean": 1.04873776436,
        "dmean2": 1.78175771236,
        "dvar": 0.999574661255,
        "dvar2": 3.02959752083,
        "max": 11.5000686646,
        "mean": 3.6383664608,
        "median": 3.26641511917,
        "min": 0.0290939006954,
        "var": 3.10195159912
    },
    "melbands_spread": {
        "dmean": 5.07981300354,
        "dmean2": 8.43542289734,
        "dvar": 52.9672279358,
        "dvar2": 133.393768311,
        "max": 128.845428467,
        "mean": 12.711892128,
        "median": 10.4544372559,
        "min": 1.1213773489,
        "var": 95.4353103638
    },
    "pitch_salience": {
        "dmean": 0.0896481797099,
        "dmean2": 0.156277835369,
        "dvar": 0.00584881287068,
        "dvar2": 0.0180166792125,
        "max": 0.824395298958,
        "mean": 0.476811289787,
        "median": 0.485747814178,
        "min": 0.126716673374,
        "var": 0.0181687045842
    },
    "silence_rate_20dB": {
        "dmean": 0,
        "dmean2": 0,
        "dvar": 0,
        "dvar2": 0,
        "max": 1,
        "mean": 1,
        "median": 1,
        "min": 1,
        "var": 0
    },
    "silence_rate_30dB": {
        "dmean": 0.0237113405019,
        "dmean2": 0.0474471375346,
        "dvar": 0.023149125278,
        "dvar2": 0.0513842441142,
        "max": 1,
        "mean": 0.977846443653,
        "median": 1,
        "min": 0,
        "var": 0.0216627605259
    },
    "silence_rate_60dB": {
        "dmean": 0.00979381427169,
        "dmean2": 0.0195977315307,
        "dvar": 0.00969741214067,
        "dvar2": 0.0233405623585,
        "max": 1,
        "mean": 0.0242143217474,
        "median": 0,
        "min": 0,
        "var": 0.0236289761961
    },
    "spectral_centroid": {
        "dmean": 238.964172363,
        "dmean2": 377.718353271,
        "dvar": 130554.382812,
        "dvar2": 248544.859375,
        "max": 11061.359375,
        "mean": 919.161682129,
        "median": 794.290222168,
        "min": 242.626571655,
        "var": 282441.09375
    },
    "spectral_complexity": {
        "dmean": 3.04484534264,
        "dmean2": 4.85817432404,
        "dvar": 11.7037181854,
        "dvar2": 27.4544887543,
        "max": 47,
        "mean": 16.7320976257,
        "median": 16,
        "min": 0,
        "var": 56.4219818115
    },
    "spectral_decrease": {
        "dmean": 4.4324921511e-09,
        "dmean2": 7.76223085808e-09,
        "dvar": 5.00465347157e-17,
        "dvar2": 1.39921769604e-16,
        "max": -1.33373910693e-28,
        "mean": -9.61297264013e-09,
        "median": -8.42045011495e-09,
        "min": -8.36570777096e-08,
        "var": 5.36649403523e-17
    },
    "spectral_energy": {
        "dmean": 0.0170823670924,
        "dmean2": 0.0298814233392,
        "dvar": 0.000746577396058,
        "dvar2": 0.00208672578447,
        "max": 0.324326723814,
        "mean": 0.03765848279,
        "median": 0.0333534143865,
        "min": 1.11519884339e-20,
        "var": 0.000807812612038
    },
    "spectral_energyband_high": {
        "dmean": 0.000241703979555,
        "dmean2": 0.000386541971238,
        "dvar": 6.45217482997e-07,
        "dvar2": 1.75154491444e-06,
        "max": 0.0103577058762,
        "mean": 0.000361977814464,
        "median": 0.000135641617817,
        "min": 7.77670783276e-21,
        "var": 6.76546051182e-07
    },
    "spectral_energyband_low": {
        "dmean": 0.0108257010579,
        "dmean2": 0.0192608460784,
        "dvar": 0.00013485045929,
        "dvar2": 0.000433701265138,
        "max": 0.0898724421859,
        "mean": 0.0187567435205,
        "median": 0.0154842752963,
        "min": 1.43875758799e-22,
        "var": 0.000182797099114
    },
    "spectral_energyband_middle_high": {
        "dmean": 0.00136699853465,
        "dmean2": 0.00221491139382,
        "dvar": 5.01016211274e-06,
        "dvar2": 1.34063720907e-05,
        "max": 0.031890977174,
        "mean": 0.00379962124862,
        "median": 0.00275124167092,
        "min": 1.84266456986e-21,
        "var": 1.42776398206e-05
    },
    "spectral_energyband_middle_low": {
        "dmean": 0.00933865364641,
        "dmean2": 0.0160957500339,
        "dvar": 0.000639865989797,
        "dvar2": 0.00179400003981,
        "max": 0.272013634443,
        "mean": 0.0163694694638,
        "median": 0.0109522473067,
        "min": 3.87940538119e-22,
        "var": 0.00060616171686
    },
    "spectral_entropy": {
        "dmean": 0.172645166516,
        "dmean2": 0.274381667376,
        "dvar": 0.027004968375,
        "dvar2": 0.0646869689226,
        "max": 9.79834461212,
        "mean": 7.26711416245,
        "median": 7.24599647522,
        "min": 6.21733474731,
        "var": 0.114364050329
    },
    "spectral_flux": {
        "dmean": 0.0288133937865,
        "dmean2": 0.0452459305525,
        "dvar": 0.00150830287021,
        "dvar2": 0.00319106108509,
        "max": 0.481520444155,
        "mean": 0.0959321111441,
        "median": 0.0872628241777,
        "min": 1.05602977751e-10,
        "var": 0.00265433918685
    },
    "spectral_kurtosis": {
        "dmean": 1.93382978439,
        "dmean2": 3.24326896667,
        "dvar": 3.53068184853,
        "dvar2": 10.2576465607,
        "max": 23.3510150909,
        "mean": 5.92931985855,
        "median": 5.53455734253,
        "min": -1.20580101013,
        "var": 10.4906673431
    },
    "spectral_rms": {
        "dmean": 0.00127351551782,
        "dmean2": 0.00220097368583,
        "dvar": 1.92628249351e-06,
        "dvar2": 5.42284578842e-06,
        "max": 0.0177880953997,
        "mean": 0.0057578785345,
        "median": 0.00570437684655,
        "min": 3.29848279766e-12,
        "var": 3.58670422429e-06
    },
    "spectral_rolloff": {
        "dmean": 323.587524414,
        "dmean2": 548.370483398,
        "dvar": 480666.125,
        "dvar2": 954439.125,
        "max": 18927.6855469,
        "mean": 705.2265625,
        "median": 452.197265625,
        "min": 86.1328125,
        "var": 672547
    },
    "spectral_skewness": {
        "dmean": 0.249395549297,
        "dmean2": 0.400355160236,
        "dvar": 0.0497024990618,
        "dvar2": 0.122816517949,
        "max": 3.60356235504,
        "mean": 1.7791301012,
        "median": 1.76353645325,
        "min": 0.000934693205636,
        "var": 0.256282091141
    },
    "spectral_spread": {
        "dmean": 477525.4375,
        "dmean2": 710002.9375,
        "dvar": 599618682880,
        "dvar2": 656875847680,
        "max": 41313564,
        "mean": 3949166.5,
        "median": 3626202,
        "min": 1969037.625,
        "var": 2.17695702221e+12
    },
    "spectral_strongpeak": {
        "dmean": 0.3079226017,
        "dmean2": 0.539433419704,
        "dvar": 0.201727569103,
        "dvar2": 0.55310600996,
        "max": 5.40368509293,
        "mean": 0.587082445621,
        "median": 0.445121616125,
        "min": 0,
        "var": 0.260901153088
    },
    "zerocrossingrate": {
        "dmean": 0.00657971575856,
        "dmean2": 0.00828642770648,
        "dvar": 0.000157472881256,
        "dvar2": 0.00017770715931,
        "max": 0.48828125,
        "mean": 0.0353459268808,
        "median": 0.03173828125,
        "min": 0.0009765625,
        "var": 0.000432287546573
    },
    "barkbands": {
        "dmean": [0.000123116144096, 0.00551144219935, 0.00506538432091, 0.0029138114769, 0.00475636450574, 0.00242846435867, 0.00120140262879, 0.000336322147632, 0.00092054536799, 0.000473781430628, 0.000203741554287, 0.000316028745146, 0.000311969139148, 0.000289039569907, 0.000207313612918, 0.000197574539925, 0.000124980913824, 5.90575400565e-05, 0.000113989503006, 0.000114544403914, 8.57990162331e-05, 5.3166430007e-05, 4.41020420112e-05, 2.76403097814e-05, 1.81052273547e-05, 4.58768545286e-06, 1.31689841965e-06],
        "dmean2": [0.00017530140758, 0.00968184508383, 0.00892916321754, 0.00535259163007, 0.008255738765, 0.00393674895167, 0.00200547650456, 0.000553604855668, 0.00148502702359, 0.000789653917309, 0.000336009252351, 0.000523874652572, 0.000511141377501, 0.000469209655421, 0.000346989370883, 0.000335974618793, 0.00020762704662, 0.000100434292108, 0.000186808640137, 0.000183563010069, 0.00014551570348, 9.11391762202e-05, 6.82271638652e-05, 4.57631067547e-05, 2.87274579023e-05, 7.05950515112e-06, 2.0721272449e-06],
        "dvar": [2.62049670852e-08, 5.00479909533e-05, 3.16629375448e-05, 4.3571311835e-05, 0.000291491858661, 2.38905686274e-05, 3.85343309972e-06, 4.91369405609e-07, 2.65729249804e-06, 1.3141772115e-06, 1.51991471853e-07, 7.7153526945e-07, 3.87074436503e-07, 3.32662011715e-07, 1.82830817153e-07, 2.21040679094e-07, 8.86219950758e-08, 1.9803181317e-08, 7.53234346007e-08, 5.47304033205e-08, 1.22019997661e-07, 3.98277926195e-08, 2.46031088835e-08, 1.02463371121e-08, 2.31799779371e-09, 1.30475311111e-10, 5.56629742299e-12],
        "dvar2": [5.33258273094e-08, 0.000152476946823, 0.000101396115497, 0.000136133807246, 0.000811755715404, 6.25906395726e-05, 1.01163695945e-05, 1.2464554402e-06, 6.67924814479e-06, 3.75093600269e-06, 4.10914424265e-07, 2.1666048724e-06, 9.79547735369e-07, 8.45371914693e-07, 4.6895036121e-07, 6.12992664628e-07, 2.38114438389e-07, 5.38370414915e-08, 2.01338465899e-07, 1.38861992127e-07, 3.40642458241e-07, 1.11858270202e-07, 5.17803577793e-08, 2.79443952422e-08, 6.29166185817e-09, 3.37497224612e-10, 1.34120839435e-11],
        "max": [0.00219346885569, 0.0648777931929, 0.0494122728705, 0.067186050117, 0.189530700445, 0.0599967800081, 0.0270954370499, 0.00958911888301, 0.0390561968088, 0.0196273941547, 0.00550205260515, 0.0273352842778, 0.0124009195715, 0.00840083137155, 0.00657703354955, 0.00571404304355, 0.00442226463929, 0.0024673405569, 0.00417934264988, 0.00315622822382, 0.00521115399897, 0.00261997291818, 0.00382562796585, 0.00172332348302, 0.000750034698285, 0.000230626712437, 2.78318548226e-05],
        "mean": [0.000241952307988, 0.00827234517783, 0.00870214495808, 0.00325068412349, 0.00542600685731, 0.00373878516257, 0.00187635864131, 0.000459515955299, 0.00146201264579, 0.00075953733176, 0.000309911789373, 0.000515114341397, 0.000533433107194, 0.000489079335239, 0.000323950458551, 0.000294217781629, 0.00020641424635, 8.64664107212e-05, 0.000200479742489, 0.000223148163059, 9.75460570771e-05, 5.94387311139e-05, 6.40165671939e-05, 3.33212374244e-05, 2.48131618719e-05, 6.18667763774e-06, 1.61725756698e-06],
        "median": [0.000135626993142, 0.00485947262496, 0.00756466435269, 0.000767648452893, 0.00185392936692, 0.0014570573112, 0.000765723991208, 0.000156135123689, 0.000597358273808, 0.000343500141753, 0.000138647345011, 0.000158465525601, 0.000173818756593, 0.000182445553946, 0.000133288413053, 0.000134290006827, 6.46443222649e-05, 4.36747068306e-05, 7.02909237589e-05, 8.09601115179e-05, 1.99940805032e-05, 1.50295909407e-05, 1.11120461952e-05, 9.42923998082e-06, 1.01195028037e-05, 2.22330163524e-06, 5.76891011406e-07],
        "min": [3.64856656808e-23, 5.16157243867e-23, 5.45851293626e-23, 2.90808113792e-23, 1.00889409098e-23, 7.39535578519e-23, 4.84043852375e-23, 1.43420829026e-23, 1.16835651696e-22, 1.23389710045e-22, 8.50922864554e-23, 1.72623743452e-22, 7.75181994016e-23, 7.89772954645e-23, 2.24138682969e-22, 2.30483295592e-22, 2.24804203894e-22, 3.06071215468e-22, 2.55495941817e-22, 3.07150553891e-22, 6.74769757413e-22, 7.84626451343e-22, 4.0021539051e-22, 9.19718717279e-22, 1.16615553192e-21, 1.50611787795e-21, 2.52819332979e-21],
        "var": [8.89200535426e-08, 9.05427150428e-05, 3.96611576434e-05, 4.02285440941e-05, 0.000236593667069, 3.9254056901e-05, 7.77881450631e-06, 8.47863304898e-07, 6.24924814474e-06, 2.13888847611e-06, 2.34398655152e-07, 1.41132045428e-06, 9.3336603868e-07, 6.86585906351e-07, 2.77022678574e-07, 2.39059033902e-07, 1.69261269889e-07, 2.05272083775e-08, 1.13305461014e-07, 1.25706066001e-07, 9.89117836525e-08, 3.18374091535e-08, 5.41344356009e-08, 9.14390607676e-09, 2.20050178079e-09, 1.40414083138e-10, 6.70610355441e-12]
    },
    "erbbands": {
        "dmean": [0.04066041857, 1.63474941254, 6.71618366241, 6.18309831619, 19.9195365906, 10.7296524048, 11.9206571579, 20.954996109, 17.6413402557, 11.8937397003, 8.68433761597, 23.7846603394, 9.74629020691, 14.7330408096, 9.98207092285, 12.3378791809, 13.929599762, 16.3080387115, 9.11822223663, 12.1444826126, 9.80581951141, 7.01901960373, 3.09264373779, 4.53081989288, 5.99380970001, 5.05657100677, 4.31015872955, 2.31396865845, 1.73502290249, 1.79774665833, 1.24871742725, 0.748791217804, 0.36986464262, 0.291575312614, 0.0941874757409, 0.0229116864502, 0.00591899408028, 0.00472574168816, 0.000104317696241, 1.96085093194e-05],
        "dmean2": [0.0690204948187, 2.87641644478, 11.9235963821, 11.2021932602, 35.6932678223, 17.8926372528, 19.5943126678, 34.4015312195, 29.1458816528, 19.4792957306, 14.3068561554, 38.7820892334, 16.1812362671, 24.3135528564, 16.4061565399, 20.0997333527, 22.4950237274, 26.7259654999, 14.3877601624, 20.8343238831, 16.5287837982, 11.6130514145, 5.21697425842, 7.53135490417, 9.64475345612, 8.10905170441, 7.37758016586, 3.81167292595, 2.94512629509, 2.98720669746, 1.94605731964, 1.24117267132, 0.587894320488, 0.471203297377, 0.149291321635, 0.0383012332022, 0.00937024690211, 0.00687874900177, 0.000152193359099, 3.3631844417e-05],
        "dvar": [0.00314415059984, 4.28238248825, 57.8217163086, 125.493095398, 4873.93164062, 1164.26293945, 938.818054199, 1425.33837891, 972.333496094, 420.981018066, 298.64352417, 1995.83947754, 284.191497803, 1475.625, 338.363891602, 1509.05078125, 816.887084961, 1099.26794434, 344.405273438, 987.844665527, 501.713317871, 312.556121826, 54.4762840271, 157.64654541, 142.087860107, 100.86706543, 313.685058594, 68.3070526123, 35.0567207336, 47.260433197, 21.2936840057, 10.1267108917, 0.959741175175, 0.525809884071, 0.0690917000175, 0.00629148399457, 0.000232533217059, 6.42259983579e-05, 3.14834807114e-08, 9.43673472698e-10],
        "dvar2": [0.00815792381763, 13.3305015564, 191.035461426, 398.388183594, 14161.8105469, 3083.54321289, 2493.83178711, 3822.01098633, 2486.82470703, 1034.93847656, 732.7890625, 4896.89355469, 729.497070312, 4159.58300781, 919.875, 4394.01806641, 2096.21362305, 2922.6081543, 779.130981445, 2719.03979492, 1394.55761719, 830.691772461, 147.697555542, 423.463775635, 366.863647461, 254.592330933, 882.802368164, 185.999237061, 96.939994812, 128.561584473, 46.1854515076, 27.5908946991, 2.46888709068, 1.42683172226, 0.186901211739, 0.0171695463359, 0.000600225408562, 0.000137450071634, 7.01373679135e-08, 2.61220245434e-09],
        "max": [0.656607985497, 18.4639949799, 62.1384239197, 106.371826172, 699.082946777, 414.193572998, 405.857696533, 436.70715332, 703.779418945, 386.946563721, 272.37878418, 1076.41650391, 239.837631226, 608.635742188, 296.259613037, 1243.52685547, 620.25994873, 460.003112793, 393.292938232, 437.21295166, 318.745178223, 253.577514648, 122.354682922, 184.222763062, 164.663116455, 122.374641418, 284.765808105, 136.25088501, 67.1705093384, 102.799438477, 108.004203796, 54.7235374451, 14.9478797913, 11.7478780746, 4.69869232178, 1.42476582527, 0.286308556795, 0.0974092036486, 0.0018467924092, 0.00036438924144],
        "mean": [0.0809048712254, 2.45290780067, 10.1559286118, 10.3063373566, 20.4104957581, 13.5379991531, 17.1445274353, 32.7228889465, 28.3616409302, 18.378326416, 14.1496534348, 37.1361236572, 17.8621444702, 22.9915733337, 16.9037208557, 21.1025180817, 25.0791530609, 27.6708450317, 17.1108570099, 17.9076213837, 15.9141292572, 11.7207298279, 5.3487496376, 7.32293081284, 12.0179662704, 10.0747127533, 5.16718292236, 2.98353791237, 2.08845710754, 2.15161204338, 1.68683385849, 0.801387488842, 0.518325269222, 0.388435304165, 0.128161296248, 0.0259199831635, 0.00773123838007, 0.00638227863237, 0.000156873502419, 4.58610229543e-05],
        "median": [0.0501849614084, 1.50165522099, 8.58621311188, 5.90177583694, 7.28157043457, 5.08436918259, 5.33861160278, 14.5979938507, 11.4979820251, 8.89486885071, 6.56435060501, 15.0908918381, 10.3137187958, 10.3480863571, 7.4612326622, 6.81526613235, 8.78573131561, 11.1039571762, 7.75386381149, 7.59806156158, 7.44406414032, 4.02824735641, 2.77794075012, 3.07741117477, 4.29500818253, 3.76723432541, 1.54168534279, 0.733359396458, 0.574020147324, 0.451486706734, 0.277592509985, 0.144378557801, 0.181771829724, 0.156345099211, 0.0496102049947, 0.00465760426596, 0.00298989401199, 0.00250139622949, 7.172718324e-05, 4.04248639825e-05],
        "min": [9.09588582053e-22, 1.40946729618e-20, 5.47008335227e-20, 9.85469183713e-20, 3.52651522809e-20, 4.58312601576e-20, 3.19569080445e-19, 6.37828113594e-19, 3.94964008339e-19, 8.12268097072e-19, 5.27320402672e-19, 2.56331918776e-18, 5.55304667257e-18, 2.87271451536e-18, 2.86413727279e-18, 7.14145471949e-18, 4.26261720644e-18, 4.0046146103e-18, 8.84668010764e-18, 1.18599419149e-17, 1.24870664147e-17, 1.41018214049e-17, 1.51351569328e-17, 1.21337329073e-17, 1.42099603808e-17, 1.53857132491e-17, 2.3766063669e-17, 3.11465396711e-17, 2.46526391582e-17, 1.65700307455e-17, 1.29573723597e-17, 1.15376789657e-17, 2.06579490609e-17, 1.08658197111e-17, 9.44978989996e-18, 5.84377087938e-18, 2.57225005004e-18, 1.14896927708e-18, 3.07110318703e-19, 4.01315527598e-20],
        "var": [0.00702168792486, 7.30996656418, 65.3422622681, 155.685440063, 3445.74682617, 1095.09106445, 1240.18139648, 2468.16796875, 1959.66271973, 878.488525391, 561.717163086, 4266.91308594, 585.973144531, 2291.57495117, 622.015136719, 2541.87744141, 2004.33825684, 2169.52319336, 719.942138672, 1017.28338623, 616.27355957, 532.530639648, 71.1043624878, 180.908508301, 328.689422607, 250.834030151, 248.945373535, 66.7110519409, 33.3175964355, 46.4277915955, 39.6741828918, 9.12414932251, 1.18544268608, 0.490033507347, 0.068317361176, 0.00576983951032, 0.00024981063325, 9.33045375859e-05, 4.48855388413e-08, 1.09316189434e-09]
    },
    "gfcc": {
        "mean": [-5.10931110382, 118.008659363, -103.020698547, 31.1770267487, -46.1916122437, 11.1722574234, -32.087184906, 5.78725481033, -23.4653568268, 1.69830095768, -12.2899627686, -9.33592605591, -8.97125339508],
        "cov": [[2765.80688477, -42.2748641968, -430.411376953, 46.0471534729, -176.05670166, 0.713645040989, -97.135848999, -71.1458740234, -101.946434021, -15.6557750702, -89.10572052, -135.791061401, -129.474761963], [-42.2748641968, 712.461303711, -91.2289276123, -209.862731934, 123.74029541, -135.759658813, 116.172302246, 5.03189897537, -1.66973018646, -72.0917739868, 91.0458908081, -136.161880493, -11.0437765121], [-430.411376953, -91.2289276123, 487.103271484, 70.9638595581, -7.76144266129, 53.86561203, 21.7703475952, 38.4235267639, 25.5542793274, 15.2122240067, -17.6645774841, 84.7777633667, 32.2765731812], [46.0471534729, -209.862731934, 70.9638595581, 331.124816895, -37.9702262878, 33.1110305786, 0.288033187389, 49.6790771484, 66.8359603882, 7.30475950241, -10.4922132492, 24.7126235962, 7.77774143219], [-176.05670166, 123.74029541, -7.76144266129, -37.9702262878, 235.341339111, -30.2321243286, 32.6835899353, 72.0346679688, 31.3208999634, -1.61352229118, 38.6998596191, -5.42004680634, 7.11578416824], [0.713645040989, -135.759658813, 53.86561203, 33.1110305786, -30.2321243286, 198.894515991, 80.2125015259, 23.8696231842, 20.9194831848, 26.9074821472, -13.1581735611, 30.8301010132, -21.2354946136], [-97.135848999, 116.172302246, 21.7703475952, 0.288033187389, 32.6835899353, 80.2125015259, 230.276916504, 99.2035980225, 30.1821041107, 21.7744979858, 52.1015167236, -43.2281494141, -35.8198318481], [-71.1458740234, 5.03189897537, 38.4235267639, 49.6790771484, 72.0346679688, 23.8696231842, 99.2035980225, 172.026947021, 67.7131347656, 19.7807502747, 35.0835838318, -17.9859790802, -18.7702560425], [-101.946434021, -1.66973018646, 25.5542793274, 66.8359603882, 31.3208999634, 20.9194831848, 30.1821041107, 67.7131347656, 112.491325378, 25.6223316193, 13.6983737946, 8.83065128326, -5.62923669815], [-15.6557750702, -72.0917739868, 15.2122240067, 7.30475950241, -1.61352229118, 26.9074821472, 21.7744979858, 19.7807502747, 25.6223316193, 99.9998321533, 24.1127185822, 8.19410800934, -2.29216241837], [-89.10572052, 91.0458908081, -17.6645774841, -10.4922132492, 38.6998596191, -13.1581735611, 52.1015167236, 35.0835838318, 13.6983737946, 24.1127185822, 100.214508057, -5.80747175217, -10.2327051163], [-135.791061401, -136.161880493, 84.7777633667, 24.7126235962, -5.42004680634, 30.8301010132, -43.2281494141, -17.9859790802, 8.83065128326, 8.19410800934, -5.80747175217, 134.636047363, 49.9271354675], [-129.474761963, -11.0437765121, 32.2765731812, 7.77774143219, 7.11578416824, -21.2354946136, -35.8198318481, -18.7702560425, -5.62923669815, -2.29216241837, -10.2327051163, 49.9271354675, 85.0709762573]],
        "icov": [[0.000552841986064, -0.000406587729231, 0.000509817095008, -0.000442747579655, 0.000347552006133, -0.000272636621958, 0.000524085364304, -0.000506500306074, 0.000860783969983, -0.00054197415011, 0.000731959124096, -0.00025140598882, 0.000925406580791], [-0.000406587729231, 0.00515849981457, -0.000874758872669, 0.0029504019767, -0.00132226385176, 0.00259335944429, -0.00343664153479, 0.00319805298932, -0.00401488225907, 0.00451884930953, -0.00397267658263, 0.00446385331452, -0.00311198527925], [0.000509817095008, -0.000874758872669, 0.00301713263616, -0.000981177436188, 0.000537447456736, -0.000562114932109, 0.000330281822244, -0.00137913506478, 0.00130852102302, -0.00112943386193, 0.00175568531267, -0.00227894354612, 0.000861667387653], [-0.000442747579655, 0.0029504019767, -0.000981177436188, 0.0056147123687, 0.000244510825723, 0.00111289892811, -0.00145595439244, 0.000826702162158, -0.00460216822103, 0.00314715295099, -0.00238662073389, 0.00248251575977, -0.00256894598715], [0.000347552006133, -0.00132226385176, 0.000537447456736, 0.000244510825723, 0.00608628988266, -2.41130092036e-05, 0.00118659774307, -0.00338345766068, 0.000268087809673, -0.000412727735238, -0.000155877132784, -0.00121579295956, 7.04284393578e-05], [-0.000272636621958, 0.00259335944429, -0.000562114932109, 0.00111289892811, -2.41130092036e-05, 0.00939464848489, -0.00565570034087, 0.00222867866978, -0.00238580233417, 0.000606048561167, 0.00105381105095, -0.00151386472862, 0.00136440922506], [0.000524085364304, -0.00343664153479, 0.000330281822244, -0.00145595439244, 0.00118659774307, -0.00565570034087, 0.0110558513552, -0.00599422585219, 0.00336623331532, -0.00263524637558, -0.000956617994234, 0.000358032877557, 0.00200739433058], [-0.000506500306074, 0.00319805298932, -0.00137913506478, 0.000826702162158, -0.00338345766068, 0.00222867866978, -0.00599422585219, 0.013481088914, -0.007118109148, 0.00263111316599, -0.00312106544152, 0.0033452170901, -0.00135692360345], [0.000860783969983, -0.00401488225907, 0.00130852102302, -0.00460216822103, 0.000268087809673, -0.00238580233417, 0.00336623331532, -0.007118109148, 0.0173102207482, -0.00617259927094, 0.00375509285368, -0.00459020677954, 0.00406676204875], [-0.00054197415011, 0.00451884930953, -0.00112943386193, 0.00314715295099, -0.000412727735238, 0.000606048561167, -0.00263524637558, 0.00263111316599, -0.00617259927094, 0.0158278252929, -0.00686899619177, 0.00398196140304, -0.00358588225208], [0.000731959124096, -0.00397267658263, 0.00175568531267, -0.00238662073389, -0.000155877132784, 0.00105381105095, -0.000956617994234, -0.00312106544152, 0.00375509285368, -0.00686899619177, 0.0173898898065, -0.00581483216956, 0.00490281404927], [-0.00025140598882, 0.00446385331452, -0.00227894354612, 0.00248251575977, -0.00121579295956, -0.00151386472862, 0.000358032877557, 0.0033452170901, -0.00459020677954, 0.00398196140304, -0.00581483216956, 0.0167833119631, -0.00929861329496], [0.000925406580791, -0.00311198527925, 0.000861667387653, -0.00256894598715, 7.04284393578e-05, 0.00136440922506, 0.00200739433058, -0.00135692360345, 0.00406676204875, -0.00358588225208, 0.00490281404927, -0.00929861329496, 0.0197672657669]]
    },
    "melbands": {
        "dmean": [0.000890585477464, 0.0030841215048, 0.00147786014713, 0.00124372856226, 0.000361339451047, 0.000462219584733, 0.000261355919065, 0.000114059308544, 9.3944821856e-05, 0.000139805633808, 5.04995514348e-05, 6.45384061499e-05, 3.11115982186e-05, 3.47478235199e-05, 3.36078956025e-05, 3.02953758364e-05, 3.18519596476e-05, 1.54257104441e-05, 1.66178415384e-05, 1.45457179315e-05, 1.1648517102e-05, 8.24328799354e-06, 4.34590447185e-06, 2.54527708421e-06, 3.95640381612e-06, 5.12273936693e-06, 5.20618505107e-06, 3.06245351567e-06, 2.58845921053e-06, 2.46439958573e-06, 1.09239954327e-06, 9.59769181463e-07, 1.13239889288e-06, 9.97716711026e-07, 8.38216919874e-07, 5.101837246e-07, 4.36394088865e-07, 2.58817067333e-07, 2.19291479198e-07, 2.65992724735e-07],
        "dmean2": [0.00154761807062, 0.00548439752311, 0.00267834053375, 0.00214917515405, 0.000597047444899, 0.000753676518798, 0.000434533692896, 0.000185605837032, 0.000151264437591, 0.000228172197239, 8.41541914269e-05, 0.000106867664726, 5.13389968546e-05, 5.75079502596e-05, 5.55905862711e-05, 4.93388579343e-05, 5.211397729e-05, 2.41780962824e-05, 2.85751284537e-05, 2.47911957558e-05, 1.96262899408e-05, 1.36463249873e-05, 7.24540859665e-06, 4.26653150498e-06, 6.6219972723e-06, 8.42083591124e-06, 8.43806355988e-06, 4.83691928821e-06, 4.40863459517e-06, 4.18896252086e-06, 1.80136680683e-06, 1.62852199992e-06, 1.99211149265e-06, 1.63806339515e-06, 1.31168610551e-06, 8.22807066925e-07, 7.4650552051e-07, 4.15793920183e-07, 3.47949622892e-07, 4.34804064753e-07],
        "dvar": [1.37255108257e-06, 1.29870804813e-05, 1.17921845231e-05, 1.87323512364e-05, 8.74514739735e-07, 7.28591828647e-07, 2.01556915158e-07, 4.01047159926e-08, 3.25717373073e-08, 6.62670203155e-08, 8.4432407732e-09, 2.99255056291e-08, 3.31596416991e-09, 6.85416656765e-09, 7.34731742114e-09, 3.44886408321e-09, 4.40077707609e-09, 1.2192681309e-09, 1.32291988475e-09, 1.49041490261e-09, 6.61029175841e-10, 4.52986120836e-10, 8.1516758621e-11, 4.38433074568e-11, 1.26493177044e-10, 1.43355799453e-10, 1.03812722307e-10, 4.08596663448e-11, 1.11341429132e-10, 1.10680305199e-10, 1.33910920547e-11, 9.51255654108e-12, 2.45955408817e-11, 1.3407764482e-11, 1.13868237755e-11, 3.57665980166e-12, 3.6083083136e-12, 4.92140345403e-13, 3.08208211557e-13, 4.32460084453e-13],
        "dvar2": [3.89752858609e-06, 4.28500097769e-05, 3.54071999027e-05, 5.17247353855e-05, 2.3441061785e-06, 1.93200776266e-06, 5.25285088315e-07, 9.98713147737e-08, 8.05998539022e-08, 1.63480535775e-07, 2.23605880478e-08, 8.51049719586e-08, 8.91234286371e-09, 1.83582553603e-08, 2.07545447495e-08, 8.69327809738e-09, 1.16225367108e-08, 2.70889177756e-09, 3.55810270136e-09, 4.14095557844e-09, 1.84835957651e-09, 1.21347565329e-09, 2.07644013095e-10, 1.19062551485e-10, 3.39606787136e-10, 3.84812848253e-10, 2.64270938466e-10, 1.03600863999e-10, 3.13071291114e-10, 3.08728015375e-10, 3.61138514926e-11, 2.59398995339e-11, 6.96988022852e-11, 3.37078004398e-11, 2.470417447e-11, 8.73364401632e-12, 9.93856819759e-12, 1.25187967631e-12, 8.21568236619e-13, 1.18054535331e-12],
        "max": [0.0117936097085, 0.0269917957485, 0.0357330366969, 0.0479925647378, 0.0135476011783, 0.0100200260058, 0.00929511804134, 0.00339037226513, 0.0031522505451, 0.00587661191821, 0.00117316062097, 0.00284686102532, 0.00079904316226, 0.00218981294893, 0.00231311912648, 0.000998749630526, 0.000935711024795, 0.000875168130733, 0.000489285273943, 0.000539449043572, 0.000386239378713, 0.000294311525067, 0.000184147123946, 0.000105037834146, 0.000158300041221, 0.000180040529813, 0.000126288025058, 8.9796129032e-05, 0.000190978709725, 0.000190170365386, 5.03804003529e-05, 3.67514476238e-05, 6.2046572566e-05, 6.58993303659e-05, 8.99483711692e-05, 4.6499822929e-05, 3.19273676723e-05, 1.11614453999e-05, 9.3318085419e-06, 1.0265452147e-05],
        "mean": [0.00154857418966, 0.00476925773546, 0.00210672849789, 0.00143145630136, 0.000532993173692, 0.000726605125237, 0.000416134804254, 0.000169910883415, 0.000148181934492, 0.000217276494368, 8.48702329677e-05, 9.77621602942e-05, 5.01355680171e-05, 5.77377759328e-05, 5.53155077796e-05, 5.2868086641e-05, 5.09754536324e-05, 2.65722992481e-05, 2.4907549232e-05, 2.06017302844e-05, 1.82303574547e-05, 1.27431339934e-05, 7.34727746021e-06, 3.56144732905e-06, 5.89915589444e-06, 8.68254028319e-06, 9.79118249234e-06, 5.72884073335e-06, 3.10037216877e-06, 2.63089145847e-06, 1.45410535879e-06, 1.19984258617e-06, 1.06911409148e-06, 1.31099341161e-06, 1.11983752049e-06, 5.98158976572e-07, 4.27056875196e-07, 3.49463078919e-07, 3.03731894746e-07, 3.39757320944e-07],
        "median": [0.000933919334784, 0.00387994851917, 0.00120620161761, 0.00051574409008, 0.000188776786672, 0.000320401944919, 0.000168925282196, 7.55854489398e-05, 5.52044402866e-05, 8.91218296601e-05, 4.40566291218e-05, 4.0880011511e-05, 2.33494192798e-05, 1.75917575689e-05, 1.86163051694e-05, 1.87318546523e-05, 1.84033324331e-05, 1.05913659354e-05, 9.86639133771e-06, 9.50192315941e-06, 7.9722767623e-06, 3.82323605663e-06, 3.14802946377e-06, 1.6945112975e-06, 2.32088700614e-06, 2.73704563369e-06, 3.23491167364e-06, 2.15551767724e-06, 9.47053877098e-07, 4.20464431272e-07, 3.7910217543e-07, 3.4044791164e-07, 2.2292505264e-07, 2.39394921664e-07, 1.63070168924e-07, 9.59785779742e-08, 7.36007450541e-08, 1.11624679278e-07, 1.21287115462e-07, 1.35981878202e-07],
        "min": [1.38360002329e-23, 2.68606380921e-23, 1.52799438556e-23, 2.02913661662e-24, 9.69147807589e-24, 1.40615892082e-23, 7.67655456342e-24, 7.92861061099e-24, 4.38777491132e-24, 1.89286858663e-23, 2.68848277229e-23, 1.04757312446e-23, 1.00460765748e-23, 1.82539605123e-23, 1.50544369218e-23, 6.70786255966e-24, 7.04000928836e-24, 1.26519499909e-23, 1.64892423798e-23, 1.69748998629e-23, 1.3270210259e-23, 1.67929980045e-23, 9.12711988455e-24, 1.62421395898e-23, 8.83143351802e-24, 1.0018348114e-23, 9.69706478882e-24, 1.02179023129e-23, 1.57266678976e-23, 1.0416071272e-23, 2.31979143107e-23, 1.4851104868e-23, 1.3285058199e-23, 6.2819885058e-24, 8.09051642318e-24, 6.22731334532e-24, 6.96877672634e-24, 1.53068361239e-23, 1.26159881888e-23, 7.79692053806e-24],
        "var": [2.91303899758e-06, 1.61144780577e-05, 9.50700086833e-06, 1.55760590133e-05, 1.11021518023e-06, 1.25618305447e-06, 4.04262181064e-07, 8.32656468219e-08, 7.12285910254e-08, 1.38959265428e-07, 1.57183244198e-08, 4.6429338596e-08, 5.32932453723e-09, 1.45909373472e-08, 1.31493624878e-08, 8.15253997644e-09, 8.20460055451e-09, 2.34317276693e-09, 1.67985592103e-09, 1.43998435398e-09, 8.75701844372e-10, 7.39904304492e-10, 1.64746757902e-10, 4.40469986873e-11, 1.40005423921e-10, 2.28679380987e-10, 2.42152825569e-10, 9.33396832048e-11, 9.1375122746e-11, 8.60800805635e-11, 1.4514559693e-11, 1.04871814358e-11, 1.65494319637e-11, 2.0310354093e-11, 2.07958823772e-11, 4.83302720761e-12, 2.96331470646e-12, 6.3737036482e-13, 3.28340246701e-13, 3.83453577051e-13]
    },
    "mfcc": {
        "mean": [-653.173583984, 149.803985596, 6.31855869293, 26.3975944519, 10.4998664856, 6.42255067825, 9.13954734802, -2.70862913132, 2.21125197411, 4.16383743286, 0.017265284434, -5.73664093018, 6.45010900497],
        "cov": [[2366.22021484, -211.026229858, -303.288970947, -53.8568153381, -153.887420654, 28.2903862, -90.0859832764, -68.0853271484, -141.724365234, 104.878944397, -92.176071167, -31.6967754364, -71.7558364868], [-211.026229858, 888.077209473, -191.912124634, -93.1209487915, 1.06340014935, -142.602767944, 141.118392944, -32.8596496582, -22.9710159302, 12.8074102402, 87.7466964722, -89.0211334229, 44.6421737671], [-303.288970947, -191.912124634, 461.708312988, 59.1564064026, -30.2316741943, 73.3652954102, -22.858839035, 43.7203292847, 49.2864837646, -38.3065719604, 3.75824570656, 47.0367774963, -36.9771614075], [-53.8568153381, -93.1209487915, 59.1564064026, 236.373458862, 62.4206581116, -40.9670295715, -17.3932971954, 31.1798210144, 21.3291854858, 43.0727233887, -8.63336753845, 11.2660942078, 31.1862201691], [-153.887420654, 1.06340014935, -30.2316741943, 62.4206581116, 197.287841797, -38.7383728027, -35.1826057434, 11.2271852493, 30.2818183899, -18.6343364716, -17.7266693115, 1.46242582798, 38.9921646118], [28.2903862, -142.602767944, 73.3652954102, -40.9670295715, -38.7383728027, 164.276870728, -8.40096187592, 10.4165973663, 13.600892067, -25.5238018036, -4.18507051468, 39.9776229858, -44.8693695068], [-90.0859832764, 141.118392944, -22.858839035, -17.3932971954, -35.1826057434, -8.40096187592, 191.101013184, 49.4705543518, 6.75615882874, 61.7477302551, 90.0113983154, -18.3116569519, 23.380399704], [-68.0853271484, -32.8596496582, 43.7203292847, 31.1798210144, 11.2271852493, 10.4165973663, 49.4705543518, 162.714874268, 36.6951713562, 44.3704948425, 35.2984046936, 43.120967865, 2.75330352783], [-141.724365234, -22.9710159302, 49.2864837646, 21.3291854858, 30.2818183899, 13.600892067, 6.75615882874, 36.6951713562, 126.06892395, 1.21397948265, 16.5121917725, 20.9430580139, 18.0536384583], [104.878944397, 12.8074102402, -38.3065719604, 43.0727233887, -18.6343364716, -25.5238018036, 61.7477302551, 44.3704948425, 1.21397948265, 194.1978302, 61.9407157898, 10.1889400482, 26.5859470367], [-92.176071167, 87.7466964722, 3.75824570656, -8.63336753845, -17.7266693115, -4.18507051468, 90.0113983154, 35.2984046936, 16.5121917725, 61.9407157898, 155.505828857, 1.11169755459, 20.0061435699], [-31.6967754364, -89.0211334229, 47.0367774963, 11.2660942078, 1.46242582798, 39.9776229858, -18.3116569519, 43.120967865, 20.9430580139, 10.1889400482, 1.11169755459, 120.121711731, 1.50852513313], [-71.7558364868, 44.6421737671, -36.9771614075, 31.1862201691, 38.9921646118, -44.8693695068, 23.380399704, 2.75330352783, 18.0536384583, 26.5859470367, 20.0061435699, 1.50852513313, 101.165550232]],
