{
"lowlevel": {
    "average_loudness": 0.925384521484,
    "barkbands_crest": {
        "dmean": 1.57664835453,
        "dmean2": 2.58564925194,
        "dvar": 2.32519054413,
        "dvar2": 6.08767366409,
        "max": 18.2874240875,
        "mean": 7.34586620331,
        "median": 6.88058423996,
        "min": 3.07710051537,
        "var": 5.72772407532
    },
    "barkbands_flatness_db": {
        "dmean": 0.0142807839438,
        "dmean2": 0.0213341955096,
        "dvar": 0.000166272933711,
        "dvar2": 0.000339581922162,
        "max": 0.266817599535,
        "mean": 0.172925502062,
        "median": 0.174254089594,
        "min": 0.0846486613154,
        "var": 0.000981953577138
    },
    "barkbands_kurtosis": {
        "dmean": 0.456036806107,
        "dmean2": 0.720580399036,
        "dvar": 0.472913622856,
        "dvar2": 1.00543153286,
        "max": 15.0204792023,
        "mean": -0.79317766428,
        "median": -1.1722830534,
        "min": -1.88405823708,
        "var": 1.7438160181
    },
    "barkbands_skewness": {
        "dmean": 0.316580206156,
        "dmean2": 0.485887497663,
        "dvar": 0.102776542306,
        "dvar2": 0.252279907465,
        "max": 2.55953860283,
        "mean": -0.0580210536718,
        "median": -0.0154947694391,
        "min": -3.42344021797,
        "var": 0.503440260887
    },
    "barkbands_spread": {
        "dmean": 3.50448679924,
        "dmean2": 5.45892763138,
        "dvar": 14.3896446228,
        "dvar2": 29.2162666321,
        "max": 55.0979156494,
        "mean": 29.1320438385,
        "median": 29.2941493988,
        "min": 4.25460720062,
        "var": 88.4809188843
    },
    "dissonance": {
        "dmean": 0.0113756628707,
        "dmean2": 0.0188795719296,
        "dvar": 0.00020587311883,
        "dvar2": 0.000489413156174,
        "max": 0.499982655048,
        "mean": 0.475673764944,
        "median": 0.479877442122,
        "min": 0.129423454404,
        "var": 0.00034684347338
    },
    "dynamic_complexity": 1.7127737999,
    "erbbands_crest": {
        "dmean": 2.60210752487,
        "dmean2": 3.99794888496,
        "dvar": 6.64434528351,
        "dvar2": 14.5871963501,
        "max": 30.1388530731,
        "mean": 10.961935997,
        "median": 9.40030956268,
        "min": 3.44076824188,
        "var": 25.8543891907
    },
    "erbbands_flatness_db": {
        "dmean": 0.0171083603054,
        "dmean2": 0.0235504452139,
        "dvar": 0.000296135549434,
        "dvar2": 0.000527661992237,
        "max": 0.372701108456,
        "mean": 0.253224372864,
        "median": 0.254762083292,
        "min": 0.111595407128,
        "var": 0.00217280630022
    },
    "erbbands_kurtosis": {
        "dmean": 1.26967990398,
        "dmean2": 1.89033377171,
        "dvar": 2.84478330612,
        "dvar2": 6.08463335037,
        "max": 24.6167011261,
        "mean": 2.12786483765,
        "median": 1.13199043274,
        "min": -1.66786563396,
        "var": 11.2683362961
    },
    "erbbands_skewness": {
        "dmean": 0.321452885866,
        "dmean2": 0.467567294836,
        "dvar": 0.0918137282133,
        "dvar2": 0.200716584921,
        "max": 1.26464760303,
        "mean": -1.15251016617,
        "median": -1.09689998627,
        "min": -4.08216047287,
        "var": 0.53279876709
    },
    "erbbands_spread": {
        "dmean": 3.24251818657,
        "dmean2": 4.899310112,
        "dvar": 12.0550918579,
        "dvar2": 27.9795589447,
        "max": 45.6682243347,
        "mean": 19.4566383362,
        "median": 18.4660148621,
        "min": 4.0370221138,
        "var": 55.3815193176
    },
    "hfc": {
        "dmean": 4.49570322037,
        "dmean2": 6.43249225616,
        "dvar": 38.2145347595,
        "dvar2": 78.4035644531,
        "max": 127.071762085,
        "mean": 20.2478313446,
        "median": 16.9190559387,
        "min": 1.24288042791e-16,
        "var": 191.754043579
    },
    "melbands_crest": {
        "dmean": 2.3145802021,
        "dmean2": 3.93506860733,
        "dvar": 5.38891124725,
        "dvar2": 16.3603649139,
        "max": 23.644613266,
        "mean": 10.5741119385,
        "median": 10.1840772629,
        "min": 2.30556917191,
        "var": 11.9921674728
    },
    "melbands_flatness_db": {
        "dmean": 0.0172025114298,
        "dmean2": 0.0256788078696,
        "dvar": 0.000291700009257,
        "dvar2": 0.000657076423522,
        "max": 0.347292542458,
        "mean": 0.208342313766,
        "median": 0.21032141149,
        "min": 0.00611961865798,
        "var": 0.00158509367611
    },
    "melbands_kurtosis": {
        "dmean": 0.983815133572,
        "dmean2": 1.5998197794,
        "dvar": 2.25418829918,
        "dvar2": 6.03307771683,
        "max": 22.1457138062,
        "mean": 0.373881280422,
        "median": -0.28906416893,
        "min": -1.87075960636,
        "var": 4.25224876404
    },
    "melbands_skewness": {
        "dmean": 0.359896659851,
        "dmean2": 0.567135334015,
        "dvar": 0.149643868208,
        "dvar2": 0.380628764629,
        "max": 4.42527294159,
        "mean": 0.924241900444,
        "median": 0.973867297173,
        "min": -2.33352375031,
        "var": 0.666213393211
    },
    "melbands_spread": {
        "dmean": 7.13800811768,
        "dmean2": 11.0465984344,
        "dvar": 55.2917823792,
        "dvar2": 126.253723145,
        "max": 111.856674194,
        "mean": 46.6574516296,
        "median": 45.8631324768,
        "min": 9.70676612854,
        "var": 210.594711304
    },
    "pitch_salience": {
        "dmean": 0.0532982200384,
        "dmean2": 0.0868109539151,
        "dvar": 0.00204335246235,
        "dvar2": 0.00519367866218,
        "max": 0.971672952175,
        "mean": 0.57292419672,
        "median": 0.555654704571,
        "min": 0.309525460005,
        "var": 0.0136753506958
    },
    "silence_rate_20dB": {
        "dmean": 0,
        "dmean2": 0,
        "dvar": 0,
        "dvar2": 0,
        "max": 1,
        "mean": 1,
        "median": 1,
        "min": 1,
        "var": 0
    },
    "silence_rate_30dB": {
        "dmean": 0,
        "dmean2": 0,
        "dvar": 0,
        "dvar2": 0,
        "max": 1,
        "mean": 1,
        "median": 1,
        "min": 1,
        "var": 0
    },
    "silence_rate_60dB": {
        "dmean": 0.00463917525485,
        "dmean2": 0.00928313564509,
        "dvar": 0.00461798580363,
        "dvar2": 0.0102281030267,
        "max": 1,
        "mean": 0.00927357003093,
        "median": 0,
        "min": 0,
        "var": 0.00918741058558
    },
    "spectral_centroid": {
        "dmean": 155.369552612,
        "dmean2": 226.976898193,
        "dvar": 63218.9023438,
        "dvar2": 88647.8046875,
        "max": 10829.6474609,
        "mean": 1999.80993652,
        "median": 1945.49267578,
        "min": 667.085449219,
        "var": 309379.1875
    },
    "spectral_complexity": {
        "dmean": 2.76597929001,
        "dmean2": 4.42444562912,
        "dvar": 7.16283321381,
        "dvar2": 15.9679746628,
        "max": 53,
        "mean": 21.6156616211,
        "median": 20,
        "min": 0,
        "var": 55.1539001465
    },
    "spectral_decrease": {
        "dmean": 6.75029532271e-10,
        "dmean2": 1.05230257841e-09,
        "dvar": 7.25839820577e-19,
        "dvar2": 1.74540299807e-18,
        "max": -5.64090556607e-29,
        "mean": -3.75480135872e-09,
        "median": -3.49160833579e-09,
        "min": -1.56313628707e-08,
        "var": 3.97463386259e-18
    },
    "spectral_energy": {
        "dmean": 0.00286387698725,
        "dmean2": 0.00440859654918,
        "dvar": 1.2700276784e-05,
        "dvar2": 2.97533097182e-05,
        "max": 0.0705221667886,
        "mean": 0.0160079915076,
        "median": 0.0148436781019,
        "min": 1.14861831339e-20,
        "var": 7.1172369644e-05
    },
    "spectral_energyband_high": {
        "dmean": 0.000157890928676,
        "dmean2": 0.000240944005782,
        "dvar": 1.4958192196e-07,
        "dvar2": 3.46872070622e-07,
        "max": 0.00561391515657,
        "mean": 0.000287221831968,
        "median": 7.22690456314e-05,
        "min": 8.57546542087e-21,
        "var": 2.7080483278e-07
    },
    "spectral_energyband_low": {
        "dmean": 0.00151237705722,
        "dmean2": 0.00259417225607,
        "dvar": 5.38353378943e-06,
        "dvar2": 1.45234571391e-05,
        "max": 0.0265989396721,
        "mean": 0.00396456615999,
        "median": 0.00289834290743,
        "min": 2.442476499e-23,
        "var": 1.53181790665e-05
    },
    "spectral_energyband_middle_high": {
        "dmean": 0.0018084339099,
        "dmean2": 0.00263140466996,
        "dvar": 4.79047866975e-06,
        "dvar2": 9.95828122541e-06,
        "max": 0.0435520596802,
        "mean": 0.00831632129848,
        "median": 0.00736729893833,
        "min": 1.8859871447e-21,
        "var": 2.43589092861e-05
    },
    "spectral_energyband_middle_low": {
        "dmean": 0.00087578658713,
        "dmean2": 0.00136000651401,
        "dvar": 1.71945578131e-06,
        "dvar2": 4.33096829511e-06,
        "max": 0.0267163682729,
        "mean": 0.00395625177771,
        "median": 0.002912172582,
        "min": 2.46571059836e-22,
        "var": 1.11705112431e-05
    },
    "spectral_entropy": {
        "dmean": 0.114593036473,
        "dmean2": 0.167227908969,
        "dvar": 0.0126944892108,
        "dvar2": 0.0237051360309,
        "max": 9.80420303345,
        "mean": 7.13886499405,
        "median": 7.1172618866,
        "min": 6.24015951157,
        "var": 0.0716761797667
    },
    "spectral_flux": {
        "dmean": 0.0117920562625,
        "dmean2": 0.0181416589767,
        "dvar": 0.000160485215019,
        "dvar2": 0.000370147521608,
        "max": 0.167845070362,
        "mean": 0.0544438697398,
        "median": 0.050569396466,
        "min": 1.07173610264e-10,
        "var": 0.000531862431671
    },
    "spectral_kurtosis": {
        "dmean": 5.15434217453,
        "dmean2": 9.04148101807,
        "dvar": 20.5819320679,
        "dvar2": 62.6833686829,
        "max": 44.8766784668,
        "mean": 10.3186559677,
        "median": 9.3886051178,
        "min": -1.20153391361,
        "var": 36.5723419189
    },
    "spectral_rms": {
        "dmean": 0.000348285946529,
        "dmean2": 0.000529964279849,
        "dvar": 1.52181172552e-07,
        "dvar2": 3.36485527441e-07,
        "max": 0.0082947043702,
        "mean": 0.00381310516968,
        "median": 0.003805474611,
        "min": 3.34754121124e-12,
        "var": 1.07782182113e-06
    },
    "spectral_rolloff": {
        "dmean": 208.405136108,
        "dmean2": 334.026702881,
        "dvar": 202603,
        "dvar2": 294709.9375,
        "max": 17980.2246094,
        "mean": 2368.64624023,
        "median": 2217.91992188,
        "min": 236.865234375,
        "var": 462938.46875
    },
    "spectral_skewness": {
        "dmean": 0.455520272255,
        "dmean2": 0.798721015453,
        "dvar": 0.154939815402,
        "dvar2": 0.459523022175,
        "max": 4.31088638306,
        "mean": 1.47995483875,
        "median": 1.479388237,
        "min": -0.0473519600928,
        "var": 0.565285742283
    },
    "spectral_spread": {
        "dmean": 309345.25,
        "dmean2": 434140.96875,
        "dvar": 571246116864,
        "dvar2": 486965542912,
        "max": 40932160,
        "mean": 2116523,
        "median": 1932477.25,
        "min": 1154574.375,
        "var": 1.30866911642e+12
    },
    "spectral_strongpeak": {
        "dmean": 0.984073877335,
        "dmean2": 1.68164610863,
        "dvar": 2.5904006958,
        "dvar2": 5.97106742859,
        "max": 13.5218248367,
        "mean": 1.76299107075,
        "median": 0.554323554039,
        "min": 0,
        "var": 5.40748882294
    },
    "zerocrossingrate": {
        "dmean": 0.00613195681944,
        "dmean2": 0.00717111164704,
        "dvar": 0.000140561052831,
        "dvar2": 0.000163396529388,
        "max": 0.4853515625,
        "mean": 0.0738341137767,
        "median": 0.07080078125,
        "min": 0.01416015625,
        "var": 0.000491546059493
    },
    "barkbands": {
        "dmean": [3.13772943628e-05, 0.00101028208155, 0.000564581598155, 0.000396691757487, 0.000342895538779, 0.000252103694947, 0.000150412903167, 0.00013107007544, 0.000159428673214, 0.000316225836286, 0.000172419313458, 0.000153794899234, 0.000129979205667, 0.000248943833867, 0.00081006414257, 0.000599046528805, 0.000519758439623, 0.000524752773345, 0.000329032016452, 0.000160290204803, 6.92310932209e-05, 3.57295857611e-06, 2.39164455706e-06, 3.21073207488e-06, 5.44217664356e-06, 1.48224989971e-06, 7.92292065288e-10],
        "dmean2": [5.36555380677e-05, 0.00173202715814, 0.000951949681621, 0.000668217486236, 0.000578902778216, 0.000365801417502, 0.000219665744225, 0.000182443109225, 0.000244121954893, 0.000442590215243, 0.000274633959634, 0.000226385047426, 0.000199175716261, 0.000374931201804, 0.00119542982429, 0.00091822061222, 0.000798561028205, 0.000753214990254, 0.000482825445943, 0.000253802194493, 0.000107859545096, 5.88271268498e-06, 3.78006734536e-06, 4.94782307214e-06, 8.86755969987e-06, 2.29012789532e-06, 1.27231802871e-09],
        "dvar": [4.86243845188e-09, 2.93182915811e-06, 1.02621538645e-06, 4.52731143241e-07, 2.8316074463e-07, 1.14430058318e-07, 9.49501668401e-08, 3.98099082588e-08, 1.18863404452e-07, 1.97590182438e-07, 8.05707998097e-08, 4.90280740451e-08, 4.43848939824e-08, 1.63196546055e-07, 1.22943345104e-06, 7.01377359746e-07, 6.29308260613e-07, 7.53362030537e-07, 5.58711803933e-07, 1.53849512685e-07, 3.58537377565e-08, 8.06483629878e-11, 2.99807297044e-11, 6.55144896666e-11, 4.20507295651e-10, 2.33543791944e-11, 1.82408462473e-17],
        "dvar2": [1.34989033285e-08, 8.30234421301e-06, 2.82604673885e-06, 1.25365704662e-06, 7.43100201817e-07, 2.59428219351e-07, 2.15138456383e-07, 7.58780203114e-08, 2.87612550665e-07, 4.0441324245e-07, 2.07197473401e-07, 1.15346324492e-07, 1.07089846324e-07, 3.27119948906e-07, 2.69042857326e-06, 1.72734507942e-06, 1.42513670198e-06, 1.52065251768e-06, 1.24206985674e-06, 3.8049697082e-07, 8.36164275597e-08, 2.22294779806e-10, 7.49870304739e-11, 1.55835941373e-10, 1.04156028247e-09, 5.5094848822e-11, 1.0782145429e-17],
        "max": [0.00123745528981, 0.0166688431054, 0.0170918665826, 0.00910857133567, 0.0113061880693, 0.00995460804552, 0.00659347558394, 0.00373468594626, 0.00872005801648, 0.00802769139409, 0.00533240754157, 0.00363646261394, 0.00295470003039, 0.00762905878946, 0.0145569462329, 0.00958239752799, 0.0133848348632, 0.0182164069265, 0.0167212933302, 0.00593133270741, 0.00315618002787, 0.000220894100494, 9.69966858975e-05, 0.000100034485513, 0.000255181483226, 6.81672681822e-05, 2.61232315779e-07],
        "mean": [3.56861200999e-05, 0.00276226690039, 0.000777747307438, 0.000631710747257, 0.000969241722487, 0.000862728687935, 0.000459973758552, 0.000398945849156, 0.000428330851719, 0.000861847365741, 0.000396691058995, 0.000353299546987, 0.000259505410213, 0.000540090666618, 0.00168046343606, 0.00126262044068, 0.00114005093928, 0.00113596860319, 0.00062680861447, 0.000285450747469, 0.000116083749162, 7.57886482461e-06, 4.07301195082e-06, 4.46632839157e-06, 4.8488682296e-06, 1.54383212703e-06, 7.96719357155e-10],
        "median": [1.24457264974e-05, 0.00165558699518, 0.000460919953184, 0.000330453010974, 0.000635164964478, 0.000490117527079, 0.000154446359375, 0.00022146871197, 0.00010746539192, 0.000459990842501, 0.000160109862918, 0.000203808536753, 0.000148365827044, 0.000338261859724, 0.0011071463814, 0.000821497989818, 0.000691441062372, 0.000537693442311, 0.000256542785792, 5.287751992e-05, 2.09672289202e-05, 2.59812827608e-06, 1.28785359266e-06, 1.2982301314e-06, 4.18771378463e-07, 1.74805975917e-07, 2.69181427148e-10],
        "min": [1.27493017375e-23, 7.10943614777e-24, 6.70406656098e-24, 5.30611037362e-24, 7.11131474113e-23, 2.58029775666e-23, 3.71822519482e-23, 4.8212887675e-23, 3.472371645e-23, 6.67633368254e-23, 3.6850453896e-23, 9.8474106333e-23, 1.27686162079e-22, 1.43410091051e-22, 1.01582628507e-22, 2.34319961625e-22, 1.50875189083e-22, 2.54995513702e-22, 4.62868894547e-22, 4.31589158638e-22, 5.12094168443e-22, 6.08653318084e-22, 6.98281144537e-22, 9.16420698094e-22, 1.1073600752e-21, 2.07924165817e-21, 2.51565112297e-21],
        "var": [4.97574870195e-09, 9.16251337912e-06, 1.14376939564e-06, 7.46147009067e-07, 1.20676975257e-06, 1.15728050787e-06, 7.67901383369e-07, 2.47842621093e-07, 7.19767342616e-07, 1.17533591037e-06, 3.66265567209e-07, 1.80652691029e-07, 1.02120274903e-07, 4.31130871448e-07, 3.20632807416e-06, 1.65803442087e-06, 1.74350373072e-06, 3.09614279104e-06, 1.20487766253e-06, 2.79784273971e-07, 5.79443231175e-08, 2.21588969396e-10, 8.03798000382e-11, 8.55515797094e-11, 3.44838269051e-10, 2.24498544754e-11, 4.38275162465e-17]
    },
    "erbbands": {
        "dmean": [0.0238781254739, 0.251658290625, 0.648976445198, 0.95119124651, 1.27582240105, 0.939734578133, 2.18554186821, 1.66519093513, 2.35472679138, 1.48151791096, 3.09475445747, 3.81550216675, 6.3807721138, 9.42424201965, 7.98590660095, 7.01136779785, 4.95763778687, 12.919137001, 25.1588478088, 47.8495368958, 21.3803443909, 22.7584381104, 27.4909267426, 23.5715560913, 8.72285556793, 7.40293312073, 5.32920694351, 0.627853453159, 0.152116805315, 0.0801541432738, 0.0677845776081, 0.0696262940764, 0.0593765601516, 0.0663582608104, 0.0329220928252, 0.00948225706816, 0.00259520998225, 0.000189364305697, 5.18849310538e-06, 3.75330705538e-06],
        "dmean2": [0.041565630585, 0.432818382978, 1.11116874218, 1.58140718937, 2.18604397774, 1.53063595295, 2.88443493843, 2.71757435799, 3.38866472244, 2.27191925049, 4.29616069794, 5.84617996216, 9.54095554352, 12.9215049744, 12.568980217, 10.1725130081, 7.46553182602, 19.2860927582, 38.1869316101, 69.4723434448, 31.9535179138, 35.4972991943, 39.9154129028, 34.6682624817, 13.1391897202, 11.5618057251, 8.225440979, 0.949439227581, 0.249001160264, 0.129329368472, 0.108271792531, 0.108860805631, 0.0922407209873, 0.108343034983, 0.054202914238, 0.0150315696374, 0.00394407939166, 0.000299494626233, 7.77045534051e-06, 5.65407663089e-06],
        "dvar": [0.00255024805665, 0.165666088462, 1.21508073807, 2.52891349792, 5.84290122986, 2.44224762917, 9.90095901489, 7.68722248077, 21.7067050934, 10.2972888947, 24.1052722931, 72.0918655396, 140.381484985, 243.978271484, 172.656982422, 103.266639709, 60.3593978882, 339.850341797, 1055.12280273, 6484.32910156, 671.527893066, 1508.80493164, 1837.28295898, 2611.68237305, 339.42300415, 333.333496094, 221.94770813, 2.04068994522, 0.17305752635, 0.0361726246774, 0.0258989017457, 0.0238862149417, 0.0351763218641, 0.0630328059196, 0.015976710245, 0.00117522093933, 6.38792116661e-05, 3.77012696617e-07, 1.40327222065e-10, 2.15423928696e-11],
        "dvar2": [0.0074609965086, 0.462578266859, 3.46522378922, 6.74263715744, 15.4951324463, 6.16791248322, 14.4876842499, 23.0603847504, 46.9647026062, 24.7626094818, 46.631526947, 177.57232666, 350.264404297, 450.499481201, 443.38973999, 235.650863647, 136.606109619, 757.148925781, 2381.49560547, 13331.5234375, 1572.20776367, 3640.26123047, 3766.50366211, 5781.10888672, 762.868896484, 803.371887207, 508.167663574, 4.72703838348, 0.468974798918, 0.105283647776, 0.063984952867, 0.0573339499533, 0.0833204612136, 0.157286867499, 0.0404720306396, 0.00293242838234, 0.000145175319631, 8.72755208547e-07, 3.12981279782e-10, 4.83204205814e-11],
        "max": [0.520036399364, 4.34058952332, 17.8699245453, 19.037820816, 47.9992256165, 29.2308521271, 144.572906494, 43.1282081604, 100.125595093, 59.8867378235, 84.8306350708, 200.287368774, 184.872817993, 319.797271729, 253.09664917, 185.137756348, 137.170074463, 248.352279663, 459.910095215, 1091.29455566, 382.791168213, 636.048950195, 912.688903809, 1169.6776123, 407.819274902, 295.198974609, 241.970199585, 26.7742099762, 10.4472465515, 4.12904024124, 2.03015875816, 2.69563627243, 2.82874107361, 2.97749686241, 1.51613104343, 0.525089681149, 0.121220186353, 0.00792718119919, 0.000191537881619, 9.66625302681e-05],
        "mean": [0.0496964715421, 0.713146865368, 1.11216962337, 1.73029506207, 2.22001791, 2.82280039787, 9.11539077759, 4.35179185867, 7.56728744507, 4.39433860779, 10.466085434, 11.4375104904, 14.8665828705, 28.0483798981, 20.0776596069, 17.0638160706, 12.441327095, 29.6611881256, 56.2303314209, 106.547416687, 55.6597290039, 54.0637893677, 63.9041633606, 50.1756324768, 19.0574359894, 13.5477190018, 9.18040370941, 1.37475097179, 0.333986639977, 0.16751332581, 0.111009851098, 0.107610546052, 0.0684437528253, 0.060336727649, 0.0288460999727, 0.00921717844903, 0.00271079246886, 0.000188534002518, 1.39832463901e-05, 2.05387405003e-05],
        "median": [0.0160121936351, 0.459195643663, 0.921268582344, 0.980049192905, 1.22887253761, 1.74934577942, 4.16355037689, 2.2557451725, 2.62438082695, 1.67117512226, 5.5372428894, 3.79049062729, 6.36888360977, 13.0079450607, 9.59909439087, 9.65943145752, 7.88266324997, 19.3183021545, 40.7022285461, 61.2025527954, 43.4042701721, 34.0320472717, 34.835559845, 21.8113307953, 6.84710168839, 2.91147494316, 1.67971730232, 0.250785589218, 0.101017199457, 0.0602274015546, 0.0341888815165, 0.0367242507637, 0.013010263443, 0.00596344517544, 0.00218129507266, 0.000982805620879, 0.000297675287584, 1.93796040548e-05, 1.07108171505e-05, 1.8997119696e-05],
        "min": [2.08790857632e-22, 1.72980046048e-21, 7.28314353998e-21, 1.67905773627e-20, 1.17616035817e-19, 3.04076297764e-19, 1.13733754085e-19, 3.14996529416e-19, 4.6001649024e-19, 7.25654221927e-19, 1.14942763853e-18, 8.51613614993e-19, 1.82796513578e-18, 1.65955943487e-18, 1.91765033254e-18, 4.12521299412e-18, 5.59969841835e-18, 6.48512495374e-18, 7.09853397187e-18, 9.20915644233e-18, 1.16309592961e-17, 7.81154380755e-18, 1.47918306565e-17, 2.68151969906e-17, 1.40310048183e-17, 2.28210180909e-17, 2.0180933854e-17, 2.29265679914e-17, 2.31467949034e-17, 2.00714531912e-17, 1.91880507667e-17, 1.51919776235e-17, 1.62615916387e-17, 1.29757432139e-17, 8.71900229855e-18, 7.57541682989e-18, 3.71804036862e-18, 1.46155369613e-18, 3.96614388758e-19, 3.3623273082e-20],
        "var": [0.00452683446929, 0.575541317463, 1.47157299519, 4.94878053665, 10.9343385696, 11.6481895447, 208.061431885, 29.9771976471, 188.537780762, 48.6944389343, 165.188186646, 469.009155273, 437.375579834, 1688.81274414, 831.005065918, 407.47869873, 187.831054688, 942.875061035, 2747.96313477, 18629.5117188, 2092.83032227, 4013.82885742, 6820.88427734, 7065.86962891, 936.026489258, 601.878051758, 363.547973633, 5.82938671112, 0.433978021145, 0.129947200418, 0.053345810622, 0.0422484911978, 0.0358601361513, 0.0514878183603, 0.0126096317545, 0.000994328758679, 6.60037039779e-05, 3.68126023886e-07, 1.83554338395e-10, 1.20251489322e-10]
    },
    "gfcc": {
        "mean": [-52.9347419739, 137.349853516, -179.430526733, 32.4685401917, -18.1571598053, -7.30534791946, -31.9886436462, 8.62245464325, -17.5385074615, -7.08087062836, -9.32187747955, -7.16346359253, 2.6323184967],
        "cov": [[3193.92944336, -346.206634521, 710.153137207, 386.531829834, -150.097961426, 494.80355835, -268.253540039, 282.159484863, -128.759384155, 82.7919998169, -94.051612854, 53.9813194275, -177.718673706], [-346.206634521, 1028.68493652, -34.7528305054, 37.8998069763, 271.762054443, -123.543899536, 185.835464478, -147.803604126, 152.677032471, -77.8220672607, 152.995452881, -58.0335845947, 82.774772644], [710.153137207, -34.7528305054, 1270.15258789, -62.743347168, 191.337188721, 739.1796875, -610.252624512, 215.697616577, -94.6599121094, 141.011672974, -78.8646469116, 66.9993591309, -117.648422241], [386.531829834, 37.8998069763, -62.743347168, 316.227294922, 31.5097408295, -24.313533783, 189.968536377, -19.0535926819, 57.5394897461, -32.1075134277, 37.3406181335, -7.16261720657, 8.62575149536], [-150.097961426, 271.762054443, 191.337188721, 31.5097408295, 308.408813477, 145.050613403, -45.4092636108, 16.4338264465, 56.7316017151, 1.45282137394, 24.5261745453, 0.83536362648, 17.7033729553], [494.80355835, -123.543899536, 739.1796875, -24.313533783, 145.050613403, 586.149963379, -362.086242676, 135.932174683, -47.7574005127, 69.768081665, -55.0300941467, 40.4424934387, -66.9147491455], [-268.253540039, 185.835464478, -610.252624512, 189.968536377, -45.4092636108, -362.086242676, 537.398376465, -91.2652053833, 99.1121444702, -71.1374893188, 67.8902816772, -24.9886722565, 69.9082565308], [282.159484863, -147.803604126, 215.697616577, -19.0535926819, 16.4338264465, 135.932174683, -91.2652053833, 167.127243042, -16.2151832581, 47.285194397, -46.3706703186, 16.3615665436, -33.2659301758], [-128.759384155, 152.677032471, -94.6599121094, 57.5394897461, 56.7316017151, -47.7574005127, 99.1121444702, -16.2151832581, 114.163726807, -17.0567531586, 27.1236782074, -22.6737556458, 23.2627296448], [82.7919998169, -77.8220672607, 141.011672974, -32.1075134277, 1.45282137394, 69.768081665, -71.1374893188, 47.285194397, -17.0567531586, 108.067016602, -2.7779083252, 31.3584403992, -9.24187374115], [-94.051612854, 152.995452881, -78.8646469116, 37.3406181335, 24.5261745453, -55.0300941467, 67.8902816772, -46.3706703186, 27.1236782074, -2.7779083252, 104.078117371, 20.0660972595, 15.0787296295], [53.9813194275, -58.0335845947, 66.9993591309, -7.16261720657, 0.83536362648, 40.4424934387, -24.9886722565, 16.3615665436, -22.6737556458, 31.3584403992, 20.0660972595, 77.377456665, 6.08184528351], [-177.718673706, 82.774772644, -117.648422241, 8.62575149536, 17.7033729553, -66.9147491455, 69.9082565308, -33.2659301758, 23.2627296448, -9.24187374115, 15.0787296295, 6.08184528351, 90.3062133789]],
        "icov": [[0.00104867736809, -0.00154036271852, 0.00164401927032, -0.00293986382894, 0.00174863415305, -0.00153736048378, 0.00180139171425, -0.00214909133501, 0.00151916744653, -0.000981247634627, 0.00180040975101, -0.0015067596687, 0.00153923477046], [-0.00154036271852, 0.00658872257918, -0.00654527498409, 0.00683991843835, -0.00513792037964, 0.005176410079, -0.00572173018008, 0.00571740558371, -0.00444703409448, 0.00393455475569, -0.00751045905054, 0.00601171236485, -0.00447528017685], [0.00164401927032, -0.00654527498409, 0.0112057225779, -0.00825652014464, 0.00436827493832, -0.0086208647117, 0.00851086061448, -0.00687456224114, 0.00488727493212, -0.00559661909938, 0.00737592345104, -0.00651741027832, 0.00563250482082], [-0.00293986382894, 0.00683991843835, -0.00825652014464, 0.0148299885914, -0.00620377529413, 0.00547888595611, -0.0100012151524, 0.00787428300828, -0.00640866765752, 0.00527861574665, -0.00862270779908, 0.00663309218362, -0.00512504484504], [0.00174863415305, -0.00513792037964, 0.00436827493832, -0.00620377529413, 0.00922477710992, -0.00525220436975, 0.00454562855884, -0.00506206229329, 0.00140651024412, -0.00234350678511, 0.00455737067387, -0.00424474384636, 0.00227311137132], [-0.00153736048378, 0.005176410079, -0.0086208647117, 0.00547888595611, -0.00525220436975, 0.0111074261367, -0.00398292159662, 0.00423957454041, -0.00398805132136, 0.00405124016106, -0.00495310872793, 0.00375239807181, -0.00360330101103], [0.00180139171425, -0.00572173018008, 0.00851086061448, -0.0100012151524, 0.00454562855884, -0.00398292159662, 0.0120628653094, -0.00659641623497, 0.00252209184691, -0.00358850881457, 0.0060033001937, -0.00616793893278, 0.00361823686399], [-0.00214909133501, 0.00571740558371, -0.00687456224114, 0.00787428300828, -0.00506206229329, 0.00423957454041, -0.00659641623497, 0.0154380723834, -0.00547028938308, 0.00106365198735, -0.00267026433721, 0.00377107760869, -0.00254101143219], [0.00151916744653, -0.00444703409448, 0.00488727493212, -0.00640866765752, 0.00140651024412, -0.00398805132136, 0.00252209184691, -0.00547028938308, 0.0169922020286, -0.00323597760871, 0.0025707683526, 0.000311551033519, 0.00168811669573], [-0.000981247634627, 0.00393455475569, -0.00559661909938, 0.00527861574665, -0.00234350678511, 0.00405124016106, -0.00358850881457, 0.00106365198735, -0.00323597760871, 0.0153463166207, -0.00556135550141, 3.37872588716e-05, -0.00337129388936], [0.00180040975101, -0.00751045905054, 0.00737592345104, -0.00862270779908, 0.00455737067387, -0.00495310872793, 0.0060033001937, -0.00267026433721, 0.0025707683526, -0.00556135550141, 0.0228042062372, -0.0124455001205, 0.00646459218115], [-0.0015067596687, 0.00601171236485, -0.00651741027832, 0.00663309218362, -0.00424474384636, 0.00375239807181, -0.00616793893278, 0.00377107760869, 0.000311551033519, 3.37872588716e-05, -0.0124455001205, 0.0239255353808, -0.00743343029171], [0.00153923477046, -0.00447528017685, 0.00563250482082, -0.00512504484504, 0.00227311137132, -0.00360330101103, 0.00361823686399, -0.00254101143219, 0.00168811669573, -0.00337129388936, 0.00646459218115, -0.00743343029171, 0.01782079041]]
    },
    "melbands": {
        "dmean": [0.000249482342042, 0.000330855604261, 0.000165120887686, 8.30047065392e-05, 6.3262101321e-05, 3.92884503526e-05, 3.50446316588e-05, 1.66305180755e-05, 2.56213243119e-05, 2.44495349762e-05, 3.20385152008e-05, 4.02929872507e-05, 2.4799228413e-05, 1.89464499272e-05, 1.29319359985e-05, 1.47649825522e-05, 2.6483561669e-05, 3.67080319847e-05, 5.43269052287e-05, 6.62799793645e-05, 2.47980497079e-05, 2.82493310806e-05, 2.99640141748e-05, 3.08498856612e-05, 2.19446064875e-05, 8.23511527415e-06, 5.32728745384e-06, 5.40086193723e-06, 4.43631279268e-06, 1.19835090118e-06, 1.56756499337e-07, 9.97973543804e-08, 6.38624868543e-08, 4.43351950707e-08, 3.95396391184e-08, 4.53048407678e-08, 4.43898180436e-08, 4.29124717982e-08, 5.13880706876e-08, 5.80796779559e-08],
        "dmean2": [0.000428801198723, 0.000572467863094, 0.000274714955594, 0.000141561613418, 8.63949244376e-05, 6.1516155256e-05, 5.03283372382e-05, 2.50974571827e-05, 3.61737329513e-05, 3.74553455913e-05, 4.8129568313e-05, 5.5079755839e-05, 3.91507783206e-05, 2.85264686681e-05, 1.87169553101e-05, 2.2220203391e-05, 3.97709372919e-05, 5.55270416953e-05, 7.95968298917e-05, 9.81190460152e-05, 3.70732668671e-05, 4.43601347797e-05, 4.64587246825e-05, 4.44869074272e-05, 3.31452210958e-05, 1.25815395222e-05, 8.58415751281e-06, 8.51774984767e-06, 6.92078083375e-06, 1.82052178843e-06, 2.51246518701e-07, 1.68788375277e-07, 1.02190938378e-07, 7.2186864486e-08, 6.43262580979e-08, 7.19984853959e-08, 6.96838924341e-08, 6.79328735487e-08, 8.19800192176e-08, 9.57423580417e-08],
        "dvar": [2.22022961793e-07, 2.62327688461e-07, 7.77681492536e-08, 2.06464338959e-08, 7.92626764223e-09, 3.63511487578e-09, 4.82814010994e-09, 1.17121434773e-09, 1.6991301699e-09, 2.88782597835e-09, 3.52670603831e-09, 4.56714666086e-09, 1.62617308508e-09, 6.77880584998e-10, 4.22276380529e-10, 4.51053666639e-10, 1.64479030396e-09, 2.56271293075e-09, 6.65748922657e-09, 8.01737876088e-09, 1.02516017897e-09, 2.01904626351e-09, 2.22532459127e-09, 3.44792638884e-09, 2.75512723746e-09, 2.85344609052e-10, 1.48721784887e-10, 1.81899481588e-10, 1.53715803974e-10, 8.17577776313e-12, 1.16272415958e-13, 8.95444132796e-14, 1.96975682293e-14, 1.34040380453e-14, 9.62607967105e-15, 1.01549873721e-14, 1.10318968655e-14, 1.91317722434e-14, 3.60037418986e-14, 4.94011265001e-14],
        "dvar2": [6.37437381101e-07, 7.43657039948e-07, 2.03600194482e-07, 5.54585035673e-08, 1.24757990605e-08, 1.02353983067e-08, 1.04653326005e-08, 2.67125588316e-09, 3.45935879942e-09, 7.20683512867e-09, 8.74217054303e-09, 8.33441671233e-09, 4.08960776355e-09, 1.66580604866e-09, 9.05674146789e-10, 1.00274233361e-09, 3.67480113006e-09, 5.54520784846e-09, 1.39155567069e-08, 1.77828685111e-08, 2.46956721739e-09, 5.06504971298e-09, 4.94718221944e-09, 6.70704691785e-09, 6.19597750884e-09, 6.31895535896e-10, 3.64348384796e-10, 4.47653164537e-10, 3.61077445721e-10, 1.82947147015e-11, 2.91562401392e-13, 2.49377666954e-13, 5.08491665929e-14, 3.89132323098e-14, 2.43889076415e-14, 2.50498457562e-14, 2.74198456367e-14, 4.67175126709e-14, 8.78083413272e-14, 1.25682152402e-13],
        "max": [0.00420886324719, 0.00732563156635, 0.00367200537585, 0.00313697452657, 0.00399022130296, 0.000832439749502, 0.00152123742737, 0.000797441636678, 0.000811002682894, 0.00127528805751, 0.000936418771744, 0.00138872198295, 0.00077077653259, 0.000450627499959, 0.000335808523232, 0.000318110804074, 0.000564571295399, 0.000731319247279, 0.00108812237158, 0.0011424170807, 0.000475741398986, 0.000749649247155, 0.000812094192952, 0.0012549480889, 0.00118447863497, 0.000306314177578, 0.000230864607147, 0.000186283214134, 0.000192403778783, 3.91543762817e-05, 7.15991427569e-06, 8.06290245237e-06, 3.27101793118e-06, 2.66766232926e-06, 1.55501004429e-06, 1.49232789681e-06, 1.4670232531e-06, 2.33831019614e-06, 2.36157620748e-06, 2.77574440588e-06],
        "mean": [0.000647704524454, 0.000751438026782, 0.000300492858514, 0.000180138566066, 0.000262861140072, 0.00011069089669, 0.000112148140033, 4.81252282043e-05, 8.94988988875e-05, 6.6191147198e-05, 7.26054422557e-05, 0.000115931288747, 5.99680024607e-05, 4.63269861939e-05, 3.14016069751e-05, 3.17229096254e-05, 5.58073406864e-05, 7.71067352616e-05, 0.000114270900667, 0.000144247736898, 5.31972982571e-05, 5.75965168537e-05, 5.72281023778e-05, 6.19487618678e-05, 3.9526992623e-05, 1.59119299497e-05, 9.65914296103e-06, 8.82782478584e-06, 7.16289287084e-06, 2.17613660425e-06, 3.0736848089e-07, 1.82777526447e-07, 1.21600521652e-07, 8.02197774874e-08, 5.96263873831e-08, 6.88766164103e-08, 6.25563885137e-08, 4.67557015327e-08, 5.14578815114e-08, 5.01275927434e-08],
        "median": [0.000323246960761, 0.00062222557608, 0.000182082134415, 0.00010493802256, 0.000127689621877, 5.92607284489e-05, 3.81264944735e-05, 1.96987166419e-05, 4.63372271042e-05, 1.83811280294e-05, 3.00891715597e-05, 4.9028552894e-05, 2.75270067505e-05, 2.76360224234e-05, 1.63478143804e-05, 2.02068895305e-05, 3.32120216626e-05, 5.22596383234e-05, 7.03629266354e-05, 8.77909042174e-05, 3.55845986633e-05, 3.3836116927e-05, 3.27913658111e-05, 2.53829512076e-05, 1.64456869243e-05, 5.19734385307e-06, 2.60244951278e-06, 1.72867009951e-06, 1.3028657122e-06, 3.19875169907e-07, 6.38428261368e-08, 5.34498880711e-08, 3.97255917051e-08, 2.56683811983e-08, 1.55364503485e-08, 2.33649330994e-08, 1.94434903733e-08, 7.94793120207e-09, 5.83299275547e-09, 4.47143611026e-09],
        "min": [2.89583304685e-24, 3.45921738941e-24, 4.31343226518e-24, 1.71999508351e-23, 6.04955182336e-24, 6.26748095932e-24, 7.18821889751e-24, 7.95007157192e-24, 1.00734516259e-23, 4.52134562865e-24, 9.31153347608e-24, 7.05509861975e-24, 6.05101831579e-24, 8.5848387545e-24, 1.40128297157e-23, 1.18662113971e-23, 1.25189898519e-23, 1.24831455901e-23, 8.51886000611e-24, 1.56630257552e-23, 1.33323251667e-23, 8.2744077888e-24, 9.2177671023e-24, 1.49798674781e-23, 2.42709860229e-23, 1.05772284552e-23, 1.04988803678e-23, 1.52455132325e-23, 1.24779020316e-23, 1.07688632795e-23, 1.51690931212e-23, 1.21651123718e-23, 1.28439445357e-23, 1.140290471e-23, 1.17767790252e-23, 7.22819442388e-24, 1.07223409964e-23, 1.15735274352e-23, 1.16522044776e-23, 1.09225223398e-23],
        "var": [5.81849121772e-07, 5.06635956299e-07, 1.41599670656e-07, 6.04704268881e-08, 1.57619197694e-07, 1.80765287183e-08, 4.29400230928e-08, 5.68160674064e-09, 1.24122490064e-08, 1.62903521783e-08, 1.08161399837e-08, 3.18248716269e-08, 7.42862349412e-09, 2.78399658882e-09, 1.50495615969e-09, 1.18537246685e-09, 4.34328573107e-09, 6.76711930936e-09, 1.68871014949e-08, 2.38814550357e-08, 2.95522695204e-09, 4.80069095588e-09, 5.4000581784e-09, 1.23651560102e-08, 5.21530107989e-09, 7.23241078138e-10, 2.97848468112e-10, 2.90512613965e-10, 2.33870978139e-10, 1.76643265987e-11, 3.68797521818e-13, 1.64767952429e-13, 6.00440582129e-14, 3.94569156536e-14, 1.87931487999e-14, 1.72889250117e-14, 1.63072324605e-14, 1.83565592197e-14, 3.23169395162e-14, 3.84419025204e-14]
    },
    "mfcc": {
        "mean": [-678.486755371, 160.932327271, -74.6154556274, 37.2133522034, 21.260389328, -5.26649141312, 3.98752951622, 3.36458730698, 3.24682641029, 6.04019641876, -9.36933708191, -1.38164258003, -1.98735427856],
        "cov": [[1962.68603516, -369.709686279, 338.017242432, 284.239013672, -110.867988586, 102.224502563, 64.23072052, 166.540634155, 29.4586620331, 42.6141815186, 55.8302383423, 50.4242172241, -79.4142379761], [-369.709686279, 872.096374512, 114.866317749, -26.1780643463, 307.289489746, 92.0413208008, 18.8063182831, -9.29249095917, -6.74999332428, 2.37176394463, 42.2207298279, 7.78347015381, 28.8795452118], [338.017242432, 114.866317749, 911.110961914, -341.282806396, 549.875427246, 221.792907715, -33.1593704224, 34.4413261414, -37.4222755432, 35.6529502869, 36.65001297, -32.76612854, -25.3411312103], [284.239013672, -26.1780643463, -341.282806396, 462.170318604, -293.12677002, -23.1689090729, 62.9076271057, 48.80651474, 46.6230545044, 4.83036327362, 9.7385225296, 53.5121192932, 3.53745627403], [-110.867988586, 307.289489746, 549.875427246, -293.12677002, 695.608337402, 211.837020874, -35.3923072815, 34.8804550171, -19.8631706238, 52.8634643555, 30.0994758606, -64.9316177368, 8.79085636139], [102.224502563, 92.0413208008, 221.792907715, -23.1689090729, 211.837020874, 237.616577148, 25.8046169281, 45.2981109619, 0.898027539253, 26.6518936157, 0.336597710848, 4.76147556305, 4.38987207413], [64.23072052, 18.8063182831, -33.1593704224, 62.9076271057, -35.3923072815, 25.8046169281, 109.708137512, 31.7407455444, 18.9854164124, -8.57598781586, 10.3537483215, 34.087387085, 20.3149623871], [166.540634155, -9.29249095917, 34.4413261414, 48.80651474, 34.8804550171, 45.2981109619, 31.7407455444, 121.097480774, 29.0627574921, 22.990530014, 8.56454944611, 6.26795244217, -4.42702388763], [29.4586620331, -6.74999332428, -37.4222755432, 46.6230545044, -19.8631706238, 0.898027539253, 18.9854164124, 29.0627574921, 107.558296204, 39.3184318542, 6.55917549133, -6.69578266144, 10.4170341492], [42.6141815186, 2.37176394463, 35.6529502869, 4.83036327362, 52.8634643555, 26.6518936157, -8.57598781586, 22.990530014, 39.3184318542, 92.4226074219, 12.5356006622, -23.4687385559, -16.0564479828], [55.8302383423, 42.2207298279, 36.65001297, 9.7385225296, 30.0994758606, 0.336597710848, 10.3537483215, 8.56454944611, 6.55917549133, 12.5356006622, 84.5466156006, 27.0219287872, 6.71791219711], [50.4242172241, 7.78347015381, -32.76612854, 53.5121192932, -64.9316177368, 4.76147556305, 34.087387085, 6.26795244217, -6.69578266144, -23.4687385559, 27.0219287872, 112.765731812, 31.1723747253], [-79.4142379761, 28.8795452118, -25.3411312103, 3.53745627403, 8.79085636139, 4.38987207413, 20.3149623871, -4.42702388763, 10.4170341492, -16.0564479828, 6.71791219711, 31.1723747253, 77.0171508789]],
