{
"lowlevel": {
    "average_loudness": 0.949846923351,
    "barkbands_crest": {
        "dmean": 2.60424995422,
        "dmean2": 4.01742362976,
        "dvar": 6.28078079224,
        "dvar2": 13.7191381454,
        "max": 26.5516853333,
        "mean": 12.0215196609,
        "median": 11.2017974854,
        "min": 2.82839202881,
        "var": 27.5945320129
    },
    "barkbands_flatness_db": {
        "dmean": 0.0335238613188,
        "dmean2": 0.053197607398,
        "dvar": 0.00109630648512,
        "dvar2": 0.00227614911273,
        "max": 0.504414737225,
        "mean": 0.222250506282,
        "median": 0.216931521893,
        "min": 0.0402635298669,
        "var": 0.00804600585252
    },
    "barkbands_kurtosis": {
        "dmean": 7.23628091812,
        "dmean2": 11.1876392365,
        "dvar": 246.969390869,
        "dvar2": 549.360046387,
        "max": 262.416259766,
        "mean": 13.0479488373,
        "median": 5.02316522598,
        "min": -1.7196059227,
        "var": 595.010620117
    },
    "barkbands_skewness": {
        "dmean": 0.729963481426,
        "dmean2": 1.09390044212,
        "dvar": 0.778789460659,
        "dvar2": 1.6162352562,
        "max": 14.3467578888,
        "mean": 2.05819368362,
        "median": 1.84899425507,
        "min": -2.52368402481,
        "var": 4.13907814026
    },
    "barkbands_spread": {
        "dmean": 3.09564185143,
        "dmean2": 4.82320976257,
        "dvar": 12.4683580399,
        "dvar2": 26.906244278,
        "max": 46.541103363,
        "mean": 10.3827610016,
        "median": 8.45564460754,
        "min": 0.243036597967,
        "var": 60.6671028137
    },
    "dissonance": {
        "dmean": 0.0291109718382,
        "dmean2": 0.0483582876623,
        "dvar": 0.000913265976124,
        "dvar2": 0.00226056040265,
        "max": 0.49984651804,
        "mean": 0.439475506544,
        "median": 0.451896190643,
        "min": 0.163546219468,
        "var": 0.00238180789165
    },
    "dynamic_complexity": 2.4809024334,
    "erbbands_crest": {
        "dmean": 3.30551099777,
        "dmean2": 5.32932519913,
        "dvar": 10.7332057953,
        "dvar2": 23.9226608276,
        "max": 33.1260604858,
        "mean": 11.2056016922,
        "median": 9.63647460938,
        "min": 3.21905517578,
        "var": 32.7863426208
    },
    "erbbands_flatness_db": {
        "dmean": 0.0331215932965,
        "dmean2": 0.0543993227184,
        "dvar": 0.000792901264504,
        "dvar2": 0.00209526484832,
        "max": 0.459849178791,
        "mean": 0.217161923647,
        "median": 0.213982626796,
        "min": 0.0905388444662,
        "var": 0.00224535819143
    },
    "erbbands_kurtosis": {
        "dmean": 2.37403607368,
        "dmean2": 3.72747087479,
        "dvar": 29.0864372253,
        "dvar2": 68.4402313232,
        "max": 109.562850952,
        "mean": 2.05771827698,
        "median": 0.135327100754,
        "min": -1.72393262386,
        "var": 58.5541419983
    },
    "erbbands_skewness": {
        "dmean": 0.552077889442,
        "dmean2": 0.818025410175,
        "dvar": 0.333945512772,
        "dvar2": 0.697673261166,
        "max": 8.99476242065,
        "mean": 0.701717734337,
        "median": 0.508860468864,
        "min": -2.31956744194,
        "var": 1.36104798317
    },
    "erbbands_spread": {
        "dmean": 6.37959718704,
        "dmean2": 9.93365859985,
        "dvar": 38.5473823547,
        "dvar2": 90.5970306396,
        "max": 76.7063980103,
        "mean": 25.6443119049,
        "median": 24.747844696,
        "min": 0.778613388538,
        "var": 149.823974609
    },
    "hfc": {
        "dmean": 4.47466802597,
        "dmean2": 6.84817075729,
        "dvar": 59.4019012451,
        "dvar2": 137.547790527,
        "max": 137.826843262,
        "mean": 12.3261880875,
        "median": 9.31929969788,
        "min": 1.22309453236e-16,
        "var": 103.756195068
    },
    "melbands_crest": {
        "dmean": 2.96513962746,
        "dmean2": 4.62513160706,
        "dvar": 8.62220668793,
        "dvar2": 18.957452774,
        "max": 34.8948631287,
        "mean": 14.8991279602,
        "median": 14.1292095184,
        "min": 2.61512827873,
        "var": 40.2665138245
    },
    "melbands_flatness_db": {
        "dmean": 0.0358514636755,
        "dmean2": 0.0559740997851,
        "dvar": 0.00139127974398,
        "dvar2": 0.0026571310591,
        "max": 0.635410249233,
        "mean": 0.311160564423,
        "median": 0.316759467125,
        "min": 0.00739580579102,
        "var": 0.0136950630695
    },
    "melbands_kurtosis": {
        "dmean": 10.8455514908,
        "dmean2": 16.5321941376,
        "dvar": 408.836029053,
        "dvar2": 903.541137695,
        "max": 347.641998291,
        "mean": 22.4598522186,
        "median": 10.7434902191,
        "min": -1.76714468002,
        "var": 1222.67883301
    },
    "melbands_skewness": {
        "dmean": 0.807754695415,
        "dmean2": 1.2239061594,
        "dvar": 0.831361591816,
        "dvar2": 1.760815382,
        "max": 12.77156353,
        "mean": 2.7117395401,
        "median": 2.54849743843,
        "min": -2.44325685501,
        "var": 5.08607816696
    },
    "melbands_spread": {
        "dmean": 4.18394517899,
        "dmean2": 6.45680809021,
        "dvar": 34.2462272644,
        "dvar2": 66.5792160034,
        "max": 134.092758179,
        "mean": 13.8122529984,
        "median": 8.56509208679,
        "min": 0.360432684422,
        "var": 159.203964233
    },
    "pitch_salience": {
        "dmean": 0.0716999843717,
        "dmean2": 0.108552910388,
        "dvar": 0.00447691837326,
        "dvar2": 0.00957433506846,
        "max": 0.861062288284,
        "mean": 0.519373357296,
        "median": 0.527864575386,
        "min": 0.0455590076745,
        "var": 0.0215621180832
    },
    "silence_rate_20dB": {
        "dmean": 0,
        "dmean2": 0,
        "dvar": 0,
        "dvar2": 0,
        "max": 1,
        "mean": 1,
        "median": 1,
        "min": 1,
        "var": 0
    },
    "silence_rate_30dB": {
        "dmean": 0.043321300298,
        "dmean2": 0.0866873040795,
        "dvar": 0.0414446666837,
        "dvar2": 0.085362829268,
        "max": 1,
        "mean": 0.939690709114,
        "median": 1,
        "min": 0,
        "var": 0.0566725842655
    },
    "silence_rate_60dB": {
        "dmean": 0.0165033526719,
        "dmean2": 0.0319917425513,
        "dvar": 0.0162311363965,
        "dvar2": 0.0392238683999,
        "max": 1,
        "mean": 0.0515463910997,
        "median": 0,
        "min": 0,
        "var": 0.0488887950778
    },
    "spectral_centroid": {
        "dmean": 141.518829346,
        "dmean2": 207.975982666,
        "dvar": 77289.984375,
        "dvar2": 101427.195312,
        "max": 10675.9521484,
        "mean": 805.148498535,
        "median": 612.733581543,
        "min": 108.851577759,
        "var": 336945.5625
    },
    "spectral_complexity": {
        "dmean": 2.4713768959,
        "dmean2": 3.79979372025,
        "dvar": 8.29046535492,
        "dvar2": 15.2664451599,
        "max": 45,
        "mean": 14.0226802826,
        "median": 13,
        "min": 0,
        "var": 49.6766586304
    },
    "spectral_decrease": {
        "dmean": 3.63297147921e-09,
        "dmean2": 5.39975530955e-09,
        "dvar": 4.61581075486e-17,
        "dvar2": 1.16986433498e-16,
        "max": 5.91464280389e-29,
        "mean": -1.02298658433e-08,
        "median": -8.79752448668e-09,
        "min": -8.796349249e-08,
        "var": 9.45696139044e-17
    },
    "spectral_energy": {
        "dmean": 0.014077433385,
        "dmean2": 0.0209334082901,
        "dvar": 0.000679041491821,
        "dvar2": 0.0017204269534,
        "max": 0.336267948151,
        "mean": 0.0397278033197,
        "median": 0.0343063734472,
        "min": 1.08705935449e-20,
        "var": 0.00137743738014
    },
    "spectral_energyband_high": {
        "dmean": 4.10446627939e-05,
        "dmean2": 6.96247589076e-05,
        "dvar": 3.88485643654e-09,
        "dvar2": 9.53602530274e-09,
        "max": 0.000696453847922,
        "mean": 5.92525429965e-05,
        "median": 2.75733837043e-05,
        "min": 7.49533071517e-21,
        "var": 7.15379000482e-09
    },
    "spectral_energyband_low": {
        "dmean": 0.00953664444387,
        "dmean2": 0.0149903884158,
        "dvar": 0.000623121333774,
        "dvar2": 0.00169165502302,
        "max": 0.294538706541,
        "mean": 0.0229340791702,
        "median": 0.0139187686145,
        "min": 4.76671915661e-23,
        "var": 0.0010469261324
    },
    "spectral_energyband_middle_high": {
        "dmean": 0.00164461054374,
        "dmean2": 0.0024630210828,
        "dvar": 1.11089166239e-05,
        "dvar2": 2.3315407816e-05,
        "max": 0.0399547703564,
        "mean": 0.00368360360153,
        "median": 0.00165837141685,
        "min": 1.60737167137e-21,
        "var": 2.74235517281e-05
    },
    "spectral_energyband_middle_low": {
        "dmean": 0.00744500057772,
        "dmean2": 0.0115112643689,
        "dvar": 0.000244488299359,
        "dvar2": 0.000528406293597,
        "max": 0.19018150866,
        "mean": 0.0149071505293,
        "median": 0.010110784322,
        "min": 3.72792894126e-22,
        "var": 0.000325165659888
    },
    "spectral_entropy": {
        "dmean": 0.243281334639,
        "dmean2": 0.37656763196,
        "dvar": 0.0749860778451,
        "dvar2": 0.148544937372,
        "max": 9.8108253479,
        "mean": 6.73543119431,
        "median": 6.79438972473,
        "min": 4.33275175095,
        "var": 0.510588765144
    },
    "spectral_flux": {
        "dmean": 0.0297919157892,
        "dmean2": 0.0458944439888,
        "dvar": 0.00190237921197,
        "dvar2": 0.00353199010715,
        "max": 0.471730172634,
        "mean": 0.0875924378633,
        "median": 0.0650543868542,
        "min": 1.04262140588e-10,
        "var": 0.00483460212126
    },
    "spectral_kurtosis": {
        "dmean": 7.19047260284,
        "dmean2": 12.3368434906,
        "dvar": 73.7161331177,
        "dvar2": 207.34223938,
        "max": 89.3821716309,
        "mean": 14.3135471344,
        "median": 10.9917049408,
        "min": -1.21394753456,
        "var": 123.589164734
    },
    "spectral_rms": {
        "dmean": 0.000977391260676,
        "dmean2": 0.00143102789298,
        "dvar": 1.81421444267e-06,
        "dvar2": 4.14870464738e-06,
        "max": 0.0181125998497,
        "mean": 0.00563095184043,
        "median": 0.00578529480845,
        "min": 3.2566020193e-12,
        "var": 7.0513542596e-06
    },
    "spectral_rolloff": {
        "dmean": 199.017684937,
        "dmean2": 321.253814697,
        "dvar": 263488.6875,
        "dvar2": 368721.40625,
        "max": 19272.2167969,
        "mean": 802.370239258,
        "median": 495.263671875,
        "min": 64.599609375,
        "var": 624537.875
    },
    "spectral_skewness": {
        "dmean": 0.567217350006,
        "dmean2": 0.943944990635,
        "dvar": 0.325990706682,
        "dvar2": 0.821518540382,
        "max": 7.80059862137,
        "mean": 2.62990427017,
        "median": 2.39560484886,
        "min": -0.00292818108574,
        "var": 1.14606642723
    },
    "spectral_spread": {
        "dmean": 776603.0625,
        "dmean2": 1336615.375,
        "dvar": 1.29602879488e+12,
        "dvar2": 2.273837056e+12,
        "max": 41046932,
        "mean": 2675094.5,
        "median": 2460554.25,
        "min": 920129.6875,
        "var": 1.58021831885e+12
    },
    "spectral_strongpeak": {
        "dmean": 0.524248063564,
        "dmean2": 0.84651684761,
        "dvar": 0.536973059177,
        "dvar2": 1.30493450165,
        "max": 8.03491210938,
        "mean": 1.05106806755,
        "median": 0.78939640522,
        "min": 3.38989991633e-09,
        "var": 1.03409695625
    },
    "zerocrossingrate": {
        "dmean": 0.00514949113131,
        "dmean2": 0.0061352616176,
        "dvar": 0.000150555075379,
        "dvar2": 0.000159475486726,
        "max": 0.5029296875,
        "mean": 0.032496124506,
        "median": 0.02490234375,
        "min": 0.0029296875,
        "var": 0.000568195537198
    },
    "barkbands": {
        "dmean": [8.04955634521e-05, 0.0054528536275, 0.00591691676527, 0.00259174732491, 0.00460472609848, 0.00057256600121, 0.000605943962, 0.000559106993023, 0.00154605600983, 0.000273989513516, 0.00041296731797, 0.000805167015642, 0.000375172181521, 0.000278038845863, 0.000231977493968, 8.75476471265e-05, 0.000116604940558, 3.90240747947e-05, 5.15235806233e-05, 2.94736310025e-05, 7.67866276874e-06, 6.36288223177e-06, 9.13390977075e-06, 5.96182917434e-06, 2.02364208235e-06, 1.78515767857e-06, 2.57984424934e-07],
        "dmean2": [0.000139331605169, 0.00820481032133, 0.00996238179505, 0.00446024676785, 0.00747257610783, 0.000898288853932, 0.00101824873127, 0.000889981514774, 0.00238035176881, 0.000463192875031, 0.000682247977238, 0.00122731900774, 0.000607304216828, 0.000460724142613, 0.000379402568797, 0.000148124687257, 0.000200469818083, 6.18434060016e-05, 8.53328820085e-05, 4.74987391499e-05, 1.22895307868e-05, 1.13229225462e-05, 1.69951836142e-05, 1.10655000753e-05, 3.7725940274e-06, 3.31188948621e-06, 4.82181292227e-07],
        "dvar": [2.11800106342e-08, 0.00018612157146, 0.000375299772713, 8.11985664768e-05, 0.000172645188286, 9.81439598036e-07, 2.95094946523e-06, 1.31149818117e-06, 4.73276668345e-05, 4.44976933522e-07, 1.63526749475e-06, 3.7463080389e-06, 5.5563720025e-07, 4.04494500117e-07, 1.91824256035e-07, 4.14060110643e-08, 1.14931346218e-07, 1.04107842347e-08, 9.28725540916e-09, 5.31611199506e-09, 2.14656278863e-10, 2.3802509963e-10, 5.47004497253e-10, 7.75538869235e-11, 1.00739460177e-11, 7.62462055298e-12, 2.32654282124e-13],
        "dvar2": [5.7984742341e-08, 0.000384614890208, 0.001053929911, 0.000226260730415, 0.000465419056127, 2.19242451749e-06, 7.93535127741e-06, 3.35930667461e-06, 0.000119915152027, 1.26699376324e-06, 4.28403291153e-06, 7.98671680968e-06, 1.41323425851e-06, 1.13054227313e-06, 4.93465449836e-07, 1.14444809185e-07, 3.21370663414e-07, 2.50674130342e-08, 2.36459776204e-08, 1.26028352199e-08, 5.169981665e-10, 6.90167201167e-10, 1.66553870695e-09, 2.13301654117e-10, 2.75340271416e-11, 2.10513152049e-11, 6.4581434818e-13],
        "max": [0.00210313987918, 0.204751640558, 0.208974719048, 0.0989514440298, 0.127261117101, 0.011359593831, 0.023396557197, 0.0181221980602, 0.188831031322, 0.0062207155861, 0.0227706171572, 0.0354324243963, 0.00796089321375, 0.00992407277226, 0.00565875507891, 0.00238785939291, 0.00934774521738, 0.00115341553465, 0.00128676497843, 0.000975747941993, 0.000173451830051, 0.000178331771167, 0.000402648758609, 5.53800709895e-05, 2.29926699831e-05, 1.98292582354e-05, 5.66806238567e-06],
        "mean": [0.000124729747768, 0.010815798305, 0.0101906787604, 0.00299006747082, 0.00735820410773, 0.000912802352104, 0.000706655846443, 0.000769692589529, 0.00206414773129, 0.000351589958882, 0.000517271808349, 0.00109966192394, 0.000540435372386, 0.000367148430087, 0.000374471157556, 0.000141144657391, 0.000188637030078, 5.79149273108e-05, 8.07693431852e-05, 4.25250946137e-05, 1.21546463561e-05, 6.63206810714e-06, 7.13510416972e-06, 4.58241629531e-06, 1.53595203756e-06, 1.31157014494e-06, 1.82308241392e-07],
        "median": [4.37531634816e-05, 0.00536013115197, 0.00319647043943, 0.000935864401981, 0.00318184494972, 0.000433213397628, 0.000293119577691, 0.000355653901352, 0.000283978530206, 0.000106619583676, 0.000115322618512, 0.000243628106546, 0.000179391339771, 0.000106371022412, 0.000128520856379, 3.86093088309e-05, 7.70998303778e-05, 2.08959354495e-05, 3.71813584934e-05, 1.14859676614e-05, 4.48142918685e-06, 2.37929361901e-06, 2.60121123574e-06, 1.91099729818e-06, 5.96175141254e-07, 4.96935399497e-07, 5.80636232428e-08],
        "min": [6.21048339233e-24, 9.00833242058e-24, 2.80611613276e-23, 1.35665048373e-23, 1.27178362848e-22, 8.21475886031e-23, 4.09507824874e-23, 5.81579435112e-23, 4.71101737255e-23, 8.3477178949e-23, 6.45383577977e-23, 8.00653807774e-23, 5.86288366736e-23, 7.75778877731e-23, 1.23669408567e-22, 1.07197071477e-22, 3.89304699506e-22, 1.26629517606e-22, 3.46841238367e-22, 3.2805473679e-22, 3.74581475301e-22, 4.81493231566e-22, 5.87252746037e-22, 6.93800515569e-22, 1.30917306054e-21, 2.0887241449e-21, 1.962948869e-21],
        "var": [4.25417177041e-08, 0.000383969047107, 0.000340827187756, 5.83723922318e-05, 0.000166052821442, 1.80922972959e-06, 3.04596301248e-06, 1.60067361321e-06, 5.28987802682e-05, 4.83067992718e-07, 1.74837953182e-06, 5.73257284486e-06, 9.76756609816e-07, 5.60976559427e-07, 4.13782288433e-07, 6.38007335851e-08, 1.76745473368e-07, 1.29448718411e-08, 1.51814418814e-08, 7.68509611504e-09, 3.68608643608e-10, 1.80333331601e-10, 3.31897370698e-10, 5.43462844171e-11, 7.04844602822e-12, 5.21089985397e-12, 1.49518404927e-13]
    },
    "erbbands": {
        "dmean": [0.118085682392, 1.39189791679, 5.39897346497, 8.91500854492, 11.505279541, 16.2391662598, 7.83726882935, 5.52187681198, 8.91428947449, 9.91635990143, 12.3016042709, 41.2430038452, 14.5164232254, 13.4078655243, 14.5448722839, 37.954120636, 17.924533844, 13.3388214111, 13.103635788, 7.55119895935, 6.28379058838, 4.18461799622, 1.75650584698, 2.35357308388, 2.60644698143, 1.2777775526, 0.489630311728, 0.28129312396, 0.220795065165, 0.285776376724, 0.233029335737, 0.147206798196, 0.0803970471025, 0.0270240847021, 0.0114245703444, 0.00748705677688, 0.0032307356596, 0.000956902804319, 2.80469794234e-05, 1.57341455633e-05],
        "dmean2": [0.165937170386, 2.09033966064, 8.72639560699, 15.5563783646, 17.737701416, 26.5283088684, 11.6988620758, 8.70946502686, 14.97585392, 16.4755535126, 19.6217422485, 62.52394104, 23.0026054382, 22.5554409027, 22.9947509766, 58.7209625244, 29.2237758636, 22.1255779266, 21.2610683441, 12.3036117554, 10.8508577347, 7.24375581741, 2.77664089203, 3.70628428459, 4.27767086029, 2.0168697834, 0.762662410736, 0.460651785135, 0.387818992138, 0.525567233562, 0.434447348118, 0.273509413004, 0.149619415402, 0.0502895861864, 0.0212485846132, 0.0138921253383, 0.00599644053727, 0.00178390566725, 5.09149685968e-05, 2.34991566685e-05],
        "dvar": [0.0731459781528, 12.3691501617, 245.088531494, 1080.46044922, 1217.31225586, 1789.9152832, 204.244491577, 95.3244628906, 656.734375, 559.655273438, 904.266052246, 29279.8925781, 3909.65014648, 2049.12890625, 1118.45397949, 8945.39746094, 1190.94238281, 848.930908203, 616.622253418, 227.952346802, 278.219848633, 90.1007919312, 18.2686328888, 30.6938781738, 28.9036808014, 9.23969364166, 0.959159076214, 0.312609165907, 0.243071883917, 0.707873284817, 0.269357025623, 0.0504268147051, 0.0144227119163, 0.00177717034239, 0.000325427623466, 0.000143514524098, 2.50557350228e-05, 2.2925396479e-06, 2.29758789771e-09, 8.08058564505e-10],
        "dvar2": [0.123463541269, 26.6311016083, 657.46496582, 3075.51757812, 2862.7487793, 4932.16894531, 470.226135254, 212.86126709, 1737.45214844, 1534.8671875, 2308.18115234, 71403.6953125, 10476.5068359, 5518.32519531, 2669.7109375, 18777.1269531, 2993.39819336, 2374.4453125, 1556.45275879, 592.629638672, 778.285095215, 248.027191162, 43.408115387, 67.6822052002, 76.5284881592, 21.0582351685, 2.11042571068, 0.802599191666, 0.692972123623, 2.13453173637, 0.810724258423, 0.139769718051, 0.0397347509861, 0.00488225370646, 0.000891387462616, 0.000397734809667, 6.90450251568e-05, 6.31764260106e-06, 6.41539266155e-09, 2.04954386795e-09],
        "max": [3.61751198769, 52.0693626404, 180.262939453, 399.513397217, 359.762390137, 438.544891357, 256.044403076, 119.125923157, 434.304992676, 382.570251465, 570.190979004, 4324.21435547, 1839.66271973, 616.447875977, 416.953887939, 1726.35986328, 381.150634766, 492.377593994, 330.267242432, 153.04788208, 379.233947754, 216.077484131, 53.4093170166, 102.481452942, 77.9020462036, 36.6893310547, 13.6925840378, 5.83426856995, 5.47284460068, 13.5618553162, 8.66193294525, 2.12210965157, 0.851666033268, 0.321434855461, 0.130663767457, 0.129892244935, 0.0324674360454, 0.0123188514262, 0.000771555525716, 0.00036544597242],
        "mean": [0.252547800541, 2.74218177795, 10.0155553818, 12.6239366531, 15.8747653961, 26.3412742615, 16.5253105164, 8.80746269226, 10.4356775284, 13.7539129257, 16.8055801392, 55.51121521, 19.5847816467, 16.4170684814, 22.2975196838, 52.8525009155, 27.6767063141, 19.5586986542, 21.5888080597, 13.3594799042, 9.69893932343, 7.3396730423, 3.08942246437, 3.48589992523, 4.1655960083, 1.95324921608, 0.912915349007, 0.400417208672, 0.245366707444, 0.239373385906, 0.184754535556, 0.115202315152, 0.0607511289418, 0.0207474641502, 0.0085813049227, 0.00539103895426, 0.00239704176784, 0.000701240263879, 3.6464742152e-05, 4.45230871264e-05],
        "median": [0.151564240456, 1.4432182312, 3.54743289948, 4.71197414398, 5.1355266571, 9.3335723877, 5.19702005386, 3.80511569977, 3.93426322937, 6.26271629333, 7.56274986267, 7.68905735016, 4.95077896118, 4.27514362335, 6.58486366272, 11.2071208954, 10.3923625946, 7.17195177078, 7.6350030899, 4.70091629028, 3.96203613281, 3.46533346176, 1.35877180099, 1.36855196953, 1.70201778412, 0.628747105598, 0.30212032795, 0.146596223116, 0.093503549695, 0.0806306153536, 0.0734723880887, 0.0501274950802, 0.0247240513563, 0.00822108797729, 0.00324719212949, 0.00195622583851, 0.000921477214433, 0.000266478658887, 2.56436651398e-05, 3.84520062653e-05],
        "min": [4.3983284345e-22, 1.81743616702e-21, 2.16388008707e-20, 4.77465613231e-20, 7.29019477002e-20, 5.95577072073e-19, 7.19546837272e-19, 6.7658716046e-19, 7.22968831767e-19, 3.97188038513e-19, 1.62091521101e-18, 1.25753238977e-18, 1.37032498034e-18, 4.18896173598e-18, 2.4592259523e-18, 2.74935707061e-18, 2.83283965355e-18, 2.21582143961e-18, 5.69957055115e-18, 6.83512326888e-18, 8.75681189717e-18, 2.14812683943e-17, 1.02450744281e-17, 1.72192980431e-17, 1.25998359476e-17, 1.75698786934e-17, 1.72342931733e-17, 1.3118053848e-17, 1.54997119724e-17, 2.1479288124e-17, 1.44539819702e-17, 1.26733160558e-17, 1.40684496303e-17, 1.30720270372e-17, 9.88251702971e-18, 7.3810864614e-18, 4.03279706736e-18, 1.35914491058e-18, 2.85035840834e-19, 2.84204847436e-20],
        "var": [0.172405615449, 24.8235397339, 284.720367432, 775.708374023, 1342.6282959, 1958.70556641, 746.352966309, 175.317367554, 764.115783691, 575.827331543, 1011.95880127, 36477.4726562, 3336.38818359, 1828.22265625, 1820.44421387, 13781.9599609, 2210.71484375, 1252.02807617, 1375.37414551, 556.568115234, 365.004302979, 146.650054932, 26.9087047577, 43.3205375671, 48.5934562683, 14.4666786194, 2.30660700798, 0.449932038784, 0.204854696989, 0.432943761349, 0.168417364359, 0.03506039083, 0.00998198147863, 0.00125316088088, 0.00022677074594, 9.70558976405e-05, 1.71427891473e-05, 1.53583016527e-06, 1.6447113671e-09, 1.61705715485e-09]
    },
    "gfcc": {
        "mean": [-57.2428817749, 149.105606079, -112.491279602, 16.6589355469, -32.0256271362, 11.9499607086, -28.3478126526, 0.384982258081, -17.1425876617, -3.24621415138, -6.09099340439, -7.90428972244, -13.9100084305],
        "cov": [[2208.75317383, -53.2791137695, -593.432006836, -95.9066009521, -210.981781006, -4.0728931427, -23.2663173676, -7.55760145187, -31.4257068634, -18.9592456818, -126.695159912, 89.3019866943, 14.1703453064], [-53.2791137695, 1234.57751465, 582.907409668, 113.971160889, 536.626586914, -64.8312683105, -41.079990387, -257.74887085, 74.4618759155, -200.007476807, 131.292678833, -166.90473938, 41.5163421631], [-593.432006836, 582.907409668, 2068.70556641, 356.864471436, 447.161132812, 258.200195312, -390.476654053, -213.28175354, -68.7496948242, -199.019866943, 125.546607971, -56.3541641235, -157.46496582], [-95.9066009521, 113.971160889, 356.864471436, 302.546020508, 151.307281494, 10.3762435913, 28.0203590393, -27.2883472443, 7.38330411911, -33.9153633118, 19.1626205444, -5.55561542511, -4.19754457474], [-210.981781006, 536.626586914, 447.161132812, 151.307281494, 446.534576416, 45.8016471863, -32.7347984314, -75.8264389038, 42.1507301331, -94.9292755127, 75.7445068359, -84.3089981079, 14.9622478485], [-4.0728931427, -64.8312683105, 258.200195312, 10.3762435913, 45.8016471863, 210.718597412, -4.5008687973, -11.5000333786, 5.07089328766, -0.583168268204, -8.50846004486, 17.7543849945, -37.3624534607], [-23.2663173676, -41.079990387, -390.476654053, 28.0203590393, -32.7347984314, -4.5008687973, 374.832580566, 90.5052032471, 42.8057670593, 48.1104469299, -33.2401161194, -35.294719696, 61.4629631042], [-7.55760145187, -257.74887085, -213.28175354, -27.2883472443, -75.8264389038, -11.5000333786, 90.5052032471, 237.523345947, 24.9958667755, 43.4383277893, -29.6490154266, 14.9836826324, 29.8210639954], [-31.4257068634, 74.4618759155, -68.7496948242, 7.38330411911, 42.1507301331, 5.07089328766, 42.8057670593, 24.9958667755, 128.694000244, 10.0788450241, -19.0012950897, -7.08997821808, 24.1218070984], [-18.9592456818, -200.007476807, -199.019866943, -33.9153633118, -94.9292755127, -0.583168268204, 48.1104469299, 43.4383277893, 10.0788450241, 137.849487305, 5.87026691437, 8.51395893097, 3.22372841835], [-126.695159912, 131.292678833, 125.546607971, 19.1626205444, 75.7445068359, -8.50846004486, -33.2401161194, -29.6490154266, -19.0012950897, 5.87026691437, 132.159378052, -2.91817808151, -21.8511486053], [89.3019866943, -166.90473938, -56.3541641235, -5.55561542511, -84.3089981079, 17.7543849945, -35.294719696, 14.9836826324, -7.08997821808, 8.51395893097, -2.91817808151, 122.891242981, 2.52571225166], [14.1703453064, 41.5163421631, -157.46496582, -4.19754457474, 14.9622478485, -37.3624534607, 61.4629631042, 29.8210639954, 24.1218070984, 3.22372841835, -21.8511486053, 2.52571225166, 85.2309875488]],
        "icov": [[0.00071270193439, -0.000911301875021, 0.000591361604165, -0.000675241171848, 0.000753682863433, -0.000973619113211, 0.000666104839183, -0.000552772602532, 0.00073615682777, -0.000151073865709, 0.000869315932505, -0.000536739185918, 0.000574788136873], [-0.000911301875021, 0.00578120956197, -0.00170024076942, 0.00280602229759, -0.00421231752262, 0.00397856254131, -0.0023369428236, 0.0043155378662, -0.0035169753246, 0.00337820709683, -0.00346744596027, 0.00274381623603, -0.00311139714904], [0.000591361604165, -0.00170024076942, 0.00219814083539, -0.00252322037704, 0.00108652980998, -0.00307752005756, 0.00226083048619, -0.00116596615408, 0.00144368666224, 0.000306244270178, 0.000482792820549, 0.000177122987225, 0.00160281918943], [-0.000675241171848, 0.00280602229759, -0.00252322037704, 0.0074602002278, -0.00403108680621, 0.00453492999077, -0.00364961684681, 0.00218863063492, -0.0016681299312, 0.000231083482504, -0.000317883183016, -0.00136203574948, -0.000564877991565], [0.000753682863433, -0.00421231752262, 0.00108652980998, -0.00403108680621, 0.00874693784863, -0.0048410538584, 0.00254266546108, -0.00265470030718, 0.000601888634264, 0.000435328402091, -0.00093004561495, 0.00181082857307, -0.00130597699899], [-0.000973619113211, 0.00397856254131, -0.00307752005756, 0.00453492999077, -0.0048410538584, 0.0110916048288, -0.00419617956504, 0.00292646791786, -0.00277179363184, -0.000166400146554, 0.000269501440926, -0.00175133557059, 0.00138736376539], [0.000666104839183, -0.0023369428236, 0.00226083048619, -0.00364961684681, 0.00254266546108, -0.00419617956504, 0.00624085776508, -0.00255142431706, 0.00114095711615, -0.000774421612732, 0.000677825766616, 0.00182489654981, -0.00104278675281], [-0.000552772602532, 0.0043155378662, -0.00116596615408, 0.00218863063492, -0.00265470030718, 0.00292646791786, -0.00255142431706, 0.00839450862259, -0.00318059977144, 0.00177091546357, -0.00209920317866, 0.00153558643069, -0.00315536279231], [0.00073615682777, -0.0035169753246, 0.00144368666224, -0.0016681299312, 0.000601888634264, -0.00277179363184, 0.00114095711615, -0.00318059977144, 0.011521906592, -0.00322392140515, 0.00405432842672, -0.00223454018123, 0.00111184187699], [-0.000151073865709, 0.00337820709683, 0.000306244270178, 0.000231083482504, 0.000435328402091, -0.000166400146554, -0.000774421612732, 0.00177091546357, -0.00322392140515, 0.0129357008263, -0.00521823577583, 0.00357377459295, -0.00227435375564], [0.000869315932505, -0.00346744596027, 0.000482792820549, -0.000317883183016, -0.00093004561495, 0.000269501440926, 0.000677825766616, -0.00209920317866, 0.00405432842672, -0.00521823577583, 0.0133130317554, -0.00456279236823, 0.00554614793509], [-0.000536739185918, 0.00274381623603, 0.000177122987225, -0.00136203574948, 0.00181082857307, -0.00175133557059, 0.00182489654981, 0.00153558643069, -0.00223454018123, 0.00357377459295, -0.00456279236823, 0.0137237031013, -0.00500525347888], [0.000574788136873, -0.00311139714904, 0.00160281918943, -0.000564877991565, -0.00130597699899, 0.00138736376539, -0.00104278675281, -0.00315536279231, 0.00111184187699, -0.00227435375564, 0.00554614793509, -0.00500525347888, 0.0201212521642]]
    },
    "melbands": {
        "dmean": [0.00129253277555, 0.00224248296581, 0.00147041166201, 0.00105689081829, 0.00037742164568, 0.000121146033052, 0.000127989827888, 0.000108935964818, 0.000103581798612, 0.000276414677501, 6.68563952786e-05, 5.19381210324e-05, 5.06884243805e-05, 9.3023525551e-05, 6.55221956549e-05, 3.18578204315e-05, 2.70981727226e-05, 2.24771592912e-05, 1.62975538842e-05, 6.78938386045e-06, 9.17686065804e-06, 5.77814444114e-06, 1.79901132924e-06, 1.91477647604e-06, 1.91671347238e-06, 2.32654406318e-06, 1.31118531499e-06, 8.80234210854e-07, 4.21484060098e-07, 2.14866261672e-07, 1.46905691167e-07, 1.22948236481e-07, 1.38461984989e-07, 1.8751943287e-07, 1.51690045413e-07, 9.99256783984e-08, 9.00535184201e-08, 6.62019559172e-08, 3.34675362978e-08, 1.91835916041e-08],
        "dmean2": [0.00187217956409, 0.00356414914131, 0.00240772543475, 0.00174042675644, 0.000566011527553, 0.000189917846001, 0.00021352613112, 0.000179050126462, 0.000167159829289, 0.000419268733822, 0.000109105087176, 8.76383346622e-05, 8.19853157736e-05, 0.000142692151712, 0.000103183119791, 5.14447092428e-05, 4.58971808257e-05, 3.65060805052e-05, 2.69000502158e-05, 1.03677730294e-05, 1.60368199431e-05, 1.00525548987e-05, 2.82357723336e-06, 3.13163877763e-06, 3.04307468468e-06, 3.86378042094e-06, 2.21352115659e-06, 1.36826884045e-06, 6.57158750528e-07, 3.54946109837e-07, 2.40535200646e-07, 2.15084185129e-07, 2.5025141781e-07, 3.48341131939e-07, 2.8295923471e-07, 1.85994878166e-07, 1.67147717889e-07, 1.2337302735e-07, 6.21283930968e-08, 3.57222518232e-08],
        "dvar": [9.83374593488e-06, 3.45901971741e-05, 2.45957871812e-05, 1.07213618321e-05, 5.23780897765e-07, 4.56183215647e-08, 1.31914134727e-07, 6.0389105272e-08, 8.27100450351e-08, 1.46631259668e-06, 9.76905099037e-08, 3.10416652383e-08, 2.20520544048e-08, 5.23003826913e-08, 1.8241752997e-08, 3.00065639003e-09, 4.17037293587e-09, 2.09418860031e-09, 1.03949771013e-09, 1.85311085921e-10, 7.09317604652e-10, 2.0256742117e-10, 1.44023543092e-11, 3.05814505663e-11, 2.34184147768e-11, 2.73915022608e-11, 1.27141647904e-11, 4.0925058481e-12, 8.82050725862e-13, 1.5835297212e-13, 1.00364215636e-13, 6.87346907906e-14, 1.5480470367e-13, 3.50878858303e-13, 1.35386412367e-13, 3.04951478295e-14, 1.80955527933e-14, 9.74978968003e-15, 2.80593491591e-15, 9.62013752317e-16],
        "dvar2": [1.78275713552e-05, 8.95799821592e-05, 6.57383716316e-05, 2.87664006464e-05, 1.24511848298e-06, 1.0135440931e-07, 3.5077823668e-07, 1.64285864912e-07, 2.15233370682e-07, 3.62293644685e-06, 2.67341732751e-07, 8.39330525082e-08, 5.55477868147e-08, 1.13451669392e-07, 3.89387722066e-08, 7.74727038078e-09, 1.17596368199e-08, 5.33872723807e-09, 2.71069522384e-09, 4.45350006872e-10, 1.98498839588e-09, 5.65215541037e-10, 3.17554281482e-11, 7.97837074185e-11, 5.21491322347e-11, 7.26388810213e-11, 3.3404057298e-11, 8.53261211686e-12, 1.8341673666e-12, 3.97183750733e-13, 2.64659903151e-13, 1.94048282217e-13, 4.55545486316e-13, 1.06775569289e-12, 4.1002067735e-13, 8.78290902463e-14, 4.97077727558e-14, 2.69317903346e-14, 7.69046708504e-15, 2.66679810762e-15],
        "max": [0.0459741130471, 0.0673995837569, 0.0597860999405, 0.0322182662785, 0.0122011853382, 0.00236338702962, 0.00552402995527, 0.00417878851295, 0.00511907413602, 0.0321278832853, 0.00914132874459, 0.00229770247824, 0.00234498362988, 0.00434344401583, 0.00161792058498, 0.000584268360399, 0.00113574764691, 0.000501073547639, 0.00039603721234, 0.000247758347541, 0.000667802232783, 0.000360636448022, 4.81009883515e-05, 7.52306368668e-05, 9.35906573432e-05, 8.5945452156e-05, 6.1774146161e-05, 2.85167407128e-05, 1.45399826579e-05, 3.98238807975e-06, 3.47067839357e-06, 2.92105687549e-06, 5.9767271523e-06, 1.05214558062e-05, 6.39490235699e-06, 2.17367323785e-06, 9.37439722293e-07, 6.92367052579e-07, 3.63969178352e-07, 2.73066007139e-07],
        "mean": [0.00271315686405, 0.00483509711921, 0.00229760212824, 0.00151792366523, 0.000794278166723, 0.000187970654224, 0.000150811974891, 0.000153157234308, 0.000133686684421, 0.000364549399819, 8.49475327414e-05, 6.19255297352e-05, 6.89520966262e-05, 0.000124867583509, 9.35080825002e-05, 4.89887861477e-05, 3.53576906491e-05, 3.43510364473e-05, 2.62728208327e-05, 1.24404587041e-05, 1.24144298752e-05, 9.67486721493e-06, 3.1697520626e-06, 2.62011894847e-06, 2.61792524725e-06, 3.59063164979e-06, 1.71696774487e-06, 1.32332377234e-06, 7.54295854222e-07, 3.20505563423e-07, 1.84110120927e-07, 1.3756002204e-07, 1.26021006963e-07, 1.45793634942e-07, 1.17714250791e-07, 7.86631844107e-08, 6.88839136842e-08, 4.9288260584e-08, 2.51612988222e-08, 1.46114222943e-08],
        "median": [0.00146961212158, 0.00219335593283, 0.00102638616227, 0.000629491230939, 0.000231398851611, 8.0665013229e-05, 6.04141969234e-05, 6.81684541632e-05, 5.19707682543e-05, 4.62597963633e-05, 2.22542657866e-05, 1.48064464156e-05, 1.50362684508e-05, 3.03511442326e-05, 2.51616529567e-05, 1.82555559149e-05, 1.03454312921e-05, 1.11884328362e-05, 9.20485945244e-06, 3.05474986817e-06, 4.4977723519e-06, 4.1998719098e-06, 1.30804721721e-06, 9.29099996938e-07, 7.72209943989e-07, 1.17772037811e-06, 7.29067664906e-07, 2.89738011361e-07, 1.90355962104e-07, 1.18355615086e-07, 5.34335242719e-08, 4.86214304374e-08, 3.87341430041e-08, 4.31267679346e-08, 4.49539392378e-08, 3.29280069877e-08, 2.94025586101e-08, 1.96765146399e-08, 9.78145209274e-09, 5.71774982916e-09],
        "min": [3.41426967275e-24, 8.54786168843e-24, 8.23155213126e-24, 2.11562618242e-23, 2.7384255562e-23, 1.51858564154e-23, 1.10473185572e-23, 4.46281175505e-24, 1.38641783444e-23, 7.11436889501e-24, 7.02724473005e-24, 1.7326457303e-23, 8.02194232241e-24, 7.73687875684e-24, 8.921347884e-24, 4.17463218891e-24, 4.02184797537e-24, 8.51116230139e-24, 1.1952417328e-23, 6.67430283903e-24, 1.08622715104e-23, 2.51085448895e-23, 1.33881418089e-23, 6.12514008087e-24, 1.57452629269e-23, 9.37773547211e-24, 8.70632570048e-24, 1.23970280116e-23, 9.29344805097e-24, 1.02453578278e-23, 7.19917854207e-24, 8.56172828542e-24, 9.54376702683e-24, 1.29793256888e-23, 8.24873273291e-24, 6.55548066518e-24, 8.60342195084e-24, 9.67315678137e-24, 1.10921219124e-23, 1.03759474398e-23],
        "var": [2.26902939175e-05, 5.40342916793e-05, 2.10290418181e-05, 9.06279547053e-06, 1.74887770754e-06, 8.27069825959e-08, 1.46781559351e-07, 6.88291734718e-08, 8.5239470593e-08, 1.72287082023e-06, 7.33750695758e-08, 2.74678608747e-08, 2.81670224922e-08, 7.64162564337e-08, 3.04273868323e-08, 6.28216900722e-09, 5.39889599693e-09, 3.96220389831e-09, 2.0488113428e-09, 5.06043540405e-10, 9.19660625431e-10, 3.30125066172e-10, 2.70295487381e-11, 3.08778003166e-11, 3.13887249526e-11, 4.70900714256e-11, 1.1495474711e-11, 8.28417109217e-12, 2.20270871855e-12, 2.47987828189e-13, 1.2345745086e-13, 6.23923859084e-14, 1.01459700288e-13, 2.07938402825e-13, 8.32198283267e-14, 2.02770573498e-14, 1.26314135543e-14, 6.69512502147e-15, 1.9678510835e-15, 6.68601804086e-16]
    },
    "mfcc": {
        "mean": [-707.651672363, 183.946670532, -9.29179954529, 18.2135505676, 15.1208152771, 11.8961610794, 5.85405397415, 5.07936143875, -8.23269462585, 11.0533571243, -2.58171963692, 3.07029819489, 0.76012891531],
        "cov": [[2391.39794922, -369.220855713, -1001.15985107, -230.912353516, -583.750061035, -108.156272888, -168.784744263, 13.5610733032, 160.843475342, -63.6046447754, -97.9609451294, -4.45379447937, 3.55936980247], [-369.220855713, 1203.83728027, 360.633728027, 200.436248779, 541.891479492, 168.267959595, 55.3862495422, -16.1936511993, -121.874916077, 7.10056066513, -46.894821167, -79.7490081787, -16.9155063629], [-1001.15985107, 360.633728027, 1505.70849609, 170.768920898, 682.504089355, 222.375961304, 39.2773399353, 55.0081748962, -275.604522705, -36.5664024353, 2.47190785408, -78.595161438, -22.3378353119], [-230.912353516, 200.436248779, 170.768920898, 366.245819092, 149.046524048, 60.0389823914, 74.1495666504, 29.7685050964, 10.6639699936, 7.7903137207, 28.9024105072, -33.9541435242, 3.87372660637], [-583.750061035, 541.891479492, 682.504089355, 149.046524048, 728.867370605, 119.123161316, 10.7994966507, 39.1437644958, -177.708053589, -1.39093995094, -26.7721881866, -60.6570930481, -12.6230154037], [-108.156272888, 168.267959595, 222.375961304, 60.0389823914, 119.123161316, 262.413360596, 21.7215328217, 17.6200866699, -16.1879024506, -18.8129882812, 30.2149581909, -26.4174461365, -9.30982971191], [-168.784744263, 55.3862495422, 39.2773399353, 74.1495666504, 10.7994966507, 21.7215328217, 194.169555664, 21.3328227997, 15.2260112762, 47.6696090698, 12.0142669678, 23.984167099, 14.3587265015], [13.5610733032, -16.1936511993, 55.0081748962, 29.7685050964, 39.1437644958, 17.6200866699, 21.3328227997, 144.918075562, 56.8077583313, -5.87338066101, -1.50889825821, 9.6160326004, 24.2669773102], [160.843475342, -121.874916077, -275.604522705, 10.6639699936, -177.708053589, -16.1879024506, 15.2260112762, 56.8077583313, 262.694580078, 46.0010795593, -9.73389911652, 44.8298835754, -1.14198482037], [-63.6046447754, 7.10056066513, -36.5664024353, 7.7903137207, -1.39093995094, -18.8129882812, 47.6696090698, -5.87338066101, 46.0010795593, 140.481491089, 27.929145813, -8.356549263, 1.45464348793], [-97.9609451294, -46.894821167, 2.47190785408, 28.9024105072, -26.7721881866, 30.2149581909, 12.0142669678, -1.50889825821, -9.73389911652, 27.929145813, 106.454246521, 16.1657485962, -7.08612203598], [-4.45379447937, -79.7490081787, -78.595161438, -33.9541435242, -60.6570930481, -26.4174461365, 23.984167099, 9.6160326004, 44.8298835754, -8.356549263, 16.1657485962, 103.55606842, 27.7518787384], [3.55936980247, -16.9155063629, -22.3378353119, 3.87372660637, -12.6230154037, -9.30982971191, 14.3587265015, 24.2669773102, -1.14198482037, 1.45464348793, -7.08612203598, 27.7518787384, 87.9984817505]],
