{
"lowlevel": {
    "average_loudness": 0.952443182468,
    "barkbands_crest": {
        "dmean": 2.21466493607,
        "dmean2": 3.55811619759,
        "dvar": 4.26821470261,
        "dvar2": 10.0263633728,
        "max": 22.1858959198,
        "mean": 10.5154647827,
        "median": 10.2528162003,
        "min": 2.56654930115,
        "var": 13.7804136276
    },
    "barkbands_flatness_db": {
        "dmean": 0.018775228411,
        "dmean2": 0.0273078083992,
        "dvar": 0.000302462314721,
        "dvar2": 0.000613878655713,
        "max": 0.353548437357,
        "mean": 0.184733077884,
        "median": 0.184791222215,
        "min": 0.0644521415234,
        "var": 0.00170015031472
    },
    "barkbands_kurtosis": {
        "dmean": 2.41049814224,
        "dmean2": 3.6968228817,
        "dvar": 16.7097301483,
        "dvar2": 36.8762397766,
        "max": 96.2481384277,
        "mean": 4.08539581299,
        "median": 2.20422887802,
        "min": -1.7175399065,
        "var": 47.0354614258
    },
    "barkbands_skewness": {
        "dmean": 0.466334819794,
        "dmean2": 0.693576753139,
        "dvar": 0.238274678588,
        "dvar2": 0.497669219971,
        "max": 7.29421901703,
        "mean": 1.73608207703,
        "median": 1.63492774963,
        "min": -1.74219214916,
        "var": 1.12146794796
    },
    "barkbands_spread": {
        "dmean": 4.17541456223,
        "dmean2": 6.18114948273,
        "dvar": 19.2315635681,
        "dvar2": 39.3025436401,
        "max": 51.7782173157,
        "mean": 18.6326370239,
        "median": 17.06108284,
        "min": 1.00445270538,
        "var": 84.0901489258
    },
    "dissonance": {
        "dmean": 0.0131326727569,
        "dmean2": 0.0216218512505,
        "dvar": 0.000188800448086,
        "dvar2": 0.000483780371724,
        "max": 0.499999970198,
        "mean": 0.473009288311,
        "median": 0.479323685169,
        "min": 0.289222449064,
        "var": 0.000446839665528
    },
    "dynamic_complexity": 1.85039770603,
    "erbbands_crest": {
        "dmean": 1.88025712967,
        "dmean2": 2.89984464645,
        "dvar": 3.37796401978,
        "dvar2": 7.17659568787,
        "max": 28.4372329712,
        "mean": 9.07929039001,
        "median": 6.65104436874,
        "min": 2.77613592148,
        "var": 30.693693161
    },
    "erbbands_flatness_db": {
        "dmean": 0.0107492525131,
        "dmean2": 0.0156776439399,
        "dvar": 0.000109582804726,
        "dvar2": 0.000202814117074,
        "max": 0.351095736027,
        "mean": 0.208074331284,
        "median": 0.201564982533,
        "min": 0.0889147222042,
        "var": 0.000998891307972
    },
    "erbbands_kurtosis": {
        "dmean": 0.572152733803,
        "dmean2": 0.871012806892,
        "dvar": 0.643200993538,
        "dvar2": 1.48849642277,
        "max": 16.1556053162,
        "mean": -0.295315295458,
        "median": -0.687240362167,
        "min": -1.81901216507,
        "var": 1.8759560585
    },
    "erbbands_skewness": {
        "dmean": 0.3015204072,
        "dmean2": 0.44072380662,
        "dvar": 0.0837576985359,
        "dvar2": 0.167157649994,
        "max": 3.39464783669,
        "mean": 0.019483692944,
        "median": -0.0269042570144,
        "min": -1.78487932682,
        "var": 0.537240386009
    },
    "erbbands_spread": {
        "dmean": 6.08719444275,
        "dmean2": 9.19243144989,
        "dvar": 37.6385269165,
        "dvar2": 85.5923690796,
        "max": 90.2521896362,
        "mean": 39.2847595215,
        "median": 39.1648101807,
        "min": 8.07422542572,
        "var": 209.094299316
    },
    "hfc": {
        "dmean": 3.54337215424,
        "dmean2": 4.70240020752,
        "dvar": 13.4935455322,
        "dvar2": 21.7149963379,
        "max": 62.6339492798,
        "mean": 18.2923812866,
        "median": 17.225271225,
        "min": 1.21719441849e-16,
        "var": 93.0391998291
    },
    "melbands_crest": {
        "dmean": 2.95076012611,
        "dmean2": 4.94323444366,
        "dvar": 7.95257282257,
        "dvar2": 21.273109436,
        "max": 28.4796676636,
        "mean": 14.3619375229,
        "median": 13.9715175629,
        "min": 2.1181166172,
        "var": 19.5707588196
    },
    "melbands_flatness_db": {
        "dmean": 0.0253861770034,
        "dmean2": 0.0352570153773,
        "dvar": 0.000616276694927,
        "dvar2": 0.00115056883078,
        "max": 0.469471603632,
        "mean": 0.250210732222,
        "median": 0.25078740716,
        "min": 0.00350721389987,
        "var": 0.00385168474168
    },
    "melbands_kurtosis": {
        "dmean": 5.85555553436,
        "dmean2": 8.87751197815,
        "dvar": 75.9465103149,
        "dvar2": 160.430801392,
        "max": 158.882446289,
        "mean": 14.131939888,
        "median": 9.05723667145,
        "min": -1.48602569103,
        "var": 249.902099609
    },
    "melbands_skewness": {
        "dmean": 0.63163536787,
        "dmean2": 0.954836845398,
        "dvar": 0.452964305878,
        "dvar2": 0.979407966137,
        "max": 9.51424598694,
        "mean": 2.96135115623,
        "median": 2.74480772018,
        "min": -0.041348464787,
        "var": 2.29368233681
    },
    "melbands_spread": {
        "dmean": 5.53338527679,
        "dmean2": 8.34939861298,
        "dvar": 55.2555503845,
        "dvar2": 114.179550171,
        "max": 133.256240845,
        "mean": 19.2511672974,
        "median": 15.6712903976,
        "min": 0.90509647131,
        "var": 171.922073364
    },
    "pitch_salience": {
        "dmean": 0.0672959163785,
        "dmean2": 0.111215308309,
        "dvar": 0.00378096639179,
        "dvar2": 0.00987804960459,
        "max": 0.84102755785,
        "mean": 0.550992310047,
        "median": 0.550675034523,
        "min": 0.255111277103,
        "var": 0.0114604141563
    },
    "silence_rate_20dB": {
        "dmean": 0,
        "dmean2": 0,
        "dvar": 0,
        "dvar2": 0,
        "max": 1,
        "mean": 1,
        "median": 1,
        "min": 1,
        "var": 0
    },
    "silence_rate_30dB": {
        "dmean": 0.011340206489,
        "dmean2": 0.0226921085268,
        "dvar": 0.0112113915384,
        "dvar2": 0.0273345299065,
        "max": 1,
        "mean": 0.990211248398,
        "median": 1,
        "min": 0,
        "var": 0.00969281978905
    },
    "silence_rate_60dB": {
        "dmean": 0.00257731950842,
        "dmean2": 0.00515729747713,
        "dvar": 0.00257070339285,
        "dvar2": 0.00616224994883,
        "max": 1,
        "mean": 0.00257599167526,
        "median": 0,
        "min": 0,
        "var": 0.00256939581595
    },
    "spectral_centroid": {
        "dmean": 250.805862427,
        "dmean2": 365.439880371,
        "dvar": 101017.46875,
        "dvar2": 152936.921875,
        "max": 11099.9638672,
        "mean": 1335.75366211,
        "median": 1283.74804688,
        "min": 205.45552063,
        "var": 327987.40625
    },
    "spectral_complexity": {
        "dmean": 4.51752567291,
        "dmean2": 6.33212995529,
        "dvar": 18.1249198914,
        "dvar2": 31.0497226715,
        "max": 55,
        "mean": 24.6955184937,
        "median": 24,
        "min": 0,
        "var": 100.15411377
    },
    "spectral_decrease": {
        "dmean": 2.67803357268e-09,
        "dmean2": 4.05457356578e-09,
        "dvar": 1.05604767413e-17,
        "dvar2": 2.29658673423e-17,
        "max": 2.85238199317e-29,
        "mean": -9.83939063559e-09,
        "median": -8.54476045475e-09,
        "min": -4.22245136633e-08,
        "var": 4.3530303635e-17
    },
    "spectral_energy": {
        "dmean": 0.010320241563,
        "dmean2": 0.0155675681308,
        "dvar": 0.000155035828357,
        "dvar2": 0.000336200348102,
        "max": 0.162536725402,
        "mean": 0.0387953035533,
        "median": 0.0339340753853,
        "min": 1.09326498623e-20,
        "var": 0.000645943742711
    },
    "spectral_energyband_high": {
        "dmean": 0.00012920453446,
        "dmean2": 0.000184324177098,
        "dvar": 2.96217930185e-08,
        "dvar2": 5.06111739185e-08,
        "max": 0.00217742891982,
        "mean": 0.000350917020114,
        "median": 0.00023183839221,
        "min": 7.41803698772e-21,
        "var": 1.20969545492e-07
    },
    "spectral_energyband_low": {
        "dmean": 0.00802980642766,
        "dmean2": 0.0128830317408,
        "dvar": 0.000121034376207,
        "dvar2": 0.000290297262836,
        "max": 0.139124318957,
        "mean": 0.0200493671,
        "median": 0.0141743328422,
        "min": 7.54316812399e-23,
        "var": 0.000423293007771
    },
    "spectral_energyband_middle_high": {
        "dmean": 0.00112765422091,
        "dmean2": 0.00150771695189,
        "dvar": 1.57116369337e-06,
        "dvar2": 2.57433612205e-06,
        "max": 0.024087883532,
        "mean": 0.00502149853855,
        "median": 0.00457258848473,
        "min": 1.78984860307e-21,
        "var": 1.09007023639e-05
    },
    "spectral_energyband_middle_low": {
        "dmean": 0.00612402847037,
        "dmean2": 0.0094610536471,
        "dvar": 5.65249974898e-05,
        "dvar2": 0.0001264668972,
        "max": 0.0793875157833,
        "mean": 0.017004173249,
        "median": 0.014196395874,
        "min": 4.08179780696e-22,
        "var": 0.000149132407387
    },
    "spectral_entropy": {
        "dmean": 0.111718431115,
        "dmean2": 0.159003868699,
        "dvar": 0.0135718211532,
        "dvar2": 0.0233943071216,
        "max": 9.80471611023,
        "mean": 7.3856253624,
        "median": 7.42794513702,
        "min": 5.79531955719,
        "var": 0.0759582445025
    },
    "spectral_flux": {
        "dmean": 0.0249571297318,
        "dmean2": 0.0392664670944,
        "dvar": 0.00068013893906,
        "dvar2": 0.00163629127201,
        "max": 0.252463847399,
        "mean": 0.0857333540916,
        "median": 0.075694873929,
        "min": 1.04559312597e-10,
        "var": 0.00173773407005
    },
    "spectral_kurtosis": {
        "dmean": 2.84050536156,
        "dmean2": 5.00103902817,
        "dvar": 7.4146399498,
        "dvar2": 21.8909568787,
        "max": 25.6351737976,
        "mean": 4.02148389816,
        "median": 3.16968202591,
        "min": -1.19007921219,
        "var": 11.9944810867
    },
    "spectral_rms": {
        "dmean": 0.000810807745438,
        "dmean2": 0.00120075931773,
        "dvar": 7.74631359945e-07,
        "dvar2": 1.50834944179e-06,
        "max": 0.0125925540924,
        "mean": 0.00580924004316,
        "median": 0.00575381750241,
        "min": 3.26588430778e-12,
        "var": 4.10184838984e-06
    },
    "spectral_rolloff": {
        "dmean": 356.441741943,
        "dmean2": 563.995910645,
        "dvar": 397623.46875,
        "dvar2": 633468.25,
        "max": 19186.0839844,
        "mean": 1091.78955078,
        "median": 710.595703125,
        "min": 129.19921875,
        "var": 918442.25
    },
    "spectral_skewness": {
        "dmean": 0.301873505116,
        "dmean2": 0.508039772511,
        "dvar": 0.0806805342436,
        "dvar2": 0.215679943562,
        "max": 3.31122303009,
        "mean": 0.972425818443,
        "median": 0.884738147259,
        "min": 0.0131488218904,
        "var": 0.221493944526
    },
    "spectral_spread": {
        "dmean": 188071.15625,
        "dmean2": 284711.90625,
        "dvar": 561955078144,
        "dvar2": 364730646528,
        "max": 41002880,
        "mean": 2718589,
        "median": 2673585.75,
        "min": 1587055,
        "var": 934092275712
    },
    "spectral_strongpeak": {
        "dmean": 0.384993642569,
        "dmean2": 0.669732093811,
        "dvar": 0.515789091587,
        "dvar2": 1.36452007294,
        "max": 10.5528936386,
        "mean": 0.907810986042,
        "median": 0.473023176193,
        "min": 0,
        "var": 1.14206755161
    },
    "zerocrossingrate": {
        "dmean": 0.00695247063413,
        "dmean2": 0.00799355935305,
        "dvar": 0.000169464721694,
        "dvar2": 0.000187209938304,
        "max": 0.5126953125,
        "mean": 0.0429901331663,
        "median": 0.0390625,
        "min": 0,
        "var": 0.000454388326034
    },
    "barkbands": {
        "dmean": [8.76245685504e-05, 0.00305012310855, 0.00416160328314, 0.00415378436446, 0.00278184539638, 0.000839247892145, 0.000407937506679, 0.000783066963777, 0.000414492707932, 0.00036065329914, 0.000199274669285, 0.000153532091645, 0.000197789951926, 0.000204754309379, 0.000235431783949, 0.000208056211704, 0.000297128222883, 0.000185683617019, 0.000201079412363, 0.000139369411045, 6.61037047394e-05, 1.14460290206e-05, 4.68660164188e-06, 1.12259237994e-06, 2.97501799196e-07, 1.25254928207e-07, 2.52514542609e-08],
        "dmean2": [0.000150785592268, 0.00442844210193, 0.0071014626883, 0.00704872282222, 0.00461346283555, 0.00137295795139, 0.00066161545692, 0.00113530887756, 0.000608707021456, 0.000507288728841, 0.000307394308038, 0.000227875323617, 0.000299579463899, 0.0003221197112, 0.000373149552615, 0.000332394964062, 0.000478893576656, 0.000281490967609, 0.000306725356495, 0.000209508682019, 9.98260584311e-05, 1.71383071574e-05, 6.7088758442e-06, 1.56911278282e-06, 4.30662794315e-07, 1.98000748242e-07, 4.00221331631e-08],
        "dvar": [3.6829359118e-08, 2.74178109976e-05, 3.94479757233e-05, 4.08767664339e-05, 1.48248582263e-05, 1.15770956199e-06, 3.33204411618e-07, 2.51509868576e-06, 9.97652819024e-07, 7.67166909554e-07, 8.06215894045e-08, 8.06597952874e-08, 1.79922679422e-07, 5.48971819114e-08, 8.47474126431e-08, 7.21735347042e-08, 2.39452475626e-07, 6.32051779803e-08, 5.93638915802e-08, 3.28559544016e-08, 8.51671266844e-09, 3.3302147151e-10, 5.70862836169e-11, 1.73091888045e-11, 2.54656517228e-12, 4.56499963698e-13, 2.02325881201e-14],
        "dvar2": [8.8632390316e-08, 4.50316692877e-05, 0.000112652225653, 0.000109004082333, 3.67437642126e-05, 3.04493210024e-06, 9.22190338315e-07, 4.82265704704e-06, 1.77019978764e-06, 1.12765042104e-06, 1.86549911518e-07, 1.40332161891e-07, 3.61596192988e-07, 1.28891045392e-07, 2.11200259059e-07, 1.66859194906e-07, 5.41166969015e-07, 1.3760009665e-07, 1.34536122687e-07, 6.56363638996e-08, 1.76234902227e-08, 7.22156334731e-10, 1.13826961745e-10, 3.00780199358e-11, 4.98698478346e-12, 1.01878932807e-12, 4.79700575594e-14],
        "max": [0.00365471630357, 0.0627309754491, 0.0734693408012, 0.0613096654415, 0.0450990125537, 0.0145651977509, 0.0154812056571, 0.0249908044934, 0.0263642650098, 0.0263907779008, 0.00363806448877, 0.00523395091295, 0.0130583159626, 0.00326937087812, 0.00446563772857, 0.00430210772902, 0.0153916915879, 0.00350371119566, 0.00376464077272, 0.00198750547133, 0.00102227181196, 0.00030171443359, 0.000175010616658, 0.000136645423481, 6.25835455139e-05, 2.46260187851e-05, 4.35788069808e-06],
        "mean": [0.000204778116313, 0.010748677887, 0.00582310091704, 0.00513982726261, 0.0044971271418, 0.00172527064569, 0.00091032468481, 0.0027397677768, 0.00131381151732, 0.00103172601666, 0.000387932697777, 0.000332362804329, 0.000443051423645, 0.000427288206993, 0.000493012485094, 0.000485976954224, 0.000726701808162, 0.000381968071451, 0.000464419019409, 0.000327176006977, 0.000150616280735, 2.62854500761e-05, 1.02591639006e-05, 2.68554504146e-06, 8.65335493927e-07, 3.35171137067e-07, 3.35730874212e-08],
        "median": [1.1905842257e-05, 0.00254019536078, 0.00316504295915, 0.00239520543255, 0.00275517930277, 0.00136390631087, 0.000589221017435, 0.0004850642581, 0.000336014141794, 0.000384247367037, 0.000238230131799, 0.000157194168423, 0.000239218759816, 0.000308689981466, 0.000374338880647, 0.000347945344402, 0.000478305184515, 0.000263258873019, 0.000341428094544, 0.000224418006837, 8.90194569365e-05, 1.36565831781e-05, 5.122125458e-06, 6.06964249528e-07, 1.64438219485e-07, 1.18651975356e-07, 1.43383891427e-08],
        "min": [2.01802042261e-23, 4.04249877614e-23, 9.07603640777e-24, 3.91203127984e-23, 6.66717658516e-23, 7.05717679492e-23, 4.49432674822e-23, 9.58353224289e-23, 5.23022984315e-23, 9.82283603838e-23, 7.78882761403e-23, 6.09027629428e-23, 1.24666553995e-22, 1.37670124535e-22, 1.05095546025e-22, 6.98434473853e-23, 3.55804288594e-22, 2.27463258368e-22, 3.34816902957e-22, 3.90121681724e-22, 3.35112959299e-22, 4.6101990556e-22, 7.14849899363e-22, 9.04132340405e-22, 8.71302802051e-22, 1.75368206949e-21, 2.49436737807e-21],
        "var": [1.22121292634e-07, 0.000179119320819, 5.60171756661e-05, 4.96702814416e-05, 2.37436688622e-05, 2.13998623622e-06, 1.97809731617e-06, 2.6643214369e-05, 1.12964962682e-05, 7.00754026184e-06, 2.13587696862e-07, 3.11666269681e-07, 7.78216246999e-07, 1.67112474969e-07, 2.0813335766e-07, 2.17475516706e-07, 1.51346830535e-06, 1.58467756251e-07, 1.66294611859e-07, 1.00496720279e-07, 2.75293974283e-08, 1.2124168336e-09, 2.46202364051e-10, 1.04349646979e-10, 1.90277776174e-11, 3.13949669213e-12, 3.28915937726e-14]
    },
    "erbbands": {
        "dmean": [0.075075879693, 0.761137127876, 3.37599849701, 10.7975540161, 9.26508998871, 11.3691091537, 9.87989234924, 5.94295406342, 4.74186086655, 12.4022254944, 14.5279932022, 11.4618616104, 11.8168067932, 7.29768180847, 7.98690509796, 7.31967830658, 9.54502487183, 10.8499717712, 11.4528408051, 10.2616539001, 10.3634080887, 15.4456148148, 10.147190094, 9.28405284882, 9.70243930817, 6.63643693924, 4.01182126999, 1.47220814228, 0.423328638077, 0.293688356876, 0.11777933687, 0.0366076529026, 0.0127997454256, 0.00469603156671, 0.00195516296662, 0.00073989352677, 0.000243444228545, 6.0502658016e-05, 5.79464312978e-06, 1.13574442366e-05],
        "dmean2": [0.105753771961, 1.12738323212, 5.67588996887, 18.3846893311, 15.3698968887, 19.1436367035, 16.2988033295, 9.80188751221, 7.57025814056, 20.7104759216, 20.1691322327, 16.5282268524, 16.3412380219, 11.4312591553, 12.2598924637, 10.593208313, 14.1444892883, 16.9985389709, 18.2184429169, 15.972776413, 16.1016654968, 24.6041107178, 15.3310461044, 14.2316865921, 14.7736196518, 9.97931098938, 6.0018954277, 2.1979868412, 0.621093630791, 0.425828635693, 0.168262451887, 0.0503374040127, 0.0179949421436, 0.00665422389284, 0.00302084954455, 0.00109106197488, 0.000384156417567, 9.94254951365e-05, 8.47329920362e-06, 1.70522380358e-05],
        "dvar": [0.0236109700054, 1.54492545128, 24.0320110321, 265.224731445, 180.384475708, 294.984222412, 217.286651611, 57.9716949463, 27.7764453888, 900.706848145, 997.52734375, 781.14855957, 1065.13745117, 91.8173370361, 160.683654785, 210.377059937, 477.177215576, 148.045516968, 230.159332275, 145.626647949, 338.834747314, 455.68371582, 152.525527954, 144.17376709, 137.610855103, 76.6553649902, 28.6493911743, 5.06139612198, 0.472249805927, 0.188038185239, 0.045474331826, 0.0160488672554, 0.00141867052298, 0.000365824496839, 0.000165167875821, 1.87611276488e-05, 1.47556647789e-06, 6.07351040571e-08, 1.51894913314e-10, 1.83438833568e-10],
        "dvar2": [0.0325184613466, 2.7412147522, 67.2539901733, 724.541442871, 455.027770996, 757.503234863, 547.676635742, 153.056900024, 70.9054489136, 2398.99975586, 1621.79797363, 1403.6159668, 1598.21972656, 202.992233276, 363.711914062, 355.316436768, 943.333312988, 346.138366699, 611.436462402, 331.699432373, 743.092224121, 1084.88171387, 330.08895874, 325.141235352, 321.867889404, 157.044219971, 58.2928771973, 10.3887720108, 1.02743673325, 0.384478271008, 0.0868255719543, 0.02875376679, 0.00242800731212, 0.000706136284862, 0.000380547397071, 4.2079413106e-05, 2.79133701042e-06, 1.58062306355e-07, 2.44163494978e-10, 3.9802108831e-10],
        "max": [1.94701218605, 13.8038434982, 56.0550575256, 159.703186035, 128.101287842, 194.836227417, 204.171127319, 118.872497559, 64.7523193359, 480.34262085, 685.194213867, 710.494750977, 977.518188477, 145.639648438, 187.921188354, 268.479797363, 677.848815918, 182.432983398, 272.152496338, 155.004135132, 528.692382812, 442.1769104, 124.243225098, 280.564117432, 139.741149902, 104.407546997, 58.9491539001, 28.6522274017, 12.9667310715, 6.78939151764, 5.90302419662, 4.14561367035, 1.46501994133, 0.662865936756, 0.497822105885, 0.181486144662, 0.0446539744735, 0.00837066955864, 0.000568908348214, 0.000178614456672],
        "mean": [0.310204923153, 2.42640638351, 5.69458532333, 14.802936554, 13.1402015686, 16.2100963593, 17.4797344208, 12.3052053452, 11.4265918732, 33.7602882385, 54.5871620178, 38.9811058044, 37.6852645874, 17.7174015045, 16.805480957, 17.1515922546, 21.8120479584, 24.11693573, 25.2416706085, 25.77551651, 28.6831169128, 35.2489967346, 22.755525589, 22.0778751373, 22.4496631622, 15.6202945709, 9.64445972443, 3.3800444603, 1.00530123711, 0.65031760931, 0.264816045761, 0.0868182554841, 0.0303823184222, 0.0118649462238, 0.00546177569777, 0.00184894213453, 0.000562474422622, 0.000112722460472, 2.2686961529e-05, 4.43501085101e-05],
        "median": [0.0668654069304, 0.666521131992, 4.04891777039, 7.78738689423, 6.9579615593, 9.57195091248, 11.1515836716, 9.56564426422, 9.23907279968, 9.20151042938, 11.9604921341, 9.38839149475, 11.4333353043, 10.5809440613, 11.1193885803, 8.32514572144, 12.6802482605, 18.5672168732, 19.4162540436, 21.0716705322, 20.9532184601, 25.5300674438, 16.7065505981, 15.0204906464, 16.7705116272, 10.6584939957, 6.20075798035, 1.93940341473, 0.500185191631, 0.359866470098, 0.127019509673, 0.0233666487038, 0.00822228658944, 0.00278887618333, 0.000879337021615, 0.000461597461253, 0.000229852841585, 5.89961637161e-05, 1.89358543139e-05, 3.85597231798e-05],
        "min": [1.7544533104e-21, 6.89357135983e-21, 9.17480866566e-21, 6.69754506429e-20, 1.5026547498e-19, 2.84096706496e-19, 3.2622855646e-19, 7.13746750214e-19, 6.6726467986e-19, 1.32707770317e-18, 1.64271927837e-18, 1.07583979008e-18, 2.51356344674e-18, 3.41615025752e-18, 3.63356165344e-18, 2.57817473118e-18, 5.84407528185e-18, 7.41895065394e-18, 4.4014917323e-18, 6.32609575866e-18, 5.88373776504e-18, 2.04976216058e-17, 1.26060149868e-17, 1.61511861879e-17, 1.85901728918e-17, 1.887585626e-17, 1.42769553929e-17, 1.38758249082e-17, 1.4594404151e-17, 1.6468836778e-17, 2.20668609828e-17, 2.03426774422e-17, 1.45475261713e-17, 9.9274701601e-18, 6.99358708601e-18, 5.34289440692e-18, 3.21480911975e-18, 1.35016989754e-18, 3.81834506518e-19, 3.79447327894e-20],
        "var": [0.212036862969, 8.70303916931, 40.7571258545, 360.306915283, 266.300018311, 387.718078613, 369.909393311, 108.900802612, 78.0110092163, 5760.34619141, 13079.7451172, 8412.09472656, 10417.3691406, 396.53604126, 397.916015625, 808.890075684, 1937.33166504, 473.832550049, 581.928466797, 406.155975342, 2006.55505371, 1543.73901367, 402.749725342, 645.179748535, 378.39541626, 224.028594971, 98.004447937, 15.9117841721, 1.79566204548, 0.681626796722, 0.228711232543, 0.092935539782, 0.00981383025646, 0.00266205403022, 0.000975324888714, 0.000114481896162, 7.9209157775e-06, 1.83657618891e-07, 5.00490482391e-10, 7.8670936432e-10]
    },
    "gfcc": {
        "mean": [-23.1461658478, 156.939819336, -156.10055542, 48.9252586365, -36.5381164551, -18.8544178009, -16.813495636, -8.83321762085, -16.4222698212, -8.0850725174, -13.4471845627, -12.4455280304, -7.49643945694],
        "cov": [[2403.60473633, 15.1840028763, -178.642959595, 427.044586182, -39.0862884521, 302.086242676, 64.1201782227, 51.6416397095, 152.481689453, -86.0502243042, 74.3729248047, -36.7002487183, 15.8533058167], [15.1840028763, 564.775939941, 246.066177368, -82.627784729, 251.611587524, 7.07997226715, 200.659790039, 68.8762130737, 118.025299072, 76.8608398438, 86.0805435181, -6.5600438118, 18.7198371887], [-178.642959595, 246.066177368, 568.075500488, 165.587295532, 242.740097046, 92.1864700317, 113.012619019, 68.0927505493, 31.0635280609, 79.8719482422, 50.2314872742, 48.200176239, 49.5073776245], [427.044586182, -82.627784729, 165.587295532, 460.160247803, 77.1979141235, 174.899261475, 54.4679336548, -0.342079699039, 47.4038963318, -37.3132362366, 57.5722618103, 12.5239620209, 65.7246551514], [-39.0862884521, 251.611587524, 242.740097046, 77.1979141235, 297.974853516, 102.9504776, 133.357315063, 84.2439651489, 91.9989471436, 66.0472946167, 58.0582504272, 44.5695953369, 35.3149757385], [302.086242676, 7.07997226715, 92.1864700317, 174.899261475, 102.9504776, 179.107421875, 84.0043106079, 56.9329109192, 72.8171463013, 2.68518519402, 44.9815254211, 12.2217664719, 32.0796508789], [64.1201782227, 200.659790039, 113.012619019, 54.4679336548, 133.357315063, 84.0043106079, 187.684509277, 85.9904785156, 102.054450989, 45.9809188843, 52.4926948547, -1.49119186401, 24.1527423859], [51.6416397095, 68.8762130737, 68.0927505493, -0.342079699039, 84.2439651489, 56.9329109192, 85.9904785156, 114.115158081, 75.6232070923, 44.2381095886, 26.3156833649, 21.1865921021, 18.4100990295], [152.481689453, 118.025299072, 31.0635280609, 47.4038963318, 91.9989471436, 72.8171463013, 102.054450989, 75.6232070923, 132.462081909, 35.7934036255, 57.0780754089, 4.88947486877, 9.80279827118], [-86.0502243042, 76.8608398438, 79.8719482422, -37.3132362366, 66.0472946167, 2.68518519402, 45.9809188843, 44.2381095886, 35.7934036255, 113.123901367, 44.38671875, 25.4314556122, -4.54746627808], [74.3729248047, 86.0805435181, 50.2314872742, 57.5722618103, 58.0582504272, 44.9815254211, 52.4926948547, 26.3156833649, 57.0780754089, 44.38671875, 86.8360366821, 19.914604187, 7.89412784576], [-36.7002487183, -6.5600438118, 48.200176239, 12.5239620209, 44.5695953369, 12.2217664719, -1.49119186401, 21.1865921021, 4.88947486877, 25.4314556122, 19.914604187, 72.2062072754, 23.7184658051], [15.8533058167, 18.7198371887, 49.5073776245, 65.7246551514, 35.3149757385, 32.0796508789, 24.1527423859, 18.4100990295, 9.80279827118, -4.54746627808, 7.89412784576, 23.7184658051, 68.6227493286]],
        "icov": [[0.00119901623111, -0.00293021812104, 0.0014985834714, -0.00220850715414, 0.00223955675028, -0.00320401811041, 0.00237174984068, -0.00194845360238, 0.000406368897529, -0.000920084188692, 0.00215245736763, -0.00134502002038, 0.00168793217745], [-0.00293021812104, 0.0164936129004, -0.00660788826644, 0.00989983975887, -0.0109276622534, 0.0127682285383, -0.0122104082257, 0.00965240597725, -0.00480712065473, 0.00604541832581, -0.0125932972878, 0.00834292266518, -0.00752169126645], [0.0014985834714, -0.00660788826644, 0.00633721193299, -0.00560322077945, 0.00193958519958, -0.00488645164296, 0.00424640020356, -0.00518226297572, 0.00448280898854, -0.00399605417624, 0.00509834242985, -0.0031573434826, 0.00303251482546], [-0.00220850715414, 0.00989983975887, -0.00560322077945, 0.0113557046279, -0.00575406430289, 0.00372886680998, -0.00703448895365, 0.00893216393888, -0.00373988435604, 0.00540224416181, -0.00955089833587, 0.0051562176086, -0.00751776760444], [0.00223955675028, -0.0109276622534, 0.00193958519958, -0.00575406430289, 0.0155734289438, -0.011138943024, 0.00564464647323, -0.00529426615685, 6.41268852632e-05, -0.00460574915633, 0.00901712011546, -0.00866971351206, 0.00484663061798], [-0.00320401811041, 0.0127682285383, -0.00488645164296, 0.00372886680998, -0.011138943024, 0.0247182883322, -0.0108279613778, 0.00302492082119, -0.00396134145558, 0.00658938987181, -0.0110462550074, 0.00656310562044, -0.00560752302408], [0.00237174984068, -0.0122104082257, 0.00424640020356, -0.00703448895365, 0.00564464647323, -0.0108279613778, 0.0226170383394, -0.0113301705569, -0.00108493119478, -0.00528039317578, 0.00710924528539, -0.000322800304275, 0.00279191252775], [-0.00194845360238, 0.00965240597725, -0.00518226297572, 0.00893216393888, -0.00529426615685, 0.00302492082119, -0.0113301705569, 0.0274974107742, -0.0119476094842, -0.000453886343166, -0.00160071195569, 3.54711337422e-05, -0.00722939847037], [0.000406368897529, -0.00480712065473, 0.00448280898854, -0.00373988435604, 6.41268852632e-05, -0.00396134145558, -0.00108493119478, -0.0119476094842, 0.0234674755484, -0.00116128404625, -0.00468288781121, 0.00035107092117, 0.00395938521251], [-0.000920084188692, 0.00604541832581, -0.00399605417624, 0.00540224416181, -0.00460574915633, 0.00658938987181, -0.00528039317578, -0.000453886343166, -0.00116128404625, 0.0186199434102, -0.0123495189473, 0.000418779643951, 0.000218041444896], [0.00215245736763, -0.0125932972878, 0.00509834242985, -0.00955089833587, 0.00901712011546, -0.0110462550074, 0.00710924528539, -0.00160071195569, -0.00468288781121, -0.0123495189473, 0.0328272618353, -0.0115366959944, 0.00691991299391], [-0.00134502002038, 0.00834292266518, -0.0031573434826, 0.0051562176086, -0.00866971351206, 0.00656310562044, -0.000322800304275, 3.54711337422e-05, 0.00035107092117, 0.000418779643951, -0.0115366959944, 0.0259117484093, -0.0107794245705], [0.00168793217745, -0.00752169126645, 0.00303251482546, -0.00751776760444, 0.00484663061798, -0.00560752302408, 0.00279191252775, -0.00722939847037, 0.00395938521251, 0.000218041444896, 0.00691991299391, -0.0107794245705, 0.0247094426304]]
    },
    "melbands": {
        "dmean": [0.000759372778703, 0.00148500036448, 0.00170585745946, 0.000647915410809, 0.000377646181732, 0.000134537491249, 7.24842539057e-05, 0.000141930999234, 0.00011205800547, 6.81919627823e-05, 5.9231344494e-05, 3.01894051518e-05, 2.7528454666e-05, 1.9512794097e-05, 1.95262655325e-05, 1.84045256901e-05, 2.27960172197e-05, 1.74192700797e-05, 1.57640188263e-05, 1.81986561074e-05, 1.293493915e-05, 1.76379016921e-05, 1.34566062115e-05, 9.50231606112e-06, 8.11064182926e-06, 8.18754506327e-06, 6.23187770543e-06, 4.54868995803e-06, 3.05609910356e-06, 1.72646468855e-06, 6.26327050668e-07, 2.49218373938e-07, 2.42228452407e-07, 1.4085289024e-07, 8.74856098676e-08, 2.95194837463e-08, 2.29470611401e-08, 1.05154454033e-08, 5.51168222174e-09, 4.0031555848e-09],
        "dmean2": [0.00108241871931, 0.00243530678563, 0.00284497835673, 0.00108464807272, 0.00061289727455, 0.000221231544856, 0.000116198418254, 0.000231649333728, 0.000155017667566, 9.87107559922e-05, 8.18843982415e-05, 4.76655150123e-05, 4.2407791625e-05, 2.91306605504e-05, 2.82100572804e-05, 2.83229910565e-05, 3.57600147254e-05, 2.7945598049e-05, 2.48381093115e-05, 2.9046790587e-05, 2.03369872906e-05, 2.82916080323e-05, 2.16079461097e-05, 1.49017205331e-05, 1.2757697732e-05, 1.28321526063e-05, 9.61670139077e-06, 7.00054170011e-06, 4.68573716716e-06, 2.65500852947e-06, 9.60940155892e-07, 3.81595668841e-07, 3.64392860774e-07, 2.04931922099e-07, 1.28693955048e-07, 4.34165094987e-08, 3.27784341891e-08, 1.57612376483e-08, 7.95809640408e-09, 6.04814909266e-09],
        "dvar": [1.99080727725e-06, 4.27118493462e-06, 6.2634517235e-06, 8.28993961477e-07, 3.03962934822e-07, 2.8439036015e-08, 6.58580434632e-09, 1.15094181297e-07, 6.07556032151e-08, 3.07532239674e-08, 2.71991407175e-08, 1.6500801836e-09, 1.5672293463e-09, 1.02717534478e-09, 1.61849866842e-09, 9.8749353139e-10, 6.97766955327e-10, 5.53234680289e-10, 3.58164636838e-10, 5.7547761001e-10, 8.32894753167e-10, 7.26656013139e-10, 3.21504128875e-10, 1.51537601911e-10, 1.16512952064e-10, 9.77567055083e-11, 6.55792017912e-11, 3.5439599172e-11, 1.59710820957e-11, 7.42192592107e-12, 9.16230199349e-13, 1.95150156885e-13, 1.3976587086e-13, 4.17841623931e-14, 3.0645404698e-14, 2.46980916079e-15, 1.30539220587e-14, 8.33014816675e-16, 3.82048281628e-16, 3.51219379313e-16],
        "dvar2": [2.96606140182e-06, 1.11141334855e-05, 1.67957623489e-05, 2.05099286177e-06, 7.56353415454e-07, 7.47519735e-08, 1.67910787496e-08, 2.91685751108e-07, 9.70790878796e-08, 5.38715063669e-08, 4.05534379411e-08, 3.66939878482e-09, 3.61878282895e-09, 1.94501237338e-09, 3.15673709395e-09, 2.02040384423e-09, 1.62686852878e-09, 1.49107626246e-09, 8.61838045374e-10, 1.30484034688e-09, 1.85063686597e-09, 1.67664815365e-09, 7.74166564188e-10, 3.38370803599e-10, 2.75916844927e-10, 2.48591452978e-10, 1.43721090584e-10, 7.8314348062e-11, 3.5517488256e-11, 1.59597127181e-11, 2.08743439201e-12, 4.78820108563e-13, 3.06312999054e-13, 9.01180036627e-14, 5.92596650461e-14, 5.11192218723e-15, 2.40506382577e-14, 1.59375601773e-15, 6.63808921093e-16, 7.9298975706e-16],
        "max": [0.0182024594396, 0.026081841439, 0.0248470678926, 0.0106561779976, 0.00685514137149, 0.00257855583914, 0.00151313829701, 0.00584250641987, 0.00516520207748, 0.00495636975393, 0.00494694104418, 0.000602025014814, 0.000491734186653, 0.000527077412698, 0.00112761277705, 0.000907928333618, 0.000375758711016, 0.00040803939919, 0.000285841233563, 0.000443434313638, 0.000913241587114, 0.000736959220376, 0.000215258187382, 0.000130851869471, 0.000251395307714, 0.000100027726148, 8.92555108294e-05, 6.85301638441e-05, 4.67247773486e-05, 3.59040896001e-05, 1.17623412734e-05, 9.56024086918e-06, 4.69850874651e-06, 2.88948535854e-06, 5.21583069713e-06, 1.09180393792e-06, 3.74826072402e-06, 9.84090661404e-07, 6.8695732125e-07, 6.15595752151e-07],
        "mean": [0.00294604105875, 0.00315073039383, 0.00248255115002, 0.00101122376509, 0.000658036791719, 0.000284499692498, 0.000172025596839, 0.000410587876104, 0.000411552930018, 0.00022688046738, 0.000180741859367, 6.75820556353e-05, 5.41870504094e-05, 4.32472661487e-05, 4.4486256229e-05, 4.13947891502e-05, 4.64837576146e-05, 3.71298447135e-05, 3.32055278705e-05, 4.158570664e-05, 3.33879361278e-05, 3.96193208871e-05, 2.6015099138e-05, 1.84386099136e-05, 1.73698226718e-05, 1.76570865733e-05, 1.32612140078e-05, 9.68671793089e-06, 6.76735726302e-06, 3.67590268979e-06, 1.28374699671e-06, 5.28088776264e-07, 4.89919955271e-07, 2.90471092512e-07, 1.79563713232e-07, 5.80907588699e-08, 5.17931688648e-08, 2.16340811932e-08, 1.21432002231e-08, 9.14927422713e-09],
        "median": [0.000682297628373, 0.00220540282317, 0.00141418993007, 0.000586661219131, 0.000430473359302, 0.000223093025852, 0.000134374116897, 9.88310712273e-05, 8.78643622855e-05, 5.3297750128e-05, 5.13926315762e-05, 3.84197119274e-05, 3.35585536959e-05, 2.25078165386e-05, 2.13453095057e-05, 2.47305451921e-05, 3.35472905135e-05, 2.7907477488e-05, 2.5338762498e-05, 2.781737021e-05, 2.0926234356e-05, 2.74648173217e-05, 1.71977371792e-05, 1.22796118376e-05, 1.10846303869e-05, 1.26101222122e-05, 9.04660737433e-06, 6.42718850941e-06, 4.42069085693e-06, 1.98707266463e-06, 7.20274726973e-07, 2.42813939622e-07, 2.53261305261e-07, 1.61019528377e-07, 8.3418427721e-08, 2.48578437834e-08, 8.10066058676e-09, 5.98275917696e-09, 3.30231442192e-09, 1.87180515532e-09],
        "min": [1.47342540576e-23, 6.34715985505e-24, 1.53528708908e-23, 1.48122739788e-23, 1.34355176394e-23, 1.48346681622e-23, 1.00630299845e-23, 1.78632108847e-23, 1.22542560207e-23, 6.80551643998e-24, 1.20881582017e-23, 1.33634804393e-23, 1.25161807182e-23, 7.44003828681e-24, 1.09053275386e-23, 1.18829052716e-23, 1.38923122798e-23, 6.8626867675e-24, 7.22822282287e-24, 6.86633603805e-24, 7.3241774968e-24, 2.3930355884e-23, 1.09181133962e-23, 1.23303668986e-23, 1.35707220877e-23, 1.07659231949e-23, 1.61664515414e-23, 1.16589650155e-23, 7.85884533026e-24, 9.48781627827e-24, 7.40193709395e-24, 8.5919495467e-24, 8.63192112876e-24, 8.64709171283e-24, 1.1705002938e-23, 1.41320581529e-23, 1.20325624405e-23, 1.15219706419e-23, 7.42563999757e-24, 8.26737430496e-24],
        "var": [1.52326565512e-05, 1.07939404188e-05, 9.14372321859e-06, 1.32542947995e-06, 4.88161106205e-07, 5.43181570833e-08, 2.41944686508e-08, 7.92841717612e-07, 7.55083647164e-07, 3.57881475566e-07, 2.58352542915e-07, 6.30233909504e-09, 4.00109501086e-09, 3.86746989989e-09, 7.05279079583e-09, 3.9156722309e-09, 2.1044945786e-09, 1.34308586475e-09, 8.1239703853e-10, 1.95339455722e-09, 5.949461368e-09, 3.22267190711e-09, 6.74114875032e-10, 3.62219920724e-10, 4.98927232861e-10, 2.50939130586e-10, 1.64451854912e-10, 9.25462206869e-11, 4.72486841319e-11, 1.990574372e-11, 2.50394106491e-12, 6.3384204569e-13, 4.11907270445e-13, 1.33389813409e-13, 1.34385693762e-13, 8.64468273441e-15, 6.74680377213e-14, 3.97998377893e-15, 2.07131615801e-15, 1.95411517371e-15]
    },
    "mfcc": {
        "mean": [-651.616088867, 171.828842163, -47.2715263367, 62.4365615845, -6.61876440048, 7.82870960236, -1.70283448696, -0.100680500269, -2.17792415619, 4.85657453537, -6.17514228821, -3.55898880959, -2.38395810127],
        "cov": [[1938.25219727, -476.961120605, 14.5258827209, 61.5629386902, 39.9483947754, 184.599822998, -11.916226387, 216.090042114, 16.9182434082, 73.3965530396, 40.1890220642, 60.1587486267, -33.5075073242], [-476.961120605, 845.178222656, 0.359255313873, 3.73506593704, 73.3499603271, -21.313659668, 102.503952026, -5.59546470642, 89.4269180298, 69.4998474121, 107.924430847, 87.871055603, 107.704627991], [14.5258827209, 0.359255313873, 351.379455566, 158.42010498, 108.541931152, 106.007530212, 93.1265792847, 41.5007400513, 34.7852401733, 20.4150905609, 10.9574327469, 29.1960697174, -3.27799940109], [61.5629386902, 3.73506593704, 158.42010498, 215.113647461, 97.2098388672, 105.254745483, 73.320022583, 52.7147293091, 35.8128700256, 35.8167037964, 7.97475528717, 15.774433136, 13.0289325714], [39.9483947754, 73.3499603271, 108.541931152, 97.2098388672, 181.319869995, 97.6095962524, 70.3026657104, 68.9248962402, 48.2566375732, 29.7621326447, 31.7804756165, 25.524810791, 39.8616447449], [184.599822998, -21.313659668, 106.007530212, 105.254745483, 97.6095962524, 148.619216919, 72.5941543579, 69.4414367676, 33.501914978, 43.9424667358, 32.2930793762, 27.4339942932, 12.2514791489], [-11.916226387, 102.503952026, 93.1265792847, 73.320022583, 70.3026657104, 72.5941543579, 109.421699524, 49.7123374939, 49.9088821411, 45.9798660278, 36.3451385498, 35.9236907959, 22.8012294769], [216.090042114, -5.59546470642, 41.5007400513, 52.7147293091, 68.9248962402, 69.4414367676, 49.7123374939, 131.702438354, 65.5642318726, 40.0739822388, 29.3560256958, 26.5352363586, 21.5979194641], [16.9182434082, 89.4269180298, 34.7852401733, 35.8128700256, 48.2566375732, 33.501914978, 49.9088821411, 65.5642318726, 100.786659241, 59.0647277832, 25.6454582214, 26.1317615509, 26.2267856598], [73.3965530396, 69.4998474121, 20.4150905609, 35.8167037964, 29.7621326447, 43.9424667358, 45.9798660278, 40.0739822388, 59.0647277832, 90.077545166, 53.6684684753, 37.5266342163, 22.6603412628], [40.1890220642, 107.924430847, 10.9574327469, 7.97475528717, 31.7804756165, 32.2930793762, 36.3451385498, 29.3560256958, 25.6454582214, 53.6684684753, 98.2895431519, 69.0334243774, 39.9083175659], [60.1587486267, 87.871055603, 29.1960697174, 15.774433136, 25.524810791, 27.4339942932, 35.9236907959, 26.5352363586, 26.1317615509, 37.5266342163, 69.0334243774, 104.461288452, 61.9754867554], [-33.5075073242, 107.704627991, -3.27799940109, 13.0289325714, 39.8616447449, 12.2514791489, 22.8012294769, 21.5979194641, 26.2267856598, 22.6603412628, 39.9083175659, 61.9754867554, 95.8286209106]],
