{
"lowlevel": {
    "average_loudness": 0.519645988941,
    "barkbands_crest": {
        "dmean": 2.05512499809,
        "dmean2": 3.19285535812,
        "dvar": 4.33270215988,
        "dvar2": 10.2772350311,
        "max": 25.9237384796,
        "mean": 14.171620369,
        "median": 13.4549827576,
        "min": 3.45179009438,
        "var": 28.2973537445
    },
    "barkbands_flatness_db": {
        "dmean": 0.0204442441463,
        "dmean2": 0.0289358366281,
        "dvar": 0.000387281586882,
        "dvar2": 0.000781264679972,
        "max": 0.47329980135,
        "mean": 0.269554197788,
        "median": 0.270511329174,
        "min": 0.0661037787795,
        "var": 0.00428918143734
    },
    "barkbands_kurtosis": {
        "dmean": 6.47941732407,
        "dmean2": 10.2338981628,
        "dvar": 145.897018433,
        "dvar2": 371.121276855,
        "max": 237.528869629,
        "mean": 23.6852321625,
        "median": 8.49464797974,
        "min": -1.56013250351,
        "var": 1716.94665527
    },
    "barkbands_skewness": {
        "dmean": 0.588278353214,
        "dmean2": 0.904690504074,
        "dvar": 0.469408094883,
        "dvar2": 1.10954713821,
        "max": 13.2045106888,
        "mean": 3.12629771233,
        "median": 2.3533987999,
        "min": -1.84625589848,
        "var": 7.18989944458
    },
    "barkbands_spread": {
        "dmean": 1.84354364872,
        "dmean2": 2.80559182167,
        "dvar": 5.85530567169,
        "dvar2": 13.0866937637,
        "max": 34.4243087769,
        "mean": 7.74522829056,
        "median": 5.76577663422,
        "min": 0.452255666256,
        "var": 40.7827568054
    },
    "dissonance": {
        "dmean": 0.0245858635753,
        "dmean2": 0.0403937101364,
        "dvar": 0.000447641505161,
        "dvar2": 0.00119559955783,
        "max": 0.49983394146,
        "mean": 0.423944652081,
        "median": 0.430598586798,
        "min": 0.213139697909,
        "var": 0.00175803108141
    },
    "dynamic_complexity": 5.76553583145,
    "erbbands_crest": {
        "dmean": 2.10939311981,
        "dmean2": 3.26946568489,
        "dvar": 5.01194095612,
        "dvar2": 11.8453741074,
        "max": 29.045627594,
        "mean": 13.4912881851,
        "median": 12.6787042618,
        "min": 2.68706202507,
        "var": 33.6234207153
    },
    "erbbands_flatness_db": {
        "dmean": 0.0180298052728,
        "dmean2": 0.0239411797374,
        "dvar": 0.000316993333399,
        "dvar2": 0.000516702537425,
        "max": 0.409951329231,
        "mean": 0.245206087828,
        "median": 0.243419855833,
        "min": 0.059383444488,
        "var": 0.00344198592938
    },
    "erbbands_kurtosis": {
        "dmean": 1.30080354214,
        "dmean2": 2.03196382523,
        "dvar": 4.82659435272,
        "dvar2": 10.6351308823,
        "max": 38.8940315247,
        "mean": 1.88827931881,
        "median": 0.268867373466,
        "min": -1.81636548042,
        "var": 19.1288604736
    },
    "erbbands_skewness": {
        "dmean": 0.351585268974,
        "dmean2": 0.531741678715,
        "dvar": 0.135966405272,
        "dvar2": 0.286369234324,
        "max": 5.87125396729,
        "mean": 1.04112577438,
        "median": 0.863904476166,
        "min": -1.93089461327,
        "var": 1.26494550705
    },
    "erbbands_spread": {
        "dmean": 5.25303840637,
        "dmean2": 7.92264080048,
        "dvar": 34.1330680847,
        "dvar2": 77.954574585,
        "max": 79.3634262085,
        "mean": 28.2916412354,
        "median": 26.3537025452,
        "min": 2.85756659508,
        "var": 195.430541992
    },
    "hfc": {
        "dmean": 1.52919197083,
        "dmean2": 2.0664100647,
        "dvar": 6.68490123749,
        "dvar2": 10.5228748322,
        "max": 59.8920783997,
        "mean": 7.10630607605,
        "median": 4.65807723999,
        "min": 1.16994453841e-16,
        "var": 58.1258163452
    },
    "melbands_crest": {
        "dmean": 2.63837122917,
        "dmean2": 4.11482667923,
        "dvar": 6.91326808929,
        "dvar2": 17.3060951233,
        "max": 33.707824707,
        "mean": 18.7399673462,
        "median": 18.6949806213,
        "min": 2.14018368721,
        "var": 44.7163085938
    },
    "melbands_flatness_db": {
        "dmean": 0.0229275412858,
        "dmean2": 0.031152676791,
        "dvar": 0.000492259510793,
        "dvar2": 0.000899090373423,
        "max": 0.596927940845,
        "mean": 0.35149627924,
        "median": 0.354417562485,
        "min": 0.00546200340614,
        "var": 0.00629073288292
    },
    "melbands_kurtosis": {
        "dmean": 12.7341632843,
        "dmean2": 20.3897075653,
        "dvar": 635.045043945,
        "dvar2": 1617.34399414,
        "max": 515.446411133,
        "mean": 48.0354156494,
        "median": 15.7036314011,
        "min": -1.57492029667,
        "var": 8395.34082031
    },
    "melbands_skewness": {
        "dmean": 0.775687456131,
        "dmean2": 1.20559680462,
        "dvar": 0.840767860413,
        "dvar2": 2.03586626053,
        "max": 16.1565933228,
        "mean": 3.94287919998,
        "median": 3.01967906952,
        "min": -0.90983992815,
        "var": 9.96155166626
    },
    "melbands_spread": {
        "dmean": 2.27145504951,
        "dmean2": 3.42042183876,
        "dvar": 17.7094745636,
        "dvar2": 30.7399940491,
        "max": 125.506759644,
        "mean": 8.7418794632,
        "median": 5.99217748642,
        "min": 0.422435045242,
        "var": 77.1508102417
    },
    "pitch_salience": {
        "dmean": 0.0583241283894,
        "dmean2": 0.0915829092264,
        "dvar": 0.00315754604526,
        "dvar2": 0.00764018716291,
        "max": 0.870709002018,
        "mean": 0.432911872864,
        "median": 0.445038825274,
        "min": 0.0766715779901,
        "var": 0.0171257983893
    },
    "silence_rate_20dB": {
        "dmean": 0,
        "dmean2": 0,
        "dvar": 0,
        "dvar2": 0,
        "max": 1,
        "mean": 1,
        "median": 1,
        "min": 1,
        "var": 0
    },
    "silence_rate_30dB": {
        "dmean": 0.00722021656111,
        "dmean2": 0.0144478846341,
        "dvar": 0.00716817844659,
        "dvar2": 0.0173354260623,
        "max": 1,
        "mean": 0.986597955227,
        "median": 1,
        "min": 0,
        "var": 0.0132223609835
    },
    "silence_rate_60dB": {
        "dmean": 0.0330067053437,
        "dmean2": 0.0660474747419,
        "dvar": 0.0319182500243,
        "dvar2": 0.0761343762279,
        "max": 1,
        "mean": 0.132989689708,
        "median": 0,
        "min": 0,
        "var": 0.115302443504
    },
    "spectral_centroid": {
        "dmean": 89.4681472778,
        "dmean2": 129.364883423,
        "dvar": 65712.5390625,
        "dvar2": 73855.359375,
        "max": 10976.7392578,
        "mean": 579.127807617,
        "median": 470.690673828,
        "min": 133.584747314,
        "var": 173786.203125
    },
    "spectral_complexity": {
        "dmean": 1.43991744518,
        "dmean2": 2.29772973061,
        "dvar": 2.21338319778,
        "dvar2": 4.36185789108,
        "max": 27,
        "mean": 8.85463905334,
        "median": 9,
        "min": 0,
        "var": 19.3634586334
    },
    "spectral_decrease": {
        "dmean": 1.34165423216e-09,
        "dmean2": 1.91132132343e-09,
        "dvar": 4.80865608599e-18,
        "dvar2": 9.24358204506e-18,
        "max": -4.05550471183e-29,
        "mean": -5.58279955598e-09,
        "median": -3.42544259624e-09,
        "min": -3.6338157372e-08,
        "var": 3.61171076766e-17
    },
    "spectral_energy": {
        "dmean": 0.00518334237859,
        "dmean2": 0.00736849848181,
        "dvar": 7.16999056749e-05,
        "dvar2": 0.000136865433888,
        "max": 0.140535339713,
        "mean": 0.0217153076082,
        "median": 0.0134049784392,
        "min": 1.07648129773e-20,
        "var": 0.000542264198884
    },
    "spectral_energyband_high": {
        "dmean": 6.95013341101e-06,
        "dmean2": 9.55913310463e-06,
        "dvar": 1.80934850436e-10,
        "dvar2": 3.16542569934e-10,
        "max": 0.000308067421429,
        "mean": 1.40319143611e-05,
        "median": 5.93321510678e-06,
        "min": 7.93312090113e-21,
        "var": 5.24286503101e-10
    },
    "spectral_energyband_low": {
        "dmean": 0.00289848796092,
        "dmean2": 0.00442814454436,
        "dvar": 3.5612800275e-05,
        "dvar2": 7.97577013145e-05,
        "max": 0.100139297545,
        "mean": 0.00776461884379,
        "median": 0.0017421428347,
        "min": 7.93048052688e-23,
        "var": 0.000177466645255
    },
    "spectral_energyband_middle_high": {
        "dmean": 0.000337510835379,
        "dmean2": 0.000486305681989,
        "dvar": 4.14162371953e-07,
        "dvar2": 7.41892620226e-07,
        "max": 0.0161649696529,
        "mean": 0.00109814258758,
        "median": 0.000558882136829,
        "min": 1.69015193273e-21,
        "var": 2.06407935366e-06
    },
    "spectral_energyband_middle_low": {
        "dmean": 0.00314368656836,
        "dmean2": 0.0043254760094,
        "dvar": 3.78729346266e-05,
        "dvar2": 6.83841935825e-05,
        "max": 0.13422100246,
        "mean": 0.0131972515956,
        "median": 0.00550824590027,
        "min": 2.55168936884e-22,
        "var": 0.000318522419548
    },
    "spectral_entropy": {
        "dmean": 0.176047772169,
        "dmean2": 0.229730054736,
        "dvar": 0.0316449664533,
        "dvar2": 0.0515702664852,
        "max": 9.78577804565,
        "mean": 6.41863441467,
        "median": 6.47158432007,
        "min": 4.77503681183,
        "var": 0.333003818989
    },
    "spectral_flux": {
        "dmean": 0.0151541875675,
        "dmean2": 0.0250794719905,
        "dvar": 0.000460063893115,
        "dvar2": 0.00115913653281,
        "max": 0.248187914491,
        "mean": 0.0408227257431,
        "median": 0.0333369001746,
        "min": 1.03753616809e-10,
        "var": 0.000930096721277
    },
    "spectral_kurtosis": {
        "dmean": 7.37972354889,
        "dmean2": 12.4661884308,
        "dvar": 58.6162452698,
        "dvar2": 154.83241272,
        "max": 94.2059020996,
        "mean": 16.185256958,
        "median": 12.0606622696,
        "min": -1.21286797523,
        "var": 168.274536133
    },
    "spectral_rms": {
        "dmean": 0.000528981850948,
        "dmean2": 0.000749992148485,
        "dvar": 5.05138871176e-07,
        "dvar2": 9.57429847404e-07,
        "max": 0.0117092980072,
        "mean": 0.00398165499792,
        "median": 0.00361635559238,
        "min": 3.24071845748e-12,
        "var": 5.33207685294e-06
    },
    "spectral_rolloff": {
        "dmean": 126.200508118,
        "dmean2": 209.864807129,
        "dvar": 216655.46875,
        "dvar2": 296670.90625,
        "max": 18023.2910156,
        "mean": 559.683410645,
        "median": 344.53125,
        "min": 86.1328125,
        "var": 389267.9375
    },
    "spectral_skewness": {
        "dmean": 0.574288904667,
        "dmean2": 0.959961891174,
        "dvar": 0.289674758911,
        "dvar2": 0.77452480793,
        "max": 7.57895421982,
        "mean": 2.65974593163,
        "median": 2.4192533493,
        "min": -0.0208436623216,
        "var": 1.05723953247
    },
    "spectral_spread": {
        "dmean": 441641.6875,
        "dmean2": 634520.625,
        "dvar": 546502311936,
        "dvar2": 781466402816,
        "max": 40625028,
        "mean": 2719330.25,
        "median": 2224946.5,
        "min": 1024639.5,
        "var": 3.58492300902e+12
    },
    "spectral_strongpeak": {
        "dmean": 0.279143899679,
        "dmean2": 0.446606248617,
        "dvar": 0.195375278592,
        "dvar2": 0.412997335196,
        "max": 7.18292427063,
        "mean": 0.930016219616,
        "median": 0.5911642313,
        "min": 0,
        "var": 0.887587428093
    },
    "zerocrossingrate": {
        "dmean": 0.0036133818794,
        "dmean2": 0.00439705094323,
        "dvar": 0.000141412761877,
        "dvar2": 0.000148915991304,
        "max": 0.50341796875,
        "mean": 0.0235857460648,
        "median": 0.01953125,
        "min": 0,
        "var": 0.000287780771032
    },
    "barkbands": {
        "dmean": [4.69697306471e-06, 0.00178115302697, 0.00131938431878, 0.000587689050008, 0.00112259772141, 0.00178543431684, 0.000174154396518, 0.0001129147131, 0.000364308827557, 6.82167010382e-05, 6.21991712251e-05, 2.62769608526e-05, 5.10085919814e-05, 0.000104726481368, 3.58400902769e-05, 0.000125990714878, 8.24996895972e-05, 2.45968331001e-05, 9.95417576632e-06, 7.12887140253e-06, 2.20580091082e-06, 2.88786191049e-06, 7.99531733264e-07, 5.68334087347e-07, 6.38900303329e-07, 9.19364140373e-08, 5.4084376977e-09],
        "dmean2": [7.82279403211e-06, 0.0027414036449, 0.00194098497741, 0.000973955553491, 0.00167749810498, 0.0022265939042, 0.000256795057794, 0.000181979252375, 0.000530983961653, 0.000105396160507, 9.03001637198e-05, 3.93189766328e-05, 7.0781163231e-05, 0.000151244050357, 5.36856605322e-05, 0.000201604168979, 0.000134561589221, 3.71792884835e-05, 1.52314460138e-05, 1.07789937829e-05, 3.23396602653e-06, 4.10964048569e-06, 1.17554293411e-06, 8.64398543854e-07, 1.00083377674e-06, 1.54968589072e-07, 9.76845893064e-09],
        "dvar": [2.19126189416e-10, 1.96420660359e-05, 6.6180241447e-06, 1.29972136165e-06, 8.64964295033e-06, 2.26428601309e-05, 2.06514556567e-07, 7.15222441272e-08, 1.14692227271e-06, 2.1391969085e-08, 1.54990384971e-08, 1.48791947652e-08, 2.08819272984e-08, 1.00896457411e-07, 4.33268931843e-09, 8.18497980504e-08, 5.8983026463e-08, 5.74653258312e-09, 5.47582090782e-10, 3.43219924703e-10, 2.65589789744e-11, 6.90715262763e-11, 3.18509303134e-12, 2.93861853254e-12, 2.70743974115e-12, 8.60193196512e-14, 2.63799173469e-16],
        "dvar2": [5.13547260272e-10, 4.31514599768e-05, 1.31854221763e-05, 3.96708082917e-06, 1.67412708834e-05, 3.0931114452e-05, 4.53868551631e-07, 1.81711854452e-07, 2.79820824289e-06, 4.7768821787e-08, 3.00341760351e-08, 2.50010678826e-08, 3.74992517038e-08, 1.49139978589e-07, 8.56422488482e-09, 2.08343621466e-07, 1.45584053257e-07, 1.19668248644e-08, 1.17747445127e-09, 9.5302854497e-10, 6.50640930022e-11, 1.20408086279e-10, 7.00720644703e-12, 6.69704352738e-12, 6.03511381495e-12, 2.21275295721e-13, 7.12451270397e-16],
        "max": [0.000350440532202, 0.0738338530064, 0.074202992022, 0.0178386457264, 0.0843158066273, 0.121357172728, 0.0106460014358, 0.00515024550259, 0.0309653077275, 0.00447147572413, 0.00292623625137, 0.003890278982, 0.0033772427123, 0.0130902845412, 0.00163326633628, 0.00366869498976, 0.00435244943947, 0.00149541150313, 0.000658718752675, 0.000379780482035, 0.000117064941151, 0.000262689951342, 2.29471424973e-05, 3.18647253152e-05, 1.97601912078e-05, 4.7177113629e-06, 2.59234127498e-07],
        "mean": [4.44891293228e-06, 0.00283379596658, 0.00457288185135, 0.00125084083993, 0.00399555917829, 0.00620246306062, 0.000368372857338, 0.000230051373364, 0.0011234577978, 0.000149246567162, 0.000153363973368, 5.66690869164e-05, 9.67184823821e-05, 0.000178149479325, 6.94103364367e-05, 0.000217246313696, 0.000122920289868, 4.68663056381e-05, 1.95098837139e-05, 1.22265591926e-05, 4.03186550102e-06, 4.84404381496e-06, 9.65776848716e-07, 5.994599519e-07, 6.3431474473e-07, 7.87149545545e-08, 4.00678468182e-09],
        "median": [1.07057735477e-06, 0.00037433358375, 0.000749070604797, 0.000537802232429, 0.000777012086473, 0.000901881721802, 9.46631698753e-05, 7.71015693317e-05, 0.000276607694104, 5.97855832893e-05, 4.79589034512e-05, 9.27799010242e-06, 2.04483840207e-05, 4.58095310023e-05, 3.09086753987e-05, 8.82794411154e-05, 2.31514786719e-05, 1.10004457383e-05, 7.75060652813e-06, 4.54210476164e-06, 1.40002839544e-06, 1.60385002346e-06, 2.32959877167e-07, 7.40431289614e-08, 5.27020560526e-08, 1.52774219941e-08, 9.03035424216e-10],
        "min": [7.35894417462e-24, 8.16838093883e-24, 5.15902788893e-23, 1.52173193438e-23, 2.76607102885e-23, 9.41681437918e-23, 1.35330066478e-23, 6.24756127483e-23, 3.34594911187e-23, 7.85802523046e-23, 8.03536621066e-23, 5.76450640159e-23, 1.21275247274e-22, 1.03471540168e-22, 1.09944490994e-22, 1.84997045683e-22, 1.85532587574e-22, 2.7526855739e-22, 3.02421705106e-22, 3.25171898255e-22, 5.971287797e-22, 4.7027560425e-22, 5.76938585339e-22, 7.54483180009e-22, 1.30643605399e-21, 1.88398603808e-21, 2.49355938255e-21],
        "var": [2.20371582094e-10, 3.64440747944e-05, 9.81104312814e-05, 4.37502922068e-06, 8.53561577969e-05, 0.000180652481504, 7.23621724319e-07, 2.36867450099e-07, 6.1416421886e-06, 8.63978044663e-08, 9.45714617728e-08, 4.72873047386e-08, 6.27905905048e-08, 3.40923406839e-07, 1.50403511867e-08, 1.45779992522e-07, 8.94132128337e-08, 1.52365497996e-08, 1.6420710347e-09, 5.79536418854e-10, 6.37778094226e-11, 1.45051387568e-10, 3.91395466384e-12, 3.02684093068e-12, 2.87197913021e-12, 6.57827877457e-14, 1.77678144113e-16]
    },
    "erbbands": {
        "dmean": [0.024370232597, 0.494039624929, 1.62327003479, 1.22300374508, 2.5464091301, 3.16628909111, 11.4987564087, 14.1321077347, 4.38647937775, 3.39682483673, 2.68091440201, 8.41126155853, 4.30960798264, 1.68467497826, 2.02437806129, 1.13587188721, 2.51718878746, 2.92367553711, 3.73533654213, 3.39566493034, 8.74656391144, 3.33483958244, 1.07523012161, 1.02799093723, 0.360822170973, 0.291934758425, 0.0637974217534, 0.11035182327, 0.114862963557, 0.0574629716575, 0.0218653809279, 0.0124809844419, 0.0100053744391, 0.00943256448954, 0.00321648549289, 0.000624779029749, 0.000140750096762, 2.12596532947e-05, 2.59832950178e-06, 5.70893234908e-06],
        "dmean2": [0.0371095053852, 0.762980163097, 2.48579382896, 1.93276798725, 4.18109989166, 4.90443563461, 17.1915855408, 15.7275600433, 4.89017057419, 5.04161739349, 4.29642915726, 12.6476583481, 6.18281745911, 2.51915311813, 2.85356092453, 1.68843376637, 3.39114332199, 3.82811617851, 5.66910600662, 5.10528087616, 14.0250597, 5.35700130463, 1.57755875587, 1.52016806602, 0.520460665226, 0.446701586246, 0.0956634357572, 0.166715577245, 0.165709763765, 0.0827703848481, 0.0323524996638, 0.0189445503056, 0.0154194096103, 0.0148335639387, 0.00510957278311, 0.00100031169131, 0.00024632862187, 3.76886200684e-05, 3.7331456042e-06, 8.08785716799e-06],
        "dvar": [0.00492442585528, 1.41138148308, 10.5430040359, 3.48869132996, 31.6503276825, 61.8892707825, 1362.3972168, 2174.38037109, 292.072753906, 113.177139282, 33.5701751709, 887.813476562, 110.221427917, 7.95706033707, 15.6032466888, 28.5215511322, 54.2757987976, 161.271942139, 112.48941803, 61.1131324768, 426.425872803, 79.1202468872, 11.3366537094, 7.16876029968, 0.472296237946, 0.505752325058, 0.0159261543304, 0.0815609768033, 0.119694501162, 0.0235881339759, 0.00248923175968, 0.00149813352618, 0.000818365253508, 0.000604075961746, 7.31907348381e-05, 3.58084844265e-06, 2.31842150811e-07, 4.777399365e-09, 1.70141643829e-11, 8.6779396169e-11],
        "dvar2": [0.010781256482, 3.14154410362, 23.6480522156, 9.24225139618, 88.5457000732, 127.839019775, 3391.01733398, 2093.01904297, 291.638305664, 230.301712036, 88.3642196655, 2239.94604492, 223.859924316, 17.2478923798, 28.9210510254, 47.8306236267, 90.2479248047, 133.326858521, 246.829849243, 134.572662354, 1086.91308594, 201.792892456, 21.0823059082, 14.6963710785, 1.04044687748, 1.41496562958, 0.0335946641862, 0.211560815573, 0.199032530189, 0.0503788888454, 0.00539034465328, 0.00354858860373, 0.00177559920121, 0.00134099251591, 0.000170048006112, 8.72372947924e-06, 6.28401039648e-07, 1.30252342245e-08, 3.33071521752e-11, 1.64150776305e-10],
        "max": [1.0200766325, 20.0052642822, 78.9046859741, 32.511631012, 145.643508911, 219.248474121, 683.979553223, 1391.45605469, 521.737792969, 251.427047729, 135.021087646, 870.492370605, 342.149627686, 71.4354553223, 92.0437316895, 172.619522095, 178.438583374, 718.058349609, 250.882415771, 181.666717529, 275.994415283, 121.840568542, 86.3458023071, 47.1088218689, 10.886015892, 13.8606405258, 2.10617017746, 7.30240774155, 11.5659761429, 3.98981285095, 0.647961914539, 0.784554362297, 0.449184894562, 0.321157366037, 0.0943803563714, 0.0391123667359, 0.00740631110966, 0.000985528924502, 6.73183094477e-05, 0.000157516333275],
        "mean": [0.0309129022062, 0.887281894684, 5.20288038254, 3.71262812614, 6.84550333023, 10.7082843781, 39.8801879883, 53.2859344482, 11.8993549347, 7.47525072098, 7.22042131424, 24.515827179, 13.2345848083, 4.76442956924, 5.42975139618, 2.60693097115, 5.08262395859, 5.99562358856, 6.2632818222, 6.83774280548, 14.3758182526, 5.36742258072, 2.28843021393, 2.09405183792, 0.74495267868, 0.522608160973, 0.121763579547, 0.198414266109, 0.187779188156, 0.0910030901432, 0.0268178768456, 0.0136779807508, 0.0102733206004, 0.00931717082858, 0.00310837221332, 0.000589498260524, 0.000114729824418, 1.67615453393e-05, 1.06320430859e-05, 2.41353536694e-05],
        "median": [0.00349684199318, 0.122298233211, 0.944543838501, 1.7469022274, 2.88929605484, 2.87545585632, 3.8876247406, 7.62484264374, 2.14549183846, 2.30786657333, 3.18863844872, 5.47817897797, 3.76150846481, 2.54181957245, 1.83211123943, 0.709815979004, 1.13420748711, 1.66519474983, 1.99832260609, 2.95311760902, 5.25814819336, 1.49519205093, 0.574154496193, 0.709196805954, 0.348756462336, 0.197190731764, 0.0484728440642, 0.0679882094264, 0.0588776580989, 0.0292033813894, 0.00615618936718, 0.00217951275408, 0.00100628298242, 0.00072661350714, 0.000299196515698, 0.000118885625852, 2.41210364038e-05, 3.87927229895e-06, 7.02511169948e-06, 1.52011161845e-05],
        "min": [2.2748774461e-22, 2.77913036239e-21, 4.22337062708e-20, 7.82768316113e-20, 4.02093400491e-20, 1.18694821508e-19, 9.71423850782e-20, 1.04842526682e-18, 5.62507787051e-19, 4.30531740703e-19, 1.39045193901e-18, 8.53644395095e-19, 1.74272686199e-18, 3.1898474972e-18, 2.57576680842e-18, 2.54702310931e-18, 4.91432882283e-18, 4.89604316821e-18, 6.52595913827e-18, 7.21654865704e-18, 1.02043043501e-17, 1.22330284953e-17, 1.18852064923e-17, 1.22532026032e-17, 2.0015825295e-17, 1.37927337885e-17, 2.61493529935e-17, 1.93950229365e-17, 1.71219984421e-17, 1.69069116305e-17, 1.60892469037e-17, 1.44769957892e-17, 1.44754125655e-17, 1.14264827303e-17, 1.04956166823e-17, 6.86414241913e-18, 4.04763834191e-18, 1.51809211138e-18, 3.4544396209e-19, 3.11054742379e-20],
        "var": [0.0065026236698, 2.96439695358, 112.995948792, 24.3334445953, 196.45690918, 556.013427734, 7804.95361328, 17998.1621094, 1786.47729492, 355.605194092, 160.488372803, 3752.91308594, 1050.92993164, 39.5898513794, 102.155784607, 85.0379257202, 179.629272461, 789.064025879, 209.233276367, 163.097045898, 691.111450195, 131.947372437, 38.0517730713, 18.617565155, 1.22695946693, 0.983829677105, 0.0414414666593, 0.162808254361, 0.267875164747, 0.0375820063055, 0.00309717841446, 0.00148281140719, 0.000886878406163, 0.000648375833407, 7.11493048584e-05, 3.10484074362e-06, 1.55739940055e-07, 3.17543746853e-09, 1.18540025018e-10, 6.6119354436e-10]
    },
    "gfcc": {
        "mean": [-142.21522522, 171.249511719, -119.794845581, 26.9776535034, -36.8966217041, -9.53173446655, -34.3050537109, -5.96939563751, -9.44593906403, -14.8115577698, -19.5704689026, -9.84614086151, 0.47345238924],
        "cov": [[11929.8369141, 2253.18920898, -2794.55249023, -205.512664795, -427.839355469, -980.523681641, -260.334533691, -440.428222656, 471.731811523, -156.912155151, 619.380981445, -54.1516685486, 583.498352051], [2253.18920898, 1205.0357666, -673.286560059, -330.278747559, 42.1016426086, -542.077331543, 59.6627655029, -334.073364258, 95.4636993408, -124.483421326, 143.795257568, -60.3041267395, 167.524749756], [-2794.55249023, -673.286560059, 1437.38635254, 304.011657715, 222.454467773, 423.634338379, 6.29184865952, 221.236709595, -128.450469971, 38.4148902893, -207.345016479, 6.73014593124, -100.459953308], [-205.512664795, -330.278747559, 304.011657715, 491.885162354, 102.903076172, 252.212478638, 63.5343894958, 148.556762695, 72.7814712524, 14.4777879715, -30.2175006866, -32.3205528259, -37.2210540771], [-427.839355469, 42.1016426086, 222.454467773, 102.903076172, 219.457168579, 38.4817695618, 72.3525085449, 10.1508588791, 15.2307500839, -4.59004163742, -31.7207603455, -6.64015722275, -30.5169372559], [-980.523681641, -542.077331543, 423.634338379, 252.212478638, 38.4817695618, 429.49017334, 26.4241600037, 209.142868042, -13.9840068817, 63.7248954773, -71.7621841431, -12.8831005096, -91.5429077148], [-260.334533691, 59.6627655029, 6.29184865952, 63.5343894958, 72.3525085449, 26.4241600037, 186.722396851, 27.7432422638, 51.9268531799, 1.78889989853, -23.4341182709, -22.8571796417, -43.5992774963], [-440.428222656, -334.073364258, 221.236709595, 148.556762695, 10.1508588791, 209.142868042, 27.7432422638, 244.93788147, 34.0422897339, 47.0928115845, -41.7853164673, 10.0392951965, -50.222820282], [471.731811523, 95.4636993408, -128.450469971, 72.7814712524, 15.2307500839, -13.9840068817, 51.9268531799, 34.0422897339, 138.262359619, 13.3410997391, 40.9584388733, 0.794534385204, 27.5428276062], [-156.912155151, -124.483421326, 38.4148902893, 14.4777879715, -4.59004163742, 63.7248954773, 1.78889989853, 47.0928115845, 13.3410997391, 90.8307495117, 21.6884632111, 25.7011699677, -24.0697822571], [619.380981445, 143.795257568, -207.345016479, -30.2175006866, -31.7207603455, -71.7621841431, -23.4341182709, -41.7853164673, 40.9584388733, 21.6884632111, 151.607345581, 39.4893035889, 61.0579376221], [-54.1516685486, -60.3041267395, 6.73014593124, -32.3205528259, -6.64015722275, -12.8831005096, -22.8571796417, 10.0392951965, 0.794534385204, 25.7011699677, 39.4893035889, 105.915092468, 34.190612793], [583.498352051, 167.524749756, -100.459953308, -37.2210540771, -30.5169372559, -91.5429077148, -43.5992774963, -50.222820282, 27.5428276062, -24.0697822571, 61.0579376221, 34.190612793, 148.630599976]],
        "icov": [[0.000372641254216, -0.001003541518, 0.000536085630301, -0.000782717193943, 0.000484211632283, -0.000309834053041, 0.000943156250287, -0.000508675002493, 4.61007984995e-05, -0.000364402454579, 0.000177458525286, -0.00031648928416, -0.000219764100621], [-0.001003541518, 0.00723500130698, -0.00114935054444, 0.00403016526252, -0.0037612975575, 0.00351197714917, -0.00409739417955, 0.00295278406702, -0.00230490136892, 0.00307701318525, -0.002819274785, 0.00484810536727, -0.00182762311306], [0.000536085630301, -0.00114935054444, 0.00242863036692, -0.00138642534148, -0.000915816577617, -0.00110391597264, 0.00161404686514, -0.00115018535871, 0.00148467964027, -0.000872110831551, 0.00154503958765, -0.000682853802573, -0.00119192095008], [-0.000782717193943, 0.00403016526252, -0.00138642534148, 0.00644017243758, -0.003074279055, -0.000307714624796, -0.00260477839038, 0.00136001396459, -0.00337049760856, 0.00302319251932, -0.00217321305536, 0.0033489051275, -0.000682675337885], [0.000484211632283, -0.0037612975575, -0.000915816577617, -0.003074279055, 0.00918968301266, -0.000953127688263, -0.000167599428096, -0.000115216418635, -2.42255225658e-07, -0.00101790309418, 0.00123343197629, -0.00327604403719, 0.00224343617447], [-0.000309834053041, 0.00351197714917, -0.00110391597264, -0.000307714624796, -0.000953127688263, 0.00834608729929, -0.0018642480718, -0.0017590529751, 0.000369793007849, -0.000846731418278, -0.00144734501373, 0.00332397874445, -0.000137501003337], [0.000943156250287, -0.00409739417955, 0.00161404686514, -0.00260477839038, -0.000167599428096, -0.0018642480718, 0.0106667811051, -0.00189190288074, -0.00222647190094, -0.0012580571929, 0.00222213938832, -0.0017742079217, 0.00236544432119], [-0.000508675002493, 0.00295278406702, -0.00115018535871, 0.00136001396459, -0.000115216418635, -0.0017590529751, -0.00189190288074, 0.00985647644848, -0.00423375144601, 0.000267780356808, 0.000431241438491, -2.85741225525e-05, 0.000557832187042], [4.61007984995e-05, -0.00230490136892, 0.00148467964027, -0.00337049760856, -2.42255225658e-07, 0.000369793007849, -0.00222647190094, -0.00423375144601, 0.0146273523569, -0.0036386763677, -0.000277626211755, -0.000835251994431, -0.0022733209189], [-0.000364402454579, 0.00307701318525, -0.000872110831551, 0.00302319251932, -0.00101790309418, -0.000846731418278, -0.0012580571929, 0.000267780356808, -0.0036386763677, 0.0179071296006, -0.00526746036485, -0.00129318190739, 0.00315658026375], [0.000177458525286, -0.002819274785, 0.00154503958765, -0.00217321305536, 0.00123343197629, -0.00144734501373, 0.00222213938832, 0.000431241438491, -0.000277626211755, -0.00526746036485, 0.013151078485, -0.00493640033528, -0.00192809617147], [-0.00031648928416, 0.00484810536727, -0.000682853802573, 0.0033489051275, -0.00327604403719, 0.00332397874445, -0.0017742079217, -2.85741225525e-05, -0.000835251994431, -0.00129318190739, -0.00493640033528, 0.0166528299451, -0.0048578097485], [-0.000219764100621, -0.00182762311306, -0.00119192095008, -0.000682675337885, 0.00224343617447, -0.000137501003337, 0.00236544432119, 0.000557832187042, -0.0022733209189, 0.00315658026375, -0.00192809617147, -0.0048578097485, 0.0127745289356]]
    },
    "melbands": {
        "dmean": [0.000368641456589, 0.000773668929469, 0.000266612361884, 0.000173652981175, 0.000343957421137, 0.000313055264996, 6.57509590383e-05, 3.5311364627e-05, 2.68545845756e-05, 5.25404939253e-05, 2.13448165596e-05, 7.16426757208e-06, 9.15943655855e-06, 2.0443271751e-06, 6.52704920867e-06, 4.64961840407e-06, 5.83108248975e-06, 8.01663736638e-06, 3.08225912704e-06, 5.41752933714e-06, 1.24564585349e-05, 4.46267813459e-06, 6.42003897156e-07, 1.44368937072e-06, 8.24957510304e-07, 3.07948113232e-07, 3.85795715374e-07, 1.52360115635e-07, 3.66819641329e-08, 5.40796420978e-08, 6.82164866816e-08, 7.36019458714e-08, 5.94904285833e-08, 2.24385061642e-08, 1.27121753124e-08, 1.07057234189e-08, 6.68087052347e-09, 6.6020620082e-09, 8.00763011455e-09, 8.31958413272e-09],
        "dmean2": [0.000557301915251, 0.00120260077529, 0.000424472120358, 0.00027990329545, 0.000508681230713, 0.000356928212568, 7.33700799174e-05, 5.38578351552e-05, 4.25393627665e-05, 7.80206901254e-05, 3.03731776512e-05, 1.07516389107e-05, 1.3038617908e-05, 3.07921527565e-06, 9.4353026725e-06, 5.96534891883e-06, 7.86836153566e-06, 1.24202315419e-05, 4.67242944069e-06, 8.22166111902e-06, 2.0178147679e-05, 7.24123174223e-06, 9.5658117516e-07, 2.23154438572e-06, 1.22725111851e-06, 4.77533660614e-07, 5.92114815845e-07, 2.43979712877e-07, 5.61559296841e-08, 8.05847051311e-08, 1.07358793855e-07, 1.06412230139e-07, 8.91952893767e-08, 3.30458362896e-08, 1.92869418214e-08, 1.63428808264e-08, 1.03827284548e-08, 1.02878807695e-08, 1.24835288773e-08, 1.32485942217e-08],
        "dvar": [9.42430233408e-07, 2.49053596235e-06, 2.25273751653e-07, 9.2898531534e-08, 1.21089715321e-06, 9.45958447574e-07, 6.43304574055e-08, 1.03411244012e-08, 5.3978150838e-09, 2.81065677399e-08, 2.76058509385e-09, 1.81369363972e-10, 3.46760203884e-10, 2.90570918021e-11, 9.61730362015e-10, 2.62827620778e-10, 5.16027331976e-10, 5.6820909089e-10, 3.47305899318e-11, 1.46837236814e-10, 9.07249997351e-10, 1.62707305962e-10, 2.75011393866e-12, 2.62794855321e-11, 4.93554416087e-12, 4.05940119843e-13, 1.0861060315e-12, 1.26254624702e-13, 6.21273001713e-15, 1.57646045198e-14, 4.34772660582e-14, 5.51862598859e-14, 3.11777344122e-14, 2.70785019468e-15, 7.90407100664e-16, 1.03389974448e-15, 4.29893678808e-16, 4.10649302005e-16, 4.49909808505e-16, 4.74852546522e-16],
        "dvar2": [2.01781585929e-06, 5.80786945648e-06, 6.38520418761e-07, 2.36769238882e-07, 2.84207703771e-06, 9.46945988289e-07, 6.38289279209e-08, 2.14216218097e-08, 1.3874164928e-08, 7.00608566717e-08, 5.44409273218e-09, 3.88697962705e-10, 6.52727205619e-10, 5.996628194e-11, 1.56409396546e-09, 2.73575273546e-10, 4.75217032392e-10, 1.25491672609e-09, 7.53183487801e-11, 3.14634152065e-10, 2.3188893028e-09, 4.15249806762e-10, 5.79109720247e-12, 5.56695314846e-11, 1.00543323667e-11, 1.04925053021e-12, 3.02348792704e-12, 3.47208535794e-13, 1.39543358693e-14, 3.36918230673e-14, 1.26934744725e-13, 9.29321791504e-14, 6.78399122902e-14, 5.83852017839e-15, 1.72760490521e-15, 2.48295574741e-15, 1.01637558572e-15, 9.0805860061e-16, 9.85397367375e-16, 1.06706362547e-15],
        "max": [0.0155075741932, 0.0293525215238, 0.00915438961238, 0.00642153667286, 0.0241998955607, 0.0284053646028, 0.00776927592233, 0.00224893423729, 0.00231412192807, 0.00477400561795, 0.00172441417817, 0.000387384236092, 0.000438585993834, 0.000120675438666, 0.00100166245829, 0.000816257670522, 0.001237727236, 0.000537576619536, 0.000124815502204, 0.000304008543026, 0.000382450933103, 0.000168491824297, 4.42929122073e-05, 0.000113377616799, 4.62990610686e-05, 9.4036658993e-06, 2.10347971006e-05, 5.17269154443e-06, 1.29438376462e-06, 3.85684143112e-06, 5.67406823393e-06, 8.70947860676e-06, 5.06276728629e-06, 8.46579098379e-07, 3.25324549522e-07, 6.32421404134e-07, 4.02122083187e-07, 3.35179407784e-07, 3.06953921836e-07, 2.77064486909e-07],
        "mean": [0.000535475788638, 0.00218643760309, 0.000830428733025, 0.000524499511812, 0.00129208201542, 0.00116270326544, 0.00016635733482, 7.56139997975e-05, 7.75823500589e-05, 0.000154027860845, 6.30769500276e-05, 1.86413453775e-05, 2.33429855143e-05, 4.87906027047e-06, 1.23025893117e-05, 9.67410960584e-06, 1.12673442345e-05, 1.21297343867e-05, 5.7383249441e-06, 1.07479527287e-05, 1.89682086784e-05, 6.62200636725e-06, 1.29245995595e-06, 2.64278446593e-06, 1.62525452652e-06, 5.30374109076e-07, 6.1257537709e-07, 2.60466293867e-07, 5.63528246289e-08, 9.51606153876e-08, 1.1278699219e-07, 1.10155610855e-07, 9.01497401173e-08, 3.19613313593e-08, 1.47058774047e-08, 1.10619033933e-08, 7.11279080079e-09, 6.55188880927e-09, 7.91951126899e-09, 8.04116062625e-09],
        "median": [6.50540896459e-05, 0.000387590727769, 0.000390988250729, 0.000220894507947, 0.000139652896905, 0.000165294623002, 2.39372857322e-05, 2.30431669479e-05, 2.60529341176e-05, 3.55932934326e-05, 1.41939672176e-05, 8.00692578196e-06, 7.16578460924e-06, 1.10454607238e-06, 1.93538448912e-06, 2.42152873398e-06, 3.02459375234e-06, 2.95590916721e-06, 2.47342450166e-06, 4.17303817812e-06, 6.22607922196e-06, 1.27797795813e-06, 2.99187632891e-07, 5.91068783251e-07, 5.46112119082e-07, 2.09177215993e-07, 2.3606889954e-07, 8.75281500612e-08, 1.95102529688e-08, 3.00706020084e-08, 3.93910184471e-08, 3.05413436763e-08, 2.75812901407e-08, 8.90746321147e-09, 3.16605186512e-09, 1.53064372288e-09, 1.11733089447e-09, 6.15395956416e-10, 5.9941107633e-10, 5.74803815656e-10],
        "min": [2.62086354821e-24, 1.62419108201e-23, 1.1684727635e-23, 5.43188951179e-24, 4.0153217291e-24, 2.18475579904e-23, 8.21270703309e-24, 7.43517811478e-24, 1.00109967192e-23, 5.10679480516e-24, 9.3006045971e-24, 1.33510511469e-23, 9.17330374624e-24, 7.77740727471e-24, 4.67829226676e-24, 1.49310606539e-23, 7.89005582311e-24, 1.13619967501e-23, 8.06304828646e-24, 1.22903803281e-23, 1.15175206775e-23, 1.06579368144e-23, 1.69000606288e-23, 7.75152790385e-24, 9.27375808277e-24, 1.46358799473e-23, 1.35574802685e-23, 7.17390107208e-24, 1.52701793353e-23, 1.61760283128e-23, 9.89920960692e-24, 1.01134871057e-23, 8.17758379015e-24, 1.01226536695e-23, 9.23880838923e-24, 8.0332119893e-24, 9.46759777327e-24, 9.72634336132e-24, 9.6880678302e-24, 9.52420327638e-24],
        "var": [1.55534849e-06, 1.67370890267e-05, 1.29514410219e-06, 6.09065580193e-07, 8.50612741488e-06, 7.98768451205e-06, 3.96264738356e-07, 3.14293515657e-08, 2.91821873333e-08, 1.25078543078e-07, 2.66477790944e-08, 8.57519610875e-10, 2.20853979549e-09, 1.42358305699e-10, 2.73525579964e-09, 1.21242460516e-09, 2.41188824468e-09, 9.86995041252e-10, 9.30221524809e-11, 4.42053782468e-10, 1.38683009521e-09, 2.60243326888e-10, 1.2278924405e-11, 6.32705693393e-11, 1.30060138007e-11, 7.52664098581e-13, 1.56873689386e-12, 2.72089913534e-13, 1.17957460951e-14, 5.34539894173e-14, 5.5369927122e-14, 1.21189733596e-13, 4.57003446858e-14, 4.2936502437e-15, 9.55605101038e-16, 1.01364242216e-15, 4.1918408539e-16, 4.25022948194e-16, 4.96327902229e-16, 4.94264900547e-16]
    },
    "mfcc": {
        "mean": [-780.312255859, 190.484390259, -9.57814788818, 35.0134124756, 14.4269037247, 2.96695780754, -11.6142873764, 1.31498932838, 6.27341604233, -2.25262856483, -1.98939096928, -16.8768310547, -2.18694329262],
        "cov": [[9255.06054688, 2426.92236328, -1799.12658691, 3.07485437393, -579.018676758, -443.205780029, -814.492370605, -253.702667236, -127.315139771, -233.771591187, 17.6025295258, -186.215652466, 174.59362793], [2426.92236328, 1805.85339355, -634.569213867, -100.151031494, -223.650421143, -266.685180664, -301.840087891, -251.370819092, -133.306213379, -149.068328857, -124.939163208, -204.595123291, -12.4318151474], [-1799.12658691, -634.569213867, 835.458068848, 108.944694519, 307.832580566, 159.573104858, 213.3959198, 124.560409546, 97.2270736694, 113.576118469, -14.0977926254, 27.6177749634, -29.2665081024], [3.07485437393, -100.151031494, 108.944694519, 302.377807617, 96.3134384155, 95.1538772583, 42.1802864075, 82.1525115967, 70.0074234009, 42.1679763794, 41.518447876, 14.9958238602, 20.8707561493], [-579.018676758, -223.650421143, 307.832580566, 96.3134384155, 251.456741333, 91.8949432373, 90.2539367676, 78.9029006958, 47.1032714844, 54.1942977905, 7.05539131165, 23.6969871521, 0.681222677231], [-443.205780029, -266.685180664, 159.573104858, 95.1538772583, 91.8949432373, 179.933303833, 94.7356033325, 63.1722450256, 49.281993866, 46.6486663818, 40.0303993225, 36.5867118835, 1.53785789013], [-814.492370605, -301.840087891, 213.3959198, 42.1802864075, 90.2539367676, 94.7356033325, 172.38734436, 73.2809371948, 36.0033912659, 54.390460968, 30.0107021332, 45.5619430542, -2.07360267639], [-253.702667236, -251.370819092, 124.560409546, 82.1525115967, 78.9029006958, 63.1722450256, 73.2809371948, 150.97517395, 83.861831665, 55.7191581726, 47.2535743713, 44.7978858948, 19.6811599731], [-127.315139771, -133.306213379, 97.2270736694, 70.0074234009, 47.1032714844, 49.281993866, 36.0033912659, 83.861831665, 135.846832275, 66.1469955444, 24.3627128601, 28.7852954865, 8.47487640381], [-233.771591187, -149.068328857, 113.576118469, 42.1679763794, 54.1942977905, 46.6486663818, 54.390460968, 55.7191581726, 66.1469955444, 110.216995239, 43.8525390625, 20.2455005646, 2.10707855225], [17.6025295258, -124.939163208, -14.0977926254, 41.518447876, 7.05539131165, 40.0303993225, 30.0107021332, 47.2535743713, 24.3627128601, 43.8525390625, 116.310699463, 57.50623703, 1.33674120903], [-186.215652466, -204.595123291, 27.6177749634, 14.9958238602, 23.6969871521, 36.5867118835, 45.5619430542, 44.7978858948, 28.7852954865, 20.2455005646, 57.50623703, 130.003479004, 55.2306671143], [174.59362793, -12.4318151474, -29.2665081024, 20.8707561493, 0.681222677231, 1.53785789013, -2.07360267639, 19.6811599731, 8.47487640381, 2.10707855225, 1.33674120903, 55.2306671143, 120.3855896]],
