{
"lowlevel": {
    "average_loudness": 0.626912891865,
    "barkbands_crest": {
        "dmean": 2.9712703228,
        "dmean2": 4.82702636719,
        "dvar": 6.92841959,
        "dvar2": 17.5979232788,
        "max": 26.5021915436,
        "mean": 10.2431745529,
        "median": 9.47463226318,
        "min": 3.08843612671,
        "var": 17.4921398163
    },
    "barkbands_flatness_db": {
        "dmean": 0.0279414337128,
        "dmean2": 0.0421293973923,
        "dvar": 0.000731448526494,
        "dvar2": 0.00173892406747,
        "max": 0.417391091585,
        "mean": 0.164004579186,
        "median": 0.159843638539,
        "min": 0.0511359125376,
        "var": 0.00202321074903
    },
    "barkbands_kurtosis": {
        "dmean": 3.7321023941,
        "dmean2": 5.90444946289,
        "dvar": 206.356140137,
        "dvar2": 499.331878662,
        "max": 276.67590332,
        "mean": 2.92973923683,
        "median": -0.0781860351562,
        "min": -1.92421209812,
        "var": 229.187194824
    },
    "barkbands_skewness": {
        "dmean": 0.731123685837,
        "dmean2": 1.06052076817,
        "dvar": 1.09066617489,
        "dvar2": 2.34127020836,
        "max": 14.2892780304,
        "mean": 0.455233991146,
        "median": 0.244949877262,
        "min": -7.56275939941,
        "var": 3.01806735992
    },
    "barkbands_spread": {
        "dmean": 6.25055503845,
        "dmean2": 9.69998455048,
        "dvar": 44.2194099426,
        "dvar2": 108.129768372,
        "max": 94.6031265259,
        "mean": 20.9953365326,
        "median": 20.2413959503,
        "min": 0.781363129616,
        "var": 98.9399719238
    },
    "dissonance": {
        "dmean": 0.0162444990128,
        "dmean2": 0.027385154739,
        "dvar": 0.000504684110638,
        "dvar2": 0.00136258557905,
        "max": 0.499999284744,
        "mean": 0.474651426077,
        "median": 0.481704741716,
        "min": 0.288005501032,
        "var": 0.000625526474323
    },
    "dynamic_complexity": 4.71466827393,
    "erbbands_crest": {
        "dmean": 3.17267775536,
        "dmean2": 5.16468906403,
        "dvar": 8.08874988556,
        "dvar2": 21.0315513611,
        "max": 33.1632461548,
        "mean": 11.4644575119,
        "median": 10.7035808563,
        "min": 2.29785680771,
        "var": 21.3545856476
    },
    "erbbands_flatness_db": {
        "dmean": 0.0289985928684,
        "dmean2": 0.042327079922,
        "dvar": 0.00100656785071,
        "dvar2": 0.00212349207141,
        "max": 0.448259323835,
        "mean": 0.236954689026,
        "median": 0.246357604861,
        "min": 0.0337809547782,
        "var": 0.00397993857041
    },
    "erbbands_kurtosis": {
        "dmean": 1.46897530556,
        "dmean2": 2.30446839333,
        "dvar": 9.67200565338,
        "dvar2": 24.5921401978,
        "max": 61.7618026733,
        "mean": 0.907854676247,
        "median": -0.127432107925,
        "min": -1.94796895981,
        "var": 15.2672290802
    },
    "erbbands_skewness": {
        "dmean": 0.520568132401,
        "dmean2": 0.77473115921,
        "dvar": 0.298722475767,
        "dvar2": 0.674540221691,
        "max": 7.43859863281,
        "mean": -0.405782490969,
        "median": -0.352585583925,
        "min": -5.65089178085,
        "var": 1.18231415749
    },
    "erbbands_spread": {
        "dmean": 7.62739706039,
        "dmean2": 11.2165699005,
        "dvar": 90.2843856812,
        "dvar2": 186.484619141,
        "max": 129.145370483,
        "mean": 27.6496944427,
        "median": 24.2470741272,
        "min": 1.43093574047,
        "var": 268.986175537
    },
    "hfc": {
        "dmean": 4.72838544846,
        "dmean2": 6.67329454422,
        "dvar": 44.3580474854,
        "dvar2": 79.4293823242,
        "max": 182.794082642,
        "mean": 13.9871864319,
        "median": 6.59068965912,
        "min": 1.17244063863e-16,
        "var": 393.284851074
    },
    "melbands_crest": {
        "dmean": 4.44046831131,
        "dmean2": 6.96550750732,
        "dvar": 20.8237991333,
        "dvar2": 45.8601608276,
        "max": 39.4877815247,
        "mean": 14.2795782089,
        "median": 12.319685936,
        "min": 3.45561242104,
        "var": 51.741897583
    },
    "melbands_flatness_db": {
        "dmean": 0.0297363381833,
        "dmean2": 0.0439046360552,
        "dvar": 0.000865763809998,
        "dvar2": 0.00198328797705,
        "max": 0.474699527025,
        "mean": 0.204625472426,
        "median": 0.199164107442,
        "min": 0.00904776342213,
        "var": 0.00277082202956
    },
    "melbands_kurtosis": {
        "dmean": 9.50632858276,
        "dmean2": 15.4765491486,
        "dvar": 2419.58178711,
        "dvar2": 6335.43066406,
        "max": 1096.07861328,
        "mean": 9.51958560944,
        "median": 0.816770792007,
        "min": -1.8785725832,
        "var": 2365.68164062
    },
    "melbands_skewness": {
        "dmean": 0.911049902439,
        "dmean2": 1.34360444546,
        "dvar": 2.74953937531,
        "dvar2": 6.06513738632,
        "max": 26.1431751251,
        "mean": 1.45745491982,
        "median": 1.02285897732,
        "min": -4.15809249878,
        "var": 5.95296621323
    },
    "melbands_spread": {
        "dmean": 10.7810268402,
        "dmean2": 16.6821670532,
        "dvar": 134.295974731,
        "dvar2": 311.18963623,
        "max": 149.394012451,
        "mean": 34.9417533875,
        "median": 32.7318115234,
        "min": 0.425429403782,
        "var": 372.854705811
    },
    "pitch_salience": {
        "dmean": 0.0905360803008,
        "dmean2": 0.143371075392,
        "dvar": 0.00860236119479,
        "dvar2": 0.0196236576885,
        "max": 0.849910855293,
        "mean": 0.58652895689,
        "median": 0.616946041584,
        "min": 0.0529881753027,
        "var": 0.0221520885825
    },
    "silence_rate_20dB": {
        "dmean": 0,
        "dmean2": 0,
        "dvar": 0,
        "dvar2": 0,
        "max": 1,
        "mean": 1,
        "median": 1,
        "min": 1,
        "var": 0
    },
    "silence_rate_30dB": {
        "dmean": 0,
        "dmean2": 0,
        "dvar": 0,
        "dvar2": 0,
        "max": 1,
        "mean": 1,
        "median": 1,
        "min": 1,
        "var": 0
    },
    "silence_rate_60dB": {
        "dmean": 0.153608247638,
        "dmean2": 0.306859195232,
        "dvar": 0.130010694265,
        "dvar2": 0.240550100803,
        "max": 1,
        "mean": 0.371458023787,
        "median": 0,
        "min": 0,
        "var": 0.233471497893
    },
    "spectral_centroid": {
        "dmean": 291.225616455,
        "dmean2": 428.414672852,
        "dvar": 145159.640625,
        "dvar2": 257445.359375,
        "max": 11167.6513672,
        "mean": 1981.72180176,
        "median": 1928.49291992,
        "min": 428.268920898,
        "var": 614440.625
    },
    "spectral_complexity": {
        "dmean": 4.47319602966,
        "dmean2": 6.33780288696,
        "dvar": 21.5853252411,
        "dvar2": 40.6693229675,
        "max": 47,
        "mean": 12.6589384079,
        "median": 12,
        "min": 0,
        "var": 103.581878662
    },
    "spectral_decrease": {
        "dmean": 8.00968902315e-10,
        "dmean2": 1.21884147219e-09,
        "dvar": 1.42417174988e-18,
        "dvar2": 3.25005838758e-18,
        "max": 1.42956408233e-29,
        "mean": -1.87184712175e-09,
        "median": -1.27920019022e-09,
        "min": -1.78502315151e-08,
        "var": 4.78934762254e-18
    },
    "spectral_energy": {
        "dmean": 0.00340674933977,
        "dmean2": 0.00515127042308,
        "dvar": 2.49169261224e-05,
        "dvar2": 5.57627936359e-05,
        "max": 0.083950817585,
        "mean": 0.0083334594965,
        "median": 0.00566139956936,
        "min": 1.05804260177e-20,
        "var": 9.72150664893e-05
    },
    "spectral_energyband_high": {
        "dmean": 8.23776281322e-05,
        "dmean2": 0.000118604737509,
        "dvar": 2.79817538029e-08,
        "dvar2": 5.65824223031e-08,
        "max": 0.00325240567327,
        "mean": 0.00019794034597,
        "median": 4.24597346864e-05,
        "min": 7.75793390247e-21,
        "var": 1.1002625655e-07
    },
    "spectral_energyband_low": {
        "dmean": 0.000133078137878,
        "dmean2": 0.000207818637136,
        "dvar": 7.1020622272e-08,
        "dvar2": 1.43087277138e-07,
        "max": 0.00397492665797,
        "mean": 0.000174410786713,
        "median": 7.12417604518e-05,
        "min": 4.33219374409e-23,
        "var": 1.06671151912e-07
    },
    "spectral_energyband_middle_high": {
        "dmean": 0.00192006863654,
        "dmean2": 0.00279130134732,
        "dvar": 8.6549007392e-06,
        "dvar2": 1.84394102689e-05,
        "max": 0.0805655792356,
        "mean": 0.00492071313784,
        "median": 0.00203217612579,
        "min": 1.32193316967e-21,
        "var": 6.21983635938e-05
    },
    "spectral_energyband_middle_low": {
        "dmean": 0.00187180307694,
        "dmean2": 0.00284826313145,
        "dvar": 1.08235371954e-05,
        "dvar2": 2.38610646193e-05,
        "max": 0.053784109652,
        "mean": 0.0030759263318,
        "median": 0.00126528320834,
        "min": 5.4429579876e-22,
        "var": 2.44614493567e-05
    },
    "spectral_entropy": {
        "dmean": 0.188202261925,
        "dmean2": 0.278340905905,
        "dvar": 0.037360098213,
        "dvar2": 0.0788599252701,
        "max": 9.8050994873,
        "mean": 7.28685617447,
        "median": 7.27937412262,
        "min": 5.36082553864,
        "var": 0.131944254041
    },
    "spectral_flux": {
        "dmean": 0.020924847573,
        "dmean2": 0.0333562158048,
        "dvar": 0.000544358161278,
        "dvar2": 0.00119753472973,
        "max": 0.224021434784,
        "mean": 0.0537766739726,
        "median": 0.0515511147678,
        "min": 1.02861198725e-10,
        "var": 0.00118536420632
    },
    "spectral_kurtosis": {
        "dmean": 4.10682821274,
        "dmean2": 7.06442308426,
        "dvar": 16.9893283844,
        "dvar2": 49.3601799011,
        "max": 43.7728347778,
        "mean": 9.02565956116,
        "median": 7.83566856384,
        "min": -1.17997515202,
        "var": 34.9215354919
    },
    "spectral_rms": {
        "dmean": 0.000644604326226,
        "dmean2": 0.000920887687244,
        "dvar": 6.10554025116e-07,
        "dvar2": 1.31650642743e-06,
        "max": 0.00905004050583,
        "mean": 0.00239107268862,
        "median": 0.00235017365776,
        "min": 3.2128440533e-12,
        "var": 2.41296925196e-06
    },
    "spectral_rolloff": {
        "dmean": 440.122192383,
        "dmean2": 725.54486084,
        "dvar": 566294,
        "dvar2": 983783.6875,
        "max": 19035.3515625,
        "mean": 2249.22924805,
        "median": 2153.3203125,
        "min": 43.06640625,
        "var": 1397797.375
    },
    "spectral_skewness": {
        "dmean": 0.425772249699,
        "dmean2": 0.698195040226,
        "dvar": 0.153997421265,
        "dvar2": 0.411220550537,
        "max": 4.35251235962,
        "mean": 1.54907989502,
        "median": 1.4533162117,
        "min": -0.228495001793,
        "var": 0.511004805565
    },
    "spectral_spread": {
        "dmean": 583496.0625,
        "dmean2": 807150.3125,
        "dvar": 1.073242112e+12,
        "dvar2": 1.70364541338e+12,
        "max": 39905424,
        "mean": 2834660,
        "median": 2419699,
        "min": 895436.125,
        "var": 2.97568331366e+12
    },
    "spectral_strongpeak": {
        "dmean": 0.663746654987,
        "dmean2": 1.09807372093,
        "dvar": 1.05873346329,
        "dvar2": 2.6635529995,
        "max": 12.3098268509,
        "mean": 1.31186270714,
        "median": 0.636795282364,
        "min": 0,
        "var": 3.46871852875
    },
    "zerocrossingrate": {
        "dmean": 0.00982829649001,
        "dmean2": 0.0113994404674,
        "dvar": 0.000213308871025,
        "dvar2": 0.000240391862462,
        "max": 0.521484375,
        "mean": 0.0738763734698,
        "median": 0.06884765625,
        "min": 0.005859375,
        "var": 0.000936395663302
    },
    "barkbands": {
        "dmean": [7.82887073001e-05, 6.34685275145e-05, 8.42862300487e-06, 8.47267729114e-05, 0.000347590626916, 0.000279197149212, 0.000746997306123, 0.000494006264489, 0.00032280528103, 0.00017173946253, 0.000459461880382, 0.000105123872345, 9.30698879529e-05, 0.000152256092406, 0.000249439821346, 0.000472613202874, 0.000364958454156, 0.000287640810711, 0.000409708824009, 0.000133574751089, 4.84403681185e-05, 8.52846733324e-06, 2.2465035272e-06, 1.16855812848e-06, 7.24847154743e-07, 4.16483118215e-07, 5.99406106971e-08],
        "dmean2": [0.000111499190098, 0.000107804939034, 1.44732885019e-05, 0.000147079874296, 0.000590135925449, 0.000462752621388, 0.00112246163189, 0.000726236146875, 0.000517590960953, 0.000275567785138, 0.000780493777711, 0.000147793936776, 0.000143023600685, 0.000229501180002, 0.000382862141123, 0.000772036320996, 0.000530802470166, 0.00043178757187, 0.000580353720579, 0.000201999384444, 6.89996377332e-05, 1.28734873215e-05, 3.28990313392e-06, 1.77714139227e-06, 1.11431586447e-06, 6.4477808337e-07, 1.01058667212e-07],
        "dvar": [3.41707355744e-08, 1.94250944219e-08, 2.84385071048e-10, 9.04397623458e-08, 7.96646872914e-07, 5.51702044049e-07, 3.35338722834e-06, 3.4736519865e-06, 7.80128743827e-07, 2.54770270658e-07, 1.86959766779e-06, 1.1755876983e-07, 5.92607776184e-08, 1.09030168005e-07, 5.07592062604e-07, 1.23512461414e-06, 1.21888479043e-06, 6.02152908868e-07, 7.39380482173e-07, 1.2572201058e-07, 1.38649278725e-08, 7.63959062677e-10, 4.7052504254e-11, 1.06816014367e-11, 2.81398363812e-12, 9.33710140455e-13, 2.2814490233e-14],
        "dvar2": [5.30732862103e-08, 5.03270882746e-08, 7.40144112665e-10, 2.27049426371e-07, 2.07033144761e-06, 1.3847786704e-06, 6.13134398009e-06, 7.54027632865e-06, 1.94216409e-06, 5.52239271201e-07, 5.13588292961e-06, 2.24089021117e-07, 1.3015261402e-07, 2.21521602839e-07, 1.02895171494e-06, 2.53609459833e-06, 2.67553946287e-06, 1.31425508698e-06, 1.44342561725e-06, 2.87002563937e-07, 2.87248518305e-08, 1.84895110333e-09, 1.00380349866e-10, 2.19377224719e-11, 5.97199113078e-12, 2.11901091292e-12, 6.58964053571e-14],
        "max": [0.00440336018801, 0.00215222872794, 0.000204096460948, 0.00411246530712, 0.00983707793057, 0.0181018635631, 0.0435477569699, 0.0505591407418, 0.0171793382615, 0.0105346729979, 0.0150492368266, 0.0105576738715, 0.00638966262341, 0.00665581785142, 0.0255781244487, 0.0315980166197, 0.033345554024, 0.0112916240469, 0.0146805234253, 0.00840170774609, 0.0026092811022, 0.000724499986973, 0.000133921348606, 8.06620300864e-05, 3.81761747121e-05, 1.99200621864e-05, 4.54606924905e-06],
        "mean": [9.22506587813e-05, 7.07634244463e-05, 9.84358484857e-06, 7.26854632376e-05, 0.000278749619611, 0.00029652073863, 0.00116368115414, 0.000813957420178, 0.000388156156987, 0.000198113179067, 0.000447902071755, 0.000196813693037, 0.000123943304061, 0.000216227097553, 0.000442613410996, 0.000710728927515, 0.000839476881083, 0.000571359705646, 0.00102809688542, 0.000251494057011, 9.38948505791e-05, 1.69113609445e-05, 4.26406177212e-06, 2.33104469771e-06, 1.59801311383e-06, 1.00437273431e-06, 8.45358627544e-08],
        "median": [2.55510458373e-05, 3.57326825906e-05, 3.51220091943e-06, 3.64522247764e-06, 3.40418191627e-05, 5.87292961427e-05, 0.000147121725604, 9.36627038755e-05, 8.51372897159e-05, 3.44775835401e-05, 4.73895306641e-05, 1.71740393853e-05, 2.44390157604e-05, 4.60499541077e-05, 5.92313117522e-05, 0.000135030568345, 6.30366412224e-05, 5.3358162404e-05, 5.92171563767e-05, 2.25238345593e-05, 1.69810409716e-05, 3.74185128749e-06, 4.99697478062e-07, 2.94125527489e-07, 3.37968998565e-07, 3.76065486307e-07, 4.29173567795e-08],
        "min": [6.80925406295e-24, 1.13935456642e-23, 1.5948366211e-23, 5.49144567024e-23, 1.59397284996e-22, 8.96016425816e-23, 6.66447994304e-23, 7.22828577397e-23, 4.66333388627e-23, 1.11344763277e-22, 4.34268622522e-23, 4.30459686527e-23, 5.81299421045e-23, 9.57111304788e-23, 1.0210431169e-22, 1.62593623166e-22, 9.57705222387e-23, 3.16626300597e-22, 2.45452215259e-22, 2.56742316804e-22, 4.19287270407e-22, 6.75887491274e-22, 6.68520767353e-22, 6.35193628161e-22, 1.32805685076e-21, 1.54724951469e-21, 2.50808048166e-21],
        "var": [6.09579515753e-08, 1.87040640753e-08, 3.45001888169e-10, 8.27568484851e-08, 6.32874844086e-07, 5.83794815157e-07, 9.66334118857e-06, 7.74829186412e-06, 9.2654687478e-07, 3.91965357949e-07, 1.82310395758e-06, 5.13400550517e-07, 9.69146611851e-08, 3.17086403356e-07, 3.4993661302e-06, 4.48157607025e-06, 7.70205679146e-06, 1.73433534201e-06, 3.26424310515e-06, 2.7135382652e-07, 3.34161498472e-08, 1.66151437053e-09, 1.226968388e-10, 3.24351275005e-11, 1.14267952739e-11, 3.12680545518e-12, 3.0489608234e-14]
    },
    "erbbands": {
        "dmean": [0.00434330990538, 0.0058127604425, 0.00972329173237, 0.140413343906, 0.490994811058, 1.13481009007, 2.507604599, 2.19264030457, 7.35411071777, 13.1253681183, 9.58200359344, 7.56663322449, 6.2514128685, 9.69536876678, 14.5705890656, 4.20346069336, 4.00271844864, 6.23911333084, 11.4027557373, 18.070558548, 22.9570941925, 18.2625637054, 13.6233005524, 20.6161613464, 17.7813549042, 5.0981798172, 3.05954146385, 0.912696063519, 0.350031882524, 0.13382589817, 0.0600402578712, 0.028022646904, 0.0192665457726, 0.00998418126255, 0.00525091681629, 0.00256384233944, 0.000694214715622, 0.000163190226885, 6.26956989436e-06, 4.44352781415e-06],
        "dmean2": [0.00716821849346, 0.0103014372289, 0.0166450440884, 0.24177184701, 0.840714514256, 1.92288136482, 4.35159540176, 3.44645094872, 10.9450330734, 19.8605918884, 14.2685461044, 12.1212491989, 10.2604179382, 15.5584688187, 24.6628093719, 6.10983181, 6.13792324066, 9.08715820312, 17.227230072, 29.6847019196, 34.284324646, 24.9977836609, 19.860912323, 28.7931728363, 25.2245197296, 7.43312263489, 4.36112833023, 1.31279301643, 0.517874896526, 0.197875007987, 0.0904303863645, 0.0428543612361, 0.0282119996846, 0.0157957598567, 0.00806910730898, 0.00399336218834, 0.00109232636169, 0.000262672168901, 9.62248850556e-06, 6.6382622208e-06],
        "dvar": [9.60113611654e-05, 0.000125226331875, 0.000356045813533, 0.23784263432, 2.40197777748, 8.84922409058, 66.5787963867, 37.1966018677, 405.613922119, 1213.99023438, 1608.5, 476.16229248, 312.076599121, 738.491210938, 1959.76989746, 133.735305786, 83.4336090088, 183.886978149, 734.37701416, 1639.59667969, 3266.63793945, 2843.69799805, 1348.45263672, 2547.54760742, 1484.40283203, 146.776077271, 41.0291442871, 11.1875486374, 1.26240217686, 0.100658461452, 0.0411092154682, 0.00710934400558, 0.00249844091013, 0.000589483708609, 0.000135817972478, 3.32692725351e-05, 2.44261241278e-06, 1.03410819463e-07, 3.32392530167e-10, 4.30959053166e-11],
        "dvar2": [0.000230169549468, 0.000358229968697, 0.000895398319699, 0.597594738007, 5.78555250168, 22.984954834, 181.044158936, 81.2232131958, 764.835388184, 2219.3137207, 3438.38549805, 1223.46655273, 778.389404297, 1946.3359375, 5344.94433594, 241.44342041, 194.683425903, 356.292510986, 1346.72558594, 3951.47900391, 6021.38818359, 5739.11328125, 2971.69848633, 5352.27734375, 2708.56835938, 316.115997314, 83.8682937622, 24.5697975159, 2.9901945591, 0.215832516551, 0.0910318866372, 0.0148465428501, 0.00487450929359, 0.00135036883876, 0.000299766223179, 7.82006245572e-05, 5.34198898094e-06, 2.59625949184e-07, 9.03873309532e-10, 9.42904435086e-11],
        "max": [0.14698971808, 0.169188469648, 0.217774659395, 6.92471647263, 21.7243824005, 32.6085662842, 127.354301453, 194.746841431, 531.380737305, 985.585998535, 1397.54528809, 466.482940674, 352.467895508, 557.446655273, 585.365356445, 386.777099609, 178.187088013, 283.653625488, 802.146362305, 923.956115723, 1715.48461914, 1468.75244141, 752.573608398, 1026.1763916, 818.194458008, 242.393447876, 112.163955688, 102.095489502, 30.9235877991, 6.33149623871, 4.01461076736, 1.85215556622, 1.21603238583, 0.497262448072, 0.310817927122, 0.0957286953926, 0.037931855768, 0.00574011541903, 0.000626237655524, 0.000177591660758],
        "mean": [0.00460320105776, 0.00725596304983, 0.0121782450005, 0.126881942153, 0.412123799324, 0.930580914021, 2.07652640343, 2.83250904083, 11.8698120117, 20.1954517365, 16.1873149872, 8.97621059418, 7.46076774597, 10.4299850464, 15.7822027206, 8.41539764404, 6.03271055222, 10.0017995834, 19.4609107971, 25.915271759, 45.0451278687, 45.3173828125, 29.5930042267, 46.3210639954, 44.3668899536, 11.6718883514, 6.22096729279, 1.84627461433, 0.704973042011, 0.272619605064, 0.111119553447, 0.054372549057, 0.0374248512089, 0.0190867129713, 0.0109638106078, 0.00516330776736, 0.00163591490127, 0.000328898982843, 1.49320540004e-05, 1.15527654998e-05],
        "median": [0.00170563033316, 0.00512006832287, 0.00524653447792, 0.00948744546622, 0.0445699617267, 0.128189995885, 0.279776096344, 0.663548886776, 1.79826748371, 3.57021260262, 2.24498844147, 2.12848329544, 1.81819748878, 1.72039997578, 1.84981453419, 0.919097840786, 1.43056702614, 2.20208692551, 3.65346980095, 5.41649150848, 6.86382579803, 3.90537953377, 3.40034174919, 2.72972011566, 2.81879973412, 1.40915346146, 1.23622357845, 0.289939641953, 0.139413297176, 0.0728990137577, 0.0135197024792, 0.0068764523603, 0.00490534305573, 0.00363520625979, 0.00262650894001, 0.00168767257128, 0.000657485798001, 0.000159069750225, 7.35418416298e-06, 7.43957707527e-06],
        "min": [1.80800760051e-22, 3.29271844406e-21, 1.86601557967e-20, 8.34756940729e-20, 4.56787073731e-19, 5.6845159674e-19, 5.10752336894e-19, 7.49317015819e-19, 5.48527762614e-19, 1.67957410377e-18, 1.38353122902e-18, 1.09481872545e-18, 3.48258340726e-18, 2.22159950298e-18, 1.98251039155e-18, 1.46410978762e-18, 2.88730225905e-18, 4.53465209449e-18, 3.05948755498e-18, 7.38260020193e-18, 9.74369875213e-18, 7.58430736712e-18, 1.75340220682e-17, 1.03167380476e-17, 1.31003761712e-17, 1.15249089514e-17, 2.01534218268e-17, 1.61200610358e-17, 2.47200808479e-17, 2.03633834273e-17, 1.9072085008e-17, 1.24885412778e-17, 1.19498159156e-17, 1.40175780226e-17, 9.95216811883e-18, 5.25547754619e-18, 2.87159864871e-18, 1.19794302223e-18, 3.3712324891e-19, 4.14670649393e-20],
        "var": [0.000107457606646, 9.37039076234e-05, 0.000441451120423, 0.227490067482, 2.15820789337, 7.05572366714, 47.4626350403, 55.4362449646, 1182.44482422, 2861.97338867, 3956.62109375, 506.906707764, 367.591064453, 728.576721191, 2404.34570312, 901.414245605, 190.361495972, 748.176879883, 4182.32128906, 5808.77294922, 19683.9101562, 20079.765625, 4592.44726562, 7659.43115234, 7254.42285156, 469.235168457, 119.794326782, 21.1630401611, 2.92697644234, 0.313475370407, 0.0959819853306, 0.0207667034119, 0.00786037929356, 0.00178581511136, 0.000541192071978, 0.000100991957879, 8.03417515272e-06, 2.39161465743e-07, 7.20042414581e-10, 2.10662251532e-10]
    },
    "gfcc": {
        "mean": [-125.993461609, 81.3014144897, -161.722473145, 17.536359787, -48.1864318848, -17.085269928, -30.2842445374, 19.3843002319, -13.3281650543, 15.998208046, -13.9640340805, 5.92574119568, -3.59018802643],
        "cov": [[7721.50732422, 13.4525203705, -2841.53564453, -4.53931045532, -487.9425354, -1085.36303711, 153.477828979, -88.0718154907, -182.928497314, -289.237365723, 248.038711548, -439.67779541, -217.172637939], [13.4525203705, 1187.27880859, 138.545257568, -430.482177734, 8.78765869141, -75.3171005249, -235.93838501, -494.599365234, -108.574905396, -73.9252243042, -127.455619812, 33.57371521, 225.71635437], [-2841.53564453, 138.545257568, 1481.99865723, 113.811386108, 83.5150527954, 376.051452637, -188.211929321, -40.6396446228, 50.5536117554, 102.307540894, -133.496200562, 199.112442017, 88.6912765503], [-4.53931045532, -430.482177734, 113.811386108, 493.199157715, -22.7682590485, -168.079971313, 45.7203903198, 194.104705811, 58.3735923767, 33.9288291931, 41.7434997559, -15.0835542679, -115.375564575], [-487.9425354, 8.78765869141, 83.5150527954, -22.7682590485, 301.172058105, 207.464508057, -56.3691101074, -12.0978145599, -22.2779064178, -50.2508201599, -39.8588447571, 53.4370155334, 39.3814506531], [-1085.36303711, -75.3171005249, 376.051452637, -168.079971313, 207.464508057, 663.498535156, 48.1320915222, -90.5849533081, -31.2973308563, 2.73095870018, -157.64440918, 48.4136314392, 76.2020797729], [153.477828979, -235.93838501, -188.211929321, 45.7203903198, -56.3691101074, 48.1320915222, 277.295532227, 143.094772339, 31.9715919495, 51.3933410645, 25.3975086212, -83.6196060181, -65.8130111694], [-88.0718154907, -494.599365234, -40.6396446228, 194.104705811, -12.0978145599, -90.5849533081, 143.094772339, 436.342498779, 135.906448364, 42.9168663025, 113.88507843, -10.49198246, -127.372940063], [-182.928497314, -108.574905396, 50.5536117554, 58.3735923767, -22.2779064178, -31.2973308563, 31.9715919495, 135.906448364, 183.289047241, 64.9590454102, -15.8834962845, -11.8799295425, -38.8395118713], [-289.237365723, -73.9252243042, 102.307540894, 33.9288291931, -50.2508201599, 2.73095870018, 51.3933410645, 42.9168663025, 64.9590454102, 168.09425354, 64.8737945557, -9.11994361877, -32.373966217], [248.038711548, -127.455619812, -133.496200562, 41.7434997559, -39.8588447571, -157.64440918, 25.3975086212, 113.88507843, -15.8834962845, 64.8737945557, 269.014862061, 34.4686927795, -76.3053512573], [-439.67779541, 33.57371521, 199.112442017, -15.0835542679, 53.4370155334, 48.4136314392, -83.6196060181, -10.49198246, -11.8799295425, -9.11994361877, 34.4686927795, 175.595275879, 82.3698348999], [-217.172637939, 225.71635437, 88.6912765503, -115.375564575, 39.3814506531, 76.2020797729, -65.8130111694, -127.372940063, -38.8395118713, -32.373966217, -76.3053512573, 82.3698348999, 170.613586426]],
        "icov": [[0.000819750013761, -0.000616495963186, 0.00182655884419, -0.00103728112299, 0.00139525067061, -0.000642539002001, 0.00101990893018, -0.000346008047927, 0.000347258755937, 0.00041962810792, -9.1242021881e-05, 0.000117790012155, 0.000369129935279], [-0.000616495963186, 0.00442821206525, -0.0028744621668, 0.00389873655513, -0.00268524768762, 0.00363843794912, -0.00177256565075, 0.00399337289855, -0.00149224407505, 0.000837588508148, -0.000256373954471, 0.00144312647171, -0.00221224990673], [0.00182655884419, -0.0028744621668, 0.00607479270548, -0.00411961600184, 0.00433711754158, -0.00363849103451, 0.00403258344159, -0.00257603707723, 0.00151752843522, -0.000860654516146, 0.000832974503282, -0.00160524412058, 0.00177012046333], [-0.00103728112299, 0.00389873655513, -0.00411961600184, 0.00722172297537, -0.00389618123882, 0.00490318425, -0.00290317018516, 0.00243321689777, -0.00057251076214, -0.000201988572371, 0.00126376410481, 0.000109160442662, 0.000296787387924], [0.00139525067061, -0.00268524768762, 0.00433711754158, -0.00389618123882, 0.00852825306356, -0.00497732684016, 0.00429006014019, -0.00293907849118, 0.00103465258144, 0.00136583962012, -0.000596591213252, -0.000675553223118, 0.000708393461537], [-0.000642539002001, 0.00363843794912, -0.00363849103451, 0.00490318425, -0.00497732684016, 0.0070426100865, -0.00418634898961, 0.00362084619701, -0.000255011953413, -0.000278123799944, 0.00192124198657, -0.000124936559587, -0.000523808179423], [0.00101990893018, -0.00177256565075, 0.00403258344159, -0.00290317018516, 0.00429006014019, -0.00418634898961, 0.00939895119518, -0.00444663502276, 0.0020988387987, -0.00205614743754, 0.00014671588724, 0.00220181629993, -0.000140553253004], [-0.000346008047927, 0.00399337289855, -0.00257603707723, 0.00243321689777, -0.00293907849118, 0.00362084619701, -0.00444663502276, 0.00960306730121, -0.00555044598877, 0.00334502197802, -0.00260070245713, 0.000218009823584, -0.000120995675388], [0.000347258755937, -0.00149224407505, 0.00151752843522, -0.00057251076214, 0.00103465258144, -0.000255011953413, 0.0020988387987, -0.00555044598877, 0.0113372998312, -0.00569873629138, 0.00490268040448, -0.00177667906974, 0.00233114068396], [0.00041962810792, 0.000837588508148, -0.000860654516146, -0.000201988572371, 0.00136583962012, -0.000278123799944, -0.00205614743754, 0.00334502197802, -0.00569873629138, 0.0120036546141, -0.00564104272053, 0.00286135729402, -0.00167401845101], [-9.1242021881e-05, -0.000256373954471, 0.000832974503282, 0.00126376410481, -0.000596591213252, 0.00192124198657, 0.00014671588724, -0.00260070245713, 0.00490268040448, -0.00564104272053, 0.0099510140717, -0.0058861146681, 0.0053771790117], [0.000117790012155, 0.00144312647171, -0.00160524412058, 0.000109160442662, -0.000675553223118, -0.000124936559587, 0.00220181629993, 0.000218009823584, -0.00177667906974, 0.00286135729402, -0.0058861146681, 0.0142515003681, -0.00900161080062], [0.000369129935279, -0.00221224990673, 0.00177012046333, 0.000296787387924, 0.000708393461537, -0.000523808179423, -0.000140553253004, -0.000120995675388, 0.00233114068396, -0.00167401845101, 0.0053771790117, -0.00900161080062, 0.0154279861599]]
    },
    "melbands": {
        "dmean": [3.09395072691e-05, 4.43175395048e-06, 3.29526083078e-05, 5.59353138669e-05, 8.19793422124e-05, 5.00505557284e-05, 0.000126035316498, 0.000138864270411, 7.29231105652e-05, 4.64098920929e-05, 3.06668007397e-05, 3.6218749301e-05, 6.06504254392e-05, 1.47037726492e-05, 1.02216918094e-05, 8.75799833011e-06, 1.22792289403e-05, 1.80516435648e-05, 1.97415956791e-05, 3.32422168867e-05, 2.75323400274e-05, 2.28172939387e-05, 1.13938131108e-05, 1.52604607138e-05, 1.888571569e-05, 1.72253949131e-05, 9.16358658287e-06, 2.57099100054e-06, 2.33659829973e-06, 1.04729622308e-06, 4.32761993352e-07, 2.25250417429e-07, 1.35005365109e-07, 5.93884941225e-08, 4.11869827133e-08, 2.29588508205e-08, 1.69542051509e-08, 1.54737094249e-08, 1.12017914944e-08, 8.65239258019e-09],
        "dmean2": [4.94737178087e-05, 7.69754933572e-06, 5.66218768654e-05, 9.4915565569e-05, 0.000140729767736, 7.86376040196e-05, 0.000191531435121, 0.000208811223274, 0.000110129381937, 7.4522322393e-05, 5.06872274855e-05, 5.75145386392e-05, 0.000103846818092, 2.23638398893e-05, 1.50636769831e-05, 1.31979595608e-05, 1.79804719664e-05, 2.74310914392e-05, 3.13053424179e-05, 5.57046187168e-05, 4.00336139137e-05, 3.19201171806e-05, 1.6459986e-05, 2.26472348004e-05, 2.70023556368e-05, 2.4279954232e-05, 1.3488462173e-05, 3.8680018406e-06, 3.43147348758e-06, 1.56083683578e-06, 6.50930985557e-07, 3.41124092529e-07, 2.03024811185e-07, 8.80429382732e-08, 6.34965431345e-08, 3.54026852278e-08, 2.7013507875e-08, 2.30832881698e-08, 1.68485811969e-08, 1.39632376772e-08],
        "dvar": [4.84087037123e-09, 5.5578402991e-11, 1.19806342624e-08, 2.43537954248e-08, 6.82241179106e-08, 1.7740774183e-08, 1.03540351404e-07, 1.36943469897e-07, 9.53386702918e-08, 1.66330078599e-08, 8.33736812922e-09, 1.0249223692e-08, 3.41342953902e-08, 2.11367279235e-09, 7.77172548538e-10, 5.22719922902e-10, 7.88706655541e-10, 1.6873950015e-09, 3.31299876422e-09, 5.78177550281e-09, 5.82886894307e-09, 4.85362816605e-09, 9.36602240209e-10, 2.00239091974e-09, 2.4216149086e-09, 1.36168232245e-09, 5.77805414625e-10, 3.42608476311e-11, 2.23464354659e-11, 8.45356857432e-12, 3.9546191842e-12, 5.75559890546e-13, 1.09736689408e-13, 2.15433377246e-14, 2.21508890467e-14, 5.04556266152e-15, 2.77326824326e-15, 1.65773347503e-15, 7.46614173802e-16, 4.41250378927e-16],
        "dvar2": [1.05942685735e-08, 1.54568483013e-10, 2.83049956806e-08, 6.1991727307e-08, 1.82791893621e-07, 3.74633053468e-08, 1.90883383766e-07, 2.6808058351e-07, 2.13068361177e-07, 4.21720365296e-08, 2.10616963869e-08, 2.63155346403e-08, 9.36221411507e-08, 4.62512383947e-09, 1.51912682433e-09, 1.14188791756e-09, 1.52055146252e-09, 3.28848259734e-09, 7.2008292662e-09, 1.37469831074e-08, 1.10701501299e-08, 9.85154713362e-09, 1.88506876775e-09, 4.37377067897e-09, 5.26093701936e-09, 2.57817700522e-09, 1.15601916928e-09, 7.83137998894e-11, 4.75839784242e-11, 1.83238337698e-11, 9.66897135274e-12, 1.3770565634e-12, 2.59380028306e-13, 4.72850247455e-14, 5.2677192442e-14, 1.02460840715e-14, 6.59711907431e-15, 3.36396805661e-15, 1.59779710604e-15, 1.08491442132e-15],
        "max": [0.00104584405199, 0.000131314765895, 0.00136065273546, 0.0022206036374, 0.00400996906683, 0.00417772261426, 0.00728100957349, 0.0098455445841, 0.010739825666, 0.00262322742492, 0.00183343619574, 0.00217254064046, 0.00208669202402, 0.00135632429738, 0.00107961229514, 0.000760644034017, 0.000591006537434, 0.00105567486025, 0.00217721075751, 0.00196874747053, 0.00253216014244, 0.00212619034573, 0.000772436440457, 0.000797595479526, 0.00102495809551, 0.000859716208652, 0.00051345693646, 0.000103772486909, 7.62501877034e-05, 6.46408298053e-05, 6.57175623928e-05, 2.07389748539e-05, 7.95020696387e-06, 3.0656412946e-06, 2.99352177535e-06, 1.57815259172e-06, 1.22443293549e-06, 1.00376792034e-06, 6.30905958587e-07, 4.07369327604e-07],
        "mean": [3.64458173863e-05, 6.3589623096e-06, 2.95707850455e-05, 4.57959067717e-05, 6.83187245158e-05, 6.32786250208e-05, 0.000201607763302, 0.00021646960522, 0.000117755051178, 5.37791493116e-05, 3.58624711225e-05, 3.8659589336e-05, 6.09475828242e-05, 2.42470741796e-05, 1.74058932316e-05, 1.30269272631e-05, 1.84921991604e-05, 2.76713126368e-05, 3.46786655427e-05, 4.09868407587e-05, 5.66741473449e-05, 5.43668065802e-05, 2.40961508098e-05, 2.85963742499e-05, 3.81003483199e-05, 4.06548278988e-05, 1.82421790669e-05, 5.21644778928e-06, 4.39185032519e-06, 1.96870723812e-06, 7.58503688303e-07, 4.18040343675e-07, 2.4466626769e-07, 1.10240293338e-07, 6.77455389564e-08, 4.02333988347e-08, 3.02263813978e-08, 2.75322840082e-08, 2.03667127607e-08, 1.45694851739e-08],
        "median": [1.43180295709e-05, 4.1960024646e-06, 2.46426634476e-06, 6.09319704381e-06, 9.006410437e-06, 1.36568723974e-05, 2.84383513645e-05, 3.7247165892e-05, 1.33663052111e-05, 1.21937237054e-05, 6.86965677232e-06, 6.03614853389e-06, 6.20412811259e-06, 2.22891458179e-06, 2.17186561713e-06, 2.63809579337e-06, 3.38471727446e-06, 5.1750653256e-06, 4.37305743617e-06, 8.6894215201e-06, 6.22509242021e-06, 3.5971484067e-06, 3.13368536808e-06, 2.25347366722e-06, 2.01261082111e-06, 2.44829720941e-06, 1.07809705696e-06, 5.21269498677e-07, 7.61168678309e-07, 3.41080436783e-07, 7.21011801375e-08, 6.35540189364e-08, 7.29917033482e-08, 2.02225578505e-08, 6.72786582001e-09, 4.78791406522e-09, 3.83047282781e-09, 3.45217920916e-09, 3.19321857845e-09, 2.98282176736e-09],
        "min": [3.15146184546e-24, 7.86224689848e-24, 2.72898762433e-23, 3.87204833817e-23, 1.888260219e-23, 1.63888014539e-23, 1.10547125505e-23, 1.95599355181e-23, 1.04751151442e-23, 6.58955472312e-24, 1.76229175421e-23, 9.15636374716e-24, 5.63956463927e-24, 5.41286731436e-24, 4.32268323702e-24, 6.50321192489e-24, 9.00008330209e-24, 4.52574471149e-24, 9.25106807656e-24, 1.02563600709e-23, 1.12142999005e-23, 6.66757306665e-24, 1.44300345826e-23, 1.28580754011e-23, 7.70199217217e-24, 9.64558767045e-24, 6.9943997174e-24, 8.03217069291e-24, 1.32170631221e-23, 1.17842140392e-23, 9.03467090848e-24, 1.53047282875e-23, 1.16872843332e-23, 1.10895502258e-23, 1.25183193201e-23, 6.78622247996e-24, 7.70069134053e-24, 8.11055191245e-24, 9.05653103303e-24, 1.27043524431e-23],
        "var": [6.29330054736e-09, 5.84317663699e-11, 1.18946719141e-08, 2.00499350456e-08, 5.02797270485e-08, 2.95209900969e-08, 3.06153140173e-07, 3.0895265013e-07, 2.1269282513e-07, 1.77520629308e-08, 9.54972989575e-09, 1.09533901949e-08, 3.69001185163e-08, 5.41058309267e-09, 4.75765782326e-09, 1.277232764e-09, 2.87306423097e-09, 6.65510269116e-09, 2.31189751787e-08, 1.33634330268e-08, 3.89282313051e-08, 3.55253710893e-08, 3.7758129956e-09, 4.99295227385e-09, 6.07350481019e-09, 6.47346620752e-09, 1.59419388801e-09, 1.04352616825e-10, 6.5983656039e-11, 1.78080744595e-11, 5.55631929355e-12, 1.25231704347e-12, 2.48129858674e-13, 6.10192370807e-14, 4.03585957785e-14, 1.41610161436e-14, 6.46467276751e-15, 4.53700069186e-15, 2.2401992811e-15, 1.11128954498e-15]
    },
    "mfcc": {
        "mean": [-763.475097656, 122.421470642, -53.9913101196, 31.2430763245, -8.55853462219, -15.7303380966, -8.76679992676, -4.01392173767, 7.33086109161, 6.85707998276, 1.55960047245, 1.82114577293, 9.79302787781],
        "cov": [[8916.109375, -535.886413574, -2644.57983398, 404.829986572, -1065.6953125, -921.696533203, -97.5245895386, -235.940414429, -475.266021729, -79.6322402954, 98.8162002563, -12.8932752609, -159.518600464], [-535.886413574, 1489.69482422, 130.186325073, -440.954284668, 94.2594985962, 281.727752686, -200.623474121, -290.246063232, -41.6538696289, -198.581710815, -334.206665039, -267.41885376, -137.224761963], [-2644.57983398, 130.186325073, 1199.12915039, -10.0758457184, 252.493377686, 270.612304688, -59.2908554077, 4.26107549667, 109.379241943, 0.608354985714, -28.4571723938, 0.143777012825, 28.6237316132], [404.829986572, -440.954284668, -10.0758457184, 633.261474609, -66.2373504639, -363.445556641, -54.0458488464, 17.7121677399, -82.1374664307, 24.4906024933, 163.439590454, 107.796714783, 73.7711791992], [-1065.6953125, 94.2594985962, 252.493377686, -66.2373504639, 430.211090088, 169.304244995, -24.2087001801, 80.3199768066, 38.8172492981, -79.8178710938, -78.1085128784, -14.6093473434, -11.0671463013], [-921.696533203, 281.727752686, 270.612304688, -363.445556641, 169.304244995, 556.833984375, 55.5329055786, -53.7559356689, 132.418441772, -46.5340690613, -174.742416382, -94.7237243652, -66.1509628296], [-97.5245895386, -200.623474121, -59.2908554077, -54.0458488464, -24.2087001801, 55.5329055786, 249.462432861, 80.4069442749, -22.1285858154, 78.3688583374, 38.3618392944, 14.4245586395, 19.0808601379], [-235.940414429, -290.246063232, 4.26107549667, 17.7121677399, 80.3199768066, -53.7559356689, 80.4069442749, 243.249008179, 78.6548156738, 36.8275985718, 64.7154846191, 49.9488105774, 22.0033054352], [-475.266021729, -41.6538696289, 109.379241943, -82.1374664307, 38.8172492981, 132.418441772, -22.1285858154, 78.6548156738, 266.996643066, 54.8712272644, -29.747379303, 10.6840143204, -12.2172727585], [-79.6322402954, -198.581710815, 0.608354985714, 24.4906024933, -79.8178710938, -46.5340690613, 78.3688583374, 36.8275985718, 54.8712272644, 229.739074707, 123.655807495, 39.6486244202, 35.6748657227], [98.8162002563, -334.206665039, -28.4571723938, 163.439590454, -78.1085128784, -174.742416382, 38.3618392944, 64.7154846191, -29.747379303, 123.655807495, 264.549499512, 125.271408081, 56.8496322632], [-12.8932752609, -267.41885376, 0.143777012825, 107.796714783, -14.6093473434, -94.7237243652, 14.4245586395, 49.9488105774, 10.6840143204, 39.6486244202, 125.271408081, 175.93157959, 57.1951293945], [-159.518600464, -137.224761963, 28.6237316132, 73.7711791992, -11.0671463013, -66.1509628296, 19.0808601379, 22.0033054352, -12.2172727585, 35.6748657227, 56.8496322632, 57.1951293945, 143.819198608]],
