{
"lowlevel": {
    "average_loudness": 0.967240393162,
    "barkbands_crest": {
        "dmean": 2.36292934418,
        "dmean2": 3.80609941483,
        "dvar": 5.39245986938,
        "dvar2": 13.8775529861,
        "max": 22.9999103546,
        "mean": 8.81632041931,
        "median": 7.96122121811,
        "min": 2.71128582954,
        "var": 14.0276403427
    },
    "barkbands_flatness_db": {
        "dmean": 0.0206222776324,
        "dmean2": 0.0322175584733,
        "dvar": 0.000579680490773,
        "dvar2": 0.00128696253523,
        "max": 0.46944591403,
        "mean": 0.126882046461,
        "median": 0.10236223042,
        "min": 0.0306609179825,
        "var": 0.00557131832466
    },
    "barkbands_kurtosis": {
        "dmean": 2.70556330681,
        "dmean2": 4.41978025436,
        "dvar": 37.7713279724,
        "dvar2": 95.8037490845,
        "max": 74.4258575439,
        "mean": 2.24234390259,
        "median": -0.448533892632,
        "min": -1.79359567165,
        "var": 57.5145111084
    },
    "barkbands_skewness": {
        "dmean": 0.583130478859,
        "dmean2": 0.90444123745,
        "dvar": 0.566464424133,
        "dvar2": 1.32377719879,
        "max": 7.50119972229,
        "mean": 1.16494643688,
        "median": 0.901238620281,
        "min": -1.88398039341,
        "var": 1.37246000767
    },
    "barkbands_spread": {
        "dmean": 5.81507635117,
        "dmean2": 8.91273403168,
        "dvar": 53.8875350952,
        "dvar2": 120.638641357,
        "max": 98.0789871216,
        "mean": 29.8734893799,
        "median": 30.5321617126,
        "min": 0.917938292027,
        "var": 209.837509155
    },
    "dissonance": {
        "dmean": 0.00875402614474,
        "dmean2": 0.0139725729823,
        "dvar": 0.000225274619879,
        "dvar2": 0.000508273951709,
        "max": 0.499923169613,
        "mean": 0.475237488747,
        "median": 0.482075333595,
        "min": 0.0667041167617,
        "var": 0.000812248967122
    },
    "dynamic_complexity": 1.82389807701,
    "erbbands_crest": {
        "dmean": 1.81304728985,
        "dmean2": 2.83334422112,
        "dvar": 2.70855641365,
        "dvar2": 6.84447193146,
        "max": 18.8100566864,
        "mean": 7.32185935974,
        "median": 6.59961366653,
        "min": 2.57868027687,
        "var": 8.38933944702
    },
    "erbbands_flatness_db": {
        "dmean": 0.0131973084062,
        "dmean2": 0.0186624508351,
        "dvar": 0.000187835525139,
        "dvar2": 0.00031287575257,
        "max": 0.32957136631,
        "mean": 0.155022010207,
        "median": 0.133676096797,
        "min": 0.040878046304,
        "var": 0.00424947030842
    },
    "erbbands_kurtosis": {
        "dmean": 0.852125287056,
        "dmean2": 1.29021525383,
        "dvar": 1.61875844002,
        "dvar2": 3.34319758415,
        "max": 31.4536437988,
        "mean": 0.664007484913,
        "median": -0.0315252542496,
        "min": -1.69127976894,
        "var": 8.40976047516
    },
    "erbbands_skewness": {
        "dmean": 0.289573669434,
        "dmean2": 0.435549467802,
        "dvar": 0.0852342545986,
        "dvar2": 0.192445486784,
        "max": 4.26887512207,
        "mean": -0.351347982883,
        "median": -0.459301292896,
        "min": -2.33699774742,
        "var": 0.585905015469
    },
    "erbbands_spread": {
        "dmean": 8.55601501465,
        "dmean2": 13.1223115921,
        "dvar": 106.018798828,
        "dvar2": 229.491439819,
        "max": 164.475494385,
        "mean": 39.1935806274,
        "median": 36.4335899353,
        "min": 4.81249189377,
        "var": 322.761566162
    },
    "hfc": {
        "dmean": 5.81906795502,
        "dmean2": 8.16779327393,
        "dvar": 50.4199562073,
        "dvar2": 101.620635986,
        "max": 127.824615479,
        "mean": 29.4532470703,
        "median": 28.8431816101,
        "min": 1.18082414722e-16,
        "var": 324.571502686
    },
    "melbands_crest": {
        "dmean": 3.03734612465,
        "dmean2": 4.96990251541,
        "dvar": 9.14412212372,
        "dvar2": 22.5305423737,
        "max": 30.3234882355,
        "mean": 13.8025417328,
        "median": 13.0458660126,
        "min": 1.58710849285,
        "var": 24.6011772156
    },
    "melbands_flatness_db": {
        "dmean": 0.0264544468373,
        "dmean2": 0.0406576171517,
        "dvar": 0.00101677211933,
        "dvar2": 0.00223780167289,
        "max": 0.580186724663,
        "mean": 0.186005264521,
        "median": 0.160023525357,
        "min": 0.00428126798943,
        "var": 0.00769714452326
    },
    "melbands_kurtosis": {
        "dmean": 8.16410064697,
        "dmean2": 13.4194574356,
        "dvar": 313.084228516,
        "dvar2": 796.444519043,
        "max": 278.380249023,
        "mean": 11.0133094788,
        "median": 4.27505350113,
        "min": -1.7320202589,
        "var": 441.349060059
    },
    "melbands_skewness": {
        "dmean": 0.823068201542,
        "dmean2": 1.30071806908,
        "dvar": 1.28058123589,
        "dvar2": 3.00746870041,
        "max": 13.065943718,
        "mean": 2.50626325607,
        "median": 2.12002372742,
        "min": -0.765847921371,
        "var": 2.61551213264
    },
    "melbands_spread": {
        "dmean": 8.63529872894,
        "dmean2": 13.3061599731,
        "dvar": 92.1260528564,
        "dvar2": 192.307495117,
        "max": 141.251235962,
        "mean": 31.9960708618,
        "median": 30.8228778839,
        "min": 0.688872814178,
        "var": 334.234710693
    },
    "pitch_salience": {
        "dmean": 0.0625988021493,
        "dmean2": 0.102531135082,
        "dvar": 0.00408371491358,
        "dvar2": 0.0104329874739,
        "max": 0.942272722721,
        "mean": 0.619360029697,
        "median": 0.634163200855,
        "min": 0.21308131516,
        "var": 0.0107821971178
    },
    "silence_rate_20dB": {
        "dmean": 0,
        "dmean2": 0,
        "dvar": 0,
        "dvar2": 0,
        "max": 1,
        "mean": 1,
        "median": 1,
        "min": 1,
        "var": 0
    },
    "silence_rate_30dB": {
        "dmean": 0.0113460542634,
        "dmean2": 0.0227038189769,
        "dvar": 0.0112170865759,
        "dvar2": 0.0335399284959,
        "max": 1,
        "mean": 0.994329869747,
        "median": 1,
        "min": 0,
        "var": 0.00563795957714
    },
    "silence_rate_60dB": {
        "dmean": 0.00154718931299,
        "dmean2": 0.0030959751457,
        "dvar": 0.00154478580225,
        "dvar2": 0.00308634201065,
        "max": 1,
        "mean": 0.00876288674772,
        "median": 0,
        "min": 0,
        "var": 0.0086860768497
    },
    "spectral_centroid": {
        "dmean": 254.902175903,
        "dmean2": 384.2371521,
        "dvar": 109771.40625,
        "dvar2": 192841.359375,
        "max": 11318.0117188,
        "mean": 1559.32592773,
        "median": 1606.28540039,
        "min": 155.544616699,
        "var": 414020.21875
    },
    "spectral_complexity": {
        "dmean": 4.14079427719,
        "dmean2": 6.1713104248,
        "dvar": 16.7460002899,
        "dvar2": 30.3855724335,
        "max": 56,
        "mean": 29.7314434052,
        "median": 32,
        "min": 0,
        "var": 136.296875
    },
    "spectral_decrease": {
        "dmean": 3.19643644886e-09,
        "dmean2": 5.22865839514e-09,
        "dvar": 3.8973812318e-17,
        "dvar2": 9.94958979686e-17,
        "max": 3.07105659296e-29,
        "mean": -8.02923150189e-09,
        "median": -7.20679027566e-09,
        "min": -4.71620573705e-08,
        "var": 3.90985412282e-17
    },
    "spectral_energy": {
        "dmean": 0.0123632401228,
        "dmean2": 0.0201644897461,
        "dvar": 0.000562967150472,
        "dvar2": 0.00143861689139,
        "max": 0.181007057428,
        "mean": 0.032975666225,
        "median": 0.0305034071207,
        "min": 1.05945098985e-20,
        "var": 0.000585135479923
    },
    "spectral_energyband_high": {
        "dmean": 0.000326330744429,
        "dmean2": 0.000453738641227,
        "dvar": 2.48539095082e-07,
        "dvar2": 4.56547127214e-07,
        "max": 0.0127273732796,
        "mean": 0.00121127837338,
        "median": 0.000880875508301,
        "min": 7.87919664157e-21,
        "var": 1.55788154643e-06
    },
    "spectral_energyband_low": {
        "dmean": 0.0088827945292,
        "dmean2": 0.0149113377556,
        "dvar": 0.000487884564791,
        "dvar2": 0.00124523043633,
        "max": 0.161785572767,
        "mean": 0.0119836190715,
        "median": 0.00681333523244,
        "min": 4.08207245677e-23,
        "var": 0.000429479085142
    },
    "spectral_energyband_middle_high": {
        "dmean": 0.00196829391643,
        "dmean2": 0.002833008999,
        "dvar": 4.5673027671e-06,
        "dvar2": 8.95554967428e-06,
        "max": 0.0300973970443,
        "mean": 0.00808105990291,
        "median": 0.00792645476758,
        "min": 1.47932901989e-21,
        "var": 2.81151642412e-05
    },
    "spectral_energyband_middle_low": {
        "dmean": 0.00561530282721,
        "dmean2": 0.00944655109197,
        "dvar": 0.000103799749922,
        "dvar2": 0.000273374142125,
        "max": 0.0935238972306,
        "mean": 0.0126976752654,
        "median": 0.00987013522536,
        "min": 2.55651694514e-22,
        "var": 0.000116095143312
    },
    "spectral_entropy": {
        "dmean": 0.114135101438,
        "dmean2": 0.166204825044,
        "dvar": 0.0224615298212,
        "dvar2": 0.0406626164913,
        "max": 9.79693698883,
        "mean": 7.65465068817,
        "median": 7.80084991455,
        "min": 5.01840543747,
        "var": 0.25993168354
    },
    "spectral_flux": {
        "dmean": 0.025865232572,
        "dmean2": 0.0390334874392,
        "dvar": 0.00160562060773,
        "dvar2": 0.00326772965491,
        "max": 0.352523088455,
        "mean": 0.0900406986475,
        "median": 0.0754675194621,
        "min": 1.02929637036e-10,
        "var": 0.00325687276199
    },
    "spectral_kurtosis": {
        "dmean": 2.32737278938,
        "dmean2": 3.93959832191,
        "dvar": 14.523724556,
        "dvar2": 42.5194206238,
        "max": 50.0326004028,
        "mean": 5.83283424377,
        "median": 4.06274986267,
        "min": -1.19529414177,
        "var": 31.415927887
    },
    "spectral_rms": {
        "dmean": 0.000897856836673,
        "dmean2": 0.00141187175177,
        "dvar": 1.89966976905e-06,
        "dvar2": 4.58124031866e-06,
        "max": 0.013288801536,
        "mean": 0.00537937507033,
        "median": 0.0054552196525,
        "min": 3.21498166631e-12,
        "var": 3.23372546518e-06
    },
    "spectral_rolloff": {
        "dmean": 487.547332764,
        "dmean2": 775.508117676,
        "dvar": 718155.5625,
        "dvar2": 1369805.625,
        "max": 18518.5546875,
        "mean": 1912.96899414,
        "median": 2002.58789062,
        "min": 107.666015625,
        "var": 1520462.25
    },
    "spectral_skewness": {
        "dmean": 0.239887088537,
        "dmean2": 0.392671644688,
        "dvar": 0.101126514375,
        "dvar2": 0.272381901741,
        "max": 5.69728851318,
        "mean": 1.55090010166,
        "median": 1.43136048317,
        "min": -0.0618479885161,
        "var": 0.32227396965
    },
    "spectral_spread": {
        "dmean": 442925.78125,
        "dmean2": 626807.0625,
        "dvar": 1.0331479081e+12,
        "dvar2": 1.13670278349e+12,
        "max": 40875396,
        "mean": 4170456.5,
        "median": 4184205,
        "min": 1331608.5,
        "var": 3.55594246554e+12
    },
    "spectral_strongpeak": {
        "dmean": 0.376285731792,
        "dmean2": 0.657586395741,
        "dvar": 0.609987854958,
        "dvar2": 1.4666236639,
        "max": 10.89057827,
        "mean": 0.738814949989,
        "median": 0.481741636992,
        "min": 0,
        "var": 0.875936686993
    },
    "zerocrossingrate": {
        "dmean": 0.0103357480839,
        "dmean2": 0.0119371917099,
        "dvar": 0.000244852300966,
        "dvar2": 0.000296596699627,
        "max": 0.48046875,
        "mean": 0.072401791811,
        "median": 0.06884765625,
        "min": 0.00390625,
        "var": 0.00125942006707
    },
    "barkbands": {
        "dmean": [0.000171225314261, 0.00422429479659, 0.00473217805848, 0.00201175594702, 0.00333779468201, 0.00110664614476, 0.000389666674891, 0.000246529030846, 0.00017345098604, 0.000120686141599, 0.000121166165627, 0.000337589153787, 0.000507458054926, 0.000562067783903, 0.000476956163766, 0.000480098620756, 0.000663568149321, 0.000307342619635, 0.000209720281418, 0.000142143690027, 0.000110241948278, 7.5774922152e-05, 6.728048902e-05, 5.97210528213e-05, 4.87820652779e-05, 4.70799132017e-05, 9.61037221714e-06],
        "dmean2": [0.000303877925035, 0.00710101099685, 0.00827575102448, 0.00350722437724, 0.0054900161922, 0.00181938742753, 0.000642172992229, 0.000421579868998, 0.000274288817309, 0.000188248217455, 0.000189662299817, 0.000543102156371, 0.000785428390373, 0.000888226088136, 0.000729526102077, 0.000693675596267, 0.00103498680983, 0.000504899711814, 0.000340337399393, 0.000230789664784, 0.000178038884769, 0.000119421238196, 0.00010363781621, 9.05185952433e-05, 7.00545861037e-05, 7.00193704688e-05, 1.56587666424e-05],
        "dvar": [1.83523354735e-07, 9.20643433346e-05, 0.00016643757408, 2.66374663624e-05, 2.82734217762e-05, 5.39990469406e-06, 2.66435932872e-07, 2.19306016902e-07, 3.74977275897e-08, 2.68948223692e-08, 2.18176730016e-08, 1.87955507158e-07, 4.8796499641e-07, 5.78123490413e-07, 3.89323815853e-07, 4.57583979596e-07, 6.73727640788e-07, 1.77917598876e-07, 7.90004861528e-08, 2.72692890491e-08, 2.62572470433e-08, 1.50318992809e-08, 1.16438059194e-08, 9.89584592048e-09, 7.87193688012e-09, 1.49717713782e-08, 9.49096579106e-10],
        "dvar2": [5.3630316188e-07, 0.000230034725973, 0.000463269127067, 7.31202817406e-05, 7.48217717046e-05, 1.46790716826e-05, 7.17192847333e-07, 6.22793891125e-07, 9.16291611475e-08, 6.61685604086e-08, 5.73031790907e-08, 5.04851357164e-07, 1.17408865208e-06, 1.56017460995e-06, 8.83770951532e-07, 8.57360134887e-07, 1.54681242748e-06, 4.62457848016e-07, 2.02229728075e-07, 7.24249602513e-08, 6.98722999459e-08, 3.53964892952e-08, 2.7511131151e-08, 2.17477822417e-08, 1.60064175247e-08, 3.33048006951e-08, 2.49190579282e-09],
        "max": [0.00392622314394, 0.0798145532608, 0.0958622097969, 0.0723274946213, 0.0517923757434, 0.0314567424357, 0.00504471361637, 0.0055755386129, 0.00192906148732, 0.00219643162563, 0.00225948239677, 0.00706769619137, 0.00979578308761, 0.0122488299385, 0.00856798514724, 0.0167597159743, 0.0102505488321, 0.00638065300882, 0.00441143615171, 0.00182965095155, 0.00219704839401, 0.00270849559456, 0.0017241864698, 0.00251620425843, 0.00175546982791, 0.00172647170257, 0.000438842602307],
        "mean": [0.000168875500094, 0.00545785576105, 0.00539707485586, 0.00203730049543, 0.0068488214165, 0.00228063762188, 0.00073336524656, 0.000397044525016, 0.000340800528647, 0.000214684783714, 0.000238038148382, 0.000644698913675, 0.00110062246677, 0.00109162612353, 0.000991299399175, 0.00106384395622, 0.00143163942266, 0.000639801728539, 0.000505902979057, 0.000361547397915, 0.000260137836449, 0.000184632503078, 0.000180626535439, 0.000169690247276, 0.000121569726616, 0.000101886398625, 1.16631290439e-05],
        "median": [7.6269834608e-06, 0.00197736453265, 0.00305459136143, 0.000581399654038, 0.00450189644471, 0.00167953642085, 0.000578751030844, 0.000266947201453, 0.0002600865555, 0.0001593658817, 0.000179646012839, 0.000448716455139, 0.000721561606042, 0.000743661541492, 0.00069946970325, 0.000690842163749, 0.00109122460708, 0.00047789583914, 0.000406315026339, 0.000312420335831, 0.000180504459422, 0.000120094315207, 0.0001077222405, 0.000106180923467, 5.9301222791e-05, 3.24935099343e-05, 8.27450548968e-07],
        "min": [3.48390005827e-24, 1.42765017401e-23, 6.10132949774e-24, 3.70813724157e-23, 4.96343519174e-23, 2.84939619746e-23, 6.01910084579e-23, 2.95338447308e-23, 4.34066484803e-23, 3.79527734151e-23, 9.072412223e-23, 4.64670375176e-23, 6.92558848504e-23, 1.1321456557e-22, 8.15396797677e-23, 2.66364526581e-22, 1.50289904778e-22, 1.82574333936e-22, 2.75918805968e-22, 3.94301104666e-22, 4.26909812453e-22, 6.30604249985e-22, 6.50455978841e-22, 7.28829928242e-22, 1.24594231227e-21, 1.78809670077e-21, 2.35509912232e-21],
        "var": [1.94350320726e-07, 9.80815457297e-05, 0.000113560367026, 2.17140222958e-05, 4.68735852337e-05, 6.01861938776e-06, 4.10000325246e-07, 2.28703285643e-07, 9.00547050264e-08, 4.61485498704e-08, 4.71801193669e-08, 4.63894053837e-07, 1.52606037318e-06, 1.5437528873e-06, 1.07488847334e-06, 1.5281945025e-06, 1.85840224276e-06, 3.98910287913e-07, 2.40643572624e-07, 9.35482944442e-08, 8.39200851033e-08, 4.56756090728e-08, 5.20163325746e-08, 4.37872529346e-08, 2.9693120851e-08, 3.74310324958e-08, 1.11238207534e-09]
    },
    "erbbands": {
        "dmean": [0.109648481011, 1.06751847267, 4.69985437393, 6.3432970047, 10.3134212494, 12.0993213654, 8.18826770782, 10.3917827606, 4.72753572464, 7.18932819366, 4.43300151825, 4.35712432861, 3.85194754601, 3.5247824192, 5.70724582672, 14.2800455093, 19.0067234039, 28.6668281555, 30.4490947723, 22.4317359924, 20.7992420197, 33.8671951294, 20.9215736389, 9.83032226562, 8.54397583008, 7.03429269791, 5.19683218002, 3.80351829529, 2.76274585724, 2.16420412064, 1.90616643429, 1.53211331367, 0.908744931221, 0.668234348297, 0.327296346426, 0.192418992519, 0.0956428423524, 0.0267886482179, 0.000886855181307, 2.5603114409e-05],
        "dmean2": [0.187520042062, 1.80489599705, 8.18750572205, 11.0467205048, 17.9574928284, 19.1396961212, 13.3921365738, 17.1404666901, 7.8266582489, 11.9517860413, 7.26781082153, 6.87456321716, 6.01767253876, 5.62568330765, 9.18839740753, 22.5821819305, 30.5817451477, 43.407535553, 46.9611434937, 33.291103363, 31.3452014923, 52.6084251404, 33.6831970215, 15.8750658035, 13.9178199768, 11.4927711487, 8.50307846069, 6.16469955444, 4.4101691246, 3.38714981079, 2.92605829239, 2.35108327866, 1.37015426159, 0.993915379047, 0.48523196578, 0.294932335615, 0.145568996668, 0.0428383387625, 0.00140476180241, 4.03018311772e-05],
        "dvar": [0.0900103598833, 5.93564367294, 149.708175659, 271.29876709, 477.404968262, 289.325286865, 255.926345825, 454.498962402, 43.8119087219, 136.688964844, 46.3950195312, 23.0271148682, 30.493894577, 16.5087471008, 55.4565582275, 340.44342041, 830.497619629, 1514.72351074, 1535.36669922, 862.739929199, 713.133666992, 1918.0579834, 752.009887695, 168.556640625, 125.718383789, 70.1612091064, 61.2343635559, 36.270526886, 23.5982437134, 11.9298620224, 9.4050321579, 7.11798286438, 2.17270898819, 1.34652578831, 0.40619340539, 0.174915999174, 0.0666114091873, 0.0061915749684, 9.00758095668e-06, 3.11386827434e-09],
        "dvar2": [0.236741870642, 15.2662858963, 418.409179688, 743.139587402, 1277.84631348, 754.919189453, 691.597290039, 1258.85803223, 116.739196777, 372.786712646, 124.470405579, 58.9452362061, 73.5485992432, 44.1940345764, 146.477081299, 874.590637207, 2168.29931641, 4006.55664062, 3308.4128418, 1853.75024414, 1563.35656738, 4312.01806641, 1924.51525879, 436.763641357, 321.961486816, 191.932800293, 165.583679199, 91.5908126831, 56.1648330688, 28.4134254456, 22.9051532745, 15.9233970642, 4.72622537613, 2.77971529961, 0.867486774921, 0.36656203866, 0.156008884311, 0.0157624073327, 2.29022953135e-05, 7.64214114213e-09],
        "max": [2.62185931206, 20.7321186066, 93.824760437, 120.927932739, 210.114379883, 235.019454956, 198.627593994, 304.433319092, 88.8276748657, 134.380340576, 96.0465545654, 51.8895606995, 80.8691329956, 51.5697631836, 114.475524902, 354.107879639, 395.909667969, 683.170349121, 536.49206543, 476.632263184, 538.160644531, 600.184326172, 377.734710693, 187.193481445, 185.773971558, 95.8251342773, 107.632659912, 101.348213196, 121.822303772, 55.2893066406, 49.809299469, 63.6362762451, 32.2629051208, 22.7688789368, 12.9567689896, 7.46474266052, 3.32092881203, 1.01134192944, 0.0464970543981, 0.000760492577683],
        "mean": [0.107051022351, 1.43156194687, 5.84799098969, 6.70550346375, 13.0337085724, 29.9157295227, 16.6797370911, 22.0295906067, 9.88544273376, 12.0456886292, 8.33546638489, 8.54966545105, 7.61877918243, 7.28041410446, 12.1980371475, 29.0408611298, 40.8522338867, 65.1833572388, 63.2900276184, 54.1787147522, 52.807258606, 74.2919464111, 47.9946212769, 24.1764183044, 21.6953849792, 17.8235645294, 12.76288414, 9.22642421722, 6.62384796143, 5.26188659668, 5.13817691803, 4.20759963989, 2.39671969414, 1.54679775238, 0.77341991663, 0.417401969433, 0.186290413141, 0.0423753112555, 0.00125761399977, 6.93637848599e-05],
        "median": [0.0185983814299, 0.602002739906, 3.69652295113, 2.881711483, 7.7234992981, 17.6255970001, 12.9905929565, 13.4019088745, 8.33655452728, 8.75256347656, 6.01381587982, 6.54997253418, 5.62862348557, 5.91073846817, 9.35274887085, 20.2518196106, 27.480594635, 47.7174606323, 45.7999649048, 38.7285614014, 40.739944458, 57.780921936, 38.8297920227, 19.9651374817, 18.2946853638, 15.7149238586, 9.82375144958, 5.89443254471, 4.21642684937, 3.30973744392, 3.18851017952, 2.3417224884, 1.52092528343, 0.73899936676, 0.371710836887, 0.157920688391, 0.0529812611639, 0.00825360789895, 0.000200200316613, 4.89605336043e-05],
        "min": [3.15357155929e-22, 3.3763674874e-21, 8.03802258932e-21, 6.93583576548e-20, 9.35914602672e-20, 2.68172833469e-19, 1.20934076974e-19, 3.19829202898e-19, 8.38764346454e-19, 7.98468398009e-19, 5.9789054115e-19, 1.02704306158e-18, 1.03825353023e-18, 1.88459826321e-18, 3.35736377216e-18, 2.47891946832e-18, 2.36256079873e-18, 5.98675111622e-18, 5.24544756768e-18, 8.20027320052e-18, 1.1478733248e-17, 9.94146192016e-18, 8.91372144193e-18, 1.17941603766e-17, 1.67063219863e-17, 1.29081046552e-17, 1.91545267909e-17, 1.87102960604e-17, 2.14794270903e-17, 2.08186272405e-17, 2.01397783098e-17, 1.32814120929e-17, 1.42224375731e-17, 1.196208714e-17, 9.78023945569e-18, 5.93683324779e-18, 3.43798865287e-18, 1.51307825949e-18, 3.40862105279e-19, 3.26108524798e-20],
        "var": [0.0804277956486, 5.9813952446, 104.152015686, 197.739013672, 406.91027832, 1089.65563965, 274.867340088, 637.745666504, 62.0657234192, 152.303009033, 71.9433517456, 55.0695037842, 57.5307502747, 35.7253189087, 116.28540802, 983.376281738, 2015.30419922, 5064.39794922, 4044.41918945, 2935.48413086, 2361.39990234, 5090.39404297, 1908.59228516, 472.72479248, 412.800933838, 231.105545044, 174.062545776, 114.557868958, 61.5711174011, 39.501625061, 41.0125007629, 31.4822769165, 8.55646038055, 4.84297800064, 1.30805587769, 0.530638635159, 0.141082197428, 0.0092795798555, 1.13753458209e-05, 5.38540900763e-09]
    },
    "gfcc": {
        "mean": [24.1002025604, 90.5242919922, -123.717559814, 39.1803474426, -38.4299926758, 5.36804294586, -52.4561500549, -1.51177716255, -28.3930702209, 2.44229364395, -14.6513996124, -1.85666954517, -13.2935247421],
        "cov": [[7836.72265625, -3438.7565918, 631.350036621, 729.836791992, -494.661437988, 1124.88537598, -383.016021729, 448.247894287, -334.410064697, 405.584228516, -530.801147461, 514.822814941, -505.168579102], [-3438.7565918, 2667.5715332, -1002.40118408, -456.151977539, 339.02520752, -751.445129395, 219.990142822, -331.36227417, 198.36227417, -326.85144043, 356.443756104, -399.665039062, 344.29800415], [631.350036621, -1002.40118408, 1620.45935059, 381.416992188, -100.946929932, 410.599914551, 46.158039093, 233.741363525, -38.4301605225, 210.180831909, -154.846817017, 258.829711914, -158.561950684], [729.836791992, -456.151977539, 381.416992188, 347.639282227, -66.9243927002, 241.743438721, 8.89148521423, 100.064788818, -6.61795759201, 52.2311172485, -48.1148338318, 82.4207687378, -60.8724861145], [-494.661437988, 339.02520752, -100.946929932, -66.9243927002, 188.677017212, -69.5260009766, 62.3296546936, -15.3600378036, 49.9922447205, -22.697052002, 49.4291687012, -46.7466621399, 47.9918174744], [1124.88537598, -751.445129395, 410.599914551, 241.743438721, -69.5260009766, 363.344177246, -20.1322994232, 142.530197144, -34.689201355, 114.977027893, -90.7472686768, 130.707931519, -109.049186707], [-383.016021729, 219.990142822, 46.158039093, 8.89148521423, 62.3296546936, -20.1322994232, 112.016609192, 19.5708389282, 44.0711326599, -6.98462677002, 38.2527427673, -29.6212253571, 20.3323192596], [448.247894287, -331.36227417, 233.741363525, 100.064788818, -15.3600378036, 142.530197144, 19.5708389282, 131.493713379, 13.0067815781, 68.6743469238, -47.2986450195, 65.5560379028, -46.0177192688], [-334.410064697, 198.36227417, -38.4301605225, -6.61795759201, 49.9922447205, -34.689201355, 44.0711326599, 13.0067815781, 79.0283737183, 1.38522732258, 43.4595756531, -25.3102054596, 32.5715065002], [405.584228516, -326.85144043, 210.180831909, 52.2311172485, -22.697052002, 114.977027893, -6.98462677002, 68.6743469238, 1.38522732258, 101.427871704, -22.5730800629, 66.1462783813, -50.8502655029], [-530.801147461, 356.443756104, -154.846817017, -48.1148338318, 49.4291687012, -90.7472686768, 38.2527427673, -47.2986450195, 43.4595756531, -22.5730800629, 101.964332581, -43.2057685852, 52.544254303], [514.822814941, -399.665039062, 258.829711914, 82.4207687378, -46.7466621399, 130.707931519, -29.6212253571, 65.5560379028, -25.3102054596, 66.1462783813, -43.2057685852, 111.297325134, -42.5452575684], [-505.168579102, 344.29800415, -158.561950684, -60.8724861145, 47.9918174744, -109.049186707, 20.3323192596, -46.0177192688, 32.5715065002, -50.8502655029, 52.544254303, -42.5452575684, 89.1388778687]],
        "icov": [[0.000521026493516, 2.99228690892e-06, 0.000594633631408, -0.000666821317282, 7.75491862441e-05, -0.000432394794188, 0.00030098480056, -0.000213031773455, 0.000739498238545, -0.00101584580261, 0.00134771526791, -0.00098795525264, 0.000678537588101], [2.99228690892e-06, 0.00283758016303, -0.000435593246948, 0.000656571588479, -0.000896322890185, 0.00148774497211, -0.00144193670712, 0.000510094163474, -0.00127204030287, 0.00327507918701, -0.00395042588934, 0.00330995838158, -0.0021332106553], [0.000594633631408, -0.000435593246948, 0.00222565606236, -0.00191093643662, 0.000207959747058, -0.00011260635074, -0.00136456417385, 0.000262182264123, 0.00109889660962, -0.00325694261119, 0.00386604829691, -0.00415986310691, 0.00137947266921], [-0.000666821317282, 0.000656571588479, -0.00191093643662, 0.00809372030199, 0.00137208157685, -0.00429423712194, -0.000634981552139, -0.000621549785137, -0.00312818982638, 0.00672882283106, -0.00477286009118, 0.00265066837892, -0.00129507796373], [7.75491862441e-05, -0.000896322890185, 0.000207959747058, 0.00137208157685, 0.00833854824305, -0.00174821633846, -0.00263528735377, 2.43842932832e-05, -0.00183315726463, -0.00105335295666, 0.00115410680883, -0.00014926091535, -0.00148860435002], [-0.000432394794188, 0.00148774497211, -0.00011260635074, -0.00429423712194, -0.00174821633846, 0.0124813709408, -0.00119925837498, -0.00292551028542, 0.00110635044985, -0.00192179810256, -0.00123713701032, -0.00145837443415, 0.00217664917], [0.00030098480056, -0.00144193670712, -0.00136456417385, -0.000634981552139, -0.00263528735377, -0.00119925837498, 0.0187842082232, -0.00741734402254, -0.000908718793653, 0.00142655824311, -0.00450536375865, 0.0048441416584, 0.00236582406797], [-0.000213031773455, 0.000510094163474, 0.000262182264123, -0.000621549785137, 2.43842932832e-05, -0.00292551028542, -0.00741734402254, 0.0234013833106, -0.00953441299498, -0.00540505163372, 0.00910129956901, -0.00522490264848, -0.000413098081481], [0.000739498238545, -0.00127204030287, 0.00109889660962, -0.00312818982638, -0.00183315726463, 0.00110635044985, -0.000908718793653, -0.00953441299498, 0.0284195691347, -0.00910491682589, -0.00368289300241, 0.0035467648413, -0.0051665501669], [-0.00101584580261, 0.00327507918701, -0.00325694261119, 0.00672882283106, -0.00105335295666, -0.00192179810256, 0.00142655824311, -0.00540505163372, -0.00910491682589, 0.0346598252654, -0.0154448337853, -0.00158251391258, 0.00694282632321], [0.00134771526791, -0.00395042588934, 0.00386604829691, -0.00477286009118, 0.00115410680883, -0.00123713701032, -0.00450536375865, 0.00910129956901, -0.00368289300241, -0.0154448337853, 0.0333690270782, -0.00986776966602, -0.00173936842475], [-0.00098795525264, 0.00330995838158, -0.00415986310691, 0.00265066837892, -0.00014926091535, -0.00145837443415, 0.0048441416584, -0.00522490264848, 0.0035467648413, -0.00158251391258, -0.00986776966602, 0.0332693867385, -0.00998202711344], [0.000678537588101, -0.0021332106553, 0.00137947266921, -0.00129507796373, -0.00148860435002, 0.00217664917, 0.00236582406797, -0.000413098081481, -0.0051665501669, 0.00694282632321, -0.00173936842475, -0.00998202711344, 0.0296936221421]]
    },
    "melbands": {
        "dmean": [0.00106323335785, 0.00210503349081, 0.00120290694758, 0.000840876658913, 0.000313004769851, 0.00021669419948, 7.33619817765e-05, 7.29520106688e-05, 3.33952739311e-05, 2.76799655694e-05, 1.98046800506e-05, 1.46340153151e-05, 1.67574435181e-05, 3.58847573807e-05, 3.16146288242e-05, 5.77692917432e-05, 5.66932139918e-05, 5.51577395527e-05, 2.77087183349e-05, 4.12544213759e-05, 2.62711673713e-05, 4.1105235141e-05, 3.25349137711e-05, 1.20543836601e-05, 8.76111153048e-06, 9.06765035324e-06, 5.64987158214e-06, 5.08663015353e-06, 3.69812664758e-06, 2.96179268844e-06, 2.21101868192e-06, 1.88551348401e-06, 1.38331620292e-06, 1.34720096412e-06, 1.1397257822e-06, 1.37791528232e-06, 9.14378063044e-07, 7.32418925509e-07, 6.43969769953e-07, 6.17246257661e-07],
        "dmean2": [0.00180714321323, 0.0036201167386, 0.00209658895619, 0.00139070500154, 0.000507316726726, 0.000357586221071, 0.000121202188893, 0.000121850345749, 5.45541552128e-05, 4.37146663899e-05, 3.09625393129e-05, 2.34638009715e-05, 2.66653660219e-05, 5.76397433178e-05, 5.23565104231e-05, 8.90701194294e-05, 8.76010235515e-05, 8.55522157508e-05, 4.35222864326e-05, 5.99043341936e-05, 4.15545109718e-05, 6.42914092168e-05, 5.24757706444e-05, 1.96858673007e-05, 1.44447785715e-05, 1.48590761455e-05, 9.30671558308e-06, 8.44764963404e-06, 6.16158149569e-06, 4.8938859436e-06, 3.6216351873e-06, 3.05123217004e-06, 2.21691266233e-06, 2.1642831598e-06, 1.79795858912e-06, 2.16933108277e-06, 1.43065869906e-06, 1.14090744319e-06, 9.94453102976e-07, 9.50974879288e-07],
        "dvar": [6.80775610817e-06, 2.82004875771e-05, 8.21805679152e-06, 1.80392567017e-06, 2.80284496057e-07, 1.96804137431e-07, 9.80634240477e-09, 1.60000634963e-08, 2.15551620997e-09, 9.38404576267e-10, 8.29294688476e-10, 2.85278967116e-10, 4.3275363848e-10, 2.60885468784e-09, 1.70641034636e-09, 6.8092500527e-09, 6.75317446408e-09, 5.14946796315e-09, 1.19639442797e-09, 4.16650269841e-09, 1.12657949636e-09, 3.248372904e-09, 1.72170144808e-09, 2.39111092037e-10, 1.37638497821e-10, 1.53717830131e-10, 4.73035464965e-11, 3.86438624156e-11, 2.70917299011e-11, 2.26166429335e-11, 1.18515787462e-11, 9.82995369131e-12, 5.2538004329e-12, 4.7615405542e-12, 3.38517755494e-12, 5.90147982565e-12, 2.54019786976e-12, 1.44384482668e-12, 1.18396969746e-12, 1.23068406594e-12],
        "dvar2": [1.7211681552e-05, 7.72349449107e-05, 2.23525785259e-05, 4.83840813104e-06, 7.74842305873e-07, 5.42999373465e-07, 2.60160213372e-08, 4.42562395619e-08, 5.5681552702e-09, 2.35327846099e-09, 2.01759964291e-09, 7.54929840863e-10, 1.11796727431e-09, 7.06998193323e-09, 4.93059060247e-09, 1.62954698624e-08, 1.87517112948e-08, 1.12909743777e-08, 2.97897262413e-09, 7.5453616688e-09, 2.7073980835e-09, 7.42617389804e-09, 4.30065183465e-09, 6.41374620081e-10, 3.6085920363e-10, 4.06916333962e-10, 1.26562635372e-10, 1.06821558543e-10, 7.19280121575e-11, 6.09388928208e-11, 3.04028607845e-11, 2.38866062346e-11, 1.31642353268e-11, 1.19430802054e-11, 8.69847336521e-12, 1.45771450466e-11, 6.13471079491e-12, 3.37987515579e-12, 2.71831450578e-12, 2.62795362728e-12],
        "max": [0.0204015616328, 0.0404327102005, 0.025500703603, 0.0120939742774, 0.00648557394743, 0.00610717386007, 0.00117538473569, 0.00147481181193, 0.00064321391983, 0.000345803273376, 0.000409326923545, 0.000190762802958, 0.000315979705192, 0.000756059249397, 0.000729909224901, 0.00111729511991, 0.00154021417256, 0.000906602246687, 0.000380909244996, 0.00160441140179, 0.000346275599441, 0.000862509652507, 0.000489486730658, 0.000167261721799, 0.000158163442393, 0.000209611171158, 7.67113015172e-05, 6.40481230221e-05, 7.58821333875e-05, 6.27472327324e-05, 5.76676102355e-05, 7.11979009793e-05, 4.19055759266e-05, 2.87900038529e-05, 3.05086796288e-05, 4.24130157626e-05, 3.79201301257e-05, 2.24984087254e-05, 1.72695090441e-05, 2.43011236307e-05],
        "mean": [0.0012380129192, 0.00274207559414, 0.00131465063896, 0.00163458136376, 0.000736697984394, 0.000457041111076, 0.000155233879923, 0.000122847050079, 6.17456316832e-05, 5.3128835134e-05, 3.74091905542e-05, 2.89351337415e-05, 3.35002041538e-05, 6.94269911037e-05, 6.36274344288e-05, 0.000121517965454, 0.000118601943541, 0.000106527499156, 6.01319807174e-05, 8.74865145306e-05, 5.68739706068e-05, 8.19567358121e-05, 6.53164679534e-05, 2.5431108952e-05, 1.85913686437e-05, 1.94420808839e-05, 1.25080468933e-05, 1.15756029118e-05, 8.44348596729e-06, 6.28793486612e-06, 4.92802382723e-06, 4.0593081394e-06, 2.84133830064e-06, 2.93707398669e-06, 2.76576338365e-06, 3.28346368406e-06, 2.26662746172e-06, 1.74881995463e-06, 1.38941470595e-06, 1.3021048062e-06],
        "median": [0.000373984832549, 0.00169336120598, 0.000616390141658, 0.000980112701654, 0.000599807710387, 0.000297242047964, 0.000129378895508, 9.11001989152e-05, 4.45163968834e-05, 3.95996466978e-05, 2.6913403417e-05, 2.33377922996e-05, 2.55739923887e-05, 4.51432097179e-05, 4.70576560474e-05, 7.83876239439e-05, 8.15407693153e-05, 7.35921639716e-05, 4.72052197438e-05, 5.00569622091e-05, 4.24798126915e-05, 6.06699322816e-05, 4.88815712743e-05, 1.98508278118e-05, 1.45208396134e-05, 1.46508537e-05, 1.0636749721e-05, 9.71564440988e-06, 6.6055872594e-06, 3.97954181608e-06, 2.98734903481e-06, 2.48961714533e-06, 1.73960347638e-06, 1.68837368619e-06, 1.77082233677e-06, 1.63259744568e-06, 1.31309434437e-06, 1.07706898689e-06, 7.5409315059e-07, 5.60157047858e-07],
        "min": [3.69408534115e-24, 4.3986442313e-24, 1.31798430869e-23, 1.17981374342e-23, 6.79968202472e-24, 7.37825154527e-24, 1.24736895144e-23, 8.22389465845e-24, 4.81300209924e-24, 6.65140141809e-24, 5.02370605816e-24, 6.78732688522e-24, 1.2948988465e-23, 5.2999253097e-24, 4.43904455927e-24, 8.44089688284e-24, 1.15579182445e-23, 8.71640103196e-24, 7.23311691593e-24, 1.49506938241e-23, 1.33601561794e-23, 9.29237441128e-24, 8.62234830168e-24, 9.53891868771e-24, 9.09857653041e-24, 1.37234708025e-23, 1.0893528546e-23, 8.22371243158e-24, 1.27312983539e-23, 1.12658843039e-23, 9.78337011616e-24, 1.2032100168e-23, 1.29607882464e-23, 1.08996903386e-23, 1.37477834956e-23, 7.78237867613e-24, 7.70437374324e-24, 8.5244877398e-24, 1.33297645242e-23, 8.47958972138e-24],
        "var": [6.71037059874e-06, 2.12127215491e-05, 6.16360375716e-06, 3.17913236358e-06, 3.74686948135e-07, 2.56316383229e-07, 1.50035184276e-08, 1.65930682527e-08, 3.742706145e-09, 2.3100836799e-09, 1.52830481603e-09, 5.90350490715e-10, 9.02658670032e-10, 6.13445960695e-09, 4.64173854908e-09, 1.93637390566e-08, 2.08560582138e-08, 1.31445112572e-08, 3.09139247534e-09, 1.32966233579e-08, 2.84088508273e-09, 7.48685025087e-09, 4.00667676814e-09, 5.62693058814e-10, 3.17869591759e-10, 4.09087125286e-10, 1.24132010226e-10, 1.07669331784e-10, 7.31230978546e-11, 5.91670115679e-11, 3.37378423809e-11, 2.44431974661e-11, 1.19238941637e-11, 1.3759732069e-11, 1.13228783988e-11, 2.25518145824e-11, 8.84516678651e-12, 4.79335147963e-12, 3.44745911506e-12, 3.9147036307e-12]
    },
    "mfcc": {
        "mean": [-615.370910645, 120.087860107, -16.4421100616, 31.8255996704, 23.7747039795, 7.14563035965, -3.11998724937, -7.11626529694, -9.55808067322, -2.92874956131, -5.45352983475, 2.00772500038, -4.43233060837],
        "cov": [[6631.69677734, -2941.23583984, 341.120513916, -231.215988159, 88.9877624512, 450.709503174, -19.7133464813, 278.157348633, 58.3301925659, 30.9929866791, 40.4307136536, 12.9497346878, -53.6627006531], [-2941.23583984, 2276.93579102, -898.144042969, 69.4961929321, -79.8039321899, -357.162261963, -5.5340013504, -222.231323242, -86.6382751465, -27.4848575592, -73.9585189819, -12.7606258392, -16.218711853], [341.120513916, -898.144042969, 1360.18505859, 176.028442383, 100.013130188, 266.538757324, 76.6082305908, 192.673873901, 121.323600769, 20.0102443695, 114.727981567, 13.6406068802, 83.2048797607], [-231.215988159, 69.4961929321, 176.028442383, 168.319366455, 26.073261261, 33.196598053, 28.8415222168, 43.319229126, 23.5037994385, 17.3103084564, 12.9482221603, 8.85854721069, 13.413233757], [88.9877624512, -79.8039321899, 100.013130188, 26.073261261, 101.590538025, 56.0197219849, 22.712480545, 33.1357803345, 30.6934299469, 13.6992425919, 12.5884933472, 12.7204113007, 20.0118293762], [450.709503174, -357.162261963, 266.538757324, 33.196598053, 56.0197219849, 151.752548218, 40.0635719299, 73.6359710693, 25.3594398499, 22.9746665955, 34.2284469604, 14.6008892059, 12.5407028198], [-19.7133464813, -5.5340013504, 76.6082305908, 28.8415222168, 22.712480545, 40.0635719299, 73.8411026001, 34.8352775574, 20.3135471344, 21.2956180573, 26.0751094818, 12.7121257782, 8.29981708527], [278.157348633, -222.231323242, 192.673873901, 43.319229126, 33.1357803345, 73.6359710693, 34.8352775574, 102.653305054, 47.7785720825, 28.6193618774, 22.7136898041, 12.6019964218, 15.7430143356], [58.3301925659, -86.6382751465, 121.323600769, 23.5037994385, 30.6934299469, 25.3594398499, 20.3135471344, 47.7785720825, 76.4593353271, 32.0890159607, 19.144077301, 5.62834024429, 17.6911678314], [30.9929866791, -27.4848575592, 20.0102443695, 17.3103084564, 13.6992425919, 22.9746665955, 21.2956180573, 28.6193618774, 32.0890159607, 66.7199935913, 28.6936016083, 14.3298215866, 7.55899047852], [40.4307136536, -73.9585189819, 114.727981567, 12.9482221603, 12.5884933472, 34.2284469604, 26.0751094818, 22.7136898041, 19.144077301, 28.6936016083, 67.0691680908, 25.9654216766, 15.2004985809], [12.9497346878, -12.7606258392, 13.6406068802, 8.85854721069, 12.7204113007, 14.6008892059, 12.7121257782, 12.6019964218, 5.62834024429, 14.3298215866, 25.9654216766, 51.9397125244, 25.6088790894], [-53.6627006531, -16.218711853, 83.2048797607, 13.413233757, 20.0118293762, 12.5407028198, 8.29981708527, 15.7430143356, 17.6911678314, 7.55899047852, 15.2004985809, 25.6088790894, 57.1930198669]],
