{
"lowlevel": {
    "average_loudness": 0.831438302994,
    "barkbands_crest": {
        "dmean": 2.82944011688,
        "dmean2": 4.31491565704,
        "dvar": 7.52534866333,
        "dvar2": 15.4612264633,
        "max": 26.6135101318,
        "mean": 17.2520122528,
        "median": 17.2360668182,
        "min": 4.18650960922,
        "var": 34.9997329712
    },
    "barkbands_flatness_db": {
        "dmean": 0.0623949840665,
        "dmean2": 0.0803656578064,
        "dvar": 0.00456658378243,
        "dvar2": 0.00747189065441,
        "max": 0.730029225349,
        "mean": 0.400599896908,
        "median": 0.430322498083,
        "min": 0.053686004132,
        "var": 0.022911619395
    },
    "barkbands_kurtosis": {
        "dmean": 20.7658042908,
        "dmean2": 33.4896240234,
        "dvar": 2654.83349609,
        "dvar2": 6811.03710938,
        "max": 657.924926758,
        "mean": 26.274892807,
        "median": 6.94301605225,
        "min": -1.86630141735,
        "var": 3969.54272461
    },
    "barkbands_skewness": {
        "dmean": 1.46600067616,
        "dmean2": 2.1799633503,
        "dvar": 3.04418706894,
        "dvar2": 7.33691167831,
        "max": 22.8738918304,
        "mean": 2.72015237808,
        "median": 2.08475112915,
        "min": -3.48943948746,
        "var": 10.054725647
    },
    "barkbands_spread": {
        "dmean": 5.49782037735,
        "dmean2": 8.2780752182,
        "dvar": 136.101272583,
        "dvar2": 303.23815918,
        "max": 107.623039246,
        "mean": 7.78918409348,
        "median": 2.62525224686,
        "min": 0.0514501966536,
        "var": 205.16885376
    },
    "dissonance": {
        "dmean": 0.0513903722167,
        "dmean2": 0.0790178030729,
        "dvar": 0.00246994500048,
        "dvar2": 0.00530314818025,
        "max": 0.5,
        "mean": 0.335810184479,
        "median": 0.34383687377,
        "min": 0.0701751857996,
        "var": 0.00949578266591
    },
    "dynamic_complexity": 3.42479085922,
    "erbbands_crest": {
        "dmean": 2.5467710495,
        "dmean2": 3.87616205215,
        "dvar": 7.88768434525,
        "dvar2": 16.8091983795,
        "max": 31.7097167969,
        "mean": 14.206738472,
        "median": 13.437333107,
        "min": 2.50578141212,
        "var": 33.5640907288
    },
    "erbbands_flatness_db": {
        "dmean": 0.0426788367331,
        "dmean2": 0.05752017349,
        "dvar": 0.00373023143038,
        "dvar2": 0.00584353646263,
        "max": 0.566182017326,
        "mean": 0.293006539345,
        "median": 0.315587490797,
        "min": 0.0462944284081,
        "var": 0.0160454697907
    },
    "erbbands_kurtosis": {
        "dmean": 5.71914577484,
        "dmean2": 9.43655395508,
        "dvar": 135.193054199,
        "dvar2": 357.083709717,
        "max": 176.472763062,
        "mean": 8.91966915131,
        "median": 3.47636127472,
        "min": -1.82631754875,
        "var": 225.552093506
    },
    "erbbands_skewness": {
        "dmean": 0.760180175304,
        "dmean2": 1.19440639019,
        "dvar": 0.920229434967,
        "dvar2": 2.46387934685,
        "max": 9.82211589813,
        "mean": 1.29353940487,
        "median": 1.03181278706,
        "min": -2.52549147606,
        "var": 2.15726733208
    },
    "erbbands_spread": {
        "dmean": 12.5668239594,
        "dmean2": 17.9459724426,
        "dvar": 544.547363281,
        "dvar2": 1015.97131348,
        "max": 171.138931274,
        "mean": 26.1040039062,
        "median": 9.03689098358,
        "min": 0.495647668839,
        "var": 1370.34057617
    },
    "hfc": {
        "dmean": 5.87710809708,
        "dmean2": 8.79980182648,
        "dvar": 103.857543945,
        "dvar2": 228.672134399,
        "max": 119.802185059,
        "mean": 12.3311901093,
        "median": 6.49479961395,
        "min": 1.24744606785e-16,
        "var": 253.368789673
    },
    "melbands_crest": {
        "dmean": 3.11451888084,
        "dmean2": 4.65202188492,
        "dvar": 7.94487524033,
        "dvar2": 17.2656040192,
        "max": 34.3143768311,
        "mean": 20.1647319794,
        "median": 19.4362220764,
        "min": 2.04278302193,
        "var": 45.5559158325
    },
    "melbands_flatness_db": {
        "dmean": 0.0685413479805,
        "dmean2": 0.0879490226507,
        "dvar": 0.0058210012503,
        "dvar2": 0.00958716962487,
        "max": 0.905763685703,
        "mean": 0.520790815353,
        "median": 0.550150930882,
        "min": 0.00630199350417,
        "var": 0.030053127557
    },
    "melbands_kurtosis": {
        "dmean": 23.1499404907,
        "dmean2": 33.1521911621,
        "dvar": 2673.07202148,
        "dvar2": 4581.94726562,
        "max": 869.232116699,
        "mean": 36.6446647644,
        "median": 12.2762651443,
        "min": -1.59461843967,
        "var": 6974.90869141
    },
    "melbands_skewness": {
        "dmean": 1.24343883991,
        "dmean2": 1.7788438797,
        "dvar": 2.35974812508,
        "dvar2": 4.74728250504,
        "max": 22.261089325,
        "mean": 3.0724773407,
        "median": 2.542750597,
        "min": -2.02389431,
        "var": 9.04206085205
    },
    "melbands_spread": {
        "dmean": 2.38516139984,
        "dmean2": 3.6382162571,
        "dvar": 32.3527297974,
        "dvar2": 63.4751243591,
        "max": 133.172103882,
        "mean": 4.52311468124,
        "median": 2.77941894531,
        "min": 0.169451475143,
        "var": 48.5248794556
    },
    "pitch_salience": {
        "dmean": 0.082788310945,
        "dmean2": 0.120865404606,
        "dvar": 0.00574072264135,
        "dvar2": 0.0120807029307,
        "max": 0.860696315765,
        "mean": 0.415633529425,
        "median": 0.433005988598,
        "min": 0.0385957323015,
        "var": 0.0316137745976
    },
    "silence_rate_20dB": {
        "dmean": 0.00206185574643,
        "dmean2": 0.00412583816797,
        "dvar": 0.00205763359554,
        "dvar2": 0.00514037162066,
        "max": 1,
        "mean": 0.997939229012,
        "median": 1,
        "min": 0,
        "var": 0.00205657910556
    },
    "silence_rate_30dB": {
        "dmean": 0.0917525738478,
        "dmean2": 0.183599799871,
        "dvar": 0.0833337455988,
        "dvar2": 0.184963092208,
        "max": 1,
        "mean": 0.829984545708,
        "median": 1,
        "min": 0,
        "var": 0.141107350588
    },
    "silence_rate_60dB": {
        "dmean": 0.00979381427169,
        "dmean2": 0.0190820004791,
        "dvar": 0.00969803705812,
        "dvar2": 0.0218121614307,
        "max": 1,
        "mean": 0.0206079334021,
        "median": 0,
        "min": 0,
        "var": 0.0201832316816
    },
    "spectral_centroid": {
        "dmean": 129.269577026,
        "dmean2": 194.026885986,
        "dvar": 134046.046875,
        "dvar2": 217543.75,
        "max": 11246.1152344,
        "mean": 408.348022461,
        "median": 299.39642334,
        "min": 78.1816940308,
        "var": 196153.703125
    },
    "spectral_complexity": {
        "dmean": 1.57061851025,
        "dmean2": 2.63022184372,
        "dvar": 7.06767225266,
        "dvar2": 18.363986969,
        "max": 34,
        "mean": 6.42143201828,
        "median": 6,
        "min": 0,
        "var": 9.94809150696
    },
    "spectral_decrease": {
        "dmean": 6.47347331295e-09,
        "dmean2": 9.24707421746e-09,
        "dvar": 8.53152694124e-17,
        "dvar2": 1.82705655232e-16,
        "max": 8.54704658345e-29,
        "mean": -1.5165161571e-08,
        "median": -9.26857612882e-09,
        "min": -1.01210552828e-07,
        "var": 2.76567877512e-16
    },
    "spectral_energy": {
        "dmean": 0.0247595645487,
        "dmean2": 0.035517334938,
        "dvar": 0.00123043835629,
        "dvar2": 0.00263645825908,
        "max": 0.390802055597,
        "mean": 0.0583553239703,
        "median": 0.0361451394856,
        "min": 1.09921220481e-20,
        "var": 0.00402803486213
    },
    "spectral_energyband_high": {
        "dmean": 0.000383230595617,
        "dmean2": 0.000571358250454,
        "dvar": 7.44889689486e-07,
        "dvar2": 1.65058770563e-06,
        "max": 0.00672136433423,
        "mean": 0.000402618781663,
        "median": 2.2096999146e-06,
        "min": 7.87255819403e-21,
        "var": 1.07995867893e-06
    },
    "spectral_energyband_low": {
        "dmean": 0.0225655157119,
        "dmean2": 0.0314633101225,
        "dvar": 0.00119963812176,
        "dvar2": 0.00256406026892,
        "max": 0.304757148027,
        "mean": 0.0417143441737,
        "median": 0.0169234331697,
        "min": 6.02426946244e-23,
        "var": 0.00337349250913
    },
    "spectral_energyband_middle_high": {
        "dmean": 0.000276247563306,
        "dmean2": 0.000436046189861,
        "dvar": 5.66880771657e-07,
        "dvar2": 1.46749107444e-06,
        "max": 0.0108993304893,
        "mean": 0.000438676419435,
        "median": 3.40357109962e-05,
        "min": 1.61235868593e-21,
        "var": 1.171967142e-06
    },
    "spectral_energyband_middle_low": {
        "dmean": 0.00423867208883,
        "dmean2": 0.00648844940588,
        "dvar": 8.7735010311e-05,
        "dvar2": 0.000160085328389,
        "max": 0.178051903844,
        "mean": 0.0165122449398,
        "median": 0.00813378952444,
        "min": 2.35296432587e-22,
        "var": 0.000645983556751
    },
    "spectral_entropy": {
        "dmean": 0.447667777538,
        "dmean2": 0.597235679626,
        "dvar": 0.427523314953,
        "dvar2": 0.720752000809,
        "max": 9.79527282715,
        "mean": 5.76989459991,
        "median": 5.35970211029,
        "min": 3.67427325249,
        "var": 1.55335986614
    },
    "spectral_flux": {
        "dmean": 0.0401836484671,
        "dmean2": 0.0658740326762,
        "dvar": 0.00223590247333,
        "dvar2": 0.00617133779451,
        "max": 0.359836518764,
        "mean": 0.087945997715,
        "median": 0.0640449002385,
        "min": 1.04843321524e-10,
        "var": 0.00444544525817
    },
    "spectral_kurtosis": {
        "dmean": 31.6189250946,
        "dmean2": 50.5986976624,
        "dvar": 2137.28051758,
        "dvar2": 4460.13134766,
        "max": 395.333251953,
        "mean": 82.5889587402,
        "median": 33.6204872131,
        "min": -1.15809583664,
        "var": 8945.13574219
    },
    "spectral_rms": {
        "dmean": 0.00147821987048,
        "dmean2": 0.00210756016895,
        "dvar": 2.704763574e-06,
        "dvar2": 6.09919015915e-06,
        "max": 0.0195261444896,
        "mean": 0.00661501754075,
        "median": 0.00593831203878,
        "min": 3.27475524996e-12,
        "var": 1.31734632305e-05
    },
    "spectral_rolloff": {
        "dmean": 326.373840332,
        "dmean2": 580.553894043,
        "dvar": 1718985.625,
        "dvar2": 4266608,
        "max": 19487.5488281,
        "mean": 466.296661377,
        "median": 279.931640625,
        "min": 64.599609375,
        "var": 1447231.875
    },
    "spectral_skewness": {
        "dmean": 1.48848164082,
        "dmean2": 2.2615916729,
        "dvar": 4.25531768799,
        "dvar2": 7.26120996475,
        "max": 17.2597389221,
        "mean": 6.27904033661,
        "median": 4.86843538284,
        "min": -0.0186842381954,
        "var": 21.0069046021
    },
    "spectral_spread": {
        "dmean": 1373847.875,
        "dmean2": 1942608.625,
        "dvar": 4.8465140777e+12,
        "dvar2": 6.88645681971e+12,
        "max": 38560172,
        "mean": 3809001,
        "median": 2036385.125,
        "min": 221679.265625,
        "var": 1.4329708544e+13
    },
    "spectral_strongpeak": {
        "dmean": 0.280322819948,
        "dmean2": 0.456950068474,
        "dvar": 0.22310693562,
        "dvar2": 0.462927132845,
        "max": 5.60902070999,
        "mean": 0.84422492981,
        "median": 0.54926854372,
        "min": 0,
        "var": 0.868003487587
    },
    "zerocrossingrate": {
        "dmean": 0.0107160117477,
        "dmean2": 0.0126446960494,
        "dvar": 0.000434218149167,
        "dvar2": 0.000514949671924,
        "max": 0.48974609375,
        "mean": 0.0242012403905,
        "median": 0.01123046875,
        "min": 0.001953125,
        "var": 0.00121563009452
    },
    "barkbands": {
        "dmean": [0.000638759927824, 0.0223155394197, 0.00176499853842, 0.0011094523361, 0.00180927896872, 0.00189741700888, 0.000383243925171, 9.45201099967e-05, 0.000177341440576, 0.000105108127173, 5.85465713812e-05, 3.64087281923e-05, 3.45818589267e-05, 2.0728144591e-05, 2.25254880206e-05, 9.57736483542e-06, 1.22479359561e-05, 7.83328505349e-06, 2.79394516838e-05, 1.5990141037e-05, 3.21284860547e-05, 3.44439285982e-05, 4.80685848743e-05, 5.0521648518e-05, 9.26334032556e-05, 0.000130414860905, 3.59621117241e-06],
        "dmean2": [0.000990086700767, 0.031216038391, 0.00272002234124, 0.00193207024131, 0.00307248113677, 0.00251496792771, 0.000619723228738, 0.000145857411553, 0.000291881966405, 0.000163787481142, 7.82108181738e-05, 5.75754711463e-05, 5.96943791606e-05, 3.73629336536e-05, 4.04386701121e-05, 1.63181230164e-05, 2.08445871976e-05, 1.29174122776e-05, 4.94126870763e-05, 2.53802772932e-05, 5.30930847162e-05, 5.20483772561e-05, 7.5803603977e-05, 7.52607957111e-05, 0.000151679429109, 0.000207686069189, 5.98889573666e-06],
        "dvar": [1.72066972937e-06, 0.00125686591491, 1.58774400916e-05, 4.62407570012e-06, 1.60683066497e-05, 5.10377030878e-05, 1.35404502544e-06, 5.08873370109e-08, 5.2224220326e-07, 9.73512825908e-08, 5.47494742875e-08, 5.52847296831e-08, 1.01111963247e-08, 4.90485829729e-09, 6.31524743611e-09, 8.65588212218e-10, 1.30261879061e-09, 5.10232023299e-10, 1.22012471238e-08, 2.45962916701e-09, 6.85339696105e-09, 6.15396889003e-09, 1.30777157992e-08, 1.31817587956e-08, 4.83942130813e-08, 1.25669231466e-07, 9.80783301796e-11],
        "dvar2": [4.69602900921e-06, 0.00262055848725, 3.71509704564e-05, 1.37123379318e-05, 4.44554534624e-05, 7.22450349713e-05, 2.56265207099e-06, 9.97706877115e-08, 1.29587579067e-06, 2.09208067758e-07, 9.78413225994e-08, 1.53833667582e-07, 2.84057488642e-08, 1.44043301731e-08, 1.56294159837e-08, 2.21295048952e-09, 3.63585983543e-09, 1.2875288613e-09, 3.54465150565e-08, 6.23258955557e-09, 1.70822236356e-08, 1.33915607492e-08, 3.17599422317e-08, 2.58649066609e-08, 1.21001463071e-07, 2.94300065207e-07, 2.33430663688e-10],
        "max": [0.0102901048958, 0.3019284904, 0.0367042720318, 0.0238714646548, 0.0407295040786, 0.167767852545, 0.0338171720505, 0.00584946852177, 0.0138694839552, 0.00633199838921, 0.00604318967089, 0.00674277171493, 0.00105256121606, 0.00106631731614, 0.000920906139072, 0.000353541952791, 0.00032206508331, 0.000262984045548, 0.00125430326443, 0.000689840875566, 0.000957223703153, 0.000775528897066, 0.00104302889667, 0.0011573440861, 0.00159493309911, 0.00340989325196, 9.80329568847e-05],
        "mean": [0.000880337669514, 0.0382854864001, 0.00188470503781, 0.00143190147355, 0.00355523754843, 0.0100372480229, 0.000872477830853, 0.000204188967473, 0.000317442754749, 0.000194990483578, 0.00010279774142, 5.54676153115e-05, 3.19493519783e-05, 1.77884758159e-05, 1.72703312273e-05, 9.56454914558e-06, 1.13787891678e-05, 8.75419391377e-06, 2.63693091256e-05, 1.63892273122e-05, 2.9884144169e-05, 3.62239661627e-05, 4.66250676254e-05, 5.76521233597e-05, 8.53620731505e-05, 0.000135041525937, 2.89103536488e-06],
        "median": [0.000216401269427, 0.0118580730632, 0.000650163856335, 0.000830705510452, 0.00179966620635, 0.00157176842913, 0.000349394074874, 8.03224465926e-05, 2.81587417703e-05, 1.24278458316e-05, 2.99382918456e-06, 1.50394498633e-06, 1.43909721828e-06, 6.71881366543e-07, 2.78681341115e-07, 1.63146964383e-07, 1.32433115141e-07, 1.00050137064e-07, 1.24636500232e-07, 1.33025622517e-07, 5.20708852036e-07, 6.41115491362e-07, 4.28127748364e-07, 2.01813620038e-07, 5.96174558609e-08, 1.71534306759e-08, 2.64326627253e-09],
        "min": [1.24179517583e-23, 1.8808062723e-23, 3.58188762675e-23, 7.80108493478e-24, 8.69052970749e-23, 5.81101069859e-23, 3.23123674557e-23, 1.59668665769e-23, 2.96329572149e-23, 7.59224473863e-23, 4.83699341041e-23, 1.34888323304e-22, 1.62326798854e-22, 7.5514511635e-23, 2.52343956562e-22, 1.10434708093e-22, 1.33160856761e-22, 1.65880939087e-22, 3.20872063585e-22, 3.35022309715e-22, 3.23864787289e-22, 5.40364519905e-22, 7.06761866273e-22, 8.96304820741e-22, 1.35913125564e-21, 1.51548787943e-21, 2.52774985112e-21],
        "var": [1.76622290837e-06, 0.00328248669393, 1.68319984368e-05, 3.89609795093e-06, 2.27795117098e-05, 0.000555603764951, 5.20917137692e-06, 2.04378821422e-07, 1.24549831071e-06, 3.89020442526e-07, 2.0239126286e-07, 7.47651469624e-08, 8.58622506428e-09, 3.48452555698e-09, 5.42220401911e-09, 9.15268416612e-10, 1.28604316085e-09, 6.46632414281e-10, 1.09035074303e-08, 2.56791499176e-09, 6.54888676621e-09, 8.48405257159e-09, 1.44976564087e-08, 2.23509140085e-08, 5.06723800697e-08, 1.78239474735e-07, 9.63214646932e-11]
    },
    "erbbands": {
        "dmean": [0.749544203281, 4.79154491425, 2.77920365334, 2.45337820053, 4.8999876976, 7.21298885345, 11.1026268005, 14.660815239, 6.37038040161, 3.4000108242, 2.6071126461, 4.26842451096, 3.96279001236, 2.38396716118, 1.52779221535, 1.60601079464, 1.54579365253, 1.13132369518, 1.23795902729, 0.790327429771, 0.567574203014, 0.642320632935, 0.430261224508, 0.840743124485, 1.41372835636, 0.762967288494, 0.892090857029, 1.46605706215, 1.23841285706, 1.42905724049, 1.44021356106, 0.992074131966, 0.866675436497, 0.833795726299, 0.761656403542, 0.625419974327, 0.252586841583, 0.0215667895973, 0.000514337560162, 4.04320562666e-05],
        "dmean2": [0.94667160511, 7.09570932388, 4.49483537674, 4.02167129517, 8.30977630615, 12.2284908295, 16.2301216125, 18.8181171417, 9.81801128387, 5.49681282043, 3.96275663376, 6.79972410202, 6.34645652771, 3.76407456398, 2.06498861313, 2.52936649323, 2.64292287827, 1.9990183115, 2.20660424232, 1.3757570982, 0.9571647048, 1.08846890926, 0.704487025738, 1.48007047176, 2.44454836845, 1.23835217953, 1.40730619431, 2.4491109848, 1.90007805824, 2.23625230789, 2.26574110985, 1.44885241985, 1.29909491539, 1.31977880001, 1.29506361485, 1.03427803516, 0.390764981508, 0.0317708663642, 0.000771517283283, 6.23573068879e-05],
        "dvar": [1.21473479271, 63.7485618591, 20.9591693878, 23.4511356354, 81.8552856445, 286.98336792, 1340.49291992, 3295.10131836, 792.549072266, 34.4835739136, 48.0678100586, 357.370422363, 154.901199341, 79.0845413208, 24.6819992065, 113.041656494, 20.4103012085, 12.0377445221, 18.5451755524, 6.25694513321, 2.65557646751, 3.53795838356, 1.70063996315, 8.81385326385, 31.0308876038, 5.81484222412, 4.81607818604, 13.9354372025, 8.03813648224, 13.9815368652, 11.1381216049, 5.47771787643, 3.64805865288, 3.70266485214, 3.52101683617, 2.35561418533, 0.551285862923, 0.00407287245616, 1.86192824003e-06, 3.78265552214e-09],
        "dvar2": [2.42337369919, 132.712203979, 42.1902351379, 64.0756607056, 221.318161011, 785.034851074, 2551.31591797, 4352.99658203, 1220.09179688, 83.3044281006, 98.0693359375, 872.091918945, 345.157623291, 184.549438477, 37.1934204102, 315.573516846, 56.7607803345, 34.3162460327, 50.6934738159, 14.6615781784, 6.94672107697, 9.56503009796, 4.32926034927, 25.9332904816, 87.5733032227, 14.8919143677, 11.138335228, 35.3443222046, 17.8478794098, 34.1392669678, 26.9038658142, 10.0811033249, 7.61323881149, 9.05218887329, 9.0776052475, 5.64589929581, 1.26706457138, 0.00888699945062, 3.74727892449e-06, 8.3842426335e-09],
        "max": [9.9144411087, 65.0013885498, 41.6928291321, 54.2059631348, 77.638710022, 216.753707886, 698.691345215, 1361.12121582, 1030.359375, 112.254364014, 159.078552246, 379.672119141, 261.249420166, 228.800643921, 183.027679443, 308.702484131, 45.4131355286, 38.9337921143, 46.5759086609, 29.5426158905, 15.41289711, 16.9414215088, 15.3302764893, 36.7199440002, 68.5145797729, 29.4229164124, 23.1026000977, 42.6264839172, 25.814409256, 44.047706604, 25.3987636566, 24.6438465118, 19.8447608948, 14.7865657806, 13.0863208771, 14.0381164551, 7.34138965607, 0.682125627995, 0.0133388703689, 0.000711689703166],
        "mean": [1.30379664898, 7.70958709717, 4.22707891464, 3.6639945507, 7.44818592072, 15.0430383682, 47.8440704346, 80.1896972656, 15.5544090271, 10.3393859863, 5.5109500885, 8.70671272278, 6.93604326248, 3.75836515427, 3.04480981827, 2.60283470154, 1.52740049362, 1.00297927856, 0.949315190315, 0.686564445496, 0.569039046764, 0.627314150333, 0.485915094614, 0.807544112206, 1.39553487301, 0.790297925472, 0.887812018394, 1.36109745502, 1.24827432632, 1.39161550999, 1.39971399307, 1.15320372581, 0.971074044704, 0.8112616539, 0.67479211092, 0.630609452724, 0.255860954523, 0.0220306515694, 0.000546527677216, 8.35982427816e-05],
        "median": [0.345283657312, 2.32221603394, 1.71485292912, 2.25513124466, 4.69486665726, 6.42868709564, 12.1672315598, 11.7523002625, 5.42259168625, 4.8091006279, 1.80964267254, 0.796315908432, 0.580119788647, 0.28377494216, 0.137334406376, 0.0799486711621, 0.0681925788522, 0.0422067120671, 0.0238123498857, 0.0139906462282, 0.0086053321138, 0.00667812861502, 0.00563484942541, 0.00575852813199, 0.00614560907707, 0.006512071006, 0.0161490775645, 0.0218320153654, 0.0194001458585, 0.0237630326301, 0.0115024307743, 0.00578659167513, 0.0022955678869, 0.000770764832851, 0.00039525644388, 0.000173953681951, 4.33321729361e-05, 5.10129575559e-06, 2.84342950181e-05, 4.9351110647e-05],
        "min": [2.79698800234e-22, 5.6315542585e-21, 2.94768396223e-20, 4.25676545937e-20, 1.8147890275e-19, 2.96050293528e-19, 2.21430382168e-19, 6.90806033298e-19, 5.56949029937e-19, 3.36715681513e-19, 4.30869282092e-19, 5.44586453791e-19, 1.44246464234e-18, 2.12278285265e-18, 3.99235207131e-18, 5.50374836243e-18, 6.54351811472e-18, 5.18069835087e-18, 4.47167304419e-18, 1.78571568658e-17, 5.47101062173e-18, 7.30029076789e-18, 8.67382417504e-18, 1.35392054123e-17, 1.50860505286e-17, 1.83434712372e-17, 1.13491487876e-17, 1.65747986145e-17, 1.88286192839e-17, 1.61579111663e-17, 2.22879829042e-17, 1.87678463243e-17, 1.42631662921e-17, 1.29465718624e-17, 1.08145336859e-17, 5.94859368815e-18, 2.71703664254e-18, 1.20339931234e-18, 3.41982159527e-19, 3.91734869711e-20],
        "var": [3.71609520912, 147.004150391, 40.9163513184, 24.3212585449, 83.7990036011, 506.524963379, 10331.0800781, 36965.3789062, 3554.96362305, 235.664215088, 173.873474121, 927.462341309, 461.849395752, 149.620040894, 153.914535522, 155.948684692, 18.4221839905, 9.35804653168, 13.9717540741, 6.36090612411, 2.89935851097, 3.77140021324, 2.05816674232, 7.89874267578, 29.3240032196, 6.11510372162, 5.51538133621, 13.1499929428, 10.443655014, 14.5865383148, 12.5831346512, 9.56900119781, 6.08869218826, 4.38449907303, 3.28879618645, 3.22364759445, 0.748410701752, 0.00554766878486, 2.726156481e-06, 9.47588674194e-09]
    },
    "gfcc": {
        "mean": [-161.157180786, 169.265060425, -5.23382377625, 22.8337917328, -65.1160964966, 2.77965283394, -22.9069080353, -4.03813648224, -8.52147388458, 2.21216011047, -1.36056816578, 0.936849653721, 0.614907741547],
        "cov": [[14485.703125, -7367.30273438, -2573.64770508, 1293.10681152, -336.489471436, 1302.08068848, -1343.73742676, 940.916625977, -1243.50463867, 976.385559082, -1079.10046387, 736.18572998, -750.635559082], [-7367.30273438, 5908.41552734, 980.238525391, -1662.01806641, 450.782226562, -675.75769043, 1121.13891602, -729.274841309, 865.520751953, -655.541931152, 901.451049805, -413.465087891, 628.035827637], [-2573.64770508, 980.238525391, 1392.75646973, -30.7225265503, 68.5526351929, -209.567428589, 233.158554077, -21.0080165863, 232.221511841, -1.30651700497, 205.771942139, -31.7325954437, 118.017532349], [1293.10681152, -1662.01806641, -30.7225265503, 1215.93286133, -148.989456177, 117.271202087, -293.730285645, 164.563812256, -17.902141571, 150.822433472, -228.2527771, 18.9940490723, -120.128105164], [-336.489471436, 450.782226562, 68.5526351929, -148.989456177, 650.909301758, 71.9046020508, 126.15499115, 20.5845756531, 130.572372437, 24.9463863373, 83.3525238037, -26.7586650848, 14.3125715256], [1302.08068848, -675.75769043, -209.567428589, 117.271202087, 71.9046020508, 352.998168945, 4.73036956787, 94.4207000732, -80.6723098755, 153.707626343, -61.4007492065, 73.9198226929, -64.4596176147], [-1343.73742676, 1121.13891602, 233.158554077, -293.730285645, 126.15499115, 4.73036956787, 400.425811768, -108.246185303, 225.515151978, -81.6484680176, 211.289398193, -53.6046600342, 133.558395386], [940.916625977, -729.274841309, -21.0080165863, 164.563812256, 20.5845756531, 94.4207000732, -108.246185303, 230.090560913, -100.878013611, 90.1600189209, -113.984359741, 71.2184524536, -80.6054916382], [-1243.50463867, 865.520751953, 232.221511841, -17.902141571, 130.572372437, -80.6723098755, 225.515151978, -100.878013611, 287.142913818, -50.1294898987, 168.532699585, -64.8407897949, 132.607009888], [976.385559082, -655.541931152, -1.30651700497, 150.822433472, 24.9463863373, 153.707626343, -81.6484680176, 90.1600189209, -50.1294898987, 199.507110596, -33.8482398987, 87.6299057007, -59.5668525696], [-1079.10046387, 901.451049805, 205.771942139, -228.2527771, 83.3525238037, -61.4007492065, 211.289398193, -113.984359741, 168.532699585, -33.8482398987, 243.133178711, -16.2910308838, 118.373786926], [736.18572998, -413.465087891, -31.7325954437, 18.9940490723, -26.7586650848, 73.9198226929, -53.6046600342, 71.2184524536, -64.8407897949, 87.6299057007, -16.2910308838, 118.921737671, -12.3624191284], [-750.635559082, 628.035827637, 118.017532349, -120.128105164, 14.3125715256, -64.4596176147, 133.558395386, -80.6054916382, 132.607009888, -59.5668525696, 118.373786926, -12.3624191284, 149.392868042]],
        "icov": [[0.000415470043663, -1.10105638669e-05, 0.000521910085808, -9.56939256866e-05, 1.34839847306e-05, -0.00036791828461, 0.000176502231625, -0.000303420878481, 0.000344451429555, -0.000851042568684, 0.000524168310221, -0.00107455998659, 1.37182050821e-05], [-1.10105638669e-05, 0.00477546593174, -0.000977454707026, 0.00364470784552, -0.000623012485448, 0.000879291212186, -0.00118427048437, 0.00196148408577, -0.00440676836297, 0.00549599062651, -0.00547164864838, 0.00592516921461, -0.00294306082651], [0.000521910085808, -0.000977454707026, 0.00197330419905, -0.00110553961713, 8.80516163306e-05, 0.00073062942829, -0.000651259266306, -0.00131345191039, 0.00173026893754, -0.00346844340675, 0.00137572316453, -0.00215099588968, 0.000277150946204], [-9.56939256866e-05, 0.00364470784552, -0.00110553961713, 0.00463108625263, 0.000199945177883, -0.00054210977396, 0.00120727578178, 0.000993012450635, -0.00662013888359, 0.00456744292751, -0.0032389764674, 0.00500450842083, -0.00132418901194], [1.34839847306e-05, -0.000623012485448, 8.80516163306e-05, 0.000199945177883, 0.00227638939396, -0.00124489539303, 0.00106590916403, -0.00119843077846, -0.00180630641989, -0.000436811766122, 0.000298298109556, -0.000229914701777, 0.0015970764216], [-0.00036791828461, 0.000879291212186, 0.00073062942829, -0.00054210977396, -0.00124489539303, 0.00906578451395, -0.00657099206001, 0.000612805248238, 0.00388710247353, -0.00518299499527, 0.00037551211426, 0.00215858640149, -0.0019579550717], [0.000176502231625, -0.00118427048437, -0.000651259266306, 0.00120727578178, 0.00106590916403, -0.00657099206001, 0.0116762174293, -0.00154196133371, -0.00651765940711, 0.00411665299907, -0.00206473702565, -0.00172138249036, 0.00206306809559], [-0.000303420878481, 0.00196148408577, -0.00131345191039, 0.000993012450635, -0.00119843077846, 0.000612805248238, -0.00154196133371, 0.00944508053362, -0.0012644212693, 0.00231618597172, 0.000746360106859, -0.00107736058999, 0.000284819718217], [0.000344451429555, -0.00440676836297, 0.00173026893754, -0.00662013888359, -0.00180630641989, 0.00388710247353, -0.00651765940711, -0.0012644212693, 0.0217592045665, -0.011341361329, 0.00287998304702, -0.000907800800633, -0.00563244801015], [-0.000851042568684, 0.00549599062651, -0.00346844340675, 0.00456744292751, -0.000436811766122, -0.00518299499527, 0.00411665299907, 0.00231618597172, -0.011341361329, 0.0239940583706, -0.0104925101623, 0.00126769812778, 0.00245968764648], [0.000524168310221, -0.00547164864838, 0.00137572316453, -0.0032389764674, 0.000298298109556, 0.00037551211426, -0.00206473702565, 0.000746360106859, 0.00287998304702, -0.0104925101623, 0.0201070196927, -0.0107926158234, 0.000761616916861], [-0.00107455998659, 0.00592516921461, -0.00215099588968, 0.00500450842083, -0.000229914701777, 0.00215858640149, -0.00172138249036, -0.00107736058999, -0.000907800800633, 0.00126769812778, -0.0107926158234, 0.0287722162902, -0.0104297967628], [1.37182050821e-05, -0.00294306082651, 0.000277150946204, -0.00132418901194, 0.0015970764216, -0.0019579550717, 0.00206306809559, 0.000284819718217, -0.00563244801015, 0.00245968764648, 0.000761616916861, -0.0104297967628, 0.0196765717119]]
    },
    "melbands": {
        "dmean": [0.00665137218311, 0.00304550328292, 0.000464878772618, 0.000443744822405, 0.000356652861228, 0.000338026264217, 9.14564298e-05, 3.09557653964e-05, 2.42922160396e-05, 2.55825943896e-05, 1.95509655896e-05, 9.68242147792e-06, 6.88088175593e-06, 4.19096249971e-06, 3.83370661439e-06, 3.04355103253e-06, 2.04657476388e-06, 1.99481405616e-06, 1.58587806709e-06, 6.87674400979e-07, 7.12668395408e-07, 7.42170243484e-07, 4.61484233938e-07, 3.7512995732e-07, 6.76109834785e-07, 1.24744974528e-06, 6.68469226639e-07, 4.9984623729e-07, 4.3677690087e-07, 9.56471012614e-07, 7.33169713385e-07, 6.34422804069e-07, 7.80780283094e-07, 7.94427933215e-07, 9.04787839318e-07, 6.32799867617e-07, 6.09630262716e-07, 6.14278462763e-07, 6.2786619992e-07, 7.28966995212e-07],
        "dmean2": [0.00877640489489, 0.00460134539753, 0.000743641343433, 0.000757056346629, 0.00052748597227, 0.000432776403613, 0.000143429308082, 4.98304907524e-05, 3.69081135432e-05, 4.16512084485e-05, 3.13125892717e-05, 1.54379940795e-05, 8.93869128049e-06, 6.55897019897e-06, 6.4175760599e-06, 5.23523794982e-06, 3.64267953046e-06, 3.61452885045e-06, 2.86368754132e-06, 1.16409751172e-06, 1.21375001072e-06, 1.27873852307e-06, 7.85377039847e-07, 6.05923219155e-07, 1.20849028917e-06, 2.1789639959e-06, 1.10954033516e-06, 8.07130334124e-07, 6.77117895975e-07, 1.56428234277e-06, 1.24416578728e-06, 9.96257540464e-07, 1.18015191219e-06, 1.26670465761e-06, 1.46272304846e-06, 9.61943328548e-07, 9.013801332e-07, 9.16286694519e-07, 1.00600846054e-06, 1.1713616459e-06],
        "dvar": [0.000104261394881, 2.14083611354e-05, 6.50785864309e-07, 9.90305352389e-07, 1.1131262454e-06, 1.73005616944e-06, 1.4836703599e-07, 2.60301846744e-09, 4.4561447865e-09, 1.2963289997e-08, 3.71708885893e-09, 1.20795440317e-09, 6.11355022162e-10, 9.28608800965e-10, 1.83109472029e-10, 7.40319749948e-11, 4.29343921526e-11, 4.961982214e-11, 3.04138970952e-11, 4.96135944827e-12, 4.47899269757e-12, 5.01005660569e-12, 1.92067434006e-12, 1.16402709954e-12, 5.72513737807e-12, 2.56166685086e-11, 5.75589576002e-12, 2.38180829226e-12, 1.23799191384e-12, 6.31313751276e-12, 3.19947345527e-12, 2.35038637858e-12, 3.11937259877e-12, 4.62349559679e-12, 4.53764933614e-12, 2.17346995436e-12, 2.21694450991e-12, 1.87828637192e-12, 2.13728991103e-12, 2.9433922747e-12],
        "dvar2": [0.000213249688386, 4.75298729725e-05, 1.68309645687e-06, 2.72988677352e-06, 2.09217591873e-06, 2.30092746278e-06, 2.32214333096e-07, 6.4606919814e-09, 9.34923694018e-09, 3.28453850784e-08, 8.23023871277e-09, 2.88255441738e-09, 9.02268926239e-10, 2.59121013535e-09, 5.16791276439e-10, 2.05667372022e-10, 1.23715288014e-10, 1.41096440087e-10, 7.35397714946e-11, 1.17367079597e-11, 1.2253172435e-11, 1.36732526343e-11, 5.20582708885e-12, 2.8940226951e-12, 1.70941646255e-11, 7.38480387952e-11, 1.55024187931e-11, 6.04015535505e-12, 2.78211611734e-12, 1.57408270446e-11, 8.22256499e-12, 5.281062046e-12, 6.7939438797e-12, 1.16634176275e-11, 1.13409906466e-11, 4.45229356855e-12, 3.99853284164e-12, 3.66349745679e-12, 5.22994494934e-12, 7.37401632811e-12],
        "max": [0.0884786918759, 0.0437899380922, 0.00952870119363, 0.00864852312952, 0.020696323365, 0.0309524405748, 0.0139168370515, 0.00101999391336, 0.00132084242068, 0.00221352442168, 0.0012238859199, 0.000845378031954, 0.000878048944287, 0.000888032605872, 0.000270581862424, 7.53319764044e-05, 7.97995598987e-05, 8.74233446666e-05, 5.6975051848e-05, 3.2775427826e-05, 2.12411105167e-05, 1.95251577679e-05, 1.64123466675e-05, 1.15241227832e-05, 3.08961243718e-05, 5.94714583713e-05, 3.35875083692e-05, 1.89896454685e-05, 1.1960250049e-05, 2.98493687296e-05, 1.91444196389e-05, 1.65244764503e-05, 1.84413656825e-05, 2.61489458353e-05, 1.72792460944e-05, 1.45884760059e-05, 1.57063241204e-05, 1.51656777234e-05, 1.37424694913e-05, 1.36924372782e-05],
        "mean": [0.0113717205822, 0.00500358082354, 0.000716374372132, 0.000801727641374, 0.00153246079572, 0.00183064199518, 0.000193987943931, 9.21307364479e-05, 4.84306947328e-05, 4.85497621412e-05, 3.36080047418e-05, 1.55528141477e-05, 1.31482529468e-05, 6.87495139573e-06, 4.43017461293e-06, 2.74863691629e-06, 1.78552204488e-06, 1.51694302986e-06, 1.2356233583e-06, 6.79297386341e-07, 6.88018303663e-07, 6.96969664205e-07, 4.73443719784e-07, 4.13231930452e-07, 6.24897609214e-07, 1.1906392956e-06, 6.89800685905e-07, 4.97713301684e-07, 4.51786490885e-07, 8.44622718432e-07, 7.03830664861e-07, 6.32136789136e-07, 8.10695041764e-07, 7.40418386158e-07, 8.39479355363e-07, 6.93162178322e-07, 7.22665333797e-07, 7.11373843387e-07, 6.17762623278e-07, 6.98755059148e-07],
        "median": [0.0033209528774, 0.00174964778125, 0.000445987243438, 0.000411962682847, 0.000477051100461, 0.000270236952929, 6.50271686027e-05, 4.35672591266e-05, 1.02924459497e-05, 4.12836016039e-06, 2.29705551646e-06, 1.225760343e-06, 4.23713004238e-07, 2.09391359363e-07, 1.59868221772e-07, 1.29032045493e-07, 6.45150137757e-08, 4.0494512632e-08, 1.96902831817e-08, 1.34926594342e-08, 9.56970769295e-09, 7.06550373764e-09, 5.22304821615e-09, 4.72969796661e-09, 4.50684778386e-09, 4.47343717624e-09, 3.73599240433e-09, 4.02517796871e-09, 8.54196979816e-09, 1.31311255203e-08, 1.18529621673e-08, 6.76499212204e-09, 1.65181290868e-08, 1.07374802383e-08, 6.97322155574e-09, 4.96794205773e-09, 2.72587064032e-09, 1.71131997462e-09, 7.76659847546e-10, 5.14069287139e-10],
        "min": [4.72088128931e-24, 1.37480406643e-23, 1.02522714048e-23, 2.01453018643e-23, 8.44792011148e-24, 1.36866073324e-23, 8.15684542581e-24, 3.20602774871e-24, 3.97536237437e-24, 3.65936205068e-24, 7.86138072921e-24, 9.28946193681e-24, 9.41144902062e-24, 1.41161484062e-23, 1.73439810592e-23, 1.36799540795e-23, 9.04097311825e-24, 5.03341851363e-24, 2.09384904604e-23, 1.64994470844e-23, 5.45811519259e-24, 7.76523830638e-24, 7.48547194179e-24, 7.70110707023e-24, 1.11018351567e-23, 1.30212899335e-23, 9.62498893449e-24, 1.28343093886e-23, 5.16954474586e-24, 1.02556406297e-23, 9.76581322785e-24, 1.11919940695e-23, 8.98258557835e-24, 9.32233298187e-24, 1.25264398543e-23, 1.40597637841e-23, 9.4625908731e-24, 9.72229887146e-24, 9.64130336687e-24, 1.16933009753e-23],
        "var": [0.000289084739052, 5.3092273447e-05, 7.81277947226e-07, 1.23156826248e-06, 8.98755115486e-06, 1.91722810996e-05, 6.53928452721e-07, 1.88049895655e-08, 1.59702473468e-08, 2.85681185375e-08, 1.16830740637e-08, 2.49951148668e-09, 3.46398110196e-09, 1.32667232755e-09, 1.79130016376e-10, 6.08748954023e-11, 3.23702072091e-11, 3.44018424858e-11, 2.69687900484e-11, 5.59519574769e-12, 4.50160742016e-12, 5.04779161178e-12, 1.9826106902e-12, 1.49265268114e-12, 4.80593993421e-12, 2.34933131976e-11, 5.68184388428e-12, 2.45167059397e-12, 1.50578323681e-12, 5.70985619897e-12, 3.18506202315e-12, 2.91083324978e-12, 4.29384219153e-12, 4.3887306983e-12, 4.58910947437e-12, 3.32301742546e-12, 3.93474445734e-12, 3.40864836357e-12, 2.59473432324e-12, 3.26364065981e-12]
    },
    "mfcc": {
        "mean": [-825.732116699, 190.798553467, 102.685424805, 34.966506958, 1.25847840309, 8.50447940826, -2.29577255249, -0.0473818182945, -1.45755529404, 0.392378747463, 2.19262099266, 2.1093275547, 1.21515130997],
        "cov": [[12136.3222656, -5194.99267578, -2447.18481445, -549.292907715, 351.029571533, 250.377227783, 59.2354774475, -71.1517028809, -91.188621521, -1.87380647659, -45.3191261292, -132.816192627, -149.414230347], [-5194.99267578, 4513.67236328, 584.728088379, -576.464660645, -379.337799072, 5.95481872559, 182.807128906, 91.1068115234, -8.93971633911, -36.7942810059, 52.7746162415, 108.281837463, 133.445373535], [-2447.18481445, 584.728088379, 1129.28076172, 374.291992188, -98.6718597412, -87.7516326904, -43.5381202698, 9.14871501923, 29.6136817932, 18.0480613708, 32.5518913269, 62.7050056458, 47.7387733459], [-549.292907715, -576.464660645, 374.291992188, 624.955566406, 195.158187866, -34.6478729248, -135.964080811, 2.01735234261, 57.8806533813, 68.6168823242, 1.97875928879, 1.93365478516, -2.77524733543], [351.029571533, -379.337799072, -98.6718597412, 195.158187866, 385.939788818, 70.350151062, 38.2233314514, -0.80311948061, 53.1383628845, 73.4803771973, 42.9587097168, 13.6108207703, 25.3174991608], [250.377227783, 5.95481872559, -87.7516326904, -34.6478729248, 70.350151062, 278.79006958, 82.2486190796, 18.0105628967, 14.7015457153, 70.4364471436, 67.4508666992, 53.2025566101, 18.6189022064], [59.2354774475, 182.807128906, -43.5381202698, -135.964080811, 38.2233314514, 82.2486190796, 167.600418091, 62.6694107056, 19.3979949951, 24.0798988342, 45.4923934937, 43.4039535522, 35.061000824], [-71.1517028809, 91.1068115234, 9.14871501923, 2.01735234261, -0.80311948061, 18.0105628967, 62.6694107056, 97.427520752, 55.5048561096, 19.4936199188, 3.73066782951, 22.2860584259, 27.9161109924], [-91.188621521, -8.93971633911, 29.6136817932, 57.8806533813, 53.1383628845, 14.7015457153, 19.3979949951, 55.5048561096, 97.8511581421, 53.4052810669, 5.74844694138, 3.98006796837, 19.4172706604], [-1.87380647659, -36.7942810059, 18.0480613708, 68.6168823242, 73.4803771973, 70.4364471436, 24.0798988342, 19.4936199188, 53.4052810669, 100.224433899, 50.2112922668, 14.5133514404, 4.80372285843], [-45.3191261292, 52.7746162415, 32.5518913269, 1.97875928879, 42.9587097168, 67.4508666992, 45.4923934937, 3.73066782951, 5.74844694138, 50.2112922668, 81.6206741333, 44.2044944763, 14.2111692429], [-132.816192627, 108.281837463, 62.7050056458, 1.93365478516, 13.6108207703, 53.2025566101, 43.4039535522, 22.2860584259, 3.98006796837, 14.5133514404, 44.2044944763, 70.9161834717, 39.0438232422], [-149.414230347, 133.445373535, 47.7387733459, -2.77524733543, 25.3174991608, 18.6189022064, 35.061000824, 27.9161109924, 19.4172706604, 4.80372285843, 14.2111692429, 39.0438232422, 60.1583747864]],
