{
"lowlevel": {
    "average_loudness": 0.0977125689387,
    "barkbands_crest": {
        "dmean": 2.59318184853,
        "dmean2": 4.35939407349,
        "dvar": 5.77500295639,
        "dvar2": 15.5367431641,
        "max": 25.2386569977,
        "mean": 10.7970561981,
        "median": 9.64841842651,
        "min": 4.25780916214,
        "var": 18.3828277588
    },
    "barkbands_flatness_db": {
        "dmean": 0.0256498605013,
        "dmean2": 0.041792538017,
        "dvar": 0.000656816584524,
        "dvar2": 0.0014347913675,
        "max": 0.45070156455,
        "mean": 0.268990069628,
        "median": 0.265110135078,
        "min": 0.0595971234143,
        "var": 0.00240875291638
    },
    "barkbands_kurtosis": {
        "dmean": 4.00973987579,
        "dmean2": 6.71419763565,
        "dvar": 57.510383606,
        "dvar2": 151.587280273,
        "max": 159.002685547,
        "mean": 8.08703708649,
        "median": 5.03256940842,
        "min": -1.43782162666,
        "var": 105.269622803
    },
    "barkbands_skewness": {
        "dmean": 0.499050140381,
        "dmean2": 0.831325829029,
        "dvar": 0.301256716251,
        "dvar2": 0.782502233982,
        "max": 10.1223363876,
        "mean": 1.9036771059,
        "median": 1.66640520096,
        "min": -1.93663132191,
        "var": 1.04427289963
    },
    "barkbands_spread": {
        "dmean": 1.7229924202,
        "dmean2": 2.88090968132,
        "dvar": 13.8588676453,
        "dvar2": 34.6957550049,
        "max": 69.5445404053,
        "mean": 5.56501865387,
        "median": 5.13968658447,
        "min": 0.635160028934,
        "var": 14.7249689102
    },
    "dissonance": {
        "dmean": 0.0289435852319,
        "dmean2": 0.0482469461858,
        "dvar": 0.000770901096985,
        "dvar2": 0.00195292464923,
        "max": 0.498370230198,
        "mean": 0.422441959381,
        "median": 0.424370259047,
        "min": 0,
        "var": 0.00131934124511
    },
    "dynamic_complexity": 4.91755628586,
    "erbbands_crest": {
        "dmean": 2.25105786324,
        "dmean2": 3.66973567009,
        "dvar": 4.42408561707,
        "dvar2": 12.5571079254,
        "max": 22.7414054871,
        "mean": 10.3244037628,
        "median": 9.86551094055,
        "min": 2.28115153313,
        "var": 10.2127561569
    },
    "erbbands_flatness_db": {
        "dmean": 0.0161818042397,
        "dmean2": 0.0260185357183,
        "dvar": 0.000300527259242,
        "dvar2": 0.000674553448334,
        "max": 0.36923635006,
        "mean": 0.244231849909,
        "median": 0.242836430669,
        "min": 0.0717773884535,
        "var": 0.0021761469543
    },
    "erbbands_kurtosis": {
        "dmean": 1.0411093235,
        "dmean2": 1.72207462788,
        "dvar": 1.7215116024,
        "dvar2": 4.57591724396,
        "max": 15.4619655609,
        "mean": 1.39648449421,
        "median": 0.85479092598,
        "min": -1.75218987465,
        "var": 4.30535411835
    },
    "erbbands_skewness": {
        "dmean": 0.341260492802,
        "dmean2": 0.553262531757,
        "dvar": 0.130363449454,
        "dvar2": 0.329489171505,
        "max": 3.57458472252,
        "mean": 0.930700838566,
        "median": 0.859676718712,
        "min": -2.37601304054,
        "var": 0.395444214344
    },
    "erbbands_spread": {
        "dmean": 4.14253330231,
        "dmean2": 6.94428777695,
        "dvar": 69.667640686,
        "dvar2": 163.128982544,
        "max": 110.758209229,
        "mean": 19.4822349548,
        "median": 17.0684223175,
        "min": 5.24599456787,
        "var": 139.778900146
    },
    "hfc": {
        "dmean": 2.73087501526,
        "dmean2": 4.53946256638,
        "dvar": 93.5952148438,
        "dvar2": 244.922134399,
        "max": 171.951263428,
        "mean": 8.12566566467,
        "median": 6.00438499451,
        "min": 1.14370716347e-16,
        "var": 133.642562866
    },
    "melbands_crest": {
        "dmean": 3.03112149239,
        "dmean2": 5.08382081985,
        "dvar": 7.0296664238,
        "dvar2": 18.3560142517,
        "max": 32.723777771,
        "mean": 14.1680335999,
        "median": 13.1337680817,
        "min": 2.29286241531,
        "var": 20.5510234833
    },
    "melbands_flatness_db": {
        "dmean": 0.0299708712846,
        "dmean2": 0.0487904474139,
        "dvar": 0.00085964705795,
        "dvar2": 0.00184843991883,
        "max": 0.57540923357,
        "mean": 0.362538009882,
        "median": 0.356120079756,
        "min": 0.00808555539697,
        "var": 0.00360428867862
    },
    "melbands_kurtosis": {
        "dmean": 5.9944896698,
        "dmean2": 10.2628660202,
        "dvar": 146.082565308,
        "dvar2": 396.952484131,
        "max": 228.566970825,
        "mean": 12.6799926758,
        "median": 7.97084569931,
        "min": -1.15959727764,
        "var": 301.545471191
    },
    "melbands_skewness": {
        "dmean": 0.565041005611,
        "dmean2": 0.952795863152,
        "dvar": 0.4585262537,
        "dvar2": 1.20606350899,
        "max": 11.529335022,
        "mean": 2.34560608864,
        "median": 2.05440711975,
        "min": -0.193199172616,
        "var": 1.57016587257
    },
    "melbands_spread": {
        "dmean": 1.81555306911,
        "dmean2": 3.01152777672,
        "dvar": 13.7395477295,
        "dvar2": 25.092634201,
        "max": 140.640930176,
        "mean": 6.20797395706,
        "median": 5.85658931732,
        "min": 0.621282935143,
        "var": 18.9935302734
    },
    "pitch_salience": {
        "dmean": 0.0696249380708,
        "dmean2": 0.115976981819,
        "dvar": 0.0040073338896,
        "dvar2": 0.0108396364376,
        "max": 0.918019831181,
        "mean": 0.553427219391,
        "median": 0.568724036217,
        "min": 0.111074663699,
        "var": 0.010298714973
    },
    "silence_rate_20dB": {
        "dmean": 0,
        "dmean2": 0,
        "dvar": 0,
        "dvar2": 0,
        "max": 1,
        "mean": 1,
        "median": 1,
        "min": 1,
        "var": 0
    },
    "silence_rate_30dB": {
        "dmean": 0.0103145949543,
        "dmean2": 0.0206398349255,
        "dvar": 0.0102085880935,
        "dvar2": 0.0243429131806,
        "max": 1,
        "mean": 0.909793794155,
        "median": 1,
        "min": 0,
        "var": 0.0820654332638
    },
    "silence_rate_60dB": {
        "dmean": 0.00515729747713,
        "dmean2": 0.0103199174628,
        "dvar": 0.00513070868328,
        "dvar2": 0.011245504953,
        "max": 1,
        "mean": 0.199484542012,
        "median": 0,
        "min": 0,
        "var": 0.159691289067
    },
    "spectral_centroid": {
        "dmean": 89.9964675903,
        "dmean2": 143.726486206,
        "dvar": 101633.601562,
        "dvar2": 173177.8125,
        "max": 11555.9541016,
        "mean": 412.733978271,
        "median": 363.299316406,
        "min": 148.87713623,
        "var": 130813.078125
    },
    "spectral_complexity": {
        "dmean": 1.87828779221,
        "dmean2": 3.05624365807,
        "dvar": 10.5916500092,
        "dvar2": 22.6926937103,
        "max": 56,
        "mean": 10.155670166,
        "median": 10,
        "min": 0,
        "var": 29.2656440735
    },
    "spectral_decrease": {
        "dmean": 2.36198727244e-09,
        "dmean2": 3.88670029494e-09,
        "dvar": 1.56846844466e-17,
        "dvar2": 4.0742963051e-17,
        "max": -6.26145524048e-29,
        "mean": -8.66271943067e-09,
        "median": -5.62775248625e-09,
        "min": -6.92400377034e-08,
        "var": 1.24563315264e-16
    },
    "spectral_energy": {
        "dmean": 0.0090221716091,
        "dmean2": 0.0148661322892,
        "dvar": 0.000227737560635,
        "dvar2": 0.000593000615481,
        "max": 0.263731062412,
        "mean": 0.0334320776165,
        "median": 0.0218080282211,
        "min": 1.06100857741e-20,
        "var": 0.0018361172406
    },
    "spectral_energyband_high": {
        "dmean": 0.000151507512783,
        "dmean2": 0.000261895998847,
        "dvar": 1.25617384583e-06,
        "dvar2": 3.33093862537e-06,
        "max": 0.0228660777211,
        "mean": 0.000120318080008,
        "median": 5.22149639437e-06,
        "min": 7.76771305139e-21,
        "var": 9.1983196171e-07
    },
    "spectral_energyband_low": {
        "dmean": 0.00758639955893,
        "dmean2": 0.0128226540983,
        "dvar": 0.000257061998127,
        "dvar2": 0.000666438892949,
        "max": 0.252955585718,
        "mean": 0.0188221409917,
        "median": 0.00694088917226,
        "min": 1.25643807506e-22,
        "var": 0.00137031939812
    },
    "spectral_energyband_middle_high": {
        "dmean": 0.000418414711021,
        "dmean2": 0.000686711922754,
        "dvar": 2.48492005994e-06,
        "dvar2": 6.54496761854e-06,
        "max": 0.0223998986185,
        "mean": 0.0010825234931,
        "median": 0.000673937494867,
        "min": 1.59518226839e-21,
        "var": 3.29549106937e-06
    },
    "spectral_energyband_middle_low": {
        "dmean": 0.00529001373798,
        "dmean2": 0.00888288207352,
        "dvar": 6.54745308566e-05,
        "dvar2": 0.000169508071849,
        "max": 0.12555244565,
        "mean": 0.0159647185355,
        "median": 0.0135295856744,
        "min": 2.26534497714e-22,
        "var": 0.000230049816309
    },
    "spectral_entropy": {
        "dmean": 0.214522510767,
        "dmean2": 0.350851297379,
        "dvar": 0.046880941838,
        "dvar2": 0.104108117521,
        "max": 9.78956508636,
        "mean": 6.42252779007,
        "median": 6.40144729614,
        "min": 5.19735336304,
        "var": 0.167806848884
    },
    "spectral_flux": {
        "dmean": 0.0202999915928,
        "dmean2": 0.0327685140073,
        "dvar": 0.000732374202926,
        "dvar2": 0.00177770992741,
        "max": 0.4404733181,
        "mean": 0.0687812715769,
        "median": 0.0609850846231,
        "min": 1.03005270979e-10,
        "var": 0.00321957515553
    },
    "spectral_kurtosis": {
        "dmean": 10.4559860229,
        "dmean2": 17.9642429352,
        "dvar": 182.157577515,
        "dvar2": 503.084991455,
        "max": 148.858535767,
        "mean": 26.8609447479,
        "median": 20.0177021027,
        "min": -1.2132127285,
        "var": 649.033203125
    },
    "spectral_rms": {
        "dmean": 0.000683451246005,
        "dmean2": 0.00113392493222,
        "dvar": 6.01530643962e-07,
        "dvar2": 1.5859125142e-06,
        "max": 0.0160405300558,
        "mean": 0.00479667587206,
        "median": 0.00461260508746,
        "min": 3.21734414284e-12,
        "var": 9.60850229603e-06
    },
    "spectral_rolloff": {
        "dmean": 97.2268218994,
        "dmean2": 169.464324951,
        "dvar": 221152.9375,
        "dvar2": 351458.34375,
        "max": 18669.2871094,
        "mean": 414.879608154,
        "median": 409.130859375,
        "min": 64.599609375,
        "var": 217354.5
    },
    "spectral_skewness": {
        "dmean": 0.746398806572,
        "dmean2": 1.25938916206,
        "dvar": 0.592666685581,
        "dvar2": 1.61582219601,
        "max": 9.6013174057,
        "mean": 3.67508244514,
        "median": 3.49980163574,
        "min": -0.0678019523621,
        "var": 1.76408433914
    },
    "spectral_spread": {
        "dmean": 417531.84375,
        "dmean2": 658740.6875,
        "dvar": 741034885120,
        "dvar2": 658549112832,
        "max": 40998016,
        "mean": 2209971,
        "median": 2065595.25,
        "min": 502517.84375,
        "var": 1.95794803098e+12
    },
    "spectral_strongpeak": {
        "dmean": 0.273418933153,
        "dmean2": 0.453604847193,
        "dvar": 0.0884196832776,
        "dvar2": 0.22476644814,
        "max": 3.76720023155,
        "mean": 0.609749495983,
        "median": 0.456543684006,
        "min": 0,
        "var": 0.318789422512
    },
    "zerocrossingrate": {
        "dmean": 0.0028712649364,
        "dmean2": 0.00411360571161,
        "dvar": 0.000137950119097,
        "dvar2": 0.000281975895632,
        "max": 0.50927734375,
        "mean": 0.0175338275731,
        "median": 0.0166015625,
        "min": 0.001953125,
        "var": 0.000271747616353
    },
    "barkbands": {
        "dmean": [0.000488341494929, 0.00411268044263, 0.00404361495748, 0.00241100625135, 0.00370592926629, 0.00107455719262, 0.000599740364123, 0.000228596574743, 0.000180744595127, 0.000180264920346, 7.36505608074e-05, 6.17950499873e-05, 4.26779624831e-05, 3.51071066689e-05, 2.76941991615e-05, 2.86171489279e-05, 2.91495398415e-05, 4.06651997764e-05, 7.31630861992e-05, 6.50406072964e-05, 7.33690540073e-05, 2.49368185905e-05, 1.31764054458e-05, 8.79684830579e-06, 3.48773551195e-06, 3.4096572108e-06, 1.6035201611e-07],
        "dmean2": [0.000859044492245, 0.00659425882623, 0.00693709542975, 0.00427636085078, 0.00620686076581, 0.0017372489674, 0.000948192435317, 0.000353479757905, 0.000303002510918, 0.000278178631561, 0.000124845508253, 0.000102230696939, 6.95004200679e-05, 5.72092394577e-05, 4.605196591e-05, 5.07276927237e-05, 5.04776362504e-05, 7.22104596207e-05, 0.000126333077787, 0.000112085210276, 0.000131031003548, 4.19735079049e-05, 2.29328634305e-05, 1.52261254698e-05, 6.03749231232e-06, 6.11379982729e-06, 2.98919985653e-07],
        "dvar": [5.90750778429e-06, 0.000163159988006, 7.94356092229e-05, 2.66473689408e-05, 2.96096586681e-05, 3.17320109389e-06, 9.61428554547e-07, 1.92242808339e-07, 2.80817289422e-07, 1.25204721257e-07, 4.28992734669e-08, 4.87735398735e-08, 1.61795323805e-08, 1.19654464115e-08, 1.267026839e-08, 1.93182447816e-08, 3.02464826518e-08, 8.12472293887e-08, 2.48499162581e-07, 2.34904476315e-07, 4.88165483148e-07, 3.41520696168e-08, 1.02750377096e-08, 4.63590899002e-09, 5.10169850809e-10, 9.10226227724e-10, 4.04336503515e-12],
        "dvar2": [1.59246228577e-05, 0.000426077225711, 0.00020314687572, 7.70776387071e-05, 7.77349996497e-05, 8.5862375272e-06, 2.42174041887e-06, 4.94526489092e-07, 8.04650710506e-07, 3.21288098348e-07, 1.17460956517e-07, 1.14448113209e-07, 4.41352625558e-08, 3.3719977921e-08, 3.35196546075e-08, 5.30361070616e-08, 8.48504484452e-08, 2.30169831639e-07, 6.59886950416e-07, 6.4937080424e-07, 1.38420841722e-06, 7.83655238479e-08, 2.1663868921e-08, 1.18631087176e-08, 1.23065002633e-09, 2.62500399195e-09, 1.21783460053e-11],
        "max": [0.0481901690364, 0.206297338009, 0.167703986168, 0.0910567417741, 0.0812813192606, 0.0202626660466, 0.015648227185, 0.00561793707311, 0.0105057070032, 0.00673235487193, 0.00524817826226, 0.0072165755555, 0.00333104957826, 0.00214309850708, 0.00210044998676, 0.00196915282868, 0.00345056410879, 0.00607657432556, 0.00724068982527, 0.0101501988247, 0.0170314852148, 0.00492563238367, 0.00277203740552, 0.00185939809307, 0.000559695414267, 0.000527437368874, 6.22440493316e-05],
        "mean": [0.000607134075835, 0.00944452919066, 0.00630702078342, 0.00335792731494, 0.00770974345505, 0.00220532459207, 0.0015906454064, 0.000601312262006, 0.000324668682879, 0.000484775286168, 0.000149742088979, 0.000130761327455, 9.10254093469e-05, 6.95250637364e-05, 4.70839513582e-05, 3.90057175537e-05, 3.44514301105e-05, 3.24773645843e-05, 5.64108777326e-05, 5.17649568792e-05, 5.02328657603e-05, 2.15174241021e-05, 1.18487787404e-05, 7.61383444114e-06, 3.12877773467e-06, 2.32942124967e-06, 1.02029012794e-07],
        "median": [9.48903107201e-06, 0.00191668025218, 0.00233043916523, 0.00161835062318, 0.00406110845506, 0.00144036673009, 0.00110802659765, 0.000323455082253, 0.00015043609892, 0.000204866359127, 8.64152170834e-05, 7.43269920349e-05, 5.75626690988e-05, 5.01311078551e-05, 3.13420823659e-05, 1.66125610122e-05, 8.72619693837e-06, 3.46725300915e-06, 2.08664278034e-06, 1.41024179356e-06, 1.27932798932e-06, 1.09668098958e-06, 8.74226827818e-07, 6.75560272612e-07, 2.73459932032e-07, 3.25881863716e-08, 3.09948816613e-10],
        "min": [1.94638506822e-23, 7.19535051564e-23, 3.07332383174e-23, 6.61883487334e-24, 4.7491736279e-23, 3.10514932056e-23, 1.00111797349e-23, 2.43585700937e-23, 5.47277238598e-23, 1.26159873999e-22, 6.74732737748e-23, 8.66918123813e-23, 6.55407033965e-23, 6.44384690744e-23, 1.85122846909e-22, 1.12274861838e-22, 1.92325096486e-22, 1.93951538346e-22, 3.59067900822e-22, 2.93021108445e-22, 5.37270064699e-22, 7.86286416636e-22, 5.94566710941e-22, 9.22729969748e-22, 1.10632680626e-21, 1.64818523939e-21, 2.25397164762e-21],
        "var": [8.45770773594e-06, 0.000668236752972, 0.000198905152502, 3.51844901161e-05, 0.000113256901386, 6.18792137175e-06, 3.13797931994e-06, 5.27420638718e-07, 5.24910717559e-07, 6.77795810589e-07, 8.07980171658e-08, 1.13775378452e-07, 1.97792608958e-08, 1.3413149702e-08, 1.28157395807e-08, 1.3703219004e-08, 2.01959107216e-08, 4.96902003988e-08, 1.84027598493e-07, 1.67533059425e-07, 2.9190741202e-07, 3.29865734727e-08, 1.0902570402e-08, 3.83387055436e-09, 5.22572929373e-10, 5.33517729995e-10, 2.38233261243e-12]
    },
    "erbbands": {
        "dmean": [0.134708896279, 1.05148112774, 3.94972968102, 8.25993442535, 5.19428253174, 15.2913217545, 19.9297447205, 5.617228508, 9.22276878357, 4.32619905472, 6.032995224, 4.63437318802, 5.57622814178, 4.32575416565, 3.16670608521, 2.3514790535, 2.05447602272, 1.81141579151, 1.46607208252, 1.2720079422, 1.74875020981, 1.64196932316, 2.1463470459, 3.12632393837, 3.77143001556, 2.96827816963, 4.23511600494, 1.46925866604, 0.920131444931, 0.622225642204, 0.347222954035, 0.255595892668, 0.10606187582, 0.0514023378491, 0.0186908580363, 0.0105933025479, 0.00746826408431, 0.00121009408031, 3.27333109453e-05, 1.0252575521e-05],
        "dmean2": [0.229843452573, 1.68747389317, 6.5959687233, 14.4167156219, 8.64366912842, 25.9323749542, 32.7461090088, 9.06517314911, 14.245059967, 7.11070251465, 9.25116348267, 7.68608236313, 8.7897901535, 6.72437572479, 5.46677112579, 3.91746330261, 3.38562226295, 2.89134120941, 2.47618508339, 2.15259838104, 3.07824850082, 2.84643435478, 3.81751346588, 5.54823446274, 6.41117572784, 5.05255079269, 7.58334827423, 2.56944346428, 1.58128631115, 1.04496765137, 0.600910782814, 0.436886072159, 0.185772433877, 0.0873042941093, 0.0326485782862, 0.0185266658664, 0.013685756363, 0.00222762185149, 5.96006757405e-05, 1.70169332705e-05],
        "dvar": [0.317793607712, 9.06877708435, 93.8969955444, 257.02557373, 165.266540527, 546.036560059, 854.478393555, 171.964553833, 191.872634888, 100.583709717, 131.126953125, 161.345932007, 173.829483032, 93.5606536865, 60.9069366455, 94.8923721313, 35.0280952454, 24.5676937103, 50.4287261963, 28.5996723175, 85.5489654541, 100.070343018, 256.779510498, 463.125091553, 714.026245117, 434.45022583, 1682.34924316, 132.31098938, 43.9104003906, 27.5613059998, 6.94877195358, 4.1254696846, 0.529237866402, 0.121692031622, 0.0130883036181, 0.0055163349025, 0.00496154045686, 0.000121231416415, 7.41900905155e-08, 3.54287321702e-10],
        "dvar2": [0.899496197701, 22.9725284576, 251.006439209, 722.812988281, 461.502655029, 1495.31054688, 2249.07568359, 480.312408447, 456.209869385, 277.049224854, 332.525390625, 470.021911621, 479.937713623, 218.023208618, 177.704544067, 217.582885742, 95.662071228, 65.5686569214, 137.810882568, 74.4223022461, 239.384063721, 279.112945557, 731.499267578, 1265.29528809, 1890.01831055, 1182.77148438, 4777.24902344, 353.940338135, 105.517814636, 57.6824760437, 14.7120504379, 10.3086137772, 1.36136186123, 0.27944239974, 0.0331129133701, 0.0150576336309, 0.0144202783704, 0.000352628296241, 2.15779593304e-07, 9.365593856e-10],
        "max": [8.45597934723, 55.6495132446, 168.889022827, 300.742095947, 222.635452271, 353.245574951, 341.360046387, 218.207962036, 260.665039062, 161.253112793, 151.881271362, 284.587890625, 245.606018066, 262.921844482, 165.933532715, 349.845977783, 151.830886841, 93.2304229736, 150.525848389, 122.433555603, 151.824951172, 196.295440674, 379.229187012, 331.624725342, 441.96762085, 356.500518799, 969.146728516, 233.845169067, 131.195800781, 166.106948853, 70.6543884277, 58.3502044678, 18.706911087, 9.57562541962, 1.96440398693, 1.30923211575, 1.31603968143, 0.181392818689, 0.00653108488768, 0.000356271222699],
        "mean": [0.260738134384, 2.1505112648, 6.79184532166, 11.3750858307, 9.10407733917, 29.0168247223, 38.5014266968, 13.270526886, 27.592130661, 10.3020391464, 16.6892585754, 9.22358608246, 10.7922153473, 13.6223773956, 7.56247806549, 5.07990550995, 4.62938594818, 3.78495264053, 2.54753875732, 2.22323513031, 2.36819291115, 1.90343487263, 1.84087002277, 2.38923168182, 2.96967697144, 2.40097022057, 2.83221912384, 1.16054010391, 0.782863378525, 0.552294075489, 0.31429451704, 0.213069051504, 0.0953631028533, 0.0449126586318, 0.0174504294991, 0.00891884695739, 0.00463127484545, 0.00074094865704, 3.37579840561e-05, 3.74092596758e-05],
        "median": [0.0359771996737, 0.513448059559, 2.31311321259, 5.9529876709, 5.41865253448, 12.2466907501, 22.3596935272, 8.18342018127, 18.9243888855, 6.66354703903, 9.11808204651, 5.43052959442, 6.18928956985, 3.8397192955, 5.11164665222, 2.84515213966, 2.83876419067, 2.75186491013, 1.6671295166, 1.51770424843, 0.886898398399, 0.494073629379, 0.250129580498, 0.128243476152, 0.0988694429398, 0.0674638450146, 0.0535831153393, 0.0504400581121, 0.040141351521, 0.032135643065, 0.0240210071206, 0.0168790481985, 0.00971789099276, 0.0041230507195, 0.00140007631853, 0.000330703012878, 2.90929892799e-05, 2.03559102374e-06, 1.04724094854e-05, 2.40846602537e-05],
        "min": [3.36413910839e-21, 1.11701767139e-20, 4.24495777924e-20, 2.21884623878e-20, 7.97056245607e-20, 2.06484766538e-19, 2.13404106513e-19, 2.2514819713e-19, 1.66224012044e-19, 2.15946394427e-19, 5.74273242192e-19, 1.15804706731e-18, 3.97754388399e-18, 3.41965026549e-18, 1.84824470927e-18, 3.88969978447e-18, 3.18874610622e-18, 3.41206419209e-18, 6.68573279589e-18, 9.98653168302e-18, 6.98712845979e-18, 1.02684017486e-17, 9.13485990689e-18, 1.30817373104e-17, 1.99885961636e-17, 1.30945652274e-17, 2.56257526288e-17, 2.08869308524e-17, 2.86645511559e-17, 1.6046761253e-17, 1.99390199207e-17, 1.94635101825e-17, 1.47499852437e-17, 1.1828909407e-17, 8.00846076981e-18, 6.17463154388e-18, 2.85945067424e-18, 1.2093276124e-18, 3.14315191085e-19, 3.50846491928e-20],
        "var": [0.782181203365, 33.4841499329, 242.889251709, 382.793365479, 218.916915894, 1925.43603516, 2321.64306641, 313.311584473, 965.709533691, 201.445587158, 399.34777832, 296.682647705, 236.03175354, 869.898681641, 123.877090454, 220.599182129, 47.3093032837, 31.1988697052, 59.9686737061, 23.6402683258, 58.1203689575, 67.1555175781, 154.246536255, 318.952148438, 533.096252441, 333.368621826, 999.190612793, 93.6606674194, 39.2059745789, 29.3890304565, 7.38792467117, 3.48590779305, 0.462045401335, 0.121170967817, 0.0140726044774, 0.0043305917643, 0.0027691712603, 6.85299019096e-05, 4.62739997431e-08, 2.41467912332e-09]
    },
    "gfcc": {
        "mean": [-124.413856506, 196.23789978, -96.1074676514, 13.2071409225, -50.1558761597, 9.82881641388, -34.6114501953, -9.51452064514, -8.96157550812, -10.7707681656, -4.61766576767, -11.7217960358, 2.15295362473],
        "cov": [[11871.2421875, -2485.43237305, 206.336074829, 1701.89624023, -1208.55236816, 380.814849854, -340.616821289, 416.372131348, -448.03717041, -119.592384338, -100.267501831, 235.39944458, 117.327667236], [-2485.43237305, 1173.92687988, -125.06729126, -597.307067871, 378.043273926, -155.023300171, 89.2994613647, -184.153625488, 187.487609863, -93.1623840332, 70.9703216553, -95.5324020386, 41.9204483032], [206.336074829, -125.06729126, 261.921356201, 75.785446167, -6.95395278931, 34.497215271, 33.9904136658, 12.8547048569, -13.6311597824, 40.2353477478, -10.3961858749, 20.9546508789, -17.1928863525], [1701.89624023, -597.307067871, 75.785446167, 489.180938721, -204.54107666, 39.9674491882, -15.0510129929, 101.867095947, -73.3687515259, 11.8883180618, 0.0450846776366, 25.045375824, 3.04404139519], [-1208.55236816, 378.043273926, -6.95395278931, -204.54107666, 274.567352295, -94.8347549438, 82.7661743164, -39.4555358887, 65.4571456909, -8.57911586761, 8.38851642609, -4.71258592606, -37.4688110352], [380.814849854, -155.023300171, 34.497215271, 39.9674491882, -94.8347549438, 145.238983154, -12.9374828339, 7.32857084274, -38.5521316528, 31.0077362061, 6.83964681625, -2.49809074402, -6.98910427094], [-340.616821289, 89.2994613647, 33.9904136658, -15.0510129929, 82.7661743164, -12.9374828339, 127.668907166, 15.6717557907, 27.8135375977, 28.6776103973, 27.2422084808, 1.29941415787, -28.5219764709], [416.372131348, -184.153625488, 12.8547048569, 101.867095947, -39.4555358887, 7.32857084274, 15.6717557907, 112.708992004, 23.1015357971, 36.7712020874, -15.0291881561, 21.6015777588, -27.1466083527], [-448.03717041, 187.487609863, -13.6311597824, -73.3687515259, 65.4571456909, -38.5521316528, 27.8135375977, 23.1015357971, 115.685096741, 12.3313732147, 16.9693241119, -20.1657943726, -1.34119057655], [-119.592384338, -93.1623840332, 40.2353477478, 11.8883180618, -8.57911586761, 31.0077362061, 28.6776103973, 36.7712020874, 12.3313732147, 109.674674988, 3.26612997055, 8.01880550385, -41.2147865295], [-100.267501831, 70.9703216553, -10.3961858749, 0.0450846776366, 8.38851642609, 6.83964681625, 27.2422084808, -15.0291881561, 16.9693241119, 3.26612997055, 68.3391342163, -0.0790276452899, 9.40383052826], [235.39944458, -95.5324020386, 20.9546508789, 25.045375824, -4.71258592606, -2.49809074402, 1.29941415787, 21.6015777588, -20.1657943726, 8.01880550385, -0.0790276452899, 59.8591156006, -3.18241262436], [117.327667236, 41.9204483032, -17.1928863525, 3.04404139519, -37.4688110352, -6.98910427094, -28.5219764709, -27.1466083527, -1.34119057655, -41.2147865295, 9.40383052826, -3.18241262436, 70.2311096191]],
        "icov": [[0.000301271677017, -0.000475834764075, -2.60015040112e-05, -0.00100191927049, 0.0008319443441, -0.000440906238509, 0.000292750366498, -0.000589232775383, 0.000407792191254, 0.000487480021548, 0.000463132630102, -0.00117451371625, 0.000287513947114], [-0.000475834764075, 0.0105884661898, 7.71735067246e-05, 0.00926033128053, -0.00487458473071, 0.00370960542932, -0.00364464009181, 0.00584490224719, -0.00726995337754, 0.00385120138526, -0.00654981052503, 0.00942635163665, -0.00393472192809], [-2.60015040112e-05, 7.71735067246e-05, 0.0049439179711, -0.00133765488863, -0.000759257178288, -0.00157177192159, -0.00150730856694, 0.00231045670807, -0.00124665896874, -0.00154209916946, 0.0024250424467, -0.00210156384856, -0.000363634870155], [-0.00100191927049, 0.00926033128053, -0.00133765488863, 0.0141020445153, -0.00238402443938, 0.00590757839382, -0.00416014902294, 0.00109415804036, -0.00312951696105, 0.00313869281672, -0.0086059672758, 0.011380193755, -0.00329272635281], [0.0008319443441, -0.00487458473071, -0.000759257178288, -0.00238402443938, 0.0151314875111, 0.00277420855127, -0.00339366961271, 0.000163608521689, 0.000531099445652, 0.00231225485913, 0.003940413706, -0.00811651814729, 0.0089427549392], [-0.000440906238509, 0.00370960542932, -0.00157177192159, 0.00590757839382, 0.00277420855127, 0.0132066775113, -0.0019266132731, 0.00119028706104, 0.000991506269202, -0.000887054717168, -0.00569681450725, 0.00660848524421, 0.000914116215426], [0.000292750366498, -0.00364464009181, -0.00150730856694, -0.00416014902294, -0.00339366961271, -0.0019266132731, 0.0149068152532, -0.00572809297591, 0.00365436053835, -0.00284701120108, -0.00367440772243, -0.00158151006326, 0.00215460220352], [-0.000589232775383, 0.00584490224719, 0.00231045670807, 0.00109415804036, 0.000163608521689, 0.00119028706104, -0.00572809297591, 0.0258588455617, -0.0154516883194, -0.00058419565903, 0.00449088262394, -0.00364900799468, 0.0044839461334], [0.000407792191254, -0.00726995337754, -0.00124665896874, -0.00312951696105, 0.000531099445652, 0.000991506269202, 0.00365436053835, -0.0154516883194, 0.0233398433775, -0.00460761785507, -0.00229304935783, 0.00246608583257, -0.00245734560303], [0.000487480021548, 0.00385120138526, -0.00154209916946, 0.00313869281672, 0.00231225485913, -0.000887054717168, -0.00284701120108, -0.00058419565903, -0.00460761785507, 0.0177085120231, -0.00336155015975, 0.000311693234835, 0.00690500531346], [0.000463132630102, -0.00654981052503, 0.0024250424467, -0.0086059672758, 0.003940413706, -0.00569681450725, -0.00367440772243, 0.00449088262394, -0.00229304935783, -0.00336155015975, 0.0257579665631, -0.0112842805684, -9.53254566411e-05], [-0.00117451371625, 0.00942635163665, -0.00210156384856, 0.011380193755, -0.00811651814729, 0.00660848524421, -0.00158151006326, -0.00364900799468, 0.00246608583257, 0.000311693234835, -0.0112842805684, 0.0337260365486, -0.00712822331116], [0.000287513947114, -0.00393472192809, -0.000363634870155, -0.00329272635281, 0.0089427549392, 0.000914116215426, 0.00215460220352, 0.0044839461334, -0.00245734560303, 0.00690500531346, -9.53254566411e-05, -0.00712822331116, 0.0273258946836]]
    },
    "melbands": {
        "dmean": [0.00110214040615, 0.00172688637394, 0.00118216720875, 0.000620127830189, 0.000754622451495, 0.000144350240589, 0.000137474213261, 4.08365485782e-05, 4.91710670758e-05, 2.80739277514e-05, 2.79493360722e-05, 1.80018832907e-05, 1.01487057691e-05, 7.68821973907e-06, 4.92303570354e-06, 4.08689993492e-06, 3.32961371896e-06, 2.5527838261e-06, 2.04284447136e-06, 1.65020821896e-06, 2.20360948333e-06, 1.67982648236e-06, 1.83028851097e-06, 1.98789985006e-06, 2.61643640442e-06, 2.89141053145e-06, 2.73556065622e-06, 1.69902966718e-06, 2.81685947812e-06, 1.5601664245e-06, 6.78120613884e-07, 5.52407982468e-07, 4.1569228415e-07, 3.07396732069e-07, 2.14105838836e-07, 1.96509972739e-07, 1.37393030286e-07, 7.82659981269e-08, 5.31443546947e-08, 4.22755057627e-08],
        "dmean2": [0.00179626315366, 0.0028479390312, 0.00206021848135, 0.00106601184234, 0.00124360388145, 0.000229306591791, 0.000214566316572, 6.692585157e-05, 7.50702165533e-05, 4.70753802801e-05, 4.41482879978e-05, 2.79774594674e-05, 1.73477874341e-05, 1.27396051539e-05, 8.17731142888e-06, 6.55906114844e-06, 5.39203210792e-06, 4.38287224824e-06, 3.4332820178e-06, 2.84520865534e-06, 3.89399974665e-06, 2.90860270979e-06, 3.17549370266e-06, 3.53536415787e-06, 4.64442155135e-06, 4.99006182508e-06, 4.6560944611e-06, 2.92202639685e-06, 5.09956589667e-06, 2.74705894299e-06, 1.18166303764e-06, 9.7576673852e-07, 6.77825312323e-07, 5.3061194194e-07, 3.55741434532e-07, 3.33064605229e-07, 2.38843966827e-07, 1.39360750495e-07, 9.06253134758e-08, 7.10630772005e-08],
        "dvar": [1.5742949472e-05, 1.75794302777e-05, 5.20181174579e-06, 1.05778963189e-06, 1.17774959563e-06, 8.44410479317e-08, 4.42069065798e-08, 9.34796506868e-09, 8.83876438706e-09, 7.1446950578e-09, 4.42698722125e-09, 1.65280644726e-09, 6.47669307074e-10, 7.39943661898e-10, 2.41109382459e-10, 1.30935220999e-10, 9.34689478593e-11, 1.56124904671e-10, 6.05600777859e-11, 4.26874577353e-11, 1.54823112664e-10, 9.97626634081e-11, 1.48931686428e-10, 2.46043685426e-10, 3.4113262215e-10, 3.99577482213e-10, 4.02438443681e-10, 1.36595429412e-10, 7.99057597867e-10, 1.73838277107e-10, 2.75506579356e-11, 1.83025313655e-11, 1.34230473958e-11, 6.45871594054e-12, 2.82619175458e-12, 2.37268126153e-12, 1.26679406982e-12, 3.19331095854e-13, 1.1158146618e-13, 9.60320419106e-14],
        "dvar2": [4.34490284533e-05, 4.66504716314e-05, 1.44182140502e-05, 2.91733363156e-06, 3.02444118461e-06, 2.31432522924e-07, 1.07373949731e-07, 2.58174033263e-08, 2.24127845172e-08, 2.13989093112e-08, 1.2157098439e-08, 3.90958554419e-09, 1.84421511396e-09, 1.7982860756e-09, 5.99133409551e-10, 3.62092744677e-10, 2.56008408916e-10, 4.33693803092e-10, 1.60104290936e-10, 1.10003894882e-10, 4.37851505053e-10, 2.77762396417e-10, 4.18821838322e-10, 7.08965275376e-10, 9.37755095798e-10, 1.05119557503e-09, 1.0978266074e-09, 3.7082173443e-10, 2.28238650202e-09, 4.78896255984e-10, 7.32120752911e-11, 4.53888107654e-11, 3.00957384014e-11, 1.31916907953e-11, 6.15801680481e-12, 6.02897506224e-12, 3.24948726781e-12, 8.68719375949e-13, 2.56892760103e-13, 2.38212336141e-13],
        "max": [0.0571400523186, 0.06611135602, 0.0431875400245, 0.0128358751535, 0.0157628431916, 0.00428376765922, 0.00375352962874, 0.00166292628273, 0.00134806963615, 0.00187114428263, 0.00122212490533, 0.00114156340715, 0.000548089505173, 0.000872235686984, 0.00034158222843, 0.000273103098152, 0.000197312605451, 0.000280830106931, 0.000160233757924, 0.000133126275614, 0.000207817050978, 0.000167659032741, 0.000263978989096, 0.000406734936405, 0.000282308756141, 0.00030654805596, 0.00039593904512, 0.00022062973585, 0.000683291989844, 0.000294082245091, 9.63728889474e-05, 7.47091471567e-05, 0.000112343244837, 7.53190979594e-05, 5.10256868438e-05, 4.44652614533e-05, 3.10005998472e-05, 1.3967383893e-05, 8.35652008391e-06, 8.97130757949e-06],
        "mean": [0.00247086607851, 0.00341441086493, 0.00182667584158, 0.00116770341992, 0.00153851008508, 0.000328529888066, 0.000410364184063, 9.92361601675e-05, 0.0001315150148, 5.03917435708e-05, 5.23019552929e-05, 5.61109445698e-05, 2.29879060498e-05, 1.70960465766e-05, 1.02723060991e-05, 9.0980583991e-06, 6.60110981698e-06, 4.08726418755e-06, 3.49424522028e-06, 2.61523973677e-06, 2.72969600701e-06, 1.93137452698e-06, 1.79200571893e-06, 1.52797542796e-06, 1.94385643226e-06, 2.22745279643e-06, 2.06568506655e-06, 1.40737427046e-06, 1.85999329005e-06, 1.13055455131e-06, 5.42123643754e-07, 4.63285346086e-07, 3.67094571629e-07, 2.7398030511e-07, 1.86127920188e-07, 1.5830097766e-07, 1.14667209061e-07, 6.8986246049e-08, 4.78239492452e-08, 3.45959847436e-08],
        "median": [0.000450148276286, 0.00114970828872, 0.000982307130471, 0.000646695552859, 0.000818340340629, 0.000187874975381, 0.000284646870568, 6.6716595029e-05, 7.23747434677e-05, 2.7024983865e-05, 2.93406628771e-05, 1.3946796571e-05, 1.51844014908e-05, 1.04392056528e-05, 5.6757985476e-06, 6.26212249699e-06, 4.77277353639e-06, 2.4753062462e-06, 2.45718547376e-06, 1.37005474699e-06, 9.07074763745e-07, 4.96811480843e-07, 3.38369716246e-07, 1.36731500788e-07, 8.83064430468e-08, 7.4641789638e-08, 5.43990594792e-08, 4.14977812113e-08, 3.37270869011e-08, 3.07992991111e-08, 2.7085574672e-08, 2.21671747624e-08, 1.954128237e-08, 1.66720930395e-08, 1.41817277921e-08, 1.17338068151e-08, 9.58833101805e-09, 7.52621698297e-09, 4.26728341552e-09, 3.11604209102e-09],
        "min": [2.42142211698e-23, 1.89258475448e-23, 4.14019683267e-24, 1.23802079194e-23, 6.84408621622e-24, 5.34555696876e-24, 2.22299859243e-24, 2.76118277337e-24, 4.44650718343e-24, 8.41509087605e-24, 2.03871918613e-23, 1.41407655996e-23, 7.24031763827e-24, 9.47427784741e-24, 7.19192969921e-24, 8.1198147172e-24, 5.54231623346e-24, 9.03311211933e-24, 1.47981801899e-23, 9.49253208876e-24, 8.91096489677e-24, 1.12197312078e-23, 9.40057615076e-24, 7.68637193738e-24, 1.01284943956e-23, 1.77470211397e-23, 1.17331479174e-23, 6.83350206945e-24, 1.64858960318e-23, 1.25385275699e-23, 1.25569845485e-23, 1.89273684686e-23, 1.04374052263e-23, 7.67292343667e-24, 1.20389261814e-23, 9.53663020222e-24, 1.32280148781e-23, 9.47611747104e-24, 1.00968247857e-23, 1.06560293488e-23],
        "var": [5.24620772921e-05, 5.67951137782e-05, 9.08147103473e-06, 2.40105350713e-06, 4.48356286142e-06, 1.86781761613e-07, 2.05884219895e-07, 1.82067303456e-08, 2.55121079817e-08, 1.21483179072e-08, 5.80977177478e-09, 1.60125299686e-08, 1.28443744529e-09, 1.70982272785e-09, 4.7367926248e-10, 1.61026636469e-10, 1.0007845247e-10, 1.89675081197e-10, 5.14932506357e-11, 3.70201438948e-11, 1.00240593603e-10, 6.75780056913e-11, 9.45049524748e-11, 1.42734712938e-10, 2.31086955127e-10, 3.0000957274e-10, 2.84811313422e-10, 1.09615191923e-10, 4.66339467042e-10, 1.12809046826e-10, 1.99938780809e-11, 1.52503374512e-11, 1.30881980601e-11, 7.05435623111e-12, 2.87222676199e-12, 1.93373702467e-12, 1.02126358585e-12, 2.43870868595e-13, 1.22456989752e-13, 8.19175998736e-14]
    },
    "mfcc": {
        "mean": [-761.901916504, 209.076644897, 23.6753425598, 11.3534564972, 8.66157054901, 12.2311601639, -6.76907539368, -1.01351082325, -1.97044229507, -0.783796608448, -4.60499191284, 0.279241621494, -1.06479907036],
        "cov": [[7020.78125, -263.666503906, -452.327941895, 964.074279785, -117.580680847, -192.832077026, -15.1767425537, 380.38293457, -73.2336273193, -139.884918213, -151.641647339, 3.70689892769, -143.817337036], [-263.666503906, 682.034484863, -87.8564224243, -195.208526611, 52.5152511597, 11.8134393692, -74.8566818237, -2.88508319855, -11.4459867477, -32.7527770996, -38.8014221191, -27.9948062897, -39.6060752869], [-452.327941895, -87.8564224243, 240.076156616, -16.8038883209, -10.1946964264, 50.0243644714, 38.7966461182, -31.781167984, 12.3855695724, 34.7860031128, 30.450012207, 2.8850107193, 22.1950130463], [964.074279785, -195.208526611, -16.8038883209, 340.569915771, -12.8269777298, -51.1145133972, 22.7493171692, 69.1302947998, -1.91940867901, 5.2144536972, -5.1324095726, 17.0910224915, -3.81539702415], [-117.580680847, 52.5152511597, -10.1946964264, -12.8269777298, 75.044303894, -7.591817379, -32.4860649109, 2.48470067978, 9.4431142807, -13.4280920029, -7.7055721283, 0.771094977856, -2.58523488045], [-192.832077026, 11.8134393692, 50.0243644714, -51.1145133972, -7.591817379, 85.8512191772, 48.0663261414, -23.3348312378, -17.4876003265, 1.17128670216, 11.8353528976, -0.961839020252, 4.50886249542], [-15.1767425537, -74.8566818237, 38.7966461182, 22.7493171692, -32.4860649109, 48.0663261414, 103.202407837, 7.26627206802, -22.6861419678, 7.33561420441, 20.5124320984, 1.22596776485, 9.24092960358], [380.38293457, -2.88508319855, -31.781167984, 69.1302947998, 2.48470067978, -23.3348312378, 7.26627206802, 79.6899642944, 11.9615802765, -9.61133861542, -7.79376935959, 12.1741571426, 0.515848040581], [-73.2336273193, -11.4459867477, 12.3855695724, -1.91940867901, 9.4431142807, -17.4876003265, -22.6861419678, 11.9615802765, 64.4813232422, 25.9105930328, 6.54475164413, 14.2773065567, 16.1882801056], [-139.884918213, -32.7527770996, 34.7860031128, 5.2144536972, -13.4280920029, 1.17128670216, 7.33561420441, -9.61133861542, 25.9105930328, 67.9889221191, 39.4142112732, 19.291185379, 19.9642353058], [-151.641647339, -38.8014221191, 30.450012207, -5.1324095726, -7.7055721283, 11.8353528976, 20.5124320984, -7.79376935959, 6.54475164413, 39.4142112732, 68.8839797974, 36.8107261658, 25.143945694], [3.70689892769, -27.9948062897, 2.8850107193, 17.0910224915, 0.771094977856, -0.961839020252, 1.22596776485, 12.1741571426, 14.2773065567, 19.291185379, 36.8107261658, 64.8173828125, 35.9906158447], [-143.817337036, -39.6060752869, 22.1950130463, -3.81539702415, -2.58523488045, 4.50886249542, 9.24092960358, 0.515848040581, 16.1882801056, 19.9642353058, 25.143945694, 35.9906158447, 55.7858543396]],
