{
"lowlevel": {
    "average_loudness": 0.964244067669,
    "barkbands_crest": {
        "dmean": 1.99828267097,
        "dmean2": 3.32265377045,
        "dvar": 3.09972476959,
        "dvar2": 7.82102441788,
        "max": 22.7125320435,
        "mean": 6.81951904297,
        "median": 6.29705238342,
        "min": 2.52002811432,
        "var": 7.29844331741
    },
    "barkbands_flatness_db": {
        "dmean": 0.0169759653509,
        "dmean2": 0.027006354183,
        "dvar": 0.000237765008933,
        "dvar2": 0.000598683953285,
        "max": 0.33985337615,
        "mean": 0.130302518606,
        "median": 0.115560531616,
        "min": 0.0504644922912,
        "var": 0.00194784172345
    },
    "barkbands_kurtosis": {
        "dmean": 1.22416436672,
        "dmean2": 1.98185539246,
        "dvar": 2.82893228531,
        "dvar2": 7.02144193649,
        "max": 18.5647392273,
        "mean": 0.838492333889,
        "median": 0.197867870331,
        "min": -1.63601529598,
        "var": 4.32967996597
    },
    "barkbands_skewness": {
        "dmean": 0.401860028505,
        "dmean2": 0.62529361248,
        "dvar": 0.16453614831,
        "dvar2": 0.377487808466,
        "max": 3.78707003593,
        "mean": 0.974686741829,
        "median": 0.845636308193,
        "min": -1.9770539999,
        "var": 0.382770448923
    },
    "barkbands_spread": {
        "dmean": 4.09252691269,
        "dmean2": 6.44388818741,
        "dvar": 12.7433948517,
        "dvar2": 31.2109088898,
        "max": 40.6068115234,
        "mean": 22.0358161926,
        "median": 21.8570556641,
        "min": 5.29657268524,
        "var": 42.4813957214
    },
    "dissonance": {
        "dmean": 0.0169006250799,
        "dmean2": 0.028632344678,
        "dvar": 0.000327829853632,
        "dvar2": 0.00085775955813,
        "max": 0.500000059605,
        "mean": 0.472434520721,
        "median": 0.477447509766,
        "min": 0.196768313646,
        "var": 0.000538096588571
    },
    "dynamic_complexity": 1.98793137074,
    "erbbands_crest": {
        "dmean": 2.22874522209,
        "dmean2": 3.63320016861,
        "dvar": 5.04889583588,
        "dvar2": 13.0773544312,
        "max": 32.5498199463,
        "mean": 7.9795255661,
        "median": 6.94975662231,
        "min": 3.02660059929,
        "var": 17.0769824982
    },
    "erbbands_flatness_db": {
        "dmean": 0.0143951391801,
        "dmean2": 0.0201206859201,
        "dvar": 0.000218413217226,
        "dvar2": 0.000373498391127,
        "max": 0.384801477194,
        "mean": 0.179225236177,
        "median": 0.171374574304,
        "min": 0.0602677874267,
        "var": 0.00138694338966
    },
    "erbbands_kurtosis": {
        "dmean": 0.478137850761,
        "dmean2": 0.765628576279,
        "dvar": 1.02846384048,
        "dvar2": 2.562520504,
        "max": 29.3211936951,
        "mean": -0.250539124012,
        "median": -0.481842875481,
        "min": -1.51042985916,
        "var": 1.48969733715
    },
    "erbbands_skewness": {
        "dmean": 0.292249321938,
        "dmean2": 0.467175334692,
        "dvar": 0.0990344807506,
        "dvar2": 0.231082037091,
        "max": 2.69137597084,
        "mean": 0.16860127449,
        "median": 0.17065346241,
        "min": -4.9912776947,
        "var": 0.259566813707
    },
    "erbbands_spread": {
        "dmean": 4.96907663345,
        "dmean2": 7.78607320786,
        "dvar": 20.1624755859,
        "dvar2": 47.1467552185,
        "max": 63.8971824646,
        "mean": 32.7498893738,
        "median": 32.0290145874,
        "min": 4.62616872787,
        "var": 73.3298339844
    },
    "hfc": {
        "dmean": 4.4521818161,
        "dmean2": 6.72757482529,
        "dvar": 32.0606231689,
        "dvar2": 72.1041717529,
        "max": 74.8737411499,
        "mean": 20.6227817535,
        "median": 18.9536418915,
        "min": 1.24216812615e-16,
        "var": 153.27583313
    },
    "melbands_crest": {
        "dmean": 3.03267765045,
        "dmean2": 4.92144393921,
        "dvar": 7.58655691147,
        "dvar2": 18.2434158325,
        "max": 24.8060245514,
        "mean": 10.8619213104,
        "median": 10.2912607193,
        "min": 1.84847593307,
        "var": 16.0367145538
    },
    "melbands_flatness_db": {
        "dmean": 0.0223337132484,
        "dmean2": 0.03419290483,
        "dvar": 0.000435088761151,
        "dvar2": 0.000984425889328,
        "max": 0.390793502331,
        "mean": 0.167822003365,
        "median": 0.148559004068,
        "min": 0.00700522353873,
        "var": 0.00379937095568
    },
    "melbands_kurtosis": {
        "dmean": 2.87803125381,
        "dmean2": 4.60530662537,
        "dvar": 14.6032419205,
        "dvar2": 35.8400611877,
        "max": 43.0000839233,
        "mean": 4.61698675156,
        "median": 2.98160982132,
        "min": -1.82583963871,
        "var": 23.5858631134
    },
    "melbands_skewness": {
        "dmean": 0.523753285408,
        "dmean2": 0.818157911301,
        "dvar": 0.281533539295,
        "dvar2": 0.652451395988,
        "max": 5.56019687653,
        "mean": 1.76174736023,
        "median": 1.59664642811,
        "min": -0.240780189633,
        "var": 0.688251435757
    },
    "melbands_spread": {
        "dmean": 6.59055280685,
        "dmean2": 10.2710475922,
        "dvar": 40.7015419006,
        "dvar2": 88.904838562,
        "max": 128.362014771,
        "mean": 27.4419651031,
        "median": 27.4868602753,
        "min": 5.33526325226,
        "var": 114.060348511
    },
    "pitch_salience": {
        "dmean": 0.0615537464619,
        "dmean2": 0.0990812852979,
        "dvar": 0.00292361923493,
        "dvar2": 0.00776332989335,
        "max": 0.925005018711,
        "mean": 0.592290699482,
        "median": 0.607556581497,
        "min": 0.249415829778,
        "var": 0.00910743698478
    },
    "silence_rate_20dB": {
        "dmean": 0,
        "dmean2": 0,
        "dvar": 0,
        "dvar2": 0,
        "max": 1,
        "mean": 1,
        "median": 1,
        "min": 1,
        "var": 0
    },
    "silence_rate_30dB": {
        "dmean": 0.00309437862597,
        "dmean2": 0.0061919502914,
        "dvar": 0.00308478227817,
        "dvar2": 0.00924947950989,
        "max": 1,
        "mean": 0.998453617096,
        "median": 1,
        "min": 0,
        "var": 0.00154399650637
    },
    "silence_rate_60dB": {
        "dmean": 0.000515729770996,
        "dmean2": 0.00103199179284,
        "dvar": 0.000515436171554,
        "dvar2": 0.00103093462531,
        "max": 1,
        "mean": 0.00103092787322,
        "median": 0,
        "min": 0,
        "var": 0.00102987512946
    },
    "spectral_centroid": {
        "dmean": 237.377044678,
        "dmean2": 364.60647583,
        "dvar": 86174.0546875,
        "dvar2": 140927.734375,
        "max": 11111.2695312,
        "mean": 1468.52526855,
        "median": 1492.04650879,
        "min": 428.297271729,
        "var": 228287.46875
    },
    "spectral_complexity": {
        "dmean": 3.39969062805,
        "dmean2": 5.40970087051,
        "dvar": 8.31935691833,
        "dvar2": 18.9250011444,
        "max": 52,
        "mean": 27.0087623596,
        "median": 29,
        "min": 0,
        "var": 105.042808533
    },
    "spectral_decrease": {
        "dmean": 2.80242629103e-09,
        "dmean2": 4.40271152868e-09,
        "dvar": 1.82052807897e-17,
        "dvar2": 4.45682366327e-17,
        "max": 9.53936633912e-29,
        "mean": -6.22062445998e-09,
        "median": -4.97367214081e-09,
        "min": -3.7144239684e-08,
        "var": 2.21139804993e-17
    },
    "spectral_energy": {
        "dmean": 0.0109291877598,
        "dmean2": 0.0171303749084,
        "dvar": 0.000274040998193,
        "dvar2": 0.00066980678821,
        "max": 0.145118907094,
        "mean": 0.0253486223519,
        "median": 0.0206721592695,
        "min": 1.09067859279e-20,
        "var": 0.000345785607351
    },
    "spectral_energyband_high": {
        "dmean": 0.000146398320794,
        "dmean2": 0.00021483899036,
        "dvar": 4.44654908449e-08,
        "dvar2": 1.0251002891e-07,
        "max": 0.0041388431564,
        "mean": 0.000604194006883,
        "median": 0.000482846924569,
        "min": 8.24846169924e-21,
        "var": 3.33059489321e-07
    },
    "spectral_energyband_low": {
        "dmean": 0.00338324089535,
        "dmean2": 0.00549945281819,
        "dvar": 2.77475210169e-05,
        "dvar2": 7.03273835825e-05,
        "max": 0.050864584744,
        "mean": 0.00512970937416,
        "median": 0.00367026450112,
        "min": 7.14451821217e-23,
        "var": 2.94445108011e-05
    },
    "spectral_energyband_middle_high": {
        "dmean": 0.00165216019377,
        "dmean2": 0.00251712510362,
        "dvar": 3.71036685465e-06,
        "dvar2": 8.94677123142e-06,
        "max": 0.0328157134354,
        "mean": 0.0070055918768,
        "median": 0.00555909750983,
        "min": 1.40438496198e-21,
        "var": 2.71934695775e-05
    },
    "spectral_energyband_middle_low": {
        "dmean": 0.00852203555405,
        "dmean2": 0.0135939829051,
        "dvar": 0.00022575071489,
        "dvar2": 0.000553355843294,
        "max": 0.131368800998,
        "mean": 0.0143508100882,
        "median": 0.00973968580365,
        "min": 1.72410321867e-22,
        "var": 0.000238247826928
    },
    "spectral_entropy": {
        "dmean": 0.102223835886,
        "dmean2": 0.154837891459,
        "dvar": 0.0134019367397,
        "dvar2": 0.0264087561518,
        "max": 9.78585147858,
        "mean": 7.59289503098,
        "median": 7.71989631653,
        "min": 5.79630565643,
        "var": 0.129342094064
    },
    "spectral_flux": {
        "dmean": 0.026926394552,
        "dmean2": 0.0422244854271,
        "dvar": 0.00108372804243,
        "dvar2": 0.00243281875737,
        "max": 0.320252627134,
        "mean": 0.0882661864161,
        "median": 0.0788040012121,
        "min": 1.04435557424e-10,
        "var": 0.00191594962962
    },
    "spectral_kurtosis": {
        "dmean": 1.94001126289,
        "dmean2": 3.41022801399,
        "dvar": 6.48242425919,
        "dvar2": 19.0624256134,
        "max": 27.3844184875,
        "mean": 4.48953485489,
        "median": 3.52464175224,
        "min": -1.22159218788,
        "var": 10.8086938858
    },
    "spectral_rms": {
        "dmean": 0.000945578794926,
        "dmean2": 0.00143012835179,
        "dvar": 1.31427555061e-06,
        "dvar2": 3.04457375933e-06,
        "max": 0.011898715049,
        "mean": 0.00472752982751,
        "median": 0.00449087563902,
        "min": 3.26201869336e-12,
        "var": 2.38082748183e-06
    },
    "spectral_rolloff": {
        "dmean": 396.549041748,
        "dmean2": 638.729980469,
        "dvar": 312666.625,
        "dvar2": 488761.5,
        "max": 19078.4179688,
        "mean": 1599.30126953,
        "median": 1636.5234375,
        "min": 150.732421875,
        "var": 662296.6875
    },
    "spectral_skewness": {
        "dmean": 0.2086892277,
        "dmean2": 0.358497589827,
        "dvar": 0.0482567064464,
        "dvar2": 0.142819032073,
        "max": 3.3206281662,
        "mean": 1.38006794453,
        "median": 1.31705212593,
        "min": 0.00235897861421,
        "var": 0.113491840661
    },
    "spectral_spread": {
        "dmean": 287384.0625,
        "dmean2": 409478.53125,
        "dvar": 590958624768,
        "dvar2": 858683342848,
        "max": 41077916,
        "mean": 3467351.25,
        "median": 3508854,
        "min": 1451429.125,
        "var": 1.74668670566e+12
    },
    "spectral_strongpeak": {
        "dmean": 0.586559832096,
        "dmean2": 1.00402903557,
        "dvar": 0.478074729443,
        "dvar2": 1.16792333126,
        "max": 6.24702501297,
        "mean": 0.954937934875,
        "median": 0.559653043747,
        "min": 0,
        "var": 0.969264626503
    },
    "zerocrossingrate": {
        "dmean": 0.00720762554556,
        "dmean2": 0.00929548405111,
        "dvar": 0.000161086834851,
        "dvar2": 0.00019237374363,
        "max": 0.51123046875,
        "mean": 0.0595295391977,
        "median": 0.06005859375,
        "min": 0.00927734375,
        "var": 0.000425169506343
    },
    "barkbands": {
        "dmean": [0.000196567139938, 0.00123714329675, 0.00140941212885, 0.00380568858236, 0.00309179187752, 0.000926520675421, 0.000941401929595, 0.000573784229346, 0.00153983768541, 0.000736094079912, 0.000813832622953, 0.000237228785409, 0.000324013730278, 0.000274781137705, 0.000276871229289, 0.000356296717655, 0.000230182413361, 0.000176520377863, 0.000137086943141, 0.000116480194265, 6.87192587066e-05, 3.6039378756e-05, 2.33843729802e-05, 1.71741539816e-05, 7.17579769116e-06, 1.9071432007e-06, 1.1058157412e-07],
        "dmean2": [0.000341064209351, 0.00204493151978, 0.00236368924379, 0.00627692881972, 0.00520039303228, 0.00152968964539, 0.00155632046517, 0.000958744203672, 0.00250661396421, 0.00119393703062, 0.00129272323102, 0.000395454990212, 0.000554298516363, 0.000467493664473, 0.000453230255516, 0.000566996808629, 0.000377648306312, 0.000296247977531, 0.000227095501032, 0.000188335237908, 0.000111302302685, 5.54220787308e-05, 3.60878548236e-05, 2.68299918389e-05, 1.06239494926e-05, 3.05282196678e-06, 1.95827013272e-07],
        "dvar": [3.55433542154e-07, 6.00674911766e-06, 5.58093734071e-06, 4.98096414958e-05, 3.91832072637e-05, 1.9980518573e-06, 1.64604000474e-06, 5.88635884924e-07, 4.40349003838e-06, 1.37235156217e-06, 1.73269381776e-06, 9.81629852959e-08, 1.98073024649e-07, 1.47717869936e-07, 9.65878541592e-08, 1.94246851493e-07, 5.6762875289e-08, 3.58109026877e-08, 3.04315825872e-08, 2.87379062769e-08, 1.09000630744e-08, 2.37947950232e-09, 8.29702861971e-10, 6.71449895684e-10, 1.41153366773e-10, 5.29621867196e-11, 2.37360288759e-13],
        "dvar2": [9.69766460912e-07, 1.56773039635e-05, 1.54133776959e-05, 0.000124121361296, 0.000100342716905, 5.00059468322e-06, 4.2382466745e-06, 1.57158854108e-06, 1.14188151201e-05, 3.33414845954e-06, 4.4626754061e-06, 2.56217219885e-07, 5.47700494735e-07, 4.00112440957e-07, 2.50907618238e-07, 4.75450207205e-07, 1.42322576835e-07, 9.59816901513e-08, 8.53876542806e-08, 7.7472421367e-08, 2.74664273547e-08, 5.91327919963e-09, 1.91804838678e-09, 1.66889913e-09, 2.97751712175e-10, 1.37795788668e-10, 6.25718227232e-13],
        "max": [0.00440988177434, 0.0190506596118, 0.0267660412937, 0.0606803447008, 0.0542304776609, 0.0130222253501, 0.0153006203473, 0.00993949733675, 0.0237031634897, 0.0198959484696, 0.0162720102817, 0.00635983375832, 0.00525614293292, 0.00443979352713, 0.00298010604456, 0.00517369247973, 0.00321961124428, 0.00186967849731, 0.00268492172472, 0.00284157088026, 0.0020811946597, 0.000890443334356, 0.000411987013649, 0.000469714635983, 0.000204631563975, 0.000176366942469, 8.03965212981e-06],
        "mean": [0.00014393129095, 0.001464699395, 0.00218369415961, 0.0037153440062, 0.00329124811105, 0.00133178348187, 0.00158282835037, 0.000940187368542, 0.00270627322607, 0.00132863875479, 0.00165041082073, 0.000434512388892, 0.000602713727858, 0.000577870523557, 0.000542221474461, 0.000773227773607, 0.00054972601356, 0.000420282303821, 0.000343547493685, 0.000323865562677, 0.000193397791008, 0.000101850397186, 7.82169299782e-05, 4.89626654598e-05, 1.67125417647e-05, 2.40413442043e-06, 8.16420353544e-08],
        "median": [2.0606439648e-06, 0.000701877404936, 0.00171943777241, 0.00137101358268, 0.00151835754514, 0.000899200560525, 0.00117062591016, 0.000656361808069, 0.00164106371813, 0.000703322992194, 0.000623533152975, 0.000308074464556, 0.000401475437684, 0.000333712727297, 0.000444467063062, 0.000620493781753, 0.000461988529423, 0.000380849232897, 0.000277986750007, 0.00024841047707, 0.000148918043124, 7.71576742409e-05, 6.70246008667e-05, 3.79544217139e-05, 1.07193027361e-05, 8.97676386558e-07, 2.0941541834e-09],
        "min": [9.69605189142e-24, 3.71371922133e-23, 2.56089067399e-23, 1.72436789728e-24, 8.58420924349e-24, 3.20021936586e-23, 2.51413725472e-23, 4.37101579805e-23, 3.70998506935e-23, 8.13761457466e-23, 9.46868608577e-23, 6.67904105317e-23, 9.8438904204e-23, 8.37482504886e-23, 8.24043659832e-23, 1.57697384409e-22, 2.3138527284e-22, 1.44026601626e-22, 2.26495067291e-22, 3.61416863541e-22, 4.39799320017e-22, 6.42419543566e-22, 8.31609088348e-22, 7.32114113962e-22, 1.1997703466e-21, 1.84367794689e-21, 2.52512553177e-21],
        "var": [2.47923793495e-07, 5.49158176e-06, 5.19841159985e-06, 4.52108033642e-05, 3.34484393534e-05, 2.37342874243e-06, 2.25393569053e-06, 9.42414828842e-07, 1.04541113615e-05, 3.17694775731e-06, 5.87479735259e-06, 2.43160883429e-07, 4.11475440387e-07, 4.09489700814e-07, 1.7590454604e-07, 4.23117626269e-07, 1.43133959796e-07, 8.78383588088e-08, 8.814713226e-08, 1.09136671256e-07, 3.97813479935e-08, 1.10878666248e-08, 4.83822537589e-09, 2.57790788716e-09, 4.07886224796e-10, 4.53072614148e-11, 1.68910770245e-13]
    },
    "erbbands": {
        "dmean": [0.0438363589346, 0.252883136272, 1.31574225426, 6.51665306091, 17.2564315796, 6.09105396271, 6.16660881042, 7.71768760681, 13.4820919037, 16.0286407471, 13.084482193, 38.5487632751, 30.2579631805, 18.2305908203, 24.4738483429, 10.4367895126, 15.4054222107, 11.7112340927, 10.1409072876, 21.6574516296, 19.9629917145, 10.7327203751, 10.2497291565, 5.33746910095, 7.88356781006, 5.47337341309, 3.24300074577, 2.34068202972, 1.42422497272, 0.828279852867, 0.742911040783, 0.437625557184, 0.254334241152, 0.115736961365, 0.0355639532208, 0.0107264425606, 0.00313338986598, 0.000571584037971, 1.60846630024e-05, 1.24722710098e-05],
        "dmean2": [0.0732879340649, 0.414476752281, 2.17431235313, 10.8293170929, 28.558971405, 10.3419713974, 10.4344491959, 12.7655754089, 22.2763767242, 26.6660003662, 21.5626564026, 62.8514328003, 49.1699867249, 28.4671993256, 39.4449005127, 17.2575473785, 26.1928710938, 19.53191185, 17.0244655609, 35.5928001404, 31.7644424438, 17.4638977051, 17.1200962067, 8.83603668213, 13.1208257675, 8.83932113647, 5.19170093536, 3.752805233, 2.25341916084, 1.27419221401, 1.1482424736, 0.685323417187, 0.391568392515, 0.174874827266, 0.0523924455047, 0.0172822847962, 0.00494365533814, 0.000962181657087, 2.58271120401e-05, 1.9382836399e-05],
        "dvar": [0.0135502023622, 0.192393198609, 4.52303504944, 108.25743866, 1382.45654297, 105.594810486, 91.5781555176, 135.377304077, 411.64541626, 416.336425781, 335.052734375, 3283.65551758, 1893.53063965, 870.612670898, 1549.8260498, 200.532012939, 477.194641113, 231.14755249, 155.806518555, 819.078186035, 584.292419434, 119.189460754, 124.946548462, 44.6430511475, 110.044830322, 85.3157730103, 28.5408687592, 11.2067909241, 3.93397760391, 1.13186752796, 0.914183497429, 0.352503091097, 0.191166356206, 0.0393245853484, 0.00464230356738, 0.00116079126019, 0.000135860755108, 7.4153863352e-06, 3.5610787652e-09, 3.5869252013e-10],
        "dvar2": [0.0351830497384, 0.499889522791, 12.41065979, 278.388641357, 3478.40551758, 280.394256592, 244.441680908, 339.422973633, 1002.20880127, 1133.69836426, 906.704956055, 8504.03125, 4837.06787109, 2083.79882812, 3948.95654297, 528.223815918, 1309.39001465, 600.531860352, 400.250579834, 2046.42077637, 1401.8425293, 302.264282227, 336.203979492, 121.817626953, 306.175476074, 231.451751709, 71.5587921143, 28.365196228, 9.85376644135, 2.68562507629, 2.21723818779, 0.881189763546, 0.485759168863, 0.0869225859642, 0.0102958818898, 0.00295535288751, 0.000348537025275, 2.01218481379e-05, 9.39661415345e-09, 8.70482796955e-10],
        "max": [0.727703213692, 4.24859571457, 22.339345932, 82.4831619263, 327.325408936, 86.4370574951, 76.2974700928, 122.836608887, 258.233947754, 310.856567383, 284.226623535, 682.358459473, 697.349121094, 643.733337402, 569.453857422, 287.80670166, 272.510803223, 203.008377075, 166.09727478, 472.630126953, 308.299804688, 131.595687866, 133.793533325, 81.5089645386, 175.908737183, 170.069778442, 118.832695007, 63.5962295532, 38.6052703857, 17.9507026672, 15.1921310425, 9.58311462402, 7.98000526428, 3.35317564011, 1.51444268227, 0.891444861889, 0.228200554848, 0.0565406046808, 0.00120929710101, 0.000177487992914],
        "mean": [0.0356792062521, 0.362873017788, 2.11481738091, 7.48840379715, 15.9573526382, 7.17586660385, 7.6250038147, 11.406370163, 20.9197025299, 25.9445438385, 25.2939300537, 67.1085281372, 55.1294822693, 42.044342041, 50.1970977783, 21.9245033264, 29.899520874, 25.9967098236, 23.4046077728, 40.500202179, 46.3891448975, 28.9470844269, 26.1540184021, 14.5142478943, 19.8945007324, 15.3252973557, 9.48472118378, 6.70730543137, 3.93543815613, 2.54433584213, 2.31595087051, 1.27489888668, 0.67732167244, 0.265771567822, 0.0771614685655, 0.0159283690155, 0.00397648196667, 0.000555295206141, 2.76042319456e-05, 3.11739677272e-05],
        "median": [0.00556526845321, 0.213506802917, 1.54476201534, 4.18909072876, 4.96679592133, 4.18755340576, 4.58192062378, 7.71009635925, 14.3331918716, 18.6320896149, 19.3269081116, 37.4103546143, 34.7721252441, 20.0588340759, 23.336025238, 16.6169433594, 20.0269203186, 18.1938781738, 18.0380802155, 32.2771759033, 36.3620147705, 25.0345535278, 23.2887001038, 12.3366069794, 16.3551139832, 11.3514328003, 6.53865623474, 5.25861930847, 3.05558204651, 1.99234735966, 1.9943048954, 1.06404423714, 0.49847188592, 0.171062886715, 0.0489795953035, 0.00773167656735, 0.00147215777542, 0.000143965589814, 1.75755594682e-05, 2.62757039309e-05],
        "min": [1.58906929057e-21, 6.70252454617e-21, 2.93059848205e-20, 1.1947130338e-20, 1.60645147333e-20, 3.56667516995e-20, 1.20388822779e-19, 2.9140259831e-19, 4.32024491516e-19, 5.93805974984e-19, 1.11427752898e-18, 6.47792227855e-19, 2.27452520691e-18, 2.40281595684e-18, 3.59898136793e-18, 2.88048422285e-18, 4.8545894254e-18, 3.5705329723e-18, 5.3516418419e-18, 3.79005967584e-18, 1.15867076149e-17, 1.37792325466e-17, 9.45659759641e-18, 9.26664632208e-18, 1.34492238781e-17, 1.8258028443e-17, 2.12532775652e-17, 1.39519561303e-17, 2.31962156362e-17, 2.12082541245e-17, 2.64167655962e-17, 1.59430311499e-17, 1.38184872297e-17, 1.34058581073e-17, 8.21237237134e-18, 6.07444342808e-18, 2.98871150022e-18, 1.53114336708e-18, 3.43210134996e-19, 4.21543744801e-20],
        "var": [0.0104461181909, 0.219651088119, 4.62001514435, 100.171821594, 1181.12902832, 93.9313659668, 93.3660202026, 164.826797485, 519.688903809, 637.442932129, 579.532531738, 7705.21240234, 4030.46166992, 3706.75195312, 4676.79296875, 502.53302002, 974.894836426, 657.424682617, 408.327758789, 1228.50915527, 1415.0501709, 319.490753174, 319.077148438, 135.051010132, 294.916473389, 289.162750244, 112.560028076, 44.1312522888, 16.6978683472, 5.87896728516, 4.43295717239, 1.47389662266, 0.563743412495, 0.116727016866, 0.0106449751183, 0.00115913001355, 0.000120718897961, 5.21839365319e-06, 2.84271850504e-09, 4.90337714876e-10]
    },
    "gfcc": {
        "mean": [6.07271671295, 116.957626343, -154.104782104, 36.9007530212, -65.148399353, 8.14690876007, -37.8666877747, 7.73360157013, -18.5942611694, -12.6183023453, -17.8095569611, -14.2617368698, -8.29242420197],
        "cov": [[3768.25219727, -1239.13928223, -71.9614944458, -12.4835758209, -758.545837402, 265.521575928, -243.278396606, -151.77494812, -442.689239502, 133.507141113, -240.585891724, 121.101196289, -129.805435181], [-1239.13928223, 1048.56738281, 46.862613678, 28.5509281158, 542.54888916, -160.429000854, 182.917068481, 58.5594978333, 224.617721558, -116.900192261, 135.162399292, -96.674118042, 69.293548584], [-71.9614944458, 46.862613678, 318.289154053, 75.9148712158, 37.1482429504, 39.8625602722, -15.7775144577, 18.4325122833, 11.8379821777, 28.7362937927, -29.1259422302, 12.3630599976, -26.285610199], [-12.4835758209, 28.5509281158, 75.9148712158, 142.301956177, 36.203037262, 46.2787818909, 13.3867731094, 24.056344986, 47.0790977478, 14.9775180817, 20.963388443, 6.54401731491, 12.3022012711], [-758.545837402, 542.54888916, 37.1482429504, 36.203037262, 389.51852417, -63.5625648499, 111.369682312, 52.4001426697, 128.690383911, -53.8215446472, 67.454864502, -43.1212615967, 29.6213970184], [265.521575928, -160.429000854, 39.8625602722, 46.2787818909, -63.5625648499, 129.893005371, 6.94448518753, 17.6938591003, -15.8502807617, 26.9177875519, -9.54601478577, 21.7227859497, 0.134397372603], [-243.278396606, 182.917068481, -15.7775144577, 13.3867731094, 111.369682312, 6.94448518753, 118.21181488, 33.1094512939, 43.796836853, -21.362285614, 35.6473655701, -10.4582281113, 20.9091453552], [-151.77494812, 58.5594978333, 18.4325122833, 24.056344986, 52.4001426697, 17.6938591003, 33.1094512939, 74.5765304565, 56.6636619568, 8.0498008728, 18.3993034363, -4.44681024551, 6.93681430817], [-442.689239502, 224.617721558, 11.8379821777, 47.0790977478, 128.690383911, -15.8502807617, 43.796836853, 56.6636619568, 136.801040649, -0.0917116627097, 43.1436843872, -26.4670696259, 19.7493209839], [133.507141113, -116.900192261, 28.7362937927, 14.9775180817, -53.8215446472, 26.9177875519, -21.362285614, 8.0498008728, -0.0917116627097, 62.9458770752, 0.529465973377, 20.1849098206, -13.550280571], [-240.585891724, 135.162399292, -29.1259422302, 20.963388443, 67.454864502, -9.54601478577, 35.6473655701, 18.3993034363, 43.1436843872, 0.529465973377, 73.568572998, 9.14987659454, 24.1355438232], [121.101196289, -96.674118042, 12.3630599976, 6.54401731491, -43.1212615967, 21.7227859497, -10.4582281113, -4.44681024551, -26.4670696259, 20.1849098206, 9.14987659454, 57.0410881042, 6.2244720459], [-129.805435181, 69.293548584, -26.285610199, 12.3022012711, 29.6213970184, 0.134397372603, 20.9091453552, 6.93681430817, 19.7493209839, -13.550280571, 24.1355438232, 6.2244720459, 51.3181228638]],
        "icov": [[0.000915987242479, -0.00144989043474, 0.00137258437462, -0.00135920976754, 0.00145651469938, -0.00165061082225, 0.000749367929529, -0.000712223758455, 0.00277635315433, -0.00189265643712, 0.00292917899787, -0.00140569312498, 0.00148278370034], [-0.00144989043474, 0.0115360496566, -0.00602649198845, 0.00442562997341, -0.00875110086054, 0.00723959226161, -0.00474089710042, 0.00507969781756, -0.00944998115301, 0.00945315510035, -0.0132964095101, 0.00861523300409, -0.0057733990252], [0.00137258437462, -0.00602649198845, 0.00833644997329, -0.00536224292591, 0.00323447794653, -0.00489450106397, 0.00342819094658, -0.00330899097025, 0.00653305184096, -0.00698413420469, 0.0111679332331, -0.00653330376372, 0.00554278353229], [-0.00135920976754, 0.00442562997341, -0.00536224292591, 0.0137368058786, -0.00385209801607, -0.000540762906894, -0.00117317237891, 0.00340617075562, -0.00923225842416, 0.00431934604421, -0.00892666261643, 0.00345358415507, -0.00473812362179], [0.00145651469938, -0.00875110086054, 0.00323447794653, -0.00385209801607, 0.0130959497765, -0.00359851564281, 0.000218681423576, -0.00410174159333, 0.0047095073387, -0.00375460111536, 0.0079317484051, -0.00551033625379, 0.00513051077724], [-0.00165061082225, 0.00723959226161, -0.00489450106397, -0.000540762906894, -0.00359851564281, 0.0176893770695, -0.00654246704653, -0.000538478314411, -0.00485174311325, 0.00395089760423, -0.00744667230174, 0.00436301808804, -0.0056752441451], [0.000749367929529, -0.00474089710042, 0.00342819094658, -0.00117317237891, 0.000218681423576, -0.00654246704653, 0.0164627581835, -0.00562198553234, 0.00498576462269, -0.00123553501908, 0.00222600088455, -0.00274773896672, 0.00131880468689], [-0.000712223758455, 0.00507969781756, -0.00330899097025, 0.00340617075562, -0.00410174159333, -0.000538478314411, -0.00562198553234, 0.0252182781696, -0.0140018509701, 0.0021607466042, -0.00535751506686, 0.00227253348567, -0.00171806744765], [0.00277635315433, -0.00944998115301, 0.00653305184096, -0.00923225842416, 0.0047095073387, -0.00485174311325, 0.00498576462269, -0.0140018509701, 0.0304209087044, -0.0142004098743, 0.00912807881832, 0.000344176805811, 0.00270617054775], [-0.00189265643712, 0.00945315510035, -0.00698413420469, 0.00431934604421, -0.00375460111536, 0.00395089760423, -0.00123553501908, 0.0021607466042, -0.0142004098743, 0.0346120931208, -0.016283756122, 0.00016479070473, 0.00244621164165], [0.00292917899787, -0.0132964095101, 0.0111679332331, -0.00892666261643, 0.0079317484051, -0.00744667230174, 0.00222600088455, -0.00535751506686, 0.00912807881832, -0.016283756122, 0.0427277758718, -0.0184912253171, 0.00281657045707], [-0.00140569312498, 0.00861523300409, -0.00653330376372, 0.00345358415507, -0.00551033625379, 0.00436301808804, -0.00274773896672, 0.00227253348567, 0.000344176805811, 0.00016479070473, -0.0184912253171, 0.0342427194118, -0.0109269460663], [0.00148278370034, -0.0057733990252, 0.00554278353229, -0.00473812362179, 0.00513051077724, -0.0056752441451, 0.00131880468689, -0.00171806744765, 0.00270617054775, 0.00244621164165, 0.00281657045707, -0.0109269460663, 0.0313609875739]]
    },
    "melbands": {
        "dmean": [0.000359371886589, 0.000547378265765, 0.00159031944349, 0.000812012702227, 0.000208661876968, 0.000185257536941, 0.00019823796174, 0.000161312884302, 0.000135557856993, 0.000233182741795, 0.00014930315956, 7.0990754466e-05, 0.000112006229756, 2.70675154752e-05, 3.4639819205e-05, 2.76426999335e-05, 2.43143294938e-05, 2.01627954084e-05, 1.99176683964e-05, 2.71238077403e-05, 2.48588294198e-05, 1.29681147882e-05, 1.18659354484e-05, 8.75382283994e-06, 4.59442162537e-06, 6.01489136898e-06, 5.23409516973e-06, 4.13812085753e-06, 2.28113185585e-06, 2.19629555431e-06, 1.32357399707e-06, 8.9690229288e-07, 6.8503914008e-07, 4.61792808437e-07, 4.87355464429e-07, 3.70514442238e-07, 3.14770119303e-07, 2.1915751347e-07, 1.66406167068e-07, 8.75302674785e-08],
        "dmean2": [0.000598892045673, 0.000894741737284, 0.0026104929857, 0.0013481748756, 0.000353280513082, 0.00030605532811, 0.000325828936184, 0.000266995397396, 0.000219017325435, 0.000380847981432, 0.000242758120294, 0.000111638808448, 0.000179558017408, 4.54368491773e-05, 5.81533895456e-05, 4.71551429655e-05, 4.08356063417e-05, 3.39605030604e-05, 3.28871356032e-05, 4.38204551756e-05, 4.02893783757e-05, 2.14780029637e-05, 1.95463671844e-05, 1.47618893607e-05, 7.62908757679e-06, 9.92895456875e-06, 8.76772173797e-06, 6.72537089486e-06, 3.67187453776e-06, 3.66371000382e-06, 2.13101657209e-06, 1.4503013972e-06, 1.08246024411e-06, 7.32745206733e-07, 7.71052498294e-07, 5.82790562476e-07, 5.07453023602e-07, 3.52936325498e-07, 2.57351757682e-07, 1.33236966349e-07],
        "dvar": [7.02180557255e-07, 7.72239502567e-07, 8.62422893988e-06, 2.84759539682e-06, 9.46635267951e-08, 8.19474479385e-08, 8.28034956157e-08, 4.03957614026e-08, 3.37210899204e-08, 1.13485157271e-07, 4.80056101537e-08, 1.37781182019e-08, 3.38549384082e-08, 1.19449528047e-09, 2.21694684832e-09, 1.28310506664e-09, 1.1261869215e-09, 7.1113920308e-10, 5.91757254309e-10, 1.19449183877e-09, 8.40791380963e-10, 1.83814852228e-10, 1.56232721205e-10, 1.0101875586e-10, 3.63285547478e-11, 6.59389418067e-11, 4.06159723909e-11, 5.40879771527e-11, 1.44351162967e-11, 1.11483383289e-11, 3.74405714765e-12, 1.95576606125e-12, 8.04153293434e-13, 3.4171201025e-13, 3.9337736085e-13, 2.25946770517e-13, 1.99924129443e-13, 1.43968333349e-13, 1.04433294152e-13, 2.18288098507e-14],
        "dvar2": [1.8424358359e-06, 2.06147501558e-06, 2.1629530238e-05, 7.23227731214e-06, 2.51900928561e-07, 2.03087267892e-07, 2.0344221241e-07, 1.09958719463e-07, 8.8182247282e-08, 2.99230720202e-07, 1.22366103028e-07, 3.30840315144e-08, 8.64066649342e-08, 3.11438319578e-09, 6.13565420693e-09, 3.47036799297e-09, 3.01606406516e-09, 1.85169768407e-09, 1.52839529921e-09, 2.91088642079e-09, 2.0633770248e-09, 4.66147009881e-10, 4.21992829569e-10, 2.73386396854e-10, 9.86485823584e-11, 1.7291131027e-10, 1.12820724985e-10, 1.47085857383e-10, 3.57013515973e-11, 3.02840773292e-11, 9.62096461526e-12, 5.23167967281e-12, 2.0091096755e-12, 8.3559222909e-13, 9.90877952606e-13, 5.86638376765e-13, 5.24444962284e-13, 3.78957309326e-13, 2.6036743833e-13, 5.24293912593e-14],
        "max": [0.00530660012737, 0.00923966709524, 0.0253685936332, 0.0149004915729, 0.00258405320346, 0.00316964555532, 0.0036908807233, 0.00300731393509, 0.00266658840701, 0.00402025040239, 0.00357494549826, 0.00261599174701, 0.00244642049074, 0.000609594862908, 0.000582170323469, 0.000402596167987, 0.000411960383644, 0.000359865574865, 0.000335166085279, 0.000535773346201, 0.000336001772666, 0.000141474578413, 0.000123213641928, 0.000101692436147, 7.28489540052e-05, 0.00015114028065, 9.12386167329e-05, 0.000127013758174, 7.66198572819e-05, 4.5889402827e-05, 3.40267470165e-05, 2.85281275865e-05, 1.64369121194e-05, 8.0853333202e-06, 7.91318052507e-06, 6.77121715853e-06, 7.29210569261e-06, 7.07635945218e-06, 6.21532262812e-06, 2.120647423e-06],
        "mean": [0.000351335533196, 0.000906217261218, 0.00169279647525, 0.000825091614388, 0.00027027525357, 0.00027111597592, 0.000322599516949, 0.000263683061348, 0.000254562241025, 0.000404779653763, 0.000261312641669, 0.000155863861437, 0.000221766385948, 5.04340532643e-05, 6.6603461164e-05, 5.4585027101e-05, 4.94361192978e-05, 4.15020076616e-05, 3.77927972295e-05, 5.58107749384e-05, 5.40737855772e-05, 3.07372756652e-05, 2.6726120268e-05, 1.93695796042e-05, 1.03104175651e-05, 1.39669409691e-05, 1.31532460728e-05, 9.78886146186e-06, 5.94208768234e-06, 5.29788985659e-06, 3.38078962159e-06, 2.19599201046e-06, 1.77237598109e-06, 1.24255757328e-06, 1.40834583817e-06, 9.7426436696e-07, 7.66494565596e-07, 5.15342776453e-07, 3.55403869889e-07, 1.70606483607e-07],
        "median": [0.000124980288092, 0.000654241710436, 0.00077565421816, 0.00034185894765, 0.000175199325895, 0.000182881223736, 0.000229442463024, 0.000189086975297, 0.000174458269612, 0.000235862229601, 0.000154429842951, 7.37022201065e-05, 8.6251180619e-05, 3.76704338123e-05, 4.27407576353e-05, 4.13252819271e-05, 2.95617828669e-05, 2.74428621196e-05, 3.03624710796e-05, 4.4838154281e-05, 4.23752135248e-05, 2.63582769549e-05, 2.25855910685e-05, 1.69280574482e-05, 7.91594538896e-06, 1.14844669952e-05, 1.11159079097e-05, 6.33567378827e-06, 3.58232205144e-06, 4.07881270803e-06, 2.53713960774e-06, 1.60437207342e-06, 1.36790492888e-06, 9.71970621322e-07, 1.19061303394e-06, 8.22741185402e-07, 5.77324669848e-07, 3.72707802399e-07, 2.28995446605e-07, 9.79653265176e-08],
        "min": [1.23041696168e-23, 1.28162681397e-23, 2.45213842792e-24, 1.91068678512e-24, 3.695041835e-24, 6.63017474885e-24, 5.94215945517e-24, 7.32069230932e-24, 9.57215655309e-24, 3.60740136058e-24, 1.20353092542e-23, 9.7403756191e-24, 1.26330678163e-23, 7.95834514509e-24, 7.13015400172e-24, 1.10394575583e-23, 6.35904917218e-24, 9.32511687201e-24, 5.22214717431e-24, 6.1486773237e-24, 1.509934204e-23, 1.73510808073e-23, 6.45674604542e-24, 7.44762633986e-24, 7.43861123744e-24, 8.67946971983e-24, 1.07462340155e-23, 1.24254861688e-23, 1.5396449145e-23, 7.13293473641e-24, 8.72557075113e-24, 1.34189547159e-23, 1.14846867089e-23, 1.17651338605e-23, 1.53525143257e-23, 1.38799666066e-23, 7.76183673816e-24, 9.71426353428e-24, 1.0288306571e-23, 1.10600247398e-23],
        "var": [5.58085673674e-07, 8.57635200191e-07, 7.74275486037e-06, 2.43317640525e-06, 1.007985162e-07, 9.91883268853e-08, 1.08254894826e-07, 6.4638769004e-08, 7.85500375855e-08, 2.49692959642e-07, 1.01202445535e-07, 5.53383365798e-08, 1.03913016858e-07, 2.68871769293e-09, 4.95656449218e-09, 2.66527178105e-09, 2.96964519642e-09, 1.78595560563e-09, 9.54098244854e-10, 2.13041606578e-09, 1.99622474106e-09, 4.33090813212e-10, 3.44697964616e-10, 2.29443283817e-10, 9.05910485516e-11, 1.64571384298e-10, 1.25431595666e-10, 1.54783352802e-10, 5.17722913151e-11, 3.06484421175e-11, 1.26062363673e-11, 6.38790756402e-12, 3.08088472269e-12, 1.47901179151e-12, 1.70428742733e-12, 8.24607417939e-13, 6.36382548221e-13, 3.40213398902e-13, 2.45245013533e-13, 4.92969651645e-14]
    },
    "mfcc": {
        "mean": [-617.758483887, 130.771209717, -23.2782001495, 22.247467041, -2.39578461647, -2.56786155701, -6.71408557892, 6.25486803055, 2.07111310959, 3.60732388496, -7.70302438736, -0.676109492779, -4.09983825684],
        "cov": [[3372.54443359, -1309.39135742, 244.929626465, -404.311248779, -511.333709717, 110.308029175, -32.2726364136, -205.385726929, -232.206512451, -73.1267623901, -220.045043945, -133.929290771, -237.41368103], [-1309.39135742, 1027.84790039, -206.994018555, 252.497161865, 297.635437012, -34.473575592, 76.4906768799, 117.473388672, 107.372970581, 20.6562614441, 102.895515442, 36.7172241211, 98.7699584961], [244.929626465, -206.994018555, 320.86831665, -2.85374164581, -21.7224407196, 47.226184845, -26.5274181366, -21.8539161682, 0.127951398492, -8.39739608765, 6.28068685532, 13.4158945084, -9.13616943359], [-404.311248779, 252.497161865, -2.85374164581, 163.072006226, 119.195991516, 8.32450389862, 14.0602045059, 44.7884941101, 46.2187652588, 16.1023483276, 39.1612892151, 28.4882125854, 47.0506744385], [-511.333709717, 297.635437012, -21.7224407196, 119.195991516, 199.433074951, 12.3208990097, 13.6318798065, 54.4356155396, 57.1461181641, 21.7244911194, 56.9648895264, 27.8933124542, 46.9328804016], [110.308029175, -34.473575592, 47.226184845, 8.32450389862, 12.3208990097, 76.4105758667, 24.5971336365, 13.547244072, 6.15767192841, 9.68470573425, 0.286404281855, 5.48232412338, -4.21655416489], [-32.2726364136, 76.4906768799, -26.5274181366, 14.0602045059, 13.6318798065, 24.5971336365, 78.8563842773, 35.8950843811, 11.7448225021, 5.45488786697, 0.337717592716, -3.5851764679, 7.22322463989], [-205.385726929, 117.473388672, -21.8539161682, 44.7884941101, 54.4356155396, 13.547244072, 35.8950843811, 82.4275131226, 40.3804588318, 22.7272491455, 21.586107254, 20.2440662384, 27.6654853821], [-232.206512451, 107.372970581, 0.127951398492, 46.2187652588, 57.1461181641, 6.15767192841, 11.7448225021, 40.3804588318, 70.0338668823, 30.8957386017, 25.3947410583, 13.2750110626, 23.7754173279], [-73.1267623901, 20.6562614441, -8.39739608765, 16.1023483276, 21.7244911194, 9.68470573425, 5.45488786697, 22.7272491455, 30.8957386017, 67.5566329956, 29.1238307953, 12.2835245132, 11.2096529007], [-220.045043945, 102.895515442, 6.28068685532, 39.1612892151, 56.9648895264, 0.286404281855, 0.337717592716, 21.586107254, 25.3947410583, 29.1238307953, 68.340637207, 30.3919944763, 18.442905426], [-133.929290771, 36.7172241211, 13.4158945084, 28.4882125854, 27.8933124542, 5.48232412338, -3.5851764679, 20.2440662384, 13.2750110626, 12.2835245132, 30.3919944763, 58.3037834167, 27.6078643799], [-237.41368103, 98.7699584961, -9.13616943359, 47.0506744385, 46.9328804016, -4.21655416489, 7.22322463989, 27.6654853821, 23.7754173279, 11.2096529007, 18.442905426, 27.6078643799, 70.804359436]],
