{
"lowlevel": {
    "average_loudness": 0.98071962595,
    "barkbands_crest": {
        "dmean": 3.38823723793,
        "dmean2": 5.62810945511,
        "dvar": 7.50347042084,
        "dvar2": 19.8147029877,
        "max": 25.6252002716,
        "mean": 13.9877347946,
        "median": 13.4934015274,
        "min": 5.36670970917,
        "var": 15.7704973221
    },
    "barkbands_flatness_db": {
        "dmean": 0.0489163808525,
        "dmean2": 0.0644304081798,
        "dvar": 0.00176395429298,
        "dvar2": 0.00309328129515,
        "max": 0.662916898727,
        "mean": 0.355529397726,
        "median": 0.347452610731,
        "min": 0.0370027013123,
        "var": 0.00824605021626
    },
    "barkbands_kurtosis": {
        "dmean": 10.3360080719,
        "dmean2": 16.3727836609,
        "dvar": 201.650344849,
        "dvar2": 484.03112793,
        "max": 237.594024658,
        "mean": 16.1517791748,
        "median": 10.9755525589,
        "min": -1.09624516964,
        "var": 263.559783936
    },
    "barkbands_skewness": {
        "dmean": 1.02531063557,
        "dmean2": 1.60072517395,
        "dvar": 0.985126137733,
        "dvar2": 2.2708697319,
        "max": 10.651597023,
        "mean": 2.58888030052,
        "median": 2.34472846985,
        "min": -1.93511879444,
        "var": 1.88905870914
    },
    "barkbands_spread": {
        "dmean": 1.27867758274,
        "dmean2": 1.95172166824,
        "dvar": 3.08830785751,
        "dvar2": 7.1832780838,
        "max": 41.8276786804,
        "mean": 3.23833537102,
        "median": 2.36977481842,
        "min": 0.129777550697,
        "var": 10.5563850403
    },
    "dissonance": {
        "dmean": 0.0382436215878,
        "dmean2": 0.0627560243011,
        "dvar": 0.00105493690353,
        "dvar2": 0.00271050632,
        "max": 0.499999880791,
        "mean": 0.413451880217,
        "median": 0.419625014067,
        "min": 0.137671381235,
        "var": 0.00229132082313
    },
    "dynamic_complexity": 1.84246253967,
    "erbbands_crest": {
        "dmean": 2.71879863739,
        "dmean2": 4.48202800751,
        "dvar": 5.2237739563,
        "dvar2": 13.6988067627,
        "max": 24.3301944733,
        "mean": 10.5339536667,
        "median": 9.93373775482,
        "min": 3.08425307274,
        "var": 10.7644557953
    },
    "erbbands_flatness_db": {
        "dmean": 0.0371787250042,
        "dmean2": 0.0476181693375,
        "dvar": 0.00114840536844,
        "dvar2": 0.00184876355343,
        "max": 0.461917936802,
        "mean": 0.261427879333,
        "median": 0.257149130106,
        "min": 0.0897491201758,
        "var": 0.00467132311314
    },
    "erbbands_kurtosis": {
        "dmean": 2.86559987068,
        "dmean2": 4.60086631775,
        "dvar": 10.8603105545,
        "dvar2": 27.9468517303,
        "max": 47.0945129395,
        "mean": 4.23553752899,
        "median": 3.38567304611,
        "min": -1.67200398445,
        "var": 17.6736049652
    },
    "erbbands_skewness": {
        "dmean": 0.527936697006,
        "dmean2": 0.829881668091,
        "dvar": 0.205687507987,
        "dvar2": 0.496075809002,
        "max": 4.81351947784,
        "mean": 1.55897378922,
        "median": 1.54151880741,
        "min": -0.911017775536,
        "var": 0.579489827156
    },
    "erbbands_spread": {
        "dmean": 6.71608448029,
        "dmean2": 10.3416156769,
        "dvar": 84.333770752,
        "dvar2": 213.736785889,
        "max": 109.115638733,
        "mean": 17.7624149323,
        "median": 15.7176465988,
        "min": 2.10278630257,
        "var": 118.510070801
    },
    "hfc": {
        "dmean": 4.13405895233,
        "dmean2": 6.05128002167,
        "dvar": 19.6832180023,
        "dvar2": 39.1896972656,
        "max": 137.033081055,
        "mean": 10.8207607269,
        "median": 8.84939670563,
        "min": 1.24460003715e-16,
        "var": 86.7426300049
    },
    "melbands_crest": {
        "dmean": 3.74388456345,
        "dmean2": 6.1975607872,
        "dvar": 9.13838577271,
        "dvar2": 23.8673686981,
        "max": 31.3304481506,
        "mean": 17.7711601257,
        "median": 17.5390853882,
        "min": 3.38505935669,
        "var": 19.8297805786
    },
    "melbands_flatness_db": {
        "dmean": 0.055399172008,
        "dmean2": 0.0715068802238,
        "dvar": 0.00227619847283,
        "dvar2": 0.00390814477578,
        "max": 0.83568751812,
        "mean": 0.480326026678,
        "median": 0.469324380159,
        "min": 0.0121038062498,
        "var": 0.0115891387686
    },
    "melbands_kurtosis": {
        "dmean": 16.3428039551,
        "dmean2": 26.4211120605,
        "dvar": 696.070861816,
        "dvar2": 1722.83422852,
        "max": 291.535125732,
        "mean": 25.9371795654,
        "median": 17.7164173126,
        "min": -1.27338719368,
        "var": 762.364257812
    },
    "melbands_skewness": {
        "dmean": 0.999447643757,
        "dmean2": 1.59966039658,
        "dvar": 1.09187734127,
        "dvar2": 2.68079638481,
        "max": 11.8011894226,
        "mean": 3.06207299232,
        "median": 2.83092284203,
        "min": -0.11968319118,
        "var": 1.91377496719
    },
    "melbands_spread": {
        "dmean": 1.13174152374,
        "dmean2": 1.7073019743,
        "dvar": 10.6159391403,
        "dvar2": 10.8452568054,
        "max": 154.41015625,
        "mean": 3.02489185333,
        "median": 2.19056487083,
        "min": 0.318657934666,
        "var": 21.7001686096
    },
    "pitch_salience": {
        "dmean": 0.103501923382,
        "dmean2": 0.170647650957,
        "dvar": 0.00738700386137,
        "dvar2": 0.0190092660487,
        "max": 0.949116289616,
        "mean": 0.506287038326,
        "median": 0.517924666405,
        "min": 0.110875733197,
        "var": 0.0149957137182
    },
    "silence_rate_20dB": {
        "dmean": 0,
        "dmean2": 0,
        "dvar": 0,
        "dvar2": 0,
        "max": 1,
        "mean": 1,
        "median": 1,
        "min": 1,
        "var": 0
    },
    "silence_rate_30dB": {
        "dmean": 0.0948453620076,
        "dmean2": 0.189788550138,
        "dvar": 0.0858509242535,
        "dvar2": 0.199152216315,
        "max": 1,
        "mean": 0.909325063229,
        "median": 1,
        "min": 0,
        "var": 0.0824543014169
    },
    "silence_rate_60dB": {
        "dmean": 0.000515463936608,
        "dmean2": 0.00103145954199,
        "dvar": 0.000515170977451,
        "dvar2": 0.00103040458634,
        "max": 1,
        "mean": 0.00154559500515,
        "median": 0,
        "min": 0,
        "var": 0.00154320150614
    },
    "spectral_centroid": {
        "dmean": 50.8180160522,
        "dmean2": 73.8944854736,
        "dvar": 50193.6875,
        "dvar2": 44425.4804688,
        "max": 10933.9287109,
        "mean": 275.513671875,
        "median": 240.235778809,
        "min": 94.2875442505,
        "var": 80555.2109375
    },
    "spectral_complexity": {
        "dmean": 1.95412373543,
        "dmean2": 2.93965959549,
        "dvar": 3.42620873451,
        "dvar2": 6.68897914886,
        "max": 42,
        "mean": 8.92323589325,
        "median": 8,
        "min": 0,
        "var": 13.6854839325
    },
    "spectral_decrease": {
        "dmean": 6.33025987185e-09,
        "dmean2": 1.0033172515e-08,
        "dvar": 3.74544105729e-17,
        "dvar2": 9.27907586884e-17,
        "max": 1.2554368064e-30,
        "mean": -1.58575446108e-08,
        "median": -1.49681103068e-08,
        "min": -5.64573170436e-08,
        "var": 7.84269460224e-17
    },
    "spectral_energy": {
        "dmean": 0.0242089554667,
        "dmean2": 0.0383227467537,
        "dvar": 0.00054623367032,
        "dvar2": 0.00135138840415,
        "max": 0.215138018131,
        "mean": 0.0608313605189,
        "median": 0.0574202984571,
        "min": 1.12841539628e-20,
        "var": 0.00115263275802
    },
    "spectral_energyband_high": {
        "dmean": 7.12853725418e-05,
        "dmean2": 0.000114442555059,
        "dvar": 2.07066683799e-08,
        "dvar2": 4.40112124522e-08,
        "max": 0.00510666240007,
        "mean": 6.60953737679e-05,
        "median": 3.13481405101e-06,
        "min": 8.01167478655e-21,
        "var": 6.04598895393e-08
    },
    "spectral_energyband_low": {
        "dmean": 0.0203448198736,
        "dmean2": 0.0329423733056,
        "dvar": 0.000450441089924,
        "dvar2": 0.00117355480324,
        "max": 0.200491905212,
        "mean": 0.0408207587898,
        "median": 0.0355939045548,
        "min": 2.28978022767e-22,
        "var": 0.000821395020466
    },
    "spectral_energyband_middle_high": {
        "dmean": 0.000430308951763,
        "dmean2": 0.000577049795538,
        "dvar": 8.94544200492e-07,
        "dvar2": 1.45507101479e-06,
        "max": 0.053253736347,
        "mean": 0.000954281887971,
        "median": 0.000314429606078,
        "min": 1.64037730872e-21,
        "var": 9.36564174481e-06
    },
    "spectral_energyband_middle_low": {
        "dmean": 0.0118215158582,
        "dmean2": 0.0182876363397,
        "dvar": 0.000169120306964,
        "dvar2": 0.000389317778172,
        "max": 0.124786190689,
        "mean": 0.0240784958005,
        "median": 0.0192894246429,
        "min": 3.77861016209e-22,
        "var": 0.000364272447769
    },
    "spectral_entropy": {
        "dmean": 0.372389286757,
        "dmean2": 0.502491593361,
        "dvar": 0.110927812755,
        "dvar2": 0.214152038097,
        "max": 9.80175209045,
        "mean": 5.8360543251,
        "median": 5.8204498291,
        "min": 4.00754976273,
        "var": 0.388341069221
    },
    "spectral_flux": {
        "dmean": 0.0448690243065,
        "dmean2": 0.0716548264027,
        "dvar": 0.0014579888666,
        "dvar2": 0.00345734041184,
        "max": 0.329439967871,
        "mean": 0.116987749934,
        "median": 0.109407998621,
        "min": 1.06226895336e-10,
        "var": 0.00267779431306
    },
    "spectral_kurtosis": {
        "dmean": 29.9429531097,
        "dmean2": 43.4555397034,
        "dvar": 1112.08789062,
        "dvar2": 2316.29785156,
        "max": 339.336212158,
        "mean": 57.8953437805,
        "median": 35.5737686157,
        "min": -1.19708800316,
        "var": 3212.98095703
    },
    "spectral_rms": {
        "dmean": 0.00155286164954,
        "dmean2": 0.00240315450355,
        "dvar": 1.79985227078e-06,
        "dvar2": 4.29698457083e-06,
        "max": 0.0144876064733,
        "mean": 0.00737786665559,
        "median": 0.00748463766649,
        "min": 3.31797089803e-12,
        "var": 4.91480159326e-06
    },
    "spectral_rolloff": {
        "dmean": 67.4850769043,
        "dmean2": 104.944511414,
        "dvar": 158164.515625,
        "dvar2": 142158.796875,
        "max": 19056.8847656,
        "mean": 257.844299316,
        "median": 215.33203125,
        "min": 86.1328125,
        "var": 212055.015625
    },
    "spectral_skewness": {
        "dmean": 1.57287085056,
        "dmean2": 2.25516891479,
        "dvar": 2.13041567802,
        "dvar2": 4.31151723862,
        "max": 15.3554611206,
        "mean": 5.42883300781,
        "median": 4.66919755936,
        "min": 0.0100811114535,
        "var": 7.28885650635
    },
    "spectral_spread": {
        "dmean": 1226790.125,
        "dmean2": 1692774,
        "dvar": 2.8121848873e+12,
        "dvar2": 5.21957697126e+12,
        "max": 41272976,
        "mean": 2423139,
        "median": 1686991.375,
        "min": 261465.6875,
        "var": 5.11509843149e+12
    },
    "spectral_strongpeak": {
        "dmean": 0.288766443729,
        "dmean2": 0.483283638954,
        "dvar": 0.0971361845732,
        "dvar2": 0.244086399674,
        "max": 3.37091112137,
        "mean": 0.672646522522,
        "median": 0.612631559372,
        "min": 2.64743094114e-09,
        "var": 0.147601306438
    },
    "zerocrossingrate": {
        "dmean": 0.00397521350533,
        "dmean2": 0.00512027973309,
        "dvar": 0.000137564114993,
        "dvar2": 0.000149545216118,
        "max": 0.4912109375,
        "mean": 0.012339101173,
        "median": 0.009765625,
        "min": 0.00341796875,
        "var": 0.000183645213838
    },
    "barkbands": {
        "dmean": [0.000181986717507, 0.0150241842493, 0.00759091973305, 0.00605752691627, 0.00598845863715, 0.00194146763533, 0.000948228640482, 0.000294253521133, 0.000224932926358, 0.000239240049268, 9.08469810383e-05, 4.20333090005e-05, 5.19573804922e-05, 3.10266077577e-05, 5.32438934897e-05, 2.89431554847e-05, 2.82427045022e-05, 1.83313568414e-05, 1.29392128656e-05, 4.66261099064e-06, 2.5596168598e-06, 5.06997650973e-07, 3.76172465621e-06, 3.58107063221e-05, 2.32494330703e-05, 4.22929269916e-06, 5.13348048514e-08],
        "dmean2": [0.000305022171233, 0.0244982801378, 0.0125720296055, 0.00995775684714, 0.00940840318799, 0.00305826892145, 0.00149644480553, 0.000441519892775, 0.000351443712134, 0.000340667553246, 0.000134800575324, 6.35939359199e-05, 7.34498389647e-05, 4.66269484605e-05, 7.57213565521e-05, 4.4350304961e-05, 4.58013746538e-05, 3.12100273732e-05, 2.3222533855e-05, 6.365889476e-06, 3.45566627402e-06, 6.98210783412e-07, 6.23599589744e-06, 5.88699695072e-05, 3.80334204237e-05, 7.01268936609e-06, 9.17445106552e-08],
        "dvar": [1.32000778308e-07, 0.000347559165675, 7.97557077021e-05, 7.232043572e-05, 6.89828302711e-05, 8.19318211143e-06, 5.80095502301e-06, 3.666651196e-07, 1.7868563873e-07, 2.53249140769e-07, 5.48297300895e-08, 5.30523491804e-09, 3.98850446004e-08, 7.44177652834e-09, 8.15910965457e-08, 6.07723471546e-09, 4.99610344207e-08, 3.90562995278e-08, 1.74076983939e-08, 1.06805786437e-09, 3.49995310511e-10, 5.48459541672e-12, 9.28201265848e-11, 4.94881913227e-09, 2.08991002282e-09, 1.07622764867e-10, 2.44313965082e-14],
        "dvar2": [3.18546028666e-07, 0.000923021521885, 0.000202636379981, 0.000187975354493, 0.000168756989297, 1.90970567928e-05, 1.52702814376e-05, 6.42641339255e-07, 4.35213308947e-07, 4.59738572545e-07, 8.41215310743e-08, 1.19418013256e-08, 7.58549631996e-08, 1.54683945652e-08, 1.74262481778e-07, 1.41643328178e-08, 1.63546673093e-07, 1.30487435968e-07, 5.30844133095e-08, 1.56821344799e-09, 5.36529209949e-10, 7.31409811189e-12, 2.14146977928e-10, 1.19003367161e-08, 4.7873385256e-09, 2.43391029553e-10, 6.49784249302e-14],
        "max": [0.00279571791179, 0.177873790264, 0.106169342995, 0.0899811387062, 0.0973228216171, 0.0334128551185, 0.0458336248994, 0.0209463033825, 0.00836554635316, 0.0161900743842, 0.0100614344701, 0.000855008605868, 0.0086066192016, 0.00285234441981, 0.0135813895613, 0.00196558563039, 0.00731731764972, 0.00719240214676, 0.00450073741376, 0.00199385173619, 0.000908210640773, 0.000105378188891, 0.000297385762678, 0.00138206151314, 0.000821213063318, 0.000264465284999, 2.07915763895e-06],
        "mean": [0.000138580639032, 0.0236444920301, 0.0120149962604, 0.00914533250034, 0.0096142096445, 0.0029535794165, 0.00141504220665, 0.000440892705228, 0.000372520647943, 0.000414831651142, 0.000136616014061, 5.76900383749e-05, 0.000147415266838, 4.71192288387e-05, 9.19114245335e-05, 4.57901733171e-05, 3.56995187758e-05, 2.41163870669e-05, 2.13854891626e-05, 1.00986226244e-05, 5.03439241584e-06, 7.43965983929e-07, 3.11937083097e-06, 2.84966336039e-05, 1.8360264221e-05, 3.39875305144e-06, 3.77875366553e-08],
        "median": [1.76552348421e-05, 0.0156806446612, 0.00763956923038, 0.00505408179015, 0.00576272699982, 0.00135636574123, 0.000470681785373, 0.000174710919964, 0.000160917887115, 0.00014198316785, 4.17971823481e-05, 2.20490346692e-05, 1.28371611936e-05, 1.14155291158e-05, 9.23720381252e-06, 8.80832158145e-06, 5.18570413988e-06, 2.73903424386e-06, 1.7249785742e-06, 1.08681308575e-06, 4.41614986357e-07, 1.00398615643e-07, 1.72880319838e-07, 4.92672597829e-07, 2.06801601621e-07, 6.71871305258e-08, 7.25893833931e-09],
        "min": [8.74884672322e-23, 5.36345898371e-23, 9.39522925154e-23, 9.26201147058e-23, 9.33208440707e-23, 1.80554767977e-23, 1.76652020643e-23, 7.97402880429e-23, 7.33478136509e-23, 1.47608197374e-23, 3.38498352719e-23, 1.50563671066e-22, 1.1974216868e-22, 1.18629256337e-22, 1.39295544031e-22, 2.23366886703e-22, 1.50594531305e-22, 3.11430622862e-22, 1.97924178756e-22, 2.71569897839e-22, 3.86475856921e-22, 3.8857238415e-22, 7.19375613308e-22, 1.07871359486e-21, 1.17509649404e-21, 1.83940593061e-21, 2.5726997261e-21],
        "var": [1.10965771682e-07, 0.000591643154621, 0.000144368415931, 0.000127255887492, 0.000130444517708, 1.80451970664e-05, 1.06555362436e-05, 9.54481038207e-07, 4.78082768041e-07, 1.20043785046e-06, 1.84784610724e-07, 8.50171932854e-09, 5.00677117543e-07, 2.46152094263e-08, 4.50691373999e-07, 1.85104696016e-08, 7.79664688366e-08, 5.08927939791e-08, 3.66821275577e-08, 8.76617356482e-09, 2.21017049107e-09, 2.41923772681e-11, 1.43716399892e-10, 6.53832366027e-09, 2.77647815849e-09, 1.70911507169e-10, 1.73847600134e-14]
    },
    "erbbands": {
        "dmean": [0.306155115366, 3.8227186203, 8.90227127075, 14.5314731598, 18.6415672302, 21.0371246338, 18.0668506622, 16.0175800323, 17.3285484314, 7.08013534546, 5.72234582901, 5.43933200836, 7.4445309639, 6.81599760056, 2.18805217743, 1.55408430099, 2.55326652527, 1.58394360542, 2.606361866, 2.08302569389, 1.43456113338, 1.60171473026, 1.06934320927, 0.354583114386, 0.701479911804, 0.246797680855, 0.165434777737, 0.0680479481816, 0.0224707722664, 0.0248051378876, 0.143403336406, 0.546323895454, 0.666521370411, 0.340591996908, 0.122236698866, 0.0323020890355, 0.00536410976201, 0.000413169560488, 1.93200176e-05, 2.66128608928e-05],
        "dmean2": [0.509416401386, 6.24886608124, 14.6069364548, 24.4839897156, 29.5159263611, 33.57654953, 29.0920944214, 25.401720047, 27.3771400452, 10.9178371429, 8.68300533295, 8.5374956131, 11.2357702255, 8.91903686523, 3.22741484642, 2.27601981163, 3.47029590607, 2.38270115852, 3.75296854973, 2.99965143204, 2.18538188934, 2.60060071945, 1.76583743095, 0.548271775246, 1.26967084408, 0.373062103987, 0.216370537877, 0.090075366199, 0.0305888205767, 0.0367954336107, 0.234896555543, 0.898948013783, 1.10347783566, 0.560172080994, 0.199794977903, 0.0530833303928, 0.00897300057113, 0.000706590362824, 3.07973568852e-05, 4.19266434619e-05],
        "dvar": [0.262076675892, 20.3710861206, 90.4081115723, 368.478393555, 547.394042969, 974.853942871, 755.60736084, 699.157897949, 1676.14221191, 215.430511475, 98.3391418457, 125.491882324, 206.741119385, 282.281951904, 22.0684585571, 7.38929367065, 105.281829834, 17.8855381012, 341.993164062, 44.071849823, 18.4833488464, 161.052597046, 125.986701965, 2.2735543251, 62.5736160278, 5.09603404999, 1.97686386108, 0.203956112266, 0.0143239228055, 0.0162899103016, 0.117324262857, 1.33083367348, 1.70269203186, 0.440459430218, 0.0620771273971, 0.00545164570212, 0.000176742556505, 1.30298656131e-06, 8.17101108996e-10, 6.58454402114e-10],
        "dvar2": [0.693173229694, 54.1275215149, 237.170822144, 993.745727539, 1332.06213379, 2555.27636719, 1738.64904785, 1689.54785156, 4151.15771484, 540.072937012, 208.578369141, 320.287841797, 450.956329346, 396.502868652, 51.9243812561, 15.9711875916, 171.499725342, 39.0980758667, 738.674682617, 91.7865829468, 42.51197052, 518.133605957, 405.757965088, 3.84071874619, 197.216369629, 11.474190712, 3.06144976616, 0.247952476144, 0.0210663918406, 0.0252551026642, 0.283464968204, 3.14562535286, 4.14867734909, 1.02927696705, 0.138290092349, 0.0120324864984, 0.000422716722824, 3.26946519635e-06, 1.94801352826e-09, 1.62203006582e-09],
        "max": [3.8672940731, 44.4748802185, 92.948425293, 200.355499268, 271.64352417, 316.148956299, 355.136108398, 314.784637451, 758.44152832, 323.946044922, 194.424194336, 207.599822998, 225.106079102, 914.684509277, 103.597587585, 31.4804763794, 362.539154053, 144.571868896, 806.227661133, 188.159896851, 118.37828064, 419.962005615, 437.542266846, 80.6331634521, 262.256011963, 123.931991577, 78.2045288086, 25.4829540253, 5.27329206467, 6.74903011322, 10.4466428757, 30.5270366669, 22.9224033356, 11.4739875793, 5.17201709747, 1.94815051556, 0.335778087378, 0.0235442202538, 0.00058946502395, 0.00023715304269],
        "mean": [0.374766230583, 6.33957910538, 15.5308666229, 23.2030982971, 30.1820373535, 31.9199123383, 27.2029647827, 23.9982185364, 26.5955924988, 11.1817598343, 8.6610622406, 9.14665699005, 11.5803394318, 12.7811412811, 3.39090657234, 2.44122743607, 6.83878421783, 3.13870191574, 4.99625825882, 3.11145043373, 2.19765043259, 2.24475169182, 1.63459646702, 0.639737427235, 1.09892904758, 0.508251786232, 0.362373501062, 0.137793526053, 0.0352295786142, 0.0276193190366, 0.121685273945, 0.443978488445, 0.518492341042, 0.267105817795, 0.097314953804, 0.0259275790304, 0.00423764949664, 0.000323421991197, 3.6476936657e-05, 6.71220113873e-05],
        "median": [0.194264411926, 4.44141626358, 12.093132019, 16.2867946625, 19.8678970337, 18.3309020996, 12.9402675629, 9.77095794678, 8.37076854706, 5.0626373291, 4.16005754471, 3.93329930305, 4.63661050797, 3.43211221695, 1.4523704052, 0.885306656361, 0.728653788567, 0.672434866428, 0.608639955521, 0.627960205078, 0.432728827, 0.338838845491, 0.185274973512, 0.110632717609, 0.0725415274501, 0.0544652156532, 0.0275104809552, 0.0119282808155, 0.00434638326988, 0.00286033493467, 0.00583278574049, 0.0101439571008, 0.00796099659055, 0.00323380390182, 0.000983805861324, 0.00032232113881, 0.000109637061541, 4.04625134252e-05, 2.93035245704e-05, 6.32393857813e-05],
        "min": [9.92894414102e-22, 1.58116705001e-20, 9.59359938536e-20, 2.25817748137e-19, 2.04680194484e-19, 3.70670618478e-19, 4.27233332161e-19, 1.12842143857e-19, 2.25573962501e-19, 5.7874172356e-19, 2.05774536339e-18, 1.94608301174e-18, 5.23258842467e-19, 1.17007096469e-18, 1.53242301549e-18, 7.48114305548e-18, 5.57396028e-18, 7.23211454181e-18, 6.84977884138e-18, 8.87762824308e-18, 1.11284040606e-17, 9.51024687657e-18, 1.62369085692e-17, 1.22424302301e-17, 1.32187448897e-17, 1.02703530676e-17, 1.24290603743e-17, 1.72297139014e-17, 1.27965155091e-17, 1.9776335001e-17, 1.95759438801e-17, 1.67338290504e-17, 2.09036746424e-17, 1.04729883295e-17, 1.02967318574e-17, 8.01758374479e-18, 3.3785069222e-18, 1.00826285635e-18, 3.29288685287e-19, 4.39023525173e-20],
        "var": [0.256352871656, 37.6802749634, 155.345565796, 557.181213379, 995.892700195, 1594.65966797, 1500.10766602, 1476.96130371, 3289.81103516, 393.199859619, 210.127502441, 322.673248291, 416.46975708, 2190.66723633, 42.4114189148, 15.2958555222, 954.329589844, 112.256729126, 1760.55639648, 113.983856201, 57.1509284973, 310.916595459, 221.358337402, 12.7477264404, 117.337623596, 22.8510875702, 13.7546663284, 1.42994558811, 0.0657408237457, 0.0500969849527, 0.218822956085, 1.99489235878, 1.8887346983, 0.542100965977, 0.0913297832012, 0.00877560582012, 0.000240049805143, 1.3220691244e-06, 1.22408161385e-09, 1.41237455065e-09]
    },
    "gfcc": {
        "mean": [-113.950119019, 197.411193848, -48.7502288818, 9.58445072174, -26.7594032288, 5.50598812103, -37.399105072, 7.69702863693, -17.8844566345, -14.9286251068, -5.46037006378, -16.521938324, 3.08825159073],
        "cov": [[7309.56201172, -2406.42626953, -1066.54431152, 459.615356445, -1062.09741211, 740.466918945, -1028.21044922, 695.403808594, -623.853881836, 348.048950195, 65.323135376, -66.8066711426, -17.4723472595], [-2406.42626953, 1857.28210449, 118.114196777, -382.036865234, 688.301696777, -540.701599121, 558.073120117, -444.458496094, 398.835235596, -222.444473267, 0.757112145424, 9.86664295197, 78.3254623413], [-1066.54431152, 118.114196777, 827.671142578, -87.6149215698, 13.1810045242, 126.032524109, 26.476348877, 25.1295108795, 47.2111244202, -46.6507263184, -26.3796024323, 49.9902114868, -16.4729423523], [459.615356445, -382.036865234, -87.6149215698, 305.36328125, -76.5100021362, 55.5533752441, -3.16210889816, 70.8310699463, -45.8587913513, 67.1470184326, 53.5883369446, -19.8094558716, -9.61399745941], [-1062.09741211, 688.301696777, 13.1810045242, -76.5100021362, 425.511962891, -216.708572388, 288.278503418, -162.822998047, 169.733306885, -63.2613754272, -2.92671394348, 18.2931461334, 23.759469986], [740.466918945, -540.701599121, 126.032524109, 55.5533752441, -216.708572388, 321.820617676, -170.339752197, 168.551239014, -121.721763611, 21.1595859528, 5.94287729263, -10.0285196304, -14.4344797134], [-1028.21044922, 558.073120117, 26.476348877, -3.16210889816, 288.278503418, -170.339752197, 392.86517334, -133.555496216, 135.478134155, -59.7612304688, 10.0573644638, -11.7638711929, 2.79482722282], [695.403808594, -444.458496094, 25.1295108795, 70.8310699463, -162.822998047, 168.551239014, -133.555496216, 193.003463745, -76.8455276489, 46.906703949, 0.09358356148, 4.83668851852, -8.39083957672], [-623.853881836, 398.835235596, 47.2111244202, -45.8587913513, 169.733306885, -121.721763611, 135.478134155, -76.8455276489, 177.227416992, -20.1746616364, 13.1435031891, 19.8617343903, 26.7627353668], [348.048950195, -222.444473267, -46.6507263184, 67.1470184326, -63.2613754272, 21.1595859528, -59.7612304688, 46.906703949, -20.1746616364, 126.053207397, 20.3461933136, 14.7859315872, -3.97662734985], [65.323135376, 0.757112145424, -26.3796024323, 53.5883369446, -2.92671394348, 5.94287729263, 10.0573644638, 0.09358356148, 13.1435031891, 20.3461933136, 87.9071731567, 5.12475967407, -3.23248434067], [-66.8066711426, 9.86664295197, 49.9902114868, -19.8094558716, 18.2931461334, -10.0285196304, -11.7638711929, 4.83668851852, 19.8617343903, 14.7859315872, 5.12475967407, 67.6538238525, 19.132226944], [-17.4723472595, 78.3254623413, -16.4729423523, -9.61399745941, 23.759469986, -14.4344797134, 2.79482722282, -8.39083957672, 26.7627353668, -3.97662734985, -3.23248434067, 19.132226944, 68.1351013184]],
        "icov": [[0.000628264271654, -0.0012278042268, 0.00103078386746, -0.00114660768304, 0.000677251664456, -0.00141220365185, 0.00110551214311, -0.00148608861491, 0.00110406882595, -0.0010876157321, 0.000696377130225, -0.000709665589966, 0.000631435133982], [-0.0012278042268, 0.0120537588373, -0.0036137693096, 0.00997124426067, -0.00537117756903, 0.00911344587803, -0.00545185338706, 0.00751038081944, -0.00728530762717, 0.00741409603506, -0.00787041801959, 0.00725926132873, -0.00780338142067], [0.00103078386746, -0.0036137693096, 0.00363303977065, -0.00292770913802, 0.00193620903883, -0.00479709217325, 0.00200309208594, -0.00281458930112, 0.00160844856873, -0.00221127225086, 0.00291341706179, -0.00379866408184, 0.00320764095522], [-0.00114660768304, 0.00997124426067, -0.00292770913802, 0.0132246669382, -0.00399759598076, 0.00777490483597, -0.00605196552351, 0.00474027683958, -0.00504866382107, 0.00424073915929, -0.00906961411238, 0.00752392085269, -0.00703767314553], [0.000677251664456, -0.00537117756903, 0.00193620903883, -0.00399759598076, 0.00923717860132, -0.00319968024269, -0.000664338935167, -0.002201493131, 0.000904356944375, -0.0026499486994, 0.00404847832397, -0.00497383624315, 0.0031882210169], [-0.00141220365185, 0.00911344587803, -0.00479709217325, 0.00777490483597, -0.00319968024269, 0.0157033298165, -0.00407807901502, 0.00115437456407, -0.00311370426789, 0.00712879700586, -0.00778357218951, 0.00741310883313, -0.00696113519371], [0.00110551214311, -0.00545185338706, 0.00200309208594, -0.00605196552351, -0.000664338935167, -0.00407807901502, 0.00918161869049, -0.00342937139794, 0.00239472719841, -0.00254685035907, 0.00319973193109, -0.00153758574743, 0.00424413150176], [-0.00148608861491, 0.00751038081944, -0.00281458930112, 0.00474027683958, -0.002201493131, 0.00115437456407, -0.00342937139794, 0.0178021602333, -0.00599774718285, 0.00333244842477, -0.00261242245324, 0.00212155957706, -0.00385042512789], [0.00110406882595, -0.00728530762717, 0.00160844856873, -0.00504866382107, 0.000904356944375, -0.00311370426789, 0.00239472719841, -0.00599774718285, 0.0163245163858, -0.00541090220213, 0.00188828108367, -0.00444848975167, 0.00113349128515], [-0.0010876157321, 0.00741409603506, -0.00221127225086, 0.00424073915929, -0.0026499486994, 0.00712879700586, -0.00254685035907, 0.00333244842477, -0.00541090220213, 0.0157775375992, -0.00583352940157, 0.00135633233003, -0.00340036232956], [0.000696377130225, -0.00787041801959, 0.00291341706179, -0.00906961411238, 0.00404847832397, -0.00778357218951, 0.00319973193109, -0.00261242245324, 0.00188828108367, -0.00583352940157, 0.0193718485534, -0.00720371957868, 0.00699673453346], [-0.000709665589966, 0.00725926132873, -0.00379866408184, 0.00752392085269, -0.00497383624315, 0.00741310883313, -0.00153758574743, 0.00212155957706, -0.00444848975167, 0.00135633233003, -0.00720371957868, 0.0244801491499, -0.0101437289268], [0.000631435133982, -0.00780338142067, 0.00320764095522, -0.00703767314553, 0.0031882210169, -0.00696113519371, 0.00424413150176, -0.00385042512789, 0.00113349128515, -0.00340036232956, 0.00699673453346, -0.0101437289268, 0.0228934288025]]
    },
    "melbands": {
        "dmean": [0.00354025303386, 0.00468353834003, 0.00241090031341, 0.00151338195428, 0.000639255275019, 0.000359362864401, 0.000242758236709, 7.19772724551e-05, 4.2181367462e-05, 3.50708724e-05, 3.75669042114e-05, 2.80025560642e-05, 8.89176317287e-06, 4.77304047308e-06, 4.46048215963e-06, 5.81677659284e-06, 2.70988925877e-06, 4.58221620647e-06, 4.41379643235e-06, 1.96531573238e-06, 1.8044877379e-06, 1.52516543039e-06, 1.811272341e-06, 4.97852511216e-07, 2.97033523111e-07, 6.31247928595e-07, 3.0711061072e-07, 1.91984881326e-07, 1.17466349536e-07, 5.93028914864e-08, 3.71624473416e-08, 1.46020733283e-08, 7.53925544217e-09, 1.43668632546e-08, 5.26745473906e-08, 1.74622115878e-07, 4.09954367342e-07, 4.97700568758e-07, 3.95845802359e-07, 2.53605378475e-07],
        "dmean2": [0.00578896747902, 0.00765917729586, 0.00399053841829, 0.00238101859577, 0.00102542422246, 0.000565711467061, 0.000383669947041, 0.000110217333713, 6.4262705564e-05, 5.49936521566e-05, 5.68097930227e-05, 3.71859860024e-05, 1.312042059e-05, 7.31515092411e-06, 6.32550381852e-06, 7.93895469542e-06, 4.13797670262e-06, 6.51707705401e-06, 6.4164350988e-06, 3.02036505673e-06, 2.74392505162e-06, 2.47047864832e-06, 2.89126819553e-06, 8.12007840523e-07, 4.72426137321e-07, 1.10965743261e-06, 5.26633471054e-07, 2.79691874994e-07, 1.52349400651e-07, 8.00574113669e-08, 5.03233827942e-08, 2.04942267601e-08, 1.17307337177e-08, 2.19220339659e-08, 8.83734543322e-08, 2.86454195475e-07, 6.78418700772e-07, 8.28556892429e-07, 6.52349172015e-07, 4.17003036546e-07],
        "dvar": [2.4469994969e-05, 2.24618106586e-05, 9.2115606094e-06, 4.63911646875e-06, 8.3368365722e-07, 3.18702461755e-07, 3.34978921046e-07, 2.16067750358e-08, 5.12293141242e-09, 5.031687067e-09, 5.33141042425e-09, 4.58904647616e-09, 3.61550761552e-10, 7.64412699805e-11, 1.64727897989e-10, 6.4287514201e-10, 5.27173478482e-11, 1.27045074461e-09, 4.23917484449e-10, 2.47302473638e-11, 3.79232270586e-11, 1.14257422967e-10, 3.46758871617e-10, 1.10584605709e-11, 1.9787661093e-12, 4.9116721107e-11, 8.74631009978e-12, 2.8474492729e-12, 1.1357120756e-12, 1.2332895935e-13, 8.57370679444e-14, 7.5399052846e-15, 1.47340407087e-15, 6.26339317528e-15, 2.39490400439e-14, 1.71960536088e-13, 7.59368316925e-13, 9.7785440769e-13, 6.02097581862e-13, 2.54412159742e-13],
        "dvar2": [6.51720256428e-05, 6.05376044405e-05, 2.41903126152e-05, 1.16212449939e-05, 1.9079559479e-06, 7.5846821801e-07, 8.62117644829e-07, 4.71577870087e-08, 1.10736131376e-08, 1.25590986499e-08, 1.13760494358e-08, 6.4849499104e-09, 6.83697043424e-10, 1.78307285603e-10, 2.67377980867e-10, 1.14799558748e-09, 1.179918524e-10, 2.78098744033e-09, 9.22190435126e-10, 5.972645295e-11, 9.45092060167e-11, 3.7430267219e-10, 1.09839837226e-09, 3.46969224185e-11, 4.73748557744e-12, 1.47688639096e-10, 2.67341305343e-11, 6.21990653427e-12, 1.83819084086e-12, 2.04784268969e-13, 1.2567473917e-13, 1.17350121387e-14, 3.52402170826e-15, 8.98763536332e-15, 5.87830429949e-14, 3.91572137128e-13, 1.8222717172e-12, 2.40010919125e-12, 1.46407983393e-12, 5.82974857624e-13],
        "max": [0.0449322611094, 0.04054967314, 0.0300382040441, 0.0260719638318, 0.011694451794, 0.00674930261448, 0.0102947140113, 0.00435634469613, 0.00121814012527, 0.00148685788736, 0.00109626352787, 0.00362158496864, 0.000662109057885, 0.000119328135042, 0.000442982680397, 0.00119563285261, 0.000194521766389, 0.00144464464393, 0.000712283712346, 0.000118808231491, 0.000161344432854, 0.000334841693984, 0.000682537560351, 0.000126237646327, 6.06902685831e-05, 0.000221937079914, 0.000107250911242, 9.03526961338e-05, 5.80839259783e-05, 1.91057315533e-05, 1.65962574101e-05, 3.16845694215e-06, 1.51585959429e-06, 4.14392070525e-06, 5.46921819478e-06, 1.31392616822e-05, 2.16291464312e-05, 1.60345662152e-05, 1.19646338135e-05, 9.23428706301e-06],
        "mean": [0.0051919403486, 0.00857651885599, 0.00422203075141, 0.00238756509498, 0.00100396259222, 0.000547638046555, 0.000373923860025, 0.000111232649942, 6.34941170574e-05, 5.80588748562e-05, 5.65306872886e-05, 5.26027615706e-05, 1.35117552418e-05, 6.57091322864e-06, 8.05269792181e-06, 1.62460582942e-05, 4.02919704356e-06, 8.04040428193e-06, 6.19095681031e-06, 3.03517413158e-06, 2.41829093284e-06, 1.95039160644e-06, 2.65316043624e-06, 6.91365869443e-07, 4.23425518647e-07, 1.01007617559e-06, 4.42832885028e-07, 3.39419216289e-07, 2.65334819005e-07, 1.11746146558e-07, 7.14276779945e-08, 1.98782874605e-08, 8.51877235419e-09, 1.54803121433e-08, 4.39431175892e-08, 1.48665819211e-07, 3.27938664668e-07, 3.83977322826e-07, 3.07387352905e-07, 1.98424899622e-07],
        "median": [0.00311744841747, 0.00741775939241, 0.00320286862552, 0.00144769297913, 0.000529011478648, 0.000231581798289, 0.000118182382721, 4.86557946715e-05, 3.03586475638e-05, 2.37573440245e-05, 2.16502230614e-05, 1.42122153193e-05, 5.16366435477e-06, 2.64825621343e-06, 1.69050736076e-06, 1.40639258461e-06, 1.0776371937e-06, 8.57631221152e-07, 7.50164531382e-07, 6.15935164205e-07, 4.24175198077e-07, 3.25643952692e-07, 2.08809282753e-07, 1.09450930097e-07, 7.8086934252e-08, 5.71086502532e-08, 3.80181539583e-08, 3.29144178579e-08, 1.53797703462e-08, 1.01368842209e-08, 4.91530149915e-09, 2.19398477164e-09, 1.28518984344e-09, 1.22726029339e-09, 2.71230260473e-09, 4.72444972033e-09, 6.56900800422e-09, 5.78009418106e-09, 3.89061272088e-09, 2.29571184285e-09],
        "min": [1.64474374849e-23, 4.07111864978e-23, 4.0440654539e-23, 1.67111095093e-23, 1.73183620124e-23, 2.53256733316e-24, 3.64567846942e-24, 8.43364015138e-24, 1.72761390213e-23, 1.10552552868e-23, 2.10973354923e-24, 4.33690048268e-24, 4.2179134369e-24, 1.54674087611e-23, 1.60493546063e-23, 1.31888613448e-23, 1.22655911631e-23, 9.65534351326e-24, 1.14667109355e-23, 1.3690477484e-23, 1.17832429514e-23, 8.06381979243e-24, 1.53520441646e-23, 1.39488388968e-23, 9.53615925226e-24, 7.92103596858e-24, 1.0959050544e-23, 5.65220968515e-24, 7.22406315932e-24, 9.59573876099e-24, 1.00417551948e-23, 7.42481090476e-24, 6.99318881591e-24, 1.32146791845e-23, 1.14543699955e-23, 9.55783951652e-24, 1.05812319243e-23, 1.59194576142e-23, 1.06298218118e-23, 8.19534578229e-24],
        "var": [3.37614510499e-05, 3.76434581995e-05, 1.52156735567e-05, 8.11359586805e-06, 1.71303486241e-06, 6.92534399604e-07, 6.25214454431e-07, 4.56149358286e-08, 1.05930908489e-08, 1.39296441048e-08, 1.08341540184e-08, 3.86440888178e-08, 9.79271330692e-10, 1.12142801989e-10, 7.32959803962e-10, 7.47335082707e-09, 1.17964360502e-10, 5.33571498096e-09, 1.14290155118e-09, 6.89326026815e-11, 8.16341091947e-11, 1.81828982426e-10, 7.05614455754e-10, 2.18380574041e-11, 4.33319742935e-12, 9.46824285641e-11, 2.07135749525e-11, 1.07184565043e-11, 7.99586959144e-12, 8.42101616303e-13, 4.6573340887e-13, 2.17619196589e-14, 3.37010459856e-15, 1.88356020912e-14, 3.45517952899e-14, 3.41699677451e-13, 1.05265134717e-12, 1.02469248364e-12, 6.70728880423e-13, 3.22419201797e-13]
    },
    "mfcc": {
        "mean": [-776.859619141, 228.826873779, 48.6394882202, 19.8440666199, 34.1489562988, -3.45402765274, 9.75860118866, 3.21552038193, 4.29550266266, 4.27835321426, -10.6911592484, 0.948847651482, -6.63014221191],
        "cov": [[5708.4375, -1567.1072998, -837.106689453, -484.044067383, 247.392562866, -750.79888916, 346.445220947, -375.158752441, -198.453887939, 160.932159424, -265.549835205, 274.604125977, -223.716186523], [-1567.1072998, 1391.96569824, -171.47038269, 163.328369141, -119.341621399, 268.127532959, -223.495849609, 141.795257568, 84.0062637329, -95.7984466553, 111.749954224, -132.258377075, 108.204658508], [-837.106689453, -171.47038269, 848.661865234, -167.226516724, 80.53931427, 64.2497024536, -0.721598505974, 72.924041748, 27.7458877563, -3.43519806862, -5.38103437424, -13.7291326523, 22.3769893646], [-484.044067383, 163.328369141, -167.226516724, 376.400512695, -87.7345962524, 96.7999649048, 3.26705241203, 13.4795436859, 28.9121131897, 2.10668230057, 79.5479888916, 15.8133201599, 25.904176712], [247.392562866, -119.341621399, 80.53931427, -87.7345962524, 147.804733276, -36.6268997192, 0.702526569366, 8.01528072357, -8.95368671417, 9.03566646576, -26.5290851593, 18.4539642334, -3.28036594391], [-750.79888916, 268.127532959, 64.2497024536, 96.7999649048, -36.6268997192, 199.956222534, -20.3492832184, 63.2559776306, 45.3979377747, -18.5247516632, 52.3660316467, -35.888092041, 33.4819297791], [346.445220947, -223.495849609, -0.721598505974, 3.26705241203, 0.702526569366, -20.3492832184, 167.828140259, 9.01673030853, -18.2849063873, 39.2245788574, -5.88818597794, 27.8471488953, -27.504076004], [-375.158752441, 141.795257568, 72.924041748, 13.4795436859, 8.01528072357, 63.2559776306, 9.01673030853, 139.247528076, 35.3857803345, 5.16654157639, 10.1226434708, -26.8932876587, 22.325969696], [-198.453887939, 84.0062637329, 27.7458877563, 28.9121131897, -8.95368671417, 45.3979377747, -18.2849063873, 35.3857803345, 114.603218079, -4.18082094193, 16.1807403564, -21.3246879578, -2.85451126099], [160.932159424, -95.7984466553, -3.43519806862, 2.10668230057, 9.03566646576, -18.5247516632, 39.2245788574, 5.16654157639, -4.18082094193, 74.5523300171, 8.93814754486, 19.6879253387, -11.1817970276], [-265.549835205, 111.749954224, -5.38103437424, 79.5479888916, -26.5290851593, 52.3660316467, -5.88818597794, 10.1226434708, 16.1807403564, 8.93814754486, 86.7352600098, 11.3516111374, 16.0317764282], [274.604125977, -132.258377075, -13.7291326523, 15.8133201599, 18.4539642334, -35.888092041, 27.8471488953, -26.8932876587, -21.3246879578, 19.6879253387, 11.3516111374, 88.146812439, 5.36301994324], [-223.716186523, 108.204658508, 22.3769893646, 25.904176712, -3.28036594391, 33.4819297791, -27.504076004, 22.325969696, -2.85451126099, -11.1817970276, 16.0317764282, 5.36301994324, 68.8709487915]],
