{
"lowlevel": {
    "average_loudness": 0.909692406654,
    "barkbands_crest": {
        "dmean": 2.99845004082,
        "dmean2": 5.06551122665,
        "dvar": 7.15611696243,
        "dvar2": 19.1670951843,
        "max": 22.5649967194,
        "mean": 9.89169788361,
        "median": 9.19993972778,
        "min": 3.06334900856,
        "var": 13.0009670258
    },
    "barkbands_flatness_db": {
        "dmean": 0.0259157437831,
        "dmean2": 0.0404593981802,
        "dvar": 0.000463670148747,
        "dvar2": 0.00109319481999,
        "max": 0.33707600832,
        "mean": 0.140139743686,
        "median": 0.134077951312,
        "min": 0.0346789993346,
        "var": 0.00266641937196
    },
    "barkbands_kurtosis": {
        "dmean": 3.08684444427,
        "dmean2": 5.02887868881,
        "dvar": 14.0526294708,
        "dvar2": 38.4002532959,
        "max": 36.6336669922,
        "mean": 4.33273744583,
        "median": 2.84953951836,
        "min": -1.77690398693,
        "var": 28.405122757
    },
    "barkbands_skewness": {
        "dmean": 0.594391644001,
        "dmean2": 0.960020065308,
        "dvar": 0.298353433609,
        "dvar2": 0.755473017693,
        "max": 5.62410068512,
        "mean": 1.78847408295,
        "median": 1.73246979713,
        "min": -1.98234379292,
        "var": 0.985106050968
    },
    "barkbands_spread": {
        "dmean": 6.73280191422,
        "dmean2": 10.7927322388,
        "dvar": 58.9092559814,
        "dvar2": 139.137863159,
        "max": 82.6959991455,
        "mean": 20.7998313904,
        "median": 17.8286247253,
        "min": 2.18390870094,
        "var": 151.145950317
    },
    "dissonance": {
        "dmean": 0.0185591969639,
        "dmean2": 0.030649330467,
        "dvar": 0.000416409777245,
        "dvar2": 0.00104459282011,
        "max": 0.500000178814,
        "mean": 0.463346689939,
        "median": 0.471675097942,
        "min": 0.238016858697,
        "var": 0.000913725991268
    },
    "dynamic_complexity": 5.36021614075,
    "erbbands_crest": {
        "dmean": 2.37110280991,
        "dmean2": 3.95294618607,
        "dvar": 4.93660116196,
        "dvar2": 12.8437738419,
        "max": 28.7261161804,
        "mean": 7.70074653625,
        "median": 6.67443704605,
        "min": 2.30352330208,
        "var": 15.6647615433
    },
    "erbbands_flatness_db": {
        "dmean": 0.0166285540909,
        "dmean2": 0.0252528041601,
        "dvar": 0.000273298035609,
        "dvar2": 0.000553296180442,
        "max": 0.382163822651,
        "mean": 0.151163458824,
        "median": 0.129061996937,
        "min": 0.0440643317997,
        "var": 0.00447006896138
    },
    "erbbands_kurtosis": {
        "dmean": 0.765238344669,
        "dmean2": 1.22622048855,
        "dvar": 1.45889675617,
        "dvar2": 3.38251972198,
        "max": 23.0259990692,
        "mean": 0.267399519682,
        "median": -0.350843429565,
        "min": -1.70898890495,
        "var": 5.34991502762
    },
    "erbbands_skewness": {
        "dmean": 0.337063163519,
        "dmean2": 0.525790452957,
        "dvar": 0.0983068048954,
        "dvar2": 0.225722178817,
        "max": 3.61192655563,
        "mean": 0.233414426446,
        "median": 0.171252936125,
        "min": -3.06548929214,
        "var": 0.501592814922
    },
    "erbbands_spread": {
        "dmean": 8.39016628265,
        "dmean2": 13.143860817,
        "dvar": 68.5376358032,
        "dvar2": 166.137954712,
        "max": 113.689971924,
        "mean": 43.7262954712,
        "median": 40.4193267822,
        "min": 3.31256222725,
        "var": 445.431274414
    },
    "hfc": {
        "dmean": 5.61030054092,
        "dmean2": 7.43846511841,
        "dvar": 74.7927322388,
        "dvar2": 122.60823822,
        "max": 180.910812378,
        "mean": 16.0746765137,
        "median": 11.2549667358,
        "min": 1.24979830481e-16,
        "var": 296.479858398
    },
    "melbands_crest": {
        "dmean": 3.71581840515,
        "dmean2": 6.33013725281,
        "dvar": 10.4102754593,
        "dvar2": 28.5413322449,
        "max": 30.3546466827,
        "mean": 13.9910860062,
        "median": 13.5505876541,
        "min": 2.28111696243,
        "var": 17.8066635132
    },
    "melbands_flatness_db": {
        "dmean": 0.0310349147767,
        "dmean2": 0.0485137030482,
        "dvar": 0.000669851724524,
        "dvar2": 0.00160929688718,
        "max": 0.348950326443,
        "mean": 0.204855069518,
        "median": 0.205427497625,
        "min": 0.00577592104673,
        "var": 0.00257747317664
    },
    "melbands_kurtosis": {
        "dmean": 8.13809871674,
        "dmean2": 13.4792976379,
        "dvar": 110.12437439,
        "dvar2": 302.056274414,
        "max": 164.471740723,
        "mean": 15.9862499237,
        "median": 11.2404069901,
        "min": -1.66231679916,
        "var": 229.720443726
    },
    "melbands_skewness": {
        "dmean": 0.8112616539,
        "dmean2": 1.32335007191,
        "dvar": 0.58558011055,
        "dvar2": 1.52477669716,
        "max": 10.773733139,
        "mean": 3.09833097458,
        "median": 2.93539810181,
        "min": -0.602691471577,
        "var": 2.26871705055
    },
    "melbands_spread": {
        "dmean": 7.27094125748,
        "dmean2": 11.73300457,
        "dvar": 108.106063843,
        "dvar2": 229.853683472,
        "max": 233.75932312,
        "mean": 19.0611915588,
        "median": 15.0458641052,
        "min": 2.96183371544,
        "var": 257.600891113
    },
    "pitch_salience": {
        "dmean": 0.0792573541403,
        "dmean2": 0.133147105575,
        "dvar": 0.00464238086715,
        "dvar2": 0.0133016835898,
        "max": 0.924906671047,
        "mean": 0.604040205479,
        "median": 0.613671541214,
        "min": 0.196653112769,
        "var": 0.00923019368201
    },
    "silence_rate_20dB": {
        "dmean": 0,
        "dmean2": 0,
        "dvar": 0,
        "dvar2": 0,
        "max": 1,
        "mean": 1,
        "median": 1,
        "min": 1,
        "var": 0
    },
    "silence_rate_30dB": {
        "dmean": 0.00825167633593,
        "dmean2": 0.0165118686855,
        "dvar": 0.00818338152021,
        "dvar2": 0.0244943257421,
        "max": 1,
        "mean": 0.995876312256,
        "median": 1,
        "min": 0,
        "var": 0.00410679029301
    },
    "silence_rate_60dB": {
        "dmean": 0.0201134607196,
        "dmean2": 0.0402476787567,
        "dvar": 0.0197087302804,
        "dvar2": 0.0458516478539,
        "max": 1,
        "mean": 0.163917526603,
        "median": 0,
        "min": 0,
        "var": 0.137049347162
    },
    "spectral_centroid": {
        "dmean": 289.695373535,
        "dmean2": 453.451843262,
        "dvar": 124471.765625,
        "dvar2": 221420.6875,
        "max": 10888.4306641,
        "mean": 1185.40734863,
        "median": 1072.46606445,
        "min": 337.566833496,
        "var": 334542.71875
    },
    "spectral_complexity": {
        "dmean": 3.60804533958,
        "dmean2": 5.12487077713,
        "dvar": 15.5833826065,
        "dvar2": 26.6130771637,
        "max": 51,
        "mean": 17.0231952667,
        "median": 16,
        "min": 0,
        "var": 117.248313904
    },
    "spectral_decrease": {
        "dmean": 2.80679235409e-09,
        "dmean2": 4.53949455803e-09,
        "dvar": 2.16818034446e-17,
        "dvar2": 5.46735216732e-17,
        "max": 3.57398009601e-29,
        "mean": -6.36023589351e-09,
        "median": -5.3610289541e-09,
        "min": -4.09289455661e-08,
        "var": 3.66331889695e-17
    },
    "spectral_energy": {
        "dmean": 0.0108805997297,
        "dmean2": 0.0175048727542,
        "dvar": 0.000322586944094,
        "dvar2": 0.000805251533166,
        "max": 0.158558636904,
        "mean": 0.0254630241543,
        "median": 0.0215812064707,
        "min": 1.12011426725e-20,
        "var": 0.000569467432797
    },
    "spectral_energyband_high": {
        "dmean": 0.00044944579713,
        "dmean2": 0.000596252270043,
        "dvar": 7.54474001496e-07,
        "dvar2": 1.22543156067e-06,
        "max": 0.0203739851713,
        "mean": 0.000841002329253,
        "median": 0.000269298034254,
        "min": 8.07097248892e-21,
        "var": 2.48594506047e-06
    },
    "spectral_energyband_low": {
        "dmean": 0.00607478246093,
        "dmean2": 0.010326183401,
        "dvar": 0.000143347220728,
        "dvar2": 0.000399335898692,
        "max": 0.130617305636,
        "mean": 0.010282156989,
        "median": 0.0074385930784,
        "min": 7.32617710143e-23,
        "var": 0.000175891531399
    },
    "spectral_energyband_middle_high": {
        "dmean": 0.00121002877131,
        "dmean2": 0.00186287518591,
        "dvar": 2.55967756857e-06,
        "dvar2": 6.12012718193e-06,
        "max": 0.0220950189978,
        "mean": 0.00350906536914,
        "median": 0.0029309601523,
        "min": 1.45469737455e-21,
        "var": 8.43228281155e-06
    },
    "spectral_energyband_middle_low": {
        "dmean": 0.0065887067467,
        "dmean2": 0.0105811804533,
        "dvar": 0.000183575539268,
        "dvar2": 0.000435142428614,
        "max": 0.145612090826,
        "mean": 0.0125014595687,
        "median": 0.00880072917789,
        "min": 3.5011121197e-22,
        "var": 0.000248453172389
    },
    "spectral_entropy": {
        "dmean": 0.181164458394,
        "dmean2": 0.277006953955,
        "dvar": 0.0278139095753,
        "dvar2": 0.0572111867368,
        "max": 9.79767894745,
        "mean": 7.58660745621,
        "median": 7.61388444901,
        "min": 5.98991060257,
        "var": 0.160223290324
    },
    "spectral_flux": {
        "dmean": 0.0240733288229,
        "dmean2": 0.0387683771551,
        "dvar": 0.00108285725582,
        "dvar2": 0.0025280516129,
        "max": 0.328818768263,
        "mean": 0.0762576833367,
        "median": 0.0668672323227,
        "min": 1.05835451514e-10,
        "var": 0.00297808367759
    },
    "spectral_kurtosis": {
        "dmean": 1.58847439289,
        "dmean2": 2.66124844551,
        "dvar": 3.87838411331,
        "dvar2": 11.8489866257,
        "max": 37.2882804871,
        "mean": 4.15710258484,
        "median": 3.4792740345,
        "min": -1.16948997974,
        "var": 8.28495883942
    },
    "spectral_rms": {
        "dmean": 0.000897063058801,
        "dmean2": 0.00140806194395,
        "dvar": 1.33534263114e-06,
        "dvar2": 3.13535679197e-06,
        "max": 0.012437498197,
        "mean": 0.00437114294618,
        "median": 0.00458855461329,
        "min": 3.30574413329e-12,
        "var": 5.73510487811e-06
    },
    "spectral_rolloff": {
        "dmean": 529.924682617,
        "dmean2": 900.283935547,
        "dvar": 769102.5,
        "dvar2": 1681181.75,
        "max": 18863.0859375,
        "mean": 1216.58129883,
        "median": 990.52734375,
        "min": 107.666015625,
        "var": 1440751.875
    },
    "spectral_skewness": {
        "dmean": 0.213256195188,
        "dmean2": 0.342871427536,
        "dvar": 0.0416843369603,
        "dvar2": 0.115806043148,
        "max": 4.27184057236,
        "mean": 1.50908660889,
        "median": 1.48980784416,
        "min": 0.0524498894811,
        "var": 0.138460233808
    },
    "spectral_spread": {
        "dmean": 571427.375,
        "dmean2": 847096.625,
        "dvar": 855373119488,
        "dvar2": 1.09126726451e+12,
        "max": 39563180,
        "mean": 4602334,
        "median": 4474495.5,
        "min": 1484281.125,
        "var": 3.4552062935e+12
    },
    "spectral_strongpeak": {
        "dmean": 0.326465517282,
        "dmean2": 0.554659366608,
        "dvar": 0.277009397745,
        "dvar2": 0.697687983513,
        "max": 7.21118116379,
        "mean": 0.559643864632,
        "median": 0.364098548889,
        "min": 5.36754152236e-09,
        "var": 0.44041287899
    },
    "zerocrossingrate": {
        "dmean": 0.010913929902,
        "dmean2": 0.0136119108647,
        "dvar": 0.000251294783084,
        "dvar2": 0.00039620132884,
        "max": 0.5,
        "mean": 0.0572371333838,
        "median": 0.0517578125,
        "min": 0.0068359375,
        "var": 0.00107317860238
    },
    "barkbands": {
        "dmean": [5.08859739057e-05, 0.00396722462028, 0.00224790489301, 0.00242426991463, 0.0043344325386, 0.000869941373821, 0.000405230675824, 0.000293806457194, 0.000432472006651, 0.000244741066126, 0.000306706177071, 0.000247096118983, 0.000331700051902, 0.000141177748446, 0.000130466985865, 0.000224364848691, 0.000170279410668, 0.000166590034496, 0.000106562685687, 9.20744496398e-05, 0.000119492055092, 8.80233274074e-05, 9.34812560445e-05, 0.000105805789644, 5.13319391757e-05, 2.46099134529e-05, 2.31563558373e-06],
        "dmean2": [8.1994003267e-05, 0.00691219372675, 0.00382394040935, 0.00397045724094, 0.00711051747203, 0.00142426497769, 0.000648582936265, 0.000501455797348, 0.000711286382284, 0.000389077991713, 0.000508417666424, 0.00041171425255, 0.000552931276616, 0.000232829275774, 0.000216601983993, 0.000372528331354, 0.00027751797461, 0.000253672013059, 0.000159365241416, 0.000140886084409, 0.000189114245586, 0.000129974549054, 0.000137269002153, 0.000147316604853, 6.75704504829e-05, 3.39890175383e-05, 3.59991486221e-06],
        "dvar": [1.96079774639e-08, 6.24199092272e-05, 2.86002068606e-05, 1.54160861712e-05, 0.000145241123391, 2.94635697173e-06, 8.52600066992e-07, 5.21325887348e-07, 4.34742361222e-07, 1.54154960796e-07, 2.22884935397e-07, 1.53538636027e-07, 3.57018450359e-07, 4.99039245483e-08, 7.14916836841e-08, 5.8151738358e-07, 1.03051853273e-07, 1.17437707559e-07, 6.78067806348e-08, 3.38209709128e-08, 5.6692471162e-08, 5.25336290025e-08, 7.59906200187e-08, 8.03266573257e-08, 2.38818866904e-08, 2.93354252001e-09, 4.02518816889e-11],
        "dvar2": [4.71885570619e-08, 0.000185859651538, 7.77829700382e-05, 4.00104363507e-05, 0.000348294619471, 7.27782753529e-06, 2.02214619094e-06, 1.4179865957e-06, 1.15392003863e-06, 3.99492364522e-07, 5.90047648075e-07, 4.11800328948e-07, 9.60169472819e-07, 1.29037445618e-07, 1.55908267629e-07, 1.55022712534e-06, 2.58145121279e-07, 2.66304368779e-07, 1.38226212698e-07, 7.80144802093e-08, 1.35719858463e-07, 1.1365122532e-07, 1.57722809035e-07, 1.35666638812e-07, 3.88465224432e-08, 5.88070969698e-09, 8.96803603601e-11],
        "max": [0.00166387227364, 0.086978495121, 0.0569200515747, 0.0473239123821, 0.12561224401, 0.0328037068248, 0.017189996317, 0.0181660354137, 0.00687362998724, 0.00611149333417, 0.00573928980157, 0.00493300240487, 0.00847844406962, 0.00381113914773, 0.00834218971431, 0.0116743985564, 0.00576029997319, 0.0060464325361, 0.00619638897479, 0.00354946497828, 0.00342079205438, 0.00553376134485, 0.00825694296509, 0.0100607331842, 0.00600294116884, 0.000691007473506, 0.000107076695713],
        "mean": [6.552990817e-05, 0.00581475766376, 0.00283769052476, 0.00387036637403, 0.00534110702574, 0.00134474097285, 0.000696155824699, 0.000377262447728, 0.000697004725225, 0.0004301048466, 0.000469946535304, 0.000450252235169, 0.000605190871283, 0.000237211919739, 0.000221915266593, 0.000290219875751, 0.000304708519252, 0.000293925317237, 0.000192162129679, 0.000171527281054, 0.00016888861137, 0.00014742212079, 0.000150583146024, 0.000171749401488, 7.48590537114e-05, 3.53885843651e-05, 2.36652158492e-06],
        "median": [8.61727039592e-06, 0.00351820932701, 0.00140926952008, 0.00220175459981, 0.00237352540717, 0.000648920831736, 0.000347599940142, 0.000190973849385, 0.000464105396532, 0.000239480548771, 0.000267602037638, 0.000255507708061, 0.000285611429717, 0.000120340875583, 0.000100943696452, 9.3132359325e-05, 0.000164311029948, 0.000133803361678, 5.27480297023e-05, 6.93643378327e-05, 5.05157186126e-05, 4.86149001517e-05, 3.82297439501e-05, 3.5820849007e-05, 1.34140082082e-05, 6.34690923107e-06, 7.71230048713e-08],
        "min": [8.69926933969e-24, 3.60540704132e-23, 2.80258361362e-23, 3.85673820461e-24, 2.73050981033e-23, 1.06916401077e-22, 4.68959538135e-23, 4.69931888087e-23, 9.54868667898e-23, 5.83086348767e-23, 2.53380892134e-23, 1.00520663957e-22, 7.29208631963e-23, 6.67482664267e-23, 9.487472966e-23, 1.36321134522e-22, 8.07636236527e-23, 2.68615216163e-22, 4.53388225349e-22, 2.54360638446e-22, 4.22026346932e-22, 8.01040715649e-22, 7.67864734829e-22, 8.90267775519e-22, 1.17136337705e-21, 1.77722177988e-21, 2.44409454738e-21],
        "var": [2.32245476184e-08, 6.66691848892e-05, 2.83684948954e-05, 2.55889026448e-05, 0.000142119068187, 5.70083375351e-06, 1.42629266975e-06, 4.83978055854e-07, 6.0206997432e-07, 3.32666672875e-07, 3.8517066514e-07, 3.17815903372e-07, 9.92055333882e-07, 9.63258557363e-08, 1.46096112985e-07, 5.54240898509e-07, 1.92691615553e-07, 3.00033633494e-07, 2.02255549198e-07, 8.14689897766e-08, 9.1073381725e-08, 1.14093360537e-07, 1.50589201553e-07, 1.9617597502e-07, 5.3222770191e-08, 5.72524516684e-09, 5.54086394822e-11]
    },
    "erbbands": {
        "dmean": [0.0622674301267, 1.06042921543, 2.70442652702, 4.88321590424, 10.2475786209, 19.8812427521, 6.88818407059, 7.3831205368, 5.51463890076, 7.27480173111, 6.75007104874, 10.456656456, 7.59313106537, 8.67617797852, 9.24443244934, 11.5535068512, 14.0025815964, 5.90120363235, 6.96953010559, 9.10952854156, 10.4027519226, 9.37863063812, 8.87955760956, 6.58476877213, 4.6762046814, 4.6380572319, 3.45526504517, 5.65961027145, 3.31924843788, 2.73958587646, 2.72505092621, 2.63060092926, 1.62504124641, 0.723279356956, 0.304168909788, 0.131779789925, 0.0356379896402, 0.011156367138, 0.000290919502731, 1.64509365277e-05],
        "dmean2": [0.111033245921, 1.84050130844, 4.65536260605, 8.02269172668, 16.8531284332, 32.9130630493, 11.2236833572, 12.2969312668, 9.26859283447, 11.9527454376, 11.3986091614, 17.342924118, 12.3641824722, 14.1558837891, 14.9925775528, 19.0104923248, 23.2153091431, 9.66886711121, 11.6013460159, 14.8652982712, 17.0411014557, 15.1314754486, 13.8931674957, 10.1197652817, 6.94402933121, 7.10515594482, 5.08962965012, 9.17737579346, 4.97287940979, 3.94689893723, 4.00306797028, 3.99305224419, 2.20043063164, 0.950918614864, 0.423650562763, 0.191181376576, 0.0479717701674, 0.0170500613749, 0.000440437113866, 2.40049994318e-05],
        "dvar": [0.0247679874301, 4.20913982391, 35.9515800476, 71.4116439819, 394.155578613, 3631.70800781, 228.355239868, 202.125656128, 240.057647705, 176.303909302, 292.985656738, 270.586608887, 160.457702637, 188.086502075, 158.298156738, 329.759094238, 518.276245117, 87.8503189087, 112.763809204, 724.604125977, 817.791320801, 287.23526001, 312.567962646, 296.488769531, 111.879981995, 100.092521667, 42.2121238708, 142.637008667, 74.8854827881, 66.3689880371, 78.3075408936, 43.581111908, 30.1111965179, 5.96850442886, 0.527283608913, 0.0949294269085, 0.00559000996873, 0.00120555341709, 7.44065232539e-07, 8.04630639895e-10],
        "dvar2": [0.0758477598429, 12.3562698364, 100.790718079, 182.997314453, 979.369812012, 8812.25390625, 541.831481934, 525.698120117, 580.176147461, 460.975921631, 803.987976074, 724.509216309, 406.872497559, 496.572814941, 403.33404541, 864.239746094, 1411.12304688, 232.913162231, 290.684326172, 1787.16577148, 2103.92724609, 692.15222168, 753.491699219, 665.206176758, 228.90536499, 234.393829346, 93.7097625732, 359.872741699, 169.142974854, 135.151779175, 172.132675171, 91.6557693481, 54.0244560242, 9.16095066071, 0.920461654663, 0.215308129787, 0.0106675848365, 0.00297279283404, 1.70796772636e-06, 1.61188429271e-09],
        "max": [2.1722342968, 23.4499492645, 66.3019332886, 97.4400634766, 256.795410156, 548.689697266, 284.849822998, 176.385818481, 357.935516357, 282.962341309, 387.19631958, 157.009140015, 184.986312866, 244.316955566, 194.185333252, 207.41255188, 296.93649292, 197.180419922, 175.365921021, 568.962097168, 371.358306885, 264.340423584, 243.733261108, 271.844665527, 274.648712158, 230.610198975, 115.462646484, 150.551727295, 246.797058105, 262.193756104, 233.819351196, 137.998596191, 218.989837646, 99.0015563965, 21.0745849609, 4.88168811798, 1.06928837299, 0.582515716553, 0.0141315441579, 0.000411019893363],
        "mean": [0.094068787992, 1.52552580833, 3.58831524849, 8.07157325745, 15.0899400711, 22.218585968, 10.4304952621, 11.4542474747, 9.12104129791, 12.4300069809, 9.7697467804, 16.3574562073, 13.4663381577, 15.1453323364, 16.4956321716, 22.9127101898, 26.828420639, 11.1845350266, 12.6818523407, 13.6455030441, 15.7608642578, 17.93450737, 16.0044307709, 11.3387212753, 8.99754142761, 8.62658500671, 5.87132501602, 7.37899827957, 5.42731285095, 4.43310546875, 4.3449420929, 4.15903186798, 2.54201602936, 1.06513988972, 0.43761318922, 0.182603642344, 0.0512475334108, 0.0123957060277, 0.000333262432832, 3.9262802602e-05],
        "median": [0.0470039583743, 0.887163460255, 2.12106728554, 5.06977701187, 8.37002563477, 8.18642425537, 5.15779256821, 5.57519102097, 3.73274374008, 6.09550333023, 5.58992576599, 10.0998334885, 7.6352186203, 9.43746566772, 11.5340013504, 13.1658573151, 14.702419281, 7.36565923691, 6.47798585892, 5.0448846817, 6.28865003586, 10.0865783691, 8.08267593384, 3.80653333664, 2.8966255188, 3.42961239815, 2.22214984894, 2.0671582222, 1.89601397514, 1.12693285942, 1.11062932014, 0.908682107925, 0.491544276476, 0.181731551886, 0.0784081816673, 0.0358351953328, 0.00870043132454, 0.00118012877647, 4.34188987128e-05, 2.91044161713e-05],
        "min": [5.7906969623e-22, 1.0096941373e-20, 3.4582867216e-20, 2.06252445108e-20, 2.53291363111e-20, 1.29064099173e-19, 2.87893568905e-19, 1.03732388262e-18, 9.98441223949e-19, 6.63426148228e-19, 1.21654393606e-18, 2.05306786383e-18, 1.82002730383e-18, 1.77249688544e-18, 2.33829214674e-18, 3.04394048857e-18, 3.81078220454e-18, 3.77321745139e-18, 3.60413718469e-18, 6.70585644584e-18, 6.18688208875e-18, 5.99486203571e-18, 1.72430960294e-17, 1.1144371128e-17, 2.52132293855e-17, 1.1944848696e-17, 1.65117939216e-17, 2.05369672789e-17, 2.92234440086e-17, 1.92147356133e-17, 2.25842078621e-17, 1.99686859262e-17, 1.50852696701e-17, 1.29031266823e-17, 8.94936796325e-18, 5.7192115412e-18, 3.2451937384e-18, 1.50168064123e-18, 3.55303360455e-19, 3.34388570418e-20],
        "var": [0.0257352888584, 4.5382065773, 33.5834846497, 111.117881775, 507.882415771, 3322.83032227, 345.458831787, 348.973388672, 379.131439209, 293.843048096, 278.005645752, 370.922088623, 308.256164551, 364.522460938, 316.277648926, 839.317260742, 1428.11804199, 157.934005737, 252.532623291, 946.899780273, 1001.74609375, 587.438720703, 648.428771973, 625.091308594, 377.236999512, 247.358963013, 99.5769424438, 186.545791626, 149.783843994, 144.244918823, 131.845718384, 89.9417419434, 62.8844070435, 13.2681665421, 1.27126812935, 0.154117956758, 0.0119483694434, 0.00135965878144, 9.51733625243e-07, 1.91247773174e-09]
    },
    "gfcc": {
        "mean": [-41.6876335144, 95.3155822754, -119.542991638, 33.6314048767, -56.4768791199, 19.8328418732, -35.4034118652, 4.24803781509, -27.6537780762, -6.5043091774, -17.7816047668, -0.833101212978, -13.5560932159],
        "cov": [[21347.4238281, -747.340454102, 1413.40771484, 1408.12866211, -554.13861084, 313.511657715, -674.399291992, 228.072433472, 23.5078544617, 308.587036133, -42.3015022278, 129.556640625, -88.5924911499], [-747.340454102, 1630.07177734, -151.024612427, 99.4196853638, 266.558746338, -175.7421875, 123.191352844, -92.2971038818, 107.315635681, -170.785049438, 173.403137207, -109.371734619, 92.330909729], [1413.40771484, -151.024612427, 1574.92944336, 612.596130371, 287.106903076, 173.012207031, -275.769897461, 100.012145996, -79.8803863525, 223.886047363, -70.4960708618, 93.1366043091, -76.7144851685], [1408.12866211, 99.4196853638, 612.596130371, 493.925628662, 161.286026001, 42.774887085, -128.741012573, 36.4785614014, -3.8829574585, 64.3988113403, -7.75990200043, 9.07864093781, -14.7111978531], [-554.13861084, 266.558746338, 287.106903076, 161.286026001, 292.729248047, 38.4972991943, 2.12092423439, 39.0679244995, 1.01173758507, 25.5650806427, -1.61718773842, 10.1599473953, 6.5251789093], [313.511657715, -175.7421875, 173.012207031, 42.774887085, 38.4972991943, 261.965942383, 109.944923401, 22.4794101715, -5.88453006744, 59.4691047668, -22.3192481995, 41.2053718567, -15.0450897217], [-674.399291992, 123.191352844, -275.769897461, -128.741012573, 2.12092423439, 109.944923401, 270.811096191, -4.31361293793, 27.6779193878, -48.7948760986, 22.4118881226, 1.85149919987, 9.17349433899], [228.072433472, -92.2971038818, 100.012145996, 36.4785614014, 39.0679244995, 22.4794101715, -4.31361293793, 122.480278015, 5.97330713272, 23.0469341278, -25.7426509857, 20.5750350952, -12.1290559769], [23.5078544617, 107.315635681, -79.8803863525, -3.8829574585, 1.01173758507, -5.88453006744, 27.6779193878, 5.97330713272, 80.6059341431, 2.16866278648, 26.6209945679, -2.48108553886, 13.2793340683], [308.587036133, -170.785049438, 223.886047363, 64.3988113403, 25.5650806427, 59.4691047668, -48.7948760986, 23.0469341278, 2.16866278648, 128.139068604, -11.0480079651, 33.1294670105, -13.2190198898], [-42.3015022278, 173.403137207, -70.4960708618, -7.75990200043, -1.61718773842, -22.3192481995, 22.4118881226, -25.7426509857, 26.6209945679, -11.0480079651, 82.7667236328, 2.87249398232, 17.4187908173], [129.556640625, -109.371734619, 93.1366043091, 9.07864093781, 10.1599473953, 41.2053718567, 1.85149919987, 20.5750350952, -2.48108553886, 33.1294670105, 2.87249398232, 71.4033584595, -0.0791518986225], [-88.5924911499, 92.330909729, -76.7144851685, -14.7111978531, 6.5251789093, -15.0450897217, 9.17349433899, -12.1290559769, 13.2793340683, -13.2190198898, 17.4187908173, -0.0791518986225, 62.8964767456]],
        "icov": [[9.2244008556e-05, -0.000101152021671, 0.000101433310192, -0.000386400817661, 0.000460072333226, -0.00028268902679, 0.000275714031886, -0.000232791149756, 5.13556515216e-05, -8.91958552529e-05, 6.00493658567e-05, -0.000207061544643, 6.48241184535e-05], [-0.000101152021671, 0.00197006738745, -0.000635049887933, 0.000425991165685, -0.0021493928507, 0.00150280725211, -0.00143677589949, 0.00107576919254, -0.00153769680765, 0.001812724513, -0.00267290393822, 0.00235285959207, -0.00126111553982], [0.000101433310192, -0.000635049887933, 0.00260160095058, -0.00223584962077, -4.02224650315e-05, -0.00172009121161, 0.00214748992585, -0.000693630368914, 0.00184438517317, -0.00196048570797, 0.000969196786173, -0.00218670885079, 0.00179845781531], [-0.000386400817661, 0.000425991165685, -0.00223584962077, 0.00626775529236, -0.00277721649036, 0.00068187888246, -0.000145372992847, 0.000814684550278, -0.00174576335121, 0.00148192048073, -0.00114464340732, 0.00254068127833, -0.000800887646619], [0.000460072333226, -0.0021493928507, -4.02224650315e-05, -0.00277721649036, 0.00869136955589, -0.00185587699525, 0.000742509204429, -0.00288583431393, 0.00149243674241, -0.00183595600538, 0.00242734909989, -0.00226917653345, -0.000281814049231], [-0.00028268902679, 0.00150280725211, -0.00172009121161, 0.00068187888246, -0.00185587699525, 0.00954754836857, -0.00691412109882, 0.00176681845915, -0.000532356090844, -0.00178052426782, 0.000423819874413, 0.000185692697414, -0.00109623605385], [0.000275714031886, -0.00143677589949, 0.00214748992585, -0.000145372992847, 0.000742509204429, -0.00691412109882, 0.0102411843836, -0.0017009829171, -0.000337267090799, 0.00177551887464, -0.00018980918685, -0.00220039207488, 0.00202434253879], [-0.000232791149756, 0.00107576919254, -0.000693630368914, 0.000814684550278, -0.00288583431393, 0.00176681845915, -0.0017009829171, 0.0111096641049, -0.00305007328279, 0.00058788334718, 0.00242003775202, -0.00137016712688, 0.000645521446131], [5.13556515216e-05, -0.00153769680765, 0.00184438517317, -0.00174576335121, 0.00149243674241, -0.000532356090844, -0.000337267090799, -0.00305007328279, 0.0174439866096, -0.00448808260262, -0.00236525665969, -0.000866895774379, -0.000622517603915], [-8.91958552529e-05, 0.001812724513, -0.00196048570797, 0.00148192048073, -0.00183595600538, -0.00178052426782, 0.00177551887464, 0.00058788334718, -0.00448808260262, 0.0148238027468, -0.00266002677381, -0.000546733557712, -0.000413199653849], [6.00493658567e-05, -0.00267290393822, 0.000969196786173, -0.00114464340732, 0.00242734909989, 0.000423819874413, -0.00018980918685, 0.00242003775202, -0.00236525665969, -0.00266002677381, 0.0200969371945, -0.00626108702272, -0.000366608757759], [-0.000207061544643, 0.00235285959207, -0.00218670885079, 0.00254068127833, -0.00226917653345, 0.000185692697414, -0.00220039207488, -0.00137016712688, -0.000866895774379, -0.000546733557712, -0.00626108702272, 0.0216528419405, -0.0036525989417], [6.48241184535e-05, -0.00126111553982, 0.00179845781531, -0.000800887646619, -0.000281814049231, -0.00109623605385, 0.00202434253879, 0.000645521446131, -0.000622517603915, -0.000413199653849, -0.000366608757759, -0.0036525989417, 0.019585756585]]
    },
    "melbands": {
        "dmean": [0.000838455918711, 0.00142017693724, 0.000964763108641, 0.00115242379252, 0.000337391742505, 0.000164385637618, 8.14741215436e-05, 7.54643187975e-05, 6.23660598649e-05, 6.22597581241e-05, 3.79848861485e-05, 3.4876538848e-05, 3.91215871787e-05, 2.06073909794e-05, 5.06868454977e-05, 1.9992407033e-05, 1.18788047985e-05, 1.2436864381e-05, 1.01287669168e-05, 1.69638442458e-05, 1.13206733658e-05, 9.70989549387e-06, 1.2601482922e-05, 6.10309052718e-06, 5.84901044931e-06, 3.66632593796e-06, 3.46569891008e-06, 3.25483915731e-06, 2.11920701076e-06, 2.91593960355e-06, 3.27830548486e-06, 1.95720963347e-06, 1.78497543857e-06, 1.48109268139e-06, 1.59130297561e-06, 1.87865157386e-06, 1.55488055498e-06, 1.28101714836e-06, 8.71097199706e-07, 5.56248608063e-07],
        "dmean2": [0.0014808694832, 0.00244071288034, 0.0015725037083, 0.00190260703675, 0.000542596157175, 0.000271766242804, 0.000136029339046, 0.000125414240756, 0.00010463847866, 0.000103041500552, 6.20349164819e-05, 5.69035582885e-05, 6.42511513433e-05, 3.34453106916e-05, 8.39803760755e-05, 3.32439922204e-05, 1.94506810658e-05, 2.07813427551e-05, 1.66963673109e-05, 2.80880194623e-05, 1.86421930266e-05, 1.58922484843e-05, 2.02365936275e-05, 9.45880947256e-06, 9.11307597562e-06, 5.56083114134e-06, 5.31242130819e-06, 5.10948893861e-06, 3.2089767501e-06, 4.59506100015e-06, 5.41065583093e-06, 2.98971895063e-06, 2.69578822554e-06, 2.15685713556e-06, 2.34713343161e-06, 2.85437226921e-06, 2.40333679358e-06, 1.82161204521e-06, 1.20377308122e-06, 7.62091588058e-07],
        "dvar": [3.28091982738e-06, 8.67609833222e-06, 2.4268119887e-06, 1.05628423626e-05, 6.2526731881e-07, 1.01135846364e-07, 4.50997887924e-08, 1.87696311826e-08, 1.90690894186e-08, 9.73848113262e-09, 4.10031697484e-09, 3.05667557932e-09, 3.16263437661e-09, 1.05433761721e-09, 1.06229798291e-08, 8.98613794487e-10, 3.91363524921e-10, 3.43542416736e-10, 5.29961463602e-10, 4.01336963662e-09, 7.33394511787e-10, 3.59864499311e-10, 6.27007334941e-10, 1.84772502854e-10, 2.66501348767e-10, 9.00020821759e-11, 5.36875092993e-11, 5.80409019457e-11, 1.77582532013e-11, 3.36905087162e-11, 4.97380019115e-11, 2.96500254904e-11, 2.84110547588e-11, 1.94372243995e-11, 3.55205274916e-11, 1.78415216628e-11, 1.76775902944e-11, 2.41619432795e-11, 7.0065316396e-12, 3.64938548131e-12],
        "dvar2": [9.91003071249e-06, 2.4365455829e-05, 6.17672276348e-06, 2.55614395428e-05, 1.49280833739e-06, 2.59192830754e-07, 1.09998538278e-07, 5.02246102485e-08, 5.17755651686e-08, 2.58863561697e-08, 1.03955812847e-08, 8.03479327516e-09, 8.06589106617e-09, 2.52763920905e-09, 2.80025034272e-08, 2.45042319769e-09, 1.05812492102e-09, 8.83187467604e-10, 1.11907916267e-09, 1.06853450532e-08, 1.83827619793e-09, 8.92708018618e-10, 1.47773326908e-09, 4.42640424314e-10, 6.16613815563e-10, 1.80768275349e-10, 1.25711094312e-10, 1.42632253231e-10, 4.1822701552e-11, 7.91155335689e-11, 1.28470206695e-10, 7.42628181172e-11, 6.3179808607e-11, 4.0613807456e-11, 8.51137701985e-11, 3.6927360475e-11, 3.93734524151e-11, 4.93836950499e-11, 1.10319869559e-11, 5.95025244354e-12],
        "max": [0.0221816860139, 0.0319311022758, 0.0166820660233, 0.0339286327362, 0.0087022986263, 0.00384436640888, 0.00466256728396, 0.00251980917528, 0.00268641440198, 0.000953661336098, 0.000961370125879, 0.00104371795896, 0.000678843643982, 0.000735767709557, 0.0014764466323, 0.000386862840969, 0.000424440018833, 0.000212807572098, 0.000711299187969, 0.00101103750058, 0.000361023150617, 0.000363524246495, 0.000460825423943, 0.000219409586862, 0.000249968608841, 0.000304785062326, 0.000123808160424, 0.00017698990996, 6.65110273985e-05, 9.63745114859e-05, 9.14381307666e-05, 0.000160772615345, 0.000111854751594, 0.000151063039084, 0.000152315609739, 0.000106309547846, 9.13323892746e-05, 0.000197615736397, 9.45140563999e-05, 7.72007551859e-05],
        "mean": [0.00126258761156, 0.00204250845127, 0.00165886932518, 0.00140378589276, 0.000492124818265, 0.000259149936028, 0.000139374402352, 0.000123001649627, 9.1321511718e-05, 9.70627297647e-05, 6.5244785219e-05, 5.88885086472e-05, 6.27561967121e-05, 4.04230377171e-05, 9.33103874559e-05, 3.53230534529e-05, 2.00082668016e-05, 2.14244464587e-05, 1.69781287696e-05, 2.07496123039e-05, 1.75618533831e-05, 1.74384131242e-05, 2.08044366445e-05, 1.02454732769e-05, 9.25938911678e-06, 6.49307958156e-06, 6.13838483332e-06, 5.60487569601e-06, 3.38430527336e-06, 4.04174488722e-06, 4.10375969295e-06, 3.05687035507e-06, 2.80259860119e-06, 2.27101850214e-06, 2.35635866375e-06, 2.81773986899e-06, 2.36266964748e-06, 1.87247303529e-06, 1.30836622247e-06, 7.59386409754e-07],
        "median": [0.000743641750887, 0.00128285703249, 0.001064368058, 0.000641986727715, 0.000249382574111, 0.000125339371152, 5.97181060584e-05, 5.99639024585e-05, 5.30380020791e-05, 6.03609441896e-05, 3.56491000275e-05, 3.57383105438e-05, 3.79205594072e-05, 2.36632076849e-05, 3.98427582695e-05, 2.2766602342e-05, 1.10817763925e-05, 1.06832358142e-05, 7.23840912542e-06, 5.42832322026e-06, 7.44221324567e-06, 9.14834345167e-06, 9.52971367951e-06, 4.84077827423e-06, 2.78612355942e-06, 1.74764818439e-06, 2.303100473e-06, 2.11738733924e-06, 1.27475311729e-06, 1.13081455311e-06, 1.16586477361e-06, 1.02439128113e-06, 8.2845349425e-07, 5.05372781845e-07, 5.77952278036e-07, 6.5646895564e-07, 4.87315332975e-07, 3.45569674209e-07, 1.95662124725e-07, 1.18113518965e-07],
        "min": [8.75733817978e-24, 1.68443244504e-23, 3.18386194056e-24, 5.85500097477e-24, 9.07885500778e-24, 2.39029193017e-23, 1.33973367716e-23, 7.37204557653e-24, 1.13782188857e-23, 1.34149141703e-23, 9.02656851812e-24, 7.09488955267e-24, 6.43143859872e-24, 9.71424539048e-24, 7.08096142453e-24, 8.14843064654e-24, 7.17402886755e-24, 4.5919632736e-24, 9.06945809668e-24, 9.52328425343e-24, 6.55057513364e-24, 4.59556324034e-24, 1.3410146295e-23, 1.21118760936e-23, 7.35819554562e-24, 2.27351022394e-23, 1.02982911834e-23, 7.4335270289e-24, 1.11922993587e-23, 9.4179003251e-24, 1.21016926882e-23, 1.76185362086e-23, 1.31309329219e-23, 9.41372725091e-24, 1.25300394266e-23, 1.33794769607e-23, 1.30723095126e-23, 1.00538870866e-23, 1.06983769799e-23, 1.1001648244e-23],
        "var": [3.46348110725e-06, 8.77971888258e-06, 4.20025753556e-06, 1.01371215351e-05, 7.39246786452e-07, 1.86003347835e-07, 7.32255358571e-08, 2.91200628055e-08, 1.98605256685e-08, 1.33423494475e-08, 7.83503040225e-09, 5.84221737654e-09, 5.81800474464e-09, 2.54070853245e-09, 2.93553288344e-08, 1.72847458568e-09, 6.42850161992e-10, 7.45480399633e-10, 1.06252717735e-09, 3.61451379938e-09, 1.06115682907e-09, 6.73177680266e-10, 1.33108668532e-09, 3.23951115933e-10, 5.07350939039e-10, 2.99321067931e-10, 1.1410759837e-10, 1.27955465667e-10, 3.41345528232e-11, 5.64964394711e-11, 6.05812205956e-11, 5.11292154448e-11, 5.20472207e-11, 4.08897811444e-11, 4.66103787511e-11, 4.03800118343e-11, 3.17869168487e-11, 4.18363399479e-11, 1.59461454458e-11, 7.64326275882e-12]
    },
    "mfcc": {
        "mean": [-677.327575684, 117.972312927, 0.72086340189, 17.4507446289, 4.15606975555, 10.5417375565, 2.59127807617, 8.96600341797, -2.10884642601, -4.38178491592, -4.83437252045, 3.29570817947, -6.91691875458],
        "cov": [[16805.4511719, 241.762008667, 1109.77502441, 963.787658691, 408.119842529, 44.1856079102, -275.143554688, -94.6924743652, -160.253112793, 248.36869812, -93.9384689331, 81.9356765747, -16.8706245422], [241.762008667, 1383.75146484, -155.457595825, 176.239776611, 62.4614486694, -58.4791679382, 14.9105634689, 59.6621665955, -21.1722126007, -44.4509468079, 29.1248340607, 59.8059921265, 57.6696052551], [1109.77502441, -155.457595825, 1023.27050781, 399.082122803, 429.484619141, 156.434829712, 47.4148101807, -53.1112556458, -23.3703117371, 126.810722351, -15.3878183365, -23.2048168182, 51.6629066467], [963.787658691, 176.239776611, 399.082122803, 448.622314453, 292.411437988, 14.2990055084, -8.45153331757, -25.3413944244, -34.7405815125, 72.0254745483, -7.50180673599, -36.6786956787, 45.4312438965], [408.119842529, 62.4614486694, 429.484619141, 292.411437988, 410.979492188, 40.6699142456, 10.0517520905, -37.5665435791, -3.75494265556, 102.182395935, -29.7127780914, -42.5756721497, 44.2917137146], [44.1856079102, -58.4791679382, 156.434829712, 14.2990055084, 40.6699142456, 247.343521118, 90.8784713745, 39.7989196777, 38.6971168518, 29.6490211487, 19.6316661835, 40.3063850403, 8.76533031464], [-275.143554688, 14.9105634689, 47.4148101807, -8.45153331757, 10.0517520905, 90.8784713745, 144.745330811, 67.6538009644, 45.0389900208, 7.08989715576, 16.276714325, 24.800239563, 4.89717626572], [-94.6924743652, 59.6621665955, -53.1112556458, -25.3413944244, -37.5665435791, 39.7989196777, 67.6538009644, 144.10067749, 50.994052887, -20.272813797, 29.3772182465, 31.31300354, -3.6825056076], [-160.253112793, -21.1722126007, -23.3703117371, -34.7405815125, -3.75494265556, 38.6971168518, 45.0389900208, 50.994052887, 98.5133132935, 17.3440151215, 8.06959247589, 18.7974224091, 4.37616586685], [248.36869812, -44.4509468079, 126.810722351, 72.0254745483, 102.182395935, 29.6490211487, 7.08989715576, -20.272813797, 17.3440151215, 101.958679199, -7.57206487656, -17.4056854248, 11.9470968246], [-93.9384689331, 29.1248340607, -15.3878183365, -7.50180673599, -29.7127780914, 19.6316661835, 16.276714325, 29.3772182465, 8.06959247589, -7.57206487656, 75.3454589844, 37.2937965393, 0.287673145533], [81.9356765747, 59.8059921265, -23.2048168182, -36.6786956787, -42.5756721497, 40.3063850403, 24.800239563, 31.31300354, 18.7974224091, -17.4056854248, 37.2937965393, 89.2745895386, 1.28922915459], [-16.8706245422, 57.6696052551, 51.6629066467, 45.4312438965, 44.2917137146, 8.76533031464, 4.89717626572, -3.6825056076, 4.37616586685, 11.9470968246, 0.287673145533, 1.28922915459, 64.370803833]],
