{
"lowlevel": {
    "average_loudness": 0.839531481266,
    "barkbands_crest": {
        "dmean": 2.34370017052,
        "dmean2": 3.9046318531,
        "dvar": 6.18446063995,
        "dvar2": 16.8346881866,
        "max": 26.3460197449,
        "mean": 15.8521137238,
        "median": 15.6994981766,
        "min": 3.53947806358,
        "var": 26.0155906677
    },
    "barkbands_flatness_db": {
        "dmean": 0.0271189808846,
        "dmean2": 0.0409499965608,
        "dvar": 0.00080313620856,
        "dvar2": 0.00164651125669,
        "max": 0.497132778168,
        "mean": 0.223055928946,
        "median": 0.220217779279,
        "min": 0.0254225954413,
        "var": 0.00766514800489
    },
    "barkbands_kurtosis": {
        "dmean": 16.2647438049,
        "dmean2": 26.1881999969,
        "dvar": 1248.85717773,
        "dvar2": 3049.72998047,
        "max": 968.964355469,
        "mean": 47.9555091858,
        "median": 10.0781354904,
        "min": -1.70008075237,
        "var": 14329.7890625
    },
    "barkbands_skewness": {
        "dmean": 0.914764821529,
        "dmean2": 1.44558846951,
        "dvar": 1.33933544159,
        "dvar2": 3.08276510239,
        "max": 26.9371166229,
        "mean": 4.19348192215,
        "median": 2.9871172905,
        "min": -2.06593441963,
        "var": 17.0988941193
    },
    "barkbands_spread": {
        "dmean": 3.50261116028,
        "dmean2": 5.53115224838,
        "dvar": 37.9844741821,
        "dvar2": 84.7134780884,
        "max": 79.5327072144,
        "mean": 12.7406244278,
        "median": 8.95504665375,
        "min": 0.212731152773,
        "var": 175.721694946
    },
    "dissonance": {
        "dmean": 0.0194641146809,
        "dmean2": 0.0327242165804,
        "dvar": 0.000409355940064,
        "dvar2": 0.00111036479939,
        "max": 0.499556213617,
        "mean": 0.455752521753,
        "median": 0.46416836977,
        "min": 0.258341729641,
        "var": 0.00105498475023
    },
    "dynamic_complexity": 6.47369623184,
    "erbbands_crest": {
        "dmean": 2.38985323906,
        "dmean2": 3.7875957489,
        "dvar": 6.15912437439,
        "dvar2": 14.867064476,
        "max": 31.8229179382,
        "mean": 10.4301509857,
        "median": 9.46421813965,
        "min": 2.45232486725,
        "var": 23.3452148438
    },
    "erbbands_flatness_db": {
        "dmean": 0.0199457425624,
        "dmean2": 0.0282704327255,
        "dvar": 0.000510584155563,
        "dvar2": 0.000892942538485,
        "max": 0.391342073679,
        "mean": 0.153957396746,
        "median": 0.155517175794,
        "min": 0.0335821956396,
        "var": 0.00285552721471
    },
    "erbbands_kurtosis": {
        "dmean": 0.981463074684,
        "dmean2": 1.53463971615,
        "dvar": 3.14996767044,
        "dvar2": 7.13582992554,
        "max": 34.1992492676,
        "mean": 0.885526835918,
        "median": 0.0907018184662,
        "min": -1.69632363319,
        "var": 8.13754081726
    },
    "erbbands_skewness": {
        "dmean": 0.349395513535,
        "dmean2": 0.549207687378,
        "dvar": 0.131163984537,
        "dvar2": 0.300012081861,
        "max": 4.56608200073,
        "mean": 0.264761894941,
        "median": 0.149371579289,
        "min": -3.17244195938,
        "var": 0.845526635647
    },
    "erbbands_spread": {
        "dmean": 7.56894493103,
        "dmean2": 11.5646352768,
        "dvar": 78.5174102783,
        "dvar2": 167.667938232,
        "max": 155.960021973,
        "mean": 39.8972549438,
        "median": 34.6696357727,
        "min": 2.03648877144,
        "var": 473.433502197
    },
    "hfc": {
        "dmean": 6.6651096344,
        "dmean2": 9.30947589874,
        "dvar": 326.656890869,
        "dvar2": 627.671264648,
        "max": 337.683929443,
        "mean": 17.2544269562,
        "median": 8.43558597565,
        "min": 1.1220801624e-16,
        "var": 802.418334961
    },
    "melbands_crest": {
        "dmean": 2.89217686653,
        "dmean2": 4.84643983841,
        "dvar": 7.58693790436,
        "dvar2": 20.3320121765,
        "max": 34.0951194763,
        "mean": 19.9994029999,
        "median": 20.1885948181,
        "min": 1.59984469414,
        "var": 22.6216106415
    },
    "melbands_flatness_db": {
        "dmean": 0.0302756819874,
        "dmean2": 0.0461851544678,
        "dvar": 0.00111250125337,
        "dvar2": 0.00222619157284,
        "max": 0.640306174755,
        "mean": 0.330778151751,
        "median": 0.331140607595,
        "min": 0.00447820918635,
        "var": 0.0108104972169
    },
    "melbands_kurtosis": {
        "dmean": 21.790977478,
        "dmean2": 34.7369728088,
        "dvar": 1620.46398926,
        "dvar2": 3843.30737305,
        "max": 671.959533691,
        "mean": 60.82371521,
        "median": 25.037229538,
        "min": -1.80557727814,
        "var": 7915.16894531
    },
    "melbands_skewness": {
        "dmean": 1.02030944824,
        "dmean2": 1.60038006306,
        "dvar": 1.46034133434,
        "dvar2": 3.25289750099,
        "max": 17.7413787842,
        "mean": 5.00646400452,
        "median": 4.43254423141,
        "min": -0.335440933704,
        "var": 9.73548221588
    },
    "melbands_spread": {
        "dmean": 3.44605636597,
        "dmean2": 5.34523916245,
        "dvar": 54.1692314148,
        "dvar2": 102.089897156,
        "max": 158.829269409,
        "mean": 10.7711229324,
        "median": 6.51191473007,
        "min": 0.279245465994,
        "var": 206.558532715
    },
    "pitch_salience": {
        "dmean": 0.0621419660747,
        "dmean2": 0.104894831777,
        "dvar": 0.00354202603921,
        "dvar2": 0.00977720879018,
        "max": 0.878984391689,
        "mean": 0.363125354052,
        "median": 0.369499176741,
        "min": 0.0392431393266,
        "var": 0.0161179229617
    },
    "silence_rate_20dB": {
        "dmean": 0.0092783505097,
        "dmean2": 0.0185662712902,
        "dvar": 0.00919215381145,
        "dvar2": 0.0233782716095,
        "max": 1,
        "mean": 0.993302404881,
        "median": 1,
        "min": 0,
        "var": 0.00665269419551
    },
    "silence_rate_30dB": {
        "dmean": 0.0505154654384,
        "dmean2": 0.101083032787,
        "dvar": 0.0479618981481,
        "dvar2": 0.103245012462,
        "max": 1,
        "mean": 0.876867592335,
        "median": 1,
        "min": 0,
        "var": 0.107973046601
    },
    "silence_rate_60dB": {
        "dmean": 0.0268041230738,
        "dmean2": 0.0531201660633,
        "dvar": 0.0260855145752,
        "dvar2": 0.069896273315,
        "max": 1,
        "mean": 0.10097887367,
        "median": 0,
        "min": 0,
        "var": 0.0907823741436
    },
    "spectral_centroid": {
        "dmean": 162.973602295,
        "dmean2": 256.757659912,
        "dvar": 126356.859375,
        "dvar2": 198960.90625,
        "max": 11663.0576172,
        "mean": 805.713012695,
        "median": 666.365905762,
        "min": 101.322311401,
        "var": 685507.3125
    },
    "spectral_complexity": {
        "dmean": 2.08247423172,
        "dmean2": 3.22537398338,
        "dvar": 13.4455680847,
        "dvar2": 22.7995529175,
        "max": 55,
        "mean": 12.3163318634,
        "median": 12,
        "min": 0,
        "var": 75.1248550415
    },
    "spectral_decrease": {
        "dmean": 5.63633406614e-09,
        "dmean2": 9.10187569758e-09,
        "dvar": 1.69489294277e-16,
        "dvar2": 4.17972166531e-16,
        "max": 7.50859839821e-29,
        "mean": -1.42556579874e-08,
        "median": -9.78380398919e-09,
        "min": -1.78886281788e-07,
        "var": 3.08401493252e-16
    },
    "spectral_energy": {
        "dmean": 0.0217388942838,
        "dmean2": 0.0349589586258,
        "dvar": 0.00246395962313,
        "dvar2": 0.00605192221701,
        "max": 0.682436645031,
        "mean": 0.0553691387177,
        "median": 0.0378840118647,
        "min": 1.06045224998e-20,
        "var": 0.00457946723327
    },
    "spectral_energyband_high": {
        "dmean": 0.000297534308629,
        "dmean2": 0.000414835958509,
        "dvar": 1.41129464737e-06,
        "dvar2": 3.16318937621e-06,
        "max": 0.0230047162622,
        "mean": 0.0004407815577,
        "median": 5.47517302039e-05,
        "min": 7.20636599261e-21,
        "var": 2.22224207391e-06
    },
    "spectral_energyband_low": {
        "dmean": 0.0199125111103,
        "dmean2": 0.0327784903347,
        "dvar": 0.00237778108567,
        "dvar2": 0.00594157073647,
        "max": 0.648499786854,
        "mean": 0.043107457459,
        "median": 0.0262529365718,
        "min": 1.76400121579e-23,
        "var": 0.00364301004447
    },
    "spectral_energyband_middle_high": {
        "dmean": 0.00197094795294,
        "dmean2": 0.00280466815457,
        "dvar": 5.64740148548e-05,
        "dvar2": 0.000102219011751,
        "max": 0.188412219286,
        "mean": 0.00450819265097,
        "median": 0.00161608937196,
        "min": 1.328095019e-21,
        "var": 0.000108598447696
    },
    "spectral_energyband_middle_low": {
        "dmean": 0.00264857336879,
        "dmean2": 0.00395146105438,
        "dvar": 2.45718347287e-05,
        "dvar2": 4.7433313739e-05,
        "max": 0.0999457985163,
        "mean": 0.00821567047387,
        "median": 0.00525198504329,
        "min": 2.48024987282e-22,
        "var": 0.000107222927909
    },
    "spectral_entropy": {
        "dmean": 0.2201782763,
        "dmean2": 0.329366743565,
        "dvar": 0.061403606087,
        "dvar2": 0.118960104883,
        "max": 9.811876297,
        "mean": 7.07243156433,
        "median": 7.01591777802,
        "min": 5.29948377609,
        "var": 0.350948065519
    },
    "spectral_flux": {
        "dmean": 0.0326167680323,
        "dmean2": 0.0532757081091,
        "dvar": 0.00302801490761,
        "dvar2": 0.00728963362053,
        "max": 0.723958551884,
        "mean": 0.077975384891,
        "median": 0.054392978549,
        "min": 6.69374555784e-11,
        "var": 0.00642239535227
    },
    "spectral_kurtosis": {
        "dmean": 2.61269068718,
        "dmean2": 4.20918655396,
        "dvar": 14.0583219528,
        "dvar2": 33.5338554382,
        "max": 53.8043289185,
        "mean": 8.39861869812,
        "median": 6.89450550079,
        "min": -1.2454739809,
        "var": 38.848033905
    },
    "spectral_rms": {
        "dmean": 0.00115770020057,
        "dmean2": 0.00183772377204,
        "dvar": 3.50903678736e-06,
        "dvar2": 7.86493546912e-06,
        "max": 0.0258029419929,
        "mean": 0.00634208507836,
        "median": 0.00607947492972,
        "min": 3.21650041671e-12,
        "var": 1.37966644616e-05
    },
    "spectral_rolloff": {
        "dmean": 231.514129639,
        "dmean2": 384.334991455,
        "dvar": 521156.71875,
        "dvar2": 989633.625,
        "max": 19853.6132812,
        "mean": 636.034606934,
        "median": 215.33203125,
        "min": 64.599609375,
        "var": 2267112.5
    },
    "spectral_skewness": {
        "dmean": 0.272361338139,
        "dmean2": 0.42696160078,
        "dvar": 0.104290552437,
        "dvar2": 0.226523175836,
        "max": 5.59224414825,
        "mean": 2.2414085865,
        "median": 2.20392346382,
        "min": -0.0659079030156,
        "var": 0.436173975468
    },
    "spectral_spread": {
        "dmean": 664744.25,
        "dmean2": 957757.25,
        "dvar": 1.74235477606e+12,
        "dvar2": 2.62057807053e+12,
        "max": 41989324,
        "mean": 4825369,
        "median": 4370058.5,
        "min": 1231993.75,
        "var": 9.58681474662e+12
    },
    "spectral_strongpeak": {
        "dmean": 0.307495713234,
        "dmean2": 0.542739033699,
        "dvar": 1.0367795229,
        "dvar2": 2.52257323265,
        "max": 13.8517084122,
        "mean": 0.558135330677,
        "median": 0.328180938959,
        "min": 0,
        "var": 1.22949779034
    },
    "zerocrossingrate": {
        "dmean": 0.00717999972403,
        "dmean2": 0.0090809231624,
        "dvar": 0.000266248243861,
        "dvar2": 0.000355117779691,
        "max": 0.5224609375,
        "mean": 0.0329188592732,
        "median": 0.021484375,
        "min": 0.00244140625,
        "var": 0.00192409113515
    },
    "barkbands": {
        "dmean": [0.000826012517791, 0.016123700887, 0.00618325639516, 0.00114334141836, 0.000932957453188, 0.000246378505835, 0.00024608313106, 0.000386704545235, 0.000781458802521, 0.000184528093087, 0.0006221178337, 0.000185847005923, 0.00024864639272, 0.000499307003338, 0.000329187663738, 0.000238105407334, 9.46557192947e-05, 7.50392646296e-05, 6.23370142421e-05, 5.79270890739e-05, 5.63743997191e-05, 3.30629372911e-05, 2.80560743704e-05, 4.2931187636e-05, 5.63253306609e-05, 5.8321216784e-05, 1.20260519907e-05],
        "dmean2": [0.00129044079222, 0.0271706972271, 0.0104312235489, 0.00204138015397, 0.00153828575276, 0.000406499777455, 0.000395529146772, 0.000484079209855, 0.000885981367901, 0.000254066253547, 0.000945311563555, 0.000287131930236, 0.000406037521316, 0.000720203213859, 0.000487946235808, 0.000347795546986, 0.000146538048284, 0.000116501258162, 0.000101187339169, 8.88376089279e-05, 8.58648054418e-05, 4.84233678435e-05, 4.23357923864e-05, 6.24272652203e-05, 8.26458490337e-05, 8.72548916959e-05, 1.94937019842e-05],
        "dvar": [6.75573983244e-06, 0.00190349074546, 0.000156193622388, 6.47969181955e-06, 3.23546169056e-06, 4.81579149891e-07, 6.34203274785e-07, 2.0070087885e-06, 8.71549582371e-06, 5.10823042532e-07, 3.1293824577e-05, 3.14899295972e-07, 3.54135892167e-07, 2.26019506044e-06, 1.40593908782e-06, 7.74824457039e-07, 1.21168270084e-07, 9.3560494463e-08, 9.65048272406e-08, 7.52431361661e-08, 1.06682335854e-07, 2.10638901876e-08, 1.30214710126e-08, 2.64291379892e-08, 5.70045699533e-08, 1.25966948872e-07, 3.14285575342e-09],
        "dvar2": [1.40675047078e-05, 0.00499361334369, 0.00043223623652, 1.90699283849e-05, 8.57414488564e-06, 1.19371634355e-06, 1.33674006975e-06, 2.63609990725e-06, 1.07452942757e-05, 7.03580155914e-07, 5.90261697653e-05, 7.34572552119e-07, 8.6281397671e-07, 4.05038690587e-06, 2.69233669314e-06, 1.54647375439e-06, 3.00490171412e-07, 2.32444236303e-07, 2.41201291828e-07, 1.80486395607e-07, 2.63882611762e-07, 4.93053562423e-08, 2.85580412651e-08, 5.15059639383e-08, 1.26376519916e-07, 3.0764365988e-07, 7.15454628875e-09],
        "max": [0.0371029041708, 0.53592389822, 0.171406537294, 0.0311676934361, 0.0371015071869, 0.0202828794718, 0.0188358314335, 0.0424083694816, 0.0796126797795, 0.0229360871017, 0.138576939702, 0.0121934814379, 0.0093245934695, 0.0281687229872, 0.02716358006, 0.0173946395516, 0.00698069809005, 0.00570304645225, 0.00408078217879, 0.00487050926313, 0.00888219196349, 0.00266326917335, 0.00192025664728, 0.00380625505932, 0.00543198501691, 0.00882282480597, 0.00106254115235],
        "mean": [0.00114442803897, 0.0308696851134, 0.0102114267647, 0.00154753227253, 0.00217381748371, 0.000601488980465, 0.000651730515528, 0.00129795004614, 0.00185218104161, 0.000386332132621, 0.0009402660653, 0.000425516569521, 0.000431012100307, 0.000929574947804, 0.000627460423857, 0.00043764829752, 0.000179098409717, 0.000110421518912, 8.14485756564e-05, 8.00709167379e-05, 7.4581032095e-05, 5.10090430907e-05, 3.97677977162e-05, 6.42749364488e-05, 8.35008759168e-05, 6.62751117488e-05, 1.07299892989e-05],
        "median": [0.000175191176822, 0.0193241592497, 0.00467497389764, 0.000701296259649, 0.00143868313171, 0.000192075996893, 0.000184090080438, 0.000128969855723, 0.000203400952159, 7.40989198675e-05, 0.000154761597514, 0.000144971781992, 0.000113818095997, 0.0001762695465, 0.000126275102957, 6.45554173389e-05, 3.54398398486e-05, 1.65254805324e-05, 1.53741093527e-05, 1.17539348139e-05, 9.77047238848e-06, 5.79960897085e-06, 5.16693853569e-06, 6.04988827035e-06, 6.44959800411e-06, 2.66139977612e-06, 8.79352057837e-08],
        "min": [2.24791042539e-24, 3.04928345342e-24, 5.00746380655e-24, 3.78022461326e-24, 2.64271353589e-23, 1.71861079039e-23, 3.46731757095e-23, 2.21082118329e-23, 3.26199948097e-23, 2.85805568139e-23, 2.87143066027e-23, 3.9343983264e-23, 4.68323526919e-23, 5.28004956476e-23, 8.11565773577e-23, 6.2809370331e-23, 7.52307741446e-23, 1.27201523804e-22, 1.29544263988e-22, 1.89171760702e-22, 3.70497801141e-22, 4.19230548153e-22, 5.07948975754e-22, 7.434263541e-22, 1.04049991043e-21, 1.49602025642e-21, 1.85449672613e-21],
        "var": [9.94911351881e-06, 0.00222158012912, 0.000260269676801, 6.95551443641e-06, 7.50066965338e-06, 2.31097328651e-06, 2.39924838752e-06, 1.35025484269e-05, 3.54500152753e-05, 1.98913062377e-06, 4.26421356678e-05, 7.35888079362e-07, 7.89493697084e-07, 6.34620346318e-06, 3.16629257213e-06, 1.70288819845e-06, 2.08236158983e-07, 1.12830029764e-07, 9.70958993207e-08, 8.8704084078e-08, 1.03979836297e-07, 3.07909218122e-08, 1.86040249872e-08, 5.91156421592e-08, 1.06435308567e-07, 1.33657351853e-07, 3.03544300806e-09]
    },
    "erbbands": {
        "dmean": [0.564121246338, 3.3646402359, 6.94921588898, 5.0295419693, 3.31712698936, 3.39260339737, 1.56623446941, 2.04223036766, 2.75047135353, 4.89324378967, 10.1985549927, 12.2606525421, 15.8636350632, 11.3079605103, 21.0417442322, 8.17615604401, 9.42120361328, 30.5741729736, 8.39166736603, 26.7889480591, 8.42237472534, 5.67454195023, 3.42896986008, 3.45982980728, 3.09274053574, 2.9160194397, 2.97754716873, 1.46222758293, 1.16241633892, 0.93810403347, 0.877305686474, 0.93469029665, 0.704689562321, 0.592850506306, 0.436010241508, 0.182161182165, 0.121856458485, 0.0334763228893, 0.00131196854636, 4.43903591076e-05],
        "dmean2": [0.971356451511, 5.62311315536, 11.6092433929, 8.86824321747, 5.50485992432, 5.753033638, 2.57490491867, 3.39971828461, 4.61905145645, 7.36064577103, 12.6149787903, 14.602891922, 17.764339447, 16.2571086884, 31.321472168, 12.7330474854, 14.6057415009, 45.0425338745, 12.7194261551, 38.2925262451, 12.8628015518, 8.70234203339, 5.29914331436, 5.54203939438, 5.02157878876, 4.50487709045, 4.55807638168, 2.23133039474, 1.70169889927, 1.37833416462, 1.31533646584, 1.39965653419, 1.04964339733, 0.874423205853, 0.650197327137, 0.271791279316, 0.182737022638, 0.0521844029427, 0.00213806377724, 6.8231143814e-05],
        "dvar": [3.07734179497, 74.8254623413, 198.078582764, 128.767150879, 48.9363479614, 36.8763046265, 6.96381187439, 43.8373832703, 61.8383483887, 341.554626465, 1503.5065918, 1515.01452637, 4373.77441406, 4559.14257812, 31418.1503906, 752.204101562, 528.839355469, 8205.73632812, 416.317871094, 15315.703125, 537.435424805, 434.700683594, 245.964447021, 205.974945068, 263.673309326, 208.891235352, 409.405517578, 42.417755127, 28.760389328, 12.8856754303, 13.4231653214, 13.8772182465, 8.42127609253, 5.62349557877, 4.4877743721, 0.917903661728, 0.60467505455, 0.0315721258521, 4.87552861159e-05, 1.89536368822e-08],
        "dvar2": [8.35293865204, 197.597229004, 538.4296875, 369.948516846, 122.199028015, 107.334945679, 19.3406066895, 109.507362366, 141.070465088, 644.363098145, 1961.98156738, 2118.32592773, 5262.88964844, 8492.7734375, 59875.0429688, 1765.3125, 1136.04577637, 15352.9326172, 879.300537109, 29485.7265625, 1207.83850098, 1055.46569824, 623.996459961, 471.016021729, 687.820800781, 516.696716309, 1028.5802002, 99.1011581421, 67.1608963013, 29.5203094482, 29.2756748199, 28.860534668, 17.8408412933, 12.1859741211, 10.451540947, 2.2342569828, 1.4048396349, 0.0786541327834, 0.000113991918624, 4.33839808522e-08],
        "max": [22.8744373322, 125.292205811, 193.751113892, 141.523330688, 155.807571411, 74.1532592773, 39.1739196777, 179.559020996, 237.902938843, 480.517150879, 1166.83947754, 884.45526123, 1830.30895996, 1489.8918457, 4513.70361328, 626.819946289, 375.353027344, 1745.5, 283.777862549, 2439.67553711, 316.921020508, 411.067810059, 307.001556396, 215.17906189, 258.521179199, 305.508789062, 611.934997559, 122.47908783, 102.723518372, 61.5025367737, 80.989730835, 94.1960525513, 63.0434265137, 61.2302093506, 53.4850502014, 21.6560668945, 16.9183826447, 3.97728204727, 0.129501983523, 0.00251631718129],
        "mean": [0.959891736507, 6.59915018082, 12.5294485092, 8.17791366577, 6.22035980225, 8.26476287842, 4.05846357346, 4.95973873138, 6.95603990555, 14.2964801788, 34.6710700989, 30.4193553925, 37.3989906311, 21.6967926025, 35.5641899109, 18.0406589508, 18.5330581665, 56.081829071, 18.5182590485, 47.6637687683, 15.9618740082, 11.1781606674, 5.26684093475, 5.52063703537, 3.90168094635, 4.09922838211, 3.85285902023, 2.06618285179, 1.82076025009, 1.42624652386, 1.25247371197, 1.44638395309, 0.992673456669, 0.909358084202, 0.59626531601, 0.230691760778, 0.134204819798, 0.0317723788321, 0.00120267062448, 8.54548779898e-05],
        "median": [0.573968529701, 4.08805513382, 5.60205554962, 4.16401052475, 3.3061413765, 4.85188770294, 2.5890185833, 1.4604319334, 2.06723117828, 3.71053123474, 3.42730712891, 4.37489032745, 5.61472129822, 4.52479171753, 10.2007694244, 5.98619222641, 6.04790258408, 11.3459749222, 6.45052909851, 5.17373752594, 3.48681664467, 2.18166971207, 0.932855665684, 1.07847821712, 0.732090771198, 0.610284984112, 0.46266490221, 0.309032022953, 0.21956667304, 0.185544133186, 0.153468713164, 0.128464445472, 0.0996340066195, 0.079314224422, 0.0378732196987, 0.0132391061634, 0.00474478909746, 0.000659629295114, 4.17543233198e-05, 4.71895691589e-05],
        "min": [5.24657630328e-23, 1.01106825475e-21, 3.80779427954e-21, 1.48678558055e-20, 3.7681918768e-20, 1.08489248056e-19, 9.5413428964e-20, 1.42846233572e-19, 2.22963251241e-19, 3.68671917473e-19, 4.62679339728e-19, 6.74155818146e-19, 1.04387722102e-18, 7.8368042491e-19, 9.68880063603e-19, 1.75056894779e-18, 2.66326183771e-18, 2.54058909171e-18, 1.89211092433e-18, 5.20701717001e-18, 4.59867670108e-18, 4.87649482239e-18, 7.48527978572e-18, 8.5857889968e-18, 6.90021080256e-18, 7.81224442953e-18, 1.15341841276e-17, 1.78998493116e-17, 1.10370858025e-17, 1.65991094527e-17, 1.37901645655e-17, 1.2918115195e-17, 1.29310647075e-17, 8.49197596199e-18, 7.9599416638e-18, 5.36612081134e-18, 2.94304534015e-18, 1.02660631022e-18, 2.35144493887e-19, 2.70402547278e-20],
        "var": [2.99773335457, 93.6948471069, 374.104217529, 162.281005859, 97.5243530273, 109.4454422, 23.4260864258, 185.000747681, 368.946777344, 1374.52197266, 10157.5664062, 5957.27685547, 17577.78125, 8447.69335938, 42573.8789062, 1606.94750977, 1302.53613281, 22357.0917969, 983.103271484, 33279.8828125, 1163.87133789, 795.043640137, 268.080688477, 275.209381104, 243.665267944, 236.460220337, 362.135620117, 53.9416160583, 44.6056976318, 19.2793312073, 19.1280994415, 32.511138916, 14.0151968002, 11.6388959885, 6.82734823227, 1.14212882519, 0.691314637661, 0.0278925206512, 4.45015211881e-05, 2.4629216e-08]
    },
    "gfcc": {
        "mean": [-69.7886962891, 112.131980896, -81.2326126099, 28.866891861, -23.9031505585, 37.0451660156, -24.1333007812, 16.7526435852, -17.9385662079, 5.11031103134, -17.259771347, -4.23447561264, -6.93028783798],
        "cov": [[27150.78125, 1954.47888184, -2417.38354492, 31.0684089661, -809.626831055, -404.852264404, -896.262817383, -384.505279541, 214.01260376, 567.178588867, 26.6353778839, -373.325897217, -317.920684814], [1954.47888184, 1924.07849121, -598.80078125, -253.948806763, 136.10484314, -107.731773376, 69.1229171753, -187.617889404, 162.868759155, -170.207565308, 163.603591919, -261.842559814, 139.648193359], [-2417.38354492, -598.80078125, 974.017150879, 192.883895874, 150.855789185, 160.028137207, 176.872894287, 87.3816757202, -81.9828643799, 1.49378442764, -66.724067688, 127.027030945, -4.2684044838], [31.0684089661, -253.948806763, 192.883895874, 298.687988281, 33.0334854126, 37.0537796021, 9.62677764893, 10.469537735, -33.7607955933, 13.428393364, -2.3877556324, 43.1235694885, 21.1689815521], [-809.626831055, 136.10484314, 150.855789185, 33.0334854126, 298.902984619, 67.7663803101, 112.21081543, 20.4563446045, 24.5343399048, -57.7148361206, -8.83002948761, -19.4861450195, 30.2809963226], [-404.852264404, -107.731773376, 160.028137207, 37.0537796021, 67.7663803101, 177.715759277, 95.1934509277, 49.6136665344, -28.3161563873, -31.7970981598, -41.9625358582, 14.2450399399, 22.0103549957], [-896.262817383, 69.1229171753, 176.872894287, 9.62677764893, 112.21081543, 95.1934509277, 202.895874023, 45.5873527527, -0.62354940176, -76.0494308472, -20.4647789001, -9.20673942566, 46.7329978943], [-384.505279541, -187.617889404, 87.3816757202, 10.469537735, 20.4563446045, 49.6136665344, 45.5873527527, 139.410903931, 18.8926048279, -5.61869096756, -49.9842987061, 14.0143823624, -28.976984024], [214.01260376, 162.868759155, -81.9828643799, -33.7607955933, 24.5343399048, -28.3161563873, -0.62354940176, 18.8926048279, 97.9924697876, 10.5376386642, 15.5757188797, -33.2368240356, -4.36566877365], [567.178588867, -170.207565308, 1.49378442764, 13.428393364, -57.7148361206, -31.7970981598, -76.0494308472, -5.61869096756, 10.5376386642, 121.30872345, 17.4312953949, 14.8740901947, -46.2173957825], [26.6353778839, 163.603591919, -66.724067688, -2.3877556324, -8.83002948761, -41.9625358582, -20.4647789001, -49.9842987061, 15.5757188797, 17.4312953949, 96.7934570312, 2.16065764427, 15.8284454346], [-373.325897217, -261.842559814, 127.027030945, 43.1235694885, -19.4861450195, 14.2450399399, -9.20673942566, 14.0143823624, -33.2368240356, 14.8740901947, 2.16065764427, 115.902740479, 11.2100276947], [-317.920684814, 139.648193359, -4.2684044838, 21.1689815521, 30.2809963226, 22.0103549957, 46.7329978943, -28.976984024, -4.36566877365, -46.2173957825, 15.8284454346, 11.2100276947, 97.7819442749]],
        "icov": [[9.12554824026e-05, -0.000267995405011, 0.000212135535548, -0.00031449238304, 0.000147392100189, -0.000148282037117, -1.24145708469e-06, 0.000121842174849, 8.23604495963e-05, -0.00062288576737, 0.000614380114712, -0.000348399975337, 0.00043097458547], [-0.000267995405011, 0.00263002049178, -0.000379591132514, 0.00172240042593, -0.000791669881437, 0.000473533553304, -1.01017285488e-05, 0.000883855682332, -0.00192710431293, 0.00378281320445, -0.00401891302317, 0.00385266379453, -0.00270074186847], [0.000212135535548, -0.000379591132514, 0.00259717181325, -0.00144615070894, -0.000361238460755, -0.000620971375611, -0.00198881863616, 0.000625237124041, 0.000827049778309, -0.00225037126802, 0.0019400739111, -0.00240238197148, 0.0019803752657], [-0.00031449238304, 0.00172240042593, -0.00144615070894, 0.00564001500607, -0.00109158980194, 0.000294038996799, 0.00109753280412, -0.000612421950791, 3.3042702853e-05, 0.00224189739674, -0.00357435131446, 0.0024664090015, -0.0038437328767], [0.000147392100189, -0.000791669881437, -0.000361238460755, -0.00109158980194, 0.0051753949374, -0.00114310358185, -0.00128410197794, 0.000619641097728, -0.00168904080056, 0.000175208973815, 0.00110640679486, -0.000316415884299, 0.00114691641647], [-0.000148282037117, 0.000473533553304, -0.000620971375611, 0.000294038996799, -0.00114310358185, 0.0096342060715, -0.00296945404261, -0.00226532970555, 0.00260560167953, -8.92985117389e-05, 0.0010835629655, 0.000806275813375, -0.00250961910933], [-1.24145708469e-06, -1.01017285488e-05, -0.00198881863616, 0.00109753280412, -0.00128410197794, -0.00296945404261, 0.0118007622659, -0.00299817719497, -0.000487645564135, 0.0042792102322, -0.0019202074036, 0.00290766102262, -0.00379807595164], [0.000121842174849, 0.000883855682332, 0.000625237124041, -0.000612421950791, 0.000619641097728, -0.00226532970555, -0.00299817719497, 0.0137877268717, -0.00624583568424, 0.00123634352349, 0.00446825567633, -0.00210304767825, 0.0049538933672], [8.23604495963e-05, -0.00192710431293, 0.000827049778309, 3.3042702853e-05, -0.00168904080056, 0.00260560167953, -0.000487645564135, -0.00624583568424, 0.0171975400299, -0.00559330545366, -0.000233483500779, 0.000813524180558, -0.0005637286813], [-0.00062288576737, 0.00378281320445, -0.00225037126802, 0.00224189739674, 0.000175208973815, -8.92985117389e-05, 0.0042792102322, 0.00123634352349, -0.00559330545366, 0.0206357352436, -0.00923782680184, 0.00424649566412, 0.000788266013842], [0.000614380114712, -0.00401891302317, 0.0019400739111, -0.00357435131446, 0.00110640679486, 0.0010835629655, -0.0019202074036, 0.00446825567633, -0.000233483500779, -0.00923782680184, 0.022029267624, -0.00814242940396, 0.00324176042341], [-0.000348399975337, 0.00385266379453, -0.00240238197148, 0.0024664090015, -0.000316415884299, 0.000806275813375, 0.00290766102262, -0.00210304767825, 0.000813524180558, 0.00424649566412, -0.00814242940396, 0.0188884641975, -0.00817410834134], [0.00043097458547, -0.00270074186847, 0.0019803752657, -0.0038437328767, 0.00114691641647, -0.00250961910933, -0.00379807595164, 0.0049538933672, -0.0005637286813, 0.000788266013842, 0.00324176042341, -0.00817410834134, 0.020656503737]]
    },
    "melbands": {
        "dmean": [0.00467254780233, 0.00358736864291, 0.000807586475275, 0.000238891516346, 7.04011617927e-05, 4.77076682728e-05, 4.45694131486e-05, 5.39220272913e-05, 8.02956783446e-05, 9.5946212241e-05, 7.93317158241e-05, 4.10771499446e-05, 9.39162709983e-05, 2.22915568884e-05, 1.22387000374e-05, 4.64083750558e-05, 5.22130503668e-05, 1.13915884867e-05, 2.68937492365e-05, 2.72440520348e-05, 8.44678197609e-06, 6.64673416395e-06, 3.1133961329e-06, 3.97672056351e-06, 2.7862818115e-06, 2.60581896327e-06, 1.86144950476e-06, 2.07116545425e-06, 2.14549754673e-06, 1.18641230529e-06, 8.04529008747e-07, 7.29182318082e-07, 5.874061344e-07, 4.9325535656e-07, 5.06836101977e-07, 5.54095890948e-07, 6.03353896622e-07, 5.15356418873e-07, 4.90217075821e-07, 5.37631649422e-07],
        "dmean2": [0.00796777475625, 0.00601007789373, 0.00140678277239, 0.000400102173444, 0.000114771122753, 7.87829121691e-05, 7.45802681195e-05, 7.87338576629e-05, 9.89243562799e-05, 0.000111260378617, 8.88004506123e-05, 5.86067653785e-05, 0.00014052541519, 3.4342512663e-05, 1.95194515982e-05, 7.07357830834e-05, 7.66683733673e-05, 1.75257227966e-05, 3.9474460209e-05, 3.87028630939e-05, 1.3946710169e-05, 1.033548142e-05, 4.86400540467e-06, 6.11764062342e-06, 4.46242438557e-06, 4.3375189307e-06, 3.07358800455e-06, 3.21663787872e-06, 3.28993428411e-06, 1.87312900835e-06, 1.25434235088e-06, 1.09102404622e-06, 8.8174499524e-07, 7.45689078485e-07, 7.66041921452e-07, 8.30350927572e-07, 9.16448072985e-07, 7.64991796132e-07, 7.52766538881e-07, 8.1247981143e-07],
        "dvar": [0.000186535035027, 6.05523237027e-05, 2.94867709272e-06, 2.21988173621e-07, 1.08418358735e-08, 2.30079955088e-08, 1.50048844461e-08, 3.09384589059e-08, 9.10326818371e-08, 1.14495556147e-07, 1.10613449067e-07, 5.17995211169e-08, 7.0937522878e-07, 4.18234202826e-09, 1.25435439813e-09, 1.6283928872e-08, 2.38530848407e-08, 9.40060584931e-10, 1.09594022746e-08, 1.63362177119e-08, 6.47596920533e-10, 6.15643092061e-10, 2.39526343204e-10, 2.22131729677e-10, 1.37947722689e-10, 1.95311128381e-10, 8.96076685075e-11, 1.03614228308e-10, 3.12689402149e-10, 3.49454944149e-11, 1.23204215927e-11, 1.22240993369e-11, 5.64490164681e-12, 3.60509907517e-12, 4.47742710963e-12, 4.86129756241e-12, 6.3163328734e-12, 4.88852751682e-12, 4.34708909494e-12, 4.839848574e-12],
        "dvar2": [0.000494939275086, 0.000158593233209, 8.35361151985e-06, 5.98320468725e-07, 3.01195441921e-08, 5.63573436807e-08, 3.40887140737e-08, 5.7508852791e-08, 1.21774007766e-07, 1.46925316358e-07, 1.32589462964e-07, 9.47960572262e-08, 1.34965853249e-06, 9.80304992737e-09, 2.90508617162e-09, 3.30289928741e-08, 4.43216379153e-08, 2.08250150457e-09, 2.15590301167e-08, 3.16177839466e-08, 1.65246694106e-09, 1.51687507e-09, 6.20493767478e-10, 5.28689425572e-10, 3.17184806198e-10, 5.26161947345e-10, 2.22230789326e-10, 2.59604310271e-10, 7.91150478463e-10, 8.86653736543e-11, 2.87131984855e-11, 2.92290081028e-11, 1.29611538516e-11, 8.27440199691e-12, 9.89973034105e-12, 1.09021862718e-11, 1.25916516797e-11, 9.67652347139e-12, 1.10343834764e-11, 9.78631498755e-12],
        "max": [0.1740847826, 0.125383168459, 0.0211175289005, 0.00944674480706, 0.00153112027328, 0.00450511090457, 0.00329238036647, 0.00444498797879, 0.00890863500535, 0.0088146366179, 0.00922843907028, 0.004993095994, 0.0212113410234, 0.00132822815794, 0.00072198122507, 0.00242463732138, 0.0029595172964, 0.000451404659543, 0.00251205870882, 0.00249291583896, 0.000338411831763, 0.000497628527228, 0.000305056688376, 0.000259732682025, 0.000192251900444, 0.000222329574171, 0.000141439304571, 0.000217731212615, 0.000582402746659, 0.000116173665447, 5.74429432163e-05, 6.99936936144e-05, 4.33251043432e-05, 3.19618411595e-05, 4.44990510005e-05, 4.2423409468e-05, 7.34414497856e-05, 5.32626654604e-05, 4.68804573757e-05, 5.8115729189e-05],
        "mean": [0.00862897839397, 0.00747006060556, 0.00143626215868, 0.000513720617164, 0.000195646236534, 0.000117620140372, 0.000115338079922, 0.000160537048941, 0.000267233292107, 0.000227328535402, 0.000186191449757, 7.7691169281e-05, 0.000144888850627, 5.4135613027e-05, 2.44803122769e-05, 8.3160099166e-05, 9.57104130066e-05, 2.25555286306e-05, 5.02372895426e-05, 4.77973953821e-05, 1.46742495417e-05, 1.25384249259e-05, 4.55008466815e-06, 6.13914880887e-06, 4.29871306551e-06, 3.07750178763e-06, 2.3283430437e-06, 2.85136843559e-06, 2.7081450753e-06, 1.47376715631e-06, 1.1443164567e-06, 1.12072689262e-06, 8.47377464197e-07, 7.23384516732e-07, 6.86527982907e-07, 7.79706169851e-07, 9.28129338718e-07, 6.87966576152e-07, 6.35874698673e-07, 8.40286304538e-07],
        "median": [0.00548104103655, 0.00412093382329, 0.000782950373832, 0.000324162625475, 0.00012988942035, 3.33333737217e-05, 3.60597332474e-05, 3.92268339056e-05, 2.18665409193e-05, 2.76380433206e-05, 2.51960445894e-05, 1.38603809319e-05, 2.92738404823e-05, 2.045416295e-05, 6.53858296573e-06, 1.86973593372e-05, 1.85933859029e-05, 7.70879250922e-06, 7.75643820816e-06, 4.4526586862e-06, 3.2788898352e-06, 2.31553167396e-06, 6.41598887796e-07, 9.12912014428e-07, 8.27314636354e-07, 5.63861931369e-07, 3.81679654993e-07, 3.69395564803e-07, 2.66681752237e-07, 2.22305033049e-07, 1.54888951442e-07, 1.13759810461e-07, 1.11757280763e-07, 8.65220712853e-08, 8.09477995745e-08, 8.15638188101e-08, 7.26860704958e-08, 5.88552282466e-08, 7.35642373684e-08, 6.21462135086e-08],
        "min": [8.74685126012e-25, 1.98412086071e-24, 5.07081643699e-24, 4.92510396704e-24, 4.77269643458e-24, 3.38527035701e-24, 4.09136792036e-24, 2.88061769493e-24, 3.9865728767e-24, 4.66092273292e-24, 4.55837278739e-24, 3.14644902884e-24, 3.69200866481e-24, 2.97668892305e-24, 6.7158805419e-24, 3.67622513582e-24, 4.02917018229e-24, 2.15745016766e-24, 6.49081813121e-24, 4.844102546e-24, 3.02324986026e-24, 3.75069991616e-24, 5.46273633977e-24, 4.51029447623e-24, 7.15279509856e-24, 4.50401277684e-24, 5.07855319032e-24, 4.86821407956e-24, 6.32389516366e-24, 8.07420514624e-24, 9.58920699269e-24, 5.88693169763e-24, 8.07288538195e-24, 7.34466658109e-24, 6.29364116466e-24, 5.01587345823e-24, 6.98915615896e-24, 8.77675046894e-24, 7.62902332729e-24, 6.58979295911e-24],
        "var": [0.000197443703655, 0.000110732886242, 4.2743558879e-06, 4.57409612409e-07, 4.80338542275e-08, 1.13243828537e-07, 8.08130593555e-08, 1.33847095185e-07, 6.05179195645e-07, 4.62007477608e-07, 4.47044243401e-07, 1.11024455407e-07, 9.57818883762e-07, 1.06439737024e-08, 2.48642528788e-09, 4.14129814885e-08, 6.56814336253e-08, 1.89062920875e-09, 2.43336764072e-08, 3.51736844095e-08, 1.14176978983e-09, 1.07877684563e-09, 2.59872706687e-10, 3.16735637718e-10, 1.78252523853e-10, 1.64955937798e-10, 9.09644373714e-11, 1.21930299191e-10, 2.61432264725e-10, 3.43474207409e-11, 1.68392331329e-11, 1.95945221854e-11, 8.14235571328e-12, 5.33666210181e-12, 6.07414942996e-12, 7.97738958225e-12, 1.6585420537e-11, 8.23563439667e-12, 4.80781820605e-12, 1.20201635104e-11]
    },
    "mfcc": {
        "mean": [-721.816223145, 147.91885376, 15.7818031311, 18.4669265747, 26.0471725464, 22.6649265289, 17.353099823, 11.3676757812, 14.1146116257, 11.5044221878, 3.77665996552, 0.247899517417, 0.308215081692],
        "cov": [[19186.53125, 2079.73779297, -1337.65539551, -424.402801514, -29.8936138153, -327.064117432, -734.014953613, -891.391052246, -498.815826416, 135.975219727, 192.432846069, 152.753890991, -88.8416290283], [2079.73779297, 2154.58618164, -436.409973145, -146.761764526, 88.0293655396, 33.1251068115, -8.78951263428, -39.508102417, -4.24170446396, 52.5175857544, 16.4402008057, -6.0566277504, -18.4606819153], [-1337.65539551, -436.409973145, 628.132385254, 151.347015381, 36.0263900757, 118.123695374, 136.277755737, 102.110610962, 69.6014022827, -7.92403268814, -7.46734571457, -38.9571533203, 0.397802621126], [-424.402801514, -146.761764526, 151.347015381, 219.348754883, 79.7822723389, 48.6519927979, 56.7515983582, 32.9250984192, 20.416891098, -15.6987075806, -17.6477222443, -2.2278585434, 23.3595314026], [-29.8936138153, 88.0293655396, 36.0263900757, 79.7822723389, 159.395599365, 63.922164917, 43.6971206665, 29.4126873016, 37.4632301331, 12.3709087372, 6.4923043251, -12.0186882019, 19.3906707764], [-327.064117432, 33.1251068115, 118.123695374, 48.6519927979, 63.922164917, 151.788879395, 105.998794556, 56.1241531372, 46.9228782654, 3.89064097404, -20.1332149506, -37.5949897766, -16.1746692657], [-734.014953613, -8.78951263428, 136.277755737, 56.7515983582, 43.6971206665, 105.998794556, 169.88760376, 107.14415741, 71.0691604614, 12.1740112305, -22.638715744, -34.5242385864, -14.652589798], [-891.391052246, -39.508102417, 102.110610962, 32.9250984192, 29.4126873016, 56.1241531372, 107.14415741, 192.716217041, 111.705528259, 1.92275488377, -28.6884059906, -16.6466312408, 5.78417921066], [-498.815826416, -4.24170446396, 69.6014022827, 20.416891098, 37.4632301331, 46.9228782654, 71.0691604614, 111.705528259, 147.814422607, 31.7430267334, -8.95185661316, -17.2757530212, -11.0494003296], [135.975219727, 52.5175857544, -7.92403268814, -15.6987075806, 12.3709087372, 3.89064097404, 12.1740112305, 1.92275488377, 31.7430267334, 70.3762435913, 35.6788864136, 1.0351806879, -16.9053592682], [192.432846069, 16.4402008057, -7.46734571457, -17.6477222443, 6.4923043251, -20.1332149506, -22.638715744, -28.6884059906, -8.95185661316, 35.6788864136, 99.7077560425, 30.0698490143, -10.2360725403], [152.753890991, -6.0566277504, -38.9571533203, -2.2278585434, -12.0186882019, -37.5949897766, -34.5242385864, -16.6466312408, -17.2757530212, 1.0351806879, 30.0698490143, 78.197227478, 36.0223655701], [-88.8416290283, -18.4606819153, 0.397802621126, 23.3595314026, 19.3906707764, -16.1746692657, -14.652589798, 5.78417921066, -11.0494003296, -16.9053592682, -10.2360725403, 36.0223655701, 111.602676392]],
