{
"lowlevel": {
    "average_loudness": 0.79747146368,
    "barkbands_crest": {
        "dmean": 3.31065011024,
        "dmean2": 5.64385557175,
        "dvar": 8.62540817261,
        "dvar2": 24.4118080139,
        "max": 24.2923793793,
        "mean": 12.1589994431,
        "median": 11.5903720856,
        "min": 2.97124552727,
        "var": 20.2893428802
    },
    "barkbands_flatness_db": {
        "dmean": 0.0337012521923,
        "dmean2": 0.0518595986068,
        "dvar": 0.00112412835006,
        "dvar2": 0.0022173053585,
        "max": 0.465594112873,
        "mean": 0.212355598807,
        "median": 0.202144429088,
        "min": 0.0369655415416,
        "var": 0.00716272555292
    },
    "barkbands_kurtosis": {
        "dmean": 14.3535394669,
        "dmean2": 23.7147388458,
        "dvar": 485.718902588,
        "dvar2": 1288.21240234,
        "max": 194.50819397,
        "mean": 26.1771183014,
        "median": 15.2592010498,
        "min": -1.94874644279,
        "var": 1008.47845459
    },
    "barkbands_skewness": {
        "dmean": 1.1161249876,
        "dmean2": 1.82170689106,
        "dvar": 1.41801822186,
        "dvar2": 3.56266641617,
        "max": 11.7680358887,
        "mean": 3.36164045334,
        "median": 3.13351559639,
        "min": -3.85696077347,
        "var": 5.58302402496
    },
    "barkbands_spread": {
        "dmean": 7.20695734024,
        "dmean2": 11.3460636139,
        "dvar": 152.636276245,
        "dvar2": 313.113220215,
        "max": 125.870307922,
        "mean": 22.3862495422,
        "median": 6.78826236725,
        "min": 0.403885304928,
        "var": 910.814147949
    },
    "dissonance": {
        "dmean": 0.0201251879334,
        "dmean2": 0.0343369841576,
        "dvar": 0.000395459035644,
        "dvar2": 0.00105262396391,
        "max": 0.500000119209,
        "mean": 0.461177408695,
        "median": 0.467484593391,
        "min": 0.262533634901,
        "var": 0.000819879525807
    },
    "dynamic_complexity": 7.62450838089,
    "erbbands_crest": {
        "dmean": 3.01625776291,
        "dmean2": 5.07891130447,
        "dvar": 8.1999874115,
        "dvar2": 19.9107456207,
        "max": 28.4054298401,
        "mean": 9.40673542023,
        "median": 8.05765151978,
        "min": 2.49045562744,
        "var": 22.5579948425
    },
    "erbbands_flatness_db": {
        "dmean": 0.0212028678507,
        "dmean2": 0.0325016342103,
        "dvar": 0.000617236772086,
        "dvar2": 0.00114950595889,
        "max": 0.317838788033,
        "mean": 0.152661815286,
        "median": 0.145329579711,
        "min": 0.0572460517287,
        "var": 0.00282503990456
    },
    "erbbands_kurtosis": {
        "dmean": 2.43731999397,
        "dmean2": 3.88102960587,
        "dvar": 11.9477844238,
        "dvar2": 27.1615772247,
        "max": 46.3449897766,
        "mean": 3.33346319199,
        "median": 2.22109508514,
        "min": -1.83508896828,
        "var": 25.2970657349
    },
    "erbbands_skewness": {
        "dmean": 0.539211273193,
        "dmean2": 0.852950155735,
        "dvar": 0.366323590279,
        "dvar2": 0.717738687992,
        "max": 5.60242795944,
        "mean": 0.874951064587,
        "median": 1.24332427979,
        "min": -2.78207707405,
        "var": 2.55734848976
    },
    "erbbands_spread": {
        "dmean": 14.7167568207,
        "dmean2": 22.6673145294,
        "dvar": 335.491668701,
        "dvar2": 733.090515137,
        "max": 175.160079956,
        "mean": 52.387928009,
        "median": 40.2929763794,
        "min": 3.940097332,
        "var": 1335.39562988
    },
    "hfc": {
        "dmean": 4.76830673218,
        "dmean2": 6.32402229309,
        "dvar": 133.633712769,
        "dvar2": 256.017852783,
        "max": 198.141113281,
        "mean": 8.54910850525,
        "median": 2.47377157211,
        "min": 1.24579395656e-16,
        "var": 250.124298096
    },
    "melbands_crest": {
        "dmean": 4.0332736969,
        "dmean2": 6.60723257065,
        "dvar": 11.5076828003,
        "dvar2": 27.9046440125,
        "max": 33.2488937378,
        "mean": 17.9401607513,
        "median": 17.489572525,
        "min": 3.09628534317,
        "var": 37.4305686951
    },
    "melbands_flatness_db": {
        "dmean": 0.0400648266077,
        "dmean2": 0.061601832509,
        "dvar": 0.00164438469801,
        "dvar2": 0.00324436440133,
        "max": 0.614866375923,
        "mean": 0.289171695709,
        "median": 0.282022893429,
        "min": 0.0106246322393,
        "var": 0.0123272854835
    },
    "melbands_kurtosis": {
        "dmean": 31.8375263214,
        "dmean2": 52.7702255249,
        "dvar": 2190.62890625,
        "dvar2": 5579.67578125,
        "max": 514.631835938,
        "mean": 65.3248291016,
        "median": 39.5479850769,
        "min": -1.83790552616,
        "var": 5431.59277344
    },
    "melbands_skewness": {
        "dmean": 1.4655816555,
        "dmean2": 2.38043379784,
        "dvar": 2.28552699089,
        "dvar2": 5.53055715561,
        "max": 17.6771678925,
        "mean": 5.24203491211,
        "median": 4.64891338348,
        "min": -0.455253779888,
        "var": 9.12617874146
    },
    "melbands_spread": {
        "dmean": 7.84577417374,
        "dmean2": 12.7767953873,
        "dvar": 338.826629639,
        "dvar2": 709.925292969,
        "max": 231.449768066,
        "mean": 18.1567077637,
        "median": 5.61863565445,
        "min": 0.365343630314,
        "var": 1210.63623047
    },
    "pitch_salience": {
        "dmean": 0.106478989124,
        "dmean2": 0.175992563367,
        "dvar": 0.00837439019233,
        "dvar2": 0.0219233687967,
        "max": 0.835149049759,
        "mean": 0.513836503029,
        "median": 0.537018954754,
        "min": 0.0519243814051,
        "var": 0.0232258997858
    },
    "silence_rate_20dB": {
        "dmean": 0,
        "dmean2": 0,
        "dvar": 0,
        "dvar2": 0,
        "max": 1,
        "mean": 1,
        "median": 1,
        "min": 1,
        "var": 0
    },
    "silence_rate_30dB": {
        "dmean": 0.0237113405019,
        "dmean2": 0.0474471375346,
        "dvar": 0.0231490265578,
        "dvar2": 0.0524157136679,
        "max": 1,
        "mean": 0.972694516182,
        "median": 1,
        "min": 0,
        "var": 0.0265595130622
    },
    "silence_rate_60dB": {
        "dmean": 0.0845360830426,
        "dmean2": 0.16864362359,
        "dvar": 0.077389575541,
        "dvar2": 0.155676022172,
        "max": 1,
        "mean": 0.370942801237,
        "median": 0,
        "min": 0,
        "var": 0.23334749043
    },
    "spectral_centroid": {
        "dmean": 270.701080322,
        "dmean2": 408.795135498,
        "dvar": 246280.765625,
        "dvar2": 420788.6875,
        "max": 11113.9150391,
        "mean": 1104.49438477,
        "median": 491.283660889,
        "min": 125.101112366,
        "var": 1509018.25
    },
    "spectral_complexity": {
        "dmean": 1.92061853409,
        "dmean2": 2.96338319778,
        "dvar": 9.99578380585,
        "dvar2": 18.4128437042,
        "max": 45,
        "mean": 5.96496629715,
        "median": 4,
        "min": 0,
        "var": 43.4039726257
    },
    "spectral_decrease": {
        "dmean": 2.66741295718e-09,
        "dmean2": 3.91900467633e-09,
        "dvar": 2.45467368787e-17,
        "dvar2": 5.07835625676e-17,
        "max": 5.69929133604e-29,
        "mean": -4.89616303057e-09,
        "median": -1.42700806727e-09,
        "min": -6.73184530342e-08,
        "var": 6.39158356504e-17
    },
    "spectral_energy": {
        "dmean": 0.010428622365,
        "dmean2": 0.0152335576713,
        "dvar": 0.000367245898815,
        "dvar2": 0.000752548978198,
        "max": 0.258690923452,
        "mean": 0.0192546565086,
        "median": 0.00595734920353,
        "min": 1.10846087569e-20,
        "var": 0.000962449179497
    },
    "spectral_energyband_high": {
        "dmean": 0.000309118215227,
        "dmean2": 0.000426892831456,
        "dvar": 9.02156443772e-07,
        "dvar2": 1.88505111964e-06,
        "max": 0.0148693956435,
        "mean": 0.000466461991891,
        "median": 5.99671038799e-05,
        "min": 8.07083354842e-21,
        "var": 1.369301458e-06
    },
    "spectral_energyband_low": {
        "dmean": 0.00604472495615,
        "dmean2": 0.0095928600058,
        "dvar": 0.00018448427727,
        "dvar2": 0.00045664224308,
        "max": 0.210418447852,
        "mean": 0.00953469891101,
        "median": 0.00134816183709,
        "min": 1.74468024517e-22,
        "var": 0.000411567889387
    },
    "spectral_energyband_middle_high": {
        "dmean": 0.000587177986745,
        "dmean2": 0.000914911157452,
        "dvar": 4.33051854998e-06,
        "dvar2": 1.08296853796e-05,
        "max": 0.029258934781,
        "mean": 0.00081502343528,
        "median": 7.92335122242e-05,
        "min": 1.35952313649e-21,
        "var": 5.71236114411e-06
    },
    "spectral_energyband_middle_low": {
        "dmean": 0.006013603881,
        "dmean2": 0.00904696900398,
        "dvar": 0.000182919291547,
        "dvar2": 0.000353265932063,
        "max": 0.165256395936,
        "mean": 0.00978150963783,
        "median": 0.0018621541094,
        "min": 2.62550579742e-22,
        "var": 0.000425125908805
    },
    "spectral_entropy": {
        "dmean": 0.276215910912,
        "dmean2": 0.425023704767,
        "dvar": 0.125023111701,
        "dvar2": 0.236159533262,
        "max": 9.81580352783,
        "mean": 7.36966133118,
        "median": 7.34511089325,
        "min": 5.08922290802,
        "var": 0.609649062157
    },
    "spectral_flux": {
        "dmean": 0.0252543818206,
        "dmean2": 0.0406596623361,
        "dvar": 0.00134470162448,
        "dvar2": 0.00298626022413,
        "max": 0.308795720339,
        "mean": 0.0629632398486,
        "median": 0.0442309379578,
        "min": 1.05283469443e-10,
        "var": 0.00327593367547
    },
    "spectral_kurtosis": {
        "dmean": 2.26498436928,
        "dmean2": 3.74506449699,
        "dvar": 14.1882390976,
        "dvar2": 35.8903274536,
        "max": 65.2371902466,
        "mean": 4.37372016907,
        "median": 2.58333349228,
        "min": -1.18794322014,
        "var": 34.0203819275
    },
    "spectral_rms": {
        "dmean": 0.000972582492977,
        "dmean2": 0.00137938268017,
        "dvar": 1.74202966718e-06,
        "dvar2": 3.18831484947e-06,
        "max": 0.015886515379,
        "mean": 0.00328145804815,
        "median": 0.00241081905551,
        "min": 3.28850315034e-12,
        "var": 8.01705755293e-06
    },
    "spectral_rolloff": {
        "dmean": 689.20916748,
        "dmean2": 1173.34643555,
        "dvar": 3208679.75,
        "dvar2": 6885839,
        "max": 19035.3515625,
        "mean": 1904.44909668,
        "median": 279.931640625,
        "min": 64.599609375,
        "var": 11308877
    },
    "spectral_skewness": {
        "dmean": 0.312836617231,
        "dmean2": 0.493572682142,
        "dvar": 0.181956410408,
        "dvar2": 0.392507314682,
        "max": 6.37605619431,
        "mean": 1.55584836006,
        "median": 1.49310517311,
        "min": -0.0312463492155,
        "var": 0.772258877754
    },
    "spectral_spread": {
        "dmean": 916576.8125,
        "dmean2": 1319451.625,
        "dvar": 2.28078675558e+12,
        "dvar2": 3.59231075123e+12,
        "max": 40534200,
        "mean": 6306968.5,
        "median": 5432368,
        "min": 1207041.375,
        "var": 9.44937264742e+12
    },
    "spectral_strongpeak": {
        "dmean": 0.201745420694,
        "dmean2": 0.318036109209,
        "dvar": 0.232014879584,
        "dvar2": 0.536615610123,
        "max": 7.84247016907,
        "mean": 0.402450621128,
        "median": 0.181278914213,
        "min": 0,
        "var": 0.348325014114
    },
    "zerocrossingrate": {
        "dmean": 0.0161251109093,
        "dmean2": 0.0182895194739,
        "dvar": 0.000810854136944,
        "dvar2": 0.000819980748929,
        "max": 0.5234375,
        "mean": 0.0682091936469,
        "median": 0.02978515625,
        "min": 0.001953125,
        "var": 0.00714081106707
    },
    "barkbands": {
        "dmean": [4.99088200741e-05, 0.00245189410634, 0.00338674616069, 0.00248502264731, 0.00272773322649, 0.00100464781281, 0.000704875332303, 0.000350884685759, 0.000293369084829, 0.000409546744777, 9.39498568187e-05, 6.39074933133e-05, 3.81338759325e-05, 2.95913450827e-05, 3.04561763187e-05, 2.19925423153e-05, 1.76053799805e-05, 1.53331511683e-05, 2.33047303482e-05, 2.16712105612e-05, 4.52878193755e-05, 6.02708714723e-05, 3.20324506902e-05, 4.58203103335e-05, 6.34599418845e-05, 7.09767555236e-05, 4.90380307383e-06],
        "dmean2": [6.56381234876e-05, 0.00423508509994, 0.005261474289, 0.00396691681817, 0.00437936512753, 0.00150790507905, 0.00124454312027, 0.000535956642125, 0.000501395319588, 0.000694960239343, 0.000162925323821, 0.000109941152914, 5.98015612923e-05, 4.75181586808e-05, 4.63411342935e-05, 3.34418255079e-05, 2.82345663436e-05, 2.38531465584e-05, 3.58140096068e-05, 3.27837442455e-05, 6.98844814906e-05, 9.17954748729e-05, 4.68225043733e-05, 6.64415565552e-05, 9.19157391763e-05, 0.000100053679489, 7.81090693636e-06],
        "dvar": [8.24524715171e-09, 3.10952273139e-05, 8.79292929312e-05, 3.39439611707e-05, 4.30625550507e-05, 1.15019520308e-05, 6.34286789136e-06, 1.213529913e-06, 8.03427838036e-07, 2.96501571029e-06, 1.56235017812e-07, 7.00676991983e-08, 1.16578382503e-08, 7.74742225929e-09, 9.61137658351e-09, 5.76464875834e-09, 3.40624040085e-09, 2.57559995553e-09, 4.89255302938e-09, 3.81287224016e-09, 1.86551272208e-08, 2.25825953493e-08, 6.96061785987e-09, 2.13890523071e-08, 7.23791231394e-08, 1.03154604858e-07, 8.47528991432e-10],
        "dvar2": [1.62971254269e-08, 9.02799365576e-05, 0.000205376883969, 9.01213061297e-05, 9.43867053138e-05, 2.39645996771e-05, 1.80381084647e-05, 2.72103670795e-06, 2.16534681385e-06, 7.91206184658e-06, 4.37461949332e-07, 2.06487911214e-07, 2.71347015968e-08, 1.95447764639e-08, 2.19022968651e-08, 1.39744473771e-08, 8.9815443971e-09, 6.11800921035e-09, 1.25167991527e-08, 9.07386521476e-09, 4.84065481032e-08, 5.23214254144e-08, 1.58441810783e-08, 4.40391403345e-08, 1.61466914506e-07, 2.1523699445e-07, 2.01129668476e-09],
        "max": [0.00109291728586, 0.0500928610563, 0.137069270015, 0.0752753019333, 0.10912810266, 0.0721989274025, 0.0497719459236, 0.0241227019578, 0.0147741138935, 0.0237828418612, 0.00716663943604, 0.00580617785454, 0.00203294539824, 0.00115634955, 0.00131351256277, 0.00160190521274, 0.00114939070772, 0.00109821406659, 0.0016552801244, 0.00127524835989, 0.00231151957996, 0.00207999628037, 0.00129750475753, 0.00260488083586, 0.00454823765904, 0.00579412002116, 0.000716207548976],
        "mean": [8.35078535601e-05, 0.00303748692386, 0.00510424841195, 0.00295519805513, 0.00378567236476, 0.00136563798878, 0.000751238607336, 0.00048439722741, 0.000373911112547, 0.000390152563341, 0.000109843596874, 7.90897902334e-05, 5.70109077671e-05, 4.02582918468e-05, 4.22266275564e-05, 3.10403447656e-05, 2.42752921622e-05, 2.33784121519e-05, 3.72296344722e-05, 3.36073171638e-05, 6.54895920889e-05, 8.70724470587e-05, 5.0546892453e-05, 6.84905171511e-05, 8.30456556287e-05, 8.6274179921e-05, 4.32632214142e-06],
        "median": [7.43634836908e-06, 0.000414506153902, 0.000165574601851, 0.00038925226545, 0.000628165958915, 7.80606060289e-05, 4.51667510788e-05, 2.75001948467e-05, 2.51477158599e-05, 1.38886298373e-05, 7.24839992472e-06, 6.32706223769e-06, 7.41061285225e-06, 3.18155184686e-06, 3.48524304172e-06, 3.2796576761e-06, 3.24652864947e-06, 3.43500664712e-06, 6.24678477834e-06, 6.34552998235e-06, 1.1956554772e-05, 1.39269122883e-05, 8.65399579197e-06, 5.40722203368e-06, 3.28005558003e-06, 1.11703366201e-06, 1.39073819128e-09],
        "min": [8.26992926766e-23, 7.49930240895e-23, 3.44172408329e-23, 1.41083371055e-23, 6.52283460325e-23, 7.5814834137e-23, 5.93189574371e-23, 3.95247838726e-23, 8.37807988896e-24, 1.2458724823e-23, 6.86205236556e-23, 6.08846380746e-23, 9.27165135084e-23, 1.54919849338e-22, 7.84415705575e-23, 1.25099367264e-22, 1.98311679855e-22, 1.63750295202e-22, 2.1605456263e-22, 2.59296130922e-22, 4.90632204085e-22, 8.34583283288e-22, 4.47869480674e-22, 1.04550156625e-21, 1.1905968409e-21, 1.92950863871e-21, 2.4293811934e-21],
        "var": [2.10670538792e-08, 4.12452245655e-05, 0.000202263880055, 4.70817903988e-05, 7.5628166087e-05, 1.8630278646e-05, 5.80221967539e-06, 2.22648191084e-06, 1.22269443636e-06, 2.61159152615e-06, 1.51180614694e-07, 7.19452728504e-08, 2.34177832681e-08, 1.20356729028e-08, 1.58426480823e-08, 9.03011976305e-09, 5.22613818887e-09, 4.38836300631e-09, 1.04808020041e-08, 6.87940859834e-09, 2.31499086567e-08, 3.29431735224e-08, 1.10570717027e-08, 3.54115954337e-08, 9.02495145283e-08, 1.36501114412e-07, 7.85433718065e-10]
    },
    "erbbands": {
        "dmean": [0.0604374594986, 0.615227103233, 2.92531943321, 6.47318172455, 11.287694931, 6.79819774628, 6.26666355133, 9.97723579407, 8.24184703827, 9.54071807861, 8.55237865448, 7.66296815872, 7.18765449524, 13.570148468, 3.04927277565, 2.36893796921, 1.67517542839, 1.54816544056, 1.52310025692, 1.42699313164, 1.08377289772, 0.927760899067, 0.825099170208, 1.01649904251, 1.11967682838, 1.04938149452, 1.64631521702, 1.85918879509, 2.43507957458, 1.41494309902, 0.898653745651, 0.864154815674, 0.815805673599, 0.615433931351, 0.561664044857, 0.324281871319, 0.130083218217, 0.0211788527668, 0.000563438690733, 2.57560404862e-05],
        "dmean2": [0.105642482638, 1.05488574505, 4.49207401276, 10.30809021, 17.6939048767, 11.3245649338, 9.79514217377, 14.2363672256, 13.5567588806, 17.0520954132, 12.9145278931, 13.0091505051, 11.9917011261, 23.0039100647, 5.05924129486, 4.00177717209, 2.62588095665, 2.44850158691, 2.37639594078, 2.20343947411, 1.62831389904, 1.46084690094, 1.24983978271, 1.58628487587, 1.67895364761, 1.59459245205, 2.59684467316, 2.88047814369, 3.74970316887, 2.10869050026, 1.31462848186, 1.30550730228, 1.19696640968, 0.918614208698, 0.82816106081, 0.460511624813, 0.189749404788, 0.0313973352313, 0.000850309035741, 3.62977771147e-05],
        "dvar": [0.0183973126113, 1.87484765053, 51.4751243591, 346.154876709, 830.109924316, 295.302825928, 262.491149902, 1257.10888672, 801.417724609, 1028.3223877, 734.764770508, 540.718139648, 888.978820801, 3630.36328125, 127.927780151, 80.7929534912, 22.3857383728, 22.4657688141, 21.1991519928, 23.6347770691, 12.4888048172, 9.03576469421, 6.68953990936, 11.6534118652, 9.53599834442, 9.4215593338, 28.9624137878, 27.3906269073, 37.8032264709, 13.469833374, 5.10022497177, 6.96908998489, 7.17510938644, 6.61792898178, 5.875436306, 2.03942036629, 0.368396937847, 0.011226547882, 9.62888498179e-06, 6.41404040991e-09],
        "dvar2": [0.0561123751104, 5.23183012009, 116.502838135, 920.352416992, 1550.59533691, 804.577697754, 673.430358887, 2549.32446289, 2009.63757324, 3031.81982422, 1700.74609375, 1460.61071777, 2398.85864258, 9812.57910156, 341.822387695, 241.20803833, 52.1231803894, 54.4783554077, 49.209197998, 54.1134796143, 27.6382293701, 23.4782619476, 14.4934387207, 31.3011512756, 21.6059436798, 23.1660709381, 76.3653106689, 69.1302947998, 89.2942047119, 31.712020874, 11.1056537628, 16.0210151672, 14.699877739, 15.5773572922, 13.1690788269, 4.22799396515, 0.795442402363, 0.0246519520879, 2.2408010409e-05, 1.37980480375e-08],
        "max": [1.27777290344, 12.8340845108, 87.333480835, 324.670257568, 402.776275635, 331.146331787, 240.081954956, 730.893310547, 519.126342773, 471.680480957, 569.16796875, 424.844238281, 584.398071289, 904.961303711, 218.800354004, 186.703781128, 82.2370071411, 65.674156189, 67.9899597168, 95.9226074219, 71.2229156494, 58.8846740723, 52.1742668152, 81.197555542, 58.6973152161, 61.6853904724, 115.360443115, 92.7929916382, 91.3888473511, 51.1389274597, 37.8296813965, 37.386680603, 51.1396827698, 50.9781799316, 38.2159233093, 23.841960907, 11.0596723557, 1.91746342182, 0.0694402083755, 0.00147945643403],
        "mean": [0.0712242797017, 0.789287626743, 4.84471940994, 8.52587604523, 15.7475509644, 8.7788066864, 8.37900829315, 12.1910438538, 9.55956363678, 10.4406747818, 12.0398788452, 9.83371257782, 8.22478961945, 12.7454080582, 4.00298881531, 3.13399100304, 2.67447161674, 2.22438573837, 2.171397686, 2.12093520164, 1.58079040051, 1.34618604183, 1.28227603436, 1.58881294727, 1.81295156479, 1.63607752323, 2.40018391609, 2.68455314636, 3.49039769173, 2.06311035156, 1.42749941349, 1.24714660645, 1.18621253967, 0.814943790436, 0.704213142395, 0.40608844161, 0.152440950274, 0.0217915009707, 0.00055601389613, 3.8330184907e-05],
        "median": [0.0103446571156, 0.0975277498364, 0.280249148607, 0.982640087605, 2.27633261681, 1.35777461529, 0.845950603485, 0.626233696938, 0.622367978096, 0.611822783947, 0.685523033142, 0.561573863029, 0.481242150068, 0.38094240427, 0.299097388983, 0.269127935171, 0.358504295349, 0.222954154015, 0.16829456389, 0.215104490519, 0.169254481792, 0.174006849527, 0.180870339274, 0.26291513443, 0.304647892714, 0.311538755894, 0.439740002155, 0.49510794878, 0.559549987316, 0.330496609211, 0.230332538486, 0.128014594316, 0.0785314142704, 0.0395050607622, 0.0192127525806, 0.00757298897952, 0.00127874943428, 7.11009561201e-05, 1.35679929372e-05, 1.06411498564e-05],
        "min": [4.92213540772e-21, 6.84485817657e-21, 2.83382125844e-20, 6.47834607937e-20, 1.08236182487e-19, 2.28941440624e-19, 3.53814357804e-19, 6.87717702783e-19, 1.0753226988e-18, 6.56763828779e-19, 7.14230857668e-19, 2.36394363792e-19, 2.41467746833e-19, 1.12376446343e-18, 3.15573891144e-18, 2.56674268152e-18, 3.66003887766e-18, 6.8142758359e-18, 5.59787407151e-18, 4.44429212515e-18, 9.8536070673e-18, 1.13498816696e-17, 6.3999571971e-18, 1.31519136592e-17, 1.00490681917e-17, 1.22072866346e-17, 1.43258434215e-17, 2.26910580905e-17, 3.11978083254e-17, 2.0800799844e-17, 1.38365106681e-17, 2.18585967569e-17, 1.53611344044e-17, 1.19034871838e-17, 8.86803129361e-18, 5.61275132842e-18, 4.33865950656e-18, 1.22135843742e-18, 3.17753884289e-19, 3.82345691212e-20],
        "var": [0.019648456946, 3.08390140533, 142.145278931, 563.860656738, 1646.99279785, 418.386291504, 407.306396484, 1826.0769043, 863.242675781, 1046.01806641, 1344.4005127, 859.686706543, 800.584777832, 3196.71435547, 152.360717773, 96.8085174561, 50.8176612854, 36.951084137, 35.604927063, 42.9008407593, 21.0077381134, 15.56295681, 13.3256320953, 21.0550899506, 21.1591815948, 15.8125534058, 34.3287391663, 36.4345970154, 52.9891090393, 19.2860736847, 8.69909381866, 10.0946464539, 11.7892150879, 7.76991415024, 7.21096897125, 2.78695392609, 0.454157620668, 0.0124141164124, 9.57285647019e-06, 8.29107804634e-09]
    },
    "gfcc": {
        "mean": [-128.877700806, 91.0102996826, -70.9873962402, 50.3906326294, -70.0191116333, 18.1364135742, -32.4892959595, -0.641248524189, -24.7949981689, -1.53279471397, -20.3809890747, -6.85292005539, -11.6789531708],
        "cov": [[13692.7783203, -1197.01708984, -1191.9005127, -979.850891113, -849.828918457, -362.648956299, -566.127319336, 10.9487485886, -441.413085938, 3.20118689537, -425.876098633, 168.757247925, -167.72442627], [-1197.01708984, 4427.97802734, -1074.59875488, -278.754730225, 150.704437256, -557.997558594, 474.93347168, -750.76940918, 390.595397949, -851.618408203, 404.883575439, -524.248596191, 476.372344971], [-1191.9005127, -1074.59875488, 1707.18615723, 393.298431396, 552.475646973, 535.669433594, 77.1171264648, 334.038208008, -101.797554016, 332.53112793, -93.6846389771, 223.964752197, -176.197265625], [-979.850891113, -278.754730225, 393.298431396, 672.548950195, 329.414764404, 328.383850098, 215.05140686, 152.094284058, 88.4570770264, 94.8585662842, 75.3821868896, -8.5867433548, -23.9499588013], [-849.828918457, 150.704437256, 552.475646973, 329.414764404, 465.290008545, 253.359405518, 233.529983521, 75.3630981445, 93.5562820435, 44.7726325989, 85.9940414429, 7.05500793457, -8.10879707336], [-362.648956299, -557.997558594, 535.669433594, 328.383850098, 253.359405518, 351.798126221, 82.5725326538, 197.418395996, -10.3375902176, 169.161468506, -2.31210207939, 88.2467498779, -67.1822967529], [-566.127319336, 474.93347168, 77.1171264648, 215.05140686, 233.529983521, 82.5725326538, 256.116729736, -7.43183088303, 119.800071716, -64.0855255127, 104.923233032, -55.5200767517, 57.6261558533], [10.9487485886, -750.76940918, 334.038208008, 152.094284058, 75.3630981445, 197.418395996, -7.43183088303, 228.806686401, -34.262096405, 192.548797607, -58.9799880981, 108.286705017, -87.1393508911], [-441.413085938, 390.595397949, -101.797554016, 88.4570770264, 93.5562820435, -10.3375902176, 119.800071716, -34.262096405, 130.338394165, -49.6248626709, 90.8379745483, -54.7898483276, 53.7298088074], [3.20118689537, -851.618408203, 332.53112793, 94.8585662842, 44.7726325989, 169.161468506, -64.0855255127, 192.548797607, -49.6248626709, 242.714080811, -50.8393325806, 134.14894104, -102.774162292], [-425.876098633, 404.883575439, -93.6846389771, 75.3821868896, 85.9940414429, -2.31210207939, 104.923233032, -58.9799880981, 90.8379745483, -50.8393325806, 128.286376953, -36.7525291443, 64.469291687], [168.757247925, -524.248596191, 223.964752197, -8.5867433548, 7.05500793457, 88.2467498779, -55.5200767517, 108.286705017, -54.7898483276, 134.14894104, -36.7525291443, 132.178192139, -44.8216819763], [-167.72442627, 476.372344971, -176.197265625, -23.9499588013, -8.10879707336, -67.1822967529, 57.6261558533, -87.1393508911, 53.7298088074, -102.774162292, 64.469291687, -44.8216819763, 101.499229431]],
        "icov": [[0.000104972226836, 1.06332745418e-05, 0.000174425018486, 0.000112252113468, -8.90471128514e-05, -0.000132116532768, -5.06375981786e-05, -3.05067369482e-05, 0.000208336961805, 0.000177545953193, 0.000221960115596, -0.000255717255641, 0.000176418601768], [1.06332745418e-05, 0.00149971258361, -0.00015004722809, 0.000954490678851, -0.000606862944551, -6.45112595521e-05, -0.000851835822687, 0.00114167691208, -0.000742901465856, 0.00195256376173, -0.000966161023825, 0.00183411769103, -0.00188979704399], [0.000174425018486, -0.00015004722809, 0.00252017611638, 0.000145614016219, -0.00316659384407, -0.0010014885338, 0.000606940942816, -3.20818908222e-05, 0.00189631909598, -0.000478928617667, 0.00208971044049, -0.00196002935991, 0.000432063592598], [0.000112252113468, 0.000954490678851, 0.000145614016219, 0.00482885027304, -0.000357114069629, -0.0037386463955, -0.00207525212318, -3.48382163793e-05, -0.000676827563439, 0.00037805447937, -0.00126332533546, 0.00405256962404, -0.000923779094592], [-8.90471128514e-05, -0.000606862944551, -0.00316659384407, -0.000357114069629, 0.0123208677396, -0.00432777265087, -0.00594653235748, 0.00348412245512, -0.00460615940392, -0.000221353970119, -0.00168027216569, -0.000665179861244, 0.00459458725527], [-0.000132116532768, -6.45112595521e-05, -0.0010014885338, -0.0037386463955, -0.00432777265087, 0.0151044065133, 0.00103634293191, -0.00759777519852, 0.00568413641304, -0.0015315284254, -0.00331123080105, 0.000390119588701, -0.00227990210988], [-5.06375981786e-05, -0.000851835822687, 0.000606940942816, -0.00207525212318, -0.00594653235748, 0.00103634293191, 0.0163847859949, -0.00693887472153, -0.00391743751243, 0.00596583681181, -0.00309336837381, -0.00116440153215, -0.00100538483821], [-3.05067369482e-05, 0.00114167691208, -3.20818908222e-05, -3.48382163793e-05, 0.00348412245512, -0.00759777519852, -0.00693887472153, 0.0259223189205, -0.00641157058999, -0.0109545951709, 0.0106466850266, -0.00319060496986, 0.000101618847111], [0.000208336961805, -0.000742901465856, 0.00189631909598, -0.000676827563439, -0.00460615940392, 0.00568413641304, -0.00391743751243, -0.00641157058999, 0.0269450880587, -0.00625815335661, -0.00887958519161, 0.00701776193455, -0.00478423014283], [0.000177545953193, 0.00195256376173, -0.000478928617667, 0.00037805447937, -0.000221353970119, -0.0015315284254, 0.00596583681181, -0.0109545951709, -0.00625815335661, 0.0313321240246, -0.00835868436843, -0.0118957255036, 0.0116584440693], [0.000221960115596, -0.000966161023825, 0.00208971044049, -0.00126332533546, -0.00168027216569, -0.00331123080105, -0.00309336837381, 0.0106466850266, -0.00887958519161, -0.00835868436843, 0.0270549245179, -0.00533979106694, -0.0065040923655], [-0.000255717255641, 0.00183411769103, -0.00196002935991, 0.00405256962404, -0.000665179861244, 0.000390119588701, -0.00116440153215, -0.00319060496986, 0.00701776193455, -0.0118957255036, -0.00533979106694, 0.029905108735, -0.0125124519691], [0.000176418601768, -0.00188979704399, 0.000432063592598, -0.000923779094592, 0.00459458725527, -0.00227990210988, -0.00100538483821, 0.000101618847111, -0.00478423014283, 0.0116584440693, -0.0065040923655, -0.0125124519691, 0.0320046506822]]
    },
    "melbands": {
        "dmean": [0.000607124122325, 0.00126205349807, 0.00127090991009, 0.000659140467178, 0.000231680838624, 0.000210775266169, 0.000134324582177, 9.66766310739e-05, 6.20272330707e-05, 4.78225010738e-05, 3.73085204046e-05, 5.94425910094e-05, 1.12187790364e-05, 7.55487053539e-06, 4.58115027868e-06, 3.52979645868e-06, 2.97808355754e-06, 2.52930135503e-06, 2.27161285693e-06, 1.70276143763e-06, 1.29843965624e-06, 1.03544061858e-06, 8.44088674512e-07, 7.28076770429e-07, 8.67086328071e-07, 9.71295207819e-07, 6.71147859066e-07, 7.43105260881e-07, 1.00096985989e-06, 1.15430668757e-06, 1.08142569388e-06, 1.4719533965e-06, 1.15658269806e-06, 6.95424319019e-07, 5.67076483549e-07, 4.51738884522e-07, 5.93578874941e-07, 6.29428654975e-07, 5.07606216615e-07, 5.25488701442e-07],
        "dmean2": [0.00106211809907, 0.00195245246869, 0.00197193073109, 0.00106876145583, 0.000365078391042, 0.000305589201162, 0.000224773175432, 0.000168444545125, 9.45051506278e-05, 8.17083928268e-05, 6.28742927802e-05, 0.000100975201349, 1.92050629266e-05, 1.26178974824e-05, 7.45146417103e-06, 5.63522507946e-06, 4.79276832266e-06, 4.04228512707e-06, 3.53702125722e-06, 2.69038196166e-06, 2.0373611278e-06, 1.66029531101e-06, 1.31110562052e-06, 1.12122552309e-06, 1.39154178669e-06, 1.51227914102e-06, 9.97455686047e-07, 1.17122783649e-06, 1.59925855314e-06, 1.83668862519e-06, 1.70210034867e-06, 2.31513217841e-06, 1.77856986738e-06, 1.07445453068e-06, 8.47356432132e-07, 6.93611809766e-07, 9.27816813601e-07, 9.18183673093e-07, 7.83015423167e-07, 7.90439059983e-07],
        "dvar": [1.92370771401e-06, 8.23474874778e-06, 8.86720681592e-06, 2.65207700068e-06, 3.52467708353e-07, 5.61092292628e-07, 2.24544692173e-07, 9.30297190394e-08, 3.57647387261e-08, 2.08238226662e-08, 2.44279885209e-08, 7.0088212567e-08, 1.91243065828e-09, 1.01979547029e-09, 2.5178123475e-10, 1.05394359906e-10, 8.76030220587e-11, 5.43922788754e-11, 5.61617419237e-11, 3.54303322792e-11, 1.95386675589e-11, 1.10313216894e-11, 9.71862781224e-12, 4.90074040377e-12, 9.430351465e-12, 8.25272315763e-12, 3.23687647866e-12, 5.25972451357e-12, 1.10112379284e-11, 1.4233191882e-11, 8.46359527601e-12, 1.4269242038e-11, 8.34655435045e-12, 3.49064744123e-12, 2.0697720881e-12, 1.31981600128e-12, 3.59452203245e-12, 3.89472525411e-12, 3.46892458335e-12, 5.10559866954e-12],
        "dvar2": [5.76280717723e-06, 1.87092682609e-05, 2.1437261239e-05, 5.90140416534e-06, 9.32284422106e-07, 1.15912189358e-06, 5.79563902647e-07, 2.69420809218e-07, 8.56003978811e-08, 5.54438805977e-08, 6.62250698724e-08, 1.89437628251e-07, 5.25736032486e-09, 2.88543811067e-09, 7.2513040017e-10, 2.54141679923e-10, 2.22479840106e-10, 1.3068791882e-10, 1.25852314681e-10, 8.95668331169e-11, 4.56617521571e-11, 2.9173927163e-11, 2.3096328669e-11, 1.08184954051e-11, 2.60736970209e-11, 2.11520575361e-11, 6.65406618694e-12, 1.35976056803e-11, 2.90507583267e-11, 3.78723996608e-11, 2.10576452109e-11, 3.45377372535e-11, 1.94866015685e-11, 8.48982516233e-12, 4.59634890912e-12, 3.15377129793e-12, 8.40645868888e-12, 7.71506122876e-12, 7.97364865107e-12, 1.21511646231e-11],
        "max": [0.0123379454017, 0.035276312381, 0.0457106418908, 0.0288880206645, 0.0096587324515, 0.0161068402231, 0.00925053097308, 0.00415944634005, 0.00377797102556, 0.0025444990024, 0.00322734261863, 0.00395238259807, 0.000781886512414, 0.000747014535591, 0.000344499276252, 0.000147355967783, 0.000132699438836, 0.000109556000098, 0.000113862050057, 0.000143831028254, 8.89053480932e-05, 4.72759202239e-05, 8.76472477103e-05, 4.60296796518e-05, 7.2440438089e-05, 5.97112812102e-05, 3.50896734744e-05, 4.98995068483e-05, 7.67930032453e-05, 7.46036748751e-05, 4.25211183028e-05, 5.54343896511e-05, 3.75345734938e-05, 2.72021625278e-05, 2.51404180744e-05, 1.67655507539e-05, 2.66062615992e-05, 3.69595873053e-05, 3.45168991771e-05, 4.7693378292e-05],
        "mean": [0.000715481233783, 0.00207231799141, 0.00179085356649, 0.000899787992239, 0.000309224880766, 0.000268730625976, 0.000153673812747, 0.000114665992442, 8.7183630967e-05, 5.91631323914e-05, 4.09523854614e-05, 5.48807693121e-05, 1.39020103234e-05, 9.36844298849e-06, 6.78497963236e-06, 5.25806581209e-06, 3.94654125557e-06, 3.43637202604e-06, 3.12478482556e-06, 2.41965108216e-06, 1.73678154169e-06, 1.41768032336e-06, 1.1899578567e-06, 1.11889653454e-06, 1.27726264054e-06, 1.49254890403e-06, 1.02942647118e-06, 1.09404004434e-06, 1.42487931498e-06, 1.59684145729e-06, 1.50931623466e-06, 2.04569050766e-06, 1.59508090292e-06, 9.86980126072e-07, 8.57037150581e-07, 6.54316977489e-07, 8.05784793556e-07, 8.90062153758e-07, 6.73801253015e-07, 6.79569609474e-07],
        "median": [9.35910502449e-05, 0.000134819769301, 0.000267681287369, 0.000151244748849, 3.2788306271e-05, 1.41213877214e-05, 9.65143681242e-06, 6.41436417936e-06, 5.31003570359e-06, 3.37908340953e-06, 2.25153257816e-06, 1.50076778027e-06, 1.01852572243e-06, 6.93568267707e-07, 7.20287232525e-07, 6.94795232903e-07, 3.3819935652e-07, 2.59152727722e-07, 2.68523791647e-07, 2.67586244718e-07, 1.80533220373e-07, 1.86062706575e-07, 1.35113040756e-07, 1.70234869756e-07, 2.10114691868e-07, 2.27749978876e-07, 1.60581706155e-07, 2.07584406553e-07, 2.45453634307e-07, 2.95941759987e-07, 2.68165621264e-07, 3.27354229057e-07, 2.28938233704e-07, 1.59064484251e-07, 1.38378553061e-07, 8.7862353837e-08, 7.29392155563e-08, 5.93874887045e-08, 3.79024598374e-08, 3.09144390087e-08],
        "min": [3.50233952416e-23, 1.30690854381e-23, 1.05128739714e-23, 1.38706880246e-23, 1.104567536e-23, 1.57751181567e-23, 1.53259265578e-23, 7.9585810145e-24, 4.72820191851e-24, 1.37431609679e-24, 1.16393704995e-24, 3.99514503372e-24, 9.60878020947e-24, 8.22978034967e-24, 6.08025586752e-24, 9.41253528208e-24, 1.4127979742e-23, 1.03736258222e-23, 7.11688378357e-24, 5.99457452916e-24, 1.21843637334e-23, 1.3859751257e-23, 5.4741929667e-24, 6.68664693447e-24, 1.12267071048e-23, 8.49812716379e-24, 9.4456130087e-24, 6.86129837231e-24, 6.84887854622e-24, 1.34936551104e-23, 1.27690737472e-23, 1.84962086523e-23, 1.50316041317e-23, 1.00168555892e-23, 6.86441752833e-24, 1.0554816128e-23, 1.46328554545e-23, 9.97626159584e-24, 1.17310140486e-23, 9.38219963597e-24],
        "var": [2.0479540126e-06, 2.31168396567e-05, 1.61755033332e-05, 4.50753759651e-06, 5.53236134238e-07, 8.35047899272e-07, 2.3320333753e-07, 1.13025734549e-07, 6.44930153726e-08, 3.14726769091e-08, 2.137095656e-08, 6.1041710353e-08, 2.01788363796e-09, 1.04531372447e-09, 4.34257907411e-10, 1.88319290717e-10, 1.2594447707e-10, 8.76128475324e-11, 9.07098424152e-11, 5.76568445765e-11, 2.71185660733e-11, 1.65125257218e-11, 1.70179929176e-11, 9.27512927573e-12, 1.5033902942e-11, 1.783369806e-11, 6.25648881661e-12, 7.7481753652e-12, 1.35835561549e-11, 1.49190122062e-11, 1.19259654235e-11, 1.89221277536e-11, 1.17036137726e-11, 4.70173813077e-12, 3.31965206192e-12, 1.9726986971e-12, 4.89392901204e-12, 6.72192076306e-12, 4.45416186573e-12, 5.79630701075e-12]
    },
    "mfcc": {
        "mean": [-778.966125488, 112.487564087, 49.4033546448, 32.8527412415, -1.37602353096, 15.496512413, 0.171487063169, 1.75170922279, 0.269962728024, -0.841026544571, -0.846147239208, -3.78638100624, -6.24796581268],
        "cov": [[13159.7470703, -128.787200928, -1507.00561523, -772.518798828, -1052.73791504, -619.947509766, -691.765258789, -316.294647217, -316.029449463, -278.91418457, -403.487579346, -351.439453125, -191.755844116], [-128.787200928, 3120.88793945, -534.709106445, -25.322101593, -264.739501953, -41.0293998718, -105.222808838, 25.7632598877, -150.176589966, -114.114860535, -258.073028564, -220.791946411, -137.365722656], [-1507.00561523, -534.709106445, 868.966796875, 201.847518921, 450.409088135, 257.082580566, 286.846954346, 130.093933105, 139.993286133, 82.6381530762, 136.459243774, 103.753036499, 75.3928756714], [-772.518798828, -25.322101593, 201.847518921, 354.984222412, 209.495559692, 228.048690796, 198.462158203, 149.610900879, 98.5568237305, 106.55368042, 104.75743866, 60.5270690918, 31.7040328979], [-1052.73791504, -264.739501953, 450.409088135, 209.495559692, 387.843841553, 247.768493652, 239.154769897, 130.264129639, 112.503807068, 94.6887054443, 127.834762573, 103.59085083, 69.6560897827], [-619.947509766, -41.0293998718, 257.082580566, 228.048690796, 247.768493652, 264.917877197, 215.078674316, 144.052566528, 89.2834625244, 87.0294647217, 98.1068115234, 74.1421356201, 45.4066009521], [-691.765258789, -105.222808838, 286.846954346, 198.462158203, 239.154769897, 215.078674316, 247.132919312, 142.999160767, 101.022781372, 84.8093338013, 104.651641846, 73.8132476807, 48.5308074951], [-316.294647217, 25.7632598877, 130.093933105, 149.610900879, 130.264129639, 144.052566528, 142.999160767, 138.480407715, 77.2029724121, 65.3222198486, 57.3037986755, 41.5586242676, 26.1472759247], [-316.029449463, -150.176589966, 139.993286133, 98.5568237305, 112.503807068, 89.2834625244, 101.022781372, 77.2029724121, 97.2531738281, 62.5579528809, 62.0022201538, 39.8850593567, 29.0262832642], [-278.91418457, -114.114860535, 82.6381530762, 106.55368042, 94.6887054443, 87.0294647217, 84.8093338013, 65.3222198486, 62.5579528809, 87.2559585571, 67.0750579834, 40.7547264099, 24.1749191284], [-403.487579346, -258.073028564, 136.459243774, 104.75743866, 127.834762573, 98.1068115234, 104.651641846, 57.3037986755, 62.0022201538, 67.0750579834, 115.698036194, 75.2770004272, 43.6942367554], [-351.439453125, -220.791946411, 103.753036499, 60.5270690918, 103.59085083, 74.1421356201, 73.8132476807, 41.5586242676, 39.8850593567, 40.7547264099, 75.2770004272, 93.4827346802, 53.9287872314], [-191.755844116, -137.365722656, 75.3928756714, 31.7040328979, 69.6560897827, 45.4066009521, 48.5308074951, 26.1472759247, 29.0262832642, 24.1749191284, 43.6942367554, 53.9287872314, 65.6752166748]],
