{
"lowlevel": {
    "average_loudness": 0.965407788754,
    "barkbands_crest": {
        "dmean": 2.17787718773,
        "dmean2": 3.63258314133,
        "dvar": 4.24618196487,
        "dvar2": 11.7566108704,
        "max": 22.1509170532,
        "mean": 9.63274288177,
        "median": 9.14568805695,
        "min": 3.09192657471,
        "var": 8.47570800781
    },
    "barkbands_flatness_db": {
        "dmean": 0.0227568577975,
        "dmean2": 0.0340944118798,
        "dvar": 0.00048986368347,
        "dvar2": 0.00111514993478,
        "max": 0.408178269863,
        "mean": 0.15716868639,
        "median": 0.14196549356,
        "min": 0.0313157886267,
        "var": 0.00368635426275
    },
    "barkbands_kurtosis": {
        "dmean": 3.5301721096,
        "dmean2": 5.73787260056,
        "dvar": 32.2122612,
        "dvar2": 93.2771606445,
        "max": 84.1493759155,
        "mean": 7.38181114197,
        "median": 4.04662322998,
        "min": -1.66967797279,
        "var": 89.278793335
    },
    "barkbands_skewness": {
        "dmean": 0.513749420643,
        "dmean2": 0.825282037258,
        "dvar": 0.277761697769,
        "dvar2": 0.781575202942,
        "max": 6.86913919449,
        "mean": 2.10453867912,
        "median": 1.92426884174,
        "min": -1.82262003422,
        "var": 1.44615161419
    },
    "barkbands_spread": {
        "dmean": 3.94725942612,
        "dmean2": 6.03351306915,
        "dvar": 22.956577301,
        "dvar2": 48.814037323,
        "max": 78.3464431763,
        "mean": 16.3586750031,
        "median": 15.2344417572,
        "min": 1.01178133488,
        "var": 95.8771972656
    },
    "dissonance": {
        "dmean": 0.0198148880154,
        "dmean2": 0.0334175080061,
        "dvar": 0.000517514417879,
        "dvar2": 0.00114995520562,
        "max": 0.5,
        "mean": 0.458721399307,
        "median": 0.467982500792,
        "min": 0,
        "var": 0.0011648820946
    },
    "dynamic_complexity": 1.83391463757,
    "erbbands_crest": {
        "dmean": 2.68291592598,
        "dmean2": 4.20155334473,
        "dvar": 6.99793243408,
        "dvar2": 17.1404075623,
        "max": 28.1525287628,
        "mean": 9.70812034607,
        "median": 8.5476808548,
        "min": 2.24369740486,
        "var": 23.7336406708
    },
    "erbbands_flatness_db": {
        "dmean": 0.0159147083759,
        "dmean2": 0.0217905417085,
        "dvar": 0.000233743267017,
        "dvar2": 0.000397732801503,
        "max": 0.297184467316,
        "mean": 0.156343832612,
        "median": 0.150431215763,
        "min": 0.0691350400448,
        "var": 0.00155761605129
    },
    "erbbands_kurtosis": {
        "dmean": 0.850008249283,
        "dmean2": 1.29197859764,
        "dvar": 1.78414189816,
        "dvar2": 3.67806434631,
        "max": 25.6977500916,
        "mean": 0.497462421656,
        "median": -0.288532972336,
        "min": -1.68083572388,
        "var": 6.74883842468
    },
    "erbbands_skewness": {
        "dmean": 0.334623396397,
        "dmean2": 0.506272673607,
        "dvar": 0.101547516882,
        "dvar2": 0.225136309862,
        "max": 4.28883743286,
        "mean": 0.516342699528,
        "median": 0.456353783607,
        "min": -1.58453190327,
        "var": 0.522473633289
    },
    "erbbands_spread": {
        "dmean": 7.81761217117,
        "dmean2": 11.0221147537,
        "dvar": 56.0913658142,
        "dvar2": 103.843711853,
        "max": 124.14100647,
        "mean": 43.8989295959,
        "median": 41.1536331177,
        "min": 5.34898519516,
        "var": 432.0831604
    },
    "hfc": {
        "dmean": 4.48464727402,
        "dmean2": 6.59938573837,
        "dvar": 33.744846344,
        "dvar2": 72.8105392456,
        "max": 111.732452393,
        "mean": 22.294883728,
        "median": 19.5087203979,
        "min": 1.14598329982e-16,
        "var": 194.221557617
    },
    "melbands_crest": {
        "dmean": 3.10193371773,
        "dmean2": 5.32029867172,
        "dvar": 9.05689907074,
        "dvar2": 25.5692520142,
        "max": 28.5553970337,
        "mean": 14.5960292816,
        "median": 14.2123355865,
        "min": 1.96856451035,
        "var": 16.3600406647
    },
    "melbands_flatness_db": {
        "dmean": 0.0260727424175,
        "dmean2": 0.0391337350011,
        "dvar": 0.000702051271219,
        "dvar2": 0.00165168102831,
        "max": 0.53587192297,
        "mean": 0.229199171066,
        "median": 0.210718110204,
        "min": 0.00511099724099,
        "var": 0.00568142812699
    },
    "melbands_kurtosis": {
        "dmean": 8.80181884766,
        "dmean2": 14.5334186554,
        "dvar": 191.630905151,
        "dvar2": 572.34564209,
        "max": 180.974151611,
        "mean": 20.9943294525,
        "median": 13.3024539948,
        "min": -1.17049908638,
        "var": 515.972961426
    },
    "melbands_skewness": {
        "dmean": 0.758796811104,
        "dmean2": 1.2110722065,
        "dvar": 0.618147313595,
        "dvar2": 1.71366155148,
        "max": 10.3510007858,
        "mean": 3.31805610657,
        "median": 3.01316785812,
        "min": -0.509323298931,
        "var": 3.3900372982
    },
    "melbands_spread": {
        "dmean": 4.07383537292,
        "dmean2": 6.35014486313,
        "dvar": 29.3004245758,
        "dvar2": 58.0429496765,
        "max": 135.383651733,
        "mean": 15.5722532272,
        "median": 13.7174396515,
        "min": 0.680685639381,
        "var": 117.29258728
    },
    "pitch_salience": {
        "dmean": 0.0692839547992,
        "dmean2": 0.115353390574,
        "dvar": 0.00447554746643,
        "dvar2": 0.0128737771884,
        "max": 0.905055403709,
        "mean": 0.544294178486,
        "median": 0.538930356503,
        "min": 0.299436062574,
        "var": 0.00860689580441
    },
    "silence_rate_20dB": {
        "dmean": 0,
        "dmean2": 0,
        "dvar": 0,
        "dvar2": 0,
        "max": 1,
        "mean": 1,
        "median": 1,
        "min": 1,
        "var": 0
    },
    "silence_rate_30dB": {
        "dmean": 0,
        "dmean2": 0,
        "dvar": 0,
        "dvar2": 0,
        "max": 1,
        "mean": 1,
        "median": 1,
        "min": 1,
        "var": 0
    },
    "silence_rate_60dB": {
        "dmean": 0.00412371149287,
        "dmean2": 0.00773594621569,
        "dvar": 0.0041067218408,
        "dvar2": 0.00767625728622,
        "max": 1,
        "mean": 0.0113343633711,
        "median": 0,
        "min": 0,
        "var": 0.0112058203667
    },
    "spectral_centroid": {
        "dmean": 181.344848633,
        "dmean2": 277.816436768,
        "dvar": 81119.53125,
        "dvar2": 120147.90625,
        "max": 11438.0605469,
        "mean": 969.501403809,
        "median": 935.012878418,
        "min": 177.270889282,
        "var": 239872.765625
    },
    "spectral_complexity": {
        "dmean": 3.58453607559,
        "dmean2": 5.36565256119,
        "dvar": 13.0315694809,
        "dvar2": 27.9018230438,
        "max": 51,
        "mean": 20.0252456665,
        "median": 19,
        "min": 0,
        "var": 98.1792068481
    },
    "spectral_decrease": {
        "dmean": 2.92747470709e-09,
        "dmean2": 4.92911844674e-09,
        "dvar": 1.57775817925e-17,
        "dvar2": 4.53371175557e-17,
        "max": -7.32952964495e-29,
        "mean": -1.04254649358e-08,
        "median": -9.87583970158e-09,
        "min": -3.44124906348e-08,
        "var": 2.32196529717e-17
    },
    "spectral_energy": {
        "dmean": 0.0113028390333,
        "dmean2": 0.0189570896327,
        "dvar": 0.000229912620853,
        "dvar2": 0.000659783720039,
        "max": 0.13338559866,
        "mean": 0.041370306164,
        "median": 0.0392920151353,
        "min": 1.06710386455e-20,
        "var": 0.000356606615242
    },
    "spectral_energyband_high": {
        "dmean": 0.000228754390264,
        "dmean2": 0.000312996126013,
        "dvar": 2.39188466367e-07,
        "dvar2": 4.50502398053e-07,
        "max": 0.0106745054945,
        "mean": 0.000720186857507,
        "median": 0.000554677098989,
        "min": 7.73157075162e-21,
        "var": 6.37424761862e-07
    },
    "spectral_energyband_low": {
        "dmean": 0.00878604222089,
        "dmean2": 0.0156480427831,
        "dvar": 0.000226150426897,
        "dvar2": 0.000676485884469,
        "max": 0.114018037915,
        "mean": 0.0174686256796,
        "median": 0.0140123032033,
        "min": 1.2443691343e-22,
        "var": 0.000222041286179
    },
    "spectral_energyband_middle_high": {
        "dmean": 0.001780724735,
        "dmean2": 0.00263411691412,
        "dvar": 7.46609975977e-06,
        "dvar2": 1.61426069099e-05,
        "max": 0.05052588135,
        "mean": 0.0058838701807,
        "median": 0.0036007957533,
        "min": 1.64130707912e-21,
        "var": 4.34993271483e-05
    },
    "spectral_energyband_middle_low": {
        "dmean": 0.0064531294629,
        "dmean2": 0.0104796309024,
        "dvar": 5.26153198734e-05,
        "dvar2": 0.000138922216138,
        "max": 0.0832032710314,
        "mean": 0.0212613753974,
        "median": 0.0182956252247,
        "min": 2.99630652115e-22,
        "var": 0.000142924531247
    },
    "spectral_entropy": {
        "dmean": 0.158614292741,
        "dmean2": 0.213829085231,
        "dvar": 0.0314979702234,
        "dvar2": 0.0490770451725,
        "max": 9.78917121887,
        "mean": 7.41755580902,
        "median": 7.56397771835,
        "min": 5.01610326767,
        "var": 0.259355187416
    },
    "spectral_flux": {
        "dmean": 0.0268673971295,
        "dmean2": 0.0397086255252,
        "dvar": 0.000849265838042,
        "dvar2": 0.00163878418971,
        "max": 0.281472235918,
        "mean": 0.093788459897,
        "median": 0.0849338620901,
        "min": 1.03300722143e-10,
        "var": 0.00236688787118
    },
    "spectral_kurtosis": {
        "dmean": 1.75629174709,
        "dmean2": 2.88009500504,
        "dvar": 6.6509437561,
        "dvar2": 16.8384151459,
        "max": 42.6863555908,
        "mean": 4.36631059647,
        "median": 3.27769565582,
        "min": -1.19874465466,
        "var": 17.4411468506
    },
    "spectral_rms": {
        "dmean": 0.000831762736198,
        "dmean2": 0.00137164711487,
        "dvar": 9.71913209469e-07,
        "dvar2": 2.6777581752e-06,
        "max": 0.0114075541496,
        "mean": 0.00617522094399,
        "median": 0.00619141943753,
        "min": 3.22657243805e-12,
        "var": 2.22791481974e-06
    },
    "spectral_rolloff": {
        "dmean": 283.272460938,
        "dmean2": 474.221008301,
        "dvar": 489026.84375,
        "dvar2": 896667.875,
        "max": 18626.2207031,
        "mean": 848.434326172,
        "median": 645.99609375,
        "min": 107.666015625,
        "var": 854847.5625
    },
    "spectral_skewness": {
        "dmean": 0.218367755413,
        "dmean2": 0.338410675526,
        "dvar": 0.0650448650122,
        "dvar2": 0.146573469043,
        "max": 5.09002685547,
        "mean": 1.52411675453,
        "median": 1.42728507519,
        "min": -0.0374329127371,
        "var": 0.299691408873
    },
    "spectral_spread": {
        "dmean": 462916.96875,
        "dmean2": 591544.3125,
        "dvar": 836696604672,
        "dvar2": 857464242176,
        "max": 40218556,
        "mean": 4461987.5,
        "median": 4333652.5,
        "min": 1624110.5,
        "var": 2.24003044147e+12
    },
    "spectral_strongpeak": {
        "dmean": 0.56389439106,
        "dmean2": 0.989975750446,
        "dvar": 0.895203232765,
        "dvar2": 2.39829564095,
        "max": 8.34010696411,
        "mean": 1.08935213089,
        "median": 0.693000853062,
        "min": 0,
        "var": 1.43740606308
    },
    "zerocrossingrate": {
        "dmean": 0.00740350130945,
        "dmean2": 0.00866743270308,
        "dvar": 0.000185409298865,
        "dvar2": 0.000207921431866,
        "max": 0.4970703125,
        "mean": 0.0425896458328,
        "median": 0.041015625,
        "min": 0.00439453125,
        "var": 0.00058946252102
    },
    "barkbands": {
        "dmean": [0.000176035508048, 0.00359437800944, 0.00483436370268, 0.00354005373083, 0.00233170459978, 0.00133841810748, 0.000768392987084, 0.000966402993072, 0.00159943033941, 0.000742991920561, 0.000513791688718, 0.000464300741442, 0.000372480979422, 0.000396440416807, 0.000246860756306, 0.000233515092987, 0.000171378516825, 0.000136093105539, 0.000117108000268, 9.11030365387e-05, 7.1593123721e-05, 5.90317467868e-05, 5.29276767338e-05, 4.82051182189e-05, 2.82188248093e-05, 1.0931498764e-05, 8.29467410313e-07],
        "dmean2": [0.000274763006018, 0.00635476317257, 0.00854263920337, 0.00597773538902, 0.00388156343251, 0.00220401026309, 0.00118827621918, 0.00149768870324, 0.00241803284734, 0.00115845678374, 0.00076541112503, 0.000725353660528, 0.000597668637056, 0.000597658799961, 0.000379574514227, 0.000383094651625, 0.000271802127827, 0.000216458589421, 0.000188912003068, 0.000142535733175, 0.000112225694465, 9.0816647571e-05, 7.7118507761e-05, 6.86850326019e-05, 4.0372073272e-05, 1.56147925736e-05, 1.39651979225e-06],
        "dvar": [6.34042507386e-08, 5.57497587579e-05, 6.18393605691e-05, 2.73788791674e-05, 8.38503729028e-06, 5.38538370165e-06, 2.74003241429e-06, 6.37026141703e-06, 1.45102976603e-05, 4.82148379888e-06, 1.81911877917e-06, 1.95992083718e-06, 1.06993422833e-06, 6.70916392664e-07, 2.05950456689e-07, 1.56125764761e-07, 8.03830886298e-08, 3.57126737072e-08, 2.55616807721e-08, 2.15840358919e-08, 1.02881809738e-08, 7.45172457073e-09, 1.61053783643e-08, 4.65543337214e-08, 1.55569690463e-08, 3.05869640727e-09, 1.35854825653e-11],
        "dvar2": [1.61979471613e-07, 0.000165596342413, 0.000185842989595, 7.74190484663e-05, 2.24336254178e-05, 1.54372210091e-05, 6.33006266071e-06, 1.34262363645e-05, 3.49388355971e-05, 1.07633859443e-05, 3.5347877656e-06, 4.70283521281e-06, 2.67210566562e-06, 1.47692048813e-06, 4.4971625357e-07, 3.83137944482e-07, 1.6502171718e-07, 8.63998721456e-08, 6.6945069932e-08, 5.36344053614e-08, 2.56290917378e-08, 1.77581220839e-08, 3.25496678499e-08, 9.23723959545e-08, 3.35923537875e-08, 4.14627931988e-09, 3.75049401258e-11],
        "max": [0.00231708446518, 0.0563469901681, 0.0645243227482, 0.047283500433, 0.0360708646476, 0.0279731433839, 0.0284724459052, 0.0465342327952, 0.05092125386, 0.0461902394891, 0.0258841328323, 0.0413165427744, 0.0217834375799, 0.0160467252135, 0.0082479044795, 0.00642371037975, 0.00636775279418, 0.00322777521797, 0.00243023526855, 0.0026715323329, 0.00165990914684, 0.00189358065836, 0.00264419615269, 0.00482686096802, 0.00324153550901, 0.00236456049606, 0.000116724113468],
        "mean": [0.000199625923415, 0.00450134463608, 0.00898425746709, 0.00670394022018, 0.0056246262975, 0.00221442803741, 0.00148116971832, 0.00185060978401, 0.00296153710224, 0.00123662815895, 0.000913579016924, 0.000861898879521, 0.000560025102459, 0.000694822345395, 0.000459137372673, 0.000420097319875, 0.000335387769155, 0.000279143161606, 0.000264390604571, 0.000214121086174, 0.000176717687282, 0.000152051157784, 0.000121593882795, 9.27772925934e-05, 4.95652893733e-05, 1.60570598382e-05, 7.77363027282e-07],
        "median": [0.000100826568087, 0.00193724827841, 0.0076756910421, 0.00531438319013, 0.00494741136208, 0.00126747705508, 0.000503864022903, 0.000329934555339, 0.000889937451575, 0.000375609262846, 0.00017049969756, 0.000155285888468, 0.0001311594242, 0.000283056520857, 0.000207934892387, 0.000246328330832, 0.000207455872442, 0.000195496002561, 0.000198067777092, 0.000149999847054, 0.000129023435875, 0.000113180365588, 7.91726270108e-05, 4.97739820275e-05, 2.50403008977e-05, 5.06763899466e-06, 1.08504700336e-07],
        "min": [1.47964020974e-23, 5.5824297316e-23, 4.14620116857e-23, 2.7096160404e-23, 3.95040115872e-23, 2.66919954078e-23, 3.16092399536e-23, 1.84008416797e-23, 8.33136449279e-23, 1.08005533998e-22, 9.20913570182e-23, 8.34004764254e-23, 6.21297193295e-23, 1.22972976916e-22, 1.84435578666e-22, 2.05342273299e-22, 1.83213437487e-22, 2.23409194891e-22, 2.81966201046e-22, 3.06673248867e-22, 3.81013708283e-22, 7.03447085372e-22, 8.0797547196e-22, 7.79659934545e-22, 1.04763626173e-21, 1.85384584646e-21, 2.14315731441e-21],
        "var": [7.37380076998e-08, 4.70386403322e-05, 6.51484151604e-05, 3.53713221557e-05, 1.37171964525e-05, 8.59444389789e-06, 1.12355128294e-05, 2.33166829275e-05, 3.83679180231e-05, 1.05845765574e-05, 5.9938420236e-06, 6.49374760542e-06, 2.17970500671e-06, 1.72774275597e-06, 5.43441103673e-07, 3.18595226645e-07, 2.30367888321e-07, 8.8831242806e-08, 7.21109429946e-08, 6.22881017875e-08, 3.35982441868e-08, 2.47503120221e-08, 3.08338208299e-08, 5.9983371159e-08, 2.09695247833e-08, 9.28626242569e-09, 1.8395956633e-11]
    },
    "erbbands": {
        "dmean": [0.0488929152489, 1.02231776714, 4.77163410187, 8.73797512054, 9.2017621994, 7.99440574646, 9.90679645538, 10.4447011948, 8.04174900055, 16.5228977203, 24.1307010651, 33.2365493774, 29.8850269318, 14.9821538925, 21.2699699402, 16.2604026794, 17.2832221985, 14.2893533707, 16.3503398895, 13.0783596039, 12.9280090332, 8.78107261658, 7.45561742783, 7.06954240799, 4.0093626976, 4.43519067764, 3.31869387627, 2.72425580025, 2.11713433266, 1.823969841, 1.5111836195, 1.09872806072, 0.77866101265, 0.45037278533, 0.138833135366, 0.0570252090693, 0.0190191362053, 0.00315374531783, 7.87628669059e-05, 1.34152733153e-05],
        "dmean2": [0.0814104378223, 1.82554996014, 8.590716362, 14.8591899872, 14.9801521301, 13.4405202866, 16.4923534393, 17.4205875397, 12.868060112, 24.8460693359, 37.4158096313, 50.0250091553, 46.9024391174, 22.774269104, 31.3349266052, 24.9736824036, 27.2781581879, 22.1743335724, 24.595790863, 20.8838386536, 21.0827541351, 13.7463912964, 11.9916782379, 11.348118782, 6.39131498337, 6.93178749084, 5.28186559677, 4.24395513535, 3.33118247986, 2.70354747772, 2.20909738541, 1.59187757969, 1.1067494154, 0.626887023449, 0.206586256623, 0.083029307425, 0.026745557785, 0.00460456870496, 0.000119517899293, 2.18296663661e-05],
        "dvar": [0.00857725925744, 4.56255722046, 73.1867675781, 155.184448242, 145.727355957, 101.3621521, 233.275787354, 332.259368896, 326.583221436, 1636.77404785, 3905.40893555, 6968.94140625, 7950.73925781, 1271.84301758, 2974.4934082, 2008.61279297, 2526.44995117, 909.223754883, 952.155212402, 691.667053223, 408.296203613, 254.259017944, 107.388130188, 104.278160095, 32.8681030273, 58.4687957764, 22.0831432343, 13.605009079, 9.24807071686, 9.22754192352, 18.038734436, 18.962348938, 14.2663583755, 4.92295789719, 0.279074460268, 0.0744103863835, 0.00981136597693, 0.000187819110579, 9.02739429876e-08, 3.52445628238e-10],
        "dvar2": [0.0238145310432, 13.6730794907, 221.352935791, 470.522033691, 389.202545166, 273.824737549, 673.618591309, 884.699401855, 793.082214355, 3576.52099609, 8633.60449219, 16510.8027344, 20169.0546875, 2834.55175781, 5937.23925781, 4874.38037109, 6218.10253906, 1999.00219727, 2112.61035156, 1727.93188477, 964.126159668, 507.687683105, 268.809539795, 270.919830322, 81.2527618408, 145.809616089, 54.7777900696, 33.3015174866, 22.0281410217, 18.9687480927, 37.6186904907, 37.4759101868, 30.9800357819, 10.4721059799, 0.667427957058, 0.115568503737, 0.0130729423836, 0.000196744469577, 1.20622331679e-07, 8.79981310042e-10],
        "max": [0.775024116039, 16.0528011322, 65.2200317383, 122.353248596, 140.581130981, 90.1135559082, 174.418365479, 271.241760254, 340.518615723, 916.686340332, 1177.28918457, 1265.21044922, 1750.50708008, 844.220031738, 931.534179688, 1234.72607422, 1154.99853516, 624.93359375, 576.193969727, 513.174682617, 408.043548584, 447.55380249, 147.270675659, 142.568496704, 111.612960815, 145.313568115, 64.8086624146, 60.440410614, 59.3450965881, 64.5426101685, 93.3355941772, 104.419342041, 98.6415481567, 59.827495575, 14.8080749512, 10.8168420792, 4.4513669014, 0.70174151659, 0.0134414834902, 0.000479900656501],
        "mean": [0.0781506150961, 1.30702662468, 7.99206590652, 19.6272983551, 21.1747055054, 16.2390098572, 18.4151630402, 17.3219947815, 13.5647611618, 35.4293022156, 52.3592033386, 61.099899292, 52.7871627808, 28.7008743286, 40.0598869324, 32.6341247559, 28.1163692474, 27.1750946045, 31.9401226044, 25.0880622864, 24.5694274902, 19.0173778534, 16.194770813, 15.5842018127, 10.3564167023, 10.444694519, 8.10198116302, 6.60059690475, 5.32743644714, 4.62687778473, 3.3483080864, 2.18553924561, 1.39462375641, 0.761352837086, 0.235791936517, 0.0827892497182, 0.0269996654242, 0.00421978207305, 0.000120114753372, 5.15110332344e-05],
        "median": [0.0310311224312, 0.667255222797, 6.33518457413, 16.3164653778, 17.9042453766, 13.6979141235, 11.4316015244, 9.56456661224, 6.83280849457, 9.05201911926, 9.99642562866, 18.1002216339, 19.6433849335, 11.8145742416, 8.8963136673, 7.60078620911, 6.74248313904, 11.0723552704, 14.8024282455, 13.3434610367, 15.2643318176, 12.331155777, 11.6396923065, 11.4865369797, 7.56067228317, 7.0645070076, 5.96513223648, 5.09370183945, 4.05660200119, 3.25066542625, 2.07972002029, 1.23534858227, 0.734650969505, 0.368391156197, 0.116795495152, 0.0313921608031, 0.00708010653034, 0.000948525033891, 4.82498471683e-05, 4.83201001771e-05],
        "min": [2.28274626421e-21, 1.03898327801e-20, 3.66787684048e-20, 9.18399311696e-20, 3.6079049536e-20, 1.93622935194e-19, 2.6484741231e-19, 2.00817312722e-19, 2.27327378604e-19, 6.12532465173e-19, 5.31069857293e-19, 1.86220172774e-18, 4.3492474184e-18, 1.59174272216e-18, 4.97233072739e-18, 3.33217405455e-18, 3.7825906485e-18, 4.76113786852e-18, 8.25001157075e-18, 9.28466231582e-18, 1.20143095336e-17, 1.06666420642e-17, 1.27777161753e-17, 1.36271454648e-17, 1.14613624552e-17, 1.49204440069e-17, 1.75847762163e-17, 1.73699723004e-17, 2.90343174333e-17, 1.65661777382e-17, 2.4700850553e-17, 1.34284922504e-17, 1.59802923277e-17, 1.15017718824e-17, 7.95013874637e-18, 6.12079987038e-18, 3.29159216011e-18, 1.6034737976e-18, 2.53700403924e-19, 3.09027600578e-20],
        "var": [0.0112211629748, 3.60041689873, 63.003944397, 227.780776978, 257.259674072, 144.728683472, 418.571044922, 547.34197998, 525.942443848, 8241.15039062, 18336.3945312, 15603.8828125, 16235.0048828, 3000.84960938, 9393.25292969, 7414.00146484, 5014.40820312, 2575.45727539, 2749.36523438, 1290.23571777, 1048.35949707, 756.065124512, 292.298858643, 246.374649048, 118.044403076, 161.001571655, 70.9441833496, 44.1447105408, 29.2372093201, 27.4501533508, 30.3529434204, 25.2822952271, 16.8048324585, 6.37387466431, 0.341097205877, 0.172602266073, 0.0321044586599, 0.000706706254277, 2.9046074701e-07, 7.99348587321e-10]
    },
    "gfcc": {
        "mean": [16.6644420624, 108.465133667, -110.795974731, 46.2651901245, -58.059009552, 13.0545930862, -39.2332458496, 5.11928701401, -24.1985092163, -9.5529718399, -25.4421100616, -10.0762624741, -10.643787384],
        "cov": [[4378.43798828, -1039.05847168, -676.777954102, -163.649688721, -496.778747559, 394.777618408, -107.053588867, 40.7182922363, -209.512161255, 208.519775391, 1.22539567947, 104.693099976, -289.415008545], [-1039.05847168, 926.45703125, 67.2855453491, -10.9904413223, 265.306884766, -219.154464722, 114.271942139, 5.41685962677, 198.12588501, -110.436233521, 25.5061893463, -94.1705780029, 142.094833374], [-676.777954102, 67.2855453491, 561.781616211, 185.160064697, 101.305122375, -69.5799942017, 5.41557455063, 47.1157341003, 20.6028862, 2.48812603951, -43.0924720764, 19.9404983521, 39.8467483521], [-163.649688721, -10.9904413223, 185.160064697, 411.20690918, 71.5973510742, -12.2164039612, 16.5735721588, 22.7630138397, 61.0817375183, -28.5283889771, 10.1143426895, -27.25740242, 57.0257110596], [-496.778747559, 265.306884766, 101.305122375, 71.5973510742, 269.013641357, -69.8474884033, 63.3048782349, 8.85813999176, 48.248249054, -26.5021495819, -22.3433914185, -11.6018943787, 49.6921882629], [394.777618408, -219.154464722, -69.5799942017, -12.2164039612, -69.8474884033, 206.696212769, 28.7605133057, -23.3022727966, -83.2835388184, 14.0998764038, 27.6607208252, 13.6852760315, -20.1479263306], [-107.053588867, 114.271942139, 5.41557455063, 16.5735721588, 63.3048782349, 28.7605133057, 165.310668945, 28.7839260101, 12.7035884857, -18.5937232971, 1.92421472073, -14.0743198395, 0.167822346091], [40.7182922363, 5.41685962677, 47.1157341003, 22.7630138397, 8.85813999176, -23.3022727966, 28.7839260101, 109.810043335, 70.3022232056, 0.0515486560762, -30.7759590149, -11.4096345901, -10.3280420303], [-209.512161255, 198.12588501, 20.6028862, 61.0817375183, 48.248249054, -83.2835388184, 12.7035884857, 70.3022232056, 172.282623291, 1.85748636723, -11.9153280258, -53.1312484741, 21.1302871704], [208.519775391, -110.436233521, 2.48812603951, -28.5283889771, -26.5021495819, 14.0998764038, -18.5937232971, 0.0515486560762, 1.85748636723, 96.6320114136, 18.5215454102, 16.5923137665, -51.1207809448], [1.22539567947, 25.5061893463, -43.0924720764, 10.1143426895, -22.3433914185, 27.6607208252, 1.92421472073, -30.7759590149, -11.9153280258, 18.5215454102, 94.8388366699, 22.8049736023, -0.908576071262], [104.693099976, -94.1705780029, 19.9404983521, -27.25740242, -11.6018943787, 13.6852760315, -14.0743198395, -11.4096345901, -53.1312484741, 16.5923137665, 22.8049736023, 83.4439086914, -6.11830568314], [-289.415008545, 142.094833374, 39.8467483521, 57.0257110596, 49.6921882629, -20.1479263306, 0.167822346091, -10.3280420303, 21.1302871704, -51.1207809448, -0.908576071262, -6.11830568314, 99.8401947021]],
        "icov": [[0.000618177116849, -0.000634918396827, 0.000956875213888, -0.000845024595037, 0.000819082779344, -0.00106005719863, 0.000603991094977, -0.00106733629946, 0.000917381723411, -0.00134088750929, 0.00151592108887, -0.00123452662956, 0.00112074764911], [-0.000634918396827, 0.00712734926492, -0.00223794649355, 0.00440297741443, -0.00406704237685, 0.0051732105203, -0.00405342224985, 0.00429551815614, -0.00618779007345, 0.00593792274594, -0.00779721094295, 0.00591400405392, -0.00544518046081], [0.000956875213888, -0.00223794649355, 0.00435494771227, -0.0031984555535, 0.00141351192724, -0.00155952293426, 0.00156360748224, -0.0035200912971, 0.00359598686919, -0.00430913129821, 0.00469750631601, -0.00360300857574, 0.0015171446139], [-0.000845024595037, 0.00440297741443, -0.0031984555535, 0.00651487382129, -0.00327383796684, 0.00285905553028, -0.00242345174775, 0.00311604142189, -0.00515278242528, 0.00512152491137, -0.00681773247197, 0.00523742847145, -0.00465591019019], [0.000819082779344, -0.00406704237685, 0.00141351192724, -0.00327383796684, 0.008246274665, -0.00187159737106, -0.000174521890585, -0.0013839682797, 0.00286140455864, -0.00450930604711, 0.00651054969057, -0.00472606671974, 0.0016987073468], [-0.00106005719863, 0.0051732105203, -0.00155952293426, 0.00285905553028, -0.00187159737106, 0.0121960854158, -0.00529397698119, 0.00223622587509, 9.08328802325e-05, 0.00293277925812, -0.00780924735591, 0.00679728621617, -0.00598524045199], [0.000603991094977, -0.00405342224985, 0.00156360748224, -0.00242345174775, -0.000174521890585, -0.00529397698119, 0.010693166405, -0.00560736469924, 0.00398728717119, -0.00153509282973, 0.00289488444105, -0.00219998299144, 0.00496206246316], [-0.00106733629946, 0.00429551815614, -0.0035200912971, 0.00311604142189, -0.0013839682797, 0.00223622587509, -0.00560736469924, 0.021126376465, -0.0140353115276, 0.00697289872915, 6.16775514573e-06, -0.000877698475961, 0.000239625500399], [0.000917381723411, -0.00618779007345, 0.00359598686919, -0.00515278242528, 0.00286140455864, 9.08328802325e-05, 0.00398728717119, -0.0140353115276, 0.0214288588613, -0.0106237316504, 0.00385121698491, 0.00319074257277, 0.00036511925282], [-0.00134088750929, 0.00593792274594, -0.00430913129821, 0.00512152491137, -0.00450930604711, 0.00293277925812, -0.00153509282973, 0.00697289872915, -0.0106237316504, 0.0238480363041, -0.0102064721286, 0.00228742905892, 0.00452323351055], [0.00151592108887, -0.00779721094295, 0.00469750631601, -0.00681773247197, 0.00651054969057, -0.00780924735591, 0.00289488444105, 6.16775514573e-06, 0.00385121698491, -0.0102064721286, 0.0249646324664, -0.0132725313306, 0.00606299238279], [-0.00123452662956, 0.00591400405392, -0.00360300857574, 0.00523742847145, -0.00472606671974, 0.00679728621617, -0.00219998299144, -0.000877698475961, 0.00319074257277, 0.00228742905892, -0.0132725313306, 0.0251339096576, -0.00799681991339], [0.00112074764911, -0.00544518046081, 0.0015171446139, -0.00465591019019, 0.0016987073468, -0.00598524045199, 0.00496206246316, 0.000239625500399, 0.00036511925282, 0.00452323351055, 0.00606299238279, -0.00799681991339, 0.0228353310376]]
    },
    "melbands": {
        "dmean": [0.000729241466615, 0.00207813642919, 0.00143099634442, 0.000574532081373, 0.000337204051903, 0.000237911561271, 0.00012946917559, 0.000188439604244, 0.000215225591091, 0.000210608384805, 0.000150816573296, 6.70062509016e-05, 7.69499747548e-05, 5.54263460799e-05, 4.21661316068e-05, 3.50197478838e-05, 2.93050034088e-05, 3.31377050315e-05, 1.9166367565e-05, 1.45062276715e-05, 1.73338594323e-05, 9.83611607808e-06, 9.05452361621e-06, 6.51813343211e-06, 6.4458140514e-06, 4.03092963097e-06, 3.09635697704e-06, 3.21663219438e-06, 2.45161368184e-06, 1.84644829915e-06, 1.69319594079e-06, 1.39043277159e-06, 1.101361363e-06, 1.08062897652e-06, 1.00640966139e-06, 7.69342193507e-07, 6.94630671205e-07, 5.83773669405e-07, 5.29821591044e-07, 3.66143268593e-07],
        "dmean2": [0.00126012798864, 0.00375361554325, 0.00241706287488, 0.000950956600718, 0.000557016057428, 0.000394167145714, 0.000204387280974, 0.000281508167973, 0.000328208436258, 0.000317232304951, 0.000237305852352, 0.000102274047094, 0.000114816182759, 8.23945301818e-05, 6.65309635224e-05, 5.73051875108e-05, 4.55803492514e-05, 5.04703639308e-05, 3.03377837554e-05, 2.36625255639e-05, 2.84817197098e-05, 1.53991823026e-05, 1.49875831994e-05, 1.03869742816e-05, 1.05058479676e-05, 6.60908699501e-06, 4.94952200825e-06, 5.12822452947e-06, 3.96888162868e-06, 2.96221719509e-06, 2.68825260719e-06, 2.25847202273e-06, 1.67987036548e-06, 1.61976151958e-06, 1.50928508447e-06, 1.13217174658e-06, 1.04536695744e-06, 8.36943229388e-07, 7.77899629156e-07, 5.22028244632e-07],
        "dvar": [2.14186707126e-06, 1.57573140314e-05, 3.74752789867e-06, 5.18046135767e-07, 2.23854186743e-07, 1.74483915316e-07, 7.21981763263e-08, 1.87913670402e-07, 2.87537119448e-07, 2.73777203574e-07, 2.03038055702e-07, 2.89412191989e-08, 4.0876869889e-08, 3.52781768242e-08, 1.17906981956e-08, 1.23002283914e-08, 4.17013357179e-09, 4.69963712391e-09, 1.59897406427e-09, 8.71506755651e-10, 7.4884448642e-10, 4.04112077135e-10, 1.92242180508e-10, 1.17250265053e-10, 9.05406652429e-11, 3.65333735486e-11, 2.64008988282e-11, 3.05256098176e-11, 1.28922705844e-11, 7.40111704561e-12, 5.17449538079e-12, 3.96776621975e-12, 2.84497880983e-12, 3.2742669253e-12, 6.49017384974e-12, 6.12892505844e-12, 8.03787418568e-12, 6.77268440982e-12, 8.82157975141e-12, 2.75601893737e-12],
        "dvar2": [6.24635094937e-06, 4.75617598568e-05, 1.07147570816e-05, 1.35916718591e-06, 6.36405559362e-07, 4.73855720884e-07, 1.72427718326e-07, 4.01681916173e-07, 6.39030190541e-07, 6.66968389851e-07, 5.13099109867e-07, 6.57078942368e-08, 7.61269305372e-08, 8.0056814511e-08, 2.90254540403e-08, 3.11395460528e-08, 8.85044215693e-09, 1.06249560261e-08, 3.67572350335e-09, 2.15693796157e-09, 1.76707037891e-09, 8.18831724647e-10, 4.91533647118e-10, 2.85685447521e-10, 2.37427272287e-10, 9.86310547124e-11, 6.30784521838e-11, 7.81000333849e-11, 3.27185396831e-11, 1.8403478394e-11, 1.30789710659e-11, 1.00894232205e-11, 6.49046571696e-12, 6.71367779079e-12, 1.45355359693e-11, 1.15121228522e-11, 1.61914735092e-11, 1.43493229451e-11, 2.10642892018e-11, 5.66526296361e-12],
        "max": [0.0112311970443, 0.0286376290023, 0.0174912828952, 0.00874346774071, 0.00476285303012, 0.00640697684139, 0.00442236615345, 0.00874721072614, 0.0112348766997, 0.00817419867963, 0.00861477945, 0.00381463603117, 0.00328365038149, 0.00620198389515, 0.00191451539285, 0.00271660462022, 0.00146398704965, 0.00130446685944, 0.000915059994441, 0.000573921715841, 0.000503596558701, 0.000536580570042, 0.000222394111915, 0.000247040385148, 0.000134030502522, 0.000138097035233, 0.000110822205897, 0.000121458971989, 5.21229849255e-05, 4.13542184106e-05, 3.15115685225e-05, 2.85429214273e-05, 4.04108832299e-05, 3.39145008184e-05, 5.45778639207e-05, 5.52185629203e-05, 7.03149853507e-05, 6.16294200881e-05, 8.64912944962e-05, 4.02758887503e-05],
        "mean": [0.00101612857543, 0.0034408767242, 0.00348350871354, 0.00135454128031, 0.000658857054077, 0.00039400512469, 0.000225805430091, 0.000394670234527, 0.000463896372821, 0.000373947783373, 0.000261209730525, 0.000117078321637, 0.000139961324749, 0.000102634789073, 7.11707325536e-05, 5.32521335117e-05, 5.12230435561e-05, 5.83844303037e-05, 3.46346387232e-05, 2.65484250122e-05, 2.97058286378e-05, 1.88522244571e-05, 1.74002962012e-05, 1.27757766677e-05, 1.29340041894e-05, 8.78677292349e-06, 6.74797274769e-06, 6.92270486979e-06, 5.33513775736e-06, 4.0627164708e-06, 3.71736882698e-06, 3.0966466511e-06, 2.66909137281e-06, 2.51156075137e-06, 2.06863114727e-06, 1.48806623201e-06, 1.26803547573e-06, 1.00203067177e-06, 8.16458339159e-07, 5.9478992398e-07],
        "median": [0.000401117751608, 0.00276315258816, 0.0032387576066, 0.00116791890468, 0.000451975181932, 0.000221695794608, 0.000101934077975, 9.38249213505e-05, 8.25692695798e-05, 0.000115719660243, 8.41849396238e-05, 4.58065551356e-05, 2.71326771326e-05, 1.87523000932e-05, 1.61334373843e-05, 1.20868417071e-05, 1.93923006009e-05, 2.36515497818e-05, 1.51083122546e-05, 1.4840019503e-05, 1.68712231243e-05, 1.10431783469e-05, 1.18445759654e-05, 8.53322217154e-06, 8.9523027782e-06, 6.25316079095e-06, 4.14676196669e-06, 4.53485381513e-06, 3.88762100556e-06, 2.82442897515e-06, 2.79710206996e-06, 2.2717331376e-06, 1.89587603927e-06, 1.75409047642e-06, 1.21159075661e-06, 8.81152175225e-07, 6.66940138672e-07, 5.17385899457e-07, 3.86512112982e-07, 2.77119113434e-07],
        "min": [1.78937082473e-23, 1.74237743397e-23, 1.35384466326e-23, 6.85398957602e-24, 9.7000837595e-24, 4.41078598392e-24, 4.6531201097e-24, 6.1347704948e-24, 4.06844283359e-24, 1.35780316728e-23, 2.13909290108e-23, 5.42388572905e-24, 1.38084626764e-23, 9.99628682992e-24, 1.01414916679e-23, 7.55537763977e-24, 8.36171575834e-24, 1.24052621418e-23, 1.40952341259e-23, 1.264805854e-23, 1.35434054123e-23, 1.02333915968e-23, 1.01179047268e-23, 1.35267320482e-23, 1.04094819169e-23, 1.17512254539e-23, 6.31203503439e-24, 1.00411272615e-23, 1.13080923067e-23, 9.31159895154e-24, 1.06711462903e-23, 1.84043805097e-23, 1.04583384393e-23, 9.37650642682e-24, 1.53804305354e-23, 1.24691898518e-23, 5.82176547597e-24, 1.24691480422e-23, 8.87244481877e-24, 1.00900334822e-23],
        "var": [2.15421141547e-06, 1.26733975776e-05, 5.47084482605e-06, 8.2812329083e-07, 4.30900655601e-07, 2.80807000763e-07, 1.54278481546e-07, 8.76592480381e-07, 1.50323307935e-06, 5.73186525799e-07, 4.18530845536e-07, 6.34254320175e-08, 1.33076625275e-07, 1.14277099783e-07, 3.31580913837e-08, 2.21479652396e-08, 1.11239417677e-08, 1.21019443355e-08, 3.67563979253e-09, 1.45166223486e-09, 1.71992908804e-09, 1.02420849579e-09, 4.27329505115e-10, 2.45289344392e-10, 1.89994533994e-10, 8.9949818427e-11, 8.1180069611e-11, 7.22778295548e-11, 3.34974409322e-11, 1.982343803e-11, 1.43995457919e-11, 1.02525123807e-11, 8.7631187029e-12, 8.7342225466e-12, 1.1225863121e-11, 9.17946187812e-12, 1.02771879548e-11, 8.2407683108e-12, 8.8829403902e-12, 3.90243263051e-12]
    },
    "mfcc": {
        "mean": [-624.104431152, 126.77936554, 9.78839492798, 33.6369514465, 7.64425373077, 7.39189100266, -3.17873263359, 6.18262052536, 3.07535243034, 1.88830637932, -5.34413051605, -9.10240268707, -9.33320617676],
        "cov": [[4418.17333984, -1102.30383301, -408.774749756, -671.348632812, -406.9168396, 77.7173461914, 52.7363739014, -62.658290863, -223.884796143, -8.53752326965, 93.4008483887, 211.839416504, 46.3672828674], [-1102.30383301, 950.951599121, -117.498306274, 141.111572266, 95.9548187256, -86.2714614868, -61.0594711304, 28.9364624023, 116.37424469, 22.3861732483, 11.6375951767, -42.2203865051, -7.14416408539], [-408.774749756, -117.498306274, 418.790252686, 152.01739502, 61.2037315369, 8.34527683258, 6.6906452179, 13.7767791748, 19.5678367615, 18.2460079193, -12.6993255615, -27.9749851227, -1.55718839169], [-671.348632812, 141.111572266, 152.01739502, 457.989898682, 160.469207764, -2.45547008514, -30.0223941803, 49.4922714233, 104.734275818, 48.0051498413, -8.02607059479, -42.7908935547, 5.19866752625], [-406.9168396, 95.9548187256, 61.2037315369, 160.469207764, 181.025634766, 4.97848653793, -27.9378700256, 5.86412811279, 52.6142501831, 7.72471141815, -19.4648914337, -26.6323184967, -0.327945679426], [77.7173461914, -86.2714614868, 8.34527683258, -2.45547008514, 4.97848653793, 133.796310425, 90.7248077393, -0.230512812734, -25.3222293854, -13.1451883316, -6.27108383179, -0.409315526485, -5.98713254929], [52.7363739014, -61.0594711304, 6.6906452179, -30.0223941803, -27.9378700256, 90.7248077393, 159.22819519, 33.8453178406, -30.9320869446, -31.8350791931, -4.48365163803, -2.52517175674, -6.67521286011], [-62.658290863, 28.9364624023, 13.7767791748, 49.4922714233, 5.86412811279, -0.230512812734, 33.8453178406, 100.591011047, 46.6428260803, 13.8324890137, -2.96699023247, -8.9300775528, -5.01464319229], [-223.884796143, 116.37424469, 19.5678367615, 104.734275818, 52.6142501831, -25.3222293854, -30.9320869446, 46.6428260803, 129.981933594, 65.8255310059, 2.83145689964, -28.5181713104, -12.0350799561], [-8.53752326965, 22.3861732483, 18.2460079193, 48.0051498413, 7.72471141815, -13.1451883316, -31.8350791931, 13.8324890137, 65.8255310059, 105.195915222, 36.4733810425, 0.780155956745, -6.05815839767], [93.4008483887, 11.6375951767, -12.6993255615, -8.02607059479, -19.4648914337, -6.27108383179, -4.48365163803, -2.96699023247, 2.83145689964, 36.4733810425, 84.2801132202, 44.1951942444, 5.25164413452], [211.839416504, -42.2203865051, -27.9749851227, -42.7908935547, -26.6323184967, -0.409315526485, -2.52517175674, -8.9300775528, -28.5181713104, 0.780155956745, 44.1951942444, 83.4407806396, 33.1647644043], [46.3672828674, -7.14416408539, -1.55718839169, 5.19866752625, -0.327945679426, -5.98713254929, -6.67521286011, -5.01464319229, -12.0350799561, -6.05815839767, 5.25164413452, 33.1647644043, 57.9476890564]],
