{
"lowlevel": {
    "average_loudness": 0.972680568695,
    "barkbands_crest": {
        "dmean": 1.52014625072,
        "dmean2": 2.56935286522,
        "dvar": 1.89229154587,
        "dvar2": 5.18914222717,
        "max": 14.9497537613,
        "mean": 6.12780284882,
        "median": 5.77905750275,
        "min": 2.7422246933,
        "var": 3.41264271736
    },
    "barkbands_flatness_db": {
        "dmean": 0.0136082721874,
        "dmean2": 0.0221099220216,
        "dvar": 0.000112442263344,
        "dvar2": 0.00029938435182,
        "max": 0.200995981693,
        "mean": 0.119221225381,
        "median": 0.120647117496,
        "min": 0.0403327830136,
        "var": 0.00061847444158
    },
    "barkbands_kurtosis": {
        "dmean": 0.768036782742,
        "dmean2": 1.247854352,
        "dvar": 0.641603469849,
        "dvar2": 1.67065060139,
        "max": 10.6617107391,
        "mean": 0.72604316473,
        "median": 0.463565587997,
        "min": -1.59051024914,
        "var": 2.09001350403
    },
    "barkbands_skewness": {
        "dmean": 0.256538271904,
        "dmean2": 0.413839608431,
        "dvar": 0.0449667088687,
        "dvar2": 0.113320671022,
        "max": 2.89910674095,
        "mean": 1.03648507595,
        "median": 1.02568185329,
        "min": -1.62994861603,
        "var": 0.20011459291
    },
    "barkbands_spread": {
        "dmean": 3.58686161041,
        "dmean2": 5.75142240524,
        "dvar": 9.03493309021,
        "dvar2": 23.1956043243,
        "max": 54.2490005493,
        "mean": 23.3522777557,
        "median": 22.7578105927,
        "min": 6.17231702805,
        "var": 39.2714881897
    },
    "dissonance": {
        "dmean": 0.0146793695167,
        "dmean2": 0.0252117644995,
        "dvar": 0.000323059008224,
        "dvar2": 0.000816548941657,
        "max": 0.499613463879,
        "mean": 0.474247127771,
        "median": 0.477159231901,
        "min": 0.0450744852424,
        "var": 0.000348809931893
    },
    "dynamic_complexity": 1.24434626102,
    "erbbands_crest": {
        "dmean": 1.63781285286,
        "dmean2": 2.747423172,
        "dvar": 2.44055223465,
        "dvar2": 6.48686361313,
        "max": 19.5643920898,
        "mean": 6.42231702805,
        "median": 5.93327569962,
        "min": 2.86374878883,
        "var": 5.03064250946
    },
    "erbbands_flatness_db": {
        "dmean": 0.0116366678849,
        "dmean2": 0.0184480696917,
        "dvar": 9.35229472816e-05,
        "dvar2": 0.000222361632041,
        "max": 0.237504258752,
        "mean": 0.162303313613,
        "median": 0.164248466492,
        "min": 0.0750701352954,
        "var": 0.000679008138832
    },
    "erbbands_kurtosis": {
        "dmean": 0.380277693272,
        "dmean2": 0.622353374958,
        "dvar": 0.191952869296,
        "dvar2": 0.517863512039,
        "max": 7.62853336334,
        "mean": -0.530357003212,
        "median": -0.706508874893,
        "min": -1.61653232574,
        "var": 0.570377588272
    },
    "erbbands_skewness": {
        "dmean": 0.245917752385,
        "dmean2": 0.397212177515,
        "dvar": 0.0394247360528,
        "dvar2": 0.10358133167,
        "max": 1.82850718498,
        "mean": 0.130616500974,
        "median": 0.120476722717,
        "min": -1.42123234272,
        "var": 0.180088058114
    },
    "erbbands_spread": {
        "dmean": 4.43760061264,
        "dmean2": 7.17302322388,
        "dvar": 14.1996212006,
        "dvar2": 34.5496749878,
        "max": 93.6557006836,
        "mean": 35.0002059937,
        "median": 34.7386474609,
        "min": 9.27474021912,
        "var": 63.421333313
    },
    "hfc": {
        "dmean": 4.29378318787,
        "dmean2": 6.64353561401,
        "dvar": 19.7517299652,
        "dvar2": 44.6388397217,
        "max": 77.2152404785,
        "mean": 24.1227722168,
        "median": 22.2386665344,
        "min": 1.17918407968e-16,
        "var": 119.149963379
    },
    "melbands_crest": {
        "dmean": 2.43188309669,
        "dmean2": 4.25524425507,
        "dvar": 4.60810136795,
        "dvar2": 14.2562799454,
        "max": 21.0841426849,
        "mean": 9.83878231049,
        "median": 9.2784910202,
        "min": 1.90076184273,
        "var": 9.05784034729
    },
    "melbands_flatness_db": {
        "dmean": 0.0162742305547,
        "dmean2": 0.026593958959,
        "dvar": 0.000172776461113,
        "dvar2": 0.000463580712676,
        "max": 0.294140666723,
        "mean": 0.179116502404,
        "median": 0.176726281643,
        "min": 0.00730139249936,
        "var": 0.00089475227287
    },
    "melbands_kurtosis": {
        "dmean": 1.79169976711,
        "dmean2": 2.88144207001,
        "dvar": 3.06354999542,
        "dvar2": 8.04575538635,
        "max": 28.0349769592,
        "mean": 4.51366949081,
        "median": 3.86371803284,
        "min": -0.937140703201,
        "var": 10.0717897415
    },
    "melbands_skewness": {
        "dmean": 0.338697016239,
        "dmean2": 0.547114312649,
        "dvar": 0.072246670723,
        "dvar2": 0.193566679955,
        "max": 4.13571834564,
        "mean": 1.83611595631,
        "median": 1.81505095959,
        "min": -0.164446637034,
        "var": 0.322322010994
    },
    "melbands_spread": {
        "dmean": 4.49716806412,
        "dmean2": 7.24761486053,
        "dvar": 18.3931331635,
        "dvar2": 41.5290184021,
        "max": 109.004821777,
        "mean": 25.9646053314,
        "median": 24.8590984344,
        "min": 8.30972576141,
        "var": 69.052520752
    },
    "pitch_salience": {
        "dmean": 0.0510742999613,
        "dmean2": 0.0855885371566,
        "dvar": 0.00161928252783,
        "dvar2": 0.00472852773964,
        "max": 0.972117245197,
        "mean": 0.627814531326,
        "median": 0.630026876926,
        "min": 0.382286429405,
        "var": 0.00414843810722
    },
    "silence_rate_20dB": {
        "dmean": 0,
        "dmean2": 0,
        "dvar": 0,
        "dvar2": 0,
        "max": 1,
        "mean": 1,
        "median": 1,
        "min": 1,
        "var": 0
    },
    "silence_rate_30dB": {
        "dmean": 0,
        "dmean2": 0,
        "dvar": 0,
        "dvar2": 0,
        "max": 1,
        "mean": 1,
        "median": 1,
        "min": 1,
        "var": 0
    },
    "silence_rate_60dB": {
        "dmean": 0.000515463936608,
        "dmean2": 0.00103145954199,
        "dvar": 0.000515170919243,
        "dvar2": 0.00103040458634,
        "max": 1,
        "mean": 0.0010303966701,
        "median": 0,
        "min": 0,
        "var": 0.00102934613824
    },
    "spectral_centroid": {
        "dmean": 187.788742065,
        "dmean2": 298.762054443,
        "dvar": 67705.8046875,
        "dvar2": 102089.414062,
        "max": 11123.5,
        "mean": 1432.57104492,
        "median": 1412.57824707,
        "min": 534.385986328,
        "var": 184342.21875
    },
    "spectral_complexity": {
        "dmean": 2.91752576828,
        "dmean2": 4.916451931,
        "dvar": 6.00143623352,
        "dvar2": 14.9728755951,
        "max": 43,
        "mean": 27.3317871094,
        "median": 27,
        "min": 0,
        "var": 31.8043956757
    },
    "spectral_decrease": {
        "dmean": 1.48387357957e-09,
        "dmean2": 2.43359465912e-09,
        "dvar": 1.85082241085e-18,
        "dvar2": 5.05311649473e-18,
        "max": -2.45164096027e-29,
        "mean": -7.38602068395e-09,
        "median": -6.98687463441e-09,
        "min": -2.22466969291e-08,
        "var": 5.53027314954e-18
    },
    "spectral_energy": {
        "dmean": 0.00586157618091,
        "dmean2": 0.00959099270403,
        "dvar": 2.88330320473e-05,
        "dvar2": 7.78356043156e-05,
        "max": 0.0877720043063,
        "mean": 0.0300645623356,
        "median": 0.0284109655768,
        "min": 1.07880677385e-20,
        "var": 9.26284192246e-05
    },
    "spectral_energyband_high": {
        "dmean": 0.000125834325445,
        "dmean2": 0.000194164123968,
        "dvar": 5.37982920434e-08,
        "dvar2": 1.21464225344e-07,
        "max": 0.00431091105565,
        "mean": 0.000315480079735,
        "median": 0.000196491426323,
        "min": 7.68936434554e-21,
        "var": 1.66088938158e-07
    },
    "spectral_energyband_low": {
        "dmean": 0.00280614802614,
        "dmean2": 0.00482056615874,
        "dvar": 8.62164779392e-06,
        "dvar2": 2.54627775575e-05,
        "max": 0.0318654626608,
        "mean": 0.00707316212356,
        "median": 0.00651532784104,
        "min": 3.4093987722e-23,
        "var": 1.42289027281e-05
    },
    "spectral_energyband_middle_high": {
        "dmean": 0.00183306168765,
        "dmean2": 0.00291976076551,
        "dvar": 4.41646307081e-06,
        "dvar2": 1.07115356514e-05,
        "max": 0.0341226756573,
        "mean": 0.00797317456454,
        "median": 0.00692567043006,
        "min": 1.89289983815e-21,
        "var": 2.09945665119e-05
    },
    "spectral_energyband_middle_low": {
        "dmean": 0.0042854482308,
        "dmean2": 0.00707450462505,
        "dvar": 1.65746641869e-05,
        "dvar2": 4.28119237768e-05,
        "max": 0.0654187649488,
        "mean": 0.0159660559148,
        "median": 0.0149004030973,
        "min": 2.15018718842e-22,
        "var": 4.34226058132e-05
    },
    "spectral_entropy": {
        "dmean": 0.103986255825,
        "dmean2": 0.168008461595,
        "dvar": 0.0084415441379,
        "dvar2": 0.0197762083262,
        "max": 9.79427623749,
        "mean": 7.43482160568,
        "median": 7.44628334045,
        "min": 6.72055959702,
        "var": 0.04245518893
    },
    "spectral_flux": {
        "dmean": 0.0127342501655,
        "dmean2": 0.0209496710449,
        "dvar": 0.000127764666104,
        "dvar2": 0.000326229026541,
        "max": 0.184690102935,
        "mean": 0.0831447392702,
        "median": 0.0807237327099,
        "min": 1.03865624435e-10,
        "var": 0.000521745998412
    },
    "spectral_kurtosis": {
        "dmean": 1.76659798622,
        "dmean2": 3.09106183052,
        "dvar": 2.43342709541,
        "dvar2": 7.46718502045,
        "max": 17.6001644135,
        "mean": 6.27348709106,
        "median": 5.95362091064,
        "min": -1.23292660713,
        "var": 4.6363286972
    },
    "spectral_rms": {
        "dmean": 0.000520698260516,
        "dmean2": 0.000850654731039,
        "dvar": 2.01435057079e-07,
        "dvar2": 5.28008968104e-07,
        "max": 0.00925371423364,
        "mean": 0.00534759927541,
        "median": 0.00526479026303,
        "min": 3.24421696105e-12,
        "var": 7.34457159979e-07
    },
    "spectral_rolloff": {
        "dmean": 333.620361328,
        "dmean2": 555.067260742,
        "dvar": 268274.6875,
        "dvar2": 443776.4375,
        "max": 18820.0195312,
        "mean": 1518.82897949,
        "median": 1378.125,
        "min": 322.998046875,
        "var": 568718.25
    },
    "spectral_skewness": {
        "dmean": 0.201751545072,
        "dmean2": 0.348670661449,
        "dvar": 0.028314974159,
        "dvar2": 0.0782368779182,
        "max": 3.21480727196,
        "mean": 1.80468797684,
        "median": 1.80295968056,
        "min": 0.0153924711049,
        "var": 0.0922036990523
    },
    "spectral_spread": {
        "dmean": 416126.40625,
        "dmean2": 644685.375,
        "dvar": 642753363968,
        "dvar2": 879443378176,
        "max": 40946104,
        "mean": 3617072.5,
        "median": 3336822,
        "min": 2179018.25,
        "var": 1.99387224474e+12
    },
    "spectral_strongpeak": {
        "dmean": 0.522521018982,
        "dmean2": 0.922475934029,
        "dvar": 0.72137606144,
        "dvar2": 2.03304982185,
        "max": 10.0917463303,
        "mean": 0.727756917477,
        "median": 0.395230442286,
        "min": 0,
        "var": 0.722071349621
    },
    "zerocrossingrate": {
        "dmean": 0.00628171302378,
        "dmean2": 0.00802352651954,
        "dvar": 0.000157951493748,
        "dvar2": 0.000190188322449,
        "max": 0.51220703125,
        "mean": 0.0579049736261,
        "median": 0.05615234375,
        "min": 0.00830078125,
        "var": 0.000349083245965
    },
    "barkbands": {
        "dmean": [2.37520689552e-05, 0.00154949631542, 0.00116612704005, 0.00114695192315, 0.0017086082371, 0.00190976553131, 0.0012273817556, 0.00094329402782, 0.00130993267521, 0.00073621654883, 0.000339375459589, 0.000622516032308, 0.000322898442391, 0.000338462908985, 0.000301179359667, 0.000361281330697, 0.000315874785883, 0.000261519424384, 0.000336802244419, 0.000113911490189, 1.68599781318e-05, 2.19276389544e-05, 2.5726365493e-05, 2.99941330013e-05, 3.82817815989e-05, 9.16447879717e-06, 3.63628532796e-06],
        "dmean2": [4.15775502915e-05, 0.00251200492494, 0.00207979185507, 0.00204436853528, 0.00286220829003, 0.00318540330045, 0.00193117326126, 0.00154463667423, 0.00207240949385, 0.00120684260037, 0.000554885598831, 0.000995113397948, 0.000533748418093, 0.000548853480723, 0.000490568694659, 0.000593351956923, 0.000513938313816, 0.000425682024797, 0.000549451098777, 0.000181598879863, 2.74108988378e-05, 3.58705583494e-05, 4.14134156017e-05, 4.9380629207e-05, 6.02687578066e-05, 1.46797228808e-05, 5.9308777054e-06],
        "dvar": [9.62451895958e-10, 3.83073756893e-06, 1.87628813819e-06, 2.36241180573e-06, 4.8092661018e-06, 3.67566622117e-06, 2.28987642004e-06, 1.41580289892e-06, 3.50506729774e-06, 1.28185706672e-06, 4.53044719961e-07, 7.83573568697e-07, 3.24836150867e-07, 6.27133204034e-07, 2.32206957662e-07, 2.82875902258e-07, 1.95561469241e-07, 1.07510459202e-07, 2.10669242051e-07, 3.98126438483e-08, 1.0319981536e-09, 1.29061450416e-09, 2.02882111111e-09, 5.13945286329e-09, 1.10670974607e-08, 8.98394747484e-10, 3.20439841328e-10],
        "dvar2": [2.76877187844e-09, 1.00224206108e-05, 5.9776375565e-06, 7.92329683463e-06, 1.29606660266e-05, 1.02473159131e-05, 5.93218146605e-06, 3.83220367439e-06, 8.77570528246e-06, 3.46556680597e-06, 1.19824301237e-06, 1.85095234428e-06, 9.0427113264e-07, 1.56773103299e-06, 5.78216315716e-07, 7.06098148839e-07, 4.96354800816e-07, 2.80206023717e-07, 5.16797115324e-07, 9.48013791913e-08, 2.13013162664e-09, 3.55540841213e-09, 5.00090635569e-09, 1.12655147433e-08, 2.77303477958e-08, 2.11213491141e-09, 8.15155498657e-10],
        "max": [0.000536152743734, 0.0241816099733, 0.0107898162678, 0.0146156139672, 0.0474099218845, 0.0235989298671, 0.021635549143, 0.0213725417852, 0.0279963500798, 0.0269220769405, 0.0179186258465, 0.0114066349342, 0.00924593117088, 0.0173423793167, 0.00840360764414, 0.0133023643866, 0.00775442924351, 0.00549395382404, 0.00861996412277, 0.00359213491902, 0.00111037155148, 0.000559957814403, 0.000935093266889, 0.00149935402442, 0.00259623443708, 0.000563033623621, 0.00048136676196],
        "mean": [3.53548603016e-05, 0.00360862375237, 0.00233011785895, 0.00192932004575, 0.00346587901004, 0.00372219434939, 0.00219239178114, 0.00172713131178, 0.00257721869275, 0.00139167788438, 0.000657028518617, 0.00119301816449, 0.000543086847756, 0.000604053551797, 0.000588256225456, 0.000724708195776, 0.00070501252776, 0.000653536815662, 0.000906681350898, 0.000238031410845, 3.58916913683e-05, 4.56836605736e-05, 4.97942819493e-05, 5.52342244191e-05, 6.82097161189e-05, 1.26171808006e-05, 3.80727624361e-06],
        "median": [1.9044329747e-05, 0.00301029277034, 0.0018201735802, 0.00131370860618, 0.00282965460792, 0.00306193158031, 0.00159957469441, 0.0012824969599, 0.00173872779123, 0.000871812400874, 0.000273412588285, 0.000751978543121, 0.000296061567497, 0.000366754218703, 0.000380481622415, 0.0004801377072, 0.000482426374219, 0.000473373860586, 0.000646704924293, 0.000118782329082, 2.01475977519e-05, 3.08379130729e-05, 3.04680361296e-05, 2.76317514363e-05, 2.49918120971e-05, 2.20190918299e-06, 4.72704932974e-08],
        "min": [1.62081665061e-23, 1.49798375014e-23, 6.83724994761e-24, 1.77970380765e-23, 3.49028825388e-23, 4.69631647627e-23, 5.69300152479e-23, 1.28947866211e-23, 2.85793640562e-23, 4.08993645336e-23, 1.36072207885e-22, 1.22431061029e-22, 6.56893942108e-23, 1.01004626967e-22, 1.89513179702e-22, 2.36834900678e-22, 2.0046145835e-22, 2.3441800757e-22, 3.9895811031e-22, 4.26421349781e-22, 5.26788539271e-22, 5.79021582026e-22, 5.76184812967e-22, 8.03993605033e-22, 9.52034801847e-22, 1.66567376817e-21, 2.50991841398e-21],
        "var": [1.97151006631e-09, 7.63967000239e-06, 3.52032611772e-06, 3.71056466975e-06, 7.25388554201e-06, 7.21296646589e-06, 3.86375086237e-06, 2.53335042544e-06, 7.81472317612e-06, 3.46331216861e-06, 9.95513346425e-07, 1.80473125511e-06, 6.64715628318e-07, 9.23873926695e-07, 4.5758653755e-07, 6.7929852321e-07, 5.33840761818e-07, 3.56959844794e-07, 7.54993891405e-07, 1.24566625459e-07, 3.9739465052e-09, 2.75160161323e-09, 4.83021889153e-09, 1.16623972701e-08, 1.83891959438e-08, 1.350698553e-09, 3.67928271183e-10]
    },
    "erbbands": {
        "dmean": [0.0163379833102, 0.439973443747, 1.41554498672, 2.58380889893, 4.64274168015, 6.37776994705, 9.60141563416, 18.2397937775, 19.9768161774, 15.6155796051, 21.2151546478, 31.5040912628, 24.3576488495, 20.6870613098, 17.5513343811, 19.7004089355, 14.3728342056, 17.9300861359, 12.6895837784, 13.6945085526, 22.8951053619, 18.6561889648, 11.7942485809, 14.9763431549, 14.0575504303, 4.28074264526, 0.752933144569, 0.68656283617, 0.793918848038, 0.73836684227, 0.806836426258, 0.491302877665, 0.616816461086, 0.545786857605, 0.25858566165, 0.0388199426234, 0.0109760249034, 0.0124852247536, 0.000271573866485, 1.11575545816e-05],
        "dmean2": [0.0254739448428, 0.718015551567, 2.4909055233, 4.6530880928, 7.73189544678, 10.7063121796, 16.2914085388, 30.177236557, 32.9884300232, 25.0306034088, 34.851108551, 50.0446243286, 39.3910598755, 34.1255340576, 27.7425384521, 32.0810890198, 23.9476127625, 29.3849544525, 20.3469085693, 21.6986484528, 38.0448684692, 30.5050544739, 19.3249702454, 23.956911087, 22.7164611816, 6.71843528748, 1.23863577843, 1.13101184368, 1.30623841286, 1.20772171021, 1.29653000832, 0.797077775002, 1.01002776623, 0.874438166618, 0.401889622211, 0.062656968832, 0.018206782639, 0.0194514151663, 0.000422880140832, 1.76212106453e-05],
        "dvar": [0.000358648423571, 0.306916952133, 2.95164108276, 9.83377361298, 34.1016159058, 84.0291595459, 108.083847046, 398.54776001, 547.927978516, 300.314819336, 774.880126953, 2806.16137695, 1149.88317871, 829.617919922, 603.597961426, 1107.0357666, 702.377380371, 1846.0949707, 511.319580078, 436.360595703, 1182.32849121, 663.183349609, 226.575057983, 335.902587891, 472.474029541, 68.1776046753, 2.12847137451, 1.68995070457, 1.96826803684, 1.46230244637, 2.16174697876, 0.959352552891, 3.53770518303, 3.79008221626, 0.434460669756, 0.0101309092715, 0.00139910343569, 0.00278605218045, 1.26814700252e-06, 4.81199524671e-10],
        "dvar2": [0.000779709836934, 0.820565700531, 9.28503131866, 33.1396636963, 92.5516281128, 231.339538574, 304.093322754, 1075.99804688, 1442.12817383, 772.436889648, 2002.8380127, 7173.69238281, 2870.92138672, 2236.47705078, 1555.0447998, 2723.81396484, 1930.97998047, 4674.91357422, 1136.83203125, 1049.67199707, 3002.97143555, 1735.18493652, 599.97467041, 828.650756836, 1147.64477539, 159.424072266, 4.78764486313, 3.95186901093, 5.49406909943, 3.78805470467, 5.11243724823, 1.79894089699, 7.91031169891, 9.59051036835, 1.02883481979, 0.0263565219939, 0.00359451514669, 0.00642650574446, 2.98914233099e-06, 1.10223075112e-09],
        "max": [0.229738160968, 6.65703725815, 15.2161598206, 26.3996257782, 116.827514648, 172.928237915, 114.163154602, 276.506408691, 351.626220703, 245.740097046, 508.623199463, 784.453918457, 831.815917969, 425.513427734, 541.967346191, 573.936828613, 409.891113281, 971.960388184, 491.4871521, 467.121154785, 930.825744629, 388.842559814, 280.238525391, 376.817993164, 479.058288574, 173.319274902, 48.1066551208, 40.4409637451, 22.3784732819, 24.2378616333, 34.1548690796, 39.4387016296, 35.7257843018, 56.4205055237, 16.0547885895, 1.85637319088, 0.631520569324, 1.22262012959, 0.0267819873989, 0.000539516506251],
        "mean": [0.0465592183173, 0.995666742325, 3.03361272812, 4.85842466354, 8.70765209198, 11.6418018341, 17.9213409424, 33.1071434021, 36.4245109558, 29.8997955322, 41.1118736267, 60.1167411804, 50.8190956116, 39.7370109558, 38.279335022, 38.9088134766, 26.3205738068, 32.4789962769, 27.2866764069, 31.414899826, 46.529083252, 44.9878692627, 32.7578964233, 41.4767074585, 38.0361404419, 10.3261833191, 1.79864144325, 1.43515765667, 1.56577277184, 1.55321276188, 1.51831066608, 0.928420186043, 1.06678915024, 0.907523214817, 0.443539053202, 0.0567094311118, 0.014431508258, 0.0151579966769, 0.000342975574313, 4.35296897194e-05],
        "median": [0.0387784764171, 0.838353574276, 2.34385848045, 3.67845511436, 6.68570661545, 8.95815372467, 13.6043844223, 25.2508182526, 27.4320068359, 22.8220901489, 30.4392662048, 37.6305961609, 36.4896621704, 27.1741657257, 26.6138954163, 24.9321346283, 14.5224294662, 19.6973876953, 18.0851898193, 20.5872364044, 31.7778339386, 32.3512535095, 24.3693389893, 30.67228508, 26.950925827, 5.40422773361, 1.11552131176, 0.817234277725, 1.01227879524, 1.05764663219, 0.899967491627, 0.51728451252, 0.444479733706, 0.287098586559, 0.170811608434, 0.0233016908169, 0.00285886577331, 0.000375558622181, 3.07246737066e-05, 3.71865680791e-05],
        "min": [5.77038044922e-22, 2.73561250346e-21, 7.39966129966e-21, 2.67300280707e-20, 7.60613575875e-20, 1.18328755312e-19, 3.91035158924e-19, 3.32105623013e-19, 3.94718568342e-19, 1.11661162587e-18, 1.96642389999e-19, 5.57602244127e-19, 1.2222807438e-18, 2.71899788777e-18, 5.4088479987e-18, 5.3690833587e-18, 3.77491441241e-18, 4.04449670995e-18, 7.78178929374e-18, 1.19498183971e-17, 1.13822699265e-17, 1.20248569136e-17, 1.24480880099e-17, 1.39314470142e-17, 2.34729819974e-17, 2.20309150221e-17, 1.59927198893e-17, 2.36362078933e-17, 1.84419818307e-17, 2.08870201879e-17, 1.70241644823e-17, 1.43502915717e-17, 1.47030940291e-17, 9.75016316862e-18, 7.62503112303e-18, 5.60963244392e-18, 3.09012094819e-18, 1.25115637822e-18, 3.61116010318e-19, 3.81515408672e-20],
        "var": [0.00106217339635, 0.582823336124, 5.28613471985, 16.0335636139, 60.0961990356, 105.87096405, 204.231277466, 788.466674805, 928.489746094, 575.421875, 1417.85021973, 5730.54931641, 2925.57177734, 1807.82470703, 1410.89794922, 2176.37036133, 1460.30603027, 2589.62036133, 1109.56274414, 1336.80163574, 2520.95996094, 1790.07043457, 778.074951172, 1368.65686035, 1552.71630859, 237.744506836, 6.95713663101, 5.09206485748, 3.87520456314, 3.24931025505, 5.16822004318, 3.59189891815, 6.3938908577, 5.68670988083, 0.713946163654, 0.0131541769952, 0.00172241590917, 0.00413072574884, 1.83629788353e-06, 9.33345734033e-10]
    },
    "gfcc": {
        "mean": [31.8548259735, 117.840454102, -131.850448608, 25.5706138611, -54.7647209167, 7.868247509, -47.3866996765, 23.3824672699, -23.8628005981, -7.70721769333, -6.80222415924, -3.22014760971, -10.5267095566],
        "cov": [[1737.89196777, -315.598114014, -37.7631874084, -24.5996227264, -112.403022766, 30.6296520233, -36.4960136414, 1.35458660126, -88.4387664795, 61.5650367737, -53.4938316345, 16.5608596802, -53.8557319641], [-315.598114014, 534.367919922, -216.917861938, 89.3747940063, 51.3392715454, -52.4333076477, 43.5324745178, 5.27755737305, 51.9247970581, -63.3992614746, 90.8873214722, -65.4478988647, 69.0344467163], [-37.7631874084, -216.917861938, 362.700805664, -88.3773651123, 31.94439888, 39.6804962158, -45.0212936401, -4.70390129089, -1.99330615997, 21.5812034607, -80.3358001709, 78.6248245239, -52.1627998352], [-24.5996227264, 89.3747940063, -88.3773651123, 131.36026001, -14.3989782333, -3.43643856049, -5.63898038864, 5.79971122742, 19.2826442719, -9.09034347534, 31.6905326843, -28.6798458099, 35.3100128174], [-112.403022766, 51.3392715454, 31.94439888, -14.3989782333, 125.598899841, -29.0733966827, -2.7309987545, 15.414311409, 10.9574699402, -14.7441864014, -8.61205387115, 10.2042360306, -7.19776248932], [30.6296520233, -52.4333076477, 39.6804962158, -3.43643856049, -29.0733966827, 107.209846497, 7.24497032166, -2.52545547485, -0.0867940858006, 15.49472332, -6.90309810638, 12.4402456284, -1.73854017258], [-36.4960136414, 43.5324745178, -45.0212936401, -5.63898038864, -2.7309987545, 7.24497032166, 91.8477172852, 6.97954368591, -0.576198875904, -5.84151172638, 25.0190391541, -5.35089302063, 5.8330245018], [1.35458660126, 5.27755737305, -4.70390129089, 5.79971122742, 15.414311409, -2.52545547485, 6.97954368591, 63.4204330444, 5.31862354279, -3.80378699303, 5.74046421051, 9.30324172974, -1.23643565178], [-88.4387664795, 51.9247970581, -1.99330615997, 19.2826442719, 10.9574699402, -0.0867940858006, -0.576198875904, 5.31862354279, 72.4937667847, 6.04615306854, 6.11530160904, -4.73130226135, 15.7082872391], [61.5650367737, -63.3992614746, 21.5812034607, -9.09034347534, -14.7441864014, 15.49472332, -5.84151172638, -3.80378699303, 6.04615306854, 58.6513977051, 1.06302022934, 6.64162349701, -6.04321527481], [-53.4938316345, 90.8873214722, -80.3358001709, 31.6905326843, -8.61205387115, -6.90309810638, 25.0190391541, 5.74046421051, 6.11530160904, 1.06302022934, 70.8476257324, -4.970744133, 20.9478168488], [16.5608596802, -65.4478988647, 78.6248245239, -28.6798458099, 10.2042360306, 12.4402456284, -5.35089302063, 9.30324172974, -4.73130226135, 6.64162349701, -4.970744133, 70.2442245483, -4.71573114395], [-53.8557319641, 69.0344467163, -52.1627998352, 35.3100128174, -7.19776248932, -1.73854017258, 5.8330245018, -1.23643565178, 15.7082872391, -6.04321527481, 20.9478168488, -4.71573114395, 59.3178672791]],
        "icov": [[0.000757874688134, 0.000286434660666, 0.000548374198843, -0.000126683618873, 0.000422812852776, -1.53806229264e-06, 0.000181574199814, -0.000183425625437, 0.000582875683904, -0.000571354525164, 0.00067873072112, -0.000428447499871, 0.000455638713902], [0.000286434660666, 0.00434754416347, 0.00100510800257, -0.000141990312841, -0.00175816647243, 0.000223403258133, -0.00016818990116, 0.000516571919434, -0.00194043561351, 0.00336914462969, -0.00355521030724, 0.00211781985126, -0.00172975822352], [0.000548374198843, 0.00100510800257, 0.00657940655947, 0.000964920385741, -0.000947291322518, -0.00138137931935, 0.00134380499367, 0.000849754083902, -0.00127095088828, -0.00051926105516, 0.00433479901403, -0.00534652452916, 0.00259746843949], [-0.000126683618873, -0.000141990312841, 0.000964920385741, 0.0115660680458, 0.000650857400615, -0.000939590507187, 0.00283988029696, -0.00150457001291, -0.00179035298061, 0.00145640666597, -0.00328195584007, 0.00325442198664, -0.00420510955155], [0.000422812852776, -0.00175816647243, -0.000947291322518, 0.000650857400615, 0.0107829207554, 0.00260220910423, 2.8806980481e-05, -0.00233231647871, -0.000618996156845, 0.000401211320423, 0.00234239874408, -0.00192313885782, 0.00176752440166], [-1.53806229264e-06, 0.000223403258133, -0.00138137931935, -0.000939590507187, 0.00260220910423, 0.0111797191203, -0.00200664438307, -4.27934392064e-05, -0.000195096799871, -0.00184339541011, 0.000833995640278, -0.000953055627178, -0.000583412474953], [0.000181574199814, -0.00016818990116, 0.00134380499367, 0.00283988029696, 2.8806980481e-05, -0.00200664438307, 0.0133999846876, -0.00133733847179, 7.82822826295e-05, 0.00137173291296, -0.00422787712887, 0.000588672468439, 0.000109809807327], [-0.000183425625437, 0.000516571919434, 0.000849754083902, -0.00150457001291, -0.00233231647871, -4.27934392064e-05, -0.00133733847179, 0.0174853932112, -0.00174443796277, 0.00138902384788, -0.00102888676338, -0.00331361219287, 0.00179024843965], [0.000582875683904, -0.00194043561351, -0.00127095088828, -0.00179035298061, -0.000618996156845, -0.000195096799871, 7.82822826295e-05, -0.00174443796277, 0.017541769892, -0.00497059477493, 0.00184456340503, 0.000679047370795, -0.00313844485208], [-0.000571354525164, 0.00336914462969, -0.00051926105516, 0.00145640666597, 0.000401211320423, -0.00184339541011, 0.00137173291296, 0.00138902384788, -0.00497059477493, 0.0229897983372, -0.00659218756482, 0.00167985004373, 0.000245372619247], [0.00067873072112, -0.00355521030724, 0.00433479901403, -0.00328195584007, 0.00234239874408, 0.000833995640278, -0.00422787712887, -0.00102888676338, 0.00184456340503, -0.00659218756482, 0.0269317794591, -0.00768888415769, -5.98106162215e-05], [-0.000428447499871, 0.00211781985126, -0.00534652452916, 0.00325442198664, -0.00192313885782, -0.000953055627178, 0.000588672468439, -0.00331361219287, 0.000679047370795, 0.00167985004373, -0.00768888415769, 0.0235420968384, -0.0053026471287], [0.000455638713902, -0.00172975822352, 0.00259746843949, -0.00420510955155, 0.00176752440166, -0.000583412474953, 0.000109809807327, 0.00179024843965, -0.00313844485208, 0.000245372619247, -5.98106162215e-05, -0.0053026471287, 0.0247519984841]]
    },
    "melbands": {
        "dmean": [0.000284445646685, 0.000695625087246, 0.000456205190858, 0.000410297303461, 0.000294710654998, 0.000394022034016, 0.000306065136101, 0.000170643004822, 0.00016949082783, 0.000200660855626, 0.000125216305605, 9.17003708309e-05, 5.68496034248e-05, 7.93004292063e-05, 2.8821224987e-05, 3.56098062184e-05, 3.5444914829e-05, 2.04641000892e-05, 2.31392004935e-05, 1.74872420757e-05, 2.8072450732e-05, 2.28348981182e-05, 1.72545660462e-05, 1.27513430925e-05, 1.32978839247e-05, 1.39459971251e-05, 7.92352057033e-06, 2.17245906242e-06, 4.63991597144e-07, 4.94725895805e-07, 4.12304615338e-07, 4.57044990299e-07, 5.22640505096e-07, 4.10829898101e-07, 5.79565039516e-07, 3.42875608794e-07, 3.05324874716e-07, 4.31519055155e-07, 4.14560219042e-07, 5.20460446296e-07],
        "dmean2": [0.0004537665518, 0.00119459314737, 0.000804530864116, 0.000680814846419, 0.000501568254549, 0.000655799056403, 0.000503076589666, 0.000276116188616, 0.000274927733699, 0.000319572136505, 0.000202841649298, 0.000150858482812, 9.08723377506e-05, 0.000127337494632, 4.75254819321e-05, 5.85905836488e-05, 5.78615945415e-05, 3.28024179908e-05, 3.77326432499e-05, 2.82364380837e-05, 4.6917826694e-05, 3.7483889173e-05, 2.85032001557e-05, 2.07752727874e-05, 2.13375697058e-05, 2.28600674745e-05, 1.26605009427e-05, 3.46749015989e-06, 7.77653212936e-07, 8.27069300158e-07, 6.78465937654e-07, 7.55617520554e-07, 8.70812641551e-07, 6.76376487263e-07, 9.25229926452e-07, 5.72352291783e-07, 4.96947791362e-07, 7.18414071343e-07, 6.57976784169e-07, 8.46602119964e-07],
        "dvar": [1.25108186921e-07, 7.01014414517e-07, 2.95455066635e-07, 3.23937172197e-07, 9.78570398047e-08, 1.77449578587e-07, 1.27023568552e-07, 3.65895331811e-08, 4.83453277411e-08, 9.96639144546e-08, 3.04603560153e-08, 1.75267729219e-08, 8.38118996427e-09, 1.2770461133e-08, 2.76828338031e-09, 3.98155686199e-09, 8.37192537517e-09, 1.69383718163e-09, 1.45427136999e-09, 7.52307327545e-10, 1.79126435906e-09, 1.01377140016e-09, 7.35966898535e-10, 2.6504215489e-10, 2.88563978268e-10, 4.47091780265e-10, 1.49113388304e-10, 2.20818901359e-11, 7.18579384364e-13, 1.0709235148e-12, 5.99106864379e-13, 6.40660918413e-13, 7.70511855274e-13, 5.27169562343e-13, 1.23136559543e-12, 4.44375493434e-13, 4.18204858764e-13, 1.43109959647e-12, 1.52127876268e-12, 3.29471584563e-12],
        "dvar2": [2.99029778716e-07, 2.11831297747e-06, 9.74749809757e-07, 8.87961675744e-07, 2.78479490134e-07, 4.89502269829e-07, 3.3246840303e-07, 9.8524445491e-08, 1.21896292171e-07, 2.57823018046e-07, 7.72508030877e-08, 4.67856651198e-08, 2.19540119417e-08, 2.99436742068e-08, 6.98646651642e-09, 1.07747428757e-08, 2.13656239367e-08, 3.52729356834e-09, 3.62913032959e-09, 1.84823301108e-09, 4.52868098577e-09, 2.67032151946e-09, 1.85936166464e-09, 7.30690674633e-10, 7.10831948858e-10, 1.09452946706e-09, 3.62098767637e-10, 5.3640838299e-11, 1.72552282792e-12, 2.31852124305e-12, 1.55014748867e-12, 1.76129857227e-12, 2.1257587704e-12, 1.39217489533e-12, 2.99300298087e-12, 1.06959200611e-12, 7.32109251694e-13, 3.28374155124e-12, 3.40881272862e-12, 8.45274024386e-12],
        "max": [0.00457896385342, 0.0086465170607, 0.00499162264168, 0.0120860952884, 0.00319432606921, 0.00556197529659, 0.00507455738261, 0.00260512717068, 0.00373820005916, 0.00490670278668, 0.00414641713724, 0.00219507468864, 0.00250316713937, 0.00139561295509, 0.000898613361642, 0.00101183203515, 0.00214586639777, 0.00102638383396, 0.000656573392916, 0.000577309750952, 0.00109083065763, 0.000440799805801, 0.000611294875853, 0.000267506286036, 0.000333088770276, 0.000517833395861, 0.000197240820853, 0.000120926473755, 2.59630269284e-05, 3.43054016412e-05, 2.17425913434e-05, 1.26594150061e-05, 1.26388758872e-05, 1.7041744286e-05, 2.11239002965e-05, 1.66237914527e-05, 2.85128389805e-05, 2.18918739847e-05, 3.05392604787e-05, 4.90514503326e-05],
        "mean": [0.000716935493983, 0.00155839323997, 0.000925924687181, 0.000766772311181, 0.000570954172872, 0.000721240008716, 0.000562580185942, 0.000334480806487, 0.000330066628521, 0.000384269398637, 0.000251621037023, 0.000167514866916, 0.00011924275168, 0.0001479270868, 5.38048698218e-05, 6.03609914833e-05, 6.06372886978e-05, 4.15466674895e-05, 4.60740302515e-05, 4.06953913625e-05, 5.27178344782e-05, 4.79336849821e-05, 3.44604741258e-05, 3.00356841763e-05, 3.34771393682e-05, 3.50362497556e-05, 1.82139883691e-05, 4.14589430875e-06, 8.91742729436e-07, 9.27201540435e-07, 7.65090135246e-07, 8.14630027435e-07, 1.00944805581e-06, 7.84888243288e-07, 1.00457373264e-06, 5.99393501943e-07, 5.33051718321e-07, 7.12386736268e-07, 6.7470398335e-07, 8.22830031666e-07],
        "median": [0.000586634268984, 0.00137081102002, 0.000748682767153, 0.000593728851527, 0.000460625131382, 0.000566479749978, 0.000423927122029, 0.000260535365669, 0.000244436698267, 0.000249181408435, 0.000178921152838, 0.000110240369395, 7.14370180503e-05, 8.79450672073e-05, 3.26669251081e-05, 3.30467955791e-05, 3.57535827789e-05, 2.71373701253e-05, 2.85794267256e-05, 2.70593445748e-05, 3.5256773117e-05, 3.20111830661e-05, 2.1221312636e-05, 2.03076469916e-05, 2.30330497288e-05, 2.36220093939e-05, 1.1249412637e-05, 1.43626289173e-06, 5.47789511529e-07, 4.90030686251e-07, 4.30150294051e-07, 4.88170940116e-07, 6.68239863444e-07, 4.98445331232e-07, 5.5876512306e-07, 3.25360673514e-07, 2.87877867322e-07, 3.16425797564e-07, 2.4087975703e-07, 2.45644827146e-07],
        "min": [5.53658949772e-24, 4.20926318265e-24, 7.38018662107e-24, 5.83119867467e-24, 1.22518413175e-23, 7.76109599777e-24, 7.34857617574e-24, 1.01748983495e-23, 1.08080964877e-24, 4.2404192441e-24, 5.66875880365e-24, 9.19375575407e-24, 1.96371145137e-23, 1.15643734933e-23, 1.42601202545e-23, 5.92379713988e-24, 7.88043093121e-24, 1.15635775326e-23, 1.58538938067e-23, 1.9348620192e-23, 1.09960244546e-23, 1.30167429393e-23, 9.94758255763e-24, 1.13538943597e-23, 1.0797546262e-23, 1.57072540307e-23, 1.59301340577e-23, 1.51166512259e-23, 7.80591828554e-24, 1.55404083716e-23, 1.26171557029e-23, 9.76863419445e-24, 1.19394610765e-23, 1.15670564092e-23, 1.08922427028e-23, 7.25230122428e-24, 8.9921994262e-24, 1.07296758251e-23, 8.32906401661e-24, 8.23801211321e-24],
        "var": [2.90951874149e-07, 1.14002659757e-06, 4.66457038328e-07, 4.64236052267e-07, 1.72709405888e-07, 3.42636241157e-07, 2.17162607896e-07, 6.9418582882e-08, 9.73831504325e-08, 2.04988921837e-07, 7.90767487047e-08, 3.9450107181e-08, 1.98815968133e-08, 3.02605656088e-08, 5.39984501557e-09, 8.2444655547e-09, 1.092045121e-08, 3.36449024196e-09, 3.0568492182e-09, 2.34830532797e-09, 3.61581942165e-09, 2.507741792e-09, 1.86785920064e-09, 9.30605481564e-10, 1.08835118695e-09, 1.38809241879e-09, 4.8371551209e-10, 6.62596019718e-11, 1.88890786693e-12, 3.51631094034e-12, 1.36076544997e-12, 1.21732105732e-12, 1.40166296538e-12, 9.98826455573e-13, 2.37497825226e-12, 1.20583827212e-12, 1.49410301839e-12, 2.51796673789e-12, 2.92073678611e-12, 4.71180299638e-12]
    },
    "mfcc": {
        "mean": [-606.063598633, 146.431503296, -14.4369506836, 16.1133079529, 13.9307126999, -16.6663837433, -1.35931122303, 12.2231550217, -7.85967683792, 3.05216646194, 3.89602160454, -8.82850074768, 4.97872209549],
        "cov": [[979.093078613, -242.857971191, -44.0727882385, -31.3168869019, -118.321754456, 2.82260942459, 40.7457351685, -67.7830505371, -24.3396854401, 30.093006134, 0.0420841798186, -9.31979084015, -15.3467998505], [-242.857971191, 376.914611816, -109.447647095, 56.6057281494, 43.9786453247, -32.9180488586, 8.56785678864, 44.6420974731, -15.0872831345, 15.7774362564, 0.00405516475439, -4.38495731354, 14.9136724472], [-44.0727882385, -109.447647095, 236.455856323, -62.8483657837, 14.6470088959, 44.7007522583, -30.4022922516, -6.37401533127, 32.1516532898, -48.5312614441, 11.520362854, 13.9557542801, -10.3283729553], [-31.3168869019, 56.6057281494, -62.8483657837, 113.677047729, 18.6757011414, -31.8730392456, -6.49735021591, 5.90596818924, -11.8318347931, 28.0690631866, -23.5986423492, 0.531629025936, 7.57667589188], [-118.321754456, 43.9786453247, 14.6470088959, 18.6757011414, 130.625869751, -10.9246530533, -32.8968162537, 9.77883338928, 24.5202636719, -27.2087554932, 8.70618343353, -7.73662376404, 21.1506748199], [2.82260942459, -32.9180488586, 44.7007522583, -31.8730392456, -10.9246530533, 84.9205856323, -1.22691345215, -11.2833070755, 6.03108596802, 1.74079990387, 1.31698596478, 14.7046699524, -21.4770927429], [40.7457351685, 8.56785678864, -30.4022922516, -6.49735021591, -32.8968162537, -1.22691345215, 81.8644790649, 14.8210105896, -13.3199224472, 0.974679946899, 10.785323143, -12.6716766357, 3.48670196533], [-67.7830505371, 44.6420974731, -6.37401533127, 5.90596818924, 9.77883338928, -11.2833070755, 14.8210105896, 79.8826141357, 1.25045263767, -8.45962142944, -1.23529362679, 12.2607469559, 1.48999536037], [-24.3396854401, -15.0872831345, 32.1516532898, -11.8318347931, 24.5202636719, 6.03108596802, -13.3199224472, 1.25045263767, 71.3702392578, -12.1121091843, 3.0527048111, -2.0707950592, 7.81130933762], [30.093006134, 15.7774362564, -48.5312614441, 28.0690631866, -27.2087554932, 1.74079990387, 0.974679946899, -8.45962142944, -12.1121091843, 86.4769058228, -11.8039054871, 6.27874469757, -11.7023439407], [0.0420841798186, 0.00405516475439, 11.520362854, -23.5986423492, 8.70618343353, 1.31698596478, 10.785323143, -1.23529362679, 3.0527048111, -11.8039054871, 72.1533508301, -5.92504167557, -3.66384935379], [-9.31979084015, -4.38495731354, 13.9557542801, 0.531629025936, -7.73662376404, 14.7046699524, -12.6716766357, 12.2607469559, -2.0707950592, 6.27874469757, -5.92504167557, 65.1791763306, -6.76197481155], [-15.3467998505, 14.9136724472, -10.3283729553, 7.57667589188, 21.1506748199, -21.4770927429, 3.48670196533, 1.48999536037, 7.81130933762, -11.7023439407, -3.66384935379, -6.76197481155, 60.5895729065]],
