{
"lowlevel": {
    "average_loudness": 0.975548386574,
    "barkbands_crest": {
        "dmean": 1.95450747013,
        "dmean2": 3.10365200043,
        "dvar": 3.95742797852,
        "dvar2": 9.8544588089,
        "max": 26.2689094543,
        "mean": 11.8966627121,
        "median": 10.655175209,
        "min": 3.64159870148,
        "var": 24.120513916
    },
    "barkbands_flatness_db": {
        "dmean": 0.0157401990145,
        "dmean2": 0.0237958412617,
        "dvar": 0.000220977919525,
        "dvar2": 0.000508742232341,
        "max": 0.41958335042,
        "mean": 0.16531431675,
        "median": 0.140474766493,
        "min": 0.0622088946402,
        "var": 0.00541897071525
    },
    "barkbands_kurtosis": {
        "dmean": 2.07796239853,
        "dmean2": 3.24029612541,
        "dvar": 11.2607183456,
        "dvar2": 25.404302597,
        "max": 108.818092346,
        "mean": 3.69944429398,
        "median": 2.2240524292,
        "min": -1.82057392597,
        "var": 42.5447769165
    },
    "barkbands_skewness": {
        "dmean": 0.400062680244,
        "dmean2": 0.613903462887,
        "dvar": 0.160635814071,
        "dvar2": 0.369935512543,
        "max": 8.66138362885,
        "mean": 1.92462563515,
        "median": 1.84433627129,
        "min": -1.71363425255,
        "var": 0.896664023399
    },
    "barkbands_spread": {
        "dmean": 3.93934440613,
        "dmean2": 6.02837371826,
        "dvar": 15.577372551,
        "dvar2": 38.1970825195,
        "max": 53.5658416748,
        "mean": 22.2664680481,
        "median": 22.4622650146,
        "min": 0.923778712749,
        "var": 78.8136672974
    },
    "dissonance": {
        "dmean": 0.00780641520396,
        "dmean2": 0.0129952635616,
        "dvar": 0.000268007075647,
        "dvar2": 0.000669335247949,
        "max": 0.500000059605,
        "mean": 0.474523663521,
        "median": 0.478145867586,
        "min": 0.0274855215102,
        "var": 0.000428207218647
    },
    "dynamic_complexity": 0.827973365784,
    "erbbands_crest": {
        "dmean": 1.57624185085,
        "dmean2": 2.54548883438,
        "dvar": 2.38585114479,
        "dvar2": 5.59056472778,
        "max": 25.0172233582,
        "mean": 8.47553062439,
        "median": 7.17453479767,
        "min": 3.20389175415,
        "var": 15.4589958191
    },
    "erbbands_flatness_db": {
        "dmean": 0.0100054200739,
        "dmean2": 0.0148178497329,
        "dvar": 0.000114105292596,
        "dvar2": 0.00022692476341,
        "max": 0.373366296291,
        "mean": 0.173644900322,
        "median": 0.143260478973,
        "min": 0.073749281466,
        "var": 0.00462099118158
    },
    "erbbands_kurtosis": {
        "dmean": 0.362413227558,
        "dmean2": 0.581685721874,
        "dvar": 0.518467485905,
        "dvar2": 1.28397285938,
        "max": 18.4606399536,
        "mean": -1.05283117294,
        "median": -1.29902803898,
        "min": -1.90717446804,
        "var": 1.14563596249
    },
    "erbbands_skewness": {
        "dmean": 0.270136326551,
        "dmean2": 0.416114419699,
        "dvar": 0.0654112324119,
        "dvar2": 0.162334188819,
        "max": 3.61888551712,
        "mean": -0.134348079562,
        "median": -0.231655076146,
        "min": -1.86003482342,
        "var": 0.382556200027
    },
    "erbbands_spread": {
        "dmean": 5.49509096146,
        "dmean2": 8.69454956055,
        "dvar": 36.9986686707,
        "dvar2": 89.0855484009,
        "max": 115.089004517,
        "mean": 55.0162582397,
        "median": 55.2558174133,
        "min": 6.54303741455,
        "var": 176.07460022
    },
    "hfc": {
        "dmean": 3.33024024963,
        "dmean2": 5.28722524643,
        "dvar": 10.4216079712,
        "dvar2": 25.3972606659,
        "max": 53.9575843811,
        "mean": 24.6256198883,
        "median": 24.1637573242,
        "min": 1.22174100018e-16,
        "var": 55.2708244324
    },
    "melbands_crest": {
        "dmean": 2.45778489113,
        "dmean2": 3.91051793098,
        "dvar": 5.8275141716,
        "dvar2": 14.8567333221,
        "max": 33.0370521545,
        "mean": 15.7084522247,
        "median": 14.6428918839,
        "min": 2.47296118736,
        "var": 24.8032932281
    },
    "melbands_flatness_db": {
        "dmean": 0.0171288140118,
        "dmean2": 0.0256200321019,
        "dvar": 0.000288842333248,
        "dvar2": 0.000651206355542,
        "max": 0.474060088396,
        "mean": 0.218650579453,
        "median": 0.204481169581,
        "min": 0.00530647020787,
        "var": 0.00387768633664
    },
    "melbands_kurtosis": {
        "dmean": 5.94789266586,
        "dmean2": 9.17113018036,
        "dvar": 63.4905090332,
        "dvar2": 143.485839844,
        "max": 211.308731079,
        "mean": 17.3782424927,
        "median": 14.2006511688,
        "min": -1.62240028381,
        "var": 210.235809326
    },
    "melbands_skewness": {
        "dmean": 0.574708223343,
        "dmean2": 0.867290616035,
        "dvar": 0.336611390114,
        "dvar2": 0.786414802074,
        "max": 11.6472969055,
        "mean": 3.7027463913,
        "median": 3.6244199276,
        "min": -0.0409496203065,
        "var": 1.70255696774
    },
    "melbands_spread": {
        "dmean": 4.51087808609,
        "dmean2": 6.86433553696,
        "dvar": 25.1283588409,
        "dvar2": 51.7803115845,
        "max": 113.563079834,
        "mean": 19.4574661255,
        "median": 17.3052921295,
        "min": 1.16926956177,
        "var": 110.215263367
    },
    "pitch_salience": {
        "dmean": 0.0577572546899,
        "dmean2": 0.0933340787888,
        "dvar": 0.00327108101919,
        "dvar2": 0.00828998442739,
        "max": 0.876404941082,
        "mean": 0.608792662621,
        "median": 0.638723552227,
        "min": 0.0934598147869,
        "var": 0.0177641324699
    },
    "silence_rate_20dB": {
        "dmean": 0,
        "dmean2": 0,
        "dvar": 0,
        "dvar2": 0,
        "max": 1,
        "mean": 1,
        "median": 1,
        "min": 1,
        "var": 0
    },
    "silence_rate_30dB": {
        "dmean": 0,
        "dmean2": 0,
        "dvar": 0,
        "dvar2": 0,
        "max": 1,
        "mean": 1,
        "median": 1,
        "min": 1,
        "var": 0
    },
    "silence_rate_60dB": {
        "dmean": 0.000515463936608,
        "dmean2": 0.00103145954199,
        "dvar": 0.000515170919243,
        "dvar2": 0.00103040458634,
        "max": 1,
        "mean": 0.0010303966701,
        "median": 0,
        "min": 0,
        "var": 0.00102934613824
    },
    "spectral_centroid": {
        "dmean": 191.689971924,
        "dmean2": 289.101837158,
        "dvar": 85706.09375,
        "dvar2": 137076.375,
        "max": 11389.7558594,
        "mean": 1338.93225098,
        "median": 1334.90014648,
        "min": 247.471221924,
        "var": 231591.859375
    },
    "spectral_complexity": {
        "dmean": 3.38402056694,
        "dmean2": 5.51211977005,
        "dvar": 9.03650474548,
        "dvar2": 21.5423259735,
        "max": 51,
        "mean": 26.5414733887,
        "median": 28,
        "min": 0,
        "var": 60.8788795471
    },
    "spectral_decrease": {
        "dmean": 1.53108081768e-09,
        "dmean2": 2.50682674618e-09,
        "dvar": 2.90154134612e-18,
        "dvar2": 8.02074357473e-18,
        "max": 2.64726925039e-29,
        "mean": -9.03428443166e-09,
        "median": -8.77714612102e-09,
        "min": -1.80999268906e-08,
        "var": 5.89839209677e-18
    },
    "spectral_energy": {
        "dmean": 0.00592198362574,
        "dmean2": 0.00973464548588,
        "dvar": 4.29944484495e-05,
        "dvar2": 0.000119035939861,
        "max": 0.0707103535533,
        "mean": 0.0363310463727,
        "median": 0.0355265140533,
        "min": 1.09816376954e-20,
        "var": 8.56109763845e-05
    },
    "spectral_energyband_high": {
        "dmean": 0.000148465085658,
        "dmean2": 0.000229661585763,
        "dvar": 4.59850753032e-08,
        "dvar2": 1.04376503884e-07,
        "max": 0.00521832285449,
        "mean": 0.000630803697277,
        "median": 0.000488715013489,
        "min": 7.89325790419e-21,
        "var": 3.08232415591e-07
    },
    "spectral_energyband_low": {
        "dmean": 0.00300499401055,
        "dmean2": 0.00487874262035,
        "dvar": 1.97627396119e-05,
        "dvar2": 5.24141541973e-05,
        "max": 0.0457591190934,
        "mean": 0.00744227552786,
        "median": 0.00628118170425,
        "min": 5.22920432397e-23,
        "var": 4.50845509476e-05
    },
    "spectral_energyband_middle_high": {
        "dmean": 0.00106930860784,
        "dmean2": 0.00170700089075,
        "dvar": 1.142097517e-06,
        "dvar2": 2.66915503744e-06,
        "max": 0.0201973505318,
        "mean": 0.00532193854451,
        "median": 0.0048091118224,
        "min": 1.84149104775e-21,
        "var": 6.63124774292e-06
    },
    "spectral_energyband_middle_low": {
        "dmean": 0.00532915955409,
        "dmean2": 0.00851074699312,
        "dvar": 3.21880506817e-05,
        "dvar2": 8.79913641256e-05,
        "max": 0.0593259781599,
        "mean": 0.0247810930014,
        "median": 0.0226435996592,
        "min": 2.4960205276e-22,
        "var": 0.0001000524353
    },
    "spectral_entropy": {
        "dmean": 0.0951380953193,
        "dmean2": 0.141728103161,
        "dvar": 0.0144977048039,
        "dvar2": 0.0303432904184,
        "max": 9.79131221771,
        "mean": 7.38980293274,
        "median": 7.55138540268,
        "min": 5.21914100647,
        "var": 0.258474111557
    },
    "spectral_flux": {
        "dmean": 0.0177222620696,
        "dmean2": 0.0275964979082,
        "dvar": 0.00032533245394,
        "dvar2": 0.000737497757655,
        "max": 0.198153331876,
        "mean": 0.0758358314633,
        "median": 0.0700682252645,
        "min": 1.04793305977e-10,
        "var": 0.00100499857217
    },
    "spectral_kurtosis": {
        "dmean": 2.07049393654,
        "dmean2": 3.72855019569,
        "dvar": 12.2331800461,
        "dvar2": 39.8215141296,
        "max": 53.9015846252,
        "mean": 5.35898065567,
        "median": 4.33935880661,
        "min": -1.22254359722,
        "var": 18.053894043
    },
    "spectral_rms": {
        "dmean": 0.000486363802338,
        "dmean2": 0.000795769446995,
        "dvar": 2.83363874587e-07,
        "dvar2": 7.66440905409e-07,
        "max": 0.00830576382577,
        "mean": 0.00590231176466,
        "median": 0.00588727556169,
        "min": 3.27319313147e-12,
        "var": 6.07770573424e-07
    },
    "spectral_rolloff": {
        "dmean": 460.388793945,
        "dmean2": 793.69744873,
        "dvar": 520177.5,
        "dvar2": 998056.75,
        "max": 18949.21875,
        "mean": 1328.24816895,
        "median": 968.994140625,
        "min": 172.265625,
        "var": 1060173
    },
    "spectral_skewness": {
        "dmean": 0.230889558792,
        "dmean2": 0.401951670647,
        "dvar": 0.109171189368,
        "dvar2": 0.348925441504,
        "max": 5.5293507576,
        "mean": 1.37674117088,
        "median": 1.33891785145,
        "min": -0.0380819328129,
        "var": 0.170499175787
    },
    "spectral_spread": {
        "dmean": 293301.6875,
        "dmean2": 447865.875,
        "dvar": 640633143296,
        "dvar2": 618755915776,
        "max": 41066368,
        "mean": 3765344.5,
        "median": 3880887,
        "min": 1318262.375,
        "var": 1.5368159232e+12
    },
    "spectral_strongpeak": {
        "dmean": 0.28516125679,
        "dmean2": 0.474708884954,
        "dvar": 0.16950340569,
        "dvar2": 0.392866760492,
        "max": 11.1083459854,
        "mean": 1.13975918293,
        "median": 0.931159079075,
        "min": 0,
        "var": 0.6564437747
    },
    "zerocrossingrate": {
        "dmean": 0.00632248725742,
        "dmean2": 0.00758510548621,
        "dvar": 0.000149775005411,
        "dvar2": 0.00018178820028,
        "max": 0.49658203125,
        "mean": 0.0531836636364,
        "median": 0.0537109375,
        "min": 0.00439453125,
        "var": 0.000410052685766
    },
    "barkbands": {
        "dmean": [9.54738334258e-06, 0.00108797091525, 0.00175669637974, 0.00219496176578, 0.00323670986108, 0.00202264892869, 0.000888266717084, 0.000260153843556, 0.000170764003997, 0.000100540317362, 5.21964830114e-05, 7.21801407053e-05, 9.08154252102e-05, 8.61968728714e-05, 0.000131697466713, 0.000477312190924, 0.00055444863392, 0.000361713726306, 0.000219318084419, 0.00011520939006, 6.15992830717e-05, 3.91897629015e-05, 3.14203971357e-05, 2.32994516409e-05, 1.29102800202e-05, 9.45697502175e-06, 1.07915593617e-06],
        "dmean2": [1.6686062736e-05, 0.00183118437417, 0.00284350989386, 0.0035881488584, 0.00507034407929, 0.00296793645248, 0.00139466335531, 0.000399396434659, 0.000277922983514, 0.000167523219716, 8.94929398783e-05, 0.000119344935229, 0.000148556558997, 0.000139834242873, 0.000211014063098, 0.000771705876105, 0.000902648840565, 0.00059561082162, 0.000356309465133, 0.000192973675439, 0.00010126161942, 6.34908792563e-05, 5.10340905748e-05, 3.62864411727e-05, 2.04636471608e-05, 1.44716113937e-05, 1.77908339083e-06],
        "dvar": [2.45915038333e-10, 4.95583844895e-06, 6.12434223513e-06, 1.12964225991e-05, 1.62650467246e-05, 8.07573269412e-06, 1.91976960195e-06, 2.17788112877e-07, 1.11167473449e-07, 5.11276745385e-08, 2.28524719148e-08, 1.51117696134e-08, 2.22492051449e-08, 1.26359029906e-08, 2.34609203176e-08, 3.26289637087e-07, 3.64801650221e-07, 1.48316331661e-07, 4.83969806453e-08, 1.94509279794e-08, 7.76473196851e-09, 4.69495731181e-09, 2.82876522206e-09, 1.83917969743e-09, 4.06330052938e-10, 3.15620085622e-10, 1.17982854389e-11],
        "dvar2": [6.86154133511e-10, 1.25033493532e-05, 1.71239862539e-05, 2.91609048872e-05, 4.34462053818e-05, 1.68344013218e-05, 4.22836501457e-06, 4.790038588e-07, 2.8859111012e-07, 1.34714312594e-07, 6.26380440849e-08, 3.83907980961e-08, 5.58278081542e-08, 2.93915345395e-08, 5.23843048938e-08, 7.74326110786e-07, 9.02851127194e-07, 3.43956571669e-07, 1.18723988862e-07, 5.03241039951e-08, 2.07091055415e-08, 1.25237482607e-08, 7.56786544542e-09, 4.11380218779e-09, 1.02820552073e-09, 7.80538411682e-10, 3.29213913075e-11],
        "max": [0.000243980030064, 0.0257561635226, 0.02417941764, 0.0405486598611, 0.0477580167353, 0.0550997667015, 0.0261277388781, 0.0103160329163, 0.00495712645352, 0.00301071535796, 0.00368230394088, 0.00190683954861, 0.00228843302466, 0.00190837704577, 0.00345687731169, 0.0165618192405, 0.00838223844767, 0.00633583823219, 0.00348240253516, 0.00282159773633, 0.00116939737927, 0.000967019237578, 0.000885678920895, 0.000982780940831, 0.000372354785213, 0.000337377481628, 8.34092352306e-05],
        "mean": [1.21746070363e-05, 0.00198572850786, 0.00363015476614, 0.00421828357503, 0.00893899984658, 0.00815876480192, 0.00256406213157, 0.000543331087101, 0.000303283595713, 0.000147205515532, 6.83080943418e-05, 0.000122900644783, 0.00019658189558, 0.000176031404408, 0.000310988223646, 0.0012160113547, 0.00137232569978, 0.000916261575185, 0.000639647012576, 0.000318949460052, 0.000162921001902, 0.000102685116872, 9.39225865295e-05, 7.30797983124e-05, 3.65817177226e-05, 2.06706154131e-05, 1.27872715439e-06],
        "median": [6.80437369738e-06, 0.00126861222088, 0.00269454228692, 0.00247020740062, 0.00770049449056, 0.00305797462352, 0.00103539472912, 0.0002576962288, 0.000183978845598, 8.24632807053e-05, 3.42358471244e-05, 7.9347519204e-05, 0.000113890804641, 0.000119456824905, 0.000255639053648, 0.000926495238673, 0.00109737331513, 0.000789087032899, 0.000576632854063, 0.000266322400421, 0.00011209344666, 6.99434385751e-05, 6.66544874548e-05, 4.34789762949e-05, 2.89291965601e-05, 1.38864024848e-05, 3.42056779346e-07],
        "min": [1.96274572785e-23, 2.24973379848e-23, 1.07909419185e-23, 1.43688931293e-23, 1.91040670005e-23, 6.00871123212e-23, 5.70307685627e-23, 2.17060221445e-23, 5.96770876663e-23, 4.09423227431e-23, 7.091632346e-23, 1.40200133986e-22, 1.52818664674e-22, 1.81384416146e-22, 1.0747336212e-22, 1.2866832546e-22, 3.55528225143e-22, 1.71441322996e-22, 2.60591528881e-22, 3.76465047951e-22, 4.70779818897e-22, 6.80228220493e-22, 4.43081839664e-22, 5.88832941716e-22, 1.41624872317e-21, 1.67031908605e-21, 2.73341469911e-21],
        "var": [2.87224022344e-10, 6.72831629345e-06, 1.33232188091e-05, 2.96134221571e-05, 5.41774606972e-05, 0.000136903690873, 1.57007689268e-05, 8.61641865413e-07, 1.77539703827e-07, 5.23073460101e-08, 1.88693913827e-08, 2.88693051687e-08, 5.94631153206e-08, 4.28180975121e-08, 7.21184534314e-08, 1.30665864617e-06, 9.43225529682e-07, 3.59425030183e-07, 1.33006921033e-07, 6.04498282541e-08, 2.55027998719e-08, 1.29319550624e-08, 9.75739489206e-09, 9.5665528832e-09, 1.2175322972e-09, 6.07166594779e-10, 9.23057984215e-12]
    },
    "erbbands": {
        "dmean": [0.017844920978, 0.297883987427, 1.54729223251, 4.70039796829, 9.8223657608, 12.3582696915, 13.9134922028, 18.4499320984, 13.524682045, 7.98248243332, 4.86225175858, 4.04236650467, 3.18786454201, 2.61876273155, 1.8772213459, 3.28857660294, 4.07235002518, 3.60701751709, 5.60675382614, 9.38907432556, 28.3688297272, 27.3602294922, 20.4341583252, 13.2037067413, 7.84189510345, 5.3023018837, 2.25950980186, 2.45172214508, 1.58215582371, 1.24368727207, 0.854466915131, 0.623690962791, 0.357391506433, 0.173102766275, 0.092497870326, 0.057724006474, 0.0139935128391, 0.00305775855668, 8.06158277555e-05, 7.13714553058e-06],
        "dmean2": [0.0287974085659, 0.501060068607, 2.51006317139, 7.79038619995, 15.949968338, 19.3960590363, 20.9881515503, 26.9046516418, 21.2288322449, 12.8882217407, 7.5353512764, 6.51854038239, 5.34213399887, 4.38845205307, 3.17025375366, 5.42623281479, 6.646900177, 5.88658809662, 8.90511417389, 15.3958044052, 46.0604667664, 44.668548584, 33.7244415283, 21.6746368408, 12.7410402298, 8.7390460968, 3.68756461143, 4.06308984756, 2.5639500618, 2.06560969353, 1.40837192535, 0.989125847816, 0.577219486237, 0.282100439072, 0.145037844777, 0.0895452946424, 0.0216170400381, 0.00485687702894, 0.00013044453226, 1.17294812298e-05],
        "dvar": [0.00142640224658, 0.343677699566, 4.52920293808, 51.5048599243, 172.600418091, 268.220581055, 311.186279297, 809.89440918, 439.718444824, 230.740249634, 61.0325050354, 65.197593689, 40.9825210571, 41.2068786621, 24.1378669739, 32.5971183777, 49.0191001892, 25.1078586578, 59.8669242859, 90.8148193359, 1253.70117188, 874.668273926, 454.264068604, 180.079147339, 62.669216156, 39.4039230347, 8.78129959106, 12.5840606689, 8.32302951813, 5.14115715027, 2.14340949059, 1.31565713882, 0.434670835733, 0.0818151161075, 0.0186105966568, 0.0100694149733, 0.000829618249554, 5.7332275901e-05, 8.20159655746e-08, 7.38160643721e-11],
        "dvar2": [0.00316715007648, 0.888184607029, 12.3846387863, 139.704238892, 473.86907959, 699.638366699, 731.222167969, 1731.85925293, 986.510986328, 579.27746582, 141.645446777, 162.932052612, 107.132141113, 113.204589844, 63.2938308716, 82.8650970459, 122.200950623, 63.3530960083, 123.800933838, 230.639678955, 2944.35229492, 2182.92260742, 1092.13500977, 458.023254395, 159.952682495, 103.076751709, 21.754278183, 33.2667808533, 22.0989761353, 13.7495222092, 5.78915405273, 3.17607784271, 1.09787070751, 0.219492614269, 0.0436285659671, 0.0247900690883, 0.00213269912638, 0.000150686159031, 2.30840413451e-07, 2.00135977235e-10],
        "max": [0.523031651974, 6.7429599762, 22.7190723419, 83.3593444824, 166.182678223, 229.66065979, 274.978210449, 537.309204102, 389.607147217, 368.454742432, 146.619018555, 153.107589722, 103.106071472, 102.965248108, 127.918968201, 91.049987793, 116.028129578, 108.031784058, 200.720214844, 155.631790161, 958.498535156, 346.222595215, 274.812042236, 180.692565918, 101.792541504, 154.217819214, 47.5546188354, 62.5713233948, 48.9178543091, 45.9874076843, 25.1710472107, 23.687040329, 13.7326831818, 5.96732616425, 2.17566657066, 1.88439249992, 0.540812313557, 0.165594875813, 0.00743021909148, 0.00016640596732],
        "mean": [0.0322928018868, 0.580510616302, 3.60838270187, 9.55990695953, 22.829656601, 30.1166725159, 46.3227806091, 72.7237625122, 41.3773078918, 19.6551532745, 10.9529705048, 7.43383359909, 5.20617675781, 3.82283878326, 2.97865557671, 5.84874629974, 9.05225372314, 8.23236370087, 14.1861639023, 26.9892902374, 76.9564971924, 74.3166656494, 57.7574729919, 38.6949501038, 24.9692630768, 15.1857481003, 6.66446495056, 6.38964700699, 4.06532621384, 3.35801792145, 2.51315379143, 1.78906321526, 0.979520916939, 0.462455809116, 0.251985311508, 0.126603007317, 0.0291385613382, 0.00487683899701, 0.000141120719491, 4.69474252895e-05],
        "median": [0.0179284103215, 0.410569876432, 2.87951302528, 6.73609447479, 16.7235012054, 22.5339679718, 32.0881500244, 23.4252529144, 19.0458164215, 10.991897583, 5.78242778778, 4.5671415329, 3.12350487709, 1.95171153545, 1.77030491829, 3.72175478935, 5.27473831177, 6.28536987305, 10.8025178909, 23.6147422791, 58.3610267639, 62.5689468384, 49.8622207642, 34.0688095093, 22.4850120544, 12.9739971161, 5.22751665115, 4.22665977478, 2.54741120338, 2.4121992588, 1.80904996395, 1.0754237175, 0.605699121952, 0.357925504446, 0.20093742013, 0.0887288749218, 0.0179881863296, 0.00224606925622, 7.45647121221e-05, 4.65110242658e-05],
        "min": [9.29238867388e-22, 4.21135663647e-21, 1.46337491519e-20, 2.73376697788e-20, 5.12706576941e-20, 7.53756765585e-20, 2.70781140736e-19, 4.76797606725e-19, 6.60378969947e-19, 6.47905603298e-19, 8.81930456527e-19, 1.00795111266e-18, 1.52662096388e-18, 1.89199573943e-18, 3.37016687368e-18, 6.703246691e-18, 6.88694613426e-18, 6.0865173699e-18, 7.97578878998e-18, 7.02272038718e-18, 9.93935591832e-18, 1.88016862832e-17, 9.62092033381e-18, 1.17321698072e-17, 1.87623108316e-17, 1.57582886319e-17, 1.59152395357e-17, 2.40367899573e-17, 2.53168039787e-17, 1.24326792894e-17, 1.35893954232e-17, 1.33449941578e-17, 9.24174735846e-18, 1.51571847525e-17, 1.05541248214e-17, 6.13154908244e-18, 3.33766798139e-18, 1.13178863235e-18, 3.68836552264e-19, 4.25323152407e-20],
        "var": [0.00236185640097, 0.477166622877, 11.6251440048, 108.180000305, 463.303283691, 810.483337402, 1717.71411133, 12224.5449219, 3401.12402344, 676.472717285, 263.717773438, 112.994934082, 49.536026001, 39.6621780396, 23.3706550598, 62.1440544128, 130.978912354, 65.0702209473, 200.703292847, 264.377532959, 5007.39648438, 2282.75195312, 1234.2947998, 502.961303711, 191.042999268, 126.509628296, 30.1412754059, 44.2001991272, 23.3021659851, 12.3395318985, 7.18693256378, 5.5026307106, 1.61627185345, 0.220517665148, 0.0600484386086, 0.0206356532872, 0.00135054357816, 6.59154684399e-05, 6.44512994086e-08, 1.33707184213e-10]
    },
    "gfcc": {
        "mean": [17.2888832092, 91.4361572266, -123.116134644, 56.9631538391, -49.3779907227, -17.8728427887, -65.7021408081, 3.94434356689, -24.0996437073, -3.76000022888, -13.8686199188, 1.4784835577, -10.651432991],
        "cov": [[3326.56591797, -735.113952637, 1043.67700195, 556.109313965, -123.050575256, 685.402709961, 157.847442627, 551.674438477, -143.465240479, 180.372085571, -626.748352051, -10.5250368118, -442.347900391], [-735.113952637, 641.431762695, -347.976623535, -196.853973389, 78.2113418579, -193.156738281, 16.0770282745, -177.487564087, 40.3661880493, -124.346878052, 167.96244812, -69.3749389648, 126.901428223], [1043.67700195, -347.976623535, 1070.56860352, 312.2862854, 59.2287101746, 505.96862793, 176.137359619, 279.089294434, -163.87651062, 3.64096665382, -508.476257324, -24.1224746704, -277.505096436], [556.109313965, -196.853973389, 312.2862854, 313.905426025, -12.876994133, 206.239013672, 41.6386528015, 117.925018311, -1.23122084141, 34.3172187805, -138.693527222, -39.933681488, -94.9503555298], [-123.050575256, 78.2113418579, 59.2287101746, -12.876994133, 132.268188477, -4.42446947098, 22.9092502594, 20.4637565613, -13.9850902557, -9.59498786926, -21.26811409, -8.72278785706, -18.4290943146], [685.402709961, -193.156738281, 505.96862793, 206.239013672, -4.42446947098, 357.79788208, 138.447525024, 176.254852295, -51.5502548218, 20.7950611115, -258.808502197, -32.8339233398, -164.851470947], [157.847442627, 16.0770282745, 176.137359619, 41.6386528015, 22.9092502594, 138.447525024, 117.304382324, 72.5651245117, -11.8345527649, -11.2266969681, -101.993255615, -29.2800178528, -64.9314422607], [551.674438477, -177.487564087, 279.089294434, 117.925018311, 20.4637565613, 176.254852295, 72.5651245117, 194.868835449, -10.978849411, 66.7989654541, -152.366256714, -15.9452533722, -128.440185547], [-143.465240479, 40.3661880493, -163.87651062, -1.23122084141, -13.9850902557, -51.5502548218, -11.8345527649, -10.978849411, 77.3225250244, 32.6565055847, 90.5343856812, -11.5061225891, 21.0180225372], [180.372085571, -124.346878052, 3.64096665382, 34.3172187805, -9.59498786926, 20.7950611115, -11.2266969681, 66.7989654541, 32.6565055847, 97.6059188843, 18.7384548187, 17.051864624, -42.0840492249], [-626.748352051, 167.96244812, -508.476257324, -138.693527222, -21.26811409, -258.808502197, -101.993255615, -152.366256714, 90.5343856812, 18.7384548187, 298.716827393, 31.6675453186, 150.859741211], [-10.5250368118, -69.3749389648, -24.1224746704, -39.933681488, -8.72278785706, -32.8339233398, -29.2800178528, -15.9452533722, -11.5061225891, 17.051864624, 31.6675453186, 71.2983551025, 36.8624000549], [-442.347900391, 126.901428223, -277.505096436, -94.9503555298, -18.4290943146, -164.851470947, -64.9314422607, -128.440185547, 21.0180225372, -42.0840492249, 150.859741211, 36.8624000549, 152.679244995]],
        "icov": [[0.00134131859522, -0.00108882714994, 0.00175290554762, -0.00197893450968, 0.00175563106313, -0.000588890106883, 0.00122436357196, -0.00210084323771, 0.00252857408486, -0.00132571707945, 0.00302754458971, -0.0031177578494, 0.00212367763743], [-0.00108882714994, 0.00612113531679, -0.00235660350882, 0.00391424773261, -0.00387077662162, 0.000526589341462, -0.00364597188309, 0.00275836954825, -0.00348431291059, 0.00484261056408, -0.00587543006986, 0.0089071476832, -0.00375069398433], [0.00175290554762, -0.00235660350882, 0.0108352703974, -0.00549311749637, 6.68348511681e-05, -0.00440079625696, 0.00225682393648, -0.000884060398676, 0.00752637907863, -0.00405086157843, 0.0136327054352, -0.00941772852093, 0.00543840182945], [-0.00197893450968, 0.00391424773261, -0.00549311749637, 0.0119611360133, -0.00355692650191, -0.00431441282853, 0.00285006547347, 0.0016430306714, -0.00900935102254, 0.00328937871382, -0.00720250466838, 0.0124476049095, -0.00776755716652], [0.00175563106313, -0.00387077662162, 6.68348511681e-05, -0.00355692650191, 0.0134806567803, 0.00401229038835, -0.000975829374511, -0.00606241682544, 0.00585512584075, -0.00129889091477, 0.00153804267757, -0.00596278114244, 0.00541343167424], [-0.000588890106883, 0.000526589341462, -0.00440079625696, -0.00431441282853, 0.00401229038835, 0.0199766289443, -0.0138457184657, 0.000805301533546, -0.000502690090798, -0.00113811797928, 0.00110092351679, -0.00112137116957, 0.00295542948879], [0.00122436357196, -0.00364597188309, 0.00225682393648, 0.00285006547347, -0.000975829374511, -0.0138457184657, 0.0280308127403, -0.00772567139938, -0.00484403688461, 0.0054306066595, 0.00384730659425, -0.00241385214031, 0.00175153487362], [-0.00210084323771, 0.00275836954825, -0.000884060398676, 0.0016430306714, -0.00606241682544, 0.000805301533546, -0.00772567139938, 0.0259397216141, -0.00749878725037, -0.0125655084848, 0.00721019087359, 0.00430275779217, -0.000884933280759], [0.00252857408486, -0.00348431291059, 0.00752637907863, -0.00900935102254, 0.00585512584075, -0.000502690090798, -0.00484403688461, -0.00749878725037, 0.0438665151596, -0.0127872843295, -0.00469096982852, 0.000973266724031, 0.00493108294904], [-0.00132571707945, 0.00484261056408, -0.00405086157843, 0.00328937871382, -0.00129889091477, -0.00113811797928, 0.0054306066595, -0.0125655084848, -0.0127872843295, 0.041928820312, -0.021048495546, -0.00554431322962, 0.0126239750534], [0.00302754458971, -0.00587543006986, 0.0136327054352, -0.00720250466838, 0.00153804267757, 0.00110092351679, 0.00384730659425, 0.00721019087359, -0.00469096982852, -0.021048495546, 0.0445021800697, -0.0150146363303, -0.00247254641727], [-0.0031177578494, 0.0089071476832, -0.00941772852093, 0.0124476049095, -0.00596278114244, -0.00112137116957, -0.00241385214031, 0.00430275779217, 0.000973266724031, -0.00554431322962, -0.0150146363303, 0.044661577791, -0.0227593127638], [0.00212367763743, -0.00375069398433, 0.00543840182945, -0.00776755716652, 0.00541343167424, 0.00295542948879, 0.00175153487362, -0.000884933280759, 0.00493108294904, 0.0126239750534, -0.00247254641727, -0.0227593127638, 0.0354577451944]]
    },
    "melbands": {
        "dmean": [0.000232629914535, 0.000638740311842, 0.000874572491739, 0.000822646543384, 0.000476534827612, 0.00039391007158, 0.000200936177862, 7.99905756139e-05, 3.77189644496e-05, 2.46765794145e-05, 1.58779312187e-05, 1.13162514026e-05, 7.06300988895e-06, 6.54712403048e-06, 1.03999627754e-05, 8.41721703182e-06, 7.37344771551e-06, 9.32204511628e-06, 1.0671086784e-05, 2.58269501501e-05, 3.8118010707e-05, 2.75550119113e-05, 3.62724058505e-05, 1.2144446373e-05, 1.24621428768e-05, 8.67015751282e-06, 5.59641557629e-06, 3.73205966753e-06, 1.55768930199e-06, 2.08582150663e-06, 1.3603454363e-06, 9.45331862567e-07, 8.73779981703e-07, 7.43293185224e-07, 5.9723384993e-07, 5.08398784405e-07, 3.6714396856e-07, 3.22795216334e-07, 1.97127349111e-07, 1.67904346426e-07],
        "dmean2": [0.000388020620449, 0.00102809607051, 0.00142872636206, 0.00128179194871, 0.000727607693989, 0.000573306228034, 0.000314353936119, 0.000127690727822, 5.91706811974e-05, 3.9662605559e-05, 2.67586801783e-05, 1.89915281226e-05, 1.20605564007e-05, 1.09158709165e-05, 1.70543025888e-05, 1.38628647619e-05, 1.19917367556e-05, 1.48270128193e-05, 1.73459502548e-05, 4.15332433477e-05, 6.26122564427e-05, 4.4861670176e-05, 5.93166259932e-05, 1.99495552806e-05, 2.04490734177e-05, 1.4061028196e-05, 9.43613576965e-06, 6.18884632786e-06, 2.56843190982e-06, 3.49944502887e-06, 2.26357474276e-06, 1.54724091317e-06, 1.45635635818e-06, 1.23259485463e-06, 1.00962188299e-06, 8.10893766356e-07, 5.91075945522e-07, 5.40666462712e-07, 3.25778074739e-07, 2.77684648609e-07],
        "dvar": [2.44950712158e-07, 7.82142763001e-07, 1.53796793256e-06, 1.08360939066e-06, 3.36799445222e-07, 3.4992680753e-07, 9.8471375054e-08, 2.25557084121e-08, 3.99795574424e-09, 2.27607199754e-09, 1.05640107773e-09, 7.87660492385e-10, 4.03035133045e-10, 1.29213972855e-10, 3.18546244937e-10, 1.7193185764e-10, 9.65572830025e-11, 1.53389412283e-10, 1.26344823492e-10, 1.06740427608e-09, 2.00368055481e-09, 8.5996215704e-10, 1.65540758879e-09, 1.40473008226e-10, 1.59701571412e-10, 7.88678844454e-11, 4.72240892224e-11, 2.27017883658e-11, 4.18510321884e-12, 1.15079413013e-11, 4.13389635023e-12, 2.92744149234e-12, 2.75925679874e-12, 1.6196908181e-12, 1.12116164876e-12, 9.79363508694e-13, 4.17422119006e-13, 4.41992146008e-13, 8.79140781441e-14, 7.6184508192e-14],
        "dvar2": [5.83685505262e-07, 2.12161103263e-06, 4.09100039178e-06, 2.76921196019e-06, 8.28160125366e-07, 7.37852872135e-07, 2.15566302586e-07, 5.63936239928e-08, 9.69080371505e-09, 5.75613645637e-09, 2.76550538025e-09, 2.17400586422e-09, 1.08775177754e-09, 3.44590023182e-10, 8.0552198245e-10, 4.51182313732e-10, 2.3769286539e-10, 3.28923138726e-10, 3.17688708673e-10, 2.39641129163e-09, 4.86874141004e-09, 2.12791539944e-09, 4.03128330717e-09, 3.65149327441e-10, 4.15232931372e-10, 1.98550911823e-10, 1.27997862309e-10, 5.880245596e-11, 1.08154847925e-11, 3.16057527372e-11, 1.05770999598e-11, 7.81569513969e-12, 7.71222408852e-12, 4.2877381333e-12, 3.12259614867e-12, 2.49634297608e-12, 1.04910112715e-12, 1.16168663231e-12, 2.29054324336e-13, 2.09821946601e-13],
        "max": [0.00579132046551, 0.0086282659322, 0.0143948746845, 0.0133182005957, 0.00856937654316, 0.0113634811714, 0.00598665839061, 0.00367046822794, 0.000959410739597, 0.000976412615273, 0.000511422811542, 0.000419917836552, 0.000524745613802, 0.000161393283634, 0.000272074335953, 0.00018243980594, 0.000211685241084, 0.000285307411104, 0.000166908634128, 0.000872814911418, 0.000937483971938, 0.000323498883517, 0.000634821481071, 0.000119731863379, 0.000164027878782, 0.000118949370517, 9.62699923548e-05, 0.000128473766381, 4.10524553445e-05, 5.03677329107e-05, 4.37712769781e-05, 2.91483520414e-05, 2.84816451313e-05, 2.28260087169e-05, 1.82459589269e-05, 2.4275837859e-05, 1.19822079796e-05, 1.37373372127e-05, 4.66987467007e-06, 5.83655628361e-06],
        "mean": [0.000420223019319, 0.00150683708489, 0.00202224077657, 0.00207671150565, 0.00160134362523, 0.00157716218382, 0.000591140298638, 0.000190152670257, 7.86769305705e-05, 4.41032498202e-05, 2.47870848398e-05, 1.55753532454e-05, 9.90899388853e-06, 1.10812989078e-05, 1.9748813429e-05, 1.83240481419e-05, 1.52641368913e-05, 2.10188609344e-05, 2.48287451541e-05, 5.86433379794e-05, 9.59817771218e-05, 6.88111467753e-05, 8.48784984555e-05, 3.24738612107e-05, 3.17110134347e-05, 2.24704472203e-05, 1.37785300467e-05, 9.16399130801e-06, 3.87278851122e-06, 4.49242270406e-06, 3.24889856529e-06, 2.15683417082e-06, 2.03488070838e-06, 1.83908423423e-06, 1.49994912135e-06, 1.33053526952e-06, 9.39357732932e-07, 7.33162551114e-07, 4.79682171317e-07, 3.70985702602e-07],
        "median": [0.00024591415422, 0.00123311614152, 0.00158432731405, 0.00164205417968, 0.00123142462689, 0.000532414065674, 0.000239982749918, 0.000110495180706, 4.25361722591e-05, 2.71915960184e-05, 1.41389209602e-05, 7.77223340265e-06, 5.16706450071e-06, 7.18210321793e-06, 1.14159784061e-05, 1.10862456495e-05, 1.10861947178e-05, 1.47562377606e-05, 2.08246874536e-05, 4.34957073594e-05, 6.94278060109e-05, 5.73671859456e-05, 6.94755945005e-05, 2.80307795038e-05, 2.74488629657e-05, 1.99871137738e-05, 1.15781676868e-05, 7.45474426367e-06, 3.15188253808e-06, 2.72152760772e-06, 2.11546284845e-06, 1.32194145408e-06, 1.30016246658e-06, 1.30184662339e-06, 1.10381586182e-06, 8.11834468095e-07, 5.52049527869e-07, 4.0308896132e-07, 3.22723906265e-07, 2.82703240373e-07],
        "min": [8.46979837983e-24, 6.77936806755e-24, 5.43885673131e-24, 5.03838123758e-24, 8.17017638625e-24, 1.14322037929e-23, 1.08893523164e-23, 6.24140831754e-24, 8.1987860047e-24, 6.84020896487e-24, 7.21509381083e-24, 6.86993245491e-24, 1.17764051051e-23, 1.15488053233e-23, 2.55270892422e-23, 8.34046069011e-24, 1.26187389468e-23, 1.52388710237e-23, 8.61654307428e-24, 9.5476781992e-24, 1.20621581351e-23, 2.25676081365e-23, 9.6432258209e-24, 8.74906302888e-24, 9.04847676318e-24, 1.22556057617e-23, 1.53417053536e-23, 9.03125592962e-24, 9.81454116596e-24, 9.84856946997e-24, 1.56820893679e-23, 1.7111999155e-23, 8.71057608304e-24, 5.78620362636e-24, 7.06959709433e-24, 9.45413665078e-24, 7.52038219229e-24, 6.18505012232e-24, 6.69672778798e-24, 1.55219521818e-23],
        "var": [3.50223899659e-07, 1.9093379251e-06, 4.30064255852e-06, 3.68133214579e-06, 1.65075800851e-06, 5.61519209441e-06, 8.20969887627e-07, 6.16902511297e-08, 1.29071091592e-08, 4.07159150839e-09, 1.23726295875e-09, 7.36987360028e-10, 3.51388473874e-10, 1.994268084e-10, 6.70526523194e-10, 4.08204359204e-10, 2.63270599765e-10, 5.1905374443e-10, 3.11355635718e-10, 3.03922975675e-09, 8.55091020213e-09, 2.21142415491e-09, 4.15727852143e-09, 3.96908589329e-10, 4.01254668381e-10, 1.90839510861e-10, 1.02911769384e-10, 5.81654897858e-11, 9.99130986279e-12, 2.64567603936e-11, 1.26192068947e-11, 6.9775561197e-12, 5.85916341486e-12, 3.7882787185e-12, 2.61424410765e-12, 3.35367432609e-12, 1.50221762113e-12, 1.17422174414e-12, 2.94738598762e-13, 1.5390295917e-13]
    },
    "mfcc": {
        "mean": [-621.141296387, 111.164329529, -12.1278867722, 56.3760452271, 24.1866931915, -12.0782184601, -19.9986095428, -5.47206258774, -13.442565918, -8.03171157837, -8.00495243073, -0.84751945734, -1.11776030064],
        "cov": [[2322.17089844, -575.380493164, 935.641662598, 143.742156982, 55.5455970764, 235.313461304, 178.63269043, 300.652069092, 399.333251953, 294.22869873, 189.497070312, 67.773399353, -101.440673828], [-575.380493164, 666.538269043, -288.42565918, -77.9378128052, -8.10383415222, -62.7479019165, 8.3420124054, -45.3062782288, -71.771156311, -78.7395324707, -56.6647262573, -34.7376327515, 19.8795890808], [935.641662598, -288.42565918, 912.831298828, 85.8501052856, 83.2851333618, 278.468200684, 188.843673706, 271.077941895, 314.299194336, 155.075271606, 67.4108734131, -71.4664001465, -154.01802063], [143.742156982, -77.9378128052, 85.8501052856, 126.100410461, 65.6640090942, 20.9187965393, 11.4041175842, 15.7175636292, 31.609413147, 39.2812652588, 16.1294384003, 12.6233310699, -9.63904190063], [55.5455970764, -8.10383415222, 83.2851333618, 65.6640090942, 98.379234314, 27.8273620605, 31.2644233704, 24.2608070374, 35.055606842, 30.1119709015, 15.7777471542, 2.54279613495, -6.9400844574], [235.313461304, -62.7479019165, 278.468200684, 20.9187965393, 27.8273620605, 141.628585815, 77.2976303101, 96.1581878662, 100.16330719, 43.8318786621, 16.7543354034, -21.4898147583, -49.2710037231], [178.63269043, 8.3420124054, 188.843673706, 11.4041175842, 31.2644233704, 77.2976303101, 102.771408081, 91.2764205933, 95.7743911743, 45.4651298523, 18.0366916656, -18.3279361725, -34.7555084229], [300.652069092, -45.3062782288, 271.077941895, 15.7175636292, 24.2608070374, 96.1581878662, 91.2764205933, 139.434509277, 129.593521118, 60.8264198303, 20.5724067688, -35.7635345459, -54.8306465149], [399.333251953, -71.771156311, 314.299194336, 31.609413147, 35.055606842, 100.16330719, 95.7743911743, 129.593521118, 168.412750244, 89.2012786865, 42.1940536499, -20.1004524231, -56.604473114], [294.22869873, -78.7395324707, 155.075271606, 39.2812652588, 30.1119709015, 43.8318786621, 45.4651298523, 60.8264198303, 89.2012786865, 97.1166610718, 54.0895690918, 24.4065856934, -18.668762207], [189.497070312, -56.6647262573, 67.4108734131, 16.1294384003, 15.7777471542, 16.7543354034, 18.0366916656, 20.5724067688, 42.1940536499, 54.0895690918, 69.6356048584, 47.7624206543, 12.2662744522], [67.773399353, -34.7376327515, -71.4664001465, 12.6233310699, 2.54279613495, -21.4898147583, -18.3279361725, -35.7635345459, -20.1004524231, 24.4065856934, 47.7624206543, 101.723579407, 57.6600608826], [-101.440673828, 19.8795890808, -154.01802063, -9.63904190063, -6.9400844574, -49.2710037231, -34.7555084229, -54.8306465149, -56.604473114, -18.668762207, 12.2662744522, 57.6600608826, 83.221824646]],
