{
"lowlevel": {
    "average_loudness": 0.410340309143,
    "barkbands_crest": {
        "dmean": 3.61514520645,
        "dmean2": 5.95027542114,
        "dvar": 10.4128608704,
        "dvar2": 26.1732521057,
        "max": 26.5137310028,
        "mean": 11.6966743469,
        "median": 10.4639158249,
        "min": 3.29682469368,
        "var": 26.3316898346
    },
    "barkbands_flatness_db": {
        "dmean": 0.0391300395131,
        "dmean2": 0.0580148808658,
        "dvar": 0.00128443469293,
        "dvar2": 0.00291419797577,
        "max": 0.450507193804,
        "mean": 0.183170512319,
        "median": 0.173950344324,
        "min": 0.0422397442162,
        "var": 0.00485823350027
    },
    "barkbands_kurtosis": {
        "dmean": 12.5279417038,
        "dmean2": 20.344209671,
        "dvar": 2172.91796875,
        "dvar2": 6004.01416016,
        "max": 1060.83642578,
        "mean": 13.3616132736,
        "median": 4.27518701553,
        "min": -1.9617960453,
        "var": 2004.91113281
    },
    "barkbands_skewness": {
        "dmean": 1.33384656906,
        "dmean2": 1.97553527355,
        "dvar": 3.08139443398,
        "dvar2": 7.51257371902,
        "max": 30.6449680328,
        "mean": 1.51159870625,
        "median": 1.51580786705,
        "min": -10.9044322968,
        "var": 8.36059474945
    },
    "barkbands_spread": {
        "dmean": 15.6437320709,
        "dmean2": 25.1175804138,
        "dvar": 391.41293335,
        "dvar2": 970.227844238,
        "max": 137.116333008,
        "mean": 28.6735134125,
        "median": 19.2443408966,
        "min": 0.427831500769,
        "var": 709.782226562
    },
    "dissonance": {
        "dmean": 0.0320002548397,
        "dmean2": 0.050808172673,
        "dvar": 0.00115521054249,
        "dvar2": 0.00268909265287,
        "max": 0.499999940395,
        "mean": 0.432423114777,
        "median": 0.450432449579,
        "min": 0.16052390635,
        "var": 0.00386687112041
    },
    "dynamic_complexity": 7.48874521255,
    "erbbands_crest": {
        "dmean": 3.69028019905,
        "dmean2": 6.02376556396,
        "dvar": 10.694234848,
        "dvar2": 25.4668312073,
        "max": 31.5526180267,
        "mean": 11.1569499969,
        "median": 9.99829864502,
        "min": 2.03872132301,
        "var": 27.5400028229
    },
    "erbbands_flatness_db": {
        "dmean": 0.03271253407,
        "dmean2": 0.0475705601275,
        "dvar": 0.00100756331813,
        "dvar2": 0.00210382067598,
        "max": 0.426298141479,
        "mean": 0.180016323924,
        "median": 0.171426340938,
        "min": 0.0377018786967,
        "var": 0.00458936206996
    },
    "erbbands_kurtosis": {
        "dmean": 4.00206422806,
        "dmean2": 6.33282232285,
        "dvar": 48.4252815247,
        "dvar2": 122.700111389,
        "max": 119.807640076,
        "mean": 4.31339359283,
        "median": 1.1495141983,
        "min": -1.83466041088,
        "var": 75.083656311
    },
    "erbbands_skewness": {
        "dmean": 0.883207976818,
        "dmean2": 1.29564511776,
        "dvar": 0.798558354378,
        "dvar2": 1.5894536972,
        "max": 7.85379219055,
        "mean": 0.525851368904,
        "median": 0.677979946136,
        "min": -7.78433179855,
        "var": 3.1410381794
    },
    "erbbands_spread": {
        "dmean": 20.3410377502,
        "dmean2": 32.620300293,
        "dvar": 587.59765625,
        "dvar2": 1486.7869873,
        "max": 176.308181763,
        "mean": 44.7563743591,
        "median": 35.4799995422,
        "min": 2.67811489105,
        "var": 1067.01025391
    },
    "hfc": {
        "dmean": 18.1563816071,
        "dmean2": 25.2537879944,
        "dvar": 2730.28173828,
        "dvar2": 4540.94287109,
        "max": 1015.26806641,
        "mean": 32.3463249207,
        "median": 4.39603948593,
        "min": 1.16978055812e-16,
        "var": 7801.98779297
    },
    "melbands_crest": {
        "dmean": 4.55110406876,
        "dmean2": 7.4527182579,
        "dvar": 18.5651798248,
        "dvar2": 45.1110839844,
        "max": 39.7415161133,
        "mean": 15.6262197495,
        "median": 13.872133255,
        "min": 2.13580131531,
        "var": 55.5849227905
    },
    "melbands_flatness_db": {
        "dmean": 0.0455812551081,
        "dmean2": 0.0652139484882,
        "dvar": 0.00175549660344,
        "dvar2": 0.00356190651655,
        "max": 0.541170537472,
        "mean": 0.223154217005,
        "median": 0.21443413198,
        "min": 0.00622019357979,
        "var": 0.00825502257794
    },
    "melbands_kurtosis": {
        "dmean": 24.8746109009,
        "dmean2": 39.4559860229,
        "dvar": 8340.58398438,
        "dvar2": 22216.9160156,
        "max": 1918.14501953,
        "mean": 29.6489143372,
        "median": 10.5210018158,
        "min": -1.91490745544,
        "var": 9304.67480469
    },
    "melbands_skewness": {
        "dmean": 1.62454593182,
        "dmean2": 2.43839335442,
        "dvar": 4.52784252167,
        "dvar2": 11.0319681168,
        "max": 40.366394043,
        "mean": 3.02243089676,
        "median": 2.44217538834,
        "min": -6.24282598495,
        "var": 11.9012451172
    },
    "melbands_spread": {
        "dmean": 23.9525871277,
        "dmean2": 37.5224494934,
        "dvar": 1718.10778809,
        "dvar2": 3682.13671875,
        "max": 329.089355469,
        "mean": 41.7634544373,
        "median": 18.1128692627,
        "min": 0.387034356594,
        "var": 3456.38183594
    },
    "pitch_salience": {
        "dmean": 0.102844513953,
        "dmean2": 0.166533783078,
        "dvar": 0.00939235184342,
        "dvar2": 0.0234701447189,
        "max": 0.915882706642,
        "mean": 0.568877339363,
        "median": 0.61051684618,
        "min": 0.0157268866897,
        "var": 0.0288542229682
    },
    "silence_rate_20dB": {
        "dmean": 0,
        "dmean2": 0,
        "dvar": 0,
        "dvar2": 0,
        "max": 1,
        "mean": 1,
        "median": 1,
        "min": 1,
        "var": 0
    },
    "silence_rate_30dB": {
        "dmean": 0,
        "dmean2": 0,
        "dvar": 0,
        "dvar2": 0,
        "max": 1,
        "mean": 1,
        "median": 1,
        "min": 1,
        "var": 0
    },
    "silence_rate_60dB": {
        "dmean": 0.0974226817489,
        "dmean2": 0.194945842028,
        "dvar": 0.0879314169288,
        "dvar2": 0.181695207953,
        "max": 1,
        "mean": 0.363730043173,
        "median": 0,
        "min": 0,
        "var": 0.231428846717
    },
    "spectral_centroid": {
        "dmean": 576.951416016,
        "dmean2": 854.348266602,
        "dvar": 863327.5,
        "dvar2": 1529015,
        "max": 10938.2734375,
        "mean": 1673.43676758,
        "median": 981.124633789,
        "min": 201.681808472,
        "var": 2884562
    },
    "spectral_complexity": {
        "dmean": 2.08402061462,
        "dmean2": 2.97111916542,
        "dvar": 9.14707756042,
        "dvar2": 15.522649765,
        "max": 50,
        "mean": 6.19783639908,
        "median": 4,
        "min": 0,
        "var": 46.668674469
    },
    "spectral_decrease": {
        "dmean": 1.04055797312e-09,
        "dmean2": 1.50474022131e-09,
        "dvar": 3.75448181051e-18,
        "dvar2": 8.10363865264e-18,
        "max": -6.2015190969e-29,
        "mean": -2.45951192746e-09,
        "median": -1.05373532122e-09,
        "min": -2.77519465186e-08,
        "var": 1.62419229381e-17
    },
    "spectral_energy": {
        "dmean": 0.00520882569253,
        "dmean2": 0.00741816218942,
        "dvar": 7.99960835138e-05,
        "dvar2": 0.000163391887327,
        "max": 0.109653264284,
        "mean": 0.0122166741639,
        "median": 0.005112728104,
        "min": 1.08443103656e-20,
        "var": 0.00035338519956
    },
    "spectral_energyband_high": {
        "dmean": 0.00185004947707,
        "dmean2": 0.00253956089728,
        "dvar": 3.31973024004e-05,
        "dvar2": 5.61589113204e-05,
        "max": 0.0973103567958,
        "mean": 0.0030955048278,
        "median": 0.000140622709296,
        "min": 7.83282121289e-21,
        "var": 9.572149429e-05
    },
    "spectral_energyband_low": {
        "dmean": 0.000724687590264,
        "dmean2": 0.00109783944208,
        "dvar": 2.77263961834e-06,
        "dvar2": 6.82098243487e-06,
        "max": 0.0321820788085,
        "mean": 0.00129693991039,
        "median": 0.000466059864266,
        "min": 7.73178350425e-23,
        "var": 4.38200686403e-06
    },
    "spectral_energyband_middle_high": {
        "dmean": 0.00117926858366,
        "dmean2": 0.00165097613353,
        "dvar": 1.43079387271e-05,
        "dvar2": 2.43325721385e-05,
        "max": 0.0842393785715,
        "mean": 0.00216857925989,
        "median": 0.000192856154172,
        "min": 1.81031445699e-21,
        "var": 4.93327715958e-05
    },
    "spectral_energyband_middle_low": {
        "dmean": 0.0029577917885,
        "dmean2": 0.00439952220768,
        "dvar": 4.47651145805e-05,
        "dvar2": 0.000102386380604,
        "max": 0.104127272964,
        "mean": 0.00573510956019,
        "median": 0.00185549189337,
        "min": 3.05203493715e-22,
        "var": 0.000120795033581
    },
    "spectral_entropy": {
        "dmean": 0.351483970881,
        "dmean2": 0.491311103106,
        "dvar": 0.150837421417,
        "dvar2": 0.285702824593,
        "max": 9.79108428955,
        "mean": 7.59176540375,
        "median": 7.69585180283,
        "min": 4.74718809128,
        "var": 0.677559137344
    },
    "spectral_flux": {
        "dmean": 0.0188222154975,
        "dmean2": 0.028337135911,
        "dvar": 0.000481571390992,
        "dvar2": 0.000968290842138,
        "max": 0.312851160765,
        "mean": 0.0607991963625,
        "median": 0.047388844192,
        "min": 1.04136019252e-10,
        "var": 0.00252823461778
    },
    "spectral_kurtosis": {
        "dmean": 2.30316233635,
        "dmean2": 3.41644048691,
        "dvar": 11.9559831619,
        "dvar2": 28.0139274597,
        "max": 44.8086853027,
        "mean": 3.98281002045,
        "median": 1.65216064453,
        "min": -1.50806629658,
        "var": 31.5359916687
    },
    "spectral_rms": {
        "dmean": 0.000684923666995,
        "dmean2": 0.000944780535065,
        "dvar": 6.09105029525e-07,
        "dvar2": 1.1210198636e-06,
        "max": 0.0103430552408,
        "mean": 0.00271831196733,
        "median": 0.00223338929936,
        "min": 3.25266267913e-12,
        "var": 4.52949279861e-06
    },
    "spectral_rolloff": {
        "dmean": 1551.09960938,
        "dmean2": 2667.51782227,
        "dvar": 7882206.5,
        "dvar2": 16351753,
        "max": 18195.5566406,
        "mean": 3192.45288086,
        "median": 968.994140625,
        "min": 21.533203125,
        "var": 16208267
    },
    "spectral_skewness": {
        "dmean": 0.417900323868,
        "dmean2": 0.577679276466,
        "dvar": 0.215555474162,
        "dvar2": 0.42339476943,
        "max": 5.63114452362,
        "mean": 1.5543743372,
        "median": 1.39512503147,
        "min": -0.906742334366,
        "var": 1.01132082939
    },
    "spectral_spread": {
        "dmean": 1606696.375,
        "dmean2": 2373568.75,
        "dvar": 3.99187063603e+12,
        "dvar2": 8.22903989862e+12,
        "max": 38933176,
        "mean": 7626746.5,
        "median": 7485021.5,
        "min": 1778677.125,
        "var": 1.06511581839e+13
    },
    "spectral_strongpeak": {
        "dmean": 0.712866604328,
        "dmean2": 1.18400299549,
        "dvar": 2.80090379715,
        "dvar2": 7.27724552155,
        "max": 19.3153820038,
        "mean": 1.00485110283,
        "median": 0.316266804934,
        "min": 0,
        "var": 4.11153936386
    },
    "zerocrossingrate": {
        "dmean": 0.03339189291,
        "dmean2": 0.036623865366,
        "dvar": 0.00187562557403,
        "dvar2": 0.00194048730191,
        "max": 0.505859375,
        "mean": 0.11366160959,
        "median": 0.0693359375,
        "min": 0,
        "var": 0.01184167061
    },
    "barkbands": {
        "dmean": [0.000385948544135, 0.000384527636925, 0.000253128528129, 0.00021177472081, 0.00103219796438, 0.000675787508953, 0.000955906813033, 0.000843490648549, 0.000478909874801, 0.000466661906103, 0.000475501146866, 0.00024988327641, 7.8376106103e-05, 7.23048651707e-05, 6.07723122812e-05, 7.97152461018e-05, 4.59349394077e-05, 6.12861404079e-05, 5.95117780904e-05, 7.02632023604e-05, 0.00013290658535, 0.000194304680917, 0.000269708601991, 0.000603438587859, 0.00063638901338, 0.000190940190805, 5.05397065353e-06],
        "dmean2": [0.000657624797896, 0.000584162538871, 0.000389663240639, 0.000328883586917, 0.00156574987341, 0.00107823906001, 0.00151227694005, 0.00132178969216, 0.000684888742398, 0.000653819472063, 0.000668974360451, 0.000392095826101, 0.000136506321724, 0.00011966873717, 9.82318742899e-05, 0.000126618979266, 6.90103697707e-05, 9.27374567254e-05, 9.62441627053e-05, 0.000108406609797, 0.000207609788049, 0.000274752936093, 0.000403235986596, 0.000840009131934, 0.00091194541892, 0.000280959007796, 8.91523359314e-06],
        "dvar": [2.24164364226e-06, 1.3667387293e-06, 2.27833481858e-07, 2.83225773501e-07, 6.86339217282e-06, 4.15906606577e-06, 1.73466723936e-05, 1.55072229973e-05, 2.40882718572e-06, 3.77012133868e-06, 6.76966419633e-06, 2.16357352656e-06, 2.16734164837e-07, 7.43343875342e-08, 3.37151959684e-08, 2.89710015977e-07, 2.90595973951e-08, 4.37035367895e-08, 7.69959456193e-08, 1.34116660888e-07, 4.72023913289e-07, 5.45151294773e-07, 9.92200170913e-07, 3.60380886377e-06, 4.6071113502e-06, 5.68265534184e-07, 2.17474416253e-09],
        "dvar2": [5.5420841818e-06, 3.29644103658e-06, 5.40108771929e-07, 6.27973292922e-07, 1.52249995153e-05, 1.00786237454e-05, 4.21756121796e-05, 3.75558665837e-05, 4.89134299642e-06, 6.16584884483e-06, 1.19327160064e-05, 4.52935955764e-06, 6.3116237925e-07, 1.96791901885e-07, 8.46537488997e-08, 7.22974561995e-07, 6.72744846497e-08, 9.06198565076e-08, 1.82300524898e-07, 3.11430795819e-07, 1.0622670743e-06, 9.82316123554e-07, 2.05158926292e-06, 6.50359561405e-06, 8.80305105966e-06, 9.84398411674e-07, 6.08423356141e-09],
        "max": [0.0272296126932, 0.0205086693168, 0.00716218631715, 0.00943176541477, 0.0552436411381, 0.0482677519321, 0.0947133600712, 0.0800658464432, 0.0333156324923, 0.0500941723585, 0.0673301145434, 0.0315309800208, 0.00967168807983, 0.00523061258718, 0.00308538391255, 0.0172225683928, 0.0044098845683, 0.00494228489697, 0.00890218093991, 0.0087213255465, 0.0159884933382, 0.022301632911, 0.0202709622681, 0.0326299704611, 0.0439665280282, 0.0226718336344, 0.00112668203656],
        "mean": [0.000347964698449, 0.000568804854993, 0.000430131156463, 0.000301717896946, 0.00157594110351, 0.000795108615421, 0.00123834074475, 0.000972230627667, 0.000649798777886, 0.000719489646144, 0.000677997828461, 0.000245702947723, 6.77831849316e-05, 7.91880665929e-05, 7.54337961553e-05, 8.74608012964e-05, 5.72898425162e-05, 8.28961638035e-05, 8.93550313776e-05, 0.000108447216917, 0.000209264020668, 0.000316591642331, 0.000424406724051, 0.000925062748138, 0.000913754978683, 0.000252938014455, 3.57734165846e-06],
        "median": [4.91381506436e-05, 2.5981460567e-05, 5.1945742598e-05, 3.32413546857e-05, 0.000480221031466, 0.000121153942018, 0.000110758061055, 9.25229978748e-05, 1.31648776005e-05, 1.08867634481e-05, 6.43223211227e-06, 4.22915400122e-06, 3.71900091523e-06, 2.54951683019e-05, 3.26734225382e-05, 7.07693152435e-06, 3.65667915503e-06, 6.76511672282e-06, 5.0261942306e-06, 3.87979889638e-06, 4.79978098156e-06, 7.09263758836e-06, 1.13267251436e-05, 3.92103938793e-05, 4.111090675e-05, 1.02807707663e-05, 3.46151152186e-09],
        "min": [1.13509014214e-23, 2.53482670968e-23, 1.95213633753e-23, 4.16484163621e-23, 2.60876900891e-23, 5.6440624875e-23, 6.67472377521e-23, 3.71376686853e-23, 6.50837068078e-23, 1.0947088415e-22, 4.52511504272e-23, 1.6083803531e-22, 6.7769336428e-23, 1.30557009929e-22, 3.32093325972e-22, 2.10720386163e-22, 1.15027986398e-22, 2.14413731947e-22, 2.69181075557e-22, 3.49957276808e-22, 3.75946267776e-22, 4.70613716345e-22, 5.68770833122e-22, 8.04792209948e-22, 1.38341282344e-21, 1.96004545697e-21, 2.27656139277e-21],
        "var": [2.14590454561e-06, 2.35284755945e-06, 4.93952256875e-07, 5.26852147686e-07, 1.13415198939e-05, 4.96325628774e-06, 3.0103190511e-05, 1.90727387235e-05, 4.55589133708e-06, 1.14754202514e-05, 1.67757734744e-05, 2.54579163084e-06, 1.56700778575e-07, 6.82339802438e-08, 3.3873181593e-08, 2.62662439354e-07, 4.2497198649e-08, 7.03037557059e-08, 1.49939083371e-07, 2.85961817781e-07, 1.17614126793e-06, 1.86777981526e-06, 2.41862676376e-06, 9.10811377253e-06, 1.01035457192e-05, 1.16799674288e-06, 1.46637768594e-09]
    },
    "erbbands": {
        "dmean": [0.015474235639, 0.0774293094873, 0.224257856607, 0.556072533131, 1.52768409252, 4.38547754288, 4.79025125504, 5.84495782852, 10.7680301666, 17.8794879913, 15.9669942856, 11.1361560822, 12.661904335, 12.8129806519, 19.9413566589, 6.61965036392, 3.59265494347, 3.53182530403, 3.18856549263, 3.50399661064, 3.95573568344, 2.7125658989, 3.19093942642, 3.07370495796, 3.13419961929, 3.23301625252, 4.26424503326, 6.41909360886, 6.79394245148, 7.09194231033, 8.08051681519, 10.5159292221, 11.6299953461, 8.6231546402, 3.79087376595, 1.35589182377, 0.265309214592, 0.0265221893787, 0.000741734693293, 3.95535462303e-05],
        "dmean2": [0.0222543887794, 0.11907762289, 0.349222064018, 0.843755960464, 2.30876278877, 6.81817913055, 7.49195337296, 9.26114273071, 17.4837493896, 28.3368339539, 24.4324378967, 15.8336009979, 17.1380138397, 17.748167038, 27.7081813812, 10.0223493576, 6.20205640793, 5.81649255753, 5.10191726685, 5.77053976059, 6.09535312653, 4.06409358978, 4.82359552383, 4.84830999374, 4.75256156921, 5.07697582245, 6.71242380142, 9.84985542297, 9.90199661255, 10.5331115723, 11.7870035172, 15.297337532, 16.4796867371, 12.6997585297, 5.41537857056, 1.94472026825, 0.396588385105, 0.04258832708, 0.00117839849554, 5.73967045057e-05],
        "dvar": [0.0031068334356, 0.0478889644146, 0.179367363453, 1.48433756828, 31.2580318451, 101.785636902, 207.330718994, 409.313995361, 3045.64916992, 5543.90039062, 6377.77783203, 1263.14172363, 2925.56762695, 3067.92651367, 12979.8945312, 809.443603516, 467.142791748, 308.343048096, 76.1825332642, 262.352294922, 1134.47131348, 97.9033508301, 127.695762634, 160.372650146, 203.102111816, 267.456451416, 452.39175415, 992.669067383, 722.073547363, 867.642333984, 773.493041992, 1262.20471191, 1332.62011719, 810.748901367, 185.049453735, 29.4814357758, 1.17144834995, 0.0237991977483, 2.02144365176e-05, 1.91133775473e-08],
        "dvar2": [0.00765041261911, 0.112815216184, 0.459541648626, 3.34469842911, 62.4226913452, 239.92906189, 483.647918701, 1025.80419922, 8045.46972656, 12924.7851562, 15436.0322266, 2620.59936523, 4583.52929688, 5966.93310547, 23013.1484375, 1635.28466797, 1382.84179688, 864.447937012, 175.072021484, 710.914611816, 2856.08544922, 224.378677368, 250.391601562, 432.551086426, 399.525482178, 637.919616699, 1040.74963379, 2215.21508789, 1329.34594727, 1746.47875977, 1559.84814453, 2608.99731445, 2371.81982422, 1708.70043945, 335.878448486, 48.3454589844, 2.26488208771, 0.0565816052258, 5.10618956469e-05, 3.66974681754e-08],
        "max": [1.14002776146, 2.5547118187, 6.14641523361, 20.0965270996, 143.466995239, 174.917861938, 404.66192627, 506.06060791, 1591.07702637, 1643.52514648, 1793.23376465, 730.748840332, 1594.70129395, 1390.92822266, 3461.71264648, 616.587158203, 464.080780029, 424.001403809, 156.933654785, 362.358703613, 1177.64733887, 248.399368286, 258.017822266, 333.219299316, 385.485839844, 385.351989746, 545.256225586, 648.75177002, 726.228820801, 885.881591797, 636.005981445, 596.416259766, 709.472717285, 579.907653809, 329.25970459, 157.515609741, 33.6860847473, 3.44409537315, 0.0948074609041, 0.00310534471646],
        "mean": [0.0203326307237, 0.119253098965, 0.393639236689, 0.897244334221, 2.55112099648, 6.13726377487, 5.95214033127, 7.3095536232, 16.0639915466, 20.7276649475, 19.4122447968, 15.0712785721, 20.2778606415, 18.3108463287, 30.5820178986, 7.73055505753, 3.23141121864, 3.67795419693, 4.44298934937, 4.15685510635, 4.44960689545, 3.5363881588, 4.48861408234, 4.26504802704, 5.09237670898, 4.99449014664, 6.75757265091, 9.44968318939, 11.1221342087, 11.8081007004, 12.481921196, 15.9194078445, 17.0452327728, 12.0337247849, 5.34148645401, 1.83111810684, 0.334700316191, 0.0267236307263, 0.000766688026488, 6.21003346168e-05],
        "median": [0.00084874255117, 0.0140382805839, 0.0980433225632, 0.249366432428, 0.525371789932, 1.42875742912, 1.18454778194, 1.18006014824, 1.6994458437, 3.12351512909, 1.45815873146, 0.377762168646, 0.399410396814, 0.32427072525, 0.257005602121, 0.18722730875, 0.179124101996, 0.76400834322, 2.23011159897, 0.949555635452, 0.348502963781, 0.227926954627, 0.36220857501, 0.346537709236, 0.241406872869, 0.185231909156, 0.162967026234, 0.200884774327, 0.263034999371, 0.22190374136, 0.352454036474, 0.456770479679, 0.77175951004, 0.584844172001, 0.216259419918, 0.075142852962, 0.0127785559744, 0.000730596366338, 2.58019845205e-05, 9.79902870313e-06],
        "min": [1.38377118086e-21, 3.06665075006e-21, 1.23849706072e-20, 1.14225370787e-19, 9.18761397084e-20, 9.54386385856e-20, 1.66146812828e-19, 5.06864846509e-19, 6.71200663709e-19, 1.46643457873e-18, 4.73732178772e-19, 1.25999252831e-18, 3.07817149706e-18, 2.81264755441e-18, 4.02953466703e-18, 5.38591813853e-18, 2.5672855188e-18, 5.40091285508e-18, 1.52454366521e-17, 1.38245173764e-17, 1.2880303942e-17, 5.80141385535e-18, 6.76242071048e-18, 1.71945289469e-17, 1.47000284977e-17, 1.70149993211e-17, 1.2722678886e-17, 1.88004604015e-17, 1.59680665983e-17, 1.35474904533e-17, 1.56142764872e-17, 1.74881731013e-17, 1.3172352465e-17, 1.30897965311e-17, 1.10876629339e-17, 7.96090946512e-18, 3.43200462153e-18, 1.37030864353e-18, 3.14462222439e-19, 3.28344335833e-20],
        "var": [0.00405910005793, 0.0893435850739, 0.337171196938, 2.80652356148, 61.6174468994, 149.26600647, 283.135345459, 486.348236084, 5578.85644531, 6926.68505859, 7040.83105469, 2287.60229492, 8983.46679688, 6368.68212891, 34809.3398438, 1309.22729492, 328.996307373, 235.425857544, 93.003112793, 210.435073853, 965.652526855, 153.402282715, 216.416000366, 221.156997681, 532.53125, 590.628662109, 1163.86425781, 2222.96557617, 2354.44116211, 2430.09814453, 2009.98632812, 2882.34033203, 3176.41088867, 1638.60717773, 404.33706665, 62.8214416504, 2.11222076416, 0.0250827744603, 1.97447552637e-05, 3.7463042446e-08]
    },
    "gfcc": {
        "mean": [-115.209289551, 44.5185928345, -81.5848999023, 20.0208854675, -75.2285079956, 19.0599727631, -63.3312301636, 16.8793087006, -21.676607132, 11.7670059204, -18.2798728943, -4.93904972076, -10.1714897156],
        "cov": [[16546.8457031, -1010.5357666, -68.4858703613, 251.007507324, -1520.81481934, 82.1045532227, -62.0395240784, -15.2563362122, -1041.65356445, -1048.14245605, -273.90411377, 438.937255859, -60.9460105896], [-1010.5357666, 4241.25292969, -83.151802063, -643.907348633, 264.653778076, -587.831787109, -36.1598587036, -138.245773315, -205.930465698, -570.293151855, -101.218223572, -353.625793457, 101.679634094], [-68.4858703613, -83.151802063, 1152.44177246, 360.810119629, 66.9032821655, 174.714187622, -22.603925705, 41.9259796143, -133.42175293, -79.9441452026, -22.8174533844, 93.5961303711, 45.4244804382], [251.007507324, -643.907348633, 360.810119629, 745.181335449, 110.617385864, 85.1663665771, -14.1670894623, -28.8407649994, -77.8086395264, -10.5205984116, 37.6413803101, 147.768844604, 45.4523353577], [-1520.81481934, 264.653778076, 66.9032821655, 110.617385864, 651.31262207, 65.7062149048, -91.9562149048, 51.8997344971, 105.23802948, 111.466667175, -33.9860687256, -15.8221683502, -14.155623436], [82.1045532227, -587.831787109, 174.714187622, 85.1663665771, 65.7062149048, 462.293762207, 164.699050903, 77.2913894653, -6.74907445908, 56.2885894775, 4.75552749634, 84.2373886108, -18.8750839233], [-62.0395240784, -36.1598587036, -22.603925705, -14.1670894623, -91.9562149048, 164.699050903, 434.697021484, 140.887420654, -58.9703598022, -90.1014785767, 23.7618961334, 89.4644393921, -7.4989991188], [-15.2563362122, -138.245773315, 41.9259796143, -28.8407649994, 51.8997344971, 77.2913894653, 140.887420654, 321.802459717, 82.2923049927, -14.2949438095, -60.8429718018, -10.2277727127, -62.5423240662], [-1041.65356445, -205.930465698, -133.42175293, -77.8086395264, 105.23802948, -6.74907445908, -58.9703598022, 82.2923049927, 389.79598999, 298.773590088, 30.9118556976, -101.850654602, -64.6952896118], [-1048.14245605, -570.293151855, -79.9441452026, -10.5205984116, 111.466667175, 56.2885894775, -90.1014785767, -14.2949438095, 298.773590088, 440.114227295, 101.516975403, -44.7100028992, -40.6124191284], [-273.90411377, -101.218223572, -22.8174533844, 37.6413803101, -33.9860687256, 4.75552749634, 23.7618961334, -60.8429718018, 30.9118556976, 101.516975403, 178.627716064, 67.3452529907, 39.9269981384], [438.937255859, -353.625793457, 93.5961303711, 147.768844604, -15.8221683502, 84.2373886108, 89.4644393921, -10.2277727127, -101.850654602, -44.7100028992, 67.3452529907, 280.491119385, 81.0348892212], [-60.9460105896, 101.679634094, 45.4244804382, 45.4523353577, -14.155623436, -18.8750839233, -7.4989991188, -62.5423240662, -64.6952896118, -40.6124191284, 39.9269981384, 81.0348892212, 133.30557251]],
        "icov": [[0.000120977274491, -3.59720397682e-05, 9.3067457783e-05, -9.5399635029e-05, 0.000333342410158, -0.000154955079779, 0.000292785087368, -0.000152179869474, 0.000213064573472, 6.92283356329e-05, 0.000136802642373, -0.000278746563708, 0.00029505873681], [-3.59720397682e-05, 0.000774068408646, -0.000303079548758, 0.000709414307494, -0.00089234195184, 0.000804427720141, -0.000589530798607, 0.000588142953347, -0.000487193377921, 0.00143772410229, -0.000702730729245, 0.00111453095451, -0.000749026134145], [9.3067457783e-05, -0.000303079548758, 0.00133074296173, -0.000802664551884, 0.000568699382711, -0.000845603120979, 0.000789886282291, -0.000720049778465, 0.000684209226165, -0.000435311085312, 0.000375640171114, -0.000488342426252, 0.00012500367302], [-9.5399635029e-05, 0.000709414307494, -0.000802664551884, 0.00248053809628, -0.00126085570082, 0.000789017067291, -0.000572802557144, 0.000772510422394, -0.000417124741944, 0.00119617336895, -0.000886859954335, 0.000341299222782, -0.000628804438747], [0.000333342410158, -0.00089234195184, 0.000568699382711, -0.00126085570082, 0.00356782577001, -0.00151879154146, 0.00181298214011, -0.00135398632847, 0.00079083640594, -0.00164818321355, 0.00158396351617, -0.0018549610395, 0.00123458285816], [-0.000154955079779, 0.000804427720141, -0.000845603120979, 0.000789017067291, -0.00151879154146, 0.00413787225261, -0.00221530161798, 0.000667082320433, -3.08091548504e-05, 3.51894559572e-05, -0.000103844635305, 0.000670097710099, -0.000432817440014], [0.000292785087368, -0.000589530798607, 0.000789886282291, -0.000572802557144, 0.00181298214011, -0.00221530161798, 0.00498931575567, -0.00248165382072, 0.000954596907832, 0.000271538214292, -0.00067728041904, -0.00193880288862, 0.00143232545815], [-0.000152179869474, 0.000588142953347, -0.000720049778465, 0.000772510422394, -0.00135398632847, 0.000667082320433, -0.00248165382072, 0.00579184480011, -0.00281329452991, 0.00204297970049, 0.000876228150446, 0.00042162174941, 0.000730509636924], [0.000213064573472, -0.000487193377921, 0.000684209226165, -0.000417124741944, 0.00079083640594, -3.08091548504e-05, 0.000954596907832, -0.00281329452991, 0.00801473669708, -0.00560739729553, 0.000781570270192, 0.000230975580052, 0.000998362083919], [6.92283356329e-05, 0.00143772410229, -0.000435311085312, 0.00119617336895, -0.00164818321355, 3.51894559572e-05, 0.000271538214292, 0.00204297970049, -0.00560739729553, 0.00972779933363, -0.00421312777326, 0.0016322741285, -8.83254688233e-06], [0.000136802642373, -0.000702730729245, 0.000375640171114, -0.000886859954335, 0.00158396351617, -0.000103844635305, -0.00067728041904, 0.000876228150446, 0.000781570270192, -0.00421312777326, 0.00987348426133, -0.00292078894563, -0.000786555872764], [-0.000278746563708, 0.00111453095451, -0.000488342426252, 0.000341299222782, -0.0018549610395, 0.000670097710099, -0.00193880288862, 0.00042162174941, 0.000230975580052, 0.0016322741285, -0.00292078894563, 0.00801319628954, -0.00432780152187], [0.00029505873681, -0.000749026134145, 0.00012500367302, -0.000628804438747, 0.00123458285816, -0.000432817440014, 0.00143232545815, 0.000730509636924, 0.000998362083919, -8.83254688233e-06, -0.000786555872764, -0.00432780152187, 0.0122209424153]]
    },
    "melbands": {
        "dmean": [0.000133764158818, 0.000108260515844, 0.000109685264761, 0.000212871629628, 0.000174925095052, 0.000134603033075, 0.000174447122845, 0.000195200293092, 0.000125745209516, 6.61321973894e-05, 6.54283285257e-05, 5.51038574486e-05, 6.63213068037e-05, 3.44630025211e-05, 9.91332126432e-06, 7.44088765714e-06, 6.73008298691e-06, 5.62738796361e-06, 4.6845302677e-06, 5.3508374549e-06, 4.6645832299e-06, 2.7317751119e-06, 3.28224928126e-06, 2.89920626528e-06, 2.58727982327e-06, 2.33598052546e-06, 2.68571193374e-06, 2.08322308026e-06, 2.42114447246e-06, 3.19817377203e-06, 4.24284962719e-06, 3.97692792831e-06, 4.03552576245e-06, 4.28361363447e-06, 4.66298160973e-06, 5.64441734241e-06, 7.07367735231e-06, 8.43354155222e-06, 8.08851473266e-06, 7.46581144995e-06],
        "dmean2": [0.000199559231987, 0.000162754105986, 0.000162328593433, 0.000329848931869, 0.000270305667073, 0.000212771104998, 0.000281280110357, 0.00030998053262, 0.000190727572772, 9.43345003179e-05, 8.96299388842e-05, 7.77252498665e-05, 9.12377217901e-05, 5.10319114255e-05, 1.71005522134e-05, 1.30422740767e-05, 1.11158115033e-05, 9.16499902814e-06, 7.62354193284e-06, 8.41395740281e-06, 7.25019117453e-06, 4.13472344007e-06, 4.9386903811e-06, 4.4630614866e-06, 4.14935902882e-06, 3.6538428958e-06, 4.18443596573e-06, 3.27699240188e-06, 3.82167581847e-06, 4.94960568176e-06, 6.56324209558e-06, 6.01717238169e-06, 5.83528253628e-06, 6.68697293804e-06, 6.98088342688e-06, 8.62633169163e-06, 1.04496575659e-05, 1.19405567602e-05, 1.20153817988e-05, 1.12633470053e-05],
        "dvar": [1.84984202178e-07, 4.16805292502e-08, 6.12984862869e-08, 3.53691234523e-07, 2.30273812463e-07, 2.04396812364e-07, 7.03670991697e-07, 6.54183281767e-07, 3.384055276e-07, 4.25240394009e-08, 7.74186617036e-08, 5.6727461839e-08, 1.1885504847e-07, 3.97581239042e-08, 2.42548492402e-09, 2.58962473687e-09, 1.0049963084e-09, 2.42037861975e-10, 2.59978621964e-10, 7.0095246274e-10, 2.00373340142e-09, 1.26428423286e-10, 1.84827333993e-10, 1.03657388228e-10, 1.32815911047e-10, 1.26574029036e-10, 2.32676974909e-10, 1.08539129073e-10, 1.25001842211e-10, 2.98343794114e-10, 4.17452405976e-10, 2.82895484816e-10, 2.36645314455e-10, 3.76768921617e-10, 2.73650324623e-10, 3.99091398817e-10, 6.05827388256e-10, 7.36787575395e-10, 6.44960918006e-10, 6.71295963262e-10],
        "dvar2": [4.44709911562e-07, 1.06931864252e-07, 1.2423826945e-07, 8.08408060493e-07, 5.26342830653e-07, 5.01870601965e-07, 1.81056088877e-06, 1.53161272465e-06, 8.00469877049e-07, 8.90612241733e-08, 1.20420494909e-07, 1.11099375033e-07, 1.87387129813e-07, 7.82080178396e-08, 6.20744255997e-09, 7.74087993705e-09, 2.77692824291e-09, 5.54600199099e-10, 6.6650146513e-10, 1.78907988424e-09, 5.23331422642e-09, 3.10763137445e-10, 3.71821157197e-10, 2.41343417473e-10, 3.6626310318e-10, 2.81423523374e-10, 5.36202471313e-10, 2.70401673275e-10, 2.93688601216e-10, 6.39118535872e-10, 9.8352170852e-10, 5.90616389129e-10, 4.36783387237e-10, 8.51851034156e-10, 5.61361623852e-10, 9.24542442604e-10, 1.26118948618e-09, 1.38962097385e-09, 1.24183563432e-09, 1.55794943613e-09],
        "max": [0.00858996342868, 0.00238476716913, 0.00477100908756, 0.0145889334381, 0.0129150627181, 0.0108360629529, 0.0223603360355, 0.0171820744872, 0.0122177330777, 0.00406074896455, 0.0082997251302, 0.00603287434205, 0.00914636813104, 0.006198043935, 0.000874247576576, 0.00119758117944, 0.000720888318028, 0.000277034880128, 0.000230195335462, 0.000503508956172, 0.00155791838188, 0.000326331326505, 0.000269109063083, 0.000243001384661, 0.000295546313282, 0.000353509065462, 0.00040188440471, 0.000233209138969, 0.000263381807599, 0.000424344849307, 0.00039923703298, 0.000396292482037, 0.000496732012834, 0.000494906213135, 0.000396621850086, 0.000312125514029, 0.000408926629461, 0.000526913267095, 0.00041350844549, 0.000514105311595],
        "mean": [0.00018719585205, 0.000194316700799, 0.00018735685444, 0.000324154359987, 0.000231258803979, 0.000167691250681, 0.000246549898293, 0.00022957107285, 0.000154218141688, 8.78228674992e-05, 0.000103730584669, 7.55326836952e-05, 0.000100392906461, 4.24154677603e-05, 8.59326246427e-06, 6.60247451378e-06, 6.74223065289e-06, 7.42962220102e-06, 5.51925131731e-06, 5.83013707001e-06, 4.88494106321e-06, 3.32300919581e-06, 4.16869170294e-06, 3.84902523365e-06, 3.3568062463e-06, 3.45710145666e-06, 4.09687390857e-06, 2.98310783364e-06, 3.68581618204e-06, 4.93505194754e-06, 5.74277919441e-06, 6.0471938923e-06, 6.51295931675e-06, 6.69985638524e-06, 7.03134264768e-06, 7.70643418946e-06, 1.04574610305e-05, 1.19746182463e-05, 1.14560361908e-05, 9.74847262114e-06],
        "median": [1.19790993267e-05, 4.98491026519e-05, 5.57091225346e-05, 9.03287873371e-05, 5.78000108362e-05, 2.54950537055e-05, 2.70270520559e-05, 3.34052128892e-05, 9.30589612835e-06, 2.07268067243e-06, 1.88600574802e-06, 1.23195309243e-06, 8.69536222581e-07, 5.55589565465e-07, 3.34136046831e-07, 3.98325965989e-07, 1.42706198858e-06, 3.77313926947e-06, 1.94693461708e-06, 6.4376371256e-07, 3.36148843871e-07, 2.1143320339e-07, 2.44722116349e-07, 3.08304521468e-07, 2.49173410793e-07, 1.6669683589e-07, 1.40825392236e-07, 9.65914139783e-08, 8.66125731136e-08, 9.39640116826e-08, 1.14599913559e-07, 1.46634761222e-07, 1.21286547028e-07, 1.04506064247e-07, 1.8243673594e-07, 2.12397821997e-07, 2.66022226469e-07, 4.7728718755e-07, 6.36948641386e-07, 3.99750518909e-07],
        "min": [8.77599079588e-24, 5.75451035063e-24, 1.78273161358e-23, 6.8043678585e-24, 4.97593421946e-24, 1.10632101602e-23, 1.22460692222e-23, 1.50840476047e-23, 3.0309621589e-24, 9.19021613519e-24, 1.64058818702e-23, 1.2652941589e-23, 9.10472649003e-24, 1.94432961224e-23, 6.87158354079e-24, 6.95305315078e-24, 1.01233999319e-23, 2.31543250125e-23, 2.29083739595e-23, 1.52932645608e-23, 1.47059355288e-23, 5.57070457643e-24, 5.70861757861e-24, 8.33704965556e-24, 1.48141199133e-23, 9.39266229816e-24, 1.21128416594e-23, 1.11939433448e-23, 6.33545749795e-24, 1.16407612613e-23, 1.10562476738e-23, 9.53465883882e-24, 7.43985605994e-24, 7.50293811109e-24, 8.22988369044e-24, 1.15606311371e-23, 1.02998128961e-23, 8.86194902442e-24, 1.02966164317e-23, 1.13836975247e-23],
        "var": [2.69188802804e-07, 8.2764195497e-08, 1.27682184825e-07, 5.97563769134e-07, 3.20654635289e-07, 2.56642977092e-07, 1.24978646454e-06, 8.59203339587e-07, 4.02125920118e-07, 7.72218626821e-08, 2.46529111791e-07, 1.17190808169e-07, 3.42459628655e-07, 7.49747712803e-08, 2.03847738689e-09, 1.75805059399e-09, 7.76954611759e-10, 2.87879914351e-10, 2.40014702557e-10, 6.39487629517e-10, 1.53161916483e-09, 1.60962090878e-10, 2.65884148032e-10, 1.4784519442e-10, 1.56786597594e-10, 2.58656596142e-10, 4.58222237931e-10, 2.12298442714e-10, 3.13431391952e-10, 7.59771079384e-10, 8.02433508529e-10, 7.18507420228e-10, 8.62974469662e-10, 7.86206322267e-10, 6.8228594996e-10, 7.68910435323e-10, 1.31272870352e-09, 1.65077085335e-09, 1.39553435474e-09, 1.16657905558e-09]
    },
    "mfcc": {
        "mean": [-769.309265137, 84.8313217163, 38.3080635071, 1.28360593319, 15.9203414917, -7.23844957352, -11.0862827301, -10.3039751053, 0.354686021805, 6.40150022507, 2.38575220108, -5.49718141556, -2.1935710907],
        "cov": [[15494.2578125, -1111.1270752, 642.080749512, -284.135162354, -1150.33728027, -562.647460938, 162.532730103, 681.62109375, -380.573120117, -1095.64648438, -550.11529541, -388.54095459, -371.129302979], [-1111.1270752, 4102.48144531, -235.825180054, -96.1199493408, 60.5123825073, -512.295593262, -34.7919998169, -52.2699890137, -14.6570453644, -147.22505188, -237.411712646, -381.092285156, -234.810195923], [642.080749512, -235.825180054, 1045.76123047, 165.490646362, -44.5951309204, 34.363407135, 139.744522095, 107.551513672, -30.7661437988, -128.236633301, -131.610397339, -28.3441810608, -16.8722400665], [-284.135162354, -96.1199493408, 165.490646362, 614.217102051, 202.474487305, 20.1885375977, 14.0178642273, 17.3390350342, -27.5094490051, -99.2502593994, -64.6418762207, 14.1493015289, -6.18159198761], [-1150.33728027, 60.5123825073, -44.5951309204, 202.474487305, 667.221130371, 138.503219604, -100.55052948, -132.990463257, 63.6997070312, 99.1363830566, 73.5967636108, 52.3629188538, 6.01715517044], [-562.647460938, -512.295593262, 34.363407135, 20.1885375977, 138.503219604, 417.672912598, 82.749671936, -23.9122009277, -4.2983288765, 59.0182609558, 34.5266456604, 116.627922058, 63.9876365662], [162.532730103, -34.7919998169, 139.744522095, 14.0178642273, -100.55052948, 82.749671936, 364.265991211, 246.17250061, 24.1959705353, -104.638267517, -58.1289710999, 5.86253213882, -18.2066860199], [681.62109375, -52.2699890137, 107.551513672, 17.3390350342, -132.990463257, -23.9122009277, 246.17250061, 464.625183105, 103.727394104, -142.28994751, -43.7787704468, -6.02126646042, -36.1611213684], [-380.573120117, -14.6570453644, -30.7661437988, -27.5094490051, 63.6997070312, -4.2983288765, 24.1959705353, 103.727394104, 227.259124756, 90.8994598389, 84.5419998169, 32.6735267639, 3.26210236549], [-1095.64648438, -147.22505188, -128.236633301, -99.2502593994, 99.1363830566, 59.0182609558, -104.638267517, -142.28994751, 90.8994598389, 374.562011719, 197.364425659, 72.879486084, 61.2353439331], [-550.11529541, -237.411712646, -131.610397339, -64.6418762207, 73.5967636108, 34.5266456604, -58.1289710999, -43.7787704468, 84.5419998169, 197.364425659, 248.362136841, 89.7387542725, 58.3236122131], [-388.54095459, -381.092285156, -28.3441810608, 14.1493015289, 52.3629188538, 116.627922058, 5.86253213882, -6.02126646042, 32.6735267639, 72.879486084, 89.7387542725, 207.662353516, 96.3713531494], [-371.129302979, -234.810195923, -16.8722400665, -6.18159198761, 6.01715517044, 63.9876365662, -18.2066860199, -36.1611213684, 3.26210236549, 61.2353439331, 58.3236122131, 96.3713531494, 148.531341553]],
