{
"lowlevel": {
    "average_loudness": 0.984712421894,
    "barkbands_crest": {
        "dmean": 3.12056231499,
        "dmean2": 5.07467746735,
        "dvar": 8.56537818909,
        "dvar2": 20.084482193,
        "max": 25.7483139038,
        "mean": 11.3155851364,
        "median": 10.8121185303,
        "min": 2.37866067886,
        "var": 27.2353343964
    },
    "barkbands_flatness_db": {
        "dmean": 0.0405042245984,
        "dmean2": 0.0568474903703,
        "dvar": 0.00220797839575,
        "dvar2": 0.00428246613592,
        "max": 0.573323190212,
        "mean": 0.147542312741,
        "median": 0.119564533234,
        "min": 0.0183445811272,
        "var": 0.00946023873985
    },
    "barkbands_kurtosis": {
        "dmean": 13.9666233063,
        "dmean2": 21.1831607819,
        "dvar": 1110.33190918,
        "dvar2": 2339.39575195,
        "max": 543.572692871,
        "mean": 18.9434623718,
        "median": 3.66725111008,
        "min": -1.92895805836,
        "var": 1740.25598145
    },
    "barkbands_skewness": {
        "dmean": 1.22620606422,
        "dmean2": 1.72391068935,
        "dvar": 2.20917582512,
        "dvar2": 4.37724304199,
        "max": 20.9255046844,
        "mean": 2.65876817703,
        "median": 2.05599951744,
        "min": -2.93487739563,
        "var": 7.4670419693
    },
    "barkbands_spread": {
        "dmean": 12.9224891663,
        "dmean2": 19.6483154297,
        "dvar": 270.595397949,
        "dvar2": 532.406188965,
        "max": 134.545684814,
        "mean": 31.6338310242,
        "median": 25.7563228607,
        "min": 0.325629472733,
        "var": 721.21862793
    },
    "dissonance": {
        "dmean": 0.0117650255561,
        "dmean2": 0.0195542797446,
        "dvar": 0.000292459939374,
        "dvar2": 0.000737418711651,
        "max": 0.500000119209,
        "mean": 0.479878246784,
        "median": 0.485380113125,
        "min": 0.191368758678,
        "var": 0.000416086317273
    },
    "dynamic_complexity": 2.73547482491,
    "erbbands_crest": {
        "dmean": 2.22751688957,
        "dmean2": 3.53474879265,
        "dvar": 6.12287855148,
        "dvar2": 13.1344871521,
        "max": 24.9517269135,
        "mean": 7.00720214844,
        "median": 5.42847728729,
        "min": 2.24455046654,
        "var": 18.2556819916
    },
    "erbbands_flatness_db": {
        "dmean": 0.0248557291925,
        "dmean2": 0.0367734730244,
        "dvar": 0.000804115086794,
        "dvar2": 0.00173352914862,
        "max": 0.36917629838,
        "mean": 0.121391765773,
        "median": 0.114976853132,
        "min": 0.0322790630162,
        "var": 0.00236266897991
    },
    "erbbands_kurtosis": {
        "dmean": 2.17558598518,
        "dmean2": 3.59935069084,
        "dvar": 64.2603149414,
        "dvar2": 174.45904541,
        "max": 121.060089111,
        "mean": 1.4390501976,
        "median": -0.357299566269,
        "min": -1.83756661415,
        "var": 69.0554962158
    },
    "erbbands_skewness": {
        "dmean": 0.507608294487,
        "dmean2": 0.739232838154,
        "dvar": 0.550660014153,
        "dvar2": 1.18543100357,
        "max": 8.91557693481,
        "mean": 0.17924772203,
        "median": -0.125006839633,
        "min": -3.5474793911,
        "var": 1.75530028343
    },
    "erbbands_spread": {
        "dmean": 13.6621112823,
        "dmean2": 20.8769054413,
        "dvar": 208.156921387,
        "dvar2": 458.264068604,
        "max": 168.093994141,
        "mean": 56.8415641785,
        "median": 55.0350646973,
        "min": 1.91750848293,
        "var": 654.81072998
    },
    "hfc": {
        "dmean": 19.9331645966,
        "dmean2": 25.5465888977,
        "dvar": 784.346191406,
        "dvar2": 1269.4786377,
        "max": 286.02243042,
        "mean": 33.7603302002,
        "median": 15.6643562317,
        "min": 1.21319165842e-16,
        "var": 2107.95629883
    },
    "melbands_crest": {
        "dmean": 4.15974235535,
        "dmean2": 6.60500526428,
        "dvar": 12.0576963425,
        "dvar2": 29.3871879578,
        "max": 33.9441986084,
        "mean": 18.5308818817,
        "median": 18.4726524353,
        "min": 2.17436385155,
        "var": 37.7974052429
    },
    "melbands_flatness_db": {
        "dmean": 0.0480446778238,
        "dmean2": 0.0648479610682,
        "dvar": 0.00280464929529,
        "dvar2": 0.00505780382082,
        "max": 0.720334410667,
        "mean": 0.221401482821,
        "median": 0.197627693415,
        "min": 0.00536465924233,
        "var": 0.0147239528596
    },
    "melbands_kurtosis": {
        "dmean": 34.7541046143,
        "dmean2": 49.1086616516,
        "dvar": 4401.52490234,
        "dvar2": 7598.36914062,
        "max": 820.656799316,
        "mean": 61.1590309143,
        "median": 23.2082595825,
        "min": -1.83530461788,
        "var": 11649.0957031
    },
    "melbands_skewness": {
        "dmean": 1.61900651455,
        "dmean2": 2.29551935196,
        "dvar": 3.26245880127,
        "dvar2": 6.36066627502,
        "max": 21.2227096558,
        "mean": 5.05293798447,
        "median": 4.09062814713,
        "min": -0.522194266319,
        "var": 14.1515960693
    },
    "melbands_spread": {
        "dmean": 12.3656711578,
        "dmean2": 16.7848091125,
        "dvar": 335.810333252,
        "dvar2": 613.141174316,
        "max": 240.786148071,
        "mean": 26.9016017914,
        "median": 14.9739112854,
        "min": 0.324723660946,
        "var": 1064.81628418
    },
    "pitch_salience": {
        "dmean": 0.103501863778,
        "dmean2": 0.157537981868,
        "dvar": 0.00795784778893,
        "dvar2": 0.0174913275987,
        "max": 0.881373405457,
        "mean": 0.500823557377,
        "median": 0.530999362469,
        "min": 0.075717151165,
        "var": 0.0272042807192
    },
    "silence_rate_20dB": {
        "dmean": 0,
        "dmean2": 0,
        "dvar": 0,
        "dvar2": 0,
        "max": 1,
        "mean": 1,
        "median": 1,
        "min": 1,
        "var": 0
    },
    "silence_rate_30dB": {
        "dmean": 0.0412371121347,
        "dmean2": 0.082516759634,
        "dvar": 0.0395372994244,
        "dvar2": 0.09014608711,
        "max": 1,
        "mean": 0.962905704975,
        "median": 1,
        "min": 0,
        "var": 0.035718344152
    },
    "silence_rate_60dB": {
        "dmean": 0.010824742727,
        "dmean2": 0.021660650149,
        "dvar": 0.0107073988765,
        "dvar2": 0.0242858752608,
        "max": 1,
        "mean": 0.020092735067,
        "median": 0,
        "min": 0,
        "var": 0.0196896325797
    },
    "spectral_centroid": {
        "dmean": 395.328521729,
        "dmean2": 530.946594238,
        "dvar": 192126.71875,
        "dvar2": 282533.625,
        "max": 10694.9794922,
        "mean": 1551.60961914,
        "median": 1547.19396973,
        "min": 106.020698547,
        "var": 935818.0625
    },
    "spectral_complexity": {
        "dmean": 6.07886600494,
        "dmean2": 8.50644683838,
        "dvar": 45.5334510803,
        "dvar2": 75.2544631958,
        "max": 57,
        "mean": 20.4224624634,
        "median": 19,
        "min": 0,
        "var": 189.991531372
    },
    "spectral_decrease": {
        "dmean": 3.63627372657e-09,
        "dmean2": 5.05270802975e-09,
        "dvar": 2.03028172629e-17,
        "dvar2": 2.8864980327e-17,
        "max": 1.21077931333e-28,
        "mean": -8.51782733235e-09,
        "median": -5.52146239841e-09,
        "min": -3.7310968537e-08,
        "var": 6.48783297763e-17
    },
    "spectral_energy": {
        "dmean": 0.0142839290202,
        "dmean2": 0.0197614058852,
        "dvar": 0.000295765261399,
        "dvar2": 0.000419283896917,
        "max": 0.142567589879,
        "mean": 0.0352104119956,
        "median": 0.0243402384222,
        "min": 1.0547030216e-20,
        "var": 0.000938154698815
    },
    "spectral_energyband_high": {
        "dmean": 0.00178832677193,
        "dmean2": 0.00218930002302,
        "dvar": 8.98942198546e-06,
        "dvar2": 1.24820289784e-05,
        "max": 0.0308330152184,
        "mean": 0.00269544078037,
        "median": 0.000629329355434,
        "min": 7.76901036786e-21,
        "var": 2.4646631573e-05
    },
    "spectral_energyband_low": {
        "dmean": 0.0117695303634,
        "dmean2": 0.0171241983771,
        "dvar": 0.000326165813021,
        "dvar2": 0.00055378844263,
        "max": 0.140694543719,
        "mean": 0.0211680568755,
        "median": 0.0111824339256,
        "min": 7.31554641187e-23,
        "var": 0.000723537639715
    },
    "spectral_energyband_middle_high": {
        "dmean": 0.00146967207547,
        "dmean2": 0.00208172062412,
        "dvar": 6.31219791103e-06,
        "dvar2": 1.0346563613e-05,
        "max": 0.0260887816548,
        "mean": 0.00320694199763,
        "median": 0.00230825180188,
        "min": 1.3820215e-21,
        "var": 1.34172742037e-05
    },
    "spectral_energyband_middle_low": {
        "dmean": 0.00898267142475,
        "dmean2": 0.0139528270811,
        "dvar": 0.00026227577473,
        "dvar2": 0.000512329628691,
        "max": 0.12216193229,
        "mean": 0.0111653357744,
        "median": 0.0043626781553,
        "min": 2.4647947624e-22,
        "var": 0.000333357980708
    },
    "spectral_entropy": {
        "dmean": 0.25153195858,
        "dmean2": 0.363778620958,
        "dvar": 0.134449034929,
        "dvar2": 0.26531752944,
        "max": 9.80797386169,
        "mean": 7.79035520554,
        "median": 7.95662069321,
        "min": 4.45023918152,
        "var": 0.45018184185
    },
    "spectral_flux": {
        "dmean": 0.0390061959624,
        "dmean2": 0.057883605361,
        "dvar": 0.0017415729817,
        "dvar2": 0.00344824208878,
        "max": 0.365685462952,
        "mean": 0.115429587662,
        "median": 0.0978323072195,
        "min": 1.02698738402e-10,
        "var": 0.00507132150233
    },
    "spectral_kurtosis": {
        "dmean": 1.9022758007,
        "dmean2": 3.13940024376,
        "dvar": 21.3119564056,
        "dvar2": 54.128868103,
        "max": 85.373878479,
        "mean": 3.70164084435,
        "median": 2.55731582642,
        "min": -1.23834979534,
        "var": 29.941778183
    },
    "spectral_rms": {
        "dmean": 0.00116425612941,
        "dmean2": 0.00163119204808,
        "dvar": 1.47256344007e-06,
        "dvar2": 2.16467969949e-06,
        "max": 0.0117936562747,
        "mean": 0.0053587090224,
        "median": 0.00487304572016,
        "min": 3.20776955345e-12,
        "var": 5.63585990676e-06
    },
    "spectral_rolloff": {
        "dmean": 1534.00830078,
        "dmean2": 2444.55615234,
        "dvar": 8713229,
        "dvar2": 19650970,
        "max": 19229.1503906,
        "mean": 2509.56762695,
        "median": 667.529296875,
        "min": 64.599609375,
        "var": 13807317
    },
    "spectral_skewness": {
        "dmean": 0.279128313065,
        "dmean2": 0.430379748344,
        "dvar": 0.18098847568,
        "dvar2": 0.403229594231,
        "max": 7.71001434326,
        "mean": 1.37722074986,
        "median": 1.25692689419,
        "min": 0.0323278196156,
        "var": 0.450929880142
    },
    "spectral_spread": {
        "dmean": 919083.625,
        "dmean2": 1323278.125,
        "dvar": 1.53643922227e+12,
        "dvar2": 2.82256290611e+12,
        "max": 40526556,
        "mean": 5687849,
        "median": 5343279,
        "min": 1372997.75,
        "var": 4.3673691095e+12
    },
    "spectral_strongpeak": {
        "dmean": 0.303488194942,
        "dmean2": 0.507747173309,
        "dvar": 0.618849217892,
        "dvar2": 1.79732739925,
        "max": 13.382185936,
        "mean": 0.4679043293,
        "median": 0.309511989355,
        "min": 0,
        "var": 0.436210185289
    },
    "zerocrossingrate": {
        "dmean": 0.0289070047438,
        "dmean2": 0.0306370668113,
        "dvar": 0.00124034646433,
        "dvar2": 0.00126254267525,
        "max": 0.50634765625,
        "mean": 0.083504140377,
        "median": 0.0556640625,
        "min": 0.00146484375,
        "var": 0.00607112888247
    },
    "barkbands": {
        "dmean": [0.000323912681779, 0.00579038402066, 0.00759888626635, 0.00609757192433, 0.00521756801754, 0.000378634576919, 0.00034340354614, 0.00031059407047, 0.000259911990725, 0.000275399332168, 0.000205726610147, 0.000325025612256, 0.000208298792131, 0.000206939294003, 0.000178005328053, 0.000190336228115, 0.000192298626644, 0.000182895906619, 0.000136116112117, 0.000205415170058, 0.000175880340976, 0.000301345105981, 0.00027294800384, 0.000262562534772, 0.000352957635187, 0.00027716421755, 0.00023305612558],
        "dmean2": [0.000526503717992, 0.00918364990503, 0.0111032538116, 0.0106323901564, 0.00924926623702, 0.000654189614579, 0.000584745488595, 0.000516401021741, 0.000416429509642, 0.000451680854894, 0.000337026373018, 0.000516015803441, 0.000333700911142, 0.000314050004818, 0.000284456269583, 0.000302575936075, 0.000307762849843, 0.000278965890175, 0.000209423218621, 0.000297982624033, 0.000237172134803, 0.000367465981981, 0.000337474426487, 0.000331910530804, 0.000433383742347, 0.000379782839445, 0.000404916878324],
        "dvar": [3.89987548033e-07, 7.32809494366e-05, 0.000213703417103, 0.00018638149777, 0.000142658842378, 4.70008927778e-07, 4.3078441081e-07, 3.06546724005e-07, 1.62082372412e-07, 4.02372876351e-07, 1.10321145996e-07, 4.03457590892e-07, 1.56993749556e-07, 1.60681253192e-07, 8.89176803298e-08, 7.81950575401e-08, 7.12115308943e-08, 6.68068480536e-08, 3.1628474062e-08, 1.13928599887e-07, 7.00714224422e-08, 4.15308733182e-07, 2.95580406373e-07, 2.36835873579e-07, 6.01884607931e-07, 2.51696633313e-07, 3.81451542353e-07],
        "dvar2": [1.09741779397e-06, 0.000179812239367, 0.000428340455983, 0.000498130742926, 0.000384565879358, 1.30707962853e-06, 1.24189739381e-06, 7.87282658621e-07, 3.87077960795e-07, 9.86135091807e-07, 2.61573148919e-07, 9.02066290109e-07, 2.97036592656e-07, 3.3966165347e-07, 2.10428751757e-07, 1.71173226704e-07, 1.66663483014e-07, 1.47943779893e-07, 6.54898784092e-08, 2.28515034451e-07, 1.11773609035e-07, 6.99057807196e-07, 4.41207561153e-07, 3.79949170792e-07, 8.05263596249e-07, 4.73582105087e-07, 1.02549358871e-06],
        "max": [0.0124569274485, 0.0672326013446, 0.122200496495, 0.0891983807087, 0.102332010865, 0.00730536738411, 0.00519235571846, 0.0100369015709, 0.00539395445958, 0.0130442427471, 0.00451560225338, 0.00711333751678, 0.00386798963882, 0.004653127864, 0.00343992980197, 0.00317829521373, 0.0028152638115, 0.00327306170948, 0.001691411715, 0.00397806568071, 0.00318316556513, 0.00715528754517, 0.00585053302348, 0.00486842961982, 0.00965717155486, 0.00439037755132, 0.00407367292792],
        "mean": [0.000476961198729, 0.0079190749675, 0.0098080066964, 0.00525363394991, 0.00422777701169, 0.000434380024672, 0.000414494017605, 0.000361692305887, 0.000356682488928, 0.000345967331668, 0.00027166318614, 0.000417534669396, 0.000314338831231, 0.000290598050924, 0.000268245115876, 0.000289065472316, 0.000309728871798, 0.000342196348356, 0.000243417540332, 0.000331901101163, 0.000320754741551, 0.000427418388426, 0.00043412821833, 0.000379078875994, 0.000490920152515, 0.000327113637468, 0.00015362042177],
        "median": [0.000205097458092, 0.00391831854358, 0.00349686527625, 0.000968361506239, 0.00110795593355, 0.000259115709923, 0.000244043665589, 0.000182191404747, 0.000171181949554, 0.000158550479682, 0.000148621751578, 0.000170497674844, 0.000156568436068, 0.000161505362485, 0.000157050584676, 0.000179033813765, 0.000200168782612, 0.000218678542296, 0.000180841409019, 0.00017542365822, 0.000150930922246, 0.000109980457637, 9.65684230323e-05, 7.96197491582e-05, 4.01497636631e-05, 1.27049406728e-05, 6.65763707275e-07],
        "min": [2.79867086353e-23, 1.4628825953e-23, 3.7305560374e-23, 7.4664154289e-24, 2.61096677539e-23, 2.78647160295e-23, 3.03904025234e-23, 5.90283410796e-23, 7.63528372744e-23, 7.01872392787e-23, 1.28714458046e-22, 9.05980433247e-23, 1.09181858136e-22, 7.29951802045e-23, 4.97592443759e-23, 1.60004480701e-22, 2.20103324962e-22, 1.06566285675e-22, 2.41646624034e-22, 4.06026632187e-22, 3.93734286017e-22, 4.30248726188e-22, 6.25921016294e-22, 8.68910319454e-22, 1.17574161818e-21, 1.66304823712e-21, 2.6125362678e-21],
        "var": [5.95344317844e-07, 0.00010264589946, 0.000311628857162, 0.000145165351569, 9.86868544715e-05, 3.91751143525e-07, 3.57511964921e-07, 3.26836811837e-07, 2.91083523507e-07, 4.56168322671e-07, 1.54399117491e-07, 5.87901126892e-07, 2.57392485992e-07, 2.26802583825e-07, 1.30362153072e-07, 1.34190599965e-07, 1.25518326399e-07, 1.40108454616e-07, 6.26246716706e-08, 2.18224329274e-07, 2.00765214231e-07, 8.47951355354e-07, 7.54356904054e-07, 5.48567584246e-07, 1.47459661548e-06, 5.15752844876e-07, 2.6000330422e-07]
    },
    "erbbands": {
        "dmean": [0.121982134879, 1.53305459023, 7.40456819534, 15.4091100693, 18.6731567383, 17.0693035126, 5.26324605942, 3.17214512825, 4.70251178741, 5.58538007736, 6.65979146957, 5.37346315384, 8.04135322571, 8.20094490051, 7.4341840744, 13.6956377029, 10.0540008545, 10.4641189575, 8.62736797333, 9.70232105255, 10.2478780746, 10.7294054031, 9.31776237488, 7.81881046295, 8.00407409668, 9.58484077454, 7.47083902359, 7.6669049263, 8.53297233582, 10.9462451935, 7.65303421021, 5.98196411133, 4.74767398834, 3.66903781891, 2.64273095131, 1.48098266125, 0.413698464632, 0.327089309692, 0.0283347293735, 0.000388919084799],
        "dmean2": [0.199810162187, 2.39112401009, 10.4246044159, 25.1964759827, 31.5083332062, 30.8776988983, 9.3049697876, 5.55206632614, 8.1248998642, 9.41094303131, 10.9509830475, 8.55201816559, 12.9191055298, 13.2778654099, 11.4132375717, 21.7264881134, 15.8601951599, 15.9261856079, 13.1362876892, 16.0365200043, 16.0473365784, 16.9601402283, 14.431933403, 12.142745018, 12.3338727951, 13.5201053619, 10.1241445541, 10.2404851913, 10.8258476257, 14.1658649445, 9.66996383667, 7.49477481842, 6.22838306427, 4.82639026642, 3.16261768341, 1.81015086174, 0.610135674477, 0.562051713467, 0.0500174239278, 0.000668810913339],
        "dvar": [0.0342042669654, 5.5076880455, 179.665145874, 1074.90917969, 1438.99584961, 1820.28918457, 126.986572266, 42.0283088684, 82.4595184326, 106.784790039, 130.182754517, 62.2697296143, 367.076293945, 279.375793457, 120.383850098, 759.406982422, 423.819519043, 443.926086426, 180.447036743, 312.703308105, 205.557067871, 237.758773804, 165.421798706, 125.864021301, 122.313308716, 252.87322998, 127.171295166, 172.819046021, 285.364959717, 589.80480957, 242.073623657, 127.912216187, 88.3417282104, 62.7752914429, 39.4068908691, 11.9227180481, 0.539008378983, 0.664962589741, 0.00582919921726, 9.37738320772e-07],
        "dvar2": [0.103521831334, 12.4407272339, 319.909729004, 2670.30224609, 3618.15332031, 5034.92285156, 356.626556396, 117.508560181, 235.42477417, 295.938110352, 336.108703613, 145.235443115, 935.032592773, 678.807800293, 248.92539978, 1739.71826172, 768.354125977, 962.040222168, 362.686035156, 783.305969238, 441.449951172, 529.563232422, 347.287872314, 264.803222656, 270.132141113, 482.528564453, 218.236160278, 282.837738037, 452.615234375, 943.522644043, 378.79675293, 212.216537476, 169.511138916, 106.471946716, 47.7659950256, 17.9123268127, 1.23019039631, 1.76768302917, 0.0158614683896, 2.55627992374e-06],
        "max": [1.7048830986, 18.648059845, 120.190658569, 222.351455688, 290.172058105, 317.375762939, 102.119369507, 85.0794525146, 79.9356460571, 109.839729309, 158.754943848, 111.942367554, 403.23739624, 253.007797241, 108.400520325, 308.501281738, 206.431518555, 236.165145874, 141.420944214, 218.109039307, 165.236907959, 178.90385437, 146.022964478, 121.021850586, 112.993041992, 217.424926758, 141.6197052, 155.507751465, 195.963928223, 283.72076416, 161.477966309, 119.859535217, 107.235595703, 95.864982605, 68.0838928223, 35.6110877991, 4.59424066544, 5.17181348801, 0.497428655624, 0.00636697793379],
        "mean": [0.169573679566, 2.07913994789, 10.2558069229, 15.728934288, 16.9210033417, 13.0782194138, 5.30881309509, 3.61905002594, 5.54837751389, 6.75460147858, 8.28120326996, 7.64001655579, 10.5134458542, 10.8188858032, 11.5349197388, 17.9952392578, 15.7060394287, 14.6278266907, 14.0660800934, 15.0009117126, 16.7348556519, 17.5797729492, 17.8129272461, 14.7518911362, 14.0350837708, 15.8982772827, 13.0259037018, 13.0701808929, 12.9581880569, 16.1257839203, 11.729306221, 8.52711486816, 6.54622030258, 4.79555559158, 3.86830878258, 1.83839035034, 0.465312302113, 0.237444221973, 0.0186291188002, 0.00031179189682],
        "median": [0.0793641582131, 1.00251352787, 4.02781438828, 4.32678747177, 4.17629003525, 3.10126376152, 2.35725712776, 1.9942548275, 3.03431344032, 3.56873965263, 4.32328081131, 4.0584397316, 5.17197751999, 5.9946846962, 6.31421470642, 7.37010765076, 7.11767673492, 7.6536655426, 8.23448181152, 9.05881977081, 10.9983043671, 11.5429611206, 11.885383606, 10.7993459702, 9.32620716095, 8.41661453247, 6.50124740601, 5.44605875015, 4.06627893448, 3.29990148544, 2.75254034996, 1.80360746384, 1.26990425587, 0.570687353611, 0.20878021419, 0.0753742605448, 0.0170478671789, 0.00304329604842, 0.000135049500386, 5.9592348407e-05],
        "min": [8.3985277316e-22, 2.60419458754e-21, 3.40742900798e-20, 3.93622392472e-20, 2.3792727487e-20, 8.31425276942e-20, 1.9441581366e-19, 2.13904421536e-19, 4.03534814407e-19, 7.98853502283e-19, 1.2157915119e-18, 2.00277093988e-18, 2.13410736882e-18, 3.14110339806e-18, 6.05926507743e-18, 2.836489588e-18, 3.76853933143e-18, 4.75156697524e-18, 2.80472771363e-18, 4.90791900027e-18, 1.01418720662e-17, 1.3045403402e-17, 5.4095564789e-18, 1.19360408769e-17, 1.23996805733e-17, 2.05550643363e-17, 2.15696145925e-17, 1.21001551647e-17, 1.5868814851e-17, 1.72743965437e-17, 1.63304593877e-17, 1.74060125597e-17, 1.46135798519e-17, 1.13579334457e-17, 9.83964674011e-18, 5.10137545244e-18, 3.20584579063e-18, 1.3726434642e-18, 3.24005353467e-19, 4.31648951518e-20],
        "var": [0.0506500303745, 7.92668485641, 297.881378174, 1031.9810791, 1224.19213867, 1176.37145996, 90.4941253662, 33.1884346008, 68.1479415894, 102.759170532, 145.641464233, 119.361572266, 392.034790039, 332.758728027, 226.6769104, 1125.68054199, 716.960083008, 606.806152344, 318.718841553, 413.628112793, 383.570343018, 409.42578125, 360.647979736, 242.473709106, 242.167770386, 510.005187988, 318.030822754, 442.559417725, 630.941589355, 1252.49951172, 564.659179688, 289.181091309, 177.428359985, 123.590301514, 103.804985046, 25.6704235077, 0.837308347225, 0.473097652197, 0.00385427311994, 6.384043445e-07]
    },
    "gfcc": {
        "mean": [2.63544797897, 65.0208053589, -92.4544296265, 52.8689804077, -44.455368042, 24.3049716949, -32.5346488953, 10.0854663849, -22.2206039429, -1.73537302017, -16.7680721283, -3.00899243355, -14.649353981],
        "cov": [[9392.55566406, -2520.35522461, -894.316833496, -1004.3303833, -797.460876465, -12.4933423996, -403.736297607, 122.179023743, -598.92199707, 301.168823242, -560.176757812, 267.340820312, -365.614471436], [-2520.35522461, 2287.04907227, -162.868667603, 417.147338867, 343.637176514, -13.4713878632, 186.436904907, -49.3836784363, 311.749969482, -262.304779053, 273.083709717, -204.346893311, 187.189743042], [-894.316833496, -162.868667603, 1279.90283203, 131.064437866, 372.341003418, -151.519317627, 2.19375634193, -119.803909302, -96.4982452393, -73.3182525635, -72.4293823242, -31.9123935699, -65.2031555176], [-1004.3303833, 417.147338867, 131.064437866, 641.79309082, 23.8050422668, 99.0972213745, -13.8054494858, -30.1539268494, 39.2717819214, -112.752708435, 73.6364364624, -114.810272217, 85.9377059937], [-797.460876465, 343.637176514, 372.341003418, 23.8050422668, 497.759246826, -23.0693016052, 193.906692505, -31.8028755188, 104.2890625, -39.3142127991, 52.7106666565, -3.83888173103, -6.23300218582], [-12.4933423996, -13.4713878632, -151.519317627, 99.0972213745, -23.0693016052, 219.831390381, 51.0529708862, 83.2649459839, 16.0635509491, 46.0994186401, 35.9867668152, 1.3638676405, 21.0230922699], [-403.736297607, 186.436904907, 2.19375634193, -13.8054494858, 193.906692505, 51.0529708862, 223.812057495, 66.9559555054, 135.375457764, 21.7591247559, 70.4174957275, 10.5591955185, 12.392291069], [122.179023743, -49.3836784363, -119.803909302, -30.1539268494, -31.8028755188, 83.2649459839, 66.9559555054, 184.762176514, 68.6544189453, 71.4931716919, 8.90054988861, 18.5588245392, 0.436979651451], [-598.92199707, 311.749969482, -96.4982452393, 39.2717819214, 104.2890625, 16.0635509491, 135.375457764, 68.6544189453, 232.602371216, 22.5851631165, 97.9095458984, -8.84530544281, 45.3130455017], [301.168823242, -262.304779053, -73.3182525635, -112.752708435, -39.3142127991, 46.0994186401, 21.7591247559, 71.4931716919, 22.5851631165, 162.91998291, 27.1537227631, 64.5567016602, -19.5690517426], [-560.176757812, 273.083709717, -72.4293823242, 73.6364364624, 52.7106666565, 35.9867668152, 70.4174957275, 8.90054988861, 97.9095458984, 27.1537227631, 144.409545898, 5.61740732193, 58.1158409119], [267.340820312, -204.346893311, -31.9123935699, -114.810272217, -3.83888173103, 1.3638676405, 10.5591955185, 18.5588245392, -8.84530544281, 64.5567016602, 5.61740732193, 86.5990066528, 1.66988754272], [-365.614471436, 187.189743042, -65.2031555176, 85.9377059937, -6.23300218582, 21.0230922699, 12.392291069, 0.436979651451, 45.3130455017, -19.5690517426, 58.1158409119, 1.66988754272, 81.5380630493]],
        "icov": [[0.000235587445786, 9.94340953184e-05, 0.000220559260924, 5.8517765865e-05, 2.46239196713e-05, 4.81229253637e-05, 3.12729935104e-05, -7.89227124187e-05, 0.000269059615675, -4.7798432206e-05, 0.000423710647738, -0.000293810182484, 0.000470960338134], [9.94340953184e-05, 0.00133412086871, 0.000490856706165, 0.00013815217244, -0.000989473541267, 0.000445647921879, 0.000427962193498, -0.000500725000165, -0.000161828385899, 0.0013355363626, -0.00169878988527, 0.00232773809694, -0.00104931998067], [0.000220559260924, 0.000490856706165, 0.00180145888589, -0.000603908032645, -0.00171393807977, 0.00128014315851, 0.000429792387877, -0.000346885673935, 0.00109938520472, -0.000279800005956, 0.000351970229531, 0.000555280770641, 0.000474272994325], [5.8517765865e-05, 0.00013815217244, -0.000603908032645, 0.00329848146066, 0.000123369274661, -0.00195357808843, 0.000960137869697, 0.000117532457807, -0.000369654066162, 0.00112695153803, -0.00118191016372, 0.00343487830833, -0.0023996331729], [2.46239196713e-05, -0.000989473541267, -0.00171393807977, 0.000123369274661, 0.00599804613739, -0.000795358908363, -0.00443902099505, 0.00203827791847, -0.000971287605353, 0.000564064655919, 0.000812288722955, -0.00311411707662, 0.00236865086481], [4.81229253637e-05, 0.000445647921879, 0.00128014315851, -0.00195357808843, -0.000795358908363, 0.00838471669704, -0.00222586095333, -0.00297145964578, 0.00322900689207, -0.00220675999299, -0.000840955646709, 0.00158114475198, -0.00135012867395], [3.12729935104e-05, 0.000427962193498, 0.000429792387877, 0.000960137869697, -0.00443902099505, -0.00222586095333, 0.0126329641789, -0.00292988237925, -0.00410841219127, 0.00221292441711, -0.0031276603695, -0.000632169423625, 0.00187620648649], [-7.89227124187e-05, -0.000500725000165, -0.000346885673935, 0.000117532457807, 0.00203827791847, -0.00297145964578, -0.00292988237925, 0.0102741150185, -0.0030589941889, -0.00364950392395, 0.00414346531034, -0.000470016879262, -0.000412961293478], [0.000269059615675, -0.000161828385899, 0.00109938520472, -0.000369654066162, -0.000971287605353, 0.00322900689207, -0.00410841219127, -0.0030589941889, 0.0110307270661, -0.00235505308956, -0.00229397136718, 0.00284521887079, -0.00253783562221], [-4.7798432206e-05, 0.0013355363626, -0.000279800005956, 0.00112695153803, 0.000564064655919, -0.00220675999299, 0.00221292441711, -0.00364950392395, -0.00235505308956, 0.0160791426897, -0.00767151638865, -0.00659026950598, 0.00637400662526], [0.000423710647738, -0.00169878988527, 0.000351970229531, -0.00118191016372, 0.000812288722955, -0.000840955646709, -0.0031276603695, 0.00414346531034, -0.00229397136718, -0.00767151638865, 0.0193686727434, -0.00286250328645, -0.00625355076045], [-0.000293810182484, 0.00232773809694, 0.000555280770641, 0.00343487830833, -0.00311411707662, 0.00158114475198, -0.000632169423625, -0.000470016879262, 0.00284521887079, -0.00659026950598, -0.00286250328645, 0.028342794627, -0.012087658979], [0.000470960338134, -0.00104931998067, 0.000474272994325, -0.0023996331729, 0.00236865086481, -0.00135012867395, 0.00187620648649, -0.000412961293478, -0.00253783562221, 0.00637400662526, -0.00625355076045, -0.012087658979, 0.0275843963027]]
    },
    "melbands": {
        "dmean": [0.00131829991005, 0.00306802173145, 0.00251217884943, 0.00136941415258, 0.000264840346063, 7.09422238288e-05, 7.04198100721e-05, 6.33033632766e-05, 5.36130391993e-05, 3.42983657902e-05, 4.08791966038e-05, 3.40707047144e-05, 2.64666650764e-05, 3.49494912371e-05, 3.27429625031e-05, 1.98339730559e-05, 2.07666853385e-05, 1.45155581777e-05, 1.42983353726e-05, 1.37029774123e-05, 1.24387042888e-05, 1.24244152175e-05, 8.55436701386e-06, 9.71361259872e-06, 6.48757759336e-06, 5.75291551286e-06, 7.06291166352e-06, 6.36148024569e-06, 5.00888882016e-06, 4.23754408985e-06, 4.9494697123e-06, 5.08682114742e-06, 5.29415001438e-06, 6.10439383308e-06, 4.26106771556e-06, 4.81464257973e-06, 3.38401264344e-06, 3.45996636497e-06, 3.26328176925e-06, 3.13139230457e-06],
        "dmean2": [0.00212743552402, 0.00441027758643, 0.00394074991345, 0.00236739963293, 0.000476767512737, 0.000123646721477, 0.000121181794384, 0.000106950297777, 8.73787503224e-05, 5.48727148271e-05, 6.58293793094e-05, 5.55149199499e-05, 4.28241473855e-05, 5.59583277209e-05, 5.04573290527e-05, 3.10762443405e-05, 3.20012077282e-05, 2.26476568059e-05, 2.3313514248e-05, 2.28297594731e-05, 1.97985355044e-05, 1.99491951207e-05, 1.34527736009e-05, 1.50878004206e-05, 1.03303655123e-05, 9.07568937691e-06, 1.10819473775e-05, 8.96147048479e-06, 6.89750777383e-06, 6.08164737059e-06, 6.83550797476e-06, 6.76342506267e-06, 6.39050858808e-06, 8.29609052744e-06, 5.70860129301e-06, 6.24334643362e-06, 4.44168745162e-06, 4.63664537165e-06, 4.63385049443e-06, 4.11069322581e-06],
        "dvar": [3.46104911841e-06, 2.73150126304e-05, 2.32655693253e-05, 9.36903052207e-06, 3.90978328824e-07, 1.96145659714e-08, 1.86813657876e-08, 1.33532225277e-08, 8.13531020327e-09, 2.51388532213e-09, 9.18219367207e-09, 4.87553863948e-09, 1.59769752983e-09, 3.90080900914e-09, 5.62950397409e-09, 1.42746803267e-09, 1.80943193762e-09, 5.09507325219e-10, 6.56511067731e-10, 5.1751558594e-10, 2.85850149107e-10, 3.19102327895e-10, 1.3289901124e-10, 2.164448204e-10, 8.72457175949e-11, 5.77990086348e-11, 1.25065749423e-10, 1.17164847269e-10, 6.23344292849e-11, 3.87733491147e-11, 8.46416547962e-11, 1.08802147847e-10, 1.11650438894e-10, 1.88054988248e-10, 8.22419909952e-11, 1.1059567151e-10, 4.003431614e-11, 4.61090818304e-11, 4.97857380322e-11, 4.66826334533e-11],
        "dvar2": [9.3353801276e-06, 4.69359474664e-05, 5.35586805199e-05, 2.46423242061e-05, 1.10603082248e-06, 5.48118705979e-08, 5.36568336429e-08, 3.62298031575e-08, 2.07151877873e-08, 6.08574479699e-09, 2.32980816861e-08, 1.19442900015e-08, 3.63396424063e-09, 9.05333941148e-09, 1.27543158257e-08, 2.89643864448e-09, 4.08482137004e-09, 1.10965170386e-09, 1.56863200207e-09, 1.28639909835e-09, 6.52982945493e-10, 7.67519048317e-10, 2.74125638855e-10, 5.0681819852e-10, 1.88747434349e-10, 1.32546307263e-10, 2.92512430944e-10, 2.15736983833e-10, 1.14202279577e-10, 7.16941089829e-11, 1.57114543597e-10, 1.9415778707e-10, 1.70323033455e-10, 3.11509540385e-10, 1.41509901019e-10, 2.01268959832e-10, 6.95338647771e-11, 9.12882269777e-11, 1.0532614364e-10, 7.69847172122e-11],
        "max": [0.0160776488483, 0.0447165556252, 0.0332368090749, 0.0267205312848, 0.0052710394375, 0.00171829678584, 0.00114057795145, 0.00151814520359, 0.00104628212284, 0.000621711544227, 0.00197350559756, 0.00102029670961, 0.000422882643761, 0.000645682157483, 0.000945240899455, 0.000436766975326, 0.00047493254533, 0.000276383099845, 0.000312497286359, 0.000243834452704, 0.000195680360775, 0.00019618330407, 0.000135915513965, 0.000201858623768, 9.95247391984e-05, 6.85724589857e-05, 0.000114685732115, 0.000142603646964, 0.000100082324934, 6.94583359291e-05, 0.000104754908534, 0.000134948772029, 0.000124333484564, 0.000144076024299, 0.000108866224764, 0.000121101838886, 7.2651571827e-05, 8.15444436739e-05, 8.03645743872e-05, 7.64408541727e-05],
        "mean": [0.00186593737453, 0.00453359307721, 0.00281165330671, 0.00112993188668, 0.00024254003074, 8.24522212497e-05, 8.43263915158e-05, 7.58574315114e-05, 6.74523180351e-05, 4.78452020616e-05, 5.26610056113e-05, 4.35468900832e-05, 3.72298745788e-05, 4.51117994089e-05, 4.29501706094e-05, 2.97749356832e-05, 2.70849704975e-05, 2.24738469115e-05, 2.04905045393e-05, 2.01166476472e-05, 1.9292718207e-05, 1.89494712686e-05, 1.45969252117e-05, 1.73422049556e-05, 1.11395893327e-05, 9.56995791057e-06, 1.10995488285e-05, 1.02716576293e-05, 8.0685613284e-06, 7.45557053961e-06, 7.72327985032e-06, 7.38702783565e-06, 7.66558241594e-06, 8.98177950148e-06, 6.41022461423e-06, 6.79111190038e-06, 4.68453163194e-06, 4.76570494357e-06, 4.03658577852e-06, 4.00336284656e-06],
        "median": [0.00092571269488, 0.00195077469107, 0.000872586737387, 0.000259270484094, 9.29984089453e-05, 4.68539801659e-05, 4.70672603115e-05, 3.86726969737e-05, 3.44812979165e-05, 2.43934809987e-05, 2.51368128374e-05, 2.27716500376e-05, 2.07778502954e-05, 1.94017866306e-05, 1.52662214532e-05, 1.54128156282e-05, 1.33779894895e-05, 1.30982452902e-05, 1.11531526272e-05, 1.18561501949e-05, 1.23793324747e-05, 1.13777223305e-05, 1.03647907963e-05, 1.02942185549e-05, 8.10538767837e-06, 6.68616758048e-06, 5.98089218329e-06, 5.03424189446e-06, 4.03014382755e-06, 3.37814935847e-06, 2.85280179924e-06, 2.38209872805e-06, 1.88412775515e-06, 1.75449986273e-06, 1.61534899235e-06, 1.27802547922e-06, 1.01975228972e-06, 9.36384878969e-07, 6.11382063198e-07, 4.14407594462e-07],
        "min": [7.12469035109e-24, 1.28900140126e-23, 6.3928392402e-24, 3.11814272741e-24, 6.5915296364e-24, 5.46741073507e-24, 6.41045095434e-24, 1.00255504141e-23, 8.80621994577e-24, 1.32104319573e-23, 1.06020570633e-23, 1.13915072477e-23, 2.0409890545e-23, 1.17074894276e-23, 4.57743048357e-24, 1.17357164485e-23, 8.43577480898e-24, 4.87322886834e-24, 4.59970791553e-24, 8.33682561906e-24, 1.27619306117e-23, 1.61689317201e-23, 5.02456907199e-24, 4.79459679103e-24, 1.01477276133e-23, 9.15033448327e-24, 9.10993376087e-24, 1.56071112943e-23, 1.24912085374e-23, 9.84650580984e-24, 6.81144709626e-24, 9.95780461724e-24, 6.65153394672e-24, 1.1326550863e-23, 8.23553982313e-24, 1.20511795579e-23, 9.70516323487e-24, 1.08743284605e-23, 7.39577609028e-24, 1.06450712819e-23],
        "var": [5.27482688994e-06, 4.84381926071e-05, 2.67979266937e-05, 6.93966467225e-06, 2.57667977621e-07, 1.58070392331e-08, 1.50844599034e-08, 1.32573774181e-08, 1.00971986328e-08, 4.49685888526e-09, 9.85620207672e-09, 5.71396663318e-09, 2.55567189633e-09, 5.54707302314e-09, 7.61235074975e-09, 2.28176499917e-09, 2.27043051026e-09, 8.17287126864e-10, 9.11842157336e-10, 7.1536171431e-10, 5.15974429849e-10, 5.12661746388e-10, 2.52621479291e-10, 4.03916233793e-10, 1.50873646909e-10, 1.05024183794e-10, 2.20495302572e-10, 2.36806019238e-10, 1.35788102984e-10, 1.04060475514e-10, 1.86570106586e-10, 2.11415454587e-10, 2.58490229221e-10, 3.85226739397e-10, 1.68829658587e-10, 2.24214660727e-10, 8.43162623054e-11, 9.17382003696e-11, 7.90058365951e-11, 9.27113941174e-11]
    },
    "mfcc": {
        "mean": [-644.03125, 92.5836868286, 17.0252609253, 33.7241859436, 17.6703662872, 15.7625398636, 7.69068336487, 11.1991052628, 2.55116391182, 4.03353691101, -0.0696503221989, 2.12180638313, -2.06121730804],
        "cov": [[8828.84082031, -1804.44067383, -959.419921875, -1078.82226562, -870.627502441, -360.606628418, -267.731384277, -239.195556641, -128.587020874, -141.260635376, -107.262535095, -149.192352295, -73.2146148682], [-1804.44067383, 1571.61083984, -71.8680038452, 251.368057251, 251.848403931, 49.605796814, 70.6272659302, 128.720870972, 57.4872970581, 41.8419380188, 46.3204498291, 63.1884346008, 15.3863353729], [-959.419921875, -71.8680038452, 719.308654785, 305.068908691, 216.385742188, 42.062286377, 51.0684356689, -40.8064117432, -31.6789722443, -51.6328697205, -49.3920402527, -72.9173965454, -47.288444519], [-1078.82226562, 251.368057251, 305.068908691, 451.466064453, 229.079116821, 94.6375961304, 49.7421951294, 47.1675987244, 8.14532375336, 3.7693297863, -21.0700740814, -17.4019012451, -39.8583145142], [-870.627502441, 251.848403931, 216.385742188, 229.079116821, 267.580657959, 96.3278121948, 78.7266082764, 38.7537841797, 22.4407539368, -1.90101671219, 1.15426671505, -6.0371966362, -4.16813802719], [-360.606628418, 49.605796814, 42.062286377, 94.6375961304, 96.3278121948, 163.194869995, 74.5296173096, 35.2539482117, 6.7572350502, 11.462890625, 12.561627388, 17.3812408447, 9.02301597595], [-267.731384277, 70.6272659302, 51.0684356689, 49.7421951294, 78.7266082764, 74.5296173096, 151.091644287, 49.2395782471, 22.6669235229, 18.5196762085, 29.7401924133, 11.6440229416, 20.3824653625], [-239.195556641, 128.720870972, -40.8064117432, 47.1675987244, 38.7537841797, 35.2539482117, 49.2395782471, 130.389892578, 73.9365692139, 51.1599578857, 23.4607944489, 36.2397575378, 8.853515625], [-128.587020874, 57.4872970581, -31.6789722443, 8.14532375336, 22.4407539368, 6.7572350502, 22.6669235229, 73.9365692139, 105.320838928, 67.4440689087, 43.9434814453, 34.0622634888, 26.7748699188], [-141.260635376, 41.8419380188, -51.6328697205, 3.7693297863, -1.90101671219, 11.462890625, 18.5196762085, 51.1599578857, 67.4440689087, 96.4841995239, 60.858001709, 50.5240287781, 35.8833351135], [-107.262535095, 46.3204498291, -49.3920402527, -21.0700740814, 1.15426671505, 12.561627388, 29.7401924133, 23.4607944489, 43.9434814453, 60.858001709, 88.9272918701, 56.2620124817, 45.7449455261], [-149.192352295, 63.1884346008, -72.9173965454, -17.4019012451, -6.0371966362, 17.3812408447, 11.6440229416, 36.2397575378, 34.0622634888, 50.5240287781, 56.2620124817, 86.898109436, 50.0460662842], [-73.2146148682, 15.3863353729, -47.288444519, -39.8583145142, -4.16813802719, 9.02301597595, 20.3824653625, 8.853515625, 26.7748699188, 35.8833351135, 45.7449455261, 50.0460662842, 75.1462402344]],
