{
"lowlevel": {
    "average_loudness": 0.818455278873,
    "barkbands_crest": {
        "dmean": 2.39804649353,
        "dmean2": 3.86178684235,
        "dvar": 5.14250946045,
        "dvar2": 13.3459596634,
        "max": 24.1378498077,
        "mean": 9.88492584229,
        "median": 9.16804885864,
        "min": 2.96269917488,
        "var": 14.7234859467
    },
    "barkbands_flatness_db": {
        "dmean": 0.0167492311448,
        "dmean2": 0.0249649845064,
        "dvar": 0.000239591914578,
        "dvar2": 0.000537793850526,
        "max": 0.32966029644,
        "mean": 0.124907299876,
        "median": 0.114443719387,
        "min": 0.0402442291379,
        "var": 0.00238282443024
    },
    "barkbands_kurtosis": {
        "dmean": 1.68463933468,
        "dmean2": 2.60705327988,
        "dvar": 3.88580608368,
        "dvar2": 8.79662322998,
        "max": 40.8040084839,
        "mean": 3.51315021515,
        "median": 2.38503408432,
        "min": -1.62047672272,
        "var": 18.3868198395
    },
    "barkbands_skewness": {
        "dmean": 0.368426203728,
        "dmean2": 0.556216537952,
        "dvar": 0.104867450893,
        "dvar2": 0.234173938632,
        "max": 4.39532089233,
        "mean": 1.52594828606,
        "median": 1.52841520309,
        "min": -1.71897280216,
        "var": 0.743639290333
    },
    "barkbands_spread": {
        "dmean": 3.40363144875,
        "dmean2": 5.17044019699,
        "dvar": 13.1804113388,
        "dvar2": 28.7989387512,
        "max": 61.206199646,
        "mean": 16.9708137512,
        "median": 16.2557945251,
        "min": 1.1977263689,
        "var": 59.3234138489
    },
    "dissonance": {
        "dmean": 0.0183263421059,
        "dmean2": 0.0305541753769,
        "dvar": 0.000419681688072,
        "dvar2": 0.0010666170856,
        "max": 0.499807357788,
        "mean": 0.460589945316,
        "median": 0.466965377331,
        "min": 0.091925136745,
        "var": 0.000743275450077
    },
    "dynamic_complexity": 3.25062680244,
    "erbbands_crest": {
        "dmean": 2.33133387566,
        "dmean2": 3.66520380974,
        "dvar": 6.50694894791,
        "dvar2": 14.7107076645,
        "max": 30.8171749115,
        "mean": 8.62469768524,
        "median": 7.18508911133,
        "min": 2.63158154488,
        "var": 21.5658245087
    },
    "erbbands_flatness_db": {
        "dmean": 0.0154547542334,
        "dmean2": 0.0218089800328,
        "dvar": 0.00025014631683,
        "dvar2": 0.000453903048765,
        "max": 0.338003277779,
        "mean": 0.162295714021,
        "median": 0.150933980942,
        "min": 0.0584368035197,
        "var": 0.00273014698178
    },
    "erbbands_kurtosis": {
        "dmean": 0.691261172295,
        "dmean2": 1.09448063374,
        "dvar": 1.68874371052,
        "dvar2": 4.06038475037,
        "max": 24.8500003815,
        "mean": 0.332944154739,
        "median": -0.15841293335,
        "min": -1.72394537926,
        "var": 3.45864892006
    },
    "erbbands_skewness": {
        "dmean": 0.273541420698,
        "dmean2": 0.419779121876,
        "dvar": 0.0803802460432,
        "dvar2": 0.173856660724,
        "max": 4.20774030685,
        "mean": 0.514916062355,
        "median": 0.49280244112,
        "min": -1.84742379189,
        "var": 0.281887739897
    },
    "erbbands_spread": {
        "dmean": 4.99159955978,
        "dmean2": 7.39555358887,
        "dvar": 25.283498764,
        "dvar2": 49.0087928772,
        "max": 95.875869751,
        "mean": 34.3535270691,
        "median": 34.5709457397,
        "min": 4.3970990181,
        "var": 202.521499634
    },
    "hfc": {
        "dmean": 4.4490981102,
        "dmean2": 6.07266187668,
        "dvar": 58.5079269409,
        "dvar2": 112.374847412,
        "max": 118.97454834,
        "mean": 14.758559227,
        "median": 7.73288822174,
        "min": 1.11322972689e-16,
        "var": 282.374908447
    },
    "melbands_crest": {
        "dmean": 2.92857909203,
        "dmean2": 4.76852035522,
        "dvar": 7.94946193695,
        "dvar2": 20.4856472015,
        "max": 31.9942321777,
        "mean": 12.678483963,
        "median": 11.522108078,
        "min": 1.89106011391,
        "var": 23.4185600281
    },
    "melbands_flatness_db": {
        "dmean": 0.0174937024713,
        "dmean2": 0.0263973921537,
        "dvar": 0.00028258599923,
        "dvar2": 0.000628032081295,
        "max": 0.409283906221,
        "mean": 0.186368197203,
        "median": 0.177064090967,
        "min": 0.00455760862678,
        "var": 0.00262830941938
    },
    "melbands_kurtosis": {
        "dmean": 3.13416814804,
        "dmean2": 4.81743812561,
        "dvar": 12.7370462418,
        "dvar2": 26.978307724,
        "max": 56.9231910706,
        "mean": 8.69401454926,
        "median": 6.87531423569,
        "min": -1.51447832584,
        "var": 64.6265640259
    },
    "melbands_skewness": {
        "dmean": 0.444348424673,
        "dmean2": 0.673236846924,
        "dvar": 0.150201007724,
        "dvar2": 0.313794851303,
        "max": 6.40300512314,
        "mean": 2.19383358955,
        "median": 2.22612500191,
        "min": -0.706318020821,
        "var": 1.29487764835
    },
    "melbands_spread": {
        "dmean": 3.94393396378,
        "dmean2": 6.01503992081,
        "dvar": 17.5676345825,
        "dvar2": 33.8765220642,
        "max": 130.488693237,
        "mean": 18.4667758942,
        "median": 17.5020484924,
        "min": 1.41291904449,
        "var": 73.8219680786
    },
    "pitch_salience": {
        "dmean": 0.0658953562379,
        "dmean2": 0.106244012713,
        "dvar": 0.00347109581344,
        "dvar2": 0.00902358349413,
        "max": 0.947795391083,
        "mean": 0.634697377682,
        "median": 0.64383918047,
        "min": 0.232886329293,
        "var": 0.00865911692381
    },
    "silence_rate_20dB": {
        "dmean": 0,
        "dmean2": 0,
        "dvar": 0,
        "dvar2": 0,
        "max": 1,
        "mean": 1,
        "median": 1,
        "min": 1,
        "var": 0
    },
    "silence_rate_30dB": {
        "dmean": 0.00206291908398,
        "dmean2": 0.00412796717137,
        "dvar": 0.00205866759643,
        "dvar2": 0.00411091558635,
        "max": 1,
        "mean": 0.99742269516,
        "median": 1,
        "min": 0,
        "var": 0.00257068080828
    },
    "silence_rate_60dB": {
        "dmean": 0.00464156782255,
        "dmean2": 0.00928792543709,
        "dvar": 0.00462020933628,
        "dvar2": 0.0112653579563,
        "max": 1,
        "mean": 0.0298969075084,
        "median": 0,
        "min": 0,
        "var": 0.0290023051202
    },
    "spectral_centroid": {
        "dmean": 157.092880249,
        "dmean2": 237.958618164,
        "dvar": 68111.453125,
        "dvar2": 92477.578125,
        "max": 11637.3066406,
        "mean": 1046.81445312,
        "median": 1018.51965332,
        "min": 242.545837402,
        "var": 174560.625
    },
    "spectral_complexity": {
        "dmean": 3.07323360443,
        "dmean2": 4.59597539902,
        "dvar": 9.87190055847,
        "dvar2": 19.4172496796,
        "max": 50,
        "mean": 16.6778354645,
        "median": 16,
        "min": 0,
        "var": 43.589679718
    },
    "spectral_decrease": {
        "dmean": 1.64886460041e-09,
        "dmean2": 2.4733057824e-09,
        "dvar": 7.85393515958e-18,
        "dvar2": 1.75272424959e-17,
        "max": -1.19663058937e-28,
        "mean": -4.45213155231e-09,
        "median": -2.5991453434e-09,
        "min": -3.44202923941e-08,
        "var": 1.92256775585e-17
    },
    "spectral_energy": {
        "dmean": 0.00657818699256,
        "dmean2": 0.00981498416513,
        "dvar": 0.000124912738102,
        "dvar2": 0.000276669452433,
        "max": 0.140034988523,
        "mean": 0.0181420240551,
        "median": 0.0104569736868,
        "min": 1.05489729596e-20,
        "var": 0.000321598403389
    },
    "spectral_energyband_high": {
        "dmean": 0.000120023905765,
        "dmean2": 0.000168975500856,
        "dvar": 6.31324610367e-08,
        "dvar2": 1.37712675041e-07,
        "max": 0.00368624040857,
        "mean": 0.000306172005367,
        "median": 0.000189762882655,
        "min": 7.41293900252e-21,
        "var": 1.45092712955e-07
    },
    "spectral_energyband_low": {
        "dmean": 0.00084416003665,
        "dmean2": 0.00137283070944,
        "dvar": 2.9688928862e-06,
        "dvar2": 6.79619233779e-06,
        "max": 0.0213965214789,
        "mean": 0.00132403091993,
        "median": 0.000772095285356,
        "min": 7.11121187366e-23,
        "var": 3.66434710486e-06
    },
    "spectral_energyband_middle_high": {
        "dmean": 0.00160687719472,
        "dmean2": 0.00209902599454,
        "dvar": 1.29092559291e-05,
        "dvar2": 1.86677370948e-05,
        "max": 0.0834575667977,
        "mean": 0.0052248602733,
        "median": 0.00203089835122,
        "min": 1.86058062338e-21,
        "var": 7.33223641873e-05
    },
    "spectral_energyband_middle_low": {
        "dmean": 0.00563621520996,
        "dmean2": 0.00862782076001,
        "dvar": 0.000107446729089,
        "dvar2": 0.000247345800744,
        "max": 0.129982382059,
        "mean": 0.0119981737807,
        "median": 0.00725428014994,
        "min": 3.18832990674e-22,
        "var": 0.000184017466381
    },
    "spectral_entropy": {
        "dmean": 0.11198015511,
        "dmean2": 0.166962355375,
        "dvar": 0.0135218231007,
        "dvar2": 0.025250852108,
        "max": 9.80968666077,
        "mean": 7.49463891983,
        "median": 7.56245517731,
        "min": 5.86566305161,
        "var": 0.129718869925
    },
    "spectral_flux": {
        "dmean": 0.0221957266331,
        "dmean2": 0.0346551947296,
        "dvar": 0.000797385757323,
        "dvar2": 0.00172937195748,
        "max": 0.327239274979,
        "mean": 0.0669280290604,
        "median": 0.0517667010427,
        "min": 1.02708196115e-10,
        "var": 0.00216862885281
    },
    "spectral_kurtosis": {
        "dmean": 1.78636431694,
        "dmean2": 2.99429798126,
        "dvar": 6.55506134033,
        "dvar2": 18.4974498749,
        "max": 35.4878921509,
        "mean": 6.07548522949,
        "median": 5.1298494339,
        "min": -1.21809089184,
        "var": 17.7044754028
    },
    "spectral_rms": {
        "dmean": 0.000657148601022,
        "dmean2": 0.000958481337875,
        "dvar": 8.49834577821e-07,
        "dvar2": 1.74372917172e-06,
        "max": 0.0116884345189,
        "mean": 0.00382708362304,
        "median": 0.00319404527545,
        "min": 3.20806510697e-12,
        "var": 3.05297044179e-06
    },
    "spectral_rolloff": {
        "dmean": 277.365692139,
        "dmean2": 446.886535645,
        "dvar": 269766.90625,
        "dvar2": 435218.1875,
        "max": 18690.8203125,
        "mean": 1182.06188965,
        "median": 1098.19335938,
        "min": 236.865234375,
        "var": 525543.75
    },
    "spectral_skewness": {
        "dmean": 0.203780040145,
        "dmean2": 0.331515669823,
        "dvar": 0.0521544963121,
        "dvar2": 0.131361380219,
        "max": 4.60343647003,
        "mean": 1.80325055122,
        "median": 1.75612926483,
        "min": -0.0566897168756,
        "var": 0.212161973119
    },
    "spectral_spread": {
        "dmean": 424620.5625,
        "dmean2": 594468.5,
        "dvar": 632326848512,
        "dvar2": 539165786112,
        "max": 40491924,
        "mean": 4110104,
        "median": 3892014.25,
        "min": 1240415.5,
        "var": 2.52560592077e+12
    },
    "spectral_strongpeak": {
        "dmean": 0.494488477707,
        "dmean2": 0.779465436935,
        "dvar": 0.805202245712,
        "dvar2": 1.62374925613,
        "max": 14.4603414536,
        "mean": 1.20294845104,
        "median": 0.585459470749,
        "min": 0,
        "var": 2.82678461075
    },
    "zerocrossingrate": {
        "dmean": 0.00801143888384,
        "dmean2": 0.00981626752764,
        "dvar": 0.000188871330465,
        "dvar2": 0.000239544620854,
        "max": 0.4931640625,
        "mean": 0.055831938982,
        "median": 0.05224609375,
        "min": 0.00537109375,
        "var": 0.00060380413197
    },
    "barkbands": {
        "dmean": [9.78441967163e-05, 0.000335729797371, 0.0003338563547, 0.000515131396241, 0.00238254689611, 0.00132586539257, 0.00097661302425, 0.00107122317422, 0.00113941321615, 0.000854241952766, 0.000278428662568, 0.000325478002196, 0.000329420232447, 0.00037605399848, 0.000319326849421, 0.000186492921785, 0.000137327690027, 9.56912554102e-05, 5.68536306673e-05, 5.21724468854e-05, 3.31327973981e-05, 1.99004643946e-05, 1.61382704391e-05, 1.52306074597e-05, 1.35320797199e-05, 2.92504173558e-05, 5.87725935475e-06],
        "dmean2": [0.000160201627295, 0.000549574499018, 0.000555580714718, 0.000858148967382, 0.00398597307503, 0.00205646897666, 0.00161126314197, 0.00175937998574, 0.00177009729668, 0.00125072523952, 0.000410520617152, 0.000499596237205, 0.000464134092908, 0.000482920149807, 0.000461746123619, 0.000259908701992, 0.000217038716073, 0.000150565290824, 9.02563333511e-05, 8.1826634414e-05, 5.1050021284e-05, 2.96527305181e-05, 2.41737507167e-05, 2.26546690101e-05, 2.01910261239e-05, 4.71068960906e-05, 9.73717669694e-06],
        "dvar": [9.02577426132e-08, 5.61329841275e-07, 4.32548461049e-07, 9.41843097735e-07, 2.61399800365e-05, 7.73776264396e-06, 9.98788982542e-06, 9.9709504866e-06, 3.62364771718e-05, 1.34185429488e-05, 2.70391956292e-06, 6.68994459829e-07, 1.29524823933e-06, 1.9319072635e-06, 1.38074369715e-06, 7.43243049328e-07, 1.6216014842e-07, 2.65604604976e-08, 8.93653773204e-09, 9.22291665262e-09, 3.62710994573e-09, 1.17878096173e-09, 1.08841935464e-09, 1.29061639154e-09, 1.49764167734e-09, 9.65729896052e-09, 7.73404451593e-10],
        "dvar2": [2.25836075174e-07, 1.33115236167e-06, 1.06766151475e-06, 2.47514776675e-06, 6.84586921125e-05, 1.84684249689e-05, 2.67541527137e-05, 2.45382598223e-05, 8.20405475679e-05, 2.71200333373e-05, 5.64633592148e-06, 1.23719394196e-06, 2.17864771912e-06, 2.94005690193e-06, 2.35091715695e-06, 1.05999697553e-06, 3.39265000093e-07, 6.56382823649e-08, 2.21860805283e-08, 2.27414247433e-08, 8.01750843493e-09, 2.47970066702e-09, 2.34600827653e-09, 2.57201349108e-09, 3.40576300495e-09, 2.49325537993e-08, 2.05808770026e-09],
        "max": [0.00349889555946, 0.00825603958219, 0.00907793827355, 0.0130149610341, 0.0448344238102, 0.0411681197584, 0.0714043751359, 0.0636465996504, 0.112612515688, 0.0762095302343, 0.0664529651403, 0.0236872155219, 0.0282035917044, 0.0333757251501, 0.0323087982833, 0.0326745063066, 0.0115448553115, 0.00338189676404, 0.00130122841801, 0.00150420400314, 0.00102408509701, 0.000654365692753, 0.000864659668878, 0.000755990273319, 0.00091486889869, 0.00143183558248, 0.000482136296341],
        "mean": [7.73426945671e-05, 0.000401962024625, 0.000462960102595, 0.000828393152915, 0.00377362547442, 0.00225771754049, 0.00142304378096, 0.00138046522625, 0.00162591773551, 0.00162821169943, 0.000505111296661, 0.000662974605802, 0.000577525177505, 0.000660319637973, 0.00058806349989, 0.000343319203239, 0.000278013845673, 0.000184141215868, 0.000114663867862, 0.000114502698125, 7.00129749021e-05, 4.52781423519e-05, 3.51749113179e-05, 3.64763873222e-05, 2.45542832999e-05, 3.65816158592e-05, 5.67917413719e-06],
        "median": [4.11131622968e-06, 0.000197020184714, 0.000239311339101, 0.000555064179935, 0.00237074680626, 0.00117025547661, 0.000462961266749, 0.000409637927078, 0.000286033086013, 0.00042253715219, 0.000180831790203, 0.000239302884438, 0.000122280325741, 8.8157816208e-05, 0.000173760185135, 0.000128530751681, 0.000152579712449, 0.000106474835775, 7.45359720895e-05, 6.73825779813e-05, 3.4576485632e-05, 2.81338070636e-05, 1.79637936526e-05, 2.05923024623e-05, 9.29092129809e-06, 5.64563197258e-06, 3.52236412482e-07],
        "min": [5.34657609816e-23, 4.14867124983e-23, 4.09064374605e-24, 8.13221561063e-24, 9.45185684276e-23, 5.56802008277e-23, 3.1359742182e-23, 8.13231153612e-23, 4.62619494595e-23, 9.28142502191e-23, 6.1700913474e-23, 1.2448144305e-22, 1.70688219578e-22, 6.89212374327e-23, 1.60033586513e-22, 1.48212474294e-22, 1.23806367442e-22, 2.03674671833e-22, 3.92870325554e-22, 6.22248079919e-22, 4.59853754572e-22, 4.57629595959e-22, 5.79638887772e-22, 8.80077863568e-22, 1.21461325047e-21, 1.18033089538e-21, 2.46956569218e-21],
        "var": [7.53597007019e-08, 5.79777235998e-07, 5.4274755712e-07, 1.08901065232e-06, 2.45188566623e-05, 1.24791940834e-05, 1.27719849843e-05, 1.42045082612e-05, 5.56259255973e-05, 2.7084373869e-05, 6.06201456321e-06, 2.59731154983e-06, 3.71356645701e-06, 6.04762362855e-06, 3.72880140276e-06, 2.35810489357e-06, 3.64672416708e-07, 6.70658550916e-08, 1.75589089935e-08, 2.35143637894e-08, 8.77392647425e-09, 2.92225466048e-09, 2.97439139985e-09, 3.93984667113e-09, 3.25274429613e-09, 9.12449404922e-09, 5.9613075587e-10]
    },
    "erbbands": {
        "dmean": [0.0130040412769, 0.0670825988054, 0.300824403763, 1.15411269665, 3.67703747749, 12.0148801804, 7.0931019783, 12.570523262, 15.3633203506, 13.6675844193, 23.348192215, 26.2492313385, 31.7717056274, 15.4598932266, 10.2140359879, 14.0544567108, 12.9640483856, 13.980840683, 20.0764465332, 10.8128242493, 9.80832672119, 6.7774772644, 5.00392723083, 3.55611467361, 2.68122053146, 2.12687087059, 1.70655572414, 1.00151383877, 0.718367695808, 0.643426179886, 0.436996430159, 0.309379339218, 0.285955935717, 0.140789657831, 0.115472652018, 0.100630618632, 0.0580764003098, 0.0170063544065, 0.000599110731855, 1.69505510712e-05],
        "dmean2": [0.0216946713626, 0.111636318266, 0.501107335091, 1.92464840412, 5.97356367111, 20.5053977966, 11.0769901276, 19.4825077057, 25.0994205475, 22.6587581635, 37.6661453247, 40.9756088257, 45.1195068359, 22.3999786377, 14.3330850601, 21.3553981781, 18.3023796082, 18.9549808502, 26.5017299652, 15.1800470352, 13.3942995071, 10.5718431473, 7.89600419998, 5.65609741211, 4.26960372925, 3.35270023346, 2.58057689667, 1.55757510662, 1.08034801483, 0.969439923763, 0.647951722145, 0.476588577032, 0.419274121523, 0.209525913, 0.179469034076, 0.162075817585, 0.092972330749, 0.0275711491704, 0.000997501891106, 2.60793458438e-05],
        "dvar": [0.0011679379968, 0.0197085868567, 0.325488328934, 4.69215774536, 37.2615280151, 814.317626953, 128.510848999, 773.941894531, 2567.62060547, 1014.12738037, 6090.56884766, 22008.1855469, 18482.6875, 6034.95117188, 1325.85449219, 1313.27844238, 1577.70080566, 2085.66381836, 5690.14794922, 1906.84545898, 2341.08544922, 380.931518555, 84.2235183716, 35.8889083862, 22.0697593689, 14.0520057678, 9.70362377167, 3.33514142036, 1.64519155025, 1.46989095211, 0.782078683376, 0.391181707382, 0.553693950176, 0.149572432041, 0.133870080113, 0.13462652266, 0.0370354317129, 0.00380639801733, 8.10299115983e-06, 2.48928100355e-09],
        "dvar2": [0.00280920509249, 0.0486389026046, 0.80300796032, 12.3962163925, 93.0843429565, 2174.71313477, 287.990142822, 1877.18395996, 6824.84619141, 2662.26123047, 14663.3466797, 48592.1054688, 34750.6015625, 11070.2958984, 1826.11999512, 2270.85498047, 2702.9453125, 3703.92773438, 7670.79199219, 3661.91992188, 3174.62158203, 662.545471191, 192.266174316, 86.209487915, 55.631275177, 33.2320137024, 21.7750606537, 7.32145547867, 3.52127242088, 3.18710017204, 1.62282049656, 0.887514531612, 1.0777990818, 0.325457215309, 0.326337188482, 0.351746469736, 0.0950064584613, 0.00992723274976, 2.17647648242e-05, 6.47115561137e-09],
        "max": [0.426904678345, 1.50845777988, 6.87455129623, 22.3398265839, 58.4492378235, 262.964569092, 210.554641724, 420.971862793, 1142.09240723, 389.973327637, 1750.74230957, 3418.31469727, 3245.01611328, 2986.14526367, 1803.86645508, 1199.39355469, 945.919677734, 1003.38427734, 2648.99560547, 1539.75, 2070.39428711, 708.82244873, 198.597045898, 88.1806945801, 73.0340652466, 57.693813324, 52.0279579163, 28.5607566833, 24.4633827209, 25.8856296539, 26.1054039001, 11.7852659225, 16.3809051514, 11.626080513, 6.1591963768, 5.96795701981, 2.81243681908, 1.00394165516, 0.0526872426271, 0.000841859087814],
        "mean": [0.0116337873042, 0.0921647846699, 0.447819918394, 1.89105498791, 6.67004966736, 16.0098400116, 13.1679067612, 20.1211700439, 23.5670528412, 18.415769577, 31.4547309875, 40.3624191284, 55.7033843994, 31.8182315826, 22.1990451813, 31.492023468, 25.796251297, 26.4987716675, 42.5087966919, 21.9018344879, 19.7956962585, 15.1682825089, 10.7348070145, 7.57559204102, 5.64773178101, 4.76657772064, 3.83838415146, 2.15440297127, 1.61571419239, 1.39847373962, 0.964130461216, 0.70370388031, 0.630167901516, 0.295830458403, 0.172873437405, 0.122538402677, 0.0714932829142, 0.0194343719631, 0.00061398325488, 3.4145617974e-05],
        "median": [0.00241053896025, 0.0549232363701, 0.253319174051, 1.28653812408, 4.30635309219, 7.84284114838, 8.6397190094, 9.45951938629, 7.5616850853, 7.86028957367, 9.79986858368, 7.36784648895, 12.695930481, 12.0257301331, 8.66231918335, 10.7138900757, 6.80601596832, 5.06528186798, 7.72123527527, 8.41142177582, 7.9623966217, 8.25050544739, 6.22705888748, 4.76933574677, 3.83529448509, 2.9111123085, 1.67713904381, 1.26336407661, 0.964063048363, 0.770504355431, 0.49469819665, 0.403602600098, 0.336314290762, 0.131367176771, 0.0539130344987, 0.0231489874423, 0.00979819893837, 0.00204756576568, 5.86371970712e-05, 1.98483157874e-05],
        "min": [1.64580618636e-21, 7.80690557967e-21, 8.17011057001e-21, 1.44874108849e-20, 2.30350206755e-19, 2.72222115212e-19, 3.85350411863e-19, 4.15146749997e-19, 3.74298063958e-19, 1.12881253991e-18, 1.4606458654e-18, 1.03632919793e-18, 1.78128133675e-18, 4.10139970505e-18, 1.98683509859e-18, 5.5690323515e-18, 7.92693715736e-18, 5.43220509766e-18, 4.28258906874e-18, 9.78721837852e-18, 7.84977526828e-18, 7.79925107647e-18, 9.59759053181e-18, 1.85918785382e-17, 1.99845380155e-17, 2.8712901517e-17, 2.25861980586e-17, 1.76513626012e-17, 1.65655639702e-17, 1.97180766704e-17, 1.54267232095e-17, 1.95650945792e-17, 1.21377728575e-17, 1.29645837203e-17, 8.47061898576e-18, 4.67692964139e-18, 2.00401646709e-18, 1.15958293491e-18, 3.55018319186e-19, 3.72089717904e-20],
        "var": [0.00107264833059, 0.0205574408174, 0.392640858889, 5.49609518051, 48.2376976013, 709.494934082, 249.989822388, 1179.08203125, 3387.65380859, 1057.82495117, 9422.97070312, 40229.7617188, 38320.734375, 11022.3291016, 6287.32568359, 5856.2578125, 5591.00488281, 5621.65722656, 23578.4882812, 4556.74072266, 7664.85986328, 1180.20178223, 230.591827393, 83.2674636841, 42.4695281982, 37.3199539185, 29.1029376984, 7.14609146118, 3.82766723633, 3.74288988113, 2.25566792488, 1.00520420074, 1.65435540676, 0.488873720169, 0.174240022898, 0.116463296115, 0.0357213392854, 0.00347445346415, 6.14037980995e-06, 2.51612375379e-09]
    },
    "gfcc": {
        "mean": [-17.8706989288, 97.5428161621, -125.723274231, 12.1620912552, -63.4531440735, -0.465776264668, -46.9270439148, 0.419905126095, -30.6723880768, -5.74565410614, -20.5921154022, 0.162915468216, -11.179151535],
        "cov": [[5336.52392578, -1588.26916504, 34.0639648438, -6.72470521927, -284.834197998, 135.199707031, -250.883239746, 142.307281494, -204.456085205, 377.138305664, -112.343078613, 288.11807251, -186.575393677], [-1588.26916504, 1352.18334961, -384.628051758, 83.6042556763, 124.521080017, -94.0955581665, 171.572189331, -116.65410614, 185.071716309, -223.35168457, 156.427581787, -250.456832886, 145.435089111], [34.0639648438, -384.628051758, 696.891479492, -12.8490362167, 105.515029907, 15.7888555527, -28.2033176422, 68.7544403076, -83.8819351196, 78.3996887207, -119.01889801, 155.443588257, -88.459854126], [-6.72470521927, 83.6042556763, -12.8490362167, 285.452392578, -29.3489532471, 17.2088127136, -14.3547458649, -1.32960557938, 29.9475898743, -16.1095046997, 29.6949958801, -22.5407829285, 57.2290916443], [-284.834197998, 124.521080017, 105.515029907, -29.3489532471, 218.358184814, 7.10034322739, 34.0307312012, 19.9527301788, 13.6176815033, -6.50209522247, -16.3309078217, 15.0520563126, -11.051153183], [135.199707031, -94.0955581665, 15.7888555527, 17.2088127136, 7.10034322739, 114.954269409, 24.4261417389, 16.9966945648, -19.2874755859, 17.4596614838, -2.61765646935, 3.74679970741, -1.91202414036], [-250.883239746, 171.572189331, -28.2033176422, -14.3547458649, 34.0307312012, 24.4261417389, 120.543945312, 14.9711294174, 18.0731563568, -17.5113372803, 13.1051301956, -34.3647842407, 8.15135002136], [142.307281494, -116.65410614, 68.7544403076, -1.32960557938, 19.9527301788, 16.9966945648, 14.9711294174, 96.469291687, 3.08656406403, 31.9634151459, -25.3545570374, 33.9421005249, -16.1753540039], [-204.456085205, 185.071716309, -83.8819351196, 29.9475898743, 13.6176815033, -19.2874755859, 18.0731563568, 3.08656406403, 100.766677856, -8.79475784302, 32.0828933716, -38.5720787048, 33.9671325684], [377.138305664, -223.35168457, 78.3996887207, -16.1095046997, -6.50209522247, 17.4596614838, -17.5113372803, 31.9634151459, -8.79475784302, 98.8631820679, -9.21101093292, 53.6083831787, -36.6533508301], [-112.343078613, 156.427581787, -119.01889801, 29.6949958801, -16.3309078217, -2.61765646935, 13.1051301956, -25.3545570374, 32.0828933716, -9.21101093292, 83.2156219482, -21.0305843353, 29.8465213776], [288.11807251, -250.456832886, 155.443588257, -22.5407829285, 15.0520563126, 3.74679970741, -34.3647842407, 33.9421005249, -38.5720787048, 53.6083831787, -21.0305843353, 110.47996521, -25.4013137817], [-186.575393677, 145.435089111, -88.459854126, 57.2290916443, -11.051153183, -1.91202414036, 8.15135002136, -16.1753540039, 33.9671325684, -36.6533508301, 29.8465213776, -25.4013137817, 78.8935699463]],
        "icov": [[0.000379653822165, 0.000105821956822, 0.000418195850216, -0.000203188610612, 0.000221126014367, -0.000223228606046, 0.000301170308376, -0.000116355280625, 0.000298735452816, -0.000918858393561, 0.000442176853539, -0.000549166812561, 0.000390045752283], [0.000105821956822, 0.00425637234002, -0.000421292177634, -0.000199732079636, -0.00230377819389, 0.0027161068283, -0.00310414866544, 0.00132001796737, -0.00243775639683, 0.00425714859739, -0.00483512319624, 0.00465499423444, -0.00123373197857], [0.000418195850216, -0.000421292177634, 0.00366203254089, -0.0012251639273, -0.000437141832663, -0.00049738335656, -5.49094911548e-05, 0.000287698756438, 0.000696565839462, -0.00157690281048, 0.00443810876459, -0.00507032545283, 0.00240778457373], [-0.000203188610612, -0.000199732079636, -0.0012251639273, 0.00482580857351, 0.000541334331501, -0.000903909793124, 0.00144198886119, -0.00107883580495, -0.000296539248666, 0.000140748379636, -0.00184464862105, 0.00214367546141, -0.00372181180865], [0.000221126014367, -0.00230377819389, -0.000437141832663, 0.000541334331501, 0.00715729640797, -0.00226102443412, 0.000528321892489, -0.000949492852669, -0.000602801796049, -0.00121468293946, 0.00320238387212, -0.00412756530568, 0.00174023385625], [-0.000223228606046, 0.0027161068283, -0.00049738335656, -0.000903909793124, -0.00226102443412, 0.0126008763909, -0.00464325863868, -0.000461896153865, 0.00208234903403, 0.000222532980843, -0.00373820774257, 0.00509666046128, -0.0028011337854], [0.000301170308376, -0.00310414866544, -5.49094911548e-05, 0.00144198886119, 0.000528321892489, -0.00464325863868, 0.0142949614674, -0.00477789156139, 0.00217340653762, -0.00307618291117, 0.000810238241684, 0.00107063469477, 0.000505126779899], [-0.000116355280625, 0.00132001796737, 0.000287698756438, -0.00107883580495, -0.000949492852669, -0.000461896153865, -0.00477789156139, 0.0158825684339, -0.00492714811116, -0.000382156809792, 0.003971288912, -0.00406769337133, 0.00113419617992], [0.000298735452816, -0.00243775639683, 0.000696565839462, -0.000296539248666, -0.000602801796049, 0.00208234903403, 0.00217340653762, -0.00492714811116, 0.0188736263663, -0.00825572386384, -0.0010693455115, 0.004020514898, -0.00533470883965], [-0.000918858393561, 0.00425714859739, -0.00157690281048, 0.000140748379636, -0.00121468293946, 0.000222532980843, -0.00307618291117, -0.000382156809792, -0.00825572386384, 0.0258054509759, -0.00806597340852, -0.00190907891374, 0.0061640040949], [0.000442176853539, -0.00483512319624, 0.00443810876459, -0.00184464862105, 0.00320238387212, -0.00373820774257, 0.000810238241684, 0.003971288912, -0.0010693455115, -0.00806597340852, 0.0268690492958, -0.0112945167348, 0.000273372017546], [-0.000549166812561, 0.00465499423444, -0.00507032545283, 0.00214367546141, -0.00412756530568, 0.00509666046128, 0.00107063469477, -0.00406769337133, 0.004020514898, -0.00190907891374, -0.0112945167348, 0.0290315765887, -0.00751710869372], [0.000390045752283, -0.00123373197857, 0.00240778457373, -0.00372181180865, 0.00174023385625, -0.0028011337854, 0.000505126779899, 0.00113419617992, -0.00533470883965, 0.0061640040949, 0.000273372017546, -0.00751710869372, 0.0242646634579]]
    },
    "melbands": {
        "dmean": [0.000103310390841, 0.000132401517476, 0.000222754533752, 0.000597847101744, 0.00028829605435, 0.000274239078863, 0.000221475522267, 0.000169346472831, 0.00017862371169, 0.00017610580835, 0.000158539347467, 6.89737862558e-05, 3.46226843249e-05, 3.90540881199e-05, 3.35768272635e-05, 2.93580287689e-05, 2.8624330298e-05, 3.83264450647e-05, 1.82552594197e-05, 1.4331485545e-05, 1.15741695481e-05, 7.48189722799e-06, 7.42099518902e-06, 4.12051122112e-06, 3.14038129545e-06, 2.04795924219e-06, 2.28647218137e-06, 1.39400606258e-06, 1.30107764562e-06, 8.49087086863e-07, 5.88472062191e-07, 4.55303307945e-07, 3.92163371998e-07, 3.76970035632e-07, 2.95495084401e-07, 1.99639245579e-07, 2.07156830356e-07, 2.33202001709e-07, 1.68462634065e-07, 1.15699577918e-07],
        "dmean2": [0.000168815953657, 0.000219631809159, 0.000365426734788, 0.000998216564767, 0.000460002484033, 0.000420584517997, 0.000363068829756, 0.000281794316834, 0.000286650087219, 0.000273338082479, 0.000225375537411, 9.91904817056e-05, 4.99954003317e-05, 5.73003962927e-05, 4.94253290526e-05, 4.07260740758e-05, 3.87869076803e-05, 5.01935137436e-05, 2.64144237008e-05, 2.02643041121e-05, 1.65215933521e-05, 1.17294111988e-05, 1.17051222333e-05, 6.37181346974e-06, 5.10504332851e-06, 3.27119255417e-06, 3.6599201394e-06, 2.18735090129e-06, 2.01028387892e-06, 1.32558579935e-06, 9.3089784059e-07, 6.97127461535e-07, 5.93489119183e-07, 5.78537367346e-07, 4.47995347486e-07, 3.08529365611e-07, 3.26946633322e-07, 3.50714799424e-07, 2.59534715497e-07, 1.76322231482e-07],
        "dvar": [6.28127594382e-08, 6.55416059203e-08, 1.47830249375e-07, 1.74267495368e-06, 2.53180388654e-07, 3.43697394101e-07, 5.172486226e-07, 1.61147355016e-07, 3.77463209134e-07, 1.00532702163e-06, 4.56406667126e-07, 1.15407516432e-07, 2.73090616787e-08, 1.05439141862e-08, 1.31069537446e-08, 9.08939057354e-09, 1.02673380908e-08, 2.36684538635e-08, 5.23609733349e-09, 3.41985439967e-09, 2.56746779392e-09, 3.98522714828e-10, 3.4966640694e-10, 5.53758011668e-11, 2.94867880113e-11, 1.21098114175e-11, 2.32763808228e-11, 6.11912517184e-12, 5.64853936194e-12, 3.26970243415e-12, 9.62632859709e-13, 6.34595024099e-13, 4.99100055989e-13, 5.59622552292e-13, 3.84240084412e-13, 1.25959301583e-13, 2.0501154485e-13, 3.49825257737e-13, 2.42747743564e-13, 9.45702595553e-14],
        "dvar2": [1.45905701743e-07, 1.61904949891e-07, 3.72403519577e-07, 4.59845114165e-06, 5.89784349359e-07, 8.21519165584e-07, 1.37398535571e-06, 4.19335179913e-07, 8.85759391167e-07, 2.25665280595e-06, 8.56224005474e-07, 2.15222797806e-07, 4.15774543683e-08, 1.73142211679e-08, 2.36381847429e-08, 1.33234436817e-08, 1.78136261297e-08, 2.98690387979e-08, 8.83284112518e-09, 6.19475803987e-09, 3.68357433445e-09, 7.64727892122e-10, 7.40211780759e-10, 1.23945978481e-10, 7.23109419565e-11, 2.97583277464e-11, 6.11640876835e-11, 1.4057445312e-11, 1.23490141724e-11, 6.92987247447e-12, 2.23822566384e-12, 1.43137053859e-12, 1.0797677856e-12, 1.28136130179e-12, 8.00232872588e-13, 2.8736420795e-13, 4.88404455767e-13, 6.55287185191e-13, 5.993718976e-13, 2.00756932237e-13],
        "max": [0.00298040406778, 0.00298007624224, 0.00480992393568, 0.0115266852081, 0.00670953467488, 0.00885284785181, 0.0163470692933, 0.0041001373902, 0.0136417923495, 0.021298520267, 0.0157978907228, 0.0128682171926, 0.00763865886256, 0.00271169003099, 0.00412070145831, 0.00278128730133, 0.00241603073664, 0.00545163126662, 0.0017084616702, 0.00178305513691, 0.0021576914005, 0.000652642804198, 0.000522358401213, 0.000167913676705, 8.80628067534e-05, 5.66927374166e-05, 7.95505038695e-05, 4.86998724227e-05, 4.39389841631e-05, 4.58839749626e-05, 1.15676484711e-05, 1.43903880598e-05, 1.22817473311e-05, 1.5468984202e-05, 1.83455576916e-05, 6.3435568336e-06, 9.01513431018e-06, 1.16651872304e-05, 1.40710017149e-05, 1.00966717582e-05],
        "mean": [0.000109809123387, 0.000197644578293, 0.000405163562391, 0.00089729699539, 0.000505936215632, 0.00044965595589, 0.000338867772371, 0.000219307010411, 0.000238944980083, 0.000263309280854, 0.00027696028701, 0.000134327929118, 6.78489959682e-05, 7.95674568508e-05, 7.03599507688e-05, 5.14842904522e-05, 4.83061048726e-05, 7.70800106693e-05, 3.33196476276e-05, 2.62416160695e-05, 2.13909497688e-05, 1.51302983795e-05, 1.38619698191e-05, 7.72495423007e-06, 6.02773070568e-06, 4.00773933507e-06, 4.22171933678e-06, 2.86876684186e-06, 2.79771734313e-06, 1.5390144199e-06, 1.15611192086e-06, 9.26251175315e-07, 8.13219514839e-07, 7.54068025799e-07, 6.03679438882e-07, 4.00953666713e-07, 4.33067157246e-07, 4.74624670233e-07, 3.36109224008e-07, 2.20436135123e-07],
        "median": [3.85185630876e-05, 0.000115374416055, 0.000286880909698, 0.000524160452187, 0.000318088103086, 0.000219503621338, 0.000110758832307, 8.04581068223e-05, 6.96701681591e-05, 4.19427233282e-05, 6.07748079346e-05, 4.58455615444e-05, 2.52496829489e-05, 2.85147980321e-05, 2.06283093576e-05, 1.16713908938e-05, 8.01672831585e-06, 1.11278513941e-05, 1.22708788695e-05, 9.85086990113e-06, 8.91477247933e-06, 8.4362236521e-06, 7.40293171475e-06, 4.34808680438e-06, 3.68485621038e-06, 2.55062468568e-06, 2.65397193289e-06, 1.53378573486e-06, 1.07378627945e-06, 7.77765251314e-07, 6.62253512473e-07, 5.32351691618e-07, 4.77087723993e-07, 3.8784452272e-07, 2.95156468155e-07, 2.19833680148e-07, 2.43687765078e-07, 2.45127353082e-07, 1.59591550641e-07, 9.11310991114e-08],
        "min": [1.62059592732e-23, 6.7322975262e-24, 7.4713268769e-24, 2.15597909985e-23, 1.19713973214e-23, 9.61183073459e-24, 5.83285843802e-24, 1.48449091545e-23, 1.07599270631e-23, 6.55074592203e-24, 9.41723373763e-24, 1.721992006e-23, 6.4401409178e-24, 1.12571192704e-23, 1.55095639102e-23, 1.85046100209e-23, 8.58816143663e-24, 4.59336271284e-24, 1.52927723116e-23, 9.80160700256e-24, 8.83637809818e-24, 8.02874624772e-24, 6.94647168424e-24, 1.00510558648e-23, 1.56344153479e-23, 1.46779877646e-23, 1.70884437684e-23, 1.92242247159e-23, 1.41974247452e-23, 1.32659078116e-23, 9.29220953935e-24, 9.95522819752e-24, 8.43013129807e-24, 1.19170889812e-23, 8.687085383e-24, 9.4620339373e-24, 1.32910503864e-23, 7.85000535495e-24, 1.0535698084e-23, 1.04989355881e-23],
        "var": [6.30532994705e-08, 7.64417933397e-08, 1.9641488791e-07, 1.60967056217e-06, 3.88975422538e-07, 5.52385927222e-07, 6.90808349191e-07, 1.68176313764e-07, 5.91531943428e-07, 1.74569049705e-06, 9.65894741967e-07, 2.07126532814e-07, 8.89412063998e-08, 3.89784133858e-08, 4.68686351951e-08, 3.03133091961e-08, 2.5800302339e-08, 9.46734530771e-08, 1.20123466729e-08, 9.13187125917e-09, 7.84007703203e-09, 1.02403152624e-09, 8.14101064339e-10, 1.39071448801e-10, 5.88083054476e-11, 2.41780952898e-11, 3.63611467324e-11, 1.64718724771e-11, 1.7562050772e-11, 6.22938419598e-12, 1.95337756387e-12, 1.36682386329e-12, 1.11908388372e-12, 1.29972931289e-12, 1.06125796085e-12, 3.01191336411e-13, 4.59202988135e-13, 9.48961287155e-13, 6.72860205053e-13, 2.85480921671e-13]
    },
    "mfcc": {
        "mean": [-659.134460449, 133.493499756, -9.92275428772, 11.4565734863, -1.8594840765, -6.19152259827, -8.75049304962, -2.51923823357, -7.0375919342, -6.91206550598, -10.3277244568, -6.18603229523, -5.57606124878],
        "cov": [[4039.75097656, -1024.72558594, -227.609588623, -8.88129520416, -191.496398926, -1.14127397537, -79.2677078247, -141.349716187, -114.729148865, 25.4985618591, 31.5610466003, 82.1215515137, -3.22578430176], [-1024.72558594, 855.416137695, -131.076965332, 35.701210022, 52.3116378784, -1.01580393314, 32.7404251099, 46.9840660095, 17.6696071625, 34.1229248047, 32.4675712585, -30.6213226318, -18.8028392792], [-227.609588623, -131.076965332, 345.966033936, 53.8212852478, 37.6092948914, 28.7452964783, 9.56922340393, 17.7108783722, 29.0847911835, -36.7579078674, -8.2700881958, 5.38264274597, 23.4873123169], [-8.88129520416, 35.701210022, 53.8212852478, 182.470352173, 45.2685966492, 10.5195493698, -1.36451470852, 5.76661586761, 20.6686000824, -5.26784515381, -14.2127780914, 14.2877044678, 23.0257873535], [-191.496398926, 52.3116378784, 37.6092948914, 45.2685966492, 156.674499512, 16.54637146, 4.57058334351, 24.7801513672, 27.2327976227, -10.368514061, -5.39119005203, -5.54368257523, 15.326622963], [-1.14127397537, -1.01580393314, 28.7452964783, 10.5195493698, 16.54637146, 87.9550323486, 31.8820838928, 4.311191082, 0.43237438798, 11.8478288651, 3.98642730713, -4.50626659393, -8.06839847565], [-79.2677078247, 32.7404251099, 9.56922340393, -1.36451470852, 4.57058334351, 31.8820838928, 92.2414474487, 34.6880226135, 8.1498632431, 10.2406578064, 7.27208614349, -4.01632022858, -3.99961876869], [-141.349716187, 46.9840660095, 17.7108783722, 5.76661586761, 24.7801513672, 4.311191082, 34.6880226135, 65.5887374878, 30.6486949921, 5.00594758987, 1.73647105694, 0.220485657454, 1.7057185173], [-114.729148865, 17.6696071625, 29.0847911835, 20.6686000824, 27.2327976227, 0.43237438798, 8.1498632431, 30.6486949921, 78.0488510132, 21.7003955841, -0.613618612289, 0.2922783494, 2.73091983795], [25.4985618591, 34.1229248047, -36.7579078674, -5.26784515381, -10.368514061, 11.8478288651, 10.2406578064, 5.00594758987, 21.7003955841, 67.2788543701, 19.4134273529, 3.03408718109, -8.61707878113], [31.5610466003, 32.4675712585, -8.2700881958, -14.2127780914, -5.39119005203, 3.98642730713, 7.27208614349, 1.73647105694, -0.613618612289, 19.4134273529, 52.553352356, 15.3636684418, 1.47639763355], [82.1215515137, -30.6213226318, 5.38264274597, 14.2877044678, -5.54368257523, -4.50626659393, -4.01632022858, 0.220485657454, 0.2922783494, 3.03408718109, 15.3636684418, 50.9359016418, 20.431180954], [-3.22578430176, -18.8028392792, 23.4873123169, 23.0257873535, 15.326622963, -8.06839847565, -3.99961876869, 1.7057185173, 2.73091983795, -8.61707878113, 1.47639763355, 20.431180954, 52.5035552979]],
