{
"lowlevel": {
    "average_loudness": 0.925467967987,
    "barkbands_crest": {
        "dmean": 4.01707029343,
        "dmean2": 6.35461091995,
        "dvar": 10.8969984055,
        "dvar2": 25.3280487061,
        "max": 25.9532032013,
        "mean": 14.6492805481,
        "median": 14.2122173309,
        "min": 3.09273386002,
        "var": 30.1442909241
    },
    "barkbands_flatness_db": {
        "dmean": 0.0381508395076,
        "dmean2": 0.0611757822335,
        "dvar": 0.0009842927102,
        "dvar2": 0.00243998179212,
        "max": 0.438569575548,
        "mean": 0.171366915107,
        "median": 0.166897505522,
        "min": 0.0430810004473,
        "var": 0.00245656888001
    },
    "barkbands_kurtosis": {
        "dmean": 10.4779014587,
        "dmean2": 17.4671268463,
        "dvar": 553.079040527,
        "dvar2": 1426.98937988,
        "max": 408.225799561,
        "mean": 10.0655822754,
        "median": 3.60366916656,
        "min": -1.90135955811,
        "var": 550.446899414
    },
    "barkbands_skewness": {
        "dmean": 1.31703913212,
        "dmean2": 2.07831430435,
        "dvar": 1.96427083015,
        "dvar2": 4.87270545959,
        "max": 16.8051376343,
        "mean": 2.4399600029,
        "median": 2.12054157257,
        "min": -2.23788952827,
        "var": 3.9006023407
    },
    "barkbands_spread": {
        "dmean": 10.2523803711,
        "dmean2": 16.8092937469,
        "dvar": 100.885810852,
        "dvar2": 246.623153687,
        "max": 93.4528961182,
        "mean": 25.5072631836,
        "median": 22.1227588654,
        "min": 0.442523062229,
        "var": 275.438598633
    },
    "dissonance": {
        "dmean": 0.011590346694,
        "dmean2": 0.0197176579386,
        "dvar": 0.000162989701494,
        "dvar2": 0.000413201603806,
        "max": 0.499865651131,
        "mean": 0.480456888676,
        "median": 0.485359668732,
        "min": 0.258741676807,
        "var": 0.000282368069747
    },
    "dynamic_complexity": 3.47434401512,
    "erbbands_crest": {
        "dmean": 2.3503742218,
        "dmean2": 3.8697977066,
        "dvar": 5.11474514008,
        "dvar2": 12.933134079,
        "max": 29.0938777924,
        "mean": 7.95544290543,
        "median": 7.1256313324,
        "min": 2.67682957649,
        "var": 12.0665998459
    },
    "erbbands_flatness_db": {
        "dmean": 0.0175166446716,
        "dmean2": 0.0263825524598,
        "dvar": 0.000319812912494,
        "dvar2": 0.000767873774748,
        "max": 0.266244500875,
        "mean": 0.141221091151,
        "median": 0.139943614602,
        "min": 0.0556667409837,
        "var": 0.00116356799845
    },
    "erbbands_kurtosis": {
        "dmean": 1.49776804447,
        "dmean2": 2.44554948807,
        "dvar": 5.54622411728,
        "dvar2": 14.5528421402,
        "max": 34.9120178223,
        "mean": 1.41264796257,
        "median": 0.241361379623,
        "min": -1.73967885971,
        "var": 11.1054887772
    },
    "erbbands_skewness": {
        "dmean": 0.44366312027,
        "dmean2": 0.710411906242,
        "dvar": 0.231983110309,
        "dvar2": 0.581482648849,
        "max": 4.06149148941,
        "mean": -0.731646418571,
        "median": -0.673043847084,
        "min": -5.23745155334,
        "var": 0.841975748539
    },
    "erbbands_spread": {
        "dmean": 13.0985813141,
        "dmean2": 21.1478157043,
        "dvar": 221.93737793,
        "dvar2": 570.226257324,
        "max": 150.457702637,
        "mean": 43.2793731689,
        "median": 41.3527679443,
        "min": 4.94114160538,
        "var": 441.649078369
    },
    "hfc": {
        "dmean": 9.65072345734,
        "dmean2": 14.1010475159,
        "dvar": 292.028533936,
        "dvar2": 699.866577148,
        "max": 227.448379517,
        "mean": 17.0621738434,
        "median": 10.9533481598,
        "min": 1.21374686204e-16,
        "var": 408.792999268
    },
    "melbands_crest": {
        "dmean": 3.53050398827,
        "dmean2": 5.75686645508,
        "dvar": 8.51432704926,
        "dvar2": 21.9837436676,
        "max": 30.2970142365,
        "mean": 19.1676101685,
        "median": 19.7874031067,
        "min": 1.89560735226,
        "var": 19.2333641052
    },
    "melbands_flatness_db": {
        "dmean": 0.0490220710635,
        "dmean2": 0.0775151103735,
        "dvar": 0.0015341558028,
        "dvar2": 0.00368395168334,
        "max": 0.550061225891,
        "mean": 0.24542312324,
        "median": 0.242964923382,
        "min": 0.0044854846783,
        "var": 0.0043117729947
    },
    "melbands_kurtosis": {
        "dmean": 31.5975170135,
        "dmean2": 52.6081008911,
        "dvar": 3153.29150391,
        "dvar2": 7952.98193359,
        "max": 901.531921387,
        "mean": 38.5313491821,
        "median": 19.9914188385,
        "min": -1.71517658234,
        "var": 3640.92260742
    },
    "melbands_skewness": {
        "dmean": 1.93865060806,
        "dmean2": 3.0832836628,
        "dvar": 3.66940259933,
        "dvar2": 8.91630840302,
        "max": 23.1056461334,
        "mean": 4.73517179489,
        "median": 4.17725563049,
        "min": -0.681809186935,
        "var": 8.02308368683
    },
    "melbands_spread": {
        "dmean": 12.6173381805,
        "dmean2": 20.3559265137,
        "dvar": 232.905471802,
        "dvar2": 558.264099121,
        "max": 130.387573242,
        "mean": 21.5365810394,
        "median": 13.611246109,
        "min": 0.376035273075,
        "var": 457.019775391
    },
    "pitch_salience": {
        "dmean": 0.117173850536,
        "dmean2": 0.191326618195,
        "dvar": 0.00826789624989,
        "dvar2": 0.0215313881636,
        "max": 0.822577416897,
        "mean": 0.374413758516,
        "median": 0.366734772921,
        "min": 0.0854346230626,
        "var": 0.0202265940607
    },
    "silence_rate_20dB": {
        "dmean": 0,
        "dmean2": 0,
        "dvar": 0,
        "dvar2": 0,
        "max": 1,
        "mean": 1,
        "median": 1,
        "min": 1,
        "var": 0
    },
    "silence_rate_30dB": {
        "dmean": 0.10000000149,
        "dmean2": 0.199587419629,
        "dvar": 0.0899990200996,
        "dvar2": 0.177286252379,
        "max": 1,
        "mean": 0.876867592335,
        "median": 1,
        "min": 0,
        "var": 0.107972495258
    },
    "silence_rate_60dB": {
        "dmean": 0.0262886602432,
        "dmean2": 0.0526044368744,
        "dvar": 0.0255970843136,
        "dvar2": 0.0663415715098,
        "max": 1,
        "mean": 0.0515198335052,
        "median": 0,
        "min": 0,
        "var": 0.0488662272692
    },
    "spectral_centroid": {
        "dmean": 377.212554932,
        "dmean2": 602.688842773,
        "dvar": 183540.09375,
        "dvar2": 401231.21875,
        "max": 10690.6972656,
        "mean": 1792.6159668,
        "median": 1879.85546875,
        "min": 127.620140076,
        "var": 644932.9375
    },
    "spectral_complexity": {
        "dmean": 5.19226789474,
        "dmean2": 7.81072711945,
        "dvar": 34.9016876221,
        "dvar2": 73.1127166748,
        "max": 53,
        "mean": 16.6192684174,
        "median": 15,
        "min": 0,
        "var": 90.0698013306
    },
    "spectral_decrease": {
        "dmean": 7.48666639794e-09,
        "dmean2": 1.16622889124e-08,
        "dvar": 1.41357278691e-16,
        "dvar2": 3.24359991025e-16,
        "max": -1.66344209346e-29,
        "mean": -1.14785310146e-08,
        "median": -5.607883935e-09,
        "min": -1.1130300237e-07,
        "var": 2.21399205524e-16
    },
    "spectral_energy": {
        "dmean": 0.0288154352456,
        "dmean2": 0.0446753129363,
        "dvar": 0.00206586671993,
        "dvar2": 0.00470607262105,
        "max": 0.427139788866,
        "mean": 0.044870249927,
        "median": 0.0223662555218,
        "min": 1.10718133068e-20,
        "var": 0.00328354584053
    },
    "spectral_energyband_high": {
        "dmean": 0.000420030846726,
        "dmean2": 0.000626802502666,
        "dvar": 6.37936352632e-07,
        "dvar2": 1.51012341121e-06,
        "max": 0.0103778308257,
        "mean": 0.000632267561741,
        "median": 0.000288427545456,
        "min": 7.81060204304e-21,
        "var": 9.04615774289e-07
    },
    "spectral_energyband_low": {
        "dmean": 0.0270132049918,
        "dmean2": 0.0429523065686,
        "dvar": 0.00192518008407,
        "dvar2": 0.00460315775126,
        "max": 0.390793532133,
        "mean": 0.0364407896996,
        "median": 0.0153220770881,
        "min": 4.53375496289e-23,
        "var": 0.002732335357
    },
    "spectral_energyband_middle_high": {
        "dmean": 0.00251621985808,
        "dmean2": 0.00406003836542,
        "dvar": 2.53713387792e-05,
        "dvar2": 6.59572615405e-05,
        "max": 0.0619176886976,
        "mean": 0.00387853197753,
        "median": 0.00233740289696,
        "min": 1.69943045159e-21,
        "var": 2.70206437563e-05
    },
    "spectral_energyband_middle_low": {
        "dmean": 0.00232929550111,
        "dmean2": 0.00360597041436,
        "dvar": 1.75060486072e-05,
        "dvar2": 4.06012732128e-05,
        "max": 0.0565049909055,
        "mean": 0.00460657151416,
        "median": 0.00236501218751,
        "min": 4.03226340056e-22,
        "var": 3.84891573049e-05
    },
    "spectral_entropy": {
        "dmean": 0.168275892735,
        "dmean2": 0.259445786476,
        "dvar": 0.0217080842704,
        "dvar2": 0.0506052821875,
        "max": 9.79107475281,
        "mean": 7.49605083466,
        "median": 7.5081486702,
        "min": 5.9791226387,
        "var": 0.0748424530029
    },
    "spectral_flux": {
        "dmean": 0.0497782975435,
        "dmean2": 0.0819265916944,
        "dvar": 0.00360621488653,
        "dvar2": 0.00845555961132,
        "max": 0.537652790546,
        "mean": 0.103626951575,
        "median": 0.0803919956088,
        "min": 1.05222684732e-10,
        "var": 0.00582594564185
    },
    "spectral_kurtosis": {
        "dmean": 1.71381986141,
        "dmean2": 3.00614118576,
        "dvar": 2.93751096725,
        "dvar2": 8.41660499573,
        "max": 20.2369480133,
        "mean": 4.47057342529,
        "median": 4.10867738724,
        "min": -1.24061858654,
        "var": 4.12960243225
    },
    "spectral_rms": {
        "dmean": 0.00187466200441,
        "dmean2": 0.00277602812275,
        "dvar": 4.65480297862e-06,
        "dvar2": 9.12401264941e-06,
        "max": 0.0204137638211,
        "mean": 0.00559349823743,
        "median": 0.00467126723379,
        "min": 3.2866044955e-12,
        "var": 1.24885764308e-05
    },
    "spectral_rolloff": {
        "dmean": 700.584411621,
        "dmean2": 1216.02185059,
        "dvar": 912277.5,
        "dvar2": 1992214.375,
        "max": 18776.953125,
        "mean": 1148.20703125,
        "median": 538.330078125,
        "min": 86.1328125,
        "var": 1540949.875
    },
    "spectral_skewness": {
        "dmean": 0.221820116043,
        "dmean2": 0.377679467201,
        "dvar": 0.0425909087062,
        "dvar2": 0.119908131659,
        "max": 3.16039538383,
        "mean": 1.28049993515,
        "median": 1.24140179157,
        "min": 0.0443203002214,
        "var": 0.0990918129683
    },
    "spectral_spread": {
        "dmean": 538739.25,
        "dmean2": 828581.5625,
        "dvar": 721860165632,
        "dvar2": 1.13607848755e+12,
        "max": 41122520,
        "mean": 3753486.5,
        "median": 3514911,
        "min": 1833091.125,
        "var": 2.00117623194e+12
    },
    "spectral_strongpeak": {
        "dmean": 0.294418483973,
        "dmean2": 0.472696095705,
        "dvar": 0.304912924767,
        "dvar2": 0.688967168331,
        "max": 9.69302940369,
        "mean": 0.511948049068,
        "median": 0.338349819183,
        "min": 0,
        "var": 0.42387843132
    },
    "zerocrossingrate": {
        "dmean": 0.0119075188413,
        "dmean2": 0.0148770911619,
        "dvar": 0.000193432802917,
        "dvar2": 0.000332057126798,
        "max": 0.515625,
        "mean": 0.0470445528626,
        "median": 0.04052734375,
        "min": 0.001953125,
        "var": 0.000855112331919
    },
    "barkbands": {
        "dmean": [0.000139640178531, 0.022893557325, 0.0060349367559, 0.000998236238956, 0.00115492322948, 0.000376455951482, 0.000278611551039, 0.000265708484221, 0.000254600017797, 0.000103123609733, 0.000153016939294, 0.000143711164128, 0.000200603375561, 0.000257306935964, 0.000178410555236, 0.000187972225831, 0.000804511248134, 0.000594875134993, 0.000282415800029, 0.000212518309127, 0.000185382799827, 0.000104974140413, 3.41817358276e-05, 2.80847161775e-05, 9.53633116296e-06, 4.56103007309e-05, 6.97280199802e-07],
        "dmean2": [0.000240496505285, 0.0360133014619, 0.0103983469307, 0.00172310112976, 0.0019514496671, 0.000606994784903, 0.000449080893304, 0.000431382271927, 0.000400552438805, 0.000169561782968, 0.000252999307122, 0.000233660888625, 0.00031831357046, 0.000432933156844, 0.00029512157198, 0.000310572329909, 0.00135687098373, 0.00102566054557, 0.000476495508337, 0.000355341064278, 0.000292477372568, 0.000171632753336, 5.28135678906e-05, 3.92995789298e-05, 1.43095685416e-05, 6.82409008732e-05, 1.23609049751e-06],
        "dvar": [1.2243913261e-07, 0.00149984797463, 9.70738838078e-05, 3.06721904053e-06, 6.76246554576e-06, 4.17158020127e-07, 3.41341149124e-07, 4.29362586374e-07, 2.47665752795e-07, 4.96523497873e-08, 1.04119898481e-07, 7.40395762477e-08, 1.22003868341e-07, 2.73761628478e-07, 1.23429117593e-07, 1.33335788632e-07, 4.00384760724e-06, 1.78493496605e-06, 5.94415269006e-07, 2.28277613701e-07, 1.17985770487e-07, 6.68904291956e-08, 8.27755020083e-09, 3.76140629754e-09, 5.45008649322e-10, 2.70401425695e-08, 1.04989888311e-11],
        "dvar2": [3.18410116051e-07, 0.0034662836697, 0.000272021308774, 8.49008483783e-06, 1.75971963472e-05, 1.05237711523e-06, 8.72861562584e-07, 1.04415346414e-06, 5.99469501594e-07, 1.26514549947e-07, 2.74798594546e-07, 1.86081393849e-07, 2.97023746043e-07, 7.33396859687e-07, 3.08911097591e-07, 3.52447756313e-07, 1.11860408651e-05, 4.87979423269e-06, 1.59234855346e-06, 5.65749246562e-07, 2.76286044709e-07, 1.83970271905e-07, 2.17119850987e-08, 7.78266340262e-09, 1.30044541802e-09, 6.51897664738e-08, 2.98111084429e-11],
        "max": [0.00437320489436, 0.33255007863, 0.0879735276103, 0.0240866541862, 0.0432337373495, 0.00821017567068, 0.00787215400487, 0.00921910628676, 0.00874504353851, 0.00252682715654, 0.00441043358296, 0.00337826879695, 0.00503676105291, 0.00904172379524, 0.00467945309356, 0.00458614900708, 0.0398547761142, 0.0127342408523, 0.0125904120505, 0.00891888141632, 0.00380729627796, 0.00429446808994, 0.00200667628087, 0.000880516658071, 0.000390116678318, 0.0030909255147, 5.57182684133e-05],
        "mean": [0.00012073507969, 0.0279486533254, 0.00772509397939, 0.0011495212093, 0.00158850697335, 0.00063768151449, 0.000401262775995, 0.00034857072751, 0.000423749821493, 0.000138848976349, 0.000203359100851, 0.000213837978663, 0.000337512494298, 0.000389195192838, 0.000223865325097, 0.000241154499236, 0.000981078948826, 0.000647243403364, 0.000342353130691, 0.000265868147835, 0.000244504364673, 0.000134564208565, 5.01481372339e-05, 4.43583921879e-05, 1.2247360246e-05, 5.5875396356e-05, 5.01303532019e-07],
        "median": [2.19257235585e-05, 0.00920199602842, 0.00251676794142, 0.00047558627557, 0.000585036003031, 0.000313297961839, 0.000107926709461, 6.23448795523e-05, 0.000225248091738, 4.98330082337e-05, 8.59391220729e-05, 8.48437775858e-05, 0.000172068175743, 0.000165077712154, 8.31222423585e-05, 0.000121745200886, 0.000443889672169, 0.000268487550784, 0.000104124599602, 0.000110436674731, 9.38597222557e-05, 5.87994036323e-05, 1.88761241589e-05, 1.26877994262e-05, 2.97699375551e-06, 5.42992574992e-06, 2.04989110131e-08],
        "min": [6.38913198837e-24, 2.62112604167e-23, 1.33836232136e-23, 1.04045720466e-23, 5.23734915505e-23, 9.93990488998e-23, 6.15082042212e-23, 7.96410619628e-23, 7.34883760424e-23, 8.80239523256e-23, 9.53475350213e-23, 7.85266981155e-23, 6.03955001372e-23, 1.60073635404e-22, 1.68121240949e-22, 2.19458074607e-22, 1.47532425707e-22, 1.90175583048e-22, 3.45123212912e-22, 3.15495263386e-22, 3.09187859754e-22, 4.62429151924e-22, 8.83316610901e-22, 8.14919719846e-22, 1.3141823904e-21, 1.75649783592e-21, 2.24808868902e-21],
        "var": [1.06329665073e-07, 0.00202863570303, 0.000149309853441, 3.44976342603e-06, 8.93160358828e-06, 8.18300634364e-07, 5.76436889332e-07, 5.33776812972e-07, 3.7085564486e-07, 6.07556458476e-08, 1.12077110259e-07, 1.0823109875e-07, 2.19818517166e-07, 3.91448253367e-07, 1.36686878704e-07, 1.29696203999e-07, 3.43570582118e-06, 1.56010366936e-06, 6.67302288093e-07, 2.31969025322e-07, 1.59933733812e-07, 5.78628629455e-08, 9.06777763987e-09, 7.28410443074e-09, 6.79285849792e-10, 3.34264242952e-08, 6.40862276441e-12]
    },
    "erbbands": {
        "dmean": [0.386065423489, 5.97388029099, 9.1755027771, 3.62328934669, 3.7430369854, 4.00183582306, 2.80961108208, 2.90657019615, 4.02638292313, 4.19917583466, 5.57001161575, 5.51726770401, 3.66788840294, 4.09093570709, 5.93585062027, 5.24560689926, 7.23094511032, 10.9564275742, 10.5960969925, 10.5760955811, 12.8737840652, 49.1910667419, 38.7783050537, 18.127696991, 12.6924886703, 8.95238113403, 8.64447116852, 5.67997264862, 4.31165647507, 1.49258613586, 1.10187888145, 0.564242660999, 0.491363465786, 0.146285220981, 0.0686692297459, 0.0667384490371, 0.0644590258598, 0.033175136894, 0.000514819286764, 4.13725465478e-05],
        "dmean2": [0.586621999741, 9.45193195343, 15.8468379974, 6.13916683197, 6.32684326172, 6.78349971771, 4.50440311432, 4.77569770813, 6.51918506622, 6.88660478592, 9.02103424072, 8.86424732208, 5.89637708664, 6.71784162521, 9.68959903717, 8.47782039642, 11.5460319519, 18.1768779755, 17.9377269745, 17.4137992859, 21.3030815125, 82.4929275513, 66.4402618408, 29.8182144165, 21.816904068, 14.8777265549, 14.1309118271, 8.86617851257, 6.93171596527, 2.3685362339, 1.69836294651, 0.836752891541, 0.690737009048, 0.215088769794, 0.102389454842, 0.0964110940695, 0.0967968031764, 0.0526895783842, 0.000811903795693, 6.17456171312e-05],
        "dvar": [0.514356136322, 99.7016983032, 217.483566284, 38.4691352844, 51.3423881531, 103.007858276, 20.6137371063, 33.863609314, 74.7326812744, 83.7244186401, 208.788208008, 139.248855591, 43.7438278198, 71.955039978, 109.57484436, 98.740196228, 168.576431274, 474.388214111, 451.649261475, 487.242523193, 737.910095215, 14014.8701172, 7648.83935547, 2083.10083008, 1180.20239258, 429.877716064, 282.517700195, 129.894897461, 100.134017944, 19.7810897827, 8.5780210495, 2.47835874557, 1.04754030704, 0.106479071081, 0.0317890271544, 0.0307038389146, 0.0498155876994, 0.0190973076969, 4.28273824582e-06, 5.56085444359e-09],
        "dvar2": [1.17075884342, 233.204925537, 614.042419434, 104.297645569, 134.859771729, 276.486633301, 50.9556922913, 88.7646408081, 188.865936279, 218.164550781, 506.049285889, 347.394470215, 105.441703796, 187.836029053, 279.869140625, 250.628036499, 419.745483398, 1253.7911377, 1199.42785645, 1246.04333496, 1984.93188477, 39064.1992188, 20677.6816406, 5348, 3217.25219727, 1033.38793945, 695.904174805, 299.354980469, 271.273498535, 55.1401672363, 22.4366722107, 5.88509321213, 2.08537006378, 0.240045562387, 0.0757741704583, 0.0663960576057, 0.121120266616, 0.0477482378483, 1.07140394903e-05, 1.19626770712e-08],
        "max": [7.97502088547, 89.9746398926, 130.782455444, 78.1106567383, 96.7796401978, 171.062026978, 51.8221054077, 79.5848922729, 140.316665649, 118.119110107, 193.737792969, 205.022491455, 76.1905517578, 100.797218323, 131.170135498, 129.333633423, 151.554870605, 318.095489502, 263.576446533, 326.91583252, 396.626800537, 2344.25170898, 947.174133301, 750.269470215, 408.682189941, 437.936096191, 251.147201538, 138.457458496, 169.036880493, 108.369094849, 65.7434005737, 29.9006881714, 15.6206626892, 4.83167934418, 3.01388502121, 2.45881533623, 3.68241167068, 2.81306815147, 0.0414669401944, 0.00115479249507],
        "mean": [0.505023181438, 7.26818323135, 11.7500858307, 5.18814992905, 4.93543624878, 5.15644931793, 5.04030418396, 4.52602243423, 5.99488162994, 5.96350479126, 8.50338363647, 8.5684261322, 5.78431797028, 5.48803806305, 8.89622879028, 8.10601139069, 12.1377191544, 16.9987487793, 16.2809295654, 13.1071300507, 17.2229652405, 60.0847854614, 44.3610153198, 22.338809967, 15.1306266785, 11.1054611206, 10.972741127, 7.69421434402, 5.55716133118, 2.12976074219, 1.63006067276, 0.780119717121, 0.786273419857, 0.21355484426, 0.0885447263718, 0.0935745388269, 0.0793642476201, 0.0354746319354, 0.000568925344851, 6.66507039568e-05],
        "median": [0.153181865811, 2.47091698647, 4.73989391327, 2.37635731697, 2.01186990738, 1.8939627409, 2.17560982704, 2.57971858978, 1.62703168392, 1.56078052521, 2.58608961105, 4.49648189545, 2.72657585144, 2.53840255737, 4.45312023163, 4.07843255997, 6.92886734009, 7.84841299057, 8.64672851562, 5.79680967331, 8.62549591064, 27.1353034973, 18.452337265, 8.3979101181, 5.58391571045, 4.73360013962, 4.34082460403, 2.79532957077, 2.31868600845, 0.943105816841, 0.613486051559, 0.252970308065, 0.205391988158, 0.0577867217362, 0.0195752773434, 0.0161205679178, 0.00820185616612, 0.00190668541472, 5.60108674108e-05, 3.1504619983e-05],
        "min": [8.88620987358e-22, 5.54889274279e-21, 1.58325374235e-20, 2.14577129401e-20, 4.96402911691e-20, 2.03684656767e-19, 6.91200133161e-19, 6.71357879724e-19, 8.49504718021e-19, 1.22934579681e-18, 1.60111716004e-18, 1.95917128377e-18, 2.11771761217e-18, 4.47991920772e-18, 3.24691489446e-18, 2.96679369553e-18, 3.60136654322e-18, 7.95390572688e-18, 7.41281876406e-18, 1.26283455546e-17, 9.86236939153e-18, 6.30670333638e-18, 8.51858305358e-18, 1.94571657072e-17, 1.38828104485e-17, 1.56186787424e-17, 1.34799858979e-17, 1.25951888469e-17, 1.9209517758e-17, 2.15792495923e-17, 2.42320277429e-17, 1.58933688803e-17, 1.47974240518e-17, 1.48622402702e-17, 9.93510503715e-18, 6.70380255637e-18, 3.35551853901e-18, 1.1928117107e-18, 3.51515209292e-19, 3.24208141964e-20],
        "var": [0.678624212742, 134.369125366, 295.269836426, 54.8424949646, 73.966293335, 108.947509766, 49.1232185364, 43.2715415955, 138.30682373, 113.01676178, 258.42578125, 170.323135376, 66.9369735718, 78.0727462769, 147.550567627, 140.938476562, 250.030456543, 613.65435791, 627.954772949, 496.754699707, 692.259887695, 11780.2285156, 7373.46386719, 2605.79272461, 1042.83825684, 447.703125, 325.185577393, 184.299591064, 93.1103973389, 17.27485466, 9.73740196228, 3.08174562454, 2.34345626831, 0.168806955218, 0.0393373593688, 0.0489080734551, 0.0626853480935, 0.0200501214713, 4.52003450846e-06, 9.38610167367e-09]
    },
    "gfcc": {
        "mean": [-20.0319919586, 90.5541305542, -112.133071899, 60.3912010193, -26.6122341156, 14.6427297592, -22.5381889343, 12.8084993362, -14.6138963699, 4.33807182312, -15.8674459457, 6.42586898804, -15.7569627762],
        "cov": [[8190.92871094, -71.0735473633, -6.06125307083, -98.3221893311, 59.8371887207, 133.004058838, 51.5214080811, 23.270280838, -75.3759918213, 102.981872559, -93.3703384399, 73.2078704834, -49.6915779114], [-71.0735473633, 1152.3951416, -176.452575684, -274.995422363, -216.508422852, -121.69203186, -4.28340959549, -159.290664673, 4.74241638184, -137.76184082, 30.6636753082, -171.087265015, 57.4181060791], [-6.06125307083, -176.452575684, 742.041870117, 9.36044788361, -2.91053462029, 6.3032283783, 0.824178040028, 72.647315979, -1.9644203186, 0.63878184557, 11.5043458939, 0.390049725771, -74.7222061157], [-98.3221893311, -274.995422363, 9.36044788361, 297.164001465, 130.018096924, 29.2226219177, 11.7210226059, 54.4585533142, 30.5726222992, -0.060359004885, 44.4545822144, 26.899274826, -12.8260250092], [59.8371887207, -216.508422852, -2.91053462029, 130.018096924, 199.135070801, 55.5742835999, 46.1081466675, 21.8487110138, 25.2628288269, 31.715719223, 7.34193563461, 53.0823249817, 8.70181655884], [133.004058838, -121.69203186, 6.3032283783, 29.2226219177, 55.5742835999, 115.015480042, 30.2385101318, -4.0383810997, 12.3280887604, 38.5904541016, -13.9107494354, 27.2602233887, 27.2400550842], [51.5214080811, -4.28340959549, 0.824178040028, 11.7210226059, 46.1081466675, 30.2385101318, 77.1024932861, 3.09773898125, 14.9468364716, 9.68109989166, -2.17758250237, 12.0452861786, 11.1707134247], [23.270280838, -159.290664673, 72.647315979, 54.4585533142, 21.8487110138, -4.0383810997, 3.09773898125, 98.3689498901, 6.71847677231, 0.710982859135, 15.8321552277, 9.83091831207, -33.489566803], [-75.3759918213, 4.74241638184, -1.9644203186, 30.5726222992, 25.2628288269, 12.3280887604, 14.9468364716, 6.71847677231, 58.691822052, 11.1718168259, 8.54314804077, 7.3551402092, 8.0440120697], [102.981872559, -137.76184082, 0.63878184557, -0.060359004885, 31.715719223, 38.5904541016, 9.68109989166, 0.710982859135, 11.1718168259, 82.0161514282, -11.5303840637, 33.2610549927, 16.2188968658], [-93.3703384399, 30.6636753082, 11.5043458939, 44.4545822144, 7.34193563461, -13.9107494354, -2.17758250237, 15.8321552277, 8.54314804077, -11.5303840637, 64.3231811523, -4.56816768646, -13.3997926712], [73.2078704834, -171.087265015, 0.390049725771, 26.899274826, 53.0823249817, 27.2602233887, 12.0452861786, 9.83091831207, 7.3551402092, 33.2610549927, -4.56816768646, 82.9386138916, 17.8273563385], [-49.6915779114, 57.4181060791, -74.7222061157, -12.8260250092, 8.70181655884, 27.2400550842, 11.1707134247, -33.489566803, 8.0440120697, 16.2188968658, -13.3997926712, 17.8273563385, 75.6775054932]],
        "icov": [[0.000139530195156, -0.000176607543835, 1.68560309248e-05, -7.58150199545e-05, -3.50270092895e-05, -0.000237262269366, 7.33594561098e-06, -0.000195592423552, 0.00031791740912, -0.00029529913445, 0.000300460727885, -0.000317191297654, 0.000388616550481], [-0.000176607543835, 0.00417009927332, 0.000187416837434, 0.00295576779172, 0.000550417345949, 0.00214559701271, -0.00178641139064, 0.00392388785258, -0.0031806807965, 0.00455543305725, -0.00416707526892, 0.0056501547806, -0.00413643522188], [1.68560309248e-05, 0.000187416837434, 0.00158799206838, 0.000312458490953, 0.000178929054528, -0.000433429027908, -0.000169663966517, -0.000611730560195, -0.000161340882187, 0.000155666988576, -0.000207479097298, 4.562900358e-05, 0.00131584820338], [-7.58150199545e-05, 0.00295576779172, 0.000312458490953, 0.00813531782478, -0.00345606962219, 0.000484525284264, 0.000526338932104, 0.000610169547144, -0.00355346966535, 0.00463733263314, -0.00581829249859, 0.00416878145188, -0.00281815323979], [-3.50270092895e-05, 0.000550417345949, 0.000178929054528, -0.00345606962219, 0.0101568931714, -0.00133271934465, -0.00435025570914, 0.00104844011366, -0.000989850377664, -0.000539628439583, 0.000118155410746, -0.00307272048667, 0.000533862097654], [-0.000237262269366, 0.00214559701271, -0.000433429027908, 0.000484525284264, -0.00133271934465, 0.0142382262275, -0.00378174171783, 0.00254743499681, -0.00173746817745, -0.00173070398159, -0.000182474046596, 0.00293927802704, -0.00558491423726], [7.33594561098e-06, -0.00178641139064, -0.000169663966517, 0.000526338932104, -0.00435025570914, -0.00378174171783, 0.0176176372916, -0.0026555696968, -0.00158958975226, -0.000546136463527, 0.00151722168084, -0.0017040889943, 0.000323726853821], [-0.000195592423552, 0.00392388785258, -0.000611730560195, 0.000610169547144, 0.00104844011366, 0.00254743499681, -0.0026555696968, 0.0179328154773, -0.00389366527088, 0.00366774969734, -0.00478407787159, 0.00305965566076, 0.00174409209285], [0.00031791740912, -0.0031806807965, -0.000161340882187, -0.00355346966535, -0.000989850377664, -0.00173746817745, -0.00158958975226, -0.00389366527088, 0.0224929694086, -0.00601073913276, 0.00100035429932, -0.00353983347304, 0.00101958983578], [-0.00029529913445, 0.00455543305725, 0.000155666988576, 0.00463733263314, -0.000539628439583, -0.00173070398159, -0.000546136463527, 0.00366774969734, -0.00601073913276, 0.0221407245845, -0.00331537635066, 0.001328245271, -0.00532797304913], [0.000300460727885, -0.00416707526892, -0.000207479097298, -0.00581829249859, 0.000118155410746, -0.000182474046596, 0.00151722168084, -0.00478407787159, 0.00100035429932, -0.00331537635066, 0.0233188420534, -0.00538062397391, 0.00587967596948], [-0.000317191297654, 0.0056501547806, 4.562900358e-05, 0.00416878145188, -0.00307272048667, 0.00293927802704, -0.0017040889943, 0.00305965566076, -0.00353983347304, 0.001328245271, -0.00538062397391, 0.0250761490315, -0.00961103104055], [0.000388616550481, -0.00413643522188, 0.00131584820338, -0.00281815323979, 0.000533862097654, -0.00558491423726, 0.000323726853821, 0.00174409209285, 0.00101958983578, -0.00532797304913, 0.00587967596948, -0.00961103104055, 0.0244407244027]]
    },
    "melbands": {
        "dmean": [0.00516984798014, 0.00603943737224, 0.000618734396994, 0.000298817321891, 0.000102850775875, 6.58946228214e-05, 5.97528742219e-05, 5.07251097588e-05, 4.68925354653e-05, 3.33622192557e-05, 1.84978343896e-05, 1.62245360116e-05, 2.11888964259e-05, 1.80426031875e-05, 1.42599110404e-05, 1.94866388483e-05, 2.15126674448e-05, 2.04671014217e-05, 1.36912558446e-05, 1.27221492221e-05, 1.45653548316e-05, 4.75979031762e-05, 4.99566958752e-05, 2.69424217549e-05, 1.41831251312e-05, 9.82949586614e-06, 1.0137398931e-05, 4.76683590023e-06, 5.65802884012e-06, 4.83592748424e-06, 3.16207115247e-06, 3.0401913591e-06, 1.44066757457e-06, 6.19671823188e-07, 6.84331553202e-07, 4.9186456863e-07, 3.09393527687e-07, 3.11800135933e-07, 3.19301534546e-07, 9.26865553197e-08],
        "dmean2": [0.00793071556836, 0.0100565776229, 0.00103877717629, 0.000505345291458, 0.000166390091181, 0.000107273910544, 9.672572196e-05, 8.22559450171e-05, 7.54410357331e-05, 5.36864099558e-05, 2.98897411994e-05, 2.66863080469e-05, 3.47900022462e-05, 2.92974273179e-05, 2.28311619139e-05, 3.16710975312e-05, 3.57714634447e-05, 3.47728382621e-05, 2.26574666158e-05, 2.07402772503e-05, 2.45298506343e-05, 7.95884188847e-05, 8.60713989823e-05, 4.4946300477e-05, 2.35102161241e-05, 1.67533398781e-05, 1.74770484591e-05, 7.9327946878e-06, 9.36378455663e-06, 7.94748757471e-06, 4.88846444568e-06, 4.97808969158e-06, 2.33976288655e-06, 9.99834128379e-07, 1.07382072656e-06, 7.59610088608e-07, 4.63984406451e-07, 4.46681639232e-07, 4.62495734155e-07, 1.47786593629e-07],
        "dvar": [7.97451139078e-05, 9.46677173488e-05, 1.07945049876e-06, 4.74095429581e-07, 3.21031841111e-08, 1.56367967463e-08, 1.58975748121e-08, 1.2583964093e-08, 1.3464662274e-08, 4.62414950775e-09, 1.10751352533e-09, 1.16790954685e-09, 1.78132775197e-09, 1.23745758085e-09, 5.91290294505e-10, 1.40227396361e-09, 1.93343696608e-09, 1.73547420879e-09, 6.67102040275e-10, 6.25786533703e-10, 1.13549403213e-09, 1.39820501843e-08, 1.34483668646e-08, 3.12601611263e-09, 1.45100664817e-09, 7.03030356153e-10, 6.30933916224e-10, 1.24140295266e-10, 1.26929786126e-10, 9.1138173397e-11, 5.16771243853e-11, 5.12725729929e-11, 1.56545835323e-11, 3.55117020859e-12, 3.05503907762e-12, 2.12083475781e-12, 6.26242438982e-13, 3.89593820529e-13, 5.0781400569e-13, 5.66478287889e-14],
        "dvar2": [0.00017718905292, 0.000247541087447, 2.8881693197e-06, 1.24915811739e-06, 8.07555053939e-08, 4.04448528002e-08, 4.01589730359e-08, 3.20867030723e-08, 3.19972421892e-08, 1.15718234994e-08, 2.68804023484e-09, 3.06023939523e-09, 4.69280347914e-09, 3.11596237701e-09, 1.43491363236e-09, 3.51208506721e-09, 5.14991915779e-09, 4.6657939734e-09, 1.63672420062e-09, 1.66431146642e-09, 3.11973846756e-09, 3.94476344923e-08, 3.64410013276e-08, 8.41916047989e-09, 3.70299746422e-09, 1.92623295092e-09, 1.65712576994e-09, 2.9063509932e-10, 3.17370574265e-10, 2.21057158689e-10, 1.16004282569e-10, 1.39795924836e-10, 4.3261574878e-11, 9.90884024138e-12, 7.94884297273e-12, 5.35289911355e-12, 1.47113419537e-12, 8.05949003282e-13, 1.0296908725e-12, 1.42541211581e-13],
        "max": [0.0840046033263, 0.0907283946872, 0.0141274500638, 0.0117075070739, 0.00225428515114, 0.00172939896584, 0.00185905606486, 0.00162804231513, 0.00161720253527, 0.00109802244697, 0.00037925268407, 0.000401944475016, 0.000610373564996, 0.000460989103885, 0.000239069995587, 0.000473406835226, 0.000733025895897, 0.000574622070417, 0.000289423071081, 0.000392744113924, 0.000597318052314, 0.00230819080025, 0.00159515743144, 0.000723966630176, 0.000693749461789, 0.000404460850405, 0.000356437201845, 0.00025193291367, 0.000172375817783, 0.000115757342428, 9.89350446616e-05, 0.000114903028589, 6.69937508064e-05, 4.85068630951e-05, 3.71429305233e-05, 3.10859759338e-05, 1.38969553518e-05, 9.52314803726e-06, 1.07322357508e-05, 3.78409572477e-06],
        "mean": [0.00658076675609, 0.00772524112836, 0.000930431822781, 0.000400585879106, 0.000176063796971, 0.00010911206482, 8.68318820721e-05, 6.94963237038e-05, 7.51938496251e-05, 5.18264860148e-05, 2.84966936306e-05, 2.12310114875e-05, 2.97342066915e-05, 2.66683327936e-05, 2.2704467483e-05, 3.0307641282e-05, 3.23691347148e-05, 3.08924609271e-05, 1.70933926711e-05, 1.67847501871e-05, 1.80762508535e-05, 5.87190043007e-05, 5.18809756613e-05, 3.32661438733e-05, 1.63640488609e-05, 1.17316712931e-05, 1.15265274871e-05, 5.82640632274e-06, 6.98236090102e-06, 5.74034902456e-06, 4.24334712079e-06, 3.66300673704e-06, 1.80952793016e-06, 8.68836252721e-07, 9.93752564682e-07, 6.48400714454e-07, 4.0381320332e-07, 4.84832071379e-07, 4.94142170737e-07, 9.98860514301e-08],
        "median": [0.00205472833477, 0.00313162105158, 0.000428451283369, 0.000144263263792, 7.97660031822e-05, 6.01616447966e-05, 2.41016514337e-05, 1.65047640621e-05, 2.56493585766e-05, 2.84033085336e-05, 1.32046807266e-05, 9.4938905022e-06, 1.43945226228e-05, 1.01417135738e-05, 1.17671534099e-05, 1.3517298612e-05, 1.43463976201e-05, 1.61214975378e-05, 6.08358141108e-06, 8.95746507013e-06, 8.454007002e-06, 2.75458933174e-05, 1.95341963263e-05, 1.5014681594e-05, 5.04090257891e-06, 3.67986308447e-06, 3.8711345951e-06, 2.40411441155e-06, 2.71802605312e-06, 2.04203024623e-06, 1.30625824113e-06, 1.44415548675e-06, 7.38522828669e-07, 3.448675443e-07, 3.77121665451e-07, 2.09720141697e-07, 1.2250197301e-07, 1.38175551001e-07, 1.01941537878e-07, 2.13327417953e-08],
        "min": [7.7801880094e-24, 7.80198818051e-24, 4.80832139306e-24, 7.30852649644e-24, 2.12138313153e-23, 1.62942312308e-23, 1.33788837373e-23, 1.57154660728e-23, 1.27278739087e-23, 1.18213315225e-23, 9.66414404552e-24, 1.72912188864e-23, 1.0424595703e-23, 8.21577412429e-24, 7.358216056e-24, 8.91076215951e-24, 1.52602696646e-23, 1.01472243201e-23, 1.59733021042e-23, 1.94628314739e-23, 1.00953243723e-23, 7.95907247485e-24, 4.4763564968e-24, 1.00902583075e-23, 1.68920789342e-23, 1.04074663773e-23, 1.00403802102e-23, 1.04005677887e-23, 7.72527855723e-24, 8.71962983965e-24, 6.67093124752e-24, 1.30615021182e-23, 6.69773989652e-24, 1.46143645549e-23, 1.60463238027e-23, 8.52287609697e-24, 1.01350056535e-23, 1.01297605174e-23, 9.83054715373e-24, 1.35674609367e-23],
        "var": [0.000112288464152, 0.000123830381199, 1.70746193362e-06, 6.20624575731e-07, 6.05893504257e-08, 2.39464714724e-08, 2.78337051185e-08, 1.68306506509e-08, 1.81340666927e-08, 5.7409481613e-09, 1.66651026312e-09, 1.23250731843e-09, 1.94498572803e-09, 1.89826243613e-09, 9.26095256037e-10, 2.32252039822e-09, 2.416569167e-09, 2.58423726862e-09, 7.97670596242e-10, 5.90842763604e-10, 9.68984115168e-10, 1.13453699768e-08, 1.16396137173e-08, 3.47556028402e-09, 1.85211890269e-09, 6.90426438243e-10, 5.59663648758e-10, 1.33465863361e-10, 1.37515998588e-10, 1.1237145936e-10, 7.73201433435e-11, 4.52970924658e-11, 1.37349506768e-11, 3.09605162688e-12, 3.55970309653e-12, 2.28044926692e-12, 8.09763822836e-13, 8.12272016142e-13, 1.10216675196e-12, 5.74087354261e-14]
    },
    "mfcc": {
        "mean": [-663.805969238, 116.633827209, -10.8743314743, 52.9033050537, 17.9369449615, 18.9081802368, 6.34882259369, 16.1389598846, 6.90035772324, 3.29388594627, 6.61266326904, 10.7449378967, -5.15874433517],
        "cov": [[6914.04980469, 121.202072144, -204.205322266, -63.9087867737, -67.0073471069, 119.405799866, 55.6077957153, -5.68979930878, 64.4712371826, -35.0878829956, 45.3602600098, 85.4063110352, -107.382652283], [121.202072144, 1009.14007568, 49.3641548157, -217.830932617, -202.046081543, -76.1916351318, -66.5726470947, -114.157302856, -25.9951248169, -46.8135185242, -70.6741333008, -0.930111050606, -56.3962593079], [-204.205322266, 49.3641548157, 567.754577637, -2.28027367592, 33.3587303162, -83.5457000732, 29.1196498871, 22.84491539, -46.9550971985, 48.5602798462, -5.40271472931, 6.78520011902, 50.4263801575], [-63.9087867737, -217.830932617, -2.28027367592, 228.435089111, 100.626441956, 2.83861303329, 30.8809814453, 73.9604034424, -30.6759414673, 47.186756134, 18.6081161499, -4.60587739944, 48.3731994629], [-67.0073471069, -202.046081543, 33.3587303162, 100.626441956, 145.67401123, 35.0230140686, 29.4356307983, 46.9968147278, 4.69262075424, 23.7157821655, 20.0242538452, 7.49613952637, 26.3717098236], [119.405799866, -76.1916351318, -83.5457000732, 2.83861303329, 35.0230140686, 180.116363525, 9.75558853149, -9.87544536591, 73.6128540039, -28.7925853729, 14.0897169113, 12.9720392227, -37.1201705933], [55.6077957153, -66.5726470947, 29.1196498871, 30.8809814453, 29.4356307983, 9.75558853149, 77.8998641968, 26.0824775696, -0.498502284288, 14.4412097931, 10.1176691055, 3.76170706749, 12.2649097443], [-5.68979930878, -114.157302856, 22.84491539, 73.9604034424, 46.9968147278, -9.87544536591, 26.0824775696, 99.9819564819, -18.4789237976, 28.0101413727, 14.2954702377, 0.77374535799, 26.5705509186], [64.4712371826, -25.9951248169, -46.9550971985, -30.6759414673, 4.69262075424, 73.6128540039, -0.498502284288, -18.4789237976, 113.038421631, -28.5123500824, 7.66539430618, 12.740070343, -32.7652015686], [-35.0878829956, -46.8135185242, 48.5602798462, 47.186756134, 23.7157821655, -28.7925853729, 14.4412097931, 28.0101413727, -28.5123500824, 83.2325439453, 8.23157310486, -2.38732051849, 25.899187088], [45.3602600098, -70.6741333008, -5.40271472931, 18.6081161499, 20.0242538452, 14.0897169113, 10.1176691055, 14.2954702377, 7.66539430618, 8.23157310486, 57.5452003479, 3.15261244774, 1.52424025536], [85.4063110352, -0.930111050606, 6.78520011902, -4.60587739944, 7.49613952637, 12.9720392227, 3.76170706749, 0.77374535799, 12.740070343, -2.38732051849, 3.15261244774, 49.9257926941, -0.346561819315], [-107.382652283, -56.3962593079, 50.4263801575, 48.3731994629, 26.3717098236, -37.1201705933, 12.2649097443, 26.5705509186, -32.7652015686, 25.899187088, 1.52424025536, -0.346561819315, 79.0054855347]],
