{
"lowlevel": {
    "average_loudness": 0.924333631992,
    "barkbands_crest": {
        "dmean": 2.83177161217,
        "dmean2": 4.72996759415,
        "dvar": 7.50337076187,
        "dvar2": 19.6302967072,
        "max": 26.5496788025,
        "mean": 14.3453931808,
        "median": 13.6619148254,
        "min": 4.60365867615,
        "var": 25.3011112213
    },
    "barkbands_flatness_db": {
        "dmean": 0.0301848053932,
        "dmean2": 0.0489547550678,
        "dvar": 0.000807881355286,
        "dvar2": 0.0018924032338,
        "max": 0.523954868317,
        "mean": 0.336381107569,
        "median": 0.333495557308,
        "min": 0.0782809183002,
        "var": 0.00330035481602
    },
    "barkbands_kurtosis": {
        "dmean": 4.6710729599,
        "dmean2": 7.72024965286,
        "dvar": 95.5157318115,
        "dvar2": 255.955490112,
        "max": 224.134414673,
        "mean": 8.8548116684,
        "median": 4.25461387634,
        "min": -1.71791684628,
        "var": 243.28414917
    },
    "barkbands_skewness": {
        "dmean": 0.774563312531,
        "dmean2": 1.20848941803,
        "dvar": 0.702227830887,
        "dvar2": 1.76496183872,
        "max": 7.96089839935,
        "mean": -0.114471338689,
        "median": 0.144448980689,
        "min": -9.39479160309,
        "var": 2.73971104622
    },
    "barkbands_spread": {
        "dmean": 1.31653904915,
        "dmean2": 2.15916800499,
        "dvar": 2.73760485649,
        "dvar2": 6.80362701416,
        "max": 23.4606704712,
        "mean": 4.06861352921,
        "median": 3.45927405357,
        "min": 0.144007250667,
        "var": 8.74226570129
    },
    "dissonance": {
        "dmean": 0.0645095407963,
        "dmean2": 0.108687013388,
        "dvar": 0.00338537944481,
        "dvar2": 0.00928536336869,
        "max": 0.498146116734,
        "mean": 0.332962304354,
        "median": 0.336864441633,
        "min": 0.0566842891276,
        "var": 0.00703686475754
    },
    "dynamic_complexity": 3.09468388557,
    "erbbands_crest": {
        "dmean": 3.15789270401,
        "dmean2": 5.24267911911,
        "dvar": 12.1528205872,
        "dvar2": 30.9206523895,
        "max": 33.5277709961,
        "mean": 18.2598438263,
        "median": 17.7896995544,
        "min": 2.62922906876,
        "var": 52.9294624329
    },
    "erbbands_flatness_db": {
        "dmean": 0.0272777397186,
        "dmean2": 0.0426531136036,
        "dvar": 0.000717589224223,
        "dvar2": 0.0015961707104,
        "max": 0.559457182884,
        "mean": 0.383913636208,
        "median": 0.378220260143,
        "min": 0.105090908706,
        "var": 0.0043264455162
    },
    "erbbands_kurtosis": {
        "dmean": 5.17123889923,
        "dmean2": 8.22779464722,
        "dvar": 75.6580047607,
        "dvar2": 189.365814209,
        "max": 113.44480896,
        "mean": 11.392701149,
        "median": 4.91540431976,
        "min": -1.70064556599,
        "var": 253.185623169
    },
    "erbbands_skewness": {
        "dmean": 0.656414210796,
        "dmean2": 1.03560781479,
        "dvar": 0.507527053356,
        "dvar2": 1.29206311703,
        "max": 6.84656476974,
        "mean": 1.08589351177,
        "median": 1.09991955757,
        "min": -3.69607949257,
        "var": 1.88004851341
    },
    "erbbands_spread": {
        "dmean": 1.90155553818,
        "dmean2": 2.97781324387,
        "dvar": 8.09078025818,
        "dvar2": 18.5253658295,
        "max": 37.6135025024,
        "mean": 6.17049741745,
        "median": 5.06739664078,
        "min": 0.251037448645,
        "var": 26.8843727112
    },
    "hfc": {
        "dmean": 4.42859172821,
        "dmean2": 6.91894626617,
        "dvar": 46.8214035034,
        "dvar2": 111.554916382,
        "max": 132.820617676,
        "mean": 12.0124006271,
        "median": 9.08280944824,
        "min": 1.26976975352e-16,
        "var": 153.910217285
    },
    "melbands_crest": {
        "dmean": 3.30336785316,
        "dmean2": 5.51948928833,
        "dvar": 10.7692565918,
        "dvar2": 28.4761657715,
        "max": 34.6383285522,
        "mean": 17.5020484924,
        "median": 16.1401023865,
        "min": 1.71522200108,
        "var": 44.0282821655
    },
    "melbands_flatness_db": {
        "dmean": 0.0311808977276,
        "dmean2": 0.0495459027588,
        "dvar": 0.000959169177804,
        "dvar2": 0.00209228089079,
        "max": 0.590810537338,
        "mean": 0.41403439641,
        "median": 0.41240260005,
        "min": 0.00567919015884,
        "var": 0.00344795850106
    },
    "melbands_kurtosis": {
        "dmean": 4.11628627777,
        "dmean2": 6.7439827919,
        "dvar": 35.3954925537,
        "dvar2": 87.9101104736,
        "max": 103.893577576,
        "mean": 7.79588317871,
        "median": 4.1468963623,
        "min": -1.82613790035,
        "var": 130.305175781
    },
    "melbands_skewness": {
        "dmean": 0.717295765877,
        "dmean2": 1.11874091625,
        "dvar": 0.563977718353,
        "dvar2": 1.32151091099,
        "max": 5.9354467392,
        "mean": -0.0590703301132,
        "median": 0.224274232984,
        "min": -6.19737815857,
        "var": 2.81498742104
    },
    "melbands_spread": {
        "dmean": 2.19536280632,
        "dmean2": 3.61029863358,
        "dvar": 11.3874282837,
        "dvar2": 23.181470871,
        "max": 110.914039612,
        "mean": 6.60882663727,
        "median": 5.54595422745,
        "min": 0.281354427338,
        "var": 26.1086864471
    },
    "pitch_salience": {
        "dmean": 0.0757860019803,
        "dmean2": 0.127963587642,
        "dvar": 0.006088915281,
        "dvar2": 0.0161379128695,
        "max": 0.981700599194,
        "mean": 0.488369554281,
        "median": 0.497848361731,
        "min": 0.0700892582536,
        "var": 0.0195139739662
    },
    "silence_rate_20dB": {
        "dmean": 0,
        "dmean2": 0,
        "dvar": 0,
        "dvar2": 0,
        "max": 1,
        "mean": 1,
        "median": 1,
        "min": 1,
        "var": 0
    },
    "silence_rate_30dB": {
        "dmean": 0.00103092787322,
        "dmean2": 0.00206291908398,
        "dvar": 0.00102987408172,
        "dvar2": 0.00309015484527,
        "max": 1,
        "mean": 0.999484777451,
        "median": 1,
        "min": 0,
        "var": 0.000514908751938
    },
    "silence_rate_60dB": {
        "dmean": 0.0360824726522,
        "dmean2": 0.0716864392161,
        "dvar": 0.034779895097,
        "dvar2": 0.0892421081662,
        "max": 1,
        "mean": 0.0731581673026,
        "median": 0,
        "min": 0,
        "var": 0.0678081288934
    },
    "spectral_centroid": {
        "dmean": 56.0222663879,
        "dmean2": 85.2429122925,
        "dvar": 48392.15625,
        "dvar2": 47052.6289062,
        "max": 11031.8974609,
        "mean": 591.330810547,
        "median": 595.014709473,
        "min": 237.671264648,
        "var": 81276.09375
    },
    "spectral_complexity": {
        "dmean": 1.617010355,
        "dmean2": 2.63073754311,
        "dvar": 4.98373603821,
        "dvar2": 11.3025712967,
        "max": 26,
        "mean": 7.14631652832,
        "median": 7,
        "min": 0,
        "var": 10.8461885452
    },
    "spectral_decrease": {
        "dmean": 1.81871895322e-09,
        "dmean2": 2.88178747532e-09,
        "dvar": 6.54461454262e-18,
        "dvar2": 1.59897734719e-17,
        "max": 6.74410532161e-29,
        "mean": -5.14283637898e-09,
        "median": -4.40968461746e-09,
        "min": -3.99611259638e-08,
        "var": 1.93497066739e-17
    },
    "spectral_energy": {
        "dmean": 0.00725782848895,
        "dmean2": 0.0114892190322,
        "dvar": 0.000104799612018,
        "dvar2": 0.000255632097833,
        "max": 0.162869751453,
        "mean": 0.0204998068511,
        "median": 0.017560750246,
        "min": 1.12626335344e-20,
        "var": 0.000311862502713
    },
    "spectral_energyband_high": {
        "dmean": 2.18645459427e-06,
        "dmean2": 3.75641820938e-06,
        "dvar": 1.10884919302e-10,
        "dvar2": 3.00204028303e-10,
        "max": 0.000184802760486,
        "mean": 2.03938930099e-06,
        "median": 5.30729380444e-07,
        "min": 7.90527544908e-21,
        "var": 7.67269997537e-11
    },
    "spectral_energyband_low": {
        "dmean": 0.000575989542995,
        "dmean2": 0.000973216141574,
        "dvar": 1.6289955056e-06,
        "dvar2": 4.14417809225e-06,
        "max": 0.0188199058175,
        "mean": 0.000885107670911,
        "median": 0.000458084134152,
        "min": 5.55485115436e-23,
        "var": 2.20390211325e-06
    },
    "spectral_energyband_middle_high": {
        "dmean": 0.00197391700931,
        "dmean2": 0.00327374716289,
        "dvar": 2.26769479923e-05,
        "dvar2": 5.96756908635e-05,
        "max": 0.110264159739,
        "mean": 0.00358323799446,
        "median": 0.0013120585354,
        "min": 1.94092841636e-21,
        "var": 5.09960118507e-05
    },
    "spectral_energyband_middle_low": {
        "dmean": 0.00629709940404,
        "dmean2": 0.00997460074723,
        "dvar": 6.73891481711e-05,
        "dvar2": 0.000162088967045,
        "max": 0.0896201431751,
        "mean": 0.0176214482635,
        "median": 0.0155414761975,
        "min": 2.19902184364e-22,
        "var": 0.000248180207564
    },
    "spectral_entropy": {
        "dmean": 0.293252944946,
        "dmean2": 0.467605769634,
        "dvar": 0.0937767401338,
        "dvar2": 0.209780916572,
        "max": 9.79184532166,
        "mean": 5.6856637001,
        "median": 5.67828702927,
        "min": 3.86721539497,
        "var": 0.307340443134
    },
    "spectral_flux": {
        "dmean": 0.0257361847907,
        "dmean2": 0.0428288206458,
        "dvar": 0.000938889221288,
        "dvar2": 0.00210905168205,
        "max": 0.247340083122,
        "mean": 0.0571246780455,
        "median": 0.0454797707498,
        "min": 1.0612555279e-10,
        "var": 0.00151977268979
    },
    "spectral_kurtosis": {
        "dmean": 22.3882369995,
        "dmean2": 37.0394515991,
        "dvar": 362.816772461,
        "dvar2": 924.692260742,
        "max": 192.850631714,
        "mean": 55.4786224365,
        "median": 48.2819099426,
        "min": -1.20482361317,
        "var": 1144.0390625
    },
    "spectral_rms": {
        "dmean": 0.000802485796157,
        "dmean2": 0.0012519712327,
        "dvar": 8.45453143938e-07,
        "dvar2": 1.96017094822e-06,
        "max": 0.0126054482535,
        "mean": 0.00409368099645,
        "median": 0.00413913512602,
        "min": 3.31480546137e-12,
        "var": 3.24156394527e-06
    },
    "spectral_rolloff": {
        "dmean": 67.4407958984,
        "dmean2": 112.651870728,
        "dvar": 157681.203125,
        "dvar2": 159141.671875,
        "max": 18906.1523438,
        "mean": 716.720703125,
        "median": 753.662109375,
        "min": 150.732421875,
        "var": 204643.390625
    },
    "spectral_skewness": {
        "dmean": 1.31939685345,
        "dmean2": 2.1692211628,
        "dvar": 1.1391980648,
        "dvar2": 2.88198781013,
        "max": 11.8313903809,
        "mean": 5.34428548813,
        "median": 5.12018585205,
        "min": 0.0173698738217,
        "var": 3.80136346817
    },
    "spectral_spread": {
        "dmean": 387528.71875,
        "dmean2": 661059.75,
        "dvar": 660496121856,
        "dvar2": 1.01778692506e+12,
        "max": 40788912,
        "mean": 1418005.875,
        "median": 1287687.75,
        "min": 463253.34375,
        "var": 1.57839746662e+12
    },
    "spectral_strongpeak": {
        "dmean": 0.608706772327,
        "dmean2": 0.968459904194,
        "dvar": 0.501597702503,
        "dvar2": 1.15589702129,
        "max": 8.03182601929,
        "mean": 1.9161875248,
        "median": 1.52569699287,
        "min": 0,
        "var": 2.30490803719
    },
    "zerocrossingrate": {
        "dmean": 0.0022118636407,
        "dmean2": 0.0026841617655,
        "dvar": 0.000128184226924,
        "dvar2": 0.000141458498547,
        "max": 0.5009765625,
        "mean": 0.0268876682967,
        "median": 0.02685546875,
        "min": 0.0078125,
        "var": 0.000162732219906
    },
    "barkbands": {
        "dmean": [5.63140565646e-05, 0.000281212531263, 0.000244238268351, 0.00033235544106, 0.00128218613099, 0.001262686681, 0.000580252555665, 0.00222025206313, 0.00126642454416, 0.00200881040655, 0.000460183800897, 0.000129660751554, 5.83018918405e-05, 5.09814890393e-05, 3.70177767763e-05, 5.94911871303e-05, 3.606066457e-05, 1.3878208847e-05, 8.84058408701e-06, 3.35743538926e-06, 9.13218229925e-07, 2.42507951498e-07, 8.39049647539e-08, 3.50644029368e-08, 1.57659378885e-08, 3.74328346098e-09, 8.80192307928e-10],
        "dmean2": [9.5023700851e-05, 0.000497634289786, 0.000391381938243, 0.000586787879001, 0.00211487011984, 0.00204098643735, 0.000960083445534, 0.0032959911041, 0.00202300515957, 0.00340846297331, 0.000711449771188, 0.000203477844479, 8.89582515811e-05, 9.20770035009e-05, 5.97005273448e-05, 9.26746870391e-05, 6.23315063422e-05, 2.31603498833e-05, 1.54391818796e-05, 5.72694852963e-06, 1.62410822213e-06, 4.29378502531e-07, 1.43931089269e-07, 5.83735939585e-08, 2.65833790536e-08, 6.47061870751e-09, 1.556236362e-09],
        "dvar": [6.38784625195e-09, 1.52328908598e-07, 7.5638627095e-07, 6.68635891543e-07, 6.44314559395e-06, 8.92520893103e-06, 3.43191618413e-06, 1.34461661219e-05, 1.11033659778e-05, 2.45393075602e-05, 3.9126334741e-06, 2.9681220326e-07, 7.11668164399e-08, 8.38487324017e-08, 2.45960087852e-08, 7.04992544343e-08, 2.4768974427e-08, 3.41078565391e-09, 1.32192179425e-09, 3.5470332227e-10, 1.88639485976e-11, 7.76058633589e-13, 3.85115252405e-14, 3.69690579148e-15, 7.17580054892e-16, 5.47113569144e-17, 3.49442656568e-18],
        "dvar2": [1.58433213215e-08, 4.86146916501e-07, 1.77426124992e-06, 1.8309939378e-06, 1.60242889251e-05, 2.32492384384e-05, 7.82786719355e-06, 2.82107776002e-05, 2.24165396503e-05, 6.83726611896e-05, 7.46370960769e-06, 6.53507186144e-07, 1.3769169982e-07, 2.59186748508e-07, 5.13027487159e-08, 1.30684469468e-07, 6.24933633731e-08, 9.03900332361e-09, 3.67522257072e-09, 9.26435872461e-10, 5.29846479191e-11, 2.12231209169e-12, 1.0427424847e-13, 9.85041465306e-15, 1.86088945699e-15, 1.52066104485e-16, 6.20737259329e-18],
        "max": [0.00103147374466, 0.00354124815203, 0.0139159057289, 0.00699441693723, 0.0258835349232, 0.0557377710938, 0.0482973083854, 0.0807566121221, 0.0729533135891, 0.112178757787, 0.0468864999712, 0.012040800415, 0.0107538709417, 0.00766764534637, 0.00371214933693, 0.00476750684902, 0.00288105243817, 0.000859722204041, 0.000542225432582, 0.0003120645124, 6.85594131937e-05, 1.35921945912e-05, 2.20265610551e-06, 8.01492660685e-07, 3.82772071816e-07, 1.31047983132e-07, 8.56413748807e-08],
        "mean": [6.50101064821e-05, 0.000413827045122, 0.000306204863591, 0.000348967238097, 0.00191443960648, 0.00261609395966, 0.000982792349532, 0.00529888411984, 0.00346595211886, 0.00367604591884, 0.000890972616617, 0.000194084015675, 7.87126846262e-05, 5.60011139896e-05, 4.67520876555e-05, 8.77008351381e-05, 3.14242352033e-05, 1.3883273823e-05, 8.03586499387e-06, 2.85502096631e-06, 7.45770933008e-07, 2.49837341926e-07, 1.16405750816e-07, 5.76750736059e-08, 2.45858533532e-08, 3.91499899166e-09, 8.33719759896e-10],
        "median": [2.9797804018e-05, 0.000213473831536, 5.3993146139e-05, 6.47158231004e-05, 0.000505644711666, 0.000132890636451, 8.02938229754e-05, 0.00320143252611, 0.000571832642891, 0.00125392642803, 7.4183975812e-05, 2.32480670093e-05, 9.58845703281e-06, 1.04456812551e-05, 9.72077759798e-06, 4.00927183364e-06, 2.59573630501e-06, 7.10020117367e-07, 4.69523399715e-07, 2.61624904851e-07, 1.57808443646e-07, 1.04978035154e-07, 6.69395205932e-08, 3.56049696393e-08, 1.51151446914e-08, 1.69406388917e-09, 3.08450126552e-10],
        "min": [1.70409969404e-23, 1.6413068393e-23, 8.48265207942e-24, 2.82933546464e-23, 2.54971772144e-23, 1.73067468244e-23, 1.29538131383e-23, 7.43686249058e-23, 3.60452193939e-23, 1.2867550725e-22, 5.68521641429e-23, 7.01760816301e-23, 1.65500569291e-22, 1.2260440848e-22, 1.5951311502e-22, 1.46582220658e-22, 2.2199606102e-22, 2.86926482687e-22, 3.1566081058e-22, 4.01719956515e-22, 4.02058750186e-22, 4.82084536457e-22, 5.55596022968e-22, 8.89452307913e-22, 1.17424780593e-21, 1.87254323831e-21, 2.64048006872e-21],
        "var": [1.06241166975e-08, 2.60536239693e-07, 1.03549791675e-06, 6.68572965878e-07, 1.00746192402e-05, 2.9279908631e-05, 1.10048858915e-05, 5.45789844182e-05, 9.58147575147e-05, 5.3620118706e-05, 1.29442842081e-05, 6.02397904004e-07, 1.4499902079e-07, 8.99363499229e-08, 4.47691697048e-08, 1.64099418498e-07, 2.07662651519e-08, 2.69535904707e-09, 8.71007932446e-10, 2.57474236376e-10, 1.16412591372e-11, 5.30821426311e-13, 3.34430833721e-14, 4.71454938552e-15, 9.43250913744e-16, 5.57607083133e-17, 6.07942264178e-18]
    },
    "erbbands": {
        "dmean": [0.0127128269523, 0.0534330718219, 0.21734637022, 0.692065417767, 2.51165270805, 4.64295291901, 7.49943399429, 9.1185798645, 10.9745130539, 15.6251926422, 52.2744941711, 31.0034980774, 77.1516647339, 21.897901535, 11.0499315262, 4.26775598526, 2.73195433617, 2.81865859032, 1.74513494968, 2.44731426239, 3.11000323296, 1.50579321384, 0.907451629639, 0.457587152719, 0.39343637228, 0.161906421185, 0.056028265506, 0.0254075247794, 0.010271191597, 0.00420418893918, 0.0021656982135, 0.000974241876975, 0.000489105295856, 0.000228246761253, 9.19883750612e-05, 3.30320290232e-05, 4.03152898798e-06, 9.37517029342e-07, 3.55582255906e-06, 8.27531857794e-06],
        "dmean2": [0.0228455159813, 0.0921915993094, 0.345095664263, 1.21139168739, 4.11174869537, 7.69078302383, 12.6697788239, 14.3789768219, 16.7846870422, 25.0509185791, 76.4579925537, 49.7200126648, 129.643371582, 35.6442146301, 17.0758743286, 6.49091815948, 4.27934503555, 5.03388595581, 2.95786237717, 3.93474602699, 4.81450414658, 2.54194140434, 1.50832271576, 0.794740915298, 0.675142765045, 0.275265663862, 0.0975989699364, 0.0439792051911, 0.0181307978928, 0.00731853023171, 0.00371625763364, 0.00163995940238, 0.000822332629468, 0.000382929458283, 0.000155453162733, 5.59488544241e-05, 6.56091378914e-06, 1.49374284319e-06, 5.59382624488e-06, 1.30840762722e-05],
        "dvar": [0.000322177569615, 0.00570773985237, 0.542876243591, 3.49437713623, 30.0423431396, 112.216766357, 473.517089844, 464.408660889, 1266.34436035, 1198.85058594, 9283.00195312, 5848.09521484, 31254.6074219, 4514.33398438, 1243.13037109, 262.460296631, 120.143836975, 263.797943115, 35.148109436, 85.479347229, 148.381057739, 37.7047119141, 14.7897052765, 3.29014468193, 2.73082780838, 0.886050462723, 0.0807363688946, 0.0114257894456, 0.00161154777743, 0.000131358247017, 2.46925465035e-05, 3.44685940945e-06, 7.04765909632e-07, 1.51520467284e-07, 2.39801849489e-08, 3.29776983499e-09, 9.56588835921e-11, 7.35326383117e-12, 2.58210640369e-11, 1.37578795578e-10],
        "dvar2": [0.00105354178231, 0.016342876479, 1.20703041553, 9.56954956055, 66.7416610718, 286.93927002, 1421.9251709, 1042.1048584, 2499.54956055, 2717.57177734, 18901.1210938, 12321.1044922, 87554.453125, 10958.0439453, 2363.03271484, 515.612670898, 249.842834473, 820.750061035, 93.2394256592, 176.974349976, 259.696929932, 92.1952514648, 38.7248649597, 8.90273475647, 7.51971006393, 2.3272960186, 0.221163704991, 0.0307817328721, 0.00438996264711, 0.00036094445386, 6.64127001073e-05, 9.10119160835e-06, 1.90118373666e-06, 3.92420702156e-07, 6.28259542168e-08, 8.94652085748e-09, 2.62845245569e-10, 1.92269377502e-11, 6.22700432884e-11, 3.34927835466e-10],
        "max": [0.170818939805, 1.21133649349, 11.5876121521, 23.5768051147, 43.4940071106, 127.918212891, 340.606964111, 485.547088623, 1030.86181641, 449.57623291, 2202.74853516, 1663.97070312, 3481.00927734, 1176.55444336, 797.456115723, 405.355407715, 356.720092773, 443.370452881, 84.2132492065, 207.873443604, 249.25088501, 108.429458618, 59.4678077698, 28.4029560089, 22.5346221924, 15.3082180023, 4.74011325836, 1.52606928349, 0.637886404991, 0.116385564208, 0.0717941895127, 0.0299883820117, 0.00989108439535, 0.00529324356467, 0.00215388205834, 0.000981379882433, 0.000255123130046, 7.18439696357e-05, 8.49875286804e-05, 0.000190574966837],
        "mean": [0.0154192028567, 0.0845620259643, 0.297339469194, 0.77725738287, 3.31971025467, 6.5740146637, 14.631102562, 18.5404758453, 22.7370376587, 27.8734359741, 136.777191162, 89.4521255493, 159.124252319, 38.7547035217, 21.2486457825, 7.36606645584, 3.75579619408, 3.19038128853, 2.03751635551, 3.39983844757, 4.55659914017, 1.44230210781, 0.90157687664, 0.402082383633, 0.379274040461, 0.134624898434, 0.0453104227781, 0.0234270058572, 0.0102385822684, 0.00523547781631, 0.00308273895644, 0.00154857512098, 0.000833621656056, 0.000375341827748, 0.00014312985877, 4.50975785498e-05, 9.82392248261e-06, 2.15220006794e-06, 1.01468967841e-05, 2.33446953644e-05],
        "median": [0.00760480901226, 0.0386651493609, 0.0750429108739, 0.187585055828, 0.616767585278, 1.95315432549, 1.30909585953, 1.0797495842, 1.51784849167, 12.1967849731, 48.8626556396, 24.4468097687, 55.0938568115, 8.86967563629, 3.12117362022, 1.35100829601, 0.641710758209, 0.635183691978, 0.570718586445, 0.462779760361, 0.265564829111, 0.12544696033, 0.0486428141594, 0.0330940485001, 0.0206232797354, 0.0130711840466, 0.00785625725985, 0.00547097576782, 0.00397699978203, 0.00273846439086, 0.00182005064562, 0.000938158365898, 0.000530379649717, 0.000245056842687, 8.5284897068e-05, 2.42672176682e-05, 7.39059851185e-06, 1.46684237734e-06, 8.57532086229e-06, 1.98721099878e-05],
        "min": [5.39480238385e-22, 3.84703527543e-21, 7.7529829357e-21, 7.6223084322e-20, 3.95233229779e-20, 1.09806649503e-19, 9.36308353569e-20, 1.52473258809e-19, 2.32310573108e-19, 4.70214955109e-19, 1.69281891974e-18, 8.45445277466e-19, 3.1146234855e-18, 3.27453424831e-18, 2.37463081144e-18, 3.88025503624e-18, 6.54306068384e-18, 7.78221694611e-18, 6.87309789003e-18, 8.32661842164e-18, 8.64408455047e-18, 1.29602294415e-17, 1.68110198908e-17, 1.7806769986e-17, 1.84270677643e-17, 1.48163615247e-17, 1.37573081244e-17, 1.7485094335e-17, 1.68334679182e-17, 1.49613414707e-17, 1.66588864869e-17, 1.56916691597e-17, 1.62785008647e-17, 1.28312372425e-17, 8.36991470926e-18, 6.80688787226e-18, 3.35888226897e-18, 1.54546041592e-18, 3.66441450801e-19, 3.75692832642e-20],
        "var": [0.000398421805585, 0.0123478444293, 0.869721710682, 3.13190078735, 46.745765686, 146.432830811, 1318.49780273, 1681.49023438, 5896.58349609, 1768.52880859, 45664.7460938, 47440.671875, 80826.9375, 10903.4003906, 4047.19726562, 633.872009277, 225.90007019, 277.584564209, 35.0524101257, 162.224533081, 365.22265625, 34.1624488831, 12.0140914917, 2.23892474174, 1.93978333473, 0.633808910847, 0.0530323274434, 0.00824646558613, 0.00109440775122, 9.86327067949e-05, 2.20275924221e-05, 3.92324773202e-06, 9.20945069538e-07, 1.92827812384e-07, 3.21649622492e-08, 4.0420529146e-09, 1.17037407543e-10, 9.12664475244e-12, 7.86140735842e-11, 4.11407574674e-10]
    },
    "gfcc": {
        "mean": [-176.80039978, 203.188903809, -124.459251404, -26.8505992889, -58.7330741882, -8.66963672638, -11.9784259796, 4.39587593079, 5.71684741974, -19.3094863892, -11.6473093033, -19.7855224609, 5.28291511536],
        "cov": [[3283.9296875, 373.836547852, -860.726318359, -72.9747009277, 252.599456787, -557.907348633, -200.177322388, 24.479970932, -92.8504257202, -79.8487014771, 175.793716431, 253.464614868, 151.428253174], [373.836547852, 614.896728516, 329.945953369, 20.3825740814, 53.4396247864, -85.3723449707, -194.04649353, -300.442138672, -83.8451919556, 41.0290374756, 212.934188843, 150.388534546, 30.6041984558], [-860.726318359, 329.945953369, 872.072998047, 157.87272644, -125.028640747, 246.263885498, -104.607055664, -314.514160156, -75.6437911987, 100.812080383, 69.806137085, -1.0509455204, -34.8528060913], [-72.9747009277, 20.3825740814, 157.87272644, 522.223266602, 50.2661705017, 20.0294742584, -194.084747314, -123.85244751, -84.7065353394, 63.7725486755, 45.5948143005, 17.2599620819, 18.4842281342], [252.599456787, 53.4396247864, -125.028640747, 50.2661705017, 152.249313354, -74.4720993042, -49.744468689, 3.04485321045, -14.1110687256, -0.642712175846, 46.8716087341, 51.4292106628, 12.4468564987], [-557.907348633, -85.3723449707, 246.263885498, 20.0294742584, -74.4720993042, 376.142211914, 166.366210938, -48.6539306641, -76.0935668945, -27.2769069672, -76.5936050415, -66.450302124, -35.5097045898], [-200.177322388, -194.04649353, -104.607055664, -194.084747314, -49.744468689, 166.366210938, 351.651062012, 197.249893188, 46.8374824524, -92.0099182129, -150.83442688, -94.5371322632, -12.175945282], [24.479970932, -300.442138672, -314.514160156, -123.85244751, 3.04485321045, -48.6539306641, 197.249893188, 380.023071289, 184.478668213, -39.180355072, -150.225021362, -91.255821228, 10.8751153946], [-92.8504257202, -83.8451919556, -75.6437911987, -84.7065353394, -14.1110687256, -76.0935668945, 46.8374824524, 184.478668213, 219.743591309, 64.2295761108, -43.2383766174, -68.1673049927, -21.1572418213], [-79.8487014771, 41.0290374756, 100.812080383, 63.7725486755, -0.642712175846, -27.2769069672, -92.0099182129, -39.180355072, 64.2295761108, 139.382156372, 82.2914352417, 10.3028059006, -29.0419406891], [175.793716431, 212.934188843, 69.806137085, 45.5948143005, 46.8716087341, -76.5936050415, -150.83442688, -150.225021362, -43.2383766174, 82.2914352417, 205.904449463, 130.414474487, 5.61511182785], [253.464614868, 150.388534546, -1.0509455204, 17.2599620819, 51.4292106628, -66.450302124, -94.5371322632, -91.255821228, -68.1673049927, 10.3028059006, 130.414474487, 158.838760376, 58.2827529907], [151.428253174, 30.6041984558, -34.8528060913, 18.4842281342, 12.4468564987, -35.5097045898, -12.175945282, 10.8751153946, -21.1572418213, -29.0419406891, 5.61511182785, 58.2827529907, 99.7075119019]],
        "icov": [[0.000836619816255, -0.00147411529906, 0.00135702092666, -0.000108672786155, 0.000375251489459, 0.000281777844066, 8.01097266958e-05, -0.000498999550473, 0.00117067806423, -0.00124263507314, 0.00112537457608, -0.000460427254438, -0.000113694062748], [-0.00147411529906, 0.00843260902911, -0.00483539886773, 0.000858451589011, -0.00324886804447, 0.00154166959692, -0.00114890059922, 0.00478737521917, -0.00507093360648, 0.00634720176458, -0.00634950771928, 0.00116707454436, -0.00145861005876], [0.00135702092666, -0.00483539886773, 0.00607056822628, -0.000913097814191, 0.00315838190727, -0.00210832804441, 0.000706316146534, 0.000545971037354, 0.00103027501609, -0.00444738334045, 0.0043499362655, -0.00151888583787, 0.000162150041433], [-0.000108672786155, 0.000858451589011, -0.000913097814191, 0.00355198746547, -0.00182793918066, -0.000644079525955, 0.00240068999119, -0.000978606985882, 0.00214767712168, -0.00146468437742, -0.000289119663648, 0.00209240661934, -0.00185510434676], [0.000375251489459, -0.00324886804447, 0.00315838190727, -0.00182793918066, 0.0109022520483, -0.000372152484488, 0.000542073627003, -0.0020734781865, 0.00136739993468, -0.00123472732957, 0.00138232670724, -0.00320423999801, 0.0023946959991], [0.000281777844066, 0.00154166959692, -0.00210832804441, -0.000644079525955, -0.000372152484488, 0.00787186343223, -0.00511687574908, 0.00171992811374, 0.0026132860221, -0.00122748943977, 0.000581159372814, -2.99494440696e-05, 0.000700543518178], [8.01097266958e-05, -0.00114890059922, 0.000706316146534, 0.00240068999119, 0.000542073627003, -0.00511687574908, 0.0102880373597, -0.00551354279742, 0.00140531256329, 0.0020594149828, 0.000318452541251, 0.00156340340618, -3.32173294737e-05], [-0.000498999550473, 0.00478737521917, 0.000545971037354, -0.000978606985882, -0.0020734781865, 0.00171992811374, -0.00551354279742, 0.0163550954312, -0.0124285602942, 0.00390945514664, 0.00213464605622, -0.00275045749731, -0.0019361168379], [0.00117067806423, -0.00507093360648, 0.00103027501609, 0.00214767712168, 0.00136739993468, 0.0026132860221, 0.00140531256329, -0.0124285602942, 0.0214819032699, -0.0136887906119, 0.00291020818986, 0.00493586668745, -0.00045021760161], [-0.00124263507314, 0.00634720176458, -0.00444738334045, -0.00146468437742, -0.00123472732957, -0.00122748943977, 0.0020594149828, 0.00390945514664, -0.0136887906119, 0.0260403845459, -0.0152889760211, 0.00391893507913, 0.00144841906149], [0.00112537457608, -0.00634950771928, 0.0043499362655, -0.000289119663648, 0.00138232670724, 0.000581159372814, 0.000318452541251, 0.00213464605622, 0.00291020818986, -0.0152889760211, 0.0292976330966, -0.0189948678017, 0.00727194966748], [-0.000460427254438, 0.00116707454436, -0.00151888583787, 0.00209240661934, -0.00320423999801, -2.99494440696e-05, 0.00156340340618, -0.00275045749731, 0.00493586668745, 0.00391893507913, -0.0189948678017, 0.0282826218754, -0.0129712484777], [-0.000113694062748, -0.00145861005876, 0.000162150041433, -0.00185510434676, 0.0023946959991, 0.000700543518178, -3.32173294737e-05, -0.0019361168379, -0.00045021760161, 0.00144841906149, 0.00727194966748, -0.0129712484777, 0.0187069680542]]
    },
    "melbands": {
        "dmean": [9.14523261599e-05, 9.3754970294e-05, 0.000162795535289, 0.000253550562775, 0.00024895920069, 0.00022718711989, 0.000150830077473, 0.000213944469579, 0.000408058578614, 0.000191111204913, 0.000389315362554, 8.91722374945e-05, 5.23109374626e-05, 1.32040577228e-05, 1.06240595414e-05, 4.3367967919e-06, 5.83950622968e-06, 2.64164646069e-06, 3.02254261442e-06, 4.75794604426e-06, 3.38354402629e-06, 1.91608728528e-06, 9.28233589548e-07, 6.33392858163e-07, 3.44459152757e-07, 3.60066223948e-07, 1.71508531821e-07, 8.97892533658e-08, 3.81461120469e-08, 2.06026573579e-08, 1.24125119072e-08, 6.26090201905e-09, 3.49435835822e-09, 1.94757010519e-09, 1.33261246482e-09, 8.40367053723e-10, 5.33235344768e-10, 3.97376687111e-10, 2.33716601628e-10, 1.86613460795e-10],
        "dmean2": [0.00016244755534, 0.000151259635459, 0.000276095524896, 0.000418561889092, 0.000418157636886, 0.000355259049684, 0.000231828002143, 0.000337713689078, 0.00060092768399, 0.000306987582007, 0.000657583004795, 0.000147972430568, 8.00243142294e-05, 2.11301412492e-05, 1.59277788043e-05, 7.23734729036e-06, 1.05675853774e-05, 4.52530093753e-06, 4.86957651447e-06, 7.61249475545e-06, 5.38746735401e-06, 3.29313343173e-06, 1.53342102749e-06, 1.06647189568e-06, 6.03039495672e-07, 6.29860949175e-07, 2.89306342438e-07, 1.53409700943e-07, 6.63562573777e-08, 3.66964982845e-08, 2.14488871109e-08, 1.11261311275e-08, 6.20664986073e-09, 3.38377770248e-09, 2.29643903893e-09, 1.4385637126e-09, 8.90407136911e-10, 6.69511945883e-10, 3.9464478907e-10, 3.16563691927e-10],
        "dvar": [1.63762212679e-08, 7.54790008273e-08, 1.43423889654e-07, 2.61047716776e-07, 4.09094383258e-07, 2.89361054229e-07, 2.17784602796e-07, 1.80445994147e-07, 6.00240809945e-07, 2.68704496875e-07, 8.12926828075e-07, 7.84321088076e-08, 3.88058545298e-08, 2.86921619796e-09, 3.05756664432e-09, 2.48795373192e-10, 1.28523403031e-09, 7.70146238449e-11, 1.91672760996e-10, 4.42991643368e-10, 1.60798457882e-10, 7.33695743049e-11, 1.57670265732e-11, 8.45506043651e-12, 1.90076578609e-12, 2.50588872569e-12, 6.51574443272e-13, 2.96213737132e-13, 3.52897439461e-14, 7.90154938956e-15, 2.71289829929e-15, 6.45553031739e-16, 1.20775953025e-16, 2.40384095769e-17, 8.84572471403e-18, 3.66247575175e-18, 8.32389989256e-19, 4.70348544778e-19, 1.52478402838e-19, 1.06888782817e-19],
        "dvar2": [5.29908561475e-08, 1.70001854372e-07, 3.52465406195e-07, 6.27660256214e-07, 1.19167202683e-06, 6.35025173779e-07, 4.25597107778e-07, 4.13019620282e-07, 1.18189200293e-06, 5.36754953373e-07, 2.27999203162e-06, 1.99104803755e-07, 7.29873477212e-08, 6.24663476501e-09, 6.62933041795e-09, 6.51939613405e-10, 4.0266150414e-09, 2.04237377011e-10, 3.78523462574e-10, 9.22080745092e-10, 3.16874027018e-10, 1.81706760749e-10, 4.11098863284e-11, 2.23877444361e-11, 5.1148529856e-12, 7.09895120118e-12, 1.71433592148e-12, 7.7807058756e-13, 9.57515317035e-14, 2.20713306301e-14, 7.28266137852e-15, 1.76125413607e-15, 3.35284439643e-16, 6.55386448982e-17, 2.35209005703e-17, 1.00397624098e-17, 2.20578215531e-18, 1.30258695319e-18, 4.004525068e-19, 2.77718213395e-19],
        "max": [0.00124354893342, 0.00423830468208, 0.00370515836403, 0.00495223421603, 0.00912067200989, 0.0125345420092, 0.0131967095658, 0.00536480313167, 0.0169861894101, 0.012249850668, 0.0181704703718, 0.00518913799897, 0.00485783722252, 0.00138332112692, 0.00165490584914, 0.000274465390248, 0.000985875492916, 0.000146650039824, 0.000386773986975, 0.000351051421603, 0.000232875026995, 0.000172480155015, 6.71191737638e-05, 4.51325649919e-05, 2.18061068153e-05, 2.2547395929e-05, 1.24993603094e-05, 8.61747321323e-06, 2.98414306599e-06, 1.27008786421e-06, 7.42198835724e-07, 4.19687154363e-07, 1.26243861587e-07, 5.14701845589e-08, 3.92293877383e-08, 3.42720127833e-08, 1.2479778988e-08, 8.51647286026e-09, 5.09123010417e-09, 4.30351265734e-09],
        "mean": [0.000130357264425, 0.000138593095471, 0.000204873038456, 0.000346915825503, 0.000464009324787, 0.000476617977256, 0.000307566049742, 0.000395583105274, 0.00108353246469, 0.000558043364435, 0.000790104211774, 0.000140300995554, 0.000101697405626, 2.11220503843e-05, 1.51336571435e-05, 5.38811673323e-06, 6.27180770607e-06, 2.97921110359e-06, 3.80150231649e-06, 6.97687801221e-06, 4.52870744994e-06, 1.66311747307e-06, 9.55575160333e-07, 5.76112086037e-07, 2.85853474224e-07, 3.33608625169e-07, 1.61368973295e-07, 7.01513442891e-08, 3.03326785911e-08, 1.72876397642e-08, 1.15140705859e-08, 5.98373395277e-09, 3.81672471406e-09, 2.52094056741e-09, 1.85244342088e-09, 1.23830279364e-09, 8.27157564665e-10, 6.35434371787e-10, 3.69001079692e-10, 2.83955220448e-10],
        "median": [6.80613084114e-05, 5.33323072887e-05, 4.43165481556e-05, 8.79334329511e-05, 5.66064445593e-05, 2.50168359344e-05, 1.70610092027e-05, 0.000233004175243, 0.000381066347472, 0.000125672202557, 0.000263677444309, 2.11968927033e-05, 1.09549555418e-05, 2.81836923932e-06, 1.67495750247e-06, 8.78558694239e-07, 1.08643166641e-06, 8.19547949504e-07, 6.7829995487e-07, 4.14469866428e-07, 2.76753638673e-07, 1.41210676929e-07, 4.60316620376e-08, 3.37215233515e-08, 2.26002825343e-08, 1.55018256009e-08, 1.06747926054e-08, 7.13594161539e-09, 4.76534323113e-09, 3.78761022546e-09, 2.91853430312e-09, 2.23890461726e-09, 1.79513404142e-09, 1.37614974971e-09, 1.09111508717e-09, 7.29290294821e-10, 5.08119768483e-10, 3.9540618002e-10, 2.37000141734e-10, 1.82677539762e-10],
        "min": [6.0362697723e-24, 4.03246604315e-24, 1.0736533393e-23, 4.54353589149e-24, 4.2353342467e-24, 3.82249296386e-24, 3.3132789108e-24, 8.42786963385e-24, 1.18088296549e-23, 5.21233768896e-24, 1.61941957794e-23, 1.43135403373e-23, 7.94924011252e-24, 8.94213910202e-24, 1.14359611374e-23, 1.68135636083e-23, 1.38408801265e-23, 9.66267439766e-24, 1.24474425344e-23, 1.06844062532e-23, 1.00955389424e-23, 1.38349873355e-23, 1.19921948503e-23, 1.57939845541e-23, 1.46753766351e-23, 1.16035159825e-23, 1.73603625447e-23, 7.74363613935e-24, 7.8221767088e-24, 1.08262079453e-23, 9.74490841386e-24, 1.0288278172e-23, 8.27730448604e-24, 8.02367860526e-24, 1.0699357534e-23, 6.39136249258e-24, 1.18174739927e-23, 1.12724200165e-23, 1.21579787027e-23, 9.9802516543e-24],
        "var": [2.52988492377e-08, 1.22616441445e-07, 1.83517954611e-07, 3.72239838953e-07, 1.05802041617e-06, 1.17858337489e-06, 1.01351122339e-06, 2.67443567736e-07, 3.25242604049e-06, 2.44114767156e-06, 2.08176970773e-06, 1.67576786225e-07, 1.30712706436e-07, 6.23400620015e-09, 5.41669509246e-09, 3.25371507515e-10, 1.33183952755e-09, 7.43722652907e-11, 3.89192622574e-10, 8.62242055533e-10, 3.22957771637e-10, 6.42202749312e-11, 1.24890870215e-11, 6.54140196871e-12, 1.29492033416e-12, 1.62439972497e-12, 4.83348983667e-13, 2.1214096018e-13, 2.37941803982e-14, 5.02073443177e-15, 1.95750012913e-15, 4.32668241106e-16, 8.30347258461e-17, 1.90446193029e-17, 7.94082965575e-18, 3.41992861176e-18, 1.02565505251e-18, 5.85038170684e-19, 1.90988015976e-19, 1.26214617059e-19]
    },
    "mfcc": {
        "mean": [-819.024963379, 232.306045532, -2.35556101799, -11.5076656342, -11.9426803589, -18.0313301086, -9.92717170715, 6.50742387772, 16.6516799927, 11.9708061218, -0.125416532159, -7.06001329422, -5.01789426804],
        "cov": [[2788.09912109, 458.826293945, -1200.38977051, 420.300323486, 4.99945878983, -379.718322754, -179.554275513, -24.2127017975, -220.221832275, -221.486526489, -171.652282715, -35.8947639465, 149.753067017], [458.826293945, 617.054138184, 134.320831299, -49.7626075745, 94.1882705688, -9.68418502808, -49.7977218628, -123.725852966, -226.35597229, -203.101318359, -52.4588317871, 26.1259975433, 70.2278060913], [-1200.38977051, 134.320831299, 1014.00640869, -90.6994934082, 93.0482177734, 395.880584717, 86.8580245972, -155.60458374, -135.376159668, -90.3634643555, 35.0661315918, 40.4518661499, -53.1998710632], [420.300323486, -49.7626075745, -90.6994934082, 394.620635986, 175.539535522, -9.09746932983, -86.7544555664, -121.637840271, -131.005508423, -68.7377471924, -15.338391304, 11.3327608109, 34.5684089661], [4.99945878983, 94.1882705688, 93.0482177734, 175.539535522, 242.346557617, 46.1623802185, -79.7741928101, -139.478622437, -169.1171875, -93.8829116821, 22.7206058502, 41.501865387, 24.3628768921], [-379.718322754, -9.68418502808, 395.880584717, -9.09746932983, 46.1623802185, 352.318237305, 143.048477173, -66.586151123, -116.24609375, -108.851997375, -14.1309776306, 17.1968574524, -40.2345466614], [-179.554275513, -49.7977218628, 86.8580245972, -86.7544555664, -79.7741928101, 143.048477173, 195.706497192, 98.8718795776, 37.4077262878, -24.9346103668, -56.1007537842, -21.9588069916, -7.91848516464], [-24.2127017975, -123.725852966, -155.60458374, -121.637840271, -139.478622437, -66.586151123, 98.8718795776, 225.724349976, 220.344116211, 102.841888428, -37.8889465332, -52.4539833069, -3.77187108994], [-220.221832275, -226.35597229, -135.376159668, -131.005508423, -169.1171875, -116.24609375, 37.4077262878, 220.344116211, 367.894897461, 257.774353027, 15.0430421829, -66.5556182861, -38.8202705383], [-221.486526489, -203.101318359, -90.3634643555, -68.7377471924, -93.8829116821, -108.851997375, -24.9346103668, 102.841888428, 257.774353027, 273.352600098, 93.5600738525, -29.4426441193, -45.5030212402], [-171.652282715, -52.4588317871, 35.0661315918, -15.338391304, 22.7206058502, -14.1309776306, -56.1007537842, -37.8889465332, 15.0430421829, 93.5600738525, 152.324142456, 79.3592987061, -27.6166687012], [-35.8947639465, 26.1259975433, 40.4518661499, 11.3327608109, 41.501865387, 17.1968574524, -21.9588069916, -52.4539833069, -66.5556182861, -29.4426441193, 79.3592987061, 117.264205933, 30.8600635529], [149.753067017, 70.2278060913, -53.1998710632, 34.5684089661, 24.3628768921, -40.2345466614, -7.91848516464, -3.77187108994, -38.8202705383, -45.5030212402, -27.6166687012, 30.8600635529, 103.947166443]],
