{
"lowlevel": {
    "average_loudness": 0.932985723019,
    "barkbands_crest": {
        "dmean": 1.70447361469,
        "dmean2": 2.7208378315,
        "dvar": 3.20446419716,
        "dvar2": 8.68513774872,
        "max": 21.658493042,
        "mean": 10.7297611237,
        "median": 10.3083086014,
        "min": 3.5989947319,
        "var": 11.2743120193
    },
    "barkbands_flatness_db": {
        "dmean": 0.0283845923841,
        "dmean2": 0.0437929406762,
        "dvar": 0.00109283765778,
        "dvar2": 0.00238854018971,
        "max": 0.580104470253,
        "mean": 0.309933692217,
        "median": 0.307302027941,
        "min": 0.0730517059565,
        "var": 0.00562203070149
    },
    "barkbands_kurtosis": {
        "dmean": 4.33779525757,
        "dmean2": 6.62171697617,
        "dvar": 76.1444320679,
        "dvar2": 177.890823364,
        "max": 139.361022949,
        "mean": 9.95094299316,
        "median": 3.81854152679,
        "min": -1.80429983139,
        "var": 258.961517334
    },
    "barkbands_skewness": {
        "dmean": 0.478100508451,
        "dmean2": 0.738020062447,
        "dvar": 0.395399183035,
        "dvar2": 0.938990116119,
        "max": 9.22459125519,
        "mean": 2.34152817726,
        "median": 2.00977301598,
        "min": -1.91955685616,
        "var": 1.82110202312
    },
    "barkbands_spread": {
        "dmean": 2.89113020897,
        "dmean2": 4.37389469147,
        "dvar": 19.7683944702,
        "dvar2": 40.0066947937,
        "max": 68.0944824219,
        "mean": 13.0650930405,
        "median": 12.9978895187,
        "min": 0.407979130745,
        "var": 62.7117996216
    },
    "dissonance": {
        "dmean": 0.0161731820554,
        "dmean2": 0.0269233565778,
        "dvar": 0.000215492356801,
        "dvar2": 0.000531107594725,
        "max": 0.499206334352,
        "mean": 0.452610164881,
        "median": 0.456891775131,
        "min": 0.293560445309,
        "var": 0.000729339546524
    },
    "dynamic_complexity": 2.06010961533,
    "erbbands_crest": {
        "dmean": 1.74210107327,
        "dmean2": 2.66941642761,
        "dvar": 3.43169403076,
        "dvar2": 8.14573669434,
        "max": 27.4139995575,
        "mean": 9.4709854126,
        "median": 8.23938083649,
        "min": 2.85265827179,
        "var": 18.039264679
    },
    "erbbands_flatness_db": {
        "dmean": 0.0196893401444,
        "dmean2": 0.0283332169056,
        "dvar": 0.000797065149527,
        "dvar2": 0.00163471512496,
        "max": 0.437225490808,
        "mean": 0.286866903305,
        "median": 0.296555101871,
        "min": 0.0827074721456,
        "var": 0.00361742335372
    },
    "erbbands_kurtosis": {
        "dmean": 1.36639142036,
        "dmean2": 1.96094167233,
        "dvar": 22.3307552338,
        "dvar2": 46.6194076538,
        "max": 113.422424316,
        "mean": 1.15517401695,
        "median": -1.22355854511,
        "min": -1.93020164967,
        "var": 108.094398499
    },
    "erbbands_skewness": {
        "dmean": 0.341708391905,
        "dmean2": 0.506281852722,
        "dvar": 0.232053354383,
        "dvar2": 0.497899144888,
        "max": 8.42134857178,
        "mean": 0.458435595036,
        "median": 0.174845814705,
        "min": -2.00755596161,
        "var": 1.75498259068
    },
    "erbbands_spread": {
        "dmean": 6.11502218246,
        "dmean2": 9.11289310455,
        "dvar": 81.7463302612,
        "dvar2": 154.167922974,
        "max": 128.353424072,
        "mean": 41.2803115845,
        "median": 38.8580245972,
        "min": 1.21995508671,
        "var": 289.791412354
    },
    "hfc": {
        "dmean": 4.41721200943,
        "dmean2": 6.43391656876,
        "dvar": 106.52734375,
        "dvar2": 238.770355225,
        "max": 142.340087891,
        "mean": 15.6242694855,
        "median": 13.3312482834,
        "min": 1.21916152016e-16,
        "var": 158.742980957
    },
    "melbands_crest": {
        "dmean": 2.34627342224,
        "dmean2": 3.72082567215,
        "dvar": 6.31603336334,
        "dvar2": 16.6434497833,
        "max": 29.6831169128,
        "mean": 15.42765522,
        "median": 14.9579772949,
        "min": 1.57115507126,
        "var": 20.6704540253
    },
    "melbands_flatness_db": {
        "dmean": 0.0306210834533,
        "dmean2": 0.0462786518037,
        "dvar": 0.0015903027961,
        "dvar2": 0.00338038732298,
        "max": 0.731079220772,
        "mean": 0.389588952065,
        "median": 0.378620058298,
        "min": 0.00371077167802,
        "var": 0.00916086975485
    },
    "melbands_kurtosis": {
        "dmean": 9.59205722809,
        "dmean2": 14.9220476151,
        "dvar": 364.669006348,
        "dvar2": 870.28503418,
        "max": 390.513519287,
        "mean": 27.1071166992,
        "median": 13.3298797607,
        "min": -1.18512356281,
        "var": 1331.79736328
    },
    "melbands_skewness": {
        "dmean": 0.655566930771,
        "dmean2": 1.01778709888,
        "dvar": 0.74864590168,
        "dvar2": 1.78299164772,
        "max": 15.3331861496,
        "mean": 3.67895746231,
        "median": 3.16259217262,
        "min": -0.0180898476392,
        "var": 3.60316467285
    },
    "melbands_spread": {
        "dmean": 2.80829811096,
        "dmean2": 4.28578186035,
        "dvar": 21.7863845825,
        "dvar2": 40.6420516968,
        "max": 128.904998779,
        "mean": 12.4700078964,
        "median": 11.9298648834,
        "min": 0.326067656279,
        "var": 75.6889190674
    },
    "pitch_salience": {
        "dmean": 0.0562002696097,
        "dmean2": 0.092265099287,
        "dvar": 0.00392326898873,
        "dvar2": 0.0116857001558,
        "max": 0.830039441586,
        "mean": 0.512747168541,
        "median": 0.523816764355,
        "min": 0.159825891256,
        "var": 0.00953065417707
    },
    "silence_rate_20dB": {
        "dmean": 0,
        "dmean2": 0,
        "dvar": 0,
        "dvar2": 0,
        "max": 1,
        "mean": 1,
        "median": 1,
        "min": 1,
        "var": 0
    },
    "silence_rate_30dB": {
        "dmean": 0.0237113405019,
        "dmean2": 0.0474471375346,
        "dvar": 0.0231492631137,
        "dvar2": 0.0586043633521,
        "max": 1,
        "mean": 0.975270450115,
        "median": 1,
        "min": 0,
        "var": 0.0241175536066
    },
    "silence_rate_60dB": {
        "dmean": 0.00670103076845,
        "dmean2": 0.0128932436928,
        "dvar": 0.00665605254471,
        "dvar2": 0.0147896660492,
        "max": 1,
        "mean": 0.00875837169588,
        "median": 0,
        "min": 0,
        "var": 0.00868131127208
    },
    "spectral_centroid": {
        "dmean": 148.594039917,
        "dmean2": 223.769134521,
        "dvar": 83543.7578125,
        "dvar2": 122805.632812,
        "max": 10528.1279297,
        "mean": 886.307067871,
        "median": 884.58215332,
        "min": 112.966186523,
        "var": 228703.140625
    },
    "spectral_complexity": {
        "dmean": 2.26185560226,
        "dmean2": 3.63125324249,
        "dvar": 14.4549503326,
        "dvar2": 28.4141654968,
        "max": 49,
        "mean": 14.5337457657,
        "median": 16,
        "min": 0,
        "var": 40.5332870483
    },
    "spectral_decrease": {
        "dmean": 2.85396195565e-09,
        "dmean2": 4.58216042887e-09,
        "dvar": 2.59810349737e-17,
        "dvar2": 6.57843572448e-17,
        "max": 8.17892373203e-29,
        "mean": -1.01858841361e-08,
        "median": -8.25488299938e-09,
        "min": -6.70370781108e-08,
        "var": 5.76849620287e-17
    },
    "spectral_energy": {
        "dmean": 0.0110909435898,
        "dmean2": 0.0177598968148,
        "dvar": 0.000391371140722,
        "dvar2": 0.00098677969072,
        "max": 0.256095379591,
        "mean": 0.0398610346019,
        "median": 0.0323045514524,
        "min": 1.07494560138e-20,
        "var": 0.000861747481395
    },
    "spectral_energyband_high": {
        "dmean": 0.000238003238337,
        "dmean2": 0.000358239776688,
        "dvar": 1.25998803924e-06,
        "dvar2": 2.79687264992e-06,
        "max": 0.0151938339695,
        "mean": 0.00021477676637,
        "median": 9.13993790164e-06,
        "min": 8.10285448542e-21,
        "var": 1.27730822896e-06
    },
    "spectral_energyband_low": {
        "dmean": 0.00765014206991,
        "dmean2": 0.0127126825973,
        "dvar": 0.000241327317781,
        "dvar2": 0.000631453527603,
        "max": 0.23276694119,
        "mean": 0.0212003272027,
        "median": 0.015811663121,
        "min": 4.26458520907e-23,
        "var": 0.000548237469047
    },
    "spectral_energyband_middle_high": {
        "dmean": 0.000779098656494,
        "dmean2": 0.00111976021435,
        "dvar": 1.05162007458e-06,
        "dvar2": 2.14654505726e-06,
        "max": 0.0175913386047,
        "mean": 0.00342138740234,
        "median": 0.00324120279402,
        "min": 1.42444560644e-21,
        "var": 6.23297682978e-06
    },
    "spectral_energyband_middle_low": {
        "dmean": 0.0066014835611,
        "dmean2": 0.010620049201,
        "dvar": 0.000155997651746,
        "dvar2": 0.000411043991335,
        "max": 0.139242306352,
        "mean": 0.0205563493073,
        "median": 0.0168043430895,
        "min": 2.96116497663e-22,
        "var": 0.000261285837041
    },
    "spectral_entropy": {
        "dmean": 0.196576222777,
        "dmean2": 0.289743989706,
        "dvar": 0.0844292789698,
        "dvar2": 0.169911190867,
        "max": 9.82131004333,
        "mean": 6.47685480118,
        "median": 6.51606559753,
        "min": 3.89835810661,
        "var": 0.356530994177
    },
    "spectral_flux": {
        "dmean": 0.0263402741402,
        "dmean2": 0.0410679504275,
        "dvar": 0.00140121392906,
        "dvar2": 0.00276382081211,
        "max": 0.327903866768,
        "mean": 0.0633206218481,
        "median": 0.0451494790614,
        "min": 1.0367958575e-10,
        "var": 0.0026337672025
    },
    "spectral_kurtosis": {
        "dmean": 8.94968128204,
        "dmean2": 15.3382425308,
        "dvar": 78.9745635986,
        "dvar2": 214.994522095,
        "max": 140.142944336,
        "mean": 14.2355003357,
        "median": 10.7366628647,
        "min": -1.18987345695,
        "var": 228.848709106
    },
    "spectral_rms": {
        "dmean": 0.00078695762204,
        "dmean2": 0.00121240888257,
        "dvar": 1.34449646794e-06,
        "dvar2": 3.17279204864e-06,
        "max": 0.0158066172153,
        "mean": 0.00584583124146,
        "median": 0.0056139677763,
        "min": 3.23840607108e-12,
        "var": 4.71504972666e-06
    },
    "spectral_rolloff": {
        "dmean": 225.321044922,
        "dmean2": 386.010528564,
        "dvar": 376912.84375,
        "dvar2": 637400.5,
        "max": 18690.8203125,
        "mean": 817.671508789,
        "median": 516.796875,
        "min": 107.666015625,
        "var": 704072.8125
    },
    "spectral_skewness": {
        "dmean": 0.732807934284,
        "dmean2": 1.23602104187,
        "dvar": 0.401161521673,
        "dvar2": 1.12785124779,
        "max": 9.74408054352,
        "mean": 1.93461751938,
        "median": 1.68366074562,
        "min": 0.0495807975531,
        "var": 1.49766600132
    },
    "spectral_spread": {
        "dmean": 396627.4375,
        "dmean2": 584985.375,
        "dvar": 1.00306432819e+12,
        "dvar2": 1.21141277491e+12,
        "max": 39972276,
        "mean": 2220997.5,
        "median": 1881470.5,
        "min": 677125.625,
        "var": 1.98689305395e+12
    },
    "spectral_strongpeak": {
        "dmean": 0.239058703184,
        "dmean2": 0.407509893179,
        "dvar": 0.128961488605,
        "dvar2": 0.312489688396,
        "max": 4.78535795212,
        "mean": 0.817522406578,
        "median": 0.692635297775,
        "min": 0,
        "var": 0.290892839432
    },
    "zerocrossingrate": {
        "dmean": 0.00496285036206,
        "dmean2": 0.00604597432539,
        "dvar": 0.000152638749569,
        "dvar2": 0.000166714700754,
        "max": 0.50244140625,
        "mean": 0.03296212852,
        "median": 0.03271484375,
        "min": 0.00341796875,
        "var": 0.000385825580452
    },
    "barkbands": {
        "dmean": [8.31028228276e-06, 0.00278846081346, 0.00395453022793, 0.00465165264904, 0.002106445143, 0.000675176968798, 0.000663714134134, 0.000261511275312, 0.000242699199589, 0.000242972339038, 8.94522599992e-05, 5.40258733963e-05, 1.32893637783e-05, 1.20661097753e-05, 0.000166834171978, 0.000267922936473, 0.000235179410083, 0.00015395169612, 8.42309600557e-05, 5.81726526434e-05, 5.25126815774e-05, 5.27090851392e-05, 4.22482662543e-05, 2.91413125524e-05, 2.39980836341e-05, 5.45533657714e-06, 2.18853983824e-07],
        "dmean2": [1.37712413562e-05, 0.00445083668455, 0.00685490900651, 0.00769062200561, 0.00353156216443, 0.00101994792931, 0.000828955147881, 0.000386777333915, 0.000338363664923, 0.000337034318363, 0.000112918678496, 7.89550394984e-05, 2.04339703487e-05, 1.90897317225e-05, 0.000259343389189, 0.00041425411473, 0.000343205232639, 0.000239859597059, 0.000118408053822, 8.66426416906e-05, 7.91999700596e-05, 8.3541177446e-05, 6.43413804937e-05, 4.37485468865e-05, 3.59732730431e-05, 7.7576669355e-06, 3.72319306052e-07],
        "dvar": [3.60630053597e-10, 3.3361306123e-05, 9.60972829489e-05, 0.000101861114672, 1.67413581948e-05, 6.75944420436e-07, 7.8781351931e-07, 2.05356840866e-07, 1.92127913579e-07, 2.19031491611e-07, 5.02464914121e-08, 1.87991773259e-08, 3.23526250234e-09, 7.50180528808e-10, 6.67360993134e-08, 1.66685666159e-07, 1.39101061336e-07, 5.40860085607e-08, 5.84225432476e-08, 4.32221796132e-08, 5.66564892779e-08, 7.40206473893e-08, 4.44393322141e-08, 2.10977599835e-08, 1.4599682352e-08, 6.53904652648e-10, 1.6713958776e-12],
        "dvar2": [9.53654266667e-10, 8.20873319753e-05, 0.000272544537438, 0.000269956362899, 4.73774634884e-05, 1.61704872426e-06, 1.22777612432e-06, 4.13407889255e-07, 3.49333845406e-07, 4.03065001819e-07, 5.95080429378e-08, 3.52835449746e-08, 5.71628655521e-09, 1.81982362513e-09, 1.56223336489e-07, 3.93180954461e-07, 2.98652906849e-07, 1.35764551601e-07, 1.25181529143e-07, 9.78565424248e-08, 1.20331918652e-07, 1.76566302912e-07, 1.01337839453e-07, 4.8589161139e-08, 3.37041967668e-08, 1.33243449607e-09, 4.28161325838e-12],
        "max": [0.000381919991923, 0.115976035595, 0.146018952131, 0.124676659703, 0.0610149130225, 0.0111195463687, 0.0312730371952, 0.00777412531897, 0.0123738301918, 0.00953243859112, 0.0108035281301, 0.00263951625675, 0.00202281214297, 0.000731482345145, 0.00311130238697, 0.00848523806781, 0.00685623381287, 0.00316944578663, 0.00610914314166, 0.0027380194515, 0.00308457226492, 0.00438413815573, 0.00269719166681, 0.00204527005553, 0.00156232900918, 0.00032508908771, 2.11925926124e-05],
        "mean": [1.90593455045e-05, 0.0087166801095, 0.00700313597918, 0.00895790103823, 0.00481411255896, 0.0019671942573, 0.00288578076288, 0.000768489204347, 0.00101865106262, 0.000506514566951, 0.000300509971566, 0.000131679596961, 1.94463136722e-05, 1.87692912732e-05, 0.000403796235332, 0.000722669705283, 0.000791867845692, 0.000342074694345, 0.000217243665247, 7.54182692617e-05, 4.80940470879e-05, 4.45488440164e-05, 3.62443643098e-05, 2.5095869205e-05, 2.07252869586e-05, 5.2171731113e-06, 1.60367505941e-07],
        "median": [2.64065693045e-06, 0.00474264053628, 0.0032721280586, 0.00367815000936, 0.00360199110582, 0.00149483501446, 0.00161085429136, 0.000306173664285, 0.000407771731261, 0.000252770900261, 4.44992037956e-05, 3.27908455802e-05, 5.76980073674e-06, 9.68984204519e-06, 0.000242411668296, 0.000449704879429, 0.000478938600281, 0.000236154068261, 6.37635966996e-05, 2.38363300014e-05, 2.25456255976e-06, 6.30556144188e-07, 7.13858394619e-09, 3.58562091129e-09, 3.49095241603e-09, 1.84121817792e-09, 6.8165811884e-10],
        "min": [1.41815644995e-24, 2.35234850949e-23, 8.13970900037e-24, 1.85357763376e-23, 5.53258318873e-23, 3.6223776482e-23, 4.11344955705e-23, 4.53181941378e-23, 5.21406418994e-23, 1.03401199018e-22, 2.05874836452e-23, 1.39919602427e-22, 9.41938922117e-23, 1.27605837106e-22, 1.24498697016e-22, 1.21547120297e-22, 1.46166257458e-22, 2.18176585843e-22, 2.66148063149e-22, 2.53274686213e-22, 3.8334765109e-22, 5.13846070741e-22, 6.00791113784e-22, 8.1613691329e-22, 1.35784494536e-21, 1.92992283486e-21, 2.51339455164e-21],
        "var": [1.49645784653e-09, 0.000128211948322, 0.000115520786494, 0.000158553055371, 3.03057895508e-05, 3.42458952218e-06, 1.4386663679e-05, 1.26162376546e-06, 2.31069157053e-06, 6.87924853082e-07, 5.71245720948e-07, 9.63373523177e-08, 6.77838762897e-09, 1.01441222089e-09, 2.22380734272e-07, 6.86381440573e-07, 9.15781640742e-07, 1.34651259032e-07, 2.44485960366e-07, 4.61665194962e-08, 5.99461174033e-08, 6.63038761672e-08, 4.31393303302e-08, 2.04340455667e-08, 1.42854776897e-08, 7.7329292969e-10, 1.27418377498e-12]
    },
    "erbbands": {
        "dmean": [0.0347766801715, 0.786582887173, 3.63498902321, 11.4077682495, 10.7116479874, 6.34029245377, 6.21320056915, 4.7747297287, 9.28708934784, 6.5483455658, 5.82687520981, 4.57588005066, 6.46404790878, 8.22810268402, 3.93344211578, 1.57532143593, 0.67550444603, 0.5490629673, 6.47152900696, 11.0965538025, 15.1317682266, 11.253827095, 8.55830478668, 4.93824291229, 4.28097963333, 2.55968141556, 2.41822814941, 1.99896550179, 2.02075600624, 1.53241837025, 1.16057395935, 0.747811496258, 0.45608779788, 0.274141460657, 0.148509755731, 0.0422875620425, 0.00593503611162, 0.00100088771433, 3.03190681734e-05, 1.34444380819e-05],
        "dmean2": [0.0547305159271, 1.25567770004, 6.21210050583, 19.2279148102, 18.2261180878, 10.3371992111, 9.56827354431, 7.14352750778, 11.84882164, 8.89791965485, 8.46680927277, 6.1131105423, 9.67703914642, 11.0738754272, 5.05141830444, 2.27599406242, 1.02278649807, 0.851490080357, 9.88752555847, 16.7284622192, 23.5431632996, 16.4369010925, 13.3586139679, 6.73542356491, 6.32778835297, 3.71933269501, 3.76566290855, 2.96597385406, 3.158390522, 2.36763167381, 1.83073294163, 1.18919456005, 0.670902132988, 0.404992252588, 0.222211763263, 0.0596822574735, 0.00870049465448, 0.00153650867287, 4.62099123979e-05, 2.13309340324e-05],
        "dvar": [0.00495692482218, 2.59134078026, 74.5097885132, 545.598999023, 613.273071289, 154.574554443, 80.1590881348, 37.8339805603, 151.972900391, 85.421005249, 152.316619873, 44.7347183228, 140.157043457, 324.294158936, 61.2723007202, 12.407075882, 7.99475669861, 1.53738462925, 104.440788269, 416.90435791, 573.416992188, 354.116455078, 177.916900635, 124.57321167, 178.613235474, 78.0878067017, 117.500404358, 85.908164978, 104.437835693, 60.4826812744, 35.2408943176, 15.1541147232, 5.01765918732, 1.95258414745, 0.538142442703, 0.0385978557169, 0.000816353131086, 2.55943978118e-05, 1.74901462202e-08, 6.34589103488e-10],
        "dvar2": [0.0115193221718, 6.37793445587, 207.080688477, 1480.08496094, 1619.68432617, 419.990844727, 195.369903564, 89.7577438354, 233.68309021, 149.750198364, 306.809753418, 76.8655395508, 273.168945312, 592.778381348, 78.7905578613, 23.8781852722, 13.9741573334, 3.72095441818, 236.263244629, 983.385925293, 1453.67993164, 723.691955566, 433.411773682, 207.467208862, 455.504547119, 172.142700195, 269.852966309, 177.954772949, 242.635604858, 138.465026855, 85.2597732544, 37.1632881165, 10.9437580109, 4.48009252548, 1.22769403458, 0.0792919322848, 0.00165875430685, 5.57444909646e-05, 3.87822822745e-08, 1.52856527436e-09],
        "max": [1.52492451668, 30.5496501923, 126.25554657, 281.963134766, 248.778076172, 347.833740234, 134.569839478, 92.0327148438, 436.800018311, 261.124755859, 221.64831543, 127.28692627, 328.473205566, 372.146850586, 354.145629883, 64.1251373291, 102.456962585, 37.3859710693, 164.261779785, 473.764251709, 565.065429688, 405.733184814, 184.565856934, 396.866088867, 162.490905762, 122.446426392, 122.136886597, 134.981704712, 151.865005493, 128.15246582, 72.2011566162, 52.7449836731, 34.219669342, 18.9226284027, 9.6655626297, 2.32278156281, 0.40831014514, 0.0819319561124, 0.00210118992254, 0.000294396450045],
        "mean": [0.124777249992, 2.39189171791, 7.43428182602, 22.6514225006, 18.9637928009, 16.9350337982, 18.7939014435, 14.3908042908, 38.1631622314, 28.4447422028, 18.6669235229, 18.844707489, 23.5005111694, 17.5130348206, 13.0919780731, 3.96443939209, 1.1619669199, 1.19837844372, 15.9099063873, 32.3215713501, 38.7527580261, 40.5349807739, 21.1536598206, 14.614736557, 9.08738422394, 3.68814229965, 2.25701498985, 1.84760630131, 1.70688092709, 1.3211363554, 0.953528881073, 0.60507106781, 0.412110209465, 0.242985457182, 0.127787038684, 0.0391512177885, 0.00577648589388, 0.000908194168005, 4.1545026761e-05, 4.59666698589e-05],
        "median": [0.0702612698078, 1.33450269699, 4.60119581223, 12.3786449432, 9.21816158295, 12.0570421219, 12.746881485, 11.2783756256, 21.6227416992, 13.4566583633, 6.76799631119, 10.7415151596, 8.57243156433, 6.97538852692, 4.29940891266, 1.57111895084, 0.527545392513, 0.832612931728, 8.76105976105, 17.270067215, 28.9203491211, 21.6211185455, 15.6328439713, 7.28997087479, 3.12938022614, 1.36173534393, 0.237914055586, 0.0636296570301, 0.026760654524, 0.00389900128357, 0.00034954919829, 0.000136713133543, 8.84081237018e-05, 6.99945958331e-05, 4.67798672616e-05, 3.11030198645e-05, 1.51103440658e-05, 3.36122320732e-06, 1.60331910593e-05, 3.65197738574e-05],
        "min": [9.27105585552e-22, 4.47284789593e-21, 9.0405945723e-21, 3.91685238875e-20, 7.09860681546e-20, 1.60353420764e-19, 4.3672142983e-19, 2.50275850338e-19, 1.97352989844e-19, 1.13453497539e-18, 1.16451510271e-18, 1.34741269776e-18, 2.85392014466e-18, 1.7739365933e-18, 1.66710032353e-18, 5.52021752842e-18, 5.58717655824e-18, 5.33921634833e-18, 7.4435749936e-18, 7.52132169937e-18, 4.74311897965e-18, 8.4896333865e-18, 1.15876456377e-17, 1.20602552807e-17, 1.14735385538e-17, 1.21667192158e-17, 1.45631896634e-17, 1.7217213548e-17, 1.83725218203e-17, 1.55756802398e-17, 1.88002354084e-17, 1.93182341059e-17, 1.22881625646e-17, 1.36941065625e-17, 1.08938388e-17, 6.48318976469e-18, 4.0883294242e-18, 1.30754445339e-18, 3.42728870976e-19, 3.73668663522e-20],
        "var": [0.0228552632034, 9.79847621918, 107.563896179, 860.178039551, 726.931335449, 628.461242676, 447.700439453, 171.692428589, 2707.69555664, 1416.74194336, 981.051086426, 438.144073486, 1421.78771973, 1017.4050293, 614.975463867, 56.6467590332, 16.6459541321, 2.39059209824, 383.044921875, 1957.56103516, 1568.86547852, 2835.32446289, 459.183654785, 928.326171875, 250.260543823, 88.2109069824, 114.115600586, 93.9761047363, 96.3441085815, 57.9319953918, 31.2862071991, 13.0419807434, 5.28566646576, 1.95253658295, 0.531518399715, 0.0446323938668, 0.000962169317063, 2.69359607046e-05, 1.79566495007e-08, 1.23139620722e-09]
    },
    "gfcc": {
        "mean": [-102.179885864, 201.909957886, -143.325027466, 32.1250076294, -10.1175537109, -54.3643341064, -23.2892017365, 2.967918396, -9.59143543243, -19.8620147705, -22.0743236542, -9.1659116745, 7.70805883408],
        "cov": [[5463.41601562, -1485.42871094, -250.131195068, 437.646972656, -940.948913574, 651.657775879, -292.57824707, 358.32434082, -208.042175293, 38.2734336853, -16.9630336761, 251.110427856, -249.258331299], [-1485.42871094, 2083.21655273, -675.573181152, -525.701965332, 912.16973877, -783.321289062, 514.45324707, -84.9295043945, 289.197723389, -128.908798218, 102.891052246, -17.0059700012, 234.344696045], [-250.131195068, -675.573181152, 2265.77099609, 944.690490723, 355.073181152, 1374.55187988, -13.6234264374, 287.169921875, 40.804359436, 66.3623809814, -88.2497253418, -195.608566284, -158.433197021], [437.646972656, -525.701965332, 944.690490723, 734.394775391, 158.274658203, 680.592346191, 24.8947811127, 129.553482056, 11.3143510818, 53.2776908875, -41.2737998962, -67.5655593872, -95.6937866211], [-940.948913574, 912.16973877, 355.073181152, 158.274658203, 837.357971191, 62.8921470642, 330.656219482, 4.75115776062, 178.456924438, -24.5338306427, 10.6892318726, -85.4217910767, 73.9173736572], [651.657775879, -783.321289062, 1374.55187988, 680.592346191, 62.8921470642, 1186.24865723, -58.7511978149, 243.198379517, -22.8910808563, 62.6747055054, -34.2101478577, -81.6933517456, -125.358039856], [-292.57824707, 514.45324707, -13.6234264374, 24.8947811127, 330.656219482, -58.7511978149, 296.180877686, 31.2460250854, 74.5823364258, -42.4103927612, 35.7859230042, 20.0006828308, 37.1877861023], [358.32434082, -84.9295043945, 287.169921875, 129.553482056, 4.75115776062, 243.198379517, 31.2460250854, 200.60647583, 43.0162467957, -14.583404541, 0.848599791527, 5.08187913895, -23.5328502655], [-208.042175293, 289.197723389, 40.804359436, 11.3143510818, 178.456924438, -22.8910808563, 74.5823364258, 43.0162467957, 158.616699219, 16.8001499176, -25.5110225677, -22.6216125488, 32.8437995911], [38.2734336853, -128.908798218, 66.3623809814, 53.2776908875, -24.5338306427, 62.6747055054, -42.4103927612, -14.583404541, 16.8001499176, 94.0812454224, 1.98121988773, -21.6180095673, -14.1686544418], [-16.9630336761, 102.891052246, -88.2497253418, -41.2737998962, 10.6892318726, -34.2101478577, 35.7859230042, 0.848599791527, -25.5110225677, 1.98121988773, 99.1759567261, 26.6927719116, 9.12934303284], [251.110427856, -17.0059700012, -195.608566284, -67.5655593872, -85.4217910767, -81.6933517456, 20.0006828308, 5.08187913895, -22.6216125488, -21.6180095673, 26.6927719116, 99.5037231445, 9.74561214447], [-249.258331299, 234.344696045, -158.433197021, -95.6937866211, 73.9173736572, -125.358039856, 37.1877861023, -23.5328502655, 32.8437995911, -14.1686544418, 9.12934303284, 9.74561214447, 79.3653564453]],
        "icov": [[0.000600431580096, -0.0008956528618, 0.000923050218262, -0.00106327864341, 0.000686547835357, -0.000972148904111, 0.000813028891571, -0.001090509817, 0.000991235370748, -0.000744787452277, 0.00118456524797, -0.00131233630236, 0.00169345061295], [-0.0008956528618, 0.00792868901044, -0.00171450176276, 0.00521144922823, -0.00570685602725, 0.00356375309639, -0.00457332376391, 0.00161800708156, -0.00669246027246, 0.00534515688196, -0.00680465623736, 0.00468658423051, -0.00586539087817], [0.000923050218262, -0.00171450176276, 0.0036625165958, -0.00248372275382, 0.000460945797386, -0.00342341861688, 0.00196182238869, -0.0022170394659, 0.00189788755961, -0.000942566432059, 0.00257976935245, -0.000632041366771, 0.00369197619148], [-0.00106327864341, 0.00521144922823, -0.00248372275382, 0.0075051584281, -0.00412973668426, 0.00174817582592, -0.00400150567293, 0.00207461626269, -0.00432716170326, 0.00247735809535, -0.00395464710891, 0.0033102913294, -0.00325726345181], [0.000686547835357, -0.00570685602725, 0.000460945797386, -0.00412973668426, 0.00828717183322, -0.00249586044811, -0.000453311018646, 0.000864165485837, 0.00211937935092, -0.00266152294353, 0.00375475524925, -0.000800171867013, 0.00207005883567], [-0.000972148904111, 0.00356375309639, -0.00342341861688, 0.00174817582592, -0.00249586044811, 0.00629915064201, -0.00190669018775, -0.000267913594143, -0.00193025474437, 0.00127870577853, -0.00379307405092, 0.00219578365795, -0.00402033794671], [0.000813028891571, -0.00457332376391, 0.00196182238869, -0.00400150567293, -0.000453311018646, -0.00190669018775, 0.0114689832553, -0.003146949457, 0.0034214053303, -0.00124885456171, 0.00240882835351, -0.00643482897431, 0.00512650096789], [-0.001090509817, 0.00161800708156, -0.0022170394659, 0.00207461626269, 0.000864165485837, -0.000267913594143, -0.003146949457, 0.0119582908228, -0.00736795458943, 0.00532898772508, -0.00433778204024, 0.00146637845319, -0.00201510428451], [0.000991235370748, -0.00669246027246, 0.00189788755961, -0.00432716170326, 0.00211937935092, -0.00193025474437, 0.0034214053303, -0.00736795458943, 0.0192455425858, -0.0105003667995, 0.010979979299, -0.00397872785106, 0.00202139955945], [-0.000744787452277, 0.00534515688196, -0.000942566432059, 0.00247735809535, -0.00266152294353, 0.00127870577853, -0.00124885456171, 0.00532898772508, -0.0105003667995, 0.0192731451243, -0.00877031963319, 0.00574055407196, -0.00226262398064], [0.00118456524797, -0.00680465623736, 0.00257976935245, -0.00395464710891, 0.00375475524925, -0.00379307405092, 0.00240882835351, -0.00433778204024, 0.010979979299, -0.00877031963319, 0.0199332218617, -0.0071428976953, 0.00476577319205], [-0.00131233630236, 0.00468658423051, -0.000632041366771, 0.0033102913294, -0.000800171867013, 0.00219578365795, -0.00643482897431, 0.00146637845319, -0.00397872785106, 0.00574055407196, -0.0071428976953, 0.0204055346549, -0.00657944614068], [0.00169345061295, -0.00586539087817, 0.00369197619148, -0.00325726345181, 0.00207005883567, -0.00402033794671, 0.00512650096789, -0.00201510428451, 0.00202139955945, -0.00226262398064, 0.00476577319205, -0.00657944614068, 0.0264216773212]]
    },
    "melbands": {
        "dmean": [0.000550607335754, 0.00155915459618, 0.00192993367091, 0.000564647139981, 0.000219650843064, 0.000111356865091, 0.000144216959598, 6.24237582088e-05, 4.58287177025e-05, 3.14196622639e-05, 3.24121829181e-05, 3.46787273884e-05, 1.40054844451e-05, 7.92476657807e-06, 1.74963679456e-06, 1.06673098799e-06, 9.09385676096e-07, 8.59664942254e-06, 1.21348875837e-05, 1.65896944964e-05, 1.97438712348e-05, 1.27578150568e-05, 1.30973066916e-05, 6.84378210281e-06, 3.79017365049e-06, 3.45363378074e-06, 2.11546284845e-06, 1.70382247688e-06, 1.66737527252e-06, 1.30624266603e-06, 1.069817813e-06, 1.21379912343e-06, 9.33505134526e-07, 8.10595736311e-07, 6.91486661708e-07, 5.85610735016e-07, 3.98525401124e-07, 3.12647387091e-07, 2.83735005269e-07, 2.0999502226e-07],
        "dmean2": [0.000872554956004, 0.00260278885253, 0.00323847797699, 0.000954106624704, 0.000341531005688, 0.000166284051375, 0.000181854789844, 8.72511591297e-05, 6.5519605414e-05, 4.32603192166e-05, 4.84513766423e-05, 4.68261168862e-05, 1.75178920472e-05, 1.12919315143e-05, 2.7208350275e-06, 1.62775938861e-06, 1.43420925269e-06, 1.31951428557e-05, 1.84993368748e-05, 2.48009273491e-05, 3.08023263642e-05, 1.85789867828e-05, 2.0259503799e-05, 1.06473935375e-05, 5.0089679462e-06, 5.22960044691e-06, 3.15394800054e-06, 2.48931928581e-06, 2.62889329861e-06, 2.03333638638e-06, 1.54850033596e-06, 1.88369506304e-06, 1.51832864503e-06, 1.23801032714e-06, 1.08960728085e-06, 9.34855393098e-07, 6.39619543108e-07, 4.61771691107e-07, 4.19512332428e-07, 3.14434259963e-07],
        "dvar": [1.27481700929e-06, 1.19226269817e-05, 1.59808296303e-05, 1.3406039443e-06, 1.03915603233e-07, 1.98250003081e-08, 3.79050995036e-08, 7.53196260916e-09, 9.63069002324e-09, 2.62994936939e-09, 3.47844353321e-09, 6.16416651056e-09, 1.17320508863e-09, 3.91132626287e-10, 3.16175141624e-11, 1.47333308748e-11, 6.28137169015e-12, 1.87575108224e-10, 3.5862163239e-10, 7.93310694913e-10, 9.05260644224e-10, 5.25478105473e-10, 3.91688542711e-10, 8.53304649162e-11, 9.87891296544e-11, 1.24934576573e-10, 4.26244525786e-11, 3.73545257226e-11, 5.66298154203e-11, 3.86805101837e-11, 2.42582551269e-11, 3.75024074295e-11, 2.50572479432e-11, 1.65253453283e-11, 1.26053932917e-11, 9.30914199893e-12, 4.3483276875e-12, 2.31947382308e-12, 2.15550906117e-12, 1.14472212091e-12],
        "dvar2": [3.04417244479e-06, 3.19047212543e-05, 4.26689912274e-05, 3.65765208699e-06, 2.59021391003e-07, 4.66832510426e-08, 5.79835095493e-08, 1.36947271301e-08, 1.90060038818e-08, 4.70595606927e-09, 6.75994638044e-09, 1.12654117146e-08, 1.39460831772e-09, 7.28289484275e-10, 5.85878220938e-11, 2.68079707738e-11, 1.55304137606e-11, 4.25449592223e-10, 8.42278913282e-10, 1.69875158385e-09, 2.32275487733e-09, 1.07138209415e-09, 9.16776154991e-10, 2.01595518057e-10, 1.55589402473e-10, 3.28883309475e-10, 1.01995183133e-10, 8.14741885069e-11, 1.33247468614e-10, 8.93044735384e-11, 4.79935743924e-11, 8.76829303609e-11, 6.12757414253e-11, 3.60055978088e-11, 3.07825119561e-11, 2.27124360985e-11, 1.07696187038e-11, 4.908859777e-12, 4.88614140468e-12, 2.68011632852e-12],
        "max": [0.024236228317, 0.0484448745847, 0.0428210012615, 0.0142400227487, 0.00797455571592, 0.00207004067488, 0.00695884367451, 0.00242285383865, 0.00183360755909, 0.00130807620008, 0.0016264548758, 0.0016256965464, 0.00166211067699, 0.000379491917556, 0.000182274525287, 0.000134013185743, 7.67174642533e-05, 0.00021786254365, 0.00031250124448, 0.000589924340602, 0.000626933004241, 0.000509232806507, 0.000303308508592, 0.000111514404125, 0.000378512515454, 0.000170280211023, 8.21712092147e-05, 8.34914171719e-05, 8.43705129228e-05, 9.49508466874e-05, 6.88884247211e-05, 8.76845224411e-05, 8.27268449939e-05, 6.51746377116e-05, 4.38231982116e-05, 3.97134681407e-05, 3.04880377371e-05, 2.35199895542e-05, 2.44391230808e-05, 1.55578873091e-05],
        "mean": [0.00183898408432, 0.00382579048164, 0.00381694361567, 0.00118960102554, 0.000693344511092, 0.000323358923197, 0.000610041839536, 0.000261131732259, 0.000145629572216, 0.000130700937007, 0.000115009592264, 6.94338159519e-05, 4.85021046188e-05, 1.96943292394e-05, 3.12497354571e-06, 1.64941889125e-06, 1.43937188568e-06, 2.0053175831e-05, 3.41014747391e-05, 4.59243274236e-05, 4.58155482193e-05, 4.52140193374e-05, 2.95344252663e-05, 1.52580323629e-05, 1.12190555228e-05, 7.05074717189e-06, 3.84098075301e-06, 2.16382932194e-06, 1.52964696554e-06, 1.1145444887e-06, 1.02583442185e-06, 1.02144088032e-06, 7.7098542306e-07, 7.24359892956e-07, 5.6955201444e-07, 4.6808429488e-07, 3.2169796782e-07, 2.88405288984e-07, 2.49800223173e-07, 1.88155567571e-07],
        "median": [0.000982331694104, 0.00252645136788, 0.00212718057446, 0.000839883636218, 0.000500136753544, 0.000248260475928, 0.000348856061464, 0.000139167983434, 4.42483033112e-05, 6.2650309701e-05, 3.86497558793e-05, 2.44500442932e-05, 1.20206477732e-05, 3.89890510633e-06, 1.40048859976e-06, 6.24484016498e-07, 7.25511199562e-07, 1.02730473373e-05, 2.27148138947e-05, 2.50107750617e-05, 2.97370243061e-05, 1.97265999304e-05, 1.83994943654e-05, 1.10387554741e-05, 4.26517090091e-06, 1.99961755243e-06, 1.43044780998e-06, 6.23658024779e-07, 1.24235626231e-07, 4.92290546106e-08, 2.32180017434e-08, 1.65650835271e-08, 5.20687626349e-09, 4.6376516516e-10, 9.22127096903e-11, 5.53727376451e-11, 4.78959059913e-11, 3.86638429606e-11, 3.68061484068e-11, 3.70220694379e-11],
        "min": [7.47946318827e-24, 4.79921991036e-24, 7.70857600528e-24, 6.7982881075e-24, 1.48997633864e-23, 5.62826972883e-24, 4.58400682251e-24, 1.27187444214e-23, 9.57966335346e-24, 7.97143234751e-24, 1.44980675248e-23, 7.68903828724e-24, 3.88225114958e-24, 1.31959500488e-23, 1.19827403523e-23, 1.19188307861e-23, 1.00306133233e-23, 1.31320223388e-23, 9.19766140441e-24, 1.01252789986e-23, 4.35656126302e-24, 7.60860050732e-24, 1.14230490621e-23, 1.0942637504e-23, 9.34577556139e-24, 1.21205906401e-23, 5.42510175814e-24, 8.93791790732e-24, 7.69739626853e-24, 1.15515000722e-23, 9.59358832616e-24, 1.15753954578e-23, 7.96329445841e-24, 8.94213436885e-24, 1.17333080561e-23, 1.07687859711e-23, 1.15874563522e-23, 7.316191069e-24, 1.1347376002e-23, 1.12762452031e-23],
        "var": [5.24736879015e-06, 2.32956135733e-05, 2.37638159888e-05, 2.00102113013e-06, 6.06554237947e-07, 8.8844394952e-08, 6.85887300733e-07, 1.14788122119e-07, 6.6832242851e-08, 2.9102139365e-08, 3.56671563395e-08, 1.92161220269e-08, 1.31672655002e-08, 1.97507299404e-09, 6.56663473597e-11, 2.94032263815e-11, 7.8278659596e-12, 6.82798872997e-10, 1.39503053553e-09, 3.667652404e-09, 2.56304044655e-09, 4.92399543361e-09, 1.21921495122e-09, 2.44185005549e-10, 8.14480149991e-10, 1.61589144843e-10, 5.80124351335e-11, 4.1496112102e-11, 5.3613429668e-11, 3.5922525371e-11, 2.85540740358e-11, 3.44692434318e-11, 2.12642681241e-11, 1.69322767613e-11, 1.11275494027e-11, 7.97428876403e-12, 3.69480227663e-12, 2.52575391158e-12, 2.13639804632e-12, 1.14443220525e-12]
    },
    "mfcc": {
        "mean": [-730.378601074, 207.619262695, -35.941028595, 63.1445274353, 24.4832458496, -31.4147968292, -11.5756626129, 4.73468017578, 14.694314003, -3.09335660934, -16.6850967407, -11.9345712662, 0.635071396828],
        "cov": [[4674.87988281, -955.46673584, -636.994262695, -22.7511539459, -713.425842285, -293.905822754, -117.126670837, 17.0630722046, -143.79737854, -194.51385498, 4.31510686874, -91.2445373535, 131.434860229], [-955.46673584, 1792.30993652, -803.832336426, 80.8473052979, 174.714370728, -332.535827637, 62.4744911194, 97.1307678223, 181.464431763, 4.93656253815, -26.8920726776, 40.4464111328, 73.6258850098], [-636.994262695, -803.832336426, 1715.21569824, 136.729400635, 540.404052734, 882.687927246, 272.437194824, 297.711395264, 156.466629028, 235.798187256, 192.879348755, 164.618133545, -131.947418213], [-22.7511539459, 80.8473052979, 136.729400635, 352.986114502, 194.372680664, 184.403137207, 143.4584198, 102.323982239, 117.176620483, 51.9571495056, 77.3662643433, 48.0504760742, -12.4517698288], [-713.425842285, 174.714370728, 540.404052734, 194.372680664, 525.697265625, 460.530151367, 189.553268433, 168.893814087, 179.594543457, 153.230743408, 102.552246094, 115.999008179, -74.8800506592], [-293.905822754, -332.535827637, 882.687927246, 184.403137207, 460.530151367, 739.770141602, 276.000946045, 191.570953369, 165.005432129, 162.071334839, 143.259918213, 123.391204834, -77.1329421997], [-117.126670837, 62.4744911194, 272.437194824, 143.4584198, 189.553268433, 276.000946045, 266.619689941, 167.596832275, 54.948638916, 60.5385513306, 66.4530639648, 52.1746406555, 9.22700786591], [17.0630722046, 97.1307678223, 297.711395264, 102.323982239, 168.893814087, 191.570953369, 167.596832275, 261.274200439, 128.689331055, 43.2629814148, 81.4816589355, 66.5060195923, -6.38211297989], [-143.79737854, 181.464431763, 156.466629028, 117.176620483, 179.594543457, 165.005432129, 54.948638916, 128.689331055, 213.370864868, 80.7708969116, 54.1009902954, 67.9862747192, -27.5796585083], [-194.51385498, 4.93656253815, 235.798187256, 51.9571495056, 153.230743408, 162.071334839, 60.5385513306, 43.2629814148, 80.7708969116, 135.023178101, 58.0476455688, 27.2589206696, -10.2773609161], [4.31510686874, -26.8920726776, 192.879348755, 77.3662643433, 102.552246094, 143.259918213, 66.4530639648, 81.4816589355, 54.1009902954, 58.0476455688, 105.064979553, 52.5895881653, -20.7461414337], [-91.2445373535, 40.4464111328, 164.618133545, 48.0504760742, 115.999008179, 123.391204834, 52.1746406555, 66.5060195923, 67.9862747192, 27.2589206696, 52.5895881653, 96.1597595215, -7.32040452957], [131.434860229, 73.6258850098, -131.947418213, -12.4517698288, -74.8800506592, -77.1329421997, 9.22700786591, -6.38211297989, -27.5796585083, -10.2773609161, -20.7461414337, -7.32040452957, 91.6493225098]],
