{
"lowlevel": {
    "average_loudness": 0.977005898952,
    "barkbands_crest": {
        "dmean": 2.67839026451,
        "dmean2": 4.46597003937,
        "dvar": 5.64529323578,
        "dvar2": 15.2273511887,
        "max": 20.5671787262,
        "mean": 8.37663936615,
        "median": 7.80799388885,
        "min": 2.93535161018,
        "var": 9.48253154755
    },
    "barkbands_flatness_db": {
        "dmean": 0.0199089720845,
        "dmean2": 0.031327933073,
        "dvar": 0.000301917170873,
        "dvar2": 0.000774770218413,
        "max": 0.251688718796,
        "mean": 0.120885878801,
        "median": 0.118204303086,
        "min": 0.0338297821581,
        "var": 0.00107764033601
    },
    "barkbands_kurtosis": {
        "dmean": 2.17856764793,
        "dmean2": 3.48442363739,
        "dvar": 9.05023860931,
        "dvar2": 22.2723865509,
        "max": 37.1358718872,
        "mean": 2.11488366127,
        "median": 0.819242477417,
        "min": -1.74218904972,
        "var": 16.5824451447
    },
    "barkbands_skewness": {
        "dmean": 0.537599861622,
        "dmean2": 0.81368803978,
        "dvar": 0.239639535546,
        "dvar2": 0.546474218369,
        "max": 5.3952794075,
        "mean": 1.33704209328,
        "median": 1.19811177254,
        "min": -1.7931650877,
        "var": 0.70366358757
    },
    "barkbands_spread": {
        "dmean": 4.75837230682,
        "dmean2": 7.31066703796,
        "dvar": 15.5421733856,
        "dvar2": 37.4503746033,
        "max": 54.3211326599,
        "mean": 21.8868694305,
        "median": 20.9867038727,
        "min": 3.7543592453,
        "var": 76.3346862793
    },
    "dissonance": {
        "dmean": 0.0150685254484,
        "dmean2": 0.0252300240099,
        "dvar": 0.00027857942041,
        "dvar2": 0.000685055623762,
        "max": 0.499918282032,
        "mean": 0.472286403179,
        "median": 0.476061612368,
        "min": 0.0912702828646,
        "var": 0.000355211523129
    },
    "dynamic_complexity": 1.03770780563,
    "erbbands_crest": {
        "dmean": 2.54569244385,
        "dmean2": 4.14134550095,
        "dvar": 4.78126811981,
        "dvar2": 11.5007925034,
        "max": 23.581243515,
        "mean": 8.999584198,
        "median": 8.37927818298,
        "min": 3.06491112709,
        "var": 11.5213937759
    },
    "erbbands_flatness_db": {
        "dmean": 0.010739387013,
        "dmean2": 0.0169320050627,
        "dvar": 7.75968510425e-05,
        "dvar2": 0.000174625267391,
        "max": 0.211928382516,
        "mean": 0.152387782931,
        "median": 0.153491780162,
        "min": 0.0900946855545,
        "var": 0.000380007841159
    },
    "erbbands_kurtosis": {
        "dmean": 0.679065346718,
        "dmean2": 1.0819362402,
        "dvar": 0.545875489712,
        "dvar2": 1.34852933884,
        "max": 8.53721523285,
        "mean": 0.00617335829884,
        "median": -0.201466798782,
        "min": -1.72043371201,
        "var": 1.00475037098
    },
    "erbbands_skewness": {
        "dmean": 0.315496861935,
        "dmean2": 0.498591035604,
        "dvar": 0.0686346516013,
        "dvar2": 0.175438061357,
        "max": 1.76170778275,
        "mean": -0.114012897015,
        "median": -0.0997187942266,
        "min": -2.22224020958,
        "var": 0.294071644545
    },
    "erbbands_spread": {
        "dmean": 6.65064525604,
        "dmean2": 10.1264400482,
        "dvar": 32.2939224243,
        "dvar2": 71.0602035522,
        "max": 86.9388427734,
        "mean": 34.9563407898,
        "median": 32.8099212646,
        "min": 11.2520618439,
        "var": 119.317497253
    },
    "hfc": {
        "dmean": 3.98146986961,
        "dmean2": 6.01849126816,
        "dvar": 16.2338466644,
        "dvar2": 35.0253982544,
        "max": 59.310874939,
        "mean": 21.4063549042,
        "median": 19.1485881805,
        "min": 1.11308189317e-16,
        "var": 86.1253585815
    },
    "melbands_crest": {
        "dmean": 3.93299746513,
        "dmean2": 6.30637264252,
        "dvar": 11.6988306046,
        "dvar2": 28.4191226959,
        "max": 30.531457901,
        "mean": 13.5312490463,
        "median": 12.4040765762,
        "min": 2.17169618607,
        "var": 26.4308567047
    },
    "melbands_flatness_db": {
        "dmean": 0.0262180995196,
        "dmean2": 0.0395968072116,
        "dvar": 0.000492527673487,
        "dvar2": 0.00117313442752,
        "max": 0.336360394955,
        "mean": 0.193691030145,
        "median": 0.191802307963,
        "min": 0.00660221232101,
        "var": 0.00179374124855
    },
    "melbands_kurtosis": {
        "dmean": 5.36773395538,
        "dmean2": 8.44198322296,
        "dvar": 54.9811515808,
        "dvar2": 129.306503296,
        "max": 85.0853652954,
        "mean": 8.3862247467,
        "median": 5.17399692535,
        "min": -1.31473243237,
        "var": 98.3390274048
    },
    "melbands_skewness": {
        "dmean": 0.710072875023,
        "dmean2": 1.07846045494,
        "dvar": 0.495352894068,
        "dvar2": 1.08209133148,
        "max": 8.16259860992,
        "mean": 2.38539505005,
        "median": 2.13098454475,
        "min": -0.0658408477902,
        "var": 1.24824798107
    },
    "melbands_spread": {
        "dmean": 7.28036546707,
        "dmean2": 10.9772472382,
        "dvar": 42.1088829041,
        "dvar2": 94.6103439331,
        "max": 126.634727478,
        "mean": 23.2863311768,
        "median": 21.4714622498,
        "min": 3.02772712708,
        "var": 146.906082153
    },
    "pitch_salience": {
        "dmean": 0.0736317634583,
        "dmean2": 0.118903197348,
        "dvar": 0.00428504077718,
        "dvar2": 0.0105213485658,
        "max": 0.966156899929,
        "mean": 0.55673378706,
        "median": 0.566165804863,
        "min": 0.103873960674,
        "var": 0.00817725248635
    },
    "silence_rate_20dB": {
        "dmean": 0,
        "dmean2": 0,
        "dvar": 0,
        "dvar2": 0,
        "max": 1,
        "mean": 1,
        "median": 1,
        "min": 1,
        "var": 0
    },
    "silence_rate_30dB": {
        "dmean": 0.0164948459715,
        "dmean2": 0.0324909761548,
        "dvar": 0.0162230469286,
        "dvar2": 0.041749663651,
        "max": 1,
        "mean": 0.988150417805,
        "median": 1,
        "min": 0,
        "var": 0.0117093008012
    },
    "silence_rate_60dB": {
        "dmean": 0.000515463936608,
        "dmean2": 0.00103145954199,
        "dvar": 0.000515170919243,
        "dvar2": 0.00103040458634,
        "max": 1,
        "mean": 0.0010303966701,
        "median": 0,
        "min": 0,
        "var": 0.00102934613824
    },
    "spectral_centroid": {
        "dmean": 219.020050049,
        "dmean2": 329.742095947,
        "dvar": 66752.6171875,
        "dvar2": 100890.960938,
        "max": 10780.5732422,
        "mean": 1138.31152344,
        "median": 1056.92724609,
        "min": 303.156707764,
        "var": 223140.5625
    },
    "spectral_complexity": {
        "dmean": 3.34845352173,
        "dmean2": 5.36874675751,
        "dvar": 8.49197387695,
        "dvar2": 20.6597728729,
        "max": 47,
        "mean": 22.6594543457,
        "median": 21,
        "min": 0,
        "var": 44.1905708313
    },
    "spectral_decrease": {
        "dmean": 4.02755473417e-09,
        "dmean2": 6.01726579674e-09,
        "dvar": 2.50077329059e-17,
        "dvar2": 5.40105529559e-17,
        "max": -3.36887629639e-31,
        "mean": -9.71613989265e-09,
        "median": -7.6572632679e-09,
        "min": -6.45204281113e-08,
        "var": 4.02365299928e-17
    },
    "spectral_energy": {
        "dmean": 0.0154400095344,
        "dmean2": 0.0230478998274,
        "dvar": 0.000366074236808,
        "dvar2": 0.000788707286119,
        "max": 0.248387604952,
        "mean": 0.0386126004159,
        "median": 0.0306654591113,
        "min": 1.00972564125e-20,
        "var": 0.000594385317527
    },
    "spectral_energyband_high": {
        "dmean": 0.000112707602966,
        "dmean2": 0.000161048257723,
        "dvar": 2.62358561542e-08,
        "dvar2": 4.77306016933e-08,
        "max": 0.00376726151444,
        "mean": 0.000465311051812,
        "median": 0.0003151310666,
        "min": 7.18898550623e-21,
        "var": 1.76891674641e-07
    },
    "spectral_energyband_low": {
        "dmean": 0.0118605075404,
        "dmean2": 0.0180098544806,
        "dvar": 0.000270633463515,
        "dvar2": 0.000597409438342,
        "max": 0.213107928634,
        "mean": 0.018080946058,
        "median": 0.0111331259832,
        "min": 3.13715908728e-23,
        "var": 0.000384962710086
    },
    "spectral_energyband_middle_high": {
        "dmean": 0.00153476570267,
        "dmean2": 0.00247897999361,
        "dvar": 1.99685223379e-06,
        "dvar2": 5.10446034241e-06,
        "max": 0.0197288915515,
        "mean": 0.00664903735742,
        "median": 0.00654239952564,
        "min": 1.53305930802e-21,
        "var": 8.9442864919e-06
    },
    "spectral_energyband_middle_low": {
        "dmean": 0.00951460003853,
        "dmean2": 0.0147006837651,
        "dvar": 0.00015787340817,
        "dvar2": 0.000379240809707,
        "max": 0.158705666661,
        "mean": 0.019512116909,
        "median": 0.0149612305686,
        "min": 3.04352256001e-22,
        "var": 0.000233258717344
    },
    "spectral_entropy": {
        "dmean": 0.114631898701,
        "dmean2": 0.183176457882,
        "dvar": 0.0111187379807,
        "dvar2": 0.026089001447,
        "max": 9.78929519653,
        "mean": 7.56865739822,
        "median": 7.57223081589,
        "min": 6.67052221298,
        "var": 0.0476297587156
    },
    "spectral_flux": {
        "dmean": 0.0311996992677,
        "dmean2": 0.0510305464268,
        "dvar": 0.00113231502473,
        "dvar2": 0.00264253770001,
        "max": 0.363607704639,
        "mean": 0.103696919978,
        "median": 0.0908417850733,
        "min": 1.00485106347e-10,
        "var": 0.00191343610641
    },
    "spectral_kurtosis": {
        "dmean": 1.18212401867,
        "dmean2": 2.06326794624,
        "dvar": 1.18292939663,
        "dvar2": 3.54728293419,
        "max": 12.0146741867,
        "mean": 4.42497777939,
        "median": 4.2442483902,
        "min": -1.20465159416,
        "var": 1.95329415798
    },
    "spectral_rms": {
        "dmean": 0.0011214024853,
        "dmean2": 0.0016402018955,
        "dvar": 1.33054220441e-06,
        "dvar2": 2.7272551506e-06,
        "max": 0.0155669320375,
        "mean": 0.0059058428742,
        "median": 0.00546969100833,
        "min": 3.13862737883e-12,
        "var": 2.79187156593e-06
    },
    "spectral_rolloff": {
        "dmean": 385.532745361,
        "dmean2": 620.687316895,
        "dvar": 314780.875,
        "dvar2": 469987.625,
        "max": 19315.2832031,
        "mean": 1275.27172852,
        "median": 1248.92578125,
        "min": 107.666015625,
        "var": 673428.5625
    },
    "spectral_skewness": {
        "dmean": 0.155627995729,
        "dmean2": 0.260648965836,
        "dvar": 0.0199349559844,
        "dvar2": 0.0515076704323,
        "max": 2.68473744392,
        "mean": 1.59405434132,
        "median": 1.59746706486,
        "min": 0.0403717048466,
        "var": 0.0503728948534
    },
    "spectral_spread": {
        "dmean": 253885.859375,
        "dmean2": 390590,
        "dvar": 659960299520,
        "dvar2": 597510979584,
        "max": 40628496,
        "mean": 4043491.75,
        "median": 3979074,
        "min": 2607206.5,
        "var": 1.0430260183e+12
    },
    "spectral_strongpeak": {
        "dmean": 0.601691961288,
        "dmean2": 1.06463491917,
        "dvar": 0.959025979042,
        "dvar2": 2.64781737328,
        "max": 8.47016716003,
        "mean": 0.817985653877,
        "median": 0.558974862099,
        "min": 0,
        "var": 0.889413118362
    },
    "zerocrossingrate": {
        "dmean": 0.0076139154844,
        "dmean2": 0.0092393187806,
        "dvar": 0.000146843871335,
        "dvar2": 0.000181597832125,
        "max": 0.48876953125,
        "mean": 0.0478460267186,
        "median": 0.04541015625,
        "min": 0.0048828125,
        "var": 0.000402920122724
    },
    "barkbands": {
        "dmean": [0.0011196724372, 0.00490316841751, 0.00370629597455, 0.00745168048888, 0.00136264541652, 0.00238475040533, 0.00104040047154, 0.000697736279108, 0.000526301737409, 0.00027186848456, 0.000105772167444, 0.000382751226425, 0.000523169059306, 0.000578307837714, 0.000512609316502, 0.00027182296617, 0.000415064219851, 0.000148219289258, 0.000101670426375, 5.72528188059e-05, 4.38925599155e-05, 3.73694892915e-05, 2.45878818532e-05, 2.12157738133e-05, 8.81608139025e-06, 4.44573061031e-06, 5.9196941038e-07],
        "dmean2": [0.00179498328362, 0.00807541422546, 0.00593571923673, 0.0117745725438, 0.00218791305088, 0.00373510085046, 0.00164421088994, 0.00109609740321, 0.000866467948072, 0.000405858037993, 0.000181633076863, 0.000601826817729, 0.000842390756588, 0.000907086301595, 0.000820501532871, 0.000442125397967, 0.000698962947354, 0.000245635135798, 0.000168766942807, 9.13361582207e-05, 6.90045053489e-05, 6.03597945883e-05, 3.93108530261e-05, 3.11985204462e-05, 1.4013744476e-05, 6.79094046063e-06, 9.75918851509e-07],
        "dvar": [2.55536133409e-06, 7.72521598265e-05, 4.1104900447e-05, 0.000148344086483, 2.38616416937e-06, 8.78688933881e-06, 1.35690186198e-06, 8.1556419218e-07, 7.69717587445e-07, 1.78045155508e-07, 4.24812363065e-08, 2.45529975018e-07, 4.13289853896e-07, 7.74975376316e-07, 4.45383221859e-07, 9.94995659198e-08, 7.02263150743e-07, 1.04486638008e-07, 2.20433449272e-08, 7.21666992831e-09, 3.09106873431e-09, 2.86901391533e-09, 1.25285515296e-09, 2.87188473003e-09, 2.05104738749e-10, 6.86624923585e-11, 1.17798479304e-12],
        "dvar2": [6.14754071648e-06, 0.000201494243811, 8.56044862303e-05, 0.000359112862498, 6.02175623499e-06, 2.03488543775e-05, 3.63158642358e-06, 1.9536041691e-06, 1.9732506189e-06, 3.79820221497e-07, 1.16018512131e-07, 5.8737037989e-07, 9.44044245443e-07, 1.70922885445e-06, 1.06639777187e-06, 2.4312066671e-07, 2.06111167245e-06, 2.77805582982e-07, 6.14789144038e-08, 1.54726933488e-08, 7.08657710291e-09, 6.5759397927e-09, 3.16434922709e-09, 5.09110398283e-09, 4.59957183452e-10, 1.55435053717e-10, 3.31987822649e-12],
        "max": [0.0153973465785, 0.0782324150205, 0.0809707120061, 0.154959052801, 0.016112934798, 0.0312177091837, 0.0122499987483, 0.0175702795386, 0.0100485514849, 0.0067189685069, 0.00296786031686, 0.00695659639314, 0.00770744448528, 0.0124126570299, 0.00873457733542, 0.00470445631072, 0.012546277605, 0.00812835711986, 0.00255033769645, 0.00183583074249, 0.000691822730005, 0.00109371077269, 0.000806638970971, 0.00206606090069, 0.000258409912931, 0.000141599171911, 1.59339087986e-05],
        "mean": [0.00113983510528, 0.00657992763445, 0.00431030290201, 0.00936292763799, 0.00227278610691, 0.00368028297089, 0.00178701989353, 0.00124325731304, 0.00109247874934, 0.000550589989871, 0.000174826869625, 0.000845726346597, 0.000929365691263, 0.001049067243, 0.00103375408798, 0.000559185515158, 0.000894351105671, 0.000330793147441, 0.000228485208936, 0.000141298078233, 0.000114027083328, 0.000111367007776, 7.79707625043e-05, 6.2707127654e-05, 2.67269606411e-05, 1.2638989574e-05, 8.87304622665e-07],
        "median": [0.00050290604122, 0.0040109702386, 0.00160391582176, 0.00471021886915, 0.00172263919376, 0.00236533256248, 0.00129280064721, 0.000681969569996, 0.000417727685999, 0.000280111969914, 8.2336475316e-05, 0.000456142181065, 0.000616987759713, 0.000591513235122, 0.000625677756034, 0.000420515920268, 0.000276274629869, 0.000133432389703, 0.000106741892523, 9.20034362935e-05, 8.7063468527e-05, 8.17748441477e-05, 5.47572381038e-05, 2.97442020383e-05, 1.45317453644e-05, 5.60447051612e-06, 3.19775466551e-07],
        "min": [8.28655940218e-24, 1.95444608282e-24, 1.41692829213e-23, 2.0395366038e-23, 7.42231778876e-23, 5.22495110152e-23, 4.02903702257e-23, 1.97198486677e-23, 4.98089994109e-23, 1.04653708188e-22, 4.89186657497e-23, 5.01705816954e-23, 1.3261891563e-22, 4.43469012596e-23, 1.38000991731e-22, 1.51901667514e-22, 2.97533468554e-22, 1.32639009495e-22, 3.13177678399e-22, 2.30434398838e-22, 5.83127950136e-22, 4.11421759202e-22, 5.50273168233e-22, 1.04480746963e-21, 1.19515592682e-21, 1.47437340831e-21, 2.04568046079e-21],
        "var": [2.88010346594e-06, 7.3565141065e-05, 5.10699101142e-05, 0.000187891128007, 3.70679049411e-06, 1.59441915457e-05, 2.52207678386e-06, 1.99139412871e-06, 2.57757801592e-06, 6.44182591714e-07, 7.60709895076e-08, 9.22060223729e-07, 9.52392497311e-07, 1.83731788184e-06, 1.33209152864e-06, 2.39591770423e-07, 2.00789168048e-06, 3.47637978848e-07, 8.92371332384e-08, 2.10509405463e-08, 7.58399210099e-09, 1.16838387854e-08, 4.97700236579e-09, 1.22357333154e-08, 1.13478326735e-09, 4.0106898358e-10, 2.71491986878e-12]
    },
    "erbbands": {
        "dmean": [0.144698351622, 1.15625667572, 3.28293156624, 18.1823539734, 9.70924758911, 3.45017814636, 21.3127326965, 13.6676111221, 14.8024272919, 10.442440033, 17.2858085632, 10.9875774384, 10.1212358475, 6.81156492233, 6.52274942398, 16.4949035645, 23.741153717, 19.6326961517, 35.9426116943, 14.0404434204, 15.732843399, 20.230463028, 9.84781265259, 5.26554679871, 4.10909080505, 2.81702971458, 1.99640643597, 1.63938987255, 1.45956850052, 1.0179284811, 0.643829226494, 0.534448266029, 0.291334301233, 0.123469002545, 0.0564564876258, 0.0247202515602, 0.00803255289793, 0.00181585969403, 4.63100077468e-05, 1.71512401721e-05],
        "dmean2": [0.244587242603, 1.91930449009, 5.32758951187, 28.0294113159, 15.8637895584, 5.63115406036, 32.9481697083, 21.7420463562, 23.3429908752, 16.6856822968, 27.2739067078, 18.1483135223, 15.7937755585, 10.4380989075, 10.8064002991, 26.1667480469, 37.6509513855, 31.3720874786, 56.2457847595, 22.3214359283, 25.7634792328, 34.2591438293, 16.4517288208, 8.8760099411, 6.71967172623, 4.52689933777, 3.11278891563, 2.56750011444, 2.34838056564, 1.64831411839, 1.02666759491, 0.818304300308, 0.429118722677, 0.197091802955, 0.0895748883486, 0.0389817282557, 0.0125497980043, 0.00283817667514, 7.1817470598e-05, 2.53776870522e-05],
        "dvar": [0.0505935437977, 5.08842658997, 28.7855987549, 984.45880127, 211.651412964, 14.3565359116, 744.929260254, 422.162078857, 328.296142578, 150.814178467, 497.44644165, 301.545013428, 301.06463623, 86.4764556885, 88.0439605713, 454.542724609, 828.105163574, 997.505981445, 2155.859375, 464.403442383, 378.634094238, 1910.72302246, 412.748626709, 60.4202537537, 39.277721405, 18.7076759338, 6.15676736832, 4.35734272003, 4.577729702, 1.97832202911, 0.931200683117, 1.50142657757, 0.484990566969, 0.0389343127608, 0.00999558717012, 0.00212647323497, 0.000243991511525, 1.15478969747e-05, 6.30000851487e-09, 4.41625791492e-10],
        "dvar2": [0.130782082677, 13.7655649185, 68.3359451294, 2204.82421875, 531.702758789, 36.0010070801, 1760.23388672, 973.885437012, 906.633056641, 368.189361572, 1241.10327148, 744.991455078, 737.320251465, 190.764724731, 230.170684814, 1059.08251953, 1807.7701416, 2458.72802734, 4766.95117188, 1016.91522217, 926.76385498, 5469.37792969, 1247.36730957, 166.802429199, 107.975875854, 39.5404930115, 14.1145820618, 10.3292379379, 10.2062711716, 4.81342363358, 2.31132817268, 3.03348398209, 0.852362990379, 0.0872438922524, 0.0237040296197, 0.0051203337498, 0.000584287568927, 2.75537367997e-05, 1.54133061869e-08, 9.36015820407e-10],
        "max": [2.39281010628, 20.0690574646, 51.3252639771, 454.95614624, 167.225234985, 43.8481712341, 375.87109375, 258.339385986, 175.386199951, 171.123336792, 344.20602417, 217.473815918, 253.820632935, 157.219543457, 134.505096436, 348.89932251, 383.695220947, 685.918457031, 535.745849609, 671.80645752, 318.969787598, 610.96105957, 368.694763184, 120.136199951, 138.353912354, 96.2431106567, 36.6935768127, 27.1597442627, 52.1831474304, 28.3273258209, 20.6020565033, 37.7004890442, 28.3076782227, 3.55796456337, 1.6855455637, 0.724598109722, 0.319895803928, 0.0648021921515, 0.00148327555507, 0.000276974897133],
        "mean": [0.159388646483, 1.55998420715, 4.18928718567, 23.3939056396, 12.8787603378, 6.25847244263, 31.8542327881, 22.7494621277, 24.388458252, 19.9524078369, 30.7819671631, 22.8323898315, 23.0257816315, 13.709528923, 13.4991502762, 37.8867759705, 44.3360748291, 40.2536277771, 77.9368743896, 33.3962020874, 35.981212616, 47.7989692688, 24.1100234985, 12.445069313, 10.2981710434, 7.00248241425, 4.77611064911, 4.37211799622, 4.17359542847, 3.13106322289, 1.99326455593, 1.58493828773, 0.827778577805, 0.36236423254, 0.156761437654, 0.0633244588971, 0.0217243805528, 0.00411453051493, 0.000114699207188, 4.76687237096e-05],
        "median": [0.0742705538869, 0.979001522064, 2.20561313629, 10.7471408844, 7.50581407547, 4.80619001389, 21.1774120331, 11.9277229309, 16.3311157227, 15.4577178955, 18.3359870911, 12.0493936539, 9.72531318665, 8.94230937958, 8.86901473999, 22.9547805786, 30.7850208282, 27.6057128906, 45.8083534241, 23.9430332184, 25.898557663, 13.8643703461, 9.04436397552, 5.65962409973, 5.42934417725, 4.6353392601, 3.38452506065, 3.37567877769, 3.01940131187, 2.29793858528, 1.33402752876, 0.799830079079, 0.40830463171, 0.204495310783, 0.0792997926474, 0.0287833660841, 0.0092948526144, 0.00168223457877, 5.84959161642e-05, 3.89919077861e-05],
        "min": [1.40401728968e-22, 4.62051356971e-22, 1.06251139656e-20, 4.96857214793e-20, 5.57500151945e-20, 3.4014739538e-19, 3.62973987221e-19, 4.16788755211e-19, 7.1853147307e-19, 4.74757675937e-19, 5.46055991848e-19, 1.25062574185e-18, 3.07600221591e-18, 1.95190367491e-18, 2.56708265275e-18, 2.27440795406e-18, 6.77098368418e-18, 2.52256420578e-18, 3.94970718842e-18, 8.82035756619e-18, 9.76664639669e-18, 1.80052188867e-17, 8.99212906501e-18, 1.04110109949e-17, 1.68669323371e-17, 1.26763402281e-17, 2.04698266829e-17, 1.95846210047e-17, 1.34499418709e-17, 1.75237733005e-17, 1.48075586687e-17, 1.3904942493e-17, 2.02463522599e-17, 1.27346796224e-17, 9.23604312096e-18, 5.10362414293e-18, 3.32125506367e-18, 1.04137851519e-18, 2.79771327374e-19, 3.09605786902e-20],
        "var": [0.0504427179694, 4.3580904007, 30.2883701324, 1339.47424316, 261.431030273, 25.2960662842, 1114.76623535, 810.850952148, 581.639221191, 279.483306885, 1081.09545898, 766.799560547, 1095.02148438, 218.683151245, 199.128662109, 1623.71533203, 1980.64660645, 2135.96191406, 6991.93212891, 1737.92163086, 1058.36547852, 5957.47802734, 1478.76391602, 228.834472656, 183.212005615, 52.6304359436, 16.1095161438, 11.5165681839, 17.3063240051, 7.67343378067, 3.84118843079, 6.47871541977, 2.04114103317, 0.208834737539, 0.0446298904717, 0.00907057151198, 0.00128071010113, 5.31631449121e-05, 2.79895608912e-08, 7.87262532942e-10]
    },
    "gfcc": {
        "mean": [32.4466896057, 107.178741455, -120.830383301, 38.2193908691, -49.941192627, 18.0926742554, -44.5774154663, 0.945400714874, -15.7097187042, 5.83919239044, -15.9473361969, -2.35341262817, -15.0975990295],
        "cov": [[1898.74719238, -274.155700684, 30.4458618164, 74.9002838135, 40.8848228455, 15.848408699, -72.6061477661, 127.695724487, -94.6835174561, 2.30239868164, -111.362541199, 55.7277069092, -91.8234939575], [-274.155700684, 466.184844971, 5.48010873795, 3.07287406921, -18.9334754944, 0.0425658300519, 56.5445594788, -104.072975159, 49.7412071228, -7.88671350479, 79.8103790283, -55.3464241028, 58.107383728], [30.4458618164, 5.48010873795, 143.495498657, 41.2989196777, 26.89220047, 4.11663818359, 8.17724990845, 0.49262458086, -1.52381670475, 4.24048662186, -8.46813774109, -9.72182273865, -9.76787948608], [74.9002838135, 3.07287406921, 41.2989196777, 133.921188354, 33.3376693726, -49.2402992249, -17.7369098663, 24.8845748901, 1.68547129631, -55.0976104736, 13.0182704926, 7.43725013733, -2.70535516739], [40.8848228455, -18.9334754944, 26.89220047, 33.3376693726, 88.9779510498, 25.6896533966, -2.36033439636, 4.00961923599, 2.35574913025, 2.73138546944, -11.1175498962, -2.59967160225, -15.4611701965], [15.848408699, 0.0425658300519, 4.11663818359, -49.2402992249, 25.6896533966, 106.939323425, 35.9674720764, -27.8560123444, 8.33046627045, 45.9807052612, -18.7604732513, -24.4444026947, -9.93563175201], [-72.6061477661, 56.5445594788, 8.17724990845, -17.7369098663, -2.36033439636, 35.9674720764, 81.8417053223, 18.8821563721, 3.46963334084, -5.9114317894, -4.05262947083, -23.5441818237, 8.2868309021], [127.695724487, -104.072975159, 0.49262458086, 24.8845748901, 4.00961923599, -27.8560123444, 18.8821563721, 117.451797485, 8.83173847198, -28.5145244598, -13.7770261765, 29.4724082947, 2.84849572182], [-94.6835174561, 49.7412071228, -1.52381670475, 1.68547129631, 2.35574913025, 8.33046627045, 3.46963334084, 8.83173847198, 66.4103851318, 32.8839797974, 18.7860660553, 1.47286486626, 13.2549953461], [2.30239868164, -7.88671350479, 4.24048662186, -55.0976104736, 2.73138546944, 45.9807052612, -5.9114317894, -28.5145244598, 32.8839797974, 101.648284912, 18.8740730286, 0.754193246365, -1.89168143272], [-111.362541199, 79.8103790283, -8.46813774109, 13.0182704926, -11.1175498962, -18.7604732513, -4.05262947083, -13.7770261765, 18.7860660553, 18.8740730286, 85.4004058838, 32.4187927246, 27.8936042786], [55.7277069092, -55.3464241028, -9.72182273865, 7.43725013733, -2.59967160225, -24.4444026947, -23.5441818237, 29.4724082947, 1.47286486626, 0.754193246365, 32.4187927246, 83.0490722656, 30.1005420685], [-91.8234939575, 58.107383728, -9.76787948608, -2.70535516739, -15.4611701965, -9.93563175201, 8.2868309021, 2.84849572182, 13.2549953461, -1.89168143272, 27.8936042786, 30.1005420685, 64.5905151367]],
        "icov": [[0.00127622927539, -0.0020374362357, 0.000548106385395, -0.00259890034795, 0.00138305674773, -0.00224617728963, 0.00261256634258, -0.00389537238516, 0.00451579177752, -0.00358390924521, 0.00324149150401, -0.00251683150418, 0.00218481058255], [-0.0020374362357, 0.0110732605681, -0.00183808745351, 0.00634283106774, -0.00401437701657, 0.00689534656703, -0.00984519347548, 0.0143134333193, -0.0144459055737, 0.0114586902782, -0.0116390073672, 0.00971504393965, -0.00833990145475], [0.000548106385395, -0.00183808745351, 0.00924226082861, -0.00604470726103, -0.000141925789649, -0.000379741861252, -0.00113913556561, -0.00174345541745, 0.00449024699628, -0.00645002443343, 0.00456420937553, -0.0021896015387, 0.00164691032842], [-0.00259890034795, 0.00634283106774, -0.00604470726103, 0.0235965326428, -0.00998160429299, 0.00881621427834, -0.00262681255117, 0.0084620853886, -0.0159347746521, 0.0197847839445, -0.0144694447517, 0.00907734502107, -0.00452802469954], [0.00138305674773, -0.00401437701657, -0.000141925789649, -0.00998160429299, 0.0187368225306, -0.0105694755912, 0.00597612559795, -0.00702146207914, 0.00676487851888, -0.00634205387905, 0.00653567863628, -0.00579676404595, 0.0058452039957], [-0.00224617728963, 0.00689534656703, -0.000379741861252, 0.00881621427834, -0.0105694755912, 0.0278587881476, -0.0189806036651, 0.0165151208639, -0.0119269760326, 0.000718738418072, -0.00206262245774, 0.00448337057605, -0.00435238750651], [0.00261256634258, -0.00984519347548, -0.00113913556561, -0.00262681255117, 0.00597612559795, -0.0189806036651, 0.0346533246338, -0.0236539579928, 0.0152851082385, -0.00396159477532, 0.0034045309294, 0.00249463878572, 0.00151125655975], [-0.00389537238516, 0.0143134333193, -0.00174345541745, 0.0084620853886, -0.00702146207914, 0.0165151208639, -0.0236539579928, 0.0362544804811, -0.026603801176, 0.017516983673, -0.00914900097996, 0.00283600040711, -0.00742621021345], [0.00451579177752, -0.0144459055737, 0.00449024699628, -0.0159347746521, 0.00676487851888, -0.0119269760326, 0.0152851082385, -0.026603801176, 0.0459919832647, -0.0288170929998, 0.0145557681099, -0.00858832616359, 0.00585831003264], [-0.00358390924521, 0.0114586902782, -0.00645002443343, 0.0197847839445, -0.00634205387905, 0.000718738418072, -0.00396159477532, 0.017516983673, -0.0288170929998, 0.039488684386, -0.0216860622168, 0.010938427411, -0.0058841756545], [0.00324149150401, -0.0116390073672, 0.00456420937553, -0.0144694447517, 0.00653567863628, -0.00206262245774, 0.0034045309294, -0.00914900097996, 0.0145557681099, -0.0216860622168, 0.0357701294124, -0.0208647754043, 0.00703079067171], [-0.00251683150418, 0.00971504393965, -0.0021896015387, 0.00907734502107, -0.00579676404595, 0.00448337057605, 0.00249463878572, 0.00283600040711, -0.00858832616359, 0.010938427411, -0.0208647754043, 0.0349083170295, -0.018586570397], [0.00218481058255, -0.00833990145475, 0.00164691032842, -0.00452802469954, 0.0058452039957, -0.00435238750651, 0.00151125655975, -0.00742621021345, 0.00585831003264, -0.0058841756545, 0.00703079067171, -0.018586570397, 0.0312645360827]]
    },
    "melbands": {
        "dmean": [0.00134419673122, 0.00164279656019, 0.00278618047014, 0.000336698984029, 0.000596564030275, 0.000333843840053, 0.000221717433305, 0.000109449705633, 0.000133315712446, 7.18033406883e-05, 5.27767915628e-05, 3.12640222546e-05, 1.87801124412e-05, 4.1051160224e-05, 5.45456023247e-05, 4.30134241469e-05, 3.93700465793e-05, 6.47273554932e-05, 2.40647950704e-05, 1.9465231162e-05, 2.04628486244e-05, 2.42640162469e-05, 1.84728814929e-05, 5.87432487009e-06, 4.71124940304e-06, 4.15394924858e-06, 2.34903995988e-06, 1.90305752312e-06, 1.48871117744e-06, 1.1672615301e-06, 1.03321440292e-06, 9.44861369589e-07, 7.81188077781e-07, 6.39107383904e-07, 4.35682181887e-07, 3.49664361465e-07, 3.78588509875e-07, 2.63621984686e-07, 1.44947790659e-07, 1.10724847957e-07],
        "dmean2": [0.00220081023872, 0.00263869506307, 0.00431603146717, 0.00055412837537, 0.000921507074963, 0.000527597730979, 0.00034796417458, 0.000172893633135, 0.00021107273642, 0.000118029063742, 8.21647772682e-05, 4.74900480185e-05, 3.14984645229e-05, 6.48362838547e-05, 8.48244089866e-05, 6.99143565726e-05, 6.28914058325e-05, 0.000100265177025, 3.89793058275e-05, 3.14850440191e-05, 3.37835408573e-05, 4.16971415689e-05, 3.08628150378e-05, 9.9567723737e-06, 8.01160786068e-06, 6.88871796228e-06, 3.89710066884e-06, 3.07294044433e-06, 2.40227655013e-06, 1.83550037036e-06, 1.65521271356e-06, 1.54237636707e-06, 1.27699377117e-06, 1.05635615455e-06, 7.17121565685e-07, 5.6411732885e-07, 5.7824081523e-07, 3.9514767991e-07, 2.31370520964e-07, 1.80564384777e-07],
        "dvar": [4.73346244689e-06, 7.31444197299e-06, 2.09294757951e-05, 2.00344999257e-07, 5.85030250022e-07, 2.2177816561e-07, 7.02605333913e-08, 1.64806994718e-08, 2.81248144773e-08, 1.44996015194e-08, 7.98761146115e-09, 1.81812220834e-09, 1.00485142429e-09, 3.40256245401e-09, 3.63097307776e-09, 3.28779559133e-09, 3.61208396527e-09, 7.69318742044e-09, 8.90249318708e-10, 6.36365293794e-10, 6.89282853017e-10, 2.95884605706e-09, 2.16987916524e-09, 7.34895477805e-11, 5.29151479578e-11, 4.07379546763e-11, 1.2083849546e-11, 1.03067459081e-11, 3.38428894284e-12, 2.46165587914e-12, 1.53728895932e-12, 1.85071424331e-12, 1.28210972655e-12, 7.32613730965e-13, 4.32042422671e-13, 4.43899013684e-13, 9.91225981503e-13, 5.57013257133e-13, 5.30431445566e-14, 3.30881935078e-14],
        "dvar2": [1.20114827951e-05, 1.87113837455e-05, 4.72575557069e-05, 5.19856598657e-07, 1.37923825605e-06, 5.06936828515e-07, 1.92007433952e-07, 3.91807191136e-08, 7.07655658516e-08, 3.75320894364e-08, 1.93367544199e-08, 3.92669052829e-09, 2.71898126236e-09, 8.1650366468e-09, 8.23498513824e-09, 8.0257409607e-09, 8.69589644736e-09, 1.67045453026e-08, 2.19294138404e-09, 1.48458079163e-09, 1.78239079052e-09, 8.42908587373e-09, 6.43668629507e-09, 2.04372616053e-10, 1.47910905746e-10, 1.18929338599e-10, 3.14479518815e-11, 2.10923639665e-11, 8.06681284271e-12, 5.9446631645e-12, 3.87947703476e-12, 4.23401721669e-12, 3.26128056852e-12, 1.96658618209e-12, 1.11512491949e-12, 1.01179871773e-12, 1.82639754015e-12, 1.01375559423e-12, 1.38799236861e-13, 8.07720454106e-14],
        "max": [0.021080294624, 0.0199625324458, 0.0628872439265, 0.00454963650554, 0.0104616452008, 0.00579309789464, 0.00266399560496, 0.00215159542859, 0.00228698411956, 0.00131912436336, 0.00126790616196, 0.000682182027958, 0.000450234016171, 0.000945951032918, 0.000718092778698, 0.000620178703684, 0.00130054075271, 0.00120448949747, 0.000574765785132, 0.000637884309981, 0.000384449434932, 0.000818081491161, 0.000778878631536, 0.000131797860377, 0.000107812178612, 0.000112607267511, 6.65288607706e-05, 7.6303644164e-05, 2.46105610131e-05, 1.75363074959e-05, 1.63655149663e-05, 3.19664322888e-05, 2.25259100262e-05, 1.7033320546e-05, 1.44115147123e-05, 2.05825090234e-05, 3.68792170775e-05, 3.09246352117e-05, 4.63629748992e-06, 2.91724495582e-06],
        "mean": [0.0017340487102, 0.00224407413043, 0.00364035903476, 0.000511577352881, 0.000932695984375, 0.000547651725356, 0.000363984145224, 0.000216235144762, 0.000237101019593, 0.000146139165736, 0.000117469011457, 6.02317632001e-05, 3.34297219524e-05, 8.95468620001e-05, 0.00010855038272, 8.19942360977e-05, 7.35030916985e-05, 0.000136405520607, 5.16966356372e-05, 4.03011217713e-05, 4.17862720496e-05, 5.15347855981e-05, 3.76031093765e-05, 1.30416628963e-05, 9.46814543568e-06, 8.77316142578e-06, 5.78233812121e-06, 4.24349627792e-06, 3.05240814669e-06, 2.63045831161e-06, 2.49963386523e-06, 2.43027284341e-06, 2.0011837023e-06, 1.69530255789e-06, 1.16916271509e-06, 9.72816565081e-07, 9.78520347417e-07, 6.39457311991e-07, 3.95938144493e-07, 2.70154600912e-07],
        "median": [0.000974988681264, 0.00136613985524, 0.00181690987665, 0.000354587857146, 0.000645050022285, 0.000309037219267, 0.000246663374128, 0.000162391137565, 0.000151735977852, 5.79333900532e-05, 4.69354454253e-05, 3.57550379704e-05, 1.92675488506e-05, 4.50272673334e-05, 7.69297257648e-05, 5.08006742166e-05, 4.77504145238e-05, 7.26150683477e-05, 3.44677428075e-05, 2.87792627205e-05, 2.88293922495e-05, 1.44906816786e-05, 1.00053284768e-05, 6.84382257532e-06, 4.09421818404e-06, 4.42596228822e-06, 3.3653329865e-06, 2.71196154245e-06, 2.07886159842e-06, 1.93005848814e-06, 1.9092515231e-06, 1.7747969423e-06, 1.41316365898e-06, 1.24825271541e-06, 8.00853229066e-07, 5.74205046178e-07, 4.41350408664e-07, 2.9142307767e-07, 2.26289856187e-07, 1.51250674207e-07],
        "min": [1.46525450283e-24, 3.89220894079e-24, 8.56189236849e-24, 1.21704718928e-23, 1.47556700534e-23, 1.08064777452e-23, 1.02981602325e-23, 4.49752479033e-24, 4.50888399293e-24, 8.51879689723e-24, 1.56119911878e-23, 8.23548854718e-24, 7.34436286965e-24, 6.21485013188e-24, 1.12719261896e-23, 1.1419164711e-23, 4.14244271967e-24, 4.9149864315e-24, 1.2893255442e-23, 1.04787699368e-23, 1.03076478626e-23, 2.07993574848e-23, 9.30502142931e-24, 6.90044322815e-24, 8.31287027995e-24, 1.21800604971e-23, 1.14213167235e-23, 6.74928643465e-24, 1.22185687422e-23, 1.32988916638e-23, 1.05376836469e-23, 6.69829683232e-24, 9.7110789028e-24, 9.90370926953e-24, 8.7661253014e-24, 7.81073743681e-24, 8.81457003845e-24, 1.54008730769e-23, 1.02101123114e-23, 1.17496698202e-23],
        "var": [4.92972458233e-06, 7.05262209522e-06, 2.85276382783e-05, 2.64065420197e-07, 8.85510132775e-07, 4.32511598092e-07, 1.25699699538e-07, 3.56879148455e-08, 5.97460996232e-08, 4.31740332374e-08, 2.96412583367e-08, 5.27658761129e-09, 1.85298854039e-09, 1.26143078205e-08, 1.01222665805e-08, 8.15309597613e-09, 7.64297336531e-09, 2.46625670997e-08, 2.82223355796e-09, 2.00681182783e-09, 1.83904291795e-09, 7.94138088622e-09, 5.56540946661e-09, 2.44711501063e-10, 1.48936710187e-10, 1.43359060734e-10, 4.59091618887e-11, 2.35897915785e-11, 7.74056947012e-12, 4.9615992738e-12, 3.95236317632e-12, 5.85649541016e-12, 4.75844147071e-12, 2.09782625299e-12, 1.33806247332e-12, 1.43206280168e-12, 3.72773947127e-12, 1.67294715407e-12, 2.56504669935e-13, 1.20228507055e-13]
    },
    "mfcc": {
        "mean": [-606.137878418, 130.571609497, -4.15739393234, 23.6008625031, 13.7947092056, 15.9698839188, -9.18505859375, -1.06635940075, -3.26743459702, 3.53087711334, 3.07318282127, 3.09961748123, -1.41921031475],
        "cov": [[913.343933105, -216.379516602, -17.9517459869, 52.4076080322, 82.9289779663, -69.071182251, 26.38945961, 66.8866577148, 35.4529800415, -18.2669887543, -4.2665348053, 4.74570846558, -45.9255752563], [-216.379516602, 355.827056885, 37.0883483887, -20.1150951385, -43.1069984436, 79.5549545288, 6.6710357666, -54.0662307739, -13.6533231735, 18.5554256439, 2.18617868423, -7.22395944595, 43.4409484863], [-17.9517459869, 37.0883483887, 112.873069763, 31.0258197784, -0.767929434776, 15.660741806, 2.79223752022, -10.685172081, -0.446760356426, 5.59214258194, 1.76456832886, 1.80591678619, 1.5954875946], [52.4076080322, -20.1150951385, 31.0258197784, 157.390991211, 52.6131362915, -67.9616699219, -9.42019271851, 53.2688331604, -17.3718299866, -30.023651123, -14.3670406342, -2.15552783012, -13.6130828857], [82.9289779663, -43.1069984436, -0.767929434776, 52.6131362915, 96.1135635376, 5.95597362518, -13.8612270355, 10.7014360428, -6.09710502625, -12.8022346497, 9.14502716064, 5.71864509583, -7.29555416107], [-69.071182251, 79.5549545288, 15.660741806, -67.9616699219, 5.95597362518, 147.134094238, 15.2688121796, -67.2726211548, 5.54583215714, 23.1747741699, 21.1440315247, 0.872278749943, 16.6903305054], [26.38945961, 6.6710357666, 2.79223752022, -9.42019271851, -13.8612270355, 15.2688121796, 71.0158920288, 19.6225090027, 10.2745895386, 9.28461837769, -6.98337745667, -5.29553747177, -5.73926877975], [66.8866577148, -54.0662307739, -10.685172081, 53.2688331604, 10.7014360428, -67.2726211548, 19.6225090027, 106.589538574, 21.1819858551, -14.3569850922, -14.5583000183, -7.65969896317, -21.2719898224], [35.4529800415, -13.6533231735, -0.446760356426, -17.3718299866, -6.09710502625, 5.54583215714, 10.2745895386, 21.1819858551, 63.6515655518, 34.6633224487, 1.94847404957, -8.21696567535, -8.61242389679], [-18.2669887543, 18.5554256439, 5.59214258194, -30.023651123, -12.8022346497, 23.1747741699, 9.28461837769, -14.3569850922, 34.6633224487, 69.159866333, 24.347492218, 0.786970615387, -5.39121341705], [-4.2665348053, 2.18617868423, 1.76456832886, -14.3670406342, 9.14502716064, 21.1440315247, -6.98337745667, -14.5583000183, 1.94847404957, 24.347492218, 49.6355552673, 19.3006496429, 1.5096527338], [4.74570846558, -7.22395944595, 1.80591678619, -2.15552783012, 5.71864509583, 0.872278749943, -5.29553747177, -7.65969896317, -8.21696567535, 0.786970615387, 19.3006496429, 49.5304527283, 23.8866558075], [-45.9255752563, 43.4409484863, 1.5954875946, -13.6130828857, -7.29555416107, 16.6903305054, -5.73926877975, -21.2719898224, -8.61242389679, -5.39121341705, 1.5096527338, 23.8866558075, 61.8348960876]],
