{
"lowlevel": {
    "average_loudness": 0.491295903921,
    "barkbands_crest": {
        "dmean": 2.51437616348,
        "dmean2": 3.85857367516,
        "dvar": 6.56269264221,
        "dvar2": 14.332321167,
        "max": 26.4742107391,
        "mean": 14.4563274384,
        "median": 13.3912553787,
        "min": 3.47810459137,
        "var": 30.1323776245
    },
    "barkbands_flatness_db": {
        "dmean": 0.0331498868763,
        "dmean2": 0.0468064658344,
        "dvar": 0.00131503515877,
        "dvar2": 0.00223262887448,
        "max": 0.656161546707,
        "mean": 0.278149068356,
        "median": 0.262225985527,
        "min": 0.0194558110088,
        "var": 0.00958545785397
    },
    "barkbands_kurtosis": {
        "dmean": 11.0967636108,
        "dmean2": 17.2915744781,
        "dvar": 618.739685059,
        "dvar2": 1558.03259277,
        "max": 679.86706543,
        "mean": 23.4492816925,
        "median": 11.2888698578,
        "min": -1.94465613365,
        "var": 1382.11352539
    },
    "barkbands_skewness": {
        "dmean": 0.875563800335,
        "dmean2": 1.2847121954,
        "dvar": 1.11601614952,
        "dvar2": 2.45702624321,
        "max": 18.3950386047,
        "mean": 3.00914049149,
        "median": 2.62212371826,
        "min": -3.55219531059,
        "var": 5.21003246307
    },
    "barkbands_spread": {
        "dmean": 3.2463414669,
        "dmean2": 5.05517673492,
        "dvar": 58.5751571655,
        "dvar2": 139.728378296,
        "max": 100.69606781,
        "mean": 8.69630241394,
        "median": 5.53356552124,
        "min": 0.0921472534537,
        "var": 132.515975952
    },
    "dissonance": {
        "dmean": 0.0309164915234,
        "dmean2": 0.0501887314022,
        "dvar": 0.000969266751781,
        "dvar2": 0.00234456500039,
        "max": 0.499591648579,
        "mean": 0.408961474895,
        "median": 0.415620923042,
        "min": 0.0591118782759,
        "var": 0.00276062404737
    },
    "dynamic_complexity": 4.8682551384,
    "erbbands_crest": {
        "dmean": 2.73549365997,
        "dmean2": 4.19208288193,
        "dvar": 6.95693731308,
        "dvar2": 15.8148355484,
        "max": 30.6956825256,
        "mean": 13.1277561188,
        "median": 12.2834873199,
        "min": 2.66432356834,
        "var": 28.0108013153
    },
    "erbbands_flatness_db": {
        "dmean": 0.0247529428452,
        "dmean2": 0.0339559912682,
        "dvar": 0.00071320484858,
        "dvar2": 0.00121281610336,
        "max": 0.403004854918,
        "mean": 0.222747474909,
        "median": 0.223617181182,
        "min": 0.0612314380705,
        "var": 0.00366542884149
    },
    "erbbands_kurtosis": {
        "dmean": 1.99029254913,
        "dmean2": 3.05647325516,
        "dvar": 9.26829719543,
        "dvar2": 21.2695674896,
        "max": 49.1479454041,
        "mean": 3.50707983971,
        "median": 1.66105937958,
        "min": -1.78176939487,
        "var": 29.0145740509
    },
    "erbbands_skewness": {
        "dmean": 0.448732167482,
        "dmean2": 0.669708371162,
        "dvar": 0.279754698277,
        "dvar2": 0.57877767086,
        "max": 5.11939382553,
        "mean": 1.17565119267,
        "median": 1.1538850069,
        "min": -3.65255355835,
        "var": 1.50251960754
    },
    "erbbands_spread": {
        "dmean": 7.65969467163,
        "dmean2": 11.3318243027,
        "dvar": 142.477752686,
        "dvar2": 312.714263916,
        "max": 144.064453125,
        "mean": 27.9887657166,
        "median": 23.4937725067,
        "min": 2.77045369148,
        "var": 373.229736328
    },
    "hfc": {
        "dmean": 3.20447325706,
        "dmean2": 4.2695441246,
        "dvar": 39.1245880127,
        "dvar2": 73.0341567993,
        "max": 135.778488159,
        "mean": 10.3580465317,
        "median": 5.3088312149,
        "min": 1.15704793239e-16,
        "var": 194.27796936
    },
    "melbands_crest": {
        "dmean": 3.1419904232,
        "dmean2": 4.90199279785,
        "dvar": 10.0753765106,
        "dvar2": 24.7803401947,
        "max": 32.6397819519,
        "mean": 18.3991470337,
        "median": 18.1789588928,
        "min": 1.91450357437,
        "var": 34.211517334
    },
    "melbands_flatness_db": {
        "dmean": 0.0363314114511,
        "dmean2": 0.0503843724728,
        "dvar": 0.00167072634213,
        "dvar2": 0.00279645179398,
        "max": 0.798419654369,
        "mean": 0.367201149464,
        "median": 0.349053770304,
        "min": 0.00493162265047,
        "var": 0.0139046590775
    },
    "melbands_kurtosis": {
        "dmean": 15.5819234848,
        "dmean2": 24.0340175629,
        "dvar": 861.136413574,
        "dvar2": 2183.64794922,
        "max": 458.069458008,
        "mean": 32.9744758606,
        "median": 19.8782711029,
        "min": -1.77285027504,
        "var": 1684.9375
    },
    "melbands_skewness": {
        "dmean": 0.957698941231,
        "dmean2": 1.41162490845,
        "dvar": 1.36046183109,
        "dvar2": 3.0943672657,
        "max": 17.0806598663,
        "mean": 3.45413780212,
        "median": 3.06913709641,
        "min": -0.925978958607,
        "var": 4.83629703522
    },
    "melbands_spread": {
        "dmean": 3.76466178894,
        "dmean2": 5.65204811096,
        "dvar": 137.379348755,
        "dvar2": 252.157913208,
        "max": 217.631591797,
        "mean": 9.54178905487,
        "median": 5.30115461349,
        "min": 0.281154870987,
        "var": 327.676361084
    },
    "pitch_salience": {
        "dmean": 0.0713050439954,
        "dmean2": 0.110313251615,
        "dvar": 0.0052672480233,
        "dvar2": 0.0125788720325,
        "max": 0.934018135071,
        "mean": 0.42477324605,
        "median": 0.43507117033,
        "min": 0.0701279565692,
        "var": 0.0219170991331
    },
    "silence_rate_20dB": {
        "dmean": 0,
        "dmean2": 0,
        "dvar": 0,
        "dvar2": 0,
        "max": 1,
        "mean": 1,
        "median": 1,
        "min": 1,
        "var": 0
    },
    "silence_rate_30dB": {
        "dmean": 0.0350515469909,
        "dmean2": 0.0701392441988,
        "dvar": 0.0338227525353,
        "dvar2": 0.0683137848973,
        "max": 1,
        "mean": 0.910870671272,
        "median": 1,
        "min": 0,
        "var": 0.0811857283115
    },
    "silence_rate_60dB": {
        "dmean": 0.0582474209368,
        "dmean2": 0.116554923356,
        "dvar": 0.0548554621637,
        "dvar2": 0.117408283055,
        "max": 1,
        "mean": 0.120556414127,
        "median": 0,
        "min": 0,
        "var": 0.106019079685
    },
    "spectral_centroid": {
        "dmean": 148.689437866,
        "dmean2": 217.202774048,
        "dvar": 143833.390625,
        "dvar2": 229977.640625,
        "max": 11131.7851562,
        "mean": 616.485107422,
        "median": 473.723968506,
        "min": 99.5777053833,
        "var": 364412.8125
    },
    "spectral_complexity": {
        "dmean": 1.35515463352,
        "dmean2": 2.04074263573,
        "dvar": 2.37850236893,
        "dvar2": 4.29693174362,
        "max": 38,
        "mean": 7.10303974152,
        "median": 6,
        "min": 0,
        "var": 18.8825778961
    },
    "spectral_decrease": {
        "dmean": 3.22980553413e-09,
        "dmean2": 4.33343716466e-09,
        "dvar": 3.21630387648e-17,
        "dvar2": 5.80743986611e-17,
        "max": 3.88711313363e-29,
        "mean": -9.88836568183e-09,
        "median": -5.46357981079e-09,
        "min": -8.77863755022e-08,
        "var": 1.58245567177e-16
    },
    "spectral_energy": {
        "dmean": 0.0124182011932,
        "dmean2": 0.016668157652,
        "dvar": 0.000470165221486,
        "dvar2": 0.000848003081046,
        "max": 0.335116863251,
        "mean": 0.0382604636252,
        "median": 0.0212177503854,
        "min": 1.03480666215e-20,
        "var": 0.0023293949198
    },
    "spectral_energyband_high": {
        "dmean": 7.70465412643e-05,
        "dmean2": 0.000112726382213,
        "dvar": 1.53300064198e-07,
        "dvar2": 2.88178625851e-07,
        "max": 0.0104680387303,
        "mean": 0.000125124570332,
        "median": 1.59943283506e-05,
        "min": 7.57653658687e-21,
        "var": 2.92644472211e-07
    },
    "spectral_energyband_low": {
        "dmean": 0.0100091807544,
        "dmean2": 0.0135640762746,
        "dvar": 0.00041414401494,
        "dvar2": 0.000765320728533,
        "max": 0.310992598534,
        "mean": 0.0255967024714,
        "median": 0.00596414506435,
        "min": 8.83351863517e-23,
        "var": 0.00186073745135
    },
    "spectral_energyband_middle_high": {
        "dmean": 0.000934353505727,
        "dmean2": 0.00127945514396,
        "dvar": 1.11456074592e-05,
        "dvar2": 2.17396518565e-05,
        "max": 0.0924112871289,
        "mean": 0.0024924557656,
        "median": 0.000298799597658,
        "min": 1.40020523611e-21,
        "var": 4.79288100905e-05
    },
    "spectral_energyband_middle_low": {
        "dmean": 0.00342962052673,
        "dmean2": 0.0045565860346,
        "dvar": 3.23839412886e-05,
        "dvar2": 5.52623168915e-05,
        "max": 0.0966136828065,
        "mean": 0.0116652660072,
        "median": 0.00516545213759,
        "min": 3.95327583097e-22,
        "var": 0.000222781251068
    },
    "spectral_entropy": {
        "dmean": 0.277401447296,
        "dmean2": 0.393259346485,
        "dvar": 0.095454365015,
        "dvar2": 0.168230071664,
        "max": 9.80188846588,
        "mean": 6.42664241791,
        "median": 6.46785068512,
        "min": 4.3468003273,
        "var": 0.528340101242
    },
    "spectral_flux": {
        "dmean": 0.0302760824561,
        "dmean2": 0.0486835092306,
        "dvar": 0.00141743209679,
        "dvar2": 0.0035511283204,
        "max": 0.371844887733,
        "mean": 0.0652527064085,
        "median": 0.0516987629235,
        "min": 1.0172544751e-10,
        "var": 0.00261664763093
    },
    "spectral_kurtosis": {
        "dmean": 7.09112596512,
        "dmean2": 11.5050411224,
        "dvar": 88.6503295898,
        "dvar2": 232.397338867,
        "max": 122.128799438,
        "mean": 14.8279428482,
        "median": 8.72568416595,
        "min": -1.23783755302,
        "var": 282.587036133
    },
    "spectral_rms": {
        "dmean": 0.000974819529802,
        "dmean2": 0.00128527439665,
        "dvar": 1.58100203862e-06,
        "dvar2": 2.5241079129e-06,
        "max": 0.0180815737695,
        "mean": 0.00513043068349,
        "median": 0.00454975198954,
        "min": 3.17736917506e-12,
        "var": 1.10058808787e-05
    },
    "spectral_rolloff": {
        "dmean": 221.502471924,
        "dmean2": 377.471008301,
        "dvar": 751723.0625,
        "dvar2": 1516679.625,
        "max": 19078.4179688,
        "mean": 602.907226562,
        "median": 344.53125,
        "min": 64.599609375,
        "var": 1433852.625
    },
    "spectral_skewness": {
        "dmean": 0.581939101219,
        "dmean2": 0.9100933671,
        "dvar": 0.367494374514,
        "dvar2": 0.936728477478,
        "max": 8.70033836365,
        "mean": 2.59968495369,
        "median": 2.26882195473,
        "min": -0.175192818046,
        "var": 1.72848308086
    },
    "spectral_spread": {
        "dmean": 669058.75,
        "dmean2": 980961.125,
        "dvar": 1.15846951731e+12,
        "dvar2": 2.08653162906e+12,
        "max": 41700372,
        "mean": 3364993.25,
        "median": 3065104,
        "min": 653687.375,
        "var": 3.93184804864e+12
    },
    "spectral_strongpeak": {
        "dmean": 0.338923513889,
        "dmean2": 0.537561893463,
        "dvar": 0.45224443078,
        "dvar2": 1.0772767067,
        "max": 9.62030410767,
        "mean": 0.885549485683,
        "median": 0.521311283112,
        "min": 0,
        "var": 1.22224247456
    },
    "zerocrossingrate": {
        "dmean": 0.00649992935359,
        "dmean2": 0.00759618543088,
        "dvar": 0.000279928470263,
        "dvar2": 0.000392441143049,
        "max": 0.4990234375,
        "mean": 0.0254338942468,
        "median": 0.0185546875,
        "min": 0.0009765625,
        "var": 0.00117834215052
    },
    "barkbands": {
        "dmean": [0.000342549581546, 0.0075531071052, 0.00249939993955, 0.000929632689804, 0.00110779819079, 0.000848741037771, 0.0010224385187, 0.000721107877325, 0.000246597919613, 0.00029988901224, 0.00018912035739, 0.000333096279064, 0.000211821607081, 0.000149685685756, 9.20772581594e-05, 5.72321114305e-05, 0.000103286649392, 4.26817241532e-05, 3.59138139174e-05, 1.20945342132e-05, 1.60938998306e-05, 2.11972437683e-05, 1.65543533512e-05, 2.33233422477e-05, 5.29366434421e-06, 2.06371464628e-06, 8.05297304396e-08],
        "dmean2": [0.000421263888711, 0.0102998036891, 0.00355400145054, 0.00136784324422, 0.00166861107573, 0.00119308114517, 0.00134053244255, 0.000987017410807, 0.000324207241647, 0.000394768023398, 0.000270021468168, 0.000451417290606, 0.000317622558214, 0.000217028515181, 0.000139208743349, 9.08512665774e-05, 0.000155738933245, 6.5709973569e-05, 5.02689581481e-05, 1.86948382179e-05, 2.45235041803e-05, 3.17439662467e-05, 2.28800199693e-05, 3.79685225198e-05, 8.40882330522e-06, 3.3542453366e-06, 1.32405034492e-07],
        "dvar": [8.51962170145e-07, 0.000292046315735, 2.6547080779e-05, 5.09890151079e-06, 4.94898131365e-06, 4.78908668811e-06, 8.80708648765e-06, 7.94365132606e-06, 1.85101077932e-06, 3.06072092826e-06, 7.8213128063e-07, 3.66118229067e-06, 2.81098186861e-06, 7.21234812318e-07, 2.29170950661e-07, 1.72797712139e-07, 2.76167867241e-07, 5.36279571861e-08, 7.38295540259e-08, 1.37081812568e-09, 3.33891359006e-09, 1.24849703909e-08, 8.49750758647e-09, 2.83250809474e-08, 6.6331229398e-10, 6.23921886378e-11, 2.57717865061e-13],
        "dvar2": [1.3026705119e-06, 0.000554025406018, 4.61566523882e-05, 1.01237528725e-05, 9.9989656519e-06, 8.37216794025e-06, 1.54997724167e-05, 1.28987776407e-05, 3.03471938423e-06, 5.58467627343e-06, 1.63374625117e-06, 7.14322413842e-06, 6.74311468174e-06, 1.56538908413e-06, 4.979014534e-07, 3.52622123501e-07, 6.76387116982e-07, 1.39153627288e-07, 1.23183284018e-07, 3.28242966141e-09, 6.62525145856e-09, 2.43254287824e-08, 1.36136284468e-08, 6.95289017472e-08, 1.6041469264e-09, 1.44766476584e-10, 6.44520190256e-13],
        "max": [0.0141565967351, 0.277608841658, 0.123871996999, 0.0523260049522, 0.0513696186244, 0.0507977083325, 0.0599935650826, 0.076151534915, 0.0529070608318, 0.0858722180128, 0.0270184315741, 0.0701211541891, 0.0515101030469, 0.0226628948003, 0.0172193031758, 0.0130839813501, 0.0115713244304, 0.00639011664316, 0.0135059719905, 0.000962102087215, 0.0011881677201, 0.00272998027503, 0.00273698102683, 0.00406716996804, 0.00043991705752, 0.000134314745083, 1.3709382074e-05],
        "mean": [0.000572324614041, 0.0190281718969, 0.00444665970281, 0.00231765583158, 0.0023668948561, 0.00224066432565, 0.00240626861341, 0.00174970901571, 0.000435760041, 0.000586336944252, 0.000325839500874, 0.000595230492763, 0.000292200653348, 0.00022271357011, 0.000142023622175, 9.66986262938e-05, 0.000168140759342, 6.88656364218e-05, 6.14288510405e-05, 2.03869840334e-05, 2.5102386644e-05, 3.14211283694e-05, 2.38016255025e-05, 2.75810762105e-05, 6.34572870695e-06, 2.19816661229e-06, 7.24908844063e-08],
        "median": [5.11836187798e-05, 0.0023442695383, 0.00143261323683, 0.000301430671243, 0.00106190599035, 0.000279297033558, 0.000184935022844, 4.14246169385e-05, 1.86886754818e-05, 2.95814643323e-05, 3.49606816599e-05, 1.77998681465e-05, 1.05002582131e-05, 1.5734896806e-05, 1.03923766801e-05, 5.2468199101e-06, 1.15495804494e-05, 7.22100412531e-06, 5.94818584432e-06, 4.20895912612e-06, 4.04493448514e-06, 2.50084599429e-06, 1.93616210709e-06, 8.23242373826e-07, 3.88702858345e-07, 1.50866739546e-07, 1.17323073479e-09],
        "min": [1.71289273212e-24, 2.60124501137e-23, 5.22832079976e-23, 1.01734965437e-23, 7.47324349335e-23, 1.93453748183e-23, 5.74276855049e-23, 8.16264923326e-23, 1.16110480264e-22, 9.24987121679e-23, 6.97403022442e-23, 7.70501966255e-23, 9.11406092335e-23, 1.09585843272e-22, 1.11928924243e-22, 1.64325835496e-22, 1.65271774385e-22, 1.58312607562e-22, 1.86852812563e-22, 3.40523863533e-22, 4.76468806066e-22, 3.9495872436e-22, 5.48657530612e-22, 9.19765266383e-22, 1.23133275977e-21, 1.5818299456e-21, 2.4031626376e-21],
        "var": [2.3183833946e-06, 0.00132472033147, 8.87739079189e-05, 3.32547169819e-05, 1.4719259525e-05, 2.45523278863e-05, 4.29023275501e-05, 4.45790719823e-05, 4.99380712427e-06, 9.56209441938e-06, 2.2133181119e-06, 9.48592332861e-06, 3.23292897519e-06, 1.16360638458e-06, 4.34128139659e-07, 4.06865751756e-07, 3.7480873516e-07, 9.52186240966e-08, 1.88484619912e-07, 3.29381499853e-09, 6.18551210252e-09, 1.99174259308e-08, 1.8173633265e-08, 3.50833708751e-08, 9.54389234309e-10, 8.30302840371e-11, 2.69440177635e-13]
    },
    "erbbands": {
        "dmean": [0.168049886823, 1.88798451424, 3.37453484535, 2.82784366608, 2.9234828949, 4.21037101746, 4.74849748611, 7.58548402786, 12.2527513504, 16.175113678, 13.4118900299, 6.32593488693, 6.23269701004, 9.15936183929, 8.14165687561, 14.7892827988, 8.9992017746, 9.31516551971, 5.1632475853, 3.29785704613, 4.77816915512, 3.45316505432, 2.58451581001, 1.59590828419, 1.33689308167, 0.554853737354, 0.615788519382, 0.613061547279, 0.796275496483, 0.572336792946, 0.491492331028, 0.670460224152, 0.258123427629, 0.0871213153005, 0.0256213098764, 0.0102724395692, 0.00366818346083, 0.000555863429327, 1.5907759007e-05, 1.38895102282e-05],
        "dmean2": [0.219276458025, 2.61185956001, 4.92850446701, 3.98393058777, 4.55604457855, 6.36036157608, 6.48433971405, 10.6729879379, 16.2746887207, 22.232837677, 17.5061035156, 7.76518917084, 8.1001033783, 12.119594574, 11.252155304, 19.505022049, 13.3421792984, 13.4968757629, 7.11927127838, 4.77977466583, 7.10630846024, 5.19112634659, 3.94835519791, 2.14222383499, 1.99716114998, 0.8317309618, 0.953240394592, 0.905703186989, 1.15118694305, 0.814324319363, 0.684497654438, 1.05130565166, 0.412985771894, 0.137766554952, 0.0410784631968, 0.0169472321868, 0.00589736411348, 0.000911450420972, 2.40185727307e-05, 1.87341011042e-05],
        "dvar": [0.155716016889, 17.9143619537, 47.2260780334, 40.9140014648, 44.0399780273, 78.532661438, 180.470581055, 493.908996582, 1240.14831543, 3211.84375, 2790.78027344, 1372.21069336, 581.430603027, 3198.64624023, 1498.78100586, 9237.8203125, 3696.30932617, 3344.13745117, 714.893066406, 263.639648438, 927.607727051, 336.937561035, 186.000900269, 233.678146362, 25.7907276154, 2.90773105621, 4.66075468063, 5.07427120209, 15.2954263687, 10.4456720352, 8.63495635986, 26.714548111, 2.76131224632, 0.216896131635, 0.0116496393457, 0.00154737418052, 0.000228286633501, 8.29139571579e-06, 3.39719230524e-09, 5.6254290115e-10],
        "dvar2": [0.268328040838, 34.6020507812, 79.9233932495, 72.6123886108, 105.950325012, 150.298400879, 333.149230957, 845.374572754, 2254.05126953, 5481.94091797, 4158.19189453, 2229.05981445, 933.033569336, 5849.75634766, 2714.72021484, 18504.5742188, 8671.71777344, 7543.97509766, 1547.79992676, 473.920349121, 1902.97375488, 847.369445801, 486.464233398, 398.598968506, 53.6819381714, 6.39451217651, 10.1757173538, 9.65623950958, 30.2576694489, 18.9582710266, 13.9411754608, 64.1060638428, 6.59265089035, 0.511934459209, 0.030571648851, 0.00394183583558, 0.000520158035215, 1.94275562535e-05, 7.84311815494e-09, 1.01320929424e-09],
        "max": [7.2920293808, 65.1744384766, 174.66545105, 152.936569214, 109.105461121, 221.718292236, 350.048583984, 577.051635742, 749.088745117, 1697.40380859, 2104.06640625, 1643.34460449, 674.957092285, 2754.43530273, 1222.77954102, 3533.66772461, 1720.71008301, 1333.98474121, 1167.83239746, 552.191711426, 939.733520508, 501.975280762, 380.507751465, 783.183166504, 186.52935791, 46.3972587585, 41.4739875793, 52.4407348633, 102.657646179, 81.7368240356, 81.154006958, 147.741821289, 34.0474853516, 8.55136585236, 2.05196595192, 0.633898615837, 0.311345130205, 0.0591346211731, 0.00116635102313, 0.000365401356248],
        "mean": [0.408352017403, 4.70596981049, 6.59562206268, 7.30950212479, 5.48428344727, 9.2726354599, 12.052491188, 19.2134914398, 30.086555481, 41.2101745605, 32.2103271484, 12.7381601334, 13.1613893509, 18.4250850677, 16.4135875702, 25.049539566, 13.9544439316, 13.9537639618, 8.7592124939, 5.75784730911, 9.40542984009, 6.17545461655, 4.57739067078, 3.08533883095, 2.4500439167, 0.969747960567, 0.956632494926, 1.00684320927, 1.18808460236, 0.786892950535, 0.706982493401, 0.806957662106, 0.30440813303, 0.106741964817, 0.0287785865366, 0.0104694478214, 0.00395983271301, 0.000570919597521, 3.00128049275e-05, 4.28963212471e-05],
        "median": [0.0579975657165, 0.605916917324, 2.16803789139, 1.60522377491, 1.9948348999, 4.20440530777, 2.63740992546, 2.26781725883, 3.6279489994, 2.26214337349, 1.59306049347, 0.830067157745, 0.89063924551, 1.97303855419, 0.844049096107, 0.863098084927, 0.664062678814, 1.1814469099, 0.596725702286, 0.540502429008, 0.554573714733, 0.50617980957, 0.48549130559, 0.408342242241, 0.230418950319, 0.198327466846, 0.194810897112, 0.137320876122, 0.0935102179646, 0.079200796783, 0.0503924116492, 0.0237678196281, 0.0103565780446, 0.00516232661903, 0.0020062669646, 0.000872714910656, 0.000184259188245, 1.47704731717e-05, 1.47275322888e-05, 2.46174258791e-05],
        "min": [1.18587175341e-21, 4.90447905983e-21, 3.83982151732e-20, 7.26169710545e-20, 1.83242245021e-19, 2.42864363749e-19, 1.14371898078e-19, 1.68971712169e-19, 6.99117233901e-19, 1.43258510729e-18, 1.16100506518e-18, 2.7836904427e-18, 3.21413165883e-18, 2.48838262132e-18, 3.28591770111e-18, 3.35960315687e-18, 4.13269484276e-18, 5.41547082027e-18, 6.98408691667e-18, 5.5865979454e-18, 8.31555322659e-18, 1.01421160844e-17, 9.11912031419e-18, 9.24114517098e-18, 1.06493357914e-17, 2.06555899418e-17, 1.25964643595e-17, 2.37106855813e-17, 1.4696091118e-17, 1.34592137383e-17, 1.59042066006e-17, 1.81528110691e-17, 1.69016044396e-17, 1.40975481899e-17, 7.73699415485e-18, 4.90534688215e-18, 2.93775138423e-18, 1.24577432756e-18, 3.12891096263e-19, 4.06679567688e-20],
        "var": [0.845077872276, 76.8724822998, 165.644577026, 262.150970459, 80.568031311, 253.580123901, 1126.79162598, 2184.15942383, 4890.42382812, 14941.7539062, 19761.0527344, 3915.859375, 2086.54663086, 9382.69433594, 5205.99316406, 17887.0292969, 4991.25146484, 4641.02587891, 1608.72680664, 730.542358398, 2381.55151367, 479.112548828, 357.901702881, 698.811767578, 81.8018264771, 6.82259607315, 8.1748714447, 9.86711215973, 24.2765636444, 17.5469608307, 17.9755802155, 33.171585083, 3.76281285286, 0.330615013838, 0.014533188194, 0.00154762191232, 0.000322195875924, 1.10237424451e-05, 4.96195351474e-09, 2.79242762247e-09]
    },
    "gfcc": {
        "mean": [-113.738578796, 152.23085022, -93.0374832153, 36.2702293396, -45.465675354, 5.98569250107, -27.655872345, -2.74914002419, -12.3638143539, -3.92348504066, -4.21141052246, -2.39968919754, -5.74113273621],
        "cov": [[8308.99414062, -1365.4921875, -985.9921875, -29.0841255188, -883.735961914, 317.971679688, -268.617950439, 270.701019287, -43.3354072571, 306.368255615, -205.910705566, 148.135284424, -251.757659912], [-1365.4921875, 2199.10620117, -67.0603561401, -344.752410889, 914.596740723, -256.602325439, 545.704345703, -126.332855225, 315.355834961, -303.412506104, 273.788421631, -145.89175415, 138.273452759], [-985.9921875, -67.0603561401, 1202.11877441, 336.955108643, 164.8021698, 174.678237915, 135.260925293, -0.143737137318, -61.2803497314, 49.398651123, 21.0176620483, 1.45857381821, -17.5796146393], [-29.0841255188, -344.752410889, 336.955108643, 478.997314453, 19.6155872345, 126.260246277, 37.1613273621, 26.6982574463, -27.8820953369, 14.5096549988, -2.45614266396, 11.8372049332, 16.5355739594], [-883.735961914, 914.596740723, 164.8021698, 19.6155872345, 919.316223145, -2.94166398048, 328.12487793, 34.4268989563, 166.794647217, -127.876670837, 100.585334778, -36.0049591064, 57.8292121887], [317.971679688, -256.602325439, 174.678237915, 126.260246277, -2.94166398048, 308.124053955, 111.466201782, 37.6952705383, -58.3365440369, 48.3419456482, 21.9509868622, 18.6864948273, -32.6945075989], [-268.617950439, 545.704345703, 135.260925293, 37.1613273621, 328.12487793, 111.466201782, 481.965270996, 15.0009555817, 63.0471458435, -91.6093597412, 140.758148193, -25.788476944, 20.9268913269], [270.701019287, -126.332855225, -0.143737137318, 26.6982574463, 34.4268989563, 37.6952705383, 15.0009555817, 155.514099121, 24.8074302673, 18.1261787415, -29.0203933716, 29.2971477509, 1.85572361946], [-43.3354072571, 315.355834961, -61.2803497314, -27.8820953369, 166.794647217, -58.3365440369, 63.0471458435, 24.8074302673, 201.34362793, -11.3207778931, 47.1554222107, -11.3790979385, 46.4542160034], [306.368255615, -303.412506104, 49.398651123, 14.5096549988, -127.876670837, 48.3419456482, -91.6093597412, 18.1261787415, -11.3207778931, 183.169509888, -8.77278137207, 24.1833724976, -25.7974128723], [-205.910705566, 273.788421631, 21.0176620483, -2.45614266396, 100.585334778, 21.9509868622, 140.758148193, -29.0203933716, 47.1554222107, -8.77278137207, 179.459228516, 16.1086883545, 23.5851764679], [148.135284424, -145.89175415, 1.45857381821, 11.8372049332, -36.0049591064, 18.6864948273, -25.788476944, 29.2971477509, -11.3790979385, 24.1833724976, 16.1086883545, 125.51159668, 19.1496276855], [-251.757659912, 138.273452759, -17.5796146393, 16.5355739594, 57.8292121887, -32.6945075989, 20.9268913269, 1.85572361946, 46.4542160034, -25.7974128723, 23.5851764679, 19.1496276855, 123.53591156]],
        "icov": [[0.000197883317014, -9.86441591522e-05, 0.000213152554352, -0.000141329437611, 0.000201898350497, -0.000259258202277, -2.36015439441e-05, -0.000243122238317, -0.00014008404105, -0.000225759460591, 0.000243431306444, -0.00025125121465, 0.000405462866183], [-9.86441591522e-05, 0.00285454140976, -0.000442526332336, 0.00188242946751, -0.0015683012316, 0.00157385703642, -0.00140662805643, 0.00158590066712, -0.00140148831997, 0.00187704968266, -0.0018741064705, 0.00187801208813, -0.00136024237145], [0.000213152554352, -0.000442526332336, 0.00143510370981, -0.00109852908645, 0.000110972832772, -0.000599506311119, -9.94111396722e-05, -0.000170745755895, 0.000430264073657, -0.000969521293882, 0.000591382209677, -0.000493738625664, 0.000689138309099], [-0.000141329437611, 0.00188242946751, -0.00109852908645, 0.00413202354684, -0.00100542861037, 0.000171816165675, -0.000665944826324, 0.000790997350123, -0.000873302400578, 0.00161525304429, -0.00123536621686, 0.00138536444865, -0.00180056120735], [0.000201898350497, -0.0015683012316, 0.000110972832772, -0.00100542861037, 0.00275086215697, -0.000892705691513, -0.000121723925986, -0.00131970562506, -0.000489101046696, -0.000378310738597, 0.00113238859922, -0.00101361819543, 0.000879532308318], [-0.000259258202277, 0.00157385703642, -0.000599506311119, 0.000171816165675, -0.000892705691513, 0.00618952326477, -0.00236239796504, 0.000120516502648, 0.000973162474111, -0.000409942877013, -0.00132375652902, 0.000813164457213, -0.000268787494861], [-2.36015439441e-05, -0.00140662805643, -9.94111396722e-05, -0.000665944826324, -0.000121723925986, -0.00236239796504, 0.00507952691987, -0.00146177026909, 0.000461800693301, 0.00100865541026, -0.00190342497081, 0.000163376520504, 0.000569627445657], [-0.000243122238317, 0.00158590066712, -0.000170745755895, 0.000790997350123, -0.00131970562506, 0.000120516502648, -0.00146177026909, 0.00922782439739, -0.00223442912102, 0.000386745290598, 0.00151377310976, -0.00113726523705, -0.000833782018162], [-0.00014008404105, -0.00140148831997, 0.000430264073657, -0.000873302400578, -0.000489101046696, 0.000973162474111, 0.000461800693301, -0.00223442912102, 0.00842925719917, -0.0020867716521, -0.000798581459094, 0.000461046060082, -0.00162132899277], [-0.000225759460591, 0.00187704968266, -0.000969521293882, 0.00161525304429, -0.000378310738597, -0.000409942877013, 0.00100865541026, 0.000386745290598, -0.0020867716521, 0.00904017966241, -0.00253404956311, 0.000768782338127, 1.3840194697e-05], [0.000243431306444, -0.0018741064705, 0.000591382209677, -0.00123536621686, 0.00113238859922, -0.00132375652902, -0.00190342497081, 0.00151377310976, -0.000798581459094, -0.00253404956311, 0.0102122910321, -0.00357069680467, 0.000637482036836], [-0.00025125121465, 0.00187801208813, -0.000493738625664, 0.00138536444865, -0.00101361819543, 0.000813164457213, 0.000163376520504, -0.00113726523705, 0.000461046060082, 0.000768782338127, -0.00357069680467, 0.0110547496006, -0.00323542091064], [0.000405462866183, -0.00136024237145, 0.000689138309099, -0.00180056120735, 0.000879532308318, -0.000268787494861, 0.000569627445657, -0.000833782018162, -0.00162132899277, 1.3840194697e-05, 0.000637482036836, -0.00323542091064, 0.0112082771957]]
    },
    "melbands": {
        "dmean": [0.00187875912525, 0.00204707216471, 0.000472011917736, 0.000254622078501, 0.000166321013239, 0.000168534650584, 0.000195589891518, 0.000174217828317, 0.000101760277175, 3.66833737644e-05, 3.2541280234e-05, 3.97606818296e-05, 2.56430994341e-05, 3.94526396121e-05, 2.35128936765e-05, 2.34214439843e-05, 1.71351402969e-05, 8.84463406692e-06, 5.07931872562e-06, 3.74350361199e-06, 7.31773752705e-06, 4.68247526442e-06, 2.78606307802e-06, 1.86885790754e-06, 1.41393695685e-06, 1.40668225868e-06, 6.24271478955e-07, 3.37609634471e-07, 3.9076229541e-07, 4.05177274843e-07, 3.58970851266e-07, 4.268989926e-07, 4.92811693675e-07, 2.60755285808e-07, 2.468617879e-07, 4.55102821206e-07, 3.77206049507e-07, 1.76951090225e-07, 1.38315627396e-07, 5.53639019074e-08],
        "dmean2": [0.00250486261211, 0.00290755275637, 0.000668759981636, 0.000395615730667, 0.000232650680118, 0.000235410028836, 0.000256446248386, 0.000239202287048, 0.000131001186674, 4.54878645542e-05, 4.29022475146e-05, 5.20589783264e-05, 3.59782461601e-05, 5.65795016882e-05, 3.52258575731e-05, 3.50958580384e-05, 2.46906329266e-05, 1.20821750897e-05, 7.68623613112e-06, 5.28324471816e-06, 1.07768601083e-05, 7.11466555003e-06, 4.32045681009e-06, 2.82208020508e-06, 1.92732454707e-06, 2.02159299079e-06, 9.69686539065e-07, 5.13178065376e-07, 6.0929198753e-07, 6.36659365227e-07, 5.33751915555e-07, 6.20931132289e-07, 7.6118249126e-07, 3.67122197531e-07, 3.50250218162e-07, 6.80336370351e-07, 6.10259576206e-07, 2.80790800389e-07, 2.21923571075e-07, 9.06643791154e-08],
        "dvar": [1.9059081751e-05, 1.60898362083e-05, 9.45339138525e-07, 2.81921671785e-07, 1.78924864258e-07, 2.19250239297e-07, 2.98780093999e-07, 3.80266811817e-07, 1.83130964615e-07, 4.5215834632e-08, 1.84603585751e-08, 6.66018777906e-08, 1.71146758987e-08, 5.25404324492e-08, 2.63383181931e-08, 3.82670215515e-08, 1.21423218147e-08, 2.24417218142e-09, 4.08227618376e-10, 2.96797614263e-10, 2.0160195735e-09, 7.41923800174e-10, 1.56348725633e-10, 1.47176326681e-10, 2.24742405242e-10, 6.58513868435e-11, 4.2482441176e-12, 1.17678859279e-12, 1.7298440241e-12, 2.47063328997e-12, 1.84185891365e-12, 3.52473085441e-12, 8.99715284913e-12, 1.56847321589e-12, 1.55363178919e-12, 1.17440085434e-11, 8.49091109922e-12, 1.32964266767e-12, 6.86860453496e-13, 7.80535236596e-14],
        "dvar2": [3.47343411704e-05, 2.93576613331e-05, 1.77198944584e-06, 6.36594506886e-07, 3.02182797896e-07, 3.74380817902e-07, 5.07975130404e-07, 6.38680489828e-07, 2.81112960465e-07, 7.12277170578e-08, 3.10703924811e-08, 1.22838017091e-07, 3.15710479981e-08, 9.53550625127e-08, 5.66876110497e-08, 9.22315521734e-08, 2.70083635456e-08, 4.8760235849e-09, 8.0928547197e-10, 5.77427383686e-10, 4.19764045745e-09, 1.83931958553e-09, 4.0038211635e-10, 3.56074614238e-10, 3.64327734648e-10, 1.38377143077e-10, 9.58722684574e-12, 2.59605162888e-12, 3.81460661669e-12, 5.68415887275e-12, 3.73051546251e-12, 6.89920343078e-12, 1.87444556404e-11, 2.56969077093e-12, 2.5010633755e-12, 2.38618274445e-11, 2.15192828834e-11, 3.1629189285e-12, 1.7034458696e-12, 1.85805974014e-13],
        "max": [0.0760592669249, 0.0801830813289, 0.0209722463042, 0.0123647898436, 0.0114265056327, 0.0115234814584, 0.0106946118176, 0.020038485527, 0.0176097415388, 0.00944587774575, 0.00439119059592, 0.0127784516662, 0.00431339768693, 0.00795372854918, 0.00543539784849, 0.00608872482553, 0.00294086127542, 0.00205645244569, 0.000534228631295, 0.00050173571799, 0.00136447360273, 0.000709385203663, 0.000362585269613, 0.000473654625239, 0.000741987605579, 0.000348552246578, 5.06950855197e-05, 3.02749722323e-05, 2.24180676014e-05, 3.67163338524e-05, 3.04788627545e-05, 5.11708130944e-05, 6.79320437484e-05, 3.25363107549e-05, 2.80382064375e-05, 0.0001014751615, 8.05712479632e-05, 2.41525558522e-05, 1.74905144377e-05, 5.24871848029e-06],
        "mean": [0.00477315299213, 0.00463753985241, 0.00116218801122, 0.000512341794092, 0.000419003714342, 0.000439403112978, 0.000493152532727, 0.000440273666754, 0.000232736725593, 6.83717735228e-05, 6.60337173031e-05, 7.6660006016e-05, 4.67128375021e-05, 7.24415440345e-05, 3.75203053409e-05, 3.2402411307e-05, 2.4585860956e-05, 1.44187088154e-05, 8.13565293356e-06, 6.19257161816e-06, 1.35604223033e-05, 7.53204312787e-06, 4.90374441142e-06, 2.97572728414e-06, 2.43911108555e-06, 2.25108965424e-06, 1.09393681669e-06, 5.22845255091e-07, 5.88304146731e-07, 5.81877600325e-07, 5.63441744816e-07, 6.41384190203e-07, 6.51670973184e-07, 3.4814678429e-07, 3.38230677244e-07, 5.95902918121e-07, 4.30092200077e-07, 1.99353365815e-07, 1.61179201541e-07, 6.66581669861e-08],
        "median": [0.000608097703662, 0.00114430964459, 0.000300867890473, 0.000249584496487, 0.000102543694084, 4.6838678827e-05, 5.37109008292e-05, 1.69498416653e-05, 9.1324773166e-06, 3.22885671267e-06, 3.38908671438e-06, 6.97281893736e-06, 3.42453404301e-06, 1.99006944968e-06, 1.42714930007e-06, 1.23972790789e-06, 2.05272476705e-06, 7.92582625309e-07, 6.99468500898e-07, 4.45247280823e-07, 6.31107809568e-07, 5.54813311737e-07, 3.47587700844e-07, 3.56684097369e-07, 2.85398101596e-07, 1.6883714693e-07, 1.32652246521e-07, 1.03351538883e-07, 1.12781307848e-07, 8.73245014077e-08, 6.41924842171e-08, 4.92998140089e-08, 4.03082758282e-08, 3.96615149612e-08, 2.77153606731e-08, 1.51132937276e-08, 1.0271216766e-08, 5.68633407028e-09, 5.39939604138e-09, 3.42942518827e-09],
        "min": [8.48847150631e-24, 1.6130610435e-23, 1.33421496404e-23, 2.0113679586e-23, 3.99005057e-24, 3.57884420138e-24, 1.14370379325e-23, 1.837057782e-23, 7.95783396323e-24, 1.95697710359e-23, 1.53976655685e-23, 9.78524129422e-24, 1.04872068042e-23, 6.34902077793e-24, 1.25187090174e-23, 8.82053224918e-24, 1.01546640673e-23, 1.12231122657e-23, 7.51480888999e-24, 9.77529296935e-24, 9.46963855643e-24, 1.03521411954e-23, 8.76794520351e-24, 8.34654832972e-24, 7.58458521478e-24, 5.0324131104e-24, 1.22690960721e-23, 1.28757285304e-23, 5.93795403769e-24, 9.98469767436e-24, 1.51862950221e-23, 8.54376592261e-24, 6.59078771271e-24, 7.86353826378e-24, 9.78425206265e-24, 8.58209667399e-24, 1.2387339222e-23, 1.10214462861e-23, 1.37598909328e-23, 1.08926142563e-23],
        "var": [9.45194842643e-05, 6.12829098827e-05, 5.38337280886e-06, 6.07010406384e-07, 1.04820367142e-06, 1.02467561192e-06, 1.40200017995e-06, 1.80297047336e-06, 1.28031877011e-06, 1.31181352003e-07, 6.29811225394e-08, 1.94954537847e-07, 5.34573878497e-08, 1.28869970695e-07, 4.45694787743e-08, 4.17643484241e-08, 1.66723719275e-08, 5.16552045582e-09, 9.69320845812e-10, 7.66293695165e-10, 4.92418328335e-09, 8.88997986337e-10, 3.44272110819e-10, 2.36809544196e-10, 6.06739214426e-10, 1.41349279503e-10, 1.221379161e-11, 2.30570445549e-12, 2.96864160858e-12, 4.07565474425e-12, 3.28433114039e-12, 5.74864851902e-12, 1.32336069186e-11, 2.9024770868e-12, 3.21540949248e-12, 1.96266856933e-11, 9.06085016045e-12, 1.68970306497e-12, 9.59586251605e-13, 1.13220834075e-13]
    },
    "mfcc": {
        "mean": [-763.143371582, 172.100082397, 21.4504814148, 35.0681762695, 11.3058948517, 11.8757429123, 0.190010264516, 4.97111129761, -3.58821988106, -2.38510537148, 0.791585147381, 3.86920809746, 2.36113262177],
        "cov": [[7230.5703125, -1056.76135254, -906.70098877, -295.88269043, -729.951416016, -7.75687122345, -392.814178467, -26.4363536835, -59.8500366211, 48.3223609924, 184.344680786, 78.719871521, -123.741928101], [-1056.76135254, 1994.3503418, -360.634613037, 28.6849193573, 299.450561523, 8.78546142578, 209.12878418, 229.802963257, 99.6646118164, 28.8460121155, 121.169059753, 17.5569515228, 115.349266052], [-906.70098877, -360.634613037, 973.454833984, 164.245635986, 45.8551101685, 167.206558228, 157.690673828, 5.02256059647, -11.6747226715, 27.8409042358, -25.8136367798, 37.6960830688, -30.8722343445], [-295.88269043, 28.6849193573, 164.245635986, 363.354858398, 147.511520386, 71.0346298218, 73.1007003784, 80.7961425781, 54.01354599, 27.6293258667, -2.01099944115, 31.5956382751, 38.0999450684], [-729.951416016, 299.450561523, 45.8551101685, 147.511520386, 450.398345947, 43.6905250549, 59.5478248596, 64.2868881226, 81.8527755737, 38.5371322632, -4.87530422211, 19.0358734131, 22.1207408905], [-7.75687122345, 8.78546142578, 167.206558228, 71.0346298218, 43.6905250549, 254.810760498, 164.754638672, 75.2827453613, -5.64676332474, 71.1348953247, 39.9720230103, 23.9347171783, -1.09428489208], [-392.814178467, 209.12878418, 157.690673828, 73.1007003784, 59.5478248596, 164.754638672, 356.749176025, 161.588531494, 9.10745429993, 80.9937133789, 29.7471637726, 22.6789722443, 11.7507162094], [-26.4363536835, 229.802963257, 5.02256059647, 80.7961425781, 64.2868881226, 75.2827453613, 161.588531494, 263.837615967, 43.5491409302, 41.4663734436, 12.8016529083, 14.0191040039, 42.4999160767], [-59.8500366211, 99.6646118164, -11.6747226715, 54.01354599, 81.8527755737, -5.64676332474, 9.10745429993, 43.5491409302, 165.267333984, 27.790845871, 2.78021168709, -0.0682122558355, 4.36825561523], [48.3223609924, 28.8460121155, 27.8409042358, 27.6293258667, 38.5371322632, 71.1348953247, 80.9937133789, 41.4663734436, 27.790845871, 165.619689941, 25.6874332428, 9.05651092529, 9.66007804871], [184.344680786, 121.169059753, -25.8136367798, -2.01099944115, -4.87530422211, 39.9720230103, 29.7471637726, 12.8016529083, 2.78021168709, 25.6874332428, 142.069213867, 33.7094688416, -9.7952671051], [78.719871521, 17.5569515228, 37.6960830688, 31.5956382751, 19.0358734131, 23.9347171783, 22.6789722443, 14.0191040039, -0.0682122558355, 9.05651092529, 33.7094688416, 121.042381287, 40.4306755066], [-123.741928101, 115.349266052, -30.8722343445, 38.0999450684, 22.1207408905, -1.09428489208, 11.7507162094, 42.4999160767, 4.36825561523, 9.66007804871, -9.7952671051, 40.4306755066, 142.045471191]],
