{
"lowlevel": {
    "average_loudness": 0.955255925655,
    "barkbands_crest": {
        "dmean": 3.02702689171,
        "dmean2": 4.95653963089,
        "dvar": 7.38485860825,
        "dvar2": 20.0902462006,
        "max": 25.0062046051,
        "mean": 11.5127162933,
        "median": 11.1215229034,
        "min": 3.07084679604,
        "var": 15.9886388779
    },
    "barkbands_flatness_db": {
        "dmean": 0.0302387960255,
        "dmean2": 0.0438472554088,
        "dvar": 0.000880189181771,
        "dvar2": 0.00175388215575,
        "max": 0.461967766285,
        "mean": 0.186683312058,
        "median": 0.181987002492,
        "min": 0.0412697270513,
        "var": 0.00472036981955
    },
    "barkbands_kurtosis": {
        "dmean": 5.15106916428,
        "dmean2": 8.23876571655,
        "dvar": 66.4348220825,
        "dvar2": 171.167938232,
        "max": 96.1638793945,
        "mean": 7.96130466461,
        "median": 4.24509191513,
        "min": -1.80241036415,
        "var": 122.655670166
    },
    "barkbands_skewness": {
        "dmean": 0.724463522434,
        "dmean2": 1.11642837524,
        "dvar": 0.549399912357,
        "dvar2": 1.2802836895,
        "max": 8.41003704071,
        "mean": 2.07615876198,
        "median": 1.89036178589,
        "min": -2.07953286171,
        "var": 1.97916436195
    },
    "barkbands_spread": {
        "dmean": 4.84383916855,
        "dmean2": 7.34417581558,
        "dvar": 44.0290565491,
        "dvar2": 87.4441146851,
        "max": 104.711326599,
        "mean": 15.0371484756,
        "median": 11.6841745377,
        "min": 0.846274733543,
        "var": 157.095565796
    },
    "dissonance": {
        "dmean": 0.0276802815497,
        "dmean2": 0.0456134155393,
        "dvar": 0.000787727243733,
        "dvar2": 0.0020802358631,
        "max": 0.500000119209,
        "mean": 0.446425586939,
        "median": 0.457836508751,
        "min": 0.158766523004,
        "var": 0.00171310151927
    },
    "dynamic_complexity": 2.97544765472,
    "erbbands_crest": {
        "dmean": 2.55659651756,
        "dmean2": 4.12259817123,
        "dvar": 5.752597332,
        "dvar2": 13.3143291473,
        "max": 27.10389328,
        "mean": 9.68902111053,
        "median": 8.52158355713,
        "min": 2.95474386215,
        "var": 18.870262146
    },
    "erbbands_flatness_db": {
        "dmean": 0.0202903449535,
        "dmean2": 0.0279928296804,
        "dvar": 0.00042732298607,
        "dvar2": 0.000828118529171,
        "max": 0.331201910973,
        "mean": 0.167196020484,
        "median": 0.165342703462,
        "min": 0.0484324656427,
        "var": 0.00236163241789
    },
    "erbbands_kurtosis": {
        "dmean": 1.10585725307,
        "dmean2": 1.7563624382,
        "dvar": 2.05086350441,
        "dvar2": 4.99586009979,
        "max": 18.1834831238,
        "mean": 1.1206536293,
        "median": 0.510129451752,
        "min": -1.73536360264,
        "var": 5.10437726974
    },
    "erbbands_skewness": {
        "dmean": 0.381783872843,
        "dmean2": 0.562657177448,
        "dvar": 0.128309428692,
        "dvar2": 0.274826109409,
        "max": 3.45511889458,
        "mean": 0.41744863987,
        "median": 0.409400045872,
        "min": -2.1312379837,
        "var": 0.531623184681
    },
    "erbbands_spread": {
        "dmean": 7.62100076675,
        "dmean2": 11.2038049698,
        "dvar": 79.583946228,
        "dvar2": 161.887451172,
        "max": 137.444152832,
        "mean": 32.8103981018,
        "median": 28.1295700073,
        "min": 5.14250802994,
        "var": 368.127288818
    },
    "hfc": {
        "dmean": 5.7566151619,
        "dmean2": 7.61967134476,
        "dvar": 73.6795501709,
        "dvar2": 134.023498535,
        "max": 125.136604309,
        "mean": 16.1359977722,
        "median": 8.50733184814,
        "min": 1.22069597328e-16,
        "var": 335.727600098
    },
    "melbands_crest": {
        "dmean": 3.57162547112,
        "dmean2": 5.8268494606,
        "dvar": 9.71898460388,
        "dvar2": 26.4112110138,
        "max": 29.4634017944,
        "mean": 15.9683771133,
        "median": 15.8549489975,
        "min": 2.32751441002,
        "var": 24.947271347
    },
    "melbands_flatness_db": {
        "dmean": 0.0362176224589,
        "dmean2": 0.0521525926888,
        "dvar": 0.00132319366094,
        "dvar2": 0.00256029563025,
        "max": 0.619833409786,
        "mean": 0.28051429987,
        "median": 0.277929157019,
        "min": 0.00680259382352,
        "var": 0.00730671128258
    },
    "melbands_kurtosis": {
        "dmean": 10.6784067154,
        "dmean2": 16.9230861664,
        "dvar": 267.762756348,
        "dvar2": 661.372680664,
        "max": 192.954071045,
        "mean": 19.0671844482,
        "median": 10.3907318115,
        "min": -1.53379178047,
        "var": 640.528747559
    },
    "melbands_skewness": {
        "dmean": 0.924967646599,
        "dmean2": 1.42591202259,
        "dvar": 0.861293137074,
        "dvar2": 1.98709273338,
        "max": 11.6291799545,
        "mean": 3.06449007988,
        "median": 2.79000520706,
        "min": -0.746372699738,
        "var": 3.68038129807
    },
    "melbands_spread": {
        "dmean": 5.38972902298,
        "dmean2": 8.32056617737,
        "dvar": 82.2204208374,
        "dvar2": 179.559158325,
        "max": 197.134536743,
        "mean": 14.4182977676,
        "median": 10.5776252747,
        "min": 0.816213846207,
        "var": 178.377151489
    },
    "pitch_salience": {
        "dmean": 0.0828316584229,
        "dmean2": 0.136639609933,
        "dvar": 0.00525381090119,
        "dvar2": 0.0135940331966,
        "max": 0.860629379749,
        "mean": 0.497178018093,
        "median": 0.493839263916,
        "min": 0.147868812084,
        "var": 0.0125234564766
    },
    "silence_rate_20dB": {
        "dmean": 0,
        "dmean2": 0,
        "dvar": 0,
        "dvar2": 0,
        "max": 1,
        "mean": 1,
        "median": 1,
        "min": 1,
        "var": 0
    },
    "silence_rate_30dB": {
        "dmean": 0.00206185574643,
        "dmean2": 0.00412583816797,
        "dvar": 0.00205764034763,
        "dvar2": 0.00617186212912,
        "max": 1,
        "mean": 0.998969614506,
        "median": 1,
        "min": 0,
        "var": 0.00102934497409
    },
    "silence_rate_60dB": {
        "dmean": 0.0149484537542,
        "dmean2": 0.0299123264849,
        "dvar": 0.0147247696295,
        "dvar2": 0.0362380556762,
        "max": 1,
        "mean": 0.0221535284072,
        "median": 0,
        "min": 0,
        "var": 0.0216633137316
    },
    "spectral_centroid": {
        "dmean": 203.709320068,
        "dmean2": 291.23916626,
        "dvar": 119900.5,
        "dvar2": 187752.671875,
        "max": 10750.3232422,
        "mean": 840.936767578,
        "median": 700.916931152,
        "min": 169.875411987,
        "var": 299174.40625
    },
    "spectral_complexity": {
        "dmean": 3.4984536171,
        "dmean2": 5.03867959976,
        "dvar": 21.9304141998,
        "dvar2": 41.2008018494,
        "max": 49,
        "mean": 14.5234413147,
        "median": 12,
        "min": 0,
        "var": 73.0277099609
    },
    "spectral_decrease": {
        "dmean": 2.96379676357e-09,
        "dmean2": 4.57260185271e-09,
        "dvar": 1.11237594415e-17,
        "dvar2": 2.66726175228e-17,
        "max": 4.97054923681e-29,
        "mean": -8.25503310153e-09,
        "median": -7.0271428676e-09,
        "min": -3.1590108307e-08,
        "var": 3.01300670471e-17
    },
    "spectral_energy": {
        "dmean": 0.0115446541458,
        "dmean2": 0.0176799483597,
        "dvar": 0.000165368124726,
        "dvar2": 0.00039167192881,
        "max": 0.121344067156,
        "mean": 0.0326199308038,
        "median": 0.0274834223092,
        "min": 1.08844641682e-20,
        "var": 0.000473316787975
    },
    "spectral_energyband_high": {
        "dmean": 0.000203052040888,
        "dmean2": 0.000273739278782,
        "dvar": 2.05119945917e-07,
        "dvar2": 3.66830704479e-07,
        "max": 0.0123654091731,
        "mean": 0.000392193644075,
        "median": 8.46372931846e-05,
        "min": 7.96015775182e-21,
        "var": 1.05893582258e-06
    },
    "spectral_energyband_low": {
        "dmean": 0.00935616251081,
        "dmean2": 0.0151585144922,
        "dvar": 0.000138688628795,
        "dvar2": 0.000369276531273,
        "max": 0.101801604033,
        "mean": 0.0183858387172,
        "median": 0.0151361981407,
        "min": 9.31972264114e-23,
        "var": 0.000231886879192
    },
    "spectral_energyband_middle_high": {
        "dmean": 0.0024147303775,
        "dmean2": 0.00335836806335,
        "dvar": 2.08285437111e-05,
        "dvar2": 4.18171657657e-05,
        "max": 0.0588740035892,
        "mean": 0.0053556417115,
        "median": 0.00180026493035,
        "min": 1.33775542227e-21,
        "var": 7.09067244316e-05
    },
    "spectral_energyband_middle_low": {
        "dmean": 0.00350784813054,
        "dmean2": 0.00513358647004,
        "dvar": 2.39908404183e-05,
        "dvar2": 4.56602829217e-05,
        "max": 0.0758993849158,
        "mean": 0.00980484113097,
        "median": 0.00685857003555,
        "min": 2.78869271972e-22,
        "var": 8.69168216013e-05
    },
    "spectral_entropy": {
        "dmean": 0.223164856434,
        "dmean2": 0.300457537174,
        "dvar": 0.0605098754168,
        "dvar2": 0.110887356102,
        "max": 9.80249881744,
        "mean": 7.15609073639,
        "median": 7.17736721039,
        "min": 5.01885080338,
        "var": 0.333129286766
    },
    "spectral_flux": {
        "dmean": 0.0275816377252,
        "dmean2": 0.0428295508027,
        "dvar": 0.000735560373869,
        "dvar2": 0.00156474602409,
        "max": 0.266792863607,
        "mean": 0.0875350311399,
        "median": 0.0781717598438,
        "min": 1.04328636008e-10,
        "var": 0.00213808822446
    },
    "spectral_kurtosis": {
        "dmean": 3.34880375862,
        "dmean2": 5.30671977997,
        "dvar": 33.9583587646,
        "dvar2": 83.0025787354,
        "max": 150.101287842,
        "mean": 9.11776542664,
        "median": 6.66630363464,
        "min": -1.23445081711,
        "var": 89.3757705688
    },
    "spectral_rms": {
        "dmean": 0.00101035402622,
        "dmean2": 0.00149994262028,
        "dvar": 9.76480691861e-07,
        "dvar2": 2.09465406442e-06,
        "max": 0.010880461894,
        "mean": 0.00530310487375,
        "median": 0.00517813628539,
        "min": 3.25867913382e-12,
        "var": 3.70146358364e-06
    },
    "spectral_rolloff": {
        "dmean": 332.100036621,
        "dmean2": 541.21887207,
        "dvar": 673470.3125,
        "dvar2": 1286044.375,
        "max": 18970.7519531,
        "mean": 851.986755371,
        "median": 538.330078125,
        "min": 86.1328125,
        "var": 1562669.5
    },
    "spectral_skewness": {
        "dmean": 0.349266141653,
        "dmean2": 0.52389228344,
        "dvar": 0.188570022583,
        "dvar2": 0.423110425472,
        "max": 10.260720253,
        "mean": 2.28019976616,
        "median": 2.1351749897,
        "min": 0.00443265913054,
        "var": 0.785339772701
    },
    "spectral_spread": {
        "dmean": 715276.5,
        "dmean2": 961303.6875,
        "dvar": 1.16471260774e+12,
        "dvar2": 1.44153051136e+12,
        "max": 40789876,
        "mean": 4274156,
        "median": 3767762,
        "min": 582677.3125,
        "var": 4.98321273651e+12
    },
    "spectral_strongpeak": {
        "dmean": 0.375826537609,
        "dmean2": 0.640365600586,
        "dvar": 0.512847006321,
        "dvar2": 1.16285645962,
        "max": 7.56123256683,
        "mean": 0.671129107475,
        "median": 0.33117172122,
        "min": 0,
        "var": 1.02641201019
    },
    "zerocrossingrate": {
        "dmean": 0.00898085162044,
        "dmean2": 0.0103833423927,
        "dvar": 0.000275422615232,
        "dvar2": 0.000292657816317,
        "max": 0.52783203125,
        "mean": 0.037420053035,
        "median": 0.0302734375,
        "min": 0,
        "var": 0.00106533593498
    },
    "barkbands": {
        "dmean": [0.000283901579678, 0.00667458726093, 0.00373089313507, 0.00106764538214, 0.001332184067, 0.000536503328476, 0.000934294308536, 0.000543321948498, 0.000896349665709, 0.00107196974568, 0.00061940291198, 0.000406545092119, 0.000325887231156, 0.00028754255618, 0.000234161576373, 0.00022395302949, 0.000198452005861, 0.000208165525692, 0.000112046785944, 4.61737399746e-05, 2.57200754277e-05, 4.29298852396e-05, 4.319143045e-05, 4.73529325973e-05, 3.52195747837e-05, 1.92100069398e-05, 3.36328662343e-06],
        "dmean2": [0.000439939234639, 0.0109563432634, 0.00618183752522, 0.00168438535184, 0.0020803057123, 0.000802617461886, 0.00148288859054, 0.000826868636068, 0.00142335041892, 0.00168342760298, 0.00095558463363, 0.000605736451689, 0.000528093369212, 0.000463868491352, 0.000362609513104, 0.000326508074068, 0.000310128001729, 0.000301787105855, 0.000173546126462, 7.22297263565e-05, 3.86642132071e-05, 6.26421388006e-05, 6.43794628559e-05, 6.86987186782e-05, 4.92367325933e-05, 2.75056627288e-05, 5.25861969436e-06],
        "dvar": [2.24579991936e-07, 8.5034625954e-05, 3.00647498079e-05, 2.7022924769e-06, 3.54791313839e-06, 1.40462418585e-06, 7.12848350304e-06, 1.66978020388e-06, 7.09691812517e-06, 8.72046621225e-06, 4.06939943787e-06, 1.16102933134e-06, 7.20031493984e-07, 4.29252594358e-07, 4.8421208021e-07, 4.03411462457e-07, 3.12783186018e-07, 3.28242720116e-07, 9.85686483546e-08, 2.32983303761e-08, 4.78249351232e-09, 1.46138763313e-08, 1.01197521474e-08, 3.75309241463e-08, 8.86580675541e-09, 2.59528976088e-09, 9.73597730214e-11],
        "dvar2": [5.26767166775e-07, 0.000225914845942, 8.65415422595e-05, 6.97163704899e-06, 8.84668224899e-06, 2.8999454571e-06, 1.63004806382e-05, 3.50377331415e-06, 1.5850764612e-05, 2.2323200028e-05, 1.00860024759e-05, 2.4695123102e-06, 1.85429894373e-06, 9.86978420769e-07, 1.17209526707e-06, 8.76260514815e-07, 7.77336140345e-07, 6.8730315661e-07, 2.16060243474e-07, 5.24651078138e-08, 1.07581552555e-08, 2.96858946314e-08, 2.164938806e-08, 7.65946381875e-08, 1.7874732805e-08, 5.00534724779e-09, 2.21734214323e-10],
        "max": [0.00498333480209, 0.083396345377, 0.0511696264148, 0.0204800739884, 0.0265944506973, 0.0266133248806, 0.0503501109779, 0.0198247116059, 0.0463966429234, 0.0436759628356, 0.0360196679831, 0.0229834783822, 0.0134143838659, 0.00994010455906, 0.0148294810206, 0.0118862064555, 0.00997639447451, 0.0100865578279, 0.00780434906483, 0.00363857974298, 0.00162774208002, 0.00411077030003, 0.00189279497135, 0.00802167132497, 0.00215985346586, 0.0017702805344, 0.000169669467141],
        "mean": [0.000327810324961, 0.0107417972758, 0.0061416705139, 0.00178904749919, 0.00250515877269, 0.000918048084714, 0.00161247816868, 0.000920975697227, 0.00170931767207, 0.00182289315853, 0.000776289904024, 0.000584952591453, 0.000474083324661, 0.000435866095359, 0.00036067183828, 0.000334683427354, 0.000281308341073, 0.00030636464362, 0.000149901243276, 6.09458475083e-05, 3.56643322448e-05, 6.32513692835e-05, 7.48449892853e-05, 9.88450847217e-05, 5.6148503063e-05, 3.32491654262e-05, 3.72244926439e-06],
        "median": [0.000106361265352, 0.00843909848481, 0.00359052955173, 0.00111945567187, 0.0016144909896, 0.000400473800255, 0.000461930612801, 0.000212093014852, 0.000303584878566, 0.000232857346418, 0.000157749891514, 0.000172679603565, 0.000120715449157, 0.000110288739961, 5.766924005e-05, 5.52240635443e-05, 3.26898152707e-05, 3.2223531889e-05, 2.37407657551e-05, 1.2835806956e-05, 8.89233160706e-06, 1.3110378859e-05, 1.32914319693e-05, 9.5677723948e-06, 6.96429196978e-06, 2.78367042483e-06, 6.76423042023e-08],
        "min": [2.47156653374e-23, 6.89592920827e-23, 5.76033214411e-24, 7.54590657574e-24, 7.59590252887e-23, 9.35950394996e-23, 2.34368981442e-23, 3.29909140519e-23, 3.72445467162e-23, 4.35326863649e-23, 3.7547847957e-23, 7.72582791996e-23, 1.86132664598e-22, 6.35663360121e-23, 6.14088582343e-23, 1.26132547858e-22, 1.25307689652e-22, 2.0373560976e-22, 2.18261883795e-22, 3.13517254619e-22, 5.55156684242e-22, 7.41478460887e-22, 6.51865124232e-22, 9.04142134902e-22, 1.22974887853e-21, 1.61922523417e-21, 2.39790975798e-21],
        "var": [2.77165156604e-07, 0.000106445011625, 5.23383096152e-05, 4.4130488277e-06, 7.72710245656e-06, 2.92195568363e-06, 1.41703030749e-05, 4.23075971412e-06, 1.82319163287e-05, 2.0725905415e-05, 5.20157800565e-06, 2.0117377062e-06, 1.22910569189e-06, 7.67070673646e-07, 1.17308616154e-06, 7.36747381325e-07, 4.91132254865e-07, 6.09370601978e-07, 2.04332991416e-07, 4.18582892792e-08, 8.79716033353e-09, 2.84430914377e-08, 2.56200305415e-08, 2.47057101888e-07, 2.95805016037e-08, 1.63015752008e-08, 1.67018995856e-10]
    },
    "erbbands": {
        "dmean": [0.188333496451, 1.57362949848, 4.12570667267, 3.8124756813, 3.65285086632, 4.92221689224, 4.30991029739, 5.07729625702, 13.3138570786, 11.3893451691, 11.590549469, 15.9393396378, 29.8202285767, 34.8568992615, 18.9546737671, 14.3004007339, 14.8118858337, 13.3825845718, 12.718583107, 12.8120336533, 11.1610736847, 11.1245517731, 11.6388130188, 7.27899694443, 4.28273200989, 2.14527416229, 1.21093082428, 1.05505084991, 1.52994847298, 1.54744660854, 1.1902987957, 1.08795797825, 0.830982148647, 0.465315580368, 0.212553784251, 0.0889371857047, 0.0368155427277, 0.00995588116348, 0.000309648108669, 1.74256510945e-05],
        "dmean2": [0.313039898872, 2.60283231735, 6.81981420517, 6.13913249969, 5.74997186661, 7.73599672318, 6.83071994781, 7.6449007988, 21.4176483154, 17.3157539368, 17.5586643219, 25.0339012146, 46.8319396973, 52.2624282837, 28.1350021362, 21.1185684204, 23.7481880188, 21.0762310028, 19.05651474, 19.2108783722, 16.4741668701, 16.7640533447, 16.4567680359, 10.9576692581, 6.66551589966, 3.32516884804, 1.80666601658, 1.60156941414, 2.2255795002, 2.2378680706, 1.77410435677, 1.55997872353, 1.23159182072, 0.659079134464, 0.310865044594, 0.132474511862, 0.0539030395448, 0.014433696866, 0.000478392961668, 2.54096012213e-05],
        "dvar": [0.0857751369476, 4.5059709549, 35.9759521484, 28.4638576508, 30.9099140167, 57.592956543, 122.102561951, 108.872299194, 1470.93212891, 663.305175781, 924.641357422, 1655.82702637, 8903.41992188, 8884.63574219, 3168.30297852, 1477.99536133, 1485.77722168, 1090.62365723, 1040.61987305, 1307.45080566, 1092.83605957, 883.427001953, 1004.27471924, 372.343933105, 183.688613892, 53.0796318054, 11.7828197479, 7.17262840271, 19.1405181885, 15.6458806992, 8.20567035675, 14.7335529327, 13.8568468094, 1.87058317661, 0.340305954218, 0.0646944791079, 0.0102284951136, 0.000732601562049, 7.94748757471e-07, 4.46303577428e-10],
        "dvar2": [0.213577926159, 12.4017963409, 105.12525177, 77.620300293, 76.2981948853, 145.375579834, 253.9402771, 241.172790527, 3475.6940918, 1382.5513916, 1893.24121094, 3928.89624023, 20604.3359375, 19804.6152344, 7174.45849609, 3304.00854492, 3797.18237305, 2507.75805664, 2462.13769531, 3118.6940918, 2443.78540039, 2138.51074219, 1958.82922363, 848.834777832, 393.471008301, 119.095718384, 25.3645801544, 17.0050201416, 43.0746116638, 29.1697921753, 18.0857200623, 29.6438713074, 32.5185089111, 3.57234668732, 0.707032203674, 0.144921973348, 0.0209872424603, 0.00160096678883, 1.79229812147e-06, 9.31255572656e-10],
        "max": [2.23705911636, 19.8428668976, 58.4629936218, 69.1800765991, 70.3443069458, 106.735916138, 344.610687256, 156.39781189, 629.180664062, 520.407653809, 628.886413574, 842.487304688, 1392.94372559, 1779.76074219, 1081.99694824, 644.8359375, 592.64276123, 582.032592773, 656.99621582, 731.884216309, 606.135314941, 408.893493652, 514.124206543, 366.946502686, 387.962280273, 206.859207153, 89.5051574707, 60.8847618103, 138.690963745, 119.240570068, 51.7768249512, 138.655776978, 136.541397095, 43.1305465698, 11.0550384521, 6.58776378632, 3.9453291893, 0.89537358284, 0.017972253263, 0.000587253714912],
        "mean": [0.259393781424, 2.58001685143, 7.08371973038, 7.08688116074, 6.33284711838, 8.60659313202, 7.17117834091, 9.02092933655, 22.2695140839, 20.7108669281, 21.2512664795, 30.2382850647, 52.9414672852, 60.1585006714, 29.6692352295, 21.2547073364, 22.8433685303, 21.0232181549, 19.8357086182, 20.2168426514, 17.0016689301, 16.5526447296, 18.1057662964, 10.8254270554, 5.63300180435, 2.8286049366, 1.66362261772, 1.46630680561, 2.17569375038, 2.40796518326, 2.04708790779, 1.95396471024, 1.69568669796, 0.81455796957, 0.29890692234, 0.14068557322, 0.0602599233389, 0.0135953649879, 0.000397500582039, 4.68749858555e-05],
        "median": [0.178470611572, 2.06485772133, 4.32548570633, 4.9223856926, 3.92688369751, 5.33548688889, 3.96809506416, 3.67958211899, 6.66631746292, 7.22098636627, 5.88657093048, 6.58427333832, 8.24119091034, 8.94376564026, 8.4121427536, 6.53476285934, 6.54527902603, 5.30870485306, 5.20080137253, 3.29145431519, 2.9549305439, 2.12499928474, 1.90138101578, 1.63792252541, 1.0510365963, 0.630239725113, 0.366665482521, 0.346495449543, 0.450067669153, 0.448459982872, 0.357338607311, 0.246852487326, 0.141122803092, 0.0938719287515, 0.0377015806735, 0.0138038601726, 0.00421141413972, 0.000630292401183, 3.61041020369e-05, 3.60664162145e-05],
        "min": [2.9186688251e-21, 1.17139502236e-20, 1.08673389446e-20, 1.15095493706e-20, 9.46944539153e-20, 3.62490603551e-19, 2.27164760066e-19, 1.13407061687e-18, 4.06141622409e-19, 6.241918861e-19, 9.42893047287e-19, 9.32692255973e-19, 8.40387740105e-19, 1.32839312714e-18, 2.94557899436e-18, 3.29221440673e-18, 8.38251763308e-18, 4.2427834833e-18, 3.37138551752e-18, 3.86043248004e-18, 7.38693380115e-18, 8.421986556e-18, 9.80455194826e-18, 1.43561579366e-17, 1.05726817912e-17, 1.43051490169e-17, 1.76871414714e-17, 2.69650936981e-17, 2.59548017677e-17, 2.07928754537e-17, 1.94439953375e-17, 1.92152534284e-17, 1.3236479642e-17, 1.35800557269e-17, 8.82170256187e-18, 6.1858857497e-18, 3.38169715103e-18, 1.14114880137e-18, 3.62112685408e-19, 3.37126312063e-20],
        "var": [0.0943957194686, 5.82967233658, 61.9900398254, 49.8238220215, 55.5295295715, 115.841156006, 175.168029785, 257.220916748, 2663.22265625, 1505.51025391, 2171.00927734, 3751.33056641, 17760.9824219, 22232.8964844, 5386.57617188, 2321.26489258, 2528.16210938, 2064.30810547, 1991.85046387, 2908.96728516, 1936.98876953, 1600.44592285, 2100.62744141, 698.106994629, 388.593719482, 98.6037445068, 23.0358753204, 12.0582895279, 33.0801773071, 35.2897987366, 21.0156841278, 70.7482147217, 81.4267883301, 9.42230129242, 0.648740768433, 0.231871411204, 0.063436537981, 0.00251986808144, 1.69025474861e-06, 1.93438665086e-09]
    },
    "gfcc": {
        "mean": [-27.4006938934, 122.051383972, -91.4036331177, 24.1556282043, -44.8229827881, 27.1064815521, -31.8159046173, 12.290813446, -18.0463066101, -2.25929737091, -12.4179039001, 0.659035980701, -13.2418231964],
        "cov": [[5917.99169922, -1693.19311523, -940.499511719, 238.063171387, -287.851257324, 85.0497665405, -256.542572021, 380.457733154, 14.8748931885, 5.90352106094, -296.25982666, 259.131958008, -273.910095215], [-1693.19311523, 1815.54321289, -20.4307765961, -153.925765991, 222.418823242, -156.628707886, 193.248641968, -215.433288574, 162.969696045, -197.087356567, 203.885223389, -183.293792725, 155.716125488], [-940.499511719, -20.4307765961, 907.401733398, 1.89402627945, 2.57463097572, 68.5862426758, -18.8405704498, -80.1307830811, -65.5709228516, 138.506332397, 12.6073141098, 25.7596149445, 35.0912895203], [238.063171387, -153.925765991, 1.89402627945, 406.066619873, 92.0581970215, -34.941619873, -77.1773071289, 17.3449306488, 44.1091194153, -32.0315933228, -4.90460443497, 29.0663127899, 12.9350757599], [-287.851257324, 222.418823242, 2.57463097572, 92.0581970215, 292.936920166, -8.17362117767, -4.51028680801, -37.6596488953, 28.8732872009, -0.441469997168, 19.7214641571, -29.8065738678, 28.8264312744], [85.0497665405, -156.628707886, 68.5862426758, -34.941619873, -8.17362117767, 196.453613281, 66.5511932373, -2.83471345901, -60.6492843628, 21.5429954529, 4.89385938644, -2.46988415718, -0.284158170223], [-256.542572021, 193.248641968, -18.8405704498, -77.1773071289, -4.51028680801, 66.5511932373, 224.9400177, 7.89683294296, -38.0746574402, -41.8742370605, 44.3272132874, -35.6916046143, 23.3834171295], [380.457733154, -215.433288574, -80.1307830811, 17.3449306488, -37.6596488953, -2.83471345901, 7.89683294296, 135.8359375, 24.5871181488, -16.9082717896, -47.1783638, 16.9942626953, -24.2660198212], [14.8748931885, 162.969696045, -65.5709228516, 44.1091194153, 28.8732872009, -60.6492843628, -38.0746574402, 24.5871181488, 167.79246521, -30.1820602417, -10.1772680283, -12.5640707016, 4.98616552353], [5.90352106094, -197.087356567, 138.506332397, -32.0315933228, -0.441469997168, 21.5429954529, -41.8742370605, -16.9082717896, -30.1820602417, 185.493453979, 2.55680966377, 2.35592842102, -4.20742273331], [-296.25982666, 203.885223389, 12.6073141098, -4.90460443497, 19.7214641571, 4.89385938644, 44.3272132874, -47.1783638, -10.1772680283, 2.55680966377, 124.024459839, -5.31794261932, 14.4742031097], [259.131958008, -183.293792725, 25.7596149445, 29.0663127899, -29.8065738678, -2.46988415718, -35.6916046143, 16.9942626953, -12.5640707016, 2.35592842102, -5.31794261932, 119.672737122, -28.8324985504], [-273.910095215, 155.716125488, 35.0912895203, 12.9350757599, 28.8264312744, -0.284158170223, 23.3834171295, -24.2660198212, 4.98616552353, -4.20742273331, 14.4742031097, -28.8324985504, 105.754920959]],
        "icov": [[0.000366690568626, 3.40329170285e-05, 0.000409476167988, -0.000218866422074, 0.000219464840484, -0.000368751992937, 0.000229848519666, -0.000414898910094, 2.91976102744e-05, -0.000248390308116, 0.000451959698694, -0.000483019364765, 0.000378894328605], [3.40329170285e-05, 0.00248662009835, -0.000337427190971, 0.00129852688406, -0.00118981336709, 0.00190604582895, -0.00143935962114, 0.0027502537705, -0.00225871987641, 0.00242959335446, -0.00224924250506, 0.00170113018248, -0.00136653333902], [0.000409476167988, -0.000337427190971, 0.00188891170546, -0.000587538874242, 0.000518819142599, -0.0010337770218, 0.000391010835301, -0.000117919837066, 0.000507288554218, -0.0015974631533, 0.0010927116964, -0.00125280139036, 0.000166193654877], [-0.000218866422074, 0.00129852688406, -0.000587538874242, 0.00394967198372, -0.00180487753823, 0.00122860015836, 0.000322565727402, 0.000841671833768, -0.00143101369031, 0.00226155854762, -0.00195516226813, 0.000519342487678, -0.0015832883073], [0.000219464840484, -0.00118981336709, 0.000518819142599, -0.00180487753823, 0.00480239046738, -0.00126738392282, 0.000609839626122, -0.000420943659265, 0.000474104366731, -0.00163786567282, 0.00126782606822, -0.000305034714984, 0.000480880175019], [-0.000368751992937, 0.00190604582895, -0.0010337770218, 0.00122860015836, -0.00126738392282, 0.00831969082355, -0.0033086554613, 0.00250150705688, -0.000105828308733, 0.00149101740681, -0.00168626150116, 0.00177134922706, -0.00111743400339], [0.000229848519666, -0.00143935962114, 0.000391010835301, 0.000322565727402, 0.000609839626122, -0.0033086554613, 0.00808211416006, -0.00403251172975, 0.00261661503464, 0.000504272524267, -0.00126050342806, 0.000369222543668, -0.000172087442479], [-0.000414898910094, 0.0027502537705, -0.000117919837066, 0.000841671833768, -0.000420943659265, 0.00250150705688, -0.00403251172975, 0.0140943629667, -0.00429568020627, 0.00251408782788, 0.00100231845863, 0.00110408291221, -0.000474468222819], [2.91976102744e-05, -0.00225871987641, 0.000507288554218, -0.00143101369031, 0.000474104366731, -0.000105828308733, 0.00261661503464, -0.00429568020627, 0.00965077243745, -0.00124271796085, 0.00173320563044, -0.000459182454506, 0.000847516814247], [-0.000248390308116, 0.00242959335446, -0.0015974631533, 0.00226155854762, -0.00163786567282, 0.00149101740681, 0.000504272524267, 0.00251408782788, -0.00124271796085, 0.0095078330487, -0.00337518425658, 0.00265819369815, -0.00142794032581], [0.000451959698694, -0.00224924250506, 0.0010927116964, -0.00195516226813, 0.00126782606822, -0.00168626150116, -0.00126050342806, 0.00100231845863, 0.00173320563044, -0.00337518425658, 0.01323426608, -0.00319463759661, 0.00161929626483], [-0.000483019364765, 0.00170113018248, -0.00125280139036, 0.000519342487678, -0.000305034714984, 0.00177134922706, 0.000369222543668, 0.00110408291221, -0.000459182454506, 0.00265819369815, -0.00319463759661, 0.0119884768501, 0.00068907532841], [0.000378894328605, -0.00136653333902, 0.000166193654877, -0.0015832883073, 0.000480880175019, -0.00111743400339, -0.000172087442479, -0.000474468222819, 0.000847516814247, -0.00142794032581, 0.00161929626483, 0.00068907532841, 0.0122523764148]]
    },
    "melbands": {
        "dmean": [0.00174478127155, 0.00204981351271, 0.000617997429799, 0.000309056194965, 0.000165859266417, 0.000114761882287, 0.000199776506633, 0.000124326630612, 9.49361419771e-05, 0.000114831520477, 0.000155660440214, 0.000149690225953, 7.34245186322e-05, 4.93711595482e-05, 3.70325215044e-05, 2.84614798147e-05, 2.56995481323e-05, 2.20425990847e-05, 1.78884183697e-05, 1.66744339367e-05, 1.31554097607e-05, 1.17243162094e-05, 1.23203744806e-05, 9.59530279943e-06, 5.9317526393e-06, 3.92041692976e-06, 2.25730491366e-06, 1.31213198529e-06, 8.3357542735e-07, 5.71391296944e-07, 6.66623634515e-07, 8.79222341155e-07, 9.19784156395e-07, 8.87769544988e-07, 7.2094405823e-07, 7.47005287849e-07, 6.62744014335e-07, 6.43317662252e-07, 5.23311712186e-07, 3.90752632029e-07],
        "dmean2": [0.00285692792386, 0.00337885110639, 0.000985076418146, 0.000481581111671, 0.000263934081886, 0.000169864812051, 0.00031920769834, 0.000187077093869, 0.0001452863944, 0.000181587529369, 0.000244794238824, 0.000224971881835, 0.000111749177449, 7.53560016165e-05, 5.85677698837e-05, 4.62412572233e-05, 4.07402512792e-05, 3.40378464898e-05, 2.72264023806e-05, 2.52286317846e-05, 1.97985264094e-05, 1.80732931767e-05, 1.79510570888e-05, 1.42485068864e-05, 9.16813223739e-06, 6.28055386187e-06, 3.59748901246e-06, 2.06015965887e-06, 1.25415635921e-06, 8.83713028088e-07, 1.04161665604e-06, 1.32937407216e-06, 1.35816469538e-06, 1.29787042624e-06, 1.09193479148e-06, 1.1654070704e-06, 9.51809681737e-07, 9.85207066151e-07, 7.37374250548e-07, 5.71771295199e-07],
        "dvar": [6.47744718663e-06, 7.31374393581e-06, 6.92361368237e-07, 2.29210414204e-07, 1.08172741875e-07, 5.81442769487e-08, 3.25363060938e-07, 6.99033080309e-08, 6.25175431423e-08, 1.06160712221e-07, 2.30272632962e-07, 1.60394321824e-07, 5.14875466706e-08, 1.86498390065e-08, 9.59070867168e-09, 5.41441425028e-09, 4.43478587187e-09, 3.04028424658e-09, 3.22716098289e-09, 2.52339704687e-09, 1.70991731885e-09, 1.16378495729e-09, 1.15217113628e-09, 7.37181149457e-10, 2.67985689195e-10, 1.44680753489e-10, 6.5985099329e-11, 2.16420839583e-11, 5.56814577085e-12, 2.62153818618e-12, 2.96642311409e-12, 6.32157130462e-12, 7.30236964647e-12, 4.86314027243e-12, 3.00144544635e-12, 5.2547480256e-12, 6.95408661211e-12, 1.08751870356e-11, 3.38419158148e-12, 1.26724780843e-12],
        "dvar2": [1.67498383234e-05, 2.09680893022e-05, 1.84407576853e-06, 5.73565273498e-07, 2.33326474586e-07, 1.26338676409e-07, 7.54590473662e-07, 1.46206673435e-07, 1.27028556562e-07, 2.45565786372e-07, 5.38126471383e-07, 3.65901001942e-07, 1.28246654185e-07, 3.80985163417e-08, 2.43019790958e-08, 1.41638967222e-08, 1.00974117956e-08, 7.02633906613e-09, 7.37206473644e-09, 6.21622442409e-09, 3.93209553806e-09, 2.96657698406e-09, 2.47712783619e-09, 1.49014423023e-09, 6.30310137417e-10, 3.11376785467e-10, 1.55520443745e-10, 5.11024556005e-11, 1.19806890103e-11, 6.46459405104e-12, 7.14171864008e-12, 1.43569201666e-11, 1.58405719097e-11, 9.54385442203e-12, 7.0159572596e-12, 1.18499689228e-11, 1.43791974855e-11, 2.87769929413e-11, 6.06489641494e-12, 2.76576678226e-12],
        "max": [0.0208863895386, 0.0250971186906, 0.0103978263214, 0.00719283940271, 0.00931406673044, 0.0038180986885, 0.0105594182387, 0.00464379182085, 0.00595499062911, 0.00607665954158, 0.00671198684722, 0.00767523190007, 0.00444253720343, 0.00295019731857, 0.00164939893875, 0.00119447137695, 0.00130154530052, 0.000974156719167, 0.00157088425476, 0.000955200754106, 0.000727893493604, 0.00051407358842, 0.000683806487359, 0.000489535275847, 0.000279434316326, 0.000346695858752, 0.000231794299907, 0.000141638869536, 6.21495200903e-05, 3.51741073246e-05, 3.76083189622e-05, 7.54769425839e-05, 8.78315331647e-05, 5.33351922059e-05, 2.98993109027e-05, 6.30975555396e-05, 9.31816321099e-05, 0.00012880488066, 6.64953622618e-05, 3.20129583997e-05],
        "mean": [0.0026809850242, 0.00373725802638, 0.00120536109898, 0.000551426259335, 0.000282909022644, 0.000196291104658, 0.000343783933204, 0.000224042130867, 0.000170576255186, 0.000216107393499, 0.000271652912488, 0.000255085091339, 0.000102259029518, 7.15249771019e-05, 5.276250522e-05, 4.41603624495e-05, 3.8073714677e-05, 3.23150634358e-05, 2.78746429103e-05, 2.45128612733e-05, 1.85689659702e-05, 1.57909835252e-05, 1.88040776266e-05, 1.38102459459e-05, 8.38956930238e-06, 5.00037913298e-06, 2.74174271908e-06, 1.65441190347e-06, 1.10016128474e-06, 7.61320904985e-07, 8.82018980519e-07, 1.21418975141e-06, 1.28591841531e-06, 1.36458561428e-06, 1.13678447633e-06, 1.20918309676e-06, 1.17793990739e-06, 1.2441474837e-06, 9.86555278359e-07, 5.85717259582e-07],
        "median": [0.00207135593519, 0.00268666306511, 0.00088110769866, 0.000335877120961, 0.000160246636369, 7.90858903201e-05, 0.000104032740637, 7.32054613763e-05, 4.18143463321e-05, 4.13813213527e-05, 3.95945316995e-05, 3.33247880917e-05, 2.62930007011e-05, 2.07701395993e-05, 1.47974906213e-05, 1.14109143396e-05, 8.50833566801e-06, 8.00611451268e-06, 4.30562295151e-06, 3.40526662512e-06, 2.95690233543e-06, 1.69087104496e-06, 1.87270893548e-06, 1.41217719829e-06, 1.13251928724e-06, 8.18715307105e-07, 4.88522687192e-07, 3.14653988198e-07, 2.08779226796e-07, 1.90259498822e-07, 1.91452869558e-07, 2.45988047709e-07, 2.43041455406e-07, 2.36284364519e-07, 2.08239868016e-07, 1.60394691306e-07, 1.20256643754e-07, 8.56891517742e-08, 8.44907503961e-08, 7.09565739498e-08],
        "min": [2.38251486605e-23, 9.23134418734e-24, 4.41027559092e-24, 1.5635611261e-23, 1.07526245777e-23, 2.24013320349e-23, 6.32298402932e-24, 6.20181420542e-24, 8.84264165377e-24, 4.88745005831e-24, 4.239140895e-24, 5.33572815631e-24, 7.74944136675e-24, 1.05467634359e-23, 1.24371005679e-23, 1.75036812163e-23, 6.19526192674e-24, 5.07504828132e-24, 4.5470668329e-24, 6.43921952826e-24, 8.89894502315e-24, 7.4192368136e-24, 1.07615710493e-23, 7.56566438597e-24, 1.28724129481e-23, 5.30649178787e-24, 1.14525382605e-23, 8.63435160921e-24, 9.56154795163e-24, 1.15700035935e-23, 1.76943646743e-23, 1.39573743718e-23, 1.51427625219e-23, 1.0450371733e-23, 1.15824092201e-23, 1.10357002138e-23, 1.20930010188e-23, 8.79951778352e-24, 1.01790643239e-23, 1.18951341934e-23],
        "var": [7.58857595429e-06, 1.25403339553e-05, 1.30658838771e-06, 4.75094140029e-07, 1.71769812596e-07, 1.28547924305e-07, 6.30593376627e-07, 1.64334807096e-07, 1.4434908735e-07, 2.52738033168e-07, 4.6367696882e-07, 4.20337443074e-07, 6.82871430513e-08, 3.31435963119e-08, 1.48429393221e-08, 9.49046263798e-09, 7.79291209341e-09, 5.32753396953e-09, 8.57952286992e-09, 3.8392480306e-09, 2.70342592756e-09, 1.73976144602e-09, 2.21690621416e-09, 1.32267874431e-09, 4.62853949612e-10, 3.06449587928e-10, 1.08243039532e-10, 3.57553570085e-11, 1.07213170633e-11, 3.93726024006e-12, 4.60431996349e-12, 1.04555001809e-11, 1.25893080682e-11, 1.09061735337e-11, 5.68984833207e-12, 1.64992620261e-11, 3.21321962093e-11, 5.01631028382e-11, 2.07601921764e-11, 4.13448095204e-12]
    },
    "mfcc": {
        "mean": [-681.073913574, 155.879211426, 17.8311328888, 12.9630756378, 15.0126075745, 11.9606933594, 5.48112297058, 15.183596611, 0.146224334836, 3.7173614502, 4.6970243454, -1.15195715427, 0.647299945354],
        "cov": [[5750.43798828, -1744.73474121, -942.899536133, -74.5506362915, -90.8569259644, -251.20942688, -354.801483154, 353.885742188, 33.08335495, 41.5719909668, 97.9289169312, -116.28842926, -85.0245513916], [-1744.73474121, 1633.90454102, 17.0604743958, -27.6533203125, -18.2465648651, 74.1996154785, 54.9283180237, -19.2850074768, -43.6958999634, 5.34528970718, 15.3676786423, 6.660384655, 1.95333230495], [-942.899536133, 17.0604743958, 734.565917969, 0.602397859097, -2.21670365334, 69.9841308594, 76.5795898438, -118.407585144, 12.1678857803, -39.8066291809, -18.3805179596, 33.9749450684, 27.0265216827], [-74.5506362915, -27.6533203125, 0.602397859097, 362.321777344, 158.269378662, 2.51665949821, -77.1658248901, 10.3424835205, 9.32809066772, -17.5977287292, -19.7626190186, 6.2750658989, 73.2370910645], [-90.8569259644, -18.2465648651, -2.21670365334, 158.269378662, 288.416778564, 40.9423789978, -77.9564285278, -36.4150047302, 20.633852005, -2.20793843269, -26.0809936523, 28.6485691071, 48.8151092529], [-251.20942688, 74.1996154785, 69.9841308594, 2.51665949821, 40.9423789978, 171.039642334, 90.4539642334, -35.7358055115, -9.9323425293, -8.78368091583, -10.8497514725, 26.2012805939, 8.4576997757], [-354.801483154, 54.9283180237, 76.5795898438, -77.1658248901, -77.9564285278, 90.4539642334, 297.7293396, -32.4590644836, -16.2442703247, 3.77839279175, -17.5565643311, 18.9622631073, -28.6924591064], [353.885742188, -19.2850074768, -118.407585144, 10.3424835205, -36.4150047302, -35.7358055115, -32.4590644836, 265.633483887, -13.6285686493, -7.24413156509, 19.4961891174, -51.1546630859, -30.707824707], [33.08335495, -43.6958999634, 12.1678857803, 9.32809066772, 20.633852005, -9.9323425293, -16.2442703247, -13.6285686493, 129.879089355, 37.6432723999, -18.2294158936, -9.44380664825, -11.3557386398], [41.5719909668, 5.34528970718, -39.8066291809, -17.5977287292, -2.20793843269, -8.78368091583, 3.77839279175, -7.24413156509, 37.6432723999, 126.768264771, 5.72280025482, -18.1192817688, -26.1817855835], [97.9289169312, 15.3676786423, -18.3805179596, -19.7626190186, -26.0809936523, -10.8497514725, -17.5565643311, 19.4961891174, -18.2294158936, 5.72280025482, 107.108207703, 7.08648633957, -7.15336227417], [-116.28842926, 6.660384655, 33.9749450684, 6.2750658989, 28.6485691071, 26.2012805939, 18.9622631073, -51.1546630859, -9.44380664825, -18.1192817688, 7.08648633957, 93.4823684692, 29.6786441803], [-85.0245513916, 1.95333230495, 27.0265216827, 73.2370910645, 48.8151092529, 8.4576997757, -28.6924591064, -30.707824707, -11.3557386398, -26.1817855835, -7.15336227417, 29.6786441803, 112.809570312]],
