{
"lowlevel": {
    "average_loudness": 0.983946621418,
    "barkbands_crest": {
        "dmean": 2.96382308006,
        "dmean2": 4.7601184845,
        "dvar": 7.28045606613,
        "dvar2": 16.8719844818,
        "max": 24.6414299011,
        "mean": 14.3663864136,
        "median": 14.9560470581,
        "min": 2.82742857933,
        "var": 23.4965515137
    },
    "barkbands_flatness_db": {
        "dmean": 0.0373855568469,
        "dmean2": 0.0539706088603,
        "dvar": 0.001356962719,
        "dvar2": 0.00248107989319,
        "max": 0.489281713963,
        "mean": 0.213504776359,
        "median": 0.203889191151,
        "min": 0.054955009371,
        "var": 0.00646787090227
    },
    "barkbands_kurtosis": {
        "dmean": 14.9613466263,
        "dmean2": 23.2221317291,
        "dvar": 943.551269531,
        "dvar2": 2195.55297852,
        "max": 474.695892334,
        "mean": 23.8609466553,
        "median": 9.1801366806,
        "min": -1.93067681789,
        "var": 1761.68664551
    },
    "barkbands_skewness": {
        "dmean": 1.18579590321,
        "dmean2": 1.74046397209,
        "dvar": 1.82250440121,
        "dvar2": 3.93103504181,
        "max": 17.3086223602,
        "mean": 3.55301380157,
        "median": 3.11162519455,
        "min": -3.91103291512,
        "var": 7.02358007431
    },
    "barkbands_spread": {
        "dmean": 7.03041315079,
        "dmean2": 10.4132843018,
        "dvar": 64.1706848145,
        "dvar2": 127.00554657,
        "max": 104.740768433,
        "mean": 19.7878437042,
        "median": 15.8228120804,
        "min": 0.276481211185,
        "var": 266.763977051
    },
    "dissonance": {
        "dmean": 0.00989094004035,
        "dmean2": 0.0164580438286,
        "dvar": 0.000309075199766,
        "dvar2": 0.000775509979576,
        "max": 0.5,
        "mean": 0.480980426073,
        "median": 0.484595090151,
        "min": 0,
        "var": 0.000304081069771
    },
    "dynamic_complexity": 2.06081175804,
    "erbbands_crest": {
        "dmean": 2.44445371628,
        "dmean2": 3.90031933784,
        "dvar": 5.6428399086,
        "dvar2": 12.9217357635,
        "max": 23.4399662018,
        "mean": 8.17089080811,
        "median": 7.22600126266,
        "min": 2.63330721855,
        "var": 14.5932006836
    },
    "erbbands_flatness_db": {
        "dmean": 0.0179996695369,
        "dmean2": 0.0258178636432,
        "dvar": 0.000293759512715,
        "dvar2": 0.00058291037567,
        "max": 0.317363888025,
        "mean": 0.157775312662,
        "median": 0.153713300824,
        "min": 0.0773449391127,
        "var": 0.00107485800982
    },
    "erbbands_kurtosis": {
        "dmean": 1.28885674477,
        "dmean2": 1.87434756756,
        "dvar": 13.648639679,
        "dvar2": 23.7674388885,
        "max": 143.876937866,
        "mean": 0.237537890673,
        "median": -0.960914134979,
        "min": -1.87205576897,
        "var": 31.0422363281
    },
    "erbbands_skewness": {
        "dmean": 0.457548111677,
        "dmean2": 0.659040331841,
        "dvar": 0.238290414214,
        "dvar2": 0.435292184353,
        "max": 9.57827663422,
        "mean": -0.243633285165,
        "median": -0.337706297636,
        "min": -4.92652273178,
        "var": 1.23108816147
    },
    "erbbands_spread": {
        "dmean": 12.2376651764,
        "dmean2": 18.399433136,
        "dvar": 133.245574951,
        "dvar2": 286.659790039,
        "max": 177.795318604,
        "mean": 63.9558410645,
        "median": 63.3825569153,
        "min": 3.14438009262,
        "var": 504.528747559
    },
    "hfc": {
        "dmean": 7.65743923187,
        "dmean2": 10.7036867142,
        "dvar": 105.624176025,
        "dvar2": 184.144256592,
        "max": 206.291503906,
        "mean": 21.0422725677,
        "median": 17.8727226257,
        "min": 1.27049661367e-16,
        "var": 314.268066406
    },
    "melbands_crest": {
        "dmean": 3.31966042519,
        "dmean2": 5.46820449829,
        "dvar": 10.6683416367,
        "dvar2": 25.6939601898,
        "max": 31.4329013824,
        "mean": 19.5839920044,
        "median": 19.5839805603,
        "min": 2.48674607277,
        "var": 28.9652442932
    },
    "melbands_flatness_db": {
        "dmean": 0.04509344697,
        "dmean2": 0.0629788711667,
        "dvar": 0.00198602187447,
        "dvar2": 0.00354249682277,
        "max": 0.620864510536,
        "mean": 0.279753625393,
        "median": 0.279632925987,
        "min": 0.00799391046166,
        "var": 0.0110890287906
    },
    "melbands_kurtosis": {
        "dmean": 37.563079834,
        "dmean2": 56.8755378723,
        "dvar": 3708.97045898,
        "dvar2": 8304.38574219,
        "max": 798.306213379,
        "mean": 75.4037246704,
        "median": 43.7587661743,
        "min": -1.82366633415,
        "var": 8360.16796875
    },
    "melbands_skewness": {
        "dmean": 1.65042316914,
        "dmean2": 2.41545772552,
        "dvar": 2.92931056023,
        "dvar2": 6.06265306473,
        "max": 19.8331546783,
        "mean": 6.35251951218,
        "median": 5.92901706696,
        "min": -1.00067591667,
        "var": 12.1887769699
    },
    "melbands_spread": {
        "dmean": 7.43750047684,
        "dmean2": 10.6403694153,
        "dvar": 149.365356445,
        "dvar2": 240.970504761,
        "max": 244.653289795,
        "mean": 16.9696102142,
        "median": 8.31956195831,
        "min": 0.287550508976,
        "var": 586.534973145
    },
    "pitch_salience": {
        "dmean": 0.0966829285026,
        "dmean2": 0.153426066041,
        "dvar": 0.00866898801178,
        "dvar2": 0.0194114465266,
        "max": 0.888537824154,
        "mean": 0.419764757156,
        "median": 0.432520806789,
        "min": 0.0621876902878,
        "var": 0.0281133372337
    },
    "silence_rate_20dB": {
        "dmean": 0,
        "dmean2": 0,
        "dvar": 0,
        "dvar2": 0,
        "max": 1,
        "mean": 1,
        "median": 1,
        "min": 1,
        "var": 0
    },
    "silence_rate_30dB": {
        "dmean": 0.0969571918249,
        "dmean2": 0.194014444947,
        "dvar": 0.0875555425882,
        "dvar2": 0.197649210691,
        "max": 1,
        "mean": 0.858762860298,
        "median": 1,
        "min": 0,
        "var": 0.121287971735
    },
    "silence_rate_60dB": {
        "dmean": 0.0232078395784,
        "dmean2": 0.0464396290481,
        "dvar": 0.0226689334959,
        "dvar2": 0.0494434423745,
        "max": 1,
        "mean": 0.0412371121347,
        "median": 0,
        "min": 0,
        "var": 0.0395370312035
    },
    "spectral_centroid": {
        "dmean": 351.311340332,
        "dmean2": 501.676177979,
        "dvar": 141537.765625,
        "dvar2": 237651.46875,
        "max": 10709.3623047,
        "mean": 1528.73010254,
        "median": 1496.82373047,
        "min": 100.855957031,
        "var": 695289.8125
    },
    "spectral_complexity": {
        "dmean": 6.6771531105,
        "dmean2": 9.41382884979,
        "dvar": 53.5975189209,
        "dvar2": 94.4950027466,
        "max": 55,
        "mean": 19.3170108795,
        "median": 18,
        "min": 0,
        "var": 162.239501953
    },
    "spectral_decrease": {
        "dmean": 5.25012788799e-09,
        "dmean2": 8.37636271456e-09,
        "dvar": 3.27290453707e-17,
        "dvar2": 7.85374441173e-17,
        "max": 1.28350315026e-28,
        "mean": -1.53688066717e-08,
        "median": -1.55088066833e-08,
        "min": -4.79042832069e-08,
        "var": 1.07311464355e-16
    },
    "spectral_energy": {
        "dmean": 0.0201664157212,
        "dmean2": 0.0321374870837,
        "dvar": 0.000478294066852,
        "dvar2": 0.0011457297951,
        "max": 0.182691410184,
        "mean": 0.0599140785635,
        "median": 0.0608174800873,
        "min": 1.10393472756e-20,
        "var": 0.00156722217798
    },
    "spectral_energyband_high": {
        "dmean": 0.000556148122996,
        "dmean2": 0.000725926482119,
        "dvar": 1.20354275168e-06,
        "dvar2": 1.53298435634e-06,
        "max": 0.0284119155258,
        "mean": 0.00104709865991,
        "median": 0.000417237664806,
        "min": 8.18665579784e-21,
        "var": 4.26926544606e-06
    },
    "spectral_energyband_low": {
        "dmean": 0.0187040064484,
        "dmean2": 0.0299834739417,
        "dvar": 0.000478205241961,
        "dvar2": 0.00116295472253,
        "max": 0.177103072405,
        "mean": 0.0475197471678,
        "median": 0.0436802133918,
        "min": 3.09338235575e-23,
        "var": 0.00149776681792
    },
    "spectral_energyband_middle_high": {
        "dmean": 0.00146860466339,
        "dmean2": 0.00220075272955,
        "dvar": 3.65854543816e-06,
        "dvar2": 8.43406178319e-06,
        "max": 0.0186570454389,
        "mean": 0.00323508260772,
        "median": 0.00259619345888,
        "min": 1.44503050894e-21,
        "var": 8.55972120917e-06
    },
    "spectral_energyband_middle_low": {
        "dmean": 0.00622576568276,
        "dmean2": 0.0100855771452,
        "dvar": 8.42090012156e-05,
        "dvar2": 0.000211084145121,
        "max": 0.0655596032739,
        "mean": 0.0101357987151,
        "median": 0.0070583531633,
        "min": 4.3290015711e-22,
        "var": 0.000106058418169
    },
    "spectral_entropy": {
        "dmean": 0.20518681407,
        "dmean2": 0.286904543638,
        "dvar": 0.0517104119062,
        "dvar2": 0.0953814089298,
        "max": 9.80789375305,
        "mean": 7.51870203018,
        "median": 7.56576108932,
        "min": 4.49725103378,
        "var": 0.221510991454
    },
    "spectral_flux": {
        "dmean": 0.0426751710474,
        "dmean2": 0.0666428431869,
        "dvar": 0.00198667263612,
        "dvar2": 0.00459586130455,
        "max": 0.355710655451,
        "mean": 0.104427523911,
        "median": 0.0897244736552,
        "min": 1.05068301282e-10,
        "var": 0.00355310947634
    },
    "spectral_kurtosis": {
        "dmean": 1.63458895683,
        "dmean2": 2.75196790695,
        "dvar": 3.74434018135,
        "dvar2": 9.51237869263,
        "max": 35.5936164856,
        "mean": 2.94181871414,
        "median": 2.19689846039,
        "min": -1.19677305222,
        "var": 8.28778076172
    },
    "spectral_rms": {
        "dmean": 0.00135515909642,
        "dmean2": 0.00208656606264,
        "dvar": 2.01790589927e-06,
        "dvar2": 4.2085671339e-06,
        "max": 0.0133504876867,
        "mean": 0.00706283189356,
        "median": 0.00770286470652,
        "min": 3.28178218108e-12,
        "var": 8.5690880951e-06
    },
    "spectral_rolloff": {
        "dmean": 470.821166992,
        "dmean2": 758.963134766,
        "dvar": 883256.3125,
        "dvar2": 1655892.5,
        "max": 18776.953125,
        "mean": 989.683105469,
        "median": 172.265625,
        "min": 64.599609375,
        "var": 2426116.75
    },
    "spectral_skewness": {
        "dmean": 0.254693448544,
        "dmean2": 0.400631815195,
        "dvar": 0.079192340374,
        "dvar2": 0.178376555443,
        "max": 4.98504734039,
        "mean": 0.945134520531,
        "median": 0.85247027874,
        "min": -0.29209575057,
        "var": 0.260677784681
    },
    "spectral_spread": {
        "dmean": 470783,
        "dmean2": 704224.25,
        "dvar": 673397211136,
        "dvar2": 850679103488,
        "max": 39813900,
        "mean": 4045295.75,
        "median": 3865070.25,
        "min": 1712150.5,
        "var": 1.99310009958e+12
    },
    "spectral_strongpeak": {
        "dmean": 0.334840625525,
        "dmean2": 0.57410800457,
        "dvar": 0.256532847881,
        "dvar2": 0.669815182686,
        "max": 8.15602207184,
        "mean": 0.722635388374,
        "median": 0.659410357475,
        "min": 0,
        "var": 0.355002373457
    },
    "zerocrossingrate": {
        "dmean": 0.0110710663721,
        "dmean2": 0.0115766497329,
        "dvar": 0.000295437959721,
        "dvar2": 0.000298171304166,
        "max": 0.51123046875,
        "mean": 0.0431625507772,
        "median": 0.03125,
        "min": 0.00341796875,
        "var": 0.00153078755829
    },
    "barkbands": {
        "dmean": [0.000286189868348, 0.0141615532339, 0.00645603658631, 0.00250052334741, 0.00326241948642, 0.000662400911096, 0.000669536471833, 0.000344762229361, 0.000335534161422, 0.000187077093869, 9.6244373708e-05, 0.000103008009319, 0.000107356165245, 0.000215505831875, 0.000165492368978, 0.000187021316378, 0.000267929543043, 0.000259565626038, 0.000432454195106, 0.000209221499972, 0.000186779419892, 0.00014053794439, 0.00013190577738, 5.83725231991e-05, 1.93691885215e-05, 4.19608295488e-06, 3.46864830192e-08],
        "dmean2": [0.000428723520599, 0.0225930176675, 0.011026843451, 0.00407006498426, 0.00547442724928, 0.00104264740366, 0.00107277801726, 0.000533292652108, 0.000560565269552, 0.000317452009767, 0.000161641612067, 0.000175511726411, 0.000175275607035, 0.000344576052157, 0.000259473425103, 0.000305644382024, 0.000422248005634, 0.000407756277127, 0.000718530674931, 0.000326484412653, 0.000273738522083, 0.000201539834961, 0.000177189722308, 7.5358482718e-05, 2.61030163529e-05, 6.65964898872e-06, 6.31287164765e-08],
        "dvar": [3.13088349913e-07, 0.000305863126414, 9.50690809987e-05, 1.69498671312e-05, 4.51700543636e-05, 1.06647541998e-06, 1.41915995755e-06, 5.15085105235e-07, 3.60676182254e-07, 1.14165061404e-07, 2.70141082837e-08, 2.75464540067e-08, 3.28248219716e-08, 1.17126532473e-07, 5.73325351638e-08, 6.00254637106e-08, 1.48061047867e-07, 1.37342254902e-07, 3.58070849416e-07, 6.86041730091e-08, 7.69778623066e-08, 7.38821839263e-08, 2.53273213957e-07, 4.46367209861e-08, 4.87344209432e-09, 1.66816671587e-10, 1.68696962188e-14],
        "dvar2": [6.63384128075e-07, 0.000747598998714, 0.000264104281086, 4.56019370176e-05, 0.00011491447367, 2.32948468692e-06, 3.50637901647e-06, 1.12069312763e-06, 8.87451051312e-07, 3.08435858187e-07, 6.84127314798e-08, 7.19435391261e-08, 8.07012625614e-08, 2.79992605101e-07, 1.30620776417e-07, 1.4285303962e-07, 3.50189822029e-07, 3.18644737263e-07, 9.33975570661e-07, 1.66631878074e-07, 1.48647501419e-07, 1.46947101598e-07, 3.31351913019e-07, 6.35237427105e-08, 1.01746788772e-08, 3.93287957756e-10, 4.5972038974e-14],
        "max": [0.0050718607381, 0.138564169407, 0.0879317596555, 0.0540988817811, 0.0492727532983, 0.0088156554848, 0.0142616257071, 0.0158822722733, 0.0105300899595, 0.00295442668721, 0.00249280408025, 0.00156914349645, 0.00202964781784, 0.0049223867245, 0.00404879776761, 0.00349106406793, 0.007371194195, 0.00469771306962, 0.00554763292894, 0.00362947396934, 0.00523469876498, 0.00545247551054, 0.0154085746035, 0.00573088694364, 0.00196876120754, 0.00020925073477, 2.67974633061e-06],
        "mean": [0.000283757952275, 0.0326433703303, 0.0126033760607, 0.00438837567344, 0.00313319289126, 0.000800317211542, 0.000853709527291, 0.000439352355897, 0.000463599193608, 0.000183725598617, 0.000103596656118, 0.000108028398245, 0.000132656525238, 0.000264760106802, 0.000230675403145, 0.0002669528767, 0.00045398704242, 0.000437087932369, 0.000816042826045, 0.000410787819419, 0.00031024654163, 0.000214389539906, 0.000244424096309, 9.29776288103e-05, 2.98895865853e-05, 4.75692058899e-06, 2.22959624097e-08],
        "median": [2.98913419101e-05, 0.0258828811347, 0.00976443104446, 0.00206305785105, 0.00129271484911, 0.000333405245328, 0.000257868261542, 0.000134006637381, 0.00012508436339, 6.85152772348e-05, 4.33129425801e-05, 4.70530649181e-05, 5.52969286218e-05, 0.000115575472591, 0.000106007959403, 0.000158661176101, 0.000207415650948, 0.000249677104875, 0.000461993156932, 0.00027522520395, 0.000156107271323, 5.39017746632e-05, 4.37626986241e-05, 1.81979630725e-05, 6.10607958151e-06, 8.73182614214e-07, 1.62415636495e-09],
        "min": [5.16553614917e-24, 1.80507720313e-23, 6.4127429897e-24, 9.69423751134e-24, 5.70410687196e-24, 1.16037109889e-22, 5.30669823277e-23, 8.80621331934e-23, 1.08331958329e-22, 9.2969567465e-23, 7.5935391016e-23, 8.07088388406e-23, 1.46898509705e-22, 6.36498921591e-23, 1.69307990673e-22, 1.39227272853e-22, 1.3850848804e-22, 1.40622143016e-22, 3.07769197545e-22, 2.44045594223e-22, 3.63310710315e-22, 5.99352887825e-22, 6.09343022329e-22, 6.98275641443e-22, 1.176427132e-21, 2.02691743572e-21, 2.72969662727e-21],
        "var": [3.76033995053e-07, 0.000931710004807, 0.000164533426869, 3.67197208107e-05, 3.65563792002e-05, 1.43300371747e-06, 2.38656662077e-06, 8.85327779088e-07, 9.71402414507e-07, 9.83055414849e-08, 2.79267577952e-08, 2.64984727494e-08, 4.30531770235e-08, 1.5765105843e-07, 1.04767188702e-07, 1.06688354151e-07, 4.37020503341e-07, 2.95002223538e-07, 9.15051884931e-07, 1.90037866332e-07, 2.02024736495e-07, 1.81034252478e-07, 7.27567453396e-07, 1.2768259694e-07, 1.00647685741e-08, 2.19368773147e-10, 1.10286324005e-14]
    },
    "erbbands": {
        "dmean": [0.231480717659, 3.79333496094, 8.80621528625, 5.95401239395, 7.00825929642, 11.2785453796, 15.4629421234, 5.23058795929, 8.35121154785, 9.25519371033, 7.60004758835, 7.37811088562, 5.93350982666, 5.10821676254, 3.93889594078, 4.05924844742, 4.48080253601, 9.53445148468, 9.26971530914, 7.65365552902, 12.4580097198, 12.9960269928, 12.6937208176, 18.6179199219, 20.8860435486, 8.76364040375, 8.36147403717, 6.66584539413, 4.5448756218, 5.21341753006, 3.63658809662, 1.57040464878, 0.854103863239, 0.280135601759, 0.112929448485, 0.0221928805113, 0.00792229082435, 0.000995414797217, 2.55338327406e-05, 2.26924821618e-05],
        "dmean2": [0.376456558704, 6.06199073792, 14.6704902649, 9.76499843597, 11.7856111526, 19.2912502289, 25.2464008331, 8.3671169281, 13.7424850464, 14.5704183578, 11.5849256516, 12.2577438354, 10.0113487244, 8.46319675446, 6.64550542831, 6.78837823868, 7.25671815872, 14.9204845428, 14.3830595016, 12.013297081, 19.8990020752, 20.4510974884, 19.577123642, 30.84633255, 34.2054824829, 13.3871526718, 12.1781425476, 9.7837896347, 6.64507913589, 7.14733743668, 4.91528463364, 1.97491085529, 1.16011691093, 0.376870900393, 0.156779080629, 0.0313036702573, 0.0131761832163, 0.00171623576898, 4.07551815442e-05, 3.56794189429e-05],
        "dvar": [0.119782969356, 21.8572311401, 147.949569702, 81.2836456299, 112.894065857, 667.527587891, 1461.10070801, 60.4004707336, 267.268371582, 246.559509277, 235.822128296, 169.946746826, 121.677566528, 60.7730331421, 46.3891944885, 42.6636657715, 54.4128189087, 272.356323242, 147.278305054, 162.049499512, 263.501373291, 324.061279297, 321.470001221, 495.072174072, 1024.0904541, 119.376060486, 147.946029663, 130.15435791, 64.4775924683, 234.791259766, 206.188018799, 29.907081604, 11.927400589, 0.773920357227, 0.269890636206, 0.00732421875, 0.000698488845956, 1.47345663208e-05, 4.06091382743e-09, 5.8792343216e-10],
        "dvar2": [0.318623155355, 52.1790428162, 395.623718262, 205.123321533, 320.195678711, 1773.59643555, 3457.5625, 145.966659546, 663.896850586, 576.48046875, 542.790710449, 429.471069336, 315.598114014, 150.486129761, 120.941848755, 108.967010498, 134.655899048, 625.452636719, 349.373840332, 353.291870117, 625.25592041, 783.693237305, 703.42980957, 1299.47875977, 2696.89819336, 272.428985596, 290.34777832, 280.744934082, 126.561416626, 348.604614258, 276.937255859, 38.5613632202, 22.4103221893, 1.26165831089, 0.658181250095, 0.013760946691, 0.00185522914398, 3.99371456297e-05, 1.06265964916e-08, 1.39073907945e-09],
        "max": [2.90214586258, 36.9820022583, 87.4416122437, 106.197525024, 125.081031799, 187.156784058, 300.035614014, 73.6755447388, 256.117919922, 182.618179321, 328.588562012, 222.378051758, 161.197616577, 67.3199691772, 99.4150466919, 73.1628952026, 77.8663330078, 246.962158203, 104.019630432, 259.507904053, 236.994995117, 324.72744751, 215.33795166, 264.383666992, 357.144287109, 111.679840088, 211.156311035, 282.996643066, 138.402435303, 447.544921875, 454.392150879, 151.499313354, 101.596580505, 22.3513278961, 15.8644647598, 1.96112596989, 0.420514583588, 0.0605747289956, 0.000982642406598, 0.000205758333323],
        "mean": [0.383917361498, 8.86519908905, 19.9126491547, 11.9137935638, 11.3684339523, 9.53887081146, 13.1808433533, 6.40763521194, 10.366894722, 12.303855896, 10.5625238419, 10.0274648666, 6.50353193283, 5.53049612045, 4.14325284958, 4.52882432938, 5.88196802139, 12.2255973816, 13.0757846832, 11.8866643906, 19.0640258789, 23.6296386719, 23.4815216064, 32.805973053, 41.0437583923, 18.1697711945, 14.0194711685, 10.569478035, 6.97310066223, 9.09583377838, 6.43503141403, 2.64425635338, 1.22678053379, 0.447417587042, 0.166333138943, 0.0326204150915, 0.00762724364176, 0.000815956213046, 4.83387630084e-05, 6.94827467669e-05],
        "median": [0.31485837698, 6.8880648613, 13.8253011703, 6.7476234436, 7.55309104919, 2.59243774414, 2.23520851135, 2.75988674164, 3.45482492447, 4.56595039368, 3.6459608078, 2.85687088966, 2.55248045921, 2.15822529793, 1.80852389336, 2.04395866394, 2.72013044357, 5.57836437225, 6.61247110367, 5.7837600708, 11.4524154663, 12.030752182, 12.5656242371, 23.7713165283, 19.2886390686, 12.5581130981, 7.17838478088, 4.65803623199, 1.85198283195, 1.99018621445, 1.09886789322, 0.43780952692, 0.24161529541, 0.089146129787, 0.0355411060154, 0.00594311021268, 0.00133147777524, 0.000107980915345, 3.87706750189e-05, 6.98824296705e-05],
        "min": [3.20839953791e-22, 4.80837303189e-21, 6.56867032485e-21, 2.30013725192e-20, 2.14587517626e-20, 2.64181502837e-20, 3.64485711489e-19, 1.10812464939e-18, 9.84610143722e-19, 5.83644991737e-19, 2.30983837444e-18, 2.34084089701e-18, 4.07006899858e-18, 2.24405207994e-18, 3.26400423912e-18, 3.57607466881e-18, 7.08135012182e-18, 2.60196672034e-18, 4.99602490244e-18, 1.02138599405e-17, 8.39230152536e-18, 6.8619251615e-18, 8.07000797047e-18, 1.26429361934e-17, 1.50087819332e-17, 1.13148050758e-17, 1.68210155413e-17, 1.19584177668e-17, 1.83861024716e-17, 2.25854751028e-17, 1.78804999027e-17, 1.06140532296e-17, 1.50815754815e-17, 1.19488059281e-17, 9.49395555441e-18, 7.0228262663e-18, 3.55820839476e-18, 1.54154133758e-18, 3.99398497754e-19, 4.00346724617e-20],
        "var": [0.159437656403, 70.9180984497, 338.239379883, 201.737503052, 160.888046265, 489.668884277, 1280.93249512, 83.0543518066, 432.737762451, 410.147888184, 525.849182129, 453.427886963, 134.554473877, 69.7191543579, 42.6661834717, 46.0722351074, 72.8295669556, 374.014984131, 240.872436523, 302.980529785, 572.703857422, 928.673583984, 881.029785156, 1111.60961914, 2748.13671875, 335.929443359, 375.355804443, 300.757080078, 162.909500122, 680.219848633, 558.305969238, 95.1130447388, 24.0528697968, 2.12587404251, 0.38505205512, 0.0147991310805, 0.000592243100982, 1.00799252323e-05, 3.78735265372e-09, 1.95868277153e-09]
    },
    "gfcc": {
        "mean": [-16.5028572083, 107.646957397, -112.091743469, 80.2700500488, -40.1010742188, 10.4862146378, -25.4429988861, 11.1676931381, -13.9757471085, -1.53874254227, -10.0768556595, -12.7564897537, -9.46323108673],
        "cov": [[5065.44628906, -597.790344238, -688.402709961, 331.633483887, -752.566711426, 81.3228607178, -255.090332031, 108.591278076, 72.2316207886, 81.3173980713, 30.6373977661, 98.8715133667, -14.6071529388], [-597.790344238, 1172.3717041, -23.1347618103, -146.320404053, 497.055389404, -294.066680908, 325.486175537, -90.6767120361, 24.2232151031, -76.4031143188, 122.732627869, -160.210968018, 77.3807601929], [-688.402709961, -23.1347618103, 797.904296875, 65.4097061157, 249.996307373, 237.138946533, 101.083320618, 39.017742157, 34.8849411011, -6.4324555397, -42.1799545288, -15.2154331207, -10.6417970657], [331.633483887, -146.320404053, 65.4097061157, 311.775115967, 3.03780317307, 74.882850647, 15.8072566986, -9.34587955475, 93.5736541748, -17.2869167328, 11.9187335968, -3.64269447327, -8.98948574066], [-752.566711426, 497.055389404, 249.996307373, 3.03780317307, 575.953063965, -113.604492188, 258.625610352, 20.9241294861, -49.5498428345, 3.74310564995, 24.2039012909, -117.260032654, 21.507188797], [81.3228607178, -294.066680908, 237.138946533, 74.882850647, -113.604492188, 295.459869385, -42.8487243652, 19.2274417877, 82.3255615234, -15.5984106064, -34.3430480957, 58.2788124084, -11.9088459015], [-255.090332031, 325.486175537, 101.083320618, 15.8072566986, 258.625610352, -42.8487243652, 260.172515869, 30.224905014, -3.62464880943, 1.33893227577, 14.0829811096, -80.4625244141, 24.5177745819], [108.591278076, -90.6767120361, 39.017742157, -9.34587955475, 20.9241294861, 19.2274417877, 30.224905014, 138.682022095, 15.4781112671, 26.969499588, -21.7421741486, -15.5039176941, -24.712228775], [72.2316207886, 24.2232151031, 34.8849411011, 93.5736541748, -49.5498428345, 82.3255615234, -3.62464880943, 15.4781112671, 227.555206299, -15.1070384979, 40.7551841736, 2.9154651165, -17.4129638672], [81.3173980713, -76.4031143188, -6.4324555397, -17.2869167328, 3.74310564995, -15.5984106064, 1.33893227577, 26.969499588, -15.1070384979, 116.819442749, 14.0820865631, -9.51835632324, -10.8662977219], [30.6373977661, 122.732627869, -42.1799545288, 11.9187335968, 24.2039012909, -34.3430480957, 14.0829811096, -21.7421741486, 40.7551841736, 14.0820865631, 90.512550354, 13.3356590271, 20.1932182312], [98.8715133667, -160.210968018, -15.2154331207, -3.64269447327, -117.260032654, 58.2788124084, -80.4625244141, -15.5039176941, 2.9154651165, -9.51835632324, 13.3356590271, 119.159545898, 22.4207668304], [-14.6071529388, 77.3807601929, -10.6417970657, -8.98948574066, 21.507188797, -11.9088459015, 24.5177745819, -24.712228775, -17.4129638672, -10.8662977219, 20.1932182312, 22.4207668304, 78.9017562866]],
        "icov": [[0.00036119055585, -0.000468502053991, 0.000262649380602, -0.000794281600975, 0.000620797858573, -0.000390910368878, 0.000279440544546, -0.000780769449193, 0.000508198398165, -0.000508712837473, 6.61280428176e-05, -8.42396184453e-05, -3.92137990275e-05], [-0.000468502053991, 0.00602480582893, -0.000478171161376, 0.00442873872817, -0.00274288048968, 0.00347731937654, -0.00394841795787, 0.00441916007549, -0.00354132149369, 0.00465596606955, -0.00434078974649, 0.00332657294348, -0.00164647039492], [0.000262649380602, -0.000478171161376, 0.00283022224903, -0.000601302424911, -0.00135958963074, -0.00309444055893, 0.000584096822422, -0.000633158662822, 0.000494873325806, -0.000683896127157, 0.000768155558035, -0.000227701981203, 0.000237672677031], [-0.000794281600975, 0.00442873872817, -0.000601302424911, 0.00773548847064, -0.00278243748471, 0.0018694413593, -0.00309528363869, 0.00446951622143, -0.00424339668825, 0.00384995061904, -0.00293529266492, 0.00247363909148, -0.000645854335744], [0.000620797858573, -0.00274288048968, -0.00135958963074, -0.00278243748471, 0.0065971375443, 0.000563906505704, -0.00136901612859, -0.00267888023518, 0.00271173473448, -0.00183599756565, 0.00020705582574, 0.000165785575518, 0.000423279678216], [-0.000390910368878, 0.00347731937654, -0.00309444055893, 0.0018694413593, 0.000563906505704, 0.010098323226, -0.00318343192339, 0.00251203496009, -0.00423244992271, 0.00267707393505, 0.000357309618266, -0.00110127648804, -0.000884469365701], [0.000279440544546, -0.00394841795787, 0.000584096822422, -0.00309528363869, -0.00136901612859, -0.00318343192339, 0.0109161389992, -0.0045117191039, 0.00212640524842, -0.00272391573526, 0.00204788986593, 0.0013236758532, -0.00206839921884], [-0.000780769449193, 0.00441916007549, -0.000633158662822, 0.00446951622143, -0.00267888023518, 0.00251203496009, -0.0045117191039, 0.012861575, -0.00425122585148, 0.00123708811589, 7.88584729889e-05, 0.0013544796966, 0.00131200219039], [0.000508198398165, -0.00354132149369, 0.000494873325806, -0.00424339668825, 0.00271173473448, -0.00423244992271, 0.00212640524842, -0.00425122585148, 0.00933271460235, -0.00120320310816, -0.00280459341593, -9.39475066843e-05, 0.00241860910319], [-0.000508712837473, 0.00465596606955, -0.000683896127157, 0.00384995061904, -0.00183599756565, 0.00267707393505, -0.00272391573526, 0.00123708811589, -0.00120320310816, 0.0136513030156, -0.00690836412832, 0.0037864302285, 0.00013101035438], [6.61280428176e-05, -0.00434078974649, 0.000768155558035, -0.00293529266492, 0.00020705582574, 0.000357309618266, 0.00204788986593, 7.88584729889e-05, -0.00280459341593, -0.00690836412832, 0.0211578737944, -0.00701688509434, -0.0015669852728], [-8.42396184453e-05, 0.00332657294348, -0.000227701981203, 0.00247363909148, 0.000165785575518, -0.00110127648804, 0.0013236758532, 0.0013544796966, -9.39475066843e-05, 0.0037864302285, -0.00701688509434, 0.0169225744903, -0.00573759805411], [-3.92137990275e-05, -0.00164647039492, 0.000237672677031, -0.000645854335744, 0.000423279678216, -0.000884469365701, -0.00206839921884, 0.00131200219039, 0.00241860910319, 0.00013101035438, -0.0015669852728, -0.00573759805411, 0.0176279563457]]
    },
    "melbands": {
        "dmean": [0.0030067616608, 0.00477711297572, 0.00109785271343, 0.00053020165069, 0.000610494113062, 0.000113642374345, 0.000131984139443, 9.32566690608e-05, 6.30243011983e-05, 4.63201322418e-05, 2.99337862089e-05, 2.15262989514e-05, 1.30135913423e-05, 1.19628521134e-05, 9.68659787759e-06, 1.16188512038e-05, 1.95987777261e-05, 1.6750427676e-05, 1.1777173313e-05, 1.07483465399e-05, 1.74321303348e-05, 1.58245838975e-05, 1.18133830256e-05, 1.32278655656e-05, 1.60163417604e-05, 1.93564774236e-05, 1.07762316475e-05, 5.57573321203e-06, 5.51622088096e-06, 4.89706235385e-06, 3.86760575566e-06, 2.52008248935e-06, 3.06718698084e-06, 3.00800252262e-06, 2.51432038567e-06, 1.27722830712e-06, 8.76995898125e-07, 6.89497653639e-07, 3.52186418695e-07, 2.14093205386e-07],
        "dmean2": [0.00490477634594, 0.00776648847386, 0.00178898649756, 0.00091340666404, 0.00101134215947, 0.000180410410394, 0.000216024694964, 0.000146087040775, 9.68517997535e-05, 7.7506469097e-05, 5.06200376549e-05, 3.5901877709e-05, 2.18651166506e-05, 2.06782588066e-05, 1.58808270498e-05, 1.8474247554e-05, 3.12340453092e-05, 2.63189649559e-05, 1.84517411981e-05, 1.73770858964e-05, 2.80859585473e-05, 2.53581929428e-05, 1.82819003385e-05, 2.07416669582e-05, 2.70419459412e-05, 3.24237698806e-05, 1.71992051037e-05, 8.55381858855e-06, 8.08578352007e-06, 7.49709124648e-06, 5.72680528421e-06, 3.783948614e-06, 4.46285730504e-06, 4.1324879021e-06, 3.45371336152e-06, 1.62402636761e-06, 1.16725448152e-06, 9.48043464177e-07, 5.01440183598e-07, 2.94611567142e-07],
        "dvar": [1.50199821292e-05, 3.59698824468e-05, 2.56409839494e-06, 7.34345235287e-07, 2.38229358729e-06, 2.75723603949e-08, 6.16091710981e-08, 2.67193502879e-08, 1.66469771301e-08, 6.57952314853e-09, 3.13957815301e-09, 1.12760301096e-09, 5.15054388028e-10, 4.09000916468e-10, 3.41267986093e-10, 3.56739859875e-10, 1.16674969686e-09, 5.15802012213e-10, 3.82554793399e-10, 2.45752668215e-10, 5.57526358413e-10, 5.26323484795e-10, 4.06112310447e-10, 3.88690246655e-10, 3.59362845037e-10, 1.06964770374e-09, 2.15339052145e-10, 5.11710916695e-11, 6.6718845726e-11, 4.94763674475e-11, 5.88073548191e-11, 1.83070347076e-11, 4.16248389923e-11, 1.00361517708e-10, 1.03408635821e-10, 1.95517300267e-11, 9.86606803199e-12, 8.70963717814e-12, 1.54005985482e-12, 4.47257248598e-13],
        "dvar2": [3.94874805352e-05, 8.67502385518e-05, 6.71860152579e-06, 1.98672637453e-06, 5.82986876907e-06, 6.62767689619e-08, 1.53403959757e-07, 6.03394312293e-08, 3.81675846484e-08, 1.65624385318e-08, 8.20589463046e-09, 2.82223355796e-09, 1.32751909465e-09, 1.09251097058e-09, 8.32558022523e-10, 8.37902303097e-10, 2.76414802158e-09, 1.26926036348e-09, 8.85989726029e-10, 5.78027847808e-10, 1.30761312889e-09, 1.28393040644e-09, 9.26932253176e-10, 9.28150611923e-10, 9.78050862521e-10, 2.82373746607e-09, 5.87105752903e-10, 1.1606449829e-10, 1.33713193295e-10, 1.0592537264e-10, 1.36175751231e-10, 3.920347727e-11, 8.17240095041e-11, 1.50285617284e-10, 1.50142218103e-10, 2.74372451842e-11, 1.48861947075e-11, 1.68103465176e-11, 3.18524243439e-12, 7.90498851273e-13],
        "max": [0.0310940034688, 0.0480903796852, 0.0188324879855, 0.00717391911894, 0.0120331160724, 0.00145923544187, 0.00331290857866, 0.00280613265932, 0.00262303510681, 0.00134857255034, 0.00077337003313, 0.000277662387816, 0.000362487247912, 0.000202646842808, 0.000413901958382, 0.000208637560718, 0.00045784629765, 0.000226599076996, 0.000335467746481, 0.000247570977081, 0.000390506058466, 0.000380224286346, 0.00041717273416, 0.00026757013984, 0.000225453797611, 0.000331085961079, 0.000198965499294, 8.05301096989e-05, 0.000149077211972, 0.000135323047289, 0.000216054962948, 7.61985211284e-05, 0.000122489596833, 0.000310400442686, 0.000320208084304, 0.0001227404573, 8.76106350916e-05, 8.68040442583e-05, 3.38351237588e-05, 1.87423465832e-05],
        "mean": [0.0062749190256, 0.0117558808997, 0.00225182063878, 0.000643723353278, 0.000505085568875, 0.000142326709465, 0.000165558565641, 0.000125038190163, 8.90927767614e-05, 6.11448704149e-05, 3.16831683449e-05, 2.26190695685e-05, 1.3811772078e-05, 1.21508664961e-05, 1.14869535537e-05, 1.47379578266e-05, 2.38795582845e-05, 2.17015640374e-05, 1.67506514117e-05, 1.55824709509e-05, 2.52100271609e-05, 2.59907646978e-05, 2.15971394937e-05, 2.07148514164e-05, 2.66033439402e-05, 3.26854133164e-05, 2.28268963838e-05, 9.48003162193e-06, 8.71281372383e-06, 7.64041396906e-06, 5.61557817491e-06, 3.53125187758e-06, 4.59433204014e-06, 5.27242809767e-06, 4.23546134698e-06, 2.13032535612e-06, 1.36696621666e-06, 9.28895417474e-07, 5.19563116086e-07, 3.28541034378e-07],
        "median": [0.00553210033104, 0.00902977585793, 0.00145568407606, 0.000400909164455, 8.31516954349e-05, 6.26317123533e-05, 5.51597040612e-05, 4.58036229247e-05, 2.57989486272e-05, 1.74678352778e-05, 1.18419320643e-05, 8.44864734972e-06, 5.87508111494e-06, 5.20628555023e-06, 5.4009615269e-06, 6.01482679485e-06, 1.01451560113e-05, 1.08203694253e-05, 7.18950968803e-06, 8.36742856336e-06, 1.39787407534e-05, 1.25814331113e-05, 9.26419670577e-06, 1.19461565191e-05, 1.8820479454e-05, 1.26281347548e-05, 1.19574106066e-05, 6.15465387455e-06, 4.05950231652e-06, 4.1706389311e-06, 2.06499498745e-06, 8.65417234763e-07, 1.02949093161e-06, 9.93744265543e-07, 6.72477085573e-07, 3.39609130151e-07, 2.02017758966e-07, 1.6428117533e-07, 1.12289839649e-07, 5.75557486115e-08],
        "min": [4.69876715155e-24, 4.82828391269e-24, 4.08146219397e-24, 1.4392317565e-24, 1.07567440094e-23, 2.5022574828e-23, 1.3115194358e-23, 8.73649884125e-24, 1.85905390616e-23, 1.51982257544e-23, 1.99225811872e-23, 8.40601897564e-24, 9.83838764227e-24, 7.0790894576e-24, 1.81699594477e-23, 1.09493798981e-23, 4.36070869923e-24, 7.4236741562e-24, 1.34539548965e-23, 1.17870910149e-23, 1.01377390566e-23, 7.69305911128e-24, 6.3490203835e-24, 7.56014078191e-24, 1.03315030164e-23, 1.25357799674e-23, 8.86341393912e-24, 6.70106415638e-24, 1.17172318597e-23, 7.33990817211e-24, 6.28292843357e-24, 9.34022908037e-24, 1.33844452067e-23, 1.17420462684e-23, 1.02349093651e-23, 7.88530451388e-24, 5.9075915703e-24, 1.13702237804e-23, 8.07388565758e-24, 1.11863111156e-23],
        "var": [3.28815513058e-05, 0.000111884524813, 5.95044411966e-06, 6.36096842754e-07, 1.97395297619e-06, 3.96508959e-08, 9.50525418375e-08, 4.42137810808e-08, 4.53063115913e-08, 1.67677889351e-08, 3.33006022757e-09, 1.2365891644e-09, 4.92279106368e-10, 3.50615370071e-10, 4.33316243997e-10, 5.11961473215e-10, 1.49933776505e-09, 7.55046858369e-10, 7.09920122688e-10, 4.33296176716e-10, 1.19800291909e-09, 1.23937982099e-09, 1.11200293418e-09, 6.89834689371e-10, 7.83809128713e-10, 1.96287963661e-09, 8.31562985137e-10, 1.04219202712e-10, 1.68671215883e-10, 1.11508954848e-10, 1.12997645962e-10, 4.03465177934e-11, 1.00765375211e-10, 2.79938072723e-10, 2.58414595278e-10, 5.6565974127e-11, 2.77557057199e-11, 1.58967058267e-11, 3.1434815688e-12, 1.17183834251e-12]
    },
    "mfcc": {
        "mean": [-652.440734863, 116.358940125, 2.7875392437, 65.8490829468, 16.2223834991, 13.4217662811, 7.262778759, 9.30579853058, 4.49605178833, 11.4868021011, 3.94856643677, 2.28204655647, -0.832749843597],
        "cov": [[5252.69335938, -1190.47607422, -179.400390625, -135.837738037, -465.962677002, -139.428665161, -498.475830078, 47.4674491882, -236.099945068, 51.8974723816, 63.9853172302, -55.274017334, -10.788775444], [-1190.47607422, 1505.35095215, -391.092224121, 290.597564697, 103.287063599, -59.6232147217, 387.196624756, -89.2222824097, 84.4030990601, 47.6090240479, -1.72013604641, -15.2202548981, -3.82230615616], [-179.400390625, -391.092224121, 686.238220215, -150.688430786, 137.050796509, 194.022857666, -82.2007293701, 135.889938354, 71.2848358154, -0.115907050669, 30.8439273834, 55.6751976013, 14.7792568207], [-135.837738037, 290.597564697, -150.688430786, 376.543792725, 73.4219055176, 18.8469905853, 151.592559814, -8.64130496979, 33.1827430725, 66.4510345459, 4.49259662628, 3.19032764435, 21.6338424683], [-465.962677002, 103.287063599, 137.050796509, 73.4219055176, 232.093826294, 68.3140563965, 70.1678543091, 40.7859153748, 58.1758041382, 21.5262355804, 13.495639801, 31.7149600983, 20.5592269897], [-139.428665161, -59.6232147217, 194.022857666, 18.8469905853, 68.3140563965, 201.131607056, 4.35992479324, 66.6825866699, 30.234828949, 9.87234783173, 4.88215732574, 23.2422714233, 14.2084150314], [-498.475830078, 387.196624756, -82.2007293701, 151.592559814, 70.1678543091, 4.35992479324, 333.741149902, -50.0578308105, 96.340133667, 21.9408493042, -8.13944339752, -25.4846496582, -10.2961883545], [47.4674491882, -89.2222824097, 135.889938354, -8.64130496979, 40.7859153748, 66.6825866699, -50.0578308105, 179.288513184, 35.54271698, 8.24031257629, 15.4289207458, 23.9115543365, 21.4830055237], [-236.099945068, 84.4030990601, 71.2848358154, 33.1827430725, 58.1758041382, 30.234828949, 96.340133667, 35.54271698, 133.080215454, 45.7822608948, 24.2287330627, 14.2327165604, -8.69942092896], [51.8974723816, 47.6090240479, -0.115907050669, 66.4510345459, 21.5262355804, 9.87234783173, 21.9408493042, 8.24031257629, 45.7822608948, 115.189186096, 51.6507873535, 23.7979736328, -5.89052534103], [63.9853172302, -1.72013604641, 30.8439273834, 4.49259662628, 13.495639801, 4.88215732574, -8.13944339752, 15.4289207458, 24.2287330627, 51.6507873535, 83.9369735718, 38.3774337769, 3.06323432922], [-55.274017334, -15.2202548981, 55.6751976013, 3.19032764435, 31.7149600983, 23.2422714233, -25.4846496582, 23.9115543365, 14.2327165604, 23.7979736328, 38.3774337769, 103.767608643, 28.8489952087], [-10.788775444, -3.82230615616, 14.7792568207, 21.6338424683, 20.5592269897, 14.2084150314, -10.2961883545, 21.4830055237, -8.69942092896, -5.89052534103, 3.06323432922, 28.8489952087, 59.0970611572]],
