{
"lowlevel": {
    "average_loudness": 0.971166193485,
    "barkbands_crest": {
        "dmean": 1.87540698051,
        "dmean2": 3.01374030113,
        "dvar": 3.50393080711,
        "dvar2": 8.85894680023,
        "max": 21.7161540985,
        "mean": 8.05655384064,
        "median": 7.38169956207,
        "min": 2.44479584694,
        "var": 10.3282642365
    },
    "barkbands_flatness_db": {
        "dmean": 0.0180578641593,
        "dmean2": 0.0278008580208,
        "dvar": 0.000392477581045,
        "dvar2": 0.000925755302887,
        "max": 0.271016091108,
        "mean": 0.0897201523185,
        "median": 0.0828446671367,
        "min": 0.0193743109703,
        "var": 0.00141656817868
    },
    "barkbands_kurtosis": {
        "dmean": 2.04278087616,
        "dmean2": 3.24597072601,
        "dvar": 21.666425705,
        "dvar2": 53.1447753906,
        "max": 71.2393112183,
        "mean": 2.16684889793,
        "median": 0.370524644852,
        "min": -1.90433001518,
        "var": 42.7643737793
    },
    "barkbands_skewness": {
        "dmean": 0.475743353367,
        "dmean2": 0.735854685307,
        "dvar": 0.383291780949,
        "dvar2": 0.868416070938,
        "max": 7.54683160782,
        "mean": 1.29283642769,
        "median": 1.16514325142,
        "min": -3.77126693726,
        "var": 1.16321825981
    },
    "barkbands_spread": {
        "dmean": 9.02276992798,
        "dmean2": 13.8590602875,
        "dvar": 118.471923828,
        "dvar2": 250.316802979,
        "max": 116.238945007,
        "mean": 42.8943214417,
        "median": 40.640789032,
        "min": 3.17299079895,
        "var": 466.447296143
    },
    "dissonance": {
        "dmean": 0.0157821141183,
        "dmean2": 0.0263695623726,
        "dvar": 0.000311646028422,
        "dvar2": 0.000807329663076,
        "max": 0.499957293272,
        "mean": 0.466888219118,
        "median": 0.471162229776,
        "min": 0.147665560246,
        "var": 0.000543405301869
    },
    "dynamic_complexity": 2.05648350716,
    "erbbands_crest": {
        "dmean": 1.95320534706,
        "dmean2": 3.13925981522,
        "dvar": 4.4906039238,
        "dvar2": 11.5506362915,
        "max": 26.7077655792,
        "mean": 6.88334226608,
        "median": 5.99797773361,
        "min": 2.08535981178,
        "var": 11.6835680008
    },
    "erbbands_flatness_db": {
        "dmean": 0.012554410845,
        "dmean2": 0.0189663171768,
        "dvar": 0.000175923443749,
        "dvar2": 0.000386766798329,
        "max": 0.233372017741,
        "mean": 0.104580618441,
        "median": 0.101859919727,
        "min": 0.0474547110498,
        "var": 0.000747269252315
    },
    "erbbands_kurtosis": {
        "dmean": 0.555264651775,
        "dmean2": 0.903623461723,
        "dvar": 0.620632231236,
        "dvar2": 1.45418059826,
        "max": 8.59766483307,
        "mean": -0.341666668653,
        "median": -0.668820619583,
        "min": -1.72627615929,
        "var": 1.40996062756
    },
    "erbbands_skewness": {
        "dmean": 0.308693170547,
        "dmean2": 0.479143828154,
        "dvar": 0.0891982614994,
        "dvar2": 0.190529748797,
        "max": 2.63111948967,
        "mean": 0.14726036787,
        "median": 0.167232453823,
        "min": -2.72850561142,
        "var": 0.461567759514
    },
    "erbbands_spread": {
        "dmean": 10.6756782532,
        "dmean2": 17.0842761993,
        "dvar": 137.838989258,
        "dvar2": 336.333465576,
        "max": 158.230453491,
        "mean": 61.3017196655,
        "median": 59.9426345825,
        "min": 12.9845237732,
        "var": 484.067932129
    },
    "hfc": {
        "dmean": 14.07168293,
        "dmean2": 20.6924819946,
        "dvar": 377.730377197,
        "dvar2": 822.805847168,
        "max": 217.186004639,
        "mean": 49.6130752563,
        "median": 42.2924461365,
        "min": 1.16144231285e-16,
        "var": 1241.08300781
    },
    "melbands_crest": {
        "dmean": 2.88109493256,
        "dmean2": 4.79339122772,
        "dvar": 8.11851406097,
        "dvar2": 21.0851573944,
        "max": 30.5595035553,
        "mean": 13.1443281174,
        "median": 12.7792110443,
        "min": 2.24844670296,
        "var": 20.2365341187
    },
    "melbands_flatness_db": {
        "dmean": 0.0237202104181,
        "dmean2": 0.0353134423494,
        "dvar": 0.000754650100134,
        "dvar2": 0.00166277238168,
        "max": 0.413436561823,
        "mean": 0.147901535034,
        "median": 0.140610858798,
        "min": 0.00720038730651,
        "var": 0.00345517578535
    },
    "melbands_kurtosis": {
        "dmean": 7.9807434082,
        "dmean2": 12.9984712601,
        "dvar": 284.77142334,
        "dvar2": 730.405761719,
        "max": 255.954742432,
        "mean": 15.6703014374,
        "median": 9.48167324066,
        "min": -1.75392985344,
        "var": 491.816619873
    },
    "melbands_skewness": {
        "dmean": 0.740503370762,
        "dmean2": 1.17958068848,
        "dvar": 1.01226854324,
        "dvar2": 2.53465986252,
        "max": 12.4532375336,
        "mean": 3.08435916901,
        "median": 2.76216292381,
        "min": -0.644617140293,
        "var": 2.53991174698
    },
    "melbands_spread": {
        "dmean": 10.1688804626,
        "dmean2": 15.6209383011,
        "dvar": 193.879699707,
        "dvar2": 404.781311035,
        "max": 251.346206665,
        "mean": 35.5998573303,
        "median": 29.5283584595,
        "min": 1.64076209068,
        "var": 668.928283691
    },
    "pitch_salience": {
        "dmean": 0.0554680861533,
        "dmean2": 0.0902986973524,
        "dvar": 0.00259758369066,
        "dvar2": 0.00679257651791,
        "max": 0.908847093582,
        "mean": 0.569247484207,
        "median": 0.57043504715,
        "min": 0.267527461052,
        "var": 0.00758299557492
    },
    "silence_rate_20dB": {
        "dmean": 0,
        "dmean2": 0,
        "dvar": 0,
        "dvar2": 0,
        "max": 1,
        "mean": 1,
        "median": 1,
        "min": 1,
        "var": 0
    },
    "silence_rate_30dB": {
        "dmean": 0.021649485454,
        "dmean2": 0.043321300298,
        "dvar": 0.0211810488254,
        "dvar2": 0.0600109510124,
        "max": 1,
        "mean": 0.98763525486,
        "median": 1,
        "min": 0,
        "var": 0.0122116561979
    },
    "silence_rate_60dB": {
        "dmean": 0.010824742727,
        "dmean2": 0.021660650149,
        "dvar": 0.0107076009735,
        "dvar2": 0.0222229566425,
        "max": 1,
        "mean": 0.0170015450567,
        "median": 0,
        "min": 0,
        "var": 0.0167129468173
    },
    "spectral_centroid": {
        "dmean": 314.191986084,
        "dmean2": 482.074005127,
        "dvar": 139730.28125,
        "dvar2": 256165.953125,
        "max": 11644.9677734,
        "mean": 1797.90002441,
        "median": 1746.72485352,
        "min": 256.270507812,
        "var": 538839.4375
    },
    "spectral_complexity": {
        "dmean": 4.67989683151,
        "dmean2": 6.91954612732,
        "dvar": 28.1135616302,
        "dvar2": 48.0615768433,
        "max": 59,
        "mean": 23.3091182709,
        "median": 23,
        "min": 0,
        "var": 106.407264709
    },
    "spectral_decrease": {
        "dmean": 2.92705570892e-09,
        "dmean2": 4.63129135042e-09,
        "dvar": 2.74645486607e-17,
        "dvar2": 6.79068232873e-17,
        "max": 2.46651124592e-29,
        "mean": -8.22710699566e-09,
        "median": -7.08315894826e-09,
        "min": -4.4071345684e-08,
        "var": 3.75812703003e-17
    },
    "spectral_energy": {
        "dmean": 0.0117164999247,
        "dmean2": 0.018382968381,
        "dvar": 0.000409556727391,
        "dvar2": 0.00101034739055,
        "max": 0.172967851162,
        "mean": 0.0355510562658,
        "median": 0.0313577242196,
        "min": 1.04415428775e-20,
        "var": 0.000584500317927
    },
    "spectral_energyband_high": {
        "dmean": 0.00140529032797,
        "dmean2": 0.00208676373586,
        "dvar": 3.92417177864e-06,
        "dvar2": 8.5852925622e-06,
        "max": 0.0221273228526,
        "mean": 0.00427627610043,
        "median": 0.00342197460122,
        "min": 7.40646453708e-21,
        "var": 1.36142471092e-05
    },
    "spectral_energyband_low": {
        "dmean": 0.00772603601217,
        "dmean2": 0.0126851564273,
        "dvar": 0.00035254121758,
        "dvar2": 0.000913448398933,
        "max": 0.153151229024,
        "mean": 0.0138110397384,
        "median": 0.00909102056175,
        "min": 9.27646277127e-23,
        "var": 0.000353033741703
    },
    "spectral_energyband_middle_high": {
        "dmean": 0.00166357029229,
        "dmean2": 0.00250596832484,
        "dvar": 4.11350811191e-06,
        "dvar2": 9.51310903474e-06,
        "max": 0.0283539034426,
        "mean": 0.00547198113054,
        "median": 0.0044696140103,
        "min": 1.54947044213e-21,
        "var": 1.87309451576e-05
    },
    "spectral_energyband_middle_low": {
        "dmean": 0.00485132262111,
        "dmean2": 0.00780327245593,
        "dvar": 4.50848019682e-05,
        "dvar2": 0.000111941917567,
        "max": 0.0769068151712,
        "mean": 0.0132933780551,
        "median": 0.0111711472273,
        "min": 2.26444807385e-22,
        "var": 0.000103725666122
    },
    "spectral_entropy": {
        "dmean": 0.132148340344,
        "dmean2": 0.193606957793,
        "dvar": 0.0252297259867,
        "dvar2": 0.0508115701377,
        "max": 9.79288959503,
        "mean": 8.04499149323,
        "median": 8.11451244354,
        "min": 6.33197641373,
        "var": 0.120385758579
    },
    "spectral_flux": {
        "dmean": 0.0251479055732,
        "dmean2": 0.0381237380207,
        "dvar": 0.0013796472922,
        "dvar2": 0.00291139143519,
        "max": 0.386274635792,
        "mean": 0.0949082225561,
        "median": 0.0836521536112,
        "min": 1.02183865536e-10,
        "var": 0.00265251798555
    },
    "spectral_kurtosis": {
        "dmean": 0.621797800064,
        "dmean2": 0.971273601055,
        "dvar": 0.732059240341,
        "dvar2": 1.70861446857,
        "max": 12.7190818787,
        "mean": 1.6352751255,
        "median": 1.19511699677,
        "min": -1.19880950451,
        "var": 2.32457828522
    },
    "spectral_rms": {
        "dmean": 0.000886499765329,
        "dmean2": 0.00133298744913,
        "dvar": 1.54076985837e-06,
        "dvar2": 3.43890496879e-06,
        "max": 0.0129903471097,
        "mean": 0.0055846045725,
        "median": 0.00553108518943,
        "min": 3.19168779947e-12,
        "var": 3.49610945705e-06
    },
    "spectral_rolloff": {
        "dmean": 1215.22790527,
        "dmean2": 1949.83703613,
        "dvar": 3055255,
        "dvar2": 6083857.5,
        "max": 19056.8847656,
        "mean": 3712.9543457,
        "median": 2454.78515625,
        "min": 86.1328125,
        "var": 10684341
    },
    "spectral_skewness": {
        "dmean": 0.142082899809,
        "dmean2": 0.217562705278,
        "dvar": 0.0278317779303,
        "dvar2": 0.0611835345626,
        "max": 2.73670816422,
        "mean": 1.13751590252,
        "median": 1.06945347786,
        "min": -0.0802071541548,
        "var": 0.126822769642
    },
    "spectral_spread": {
        "dmean": 763395.0625,
        "dmean2": 1105349.625,
        "dvar": 1.21099845632e+12,
        "dvar2": 1.88586891674e+12,
        "max": 40936372,
        "mean": 7348262,
        "median": 7245286.5,
        "min": 2268587.75,
        "var": 4.42148166042e+12
    },
    "spectral_strongpeak": {
        "dmean": 0.423043906689,
        "dmean2": 0.729578256607,
        "dvar": 0.454374372959,
        "dvar2": 1.23441207409,
        "max": 7.56193161011,
        "mean": 0.813570439816,
        "median": 0.431488901377,
        "min": 0,
        "var": 0.863389611244
    },
    "zerocrossingrate": {
        "dmean": 0.0192163847387,
        "dmean2": 0.0218913182616,
        "dvar": 0.00057610013755,
        "dvar2": 0.000667270331178,
        "max": 0.5068359375,
        "mean": 0.125940084457,
        "median": 0.11572265625,
        "min": 0.0087890625,
        "var": 0.00441553257406
    },
    "barkbands": {
        "dmean": [0.000665203784592, 0.00338395126164, 0.0040554641746, 0.00157057482284, 0.00190934655257, 0.000776430475526, 0.00138771219645, 0.000867783266585, 0.000834144826513, 0.000518603308592, 0.000572555232793, 0.000325828819769, 0.000376623414923, 0.000222174960072, 0.000202357507078, 0.000176692541572, 0.000181708586751, 0.000147025304614, 0.000208841302083, 0.000227592157898, 0.000227280164836, 0.000282623484964, 0.000356005708454, 0.000323371699778, 0.000379953562515, 0.000196114735445, 2.1935946279e-05],
        "dmean2": [0.00114223919809, 0.00546070374548, 0.00728948228061, 0.00271869497374, 0.00312878075056, 0.00123998825438, 0.00210079457611, 0.00141666817944, 0.00131887674797, 0.000808384618722, 0.000908137531951, 0.000527707627043, 0.000605859502684, 0.000357013632311, 0.000324046268361, 0.000286241236608, 0.000285519519821, 0.000237621963606, 0.000334366806783, 0.000358004093869, 0.000359437515726, 0.000453683867818, 0.000566019676626, 0.000505411706399, 0.000586797832511, 0.000312236777972, 3.71414207621e-05],
        "dvar": [3.91173853131e-06, 5.70168886043e-05, 0.000120978533232, 7.98429755378e-06, 9.22298568184e-06, 2.43924978349e-06, 7.96967287897e-06, 4.8092661018e-06, 1.97106805899e-06, 7.90028821029e-07, 8.67186145115e-07, 4.72226275861e-07, 4.02677812872e-07, 1.78684558705e-07, 1.19379492958e-07, 6.53594511846e-08, 6.8840847689e-08, 6.28390992574e-08, 8.64148788082e-08, 9.42330729004e-08, 9.10965241019e-08, 1.27830972474e-07, 2.44629632107e-07, 1.95742458686e-07, 5.99469558438e-07, 1.67913370319e-07, 2.56178944724e-09],
        "dvar2": [1.03374432001e-05, 0.000131474575028, 0.000351826514816, 2.22709077207e-05, 2.48787582677e-05, 6.03464422966e-06, 1.71286937984e-05, 1.29974541778e-05, 5.61955039302e-06, 1.99622809305e-06, 2.16693956645e-06, 1.27788371174e-06, 1.07448920517e-06, 4.36876746335e-07, 2.85154044377e-07, 1.62797491043e-07, 1.7432054733e-07, 1.58648333581e-07, 2.15395061787e-07, 2.23915634479e-07, 2.10074219353e-07, 3.15576727417e-07, 6.54481425499e-07, 4.62879711449e-07, 1.32207730985e-06, 4.03948888561e-07, 6.69838806644e-09],
        "max": [0.0278268121183, 0.0753393694758, 0.104027688503, 0.0382294207811, 0.0307696107775, 0.0231197681278, 0.0407593548298, 0.0399907752872, 0.0168774500489, 0.0179653018713, 0.0146838808432, 0.0124896224588, 0.00789150968194, 0.0055087171495, 0.00647624209523, 0.00417689885944, 0.00449787545949, 0.00385436438955, 0.00480960635468, 0.00373847014271, 0.003336814465, 0.00327340350486, 0.00578006124124, 0.00652804085985, 0.011569342576, 0.00522856041789, 0.000602279847953],
        "mean": [0.000676346593536, 0.00687518948689, 0.00519142346457, 0.00225559691899, 0.00348589103669, 0.00133552914485, 0.00289024924859, 0.00140125153121, 0.00138203985989, 0.00110313016921, 0.00111486483365, 0.000544747454114, 0.00071549101267, 0.000363796105376, 0.000358154939022, 0.000308842747472, 0.000356067990651, 0.000252216443187, 0.000445354671683, 0.000487154669827, 0.00048852636246, 0.000643482431769, 0.000813987513538, 0.000808884040453, 0.000822202302516, 0.000406628882047, 2.40070748987e-05],
        "median": [0.000104508966615, 0.00426963390782, 0.0028170698788, 0.0011742580682, 0.00243664253503, 0.000597624806687, 0.000656608724967, 0.000440747884568, 0.000563377921935, 0.000411183311371, 0.000507984135766, 0.000230745616136, 0.000274235819234, 0.000156133552082, 0.000198308975087, 0.000202264986001, 0.000269874493824, 0.000156144611537, 0.000336648197845, 0.000341956940247, 0.000352077535354, 0.00049700884847, 0.000565049180295, 0.000605860259384, 0.00050425977679, 0.000174427492311, 4.02023079005e-06],
        "min": [2.1188567256e-24, 2.71042004743e-23, 4.95179160478e-23, 2.10688986344e-23, 7.09871063713e-23, 7.38689509421e-24, 3.15119386942e-23, 2.45921454969e-23, 6.65382779646e-23, 6.18789751576e-23, 5.76664011257e-23, 7.13486697231e-23, 8.61362523556e-23, 1.12602977488e-22, 9.13366253912e-23, 8.87987462632e-23, 1.6078540251e-22, 2.23000678538e-22, 4.70592208841e-22, 3.06723382555e-22, 5.9903774736e-22, 5.05051622178e-22, 5.56425727936e-22, 8.56663361185e-22, 1.10851855215e-21, 1.6297626993e-21, 2.15996709465e-21],
        "var": [3.42257999364e-06, 7.99675981398e-05, 8.38554115035e-05, 1.04446708065e-05, 1.27655757751e-05, 4.29667488788e-06, 2.7407606467e-05, 7.91469665273e-06, 3.6945773445e-06, 3.5313630633e-06, 2.6556301691e-06, 8.95329321793e-07, 1.22329049645e-06, 2.74005657275e-07, 2.26208456411e-07, 1.30044696789e-07, 1.19116641883e-07, 9.11956448135e-08, 1.7055215551e-07, 2.37073223275e-07, 2.19824201508e-07, 3.37899706437e-07, 6.68992413466e-07, 6.34279217593e-07, 1.32283173571e-06, 3.26168560605e-07, 2.66060240506e-09]
    },
    "erbbands": {
        "dmean": [0.12469252944, 0.75492566824, 3.89306592941, 5.44595766068, 5.70665884018, 6.76428794861, 5.48249149323, 6.49356079102, 14.5229244232, 27.969209671, 12.667971611, 18.9993610382, 16.5100193024, 14.9631462097, 21.4396190643, 13.9881982803, 16.7820014954, 10.834405899, 9.50880813599, 10.5202598572, 8.42304897308, 9.61710929871, 7.49407577515, 9.72856521606, 10.5236854553, 10.9482288361, 9.11675930023, 9.44141101837, 10.0921878815, 11.4255647659, 10.1689291, 7.83455371857, 5.34694099426, 4.26740264893, 2.95879817009, 1.21100902557, 0.298130482435, 0.0636758804321, 0.00207941024564, 5.56439772481e-05],
        "dmean2": [0.204967200756, 1.23550522327, 7.02407121658, 9.51826477051, 9.47235202789, 11.03403759, 8.7247467041, 10.4600772858, 22.0795021057, 44.7621002197, 20.4630851746, 29.7443943024, 25.9064006805, 23.4479789734, 33.8110618591, 22.5218677521, 26.7993850708, 16.9662723541, 14.9512729645, 16.6168079376, 13.4731245041, 15.2427768707, 12.0099344254, 15.6673107147, 16.8565406799, 17.3044681549, 14.4915304184, 14.9344863892, 16.197807312, 18.5239105225, 16.2614936829, 12.5115509033, 8.43373394012, 6.62024402618, 4.67677164078, 1.95027089119, 0.474190682173, 0.104270458221, 0.00348543818109, 8.79008803167e-05],
        "dvar": [0.0967939645052, 2.92994427681, 110.091644287, 147.789596558, 87.2735519409, 113.816497803, 74.8851470947, 196.300689697, 1138.03955078, 4231.58496094, 563.967529297, 1118.40454102, 841.359313965, 785.379882812, 1276.82946777, 754.667114258, 783.415161133, 434.450653076, 255.610733032, 284.384765625, 169.441070557, 230.793228149, 179.091262817, 179.772338867, 229.865631104, 221.199111938, 158.916763306, 169.273468018, 169.711044312, 279.572418213, 199.109069824, 120.496009827, 60.6379928589, 58.7079963684, 44.5229034424, 6.41035366058, 0.361608207226, 0.0173286478966, 2.51704968832e-05, 1.05014459351e-08],
        "dvar2": [0.229971051216, 7.38908815384, 320.366607666, 419.173736572, 234.379241943, 299.992706299, 187.239547729, 510.574981689, 2438.44995117, 10699.3398438, 1489.2598877, 3204.34057617, 2055.7668457, 2074.8347168, 3213.07202148, 2106.18579102, 2068.44628906, 994.184387207, 600.887084961, 668.441894531, 406.855285645, 590.002258301, 442.927520752, 428.729309082, 579.454650879, 516.803283691, 379.359893799, 397.786437988, 421.265136719, 733.93157959, 527.730407715, 297.886077881, 140.671005249, 120.45035553, 107.705558777, 16.0721588135, 0.834386825562, 0.0411219038069, 6.58552598907e-05, 2.51829703757e-08],
        "max": [2.96090865135, 17.1434726715, 98.8488693237, 102.727645874, 93.0605010986, 135.352813721, 96.7205963135, 235.595962524, 655.838928223, 957.4609375, 334.981933594, 423.89465332, 605.302429199, 480.920593262, 617.444091797, 440.175720215, 358.027404785, 299.655456543, 347.541595459, 287.542449951, 192.500564575, 278.483795166, 223.739242554, 211.472839355, 234.992446899, 203.074203491, 160.913833618, 171.274246216, 147.717788696, 292.370544434, 192.118865967, 164.413803101, 141.808120728, 173.380065918, 98.6556396484, 33.8003578186, 5.70324659348, 1.3322687149, 0.0663653686643, 0.00126647925936],
        "mean": [0.215167447925, 1.48911809921, 5.55326461792, 7.18489837646, 10.1466083527, 11.6521167755, 9.7534122467, 11.3175516129, 31.6491279602, 52.8036689758, 22.3787918091, 33.0968742371, 34.8409500122, 32.7369613647, 43.9385223389, 27.124912262, 33.2547264099, 19.2367553711, 18.2639846802, 19.6161975861, 16.6181106567, 19.009016037, 13.5330247879, 19.8516082764, 23.2719764709, 23.8131065369, 19.2027626038, 20.3826656342, 22.6064586639, 24.8841495514, 22.8595066071, 18.1220111847, 12.9415054321, 9.20124053955, 5.79563331604, 2.40433073044, 0.609016001225, 0.103985898197, 0.00280977250077, 0.000134000059916],
        "median": [0.0725416764617, 1.00577509403, 3.18993711472, 3.82552146912, 6.59409379959, 7.76092624664, 6.26586961746, 5.13003969193, 7.51562356949, 14.9686088562, 11.8056879044, 13.780828476, 14.2727003098, 15.3834991455, 22.009305954, 14.9145498276, 14.0903511047, 8.75493621826, 10.3106431961, 11.6430282593, 11.3392248154, 14.4227380753, 8.86980247498, 14.768037796, 17.5686950684, 16.9700450897, 13.1767110825, 14.1779851913, 16.5084762573, 17.8361740112, 16.1160106659, 12.9574642181, 9.04057312012, 5.95704317093, 3.22436952591, 1.12772071362, 0.268720418215, 0.0339862033725, 0.000847076706123, 9.13258554647e-05],
        "min": [3.41592473448e-22, 8.17508496279e-21, 4.78209041806e-20, 7.90667567845e-20, 1.21019018083e-19, 3.19119714577e-19, 9.97324232854e-20, 6.69246759704e-20, 2.07773320062e-19, 7.0492621315e-19, 5.8987495422e-19, 1.75338756573e-18, 1.26601585074e-18, 2.37222102752e-18, 3.29302752527e-18, 2.57189560315e-18, 3.72714928153e-18, 4.85701430537e-18, 5.5931343266e-18, 5.96486350362e-18, 4.2857137435e-18, 9.17025331094e-18, 1.0222458483e-17, 1.41128229071e-17, 3.03170197917e-17, 1.71465127667e-17, 2.43945439178e-17, 1.92048590768e-17, 2.0103529601e-17, 1.28939507678e-17, 1.8302041069e-17, 1.75121646477e-17, 1.34362785015e-17, 1.29376019159e-17, 7.99963475268e-18, 5.31432565651e-18, 3.41890083985e-18, 1.32639776071e-18, 2.80978907671e-19, 3.2521151851e-20],
        "var": [0.12529926002, 3.51516461372, 78.7999191284, 129.700180054, 130.342147827, 166.851226807, 134.783157349, 312.678314209, 4535.25244141, 8683.81933594, 1009.6539917, 2229.77856445, 3866.10717773, 2517.1159668, 3820.16625977, 1543.46411133, 2497.49023438, 753.137878418, 545.313232422, 639.235961914, 340.857696533, 361.336700439, 249.721755981, 352.235473633, 465.659790039, 561.543212891, 388.398162842, 403.899597168, 469.351898193, 601.118041992, 522.790283203, 359.478485107, 181.79119873, 150.779815674, 77.4904632568, 11.3404455185, 0.722849488258, 0.0290179289877, 2.81307547993e-05, 1.81788841758e-08]
    },
    "gfcc": {
        "mean": [62.4535217285, 44.2058029175, -91.8097610474, 35.3162345886, -68.5212097168, 27.0524921417, -39.8484764099, 15.2816228867, -31.6120452881, 4.68168497086, -21.6650276184, 2.40518665314, -16.7724628448],
        "cov": [[3436.84179688, -430.505462646, -69.4647521973, -36.0275535583, -263.059356689, 48.1585922241, -35.46925354, 63.1847724915, -41.1429252625, 88.8639221191, -56.3927154541, 74.2042312622, -102.831886292], [-430.505462646, 1253.7019043, -183.716384888, 151.158615112, 201.879714966, -13.8743515015, 159.428009033, 60.2396011353, 77.9579467773, -50.9049911499, 133.515655518, -80.3946304321, 34.6564979553], [-69.4647521973, -183.716384888, 673.507141113, 135.138412476, 136.438308716, 66.6602096558, 5.35406351089, 24.2244091034, 48.2077522278, 65.0469284058, -22.7269611359, 55.3198242188, 2.15853142738], [-36.0275535583, 151.158615112, 135.138412476, 374.841217041, 97.5642623901, 72.5466995239, 38.6009712219, 15.78510952, 66.9143218994, 7.92935419083, 21.6198177338, 12.6071281433, 48.9025115967], [-263.059356689, 201.879714966, 136.438308716, 97.5642623901, 363.356842041, 111.172637939, 72.7866287231, 33.4319152832, 35.3301277161, 0.31297492981, -22.6246910095, -17.2947273254, 11.0189838409], [48.1585922241, -13.8743515015, 66.6602096558, 72.5466995239, 111.172637939, 175.914428711, 94.1816635132, 33.6447792053, 10.3717842102, -1.75079548359, -6.2280664444, 4.49209547043, 8.30631923676], [-35.46925354, 159.428009033, 5.35406351089, 38.6009712219, 72.7866287231, 94.1816635132, 163.656951904, 65.9358139038, 20.9136581421, -4.97984695435, 21.7164211273, -6.21677350998, -0.965424954891], [63.1847724915, 60.2396011353, 24.2244091034, 15.78510952, 33.4319152832, 33.6447792053, 65.9358139038, 98.2036743164, 38.9464035034, 11.9597110748, 10.2305631638, -0.697639882565, -2.50966644287], [-41.1429252625, 77.9579467773, 48.2077522278, 66.9143218994, 35.3301277161, 10.3717842102, 20.9136581421, 38.9464035034, 90.7733840942, 38.536315918, 15.6035346985, 2.1521384716, 8.07469940186], [88.8639221191, -50.9049911499, 65.0469284058, 7.92935419083, 0.31297492981, -1.75079548359, -4.97984695435, 11.9597110748, 38.536315918, 68.0078201294, 16.6994075775, 12.7838878632, -4.96777200699], [-56.3927154541, 133.515655518, -22.7269611359, 21.6198177338, -22.6246910095, -6.2280664444, 21.7164211273, 10.2305631638, 15.6035346985, 16.6994075775, 72.6924667358, 11.3871088028, 8.98941516876], [74.2042312622, -80.3946304321, 55.3198242188, 12.6071281433, -17.2947273254, 4.49209547043, -6.21677350998, -0.697639882565, 2.1521384716, 12.7838878632, 11.3871088028, 65.1350326538, 18.7800598145], [-102.831886292, 34.6564979553, 2.15853142738, 48.9025115967, 11.0189838409, 8.30631923676, -0.965424954891, -2.50966644287, 8.07469940186, -4.96777200699, 8.98941516876, 18.7800598145, 56.5827560425]],
        "icov": [[0.000433496781625, -0.000175169101567, 0.000185202297871, -0.000256976491073, 0.000469072459964, -0.000517985608894, 0.000383763806894, -0.00066078506643, 0.000759566377383, -0.0011489323806, 0.000988696468994, -0.000888774404302, 0.00100072182249], [-0.000175169101567, 0.00221629324369, 0.00021885408205, -0.000212408980587, -0.00166159658693, 0.00212092557922, -0.00187211344019, 0.000668466440402, -0.00191538548097, 0.00314414454624, -0.00452717766166, 0.00257987901568, -0.0010782929603], [0.000185202297871, 0.00021885408205, 0.0022722419817, -0.000879873638041, -0.000664311752189, -0.000154286099132, 0.000250497920206, -0.000572777178604, 0.000434427871369, -0.00206271279603, 0.00103775085881, -0.00200383528136, 0.00126430171076], [-0.000256976491073, -0.000212408980587, -0.000879873638041, 0.004315036349, -0.00028404884506, -0.00124375883024, 0.000116037517728, 0.00144025729969, -0.00347301503643, 0.00214845966548, -0.00128848676104, 0.00079255644232, -0.00310303433798], [0.000469072459964, -0.00166159658693, -0.000664311752189, -0.00028404884506, 0.00551936030388, -0.00360710709356, 0.000893276243005, -0.000832288467791, 0.000812580808997, -0.00258973264135, 0.00500715011731, -0.000768398167565, 0.00069024018012], [-0.000517985608894, 0.00212092557922, -0.000154286099132, -0.00124375883024, -0.00360710709356, 0.012711007148, -0.00764098204672, 0.00132465036586, -0.000370023131836, 0.00242139725015, -0.0023629704956, 0.00164323754143, -0.0022993281018], [0.000383763806894, -0.00187211344019, 0.000250497920206, 0.000116037517728, 0.000893276243005, -0.00764098204672, 0.0146733475849, -0.00730717461556, 0.00187661207747, -0.000452935899375, -0.0003517344594, -0.00164525478613, 0.00290262303315], [-0.00066078506643, 0.000668466440402, -0.000572777178604, 0.00144025729969, -0.000832288467791, 0.00132465036586, -0.00730717461556, 0.0179891251028, -0.00841036997736, 0.0030034231022, -0.00181308411993, 0.00121733325068, -0.000844491121825], [0.000759566377383, -0.00191538548097, 0.000434427871369, -0.00347301503643, 0.000812580808997, -0.000370023131836, 0.00187661207747, -0.00841036997736, 0.0239789541811, -0.0153513858095, 0.00468907365575, -0.00118716945872, -2.70064210781e-05], [-0.0011489323806, 0.00314414454624, -0.00206271279603, 0.00214845966548, -0.00258973264135, 0.00242139725015, -0.000452935899375, 0.0030034231022, -0.0153513858095, 0.0314027294517, -0.0131823448464, 0.00206670351326, 0.000838546257], [0.000988696468994, -0.00452717766166, 0.00103775085881, -0.00128848676104, 0.00500715011731, -0.0023629704956, -0.0003517344594, -0.00181308411993, 0.00468907365575, -0.0131823448464, 0.0284888464957, -0.00889566540718, 0.00152896856889], [-0.000888774404302, 0.00257987901568, -0.00200383528136, 0.00079255644232, -0.000768398167565, 0.00164323754143, -0.00164525478613, 0.00121733325068, -0.00118716945872, 0.00206670351326, -0.00889566540718, 0.0248063579202, -0.0103387897834], [0.00100072182249, -0.0010782929603, 0.00126430171076, -0.00310303433798, 0.00069024018012, -0.0022993281018, 0.00290262303315, -0.000844491121825, -2.70064210781e-05, 0.000838546257, 0.00152896856889, -0.0103387897834, 0.0262672174722]]
    },
    "melbands": {
        "dmean": [0.000982129364274, 0.00164777203463, 0.000909531954676, 0.000470905390102, 0.00020287244115, 0.000150368694449, 0.000231660116697, 0.000286052585579, 0.000108338659629, 0.000116442941362, 8.14333179733e-05, 6.05189343332e-05, 8.10671845102e-05, 4.23085039074e-05, 4.49488616141e-05, 2.72030047199e-05, 2.19408375415e-05, 1.63630156749e-05, 1.40615757118e-05, 1.50022970047e-05, 9.85636324913e-06, 1.10625906018e-05, 8.37171137391e-06, 7.34222066967e-06, 8.56513815961e-06, 8.99023234524e-06, 7.65907770983e-06, 7.90111334936e-06, 6.24872109256e-06, 5.93930099058e-06, 5.99152235736e-06, 6.00873408985e-06, 6.84023416397e-06, 7.07261142452e-06, 6.8651811489e-06, 5.39635766472e-06, 5.13376198796e-06, 4.08830146625e-06, 3.69563463209e-06, 4.04080174121e-06],
        "dmean2": [0.00159592740238, 0.00289881089702, 0.00158016034402, 0.000773733539972, 0.000324812281178, 0.000239112836425, 0.000351781520294, 0.000462756026536, 0.000172998596099, 0.000182246338227, 0.000128094077809, 9.47620283114e-05, 0.000127943130792, 6.85790873831e-05, 7.18091978342e-05, 4.33426685049e-05, 3.47224668076e-05, 2.59053867921e-05, 2.27652490139e-05, 2.42192836595e-05, 1.57918093464e-05, 1.77846504812e-05, 1.34925412567e-05, 1.19374526548e-05, 1.40164829645e-05, 1.4550864762e-05, 1.23426671053e-05, 1.25222541101e-05, 1.01115510915e-05, 9.72550151346e-06, 9.6510966614e-06, 9.69141819951e-06, 1.12218367576e-05, 1.15924058264e-05, 1.12655643534e-05, 8.64744743012e-06, 8.29909731692e-06, 6.5458671088e-06, 5.76556340093e-06, 6.39881636744e-06],
        "dvar": [5.21963329447e-06, 1.8764863853e-05, 3.40419933309e-06, 6.27041345069e-07, 8.60161435412e-08, 9.93890978407e-08, 2.58414729615e-07, 4.63852103394e-07, 3.68308086252e-08, 3.88989391809e-08, 2.07348982428e-08, 1.44655691869e-08, 1.76584649125e-08, 8.48046077806e-09, 4.9637947086e-09, 2.29165575405e-09, 1.79332559913e-09, 7.81151143769e-10, 6.26981133678e-10, 4.38518499291e-10, 2.55992921305e-10, 2.94296309544e-10, 1.72989941816e-10, 1.84231851996e-10, 1.34735833601e-10, 1.99279662216e-10, 1.27167859576e-10, 1.28055469006e-10, 8.07068578634e-11, 6.28549642889e-11, 6.76549857803e-11, 6.46621783895e-11, 8.01516353288e-11, 1.25180407706e-10, 1.00727516605e-10, 5.09310406349e-11, 5.44845661643e-11, 3.40370370777e-11, 3.35460756395e-11, 5.45299395915e-11],
        "dvar2": [1.1945746337e-05, 5.30927063664e-05, 9.55430004979e-06, 1.68729434336e-06, 2.18320323597e-07, 2.48455279461e-07, 5.52615745164e-07, 1.20622746635e-06, 1.00726452956e-07, 1.08890226613e-07, 4.99445285129e-08, 3.81546669814e-08, 4.3917410153e-08, 2.32118111398e-08, 1.32840254352e-08, 5.76787195783e-09, 4.18677936764e-09, 1.87968862697e-09, 1.50867063287e-09, 1.08150888245e-09, 6.0653593259e-10, 7.7436196344e-10, 4.29099006327e-10, 4.76317152387e-10, 3.28005983485e-10, 5.09313258235e-10, 3.32452704255e-10, 2.91562857191e-10, 1.98577876365e-10, 1.50315399017e-10, 1.62569374629e-10, 1.60868152133e-10, 2.10976958126e-10, 3.36293659586e-10, 2.75425543483e-10, 1.30744498561e-10, 1.37912153919e-10, 8.34227131818e-11, 7.16984249749e-11, 1.15431039727e-10],
        "max": [0.0222823098302, 0.0380237773061, 0.0151407886297, 0.00795703195035, 0.00362211093307, 0.00516482861713, 0.00898556318134, 0.0102010620758, 0.0024117033463, 0.0023046801798, 0.00292495987378, 0.00227977056056, 0.00220781122334, 0.00185930053703, 0.000853365228977, 0.000683040067088, 0.00057709304383, 0.000467250851216, 0.000378724827897, 0.000256288767559, 0.000275558617432, 0.000263064343017, 0.000192413441255, 0.000247565825703, 0.000179030495929, 0.000254331505857, 0.000145298516145, 0.000180837727385, 0.000116258059279, 7.70361366449e-05, 9.67327796388e-05, 0.000101018813439, 8.85580157046e-05, 0.000206483353395, 0.000133252382511, 0.000112118381367, 0.000106481420517, 0.000100915342045, 0.000134678906761, 0.000150959021994],
        "mean": [0.00188122363761, 0.00263475370593, 0.00135314813815, 0.000828502408694, 0.0003786549496, 0.000261926907115, 0.000511592428666, 0.000530666380655, 0.000182452669833, 0.000200321097509, 0.000167856138432, 0.000124547426822, 0.000159818227985, 7.28116865503e-05, 8.74028701219e-05, 5.03373739775e-05, 3.52992647095e-05, 2.95040172205e-05, 2.46111067099e-05, 2.61591085291e-05, 1.79898743227e-05, 2.08862602449e-05, 1.39420199048e-05, 1.23068793982e-05, 1.61579537235e-05, 1.74995293492e-05, 1.56701935339e-05, 1.59661376529e-05, 1.21523498819e-05, 1.11792351163e-05, 1.19336809803e-05, 1.21662878882e-05, 1.36826538437e-05, 1.40666734296e-05, 1.35434183903e-05, 1.19723590615e-05, 1.04791124613e-05, 9.11534243642e-06, 7.81689777796e-06, 7.74857562647e-06],
        "median": [0.000920884078369, 0.00166783761233, 0.000813619990367, 0.000572027289309, 0.000261945708189, 0.000112071400508, 0.000119747135614, 0.000154890687554, 8.42829904286e-05, 8.58122730278e-05, 6.31989460089e-05, 5.07208169438e-05, 7.47428930481e-05, 3.17277372233e-05, 4.09995263908e-05, 2.26745796681e-05, 1.44276555147e-05, 1.5431392967e-05, 1.33949997689e-05, 1.71075971593e-05, 1.19357491712e-05, 1.56284277182e-05, 8.9766444944e-06, 7.49351329432e-06, 1.16192368296e-05, 1.21069815577e-05, 1.13544138003e-05, 1.07655077954e-05, 7.63270509196e-06, 7.89593013906e-06, 7.83006635174e-06, 8.39198037283e-06, 1.03404281617e-05, 9.35964726523e-06, 8.999628335e-06, 8.37646621221e-06, 6.97043060427e-06, 6.12579515291e-06, 5.26805615664e-06, 4.71519069833e-06],
        "min": [5.45781305886e-24, 2.0822461643e-23, 1.29925036102e-23, 1.8321225104e-23, 5.08141478325e-24, 1.48407869618e-24, 4.36805693856e-24, 7.50053760736e-24, 5.40012444972e-24, 1.07785213035e-23, 6.19072873755e-24, 9.85225029496e-24, 9.62175933795e-24, 8.89256392729e-24, 6.17173848897e-24, 8.75915887075e-24, 9.29599133853e-24, 1.04442485947e-23, 6.08275616216e-24, 8.66650479085e-24, 4.07418258554e-24, 9.50411335571e-24, 7.96547960312e-24, 1.14702339883e-23, 9.72454633618e-24, 2.21899236232e-23, 1.46768817817e-23, 1.05967322522e-23, 1.61019921391e-23, 1.34028919301e-23, 9.15369503072e-24, 1.08332840276e-23, 1.01611327267e-23, 6.25069557698e-24, 9.72037168426e-24, 1.24906531793e-23, 9.84253389519e-24, 8.43916375543e-24, 1.10037876348e-23, 1.09732642398e-23],
        "var": [7.29842122382e-06, 1.47324717545e-05, 3.25722317029e-06, 7.77172601829e-07, 1.64946555969e-07, 1.81208847039e-07, 1.05102003545e-06, 8.95380935617e-07, 6.42711697196e-08, 7.8152176286e-08, 9.39804891686e-08, 4.54281803286e-08, 5.39828306501e-08, 1.51747272525e-08, 1.44974094951e-08, 5.87946669128e-09, 2.91753066151e-09, 1.6528315383e-09, 1.17501797181e-09, 8.72038719013e-10, 4.93832863491e-10, 4.54154047702e-10, 2.69058941793e-10, 2.44215203615e-10, 2.52324577898e-10, 3.3724109616e-10, 2.53541659889e-10, 3.12941006442e-10, 1.93529622883e-10, 1.21652202201e-10, 1.54704610233e-10, 1.52624635152e-10, 1.72503067386e-10, 2.30834323878e-10, 2.10000267176e-10, 1.51687939987e-10, 1.34001226781e-10, 9.38976257858e-11, 8.97051599669e-11, 1.23892396342e-10]
    },
    "mfcc": {
        "mean": [-587.093444824, 78.6603088379, 26.4513607025, 14.4718732834, 2.56627440453, 6.91728544235, 4.0364074707, 6.53965330124, -0.452242314816, 2.04002547264, -2.50089454651, -1.62701845169, 1.56779634953],
        "cov": [[2751.49609375, -374.069641113, -42.1203460693, -135.721603394, -234.912811279, -58.5928115845, -62.2753601074, -0.637383341789, -54.2334785461, 15.9204854965, -18.0254611969, 25.9829845428, 29.6174373627], [-374.069641113, 943.099060059, -169.877380371, 120.138412476, 82.5055618286, -3.91749286652, 110.839569092, 70.2899856567, 9.32674884796, 84.6914596558, 59.1169395447, 30.7195053101, 25.1963348389], [-42.1203460693, -169.877380371, 480.325592041, 113.693824768, 52.8886413574, 45.3265457153, -19.7623691559, 0.771714687347, 32.7034301758, -21.3627891541, 20.7122764587, 38.2462654114, 47.5561752319], [-135.721603394, 120.138412476, 113.693824768, 265.645935059, 119.109962463, 60.920665741, 11.5575170517, 30.3159370422, 47.680721283, 16.4713592529, 24.5120487213, 29.2956752777, 14.0852708817], [-234.912811279, 82.5055618286, 52.8886413574, 119.109962463, 247.874740601, 111.546829224, 37.3758430481, 29.2949371338, 67.9218521118, 14.6202974319, 26.7571716309, 4.10756015778, -10.0710725784], [-58.5928115845, -3.91749286652, 45.3265457153, 60.920665741, 111.546829224, 169.500747681, 70.8864059448, 46.4531936646, 51.5914573669, 14.1310224533, 20.7237491608, 13.3008594513, -16.5483551025], [-62.2753601074, 110.839569092, -19.7623691559, 11.5575170517, 37.3758430481, 70.8864059448, 144.687652588, 81.9681243896, 34.3506546021, 36.9266777039, 19.8589611053, 6.59979200363, -3.43432211876], [-0.637383341789, 70.2899856567, 0.771714687347, 30.3159370422, 29.2949371338, 46.4531936646, 81.9681243896, 115.173339844, 55.1539764404, 27.767786026, 15.2696456909, 17.6282978058, 10.5915336609], [-54.2334785461, 9.32674884796, 32.7034301758, 47.680721283, 67.9218521118, 51.5914573669, 34.3506546021, 55.1539764404, 100.330070496, 33.2213630676, 21.4635639191, 14.9423160553, 4.18733358383], [15.9204854965, 84.6914596558, -21.3627891541, 16.4713592529, 14.6202974319, 14.1310224533, 36.9266777039, 27.767786026, 33.2213630676, 88.2450256348, 42.602432251, 13.7607517242, 0.794288694859], [-18.0254611969, 59.1169395447, 20.7122764587, 24.5120487213, 26.7571716309, 20.7237491608, 19.8589611053, 15.2696456909, 21.4635639191, 42.602432251, 69.7123413086, 26.4839839935, 4.6007399559], [25.9829845428, 30.7195053101, 38.2462654114, 29.2956752777, 4.10756015778, 13.3008594513, 6.59979200363, 17.6282978058, 14.9423160553, 13.7607517242, 26.4839839935, 59.0927467346, 32.9462814331], [29.6174373627, 25.1963348389, 47.5561752319, 14.0852708817, -10.0710725784, -16.5483551025, -3.43432211876, 10.5915336609, 4.18733358383, 0.794288694859, 4.6007399559, 32.9462814331, 70.7038116455]],
