{
"lowlevel": {
    "average_loudness": 0.931561589241,
    "barkbands_crest": {
        "dmean": 2.17286348343,
        "dmean2": 3.45173788071,
        "dvar": 4.35553789139,
        "dvar2": 10.9219141006,
        "max": 24.2143745422,
        "mean": 12.9979028702,
        "median": 12.385518074,
        "min": 4.4096660614,
        "var": 15.2394371033
    },
    "barkbands_flatness_db": {
        "dmean": 0.0208321306854,
        "dmean2": 0.0309676788747,
        "dvar": 0.000382247148082,
        "dvar2": 0.000755718909204,
        "max": 0.402747035027,
        "mean": 0.252344548702,
        "median": 0.250674635172,
        "min": 0.075743585825,
        "var": 0.00204909103923
    },
    "barkbands_kurtosis": {
        "dmean": 6.69953250885,
        "dmean2": 10.2842521667,
        "dvar": 58.3989257812,
        "dvar2": 139.818984985,
        "max": 123.410415649,
        "mean": 22.3578205109,
        "median": 20.6110839844,
        "min": -1.87778198719,
        "var": 185.030044556
    },
    "barkbands_skewness": {
        "dmean": 0.617136001587,
        "dmean2": 0.919884264469,
        "dvar": 0.36732301116,
        "dvar2": 0.782089650631,
        "max": 8.34936141968,
        "mean": 3.33617901802,
        "median": 3.34259915352,
        "min": -1.63283765316,
        "var": 1.6714246273
    },
    "barkbands_spread": {
        "dmean": 1.7896822691,
        "dmean2": 2.55581665039,
        "dvar": 15.4521770477,
        "dvar2": 22.2321739197,
        "max": 81.6095428467,
        "mean": 5.75030040741,
        "median": 4.08311414719,
        "min": 0.909842431545,
        "var": 56.1972160339
    },
    "dissonance": {
        "dmean": 0.0316937454045,
        "dmean2": 0.0523418076336,
        "dvar": 0.000899686769117,
        "dvar2": 0.00223676953465,
        "max": 0.498314499855,
        "mean": 0.382766544819,
        "median": 0.382471621037,
        "min": 0.00645232945681,
        "var": 0.00216422369704
    },
    "dynamic_complexity": 1.58288776875,
    "erbbands_crest": {
        "dmean": 2.25548958778,
        "dmean2": 3.56480956078,
        "dvar": 4.89134120941,
        "dvar2": 12.6751041412,
        "max": 27.7445755005,
        "mean": 12.7022190094,
        "median": 11.9153232574,
        "min": 3.51994872093,
        "var": 17.0100440979
    },
    "erbbands_flatness_db": {
        "dmean": 0.0174957215786,
        "dmean2": 0.0243515502661,
        "dvar": 0.00035727431532,
        "dvar2": 0.000659247685689,
        "max": 0.369855463505,
        "mean": 0.236999005079,
        "median": 0.236848980188,
        "min": 0.0996270701289,
        "var": 0.00172600790393
    },
    "erbbands_kurtosis": {
        "dmean": 3.06653785706,
        "dmean2": 4.88548326492,
        "dvar": 13.8881378174,
        "dvar2": 33.7823524475,
        "max": 61.6415252686,
        "mean": 9.69134521484,
        "median": 8.1879491806,
        "min": -1.87382137775,
        "var": 50.9278564453
    },
    "erbbands_skewness": {
        "dmean": 0.420754164457,
        "dmean2": 0.64983022213,
        "dvar": 0.187585577369,
        "dvar2": 0.401935338974,
        "max": 5.47348403931,
        "mean": 2.20125699043,
        "median": 2.20632195473,
        "min": -1.56980311871,
        "var": 0.924100935459
    },
    "erbbands_spread": {
        "dmean": 4.2751159668,
        "dmean2": 6.38691329956,
        "dvar": 63.2235412598,
        "dvar2": 107.682807922,
        "max": 145.183868408,
        "mean": 16.8954658508,
        "median": 13.1009817123,
        "min": 2.92871189117,
        "var": 281.313232422
    },
    "hfc": {
        "dmean": 3.6559240818,
        "dmean2": 5.0477104187,
        "dvar": 56.9258651733,
        "dvar2": 88.1134185791,
        "max": 186.435119629,
        "mean": 14.1003313065,
        "median": 11.1559734344,
        "min": 1.150128732e-16,
        "var": 204.210159302
    },
    "melbands_crest": {
        "dmean": 2.64402794838,
        "dmean2": 4.24978256226,
        "dvar": 6.09990024567,
        "dvar2": 15.2883586884,
        "max": 30.2853546143,
        "mean": 15.4238300323,
        "median": 14.8632087708,
        "min": 2.08623814583,
        "var": 21.4647941589
    },
    "melbands_flatness_db": {
        "dmean": 0.0202259439975,
        "dmean2": 0.0293804071844,
        "dvar": 0.000371612492017,
        "dvar2": 0.000736243731808,
        "max": 0.492898106575,
        "mean": 0.330091953278,
        "median": 0.327804148197,
        "min": 0.0051036127843,
        "var": 0.00266110221855
    },
    "melbands_kurtosis": {
        "dmean": 8.0101146698,
        "dmean2": 12.2113552094,
        "dvar": 128.421630859,
        "dvar2": 270.94631958,
        "max": 197.026977539,
        "mean": 19.8302459717,
        "median": 15.5538425446,
        "min": -1.11990082264,
        "var": 278.853485107
    },
    "melbands_skewness": {
        "dmean": 0.638298869133,
        "dmean2": 0.954970121384,
        "dvar": 0.475268363953,
        "dvar2": 1.04462516308,
        "max": 11.8511285782,
        "mean": 2.54194951057,
        "median": 2.32985401154,
        "min": -0.620604932308,
        "var": 1.73023664951
    },
    "melbands_spread": {
        "dmean": 1.39639914036,
        "dmean2": 1.99113488197,
        "dvar": 16.3610801697,
        "dvar2": 20.6493167877,
        "max": 120.787452698,
        "mean": 5.78715276718,
        "median": 4.62581443787,
        "min": 1.04065895081,
        "var": 41.0850410461
    },
    "pitch_salience": {
        "dmean": 0.0558721981943,
        "dmean2": 0.0914752706885,
        "dvar": 0.00277592334896,
        "dvar2": 0.00734737934545,
        "max": 0.925479471684,
        "mean": 0.529211401939,
        "median": 0.528023838997,
        "min": 0.22400611639,
        "var": 0.00876871868968
    },
    "silence_rate_20dB": {
        "dmean": 0,
        "dmean2": 0,
        "dvar": 0,
        "dvar2": 0,
        "max": 1,
        "mean": 1,
        "median": 1,
        "min": 1,
        "var": 0
    },
    "silence_rate_30dB": {
        "dmean": 0.00206185574643,
        "dmean2": 0.00412583816797,
        "dvar": 0.00205762474798,
        "dvar2": 0.00617180671543,
        "max": 1,
        "mean": 0.998969614506,
        "median": 1,
        "min": 0,
        "var": 0.00102934066672
    },
    "silence_rate_60dB": {
        "dmean": 0.00103092787322,
        "dmean2": 0.00154718931299,
        "dvar": 0.00102987512946,
        "dvar2": 0.00154478580225,
        "max": 1,
        "mean": 0.00154559500515,
        "median": 0,
        "min": 0,
        "var": 0.00154320150614
    },
    "spectral_centroid": {
        "dmean": 54.7296447754,
        "dmean2": 77.5894241333,
        "dvar": 63112.8085938,
        "dvar2": 65625.0703125,
        "max": 10977.9609375,
        "mean": 452.959716797,
        "median": 420.665710449,
        "min": 232.785522461,
        "var": 87700.4765625
    },
    "spectral_complexity": {
        "dmean": 1.35979378223,
        "dmean2": 2.15781331062,
        "dvar": 1.63961684704,
        "dvar2": 3.59242105484,
        "max": 31,
        "mean": 9.74291610718,
        "median": 10,
        "min": 0,
        "var": 6.45991420746
    },
    "spectral_decrease": {
        "dmean": 2.01983785253e-09,
        "dmean2": 3.01554869964e-09,
        "dvar": 6.19126490522e-18,
        "dvar2": 1.42640877713e-17,
        "max": -4.54841036991e-29,
        "mean": -7.88057352707e-09,
        "median": -6.83315137806e-09,
        "min": -3.04641432081e-08,
        "var": 1.89708761513e-17
    },
    "spectral_energy": {
        "dmean": 0.00787225924432,
        "dmean2": 0.0117390444502,
        "dvar": 9.34219206101e-05,
        "dvar2": 0.000214895306272,
        "max": 0.122599467635,
        "mean": 0.031022047624,
        "median": 0.0268552675843,
        "min": 1.06036872412e-20,
        "var": 0.000293826829875
    },
    "spectral_energyband_high": {
        "dmean": 0.000175144770765,
        "dmean2": 0.000222266506171,
        "dvar": 8.5623656787e-07,
        "dvar2": 1.21005052733e-06,
        "max": 0.0226852670312,
        "mean": 0.000328590482241,
        "median": 9.30157038965e-05,
        "min": 7.47413744315e-21,
        "var": 2.44038460551e-06
    },
    "spectral_energyband_low": {
        "dmean": 0.00183896010276,
        "dmean2": 0.00274642906152,
        "dvar": 3.72003232769e-05,
        "dvar2": 8.65788460942e-05,
        "max": 0.0760828852654,
        "mean": 0.00235724821687,
        "median": 0.00045095407404,
        "min": 5.18208187557e-23,
        "var": 4.25175021519e-05
    },
    "spectral_energyband_middle_high": {
        "dmean": 0.000551974168047,
        "dmean2": 0.000841661531013,
        "dvar": 2.73596197076e-06,
        "dvar2": 7.23677112546e-06,
        "max": 0.0388471260667,
        "mean": 0.00163276458625,
        "median": 0.000714409048669,
        "min": 1.81182119394e-21,
        "var": 1.26037084556e-05
    },
    "spectral_energyband_middle_low": {
        "dmean": 0.00669043092057,
        "dmean2": 0.0100397868082,
        "dvar": 5.23832059116e-05,
        "dvar2": 0.000126272745547,
        "max": 0.105000056326,
        "mean": 0.0277096778154,
        "median": 0.0249961912632,
        "min": 3.03237071738e-22,
        "var": 0.000190759019461
    },
    "spectral_entropy": {
        "dmean": 0.180126979947,
        "dmean2": 0.261612087488,
        "dvar": 0.0350246354938,
        "dvar2": 0.0652381032705,
        "max": 9.79622554779,
        "mean": 6.33084440231,
        "median": 6.3175163269,
        "min": 5.19061660767,
        "var": 0.201935350895
    },
    "spectral_flux": {
        "dmean": 0.0218286011368,
        "dmean2": 0.0345452278852,
        "dvar": 0.000628113339189,
        "dvar2": 0.00151526217815,
        "max": 0.273617476225,
        "mean": 0.0606136545539,
        "median": 0.0509688258171,
        "min": 1.02974205551e-10,
        "var": 0.00137959665153
    },
    "spectral_kurtosis": {
        "dmean": 3.64241743088,
        "dmean2": 5.61440610886,
        "dvar": 25.18217659,
        "dvar2": 57.5086402893,
        "max": 73.60131073,
        "mean": 13.0572872162,
        "median": 10.9314575195,
        "min": -1.14968717098,
        "var": 81.9020080566
    },
    "spectral_rms": {
        "dmean": 0.000675378658343,
        "dmean2": 0.000995076377876,
        "dvar": 4.95323888572e-07,
        "dvar2": 1.10735572889e-06,
        "max": 0.0109366010875,
        "mean": 0.00531225232407,
        "median": 0.00511861918494,
        "min": 3.21637378189e-12,
        "var": 2.04541561288e-06
    },
    "spectral_rolloff": {
        "dmean": 112.760299683,
        "dmean2": 189.789245605,
        "dvar": 449504.46875,
        "dvar2": 704700.1875,
        "max": 19035.3515625,
        "mean": 614.534973145,
        "median": 516.796875,
        "min": 215.33203125,
        "var": 773450.5
    },
    "spectral_skewness": {
        "dmean": 0.344354391098,
        "dmean2": 0.516328513622,
        "dvar": 0.136822670698,
        "dvar2": 0.298526078463,
        "max": 6.83637523651,
        "mean": 3.06644225121,
        "median": 3.00955414772,
        "min": -0.018834611401,
        "var": 0.679120659828
    },
    "spectral_spread": {
        "dmean": 787791.3125,
        "dmean2": 1130712.75,
        "dvar": 1.58397038592e+12,
        "dvar2": 2.61064831795e+12,
        "max": 39496616,
        "mean": 4582187.5,
        "median": 4346928,
        "min": 1184231.875,
        "var": 4.61585619354e+12
    },
    "spectral_strongpeak": {
        "dmean": 0.467783629894,
        "dmean2": 0.806669950485,
        "dvar": 0.380466043949,
        "dvar2": 0.975657939911,
        "max": 6.170378685,
        "mean": 1.26262485981,
        "median": 1.09724068642,
        "min": 0,
        "var": 0.675141096115
    },
    "zerocrossingrate": {
        "dmean": 0.00658147735521,
        "dmean2": 0.00768180470914,
        "dvar": 0.000190879785805,
        "dvar2": 0.000199024900212,
        "max": 0.494140625,
        "mean": 0.032741509378,
        "median": 0.02880859375,
        "min": 0.00048828125,
        "var": 0.000567569164559
    },
    "barkbands": {
        "dmean": [2.79469441011e-06, 0.00116788735613, 0.000510310870595, 0.000884821231011, 0.00445383274928, 0.00139709503856, 0.00143991352525, 0.00181220495142, 0.000292170298053, 0.000439766794443, 0.000139305993798, 0.000101938247099, 5.47155214008e-05, 6.17719997535e-05, 3.25036271533e-05, 1.78446371137e-05, 7.83243649494e-06, 9.02800275071e-06, 7.21752257959e-06, 1.79818034667e-05, 1.55949655891e-05, 2.24317554967e-05, 3.67313768947e-05, 4.74781045341e-05, 5.94999000896e-05, 9.94036508928e-06, 3.49511026343e-07],
        "dmean2": [4.84994143335e-06, 0.0017754387809, 0.000823372334708, 0.00141008326318, 0.00728129269555, 0.00202485383488, 0.00209057424217, 0.00268117338419, 0.000399204494897, 0.000691432680469, 0.000210055266507, 0.000158948038006, 8.53411402204e-05, 9.13085314096e-05, 5.20514186064e-05, 2.95045738312e-05, 1.24739899547e-05, 1.43660663525e-05, 1.04619803096e-05, 2.77469498542e-05, 2.32572565437e-05, 3.1147563277e-05, 5.18466731592e-05, 6.26473993179e-05, 8.38341729832e-05, 1.46619831867e-05, 6.00887517521e-07],
        "dvar": [9.84632375634e-11, 2.08217497857e-05, 3.64575043932e-06, 2.75305683317e-06, 3.06239671772e-05, 6.56340853311e-06, 8.78107584867e-06, 1.3833585399e-05, 5.0447471267e-07, 2.55298232332e-06, 1.44514999079e-07, 5.82813228789e-08, 4.13673681976e-08, 6.51849418887e-08, 4.03065758547e-09, 1.07482556189e-09, 1.87060478218e-10, 4.19577150801e-10, 6.92180868178e-10, 3.18947224187e-09, 1.33231639055e-08, 4.019686628e-08, 8.91688429761e-08, 1.44422998005e-07, 1.8731924456e-08, 1.42511236145e-09, 1.49769357072e-12],
        "dvar2": [2.77193989984e-10, 4.87374418299e-05, 9.57088559517e-06, 6.66067307975e-06, 8.41160144773e-05, 1.32812474476e-05, 1.97439112526e-05, 3.39944526786e-05, 8.41564826715e-07, 6.8627773544e-06, 2.82438406884e-07, 1.39051778092e-07, 9.48670546563e-08, 1.26986392956e-07, 8.45171044261e-09, 2.68929012393e-09, 4.21809448481e-10, 9.51352552292e-10, 9.85708403789e-10, 5.89464033141e-09, 2.83485732666e-08, 7.27380893295e-08, 1.76084213876e-07, 2.37003760617e-07, 2.97266904425e-08, 2.6078887938e-09, 3.60074513608e-12],
        "max": [0.000199977119337, 0.0552705042064, 0.0229430943727, 0.0349903553724, 0.068168208003, 0.0505262576044, 0.0663048923016, 0.0635053813457, 0.0270819757134, 0.0355686545372, 0.0126064512879, 0.00489598186687, 0.00447969092056, 0.00892983935773, 0.00167313951533, 0.00068136974005, 0.000412749563111, 0.00050622218987, 0.000929215340875, 0.0018569866661, 0.00308843073435, 0.00682196719572, 0.00847402494401, 0.0110918609425, 0.00335114076734, 0.000991045264527, 2.45766641456e-05],
        "mean": [2.44032685259e-06, 0.00104271387681, 0.000548773154151, 0.00185895734467, 0.011444597505, 0.00464802468196, 0.00467566819862, 0.00397143000737, 0.00071496819146, 0.000926497741602, 0.000290424854029, 0.000203804607736, 0.000104437385744, 0.00010557060159, 6.33905219729e-05, 3.53562463715e-05, 1.75904442585e-05, 1.78519385372e-05, 1.42333665281e-05, 3.15589823003e-05, 2.50360608334e-05, 3.37156416208e-05, 5.16543295817e-05, 7.59419854148e-05, 0.000100958859548, 1.6188752852e-05, 2.93555302733e-07],
        "median": [7.46430998788e-07, 4.4486432671e-06, 5.67775714444e-05, 0.000704773468897, 0.00948162190616, 0.00230232509784, 0.0032760174945, 0.00229656789452, 0.000275578844594, 0.00017204026517, 0.000148571969476, 8.2599290181e-05, 2.70866330538e-05, 2.73869572993e-05, 4.01378056267e-05, 1.93128307728e-05, 1.1077657291e-05, 8.89914736035e-06, 6.02660520599e-06, 1.18252019092e-05, 5.51574566998e-06, 1.8376421167e-06, 3.26927806782e-06, 4.6323107199e-06, 3.81597601518e-05, 5.89605178902e-06, 2.05704022704e-08],
        "min": [6.43803781462e-24, 4.50762536536e-23, 4.87501484943e-24, 2.95209559269e-24, 1.94130669725e-23, 6.94287905391e-23, 3.22624830475e-23, 8.26410873636e-23, 5.39566722784e-23, 1.32886282679e-22, 9.56884491501e-23, 1.47139181701e-22, 2.03137022105e-22, 9.65448996577e-23, 1.36051861585e-22, 1.06359074003e-22, 2.15781982788e-22, 1.62611886874e-22, 3.29431343246e-22, 3.70667109624e-22, 4.35000571846e-22, 5.15588683413e-22, 4.6820083696e-22, 1.02653376551e-21, 1.05872746935e-21, 1.59891599123e-21, 2.44095101871e-21],
        "var": [6.69308983237e-11, 2.06020067708e-05, 3.04485047309e-06, 8.77792081155e-06, 7.50953404349e-05, 3.4355391108e-05, 2.76301489066e-05, 3.01185154967e-05, 1.69381075921e-06, 8.74365105119e-06, 5.06673359268e-07, 2.0708806403e-07, 1.07084282774e-07, 2.17807127001e-07, 7.27027016367e-09, 2.8449813616e-09, 5.2711207621e-10, 9.12422859489e-10, 1.77769954313e-09, 6.04087402323e-09, 1.92911606689e-08, 6.81877239117e-08, 1.52991958657e-07, 3.92345782529e-07, 5.11917370716e-08, 3.23855453566e-09, 1.45554174182e-12]
    },
    "erbbands": {
        "dmean": [0.0115888640285, 0.324960619211, 0.739133417606, 1.59116566181, 8.41704940796, 17.4636611938, 17.1709136963, 10.1892490387, 19.09724617, 26.9935150146, 28.2158260345, 6.24271869659, 14.0185251236, 4.95847845078, 6.79548215866, 2.87379169464, 2.63020849228, 2.90620923042, 1.60096108913, 1.59617483616, 0.685694336891, 0.403661072254, 0.469193518162, 0.364224225283, 0.380517870188, 0.765129864216, 0.815228104591, 0.638212740421, 0.852254152298, 0.920264780521, 1.05501484871, 0.804042458534, 0.934247851372, 0.66715914011, 0.442777365446, 0.0690846294165, 0.0160041395575, 0.00206920551136, 4.92524341098e-05, 1.0383470908e-05],
        "dmean2": [0.0180956181139, 0.492346763611, 1.12553429604, 2.5384979248, 13.2874555588, 28.9043922424, 25.5184993744, 15.550579071, 28.9861316681, 39.3164176941, 41.8902130127, 8.76563167572, 21.4367160797, 7.94973278046, 10.3960294724, 4.43897533417, 4.10429525375, 4.22483110428, 2.44349479675, 2.57592940331, 1.12543702126, 0.618372440338, 0.750616312027, 0.542390227318, 0.567499279976, 1.15793228149, 1.1989068985, 0.910329043865, 1.1596570015, 1.25931465626, 1.44794476032, 1.00220525265, 1.24177849293, 0.924808323383, 0.653914749622, 0.1002753824, 0.0247737653553, 0.0032499844674, 7.67868405092e-05, 1.51796748469e-05],
        "dvar": [0.00216571614146, 1.5971339941, 7.33097457886, 9.77705001831, 130.149383545, 552.385437012, 943.71105957, 364.358581543, 1665.89160156, 2874.11889648, 3108.50488281, 178.073989868, 2410.88525391, 225.942184448, 335.757720947, 49.6201324463, 110.852775574, 197.793487549, 12.8642930984, 7.39769744873, 1.11939382553, 0.691371321678, 0.904997348785, 1.23034417629, 2.39788007736, 7.33292865753, 13.0980472565, 31.6756801605, 52.9633827209, 106.902656555, 61.5708427429, 36.2538871765, 58.6136131287, 4.76448583603, 0.77173435688, 0.0398053899407, 0.00462071271613, 9.70258843154e-05, 3.77534234985e-08, 2.23317961345e-10],
        "dvar2": [0.00535494415089, 3.71819210052, 17.6661281586, 23.9956626892, 322.703887939, 1501, 2192.68017578, 873.42578125, 4148.83154297, 6731.0234375, 7515.9609375, 302.824768066, 6227.19921875, 605.631530762, 681.060913086, 129.119338989, 264.463378906, 374.730163574, 27.880033493, 15.1828784943, 2.64988279343, 1.44037652016, 2.09242653847, 2.17951416969, 3.76133966446, 14.7868537903, 25.876947403, 71.539932251, 107.339904785, 220.900878906, 114.428199768, 49.7154579163, 105.682769775, 6.40130567551, 1.56318020821, 0.064089499414, 0.010029562749, 0.000200312468223, 7.32400096126e-08, 4.36906177903e-10],
        "max": [0.596004724503, 15.2302589417, 34.3100814819, 51.8600349426, 125.455207825, 309.108551025, 529.186035156, 330.449829102, 693.825744629, 1073.64672852, 954.516052246, 481.613067627, 1062.44360352, 391.490905762, 629.691040039, 189.257904053, 225.085128784, 514.911132812, 85.7248687744, 55.9580307007, 18.0334701538, 29.3748779297, 19.9246673584, 34.933391571, 38.0906906128, 97.3541030884, 117.454292297, 189.746765137, 234.111419678, 375.18927002, 193.099655151, 192.271118164, 233.727020264, 71.9567718506, 16.0397434235, 5.30265426636, 1.65210580826, 0.296409010887, 0.00567623414099, 0.000350008631358],
        "mean": [0.00987939443439, 0.294941693544, 0.796447455883, 3.65317392349, 18.8576507568, 42.8059272766, 48.7788467407, 35.483921051, 62.1926383972, 76.9557723999, 64.680267334, 16.8310928345, 30.876701355, 12.2064962387, 14.2605419159, 6.19417572021, 5.23335886002, 5.34375047684, 3.34153103828, 3.4964492321, 1.65905797482, 0.970610737801, 0.97953337431, 0.758880496025, 0.76873165369, 1.31978905201, 1.42007923126, 0.983357667923, 1.22161138058, 1.26198267937, 1.55867028236, 1.3368653059, 1.42457091808, 1.10096156597, 0.73096871376, 0.118215747178, 0.0246045719832, 0.00263708736748, 7.8403907537e-05, 3.88897351513e-05],
        "median": [0.000208238969208, 0.00378606305458, 0.105030462146, 1.51160311699, 12.8876180649, 31.5708751678, 28.2380313873, 18.9537658691, 36.6556396484, 48.5514793396, 38.6815567017, 9.12519073486, 6.47362041473, 4.92481136322, 6.40650558472, 2.97753834724, 1.46111285686, 1.44695687294, 1.81432116032, 2.07145643234, 1.08521640301, 0.618092298508, 0.549456655979, 0.289028763771, 0.346358895302, 0.522415697575, 0.440213263035, 0.176830768585, 0.0742431357503, 0.056362260133, 0.103975176811, 0.0746393725276, 0.101771354675, 0.32583373785, 0.323153227568, 0.0477675013244, 0.00810543913394, 0.000729975407012, 3.43906831404e-05, 3.28009118675e-05],
        "min": [5.26512021435e-22, 1.23035409767e-20, 1.24451762695e-20, 6.19754007183e-21, 4.78143675151e-20, 7.32971138508e-20, 1.60907101862e-19, 7.85950725499e-19, 6.06141771158e-19, 9.62386075409e-19, 1.40604811926e-18, 1.47183182883e-18, 3.82990496594e-18, 2.98512732663e-18, 5.45304798114e-18, 4.98710334595e-18, 8.89396671454e-18, 6.05852102847e-18, 5.05518775498e-18, 8.47807684616e-18, 8.41512592e-18, 9.71303930273e-18, 9.02036983831e-18, 1.48203617702e-17, 1.55273001002e-17, 1.82117989729e-17, 1.86678451513e-17, 1.60973483106e-17, 1.69706128094e-17, 1.63395236329e-17, 1.41297387506e-17, 2.43951312161e-17, 1.34645416087e-17, 1.09388845746e-17, 8.09218054679e-18, 6.89114573023e-18, 2.7107577213e-18, 1.18524569643e-18, 3.05465521754e-19, 3.82278870528e-20],
        "var": [0.00193405291066, 1.59654426575, 7.16930818558, 31.7886695862, 335.545806885, 1473.78479004, 3534.24145508, 1903.28515625, 5182.16748047, 9189.89355469, 6333.10693359, 576.44317627, 8931.40136719, 760.069702148, 1323.75256348, 124.52457428, 279.690338135, 632.151245117, 42.5700111389, 19.1871757507, 3.46976780891, 1.72124993801, 1.95195746422, 3.15908718109, 5.39346551895, 11.8063087463, 23.1019325256, 41.1638374329, 83.8972320557, 139.87739563, 124.742416382, 111.067138672, 140.193984985, 16.1164150238, 1.35419535637, 0.096236653626, 0.00894315447658, 0.000151892250869, 6.5534052851e-08, 7.13998249413e-10]
    },
    "gfcc": {
        "mean": [-55.1335144043, 115.163604736, -89.5776290894, -18.5326023102, -87.8840637207, -17.3288192749, -68.8085403442, 0.114754274487, -45.1862182617, 2.24343538284, -26.1392669678, -13.0871019363, -4.96375799179],
        "cov": [[3182.91699219, -858.879638672, 217.854812622, 267.587371826, -257.120727539, 470.384368896, -36.5336837769, 252.083908081, -30.8316631317, 207.069778442, -78.2628631592, 129.674713135, -121.331848145], [-858.879638672, 993.123718262, -79.4825363159, 18.8232574463, 338.35534668, -146.177825928, 233.424530029, -78.2989273071, 66.7811737061, -120.184066772, 78.961555481, -100.696029663, 58.9276504517], [217.854812622, -79.4825363159, 441.253326416, 129.967697144, 129.496459961, 121.211914062, -14.2406730652, 187.492111206, -1.17585396767, 121.572090149, -0.060076802969, 19.4883117676, 3.69726037979], [267.587371826, 18.8232574463, 129.967697144, 427.966125488, 76.5070953369, 90.1638031006, 113.172554016, 14.7676525116, 103.50202179, -22.5844516754, 25.9785499573, -11.3933782578, -13.8333272934], [-257.120727539, 338.35534668, 129.496459961, 76.5070953369, 304.301574707, -5.63052606583, 91.9849624634, 117.78780365, -0.57395118475, 64.9890975952, 30.7438755035, -28.653427124, 45.6409378052], [470.384368896, -146.177825928, 121.211914062, 90.1638031006, -5.63052606583, 231.646453857, 60.4869651794, 58.4756774902, 13.0287685394, 25.4512844086, -5.03070545197, 30.0462913513, -49.4855613708], [-36.5336837769, 233.424530029, -14.2406730652, 113.172554016, 91.9849624634, 60.4869651794, 223.918945312, -6.95945644379, 47.9260482788, -40.5932197571, 13.2777900696, -3.23979687691, -1.83487260342], [252.083908081, -78.2989273071, 187.492111206, 14.7676525116, 117.78780365, 58.4756774902, -6.95945644379, 284.847930908, -7.33564853668, 149.267349243, -1.83151912689, 27.5793113708, 38.1280288696], [-30.8316631317, 66.7811737061, -1.17585396767, 103.50202179, -0.57395118475, 13.0287685394, 47.9260482788, -7.33564853668, 118.954772949, -22.9342193604, 22.4813327789, 12.76491642, -9.05633163452], [207.069778442, -120.184066772, 121.572090149, -22.5844516754, 64.9890975952, 25.4512844086, -40.5932197571, 149.267349243, -22.9342193604, 191.681091309, 5.37855243683, 17.8360061646, 33.343334198], [-78.2628631592, 78.961555481, -0.060076802969, 25.9785499573, 30.7438755035, -5.03070545197, 13.2777900696, -1.83151912689, 22.4813327789, 5.37855243683, 68.909828186, 9.31522655487, 5.95585870743], [129.674713135, -100.696029663, 19.4883117676, -11.3933782578, -28.653427124, 30.0462913513, -3.23979687691, 27.5793113708, 12.76491642, 17.8360061646, 9.31522655487, 81.7368621826, 10.6083421707], [-121.331848145, 58.9276504517, 3.69726037979, -13.8333272934, 45.6409378052, -49.4855613708, -1.83487260342, 38.1280288696, -9.05633163452, 33.343334198, 5.95585870743, 10.6083421707, 86.7474365234]],
        "icov": [[0.000768022262491, -0.000563324603718, 0.00047756798449, -0.00109012937173, 0.00139826512896, -0.00126323616132, 0.000524720409885, -0.000769373960793, 0.00114402011968, -0.00113407999743, 0.000884817389306, -0.00107685336843, 0.000781936512794], [-0.000563324603718, 0.00650883791968, -0.000987711362541, 0.00384823023342, -0.00735888723284, 0.00301653239876, -0.00443688826635, 0.00227652210742, -0.00465519120917, 0.00466976547614, -0.00450238306075, 0.0056251399219, -0.00271518738009], [0.00047756798449, -0.000987711362541, 0.00486752204597, -0.00230771885253, -0.00014455782366, -0.00272748223506, 0.00254281098023, -0.00206256425008, 0.00150584417861, -0.00184247328434, 0.00167118594982, -0.00189069809858, 0.00122582586482], [-0.00109012937173, 0.00384823023342, -0.00230771885253, 0.00708907283843, -0.0053645838052, 0.00184571987484, -0.00372911966406, 0.00245080213062, -0.00652044266462, 0.00408163620159, -0.00368455471471, 0.00539188738912, -0.00284669408575], [0.00139826512896, -0.00735888723284, -0.00014455782366, -0.0053645838052, 0.0159616824239, -0.00278757256456, 0.00168123678304, -0.00513232965022, 0.0073381671682, -0.00653574801981, 0.00272569502704, -0.00386533676647, 0.00197229604237], [-0.00126323616132, 0.00301653239876, -0.00272748223506, 0.00184571987484, -0.00278757256456, 0.0109168421477, -0.00527663202956, 0.00066821515793, -0.00163697067183, 0.00235605821945, -0.00252889981493, 0.000859631749336, 0.00287548848428], [0.000524720409885, -0.00443688826635, 0.00254281098023, -0.00372911966406, 0.00168123678304, -0.00527663202956, 0.0110197272152, -0.00129406631459, 0.00145772122778, -0.00162366963923, 0.00396477757022, -0.00447757774964, 0.00100370659493], [-0.000769373960793, 0.00227652210742, -0.00206256425008, 0.00245080213062, -0.00513232965022, 0.00066821515793, -0.00129406631459, 0.00920671131462, -0.00328602315858, -0.00191983487457, -0.000240846566157, 0.000984823214822, -0.00284534576349], [0.00114402011968, -0.00465519120917, 0.00150584417861, -0.00652044266462, 0.0073381671682, -0.00163697067183, 0.00145772122778, -0.00328602315858, 0.0167075693607, -0.00338152563199, 0.000725615769625, -0.00697447592393, 0.0041859713383], [-0.00113407999743, 0.00466976547614, -0.00184247328434, 0.00408163620159, -0.00653574801981, 0.00235605821945, -0.00162366963923, -0.00191983487457, -0.00338152563199, 0.014158340171, -0.00506638875231, 0.00457931403071, -0.00444404501468], [0.000884817389306, -0.00450238306075, 0.00167118594982, -0.00368455471471, 0.00272569502704, -0.00252889981493, 0.00396477757022, -0.000240846566157, 0.000725615769625, -0.00506638875231, 0.0208479035646, -0.00744094420224, 0.00245199282654], [-0.00107685336843, 0.0056251399219, -0.00189069809858, 0.00539188738912, -0.00386533676647, 0.000859631749336, -0.00447757774964, 0.000984823214822, -0.00697447592393, 0.00457931403071, -0.00744094420224, 0.0217442568392, -0.00702694011852], [0.000781936512794, -0.00271518738009, 0.00122582586482, -0.00284669408575, 0.00197229604237, 0.00287548848428, 0.00100370659493, -0.00284534576349, 0.0041859713383, -0.00444404501468, 0.00245199282654, -0.00702694011852, 0.0186702702194]]
    },
    "melbands": {
        "dmean": [0.000218620727537, 0.000422560609877, 0.000425060337875, 0.000968973443378, 0.000642456754576, 0.000249732373049, 0.000284875364741, 0.000350216694642, 0.000197939254576, 3.59181940439e-05, 7.3132730904e-05, 2.43920931098e-05, 1.8969310986e-05, 1.54251647473e-05, 5.0817770898e-06, 5.82306483921e-06, 6.03416810918e-06, 2.85957617052e-06, 3.08383732772e-06, 1.72510647189e-06, 6.70615179388e-07, 4.82391442347e-07, 3.76759828669e-07, 4.69120180924e-07, 3.03274987346e-07, 3.06157687646e-07, 3.19422611028e-07, 6.10889799191e-07, 6.42165502995e-07, 4.05669425163e-07, 3.6018963101e-07, 5.03639341787e-07, 4.63204344214e-07, 5.71060354559e-07, 6.37851826468e-07, 5.58998578981e-07, 5.02991213125e-07, 6.96380197951e-07, 5.43030921563e-07, 6.60625460114e-07],
        "dmean2": [0.000335226970492, 0.000631365459412, 0.000673122704029, 0.00158978451509, 0.000984849524684, 0.000379006174626, 0.000426415965194, 0.000512080383487, 0.000294575060252, 4.91809296363e-05, 0.000112153655209, 3.94652997784e-05, 2.889350435e-05, 2.37652348005e-05, 7.93311392044e-06, 9.01276689547e-06, 8.71401061886e-06, 4.47683532911e-06, 4.9635200412e-06, 2.84456632471e-06, 1.10321002467e-06, 7.56880695008e-07, 5.93592233145e-07, 7.45069030472e-07, 4.57456621916e-07, 4.53385808896e-07, 4.96004247452e-07, 9.44698911098e-07, 9.95016421257e-07, 6.04536580795e-07, 5.37948324109e-07, 6.97401617344e-07, 6.82375230099e-07, 8.43455893573e-07, 8.80166169281e-07, 7.71166298819e-07, 6.42112354399e-07, 9.70758378571e-07, 7.51310608393e-07, 9.60310217124e-07],
        "dvar": [7.4074529266e-07, 2.48249375545e-06, 4.44313741355e-07, 1.43437318911e-06, 1.15264833767e-06, 2.01932280675e-07, 3.37125840133e-07, 4.7259254643e-07, 1.38155698437e-07, 9.17964815272e-09, 6.65798012278e-08, 7.25475457486e-09, 2.78137046728e-09, 9.59402224332e-10, 8.03781652348e-10, 4.59397464514e-10, 9.84460513109e-10, 6.32879651463e-11, 4.18342409325e-11, 8.26927328695e-12, 9.99720163423e-13, 8.74891901547e-13, 6.65998560554e-13, 1.06704488995e-12, 9.56454425209e-13, 1.29535564133e-12, 2.28345185642e-12, 4.08127307991e-12, 5.35864061457e-12, 1.24724432171e-11, 1.18054264281e-11, 1.76116066175e-11, 2.01101670039e-11, 4.52975504328e-11, 2.24127903736e-11, 1.93087663913e-11, 1.46635863174e-11, 3.41391220848e-11, 1.60809716238e-11, 2.66053932357e-12],
        "dvar2": [1.76139553787e-06, 5.73953957428e-06, 1.09119343961e-06, 3.79631046599e-06, 2.98720397041e-06, 4.91332002639e-07, 7.93653839537e-07, 1.14086390113e-06, 3.35025617915e-07, 1.44535583502e-08, 1.7392399343e-07, 1.94960847466e-08, 5.37823963143e-09, 2.17342455144e-09, 2.25457408298e-09, 1.00467034692e-09, 1.85658866059e-09, 1.42264269809e-10, 8.83505213434e-11, 1.99193144618e-11, 2.3844416025e-12, 1.91262739153e-12, 1.53132140215e-12, 2.48993924437e-12, 1.80479264346e-12, 1.73427353208e-12, 4.38536750316e-12, 8.75785555188e-12, 1.21859796559e-11, 2.5608962867e-11, 2.73612729695e-11, 4.02470487493e-11, 3.55105771177e-11, 1.01024806576e-10, 4.50122335238e-11, 3.50322965081e-11, 2.14033391704e-11, 6.05497180173e-11, 3.03562140702e-11, 4.77211109171e-12],
        "max": [0.0105358213186, 0.0184728372842, 0.0111852632836, 0.013301461935, 0.0187891721725, 0.00660637766123, 0.00893713440746, 0.0103868609294, 0.0062694218941, 0.00390875106677, 0.00550682889298, 0.00227983552031, 0.00167679181322, 0.000932647904847, 0.000859418069012, 0.000605507811997, 0.00117109657731, 0.000218924033106, 0.000180010290933, 5.85155430599e-05, 1.50684245455e-05, 3.14154131047e-05, 1.71870760823e-05, 2.01617622224e-05, 3.12430893246e-05, 4.28224884672e-05, 4.41452975792e-05, 6.82192912791e-05, 5.96195386606e-05, 0.000127385603264, 0.000123435034766, 0.00012754391355, 0.000137562732561, 0.000245697650826, 0.000113368914754, 0.000107294319605, 0.000131047680043, 0.000178351358045, 0.000126465514768, 4.71949570056e-05],
        "mean": [0.000191956569324, 0.000420005584601, 0.000939226301853, 0.00234211306088, 0.00178832304664, 0.000848553550895, 0.000933518924285, 0.000911741168238, 0.000448470877018, 8.98366124602e-05, 0.000158187976922, 5.50535914954e-05, 4.09195854445e-05, 3.13479649776e-05, 9.65576236922e-06, 1.06651423266e-05, 1.04771033875e-05, 5.26118992639e-06, 5.85914767726e-06, 3.465260761e-06, 1.54680174091e-06, 1.0532764918e-06, 7.5795929888e-07, 8.92022683274e-07, 5.71002033212e-07, 5.87692625231e-07, 4.98612962474e-07, 1.02098681509e-06, 1.08905862817e-06, 5.779037906e-07, 5.37746416285e-07, 6.66502160129e-07, 7.01424710314e-07, 7.06296418684e-07, 8.94391462225e-07, 8.68623317274e-07, 7.87700571436e-07, 1.05425988295e-06, 8.07687627002e-07, 1.0148378351e-06],
        "median": [1.09112284008e-06, 1.86720080819e-05, 0.00052440649597, 0.00182883767411, 0.00115627516061, 0.000504586147144, 0.000628531503025, 0.000562221335713, 0.00027686150861, 3.49504189217e-05, 3.08655544359e-05, 1.92760235223e-05, 2.01591192308e-05, 1.38530986078e-05, 2.70788950729e-06, 2.66708661911e-06, 2.3045515718e-06, 2.14082547245e-06, 3.46521665051e-06, 2.00825593311e-06, 1.01617445125e-06, 6.44362671665e-07, 4.45711918928e-07, 4.23689442641e-07, 1.76057923795e-07, 2.4151705702e-07, 2.02328621413e-07, 3.87598021234e-07, 3.12243798817e-07, 1.16640620718e-07, 7.80824649382e-08, 3.74694835159e-08, 2.79464273945e-08, 2.71171689548e-08, 5.74290979216e-08, 5.42846407825e-08, 3.67049750594e-08, 4.3743249023e-08, 8.62328377593e-08, 3.40225199125e-07],
        "min": [9.61884844121e-24, 1.12365931097e-23, 2.1143156478e-24, 5.01082593173e-24, 5.01562338933e-24, 1.63109866364e-23, 8.16826892058e-24, 1.31073096932e-23, 1.07326632414e-23, 8.77157080823e-24, 2.01412676296e-23, 1.28380722551e-23, 1.56344595241e-23, 1.99337230586e-23, 9.953921055e-24, 2.28467260575e-23, 9.4900937197e-24, 8.01582786153e-24, 1.02180869063e-23, 9.49003139969e-24, 1.05936130962e-23, 1.13883005281e-23, 8.24767881474e-24, 8.44071307825e-24, 1.23238248751e-23, 1.3274883471e-23, 1.01984679356e-23, 1.18379189008e-23, 1.19139319599e-23, 1.10842995676e-23, 8.44650962818e-24, 1.04126555043e-23, 9.42732642405e-24, 8.62365071103e-24, 7.39483419036e-24, 1.25013304117e-23, 1.56129109996e-23, 9.83626402871e-24, 8.75373229658e-24, 9.0842744822e-24],
        "var": [7.12353198651e-07, 2.55097188528e-06, 1.33763910526e-06, 3.69153917745e-06, 3.60087233275e-06, 9.16761621284e-07, 1.05798744698e-06, 1.37571601044e-06, 2.80679188336e-07, 2.91951796072e-08, 2.43022441282e-07, 2.23786162934e-08, 1.13909690569e-08, 4.06469924386e-09, 1.01197572544e-09, 1.1470020489e-09, 3.21610027498e-09, 1.81371043184e-10, 7.53586013036e-11, 2.60477039243e-11, 2.90975555282e-12, 2.23411480288e-12, 1.32895506665e-12, 2.29472408957e-12, 2.30842905555e-12, 3.37761416058e-12, 3.62723111096e-12, 6.34214729345e-12, 9.04870622875e-12, 1.64000549252e-11, 1.40418961181e-11, 2.4216373698e-11, 3.37393966932e-11, 5.15973652693e-11, 4.0786242439e-11, 4.2806508338e-11, 4.2510790027e-11, 8.3054556288e-11, 3.8737426461e-11, 6.83892525943e-12]
    },
    "mfcc": {
        "mean": [-718.529846191, 167.685623169, 21.3851737976, -5.18286561966, -12.5376958847, -31.0055084229, -17.178565979, -32.7090187073, -9.67331504822, -14.1873340607, -19.999710083, -11.8938865662, -3.20967483521],
        "cov": [[2479.66381836, -902.827514648, 379.436828613, -60.876449585, -46.026966095, 223.727935791, 52.3421287537, 185.777450562, 46.8523254395, 133.933288574, 158.678512573, -1.21845114231, -32.2193183899], [-902.827514648, 1028.17053223, -247.944519043, 123.254135132, 121.409004211, -48.7967071533, 167.109725952, -7.85985422134, 91.0151290894, -10.7708854675, 1.78183805943, 62.5329666138, 110.859947205], [379.436828613, -247.944519043, 378.932647705, 55.6974525452, 119.961769104, 76.7925262451, 42.3246955872, 69.7816848755, 58.008140564, 59.4009857178, 41.8842086792, 40.8255958557, 54.3835105896], [-60.876449585, 123.254135132, 55.6974525452, 343.11819458, 133.602966309, 56.952545166, 92.0263671875, 62.7408447266, 109.65032959, 57.0873451233, 37.623134613, 44.4720611572, 103.024528503], [-46.026966095, 121.409004211, 119.961769104, 133.602966309, 260.528564453, -15.6666879654, 113.219451904, 9.21031475067, 104.502166748, 45.4259757996, 70.8713912964, 53.706413269, 110.779899597], [223.727935791, -48.7967071533, 76.7925262451, 56.952545166, -15.6666879654, 219.696487427, 40.9068527222, 105.318740845, -9.24053955078, 37.5651626587, 14.1644668579, 32.4780082703, -39.9248085022], [52.3421287537, 167.109725952, 42.3246955872, 92.0263671875, 113.219451904, 40.9068527222, 223.408599854, 41.6324768066, 109.929534912, 45.7503929138, 51.31483078, 51.9004669189, 94.5346832275], [185.777450562, -7.85985422134, 69.7816848755, 62.7408447266, 9.21031475067, 105.318740845, 41.6324768066, 205.430328369, 21.1703395844, 48.0017967224, 15.5266885757, 25.0349597931, 9.15706348419], [46.8523254395, 91.0151290894, 58.008140564, 109.65032959, 104.502166748, -9.24053955078, 109.929534912, 21.1703395844, 191.930282593, 37.9737663269, 73.6192016602, 19.4783725739, 109.999801636], [133.933288574, -10.7708854675, 59.4009857178, 57.0873451233, 45.4259757996, 37.5651626587, 45.7503929138, 48.0017967224, 37.9737663269, 98.237449646, 35.7071456909, 25.722038269, 19.9322433472], [158.678512573, 1.78183805943, 41.8842086792, 37.623134613, 70.8713912964, 14.1644668579, 51.31483078, 15.5266885757, 73.6192016602, 35.7071456909, 131.125488281, 29.5934123993, 54.7535514832], [-1.21845114231, 62.5329666138, 40.8255958557, 44.4720611572, 53.706413269, 32.4780082703, 51.9004669189, 25.0349597931, 19.4783725739, 25.722038269, 29.5934123993, 90.4996643066, 27.546339035], [-32.2193183899, 110.859947205, 54.3835105896, 103.024528503, 110.779899597, -39.9248085022, 94.5346832275, 9.15706348419, 109.999801636, 19.9322433472, 54.7535514832, 27.546339035, 210.997116089]],
