{
"lowlevel": {
    "average_loudness": 0.759696602821,
    "barkbands_crest": {
        "dmean": 2.02043414116,
        "dmean2": 3.33054161072,
        "dvar": 3.41769933701,
        "dvar2": 8.32747268677,
        "max": 21.2758960724,
        "mean": 7.50064563751,
        "median": 6.5957698822,
        "min": 2.65938591957,
        "var": 11.2572689056
    },
    "barkbands_flatness_db": {
        "dmean": 0.0138314533979,
        "dmean2": 0.0225575193763,
        "dvar": 0.000160543218954,
        "dvar2": 0.000411939632613,
        "max": 0.28802716732,
        "mean": 0.156896099448,
        "median": 0.153405442834,
        "min": 0.0420482121408,
        "var": 0.000643159961328
    },
    "barkbands_kurtosis": {
        "dmean": 0.723489224911,
        "dmean2": 1.17861998081,
        "dvar": 2.32779359818,
        "dvar2": 6.32864761353,
        "max": 30.4253158569,
        "mean": 0.237113386393,
        "median": -0.184492588043,
        "min": -1.67002332211,
        "var": 2.88329792023
    },
    "barkbands_skewness": {
        "dmean": 0.29301315546,
        "dmean2": 0.472046643496,
        "dvar": 0.0957575291395,
        "dvar2": 0.240866333246,
        "max": 5.12351799011,
        "mean": 0.418942779303,
        "median": 0.380929291248,
        "min": -2.06130099297,
        "var": 0.288328051567
    },
    "barkbands_spread": {
        "dmean": 3.0938000679,
        "dmean2": 4.90770244598,
        "dvar": 7.62668037415,
        "dvar2": 19.4855442047,
        "max": 57.5207901001,
        "mean": 19.0396842957,
        "median": 18.7797584534,
        "min": 3.63141655922,
        "var": 52.6393966675
    },
    "dissonance": {
        "dmean": 0.0165743399411,
        "dmean2": 0.0279376767576,
        "dvar": 0.000366999680409,
        "dvar2": 0.000949994544499,
        "max": 0.49947655201,
        "mean": 0.469226449728,
        "median": 0.474401772022,
        "min": 0.121241115034,
        "var": 0.000551939068828
    },
    "dynamic_complexity": 3.88739490509,
    "erbbands_crest": {
        "dmean": 2.39675498009,
        "dmean2": 3.87975931168,
        "dvar": 5.28703212738,
        "dvar2": 12.9782142639,
        "max": 28.0493831635,
        "mean": 9.62019443512,
        "median": 8.4248046875,
        "min": 2.93387055397,
        "var": 19.5659599304
    },
    "erbbands_flatness_db": {
        "dmean": 0.0123138455674,
        "dmean2": 0.0195161793381,
        "dvar": 0.000117134586617,
        "dvar2": 0.00027120654704,
        "max": 0.333192765713,
        "mean": 0.236348837614,
        "median": 0.231501609087,
        "min": 0.0921664759517,
        "var": 0.00108437496237
    },
    "erbbands_kurtosis": {
        "dmean": 0.602334201336,
        "dmean2": 0.944579362869,
        "dvar": 0.471618294716,
        "dvar2": 1.15590023994,
        "max": 9.7415971756,
        "mean": 0.444281131029,
        "median": 0.0975935459137,
        "min": -1.48283171654,
        "var": 1.76524531841
    },
    "erbbands_skewness": {
        "dmean": 0.28077429533,
        "dmean2": 0.435898512602,
        "dvar": 0.0595921464264,
        "dvar2": 0.142771139741,
        "max": 2.36946177483,
        "mean": 0.175742775202,
        "median": 0.116184145212,
        "min": -1.90841031075,
        "var": 0.339408099651
    },
    "erbbands_spread": {
        "dmean": 3.30088114738,
        "dmean2": 5.16118431091,
        "dvar": 10.3415117264,
        "dvar2": 25.4981231689,
        "max": 57.4917411804,
        "mean": 21.9315052032,
        "median": 21.5996513367,
        "min": 5.14238977432,
        "var": 68.443069458
    },
    "hfc": {
        "dmean": 3.68280696869,
        "dmean2": 5.16019105911,
        "dvar": 27.8897590637,
        "dvar2": 54.3447303772,
        "max": 108.986930847,
        "mean": 17.0579032898,
        "median": 10.1683969498,
        "min": 1.2668124174e-16,
        "var": 272.396148682
    },
    "melbands_crest": {
        "dmean": 2.67370009422,
        "dmean2": 4.41822767258,
        "dvar": 5.67410421371,
        "dvar2": 14.3264045715,
        "max": 27.2460803986,
        "mean": 10.1314992905,
        "median": 9.11740875244,
        "min": 2.38025259972,
        "var": 16.4013061523
    },
    "melbands_flatness_db": {
        "dmean": 0.0154130579904,
        "dmean2": 0.024690752849,
        "dvar": 0.000227343160077,
        "dvar2": 0.000555653008632,
        "max": 0.372794061899,
        "mean": 0.190795242786,
        "median": 0.189152747393,
        "min": 0.00576727231964,
        "var": 0.000837565981783
    },
    "melbands_kurtosis": {
        "dmean": 1.31721115112,
        "dmean2": 2.18038344383,
        "dvar": 12.6445636749,
        "dvar2": 34.4919090271,
        "max": 79.6687316895,
        "mean": 1.62016046047,
        "median": 0.892137527466,
        "min": -1.52503764629,
        "var": 11.9604978561
    },
    "melbands_skewness": {
        "dmean": 0.332613915205,
        "dmean2": 0.538157105446,
        "dvar": 0.147040307522,
        "dvar2": 0.374454945326,
        "max": 7.85760974884,
        "mean": 0.926683425903,
        "median": 0.875356972218,
        "min": -1.13793206215,
        "var": 0.547622382641
    },
    "melbands_spread": {
        "dmean": 4.97072458267,
        "dmean2": 7.77951145172,
        "dvar": 21.6182079315,
        "dvar2": 46.1424598694,
        "max": 151.658554077,
        "mean": 28.7350330353,
        "median": 28.0790081024,
        "min": 2.7918817997,
        "var": 102.790733337
    },
    "pitch_salience": {
        "dmean": 0.0559972934425,
        "dmean2": 0.0918041467667,
        "dvar": 0.00223251036368,
        "dvar2": 0.00544766010717,
        "max": 0.888368785381,
        "mean": 0.605453908443,
        "median": 0.608571887016,
        "min": 0.240859165788,
        "var": 0.00639903685078
    },
    "silence_rate_20dB": {
        "dmean": 0,
        "dmean2": 0,
        "dvar": 0,
        "dvar2": 0,
        "max": 1,
        "mean": 1,
        "median": 1,
        "min": 1,
        "var": 0
    },
    "silence_rate_30dB": {
        "dmean": 0.00103092787322,
        "dmean2": 0.00206291908398,
        "dvar": 0.00102986651473,
        "dvar2": 0.00309012806974,
        "max": 1,
        "mean": 0.999484777451,
        "median": 1,
        "min": 0,
        "var": 0.000514928949997
    },
    "silence_rate_60dB": {
        "dmean": 0.0154639175162,
        "dmean2": 0.0304280556738,
        "dvar": 0.0152241513133,
        "dvar2": 0.0346574150026,
        "max": 1,
        "mean": 0.100463680923,
        "median": 0,
        "min": 0,
        "var": 0.0903650298715
    },
    "spectral_centroid": {
        "dmean": 147.012435913,
        "dmean2": 235.991989136,
        "dvar": 49398.1210938,
        "dvar2": 63810.046875,
        "max": 10976.7519531,
        "mean": 1406.49841309,
        "median": 1389.09362793,
        "min": 422.366699219,
        "var": 123188.382812
    },
    "spectral_complexity": {
        "dmean": 2.80103087425,
        "dmean2": 4.49097490311,
        "dvar": 6.43053436279,
        "dvar2": 14.8698196411,
        "max": 43,
        "mean": 21.1020088196,
        "median": 21,
        "min": 0,
        "var": 47.9989700317
    },
    "spectral_decrease": {
        "dmean": 1.07384090509e-09,
        "dmean2": 1.57581958593e-09,
        "dvar": 2.20622304258e-18,
        "dvar2": 4.51496767745e-18,
        "max": 3.82563714888e-29,
        "mean": -4.40264313895e-09,
        "median": -2.92018387249e-09,
        "min": -2.78567586776e-08,
        "var": 1.69296921845e-17
    },
    "spectral_energy": {
        "dmean": 0.00434988830239,
        "dmean2": 0.00634983135387,
        "dvar": 3.61930942745e-05,
        "dvar2": 7.34012282919e-05,
        "max": 0.115023382008,
        "mean": 0.0181637834758,
        "median": 0.0119360694662,
        "min": 1.13459752123e-20,
        "var": 0.000288020557491
    },
    "spectral_energyband_high": {
        "dmean": 2.46764266194e-05,
        "dmean2": 4.08420128224e-05,
        "dvar": 5.81221515361e-10,
        "dvar2": 1.59096424923e-09,
        "max": 0.000353079783963,
        "mean": 0.000134447400342,
        "median": 0.000127979292301,
        "min": 8.56079023514e-21,
        "var": 3.44380679529e-09
    },
    "spectral_energyband_low": {
        "dmean": 0.000975414703134,
        "dmean2": 0.00156536092982,
        "dvar": 4.06111712437e-06,
        "dvar2": 1.01886698758e-05,
        "max": 0.0341494828463,
        "mean": 0.00169300264679,
        "median": 0.000815478793811,
        "min": 1.1629339502e-22,
        "var": 5.89211549595e-06
    },
    "spectral_energyband_middle_high": {
        "dmean": 0.00260306103155,
        "dmean2": 0.00365528371185,
        "dvar": 1.91821145563e-05,
        "dvar2": 3.65342857549e-05,
        "max": 0.0956558808684,
        "mean": 0.00933611020446,
        "median": 0.00481034582481,
        "min": 1.42847891972e-21,
        "var": 0.000126501108753
    },
    "spectral_energyband_middle_low": {
        "dmean": 0.00297344569117,
        "dmean2": 0.00467304000631,
        "dvar": 1.98083944269e-05,
        "dvar2": 4.38872921222e-05,
        "max": 0.0854046940804,
        "mean": 0.00868975650519,
        "median": 0.00531545840204,
        "min": 4.29505253184e-22,
        "var": 9.32148104766e-05
    },
    "spectral_entropy": {
        "dmean": 0.0833227038383,
        "dmean2": 0.134835258126,
        "dvar": 0.00726777780801,
        "dvar2": 0.0160437040031,
        "max": 9.80394554138,
        "mean": 7.37230682373,
        "median": 7.38484573364,
        "min": 6.80162477493,
        "var": 0.0309909246862
    },
    "spectral_flux": {
        "dmean": 0.0136527856812,
        "dmean2": 0.0211600791663,
        "dvar": 0.000260018889094,
        "dvar2": 0.000599747523665,
        "max": 0.277208268642,
        "mean": 0.0654509142041,
        "median": 0.0574265420437,
        "min": 1.06517489273e-10,
        "var": 0.0015669092536
    },
    "spectral_kurtosis": {
        "dmean": 3.48502635956,
        "dmean2": 6.22625207901,
        "dvar": 8.88021469116,
        "dvar2": 28.55534935,
        "max": 22.8276290894,
        "mean": 5.93842792511,
        "median": 5.1372127533,
        "min": -1.19326126575,
        "var": 13.8851737976
    },
    "spectral_rms": {
        "dmean": 0.000460109149572,
        "dmean2": 0.000676404801197,
        "dvar": 2.66642643965e-07,
        "dvar2": 5.25335167367e-07,
        "max": 0.01059329696,
        "mean": 0.00380337028764,
        "median": 0.00341246905737,
        "min": 3.32704740494e-12,
        "var": 3.25515134136e-06
    },
    "spectral_rolloff": {
        "dmean": 223.478164673,
        "dmean2": 367.874511719,
        "dvar": 180363.25,
        "dvar2": 249382.28125,
        "max": 18540.0878906,
        "mean": 1645.79150391,
        "median": 1614.99023438,
        "min": 107.666015625,
        "var": 341072.9375
    },
    "spectral_skewness": {
        "dmean": 0.31554672122,
        "dmean2": 0.557852447033,
        "dvar": 0.0665625482798,
        "dvar2": 0.205642327666,
        "max": 3.36203312874,
        "mean": 1.42270648479,
        "median": 1.36998093128,
        "min": 0.0112109156325,
        "var": 0.14013299346
    },
    "spectral_spread": {
        "dmean": 208493.3125,
        "dmean2": 336287.09375,
        "dvar": 610759147520,
        "dvar2": 796554428416,
        "max": 40476960,
        "mean": 2502151,
        "median": 2422427.25,
        "min": 1627884.25,
        "var": 1.5005384704e+12
    },
    "spectral_strongpeak": {
        "dmean": 0.66701233387,
        "dmean2": 1.07909548283,
        "dvar": 0.808106124401,
        "dvar2": 1.9752061367,
        "max": 10.888469696,
        "mean": 1.52338039875,
        "median": 0.900727152824,
        "min": 0,
        "var": 2.86517167091
    },
    "zerocrossingrate": {
        "dmean": 0.00476955156773,
        "dmean2": 0.00610464904457,
        "dvar": 0.000146948164911,
        "dvar2": 0.000169148494024,
        "max": 0.51708984375,
        "mean": 0.0563146024942,
        "median": 0.0556640625,
        "min": 0.005859375,
        "var": 0.000223689479753
    },
    "barkbands": {
        "dmean": [1.45132935359e-05, 0.000670807319693, 0.000287445029244, 0.000551975856069, 0.000716904702131, 0.00027585515636, 0.000319056329317, 0.000795440806542, 0.00120694097131, 0.00197713752277, 0.000659801473375, 0.000522440241184, 0.000544662761968, 0.000649687834084, 0.000352328614099, 0.000237814383581, 0.000222965085413, 7.5752272096e-05, 6.3442348619e-05, 2.87073089567e-05, 1.31358492581e-05, 1.31729793793e-05, 1.24591178974e-06, 5.78084950575e-07, 3.02726505197e-07, 3.27384910292e-08, 5.11871700581e-09],
        "dmean2": [2.55992781604e-05, 0.00111329020001, 0.000468224956421, 0.00100414955523, 0.00132063776255, 0.000453701039078, 0.000482638337417, 0.00126509054098, 0.00174059905112, 0.00292602926493, 0.00102974392939, 0.000813548569568, 0.000869405979756, 0.00106181146111, 0.000536852283403, 0.000376119074645, 0.000348472764017, 0.000123459729366, 9.86737868516e-05, 4.65893317596e-05, 2.21821537707e-05, 2.16747102968e-05, 2.07903440241e-06, 1.02826277271e-06, 5.617269494e-07, 5.65892754878e-08, 8.74457573019e-09],
        "dvar": [3.15425491282e-10, 1.40999952691e-06, 5.84103872825e-07, 2.2327192255e-06, 7.00778628016e-07, 1.65735372093e-07, 3.19509723568e-07, 2.81992788587e-06, 1.15046032079e-05, 1.75296991074e-05, 4.6501709221e-06, 1.66596123563e-06, 1.65437256783e-06, 2.49953586717e-06, 8.11365225672e-07, 1.43020344012e-07, 1.07013860884e-07, 1.02677448766e-08, 1.00351300603e-08, 1.84572979123e-09, 1.65917224404e-10, 1.53824786242e-10, 4.40930712081e-12, 2.38457734461e-12, 1.41309197416e-12, 2.03908570733e-15, 6.58082065162e-17],
        "dvar2": [9.06384967081e-10, 3.81192558052e-06, 1.45862270529e-06, 6.74229295328e-06, 2.13849716602e-06, 4.63413329044e-07, 7.30924625714e-07, 6.76702802593e-06, 2.14754854824e-05, 3.51917660737e-05, 8.74254419614e-06, 3.95780307372e-06, 4.36569143858e-06, 6.22733659839e-06, 1.81847860858e-06, 3.39609101729e-07, 2.83969427528e-07, 2.50970515481e-08, 2.42238655801e-08, 5.03036634569e-09, 4.7053583252e-10, 4.32447716525e-10, 1.14046445898e-11, 6.80973940431e-12, 4.08402998919e-12, 5.84562212614e-15, 1.75976560802e-16],
        "max": [0.000234236053075, 0.0231307521462, 0.0137760993093, 0.0284343548119, 0.00946057029068, 0.00587635301054, 0.0136279575527, 0.0251651927829, 0.0729108601809, 0.0701595395803, 0.0791521146894, 0.0236985441297, 0.0242041815072, 0.0333920270205, 0.018258754164, 0.0068053076975, 0.00695704063401, 0.00121803069487, 0.00198732386343, 0.000630128022749, 0.000172964471858, 0.000169128310517, 3.46981723851e-05, 1.90881673916e-05, 1.1529123185e-05, 5.38686435902e-07, 1.48545325374e-07],
        "mean": [1.62134056154e-05, 0.00102758221328, 0.000390391069232, 0.000553271791432, 0.00112515862565, 0.000813722610474, 0.000796297856141, 0.00129174883477, 0.00194181024563, 0.00385489687324, 0.00107020582072, 0.00091453792993, 0.000998122384772, 0.00123970455024, 0.00062014645664, 0.000498650188092, 0.000493881292641, 0.00017107068561, 0.000166202255059, 7.61823685025e-05, 5.57214771106e-05, 4.42043055955e-05, 2.94893220598e-06, 8.27942642445e-07, 2.59857358742e-07, 4.72887826675e-08, 5.88171999993e-09],
        "median": [1.01786145024e-05, 0.00053218746325, 0.000102852936834, 0.000164495533681, 0.000843763002194, 0.000561830238439, 0.000503798539285, 0.00036860149703, 0.000392559188185, 0.001198290498, 0.000435380294221, 0.000306938774884, 0.000289372663246, 0.000419493415393, 0.000206302531296, 0.000301926425891, 0.000313523109071, 0.000123918522149, 8.60421205289e-05, 5.22866102983e-05, 5.03837545693e-05, 3.95892348024e-05, 2.29995521295e-06, 5.36434413334e-07, 9.9119738195e-08, 2.69425637356e-08, 1.8559545012e-09],
        "min": [6.49063203892e-23, 7.22671436305e-23, 1.18921065452e-23, 5.62275992984e-24, 4.88593276324e-23, 7.74550589747e-23, 3.4934635768e-23, 7.635252173e-23, 1.84492755305e-22, 4.11082359687e-23, 3.46359982728e-23, 7.99248625621e-23, 7.6939068212e-23, 8.05621485775e-23, 1.13295774068e-22, 1.30775921985e-22, 2.54546759132e-22, 1.32926886927e-22, 3.53909861218e-22, 1.96212085535e-22, 3.71595794547e-22, 4.18882363882e-22, 8.77485351089e-22, 1.08550431148e-21, 1.15290983788e-21, 1.76082397436e-21, 3.04025306603e-21],
        "var": [3.32326471897e-10, 1.82337885235e-06, 6.98380574704e-07, 1.79985715931e-06, 9.70049313764e-07, 6.78859009895e-07, 9.15528801215e-07, 5.46168303117e-06, 2.78257957689e-05, 6.07567963016e-05, 9.05729302758e-06, 3.44765317095e-06, 3.92551055484e-06, 5.94293669565e-06, 1.73064961473e-06, 3.86895891324e-07, 3.2791243143e-07, 2.57179628704e-08, 4.24056629811e-08, 5.31979837959e-09, 9.55925227863e-10, 5.66987345962e-10, 6.26728009767e-12, 1.60615975815e-12, 8.09266011408e-13, 2.992505781e-15, 9.50275344741e-17]
    },
    "erbbands": {
        "dmean": [0.0187431257218, 0.158596977592, 0.315210938454, 1.10133016109, 2.50265741348, 2.29566788673, 1.64724683762, 2.26222419739, 3.65675234795, 10.7831840515, 14.6429891586, 24.3486614227, 66.6689453125, 27.2433700562, 23.566444397, 18.885887146, 23.4006309509, 34.1309509277, 19.6526279449, 13.1436309814, 11.4079465866, 10.7743577957, 4.05862808228, 3.85321378708, 2.38824820518, 1.23017334938, 0.473556905985, 0.616917252541, 0.435575336218, 0.0802842080593, 0.0319945290685, 0.016483116895, 0.00892314407974, 0.00560069829226, 0.000983660225756, 0.000185450015124, 6.33353702142e-05, 1.72279233084e-05, 2.37289441429e-06, 5.07058439325e-06],
        "dmean2": [0.0301012098789, 0.265918791294, 0.521497011185, 1.95686018467, 4.63255596161, 4.17813682556, 2.8054728508, 3.66280770302, 5.57167100906, 17.7065734863, 22.433423996, 35.7643241882, 100.542373657, 36.8761978149, 38.0858612061, 30.3544502258, 36.7846984863, 55.567943573, 30.4717979431, 20.4319152832, 17.7692565918, 16.8928508759, 6.66714477539, 6.01124811172, 3.81050992012, 1.98202753067, 0.797076821327, 1.03269255161, 0.724577248096, 0.135636419058, 0.0539072677493, 0.0287706498057, 0.0160435792059, 0.0104392766953, 0.00180090940557, 0.000328460970195, 0.000107960724563, 2.96612997772e-05, 3.3833832731e-06, 7.35506546334e-06],
        "dvar": [0.000731863197871, 0.0914965122938, 0.723988592625, 9.35546970367, 15.639881134, 7.97435045242, 7.15045166016, 11.4116182327, 35.6569137573, 517.043945312, 1248.62683105, 4702.65625, 18007.6992188, 6038.58251953, 2257.83422852, 1930.65075684, 2643.22729492, 7731.89501953, 2045.8548584, 552.882324219, 312.016204834, 283.901977539, 26.137638092, 39.7481269836, 12.9088220596, 2.55249404907, 0.245244622231, 0.311912953854, 0.143878504634, 0.0105054797605, 0.00294096511789, 0.00156369328033, 0.000619105412625, 0.000511901162099, 1.1340907804e-05, 9.43097191453e-08, 8.37529423592e-09, 6.63064492201e-10, 1.0385799859e-11, 4.91097926214e-11],
        "dvar2": [0.00182108115405, 0.250921368599, 1.83114027977, 27.3906021118, 49.2462692261, 22.835100174, 20.5237846375, 29.8989105225, 73.8844223022, 1264.19128418, 2807.28588867, 8494.10058594, 39876.4023438, 7852.90771484, 5832.33203125, 4737.76953125, 6792.2578125, 19377.2167969, 4621.94677734, 1276.94262695, 754.074279785, 724.101806641, 65.2886657715, 98.6901779175, 32.5085372925, 6.74919080734, 0.685720860958, 0.901354908943, 0.398649692535, 0.0280050486326, 0.0076126656495, 0.00439749890938, 0.00177978572901, 0.0014844808029, 3.27932211803e-05, 2.74648982668e-07, 2.33068817579e-08, 1.819285389e-09, 2.04004590998e-11, 9.8475297361e-11],
        "max": [0.452142357826, 5.93504238129, 15.8852386475, 63.65417099, 63.9751052856, 38.349609375, 29.4401226044, 52.2261009216, 157.370941162, 380.061828613, 760.173583984, 1311.68139648, 2365.7434082, 2907.06176758, 915.805541992, 812.014221191, 802.643188477, 1868.72033691, 919.387695312, 393.106842041, 270.873809814, 404.841064453, 67.8980865479, 140.305633545, 63.7626991272, 27.6570491791, 6.56422472, 7.65926504135, 4.85224628448, 1.48844659328, 0.896319448948, 0.642431497574, 0.221977338195, 0.194064855576, 0.0387106277049, 0.00364621193148, 0.00139112723991, 0.000315962504828, 6.4383908466e-05, 0.000136829956318],
        "mean": [0.030671549961, 0.230005383492, 0.460898011923, 1.23021245003, 3.57185316086, 3.31111693382, 3.32315039635, 7.58442020416, 10.7347812653, 19.6530342102, 24.9746685028, 43.5200500488, 140.16758728, 55.2085494995, 46.6590881348, 37.7607002258, 49.158367157, 64.8502044678, 40.4074020386, 29.2249832153, 26.8454303741, 24.992231369, 10.4287071228, 9.62560272217, 7.05793476105, 3.58629012108, 1.91259205341, 2.72641444206, 1.56158924103, 0.230803221464, 0.0729569196701, 0.0312257949263, 0.0127290077507, 0.00488129863515, 0.00105003151111, 0.000249435339356, 9.13565745577e-05, 2.37382482737e-05, 1.06377656266e-05, 2.17849956243e-05],
        "median": [0.0150589970872, 0.120961911976, 0.159536808729, 0.402320772409, 2.4902305603, 2.3703725338, 2.05954194069, 5.27217340469, 6.18900537491, 8.56181716919, 6.70879268646, 12.4482116699, 37.0989265442, 21.1812171936, 20.5790805817, 14.4534740448, 15.972943306, 18.0937862396, 18.3895759583, 15.1430721283, 16.8110790253, 14.6296291351, 8.12531852722, 5.53245306015, 3.12409543991, 2.6996884346, 1.73570883274, 2.39337682724, 1.45035982132, 0.201863691211, 0.0557104386389, 0.0223793368787, 0.00854040216655, 0.00190043682232, 0.00054093496874, 0.000169550388819, 4.14960632042e-05, 9.39146593737e-06, 6.98938629284e-06, 1.42243179653e-05],
        "min": [2.76718915399e-21, 1.38073246341e-20, 1.76390934189e-20, 1.83216999856e-20, 1.51827049805e-19, 9.90454562491e-20, 2.22807689587e-19, 7.77469901172e-19, 5.28285308857e-19, 8.90773017275e-19, 2.66866580865e-18, 3.33969808941e-18, 1.81293960675e-18, 2.12155035353e-18, 1.5525863701e-18, 3.29227830643e-18, 3.81043230714e-18, 3.52488418302e-18, 5.37061240207e-18, 5.83585352015e-18, 9.33684169604e-18, 1.45516488395e-17, 9.22395718503e-18, 1.51233299044e-17, 1.64695498077e-17, 1.03891659821e-17, 1.32725132838e-17, 1.52336129324e-17, 1.35394618383e-17, 1.91230260988e-17, 2.26894004206e-17, 1.86067876416e-17, 2.2301968874e-17, 1.36649368654e-17, 8.34346312763e-18, 8.04973708238e-18, 3.03835991457e-18, 1.46540101655e-18, 4.20782900197e-19, 4.22037177424e-20],
        "var": [0.00145167880692, 0.102558173239, 0.826721131802, 8.20812225342, 16.83685112, 9.66133594513, 13.71484375, 61.1208190918, 156.403686523, 1092.34179688, 2375.21166992, 11536.9228516, 71672.6484375, 22923.8984375, 6709.48730469, 4969.23730469, 8258.27734375, 19054.2265625, 4158.81298828, 1597.38024902, 923.472045898, 952.065734863, 80.2489547729, 145.026519775, 67.3173828125, 9.33891010284, 1.2787322998, 1.77316880226, 0.454687863588, 0.0174033008516, 0.0038972441107, 0.00129877228756, 0.000399747426854, 0.000289418007014, 6.71701263855e-06, 8.09662097367e-08, 1.44846969974e-08, 1.11198183994e-09, 9.46408090785e-11, 4.08758832338e-10]
    },
    "gfcc": {
        "mean": [-54.6364898682, 153.642562866, -185.233322144, 30.8654975891, -51.6517524719, -1.41875994205, -12.8368425369, -11.3441410065, -5.56297826767, -8.53389644623, -12.2853765488, -5.249563694, 3.21644663811],
        "cov": [[2576.29736328, 306.771911621, -251.894577026, -451.652557373, 107.371604919, -111.939247131, 147.154312134, 98.824798584, -52.2475547791, -71.3514862061, 50.1677856445, -85.5076522827, -122.868782043], [306.771911621, 189.871841431, 51.4851570129, 16.7947444916, 41.9514846802, 9.40144443512, 58.3563041687, -6.8546128273, 17.0557346344, -25.0944271088, 9.04888629913, -13.4714126587, -3.9902408123], [-251.894577026, 51.4851570129, 213.514480591, 164.172271729, 33.8733558655, 59.6945495605, 0.0342838577926, 5.11902475357, 15.4621915817, 8.2309179306, -23.2345752716, 18.4605236053, 26.4469966888], [-451.652557373, 16.7947444916, 164.172271729, 346.168914795, 2.04968976974, 73.3404388428, -56.102722168, -22.9335651398, 42.1726875305, 6.46258497238, -27.1931800842, 31.5959720612, 74.1326751709], [107.371604919, 41.9514846802, 33.8733558655, 2.04968976974, 115.594207764, 12.9710493088, 23.9980392456, 15.4404344559, 5.88428068161, 8.23936653137, -2.93694543839, 0.0385250747204, -36.0897293091], [-111.939247131, 9.40144443512, 59.6945495605, 73.3404388428, 12.9710493088, 121.335006714, 11.9179439545, -6.72779893875, 3.23560762405, 6.99658107758, 10.5407123566, 3.13313293457, 20.4474220276], [147.154312134, 58.3563041687, 0.0342838577926, -56.102722168, 23.9980392456, 11.9179439545, 91.0994415283, 22.0385169983, -2.94432425499, -11.1391296387, 8.61907863617, -0.614275574684, -15.9847221375], [98.824798584, -6.8546128273, 5.11902475357, -22.9335651398, 15.4404344559, -6.72779893875, 22.0385169983, 71.9499359131, 20.9579849243, 0.479378044605, -6.79018354416, -7.99332809448, 0.7207493186], [-52.2475547791, 17.0557346344, 15.4621915817, 42.1726875305, 5.88428068161, 3.23560762405, -2.94432425499, 20.9579849243, 72.4058303833, 17.2496871948, -12.3814191818, -6.89601373672, 15.9974346161], [-71.3514862061, -25.0944271088, 8.2309179306, 6.46258497238, 8.23936653137, 6.99658107758, -11.1391296387, 0.479378044605, 17.2496871948, 64.3319320679, 15.7210187912, 9.47551250458, -6.3345451355], [50.1677856445, 9.04888629913, -23.2345752716, -27.1931800842, -2.93694543839, 10.5407123566, 8.61907863617, -6.79018354416, -12.3814191818, 15.7210187912, 70.1167068481, 12.6556024551, -4.63575315475], [-85.5076522827, -13.4714126587, 18.4605236053, 31.5959720612, 0.0385250747204, 3.13313293457, -0.614275574684, -7.99332809448, -6.89601373672, 9.47551250458, 12.6556024551, 58.9973869324, 17.4992351532], [-122.868782043, -3.9902408123, 26.4469966888, 74.1326751709, -36.0897293091, 20.4474220276, -15.9847221375, 0.7207493186, 15.9974346161, -6.3345451355, -4.63575315475, 17.4992351532, 67.2363128662]],
        "icov": [[0.000983738689683, -0.00255998992361, 0.0013525870163, 0.000678043288644, -0.000239543413045, -0.00028143383679, 0.00112836493645, -0.00218373467214, 0.00137800746597, -0.000277389626717, 0.000381926132832, -0.000190309510799, 0.000336691533448], [-0.00255998992361, 0.0175418872386, -0.00688255857676, -0.00186263385694, -0.00290181813762, 0.00356471515261, -0.0103578791022, 0.0116394562647, -0.0082288486883, 0.00567038636655, -0.00554185733199, 0.00502385664731, -0.0033026500605], [0.0013525870163, -0.00688255857676, 0.011892221868, -0.00331847718917, -0.000846442591865, -0.00300549645908, 0.0019067437388, -0.00646004453301, 0.00518777454272, -0.00352245243266, 0.00436684768647, -0.00242829346098, 0.00139353238046], [0.000678043288644, -0.00186263385694, -0.00331847718917, 0.00813718698919, -0.00125127006322, -0.00210944097489, 0.00468428665772, 0.000953137234319, -0.00230733049102, 0.00105423072819, 0.00100288621616, -0.00186107319314, -0.00426286133006], [-0.000239543413045, -0.00290181813762, -0.000846442591865, -0.00125127006322, 0.0145249124616, -0.00247730850242, 0.000481761468109, -0.00395312020555, -0.000682493089698, -0.0012481957674, 0.0019401073223, -0.00405425671488, 0.0110430037603], [-0.00028143383679, 0.00356471515261, -0.00300549645908, -0.00210944097489, -0.00247730850242, 0.0125669706613, -0.00555975968018, 0.00384020805359, 0.000106207473436, -0.00058193912264, -0.00403151521459, 0.00469360733405, -0.00488881813362], [0.00112836493645, -0.0103578791022, 0.0019067437388, 0.00468428665772, 0.000481761468109, -0.00555975968018, 0.0224515125155, -0.0100234476849, 0.00265398644842, 0.00118655560073, 0.00168423855212, -0.00612748367712, 0.00411819620058], [-0.00218373467214, 0.0116394562647, -0.00646004453301, 0.000953137234319, -0.00395312020555, 0.00384020805359, -0.0100234476849, 0.0265278220177, -0.0107343858108, 0.0031495206058, -0.00257528922521, 0.00497918156907, -0.00638950290158], [0.00137800746597, -0.0082288486883, 0.00518777454272, -0.00230733049102, -0.000682493089698, 0.000106207473436, 0.00265398644842, -0.0107343858108, 0.0249075423926, -0.0103750899434, 0.0053713908419, 0.00304250372574, -0.00444455351681], [-0.000277389626717, 0.00567038636655, -0.00352245243266, 0.00105423072819, -0.0012481957674, -0.00058193912264, 0.00118655560073, 0.0031495206058, -0.0103750899434, 0.0236902609468, -0.00739475339651, -0.00294348900206, 0.00476481067017], [0.000381926132832, -0.00554185733199, 0.00436684768647, 0.00100288621616, 0.0019401073223, -0.00403151521459, 0.00168423855212, -0.00257528922521, 0.0053713908419, -0.00739475339651, 0.0204731300473, -0.00565083045512, 0.00114863214549], [-0.000190309510799, 0.00502385664731, -0.00242829346098, -0.00186107319314, -0.00405425671488, 0.00469360733405, -0.00612748367712, 0.00497918156907, 0.00304250372574, -0.00294348900206, -0.00565083045512, 0.0249615199864, -0.0100435996428], [0.000336691533448, -0.0033026500605, 0.00139353238046, -0.00426286133006, 0.0110430037603, -0.00488881813362, 0.00411819620058, -0.00638950290158, -0.00444455351681, 0.00476481067017, 0.00114863214549, -0.0100435996428, 0.0321054756641]]
    },
    "melbands": {
        "dmean": [0.000179647700861, 0.000168095415574, 0.000218725399463, 0.000191591927432, 5.6784327171e-05, 5.40318433195e-05, 5.46219562239e-05, 0.000132422384922, 0.000118740899779, 0.000175709123141, 0.000343464023899, 0.000122584460769, 8.60650761751e-05, 5.31079567736e-05, 6.53723836876e-05, 5.48008356418e-05, 6.94509071764e-05, 3.35280419677e-05, 2.76475802821e-05, 1.76275607373e-05, 1.3994422261e-05, 1.43067727549e-05, 6.9273214649e-06, 3.25055702888e-06, 3.60336525773e-06, 2.22262951866e-06, 1.59231660746e-06, 7.50409242301e-07, 2.78786558283e-07, 4.59193188362e-07, 4.50644193961e-07, 3.4939691318e-07, 1.00217008026e-07, 3.21236690581e-08, 2.06459134233e-08, 1.63972284639e-08, 8.50937631469e-09, 5.9701674715e-09, 6.433664268e-09, 4.38615410658e-09],
        "dmean2": [0.000293833028991, 0.000278864434222, 0.000396451738197, 0.000358143035555, 9.65799408732e-05, 8.66155824042e-05, 8.34451784613e-05, 0.000215754043893, 0.000179033653694, 0.000252965692198, 0.000515145191457, 0.000162570577231, 0.000137672221172, 8.26930554467e-05, 0.000106444720586, 8.57112099766e-05, 0.000112891626486, 5.29147146153e-05, 4.24861245847e-05, 2.74178928521e-05, 2.20182409976e-05, 2.23644201469e-05, 1.15029379231e-05, 5.22926848134e-06, 5.64901483813e-06, 3.64517268281e-06, 2.60522438111e-06, 1.22749895581e-06, 4.75886679396e-07, 7.65894469623e-07, 7.52222774736e-07, 5.78613594371e-07, 1.71331805632e-07, 5.3153470958e-08, 3.4761058032e-08, 2.79031713291e-08, 1.49763454971e-08, 1.05560751251e-08, 1.19227490103e-08, 8.19046075407e-09],
        "dvar": [8.35211011463e-08, 1.72712034896e-07, 3.09377242047e-07, 5.0551992814e-08, 8.04825983636e-09, 6.47723519265e-09, 7.45446993022e-09, 7.97073411718e-08, 8.92792115792e-08, 2.63611042328e-07, 4.77079140637e-07, 1.07238108171e-07, 4.04580298152e-08, 1.81516615072e-08, 2.98020843559e-08, 2.24771756763e-08, 3.00477189796e-08, 4.8612109893e-09, 4.40181979755e-09, 8.27502955048e-10, 4.7403170278e-10, 5.27693444496e-10, 7.4206127354e-11, 2.38950803588e-11, 3.79874430523e-11, 1.23463704538e-11, 7.20455509487e-12, 8.57113100113e-13, 9.24982746647e-14, 2.02982541799e-13, 1.71893356211e-13, 1.00412354213e-13, 8.9216481086e-15, 2.71431538541e-15, 1.09582399392e-15, 9.19807371104e-16, 4.78531951766e-16, 1.88757401238e-16, 5.98270752651e-16, 3.26158718428e-16],
        "dvar2": [2.19000000357e-07, 4.46660664011e-07, 9.1806225555e-07, 1.56079721592e-07, 2.25589023017e-08, 1.68329581385e-08, 1.62210405108e-08, 1.95263837099e-07, 1.87273769825e-07, 4.6418639954e-07, 1.04782327526e-06, 1.44710099903e-07, 9.14885660563e-08, 4.20120969125e-08, 8.14481850853e-08, 5.6617327715e-08, 7.28202778078e-08, 1.13742926189e-08, 1.01982244871e-08, 1.86855753093e-09, 1.14618137204e-09, 1.35818267744e-09, 1.92062241111e-10, 5.95788349211e-11, 9.53861017949e-11, 3.11174697121e-11, 1.94617776755e-11, 2.32065191716e-12, 2.5993579034e-13, 5.80051902777e-13, 4.85388476374e-13, 2.81760427706e-13, 2.51478542444e-14, 7.02526415947e-15, 2.84344894635e-15, 2.56273862774e-15, 1.35688770095e-15, 5.39128741752e-16, 1.72705465143e-15, 9.49677035077e-16],
        "max": [0.0054529318586, 0.00770728290081, 0.0112985372543, 0.00257661496289, 0.000910612463485, 0.00121444300748, 0.00200323248282, 0.00412455294281, 0.00654729548842, 0.0107540879399, 0.0118934316561, 0.0114283841103, 0.00581114785746, 0.003066950012, 0.00409726100042, 0.00298040150665, 0.00329373078421, 0.0013487781398, 0.00113490771037, 0.000576667312998, 0.000381213903893, 0.00053538591601, 0.000131205408252, 7.25354911992e-05, 0.00013855274301, 5.71496930206e-05, 3.63215222023e-05, 1.38261875691e-05, 3.37537699124e-06, 5.87790509599e-06, 5.01313434143e-06, 4.18902163801e-06, 1.08577523861e-06, 8.14827842532e-07, 5.60652438253e-07, 4.74620094337e-07, 3.35312563493e-07, 1.37933639621e-07, 2.01784956744e-07, 1.62316624142e-07],
        "mean": [0.000287920032861, 0.000259286112851, 0.000275748257991, 0.000278976658592, 0.000117995063192, 0.000180430724868, 0.000154038745677, 0.000233312763157, 0.000195303655346, 0.000297757098451, 0.000711139058694, 0.000225128489546, 0.000156699446961, 9.86945087789e-05, 0.000116283445095, 9.64481878327e-05, 0.000125964856124, 6.3410072471e-05, 5.07821605424e-05, 3.57030476152e-05, 3.06270339934e-05, 3.00271876768e-05, 1.36934322654e-05, 7.15620808478e-06, 8.03999955679e-06, 5.7201209529e-06, 3.98889505959e-06, 1.95797701963e-06, 7.87914359535e-07, 1.65608753377e-06, 1.75366767508e-06, 1.14377098726e-06, 2.46221475209e-07, 7.12989844942e-08, 3.92262009541e-08, 3.49647599762e-08, 1.20021965699e-08, 8.6062881266e-09, 6.63511201537e-09, 3.35125438511e-09],
        "median": [0.000143164739711, 0.000120141492516, 0.000136073213071, 0.000203728690394, 7.45511206333e-05, 0.000125065707834, 8.95596240298e-05, 9.20672246139e-05, 4.85182536067e-05, 6.87827268848e-05, 0.000187795783859, 7.61000992497e-05, 6.92700850777e-05, 3.59877340088e-05, 3.91435423808e-05, 2.64198897639e-05, 3.28846181219e-05, 3.03257129417e-05, 1.78162426892e-05, 2.21004211198e-05, 1.91136550711e-05, 1.70925613929e-05, 9.87087605608e-06, 4.73333602713e-06, 4.30331374446e-06, 2.61807554125e-06, 1.69614486367e-06, 1.51666893089e-06, 6.97977327491e-07, 1.44258501678e-06, 1.55971099502e-06, 1.03580714494e-06, 2.24775845936e-07, 5.53850085794e-08, 2.84245871285e-08, 2.59548986747e-08, 7.62402763144e-09, 5.88028381543e-09, 3.43049455509e-09, 9.97819937787e-10],
        "min": [2.59081611243e-23, 1.28692890589e-23, 7.03489352539e-24, 9.58155583077e-24, 6.5779829225e-24, 1.62794101121e-23, 8.64045344831e-24, 9.6623667419e-24, 2.52112214472e-23, 2.25441773899e-23, 9.21767007241e-24, 8.4645950533e-24, 4.88124763944e-24, 6.08699628952e-24, 1.11189171507e-23, 6.7069214486e-24, 6.56344539931e-24, 9.51629257922e-24, 7.04875538921e-24, 6.75841355533e-24, 1.17282790678e-23, 1.4501792526e-23, 1.12245598254e-23, 7.24406709416e-24, 1.29794014195e-23, 1.17437999062e-23, 9.76723238862e-24, 5.91769372306e-24, 6.41405328766e-24, 1.02918950992e-23, 8.36408076334e-24, 7.22641317596e-24, 8.93468199988e-24, 1.1242052816e-23, 1.27442869487e-23, 1.37400289929e-23, 1.04539539504e-23, 1.60026729734e-23, 1.27589439843e-23, 1.14324712167e-23],
        "var": [1.32594450974e-07, 1.89740489986e-07, 2.76812357924e-07, 6.47230180562e-08, 1.53043231421e-08, 3.30208855814e-08, 3.03845801852e-08, 1.71071889099e-07, 1.74419739096e-07, 6.44110798476e-07, 1.87750583791e-06, 3.93556490508e-07, 1.01066703451e-07, 4.2560195368e-08, 5.01673085296e-08, 4.36134435233e-08, 7.76438682237e-08, 9.27231891268e-09, 1.01417114706e-08, 2.11535100547e-09, 1.28267685362e-09, 1.51730328302e-09, 1.97418054126e-10, 6.0294408355e-11, 1.19825635525e-10, 4.92071938751e-11, 2.33985036208e-11, 2.66752093504e-12, 3.04463729619e-13, 9.36140271204e-13, 8.21225628733e-13, 3.44122435625e-13, 1.4340164459e-14, 4.09027509196e-15, 1.44174144991e-15, 1.09526844618e-15, 3.43142734872e-16, 1.34136044883e-16, 3.46392641472e-16, 1.8200576779e-16]
    },
    "mfcc": {
        "mean": [-671.844421387, 166.973114014, -61.1235923767, 30.0296859741, -19.3505420685, 15.7822780609, -9.00480651855, 4.54686975479, 8.05398654938, -4.60881614685, -0.527809679508, -1.97737765312, -6.69097137451],
        "cov": [[1743.94421387, 447.256103516, -316.126678467, -194.844345093, -97.5265731812, -173.90335083, 116.377601624, 74.2379302979, -128.72416687, 151.644271851, 18.8650894165, -61.3214530945, -65.1714401245], [447.256103516, 271.479095459, -81.6776885986, -38.4907798767, -39.1116714478, -18.550863266, 51.0108757019, 38.1615638733, -32.7975502014, 45.4011764526, 27.2997913361, -13.7007608414, -20.4263343811], [-316.126678467, -81.6776885986, 245.518096924, 108.401374817, 62.2967796326, 82.6655426025, -12.5631465912, 7.07013177872, 69.0399627686, -43.0776329041, -24.3689746857, 27.0283851624, 6.82361650467], [-194.844345093, -38.4907798767, 108.401374817, 189.640518188, 67.3408889771, 38.9616928101, -37.1711082458, 7.19356870651, 51.4806747437, -24.8841743469, -33.1286621094, 19.4445915222, 19.7164344788], [-97.5265731812, -39.1116714478, 62.2967796326, 67.3408889771, 111.928863525, 47.0114517212, -12.9871301651, 2.11432123184, 28.2576274872, 1.64442574978, -3.97322130203, 18.2036838531, 20.0625133514], [-173.90335083, -18.550863266, 82.6655426025, 38.9616928101, 47.0114517212, 120.691886902, 13.1890039444, 3.91492629051, 20.3250999451, -25.2685222626, 2.93903899193, 21.6652202606, 8.65218162537], [116.377601624, 51.0108757019, -12.5631465912, -37.1711082458, -12.9871301651, 13.1890039444, 90.7008666992, 28.495672226, -31.5678291321, 4.35697364807, 22.5264873505, -6.26672267914, -7.23547077179], [74.2379302979, 38.1615638733, 7.07013177872, 7.19356870651, 2.11432123184, 3.91492629051, 28.495672226, 70.541557312, 14.7290067673, 3.4107465744, -9.52744483948, 3.89599704742, -3.5697312355], [-128.72416687, -32.7975502014, 69.0399627686, 51.4806747437, 28.2576274872, 20.3250999451, -31.5678291321, 14.7290067673, 103.352035522, 12.9528217316, -15.8764839172, 10.1193389893, 4.4046587944], [151.644271851, 45.4011764526, -43.0776329041, -24.8841743469, 1.64442574978, -25.2685222626, 4.35697364807, 3.4107465744, 12.9528217316, 81.1083679199, 25.0870685577, -16.872959137, -11.6140260696], [18.8650894165, 27.2997913361, -24.3689746857, -33.1286621094, -3.97322130203, 2.93903899193, 22.5264873505, -9.52744483948, -15.8764839172, 25.0870685577, 61.1674537659, 4.32423496246, 0.916106700897], [-61.3214530945, -13.7007608414, 27.0283851624, 19.4445915222, 18.2036838531, 21.6652202606, -6.26672267914, 3.89599704742, 10.1193389893, -16.872959137, 4.32423496246, 59.3717956543, 25.4174213409], [-65.1714401245, -20.4263343811, 6.82361650467, 19.7164344788, 20.0625133514, 8.65218162537, -7.23547077179, -3.5697312355, 4.4046587944, -11.6140260696, 0.916106700897, 25.4174213409, 53.4208526611]],
