{
"lowlevel": {
    "average_loudness": 0.980243325233,
    "barkbands_crest": {
        "dmean": 1.63334834576,
        "dmean2": 2.6577064991,
        "dvar": 2.26550245285,
        "dvar2": 5.74418210983,
        "max": 19.2647571564,
        "mean": 6.88782548904,
        "median": 6.42375516891,
        "min": 2.27313327789,
        "var": 7.03462076187
    },
    "barkbands_flatness_db": {
        "dmean": 0.0125282313675,
        "dmean2": 0.0184092335403,
        "dvar": 0.000164644428878,
        "dvar2": 0.000316962687066,
        "max": 0.225365698338,
        "mean": 0.0784368962049,
        "median": 0.0741124004126,
        "min": 0.0105625335127,
        "var": 0.000933748786338
    },
    "barkbands_kurtosis": {
        "dmean": 0.775255978107,
        "dmean2": 1.26212394238,
        "dvar": 0.84323900938,
        "dvar2": 2.13365483284,
        "max": 9.33462238312,
        "mean": 0.653371214867,
        "median": 0.457726597786,
        "min": -1.74866843224,
        "var": 2.27382445335
    },
    "barkbands_skewness": {
        "dmean": 0.275686830282,
        "dmean2": 0.439315468073,
        "dvar": 0.0692917481065,
        "dvar2": 0.165128365159,
        "max": 2.85407304764,
        "mean": 0.988971352577,
        "median": 1.03930449486,
        "min": -2.01677203178,
        "var": 0.286423534155
    },
    "barkbands_spread": {
        "dmean": 4.20083045959,
        "dmean2": 6.38003206253,
        "dvar": 18.7389888763,
        "dvar2": 41.5519180298,
        "max": 61.9482879639,
        "mean": 26.8474273682,
        "median": 26.0858325958,
        "min": 6.64201641083,
        "var": 93.8377761841
    },
    "dissonance": {
        "dmean": 0.0123957311735,
        "dmean2": 0.0208156220615,
        "dvar": 0.000283013825538,
        "dvar2": 0.00070920214057,
        "max": 0.5,
        "mean": 0.476722210646,
        "median": 0.480777144432,
        "min": 0.0809405520558,
        "var": 0.000367638742318
    },
    "dynamic_complexity": 1.72663795948,
    "erbbands_crest": {
        "dmean": 1.90434932709,
        "dmean2": 3.04702115059,
        "dvar": 2.85417151451,
        "dvar2": 6.99776029587,
        "max": 21.5063762665,
        "mean": 7.3554058075,
        "median": 6.76231002808,
        "min": 2.74993872643,
        "var": 8.16383171082
    },
    "erbbands_flatness_db": {
        "dmean": 0.0118046551943,
        "dmean2": 0.0162758380175,
        "dvar": 0.000134225090733,
        "dvar2": 0.000230862511671,
        "max": 0.25836288929,
        "mean": 0.136469587684,
        "median": 0.134031623602,
        "min": 0.0589625015855,
        "var": 0.000864740286488
    },
    "erbbands_kurtosis": {
        "dmean": 0.387176007032,
        "dmean2": 0.622484862804,
        "dvar": 0.135590717196,
        "dvar2": 0.323093414307,
        "max": 4.56867456436,
        "mean": -0.253574132919,
        "median": -0.394471049309,
        "min": -1.40520751476,
        "var": 0.453971534967
    },
    "erbbands_skewness": {
        "dmean": 0.225125059485,
        "dmean2": 0.348359376192,
        "dvar": 0.035127542913,
        "dvar2": 0.0824567228556,
        "max": 1.59414815903,
        "mean": 0.174805492163,
        "median": 0.172397181392,
        "min": -1.93700861931,
        "var": 0.210593655705
    },
    "erbbands_spread": {
        "dmean": 5.04926156998,
        "dmean2": 7.79505157471,
        "dvar": 19.4787521362,
        "dvar2": 47.3525543213,
        "max": 79.8414611816,
        "mean": 38.0162658691,
        "median": 36.7539863586,
        "min": 11.6788034439,
        "var": 118.611557007
    },
    "hfc": {
        "dmean": 5.65928840637,
        "dmean2": 7.81031370163,
        "dvar": 46.6239967346,
        "dvar2": 84.7693710327,
        "max": 96.7195129395,
        "mean": 29.4231891632,
        "median": 24.7652072906,
        "min": 1.26238468501e-16,
        "var": 257.168914795
    },
    "melbands_crest": {
        "dmean": 2.19104337692,
        "dmean2": 3.6161813736,
        "dvar": 4.38609838486,
        "dvar2": 11.6377372742,
        "max": 25.8047199249,
        "mean": 9.68171596527,
        "median": 9.26410007477,
        "min": 2.42883634567,
        "var": 12.491230011
    },
    "melbands_flatness_db": {
        "dmean": 0.0155722592026,
        "dmean2": 0.0236799828708,
        "dvar": 0.000273087469395,
        "dvar2": 0.000581305823289,
        "max": 0.3067753613,
        "mean": 0.136463299394,
        "median": 0.134906634688,
        "min": 0.00821520667523,
        "var": 0.00158739450853
    },
    "melbands_kurtosis": {
        "dmean": 1.87497460842,
        "dmean2": 3.05481529236,
        "dvar": 4.88197755814,
        "dvar2": 13.1658639908,
        "max": 23.8669719696,
        "mean": 4.59245729446,
        "median": 4.17771530151,
        "min": -1.27869474888,
        "var": 11.6505355835
    },
    "melbands_skewness": {
        "dmean": 0.348761588335,
        "dmean2": 0.551535010338,
        "dvar": 0.116250239313,
        "dvar2": 0.304662615061,
        "max": 4.4058713913,
        "mean": 1.82308292389,
        "median": 1.79843020439,
        "min": -0.0751661062241,
        "var": 0.413994550705
    },
    "melbands_spread": {
        "dmean": 5.67545080185,
        "dmean2": 8.93428516388,
        "dvar": 38.072052002,
        "dvar2": 82.860168457,
        "max": 144.695053101,
        "mean": 31.243396759,
        "median": 27.6432647705,
        "min": 7.61928653717,
        "var": 170.813171387
    },
    "pitch_salience": {
        "dmean": 0.0482290834188,
        "dmean2": 0.080009996891,
        "dvar": 0.00160515948664,
        "dvar2": 0.00413409713656,
        "max": 0.921058416367,
        "mean": 0.627794742584,
        "median": 0.630374729633,
        "min": 0.372285932302,
        "var": 0.00469041476026
    },
    "silence_rate_20dB": {
        "dmean": 0,
        "dmean2": 0,
        "dvar": 0,
        "dvar2": 0,
        "max": 1,
        "mean": 1,
        "median": 1,
        "min": 1,
        "var": 0
    },
    "silence_rate_30dB": {
        "dmean": 0,
        "dmean2": 0,
        "dvar": 0,
        "dvar2": 0,
        "max": 1,
        "mean": 1,
        "median": 1,
        "min": 1,
        "var": 0
    },
    "silence_rate_60dB": {
        "dmean": 0.000515729770996,
        "dmean2": 0.00103199179284,
        "dvar": 0.000515436171554,
        "dvar2": 0.00103093462531,
        "max": 1,
        "mean": 0.00103092787322,
        "median": 0,
        "min": 0,
        "var": 0.00102987512946
    },
    "spectral_centroid": {
        "dmean": 192.131088257,
        "dmean2": 297.528320312,
        "dvar": 72597.96875,
        "dvar2": 104412.25,
        "max": 10886.2070312,
        "mean": 1518.125,
        "median": 1438.05187988,
        "min": 513.313232422,
        "var": 270198.6875
    },
    "spectral_complexity": {
        "dmean": 3.31717371941,
        "dmean2": 5.21259021759,
        "dvar": 8.50332260132,
        "dvar2": 17.5472183228,
        "max": 54,
        "mean": 29.2737121582,
        "median": 29,
        "min": 0,
        "var": 39.452419281
    },
    "spectral_decrease": {
        "dmean": 1.56012924801e-09,
        "dmean2": 2.4484181349e-09,
        "dvar": 4.57038505618e-18,
        "dvar2": 1.11198303336e-17,
        "max": 1.18454200859e-28,
        "mean": -6.94589985528e-09,
        "median": -6.67040911395e-09,
        "min": -3.31051346336e-08,
        "var": 1.40936141189e-17
    },
    "spectral_energy": {
        "dmean": 0.00621584011242,
        "dmean2": 0.00964798685163,
        "dvar": 6.98217991157e-05,
        "dvar2": 0.000167102945852,
        "max": 0.130475923419,
        "mean": 0.0288842450827,
        "median": 0.0275498423725,
        "min": 1.1003125812e-20,
        "var": 0.00022968131816
    },
    "spectral_energyband_high": {
        "dmean": 0.000413207424572,
        "dmean2": 0.000572001037654,
        "dvar": 3.54103320888e-07,
        "dvar2": 6.90663455316e-07,
        "max": 0.0100451670587,
        "mean": 0.00151084212121,
        "median": 0.00112082343549,
        "min": 8.25285932742e-21,
        "var": 2.1320547603e-06
    },
    "spectral_energyband_low": {
        "dmean": 0.00142253621016,
        "dmean2": 0.0024080388248,
        "dvar": 2.85863497993e-05,
        "dvar2": 7.75568623794e-05,
        "max": 0.0680561065674,
        "mean": 0.00284442678094,
        "median": 0.00186128751375,
        "min": 1.09681629918e-22,
        "var": 2.24825671467e-05
    },
    "spectral_energyband_middle_high": {
        "dmean": 0.00168048625346,
        "dmean2": 0.00260955630802,
        "dvar": 2.83670942736e-06,
        "dvar2": 6.78316882841e-06,
        "max": 0.0287747457623,
        "mean": 0.00766419200227,
        "median": 0.00689702946693,
        "min": 1.32410714411e-21,
        "var": 1.13830246846e-05
    },
    "spectral_energyband_middle_low": {
        "dmean": 0.0048666736111,
        "dmean2": 0.00763507559896,
        "dvar": 3.15510551445e-05,
        "dvar2": 7.11887696525e-05,
        "max": 0.0549492947757,
        "mean": 0.017709447071,
        "median": 0.0170140229166,
        "min": 2.90874725207e-22,
        "var": 0.000127877516206
    },
    "spectral_entropy": {
        "dmean": 0.10019941628,
        "dmean2": 0.144999459386,
        "dvar": 0.010394603014,
        "dvar2": 0.0181047543883,
        "max": 9.80105209351,
        "mean": 7.74993181229,
        "median": 7.77007961273,
        "min": 6.66869163513,
        "var": 0.0617953911424
    },
    "spectral_flux": {
        "dmean": 0.0153882978484,
        "dmean2": 0.0247074849904,
        "dvar": 0.000336615194101,
        "dvar2": 0.000721170508768,
        "max": 0.268314093351,
        "mean": 0.0777444317937,
        "median": 0.0711984634399,
        "min": 1.04895786501e-10,
        "var": 0.000961983867455
    },
    "spectral_kurtosis": {
        "dmean": 1.0002964735,
        "dmean2": 1.71870744228,
        "dvar": 1.70194137096,
        "dvar2": 5.08730077744,
        "max": 23.4692306519,
        "mean": 3.82925438881,
        "median": 3.46132588387,
        "min": -1.16246402264,
        "var": 3.652520895
    },
    "spectral_rms": {
        "dmean": 0.000542667752597,
        "dmean2": 0.000829240714666,
        "dvar": 3.99298613729e-07,
        "dvar2": 8.71768236266e-07,
        "max": 0.0112824458629,
        "mean": 0.0051260557957,
        "median": 0.00518438965082,
        "min": 3.27639391312e-12,
        "var": 1.90326375105e-06
    },
    "spectral_rolloff": {
        "dmean": 436.462188721,
        "dmean2": 693.840942383,
        "dvar": 448529.5625,
        "dvar2": 821529.9375,
        "max": 18992.2851562,
        "mean": 1993.82543945,
        "median": 1798.02246094,
        "min": 387.59765625,
        "var": 1237547.375
    },
    "spectral_skewness": {
        "dmean": 0.142208099365,
        "dmean2": 0.236018121243,
        "dvar": 0.0184512417763,
        "dvar2": 0.0486544519663,
        "max": 3.15347337723,
        "mean": 1.46167063713,
        "median": 1.43089747429,
        "min": 0.00864845048636,
        "var": 0.0788899362087
    },
    "spectral_spread": {
        "dmean": 418369.21875,
        "dmean2": 601976.1875,
        "dvar": 747767529472,
        "dvar2": 1.30139802829e+12,
        "max": 39929960,
        "mean": 4614031.5,
        "median": 4557143,
        "min": 1682934.25,
        "var": 2.2836716503e+12
    },
    "spectral_strongpeak": {
        "dmean": 0.590955972672,
        "dmean2": 1.00858676434,
        "dvar": 0.585430979729,
        "dvar2": 1.38887190819,
        "max": 6.63284730911,
        "mean": 1.22217011452,
        "median": 0.858840465546,
        "min": 0,
        "var": 1.18587470055
    },
    "zerocrossingrate": {
        "dmean": 0.0099361082539,
        "dmean2": 0.0114804040641,
        "dvar": 0.000229401281103,
        "dvar2": 0.000265874434263,
        "max": 0.51025390625,
        "mean": 0.0792435184121,
        "median": 0.0751953125,
        "min": 0.005859375,
        "var": 0.000975661736447
    },
    "barkbands": {
        "dmean": [0.000131533044623, 0.000639606965706, 0.000727938779164, 0.00114387075882, 0.002344714012, 0.00158445758279, 0.0010808405932, 0.00124106951989, 0.000713777262717, 0.000748038117308, 0.000619913334958, 0.00049557298189, 0.000283014785964, 0.000320044113323, 0.000345540000126, 0.000387034669984, 0.00025256574736, 0.000169811974047, 0.000136632763315, 0.000111152854515, 0.000141815849929, 0.000111106346594, 7.74346044636e-05, 6.7430875788e-05, 5.30029683432e-05, 5.91027928749e-05, 3.3760756196e-05],
        "dmean2": [0.000225735333515, 0.00104480353184, 0.0013179956004, 0.00190846272744, 0.00365738081746, 0.0025729984045, 0.00173468270805, 0.00193129177205, 0.00109421974048, 0.00118783407379, 0.000978508265689, 0.000803779286798, 0.000445612706244, 0.000533776008524, 0.000560720742214, 0.000610555172898, 0.000403551151976, 0.000277048035059, 0.00022073200671, 0.000176785542862, 0.000219279623707, 0.000177333204192, 0.000118037649372, 9.97496536002e-05, 7.5432122685e-05, 8.85550616658e-05, 5.28003620275e-05],
        "dvar": [1.71809489302e-07, 3.48621870216e-06, 9.92480272544e-06, 2.9942857509e-06, 8.52834727993e-06, 4.80725839225e-06, 3.07563618662e-06, 4.1727844291e-06, 1.22548328818e-06, 9.45357726323e-07, 9.0730611646e-07, 6.62624984216e-07, 1.94219680338e-07, 1.89641269799e-07, 1.64960042071e-07, 1.88322800909e-07, 1.04004939772e-07, 2.39230644183e-07, 3.78822200275e-08, 1.84257533675e-08, 5.21288860966e-08, 2.58840504586e-08, 1.40705944673e-08, 1.28595498694e-08, 8.22235968201e-09, 1.95404439296e-08, 8.45152126061e-09],
        "dvar2": [4.84154384139e-07, 8.79188974068e-06, 2.85714322672e-05, 8.73789758771e-06, 2.09701374843e-05, 1.11982153612e-05, 7.2364468906e-06, 9.22319304664e-06, 2.45153910328e-06, 2.41826205638e-06, 2.14079113903e-06, 1.48756760154e-06, 4.20053908101e-07, 5.17416083312e-07, 4.16983596097e-07, 4.38262588887e-07, 2.32243763776e-07, 6.32478986518e-07, 8.95873526474e-08, 4.7398525993e-08, 1.13697730342e-07, 6.6742842364e-08, 3.23130997515e-08, 2.89280279731e-08, 1.72206409133e-08, 4.28176107903e-08, 1.94676541554e-08],
        "max": [0.00876033026725, 0.028148598969, 0.0349019095302, 0.0206392481923, 0.0384449958801, 0.0307961553335, 0.0205675885081, 0.0316707454622, 0.0255727693439, 0.0135045908391, 0.0160173829645, 0.0133848991245, 0.00944537390023, 0.00740262307227, 0.00766979204491, 0.00800133310258, 0.00615784106776, 0.0119156679139, 0.00334287015721, 0.0021130759269, 0.00521812867373, 0.00322455936112, 0.00193210167345, 0.0023989288602, 0.00173987983726, 0.00113218394108, 0.000796203152277],
        "mean": [0.000165130972164, 0.00134214840364, 0.00106389494613, 0.001791162882, 0.00594474701211, 0.0032175895758, 0.00194431713317, 0.00245409854688, 0.00150390248746, 0.0015536431456, 0.00111344701145, 0.000971055589616, 0.000547084317077, 0.000619293015916, 0.000769660808146, 0.000907816574909, 0.000608020403888, 0.000391634937841, 0.000353718118276, 0.000277160434052, 0.000414334324887, 0.000342302781064, 0.000196850363864, 0.000156269758008, 0.000116824929137, 8.45041213324e-05, 3.36091325153e-05],
        "median": [7.48289603507e-05, 0.000951560679823, 0.000548398471437, 0.00102308415808, 0.00487948674709, 0.00163271662313, 0.00105338485446, 0.00101471832022, 0.000958438264206, 0.00105543690734, 0.000686571584083, 0.000593685894273, 0.000367213709978, 0.000436137896031, 0.000579370651394, 0.000672443944495, 0.000448744627647, 0.000261968409177, 0.000268158561084, 0.000226054660743, 0.000314491626341, 0.000270405726042, 0.000110253233288, 6.46468251944e-05, 4.30533618783e-05, 2.91440956062e-05, 2.61999366558e-06],
        "min": [6.4303554927e-24, 4.48083217803e-23, 3.30056941498e-23, 4.0739888413e-23, 1.80491659104e-23, 9.46687359895e-24, 6.57335641106e-23, 9.15617347391e-23, 6.32697432444e-23, 2.68302385483e-23, 5.00098812627e-23, 8.64776965989e-23, 8.34494110451e-23, 1.37420983328e-22, 6.87301626997e-23, 2.20568866492e-22, 1.19425740794e-22, 2.51579834335e-22, 1.90984436844e-22, 2.18817267116e-22, 4.49575439713e-22, 5.72954093083e-22, 8.07519522979e-22, 9.48438908784e-22, 1.08463734704e-21, 1.58994322224e-21, 2.90102318047e-21],
        "var": [1.52013015509e-07, 3.61006209459e-06, 6.00123348704e-06, 4.76499371871e-06, 2.37281037698e-05, 1.48673880176e-05, 6.25203529125e-06, 1.30012795125e-05, 4.1218017941e-06, 2.40194526668e-06, 1.85742669601e-06, 1.56591499945e-06, 4.26876908932e-07, 3.77818508923e-07, 4.52346768043e-07, 7.72223017975e-07, 3.19390636605e-07, 2.68816819471e-07, 1.08673788191e-07, 4.72823273867e-08, 2.11851101994e-07, 1.22487577414e-07, 5.3839318781e-08, 5.2070525669e-08, 3.16415302848e-08, 2.51023006825e-08, 8.99341134897e-09]
    },
    "erbbands": {
        "dmean": [0.0180776417255, 0.159636408091, 0.754138171673, 1.89799487591, 9.18332004547, 6.34418058395, 3.02714371681, 15.4501161575, 20.3641929626, 12.8088092804, 30.8145065308, 14.224199295, 28.7588787079, 17.0773105621, 18.4622306824, 21.2909107208, 13.9585371017, 14.8802061081, 13.4285163879, 25.417596817, 17.5729541779, 13.3208856583, 9.33969211578, 6.63471603394, 6.98849534988, 5.50398397446, 6.89097929001, 4.4739575386, 3.80037999153, 2.69393277168, 2.49790525436, 1.64729881287, 0.977301418781, 0.703043282032, 0.331173837185, 0.134513124824, 0.12603096664, 0.0712904110551, 0.00334194349125, 5.6037264585e-05],
        "dmean2": [0.0306825488806, 0.258297234774, 1.34770154953, 3.23445415497, 14.3797969818, 10.0469169617, 5.14593172073, 24.9353637695, 32.5372581482, 20.5359363556, 47.9630775452, 22.0897331238, 44.8136138916, 27.2858161926, 29.059753418, 35.1084442139, 22.0852298737, 24.5315475464, 22.5318222046, 41.3242073059, 27.2916927338, 21.4892292023, 15.057762146, 10.7677164078, 11.0941762924, 8.68490600586, 10.8286361694, 6.94465637207, 5.96239185333, 4.21992826462, 3.81936526299, 2.45547223091, 1.44745957851, 1.03003251553, 0.49335321784, 0.209648117423, 0.188767760992, 0.106274262071, 0.00520082050934, 8.3672843175e-05],
        "dvar": [0.00162691355217, 0.257392197847, 10.5329885483, 15.0670642853, 131.024597168, 106.592842102, 19.1396923065, 493.631469727, 956.086975098, 719.162536621, 2795.18457031, 649.2890625, 1239.75561523, 770.765197754, 614.565185547, 1240.42382812, 429.236816406, 404.441009521, 333.320404053, 938.412719727, 527.315246582, 358.106811523, 525.733093262, 192.562286377, 139.145904541, 46.7015190125, 138.211013794, 39.1547584534, 25.1904087067, 14.9715938568, 18.3470726013, 8.91229438782, 2.47396063805, 1.45845389366, 0.356027901173, 0.0604776106775, 0.0942091941833, 0.0342969819903, 8.75058030942e-05, 1.96219591686e-08],
        "dvar2": [0.00444109318778, 0.642135620117, 29.9182758331, 43.5081863403, 332.630279541, 262.22277832, 47.9076843262, 1142.2689209, 2139.91040039, 1866.32592773, 6414.12792969, 1319.75634766, 3096.18847656, 1716.52575684, 1451.51379395, 2992.01074219, 940.222900391, 1072.29711914, 899.04498291, 2318.9543457, 1112.93383789, 800.406066895, 1316.00915527, 510.591400146, 321.500366211, 117.477470398, 299.515533447, 93.0190048218, 63.6944580078, 37.068069458, 42.3675003052, 21.4820365906, 5.47380304337, 3.14893102646, 0.766751766205, 0.140720173717, 0.210273399949, 0.075405344367, 0.000202060997253, 4.37618830063e-08],
        "max": [0.580876410007, 7.35936117172, 36.9986419678, 44.6558685303, 103.424781799, 196.648147583, 112.271217346, 342.740631104, 372.175384521, 456.108337402, 795.601379395, 681.747741699, 642.046508789, 551.1796875, 388.759674072, 687.2578125, 426.231811523, 315.770904541, 226.80708313, 490.697692871, 542.639648438, 403.537536621, 452.696136475, 389.529907227, 199.120666504, 106.391700745, 296.683044434, 146.044692993, 98.5237121582, 69.7640380859, 83.4833755493, 78.2336730957, 18.440114975, 18.4535446167, 11.1231336594, 2.63941907883, 2.87673306465, 1.62450098991, 0.0796363353729, 0.00123122613877],
        "mean": [0.0332988016307, 0.32162463665, 1.23832702637, 3.26033949852, 21.6009273529, 14.6994905472, 7.38197803497, 31.1483974457, 37.8367652893, 26.9601650238, 60.5845222473, 34.0405540466, 60.9341316223, 38.8635978699, 39.2524719238, 41.6776123047, 29.9638900757, 31.6115722656, 28.8813171387, 55.4980010986, 48.5553894043, 34.3638648987, 24.5977630615, 17.2901573181, 17.0864715576, 14.7908124924, 18.3871631622, 13.4202718735, 11.6855306625, 7.77101707458, 6.22144317627, 3.95973086357, 2.08942294121, 1.40059149265, 0.716152489185, 0.233554303646, 0.172883599997, 0.0806955695152, 0.0033057583496, 9.2429923825e-05],
        "median": [0.0239357315004, 0.208380639553, 0.553456306458, 2.27412939072, 17.0813484192, 10.1091423035, 6.14231061935, 15.1701641083, 18.7409362793, 17.3873577118, 24.6247444153, 21.5646705627, 41.6757621765, 26.5362358093, 26.6758365631, 25.07421875, 20.7363433838, 21.9546356201, 20.8700275421, 41.030456543, 33.3319091797, 26.5242919922, 15.5805692673, 14.9033679962, 11.0563106537, 12.2141914368, 13.3771438599, 10.4490318298, 10.0237731934, 5.7317199707, 2.8536157608, 1.70526123047, 0.921211838722, 0.494584560394, 0.285590678453, 0.115686237812, 0.0542247742414, 0.011623297818, 0.000287567585474, 4.29852443631e-05],
        "min": [1.03961658817e-21, 1.09252448186e-20, 3.4705480586e-20, 1.11416510996e-19, 6.02443588811e-20, 4.96605086265e-20, 1.36145863815e-19, 5.68390113956e-20, 4.14482446417e-19, 2.13799759924e-18, 1.83546414842e-18, 1.17640871915e-18, 7.63537232826e-19, 1.28111220711e-18, 2.75351510075e-18, 3.28752594702e-18, 4.29317077673e-18, 6.89580896093e-18, 4.21109171249e-18, 6.62589909987e-18, 1.15121711971e-17, 6.59546712514e-18, 1.0398412207e-17, 1.58800926314e-17, 8.28969638782e-18, 1.01252316738e-17, 1.15984701232e-17, 2.14387132606e-17, 1.97974214891e-17, 2.1852015708e-17, 2.2316083884e-17, 1.79320911575e-17, 1.87848465402e-17, 1.18556405757e-17, 7.30002193419e-18, 6.17771899551e-18, 3.10209128563e-18, 1.50203281338e-18, 3.86090040577e-19, 4.30294378642e-20],
        "var": [0.00176724093035, 0.248335957527, 6.82509803772, 15.5024690628, 387.429046631, 263.613342285, 39.4673538208, 1620.77539062, 2293.0871582, 1148.89562988, 8311.24023438, 2222.96337891, 3318.08276367, 1752.90405273, 1819.99780273, 2697.14379883, 1043.98364258, 873.969177246, 675.93951416, 2428.26782227, 2934.18188477, 1065.09802246, 839.622924805, 233.227508545, 392.553833008, 135.317398071, 462.392944336, 170.184448242, 118.32585144, 65.1802749634, 75.1282501221, 34.8894271851, 7.55335044861, 4.38226413727, 1.26726019382, 0.10145098716, 0.116645619273, 0.0403119809926, 9.16785720619e-05, 2.3188698961e-08]
    },
    "gfcc": {
        "mean": [53.6350021362, 76.7645645142, -126.384635925, 22.0124073029, -64.1804733276, 7.55098581314, -39.5638847351, 3.9842402935, -24.4238758087, 1.88291096687, -26.1554832458, 3.93516659737, -11.7575387955],
        "cov": [[2411.1418457, -682.790771484, 372.418182373, -51.7804336548, -154.075531006, 16.9605922699, -71.4645385742, 55.1961593628, -89.9646606445, 62.8635215759, -58.2675285339, 12.6807966232, -161.537765503], [-682.790771484, 981.940124512, -273.607086182, 26.706199646, 100.465690613, -9.02446269989, 61.2454109192, -21.7635440826, 70.2532196045, -89.3447036743, 54.1903076172, -68.1211471558, 61.1907463074], [372.418182373, -273.607086182, 313.887390137, -27.0476894379, 9.81395244598, 24.1252098083, -7.04641866684, 31.3259963989, -10.1692867279, 24.3308639526, -15.0268945694, 12.673409462, -50.4480323792], [-51.7804336548, 26.706199646, -27.0476894379, 169.26348877, 2.54493570328, 44.8927688599, -17.8743648529, 12.2490634918, 11.8839797974, 2.30123090744, 11.5090055466, -6.57682704926, 23.4749641418], [-154.075531006, 100.465690613, 9.81395244598, 2.54493570328, 143.717987061, -9.06753349304, 17.9206504822, 8.11713600159, 21.5165309906, -4.72697639465, 6.39268159866, 2.73783183098, 2.27500796318], [16.9605922699, -9.02446269989, 24.1252098083, 44.8927688599, -9.06753349304, 101.505973816, 10.4204721451, 26.7073974609, 4.25881671906, 2.52955961227, 10.8275346756, -16.5865039825, 2.52492237091], [-71.4645385742, 61.2454109192, -7.04641866684, -17.8743648529, 17.9206504822, 10.4204721451, 66.6456298828, 17.1965236664, 5.74479722977, -7.8863067627, 6.61909389496, -0.492222905159, -3.7920229435], [55.1961593628, -21.7635440826, 31.3259963989, 12.2490634918, 8.11713600159, 26.7073974609, 17.1965236664, 69.9078674316, 3.88060450554, 5.51293373108, 11.6431951523, 4.72718477249, -2.17505550385], [-89.9646606445, 70.2532196045, -10.1692867279, 11.8839797974, 21.5165309906, 4.25881671906, 5.74479722977, 3.88060450554, 56.8823661804, 8.15505409241, 14.7830247879, -3.51463127136, 11.0325365067], [62.8635215759, -89.3447036743, 24.3308639526, 2.30123090744, -4.72697639465, 2.52955961227, -7.8863067627, 5.51293373108, 8.15505409241, 54.1801300049, 5.48339653015, 13.8819055557, -5.93329334259], [-58.2675285339, 54.1903076172, -15.0268945694, 11.5090055466, 6.39268159866, 10.8275346756, 6.61909389496, 11.6431951523, 14.7830247879, 5.48339653015, 57.6981544495, 0.65317261219, 7.80373287201], [12.6807966232, -68.1211471558, 12.673409462, -6.57682704926, 2.73783183098, -16.5865039825, -0.492222905159, 4.72718477249, -3.51463127136, 13.8819055557, 0.65317261219, 56.2639503479, 12.7066555023], [-161.537765503, 61.1907463074, -50.4480323792, 23.4749641418, 2.27500796318, 2.52492237091, -3.7920229435, -2.17505550385, 11.0325365067, -5.93329334259, 7.80373287201, 12.7066555023, 57.9605712891]],
        "icov": [[0.000689682958182, 0.000119158554298, -0.00041799765313, -2.75888687611e-05, 0.000566883245483, 4.82695686514e-05, 0.000571305863559, -0.000529110780917, 0.00032572686905, -0.00011140958668, 0.000194124033442, -0.000147912840475, 0.00136977469083], [0.000119158554298, 0.00222077709623, 0.00127200502902, 2.84477755486e-05, -0.00101409084164, 0.000287791073788, -0.00106638227589, 0.000248395284871, -0.00166948675178, 0.00248578749597, -0.00125427125022, 0.00192202429753, -0.000630256778095], [-0.00041799765313, 0.00127200502902, 0.00548330368474, 0.000805061194114, -0.00162461982109, -0.00152915623039, 0.00047390605323, -0.00112165918108, -0.00136568991002, 0.000819270149805, 0.000229330980801, -0.000637177785393, 0.00251058489084], [-2.75888687611e-05, 2.84477755486e-05, 0.000805061194114, 0.0077486988157, -0.000639375473838, -0.00354767497629, 0.00305608054623, -0.000992171466351, -0.000760691007599, -0.000121101737022, -0.000317891215673, 0.000320127583109, -0.00209719059058], [0.000566883245483, -0.00101409084164, -0.00162461982109, -0.000639375473838, 0.00891702994704, 0.00141402683221, -0.000978709897026, -0.0011000984814, -0.00183795008343, -0.000139005482197, 0.000601320352871, -0.00143457285594, 0.00154767895583], [4.82695686514e-05, 0.000287791073788, -0.00152915623039, -0.00354767497629, 0.00141402683221, 0.0143234664574, -0.00309356558137, -0.00366932246834, 0.000432826782344, -0.00094181887107, -0.00143764552195, 0.00549148302525, -0.0022720831912], [0.000571305863559, -0.00106638227589, 0.00047390605323, 0.00305608054623, -0.000978709897026, -0.00309356558137, 0.0200100243092, -0.00494047021493, -0.000679510470945, 0.00202748156153, -6.77646821714e-05, -0.00292901764624, 0.00417783856392], [-0.000529110780917, 0.000248395284871, -0.00112165918108, -0.000992171466351, -0.0011000984814, -0.00366932246834, -0.00494047021493, 0.0188630502671, -0.000349873444065, -0.000262223737082, -0.00303751183674, -0.00182382867206, -0.000875095720403], [0.00032572686905, -0.00166948675178, -0.00136568991002, -0.000760691007599, -0.00183795008343, 0.000432826782344, -0.000679510470945, -0.000349873444065, 0.0234101768583, -0.00694712018594, -0.00292633962817, 0.00236676656641, -0.00350659620017], [-0.00011140958668, 0.00248578749597, 0.000819270149805, -0.000121101737022, -0.000139005482197, -0.00094181887107, 0.00202748156153, -0.000262223737082, -0.00694712018594, 0.025691376999, -0.00327206659131, -0.00491268653423, 0.00346646900289], [0.000194124033442, -0.00125427125022, 0.000229330980801, -0.000317891215673, 0.000601320352871, -0.00143764552195, -6.77646821714e-05, -0.00303751183674, -0.00292633962817, -0.00327206659131, 0.0207489728928, -0.00143367995042, -0.000143083409057], [-0.000147912840475, 0.00192202429753, -0.000637177785393, 0.000320127583109, -0.00143457285594, 0.00549148302525, -0.00292901764624, -0.00182382867206, 0.00236676656641, -0.00491268653423, -0.00143367995042, 0.0257606990635, -0.00997648574412], [0.00136977469083, -0.000630256778095, 0.00251058489084, -0.00209719059058, 0.00154767895583, -0.0022720831912, 0.00417783856392, -0.000875095720403, -0.00350659620017, 0.00346646900289, -0.000143083409057, -0.00997648574412, 0.0282781068236]]
    },
    "melbands": {
        "dmean": [0.000163445496582, 0.000318163685733, 0.000564669899177, 0.000590542738792, 0.000123235004139, 0.000356926117092, 0.000283466884866, 0.00015636284661, 0.000237444328377, 9.43922859733e-05, 0.000145587633597, 6.80702796672e-05, 8.12529397081e-05, 5.7047142036e-05, 3.69346307707e-05, 3.18333950418e-05, 2.89345571218e-05, 2.29533379752e-05, 2.72154047707e-05, 2.98931681755e-05, 2.21331592911e-05, 1.60983945534e-05, 1.06522411443e-05, 7.85497832112e-06, 5.74507112105e-06, 5.54378038942e-06, 5.10506424689e-06, 3.91052708437e-06, 5.33780576006e-06, 3.39597772836e-06, 2.69931979346e-06, 2.2881527002e-06, 3.08309154207e-06, 1.3008049109e-06, 1.86805118574e-06, 1.1410809293e-06, 1.08850110792e-06, 8.18092757982e-07, 5.86891644616e-07, 6.6134748522e-07],
        "dmean2": [0.000269524578471, 0.000550969096366, 0.000924053718336, 0.000928417197429, 0.000200503753149, 0.000576424121391, 0.000454402616015, 0.000246459618211, 0.000369702669559, 0.000145298210555, 0.000227290060138, 0.000109842148959, 0.000127912499011, 9.27915534703e-05, 6.05950990575e-05, 5.13438862981e-05, 4.77432040498e-05, 3.89543201891e-05, 4.39401665062e-05, 4.83010298922e-05, 3.44519648934e-05, 2.6341936973e-05, 1.70243129105e-05, 1.2947036339e-05, 9.4393535619e-06, 9.06706100068e-06, 8.10369238025e-06, 6.26732526143e-06, 8.42081590235e-06, 5.43567921341e-06, 4.22103221354e-06, 3.61819434147e-06, 4.97253404319e-06, 2.03410968425e-06, 2.93518519356e-06, 1.72680427113e-06, 1.67503276316e-06, 1.2370666127e-06, 8.90237629392e-07, 9.90265448308e-07],
        "dvar": [1.77182784e-07, 1.7529591787e-06, 6.66755738621e-07, 5.57374221444e-07, 4.17449292911e-08, 2.49106165029e-07, 1.73086817767e-07, 8.20624421749e-08, 1.62134938364e-07, 2.76401532773e-08, 3.19343129718e-08, 1.23481171954e-08, 1.30970727596e-08, 1.06059232508e-08, 2.36243913321e-09, 2.70743516495e-09, 1.62801661041e-09, 1.15416365354e-09, 1.02102737376e-09, 1.20051957264e-09, 8.37917790708e-10, 5.5533611043e-10, 4.84455919825e-10, 6.2785304733e-10, 1.10932776853e-10, 6.48397585623e-11, 7.07594746685e-11, 2.19933724011e-11, 1.06976164038e-10, 2.56127879322e-11, 1.21355347646e-11, 9.57410973418e-12, 3.05584064997e-11, 3.13218027903e-12, 1.16654142943e-11, 3.8742598539e-12, 4.07194980859e-12, 1.6848869305e-12, 1.20744028925e-12, 1.39775528391e-12],
        "dvar2": [4.56287125417e-07, 4.82283985548e-06, 1.90955233847e-06, 1.39496239626e-06, 9.3756170827e-08, 5.7616301774e-07, 3.88615887914e-07, 2.00793564886e-07, 3.80815777135e-07, 5.43971907518e-08, 7.99363633064e-08, 2.7281195969e-08, 3.15251185157e-08, 2.29975380961e-08, 5.78182879352e-09, 5.95145221993e-09, 4.29647295519e-09, 3.19300563767e-09, 2.56426413436e-09, 3.04898661874e-09, 1.77635339771e-09, 1.22699861382e-09, 1.1425765889e-09, 1.70917113795e-09, 2.9292354653e-10, 1.70211261752e-10, 1.70574512848e-10, 5.68537404655e-11, 2.41297731796e-10, 6.13594869359e-11, 3.00324591584e-11, 2.45831219964e-11, 8.15195827508e-11, 7.39646538461e-12, 2.74677312145e-11, 8.6197759e-12, 1.05428348343e-11, 3.93918881889e-12, 2.67626784449e-12, 3.08254160045e-12],
        "max": [0.00639603100717, 0.015402700752, 0.00905626639724, 0.00878028851002, 0.0064623891376, 0.00713531160727, 0.00485737156123, 0.0041668578051, 0.0054523027502, 0.00381008326076, 0.00315332389437, 0.0020292843692, 0.00171589874662, 0.00186096632387, 0.00104340200778, 0.00129816611297, 0.000681098666973, 0.000515037274454, 0.000546416733414, 0.000429431849625, 0.000627760484349, 0.000435606780229, 0.000505635282025, 0.000704051461071, 0.000275725789834, 0.000151335538249, 0.000131399807287, 6.64428298478e-05, 0.000278015359072, 9.94777510641e-05, 6.45356412861e-05, 5.02843176946e-05, 0.000114976071927, 2.67713749054e-05, 6.2339437136e-05, 3.7877511204e-05, 4.95864296681e-05, 1.63747354236e-05, 1.87271780305e-05, 1.92894167412e-05],
        "mean": [0.000331398885464, 0.000576505786739, 0.00115980743431, 0.00144631240983, 0.000293054006761, 0.000723438919522, 0.000543160538655, 0.000323887885315, 0.000459208793472, 0.00020889910229, 0.000302847794956, 0.000150191583089, 0.000150025560288, 0.000112769528641, 7.55587025196e-05, 6.25421453151e-05, 5.6265056628e-05, 4.27595477959e-05, 6.08334885328e-05, 6.68463835609e-05, 5.42263514944e-05, 3.69526787836e-05, 2.5577191991e-05, 1.81593750312e-05, 1.34708161568e-05, 1.26769064082e-05, 1.0699402992e-05, 9.17688066693e-06, 1.23534182421e-05, 8.8755023171e-06, 7.43087548472e-06, 6.18103649686e-06, 7.291953807e-06, 3.15750571644e-06, 3.99835926146e-06, 2.72874990515e-06, 2.26889210353e-06, 1.57137014867e-06, 1.12727047963e-06, 1.2158741356e-06],
        "median": [0.000248579424806, 0.000304818706354, 0.000924381194636, 0.00119807454757, 0.000221173919272, 0.000350371439708, 0.000275980564766, 0.000196714172489, 0.000190893479157, 0.000132775225211, 0.000202368304599, 0.000101166049717, 9.74610447884e-05, 6.53367169434e-05, 5.39343091077e-05, 4.20569595008e-05, 3.80257624784e-05, 2.85701389657e-05, 4.59250877611e-05, 5.3456700698e-05, 3.3758351492e-05, 2.47280986514e-05, 1.50442529048e-05, 1.23751988212e-05, 1.1402697055e-05, 9.01930707187e-06, 6.7411647251e-06, 7.43215878174e-06, 7.83473478805e-06, 6.82633208271e-06, 5.57781822863e-06, 4.89007925353e-06, 4.95651920573e-06, 2.04511479751e-06, 1.76994319645e-06, 1.24004407098e-06, 8.95982395832e-07, 6.86563453201e-07, 4.53434893188e-07, 3.91260698507e-07],
        "min": [1.10815448653e-23, 1.73752735936e-23, 1.70748548505e-23, 3.18579208598e-24, 4.39439542647e-24, 1.49536197092e-24, 7.890691645e-24, 2.41844968909e-23, 1.40712243553e-23, 7.19472621112e-24, 3.96459718403e-24, 5.09184707429e-24, 8.45867307448e-24, 1.05480753116e-23, 6.8371552843e-24, 1.09641181864e-23, 1.31016141175e-23, 6.88263705979e-24, 5.66950467164e-24, 1.25642452243e-23, 1.34343469698e-23, 6.13563666408e-24, 7.67392607888e-24, 1.1992253226e-23, 1.33982518503e-23, 5.94330724779e-24, 5.75619101879e-24, 7.2109720126e-24, 6.41964986135e-24, 1.0324580762e-23, 1.26528918908e-23, 9.5068436033e-24, 1.30047869634e-23, 1.22147198899e-23, 1.27549768028e-23, 1.19378999207e-23, 1.11808372098e-23, 1.52946103575e-23, 9.72007980573e-24, 9.70178769906e-24],
        "var": [1.93592811115e-07, 1.24305518057e-06, 1.22348092191e-06, 1.45171020449e-06, 1.16397401939e-07, 7.95088226369e-07, 4.26563445899e-07, 1.66983781469e-07, 4.74003172712e-07, 9.15955098435e-08, 8.40886826836e-08, 2.7577613082e-08, 2.95810380635e-08, 2.47608138437e-08, 5.67699265375e-09, 5.39852162973e-09, 3.25791704725e-09, 2.25460317083e-09, 2.70047451068e-09, 2.78643130791e-09, 4.41679182117e-09, 1.80369363889e-09, 9.16375642035e-10, 6.54534204614e-10, 1.40857298048e-10, 1.68029118397e-10, 1.68114550059e-10, 5.15623030384e-11, 2.80855866341e-10, 8.83712616973e-11, 5.12185016621e-11, 3.45446518613e-11, 7.85975451389e-11, 1.04322262634e-11, 3.5128247533e-11, 1.68864661837e-11, 1.19319424133e-11, 4.53873093623e-12, 3.07274756854e-12, 3.70226722543e-12]
    },
    "mfcc": {
        "mean": [-586.609619141, 112.286521912, -9.38619327545, 15.2996082306, -6.92464780807, 3.92175149918, -9.88522052765, 0.411006093025, 1.83472800255, -3.19921565056, -7.23259353638, -3.29961228371, -2.08149385452],
        "cov": [[1330.72033691, -447.587799072, 313.578338623, -57.3595123291, -16.732301712, -51.5504379272, 16.7211971283, -30.1435985565, -39.5735321045, 24.3632221222, 30.1309146881, 37.2338294983, -19.5176944733], [-447.587799072, 744.693603516, -199.481124878, 33.3299369812, 7.74540901184, 8.35567378998, 0.0186619926244, 52.471446991, 15.1737499237, -6.97218990326, 5.48462867737, 2.13529777527, 9.17941379547], [313.578338623, -199.481124878, 248.538467407, -31.2709064484, 16.2839603424, -5.12698984146, 13.9960565567, 2.28300857544, 1.87073719501, 19.2927207947, 3.70175290108, 10.618935585, 6.19296550751], [-57.3595123291, 33.3299369812, -31.2709064484, 105.744850159, 27.9991950989, 14.7798490524, -12.1021356583, 6.15639066696, 2.65903735161, 2.24208974838, -4.17679977417, -6.0785779953, -2.09177112579], [-16.732301712, 7.74540901184, 16.2839603424, 27.9991950989, 112.62272644, 11.8336143494, 14.3629007339, 6.86726284027, 13.9143705368, 12.0290393829, 11.1308479309, 6.64823389053, 1.25931477547], [-51.5504379272, 8.35567378998, -5.12698984146, 14.7798490524, 11.8336143494, 69.98777771, -4.38836050034, -0.220070526004, 3.76463913918, 11.0029058456, -0.355773627758, -7.28223323822, -3.01714849472], [16.7211971283, 0.0186619926244, 13.9960565567, -12.1021356583, 14.3629007339, -4.38836050034, 74.022064209, 25.0505561829, 4.67800712585, 7.27780246735, 12.9071598053, 11.891076088, -7.37217903137], [-30.1435985565, 52.471446991, 2.28300857544, 6.15639066696, 6.86726284027, -0.220070526004, 25.0505561829, 60.0568084717, 15.3333616257, 1.0650036335, 2.08683609962, 10.5151185989, -0.250890821218], [-39.5735321045, 15.1737499237, 1.87073719501, 2.65903735161, 13.9143705368, 3.76463913918, 4.67800712585, 15.3333616257, 47.2589378357, 8.08127593994, -0.657399713993, -4.68251276016, 6.94056558609], [24.3632221222, -6.97218990326, 19.2927207947, 2.24208974838, 12.0290393829, 11.0029058456, 7.27780246735, 1.0650036335, 8.08127593994, 47.7328300476, 11.4030628204, 2.83843064308, -1.0391343832], [30.1309146881, 5.48462867737, 3.70175290108, -4.17679977417, 11.1308479309, -0.355773627758, 12.9071598053, 2.08683609962, -0.657399713993, 11.4030628204, 51.7323722839, 23.7507667542, -6.65525865555], [37.2338294983, 2.13529777527, 10.618935585, -6.0785779953, 6.64823389053, -7.28223323822, 11.891076088, 10.5151185989, -4.68251276016, 2.83843064308, 23.7507667542, 50.1776733398, 2.0675599575], [-19.5176944733, 9.17941379547, 6.19296550751, -2.09177112579, 1.25931477547, -3.01714849472, -7.37217903137, -0.250890821218, 6.94056558609, -1.0391343832, -6.65525865555, 2.0675599575, 43.9852867126]],
