{
"lowlevel": {
    "average_loudness": 0.974150359631,
    "barkbands_crest": {
        "dmean": 3.47426700592,
        "dmean2": 5.85068321228,
        "dvar": 7.69628953934,
        "dvar2": 20.2348442078,
        "max": 23.4491138458,
        "mean": 10.9612054825,
        "median": 10.6414794922,
        "min": 2.76333332062,
        "var": 14.5509748459
    },
    "barkbands_flatness_db": {
        "dmean": 0.0319210067391,
        "dmean2": 0.0522897951305,
        "dvar": 0.000625223037787,
        "dvar2": 0.0016852064291,
        "max": 0.304459273815,
        "mean": 0.170405998826,
        "median": 0.16712102294,
        "min": 0.0463843494654,
        "var": 0.00150384311564
    },
    "barkbands_kurtosis": {
        "dmean": 5.8866019249,
        "dmean2": 9.84491062164,
        "dvar": 53.1897163391,
        "dvar2": 141.410797119,
        "max": 62.3351516724,
        "mean": 6.24865913391,
        "median": 2.83366203308,
        "min": -1.95821201801,
        "var": 88.8703384399
    },
    "barkbands_skewness": {
        "dmean": 0.998078525066,
        "dmean2": 1.6013020277,
        "dvar": 0.704850614071,
        "dvar2": 1.8086990118,
        "max": 6.76555204391,
        "mean": 1.96542370319,
        "median": 1.95118701458,
        "min": -3.39004397392,
        "var": 2.81010890007
    },
    "barkbands_spread": {
        "dmean": 9.82674980164,
        "dmean2": 15.9573297501,
        "dvar": 78.4343032837,
        "dvar2": 196.167648315,
        "max": 67.2326278687,
        "mean": 25.454000473,
        "median": 23.334394455,
        "min": 1.82100021839,
        "var": 210.70552063
    },
    "dissonance": {
        "dmean": 0.00911741238087,
        "dmean2": 0.0153283048421,
        "dvar": 0.000286541966489,
        "dvar2": 0.000714485940989,
        "max": 0.499999970198,
        "mean": 0.484470784664,
        "median": 0.48714157939,
        "min": 0.0117617929354,
        "var": 0.00022845742933
    },
    "dynamic_complexity": 2.04949522018,
    "erbbands_crest": {
        "dmean": 2.35490083694,
        "dmean2": 3.9282283783,
        "dvar": 4.51648759842,
        "dvar2": 12.1305341721,
        "max": 24.5575485229,
        "mean": 7.66953134537,
        "median": 6.86217451096,
        "min": 2.58477258682,
        "var": 11.2609872818
    },
    "erbbands_flatness_db": {
        "dmean": 0.0159512162209,
        "dmean2": 0.0246159676462,
        "dvar": 0.000203121409868,
        "dvar2": 0.000433777575381,
        "max": 0.348488152027,
        "mean": 0.18426053226,
        "median": 0.17944522202,
        "min": 0.0629455074668,
        "var": 0.00119017960969
    },
    "erbbands_kurtosis": {
        "dmean": 1.12692093849,
        "dmean2": 1.80353188515,
        "dvar": 2.58479571342,
        "dvar2": 6.0059428215,
        "max": 42.1636390686,
        "mean": 0.428412050009,
        "median": -0.77130651474,
        "min": -1.7973344326,
        "var": 11.8843307495
    },
    "erbbands_skewness": {
        "dmean": 0.479526400566,
        "dmean2": 0.75378793478,
        "dvar": 0.170158699155,
        "dvar2": 0.439739346504,
        "max": 2.25530147552,
        "mean": -0.619379341602,
        "median": -0.616241395473,
        "min": -5.48103380203,
        "var": 0.768346130848
    },
    "erbbands_spread": {
        "dmean": 12.3660812378,
        "dmean2": 20.3297710419,
        "dvar": 120.274726868,
        "dvar2": 298.380828857,
        "max": 107.174842834,
        "mean": 54.0227241516,
        "median": 57.0685539246,
        "min": 3.95038604736,
        "var": 412.927124023
    },
    "hfc": {
        "dmean": 8.33449268341,
        "dmean2": 12.0026979446,
        "dvar": 179.398696899,
        "dvar2": 419.774139404,
        "max": 167.250976562,
        "mean": 15.8380126953,
        "median": 9.82173919678,
        "min": 1.24172409559e-16,
        "var": 316.818939209
    },
    "melbands_crest": {
        "dmean": 4.58665275574,
        "dmean2": 7.66758108139,
        "dvar": 11.9296541214,
        "dvar2": 33.9276199341,
        "max": 32.6705970764,
        "mean": 18.4374752045,
        "median": 18.5218029022,
        "min": 1.83742511272,
        "var": 24.7937107086
    },
    "melbands_flatness_db": {
        "dmean": 0.0408187992871,
        "dmean2": 0.066458337009,
        "dvar": 0.00107911240775,
        "dvar2": 0.00271961977705,
        "max": 0.400363028049,
        "mean": 0.233746469021,
        "median": 0.234413161874,
        "min": 0.00698304641992,
        "var": 0.00355072016828
    },
    "melbands_kurtosis": {
        "dmean": 18.1614551544,
        "dmean2": 30.1126499176,
        "dvar": 420.372467041,
        "dvar2": 1112.91479492,
        "max": 176.452667236,
        "mean": 26.6305809021,
        "median": 18.3929157257,
        "min": -1.89622235298,
        "var": 764.551940918
    },
    "melbands_skewness": {
        "dmean": 1.47107458115,
        "dmean2": 2.38596987724,
        "dvar": 1.53863966465,
        "dvar2": 3.98262429237,
        "max": 11.8518667221,
        "mean": 4.14476108551,
        "median": 4.12476205826,
        "min": -2.16547966003,
        "var": 5.17763185501
    },
    "melbands_spread": {
        "dmean": 12.4737739563,
        "dmean2": 20.4820842743,
        "dvar": 208.134521484,
        "dvar2": 514.382568359,
        "max": 133.608215332,
        "mean": 27.0011615753,
        "median": 16.76445961,
        "min": 1.38225674629,
        "var": 689.143188477
    },
    "pitch_salience": {
        "dmean": 0.10219733417,
        "dmean2": 0.173054143786,
        "dvar": 0.00678098574281,
        "dvar2": 0.0181141328067,
        "max": 0.833471357822,
        "mean": 0.484043598175,
        "median": 0.491832256317,
        "min": 0.13591760397,
        "var": 0.0113536361605
    },
    "silence_rate_20dB": {
        "dmean": 0,
        "dmean2": 0,
        "dvar": 0,
        "dvar2": 0,
        "max": 1,
        "mean": 1,
        "median": 1,
        "min": 1,
        "var": 0
    },
    "silence_rate_30dB": {
        "dmean": 0.00309278350323,
        "dmean2": 0.00618875725195,
        "dvar": 0.00308319344185,
        "dvar2": 0.00718178227544,
        "max": 1,
        "mean": 0.997424006462,
        "median": 1,
        "min": 0,
        "var": 0.00256937788799
    },
    "silence_rate_60dB": {
        "dmean": 0.00567010324448,
        "dmean2": 0.0113460542634,
        "dvar": 0.00563790276647,
        "dvar2": 0.0153425475582,
        "max": 1,
        "mean": 0.00463678501546,
        "median": 0,
        "min": 0,
        "var": 0.00461531057954
    },
    "spectral_centroid": {
        "dmean": 481.363525391,
        "dmean2": 754.895568848,
        "dvar": 225276.046875,
        "dvar2": 474796.625,
        "max": 11230.96875,
        "mean": 1708.79797363,
        "median": 1637.04919434,
        "min": 242.428115845,
        "var": 701617.375
    },
    "spectral_complexity": {
        "dmean": 5.55618572235,
        "dmean2": 8.0479631424,
        "dvar": 38.4353752136,
        "dvar2": 77.932258606,
        "max": 57,
        "mean": 16.8933544159,
        "median": 15,
        "min": 0,
        "var": 95.5008087158
    },
    "spectral_decrease": {
        "dmean": 3.58025631364e-09,
        "dmean2": 5.78824321806e-09,
        "dvar": 2.22062342986e-17,
        "dvar2": 5.47967285711e-17,
        "max": 6.6578916695e-29,
        "mean": -5.48373746412e-09,
        "median": -3.76410902447e-09,
        "min": -4.72108361294e-08,
        "var": 2.76522756464e-17
    },
    "spectral_energy": {
        "dmean": 0.0140347853303,
        "dmean2": 0.0225403029472,
        "dvar": 0.000329225265887,
        "dvar2": 0.000808085431345,
        "max": 0.182521387935,
        "mean": 0.0221334379166,
        "median": 0.0154857113957,
        "min": 1.10115220184e-20,
        "var": 0.000422011798946
    },
    "spectral_energyband_high": {
        "dmean": 0.000668630818836,
        "dmean2": 0.00102370267268,
        "dvar": 1.86287854831e-06,
        "dvar2": 4.64034974357e-06,
        "max": 0.0180943924934,
        "mean": 0.000891339208465,
        "median": 0.000383615173632,
        "min": 8.30761480656e-21,
        "var": 2.26358770306e-06
    },
    "spectral_energyband_low": {
        "dmean": 0.0100891264156,
        "dmean2": 0.0166628565639,
        "dvar": 0.000193917832803,
        "dvar2": 0.000482903647935,
        "max": 0.118209928274,
        "mean": 0.0121453488246,
        "median": 0.00680254260078,
        "min": 6.11591238043e-23,
        "var": 0.000231871978031
    },
    "spectral_energyband_middle_high": {
        "dmean": 0.00155970884953,
        "dmean2": 0.00229273852892,
        "dvar": 8.01527312433e-06,
        "dvar2": 1.7574568119e-05,
        "max": 0.043005771935,
        "mean": 0.00332126999274,
        "median": 0.001974838553,
        "min": 1.57075943769e-21,
        "var": 1.70983512362e-05
    },
    "spectral_energyband_middle_low": {
        "dmean": 0.00683129578829,
        "dmean2": 0.0118213240057,
        "dvar": 0.000105629362224,
        "dvar2": 0.00029005491524,
        "max": 0.120125435293,
        "mean": 0.00876617059112,
        "median": 0.00590247567743,
        "min": 2.64904894093e-22,
        "var": 9.44584171521e-05
    },
    "spectral_entropy": {
        "dmean": 0.187051087618,
        "dmean2": 0.284562647343,
        "dvar": 0.0280710086226,
        "dvar2": 0.0634281560779,
        "max": 9.81078720093,
        "mean": 7.42714166641,
        "median": 7.46044445038,
        "min": 5.55697774887,
        "var": 0.0890841707587
    },
    "spectral_flux": {
        "dmean": 0.035123359412,
        "dmean2": 0.0569213442504,
        "dvar": 0.00141874921974,
        "dvar2": 0.00315223727375,
        "max": 0.37494841218,
        "mean": 0.0883106812835,
        "median": 0.0754340440035,
        "min": 1.04935796164e-10,
        "var": 0.0021940364968
    },
    "spectral_kurtosis": {
        "dmean": 2.06994986534,
        "dmean2": 3.565117836,
        "dvar": 4.15972995758,
        "dvar2": 12.6098270416,
        "max": 23.9258136749,
        "mean": 2.8850376606,
        "median": 2.18133401871,
        "min": -1.18025708199,
        "var": 7.14047384262
    },
    "spectral_rms": {
        "dmean": 0.00137311161961,
        "dmean2": 0.00214075529948,
        "dvar": 1.86757552001e-06,
        "dvar2": 4.41110296379e-06,
        "max": 0.0133442739025,
        "mean": 0.00428381608799,
        "median": 0.003886902472,
        "min": 3.27764378139e-12,
        "var": 3.2424766232e-06
    },
    "spectral_rolloff": {
        "dmean": 789.2265625,
        "dmean2": 1352.37145996,
        "dvar": 1078895.125,
        "dvar2": 2364692.25,
        "max": 18497.0214844,
        "mean": 1510.90466309,
        "median": 818.26171875,
        "min": 129.19921875,
        "var": 2091484.5
    },
    "spectral_skewness": {
        "dmean": 0.300093889236,
        "dmean2": 0.485685765743,
        "dvar": 0.0699514746666,
        "dvar2": 0.178354546428,
        "max": 2.8311445713,
        "mean": 0.764444589615,
        "median": 0.722604215145,
        "min": -0.22288146615,
        "var": 0.139787390828
    },
    "spectral_spread": {
        "dmean": 322138.21875,
        "dmean2": 507708.375,
        "dvar": 596330217472,
        "dvar2": 974151942144,
        "max": 40422192,
        "mean": 3326843.5,
        "median": 3297201,
        "min": 1453070,
        "var": 1.56600591974e+12
    },
    "spectral_strongpeak": {
        "dmean": 0.586261034012,
        "dmean2": 0.984102427959,
        "dvar": 2.42911314964,
        "dvar2": 5.9020986557,
        "max": 23.7846546173,
        "mean": 0.873067200184,
        "median": 0.349443346262,
        "min": 0,
        "var": 4.7320599556
    },
    "zerocrossingrate": {
        "dmean": 0.0113938162103,
        "dmean2": 0.014517490752,
        "dvar": 0.000209076810279,
        "dvar2": 0.000264778267592,
        "max": 0.49462890625,
        "mean": 0.0574944242835,
        "median": 0.0517578125,
        "min": 0.00244140625,
        "var": 0.00100271089468
    },
    "barkbands": {
        "dmean": [5.74745499762e-05, 0.00139703706373, 0.00723396101967, 0.00522630894557, 0.00188055471517, 0.00017467350699, 0.000233554412262, 0.000194683132577, 0.000118380208733, 8.31612123875e-05, 9.89364125417e-05, 6.25034590485e-05, 6.21058352408e-05, 7.31656764401e-05, 0.000183684009244, 0.000182721370948, 0.000449317012681, 0.000309529976221, 0.000355312309694, 0.000431963882875, 0.000422804441769, 0.000122317534988, 2.35468851315e-05, 1.23569898278e-05, 7.33905153538e-06, 2.46123750003e-06, 1.11787429091e-07],
        "dmean2": [0.000101042154711, 0.00235857977532, 0.0120693789795, 0.00903346948326, 0.00330787547864, 0.000285092683043, 0.000383498234442, 0.000339904334396, 0.00019798737776, 0.000139518786455, 0.00016195801436, 0.000101931742392, 9.99948751996e-05, 0.000119410535262, 0.000291142991045, 0.000289087067358, 0.000727909733541, 0.000494247477036, 0.000556893937755, 0.000657775963191, 0.000656887539662, 0.000196361419512, 3.82989201171e-05, 2.02277133212e-05, 1.27509965751e-05, 4.39124414697e-06, 2.09913011417e-07],
        "dvar": [2.10504769171e-08, 3.56156465386e-06, 0.000117338822747, 5.4636871937e-05, 1.12099087346e-05, 5.50779191144e-08, 1.2138484351e-07, 1.21001363595e-07, 3.51875151239e-08, 2.05486845317e-08, 1.69520824045e-08, 7.6373147806e-09, 8.14777756375e-09, 1.74359229277e-08, 1.14714580945e-07, 1.33149171688e-07, 1.0543492408e-06, 1.19758169603e-06, 4.86299711611e-07, 8.87727537702e-07, 1.01777845884e-06, 7.00770783624e-08, 9.67196722712e-09, 1.9357473402e-09, 1.14264708806e-09, 3.59926533022e-10, 1.89094638385e-12],
        "dvar2": [5.38551709894e-08, 9.55173072725e-06, 0.000289134768536, 0.000150254520122, 3.14803510264e-05, 1.36588852229e-07, 3.03858115558e-07, 3.40648568908e-07, 9.33783468327e-08, 5.37892184127e-08, 4.26198489833e-08, 1.89088265046e-08, 2.02454000231e-08, 4.40621406028e-08, 2.88205342258e-07, 2.94312911819e-07, 2.65633570962e-06, 2.80809717879e-06, 1.11402164293e-06, 1.99993587557e-06, 2.57720648733e-06, 1.81744809424e-07, 2.73516693738e-08, 5.13477882436e-09, 3.17190318455e-09, 1.05612696366e-09, 5.65157642907e-12],
        "max": [0.00170699320734, 0.016765166074, 0.105386599898, 0.0770017653704, 0.0451163873076, 0.0027530407533, 0.00562412571162, 0.00421937461942, 0.00220526661724, 0.00244575017132, 0.00164962804411, 0.00117405306082, 0.00126344861928, 0.00231557898223, 0.0049854372628, 0.00880177039653, 0.0183325745165, 0.0290432013571, 0.0093149933964, 0.0253887642175, 0.0164471734315, 0.00265575782396, 0.00281308358535, 0.00097924831789, 0.000492346764077, 0.000525715469848, 4.18980962422e-05],
        "mean": [5.12212318426e-05, 0.00157579430379, 0.00755511457101, 0.00549415592104, 0.00212409510277, 0.000306575529976, 0.000401304278057, 0.000215609325096, 0.000180847462616, 0.000117612697068, 0.000153505810886, 0.000104085753264, 0.000104140490294, 0.000112768277177, 0.000301074440358, 0.000294778757961, 0.000716259819455, 0.000432002969319, 0.000524054688867, 0.000624727515969, 0.000567629293073, 0.000133624867885, 2.32112142839e-05, 1.14579561341e-05, 5.84826011618e-06, 1.86501415556e-06, 7.32427523076e-08],
        "median": [1.56915466505e-05, 0.000878022052348, 0.00342716113664, 0.00322226714343, 0.00122722378001, 0.000213620369323, 0.0002385397529, 0.00011258374434, 0.000112593901576, 7.34756467864e-05, 0.00010396847938, 6.15159005974e-05, 6.13967422396e-05, 6.31010188954e-05, 0.000147409693454, 0.000151551925228, 0.00031242944533, 0.000115602728329, 0.000213064806303, 0.000214133833651, 0.000215768464841, 4.55142217106e-05, 4.31555736213e-06, 1.24908649468e-06, 3.53644253437e-07, 1.50202353666e-07, 1.01191526269e-08],
        "min": [1.55942733719e-23, 1.91443967254e-23, 2.70255731302e-23, 3.1409281858e-24, 4.04865441556e-23, 6.09814155305e-23, 4.80732308958e-23, 2.78577614318e-23, 7.32854557741e-23, 3.51378936688e-23, 5.30754957146e-23, 1.16271231184e-22, 6.23917031915e-23, 3.9503184861e-23, 1.74091251927e-22, 2.19851722509e-22, 2.35796911188e-22, 2.94436463749e-22, 2.7778781309e-22, 1.19582389637e-22, 3.05613575168e-22, 5.56885009066e-22, 7.31861325063e-22, 9.64724027094e-22, 1.36195005129e-21, 1.78283574322e-21, 2.73024814833e-21],
        "var": [1.72461298575e-08, 3.84350096283e-06, 0.000136238595587, 4.93938350701e-05, 8.96426536201e-06, 9.62973842888e-08, 2.765944771e-07, 1.03228018133e-07, 4.19100523175e-08, 2.54118077692e-08, 2.53809098183e-08, 1.52884389593e-08, 1.60083377665e-08, 2.67473669879e-08, 2.14508773411e-07, 2.38991759716e-07, 1.56587236688e-06, 1.61890397976e-06, 8.16905526335e-07, 2.70233203992e-06, 1.23123550111e-06, 6.75840112763e-08, 6.70965150107e-09, 1.5432894962e-09, 7.97764354576e-10, 2.00622712887e-10, 9.60948768475e-13]
    },
    "erbbands": {
        "dmean": [0.0117992702872, 0.513507068157, 6.56766891479, 13.1802406311, 12.4939308167, 4.41890192032, 1.36747050285, 1.63613188267, 3.06150507927, 3.62228655815, 3.91005063057, 2.75677609444, 2.76276397705, 3.09812045097, 3.08542919159, 2.54315018654, 2.44014024734, 3.34436058998, 4.01265573502, 12.5521297455, 12.7783412933, 22.442691803, 20.181055069, 17.3623123169, 20.5516872406, 16.8071250916, 11.698600769, 18.8731327057, 5.30358600616, 1.34256100655, 0.669300913811, 0.33302462101, 0.179641738534, 0.101855263114, 0.0409924350679, 0.0160201452672, 0.00308578438126, 0.000520796980709, 1.86858069355e-05, 1.65104902408e-05],
        "dmean2": [0.0182820856571, 0.859335303307, 10.8562335968, 22.8045024872, 21.7841911316, 7.57918357849, 2.27653026581, 2.64630937576, 5.02511548996, 6.21358442307, 6.78000402451, 4.64843082428, 4.53291702271, 5.08725214005, 5.10130357742, 4.07330942154, 3.92561459541, 5.427942276, 6.48138809204, 19.7396278381, 19.9695968628, 36.3682403564, 32.1001968384, 26.2661247253, 32.0972671509, 25.5191783905, 17.9907131195, 29.7161483765, 8.44061088562, 2.08980607986, 1.10851264, 0.540258646011, 0.297548741102, 0.175561740994, 0.0720910429955, 0.0286141056567, 0.00549051165581, 0.000950123590883, 3.1634735933e-05, 2.6249414077e-05],
        "dvar": [0.000321168801747, 0.47491773963, 89.0620346069, 366.866363525, 404.860168457, 54.3966064453, 4.2310962677, 5.51533555984, 23.7038230896, 30.7085380554, 52.0666656494, 21.5240898132, 17.8481292725, 17.0007629395, 18.7972736359, 12.4757013321, 12.3699140549, 34.8556938171, 42.2495117188, 512.077148438, 671.143249512, 2830.01245117, 5159.99755859, 1742.88342285, 1540.92077637, 1151.44628906, 585.611206055, 2062.96166992, 125.697868347, 12.5382804871, 12.5647888184, 1.19630098343, 0.554476439953, 0.21637904644, 0.0379182361066, 0.0157513078302, 0.000331319781253, 2.14257943298e-05, 1.25339640888e-08, 4.46872205906e-10],
        "dvar2": [0.000764855823945, 1.23779809475, 217.653564453, 978.816345215, 1128.59350586, 148.76449585, 11.2970399857, 13.1236209869, 58.2959136963, 82.0556488037, 148.283706665, 58.1004486084, 48.0246009827, 43.6288757324, 48.0611610413, 31.7473011017, 31.4073448181, 81.2413330078, 108.445976257, 1242.85766602, 1506.53759766, 7214.09130859, 12155.7421875, 3681.34741211, 3638.34838867, 2754.92211914, 1451.6315918, 5226.31201172, 328.113769531, 32.2226257324, 36.3111572266, 3.17962098122, 1.51122426987, 0.599576473236, 0.105136714876, 0.0461662076414, 0.000965510262176, 6.36875847704e-05, 3.70446677778e-08, 1.08622988382e-09],
        "max": [0.318982481956, 5.21857452393, 80.7062149048, 187.492782593, 238.011901855, 75.1546325684, 35.8823394775, 33.2629508972, 98.0293807983, 82.6766662598, 84.0525360107, 50.56640625, 57.262260437, 54.2684402466, 42.0732688904, 49.8982696533, 37.878616333, 128.107254028, 117.728424072, 287.098480225, 541.18963623, 985.043334961, 1804.54528809, 659.277954102, 910.480407715, 605.559814453, 387.213134766, 737.494567871, 113.092796326, 52.2106933594, 107.595054626, 23.0757427216, 18.6268253326, 7.55492687225, 2.91706204414, 3.5169467926, 0.422118544579, 0.135143056512, 0.00329885375686, 0.000211023798329],
        "mean": [0.0173436738551, 0.58041125536, 7.07958221436, 14.9020414352, 13.5916385651, 5.4394826889, 2.40476942062, 2.78750753403, 5.15805912018, 5.37546634674, 4.6699590683, 3.89366793633, 4.54486036301, 4.92121744156, 5.06354904175, 4.50693702698, 4.20988178253, 5.55480957031, 7.32438850403, 21.8586215973, 22.019859314, 36.5329093933, 28.3362541199, 29.1050510406, 29.426027298, 23.7018680573, 16.3513774872, 23.7508010864, 5.98072719574, 1.49552857876, 0.640779852867, 0.319464176893, 0.157138317823, 0.0820273384452, 0.0328059643507, 0.01199518051, 0.00236473465338, 0.000371745787561, 2.18100103666e-05, 2.69920637948e-05],
        "median": [0.00950070191175, 0.310495257378, 3.30276441574, 8.78856277466, 7.79904651642, 2.89389038086, 1.84088480473, 1.78124034405, 2.97976326942, 3.23005175591, 2.63161706924, 2.33963751793, 3.04665207863, 3.39208507538, 3.55139946938, 2.67209625244, 2.65688705444, 3.23917627335, 4.52781867981, 10.2299222946, 12.2421245575, 16.3637866974, 8.59323692322, 9.35696315765, 12.4508647919, 9.29124832153, 7.35149383545, 8.54943466187, 2.24234938622, 0.362956404686, 0.115151390433, 0.0431584790349, 0.0142576498911, 0.00521523877978, 0.00210760743357, 0.000835316954181, 0.000242770693148, 5.0716826081e-05, 1.02350377347e-05, 1.89163929463e-05],
        "min": [9.74486616247e-22, 3.3979157847e-21, 2.74546382873e-20, 1.72337765344e-20, 4.80858637017e-20, 1.30117707553e-19, 5.18998758915e-19, 3.7090135017e-19, 8.10712325436e-19, 3.65975076032e-19, 8.998981636e-19, 1.98597069485e-18, 1.09819879223e-18, 1.08443006074e-18, 2.79815638405e-18, 4.55074323895e-18, 3.26997027928e-18, 2.39899003971e-18, 5.68162114545e-18, 1.0723252651e-17, 1.38745030736e-17, 1.28220332038e-17, 1.68496823126e-17, 1.69464078503e-17, 1.1062936851e-17, 5.52382320871e-18, 8.46950063757e-18, 1.47725275697e-17, 2.16772307902e-17, 2.13798097291e-17, 1.9973498463e-17, 1.72553449199e-17, 1.7766261297e-17, 1.38025557311e-17, 9.88380660429e-18, 5.14922330138e-18, 3.40630060438e-18, 1.71461585266e-18, 3.74280744863e-19, 3.94126391034e-20],
        "var": [0.000501197297126, 0.530736744404, 107.533882141, 347.451751709, 339.706817627, 52.7674674988, 5.73816823959, 10.8501186371, 52.6919784546, 42.932926178, 45.0118331909, 22.6480808258, 23.5660018921, 25.6027946472, 23.8192958832, 25.2818565369, 21.8652114868, 65.9582595825, 69.0805740356, 1074.41467285, 1112.99194336, 3999.07006836, 6575.27490234, 3553.4543457, 3848.45410156, 2318.56713867, 730.299377441, 2426.50341797, 121.436775208, 12.2720794678, 7.87842226028, 0.995545983315, 0.399908393621, 0.149180710316, 0.0273874569684, 0.00881213974208, 0.00019039689505, 1.11739946078e-05, 6.8749859139e-09, 6.02318972476e-10]
    },
    "gfcc": {
        "mean": [-45.5502624512, 122.978507996, -145.164962769, 72.3974075317, -41.7827339172, -9.95854473114, -17.3232803345, -7.42254924774, -21.2309494019, -8.60216522217, -28.0173282623, -12.8139629364, -10.6355428696],
        "cov": [[3478.79785156, -849.878845215, 6.98109197617, 376.080963135, -256.246276855, 283.658935547, -257.216949463, 242.770431519, -118.251998901, 73.2799377441, -8.68944168091, -31.6697311401, -102.071472168], [-849.878845215, 820.788879395, 168.518814087, -113.506912231, 95.8092041016, -92.3069229126, 175.820678711, -212.555130005, 73.6897888184, -34.1001396179, 25.8220157623, -13.3131093979, 102.021751404], [6.98109197617, 168.518814087, 529.546325684, -6.83458423615, -5.26625967026, 171.437332153, 14.1918182373, -13.0460071564, -26.0571956635, 20.9908294678, 1.40001785755, -32.7174263, 23.2476634979], [376.080963135, -113.506912231, -6.83458423615, 153.277786255, 0.489583164454, 36.2894477844, -10.2954301834, 23.5595207214, -9.60946655273, -0.308959394693, 18.4789924622, -28.8206615448, -1.97924315929], [-256.246276855, 95.8092041016, -5.26625967026, 0.489583164454, 117.408027649, -34.7224159241, 38.0497550964, -19.7087955475, -9.17182254791, -7.13678264618, -2.32119250298, -12.0393943787, 2.9274353981], [283.658935547, -92.3069229126, 171.437332153, 36.2894477844, -34.7224159241, 171.716430664, -18.074760437, 51.217792511, -2.96916103363, 4.77202320099, 8.4271478653, -16.0512123108, -3.89520335197], [-257.216949463, 175.820678711, 14.1918182373, -10.2954301834, 38.0497550964, -18.074760437, 102.230644226, -38.6335144043, 23.2398014069, -10.3382911682, 4.59764242172, -2.32314515114, 16.8914604187], [242.770431519, -212.555130005, -13.0460071564, 23.5595207214, -19.7087955475, 51.217792511, -38.6335144043, 117.035629272, -10.7756290436, 7.6422867775, 4.39418172836, -1.07616889477, -30.7943935394], [-118.251998901, 73.6897888184, -26.0571956635, -9.60946655273, -9.17182254791, -2.96916103363, 23.2398014069, -10.7756290436, 89.7430114746, -1.33937287331, -3.93091201782, 17.7186222076, 12.6544923782], [73.2799377441, -34.1001396179, 20.9908294678, -0.308959394693, -7.13678264618, 4.77202320099, -10.3382911682, 7.6422867775, -1.33937287331, 63.768321991, 1.47745811939, 14.7693223953, 10.6723661423], [-8.68944168091, 25.8220157623, 1.40001785755, 18.4789924622, -2.32119250298, 8.4271478653, 4.59764242172, 4.39418172836, -3.93091201782, 1.47745811939, 63.7278518677, -3.38340449333, -1.61874043941], [-31.6697311401, -13.3131093979, -32.7174263, -28.8206615448, -12.0393943787, -16.0512123108, -2.32314515114, -1.07616889477, 17.7186222076, 14.7693223953, -3.38340449333, 70.8403930664, 10.191119194], [-102.071472168, 102.021751404, 23.2476634979, -1.97924315929, 2.9274353981, -3.89520335197, 16.8914604187, -30.7943935394, 12.6544923782, 10.6723661423, -1.61874043941, 10.191119194, 68.6061248779]],
        "icov": [[0.000786055461504, -0.000730840722099, 0.000520172819961, -0.00214960193262, 0.00143586751074, -0.00111904856749, 0.00122232886497, -0.000879202911165, 0.00123256654479, -0.000996563700028, 0.00128574075643, -0.000621685874648, 0.00124798587058], [-0.000730840722099, 0.0077531626448, -0.00332748913206, 0.00578854465857, -0.00335173937492, 0.00418099761009, -0.00635229656473, 0.00743035040796, -0.00532991532236, 0.0037949567195, -0.00597207201645, 0.00339308776893, -0.0062948577106], [0.000520172819961, -0.00332748913206, 0.00508178258315, -0.00181644561235, 0.00125536741689, -0.00641080085188, 0.00234548514709, -0.00136730226222, 0.00368661736138, -0.00317257503048, 0.00298978178762, -0.000414386217017, 0.00228456826881], [-0.00214960193262, 0.00578854465857, -0.00181644561235, 0.0160136781633, -0.00562030635774, 0.00239229761064, -0.00565024092793, 0.00540219666436, -0.00533928116783, 0.00364868016914, -0.00798028428108, 0.00652714818716, -0.00727761210874], [0.00143586751074, -0.00335173937492, 0.00125536741689, -0.00562030635774, 0.0140395285562, -0.000291252101306, -0.000409191474319, -0.00396521622315, 0.00519632175565, -0.00238098530099, 0.00445073796436, -0.000591982330661, 0.00384318060242], [-0.00111904856749, 0.00418099761009, -0.00641080085188, 0.00239229761064, -0.000291252101306, 0.0158963352442, -0.00384083739482, -0.00130099814851, -0.0051852366887, 0.00411284109578, -0.00453890487552, 0.00258006621152, -0.00453803269193], [0.00122232886497, -0.00635229656473, 0.00234548514709, -0.00565024092793, -0.000409191474319, -0.00384083739482, 0.0196701362729, -0.00335749634542, 0.00127072236501, -0.00195378088392, 0.00372973224148, -0.0025586837437, 0.00429406529292], [-0.000879202911165, 0.00743035040796, -0.00136730226222, 0.00540219666436, -0.00396521622315, -0.00130099814851, -0.00335749634542, 0.0207403190434, -0.00470246607438, 0.00177991343662, -0.00606083450839, 0.00252802413888, -0.00143491744529], [0.00123256654479, -0.00532991532236, 0.00368661736138, -0.00533928116783, 0.00519632175565, -0.0051852366887, 0.00127072236501, -0.00470246607438, 0.0178832635283, -0.00287649547681, 0.00587768387049, -0.00533736450598, 0.00349712721072], [-0.000996563700028, 0.0037949567195, -0.00317257503048, 0.00364868016914, -0.00238098530099, 0.00411284109578, -0.00195378088392, 0.00177991343662, -0.00287649547681, 0.0204476360232, -0.00420376984403, -0.00199132342823, -0.00678428122774], [0.00128574075643, -0.00597207201645, 0.00298978178762, -0.00798028428108, 0.00445073796436, -0.00453890487552, 0.00372973224148, -0.00606083450839, 0.00587768387049, -0.00420376984403, 0.0218960959464, -0.0030671574641, 0.00600610673428], [-0.000621685874648, 0.00339308776893, -0.000414386217017, 0.00652714818716, -0.000591982330661, 0.00258006621152, -0.0025586837437, 0.00252802413888, -0.00533736450598, -0.00199132342823, -0.0030671574641, 0.0197618417442, -0.00541915930808], [0.00124798587058, -0.0062948577106, 0.00228456826881, -0.00727761210874, 0.00384318060242, -0.00453803269193, 0.00429406529292, -0.00143491744529, 0.00349712721072, -0.00678428122774, 0.00600610673428, -0.00541915930808, 0.0240435246378]]
    },
    "melbands": {
        "dmean": [0.000218649103772, 0.00246461643837, 0.00226721446961, 0.000572722579818, 5.73448451178e-05, 3.6668163375e-05, 4.58509784949e-05, 4.02857986046e-05, 2.89248418994e-05, 1.76362118509e-05, 1.39437597682e-05, 1.24098123706e-05, 1.21186349133e-05, 7.50259323468e-06, 7.30143983674e-06, 5.98160931986e-06, 6.46100988888e-06, 5.79744755669e-06, 1.72189520526e-05, 1.27817520479e-05, 1.88196536328e-05, 2.75719685305e-05, 1.71088922798e-05, 1.77912334038e-05, 1.5017862097e-05, 1.28442152345e-05, 2.16221360461e-05, 9.15915916266e-06, 6.39351173959e-06, 1.2497458556e-05, 9.2939408205e-06, 3.49923266185e-06, 1.21254402075e-06, 5.5997071513e-07, 4.2210359652e-07, 2.61626581732e-07, 1.80679933237e-07, 1.32072003112e-07, 1.04361333797e-07, 8.11289098124e-08],
        "dmean2": [0.00036040993291, 0.00407568644732, 0.00388503912836, 0.000999875948764, 9.52519403654e-05, 5.92068718106e-05, 7.47920130379e-05, 6.97347568348e-05, 5.00369278598e-05, 2.94951878459e-05, 2.29034667427e-05, 2.0482324544e-05, 1.99030273507e-05, 1.20628583318e-05, 1.16348674055e-05, 9.72957059275e-06, 1.05410772449e-05, 9.53509061219e-06, 2.73439381999e-05, 2.04508596653e-05, 2.94639394269e-05, 4.45709774795e-05, 2.77328308584e-05, 2.86480662908e-05, 2.28540957323e-05, 2.05713658943e-05, 3.38324534823e-05, 1.43602483149e-05, 9.99896474241e-06, 1.95832399186e-05, 1.46571164805e-05, 5.69830353925e-06, 1.94611357074e-06, 8.93985713901e-07, 7.10847189112e-07, 4.31644025412e-07, 2.94959761504e-07, 2.20778900939e-07, 1.77491656927e-07, 1.41221676131e-07],
        "dvar": [8.9399001979e-08, 1.24534790302e-05, 1.05840854303e-05, 9.44142357184e-07, 7.9436413003e-09, 2.53513232629e-09, 5.00490671129e-09, 3.89647780707e-09, 2.88698465134e-09, 8.35789826237e-10, 4.50657344775e-10, 3.004917426e-10, 2.7529734048e-10, 1.196375915e-10, 1.23253698914e-10, 8.73862301964e-11, 1.28778834818e-10, 1.1486058632e-10, 1.10383602259e-09, 4.54158016749e-10, 1.56761381653e-09, 4.24205381933e-09, 1.99382221844e-09, 5.1643977983e-09, 1.48011813916e-09, 6.63764709863e-10, 3.06211900281e-09, 3.47563061665e-10, 1.8988496886e-10, 1.21172949452e-09, 3.99512894989e-10, 5.93345164668e-11, 1.1347252131e-11, 2.16886578142e-12, 6.7742378547e-12, 8.46387846962e-13, 3.29065279799e-13, 3.29347822885e-13, 1.95035068824e-13, 1.50278796568e-13],
        "dvar2": [2.35018873695e-07, 3.06510664814e-05, 2.79505820799e-05, 2.6358161449e-06, 2.08245101163e-08, 6.19737283714e-09, 1.24428192194e-08, 1.0533643291e-08, 8.2040330085e-09, 2.26065166586e-09, 1.2069086841e-09, 7.65804586411e-10, 6.96070145967e-10, 2.84254175753e-10, 2.94634011633e-10, 2.23409235556e-10, 3.07014774714e-10, 3.06672548467e-10, 2.79487544219e-09, 1.09145237293e-09, 3.43940254055e-09, 1.06147828305e-08, 5.1494537523e-09, 1.20834853234e-08, 3.13818904196e-09, 1.73317504792e-09, 6.77010625338e-09, 8.84259110379e-10, 4.60844334915e-10, 3.09585201919e-09, 1.00413755089e-09, 1.56982427058e-10, 2.91515839246e-11, 5.55201631197e-12, 1.97483435854e-11, 2.32218411167e-12, 8.52323203335e-13, 9.01471714117e-13, 5.38029256564e-13, 4.18510739302e-13],
        "max": [0.00376834953204, 0.0300939679146, 0.0348417833447, 0.0122274039313, 0.00130926736165, 0.000652995368, 0.00134010380134, 0.000958292279392, 0.000590310490225, 0.000326338369632, 0.000286603084533, 0.000268192205112, 0.00017253907572, 0.000149557643454, 0.000162882337463, 0.000147843093146, 0.000231094149058, 0.000220119851292, 0.000516221858561, 0.000267392490059, 0.000844716618303, 0.00131365738343, 0.0006465628976, 0.00209243223071, 0.000661849451717, 0.000285637041088, 0.00171285064425, 0.000219016059418, 0.000280164356809, 0.000630448455922, 0.0002759884228, 8.22022848297e-05, 5.02288894495e-05, 2.07533230423e-05, 8.03093062132e-05, 2.31434405578e-05, 9.25214499148e-06, 1.53049422806e-05, 8.76279773365e-06, 6.61155536363e-06],
        "mean": [0.000268932315521, 0.00268133124337, 0.00265889801085, 0.000657393189613, 9.79623364401e-05, 6.34578900645e-05, 8.01088244771e-05, 5.68091927562e-05, 3.42029743479e-05, 2.54906008195e-05, 2.24537452596e-05, 1.9098399207e-05, 1.9082433937e-05, 1.24095677165e-05, 1.20994945974e-05, 9.25887616177e-06, 9.95629488898e-06, 8.72559940035e-06, 2.84798643406e-05, 2.17970064114e-05, 2.99532075587e-05, 4.43651115347e-05, 2.21867212531e-05, 2.56416624325e-05, 2.40441277128e-05, 1.60075978783e-05, 3.11895200866e-05, 1.11230565381e-05, 8.42368081067e-06, 1.60287381732e-05, 1.14100294013e-05, 3.68455152966e-06, 1.31111880819e-06, 5.82022551043e-07, 3.85609013165e-07, 2.51157189268e-07, 1.70279633949e-07, 1.14352729952e-07, 8.5254633575e-08, 6.33592946997e-08],
        "median": [0.000152216933202, 0.00127557304222, 0.00163801433519, 0.000389700027881, 7.20049793017e-05, 4.21746881329e-05, 4.83428193547e-05, 3.51638009306e-05, 1.88494741451e-05, 1.52040665853e-05, 1.47531518451e-05, 1.28187039081e-05, 1.31093274831e-05, 6.91238801664e-06, 5.96742529524e-06, 5.74935938857e-06, 5.64597121411e-06, 4.50370407634e-06, 1.23264944705e-05, 1.12245561468e-05, 1.50142650455e-05, 1.87645418919e-05, 8.36668095872e-06, 5.78945173402e-06, 6.93775382388e-06, 6.31790817351e-06, 8.86957786861e-06, 4.35334095528e-06, 3.68757764591e-06, 5.02458033225e-06, 4.29895089837e-06, 1.25672443119e-06, 2.93979979915e-07, 1.15860345318e-07, 6.01734626571e-08, 3.77872133583e-08, 2.05874783887e-08, 9.91455983979e-09, 5.9106466388e-09, 3.54713525219e-09],
        "min": [8.29349033409e-24, 1.08197274529e-23, 4.45789360174e-24, 4.78360046444e-24, 1.57333558604e-23, 9.89062048939e-24, 1.16122029188e-23, 3.57252345337e-24, 8.33436042873e-24, 1.21242533212e-23, 5.19507780678e-24, 4.26123531123e-24, 7.77477879017e-24, 1.00437833562e-23, 1.37694266834e-23, 5.43224923237e-24, 3.93618951397e-24, 7.36880572479e-24, 1.41592281002e-23, 1.35034227862e-23, 1.7969309521e-23, 1.51127810743e-23, 1.00763901328e-23, 1.51244514826e-23, 1.41410180351e-23, 8.22113522301e-24, 6.36715669014e-24, 2.77920863948e-24, 5.08263317892e-24, 6.00808456102e-24, 8.98724301314e-24, 1.19672597459e-23, 1.18758599549e-23, 1.22443100624e-23, 1.28043184747e-23, 8.50891799212e-24, 1.17662453655e-23, 1.32371475208e-23, 1.33710156387e-23, 1.04739184422e-23],
        "var": [1.0687047336e-07, 1.4876421119e-05, 1.03442189356e-05, 7.83502684953e-07, 1.03443422717e-08, 4.83216844316e-09, 1.13678950697e-08, 4.58206361742e-09, 2.45070386207e-09, 9.41878686156e-10, 5.99240823629e-10, 4.45725567566e-10, 3.75306286049e-10, 2.78912198892e-10, 3.19409720895e-10, 1.22690593796e-10, 2.26453203411e-10, 1.47183570887e-10, 2.16872897418e-09, 9.28993437732e-10, 2.69637934203e-09, 6.4192717808e-09, 2.15869033759e-09, 7.31168992019e-09, 2.95820457019e-09, 7.78639208665e-10, 1.09578355278e-08, 3.89130311307e-10, 2.26315230445e-10, 1.44752243525e-09, 4.63618671231e-10, 5.37325565986e-11, 1.09962906836e-11, 2.1101568843e-12, 4.03648772393e-12, 6.58739176488e-13, 2.85712236205e-13, 2.32886220074e-13, 1.3542514549e-13, 1.02113047293e-13]
    },
    "mfcc": {
        "mean": [-674.434082031, 132.96925354, -30.8220844269, 72.5805969238, -5.52502441406, 15.9491195679, 0.207576468587, 2.3223285675, 11.0091733932, -3.56713914871, -8.00648880005, -1.24691009521, -5.34948015213],
        "cov": [[3021.51098633, -1079.56018066, 194.283462524, -5.47852611542, 97.7966384888, -52.6520385742, -16.6173477173, 80.6321182251, -78.1425552368, 46.8630638123, 83.3922424316, 133.813964844, -116.922019958], [-1079.56018066, 872.848266602, 48.3751831055, 46.0590171814, -67.5014266968, 122.104042053, 20.664648056, -79.9100265503, 49.4126091003, -14.9321012497, -88.3566513062, -45.1105384827, 37.9105186462], [194.283462524, 48.3751831055, 494.053466797, -92.1918258667, 79.054359436, 100.875816345, 71.2230682373, 5.08740615845, 1.73665595055, 74.7674407959, -25.8756790161, -8.88177108765, -8.90835857391], [-5.47852611542, 46.0590171814, -92.1918258667, 140.496307373, -10.1689081192, 5.55825853348, 8.6463804245, -19.9188613892, 0.907986938953, -13.2936210632, -5.8964176178, 16.2048587799, -17.0556488037], [97.7966384888, -67.5014266968, 79.054359436, -10.1689081192, 101.37828064, 5.13258552551, 32.9067459106, 9.03642845154, -5.31997537613, 18.2253265381, 2.37953305244, 9.88958072662, -5.88979816437], [-52.6520385742, 122.104042053, 100.875816345, 5.55825853348, 5.13258552551, 109.39516449, 17.3710002899, -5.94534444809, 19.647233963, 14.8027763367, -21.874786377, -0.78954988718, 1.22741317749], [-16.6173477173, 20.664648056, 71.2230682373, 8.6463804245, 32.9067459106, 17.3710002899, 107.325721741, -2.44585299492, -16.4761199951, 30.5219116211, -5.79578733444, -7.46316671371, -5.6498131752], [80.6321182251, -79.9100265503, 5.08740615845, -19.9188613892, 9.03642845154, -5.94534444809, -2.44585299492, 91.0433654785, -4.93430089951, 14.6190156937, 23.4431266785, -0.0353581868112, 16.4291744232], [-78.1425552368, 49.4126091003, 1.73665595055, 0.907986938953, -5.31997537613, 19.647233963, -16.4761199951, -4.93430089951, 84.6950149536, -0.989788293839, -15.3953380585, -3.54841709137, 7.94978904724], [46.8630638123, -14.9321012497, 74.7674407959, -13.2936210632, 18.2253265381, 14.8027763367, 30.5219116211, 14.6190156937, -0.989788293839, 71.4399719238, 6.43510437012, -6.36887073517, 2.27154588699], [83.3922424316, -88.3566513062, -25.8756790161, -5.8964176178, 2.37953305244, -21.874786377, -5.79578733444, 23.4431266785, -15.3953380585, 6.43510437012, 61.4942703247, 11.6425733566, -1.60345768929], [133.813964844, -45.1105384827, -8.88177108765, 16.2048587799, 9.88958072662, -0.78954988718, -7.46316671371, -0.0353581868112, -3.54841709137, -6.36887073517, 11.6425733566, 62.5447006226, -9.61502552032], [-116.922019958, 37.9105186462, -8.90835857391, -17.0556488037, -5.88979816437, 1.22741317749, -5.6498131752, 16.4291744232, 7.94978904724, 2.27154588699, -1.60345768929, -9.61502552032, 69.3218917847]],
