{
"lowlevel": {
    "average_loudness": 0.959907889366,
    "barkbands_crest": {
        "dmean": 3.55991411209,
        "dmean2": 5.7404127121,
        "dvar": 10.3757019043,
        "dvar2": 24.369020462,
        "max": 25.720035553,
        "mean": 9.93750858307,
        "median": 8.93761062622,
        "min": 2.40324783325,
        "var": 26.1563682556
    },
    "barkbands_flatness_db": {
        "dmean": 0.0315219573677,
        "dmean2": 0.0484871678054,
        "dvar": 0.00114456773736,
        "dvar2": 0.00237766443752,
        "max": 0.368110388517,
        "mean": 0.131919965148,
        "median": 0.118418693542,
        "min": 0.03834188357,
        "var": 0.00312869646586
    },
    "barkbands_kurtosis": {
        "dmean": 4.44924354553,
        "dmean2": 7.26605224609,
        "dvar": 121.329299927,
        "dvar2": 268.096954346,
        "max": 110.306892395,
        "mean": 3.35495257378,
        "median": -0.34468126297,
        "min": -1.89493584633,
        "var": 152.481323242
    },
    "barkbands_skewness": {
        "dmean": 0.848745822906,
        "dmean2": 1.30210912228,
        "dvar": 1.17026162148,
        "dvar2": 2.36033892632,
        "max": 9.12741184235,
        "mean": 0.900734364986,
        "median": 0.531215548515,
        "min": -4.03255796432,
        "var": 2.75115323067
    },
    "barkbands_spread": {
        "dmean": 9.67426395416,
        "dmean2": 15.1772546768,
        "dvar": 122.465690613,
        "dvar2": 247.130584717,
        "max": 113.401519775,
        "mean": 30.5728588104,
        "median": 28.9043579102,
        "min": 0.908070087433,
        "var": 317.871002197
    },
    "dissonance": {
        "dmean": 0.0198436193168,
        "dmean2": 0.0328715518117,
        "dvar": 0.000466439145384,
        "dvar2": 0.00116516870912,
        "max": 0.499999940395,
        "mean": 0.470496743917,
        "median": 0.478779524565,
        "min": 0.280559420586,
        "var": 0.000793371815234
    },
    "dynamic_complexity": 3.35194373131,
    "erbbands_crest": {
        "dmean": 3.49960875511,
        "dmean2": 5.81639289856,
        "dvar": 12.1013088226,
        "dvar2": 29.3597564697,
        "max": 27.7230510712,
        "mean": 9.666929245,
        "median": 8.19954681396,
        "min": 2.73514699936,
        "var": 25.2765007019
    },
    "erbbands_flatness_db": {
        "dmean": 0.0247810091823,
        "dmean2": 0.0373049899936,
        "dvar": 0.00061422388535,
        "dvar2": 0.00127202470321,
        "max": 0.367483049631,
        "mean": 0.17062997818,
        "median": 0.164822116494,
        "min": 0.0604593604803,
        "var": 0.00253389007412
    },
    "erbbands_kurtosis": {
        "dmean": 1.465072155,
        "dmean2": 2.4596016407,
        "dvar": 7.31468009949,
        "dvar2": 20.5655403137,
        "max": 44.6364936829,
        "mean": 0.671038508415,
        "median": -0.0582859516144,
        "min": -1.8079315424,
        "var": 6.90632104874
    },
    "erbbands_skewness": {
        "dmean": 0.54928123951,
        "dmean2": 0.867780268192,
        "dvar": 0.348639369011,
        "dvar2": 0.81514108181,
        "max": 5.03661632538,
        "mean": -0.0125141395256,
        "median": -0.069032907486,
        "min": -2.45961594582,
        "var": 0.81565117836
    },
    "erbbands_spread": {
        "dmean": 11.7480230331,
        "dmean2": 18.7545013428,
        "dvar": 175.368026733,
        "dvar2": 447.945037842,
        "max": 130.591781616,
        "mean": 36.9702949524,
        "median": 33.255821228,
        "min": 4.34631824493,
        "var": 367.438262939
    },
    "hfc": {
        "dmean": 11.1406354904,
        "dmean2": 16.1261005402,
        "dvar": 210.514724731,
        "dvar2": 453.279083252,
        "max": 134.839584351,
        "mean": 24.219537735,
        "median": 19.5157413483,
        "min": 3.18594516102e-07,
        "var": 492.845947266
    },
    "melbands_crest": {
        "dmean": 4.04531669617,
        "dmean2": 6.78623437881,
        "dvar": 13.6688289642,
        "dvar2": 33.29479599,
        "max": 32.9328918457,
        "mean": 13.3546533585,
        "median": 12.9630746841,
        "min": 2.78097391129,
        "var": 34.5035934448
    },
    "melbands_flatness_db": {
        "dmean": 0.0395355932415,
        "dmean2": 0.0586825534701,
        "dvar": 0.00194684357848,
        "dvar2": 0.00379667128436,
        "max": 0.481292307377,
        "mean": 0.157246381044,
        "median": 0.144742399454,
        "min": 0.0193984303623,
        "var": 0.00694004073739
    },
    "melbands_kurtosis": {
        "dmean": 12.9467468262,
        "dmean2": 21.1403083801,
        "dvar": 1097.36572266,
        "dvar2": 2442.52978516,
        "max": 328.080047607,
        "mean": 14.2934570312,
        "median": 2.41680574417,
        "min": -1.71828258038,
        "var": 1509.21179199
    },
    "melbands_skewness": {
        "dmean": 1.17012441158,
        "dmean2": 1.83450710773,
        "dvar": 2.48623275757,
        "dvar2": 5.27601861954,
        "max": 14.8530731201,
        "mean": 2.24952602386,
        "median": 1.48506295681,
        "min": -1.02262330055,
        "var": 5.71262121201
    },
    "melbands_spread": {
        "dmean": 16.299621582,
        "dmean2": 25.4553699493,
        "dvar": 433.760406494,
        "dvar2": 941.145935059,
        "max": 214.216110229,
        "mean": 43.7841949463,
        "median": 38.9458465576,
        "min": 0.667361795902,
        "var": 1010.49719238
    },
    "pitch_salience": {
        "dmean": 0.0842260792851,
        "dmean2": 0.134809777141,
        "dvar": 0.00623940071091,
        "dvar2": 0.0152703458443,
        "max": 0.827112734318,
        "mean": 0.532133638859,
        "median": 0.533414006233,
        "min": 0.121479198337,
        "var": 0.0187509488314
    },
    "silence_rate_20dB": {
        "dmean": 0,
        "dmean2": 0,
        "dvar": 0,
        "dvar2": 0,
        "max": 1,
        "mean": 1,
        "median": 1,
        "min": 1,
        "var": 0
    },
    "silence_rate_30dB": {
        "dmean": 0.00464396271855,
        "dmean2": 0.00929511990398,
        "dvar": 0.00462231971323,
        "dvar2": 0.0138560542837,
        "max": 1,
        "mean": 0.997679829597,
        "median": 1,
        "min": 0,
        "var": 0.00231484719552
    },
    "silence_rate_60dB": {
        "dmean": 0.0913312658668,
        "dmean2": 0.18280403316,
        "dvar": 0.0829890817404,
        "dvar2": 0.171075299382,
        "max": 1,
        "mean": 0.170920342207,
        "median": 0,
        "min": 0,
        "var": 0.141707628965
    },
    "spectral_centroid": {
        "dmean": 470.844177246,
        "dmean2": 716.829223633,
        "dvar": 320322.09375,
        "dvar2": 597902,
        "max": 11145.6865234,
        "mean": 2296.4777832,
        "median": 2323.5246582,
        "min": 178.255508423,
        "var": 699584.125
    },
    "spectral_complexity": {
        "dmean": 5.57120752335,
        "dmean2": 7.12316036224,
        "dvar": 48.3811149597,
        "dvar2": 70.5851821899,
        "max": 65,
        "mean": 15.8669757843,
        "median": 12,
        "min": 0,
        "var": 173.942398071
    },
    "spectral_decrease": {
        "dmean": 3.02924418882e-09,
        "dmean2": 4.67860505893e-09,
        "dvar": 2.50903980276e-17,
        "dvar2": 5.99281633534e-17,
        "max": -1.21004546041e-17,
        "mean": -5.0438369037e-09,
        "median": -3.1769551434e-09,
        "min": -3.7600958791e-08,
        "var": 3.54744478976e-17
    },
    "spectral_energy": {
        "dmean": 0.0121863661334,
        "dmean2": 0.0187264382839,
        "dvar": 0.000373644230422,
        "dvar2": 0.000891715113539,
        "max": 0.1441295892,
        "mean": 0.0212333872914,
        "median": 0.0141477659345,
        "min": 7.45674216818e-11,
        "var": 0.000549963500816
    },
    "spectral_energyband_high": {
        "dmean": 0.000759256538004,
        "dmean2": 0.0011129968334,
        "dvar": 1.40702877616e-06,
        "dvar2": 3.19204650623e-06,
        "max": 0.0104546518996,
        "mean": 0.00149619288277,
        "median": 0.000984358368441,
        "min": 2.16970798966e-11,
        "var": 2.73688397101e-06
    },
    "spectral_energyband_low": {
        "dmean": 0.00650604953989,
        "dmean2": 0.010328440927,
        "dvar": 0.000292661192361,
        "dvar2": 0.000689852400683,
        "max": 0.132638305426,
        "mean": 0.00864143669605,
        "median": 0.000559511769097,
        "min": 3.04674757645e-11,
        "var": 0.000351542490534
    },
    "spectral_energyband_middle_high": {
        "dmean": 0.00395667692646,
        "dmean2": 0.00579666765407,
        "dvar": 3.25527689711e-05,
        "dvar2": 6.98149087839e-05,
        "max": 0.0727791786194,
        "mean": 0.00739067373797,
        "median": 0.00448038429022,
        "min": 1.0202716276e-11,
        "var": 8.41564324219e-05
    },
    "spectral_energyband_middle_low": {
        "dmean": 0.00415218295529,
        "dmean2": 0.00706285052001,
        "dvar": 5.56790655537e-05,
        "dvar2": 0.000145608762978,
        "max": 0.061115257442,
        "mean": 0.0044890390709,
        "median": 0.00204643374309,
        "min": 1.24667975596e-11,
        "var": 4.9287071306e-05
    },
    "spectral_entropy": {
        "dmean": 0.233220368624,
        "dmean2": 0.335878163576,
        "dvar": 0.0691754072905,
        "dvar2": 0.13596175611,
        "max": 9.79421615601,
        "mean": 7.75623178482,
        "median": 7.82485246658,
        "min": 5.9006061554,
        "var": 0.204743802547
    },
    "spectral_flux": {
        "dmean": 0.0366873331368,
        "dmean2": 0.0581046305597,
        "dvar": 0.00201203720644,
        "dvar2": 0.00436105811968,
        "max": 0.367692172527,
        "mean": 0.0926277190447,
        "median": 0.0805960670114,
        "min": 3.06342772092e-05,
        "var": 0.00371774449013
    },
    "spectral_kurtosis": {
        "dmean": 1.02538108826,
        "dmean2": 1.65143203735,
        "dvar": 1.15156006813,
        "dvar2": 3.01190972328,
        "max": 13.2805233002,
        "mean": 2.83328437805,
        "median": 2.60517787933,
        "min": -1.3898293972,
        "var": 2.86900305748
    },
    "spectral_rms": {
        "dmean": 0.00118324998766,
        "dmean2": 0.00172869092785,
        "dvar": 2.07836637856e-06,
        "dvar2": 4.48902119388e-06,
        "max": 0.0118580879644,
        "mean": 0.0039374078624,
        "median": 0.00371519825421,
        "min": 2.69719691914e-07,
        "var": 5.21230822415e-06
    },
    "spectral_rolloff": {
        "dmean": 1102.66162109,
        "dmean2": 1797.88134766,
        "dvar": 2563093.5,
        "dvar2": 5053320.5,
        "max": 12747.65625,
        "mean": 3144.31591797,
        "median": 2885.44921875,
        "min": 86.1328125,
        "var": 5735503.5
    },
    "spectral_skewness": {
        "dmean": 0.195875689387,
        "dmean2": 0.29860445857,
        "dvar": 0.039310798049,
        "dvar2": 0.0873965620995,
        "max": 2.67694306374,
        "mean": 1.18209326267,
        "median": 1.16263997555,
        "min": -0.0183012690395,
        "var": 0.101061239839
    },
    "spectral_spread": {
        "dmean": 716202.9375,
        "dmean2": 1055408.25,
        "dvar": 1.97022174413e+12,
        "dvar2": 3.0334493655e+12,
        "max": 40972340,
        "mean": 5106448.5,
        "median": 4705656.5,
        "min": 2426050,
        "var": 3.85880109875e+12
    },
    "spectral_strongpeak": {
        "dmean": 0.838786125183,
        "dmean2": 1.39014065266,
        "dvar": 1.34441936016,
        "dvar2": 3.16209602356,
        "max": 13.4931602478,
        "mean": 1.19612312317,
        "median": 0.504779219627,
        "min": 1.48842491399e-05,
        "var": 2.37824988365
    },
    "zerocrossingrate": {
        "dmean": 0.0216525532305,
        "dmean2": 0.0236999839544,
        "dvar": 0.000662522215862,
        "dvar2": 0.000747869897168,
        "max": 0.4150390625,
        "mean": 0.105185523629,
        "median": 0.0947265625,
        "min": 0.00830078125,
        "var": 0.00341126462445
    },
    "barkbands": {
        "dmean": [5.47224553884e-05, 0.00415709195659, 0.00295686302707, 0.00155977217946, 0.000727914564777, 0.000320233259117, 0.000539127038792, 0.000633547082543, 0.00103202078026, 0.000692959525622, 0.00151857233141, 0.000522749964148, 0.000669688393828, 0.000537959451322, 0.000550986558665, 0.00057891139295, 0.000302810658468, 0.00019738759147, 0.000310570700094, 0.000356843724148, 0.000244618189754, 0.000135120106279, 8.63930254127e-05, 0.0001066518671, 0.000137030234328, 3.37933270202e-05, 1.34261676976e-06],
        "dmean2": [9.61030164035e-05, 0.00642760377377, 0.00549249537289, 0.00288261426613, 0.00126728729811, 0.000556980492547, 0.000868181406986, 0.0010339502478, 0.00168298417702, 0.00109493476339, 0.00247661513276, 0.000817447260488, 0.00104914535768, 0.000873476499692, 0.000904539134353, 0.000931580958422, 0.000471320236102, 0.000302569504129, 0.000483889889438, 0.000537736224942, 0.000365761399735, 0.000198962152353, 0.00012613137369, 0.000167080943356, 0.000229413621128, 5.58563115192e-05, 2.20595370592e-06],
        "dvar": [1.95935392355e-08, 9.93925423245e-05, 8.95115081221e-05, 2.63521960733e-05, 2.28242083722e-06, 8.42996428219e-07, 1.15875661777e-06, 2.30229079534e-06, 1.74711694854e-05, 2.55042550634e-06, 1.61084481078e-05, 3.61416095984e-06, 4.74233183922e-06, 2.19579419536e-06, 1.98296447707e-06, 2.87301622848e-06, 4.19277569108e-07, 1.27538598349e-07, 2.18214395886e-07, 3.27407235545e-07, 1.33933824031e-07, 8.12554361573e-08, 1.94547009613e-08, 5.27498293934e-08, 2.28808531233e-07, 1.20623777633e-08, 1.90177335685e-11],
        "dvar2": [5.44443672368e-08, 0.000209448480746, 0.000259792432189, 7.524072862e-05, 6.17806199443e-06, 2.2659833121e-06, 2.86691920337e-06, 5.71536293137e-06, 4.24457939516e-05, 6.25418897471e-06, 3.92677211494e-05, 9.40975769481e-06, 9.58729469858e-06, 5.96030213273e-06, 4.92795743412e-06, 7.57294174036e-06, 1.08455299141e-06, 2.607421834e-07, 5.15143540269e-07, 6.79749064147e-07, 2.88242205215e-07, 1.81460208637e-07, 4.31222950681e-08, 1.35789676392e-07, 6.35527840132e-07, 2.91227841842e-08, 4.53294138336e-11],
        "max": [0.00183727685362, 0.0783034563065, 0.066616229713, 0.0391195639968, 0.0137710468844, 0.0110725974664, 0.010971467942, 0.017740342766, 0.059742435813, 0.0205903146416, 0.0439925529063, 0.0421811304986, 0.0420699752867, 0.0204514563084, 0.0180058404803, 0.0298297498375, 0.00935404282063, 0.00382120837457, 0.00488632218912, 0.00592784816399, 0.0056694787927, 0.00261601572856, 0.00135719566606, 0.00262123579159, 0.00675241369754, 0.00117106968537, 5.96691279497e-05],
        "mean": [5.65117552469e-05, 0.00559595134109, 0.00230602547526, 0.00111253710929, 0.000680254132021, 0.000289613555651, 0.000635194417555, 0.000619673286565, 0.00101751787588, 0.000746262201574, 0.00183669361286, 0.000636267242953, 0.000791892991401, 0.000669599277899, 0.000645719177555, 0.000673696340527, 0.000387900770875, 0.000269437587122, 0.000487266166601, 0.000620715902187, 0.000418723095208, 0.000210929036257, 0.00015364853607, 0.00016136704653, 0.000166871701367, 4.16825932916e-05, 1.43978729739e-06],
        "median": [3.79602579414e-06, 0.000227826603805, 0.000135465103085, 9.01120220078e-05, 0.000217173350393, 6.2256352976e-05, 0.000162052951055, 0.000102359990706, 8.70950825629e-05, 4.94007908856e-05, 0.000187495781574, 7.49323007767e-05, 0.00013052149734, 8.5108265921e-05, 0.000122940924484, 9.48376473389e-05, 0.000118060561363, 9.70523979049e-05, 0.000239811299252, 0.00029927509604, 0.000209624704439, 8.88842332643e-05, 7.11349712219e-05, 8.36471226648e-05, 5.93277291046e-05, 9.78316620603e-06, 1.78394458317e-07],
        "min": [9.53085874111e-12, 5.51580699518e-12, 1.26509028947e-11, 9.15319556261e-12, 8.71004440448e-13, 8.3050688722e-13, 2.30117249041e-13, 8.18508401248e-13, 4.78399926011e-13, 2.40686512604e-13, 5.02168564977e-13, 4.28940303415e-13, 2.52830064827e-13, 1.04021663245e-12, 6.83619231102e-13, 1.89571015136e-12, 1.17838616469e-12, 7.38979732441e-13, 1.14272241843e-12, 2.11919392624e-12, 1.90157568511e-12, 1.95454394857e-12, 2.38618998692e-12, 2.9785247619e-12, 3.14900969883e-12, 3.2969224139e-12, 5.41305802265e-12],
        "var": [1.8277644287e-08, 0.000141405354952, 5.52778219571e-05, 1.57892081916e-05, 1.82096050594e-06, 6.3810125539e-07, 1.37599215577e-06, 2.39344649344e-06, 1.65392393683e-05, 3.95725510316e-06, 2.21603222599e-05, 4.06036406275e-06, 6.77494972479e-06, 2.8939598451e-06, 2.35383276959e-06, 3.25836776938e-06, 4.87596707899e-07, 1.8701631177e-07, 3.98069801122e-07, 6.9624667276e-07, 2.73995311773e-07, 1.22156109228e-07, 3.9298008403e-08, 6.29730294577e-08, 1.89662486605e-07, 1.50719916547e-08, 2.35407526805e-11]
    },
    "erbbands": {
        "dmean": [0.100097253919, 1.0568703413, 3.05442762375, 4.87505578995, 3.13077449799, 2.74796366692, 1.63881516457, 3.21480631828, 4.95702266693, 12.2763252258, 16.3245391846, 22.3615226746, 18.5491600037, 50.2391471863, 32.8926696777, 15.3704710007, 24.3594436646, 27.9669837952, 22.438873291, 34.4890785217, 28.7245254517, 15.6034383774, 11.1960659027, 15.0404186249, 13.6646366119, 15.020939827, 13.4790039062, 6.02842140198, 5.17079544067, 3.18646407127, 2.31251525879, 2.08718395233, 1.85287177563, 1.59911334515, 0.930844306946, 0.229992061853, 0.0510292872787, 0.00645133294165, 0.000162175085279, 1.96364471776e-05],
        "dmean2": [0.160106182098, 1.61234247684, 5.60521411896, 9.09336471558, 5.56752252579, 4.74793148041, 2.73542737961, 5.65793418884, 8.14879798889, 20.7070636749, 25.6852397919, 36.7434272766, 30.0371894836, 80.6443252563, 52.2504768372, 23.4555091858, 37.1353607178, 45.0806274414, 35.8525886536, 56.9110107422, 45.424446106, 23.1925296783, 16.7640724182, 23.0619525909, 21.0263442993, 22.3442878723, 20.076007843, 8.86949157715, 7.79982566833, 4.62709474564, 3.54523968697, 3.16627287865, 2.97507452965, 2.6503162384, 1.55333197117, 0.382585525513, 0.0820976421237, 0.0102482838556, 0.000259366701357, 3.046213169e-05],
        "dvar": [0.0565324835479, 6.56716442108, 89.9069671631, 267.919036865, 73.1889648438, 38.0097885132, 12.5583248138, 93.9653778076, 98.4660186768, 651.027099609, 2342.60717773, 9647.05761719, 1587.49169922, 13732.5839844, 6715.78466797, 2396.20605469, 4497.39160156, 8268.78417969, 2467.11303711, 11174.34375, 4682.99804688, 830.574401855, 376.666931152, 516.600280762, 492.609191895, 673.119567871, 421.496032715, 100.849891663, 115.050598145, 38.1891403198, 14.4233188629, 15.2825937271, 21.4329605103, 31.6746177673, 9.82762432098, 0.592097401619, 0.0251881275326, 0.000349274283508, 2.22793758553e-07, 7.47744088869e-10],
        "dvar2": [0.130213886499, 14.4100990295, 256.199005127, 772.229858398, 205.509216309, 100.595054626, 30.5680007935, 256.65524292, 255.164459229, 1671.65454102, 5710.98974609, 23080.5878906, 3880.26538086, 33113.0976562, 16942.3789062, 5917.49414062, 9516.93359375, 18211.0820312, 5940.84179688, 29324.1054688, 11059.1523438, 1830.40820312, 768.648376465, 1156.56091309, 1169.44616699, 1374.88989258, 845.421447754, 207.419998169, 259.097900391, 82.2634429932, 32.9768638611, 36.6747894287, 56.7628059387, 87.1684417725, 27.3189697266, 1.49076783657, 0.059998434037, 0.000783717958257, 5.218501542e-07, 1.85407156295e-09],
        "max": [1.88814949989, 19.7917957306, 71.8553466797, 118.119110107, 98.4252471924, 56.2016181946, 38.3513336182, 111.539665222, 108.264945984, 265.297332764, 675.309204102, 1574.21203613, 465.853942871, 1425.24047852, 1037.40930176, 1013.40478516, 1249.78027344, 2018.75341797, 716.263061523, 1775.26586914, 776.13092041, 323.797241211, 193.972915649, 258.219573975, 235.519180298, 322.634552002, 342.026763916, 110.257766724, 111.888565063, 66.3843536377, 47.018989563, 53.1939125061, 56.442489624, 81.6403961182, 38.740524292, 8.1902141571, 1.82359409332, 0.26109495759, 0.00627601472661, 0.000252829835517],
        "mean": [0.131799340248, 1.36025965214, 2.68139529228, 3.61449313164, 2.65209555626, 2.41563725471, 1.77554738522, 2.75892519951, 5.46636962891, 13.3336248398, 17.8667984009, 22.0494117737, 19.2957420349, 65.2969589233, 41.0581626892, 20.9770812988, 30.3590221405, 36.9012794495, 30.4211673737, 39.8050498962, 35.721912384, 22.1423091888, 16.216627121, 23.6383705139, 22.9589366913, 27.8780326843, 23.676322937, 11.143620491, 8.27630519867, 5.14559936523, 4.22017240524, 3.54331231117, 2.62862730026, 1.98786509037, 1.07581877708, 0.277003794909, 0.0631696432829, 0.00816965848207, 0.000213021237869, 3.60785852536e-05],
        "median": [0.00555560970679, 0.0523576922715, 0.154965236783, 0.269896298647, 0.555891156197, 0.616954684258, 0.501694977283, 0.588709235191, 1.86728560925, 3.95874238014, 3.09543633461, 2.67971134186, 2.61373806, 8.83494472504, 8.10593032837, 4.46383237839, 6.75452327728, 8.11796569824, 7.91124916077, 9.29541492462, 8.05831336975, 7.13967847824, 6.53970575333, 11.5419406891, 12.5859098434, 14.7045431137, 11.7150239944, 6.26209115982, 3.70274114609, 2.05404448509, 2.12439584732, 1.92633605003, 1.17542314529, 0.750785708427, 0.362077176571, 0.0694757401943, 0.015907144174, 0.00178013229743, 6.32013179711e-05, 2.62674548139e-05],
        "min": [3.80766584929e-10, 6.74890032748e-10, 9.10598618731e-09, 3.17587698362e-08, 9.0593514912e-09, 3.41153461036e-09, 8.43074943191e-09, 3.3743603467e-09, 2.52891219077e-09, 1.01372110706e-08, 1.52516843599e-08, 1.07317665865e-08, 8.784588168e-09, 1.72867125059e-08, 1.45290259823e-08, 1.52754342508e-08, 1.65222182602e-08, 7.51052056103e-08, 2.11165680497e-08, 6.5036672936e-08, 1.23615038206e-07, 6.21605380502e-08, 5.38748352596e-08, 4.86157389901e-08, 5.98290768039e-08, 1.04764794173e-07, 6.53660379157e-08, 8.23741004297e-08, 6.62400694296e-08, 6.49031903777e-08, 6.51257252571e-08, 5.13719768946e-08, 5.10333784121e-08, 2.50613307884e-08, 2.6958465682e-08, 1.36972015952e-08, 6.5966623275e-09, 2.25116192354e-09, 6.11353023761e-10, 9.277498908e-11],
        "var": [0.0774381160736, 8.79676151276, 61.0249671936, 158.177658081, 49.2945709229, 29.5491466522, 12.9628782272, 67.3585891724, 99.5813598633, 636.746459961, 2485.11206055, 8983.80664062, 2165.59423828, 21109.1464844, 8723.80859375, 3421.15087891, 6362.31103516, 12881.4755859, 3467.53125, 10250.4951172, 6353.92724609, 1410.76879883, 594.678527832, 1008.67303467, 867.095336914, 1457.37182617, 924.273986816, 208.367263794, 177.851028442, 62.8853263855, 26.959230423, 22.8093757629, 22.8111495972, 26.433221817, 8.24132537842, 0.659664452076, 0.0323289558291, 0.000545678834897, 3.23163334315e-07, 1.30647592744e-09]
    },
    "gfcc": {
        "mean": [-24.9508991241, 38.4438209534, -139.426147461, 39.0390472412, -65.3082427979, 22.9086303711, -32.966255188, 18.2949943542, -27.1796112061, 10.7014188766, -14.1715726852, -3.13228797913, -8.32067584991],
        "cov": [[8971.77832031, 39.0254669189, -329.328369141, -180.889678955, 27.0003242493, 79.2879714966, -160.4271698, 27.7984466553, -145.123840332, -23.2383956909, -197.3256073, -0.720579922199, -31.4893398285], [39.0254669189, 1748.65234375, 678.751586914, 597.421081543, 540.952331543, 240.465530396, 309.402404785, -94.6475524902, 26.8407230377, -260.47555542, -71.5552215576, -95.2446594238, 7.00694036484], [-329.328369141, 678.751586914, 1569.09448242, 757.273803711, 588.964477539, 372.187164307, 178.821853638, 138.055587769, 86.0382766724, -122.090606689, -114.096168518, -92.7660446167, -169.137207031], [-180.889678955, 597.421081543, 757.273803711, 843.475646973, 396.099975586, 195.994949341, 83.0749511719, 6.38223648071, 136.409988403, -140.366195679, -67.5077438354, -49.8983345032, -68.8060836792], [27.0003242493, 540.952331543, 588.964477539, 396.099975586, 649.380859375, 330.684539795, 247.898605347, 107.029060364, 66.0484237671, -18.7075881958, -75.0841751099, -108.220298767, -54.6721839905], [79.2879714966, 240.465530396, 372.187164307, 195.994949341, 330.684539795, 344.89944458, 215.044281006, 76.2321548462, 21.1929359436, 12.4956417084, -6.69613265991, -65.5652770996, -38.7008857727], [-160.4271698, 309.402404785, 178.821853638, 83.0749511719, 247.898605347, 215.044281006, 326.600799561, 124.292266846, 4.94620323181, 10.3593883514, 11.4053897858, -67.5024414062, -17.731628418], [27.7984466553, -94.6475524902, 138.055587769, 6.38223648071, 107.029060364, 76.2321548462, 124.292266846, 272.733459473, 113.43977356, 57.0874443054, -31.9472846985, -43.3662719727, -32.6798210144], [-145.123840332, 26.8407230377, 86.0382766724, 136.409988403, 66.0484237671, 21.1929359436, 4.94620323181, 113.43977356, 233.747680664, 20.1437091827, -61.8185997009, -35.2267074585, -36.755645752], [-23.2383956909, -260.47555542, -122.090606689, -140.366195679, -18.7075881958, 12.4956417084, 10.3593883514, 57.0874443054, 20.1437091827, 168.285644531, 55.052772522, -8.11640739441, -17.6653213501], [-197.3256073, -71.5552215576, -114.096168518, -67.5077438354, -75.0841751099, -6.69613265991, 11.4053897858, -31.9472846985, -61.8185997009, 55.052772522, 133.414794922, 63.8899765015, 26.4629001617], [-0.720579922199, -95.2446594238, -92.7660446167, -49.8983345032, -108.220298767, -65.5652770996, -67.5024414062, -43.3662719727, -35.2267074585, -8.11640739441, 63.8899765015, 135.901092529, 52.7212944031], [-31.4893398285, 7.00694036484, -169.137207031, -68.8060836792, -54.6721839905, -38.7008857727, -17.731628418, -32.6798210144, -36.755645752, -17.6653213501, 26.4629001617, 52.7212944031, 110.299789429]],
        "icov": [[0.00014504972205, -0.000129861960886, 0.000174718967173, -6.80006560287e-05, 6.33965901216e-05, -0.000327410525642, 0.000333398143994, -0.000303929205984, 0.000387796637369, -0.000204078081879, 0.000532687699888, -0.000300777377561, 0.000267760129645], [-0.000129861960886, 0.00170633138623, -0.000587137357797, 8.1125748693e-05, -0.00101429142524, 0.00130167487077, -0.00198379531503, 0.00183424155694, -0.00136625301093, 0.00213982374407, -0.00147796992678, 0.00114887673408, -0.00112381705549], [0.000174718967173, -0.000587137357797, 0.00216315733269, -0.00122586137149, -0.000177704219823, -0.00167138280813, 0.00148641434498, -0.00187219609506, 0.0017690641107, -0.000194192485651, 0.00149617379066, -0.00142980495002, 0.00253213732503], [-6.80006560287e-05, 8.1125748693e-05, -0.00122586137149, 0.00343174533918, -0.00133134028874, 0.000383612408768, 0.000137193579576, 0.00131646019872, -0.00268121017143, 0.00260221306235, -0.00244699767791, 0.000752627616748, -0.000126164071844], [6.33965901216e-05, -0.00101429142524, -0.000177704219823, -0.00133134028874, 0.00525270402431, -0.00296716042794, -0.000405822560424, -0.000888588430826, 0.00126236409415, -0.00301694264635, 0.00344116706401, -0.000323464540998, -0.000519974739291], [-0.000327410525642, 0.00130167487077, -0.00167138280813, 0.000383612408768, -0.00296716042794, 0.00926813390106, -0.00502015789971, 0.0026314414572, -0.00189747347031, 0.000573098950554, -0.00286469724961, 0.00182533916086, -0.00147172063589], [0.000333398143994, -0.00198379531503, 0.00148641434498, 0.000137193579576, -0.000405822560424, -0.00502015789971, 0.0103690102696, -0.00570296961814, 0.00290824356489, 0.000147401166032, -0.00152792455629, 0.00120600382797, 0.00138360820711], [-0.000303929205984, 0.00183424155694, -0.00187219609506, 0.00131646019872, -0.000888588430826, 0.0026314414572, -0.00570296961814, 0.00950040388852, -0.00525074731559, -1.00143306554e-05, -0.000461455812911, 0.000849890871905, -0.00191896373872], [0.000387796637369, -0.00136625301093, 0.0017690641107, -0.00268121017143, 0.00126236409415, -0.00189747347031, 0.00290824356489, -0.00525074731559, 0.00986941624433, -0.00414433469996, 0.00602814787999, -0.00232826592401, 0.00240113888867], [-0.000204078081879, 0.00213982374407, -0.000194192485651, 0.00260221306235, -0.00301694264635, 0.000573098950554, 0.000147401166032, -1.00143306554e-05, -0.00414433469996, 0.015029928647, -0.0101539045572, 0.00438826903701, 0.00122242618818], [0.000532687699888, -0.00147796992678, 0.00149617379066, -0.00244699767791, 0.00344116706401, -0.00286469724961, -0.00152792455629, -0.000461455812911, 0.00602814787999, -0.0101539045572, 0.0207411777228, -0.00980584602803, 0.00142537872307], [-0.000300777377561, 0.00114887673408, -0.00142980495002, 0.000752627616748, -0.000323464540998, 0.00182533916086, 0.00120600382797, 0.000849890871905, -0.00232826592401, 0.00438826903701, -0.00980584602803, 0.0156039940193, -0.0061349272728], [0.000267760129645, -0.00112381705549, 0.00253213732503, -0.000126164071844, -0.000519974739291, -0.00147172063589, 0.00138360820711, -0.00191896373872, 0.00240113888867, 0.00122242618818, 0.00142537872307, -0.0061349272728, 0.0154842790216]]
    },
    "melbands": {
        "dmean": [0.00104571483098, 0.00146857078653, 0.000784153817222, 0.000195960950805, 7.10572930984e-05, 6.91638924764e-05, 8.80274965311e-05, 0.000134429355967, 0.000154875058797, 0.000134985588375, 9.15035561775e-05, 0.000195240645553, 0.000155295332661, 6.61674857838e-05, 3.04321019939e-05, 7.64592914493e-05, 4.92188228236e-05, 3.76743555535e-05, 4.95681888424e-05, 4.27777013101e-05, 3.38164027198e-05, 1.93832656805e-05, 9.53454127739e-06, 1.03496740849e-05, 1.35605450851e-05, 1.15710699902e-05, 1.22916171676e-05, 1.0520536307e-05, 1.0099370229e-05, 6.24472613708e-06, 3.19026889883e-06, 3.44787690665e-06, 2.13860312215e-06, 1.73335820364e-06, 1.33852802264e-06, 1.53753728682e-06, 1.33993239615e-06, 1.2930563571e-06, 1.55755071773e-06, 1.33505386657e-06],
        "dmean2": [0.00161209597718, 0.00248719914816, 0.00144797528628, 0.000343625026289, 0.000118912248581, 0.000121429133287, 0.000143204873893, 0.000225334777497, 0.000242212612648, 0.000221930109547, 0.000149023951963, 0.000314161618007, 0.00024868309265, 0.000102815152786, 4.53721695521e-05, 0.000118861251394, 8.10869314591e-05, 6.0159174609e-05, 7.95533342171e-05, 7.10982058081e-05, 5.36133629794e-05, 2.98970007861e-05, 1.3825593669e-05, 1.59453029482e-05, 2.10736543522e-05, 1.82985568244e-05, 1.89889815374e-05, 1.59842074936e-05, 1.5335779608e-05, 9.36060405365e-06, 4.78935498904e-06, 5.31724754183e-06, 3.19307810059e-06, 2.55856821241e-06, 2.08146184377e-06, 2.41046336669e-06, 2.09706649912e-06, 2.09867948797e-06, 2.5464596547e-06, 2.22144944928e-06],
        "dvar": [6.08349000686e-06, 1.69425493368e-05, 6.81938445268e-06, 1.71641218571e-07, 2.27917578144e-08, 4.2325222438e-08, 2.98943767518e-08, 7.71274741851e-08, 2.74226266583e-07, 3.23420380255e-07, 4.5674415361e-08, 1.96212141645e-07, 1.6436912631e-07, 7.017604986e-08, 6.15293238582e-09, 7.21772082102e-08, 2.4924094788e-08, 1.05122710536e-08, 1.71983689512e-08, 2.0479461682e-08, 7.40432026802e-09, 1.5019514521e-09, 2.82540768559e-10, 3.48647222204e-10, 4.35482538919e-10, 3.39135747263e-10, 4.45505687896e-10, 3.35298844245e-10, 2.77886935685e-10, 8.26603369086e-11, 3.88022704245e-11, 5.24280514835e-11, 1.78867840678e-11, 1.11379421311e-11, 4.43873236777e-12, 7.50739314465e-12, 6.66842579419e-12, 8.57838713259e-12, 2.27841790573e-11, 2.40864446444e-11],
        "dvar2": [1.28568053697e-05, 4.46737649327e-05, 1.95485208678e-05, 4.6983006996e-07, 5.53876056131e-08, 1.15425393687e-07, 7.54110160983e-08, 1.98831997977e-07, 6.69200858283e-07, 7.79305651122e-07, 1.11767782585e-07, 4.72988631373e-07, 4.02723912885e-07, 1.83524150543e-07, 1.16126850358e-08, 1.46909954424e-07, 5.81160435331e-08, 2.5247985036e-08, 4.08600016044e-08, 5.50255485621e-08, 1.75267427238e-08, 3.63550101135e-09, 5.55781864975e-10, 7.64297236611e-10, 1.008777617e-09, 8.4404311318e-10, 1.09978692819e-09, 6.99821534056e-10, 5.54256862628e-10, 1.8022863757e-10, 8.57530019216e-11, 1.21682955379e-10, 3.94561640304e-11, 2.48707825168e-11, 1.03276692753e-11, 1.7831245161e-11, 1.65789604267e-11, 2.26571695433e-11, 6.15058143305e-11, 6.72145117342e-11],
        "max": [0.0186088681221, 0.0333331935108, 0.0197297800332, 0.0042684590444, 0.00145476276521, 0.00236422196031, 0.00151655683294, 0.00279966252856, 0.00781801342964, 0.00920038856566, 0.00244231522083, 0.00526874745265, 0.00558059848845, 0.00591207807884, 0.00150972302072, 0.00518184015527, 0.0033431048505, 0.00150473229587, 0.00164031388704, 0.00286257080734, 0.000865764159244, 0.000499375222716, 0.000168112906977, 0.000165231715073, 0.000241304485826, 0.00017925168504, 0.000258761108853, 0.00023562318529, 0.000316960737109, 9.77591262199e-05, 6.27872359473e-05, 7.17445000191e-05, 3.90523891838e-05, 3.8127440348e-05, 2.58928939729e-05, 3.03981578327e-05, 3.89100569009e-05, 3.4767203033e-05, 5.72147800995e-05, 7.52726700739e-05],
        "mean": [0.00142748444341, 0.00160143128596, 0.000608182395808, 0.000173597232788, 7.3320705269e-05, 5.93885379203e-05, 0.00010175803618, 0.00014412755263, 0.000163634118508, 0.000132043889607, 9.11582319532e-05, 0.000251884921454, 0.000189932921785, 7.70951519371e-05, 3.97064286517e-05, 9.18172299862e-05, 6.35814940324e-05, 4.78310357721e-05, 5.70527081436e-05, 4.91977334605e-05, 3.96147661377e-05, 2.47174193646e-05, 1.37989200084e-05, 1.35510736072e-05, 2.01663442567e-05, 1.74236920429e-05, 1.88426056411e-05, 1.82506119017e-05, 1.64209395734e-05, 1.05762464955e-05, 4.97197015648e-06, 5.14280054631e-06, 3.38647214448e-06, 2.62167350229e-06, 2.36095388573e-06, 2.39283167502e-06, 2.13870748667e-06, 1.8309317511e-06, 1.87774583083e-06, 1.5880373212e-06],
        "median": [5.87620488659e-05, 9.28567824303e-05, 7.04299091012e-05, 5.14417006343e-05, 2.08270994335e-05, 1.2049005818e-05, 3.17354461004e-05, 4.09794411098e-05, 2.07170105568e-05, 1.21638513519e-05, 5.8134955907e-06, 3.10753202939e-05, 2.64656227955e-05, 7.35915273253e-06, 6.19689535597e-06, 1.42746021083e-05, 9.97102688416e-06, 6.79240383761e-06, 1.1004800399e-05, 8.31857596495e-06, 7.2853185884e-06, 6.9447455644e-06, 5.18349588674e-06, 4.72574356536e-06, 9.15925738809e-06, 7.82170718594e-06, 8.59561077959e-06, 9.16101635084e-06, 7.16164413461e-06, 5.24687038705e-06, 2.2239100872e-06, 2.17944739234e-06, 1.4336123968e-06, 9.74827798927e-07, 1.2281278714e-06, 1.14870715606e-06, 1.14774218218e-06, 8.15641442387e-07, 6.47980414215e-07, 5.49135847905e-07],
        "min": [2.89741277845e-12, 3.51369302577e-12, 4.67412523616e-12, 3.00957690843e-13, 2.48569340024e-13, 9.73423747749e-14, 3.88392931098e-14, 1.39491228898e-13, 1.18223234479e-13, 6.34558594906e-14, 3.94117383043e-14, 6.49803019552e-14, 5.66283910768e-14, 3.04480934552e-14, 5.66555096837e-14, 3.4098320955e-14, 1.57178510116e-13, 2.49784527372e-14, 6.21814814808e-14, 1.07522416535e-13, 9.58841635105e-14, 5.7718370014e-14, 6.72701843773e-14, 3.28656745644e-14, 4.04290350384e-14, 3.67994751425e-14, 5.51338454871e-14, 7.31892031789e-14, 3.30565348044e-14, 5.83408782439e-14, 4.04537108022e-14, 3.54941397725e-14, 3.99766313531e-14, 3.30161211684e-14, 3.26471027946e-14, 3.84520398107e-14, 2.65392955957e-14, 4.08646234256e-14, 2.37202293397e-14, 2.02691511443e-14],
        "var": [8.95616085472e-06, 1.5272100427e-05, 4.10351185565e-06, 1.30400394482e-07, 2.28950334247e-08, 3.06044007914e-08, 3.34126788459e-08, 7.50345563461e-08, 2.80337019376e-07, 3.08034600494e-07, 6.30363530263e-08, 3.04835765519e-07, 2.20685990371e-07, 7.37658041317e-08, 1.36166322662e-08, 1.04103051513e-07, 3.76348268105e-08, 1.4518336755e-08, 2.13529141035e-08, 2.08511572453e-08, 8.54802806316e-09, 2.02829619766e-09, 4.77904049667e-10, 4.74610184487e-10, 8.08440037137e-10, 5.47078271573e-10, 7.53540008169e-10, 6.81780576439e-10, 5.70252733922e-10, 1.75507622324e-10, 6.32196101025e-11, 7.58967264036e-11, 2.83372075804e-11, 1.7220712703e-11, 8.13879519335e-12, 1.13825823767e-11, 8.99875573362e-12, 9.63925120279e-12, 2.05000200842e-11, 1.91370790742e-11]
    },
    "mfcc": {
        "mean": [-660.272460938, 63.2438049316, -12.5186319351, 19.2061920166, -3.70408654213, 2.71903753281, 8.00883960724, 0.0565041825175, 3.54334402084, 8.3024520874, -2.51780629158, 3.47386741638, 2.74414205551],
        "cov": [[7151.01416016, 259.600219727, -508.206787109, -163.940048218, -61.1448440552, -46.4342193604, -199.320388794, -104.256340027, -27.3932971954, -59.1899299622, -197.626831055, -173.689941406, -80.1261901855], [259.600219727, 1244.78210449, 313.604370117, 351.049316406, 273.02255249, 333.033294678, 266.709503174, 230.269439697, 128.423995972, 28.6494235992, -15.9304704666, -72.2401275635, -46.987033844], [-508.206787109, 313.604370117, 1012.7612915, 467.912628174, 450.404205322, 277.252532959, 150.458343506, 266.303771973, 109.551940918, 58.8736457825, 96.3321304321, -0.661990344524, -24.419675827], [-163.940048218, 351.049316406, 467.912628174, 572.57220459, 369.054962158, 237.188446045, 112.156990051, 200.146530151, 108.463890076, 43.9053955078, 34.1904602051, 15.8757820129, -15.5157461166], [-61.1448440552, 273.02255249, 450.404205322, 369.054962158, 502.240478516, 255.495834351, 144.152435303, 189.970275879, 171.635650635, 109.642341614, 45.5579605103, 23.0876598358, -0.357397437096], [-46.4342193604, 333.033294678, 277.252532959, 237.188446045, 255.495834351, 387.720672607, 193.466003418, 141.80368042, 51.9771728516, 83.0996932983, 33.3196792603, -37.2658500671, -3.63525128365], [-199.320388794, 266.709503174, 150.458343506, 112.156990051, 144.152435303, 193.466003418, 415.664855957, 113.735969543, 88.4627609253, 112.307823181, 11.1751565933, 21.053981781, 47.9165496826], [-104.256340027, 230.269439697, 266.303771973, 200.146530151, 189.970275879, 141.80368042, 113.735969543, 248.277938843, 148.781448364, 72.1593933105, 57.6591644287, 20.9936256409, -7.28558254242], [-27.3932971954, 128.423995972, 109.551940918, 108.463890076, 171.635650635, 51.9771728516, 88.4627609253, 148.781448364, 249.556838989, 156.009246826, 63.6233177185, 50.3930091858, 6.47120523453], [-59.1899299622, 28.6494235992, 58.8736457825, 43.9053955078, 109.642341614, 83.0996932983, 112.307823181, 72.1593933105, 156.009246826, 213.528594971, 82.4797439575, 44.9313468933, 11.500705719], [-197.626831055, -15.9304704666, 96.3321304321, 34.1904602051, 45.5579605103, 33.3196792603, 11.1751565933, 57.6591644287, 63.6233177185, 82.4797439575, 133.682907104, 63.6882781982, 12.499499321], [-173.689941406, -72.2401275635, -0.661990344524, 15.8757820129, 23.0876598358, -37.2658500671, 21.053981781, 20.9936256409, 50.3930091858, 44.9313468933, 63.6882781982, 122.067565918, 52.7132225037], [-80.1261901855, -46.987033844, -24.419675827, -15.5157461166, -0.357397437096, -3.63525128365, 47.9165496826, -7.28558254242, 6.47120523453, 11.500705719, 12.499499321, 52.7132225037, 107.484947205]],
