{
"lowlevel": {
    "average_loudness": 0.978133320808,
    "barkbands_crest": {
        "dmean": 2.48361968994,
        "dmean2": 4.0569062233,
        "dvar": 7.03653430939,
        "dvar2": 17.7681217194,
        "max": 24.5206699371,
        "mean": 10.0106601715,
        "median": 9.54111003876,
        "min": 2.7750544548,
        "var": 13.8372678757
    },
    "barkbands_flatness_db": {
        "dmean": 0.0171712357551,
        "dmean2": 0.0275383535773,
        "dvar": 0.000343361403793,
        "dvar2": 0.000867060851306,
        "max": 0.238950192928,
        "mean": 0.103104867041,
        "median": 0.0967113599181,
        "min": 0.036405544728,
        "var": 0.00115189375356
    },
    "barkbands_kurtosis": {
        "dmean": 1.63764941692,
        "dmean2": 2.65484690666,
        "dvar": 7.47845649719,
        "dvar2": 19.8918399811,
        "max": 32.2177314758,
        "mean": 2.03666353226,
        "median": 0.393846035004,
        "min": -1.63699734211,
        "var": 19.1001300812
    },
    "barkbands_skewness": {
        "dmean": 0.42165607214,
        "dmean2": 0.670162081718,
        "dvar": 0.220248639584,
        "dvar2": 0.545016646385,
        "max": 5.40357112885,
        "mean": 1.35926413536,
        "median": 1.20202720165,
        "min": -1.76567435265,
        "var": 0.783423781395
    },
    "barkbands_spread": {
        "dmean": 5.2068271637,
        "dmean2": 8.04735374451,
        "dvar": 27.6007785797,
        "dvar2": 65.1423873901,
        "max": 86.5749435425,
        "mean": 30.2084140778,
        "median": 30.3234901428,
        "min": 3.90039944649,
        "var": 132.57875061
    },
    "dissonance": {
        "dmean": 0.0116120073944,
        "dmean2": 0.0200976710767,
        "dvar": 0.000127733495901,
        "dvar2": 0.000374965718947,
        "max": 0.499995529652,
        "mean": 0.478278517723,
        "median": 0.481570959091,
        "min": 0.40863764286,
        "var": 0.000201199552976
    },
    "dynamic_complexity": 2.31187653542,
    "erbbands_crest": {
        "dmean": 2.63405513763,
        "dmean2": 4.27869558334,
        "dvar": 6.75065994263,
        "dvar2": 17.2725009918,
        "max": 27.8804206848,
        "mean": 8.61954402924,
        "median": 7.52717638016,
        "min": 2.76892781258,
        "var": 17.8107376099
    },
    "erbbands_flatness_db": {
        "dmean": 0.0132838729769,
        "dmean2": 0.0208499729633,
        "dvar": 0.000159053233801,
        "dvar2": 0.000388716201996,
        "max": 0.232617467642,
        "mean": 0.125642806292,
        "median": 0.12423864007,
        "min": 0.0444478057325,
        "var": 0.000548302079551
    },
    "erbbands_kurtosis": {
        "dmean": 0.711142361164,
        "dmean2": 1.13888502121,
        "dvar": 0.700478971004,
        "dvar2": 1.81365787983,
        "max": 8.87459850311,
        "mean": 0.129411533475,
        "median": -0.207987546921,
        "min": -1.61394739151,
        "var": 1.74137270451
    },
    "erbbands_skewness": {
        "dmean": 0.286737263203,
        "dmean2": 0.45125234127,
        "dvar": 0.0597769729793,
        "dvar2": 0.137579843402,
        "max": 2.11692786217,
        "mean": -0.157031729817,
        "median": -0.204923808575,
        "min": -2.10456371307,
        "var": 0.427079051733
    },
    "erbbands_spread": {
        "dmean": 6.68014621735,
        "dmean2": 10.3412780762,
        "dvar": 34.8397865295,
        "dvar2": 80.790397644,
        "max": 82.7611923218,
        "mean": 40.6183280945,
        "median": 39.9828147888,
        "min": 7.94327259064,
        "var": 188.671234131
    },
    "hfc": {
        "dmean": 7.00308465958,
        "dmean2": 11.0159025192,
        "dvar": 67.6042022705,
        "dvar2": 176.811004639,
        "max": 101.25440979,
        "mean": 32.761554718,
        "median": 33.5018043518,
        "min": 1.14660745722e-16,
        "var": 292.982086182
    },
    "melbands_crest": {
        "dmean": 2.82739830017,
        "dmean2": 4.64190244675,
        "dvar": 7.2118678093,
        "dvar2": 18.7861118317,
        "max": 28.5404014587,
        "mean": 14.490477562,
        "median": 14.1163511276,
        "min": 2.82429862022,
        "var": 17.728105545
    },
    "melbands_flatness_db": {
        "dmean": 0.021700553596,
        "dmean2": 0.0346985161304,
        "dvar": 0.000590572657529,
        "dvar2": 0.00144002330489,
        "max": 0.331203937531,
        "mean": 0.17828528583,
        "median": 0.171211257577,
        "min": 0.00653506768867,
        "var": 0.00195711827837
    },
    "melbands_kurtosis": {
        "dmean": 5.1329240799,
        "dmean2": 8.27532291412,
        "dvar": 77.6874771118,
        "dvar2": 208.923248291,
        "max": 122.680747986,
        "mean": 10.6034660339,
        "median": 7.43936061859,
        "min": -1.30221116543,
        "var": 126.342697144
    },
    "melbands_skewness": {
        "dmean": 0.631671786308,
        "dmean2": 0.998719274998,
        "dvar": 0.557912170887,
        "dvar2": 1.3778771162,
        "max": 10.1437883377,
        "mean": 2.69471406937,
        "median": 2.62523508072,
        "min": -0.111876584589,
        "var": 1.49085986614
    },
    "melbands_spread": {
        "dmean": 6.32619714737,
        "dmean2": 9.93998146057,
        "dvar": 51.9237632751,
        "dvar2": 112.438079834,
        "max": 134.535705566,
        "mean": 27.7502536774,
        "median": 27.3975048065,
        "min": 3.28380703926,
        "var": 180.135192871
    },
    "pitch_salience": {
        "dmean": 0.067147873342,
        "dmean2": 0.109824478626,
        "dvar": 0.00447530020028,
        "dvar2": 0.0116735380143,
        "max": 0.791160941124,
        "mean": 0.529745817184,
        "median": 0.530613839626,
        "min": 0.143308535218,
        "var": 0.00839550793171
    },
    "silence_rate_20dB": {
        "dmean": 0,
        "dmean2": 0,
        "dvar": 0,
        "dvar2": 0,
        "max": 1,
        "mean": 1,
        "median": 1,
        "min": 1,
        "var": 0
    },
    "silence_rate_30dB": {
        "dmean": 0.0340557284653,
        "dmean2": 0.0681642144918,
        "dvar": 0.0328958295286,
        "dvar2": 0.0945014879107,
        "max": 1,
        "mean": 0.98143851757,
        "median": 1,
        "min": 0,
        "var": 0.0182171352208
    },
    "silence_rate_60dB": {
        "dmean": 0.00154798757285,
        "dmean2": 0.00309837330133,
        "dvar": 0.0015455794055,
        "dvar2": 0.00308882608078,
        "max": 1,
        "mean": 0.0355761796236,
        "median": 0,
        "min": 0,
        "var": 0.0343103855848
    },
    "spectral_centroid": {
        "dmean": 214.293945312,
        "dmean2": 337.341705322,
        "dvar": 92254.328125,
        "dvar2": 139417.828125,
        "max": 10954.7402344,
        "mean": 1716.97119141,
        "median": 1756.77990723,
        "min": 385.051269531,
        "var": 279194.65625
    },
    "spectral_complexity": {
        "dmean": 3.98452019691,
        "dmean2": 6.43841981888,
        "dvar": 15.3573884964,
        "dvar2": 34.3917961121,
        "max": 57,
        "mean": 31.8832168579,
        "median": 34,
        "min": 0,
        "var": 107.584976196
    },
    "spectral_decrease": {
        "dmean": 3.09364378559e-09,
        "dmean2": 5.12055864377e-09,
        "dvar": 2.23010904082e-17,
        "dvar2": 5.55331211483e-17,
        "max": -6.27055164835e-29,
        "mean": -1.08143973776e-08,
        "median": -1.01980930367e-08,
        "min": -4.52294202091e-08,
        "var": 3.26296579658e-17
    },
    "spectral_energy": {
        "dmean": 0.0120948906988,
        "dmean2": 0.0199442449957,
        "dvar": 0.00032337140874,
        "dvar2": 0.000804609037004,
        "max": 0.174443408847,
        "mean": 0.0437875986099,
        "median": 0.0414615683258,
        "min": 1.06367276137e-20,
        "var": 0.00050115812337
    },
    "spectral_energyband_high": {
        "dmean": 0.000414225563873,
        "dmean2": 0.000648650515359,
        "dvar": 3.60736123639e-07,
        "dvar2": 8.15321129721e-07,
        "max": 0.00938215106726,
        "mean": 0.00134002859704,
        "median": 0.00110684160609,
        "min": 7.6569847482e-21,
        "var": 1.16165949748e-06
    },
    "spectral_energyband_low": {
        "dmean": 0.00927761569619,
        "dmean2": 0.0156827103347,
        "dvar": 0.000339091318892,
        "dvar2": 0.000859929365106,
        "max": 0.164753988385,
        "mean": 0.0210763383657,
        "median": 0.0172026716173,
        "min": 5.75497380642e-23,
        "var": 0.00034095052979
    },
    "spectral_energyband_middle_high": {
        "dmean": 0.00307189533487,
        "dmean2": 0.00493694795296,
        "dvar": 2.16020907828e-05,
        "dvar2": 5.99868690188e-05,
        "max": 0.0596860833466,
        "mean": 0.0098198056221,
        "median": 0.00786436349154,
        "min": 1.49576287319e-21,
        "var": 6.93408219377e-05
    },
    "spectral_energyband_middle_low": {
        "dmean": 0.00401462614536,
        "dmean2": 0.00652425736189,
        "dvar": 2.2497270038e-05,
        "dvar2": 5.87626200286e-05,
        "max": 0.0502079464495,
        "mean": 0.0124957058579,
        "median": 0.010778513737,
        "min": 4.52460979308e-22,
        "var": 5.78813087486e-05
    },
    "spectral_entropy": {
        "dmean": 0.0970936566591,
        "dmean2": 0.14745414257,
        "dvar": 0.0101532740518,
        "dvar2": 0.0197681635618,
        "max": 9.81509971619,
        "mean": 7.82261753082,
        "median": 7.83270549774,
        "min": 6.59067630768,
        "var": 0.0479492358863
    },
    "spectral_flux": {
        "dmean": 0.0246371738613,
        "dmean2": 0.0381182208657,
        "dvar": 0.000853358476888,
        "dvar2": 0.00177002768032,
        "max": 0.302827715874,
        "mean": 0.0965984240174,
        "median": 0.0866545438766,
        "min": 1.03134514817e-10,
        "var": 0.00219158222899
    },
    "spectral_kurtosis": {
        "dmean": 0.847284257412,
        "dmean2": 1.42581486702,
        "dvar": 0.552851200104,
        "dvar2": 1.53856647015,
        "max": 8.09436702728,
        "mean": 3.84182095528,
        "median": 3.85882377625,
        "min": -1.22014915943,
        "var": 1.58292269707
    },
    "spectral_rms": {
        "dmean": 0.000826578005217,
        "dmean2": 0.00133964628913,
        "dvar": 1.0354948472e-06,
        "dvar2": 2.50230277743e-06,
        "max": 0.0130456387997,
        "mean": 0.00628256611526,
        "median": 0.00636005587876,
        "min": 3.22138106121e-12,
        "var": 3.24895563608e-06
    },
    "spectral_rolloff": {
        "dmean": 418.780487061,
        "dmean2": 697.236816406,
        "dvar": 497591.125,
        "dvar2": 882055.25,
        "max": 18432.421875,
        "mean": 1510.27087402,
        "median": 1528.85742188,
        "min": 86.1328125,
        "var": 1101866.125
    },
    "spectral_skewness": {
        "dmean": 0.140780463815,
        "dmean2": 0.227486371994,
        "dvar": 0.0167699065059,
        "dvar2": 0.0422517359257,
        "max": 2.1706943512,
        "mean": 1.39062690735,
        "median": 1.40088057518,
        "min": 0.00225315894932,
        "var": 0.0532517395914
    },
    "spectral_spread": {
        "dmean": 371800.3125,
        "dmean2": 543859.4375,
        "dvar": 1.10130810061e+12,
        "dvar2": 1.20081979802e+12,
        "max": 40766952,
        "mean": 4481247.5,
        "median": 4344944.5,
        "min": 2958170.25,
        "var": 1.52054765978e+12
    },
    "spectral_strongpeak": {
        "dmean": 0.66307246685,
        "dmean2": 1.18516111374,
        "dvar": 2.01149964333,
        "dvar2": 5.48721408844,
        "max": 10.1237697601,
        "mean": 0.839909374714,
        "median": 0.295665442944,
        "min": 0,
        "var": 2.37101531029
    },
    "zerocrossingrate": {
        "dmean": 0.0082104569301,
        "dmean2": 0.0101347668096,
        "dvar": 0.000245107134106,
        "dvar2": 0.00024675874738,
        "max": 0.48486328125,
        "mean": 0.0619429908693,
        "median": 0.0615234375,
        "min": 0.009765625,
        "var": 0.000657547265291
    },
    "barkbands": {
        "dmean": [0.000353096227627, 0.00816788244992, 0.00195590546355, 0.00103379122447, 0.00171094911639, 0.00157959095668, 0.000896447047126, 0.000318899546983, 0.00104619469494, 0.000756310706493, 0.000457247486338, 0.000843437446747, 0.000649117107969, 0.000553212186787, 0.000409144122386, 0.000780281901825, 0.000560156651773, 0.000197478104383, 0.00024101701274, 0.000241719273617, 0.000126453945995, 8.26910254546e-05, 7.02159304637e-05, 7.54436114221e-05, 4.00299286412e-05, 3.66407875845e-05, 2.50327934737e-06],
        "dmean2": [0.000599554739892, 0.0140444906428, 0.00321914907545, 0.00171178055461, 0.00283193169162, 0.00245739356615, 0.0014777170727, 0.000521495356224, 0.00158872059546, 0.0011959366966, 0.000697423936799, 0.00137291406281, 0.00106487888843, 0.000893245567568, 0.000673605012707, 0.00126210902818, 0.000935179996304, 0.000322326464811, 0.000399973214371, 0.000397399271606, 0.000207188844797, 0.000136510207085, 0.000108329448267, 0.000112156747491, 6.02146064921e-05, 5.99158265686e-05, 4.21280265073e-06],
        "dvar": [1.9590029865e-07, 0.000308521732222, 9.59017961577e-06, 1.708983973e-06, 6.80692301103e-06, 6.35371543467e-06, 3.14640419674e-06, 2.86398773142e-07, 3.09405731969e-06, 5.47462650502e-06, 1.50505093188e-06, 7.87333101471e-06, 5.65038271816e-06, 1.40581755659e-06, 5.01191266267e-07, 1.91069580069e-06, 6.05834543421e-07, 5.5958988554e-08, 6.89373678142e-08, 8.96772718306e-08, 2.36308661528e-08, 2.54236773856e-08, 1.22239196543e-08, 2.73556999275e-08, 4.12677358952e-09, 5.891656496e-09, 2.76482153144e-11],
        "dvar2": [5.03993419443e-07, 0.000806425290648, 2.71946246357e-05, 4.60357387055e-06, 1.81624036486e-05, 1.39438398037e-05, 8.44441638037e-06, 7.68081520164e-07, 7.2764782999e-06, 1.37890210681e-05, 3.20768594975e-06, 2.04582520382e-05, 1.56889382197e-05, 3.65795040125e-06, 1.19576054658e-06, 4.66982646685e-06, 1.72187890257e-06, 1.45428714404e-07, 1.82541725735e-07, 2.40771896642e-07, 5.72653888753e-08, 6.05560828149e-08, 2.62790660344e-08, 5.29543342509e-08, 8.92197249414e-09, 1.56314321487e-08, 7.06856795318e-11],
        "max": [0.00497786654159, 0.157571807504, 0.0345226973295, 0.0136060658842, 0.0304022841156, 0.0384061597288, 0.0240658260882, 0.004520886112, 0.0243471749127, 0.0347188971937, 0.0228957422078, 0.036029342562, 0.0394453257322, 0.0186588093638, 0.00794479064643, 0.0153342792764, 0.00895608589053, 0.00300765642896, 0.00249915686436, 0.00360830593854, 0.00161827600095, 0.00228935363702, 0.00260080257431, 0.00392285361886, 0.000980939366855, 0.000785592652392, 9.73451242317e-05],
        "mean": [0.000618235848378, 0.0158317238092, 0.0037807635963, 0.00190333311912, 0.00339402141981, 0.00322690722533, 0.00140811374877, 0.000497790635563, 0.00186851050239, 0.00111399556044, 0.000707668543328, 0.00130530726165, 0.000985428574495, 0.000968877517153, 0.000707555096596, 0.00151856627781, 0.00126442161854, 0.000465280725621, 0.00062351336237, 0.000582743727136, 0.000334678217769, 0.000148845021613, 0.00018106198695, 0.000190994105651, 9.93239736999e-05, 5.65106784052e-05, 3.40444148605e-06],
        "median": [0.000480448536109, 0.0115672135726, 0.00306402379647, 0.0013151303865, 0.00219853688031, 0.00188919343054, 0.000737756723538, 0.000281698623439, 0.000954237941187, 0.000311279145535, 0.000234871404245, 0.000243588990998, 0.00027731640148, 0.000406989187468, 0.00037853725371, 0.000696170667652, 0.000946545565967, 0.000388492597267, 0.000579001614824, 0.000481219089124, 0.000289331714157, 9.42390688579e-05, 0.000106758474431, 0.000110605411464, 6.74927068758e-05, 3.24321372318e-05, 1.6797613398e-06],
        "min": [2.8913228924e-23, 2.8812317837e-23, 1.50866634675e-23, 7.90537155759e-24, 9.85280707298e-23, 7.55836347829e-23, 1.79752733095e-23, 1.53814409085e-22, 7.62532704064e-23, 6.97020204022e-23, 5.70264960921e-23, 7.38451872962e-23, 8.75153326792e-23, 8.71039827379e-23, 1.78221298487e-22, 1.38695870904e-22, 1.66250959028e-22, 2.87439305385e-22, 2.36428227105e-22, 3.43874490275e-22, 5.01573465027e-22, 6.81050604831e-22, 6.17670869133e-22, 6.43493202191e-22, 1.18642266862e-21, 1.5819958462e-21, 2.42211811949e-21],
        "var": [3.03759094322e-07, 0.00028704944998, 1.11344443212e-05, 3.83117549063e-06, 1.36425960591e-05, 1.86057095561e-05, 4.59913144368e-06, 4.01205994649e-07, 7.53054837332e-06, 1.05960261862e-05, 2.88224669021e-06, 1.62989763339e-05, 9.19071044336e-06, 2.82725136458e-06, 9.42002884585e-07, 4.60130104329e-06, 1.44695263771e-06, 1.230007598e-07, 1.40290737249e-07, 1.99023290293e-07, 5.70125564536e-08, 3.77459556944e-08, 6.25927967235e-08, 1.0766779468e-07, 1.24275638669e-08, 5.8589368912e-09, 4.2655070448e-11]
    },
    "erbbands": {
        "dmean": [0.244712501764, 1.86821115017, 2.49662089348, 2.64680290222, 3.46322822571, 7.96553611755, 9.44714164734, 13.7048664093, 13.9071407318, 9.08285999298, 9.62802219391, 22.9055843353, 21.3600902557, 20.7521400452, 14.4130649567, 33.9702224731, 31.1728057861, 19.0626487732, 23.2778701782, 26.7004470825, 42.2946662903, 27.2371292114, 10.7542581558, 12.3241376877, 10.7265958786, 11.8694791794, 6.0949010849, 4.77724266052, 3.28702735901, 2.1099178791, 2.0386660099, 1.87811398506, 1.18659710884, 0.54625171423, 0.255886644125, 0.152900516987, 0.0714739486575, 0.0107519216835, 0.000248209165875, 1.77070014615e-05],
        "dmean2": [0.416923195124, 3.19462370872, 4.12694883347, 4.39060115814, 5.81234741211, 13.1949195862, 15.2518596649, 20.8273658752, 22.4175167084, 15.0882472992, 15.1162233353, 35.1968994141, 33.4542579651, 31.6238021851, 22.4199905396, 55.1929588318, 52.1207351685, 30.6691799164, 38.0910377502, 43.1511878967, 67.5052642822, 45.3236999512, 17.6214752197, 20.0851154327, 17.7832508087, 19.7442245483, 10.0207805634, 7.88936042786, 5.48614597321, 3.37647461891, 3.09422016144, 2.9098739624, 1.75838267803, 0.823509216309, 0.393133878708, 0.245945483446, 0.120434843004, 0.0176741685718, 0.000411499844631, 2.86711438093e-05],
        "dvar": [0.229028820992, 16.7722606659, 16.3745059967, 14.5779466629, 15.1749000549, 177.400024414, 218.088912964, 595.385314941, 762.502197266, 305.640930176, 227.076889038, 1929.9251709, 2141.01977539, 4739.17626953, 969.806518555, 12596.0478516, 13039.3544922, 1359.07019043, 2159.3671875, 2085.8605957, 5278.97558594, 1539.91650391, 150.355728149, 172.906356812, 153.986099243, 223.085189819, 50.7752380371, 45.4527664185, 42.3601150513, 14.1051197052, 11.3050985336, 14.8231124878, 7.21216869354, 0.906948208809, 0.172026768327, 0.106605328619, 0.0214230958372, 0.00045931324712, 2.56552567635e-07, 6.67078114969e-10],
        "dvar2": [0.604520618916, 44.4376525879, 45.4483642578, 39.9016342163, 42.9945106506, 475.600311279, 534.601623535, 1271.31103516, 1961.53857422, 829.31048584, 507.566223145, 4824.33447266, 5267.39404297, 11164.7890625, 2280.60375977, 34251.75, 36678.90625, 3439.08398438, 5776.94677734, 5634.84082031, 11956.3388672, 4416.29296875, 399.445281982, 458.767730713, 405.022399902, 598.86138916, 124.388275146, 113.74407196, 104.649871826, 33.5504417419, 23.8840465546, 32.4631729126, 13.8855371475, 1.97253167629, 0.379353791475, 0.271544992924, 0.0581156685948, 0.00117480789777, 6.61732372009e-07, 1.62102264945e-09],
        "max": [4.37400197983, 37.5616149902, 48.561416626, 40.3515968323, 43.9697952271, 179.688735962, 222.17527771, 446.869750977, 415.644042969, 231.262619019, 302.978851318, 753.820373535, 521.069274902, 1363.671875, 489.62298584, 1694.52929688, 1892.73547363, 494.693939209, 646.065063477, 584.109619141, 1042.50537109, 607.348999023, 178.158538818, 147.844238281, 124.214439392, 207.197937012, 91.9292526245, 85.1944580078, 81.8112564087, 56.7448310852, 83.5224533081, 82.2194519043, 56.181854248, 17.0246753693, 4.74301528931, 4.01068878174, 1.45515275002, 0.343224495649, 0.00828579813242, 0.000247526360909],
        "mean": [0.523118197918, 3.24071741104, 4.83559131622, 5.39088201523, 6.94742250443, 14.3853998184, 17.4823875427, 29.2662239075, 23.2721138, 15.6419620514, 17.9313240051, 39.9141387939, 33.9809875488, 36.2308120728, 26.0045852661, 54.9990272522, 51.0674285889, 38.1245574951, 43.1121177673, 51.7735290527, 92.4758911133, 67.1177444458, 29.5764541626, 32.8539886475, 28.4595088959, 28.2548828125, 17.4109210968, 10.9914541245, 5.85904026031, 4.24411916733, 5.3662405014, 4.57951402664, 2.87514901161, 1.35356724262, 0.598042368889, 0.258784681559, 0.0999763906002, 0.0167791210115, 0.000408792955568, 6.49298017379e-05],
        "median": [0.405940711498, 2.30512452126, 4.07895898819, 4.00849199295, 5.52146577835, 7.5439209938, 11.3328323364, 16.7366065979, 12.4903507233, 9.89465427399, 10.0188865662, 20.5914211273, 14.391368866, 11.7234830856, 9.82828903198, 11.1649007797, 14.152879715, 16.9760665894, 22.3306560516, 27.3339996338, 46.5887908936, 50.8721122742, 25.8279857635, 30.7774429321, 26.3734760284, 22.8664035797, 15.7819213867, 8.47073554993, 3.82140898705, 2.36540198326, 3.18370175362, 2.79925489426, 1.65326404572, 0.860305190086, 0.413726985455, 0.154536426067, 0.0556023716927, 0.00947066582739, 0.000246965530096, 6.14193122601e-05],
        "min": [5.62471154016e-22, 7.7561721047e-21, 2.10247808246e-20, 1.8551972851e-20, 1.12106172832e-19, 2.82943539174e-19, 9.83674499052e-19, 3.6683611935e-19, 2.29426220162e-19, 9.37230995994e-19, 3.76736969804e-18, 1.6362584808e-18, 1.98092137759e-18, 2.81702768255e-18, 1.91536214417e-18, 3.31162337262e-18, 4.75759629473e-18, 5.35649739209e-18, 4.33942795735e-18, 1.19658036625e-17, 7.68320590833e-18, 8.53447402032e-18, 1.18335474087e-17, 1.58588324353e-17, 1.32104449594e-17, 1.52057452176e-17, 2.24721530132e-17, 1.84937550652e-17, 2.22792048635e-17, 2.19679781581e-17, 1.60781477942e-17, 1.12448743996e-17, 1.33841280726e-17, 1.42057996623e-17, 7.85565073217e-18, 6.3164090601e-18, 2.8872786844e-18, 1.37585974922e-18, 3.6924590327e-19, 3.08349215541e-20],
        "var": [0.260829716921, 14.6372289658, 17.0235061646, 23.006269455, 29.3392848969, 400.366210938, 404.506134033, 1869.7052002, 1296.2923584, 370.53338623, 717.20690918, 3741.63378906, 3778.38867188, 11260.7822266, 2229.32202148, 26299.5957031, 23277.8671875, 3717.55712891, 3989.09667969, 4619.63183594, 14877.0273438, 4004.56152344, 445.009368896, 404.397674561, 305.67175293, 494.440216064, 132.695114136, 90.1814422607, 54.9435348511, 31.9343090057, 60.0396118164, 52.8659858704, 25.5677165985, 3.21665120125, 0.380192220211, 0.114399731159, 0.0198691207916, 0.000699069933034, 3.75631998395e-07, 1.18218634881e-09]
    },
    "gfcc": {
        "mean": [49.5478401184, 82.9100952148, -110.509414673, 47.3731040955, -44.5142021179, 15.3846750259, -37.9253501892, 19.6455287933, -21.6003894806, 9.16073131561, -15.1093072891, 3.60651755333, -6.08284711838],
        "cov": [[8682.95410156, -482.078125, -507.023895264, -110.472473145, 94.7021331787, 158.036987305, -110.829711914, 299.586334229, -122.430801392, 76.9467926025, -55.636089325, 139.112243652, -101.823188782], [-482.078125, 377.003082275, 21.2274990082, -0.123176313937, 7.88101196289, -59.0959091187, 44.8918266296, -52.2335090637, -1.99312734604, -20.4470558167, 14.1581935883, -48.2905197144, 24.4504165649], [-507.023895264, 21.2274990082, 229.017227173, 49.8898124695, -12.6303453445, -54.814163208, -37.7519302368, -0.34477558732, 28.5903549194, 0.505704343319, -10.5451335907, 4.64282751083, 10.6684293747], [-110.472473145, -0.123176313937, 49.8898124695, 150.763061523, 3.50706958771, -49.7829284668, -44.4888801575, -1.34250771999, 39.1226005554, -7.70936393738, -9.10786437988, 5.87436962128, 29.9540920258], [94.7021331787, 7.88101196289, -12.6303453445, 3.50706958771, 128.18170166, -11.4013366699, -3.53205084801, 16.8801460266, -12.317442894, 8.28430461884, -14.6555194855, 1.16133213043, 10.1303129196], [158.036987305, -59.0959091187, -54.814163208, -49.7829284668, -11.4013366699, 150.893798828, 75.1054077148, 2.1178252697, -25.6901187897, -11.7709522247, 20.6687412262, -11.6321134567, -28.3207759857], [-110.829711914, 44.8918266296, -37.7519302368, -44.4888801575, -3.53205084801, 75.1054077148, 119.230392456, -0.941682815552, -21.6409568787, -11.8789920807, 3.27923560143, -15.480178833, -17.7222518921], [299.586334229, -52.2335090637, -0.34477558732, -1.34250771999, 16.8801460266, 2.1178252697, -0.941682815552, 84.3516921997, 26.7103881836, 3.10064697266, -22.6015548706, 6.83436775208, 12.3091716766], [-122.430801392, -1.99312734604, 28.5903549194, 39.1226005554, -12.317442894, -25.6901187897, -21.6409568787, 26.7103881836, 86.7873687744, 9.63687324524, -13.0687599182, -10.3026380539, 18.725025177], [76.9467926025, -20.4470558167, 0.505704343319, -7.70936393738, 8.28430461884, -11.7709522247, -11.8789920807, 3.10064697266, 9.63687324524, 49.4414787292, 15.6611871719, 9.72993469238, -6.92258453369], [-55.636089325, 14.1581935883, -10.5451335907, -9.10786437988, -14.6555194855, 20.6687412262, 3.27923560143, -22.6015548706, -13.0687599182, 15.6611871719, 80.4377212524, 21.6996974945, -5.56810855865], [139.112243652, -48.2905197144, 4.64282751083, 5.87436962128, 1.16133213043, -11.6321134567, -15.480178833, 6.83436775208, -10.3026380539, 9.72993469238, 21.6996974945, 63.0543785095, 20.5914440155], [-101.823188782, 24.4504165649, 10.6684293747, 29.9540920258, 10.1303129196, -28.3207759857, -17.7222518921, 12.3091716766, 18.725025177, -6.92258453369, -5.56810855865, 20.5914440155, 62.7269363403]],
        "icov": [[0.000206451921258, -0.000200426919037, 0.000473382737255, -0.000162675685715, 6.75986811984e-05, -0.000429411011282, 0.000660567602608, -0.000894024618901, 0.000392747169826, -0.000309713999741, 0.000429622916272, -0.000710518565029, 0.000687657273374], [-0.000200426919037, 0.00584579678252, -0.000920645950828, 0.00103382812813, -0.000738477858249, 0.00529925851151, -0.00514956004918, 0.00329594872892, -0.000127960942336, 0.00213571405038, -0.00418381299824, 0.00695355376229, -0.00491107627749], [0.000473382737255, -0.000920645950828, 0.00621258933097, -0.00144432322122, 0.00070673978189, -7.40899631637e-05, 0.00220205448568, -0.00205638934858, -8.06852476671e-05, -0.000480016868096, 0.00160871562548, -0.00268879323266, 0.00263503845781], [-0.000162675685715, 0.00103382812813, -0.00144432322122, 0.00963744241744, -0.00102522049565, 0.00201510079205, 0.000580729334615, 0.0028053605929, -0.00412353919819, 0.00337651488371, -0.00108132360037, 0.000771551334765, -0.00308032520115], [6.75986811984e-05, -0.000738477858249, 0.00070673978189, -0.00102522049565, 0.00920904893428, -0.000229206169024, 0.000672721769661, -0.00282998057082, 0.00369475479238, -0.00354523677379, 0.00210945145227, 0.00052193069132, -0.00155665597413], [-0.000429411011282, 0.00529925851151, -7.40899631637e-05, 0.00201510079205, -0.000229206169024, 0.0167584009469, -0.0108392583206, 0.00183572806418, -6.9604946475e-05, 0.0051214103587, -0.00759399076924, 0.00755698373541, -0.00210052146576], [0.000660567602608, -0.00514956004918, 0.00220205448568, 0.000580729334615, 0.000672721769661, -0.0108392583206, 0.0188554283231, -0.00477928947657, 0.00199249014258, -0.00110486720223, 0.00485013006255, -0.00533943902701, 0.00515688816085], [-0.000894024618901, 0.00329594872892, -0.00205638934858, 0.0028053605929, -0.00282998057082, 0.00183572806418, -0.00477928947657, 0.0212433692068, -0.00797176733613, 0.00167544314172, 0.00176588457543, 0.000944500323385, -0.00554769020528], [0.000392747169826, -0.000127960942336, -8.06852476671e-05, -0.00412353919819, 0.00369475479238, -6.9604946475e-05, 0.00199249014258, -0.00797176733613, 0.0200410857797, -0.00699646677822, 0.000796427950263, 0.00627157185227, -0.004573401995], [-0.000309713999741, 0.00213571405038, -0.000480016868096, 0.00337651488371, -0.00354523677379, 0.0051214103587, -0.00110486720223, 0.00167544314172, -0.00699646677822, 0.0283085312694, -0.00757384346798, -0.00177825125866, 0.00450205383822], [0.000429622916272, -0.00418381299824, 0.00160871562548, -0.00108132360037, 0.00210945145227, -0.00759399076924, 0.00485013006255, 0.00176588457543, 0.000796427950263, -0.00757384346798, 0.0214051958174, -0.0121983746067, 0.004656302277], [-0.000710518565029, 0.00695355376229, -0.00268879323266, 0.000771551334765, 0.00052193069132, 0.00755698373541, -0.00533943902701, 0.000944500323385, 0.00627157185227, -0.00177825125866, -0.0121983746067, 0.0336863584816, -0.0163506958634], [0.000687657273374, -0.00491107627749, 0.00263503845781, -0.00308032520115, -0.00155665597413, -0.00210052146576, 0.00515688816085, -0.00554769020528, -0.004573401995, 0.00450205383822, 0.004656302277, -0.0163506958634, 0.0294869858772]]
    },
    "melbands": {
        "dmean": [0.002237085253, 0.00166303140577, 0.000454263703432, 0.000383525824873, 0.000326239300193, 0.000303638895275, 0.000203285351745, 8.99198566913e-05, 0.000104112070403, 0.000140700110933, 0.00011343274673, 9.19008743949e-05, 5.83284672757e-05, 5.15514657309e-05, 0.000147600338096, 3.57626049663e-05, 4.06707731599e-05, 4.54305409221e-05, 3.44404688803e-05, 4.562624963e-05, 5.32858030056e-05, 3.26478912029e-05, 1.80969673238e-05, 1.11276658572e-05, 1.11751196528e-05, 9.60432589636e-06, 8.35174432723e-06, 8.86639645614e-06, 4.51986443295e-06, 3.68927976524e-06, 2.58487466454e-06, 2.10545499613e-06, 1.40346958233e-06, 1.22879828268e-06, 1.24212306218e-06, 1.39858866532e-06, 1.22660196666e-06, 9.18260468552e-07, 7.4085352253e-07, 4.38212310883e-07],
        "dmean2": [0.00387516105548, 0.00277479528449, 0.000754450564273, 0.000646247644909, 0.000521315203514, 0.000465457967948, 0.000328436057316, 0.000148885024828, 0.000160916548339, 0.000214547515498, 0.000176962232217, 0.000140570133226, 9.00520026335e-05, 7.99344998086e-05, 0.000243703863816, 6.01433530392e-05, 6.60510195303e-05, 7.44099525036e-05, 5.61131273571e-05, 7.44947974454e-05, 8.42181179905e-05, 5.46677038074e-05, 2.97214301099e-05, 1.85400858754e-05, 1.84257150977e-05, 1.60784129548e-05, 1.39028988997e-05, 1.48998960867e-05, 7.46590740164e-06, 6.14005466559e-06, 4.26719589086e-06, 3.54897247234e-06, 2.30622299568e-06, 1.9957421955e-06, 1.90150365142e-06, 2.24810901273e-06, 1.89114587101e-06, 1.38755910939e-06, 1.12541067665e-06, 6.6480561145e-07],
        "dvar": [2.2435306164e-05, 9.77489617071e-06, 3.78539141366e-07, 3.53213096105e-07, 2.30720232253e-07, 2.6073669801e-07, 1.5561631983e-07, 2.97148510242e-08, 2.96310780357e-08, 6.768233618e-08, 6.44532391902e-08, 9.34775243877e-08, 1.98125924555e-08, 3.13356949277e-08, 2.51753817793e-07, 1.6358365329e-08, 6.64685684271e-09, 1.05082120783e-08, 3.88519660888e-09, 1.07446975761e-08, 8.32198576717e-09, 2.28411289882e-09, 6.61652399536e-10, 1.89938564876e-10, 1.41162484479e-10, 1.27895777302e-10, 9.85029141587e-11, 1.39557421175e-10, 3.10469219778e-11, 2.23708534336e-11, 1.53875714254e-11, 1.68290485714e-11, 6.73402392876e-12, 4.29192879153e-12, 3.99790530542e-12, 5.95676719756e-12, 8.12964799646e-12, 4.23433076796e-12, 2.95495507403e-12, 4.76822899741e-13],
        "dvar2": [5.84549052292e-05, 2.58289201156e-05, 1.03074921753e-06, 9.94739252747e-07, 5.63899163808e-07, 5.59510908715e-07, 4.08141517028e-07, 8.05200457421e-08, 6.41805826262e-08, 1.66104683785e-07, 1.59035238312e-07, 2.23783359843e-07, 4.52468000844e-08, 7.9481324633e-08, 7.20895798167e-07, 4.25057748998e-08, 1.66279452429e-08, 2.82565668641e-08, 9.30164478774e-09, 2.86235106728e-08, 1.8601893359e-08, 6.59073418063e-09, 1.84606974152e-09, 4.88060813986e-10, 3.69532932032e-10, 3.52160078876e-10, 2.58088134197e-10, 3.71285946432e-10, 7.63268892534e-11, 5.75036511463e-11, 3.91868482108e-11, 4.18100692956e-11, 1.59359331287e-11, 1.05620494989e-11, 8.18240007e-12, 1.38696493526e-11, 1.85877459258e-11, 8.25229641566e-12, 6.56414332612e-12, 1.06695967166e-12],
        "max": [0.0402165688574, 0.0279271900654, 0.00625631399453, 0.007220024243, 0.00680317683145, 0.00882726535201, 0.00575224449858, 0.00214612134732, 0.00352019770071, 0.00445396685973, 0.00322236260399, 0.00576332816854, 0.00263749668375, 0.00379015901126, 0.00714661786333, 0.00248152180575, 0.00102868268732, 0.00156598701142, 0.000807724078186, 0.00153838086408, 0.00131768616848, 0.000691295776051, 0.000436324247858, 0.000167164253071, 0.000121701064927, 0.000110798835522, 8.68390707183e-05, 0.000190476799617, 8.6982792709e-05, 5.2560983022e-05, 5.41913650522e-05, 4.82200994156e-05, 4.03300655307e-05, 2.87918901449e-05, 6.02307081863e-05, 3.85509774787e-05, 6.19666388957e-05, 4.8032754421e-05, 3.58623110515e-05, 1.16602968774e-05],
        "mean": [0.00454307859764, 0.00320451171137, 0.00101753720082, 0.000727496400941, 0.000656362331938, 0.000646751956083, 0.000340704515111, 0.000149362735101, 0.000185817640158, 0.000246683630394, 0.000171826890437, 0.000153732296894, 9.34625204536e-05, 8.84924957063e-05, 0.000213615319808, 6.4327934524e-05, 7.47491649236e-05, 7.59846661822e-05, 5.83007058594e-05, 8.39388376335e-05, 0.000112470843305, 7.3600334872e-05, 3.77154283342e-05, 2.42850437644e-05, 2.679323552e-05, 2.27732525673e-05, 1.87232162716e-05, 1.92263560166e-05, 1.15691127576e-05, 8.45787144499e-06, 5.42041607332e-06, 3.40522387887e-06, 2.4125120035e-06, 2.34890103457e-06, 3.00993883684e-06, 3.32630725097e-06, 2.61028185378e-06, 2.04571028917e-06, 1.63468610026e-06, 9.89285808828e-07],
        "median": [0.00323374662548, 0.00255200522952, 0.000817588763312, 0.000491939776111, 0.000430016865721, 0.000372456415789, 0.000187895726413, 9.87617386272e-05, 9.57744268817e-05, 0.000126828090288, 6.62905149511e-05, 4.3911364628e-05, 3.32149356836e-05, 2.05747037398e-05, 3.51931339537e-05, 2.64471891569e-05, 3.14866556437e-05, 3.54633775714e-05, 2.86804279312e-05, 3.69145345758e-05, 5.75667036173e-05, 5.52344536118e-05, 2.77868712146e-05, 1.93082596525e-05, 2.45781229751e-05, 2.09519475902e-05, 1.57337090059e-05, 1.48257631736e-05, 9.98164159682e-06, 7.01018234395e-06, 3.91330195271e-06, 2.15890190702e-06, 1.41840382639e-06, 1.21175685308e-06, 1.62647449997e-06, 1.93334494725e-06, 1.49843674535e-06, 1.1415430663e-06, 8.61384137352e-07, 6.26783560165e-07],
        "min": [8.42296291902e-24, 1.10083788052e-23, 6.06552704556e-24, 1.13680346914e-23, 3.1547459523e-23, 9.90049623906e-24, 2.98536659022e-24, 1.52868479662e-23, 2.98098324516e-23, 9.40178784111e-24, 9.46202762641e-24, 1.12328886189e-23, 6.58397116563e-24, 8.22924471311e-24, 7.51433636231e-24, 1.14216267459e-23, 9.42141864474e-24, 4.56526861499e-24, 1.49670327112e-23, 1.34561400412e-23, 9.1169025581e-24, 9.27007410235e-24, 7.30684937816e-24, 1.53550402583e-23, 1.25067451529e-23, 8.82345261225e-24, 9.50548202938e-24, 1.07784558281e-23, 1.16712507353e-23, 1.72564948071e-23, 8.56935972581e-24, 1.37685494701e-23, 1.1543623296e-23, 1.29103192923e-23, 1.08028758063e-23, 6.61363036352e-24, 6.6637139591e-24, 8.74603695845e-24, 1.04669819883e-23, 1.2474162831e-23],
        "var": [2.25499952649e-05, 8.94677214092e-06, 6.85206600792e-07, 6.27124677521e-07, 4.87643376346e-07, 8.26309928925e-07, 2.52566593417e-07, 3.43653177026e-08, 9.57453991646e-08, 1.36985860877e-07, 1.13427894632e-07, 2.19653131239e-07, 3.73567239365e-08, 7.39575511943e-08, 4.60758570853e-07, 3.18883834893e-08, 1.60177648922e-08, 1.86850996897e-08, 7.64516894236e-09, 2.14799147358e-08, 2.38179591605e-08, 5.17039300263e-09, 1.4116913194e-09, 4.13961254164e-10, 2.98035207624e-10, 2.11888326329e-10, 1.88088739028e-10, 2.9386310052e-10, 7.5909653563e-11, 4.49651600676e-11, 2.86227361257e-11, 2.08018290093e-11, 1.11392119487e-11, 1.12389125784e-11, 2.30294481401e-11, 2.14655394154e-11, 2.26143010568e-11, 1.43136899902e-11, 7.96987562751e-12, 1.52674303321e-12]
    },
    "mfcc": {
        "mean": [-592.203491211, 109.668640137, -0.921679019928, 35.5659370422, 16.3801593781, 3.05114865303, 4.39451360703, 3.87652420998, 5.43375825882, 7.93014431, -4.28846216202, 5.30978488922, -0.18465615809],
        "cov": [[6144.93554688, -69.5948257446, -465.729187012, -71.0591888428, 70.3359527588, -82.9404907227, 62.652973175, 97.4836807251, 47.6294822693, 45.3561134338, -74.6655654907, 200.00831604, 36.587272644], [-69.5948257446, 410.495391846, -25.5824356079, 49.8192329407, -23.8158931732, -1.69756019115, 29.4871044159, -28.5283527374, -4.58259630203, 9.0074005127, 12.3619813919, -33.5652351379, -35.9172706604], [-465.729187012, -25.5824356079, 228.599655151, 32.9657211304, -4.33293867111, -8.94857311249, -52.47864151, -5.33459186554, -11.3471384048, -4.03087186813, 15.8677406311, -22.6259555817, 1.90512883663], [-71.0591888428, 49.8192329407, 32.9657211304, 189.590042114, 63.2199287415, -40.8116912842, -66.6597061157, -35.0151634216, 30.8624382019, -28.1184635162, -10.3836421967, -9.46659660339, 4.6923789978], [70.3359527588, -23.8158931732, -4.33293867111, 63.2199287415, 126.070541382, -35.1974143982, -31.6013832092, -20.5304298401, 22.5203132629, -3.70360684395, -23.2834968567, 18.344959259, -0.413154095411], [-82.9404907227, -1.69756019115, -8.94857311249, -40.8116912842, -35.1974143982, 91.8683853149, 48.2561378479, 16.434469223, -21.7773838043, 10.5630292892, 12.0092658997, -12.1418514252, -4.94624185562], [62.652973175, 29.4871044159, -52.47864151, -66.6597061157, -31.6013832092, 48.2561378479, 120.762290955, 32.9093322754, -23.4237365723, -6.56201410294, 6.59846448898, 11.2743320465, -3.34734344482], [97.4836807251, -28.5283527374, -5.33459186554, -35.0151634216, -20.5304298401, 16.434469223, 32.9093322754, 69.7992324829, 20.0881767273, 10.7248678207, -4.71204185486, -1.45880258083, 0.273211300373], [47.6294822693, -4.58259630203, -11.3471384048, 30.8624382019, 22.5203132629, -21.7773838043, -23.4237365723, 20.0881767273, 88.7161712646, 27.7585353851, -4.74533700943, -22.2306919098, -8.35700893402], [45.3561134338, 9.0074005127, -4.03087186813, -28.1184635162, -3.70360684395, 10.5630292892, -6.56201410294, 10.7248678207, 27.7585353851, 72.8884811401, 16.9141273499, -12.4920558929, -22.0749721527], [-74.6655654907, 12.3619813919, 15.8677406311, -10.3836421967, -23.2834968567, 12.0092658997, 6.59846448898, -4.71204185486, -4.74533700943, 16.9141273499, 51.5074081421, -0.122134551406, -5.70863819122], [200.00831604, -33.5652351379, -22.6259555817, -9.46659660339, 18.344959259, -12.1418514252, 11.2743320465, -1.45880258083, -22.2306919098, -12.4920558929, -0.122134551406, 77.2194900513, 28.2934894562], [36.587272644, -35.9172706604, 1.90512883663, 4.6923789978, -0.413154095411, -4.94624185562, -3.34734344482, 0.273211300373, -8.35700893402, -22.0749721527, -5.70863819122, 28.2934894562, 56.6160697937]],
