{
"lowlevel": {
    "average_loudness": 0.968686878681,
    "barkbands_crest": {
        "dmean": 2.33844447136,
        "dmean2": 3.86445713043,
        "dvar": 5.18126249313,
        "dvar2": 13.7041034698,
        "max": 23.5488014221,
        "mean": 8.59994411469,
        "median": 7.94911050797,
        "min": 3.04305672646,
        "var": 10.6804103851
    },
    "barkbands_flatness_db": {
        "dmean": 0.0188547223806,
        "dmean2": 0.0278680026531,
        "dvar": 0.00036336411722,
        "dvar2": 0.000797947926912,
        "max": 0.323551446199,
        "mean": 0.114596761763,
        "median": 0.107687801123,
        "min": 0.0307722985744,
        "var": 0.00161511730403
    },
    "barkbands_kurtosis": {
        "dmean": 1.80706596375,
        "dmean2": 2.79221534729,
        "dvar": 14.7158327103,
        "dvar2": 34.6466827393,
        "max": 66.9328079224,
        "mean": 2.42929506302,
        "median": 0.751372098923,
        "min": -1.89012944698,
        "var": 33.8328475952
    },
    "barkbands_skewness": {
        "dmean": 0.413194060326,
        "dmean2": 0.632238149643,
        "dvar": 0.195167019963,
        "dvar2": 0.465032011271,
        "max": 6.62396764755,
        "mean": 1.27256464958,
        "median": 1.09220647812,
        "min": -1.86504673958,
        "var": 0.935078978539
    },
    "barkbands_spread": {
        "dmean": 6.41848897934,
        "dmean2": 9.78063964844,
        "dvar": 69.0302124023,
        "dvar2": 144.168609619,
        "max": 100.010894775,
        "mean": 26.7694473267,
        "median": 24.1453533173,
        "min": 1.70505702496,
        "var": 202.770523071
    },
    "dissonance": {
        "dmean": 0.0165974013507,
        "dmean2": 0.027913345024,
        "dvar": 0.000269965064945,
        "dvar2": 0.000776624248829,
        "max": 0.499652177095,
        "mean": 0.465509623289,
        "median": 0.471612721682,
        "min": 0.339518994093,
        "var": 0.000602279789746
    },
    "dynamic_complexity": 2.76355290413,
    "erbbands_crest": {
        "dmean": 2.6719315052,
        "dmean2": 4.34410572052,
        "dvar": 7.01533412933,
        "dvar2": 16.38514328,
        "max": 25.2525310516,
        "mean": 9.20930767059,
        "median": 8.10319042206,
        "min": 2.65558576584,
        "var": 20.6138553619
    },
    "erbbands_flatness_db": {
        "dmean": 0.0170655641705,
        "dmean2": 0.0240882411599,
        "dvar": 0.000270592805464,
        "dvar2": 0.000528098433279,
        "max": 0.255788177252,
        "mean": 0.143200576305,
        "median": 0.143556445837,
        "min": 0.0465926602483,
        "var": 0.00120114651509
    },
    "erbbands_kurtosis": {
        "dmean": 0.700519979,
        "dmean2": 1.11085987091,
        "dvar": 0.861654818058,
        "dvar2": 2.13879609108,
        "max": 9.78900718689,
        "mean": 0.129198148847,
        "median": -0.32995724678,
        "min": -1.80635678768,
        "var": 2.05640220642
    },
    "erbbands_skewness": {
        "dmean": 0.331593602896,
        "dmean2": 0.511993288994,
        "dvar": 0.0955602005124,
        "dvar2": 0.228500857949,
        "max": 3.02330327034,
        "mean": 0.214921891689,
        "median": 0.227416709065,
        "min": -2.33660578728,
        "var": 0.416716754436
    },
    "erbbands_spread": {
        "dmean": 8.03995609283,
        "dmean2": 12.0385160446,
        "dvar": 92.8555908203,
        "dvar2": 193.735870361,
        "max": 143.444259644,
        "mean": 40.9434280396,
        "median": 38.6764717102,
        "min": 6.64100694656,
        "var": 408.905303955
    },
    "hfc": {
        "dmean": 6.9927315712,
        "dmean2": 10.4125347137,
        "dvar": 105.995376587,
        "dvar2": 214.649261475,
        "max": 181.472167969,
        "mean": 27.3648796082,
        "median": 24.4696846008,
        "min": 1.1141289053e-16,
        "var": 407.431182861
    },
    "melbands_crest": {
        "dmean": 2.70912861824,
        "dmean2": 4.4812412262,
        "dvar": 6.52783870697,
        "dvar2": 16.7132530212,
        "max": 28.7271633148,
        "mean": 12.2611627579,
        "median": 11.5285844803,
        "min": 2.08866381645,
        "var": 17.9430713654
    },
    "melbands_flatness_db": {
        "dmean": 0.0226512812078,
        "dmean2": 0.0340351201594,
        "dvar": 0.000599517021328,
        "dvar2": 0.00136195402592,
        "max": 0.438934028149,
        "mean": 0.181612685323,
        "median": 0.171287044883,
        "min": 0.00420418800786,
        "var": 0.00274745956995
    },
    "melbands_kurtosis": {
        "dmean": 5.03519821167,
        "dmean2": 8.08884716034,
        "dvar": 115.933280945,
        "dvar2": 315.064300537,
        "max": 204.597076416,
        "mean": 10.5621967316,
        "median": 5.35146808624,
        "min": -1.37273299694,
        "var": 272.630859375
    },
    "melbands_skewness": {
        "dmean": 0.589376807213,
        "dmean2": 0.905009925365,
        "dvar": 0.431721031666,
        "dvar2": 1.05594134331,
        "max": 12.9510259628,
        "mean": 2.37662529945,
        "median": 2.10201835632,
        "min": -0.768192529678,
        "var": 2.29032373428
    },
    "melbands_spread": {
        "dmean": 6.66647958755,
        "dmean2": 10.1796073914,
        "dvar": 74.4213409424,
        "dvar2": 145.615722656,
        "max": 172.261871338,
        "mean": 26.7255134583,
        "median": 25.5238780975,
        "min": 1.35320031643,
        "var": 232.77532959
    },
    "pitch_salience": {
        "dmean": 0.0610354878008,
        "dmean2": 0.0987084582448,
        "dvar": 0.00278227520175,
        "dvar2": 0.00741179054603,
        "max": 0.799165666103,
        "mean": 0.548242688179,
        "median": 0.547156274319,
        "min": 0.207463905215,
        "var": 0.00801436509937
    },
    "silence_rate_20dB": {
        "dmean": 0,
        "dmean2": 0,
        "dvar": 0,
        "dvar2": 0,
        "max": 1,
        "mean": 1,
        "median": 1,
        "min": 1,
        "var": 0
    },
    "silence_rate_30dB": {
        "dmean": 0,
        "dmean2": 0,
        "dvar": 0,
        "dvar2": 0,
        "max": 1,
        "mean": 1,
        "median": 1,
        "min": 1,
        "var": 0
    },
    "silence_rate_60dB": {
        "dmean": 0.00154798757285,
        "dmean2": 0.00309837330133,
        "dvar": 0.0015455794055,
        "dvar2": 0.00308882608078,
        "max": 1,
        "mean": 0.0371229685843,
        "median": 0,
        "min": 0,
        "var": 0.0357457101345
    },
    "spectral_centroid": {
        "dmean": 240.235168457,
        "dmean2": 369.645324707,
        "dvar": 120740.101562,
        "dvar2": 198677.40625,
        "max": 11265.1191406,
        "mean": 1451.88952637,
        "median": 1400.50720215,
        "min": 210.896942139,
        "var": 311850.625
    },
    "spectral_complexity": {
        "dmean": 3.40092873573,
        "dmean2": 5.42370271683,
        "dvar": 11.2154397964,
        "dvar2": 26.1822776794,
        "max": 48,
        "mean": 22.5831394196,
        "median": 24,
        "min": 0,
        "var": 92.3654708862
    },
    "spectral_decrease": {
        "dmean": 1.89018534158e-09,
        "dmean2": 2.98443292301e-09,
        "dvar": 4.71551678979e-18,
        "dvar2": 1.07945299772e-17,
        "max": -1.14784895055e-28,
        "mean": -7.66170504818e-09,
        "median": -7.35904004401e-09,
        "min": -2.14313988778e-08,
        "var": 1.43638424445e-17
    },
    "spectral_energy": {
        "dmean": 0.00747716892511,
        "dmean2": 0.0117490068078,
        "dvar": 7.06584032741e-05,
        "dvar2": 0.00016058057372,
        "max": 0.0833199992776,
        "mean": 0.0313991345465,
        "median": 0.0304067004472,
        "min": 1.05387042878e-20,
        "var": 0.00023443668033
    },
    "spectral_energyband_high": {
        "dmean": 0.000518769142218,
        "dmean2": 0.000760841765441,
        "dvar": 1.13197495466e-06,
        "dvar2": 2.17565434468e-06,
        "max": 0.0187415350229,
        "mean": 0.00110668491106,
        "median": 0.00058884639293,
        "min": 7.50090449079e-21,
        "var": 3.32004083248e-06
    },
    "spectral_energyband_low": {
        "dmean": 0.00440390734002,
        "dmean2": 0.00710573373362,
        "dvar": 5.04957097291e-05,
        "dvar2": 0.000121237579151,
        "max": 0.0713856071234,
        "mean": 0.0102744428441,
        "median": 0.00848721433431,
        "min": 1.13149462458e-22,
        "var": 6.37154953438e-05
    },
    "spectral_energyband_middle_high": {
        "dmean": 0.00228551053442,
        "dmean2": 0.00361797376536,
        "dvar": 1.21942921396e-05,
        "dvar2": 3.22844643961e-05,
        "max": 0.0506315454841,
        "mean": 0.00758802425116,
        "median": 0.0056798630394,
        "min": 1.44241699382e-21,
        "var": 5.03374540131e-05
    },
    "spectral_energyband_middle_low": {
        "dmean": 0.00470895227045,
        "dmean2": 0.00747637078166,
        "dvar": 2.90305761155e-05,
        "dvar2": 7.04201956978e-05,
        "max": 0.0534315928817,
        "mean": 0.0143382549286,
        "median": 0.0126271946356,
        "min": 4.5414149285e-22,
        "var": 8.94046606845e-05
    },
    "spectral_entropy": {
        "dmean": 0.154648318887,
        "dmean2": 0.215925782919,
        "dvar": 0.0352353453636,
        "dvar2": 0.0628138631582,
        "max": 9.78812217712,
        "mean": 7.67541503906,
        "median": 7.70529937744,
        "min": 5.98820495605,
        "var": 0.140168905258
    },
    "spectral_flux": {
        "dmean": 0.0217300690711,
        "dmean2": 0.0339587368071,
        "dvar": 0.000551353441551,
        "dvar2": 0.00124962488189,
        "max": 0.23401285708,
        "mean": 0.087656930089,
        "median": 0.0830296054482,
        "min": 1.02658194445e-10,
        "var": 0.00159058882855
    },
    "spectral_kurtosis": {
        "dmean": 1.220454216,
        "dmean2": 1.97835040092,
        "dvar": 1.79370570183,
        "dvar2": 4.3279800415,
        "max": 25.3770503998,
        "mean": 3.97188091278,
        "median": 3.78285646439,
        "min": -1.22152864933,
        "var": 5.11349201202
    },
    "spectral_rms": {
        "dmean": 0.000639519246761,
        "dmean2": 0.000992735615,
        "dvar": 4.29978229022e-07,
        "dvar2": 9.5428390523e-07,
        "max": 0.00901597458869,
        "mean": 0.00531573034823,
        "median": 0.00544656533748,
        "min": 3.20650320532e-12,
        "var": 2.37627455135e-06
    },
    "spectral_rolloff": {
        "dmean": 551.280761719,
        "dmean2": 909.699157715,
        "dvar": 1310898.125,
        "dvar2": 2569436,
        "max": 18712.3535156,
        "mean": 1607.76184082,
        "median": 1184.32617188,
        "min": 86.1328125,
        "var": 2448516.5
    },
    "spectral_skewness": {
        "dmean": 0.183914288878,
        "dmean2": 0.285253465176,
        "dvar": 0.0411504283547,
        "dvar2": 0.0891432911158,
        "max": 3.51822710037,
        "mean": 1.46738982201,
        "median": 1.4548677206,
        "min": -0.00419704103842,
        "var": 0.149728670716
    },
    "spectral_spread": {
        "dmean": 665658.625,
        "dmean2": 910321,
        "dvar": 1.72476229222e+12,
        "dvar2": 2.20101738496e+12,
        "max": 40239064,
        "mean": 4859646.5,
        "median": 4311094,
        "min": 2284822.25,
        "var": 3.90377321267e+12
    },
    "spectral_strongpeak": {
        "dmean": 0.771592199802,
        "dmean2": 1.32013165951,
        "dvar": 1.33589625359,
        "dvar2": 3.60933041573,
        "max": 10.253443718,
        "mean": 1.28062677383,
        "median": 0.474668204784,
        "min": 0,
        "var": 2.31325292587
    },
    "zerocrossingrate": {
        "dmean": 0.011613686569,
        "dmean2": 0.0138696841896,
        "dvar": 0.000418435345637,
        "dvar2": 0.0004290145298,
        "max": 0.51611328125,
        "mean": 0.064508639276,
        "median": 0.05810546875,
        "min": 0.0068359375,
        "var": 0.00134980666917
    },
    "barkbands": {
        "dmean": [0.000181974392035, 0.00304791913368, 0.00187406595796, 0.00117875321303, 0.00172696413938, 0.00137551769149, 0.00081248069182, 0.000502534909174, 0.00172656273935, 0.000884047767613, 0.000716983980965, 0.000814751139842, 0.000249257602263, 0.00037960553891, 0.000364794628695, 0.000299254083075, 0.000311801995849, 0.000232933860389, 0.000165419376572, 0.000134186760988, 9.7999778518e-05, 7.51233528717e-05, 8.61359367264e-05, 0.000139832030982, 0.000112355439342, 4.55643203168e-05, 4.78369929624e-06],
        "dmean2": [0.000296361133223, 0.00507045723498, 0.00312143727206, 0.00191040453501, 0.00293440953828, 0.00210202182643, 0.00124879227951, 0.000764203548897, 0.00270366109908, 0.0013934110757, 0.00122190988623, 0.00129427050706, 0.000394381349906, 0.000615240656771, 0.000567272072658, 0.000484756543301, 0.00049934303388, 0.000384729733923, 0.000273275683867, 0.000220333051402, 0.000159256247571, 0.000122119876323, 0.00012685279944, 0.000196273205802, 0.000163253338542, 7.17184157111e-05, 8.18819989945e-06],
        "dvar": [8.47997938536e-08, 4.08192827308e-05, 6.35374999547e-06, 2.62707908405e-06, 8.82324093254e-06, 5.04121226186e-06, 3.90847935705e-06, 1.6943679384e-06, 1.12282668852e-05, 7.04371814209e-06, 2.78187485492e-06, 5.70393740418e-06, 4.36668386783e-07, 1.06928541754e-06, 8.66741174832e-07, 4.51737264484e-07, 2.76176621128e-07, 2.98404415844e-07, 5.00272712145e-08, 4.07689206838e-08, 2.32575754211e-08, 2.07698427346e-08, 4.22675228151e-08, 1.95351489651e-07, 1.51942472826e-07, 1.63290003741e-08, 4.33489799612e-10],
        "dvar2": [2.06754990018e-07, 0.000103308389953, 1.75912500708e-05, 7.11584834789e-06, 2.45160281338e-05, 1.06595662146e-05, 7.68924201111e-06, 4.11040173276e-06, 2.59038570221e-05, 1.86993456737e-05, 7.19596664567e-06, 1.60513282026e-05, 9.35922287226e-07, 2.84286784336e-06, 2.06758522836e-06, 9.54766619543e-07, 6.65701293201e-07, 8.61425689891e-07, 1.23463422597e-07, 1.00425133098e-07, 5.69427207608e-08, 5.19355261019e-08, 7.67143291114e-08, 3.58004484724e-07, 3.27645977904e-07, 3.90335372913e-08, 1.2099328206e-09],
        "max": [0.00358467223123, 0.0684384852648, 0.0259828884155, 0.0248346291482, 0.0368873365223, 0.0335727445781, 0.0467522144318, 0.0254223272204, 0.0430627427995, 0.04279493168, 0.0316690914333, 0.0341983735561, 0.0125640649348, 0.0164379030466, 0.0162406805903, 0.00943886302412, 0.00917498674244, 0.00996789801866, 0.00353485299274, 0.00277075031772, 0.00176855246536, 0.00214676070027, 0.00462953932583, 0.0108444755897, 0.00887996517122, 0.001530221547, 0.000307753536617],
        "mean": [0.000246061710641, 0.00532421236858, 0.00331970863044, 0.00219242926687, 0.00301813683473, 0.00254682055674, 0.00153876864351, 0.000880774634425, 0.00304935895838, 0.00168907816987, 0.00120091554709, 0.00127396092284, 0.000378780270694, 0.000621960381977, 0.000626300927252, 0.000563011621125, 0.000733568624128, 0.000515524065122, 0.000406398670748, 0.000316475139698, 0.000209691672353, 0.00013777372078, 0.000142133765621, 0.000235628569499, 0.000171787367435, 5.59428372071e-05, 3.93539039578e-06],
        "median": [0.000127442530356, 0.00414864253253, 0.00257121678442, 0.00122439255938, 0.00210778648034, 0.00123020447791, 0.000460652692709, 0.000238233886193, 0.00103376957122, 0.000452092208434, 0.000312043121085, 0.000349753652699, 0.000165771751199, 0.000298466155073, 0.000235973624513, 0.000277622835711, 0.000421920005465, 0.000318280945066, 0.000325546687236, 0.000232892940403, 0.000153535846039, 7.13207409717e-05, 3.8503210817e-05, 6.51473455946e-05, 5.4328214901e-05, 1.33232269945e-05, 2.81101677047e-07],
        "min": [6.01463526198e-23, 3.59538093476e-23, 3.01450099839e-23, 4.07899526815e-23, 7.40372654603e-23, 9.42353989171e-23, 1.17340333348e-22, 4.88559733959e-23, 5.08681777048e-23, 5.69880438561e-23, 6.00110471973e-23, 4.90782712435e-23, 1.13055972974e-22, 1.10418766792e-22, 9.19746687131e-23, 1.42813611233e-22, 1.41335248031e-22, 2.0102437687e-22, 3.76357838599e-22, 3.17029313856e-22, 5.47906736979e-22, 6.70847970132e-22, 7.22393732023e-22, 7.61294343904e-22, 1.1651883001e-21, 1.68594999254e-21, 1.92634471325e-21],
        "var": [1.17062675997e-07, 3.69511180907e-05, 8.68997994985e-06, 8.24499238661e-06, 1.13081277959e-05, 1.35070295073e-05, 1.51058075062e-05, 6.62426919007e-06, 2.37539279624e-05, 2.03033650905e-05, 6.4599257712e-06, 9.81054108706e-06, 6.83089297127e-07, 1.40438373819e-06, 1.68182430116e-06, 8.56363442381e-07, 1.08032065782e-06, 6.09534481555e-07, 1.55541343361e-07, 1.00942102677e-07, 4.74102428427e-08, 4.16887289134e-08, 1.26313366877e-07, 5.8112300394e-07, 2.80339776282e-07, 1.98431973075e-08, 2.91972335198e-10]
    },
    "erbbands": {
        "dmean": [0.0967363789678, 0.706169128418, 1.85626876354, 3.31671619415, 4.32096004486, 6.90516471863, 5.3204498291, 12.5739908218, 13.4960603714, 11.5300350189, 9.86697101593, 31.3237056732, 48.8046112061, 17.1179847717, 31.0837039948, 27.8481884003, 9.14964103699, 20.80493927, 13.591796875, 17.4065418243, 15.3057746887, 15.4239654541, 12.1789894104, 9.90439319611, 7.41770172119, 6.22028970718, 4.4772028923, 3.61949396133, 2.691157341, 2.25268292427, 2.67173433304, 2.67824864388, 2.43871879578, 1.48561573029, 0.71608453989, 0.236137196422, 0.0755787491798, 0.0169220454991, 0.000502765120473, 1.90059836314e-05],
        "dmean2": [0.158455610275, 1.18903672695, 3.09015965462, 5.32718992233, 7.49994802475, 11.4141921997, 8.65287208557, 19.0767383575, 20.8475341797, 17.643573761, 14.9059352875, 47.9708480835, 75.928314209, 26.8988361359, 52.5729675293, 42.8387260437, 14.2345275879, 34.2132720947, 20.8796730042, 27.1015262604, 25.0150299072, 24.3555927277, 20.0468864441, 16.1041088104, 12.2522993088, 10.2953252792, 7.2101855278, 5.91111278534, 4.37543535233, 3.5953643322, 3.96979379654, 3.73509168625, 3.61397600174, 2.16167664528, 1.08897674084, 0.365275114775, 0.12059661746, 0.0273580756038, 0.000832034042105, 2.96362632071e-05],
        "dvar": [0.0443020090461, 2.02104449272, 6.98910188675, 21.3236103058, 43.1891174316, 149.094039917, 72.6836471558, 523.901794434, 820.461791992, 1140.39343262, 821.657409668, 4975.93310547, 11502.0390625, 791.546508789, 4582.17578125, 5523.78857422, 443.397888184, 3474.82543945, 720.414123535, 1891.19934082, 849.5078125, 643.213806152, 906.915222168, 282.343078613, 102.334220886, 101.668365479, 47.549495697, 35.4607849121, 26.8733615875, 18.3469963074, 51.8681411743, 63.7570266724, 64.8951873779, 23.3418750763, 7.91782808304, 0.360051304102, 0.0545843094587, 0.00351999746636, 4.20216156272e-06, 1.79839743097e-09],
        "dvar2": [0.108728423715, 5.31225156784, 18.9028930664, 61.174659729, 125.841751099, 407.832061768, 185.823120117, 1034.95019531, 1717.6998291, 2427.19482422, 1970.07629395, 11721.5878906, 26785.5371094, 1862.28369141, 12177.5742188, 13942.1083984, 932.626342773, 9573.02636719, 1537.11303711, 4198.6796875, 2030.91174316, 1433.41601562, 2750.3984375, 709.550720215, 265.56149292, 244.439727783, 113.524154663, 89.5544509888, 69.357208252, 43.2001571655, 98.9483566284, 89.1014328003, 130.741928101, 46.5645828247, 18.9786949158, 0.819744884968, 0.134641185403, 0.00892368331552, 1.12647458081e-05, 4.35935376686e-09],
        "max": [2.58585619926, 12.9943809509, 26.1239280701, 69.1867904663, 91.5426025391, 140.235076904, 174.844039917, 384.696594238, 491.945861816, 888.823486328, 696.100769043, 1231.12451172, 1553.11828613, 499.74420166, 1052.55883789, 1515.27416992, 535.917663574, 949.290466309, 413.30178833, 837.528015137, 580.82409668, 572.25189209, 637.28704834, 340.616363525, 175.199417114, 168.748535156, 95.7893600464, 72.8093185425, 66.0844650269, 58.911026001, 177.611358643, 182.063339233, 184.115356445, 102.939994812, 65.596496582, 8.61840248108, 2.62629294395, 0.673719763756, 0.030493516475, 0.000483679177705],
        "mean": [0.1418094486, 1.23634493351, 3.46863102913, 6.73093795776, 7.6628074646, 10.9445447922, 11.3574314117, 23.0103569031, 23.6228656769, 23.656167984, 21.1236457825, 53.5650558472, 97.6915817261, 36.7274398804, 50.834728241, 47.9675827026, 18.1856460571, 36.0301055908, 27.333480835, 33.7618141174, 34.6427307129, 38.7829208374, 29.1374073029, 24.4458656311, 18.8104858398, 14.6554841995, 9.79997348785, 7.42568445206, 5.09395599365, 3.69406962395, 4.33870506287, 4.61823225021, 3.98334598541, 2.42521190643, 0.937287032604, 0.311558842659, 0.0872205272317, 0.0167568512261, 0.000478559668409, 5.22941736563e-05],
        "median": [0.0935775861144, 1.01353144646, 2.71225976944, 4.58202266693, 5.4425983429, 6.51612091064, 7.23087406158, 8.39496517181, 7.20348215103, 6.93186426163, 7.0047826767, 22.5467338562, 28.5143032074, 18.7101383209, 18.674779892, 15.8045721054, 9.8412361145, 16.2465286255, 13.2913379669, 13.43197155, 18.9638061523, 23.414182663, 19.2084293365, 18.1939296722, 15.4622840881, 10.6356086731, 7.16418027878, 4.85213518143, 2.90345406532, 1.28188979626, 1.17200517654, 1.10499751568, 1.18456315994, 0.843917667866, 0.199082493782, 0.0735127180815, 0.0202498026192, 0.00234364997596, 7.7982134826e-05, 4.31221997133e-05],
        "min": [2.51775461742e-21, 3.2044387241e-21, 2.22663611526e-20, 9.81200544011e-20, 3.1859776361e-19, 1.4516732822e-19, 3.23423561153e-19, 9.01958980699e-19, 1.40518568008e-18, 1.34075130889e-18, 1.32996466691e-18, 1.35790393287e-18, 1.71452579337e-18, 1.99407168818e-18, 2.40263066838e-18, 2.00217495625e-18, 4.64982045118e-18, 6.1081357352e-18, 3.65622102555e-18, 5.65522208979e-18, 9.17708416844e-18, 8.63568287699e-18, 1.10821977516e-17, 1.33416076804e-17, 1.80862958217e-17, 1.89252472143e-17, 2.36967872926e-17, 1.77463014288e-17, 2.21740156137e-17, 2.27491394044e-17, 2.0958122979e-17, 1.54631687873e-17, 1.34994602111e-17, 1.26673074158e-17, 8.24328576519e-18, 6.38352566782e-18, 3.16506268451e-18, 9.78973941823e-19, 2.42203808331e-19, 3.23576285836e-20],
        "var": [0.0430482849479, 1.72052335739, 8.60515117645, 54.353187561, 59.8215522766, 209.203018188, 195.201141357, 1441.72607422, 2345.54077148, 6545.76806641, 4137.37988281, 8649.32421875, 35622.0898438, 3176.10620117, 8395.79492188, 12136.7412109, 873.917358398, 5003.43457031, 2004.20458984, 4926.31054688, 2154.00610352, 2895.12524414, 1842.4251709, 722.786499023, 332.774383545, 229.873458862, 102.359664917, 73.7647705078, 50.9171142578, 37.1375045776, 148.187347412, 237.76449585, 157.046295166, 51.1521186829, 11.219119072, 0.547358632088, 0.0582970716059, 0.00321072759107, 3.17484773404e-06, 2.31220576019e-09]
    },
    "gfcc": {
        "mean": [25.4218635559, 89.7647018433, -114.320137024, 38.4481773376, -51.5902137756, 17.4219150543, -38.2848472595, 20.6320896149, -29.4657802582, -0.218548297882, -17.4349918365, -0.500607430935, -5.67306756973],
        "cov": [[7921.21289062, -526.068908691, -405.593566895, -127.124710083, -423.338806152, 401.792327881, 67.6119232178, 18.2642402649, -144.298782349, 10.6142015457, -125.260421753, 70.5526657104, -60.6645774841], [-526.068908691, 777.268249512, -308.751464844, -17.3506412506, 147.509902954, -101.93812561, 111.014656067, -50.4589920044, -26.9980564117, -72.3326187134, 70.7007293701, -95.7245407104, 75.0290603638], [-405.593566895, -308.751464844, 616.926330566, 58.1936912537, -4.61833620071, 16.1516113281, -138.692626953, 21.4381599426, 43.1014404297, 12.3160333633, -60.059047699, 27.6128635406, -78.7355880737], [-127.124710083, -17.3506412506, 58.1936912537, 275.756652832, -6.55883312225, -43.5006141663, -18.7043018341, -33.3353919983, 51.2427253723, 4.39011716843, -0.834343194962, 24.2441921234, 15.7541599274], [-423.338806152, 147.509902954, -4.61833620071, -6.55883312225, 194.269851685, -50.5510978699, -1.75903737545, 21.4107704163, 0.354882419109, 8.84255504608, 7.06712961197, -19.8236103058, 9.60263252258], [401.792327881, -101.93812561, 16.1516113281, -43.5006141663, -50.5510978699, 198.541748047, 54.6608924866, -18.382976532, -34.5303535461, -23.9980125427, -7.22981739044, -18.781162262, -7.91251468658], [67.6119232178, 111.014656067, -138.692626953, -18.7043018341, -1.75903737545, 54.6608924866, 160.362915039, -22.6834812164, -35.5835266113, -22.0409259796, 7.7661614418, -8.17485809326, 20.810749054], [18.2642402649, -50.4589920044, 21.4381599426, -33.3353919983, 21.4107704163, -18.382976532, -22.6834812164, 118.431861877, 29.9422016144, 11.0678167343, 3.03637385368, 6.91492271423, 3.25202465057], [-144.298782349, -26.9980564117, 43.1014404297, 51.2427253723, 0.354882419109, -34.5303535461, -35.5835266113, 29.9422016144, 99.0492248535, 30.5502243042, 8.99234867096, 9.67083072662, -8.67188262939], [10.6142015457, -72.3326187134, 12.3160333633, 4.39011716843, 8.84255504608, -23.9980125427, -22.0409259796, 11.0678167343, 30.5502243042, 93.6298599243, 33.6377944946, 39.5904388428, -6.5625538826], [-125.260421753, 70.7007293701, -60.059047699, -0.834343194962, 7.06712961197, -7.22981739044, 7.7661614418, 3.03637385368, 8.99234867096, 33.6377944946, 102.567939758, 29.8032550812, 12.6323223114], [70.5526657104, -95.7245407104, 27.6128635406, 24.2441921234, -19.8236103058, -18.781162262, -8.17485809326, 6.91492271423, 9.67083072662, 39.5904388428, 29.8032550812, 91.2655487061, 9.44728946686], [-60.6645774841, 75.0290603638, -78.7355880737, 15.7541599274, 9.60263252258, -7.91251468658, 20.810749054, 3.25202465057, -8.67188262939, -6.5625538826, 12.6323223114, 9.44728946686, 68.8248977661]],
        "icov": [[0.000196322871489, -0.000107945263153, 0.000287867529551, -0.000104188031401, 0.000343843770679, -0.000500547117554, 0.000287712842692, -0.00029778276803, 0.000321266474202, -0.000280916749034, 0.000547950447071, -0.00044096307829, 0.000439094699686], [-0.000107945263153, 0.00398133834824, 0.000302250817185, 0.000612530799117, -0.00216309679672, 0.00292898807675, -0.00216254382394, 0.00220384076238, -0.00116438942496, 0.00307898363099, -0.00402087904513, 0.00416049780324, -0.00272773485631], [0.000287867529551, 0.000302250817185, 0.0032372593414, -0.000697785348166, -0.000300520914607, -0.00155060843099, 0.00234072376043, -0.000504694529809, 6.73520698911e-05, 0.000379310018616, 0.00184673746116, -0.00191469234414, 0.00293564307503], [-0.000104188031401, 0.000612530799117, -0.000697785348166, 0.00509020639583, -0.000428352272138, 0.00146956357639, -0.000716577284038, 0.00285808509216, -0.00354731525294, 0.00159116636496, -0.000611986033618, -0.000340084545314, -0.00254889577627], [0.000343843770679, -0.00216309679672, -0.000300520914607, -0.000428352272138, 0.00779777672142, -0.00024262414081, 0.000641926075332, -0.00266035133973, 0.00210470380262, -0.00336606474593, 0.00200755684637, 7.20769676263e-05, 0.000797025975771], [-0.000500547117554, 0.00292898807675, -0.00155060843099, 0.00146956357639, -0.00024262414081, 0.0100411102176, -0.00485582556576, 0.00235520489514, -0.000212383311009, 0.00282846577466, -0.00467497343197, 0.00555634917691, -0.00286097824574], [0.000287712842692, -0.00216254382394, 0.00234072376043, -0.000716577284038, 0.000641926075332, -0.00485582556576, 0.0109227746725, -0.000734074914362, 0.00207921094261, -0.000570763950236, 0.00295333564281, -0.00395207852125, 0.00174499396235], [-0.00029778276803, 0.00220384076238, -0.000504694529809, 0.00285808509216, -0.00266035133973, 0.00235520489514, -0.000734074914362, 0.0121988411993, -0.00527397263795, 0.00263446569443, -0.00247472990304, 0.00146633479744, -0.0037694380153], [0.000321266474202, -0.00116438942496, 6.73520698911e-05, -0.00354731525294, 0.00210470380262, -0.000212383311009, 0.00207921094261, -0.00527397263795, 0.0161462519318, -0.00552907027304, 0.00091785332188, 0.000527823576704, 0.00301029067487], [-0.000280916749034, 0.00307898363099, 0.000379310018616, 0.00159116636496, -0.00336606474593, 0.00282846577466, -0.000570763950236, 0.00263446569443, -0.00552907027304, 0.0190533064306, -0.00674219569191, -0.00297602522187, 7.4575538747e-05], [0.000547950447071, -0.00402087904513, 0.00184673746116, -0.000611986033618, 0.00200755684637, -0.00467497343197, 0.00295333564281, -0.00247472990304, 0.00091785332188, -0.00674219569191, 0.0178710985929, -0.00841691717505, 0.00287344353274], [-0.00044096307829, 0.00416049780324, -0.00191469234414, -0.000340084545314, 7.20769676263e-05, 0.00555634917691, -0.00395207852125, 0.00146633479744, 0.000527823576704, -0.00297602522187, -0.00841691717505, 0.02172704041, -0.00693710520864], [0.000439094699686, -0.00272773485631, 0.00293564307503, -0.00254889577627, 0.000797025975771, -0.00286097824574, 0.00174499396235, -0.0037694380153, 0.00301029067487, 7.4575538747e-05, 0.00287344353274, -0.00693710520864, 0.021853685379]]
    },
    "melbands": {
        "dmean": [0.000837453117128, 0.000898349739145, 0.000543916423339, 0.000412977242377, 0.000205563221243, 0.000283404981019, 0.000197122935788, 0.000119928452477, 8.37533953018e-05, 0.000235965009779, 0.000243829432293, 6.95008930052e-05, 0.000114771923108, 0.00010520361684, 3.27294510498e-05, 2.93386383419e-05, 3.92916808778e-05, 2.14571264223e-05, 2.80121712422e-05, 2.00201793632e-05, 2.12693939829e-05, 1.88218109543e-05, 1.50152654896e-05, 1.11007948362e-05, 8.84653491084e-06, 5.97483403908e-06, 5.85597035752e-06, 4.44832403446e-06, 3.00568149214e-06, 2.82673067886e-06, 2.17591036744e-06, 1.77189417627e-06, 1.3737626432e-06, 1.30031855861e-06, 1.52808593157e-06, 1.6986692799e-06, 1.72227532858e-06, 1.70284965861e-06, 1.82231133294e-06, 1.12897180315e-06],
        "dmean2": [0.00137444061693, 0.00148702948354, 0.000882290129084, 0.00070581008913, 0.000333905278239, 0.000428139115684, 0.000303524109768, 0.000185335084097, 0.000128253916046, 0.00036250645644, 0.000381635181839, 0.000107342413685, 0.000196061417228, 0.000167288060766, 5.18781853316e-05, 4.77118228446e-05, 6.43050516373e-05, 3.2652682421e-05, 4.44348552264e-05, 3.06140391331e-05, 3.54371550202e-05, 3.0358622098e-05, 2.51964411291e-05, 1.78582704393e-05, 1.44624282257e-05, 9.96401468001e-06, 9.69124539552e-06, 7.34473314878e-06, 4.86964609081e-06, 4.57713986179e-06, 3.63384037882e-06, 2.91924789053e-06, 2.26402357839e-06, 2.07548600883e-06, 2.37501603806e-06, 2.45981232183e-06, 2.44085345003e-06, 2.53152097685e-06, 2.82982841782e-06, 1.64726350249e-06],
        "dvar": [3.32417994287e-06, 1.90029629721e-06, 4.98453800901e-07, 6.02048487508e-07, 8.05321676012e-08, 2.42836762254e-07, 1.62189479624e-07, 1.09428441419e-07, 5.46222373998e-08, 2.49179436196e-07, 2.93624310643e-07, 1.43535947572e-08, 6.67930564191e-08, 1.15326315608e-07, 4.76822759055e-09, 6.14899509088e-09, 1.2671816485e-08, 1.77559433823e-09, 8.14299827567e-09, 2.23648943809e-09, 1.97846761196e-09, 1.10557674127e-09, 1.02898911614e-09, 5.75748171361e-10, 2.20107501669e-10, 6.24085366718e-11, 6.96123922395e-11, 6.25627119555e-11, 2.34091183937e-11, 2.00768065367e-11, 1.47954062196e-11, 1.22633630681e-11, 6.39951199671e-12, 6.62184369837e-12, 1.74974895684e-11, 2.45233347518e-11, 2.92612288566e-11, 3.18211568207e-11, 3.4215699718e-11, 1.56339715479e-11],
        "dvar2": [8.31713077787e-06, 4.99178531754e-06, 1.42716760365e-06, 1.69384111359e-06, 1.9778474325e-07, 4.97260884913e-07, 3.35438841148e-07, 2.40687484165e-07, 1.25301809817e-07, 5.76130844365e-07, 6.92612559305e-07, 3.36794059308e-08, 1.7328305546e-07, 3.30921949399e-07, 9.98139615405e-09, 1.45153116193e-08, 3.44198660684e-08, 3.46317818867e-09, 2.01239647168e-08, 4.49268311442e-09, 4.76585437781e-09, 2.63529020827e-09, 2.80856027324e-09, 1.59941482281e-09, 5.51268308779e-10, 1.56879564894e-10, 1.80776851821e-10, 1.52245438478e-10, 5.58508551907e-11, 4.92204506319e-11, 3.93372313889e-11, 3.21666131231e-11, 1.56673615054e-11, 1.55679410335e-11, 3.51070769677e-11, 4.33351930729e-11, 4.16036718964e-11, 6.40758696102e-11, 7.62066104665e-11, 3.10620869304e-11],
        "max": [0.0214160848409, 0.012880881317, 0.00969703122973, 0.0097955679521, 0.004699123092, 0.00768923433498, 0.00623018061742, 0.00823821965605, 0.00560342660174, 0.00828434433788, 0.00750121194869, 0.00214030081406, 0.00486589083448, 0.00443272758275, 0.00127559585962, 0.00135812500957, 0.00185154774226, 0.000717526534572, 0.00174336938653, 0.000871606869623, 0.000883800385054, 0.000679016287904, 0.000611431256402, 0.000467348523671, 0.000270508578978, 0.000110772671178, 0.000133746056235, 0.000154147943249, 6.78981159581e-05, 6.83991893311e-05, 5.63746179978e-05, 4.75631677546e-05, 4.08150190196e-05, 4.06123035646e-05, 0.000114282949653, 0.000104715029011, 0.000121056298667, 0.000130386193632, 0.000114536160254, 8.85466652107e-05],
        "mean": [0.00139415333979, 0.00181667436846, 0.00116149883252, 0.000682503974531, 0.000421225384343, 0.000525122333784, 0.000357403914677, 0.000231807760429, 0.000173732885742, 0.000406566337915, 0.000482737726998, 0.000131451844936, 0.000185058379429, 0.000155954272486, 6.18409394519e-05, 4.7667632316e-05, 6.56481061014e-05, 3.94634880649e-05, 4.89084995934e-05, 3.68440669263e-05, 4.38642346126e-05, 4.2250041588e-05, 3.16205259878e-05, 2.33894497796e-05, 1.98193029064e-05, 1.37789575092e-05, 1.29105283122e-05, 9.03354793991e-06, 6.01052488491e-06, 5.55577889827e-06, 3.93682967115e-06, 3.06440210807e-06, 2.22230232794e-06, 1.94698213818e-06, 2.3629027055e-06, 2.76289847534e-06, 2.86652925752e-06, 2.68236749434e-06, 2.85170881398e-06, 1.7624801103e-06],
        "median": [0.0010313980747, 0.00152999977581, 0.000833513389807, 0.000439270777861, 0.000288562674541, 0.000203314382816, 0.000108885753434, 6.56428965158e-05, 5.39910943189e-05, 0.000149410741869, 0.000132508212118, 5.94657212787e-05, 5.62734639971e-05, 3.70024899894e-05, 2.65372345893e-05, 2.09897370951e-05, 2.88825667667e-05, 1.849158798e-05, 1.61293119163e-05, 1.69075519807e-05, 2.1638968974e-05, 2.46334730036e-05, 1.79725775524e-05, 1.45955609696e-05, 1.4138442566e-05, 1.08386802822e-05, 9.89595810097e-06, 6.13662541582e-06, 4.15998874814e-06, 3.76133993996e-06, 2.46094100476e-06, 1.7122583813e-06, 1.03001809748e-06, 5.33719116902e-07, 6.40522273443e-07, 6.87893532358e-07, 6.29595774626e-07, 7.34942943836e-07, 9.41088273976e-07, 5.76769195959e-07],
        "min": [1.84100713523e-23, 9.11403031555e-24, 2.41396233272e-23, 1.86692437141e-23, 9.41177245359e-24, 1.92963060922e-23, 2.34588742313e-23, 1.35737465804e-23, 9.88404533374e-24, 8.29726030036e-24, 8.35652978675e-24, 7.57396951358e-24, 8.29685324813e-24, 6.3852713031e-24, 7.45413996436e-24, 1.18209623356e-23, 1.13537428984e-23, 5.34238219804e-24, 8.09222746248e-24, 7.90589930553e-24, 1.12462937322e-23, 9.66948700043e-24, 7.17565234329e-24, 1.12646836576e-23, 1.04914974186e-23, 1.44406479173e-23, 1.00060844824e-23, 1.26215567579e-23, 1.61824275524e-23, 1.2484416445e-23, 9.00056056294e-24, 1.21277069543e-23, 1.40224759068e-23, 1.26179737517e-23, 1.22597322931e-23, 9.93931135104e-24, 9.72659421909e-24, 8.76729912643e-24, 1.00539336294e-23, 1.13626049618e-23],
        "var": [3.07883146888e-06, 2.07183120438e-06, 1.25528799799e-06, 6.80738367009e-07, 2.13012015138e-07, 7.11735026471e-07, 5.10042411861e-07, 5.94706875745e-07, 2.7955962878e-07, 4.62462651285e-07, 8.98881239664e-07, 5.25346379732e-08, 1.3705691515e-07, 1.80555005613e-07, 1.20941034965e-08, 1.02606598773e-08, 1.77364487541e-08, 4.72960337561e-09, 1.4295828521e-08, 5.45330980373e-09, 4.51019532832e-09, 3.9493963655e-09, 2.70904698674e-09, 1.11740938724e-09, 5.20197218634e-10, 1.82219128675e-10, 1.83930329301e-10, 1.13413514691e-10, 4.76241025782e-11, 3.87823974324e-11, 2.59750415621e-11, 2.04175374524e-11, 1.21743006301e-11, 1.25021755101e-11, 4.39805136754e-11, 7.7733972037e-11, 1.02549267689e-10, 7.77428746379e-11, 6.6357433437e-11, 3.2894770241e-11]
    },
    "mfcc": {
        "mean": [-615.894958496, 115.883132935, 0.496108293533, 25.6037521362, 12.7125253677, -2.49073243141, 9.45081043243, 6.02123832703, 6.13216018677, -0.13953076303, -3.70449542999, -1.27144002914, -3.96384954453],
        "cov": [[5840.04980469, -237.557250977, -268.311767578, -304.36541748, -364.487945557, 93.4443130493, 128.816421509, 75.7378463745, 13.0622358322, 34.1320610046, -44.8656387329, -125.429153442, -60.0285949707], [-237.557250977, 740.247131348, -292.190704346, 33.5457649231, 35.3774986267, -49.8686561584, 131.018463135, -28.8154258728, -1.67701625824, 5.74727344513, 7.36479759216, -36.0090103149, -34.5157241821], [-268.311767578, -292.190704346, 515.252929688, -3.17897295952, 81.4578094482, 36.931224823, -110.765586853, 26.0241451263, -21.3684520721, 12.2284708023, -10.6782131195, 23.078289032, -0.630279421806], [-304.36541748, 33.5457649231, -3.17897295952, 298.295532227, 49.4689826965, -13.4866981506, -74.0232315063, -21.1533508301, 32.3176841736, -56.5414505005, 11.2789478302, 53.2058105469, 31.2491283417], [-364.487945557, 35.3774986267, 81.4578094482, 49.4689826965, 219.35987854, -58.9953308105, -41.3123703003, -20.457239151, 8.01005077362, 27.5330905914, -0.415686249733, 25.0556659698, 23.5849170685], [93.4443130493, -49.8686561584, 36.931224823, -13.4866981506, -58.9953308105, 168.84815979, 35.732711792, 13.1350269318, -12.7123537064, -6.52019739151, 7.29271936417, -25.8425045013, -18.7235851288], [128.816421509, 131.018463135, -110.765586853, -74.0232315063, -41.3123703003, 35.732711792, 161.878311157, 25.5262794495, -5.27675151825, 7.77577400208, -0.166927024722, -31.4934539795, -26.6901779175], [75.7378463745, -28.8154258728, 26.0241451263, -21.1533508301, -20.457239151, 13.1350269318, 25.5262794495, 80.6185531616, 16.3202610016, 6.48457288742, -5.56510734558, -8.84592533112, -15.4315452576], [13.0622358322, -1.67701625824, -21.3684520721, 32.3176841736, 8.01005077362, -12.7123537064, -5.27675151825, 16.3202610016, 78.8919372559, 9.55153846741, -4.05405235291, -11.5379600525, -6.08852624893], [34.1320610046, 5.74727344513, 12.2284708023, -56.5414505005, 27.5330905914, -6.52019739151, 7.77577400208, 6.48457288742, 9.55153846741, 94.1329193115, 0.787965118885, -28.9577865601, -13.5719528198], [-44.8656387329, 7.36479759216, -10.6782131195, 11.2789478302, -0.415686249733, 7.29271936417, -0.166927024722, -5.56510734558, -4.05405235291, 0.787965118885, 61.3333129883, 33.3257255554, 14.7414588928], [-125.429153442, -36.0090103149, 23.078289032, 53.2058105469, 25.0556659698, -25.8425045013, -31.4934539795, -8.84592533112, -11.5379600525, -28.9577865601, 33.3257255554, 109.775550842, 46.211265564], [-60.0285949707, -34.5157241821, -0.630279421806, 31.2491283417, 23.5849170685, -18.7235851288, -26.6901779175, -15.4315452576, -6.08852624893, -13.5719528198, 14.7414588928, 46.211265564, 72.5704193115]],
