{
"lowlevel": {
    "average_loudness": 0.90494966507,
    "barkbands_crest": {
        "dmean": 2.8503704071,
        "dmean2": 4.65788888931,
        "dvar": 7.1866440773,
        "dvar2": 18.014881134,
        "max": 25.3753929138,
        "mean": 11.7954835892,
        "median": 11.0890769958,
        "min": 2.46991705894,
        "var": 20.9958152771
    },
    "barkbands_flatness_db": {
        "dmean": 0.0230104122311,
        "dmean2": 0.0353091210127,
        "dvar": 0.000505304778926,
        "dvar2": 0.00107267545536,
        "max": 0.341629475355,
        "mean": 0.155285403132,
        "median": 0.153133541346,
        "min": 0.018573384732,
        "var": 0.00224806275219
    },
    "barkbands_kurtosis": {
        "dmean": 4.1028637886,
        "dmean2": 6.46626234055,
        "dvar": 41.4042816162,
        "dvar2": 100.543495178,
        "max": 90.0001068115,
        "mean": 7.43447399139,
        "median": 3.98109149933,
        "min": -1.92263925076,
        "var": 107.001800537
    },
    "barkbands_skewness": {
        "dmean": 0.639664053917,
        "dmean2": 0.983709573746,
        "dvar": 0.453780382872,
        "dvar2": 1.0142095089,
        "max": 8.81950569153,
        "mean": 2.07483458519,
        "median": 1.92546474934,
        "min": -1.86809945107,
        "var": 1.91582286358
    },
    "barkbands_spread": {
        "dmean": 6.57951831818,
        "dmean2": 9.82924175262,
        "dvar": 87.5451431274,
        "dvar2": 167.929244995,
        "max": 98.1282958984,
        "mean": 20.9123153687,
        "median": 16.5542984009,
        "min": 0.963463425636,
        "var": 255.81350708
    },
    "dissonance": {
        "dmean": 0.0233127009124,
        "dmean2": 0.0388197153807,
        "dvar": 0.000482766859932,
        "dvar2": 0.00131209637038,
        "max": 0.500000059605,
        "mean": 0.453071385622,
        "median": 0.461248487234,
        "min": 0.262111693621,
        "var": 0.00112154171802
    },
    "dynamic_complexity": 3.73162555695,
    "erbbands_crest": {
        "dmean": 2.98318314552,
        "dmean2": 4.92065477371,
        "dvar": 8.73844051361,
        "dvar2": 21.6863765717,
        "max": 30.4476070404,
        "mean": 9.6864900589,
        "median": 8.4135684967,
        "min": 2.51232004166,
        "var": 23.4179363251
    },
    "erbbands_flatness_db": {
        "dmean": 0.0201411638409,
        "dmean2": 0.0286384578794,
        "dvar": 0.000403214129619,
        "dvar2": 0.000733702094294,
        "max": 0.296513736248,
        "mean": 0.144223436713,
        "median": 0.143068775535,
        "min": 0.0403511933982,
        "var": 0.00193592056166
    },
    "erbbands_kurtosis": {
        "dmean": 1.12572491169,
        "dmean2": 1.81660938263,
        "dvar": 2.75445556641,
        "dvar2": 6.621986866,
        "max": 25.6650390625,
        "mean": 0.762106537819,
        "median": -0.0930967330933,
        "min": -1.75447750092,
        "var": 7.25629615784
    },
    "erbbands_skewness": {
        "dmean": 0.413203209639,
        "dmean2": 0.649520635605,
        "dvar": 0.156505689025,
        "dvar2": 0.364070922136,
        "max": 4.29770994186,
        "mean": 0.645137131214,
        "median": 0.565482676029,
        "min": -2.54321813583,
        "var": 0.690976798534
    },
    "erbbands_spread": {
        "dmean": 10.2172555923,
        "dmean2": 15.4383277893,
        "dvar": 133.375473022,
        "dvar2": 285.20022583,
        "max": 139.420669556,
        "mean": 44.9124298096,
        "median": 40.6725769043,
        "min": 5.0252404213,
        "var": 529.071716309
    },
    "hfc": {
        "dmean": 9.45509433746,
        "dmean2": 14.6627502441,
        "dvar": 516.220275879,
        "dvar2": 1252.80871582,
        "max": 230.563751221,
        "mean": 19.6856803894,
        "median": 11.7014255524,
        "min": 1.21325942105e-16,
        "var": 658.006774902
    },
    "melbands_crest": {
        "dmean": 3.35842108727,
        "dmean2": 5.51648569107,
        "dvar": 9.53875350952,
        "dvar2": 23.5069713593,
        "max": 31.8628902435,
        "mean": 15.422577858,
        "median": 14.7321243286,
        "min": 1.69474518299,
        "var": 27.5988616943
    },
    "melbands_flatness_db": {
        "dmean": 0.027744287625,
        "dmean2": 0.0416053682566,
        "dvar": 0.000837616214994,
        "dvar2": 0.00169959012419,
        "max": 0.432882815599,
        "mean": 0.216489642859,
        "median": 0.216853111982,
        "min": 0.0057759298943,
        "var": 0.00418759183958
    },
    "melbands_kurtosis": {
        "dmean": 10.3441133499,
        "dmean2": 16.7061023712,
        "dvar": 301.906890869,
        "dvar2": 748.562805176,
        "max": 261.595184326,
        "mean": 20.6258926392,
        "median": 12.5868778229,
        "min": -1.69898474216,
        "var": 614.286132812
    },
    "melbands_skewness": {
        "dmean": 0.872348248959,
        "dmean2": 1.37401676178,
        "dvar": 0.96232187748,
        "dvar2": 2.25266098976,
        "max": 12.8438529968,
        "mean": 3.22410774231,
        "median": 2.92587995529,
        "min": -0.691747009754,
        "var": 3.3244664669
    },
    "melbands_spread": {
        "dmean": 6.67590713501,
        "dmean2": 10.3032341003,
        "dvar": 122.465576172,
        "dvar2": 255.585906982,
        "max": 201.445343018,
        "mean": 18.7305202484,
        "median": 13.9021434784,
        "min": 1.28445637226,
        "var": 340.702148438
    },
    "pitch_salience": {
        "dmean": 0.0736601874232,
        "dmean2": 0.119600780308,
        "dvar": 0.00471231061965,
        "dvar2": 0.011710385792,
        "max": 0.970618009567,
        "mean": 0.521201610565,
        "median": 0.525086641312,
        "min": 0.161887794733,
        "var": 0.0127687277272
    },
    "silence_rate_20dB": {
        "dmean": 0,
        "dmean2": 0,
        "dvar": 0,
        "dvar2": 0,
        "max": 1,
        "mean": 1,
        "median": 1,
        "min": 1,
        "var": 0
    },
    "silence_rate_30dB": {
        "dmean": 0.014683152549,
        "dmean2": 0.0293776579201,
        "dvar": 0.0144676491618,
        "dvar2": 0.0408837124705,
        "max": 1,
        "mean": 0.991502523422,
        "median": 1,
        "min": 0,
        "var": 0.00842532236129
    },
    "silence_rate_60dB": {
        "dmean": 0.0239567235112,
        "dmean2": 0.0479319691658,
        "dvar": 0.0233814623207,
        "dvar2": 0.0510454215109,
        "max": 1,
        "mean": 0.0957898795605,
        "median": 0,
        "min": 0,
        "var": 0.0866107940674
    },
    "spectral_centroid": {
        "dmean": 252.540863037,
        "dmean2": 394.424041748,
        "dvar": 152916.328125,
        "dvar2": 262832.21875,
        "max": 11413.9355469,
        "mean": 1067.05810547,
        "median": 954.388793945,
        "min": 257.735412598,
        "var": 407916.28125
    },
    "spectral_complexity": {
        "dmean": 3.1591963768,
        "dmean2": 5.13258600235,
        "dvar": 20.1029663086,
        "dvar2": 47.8779945374,
        "max": 50,
        "mean": 14.6666669846,
        "median": 13,
        "min": 0,
        "var": 74.9506149292
    },
    "spectral_decrease": {
        "dmean": 2.50298159976e-09,
        "dmean2": 3.89748944229e-09,
        "dvar": 1.65344024221e-17,
        "dvar2": 3.75358316149e-17,
        "max": 1.03025768667e-28,
        "mean": -7.01856484042e-09,
        "median": -5.32954702592e-09,
        "min": -4.18384153988e-08,
        "var": 4.14533358349e-17
    },
    "spectral_energy": {
        "dmean": 0.0101388152689,
        "dmean2": 0.0157302971929,
        "dvar": 0.000255509221461,
        "dvar2": 0.000583628483582,
        "max": 0.161658883095,
        "mean": 0.0282752234489,
        "median": 0.0216720812023,
        "min": 1.06157831421e-20,
        "var": 0.000642556231469
    },
    "spectral_energyband_high": {
        "dmean": 0.000688557804096,
        "dmean2": 0.0010623143753,
        "dvar": 4.6636382649e-06,
        "dvar2": 1.11539657155e-05,
        "max": 0.0216790102422,
        "mean": 0.000884002598468,
        "median": 0.000260682078078,
        "min": 7.40098123435e-21,
        "var": 4.88307341584e-06
    },
    "spectral_energyband_low": {
        "dmean": 0.00531717250124,
        "dmean2": 0.00851226877421,
        "dvar": 0.000181115392479,
        "dvar2": 0.000408540916396,
        "max": 0.141935020685,
        "mean": 0.0108624240384,
        "median": 0.00276238936931,
        "min": 4.2035778621e-23,
        "var": 0.00032834164449
    },
    "spectral_energyband_middle_high": {
        "dmean": 0.00180200359318,
        "dmean2": 0.00277565536089,
        "dvar": 1.466071717e-05,
        "dvar2": 3.26576991938e-05,
        "max": 0.0692241638899,
        "mean": 0.00429946789518,
        "median": 0.00177341105882,
        "min": 1.53589547124e-21,
        "var": 4.50218176411e-05
    },
    "spectral_energyband_middle_low": {
        "dmean": 0.0055093197152,
        "dmean2": 0.00878991279751,
        "dvar": 6.78157812217e-05,
        "dvar2": 0.000168330559973,
        "max": 0.11915512383,
        "mean": 0.0131286308169,
        "median": 0.0105452239513,
        "min": 2.43289423714e-22,
        "var": 0.000143549361383
    },
    "spectral_entropy": {
        "dmean": 0.212238818407,
        "dmean2": 0.306522220373,
        "dvar": 0.0531577467918,
        "dvar2": 0.0937199220061,
        "max": 9.80677127838,
        "mean": 7.47362709045,
        "median": 7.44302129745,
        "min": 5.61644268036,
        "var": 0.216995567083
    },
    "spectral_flux": {
        "dmean": 0.0264035295695,
        "dmean2": 0.0415244363248,
        "dvar": 0.00130472669844,
        "dvar2": 0.00295361899771,
        "max": 0.358634471893,
        "mean": 0.076512850821,
        "median": 0.0628575459123,
        "min": 1.05116776394e-10,
        "var": 0.00281990529038
    },
    "spectral_kurtosis": {
        "dmean": 1.35974419117,
        "dmean2": 2.11846208572,
        "dvar": 2.13360548019,
        "dvar2": 5.21369838715,
        "max": 21.949382782,
        "mean": 4.33507728577,
        "median": 4.03514051437,
        "min": -1.26731431484,
        "var": 6.80767726898
    },
    "spectral_rms": {
        "dmean": 0.000856647558976,
        "dmean2": 0.00129492266569,
        "dvar": 1.16509772852e-06,
        "dvar2": 2.46824743044e-06,
        "max": 0.0125585021451,
        "mean": 0.004715569783,
        "median": 0.00459820544347,
        "min": 3.21820781829e-12,
        "var": 5.34894797966e-06
    },
    "spectral_rolloff": {
        "dmean": 695.570495605,
        "dmean2": 1125.81774902,
        "dvar": 2724993,
        "dvar2": 5437294.5,
        "max": 20305.8105469,
        "mean": 1471.7611084,
        "median": 710.595703125,
        "min": 64.599609375,
        "var": 5091423.5
    },
    "spectral_skewness": {
        "dmean": 0.213418930769,
        "dmean2": 0.330948412418,
        "dvar": 0.0508926734328,
        "dvar2": 0.106895171106,
        "max": 3.86045694351,
        "mean": 1.6864644289,
        "median": 1.69568133354,
        "min": -0.0123747708276,
        "var": 0.192866712809
    },
    "spectral_spread": {
        "dmean": 854143.1875,
        "dmean2": 1088085.125,
        "dvar": 1.68915815629e+12,
        "dvar2": 2.31420696986e+12,
        "max": 41139700,
        "mean": 5651216.5,
        "median": 5095149,
        "min": 2433172,
        "var": 5.08903502643e+12
    },
    "spectral_strongpeak": {
        "dmean": 0.460604906082,
        "dmean2": 0.769958496094,
        "dvar": 0.733354866505,
        "dvar2": 1.70664906502,
        "max": 13.9206914902,
        "mean": 0.898489296436,
        "median": 0.506193339825,
        "min": 0,
        "var": 1.29802966118
    },
    "zerocrossingrate": {
        "dmean": 0.0152286021039,
        "dmean2": 0.017622102052,
        "dvar": 0.000606273766607,
        "dvar2": 0.000744890421629,
        "max": 0.51611328125,
        "mean": 0.0629158616066,
        "median": 0.04833984375,
        "min": 0.00390625,
        "var": 0.00266669411212
    },
    "barkbands": {
        "dmean": [0.000175542270881, 0.00396840181202, 0.00172080786433, 0.000949589244556, 0.0027781103272, 0.00130455230828, 0.000915557087865, 0.000865165959112, 0.000852767319884, 0.000780325557571, 0.000394887436414, 0.000340022321325, 0.000237470841967, 0.000234412145801, 0.00019470002735, 0.000194546155399, 0.000151099942741, 0.000164927652804, 0.000149232451804, 7.98619148554e-05, 9.02068932191e-05, 9.5663315733e-05, 0.000111102403025, 7.65088843764e-05, 0.00027484682505, 8.19041888462e-05, 2.36512249785e-08],
        "dmean2": [0.000282475317363, 0.0062948144041, 0.00284562981687, 0.00157946569379, 0.00448388326913, 0.00211017671973, 0.00147797772661, 0.00133951753378, 0.00140401138924, 0.00120810081717, 0.000581611297093, 0.000545407179743, 0.000376176700229, 0.000381242105504, 0.000299818377243, 0.000320175808156, 0.000248020951403, 0.000264726491878, 0.000252109137364, 0.000136575166835, 0.000158058275701, 0.000155596324475, 0.00017059664242, 0.000109777436592, 0.000452091888292, 0.000119552722026, 4.17792378471e-08],
        "dvar": [1.65065955571e-07, 0.000101433215605, 2.52694881056e-05, 5.53006930204e-06, 2.01111834031e-05, 9.98559153231e-06, 1.0365439266e-05, 7.41611574995e-06, 1.76770845428e-05, 8.34259299154e-06, 2.7646599392e-06, 1.30408341192e-06, 5.83009352795e-07, 5.65480888781e-07, 2.69381843054e-07, 2.38797923657e-07, 9.27690209096e-08, 1.15433898884e-07, 1.44207405128e-07, 4.92254343953e-08, 8.09741891317e-08, 7.88036302879e-08, 8.54561079677e-08, 5.71639269253e-08, 1.62368928613e-06, 4.19241033001e-08, 9.61349953772e-15],
        "dvar2": [3.90495415559e-07, 0.000244486815063, 6.49986541248e-05, 1.43025354191e-05, 5.01581089338e-05, 2.49410968536e-05, 2.72658307949e-05, 1.68887618202e-05, 4.19211646658e-05, 1.91750750673e-05, 5.79519110033e-06, 3.39857751896e-06, 1.34966785481e-06, 1.37774770792e-06, 5.80345954404e-07, 6.29888404546e-07, 2.32999951777e-07, 2.79762502942e-07, 3.49009127376e-07, 1.2245226344e-07, 2.23816755351e-07, 1.90460440308e-07, 1.83042914159e-07, 1.12934564811e-07, 4.20155311076e-06, 9.8659917569e-08, 2.75358078353e-14],
        "max": [0.00455997278914, 0.110933862627, 0.0515813827515, 0.0296734161675, 0.0548644810915, 0.0614656992257, 0.0702980831265, 0.0619956217706, 0.0913683697581, 0.0704447329044, 0.037226960063, 0.0211440976709, 0.0199786927551, 0.0198438148946, 0.0101081719622, 0.00959113053977, 0.00554671464488, 0.007682277821, 0.0123670557514, 0.00551777798682, 0.00294026150368, 0.00618921313435, 0.00625025713816, 0.00751631800085, 0.0137224365026, 0.00211647013202, 1.72159332124e-06],
        "mean": [0.00023682518804, 0.00755196809769, 0.00248621939681, 0.00118910812307, 0.00492808362469, 0.00240795896389, 0.00151525088586, 0.00140671862755, 0.00124399666674, 0.00122685183305, 0.000555381877348, 0.000459501199657, 0.000336229102686, 0.000322320382111, 0.000303316599457, 0.000328582158545, 0.000280670647044, 0.00032494275365, 0.000230944628129, 0.000111126842967, 9.78052339633e-05, 0.000129224397824, 0.00016304764722, 0.000105639446701, 0.000246964715188, 8.65119800437e-05, 1.74593637325e-08],
        "median": [3.80311939807e-05, 0.00159086892381, 0.000347446271917, 0.000405580998631, 0.00265244301409, 0.000960001547355, 0.000336771190632, 0.00036422201083, 0.000208680590731, 0.000230221019592, 0.000104174774606, 0.000138694129419, 8.17562176962e-05, 9.32359762373e-05, 6.27430999884e-05, 7.36068177503e-05, 9.01163730305e-05, 0.000123215431813, 6.37512930552e-05, 3.46586348314e-05, 2.64368372882e-05, 4.60562805529e-05, 5.19451241416e-05, 2.32879992836e-05, 2.60375327343e-05, 1.21539605971e-05, 1.8226808951e-09],
        "min": [2.76347401987e-24, 2.43156339724e-23, 1.19423467297e-23, 1.04604454868e-23, 4.52616643653e-23, 4.81558372544e-23, 6.61530235421e-23, 3.03130720666e-23, 3.09001265751e-23, 4.83324032576e-23, 4.18051125369e-23, 8.5744119066e-23, 7.50915117958e-23, 7.33029684862e-23, 1.05200041696e-22, 1.9391990818e-22, 1.32087046675e-22, 1.82078765204e-22, 3.23203936421e-22, 2.42951917464e-22, 3.03613200618e-22, 3.50256008967e-22, 7.10477767169e-22, 7.49319006222e-22, 1.2001503125e-21, 1.61476015523e-21, 2.34898776008e-21],
        "var": [2.71572702104e-07, 0.000173547989107, 3.15891447826e-05, 5.87347949477e-06, 3.75362251361e-05, 1.85592962225e-05, 1.6164718545e-05, 1.28413230414e-05, 2.73133991868e-05, 1.69803097378e-05, 4.45175419372e-06, 1.78633194992e-06, 9.02535305158e-07, 6.73435863519e-07, 6.25358779871e-07, 6.2818742208e-07, 2.55924192061e-07, 2.8901325777e-07, 2.19478110353e-07, 6.46508979685e-08, 6.30526812984e-08, 1.02515862466e-07, 1.27120983962e-07, 1.09116669478e-07, 1.27943121697e-06, 4.55827979806e-08, 5.74590940759e-15]
    },
    "erbbands": {
        "dmean": [0.122121304274, 0.917847514153, 1.94781672955, 2.56926584244, 3.99796652794, 12.5091972351, 12.0530576706, 11.275144577, 13.1004953384, 14.5813789368, 18.2051181793, 20.6753025055, 21.4846248627, 19.1222400665, 12.4770374298, 13.2964067459, 11.9463281631, 11.0343694687, 9.40476894379, 10.9469394684, 8.52471923828, 7.7239074707, 8.20214557648, 7.45110988617, 6.27429771423, 3.62080311775, 3.60544848442, 3.60408425331, 3.48571181297, 3.11097478867, 3.16369009018, 1.69141077995, 1.23019134998, 1.04017293453, 3.49784421921, 0.513099431992, 0.154545962811, 0.0210594218224, 0.000391944311559, 2.82601413346e-05],
        "dmean2": [0.196290075779, 1.46459686756, 3.27358746529, 4.30034065247, 6.57159805298, 20.1224155426, 19.3359336853, 18.1618156433, 20.9499988556, 23.2338085175, 28.6855888367, 33.9487113953, 33.670463562, 28.9536380768, 19.6799716949, 21.2226219177, 18.6262798309, 17.7671108246, 14.786948204, 17.8011207581, 14.0742883682, 12.52094841, 13.1304302216, 12.4755887985, 10.5102024078, 6.18142175674, 6.31565570831, 6.20242023468, 5.673371315, 4.81845617294, 4.89714574814, 2.45542383194, 1.78202235699, 1.61355113983, 5.84169912338, 0.796591520309, 0.229025781155, 0.0305799432099, 0.000573078752495, 4.2636103899e-05],
        "dvar": [0.10638615489, 5.65929603577, 30.8231773376, 49.5673408508, 61.2655944824, 451.644897461, 519.378662109, 913.915649414, 1733.14355469, 2952.48388672, 5595.67675781, 11685.6650391, 8313.66894531, 4852.09277344, 1993.68859863, 2187.921875, 1350.02758789, 1073.66259766, 738.281738281, 846.028137207, 426.5887146, 215.582473755, 280.501800537, 243.639663696, 406.885620117, 97.1821289062, 113.521400452, 145.005126953, 116.613265991, 58.4310417175, 69.058631897, 35.8922958374, 12.8021907806, 8.69296550751, 319.009765625, 2.81554508209, 0.17212331295, 0.00267721456476, 9.87190446722e-07, 4.14293621631e-09],
        "dvar2": [0.26761457324, 14.2055692673, 77.8159713745, 127.575424194, 159.259002686, 1134.75976562, 1244.88562012, 2319.44702148, 4433.17773438, 7362.48779297, 14042.9746094, 26590.2988281, 18277.7558594, 10974.2128906, 4298.14355469, 5537.21777344, 3060.30224609, 2655.69750977, 1766.2121582, 2227.54980469, 1115.95056152, 530.680236816, 686.904968262, 647.109802246, 833.452453613, 255.687164307, 317.297119141, 389.934234619, 287.661529541, 136.733154297, 147.190307617, 73.6417388916, 26.2730350494, 21.1374111176, 832.023681641, 6.76396083832, 0.406530529261, 0.00621698237956, 2.29969577958e-06, 9.81499326258e-09],
        "max": [3.04897665977, 27.1576023102, 59.0624771118, 69.2780685425, 139.326385498, 261.752349854, 416.043640137, 655.269775391, 780.88470459, 1261.30969238, 1719.875, 2501.9309082, 2570.69287109, 1644.92956543, 1085.74060059, 991.545715332, 896.629760742, 826.805847168, 680.392578125, 590.489685059, 481.122802734, 258.768096924, 342.167114258, 208.407730103, 818.553710938, 198.858535767, 112.01499176, 135.324584961, 224.683380127, 173.963668823, 168.69418335, 191.043762207, 114.471107483, 34.1105003357, 196.238067627, 17.3002490997, 4.55411624908, 0.559352040291, 0.0103270700201, 0.000645629887003],
        "mean": [0.179684713483, 1.78878283501, 3.37830424309, 3.40921616554, 5.96700000763, 20.825340271, 22.5239944458, 20.879732132, 23.0156097412, 24.3164901733, 29.1648311615, 32.9551963806, 33.5754432678, 34.4658584595, 19.4648914337, 18.8110313416, 18.0937976837, 16.034154892, 15.8084983826, 18.1262435913, 16.5126991272, 16.2425403595, 16.5399913788, 12.7820539474, 10.2251634598, 5.15543985367, 3.97841382027, 4.10700511932, 4.65494298935, 4.66243648529, 4.48510313034, 2.37228679657, 1.65614044666, 1.16594052315, 2.96563625336, 0.514901399612, 0.157249808311, 0.0223297458142, 0.000425597245339, 5.19176355738e-05],
        "median": [0.0270180720836, 0.400507032871, 0.645738482475, 1.17491710186, 3.22583389282, 9.73566913605, 9.96444129944, 8.16783046722, 5.28519630432, 8.47196388245, 6.92436122894, 5.59881782532, 7.65030002594, 5.68113994598, 5.39522790909, 5.80422973633, 5.26302146912, 4.95553684235, 4.81340408325, 4.06330919266, 4.54846191406, 5.69001865387, 6.28232574463, 4.50902700424, 2.88665342331, 1.74746203423, 0.957148015499, 1.27935743332, 1.57889938354, 1.72383737564, 1.32999014854, 0.575656890869, 0.359635323286, 0.231369301677, 0.198830649257, 0.0702803432941, 0.021092556417, 0.00315530365333, 7.40371324355e-05, 3.44148102158e-05],
        "min": [9.40724985091e-22, 3.98989599113e-21, 1.51210877797e-20, 2.70409639705e-20, 4.9408373636e-20, 1.01650551728e-19, 1.91983734638e-19, 2.25688863058e-19, 9.56434924492e-19, 5.61010796937e-19, 6.52546655221e-19, 5.40368866642e-19, 1.43212209294e-18, 1.15671013664e-18, 2.92313758434e-18, 3.27022277617e-18, 4.14562367573e-18, 3.48653443546e-18, 4.85371716345e-18, 6.72644745282e-18, 1.04116818384e-17, 7.65191780166e-18, 9.41821724316e-18, 1.31410982727e-17, 1.39582592465e-17, 1.18286471907e-17, 1.1023004707e-17, 1.50436906094e-17, 1.37166861117e-17, 1.56814749858e-17, 1.91300637514e-17, 1.49730560025e-17, 1.29067199549e-17, 9.5069389813e-18, 8.9220255081e-18, 5.59358886235e-18, 2.98259925588e-18, 1.23504589841e-18, 3.44611585749e-19, 3.40477815261e-20],
        "var": [0.151947677135, 9.07616710663, 44.4243850708, 47.6594924927, 72.2596893311, 766.084472656, 1170.79187012, 1575.59277344, 3471.48925781, 4096.65527344, 8404.890625, 19101.7558594, 16300.8330078, 14319.96875, 3148.6706543, 3224.14282227, 2258.79980469, 1358.34240723, 1230.37597656, 1840.47045898, 1283.41711426, 771.037658691, 776.27331543, 407.693572998, 688.64263916, 115.224220276, 93.7812805176, 122.337211609, 140.90914917, 90.3872680664, 103.057197571, 61.0750846863, 23.3855571747, 9.17544651031, 245.276290894, 2.68846416473, 0.175736963749, 0.00296413805336, 1.06980883174e-06, 4.68155469946e-09]
    },
    "gfcc": {
        "mean": [-11.9923295975, 82.5113983154, -99.0260696411, 24.1388816833, -62.5875587463, 11.2454566956, -46.7360191345, 8.78185844421, -28.3385982513, 2.28390026093, -17.5931377411, 10.2884922028, -14.5028514862],
        "cov": [[8274.60351562, -298.06338501, -167.352981567, 322.922729492, 86.2750701904, 200.255233765, -27.0637016296, 364.096557617, 149.053543091, 147.449356079, -41.449546814, 84.2303237915, -38.7164497375], [-298.06338501, 1404.19458008, -133.386871338, 150.928573608, 313.281768799, 10.7583723068, 269.487243652, 110.448135376, 242.694137573, -89.8218612671, 180.651367188, -70.3073501587, 28.8263530731], [-167.352981567, -133.386871338, 870.199645996, 138.755828857, 62.5017127991, 172.093185425, 61.4440803528, -14.2477674484, -63.3649597168, 108.612693787, -55.2565078735, 20.2171401978, -46.604347229], [322.922729492, 150.928573608, 138.755828857, 391.052062988, 193.10496521, 72.9845733643, 58.178565979, 73.5347900391, 85.1460113525, 14.8119325638, 27.1167469025, -12.9158964157, 45.8785362244], [86.2750701904, 313.281768799, 62.5017127991, 193.10496521, 365.869018555, 92.2324371338, 122.126464844, 139.34375, 108.972991943, 19.650800705, 47.0235137939, -2.68402028084, 11.0633363724], [200.255233765, 10.7583723068, 172.093185425, 72.9845733643, 92.2324371338, 216.608505249, 137.218826294, 55.1772842407, 9.31287765503, 49.455078125, 19.3422393799, -0.324693500996, -22.6041641235], [-27.0637016296, 269.487243652, 61.4440803528, 58.178565979, 122.126464844, 137.218826294, 251.799484253, 119.989395142, 54.1460762024, 15.764342308, 57.1688194275, -11.0167560577, -9.55624866486], [364.096557617, 110.448135376, -14.2477674484, 73.5347900391, 139.34375, 55.1772842407, 119.989395142, 202.929336548, 105.64957428, 19.6147994995, 38.2569046021, 15.2450656891, 19.8731651306], [149.053543091, 242.694137573, -63.3649597168, 85.1460113525, 108.972991943, 9.31287765503, 54.1460762024, 105.64957428, 183.368408203, 25.3015041351, 51.1371536255, -6.17175149918, 21.926410675], [147.449356079, -89.8218612671, 108.612693787, 14.8119325638, 19.650800705, 49.455078125, 15.764342308, 19.6147994995, 25.3015041351, 108.75642395, 11.7508516312, 4.49197149277, -12.694565773], [-41.449546814, 180.651367188, -55.2565078735, 27.1167469025, 47.0235137939, 19.3422393799, 57.1688194275, 38.2569046021, 51.1371536255, 11.7508516312, 113.049087524, 18.8945217133, 13.1185264587], [84.2303237915, -70.3073501587, 20.2171401978, -12.9158964157, -2.68402028084, -0.324693500996, -11.0167560577, 15.2450656891, -6.17175149918, 4.49197149277, 18.8945217133, 75.3515167236, 19.0692539215], [-38.7164497375, 28.8263530731, -46.604347229, 45.8785362244, 11.0633363724, -22.6041641235, -9.55624866486, 19.8731651306, 21.926410675, -12.694565773, 13.1185264587, 19.0692539215, 90.4479598999]],
        "icov": [[0.000174513086677, -0.000141477677971, 0.000173826105311, -0.000275413622148, 0.000274574849755, -0.00036828496377, 0.000458874419564, -0.000635476666503, 0.000226864241995, -0.000358821795089, 0.000326432054862, -0.000342750252457, 0.000331099581672], [-0.000141477677971, 0.00241079973057, -0.000556298706215, 0.000672283640597, -0.00171693635639, 0.00176188349724, -0.00293870596215, 0.00271318224259, -0.00285910372622, 0.00287854741327, -0.00262986309826, 0.00206293468364, -0.000669223372824], [0.000173826105311, -0.000556298706215, 0.00211279676296, -0.00118037837092, 0.000490863982122, -0.00137139786966, 0.000486162607558, -0.000525739800651, 0.00138195371255, -0.00242008781061, 0.00203333212994, -0.00182919425424, 0.00111924519297], [-0.000275413622148, 0.000672283640597, -0.00118037837092, 0.00488208327442, -0.00251180864871, -6.90785745974e-05, -0.000396937655751, 0.00149898638483, -0.00196735374629, 0.00187727506272, -0.0015450877836, 0.00252803461626, -0.00306653371081], [0.000274574849755, -0.00171693635639, 0.000490863982122, -0.00251180864871, 0.00641864771023, -0.00220985943452, 0.00197196332738, -0.00434880889952, 0.00114623992704, -0.0017794072628, 0.00163316156249, -0.00170153274667, 0.00161246443167], [-0.00036828496377, 0.00176188349724, -0.00137139786966, -6.90785745974e-05, -0.00220985943452, 0.0111720655113, -0.00749285984784, 0.00324968225323, -0.000875510100741, -0.000460010865936, -0.00165706127882, 0.000907658715732, 0.000362576101907], [0.000458874419564, -0.00293870596215, 0.000486162607558, -0.000396937655751, 0.00197196332738, -0.00749285984784, 0.0137272514403, -0.00859051663429, 0.00412197504193, -0.00163428322412, -0.00032485590782, 0.000458685564809, 0.00153071503155], [-0.000635476666503, 0.00271318224259, -0.000525739800651, 0.00149898638483, -0.00434880889952, 0.00324968225323, -0.00859051663429, 0.0154438009486, -0.00766563136131, 0.00284106144682, -0.00122594670393, -0.000729541410692, -0.00253614317626], [0.000226864241995, -0.00285910372622, 0.00138195371255, -0.00196735374629, 0.00114623992704, -0.000875510100741, 0.00412197504193, -0.00766563136131, 0.0136814210564, -0.00599205680192, 0.000405111757573, -0.000136226124596, 0.000291406206088], [-0.000358821795089, 0.00287854741327, -0.00242008781061, 0.00187727506272, -0.0017794072628, -0.000460010865936, -0.00163428322412, 0.00284106144682, -0.00599205680192, 0.0162869524211, -0.00515763740987, 0.00304062105715, -0.000118916599604], [0.000326432054862, -0.00262986309826, 0.00203333212994, -0.0015450877836, 0.00163316156249, -0.00165706127882, -0.00032485590782, -0.00122594670393, 0.000405111757573, -0.00515763740987, 0.0161960367113, -0.00730012357235, 0.000798399851192], [-0.000342750252457, 0.00206293468364, -0.00182919425424, 0.00252803461626, -0.00170153274667, 0.000907658715732, 0.000458685564809, -0.000729541410692, -0.000136226124596, 0.00304062105715, -0.00730012357235, 0.0195623710752, -0.00499106245115], [0.000331099581672, -0.000669223372824, 0.00111924519297, -0.00306653371081, 0.00161246443167, 0.000362576101907, 0.00153071503155, -0.00253614317626, 0.000291406206088, -0.000118916599604, 0.000798399851192, -0.00499106245115, 0.0150047447532]]
    },
    "melbands": {
        "dmean": [0.00108190637548, 0.00104757794179, 0.000458092516055, 0.000562351022381, 0.000473488471471, 0.000253640435403, 0.000193098341697, 0.000167529986356, 0.00015959792654, 0.000123569596326, 0.000107568179374, 8.08085460449e-05, 4.75331871712e-05, 3.22430278175e-05, 3.31974842993e-05, 2.52559602814e-05, 2.16514326894e-05, 1.58576167451e-05, 1.72751751961e-05, 1.45158774103e-05, 9.97855750029e-06, 9.63642105489e-06, 9.3554299383e-06, 7.41506028135e-06, 6.36106415186e-06, 5.53120617042e-06, 3.42126350006e-06, 2.46098670686e-06, 2.17864521801e-06, 2.32725165006e-06, 2.29885904446e-06, 2.12783038478e-06, 1.81081009032e-06, 1.90803643818e-06, 2.28390695156e-06, 1.17402692013e-06, 1.00984618712e-06, 8.75517685017e-07, 8.33718786453e-07, 7.00055579728e-07],
        "dmean2": [0.00172004988417, 0.0017131336499, 0.000752766267397, 0.000917081546504, 0.00075751543045, 0.0004062440712, 0.000309666938847, 0.000264324859018, 0.000252597470535, 0.000203055838938, 0.000168165497598, 0.000123186357087, 7.19444724382e-05, 5.26458316017e-05, 5.12250699103e-05, 4.07287225244e-05, 3.49337569787e-05, 2.5540641218e-05, 2.69281317742e-05, 2.40321915044e-05, 1.65590881807e-05, 1.58708553499e-05, 1.48613289639e-05, 1.21842440421e-05, 1.07838977783e-05, 9.45368174143e-06, 5.76902584726e-06, 4.28453040513e-06, 3.75143076781e-06, 4.19717343902e-06, 3.92853189624e-06, 3.48370849679e-06, 2.98421741718e-06, 2.95853033094e-06, 3.57040175913e-06, 1.76826245024e-06, 1.47401510731e-06, 1.24216808217e-06, 1.27229850477e-06, 1.08945471311e-06],
        "dvar": [7.63995376474e-06, 8.13064980321e-06, 1.30400940179e-06, 9.07593175725e-07, 6.84944097884e-07, 4.19723562572e-07, 3.97302642341e-07, 3.32777005951e-07, 5.22521418134e-07, 4.14271028149e-07, 2.18345704184e-07, 8.27128872061e-08, 3.40053709635e-08, 1.22983205841e-08, 1.5137732845e-08, 5.29297228269e-09, 4.34010116734e-09, 2.91862178869e-09, 2.3917452463e-09, 1.57582957794e-09, 5.83056936065e-10, 3.81812637062e-10, 4.03691718942e-10, 3.14804737833e-10, 1.80686215989e-10, 3.58039986548e-10, 1.32568664379e-10, 4.43354797319e-11, 3.5276028626e-11, 6.02888156065e-11, 6.35728275578e-11, 4.78934149284e-11, 2.16863194069e-11, 2.23334545302e-11, 3.59311920495e-11, 1.83371373641e-11, 1.30344407143e-11, 7.04978913788e-12, 4.88449471842e-12, 3.2769826349e-12],
        "dvar2": [1.84865475603e-05, 2.02543833439e-05, 3.32854870067e-06, 2.28912972489e-06, 1.63777031048e-06, 1.05415188045e-06, 1.0315873169e-06, 8.1077894265e-07, 1.35332970785e-06, 9.3708536042e-07, 4.81040274281e-07, 1.89783733617e-07, 7.24784214867e-08, 3.31895542161e-08, 3.6441182516e-08, 1.22773329281e-08, 1.0518390603e-08, 7.20261716936e-09, 5.28188870419e-09, 4.19747081537e-09, 1.5009717913e-09, 9.68686242331e-10, 9.86297044037e-10, 7.99898314252e-10, 4.86332585314e-10, 8.31665070145e-10, 2.8782246031e-10, 1.22776566691e-10, 9.6421017004e-11, 1.68853486748e-10, 1.69979794129e-10, 1.17349380213e-10, 5.45068018498e-11, 5.04600909668e-11, 7.99681015851e-11, 3.89228441144e-11, 2.61061016554e-11, 1.3924005178e-11, 1.12635916219e-11, 8.12638671632e-12],
        "max": [0.0294088367373, 0.0333749763668, 0.0132756493986, 0.0103618083522, 0.0123623069376, 0.0127065386623, 0.0134573765099, 0.0152927096933, 0.0193744134158, 0.0136348875239, 0.0127520328388, 0.00677147554234, 0.00508496677503, 0.00246195937507, 0.00254459027201, 0.00146928685717, 0.00156960217282, 0.00163941050414, 0.00108238693792, 0.000822724250611, 0.000477483466966, 0.000338165089488, 0.000528831616975, 0.000509802077431, 0.00019720569253, 0.000777193868998, 0.000418348179664, 0.000115520480904, 9.20850870898e-05, 8.59426872921e-05, 9.59298049565e-05, 0.000143580618897, 0.000100387733255, 9.01924649952e-05, 7.39762181183e-05, 0.000146021571709, 0.000107846310129, 8.58259081724e-05, 6.37154153083e-05, 2.24792711379e-05],
        "mean": [0.00189377192874, 0.00206833751872, 0.00064532912802, 0.000914160860702, 0.000904798391275, 0.000475994631415, 0.000328989000991, 0.000273527519312, 0.000247955642408, 0.000189421261894, 0.000161533927894, 0.0001403123606, 7.06317587174e-05, 4.42431046395e-05, 4.70053855679e-05, 3.5415047023e-05, 2.97757869703e-05, 2.44220354944e-05, 2.70054570137e-05, 2.3113192583e-05, 1.88973117474e-05, 1.75229852175e-05, 1.67116850207e-05, 1.3585706256e-05, 1.00395709524e-05, 8.26980158308e-06, 5.37761388841e-06, 3.06245419779e-06, 2.47837283496e-06, 2.24225800594e-06, 2.55297345575e-06, 2.69939232567e-06, 2.43146223511e-06, 2.84995189759e-06, 3.10731365971e-06, 1.59440173775e-06, 1.37227300456e-06, 1.18028685847e-06, 1.00734348507e-06, 7.82804761457e-07],
        "median": [0.000352945906343, 0.000473814696306, 0.000262028130237, 0.000528951524757, 0.000414724345319, 0.000175920096808, 7.53514104872e-05, 8.36426479509e-05, 4.76444074593e-05, 3.08795642923e-05, 3.1653285987e-05, 2.17974975385e-05, 1.69696868397e-05, 1.43053739521e-05, 1.31571050588e-05, 9.39622441365e-06, 8.44581791171e-06, 7.56595272833e-06, 5.70542806599e-06, 4.69762289868e-06, 5.16000227435e-06, 5.811083156e-06, 5.08677612743e-06, 5.10559675604e-06, 3.23395283885e-06, 2.21303844228e-06, 1.37693132274e-06, 9.96286075861e-07, 5.41224665085e-07, 5.44290344351e-07, 7.89951002389e-07, 8.56436827235e-07, 8.6844318048e-07, 9.79797619038e-07, 8.02074396233e-07, 3.93484498318e-07, 3.03496506149e-07, 2.48451897278e-07, 2.19177337613e-07, 1.59937670219e-07],
        "min": [7.28613231307e-24, 7.14856601525e-24, 6.3346745535e-24, 3.51961968006e-24, 7.3543640482e-24, 6.12999354759e-24, 1.4024312375e-23, 5.68327621089e-24, 4.41381205436e-24, 3.67035324967e-24, 6.40889610949e-24, 4.81235799431e-24, 8.06735941131e-24, 1.07849749746e-23, 8.79537547491e-24, 9.02447803672e-24, 5.70187715661e-24, 6.49678941383e-24, 8.88212808638e-24, 1.2211038276e-23, 1.10682123272e-23, 6.88622479919e-24, 7.76461352854e-24, 9.21313333335e-24, 1.06799192124e-23, 1.24796990568e-23, 8.08942385083e-24, 7.45714631326e-24, 6.14140915375e-24, 7.79236723291e-24, 9.30654235313e-24, 7.36584591868e-24, 7.11504652652e-24, 9.73676342501e-24, 1.22090038037e-23, 9.70552926633e-24, 8.05921836676e-24, 8.8402498275e-24, 7.11915885842e-24, 8.69282276837e-24],
        "var": [1.26830591398e-05, 1.25709193526e-05, 1.35066784424e-06, 1.31157275973e-06, 1.59926537435e-06, 7.84955034305e-07, 7.30267345261e-07, 5.00338501297e-07, 7.58633177611e-07, 6.57392661196e-07, 4.25323747777e-07, 2.38376003381e-07, 5.21233687323e-08, 1.46383207777e-08, 2.22848495213e-08, 8.31071300667e-09, 5.50471668248e-09, 3.59551988183e-09, 5.11597741948e-09, 3.75825992549e-09, 1.7204431213e-09, 1.03057817835e-09, 1.16297893538e-09, 5.45084199999e-10, 2.86338730504e-10, 4.60480292785e-10, 2.08455572248e-10, 4.30555868736e-11, 3.62955047961e-11, 4.22390698807e-11, 5.33060019736e-11, 5.63054637637e-11, 2.90459080399e-11, 3.39731888455e-11, 5.00688032701e-11, 2.65727786997e-11, 2.37876940368e-11, 1.39324376688e-11, 6.77171730148e-12, 3.50371944999e-12]
    },
    "mfcc": {
        "mean": [-662.322631836, 120.038116455, 13.2374544144, 17.6911678314, 4.46957159042, 1.90399718285, -7.40913724899, 5.79350137711, -9.2532749176, -5.20476913452, 0.26514840126, -5.28209114075, -1.4689399004],
        "cov": [[6283.47167969, -201.536056519, -327.594116211, 199.99180603, 242.714141846, -22.709405899, -10.6570959091, 242.635269165, 147.99710083, 290.466522217, 80.8452835083, -20.492767334, 125.859024048], [-201.536056519, 1085.51025391, -101.537567139, 120.545700073, 94.5487365723, 17.5100307465, 99.5560379028, 181.942214966, 52.6968765259, 77.476776123, 131.951873779, 53.6217536926, 52.2505989075], [-327.594116211, -101.537567139, 671.375244141, 47.1945610046, 7.90929460526, 150.5599823, 88.9687957764, -58.4002685547, 32.9586219788, -32.2912368774, -12.4365797043, 64.5401229858, 6.46811437607], [199.99180603, 120.545700073, 47.1945610046, 300.719024658, 168.267272949, 45.9289016724, 39.5617828369, 62.189907074, 86.6338272095, 53.0989723206, -1.33713626862, 42.4624671936, 39.8535766602], [242.714141846, 94.5487365723, 7.90929460526, 168.267272949, 267.829071045, 43.3088035583, 34.2953071594, 60.5415153503, 84.8271942139, 56.1874809265, 20.3046474457, 57.1616172791, 31.6439189911], [-22.709405899, 17.5100307465, 150.5599823, 45.9289016724, 43.3088035583, 185.995193481, 89.6364135742, 11.5369529724, 29.5089359283, 24.2484359741, 26.7414360046, 25.1661643982, 15.626499176], [-10.6570959091, 99.5560379028, 88.9687957764, 39.5617828369, 34.2953071594, 89.6364135742, 235.131347656, 92.4406356812, 51.1658363342, 61.1711158752, 31.1259365082, 44.5581970215, 40.4609794617], [242.635269165, 181.942214966, -58.4002685547, 62.189907074, 60.5415153503, 11.5369529724, 92.4406356812, 193.066864014, 69.1518630981, 69.7485580444, 49.1109275818, 24.2784042358, 44.8694381714], [147.99710083, 52.6968765259, 32.9586219788, 86.6338272095, 84.8271942139, 29.5089359283, 51.1658363342, 69.1518630981, 140.078308105, 80.0848083496, 11.6361904144, 40.0033912659, 34.4550590515], [290.466522217, 77.476776123, -32.2912368774, 53.0989723206, 56.1874809265, 24.2484359741, 61.1711158752, 69.7485580444, 80.0848083496, 170.157913208, 52.8587760925, 6.32761955261, 44.3809661865], [80.8452835083, 131.951873779, -12.4365797043, -1.33713626862, 20.3046474457, 26.7414360046, 31.1259365082, 49.1109275818, 11.6361904144, 52.8587760925, 120.163993835, 30.3531208038, 15.4163808823], [-20.492767334, 53.6217536926, 64.5401229858, 42.4624671936, 57.1616172791, 25.1661643982, 44.5581970215, 24.2784042358, 40.0033912659, 6.32761955261, 30.3531208038, 127.96837616, 42.820930481], [125.859024048, 52.2505989075, 6.46811437607, 39.8535766602, 31.6439189911, 15.626499176, 40.4609794617, 44.8694381714, 34.4550590515, 44.3809661865, 15.4163808823, 42.820930481, 96.7655715942]],
