{
"lowlevel": {
    "average_loudness": 0.945266842842,
    "barkbands_crest": {
        "dmean": 2.8395383358,
        "dmean2": 4.41458749771,
        "dvar": 5.8705239296,
        "dvar2": 14.8251781464,
        "max": 25.5695152283,
        "mean": 13.9951477051,
        "median": 13.7312402725,
        "min": 2.91068339348,
        "var": 19.9735145569
    },
    "barkbands_flatness_db": {
        "dmean": 0.0499405190349,
        "dmean2": 0.070142313838,
        "dvar": 0.00267026550137,
        "dvar2": 0.00567798828706,
        "max": 0.678954958916,
        "mean": 0.249957129359,
        "median": 0.22587159276,
        "min": 0.0250560399145,
        "var": 0.014971149154
    },
    "barkbands_kurtosis": {
        "dmean": 10.5665140152,
        "dmean2": 16.1688938141,
        "dvar": 320.852386475,
        "dvar2": 738.370727539,
        "max": 206.76473999,
        "mean": 16.8602905273,
        "median": 7.67161941528,
        "min": -1.9236279726,
        "var": 651.701293945
    },
    "barkbands_skewness": {
        "dmean": 1.02829611301,
        "dmean2": 1.51475632191,
        "dvar": 1.16197693348,
        "dvar2": 2.73362517357,
        "max": 12.3992919922,
        "mean": 2.69400548935,
        "median": 2.35100984573,
        "min": -2.15804648399,
        "var": 3.56077551842
    },
    "barkbands_spread": {
        "dmean": 7.16596746445,
        "dmean2": 10.4521579742,
        "dvar": 143.017425537,
        "dvar2": 283.755279541,
        "max": 101.362442017,
        "mean": 13.417637825,
        "median": 7.83360481262,
        "min": 0.219449564815,
        "var": 282.629333496
    },
    "dissonance": {
        "dmean": 0.0398945771158,
        "dmean2": 0.0635945722461,
        "dvar": 0.00136742985342,
        "dvar2": 0.00341111491434,
        "max": 0.499506026506,
        "mean": 0.408858716488,
        "median": 0.425084382296,
        "min": 0.100979425013,
        "var": 0.00455033686012
    },
    "dynamic_complexity": 3.30382537842,
    "erbbands_crest": {
        "dmean": 3.18906021118,
        "dmean2": 4.77868127823,
        "dvar": 9.71124744415,
        "dvar2": 20.9212837219,
        "max": 28.6421108246,
        "mean": 11.9159059525,
        "median": 10.9698047638,
        "min": 2.71898674965,
        "var": 29.8382415771
    },
    "erbbands_flatness_db": {
        "dmean": 0.0406869016588,
        "dmean2": 0.0576669126749,
        "dvar": 0.00192631490063,
        "dvar2": 0.00418394617736,
        "max": 0.527163624763,
        "mean": 0.197357654572,
        "median": 0.174429416656,
        "min": 0.0511464290321,
        "var": 0.00978408753872
    },
    "erbbands_kurtosis": {
        "dmean": 4.57393169403,
        "dmean2": 6.8507604599,
        "dvar": 78.1522064209,
        "dvar2": 188.891372681,
        "max": 149.598205566,
        "mean": 5.36935710907,
        "median": 1.90195655823,
        "min": -1.87415838242,
        "var": 112.982093811
    },
    "erbbands_skewness": {
        "dmean": 0.751509785652,
        "dmean2": 1.04761695862,
        "dvar": 0.624854028225,
        "dvar2": 1.41341722012,
        "max": 9.95234394073,
        "mean": 1.21104562283,
        "median": 1.01224207878,
        "min": -2.51231408119,
        "var": 1.76902008057
    },
    "erbbands_spread": {
        "dmean": 16.6799697876,
        "dmean2": 24.0105762482,
        "dvar": 414.031738281,
        "dvar2": 776.335876465,
        "max": 165.008575439,
        "mean": 37.1708221436,
        "median": 25.1102638245,
        "min": 0.823288202286,
        "var": 1092.06274414
    },
    "hfc": {
        "dmean": 10.0145902634,
        "dmean2": 15.1114835739,
        "dvar": 295.735565186,
        "dvar2": 703.865722656,
        "max": 119.150856018,
        "mean": 13.5100679398,
        "median": 7.22543144226,
        "min": 1.16719790173e-16,
        "var": 332.984405518
    },
    "melbands_crest": {
        "dmean": 3.0903968811,
        "dmean2": 4.89101934433,
        "dvar": 7.31542348862,
        "dvar2": 18.2614192963,
        "max": 33.2452659607,
        "mean": 17.8976154327,
        "median": 17.8519515991,
        "min": 2.11793684959,
        "var": 23.7317409515
    },
    "melbands_flatness_db": {
        "dmean": 0.0599391497672,
        "dmean2": 0.0829180404544,
        "dvar": 0.00406362488866,
        "dvar2": 0.00834086816758,
        "max": 0.854685664177,
        "mean": 0.355033218861,
        "median": 0.331490457058,
        "min": 0.00508370390162,
        "var": 0.0213135778904
    },
    "melbands_kurtosis": {
        "dmean": 19.2188415527,
        "dmean2": 29.3162155151,
        "dvar": 1118.36474609,
        "dvar2": 2632.32421875,
        "max": 596.266784668,
        "mean": 31.2071361542,
        "median": 15.4199113846,
        "min": -1.73581528664,
        "var": 2423.26220703
    },
    "melbands_skewness": {
        "dmean": 1.25098085403,
        "dmean2": 1.85066831112,
        "dvar": 2.04937767982,
        "dvar2": 4.93971776962,
        "max": 17.9367408752,
        "mean": 3.51235580444,
        "median": 3.03083634377,
        "min": -0.941963672638,
        "var": 5.66759204865
    },
    "melbands_spread": {
        "dmean": 5.22591400146,
        "dmean2": 7.70884227753,
        "dvar": 199.866088867,
        "dvar2": 402.030639648,
        "max": 218.967376709,
        "mean": 10.2725448608,
        "median": 6.39915990829,
        "min": 0.279060482979,
        "var": 295.124145508
    },
    "pitch_salience": {
        "dmean": 0.0805583521724,
        "dmean2": 0.123581781983,
        "dvar": 0.00592210190371,
        "dvar2": 0.0140565549955,
        "max": 0.821014165878,
        "mean": 0.457140862942,
        "median": 0.452262729406,
        "min": 0.10776603967,
        "var": 0.0172699503601
    },
    "silence_rate_20dB": {
        "dmean": 0,
        "dmean2": 0,
        "dvar": 0,
        "dvar2": 0,
        "max": 1,
        "mean": 1,
        "median": 1,
        "min": 1,
        "var": 0
    },
    "silence_rate_30dB": {
        "dmean": 0.0231928881258,
        "dmean2": 0.0464037135243,
        "dvar": 0.0226549431682,
        "dvar2": 0.0666778609157,
        "max": 1,
        "mean": 0.987248837948,
        "median": 1,
        "min": 0,
        "var": 0.0125883817673
    },
    "silence_rate_60dB": {
        "dmean": 0.0301507543772,
        "dmean2": 0.0603248253465,
        "dvar": 0.0292407628149,
        "dvar2": 0.0628675892949,
        "max": 1,
        "mean": 0.102009274065,
        "median": 0,
        "min": 0,
        "var": 0.0916037261486
    },
    "spectral_centroid": {
        "dmean": 232.370773315,
        "dmean2": 339.613800049,
        "dvar": 159444.671875,
        "dvar2": 283522.5,
        "max": 11147.2412109,
        "mean": 659.343994141,
        "median": 500.219848633,
        "min": 101.179855347,
        "var": 286180.46875
    },
    "spectral_complexity": {
        "dmean": 3.13567829132,
        "dmean2": 4.65815925598,
        "dvar": 32.3470458984,
        "dvar2": 54.6832275391,
        "max": 53,
        "mean": 9.37635231018,
        "median": 8,
        "min": 0,
        "var": 58.9401245117
    },
    "spectral_decrease": {
        "dmean": 3.53509022055e-09,
        "dmean2": 5.68526647982e-09,
        "dvar": 3.40104176227e-17,
        "dvar2": 8.57045339912e-17,
        "max": 1.06262811533e-28,
        "mean": -8.1111828365e-09,
        "median": -6.5352026013e-09,
        "min": -4.64730547378e-08,
        "var": 5.57703234608e-17
    },
    "spectral_energy": {
        "dmean": 0.0140515193343,
        "dmean2": 0.0225045066327,
        "dvar": 0.000517387059517,
        "dvar2": 0.00130031094886,
        "max": 0.183080375195,
        "mean": 0.0318389162421,
        "median": 0.0255876220763,
        "min": 1.06418571029e-20,
        "var": 0.000843934307341
    },
    "spectral_energyband_high": {
        "dmean": 0.000741230731364,
        "dmean2": 0.00113977061119,
        "dvar": 2.46292233896e-06,
        "dvar2": 5.89053479416e-06,
        "max": 0.0119721470401,
        "mean": 0.00065805966733,
        "median": 7.90496342233e-05,
        "min": 7.94159465565e-21,
        "var": 2.37421841121e-06
    },
    "spectral_energyband_low": {
        "dmean": 0.00781708862633,
        "dmean2": 0.0117238899693,
        "dvar": 0.000167535035871,
        "dvar2": 0.000433002860518,
        "max": 0.116519317031,
        "mean": 0.017804948613,
        "median": 0.0147468671203,
        "min": 4.88491986584e-23,
        "var": 0.000338789715897
    },
    "spectral_energyband_middle_high": {
        "dmean": 0.000902229628991,
        "dmean2": 0.00133577734232,
        "dvar": 4.13333145843e-06,
        "dvar2": 9.2367599791e-06,
        "max": 0.0272632744163,
        "mean": 0.0013127734419,
        "median": 0.000321879575495,
        "min": 1.37110427091e-21,
        "var": 5.94836546952e-06
    },
    "spectral_energyband_middle_low": {
        "dmean": 0.010024420917,
        "dmean2": 0.0166382566094,
        "dvar": 0.000482955918415,
        "dvar2": 0.00121458480135,
        "max": 0.167921900749,
        "mean": 0.0134813319892,
        "median": 0.00728425849229,
        "min": 3.09210250782e-22,
        "var": 0.000426278449595
    },
    "spectral_entropy": {
        "dmean": 0.524758756161,
        "dmean2": 0.739963471889,
        "dvar": 0.317724406719,
        "dvar2": 0.674524068832,
        "max": 9.79154491425,
        "mean": 6.73303747177,
        "median": 6.86923980713,
        "min": 3.62166404724,
        "var": 1.12645769119
    },
    "spectral_flux": {
        "dmean": 0.0374799855053,
        "dmean2": 0.0541060678661,
        "dvar": 0.00233116652817,
        "dvar2": 0.00435133837163,
        "max": 0.342252075672,
        "mean": 0.0880582034588,
        "median": 0.0638940408826,
        "min": 1.03159376874e-10,
        "var": 0.00566615117714
    },
    "spectral_kurtosis": {
        "dmean": 13.6578035355,
        "dmean2": 21.6914539337,
        "dvar": 1066.79956055,
        "dvar2": 2623.48852539,
        "max": 515.999023438,
        "mean": 29.7759799957,
        "median": 5.74348974228,
        "min": -1.20929205418,
        "var": 4569.06396484
    },
    "spectral_rms": {
        "dmean": 0.00109184405301,
        "dmean2": 0.00166977313347,
        "dvar": 2.24658720072e-06,
        "dvar2": 5.29842554897e-06,
        "max": 0.0133646922186,
        "mean": 0.00498611759394,
        "median": 0.00499635189772,
        "min": 3.2221575668e-12,
        "var": 6.20098808213e-06
    },
    "spectral_rolloff": {
        "dmean": 614.358459473,
        "dmean2": 1053.12597656,
        "dvar": 3358287.25,
        "dvar2": 7172340.5,
        "max": 18949.21875,
        "mean": 965.030151367,
        "median": 387.59765625,
        "min": 64.599609375,
        "var": 4505172.5
    },
    "spectral_skewness": {
        "dmean": 0.97112184763,
        "dmean2": 1.41623485088,
        "dvar": 2.09641361237,
        "dvar2": 4.41340351105,
        "max": 18.1934490204,
        "mean": 3.34312319756,
        "median": 2.13809585571,
        "min": 0.0278281141073,
        "var": 11.4185409546
    },
    "spectral_spread": {
        "dmean": 1558517.125,
        "dmean2": 2173481.75,
        "dvar": 3.24864521011e+12,
        "dvar2": 5.33455909683e+12,
        "max": 40077832,
        "mean": 5442154.5,
        "median": 5083371,
        "min": 225449.296875,
        "var": 1.02910824284e+13
    },
    "spectral_strongpeak": {
        "dmean": 0.238234296441,
        "dmean2": 0.402559369802,
        "dvar": 0.122858606279,
        "dvar2": 0.310399442911,
        "max": 3.92861294746,
        "mean": 0.541526377201,
        "median": 0.422093242407,
        "min": 0,
        "var": 0.196865200996
    },
    "zerocrossingrate": {
        "dmean": 0.0162937212735,
        "dmean2": 0.0180210899562,
        "dvar": 0.00075179914711,
        "dvar2": 0.000867997703608,
        "max": 0.50439453125,
        "mean": 0.0414546616375,
        "median": 0.02490234375,
        "min": 0.001953125,
        "var": 0.00254368106835
    },
    "barkbands": {
        "dmean": [0.000126810991787, 0.00488456478342, 0.00455580838025, 0.00408482598141, 0.00538686104119, 0.00125066668261, 0.000593654462136, 0.00058061972959, 0.000454961817013, 0.000156416295795, 0.000117508505355, 0.000241798814386, 9.6881405625e-05, 7.40786199458e-05, 6.96656861692e-05, 9.32792390813e-05, 7.79279289418e-05, 6.9598594564e-05, 8.35777245811e-05, 8.50805736263e-05, 8.37651386973e-05, 7.27254591766e-05, 9.09420341486e-05, 0.00012468615023, 0.00021180359181, 0.000110641150968, 6.86531620886e-06],
        "dmean2": [0.000200465379748, 0.00719501916319, 0.00744205899537, 0.00702744023874, 0.00970173906535, 0.00213045044802, 0.00089314521756, 0.000856848142575, 0.000658506178297, 0.000260995671852, 0.00017781254428, 0.000361042068107, 0.000163344229804, 0.000119431882922, 0.000108210064354, 0.000139824958751, 0.000122603261843, 0.000105317682028, 0.000130071188323, 0.000129122214275, 0.000131631211843, 0.000109308581159, 0.000146002901602, 0.000194929205463, 0.000325496977894, 0.000175516572199, 1.09888514999e-05],
        "dvar": [3.99549229257e-08, 6.97676441632e-05, 8.40223583509e-05, 0.000114319533168, 0.000201870076125, 3.62533637599e-06, 1.53297764882e-06, 1.57076169671e-06, 8.61727244228e-07, 1.6038144679e-07, 2.25205468496e-07, 3.03709271066e-07, 8.53535411238e-08, 3.27184288551e-08, 4.82163180493e-08, 9.80559704544e-08, 5.52188978986e-08, 4.35597584669e-08, 5.63949420496e-08, 3.42702151102e-08, 3.05790166522e-08, 1.81814883149e-08, 4.29569766425e-08, 8.98671572713e-08, 2.70020848347e-07, 8.0316702622e-08, 3.67165103876e-10],
        "dvar2": [1.04035116522e-07, 0.000174515400431, 0.000217005042941, 0.000288840848953, 0.000569481926505, 9.71232566371e-06, 3.19200125887e-06, 3.08776429847e-06, 1.72383283825e-06, 3.89130946132e-07, 4.99303666857e-07, 7.18228307051e-07, 2.23485571382e-07, 7.88030263266e-08, 1.20836261885e-07, 1.98477096092e-07, 1.32707825173e-07, 8.65746585532e-08, 1.38191438737e-07, 7.62339951166e-08, 7.03913158873e-08, 4.11453981997e-08, 1.04778976606e-07, 2.10937002976e-07, 6.57104862967e-07, 2.0042253368e-07, 8.82503625732e-10],
        "max": [0.00196484103799, 0.0755035430193, 0.0805315747857, 0.0796192511916, 0.133169874549, 0.0200899317861, 0.0176351536065, 0.0193646866828, 0.0167234838009, 0.0052237235941, 0.0114766526967, 0.00842692889273, 0.00322954007424, 0.00266640982591, 0.0025443546474, 0.00615536049008, 0.00499792210758, 0.00313109951094, 0.00252507417463, 0.00195941724814, 0.00158734631259, 0.00130163680296, 0.00156938913278, 0.00220105121844, 0.0043159336783, 0.00222688354552, 0.00018739051302],
        "mean": [0.000200030975975, 0.0104730231687, 0.00572911649942, 0.00320179946721, 0.00489746173844, 0.00199348526075, 0.0009904964827, 0.00121738493908, 0.00114737369586, 0.000151936459588, 0.000135010574013, 0.000382866244763, 9.77175222943e-05, 9.90529952105e-05, 7.80850532465e-05, 0.000116404706205, 8.24459639261e-05, 7.69003599999e-05, 7.7037322626e-05, 8.19656197564e-05, 7.17852599337e-05, 7.1146794653e-05, 7.89310070104e-05, 0.000108198313683, 0.00018385432486, 8.96058045328e-05, 5.81520907872e-06],
        "median": [0.000119046570035, 0.00654010102153, 0.0019024371868, 0.000399163225666, 0.00144973397255, 0.00115769577678, 0.000310311268549, 0.000230375866522, 0.00022412603721, 2.41570924118e-05, 1.53006039909e-05, 4.69289661851e-05, 1.24064154079e-05, 1.41321870615e-05, 5.68450923311e-06, 6.99942074789e-06, 1.03318925539e-05, 5.14568000654e-06, 8.1451908045e-06, 1.0490319255e-05, 8.03316834208e-06, 8.84229393705e-06, 1.14010308607e-05, 5.92895548834e-06, 1.5495083062e-05, 4.36966047346e-06, 1.64930384017e-07],
        "min": [7.42984383734e-24, 1.87857221822e-23, 1.37849293779e-23, 2.96560956885e-24, 3.96104289234e-23, 5.05173617939e-23, 5.40463815405e-23, 3.21469748783e-23, 1.33552147547e-23, 7.24476413165e-23, 4.69198468326e-23, 1.00484925402e-22, 4.6938044276e-23, 4.23460439259e-23, 1.12150726686e-22, 1.6255275386e-22, 1.29012395033e-22, 2.16578593463e-22, 1.4588061408e-22, 2.53558347972e-22, 3.94644341201e-22, 4.03783162259e-22, 4.24354811888e-22, 1.01525373614e-21, 1.20239830102e-21, 1.59559161778e-21, 2.52314704338e-21],
        "var": [6.39746531306e-08, 0.000146668360685, 8.76537305885e-05, 8.69210925885e-05, 0.000133338064188, 5.67656707062e-06, 3.36288053404e-06, 5.51328002985e-06, 4.17656428908e-06, 1.52295299927e-07, 3.10742080956e-07, 5.51852053832e-07, 7.16643171472e-08, 5.87967043941e-08, 5.58631931824e-08, 1.90073066619e-07, 5.92812874345e-08, 6.29223961823e-08, 5.39980362646e-08, 3.93069754523e-08, 3.1526454336e-08, 2.09002788409e-08, 3.83478706567e-08, 8.67097824653e-08, 2.47577588652e-07, 6.9502895883e-08, 3.33234023708e-10]
    },
    "erbbands": {
        "dmean": [0.110510021448, 1.26377546787, 4.56142187119, 8.61969280243, 21.6292438507, 14.7796421051, 11.9457969666, 7.91541910172, 8.18451118469, 8.50554561615, 13.5325489044, 8.68978500366, 6.23811578751, 4.58222055435, 5.81514549255, 8.0423002243, 4.58489751816, 3.27461910248, 3.99681854248, 3.26615762711, 5.73596429825, 4.4874792099, 3.70272684097, 4.14016199112, 3.84907674789, 4.05763483047, 3.78458809853, 3.13742780685, 2.60511422157, 2.29318165779, 2.74864697456, 2.45055270195, 2.05800819397, 1.98615503311, 1.69711637497, 0.642254471779, 0.1791793257, 0.0279006715864, 0.000802089401986, 3.87053187296e-05],
        "dmean2": [0.155954033136, 1.84802746773, 7.19811248779, 13.3389902115, 39.3027038574, 26.2036895752, 20.5640201569, 13.3818531036, 12.3081512451, 12.7338829041, 20.5445137024, 12.8154668808, 9.76103782654, 7.2622089386, 8.88166046143, 11.9447641373, 7.24269294739, 5.26096153259, 6.26576375961, 4.96638536453, 8.47488689423, 7.08061218262, 5.49750328064, 6.40490102768, 5.7997674942, 6.17994403839, 6.11969661713, 4.9804558754, 3.8966422081, 3.54312157631, 4.43217325211, 3.84666538239, 3.16214799881, 3.05971121788, 2.64961886406, 1.01748394966, 0.281099975109, 0.0437130481005, 0.00126664584968, 6.03622938797e-05],
        "dvar": [0.0312070660293, 4.86281681061, 76.5877075195, 340.921081543, 3956.87939453, 1383.36621094, 364.469512939, 166.820495605, 380.144561768, 292.243682861, 725.888671875, 406.149108887, 240.517105103, 171.945358276, 244.293869019, 336.667816162, 151.444213867, 69.2227325439, 118.826812744, 98.6285858154, 411.545623779, 180.175170898, 115.791503906, 150.200500488, 98.9922103882, 71.3125686646, 85.1497497559, 35.6064682007, 22.3415393829, 19.8113937378, 43.3190879822, 34.3321762085, 24.2661075592, 23.2007656097, 17.7186870575, 2.77856898308, 0.200150489807, 0.00506423320621, 4.50273637398e-06, 4.65929472782e-09],
        "dvar2": [0.0813713893294, 12.0976934433, 202.892059326, 768.505554199, 10935.7275391, 3917.39013672, 968.462463379, 439.785522461, 802.396728516, 569.839233398, 1707.21130371, 808.734313965, 488.000518799, 383.127044678, 558.167663574, 797.856750488, 373.163635254, 170.207565308, 288.928985596, 218.568862915, 893.906799316, 435.236907959, 233.33493042, 358.233642578, 203.664352417, 160.572402954, 215.732498169, 76.227684021, 49.1126289368, 47.9133987427, 105.901153564, 78.884513855, 56.1228866577, 56.9902114868, 43.9176483154, 6.96384429932, 0.487769842148, 0.0119808036834, 1.07477608253e-05, 1.11718483353e-08],
        "max": [1.9192006588, 20.5156440735, 91.5294342041, 140.758758545, 393.151641846, 552.758972168, 205.176010132, 136.778091431, 331.937438965, 263.634918213, 401.440490723, 481.13104248, 282.54675293, 345.531890869, 362.269134521, 328.671051025, 158.776763916, 100.653366089, 110.884132385, 180.124801636, 467.971618652, 255.326629639, 133.980789185, 130.024124146, 100.172714233, 80.0178451538, 81.4901275635, 53.3829536438, 42.0805625916, 33.722618103, 49.9867973328, 40.2575912476, 40.8339653015, 35.3249969482, 35.3149452209, 13.0627117157, 4.02083110809, 0.587385654449, 0.0199650749564, 0.000553779827897],
        "mean": [0.241206243634, 2.54601740837, 6.51735258102, 8.96982002258, 15.3580722809, 15.9429244995, 18.1168899536, 13.107468605, 13.7991342545, 16.192073822, 32.7607116699, 20.5564556122, 10.4750814438, 5.38089466095, 6.94176769257, 12.8218641281, 6.48596572876, 4.15898370743, 4.72230100632, 4.09740781784, 7.32083845139, 4.87047147751, 4.07641887665, 4.1258225441, 3.71042609215, 3.85831046104, 3.18091678619, 2.78170657158, 2.53001141548, 2.18296790123, 2.35658717155, 2.18362426758, 1.81257021427, 1.73298716545, 1.43863105774, 0.519836962223, 0.147926181555, 0.0237997248769, 0.000702502788045, 5.62054810871e-05],
        "median": [0.150424003601, 1.26462614536, 3.09563422203, 2.37120437622, 2.22982788086, 5.67066144943, 10.0599479675, 6.54709863663, 4.40484905243, 4.73067951202, 7.26858997345, 4.75835847855, 2.34878182411, 1.01975178719, 0.989980340004, 1.69861888885, 0.964543104172, 0.669449687004, 0.556864142418, 0.415394157171, 0.528783082962, 0.637762069702, 0.354325592518, 0.376349389553, 0.434936225414, 0.493268042803, 0.369755893946, 0.314203977585, 0.316957235336, 0.32382029295, 0.323358237743, 0.124646067619, 0.101217865944, 0.113843992352, 0.141227066517, 0.02787335217, 0.00804866943508, 0.00108573574107, 4.58056492789e-05, 3.64459192497e-05],
        "min": [8.08142281332e-22, 3.54624324336e-21, 1.74984161693e-20, 2.5119097059e-20, 2.79809965756e-20, 1.82346240397e-19, 1.49639893792e-19, 3.80086156896e-19, 5.4010783946e-19, 9.34973413307e-19, 1.0233047222e-18, 4.01300754669e-19, 1.92105728269e-18, 1.87850566441e-18, 1.6568444213e-18, 5.06807026584e-18, 3.02680730334e-18, 2.52834619826e-18, 5.39455142258e-18, 5.5062795351e-18, 8.61709033836e-18, 8.00291369663e-18, 8.05790549093e-18, 1.24148940791e-17, 9.90030637597e-18, 1.15831490839e-17, 1.68684245709e-17, 1.42064415544e-17, 1.542914354e-17, 1.53730590401e-17, 1.09527621837e-17, 1.96576378918e-17, 1.7482185968e-17, 1.14126109114e-17, 8.54067704774e-18, 5.72139488443e-18, 3.02596916258e-18, 1.07495119131e-18, 3.13786260782e-19, 4.29908221005e-20],
        "var": [0.0815337896347, 9.50733280182, 90.7019500732, 343.125213623, 2490.34570312, 1085.47729492, 501.122833252, 310.637817383, 780.95513916, 785.936279297, 2547.4152832, 1598.81921387, 767.699829102, 229.38822937, 331.159301758, 624.489013672, 204.41796875, 93.6340026855, 157.617507935, 148.450683594, 778.250976562, 192.600341797, 159.33454895, 155.815643311, 116.86491394, 79.9047317505, 74.6908035278, 40.1642570496, 26.5013427734, 20.6532516479, 37.833732605, 34.1693458557, 24.0633277893, 21.2421321869, 15.598233223, 2.3832681179, 0.180664405227, 0.00474733300507, 4.17450200985e-06, 4.91463936214e-09]
    },
    "gfcc": {
        "mean": [-81.2656097412, 114.948768616, -46.6894874573, 19.7570705414, -66.4713363647, 6.95298624039, -37.0548286438, 11.5567817688, -23.9918518066, 5.648396492, -18.8674964905, 0.910172760487, -11.3433246613],
        "cov": [[16624.4335938, -4765.51855469, -3435.67333984, 1878.10400391, 364.369262695, 1645.3059082, -563.652893066, 568.148071289, -546.733093262, 920.014587402, -167.507873535, 120.057884216, -776.603149414], [-4765.51855469, 3705.6184082, 879.117980957, -908.373901367, 542.875549316, -376.689483643, 529.719909668, -68.2584838867, 513.03918457, -355.984039307, 251.868911743, -18.3593254089, 400.086578369], [-3435.67333984, 879.117980957, 1798.48535156, -335.79598999, -210.052154541, -248.95300293, 263.120697021, -40.0820808411, 117.884300232, -154.718139648, 31.79347229, 32.5646362305, 162.437637329], [1878.10400391, -908.373901367, -335.79598999, 802.112792969, 91.59349823, 189.56137085, -5.92093420029, 114.604972839, -21.7836322784, 168.919494629, 14.8547782898, -27.3743724823, -84.4420623779], [364.369262695, 542.875549316, -210.052154541, 91.59349823, 580.29296875, 197.046813965, 159.79095459, 117.800941467, 186.72467041, 60.1861839294, 92.1926422119, 22.7238121033, 22.367931366], [1645.3059082, -376.689483643, -248.95300293, 189.56137085, 197.046813965, 468.028259277, 26.4781608582, 113.600212097, 30.0986690521, 170.274185181, 19.8036117554, 14.4656620026, -101.636680603], [-563.652893066, 529.719909668, 263.120697021, -5.92093420029, 159.79095459, 26.4781608582, 267.949127197, 86.9038467407, 135.975326538, -16.8485908508, 59.7698707581, -4.52552223206, 55.0505638123], [568.148071289, -68.2584838867, -40.0820808411, 114.604972839, 117.800941467, 113.600212097, 86.9038467407, 209.186462402, 101.263656616, 82.5948867798, 35.4369049072, 29.3566665649, -12.3626594543], [-546.733093262, 513.03918457, 117.884300232, -21.7836322784, 186.72467041, 30.0986690521, 135.975326538, 101.263656616, 220.732727051, 33.0917854309, 84.2854385376, 7.85930538177, 65.2744293213], [920.014587402, -355.984039307, -154.718139648, 168.919494629, 60.1861839294, 170.274185181, -16.8485908508, 82.5948867798, 33.0917854309, 213.231124878, 64.6453399658, 48.9323768616, -44.316860199], [-167.507873535, 251.868911743, 31.79347229, 14.8547782898, 92.1926422119, 19.8036117554, 59.7698707581, 35.4369049072, 84.2854385376, 64.6453399658, 153.575485229, 61.3788337708, 56.4302711487], [120.057884216, -18.3593254089, 32.5646362305, -27.3743724823, 22.7238121033, 14.4656620026, -4.52552223206, 29.3566665649, 7.85930538177, 48.9323768616, 61.3788337708, 128.494049072, 46.6493263245], [-776.603149414, 400.086578369, 162.437637329, -84.4420623779, 22.367931366, -101.636680603, 55.0505638123, -12.3626594543, 65.2744293213, -44.316860199, 56.4302711487, 46.6493263245, 151.994277954]],
        "icov": [[0.000252818892477, -8.20243531052e-06, 0.000300022744341, -0.000244861992542, 5.06783471792e-05, -0.00046782271238, 8.06198386272e-06, -0.000455842353404, 0.000579672341701, -0.000172602580278, 0.000197054992896, -0.000367240456399, 0.000236679290538], [-8.20243531052e-06, 0.00156420958228, -7.52424239181e-05, 0.00124437629711, -0.00103912188206, 0.000430900981883, -0.00124039861839, 0.00107945653144, -0.00175283313729, 0.00130669621285, -0.0015092829708, 0.00106973166112, -0.00104366161395], [0.000300022744341, -7.52424239181e-05, 0.00128729199059, -0.000215038380702, 0.000805760966614, -0.00050903018564, -0.00113140814938, -0.000147598024341, 0.000124641330331, -6.49588255328e-05, 0.00057474069763, -0.00109331146814, 0.000224314775551], [-0.000244861992542, 0.00124437629711, -0.000215038380702, 0.00301856710576, -0.00111488671973, 0.00079423916759, -0.00118979532272, 0.000331542163622, -0.000696320319548, -0.000225105890422, -0.00160869711544, 0.00250055920333, -0.00140353664756], [5.06783471792e-05, -0.00103912188206, 0.000805760966614, -0.00111488671973, 0.00424379948527, -0.00158856518101, -0.000621756655164, -0.000155513276695, -0.00148706161417, 0.000289054820314, 0.000705979764462, -0.00195090752095, 0.0010989716975], [-0.00046782271238, 0.000430900981883, -0.00050903018564, 0.00079423916759, -0.00158856518101, 0.00511296046898, -0.000935559801292, 0.000550326774828, -0.000862976536155, -0.0019947567489, -5.14129969815e-05, 0.000795283063781, 0.00106107408646], [8.06198386272e-06, -0.00124039861839, -0.00113140814938, -0.00118979532272, -0.000621756655164, -0.000935559801292, 0.00900808349252, -0.00335254427046, 0.000191685569007, 0.000824305985589, -0.000729311082978, 0.00122907827608, -0.0001634657674], [-0.000455842353404, 0.00107945653144, -0.000147598024341, 0.000331542163622, -0.000155513276695, 0.000550326774828, -0.00335254427046, 0.0109649840742, -0.00704241544008, 0.000100402707176, 0.000902159838006, -0.00241787475534, 0.00112923269626], [0.000579672341701, -0.00175283313729, 0.000124641330331, -0.000696320319548, -0.00148706161417, -0.000862976536155, 0.000191685569007, -0.00704241544008, 0.0162221398205, -0.00438760221004, -0.00125956104603, 0.00327460607514, -0.0027281572111], [-0.000172602580278, 0.00130669621285, -6.49588255328e-05, -0.000225105890422, 0.000289054820314, -0.0019947567489, 0.000824305985589, 0.000100402707176, -0.00438760221004, 0.0125493360683, -0.00532540213317, -0.00225844653323, 0.00216968078166], [0.000197054992896, -0.0015092829708, 0.00057474069763, -0.00160869711544, 0.000705979764462, -5.14129969815e-05, -0.000729311082978, 0.000902159838006, -0.00125956104603, -0.00532540213317, 0.0144575582817, -0.00569083727896, -0.000961856509093], [-0.000367240456399, 0.00106973166112, -0.00109331146814, 0.00250055920333, -0.00195090752095, 0.000795283063781, 0.00122907827608, -0.00241787475534, 0.00327460607514, -0.00225844653323, -0.00569083727896, 0.0157676748931, -0.00674877036363], [0.000236679290538, -0.00104366161395, 0.000224314775551, -0.00140353664756, 0.0010989716975, 0.00106107408646, -0.0001634657674, 0.00112923269626, -0.0027281572111, 0.00216968078166, -0.000961856509093, -0.00674877036363, 0.0144476722926]]
    },
    "melbands": {
        "dmean": [0.00117535283789, 0.00200279708952, 0.00181242451072, 0.00137350009754, 0.000419482385041, 0.000192707666429, 0.000118004027172, 0.000103223021142, 0.000111537388875, 5.11229518452e-05, 3.18188103847e-05, 1.92430961761e-05, 1.80014030775e-05, 2.43470913119e-05, 2.22802318603e-05, 5.60185935683e-06, 6.41178348815e-06, 6.70202598485e-06, 5.84646295465e-06, 5.308978416e-06, 7.06099763192e-06, 4.90481897941e-06, 3.48357298208e-06, 3.51154449163e-06, 3.39986081599e-06, 2.99546422866e-06, 2.48565038419e-06, 3.03467413687e-06, 2.36682649302e-06, 2.39523387791e-06, 1.66408528912e-06, 1.44213379372e-06, 1.56194437295e-06, 1.1566341982e-06, 1.43664328789e-06, 1.89018453511e-06, 1.38618361234e-06, 1.3690794276e-06, 1.73181990704e-06, 1.63692254773e-06],
        "dmean2": [0.00168846233282, 0.00302524724975, 0.0028915500734, 0.00248034112155, 0.000724171288311, 0.000325115135638, 0.00017847988056, 0.00014833084424, 0.000167309699464, 7.66592056607e-05, 4.97761175211e-05, 3.08324924845e-05, 2.73123732768e-05, 3.72071590391e-05, 3.3692947909e-05, 9.20033107832e-06, 1.03752017822e-05, 1.07390269477e-05, 9.41595226323e-06, 8.19408887764e-06, 1.08358908619e-05, 7.68064001022e-06, 5.34531636731e-06, 5.21960100741e-06, 5.37763844477e-06, 4.6014461077e-06, 3.6516153159e-06, 4.82249561173e-06, 3.86530382457e-06, 3.84581835533e-06, 2.59746093434e-06, 2.18269497054e-06, 2.41985253524e-06, 1.8211344468e-06, 2.34139929489e-06, 3.09185088554e-06, 2.1206508336e-06, 2.12115492104e-06, 2.68674034487e-06, 2.57905298895e-06],
        "dvar": [3.69703320757e-06, 1.28837918965e-05, 1.74845408765e-05, 1.42782237162e-05, 5.18656918302e-07, 9.05314863076e-08, 6.97631676871e-08, 4.14407992366e-08, 4.28303437161e-08, 1.36025564146e-08, 6.48369802292e-09, 2.79084266808e-09, 3.61928154113e-09, 4.21320711652e-09, 3.49472206729e-09, 2.7170216077e-10, 2.59744392661e-10, 3.25920179733e-10, 3.57047197364e-10, 3.11300318856e-10, 7.7643197427e-10, 2.25217927641e-10, 1.11100198485e-10, 1.24537213875e-10, 1.08776494756e-10, 6.05750172245e-11, 3.69166468228e-11, 4.40657302314e-11, 3.82651098307e-11, 2.7846686762e-11, 9.20211389727e-12, 6.99860221859e-12, 1.03232457305e-11, 4.95613836429e-12, 1.11923413246e-11, 2.44941410904e-11, 1.02214816472e-11, 1.09483654781e-11, 1.83497817635e-11, 1.57867920125e-11],
        "dvar2": [9.48438537307e-06, 3.39364050888e-05, 4.01039978897e-05, 4.00597673433e-05, 1.3935317611e-06, 2.39048517869e-07, 1.50042168912e-07, 7.54469340336e-08, 1.02835720384e-07, 2.83090688669e-08, 1.28442501079e-08, 6.33631236369e-09, 8.12602785061e-09, 1.00831556438e-08, 7.92574539332e-09, 6.82513268124e-10, 6.41199371376e-10, 7.8958417582e-10, 9.48036538162e-10, 6.82162659693e-10, 1.87045312572e-09, 5.47616563207e-10, 2.58073618031e-10, 2.38129377328e-10, 2.69533062536e-10, 1.3498338558e-10, 6.92138360514e-11, 1.10280673482e-10, 9.92469301186e-11, 6.90515492008e-11, 1.99409690149e-11, 1.51981344176e-11, 2.49543215952e-11, 1.22342613471e-11, 2.77965202938e-11, 5.94336801996e-11, 2.31232585163e-11, 2.61201615892e-11, 4.21263683659e-11, 3.9935166285e-11],
        "max": [0.0200510714203, 0.0365505069494, 0.0307670086622, 0.0336917750537, 0.00908420979977, 0.0029665553011, 0.00425582472235, 0.0027788747102, 0.0032288483344, 0.00268081435934, 0.00141072703991, 0.00126859557349, 0.00163615203928, 0.00080539251212, 0.00118930602912, 0.000208451252547, 0.000210862301174, 0.0002501377312, 0.000205906981137, 0.000438034709077, 0.000730017956812, 0.000315356417559, 0.000113447313197, 0.000245828792686, 0.000119337913929, 8.55036487337e-05, 6.48413260933e-05, 6.24521271675e-05, 5.72760873183e-05, 4.89282356284e-05, 2.68124877039e-05, 2.32819165831e-05, 2.80725016637e-05, 1.69392824318e-05, 2.80487056443e-05, 4.49751823908e-05, 2.3790564228e-05, 2.96170110232e-05, 3.02318367176e-05, 3.07692207571e-05],
        "mean": [0.00257293018512, 0.00354759744368, 0.00182144576684, 0.00114330241922, 0.000645350839477, 0.000324710825225, 0.000198605368496, 0.000201049158932, 0.000278187420918, 0.000123171150335, 5.0610746257e-05, 2.13878411159e-05, 2.12414743146e-05, 3.06352922053e-05, 3.84534032492e-05, 5.72365570406e-06, 8.06635398476e-06, 7.76329579821e-06, 6.53552797303e-06, 5.96890231463e-06, 8.55500002217e-06, 5.25740733792e-06, 3.38769132213e-06, 3.90479362977e-06, 3.28238206748e-06, 2.87519810627e-06, 2.44213015321e-06, 2.68205167231e-06, 1.98393740902e-06, 1.93235928236e-06, 1.47090611335e-06, 1.41794396313e-06, 1.47102343817e-06, 1.08634242224e-06, 1.233690341e-06, 1.57147928803e-06, 1.26180555071e-06, 1.19543256005e-06, 1.50111225139e-06, 1.42358589983e-06],
        "median": [0.00177101022564, 0.00229969294742, 0.000435273745097, 0.000285393209197, 0.000342319952324, 0.000174371438334, 6.50485599181e-05, 4.03545927838e-05, 5.57638995815e-05, 2.51860474236e-05, 9.46040472627e-06, 3.20738013215e-06, 2.3972093004e-06, 3.63431990991e-06, 3.40894075634e-06, 7.49224341234e-07, 1.18234765978e-06, 8.20392187961e-07, 4.83718508804e-07, 4.28928757401e-07, 5.01116460327e-07, 6.53843073906e-07, 3.48684920937e-07, 2.42242577997e-07, 2.90688973337e-07, 3.03188556927e-07, 2.85791031729e-07, 3.11208140147e-07, 2.31222855973e-07, 1.77508937327e-07, 1.71353235601e-07, 1.64874563779e-07, 1.64967232763e-07, 1.79097355613e-07, 2.09142172025e-07, 8.24364931873e-08, 6.71233664207e-08, 6.57801138004e-08, 7.00116657981e-08, 7.77334037139e-08],
        "min": [6.58259894209e-24, 8.09960488967e-24, 3.73195697549e-24, 1.0075850552e-23, 7.69553613452e-24, 8.66734966088e-24, 9.98625173034e-24, 8.9993425617e-24, 7.08995996088e-24, 2.35268160601e-24, 9.82598280453e-24, 7.75227101082e-24, 5.8676712642e-24, 9.05333299092e-24, 1.39803160246e-23, 3.55278220922e-24, 4.34981965773e-24, 8.49160643955e-24, 6.537860668e-24, 7.6388399124e-24, 1.06006237031e-23, 7.15384270584e-24, 5.21632577526e-24, 1.07024680125e-23, 9.72283845232e-24, 7.32727140927e-24, 7.01248593138e-24, 7.84525089028e-24, 9.52664164544e-24, 1.11454276103e-23, 7.05420484035e-24, 7.48138248686e-24, 6.83593412762e-24, 1.04409109242e-23, 5.25772480114e-24, 8.76762808143e-24, 1.28692780148e-23, 1.27878943907e-23, 1.08678069474e-23, 8.44660113605e-24],
        "var": [8.68219740369e-06, 1.94887888938e-05, 1.66040281329e-05, 9.17856505112e-06, 7.01782653323e-07, 1.67261006823e-07, 1.43490126447e-07, 1.31407446702e-07, 1.68251943933e-07, 6.12447834669e-08, 1.97818970094e-08, 3.54801654723e-09, 4.9934976154e-09, 5.65007685083e-09, 8.04453925696e-09, 2.5978172391e-10, 3.6368966172e-10, 5.01406471898e-10, 3.94534571679e-10, 4.72876737767e-10, 1.18418230777e-09, 2.45155618028e-10, 1.15306333925e-10, 2.06704986461e-10, 1.03769999538e-10, 6.68406094362e-11, 4.87484427825e-11, 4.08240143079e-11, 3.21593064678e-11, 2.50221718345e-11, 1.05985489482e-11, 8.40760707582e-12, 1.04166432424e-11, 5.04473502902e-12, 9.53423884981e-12, 2.12759879159e-11, 1.07248055922e-11, 1.05262014383e-11, 1.77548184488e-11, 1.39788085621e-11]
    },
    "mfcc": {
        "mean": [-743.352172852, 149.768173218, 60.8734855652, 27.3619194031, -0.866182088852, -1.52188181877, -3.67720913887, 1.36652672291, 0.875191152096, 0.661641299725, 0.852402091026, -0.984203577042, 0.400401234627],
        "cov": [[13741.7949219, -3270.32421875, -2869.22167969, -272.988464355, 681.064941406, 810.032165527, 607.759765625, -89.6261138916, -65.4577789307, 52.9294471741, 355.949554443, 476.14630127, 304.931030273], [-3270.32421875, 2799.08105469, 289.221221924, -50.5081253052, 39.6724357605, 1.59892725945, -54.352519989, 332.19619751, 173.732284546, 17.1009197235, 91.3186721802, 65.4450683594, 131.523544312], [-2869.22167969, 289.221221924, 1548.08459473, 96.6790847778, -253.153961182, -197.446807861, -47.2440223694, 10.0249681473, 54.5798721313, 18.3243408203, -100.475708008, -138.49911499, -67.7794036865], [-272.988464355, -50.5081253052, 96.6790847778, 428.800109863, 54.2955169678, 2.92720651627, 41.3103294373, 28.8965072632, 62.0872764587, 57.2215385437, 36.5531158447, -7.03177547455, 7.31203126907], [681.064941406, 39.6724357605, -253.153961182, 54.2955169678, 300.178649902, 167.901947021, 85.4631118774, 79.8558731079, 61.9849128723, 61.6840400696, 105.367996216, 102.451499939, 79.1458358765], [810.032165527, 1.59892725945, -197.446807861, 2.92720651627, 167.901947021, 298.217010498, 122.675918579, 58.8587417603, 31.3635540009, 54.0386047363, 102.479438782, 102.817344666, 68.4798660278], [607.759765625, -54.352519989, -47.2440223694, 41.3103294373, 85.4631118774, 122.675918579, 162.638595581, 69.7633666992, 52.2846794128, 47.2672843933, 69.283493042, 64.0071563721, 44.7079963684], [-89.6261138916, 332.19619751, 10.0249681473, 28.8965072632, 79.8558731079, 58.8587417603, 69.7633666992, 175.725662231, 95.49659729, 52.8600692749, 67.9658432007, 45.5044403076, 46.486000061], [-65.4577789307, 173.732284546, 54.5798721313, 62.0872764587, 61.9849128723, 31.3635540009, 52.2846794128, 95.49659729, 137.339782715, 69.5048751831, 60.5706100464, 34.4064292908, 29.4997196198], [52.9294471741, 17.1009197235, 18.3243408203, 57.2215385437, 61.6840400696, 54.0386047363, 47.2672843933, 52.8600692749, 69.5048751831, 131.658416748, 83.5734176636, 52.7368011475, 16.5777587891], [355.949554443, 91.3186721802, -100.475708008, 36.5531158447, 105.367996216, 102.479438782, 69.283493042, 67.9658432007, 60.5706100464, 83.5734176636, 181.780685425, 90.5712432861, 73.3544769287], [476.14630127, 65.4450683594, -138.49911499, -7.03177547455, 102.451499939, 102.817344666, 64.0071563721, 45.5044403076, 34.4064292908, 52.7368011475, 90.5712432861, 158.74697876, 88.7895584106], [304.931030273, 131.523544312, -67.7794036865, 7.31203126907, 79.1458358765, 68.4798660278, 44.7079963684, 46.486000061, 29.4997196198, 16.5777587891, 73.3544769287, 88.7895584106, 146.103042603]],
