{
"lowlevel": {
    "average_loudness": 0.945480287075,
    "barkbands_crest": {
        "dmean": 2.47634077072,
        "dmean2": 4.03247404099,
        "dvar": 5.68778038025,
        "dvar2": 14.0433101654,
        "max": 25.4741134644,
        "mean": 9.56264686584,
        "median": 8.88758659363,
        "min": 2.94743967056,
        "var": 12.3242645264
    },
    "barkbands_flatness_db": {
        "dmean": 0.0212836712599,
        "dmean2": 0.0314261764288,
        "dvar": 0.000360491801985,
        "dvar2": 0.000748002086766,
        "max": 0.368453919888,
        "mean": 0.200578778982,
        "median": 0.198667958379,
        "min": 0.0883962959051,
        "var": 0.00164957507513
    },
    "barkbands_kurtosis": {
        "dmean": 2.07766270638,
        "dmean2": 3.2494661808,
        "dvar": 10.8467750549,
        "dvar2": 28.9264717102,
        "max": 59.2679481506,
        "mean": 3.34048986435,
        "median": 2.28968191147,
        "min": -1.91423273087,
        "var": 18.3410186768
    },
    "barkbands_skewness": {
        "dmean": 0.432094573975,
        "dmean2": 0.632005691528,
        "dvar": 0.209768801928,
        "dvar2": 0.482132315636,
        "max": 7.40705776215,
        "mean": 1.30418086052,
        "median": 1.29670786858,
        "min": -4.83548307419,
        "var": 0.871905624866
    },
    "barkbands_spread": {
        "dmean": 3.93669199944,
        "dmean2": 5.88678741455,
        "dvar": 32.3615875244,
        "dvar2": 65.8678817749,
        "max": 94.5282974243,
        "mean": 14.3150520325,
        "median": 12.0001268387,
        "min": 1.78793907166,
        "var": 89.1925811768
    },
    "dissonance": {
        "dmean": 0.0248446241021,
        "dmean2": 0.0416672974825,
        "dvar": 0.000499498622958,
        "dvar2": 0.00132110563572,
        "max": 0.49998536706,
        "mean": 0.443902254105,
        "median": 0.450253993273,
        "min": 0.25704485178,
        "var": 0.00115306221414
    },
    "dynamic_complexity": 2.73521780968,
    "erbbands_crest": {
        "dmean": 2.9677438736,
        "dmean2": 4.81395149231,
        "dvar": 7.69659805298,
        "dvar2": 19.0003967285,
        "max": 30.7474765778,
        "mean": 10.5979127884,
        "median": 9.35943031311,
        "min": 3.13082790375,
        "var": 22.7857780457
    },
    "erbbands_flatness_db": {
        "dmean": 0.0196339096874,
        "dmean2": 0.0270633287728,
        "dvar": 0.000340743601555,
        "dvar2": 0.000641626422293,
        "max": 0.39962053299,
        "mean": 0.231883302331,
        "median": 0.233725726604,
        "min": 0.101702265441,
        "var": 0.00205069384538
    },
    "erbbands_kurtosis": {
        "dmean": 1.09546375275,
        "dmean2": 1.68397009373,
        "dvar": 1.70509397984,
        "dvar2": 3.88999772072,
        "max": 20.6987361908,
        "mean": 1.21268069744,
        "median": 0.588275671005,
        "min": -1.77025818825,
        "var": 6.62057685852
    },
    "erbbands_skewness": {
        "dmean": 0.348730057478,
        "dmean2": 0.536237001419,
        "dvar": 0.100518368185,
        "dvar2": 0.231338441372,
        "max": 3.82414531708,
        "mean": 0.749863445759,
        "median": 0.741255879402,
        "min": -3.11597084999,
        "var": 0.406932473183
    },
    "erbbands_spread": {
        "dmean": 6.71898651123,
        "dmean2": 9.49926948547,
        "dvar": 79.8036956787,
        "dvar2": 153.221832275,
        "max": 138.231613159,
        "mean": 28.393157959,
        "median": 24.3986740112,
        "min": 3.84036660194,
        "var": 322.878448486
    },
    "hfc": {
        "dmean": 5.56772947311,
        "dmean2": 7.70678758621,
        "dvar": 48.5413131714,
        "dvar2": 93.432975769,
        "max": 101.461112976,
        "mean": 18.9609565735,
        "median": 16.0197048187,
        "min": 8.3646402345e-05,
        "var": 199.677642822
    },
    "melbands_crest": {
        "dmean": 2.90127134323,
        "dmean2": 4.76069974899,
        "dvar": 7.29130744934,
        "dvar2": 17.6295013428,
        "max": 33.6149520874,
        "mean": 11.7597942352,
        "median": 11.0645055771,
        "min": 4.12269639969,
        "var": 16.986240387
    },
    "melbands_flatness_db": {
        "dmean": 0.0222256444395,
        "dmean2": 0.0310496389866,
        "dvar": 0.000466908328235,
        "dvar2": 0.000935186981224,
        "max": 0.393661886454,
        "mean": 0.21262934804,
        "median": 0.210447713733,
        "min": 0.0306210853159,
        "var": 0.00198377412744
    },
    "melbands_kurtosis": {
        "dmean": 3.79655265808,
        "dmean2": 5.62731933594,
        "dvar": 48.3562698364,
        "dvar2": 120.078056335,
        "max": 193.760162354,
        "mean": 7.80913162231,
        "median": 5.176404953,
        "min": -1.86490285397,
        "var": 94.1515197754
    },
    "melbands_skewness": {
        "dmean": 0.525174498558,
        "dmean2": 0.748738586903,
        "dvar": 0.329129874706,
        "dvar2": 0.693301856518,
        "max": 11.9903450012,
        "mean": 1.83985030651,
        "median": 1.79758012295,
        "min": -1.75212478638,
        "var": 1.57435107231
    },
    "melbands_spread": {
        "dmean": 4.64192247391,
        "dmean2": 6.92324352264,
        "dvar": 55.890789032,
        "dvar2": 118.943237305,
        "max": 226.952102661,
        "mean": 17.8667945862,
        "median": 15.4620008469,
        "min": 1.6290397644,
        "var": 193.463973999
    },
    "pitch_salience": {
        "dmean": 0.0616543963552,
        "dmean2": 0.100094288588,
        "dvar": 0.0030401723925,
        "dvar2": 0.00746575230733,
        "max": 0.837756991386,
        "mean": 0.589112877846,
        "median": 0.596665382385,
        "min": 0.10607495904,
        "var": 0.00894739851356
    },
    "silence_rate_20dB": {
        "dmean": 0,
        "dmean2": 0,
        "dvar": 0,
        "dvar2": 0,
        "max": 1,
        "mean": 1,
        "median": 1,
        "min": 1,
        "var": 0
    },
    "silence_rate_30dB": {
        "dmean": 0.000773993786424,
        "dmean2": 0.00154858687893,
        "dvar": 0.000773393257987,
        "dvar2": 0.00232047541067,
        "max": 1,
        "mean": 0.999613165855,
        "median": 1,
        "min": 0,
        "var": 0.000386711995816
    },
    "silence_rate_60dB": {
        "dmean": 0.00928792543709,
        "dmean2": 0.0185830425471,
        "dvar": 0.00920145027339,
        "dvar2": 0.0197869986296,
        "max": 1,
        "mean": 0.0402321070433,
        "median": 0,
        "min": 0,
        "var": 0.0386132523417
    },
    "spectral_centroid": {
        "dmean": 182.63104248,
        "dmean2": 263.795013428,
        "dvar": 47369.4570312,
        "dvar2": 94177.109375,
        "max": 5805.27587891,
        "mean": 1062.89978027,
        "median": 986.763916016,
        "min": 306.802612305,
        "var": 207926.09375
    },
    "spectral_complexity": {
        "dmean": 2.79102158546,
        "dmean2": 4.00774288177,
        "dvar": 8.02202320099,
        "dvar2": 13.905503273,
        "max": 44,
        "mean": 17.3415851593,
        "median": 17,
        "min": 0,
        "var": 46.942905426
    },
    "spectral_decrease": {
        "dmean": 1.8172254812e-09,
        "dmean2": 2.61466892582e-09,
        "dvar": 5.34000299709e-18,
        "dvar2": 1.14754344517e-17,
        "max": -4.10723159042e-14,
        "mean": -6.19817441816e-09,
        "median": -5.52263701437e-09,
        "min": -3.33786438489e-08,
        "var": 1.64812180175e-17
    },
    "spectral_energy": {
        "dmean": 0.00731045007706,
        "dmean2": 0.0104679102078,
        "dvar": 8.56804472278e-05,
        "dvar2": 0.000182986375876,
        "max": 0.135181441903,
        "mean": 0.0251131691039,
        "median": 0.0224111713469,
        "min": 1.62603427611e-07,
        "var": 0.00027137665893
    },
    "spectral_energyband_high": {
        "dmean": 0.0001320252195,
        "dmean2": 0.000183892101631,
        "dvar": 5.44387361856e-08,
        "dvar2": 1.0609451806e-07,
        "max": 0.00422781612724,
        "mean": 0.000256412808085,
        "median": 0.000145940677612,
        "min": 4.63543592399e-10,
        "var": 1.1745270001e-07
    },
    "spectral_energyband_low": {
        "dmean": 0.000866583839525,
        "dmean2": 0.0014805541141,
        "dvar": 1.75351692633e-06,
        "dvar2": 5.10999734615e-06,
        "max": 0.0171324461699,
        "mean": 0.00179851683788,
        "median": 0.00132727553137,
        "min": 5.88232662579e-09,
        "var": 3.27788438881e-06
    },
    "spectral_energyband_middle_high": {
        "dmean": 0.00260219210759,
        "dmean2": 0.00350176054053,
        "dvar": 1.9223363779e-05,
        "dvar2": 3.80649071303e-05,
        "max": 0.08677059412,
        "mean": 0.00712162675336,
        "median": 0.0039979130961,
        "min": 1.52050851909e-08,
        "var": 7.87450771895e-05
    },
    "spectral_energyband_middle_low": {
        "dmean": 0.00588798196986,
        "dmean2": 0.00880072265863,
        "dvar": 6.79832519381e-05,
        "dvar2": 0.000151935397298,
        "max": 0.12804029882,
        "mean": 0.0166935585439,
        "median": 0.0140146333724,
        "min": 1.47605689449e-07,
        "var": 0.000159227260156
    },
    "spectral_entropy": {
        "dmean": 0.173316001892,
        "dmean2": 0.238287106156,
        "dvar": 0.0298637170345,
        "dvar2": 0.0568357631564,
        "max": 8.50158023834,
        "mean": 7.16764974594,
        "median": 7.15193605423,
        "min": 5.64836263657,
        "var": 0.144913375378
    },
    "spectral_flux": {
        "dmean": 0.0226304493845,
        "dmean2": 0.0346441529691,
        "dvar": 0.000547164527234,
        "dvar2": 0.00108915672172,
        "max": 0.287082195282,
        "mean": 0.0771263539791,
        "median": 0.0698188915849,
        "min": 0.000480706483359,
        "var": 0.00180004921276
    },
    "spectral_kurtosis": {
        "dmean": 2.86477446556,
        "dmean2": 4.83280181885,
        "dvar": 7.07119226456,
        "dvar2": 20.3787555695,
        "max": 24.9582614899,
        "mean": 5.67722034454,
        "median": 4.89999866486,
        "min": -1.05158209801,
        "var": 14.5216274261
    },
    "spectral_rms": {
        "dmean": 0.000693356792908,
        "dmean2": 0.000968799809925,
        "dvar": 5.35181129635e-07,
        "dvar2": 1.0344108432e-06,
        "max": 0.0114840902388,
        "mean": 0.00465972814709,
        "median": 0.00467595551163,
        "min": 1.25951373775e-05,
        "var": 2.78764514405e-06
    },
    "spectral_rolloff": {
        "dmean": 334.082855225,
        "dmean2": 562.798828125,
        "dvar": 582970.625,
        "dvar2": 1192060.625,
        "max": 9797.60742188,
        "mean": 1224.86743164,
        "median": 990.52734375,
        "min": 236.865234375,
        "var": 1237777.75
    },
    "spectral_skewness": {
        "dmean": 0.313276916742,
        "dmean2": 0.502334535122,
        "dvar": 0.0680533051491,
        "dvar2": 0.176691010594,
        "max": 3.76076769829,
        "mean": 1.64346623421,
        "median": 1.60452818871,
        "min": -0.2391936481,
        "var": 0.260138243437
    },
    "spectral_spread": {
        "dmean": 497942.78125,
        "dmean2": 675048.25,
        "dvar": 504740347904,
        "dvar2": 802339880960,
        "max": 11726970,
        "mean": 3394198,
        "median": 2967786.75,
        "min": 1636232.75,
        "var": 2.02771844301e+12
    },
    "spectral_strongpeak": {
        "dmean": 0.672198057175,
        "dmean2": 1.0909485817,
        "dvar": 0.68445879221,
        "dvar2": 1.59932756424,
        "max": 9.56126785278,
        "mean": 1.59324300289,
        "median": 1.15152716637,
        "min": 0.000960428791586,
        "var": 2.01050281525
    },
    "zerocrossingrate": {
        "dmean": 0.00759386923164,
        "dmean2": 0.00890834443271,
        "dvar": 0.000138735631481,
        "dvar2": 0.000140353120514,
        "max": 0.33837890625,
        "mean": 0.0485846437514,
        "median": 0.04345703125,
        "min": 0.00927734375,
        "var": 0.00083461299073
    },
    "barkbands": {
        "dmean": [1.29267982629e-06, 0.000359456578735, 0.000506390992086, 0.000285646878183, 0.00181844411418, 0.0020778994076, 0.00106908765156, 0.00117448880337, 0.0023380103521, 0.00115085917059, 0.00102573190816, 0.000724692828953, 0.000463020929601, 0.00032659858698, 0.000258187705185, 0.00014570413623, 0.000130372893182, 0.000127287858049, 0.000137185896165, 9.79969554464e-05, 3.3503776649e-05, 2.2284075385e-05, 1.30596363306e-05, 3.63018225471e-05, 1.53068467625e-05, 1.25616352875e-08, 1.04353337083e-09],
        "dmean2": [2.16122316488e-06, 0.000620894890744, 0.00087620341219, 0.000466061203042, 0.00283409841359, 0.00335721648298, 0.00170125579461, 0.00178648217116, 0.00359621434473, 0.00175262184348, 0.00154149252921, 0.00107482331805, 0.000726265658159, 0.000501744623762, 0.000395568495151, 0.000220923335291, 0.000193359664991, 0.000188333302503, 0.000209933117731, 0.000146332138684, 4.72007559438e-05, 3.33510724886e-05, 2.03498111659e-05, 5.35108702024e-05, 2.22043854592e-05, 1.98264373807e-08, 1.93766314105e-09],
        "dvar": [2.48835882455e-11, 4.57281231547e-07, 6.38363928829e-07, 2.26277535376e-07, 1.07129844764e-05, 2.33860700973e-05, 8.27477470011e-06, 7.00717646396e-06, 2.93429966405e-05, 8.6916879809e-06, 7.04820013198e-06, 4.23010624218e-06, 1.30927753617e-06, 1.01437012745e-06, 4.61654821038e-07, 1.16791163407e-07, 6.83906122845e-08, 4.88371831864e-08, 5.4804523586e-08, 2.95484774426e-08, 6.56153664735e-09, 1.9872077317e-09, 8.56255455428e-10, 1.1305506753e-08, 2.54395371435e-09, 1.68852471085e-15, 2.24320173827e-18],
        "dvar2": [6.26737411968e-11, 1.29928309889e-06, 1.83860436209e-06, 5.36894390279e-07, 2.59471726167e-05, 5.88104921917e-05, 2.14264800888e-05, 1.66271456692e-05, 6.88607105985e-05, 2.0830799258e-05, 1.64471202879e-05, 9.66383686318e-06, 3.13024042953e-06, 2.58310114987e-06, 1.09661482384e-06, 2.33302586139e-07, 1.64762894883e-07, 1.06499143726e-07, 1.2457628884e-07, 6.93325645784e-08, 1.1093820973e-08, 4.5009151961e-09, 2.06025685401e-09, 2.32790018373e-08, 4.80845985251e-09, 3.8490405321e-15, 7.30342081933e-18],
        "max": [8.59139909153e-05, 0.00707530090585, 0.010954240337, 0.00721065420657, 0.0599783435464, 0.0805421322584, 0.0594675503671, 0.0501705370843, 0.124366134405, 0.0859389603138, 0.0513219088316, 0.032432846725, 0.0169299002737, 0.0224263537675, 0.0153751848266, 0.00901461578906, 0.00480981683359, 0.00279322266579, 0.00426763808355, 0.00323076220229, 0.00390417361632, 0.000563924841117, 0.00034194914042, 0.00160396029241, 0.00130255217664, 9.53065807607e-07, 1.66190226025e-08],
        "mean": [1.05033666387e-06, 0.00060632743407, 0.000998368137516, 0.000445991376182, 0.00349804316647, 0.00416581891477, 0.00183688779362, 0.00193221715745, 0.00380702549592, 0.00195465888828, 0.00164281437173, 0.00116826232988, 0.000742744363379, 0.000476737972349, 0.000444124918431, 0.000260596338194, 0.000250437151408, 0.00024023259175, 0.000270451651886, 0.000188116100617, 6.08618138358e-05, 3.56676064257e-05, 1.65402234416e-05, 4.96217144246e-05, 1.95687825908e-05, 1.41840779122e-08, 7.97560018029e-10],
        "median": [1.06949528345e-07, 0.00018793331401, 0.000689431966748, 0.000228167293244, 0.00223186425865, 0.00246514705941, 0.000938174605835, 0.000826292438433, 0.00126790453214, 0.000615831639152, 0.000335718039423, 0.000199263988179, 0.000156436086399, 0.00011494748469, 0.000183414435014, 0.000117485469673, 9.89580294117e-05, 9.61262194323e-05, 0.000151471875142, 9.49586974457e-05, 3.09229653794e-05, 1.5468995116e-05, 7.5678367466e-06, 1.27096282085e-05, 2.13637895286e-06, 2.26862129082e-09, 2.84870377287e-10],
        "min": [3.15140483154e-11, 1.55114188161e-09, 7.34979743733e-10, 1.089282331e-09, 2.08193533524e-08, 3.03985032701e-08, 1.23609691371e-08, 2.416947531e-09, 2.41105926335e-08, 1.00162473871e-08, 2.30865815354e-09, 9.22119658409e-10, 7.02048030821e-10, 5.42026978856e-10, 4.8836817923e-10, 8.52657389139e-10, 1.36828248731e-09, 3.72328029519e-10, 1.97279886871e-10, 2.37446562412e-10, 1.3878351246e-10, 8.30201393742e-11, 3.35602934332e-11, 9.72710731406e-11, 3.05521649646e-11, 4.17753201823e-12, 5.91356087362e-12],
        "var": [2.00091089531e-11, 7.89549631008e-07, 1.18255036341e-06, 3.58267925549e-07, 1.70462444657e-05, 3.01175641653e-05, 8.89817965799e-06, 1.15674447443e-05, 5.35583458259e-05, 1.54639474204e-05, 1.32736877276e-05, 9.09819209483e-06, 2.8357019346e-06, 1.28367491925e-06, 7.66856658174e-07, 2.44407971195e-07, 1.7307621647e-07, 1.19973549317e-07, 1.13794840217e-07, 6.61620731535e-08, 1.66142033464e-08, 3.30330718334e-09, 8.64804561296e-10, 1.78947558993e-08, 5.07729502885e-09, 2.37768691624e-15, 1.70526850494e-18]
    },
    "erbbands": {
        "dmean": [0.00395842688158, 0.105770595372, 0.546782970428, 0.675133407116, 2.28566169739, 7.61843299866, 11.8975410461, 18.2239494324, 17.2040100098, 19.5952548981, 26.6818695068, 59.5766601562, 40.3766403198, 26.7301902771, 45.3311767578, 25.4880447388, 20.1972866058, 16.8951816559, 13.5308704376, 10.278626442, 6.49603462219, 6.66878890991, 7.26337242126, 7.44999599457, 5.77603816986, 4.39218378067, 1.90127813816, 1.11196732521, 0.811745464802, 0.571185410023, 0.323357701302, 0.45051753521, 0.782123565674, 0.32808893919, 0.0211975146085, 0.000939261342864, 5.03153969476e-05, 6.85260874889e-06, 4.42693090008e-06, 8.55157668411e-06],
        "dmean2": [0.00670284125954, 0.183251023293, 0.949052989483, 1.09887313843, 3.69535064697, 11.8780822754, 18.8430862427, 29.6188774109, 26.7132663727, 30.654253006, 40.8125953674, 91.3906402588, 63.2893562317, 37.9593887329, 64.9514312744, 36.9108772278, 30.8439350128, 25.4870300293, 20.9197463989, 15.3661708832, 9.55917644501, 9.89630317688, 10.5334529877, 11.5094957352, 8.54391860962, 6.54297018051, 2.67380261421, 1.58992958069, 1.20480275154, 0.870657265186, 0.50219142437, 0.68269443512, 1.14977645874, 0.470888793468, 0.0307280812413, 0.00135841465089, 7.16433569323e-05, 9.82144410955e-06, 6.29281930742e-06, 1.21502198454e-05],
        "dvar": [8.86713241925e-05, 0.0369325503707, 0.800895392895, 1.06557524204, 20.9445762634, 245.474365234, 759.688110352, 1965.84460449, 2582.55737305, 1807.05993652, 3776.06616211, 20834.3964844, 11006.2666016, 5056.03271484, 12908.4570312, 4957.15234375, 2106.79785156, 2044.2310791, 1359.8770752, 730.708068848, 203.775543213, 172.370834351, 160.126403809, 226.11769104, 83.1602935791, 53.6837921143, 26.0255050659, 4.15022468567, 2.73317480087, 1.67770791054, 0.540304005146, 1.66495192051, 5.40330219269, 1.06415951252, 0.00515677779913, 9.82453366305e-06, 2.29962324738e-08, 3.40252465092e-10, 2.97638406976e-11, 1.11753481469e-10],
        "dvar2": [0.000224052098929, 0.107194520533, 2.35756206512, 2.65121197701, 50.9448242188, 597.423034668, 1877.5291748, 4926.19580078, 6592.43994141, 4289.63476562, 8640.54394531, 47954.7226562, 27255.6601562, 10160.1777344, 27848.9472656, 11467.5869141, 4753.08105469, 4999.23486328, 3437.03027344, 1542.87658691, 406.762634277, 413.953155518, 338.312408447, 548.920043945, 174.198257446, 119.751403809, 43.192150116, 8.40409564972, 6.28569936752, 3.9528799057, 1.30728292465, 3.66686630249, 10.9281082153, 2.05129361153, 0.0104629071429, 1.98421803361e-05, 4.46891057493e-08, 6.55336507283e-10, 5.8942351e-11, 2.36200448089e-10],
        "max": [0.106103643775, 1.97977054119, 11.7683963776, 17.4579772949, 82.9619750977, 317.908355713, 486.450927734, 842.303222656, 1028.55883789, 810.605651855, 1235.63269043, 3909.82080078, 2896.92456055, 1518.04260254, 2025.97644043, 1516.52929688, 786.144287109, 819.194519043, 630.2734375, 678.259521484, 363.56552124, 224.988204956, 187.414550781, 307.648529053, 152.424240112, 116.058998108, 259.551513672, 32.0852432251, 22.5228061676, 24.3878555298, 9.1004858017, 19.7230815887, 41.3661727905, 24.629737854, 1.31603205204, 0.057061765343, 0.00298723904416, 0.000359369412763, 8.47253686516e-05, 0.000157233327627],
        "mean": [0.00522931525484, 0.187493383884, 1.0718998909, 1.33652353287, 3.77876186371, 14.0594978333, 23.6478900909, 35.1602287292, 32.7177276611, 32.7567520142, 47.0281715393, 100.552909851, 68.5026397705, 48.6556892395, 80.0259780884, 44.1868247986, 36.7088356018, 27.0232467651, 23.3470172882, 19.2675304413, 13.5038881302, 13.5750751495, 14.6599731445, 14.3997507095, 11.5910968781, 8.76898002625, 3.69363856316, 2.08172106743, 1.32288086414, 0.806270122528, 0.404944211245, 0.594700813293, 1.05296075344, 0.429729253054, 0.026877110824, 0.00121974537615, 7.66177254263e-05, 1.20823506222e-05, 1.5031003386e-05, 2.99132570944e-05],
        "median": [0.00153257150669, 0.0703699439764, 0.696927607059, 0.882824063301, 2.29227137566, 8.21374034882, 13.6783246994, 19.7473049164, 17.2410125732, 16.261259079, 22.067949295, 33.0386199951, 26.6109046936, 14.0323400497, 15.5211696625, 11.6476583481, 9.20084571838, 8.34412384033, 9.60367298126, 8.11383628845, 6.21594619751, 5.54196739197, 6.14839220047, 8.22780132294, 5.9595656395, 4.44595050812, 2.10311770439, 0.995754063129, 0.589324533939, 0.370308339596, 0.188445523381, 0.202754333615, 0.222257807851, 0.0576826035976, 0.00321524613537, 0.000173906810232, 2.41847756115e-05, 5.77246555622e-06, 1.36354783535e-05, 2.6772475394e-05],
        "min": [2.01307361891e-08, 4.28694107768e-07, 1.44970351812e-06, 4.56736506749e-06, 5.42181041965e-05, 4.37897688244e-05, 0.000101208337583, 0.000291151343845, 0.000240179579123, 0.000126210637973, 6.9822272053e-05, 0.000465754477773, 0.000392322283005, 0.000134429035825, 7.68845784478e-05, 4.61540184915e-05, 3.73159600713e-05, 1.71178253368e-05, 2.70921918855e-05, 4.70431914437e-05, 6.71797533869e-05, 5.57379898964e-05, 1.95701650227e-05, 1.15125949378e-05, 1.54256431415e-05, 9.61875230132e-06, 5.4160941545e-06, 5.94081257077e-06, 2.68773032985e-06, 1.65879748693e-06, 8.67999233378e-07, 1.31685442284e-06, 2.06447020901e-06, 6.23920357157e-07, 7.62629426276e-08, 1.69668172845e-08, 8.20100432009e-09, 3.17468606958e-09, 7.80338016426e-10, 2.76828671097e-10],
        "var": [8.78095670487e-05, 0.0683188736439, 1.58096420765, 1.95370864868, 32.9029464722, 366.692321777, 1067.34130859, 2493.46118164, 3037.17382812, 2717.91113281, 6743.56298828, 41171.359375, 17354.3847656, 12632.3857422, 34038.5664062, 9352.453125, 5843.859375, 3235.09228516, 1996.87683105, 1583.7286377, 507.898101807, 449.817199707, 429.163452148, 386.098052979, 208.331115723, 129.840011597, 66.3124771118, 9.46113777161, 4.57389545441, 2.03667449951, 0.529606163502, 2.09233283997, 9.24674129486, 2.1401553154, 0.00935809593648, 1.79717808351e-05, 4.53058355276e-08, 6.81760592425e-10, 9.52945292121e-11, 3.69572289438e-10]
    },
    "gfcc": {
        "mean": [-40.7891387939, 140.829040527, -164.589767456, 27.28606987, -85.5858001709, -3.45815777779, -39.4301452637, -4.73671579361, -17.2554035187, -21.8126182556, 5.47721147537, -26.2573165894, 8.14924621582],
        "cov": [[3269.24853516, 17.2192134857, -210.98210144, 161.845153809, 187.813781738, 165.564147949, 93.4907150269, 159.888473511, -18.7565765381, 72.6236495972, 91.9108581543, 20.3624763489, 29.7437438965], [17.2192134857, 896.972045898, -158.163818359, -81.0975036621, 336.531158447, -171.655456543, 225.01914978, -91.6913070679, 117.458457947, -94.8871612549, 106.412963867, -41.6057395935, -16.8454189301], [-210.98210144, -158.163818359, 669.219177246, 282.303222656, -101.810905457, 218.324539185, -135.843597412, 72.7021865845, 4.74722337723, 78.2364273071, -86.7575912476, 39.353099823, 16.5372943878], [161.845153809, -81.0975036621, 282.303222656, 451.40536499, 101.490867615, 62.8144302368, -77.2092971802, 72.2826919556, 85.1080627441, 87.3283004761, -35.2529945374, 27.081495285, 12.1651344299], [187.813781738, 336.531158447, -101.810905457, 101.490867615, 315.174591064, 8.61647224426, 115.814025879, 5.84148645401, 71.7019729614, 9.52548122406, 48.1249389648, -11.5255718231, -4.39380025864], [165.564147949, -171.655456543, 218.324539185, 62.8144302368, 8.61647224426, 384.897949219, 58.0071296692, 47.9678039551, -43.6613235474, 68.78855896, -15.8967428207, 31.8852291107, -7.09723091125], [93.4907150269, 225.01914978, -135.843597412, -77.2092971802, 115.814025879, 58.0071296692, 255.638595581, -4.76104021072, 2.78582048416, -9.77157020569, 64.4337997437, -0.459972172976, -12.0364170074], [159.888473511, -91.6913070679, 72.7021865845, 72.2826919556, 5.84148645401, 47.9678039551, -4.76104021072, 123.733650208, 18.4929523468, 32.3262519836, -4.41957473755, 1.84748160839, 8.56956958771], [-18.7565765381, 117.458457947, 4.74722337723, 85.1080627441, 71.7019729614, -43.6613235474, 2.78582048416, 18.4929523468, 135.319793701, 22.8348751068, 5.42634534836, 2.4342713356, -9.86323833466], [72.6236495972, -94.8871612549, 78.2364273071, 87.3283004761, 9.52548122406, 68.78855896, -9.77157020569, 32.3262519836, 22.8348751068, 111.928627014, 17.0185604095, 14.1415910721, 6.50159931183], [91.9108581543, 106.412963867, -86.7575912476, -35.2529945374, 48.1249389648, -15.8967428207, 64.4337997437, -4.41957473755, 5.42634534836, 17.0185604095, 115.017066956, 19.1832542419, -7.44914484024], [20.3624763489, -41.6057395935, 39.353099823, 27.081495285, -11.5255718231, 31.8852291107, -0.459972172976, 1.84748160839, 2.4342713356, 14.1415910721, 19.1832542419, 78.7039871216, 30.245174408], [29.7437438965, -16.8454189301, 16.5372943878, 12.1651344299, -4.39380025864, -7.09723091125, -12.0364170074, 8.56956958771, -9.86323833466, 6.50159931183, -7.44914484024, 30.245174408, 72.4683532715]],
        "icov": [[0.000420526193921, -0.00048450374743, 0.000690029002726, -0.000536254257895, 0.000435624591773, -0.000543742615264, 0.000365253654309, -0.000790528720245, 0.0005311385612, -0.000276371079963, 1.65261644725e-05, -0.000170093524503, -5.55865917704e-05], [-0.00048450374743, 0.00763982301578, -0.00518063688651, 0.00390699505806, -0.00770946405828, 0.00414779083803, -0.00424841511995, 0.0050156977959, -0.00501981051639, 0.00498799886554, -0.00421961629763, 0.00346383685246, -0.00186896685045], [0.000690029002726, -0.00518063688651, 0.00719726318493, -0.00484829582274, 0.00659962464124, -0.00483304541558, 0.00375713896938, -0.00400585029274, 0.00329716620035, -0.00309871928766, 0.00325979851186, -0.00245196884498, 0.000793729501311], [-0.000536254257895, 0.00390699505806, -0.00484829582274, 0.0073096412234, -0.00656499527395, 0.00315893534571, -0.00112773268484, 0.00167846598197, -0.00361802522093, 0.000203936942853, -0.000599525461439, 7.43563796277e-05, -7.02279940015e-05], [0.000435624591773, -0.00770946405828, 0.00659962464124, -0.00656499527395, 0.0139084449038, -0.00528142508119, 0.00220433506183, -0.0042026671581, 0.0026519659441, -0.00362741737626, 0.00239818962291, -0.00102283747401, 0.000174061991856], [-0.000543742615264, 0.00414779083803, -0.00483304541558, 0.00315893534571, -0.00528142508119, 0.00752220442519, -0.0042548161, 0.00194843183272, -0.000275978207355, -0.000248748459853, -0.00010156063945, -0.000734766887035, 0.00152030505706], [0.000365253654309, -0.00424841511995, 0.00375713896938, -0.00112773268484, 0.00220433506183, -0.0042548161, 0.00904841255397, -0.00322756450623, 0.0024356986396, -0.00175534689333, -6.57337077428e-05, -0.00179434497841, 0.00102707056794], [-0.000790528720245, 0.0050156977959, -0.00400585029274, 0.00167846598197, -0.0042026671581, 0.00194843183272, -0.00322756450623, 0.0136751178652, -0.00488590821624, 0.00230696704239, -0.00316666159779, 0.00421820394695, -0.00305240158923], [0.0005311385612, -0.00501981051639, 0.00329716620035, -0.00361802522093, 0.0026519659441, -0.000275978207355, 0.0024356986396, -0.00488590821624, 0.0143119413406, -0.00572830252349, 0.00413973396644, -0.00469100242481, 0.00443134550005], [-0.000276371079963, 0.00498799886554, -0.00309871928766, 0.000203936942853, -0.00362741737626, -0.000248748459853, -0.00175534689333, 0.00230696704239, -0.00572830252349, 0.0169682726264, -0.00724411010742, 0.00395477935672, -0.00356001709588], [1.65261644725e-05, -0.00421961629763, 0.00325979851186, -0.000599525461439, 0.00239818962291, -0.00010156063945, -6.57337077428e-05, -0.00316666159779, 0.00413973396644, -0.00724411010742, 0.0162862408906, -0.00793571025133, 0.00506758270785], [-0.000170093524503, 0.00346383685246, -0.00245196884498, 7.43563796277e-05, -0.00102283747401, -0.000734766887035, -0.00179434497841, 0.00421820394695, -0.00469100242481, 0.00395477935672, -0.00793571025133, 0.0210750605911, -0.0101135903969], [-5.55865917704e-05, -0.00186896685045, 0.000793729501311, -7.02279940015e-05, 0.000174061991856, 0.00152030505706, 0.00102707056794, -0.00305240158923, 0.00443134550005, -0.00356001709588, 0.00506758270785, -0.0101135903969, 0.0195735432208]]
    },
    "melbands": {
        "dmean": [6.59131037537e-05, 0.000231975674978, 0.000145121768583, 0.000322667154251, 0.000421090167947, 0.000409330619732, 0.000244733353611, 0.000227608528803, 0.000247987656621, 0.000365895277355, 0.000197244196897, 0.000108000385808, 0.000146692749695, 9.31525937631e-05, 5.88413277001e-05, 4.18931085733e-05, 3.35971963068e-05, 2.30282948905e-05, 1.81357736437e-05, 1.3433865206e-05, 7.31289401301e-06, 7.47035255699e-06, 8.75295063452e-06, 5.32824788024e-06, 7.11799248165e-06, 4.07497554988e-06, 4.64218237539e-06, 2.70990153695e-06, 1.452481456e-06, 7.95202879544e-07, 6.55412918604e-07, 5.39873212801e-07, 3.65272939007e-07, 3.14991552841e-07, 1.89343353441e-07, 1.77714312599e-07, 3.2733981925e-07, 5.84713234275e-07, 4.94238122428e-07, 2.1441066167e-07],
        "dmean2": [0.000113909954962, 0.0004022809444, 0.000233961400227, 0.000508149561938, 0.000654087925795, 0.000664557446726, 0.000381163641578, 0.000353212468326, 0.000384525919799, 0.00056437618332, 0.000311244744807, 0.000155945002916, 0.000213159088162, 0.000139899872011, 8.80279258126e-05, 6.42599843559e-05, 5.15789834026e-05, 3.60129233741e-05, 2.77647886833e-05, 2.04775878956e-05, 1.08662525236e-05, 1.12527213787e-05, 1.31977703859e-05, 7.78286448622e-06, 1.1274474673e-05, 6.1494001784e-06, 7.03209343555e-06, 4.05362834499e-06, 2.08403275792e-06, 1.16176499887e-06, 9.53714334173e-07, 8.05816057436e-07, 5.62334207643e-07, 4.86632302454e-07, 2.98098854046e-07, 2.82379090777e-07, 5.04929857925e-07, 8.71946326697e-07, 7.33754802695e-07, 3.13736620683e-07],
        "dvar": [1.76320718026e-08, 1.44606644881e-07, 4.97695644697e-08, 4.39203972746e-07, 6.94767834375e-07, 9.47374758198e-07, 4.90767149586e-07, 2.37506995404e-07, 3.08761713086e-07, 8.12043253973e-07, 2.83372656895e-07, 8.4151103863e-08, 1.28672425603e-07, 6.72976909755e-08, 2.38127277896e-08, 1.36719977561e-08, 9.26158794101e-09, 5.21711518431e-09, 2.7164999139e-09, 1.03166186705e-09, 2.69469752068e-10, 2.98759128547e-10, 2.51512699556e-10, 7.41002606497e-11, 2.38925129681e-10, 4.3130801014e-11, 8.11479633489e-11, 1.97246437933e-11, 1.38587231968e-11, 2.64236050575e-12, 1.62537333852e-12, 1.27103601082e-12, 6.65789960056e-13, 5.18028924878e-13, 1.8139009988e-13, 1.97676307289e-13, 1.00064379525e-12, 3.23285365492e-12, 2.40931558558e-12, 4.99992462797e-13],
        "dvar2": [4.74580446053e-08, 4.29904474686e-07, 1.18556236828e-07, 1.0778600199e-06, 1.69751751855e-06, 2.35719471675e-06, 1.25149233554e-06, 5.6520536873e-07, 6.92114952017e-07, 1.86452564321e-06, 7.03814748704e-07, 1.7075301173e-07, 2.86716016262e-07, 1.56344015068e-07, 5.24080938646e-08, 3.18906110408e-08, 2.2943600797e-08, 1.35623228203e-08, 6.58409726739e-09, 2.13102313573e-09, 5.82689396733e-10, 7.52689688355e-10, 5.67843883026e-10, 1.54642187944e-10, 5.90227589026e-10, 9.06673416901e-11, 1.97251132095e-10, 4.24642439267e-11, 2.40911370714e-11, 5.29323026383e-12, 3.3223274392e-12, 3.02068136129e-12, 1.56266633747e-12, 1.25174328368e-12, 4.46379668255e-13, 4.69001953159e-13, 2.23560579771e-12, 6.76140437042e-12, 4.85638959602e-12, 1.01212701414e-12],
        "max": [0.00127902266104, 0.00502719823271, 0.00308527285233, 0.0130512509495, 0.013164726086, 0.0172331277281, 0.0146493483335, 0.00993998534977, 0.00956272706389, 0.0249039046466, 0.0150040658191, 0.00614844635129, 0.00666884798557, 0.00424115918577, 0.00304461154155, 0.00230451696552, 0.00176201458089, 0.00160111836158, 0.0011816015467, 0.000735155481379, 0.000394966918975, 0.000321298983181, 0.00026403737138, 0.000108301748696, 0.000322657317156, 0.000104863647721, 0.000178863600013, 6.45567051833e-05, 0.000175036650035, 5.70818592678e-05, 2.11401147681e-05, 1.594362584e-05, 1.1592816918e-05, 1.26791910589e-05, 5.24120923728e-06, 6.20133596385e-06, 1.7002250388e-05, 2.90079242404e-05, 3.2348158129e-05, 1.63163913385e-05],
        "mean": [0.000104043261672, 0.000465840654215, 0.000289087911369, 0.000593574019149, 0.000858407409396, 0.000815742823761, 0.000465987628559, 0.000370633992134, 0.00042929634219, 0.000605193898082, 0.000320601771818, 0.000183912867215, 0.000252819212619, 0.000153793167556, 9.628522821e-05, 6.62973470753e-05, 4.89100493724e-05, 3.5950288293e-05, 3.12102565658e-05, 2.30500536418e-05, 1.41918417285e-05, 1.36055423354e-05, 1.60058261827e-05, 1.0120836123e-05, 1.24936959764e-05, 7.86558393884e-06, 8.24675407785e-06, 5.18552133144e-06, 2.5751053272e-06, 1.37306335546e-06, 1.14502711313e-06, 8.24778112474e-07, 5.19218986028e-07, 4.15179584934e-07, 2.32053949389e-07, 2.02079476708e-07, 4.28559644661e-07, 7.72304304064e-07, 6.54681343804e-07, 2.65061032678e-07],
        "median": [3.09465940518e-05, 0.000300002895528, 0.000202104987693, 0.000364573323168, 0.000531978032086, 0.000468700862257, 0.000248801457928, 0.000171181978658, 0.000189271027921, 0.000194774911506, 0.000110327571747, 4.23534183938e-05, 5.19177410752e-05, 2.89139934466e-05, 2.20438796532e-05, 1.5951874957e-05, 1.3151573512e-05, 1.21292387121e-05, 1.21716711874e-05, 8.96761957847e-06, 5.89877663515e-06, 5.10471818416e-06, 5.85892939853e-06, 4.58286831417e-06, 6.45081763651e-06, 4.08523328588e-06, 3.36762741426e-06, 2.64771529146e-06, 1.22525068491e-06, 6.74781347243e-07, 4.6978317414e-07, 3.2849018794e-07, 2.18339962998e-07, 1.80975717967e-07, 1.06973182312e-07, 7.08241216785e-08, 1.36622105629e-07, 1.68926362676e-07, 9.93524977844e-08, 2.71505520288e-08],
        "min": [3.05768299569e-10, 5.99318317196e-10, 1.18198983934e-09, 5.3144022516e-09, 4.66622251949e-09, 7.46357287085e-09, 3.46220208058e-09, 1.14035803023e-09, 3.01655644908e-10, 3.66887054071e-09, 1.70440528358e-09, 5.62448532193e-10, 3.23793131196e-10, 1.19232249074e-10, 9.41435401858e-11, 5.74958795851e-11, 2.79457151864e-11, 5.06684694201e-11, 3.89607963946e-11, 7.0094693938e-11, 8.77768066565e-11, 7.15111789229e-11, 2.09663085504e-11, 1.97849688022e-11, 7.47464676959e-12, 1.01640059216e-11, 1.08831407428e-11, 5.50038400243e-12, 2.97350642373e-12, 3.31631271923e-12, 3.66659914236e-12, 1.6699747054e-12, 1.18774575678e-12, 7.28649020461e-13, 3.65036261852e-13, 7.44132565896e-13, 8.06226504828e-13, 1.66842950046e-12, 8.90621669296e-13, 4.39491081331e-13],
        "var": [2.4677254018e-08, 2.89788516739e-07, 9.51135135097e-08, 6.10375479937e-07, 1.1192025795e-06, 1.25951032715e-06, 5.80942696615e-07, 3.61806741012e-07, 5.55163921945e-07, 1.58645968895e-06, 4.34941199501e-07, 2.10396706279e-07, 3.021456223e-07, 1.48853658288e-07, 4.89061662279e-08, 2.95941990913e-08, 1.3197496429e-08, 6.47629594397e-09, 4.32116920024e-09, 2.22339702205e-09, 5.92517868103e-10, 6.00186789157e-10, 6.34027386148e-10, 1.8749501951e-10, 3.74284214733e-10, 1.01468985991e-10, 1.57790211452e-10, 4.61186921985e-11, 3.43085247712e-11, 5.64652144486e-12, 3.60739281328e-12, 2.01647574506e-12, 9.00449094628e-13, 5.73588214686e-13, 1.71492418248e-13, 1.96868210752e-13, 1.23079194406e-12, 4.96413023535e-12, 4.58053039942e-12, 9.19227693096e-13]
    },
    "mfcc": {
        "mean": [-658.07208252, 145.755523682, -17.6021957397, 11.1737422943, -13.5779237747, -17.671995163, -4.30715465546, -8.77798366547, -8.83326435089, -2.5696182251, -8.19777297974, -5.56460380554, -7.25089740753],
        "cov": [[3341.35913086, 47.5288276672, -354.395935059, 119.221359253, 114.644691467, 52.1016426086, 205.115081787, 95.4452896118, 58.944683075, 57.8291702271, 90.6486282349, 38.8206558228, 80.4281387329], [47.5288276672, 978.512939453, -399.668304443, 70.3853912354, -29.0172252655, 19.4580478668, 85.3226318359, 89.9751205444, -53.938709259, 59.6598548889, -11.508357048, 24.9503669739, 24.1578826904], [-354.395935059, -399.668304443, 815.482666016, 20.8188800812, 135.010360718, 116.344467163, -36.8061637878, -16.8985366821, 110.160240173, -38.7567443848, 15.1129770279, 20.1293869019, 8.11305618286], [119.221359253, 70.3853912354, 20.8188800812, 402.462921143, 159.232025146, 3.04172992706, -60.3787612915, 1.45444023609, 57.0133209229, 54.8866958618, -16.5031700134, 57.3105583191, 65.8669815063], [114.644691467, -29.0172252655, 135.010360718, 159.232025146, 259.721130371, 76.9537963867, -16.4986038208, 16.8651790619, 69.6662750244, 44.1464805603, 16.3981552124, 26.5954093933, 36.908996582], [52.1016426086, 19.4580478668, 116.344467163, 3.04172992706, 76.9537963867, 265.300018311, 108.271240234, 55.4931602478, 63.2541770935, 9.04291915894, 70.7954025269, 33.4155464172, 14.865732193], [205.115081787, 85.3226318359, -36.8061637878, -60.3787612915, -16.4986038208, 108.271240234, 253.265869141, 61.0367355347, 22.9466304779, 10.0640287399, 48.4999046326, 36.08203125, 14.8227977753], [95.4452896118, 89.9751205444, -16.8985366821, 1.45444023609, 16.8651790619, 55.4931602478, 61.0367355347, 132.187179565, 19.9387645721, 22.7239341736, 20.2837600708, 12.5745992661, 24.2284584045], [58.944683075, -53.938709259, 110.160240173, 57.0133209229, 69.6662750244, 63.2541770935, 22.9466304779, 19.9387645721, 146.870132446, 4.58837890625, 24.5556430817, 10.3289203644, 7.60800218582], [57.8291702271, 59.6598548889, -38.7567443848, 54.8866958618, 44.1464805603, 9.04291915894, 10.0640287399, 22.7239341736, 4.58837890625, 124.431739807, 24.9113807678, 16.5243854523, 12.3669376373], [90.6486282349, -11.508357048, 15.1129770279, -16.5031700134, 16.3981552124, 70.7954025269, 48.4999046326, 20.2837600708, 24.5556430817, 24.9113807678, 129.681854248, 30.8983612061, -1.81021273136], [38.8206558228, 24.9503669739, 20.1293869019, 57.3105583191, 26.5954093933, 33.4155464172, 36.08203125, 12.5745992661, 10.3289203644, 16.5243854523, 30.8983612061, 104.105781555, 44.3923149109], [80.4281387329, 24.1578826904, 8.11305618286, 65.8669815063, 36.908996582, 14.865732193, 14.8227977753, 24.2284584045, 7.60800218582, 12.3669376373, -1.81021273136, 44.3923149109, 110.507736206]],
