{
"lowlevel": {
    "average_loudness": 0.969129681587,
    "barkbands_crest": {
        "dmean": 2.36791992188,
        "dmean2": 3.87059092522,
        "dvar": 4.52444648743,
        "dvar2": 12.1082744598,
        "max": 22.4784545898,
        "mean": 11.3872938156,
        "median": 10.9384756088,
        "min": 3.75531363487,
        "var": 13.516242981
    },
    "barkbands_flatness_db": {
        "dmean": 0.0192253980786,
        "dmean2": 0.0311474781483,
        "dvar": 0.000311736745061,
        "dvar2": 0.000766154495068,
        "max": 0.366862893105,
        "mean": 0.195891469717,
        "median": 0.190468579531,
        "min": 0.0947153270245,
        "var": 0.00152670079842
    },
    "barkbands_kurtosis": {
        "dmean": 2.90777277946,
        "dmean2": 4.67334222794,
        "dvar": 18.2892494202,
        "dvar2": 47.3182411194,
        "max": 95.2391815186,
        "mean": 5.98752975464,
        "median": 4.09708595276,
        "min": -1.61412501335,
        "var": 48.2191200256
    },
    "barkbands_skewness": {
        "dmean": 0.460459887981,
        "dmean2": 0.737780570984,
        "dvar": 0.200598165393,
        "dvar2": 0.514146924019,
        "max": 7.83660793304,
        "mean": 2.10790681839,
        "median": 2.01720428467,
        "min": 0.0956658646464,
        "var": 0.791126251221
    },
    "barkbands_spread": {
        "dmean": 3.5745780468,
        "dmean2": 5.60597276688,
        "dvar": 22.861661911,
        "dvar2": 50.9215431213,
        "max": 66.7115783691,
        "mean": 14.7348537445,
        "median": 13.7577581406,
        "min": 1.11973059177,
        "var": 64.4677047729
    },
    "dissonance": {
        "dmean": 0.0197700168937,
        "dmean2": 0.0323714539409,
        "dvar": 0.000317448255373,
        "dvar2": 0.000865620444529,
        "max": 0.49896466732,
        "mean": 0.444325506687,
        "median": 0.451208174229,
        "min": 0.200441852212,
        "var": 0.00116990541574
    },
    "dynamic_complexity": 2.14674401283,
    "erbbands_crest": {
        "dmean": 2.23321795464,
        "dmean2": 3.53285312653,
        "dvar": 4.42120742798,
        "dvar2": 10.9918422699,
        "max": 26.8088035583,
        "mean": 9.71274757385,
        "median": 8.65932655334,
        "min": 3.22205042839,
        "var": 17.427728653
    },
    "erbbands_flatness_db": {
        "dmean": 0.012746331282,
        "dmean2": 0.0186443720013,
        "dvar": 0.00016616130597,
        "dvar2": 0.000318769249134,
        "max": 0.366363376379,
        "mean": 0.205267295241,
        "median": 0.200655177236,
        "min": 0.116185925901,
        "var": 0.00114727427717
    },
    "erbbands_kurtosis": {
        "dmean": 0.72724455595,
        "dmean2": 1.12932217121,
        "dvar": 1.35777103901,
        "dvar2": 2.92060208321,
        "max": 21.2475795746,
        "mean": 0.416990995407,
        "median": -0.290778875351,
        "min": -1.73567557335,
        "var": 5.18533849716
    },
    "erbbands_skewness": {
        "dmean": 0.301173627377,
        "dmean2": 0.463588416576,
        "dvar": 0.0814700201154,
        "dvar2": 0.181372284889,
        "max": 3.85683941841,
        "mean": 0.702237427235,
        "median": 0.637021422386,
        "min": -1.18417346478,
        "var": 0.462115138769
    },
    "erbbands_spread": {
        "dmean": 6.31786489487,
        "dmean2": 9.56439495087,
        "dvar": 63.3757972717,
        "dvar2": 131.025909424,
        "max": 127.384407043,
        "mean": 39.1455535889,
        "median": 38.5534973145,
        "min": 6.31472873688,
        "var": 235.710617065
    },
    "hfc": {
        "dmean": 3.7363448143,
        "dmean2": 5.63502931595,
        "dvar": 20.1388568878,
        "dvar2": 43.2970733643,
        "max": 70.0684890747,
        "mean": 20.7671127319,
        "median": 21.0668697357,
        "min": 2.41681573243e-05,
        "var": 118.724433899
    },
    "melbands_crest": {
        "dmean": 2.7541115284,
        "dmean2": 4.43541431427,
        "dvar": 5.81457996368,
        "dvar2": 15.6292476654,
        "max": 30.2443580627,
        "mean": 14.2667398453,
        "median": 13.5499267578,
        "min": 4.27782011032,
        "var": 19.1140537262
    },
    "melbands_flatness_db": {
        "dmean": 0.0211533531547,
        "dmean2": 0.0332244038582,
        "dvar": 0.000449691026006,
        "dvar2": 0.00103336130269,
        "max": 0.443063884974,
        "mean": 0.211618751287,
        "median": 0.204508334398,
        "min": 0.0699400529265,
        "var": 0.0028478379827
    },
    "melbands_kurtosis": {
        "dmean": 5.54478263855,
        "dmean2": 8.92866611481,
        "dvar": 47.2905960083,
        "dvar2": 129.188583374,
        "max": 139.484176636,
        "mean": 14.3609189987,
        "median": 11.8713884354,
        "min": -0.382313489914,
        "var": 122.60369873
    },
    "melbands_skewness": {
        "dmean": 0.57018238306,
        "dmean2": 0.904640257359,
        "dvar": 0.302787810564,
        "dvar2": 0.787528455257,
        "max": 8.03579521179,
        "mean": 2.95711970329,
        "median": 2.88006186485,
        "min": -0.0380772165954,
        "var": 1.2157638073
    },
    "melbands_spread": {
        "dmean": 3.96467781067,
        "dmean2": 6.32622385025,
        "dvar": 23.7987327576,
        "dvar2": 58.7126998901,
        "max": 77.3509750366,
        "mean": 15.2201452255,
        "median": 13.6880464554,
        "min": 1.24955058098,
        "var": 69.5799331665
    },
    "pitch_salience": {
        "dmean": 0.0593385212123,
        "dmean2": 0.096999950707,
        "dvar": 0.00293122860603,
        "dvar2": 0.00806644652039,
        "max": 0.785816967487,
        "mean": 0.537509799004,
        "median": 0.540200591087,
        "min": 0.17736928165,
        "var": 0.0081038819626
    },
    "silence_rate_20dB": {
        "dmean": 0,
        "dmean2": 0,
        "dvar": 0,
        "dvar2": 0,
        "max": 1,
        "mean": 1,
        "median": 1,
        "min": 1,
        "var": 0
    },
    "silence_rate_30dB": {
        "dmean": 0,
        "dmean2": 0,
        "dvar": 0,
        "dvar2": 0,
        "max": 1,
        "mean": 1,
        "median": 1,
        "min": 1,
        "var": 0
    },
    "silence_rate_60dB": {
        "dmean": 0.00232198135927,
        "dmean2": 0.00464576063678,
        "dvar": 0.00231646071188,
        "dvar2": 0.00462449342012,
        "max": 1,
        "mean": 0.0328820124269,
        "median": 0,
        "min": 0,
        "var": 0.0318026691675
    },
    "spectral_centroid": {
        "dmean": 150.347610474,
        "dmean2": 241.472167969,
        "dvar": 29105.5859375,
        "dvar2": 69060.0234375,
        "max": 2499.93115234,
        "mean": 854.961608887,
        "median": 815.741577148,
        "min": 193.73348999,
        "var": 101273.476562
    },
    "spectral_complexity": {
        "dmean": 2.33281731606,
        "dmean2": 3.7305457592,
        "dvar": 4.53551244736,
        "dvar2": 10.4506559372,
        "max": 38,
        "mean": 17.6321086884,
        "median": 18,
        "min": 0,
        "var": 32.5738105774
    },
    "spectral_decrease": {
        "dmean": 1.84823722993e-09,
        "dmean2": 2.96153879198e-09,
        "dvar": 3.60826936544e-18,
        "dvar2": 9.13095478722e-18,
        "max": -1.23678490883e-14,
        "mean": -7.94222820844e-09,
        "median": -7.90777665571e-09,
        "min": -2.26377530055e-08,
        "var": 1.41722591428e-17
    },
    "spectral_energy": {
        "dmean": 0.00721928430721,
        "dmean2": 0.0115321325138,
        "dvar": 5.44070280739e-05,
        "dvar2": 0.000136606686283,
        "max": 0.0889503806829,
        "mean": 0.0318594761193,
        "median": 0.0317859835923,
        "min": 4.8871260816e-08,
        "var": 0.000223268551053
    },
    "spectral_energyband_high": {
        "dmean": 0.000234094361076,
        "dmean2": 0.000340673344908,
        "dvar": 2.08836794968e-07,
        "dvar2": 4.82564644244e-07,
        "max": 0.00636365683749,
        "mean": 0.000623457366601,
        "median": 0.000484216405312,
        "min": 3.7621867427e-11,
        "var": 4.13073593108e-07
    },
    "spectral_energyband_low": {
        "dmean": 0.000803357746918,
        "dmean2": 0.00133176229428,
        "dvar": 2.04188768294e-06,
        "dvar2": 5.68820360058e-06,
        "max": 0.0304289832711,
        "mean": 0.00183405610733,
        "median": 0.000946955406107,
        "min": 3.44173312072e-09,
        "var": 7.77142213337e-06
    },
    "spectral_energyband_middle_high": {
        "dmean": 0.00118245009799,
        "dmean2": 0.00176414533053,
        "dvar": 2.25521716857e-06,
        "dvar2": 5.03475348523e-06,
        "max": 0.0271984785795,
        "mean": 0.0047992807813,
        "median": 0.00411462178454,
        "min": 4.8455017776e-09,
        "var": 1.28625570142e-05
    },
    "spectral_energyband_middle_low": {
        "dmean": 0.00691141048446,
        "dmean2": 0.01112289913,
        "dvar": 5.1823004469e-05,
        "dvar2": 0.00013310299255,
        "max": 0.082104422152,
        "mean": 0.0254178512841,
        "median": 0.0244453717023,
        "min": 4.15752055005e-08,
        "var": 0.000179539521923
    },
    "spectral_entropy": {
        "dmean": 0.167806684971,
        "dmean2": 0.25400146842,
        "dvar": 0.0312671326101,
        "dvar2": 0.063616655767,
        "max": 8.36533641815,
        "mean": 7.17514944077,
        "median": 7.21405696869,
        "min": 5.30822324753,
        "var": 0.1757170856
    },
    "spectral_flux": {
        "dmean": 0.0210389979184,
        "dmean2": 0.0325996167958,
        "dvar": 0.000397790281568,
        "dvar2": 0.000952972564846,
        "max": 0.209524005651,
        "mean": 0.0736821740866,
        "median": 0.0702012330294,
        "min": 0.00022106844699,
        "var": 0.00118909939192
    },
    "spectral_kurtosis": {
        "dmean": 2.03524971008,
        "dmean2": 3.45360183716,
        "dvar": 11.1478395462,
        "dvar2": 28.8315544128,
        "max": 75.2207870483,
        "mean": 4.85566425323,
        "median": 3.23304796219,
        "min": -0.994064569473,
        "var": 55.2189331055
    },
    "spectral_rms": {
        "dmean": 0.000627803383395,
        "dmean2": 0.000998101546429,
        "dvar": 3.74087733235e-07,
        "dvar2": 9.23094603422e-07,
        "max": 0.00931562390178,
        "mean": 0.00536370556802,
        "median": 0.00556872691959,
        "min": 6.90501838108e-06,
        "var": 2.31305716625e-06
    },
    "spectral_rolloff": {
        "dmean": 341.240753174,
        "dmean2": 590.75994873,
        "dvar": 426493.625,
        "dvar2": 1057880.5,
        "max": 8957.8125,
        "mean": 1042.7520752,
        "median": 796.728515625,
        "min": 150.732421875,
        "var": 590967.875
    },
    "spectral_skewness": {
        "dmean": 0.239450246096,
        "dmean2": 0.389074325562,
        "dvar": 0.0735178515315,
        "dvar2": 0.173071265221,
        "max": 6.87543487549,
        "mean": 1.6737293005,
        "median": 1.54676747322,
        "min": 0.268593102694,
        "var": 0.488733112812
    },
    "spectral_spread": {
        "dmean": 404930.78125,
        "dmean2": 601704.3125,
        "dvar": 232612986880,
        "dvar2": 419122839552,
        "max": 10433060,
        "mean": 4239190.5,
        "median": 4207221.5,
        "min": 936575.1875,
        "var": 1.07418386432e+12
    },
    "spectral_strongpeak": {
        "dmean": 0.45120164752,
        "dmean2": 0.7546697855,
        "dvar": 0.406432718039,
        "dvar2": 0.985661327839,
        "max": 7.50024366379,
        "mean": 1.27277708054,
        "median": 1.09308278561,
        "min": 0.00097496988019,
        "var": 0.867130756378
    },
    "zerocrossingrate": {
        "dmean": 0.00678340578452,
        "dmean2": 0.0084677003324,
        "dvar": 5.89929986745e-05,
        "dvar2": 8.02854556241e-05,
        "max": 0.15576171875,
        "mean": 0.0471989475191,
        "median": 0.04541015625,
        "min": 0.0068359375,
        "var": 0.000360182923032
    },
    "barkbands": {
        "dmean": [1.48503170294e-06, 4.36450209236e-05, 0.000483110139612, 0.00140769698191, 0.00433773733675, 0.00280165835284, 0.00127106625587, 0.000690845772624, 0.000739997136407, 0.000220551170059, 0.000456002249848, 0.000248079013545, 0.000192660547327, 0.000152841370436, 0.000325479952153, 0.000328086694935, 0.000255673570791, 6.32363153272e-05, 5.42678935744e-05, 7.85499432823e-05, 4.7013956646e-05, 7.63393691159e-05, 5.6160355598e-05, 7.21712567611e-05, 1.21357788885e-05, 1.07725250942e-08, 1.41347722415e-09],
        "dmean2": [2.69457700597e-06, 6.71958332532e-05, 0.000786442367826, 0.0022699246183, 0.00718128727749, 0.00428331876174, 0.00184270669706, 0.000970294291619, 0.00102300348226, 0.000335255288519, 0.000661566737108, 0.000369306566427, 0.000313992641168, 0.000243722519372, 0.000512400642037, 0.000507599324919, 0.000405988219427, 9.99849144137e-05, 8.67355774972e-05, 0.000127117178636, 7.27165970602e-05, 0.000116776391224, 8.72841337696e-05, 0.000112068082672, 1.84598611668e-05, 1.75640515465e-08, 2.6234625583e-09],
        "dvar": [2.08575986343e-11, 3.64316554702e-09, 7.61246553793e-07, 6.21527351541e-06, 3.13881901093e-05, 1.56112728291e-05, 5.68146469959e-06, 3.36118205269e-06, 2.88936189463e-06, 3.11440032874e-07, 8.46454838666e-07, 5.30999272996e-07, 3.09924161002e-07, 6.72618298836e-08, 2.60977088828e-07, 3.76839892624e-07, 1.83357954597e-07, 1.16272724782e-08, 7.28729654398e-09, 3.22108739681e-08, 1.7798708285e-08, 1.81500396934e-08, 8.76660966043e-09, 5.87701549648e-08, 9.25443333077e-10, 7.23349672752e-16, 3.12338643012e-18],
        "dvar2": [5.99613553254e-11, 8.11958322799e-09, 2.01342731998e-06, 1.82522653631e-05, 8.71274387464e-05, 3.74471273972e-05, 1.1436432942e-05, 5.51432412976e-06, 5.67157076148e-06, 6.81300946326e-07, 1.80777863079e-06, 1.02270757907e-06, 8.40997699925e-07, 1.66221298059e-07, 6.02226009505e-07, 8.95956361546e-07, 4.33195566529e-07, 2.62264698847e-08, 1.8748830044e-08, 8.10739280155e-08, 4.31890434527e-08, 4.21747472501e-08, 1.9504046378e-08, 1.50168389723e-07, 2.11552309004e-09, 1.75354253636e-15, 9.90930113795e-18],
        "max": [0.000100797718915, 0.000966170046013, 0.0220394451171, 0.034349963069, 0.0648653805256, 0.0527814738452, 0.0384388230741, 0.0468589738011, 0.0487815476954, 0.0105576450005, 0.0252918358892, 0.0143189560622, 0.00998686812818, 0.00422077765688, 0.0076128365472, 0.00741924997419, 0.00740576395765, 0.00180750526488, 0.00147844932508, 0.00304272188805, 0.00426643388346, 0.00232275761664, 0.00125798082445, 0.00525665236637, 0.000638434547, 4.96819041018e-07, 1.95033749151e-08],
        "mean": [1.20002277981e-06, 8.25254101073e-05, 0.000980168348178, 0.00235743192025, 0.00902998819947, 0.00746154552326, 0.00324972555973, 0.00150478910655, 0.00170660426375, 0.000466516183224, 0.000955094292294, 0.000486772652948, 0.000316060963087, 0.000274363672361, 0.000719533185475, 0.000782461545896, 0.000528639997356, 0.000131800989038, 0.000122260025819, 0.000148698862176, 9.84874277492e-05, 0.000167488586158, 0.000139209907502, 0.000128443323774, 1.96358068933e-05, 1.54348533954e-08, 1.13958487091e-09],
        "median": [4.16970493688e-07, 4.47572383564e-05, 0.000445596990176, 0.00111618870869, 0.00676360586658, 0.00491904839873, 0.00134538765997, 0.000397765776142, 0.000806820229627, 0.000212734754314, 0.000406605162425, 0.000223619616008, 0.000137426119181, 0.000161697593285, 0.000433142704424, 0.000271209224593, 0.000303787499433, 7.61009941925e-05, 7.24685160094e-05, 6.7764238338e-05, 5.71155833313e-05, 0.000108713174996, 8.92085008672e-05, 5.55479455215e-05, 9.6628209576e-06, 7.38585148596e-09, 5.15123221856e-10],
        "min": [1.49362640312e-11, 2.8412239228e-10, 2.36763852968e-09, 9.25370446936e-10, 3.4562295248e-09, 2.12566355628e-08, 7.14801551283e-09, 1.25107069149e-09, 3.90565713104e-09, 1.49385115389e-09, 2.72805800172e-09, 1.21472609749e-09, 3.78592324157e-10, 6.65045518655e-11, 8.80348433041e-11, 4.56226029177e-11, 3.68160796987e-12, 1.66654537392e-11, 4.46453507844e-12, 4.15059870154e-12, 3.77186910178e-12, 4.24184992687e-12, 4.19951746988e-12, 8.04310524433e-12, 7.29008953898e-12, 3.10229337878e-12, 5.27395705233e-12],
        "var": [1.33457802101e-11, 1.15269349621e-08, 2.86178669739e-06, 1.0997667232e-05, 6.52175076539e-05, 5.68859941268e-05, 2.70053897111e-05, 1.56584665092e-05, 9.37444201554e-06, 7.93065510152e-07, 2.86186946141e-06, 1.00509316781e-06, 4.88151442823e-07, 1.21678482401e-07, 7.36832362236e-07, 1.2385427226e-06, 4.5235287871e-07, 3.13927408513e-08, 2.12679491796e-08, 6.26969551831e-08, 2.42008653117e-08, 3.74090944888e-08, 2.20947544705e-08, 7.40511225672e-08, 1.30487465277e-09, 8.37480533192e-16, 2.61033013672e-18]
    },
    "erbbands": {
        "dmean": [0.000477461668197, 0.0188548397273, 0.385893851519, 2.26206898689, 14.5864162445, 13.1988420486, 14.6847143173, 23.2311096191, 14.5175218582, 21.5101852417, 13.8858318329, 14.5153408051, 10.8644695282, 8.20098018646, 15.3678102493, 8.00440502167, 8.53187465668, 6.02037811279, 12.8862199783, 18.6228237152, 18.6168174744, 11.6751327515, 3.99581098557, 2.21243023872, 3.26397013664, 3.24146342278, 1.86549329758, 2.25017762184, 2.76995968819, 1.9873149395, 1.7309513092, 1.3472032547, 1.27398896217, 0.32182341814, 0.0218163039535, 0.000969477288891, 5.69028234167e-05, 8.57683698996e-06, 4.52643507742e-06, 8.26890482131e-06],
        "dmean2": [0.000786485208664, 0.0288596451283, 0.617660999298, 3.73568344116, 23.7569637299, 22.2887306213, 23.2665691376, 33.7458763123, 22.2993946075, 31.3102111816, 19.171579361, 20.3901729584, 16.4500770569, 11.9763050079, 22.2820625305, 11.8073177338, 13.7585277557, 9.5297870636, 20.5261764526, 28.7240943909, 27.8335533142, 18.0451984406, 6.23806333542, 3.54827904701, 5.10407924652, 5.1805639267, 2.87370371819, 3.55841755867, 4.26403617859, 2.97094082832, 2.70140838623, 2.07351064682, 2.01846194267, 0.493616759777, 0.0333020165563, 0.00147242192179, 8.54189493111e-05, 1.29754762384e-05, 6.98265284882e-06, 1.30963235279e-05],
        "dvar": [1.21496918837e-06, 0.000694928516168, 0.419587701559, 15.3365077972, 414.00213623, 407.519012451, 465.819854736, 1191.9362793, 1129.07946777, 1668.27185059, 1391.94421387, 1224.1875, 446.658966064, 257.047271729, 909.24420166, 513.773010254, 688.810058594, 157.313964844, 647.157043457, 974.883422852, 1131.04089355, 319.251983643, 48.2707595825, 11.555519104, 39.4389228821, 66.1845321655, 19.2245769501, 30.2949619293, 23.7143363953, 14.114865303, 8.71387004852, 11.5022468567, 21.7876758575, 0.735249578953, 0.00335916434415, 6.33830950392e-06, 2.19473399454e-08, 5.0862786205e-10, 3.91236973374e-11, 7.02255822937e-11],
        "dvar2": [3.38508721143e-06, 0.00153278722428, 1.08817768097, 44.94764328, 1097.20214844, 1197.23999023, 1205.76074219, 2556.4453125, 2582.94628906, 3479.0324707, 2353.1105957, 2469.83837891, 1040.52832031, 529.813659668, 1964.95910645, 940.174804688, 1888.18347168, 369.665588379, 1513.23303223, 2449.64282227, 2716.95874023, 749.008300781, 103.809028625, 29.9569625854, 92.9080276489, 165.320571899, 43.1257705688, 75.1311035156, 57.9773406982, 30.4031467438, 20.5427532196, 27.642074585, 56.7046203613, 1.76855993271, 0.00789947621524, 1.48685203385e-05, 5.29381836145e-08, 1.2440178887e-09, 9.46550546277e-11, 1.73329156583e-10],
        "max": [0.0350008681417, 0.464422553778, 13.8106746674, 52.8984031677, 268.788208008, 306.55670166, 322.201873779, 517.969909668, 694.497070312, 828.636901855, 1035.59765625, 770.513244629, 375.97946167, 437.627746582, 724.877502441, 521.229980469, 526.390869141, 209.489013672, 523.041381836, 441.202423096, 415.965118408, 321.231262207, 146.078353882, 62.4774551392, 135.899414062, 106.789581299, 111.845420837, 138.116119385, 86.226020813, 85.3357543945, 41.9649276733, 64.3290100098, 105.335548401, 13.3247976303, 1.08347570896, 0.0461333915591, 0.00217405264266, 0.000398585572839, 0.000111409790406, 0.000102007921669],
        "mean": [0.000933221133891, 0.0401161946356, 0.81693315506, 4.74011278152, 24.1130237579, 29.9593048096, 37.1475296021, 63.4215621948, 37.1241950989, 57.0517425537, 34.1676368713, 33.2889060974, 24.725851059, 20.9310970306, 33.6591186523, 17.875043869, 16.4960479736, 12.1067438126, 30.0801734924, 36.4395675659, 48.3953018188, 28.4215698242, 10.0693721771, 5.40695714951, 7.61078262329, 5.86898994446, 4.56829071045, 4.55874538422, 6.06003904343, 4.48249721527, 4.25379371643, 2.65502977371, 2.10130858421, 0.525744974613, 0.0353824235499, 0.00164359889459, 0.000115247843496, 1.9757222617e-05, 2.02727478609e-05, 3.8169670006e-05],
        "median": [0.000684153579641, 0.0240586549044, 0.444647818804, 2.57397246361, 15.6998128891, 20.8336696625, 23.371547699, 40.8111419678, 16.7011241913, 23.3321418762, 9.74962711334, 15.570898056, 14.4566526413, 11.6853885651, 16.7605247498, 9.00919914246, 8.49142360687, 7.44566106796, 17.066991806, 21.1186351776, 16.7476005554, 18.0684261322, 6.58712720871, 3.59993505478, 3.84376049042, 2.98424649239, 2.32799506187, 2.74226307869, 4.02239179611, 3.24634337425, 2.52365112305, 1.57703065872, 0.803682804108, 0.238182395697, 0.0182917211205, 0.000880738836713, 7.06062710378e-05, 1.35674126795e-05, 1.9915152734e-05, 3.82802500098e-05],
        "min": [5.94736571102e-09, 1.09706846274e-07, 1.93758046407e-06, 3.92873289456e-06, 1.76238495442e-06, 1.6974796381e-05, 2.37653748627e-05, 0.000234592254856, 0.000164457189385, 8.70351432241e-05, 1.35142245199e-05, 8.69683281053e-05, 7.97248576418e-05, 4.0474722482e-05, 8.80490915733e-05, 5.37956111657e-05, 2.60732867901e-05, 4.61424997411e-06, 6.75221599522e-06, 1.1388015082e-06, 2.95609720524e-06, 6.61516423861e-07, 9.07798209937e-07, 2.78285028799e-07, 1.72367791151e-07, 1.8787889644e-07, 1.70392965515e-07, 1.3706937807e-07, 1.37962274493e-07, 1.26327520888e-07, 1.27734679722e-07, 1.59980032777e-07, 1.33745857056e-07, 1.01556437926e-07, 3.23450635165e-08, 1.25927295258e-08, 6.18594597768e-09, 2.64900390512e-09, 7.3778255727e-10, 1.34644129179e-10],
        "var": [1.18615491829e-06, 0.00222263811156, 1.36087918282, 37.8591384888, 691.111633301, 974.885620117, 1530.51330566, 4361.5, 4094.62890625, 9084.53710938, 7453.27880859, 3822.49291992, 1171.81213379, 978.241699219, 2627.13696289, 1071.5411377, 965.532958984, 278.707214355, 1661.31213379, 2065.34643555, 4786.39746094, 975.569946289, 151.229217529, 36.1624984741, 137.967376709, 88.9380264282, 43.6366462708, 38.7417144775, 47.0206489563, 28.4380054474, 21.7439155579, 17.5356426239, 25.4026927948, 1.01929485798, 0.00447758147493, 8.71310658113e-06, 3.14373131971e-08, 7.38157757141e-10, 1.1141233075e-10, 3.07775332997e-10]
    },
    "gfcc": {
        "mean": [-17.9624099731, 124.015945435, -151.73260498, 36.6300468445, -94.9229125977, 4.11482048035, -62.1318435669, -20.4750041962, -12.8333501816, -30.5863513947, -7.53946971893, -20.3734607697, 5.55398988724],
        "cov": [[5191.30175781, -1257.98547363, -549.333374023, 659.829040527, -404.578857422, 111.326591492, -415.083404541, -5.88445186615, -143.687072754, -135.363739014, -297.56729126, -138.287124634, 3.96306681633], [-1257.98547363, 629.695739746, 137.551330566, -202.039031982, 188.537109375, -100.16998291, 175.298950195, -40.838092804, 73.4307479858, -10.8923578262, 101.503677368, 8.52982234955, -30.7140884399], [-549.333374023, 137.551330566, 303.452148438, 2.78348326683, 37.7377738953, 34.3682518005, 25.7797260284, 23.8868198395, -6.39130210876, 17.6485614777, 24.3697433472, -5.25446462631, -30.6469974518], [659.829040527, -202.039031982, 2.78348326683, 281.082427979, 16.603679657, 11.626288414, -83.2184066772, -15.0201597214, -15.4548892975, -28.7933139801, -63.6377906799, -27.6000728607, 9.78148078918], [-404.578857422, 188.537109375, 37.7377738953, 16.603679657, 178.17388916, -14.0324029922, 13.5984382629, -14.1149139404, 20.4010810852, -14.7408161163, 7.97200536728, -6.98117685318, 9.23155593872], [111.326591492, -100.16998291, 34.3682518005, 11.626288414, -14.0324029922, 153.714553833, 12.1969347, 22.5812187195, -25.5038223267, 10.5057020187, -16.7558250427, -4.40495443344, -22.8964004517], [-415.083404541, 175.298950195, 25.7797260284, -83.2184066772, 13.5984382629, 12.1969347, 152.492721558, 15.0366163254, -0.654425799847, 6.07403755188, 41.8970069885, 0.687531471252, -28.8031005859], [-5.88445186615, -40.838092804, 23.8868198395, -15.0201597214, -14.1149139404, 22.5812187195, 15.0366163254, 107.789932251, 2.26232361794, 16.4668579102, 4.41802501678, -11.4432163239, -11.5198030472], [-143.687072754, 73.4307479858, -6.39130210876, -15.4548892975, 20.4010810852, -25.5038223267, -0.654425799847, 2.26232361794, 94.4761962891, 17.9118537903, 2.30275297165, 15.582575798, -4.7654633522], [-135.363739014, -10.8923578262, 17.6485614777, -28.7933139801, -14.7408161163, 10.5057020187, 6.07403755188, 16.4668579102, 17.9118537903, 76.5690841675, 25.6050567627, -1.96531915665, -12.9160108566], [-297.56729126, 101.503677368, 24.3697433472, -63.6377906799, 7.97200536728, -16.7558250427, 41.8970069885, 4.41802501678, 2.30275297165, 25.6050567627, 81.3489151001, 19.9631195068, -9.68065834045], [-138.287124634, 8.52982234955, -5.25446462631, -27.6000728607, -6.98117685318, -4.40495443344, 0.687531471252, -11.4432163239, 15.582575798, -1.96531915665, 19.9631195068, 80.333442688, 37.7764396667], [3.96306681633, -30.7140884399, -30.6469974518, 9.78148078918, 9.23155593872, -22.8964004517, -28.8031005859, -11.5198030472, -4.7654633522, -12.9160108566, -9.68065834045, 37.7764396667, 99.6504058838]],
        "icov": [[0.000798811321147, -0.000774625514168, 0.00154469453264, -0.00183226668742, 0.00217421120033, -0.000932468334213, 0.00165274448227, -0.000622025632765, 0.000733822409529, 0.000542489811778, 0.000474990345538, 0.000571268668864, 0.000309516413836], [-0.000774625514168, 0.0199799481779, -0.00887731928378, 0.0115303853527, -0.0169416125864, 0.00997012946755, -0.015450373292, 0.00882852543145, -0.0114462953061, 0.00820242706686, -0.00815750099719, 0.00447703944519, 0.000768177909777], [0.00154469453264, -0.00887731928378, 0.0095983017236, -0.00764148728922, 0.0088913096115, -0.00590186752379, 0.00836328230798, -0.00504670664668, 0.00607420876622, -0.00291027408093, 0.00297107361257, -0.00131756509654, 0.00125995569397], [-0.00183226668742, 0.0115303853527, -0.00764148728922, 0.0141573799774, -0.0131340743974, 0.00650300364941, -0.00867225602269, 0.00592738995329, -0.00660440931097, 0.00391308171675, -0.00254595465958, 0.00217864499427, -0.000105407678348], [0.00217421120033, -0.0169416125864, 0.0088913096115, -0.0131340743974, 0.0241323504597, -0.00975058600307, 0.0143823502585, -0.00700822612271, 0.00769120175391, -0.00308905122802, 0.00524580432102, 0.000111192020995, -0.00197865068913], [-0.000932468334213, 0.00997012946755, -0.00590186752379, 0.00650300364941, -0.00975058600307, 0.0137455360964, -0.0094879232347, 0.00319709163159, -0.00269713136367, 0.000990083557554, -0.000140801566886, -0.00107869890053, 0.00273999059573], [0.00165274448227, -0.015450373292, 0.00836328230798, -0.00867225602269, 0.0143823502585, -0.0094879232347, 0.022635281086, -0.00793188717216, 0.00934182293713, -0.00341136520728, 0.00295181805268, -0.001996061299, 0.00175675353967], [-0.000622025632765, 0.00882852543145, -0.00504670664668, 0.00592738995329, -0.00700822612271, 0.00319709163159, -0.00793188717216, 0.0143808210269, -0.00616184622049, 0.00208300957456, -0.0039804847911, 0.00385465007275, -0.000507056305651], [0.000733822409529, -0.0114462953061, 0.00607420876622, -0.00660440931097, 0.00769120175391, -0.00269713136367, 0.00934182293713, -0.00616184622049, 0.0207313168794, -0.00923106539994, 0.00880367122591, -0.00777612999082, 0.00321289128624], [0.000542489811778, 0.00820242706686, -0.00291027408093, 0.00391308171675, -0.00308905122802, 0.000990083557554, -0.00341136520728, 0.00208300957456, -0.00923106539994, 0.0222362969071, -0.0104240244254, 0.00622329907492, 6.46838452667e-05], [0.000474990345538, -0.00815750099719, 0.00297107361257, -0.00254595465958, 0.00524580432102, -0.000140801566886, 0.00295181805268, -0.0039804847911, 0.00880367122591, -0.0104240244254, 0.0251122266054, -0.00894538965076, 0.00340576656163], [0.000571268668864, 0.00447703944519, -0.00131756509654, 0.00217864499427, 0.000111192020995, -0.00107869890053, -0.001996061299, 0.00385465007275, -0.00777612999082, 0.00622329907492, -0.00894538965076, 0.0219766553491, -0.00841674488038], [0.000309516413836, 0.000768177909777, 0.00125995569397, -0.000105407678348, -0.00197865068913, 0.00273999059573, 0.00175675353967, -0.000507056305651, 0.00321289128624, 6.46838452667e-05, 0.00340576656163, -0.00841674488038, 0.0156029863283]]
    },
    "melbands": {
        "dmean": [7.22658251107e-06, 0.000141696727951, 0.000738983624615, 0.00107219128404, 0.000486099743284, 0.000521493609995, 0.000228015487664, 0.000215022926568, 0.000118372867291, 9.19180602068e-05, 5.45501134184e-05, 3.25527544192e-05, 6.6511973273e-05, 2.65171674982e-05, 2.50658522418e-05, 1.61011284945e-05, 1.15051707326e-05, 2.24532923312e-05, 2.25008352572e-05, 2.04801381187e-05, 2.77490726148e-05, 1.52819429786e-05, 6.84865653966e-06, 2.87868169835e-06, 1.82973280971e-06, 2.28696694649e-06, 2.9493371585e-06, 2.17482988774e-06, 1.44778846334e-06, 1.07881851363e-06, 1.55359180098e-06, 1.69637041836e-06, 1.55125576384e-06, 1.08819335765e-06, 1.09110771973e-06, 8.02362421837e-07, 9.45250235418e-07, 9.08257902665e-07, 6.9573707151e-07, 1.75258222157e-07],
        "dmean2": [1.13419073386e-05, 0.000227025026106, 0.00118000758812, 0.00177513179369, 0.00077769899508, 0.000775695254561, 0.000340572121786, 0.000311952724587, 0.000159980234457, 0.00013002063497, 8.2064740127e-05, 4.75816887047e-05, 9.57526863203e-05, 3.93806149077e-05, 3.78583717975e-05, 2.59902735706e-05, 1.83985794138e-05, 3.55602060154e-05, 3.44510335708e-05, 3.21050174534e-05, 4.16400616814e-05, 2.37475978793e-05, 1.07695568659e-05, 4.67009613203e-06, 2.99501311929e-06, 3.6297076349e-06, 4.77904177387e-06, 3.45773969457e-06, 2.24528344006e-06, 1.72427598955e-06, 2.49060940405e-06, 2.65277822109e-06, 2.38161874222e-06, 1.65805818142e-06, 1.73175249074e-06, 1.2496132058e-06, 1.47185721744e-06, 1.45002286445e-06, 1.11085239496e-06, 2.70095512178e-07],
        "dvar": [1.31400390568e-10, 5.8126492064e-08, 1.26121301491e-06, 1.95122606783e-06, 4.68124937925e-07, 5.71398231841e-07, 2.20421142672e-07, 1.6843810613e-07, 9.08846260472e-08, 4.11976230907e-08, 1.13446416705e-08, 4.16515000268e-09, 1.72565286505e-08, 9.19753695428e-09, 3.95811250442e-09, 2.56045318281e-09, 5.75772596267e-10, 1.82321568953e-09, 1.2643690539e-09, 1.63935487407e-09, 2.77457545828e-09, 5.88621984488e-10, 1.66141336799e-10, 2.94727228733e-11, 8.62922060196e-12, 1.39124432461e-11, 6.81895512278e-11, 2.80510146361e-11, 1.0563896112e-11, 2.4020790565e-11, 1.28963081533e-11, 9.22980615548e-12, 8.27816287741e-12, 3.73726917469e-12, 3.27296566585e-12, 2.44986257843e-12, 7.66964790289e-12, 9.29157965845e-12, 6.49320137588e-12, 2.09583381466e-13],
        "dvar2": [3.31769473005e-10, 1.50029705992e-07, 3.48382309312e-06, 5.54214193471e-06, 1.20674610571e-06, 1.2725228089e-06, 4.89145520532e-07, 3.47467704387e-07, 1.58585876875e-07, 8.41890255288e-08, 2.60014587639e-08, 8.64500826481e-09, 3.69337591621e-08, 1.75978502881e-08, 7.74186581509e-09, 6.74963507308e-09, 1.38836719898e-09, 4.30762492343e-09, 2.89044210788e-09, 4.16692813587e-09, 6.69643229756e-09, 1.38924505233e-09, 3.66096097881e-10, 6.35189123521e-11, 2.32797704725e-11, 3.38516402409e-11, 1.77135833779e-10, 6.8783846674e-11, 2.25190924935e-11, 6.22847259879e-11, 3.21173296292e-11, 2.33220699697e-11, 1.8895400869e-11, 8.33229839292e-12, 7.95560319011e-12, 5.61423563888e-12, 1.88483464947e-11, 2.39416698272e-11, 1.69873594358e-11, 4.78940129743e-13],
        "max": [0.000304130808217, 0.00543533125892, 0.0153038017452, 0.0166898630559, 0.00950922910124, 0.0109354760498, 0.00897928699851, 0.00758875068277, 0.00850425288081, 0.0042016399093, 0.00186078925617, 0.00162421935238, 0.00361233344302, 0.00207401975058, 0.00117023149505, 0.000887027475983, 0.000472502637422, 0.000952385773417, 0.000598958402406, 0.0007365870988, 0.000620023929514, 0.00039619996096, 0.000461882533273, 0.000142619857797, 5.6648899772e-05, 7.73539068177e-05, 0.000181442985195, 7.88583420217e-05, 8.49220887176e-05, 0.000187127181562, 6.44427127554e-05, 5.79226580157e-05, 5.59321051696e-05, 3.73876791855e-05, 2.45224946411e-05, 2.48011765507e-05, 5.55207843718e-05, 6.92412795615e-05, 4.72163665108e-05, 9.29387715587e-06],
        "mean": [1.3401504475e-05, 0.000291158736218, 0.0013257379178, 0.00219364603981, 0.00128269940615, 0.00142897851765, 0.000575090001803, 0.000565594818909, 0.000276003032923, 0.000206673095818, 0.000121098557429, 7.97510365373e-05, 0.000141730808537, 4.84135271108e-05, 5.19540553796e-05, 2.57620231423e-05, 2.02539577003e-05, 4.9127094826e-05, 4.41814227088e-05, 3.73220827896e-05, 6.75667397445e-05, 3.34254764311e-05, 1.47462051245e-05, 5.83445216762e-06, 3.93398386223e-06, 5.22663049196e-06, 5.66231210541e-06, 3.52209553967e-06, 3.29895647155e-06, 2.16738044401e-06, 2.79369237433e-06, 3.49734614247e-06, 3.10488826472e-06, 2.26944484893e-06, 2.58011345977e-06, 1.7546659592e-06, 1.64590278473e-06, 1.51124152126e-06, 1.01147850273e-06, 2.81089995724e-07],
        "median": [8.03092916613e-06, 0.000146204183693, 0.000785264070146, 0.00154904893134, 0.000901206221897, 0.000959208526183, 0.000259024993284, 0.000220988542424, 7.03675978002e-05, 9.8159252957e-05, 6.81176388753e-05, 4.32535525761e-05, 6.35316537227e-05, 2.0395118554e-05, 2.35473798966e-05, 1.26425693452e-05, 1.17508761832e-05, 2.59417429334e-05, 2.57389237959e-05, 1.98504239961e-05, 1.69083923538e-05, 1.93805390154e-05, 8.28586780699e-06, 3.14315411742e-06, 2.44852731157e-06, 2.88272076432e-06, 2.2256124339e-06, 1.66434438142e-06, 1.38289067309e-06, 1.26505130993e-06, 1.51521248881e-06, 2.26017459681e-06, 1.83226677564e-06, 1.56905150561e-06, 1.49493678236e-06, 9.39399683375e-07, 7.5867473015e-07, 6.140639357e-07, 3.05574928916e-07, 1.45850250988e-07],
        "min": [5.86031084771e-11, 7.33169081002e-10, 5.7333765513e-10, 5.766015998e-10, 8.40083447251e-10, 5.01732699831e-09, 2.42196462885e-09, 7.87497622667e-10, 4.92044634204e-11, 5.81199643968e-10, 3.58233470665e-10, 1.09350931088e-10, 3.96153665427e-10, 6.86502035774e-11, 1.8000731461e-10, 1.57081899571e-11, 5.90313388449e-12, 1.18581316641e-11, 2.85584338296e-12, 1.09765788039e-12, 3.84619723223e-12, 2.78956464048e-13, 1.24516423648e-12, 3.32073317412e-13, 2.27636214999e-13, 1.17795679352e-13, 1.37561755606e-13, 1.18833477672e-13, 1.15194908733e-13, 8.92761477808e-14, 7.77428523033e-14, 6.96088830023e-14, 8.90039927068e-14, 6.45074678353e-14, 7.32772403953e-14, 8.23238775326e-14, 1.0642731813e-13, 9.56526321366e-14, 9.56356575963e-14, 8.54895987985e-14],
        "var": [2.67859873171e-10, 1.96602314873e-07, 2.43564772973e-06, 4.23684969064e-06, 1.47386708704e-06, 2.07569223676e-06, 8.80408322246e-07, 9.19506476293e-07, 5.07397487581e-07, 1.22588389218e-07, 3.10348653443e-08, 1.46767096254e-08, 5.59551764923e-08, 1.57734927342e-08, 1.0786542326e-08, 2.55900256541e-09, 8.9508578327e-10, 4.99363128625e-09, 3.07823744272e-09, 2.87667378807e-09, 1.15308136373e-08, 1.59124757815e-09, 5.31880317567e-10, 9.20079984423e-11, 2.42329125516e-11, 4.38162110761e-11, 1.44896081244e-10, 3.65041989692e-11, 2.96148904011e-11, 2.13397893106e-11, 1.64739541453e-11, 1.68421700197e-11, 1.70726974225e-11, 7.26433583426e-12, 8.09902145349e-12, 5.07112711198e-12, 1.03331987064e-11, 1.11595836738e-11, 7.3238975648e-12, 2.77614004918e-13]
    },
    "mfcc": {
        "mean": [-634.020385742, 122.504608154, 3.33767652512, 6.45051240921, -4.15402555466, -4.10952997208, -29.1739120483, -7.08486843109, -12.3968782425, -12.3979263306, -19.8746471405, -11.2549552917, -6.71405410767],
        "cov": [[4809.63232422, -1041.15563965, -418.805480957, 134.270584106, 29.0158214569, -13.7149038315, -262.558868408, -26.3556976318, 22.0519638062, -32.3393096924, -254.317092896, -58.0188179016, -113.89315033], [-1041.15563965, 645.300720215, 1.98003339767, -4.23375558853, -20.4169960022, -4.32929039001, 57.5441131592, 34.1094245911, -34.7549285889, 0.648753285408, 109.242729187, -10.4739770889, 27.2283802032], [-418.805480957, 1.98003339767, 280.064575195, -27.2296924591, -0.00611176528037, 12.3146772385, 50.3012695312, 13.8258676529, 1.52536356449, 7.39933824539, 42.4471702576, 19.2498703003, 19.3848342896], [134.270584106, -4.23375558853, -27.2296924591, 203.56048584, 68.3350524902, 4.89328050613, -27.464176178, -6.69645023346, 7.32309341431, 2.34788680077, -44.1315727234, -5.53416204453, 1.33074831963], [29.0158214569, -20.4169960022, -0.00611176528037, 68.3350524902, 171.52230835, 20.1158065796, -21.7226486206, -6.64796590805, 20.023355484, 8.92099761963, -38.0731086731, -2.05016231537, -14.3019723892], [-13.7149038315, -4.32929039001, 12.3146772385, 4.89328050613, 20.1158065796, 125.617874146, 1.21829080582, 9.37690353394, -3.68894481659, -7.50208377838, -1.90952980518, -3.88092446327, -0.932374477386], [-262.558868408, 57.5441131592, 50.3012695312, -27.464176178, -21.7226486206, 1.21829080582, 154.887908936, 20.4503688812, -9.67728424072, 16.8228874207, 40.3987045288, -9.0910949707, -12.9809808731], [-26.3556976318, 34.1094245911, 13.8258676529, -6.69645023346, -6.64796590805, 9.37690353394, 20.4503688812, 92.2110748291, 10.0057401657, -1.78593420982, 18.0258636475, -5.26927185059, 5.01161527634], [22.0519638062, -34.7549285889, 1.52536356449, 7.32309341431, 20.023355484, -3.68894481659, -9.67728424072, 10.0057401657, 84.6742248535, 10.8300619125, -22.4011478424, 9.01208305359, -0.857339501381], [-32.3393096924, 0.648753285408, 7.39933824539, 2.34788680077, 8.92099761963, -7.50208377838, 16.8228874207, -1.78593420982, 10.8300619125, 80.4796676636, 22.6024780273, -8.02033233643, -6.20792913437], [-254.317092896, 109.242729187, 42.4471702576, -44.1315727234, -38.0731086731, -1.90952980518, 40.3987045288, 18.0258636475, -22.4011478424, 22.6024780273, 185.877029419, 0.383985191584, -0.00513147655874], [-58.0188179016, -10.4739770889, 19.2498703003, -5.53416204453, -2.05016231537, -3.88092446327, -9.0910949707, -5.26927185059, 9.01208305359, -8.02033233643, 0.383985191584, 81.0321731567, 20.3243846893], [-113.89315033, 27.2283802032, 19.3848342896, 1.33074831963, -14.3019723892, -0.932374477386, -12.9809808731, 5.01161527634, -0.857339501381, -6.20792913437, -0.00513147655874, 20.3243846893, 83.8820800781]],
