{
"lowlevel": {
    "average_loudness": 0.89584261179,
    "barkbands_crest": {
        "dmean": 2.35914182663,
        "dmean2": 3.60271978378,
        "dvar": 5.5213675499,
        "dvar2": 12.568447113,
        "max": 25.0614051819,
        "mean": 10.8425254822,
        "median": 8.99380111694,
        "min": 2.7851061821,
        "var": 31.2376899719
    },
    "barkbands_flatness_db": {
        "dmean": 0.0208763647825,
        "dmean2": 0.0309532787651,
        "dvar": 0.000522127316799,
        "dvar2": 0.000936692696996,
        "max": 0.417446404696,
        "mean": 0.198270514607,
        "median": 0.195882424712,
        "min": 0.0707972496748,
        "var": 0.00220691529103
    },
    "barkbands_kurtosis": {
        "dmean": 5.89359712601,
        "dmean2": 7.95011997223,
        "dvar": 204.287475586,
        "dvar2": 385.760559082,
        "max": 147.239196777,
        "mean": 10.5697202682,
        "median": 0.543919324875,
        "min": -1.82235360146,
        "var": 698.473693848
    },
    "barkbands_skewness": {
        "dmean": 0.604948878288,
        "dmean2": 0.838248729706,
        "dvar": 0.673216879368,
        "dvar2": 1.28053164482,
        "max": 10.6809682846,
        "mean": 1.80023109913,
        "median": 0.934311211109,
        "min": -0.821475207806,
        "var": 5.33891868591
    },
    "barkbands_spread": {
        "dmean": 5.56245040894,
        "dmean2": 8.42388057709,
        "dvar": 95.9965744019,
        "dvar2": 212.013244629,
        "max": 99.6811218262,
        "mean": 18.9021492004,
        "median": 16.9835166931,
        "min": 0.765628457069,
        "var": 151.900604248
    },
    "dissonance": {
        "dmean": 0.0198745820671,
        "dmean2": 0.0324389562011,
        "dvar": 0.000309363007545,
        "dvar2": 0.000754760054406,
        "max": 0.499999970198,
        "mean": 0.458542346954,
        "median": 0.462750136852,
        "min": 0.312684834003,
        "var": 0.000706759223249
    },
    "dynamic_complexity": 1.87476694584,
    "erbbands_crest": {
        "dmean": 2.27284908295,
        "dmean2": 3.70213079453,
        "dvar": 4.58188819885,
        "dvar2": 10.7845077515,
        "max": 22.3135433197,
        "mean": 8.44692420959,
        "median": 7.70169448853,
        "min": 2.1732776165,
        "var": 14.5650129318
    },
    "erbbands_flatness_db": {
        "dmean": 0.0129459919408,
        "dmean2": 0.0195431262255,
        "dvar": 0.000144772740896,
        "dvar2": 0.00030721857911,
        "max": 0.351855367422,
        "mean": 0.212701976299,
        "median": 0.236748173833,
        "min": 0.0697210654616,
        "var": 0.00421771127731
    },
    "erbbands_kurtosis": {
        "dmean": 0.710072815418,
        "dmean2": 1.13594734669,
        "dvar": 0.647142887115,
        "dvar2": 1.49523043633,
        "max": 11.5082941055,
        "mean": 0.0366271175444,
        "median": -0.25879073143,
        "min": -1.78201210499,
        "var": 1.62880039215
    },
    "erbbands_skewness": {
        "dmean": 0.348977297544,
        "dmean2": 0.535211205482,
        "dvar": 0.138343244791,
        "dvar2": 0.276728540659,
        "max": 3.01361560822,
        "mean": 0.342745512724,
        "median": 0.330724328756,
        "min": -1.76239991188,
        "var": 0.431607186794
    },
    "erbbands_spread": {
        "dmean": 8.33656787872,
        "dmean2": 12.837105751,
        "dvar": 105.832962036,
        "dvar2": 242.030395508,
        "max": 132.61857605,
        "mean": 41.8139953613,
        "median": 32.208316803,
        "min": 8.85510540009,
        "var": 643.676086426
    },
    "hfc": {
        "dmean": 6.09930467606,
        "dmean2": 8.96903133392,
        "dvar": 43.9483718872,
        "dvar2": 91.7342376709,
        "max": 76.0782165527,
        "mean": 22.9240531921,
        "median": 19.2225227356,
        "min": 0.0504030771554,
        "var": 237.238265991
    },
    "melbands_crest": {
        "dmean": 2.80872368813,
        "dmean2": 4.3690533638,
        "dvar": 7.77442836761,
        "dvar2": 19.7205619812,
        "max": 33.8216056824,
        "mean": 14.0128622055,
        "median": 10.8755712509,
        "min": 4.11553525925,
        "var": 62.918056488
    },
    "melbands_flatness_db": {
        "dmean": 0.0238995160908,
        "dmean2": 0.0327551662922,
        "dvar": 0.000813767721411,
        "dvar2": 0.00148747651838,
        "max": 0.527539491653,
        "mean": 0.200940296054,
        "median": 0.183223381639,
        "min": 0.0652482658625,
        "var": 0.00508682057261
    },
    "melbands_kurtosis": {
        "dmean": 14.5378236771,
        "dmean2": 20.6821651459,
        "dvar": 1214.75463867,
        "dvar2": 2283.68139648,
        "max": 469.525939941,
        "mean": 31.2058734894,
        "median": 3.39976263046,
        "min": -1.30147397518,
        "var": 4168.0859375
    },
    "melbands_skewness": {
        "dmean": 0.765294075012,
        "dmean2": 1.13013339043,
        "dvar": 1.24837315083,
        "dvar2": 2.55958747864,
        "max": 17.0697231293,
        "mean": 3.02311015129,
        "median": 1.51725649834,
        "min": -0.358944445848,
        "var": 10.9696111679
    },
    "melbands_spread": {
        "dmean": 6.40560722351,
        "dmean2": 9.88631153107,
        "dvar": 101.521774292,
        "dvar2": 241.233169556,
        "max": 90.1517333984,
        "mean": 24.9405517578,
        "median": 23.2777080536,
        "min": 0.702937424183,
        "var": 268.089508057
    },
    "pitch_salience": {
        "dmean": 0.0677940174937,
        "dmean2": 0.105643637478,
        "dvar": 0.00477734720334,
        "dvar2": 0.0104346442968,
        "max": 0.815498292446,
        "mean": 0.497168272734,
        "median": 0.510144472122,
        "min": 0.163022190332,
        "var": 0.0169598460197
    },
    "silence_rate_20dB": {
        "dmean": 0,
        "dmean2": 0,
        "dvar": 0,
        "dvar2": 0,
        "max": 1,
        "mean": 1,
        "median": 1,
        "min": 1,
        "var": 0
    },
    "silence_rate_30dB": {
        "dmean": 0.00312012480572,
        "dmean2": 0.00624512089416,
        "dvar": 0.00311039504595,
        "dvar2": 0.0093286940828,
        "max": 1,
        "mean": 0.998441159725,
        "median": 1,
        "min": 0,
        "var": 0.00155641580932
    },
    "silence_rate_60dB": {
        "dmean": 0.0234009362757,
        "dmean2": 0.0468384064734,
        "dvar": 0.0228532906622,
        "dvar2": 0.0649413689971,
        "max": 1,
        "mean": 0.01325019449,
        "median": 0,
        "min": 0,
        "var": 0.0130746057257
    },
    "spectral_centroid": {
        "dmean": 265.450531006,
        "dmean2": 397.864654541,
        "dvar": 120632.507812,
        "dvar2": 232701.328125,
        "max": 3329.24023438,
        "mean": 1601.11938477,
        "median": 1619.63623047,
        "min": 232.082046509,
        "var": 511190.0625
    },
    "spectral_complexity": {
        "dmean": 3.25273013115,
        "dmean2": 4.83294296265,
        "dvar": 13.7847938538,
        "dvar2": 28.0298175812,
        "max": 45,
        "mean": 18.2213554382,
        "median": 19,
        "min": 0,
        "var": 49.6393165588
    },
    "spectral_decrease": {
        "dmean": 1.64029678729e-09,
        "dmean2": 2.4887849559e-09,
        "dvar": 5.31313451643e-18,
        "dvar2": 1.01724794032e-17,
        "max": -4.58163229577e-11,
        "mean": -6.69409949694e-09,
        "median": -5.3738533623e-09,
        "min": -2.99345934707e-08,
        "var": 2.09831848972e-17
    },
    "spectral_energy": {
        "dmean": 0.00663084024563,
        "dmean2": 0.0100767249241,
        "dvar": 8.2729566202e-05,
        "dvar2": 0.000158214374096,
        "max": 0.116123765707,
        "mean": 0.0273443497717,
        "median": 0.0229911450297,
        "min": 0.000177493027877,
        "var": 0.000306750531308
    },
    "spectral_energyband_high": {
        "dmean": 0.000364183157217,
        "dmean2": 0.000520895526279,
        "dvar": 2.14592844827e-07,
        "dvar2": 4.35340325566e-07,
        "max": 0.00566725758836,
        "mean": 0.000954980496317,
        "median": 0.000672963564284,
        "min": 4.66543679067e-06,
        "var": 8.27672579362e-07
    },
    "spectral_energyband_low": {
        "dmean": 0.00241280975752,
        "dmean2": 0.00333906942979,
        "dvar": 4.54477012681e-05,
        "dvar2": 8.12913567643e-05,
        "max": 0.103734776378,
        "mean": 0.00966826081276,
        "median": 0.000446089776233,
        "min": 1.17365409835e-07,
        "var": 0.000364688195987
    },
    "spectral_energyband_middle_high": {
        "dmean": 0.00206372700632,
        "dmean2": 0.00312114087865,
        "dvar": 5.83735936743e-06,
        "dvar2": 1.37229108077e-05,
        "max": 0.0358917079866,
        "mean": 0.00749802216887,
        "median": 0.00446703936905,
        "min": 2.05819515031e-06,
        "var": 5.06539181515e-05
    },
    "spectral_energyband_middle_low": {
        "dmean": 0.00477495091036,
        "dmean2": 0.00764549989253,
        "dvar": 7.74363506935e-05,
        "dvar2": 0.000196881650481,
        "max": 0.0639626160264,
        "mean": 0.00971364602447,
        "median": 0.00711527327076,
        "min": 1.13809046525e-05,
        "var": 7.81518319855e-05
    },
    "spectral_entropy": {
        "dmean": 0.150354370475,
        "dmean2": 0.22538767755,
        "dvar": 0.0302551351488,
        "dvar2": 0.0565707981586,
        "max": 8.61032772064,
        "mean": 7.38055849075,
        "median": 7.26987314224,
        "min": 6.35759305954,
        "var": 0.200933516026
    },
    "spectral_flux": {
        "dmean": 0.0271806251258,
        "dmean2": 0.0443072989583,
        "dvar": 0.000889617542271,
        "dvar2": 0.00232702656649,
        "max": 0.291900128126,
        "mean": 0.081210680306,
        "median": 0.0706248283386,
        "min": 0.0239790696651,
        "var": 0.00189152080566
    },
    "spectral_kurtosis": {
        "dmean": 2.02512669563,
        "dmean2": 3.58463168144,
        "dvar": 4.22942066193,
        "dvar2": 13.0617227554,
        "max": 21.0181159973,
        "mean": 2.97832632065,
        "median": 2.22296333313,
        "min": -0.669430971146,
        "var": 8.27804660797
    },
    "spectral_rms": {
        "dmean": 0.00068942893995,
        "dmean2": 0.00101986736991,
        "dvar": 9.22992171581e-07,
        "dvar2": 1.70827183865e-06,
        "max": 0.0106438472867,
        "mean": 0.00489439629018,
        "median": 0.00473607284948,
        "min": 0.000416129711084,
        "var": 2.722293857e-06
    },
    "spectral_rolloff": {
        "dmean": 608.978027344,
        "dmean2": 1030.28125,
        "dvar": 1672568.875,
        "dvar2": 3941605,
        "max": 8634.81445312,
        "mean": 1765.70690918,
        "median": 1485.79101562,
        "min": 64.599609375,
        "var": 2284124.25
    },
    "spectral_skewness": {
        "dmean": 0.272841215134,
        "dmean2": 0.450658589602,
        "dvar": 0.0564670525491,
        "dvar2": 0.150519937277,
        "max": 3.08767366409,
        "mean": 1.10145103931,
        "median": 1.02098608017,
        "min": 0.0877654403448,
        "var": 0.204579144716
    },
    "spectral_spread": {
        "dmean": 382086.09375,
        "dmean2": 578769.75,
        "dvar": 274307219456,
        "dvar2": 557605322752,
        "max": 11468031,
        "mean": 4119775,
        "median": 3079293,
        "min": 2017871.75,
        "var": 3.28155240858e+12
    },
    "spectral_strongpeak": {
        "dmean": 0.785726308823,
        "dmean2": 1.31661558151,
        "dvar": 1.21736586094,
        "dvar2": 2.96482586861,
        "max": 13.0103111267,
        "mean": 1.93699681759,
        "median": 1.40327584743,
        "min": 0,
        "var": 3.10745167732
    },
    "zerocrossingrate": {
        "dmean": 0.010856830515,
        "dmean2": 0.0135049214587,
        "dvar": 0.000232231715927,
        "dvar2": 0.000355161202606,
        "max": 0.2041015625,
        "mean": 0.0651176124811,
        "median": 0.06591796875,
        "min": 0.001953125,
        "var": 0.00107045518234
    },
    "barkbands": {
        "dmean": [0.000267792260274, 0.00226019416004, 0.00140750803985, 0.000979211996309, 0.00174633332063, 0.0011495834915, 0.000582316424698, 0.000640644691885, 0.000968370353803, 0.00029229329084, 0.000451966858236, 0.000789455603808, 0.000465018063551, 0.000242744004936, 0.000620686390903, 0.000337215344189, 0.000207784993108, 0.000114686554298, 0.000243989969022, 0.000250902870903, 0.000172587664565, 4.82378090965e-05, 5.10286663484e-05, 5.93037511862e-05, 2.03846702789e-05, 2.29594565582e-08, 3.62998409109e-09],
        "dmean2": [0.000332842435455, 0.00302299275063, 0.00220403075218, 0.00170787458774, 0.00298404274508, 0.00188148405869, 0.0008740608464, 0.000987094594166, 0.00140325957909, 0.000415120157413, 0.000620611186605, 0.00124930310994, 0.000728720799088, 0.000377091462724, 0.00101204030216, 0.000515035761055, 0.000320817402098, 0.000184993768926, 0.000375686271582, 0.000377770280465, 0.000253561040154, 7.26651196601e-05, 7.79215843068e-05, 8.78787104739e-05, 3.11817420879e-05, 3.70861314991e-08, 4.61110039041e-09],
        "dvar": [4.57351887917e-07, 4.05785503972e-05, 2.53321395576e-05, 1.35430009323e-05, 1.76218254637e-05, 4.86045473735e-06, 1.97810436475e-06, 2.30917180488e-06, 4.1832640818e-06, 4.57898863715e-07, 8.81462881352e-07, 1.79573908099e-06, 9.35695879889e-07, 2.52924138522e-07, 1.71113595115e-06, 7.34712273243e-07, 2.67127092002e-07, 3.07713783343e-08, 2.50375791211e-07, 1.57778572429e-07, 8.4655667365e-08, 6.63749721852e-09, 1.16235598924e-08, 1.193684529e-08, 2.38343678127e-09, 7.60330485367e-15, 6.07700272821e-15],
        "dvar2": [7.66921402828e-07, 6.66483974783e-05, 6.25212996965e-05, 3.61449820048e-05, 5.01319191244e-05, 1.22949959405e-05, 4.41674592366e-06, 4.66704477731e-06, 8.00844100013e-06, 7.90419676377e-07, 1.42606825193e-06, 4.56347743238e-06, 2.22023754759e-06, 4.92280378239e-07, 4.39942004959e-06, 1.68202711848e-06, 6.48866262054e-07, 6.70672761771e-08, 6.28852603768e-07, 3.28836421204e-07, 1.67027479847e-07, 1.54369796945e-08, 2.55741365862e-08, 2.47668108244e-08, 5.6789826175e-09, 1.23887436971e-14, 6.04028215588e-15],
        "max": [0.00914213433862, 0.0786078572273, 0.0613604821265, 0.0297599509358, 0.0349651575089, 0.0244275908917, 0.0256773717701, 0.0241818856448, 0.0233195573092, 0.0128059675917, 0.0143679874018, 0.0160856544971, 0.0150882881135, 0.00711953639984, 0.0171819888055, 0.0140866776928, 0.00774542056024, 0.00312011386268, 0.00743051618338, 0.0071226907894, 0.00432457029819, 0.000849842443131, 0.00124496337958, 0.000963121710811, 0.000589273113292, 2.49726258517e-06, 2.76894297713e-06],
        "mean": [0.000578851671889, 0.00722654862329, 0.00140169484075, 0.00106372858863, 0.00234545813873, 0.00186437834054, 0.000977316987701, 0.00116412073839, 0.0022287205793, 0.000627685745712, 0.000917593366466, 0.0015549256932, 0.000921273371205, 0.000413240632042, 0.00117643887643, 0.00057360145729, 0.000300031912047, 0.000197731118533, 0.000437022652477, 0.000613296055235, 0.000455775589217, 8.39637723402e-05, 8.68430943228e-05, 0.000100962453871, 3.31299233949e-05, 2.95431323849e-08, 3.44220962845e-09],
        "median": [2.07435633115e-07, 4.24853124059e-06, 0.000222663962631, 0.000229753786698, 0.00139126600698, 0.000997937866487, 0.000453084183391, 0.000550839700736, 0.000927100889385, 0.000179051799932, 0.000230968333199, 0.000389678229112, 0.000196811801288, 0.000161110277986, 0.000245108851232, 0.000185679440619, 0.000123669626191, 0.000127633451484, 0.000169996768818, 0.000248021009611, 0.000236519656028, 4.11432483816e-05, 1.21034108815e-05, 1.76762659976e-05, 3.46861065736e-06, 4.02804190003e-09, 4.26510271545e-10],
        "min": [4.50320995771e-11, 2.32999952665e-09, 1.72642095064e-10, 7.27266979084e-07, 6.40962252874e-06, 1.72872091753e-06, 8.09538505564e-07, 4.82995510254e-08, 1.67673448459e-07, 1.70819603795e-07, 1.82573884899e-07, 9.05355861391e-08, 1.44084751241e-07, 1.07450389919e-07, 1.3157450951e-07, 8.95668677003e-08, 8.17935799091e-08, 1.74654545049e-07, 1.79412424473e-07, 2.53978640785e-07, 4.36021025507e-07, 4.49720033657e-07, 4.92753770232e-07, 6.66192306653e-07, 5.27840937625e-10, 3.73044789503e-11, 3.28567936747e-11],
        "var": [2.30541490964e-06, 0.000254448037595, 2.1793632186e-05, 9.71749886958e-06, 1.25200185721e-05, 6.2250760493e-06, 2.85591090687e-06, 3.88310627386e-06, 1.05634626379e-05, 2.16312810153e-06, 3.25159408021e-06, 6.22072866463e-06, 3.76584489459e-06, 6.71446059641e-07, 5.77694981985e-06, 1.70440546299e-06, 4.08112015293e-07, 6.385410245e-08, 5.34843252353e-07, 6.81613187226e-07, 3.70224483959e-07, 1.36640041504e-08, 2.81498131471e-08, 2.89786168395e-08, 4.67385197211e-09, 8.21691161428e-15, 6.11690475629e-15]
    },
    "erbbands": {
        "dmean": [0.0968725979328, 0.540925562382, 1.44069266319, 2.08881115913, 4.50172472, 5.90366172791, 9.88687038422, 9.56882667542, 5.77646160126, 12.2417840958, 16.5833206177, 16.1975955963, 15.9065685272, 15.1357345581, 16.0544624329, 23.21459198, 23.9191131592, 11.9441108704, 20.3606052399, 21.6412296295, 21.4267730713, 12.5487651825, 5.83868598938, 6.76788425446, 15.1756591797, 8.03886604309, 7.5412273407, 6.10420179367, 1.97396564484, 1.25469696522, 1.57775914669, 1.25814771652, 0.941903471947, 0.423884868622, 0.035014141351, 0.00152601313312, 7.86134551163e-05, 1.17127365229e-05, 5.51432412976e-06, 8.17136697151e-06],
        "dmean2": [0.115001097322, 0.689895987511, 2.09912395477, 3.27194094658, 8.03182411194, 10.0910291672, 16.4536457062, 15.6558322906, 8.71723842621, 18.3797454834, 25.3940353394, 23.877456665, 22.4550819397, 21.325422287, 23.6842403412, 36.6550292969, 37.70337677, 18.3896102905, 32.2863540649, 35.1729621887, 32.7802085876, 19.560092926, 9.30146694183, 10.3935203552, 23.8900318146, 11.6180353165, 10.9573144913, 9.1705827713, 2.99703001976, 1.78437411785, 2.43079090118, 1.86564207077, 1.41747021675, 0.647430419922, 0.0542354956269, 0.00233722431585, 0.000116077222629, 1.6539457647e-05, 7.85779229773e-06, 1.23724448713e-05],
        "dvar": [0.0703731477261, 2.20406579971, 24.2038555145, 49.9455680847, 282.505706787, 193.76159668, 412.696624756, 355.822601318, 81.8841323853, 1034.80993652, 1515.95568848, 1106.07434082, 1206.6217041, 752.76776123, 1036.72558594, 1519.98522949, 2308.86791992, 441.652191162, 1464.64660645, 1701.6060791, 3048.60180664, 971.768554688, 87.0110092163, 181.035568237, 901.336608887, 151.637084961, 172.190490723, 108.414413452, 10.3060569763, 5.95031929016, 12.2877998352, 5.88411617279, 2.98356628418, 0.955712676048, 0.00802936311811, 1.47451728481e-05, 4.44289689483e-08, 2.60308086197e-09, 1.51874290921e-10, 1.16117816751e-10],
        "dvar2": [0.0912151560187, 3.62089633942, 53.2765922546, 114.852935791, 816.198425293, 527.382385254, 1103.3269043, 878.079528809, 181.16229248, 2233.24389648, 3119.68139648, 2123.20458984, 2180.09521484, 1315.23840332, 2252.44628906, 3924.24707031, 5618.27734375, 995.281494141, 3495.5222168, 4330.30517578, 6938.37158203, 2428.49560547, 186.886062622, 421.966339111, 2134.01196289, 279.301116943, 331.665252686, 241.612365723, 24.7656135559, 12.1852178574, 28.2117767334, 12.5145101547, 6.28481912613, 2.2602827549, 0.0188804920763, 3.43637402693e-05, 8.06836908396e-08, 3.08874725796e-09, 1.97412974856e-10, 2.21869619899e-10],
        "max": [2.95753836632, 21.99584198, 71.1771697998, 60.5208587646, 134.266372681, 207.328033447, 211.935531616, 275.335632324, 120.737007141, 557.991455078, 535.09765625, 374.291870117, 439.768798828, 414.277679443, 587.312194824, 563.312805176, 797.375854492, 377.58605957, 594.315612793, 574.767822266, 964.787719727, 489.901092529, 193.864974976, 267.661071777, 506.52331543, 208.582626343, 238.232635498, 141.805633545, 30.0644950867, 36.3754501343, 38.378780365, 25.1076259613, 16.0812320709, 11.963801384, 1.14641594887, 0.0493527166545, 0.0047049545683, 0.0016971884761, 0.000397062365664, 0.000134377187351],
        "mean": [0.309983074665, 1.19633507729, 1.68418967724, 2.73396635056, 5.10318803787, 7.365483284, 14.0097141266, 15.801697731, 11.471570015, 20.8157863617, 32.3913421631, 37.4390106201, 38.9336357117, 33.5803642273, 35.3352355957, 49.2245330811, 50.0884284973, 23.4530391693, 40.925868988, 42.3516159058, 37.8559913635, 19.9640140533, 10.7022485733, 13.9423408508, 35.8241004944, 22.06457901, 20.0235843658, 14.6873826981, 3.75080227852, 2.4538500309, 2.50838041306, 2.15563941002, 1.5973072052, 0.693415820599, 0.0514960698783, 0.00230339891277, 0.000138559436891, 2.29492416111e-05, 1.92819643416e-05, 3.38942663802e-05],
        "median": [0.000179198294063, 0.0054567870684, 0.179283410311, 0.958710610867, 1.36310553551, 3.90017056465, 6.72104597092, 8.34980392456, 6.81219100952, 8.95478057861, 15.0066547394, 16.4208049774, 13.0154762268, 13.1898040771, 12.3837518692, 14.748128891, 11.6956071854, 11.4438266754, 12.8860292435, 14.8871631622, 14.9478902817, 9.72038650513, 6.74238920212, 8.57067012787, 12.2964859009, 10.7249536514, 9.11099529266, 8.40332889557, 2.39941978455, 0.496202141047, 0.345909327269, 0.357079476118, 0.309073269367, 0.0967519804835, 0.0034694634378, 0.000209469842957, 3.49555812136e-05, 1.08741087388e-05, 1.71185965883e-05, 2.95664267469e-05],
        "min": [2.02134469873e-06, 2.05040141736e-05, 0.000154754146934, 0.0034529089462, 0.00487754261121, 0.0334806740284, 0.0137256691232, 0.0181653220206, 0.0120344739407, 0.00297097931616, 0.00139353692066, 0.00246899807826, 0.00588686810806, 0.00555090000853, 0.00425754627213, 0.00443684309721, 0.00647711101919, 0.00712417438626, 0.00564104691148, 0.00667918659747, 0.00533104175702, 0.00584175111726, 0.00862866546959, 0.00794665608555, 0.0118424743414, 0.0128475548699, 0.0125672351569, 0.0211851876229, 0.016188306734, 0.0272050071508, 0.0205640736967, 0.019474638626, 0.00636281026527, 0.0012457241537, 4.69114456791e-05, 8.85107692739e-06, 1.69496968283e-06, 2.83550747326e-07, 1.46344717677e-07, 2.13778889702e-07],
        "var": [0.538699686527, 8.09001922607, 28.4663143158, 47.8409461975, 177.323989868, 145.276809692, 459.040008545, 459.899993896, 175.628158569, 1449.29260254, 2548.28710938, 2836.66015625, 3876.23803711, 3029.86889648, 3429.08056641, 6374.90087891, 9378.91113281, 1142.97509766, 5091.23046875, 5203.0234375, 7092.54492188, 1488.21142578, 196.245941162, 381.690216064, 2758.97900391, 798.48034668, 817.506164551, 330.684417725, 19.1137962341, 20.4033126831, 24.2475223541, 14.7931756973, 6.80777692795, 1.86430799961, 0.0131599577144, 2.47831922024e-05, 7.17078947332e-08, 3.05134117973e-09, 2.49512688288e-10, 4.00189104077e-10]
    },
    "gfcc": {
        "mean": [-31.3531112671, 110.995285034, -174.164077759, 38.0056991577, -87.582359314, -0.118504807353, -37.8330421448, -14.477063179, -18.8564128876, -17.8985939026, -1.01273953915, -27.0768241882, 8.66791248322],
        "cov": [[1787.76855469, -291.844543457, -232.809646606, 105.960952759, -86.9844436646, -14.4144430161, -129.563140869, 52.7639503479, -77.0272598267, 87.3508987427, -55.6078453064, -43.8484916687, -13.3937530518], [-291.844543457, 815.12121582, -127.921768188, -182.228683472, 214.563156128, -190.071136475, 213.858306885, -126.189682007, 50.617805481, -178.176452637, -7.95728397369, -124.519355774, -29.9472618103], [-232.809646606, -127.921768188, 3110.64306641, 1158.25646973, 237.807449341, 1495.32714844, -138.335342407, 782.194152832, 411.92779541, 155.596603394, 342.849975586, 435.746643066, 1.00211441517], [105.960952759, -182.228683472, 1158.25646973, 686.520751953, 223.957077026, 630.068115234, 12.6083927155, 300.425262451, 143.625732422, 132.237609863, 144.878601074, 179.321166992, 10.4166717529], [-86.9844436646, 214.563156128, 237.807449341, 223.957077026, 356.397094727, 183.767562866, 188.636062622, 24.3079357147, 29.9032306671, 37.0253448486, 57.1299743652, 26.6059074402, 27.1886577606], [-14.4144430161, -190.071136475, 1495.32714844, 630.068115234, 183.767562866, 853.953369141, -52.365322113, 398.353729248, 185.804534912, 104.186477661, 177.819396973, 235.963775635, 1.54365599155], [-129.563140869, 213.858306885, -138.335342407, 12.6083927155, 188.636062622, -52.365322113, 258.145843506, -46.9143867493, -14.8012838364, 8.86503124237, 0.671501398087, -37.6596870422, 31.7953662872], [52.7639503479, -126.189682007, 782.194152832, 300.425262451, 24.3079357147, 398.353729248, -46.9143867493, 352.036529541, 126.798301697, 28.0453033447, 79.0434417725, 104.677284241, 20.2531375885], [-77.0272598267, 50.617805481, 411.92779541, 143.625732422, 29.9032306671, 185.804534912, -14.8012838364, 126.798301697, 160.945022583, 18.2225990295, 64.4768753052, 39.1951370239, -30.0827846527], [87.3508987427, -178.176452637, 155.596603394, 132.237609863, 37.0253448486, 104.186477661, 8.86503124237, 28.0453033447, 18.2225990295, 169.139343262, 53.3287773132, 45.0218276978, 18.8329772949], [-55.6078453064, -7.95728397369, 342.849975586, 144.878601074, 57.1299743652, 177.819396973, 0.671501398087, 79.0434417725, 64.4768753052, 53.3287773132, 124.808547974, 81.846786499, 9.88891220093], [-43.8484916687, -124.519355774, 435.746643066, 179.321166992, 26.6059074402, 235.963775635, -37.6596870422, 104.677284241, 39.1951370239, 45.0218276978, 81.846786499, 143.140533447, 36.5234413147], [-13.3937530518, -29.9472618103, 1.00211441517, 10.4166717529, 27.1886577606, 1.54365599155, 31.7953662872, 20.2531375885, -30.0827846527, 18.8329772949, 9.88891220093, 36.5234413147, 94.5322341919]],
        "icov": [[0.000840477179736, -0.000934916781262, 0.00102389266249, -0.00116863846779, 0.000909444352146, -0.0009868448833, 0.000852215453051, -0.000871007156093, 0.00080258998787, -0.00117972726002, 0.000508449098561, -4.16596158175e-05, 4.86879253003e-05], [-0.000934916781262, 0.0101199094206, -0.00658962968737, 0.00612157862633, -0.00843697134405, 0.00782845634967, -0.00374602619559, 0.00434835255146, -0.00416073668748, 0.00917002558708, -0.00475590582937, 0.00638678530231, -2.51711917372e-05], [0.00102389266249, -0.00658962968737, 0.00733778392896, -0.00548747787252, 0.00655431486666, -0.0087863439694, 0.00261969491839, -0.00357234454714, 0.00122941774316, -0.00521291885525, 0.00247049168684, -0.00431291619316, -0.000435316032963], [-0.00116863846779, 0.00612157862633, -0.00548747787252, 0.0105618881062, -0.00787122733891, 0.00380741572008, -0.00236358097754, 0.00176046439447, -0.00225831218995, 0.00319573911838, -0.00191242410801, 0.00208629411645, 0.00132621149532], [0.000909444352146, -0.00843697134405, 0.00655431486666, -0.00787122733891, 0.0153035838157, -0.00997660402209, -0.0018055094406, -0.00107209477574, 0.0028282944113, -0.00614083837718, 0.00197232654318, -0.00264956359752, -0.00220689340495], [-0.0009868448833, 0.00782845634967, -0.0087863439694, 0.00380741572008, -0.00997660402209, 0.0176133997738, -0.00173064228147, 0.000282574997982, -0.00146183930337, 0.00592633057386, -0.00291638122872, -0.000130169282784, 0.00382662937045], [0.000852215453051, -0.00374602619559, 0.00261969491839, -0.00236358097754, -0.0018055094406, -0.00173064228147, 0.00993720814586, -0.00232525984757, 0.00156710576266, -0.00403401860967, 0.00147481739987, -6.64969229547e-06, -0.00197923928499], [-0.000871007156093, 0.00434835255146, -0.00357234454714, 0.00176046439447, -0.00107209477574, 0.000282574997982, -0.00232525984757, 0.0109989186749, -0.00524369999766, 0.00561614939943, -0.00198886590078, 0.00529437558725, -0.00479768170044], [0.00080258998787, -0.00416073668748, 0.00122941774316, -0.00225831218995, 0.0028282944113, -0.00146183930337, 0.00156710576266, -0.00524369999766, 0.0146842161193, -0.00432554166764, -0.00212987349369, -0.000855459773447, 0.00492619490251], [-0.00117972726002, 0.00917002558708, -0.00521291885525, 0.00319573911838, -0.00614083837718, 0.00592633057386, -0.00403401860967, 0.00561614939943, -0.00432554166764, 0.0168106276542, -0.00747789256275, 0.00640760967508, -0.00215498660691], [0.000508449098561, -0.00475590582937, 0.00247049168684, -0.00191242410801, 0.00197232654318, -0.00291638122872, 0.00147481739987, -0.00198886590078, -0.00212987349369, -0.00747789256275, 0.0195385962725, -0.0113997375593, 0.0013328269124], [-4.16596158175e-05, 0.00638678530231, -0.00431291619316, 0.00208629411645, -0.00264956359752, -0.000130169282784, -6.64969229547e-06, 0.00529437558725, -0.000855459773447, 0.00640760967508, -0.0113997375593, 0.0269938893616, -0.00932027492672], [4.86879253003e-05, -2.51711917372e-05, -0.000435316032963, 0.00132621149532, -0.00220689340495, 0.00382662937045, -0.00197923928499, -0.00479768170044, 0.00492619490251, -0.00215498660691, 0.0013328269124, -0.00932027492672, 0.0181601643562]]
    },
    "melbands": {
        "dmean": [0.000690474058501, 0.000621845072601, 0.000410457665566, 0.000354143092409, 0.000334342505084, 0.000206857017474, 9.7786054539e-05, 0.00013719877461, 0.000144946490764, 0.000115783404908, 8.21624416858e-05, 6.04838933214e-05, 5.49426149519e-05, 7.80968257459e-05, 6.35106189293e-05, 5.3641921113e-05, 2.11999013118e-05, 2.76408809441e-05, 6.06349640293e-05, 1.57793365361e-05, 2.677503835e-05, 1.62109863595e-05, 6.28588531981e-06, 4.96179018228e-06, 6.15820499661e-06, 9.35854495765e-06, 1.42036851685e-05, 4.95620361107e-06, 5.37609548701e-06, 5.01512386109e-06, 3.10494920086e-06, 1.30308205826e-06, 6.87820488565e-07, 7.83178791153e-07, 9.58334794632e-07, 8.64696801273e-07, 7.56515305511e-07, 7.51769164253e-07, 5.28332975591e-07, 3.1143730439e-07],
        "dmean2": [0.000876564590726, 0.00081941310782, 0.000638130761217, 0.000623163068667, 0.000553363119252, 0.000338024517987, 0.000147670769366, 0.000204417548957, 0.000222199858399, 0.000167712132679, 0.000115470131277, 8.48575364216e-05, 7.86271702964e-05, 0.000119266915135, 0.000102608886664, 8.40140055516e-05, 3.22362939187e-05, 4.24603604188e-05, 9.9675868114e-05, 2.42788664764e-05, 4.12485824199e-05, 2.58272430074e-05, 1.00802626548e-05, 8.14846225694e-06, 9.55162704486e-06, 1.47780365296e-05, 2.20843394345e-05, 7.37980644772e-06, 8.11259360489e-06, 7.44342969483e-06, 4.77035973745e-06, 2.07083189707e-06, 1.01931266272e-06, 1.16440924103e-06, 1.49795926063e-06, 1.31581737151e-06, 1.12901705052e-06, 1.14374620352e-06, 8.05356762612e-07, 4.84938766476e-07],
        "dvar": [3.58848546966e-06, 3.71875626115e-06, 1.94803465092e-06, 9.63536194831e-07, 4.75670333344e-07, 1.60714080266e-07, 2.94729698425e-08, 1.09820739169e-07, 1.30242952423e-07, 5.89775339677e-08, 3.23694600013e-08, 1.14698410769e-08, 1.41390623654e-08, 2.32016681423e-08, 1.8543705238e-08, 1.51094656786e-08, 2.101076646e-09, 2.52132426048e-09, 1.75230336907e-08, 1.13635689747e-09, 5.61333868276e-09, 1.89352444835e-09, 2.5073654264e-10, 4.95844615367e-11, 1.64504548872e-10, 4.91641338751e-10, 6.22501661329e-10, 8.37632810335e-11, 9.65332050407e-11, 7.59425786145e-11, 2.94541613322e-11, 4.88763456791e-12, 1.8293671699e-12, 2.49849164795e-12, 4.94069455487e-12, 3.16250237803e-12, 2.11579213351e-12, 1.9310638158e-12, 1.09143412624e-12, 6.38614324183e-13],
        "dvar2": [5.35919343747e-06, 6.889496035e-06, 4.48260470876e-06, 2.75226034319e-06, 1.28092528939e-06, 3.96595794427e-07, 6.52614744467e-08, 2.30145190017e-07, 2.6943115472e-07, 1.10620526073e-07, 5.87771857852e-08, 1.99557401714e-08, 2.54117562548e-08, 5.28656300958e-08, 5.01618728777e-08, 3.69477426432e-08, 4.56167503771e-09, 4.97218000106e-09, 4.52575648069e-08, 2.59019872217e-09, 1.28420820644e-08, 4.85243267789e-09, 5.46660383627e-10, 1.15286141744e-10, 3.81305875763e-10, 1.19661547338e-09, 1.44860101692e-09, 1.72401953824e-10, 2.02567240759e-10, 1.65815597364e-10, 6.55880627587e-11, 1.24325662612e-11, 3.95743810985e-12, 5.31221854699e-12, 1.15631471412e-11, 6.91914841394e-12, 4.64009039525e-12, 4.15363229922e-12, 2.64566970762e-12, 1.49956761418e-12],
        "max": [0.0206065140665, 0.0303648542613, 0.0121069774032, 0.00748327886686, 0.00848632305861, 0.00550879398361, 0.00268473639153, 0.00497719598934, 0.005702808965, 0.00300522753969, 0.00223946594633, 0.00152746168897, 0.00219599227421, 0.00197370280512, 0.00211897841655, 0.00190068501979, 0.000854419195093, 0.000896544544958, 0.00186099030543, 0.000411641696701, 0.00138756772503, 0.000688094238285, 0.000320051069139, 0.000120360578876, 0.000253229780355, 0.000323922053212, 0.000393173628254, 0.000180626724614, 0.000173208682099, 0.000113219968625, 7.43863856769e-05, 2.4574866984e-05, 1.65809160535e-05, 2.56030161836e-05, 2.44252842094e-05, 2.11182596104e-05, 1.49027237057e-05, 1.32172581289e-05, 1.10527207653e-05, 9.44669955061e-06],
        "mean": [0.00230237608775, 0.00112152856309, 0.000559913984034, 0.000418777926825, 0.000475202134112, 0.000347355671693, 0.000189788755961, 0.000238839755184, 0.000274101475952, 0.000266538118012, 0.000195718661416, 0.000132229484734, 0.000119874588563, 0.000147638187627, 0.000119929842185, 0.00010695108358, 3.40197475452e-05, 4.95021122333e-05, 0.000112505593279, 2.61497207248e-05, 4.41006814071e-05, 2.26939737331e-05, 9.2488453447e-06, 8.67439484864e-06, 1.1053457456e-05, 1.80054521479e-05, 3.26023255184e-05, 1.07766809379e-05, 1.26334862216e-05, 1.16854544103e-05, 6.72259648127e-06, 2.10329721995e-06, 1.22010419545e-06, 1.40192037179e-06, 1.43410204601e-06, 1.42053636409e-06, 1.27064959088e-06, 1.2059800838e-06, 8.86593568339e-07, 4.69851272555e-07],
        "median": [1.12549480491e-06, 7.16509021004e-05, 0.00019899920153, 0.000204706651857, 0.000250204815529, 0.000189875325304, 0.000111423585622, 0.000103751684946, 0.000117615127238, 0.000109724271169, 5.56775776204e-05, 4.73286418128e-05, 3.84682462027e-05, 4.12472290918e-05, 2.21635746129e-05, 1.92632433027e-05, 1.45089243233e-05, 1.63745517057e-05, 2.18158093048e-05, 1.03144257082e-05, 1.35888585646e-05, 9.22912659007e-06, 4.826741133e-06, 5.14439625476e-06, 6.02688760409e-06, 7.53151653043e-06, 1.05548206193e-05, 4.71662951895e-06, 5.8861164689e-06, 5.08020912093e-06, 3.87530144508e-06, 1.07468179067e-06, 2.61814165015e-07, 2.25690499178e-07, 1.90680623291e-07, 1.88412528246e-07, 2.00590463351e-07, 2.33771089597e-07, 1.50540714117e-07, 4.05212503551e-08],
        "min": [4.27096247257e-10, 1.82111641323e-08, 7.05775960341e-07, 1.233699777e-06, 8.6909477659e-07, 4.02556992185e-07, 1.70635075847e-07, 1.98512335459e-08, 1.23706485056e-08, 1.87380191363e-08, 2.81109056033e-08, 1.90897715413e-08, 1.81321571091e-08, 9.46921829836e-09, 1.35284734526e-08, 1.32294024624e-08, 1.24082717434e-08, 8.18026624216e-09, 9.07904684766e-09, 8.281379138e-09, 6.05206063042e-09, 4.81804551811e-09, 8.43933545269e-09, 7.95543098064e-09, 6.00794747285e-09, 7.50144035777e-09, 7.73693731304e-09, 8.37494340544e-09, 7.37321137478e-09, 1.12998641555e-08, 1.05896518221e-08, 9.92211468542e-09, 6.98507429675e-09, 8.90823503852e-09, 8.05638133983e-09, 5.24510301858e-09, 8.3188522737e-09, 2.58493093597e-09, 2.24222040934e-09, 4.27308795986e-12],
        "var": [2.67614614131e-05, 8.09744869912e-06, 1.89898707958e-06, 6.24252550097e-07, 4.9539386282e-07, 2.12147114098e-07, 5.57982318128e-08, 1.66284067404e-07, 2.11397406247e-07, 1.5435253431e-07, 1.06339534511e-07, 4.72591850098e-08, 4.88183857783e-08, 6.55866543298e-08, 6.90080028676e-08, 5.80334358347e-08, 4.2788901311e-09, 7.99910715443e-09, 5.64304230011e-08, 2.58031573885e-09, 1.19033520818e-08, 2.51405984919e-09, 3.65116159529e-10, 1.18475923516e-10, 3.1228275521e-10, 9.79626046949e-10, 2.22508189651e-09, 2.91559248966e-10, 3.60012464284e-10, 2.54764598306e-10, 7.80248365917e-11, 7.62442366187e-12, 4.94564068518e-12, 7.41876872434e-12, 8.40606317193e-12, 7.2536486366e-12, 5.18681451955e-12, 3.99598756862e-12, 2.35495347181e-12, 1.08913420817e-12]
    },
    "mfcc": {
        "mean": [-645.638122559, 112.548408508, -24.2064037323, 13.5269784927, -21.4248847961, -7.74206781387, -5.73638248444, -16.2172451019, -7.41618156433, -3.71860909462, -16.6292552948, -3.75240421295, -10.1706075668],
        "cov": [[2090.48657227, -340.937805176, -650.534301758, -14.1597070694, -242.707809448, -201.657592773, -82.7416305542, -269.389587402, -32.1595878601, -49.742565155, -94.6952819824, -26.0131759644, -65.0651168823], [-340.937805176, 885.564819336, -520.23260498, -10.5128927231, -221.083786011, -101.341911316, -9.10070133209, -39.9428977966, -15.1922655106, -27.3722629547, -124.054359436, -63.6275062561, -86.6887435913], [-650.534301758, -520.23260498, 3061.3059082, 149.939605713, 1324.37365723, 655.896179199, 239.124313354, 913.623046875, 168.909805298, 341.326049805, 584.25390625, 233.123657227, 355.791625977], [-14.1597070694, -10.5128927231, 149.939605713, 242.105041504, 139.522918701, 152.092681885, 150.814178467, 59.0767669678, 78.0185165405, 46.289024353, 53.2191467285, 56.2930488586, 52.0966644287], [-242.707809448, -221.083786011, 1324.37365723, 139.522918701, 751.793945312, 381.447937012, 182.184066772, 462.482727051, 97.5108032227, 170.969070435, 279.186340332, 111.747085571, 186.426605225], [-201.657592773, -101.341911316, 655.896179199, 152.092681885, 381.447937012, 383.778015137, 181.807159424, 213.229263306, 56.8721733093, 75.9223632812, 169.762985229, 73.0143585205, 134.843292236], [-82.7416305542, -9.10070133209, 239.124313354, 150.814178467, 182.184066772, 181.807159424, 266.196929932, 105.941665649, 109.505737305, 29.8796672821, 58.5509109497, 43.592502594, 75.6703109741], [-269.389587402, -39.9428977966, 913.623046875, 59.0767669678, 462.482727051, 213.229263306, 105.941665649, 436.53125, 76.5263900757, 133.685379028, 164.679473877, 80.2968521118, 98.6910705566], [-32.1595878601, -15.1922655106, 168.909805298, 78.0185165405, 97.5108032227, 56.8721733093, 109.505737305, 76.5263900757, 141.122283936, 49.1440811157, 43.1753921509, 20.1162910461, 24.4254207611], [-49.742565155, -27.3722629547, 341.326049805, 46.289024353, 170.969070435, 75.9223632812, 29.8796672821, 133.685379028, 49.1440811157, 134.80355835, 102.72530365, 52.484790802, 26.9953346252], [-94.6952819824, -124.054359436, 584.25390625, 53.2191467285, 279.186340332, 169.762985229, 58.5509109497, 164.679473877, 43.1753921509, 102.72530365, 212.985153198, 79.3257141113, 82.5836791992], [-26.0131759644, -63.6275062561, 233.123657227, 56.2930488586, 111.747085571, 73.0143585205, 43.592502594, 80.2968521118, 20.1162910461, 52.484790802, 79.3257141113, 99.0498275757, 52.0948104858], [-65.0651168823, -86.6887435913, 355.791625977, 52.0966644287, 186.426605225, 134.843292236, 75.6703109741, 98.6910705566, 24.4254207611, 26.9953346252, 82.5836791992, 52.0948104858, 151.359451294]],
