{
"lowlevel": {
    "average_loudness": 0.956147491932,
    "barkbands_crest": {
        "dmean": 3.05013561249,
        "dmean2": 4.97342205048,
        "dvar": 7.30577754974,
        "dvar2": 17.6735916138,
        "max": 21.9251937866,
        "mean": 8.48030090332,
        "median": 7.88573646545,
        "min": 2.35795474052,
        "var": 12.3152217865
    },
    "barkbands_flatness_db": {
        "dmean": 0.0226577799767,
        "dmean2": 0.0364251285791,
        "dvar": 0.000471614854177,
        "dvar2": 0.00114616786595,
        "max": 0.285286337137,
        "mean": 0.14972409606,
        "median": 0.14375923574,
        "min": 0.075332865119,
        "var": 0.00128963508178
    },
    "barkbands_kurtosis": {
        "dmean": 1.63956332207,
        "dmean2": 2.70997786522,
        "dvar": 6.75916957855,
        "dvar2": 16.5381278992,
        "max": 22.6961460114,
        "mean": 0.41309273243,
        "median": -0.568822622299,
        "min": -1.83078837395,
        "var": 8.120013237
    },
    "barkbands_skewness": {
        "dmean": 0.629092693329,
        "dmean2": 0.965023100376,
        "dvar": 0.37519416213,
        "dvar2": 0.822414040565,
        "max": 4.63032484055,
        "mean": 0.582977831364,
        "median": 0.457035750151,
        "min": -2.47460412979,
        "var": 1.1853634119
    },
    "barkbands_spread": {
        "dmean": 6.50502872467,
        "dmean2": 10.405506134,
        "dvar": 33.5545463562,
        "dvar2": 82.3022842407,
        "max": 72.2303085327,
        "mean": 30.7761116028,
        "median": 31.734670639,
        "min": 5.88421201706,
        "var": 106.885658264
    },
    "dissonance": {
        "dmean": 0.00918237492442,
        "dmean2": 0.0156604517251,
        "dvar": 8.30508579384e-05,
        "dvar2": 0.000233868951909,
        "max": 0.499920397997,
        "mean": 0.485966593027,
        "median": 0.488863438368,
        "min": 0.429016441107,
        "var": 0.000119983160403
    },
    "dynamic_complexity": 2.07071948051,
    "erbbands_crest": {
        "dmean": 2.50408792496,
        "dmean2": 4.14850234985,
        "dvar": 5.6945567131,
        "dvar2": 14.456495285,
        "max": 28.2859420776,
        "mean": 8.45182514191,
        "median": 7.38396501541,
        "min": 2.91578936577,
        "var": 15.1315040588
    },
    "erbbands_flatness_db": {
        "dmean": 0.0136808445677,
        "dmean2": 0.0208320654929,
        "dvar": 0.000136406815727,
        "dvar2": 0.000289016781608,
        "max": 0.36953791976,
        "mean": 0.205055207014,
        "median": 0.197451904416,
        "min": 0.11569545418,
        "var": 0.00161918485537
    },
    "erbbands_kurtosis": {
        "dmean": 0.990727007389,
        "dmean2": 1.57043874264,
        "dvar": 1.77447402477,
        "dvar2": 4.28249406815,
        "max": 29.1641197205,
        "mean": 1.22582566738,
        "median": 0.757411003113,
        "min": -1.55203592777,
        "var": 4.31883239746
    },
    "erbbands_skewness": {
        "dmean": 0.309666633606,
        "dmean2": 0.489150315523,
        "dvar": 0.0684284567833,
        "dvar2": 0.164718031883,
        "max": 1.79872620106,
        "mean": -0.520101070404,
        "median": -0.538128733635,
        "min": -3.02053833008,
        "var": 0.333157688379
    },
    "erbbands_spread": {
        "dmean": 6.88620662689,
        "dmean2": 10.9509916306,
        "dvar": 51.0159111023,
        "dvar2": 120.196395874,
        "max": 88.9065856934,
        "mean": 26.2811584473,
        "median": 23.894317627,
        "min": 3.93702936172,
        "var": 145.646759033
    },
    "hfc": {
        "dmean": 6.11028289795,
        "dmean2": 8.92563056946,
        "dvar": 48.3538513184,
        "dvar2": 104.585601807,
        "max": 116.674194336,
        "mean": 28.3195438385,
        "median": 26.3941307068,
        "min": 0.000461785210064,
        "var": 267.584075928
    },
    "melbands_crest": {
        "dmean": 4.53952074051,
        "dmean2": 7.17191648483,
        "dvar": 17.1451568604,
        "dvar2": 35.5261306763,
        "max": 33.7043380737,
        "mean": 14.8647661209,
        "median": 14.1478786469,
        "min": 3.31500530243,
        "var": 39.8157348633
    },
    "melbands_flatness_db": {
        "dmean": 0.0307488068938,
        "dmean2": 0.0483043640852,
        "dvar": 0.000940094236284,
        "dvar2": 0.00217254296876,
        "max": 0.363080829382,
        "mean": 0.163808345795,
        "median": 0.155611440539,
        "min": 0.0534052215517,
        "var": 0.00242797960527
    },
    "melbands_kurtosis": {
        "dmean": 5.38442325592,
        "dmean2": 8.86066818237,
        "dvar": 81.7081985474,
        "dvar2": 203.891876221,
        "max": 90.098487854,
        "mean": 5.23191165924,
        "median": 1.38337945938,
        "min": -1.85248601437,
        "var": 100.662101746
    },
    "melbands_skewness": {
        "dmean": 0.906915307045,
        "dmean2": 1.41568696499,
        "dvar": 0.911299228668,
        "dvar2": 2.10540342331,
        "max": 8.73886680603,
        "mean": 1.77148795128,
        "median": 1.51666688919,
        "min": -1.51183402538,
        "var": 2.42243242264
    },
    "melbands_spread": {
        "dmean": 11.7093963623,
        "dmean2": 18.4454669952,
        "dvar": 115.110328674,
        "dvar2": 252.700698853,
        "max": 112.905433655,
        "mean": 40.3824882507,
        "median": 40.36095047,
        "min": 3.63580107689,
        "var": 311.304107666
    },
    "pitch_salience": {
        "dmean": 0.0840805023909,
        "dmean2": 0.136257007718,
        "dvar": 0.00557822873816,
        "dvar2": 0.0134031595662,
        "max": 0.835018217564,
        "mean": 0.552251160145,
        "median": 0.5584872365,
        "min": 0.186735630035,
        "var": 0.0123036885634
    },
    "silence_rate_20dB": {
        "dmean": 0,
        "dmean2": 0,
        "dvar": 0,
        "dvar2": 0,
        "max": 1,
        "mean": 1,
        "median": 1,
        "min": 1,
        "var": 0
    },
    "silence_rate_30dB": {
        "dmean": 0,
        "dmean2": 0,
        "dvar": 0,
        "dvar2": 0,
        "max": 1,
        "mean": 1,
        "median": 1,
        "min": 1,
        "var": 0
    },
    "silence_rate_60dB": {
        "dmean": 0.0209140200168,
        "dmean2": 0.0418442450464,
        "dvar": 0.0204776469618,
        "dvar2": 0.0439647994936,
        "max": 1,
        "mean": 0.0414246991277,
        "median": 0,
        "min": 0,
        "var": 0.0397091433406
    },
    "spectral_centroid": {
        "dmean": 247.353912354,
        "dmean2": 403.202484131,
        "dvar": 53971.6679688,
        "dvar2": 138425.96875,
        "max": 3549.81469727,
        "mean": 2071.10888672,
        "median": 2106.01538086,
        "min": 780.762207031,
        "var": 145738.375
    },
    "spectral_complexity": {
        "dmean": 4.03485679626,
        "dmean2": 6.302983284,
        "dvar": 10.5479774475,
        "dvar2": 24.425901413,
        "max": 52,
        "mean": 31.3813400269,
        "median": 33,
        "min": 0,
        "var": 85.5867996216
    },
    "spectral_decrease": {
        "dmean": 3.50705553487e-09,
        "dmean2": 5.32146282595e-09,
        "dvar": 1.87885771248e-17,
        "dvar2": 4.18430967221e-17,
        "max": -9.46691658984e-14,
        "mean": -8.24633783481e-09,
        "median": -6.72613031938e-09,
        "min": -3.40875239146e-08,
        "var": 3.47605281633e-17
    },
    "spectral_energy": {
        "dmean": 0.0135453026742,
        "dmean2": 0.0204738881439,
        "dvar": 0.000269745214609,
        "dvar2": 0.000598311948124,
        "max": 0.13042421639,
        "mean": 0.0336922518909,
        "median": 0.0283861141652,
        "min": 3.99187911171e-07,
        "var": 0.000528058677446
    },
    "spectral_energyband_high": {
        "dmean": 0.000228154443903,
        "dmean2": 0.000341869366821,
        "dvar": 1.03576475396e-07,
        "dvar2": 2.24294637974e-07,
        "max": 0.00917369686067,
        "mean": 0.000794053194113,
        "median": 0.000674504728522,
        "min": 2.71619384762e-08,
        "var": 4.47037280082e-07
    },
    "spectral_energyband_low": {
        "dmean": 0.0111839082092,
        "dmean2": 0.0176499057561,
        "dvar": 0.00026364493533,
        "dvar2": 0.000614091695752,
        "max": 0.121419414878,
        "mean": 0.0167098846287,
        "median": 0.00934120547026,
        "min": 1.21379770235e-07,
        "var": 0.000358352495823
    },
    "spectral_energyband_middle_high": {
        "dmean": 0.00301647675224,
        "dmean2": 0.00467580324039,
        "dvar": 1.36482976814e-05,
        "dvar2": 3.1068098906e-05,
        "max": 0.0476984679699,
        "mean": 0.0114747025073,
        "median": 0.0094270510599,
        "min": 1.49483085465e-07,
        "var": 6.14517484792e-05
    },
    "spectral_energyband_middle_low": {
        "dmean": 0.00416508782655,
        "dmean2": 0.00643213605508,
        "dvar": 5.05469724885e-05,
        "dvar2": 0.0001140449167,
        "max": 0.0579403601587,
        "mean": 0.00673561822623,
        "median": 0.00392093602568,
        "min": 1.55838975502e-07,
        "var": 6.9059591624e-05
    },
    "spectral_entropy": {
        "dmean": 0.0865534767509,
        "dmean2": 0.137942895293,
        "dvar": 0.00589657109231,
        "dvar2": 0.0142952902243,
        "max": 8.26766777039,
        "mean": 7.76390075684,
        "median": 7.79859161377,
        "min": 6.84515237808,
        "var": 0.040236081928
    },
    "spectral_flux": {
        "dmean": 0.034035935998,
        "dmean2": 0.0552184730768,
        "dvar": 0.00135170144495,
        "dvar2": 0.00277056661434,
        "max": 0.295846819878,
        "mean": 0.110579662025,
        "median": 0.0987308099866,
        "min": 0.00063181319274,
        "var": 0.0028003230691
    },
    "spectral_kurtosis": {
        "dmean": 1.94163095951,
        "dmean2": 3.43473577499,
        "dvar": 5.58834505081,
        "dvar2": 17.9992141724,
        "max": 30.4200401306,
        "mean": 3.51117992401,
        "median": 2.81527090073,
        "min": 0.0537869930267,
        "var": 8.02742576599
    },
    "spectral_rms": {
        "dmean": 0.00106515758671,
        "dmean2": 0.00157384562772,
        "dvar": 1.25402652884e-06,
        "dvar2": 2.58748968918e-06,
        "max": 0.0112802097574,
        "mean": 0.00537634268403,
        "median": 0.0052624871023,
        "min": 1.97345289052e-05,
        "var": 3.9654628381e-06
    },
    "spectral_rolloff": {
        "dmean": 514.920654297,
        "dmean2": 839.13659668,
        "dvar": 311470.34375,
        "dvar2": 653080.4375,
        "max": 6029.296875,
        "mean": 1982.10900879,
        "median": 2131.78710938,
        "min": 64.599609375,
        "var": 741345.75
    },
    "spectral_skewness": {
        "dmean": 0.215304940939,
        "dmean2": 0.371860682964,
        "dvar": 0.0477126538754,
        "dvar2": 0.148817270994,
        "max": 2.96928191185,
        "mean": 1.01435875893,
        "median": 0.996551692486,
        "min": 0.139149010181,
        "var": 0.074788749218
    },
    "spectral_spread": {
        "dmean": 226346.359375,
        "dmean2": 344476.90625,
        "dvar": 39053910016,
        "dvar2": 78289715200,
        "max": 7532593.5,
        "mean": 3033450.75,
        "median": 3086761.75,
        "min": 1292701.375,
        "var": 370628329472
    },
    "spectral_strongpeak": {
        "dmean": 0.773691654205,
        "dmean2": 1.32584488392,
        "dvar": 1.74933230877,
        "dvar2": 3.99314618111,
        "max": 11.9144001007,
        "mean": 1.00796878338,
        "median": 0.328873574734,
        "min": 0,
        "var": 2.57719063759
    },
    "zerocrossingrate": {
        "dmean": 0.009206995368,
        "dmean2": 0.0105658685789,
        "dvar": 5.67264942219e-05,
        "dvar2": 7.99380795797e-05,
        "max": 0.1494140625,
        "mean": 0.0688268616796,
        "median": 0.06787109375,
        "min": 0.01513671875,
        "var": 0.000440384465037
    },
    "barkbands": {
        "dmean": [0.0025722971186, 0.00695084314793, 0.00357507378794, 0.00360141135752, 0.000628202280495, 0.000259444990661, 0.00016848857922, 0.00026896133204, 0.00030502944719, 0.000459990842501, 0.000829630182125, 0.000669560220558, 0.00091436348157, 0.000671613030136, 0.000616835022811, 0.000816457846668, 0.000589649018366, 0.0003945575736, 0.000285682064714, 0.00014634411491, 9.88627871266e-05, 8.64206449478e-05, 3.8682588638e-05, 1.44606856338e-05, 3.63175649909e-06, 4.22597778993e-09, 1.34518540751e-09],
        "dmean2": [0.00396096799523, 0.0114980023354, 0.00640119798481, 0.00563390459865, 0.00108319777064, 0.00042751149158, 0.000280134321656, 0.000439557537902, 0.000497763801832, 0.000750922656152, 0.00135133194271, 0.00111240765546, 0.00149873003829, 0.00109221658204, 0.000977994990535, 0.00125332013704, 0.000963213911746, 0.000640903715976, 0.000468852405902, 0.000234726277995, 0.000153677683556, 0.000135239955853, 6.17544501438e-05, 2.2744454327e-05, 5.80799314776e-06, 7.152531456e-09, 2.50291032344e-09],
        "dvar": [2.3343043722e-05, 0.000147570521221, 3.90750719816e-05, 4.33407185483e-05, 1.60413014783e-06, 1.93110452074e-07, 5.7579988777e-08, 1.35404420121e-07, 2.52126028499e-07, 8.58291286931e-07, 2.65389985543e-06, 2.63938591161e-06, 3.22274195241e-06, 1.46450906868e-06, 1.88937201528e-06, 3.58432475878e-06, 6.81902861288e-07, 3.18236118346e-07, 1.5678216414e-07, 3.84780918239e-08, 1.91261531057e-08, 1.63743791859e-08, 3.72467678922e-09, 4.37549996235e-10, 4.19151865994e-11, 4.5418965423e-17, 3.37770207547e-18],
        "dvar2": [4.87937068101e-05, 0.000364460080164, 0.000108931249997, 9.8554075521e-05, 4.26535734732e-06, 5.38636754754e-07, 1.51011107619e-07, 3.51410960775e-07, 6.3702452735e-07, 2.22805670091e-06, 7.11582060831e-06, 6.50121592116e-06, 8.35744685901e-06, 3.63656249647e-06, 4.27442773798e-06, 7.71546274336e-06, 1.72949285115e-06, 7.98746668806e-07, 3.84540498999e-07, 9.43770714912e-08, 4.19698196197e-08, 3.80787881227e-08, 9.13007891512e-09, 1.03851927058e-09, 1.00329890229e-10, 1.23400908128e-16, 1.07304408505e-17],
        "max": [0.0320992469788, 0.0937882214785, 0.0445926561952, 0.0529274009168, 0.0124161541462, 0.00908121280372, 0.00497563555837, 0.00759842898697, 0.0083776190877, 0.0228946506977, 0.0301552023739, 0.0310945753008, 0.0237265489995, 0.0246588177979, 0.0271097384393, 0.0378487631679, 0.0175500232726, 0.0118827130646, 0.00921607203782, 0.00364716839977, 0.00317133986391, 0.00256460113451, 0.00104692124296, 0.000430843181675, 0.000160875555594, 1.41006339049e-07, 1.45929357487e-08],
        "mean": [0.00258363527246, 0.00834460649639, 0.00392063800246, 0.00402513518929, 0.000740470073652, 0.000443615019321, 0.000296461133985, 0.000442251097411, 0.000501977745444, 0.000817718566395, 0.00138992478605, 0.00107345916331, 0.00160192640033, 0.00114873575512, 0.00104601564817, 0.00149603455793, 0.00125912856311, 0.000846676353831, 0.000722689612303, 0.000358536490239, 0.000258599087829, 0.000216948537854, 0.000101911115053, 4.56137422589e-05, 9.55148971116e-06, 7.61823759632e-09, 1.05431496866e-09],
        "median": [0.00029705450288, 0.00328801921569, 0.00227827834897, 0.00117668835446, 0.00039437552914, 0.000284407840809, 0.00021897861734, 0.000294866244076, 0.000303385808365, 0.000419390766183, 0.000576686579734, 0.000457943504443, 0.000655111216474, 0.000576781691052, 0.000459978618892, 0.00076979980804, 0.000966639374383, 0.000636257580481, 0.000593480479438, 0.000294300465612, 0.000198113164515, 0.000163081946084, 7.78579342295e-05, 3.65180967492e-05, 6.86370185576e-06, 5.3276179024e-09, 3.875836041e-10],
        "min": [3.00541064258e-10, 2.99874542975e-08, 3.14172154958e-08, 1.02999948126e-07, 2.68475535137e-08, 5.06242692211e-09, 2.39666331225e-09, 8.04851651992e-09, 7.29841964642e-09, 1.05740438627e-08, 6.8888885707e-09, 2.76778489017e-09, 3.63009569071e-08, 3.38344534612e-08, 1.38222508994e-08, 8.25839219232e-09, 1.21816219334e-08, 7.62815588473e-09, 1.63072826354e-08, 1.20647039026e-08, 6.89624934935e-09, 7.10676717475e-09, 2.40898390125e-09, 8.37893088246e-10, 5.76761520488e-11, 2.47962457858e-12, 4.4380948569e-12],
        "var": [2.70425898634e-05, 0.000156155641889, 2.99736111629e-05, 5.36461884622e-05, 1.38746247558e-06, 3.01193352925e-07, 9.57150945169e-08, 2.48390932711e-07, 4.79157449718e-07, 1.91559161067e-06, 5.92883316131e-06, 4.62530533696e-06, 6.47569959256e-06, 2.8029742225e-06, 3.93231857743e-06, 7.87369481259e-06, 1.39718895298e-06, 6.09881681157e-07, 2.90240791401e-07, 9.51073531041e-08, 6.62896084691e-08, 4.59015900844e-08, 1.15834177805e-08, 2.01086169938e-09, 1.29329671972e-10, 8.21414038718e-17, 2.73574850197e-18]
    },
    "erbbands": {
        "dmean": [0.258187383413, 1.64377272129, 4.21469545364, 8.13783359528, 6.30222177505, 1.34869730473, 1.64837968349, 2.36490654945, 2.42226314545, 4.36911249161, 4.93663549423, 7.62922096252, 11.4531669617, 16.9333076477, 34.7105636597, 26.7496166229, 40.9542198181, 29.3734989166, 30.4240283966, 35.3170509338, 40.4728775024, 28.6673221588, 20.0820064545, 15.9368085861, 11.8603458405, 6.43670654297, 4.3706741333, 3.81707000732, 3.27157735825, 2.05152320862, 0.96110779047, 0.430049031973, 0.191532239318, 0.0715556517243, 0.00716941198334, 0.000303250970319, 1.59716910275e-05, 3.06346191792e-06, 6.49122966934e-06, 1.50378473336e-05],
        "dmean2": [0.40230435133, 2.92000222206, 7.55793619156, 13.1927270889, 10.0200443268, 2.24311161041, 2.73166155815, 3.9218416214, 4.01930332184, 7.19175815582, 8.22859096527, 12.4381542206, 18.979385376, 27.0305118561, 57.0392112732, 43.5026092529, 67.1861953735, 47.8866386414, 47.9214401245, 53.044052124, 62.5214500427, 46.2474327087, 32.224029541, 26.180519104, 19.1503314972, 10.305606842, 7.025639534, 5.84479665756, 5.12032365799, 3.29735016823, 1.53899931908, 0.685937166214, 0.301391601562, 0.111351214349, 0.0114392582327, 0.000480553746456, 2.37909371208e-05, 4.6254094741e-06, 9.45506690186e-06, 2.25063413382e-05],
        "dvar": [0.202891618013, 9.5035276413, 60.5149879456, 156.442749023, 170.18637085, 4.39201784134, 8.10740470886, 18.9387531281, 11.6685085297, 33.9539222717, 63.0127258301, 184.231674194, 380.020782471, 1368.72045898, 3683.15649414, 4308.74023438, 6589.22021484, 2292.64672852, 3783.85717773, 6180.11083984, 9982.07128906, 1788.58947754, 1000.49768066, 508.768432617, 277.89855957, 78.283996582, 35.8556022644, 31.3833961487, 23.2537765503, 10.3173961639, 2.38420367241, 0.387930184603, 0.0932312235236, 0.0154041964561, 0.000190759063116, 3.34840706273e-07, 6.48138487325e-10, 1.5325631389e-11, 5.123783689e-11, 3.11452919011e-10],
        "dvar2": [0.44377925992, 26.0998344421, 169.19354248, 358.954803467, 404.682891846, 11.0558633804, 20.3162231445, 53.3215065002, 31.1531562805, 92.3544387817, 162.824142456, 467.284057617, 1006.30780029, 3509.88769531, 10007.7529297, 10170.4960938, 17022.6757812, 5660.73779297, 8217.31933594, 13243.4951172, 22830.1152344, 4363.93505859, 2482.54833984, 1327.18164062, 679.721679688, 194.389022827, 85.0360412598, 68.9632415771, 53.8972587585, 25.5448551178, 6.06279850006, 0.956900238991, 0.216817542911, 0.0348056070507, 0.000481610652059, 8.33398416944e-07, 1.51705448204e-09, 3.49320988802e-11, 1.09998753162e-10, 6.85164702752e-10],
        "max": [3.26775884628, 23.3515148163, 52.9421272278, 105.287948608, 114.006378174, 22.1326026917, 53.139339447, 74.5254821777, 61.8150672913, 72.1913909912, 202.827209473, 255.398101807, 331.336486816, 751.430725098, 887.498657227, 1497.62878418, 1291.71643066, 932.625854492, 1182.49157715, 1991.92858887, 2595.63085938, 1223.37878418, 807.149169922, 669.507446289, 395.96585083, 220.128143311, 147.799102783, 127.962310791, 94.1394042969, 49.5767936707, 25.1978607178, 12.3465976715, 6.38105344772, 3.1668241024, 0.412236154079, 0.0174852143973, 0.000770175480284, 9.75583607215e-05, 6.19396450929e-05, 0.000142185643199],
        "mean": [0.290282845497, 1.66269004345, 4.71806240082, 9.91239452362, 6.85700464249, 1.87959432602, 2.50955367088, 3.91569209099, 4.33080101013, 7.59412717819, 8.55254364014, 12.8946762085, 20.5635738373, 31.6433315277, 61.1015396118, 48.6486244202, 76.0671310425, 56.8746986389, 57.9432525635, 67.4805526733, 82.7700881958, 67.0766372681, 46.6594390869, 41.3084907532, 29.9914646149, 16.937040329, 11.6879014969, 9.63365840912, 8.10132312775, 5.12316274643, 2.57288861275, 1.31625044346, 0.579488217831, 0.205432966352, 0.0175511259586, 0.000816958025098, 6.37135235593e-05, 1.39384328577e-05, 2.08813435165e-05, 4.10682769143e-05],
        "median": [0.0727347061038, 0.731689691544, 2.57241034508, 4.34550714493, 2.22829246521, 1.14826917648, 1.46084201336, 2.4084842205, 3.26543045044, 5.35218477249, 5.93390607834, 7.66465711594, 12.3206262589, 14.0449762344, 30.2880039215, 23.7449531555, 32.7516937256, 34.4097061157, 27.5159778595, 31.1768989563, 47.5803794861, 51.5638923645, 37.2903251648, 34.5432815552, 23.7341346741, 13.8858594894, 9.67396831512, 7.11322641373, 6.1321310997, 3.91728496552, 1.99021029472, 1.05580437183, 0.442370086908, 0.151552915573, 0.0120339561254, 0.00058990099933, 5.51641023776e-05, 1.29175496113e-05, 1.94605527213e-05, 3.63021099474e-05],
        "min": [5.77075184083e-07, 7.94472362031e-06, 3.54850417352e-05, 0.000219068766455, 0.000252702186117, 3.20739600284e-05, 1.18010648293e-05, 5.66800772503e-05, 3.10381328745e-05, 0.000116825263831, 0.000137655049912, 0.000168721831869, 0.000315090554068, 0.000271572032943, 0.000267587602139, 0.000197084766114, 0.00170936214272, 0.00133974209893, 0.00140507775359, 0.000633938412648, 0.000424670346547, 0.000717746792361, 0.000481885188492, 0.000930668320507, 0.000419542804593, 0.00058185623493, 0.00051141961012, 0.000187872938113, 0.000249310425716, 0.000187690471648, 4.94904525112e-05, 2.3166567189e-05, 1.01270225059e-05, 1.73529770109e-06, 8.03875863653e-08, 1.2861354648e-08, 5.4582414144e-09, 2.43490094753e-09, 9.64528457104e-10, 5.78777525906e-10],
        "var": [0.242045342922, 7.49468040466, 46.0885658264, 206.38760376, 179.928359985, 5.47223711014, 14.0020933151, 26.4280757904, 18.4414901733, 60.425151825, 100.027107239, 345.342010498, 801.536376953, 3552.03710938, 7833.97460938, 8235.64355469, 14545.8300781, 4692.15136719, 8426.66113281, 14821.0703125, 20929.3417969, 4192.67089844, 1707.75646973, 932.560302734, 566.988220215, 196.138244629, 104.564811707, 107.77557373, 64.8008270264, 26.4097290039, 7.42375993729, 1.63138091564, 0.372128486633, 0.0553301759064, 0.000483965530293, 9.24638641209e-07, 2.87410539812e-09, 9.48441811199e-11, 1.46953102464e-10, 6.81882050824e-10]
    },
    "gfcc": {
        "mean": [-3.35959362984, 119.999839783, -181.369522095, 68.7262420654, -48.3709793091, 25.5583934784, -19.0433444977, -0.263265609741, -4.19969367981, -19.8541183472, 3.30989575386, -17.8534984589, 0.151900216937],
        "cov": [[3341.24438477, -229.621734619, 895.832702637, 508.711791992, -203.579299927, 912.175720215, -194.537475586, 128.492889404, 27.6956386566, 99.4524307251, -1.2420450449, -31.1510238647, -16.4193286896], [-229.621734619, 495.653411865, 106.61063385, 10.052482605, 148.540054321, -120.178619385, 178.136672974, -42.808631897, 59.3295669556, -37.0618476868, 39.9628334045, -8.35228633881, -26.8980407715], [895.832702637, 106.61063385, 558.933898926, 307.701263428, -16.7702083588, 326.763397217, -1.75174164772, 64.2401580811, 60.0071029663, 40.2620735168, 22.358789444, -9.44826602936, -16.103307724], [508.711791992, 10.052482605, 307.701263428, 239.55279541, 4.13108158112, 162.368743896, -26.6743659973, 23.9966125488, 47.1126060486, 16.2086868286, -7.19523859024, -12.428943634, -7.11590766907], [-203.579299927, 148.540054321, -16.7702083588, 4.13108158112, 157.695495605, -53.8099746704, 80.3837661743, -2.00167560577, 42.5769767761, -10.0864562988, 14.530790329, 0.777892053127, 11.7286777496], [912.175720215, -120.178619385, 326.763397217, 162.368743896, -53.8099746704, 422.660095215, -19.0505657196, 78.5027618408, 8.05269527435, 58.5594673157, 28.9870471954, 2.61079525948, 1.77370584011], [-194.537475586, 178.136672974, -1.75174164772, -26.6743659973, 80.3837661743, -19.0505657196, 173.849273682, 6.79637098312, 12.0366363525, -15.091422081, 34.5196228027, 5.19360971451, -12.849571228], [128.492889404, -42.808631897, 64.2401580811, 23.9966125488, -2.00167560577, 78.5027618408, 6.79637098312, 98.563949585, 43.2935562134, 34.4681358337, 19.7313899994, 12.3190250397, 17.2351799011], [27.6956386566, 59.3295669556, 60.0071029663, 47.1126060486, 42.5769767761, 8.05269527435, 12.0366363525, 43.2935562134, 100.548446655, 33.2048416138, 11.2645998001, 5.00133466721, 14.3719730377], [99.4524307251, -37.0618476868, 40.2620735168, 16.2086868286, -10.0864562988, 58.5594673157, -15.091422081, 34.4681358337, 33.2048416138, 71.2838287354, 34.6818313599, 8.75761127472, 10.5655193329], [-1.2420450449, 39.9628334045, 22.358789444, -7.19523859024, 14.530790329, 28.9870471954, 34.5196228027, 19.7313899994, 11.2645998001, 34.6818313599, 72.3131637573, 33.4795608521, 7.67726993561], [-31.1510238647, -8.35228633881, -9.44826602936, -12.428943634, 0.777892053127, 2.61079525948, 5.19360971451, 12.3190250397, 5.00133466721, 8.75761127472, 33.4795608521, 55.7844772339, 31.191696167], [-16.4193286896, -26.8980407715, -16.103307724, -7.11590766907, 11.7286777496, 1.77370584011, -12.849571228, 17.2351799011, 14.3719730377, 10.5655193329, 7.67726993561, 31.191696167, 54.8573112488]],
        "icov": [[0.000997912837192, -0.000778420711868, 0.000326797191519, -0.000951715221163, 0.000706920924131, -0.00213746796362, 0.00116039603017, -0.000185814496945, 0.000147727128933, 0.000207208868233, 0.000294850004138, 0.000109262044134, -4.43644785264e-05], [-0.000778420711868, 0.0127365021035, -0.0122841708362, 0.0112684741616, -0.00512659270316, 0.0077317385003, -0.00722931139171, 0.00822606403381, -0.00774105638266, 0.00577165465802, -0.00650760857388, 0.00424666143954, -0.000151441097842], [0.000326797191519, -0.0122841708362, 0.0216015167534, -0.0208501331508, 0.00646258983761, -0.00995529256761, 0.00500858668238, -0.00879120640457, 0.00629223138094, -0.00410308735445, 0.00308386282995, -0.00318172737025, 0.00110573298298], [-0.000951715221163, 0.0112684741616, -0.0208501331508, 0.0281505063176, -0.00741241825745, 0.00722968159243, -0.00313779711723, 0.00966099556535, -0.0101903546602, 0.00544342771173, -0.00182165950537, 0.00253094336949, 0.000789386860561], [0.000706920924131, -0.00512659270316, 0.00646258983761, -0.00741241825745, 0.0139569342136, -0.00324577372521, -0.00171144120395, -0.0012659492204, -0.00210448820144, 0.00151212105993, -0.00174015550874, 0.00374765787274, -0.00587604008615], [-0.00213746796362, 0.0077317385003, -0.00995529256761, 0.00722968159243, -0.00324577372521, 0.0134840272367, -0.00592399016023, 0.0015009639319, -0.00037184273242, -0.000897899153642, -0.00327309314162, 0.0021951473318, -0.000954181305133], [0.00116039603017, -0.00722931139171, 0.00500858668238, -0.00313779711723, -0.00171144120395, -0.00592399016023, 0.0150420898572, -0.00579312350601, 0.00338921858929, 0.00211628596298, -0.00188911764417, -0.00166723516304, 0.00368361431174], [-0.000185814496945, 0.00822606403381, -0.00879120640457, 0.00966099556535, -0.0012659492204, 0.0015009639319, -0.00579312350601, 0.0224657990038, -0.0124105280265, 0.00199532741681, -0.0045675248839, 0.00292682996951, -0.00370063423179], [0.000147727128933, -0.00774105638266, 0.00629223138094, -0.0101903546602, -0.00210448820144, -0.00037184273242, 0.00338921858929, -0.0124105280265, 0.025348899886, -0.0141841275617, 0.00884202960879, -0.00493001425639, -0.000414705369622], [0.000207208868233, 0.00577165465802, -0.00410308735445, 0.00544342771173, 0.00151212105993, -0.000897899153642, 0.00211628596298, 0.00199532741681, -0.0141841275617, 0.0354337058961, -0.0234856996685, 0.0139059461653, -0.00576029950753], [0.000294850004138, -0.00650760857388, 0.00308386282995, -0.00182165950537, -0.00174015550874, -0.00327309314162, -0.00188911764417, -0.0045675248839, 0.00884202960879, -0.0234856996685, 0.0416011884809, -0.0276280101389, 0.0111307334155], [0.000109262044134, 0.00424666143954, -0.00318172737025, 0.00253094336949, 0.00374765787274, 0.0021951473318, -0.00166723516304, 0.00292682996951, -0.00493001425639, 0.0139059461653, -0.0276280101389, 0.0466692000628, -0.0247291568667], [-4.43644785264e-05, -0.000151441097842, 0.00110573298298, 0.000789386860561, -0.00587604008615, -0.000954181305133, 0.00368361431174, -0.00370063423179, -0.000414705369622, -0.00576029950753, 0.0111307334155, -0.0247291568667, 0.0356024950743]]
    },
    "melbands": {
        "dmean": [0.00202258769423, 0.00220752204768, 0.00138939928729, 0.000223985756747, 5.46846313227e-05, 5.21001747984e-05, 3.54417134076e-05, 5.19515415363e-05, 4.22599259764e-05, 4.69687765872e-05, 5.90635863773e-05, 6.75903647789e-05, 0.000118381380162, 8.09629127616e-05, 8.31761717563e-05, 8.66101763677e-05, 5.9805555793e-05, 5.56149643671e-05, 4.56711459265e-05, 5.88323600823e-05, 5.12767546752e-05, 3.4923752537e-05, 2.7629734177e-05, 1.77674446604e-05, 1.42957569551e-05, 1.13861351565e-05, 7.21575042917e-06, 4.29837655247e-06, 3.15844317811e-06, 2.68329904429e-06, 2.3767906896e-06, 2.12756299334e-06, 1.69658869709e-06, 1.08339520466e-06, 6.3050032395e-07, 4.175506092e-07, 2.52484227303e-07, 1.64411787296e-07, 9.67846958133e-08, 5.71292808615e-08],
        "dmean2": [0.00314164813608, 0.00396578665823, 0.00221690232866, 0.000359847734217, 8.958773833e-05, 8.60206127982e-05, 5.86446039961e-05, 8.5164574557e-05, 7.07343860995e-05, 7.68137178966e-05, 9.81421762845e-05, 0.000108346663183, 0.000193782849237, 0.000133046371047, 0.000138207935379, 0.00014142060536, 9.70662440523e-05, 8.77130587469e-05, 7.26851358195e-05, 9.02527099242e-05, 8.04712399258e-05, 5.71342097828e-05, 4.54016626463e-05, 2.93633729598e-05, 2.37549684243e-05, 1.84907548828e-05, 1.17527370094e-05, 6.92899720889e-06, 5.1931847338e-06, 4.19890102421e-06, 3.71135729438e-06, 3.38887980433e-06, 2.75326715382e-06, 1.75256491275e-06, 1.01868101865e-06, 6.76623017171e-07, 4.06915660278e-07, 2.63517108579e-07, 1.53402325509e-07, 9.11731987685e-08],
        "dvar": [1.15376442409e-05, 1.67758789757e-05, 5.06311062054e-06, 1.9967366427e-07, 8.34357027912e-09, 8.3623428182e-09, 2.4465189874e-09, 4.72788963535e-09, 4.21112211768e-09, 6.81538425695e-09, 1.08754472095e-08, 2.31584333932e-08, 5.12319680013e-08, 3.7006671505e-08, 3.17710799891e-08, 3.72672985804e-08, 1.0078636592e-08, 1.33874689112e-08, 1.18945351346e-08, 1.83070252291e-08, 1.50160310852e-08, 2.91000223918e-09, 1.35238586996e-09, 6.96206592377e-10, 4.63441923726e-10, 3.22789267537e-10, 9.95784635305e-11, 3.97872845781e-11, 1.84439182677e-11, 1.54181684781e-11, 1.2076594065e-11, 9.81693806107e-12, 6.34183070641e-12, 2.78277271018e-12, 1.00617496106e-12, 4.24031659394e-13, 1.27488758482e-13, 6.3177084007e-14, 2.71791341196e-14, 1.06323107667e-14],
        "dvar2": [2.50220837188e-05, 4.6582048526e-05, 1.16367255032e-05, 4.82940379243e-07, 2.06152908078e-08, 2.35053736475e-08, 6.41064445972e-09, 1.272825223e-08, 1.09379616475e-08, 1.70210370243e-08, 2.87709145397e-08, 5.97065508146e-08, 1.36612612778e-07, 8.81565682676e-08, 8.38839611106e-08, 9.61150306011e-08, 2.50756873044e-08, 2.89192279013e-08, 2.56695678047e-08, 3.73438808765e-08, 3.50820528183e-08, 7.19590920184e-09, 3.44649819795e-09, 1.80726378307e-09, 1.23882559766e-09, 8.16180123486e-10, 2.45998360571e-10, 1.03518527084e-10, 4.70637591399e-11, 3.56297560899e-11, 2.69827962057e-11, 2.31565443903e-11, 1.64562304755e-11, 6.84714047613e-12, 2.60107755647e-12, 1.10743163771e-12, 3.22433648791e-13, 1.54221768819e-13, 6.23630717921e-14, 2.58052466792e-14],
        "max": [0.0256282966584, 0.0254855919629, 0.0183973107487, 0.00398682523519, 0.00192322849762, 0.00167158106342, 0.000948024215177, 0.00106107781176, 0.00143406447023, 0.00163803144824, 0.00204204698093, 0.00279122102074, 0.00325724575669, 0.00396621134132, 0.00352333649062, 0.00309585500509, 0.00224323989823, 0.00204450660385, 0.0023923101835, 0.00228556315415, 0.00319177052006, 0.00135755038355, 0.000518009765074, 0.00055060943123, 0.000670406152494, 0.000480105372844, 0.000165326433489, 0.000165027391631, 0.000110243519885, 8.9353423391e-05, 8.22588408482e-05, 5.54084435862e-05, 4.31122389273e-05, 2.751764805e-05, 1.68654296431e-05, 9.86116447166e-06, 6.49600224278e-06, 4.82228824694e-06, 4.78679748994e-06, 2.8940582979e-06],
        "mean": [0.00256668706425, 0.00242871278897, 0.00166959909257, 0.00026034709299, 8.55410398799e-05, 8.88439972186e-05, 6.36489858152e-05, 8.92101379577e-05, 7.21805554349e-05, 7.79259862611e-05, 0.000102276018879, 0.000119169701065, 0.000202459064894, 0.000136474292958, 0.000145268204506, 0.000149081301061, 0.000103433463664, 9.68528402154e-05, 7.87143435446e-05, 0.000104173930595, 9.64386272244e-05, 7.33971173759e-05, 5.27915763087e-05, 3.72000431526e-05, 3.32294766849e-05, 2.57166866504e-05, 1.6113743186e-05, 9.95987284114e-06, 7.55531254981e-06, 6.11031828157e-06, 5.42447423868e-06, 4.80611515741e-06, 3.70348743672e-06, 2.49464187618e-06, 1.53990367835e-06, 1.06068830519e-06, 6.98067196936e-07, 4.41169220267e-07, 2.5830507866e-07, 1.43519500284e-07],
        "median": [0.000829264230561, 0.00124964071438, 0.000692759931553, 0.000110624125227, 5.23665003129e-05, 5.74516488996e-05, 4.81018869323e-05, 6.17842160864e-05, 4.97116125189e-05, 4.60692681372e-05, 5.77841528866e-05, 4.80047638121e-05, 8.73647586559e-05, 6.4075255068e-05, 6.56324846204e-05, 6.19689235464e-05, 5.89899682382e-05, 4.23328165198e-05, 3.27826528519e-05, 4.95309795951e-05, 5.62003297091e-05, 5.33057427674e-05, 3.9326831029e-05, 2.79296564258e-05, 2.73978057521e-05, 2.02622213692e-05, 1.24203852465e-05, 7.85187876318e-06, 6.14077453065e-06, 4.44150418843e-06, 3.78645927412e-06, 3.55459155799e-06, 2.68249073088e-06, 1.81546101885e-06, 1.13325108941e-06, 8.0628780097e-07, 5.5294555068e-07, 3.3168279856e-07, 1.91491452028e-07, 1.00929021585e-07],
        "min": [6.89606505233e-09, 1.58836037656e-08, 4.08953617637e-08, 9.23645160356e-09, 3.53087892258e-10, 1.16764020675e-09, 4.86878870554e-10, 1.55387736012e-09, 9.73414349126e-10, 1.12807840846e-09, 1.61840152391e-09, 1.1426980473e-09, 9.65360791305e-10, 4.24627777385e-10, 1.33570454697e-09, 4.09250899835e-09, 2.56332488568e-09, 2.75356226709e-09, 1.00962460614e-09, 7.39470928934e-10, 4.43864889288e-10, 8.32632018888e-10, 4.66641059127e-10, 3.47580825233e-10, 8.38593028352e-10, 4.7035114692e-10, 1.41595374314e-10, 4.6014445032e-10, 4.08428679766e-10, 1.22582152762e-10, 1.03741418234e-10, 1.32636901462e-10, 1.57315369065e-10, 8.00406199652e-11, 2.67677529447e-11, 1.89333895784e-11, 1.14335598281e-11, 9.10950221505e-12, 2.67270645719e-12, 8.29683977771e-13],
        "var": [1.49915140355e-05, 1.2874946151e-05, 6.43126213618e-06, 2.0936637668e-07, 1.46942635837e-08, 1.21644445628e-08, 4.02145339251e-09, 8.80935946412e-09, 7.03740221653e-09, 1.28375665653e-08, 2.26537313353e-08, 5.80690482366e-08, 1.14909902038e-07, 6.63125589995e-08, 5.40437525842e-08, 6.31129495332e-08, 1.9087330827e-08, 2.83712378035e-08, 2.49519676032e-08, 3.99199500123e-08, 2.80794125729e-08, 5.87359760829e-09, 2.36356823002e-09, 1.26411325851e-09, 7.14002523772e-10, 5.1412141211e-10, 2.16551637733e-10, 8.39389738272e-11, 4.21643830961e-11, 4.46093717521e-11, 3.79036212139e-11, 2.50870609009e-11, 1.40759738934e-11, 6.98693620321e-12, 2.9021756786e-12, 1.25119673736e-12, 4.79297482779e-13, 2.20505512179e-13, 8.9844418797e-14, 3.01005117912e-14]
    },
    "mfcc": {
        "mean": [-609.113525391, 110.37991333, -42.1833305359, 34.0137863159, 6.84006595612, 18.7710094452, 6.59760713577, 17.3083457947, 2.24329328537, 3.8327832222, 1.433634758, 4.40807056427, 1.23831665516],
        "cov": [[3074.84936523, -481.919586182, 1018.50244141, -183.245269775, 283.277801514, 486.990600586, 38.1802787781, 161.451248169, 28.0205955505, 96.3975067139, 148.742477417, -24.2228527069, -19.7710189819], [-481.919586182, 530.708190918, -149.0887146, 148.590408325, -61.1765823364, -28.4024219513, 51.4976463318, 30.9448223114, 0.465193212032, 11.6091117859, 17.3244342804, 20.4066829681, 19.7038040161], [1018.50244141, -149.0887146, 700.032348633, 21.3590354919, 152.448684692, 253.454559326, 34.5714607239, 111.311164856, 22.0661010742, 74.0714645386, 100.204689026, 7.94526195526, 19.7123756409], [-183.245269775, 148.590408325, 21.3590354919, 195.054550171, 23.5492420197, -4.97282934189, -22.6932086945, 12.1356925964, 15.3043928146, 13.1468477249, -3.814442873, -0.839911818504, 10.9854717255], [283.277801514, -61.1765823364, 152.448684692, 23.5492420197, 138.564956665, 72.0485229492, -16.2878055573, 26.1701107025, 33.1737327576, 38.8188591003, 19.72016716, 2.31048417091, 12.9841432571], [486.990600586, -28.4024219513, 253.454559326, -4.97282934189, 72.0485229492, 193.935073853, 56.7199554443, 59.2291526794, 9.84811592102, 32.0935897827, 53.0083999634, 0.470697253942, -2.10393476486], [38.1802787781, 51.4976463318, 34.5714607239, -22.6932086945, -16.2878055573, 56.7199554443, 122.726097107, 46.7298469543, -5.20759153366, 2.33362317085, 27.5443515778, 18.011674881, 5.30076742172], [161.451248169, 30.9448223114, 111.311164856, 12.1356925964, 26.1701107025, 59.2291526794, 46.7298469543, 95.3156509399, 27.873664856, 19.4234294891, 25.1804218292, 11.7721376419, 19.2073097229], [28.0205955505, 0.465193212032, 22.0661010742, 15.3043928146, 33.1737327576, 9.84811592102, -5.20759153366, 27.873664856, 69.5301208496, 34.8241653442, 2.13530659676, 2.85473513603, 12.5677022934], [96.3975067139, 11.6091117859, 74.0714645386, 13.1468477249, 38.8188591003, 32.0935897827, 2.33362317085, 19.4234294891, 34.8241653442, 80.154510498, 41.3595695496, 3.69524025917, 7.39239740372], [148.742477417, 17.3244342804, 100.204689026, -3.814442873, 19.72016716, 53.0083999634, 27.5443515778, 25.1804218292, 2.13530659676, 41.3595695496, 78.9717559814, 23.8508834839, 3.48281908035], [-24.2228527069, 20.4066829681, 7.94526195526, -0.839911818504, 2.31048417091, 0.470697253942, 18.011674881, 11.7721376419, 2.85473513603, 3.69524025917, 23.8508834839, 61.521446228, 28.1852607727], [-19.7710189819, 19.7038040161, 19.7123756409, 10.9854717255, 12.9841432571, -2.10393476486, 5.30076742172, 19.2073097229, 12.5677022934, 7.39239740372, 3.48281908035, 28.1852607727, 58.7547264099]],
