{
"lowlevel": {
    "average_loudness": 0.961930453777,
    "barkbands_crest": {
        "dmean": 3.4698009491,
        "dmean2": 5.59177064896,
        "dvar": 11.1620016098,
        "dvar2": 25.5936260223,
        "max": 25.9512195587,
        "mean": 10.2159957886,
        "median": 9.06468200684,
        "min": 2.86688780785,
        "var": 21.3024597168
    },
    "barkbands_flatness_db": {
        "dmean": 0.0264215078205,
        "dmean2": 0.0399176254869,
        "dvar": 0.000561007356737,
        "dvar2": 0.00110898644198,
        "max": 0.394917696714,
        "mean": 0.192903593183,
        "median": 0.191924542189,
        "min": 0.0585951283574,
        "var": 0.00194433610886
    },
    "barkbands_kurtosis": {
        "dmean": 3.0725440979,
        "dmean2": 4.72578287125,
        "dvar": 66.7328186035,
        "dvar2": 123.307563782,
        "max": 209.869033813,
        "mean": 3.46659517288,
        "median": 0.766517400742,
        "min": -1.59919166565,
        "var": 124.686157227
    },
    "barkbands_skewness": {
        "dmean": 0.587731838226,
        "dmean2": 0.875398814678,
        "dvar": 0.514678418636,
        "dvar2": 0.89488941431,
        "max": 13.1632766724,
        "mean": 1.41512537003,
        "median": 1.13370859623,
        "min": -1.5121743679,
        "var": 1.50299274921
    },
    "barkbands_spread": {
        "dmean": 4.57377529144,
        "dmean2": 6.89830064774,
        "dvar": 18.0120677948,
        "dvar2": 32.4949836731,
        "max": 55.5767364502,
        "mean": 18.8278751373,
        "median": 18.2281665802,
        "min": 0.592579185963,
        "var": 67.765625
    },
    "dissonance": {
        "dmean": 0.0229842364788,
        "dmean2": 0.0376976169646,
        "dvar": 0.000505677424371,
        "dvar2": 0.00129381299485,
        "max": 0.499999940395,
        "mean": 0.453847229481,
        "median": 0.459757387638,
        "min": 0.196099027991,
        "var": 0.00102141662501
    },
    "dynamic_complexity": 3.10832333565,
    "erbbands_crest": {
        "dmean": 2.840934515,
        "dmean2": 4.4966802597,
        "dvar": 6.02759695053,
        "dvar2": 14.3113851547,
        "max": 28.9888515472,
        "mean": 9.88029575348,
        "median": 9.05383777618,
        "min": 2.77157187462,
        "var": 21.9666042328
    },
    "erbbands_flatness_db": {
        "dmean": 0.0193279292434,
        "dmean2": 0.0270441584289,
        "dvar": 0.000273002224276,
        "dvar2": 0.000482555478811,
        "max": 0.3219589293,
        "mean": 0.217030107975,
        "median": 0.216827645898,
        "min": 0.0871193856001,
        "var": 0.00133808597457
    },
    "erbbands_kurtosis": {
        "dmean": 0.66743016243,
        "dmean2": 1.0866843462,
        "dvar": 0.632161021233,
        "dvar2": 1.55973374844,
        "max": 10.7151498795,
        "mean": -0.0808931738138,
        "median": -0.407170057297,
        "min": -1.60610377789,
        "var": 1.83039438725
    },
    "erbbands_skewness": {
        "dmean": 0.367647081614,
        "dmean2": 0.570019304752,
        "dvar": 0.0864504799247,
        "dvar2": 0.209510073066,
        "max": 2.64755749702,
        "mean": 0.121180899441,
        "median": 0.0627127289772,
        "min": -1.52720284462,
        "var": 0.339148581028
    },
    "erbbands_spread": {
        "dmean": 6.17974805832,
        "dmean2": 9.46127986908,
        "dvar": 34.5571899414,
        "dvar2": 77.9988174438,
        "max": 88.5324478149,
        "mean": 32.3119277954,
        "median": 30.068441391,
        "min": 6.73936843872,
        "var": 140.489196777
    },
    "hfc": {
        "dmean": 6.13616800308,
        "dmean2": 8.7684173584,
        "dvar": 61.6002807617,
        "dvar2": 110.745254517,
        "max": 88.3836975098,
        "mean": 18.0162200928,
        "median": 13.8546447754,
        "min": 1.092748007e-16,
        "var": 226.365325928
    },
    "melbands_crest": {
        "dmean": 3.51294136047,
        "dmean2": 5.70737504959,
        "dvar": 11.1182060242,
        "dvar2": 25.0487442017,
        "max": 28.5279960632,
        "mean": 13.5468263626,
        "median": 12.3989629745,
        "min": 2.41934037209,
        "var": 23.274969101
    },
    "melbands_flatness_db": {
        "dmean": 0.0312158335,
        "dmean2": 0.0440402328968,
        "dvar": 0.000866055954248,
        "dvar2": 0.00135664921254,
        "max": 0.503101766109,
        "mean": 0.229853957891,
        "median": 0.225517883897,
        "min": 0.00578424846753,
        "var": 0.00385093549266
    },
    "melbands_kurtosis": {
        "dmean": 6.96385002136,
        "dmean2": 10.8861713409,
        "dvar": 197.532012939,
        "dvar2": 442.115020752,
        "max": 257.307739258,
        "mean": 10.6124620438,
        "median": 4.49687242508,
        "min": -1.21492767334,
        "var": 362.127960205
    },
    "melbands_skewness": {
        "dmean": 0.784636080265,
        "dmean2": 1.18621873856,
        "dvar": 0.819445610046,
        "dvar2": 1.48187077045,
        "max": 12.7657365799,
        "mean": 2.37832665443,
        "median": 1.9285851717,
        "min": -0.604715824127,
        "var": 2.39910626411
    },
    "melbands_spread": {
        "dmean": 6.20055103302,
        "dmean2": 9.25912094116,
        "dvar": 41.5701026917,
        "dvar2": 74.8750686646,
        "max": 118.388549805,
        "mean": 21.0660972595,
        "median": 19.8004951477,
        "min": 0.570072710514,
        "var": 137.044799805
    },
    "pitch_salience": {
        "dmean": 0.0940984860063,
        "dmean2": 0.150272011757,
        "dvar": 0.00808208715171,
        "dvar2": 0.0185924079269,
        "max": 0.849399209023,
        "mean": 0.498261004686,
        "median": 0.495925098658,
        "min": 0.0716060176492,
        "var": 0.0151487560943
    },
    "silence_rate_20dB": {
        "dmean": 0,
        "dmean2": 0,
        "dvar": 0,
        "dvar2": 0,
        "max": 1,
        "mean": 1,
        "median": 1,
        "min": 1,
        "var": 0
    },
    "silence_rate_30dB": {
        "dmean": 0.0325077399611,
        "dmean2": 0.0650658383965,
        "dvar": 0.031450919807,
        "dvar2": 0.0887181758881,
        "max": 1,
        "mean": 0.98143851757,
        "median": 1,
        "min": 0,
        "var": 0.0182173196226
    },
    "silence_rate_60dB": {
        "dmean": 0.0108359130099,
        "dmean2": 0.0216886140406,
        "dvar": 0.0107183884829,
        "dvar2": 0.0258655529469,
        "max": 1,
        "mean": 0.0696055665612,
        "median": 0,
        "min": 0,
        "var": 0.0647603571415
    },
    "spectral_centroid": {
        "dmean": 257.203491211,
        "dmean2": 380.588317871,
        "dvar": 124052.101562,
        "dvar2": 180851.09375,
        "max": 10994.3896484,
        "mean": 1227.34289551,
        "median": 1155.91381836,
        "min": 222.799606323,
        "var": 288596.65625
    },
    "spectral_complexity": {
        "dmean": 4.19814252853,
        "dmean2": 6.01704120636,
        "dvar": 25.1635913849,
        "dvar2": 36.4102363586,
        "max": 56,
        "mean": 18.7857704163,
        "median": 17,
        "min": 0,
        "var": 113.217025757
    },
    "spectral_decrease": {
        "dmean": 4.12063494437e-09,
        "dmean2": 5.90264859213e-09,
        "dvar": 3.44147997544e-17,
        "dvar2": 5.98722922661e-17,
        "max": -9.84323956574e-29,
        "mean": -8.28179924639e-09,
        "median": -5.58256463279e-09,
        "min": -4.4240245245e-08,
        "var": 5.97783642532e-17
    },
    "spectral_energy": {
        "dmean": 0.0160258077085,
        "dmean2": 0.0228969454765,
        "dvar": 0.000505687261466,
        "dvar2": 0.000882371212356,
        "max": 0.169973477721,
        "mean": 0.0328915677965,
        "median": 0.0225348062813,
        "min": 1.02830465095e-20,
        "var": 0.000898265046999
    },
    "spectral_energyband_high": {
        "dmean": 0.000167973397765,
        "dmean2": 0.000241645262577,
        "dvar": 8.61550830678e-08,
        "dvar2": 1.46404332213e-07,
        "max": 0.00314060552046,
        "mean": 0.000334064592607,
        "median": 0.00014346637181,
        "min": 6.95746540759e-21,
        "var": 2.32456031313e-07
    },
    "spectral_energyband_low": {
        "dmean": 0.0116633176804,
        "dmean2": 0.0172176863998,
        "dvar": 0.000438250222942,
        "dvar2": 0.000776236061938,
        "max": 0.144432634115,
        "mean": 0.0156649518758,
        "median": 0.00686888489872,
        "min": 7.399060276e-23,
        "var": 0.00059962074738
    },
    "spectral_energyband_middle_high": {
        "dmean": 0.00218429602683,
        "dmean2": 0.00324096321128,
        "dvar": 9.67901632976e-06,
        "dvar2": 2.01862403628e-05,
        "max": 0.0383015014231,
        "mean": 0.00600727507845,
        "median": 0.00393289979547,
        "min": 1.85969507968e-21,
        "var": 4.09804888477e-05
    },
    "spectral_energyband_middle_low": {
        "dmean": 0.00617723586038,
        "dmean2": 0.0101800058037,
        "dvar": 7.17309885658e-05,
        "dvar2": 0.000186478544492,
        "max": 0.0822649374604,
        "mean": 0.0119124399498,
        "median": 0.00918090343475,
        "min": 4.73159831181e-22,
        "var": 0.000109118278488
    },
    "spectral_entropy": {
        "dmean": 0.17294895649,
        "dmean2": 0.246645569801,
        "dvar": 0.0305901877582,
        "dvar2": 0.0518386811018,
        "max": 9.79347801208,
        "mean": 7.21011447906,
        "median": 7.17544412613,
        "min": 6.1473326683,
        "var": 0.14108300209
    },
    "spectral_flux": {
        "dmean": 0.0405799970031,
        "dmean2": 0.0640611872077,
        "dvar": 0.00212039868347,
        "dvar2": 0.00429336540401,
        "max": 0.320693194866,
        "mean": 0.100527249277,
        "median": 0.0811809450388,
        "min": 1.01405356334e-10,
        "var": 0.00478122057393
    },
    "spectral_kurtosis": {
        "dmean": 3.0714161396,
        "dmean2": 5.40498304367,
        "dvar": 9.61454391479,
        "dvar2": 28.7518672943,
        "max": 28.0252017975,
        "mean": 4.95360279083,
        "median": 4.00923442841,
        "min": -1.21041083336,
        "var": 14.839846611
    },
    "spectral_rms": {
        "dmean": 0.00124073331244,
        "dmean2": 0.00173017207999,
        "dvar": 2.17728620555e-06,
        "dvar2": 3.51776338903e-06,
        "max": 0.0128774130717,
        "mean": 0.00511041516438,
        "median": 0.00468883523718,
        "min": 3.16737131315e-12,
        "var": 5.97298139837e-06
    },
    "spectral_rolloff": {
        "dmean": 378.880554199,
        "dmean2": 586.684387207,
        "dvar": 409406.8125,
        "dvar2": 560664.8125,
        "max": 18906.1523438,
        "mean": 1201.46154785,
        "median": 1184.32617188,
        "min": 86.1328125,
        "var": 760290.75
    },
    "spectral_skewness": {
        "dmean": 0.325966507196,
        "dmean2": 0.54730963707,
        "dvar": 0.0898367613554,
        "dvar2": 0.245334431529,
        "max": 3.71344614029,
        "mean": 1.40912675858,
        "median": 1.3583741188,
        "min": -0.0107969073579,
        "var": 0.247680008411
    },
    "spectral_spread": {
        "dmean": 347739.9375,
        "dmean2": 506135.59375,
        "dvar": 1.17416420966e+12,
        "dvar2": 1.07037766451e+12,
        "max": 40666536,
        "mean": 3057680.5,
        "median": 2926508.75,
        "min": 1726054.875,
        "var": 1.69036899942e+12
    },
    "spectral_strongpeak": {
        "dmean": 0.575772941113,
        "dmean2": 0.983658850193,
        "dvar": 0.748015344143,
        "dvar2": 1.72379922867,
        "max": 7.76254463196,
        "mean": 0.94427806139,
        "median": 0.444458633661,
        "min": 5.31512833746e-09,
        "var": 1.53485429287
    },
    "zerocrossingrate": {
        "dmean": 0.00820781104267,
        "dmean2": 0.00904171261936,
        "dvar": 0.000157046073582,
        "dvar2": 0.000140738586197,
        "max": 0.4765625,
        "mean": 0.0443501360714,
        "median": 0.04296875,
        "min": 0.00341796875,
        "var": 0.000445027137175
    },
    "barkbands": {
        "dmean": [0.00017897161888, 0.00986761320382, 0.00448085647076, 0.00153737759683, 0.00184823689051, 0.0015493799001, 0.00109669088852, 0.00116547069047, 0.00126150506549, 0.000328649417497, 0.000620550999884, 0.00041290189256, 0.000543375848792, 0.000419821386458, 0.00033188823727, 0.000331676885253, 0.000251562189078, 0.000234711449593, 0.000132286178996, 0.000144630655996, 5.87132235523e-05, 3.64130282833e-05, 2.73356090474e-05, 1.20057939057e-05, 2.40435906562e-06, 3.43377970502e-09, 2.30291252734e-09],
        "dmean2": [0.000290272437269, 0.0150224445388, 0.00823673699051, 0.00283450167626, 0.00327039882541, 0.00251918355934, 0.0016589385923, 0.00178207154386, 0.00199024402536, 0.000548481242731, 0.000954947201535, 0.00068398215808, 0.000884856679477, 0.000658742617816, 0.000532512669452, 0.000535776896868, 0.00040694832569, 0.000354732153937, 0.000205601623747, 0.000216756307054, 8.9906003268e-05, 5.18603446835e-05, 4.14565947722e-05, 1.73557255039e-05, 3.61331740351e-06, 5.74120839758e-09, 4.27466551045e-09],
        "dvar": [8.75371171105e-08, 0.000352136266883, 0.0001070631115, 1.02654985312e-05, 1.3285381101e-05, 6.48148898108e-06, 3.49777610609e-06, 4.98687313666e-06, 9.88800184132e-06, 4.62542573132e-07, 1.87348757663e-06, 6.97855000453e-07, 2.33891637436e-06, 1.0473357861e-06, 5.49848550691e-07, 3.80892828389e-07, 2.02998862164e-07, 2.17491887611e-07, 4.97459176074e-08, 8.21799517325e-08, 1.08764535156e-08, 6.58371046569e-09, 3.31067617765e-09, 5.21732546055e-10, 7.56569043525e-11, 1.35539565242e-16, 1.41302314194e-16],
        "dvar2": [2.29657487694e-07, 0.000747231359128, 0.000300513696857, 2.87969796773e-05, 3.7242702092e-05, 1.56951373356e-05, 7.50093840907e-06, 1.10326736831e-05, 2.35616880673e-05, 1.287344503e-06, 4.00276621804e-06, 1.82086137102e-06, 6.28058342045e-06, 2.82482574221e-06, 1.37858887683e-06, 1.01648993223e-06, 5.43129544894e-07, 4.96006123285e-07, 1.08941840438e-07, 1.86286257531e-07, 2.19606288709e-08, 1.36681874707e-08, 7.42516981234e-09, 9.62667279225e-10, 1.64468896835e-10, 3.70802225188e-16, 4.16325666831e-16],
        "max": [0.00293758674525, 0.131305187941, 0.0768669396639, 0.0324678868055, 0.0327340774238, 0.0369217172265, 0.0235829111189, 0.0359416715801, 0.0428703315556, 0.00902345683426, 0.0294962562621, 0.0125357694924, 0.0211389195174, 0.024040594697, 0.00938326772302, 0.00886634271592, 0.0050375093706, 0.00817511789501, 0.00222881021909, 0.00398335279897, 0.000939515710343, 0.00116983999033, 0.000648793939035, 0.000395563431084, 0.000275134050753, 2.27842903655e-07, 2.80936006902e-07],
        "mean": [0.000176373316208, 0.0103342719376, 0.00423139659688, 0.00153832649812, 0.00211104773916, 0.00275339232758, 0.00185562006664, 0.00168847118039, 0.00178584642708, 0.000412332476117, 0.00120702187996, 0.000569390016608, 0.00084085308481, 0.000737324997317, 0.000573499011807, 0.000522807065863, 0.000417539296905, 0.000389834021917, 0.000246696494287, 0.000276716629742, 9.64432765613e-05, 6.05151326454e-05, 4.2986972403e-05, 1.97718982236e-05, 3.10032737616e-06, 3.63445362694e-09, 1.64949010006e-09],
        "median": [3.8966183638e-05, 0.00315736257471, 0.0019452709239, 0.000674073293339, 0.00110383727588, 0.00158813386224, 0.000653367256746, 0.000617602665443, 0.000349160836777, 0.000188453152077, 0.000286052672891, 0.000193495274289, 0.000203537696507, 0.00027550527011, 0.000189941289136, 0.000219881476369, 0.000181513416464, 0.000120451906696, 0.000116041213914, 8.01391506684e-05, 4.13290144934e-05, 1.68217429746e-05, 1.01956520666e-05, 5.92969763602e-06, 7.17667262506e-07, 1.30921551378e-09, 3.76288861181e-10],
        "min": [2.56713040598e-23, 2.50811982373e-23, 3.40160261765e-23, 1.0562359216e-23, 3.2042804218e-23, 1.19210451186e-22, 1.09710975544e-22, 5.06880649829e-23, 1.43875392768e-22, 4.50642724342e-23, 6.21048355011e-23, 2.01524514684e-22, 1.37965070161e-22, 2.21435401797e-22, 1.40153976157e-22, 2.15545778901e-22, 2.18485642613e-22, 1.77005897334e-22, 2.25672405274e-22, 4.127279614e-22, 2.80540470644e-22, 3.75314295528e-22, 5.44359866887e-22, 6.81958009442e-22, 1.24017527205e-21, 1.66418248027e-21, 2.19561643839e-21],
        "var": [8.89963018835e-08, 0.000388458865928, 6.89519365551e-05, 7.56011922931e-06, 1.09674729174e-05, 1.37313418236e-05, 8.35328864923e-06, 8.58171642903e-06, 1.82575022336e-05, 4.94024561704e-07, 1.15187876872e-05, 1.40054578424e-06, 4.48656965091e-06, 1.92615084416e-06, 1.08835297397e-06, 6.52145331514e-07, 3.72299240325e-07, 5.10068105086e-07, 1.14944619156e-07, 2.36186210145e-07, 2.36268498099e-08, 1.1916291065e-08, 6.03706684643e-09, 1.47179424204e-09, 1.07936541649e-10, 1.07483795856e-16, 7.66286686056e-17]
    },
    "erbbands": {
        "dmean": [0.220046147704, 2.46342396736, 5.12632417679, 5.27802848816, 5.13814735413, 6.37119340897, 7.1419968605, 15.033290863, 15.5181770325, 22.0984249115, 22.5160007477, 33.1622924805, 12.5176143646, 10.075428009, 27.8709373474, 18.3558712006, 25.471818924, 20.3958339691, 20.5043544769, 13.7247495651, 16.5743541718, 12.094874382, 11.9426136017, 9.17039966583, 6.87971115112, 6.6580452919, 3.4025323391, 1.71511220932, 1.26553547382, 1.24968588352, 0.702325165272, 0.308053433895, 0.186135530472, 0.0533528998494, 0.0024603663478, 0.000123726815218, 1.48589606397e-05, 3.36054063155e-06, 7.99264944362e-06, 1.79658127308e-05],
        "dmean2": [0.350786119699, 3.78703522682, 8.66725730896, 9.64091682434, 9.44456005096, 11.1024866104, 12.1834840775, 24.3920440674, 22.6516284943, 34.9433746338, 34.0662155151, 52.5890464783, 20.1979656219, 16.7778720856, 42.6552009583, 30.1231021881, 41.6863517761, 31.4780216217, 32.7394218445, 21.1768054962, 26.6399650574, 19.2582569122, 17.9313526154, 14.0803804398, 10.5303955078, 10.0441913605, 5.10139465332, 2.57935857773, 1.79910027981, 1.91313099861, 1.04867529869, 0.423865765333, 0.282589316368, 0.0774711370468, 0.00398676143959, 0.000194515785552, 2.17740489461e-05, 5.01965541844e-06, 1.12288635137e-05, 2.55302857113e-05],
        "dvar": [0.179685637355, 22.637342453, 118.967567444, 131.879592896, 109.357086182, 201.517196655, 126.040016174, 651.201782227, 804.909423828, 2188.56762695, 2437.97924805, 7442.66943359, 580.009216309, 678.286804199, 3979.65161133, 1388.45727539, 5123.42041016, 1759.51977539, 2163.42675781, 902.252502441, 999.1015625, 497.471954346, 527.571655273, 297.032867432, 173.362258911, 183.388824463, 41.4026870728, 9.88325786591, 7.7898607254, 8.42943096161, 2.06380295753, 0.337235569954, 0.138258963823, 0.0257403869182, 0.000330776267219, 5.61101956009e-07, 1.37684319501e-09, 6.93751792125e-11, 1.13919193523e-10, 6.08563699434e-10],
        "dvar2": [0.381098598242, 49.1012992859, 315.469970703, 366.299682617, 305.766174316, 567.055419922, 339.245574951, 1571.16247559, 1370.15710449, 5415.25585938, 5269.15039062, 18013.6660156, 1501.20019531, 1952.18200684, 8035.29199219, 3619.28417969, 13783.8857422, 4380.24707031, 5462.48974609, 1860.4576416, 2718.02392578, 1298.63598633, 1157.75598145, 649.939819336, 376.060943604, 430.057556152, 87.2774124146, 20.639333725, 15.359290123, 20.2574501038, 4.39933633804, 0.577348947525, 0.290869146585, 0.0546096526086, 0.00095214380417, 1.58264776928e-06, 3.45092909804e-09, 1.80636436364e-10, 2.02075883804e-10, 1.06529807198e-09],
        "max": [2.76246190071, 33.3994216919, 84.9960021973, 121.791374207, 78.2042694092, 145.263381958, 149.868347168, 327.906433105, 622.69732666, 641.649719238, 963.007446289, 1176.19567871, 301.998535156, 542.714782715, 1496.44360352, 604.314147949, 1148.99560547, 649.451599121, 729.750854492, 783.143310547, 332.036865234, 261.463348389, 417.382995605, 413.832763672, 221.143234253, 213.928527832, 84.117515564, 39.6916542053, 39.3490447998, 38.9330482483, 16.5867977142, 9.12056159973, 7.18910551071, 4.95925378799, 0.521320164204, 0.0217305328697, 0.00096068152925, 0.000173760316102, 8.05862364359e-05, 0.000186311546713],
        "mean": [0.218196451664, 2.56609392166, 5.2469201088, 5.46969079971, 5.20896434784, 7.44427394867, 11.0094232559, 26.2591171265, 29.6065502167, 34.8095741272, 32.917263031, 47.0534934998, 16.9973373413, 14.8650474548, 56.4202690125, 29.3531570435, 41.0860748291, 38.9442749023, 35.8575630188, 26.6149253845, 27.4328231812, 20.7634811401, 20.9446086884, 16.9523792267, 12.9802331924, 13.2555484772, 5.73887395859, 2.84074544907, 2.0800075531, 1.97571229935, 1.14257466793, 0.521211504936, 0.283368438482, 0.0737845227122, 0.00290004373528, 0.000170343802893, 2.82568835246e-05, 6.93003767083e-06, 1.7548141841e-05, 3.80076999136e-05],
        "median": [0.0473315231502, 0.80396014452, 2.16082549095, 2.44778728485, 1.95012807846, 3.77718353271, 7.30453920364, 15.6794223785, 10.9551458359, 15.4602737427, 12.6390314102, 10.435634613, 7.91718864441, 5.7608833313, 15.4650239944, 9.97945213318, 11.3221521378, 16.4017677307, 14.9589490891, 13.0155248642, 12.1757507324, 9.22086811066, 7.24958133698, 7.19945526123, 4.36743879318, 4.112803936, 2.50710082054, 1.31822252274, 0.598453402519, 0.489650428295, 0.294479906559, 0.146233603358, 0.0766387730837, 0.0197803433985, 0.000636545591988, 5.74843434151e-05, 1.57032500283e-05, 3.96011364501e-06, 1.25607457448e-05, 2.64614027401e-05],
        "min": [1.29522175882e-21, 4.46279611668e-21, 3.56466990319e-20, 3.1422646304e-20, 8.33068264433e-20, 1.00653152855e-19, 2.51152532541e-19, 1.27665184245e-18, 2.04821252043e-18, 1.06208460368e-18, 1.31016847709e-18, 2.59619403364e-18, 2.09527165265e-18, 2.11291934423e-18, 3.91074201849e-18, 8.91968624133e-18, 7.18905400066e-18, 8.86340900835e-18, 1.0865567421e-17, 9.35835831814e-18, 1.11183323095e-17, 1.09786239856e-17, 1.03530289427e-17, 1.2226981805e-17, 1.19473715969e-17, 1.88089985598e-17, 1.15835577111e-17, 1.3430377395e-17, 1.53763958867e-17, 1.24908267778e-17, 1.55519699348e-17, 1.29240667595e-17, 1.31985732632e-17, 1.08469996978e-17, 1.07802917173e-17, 6.71686291107e-18, 2.77768097555e-18, 9.9016745327e-19, 2.92689251904e-19, 3.61620939459e-20],
        "var": [0.186620026827, 24.2385540009, 91.5853118896, 95.6916503906, 79.4105529785, 167.081985474, 159.339019775, 1247.47937012, 2793.49780273, 3076.04833984, 4445.18701172, 12731.1425781, 723.682983398, 840.905456543, 26420.6660156, 3154.78125, 10199.4521484, 4063.90112305, 3578.23852539, 2779.54907227, 1660.75354004, 896.361450195, 1155.12072754, 935.18145752, 425.90838623, 542.099060059, 83.7309875488, 19.7532405853, 14.8630218506, 12.719124794, 4.01503658295, 0.936120688915, 0.339390188456, 0.0433381386101, 0.000277523620753, 5.03376952565e-07, 1.92718330183e-09, 8.8965321221e-11, 2.22800417005e-10, 1.12169951105e-09]
    },
    "gfcc": {
        "mean": [-48.2107582092, 157.398788452, -162.634536743, 53.1144561768, -58.8650360107, 6.23920726776, -25.7599868774, -10.2599754333, 4.74785280228, -15.3066568375, 13.246011734, -21.3146953583, 2.63406157494],
        "cov": [[8167.28955078, -227.506973267, -323.702362061, 493.975189209, -357.961700439, 186.153747559, -1.33678710461, 180.09526062, -93.7040710449, -234.842498779, -9.15841579437, -22.2277030945, 89.8747558594], [-227.506973267, 656.54864502, 216.919631958, -61.1674423218, 322.948394775, -51.3951072693, 173.253631592, -10.8097648621, 75.1711502075, 37.747844696, 56.1562728882, -14.9522123337, -8.32503986359], [-323.702362061, 216.919631958, 543.423278809, 161.824584961, 182.205780029, 164.510025024, 81.8118743896, 65.577003479, 50.8340454102, 26.4854869843, 13.3226947784, -16.6438503265, 0.75091201067], [493.975189209, -61.1674423218, 161.824584961, 338.60168457, 68.8666915894, 109.881217957, 52.6888923645, 49.710231781, 28.2305240631, -18.5705852509, -34.8093719482, -0.826970219612, 8.57609272003], [-357.961700439, 322.948394775, 182.205780029, 68.8666915894, 366.468505859, 41.8330383301, 153.16595459, 60.1083717346, 46.1842384338, 30.3476867676, 30.1738433838, -10.1867170334, 0.212612450123], [186.153747559, -51.3951072693, 164.510025024, 109.881217957, 41.8330383301, 266.334594727, 83.6428527832, 59.9274787903, -0.191695123911, -4.70256185532, 1.11837685108, -18.1153125763, 1.80615615845], [-1.33678710461, 173.253631592, 81.8118743896, 52.6888923645, 153.16595459, 83.6428527832, 242.173782349, 63.7676620483, 3.10492157936, -12.4224090576, 27.8698959351, 15.7023801804, -6.15743541718], [180.09526062, -10.8097648621, 65.577003479, 49.710231781, 60.1083717346, 59.9274787903, 63.7676620483, 171.449417114, 9.76837062836, -44.8126792908, 11.0776844025, -20.3702888489, 14.2324714661], [-93.7040710449, 75.1711502075, 50.8340454102, 28.2305240631, 46.1842384338, -0.191695123911, 3.10492157936, 9.76837062836, 163.222518921, 76.1649398804, 4.71025800705, 10.5328874588, 9.17649459839], [-234.842498779, 37.747844696, 26.4854869843, -18.5705852509, 30.3476867676, -4.70256185532, -12.4224090576, -44.8126792908, 76.1649398804, 147.56187439, 36.0908126831, 12.0480642319, 16.468875885], [-9.15841579437, 56.1562728882, 13.3226947784, -34.8093719482, 30.1738433838, 1.11837685108, 27.8698959351, 11.0776844025, 4.71025800705, 36.0908126831, 88.4886245728, 35.462310791, 5.50059318542], [-22.2277030945, -14.9522123337, -16.6438503265, -0.826970219612, -10.1867170334, -18.1153125763, 15.7023801804, -20.3702888489, 10.5328874588, 12.0480642319, 35.462310791, 100.292686462, 38.6929588318], [89.8747558594, -8.32503986359, 0.75091201067, 8.57609272003, 0.212612450123, 1.80615615845, -6.15743541718, 14.2324714661, 9.17649459839, 16.468875885, 5.50059318542, 38.6929588318, 79.6807403564]],
        "icov": [[0.000202095965506, -0.000428563478636, 0.000381659890991, -0.000574379693717, 0.000492374412715, -0.000282701250399, 0.000190254009794, -0.000293237011647, 0.000124410536955, 0.00012203084043, -0.000259014341282, 9.38041121117e-05, -0.00020955002401], [-0.000428563478636, 0.0069434531033, -0.00312954839319, 0.00328613282181, -0.00457798084244, 0.00344336801209, -0.0040032514371, 0.00505329947919, -0.00357049424201, 0.00334980012849, -0.00332050956786, 0.00440090289339, -0.00258217030205], [0.000381659890991, -0.00312954839319, 0.00451794452965, -0.00264361826703, 0.00104055402335, -0.00304311327636, 0.00229312176816, -0.00242015905678, 0.00115086254664, -0.0013129619183, 0.000583253218792, -0.00149850326125, 0.00098642706871], [-0.000574379693717, 0.00328613282181, -0.00264361826703, 0.00648921448737, -0.0029671904631, 0.000644885119982, -0.00180423306301, 0.00171506113838, -0.00192178506404, 0.00110568595119, 0.00185880984645, -7.45990182622e-05, -0.000234093226027], [0.000492374412715, -0.00457798084244, 0.00104055402335, -0.0029671904631, 0.00806379504502, -0.00109942583367, -0.000367071101209, -0.00354747124948, 0.00163987418637, -0.00240226299502, 0.000627028581221, -0.000775944383349, 0.00052573310677], [-0.000282701250399, 0.00344336801209, -0.00304311327636, 0.000644885119982, -0.00109942583367, 0.00753327505663, -0.00392792280763, 0.00164749112446, -0.00107644102536, 0.000826482311822, -0.00174603669439, 0.00344749493524, -0.00172815599944], [0.000190254009794, -0.0040032514371, 0.00229312176816, -0.00180423306301, -0.000367071101209, -0.00392792280763, 0.00951799750328, -0.00451146904379, 0.00261606881395, -0.00168264983222, 0.00175971037243, -0.00548813259229, 0.00376114761457], [-0.000293237011647, 0.00505329947919, -0.00242015905678, 0.00171506113838, -0.00354747124948, 0.00164749112446, -0.00451146904379, 0.013763810508, -0.00555834593251, 0.00821141060442, -0.00738239521161, 0.00859373155981, -0.00685858493671], [0.000124410536955, -0.00357049424201, 0.00115086254664, -0.00192178506404, 0.00163987418637, -0.00107644102536, 0.00261606881395, -0.00555834593251, 0.0115581657737, -0.00842827372253, 0.00543738622218, -0.00538972299546, 0.0035504240077], [0.00012203084043, 0.00334980012849, -0.0013129619183, 0.00110568595119, -0.00240226299502, 0.000826482311822, -0.00168264983222, 0.00821141060442, -0.00842827372253, 0.016271898523, -0.00979860592633, 0.00712648406625, -0.00668006809428], [-0.000259014341282, -0.00332050956786, 0.000583253218792, 0.00185880984645, 0.000627028581221, -0.00174603669439, 0.00175971037243, -0.00738239521161, 0.00543738622218, -0.00979860592633, 0.0225105788559, -0.0125957150012, 0.00719372509047], [9.38041121117e-05, 0.00440090289339, -0.00149850326125, -7.45990182622e-05, -0.000775944383349, 0.00344749493524, -0.00548813259229, 0.00859373155981, -0.00538972299546, 0.00712648406625, -0.0125957150012, 0.0225729662925, -0.0126031702384], [-0.00020955002401, -0.00258217030205, 0.00098642706871, -0.000234093226027, 0.00052573310677, -0.00172815599944, 0.00376114761457, -0.00685858493671, 0.0035504240077, -0.00668006809428, 0.00719372509047, -0.0126031702384, 0.0206813290715]]
    },
    "melbands": {
        "dmean": [0.00244741141796, 0.00266572250985, 0.000898430880625, 0.000426000071457, 0.00025412204559, 0.000327714311425, 0.000233369763009, 0.000249480624916, 0.000192722436623, 0.000194918611669, 5.80727501074e-05, 3.90110690205e-05, 8.78142964211e-05, 5.32819976797e-05, 5.92122560192e-05, 4.97246910527e-05, 4.10387547163e-05, 3.55651136488e-05, 1.93283449335e-05, 2.54049373325e-05, 1.92766365217e-05, 1.38861641972e-05, 1.26235509015e-05, 1.11684357762e-05, 7.70476890466e-06, 4.74135867989e-06, 5.91376738157e-06, 4.38050847151e-06, 2.54455540016e-06, 1.49267873439e-06, 9.40671384342e-07, 7.42214012917e-07, 7.57687871555e-07, 6.79665959069e-07, 4.33622972196e-07, 3.18671652622e-07, 1.60404596272e-07, 1.39320718517e-07, 1.04378983679e-07, 2.60405990105e-08],
        "dmean2": [0.00376691832207, 0.00415307702497, 0.0016436513979, 0.000763442076277, 0.000431276363088, 0.000527266587596, 0.00034394566319, 0.000392046116758, 0.0002925817098, 0.000309988303343, 9.41834950936e-05, 6.62565289531e-05, 0.000135831491207, 8.2672406279e-05, 9.79459073278e-05, 8.14247978269e-05, 6.34932512185e-05, 5.66761264054e-05, 3.12041993311e-05, 4.04713282478e-05, 3.13066739182e-05, 2.28657427215e-05, 1.9452359993e-05, 1.71066603798e-05, 1.20160002552e-05, 7.43745385989e-06, 8.9600780484e-06, 6.70421832183e-06, 3.81816926165e-06, 2.30857040151e-06, 1.44009584346e-06, 1.06902166408e-06, 1.13923181289e-06, 1.05503113446e-06, 6.69482176363e-07, 4.7259371172e-07, 2.22714049869e-07, 2.14195424064e-07, 1.56792779649e-07, 4.00677606649e-08],
        "dvar": [2.16372936848e-05, 2.64503651124e-05, 3.7175725538e-06, 8.14790098502e-07, 1.66563793869e-07, 3.11716433998e-07, 1.66386172396e-07, 2.49572025268e-07, 1.69625366198e-07, 2.53048767718e-07, 1.37056686e-08, 1.12579625622e-08, 3.74676893955e-08, 9.57630330589e-09, 2.07149426501e-08, 2.04207513121e-08, 7.39364214297e-09, 8.10619837921e-09, 2.14691975309e-09, 2.27154495214e-09, 1.59678059664e-09, 8.13254408261e-10, 5.3162441116e-10, 6.03359417983e-10, 2.11072173628e-10, 7.07564146163e-11, 1.78346393209e-10, 7.21348814015e-11, 2.69777290784e-11, 5.79340785414e-12, 3.35796017728e-12, 2.53185428352e-12, 3.54412159342e-12, 2.38856482336e-12, 8.16561065726e-13, 4.42037357239e-13, 9.37701928909e-14, 7.97700935255e-14, 5.32449857316e-14, 1.56958813487e-14],
        "dvar2": [4.59394905192e-05, 5.80078121857e-05, 1.0364933587e-05, 2.29551324082e-06, 4.50886744829e-07, 7.25461575257e-07, 2.96257809396e-07, 6.09555797837e-07, 3.72839423335e-07, 6.10044310179e-07, 3.59577967401e-08, 3.26242393101e-08, 8.21956405161e-08, 2.07070378622e-08, 5.85894994742e-08, 5.39466427085e-08, 1.84283912574e-08, 2.08011918801e-08, 4.99967667267e-09, 5.6759246192e-09, 4.43151026985e-09, 2.236394403e-09, 1.18506271463e-09, 1.42407163839e-09, 4.6824061295e-10, 1.55142121372e-10, 4.01150529461e-10, 1.71158642814e-10, 6.04462382925e-11, 1.31735707412e-11, 7.48691646874e-12, 5.34888409606e-12, 8.04684010397e-12, 5.95190433397e-12, 1.81274407377e-12, 9.63042796551e-13, 1.54726532693e-13, 1.74671597173e-13, 1.10160321078e-13, 3.78575209375e-14],
        "max": [0.0311633050442, 0.0392552092671, 0.0195001848042, 0.00882314052433, 0.00498998397961, 0.00868110265583, 0.00832691974938, 0.00744916079566, 0.00688617257401, 0.00707338843495, 0.00150793371722, 0.00217497930862, 0.0040092151612, 0.00182635057718, 0.0023062445689, 0.00202551065013, 0.00141836947296, 0.00182473741006, 0.000859178951941, 0.000836977967992, 0.000516134197824, 0.000332503812388, 0.000333056959789, 0.000479585287394, 0.000359701021807, 8.34724487504e-05, 0.000235696410527, 0.00012998621969, 6.37800403638e-05, 2.47188781941e-05, 2.36655378103e-05, 2.06079639611e-05, 2.64003792836e-05, 1.87122968782e-05, 1.06643801701e-05, 9.19038120628e-06, 6.43981047688e-06, 5.18781553183e-06, 5.24230290466e-06, 3.85632893085e-06],
        "mean": [0.00249869422987, 0.00313284271397, 0.000944601430092, 0.000451398285804, 0.000393451598939, 0.000582682143431, 0.000435411697254, 0.00038407187094, 0.00028158214991, 0.000272022822173, 7.45697470848e-05, 5.02722068632e-05, 0.000168470811332, 9.89593972918e-05, 8.23188165668e-05, 7.52919731895e-05, 7.5810807175e-05, 5.91368880123e-05, 3.41548475262e-05, 4.20055730501e-05, 3.00406027236e-05, 2.21337413677e-05, 2.0519746613e-05, 1.80634924618e-05, 1.33123057822e-05, 8.20193054096e-06, 1.07826117528e-05, 8.15529347165e-06, 3.86313968193e-06, 2.31582998822e-06, 1.40743679822e-06, 1.13280941605e-06, 1.18554248729e-06, 1.03069487523e-06, 6.96108145348e-07, 4.52832466635e-07, 2.72195478601e-07, 2.10359161201e-07, 1.45915052485e-07, 3.0301436027e-08],
        "median": [0.000681226840243, 0.00134407670703, 0.000492778490297, 0.000223521143198, 0.000259346677922, 0.000331534276484, 0.000158155220561, 0.000172788903001, 9.17401412153e-05, 5.70885749767e-05, 3.09797360387e-05, 1.76586363523e-05, 4.23472520197e-05, 3.28818277922e-05, 2.09251047636e-05, 2.08959754673e-05, 2.74796166195e-05, 2.35247953242e-05, 1.08946442197e-05, 1.77764086402e-05, 1.16900027933e-05, 8.51095592225e-06, 8.42997178552e-06, 5.19500326845e-06, 5.33189950147e-06, 2.75506840808e-06, 2.610951924e-06, 2.62498565462e-06, 1.51189715325e-06, 1.0503717931e-06, 5.46990861494e-07, 3.20759141914e-07, 2.75317546539e-07, 2.31853093169e-07, 1.82765788281e-07, 9.46861078432e-08, 8.15104996832e-08, 5.63931763509e-08, 3.62742333948e-08, 6.90097312628e-09],
        "min": [9.97025678663e-24, 1.34447410011e-23, 7.22862829738e-24, 7.19973626673e-24, 7.77352686791e-24, 2.8599214952e-23, 2.84035364268e-23, 1.09661597585e-23, 1.32846795457e-23, 1.74052597743e-23, 1.04075689292e-23, 8.19422559981e-24, 9.60116217971e-24, 2.00946601496e-23, 1.94138148127e-23, 1.59972882089e-23, 1.53643787937e-23, 1.93474305898e-23, 1.17238985232e-23, 1.29065311822e-23, 1.29794219299e-23, 1.0581284778e-23, 1.1790368732e-23, 8.98462005063e-24, 1.00860450014e-23, 8.42620987051e-24, 1.18233368069e-23, 1.26665241961e-23, 6.81651631644e-24, 8.62597706184e-24, 6.94398835011e-24, 1.0207619511e-23, 5.26652769998e-24, 7.64214602845e-24, 8.20811112946e-24, 1.00768744934e-23, 6.61494933895e-24, 7.96675676892e-24, 1.1707832582e-23, 8.10132066214e-24],
        "var": [2.34064864344e-05, 2.82267574221e-05, 2.60013257503e-06, 6.21888375463e-07, 2.04444376095e-07, 6.70666622682e-07, 5.62353761779e-07, 3.62327227776e-07, 3.3591538795e-07, 4.2828131086e-07, 1.62177613561e-08, 1.22914096679e-08, 2.1150636087e-07, 4.76643045033e-08, 3.3284241141e-08, 4.0261884493e-08, 1.90340099238e-08, 1.20993925989e-08, 5.05846831089e-09, 4.59314630774e-09, 2.43271647271e-09, 1.27611643475e-09, 1.11337039588e-09, 1.22232324262e-09, 6.54822363e-10, 1.62734173359e-10, 4.52639037363e-10, 1.95527163904e-10, 4.79281614396e-11, 1.15832317696e-11, 5.58973830764e-12, 4.46144900537e-12, 5.44336017233e-12, 3.49525443311e-12, 1.50884014484e-12, 7.51713361696e-13, 2.88524873481e-13, 1.88282169803e-13, 1.1373734799e-13, 1.69925651241e-14]
    },
    "mfcc": {
        "mean": [-661.85345459, 150.179748535, -21.2699489594, 32.9936752319, 2.26054549217, 8.49133777618, -6.7607755661, 2.02065086365, -7.10091972351, 8.60176849365, -0.807378709316, 7.27860641479, 2.09260368347],
        "cov": [[6704.14013672, -243.056838989, -259.158172607, 248.064865112, -273.061523438, -3.04514360428, 10.0851507187, 246.057632446, -51.6944847107, -10.9242238998, -182.207870483, 7.1850194931, -27.9239311218], [-243.056838989, 930.080688477, -75.3805847168, 105.152610779, 115.507484436, 14.1526851654, 120.54901886, 4.79499816895, 47.4604263306, 48.3446884155, 49.640045166, 57.0944747925, 46.6129112244], [-259.158172607, -75.3805847168, 454.083587646, 17.2098999023, 104.474067688, 115.189117432, 39.2575683594, 51.0071334839, 63.1535644531, 19.5592308044, 51.1486206055, 13.9185829163, -24.7942314148], [248.064865112, 105.152610779, 17.2098999023, 288.808044434, 75.2813796997, 61.8120651245, 23.8383255005, 53.9936447144, 69.1084518433, 21.8561115265, 5.29818058014, 19.9386043549, -4.42567491531], [-273.061523438, 115.507484436, 104.474067688, 75.2813796997, 223.045516968, 40.2161903381, 62.8456306458, 33.8387794495, 65.7462310791, 62.6165771484, 35.0273933411, 3.73970651627, 5.89974594116], [-3.04514360428, 14.1526851654, 115.189117432, 61.8120651245, 40.2161903381, 225.157409668, 40.7093849182, 12.8213415146, 54.2588119507, 15.4327745438, 48.4723625183, 34.5787315369, 2.58121538162], [10.0851507187, 120.54901886, 39.2575683594, 23.8383255005, 62.8456306458, 40.7093849182, 296.763031006, 130.785949707, 30.4559822083, 28.3051319122, 20.7380695343, 9.53564929962, -9.83885192871], [246.057632446, 4.79499816895, 51.0071334839, 53.9936447144, 33.8387794495, 12.8213415146, 130.785949707, 231.852264404, 29.233373642, 57.0914649963, -11.9282131195, -16.7929821014, -0.357977598906], [-51.6944847107, 47.4604263306, 63.1535644531, 69.1084518433, 65.7462310791, 54.2588119507, 30.4559822083, 29.233373642, 142.813339233, 35.3076477051, 19.0720481873, 13.9291057587, -1.36530137062], [-10.9242238998, 48.3446884155, 19.5592308044, 21.8561115265, 62.6165771484, 15.4327745438, 28.3051319122, 57.0914649963, 35.3076477051, 159.401565552, 40.2614746094, -27.7053375244, -3.30453896523], [-182.207870483, 49.640045166, 51.1486206055, 5.29818058014, 35.0273933411, 48.4723625183, 20.7380695343, -11.9282131195, 19.0720481873, 40.2614746094, 97.8275909424, 30.1220550537, -3.38202571869], [7.1850194931, 57.0944747925, 13.9185829163, 19.9386043549, 3.73970651627, 34.5787315369, 9.53564929962, -16.7929821014, 13.9291057587, -27.7053375244, 30.1220550537, 114.928634644, 47.8840332031], [-27.9239311218, 46.6129112244, -24.7942314148, -4.42567491531, 5.89974594116, 2.58121538162, -9.83885192871, -0.357977598906, -1.36530137062, -3.30453896523, -3.38202571869, 47.8840332031, 97.8408355713]],
