{
"lowlevel": {
    "average_loudness": 0.882629334927,
    "barkbands_crest": {
        "dmean": 2.1154050827,
        "dmean2": 3.50245308876,
        "dvar": 4.45987987518,
        "dvar2": 11.3711767197,
        "max": 20.186296463,
        "mean": 8.09677600861,
        "median": 7.64429950714,
        "min": 2.74855804443,
        "var": 9.09418201447
    },
    "barkbands_flatness_db": {
        "dmean": 0.0171155389398,
        "dmean2": 0.0270738322288,
        "dvar": 0.000309890805511,
        "dvar2": 0.000758579291869,
        "max": 0.351978600025,
        "mean": 0.128598660231,
        "median": 0.120219223201,
        "min": 0.0470406636596,
        "var": 0.00149364455137
    },
    "barkbands_kurtosis": {
        "dmean": 1.65558111668,
        "dmean2": 2.58886790276,
        "dvar": 7.98777389526,
        "dvar2": 16.2605285645,
        "max": 35.299118042,
        "mean": 1.47666525841,
        "median": -0.309396982193,
        "min": -1.7978926897,
        "var": 25.2047386169
    },
    "barkbands_skewness": {
        "dmean": 0.485141992569,
        "dmean2": 0.7364128232,
        "dvar": 0.277186244726,
        "dvar2": 0.590806424618,
        "max": 5.28828287125,
        "mean": 0.918489873409,
        "median": 0.918905496597,
        "min": -2.12895727158,
        "var": 1.53484499454
    },
    "barkbands_spread": {
        "dmean": 6.48677349091,
        "dmean2": 10.3175592422,
        "dvar": 43.5428733826,
        "dvar2": 105.280197144,
        "max": 81.5587005615,
        "mean": 33.8808555603,
        "median": 33.743144989,
        "min": 1.92843413353,
        "var": 191.799453735
    },
    "dissonance": {
        "dmean": 0.00748306093737,
        "dmean2": 0.0122580202296,
        "dvar": 8.39030108182e-05,
        "dvar2": 0.000194428197574,
        "max": 0.500000059605,
        "mean": 0.484033584595,
        "median": 0.488893657923,
        "min": 0.348074555397,
        "var": 0.000253407342825
    },
    "dynamic_complexity": 5.43498373032,
    "erbbands_crest": {
        "dmean": 1.69199764729,
        "dmean2": 2.74901604652,
        "dvar": 2.50381684303,
        "dvar2": 6.20232105255,
        "max": 22.7250347137,
        "mean": 7.20579195023,
        "median": 6.65457963943,
        "min": 3.23253846169,
        "var": 7.11073446274
    },
    "erbbands_flatness_db": {
        "dmean": 0.0120506584644,
        "dmean2": 0.0185950733721,
        "dvar": 0.000169978069607,
        "dvar2": 0.000351024646079,
        "max": 0.267050176859,
        "mean": 0.172421947122,
        "median": 0.16954998672,
        "min": 0.0656965002418,
        "var": 0.00113688549027
    },
    "erbbands_kurtosis": {
        "dmean": 0.983838319778,
        "dmean2": 1.49846076965,
        "dvar": 1.68075573444,
        "dvar2": 3.31940507889,
        "max": 25.9872188568,
        "mean": 0.926239967346,
        "median": 0.308138132095,
        "min": -1.71406745911,
        "var": 5.82072973251
    },
    "erbbands_skewness": {
        "dmean": 0.301346331835,
        "dmean2": 0.439707905054,
        "dvar": 0.090184673667,
        "dvar2": 0.18051186204,
        "max": 3.77427434921,
        "mean": -0.750741541386,
        "median": -0.892301917076,
        "min": -2.48829627037,
        "var": 0.596316456795
    },
    "erbbands_spread": {
        "dmean": 7.89192342758,
        "dmean2": 12.1720294952,
        "dvar": 76.0352401733,
        "dvar2": 174.964035034,
        "max": 125.302818298,
        "mean": 40.4562339783,
        "median": 39.4229507446,
        "min": 6.43113946915,
        "var": 337.183563232
    },
    "hfc": {
        "dmean": 5.29232740402,
        "dmean2": 7.7732758522,
        "dvar": 154.793106079,
        "dvar2": 362.281188965,
        "max": 141.05128479,
        "mean": 18.9862937927,
        "median": 15.9236936569,
        "min": 2.5828512662e-06,
        "var": 435.804962158
    },
    "melbands_crest": {
        "dmean": 3.1276307106,
        "dmean2": 5.0093126297,
        "dvar": 8.36405181885,
        "dvar2": 20.157245636,
        "max": 26.838924408,
        "mean": 13.8012838364,
        "median": 14.0267276764,
        "min": 3.3786342144,
        "var": 27.1212024689
    },
    "melbands_flatness_db": {
        "dmean": 0.0231269933283,
        "dmean2": 0.0355542004108,
        "dvar": 0.000639484031126,
        "dvar2": 0.00144373183139,
        "max": 0.493140399456,
        "mean": 0.166603416204,
        "median": 0.161056756973,
        "min": 0.0639105960727,
        "var": 0.00380566646345
    },
    "melbands_kurtosis": {
        "dmean": 5.49802017212,
        "dmean2": 8.54446697235,
        "dvar": 74.6859741211,
        "dvar2": 165.199996948,
        "max": 116.662849426,
        "mean": 10.6310882568,
        "median": 5.84807491302,
        "min": -1.76636743546,
        "var": 239.253479004
    },
    "melbands_skewness": {
        "dmean": 0.705017745495,
        "dmean2": 1.08468198776,
        "dvar": 0.615703701973,
        "dvar2": 1.34439277649,
        "max": 9.64139556885,
        "mean": 2.55938339233,
        "median": 2.49731779099,
        "min": -0.910960733891,
        "var": 3.09049868584
    },
    "melbands_spread": {
        "dmean": 10.4398202896,
        "dmean2": 16.0592556,
        "dvar": 147.562698364,
        "dvar2": 328.095977783,
        "max": 126.83706665,
        "mean": 40.7469863892,
        "median": 35.7359771729,
        "min": 1.45277249813,
        "var": 624.281921387
    },
    "pitch_salience": {
        "dmean": 0.0659263059497,
        "dmean2": 0.106835857034,
        "dvar": 0.00353757338598,
        "dvar2": 0.00922548305243,
        "max": 0.871949017048,
        "mean": 0.606229901314,
        "median": 0.612775146961,
        "min": 0.314921945333,
        "var": 0.00912713538855
    },
    "silence_rate_20dB": {
        "dmean": 0,
        "dmean2": 0,
        "dvar": 0,
        "dvar2": 0,
        "max": 1,
        "mean": 1,
        "median": 1,
        "min": 1,
        "var": 0
    },
    "silence_rate_30dB": {
        "dmean": 0.0061919502914,
        "dmean2": 0.0123934932053,
        "dvar": 0.00615357141942,
        "dvar2": 0.0168876089156,
        "max": 1,
        "mean": 0.996133029461,
        "median": 1,
        "min": 0,
        "var": 0.00385197345167
    },
    "silence_rate_60dB": {
        "dmean": 0.0325077399611,
        "dmean2": 0.0650658383965,
        "dvar": 0.031450919807,
        "dvar2": 0.0778739377856,
        "max": 1,
        "mean": 0.269914925098,
        "median": 0,
        "min": 0,
        "var": 0.197065249085
    },
    "spectral_centroid": {
        "dmean": 260.384033203,
        "dmean2": 394.034118652,
        "dvar": 151038.71875,
        "dvar2": 231190.3125,
        "max": 10798.7617188,
        "mean": 2134.55615234,
        "median": 2231.23608398,
        "min": 218.167037964,
        "var": 484175.6875
    },
    "spectral_complexity": {
        "dmean": 3.3885447979,
        "dmean2": 4.97908592224,
        "dvar": 15.4619970322,
        "dvar2": 27.9058628082,
        "max": 59,
        "mean": 22.2915706635,
        "median": 25,
        "min": 0,
        "var": 238.826782227
    },
    "spectral_decrease": {
        "dmean": 1.93351934463e-09,
        "dmean2": 3.19336512788e-09,
        "dvar": 2.00102864936e-17,
        "dvar2": 5.05782563396e-17,
        "max": -3.37066332267e-16,
        "mean": -4.48266268549e-09,
        "median": -2.59126275992e-09,
        "min": -4.9841130334e-08,
        "var": 3.02721667502e-17
    },
    "spectral_energy": {
        "dmean": 0.00764618208632,
        "dmean2": 0.0125599484891,
        "dvar": 0.000310510833515,
        "dvar2": 0.000779638648964,
        "max": 0.192420035601,
        "mean": 0.0186407156289,
        "median": 0.011707175523,
        "min": 1.50643708619e-09,
        "var": 0.000495108542964
    },
    "spectral_energyband_high": {
        "dmean": 0.000360691483365,
        "dmean2": 0.000555684557185,
        "dvar": 1.03315301203e-06,
        "dvar2": 2.44098600888e-06,
        "max": 0.0130353430286,
        "mean": 0.000966036866885,
        "median": 0.00057872873731,
        "min": 1.5500845052e-10,
        "var": 2.55880786426e-06
    },
    "spectral_energyband_low": {
        "dmean": 0.00457930937409,
        "dmean2": 0.00728442613035,
        "dvar": 0.000160381416208,
        "dvar2": 0.000390156754293,
        "max": 0.165240243077,
        "mean": 0.0077743162401,
        "median": 0.00232013501227,
        "min": 2.94759688879e-10,
        "var": 0.000191465107491
    },
    "spectral_energyband_middle_high": {
        "dmean": 0.0012899300782,
        "dmean2": 0.00193229038268,
        "dvar": 6.77113803249e-06,
        "dvar2": 1.67455054907e-05,
        "max": 0.0369992554188,
        "mean": 0.00462659262121,
        "median": 0.00452224817127,
        "min": 7.45456335549e-11,
        "var": 1.9493210857e-05
    },
    "spectral_energyband_middle_low": {
        "dmean": 0.00367330876179,
        "dmean2": 0.00637617474422,
        "dvar": 9.43591439864e-05,
        "dvar2": 0.000273377430858,
        "max": 0.11695638299,
        "mean": 0.00622445903718,
        "median": 0.00251572672278,
        "min": 1.02149444459e-09,
        "var": 0.000102159719972
    },
    "spectral_entropy": {
        "dmean": 0.0946077480912,
        "dmean2": 0.143916219473,
        "dvar": 0.0181941129267,
        "dvar2": 0.0289296805859,
        "max": 9.80473423004,
        "mean": 7.7137594223,
        "median": 7.74634408951,
        "min": 5.79727697372,
        "var": 0.0888231545687
    },
    "spectral_flux": {
        "dmean": 0.0188025329262,
        "dmean2": 0.0290701799095,
        "dvar": 0.00109244300984,
        "dvar2": 0.00228488235734,
        "max": 0.356312483549,
        "mean": 0.0626682564616,
        "median": 0.0526181980968,
        "min": 3.88128464692e-05,
        "var": 0.00291008688509
    },
    "spectral_kurtosis": {
        "dmean": 1.41762936115,
        "dmean2": 2.48084068298,
        "dvar": 2.14454436302,
        "dvar2": 6.10728549957,
        "max": 14.4632606506,
        "mean": 2.990026474,
        "median": 2.4644203186,
        "min": -1.21328544617,
        "var": 4.117166996
    },
    "spectral_rms": {
        "dmean": 0.000639086880255,
        "dmean2": 0.00100331741851,
        "dvar": 1.28951319311e-06,
        "dvar2": 2.91256765195e-06,
        "max": 0.0137013457716,
        "mean": 0.00358363729902,
        "median": 0.00337959080935,
        "min": 1.21230959849e-06,
        "var": 5.3436183407e-06
    },
    "spectral_rolloff": {
        "dmean": 456.580749512,
        "dmean2": 771.475524902,
        "dvar": 408542.03125,
        "dvar2": 951604.375,
        "max": 6804.4921875,
        "mean": 2393.26171875,
        "median": 2627.05078125,
        "min": 107.666015625,
        "var": 1596027.75
    },
    "spectral_skewness": {
        "dmean": 0.178182244301,
        "dmean2": 0.304420739412,
        "dvar": 0.0313739366829,
        "dvar2": 0.077906832099,
        "max": 3.20811462402,
        "mean": 0.880699336529,
        "median": 0.852801203728,
        "min": -0.00442010210827,
        "var": 0.0890853330493
    },
    "spectral_spread": {
        "dmean": 308219.65625,
        "dmean2": 458396.34375,
        "dvar": 989942710272,
        "dvar2": 1.01808223027e+12,
        "max": 41050456,
        "mean": 3530113.75,
        "median": 3371365.25,
        "min": 1882729,
        "var": 1.90739107021e+12
    },
    "spectral_strongpeak": {
        "dmean": 0.375406265259,
        "dmean2": 0.665293633938,
        "dvar": 0.472566306591,
        "dvar2": 1.22972011566,
        "max": 5.58914804459,
        "mean": 0.585394978523,
        "median": 0.296670496464,
        "min": 0,
        "var": 0.707167029381
    },
    "zerocrossingrate": {
        "dmean": 0.0090948054567,
        "dmean2": 0.0111011173576,
        "dvar": 7.01196040609e-05,
        "dvar2": 9.31274407776e-05,
        "max": 0.19482421875,
        "mean": 0.0800886973739,
        "median": 0.07763671875,
        "min": 0.00830078125,
        "var": 0.000935124582611
    },
    "barkbands": {
        "dmean": [0.000127743638586, 0.00274234032258, 0.00206443364732, 0.00179171853233, 0.00218251417391, 0.000221331443754, 0.00012031532242, 7.69029647927e-05, 0.000131320339278, 0.000103496466181, 7.33334964025e-05, 0.000101888697827, 7.73901847424e-05, 0.000114053269499, 0.000195257322048, 0.000374298542738, 0.000488573336042, 0.00033281967626, 0.000293905613944, 0.00013219237735, 0.000127436695038, 0.000128598883748, 6.38221608824e-05, 4.43722456112e-05, 1.59767841978e-05, 5.43625128557e-06, 1.65551071518e-07],
        "dmean2": [0.000196174602024, 0.00463460898027, 0.00338189094327, 0.00297160586342, 0.00393784884363, 0.000356976612238, 0.000191088271094, 0.00012536176655, 0.000205577001907, 0.000162736410857, 0.000109841217636, 0.000155937930685, 0.000120666154544, 0.000180331247975, 0.000314977776725, 0.000606640591286, 0.000783378898632, 0.000537415326107, 0.000468207377708, 0.000215056163142, 0.000210698723095, 0.000206061522476, 9.79528776952e-05, 7.27967199055e-05, 2.49932982115e-05, 8.41786095407e-06, 2.95478741918e-07],
        "dvar": [1.87282509501e-07, 0.000116080540465, 2.11499991565e-05, 1.61009102158e-05, 4.28986204497e-05, 1.87793744999e-07, 8.9029413175e-08, 2.46355025268e-08, 6.71531878993e-08, 2.82215637526e-08, 1.75384347045e-08, 3.74389479418e-08, 1.58414614759e-08, 8.08261262364e-08, 2.25938620702e-07, 6.76385866427e-07, 6.45704744784e-07, 3.6605609921e-07, 1.57218835284e-07, 5.07681399142e-08, 9.11342539212e-08, 1.02786586353e-07, 4.08765927773e-08, 2.20656826144e-08, 3.20481530203e-09, 3.98463345652e-10, 1.31535884615e-12],
        "dvar2": [4.11476094087e-07, 0.000304777349811, 5.86831447436e-05, 4.11090913985e-05, 0.000132393121021, 5.14177088462e-07, 2.31378749049e-07, 6.7339847476e-08, 1.46600740436e-07, 6.72938966773e-08, 3.62253089747e-08, 8.96301628472e-08, 3.92470447252e-08, 2.18400074914e-07, 6.10015717939e-07, 1.89659078842e-06, 1.61408991062e-06, 9.60853526522e-07, 3.88355374525e-07, 1.24757264075e-07, 2.34571174929e-07, 2.44139130245e-07, 8.81692017174e-08, 5.42260956138e-08, 7.55299467414e-09, 8.74005645635e-10, 3.86241342729e-12],
        "max": [0.00484707346186, 0.132508933544, 0.0634676963091, 0.0381414070725, 0.0773245766759, 0.00777424033731, 0.00338980788365, 0.00215544737875, 0.00479524722323, 0.00229180045426, 0.00384793896228, 0.00295589584857, 0.0017420653021, 0.00544778490439, 0.00656674383208, 0.0103421257809, 0.0134370913729, 0.00698805088177, 0.0051845703274, 0.00246842205524, 0.00350012653507, 0.00394423538819, 0.00410015368834, 0.00343493116088, 0.00106300169136, 0.000544513110071, 2.99916409858e-05],
        "mean": [0.000147090482642, 0.00286630354822, 0.00384683744051, 0.00249760597944, 0.00259947963059, 0.00040409740177, 0.000214219966438, 0.000132296219817, 0.00028815009864, 0.000246090523433, 0.000177924812306, 0.000205858057598, 0.000161703574122, 0.000201126313186, 0.000327907851897, 0.000661596248392, 0.00106262788177, 0.00065368518699, 0.000802072463557, 0.000314807402901, 0.000273227255093, 0.000292599812383, 0.000136414644658, 8.26538089314e-05, 3.2383177313e-05, 1.18226116683e-05, 1.45438519894e-07],
        "median": [4.14207061112e-05, 0.000678297656123, 0.00111687695608, 0.000346180459019, 0.000633716990706, 0.000185205150046, 7.64086071285e-05, 4.79662739963e-05, 0.000118802490761, 0.000108342908788, 5.73156648898e-05, 9.26466746023e-05, 9.65085055213e-05, 0.000109404005343, 0.000192951993085, 0.000374047260266, 0.000795033585746, 0.000432165543316, 0.000640744809061, 0.000234518578509, 0.00020176898397, 0.00017734109133, 2.61125005636e-05, 1.09216034616e-05, 3.56543773705e-06, 8.70048097568e-07, 4.87546614192e-10],
        "min": [8.9159079425e-12, 8.8385930519e-11, 1.26561316982e-10, 1.13306738991e-10, 1.50181089786e-10, 7.79945968921e-11, 1.54492987847e-10, 3.88509953375e-11, 9.47475865126e-12, 7.1848074365e-12, 1.12292692506e-11, 4.97532050281e-12, 5.03516976377e-12, 5.17902084066e-12, 5.05648431112e-12, 3.42550055162e-12, 8.60885061155e-12, 1.01228712912e-11, 1.20783209823e-11, 9.46585951983e-12, 1.46683463986e-11, 9.1636030361e-12, 1.49839949476e-11, 1.43392537427e-11, 2.4491289205e-11, 3.89107288057e-11, 3.35857834599e-11],
        "var": [2.09428847597e-07, 8.83092507138e-05, 3.3716645703e-05, 2.17702418013e-05, 3.40320948453e-05, 3.46983938471e-07, 1.49753901724e-07, 4.90317901836e-08, 2.38389631591e-07, 1.0910723347e-07, 1.02748607844e-07, 1.07166620467e-07, 4.28648654349e-08, 1.04381868482e-07, 2.52984335702e-07, 8.82225720034e-07, 1.38705593145e-06, 6.32486774066e-07, 6.21393098754e-07, 1.25771677517e-07, 1.27974246311e-07, 2.19112067157e-07, 1.29681950511e-07, 6.38709494183e-08, 8.96701735087e-09, 2.24286877959e-09, 1.26018965228e-12]
    },
    "erbbands": {
        "dmean": [0.0764131620526, 0.648165583611, 2.19995856285, 3.74985074997, 9.46505451202, 5.21626567841, 1.72186756134, 1.74987983704, 1.33496248722, 2.32840156555, 1.37169897556, 3.37523889542, 2.63917636871, 3.00589871407, 3.22847437859, 4.4488120079, 3.43078660965, 4.75717067719, 7.45966768265, 12.7232589722, 23.4168434143, 24.2262458801, 19.8099327087, 13.616774559, 13.362288475, 5.57424116135, 5.93529653549, 4.47309780121, 4.93991851807, 3.40111136436, 1.53949177265, 1.15862226486, 0.609665036201, 0.234697729349, 0.0978089943528, 0.0365471802652, 0.00834060274065, 0.00108960422222, 2.52606860158e-05, 9.41862072068e-06],
        "dmean2": [0.131092116237, 1.10802769661, 3.60672545433, 6.25133275986, 16.8461856842, 9.31423950195, 2.78450727463, 2.83543395996, 2.03225326538, 3.86715388298, 2.1482796669, 5.21180582047, 4.16717433929, 4.705098629, 4.77154302597, 6.7397146225, 5.32255458832, 7.37890481949, 11.9818105698, 20.8390140533, 37.7142791748, 38.4988937378, 32.1920127869, 21.4827747345, 20.8283405304, 8.97033500671, 9.77638626099, 7.37390613556, 7.9284825325, 5.58651399612, 2.28152942657, 1.83227050304, 1.01134955883, 0.372425287962, 0.161082208157, 0.0567037090659, 0.0131653435528, 0.00172812642995, 3.92631300201e-05, 1.51464200826e-05],
        "dvar": [0.10987855494, 6.00004291534, 25.6977767944, 56.5673065186, 724.353088379, 230.209274292, 12.8984451294, 11.1903028488, 8.81083011627, 32.9020996094, 7.03705120087, 51.4546775818, 16.6809501648, 32.4871368408, 40.5927200317, 72.867805481, 29.0543003082, 106.534767151, 423.690490723, 1227.85900879, 2219.76538086, 1572.75793457, 1267.07348633, 402.943054199, 316.592559814, 94.1735916138, 172.446624756, 118.700439453, 122.334014893, 116.260871887, 23.9420223236, 13.7552814484, 4.03849887848, 0.602992475033, 0.146771922708, 0.0198013801128, 0.00113828515168, 2.36038449657e-05, 9.96083127092e-09, 4.75555095303e-10],
        "dvar2": [0.287961095572, 16.3388442993, 70.7926559448, 148.688186646, 2167.99291992, 700.011962891, 32.5333786011, 29.67552948, 21.0951213837, 92.1108398438, 18.1239967346, 110.090408325, 41.2758293152, 84.4727630615, 85.1677398682, 170.999740601, 70.8796768188, 273.277618408, 1159.84423828, 3398.71459961, 6130.73095703, 3837.02001953, 3347.21313477, 1004.33569336, 769.635253906, 230.980606079, 444.543579102, 297.722137451, 289.427124023, 282.613006592, 49.7851295471, 31.5967693329, 10.4277915955, 1.42524182796, 0.38147521019, 0.0409803204238, 0.00263902894221, 4.63440555905e-05, 2.07612878e-08, 1.15170406545e-09],
        "max": [3.42888212204, 31.9542312622, 56.8308830261, 75.6394119263, 301.590698242, 197.277282715, 62.6734428406, 56.0110015869, 51.5319404602, 63.1576042175, 45.000415802, 139.745361328, 58.1698074341, 89.1867141724, 200.098800659, 152.371429443, 72.6379699707, 160.455947876, 394.026031494, 566.114135742, 642.392150879, 634.220031738, 414.173431396, 251.442047119, 210.973602295, 100.842704773, 144.498962402, 137.40447998, 157.039749146, 192.464309692, 90.6101760864, 91.7339096069, 39.6185379028, 11.3421831131, 7.55981492996, 4.0333533287, 0.940639436245, 0.150577247143, 0.00325251044706, 0.000216826811084],
        "mean": [0.0765704363585, 0.72104793787, 4.16745376587, 5.86546230316, 11.5971651077, 6.89593982697, 3.07915210724, 3.2123260498, 2.73723125458, 3.74179410934, 2.83173251152, 7.1054816246, 7.00659656525, 6.6215634346, 8.55655860901, 9.5993680954, 7.93181800842, 9.71892166138, 13.5075349808, 21.5659446716, 46.0891342163, 57.7400970459, 42.4311599731, 34.0817642212, 35.7927703857, 14.4661273956, 12.357711792, 9.98831367493, 11.4484214783, 6.56446456909, 3.49124598503, 2.29947328568, 1.06718671322, 0.453577786684, 0.178864434361, 0.0768416002393, 0.0168832838535, 0.00196174229495, 5.35445578862e-05, 2.57932442764e-05],
        "median": [0.0126900998875, 0.194634974003, 1.251947999, 1.21324026585, 2.02168893814, 1.8519077301, 1.43909156322, 1.40506207943, 1.0653809309, 1.45029532909, 1.19569730759, 2.85294175148, 3.51200222969, 3.26452183723, 3.30346441269, 4.55105066299, 5.15230417252, 6.11325597763, 8.4220867157, 14.5751886368, 30.3250217438, 44.9029464722, 30.5113582611, 27.10871315, 26.7768917084, 11.2988100052, 9.12401676178, 7.43862581253, 7.4529800415, 2.31442165375, 0.640309154987, 0.329229772091, 0.126514151692, 0.0558907724917, 0.0144459260628, 0.00783716794103, 0.000401731260354, 3.5582237615e-05, 1.11921435746e-05, 1.6183259504e-05],
        "min": [7.23955839721e-10, 2.72454450112e-08, 1.40027765383e-07, 2.93550471042e-07, 2.07553256359e-07, 7.3403685974e-07, 5.62677143989e-07, 8.11899212749e-07, 2.46012973548e-06, 1.81240022812e-06, 4.50758818715e-07, 3.40909025454e-07, 3.29630921669e-07, 3.95411603904e-07, 2.93000226748e-07, 2.53545636042e-07, 2.75798669236e-07, 1.8131360946e-07, 3.39228847679e-07, 1.40971110341e-07, 3.16933352451e-07, 4.94519440508e-07, 5.23466383129e-07, 6.53319204957e-07, 4.696215683e-07, 4.80429264371e-07, 6.20270157015e-07, 5.23646065176e-07, 3.51652232666e-07, 3.66945130281e-07, 4.12243252867e-07, 3.32909309009e-07, 2.40666338414e-07, 2.51951149721e-07, 1.81603724059e-07, 1.1772470998e-07, 7.24960571574e-08, 2.67314241853e-08, 4.78616302146e-09, 5.03099617521e-10],
        "var": [0.0826740264893, 4.35368728638, 38.8322982788, 86.2709503174, 663.654174805, 206.668960571, 23.7602329254, 20.1631774902, 23.5581703186, 41.2316360474, 21.6429481506, 172.850662231, 90.993850708, 99.3877334595, 246.513748169, 223.816436768, 89.372543335, 174.024032593, 460.892791748, 1184.09057617, 3492.93261719, 3892.32373047, 2369.54882812, 1187.16052246, 1321.26086426, 252.603393555, 249.72996521, 181.712280273, 288.150268555, 210.362670898, 85.462059021, 51.7607955933, 10.2618608475, 1.66295278072, 0.313791662455, 0.0846002623439, 0.00556977279484, 9.44455750869e-05, 4.09129548018e-08, 1.0236290704e-09]
    },
    "gfcc": {
        "mean": [-54.6285095215, 93.1701583862, -147.0418396, 76.0566940308, -52.2179527283, 7.05881643295, -32.6589126587, 4.38567066193, -21.084066391, -12.3024892807, -19.0729789734, -3.29853463173, -7.19415235519],
        "cov": [[14241.8359375, -1591.19189453, -470.89642334, 474.782012939, 495.29208374, 1150.14697266, -366.005584717, 337.925170898, -418.990814209, -10.0085487366, -399.000701904, -175.484466553, -343.694519043], [-1591.19189453, 1137.43725586, -1.42836177349, 66.8119049072, -7.95267295837, -299.786102295, 208.207626343, -144.94178772, 235.872634888, -80.4175720215, 162.833633423, -66.9127044678, 151.76159668], [-470.89642334, -1.42836177349, 864.65826416, 101.204826355, 53.6565055847, 65.5326538086, -115.23991394, 26.838186264, 37.6032981873, 80.9986724854, -37.7640724182, -27.5978889465, -89.055480957], [474.782012939, 66.8119049072, 101.204826355, 367.076568604, 118.202262878, 164.625228882, -14.1507396698, -25.529302597, 85.5746765137, -103.371665955, 57.9137191772, -125.598175049, 17.0452671051], [495.29208374, -7.95267295837, 53.6565055847, 118.202262878, 217.456802368, 99.6363220215, 7.57682800293, 4.36168384552, 0.00324969692156, 4.23667764664, -3.37693953514, -37.6197280884, -26.1472320557], [1150.14697266, -299.786102295, 65.5326538086, 164.625228882, 99.6363220215, 269.882232666, -55.6996917725, 44.8925933838, -47.2764816284, -32.2158355713, -21.3502597809, -55.2118034363, -42.8993110657], [-366.005584717, 208.207626343, -115.23991394, -14.1507396698, 7.57682800293, -55.6996917725, 154.443267822, 18.5060844421, 59.7472915649, -17.3955192566, 23.4901256561, 10.6393499374, 35.7048797607], [337.925170898, -144.94178772, 26.838186264, -25.529302597, 4.36168384552, 44.8925933838, 18.5060844421, 117.73600769, 18.4866600037, 38.0615768433, -50.0145149231, 12.9401407242, -25.3063144684], [-418.990814209, 235.872634888, 37.6032981873, 85.5746765137, 0.00324969692156, -47.2764816284, 59.7472915649, 18.4866600037, 168.50920105, 7.90047693253, 47.7053756714, -47.0509338379, 25.284992218], [-10.0085487366, -80.4175720215, 80.9986724854, -103.371665955, 4.23667764664, -32.2158355713, -17.3955192566, 38.0615768433, 7.90047693253, 154.495941162, -11.4886894226, 58.2131156921, -42.4775009155], [-399.000701904, 162.833633423, -37.7640724182, 57.9137191772, -3.37693953514, -21.3502597809, 23.4901256561, -50.0145149231, 47.7053756714, -11.4886894226, 95.149055481, -3.9850833416, 38.6346702576], [-175.484466553, -66.9127044678, -27.5978889465, -125.598175049, -37.6197280884, -55.2118034363, 10.6393499374, 12.9401407242, -47.0509338379, 58.2131156921, -3.9850833416, 109.387153625, 8.35420513153], [-343.694519043, 151.76159668, -89.055480957, 17.0452671051, -26.1472320557, -42.8993110657, 35.7048797607, -25.3063144684, 25.284992218, -42.4775009155, 38.6346702576, 8.35420513153, 77.6245117188]],
        "icov": [[0.00018842695863, -0.000466264231363, 0.000432126689702, -0.000421534845373, 9.3620044936e-05, -0.000906045665033, 0.00065329647623, -0.000385624909541, 0.000262975372607, -0.000271194090601, 0.000939506920986, -0.000570275296923, 0.000798497407231], [-0.000466264231363, 0.00569709623232, -0.00242261728272, 0.00227270508185, -0.00178055046126, 0.00567108485848, -0.00568337645382, 0.00416661147028, -0.00271966704167, 0.00111536239274, -0.0047946930863, 0.00561853684485, -0.00669629359618], [0.000432126689702, -0.00242261728272, 0.00303302519023, -0.00231476523913, 0.000687854015268, -0.00282734516077, 0.00377149600536, -0.00156113470439, 0.000313630647724, -0.00131309579592, 0.00384031166323, -0.00343937217258, 0.00470118224621], [-0.000421534845373, 0.00227270508185, -0.00231476523913, 0.012880332768, -0.00393816782162, -0.00300179608166, -0.000590232026298, 0.00348112988286, -0.00743014412001, 0.00601862883195, -0.00654965266585, 0.00543840974569, -0.00498451804742], [9.3620044936e-05, -0.00178055046126, 0.000687854015268, -0.00393816782162, 0.00794825609773, -0.0027871245984, -0.00128419185057, 0.000316911377013, 0.00284942658618, -0.00377107062377, 0.00315846339799, -0.000746774720028, 0.00289715523832], [-0.000906045665033, 0.00567108485848, -0.00282734516077, -0.00300179608166, -0.0027871245984, 0.0183225851506, -0.00484574027359, -0.0037786422763, 0.00502619193867, 0.00117174931802, -0.00973867159337, 0.00859625544399, -0.00457349140197], [0.00065329647623, -0.00568337645382, 0.00377149600536, -0.000590232026298, -0.00128419185057, -0.00484574027359, 0.0174421742558, -0.00753585761413, -0.00220171315596, 0.00301104225218, 0.00338506815024, -0.00876924861223, 0.00649413699284], [-0.000385624909541, 0.00416661147028, -0.00156113470439, 0.00348112988286, 0.000316911377013, -0.0037786422763, -0.00753585761413, 0.0241563245654, -0.0117675522342, -0.00156127952505, 0.00979129783809, -0.00190173124429, -0.0047387923114], [0.000262975372607, -0.00271966704167, 0.000313630647724, -0.00743014412001, 0.00284942658618, 0.00502619193867, -0.00220171315596, -0.0117675522342, 0.0220721941441, -0.00793401617557, -0.00550789292902, 0.00897292047739, -0.000368847191567], [-0.000271194090601, 0.00111536239274, -0.00131309579592, 0.00601862883195, -0.00377107062377, 0.00117174931802, 0.00301104225218, -0.00156127952505, -0.00793401617557, 0.0176133718342, -0.00579684600234, -0.00753374025226, 0.00719259446487], [0.000939506920986, -0.0047946930863, 0.00384031166323, -0.00654965266585, 0.00315846339799, -0.00973867159337, 0.00338506815024, 0.00979129783809, -0.00550789292902, -0.00579684600234, 0.0316616334021, -0.0114852851257, 0.000794352265075], [-0.000570275296923, 0.00561853684485, -0.00343937217258, 0.00543840974569, -0.000746774720028, 0.00859625544399, -0.00876924861223, -0.00190173124429, 0.00897292047739, -0.00753374025226, -0.0114852851257, 0.0308256912977, -0.0153834763914], [0.000798497407231, -0.00669629359618, 0.00470118224621, -0.00498451804742, 0.00289715523832, -0.00457349140197, 0.00649413699284, -0.0047387923114, -0.000368847191567, 0.00719259446487, 0.000794352265075, -0.0153834763914, 0.0352304168046]]
    },
    "melbands": {
        "dmean": [0.00070743606193, 0.00100701092742, 0.000808811571915, 0.000583328830544, 6.59033466945e-05, 3.9188485971e-05, 2.1608406314e-05, 2.4202714485e-05, 1.2220662029e-05, 2.07926950679e-05, 1.32733293867e-05, 1.30580965561e-05, 9.92192235572e-06, 9.4426150099e-06, 1.1765326235e-05, 7.89839032223e-06, 9.74799149844e-06, 1.19223141155e-05, 1.5708626961e-05, 1.87797213584e-05, 3.33346833941e-05, 2.85647529381e-05, 2.66215665761e-05, 1.33501253003e-05, 1.2043505194e-05, 1.31886636154e-05, 6.91485593052e-06, 3.57344720214e-06, 4.13472162109e-06, 3.48129628946e-06, 2.66906067736e-06, 3.051945896e-06, 2.55227701018e-06, 1.77820277258e-06, 9.27151461383e-07, 9.41236351082e-07, 7.02407533026e-07, 5.23501057614e-07, 2.43263087896e-07, 1.88652975908e-07],
        "dmean2": [0.00116879073903, 0.00165930157527, 0.00136378768366, 0.00104728958104, 0.000108133870526, 6.33564195596e-05, 3.29004906234e-05, 4.04819038522e-05, 1.90087721421e-05, 3.24973989336e-05, 2.0998502805e-05, 2.04624375328e-05, 1.49423822222e-05, 1.36944208862e-05, 1.80610059033e-05, 1.22980445667e-05, 1.52488337335e-05, 1.92017942027e-05, 2.55755785474e-05, 3.15209472319e-05, 5.37736632396e-05, 4.54726650787e-05, 4.26756705565e-05, 2.23039405682e-05, 1.91972922039e-05, 2.12015511352e-05, 1.11273175207e-05, 5.86501801081e-06, 6.89704165779e-06, 5.81243239139e-06, 4.39793893747e-06, 4.9837158258e-06, 4.12179178966e-06, 2.98029112855e-06, 1.41002260534e-06, 1.40260874559e-06, 1.17214369766e-06, 8.73612066243e-07, 3.90842842535e-07, 3.00523311125e-07],
        "dvar": [8.48282797961e-06, 7.10887525202e-06, 3.26054123434e-06, 3.00448095913e-06, 1.8215398967e-08, 5.57316504057e-09, 2.48594478336e-09, 3.32744831688e-09, 5.60072266342e-10, 1.86539872438e-09, 4.18759249499e-10, 6.13230188851e-10, 3.22082166493e-10, 2.96627111762e-10, 4.53912907261e-10, 1.8142916336e-10, 4.68031613465e-10, 1.16273934925e-09, 1.55234813892e-09, 2.52109155774e-09, 4.15472856119e-09, 2.28000995861e-09, 1.74940817388e-09, 7.60931873067e-10, 3.11744491333e-10, 3.20353660266e-10, 1.06433140079e-10, 3.89695081759e-11, 7.46829542653e-11, 6.93715709876e-11, 3.53871827674e-11, 3.93760683781e-11, 4.839752904e-11, 3.49161706492e-11, 8.59526512464e-12, 1.10764279693e-11, 5.65263634511e-12, 3.0972084706e-12, 5.78242911452e-13, 4.53459345811e-13],
        "dvar2": [2.20493166125e-05, 1.93371142814e-05, 8.81801497599e-06, 9.20909315028e-06, 4.78684363259e-08, 1.50823549205e-08, 6.09727290879e-09, 9.38110567006e-09, 1.38789901794e-09, 4.12019041107e-09, 1.04276742796e-09, 1.57142565627e-09, 6.77499556456e-10, 6.60496712879e-10, 1.11534936842e-09, 4.51422565995e-10, 1.21995602509e-09, 3.2183942178e-09, 4.19480317149e-09, 7.08576397557e-09, 1.14785141392e-08, 5.56825563436e-09, 4.46115189234e-09, 2.01385330634e-09, 7.96289811866e-10, 8.1985118694e-10, 2.61215715724e-10, 9.81353887042e-11, 1.92611870897e-10, 1.81068299243e-10, 8.8565453582e-11, 9.41152641931e-11, 1.18969029073e-10, 8.78494638146e-11, 1.90538661238e-11, 2.32917504728e-11, 1.45004589933e-11, 8.12620196827e-12, 1.28469348874e-12, 1.16133762763e-12],
        "max": [0.0320253521204, 0.0327038541436, 0.0182847362012, 0.0212738867849, 0.00169151194859, 0.0011048540473, 0.000785020005424, 0.000634036550764, 0.000382846861612, 0.000769852369558, 0.00027219648473, 0.000376356038032, 0.000525091600139, 0.000287738774205, 0.00035117965308, 0.00016153123579, 0.000346977816662, 0.000670161156449, 0.000602918269578, 0.000662862497848, 0.00083363923477, 0.00071441126056, 0.000520190107636, 0.000324231485138, 0.000219893277972, 0.000207304605283, 0.000121529825265, 6.52776943753e-05, 0.000103221631434, 0.000114038361062, 7.16197828297e-05, 9.08319198061e-05, 8.51850199979e-05, 0.000112215289846, 4.56931848021e-05, 0.000105797793367, 5.52105884708e-05, 3.72479262296e-05, 1.25683782244e-05, 1.09062257252e-05],
        "mean": [0.000723288045265, 0.00172738893889, 0.0012744438136, 0.00073056895053, 0.000119526412163, 7.20294337953e-05, 4.21616532549e-05, 3.89376582461e-05, 2.59536791418e-05, 4.44356446678e-05, 3.41123413818e-05, 2.67481136689e-05, 2.43236136157e-05, 2.35574334511e-05, 2.31179055845e-05, 1.6674564904e-05, 1.82969779416e-05, 2.03065301321e-05, 2.53361740761e-05, 3.11205512844e-05, 6.20317732682e-05, 6.14604650764e-05, 5.40429718967e-05, 2.52435875154e-05, 2.72703673545e-05, 3.1696876249e-05, 1.66132958839e-05, 7.90755439084e-06, 7.92160790297e-06, 6.5521317083e-06, 5.53390236746e-06, 6.90512570145e-06, 4.88698788104e-06, 3.1625900192e-06, 1.95404049919e-06, 1.85460271496e-06, 1.24078337649e-06, 8.34488332657e-07, 4.80240487377e-07, 3.35815286689e-07],
        "median": [0.000154356181156, 0.000496719207149, 0.000274117774097, 0.00016663596034, 5.74442565267e-05, 3.19602913805e-05, 1.53049932123e-05, 1.52579013957e-05, 9.54874394665e-06, 1.78668415174e-05, 1.61916304933e-05, 1.17627287182e-05, 8.90275532583e-06, 9.91178967524e-06, 1.18189418572e-05, 9.72832367552e-06, 1.03452894109e-05, 1.15219672807e-05, 1.45960193549e-05, 1.93876294361e-05, 3.8051748561e-05, 4.37356720795e-05, 3.82246762456e-05, 1.81360228453e-05, 2.11409605981e-05, 2.33911705436e-05, 1.18375410239e-05, 5.66639619137e-06, 5.57519797439e-06, 4.59381772089e-06, 3.86645979233e-06, 4.69019096272e-06, 2.23804363486e-06, 8.13024598756e-07, 3.44232546468e-07, 2.56430183754e-07, 1.79740993644e-07, 9.27812848772e-08, 6.45579945058e-08, 3.83005342997e-08],
        "min": [1.66644371913e-11, 6.18463752433e-11, 4.70465992553e-11, 2.96449496895e-11, 2.63746576662e-11, 1.75062516566e-11, 3.56711500615e-11, 2.21848112797e-11, 2.0242321274e-12, 1.69683364581e-12, 1.59091240615e-12, 1.53357285638e-12, 1.37449968941e-12, 3.21196167536e-13, 9.77308620316e-13, 3.57919098005e-13, 3.50428426511e-13, 5.89217856364e-13, 3.5076477313e-13, 9.57067744826e-14, 4.27720630181e-13, 5.0741978978e-13, 5.1699708967e-13, 4.4662917028e-13, 5.51240693716e-13, 3.29880003522e-13, 1.92417615045e-13, 3.50589376323e-13, 4.07848559612e-13, 3.1327807644e-13, 3.17923476174e-13, 2.11198571652e-13, 1.4918196344e-13, 2.37867017749e-13, 2.49898680308e-13, 2.04004510767e-13, 2.10969926966e-13, 1.67968029351e-13, 1.75804087e-13, 2.20298470221e-13],
        "var": [6.56576503388e-06, 8.10042001831e-06, 4.57266787635e-06, 2.53206826528e-06, 2.97535684979e-08, 1.00672741254e-08, 5.81254733234e-09, 4.35353220141e-09, 2.03797356768e-09, 6.06078343068e-09, 2.16301554445e-09, 1.80990189502e-09, 1.83270987275e-09, 1.22113441581e-09, 1.15672627032e-09, 4.85508577786e-10, 6.98431035229e-10, 1.19468235305e-09, 1.63364466399e-09, 2.36258057562e-09, 6.63682397928e-09, 4.94729857081e-09, 3.74255337832e-09, 1.01987351897e-09, 8.12847789078e-10, 1.07022080087e-09, 3.27963961544e-10, 8.54332021794e-11, 1.050395812e-10, 8.65000016059e-11, 5.78195998024e-11, 9.5559282709e-11, 8.39332145453e-11, 5.91589971455e-11, 2.44918165609e-11, 4.01422367569e-11, 1.55077808234e-11, 7.2233130935e-12, 1.72912227071e-12, 9.61197267613e-13]
    },
    "mfcc": {
        "mean": [-674.310302734, 94.3477478027, -20.8402786255, 56.2341156006, 6.07718849182, 10.2244024277, -2.59073805809, 12.9482479095, 2.83583569527, -5.50894784927, -2.90961074829, -3.95015215874, -4.64353227615],
        "cov": [[11536.5429688, -661.418640137, -687.01385498, 50.8168373108, 541.177490234, 517.215942383, 238.656173706, 334.8097229, 77.3671646118, 172.197875977, -7.21879386902, -124.952674866, -136.243270874], [-661.418640137, 812.176574707, -43.7227897644, 143.082458496, -181.462020874, -107.387985229, -53.8851356506, -71.7210006714, 62.4734916687, -71.2559280396, 61.8815956116, 20.079126358, 40.3071594238], [-687.01385498, -43.7227897644, 714.093566895, 59.5572090149, 207.287460327, 40.048324585, -39.0465774536, -22.2106723785, -38.1512985229, 118.69619751, -4.94304132462, 8.05351638794, -28.2279777527], [50.8168373108, 143.082458496, 59.5572090149, 171.385650635, 69.1629104614, 42.868976593, -4.75202989578, 23.1815357208, 17.6260528564, 43.8574256897, 14.9746665955, 6.77672529221, 3.81583547592], [541.177490234, -181.462020874, 207.287460327, 69.1629104614, 316.38293457, 144.290649414, 45.780090332, 27.946138382, -27.1839046478, 96.1276321411, 1.25999438763, -11.910033226, -27.7179794312], [517.215942383, -107.387985229, 40.048324585, 42.868976593, 144.290649414, 146.667663574, 60.9152832031, 31.6015720367, -28.5681838989, 40.2399559021, -0.774951636791, -1.70780181885, -10.0945148468], [238.656173706, -53.8851356506, -39.0465774536, -4.75202989578, 45.780090332, 60.9152832031, 98.3475799561, 42.3456039429, 1.3264721632, -17.7988567352, -7.63757419586, -7.22175979614, 2.07747411728], [334.8097229, -71.7210006714, -22.2106723785, 23.1815357208, 27.946138382, 31.6015720367, 42.3456039429, 113.766014099, 32.4025688171, 28.1857700348, -26.3178310394, -9.3885974884, -2.6484568119], [77.3671646118, 62.4734916687, -38.1512985229, 17.6260528564, -27.1839046478, -28.5681838989, 1.3264721632, 32.4025688171, 95.1626205444, 29.5029296875, 24.2314815521, 4.42113637924, 6.76003789902], [172.197875977, -71.2559280396, 118.69619751, 43.8574256897, 96.1276321411, 40.2399559021, -17.7988567352, 28.1857700348, 29.5029296875, 133.151779175, 33.0919342041, 8.00344848633, -15.4610929489], [-7.21879386902, 61.8815956116, -4.94304132462, 14.9746665955, 1.25999438763, -0.774951636791, -7.63757419586, -26.3178310394, 24.2314815521, 33.0919342041, 81.3553771973, 30.154592514, 3.37279438972], [-124.952674866, 20.079126358, 8.05351638794, 6.77672529221, -11.910033226, -1.70780181885, -7.22175979614, -9.3885974884, 4.42113637924, 8.00344848633, 30.154592514, 56.6030845642, 18.0766010284], [-136.243270874, 40.3071594238, -28.2279777527, 3.81583547592, -27.7179794312, -10.0945148468, 2.07747411728, -2.6484568119, 6.76003789902, -15.4610929489, 3.37279438972, 18.0766010284, 48.1398887634]],
