{
"lowlevel": {
    "average_loudness": 0.97592318058,
    "barkbands_crest": {
        "dmean": 2.9351131916,
        "dmean2": 4.91205644608,
        "dvar": 7.10352945328,
        "dvar2": 18.1467170715,
        "max": 24.9545192719,
        "mean": 11.0070466995,
        "median": 10.3456335068,
        "min": 3.47373485565,
        "var": 15.4182195663
    },
    "barkbands_flatness_db": {
        "dmean": 0.0354447700083,
        "dmean2": 0.0537468902767,
        "dvar": 0.00127430376597,
        "dvar2": 0.00317479181103,
        "max": 0.410344272852,
        "mean": 0.187157526612,
        "median": 0.177102819085,
        "min": 0.0832954645157,
        "var": 0.00309629528783
    },
    "barkbands_kurtosis": {
        "dmean": 3.8049864769,
        "dmean2": 6.38727045059,
        "dvar": 36.8532600403,
        "dvar2": 101.386672974,
        "max": 69.3159790039,
        "mean": 4.28396558762,
        "median": 2.24200677872,
        "min": -1.80248522758,
        "var": 41.453830719
    },
    "barkbands_skewness": {
        "dmean": 0.694833934307,
        "dmean2": 1.12685155869,
        "dvar": 0.54793971777,
        "dvar2": 1.42301642895,
        "max": 7.36975336075,
        "mean": 1.63697481155,
        "median": 1.41367208958,
        "min": -0.281076669693,
        "var": 1.07152307034
    },
    "barkbands_spread": {
        "dmean": 6.39051675797,
        "dmean2": 9.80210208893,
        "dvar": 46.1086769104,
        "dvar2": 116.443031311,
        "max": 81.3422775269,
        "mean": 17.8367004395,
        "median": 15.126739502,
        "min": 1.57300138474,
        "var": 114.660835266
    },
    "dissonance": {
        "dmean": 0.0270525086671,
        "dmean2": 0.0427287258208,
        "dvar": 0.000694376416504,
        "dvar2": 0.00166591501329,
        "max": 0.500000059605,
        "mean": 0.444770693779,
        "median": 0.453468322754,
        "min": 0.170492485166,
        "var": 0.00171494239476
    },
    "dynamic_complexity": 1.75454282761,
    "erbbands_crest": {
        "dmean": 2.74171304703,
        "dmean2": 4.33341789246,
        "dvar": 7.41568040848,
        "dvar2": 17.1599826813,
        "max": 29.6130084991,
        "mean": 9.08430862427,
        "median": 8.46797657013,
        "min": 2.11104130745,
        "var": 16.0913028717
    },
    "erbbands_flatness_db": {
        "dmean": 0.0218905229121,
        "dmean2": 0.029169196263,
        "dvar": 0.00052688701544,
        "dvar2": 0.000908897200134,
        "max": 0.320629924536,
        "mean": 0.194761663675,
        "median": 0.19431489706,
        "min": 0.10923473537,
        "var": 0.00199549621902
    },
    "erbbands_kurtosis": {
        "dmean": 1.22847223282,
        "dmean2": 1.93093264103,
        "dvar": 2.55480933189,
        "dvar2": 6.18619441986,
        "max": 15.7539634705,
        "mean": 1.12630784512,
        "median": 0.537402391434,
        "min": -1.68439567089,
        "var": 4.69567346573
    },
    "erbbands_skewness": {
        "dmean": 0.398884654045,
        "dmean2": 0.594368994236,
        "dvar": 0.143849119544,
        "dvar2": 0.339574426413,
        "max": 3.37919950485,
        "mean": 0.655963480473,
        "median": 0.612010955811,
        "min": -1.00521337986,
        "var": 0.394411861897
    },
    "erbbands_spread": {
        "dmean": 9.93776607513,
        "dmean2": 13.9530572891,
        "dvar": 125.301261902,
        "dvar2": 238.924163818,
        "max": 115.287490845,
        "mean": 33.4666252136,
        "median": 28.2105712891,
        "min": 6.36066675186,
        "var": 395.027038574
    },
    "hfc": {
        "dmean": 9.49215984344,
        "dmean2": 13.998213768,
        "dvar": 147.91418457,
        "dvar2": 368.12512207,
        "max": 99.7615814209,
        "mean": 24.0268592834,
        "median": 19.9568080902,
        "min": 0.000345383712556,
        "var": 276.759063721
    },
    "melbands_crest": {
        "dmean": 4.29809379578,
        "dmean2": 7.24561786652,
        "dvar": 16.550491333,
        "dvar2": 46.9996376038,
        "max": 32.3976707458,
        "mean": 16.4744224548,
        "median": 16.0422039032,
        "min": 4.43995523453,
        "var": 36.0163383484
    },
    "melbands_flatness_db": {
        "dmean": 0.0453298911452,
        "dmean2": 0.0663061514497,
        "dvar": 0.00216311495751,
        "dvar2": 0.0053552868776,
        "max": 0.520717799664,
        "mean": 0.224057629704,
        "median": 0.212456926703,
        "min": 0.0693462789059,
        "var": 0.00591945601627
    },
    "melbands_kurtosis": {
        "dmean": 10.042427063,
        "dmean2": 16.945400238,
        "dvar": 314.753692627,
        "dvar2": 858.936401367,
        "max": 186.159133911,
        "mean": 12.8455038071,
        "median": 6.77293205261,
        "min": -0.578540563583,
        "var": 326.28036499
    },
    "melbands_skewness": {
        "dmean": 0.989045381546,
        "dmean2": 1.56106722355,
        "dvar": 1.41137671471,
        "dvar2": 3.52378249168,
        "max": 11.1417360306,
        "mean": 2.50987505913,
        "median": 2.15496015549,
        "min": -0.355758786201,
        "var": 2.64434814453
    },
    "melbands_spread": {
        "dmean": 6.75216579437,
        "dmean2": 10.6870651245,
        "dvar": 50.3203773499,
        "dvar2": 125.055557251,
        "max": 90.3912963867,
        "mean": 17.8473434448,
        "median": 15.7059793472,
        "min": 1.4161452055,
        "var": 109.605041504
    },
    "pitch_salience": {
        "dmean": 0.0934831425548,
        "dmean2": 0.156213238835,
        "dvar": 0.00927898474038,
        "dvar2": 0.0253277309239,
        "max": 0.854077935219,
        "mean": 0.511302292347,
        "median": 0.505078315735,
        "min": 0.139275893569,
        "var": 0.0159792471677
    },
    "silence_rate_20dB": {
        "dmean": 0,
        "dmean2": 0,
        "dvar": 0,
        "dvar2": 0,
        "max": 1,
        "mean": 1,
        "median": 1,
        "min": 1,
        "var": 0
    },
    "silence_rate_30dB": {
        "dmean": 0.0697674453259,
        "dmean2": 0.139643132687,
        "dvar": 0.0649000257254,
        "dvar2": 0.168242797256,
        "max": 1,
        "mean": 0.954298973083,
        "median": 1,
        "min": 0,
        "var": 0.0436131991446
    },
    "silence_rate_60dB": {
        "dmean": 0.00310077518225,
        "dmean2": 0.00620636157691,
        "dvar": 0.00309111038223,
        "dvar2": 0.00771947996691,
        "max": 1,
        "mean": 0.0178156476468,
        "median": 0,
        "min": 0,
        "var": 0.0174984205514
    },
    "spectral_centroid": {
        "dmean": 273.343383789,
        "dmean2": 406.874359131,
        "dvar": 76843.5625,
        "dvar2": 193488.359375,
        "max": 2958.20385742,
        "mean": 1049.92712402,
        "median": 986.553955078,
        "min": 275.677520752,
        "var": 202586.21875
    },
    "spectral_complexity": {
        "dmean": 5.26976728439,
        "dmean2": 7.80605125427,
        "dvar": 36.2838134766,
        "dvar2": 77.4225387573,
        "max": 54,
        "mean": 19.7436103821,
        "median": 18,
        "min": 0,
        "var": 87.1016235352
    },
    "spectral_decrease": {
        "dmean": 4.60897098264e-09,
        "dmean2": 7.29942017941e-09,
        "dvar": 4.6640254584e-17,
        "dvar2": 1.15283341408e-16,
        "max": -1.48979176977e-13,
        "mean": -1.12282352305e-08,
        "median": -1.0167723552e-08,
        "min": -5.41343858629e-08,
        "var": 5.85557979253e-17
    },
    "spectral_energy": {
        "dmean": 0.0178981777281,
        "dmean2": 0.0281423646957,
        "dvar": 0.000682919053361,
        "dvar2": 0.00167088198941,
        "max": 0.210504576564,
        "mean": 0.044557262212,
        "median": 0.0405672937632,
        "min": 5.93608433519e-07,
        "var": 0.000880167586729
    },
    "spectral_energyband_high": {
        "dmean": 0.000555534439627,
        "dmean2": 0.000814891478512,
        "dvar": 8.61707462718e-07,
        "dvar2": 1.97685199055e-06,
        "max": 0.013876025565,
        "mean": 0.000880665204022,
        "median": 0.000450700783404,
        "min": 3.81965431506e-10,
        "var": 1.43854458656e-06
    },
    "spectral_energyband_low": {
        "dmean": 0.0139996977523,
        "dmean2": 0.0235182177275,
        "dvar": 0.000725407211576,
        "dvar2": 0.00191589363385,
        "max": 0.164742335677,
        "mean": 0.0206552073359,
        "median": 0.015475823544,
        "min": 1.26340211182e-07,
        "var": 0.000704279867932
    },
    "spectral_energyband_middle_high": {
        "dmean": 0.00335352588445,
        "dmean2": 0.0049741929397,
        "dvar": 1.67648177012e-05,
        "dvar2": 4.15423201048e-05,
        "max": 0.0420108735561,
        "mean": 0.00697433855385,
        "median": 0.00477661006153,
        "min": 1.15276954205e-07,
        "var": 4.27442937507e-05
    },
    "spectral_energyband_middle_low": {
        "dmean": 0.00688432715833,
        "dmean2": 0.0112878028303,
        "dvar": 8.07757169241e-05,
        "dvar2": 0.000217513879761,
        "max": 0.0764425769448,
        "mean": 0.0165552366525,
        "median": 0.014138747938,
        "min": 3.81180342401e-07,
        "var": 0.000113703099487
    },
    "spectral_entropy": {
        "dmean": 0.270710021257,
        "dmean2": 0.36185374856,
        "dvar": 0.089656740427,
        "dvar2": 0.177736148238,
        "max": 8.47425079346,
        "mean": 7.32076883316,
        "median": 7.35141563416,
        "min": 5.79343080521,
        "var": 0.27670237422
    },
    "spectral_flux": {
        "dmean": 0.0395413227379,
        "dmean2": 0.0559565909207,
        "dvar": 0.00214667548425,
        "dvar2": 0.00410650810227,
        "max": 0.398247778416,
        "mean": 0.108182713389,
        "median": 0.090922087431,
        "min": 0.000770459882915,
        "var": 0.00469507696107
    },
    "spectral_kurtosis": {
        "dmean": 3.39695858955,
        "dmean2": 5.21352386475,
        "dvar": 34.8669509888,
        "dvar2": 67.2590789795,
        "max": 60.5746612549,
        "mean": 5.92199277878,
        "median": 3.17959403992,
        "min": -1.24274015427,
        "var": 69.7224807739
    },
    "spectral_rms": {
        "dmean": 0.00119148613885,
        "dmean2": 0.00180440582335,
        "dvar": 1.94374570128e-06,
        "dvar2": 4.44248462372e-06,
        "max": 0.0143307475373,
        "mean": 0.00626225629821,
        "median": 0.00629109283909,
        "min": 2.40651243075e-05,
        "var": 4.25469761467e-06
    },
    "spectral_rolloff": {
        "dmean": 422.834747314,
        "dmean2": 718.748596191,
        "dvar": 472255.5,
        "dvar2": 1182392.25,
        "max": 8204.15039062,
        "mean": 980.786193848,
        "median": 796.728515625,
        "min": 86.1328125,
        "var": 711099.5625
    },
    "spectral_skewness": {
        "dmean": 0.403210699558,
        "dmean2": 0.586789369583,
        "dvar": 0.298440873623,
        "dvar2": 0.540525317192,
        "max": 5.78252649307,
        "mean": 1.75854873657,
        "median": 1.53771913052,
        "min": 0.143759950995,
        "var": 0.790327787399
    },
    "spectral_spread": {
        "dmean": 649153.3125,
        "dmean2": 907999.625,
        "dvar": 524903677952,
        "dvar2": 878188691456,
        "max": 11803602,
        "mean": 4167762.5,
        "median": 4150449.25,
        "min": 1078650.25,
        "var": 2.3340187648e+12
    },
    "spectral_strongpeak": {
        "dmean": 0.476475715637,
        "dmean2": 0.813013017178,
        "dvar": 0.609293878078,
        "dvar2": 1.68052697182,
        "max": 10.9176282883,
        "mean": 0.884591460228,
        "median": 0.427784651518,
        "min": 0,
        "var": 1.05887210369
    },
    "zerocrossingrate": {
        "dmean": 0.010356862098,
        "dmean2": 0.0117176137865,
        "dvar": 0.000101483754406,
        "dvar2": 0.000122720506624,
        "max": 0.20068359375,
        "mean": 0.0461488179862,
        "median": 0.04248046875,
        "min": 0.00244140625,
        "var": 0.000656974734738
    },
    "barkbands": {
        "dmean": [0.0010924221715, 0.00888529419899, 0.00508173322305, 0.000973805552348, 0.00183736369945, 0.00352070829831, 0.00144080573227, 0.000401610130211, 0.0011410076404, 0.000981791759841, 0.000719117524568, 0.000841349945404, 0.000654199335258, 0.000480305257952, 0.000456927402411, 0.000285239657387, 0.000223838636884, 0.000169215418282, 0.000222133021452, 0.000164993427461, 0.000136305490742, 0.000104280727101, 0.000132183660753, 0.000121618541016, 4.25226098741e-05, 3.89910645993e-08, 2.27807928077e-09],
        "dmean2": [0.00179197697435, 0.0149698443711, 0.00913805980235, 0.00182390084956, 0.00321454415098, 0.0055953678675, 0.00233237282373, 0.000678080774378, 0.00183492153883, 0.00148835335858, 0.00100797007326, 0.00132302567363, 0.000981435412541, 0.000750814389903, 0.000742904376239, 0.000473285123007, 0.000370569905499, 0.000289759482257, 0.000350019457983, 0.000272337347269, 0.000217283712118, 0.000159387636813, 0.000205816948437, 0.000175206791027, 6.26656401437e-05, 6.14954487332e-08, 4.30053503919e-09],
        "dvar": [3.87676163882e-06, 0.000237652173382, 0.000169309976627, 7.1425238275e-06, 1.61618627317e-05, 2.67037521553e-05, 7.14298266757e-06, 6.13171891928e-07, 4.74628404845e-06, 2.55515760728e-06, 2.61071818386e-06, 2.65197286353e-06, 1.77105539478e-06, 5.86845260386e-07, 5.8571572481e-07, 1.94436424295e-07, 1.45050236711e-07, 9.84481260957e-08, 2.92408998348e-07, 1.14034946819e-07, 5.61720554515e-08, 3.17010773188e-08, 5.84501407275e-08, 4.75695287605e-08, 6.18969542288e-09, 7.36842685256e-15, 4.55056936558e-17],
        "dvar2": [9.80288587016e-06, 0.000618997728452, 0.000459017115645, 2.0734316422e-05, 4.56141497125e-05, 6.46299886284e-05, 1.76535813807e-05, 1.58305454079e-06, 1.18455600386e-05, 6.17820842308e-06, 5.84039435125e-06, 6.29139958619e-06, 4.4411494855e-06, 1.39298026625e-06, 1.47902380832e-06, 4.87520139814e-07, 3.67130752466e-07, 2.54228837093e-07, 5.55351846288e-07, 2.88627973077e-07, 1.37398458833e-07, 7.33975724643e-08, 1.36395470918e-07, 9.46183860151e-08, 1.13786020606e-08, 1.75550170239e-14, 1.3488888512e-16],
        "max": [0.0225629545748, 0.102974660695, 0.0778504759073, 0.0199226737022, 0.0348384715617, 0.0637960359454, 0.0507226958871, 0.00922699365765, 0.0383533015847, 0.0203741975129, 0.0318331420422, 0.0291803199798, 0.0286672823131, 0.0104040130973, 0.00999100040644, 0.0046361819841, 0.00461446028203, 0.00507288519293, 0.0134188029915, 0.00504392199218, 0.00239280238748, 0.00138602824882, 0.00259484839626, 0.0034007653594, 0.00144174636807, 1.18181742437e-06, 1.09791805869e-07],
        "mean": [0.0027332061436, 0.0139367198572, 0.00391341419891, 0.000983081874438, 0.00273622502573, 0.00624970346689, 0.0029425767716, 0.000595185556449, 0.0020279600285, 0.00187212182209, 0.00117823074106, 0.00122088554781, 0.000848368625157, 0.000645987747703, 0.000560846470762, 0.000318746315315, 0.000286057824269, 0.000203144314582, 0.00031343876617, 0.000219582725549, 0.000178471716936, 0.000134617424919, 0.000191658153199, 0.000192316132598, 7.46765290387e-05, 5.74942902176e-08, 1.66155456061e-09],
        "median": [0.000320234277751, 0.0101591842249, 0.000913444440812, 0.000434385729022, 0.00189012207557, 0.00386952841654, 0.00170114042703, 0.000357105745934, 0.00112773198634, 0.00120732444339, 0.000369313289411, 0.000501693866681, 0.00029663159512, 0.00030042452272, 0.000262919464149, 0.000109430038719, 0.000118282165204, 8.76004705788e-05, 0.000107566054794, 9.09672744456e-05, 6.60695732222e-05, 3.03992546833e-05, 6.89731095918e-05, 7.42715637898e-05, 2.43312679231e-05, 1.78543597684e-08, 5.76216740988e-10],
        "min": [2.52973597625e-09, 5.94836855328e-08, 4.81575099798e-08, 1.47753329571e-08, 3.77067266299e-08, 3.37515260185e-08, 2.36490791394e-08, 2.11287947138e-08, 1.72730324266e-07, 1.00856162533e-07, 7.82434028679e-09, 4.74559147534e-09, 3.98597688189e-09, 3.9320937617e-08, 2.80604695035e-09, 5.64109592371e-10, 9.97045002116e-10, 6.37357458477e-11, 1.71289538109e-10, 1.40299008522e-10, 7.4102987635e-11, 6.14443010361e-11, 5.20624168776e-11, 5.98976285238e-11, 3.51163438606e-11, 9.70492870095e-12, 1.3066527027e-11],
        "var": [2.12763570744e-05, 0.000273319048574, 0.000111314860987, 4.249662652e-06, 1.33797466333e-05, 5.49163123651e-05, 1.41825494211e-05, 7.11131633579e-07, 7.78500361776e-06, 5.12920860274e-06, 5.14259045303e-06, 5.05702928422e-06, 2.55752843259e-06, 1.02611181774e-06, 7.73942758769e-07, 2.52472744933e-07, 1.82192863463e-07, 1.13055406814e-07, 5.38108110959e-07, 1.58914360782e-07, 7.23606135011e-08, 4.8561876298e-08, 9.70081046603e-08, 9.71325206933e-08, 1.86691710979e-08, 1.35921454281e-14, 2.59285751792e-17]
    },
    "erbbands": {
        "dmean": [0.24651761353, 2.11033391953, 6.59970617294, 3.57654500008, 4.85413551331, 6.37565088272, 12.6373205185, 32.7182846069, 27.1927471161, 13.449131012, 9.94441413879, 24.8193054199, 35.6378898621, 23.9902877808, 30.0335330963, 30.9241733551, 29.4195804596, 24.9143886566, 23.6906471252, 17.8363018036, 16.2897338867, 11.6641960144, 8.88012218475, 10.2726545334, 10.6060590744, 7.7764172554, 6.49859714508, 4.80854797363, 3.87328457832, 3.92012286186, 3.7163631916, 2.64120936394, 1.92061412334, 0.866302073002, 0.0616039559245, 0.00269464659505, 0.000140878517414, 1.97352674149e-05, 1.10796836452e-05, 2.05075721169e-05],
        "dmean2": [0.41371396184, 3.56709003448, 11.6290559769, 6.49307012558, 8.76054096222, 11.1443166733, 19.9869403839, 52.2399024963, 43.3985939026, 21.1273212433, 16.7000274658, 39.1365852356, 54.4486351013, 37.4787940979, 41.898311615, 48.4477462769, 44.1011619568, 38.9769744873, 37.3730926514, 29.2969055176, 26.8911457062, 19.1271457672, 15.0102462769, 16.6755561829, 16.9316749573, 12.9477415085, 10.47032547, 7.59427881241, 6.1756310463, 6.15425682068, 5.70966863632, 3.72868728638, 2.84006047249, 1.27741920948, 0.0897548571229, 0.00391448615119, 0.000199864967726, 2.83648259938e-05, 1.61760854098e-05, 3.16355362884e-05],
        "dvar": [0.124395810068, 20.1697158813, 277.449066162, 86.1865386963, 136.070587158, 192.230880737, 827.237976074, 2413.72143555, 1942.49511719, 690.8984375, 389.749938965, 1946.40991211, 3836.73632812, 2713.44506836, 2841.64013672, 2716.57006836, 3027.98266602, 1364.94189453, 1689.24072266, 859.112182617, 650.375427246, 414.344055176, 284.245330811, 422.701446533, 1025.56774902, 223.643554688, 142.758026123, 85.7048492432, 47.8251037598, 58.5257339478, 40.0765228271, 20.2422008514, 13.1203689575, 2.62958073616, 0.0256307683885, 4.52358181064e-05, 7.75326967073e-08, 1.14091625036e-09, 2.16181475499e-10, 8.41051006617e-10],
        "dvar2": [0.374484449625, 51.8989448547, 739.272827148, 241.154037476, 385.679779053, 549.526062012, 1971.98388672, 6121.02001953, 4726.95166016, 1742.15576172, 1003.26098633, 4875.96191406, 9293.62792969, 7180.42822266, 5614.79394531, 7239.28222656, 7595.81152344, 3115.11645508, 4298.71240234, 2013.47521973, 1586.1607666, 1038.91479492, 734.34362793, 1014.67590332, 2063.58642578, 563.167907715, 331.751647949, 214.641708374, 117.937316895, 144.298156738, 86.230140686, 39.9754562378, 25.8586025238, 4.89433860779, 0.0468631312251, 8.24687667773e-05, 1.33438646799e-07, 2.01438710157e-09, 4.52998305533e-10, 1.993222698e-09],
        "max": [2.72844314575, 27.88722229, 92.4836883545, 69.239616394, 83.0655822754, 136.147506714, 663.999023438, 475.030059814, 834.544006348, 386.755615234, 269.331054688, 662.76171875, 836.998474121, 849.90234375, 909.692687988, 784.604553223, 1083.37866211, 459.897064209, 595.400939941, 521.354980469, 313.685546875, 267.388122559, 305.266967773, 430.919525146, 928.118896484, 206.66557312, 201.887115479, 71.0293273926, 53.4012756348, 79.4981918335, 81.4031143188, 71.5715942383, 57.3796730042, 28.6448383331, 3.30393218994, 0.138234212995, 0.00562860909849, 0.000625455344561, 0.000143132027006, 0.000243413480348],
        "mean": [0.483875930309, 2.7436068058, 5.42553377151, 3.4230992794, 5.63046884537, 10.1714706421, 21.5344352722, 56.7190284729, 52.8318481445, 28.945608139, 16.7294425964, 47.8327903748, 65.1186065674, 43.5288619995, 54.2320404053, 47.5450401306, 40.2104949951, 34.2073020935, 30.4921989441, 23.6192436218, 19.4382648468, 15.1973991394, 11.1545820236, 13.662604332, 15.6371517181, 10.7008152008, 9.06156635284, 5.75023126602, 4.73140144348, 4.98922586441, 5.66751909256, 4.36453676224, 2.99657082558, 1.54726946354, 0.0951396152377, 0.00428018067032, 0.000253798934864, 3.69933404727e-05, 2.94976325677e-05, 5.31698824489e-05],
        "median": [0.253384917974, 1.38079977036, 1.31900417805, 1.32890546322, 3.14978647232, 7.67159509659, 10.5617933273, 32.9300308228, 31.1087741852, 16.0246753693, 11.2194709778, 29.2692432404, 37.6052932739, 22.0845279694, 19.9352874756, 23.6522026062, 15.211730957, 16.8374099731, 12.5268030167, 12.791601181, 7.75352191925, 5.87471389771, 4.87227106094, 5.46286201477, 5.01406097412, 4.55667448044, 3.7667555809, 1.81882703304, 1.19611060619, 1.01683473587, 2.10960030556, 1.81085622311, 1.19221675396, 0.576458334923, 0.01962993294, 0.00104044482578, 0.000101227975392, 1.79664039024e-05, 2.44503080467e-05, 4.77379944641e-05],
        "min": [1.62537685355e-06, 1.3929790839e-05, 5.44180365978e-05, 5.17064654559e-05, 9.6980635135e-05, 0.000128853469505, 0.000125757505884, 0.000293838704238, 0.00046749872854, 0.000327433837811, 0.000965938321315, 0.00426995381713, 0.00456477049738, 0.000851942808367, 0.000254684098763, 0.00022741605062, 0.000298006954836, 0.00215799314901, 0.000385316438042, 0.000158437396749, 4.98179979331e-05, 3.1641953683e-05, 4.35864785686e-06, 4.61057379653e-06, 9.87359362625e-06, 6.58788712826e-06, 4.20855440098e-06, 2.85973942482e-06, 2.34629737861e-06, 1.9367432742e-06, 1.42855901686e-06, 1.61525292697e-06, 7.36406718715e-07, 5.39440463854e-07, 1.43339917713e-07, 5.15779809973e-08, 2.76091558504e-08, 1.0127899408e-08, 3.54404150471e-09, 9.75406644343e-10],
        "var": [0.305617630482, 17.9606170654, 192.23979187, 54.4517822266, 91.1534957886, 158.907943726, 1404.23974609, 4845.46533203, 3962.44042969, 1381.79553223, 483.95690918, 3394.86914062, 7165.14941406, 4325.90478516, 7651.8046875, 5065.5234375, 4632.13378906, 2388.33862305, 2399.14648438, 1227.35974121, 846.821838379, 534.000793457, 311.764709473, 630.215515137, 1892.40258789, 312.199157715, 197.175201416, 97.3526153564, 60.8727493286, 82.7489929199, 78.5005340576, 45.1940345764, 25.7712249756, 7.62932157516, 0.065978884697, 0.000119325173728, 2.29370911597e-07, 3.27127702704e-09, 4.23042018083e-10, 1.17023535307e-09]
    },
    "gfcc": {
        "mean": [-4.35159301758, 134.369491577, -138.009094238, 39.8055419922, -79.5271835327, 26.0088691711, -34.4558563232, 0.935467064381, -6.59647226334, -12.7230434418, 14.3559513092, -15.859380722, 14.2549848557],
        "cov": [[4001.50585938, -1321.10791016, -512.212219238, 729.799926758, -210.232070923, 318.796966553, -341.167358398, 205.223983765, -178.844833374, 94.3592987061, -20.4987926483, 34.2900619507, -43.4756164551], [-1321.10791016, 1555.66638184, 371.423309326, -258.917236328, 521.93347168, -155.756103516, 508.916564941, -72.2093582153, 373.968963623, -46.8776664734, 128.404205322, -45.272731781, 9.61116313934], [-512.212219238, 371.423309326, 693.890319824, 159.947418213, 95.3176269531, 35.4831886292, 172.76612854, 93.930557251, 155.64553833, 57.2075996399, 21.9275169373, 34.2238006592, 14.6942615509], [729.799926758, -258.917236328, 159.947418213, 622.585998535, 79.7962722778, 109.395469666, 12.1227579117, 87.6545257568, 99.0202178955, 33.4277076721, -9.49660015106, 40.8942489624, -16.9853076935], [-210.232070923, 521.93347168, 95.3176269531, 79.7962722778, 411.864868164, 38.0648880005, 204.76776123, 20.4679527283, 171.565032959, 15.9860162735, 53.8815536499, -3.78592300415, 4.16662836075], [318.796966553, -155.756103516, 35.4831886292, 109.395469666, 38.0648880005, 257.389160156, 28.3903675079, 14.2906417847, 27.8372840881, 37.5216522217, 2.23681282997, 11.4990320206, -15.6200551987], [-341.167358398, 508.916564941, 172.76612854, 12.1227579117, 204.76776123, 28.3903675079, 279.181213379, 7.12028503418, 154.824676514, 16.4122600555, 58.9516334534, -19.2586898804, -4.16173171997], [205.223983765, -72.2093582153, 93.930557251, 87.6545257568, 20.4679527283, 14.2906417847, 7.12028503418, 157.445053101, -4.71159887314, 44.3942184448, 17.1442241669, 7.12321186066, 17.4706516266], [-178.844833374, 373.968963623, 155.64553833, 99.0202178955, 171.565032959, 27.8372840881, 154.824676514, -4.71159887314, 220.962982178, 4.90652894974, 25.8295783997, 27.7367515564, -10.2895689011], [94.3592987061, -46.8776664734, 57.2075996399, 33.4277076721, 15.9860162735, 37.5216522217, 16.4122600555, 44.3942184448, 4.90652894974, 90.6479492188, 39.1524963379, 9.19908905029, 16.1946239471], [-20.4987926483, 128.404205322, 21.9275169373, -9.49660015106, 53.8815536499, 2.23681282997, 58.9516334534, 17.1442241669, 25.8295783997, 39.1524963379, 101.43637085, 6.34077167511, 20.7246303558], [34.2900619507, -45.272731781, 34.2238006592, 40.8942489624, -3.78592300415, 11.4990320206, -19.2586898804, 7.12321186066, 27.7367515564, 9.19908905029, 6.34077167511, 77.2835769653, 17.4580841064], [-43.4756164551, 9.61116313934, 14.6942615509, -16.9853076935, 4.16662836075, -15.6200551987, -4.16173171997, 17.4706516266, -10.2895689011, 16.1946239471, 20.7246303558, 17.4580841064, 52.3606300354]],
        "icov": [[0.000580411811825, -0.000405845610658, 0.000740097544622, -0.000883818254806, 0.000486403965624, -0.000713065324817, 0.000595548772253, -0.00079343712423, 0.000365429732483, -0.000530674529728, -3.13047421514e-05, -0.000165571560501, 0.000426206097472], [-0.000405845610658, 0.0109255257994, -0.00411222781986, 0.00601087184623, -0.00704203685746, 0.00640949839726, -0.00801178719848, 0.00359915196896, -0.00847304426134, 0.00739926006645, -0.00539987068623, 0.0046415021643, -0.0019676333759], [0.000740097544622, -0.00411222781986, 0.00436880253255, -0.0032131744083, 0.00350307114422, -0.00275351898745, 0.00188238779083, -0.00302362046205, 0.00225035706535, -0.00396254425868, 0.00272133504041, -0.00232018786483, 0.000523549737409], [-0.000883818254806, 0.00601087184623, -0.0032131744083, 0.00628988817334, -0.00443267822266, 0.0033877408132, -0.00383648066781, 0.00162120722234, -0.00580140203238, 0.00428238604218, -0.00245935982093, 0.00208262912929, -0.000563094450627], [0.000486403965624, -0.00704203685746, 0.00350307114422, -0.00443267822266, 0.00920217018574, -0.00455327006057, 0.00302772200666, -0.00323117035441, 0.00310737011023, -0.00467551732436, 0.00296552409418, -0.00219496642239, 0.000118458410725], [-0.000713065324817, 0.00640949839726, -0.00275351898745, 0.0033877408132, -0.00455327006057, 0.00885259825736, -0.00564380316064, 0.0030402415432, -0.00455429730937, 0.00217976910062, -0.00222239200957, 0.0017442626413, 0.000372233771486], [0.000595548772253, -0.00801178719848, 0.00188238779083, -0.00383648066781, 0.00302772200666, -0.00564380316064, 0.0156117118895, -0.00289848167449, 0.00183989445213, -0.00483157485723, 0.000384918123018, 0.000838561856654, 0.00189968757331], [-0.00079343712423, 0.00359915196896, -0.00302362046205, 0.00162120722234, -0.00323117035441, 0.0030402415432, -0.00289848167449, 0.0106669683009, -0.00111009809189, -0.000380270881578, -0.0015174933942, 0.00179660832509, -0.00266937818378], [0.000365429732483, -0.00847304426134, 0.00225035706535, -0.00580140203238, 0.00310737011023, -0.00455429730937, 0.00183989445213, -0.00111009809189, 0.0179568603635, -0.00530340382829, 0.00442044902593, -0.00888549722731, 0.00463801482692], [-0.000530674529728, 0.00739926006645, -0.00396254425868, 0.00428238604218, -0.00467551732436, 0.00217976910062, -0.00483157485723, -0.000380270881578, -0.00530340382829, 0.0220447275788, -0.00951173622161, 0.00323333195411, -0.00370610249229], [-3.13047421514e-05, -0.00539987068623, 0.00272133504041, -0.00245935982093, 0.00296552409418, -0.00222239200957, 0.000384918123018, -0.0015174933942, 0.00442044902593, -0.00951173622161, 0.0177542176098, -0.00357874343172, -0.00298177567311], [-0.000165571560501, 0.0046415021643, -0.00232018786483, 0.00208262912929, -0.00219496642239, 0.0017442626413, 0.000838561856654, 0.00179660832509, -0.00888549722731, 0.00323333195411, -0.00357874343172, 0.0201354082674, -0.00754375988618], [0.000426206097472, -0.0019676333759, 0.000523549737409, -0.000563094450627, 0.000118458410725, 0.000372233771486, 0.00189968757331, -0.00266937818378, 0.00463801482692, -0.00370610249229, -0.00298177567311, -0.00754375988618, 0.0263801962137]]
    },
    "melbands": {
        "dmean": [0.00218510394916, 0.00326227885671, 0.000659170909785, 0.000416664086515, 0.000397648836952, 0.000722062890418, 0.000390114932088, 0.000128950006911, 9.78992175078e-05, 0.00016056127788, 0.000177804598934, 9.74227077677e-05, 0.000106193459942, 9.78547686827e-05, 7.86395394243e-05, 5.23868693563e-05, 4.87456673e-05, 3.9268474211e-05, 3.18382553814e-05, 1.95720695046e-05, 1.90795453818e-05, 1.2307700672e-05, 1.17494764709e-05, 7.73391548137e-06, 8.60609543452e-06, 9.41285725276e-06, 5.9423350649e-06, 5.12696533406e-06, 4.90867887493e-06, 2.62027015197e-06, 3.07023742607e-06, 2.28320664064e-06, 1.90024172753e-06, 2.43785507337e-06, 2.272823167e-06, 1.95408006221e-06, 1.52159486788e-06, 1.43083207149e-06, 1.29753664169e-06, 6.0064274976e-07],
        "dmean2": [0.00368484668434, 0.00561432912946, 0.00118739937898, 0.00073084817268, 0.000635938718915, 0.0011503425194, 0.000622941413894, 0.000201977134566, 0.000161466668942, 0.000256180821452, 0.000270380114671, 0.000153257249622, 0.000149231214891, 0.000146033838973, 0.00012420405983, 7.86785312812e-05, 7.64098804211e-05, 6.12335716141e-05, 5.23486123711e-05, 3.16923797072e-05, 3.14061690005e-05, 1.96791734197e-05, 2.03084164241e-05, 1.3161273273e-05, 1.39711564771e-05, 1.47157161337e-05, 9.98095492832e-06, 8.54112931847e-06, 8.0909630924e-06, 4.04237289331e-06, 4.97948121847e-06, 3.73683383259e-06, 2.94106416732e-06, 3.918958555e-06, 3.56688678949e-06, 2.84526731775e-06, 2.17784577217e-06, 2.14636042983e-06, 1.91634694602e-06, 9.04789658307e-07],
        "dvar": [9.93319099507e-06, 6.32738447166e-05, 2.80269136965e-06, 8.96017695595e-07, 6.99028589679e-07, 1.08216806893e-06, 3.91131379729e-07, 6.0226433618e-08, 3.28339524458e-08, 9.09791353365e-08, 9.4364132508e-08, 4.70214693848e-08, 4.13473166816e-08, 3.69493911023e-08, 3.31694280931e-08, 9.29524812676e-09, 5.2269437667e-09, 5.03299135701e-09, 3.08660008663e-09, 8.49729009378e-10, 9.79101133503e-10, 5.30381683017e-10, 4.66276572908e-10, 2.16727261138e-10, 3.37077338264e-10, 5.83098236362e-10, 2.4880203453e-10, 1.04200828521e-10, 9.92126311661e-11, 1.81393233767e-11, 4.36890974786e-11, 1.68264204653e-11, 1.15367541909e-11, 2.69300328565e-11, 1.54941025288e-11, 1.07183853806e-11, 7.14810242247e-12, 6.92165899249e-12, 6.23102524439e-12, 1.82097089144e-12],
        "dvar2": [2.74604208244e-05, 0.000166039273608, 7.77173045208e-06, 2.55213876699e-06, 1.71088413481e-06, 2.69896054306e-06, 9.54194888436e-07, 1.52533687015e-07, 8.19276166908e-08, 2.28594359442e-07, 2.28553957982e-07, 1.22302182604e-07, 8.37465350401e-08, 7.90270888729e-08, 9.91366206904e-08, 2.34356942741e-08, 1.18999148313e-08, 1.27796084826e-08, 7.62754304162e-09, 2.10821249347e-09, 2.32161267988e-09, 1.34081845626e-09, 1.25561261388e-09, 5.60797963622e-10, 8.14240563862e-10, 1.10673059606e-09, 6.54466925099e-10, 2.5674029569e-10, 2.32163538394e-10, 4.0805601953e-11, 1.12087672477e-10, 4.13620492024e-11, 2.63348631097e-11, 7.07216507578e-11, 3.46611940538e-11, 2.12461125082e-11, 1.46767788894e-11, 1.40704644117e-11, 1.31667662884e-11, 3.68843497411e-12],
        "max": [0.0216484162956, 0.0467493906617, 0.01269133389, 0.00782498624176, 0.0182524304837, 0.0104297110811, 0.0116357784718, 0.00351129798219, 0.00304484996013, 0.00462540471926, 0.00407918868586, 0.00315407477319, 0.00299504771829, 0.00384245533496, 0.00390813220292, 0.00160125549883, 0.00101938040461, 0.00112821045332, 0.000853702134918, 0.000392081739847, 0.0004112017632, 0.000319111335557, 0.000299649080262, 0.000185460754437, 0.000392485322664, 0.000591863703448, 0.000361412385246, 0.000178040456376, 0.000175825771294, 4.52144522569e-05, 5.31881087227e-05, 3.86561296182e-05, 3.73989932996e-05, 5.1812716265e-05, 4.47390266345e-05, 6.84630213073e-05, 3.79621669708e-05, 3.50373084075e-05, 4.62117095594e-05, 2.93659795716e-05],
        "mean": [0.00418623257428, 0.00320737599395, 0.000657296797726, 0.000600924540777, 0.000698191812262, 0.00127881241497, 0.000775997468736, 0.000263501424342, 0.00016571773449, 0.000300397747196, 0.000318054604577, 0.000168626007508, 0.00018583718338, 0.00015078119759, 0.000103371268779, 6.96689894539e-05, 6.44130632281e-05, 4.88639707328e-05, 3.82065118174e-05, 2.41879151872e-05, 2.23801507673e-05, 1.55341549544e-05, 1.33433641167e-05, 9.30435362534e-06, 1.09170268843e-05, 1.26962222566e-05, 8.62948309077e-06, 6.62353932057e-06, 6.40119287709e-06, 3.60604030902e-06, 3.31209071192e-06, 2.71484464065e-06, 2.45392061515e-06, 2.88412638838e-06, 3.24481447933e-06, 3.16903287967e-06, 2.45541696131e-06, 2.07334051083e-06, 2.09630979953e-06, 9.94967649603e-07],
        "median": [0.00297541730106, 0.00117711059283, 0.000268634234089, 0.000412295514252, 0.000357641692972, 0.000771987892222, 0.000476616609376, 0.000152042150148, 9.62518097367e-05, 0.000174257322215, 0.000176037065103, 8.12985454104e-05, 6.37288612779e-05, 6.26510227448e-05, 4.98419394717e-05, 2.75732782029e-05, 3.07779955619e-05, 1.80522874871e-05, 1.71826995938e-05, 1.10102964754e-05, 8.46293914947e-06, 5.88674947721e-06, 5.46007959201e-06, 3.28102100866e-06, 4.12606095779e-06, 3.80337269235e-06, 2.63415131485e-06, 2.78330435322e-06, 2.40335862145e-06, 1.36589937938e-06, 7.41448104691e-07, 6.7173982643e-07, 5.0372818805e-07, 5.51486664335e-07, 1.16310945941e-06, 1.27724626964e-06, 9.91981778498e-07, 6.82120514739e-07, 9.23036509448e-07, 2.5033986617e-07],
        "min": [1.6334256614e-08, 2.56327794546e-08, 1.04010204893e-08, 8.7372411528e-09, 4.47652759306e-09, 7.20502413287e-09, 6.61146781766e-09, 4.10404776829e-09, 1.18266800797e-08, 2.62660719841e-08, 2.15811564175e-08, 3.13789372264e-09, 9.98140903263e-10, 5.57037194149e-10, 4.79031203593e-10, 6.19851003858e-10, 4.0436414217e-09, 5.86127812952e-10, 1.71177669261e-10, 1.2588456666e-10, 6.33012947615e-11, 4.83634347848e-11, 5.35968925491e-12, 1.81978369006e-12, 3.3541355457e-12, 3.21483855162e-12, 4.83783586108e-12, 4.08332005361e-12, 3.08720692239e-12, 2.24041531854e-12, 1.26686410928e-12, 1.21962195117e-12, 1.3347567409e-12, 1.08824071716e-12, 8.35120763775e-13, 7.14574287328e-13, 1.08489053244e-12, 4.50289247078e-13, 5.82100502782e-13, 3.85811960721e-13],
        "var": [1.89103593584e-05, 4.70679260616e-05, 1.81927100584e-06, 6.77761306633e-07, 1.18048728837e-06, 2.22641870096e-06, 8.28553879728e-07, 1.15334863438e-07, 4.81052850887e-08, 1.5346203952e-07, 1.79021014901e-07, 7.56068843089e-08, 1.01037890943e-07, 8.29777704325e-08, 4.51628423548e-08, 1.43977096911e-08, 9.02522234725e-09, 7.39076666534e-09, 4.1923988725e-09, 1.19664489429e-09, 1.25078980506e-09, 6.48791909086e-10, 4.64655730559e-10, 2.59925664325e-10, 4.78355688394e-10, 1.03726882639e-09, 5.17106801823e-10, 1.24458165995e-10, 1.25208815538e-10, 2.77487026412e-11, 4.38599608021e-11, 2.06473900477e-11, 1.8669824367e-11, 3.17066616018e-11, 2.69284716053e-11, 2.5447807056e-11, 1.46814106011e-11, 1.27698155869e-11, 1.2764200287e-11, 4.73473473969e-12]
    },
    "mfcc": {
        "mean": [-626.108276367, 134.180389404, 10.538310051, 5.29951715469, 0.658029019833, 2.24632048607, 2.13555145264, 1.00356638432, -4.3465051651, 6.47444963455, -6.95463085175, 3.32727694511, 0.623345971107],
        "cov": [[4479.45507812, -1731.58532715, -353.252441406, 123.828430176, 165.783065796, 76.568359375, -24.0798873901, 11.640627861, -95.0329437256, -35.2046012878, -5.99445056915, -15.2286348343, 29.9968986511], [-1731.58532715, 1896.10717773, -26.9718570709, 31.1295642853, -23.5670776367, 67.0942764282, 98.7586288452, 131.276870728, 154.476623535, 143.493408203, 130.842681885, 139.279373169, 36.8756904602], [-353.252441406, -26.9718570709, 595.921936035, 142.991744995, 11.8523893356, 49.2942466736, 6.66049385071, 63.0880279541, 75.2746963501, 53.622127533, 59.3927993774, 46.705581665, 28.3654708862], [123.828430176, 31.1295642853, 142.991744995, 450.953979492, 132.435531616, 56.9848098755, 9.00486087799, 99.9473419189, 100.535591125, 38.3819847107, 78.6221694946, 90.36693573, 17.13331604], [165.783065796, -23.5670776367, 11.8523893356, 132.435531616, 210.14289856, 79.186340332, 32.3162193298, 58.2085762024, 58.6183738708, 22.3450450897, 35.2022972107, 47.6622505188, 22.7872009277], [76.568359375, 67.0942764282, 49.2942466736, 56.9848098755, 79.186340332, 293.412872314, -0.0878860354424, 100.365859985, 61.385597229, 41.2002105713, 66.3228759766, 54.5238418579, 25.4290809631], [-24.0798873901, 98.7586288452, 6.66049385071, 9.00486087799, 32.3162193298, -0.0878860354424, 176.155685425, -8.5935459137, 5.10499429703, 85.3926849365, -5.38510084152, 12.2915697098, 37.1476745605], [11.640627861, 131.276870728, 63.0880279541, 99.9473419189, 58.2085762024, 100.365859985, -8.5935459137, 146.504699707, 73.1847076416, 22.222612381, 73.6245880127, 52.2032699585, 10.1978797913], [-95.0329437256, 154.476623535, 75.2746963501, 100.535591125, 58.6183738708, 61.385597229, 5.10499429703, 73.1847076416, 116.890113831, 32.7678604126, 57.1571388245, 47.3572235107, 7.81670999527], [-35.2046012878, 143.493408203, 53.622127533, 38.3819847107, 22.3450450897, 41.2002105713, 85.3926849365, 22.222612381, 32.7678604126, 134.555343628, 24.2543582916, 27.0115337372, 46.0773963928], [-5.99445056915, 130.842681885, 59.3927993774, 78.6221694946, 35.2022972107, 66.3228759766, -5.38510084152, 73.6245880127, 57.1571388245, 24.2543582916, 107.199432373, 48.7295722961, 14.2572250366], [-15.2286348343, 139.279373169, 46.705581665, 90.36693573, 47.6622505188, 54.5238418579, 12.2915697098, 52.2032699585, 47.3572235107, 27.0115337372, 48.7295722961, 103.253364563, 22.3857021332], [29.9968986511, 36.8756904602, 28.3654708862, 17.13331604, 22.7872009277, 25.4290809631, 37.1476745605, 10.1978797913, 7.81670999527, 46.0773963928, 14.2572250366, 22.3857021332, 72.9964599609]],
