{
"lowlevel": {
    "average_loudness": 0.955939352512,
    "barkbands_crest": {
        "dmean": 2.63274598122,
        "dmean2": 4.24224567413,
        "dvar": 7.01313877106,
        "dvar2": 18.3620910645,
        "max": 26.3565883636,
        "mean": 13.3560199738,
        "median": 13.0754528046,
        "min": 3.50078320503,
        "var": 21.1222305298
    },
    "barkbands_flatness_db": {
        "dmean": 0.0333455465734,
        "dmean2": 0.0481509417295,
        "dvar": 0.00158234348055,
        "dvar2": 0.00286181387492,
        "max": 0.683587372303,
        "mean": 0.208792448044,
        "median": 0.1780885607,
        "min": 0.0463006347418,
        "var": 0.0121285971254
    },
    "barkbands_kurtosis": {
        "dmean": 12.8821487427,
        "dmean2": 19.9916152954,
        "dvar": 752.160095215,
        "dvar2": 1704.13208008,
        "max": 451.337615967,
        "mean": 20.6636161804,
        "median": 9.96167850494,
        "min": -1.94180381298,
        "var": 1606.22937012
    },
    "barkbands_skewness": {
        "dmean": 0.978454232216,
        "dmean2": 1.49578917027,
        "dvar": 1.45754575729,
        "dvar2": 3.26827025414,
        "max": 18.7244167328,
        "mean": 3.16680192947,
        "median": 2.87675309181,
        "min": -2.76542973518,
        "var": 4.10353660583
    },
    "barkbands_spread": {
        "dmean": 5.76344585419,
        "dmean2": 8.62998771667,
        "dvar": 69.3010787964,
        "dvar2": 145.378067017,
        "max": 92.3668518066,
        "mean": 14.9536752701,
        "median": 11.5050210953,
        "min": 0.200427487493,
        "var": 179.600219727
    },
    "dissonance": {
        "dmean": 0.0212074741721,
        "dmean2": 0.0338575430214,
        "dvar": 0.000543542555533,
        "dvar2": 0.00137068645563,
        "max": 0.499945700169,
        "mean": 0.449841290712,
        "median": 0.462173521519,
        "min": 0.204664453864,
        "var": 0.00175654271152
    },
    "dynamic_complexity": 4.91945171356,
    "erbbands_crest": {
        "dmean": 2.68524026871,
        "dmean2": 4.3427863121,
        "dvar": 7.19772195816,
        "dvar2": 18.6432609558,
        "max": 26.3221302032,
        "mean": 9.09429454803,
        "median": 7.96276330948,
        "min": 2.40241098404,
        "var": 20.0241088867
    },
    "erbbands_flatness_db": {
        "dmean": 0.0215400811285,
        "dmean2": 0.0293905101717,
        "dvar": 0.000582508160733,
        "dvar2": 0.00112332729623,
        "max": 0.467841088772,
        "mean": 0.149818837643,
        "median": 0.134879499674,
        "min": 0.0602272897959,
        "var": 0.00393829494715
    },
    "erbbands_kurtosis": {
        "dmean": 2.57080483437,
        "dmean2": 4.03079843521,
        "dvar": 78.1901931763,
        "dvar2": 174.638656616,
        "max": 194.778961182,
        "mean": 2.98006534576,
        "median": -0.210547447205,
        "min": -1.91669738293,
        "var": 197.847183228
    },
    "erbbands_skewness": {
        "dmean": 0.572057008743,
        "dmean2": 0.842000186443,
        "dvar": 0.495934933424,
        "dvar2": 1.04219484329,
        "max": 10.8985509872,
        "mean": 0.714586734772,
        "median": 0.527176618576,
        "min": -4.17109632492,
        "var": 2.03099727631
    },
    "erbbands_spread": {
        "dmean": 13.0359563828,
        "dmean2": 19.3040828705,
        "dvar": 228.198379517,
        "dvar2": 503.912139893,
        "max": 196.287002563,
        "mean": 51.8235435486,
        "median": 48.0234146118,
        "min": 1.29361915588,
        "var": 820.818359375
    },
    "hfc": {
        "dmean": 4.40954303741,
        "dmean2": 5.68597412109,
        "dvar": 74.8574371338,
        "dvar2": 145.213790894,
        "max": 182.726760864,
        "mean": 11.164648056,
        "median": 6.57592630386,
        "min": 2.50487391895e-06,
        "var": 203.350662231
    },
    "melbands_crest": {
        "dmean": 2.75075316429,
        "dmean2": 4.42410039902,
        "dvar": 7.29183721542,
        "dvar2": 18.5415840149,
        "max": 29.2435951233,
        "mean": 17.2122993469,
        "median": 17.1072463989,
        "min": 4.69633388519,
        "var": 25.092338562
    },
    "melbands_flatness_db": {
        "dmean": 0.0402137339115,
        "dmean2": 0.0568995401263,
        "dvar": 0.00224331021309,
        "dvar2": 0.00403215643018,
        "max": 0.833432734013,
        "mean": 0.293886512518,
        "median": 0.266594022512,
        "min": 0.0402833148837,
        "var": 0.016356151551
    },
    "melbands_kurtosis": {
        "dmean": 26.5608711243,
        "dmean2": 41.5501174927,
        "dvar": 2549.10595703,
        "dvar2": 5454.66552734,
        "max": 1190.43334961,
        "mean": 50.0177078247,
        "median": 30.2193069458,
        "min": -1.72533202171,
        "var": 5304.43017578
    },
    "melbands_skewness": {
        "dmean": 1.30283665657,
        "dmean2": 2.01083922386,
        "dvar": 2.6405479908,
        "dvar2": 5.91042900085,
        "max": 25.4329319,
        "mean": 4.74382686615,
        "median": 4.27785682678,
        "min": -0.770209670067,
        "var": 7.7496638298
    },
    "melbands_spread": {
        "dmean": 5.44307231903,
        "dmean2": 8.41456413269,
        "dvar": 151.125045776,
        "dvar2": 299.440155029,
        "max": 201.854690552,
        "mean": 11.8931102753,
        "median": 7.83192777634,
        "min": 0.25235170126,
        "var": 269.76171875
    },
    "pitch_salience": {
        "dmean": 0.0770434886217,
        "dmean2": 0.127238243818,
        "dvar": 0.0056604812853,
        "dvar2": 0.0154597461224,
        "max": 0.812140882015,
        "mean": 0.469500690699,
        "median": 0.479065239429,
        "min": 0.0760562419891,
        "var": 0.0179593637586
    },
    "silence_rate_20dB": {
        "dmean": 0,
        "dmean2": 0,
        "dvar": 0,
        "dvar2": 0,
        "max": 1,
        "mean": 1,
        "median": 1,
        "min": 1,
        "var": 0
    },
    "silence_rate_30dB": {
        "dmean": 0.0634674951434,
        "dmean2": 0.127033308148,
        "dvar": 0.0594395138323,
        "dvar2": 0.118642039597,
        "max": 1,
        "mean": 0.930394411087,
        "median": 1,
        "min": 0,
        "var": 0.0647604316473
    },
    "silence_rate_60dB": {
        "dmean": 0.0325077399611,
        "dmean2": 0.0650658383965,
        "dvar": 0.0314509160817,
        "dvar2": 0.0670296698809,
        "max": 1,
        "mean": 0.136890947819,
        "median": 0,
        "min": 0,
        "var": 0.118150830269
    },
    "spectral_centroid": {
        "dmean": 278.174133301,
        "dmean2": 412.299926758,
        "dvar": 138222.6875,
        "dvar2": 261366.65625,
        "max": 4854.80859375,
        "mean": 928.421508789,
        "median": 766.484191895,
        "min": 97.8098754883,
        "var": 464778.28125
    },
    "spectral_complexity": {
        "dmean": 2.34984517097,
        "dmean2": 3.60340809822,
        "dvar": 8.9488401413,
        "dvar2": 19.3267879486,
        "max": 41,
        "mean": 10.4563035965,
        "median": 10,
        "min": 0,
        "var": 46.8374710083
    },
    "spectral_decrease": {
        "dmean": 4.80146811199e-09,
        "dmean2": 7.47481543328e-09,
        "dvar": 1.10212320589e-16,
        "dvar2": 2.44384119527e-16,
        "max": -1.74484149629e-15,
        "mean": -8.59109139384e-09,
        "median": -5.2783200033e-09,
        "min": -7.44897121763e-08,
        "var": 1.38417227331e-16
    },
    "spectral_energy": {
        "dmean": 0.0184193328023,
        "dmean2": 0.0285862740129,
        "dvar": 0.00160571094602,
        "dvar2": 0.00355600146577,
        "max": 0.285614043474,
        "mean": 0.0334374010563,
        "median": 0.0207906812429,
        "min": 6.81263445657e-09,
        "var": 0.00204628054053
    },
    "spectral_energyband_high": {
        "dmean": 0.000364365376299,
        "dmean2": 0.00042916656821,
        "dvar": 1.17208139727e-06,
        "dvar2": 2.26240808843e-06,
        "max": 0.0301627274603,
        "mean": 0.000646531349048,
        "median": 0.000187259181985,
        "min": 6.44325356958e-11,
        "var": 2.7164403491e-06
    },
    "spectral_energyband_low": {
        "dmean": 0.0122004244477,
        "dmean2": 0.0189398601651,
        "dvar": 0.000838018255308,
        "dvar2": 0.00186274491716,
        "max": 0.253151476383,
        "mean": 0.0215609818697,
        "median": 0.0133165149018,
        "min": 3.19024318074e-09,
        "var": 0.0010431134142
    },
    "spectral_energyband_middle_high": {
        "dmean": 0.000527799129486,
        "dmean2": 0.000781464099418,
        "dvar": 7.62392858178e-07,
        "dvar2": 1.52251277541e-06,
        "max": 0.0205004308373,
        "mean": 0.00148243026342,
        "median": 0.001023761346,
        "min": 2.17113049761e-10,
        "var": 3.15097986459e-06
    },
    "spectral_energyband_middle_low": {
        "dmean": 0.00897535588592,
        "dmean2": 0.0150945987552,
        "dvar": 0.00051233364502,
        "dvar2": 0.00126763479784,
        "max": 0.227906778455,
        "mean": 0.0116474339738,
        "median": 0.00541773671284,
        "min": 3.46298945075e-09,
        "var": 0.000472051964607
    },
    "spectral_entropy": {
        "dmean": 0.267328411341,
        "dmean2": 0.377258062363,
        "dvar": 0.111616373062,
        "dvar2": 0.210816353559,
        "max": 8.558634758,
        "mean": 7.30563783646,
        "median": 7.53166151047,
        "min": 3.61250376701,
        "var": 0.696734726429
    },
    "spectral_flux": {
        "dmean": 0.0393762663007,
        "dmean2": 0.0638417378068,
        "dvar": 0.00423038285226,
        "dvar2": 0.00996002089232,
        "max": 0.509270310402,
        "mean": 0.079709418118,
        "median": 0.0532644726336,
        "min": 0.000122241355712,
        "var": 0.0067805852741
    },
    "spectral_kurtosis": {
        "dmean": 3.02322030067,
        "dmean2": 4.51020956039,
        "dvar": 57.6389198303,
        "dvar2": 114.25831604,
        "max": 167.123260498,
        "mean": 6.24197816849,
        "median": 2.70426797867,
        "min": -0.777313709259,
        "var": 225.675216675
    },
    "spectral_rms": {
        "dmean": 0.00123578042258,
        "dmean2": 0.00183827441651,
        "dvar": 4.34279036199e-06,
        "dvar2": 8.93096876098e-06,
        "max": 0.0166927482933,
        "mean": 0.00483941473067,
        "median": 0.00450373068452,
        "min": 2.57807528214e-06,
        "var": 9.20192815101e-06
    },
    "spectral_rolloff": {
        "dmean": 333.663726807,
        "dmean2": 575.592407227,
        "dvar": 663420,
        "dvar2": 1471829.625,
        "max": 7924.21875,
        "mean": 655.222229004,
        "median": 322.998046875,
        "min": 86.1328125,
        "var": 1056083.5
    },
    "spectral_skewness": {
        "dmean": 0.363782018423,
        "dmean2": 0.514534533024,
        "dvar": 0.306954950094,
        "dvar2": 0.607077121735,
        "max": 11.5635061264,
        "mean": 1.67688131332,
        "median": 1.39899539948,
        "min": -0.353671491146,
        "var": 1.5601695776
    },
    "spectral_spread": {
        "dmean": 716332.0625,
        "dmean2": 974737.375,
        "dvar": 570406666240,
        "dvar2": 1.09687373824e+12,
        "max": 12271374,
        "mean": 5225225.5,
        "median": 5127425.5,
        "min": 780149.5,
        "var": 2.69068664832e+12
    },
    "spectral_strongpeak": {
        "dmean": 0.206154108047,
        "dmean2": 0.353754460812,
        "dvar": 0.181870505214,
        "dvar2": 0.507352113724,
        "max": 7.15104198456,
        "mean": 0.405155062675,
        "median": 0.328849971294,
        "min": 5.89411938563e-05,
        "var": 0.154974639416
    },
    "zerocrossingrate": {
        "dmean": 0.0101477084681,
        "dmean2": 0.011778508313,
        "dvar": 0.000164360608323,
        "dvar2": 0.00019606105343,
        "max": 0.24609375,
        "mean": 0.039274353534,
        "median": 0.03369140625,
        "min": 0.0029296875,
        "var": 0.000884683104232
    },
    "barkbands": {
        "dmean": [0.000228349250392, 0.00908188242465, 0.00361276511103, 0.00468150852248, 0.00393674708903, 0.00104690599255, 0.000427056715125, 0.000288930576062, 0.000206618089578, 0.000125699458295, 9.11093011382e-05, 0.000168578786543, 0.000119130345411, 0.000116908282507, 6.24212261755e-05, 3.58619217877e-05, 4.10255597671e-05, 4.12024928664e-05, 4.56631205452e-05, 6.81482633809e-05, 7.73623032728e-05, 0.000140311312862, 7.36431902624e-05, 3.28719179379e-05, 3.49278961949e-05, 8.72472173796e-06, 1.33452192586e-06],
        "dmean2": [0.000399997341447, 0.0139719890431, 0.0061740623787, 0.00800729077309, 0.00662621995434, 0.0017463339027, 0.000701461744029, 0.000448264239822, 0.000309913157253, 0.000182640767889, 0.000144178964547, 0.000266730959993, 0.000180314178579, 0.000176293993718, 0.000100899596873, 5.66824237467e-05, 6.34103707853e-05, 6.49426219752e-05, 6.78725336911e-05, 0.00010209903121, 0.000102855054138, 0.000187086581718, 9.67824380496e-05, 4.03147205361e-05, 4.49513936474e-05, 1.19308324429e-05, 2.24923519454e-06],
        "dvar": [6.74015382174e-07, 0.000487590586999, 8.63776222104e-05, 0.000135648893774, 0.000121709119412, 3.84726899938e-06, 5.40894461665e-07, 6.752092645e-07, 6.66078676659e-07, 1.13906381216e-07, 2.647479036e-08, 1.16292078189e-07, 8.85511255433e-08, 1.89077510981e-07, 2.69821818222e-08, 5.51324852438e-09, 7.16501880049e-09, 7.83401787885e-09, 1.88758875197e-08, 2.44627749169e-08, 4.48868178182e-08, 4.55025457313e-07, 3.71658792631e-08, 3.22016235899e-09, 7.83393439008e-09, 3.21105586565e-10, 1.01429940835e-11],
        "dvar2": [1.88702199466e-06, 0.00114708766341, 0.000243723785388, 0.000346165208612, 0.000312840391416, 1.0480714991e-05, 1.42094961575e-06, 1.62752587585e-06, 1.40979761909e-06, 1.87110998695e-07, 6.67552200184e-08, 2.96664012467e-07, 1.80053774557e-07, 4.66271529831e-07, 7.12630097155e-08, 1.2561558016e-08, 1.56483732638e-08, 1.98611047608e-08, 4.75954244905e-08, 5.40989724129e-08, 7.79196298595e-08, 1.00700060557e-06, 7.46556736431e-08, 5.00869878906e-09, 1.5239448814e-08, 5.75154257554e-10, 2.61352831737e-11],
        "max": [0.00906234048307, 0.20240816474, 0.0846304148436, 0.100224331021, 0.112906366587, 0.018805699423, 0.00884006358683, 0.0140227153897, 0.0182594843209, 0.0122650898993, 0.00249089859426, 0.00551428133622, 0.00660318089649, 0.0129528855905, 0.00413521099836, 0.00154213560745, 0.00132877123542, 0.0011016294593, 0.00272407522425, 0.00213284487836, 0.00498495297506, 0.0180702637881, 0.00479507027194, 0.000849135627504, 0.00173254823312, 0.000298237486277, 2.86993654299e-05],
        "mean": [0.000205332820769, 0.0147280888632, 0.00475356215611, 0.00486347591504, 0.00374050834216, 0.00147789495531, 0.000705042562913, 0.000481777533423, 0.000334719836246, 0.000197395929717, 0.000158713111887, 0.000303370325128, 0.000201200455194, 0.000188928417629, 0.000103529971966, 6.2335144321e-05, 7.00035234331e-05, 6.92365429131e-05, 7.8885066614e-05, 0.00012718331709, 0.000134901478305, 0.000203484582016, 0.000116532966786, 5.80048508709e-05, 5.82831380598e-05, 1.35931850309e-05, 1.45371359395e-06],
        "median": [2.20456968236e-05, 0.009273131378, 0.00197377149016, 0.0013583842665, 0.000920174177736, 0.000545285001863, 0.000267278170213, 6.97999348631e-05, 8.71604279382e-05, 6.12227595411e-05, 6.24124222668e-05, 8.725556836e-05, 5.04492491018e-05, 6.64804101689e-05, 5.41903900739e-05, 3.13259952236e-05, 2.49267177423e-05, 2.30243731494e-05, 2.46803210757e-05, 3.32029230776e-05, 4.30157488154e-05, 4.31086191384e-05, 3.26129556925e-05, 1.80583538167e-05, 1.18401903819e-05, 2.75139836958e-06, 5.01188601731e-08],
        "min": [4.79838183076e-11, 2.0880297491e-09, 9.30443944114e-10, 2.44369163793e-10, 1.28394156418e-10, 8.68583871494e-10, 1.39863329252e-11, 7.99063593071e-12, 3.20025013434e-11, 6.50801201124e-12, 2.93606666757e-11, 6.38399359418e-12, 1.68364298198e-11, 4.26501195472e-12, 1.74168025922e-12, 4.68526649769e-12, 1.3884837724e-11, 7.45801684299e-12, 2.03787993425e-11, 1.18899421558e-11, 1.43629890967e-11, 6.82154853437e-12, 1.08215329059e-11, 4.99619833352e-12, 4.02469897687e-12, 8.94202333707e-12, 7.53449646423e-12],
        "var": [4.62192190298e-07, 0.00054908572929, 7.32184198569e-05, 0.000120533819427, 9.73066926235e-05, 5.24521055922e-06, 1.19357957828e-06, 1.71408294136e-06, 1.25451538224e-06, 3.10925059921e-07, 6.50680718195e-08, 3.27651946463e-07, 2.18343444658e-07, 2.69824454335e-07, 3.206496757e-08, 1.12358886639e-08, 1.73362568745e-08, 1.65958482512e-08, 2.55541543481e-08, 6.21221545316e-08, 1.23131087548e-07, 7.60121622534e-07, 7.26928348627e-08, 9.55606704878e-09, 1.67877711732e-08, 7.36202265816e-10, 1.27205364298e-11]
    },
    "erbbands": {
        "dmean": [0.245411857963, 2.12491941452, 4.08902215958, 9.33518600464, 21.9823608398, 6.93537759781, 6.30342054367, 8.40373325348, 6.35665988922, 6.22829866409, 5.38858413696, 4.55021810532, 3.86426568031, 3.69229483604, 4.30279588699, 5.30070400238, 5.18592691422, 5.92342567444, 3.44608449936, 2.91105318069, 1.84752583504, 2.19924974442, 2.26590037346, 1.68244802952, 2.89607024193, 3.23730659485, 2.85528087616, 3.70938563347, 5.25935935974, 3.32480454445, 2.08925771713, 0.896866559982, 0.511449813843, 0.50625628233, 0.180141434073, 0.0385267287493, 0.0167404506356, 0.00478045269847, 0.000106436898932, 2.21218851948e-05],
        "dmean2": [0.396075904369, 3.29833674431, 6.90725898743, 16.0878410339, 37.565032959, 11.5346279144, 10.4982423782, 14.0002794266, 10.7259607315, 9.24670124054, 8.11037921906, 6.7253241539, 6.07529067993, 5.64629220963, 6.79363822937, 8.33144283295, 8.15874004364, 9.39530658722, 5.21451282501, 4.75125312805, 2.87223267555, 3.34462833405, 3.54740595818, 2.517765522, 4.34534311295, 4.83587408066, 3.70342898369, 5.17559909821, 7.15959215164, 4.30669164658, 2.77975416183, 1.14835131168, 0.639633834362, 0.662360727787, 0.238410830498, 0.052675947547, 0.023209400475, 0.00737888319418, 0.000162392985658, 3.32694362442e-05],
        "dvar": [0.456612974405, 25.7857055664, 100.777694702, 512.318786621, 4020.47216797, 290.051727295, 211.159957886, 232.834777832, 144.158843994, 144.366668701, 284.172729492, 304.663696289, 329.479980469, 44.409034729, 67.9980316162, 92.8509750366, 153.977111816, 570.929016113, 113.262313843, 22.9127788544, 16.2246990204, 20.5967979431, 25.5577964783, 18.2028541565, 63.2822341919, 58.2119789124, 47.0816040039, 204.795639038, 600.494689941, 145.109481812, 29.9675941467, 2.7985188961, 0.873989343643, 2.003480196, 0.138998031616, 0.00586226023734, 0.00136121793184, 0.000128543062601, 5.88134909663e-08, 2.17930229418e-09],
        "dvar2": [1.15014350414, 60.2365188599, 276.857269287, 1353.00024414, 10282.4814453, 737.147338867, 566.292602539, 624.968017578, 376.961578369, 325.59475708, 577.067993164, 665.283569336, 893.183105469, 100.249046326, 173.223510742, 228.020309448, 346.623718262, 1531.62927246, 261.203460693, 58.39610672, 37.187713623, 44.0639686584, 64.7954177856, 43.1823883057, 157.580276489, 128.545211792, 82.3442306519, 438.890289307, 1340.21887207, 316.7918396, 59.2541046143, 4.79431200027, 1.3719073534, 4.00721549988, 0.252552121878, 0.0106891766191, 0.00254421611317, 0.000295393227134, 1.34501917159e-07, 4.72095162962e-09],
        "max": [7.02438592911, 49.9631767273, 89.1185302734, 217.063354492, 661.647521973, 175.382843018, 131.298629761, 187.404678345, 150.713638306, 204.643508911, 415.713775635, 306.62802124, 533.271240234, 114.121078491, 116.852920532, 163.240463257, 193.802505493, 707.09552002, 263.266418457, 49.246421814, 62.685634613, 82.7223052979, 76.0827560425, 72.1983566284, 163.044906616, 115.782997131, 135.065734863, 388.679443359, 645.844055176, 274.985565186, 136.546661377, 27.357875824, 12.731926918, 29.531835556, 4.55465650558, 0.908701241016, 0.616974294186, 0.167751178145, 0.00322371255606, 0.000335926830303],
        "mean": [0.348942726851, 3.51640701294, 6.24255609512, 10.5753202438, 19.96443367, 7.96870088577, 8.36000728607, 12.3155183792, 9.73651123047, 11.9965410233, 10.0340614319, 7.46938753128, 6.23491287231, 6.72823762894, 8.35299873352, 10.1664247513, 9.72911453247, 10.2142543793, 6.00955486298, 5.30651092529, 3.48862218857, 4.11560773849, 4.07315063477, 3.10888981819, 5.12716722488, 6.09234380722, 5.26245832443, 5.73928356171, 7.41790962219, 5.09963750839, 3.26916265488, 1.54552841187, 0.892833471298, 0.822546601295, 0.299055635929, 0.0599832013249, 0.0256813708693, 0.00669954298064, 0.000157995702466, 4.24112004112e-05],
        "median": [0.129396811128, 2.18665885925, 3.22213172913, 3.59544563293, 4.16182231903, 2.84373617172, 3.41633582115, 4.52386808395, 3.969789505, 2.56708550453, 1.80623471737, 1.94462013245, 2.18020391464, 3.46554374695, 3.4455177784, 3.58176064491, 3.18489098549, 3.05233311653, 2.70659184456, 2.82903599739, 1.75380551815, 1.52262508869, 1.33635735512, 1.14726161957, 1.49194729328, 1.60303902626, 1.75765073299, 1.4466291666, 1.59208595753, 1.22751140594, 0.92947614193, 0.477558165789, 0.241006717086, 0.158179476857, 0.0675305277109, 0.0166444592178, 0.00413339724764, 0.000591405841988, 3.07609006995e-05, 2.56171206274e-05],
        "min": [4.11793088517e-08, 5.27907673131e-07, 1.23222332604e-06, 8.65715378495e-07, 6.69902419759e-07, 3.4204836652e-07, 5.36506786375e-06, 6.04247497904e-06, 5.6542052107e-07, 3.06126651139e-07, 5.75169792683e-07, 6.96103256814e-07, 4.64258647526e-07, 4.76039360819e-07, 1.10072494408e-06, 4.72653141514e-07, 1.02962758319e-06, 2.49289939802e-07, 1.43826369481e-07, 1.63366678407e-07, 3.04947832319e-07, 7.37193090572e-07, 5.18398849181e-07, 4.91266575864e-07, 1.18985610698e-06, 6.51454342915e-07, 8.5777651293e-07, 2.51243761795e-07, 2.37286144511e-07, 2.74531032574e-07, 3.22522680563e-07, 1.7398036789e-07, 5.47889875691e-08, 4.00264710265e-08, 3.30077476463e-08, 3.17050101728e-08, 1.44249359124e-08, 4.96778618242e-09, 1.00920405366e-09, 1.19001072885e-10],
        "var": [0.455093234777, 29.4592781067, 95.903678894, 447.715881348, 3187.07714844, 261.175384521, 220.661834717, 370.229187012, 240.684814453, 506.205108643, 898.312255859, 592.89251709, 533.526184082, 96.0922470093, 198.820907593, 286.49331665, 388.987884521, 764.856567383, 185.301605225, 50.2089347839, 34.0575790405, 55.427066803, 57.7042198181, 30.6304473877, 101.466041565, 146.153518677, 125.972541809, 405.944763184, 982.635131836, 277.917175293, 56.3988609314, 7.41307783127, 2.48647093773, 4.0041847229, 0.329176038504, 0.0129363052547, 0.00298258243129, 0.000216474509216, 1.01121528928e-07, 3.13818682152e-09]
    },
    "gfcc": {
        "mean": [-68.0057830811, 104.999954224, -79.92137146, 55.2977142334, -52.7277908325, 25.6255474091, -30.956817627, 1.15559315681, -19.7876148224, 3.22754859924, -11.2728376389, -1.09919583797, -8.38480758667],
        "cov": [[18801.3691406, -2098.10522461, -1713.95776367, -707.526062012, -1294.31530762, 417.657501221, -348.883911133, 274.575012207, -651.276916504, 703.538879395, -296.151641846, 450.02746582, -568.539794922], [-2098.10522461, 1500.70849609, 190.290939331, -297.244720459, 472.119781494, -88.7080078125, 254.097625732, -168.315307617, 205.063171387, -227.936752319, 184.597457886, -167.137664795, 137.479736328], [-1713.95776367, 190.290939331, 1264.59753418, 317.38684082, 299.712005615, 32.4991035461, 156.630050659, -33.6904525757, 87.5562057495, -72.7300720215, 5.5078868866, 26.6357212067, 24.5110549927], [-707.526062012, -297.244720459, 317.38684082, 688.286254883, 73.5758132935, -47.9976959229, -28.778635025, 47.6416244507, 77.8204421997, -51.4351539612, -19.7374916077, -43.3553009033, 53.8872756958], [-1294.31530762, 472.119781494, 299.712005615, 73.5758132935, 463.278961182, 45.8999176025, 129.401367188, -94.8419342041, 107.817092896, -108.480735779, 32.0540542603, -62.0624923706, 80.6239471436], [417.657501221, -88.7080078125, 32.4991035461, -47.9976959229, 45.8999176025, 275.009307861, 77.7183837891, -22.4775428772, -38.9956970215, 13.6589078903, -9.91171550751, 19.9518299103, 33.0785064697], [-348.883911133, 254.097625732, 156.630050659, -28.778635025, 129.401367188, 77.7183837891, 249.259094238, -11.3735694885, 33.1741600037, -36.9373245239, 50.3952674866, -7.0642375946, 7.89099979401], [274.575012207, -168.315307617, -33.6904525757, 47.6416244507, -94.8419342041, -22.4775428772, -11.3735694885, 146.337875366, 26.9082546234, 43.6477165222, -10.930516243, 10.2434682846, -45.107383728], [-651.276916504, 205.063171387, 87.5562057495, 77.8204421997, 107.817092896, -38.9956970215, 33.1741600037, 26.9082546234, 148.878112793, -16.7662296295, 32.2529373169, -38.0018157959, 29.4278469086], [703.538879395, -227.936752319, -72.7300720215, -51.4351539612, -108.480735779, 13.6589078903, -36.9373245239, 43.6477165222, -16.7662296295, 142.311141968, 10.1276359558, 56.1043205261, -63.5893173218], [-296.151641846, 184.597457886, 5.5078868866, -19.7374916077, 32.0540542603, -9.91171550751, 50.3952674866, -10.930516243, 32.2529373169, 10.1276359558, 121.262153625, 14.6648406982, -0.740225434303], [450.02746582, -167.137664795, 26.6357212067, -43.3553009033, -62.0624923706, 19.9518299103, -7.0642375946, 10.2434682846, -38.0018157959, 56.1043205261, 14.6648406982, 135.18737793, -21.0692672729], [-568.539794922, 137.479736328, 24.5110549927, 53.8872756958, 80.6239471436, 33.0785064697, 7.89099979401, -45.107383728, 29.4278469086, -63.5893173218, -0.740225434303, -21.0692672729, 122.636901855]],
        "icov": [[0.000103115271486, -0.000179717302672, 0.000133093199111, -0.00015274771431, 0.000142434597365, -0.00025594435283, 4.36747104686e-05, -3.22552514262e-05, 0.000239390865318, -0.000329980452079, 0.000418879964855, -0.000311442301609, 0.000401223223889], [-0.000179717302672, 0.00499933212996, -0.000771884806454, 0.00357037386857, -0.00179535080679, 0.00265585677698, -0.00178024789784, 0.00163845811039, -0.00366547307931, 0.00430655479431, -0.00573960272595, 0.00399484531954, -0.00290673179552], [0.000133093199111, -0.000771884806454, 0.00142332189716, -0.00114173395559, -0.000213858642383, -0.000610073155258, -0.000282045337372, 7.64326905482e-05, 0.000341676728567, -0.000557663850486, 0.0015496321721, -0.00169538881164, 0.00139787502121], [-0.00015274771431, 0.00357037386857, -0.00114173395559, 0.00453240564093, -0.001305673155, 0.00213455292396, -0.00068393512629, 0.000107061081508, -0.00288271810859, 0.00333014107309, -0.00414838269353, 0.00341298384592, -0.00312819611281], [0.000142434597365, -0.00179535080679, -0.000213858642383, -0.001305673155, 0.00535181444138, -0.00186240789481, -0.000383216131013, 0.00220171082765, -0.00180995545816, -2.87348684651e-05, 0.00228907819837, -0.00105881306808, 0.00135918031447], [-0.00025594435283, 0.00265585677698, -0.000610073155258, 0.00213455292396, -0.00186240789481, 0.00685505336151, -0.00290567427874, 0.000371639500372, 0.000316798919812, 8.62043889356e-05, -0.00241626915522, 0.00244426983409, -0.00490677170455], [4.36747104686e-05, -0.00178024789784, -0.000282045337372, -0.00068393512629, -0.000383216131013, -0.00290567427874, 0.00699698319659, -0.00164505827706, 0.000783410854638, 0.000597139645834, -0.000553460617084, -0.00135727261659, 0.00242058397271], [-3.22552514262e-05, 0.00163845811039, 7.64326905482e-05, 0.000107061081508, 0.00220171082765, 0.000371639500372, -0.00164505827706, 0.0118750510737, -0.00616258010268, 0.000771791499574, 0.000175698267412, 0.0004937715712, 0.0028421827592], [0.000239390865318, -0.00366547307931, 0.000341676728567, -0.00288271810859, -0.00180995545816, 0.000316798919812, 0.000783410854638, -0.00616258010268, 0.0157150812447, -0.00626871548593, 0.00165206077509, -0.000135553462314, -0.00183005467989], [-0.000329980452079, 0.00430655479431, -0.000557663850486, 0.00333014107309, -2.87348684651e-05, 8.62043889356e-05, 0.000597139645834, 0.000771791499574, -0.00626871548593, 0.0175930447876, -0.00670402869582, -0.000311137060635, 0.00306432135403], [0.000418879964855, -0.00573960272595, 0.0015496321721, -0.00414838269353, 0.00228907819837, -0.00241626915522, -0.000553460617084, 0.000175698267412, 0.00165206077509, -0.00670402869582, 0.0176702439785, -0.0067755994387, 0.0042063803412], [-0.000311442301609, 0.00399484531954, -0.00169538881164, 0.00341298384592, -0.00105881306808, 0.00244426983409, -0.00135727261659, 0.0004937715712, -0.000135553462314, -0.000311137060635, -0.0067755994387, 0.0139635391533, -0.00454799691215], [0.000401223223889, -0.00290673179552, 0.00139787502121, -0.00312819611281, 0.00135918031447, -0.00490677170455, 0.00242058397271, 0.0028421827592, -0.00183005467989, 0.00306432135403, 0.0042063803412, -0.00454799691215, 0.0169595517218]]
    },
    "melbands": {
        "dmean": [0.00242863129824, 0.00228058267385, 0.00211035832763, 0.00104238092899, 0.000205181146157, 0.00019076775061, 9.11739916774e-05, 6.72492897138e-05, 4.29150022683e-05, 2.74845660897e-05, 1.97443150682e-05, 1.5903633539e-05, 1.37942324727e-05, 1.85967910511e-05, 1.40582078529e-05, 1.20886697914e-05, 1.14778567877e-05, 6.15402814219e-06, 4.37902417616e-06, 3.18613410855e-06, 2.21009577217e-06, 2.33502009905e-06, 2.67045879809e-06, 1.77668744072e-06, 1.38292182328e-06, 2.08449318961e-06, 2.48180413109e-06, 2.2134252049e-06, 1.78764435077e-06, 2.00475301426e-06, 2.44504803959e-06, 3.02020384879e-06, 2.89317745228e-06, 1.54641122663e-06, 1.30424677991e-06, 8.75450496096e-07, 4.67665387305e-07, 3.33215496084e-07, 4.38505509237e-07, 4.32796923633e-07],
        "dmean2": [0.00380295771174, 0.00369948800653, 0.00357062416151, 0.00175896030851, 0.000337962672347, 0.000318866310408, 0.000152738706674, 0.000101430319773, 6.33510353509e-05, 4.16736984334e-05, 3.11520998366e-05, 2.39270902966e-05, 2.20154634007e-05, 2.93974862871e-05, 2.24127088586e-05, 1.82787971426e-05, 1.84921573236e-05, 9.10012204258e-06, 7.12742667019e-06, 5.00062560604e-06, 3.47108721144e-06, 3.57025942321e-06, 4.2043693611e-06, 2.81234247268e-06, 2.09886684388e-06, 3.18146248901e-06, 3.72028989659e-06, 3.36351013175e-06, 2.43741919803e-06, 2.88497949441e-06, 3.52252595803e-06, 4.13980114899e-06, 4.0779432311e-06, 2.09205722967e-06, 1.79542576006e-06, 1.18303626095e-06, 6.14292332557e-07, 4.25135851856e-07, 5.98422388975e-07, 5.68564473724e-07],
        "dvar": [3.83212063753e-05, 2.92403165076e-05, 2.64055470325e-05, 8.61793614604e-06, 2.10513391607e-07, 1.16741411205e-07, 2.67718487379e-08, 1.95950526916e-08, 1.83502226747e-08, 1.24791457168e-08, 8.45491499035e-09, 8.9966317729e-10, 5.94291393874e-10, 1.97957694681e-09, 7.89237786236e-10, 1.02190833573e-09, 2.78770229123e-09, 3.4480182598e-10, 7.64165536404e-11, 3.09677283816e-11, 2.57738743542e-11, 2.39336363228e-11, 3.82304535251e-11, 1.39876868768e-11, 1.26764120034e-11, 4.09830468173e-11, 3.63015451033e-11, 2.93393191686e-11, 1.99635204201e-11, 2.13931997117e-11, 1.31823399419e-10, 1.85609902448e-10, 2.33666808125e-10, 2.06344958481e-11, 1.29748668407e-11, 3.89941074222e-12, 6.77339152648e-13, 3.34020327673e-13, 1.46549731985e-12, 1.26738365896e-12],
        "dvar2": [9.19777958188e-05, 7.23777266103e-05, 6.60020159557e-05, 2.19121247937e-05, 5.61254296372e-07, 3.13937079e-07, 7.05676086454e-08, 4.56910527191e-08, 3.4002585636e-08, 2.64904880254e-08, 2.29615508829e-08, 1.89852045196e-09, 1.50270351718e-09, 5.01523089724e-09, 1.9580812527e-09, 2.10803130507e-09, 7.49262074606e-09, 7.13844205968e-10, 1.90219215379e-10, 7.20104809115e-11, 5.95982568852e-11, 4.9691865206e-11, 9.84073933452e-11, 3.49048463744e-11, 3.01357688803e-11, 1.06194261718e-10, 8.58355470035e-11, 6.78939890419e-11, 3.76279875314e-11, 4.23935712923e-11, 3.21437654272e-10, 3.82584353087e-10, 6.22512041915e-10, 4.10797403039e-11, 2.61600723722e-11, 7.87084720316e-12, 1.22647952992e-12, 5.30519530216e-13, 3.07718347331e-12, 2.48649343303e-12],
        "max": [0.0582599826157, 0.0482631884515, 0.0456911474466, 0.03064924106, 0.00442866748199, 0.00391809316352, 0.00197364483029, 0.0024143580813, 0.00411685090512, 0.00197816453874, 0.00263801543042, 0.000603024906013, 0.000364631589036, 0.000802952738013, 0.000338660407579, 0.000697244948242, 0.00157204386778, 0.000448250531917, 0.000166895348229, 0.000131144028273, 8.09259072412e-05, 9.63312631939e-05, 0.00010802136967, 5.13241175213e-05, 6.58842691337e-05, 0.000119530734082, 9.94148431346e-05, 9.30845053517e-05, 8.68503339007e-05, 8.52945813676e-05, 0.000307932583382, 0.000396490097046, 0.000381772319088, 9.93423091131e-05, 9.21760147321e-05, 3.93287664338e-05, 1.25329734146e-05, 1.07024325189e-05, 2.71229000646e-05, 2.08739238587e-05],
        "mean": [0.00371524877846, 0.00389956729487, 0.00230040913448, 0.000998272793368, 0.000285969639663, 0.000280494772596, 0.000147060898598, 0.000127328108647, 7.81123890192e-05, 4.42559139628e-05, 3.08889575535e-05, 2.75201637123e-05, 2.60469623754e-05, 3.21219558828e-05, 2.56532530329e-05, 2.03804011107e-05, 1.84520868061e-05, 9.99595249596e-06, 7.482710771e-06, 5.49959213458e-06, 3.78698018721e-06, 3.98981956096e-06, 4.6224563448e-06, 2.94720439342e-06, 2.3242705538e-06, 3.35794447892e-06, 4.40326766693e-06, 3.86417605114e-06, 3.13436657962e-06, 3.24296456711e-06, 3.34601872964e-06, 4.17711999035e-06, 3.97694020648e-06, 2.38189545598e-06, 1.97387544176e-06, 1.36102471515e-06, 7.92032949448e-07, 5.69872099732e-07, 7.07225979113e-07, 6.87027977619e-07],
        "median": [0.00206538918428, 0.00230814539827, 0.000756852619816, 0.000250484386925, 0.000130344938952, 0.00010341253801, 6.11721698078e-05, 2.5037503292e-05, 1.41227183121e-05, 1.14239446702e-05, 1.03771990325e-05, 1.35712234623e-05, 1.11902090794e-05, 8.44215901452e-06, 7.07113349563e-06, 4.93075640406e-06, 5.4631632338e-06, 3.55194697477e-06, 3.7950121623e-06, 2.69000997832e-06, 1.52047232405e-06, 1.41232624173e-06, 1.132882403e-06, 1.11110466605e-06, 8.24090307106e-07, 1.00086072052e-06, 1.09001757664e-06, 9.7817257938e-07, 1.01561806787e-06, 1.09021118533e-06, 6.99107204127e-07, 8.51364802656e-07, 8.26685038646e-07, 6.19369302512e-07, 5.5013401834e-07, 3.67985393268e-07, 2.53577127296e-07, 1.66448188565e-07, 1.44668248936e-07, 1.27296814867e-07],
        "min": [4.86193141302e-10, 6.94588275785e-10, 1.55706572635e-10, 2.56363038437e-11, 1.60510882363e-10, 1.37555244972e-10, 5.22920378873e-12, 2.7903005427e-12, 4.62984685312e-12, 4.48800371866e-12, 1.68590922472e-12, 1.58161168624e-12, 4.82991554737e-12, 8.0462080141e-13, 2.34391542633e-12, 1.36079906024e-12, 3.56420351132e-13, 2.5838890489e-13, 1.50602363154e-13, 2.51550706263e-13, 3.92918336756e-13, 6.97900830009e-13, 6.41385870196e-13, 3.1943629057e-13, 3.72144101559e-13, 7.97917504639e-13, 6.73426267007e-13, 4.16585114928e-13, 4.92579393073e-13, 3.96939344458e-13, 7.39049460193e-14, 1.2944990403e-13, 1.40953302632e-13, 1.59717074635e-13, 1.97246068762e-13, 1.43357751343e-13, 9.7593963889e-14, 3.70190193061e-14, 3.05675996396e-14, 3.37939752408e-14],
        "var": [4.10616048612e-05, 3.25095679727e-05, 2.4026247047e-05, 6.98230314811e-06, 2.24674352012e-07, 1.83117592201e-07, 4.91866494201e-08, 6.19126581114e-08, 6.25815133048e-08, 2.24656115932e-08, 1.3599517068e-08, 1.88277704538e-09, 1.65486180315e-09, 5.28939203548e-09, 2.17870788077e-09, 2.42283526575e-09, 3.21938165015e-09, 6.7445665719e-10, 1.24785959343e-10, 6.93193141776e-11, 4.92958174281e-11, 5.87349474612e-11, 1.00278868542e-10, 2.54169602032e-11, 2.01542255107e-11, 5.17826823088e-11, 8.69026725581e-11, 6.44802058969e-11, 4.59697696575e-11, 5.39357274121e-11, 2.0360145514e-10, 3.30083543831e-10, 2.98159191781e-10, 4.30287194764e-11, 2.18029812954e-11, 8.20441284355e-12, 1.75315979182e-12, 9.59901537596e-13, 2.80507127942e-12, 2.61686700954e-12]
    },
    "mfcc": {
        "mean": [-712.965087891, 121.775024414, 37.1420478821, 35.9523963928, 11.9485712051, 23.8098773956, 5.99420547485, 5.09336853027, -0.345360219479, 2.45256662369, -0.353627175093, 0.342804670334, 3.13754916191],
        "cov": [[16145.6992188, -938.890869141, -1149.08520508, -849.049926758, -1169.20825195, -201.452819824, -253.378753662, -311.228942871, -335.569000244, -118.167098999, 166.753326416, 121.157264709, 83.5861587524], [-938.890869141, 1445.5534668, -69.1726760864, -166.049591064, 102.381454468, 73.5435791016, 99.6759872437, 62.0684432983, -21.0828742981, 12.0502214432, -33.870716095, 37.6173019409, 41.7586250305], [-1149.08520508, -69.1726760864, 806.986633301, 316.961700439, 182.086898804, 106.253982544, 86.4643325806, 98.4881820679, 82.7635879517, -23.0959358215, 26.9631996155, 17.014957428, 21.8652515411], [-849.049926758, -166.049591064, 316.961700439, 545.582275391, 206.15977478, -3.12458276749, -37.5005302429, 70.0840454102, 49.8847122192, 51.7933425903, 13.7746543884, 4.40994739532, -5.27297019958], [-1169.20825195, 102.381454468, 182.086898804, 206.15977478, 355.144073486, 117.852218628, 25.7019462585, 47.1604003906, 74.8517227173, 24.5270900726, -31.8534030914, -36.3409538269, -3.93164563179], [-201.452819824, 73.5435791016, 106.253982544, -3.12458276749, 117.852218628, 250.839660645, 128.625152588, 42.1239852905, 58.0705528259, -18.1232395172, -32.4751968384, -11.97473526, 13.6951503754], [-253.378753662, 99.6759872437, 86.4643325806, -37.5005302429, 25.7019462585, 128.625152588, 196.017227173, 63.3155517578, 26.8227424622, -9.89868450165, 7.05270862579, 7.50359106064, 5.10319280624], [-311.228942871, 62.0684432983, 98.4881820679, 70.0840454102, 47.1604003906, 42.1239852905, 63.3155517578, 118.189697266, 48.7490959167, 6.55350399017, 13.0821323395, 11.4583320618, 8.17078208923], [-335.569000244, -21.0828742981, 82.7635879517, 49.8847122192, 74.8517227173, 58.0705528259, 26.8227424622, 48.7490959167, 120.443206787, 37.1692428589, -12.2822370529, -30.3516712189, -15.2386798859], [-118.167098999, 12.0502214432, -23.0959358215, 51.7933425903, 24.5270900726, -18.1232395172, -9.89868450165, 6.55350399017, 37.1692428589, 112.243904114, 35.4826087952, 0.0826946422458, -9.4073381424], [166.753326416, -33.870716095, 26.9631996155, 13.7746543884, -31.8534030914, -32.4751968384, 7.05270862579, 13.0821323395, -12.2822370529, 35.4826087952, 105.073226929, 59.0094032288, 1.21684718132], [121.157264709, 37.6173019409, 17.014957428, 4.40994739532, -36.3409538269, -11.97473526, 7.50359106064, 11.4583320618, -30.3516712189, 0.0826946422458, 59.0094032288, 111.960189819, 41.8643989563], [83.5861587524, 41.7586250305, 21.8652515411, -5.27297019958, -3.93164563179, 13.6951503754, 5.10319280624, 8.17078208923, -15.2386798859, -9.4073381424, 1.21684718132, 41.8643989563, 90.2187271118]],
