{
"lowlevel": {
    "average_loudness": 0.920457661152,
    "barkbands_crest": {
        "dmean": 2.43393349648,
        "dmean2": 3.87194705009,
        "dvar": 5.59033536911,
        "dvar2": 13.7175979614,
        "max": 24.4739665985,
        "mean": 9.6322555542,
        "median": 8.80920028687,
        "min": 2.93830323219,
        "var": 15.1746406555
    },
    "barkbands_flatness_db": {
        "dmean": 0.0190920885652,
        "dmean2": 0.0288172457367,
        "dvar": 0.000367657019524,
        "dvar2": 0.000829391705338,
        "max": 0.359892517328,
        "mean": 0.150196254253,
        "median": 0.142389565706,
        "min": 0.0566968768835,
        "var": 0.00165039079729
    },
    "barkbands_kurtosis": {
        "dmean": 2.34745168686,
        "dmean2": 3.64578866959,
        "dvar": 32.857131958,
        "dvar2": 72.9114227295,
        "max": 113.976051331,
        "mean": 3.08578824997,
        "median": 0.875376939774,
        "min": -1.94332540035,
        "var": 60.1197547913
    },
    "barkbands_skewness": {
        "dmean": 0.485184520483,
        "dmean2": 0.728656232357,
        "dvar": 0.338949918747,
        "dvar2": 0.710346460342,
        "max": 9.57102108002,
        "mean": 1.30592572689,
        "median": 1.12762594223,
        "min": -4.56858444214,
        "var": 1.50821828842
    },
    "barkbands_spread": {
        "dmean": 6.94423294067,
        "dmean2": 10.2597455978,
        "dvar": 72.2375411987,
        "dvar2": 140.4427948,
        "max": 109.936882019,
        "mean": 31.1350059509,
        "median": 26.8212337494,
        "min": 1.52144408226,
        "var": 361.263092041
    },
    "dissonance": {
        "dmean": 0.0166315287352,
        "dmean2": 0.0277047883719,
        "dvar": 0.000301055639284,
        "dvar2": 0.000793660467025,
        "max": 0.5,
        "mean": 0.465382069349,
        "median": 0.472759872675,
        "min": 0.241842791438,
        "var": 0.000819330452941
    },
    "dynamic_complexity": 2.82102537155,
    "erbbands_crest": {
        "dmean": 2.70855426788,
        "dmean2": 4.30305576324,
        "dvar": 6.44962930679,
        "dvar2": 15.5029678345,
        "max": 27.9393482208,
        "mean": 8.9982881546,
        "median": 7.84740686417,
        "min": 2.65070915222,
        "var": 20.377281189
    },
    "erbbands_flatness_db": {
        "dmean": 0.0146792996675,
        "dmean2": 0.0215131174773,
        "dvar": 0.00017439192743,
        "dvar2": 0.000361110258382,
        "max": 0.351133316755,
        "mean": 0.168365985155,
        "median": 0.165070444345,
        "min": 0.0931458100677,
        "var": 0.00115405186079
    },
    "erbbands_kurtosis": {
        "dmean": 0.997673094273,
        "dmean2": 1.52247703075,
        "dvar": 2.57221794128,
        "dvar2": 5.4326043129,
        "max": 51.8476676941,
        "mean": 0.696086764336,
        "median": -0.119505405426,
        "min": -1.74578166008,
        "var": 8.70620918274
    },
    "erbbands_skewness": {
        "dmean": 0.35388854146,
        "dmean2": 0.521087765694,
        "dvar": 0.118249669671,
        "dvar2": 0.224238961935,
        "max": 3.86333250999,
        "mean": 0.147008359432,
        "median": 0.23001113534,
        "min": -4.24271249771,
        "var": 0.927788257599
    },
    "erbbands_spread": {
        "dmean": 9.52414226532,
        "dmean2": 14.1506929398,
        "dvar": 104.843299866,
        "dvar2": 230.499038696,
        "max": 127.952583313,
        "mean": 45.1325454712,
        "median": 42.1505050659,
        "min": 1.9774377346,
        "var": 462.662597656
    },
    "hfc": {
        "dmean": 8.33812618256,
        "dmean2": 11.8903188705,
        "dvar": 216.811538696,
        "dvar2": 477.592407227,
        "max": 230.425415039,
        "mean": 27.023065567,
        "median": 21.2729625702,
        "min": 0.000225587427849,
        "var": 624.626586914
    },
    "melbands_crest": {
        "dmean": 2.92062973976,
        "dmean2": 4.73927354813,
        "dvar": 8.22741699219,
        "dvar2": 21.2959766388,
        "max": 30.8557510376,
        "mean": 13.3054008484,
        "median": 12.4734258652,
        "min": 2.90115809441,
        "var": 24.5797863007
    },
    "melbands_flatness_db": {
        "dmean": 0.0234009549022,
        "dmean2": 0.0340610854328,
        "dvar": 0.000637232966255,
        "dvar2": 0.00136455392931,
        "max": 0.450177162886,
        "mean": 0.171016514301,
        "median": 0.162313774228,
        "min": 0.0173991229385,
        "var": 0.00357407191768
    },
    "melbands_kurtosis": {
        "dmean": 7.27277994156,
        "dmean2": 11.1659145355,
        "dvar": 306.714599609,
        "dvar2": 692.501220703,
        "max": 369.799377441,
        "mean": 14.1975479126,
        "median": 7.00702095032,
        "min": -1.8471249342,
        "var": 589.666442871
    },
    "melbands_skewness": {
        "dmean": 0.712889015675,
        "dmean2": 1.08073925972,
        "dvar": 0.747150421143,
        "dvar2": 1.62297821045,
        "max": 14.5071172714,
        "mean": 2.6938419342,
        "median": 2.31588315964,
        "min": -2.73220133781,
        "var": 3.31591057777
    },
    "melbands_spread": {
        "dmean": 9.1821680069,
        "dmean2": 13.7385110855,
        "dvar": 206.092849731,
        "dvar2": 426.930847168,
        "max": 243.834671021,
        "mean": 32.811756134,
        "median": 26.7279071808,
        "min": 1.18700563908,
        "var": 752.343444824
    },
    "pitch_salience": {
        "dmean": 0.0645140036941,
        "dmean2": 0.102943748236,
        "dvar": 0.003817737801,
        "dvar2": 0.00953821185976,
        "max": 0.834964990616,
        "mean": 0.546577334404,
        "median": 0.551026880741,
        "min": 0.155392840505,
        "var": 0.0106335226446
    },
    "silence_rate_20dB": {
        "dmean": 0,
        "dmean2": 0,
        "dvar": 0,
        "dvar2": 0,
        "max": 1,
        "mean": 1,
        "median": 1,
        "min": 1,
        "var": 0
    },
    "silence_rate_30dB": {
        "dmean": 0.0100697129965,
        "dmean2": 0.0201472304761,
        "dvar": 0.00996811501682,
        "dvar2": 0.0267144981772,
        "max": 1,
        "mean": 0.993418514729,
        "median": 1,
        "min": 0,
        "var": 0.00653800321743
    },
    "silence_rate_60dB": {
        "dmean": 0.017041053623,
        "dmean2": 0.0340953134,
        "dvar": 0.016750337556,
        "dvar2": 0.037580344826,
        "max": 1,
        "mean": 0.0569105707109,
        "median": 0,
        "min": 0,
        "var": 0.0536723434925
    },
    "spectral_centroid": {
        "dmean": 285.897796631,
        "dmean2": 424.699981689,
        "dvar": 106193.328125,
        "dvar2": 205998.703125,
        "max": 4942.45117188,
        "mean": 1701.08557129,
        "median": 1561.35522461,
        "min": 219.126296997,
        "var": 655281.1875
    },
    "spectral_complexity": {
        "dmean": 3.76762199402,
        "dmean2": 5.82603645325,
        "dvar": 18.6512489319,
        "dvar2": 39.051738739,
        "max": 56,
        "mean": 20.02942276,
        "median": 20,
        "min": 0,
        "var": 112.054916382
    },
    "spectral_decrease": {
        "dmean": 2.0108010812e-09,
        "dmean2": 3.10362024969e-09,
        "dvar": 1.02067536319e-17,
        "dvar2": 2.16332115467e-17,
        "max": -8.50323839661e-14,
        "mean": -6.856712087e-09,
        "median": -5.95662941194e-09,
        "min": -3.96311357065e-08,
        "var": 2.59723561947e-17
    },
    "spectral_energy": {
        "dmean": 0.00812000315636,
        "dmean2": 0.0124468011782,
        "dvar": 0.000157172544277,
        "dvar2": 0.00033565069316,
        "max": 0.151306912303,
        "mean": 0.0283298976719,
        "median": 0.0247206687927,
        "min": 3.41392677683e-07,
        "var": 0.000412448542193
    },
    "spectral_energyband_high": {
        "dmean": 0.000766728480812,
        "dmean2": 0.00105750188231,
        "dvar": 2.9212019399e-06,
        "dvar2": 5.91969501329e-06,
        "max": 0.0305643454194,
        "mean": 0.00172579567879,
        "median": 0.000821602239739,
        "min": 1.20072023435e-08,
        "var": 7.95594678493e-06
    },
    "spectral_energyband_low": {
        "dmean": 0.00475926604122,
        "dmean2": 0.00745279155672,
        "dvar": 0.000117302181025,
        "dvar2": 0.000252984289546,
        "max": 0.1457695961,
        "mean": 0.010838563554,
        "median": 0.00829352624714,
        "min": 7.08406773242e-08,
        "var": 0.000210003461689
    },
    "spectral_energyband_middle_high": {
        "dmean": 0.00208918261342,
        "dmean2": 0.00323525164276,
        "dvar": 1.33799094328e-05,
        "dvar2": 3.28163769154e-05,
        "max": 0.105520047247,
        "mean": 0.00595205649734,
        "median": 0.00359251326881,
        "min": 6.23982856496e-08,
        "var": 4.88986770506e-05
    },
    "spectral_energyband_middle_low": {
        "dmean": 0.0040221652016,
        "dmean2": 0.00636946689337,
        "dvar": 3.43720603269e-05,
        "dvar2": 8.75261393958e-05,
        "max": 0.0583112761378,
        "mean": 0.0106509821489,
        "median": 0.00867181178182,
        "min": 6.26275635796e-08,
        "var": 8.0773155787e-05
    },
    "spectral_entropy": {
        "dmean": 0.129768848419,
        "dmean2": 0.181198641658,
        "dvar": 0.0207498595119,
        "dvar2": 0.0368821099401,
        "max": 8.650182724,
        "mean": 7.77326488495,
        "median": 7.79854631424,
        "min": 6.32469272614,
        "var": 0.121610186994
    },
    "spectral_flux": {
        "dmean": 0.0227701608092,
        "dmean2": 0.035415250808,
        "dvar": 0.000806941825431,
        "dvar2": 0.00162673357408,
        "max": 0.376579225063,
        "mean": 0.0852313637733,
        "median": 0.0757292583585,
        "min": 0.000584288209211,
        "var": 0.00234462064691
    },
    "spectral_kurtosis": {
        "dmean": 0.943207025528,
        "dmean2": 1.57711565495,
        "dvar": 1.19389081001,
        "dvar2": 3.20194745064,
        "max": 17.0471534729,
        "mean": 1.64590764046,
        "median": 1.36412477493,
        "min": -1.17363166809,
        "var": 2.85346078873
    },
    "spectral_rms": {
        "dmean": 0.000682809622958,
        "dmean2": 0.00103099422995,
        "dvar": 7.60073191941e-07,
        "dvar2": 1.57309398219e-06,
        "max": 0.012149753049,
        "mean": 0.00492690363899,
        "median": 0.00491098035127,
        "min": 1.82500971277e-05,
        "var": 3.36453558702e-06
    },
    "spectral_rolloff": {
        "dmean": 608.826293945,
        "dmean2": 975.918518066,
        "dvar": 1125523.875,
        "dvar2": 2270703.75,
        "max": 9625.34179688,
        "mean": 2011.7208252,
        "median": 1335.05859375,
        "min": 86.1328125,
        "var": 4047807
    },
    "spectral_skewness": {
        "dmean": 0.169137001038,
        "dmean2": 0.257018983364,
        "dvar": 0.0281648375094,
        "dvar2": 0.0593202114105,
        "max": 3.25189399719,
        "mean": 1.00305724144,
        "median": 1.02374625206,
        "min": -0.320386230946,
        "var": 0.1628677845
    },
    "spectral_spread": {
        "dmean": 458655.28125,
        "dmean2": 638261.75,
        "dvar": 293388189696,
        "dvar2": 521401565184,
        "max": 14193967,
        "mean": 4904862,
        "median": 4638028.5,
        "min": 2138572.75,
        "var": 1.7381448745e+12
    },
    "spectral_strongpeak": {
        "dmean": 0.544245541096,
        "dmean2": 0.913697063923,
        "dvar": 0.92021048069,
        "dvar2": 2.211384058,
        "max": 14.9749126434,
        "mean": 0.967599451542,
        "median": 0.310826689005,
        "min": 0.000546802126337,
        "var": 2.29005503654
    },
    "zerocrossingrate": {
        "dmean": 0.0123916026205,
        "dmean2": 0.013282914646,
        "dvar": 0.000216927321162,
        "dvar2": 0.000220683461521,
        "max": 0.2958984375,
        "mean": 0.0780089348555,
        "median": 0.06689453125,
        "min": 0.0078125,
        "var": 0.00218822131865
    },
    "barkbands": {
        "dmean": [0.000184237927897, 0.00382264656946, 0.00180674472358, 0.0010597279761, 0.00138239737134, 0.0010522963712, 0.000691533961799, 0.00106245651841, 0.00108098762576, 0.000403562444262, 0.000626207620371, 0.00038714351831, 0.000531261437573, 0.000404716702178, 0.000327980582369, 0.000265437964117, 0.000207352670259, 0.00019934384909, 0.00020146247698, 0.000202200768399, 0.000170373343281, 0.000174024156877, 0.000220395377255, 0.000220813162741, 5.84036424698e-05, 5.23611483061e-08, 1.40173312957e-08],
        "dmean2": [0.000298809114611, 0.00605821516365, 0.00309703196399, 0.00180224026553, 0.00223141023889, 0.0016508360859, 0.00110397441313, 0.0016454346478, 0.00169338693377, 0.000618463032879, 0.00101582624484, 0.000604456814472, 0.000819607346784, 0.00063948816387, 0.000542402092833, 0.00043090863619, 0.000337665289408, 0.00031123298686, 0.00032074394403, 0.000312925345497, 0.000265418522758, 0.000256394036114, 0.000320294580888, 0.000315280543873, 8.54925092426e-05, 8.38939797632e-08, 2.67494204564e-08],
        "dvar": [1.30614992599e-07, 9.39333840506e-05, 3.78091390303e-05, 6.34390107734e-06, 6.01554984314e-06, 4.41844258603e-06, 1.94278482013e-06, 6.96125516697e-06, 5.92407877775e-06, 7.13319593615e-07, 6.08862137597e-06, 1.28190242776e-06, 1.96861969926e-06, 1.319701596e-06, 6.67926485676e-07, 6.89455646352e-07, 1.84587534591e-07, 1.72695521883e-07, 1.4537710058e-07, 1.82428706808e-07, 1.81462553428e-07, 1.46665840361e-07, 3.20908611684e-07, 3.12106550382e-07, 2.48014266901e-08, 2.91810710795e-14, 1.698320541e-14],
        "dvar2": [3.12879336661e-07, 0.000216349202674, 9.85486331047e-05, 1.80646493391e-05, 1.54840199684e-05, 1.00216939245e-05, 4.97178552905e-06, 1.65507135534e-05, 1.38843652167e-05, 1.60556578521e-06, 1.53758774104e-05, 2.79948812931e-06, 4.34546473116e-06, 2.98163172374e-06, 1.80835911578e-06, 1.82691030659e-06, 4.55147699086e-07, 3.93769880702e-07, 3.34588577289e-07, 4.47566890216e-07, 4.30277339092e-07, 3.21906213685e-07, 6.85974328007e-07, 6.38662925212e-07, 5.4488289436e-08, 7.96910822921e-14, 5.02532111518e-14],
        "max": [0.00612230924889, 0.126083239913, 0.0776371583343, 0.0289037786424, 0.0340914390981, 0.0327123366296, 0.0223826989532, 0.0467965304852, 0.0542962439358, 0.0206290818751, 0.10445009917, 0.0278273355216, 0.0385409742594, 0.0424074754119, 0.0148698277771, 0.0209996588528, 0.00854922644794, 0.00762049667537, 0.00635062623769, 0.00944271683693, 0.00876143667847, 0.00796416960657, 0.0135900229216, 0.0133986454457, 0.00385406380519, 3.59776822734e-06, 3.41990084962e-06],
        "mean": [0.000403262674809, 0.0074528218247, 0.00227505923249, 0.0015258314088, 0.00250302231871, 0.00175898824818, 0.00108965311665, 0.00158289761748, 0.00193610636052, 0.000685397069901, 0.000962399702985, 0.000591625983361, 0.000913070805836, 0.000621647865046, 0.000462143303594, 0.000439012190327, 0.000380039797164, 0.000369811139535, 0.000415300513851, 0.000387624488212, 0.000295359350275, 0.000339610764058, 0.000419643154601, 0.000424110650783, 9.54016868491e-05, 7.0115163453e-08, 8.24787260711e-09],
        "median": [0.000158671668032, 0.00555485859513, 0.00123004207853, 0.000869327981491, 0.00129392999224, 0.000638192577753, 0.000514022656716, 0.000416105962358, 0.000497212633491, 0.000252543919487, 0.000257445382886, 0.00013240451517, 0.000198997891857, 0.00017181338626, 0.000160429612151, 0.000146572958329, 0.000177589885425, 0.000194576525246, 0.00023764395155, 0.000185583616258, 0.000128473446239, 0.000145638856338, 0.000170595725649, 0.000157722213771, 2.67148589046e-05, 1.84491053545e-08, 3.87752968622e-10],
        "min": [4.59294130506e-11, 9.10843045432e-09, 1.70575766845e-08, 3.74204978115e-09, 3.98201542851e-08, 6.5187890641e-09, 1.04661888045e-08, 2.8195834556e-10, 1.23528587359e-09, 2.58918397833e-08, 1.99393968003e-09, 1.54750948167e-10, 1.2853076381e-09, 1.87348248026e-10, 3.87841181393e-09, 2.36587238689e-09, 2.33386785453e-08, 1.29874244692e-09, 2.06830552685e-09, 8.01045119125e-10, 3.30931682058e-09, 1.36423605746e-09, 1.72432368384e-09, 4.07001987668e-09, 8.11691658331e-10, 4.66889504488e-12, 4.85094473271e-12],
        "var": [3.03508613797e-07, 0.000128898434923, 2.89298568532e-05, 5.64505626244e-06, 1.16423998406e-05, 9.97568804451e-06, 2.95614290735e-06, 1.23075487863e-05, 2.1208961698e-05, 1.78250616045e-06, 1.20330814752e-05, 2.91961623589e-06, 6.81650726619e-06, 2.68860799224e-06, 8.65043432441e-07, 1.12982286282e-06, 4.47554612037e-07, 3.28153532791e-07, 3.34410486857e-07, 5.27243685156e-07, 2.82179740907e-07, 3.2690303442e-07, 7.71022428125e-07, 8.04278442956e-07, 5.89372106674e-08, 3.59297383241e-14, 8.85150531024e-15]
    },
    "erbbands": {
        "dmean": [0.110887959599, 0.898655653, 1.98487818241, 2.80625367165, 3.75222992897, 5.24921560287, 7.25687599182, 8.86641407013, 8.51932048798, 15.6314430237, 23.5702209473, 27.170797348, 10.9813718796, 14.9678678513, 22.0289268494, 18.152425766, 23.7251834869, 17.9038314819, 18.3075580597, 15.9392881393, 12.4194126129, 10.2504825592, 10.7525920868, 8.47181797028, 11.3236818314, 9.54508495331, 7.1547832489, 6.57955980301, 6.08085250854, 5.96895027161, 6.65017938614, 4.59581375122, 3.8609688282, 1.22056722641, 0.0845915079117, 0.00374853075482, 0.000219221619773, 3.5349989048e-05, 1.13987653094e-05, 1.11345070763e-05],
        "dmean2": [0.176084339619, 1.40489196777, 3.31297779083, 4.84528636932, 6.26058006287, 8.5122013092, 11.3899364471, 14.1029729843, 13.6806135178, 24.1697330475, 36.1872062683, 41.8086204529, 16.4960956573, 24.2085380554, 35.1941223145, 27.9197463989, 35.6746826172, 28.3279953003, 29.7214050293, 26.23320961, 19.728925705, 16.3806800842, 16.7749729156, 13.3776092529, 18.0181369781, 14.6204080582, 11.3814325333, 10.2105579376, 9.00352668762, 8.59935474396, 9.7540063858, 6.36291885376, 5.72303771973, 1.74861478806, 0.126697808504, 0.00553866755217, 0.000314314092975, 5.15724495926e-05, 1.66172485478e-05, 1.662323848e-05],
        "dvar": [0.0697433277965, 5.71236228943, 39.8903923035, 72.322303772, 46.4450874329, 105.936279297, 189.559936523, 387.446105957, 330.738739014, 1074.89379883, 3860.20263672, 3659.74047852, 503.268157959, 1858.37817383, 6723.91943359, 3004.54736328, 4191.98535156, 2622.93847656, 1981.9128418, 2108.82910156, 978.310241699, 428.356842041, 498.862121582, 238.761978149, 502.140594482, 469.56060791, 399.07434082, 229.232620239, 202.256561279, 185.7059021, 313.828369141, 105.50428772, 132.690353394, 10.6274118423, 0.0705982148647, 0.000131450651679, 3.67496227227e-07, 1.19897709538e-08, 8.5962026386e-10, 2.89413271126e-10],
        "dvar2": [0.171649947762, 12.877825737, 97.9861526489, 204.872329712, 124.754371643, 262.521759033, 440.510650635, 899.231689453, 869.24005127, 2419.08032227, 9445.29199219, 8415.66015625, 1109.57580566, 4550.37695312, 16608.875, 6459.22021484, 8851.8359375, 6108.63330078, 5023.48144531, 5839.95410156, 2433.58105469, 1084.03149414, 1136.85083008, 559.240844727, 1160.98413086, 1119.2713623, 1033.7220459, 520.127319336, 458.650177002, 381.014221191, 685.130859375, 201.619384766, 294.424072266, 21.1055164337, 0.162244930863, 0.000297003833111, 8.08942900221e-07, 3.0305344012e-08, 2.20573403986e-09, 6.38721076029e-10],
        "max": [3.5476732254, 29.6333637238, 80.466506958, 106.910163879, 90.4716186523, 164.330566406, 191.969039917, 371.857391357, 223.816925049, 505.389465332, 1289.39599609, 1505.5880127, 430.525695801, 1052.49108887, 3432.24414062, 1379.72119141, 2076.21630859, 2102.3659668, 806.263427734, 1117.64367676, 581.340637207, 355.864532471, 376.240081787, 336.184295654, 379.076934814, 611.704650879, 388.183013916, 282.34753418, 389.735412598, 297.774932861, 456.368835449, 225.33291626, 322.141418457, 90.6305084229, 7.6546998024, 0.336414843798, 0.0161583144218, 0.00240324414335, 0.000644304265734, 0.000189807207789],
        "mean": [0.240039885044, 1.5517475605, 2.76058316231, 4.02497005463, 6.07688474655, 9.06357860565, 12.6039295197, 14.3200626373, 13.5204381943, 25.5338630676, 38.7624435425, 50.2856521606, 20.2470149994, 25.9291095734, 36.0728302002, 31.3953971863, 43.2802581787, 30.3926696777, 27.8464260101, 25.0941505432, 23.5617237091, 20.593963623, 20.5889625549, 18.7131404877, 23.2278137207, 18.7974510193, 12.2766628265, 11.7071743011, 11.887169838, 11.6977148056, 12.454158783, 9.03961277008, 6.92907333374, 2.13336873055, 0.124225951731, 0.00575039256364, 0.000384102197131, 6.36168188066e-05, 2.99224811897e-05, 3.8570673496e-05],
        "median": [0.199140548706, 1.01320052147, 1.59465968609, 2.58474779129, 3.70565867424, 3.95309901237, 4.90405797958, 5.57723140717, 6.40829706192, 10.9212970734, 11.4956283569, 13.3366355896, 9.07062911987, 8.66656970978, 11.4093408585, 8.24145889282, 10.8527574539, 9.09307956696, 9.4427318573, 8.71294212341, 8.79881763458, 10.2522945404, 10.8843154907, 11.54874897, 11.6162347794, 8.87178516388, 5.86281442642, 4.74936389923, 5.14329051971, 5.02764415741, 4.94661664963, 3.6393661499, 2.44492864609, 0.637201309204, 0.0221368446946, 0.00117819919251, 0.000123801903101, 2.42596706812e-05, 2.08036472031e-05, 3.32264826284e-05],
        "min": [1.95148473381e-07, 2.8258873499e-06, 3.29381728079e-05, 2.86856902676e-05, 7.91880229372e-05, 0.000153544562636, 5.9963313106e-05, 6.21006111032e-05, 0.000162921147421, 5.05359748786e-05, 8.53582696436e-06, 3.47022942151e-05, 0.000231470505241, 0.000924216583371, 5.74312507524e-05, 1.96718920051e-05, 5.71657910768e-05, 7.86103555583e-06, 7.20038515283e-05, 0.000258819374721, 0.000131801542011, 0.00118432589807, 0.000436285481555, 0.000122844619909, 5.26264084328e-05, 5.3242980357e-05, 0.000151676838868, 9.01177190826e-05, 4.09733838751e-05, 4.8330926802e-05, 5.07493823534e-05, 5.52700839762e-05, 8.55904290802e-05, 1.96758282982e-05, 6.09471783264e-07, 4.53571402659e-08, 9.32927690656e-09, 2.92634139143e-09, 1.0128869965e-09, 5.03670549712e-10],
        "var": [0.0967196002603, 7.47825717926, 36.2156562805, 50.2546386719, 60.9366836548, 201.836166382, 439.089233398, 722.138671875, 469.305511475, 1941.88037109, 7651.32421875, 14911.9658203, 1186.55053711, 3825.05078125, 12931.8623047, 7019.70019531, 15389.5917969, 5920.24462891, 3094.50415039, 2896.78369141, 2492.87524414, 1106.16064453, 964.042419434, 587.820373535, 1161.95080566, 1498.73254395, 501.233123779, 430.484619141, 412.113830566, 465.342285156, 726.263244629, 323.082092285, 272.973480225, 28.8121452332, 0.138795644045, 0.000271974597126, 8.45168926844e-07, 1.9815272978e-08, 1.38512812331e-09, 7.58593465822e-10]
    },
    "gfcc": {
        "mean": [-2.05603384972, 106.770339966, -137.206100464, 67.5957336426, -81.8966903687, 30.4633579254, -34.4517936707, 4.652323246, -5.39690446854, -15.2099313736, 8.10995864868, -19.6475067139, 3.8557202816],
        "cov": [[3897.71411133, -17.1372394562, -230.026168823, 22.0776157379, 52.7959976196, 184.199920654, -1.06356656551, 114.550544739, 84.2964324951, 85.3090057373, 106.908927917, 45.7049331665, -50.3967895508], [-17.1372394562, 1149.97131348, -146.242721558, -236.53074646, 276.393829346, -122.000427246, 192.728286743, -50.9319381714, 87.9701690674, -135.062759399, 144.134567261, -60.6168861389, 35.5705986023], [-230.026168823, -146.242721558, 889.422058105, 291.516448975, -72.1264190674, 192.988952637, 6.25342702866, 45.2150115967, -47.401184082, 89.6481018066, -57.7679595947, 52.7452812195, 36.6000137329], [22.0776157379, -236.53074646, 291.516448975, 388.396911621, 77.976020813, 38.0477218628, -29.4958610535, 31.0334796906, 44.5062789917, 38.2083969116, -35.6191368103, 56.5186157227, 43.0156021118], [52.7959976196, 276.393829346, -72.1264190674, 77.976020813, 278.972106934, 8.86618995667, 44.9156990051, 27.3920192719, 73.7279205322, -28.9178695679, 44.060344696, -5.52144384384, 33.7409934998], [184.199920654, -122.000427246, 192.988952637, 38.0477218628, 8.86618995667, 256.440948486, 108.248497009, 41.4751396179, -6.7265253067, 62.2556648254, 0.286555886269, 10.2422552109, -15.5214977264], [-1.06356656551, 192.728286743, 6.25342702866, -29.4958610535, 44.9156990051, 108.248497009, 242.302841187, 26.5052833557, 22.3819274902, -13.3212575912, 49.4289855957, -8.74236869812, -3.65858888626], [114.550544739, -50.9319381714, 45.2150115967, 31.0334796906, 27.3920192719, 41.4751396179, 26.5052833557, 122.786323547, 41.9742164612, 12.2104578018, -0.920403838158, 16.5574626923, 3.47104096413], [84.2964324951, 87.9701690674, -47.401184082, 44.5062789917, 73.7279205322, -6.7265253067, 22.3819274902, 41.9742164612, 138.352127075, 16.6849250793, 6.86582803726, -1.69864976406, 14.9885463715], [85.3090057373, -135.062759399, 89.6481018066, 38.2083969116, -28.9178695679, 62.2556648254, -13.3212575912, 12.2104578018, 16.6849250793, 117.827857971, 9.44979095459, -1.59572637081, -0.906192302704], [106.908927917, 144.134567261, -57.7679595947, -35.6191368103, 44.060344696, 0.286555886269, 49.4289855957, -0.920403838158, 6.86582803726, 9.44979095459, 108.440414429, 20.8377895355, -10.7707214355], [45.7049331665, -60.6168861389, 52.7452812195, 56.5186157227, -5.52144384384, 10.2422552109, -8.74236869812, 16.5574626923, -1.69864976406, -1.59572637081, 20.8377895355, 80.9154434204, 26.9421024323], [-50.3967895508, 35.5705986023, 36.6000137329, 43.0156021118, 33.7409934998, -15.5214977264, -3.65858888626, 3.47104096413, 14.9885463715, -0.906192302704, -10.7707214355, 26.9421024323, 70.2293930054]],
        "icov": [[0.000347235240042, -0.000472730549518, 0.000519361579791, -0.000660108576994, 0.000633698888123, -0.000886619091034, 0.000622455903795, -0.000550925615244, 0.000182806543307, -0.000236800347921, -0.000152701133629, -0.000105964929389, 0.00015667390835], [-0.000472730549518, 0.00599332852289, -0.00393214914948, 0.0063681951724, -0.00624164240435, 0.00532301841304, -0.00417102640495, 0.00395585456863, -0.00388953811489, 0.00377684435807, -0.00373284099624, 0.00212275329977, -0.00197170628235], [0.000519361579791, -0.00393214914948, 0.00491013610736, -0.00602019997314, 0.00528043974191, -0.00532905664295, 0.00317931198515, -0.00329536222853, 0.00343431439251, -0.00249744672328, 0.00184106105007, -0.000582428125199, -0.000152852226165], [-0.000660108576994, 0.0063681951724, -0.00602019997314, 0.0122069614008, -0.00950721930712, 0.00734076462686, -0.00496410578489, 0.0050225048326, -0.00513778906316, 0.00181685970165, -0.000244633498369, -0.00250593479723, -0.000311491370667], [0.000633698888123, -0.00624164240435, 0.00528043974191, -0.00950721930712, 0.0139664765447, -0.008555309847, 0.00589499482885, -0.00527514284477, 0.0016997497296, 0.000574857054744, -0.00223295902833, 0.00369107606821, -0.00345949572511], [-0.000886619091034, 0.00532301841304, -0.00532905664295, 0.00734076462686, -0.008555309847, 0.0144610982388, -0.00892755202949, 0.00317939626984, -0.00147908879444, -0.00263690995052, 0.0021306660492, -0.00294937053695, 0.00337274488993], [0.000622455903795, -0.00417102640495, 0.00317931198515, -0.00496410578489, 0.00589499482885, -0.00892755202949, 0.0108407614753, -0.0037476469297, 0.000949440756813, 0.00189484388102, -0.00333537557162, 0.00294913188554, -0.00193350494374], [-0.000550925615244, 0.00395585456863, -0.00329536222853, 0.0050225048326, -0.00527514284477, 0.00317939626984, -0.0037476469297, 0.0131886815652, -0.0056690108031, 0.0018387431046, -0.000171482475707, -0.0022201910615, 0.000691182794981], [0.000182806543307, -0.00388953811489, 0.00343431439251, -0.00513778906316, 0.0016997497296, -0.00147908879444, 0.000949440756813, -0.0056690108031, 0.0134223541245, -0.00587079115212, 0.00393352285028, -0.0012043818133, 0.000769351318013], [-0.000236800347921, 0.00377684435807, -0.00249744672328, 0.00181685970165, 0.000574857054744, -0.00263690995052, 0.00189484388102, 0.0018387431046, -0.00587079115212, 0.0175515990704, -0.00993982795626, 0.00829478912055, -0.00597240915522], [-0.000152701133629, -0.00373284099624, 0.00184106105007, -0.000244633498369, -0.00223295902833, 0.0021306660492, -0.00333537557162, -0.000171482475707, 0.00393352285028, -0.00993982795626, 0.0218585375696, -0.0135345766321, 0.00992670934647], [-0.000105964929389, 0.00212275329977, -0.000582428125199, -0.00250593479723, 0.00369107606821, -0.00294937053695, 0.00294913188554, -0.0022201910615, -0.0012043818133, 0.00829478912055, -0.0135345766321, 0.0254757143557, -0.0129594998434], [0.00015667390835, -0.00197170628235, -0.000152852226165, -0.000311491370667, -0.00345949572511, 0.00337274488993, -0.00193350494374, 0.000691182794981, 0.000769351318013, -0.00597240915522, 0.00992670934647, -0.0129594998434, 0.0241459906101]]
    },
    "melbands": {
        "dmean": [0.00101433333475, 0.00101567327511, 0.000505630625412, 0.000299865467241, 0.000253382982919, 0.000197849498363, 0.000130691332743, 0.000179675247637, 0.000211639751797, 0.000152457607328, 5.35504805157e-05, 5.95923702349e-05, 8.64891917445e-05, 4.37764101662e-05, 5.74385558139e-05, 4.56932320958e-05, 3.62339233106e-05, 3.3930016798e-05, 2.26646207011e-05, 2.23661845666e-05, 1.49871875692e-05, 1.1859152437e-05, 1.16908677228e-05, 1.0076370927e-05, 7.18869341654e-06, 8.89096281753e-06, 8.70157691679e-06, 6.16351144345e-06, 4.65145149064e-06, 4.4176144911e-06, 4.02065052185e-06, 3.68282417185e-06, 3.63171398021e-06, 3.49353786078e-06, 4.22423318014e-06, 3.36363154929e-06, 2.87919419861e-06, 3.09193728754e-06, 1.99189730665e-06, 7.64681487908e-07],
        "dmean2": [0.00159719330259, 0.00161537411623, 0.000861376000103, 0.000497800589073, 0.000397401425289, 0.000312811025651, 0.000209952137084, 0.000278078223346, 0.000326411100104, 0.000234692328377, 8.068751049e-05, 9.56361618591e-05, 0.000139873838634, 6.87033461872e-05, 8.96621568245e-05, 6.95799681125e-05, 5.71792697883e-05, 5.43583519175e-05, 3.77370015485e-05, 3.66190033674e-05, 2.39631954173e-05, 1.92176376004e-05, 1.83721149369e-05, 1.6116830011e-05, 1.15370530693e-05, 1.42997450894e-05, 1.36423641379e-05, 9.52197751758e-06, 7.48761931391e-06, 7.08514471626e-06, 6.27766848993e-06, 5.66410062675e-06, 5.53329755348e-06, 5.26085705133e-06, 6.34534080746e-06, 4.87292345497e-06, 4.1110292841e-06, 4.67750760436e-06, 2.87050579573e-06, 1.13979604066e-06],
        "dvar": [6.17877503828e-06, 7.6735195762e-06, 1.79725361704e-06, 3.0062031442e-07, 2.0487939878e-07, 1.74391786345e-07, 7.40169312508e-08, 1.50373409724e-07, 2.63621188878e-07, 1.14592261014e-07, 1.28220278839e-08, 2.74399969413e-08, 1.31711971108e-07, 1.49923007342e-08, 2.10848956073e-08, 1.57321977667e-08, 1.26387158517e-08, 7.34592475737e-09, 3.38799988064e-09, 6.32998453653e-09, 1.25418120334e-09, 6.60947796494e-10, 5.97202953756e-10, 4.54516368986e-10, 1.72939232379e-10, 3.17223219914e-10, 3.43144707093e-10, 2.1252845317e-10, 1.50276305289e-10, 1.52036050416e-10, 7.89225143571e-11, 7.53332188297e-11, 6.89406448595e-11, 7.04845487531e-11, 1.26790841715e-10, 7.16770393039e-11, 3.94762209033e-11, 8.04232028195e-11, 3.12770295774e-11, 4.7439495908e-12],
        "dvar2": [1.41941136462e-05, 1.72160016518e-05, 5.02689408677e-06, 7.74889770128e-07, 4.82686516534e-07, 4.02953077128e-07, 1.94014234012e-07, 3.39326049925e-07, 6.46588489417e-07, 2.65872017735e-07, 2.81894614318e-08, 6.57030199136e-08, 3.34332753482e-07, 3.24187396927e-08, 4.70678713782e-08, 3.65154839699e-08, 2.88852390895e-08, 1.78343864121e-08, 9.13297348859e-09, 1.72348890715e-08, 3.09603387372e-09, 1.62312874252e-09, 1.42183564922e-09, 1.0681864282e-09, 4.18405060598e-10, 7.45745853958e-10, 8.10588096645e-10, 5.120176505e-10, 3.9660055795e-10, 3.83291592909e-10, 1.83506959628e-10, 1.76894623949e-10, 1.52540230447e-10, 1.50454274039e-10, 2.92965485205e-10, 1.43260958652e-10, 7.90635681924e-11, 1.86520701662e-10, 5.87223741855e-11, 1.07619789816e-11],
        "max": [0.0350499898195, 0.0394311249256, 0.0161892343313, 0.0079863332212, 0.0061366870068, 0.00763661926612, 0.00337456609122, 0.00642446847633, 0.00997795443982, 0.00811823736876, 0.00209286203608, 0.00361397257075, 0.0159954223782, 0.00250850361772, 0.00346253579482, 0.00350195821375, 0.00480576511472, 0.00158862082753, 0.000977541902103, 0.00207617646083, 0.000779116409831, 0.000484417978441, 0.00043601958896, 0.000404945807531, 0.000263555935817, 0.00029522908153, 0.000402998382924, 0.00037982739741, 0.000215101812501, 0.000248230877332, 0.000166368641658, 0.000238802123931, 0.000194230407942, 0.000197823232156, 0.000233845421462, 0.000275580445305, 0.000131306893309, 0.000251738878433, 0.000150569117977, 6.06835346844e-05],
        "mean": [0.00211994745769, 0.00169556774199, 0.000776251545176, 0.000539173022844, 0.00045699410839, 0.0003230884613, 0.000206578552024, 0.000287917529931, 0.000357935641659, 0.000276852777461, 9.11878523766e-05, 9.96734452201e-05, 0.000134483663714, 7.12876280886e-05, 9.84538346529e-05, 7.65068180044e-05, 5.68525319977e-05, 4.79740665469e-05, 3.2015828765e-05, 3.3781350794e-05, 2.66275474132e-05, 2.14377032535e-05, 1.99883597816e-05, 1.78287391464e-05, 1.42891913129e-05, 1.68626393133e-05, 1.6353897081e-05, 1.11896551971e-05, 7.44152202969e-06, 7.03147907188e-06, 6.71294219501e-06, 6.63454011374e-06, 6.66279356665e-06, 6.45133013677e-06, 7.36642914489e-06, 6.2961776166e-06, 5.31921750735e-06, 5.30775560037e-06, 3.495000783e-06, 1.19278809052e-06],
        "median": [0.00167943909764, 0.00108808488585, 0.000517844979186, 0.000301333726384, 0.000199326808797, 0.000123059930047, 9.72102134256e-05, 0.000112107016321, 9.02269312064e-05, 7.66395096434e-05, 3.3825988794e-05, 2.99658422591e-05, 3.7038269511e-05, 1.83499414561e-05, 2.30341593124e-05, 1.74727283593e-05, 1.5812302081e-05, 1.36264261528e-05, 1.07961604954e-05, 1.04244227259e-05, 9.37888671615e-06, 9.75149396254e-06, 9.75134844339e-06, 9.17745364859e-06, 8.73784392752e-06, 8.86129782884e-06, 7.15971282261e-06, 4.89974263473e-06, 3.55920701622e-06, 2.7240032523e-06, 2.6398895443e-06, 2.75874776889e-06, 2.84572593046e-06, 2.64206255451e-06, 2.83441113424e-06, 2.41076691054e-06, 2.05095921046e-06, 1.85381156825e-06, 1.17638353458e-06, 2.62700979192e-07],
        "min": [2.61920463096e-09, 1.53319490437e-08, 5.70562042057e-09, 9.8547872085e-09, 2.82955281428e-09, 1.35364719434e-09, 2.39006636704e-09, 3.87343990216e-10, 7.54308560058e-11, 1.95777768996e-10, 1.29173849395e-09, 4.09877820573e-09, 1.94591745495e-10, 8.89658052089e-12, 1.54085216808e-10, 6.31710933563e-11, 6.38323682106e-12, 6.99626884204e-11, 3.42728595504e-10, 2.40882203073e-10, 9.81376022113e-11, 9.62715129837e-10, 1.30881416815e-09, 5.05165111131e-11, 1.00897463995e-10, 6.23719617621e-11, 1.18865611798e-11, 3.51150150624e-11, 1.03619418601e-10, 6.34010136058e-11, 5.0353436698e-11, 2.41330583989e-11, 2.26743276932e-11, 2.81929479762e-11, 2.26659420399e-11, 4.3003954564e-11, 2.45534998583e-11, 7.35750071978e-11, 3.48825274221e-11, 8.62946953478e-12],
        "var": [8.86623911356e-06, 9.63146248978e-06, 1.39233213758e-06, 5.2458602795e-07, 4.86311648729e-07, 3.48052765275e-07, 1.09315791974e-07, 2.67286822009e-07, 5.83980295232e-07, 4.39963258714e-07, 2.96787039389e-08, 5.75163063843e-08, 2.43866907113e-07, 3.77102793436e-08, 6.42391455585e-08, 4.79864645797e-08, 2.69238817907e-08, 1.17415792644e-08, 4.21275814233e-09, 8.03248934034e-09, 3.2897518043e-09, 1.4344304633e-09, 1.22811105729e-09, 7.91414267454e-10, 3.78331921347e-10, 6.60603960423e-10, 9.14196995883e-10, 5.69573832543e-10, 1.86787668666e-10, 1.96783200845e-10, 1.4712878138e-10, 1.38568934105e-10, 1.39397285381e-10, 1.61107266416e-10, 2.6017732413e-10, 1.94575522361e-10, 1.13646862754e-10, 1.5412184029e-10, 8.09412536995e-11, 1.05863677199e-11]
    },
    "mfcc": {
        "mean": [-618.703063965, 95.6526794434, 16.7716369629, 22.242980957, 3.18617153168, 7.36972045898, 0.231202214956, 8.22123336792, -3.64080071449, 8.67511844635, -0.50222826004, 4.23649406433, -1.89146757126],
        "cov": [[4138.41552734, -97.7211456299, -399.891845703, -127.084854126, 56.3104782104, 3.67674612999, -10.3791122437, 90.6142044067, -94.909362793, 145.002471924, 114.588424683, 15.9492549896, 36.9185714722], [-97.7211456299, 1200.43139648, -308.911193848, -66.9467697144, 0.0858709439635, -52.8160095215, 99.0550460815, 69.6420822144, -54.3228416443, 22.2836380005, 14.1411352158, 32.1673316956, -9.20227909088], [-399.891845703, -308.911193848, 884.82824707, 103.341041565, 22.7445392609, 154.014709473, 73.4955825806, -19.5875205994, 100.945426941, -56.8156814575, -9.19662761688, 56.8936920166, 36.553653717], [-127.084854126, -66.9467697144, 103.341041565, 320.089111328, 140.479904175, 13.6394271851, -44.2738609314, 26.2823238373, 43.5632667542, -0.381187707186, -46.9697685242, -8.65035915375, 30.827287674], [56.3104782104, 0.0858709439635, 22.7445392609, 140.479904175, 245.195022583, 15.541926384, -33.4078865051, 17.2153606415, 39.0393486023, 25.8349170685, -7.42913293839, -10.5391645432, 12.5467777252], [3.67674612999, -52.8160095215, 154.014709473, 13.6394271851, 15.541926384, 197.409896851, 84.035484314, 15.0548419952, 45.1156654358, 25.0026760101, 30.0917377472, 26.9542388916, 0.112656749785], [-10.3791122437, 99.0550460815, 73.4955825806, -44.2738609314, -33.4078865051, 84.035484314, 191.670394897, 57.1265449524, -0.939873218536, 10.1751298904, 37.8556861877, 30.2277088165, 0.404593646526], [90.6142044067, 69.6420822144, -19.5875205994, 26.2823238373, 17.2153606415, 15.0548419952, 57.1265449524, 159.059783936, 29.8947944641, 17.5042419434, 19.8149433136, 5.58233213425, 11.6646366119], [-94.909362793, -54.3228416443, 100.945426941, 43.5632667542, 39.0393486023, 45.1156654358, -0.939873218536, 29.8947944641, 138.191970825, 30.8060188293, 3.36582732201, 3.42764782906, 2.12305831909], [145.002471924, 22.2836380005, -56.8156814575, -0.381187707186, 25.8349170685, 25.0026760101, 10.1751298904, 17.5042419434, 30.8060188293, 119.274230957, 38.459438324, 3.11821365356, -0.920459032059], [114.588424683, 14.1411352158, -9.19662761688, -46.9697685242, -7.42913293839, 30.0917377472, 37.8556861877, 19.8149433136, 3.36582732201, 38.459438324, 101.680236816, 33.0529670715, -5.92910814285], [15.9492549896, 32.1673316956, 56.8936920166, -8.65035915375, -10.5391645432, 26.9542388916, 30.2277088165, 5.58233213425, 3.42764782906, 3.11821365356, 33.0529670715, 84.5427856445, 24.9125461578], [36.9185714722, -9.20227909088, 36.553653717, 30.827287674, 12.5467777252, 0.112656749785, 0.404593646526, 11.6646366119, 2.12305831909, -0.920459032059, -5.92910814285, 24.9125461578, 80.1455383301]],
