{
"lowlevel": {
    "average_loudness": 0.973756849766,
    "barkbands_crest": {
        "dmean": 3.27448248863,
        "dmean2": 5.20466423035,
        "dvar": 8.78451347351,
        "dvar2": 20.4969139099,
        "max": 24.4029979706,
        "mean": 10.9301309586,
        "median": 10.1780519485,
        "min": 2.41105866432,
        "var": 26.3975296021
    },
    "barkbands_flatness_db": {
        "dmean": 0.02761227265,
        "dmean2": 0.0409131385386,
        "dvar": 0.000637042918243,
        "dvar2": 0.00135442707688,
        "max": 0.377617061138,
        "mean": 0.16369394958,
        "median": 0.155698269606,
        "min": 0.0560524947941,
        "var": 0.00253140414134
    },
    "barkbands_kurtosis": {
        "dmean": 4.39515066147,
        "dmean2": 6.82180213928,
        "dvar": 114.036956787,
        "dvar2": 241.561386108,
        "max": 156.380111694,
        "mean": 4.99369525909,
        "median": 0.736676454544,
        "min": -1.88664221764,
        "var": 217.040496826
    },
    "barkbands_skewness": {
        "dmean": 0.738368809223,
        "dmean2": 1.08905827999,
        "dvar": 0.717232942581,
        "dvar2": 1.41062808037,
        "max": 11.2584886551,
        "mean": 1.5276324749,
        "median": 1.22233474255,
        "min": -3.05634212494,
        "var": 2.61420154572
    },
    "barkbands_spread": {
        "dmean": 8.96444511414,
        "dmean2": 13.363451004,
        "dvar": 102.609191895,
        "dvar2": 213.827362061,
        "max": 86.7559585571,
        "mean": 27.8763618469,
        "median": 25.2141437531,
        "min": 1.02300810814,
        "var": 239.895446777
    },
    "dissonance": {
        "dmean": 0.0169055294245,
        "dmean2": 0.0279402900487,
        "dvar": 0.000285319343675,
        "dvar2": 0.00076268526027,
        "max": 0.499997079372,
        "mean": 0.46794757247,
        "median": 0.473262608051,
        "min": 0.357469677925,
        "var": 0.000507925869897
    },
    "dynamic_complexity": 2.24660730362,
    "erbbands_crest": {
        "dmean": 2.77528738976,
        "dmean2": 4.51642084122,
        "dvar": 8.08296966553,
        "dvar2": 18.9004154205,
        "max": 30.1055603027,
        "mean": 7.97179317474,
        "median": 6.76884317398,
        "min": 2.43796253204,
        "var": 18.650478363
    },
    "erbbands_flatness_db": {
        "dmean": 0.0182799547911,
        "dmean2": 0.0259232912213,
        "dvar": 0.000271481956588,
        "dvar2": 0.000534129620064,
        "max": 0.343305110931,
        "mean": 0.17785474658,
        "median": 0.172892510891,
        "min": 0.109384641051,
        "var": 0.00117719115224
    },
    "erbbands_kurtosis": {
        "dmean": 1.00779616833,
        "dmean2": 1.6180472374,
        "dvar": 2.70729422569,
        "dvar2": 6.9149107933,
        "max": 28.9948711395,
        "mean": 0.268158942461,
        "median": -0.280549526215,
        "min": -1.81287789345,
        "var": 4.00554084778
    },
    "erbbands_skewness": {
        "dmean": 0.436495095491,
        "dmean2": 0.675795674324,
        "dvar": 0.187746748328,
        "dvar2": 0.42501732707,
        "max": 5.10548305511,
        "mean": 0.171216323972,
        "median": 0.127881065011,
        "min": -3.36670279503,
        "var": 0.624335408211
    },
    "erbbands_spread": {
        "dmean": 11.4216337204,
        "dmean2": 17.291841507,
        "dvar": 133.77255249,
        "dvar2": 317.769592285,
        "max": 160.837890625,
        "mean": 45.1946601868,
        "median": 43.2939033508,
        "min": 6.8821811676,
        "var": 409.643066406
    },
    "hfc": {
        "dmean": 13.0406799316,
        "dmean2": 19.0982589722,
        "dvar": 309.102416992,
        "dvar2": 667.146972656,
        "max": 126.187942505,
        "mean": 25.4401741028,
        "median": 18.7394542694,
        "min": 0.000610932067502,
        "var": 505.733428955
    },
    "melbands_crest": {
        "dmean": 3.66823363304,
        "dmean2": 5.8306593895,
        "dvar": 12.1379709244,
        "dvar2": 27.083398819,
        "max": 33.5837974548,
        "mean": 15.0932693481,
        "median": 15.2797489166,
        "min": 3.24273848534,
        "var": 32.1634597778
    },
    "melbands_flatness_db": {
        "dmean": 0.0356801003218,
        "dmean2": 0.050262760371,
        "dvar": 0.00110240688082,
        "dvar2": 0.00203833682463,
        "max": 0.446989148855,
        "mean": 0.170377552509,
        "median": 0.162556841969,
        "min": 0.0271290298551,
        "var": 0.00571972317994
    },
    "melbands_kurtosis": {
        "dmean": 12.8028736115,
        "dmean2": 19.4458599091,
        "dvar": 986.777587891,
        "dvar2": 2046.21411133,
        "max": 531.258422852,
        "mean": 19.3313789368,
        "median": 7.13755989075,
        "min": -1.76491475105,
        "var": 1875.46105957
    },
    "melbands_skewness": {
        "dmean": 1.01607608795,
        "dmean2": 1.51602959633,
        "dvar": 1.46158361435,
        "dvar2": 2.96801042557,
        "max": 19.3848114014,
        "mean": 2.98797988892,
        "median": 2.4195625782,
        "min": -0.676084756851,
        "var": 5.3511557579
    },
    "melbands_spread": {
        "dmean": 12.4304828644,
        "dmean2": 18.6592826843,
        "dvar": 238.256393433,
        "dvar2": 497.480010986,
        "max": 184.276931763,
        "mean": 31.0979404449,
        "median": 24.9408493042,
        "min": 0.781193733215,
        "var": 619.519958496
    },
    "pitch_salience": {
        "dmean": 0.083991356194,
        "dmean2": 0.124284729362,
        "dvar": 0.00566488364711,
        "dvar2": 0.0122356181964,
        "max": 0.81432133913,
        "mean": 0.509106516838,
        "median": 0.518150508404,
        "min": 0.0759789124131,
        "var": 0.0204467307776
    },
    "silence_rate_20dB": {
        "dmean": 0,
        "dmean2": 0,
        "dvar": 0,
        "dvar2": 0,
        "max": 1,
        "mean": 1,
        "median": 1,
        "min": 1,
        "var": 0
    },
    "silence_rate_30dB": {
        "dmean": 0,
        "dmean2": 0,
        "dvar": 0,
        "dvar2": 0,
        "max": 1,
        "mean": 1,
        "median": 1,
        "min": 1,
        "var": 0
    },
    "silence_rate_60dB": {
        "dmean": 0.024806201458,
        "dmean2": 0.0496508926153,
        "dvar": 0.0241910275072,
        "dvar2": 0.056494679302,
        "max": 1,
        "mean": 0.0426026321948,
        "median": 0,
        "min": 0,
        "var": 0.040788102895
    },
    "spectral_centroid": {
        "dmean": 397.82434082,
        "dmean2": 584.62689209,
        "dvar": 179215.90625,
        "dvar2": 364649.125,
        "max": 4825.56689453,
        "mean": 1640.80554199,
        "median": 1516.44104004,
        "min": 219.898895264,
        "var": 549177.1875
    },
    "spectral_complexity": {
        "dmean": 6,
        "dmean2": 8.2009305954,
        "dvar": 43.1193809509,
        "dvar2": 74.4629898071,
        "max": 58,
        "mean": 21.2370262146,
        "median": 20,
        "min": 0,
        "var": 141.389480591
    },
    "spectral_decrease": {
        "dmean": 2.98077229566e-09,
        "dmean2": 4.48243264728e-09,
        "dvar": 1.65748118494e-17,
        "dvar2": 3.84572214818e-17,
        "max": -1.55166027596e-13,
        "mean": -7.21540560633e-09,
        "median": -5.78904346682e-09,
        "min": -2.96724724791e-08,
        "var": 3.33888013186e-17
    },
    "spectral_energy": {
        "dmean": 0.0120638273656,
        "dmean2": 0.0181546062231,
        "dvar": 0.000256658589933,
        "dvar2": 0.000587372633163,
        "max": 0.115165777504,
        "mean": 0.0295401401818,
        "median": 0.0241191387177,
        "min": 6.41043641281e-07,
        "var": 0.000518142594956
    },
    "spectral_energyband_high": {
        "dmean": 0.00119430944324,
        "dmean2": 0.00182067044079,
        "dvar": 4.28348585046e-06,
        "dvar2": 9.51523452386e-06,
        "max": 0.0147060109302,
        "mean": 0.00160646508448,
        "median": 0.000695949012879,
        "min": 1.637852165e-08,
        "var": 5.36685593033e-06
    },
    "spectral_energyband_low": {
        "dmean": 0.00632179528475,
        "dmean2": 0.0089724175632,
        "dvar": 0.000107619955088,
        "dvar2": 0.000239710512687,
        "max": 0.103324502707,
        "mean": 0.0117511693388,
        "median": 0.00455517787486,
        "min": 9.94505899854e-09,
        "var": 0.000230868739891
    },
    "spectral_energyband_middle_high": {
        "dmean": 0.00261630513705,
        "dmean2": 0.00393133005127,
        "dvar": 1.26195518533e-05,
        "dvar2": 3.04281893477e-05,
        "max": 0.0416104607284,
        "mean": 0.00574518693611,
        "median": 0.00419600214809,
        "min": 1.64719793361e-07,
        "var": 3.28443966282e-05
    },
    "spectral_energyband_middle_low": {
        "dmean": 0.00774078071117,
        "dmean2": 0.0122067481279,
        "dvar": 0.000208586498047,
        "dvar2": 0.000516284897458,
        "max": 0.0970781743526,
        "mean": 0.0112319495529,
        "median": 0.00645500188693,
        "min": 4.54153394003e-07,
        "var": 0.000207591510843
    },
    "spectral_entropy": {
        "dmean": 0.174085214734,
        "dmean2": 0.251662522554,
        "dvar": 0.0350178405643,
        "dvar2": 0.0676966458559,
        "max": 8.40308856964,
        "mean": 7.74916315079,
        "median": 7.76978302002,
        "min": 5.75496053696,
        "var": 0.11896776408
    },
    "spectral_flux": {
        "dmean": 0.0319780409336,
        "dmean2": 0.0465584658086,
        "dvar": 0.00146363675594,
        "dvar2": 0.002417730866,
        "max": 0.325163990259,
        "mean": 0.0991822257638,
        "median": 0.08293723315,
        "min": 0.000800652022008,
        "var": 0.00360601767898
    },
    "spectral_kurtosis": {
        "dmean": 1.20981287956,
        "dmean2": 2.00088715553,
        "dvar": 1.70318233967,
        "dvar2": 4.90304660797,
        "max": 17.5958118439,
        "mean": 1.80569636822,
        "median": 1.45260095596,
        "min": -0.94248342514,
        "var": 3.20232319832
    },
    "spectral_rms": {
        "dmean": 0.00107405567542,
        "dmean2": 0.00154165946878,
        "dvar": 1.57369947829e-06,
        "dvar2": 3.287164418e-06,
        "max": 0.0105998516083,
        "mean": 0.00494322786108,
        "median": 0.00485086254776,
        "min": 2.50081684499e-05,
        "var": 4.3841491788e-06
    },
    "spectral_rolloff": {
        "dmean": 968.377502441,
        "dmean2": 1523.34509277,
        "dvar": 1732128.5,
        "dvar2": 3380370.5,
        "max": 8053.41796875,
        "mean": 2113.65551758,
        "median": 1421.19140625,
        "min": 86.1328125,
        "var": 3723642.25
    },
    "spectral_skewness": {
        "dmean": 0.218498930335,
        "dmean2": 0.332759439945,
        "dvar": 0.0432865954936,
        "dvar2": 0.102508507669,
        "max": 3.18139719963,
        "mean": 1.01123034954,
        "median": 1.02343595028,
        "min": -0.206201389432,
        "var": 0.144207641482
    },
    "spectral_spread": {
        "dmean": 562327.75,
        "dmean2": 814417,
        "dvar": 268635275264,
        "dvar2": 572641968128,
        "max": 8695972,
        "mean": 4511540,
        "median": 4463313,
        "min": 2186383.75,
        "var": 883997802496
    },
    "spectral_strongpeak": {
        "dmean": 0.437307327986,
        "dmean2": 0.747382223606,
        "dvar": 0.528755903244,
        "dvar2": 1.29712498188,
        "max": 9.59972667694,
        "mean": 0.767519116402,
        "median": 0.510731577873,
        "min": 0,
        "var": 0.755874335766
    },
    "zerocrossingrate": {
        "dmean": 0.0174918249249,
        "dmean2": 0.0199411176145,
        "dvar": 0.000304954563035,
        "dvar2": 0.000359068537364,
        "max": 0.28857421875,
        "mean": 0.0740610361099,
        "median": 0.0654296875,
        "min": 0.00537109375,
        "var": 0.0018557626754
    },
    "barkbands": {
        "dmean": [3.86125902878e-05, 0.00429271301255, 0.00273921363987, 0.00174401677214, 0.00466410955414, 0.00121980393305, 0.000891856150702, 0.000984387239441, 0.001100046793, 0.00053940952057, 0.000425487261964, 0.000671471061651, 0.00053369422676, 0.000355043652235, 0.000392359273974, 0.000313455384457, 0.000278513820376, 0.00019689569308, 0.000173141161213, 0.000266381946858, 0.000202603070647, 0.000272943987511, 0.000288018112769, 0.000378256314434, 4.9039033911e-05, 4.4091024165e-08, 1.18224763312e-09],
        "dmean2": [6.74502880429e-05, 0.0062594008632, 0.00443762959912, 0.00314677902497, 0.00842159986496, 0.00183430395555, 0.00139137776569, 0.00152984552551, 0.0016935095191, 0.000870304298587, 0.000688685686328, 0.0011105769081, 0.000858956307638, 0.000576740945689, 0.000644589134026, 0.000501203758176, 0.000448451115517, 0.000308660586597, 0.000278038147371, 0.000412310793763, 0.000323092914186, 0.000421922042733, 0.000447018479463, 0.000585647649132, 7.61619667173e-05, 7.2298711018e-08, 2.16963025323e-09],
        "dvar": [4.59654749818e-08, 6.20026839897e-05, 4.24341014877e-05, 2.57089359366e-05, 0.000159334056661, 5.07585127707e-06, 1.66316465311e-06, 5.29049066245e-06, 7.31995123715e-06, 1.00332658803e-06, 8.88767374363e-07, 3.4644031075e-06, 1.30344540139e-06, 3.31261276187e-07, 5.30906447693e-07, 2.67334485216e-07, 1.98504594096e-07, 8.84371615939e-08, 6.29738110547e-08, 1.69821902318e-07, 1.42909868828e-07, 2.0587449967e-07, 2.5638090051e-07, 4.86553119572e-07, 8.00815591617e-09, 1.16087855949e-14, 3.02548877744e-18],
        "dvar2": [1.34014157993e-07, 0.000143122771988, 0.000103188533103, 7.10178064764e-05, 0.000450845429441, 1.10118671728e-05, 3.76603293262e-06, 1.1391623957e-05, 1.76987523446e-05, 2.54998644778e-06, 2.42771307057e-06, 9.76917090156e-06, 2.89642616735e-06, 8.60162629124e-07, 1.40028066653e-06, 6.96081599472e-07, 5.20956916716e-07, 2.01288457902e-07, 1.48838935843e-07, 3.5645550156e-07, 3.49961283064e-07, 4.95189283356e-07, 5.62869672649e-07, 1.06797949684e-06, 1.84841066897e-08, 2.94624723652e-14, 9.68719818039e-18],
        "max": [0.00406858325005, 0.0823584571481, 0.0883861929178, 0.03194655478, 0.0843836963177, 0.0357977822423, 0.0145112834871, 0.0380211174488, 0.0370318703353, 0.0129112461582, 0.015539355576, 0.0382488891482, 0.0156029406935, 0.00565595552325, 0.00849476084113, 0.00477085635066, 0.00488720741123, 0.00358957611024, 0.00414287112653, 0.00331812212244, 0.00326287210919, 0.00326040759683, 0.00338312843814, 0.00495857186615, 0.000696085277013, 1.05680146589e-06, 1.81406516475e-08],
        "mean": [3.22483028867e-05, 0.00771452859044, 0.00329062412493, 0.00135711662006, 0.00392295513302, 0.00169329287019, 0.00131317623891, 0.00124568270985, 0.00157284538727, 0.000717799004633, 0.000567812239751, 0.000950773421209, 0.000744256889448, 0.000511878693942, 0.000581790751312, 0.000429061474279, 0.000418008625275, 0.000337479432346, 0.000300632411381, 0.000380636774935, 0.000292938901111, 0.000366212974768, 0.000349238311173, 0.00040044967318, 4.86524368171e-05, 4.06223925609e-08, 9.25335752466e-10],
        "median": [7.65765980759e-06, 0.00103476922959, 0.000952736707404, 0.000169443315826, 0.00108699826524, 0.00050227122847, 0.000619293539785, 0.00033725699177, 0.000428548548371, 0.000299128179904, 0.000188187681488, 0.000294687895803, 0.000304218992824, 0.000236043939367, 0.000182785501238, 0.00018933150568, 0.000228894525208, 0.000189468468307, 0.000206810203963, 0.000203012095881, 0.00015449692728, 0.000164953497006, 0.000123121179058, 0.000111237466626, 1.4334493244e-05, 1.06530446686e-08, 3.44287265364e-10],
        "min": [2.35869768161e-10, 1.2733369914e-09, 5.55098367272e-09, 6.51260911866e-09, 7.57973879217e-08, 2.49601669111e-07, 1.71916720859e-08, 3.66690819931e-08, 6.4577882597e-08, 7.59991891641e-09, 5.25285450692e-08, 9.7196979354e-09, 9.97068383413e-09, 6.63823551683e-10, 2.48339726561e-09, 1.40794469417e-08, 1.52130912312e-08, 2.24365526158e-09, 4.76375170422e-08, 6.295294952e-09, 3.22051252333e-09, 4.47315295915e-09, 1.53022061689e-09, 4.90553775379e-09, 2.4574806079e-10, 6.09376785143e-12, 7.6170961899e-12],
        "var": [2.57305838858e-08, 0.00013512953592, 4.04647944379e-05, 1.67243251781e-05, 0.000100196506537, 1.02435524241e-05, 3.09305141855e-06, 8.21129833639e-06, 1.26714512589e-05, 1.5344600115e-06, 1.26804104639e-06, 6.68736993248e-06, 2.08481787922e-06, 5.82992754516e-07, 9.73450028141e-07, 3.68321991573e-07, 2.5717730523e-07, 1.79877119422e-07, 1.22464257402e-07, 2.38925565554e-07, 1.61686273259e-07, 2.54163694535e-07, 3.2267411143e-07, 5.51122866455e-07, 8.43307468301e-09, 9.62588570051e-15, 2.36151172692e-18]
    },
    "erbbands": {
        "dmean": [0.0603190921247, 1.17721045017, 3.14949631691, 4.38094949722, 11.1248807907, 16.2140598297, 12.2618017197, 8.95814609528, 12.1756782532, 14.7684288025, 21.0631580353, 27.5548725128, 12.829044342, 17.6333751678, 19.1297988892, 25.6151676178, 25.4316139221, 15.5807991028, 19.3131542206, 19.0629997253, 17.8927383423, 13.9987344742, 10.8327875137, 8.7374420166, 12.4501934052, 11.6563873291, 7.67427396774, 8.48967075348, 11.1008043289, 8.09304904938, 9.05114746094, 8.66366672516, 4.8642077446, 1.14499986172, 0.0569562576711, 0.00274680159055, 0.000203392468393, 3.54314652213e-05, 1.41966384035e-05, 1.65615510923e-05],
        "dmean2": [0.0856041461229, 1.71643912792, 4.8331451416, 7.42076206207, 19.6928024292, 29.579498291, 19.9559135437, 13.5233287811, 18.6342391968, 24.0524578094, 32.0461158752, 42.3828773499, 19.2751293182, 28.863111496, 31.0718517303, 41.3557891846, 40.3700790405, 25.1889095306, 30.9716529846, 31.1817817688, 28.792301178, 22.3859233856, 16.9303913116, 13.4704141617, 19.8218479156, 18.2418632507, 12.1886644363, 13.5164966583, 17.5113945007, 12.394821167, 14.1456661224, 13.4655075073, 7.54286718369, 1.75173437595, 0.0899664461613, 0.00430903630331, 0.000309151684633, 5.36039733561e-05, 2.10364305531e-05, 2.48181841016e-05],
        "dvar": [0.0118972640485, 4.58651542664, 42.0159339905, 142.161972046, 992.131286621, 1973.22155762, 624.508972168, 195.696975708, 324.759613037, 908.395141602, 2392.8996582, 5373.84960938, 759.156005859, 942.577819824, 1449.94372559, 6321.20263672, 3022.44311523, 634.003662109, 1219.80627441, 1432.61877441, 824.31427002, 548.635070801, 263.540649414, 138.905349731, 367.578063965, 322.917327881, 193.870620728, 231.249710083, 373.631866455, 193.046722412, 262.660186768, 258.454711914, 74.911239624, 4.14945793152, 0.0180368032306, 3.79207849619e-05, 1.41858464531e-07, 3.85657639157e-09, 3.69481223395e-10, 4.00149913204e-10],
        "dvar2": [0.0256229508668, 10.5742959976, 97.7857208252, 369.990478516, 2710.15893555, 5654.01953125, 1584.81262207, 430.826080322, 723.242492676, 2272.06689453, 4765.95507812, 13127.6318359, 1494.50878906, 2408.10449219, 3923.77075195, 16040.5820312, 6554.28955078, 1533.46533203, 3200.44458008, 3793.49267578, 2135.31079102, 1434.27502441, 618.709960938, 299.32510376, 841.760986328, 709.671630859, 474.708404541, 547.146179199, 916.403503418, 442.213287354, 573.683288574, 566.704284668, 161.653244019, 9.30555725098, 0.0420862361789, 8.74593533808e-05, 3.12123916046e-07, 8.33769764341e-09, 7.85191356378e-10, 8.75548744617e-10],
        "max": [0.974099397659, 22.6016960144, 78.1967926025, 91.6367111206, 199.359191895, 289.169342041, 318.497070312, 159.684707642, 236.249694824, 576.782287598, 1035.40026855, 960.942260742, 524.900634766, 333.914978027, 584.609558105, 1980.6619873, 766.623413086, 333.902313232, 421.750793457, 411.278778076, 254.239486694, 294.523468018, 190.06803894, 171.200027466, 217.590286255, 167.717193604, 125.375297546, 115.533843994, 145.752487183, 93.1229782104, 114.49055481, 115.363380432, 59.8406562805, 15.0064229965, 1.22930073738, 0.0542004816234, 0.00278748571873, 0.000411702028941, 0.000130954998895, 0.00013272635988],
        "mean": [0.104700930417, 2.09932279587, 4.55745649338, 4.17907381058, 9.01703357697, 13.4439678192, 14.995557785, 12.5698928833, 18.253156662, 20.4835205078, 29.9072399139, 39.4651412964, 19.5041656494, 25.9167308807, 28.667509079, 38.1309738159, 36.829662323, 23.666185379, 32.5931892395, 26.0613193512, 25.8503284454, 21.7613945007, 18.6366443634, 16.4363899231, 18.673658371, 17.4683227539, 11.974943161, 11.8046550751, 14.3478107452, 10.6551961899, 10.6320476532, 9.35015487671, 5.18347883224, 1.19355893135, 0.0535458251834, 0.00268059107475, 0.00022662509582, 4.21935183113e-05, 2.59153148363e-05, 3.86236715713e-05],
        "median": [0.0166930388659, 0.375926613808, 1.96294629574, 1.32367801666, 1.63813602924, 3.61198067665, 3.80531072617, 4.57819890976, 7.96651172638, 9.16878032684, 10.5747623444, 11.178062439, 8.11276626587, 12.0304908752, 11.7248277664, 12.6749334335, 15.6078796387, 13.0448007584, 11.6882944107, 8.79207324982, 12.4109134674, 12.2472219467, 10.5849924088, 10.9524173737, 10.9585914612, 9.8291425705, 6.74283790588, 5.94371461868, 6.41185617447, 4.26239347458, 3.57354593277, 2.66749215126, 1.50127756596, 0.363080620766, 0.0108548533171, 0.000594128156081, 7.43985074223e-05, 1.57172653417e-05, 1.92068655451e-05, 3.12722768285e-05],
        "min": [9.89120536588e-08, 4.21272858375e-07, 4.64203048978e-06, 1.60964282259e-05, 0.000104267674033, 0.000241028334131, 0.00137852528132, 0.00165791728068, 0.000199507470825, 0.000826197327115, 0.000706214632373, 0.00157792225946, 0.000511859427206, 0.000773593550548, 0.00170285953209, 0.00040728788008, 0.000580571533646, 6.06530957157e-05, 0.000112875684863, 0.000264136731857, 0.00104947050568, 0.000687209540047, 0.000243022994255, 0.00293821981177, 0.000670328794513, 0.000244075752562, 0.000208208599361, 9.42265469348e-05, 0.000157433591085, 9.80650802376e-05, 5.46679984836e-05, 0.000138884264743, 3.78386612283e-05, 6.02158570473e-06, 2.11241285797e-07, 3.55071705371e-08, 9.97238824851e-09, 5.15600451223e-09, 1.47476098e-09, 9.30200472204e-10],
        "var": [0.0246514622122, 9.88502693176, 51.1799354553, 107.119552612, 692.92590332, 1193.32043457, 953.453735352, 370.739746094, 661.873413086, 1200.83569336, 4029.47631836, 8685.98925781, 1678.046875, 1570.30627441, 2506.78540039, 12421.1601562, 4941.95068359, 1032.39001465, 3028.52685547, 1888.50390625, 1148.80517578, 708.363342285, 480.508026123, 335.400787354, 567.721069336, 456.546569824, 234.543380737, 268.929138184, 420.914306641, 250.861618042, 321.76373291, 297.209014893, 86.5552825928, 4.62123918533, 0.0172306429595, 3.73755865439e-05, 1.60354773016e-07, 4.60274751646e-09, 5.4150978146e-10, 7.87732656882e-10]
    },
    "gfcc": {
        "mean": [-10.146897316, 101.73992157, -155.009994507, 60.6115531921, -86.0264587402, 23.9228153229, -36.9842567444, -3.63762307167, -5.69299983978, -18.4746952057, 7.33456230164, -19.7563400269, 2.62115812302],
        "cov": [[4075.78833008, -151.652069092, -19.4537258148, 175.819366455, 55.6522407532, 329.06048584, 65.3710784912, 249.443878174, 70.6410827637, 146.563430786, 21.1448917389, 4.20371866226, 20.8030052185], [-151.652069092, 1193.5703125, 315.526611328, 47.4366798401, 570.922363281, 112.012611389, 355.107635498, 101.998352051, 149.511703491, -65.1177902222, 92.1879043579, -101.375747681, -11.6119251251], [-19.4537258148, 315.526611328, 852.897399902, 432.499481201, 261.575958252, 196.276992798, 135.116836548, 136.233612061, 29.2659301758, 11.1324796677, 19.2723846436, -34.9758071899, -19.3874855042], [175.819366455, 47.4366798401, 432.499481201, 436.828491211, 261.532592773, 155.217422485, 58.8472671509, 95.2792816162, 77.6880950928, 45.4525146484, -9.32015609741, -6.17024946213, 23.4986953735], [55.6522407532, 570.922363281, 261.575958252, 261.532592773, 594.77532959, 229.005661011, 246.710968018, 155.000396729, 171.481216431, 31.5171089172, 46.7235832214, -57.4740562439, 21.4068622589], [329.06048584, 112.012611389, 196.276992798, 155.217422485, 229.005661011, 297.296600342, 220.627609253, 180.806427002, 89.6599960327, 69.2980117798, 42.6190567017, -3.9929702282, -6.77842855453], [65.3710784912, 355.107635498, 135.116836548, 58.8472671509, 246.710968018, 220.627609253, 404.620361328, 195.744247437, 118.590515137, 29.4549751282, 82.5027008057, -18.6088905334, -25.4056625366], [249.443878174, 101.998352051, 136.233612061, 95.2792816162, 155.000396729, 180.806427002, 195.744247437, 232.953033447, 127.270141602, 71.9147491455, 41.1421318054, -6.4322309494, -6.43886947632], [70.6410827637, 149.511703491, 29.2659301758, 77.6880950928, 171.481216431, 89.6599960327, 118.590515137, 127.270141602, 182.337127686, 76.469909668, 32.7982025146, -8.54301261902, 16.6011867523], [146.563430786, -65.1177902222, 11.1324796677, 45.4525146484, 31.5171089172, 69.2980117798, 29.4549751282, 71.9147491455, 76.469909668, 100.632850647, 44.6199493408, 26.3606624603, 14.7544813156], [21.1448917389, 92.1879043579, 19.2723846436, -9.32015609741, 46.7235832214, 42.6190567017, 82.5027008057, 41.1421318054, 32.7982025146, 44.6199493408, 96.4822235107, 49.8878440857, 12.3740282059], [4.20371866226, -101.375747681, -34.9758071899, -6.17024946213, -57.4740562439, -3.9929702282, -18.6088905334, -6.4322309494, -8.54301261902, 26.3606624603, 49.8878440857, 95.5205001831, 49.954158783], [20.8030052185, -11.6119251251, -19.3874855042, 23.4986953735, 21.4068622589, -6.77842855453, -25.4056625366, -6.43886947632, 16.6011867523, 14.7544813156, 12.3740282059, 49.954158783, 80.9044113159]],
        "icov": [[0.000341444043443, -0.000379925593734, 0.000492858525831, -0.00066947855521, 0.000590537441894, -0.000687212916091, 0.000428575294791, -0.000568177376408, 0.000489583937451, -0.00028315835516, -0.000223580776947, 0.000462597148726, -0.000254490500083], [-0.000379925593734, 0.00547475367785, -0.00341721344739, 0.00506775034592, -0.00526856957003, 0.00274665746838, -0.00220054131933, 0.00237510888837, -0.00364125310443, 0.00495755206794, -0.00409334572032, 0.00284601957537, -0.00157332129311], [0.000492858525831, -0.00341721344739, 0.00557671673596, -0.00711666420102, 0.00421965308487, -0.00262052635662, 0.00191511644516, -0.00323033030145, 0.00371897942387, -0.000687295512762, -0.00168097158894, 0.00174229301047, 0.000338014418958], [-0.00066947855521, 0.00506775034592, -0.00711666420102, 0.0132278939709, -0.00818806514144, 0.00279541104101, -0.00201784516685, 0.00369425071403, -0.00435505574569, 4.82308169012e-05, 0.00444301730022, -0.00409914227203, 0.000149448678712], [0.000590537441894, -0.00526856957003, 0.00421965308487, -0.00818806514144, 0.0112686185166, -0.00642967782915, 0.00249347719364, -0.00148756732233, -0.000315306941047, 0.00111351360101, -0.0037834267132, 0.00576242152601, -0.00349202356301], [-0.000687212916091, 0.00274665746838, -0.00262052635662, 0.00279541104101, -0.00642967782915, 0.013936502859, -0.00591648742557, -0.00247787358239, 0.00333575252444, -0.00627445057034, 0.00505587132648, -0.00421971920878, 0.00223678583279], [0.000428575294791, -0.00220054131933, 0.00191511644516, -0.00201784516685, 0.00249347719364, -0.00591648742557, 0.00939562451094, -0.00447141844779, -0.0013530345168, 0.00568371452391, -0.00682586198673, 0.0024353095796, 0.0008394884062], [-0.000568177376408, 0.00237510888837, -0.00323033030145, 0.00369425071403, -0.00148756732233, -0.00247787358239, -0.00447141844779, 0.0152308801189, -0.00787017308176, -0.000887177709956, 0.00141123635694, -0.000798371096607, 0.000687762687448], [0.000489583937451, -0.00364125310443, 0.00371897942387, -0.00435505574569, -0.000315306941047, 0.00333575252444, -0.0013530345168, -0.00787017308176, 0.0201098006219, -0.015357513912, 0.00578455347568, 0.00013841719192, -0.00147659413051], [-0.00028315835516, 0.00495755206794, -0.000687295512762, 4.82308169012e-05, 0.00111351360101, -0.00627445057034, 0.00568371452391, -0.000887177709956, -0.015357513912, 0.0364679843187, -0.0225262716413, 0.00893818959594, -0.00407338608056], [-0.000223580776947, -0.00409334572032, -0.00168097158894, 0.00444301730022, -0.0037834267132, 0.00505587132648, -0.00682586198673, 0.00141123635694, 0.00578455347568, -0.0225262716413, 0.0420373231173, -0.0293448641896, 0.011780791916], [0.000462597148726, 0.00284601957537, 0.00174229301047, -0.00409914227203, 0.00576242152601, -0.00421971920878, 0.0024353095796, -0.000798371096607, 0.00013841719192, 0.00893818959594, -0.0293448641896, 0.0421931818128, -0.022501712665], [-0.000254490500083, -0.00157332129311, 0.000338014418958, 0.000149448678712, -0.00349202356301, 0.00223678583279, 0.0008394884062, 0.000687762687448, -0.00147659413051, -0.00407338608056, 0.011780791916, -0.022501712665, 0.0268048401922]]
    },
    "melbands": {
        "dmean": [0.000888522714376, 0.00159674766473, 0.000828461488709, 0.0010886824457, 0.000464685697807, 0.000205366814043, 0.000183060852578, 0.00018146407092, 0.00018316617934, 0.000158031121828, 6.58314747852e-05, 7.56760928198e-05, 6.3486972067e-05, 7.93885628809e-05, 6.88459767844e-05, 4.12900080846e-05, 3.04455734295e-05, 3.38575446222e-05, 2.75304500974e-05, 2.10032249015e-05, 2.19992343773e-05, 1.50542709889e-05, 1.40571501106e-05, 9.64429546002e-06, 7.38015523893e-06, 7.4264326031e-06, 1.17353174574e-05, 6.85243912812e-06, 4.85100463266e-06, 5.13147597303e-06, 4.90430102218e-06, 7.05664433553e-06, 4.87072338728e-06, 4.80423113913e-06, 5.67133156437e-06, 5.49207561562e-06, 4.76436480312e-06, 3.99072132495e-06, 1.9445194539e-06, 5.96399331698e-07],
        "dmean2": [0.00128758442588, 0.00236965576187, 0.00133082084358, 0.00196321262047, 0.000783708761446, 0.000307845271891, 0.000281499844277, 0.000288942654151, 0.000276444712654, 0.000243714137468, 9.9997909274e-05, 0.00012389710173, 0.00010172506154, 0.000132845685584, 0.000107838481199, 6.53950992273e-05, 5.00575661135e-05, 5.40212240594e-05, 4.58631075162e-05, 3.41527811543e-05, 3.57834869646e-05, 2.46799809247e-05, 2.25213516387e-05, 1.53209584823e-05, 1.15512193588e-05, 1.19998067021e-05, 1.87271562027e-05, 1.09048169179e-05, 7.7163485912e-06, 8.40423399495e-06, 7.73070678406e-06, 1.15954298963e-05, 7.31109912522e-06, 7.54811526349e-06, 8.88382601261e-06, 8.76929971128e-06, 7.3613650784e-06, 6.29621536063e-06, 2.93597918244e-06, 9.52865264026e-07],
        "dvar": [2.62745925284e-06, 8.29234068078e-06, 4.20303740611e-06, 9.31429167395e-06, 9.61113187259e-07, 1.08130862486e-07, 7.02635176708e-08, 1.38365692237e-07, 1.4984196639e-07, 1.66927094369e-07, 2.03749959127e-08, 1.77372712074e-08, 1.76568839549e-08, 5.86694568483e-08, 1.99241956267e-08, 7.24986204403e-09, 2.62871924228e-09, 3.86710130584e-09, 3.05732061889e-09, 1.52612666948e-09, 1.20661536318e-09, 6.61980803507e-10, 5.07755892887e-10, 2.17457718499e-10, 1.01711507272e-10, 1.38620295798e-10, 3.36812217006e-10, 1.13312484396e-10, 7.72915412228e-11, 9.70648630916e-11, 7.10059788744e-11, 1.68642350085e-10, 6.01863767158e-11, 7.42087225003e-11, 1.04105161991e-10, 1.03110228689e-10, 7.69070501727e-11, 5.51064714693e-11, 9.29995403604e-12, 1.69695160701e-12],
        "dvar2": [5.89654064242e-06, 1.86515153473e-05, 1.01408895716e-05, 2.6186253308e-05, 2.63624497165e-06, 2.348086241e-07, 1.57488273089e-07, 3.40440209357e-07, 3.12264603508e-07, 4.08872239177e-07, 4.12380352088e-08, 4.61506530769e-08, 4.73555630265e-08, 1.71968082441e-07, 4.72339394264e-08, 1.6036585393e-08, 6.47353637362e-09, 1.04296455916e-08, 8.14684675277e-09, 3.94112120716e-09, 3.1661762101e-09, 1.76073711167e-09, 1.30772481732e-09, 5.13382336642e-10, 2.29574761978e-10, 3.49030943037e-10, 7.03889224685e-10, 2.60243465666e-10, 1.91475515998e-10, 2.48738918351e-10, 1.64359872934e-10, 4.33494184993e-10, 1.32344066262e-10, 1.73811021131e-10, 2.31270891327e-10, 2.22815155215e-10, 1.71017755513e-10, 1.23571833321e-10, 1.91726755999e-11, 4.06939629563e-12],
        "max": [0.0159634314477, 0.0284572690725, 0.0132174417377, 0.0213105212897, 0.00823738053441, 0.00430714664981, 0.00342648103833, 0.00627552159131, 0.00766541948542, 0.005256915465, 0.00260360003449, 0.00159611681011, 0.00238105678, 0.00457349047065, 0.00271077896468, 0.00125560525339, 0.000711621774826, 0.000789190758951, 0.000730676110834, 0.000438642979134, 0.000331318791723, 0.000312800577376, 0.0002682726481, 0.000192888226593, 0.000144517354784, 0.000154786423082, 0.000132819768623, 0.000110361113911, 7.58587702876e-05, 8.73532699188e-05, 6.46603875794e-05, 0.000105329498183, 5.48240459466e-05, 6.4838459366e-05, 7.82572387834e-05, 7.1656628279e-05, 6.71565358061e-05, 5.23215458088e-05, 2.29781180678e-05, 1.04746959551e-05],
        "mean": [0.00161293882411, 0.00269177323207, 0.000834452104755, 0.00088389281882, 0.0005276024458, 0.000291850359645, 0.000272581499303, 0.000240324472543, 0.000263592781266, 0.000223887691391, 9.37884469749e-05, 0.000107241889054, 9.03919062694e-05, 0.00010942692461, 9.73882270046e-05, 5.86870337429e-05, 4.18303970946e-05, 5.44336944586e-05, 3.77356736863e-05, 2.9113221899e-05, 3.05767280224e-05, 2.18127497646e-05, 2.10939269891e-05, 1.57490721904e-05, 1.28335323097e-05, 1.17404561024e-05, 1.54388926603e-05, 1.03824831967e-05, 7.37291520636e-06, 6.94261734679e-06, 6.65347215545e-06, 8.45586691867e-06, 6.72053602102e-06, 5.92102242081e-06, 6.51550590192e-06, 5.99878148932e-06, 5.14683461006e-06, 4.04783122576e-06, 2.21148684432e-06, 5.49776359549e-07],
        "median": [0.00021433980146, 0.00109055172652, 0.000245345465373, 0.000203438350582, 0.000149083221913, 0.00010105731053, 0.000126892395201, 9.60585311987e-05, 9.01701278053e-05, 6.21603030595e-05, 3.64915795217e-05, 4.85584023409e-05, 3.40492333635e-05, 3.05277171719e-05, 3.87721156585e-05, 2.67009909294e-05, 2.08391011256e-05, 1.87045625353e-05, 1.24056832647e-05, 1.19703408927e-05, 1.45874710142e-05, 1.21749289974e-05, 1.09849252112e-05, 8.45049271447e-06, 8.08271943242e-06, 7.13074086889e-06, 7.80939808465e-06, 5.85720226809e-06, 3.92337551602e-06, 3.68087444258e-06, 3.24424308928e-06, 3.70719271814e-06, 2.92376103062e-06, 2.18774925997e-06, 2.09072914004e-06, 1.74000308562e-06, 1.48362062191e-06, 1.12153315968e-06, 7.76936531111e-07, 1.26079555685e-07],
        "min": [4.55196019766e-10, 1.74374259476e-09, 4.53111548282e-09, 1.14771694371e-08, 4.80764725808e-08, 3.89642700327e-08, 2.58382604201e-09, 9.49356060431e-09, 6.77027411911e-09, 9.50861878124e-09, 2.18815721098e-09, 2.60087906767e-09, 7.37111838234e-09, 1.04515451849e-09, 1.34584676736e-09, 8.75935435296e-10, 2.61353334807e-11, 1.67435190712e-10, 1.87815929475e-10, 6.99807156668e-10, 1.32433197741e-09, 9.05236219317e-10, 1.76446524058e-10, 1.39127168119e-10, 2.87429857693e-09, 9.08442765457e-10, 2.60428206778e-10, 1.16399861971e-10, 1.56870252899e-10, 6.7567958173e-11, 4.85764553582e-11, 9.5154904789e-11, 8.37773184159e-11, 4.0871001028e-11, 2.27574903366e-11, 6.66752000833e-11, 8.31451990591e-11, 2.36467494891e-11, 1.8613026051e-11, 5.83431144108e-13],
        "var": [5.76838829147e-06, 1.41939417517e-05, 3.77192850465e-06, 5.9381382016e-06, 1.01329976587e-06, 2.15792553604e-07, 1.37298471259e-07, 1.89269670159e-07, 2.62883190771e-07, 2.72022646186e-07, 4.30075424163e-08, 2.85348100704e-08, 2.65843773661e-08, 1.00077052423e-07, 3.85707821238e-08, 1.10537916598e-08, 3.91972720948e-09, 9.4506260595e-09, 4.34523084181e-09, 2.08651762534e-09, 1.60708080177e-09, 7.70775110404e-10, 7.4265077421e-10, 4.01057104193e-10, 2.27657698249e-10, 2.39723657591e-10, 4.45332298815e-10, 1.61145055633e-10, 9.56573986688e-11, 9.87178463974e-11, 8.77004094346e-11, 1.6286885729e-10, 8.9009598303e-11, 8.78009123739e-11, 1.24572976934e-10, 1.18448278963e-10, 8.87385998016e-11, 5.8829927041e-11, 1.22262842212e-11, 1.57055314934e-12]
    },
    "mfcc": {
        "mean": [-620.503845215, 91.5361022949, 1.43982613087, 17.2614383698, -3.88236117363, 6.46126508713, -5.85450220108, 5.36688184738, -6.99600315094, 3.51467442513, -3.00755786896, 3.97277164459, -2.97439646721],
        "cov": [[4220.90966797, -311.874481201, -126.959640503, -112.590202332, 31.1811885834, 65.6542510986, 62.3589324951, 85.4911422729, 123.932609558, 173.186447144, 27.2782802582, 125.333305359, 90.0159683228], [-311.874481201, 1200.76672363, -40.2374839783, 143.075500488, 228.551696777, 135.116821289, 288.639556885, 208.072097778, 134.870803833, 108.547821045, 175.188659668, 56.6818847656, 4.77656030655], [-126.959640503, -40.2374839783, 674.382873535, 244.235031128, 148.392578125, 88.4163665771, 129.542739868, 80.006690979, 41.7322273254, 45.0522270203, 6.72534513474, 25.8601169586, 46.6976852417], [-112.590202332, 143.075500488, 244.235031128, 346.101318359, 266.677032471, 131.295394897, 87.1269989014, 74.8807678223, 101.335983276, 77.4283447266, 23.0529537201, 12.6614227295, 21.9577026367], [31.1811885834, 228.551696777, 148.392578125, 266.677032471, 429.385162354, 172.557647705, 104.145675659, 80.6446990967, 147.273727417, 120.19078064, 60.9855117798, 24.575586319, 17.6180934906], [65.6542510986, 135.116821289, 88.4163665771, 131.295394897, 172.557647705, 198.442642212, 150.602005005, 106.853927612, 98.3034057617, 93.7932128906, 65.013671875, 35.7550544739, 23.1455039978], [62.3589324951, 288.639556885, 129.542739868, 87.1269989014, 104.145675659, 150.602005005, 309.017456055, 198.396148682, 115.578849792, 100.979194641, 116.77671051, 65.3210067749, 54.7646446228], [85.4911422729, 208.072097778, 80.006690979, 74.8807678223, 80.6446990967, 106.853927612, 198.396148682, 206.426773071, 131.971343994, 113.842636108, 102.666244507, 64.0591278076, 48.1982078552], [123.932609558, 134.870803833, 41.7322273254, 101.335983276, 147.273727417, 98.3034057617, 115.578849792, 131.971343994, 189.247970581, 146.847732544, 91.7467269897, 45.9492988586, 30.4845352173], [173.186447144, 108.547821045, 45.0522270203, 77.4283447266, 120.19078064, 93.7932128906, 100.979194641, 113.842636108, 146.847732544, 186.71875, 113.778030396, 57.4877967834, 27.3488311768], [27.2782802582, 175.188659668, 6.72534513474, 23.0529537201, 60.9855117798, 65.013671875, 116.77671051, 102.666244507, 91.7467269897, 113.778030396, 160.071121216, 68.742515564, 34.3416061401], [125.333305359, 56.6818847656, 25.8601169586, 12.6614227295, 24.575586319, 35.7550544739, 65.3210067749, 64.0591278076, 45.9492988586, 57.4877967834, 68.742515564, 97.0120544434, 56.4268531799], [90.0159683228, 4.77656030655, 46.6976852417, 21.9577026367, 17.6180934906, 23.1455039978, 54.7646446228, 48.1982078552, 30.4845352173, 27.3488311768, 34.3416061401, 56.4268531799, 89.7100219727]],
