{
"lowlevel": {
    "average_loudness": 0.945160746574,
    "barkbands_crest": {
        "dmean": 3.0918443203,
        "dmean2": 5.18742656708,
        "dvar": 7.34538030624,
        "dvar2": 19.8199138641,
        "max": 23.1869049072,
        "mean": 10.9774961472,
        "median": 10.4103736877,
        "min": 2.96744680405,
        "var": 14.1358251572
    },
    "barkbands_flatness_db": {
        "dmean": 0.0287316776812,
        "dmean2": 0.0473155006766,
        "dvar": 0.000675979477819,
        "dvar2": 0.00180557637941,
        "max": 0.354744017124,
        "mean": 0.183688491583,
        "median": 0.183065891266,
        "min": 0.0288173668087,
        "var": 0.00222991849296
    },
    "barkbands_kurtosis": {
        "dmean": 4.4279460907,
        "dmean2": 7.64268827438,
        "dvar": 62.1973953247,
        "dvar2": 177.339309692,
        "max": 105.700897217,
        "mean": 4.9109044075,
        "median": 2.41665935516,
        "min": -1.80763816833,
        "var": 75.1783599854
    },
    "barkbands_skewness": {
        "dmean": 0.738688051701,
        "dmean2": 1.22965610027,
        "dvar": 0.627029836178,
        "dvar2": 1.68750655651,
        "max": 9.18517971039,
        "mean": 2.02741932869,
        "median": 1.87896943092,
        "min": -1.8895072937,
        "var": 1.50569629669
    },
    "barkbands_spread": {
        "dmean": 6.53617525101,
        "dmean2": 10.7840528488,
        "dvar": 39.0837440491,
        "dvar2": 100.610984802,
        "max": 82.4512710571,
        "mean": 22.1361598969,
        "median": 20.7746715546,
        "min": 1.63584518433,
        "var": 127.099250793
    },
    "dissonance": {
        "dmean": 0.0126830227673,
        "dmean2": 0.0218357183039,
        "dvar": 0.00014970342454,
        "dvar2": 0.000419976306148,
        "max": 0.49998614192,
        "mean": 0.476671367884,
        "median": 0.480075240135,
        "min": 0.380218982697,
        "var": 0.000251793913776
    },
    "dynamic_complexity": 2.27148008347,
    "erbbands_crest": {
        "dmean": 2.47124695778,
        "dmean2": 4.20802402496,
        "dvar": 4.72510910034,
        "dvar2": 12.9302492142,
        "max": 23.2329826355,
        "mean": 8.47744846344,
        "median": 7.80126333237,
        "min": 2.70509362221,
        "var": 9.9161529541
    },
    "erbbands_flatness_db": {
        "dmean": 0.0173671469092,
        "dmean2": 0.0263260472566,
        "dvar": 0.000286598515231,
        "dvar2": 0.000599715218414,
        "max": 0.310433536768,
        "mean": 0.175377503037,
        "median": 0.171256527305,
        "min": 0.0668156966567,
        "var": 0.00138636678457
    },
    "erbbands_kurtosis": {
        "dmean": 0.738640427589,
        "dmean2": 1.21943390369,
        "dvar": 0.644832849503,
        "dvar2": 1.70778024197,
        "max": 6.50182151794,
        "mean": -0.203855320811,
        "median": -0.553817749023,
        "min": -1.80112051964,
        "var": 1.61626374722
    },
    "erbbands_skewness": {
        "dmean": 0.354504525661,
        "dmean2": 0.574617564678,
        "dvar": 0.0897754952312,
        "dvar2": 0.247501447797,
        "max": 1.85369336605,
        "mean": -0.590749561787,
        "median": -0.570281624794,
        "min": -2.52327251434,
        "var": 0.306291282177
    },
    "erbbands_spread": {
        "dmean": 9.21831035614,
        "dmean2": 15.2591428757,
        "dvar": 74.4612960815,
        "dvar2": 194.643722534,
        "max": 117.341690063,
        "mean": 45.43983078,
        "median": 45.0455093384,
        "min": 10.8174324036,
        "var": 258.441772461
    },
    "hfc": {
        "dmean": 5.3248925209,
        "dmean2": 8.69586658478,
        "dvar": 54.5916748047,
        "dvar2": 146.071380615,
        "max": 108.47064209,
        "mean": 21.1987171173,
        "median": 18.049911499,
        "min": 1.16487888434e-16,
        "var": 211.957748413
    },
    "melbands_crest": {
        "dmean": 3.32667899132,
        "dmean2": 5.58890771866,
        "dvar": 7.70062923431,
        "dvar2": 20.0134143829,
        "max": 30.3915805817,
        "mean": 16.7195568085,
        "median": 16.3976898193,
        "min": 1.00057458878,
        "var": 19.6080665588
    },
    "melbands_flatness_db": {
        "dmean": 0.0356552712619,
        "dmean2": 0.0573351047933,
        "dvar": 0.00104470702354,
        "dvar2": 0.00274541857652,
        "max": 0.493220746517,
        "mean": 0.252202957869,
        "median": 0.252522110939,
        "min": 1.72573336954e-07,
        "var": 0.00417314888909
    },
    "melbands_kurtosis": {
        "dmean": 13.4779815674,
        "dmean2": 23.074344635,
        "dvar": 451.091033936,
        "dvar2": 1257.39025879,
        "max": 347.210571289,
        "mean": 22.1653652191,
        "median": 15.0169239044,
        "min": -1.50142526627,
        "var": 665.021179199
    },
    "melbands_skewness": {
        "dmean": 1.10223567486,
        "dmean2": 1.83445966244,
        "dvar": 1.30242359638,
        "dvar2": 3.42577028275,
        "max": 15.1286687851,
        "mean": 3.95812129974,
        "median": 3.74965047836,
        "min": -0.00425447709858,
        "var": 3.57289242744
    },
    "melbands_spread": {
        "dmean": 7.1221704483,
        "dmean2": 11.7476396561,
        "dvar": 58.2609939575,
        "dvar2": 143.528320312,
        "max": 141.709411621,
        "mean": 18.8627853394,
        "median": 15.5780687332,
        "min": 0.954030990601,
        "var": 175.829360962
    },
    "pitch_salience": {
        "dmean": 0.0799425989389,
        "dmean2": 0.133800253272,
        "dvar": 0.00487066805363,
        "dvar2": 0.0128837041557,
        "max": 0.996073186398,
        "mean": 0.488779753447,
        "median": 0.499765694141,
        "min": 0.11111254245,
        "var": 0.0103134242818
    },
    "silence_rate_20dB": {
        "dmean": 0,
        "dmean2": 0,
        "dvar": 0,
        "dvar2": 0,
        "max": 1,
        "mean": 1,
        "median": 1,
        "min": 1,
        "var": 0
    },
    "silence_rate_30dB": {
        "dmean": 0.0386398769915,
        "dmean2": 0.0773096233606,
        "dvar": 0.0371468365192,
        "dvar2": 0.0991652011871,
        "max": 1,
        "mean": 0.975280046463,
        "median": 1,
        "min": 0,
        "var": 0.0241085309535
    },
    "silence_rate_60dB": {
        "dmean": 0.00386398774572,
        "dmean2": 0.00773096270859,
        "dvar": 0.00384891824797,
        "dvar2": 0.00767148984596,
        "max": 1,
        "mean": 0.0359212048352,
        "median": 0,
        "min": 0,
        "var": 0.0346299596131
    },
    "spectral_centroid": {
        "dmean": 297.92074585,
        "dmean2": 486.855438232,
        "dvar": 106733.835938,
        "dvar2": 198301.328125,
        "max": 10919.2900391,
        "mean": 1380.78051758,
        "median": 1328.88098145,
        "min": 245.274703979,
        "var": 300665.78125
    },
    "spectral_complexity": {
        "dmean": 3.78670787811,
        "dmean2": 6.05643606186,
        "dvar": 15.0719137192,
        "dvar2": 36.9895896912,
        "max": 51,
        "mean": 21.1799926758,
        "median": 20,
        "min": 0,
        "var": 68.1577301025
    },
    "spectral_decrease": {
        "dmean": 4.74635264425e-09,
        "dmean2": 7.97343346903e-09,
        "dvar": 4.41900992875e-17,
        "dvar2": 1.16767435776e-16,
        "max": 8.09581203084e-29,
        "mean": -1.10185629509e-08,
        "median": -9.96516913432e-09,
        "min": -6.15145552274e-08,
        "var": 5.02434003927e-17
    },
    "spectral_energy": {
        "dmean": 0.0181851349771,
        "dmean2": 0.0305548235774,
        "dvar": 0.000640242302325,
        "dvar2": 0.00168876571115,
        "max": 0.235482603312,
        "mean": 0.0435093343258,
        "median": 0.0397472493351,
        "min": 1.0710198862e-20,
        "var": 0.000747086771298
    },
    "spectral_energyband_high": {
        "dmean": 0.000221530615818,
        "dmean2": 0.000359748490155,
        "dvar": 3.59448961262e-07,
        "dvar2": 9.51731465193e-07,
        "max": 0.00756556354463,
        "mean": 0.000447867932962,
        "median": 0.000129561740323,
        "min": 7.89322155348e-21,
        "var": 7.70667099914e-07
    },
    "spectral_energyband_low": {
        "dmean": 0.0164690762758,
        "dmean2": 0.0277758743614,
        "dvar": 0.000623109226581,
        "dvar2": 0.0016710908385,
        "max": 0.221656471491,
        "mean": 0.0276234261692,
        "median": 0.022327715531,
        "min": 1.21133504747e-22,
        "var": 0.000619242666289
    },
    "spectral_energyband_middle_high": {
        "dmean": 0.00171430199407,
        "dmean2": 0.0027826463338,
        "dvar": 4.49908748124e-06,
        "dvar2": 1.15598058983e-05,
        "max": 0.0387376174331,
        "mean": 0.00632748194039,
        "median": 0.00421253452078,
        "min": 1.64243899985e-21,
        "var": 3.06626898237e-05
    },
    "spectral_energyband_middle_low": {
        "dmean": 0.00526724290103,
        "dmean2": 0.00872603617609,
        "dvar": 4.52129861515e-05,
        "dvar2": 0.000115936760267,
        "max": 0.0793651640415,
        "mean": 0.012830206193,
        "median": 0.011282376945,
        "min": 3.18239312889e-22,
        "var": 7.9881901911e-05
    },
    "spectral_entropy": {
        "dmean": 0.190297320485,
        "dmean2": 0.285580396652,
        "dvar": 0.0346728041768,
        "dvar2": 0.0786384344101,
        "max": 9.79231262207,
        "mean": 7.32146167755,
        "median": 7.28622198105,
        "min": 6.03269052505,
        "var": 0.148358151317
    },
    "spectral_flux": {
        "dmean": 0.0347295962274,
        "dmean2": 0.054687872529,
        "dvar": 0.00168002094142,
        "dvar2": 0.00346414512023,
        "max": 0.394570380449,
        "mean": 0.105098508298,
        "median": 0.095403239131,
        "min": 1.05320745181e-10,
        "var": 0.00302013056353
    },
    "spectral_kurtosis": {
        "dmean": 2.48569607735,
        "dmean2": 4.30846118927,
        "dvar": 7.04379415512,
        "dvar2": 20.8492546082,
        "max": 32.1836433411,
        "mean": 5.59492444992,
        "median": 5.02360534668,
        "min": -1.22190034389,
        "var": 10.5662755966
    },
    "spectral_rms": {
        "dmean": 0.00125889154151,
        "dmean2": 0.00207699183375,
        "dvar": 1.99912392418e-06,
        "dvar2": 5.12783117301e-06,
        "max": 0.0151571473107,
        "mean": 0.00619151582941,
        "median": 0.00622718269005,
        "min": 3.23248741142e-12,
        "var": 4.11325663663e-06
    },
    "spectral_rolloff": {
        "dmean": 519.743469238,
        "dmean2": 913.493041992,
        "dvar": 614104,
        "dvar2": 1471318,
        "max": 18755.4199219,
        "mean": 1054.36877441,
        "median": 689.0625,
        "min": 86.1328125,
        "var": 1331607.125
    },
    "spectral_skewness": {
        "dmean": 0.267904937267,
        "dmean2": 0.451799213886,
        "dvar": 0.0619006082416,
        "dvar2": 0.184346109629,
        "max": 3.50394439697,
        "mean": 1.42209410667,
        "median": 1.42624425888,
        "min": 0.0287049915642,
        "var": 0.1189455688
    },
    "spectral_spread": {
        "dmean": 422043.9375,
        "dmean2": 623637.5,
        "dvar": 888488198144,
        "dvar2": 920203100160,
        "max": 42063596,
        "mean": 3320129.25,
        "median": 3050136.25,
        "min": 1608426.875,
        "var": 2.03837734912e+12
    },
    "spectral_strongpeak": {
        "dmean": 0.33745598793,
        "dmean2": 0.584538340569,
        "dvar": 0.372574627399,
        "dvar2": 1.03970456123,
        "max": 10.4779214859,
        "mean": 0.590171039104,
        "median": 0.472277998924,
        "min": 0,
        "var": 0.424762636423
    },
    "zerocrossingrate": {
        "dmean": 0.00748402345926,
        "dmean2": 0.0100313769653,
        "dvar": 0.000153370419866,
        "dvar2": 0.000251212128205,
        "max": 0.51123046875,
        "mean": 0.0435730181634,
        "median": 0.0390625,
        "min": 0.00830078125,
        "var": 0.000674993498251
    },
    "barkbands": {
        "dmean": [0.000166008219821, 0.0102280592546, 0.00790097471327, 0.0031521692872, 0.00247209379449, 0.000426100654295, 0.00052608124679, 0.000602157961112, 0.000439211755292, 0.000327325367834, 0.000287915958324, 0.000161563017173, 0.00031987024704, 0.000357039942173, 0.000404747057473, 0.000334639509674, 0.00081029732246, 0.000299275649013, 0.000175119290361, 0.000106914747448, 6.89470543875e-05, 6.10632705502e-05, 4.10744723922e-05, 3.18228339893e-05, 1.11441904664e-05, 2.27823011301e-06, 1.66835123494e-09],
        "dmean2": [0.000291188072879, 0.0172667447478, 0.0135714616627, 0.00533732865006, 0.00410194788128, 0.000712188950274, 0.000901085557416, 0.000951920228545, 0.000699091993738, 0.000501622795127, 0.000454949244158, 0.000263748253928, 0.000530228076968, 0.000570656266063, 0.000649246620014, 0.000538921740372, 0.00138967891689, 0.000503575545736, 0.000295205740258, 0.000184059506864, 0.000115553819342, 0.000102246893221, 6.95385388099e-05, 4.9434358516e-05, 1.78288355528e-05, 3.60720878234e-06, 3.07263348098e-09],
        "dvar": [6.76719480452e-08, 0.000352132279659, 0.000121503748232, 1.71272567968e-05, 1.55505567818e-05, 7.16072747764e-07, 1.79453104465e-06, 1.53998757924e-06, 1.24390123801e-06, 4.45894613677e-07, 4.3352494572e-07, 2.15215735011e-07, 7.01023850525e-07, 4.66617876782e-07, 9.09435073027e-07, 2.34072814465e-07, 1.14336080514e-06, 1.74942385911e-07, 7.33776417405e-08, 4.11308178627e-08, 3.10491188316e-08, 4.22387707033e-08, 1.79530594835e-08, 8.09796674162e-09, 1.59174229353e-09, 2.54946584677e-11, 8.37748672059e-18],
        "dvar2": [1.9889056091e-07, 0.000931633170694, 0.000336658180458, 4.77111861983e-05, 4.08189771406e-05, 1.85163446531e-06, 4.96253232996e-06, 3.64238212569e-06, 2.92355707643e-06, 1.01536954844e-06, 1.08992355763e-06, 4.93947084124e-07, 1.84176974471e-06, 1.10415942345e-06, 2.38298957811e-06, 5.42024281458e-07, 3.29543968292e-06, 4.7088036581e-07, 1.9916490146e-07, 1.12822895915e-07, 8.25981203434e-08, 1.10610777426e-07, 4.95007910217e-08, 1.93802094373e-08, 4.55290960488e-09, 6.45582753922e-11, 2.45243450996e-17],
        "max": [0.00397840421647, 0.173448219895, 0.105132378638, 0.0536619201303, 0.0572619065642, 0.0135235004127, 0.0266440976411, 0.0184850655496, 0.0217340700328, 0.0120413629338, 0.0143732465804, 0.0122411940247, 0.0177116636187, 0.00948441121727, 0.02474998869, 0.0155851123855, 0.0131003139541, 0.00586858345196, 0.00395505595952, 0.00259173405357, 0.00236930325627, 0.00392467156053, 0.00256134523079, 0.00181247654837, 0.000898383383173, 0.000106252031401, 5.09182669362e-08],
        "mean": [0.000242300637183, 0.0127853788435, 0.0110350139439, 0.00561359012499, 0.00379539211281, 0.000555100850761, 0.000694769783877, 0.00106386176776, 0.00077127024997, 0.000630418071523, 0.000520245521329, 0.000290837255307, 0.000512702506967, 0.000617594807409, 0.000738390022889, 0.00066993344808, 0.00145208614413, 0.000628355308436, 0.000344388827216, 0.00017432855384, 0.000117254079669, 9.64823339018e-05, 7.29675739422e-05, 6.308650336e-05, 1.94630829355e-05, 4.17222508986e-06, 1.3719233527e-09],
        "median": [0.000122294484754, 0.00745448004454, 0.00722781335935, 0.00419572275132, 0.00250269123353, 0.000255759659922, 0.000195118031115, 0.000269783777185, 0.000270632939646, 0.000209585225093, 0.000192068400793, 9.76670562522e-05, 0.00016457781021, 0.000173304477357, 0.000257157254964, 0.00038432321162, 0.000995527603664, 0.000402561941883, 0.000212733066292, 8.87121204869e-05, 3.4352287912e-05, 2.01995171665e-05, 8.18608532427e-06, 9.95631035039e-06, 2.78184620583e-06, 7.42818485833e-07, 5.86173887207e-10],
        "min": [1.16823105652e-23, 3.58229183908e-23, 1.94670818564e-23, 5.58136129839e-23, 5.00279682655e-23, 4.58279907646e-23, 3.4290076455e-23, 3.20977499578e-23, 2.99820186991e-23, 5.08799853748e-23, 6.80801160702e-23, 1.4159208852e-22, 7.20415483443e-23, 8.56552302192e-23, 9.81621213113e-23, 1.66489674649e-22, 1.21096939466e-22, 2.464743518e-22, 2.50584127789e-22, 4.02772057149e-22, 4.12849862498e-22, 4.5597634545e-22, 5.37709100502e-22, 8.26687202145e-22, 1.20528020554e-21, 1.69447766728e-21, 2.38661034157e-21],
        "var": [9.21198051174e-08, 0.000315996236168, 0.000143171200762, 2.93406174023e-05, 1.90476966964e-05, 8.99086444406e-07, 2.42733221967e-06, 3.73107650375e-06, 2.75438424069e-06, 1.4547798628e-06, 1.34891729431e-06, 7.48408865547e-07, 1.31984825202e-06, 1.43047248002e-06, 2.39362088905e-06, 9.56307985689e-07, 2.21750133278e-06, 4.83295593767e-07, 1.33035683803e-07, 5.6113979241e-08, 5.47043548238e-08, 7.10689818106e-08, 3.20290673983e-08, 2.74737708139e-08, 2.41771891396e-09, 9.29711654885e-11, 6.39251215799e-18]
    },
    "erbbands": {
        "dmean": [0.208135336637, 2.64379239082, 8.02564430237, 10.2588882446, 11.2732172012, 5.81736421585, 3.84567260742, 3.535800457, 5.66280126572, 11.1918458939, 10.4069595337, 11.4798278809, 9.64645671844, 7.28554773331, 13.7224845886, 7.59407281876, 14.3282623291, 18.2909679413, 22.6869106293, 15.5067815781, 14.0108146667, 34.3411712646, 26.3109207153, 8.38671398163, 9.04003620148, 4.60184955597, 2.99518013, 2.73310685158, 2.25373625755, 1.67832815647, 1.06423079967, 0.800604581833, 0.456883758307, 0.179127842188, 0.0516964457929, 0.014514756389, 0.00368033302948, 0.000364523817552, 1.37094466481e-05, 2.00043523364e-05],
        "dmean2": [0.349710345268, 4.47741413116, 13.8367481232, 17.2742881775, 18.7756729126, 9.7867565155, 6.48512792587, 6.0198431015, 9.64890766144, 18.0135612488, 16.6904621124, 18.512758255, 14.3258256912, 11.4685707092, 21.7678909302, 12.3595161438, 23.6948394775, 29.1831550598, 36.3166847229, 25.1507301331, 22.5070667267, 58.7582206726, 44.605556488, 14.2083377838, 15.205578804, 7.88727760315, 5.09993219376, 4.61685848236, 3.71350336075, 2.90896391869, 1.78179872036, 1.26886951923, 0.714893758297, 0.285183906555, 0.0824516266584, 0.0229042526335, 0.00586388120428, 0.00060131464852, 2.24560335482e-05, 3.36211451213e-05],
        "dvar": [0.124903038144, 24.7296657562, 146.383544922, 166.645828247, 326.600891113, 81.3592300415, 56.1315078735, 51.3355102539, 245.279556274, 580.762451172, 610.161804199, 840.238525391, 550.114074707, 254.730178833, 944.220703125, 517.634094238, 1524.08654785, 1201.26464844, 3224.35693359, 534.414672852, 374.844024658, 1962.05310059, 1040.2388916, 209.032043457, 193.252578735, 78.3409118652, 50.9668312073, 61.3270263672, 59.8795051575, 37.1780471802, 11.8079090118, 5.37714004517, 2.02050662041, 0.448386579752, 0.0188769418746, 0.00105994218029, 6.94151021889e-05, 9.58082864599e-07, 4.59952270715e-10, 7.56318563333e-10],
        "dvar2": [0.311052769423, 66.6947555542, 407.747161865, 457.994934082, 853.479797363, 221.870315552, 149.139083862, 133.522445679, 674.010314941, 1435.6829834, 1451.75256348, 1994.01647949, 1260.77746582, 595.768737793, 2387.92700195, 1201.64257812, 4038.44482422, 2835.0949707, 8675.49316406, 1362.34753418, 926.979003906, 5582.95849609, 2896.44384766, 580.346618652, 513.518859863, 212.066192627, 138.059799194, 164.224914551, 151.043334961, 106.912261963, 32.3529968262, 12.618563652, 5.18986177444, 1.27940499783, 0.0508643910289, 0.00278691458516, 0.000169730526977, 2.42520513893e-06, 1.13360731913e-09, 1.98521865613e-09],
        "max": [2.98984575272, 47.772064209, 109.934379578, 124.105743408, 217.046218872, 119.204017639, 141.549423218, 137.588989258, 356.886871338, 422.353210449, 407.720611572, 492.573028564, 482.540802002, 402.522369385, 664.876586914, 610.617980957, 863.956787109, 525.547912598, 1505.97766113, 550.327697754, 372.026428223, 708.719421387, 425.594726562, 214.481994629, 189.719894409, 115.187492371, 110.560714722, 121.226478577, 176.705474854, 157.753799438, 73.6659240723, 50.189907074, 31.0716838837, 15.9312572479, 2.69661545753, 0.776776313782, 0.207597255707, 0.0222341232002, 0.000427231309004, 0.000258056883467],
        "mean": [0.266369730234, 3.25838279724, 11.0748882294, 18.9769802094, 17.255739212, 9.62606716156, 5.68820714951, 4.46892309189, 7.66359615326, 18.8955593109, 18.9070682526, 20.919090271, 19.9785785675, 14.0027065277, 25.71367836, 14.9266281128, 23.7735404968, 34.7294006348, 41.8569755554, 32.7099685669, 33.536315918, 66.5700073242, 57.4586639404, 17.0272827148, 18.1886959076, 8.16758441925, 5.12761974335, 4.5761256218, 3.55085849762, 2.75723576546, 1.87178587914, 1.55244743824, 0.871257245541, 0.308601379395, 0.0952206924558, 0.0286753438413, 0.00600280053914, 0.000467814534204, 3.31833471137e-05, 5.08352895849e-05],
        "median": [0.163442805409, 1.89193820953, 7.52416181564, 13.6413097382, 11.9347133636, 6.04717206955, 2.73192429543, 2.20422291756, 2.56821346283, 5.51286840439, 5.27151060104, 8.06315040588, 6.18591594696, 5.65761899948, 9.95571804047, 4.90505599976, 7.89633989334, 11.066321373, 12.8582162857, 19.1595554352, 19.9754238129, 47.3241043091, 43.4067306519, 11.0029668808, 11.0132246017, 4.49244308472, 2.05593824387, 1.02220547199, 0.511774480343, 0.678133785725, 0.236561745405, 0.234548464417, 0.116900265217, 0.0427758172154, 0.0153712257743, 0.00514160795137, 0.000853912031744, 6.69228684274e-05, 2.41443067353e-05, 4.66131896246e-05],
        "min": [6.79752682517e-22, 9.84470460058e-21, 2.3158460903e-20, 1.23704447017e-19, 8.49347372759e-20, 1.87192678681e-19, 2.29414846428e-19, 5.2575253352e-19, 6.57212987852e-19, 5.15237930561e-19, 6.74940243861e-19, 6.68237237466e-19, 1.4269998804e-18, 1.94925979888e-18, 3.18621927624e-18, 5.09286045521e-18, 3.84834737129e-18, 3.61981143011e-18, 4.29579542081e-18, 5.37586044946e-18, 9.98582361641e-18, 8.48959864491e-18, 1.14927787748e-17, 8.4174941381e-18, 1.58000364374e-17, 1.73742438611e-17, 1.81751416369e-17, 1.61157315725e-17, 1.70000538218e-17, 1.53404863219e-17, 1.4149571233e-17, 1.57623782128e-17, 1.28906527987e-17, 1.30373367367e-17, 8.87392909138e-18, 5.18983911023e-18, 3.27785579206e-18, 1.14727355682e-18, 3.48989826882e-19, 3.45664140766e-20],
        "var": [0.13108292222, 21.0641345978, 143.53678894, 294.844482422, 381.308135986, 119.033050537, 76.9476242065, 61.4019165039, 345.8828125, 1311.31494141, 1396.4362793, 1958.10986328, 1819.4876709, 744.069885254, 2857.08007812, 1762.05664062, 2822.76928711, 3850.82495117, 8367.26464844, 1692.47314453, 1578.07165527, 4283.91943359, 2652.65209961, 324.872406006, 391.135040283, 110.805206299, 78.2735519409, 109.604431152, 114.3568573, 41.9901351929, 21.9024410248, 16.7141895294, 5.64822626114, 0.684040367603, 0.0449362136424, 0.00399973988533, 0.000230155259487, 1.60404965754e-06, 1.01021524479e-09, 9.37414812441e-10]
    },
    "gfcc": {
        "mean": [-10.4121141434, 127.084190369, -130.724731445, 58.8514938354, -28.2617664337, 15.3732118607, -33.948348999, 15.3256320953, -15.355553627, -14.338965416, -14.0818214417, -12.0356473923, -11.1517057419],
        "cov": [[7168.11523438, -442.986877441, -351.185821533, 188.713623047, -514.100646973, 243.27192688, -106.204536438, 109.49874115, -81.5785980225, 86.7567520142, -101.798965454, 47.6920623779, -109.450698853], [-442.986877441, 1114.54699707, -289.714019775, -219.074279785, 386.419464111, -303.058380127, 138.782211304, -67.296043396, 110.324661255, -197.146636963, 172.654922485, -178.759918213, 58.6669197083], [-351.185821533, -289.714019775, 376.4949646, 132.832885742, -23.9038600922, 68.5325393677, -54.0601272583, 18.9808616638, -32.8195953369, 48.0047035217, -59.3375663757, 73.8625564575, -15.5671319962], [188.713623047, -219.074279785, 132.832885742, 224.277526855, -40.109916687, 44.5737991333, -35.7761383057, -11.8660860062, 2.38117980957, 24.2510242462, -34.7332839966, 25.2486743927, 19.9134674072], [-514.100646973, 386.419464111, -23.9038600922, -40.109916687, 333.158966064, -86.0367431641, 63.2876853943, -4.06671476364, 38.1174087524, -99.7602844238, 50.320980072, -42.4181976318, 16.9046726227], [243.27192688, -303.058380127, 68.5325393677, 44.5737991333, -86.0367431641, 192.770370483, 11.6596517563, 13.5723218918, -41.0645294189, 53.6691093445, -44.2861747742, 41.951385498, -14.1925458908], [-106.204536438, 138.782211304, -54.0601272583, -35.7761383057, 63.2876853943, 11.6596517563, 138.645233154, 4.41879081726, 10.0689153671, -22.6934833527, 35.8173103333, -26.3886032104, 3.48559379578], [109.49874115, -67.296043396, 18.9808616638, -11.8660860062, -4.06671476364, 13.5723218918, 4.41879081726, 96.5007629395, 13.4679985046, 5.34592199326, -4.65565252304, 28.335439682, -12.2766113281], [-81.5785980225, 110.324661255, -32.8195953369, 2.38117980957, 38.1174087524, -41.0645294189, 10.0689153671, 13.4679985046, 92.0247802734, 9.73820114136, 24.0312480927, -30.3325767517, 17.2499980927], [86.7567520142, -197.146636963, 48.0047035217, 24.2510242462, -99.7602844238, 53.6691093445, -22.6934833527, 5.34592199326, 9.73820114136, 113.150733948, -11.9963769913, 21.7342166901, -14.4950828552], [-101.798965454, 172.654922485, -59.3375663757, -34.7332839966, 50.320980072, -44.2861747742, 35.8173103333, -4.65565252304, 24.0312480927, -11.9963769913, 83.4502410889, -15.7533445358, 10.858215332], [47.6920623779, -178.759918213, 73.8625564575, 25.2486743927, -42.4181976318, 41.951385498, -26.3886032104, 28.335439682, -30.3325767517, 21.7342166901, -15.7533445358, 118.19644928, -0.816848754883], [-109.450698853, 58.6669197083, -15.5671319962, 19.9134674072, 16.9046726227, -14.1925458908, 3.48559379578, -12.2766113281, 17.2499980927, -14.4950828552, 10.858215332, -0.816848754883, 63.1709213257]],
        "icov": [[0.000245385075686, -0.000568504037801, 0.00049723306438, -0.000764441443607, 0.000503656221554, -0.000600956962444, 0.000347550725564, -0.000625231768936, 0.000368494569557, -0.000243517919444, 0.000421796139563, -0.000284499081317, 0.000673474976793], [-0.000568504037801, 0.00824625603855, -0.000985330669209, 0.0054066022858, -0.00408376939595, 0.00601726165041, -0.00294461590238, 0.00467666843906, -0.00385217368603, 0.00524998176843, -0.00591480685398, 0.00401376793161, -0.00374926207587], [0.00049723306438, -0.000985330669209, 0.00546396523714, -0.00371640827507, -0.0003439411812, -0.00116419792175, 0.00128597463481, -0.00184518692549, 0.00195632711984, -0.00226858630776, 0.00235539395362, -0.00204383139499, 0.00220948271453], [-0.000764441443607, 0.0054066022858, -0.00371640827507, 0.0108987968415, -0.00247101928107, 0.00317485374399, -0.00155966705643, 0.00506038637832, -0.00464237481356, 0.00389044871554, -0.00299739814363, 0.00256009702571, -0.00554434303194], [0.000503656221554, -0.00408376939595, -0.0003439411812, -0.00247101928107, 0.00755714811385, -0.002604161622, 0.000145360259921, -0.00213406421244, -0.000354850490112, 0.00204856530763, 0.00139950960875, -0.00171930284705, 0.00263346266001], [-0.000600956962444, 0.00601726165041, -0.00116419792175, 0.00317485374399, -0.002604161622, 0.013310818933, -0.00550492666662, 0.00270069832914, 0.00044215383241, 5.46702449356e-06, -0.000887589820195, 0.00182789191604, -0.00334444735199], [0.000347550725564, -0.00294461590238, 0.00128597463481, -0.00155966705643, 0.000145360259921, -0.00550492666662, 0.0113167613745, -0.00280056800693, 0.00139519711956, -0.000666836916935, -0.00186049041804, 0.000382889644243, 0.00149177177809], [-0.000625231768936, 0.00467666843906, -0.00184518692549, 0.00506038637832, -0.00213406421244, 0.00270069832914, -0.00280056800693, 0.0163092948496, -0.00756415585056, 0.00467826612294, -0.00240737968124, -0.00198064558208, 0.000552683835849], [0.000368494569557, -0.00385217368603, 0.00195632711984, -0.00464237481356, -0.000354850490112, 0.00044215383241, 0.00139519711956, -0.00756415585056, 0.0200167000294, -0.00919305253774, 0.00108872202691, 0.00258724647574, -0.00292024109513], [-0.000243517919444, 0.00524998176843, -0.00226858630776, 0.00389044871554, 0.00204856530763, 5.46702449356e-06, -0.000666836916935, 0.00467826612294, -0.00919305253774, 0.0198203939945, -0.00629615969956, 0.00125496380497, 0.00147270655725], [0.000421796139563, -0.00591480685398, 0.00235539395362, -0.00299739814363, 0.00139950960875, -0.000887589820195, -0.00186049041804, -0.00240737968124, 0.00108872202691, -0.00629615969956, 0.0222800355405, -0.00455350894481, 0.00117957685143], [-0.000284499081317, 0.00401376793161, -0.00204383139499, 0.00256009702571, -0.00171930284705, 0.00182789191604, 0.000382889644243, -0.00198064558208, 0.00258724647574, 0.00125496380497, -0.00455350894481, 0.0144656440243, -0.00451528187841], [0.000673474976793, -0.00374926207587, 0.00220948271453, -0.00554434303194, 0.00263346266001, -0.00334444735199, 0.00149177177809, 0.000552683835849, -0.00292024109513, 0.00147270655725, 0.00117957685143, -0.00451528187841, 0.0222143102437]]
    },
    "melbands": {
        "dmean": [0.00239912886173, 0.00389685877599, 0.0017157534603, 0.000638775294647, 0.00013896067685, 7.70083424868e-05, 9.36074284255e-05, 0.000127922321553, 8.30025965115e-05, 7.0733949542e-05, 4.74504086014e-05, 3.02391090372e-05, 4.05675746151e-05, 2.53147791227e-05, 2.66682181973e-05, 2.98808990919e-05, 3.81735771953e-05, 3.69086847058e-05, 2.27962482313e-05, 2.98435861623e-05, 1.59111968969e-05, 3.03326178255e-05, 5.16090949532e-05, 1.42339886224e-05, 6.91144396114e-06, 7.50583649278e-06, 5.40938754057e-06, 2.97671340377e-06, 2.10029929804e-06, 1.80014524176e-06, 1.68018414115e-06, 1.40183431085e-06, 1.09911604795e-06, 9.29051111598e-07, 6.42998770672e-07, 6.16188117419e-07, 4.75717769177e-07, 3.85094296007e-07, 2.22890577106e-07, 1.33300588345e-07],
        "dmean2": [0.00403406936675, 0.00669072708115, 0.00290577858686, 0.0010649691103, 0.000234415550949, 0.000129696418298, 0.000160150331794, 0.000204080250114, 0.000133012319566, 0.000113394613436, 7.0523499744e-05, 4.76649729535e-05, 6.41329243081e-05, 4.06253857363e-05, 4.43189783255e-05, 4.92797589686e-05, 6.07620859228e-05, 5.95091078139e-05, 3.6384244595e-05, 4.81248316646e-05, 2.59725620708e-05, 5.15245446877e-05, 8.87304413482e-05, 2.38959455601e-05, 1.17726794997e-05, 1.26246477521e-05, 9.17732359085e-06, 5.16723866895e-06, 3.60146464118e-06, 3.04610239255e-06, 2.87714419756e-06, 2.31051581068e-06, 1.91577055375e-06, 1.6024547449e-06, 1.09510597213e-06, 9.99841518023e-07, 7.42904092021e-07, 6.12907797404e-07, 3.50765759549e-07, 2.16579877588e-07],
        "dvar": [1.82651801879e-05, 3.89614506275e-05, 4.32008300777e-06, 1.05827507468e-06, 6.20372517801e-08, 2.35220429801e-08, 6.4090180274e-08, 6.95583821653e-08, 4.07088656118e-08, 3.12698347216e-08, 1.33753781384e-08, 4.72001726592e-09, 9.27407928231e-09, 3.17487658386e-09, 5.85302473155e-09, 5.67240343585e-09, 5.80965586749e-09, 8.16793743752e-09, 2.23752549822e-09, 1.98401095552e-09, 5.39772393449e-10, 1.58365698333e-09, 4.92907181737e-09, 3.93854698855e-10, 1.52454354696e-10, 1.2447275155e-10, 1.04656464051e-10, 3.23377019606e-11, 2.35740472282e-11, 2.04099792622e-11, 2.58672753356e-11, 2.29693729314e-11, 1.46775196164e-11, 1.21609241774e-11, 4.25036221496e-12, 4.11340059236e-12, 1.72857453178e-12, 1.44911784395e-12, 7.60586255436e-13, 2.15889155511e-13],
        "dvar2": [4.72543870274e-05, 0.000107173415017, 1.17675854199e-05, 2.81058851215e-06, 1.6583425122e-07, 6.04598255904e-08, 1.77806029455e-07, 1.68413421875e-07, 9.51442586938e-08, 7.36236387411e-08, 3.06749079471e-08, 1.10154410038e-08, 2.32583445836e-08, 7.24691506804e-09, 1.5871972181e-08, 1.36187532362e-08, 1.38285676243e-08, 2.18390372453e-08, 5.46960743364e-09, 4.51438575411e-09, 1.34093658399e-09, 4.29241620026e-09, 1.40808698035e-08, 1.07289643836e-09, 4.19635659554e-10, 3.28801486038e-10, 2.83978174309e-10, 8.88517384667e-11, 6.42115111082e-11, 5.42553779681e-11, 7.0321644341e-11, 5.66454383399e-11, 4.08752406922e-11, 3.47308362625e-11, 1.19609131627e-11, 1.03622414468e-11, 4.06289802149e-12, 3.79999373981e-12, 2.11217350034e-12, 6.17670086085e-13],
        "max": [0.0345104634762, 0.0553264580667, 0.0206969603896, 0.0148779526353, 0.00426770141348, 0.00284392549656, 0.0056864945218, 0.00407148944214, 0.00288200052455, 0.0032246124465, 0.00238790060394, 0.00180118274875, 0.00232530757785, 0.00145313283429, 0.00169183965772, 0.00148967711721, 0.0011677548755, 0.00228510168381, 0.000962206919212, 0.0016372584505, 0.000383710896131, 0.000943439954426, 0.000892536481842, 0.000300296727801, 0.000185256416444, 0.000147128477693, 0.000156920912559, 8.08415061329e-05, 8.6304913566e-05, 7.41513576941e-05, 8.65248657647e-05, 0.000112524794531, 7.35686335247e-05, 9.31619943003e-05, 3.51285088982e-05, 5.47403978999e-05, 3.04828427033e-05, 2.48880460276e-05, 2.19768444367e-05, 1.19023288789e-05],
        "mean": [0.00302098575048, 0.00555257452652, 0.00326247978956, 0.000991520588286, 0.000221103677177, 9.72569614532e-05, 0.000124034137116, 0.000220980364247, 0.00014537035895, 0.000127271065139, 9.54816423473e-05, 5.29011304025e-05, 7.51831175876e-05, 4.885278031e-05, 4.04760903621e-05, 5.11003345309e-05, 6.69626970193e-05, 6.47892084089e-05, 4.24679747084e-05, 5.59446125408e-05, 3.43447609339e-05, 5.97779799136e-05, 9.07759604161e-05, 2.89707313641e-05, 1.10114242489e-05, 1.41628988786e-05, 9.53502694756e-06, 4.59661987406e-06, 3.35787285621e-06, 2.79896971733e-06, 2.61026275439e-06, 2.15100681089e-06, 1.55051884576e-06, 1.53596909058e-06, 1.03007880625e-06, 1.10655923891e-06, 8.82425524651e-07, 7.01328247033e-07, 3.76827699711e-07, 2.15710286966e-07],
        "median": [0.00184501777403, 0.00396266952157, 0.00265877181664, 0.00067935034167, 0.000115079179523, 4.66504061478e-05, 3.7955953303e-05, 6.56188713037e-05, 4.00808094128e-05, 4.69296319352e-05, 2.78985044133e-05, 1.92706247617e-05, 2.7806026992e-05, 1.95849643205e-05, 1.28157953441e-05, 1.56305923156e-05, 1.93865162146e-05, 1.86535089597e-05, 1.6877283997e-05, 3.2767704397e-05, 1.95905395231e-05, 4.13560046582e-05, 6.39891950414e-05, 1.91337949218e-05, 6.36389540887e-06, 8.38329560793e-06, 4.289617209e-06, 2.3699576559e-06, 1.33630965138e-06, 9.18142802675e-07, 4.55751120398e-07, 2.75688705642e-07, 3.71713809955e-07, 3.21588458974e-07, 1.3629026796e-07, 1.1261797539e-07, 1.56498430215e-07, 9.50422034407e-08, 4.8027693822e-08, 3.54495099941e-08],
        "min": [7.92463790747e-24, 1.24716921186e-23, 2.025708661e-23, 7.07317773398e-24, 9.10098176731e-24, 1.39626991829e-23, 9.84360122399e-24, 5.30779222507e-24, 5.29173022818e-24, 3.98234497668e-24, 6.52774510461e-24, 8.03295639837e-24, 1.03970313252e-23, 1.51330279783e-23, 6.09148096377e-24, 8.0503815469e-24, 6.43687069491e-24, 4.88844402305e-24, 8.16118337193e-24, 9.75347544329e-24, 1.0632588347e-23, 7.59576258495e-24, 1.39327492898e-23, 9.16660395057e-24, 5.76070054216e-24, 9.33154924383e-24, 1.25407269141e-23, 1.10676695909e-23, 1.19805228643e-23, 9.20171614947e-24, 9.3408317701e-24, 9.89454980556e-24, 6.24486905033e-24, 9.50807107087e-24, 8.42033127904e-24, 8.56700813146e-24, 1.00989641765e-23, 7.53693328294e-24, 9.93126654753e-24, 1.110271237e-23],
        "var": [1.70899038494e-05, 3.53284485755e-05, 6.94490154274e-06, 1.2388053392e-06, 9.28324013216e-08, 2.88061432485e-08, 8.73536549761e-08, 1.70243978914e-07, 8.80496955347e-08, 7.58453992944e-08, 4.39886704839e-08, 1.34049811251e-08, 2.89505042161e-08, 1.23596457513e-08, 9.13938702496e-09, 1.47830485631e-08, 1.79657764221e-08, 2.09806749751e-08, 5.77610936858e-09, 7.73415909094e-09, 1.77298697945e-09, 4.000821896e-09, 8.37069702442e-09, 1.02881503317e-09, 1.99315924876e-10, 2.44901432467e-10, 1.68536559708e-10, 4.07527518675e-11, 3.38420645674e-11, 3.28022539686e-11, 4.36512354041e-11, 4.72469702251e-11, 1.70416944445e-11, 1.53697939792e-11, 6.68537404255e-12, 9.33626786992e-12, 5.53676375581e-12, 3.82157586826e-12, 1.23055027539e-12, 3.11453743655e-13]
    },
    "mfcc": {
        "mean": [-644.424621582, 140.669677734, -19.0415935516, 44.0727043152, 29.3848152161, 7.13143873215, 4.4220199585, 19.3155574799, 5.45123004913, 5.24819803238, 0.295382976532, 2.4632434845, -5.70125198364],
        "cov": [[5528.57666016, -588.071655273, -42.1761131287, -63.3334312439, -321.623321533, 46.3289451599, -63.7964057922, -26.1953029633, -23.9121208191, 48.1411361694, 18.8438148499, 114.874671936, -72.4966430664], [-588.071655273, 1298.2677002, -514.305419922, 67.2268981934, 177.675323486, -158.362579346, 47.8816604614, 86.0951309204, -58.888168335, 18.8888244629, 60.8969459534, -42.8946418762, -10.8550815582], [-42.1761131287, -514.305419922, 435.904174805, 15.9703712463, -37.0072402954, 77.7194213867, -25.7736244202, -46.3446578979, 35.56848526, -26.6597042084, -33.42760849, 18.8618373871, 25.9645137787], [-63.3334312439, 67.2268981934, 15.9703712463, 189.810317993, 64.9281921387, -0.241779834032, -13.9876680374, 5.53131151199, 15.2063894272, -5.81618118286, -23.9763126373, 5.53642845154, 23.7665805817], [-321.623321533, 177.675323486, -37.0072402954, 64.9281921387, 202.455062866, -20.050359726, -11.8169517517, 49.668170929, 3.64357948303, -12.6317834854, 0.924333691597, -30.9114360809, 4.50545454025], [46.3289451599, -158.362579346, 77.7194213867, -0.241779834032, -20.050359726, 141.459869385, 39.5473251343, -22.4791660309, 20.7229976654, -2.00544071198, -8.20887374878, 6.55535411835, -14.2576475143], [-63.7964057922, 47.8816604614, -25.7736244202, -13.9876680374, -11.8169517517, 39.5473251343, 112.573692322, 35.6941070557, -4.7660150528, 5.79370880127, 1.47280907631, 3.65140151978, -4.34462118149], [-26.1953029633, 86.0951309204, -46.3446578979, 5.53131151199, 49.668170929, -22.4791660309, 35.6941070557, 123.763969421, 5.91758918762, -25.1633930206, 6.29232883453, -5.52505493164, 12.7733049393], [-23.9121208191, -58.888168335, 35.56848526, 15.2063894272, 3.64357948303, 20.7229976654, -4.7660150528, 5.91758918762, 76.5737075806, 13.5556793213, -9.0637140274, 6.5151720047, -3.30638098717], [48.1411361694, 18.8888244629, -26.6597042084, -5.81618118286, -12.6317834854, -2.00544071198, 5.79370880127, -25.1633930206, 13.5556793213, 97.2942276001, 18.240316391, -2.39053654671, -4.09785747528], [18.8438148499, 60.8969459534, -33.42760849, -23.9763126373, 0.924333691597, -8.20887374878, 1.47280907631, 6.29232883453, -9.0637140274, 18.240316391, 72.3929748535, 13.596578598, -10.0538864136], [114.874671936, -42.8946418762, 18.8618373871, 5.53642845154, -30.9114360809, 6.55535411835, 3.65140151978, -5.52505493164, 6.5151720047, -2.39053654671, 13.596578598, 69.5788955688, 18.717546463], [-72.4966430664, -10.8550815582, 25.9645137787, 23.7665805817, 4.50545454025, -14.2576475143, -4.34462118149, 12.7733049393, -3.30638098717, -4.09785747528, -10.0538864136, 18.717546463, 74.696395874]],
