{
"lowlevel": {
    "average_loudness": 0.967144548893,
    "barkbands_crest": {
        "dmean": 2.58320808411,
        "dmean2": 4.29588651657,
        "dvar": 4.96866130829,
        "dvar2": 13.1583156586,
        "max": 21.7635345459,
        "mean": 10.2277593613,
        "median": 9.80217266083,
        "min": 3.30958104134,
        "var": 9.61903572083
    },
    "barkbands_flatness_db": {
        "dmean": 0.0284927859902,
        "dmean2": 0.0439959429204,
        "dvar": 0.000659800542053,
        "dvar2": 0.00154989724979,
        "max": 0.391311854124,
        "mean": 0.203365191817,
        "median": 0.203474417329,
        "min": 0.0712256804109,
        "var": 0.00312459142879
    },
    "barkbands_kurtosis": {
        "dmean": 5.87498283386,
        "dmean2": 9.47166061401,
        "dvar": 53.0061683655,
        "dvar2": 140.448410034,
        "max": 79.4141921997,
        "mean": 11.8953876495,
        "median": 8.01819229126,
        "min": -1.70760321617,
        "var": 145.916732788
    },
    "barkbands_skewness": {
        "dmean": 0.688817501068,
        "dmean2": 1.09033858776,
        "dvar": 0.446942150593,
        "dvar2": 1.15900504589,
        "max": 7.47530555725,
        "mean": 2.72938966751,
        "median": 2.59988856316,
        "min": -1.32835030556,
        "var": 1.58292591572
    },
    "barkbands_spread": {
        "dmean": 4.48762845993,
        "dmean2": 6.65751075745,
        "dvar": 27.5058002472,
        "dvar2": 59.3211708069,
        "max": 77.9403076172,
        "mean": 14.1751384735,
        "median": 10.5126190186,
        "min": 1.04036545753,
        "var": 128.478942871
    },
    "dissonance": {
        "dmean": 0.0175685100257,
        "dmean2": 0.0286491531879,
        "dvar": 0.000283551838947,
        "dvar2": 0.000674726383295,
        "max": 0.500000059605,
        "mean": 0.464603155851,
        "median": 0.470740228891,
        "min": 0.242047399282,
        "var": 0.000666248146445
    },
    "dynamic_complexity": 1.52076852322,
    "erbbands_crest": {
        "dmean": 1.93065989017,
        "dmean2": 3.03481221199,
        "dvar": 3.30474376678,
        "dvar2": 7.87371110916,
        "max": 28.2157402039,
        "mean": 7.33962440491,
        "median": 6.59401416779,
        "min": 2.1629254818,
        "var": 10.4915208817
    },
    "erbbands_flatness_db": {
        "dmean": 0.017436420545,
        "dmean2": 0.0229598358274,
        "dvar": 0.000239411965595,
        "dvar2": 0.000427513325121,
        "max": 0.291630238295,
        "mean": 0.170348525047,
        "median": 0.168561473489,
        "min": 0.104615285993,
        "var": 0.00127366220113
    },
    "erbbands_kurtosis": {
        "dmean": 0.788463890553,
        "dmean2": 1.2206697464,
        "dvar": 1.87862479687,
        "dvar2": 4.21939754486,
        "max": 22.1741142273,
        "mean": 0.0286495015025,
        "median": -0.676697492599,
        "min": -1.79362726212,
        "var": 4.90089321136
    },
    "erbbands_skewness": {
        "dmean": 0.34997010231,
        "dmean2": 0.535963118076,
        "dvar": 0.131075769663,
        "dvar2": 0.305269837379,
        "max": 4.44049167633,
        "mean": 0.535378217697,
        "median": 0.447669893503,
        "min": -2.60511851311,
        "var": 0.548584759235
    },
    "erbbands_spread": {
        "dmean": 9.09300613403,
        "dmean2": 13.033864975,
        "dvar": 81.8316116333,
        "dvar2": 177.466888428,
        "max": 137.568359375,
        "mean": 49.9142684937,
        "median": 45.2730140686,
        "min": 7.83967018127,
        "var": 458.971343994
    },
    "hfc": {
        "dmean": 6.74330377579,
        "dmean2": 10.1551866531,
        "dvar": 88.0834350586,
        "dvar2": 210.63710022,
        "max": 99.84375,
        "mean": 19.1173496246,
        "median": 16.0011978149,
        "min": 9.71353147179e-05,
        "var": 173.654052734
    },
    "melbands_crest": {
        "dmean": 3.37837553024,
        "dmean2": 5.69805431366,
        "dvar": 9.56465816498,
        "dvar2": 26.7186355591,
        "max": 29.8947868347,
        "mean": 15.0025062561,
        "median": 14.3754892349,
        "min": 4.18219852448,
        "var": 20.170797348
    },
    "melbands_flatness_db": {
        "dmean": 0.0346463136375,
        "dmean2": 0.0520095787942,
        "dvar": 0.00103932339698,
        "dvar2": 0.0021689790301,
        "max": 0.508127570152,
        "mean": 0.256951600313,
        "median": 0.261551767588,
        "min": 0.0403115525842,
        "var": 0.00603913422674
    },
    "melbands_kurtosis": {
        "dmean": 15.111782074,
        "dmean2": 24.3778457642,
        "dvar": 353.453704834,
        "dvar2": 910.890136719,
        "max": 206.607620239,
        "mean": 33.6330108643,
        "median": 23.8918323517,
        "min": -1.40137279034,
        "var": 877.75012207
    },
    "melbands_skewness": {
        "dmean": 1.00230908394,
        "dmean2": 1.59844434261,
        "dvar": 1.02464222908,
        "dvar2": 2.55660796165,
        "max": 11.6852321625,
        "mean": 4.2918510437,
        "median": 4.01147079468,
        "min": 0.325240671635,
        "var": 3.19571638107
    },
    "melbands_spread": {
        "dmean": 4.36453485489,
        "dmean2": 6.55452251434,
        "dvar": 45.4087295532,
        "dvar2": 80.2082672119,
        "max": 188.458526611,
        "mean": 11.785692215,
        "median": 8.09706020355,
        "min": 0.725223124027,
        "var": 155.280105591
    },
    "pitch_salience": {
        "dmean": 0.079761505127,
        "dmean2": 0.132603034377,
        "dvar": 0.0048203272745,
        "dvar2": 0.0136247118935,
        "max": 0.84310233593,
        "mean": 0.583797574043,
        "median": 0.595103383064,
        "min": 0.208924397826,
        "var": 0.00994945317507
    },
    "silence_rate_20dB": {
        "dmean": 0,
        "dmean2": 0,
        "dvar": 0,
        "dvar2": 0,
        "max": 1,
        "mean": 1,
        "median": 1,
        "min": 1,
        "var": 0
    },
    "silence_rate_30dB": {
        "dmean": 0.0999225378036,
        "dmean2": 0.199922516942,
        "dvar": 0.0899357870221,
        "dvar2": 0.168480783701,
        "max": 1,
        "mean": 0.890824615955,
        "median": 1,
        "min": 0,
        "var": 0.0972546637058
    },
    "silence_rate_60dB": {
        "dmean": 0.00542215351015,
        "dmean2": 0.0108485082164,
        "dvar": 0.00539290439337,
        "dvar2": 0.013055799529,
        "max": 1,
        "mean": 0.0143244285136,
        "median": 0,
        "min": 0,
        "var": 0.0141197526827
    },
    "spectral_centroid": {
        "dmean": 196.279083252,
        "dmean2": 288.969451904,
        "dvar": 52683.953125,
        "dvar2": 109704.664062,
        "max": 4682.68994141,
        "mean": 804.299438477,
        "median": 663.007751465,
        "min": 165.765579224,
        "var": 251767.96875
    },
    "spectral_complexity": {
        "dmean": 4.37412881851,
        "dmean2": 6.20340967178,
        "dvar": 23.8428096771,
        "dvar2": 44.6085014343,
        "max": 53,
        "mean": 19.1664733887,
        "median": 17,
        "min": 0,
        "var": 90.6481628418
    },
    "spectral_decrease": {
        "dmean": 6.57670762294e-09,
        "dmean2": 1.10225064631e-08,
        "dvar": 9.60433718233e-17,
        "dvar2": 2.50877156463e-16,
        "max": -5.20264441337e-14,
        "mean": -1.37579059256e-08,
        "median": -1.12474314307e-08,
        "min": -8.65472316036e-08,
        "var": 1.12356458764e-16
    },
    "spectral_energy": {
        "dmean": 0.0253044553101,
        "dmean2": 0.0423537380993,
        "dvar": 0.0014093745267,
        "dvar2": 0.00368156353943,
        "max": 0.330872356892,
        "mean": 0.053659491241,
        "median": 0.044226564467,
        "min": 2.05170181289e-07,
        "var": 0.00164384767413
    },
    "spectral_energyband_high": {
        "dmean": 0.00033531387453,
        "dmean2": 0.000458249967778,
        "dvar": 3.82931347076e-07,
        "dvar2": 7.2139812346e-07,
        "max": 0.0140974130481,
        "mean": 0.000713157001883,
        "median": 0.000232538484852,
        "min": 2.89020113398e-10,
        "var": 1.45986882671e-06
    },
    "spectral_energyband_low": {
        "dmean": 0.0207591485232,
        "dmean2": 0.0349533781409,
        "dvar": 0.00124706840143,
        "dvar2": 0.0032408516854,
        "max": 0.318726301193,
        "mean": 0.0314255841076,
        "median": 0.020094551146,
        "min": 5.50740004712e-08,
        "var": 0.00138869753573
    },
    "spectral_energyband_middle_high": {
        "dmean": 0.00118694768753,
        "dmean2": 0.00171538908035,
        "dvar": 2.65889934781e-06,
        "dvar2": 5.76710317546e-06,
        "max": 0.0203085951507,
        "mean": 0.00330731715076,
        "median": 0.00250894622877,
        "min": 2.59598404995e-08,
        "var": 7.89322166383e-06
    },
    "spectral_energyband_middle_low": {
        "dmean": 0.00879983324558,
        "dmean2": 0.0147987511009,
        "dvar": 0.000137538358103,
        "dvar2": 0.000381709920475,
        "max": 0.115504711866,
        "mean": 0.0215140599757,
        "median": 0.0195095203817,
        "min": 1.09571224982e-07,
        "var": 0.000166551559232
    },
    "spectral_entropy": {
        "dmean": 0.22962461412,
        "dmean2": 0.303846269846,
        "dvar": 0.0554324872792,
        "dvar2": 0.0958463922143,
        "max": 8.44377040863,
        "mean": 7.27683401108,
        "median": 7.34795379639,
        "min": 5.45834350586,
        "var": 0.288368046284
    },
    "spectral_flux": {
        "dmean": 0.0458578169346,
        "dmean2": 0.0700715333223,
        "dvar": 0.00271689309739,
        "dvar2": 0.00571329286322,
        "max": 0.496591389179,
        "mean": 0.116307675838,
        "median": 0.0972701236606,
        "min": 0.000452957145171,
        "var": 0.00511378888041
    },
    "spectral_kurtosis": {
        "dmean": 2.60607004166,
        "dmean2": 4.27873086929,
        "dvar": 13.6592731476,
        "dvar2": 33.0055885315,
        "max": 61.1398773193,
        "mean": 5.07064676285,
        "median": 3.47140645981,
        "min": -0.806030511856,
        "var": 29.1268482208
    },
    "spectral_rms": {
        "dmean": 0.00154067005496,
        "dmean2": 0.0025038451422,
        "dvar": 3.29534350385e-06,
        "dvar2": 8.39708900457e-06,
        "max": 0.0179667007178,
        "mean": 0.00681729754433,
        "median": 0.00656870380044,
        "min": 1.41480049933e-05,
        "var": 5.87529666518e-06
    },
    "spectral_rolloff": {
        "dmean": 321.580749512,
        "dmean2": 516.616455078,
        "dvar": 421966.21875,
        "dvar2": 940696.625,
        "max": 8031.88476562,
        "mean": 705.907348633,
        "median": 344.53125,
        "min": 86.1328125,
        "var": 876506.75
    },
    "spectral_skewness": {
        "dmean": 0.326794862747,
        "dmean2": 0.497746676207,
        "dvar": 0.138231471181,
        "dvar2": 0.305806338787,
        "max": 5.51503705978,
        "mean": 1.65108442307,
        "median": 1.50242137909,
        "min": -0.106101639569,
        "var": 0.491984277964
    },
    "spectral_spread": {
        "dmean": 519091.8125,
        "dmean2": 719985.9375,
        "dvar": 249285623808,
        "dvar2": 478105960448,
        "max": 8417431,
        "mean": 4299019,
        "median": 4062082,
        "min": 1090185.75,
        "var": 2.19657915597e+12
    },
    "spectral_strongpeak": {
        "dmean": 0.349054455757,
        "dmean2": 0.603811323643,
        "dvar": 0.177077308297,
        "dvar2": 0.447058856487,
        "max": 4.71547603607,
        "mean": 0.635576665401,
        "median": 0.495912611485,
        "min": 0.000361086393241,
        "var": 0.270640820265
    },
    "zerocrossingrate": {
        "dmean": 0.0081283133477,
        "dmean2": 0.00933258514851,
        "dvar": 8.47008923301e-05,
        "dvar2": 9.02055544429e-05,
        "max": 0.2646484375,
        "mean": 0.0397689305246,
        "median": 0.03076171875,
        "min": 0.00439453125,
        "var": 0.000790201243944
    },
    "barkbands": {
        "dmean": [0.00100392010063, 0.0112112369388, 0.0108377039433, 0.00337910163216, 0.00408243527636, 0.0023326985538, 0.000971757166553, 0.000577063707169, 0.000553527032025, 0.00020981823036, 0.000236264619161, 0.000194883876247, 0.000264133588644, 0.000236704057897, 0.000141450873343, 0.000146040998516, 0.000164987097378, 0.00018669309793, 0.000121301105537, 9.65863073361e-05, 8.25620809337e-05, 8.78839055076e-05, 8.03463772172e-05, 6.52149901725e-05, 2.96516718663e-05, 2.75317919574e-08, 1.82571024965e-09],
        "dmean2": [0.00167838204652, 0.0194653943181, 0.0188038088381, 0.00578668154776, 0.00670444779098, 0.00404834933579, 0.00162667944096, 0.000926345877815, 0.000877486949321, 0.000330616341671, 0.000367449887563, 0.000303499924485, 0.000404094957048, 0.000370314577594, 0.000216169355554, 0.000229227924137, 0.000261087086983, 0.000294416706311, 0.000193240775843, 0.000151670174091, 0.00012539185991, 0.000133486246341, 0.000113091962703, 9.06536733964e-05, 4.14900678152e-05, 4.3688231699e-08, 3.34349037345e-09],
        "dvar": [6.03838952884e-06, 0.000428380648373, 0.00032891437877, 2.32040765695e-05, 1.94227395696e-05, 3.42925704899e-05, 6.99433576301e-06, 1.77416609404e-06, 2.22102744374e-06, 8.65351026391e-08, 2.24624130851e-07, 1.93979218466e-07, 3.03871559026e-07, 1.51111649416e-07, 5.82299612972e-08, 4.652450869e-08, 5.87746882275e-08, 9.9862241143e-08, 3.82107145924e-08, 2.87722023984e-08, 2.68155240235e-08, 2.85433223723e-08, 2.78891345573e-08, 1.80311960918e-08, 3.30173355323e-09, 3.3901032582e-15, 6.17457115969e-18],
        "dvar2": [1.53168657562e-05, 0.00109423696995, 0.000934304494876, 6.61577141727e-05, 5.04667114001e-05, 9.41666294239e-05, 1.8573982743e-05, 3.8116329506e-06, 5.0719831961e-06, 2.07148801223e-07, 4.95752090046e-07, 4.51729476936e-07, 6.19051604644e-07, 3.50856623754e-07, 1.36164345577e-07, 1.10580124613e-07, 1.46549041347e-07, 2.44700402163e-07, 9.73104548052e-08, 6.86992791543e-08, 6.23747382633e-08, 6.19297537696e-08, 4.93810539126e-08, 3.7834617217e-08, 7.00311986179e-09, 8.70494235234e-15, 1.91553903674e-17],
        "max": [0.0247696656734, 0.174808099866, 0.199780598283, 0.0621405690908, 0.0535643026233, 0.060768995434, 0.0418546311557, 0.0371076390147, 0.0344083979726, 0.00412765936926, 0.0103213898838, 0.0141457151622, 0.017069991678, 0.00835469737649, 0.00410322565585, 0.00354087492451, 0.00421174615622, 0.00380999036133, 0.00220294366591, 0.00344042107463, 0.0042346729897, 0.00300923548639, 0.00383482361212, 0.00295656267554, 0.000839556916617, 7.41523251691e-07, 2.29462830958e-08],
        "mean": [0.000835336162709, 0.0131096551195, 0.0142954131588, 0.00565371150151, 0.00944325234741, 0.0028839034494, 0.00114181998651, 0.00124901218805, 0.000917921774089, 0.0004236731329, 0.000407938059652, 0.000343396532116, 0.000461476418423, 0.000406878418289, 0.000246373238042, 0.000260460976278, 0.000305334368022, 0.000293741439236, 0.000193451051018, 0.000153053100803, 0.000140921940329, 0.000155437432113, 0.000158424038091, 0.000122222380014, 5.6716704421e-05, 4.02799038568e-08, 1.49213086331e-09],
        "median": [9.29092711885e-05, 0.00575364567339, 0.00933240819722, 0.00450365431607, 0.00841332692653, 0.00131331849843, 0.000448363833129, 0.00039474881487, 0.000345815846231, 0.000252237921814, 0.000197114233742, 0.000165602541529, 0.000214716172195, 0.000196078020963, 0.000134386777063, 0.000166460857145, 0.000181522846106, 0.000113561589387, 8.84502223926e-05, 5.22260233993e-05, 4.93799598189e-05, 4.04821948905e-05, 2.9068416552e-05, 2.8430362363e-05, 1.48174676724e-05, 9.99149740721e-09, 5.83098402895e-10],
        "min": [1.30543309496e-09, 1.76848597988e-08, 1.82057444675e-08, 1.1285719026e-08, 3.01166487304e-08, 1.06502069386e-08, 1.09892921429e-08, 8.01579247423e-09, 1.82949044802e-09, 3.55068641156e-09, 2.67910205132e-09, 1.56286072972e-09, 4.27322355279e-09, 2.72041278393e-09, 1.42798695091e-09, 1.42760325783e-09, 4.24988888525e-09, 2.22182849896e-09, 2.10336373319e-10, 1.15236459264e-10, 6.09174377608e-11, 2.26562397315e-11, 5.02490202225e-11, 9.85824477606e-11, 1.70241615943e-11, 7.00484158525e-12, 1.03986246697e-11],
        "var": [5.09277015226e-06, 0.000434730289271, 0.000304864224745, 2.90713724098e-05, 4.2164552724e-05, 2.8078633477e-05, 6.22584366283e-06, 7.48875936551e-06, 3.63071717402e-06, 2.3501928581e-07, 4.4973421609e-07, 3.38408739253e-07, 8.24366338747e-07, 4.04916249863e-07, 1.1396904398e-07, 8.64961720026e-08, 1.19074144322e-07, 1.94972457734e-07, 6.81952130321e-08, 5.09781301616e-08, 6.27852543289e-08, 7.87017242487e-08, 1.02375331323e-07, 5.81068348993e-08, 1.01610595493e-08, 5.67508178309e-15, 5.35909928871e-18]
    },
    "erbbands": {
        "dmean": [0.279866874218, 2.81957554817, 11.2554750443, 11.1411809921, 12.8449754715, 14.1622095108, 15.3270206451, 21.571762085, 19.2612571716, 10.8449401855, 11.2753658295, 13.9277839661, 7.31771278381, 5.7752790451, 9.1508808136, 8.83321857452, 12.1334199905, 11.3087787628, 8.72660446167, 6.84063863754, 8.11609745026, 8.18645381927, 10.0269813538, 7.82568264008, 4.90436267853, 4.53708076477, 3.80940794945, 3.11518931389, 3.12103796005, 2.8050134182, 2.29339551926, 1.43446040154, 1.10277068615, 0.605079114437, 0.0494652166963, 0.0021239342168, 0.000103593658423, 1.3294395103e-05, 1.30894995891e-05, 2.81413103949e-05],
        "dmean2": [0.446346342564, 5.00682020187, 19.7424259186, 18.6622714996, 21.5282516479, 23.3369674683, 25.6579780579, 37.7743606567, 32.2867507935, 17.8688468933, 18.0832958221, 21.6784210205, 11.8839082718, 8.90729427338, 14.2262048721, 13.4529523849, 18.6436901093, 17.8668956757, 13.1432447433, 10.3524808884, 12.7678728104, 12.7687091827, 15.814661026, 12.2712650299, 7.7181725502, 7.12675952911, 5.95770645142, 4.73272323608, 4.77793836594, 4.16913795471, 3.2353322506, 1.98806238174, 1.54826676846, 0.844977319241, 0.0710447058082, 0.00302338437177, 0.000142349570524, 1.7903812477e-05, 2.10333982977e-05, 4.67852223665e-05],
        "dvar": [0.357566058636, 26.7481842041, 380.362335205, 261.973602295, 267.235046387, 242.100326538, 390.218261719, 3537.68896484, 2754.83447266, 754.144348145, 609.756530762, 1570.28723145, 127.563720703, 72.858253479, 335.122253418, 399.430175781, 703.789672852, 350.477264404, 202.469512939, 125.505180359, 135.655349731, 131.999542236, 253.503967285, 166.367034912, 70.1293258667, 60.5427856445, 65.2489929199, 37.4178848267, 36.3632736206, 31.4802722931, 24.7057476044, 8.26381778717, 5.42411136627, 1.43372380733, 0.00841872394085, 1.55463785632e-05, 3.57534197803e-08, 5.82196069132e-10, 3.17754905721e-10, 1.69220282231e-09],
        "dvar2": [0.770435392857, 74.3540878296, 1082.23522949, 713.543823242, 724.706726074, 650.870300293, 1056.16113281, 9827.47460938, 7160.86621094, 1853.36633301, 1312.7232666, 3596.41967773, 319.84072876, 152.456298828, 794.722900391, 887.020324707, 1464.45239258, 820.369018555, 487.108001709, 268.447387695, 324.370483398, 320.725952148, 608.041442871, 402.397674561, 172.179550171, 145.761962891, 157.088348389, 84.3853149414, 80.2903594971, 65.3333511353, 45.0198783875, 17.3976421356, 11.3839464188, 3.16369056702, 0.0180959049612, 3.30312141159e-05, 7.41328420872e-08, 1.15627485364e-09, 8.05069066967e-10, 4.41790826144e-09],
        "max": [7.4135017395, 42.2335853577, 211.059753418, 142.215209961, 209.67250061, 152.038482666, 258.465179443, 600.546203613, 614.774169922, 611.589538574, 800.287841797, 1081.4921875, 156.887145996, 152.298828125, 412.134063721, 703.275634766, 832.240661621, 434.085144043, 213.771087646, 267.208953857, 211.17539978, 171.071182251, 189.570678711, 141.664871216, 117.220283508, 145.744247437, 204.744735718, 150.846908569, 112.931838989, 83.7129745483, 124.472938538, 52.2442092896, 50.2488136292, 19.8921871185, 1.26227498055, 0.0536819919944, 0.0027830300387, 0.000409332948038, 0.000150452382513, 0.000360845413525],
        "mean": [0.317288041115, 3.21020293236, 14.6346635818, 19.7976646423, 25.4150295258, 29.8436508179, 26.9637145996, 24.7186851501, 21.8530197144, 21.1706867218, 22.1747341156, 24.3705310822, 14.0055322647, 11.8627586365, 16.2612037659, 17.3853034973, 22.0143795013, 20.404460907, 16.4241657257, 12.9247226715, 15.1244688034, 15.7035169601, 17.1464099884, 13.0386734009, 7.95532178879, 7.32357692719, 6.20002126694, 5.4644651413, 5.60079050064, 5.2878484726, 4.30132627487, 2.59241056442, 2.09003210068, 1.16343843937, 0.0939856022596, 0.00410983711481, 0.000219768509851, 2.94783858408e-05, 3.11176554533e-05, 6.16912511759e-05],
        "median": [0.0778618752956, 1.50482070446, 8.435546875, 16.0640506744, 20.6312484741, 24.9024391174, 19.561132431, 9.70617294312, 8.60159301758, 7.09623861313, 9.95993804932, 10.0667381287, 8.70963668823, 7.21158790588, 9.01910495758, 9.22247409821, 10.9477310181, 10.8616666794, 9.458735466, 7.56721591949, 9.99192047119, 9.62745285034, 8.24785327911, 4.59816789627, 3.75520539284, 2.51042914391, 2.14499139786, 1.75232601166, 1.47024667263, 1.23607265949, 0.73231369257, 0.556047558784, 0.52802413702, 0.293933331966, 0.0262099765241, 0.00116237055045, 7.59935937822e-05, 1.0491793546e-05, 2.54421902355e-05, 5.20461144333e-05],
        "min": [1.95897925437e-07, 5.42334191778e-06, 3.41039303748e-05, 4.02030054829e-05, 7.87793178461e-05, 9.81988559943e-05, 9.31917602429e-05, 9.73903734121e-05, 0.000162646640092, 6.19728161837e-05, 0.000280528824078, 9.3364775239e-05, 0.000112785754027, 0.000102733647509, 8.40644279378e-05, 7.3960829468e-05, 0.000197561035748, 0.000115318260214, 0.000111208762974, 8.66037298692e-05, 8.5868377937e-05, 0.000240048597334, 0.000146606995258, 2.05176129384e-05, 1.13025953397e-05, 5.38567428521e-06, 2.94707820103e-06, 1.95427605831e-06, 6.89797104769e-07, 1.35060759021e-06, 1.17657396004e-06, 1.64330765529e-06, 1.8666150936e-06, 2.85523611865e-07, 9.48303124915e-08, 3.05778442566e-08, 1.14050884292e-08, 4.53282211765e-09, 1.52644263895e-09, 4.0233763543e-10],
        "var": [0.426963061094, 23.6993598938, 361.411468506, 320.964019775, 448.204559326, 484.771209717, 667.502075195, 2639.88598633, 2385.85107422, 2313.71289062, 1780.94055176, 2536.27709961, 273.451171875, 202.916275024, 541.523071289, 792.587890625, 1787.59777832, 913.254821777, 423.84286499, 263.355895996, 250.614624023, 279.427215576, 527.399047852, 375.105804443, 117.940170288, 111.835449219, 140.823684692, 91.1168823242, 98.0373916626, 99.0772705078, 81.8766555786, 23.0389385223, 17.7457618713, 4.48309612274, 0.026542339474, 4.99671659782e-05, 1.25274183915e-07, 2.18237250493e-09, 4.46096493079e-10, 1.96606775305e-09]
    },
    "gfcc": {
        "mean": [-6.99666690826, 141.255828857, -118.867134094, 59.7239875793, -62.9096450806, 23.2313346863, -42.5087242126, -3.46198964119, -14.2705221176, -21.1053638458, 0.635290205479, -20.7713012695, 3.81928706169],
        "cov": [[3243.8984375, -818.527770996, -314.590698242, 382.837341309, -432.702758789, 81.349609375, -82.2897872925, 151.194839478, -30.6939334869, 165.855331421, 4.27272891998, 43.3295516968, -23.985294342], [-818.527770996, 1174.10510254, -18.596200943, -309.7371521, 684.572814941, -172.048065186, 196.471450806, -96.9509124756, 102.910957336, -169.749069214, 61.222240448, -124.458572388, 21.9633369446], [-314.590698242, -18.596200943, 674.814025879, 125.510818481, -60.8006629944, 185.08026123, -31.2104568481, -40.5787315369, -18.9910507202, -61.5997772217, -45.0046195984, 8.86371994019, -0.767657697201], [382.837341309, -309.7371521, 125.510818481, 289.940429688, -99.9482116699, 47.440486908, 10.5148687363, 33.1550216675, -20.1520652771, 22.3662109375, -19.0772380829, 20.2292728424, 3.46395945549], [-432.702758789, 684.572814941, -60.8006629944, -99.9482116699, 593.77532959, -70.3720932007, 132.096572876, -15.4691267014, 67.7837219238, -107.64050293, 42.6160011292, -78.2617797852, 24.0793190002], [81.349609375, -172.048065186, 185.08026123, 47.440486908, -70.3720932007, 204.657974243, -23.7024707794, 21.3076896667, -0.741290986538, 12.3350191116, -14.7610998154, 29.7518062592, 4.85531949997], [-82.2897872925, 196.471450806, -31.2104568481, 10.5148687363, 132.096572876, -23.7024707794, 155.936935425, 9.32192802429, 24.4304523468, -20.6947040558, 16.0273857117, -22.142747879, 7.25069046021], [151.194839478, -96.9509124756, -40.5787315369, 33.1550216675, -15.4691267014, 21.3076896667, 9.32192802429, 91.1731643677, 15.9649000168, 26.8725242615, 11.654958725, 6.32129907608, -1.40225446224], [-30.6939334869, 102.910957336, -18.9910507202, -20.1520652771, 67.7837219238, -0.741290986538, 24.4304523468, 15.9649000168, 87.8449020386, 17.4183807373, 16.3241100311, -2.6212053299, 5.47447872162], [165.855331421, -169.749069214, -61.5997772217, 22.3662109375, -107.64050293, 12.3350191116, -20.6947040558, 26.8725242615, 17.4183807373, 90.9473342896, 16.9098300934, 21.8330879211, -1.06235003471], [4.27272891998, 61.222240448, -45.0046195984, -19.0772380829, 42.6160011292, -14.7610998154, 16.0273857117, 11.654958725, 16.3241100311, 16.9098300934, 59.9188919067, 15.7483053207, 6.00383138657], [43.3295516968, -124.458572388, 8.86371994019, 20.2292728424, -78.2617797852, 29.7518062592, -22.142747879, 6.32129907608, -2.6212053299, 21.8330879211, 15.7483053207, 63.5008544922, 19.1254310608], [-23.985294342, 21.9633369446, -0.767657697201, 3.46395945549, 24.0793190002, 4.85531949997, 7.25069046021, -1.40225446224, 5.47447872162, -1.06235003471, 6.00383138657, 19.1254310608, 46.8258361816]],
        "icov": [[0.000542146735825, -0.000839576590806, 0.000788099423517, -0.00144273636397, 0.000840342778247, -0.000868604984134, 0.000708993989974, -0.000617153185885, 0.000319991115248, -0.000304118089844, 1.18880816444e-05, 0.000133928449941, 0.000220278350753], [-0.000839576590806, 0.0174740199, -0.00609371718019, 0.0140331629664, -0.0108713107184, 0.00901575107127, -0.00943419151008, 0.00853825546801, -0.00873523484915, 0.00877757091075, -0.00927691441029, 0.0098713869229, -0.00501408381388], [0.000788099423517, -0.00609371718019, 0.00532461516559, -0.00681721465662, 0.00458011869341, -0.0060337507166, 0.00395712628961, -0.0015760678798, 0.00204812176526, -0.000260340544628, 0.00236511277035, -0.00197532889433, 0.00172215187922], [-0.00144273636397, 0.0140331629664, -0.00681721465662, 0.0171110853553, -0.00901744700968, 0.00844657793641, -0.00929434970021, 0.00513044884428, -0.00546449096873, 0.00509477872401, -0.0049449885264, 0.00570694124326, -0.00428712693974], [0.000840342778247, -0.0108713107184, 0.00458011869341, -0.00901744700968, 0.0113279260695, -0.00631877081469, 0.00476670917124, -0.00523792393506, 0.00255476147868, -0.000164553683135, 0.00128055980895, -0.000706255552359, 2.86294507532e-05], [-0.000868604984134, 0.00901575107127, -0.0060337507166, 0.00844657793641, -0.00631877081469, 0.0130219748244, -0.00504002766684, 0.00188303121831, -0.00413473602384, 0.00221615191549, -0.00178506958764, 0.000755912042223, -0.00220775976777], [0.000708993989974, -0.00943419151008, 0.00395712628961, -0.00929434970021, 0.00476670917124, -0.00504002766684, 0.0138372629881, -0.00522997975349, 0.00334132346325, -0.00338329956867, 0.00292886933312, -0.0029084966518, 0.00165781669784], [-0.000617153185885, 0.00853825546801, -0.0015760678798, 0.00513044884428, -0.00523792393506, 0.00188303121831, -0.00522997975349, 0.0184426475316, -0.00626034429297, 0.00268989941105, -0.00661783153191, 0.00566523848101, -0.00153837329708], [0.000319991115248, -0.00873523484915, 0.00204812176526, -0.00546449096873, 0.00255476147868, -0.00413473602384, 0.00334132346325, -0.00626034429297, 0.020012119785, -0.0112267602235, 0.00533870607615, -0.00638170726597, 0.00243672356009], [-0.000304118089844, 0.00877757091075, -0.000260340544628, 0.00509477872401, -0.000164553683135, 0.00221615191549, -0.00338329956867, 0.00268989941105, -0.0112267602235, 0.0270742122084, -0.0126895895228, 0.00764401070774, -0.00376304169185], [1.18880816444e-05, -0.00927691441029, 0.00236511277035, -0.0049449885264, 0.00128055980895, -0.00178506958764, 0.00292886933312, -0.00661783153191, 0.00533870607615, -0.0126895895228, 0.0317666716874, -0.0179471019655, 0.00598205486313], [0.000133928449941, 0.0098713869229, -0.00197532889433, 0.00570694124326, -0.000706255552359, 0.000755912042223, -0.0029084966518, 0.00566523848101, -0.00638170726597, 0.00764401070774, -0.0179471019655, 0.0370432063937, -0.0160204600543], [0.000220278350753, -0.00501408381388, 0.00172215187922, -0.00428712693974, 2.86294507532e-05, -0.00220775976777, 0.00165781669784, -0.00153837329708, 0.00243672356009, -0.00376304169185, 0.00598205486313, -0.0160204600543, 0.0294832941145]]
    },
    "melbands": {
        "dmean": [0.00272355927154, 0.00506105739623, 0.00191043852828, 0.000901326944586, 0.000583108514547, 0.000476557703223, 0.000273352867225, 0.000120195407362, 0.000100228615338, 7.94768857304e-05, 3.5467059206e-05, 2.31030189752e-05, 3.36622942996e-05, 2.19441571971e-05, 2.66887855105e-05, 2.32464590226e-05, 2.3460277589e-05, 1.58530965564e-05, 9.2250011221e-06, 1.03180791484e-05, 1.05067347249e-05, 8.886762771e-06, 1.01671012089e-05, 9.91839988274e-06, 6.53044708088e-06, 3.82527059628e-06, 3.43498891198e-06, 3.07588220494e-06, 2.82893620351e-06, 1.93351411326e-06, 1.8858331714e-06, 1.84551595339e-06, 1.8251516849e-06, 1.59484443429e-06, 1.59526985044e-06, 1.00609872788e-06, 8.74674299212e-07, 7.6550935546e-07, 8.29773227906e-07, 4.40891795961e-07],
        "dmean2": [0.00457330141217, 0.00885319150984, 0.00320592499338, 0.00150164822116, 0.000959576980677, 0.000827990064863, 0.000459578557638, 0.000197048313566, 0.000158495007781, 0.000124629965285, 5.76877064304e-05, 3.57455392077e-05, 5.21598958585e-05, 3.39422840625e-05, 4.1198793042e-05, 3.54989315383e-05, 3.72799295292e-05, 2.38119173446e-05, 1.42266153489e-05, 1.60197778314e-05, 1.67180442077e-05, 1.41230057125e-05, 1.60122381203e-05, 1.59868377523e-05, 1.04219070636e-05, 6.1142695813e-06, 5.48315711058e-06, 4.88894920636e-06, 4.53721941085e-06, 2.99316343444e-06, 2.96489201901e-06, 2.84803718387e-06, 2.83077292806e-06, 2.39118685386e-06, 2.31626836467e-06, 1.45558874465e-06, 1.26497741348e-06, 1.087767032e-06, 1.21659593333e-06, 6.30321380868e-07],
        "dvar": [2.79485011561e-05, 7.88156758063e-05, 7.09034929969e-06, 1.0376887758e-06, 4.90191894187e-07, 1.65954577369e-06, 5.72477688365e-07, 9.10001105581e-08, 5.27123305005e-08, 5.06315451787e-08, 3.02659008966e-09, 1.15504150688e-09, 4.87623008638e-09, 2.57170218454e-09, 2.29000840513e-09, 3.36388406019e-09, 1.63031521616e-09, 6.49541365139e-10, 2.40340553015e-10, 2.54942983391e-10, 2.32939778577e-10, 1.47924963945e-10, 2.58479904147e-10, 3.74947461967e-10, 1.21616272608e-10, 4.13970246971e-11, 3.6221806804e-11, 2.98123990772e-11, 4.47425499428e-11, 1.35810017746e-11, 1.45217084885e-11, 1.20080343238e-11, 1.51531686504e-11, 1.04989307179e-11, 1.39254874992e-11, 4.46466344797e-12, 3.08592496175e-12, 2.55123938468e-12, 4.04221794925e-12, 7.25292438955e-13],
        "dvar2": [6.53407259961e-05, 0.000223279144848, 1.93762862182e-05, 2.7810890515e-06, 1.28197461891e-06, 4.56694533568e-06, 1.50030996338e-06, 2.1445073628e-07, 1.18149117156e-07, 1.1693079216e-07, 7.56058238238e-09, 2.43917863685e-09, 1.09454036945e-08, 6.11781114657e-09, 5.28842569736e-09, 5.99983973615e-09, 3.8629011101e-09, 1.52641721485e-09, 5.22254961499e-10, 5.71544034322e-10, 5.67752789227e-10, 3.5643826779e-10, 6.7007982496e-10, 9.67876001567e-10, 3.03971597893e-10, 1.04090409903e-10, 8.82499906485e-11, 7.39813210693e-11, 1.14144887986e-10, 3.07906269925e-11, 3.39712008524e-11, 2.72643504995e-11, 3.43861397689e-11, 2.28167918587e-11, 2.71087909065e-11, 9.40885997586e-12, 6.82043397454e-12, 5.34146425007e-12, 9.81657984067e-12, 1.58824613617e-12],
        "max": [0.0567908622324, 0.0881062597036, 0.0239105392247, 0.0118425535038, 0.00860563293099, 0.0133040361106, 0.00962501764297, 0.00803943816572, 0.00680403131992, 0.00637280056253, 0.000788320961874, 0.000553000136279, 0.00150303484406, 0.00167943851557, 0.000917972764, 0.00233321916312, 0.000993203837425, 0.000362745166058, 0.000317551777698, 0.000296994083328, 0.000255829887465, 0.000125160993775, 0.000301555002807, 0.000244934402872, 0.000130711865495, 7.72519488237e-05, 8.76764315763e-05, 0.000109011270979, 0.000156089605298, 9.564426e-05, 7.59397735237e-05, 6.07546353422e-05, 7.09166124579e-05, 5.28169985046e-05, 8.97404097486e-05, 4.46685953648e-05, 2.99812018056e-05, 3.85357416235e-05, 4.59200709884e-05, 1.21514340208e-05],
        "mean": [0.00317248352803, 0.00671030208468, 0.00363744888455, 0.00203009974211, 0.00109013391193, 0.000555388629436, 0.000306333269691, 0.000246702664299, 0.000187247656868, 0.00013631368347, 6.50251022307e-05, 4.50433544756e-05, 5.73465695197e-05, 4.08231680922e-05, 4.7696812544e-05, 4.10487955378e-05, 4.00883764087e-05, 2.85245514533e-05, 1.64714492712e-05, 1.85093558684e-05, 1.78106565727e-05, 1.58215225383e-05, 1.70283055922e-05, 1.48752769746e-05, 1.02662988866e-05, 5.71441569264e-06, 5.30812167199e-06, 4.70040413347e-06, 4.2367369133e-06, 3.20682988786e-06, 3.10017571792e-06, 3.17343869938e-06, 2.97429937746e-06, 2.94368555842e-06, 2.79385767499e-06, 1.73278999682e-06, 1.48744209127e-06, 1.38992845677e-06, 1.48854530835e-06, 8.2297242443e-07],
        "median": [0.00119993160479, 0.00398128293455, 0.00311618787237, 0.00182470714208, 0.000827659619972, 0.000219326553633, 0.000115211943921, 7.90264239185e-05, 8.61395892571e-05, 5.46444352949e-05, 3.80761775887e-05, 2.55595423369e-05, 2.74674675893e-05, 2.13627354242e-05, 2.70366763289e-05, 1.79271373781e-05, 1.91679791897e-05, 1.57724662131e-05, 8.83138363861e-06, 1.08598460429e-05, 1.11846402433e-05, 9.59737826633e-06, 9.09774553293e-06, 5.18561591889e-06, 3.43741294273e-06, 2.62646153715e-06, 2.13867042476e-06, 1.42546241477e-06, 1.2718992366e-06, 1.16159867503e-06, 8.94132369922e-07, 8.08720926671e-07, 7.74616239596e-07, 6.19006698344e-07, 4.6014633881e-07, 3.12848158046e-07, 3.35445719202e-07, 3.60430533419e-07, 3.26282389551e-07, 2.17357339238e-07],
        "min": [3.26934168626e-09, 1.43384051299e-08, 8.86800943789e-09, 6.29156016174e-09, 4.36893277111e-09, 2.1609927181e-09, 2.81420398096e-09, 7.24525495155e-10, 2.69956679233e-09, 2.77135037141e-10, 5.27386412319e-10, 3.68361924297e-10, 3.30341670685e-10, 2.08244643751e-10, 1.43588752e-10, 4.49798892577e-10, 2.2579639547e-10, 2.26870688902e-10, 8.68090252459e-11, 1.34015396003e-10, 8.68250540909e-11, 2.25060609038e-10, 2.99604591136e-10, 3.91366349051e-11, 1.19922205846e-11, 8.49320440366e-12, 7.24278232875e-12, 2.47290816296e-12, 1.96261409902e-12, 1.31280067112e-12, 1.02820443132e-12, 3.50760029745e-13, 4.2133722726e-13, 1.02767978589e-12, 7.30389707049e-13, 7.90323969463e-13, 9.47974012656e-13, 1.67979031292e-12, 4.91147053583e-13, 1.41484629459e-13],
        "var": [3.11491421598e-05, 7.36618312658e-05, 9.05780780158e-06, 2.00058366318e-06, 9.51889660428e-07, 1.27760631585e-06, 4.90046716095e-07, 3.42976676393e-07, 1.19879842941e-07, 8.2397832557e-08, 6.65816379808e-09, 3.2540463657e-09, 9.00044216934e-09, 4.38243974443e-09, 4.08954914377e-09, 1.01071000458e-08, 4.30077617963e-09, 1.44249467926e-09, 5.17914211517e-10, 5.18291687346e-10, 3.89793863853e-10, 2.99882507715e-10, 4.34689756412e-10, 6.23847140613e-10, 2.5596083586e-10, 6.48601103381e-11, 5.73972744333e-11, 5.11225610456e-11, 9.36030558618e-11, 2.78770895257e-11, 3.22292435795e-11, 3.16641157738e-11, 3.27202917538e-11, 3.23318455342e-11, 3.95872570835e-11, 1.1823236834e-11, 7.53046930368e-12, 7.44470717712e-12, 1.03628494674e-11, 2.10582527978e-12]
    },
    "mfcc": {
        "mean": [-634.672180176, 138.634277344, 18.7137794495, 27.6667022705, 18.4104194641, 9.89684295654, 0.998765587807, 4.54472160339, -2.63299369812, -4.09939289093, -1.45228922367, -1.26282382011, -5.82707166672],
        "cov": [[3744.81494141, -1176.77355957, -148.092376709, 100.657051086, -308.782806396, -119.845565796, -84.5913696289, -65.3930740356, -27.4139862061, 67.4381256104, 54.2644195557, 31.268245697, 71.3290557861], [-1176.77355957, 1570.29846191, -503.732269287, 41.9435539246, 345.172271729, 36.1691894531, 133.30380249, 77.3965835571, 53.8412208557, 22.1667041779, 3.14755988121, 22.2828292847, -45.2229576111], [-148.092376709, -503.732269287, 876.108337402, -71.4435348511, -57.2137641907, 122.455627441, -44.8937759399, 26.246925354, -11.9370422363, -48.8243675232, -24.3198623657, -29.6495876312, 10.7185144424], [100.657051086, 41.9435539246, -71.4435348511, 238.226501465, 26.4765110016, 1.43146157265, 55.956363678, 19.1410675049, 22.0033836365, 22.0440616608, -13.7663831711, 5.24831676483, -13.4000062943], [-308.782806396, 345.172271729, -57.2137641907, 26.4765110016, 265.135620117, 53.0381126404, 48.9974212646, 58.0900154114, 33.330696106, 11.2218999863, -15.6515073776, 7.87716197968, -6.0504822731], [-119.845565796, 36.1691894531, 122.455627441, 1.43146157265, 53.0381126404, 123.569541931, 29.0325698853, 31.3472957611, 26.4388256073, -1.15668678284, -5.74762248993, -6.41284322739, -1.23641049862], [-84.5913696289, 133.30380249, -44.8937759399, 55.956363678, 48.9974212646, 29.0325698853, 113.919586182, 45.9837112427, 19.4250164032, 9.87493228912, -1.92324590683, 10.6556444168, -13.4173707962], [-65.3930740356, 77.3965835571, 26.246925354, 19.1410675049, 58.0900154114, 31.3472957611, 45.9837112427, 87.4654693604, 29.9905223846, 7.45977783203, -0.82646548748, 10.2540941238, -3.43991041183], [-27.4139862061, 53.8412208557, -11.9370422363, 22.0033836365, 33.330696106, 26.4388256073, 19.4250164032, 29.9905223846, 65.8735809326, 25.7436275482, 2.04982876778, 4.94291400909, 0.838029265404], [67.4381256104, 22.1667041779, -48.8243675232, 22.0440616608, 11.2218999863, -1.15668678284, 9.87493228912, 7.45977783203, 25.7436275482, 64.303237915, 17.9164142609, 7.77600193024, 5.27405595779], [54.2644195557, 3.14755988121, -24.3198623657, -13.7663831711, -15.6515073776, -5.74762248993, -1.92324590683, -0.82646548748, 2.04982876778, 17.9164142609, 59.966003418, 14.5953159332, 6.06580400467], [31.268245697, 22.2828292847, -29.6495876312, 5.24831676483, 7.87716197968, -6.41284322739, 10.6556444168, 10.2540941238, 4.94291400909, 7.77600193024, 14.5953159332, 61.1197166443, 23.3185386658], [71.3290557861, -45.2229576111, 10.7185144424, -13.4000062943, -6.0504822731, -1.23641049862, -13.4173707962, -3.43991041183, 0.838029265404, 5.27405595779, 6.06580400467, 23.3185386658, 56.1440086365]],
