{
"lowlevel": {
    "average_loudness": 0.951914250851,
    "barkbands_crest": {
        "dmean": 2.94642519951,
        "dmean2": 4.78945207596,
        "dvar": 8.17196655273,
        "dvar2": 21.2538909912,
        "max": 25.225894928,
        "mean": 12.5950241089,
        "median": 11.7903738022,
        "min": 3.21728610992,
        "var": 19.9141254425
    },
    "barkbands_flatness_db": {
        "dmean": 0.0331379137933,
        "dmean2": 0.0500878244638,
        "dvar": 0.0010507410625,
        "dvar2": 0.00252895476297,
        "max": 0.416664063931,
        "mean": 0.185711562634,
        "median": 0.182115182281,
        "min": 0.023180950433,
        "var": 0.00402669515461
    },
    "barkbands_kurtosis": {
        "dmean": 9.38568592072,
        "dmean2": 15.2206411362,
        "dvar": 246.54284668,
        "dvar2": 588.053100586,
        "max": 246.855209351,
        "mean": 14.2179193497,
        "median": 8.69752407074,
        "min": -1.9198012352,
        "var": 401.706298828
    },
    "barkbands_skewness": {
        "dmean": 1.00143063068,
        "dmean2": 1.54694163799,
        "dvar": 1.51483893394,
        "dvar2": 3.81879138947,
        "max": 12.2001571655,
        "mean": 2.67854118347,
        "median": 2.45534396172,
        "min": -5.60038042068,
        "var": 3.22591710091
    },
    "barkbands_spread": {
        "dmean": 6.46584749222,
        "dmean2": 10.1425294876,
        "dvar": 144.177474976,
        "dvar2": 296.02166748,
        "max": 112.650505066,
        "mean": 14.7017087936,
        "median": 8.38179969788,
        "min": 0.538300156593,
        "var": 339.621185303
    },
    "dissonance": {
        "dmean": 0.0234023351222,
        "dmean2": 0.0379823967814,
        "dvar": 0.000617625250015,
        "dvar2": 0.00156787841115,
        "max": 0.500000059605,
        "mean": 0.444420784712,
        "median": 0.455957055092,
        "min": 0.19483743608,
        "var": 0.00173998472746
    },
    "dynamic_complexity": 4.50629472733,
    "erbbands_crest": {
        "dmean": 3.03469514847,
        "dmean2": 4.91005802155,
        "dvar": 10.3129701614,
        "dvar2": 25.1181106567,
        "max": 29.4143238068,
        "mean": 9.8977098465,
        "median": 8.49199295044,
        "min": 2.35041856766,
        "var": 25.8318977356
    },
    "erbbands_flatness_db": {
        "dmean": 0.0268659163266,
        "dmean2": 0.0391765087843,
        "dvar": 0.000730552827008,
        "dvar2": 0.00150928332005,
        "max": 0.354733079672,
        "mean": 0.152558550239,
        "median": 0.152282431722,
        "min": 0.043405611068,
        "var": 0.00270139821805
    },
    "erbbands_kurtosis": {
        "dmean": 1.71401023865,
        "dmean2": 2.7054874897,
        "dvar": 7.33719348907,
        "dvar2": 16.8387832642,
        "max": 35.7569007874,
        "mean": 1.54531562328,
        "median": 0.590919971466,
        "min": -1.73348689079,
        "var": 10.9038391113
    },
    "erbbands_skewness": {
        "dmean": 0.504024088383,
        "dmean2": 0.76063477993,
        "dvar": 0.318389505148,
        "dvar2": 0.714070081711,
        "max": 3.48731255531,
        "mean": 0.754394471645,
        "median": 0.801793336868,
        "min": -4.60741758347,
        "var": 0.905450999737
    },
    "erbbands_spread": {
        "dmean": 12.1135787964,
        "dmean2": 18.4329299927,
        "dvar": 208.485290527,
        "dvar2": 487.607299805,
        "max": 136.483062744,
        "mean": 39.2542190552,
        "median": 36.0359153748,
        "min": 3.40368795395,
        "var": 477.16116333
    },
    "hfc": {
        "dmean": 5.5519990921,
        "dmean2": 7.92782354355,
        "dvar": 133.050079346,
        "dvar2": 226.431869507,
        "max": 276.781890869,
        "mean": 13.3490543365,
        "median": 7.35395336151,
        "min": 1.28351987758e-16,
        "var": 412.715911865
    },
    "melbands_crest": {
        "dmean": 3.15446519852,
        "dmean2": 5.15366888046,
        "dvar": 8.28221225739,
        "dvar2": 20.1635360718,
        "max": 32.2843513489,
        "mean": 16.0489368439,
        "median": 15.8071060181,
        "min": 2.42138934135,
        "var": 22.8842258453
    },
    "melbands_flatness_db": {
        "dmean": 0.0398449227214,
        "dmean2": 0.0593999400735,
        "dvar": 0.00164686865173,
        "dvar2": 0.00387088325806,
        "max": 0.548160493374,
        "mean": 0.279659748077,
        "median": 0.27986189723,
        "min": 0.00421104161069,
        "var": 0.00631525414065
    },
    "melbands_kurtosis": {
        "dmean": 19.6586284637,
        "dmean2": 32.1605186462,
        "dvar": 1177.87597656,
        "dvar2": 3128.05908203,
        "max": 263.918487549,
        "mean": 30.0885715485,
        "median": 18.0551280975,
        "min": -1.61485087872,
        "var": 1415.51086426
    },
    "melbands_skewness": {
        "dmean": 1.2514487505,
        "dmean2": 1.96138858795,
        "dvar": 2.46290636063,
        "dvar2": 6.25688743591,
        "max": 13.9126234055,
        "mean": 3.70164775848,
        "median": 3.37413835526,
        "min": -1.69917118549,
        "var": 4.87248039246
    },
    "melbands_spread": {
        "dmean": 6.34953308105,
        "dmean2": 9.78593635559,
        "dvar": 210.006912231,
        "dvar2": 421.964752197,
        "max": 231.801895142,
        "mean": 12.8092889786,
        "median": 7.67490768433,
        "min": 0.476883023977,
        "var": 379.424163818
    },
    "pitch_salience": {
        "dmean": 0.0873156636953,
        "dmean2": 0.143621578813,
        "dvar": 0.00693454826251,
        "dvar2": 0.0183636527508,
        "max": 0.826701521873,
        "mean": 0.49702116847,
        "median": 0.498837321997,
        "min": 0.105510130525,
        "var": 0.0152040868998
    },
    "silence_rate_20dB": {
        "dmean": 0,
        "dmean2": 0,
        "dvar": 0,
        "dvar2": 0,
        "max": 1,
        "mean": 1,
        "median": 1,
        "min": 1,
        "var": 0
    },
    "silence_rate_30dB": {
        "dmean": 0.0540958270431,
        "dmean2": 0.108275331557,
        "dvar": 0.0511695668101,
        "dvar2": 0.139860868454,
        "max": 1,
        "mean": 0.966795384884,
        "median": 1,
        "min": 0,
        "var": 0.0321019813418
    },
    "silence_rate_60dB": {
        "dmean": 0.0479134470224,
        "dmean2": 0.0959010049701,
        "dvar": 0.0456180907786,
        "dvar2": 0.0944370403886,
        "max": 1,
        "mean": 0.159845560789,
        "median": 0,
        "min": 0,
        "var": 0.134294658899
    },
    "spectral_centroid": {
        "dmean": 262.009460449,
        "dmean2": 388.519104004,
        "dvar": 279311.28125,
        "dvar2": 440257.375,
        "max": 11265.3847656,
        "mean": 840.426086426,
        "median": 594.063476562,
        "min": 144.25894165,
        "var": 620504.5
    },
    "spectral_complexity": {
        "dmean": 2.7279753685,
        "dmean2": 3.88863110542,
        "dvar": 12.066696167,
        "dvar2": 22.6572170258,
        "max": 40,
        "mean": 10.8501930237,
        "median": 10,
        "min": 0,
        "var": 48.837802887
    },
    "spectral_decrease": {
        "dmean": 4.30955848785e-09,
        "dmean2": 7.16316828075e-09,
        "dvar": 7.42364887439e-17,
        "dvar2": 2.02164225492e-16,
        "max": 1.45021284995e-28,
        "mean": -8.7257623349e-09,
        "median": -6.42400621587e-09,
        "min": -5.97053002593e-08,
        "var": 8.75208108581e-17
    },
    "spectral_energy": {
        "dmean": 0.0166145730764,
        "dmean2": 0.0275182370096,
        "dvar": 0.00107693881728,
        "dvar2": 0.00292572798207,
        "max": 0.228226944804,
        "mean": 0.034143820405,
        "median": 0.025004286319,
        "min": 1.10945809685e-20,
        "var": 0.00130002573133
    },
    "spectral_energyband_high": {
        "dmean": 0.000341289065545,
        "dmean2": 0.00047406431986,
        "dvar": 1.60883655553e-06,
        "dvar2": 2.36394589592e-06,
        "max": 0.031964533031,
        "mean": 0.000496327935252,
        "median": 7.12404143997e-05,
        "min": 8.20490950908e-21,
        "var": 4.21772165282e-06
    },
    "spectral_energyband_low": {
        "dmean": 0.014165956527,
        "dmean2": 0.0248840637505,
        "dvar": 0.00109920010436,
        "dvar2": 0.00309445662424,
        "max": 0.208683699369,
        "mean": 0.0206883661449,
        "median": 0.0107250846922,
        "min": 1.009488829e-22,
        "var": 0.000954205461312
    },
    "spectral_energyband_middle_high": {
        "dmean": 0.00111077970359,
        "dmean2": 0.00162847596221,
        "dvar": 7.87922635936e-06,
        "dvar2": 1.53536511789e-05,
        "max": 0.0455250889063,
        "mean": 0.00217304611579,
        "median": 0.000736082904041,
        "min": 1.43893550452e-21,
        "var": 2.08041346923e-05
    },
    "spectral_energyband_middle_low": {
        "dmean": 0.00447125313804,
        "dmean2": 0.00624350598082,
        "dvar": 4.36922273366e-05,
        "dvar2": 8.50580327096e-05,
        "max": 0.0945909544826,
        "mean": 0.0119128180668,
        "median": 0.00829965434968,
        "min": 3.20048467556e-22,
        "var": 0.000165754216141
    },
    "spectral_entropy": {
        "dmean": 0.278796195984,
        "dmean2": 0.396912842989,
        "dvar": 0.089600302279,
        "dvar2": 0.180267348886,
        "max": 9.78557395935,
        "mean": 7.21554279327,
        "median": 7.16322183609,
        "min": 5.33386707306,
        "var": 0.335411518812
    },
    "spectral_flux": {
        "dmean": 0.0390367470682,
        "dmean2": 0.0607265159488,
        "dvar": 0.00334081728943,
        "dvar2": 0.0065722069703,
        "max": 0.426591336727,
        "mean": 0.0836431458592,
        "median": 0.0593028813601,
        "min": 1.05330813516e-10,
        "var": 0.00587599119172
    },
    "spectral_kurtosis": {
        "dmean": 2.84488964081,
        "dmean2": 4.51825857162,
        "dvar": 13.6836709976,
        "dvar2": 34.3043556213,
        "max": 41.7668113708,
        "mean": 6.85804176331,
        "median": 5.45175552368,
        "min": -1.20973062515,
        "var": 29.468372345
    },
    "spectral_rms": {
        "dmean": 0.00122028891928,
        "dmean2": 0.00188874290325,
        "dvar": 3.64204424841e-06,
        "dvar2": 8.92892421689e-06,
        "max": 0.014921810478,
        "mean": 0.00495314784348,
        "median": 0.00493907136843,
        "min": 3.28998200211e-12,
        "var": 8.77744241734e-06
    },
    "spectral_rolloff": {
        "dmean": 548.71496582,
        "dmean2": 908.975524902,
        "dvar": 2775123.5,
        "dvar2": 5362957.5,
        "max": 19789.0136719,
        "mean": 998.873046875,
        "median": 430.6640625,
        "min": 86.1328125,
        "var": 4493708
    },
    "spectral_skewness": {
        "dmean": 0.362937659025,
        "dmean2": 0.547268748283,
        "dvar": 0.15267303586,
        "dvar2": 0.340891867876,
        "max": 5.0981836319,
        "mean": 2.00085043907,
        "median": 1.94771540165,
        "min": -0.284423828125,
        "var": 0.514350473881
    },
    "spectral_spread": {
        "dmean": 986759.25,
        "dmean2": 1408867.125,
        "dvar": 1.98674572902e+12,
        "dvar2": 2.84396565299e+12,
        "max": 41832008,
        "mean": 4920885.5,
        "median": 4353361.5,
        "min": 1583554.75,
        "var": 5.21052356608e+12
    },
    "spectral_strongpeak": {
        "dmean": 0.336755365133,
        "dmean2": 0.564436137676,
        "dvar": 0.5475461483,
        "dvar2": 1.26945352554,
        "max": 10.1933374405,
        "mean": 0.694658100605,
        "median": 0.470944702625,
        "min": 0,
        "var": 0.930322766304
    },
    "zerocrossingrate": {
        "dmean": 0.0138405468315,
        "dmean2": 0.0160128306597,
        "dvar": 0.000733798777219,
        "dvar2": 0.000833273224998,
        "max": 0.52001953125,
        "mean": 0.0438416227698,
        "median": 0.02734375,
        "min": 0.00341796875,
        "var": 0.00265076872893
    },
    "barkbands": {
        "dmean": [0.000359524652595, 0.0104702152312, 0.00416219886392, 0.0010514309397, 0.00141860521398, 0.0010740988655, 0.00121735897847, 0.00101029756479, 0.000942481565289, 0.000174057029653, 0.000251079996815, 0.000281800719677, 0.00023936953221, 0.000241310466663, 0.000183493815712, 7.92346763774e-05, 7.32116241124e-05, 4.25629186793e-05, 8.58924613567e-05, 7.0461021096e-05, 7.36286456231e-05, 7.07896615495e-05, 4.69233891636e-05, 6.03815133218e-05, 5.75734120503e-05, 2.01311195269e-05, 1.71842475538e-05],
        "dmean2": [0.000633319432382, 0.0184940490872, 0.00734716514125, 0.00174924766179, 0.00215487275273, 0.00159393344074, 0.00176774139982, 0.00136911519803, 0.00135109748226, 0.000264273548964, 0.000340124184731, 0.000464819197077, 0.000341027800459, 0.000376804498956, 0.000276203325484, 0.000126179133076, 0.000106674291601, 6.5238949901e-05, 0.000128855550429, 0.000101528756204, 0.000100889526948, 0.000100347810076, 6.49498251732e-05, 7.79665351729e-05, 8.9344495791e-05, 3.13847740472e-05, 2.89984382107e-05],
        "dvar": [9.00284476302e-07, 0.000661517842673, 7.25254794816e-05, 2.73142472906e-06, 6.62830552756e-06, 7.89070963947e-06, 1.16572591651e-05, 1.463256649e-05, 1.33238245326e-05, 3.76374146072e-07, 9.99229087029e-07, 1.50155676693e-06, 1.42002375014e-06, 1.03469142232e-06, 7.27392148292e-07, 7.74100357148e-08, 2.47695197686e-08, 1.81357560081e-08, 5.49617915624e-08, 5.7967717737e-08, 6.58559429212e-08, 7.20557906675e-08, 2.98426883205e-08, 1.78167681497e-07, 1.29080305555e-07, 3.09583447766e-09, 3.55664542262e-09],
        "dvar2": [2.47696971201e-06, 0.00186080485582, 0.000210964048165, 6.72690066494e-06, 1.51151352838e-05, 1.68562837644e-05, 2.06994573091e-05, 2.37264921452e-05, 3.07328773488e-05, 6.10086601682e-07, 1.92019706446e-06, 4.07785182688e-06, 3.10417453875e-06, 2.24053724196e-06, 1.51781898694e-06, 1.78691564656e-07, 5.38326538901e-08, 3.63429002448e-08, 1.16321018595e-07, 1.12767338578e-07, 1.10126386232e-07, 1.46229311326e-07, 4.26974935408e-08, 2.22832341024e-07, 2.66923848358e-07, 7.23636972566e-09, 8.89097240275e-09],
        "max": [0.00628480594605, 0.181251257658, 0.0611576996744, 0.0206205714494, 0.0390091463923, 0.0441850498319, 0.062950566411, 0.0809361487627, 0.0720155239105, 0.0168586820364, 0.0175560973585, 0.0196934211999, 0.0279804691672, 0.0196864251047, 0.015056995675, 0.00660368707031, 0.00276896730065, 0.00255851633847, 0.0037508008536, 0.00432834681123, 0.00601368490607, 0.00564637314528, 0.0044889128767, 0.0154136009514, 0.0099293962121, 0.000714382564183, 0.000846982409712],
        "mean": [0.000272222387139, 0.0136084742844, 0.00571163510904, 0.00204047746956, 0.00296662584879, 0.00166684191208, 0.00202154787257, 0.00159317033831, 0.00154818256851, 0.000250882207183, 0.000365740474081, 0.000312754040351, 0.00031023673364, 0.000284509646008, 0.000222963630222, 0.000106859137304, 0.000122345416457, 6.32321025478e-05, 0.000127041319502, 0.000103417914943, 9.92679706542e-05, 9.35556454351e-05, 6.04427696089e-05, 7.91573984316e-05, 7.6748074207e-05, 2.13433359022e-05, 1.38061068355e-05],
        "median": [1.5961310055e-05, 0.00304181827232, 0.00279876636341, 0.00118483090773, 0.00178970687557, 0.000486524571897, 0.000498033128679, 0.000169064922375, 0.000255070190178, 7.45758734411e-05, 5.49632422917e-05, 8.08089971542e-05, 5.42721136298e-05, 5.21807269251e-05, 4.36524787801e-05, 2.81036118395e-05, 4.0180497308e-05, 1.58113434736e-05, 1.8637316316e-05, 2.11028309423e-05, 1.34378606162e-05, 1.17287854664e-05, 6.71035786581e-06, 6.37631046629e-06, 8.41935980134e-06, 2.96484313367e-06, 3.05258879507e-07],
        "min": [1.47877705786e-24, 2.73353619631e-23, 4.70070759161e-23, 5.07329953446e-23, 4.99038394244e-23, 3.10441000011e-23, 6.41285918891e-23, 5.9064527707e-23, 5.87363237051e-23, 4.7633027578e-23, 5.52955143849e-23, 5.48871558042e-23, 5.26462449416e-23, 1.37573100954e-22, 9.8118765516e-23, 1.1346479225e-22, 1.71109812089e-22, 2.45933205841e-22, 3.20391805066e-22, 3.27421780044e-22, 3.28920262354e-22, 6.97306541598e-22, 6.77169762587e-22, 6.50225606213e-22, 1.18297046184e-21, 1.58115624577e-21, 3.07650724521e-21],
        "var": [6.44039289455e-07, 0.000569748342969, 6.62105157971e-05, 6.6522529778e-06, 1.40292204378e-05, 1.30725684357e-05, 2.19759822357e-05, 3.50091686414e-05, 2.21402387979e-05, 7.25914503619e-07, 1.90125740573e-06, 1.35534241963e-06, 2.25268922804e-06, 1.25990993638e-06, 9.81846255854e-07, 1.20378487622e-07, 4.66230929419e-08, 3.429876827e-08, 1.15660974132e-07, 1.11123810598e-07, 1.65650874351e-07, 1.52108214024e-07, 7.55781144335e-08, 3.74088699573e-07, 2.35279003391e-07, 3.97803612273e-09, 3.05282266133e-09]
    },
    "erbbands": {
        "dmean": [0.265123158693, 2.51265120506, 5.30360555649, 3.45107293129, 3.7394733429, 5.72245359421, 6.42253828049, 9.18104362488, 13.9423465729, 22.3747425079, 21.1819667816, 19.8005752563, 9.07882499695, 6.97876977921, 7.06273078918, 11.8689069748, 12.453371048, 8.47962093353, 10.145447731, 8.73294258118, 3.90981698036, 4.05976295471, 2.4219121933, 3.64442896843, 4.20533180237, 3.28015685081, 3.29848051071, 2.64662528038, 2.61453032494, 1.81720602512, 1.40081262589, 1.15789842606, 1.07474958897, 0.837363123894, 0.311558663845, 0.107132405043, 0.0326911695302, 0.0102953789756, 0.00261599896476, 0.000249404896749],
        "dmean2": [0.457779049873, 4.48295450211, 9.56605625153, 5.86136293411, 6.10275745392, 8.29805660248, 9.39859390259, 13.832649231, 20.1583995819, 31.1944847107, 28.7666664124, 28.4104576111, 12.3839941025, 9.28600788116, 9.88592910767, 19.1566829681, 18.641046524, 12.9722185135, 15.3702974319, 13.154955864, 6.14827299118, 5.91605615616, 3.42489504814, 5.48095989227, 6.18397426605, 4.73008203506, 4.8520154953, 3.62488698959, 3.74643778801, 2.69537091255, 1.95190012455, 1.52851295471, 1.41829895973, 1.32096481323, 0.452312201262, 0.162712603807, 0.0511897392571, 0.0164498221129, 0.00442824326456, 0.000423590070568],
        "dvar": [0.41339558363, 38.5814208984, 132.739761353, 33.0129699707, 34.3192481995, 146.262451172, 351.640014648, 507.394256592, 1387.90527344, 4759.08105469, 5429.18359375, 6802.55566406, 730.057556152, 708.585449219, 560.522583008, 2931.49633789, 3971.55688477, 975.918884277, 1383.40454102, 1745.79943848, 175.433319092, 73.6422805786, 38.5299682617, 157.876937866, 114.483879089, 130.593292236, 161.776153564, 84.7316741943, 96.9893569946, 56.3693008423, 29.3092212677, 69.259765625, 46.5868225098, 34.4462814331, 2.03745794296, 0.0956415086985, 0.00808100029826, 0.00101256964263, 8.52414159453e-05, 7.0807021757e-07],
        "dvar2": [1.11707186699, 110.735221863, 388.874023438, 89.1240386963, 81.3750457764, 338.104095459, 720.19128418, 1173.96459961, 2996.87280273, 8475.30859375, 8817.09375, 15728.5957031, 1331.0123291, 1374.26696777, 1089.07324219, 8023.20556641, 9091.77832031, 2139.71264648, 3343.48925781, 3797.14501953, 407.931365967, 160.665603638, 71.7811660767, 336.462738037, 218.211959839, 258.721832275, 321.784301758, 145.659011841, 191.327285767, 111.257598877, 43.0070838928, 91.0856628418, 57.3483886719, 85.1990585327, 2.74980831146, 0.194100782275, 0.0188062004745, 0.00246009300463, 0.000213687162613, 1.8070331862e-06],
        "max": [4.09039402008, 43.4571228027, 86.5587081909, 57.8409881592, 97.0269317627, 214.179702759, 450.839355469, 294.469787598, 678.820617676, 1498.60400391, 1593.15881348, 1637.88415527, 511.053894043, 444.011932373, 479.711853027, 900.684570312, 1420.40991211, 481.602294922, 633.216064453, 970.722167969, 268.861175537, 133.839385986, 129.16217041, 259.351348877, 177.394195557, 183.941162109, 275.153320312, 194.010787964, 198.453018188, 165.676727295, 142.711898804, 303.173614502, 242.683135986, 153.509765625, 45.8048744202, 6.67850065231, 1.06171476841, 0.481223613024, 0.125942066312, 0.0109553998336],
        "mean": [0.272869586945, 3.40877056122, 7.31886148453, 6.87494802475, 7.70743703842, 11.4733133316, 10.6205692291, 14.1726112366, 21.7633323669, 40.625377655, 35.4136734009, 31.7673015594, 16.0205535889, 11.0601987839, 11.2335672379, 13.3198299408, 15.9546890259, 11.2694816589, 12.3352651596, 11.6509943008, 5.61181688309, 6.62986707687, 4.18789720535, 5.30398464203, 6.43062400818, 4.9241604805, 4.3588347435, 3.65664744377, 3.48661875725, 2.39118051529, 1.75063979626, 1.45686030388, 1.44094824791, 1.05216348171, 0.407357871532, 0.120063401759, 0.034337900579, 0.0100012356415, 0.00215771701187, 0.0002119254641],
        "median": [0.063933044672, 0.874882340431, 3.80332875252, 4.64676713943, 4.64217090607, 5.36539363861, 3.68150520325, 4.72796106339, 6.4644818306, 7.66472816467, 5.06359004974, 5.34315776825, 4.08871984482, 2.51211857796, 2.67881464958, 3.18578982353, 2.90927505493, 2.42593717575, 3.12991452217, 2.17564845085, 1.65358698368, 2.20410966873, 1.17591440678, 0.883684694767, 1.07650649548, 0.974313855171, 0.684956073761, 0.451510906219, 0.402722984552, 0.310689121485, 0.164930209517, 0.112385161221, 0.118627153337, 0.0926835983992, 0.0502645261586, 0.0163070335984, 0.0045609776862, 0.000934480456635, 5.61142260267e-05, 4.38608258264e-05],
        "min": [8.59190644334e-22, 6.57710934425e-21, 4.68649321929e-20, 1.19747111569e-19, 2.0396890963e-19, 9.27435419782e-20, 3.06913398018e-19, 2.00885451725e-19, 7.05686805723e-19, 1.07424405528e-18, 1.44660323373e-18, 1.20942697747e-18, 1.16812233397e-18, 2.07207895584e-18, 2.2952313988e-18, 2.23800290812e-18, 2.33922582686e-18, 5.85144835624e-18, 6.12892154323e-18, 4.12003815221e-18, 8.7710054893e-18, 8.97720176368e-18, 1.29594998682e-17, 1.42200718366e-17, 1.62570156755e-17, 1.51122159057e-17, 1.32300838815e-17, 1.3937409332e-17, 1.93641128514e-17, 2.71223341151e-17, 2.20102024196e-17, 1.25043586254e-17, 1.23276008819e-17, 1.23657645138e-17, 9.04865610653e-18, 5.89514499928e-18, 2.95796643763e-18, 1.56189380636e-18, 5.10346139515e-19, 3.8607210756e-20],
        "var": [0.322040349245, 33.7361373901, 111.54335022, 56.5792770386, 96.7627258301, 277.408721924, 581.221923828, 816.69921875, 2161.74389648, 11781.1074219, 13282.6435547, 11412.4365234, 1578.05603027, 1387.83325195, 1118.4140625, 2524.12817383, 5468.72949219, 1330.18566895, 1553.21691895, 2733.65625, 290.60748291, 134.241577148, 96.8279953003, 271.572509766, 280.970458984, 257.059356689, 329.997314453, 216.593917847, 204.874511719, 117.067436218, 70.3712158203, 135.680206299, 104.607963562, 50.7020263672, 5.0626578331, 0.160872161388, 0.0101354466751, 0.00105968536809, 7.41737167118e-05, 5.61896229101e-07]
    },
    "gfcc": {
        "mean": [-57.1307258606, 109.358291626, -82.4870147705, 28.6060295105, -48.6264762878, 11.1394681931, -32.3363838196, 7.27788162231, -19.3354587555, 6.44631481171, -15.376493454, -5.69286155701, -11.1046800613],
        "cov": [[13243.3291016, -377.922912598, -514.95135498, 112.609336853, -266.374328613, -73.8341217041, 8.39001846313, 354.688659668, 68.8178329468, 183.479202271, -35.8689689636, 22.5369567871, -115.05872345], [-377.922912598, 2458.15966797, -496.282409668, -195.142730713, 296.766571045, -73.0733642578, 122.674781799, -22.3075447083, 126.464393616, -219.87852478, 46.8327789307, -135.072097778, 56.5248756409], [-514.95135498, -496.282409668, 857.597839355, 52.3238677979, 135.093887329, 100.41317749, 21.5217685699, 13.2863998413, 7.36926460266, 74.7974090576, -26.254032135, 53.657283783, -4.34070920944], [112.609336853, -195.142730713, 52.3238677979, 542.911682129, 62.9089546204, 46.1883544922, -13.5505657196, 48.867767334, 17.4340553284, -17.9798946381, -3.87377595901, -14.9693975449, 26.6542606354], [-266.374328613, 296.766571045, 135.093887329, 62.9089546204, 411.923919678, 62.8987693787, 46.936378479, 39.4870147705, 60.0178642273, -33.9113502502, 10.8650016785, 24.6337833405, 23.4119186401], [-73.8341217041, -73.0733642578, 100.41317749, 46.1883544922, 62.8987693787, 169.443313599, 55.2920799255, 32.9491958618, -5.85881471634, 8.36758327484, 0.80691742897, 10.6719770432, -13.97382164], [8.39001846313, 122.674781799, 21.5217685699, -13.5505657196, 46.936378479, 55.2920799255, 205.102005005, 33.2930679321, 26.1206207275, -31.1037273407, 32.6406936646, -5.11404800415, -24.0577812195], [354.688659668, -22.3075447083, 13.2863998413, 48.867767334, 39.4870147705, 32.9491958618, 33.2930679321, 121.933357239, 40.6518859863, 11.2258911133, -12.4863910675, 6.26534032822, -18.0615921021], [68.8178329468, 126.464393616, 7.36926460266, 17.4340553284, 60.0178642273, -5.85881471634, 26.1206207275, 40.6518859863, 118.129142761, 11.9448432922, 6.07809448242, -6.95281648636, 15.5557518005], [183.479202271, -219.87852478, 74.7974090576, -17.9798946381, -33.9113502502, 8.36758327484, -31.1037273407, 11.2258911133, 11.9448432922, 123.064758301, 10.1155147552, 22.1738491058, -4.27322149277], [-35.8689689636, 46.8327789307, -26.254032135, -3.87377595901, 10.8650016785, 0.80691742897, 32.6406936646, -12.4863910675, 6.07809448242, 10.1155147552, 67.7972488403, 15.3391256332, 1.44960916042], [22.5369567871, -135.072097778, 53.657283783, -14.9693975449, 24.6337833405, 10.6719770432, -5.11404800415, 6.26534032822, -6.95281648636, 22.1738491058, 15.3391256332, 95.2954177856, 10.240146637], [-115.05872345, 56.5248756409, -4.34070920944, 26.6542606354, 23.4119186401, -13.97382164, -24.0577812195, -18.0615921021, 15.5557518005, -4.27322149277, 1.44960916042, 10.240146637, 83.9725494385]],
        "icov": [[8.89134316822e-05, 2.7755049814e-06, 6.37520352029e-05, -2.00426802621e-05, 3.69070803572e-05, 6.76767958794e-05, -2.54837814282e-05, -0.000259579741396, 2.57652409346e-05, -0.00014462544641, 5.27533193235e-05, -3.68481887563e-05, 5.89062619838e-05], [2.7755049814e-06, 0.000776319939177, 0.000359184428817, 0.000386768457247, -0.00061038689455, 0.000109584929305, -0.000112914072815, 7.70717524574e-05, -0.000554259167984, 0.000917264027521, -0.000505057803821, 0.000964060251135, -0.00040981391794], [6.37520352029e-05, 0.000359184428817, 0.00171486812178, -1.22209576148e-06, -0.00075798749458, -0.000443160737632, -0.000455323781352, 0.00046954039135, -0.000220593894483, -0.000847926479764, 0.0010909200646, -0.000281885557342, 5.59923100809e-05], [-2.00426802621e-05, 0.000386768457247, -1.22209576148e-06, 0.00230267853476, -0.000398312666221, -0.000519160064869, 0.000549478514586, -0.00102969678119, -0.000178317772225, 0.00105826219078, -0.000916230783332, 0.00118000234943, -0.00109937007073], [3.69070803572e-05, -0.00061038689455, -0.00075798749458, -0.000398312666221, 0.00375718134455, -0.0010341682937, 0.000211482911254, -0.000673756934702, -0.00115533394273, 0.000880826904904, -0.000371394649846, -0.001505983877, -0.000306343426928], [6.76767958794e-05, 0.000109584929305, -0.000443160737632, -0.000519160064869, -0.0010341682937, 0.00793319940567, -0.00217641098425, -0.00154089473654, 0.00190766784362, -0.00115520088002, 0.000600755505729, -6.09065282333e-05, 0.000399252719944], [-2.54837814282e-05, -0.000112914072815, -0.000455323781352, 0.000549478514586, 0.000211482911254, -0.00217641098425, 0.00734855467454, -0.00164288945962, -0.00142199953552, 0.00284387590364, -0.00440755719319, 0.000654484145343, 0.00157838105224], [-0.000259579741396, 7.70717524574e-05, 0.00046954039135, -0.00102969678119, -0.000673756934702, -0.00154089473654, -0.00164288945962, 0.0129024358466, -0.00424105674028, -0.00106255931314, 0.0041294102557, -0.00190217990894, 0.00307173491456], [2.57652409346e-05, -0.000554259167984, -0.000220593894483, -0.000178317772225, -0.00115533394273, 0.00190766784362, -0.00142199953552, -0.00424105674028, 0.0123254656792, -0.00286766351201, -0.000602648360655, 0.00156027066987, -0.0028355086688], [-0.00014462544641, 0.000917264027521, -0.000847926479764, 0.00105826219078, 0.000880826904904, -0.00115520088002, 0.00284387590364, -0.00106255931314, -0.00286766351201, 0.0124840345234, -0.00419915001839, -0.000361379177775, 0.000236129126279], [5.27533193235e-05, -0.000505057803821, 0.0010909200646, -0.000916230783332, -0.000371394649846, 0.000600755505729, -0.00440755719319, 0.0041294102557, -0.000602648360655, -0.00419915001839, 0.0200790483505, -0.00433656433597, 0.000668593507726], [-3.68481887563e-05, 0.000964060251135, -0.000281885557342, 0.00118000234943, -0.001505983877, -6.09065282333e-05, 0.000654484145343, -0.00190217990894, 0.00156027066987, -0.000361379177775, -0.00433656433597, 0.0139700099826, -0.00283660460263], [5.89062619838e-05, -0.00040981391794, 5.59923100809e-05, -0.00109937007073, -0.000306343426928, 0.000399252719944, 0.00157838105224, 0.00307173491456, -0.0028355086688, 0.000236129126279, 0.000668593507726, -0.00283660460263, 0.0147534850985]]
    },
    "melbands": {
        "dmean": [0.0026548539754, 0.00300341495313, 0.000598388258368, 0.000313587428536, 0.000230593650485, 0.000209914112929, 0.000221928799874, 0.00024207032402, 0.000179722104804, 0.000118930518511, 4.49611288786e-05, 2.79264495475e-05, 2.96434627671e-05, 2.17733449972e-05, 4.39164505224e-05, 1.83354131877e-05, 1.76364883373e-05, 1.92211155081e-05, 1.47597629621e-05, 7.63155912864e-06, 4.24986183134e-06, 4.02036084779e-06, 3.76393950319e-06, 2.06099866773e-06, 3.15365537062e-06, 3.43482679455e-06, 2.79024811789e-06, 2.15467480302e-06, 2.09669497053e-06, 1.83877034488e-06, 1.58389877924e-06, 1.51317033215e-06, 1.31831313865e-06, 8.93552169146e-07, 8.52504342674e-07, 6.97948280504e-07, 7.32896410227e-07, 7.60327623084e-07, 7.92829609964e-07, 6.84316773913e-07],
        "dmean2": [0.00465299002826, 0.00539018586278, 0.00100241065957, 0.000487972429255, 0.000339739344781, 0.000311856420012, 0.000315723998938, 0.000326318462612, 0.000248506519711, 0.000168093873071, 6.1993872805e-05, 3.77440519514e-05, 4.02401055908e-05, 3.72447357222e-05, 6.94076588843e-05, 2.69222200586e-05, 2.75239235634e-05, 2.98408285744e-05, 2.23309525609e-05, 1.19577789519e-05, 6.91295554134e-06, 6.0806419242e-06, 5.39881966688e-06, 3.16287582791e-06, 4.79858135805e-06, 5.4554811868e-06, 4.08042797062e-06, 3.13099690175e-06, 3.21997868014e-06, 2.61142281488e-06, 2.28822977988e-06, 2.23665301746e-06, 1.96886958292e-06, 1.32586933432e-06, 1.19276637633e-06, 9.83111362984e-07, 9.63598381531e-07, 1.00564955119e-06, 1.21480934467e-06, 1.08800827547e-06],
        "dvar": [4.20975666202e-05, 4.80608323414e-05, 8.51351160236e-07, 3.09280665078e-07, 3.29202862304e-07, 2.56616715433e-07, 3.56733067974e-07, 5.61863885196e-07, 3.7319597368e-07, 2.15381461999e-07, 2.06079118215e-08, 1.05204858158e-08, 1.19803278409e-08, 8.7746609978e-09, 3.27631681785e-08, 8.36847835473e-09, 5.23396748164e-09, 6.34759533824e-09, 6.12429973401e-09, 8.86829998326e-10, 2.05613470694e-10, 7.33221192095e-11, 9.65955301857e-11, 6.27231599992e-11, 1.30682853428e-10, 7.50015605178e-11, 7.5283883294e-11, 6.76139214062e-11, 6.98586674619e-11, 5.91926507809e-11, 3.16139475709e-11, 3.27945934298e-11, 3.00439499668e-11, 1.30213600319e-11, 1.05224544356e-11, 1.07112773512e-11, 3.6770791273e-11, 2.88577616664e-11, 2.48472648706e-11, 2.4257627157e-11],
        "dvar2": [0.00011650169472, 0.00014000160445, 2.25375106311e-06, 6.93871299973e-07, 6.54625182506e-07, 5.69591122712e-07, 7.24099038507e-07, 9.87221596915e-07, 7.11080645033e-07, 4.873250532e-07, 3.85399800962e-08, 1.97856806494e-08, 2.11370210224e-08, 2.50135610003e-08, 7.82820421819e-08, 1.98026626208e-08, 1.10486446658e-08, 1.52733647951e-08, 1.31803252756e-08, 2.24604157495e-09, 4.69081884447e-10, 1.6325114871e-10, 2.27617230619e-10, 1.19420986988e-10, 2.89080426263e-10, 1.62042171348e-10, 1.40345166044e-10, 1.44523837342e-10, 1.44129916335e-10, 1.17847662184e-10, 6.05009375931e-11, 6.53658932537e-11, 6.30838992155e-11, 2.37462913916e-11, 1.65922952461e-11, 1.47030460723e-11, 4.93101497134e-11, 3.69652329579e-11, 4.9455956691e-11, 6.42342290469e-11],
        "max": [0.0455698445439, 0.0484972298145, 0.00897461175919, 0.00891375634819, 0.0117220385, 0.00647318270057, 0.0120727624744, 0.0182230975479, 0.0133888320997, 0.00896361283958, 0.00255779898725, 0.00162017089315, 0.00243249326013, 0.00176501623355, 0.00253913202323, 0.00206596171483, 0.00124662043527, 0.00147329771426, 0.00142094923649, 0.000661407364532, 0.000226404823479, 0.000135941270855, 0.000159909730428, 0.000162158627063, 0.000226970572839, 0.000120739998238, 0.00015371106565, 0.000156283407705, 0.000193512052647, 0.000213327832171, 0.000131962864543, 0.000111664761789, 0.000114792659588, 9.01625098777e-05, 7.95444793766e-05, 0.000100333571027, 0.000223997718422, 0.000189486570889, 0.000137191425893, 0.000124748068629],
        "mean": [0.00319993239827, 0.00430292915553, 0.00124692334794, 0.000686932762619, 0.000414461421315, 0.000327640096657, 0.000348235451384, 0.000437436101492, 0.000292762648314, 0.000189869562746, 7.60847469792e-05, 4.24465142714e-05, 4.70036065963e-05, 2.38100674324e-05, 5.20059802511e-05, 2.37341973843e-05, 2.16992702917e-05, 2.19485846173e-05, 1.75163240783e-05, 1.05527096821e-05, 5.66979588257e-06, 6.24172162134e-06, 6.39567633698e-06, 2.95308518616e-06, 4.32582965004e-06, 4.9275395213e-06, 4.11534938394e-06, 3.07105960928e-06, 2.71597264145e-06, 2.38242591877e-06, 2.05558990274e-06, 2.03119770958e-06, 1.68225767538e-06, 1.17274692002e-06, 1.04030277726e-06, 8.61278920183e-07, 9.07438277409e-07, 9.83718564385e-07, 1.08538188215e-06, 8.11140523638e-07],
        "median": [0.000717917340808, 0.00206376402639, 0.000976610346697, 0.000435973983258, 0.0001464804227, 0.00010896956519, 9.9606178992e-05, 6.38183992123e-05, 3.94537128159e-05, 3.10266805172e-05, 1.96232285816e-05, 9.55500945565e-06, 8.99154201761e-06, 7.28595841792e-06, 8.04953378974e-06, 4.68220696348e-06, 4.52171161669e-06, 4.93698644277e-06, 3.02247804029e-06, 2.23030065172e-06, 1.62469473253e-06, 2.22001312977e-06, 1.50808807575e-06, 5.45091381809e-07, 6.71552527365e-07, 7.40966356716e-07, 6.26387702596e-07, 5.89578007748e-07, 4.25075171506e-07, 3.15998534006e-07, 2.26392614877e-07, 2.24276533345e-07, 1.93585847796e-07, 1.56706249754e-07, 9.7064329907e-08, 6.71020927712e-08, 6.79676901427e-08, 7.33404164066e-08, 8.74731256317e-08, 7.37211536261e-08],
        "min": [7.35560177096e-24, 1.85741623092e-23, 2.43263687916e-23, 1.0143322614e-23, 9.10469809104e-24, 6.01202018808e-24, 1.05017297334e-23, 1.29176927752e-23, 1.13018129739e-23, 7.4119343282e-24, 5.93225215106e-24, 8.34151145284e-24, 7.83878144199e-24, 5.5741262606e-24, 6.38159047812e-24, 6.4373108793e-24, 1.07793219974e-23, 9.5329359666e-24, 8.93504408704e-24, 5.36887411939e-24, 1.08141399511e-23, 7.81911040646e-24, 1.35463210422e-23, 1.11090942547e-23, 1.10015709356e-23, 1.40805802457e-23, 9.38284650191e-24, 1.0172093949e-23, 8.11628219807e-24, 9.56716543014e-24, 7.29240927929e-24, 9.13583364211e-24, 1.56910524055e-23, 1.34848877103e-23, 1.53960073829e-23, 6.35545275532e-24, 7.66383339246e-24, 8.80161378695e-24, 8.25196311832e-24, 1.14046551924e-23],
        "var": [3.44757609128e-05, 4.06618528359e-05, 1.62468575127e-06, 7.24399512819e-07, 6.03808814503e-07, 4.27463362485e-07, 5.67202562252e-07, 1.47768184888e-06, 8.38311393636e-07, 3.68527992123e-07, 3.99146493635e-08, 2.09219468417e-08, 2.66102588853e-08, 6.01274185996e-09, 4.51030643944e-08, 1.01758192983e-08, 6.80464351532e-09, 6.84639855919e-09, 7.45862660523e-09, 1.70236480468e-09, 2.88792573189e-10, 1.24907514887e-10, 1.66527819312e-10, 1.34538505336e-10, 2.09105760485e-10, 1.52251697361e-10, 1.52236112605e-10, 1.20548335203e-10, 1.28600630145e-10, 1.13102492649e-10, 7.13442985245e-11, 6.93354540449e-11, 5.58484820889e-11, 2.92151129677e-11, 2.44609870553e-11, 2.35450357128e-11, 6.88225448853e-11, 5.95669139014e-11, 4.5926800557e-11, 3.22226481608e-11]
    },
    "mfcc": {
        "mean": [-710.958251953, 144.215377808, 23.5451164246, 26.3684444427, 8.46716976166, 8.37593746185, 2.86147880554, -1.94315576553, 4.51312589645, 3.1620414257, 4.00442266464, 1.01401543617, 1.42257344723],
        "cov": [[10470.3466797, 216.979278564, -679.077209473, 174.053009033, -297.604797363, -210.264556885, -78.1793746948, 101.492202759, 41.136680603, 188.190811157, 220.337203979, -112.067848206, 100.808540344], [216.979278564, 2163.95605469, -388.435150146, -109.666526794, 90.4277420044, -19.8814640045, 13.6841478348, 98.014831543, 79.5249633789, -19.2723846436, 51.3375244141, -24.1495323181, 3.08027148247], [-679.077209473, -388.435150146, 588.730102539, 42.4063491821, 44.5418891907, 71.9603347778, 38.7769775391, -22.865650177, 34.6264381409, -9.36866283417, -31.1646690369, 67.5167694092, 21.1235046387], [174.053009033, -109.666526794, 42.4063491821, 351.841949463, 135.56388855, 38.6057510376, 12.1161108017, 48.7108306885, 34.858581543, 34.0877113342, -13.243350029, 2.27045726776, 19.53565979], [-297.604797363, 90.4277420044, 44.5418891907, 135.56388855, 329.666259766, 77.1125564575, 13.5978460312, 40.7544708252, 67.371887207, 8.21384716034, -29.2323760986, 44.0611686707, -3.0478105545], [-210.264556885, -19.8814640045, 71.9603347778, 38.6057510376, 77.1125564575, 138.215713501, 65.3937911987, 32.5417098999, 16.723033905, 7.79331445694, -2.22978901863, 29.154882431, -0.00482308259234], [-78.1793746948, 13.6841478348, 38.7769775391, 12.1161108017, 13.5978460312, 65.3937911987, 148.331375122, 73.1931686401, 2.27675461769, 12.3008022308, 18.535030365, 19.320318222, -12.0533590317], [101.492202759, 98.014831543, -22.865650177, 48.7108306885, 40.7544708252, 32.5417098999, 73.1931686401, 177.24168396, 37.3131256104, 14.7157144547, 35.3481712341, 17.6524448395, -21.6126289368], [41.136680603, 79.5249633789, 34.6264381409, 34.858581543, 67.371887207, 16.723033905, 2.27675461769, 37.3131256104, 106.739143372, 30.3238182068, -1.64431726933, 13.2604703903, 4.54848527908], [188.190811157, -19.2723846436, -9.36866283417, 34.0877113342, 8.21384716034, 7.79331445694, 12.3008022308, 14.7157144547, 30.3238182068, 113.839393616, 27.1292991638, -12.4790382385, 10.306684494], [220.337203979, 51.3375244141, -31.1646690369, -13.243350029, -29.2323760986, -2.22978901863, 18.535030365, 35.3481712341, -1.64431726933, 27.1292991638, 94.0334701538, 16.1779537201, -5.445540905], [-112.067848206, -24.1495323181, 67.5167694092, 2.27045726776, 44.0611686707, 29.154882431, 19.320318222, 17.6524448395, 13.2604703903, -12.4790382385, 16.1779537201, 96.9743881226, 14.2790708542], [100.808540344, 3.08027148247, 21.1235046387, 19.53565979, -3.0478105545, -0.00482308259234, -12.0533590317, -21.6126289368, 4.54848527908, 10.306684494, -5.445540905, 14.2790708542, 81.7294387817]],
