{
"lowlevel": {
    "average_loudness": 0.978907167912,
    "barkbands_crest": {
        "dmean": 1.83958959579,
        "dmean2": 2.93895530701,
        "dvar": 3.49587035179,
        "dvar2": 8.40685653687,
        "max": 25.6198120117,
        "mean": 9.18012142181,
        "median": 8.5784702301,
        "min": 2.43833613396,
        "var": 12.4507799149
    },
    "barkbands_flatness_db": {
        "dmean": 0.0226634219289,
        "dmean2": 0.0315239652991,
        "dvar": 0.000546016555745,
        "dvar2": 0.000916349352337,
        "max": 0.432369083166,
        "mean": 0.190294653177,
        "median": 0.182811781764,
        "min": 0.0257957950234,
        "var": 0.00381633243524
    },
    "barkbands_kurtosis": {
        "dmean": 2.20890045166,
        "dmean2": 3.35083174706,
        "dvar": 30.0619525909,
        "dvar2": 62.4793205261,
        "max": 188.137969971,
        "mean": 3.51483488083,
        "median": 0.774185657501,
        "min": -1.90199887753,
        "var": 151.62928772
    },
    "barkbands_skewness": {
        "dmean": 0.454575389624,
        "dmean2": 0.664371609688,
        "dvar": 0.250583529472,
        "dvar2": 0.496752649546,
        "max": 10.6685438156,
        "mean": 1.2663847208,
        "median": 1.06217968464,
        "min": -2.75864648819,
        "var": 1.67051136494
    },
    "barkbands_spread": {
        "dmean": 4.83698940277,
        "dmean2": 7.30308008194,
        "dvar": 51.1860237122,
        "dvar2": 114.075439453,
        "max": 83.8087387085,
        "mean": 19.4804821014,
        "median": 16.8139858246,
        "min": 0.369020521641,
        "var": 155.996185303
    },
    "dissonance": {
        "dmean": 0.0274004265666,
        "dmean2": 0.0456669479609,
        "dvar": 0.000634228228591,
        "dvar2": 0.00175086501986,
        "max": 0.499143093824,
        "mean": 0.434648007154,
        "median": 0.443188220263,
        "min": 0.262149214745,
        "var": 0.00178243336268
    },
    "dynamic_complexity": 3.33950209618,
    "erbbands_crest": {
        "dmean": 2.71858334541,
        "dmean2": 4.18420648575,
        "dvar": 7.89161682129,
        "dvar2": 18.1197872162,
        "max": 30.2979717255,
        "mean": 12.0840101242,
        "median": 11.0333118439,
        "min": 3.14378523827,
        "var": 27.570400238
    },
    "erbbands_flatness_db": {
        "dmean": 0.0203665941954,
        "dmean2": 0.0271641910076,
        "dvar": 0.000451918225735,
        "dvar2": 0.000783950963523,
        "max": 0.408452779055,
        "mean": 0.207947269082,
        "median": 0.200349166989,
        "min": 0.0699058249593,
        "var": 0.0038924862165
    },
    "erbbands_kurtosis": {
        "dmean": 1.04417788982,
        "dmean2": 1.53782701492,
        "dvar": 2.36586046219,
        "dvar2": 5.40456676483,
        "max": 33.7308158875,
        "mean": 1.2040528059,
        "median": 0.62196803093,
        "min": -1.72891592979,
        "var": 6.91373300552
    },
    "erbbands_skewness": {
        "dmean": 0.389204740524,
        "dmean2": 0.58119815588,
        "dvar": 0.162816137075,
        "dvar2": 0.341872125864,
        "max": 4.83030748367,
        "mean": -0.0511329881847,
        "median": -0.0133244078606,
        "min": -2.75307941437,
        "var": 0.758190870285
    },
    "erbbands_spread": {
        "dmean": 6.88088798523,
        "dmean2": 9.7006187439,
        "dvar": 84.5745697021,
        "dvar2": 155.193313599,
        "max": 124.776313782,
        "mean": 29.6807060242,
        "median": 25.9245529175,
        "min": 4.07880163193,
        "var": 376.554321289
    },
    "hfc": {
        "dmean": 5.4265961647,
        "dmean2": 7.64367055893,
        "dvar": 61.5745162964,
        "dvar2": 126.784698486,
        "max": 97.7499160767,
        "mean": 23.8586025238,
        "median": 21.2862415314,
        "min": 2.89577155854e-06,
        "var": 278.645843506
    },
    "melbands_crest": {
        "dmean": 2.31383085251,
        "dmean2": 3.82713890076,
        "dvar": 4.96296691895,
        "dvar2": 12.8290376663,
        "max": 27.1940078735,
        "mean": 13.1281709671,
        "median": 12.405831337,
        "min": 3.94784617424,
        "var": 17.6125144958
    },
    "melbands_flatness_db": {
        "dmean": 0.0250051040202,
        "dmean2": 0.0341089069843,
        "dvar": 0.000762766227126,
        "dvar2": 0.00131559872534,
        "max": 0.514264881611,
        "mean": 0.245866090059,
        "median": 0.241215467453,
        "min": 0.0282218549401,
        "var": 0.00508463429287
    },
    "melbands_kurtosis": {
        "dmean": 4.42152070999,
        "dmean2": 6.54855728149,
        "dvar": 48.0913391113,
        "dvar2": 102.832313538,
        "max": 86.6938781738,
        "mean": 9.42016887665,
        "median": 3.97491931915,
        "min": -1.84688913822,
        "var": 204.190444946
    },
    "melbands_skewness": {
        "dmean": 0.552012681961,
        "dmean2": 0.79673230648,
        "dvar": 0.373052477837,
        "dvar2": 0.760149776936,
        "max": 8.29435920715,
        "mean": 2.21660685539,
        "median": 1.91242027283,
        "min": -1.03866398335,
        "var": 2.37044262886
    },
    "melbands_spread": {
        "dmean": 6.03219175339,
        "dmean2": 8.9756155014,
        "dvar": 75.2229003906,
        "dvar2": 146.680099487,
        "max": 155.573471069,
        "mean": 22.7596549988,
        "median": 18.7069797516,
        "min": 0.818204641342,
        "var": 277.602630615
    },
    "pitch_salience": {
        "dmean": 0.0539643242955,
        "dmean2": 0.0857717245817,
        "dvar": 0.00269852741621,
        "dvar2": 0.00672983005643,
        "max": 0.847954154015,
        "mean": 0.509159207344,
        "median": 0.503395557404,
        "min": 0.181258067489,
        "var": 0.0106888972223
    },
    "silence_rate_20dB": {
        "dmean": 0,
        "dmean2": 0,
        "dvar": 0,
        "dvar2": 0,
        "max": 1,
        "mean": 1,
        "median": 1,
        "min": 1,
        "var": 0
    },
    "silence_rate_30dB": {
        "dmean": 0,
        "dmean2": 0,
        "dvar": 0,
        "dvar2": 0,
        "max": 1,
        "mean": 1,
        "median": 1,
        "min": 1,
        "var": 0
    },
    "silence_rate_60dB": {
        "dmean": 0.00928792543709,
        "dmean2": 0.018590239808,
        "dvar": 0.00920167472214,
        "dvar2": 0.0197938978672,
        "max": 1,
        "mean": 0.102088168263,
        "median": 0,
        "min": 0,
        "var": 0.0916658341885
    },
    "spectral_centroid": {
        "dmean": 210.275619507,
        "dmean2": 314.125610352,
        "dvar": 94840.0390625,
        "dvar2": 194601.0625,
        "max": 4299.47216797,
        "mean": 1071.90808105,
        "median": 916.511230469,
        "min": 245.896072388,
        "var": 360478.59375
    },
    "spectral_complexity": {
        "dmean": 2.28328180313,
        "dmean2": 3.55383419991,
        "dvar": 8.23083114624,
        "dvar2": 17.8179225922,
        "max": 43,
        "mean": 14.9597835541,
        "median": 15,
        "min": 0,
        "var": 51.9813919067
    },
    "spectral_decrease": {
        "dmean": 1.31569366513e-09,
        "dmean2": 2.11005213302e-09,
        "dvar": 1.98487902323e-18,
        "dvar2": 5.14484172568e-18,
        "max": -4.1976425002e-16,
        "mean": -8.56786552816e-09,
        "median": -9.39048661053e-09,
        "min": -1.79407528833e-08,
        "var": 1.44166364199e-17
    },
    "spectral_energy": {
        "dmean": 0.00519805494696,
        "dmean2": 0.0082693817094,
        "dvar": 2.98874365399e-05,
        "dvar2": 7.62392810429e-05,
        "max": 0.0724418386817,
        "mean": 0.0345011539757,
        "median": 0.0377757437527,
        "min": 1.84694359806e-09,
        "var": 0.000231498488574
    },
    "spectral_energyband_high": {
        "dmean": 0.000411293178331,
        "dmean2": 0.000571897660848,
        "dvar": 8.75447710769e-07,
        "dvar2": 1.85366957339e-06,
        "max": 0.00984575878829,
        "mean": 0.000651828944683,
        "median": 0.000149193219841,
        "min": 5.60764421009e-11,
        "var": 1.65969800037e-06
    },
    "spectral_energyband_low": {
        "dmean": 0.00278853974305,
        "dmean2": 0.00458096852526,
        "dvar": 1.13875084935e-05,
        "dvar2": 3.4907792724e-05,
        "max": 0.0353712067008,
        "mean": 0.0112271504477,
        "median": 0.0112668899819,
        "min": 5.25104482466e-12,
        "var": 5.08335469931e-05
    },
    "spectral_energyband_middle_high": {
        "dmean": 0.00212020031177,
        "dmean2": 0.00294130947441,
        "dvar": 7.68887275626e-06,
        "dvar2": 1.53864384629e-05,
        "max": 0.0346719287336,
        "mean": 0.00878939218819,
        "median": 0.00711162760854,
        "min": 2.37055791663e-10,
        "var": 5.43878668395e-05
    },
    "spectral_energyband_middle_low": {
        "dmean": 0.00434721680358,
        "dmean2": 0.00681691430509,
        "dvar": 2.62702142209e-05,
        "dvar2": 6.06369758316e-05,
        "max": 0.0578541979194,
        "mean": 0.0156362894922,
        "median": 0.0144606940448,
        "min": 1.30002897336e-09,
        "var": 0.000109903048724
    },
    "spectral_entropy": {
        "dmean": 0.212521538138,
        "dmean2": 0.282544910908,
        "dvar": 0.0531043410301,
        "dvar2": 0.0888106524944,
        "max": 8.71300697327,
        "mean": 7.03556489944,
        "median": 7.02494621277,
        "min": 4.98461151123,
        "var": 0.269639968872
    },
    "spectral_flux": {
        "dmean": 0.0200937278569,
        "dmean2": 0.0314330644906,
        "dvar": 0.000378641911084,
        "dvar2": 0.000875892525073,
        "max": 0.227110698819,
        "mean": 0.0700391083956,
        "median": 0.0657768622041,
        "min": 4.29760802945e-05,
        "var": 0.00156312715262
    },
    "spectral_kurtosis": {
        "dmean": 3.44043421745,
        "dmean2": 5.44667720795,
        "dvar": 21.8159351349,
        "dvar2": 51.1886863708,
        "max": 71.3005065918,
        "mean": 8.21935844421,
        "median": 6.1632194519,
        "min": -1.2167147398,
        "var": 65.6409683228
    },
    "spectral_rms": {
        "dmean": 0.000436425034422,
        "dmean2": 0.000680438708514,
        "dvar": 1.99341371854e-07,
        "dvar2": 4.83413373331e-07,
        "max": 0.0084068402648,
        "mean": 0.00548620661721,
        "median": 0.00607078103349,
        "min": 1.34234721827e-06,
        "var": 3.56127316081e-06
    },
    "spectral_rolloff": {
        "dmean": 369.380767822,
        "dmean2": 632.086242676,
        "dvar": 785388.3125,
        "dvar2": 1975609.25,
        "max": 10422.0703125,
        "mean": 1362.71813965,
        "median": 1184.32617188,
        "min": 150.732421875,
        "var": 1341740.125
    },
    "spectral_skewness": {
        "dmean": 0.362232327461,
        "dmean2": 0.549309074879,
        "dvar": 0.148822978139,
        "dvar2": 0.323277443647,
        "max": 6.86277198792,
        "mean": 2.01218223572,
        "median": 1.90462446213,
        "min": 0.436120510101,
        "var": 0.634974360466
    },
    "spectral_spread": {
        "dmean": 716821.3125,
        "dmean2": 942536.875,
        "dvar": 930484977664,
        "dvar2": 1.46787847373e+12,
        "max": 17999162,
        "mean": 3932518.75,
        "median": 3554775.25,
        "min": 902261.1875,
        "var": 3.8093366231e+12
    },
    "spectral_strongpeak": {
        "dmean": 0.609014034271,
        "dmean2": 1.05742287636,
        "dvar": 1.4666519165,
        "dvar2": 3.49670577049,
        "max": 10.8840713501,
        "mean": 1.23546934128,
        "median": 0.531876206398,
        "min": 0.000122518598801,
        "var": 2.93182492256
    },
    "zerocrossingrate": {
        "dmean": 0.00891680177301,
        "dmean2": 0.0104214577004,
        "dvar": 0.00016177353973,
        "dvar2": 0.000174823740963,
        "max": 0.33544921875,
        "mean": 0.0497680567205,
        "median": 0.044921875,
        "min": 0.009765625,
        "var": 0.00084126641741
    },
    "barkbands": {
        "dmean": [1.08361573439e-05, 0.000973541114945, 0.0018951271195, 0.00181984365918, 0.00277369632386, 0.000902064552065, 0.000388249201933, 0.000435282650869, 0.000411082204664, 0.000473694730317, 0.000463822216261, 0.000559733831324, 0.00060980359558, 0.000557615188882, 0.000466988974949, 0.000292252982035, 0.000262825284153, 0.00017590817879, 8.96296987776e-05, 9.42816332099e-05, 9.45717401919e-05, 0.00013584633416, 6.09431299381e-05, 5.96678582951e-05, 7.2068272857e-05, 1.18500393e-05, 1.83119453823e-07],
        "dmean2": [1.77386318683e-05, 0.00152670382522, 0.00318609061651, 0.00308820861392, 0.00413662288338, 0.00141681777313, 0.000560686341487, 0.000677847594488, 0.000623901200015, 0.000655406503938, 0.000602681888267, 0.000798793218564, 0.000845386181027, 0.000756264023948, 0.000746699748561, 0.000452915381175, 0.000375093193725, 0.000258678686805, 0.000132717847009, 0.000149869141751, 0.000155511195771, 0.000199109126697, 9.28439403651e-05, 8.27760813991e-05, 0.000105553728645, 1.91414201254e-05, 3.13203287305e-07],
        "dvar": [3.94377142054e-10, 1.75977868366e-06, 6.72953501635e-06, 5.29195131094e-06, 1.60908784892e-05, 3.30282023242e-06, 1.05491483282e-06, 1.36277651563e-06, 1.71095291535e-06, 8.82381527845e-07, 1.06202742245e-06, 2.21391223931e-06, 2.10702478398e-06, 1.49699030771e-06, 1.62836386153e-06, 9.47376634031e-07, 6.58904809825e-07, 2.12203389083e-07, 6.8264377262e-08, 1.1355123064e-07, 1.03716672584e-07, 1.13584107453e-07, 3.63585286323e-08, 5.03493353676e-08, 3.2958329399e-08, 1.95290650318e-09, 6.01967423391e-13],
        "dvar2": [9.10967079548e-10, 4.41558813691e-06, 2.13775801967e-05, 1.4889891645e-05, 3.41125414707e-05, 7.59401154937e-06, 2.05549645216e-06, 3.44748377756e-06, 3.50451023223e-06, 1.56843123023e-06, 1.75421405402e-06, 4.38669258074e-06, 4.4156658987e-06, 2.86538283945e-06, 4.46865351478e-06, 2.22168273467e-06, 1.2468518662e-06, 4.5819771799e-07, 1.22888621945e-07, 2.5740359888e-07, 2.77813740013e-07, 2.6144564913e-07, 7.23394180113e-08, 9.96511460016e-08, 5.82447974296e-08, 4.31080682262e-09, 1.50211559771e-12],
        "max": [0.00041429081466, 0.0195994712412, 0.0235223993659, 0.0210674162954, 0.0449050068855, 0.0253636334091, 0.0255808532238, 0.0177395846695, 0.0245158262551, 0.0184299275279, 0.0218905061483, 0.0259537100792, 0.023459982127, 0.0204510409385, 0.0186431333423, 0.015417912975, 0.0163914617151, 0.00721287401393, 0.00630403775722, 0.010360725224, 0.00334932981059, 0.00302785378881, 0.00315353320912, 0.00565457716584, 0.00291979243048, 0.000993190798908, 1.3716500689e-05],
        "mean": [2.61733421212e-05, 0.00480318535119, 0.0049988552928, 0.00321316858754, 0.00623968103901, 0.00227102288045, 0.00128633412533, 0.000871878408361, 0.000863921595737, 0.00145954161417, 0.00156980624888, 0.00117349496577, 0.00114692340139, 0.00146652944386, 0.000649463268928, 0.000475993845612, 0.000604884990025, 0.000423936900916, 0.000188519668882, 0.000187876576092, 9.69583634287e-05, 0.00018590631953, 9.26881330088e-05, 8.84454784682e-05, 0.000102738733403, 1.30742882902e-05, 1.56115319783e-07],
        "median": [1.05058934423e-05, 0.00396646512672, 0.00409386632964, 0.00239135348238, 0.0042711570859, 0.000890049501322, 0.000225989308092, 0.000233702361584, 0.00025417318102, 0.000482253672089, 0.000232549849898, 0.000323613872752, 0.000286105205305, 0.000290892843623, 0.000137310969876, 6.75440969644e-05, 8.09045668575e-05, 6.66868363624e-05, 5.4979333072e-05, 5.02302536916e-05, 1.82416224561e-05, 3.46952838299e-05, 1.1626968444e-05, 1.60403342306e-05, 1.9293065634e-05, 6.86068290179e-07, 1.44807621449e-09],
        "min": [7.27396875372e-12, 1.73156552031e-12, 5.08418502611e-13, 1.16987062398e-12, 6.33221919344e-10, 9.25271595453e-11, 3.93121056541e-11, 6.08031264226e-11, 4.56015641914e-11, 8.51359781284e-12, 1.74965701649e-11, 7.29233166907e-12, 3.37917476119e-12, 3.76318837203e-11, 3.59333986177e-11, 7.09710762381e-12, 1.05753010515e-11, 2.01099085301e-11, 7.39525628235e-12, 2.14661864673e-11, 2.27188233504e-12, 3.50778065449e-12, 4.19407997915e-12, 8.86569810621e-12, 6.42418323399e-12, 4.48578153789e-12, 7.99377144339e-12],
        "var": [1.5017314059e-09, 1.67796879396e-05, 1.90351111087e-05, 9.54309143708e-06, 4.42804048362e-05, 9.81613993645e-06, 1.02844096546e-05, 3.77136962015e-06, 2.8452634524e-06, 5.46119690625e-06, 7.85000247561e-06, 5.9960730141e-06, 5.17130774824e-06, 8.37005154608e-06, 2.83295980807e-06, 1.93939786186e-06, 3.2037460187e-06, 7.41408712202e-07, 2.1840416764e-07, 2.86760524659e-07, 8.35014688505e-08, 1.74015639232e-07, 7.37901615366e-08, 9.19706337754e-08, 6.50837108651e-08, 2.93238500149e-09, 6.52192221669e-13]
    },
    "erbbands": {
        "dmean": [0.0147494385019, 0.276205778122, 1.76340711117, 3.71370840073, 11.3537769318, 6.24612379074, 7.05576610565, 7.10569000244, 5.45545339584, 9.33295917511, 7.32931232452, 10.4849290848, 13.9627332687, 12.3401517868, 18.524389267, 29.5512924194, 27.4458694458, 26.2053318024, 17.2600364685, 25.7792301178, 16.8743667603, 10.7178525925, 9.93964958191, 5.57550954819, 4.56209993362, 4.23244142532, 4.68217992783, 2.63184452057, 4.58570384979, 3.79767608643, 1.57721066475, 1.06820201874, 1.21122133732, 1.1570353508, 0.246131926775, 0.082976937294, 0.0151512920856, 0.00158967170864, 3.71751120838e-05, 7.34345394449e-06],
        "dmean2": [0.0223655160517, 0.442444980145, 2.95686078072, 6.24309492111, 17.7242794037, 9.96688175201, 10.9249744415, 11.2237043381, 7.8054561615, 13.9836702347, 11.2747526169, 15.195356369, 19.8757553101, 16.7228279114, 23.9527721405, 41.3137588501, 37.615234375, 34.9926109314, 25.2810573578, 42.7395172119, 24.9272575378, 14.6534814835, 14.8096933365, 8.10513782501, 6.63259077072, 6.48106765747, 7.57578134537, 4.28574323654, 6.7087469101, 5.46056461334, 2.35219669342, 1.52736508846, 1.73571026325, 1.65982246399, 0.34626698494, 0.12880282104, 0.0246459711343, 0.00261120847426, 5.87242138863e-05, 1.09836882984e-05],
        "dvar": [0.000602206040639, 0.138924479485, 5.9601225853, 19.5822505951, 291.533569336, 84.539276123, 153.621902466, 228.650299072, 202.160522461, 693.198425293, 437.824981689, 1197.65649414, 920.881286621, 877.630737305, 1315.95495605, 5307.47607422, 4030.69189453, 3458.40893555, 1573.95849609, 5943.81982422, 2938.82421875, 932.649658203, 701.608642578, 271.26083374, 268.133575439, 143.030883789, 225.416015625, 60.0208358765, 130.360809326, 88.3699111938, 28.6921443939, 22.4765701294, 13.1882286072, 8.41289138794, 0.655565679073, 0.106450766325, 0.00264021730982, 3.33253265126e-05, 1.45928646944e-08, 8.44598141425e-11],
        "dvar2": [0.00134130066726, 0.35416212678, 18.4669818878, 57.008026123, 609.685302734, 203.316390991, 354.12097168, 533.848510742, 402.398101807, 1698.19311523, 1067.69726562, 2716.3684082, 1852.27380371, 1566.26123047, 2297.83422852, 10462.265625, 8041.66308594, 6675.50976562, 3562.76147461, 17565.5253906, 6399.13037109, 1782.72460938, 1603.17810059, 503.728302002, 487.981109619, 291.402435303, 597.287536621, 156.903167725, 295.390289307, 199.958587646, 58.1007652283, 43.4022064209, 26.1244106293, 14.4849920273, 1.17630541325, 0.230667695403, 0.00548125663772, 7.78977264417e-05, 3.25971427628e-08, 1.80257045401e-10],
        "max": [0.351824820042, 5.6446056366, 25.4528713226, 37.9020996094, 164.735656738, 121.558227539, 187.238876343, 301.446746826, 269.31072998, 680.084106445, 407.421295166, 663.719116211, 608.395263672, 694.868286133, 587.237731934, 1290.60119629, 979.955993652, 1109.04785156, 688.755187988, 971.952148438, 1057.12341309, 538.130126953, 450.424224854, 444.774200439, 479.548675537, 326.615570068, 159.452880859, 67.2984085083, 119.618400574, 121.644943237, 102.152236938, 107.726303101, 79.8726043701, 48.1128196716, 15.8892612457, 8.74881744385, 0.932977974415, 0.10730560869, 0.00210416712798, 0.000163720716955],
        "mean": [0.0778888091445, 1.32185196877, 5.43195915222, 8.53134059906, 20.9426727295, 15.690030098, 15.6556415558, 17.8869838715, 18.6812610626, 27.4403648376, 14.7858009338, 23.2621574402, 43.1483612061, 38.2729988098, 60.6316947937, 65.9889984131, 57.9243202209, 68.7163619995, 40.1569480896, 37.3285369873, 34.7099189758, 25.357006073, 24.5239830017, 13.9623651505, 9.65206718445, 9.23729610443, 5.68081951141, 2.92295479774, 6.20257425308, 5.65151405334, 2.32816624641, 1.49772715569, 1.84122765064, 1.65737009048, 0.323991447687, 0.0930604785681, 0.0171043388546, 0.00157049892005, 5.76679085498e-05, 4.35499714513e-05],
        "median": [0.0583253838122, 1.08789777756, 4.54241085052, 7.16798496246, 11.8898105621, 11.3322000504, 10.0111598969, 7.60718345642, 3.95253372192, 6.03574514389, 5.98679304123, 7.97126817703, 14.0492353439, 10.1143083572, 16.8811664581, 24.9683074951, 21.6678256989, 17.9624919891, 12.4794425964, 5.89978742599, 4.50305700302, 4.18598461151, 4.45294857025, 3.14080190659, 2.48619198799, 2.72112751007, 1.2594627142, 0.614183783531, 1.21216189861, 0.949181735516, 0.249955013394, 0.160183310509, 0.363156437874, 0.311688512564, 0.0445044413209, 0.00690569635481, 0.000766069861129, 5.10266472702e-05, 2.38782886299e-05, 4.55594527011e-05],
        "min": [1.23555568554e-10, 2.15117618163e-10, 6.60203614e-10, 5.78653258643e-09, 2.26110159929e-07, 1.36912808557e-06, 1.27313012399e-06, 8.57963016188e-07, 6.89428873102e-07, 5.69827125219e-06, 1.08298240775e-06, 1.1558602182e-06, 3.49330065319e-07, 3.34592101581e-07, 8.25004860872e-07, 2.03624352935e-07, 1.6795777924e-07, 7.8718937857e-07, 3.43433453054e-06, 6.19729178197e-07, 4.17127210994e-07, 5.60023181606e-07, 6.80998766711e-07, 9.19646538478e-07, 3.65568467942e-07, 1.24702933135e-06, 2.82268985075e-07, 5.74097569483e-08, 1.3194545545e-07, 1.62597331155e-07, 1.07777417213e-07, 1.35272117063e-07, 1.86154423432e-07, 1.00185992835e-07, 2.9946253477e-08, 1.72307732527e-08, 7.03890101761e-09, 4.16102441392e-09, 1.11132991698e-09, 1.13398117285e-10],
        "var": [0.00521235400811, 1.30152332783, 21.5232906342, 48.3829421997, 683.046447754, 241.376739502, 348.912200928, 676.577087402, 1270.45019531, 6684.66503906, 702.793334961, 1817.86950684, 4996.16210938, 5334.82519531, 8367.42871094, 14327.0332031, 11192.7910156, 18028.0332031, 5688.23535156, 10127.84375, 9122.39355469, 4356.19433594, 2319.58520508, 969.191345215, 779.33770752, 550.621154785, 210.44883728, 59.6617355347, 201.654266357, 160.984771729, 53.0078010559, 40.5675010681, 25.8111972809, 16.86668396, 1.26027500629, 0.161108240485, 0.00470806565136, 4.39700270363e-05, 2.24926104408e-08, 4.64145943901e-10]
    },
    "gfcc": {
        "mean": [-32.6528511047, 122.363136292, -127.465454102, 27.4938964844, -54.4824180603, 21.4871520996, -41.7324790955, 0.0453135818243, -30.371591568, -7.36051225662, -8.84585285187, -9.5943069458, -3.79995989799],
        "cov": [[14984.4794922, 74.192855835, 1534.64074707, 2259.21606445, 398.907409668, 1832.80761719, 550.61138916, 262.056732178, 61.9495773315, 248.113128662, 16.0440998077, 230.263153076, -199.426437378], [74.192855835, 1723.17102051, 180.470504761, -111.475608826, 368.257995605, 28.7429485321, 262.195526123, -154.955429077, 108.109474182, -156.599853516, 230.176803589, -246.0234375, 76.7404403687], [1534.64074707, 180.470504761, 1577.93188477, 689.227966309, 64.4526138306, 486.792572021, 2.55857658386, -46.3618583679, -49.2745933533, 88.1447677612, -109.72644043, 57.8084259033, -168.481903076], [2259.21606445, -111.475608826, 689.227966309, 960.85168457, 124.488471985, 313.200958252, -18.4915847778, 45.5024986267, 59.7750930786, -17.9043903351, -82.5013504028, 51.3888053894, -57.4681282043], [398.907409668, 368.257995605, 64.4526138306, 124.488471985, 352.641845703, 58.602306366, 47.4822502136, 16.2183475494, 58.3574333191, -30.1194458008, 24.8120994568, -17.214302063, -10.6107683182], [1832.80761719, 28.7429485321, 486.792572021, 313.200958252, 58.602306366, 611.741882324, 227.265914917, -33.7773742676, -50.3214836121, 60.79347229, 22.2144527435, -13.9398174286, -67.7365875244], [550.61138916, 262.195526123, 2.55857658386, -18.4915847778, 47.4822502136, 227.265914917, 363.576843262, -31.7299060822, -65.9036865234, 23.1036453247, 87.3262481689, -34.1134376526, -21.76927948], [262.056732178, -154.955429077, -46.3618583679, 45.5024986267, 16.2183475494, -33.7773742676, -31.7299060822, 198.786499023, 41.6911354065, -1.86467278004, -32.6313209534, 31.4875888824, -31.9966049194], [61.9495773315, 108.109474182, -49.2745933533, 59.7750930786, 58.3574333191, -50.3214836121, -65.9036865234, 41.6911354065, 160.629577637, -3.53433847427, -0.813116669655, -7.86431598663, 18.9472541809], [248.113128662, -156.599853516, 88.1447677612, -17.9043903351, -30.1194458008, 60.79347229, 23.1036453247, -1.86467278004, -3.53433847427, 185.115875244, -2.58944225311, 31.5377178192, -43.0077133179], [16.0440998077, 230.176803589, -109.72644043, -82.5013504028, 24.8120994568, 22.2144527435, 87.3262481689, -32.6313209534, -0.813116669655, -2.58944225311, 153.091323853, -12.4851531982, 21.6666145325], [230.263153076, -246.0234375, 57.8084259033, 51.3888053894, -17.214302063, -13.9398174286, -34.1134376526, 31.4875888824, -7.86431598663, 31.5377178192, -12.4851531982, 174.867477417, 4.17287778854], [-199.426437378, 76.7404403687, -168.481903076, -57.4681282043, -10.6107683182, -67.7365875244, -21.76927948, -31.9966049194, 18.9472541809, -43.0077133179, 21.6666145325, 4.17287778854, 141.901641846]],
        "icov": [[0.000201552014914, -0.000392699526856, 0.000366609252524, -0.000533488870133, 0.0002553719969, -0.000690273824148, 0.000294317113003, -0.000371212983737, 0.000350713933585, -0.0004565124691, 0.000281848304439, -0.000573399709538, 0.00015453643573], [-0.000392699526856, 0.00377369439229, -0.00254095741548, 0.00206019124016, -0.00275322678499, 0.00286956503987, -0.00288428599015, 0.00175510905683, -0.00319167482667, 0.00282303756103, -0.00363966776058, 0.00427384208888, -0.0019462731434], [0.000366609252524, -0.00254095741548, 0.00310473865829, -0.00223237113096, 0.00175383605529, -0.00290865288116, 0.00243151071481, -0.000688803207595, 0.00251723406836, -0.00223699351773, 0.00279710744508, -0.0032270248048, 0.00228572101332], [-0.000533488870133, 0.00206019124016, -0.00223237113096, 0.00368117843755, -0.00175979791675, 0.00163247995079, -0.00138422951568, 0.00100117863622, -0.0026277510915, 0.0025498457253, -0.0012469929643, 0.00212320149876, -0.00111090368591], [0.0002553719969, -0.00275322678499, 0.00175383605529, -0.00175979791675, 0.00540109211579, -0.00200833613053, 0.00149069959298, -0.00129831570666, 0.000925912405364, -0.00136033562012, 0.00219272100367, -0.00297605548985, 0.00181542802602], [-0.000690273824148, 0.00286956503987, -0.00290865288116, 0.00163247995079, -0.00200833613053, 0.00655796099454, -0.00415214849636, 0.00187445885967, -0.00218398147263, 0.00186709547415, -0.00276220147498, 0.00400645332411, -0.00138694874477], [0.000294317113003, -0.00288428599015, 0.00243151071481, -0.00138422951568, 0.00149069959298, -0.00415214849636, 0.00714990729466, -0.00147606083192, 0.00415993947536, -0.00243959226646, 0.000765148084611, -0.00272889947519, 0.00186189124361], [-0.000371212983737, 0.00175510905683, -0.000688803207595, 0.00100117863622, -0.00129831570666, 0.00187445885967, -0.00147606083192, 0.00743502890691, -0.0031877560541, 0.00197879900225, -0.000313290191116, 0.000730047759134, 0.0014162492007], [0.000350713933585, -0.00319167482667, 0.00251723406836, -0.0026277510915, 0.000925912405364, -0.00218398147263, 0.00415993947536, -0.0031877560541, 0.0112848486751, -0.00359158380888, 0.00203065015376, -0.00241542095318, 0.000255236838711], [-0.0004565124691, 0.00282303756103, -0.00223699351773, 0.0025498457253, -0.00136033562012, 0.00186709547415, -0.00243959226646, 0.00197879900225, -0.00359158380888, 0.00893176905811, -0.00246772961691, 0.00178333721124, 0.000580786960199], [0.000281848304439, -0.00363966776058, 0.00279710744508, -0.0012469929643, 0.00219272100367, -0.00276220147498, 0.000765148084611, -0.000313290191116, 0.00203065015376, -0.00246772961691, 0.0122688859701, -0.00446765637025, 0.00131164991762], [-0.000573399709538, 0.00427384208888, -0.0032270248048, 0.00212320149876, -0.00297605548985, 0.00400645332411, -0.00272889947519, 0.000730047759134, -0.00241542095318, 0.00178333721124, -0.00446765637025, 0.0116251157597, -0.00344954943284], [0.00015453643573, -0.0019462731434, 0.00228572101332, -0.00111090368591, 0.00181542802602, -0.00138694874477, 0.00186189124361, 0.0014162492007, 0.000255236838711, 0.000580786960199, 0.00131164991762, -0.00344954943284, 0.0107026137412]]
    },
    "melbands": {
        "dmean": [0.000199034999241, 0.000699083204381, 0.000809403310996, 0.000680395925883, 0.00024373269116, 0.000162503522006, 8.08667537058e-05, 0.00010467559332, 6.16158067714e-05, 6.22491643298e-05, 6.96310817148e-05, 5.01037939102e-05, 6.43749226583e-05, 6.95142516633e-05, 7.07903236616e-05, 4.50483566965e-05, 5.75357771595e-05, 3.12246120302e-05, 3.51840390067e-05, 2.74311696558e-05, 2.26914689847e-05, 1.24327598314e-05, 1.1835974874e-05, 9.04839453142e-06, 4.59059947389e-06, 3.03663841805e-06, 3.82968937629e-06, 2.72372676591e-06, 2.87869102067e-06, 2.64204004452e-06, 1.21921300433e-06, 1.86963711712e-06, 4.21671620643e-06, 1.48798881128e-06, 9.94048946268e-07, 7.0521696216e-07, 7.0844231459e-07, 6.71205327762e-07, 1.56028875153e-06, 8.13816200207e-07],
        "dmean2": [0.000304584566038, 0.00116477278061, 0.00137134373654, 0.00103667739313, 0.000374544324586, 0.000255059101619, 0.000114318710985, 0.000158210590598, 9.51131296461e-05, 8.95638149814e-05, 9.88009996945e-05, 6.77783609717e-05, 8.15092716948e-05, 9.70003820839e-05, 9.70678738668e-05, 6.38301717117e-05, 7.68532554503e-05, 4.63415235572e-05, 5.57858511456e-05, 4.5490294724e-05, 3.32911549776e-05, 1.77249057742e-05, 1.77515903488e-05, 1.34448209792e-05, 6.77958814777e-06, 4.25283724326e-06, 5.80536652706e-06, 4.21124968852e-06, 4.5342158046e-06, 4.54149267171e-06, 1.98385782824e-06, 2.74812828138e-06, 6.31602779322e-06, 2.17871343011e-06, 1.53144742399e-06, 1.03720219613e-06, 1.03217507785e-06, 9.63993329606e-07, 2.2408651148e-06, 1.16534738481e-06],
        "dvar": [7.68602319567e-08, 8.86223006091e-07, 1.00580564322e-06, 1.04679872948e-06, 1.51653026137e-07, 1.13497819143e-07, 3.97394295248e-08, 7.93119099285e-08, 2.88727619591e-08, 4.42689760405e-08, 2.29915517735e-08, 1.56775232796e-08, 1.95560865279e-08, 2.78329963521e-08, 1.89120790139e-08, 1.59562532076e-08, 1.69970277852e-08, 6.01904792674e-09, 1.08987050496e-08, 6.53940146478e-09, 5.65500490879e-09, 1.49927126269e-09, 1.03806707674e-09, 5.94362337125e-10, 1.99196742434e-10, 8.44086814333e-11, 3.15528381201e-10, 5.28218614682e-11, 5.9542940023e-11, 1.04599447159e-10, 1.35598181988e-11, 2.08933061824e-11, 1.29847438357e-10, 1.79858940241e-11, 1.22284665033e-11, 8.5379385853e-12, 1.34283582517e-11, 9.55042815665e-12, 1.24360279019e-11, 5.0481493985e-12],
        "dvar2": [1.83992582947e-07, 2.68387134383e-06, 2.62460252998e-06, 2.30394152823e-06, 3.60801436727e-07, 2.58124430275e-07, 7.91284335833e-08, 2.04976288387e-07, 6.87272176947e-08, 9.73297389351e-08, 4.64506975106e-08, 2.77318612518e-08, 3.08483087963e-08, 5.29347055078e-08, 3.76901496679e-08, 3.56378748734e-08, 3.21838165007e-08, 1.19298189105e-08, 2.78226899297e-08, 1.82954131844e-08, 1.17936016508e-08, 3.05874947593e-09, 2.10681250223e-09, 1.25496435466e-09, 3.75342895653e-10, 1.33328417751e-10, 7.10036085483e-10, 1.22149457216e-10, 1.51135923221e-10, 2.91707741296e-10, 3.43030950867e-11, 4.35774749619e-11, 3.17549958551e-10, 3.94744861798e-11, 2.61184910505e-11, 1.84347901527e-11, 2.83126768558e-11, 2.09826912789e-11, 2.42505286685e-11, 9.62072782551e-12],
        "max": [0.00396479433402, 0.0110970139503, 0.00885291025043, 0.0119764143601, 0.00557877356187, 0.00593764847144, 0.00386132718995, 0.00621568225324, 0.00289823417552, 0.00457948446274, 0.00299026351422, 0.00307016936131, 0.00271209911443, 0.00311222439632, 0.00189569813665, 0.00300310365856, 0.00254886760376, 0.0012509325752, 0.00198921770789, 0.000995396636426, 0.00138188281562, 0.00070948904613, 0.000540299923159, 0.000404609309044, 0.000396089075366, 0.000223529204959, 0.00059815205168, 0.000141896423884, 7.20812677173e-05, 0.000112769645057, 3.79317352781e-05, 7.2881251981e-05, 0.000102840480395, 6.14362725173e-05, 7.16909853509e-05, 5.6099575886e-05, 9.66039951891e-05, 8.07075484772e-05, 3.9567152271e-05, 4.85638593091e-05],
        "mean": [0.00102356169373, 0.00253923540004, 0.00190364988521, 0.00140247668605, 0.000580617401283, 0.000429079169407, 0.00028189495788, 0.000282908673398, 0.0001263673621, 0.000136257731356, 0.000209795165574, 0.000142296528793, 0.000221092210268, 0.000151992891915, 0.00015320527018, 8.86716297828e-05, 0.000145590747707, 7.27319347789e-05, 4.55308218079e-05, 3.81958561775e-05, 4.70315790153e-05, 2.78918014374e-05, 2.43640060944e-05, 2.31133890338e-05, 9.64943956205e-06, 6.40282087261e-06, 7.23370612832e-06, 5.65244226891e-06, 3.7654656353e-06, 2.47089087679e-06, 1.34490767323e-06, 2.6221009648e-06, 5.26064968653e-06, 2.38006532527e-06, 1.38971392971e-06, 9.27651910843e-07, 9.05605418211e-07, 9.7685210676e-07, 2.1092616862e-06, 1.1148381418e-06],
        "median": [0.000844338792376, 0.00229312339798, 0.00161490764003, 0.000914458767511, 0.000410805951105, 0.000166337151313, 5.33495513082e-05, 6.0714664869e-05, 5.18276319781e-05, 4.64217373519e-05, 6.49051216897e-05, 2.78591905953e-05, 3.24629654642e-05, 5.50672702957e-05, 5.80978376092e-05, 2.43168979068e-05, 3.05294743157e-05, 1.82595431397e-05, 8.73807948665e-06, 6.14506961938e-06, 4.73551881441e-06, 4.02200475946e-06, 4.06461867897e-06, 3.19042101182e-06, 2.2971476028e-06, 1.77415370217e-06, 1.83874101367e-06, 1.56732232881e-06, 7.46613295632e-07, 4.67857262265e-07, 2.10680255464e-07, 5.43017733889e-07, 8.60076283971e-07, 3.28557206331e-07, 1.3278874178e-07, 8.72636221061e-08, 8.11884888208e-08, 1.48996534222e-07, 4.13530983678e-07, 1.88014141145e-07],
        "min": [1.14190417105e-12, 2.4563277844e-13, 1.15106838991e-12, 1.36266289918e-10, 4.81542757058e-11, 1.81459222648e-11, 5.11748759688e-12, 5.21172584256e-11, 7.28401020056e-12, 6.69398911302e-12, 1.44828105671e-12, 1.24229467859e-12, 2.66198348087e-12, 1.18051879036e-12, 2.63924136452e-13, 3.5492434187e-13, 1.47207419865e-12, 6.61255512152e-12, 1.45076810808e-12, 5.78470756539e-13, 4.5737941429e-13, 7.12879028811e-13, 2.7263700195e-13, 1.01423632947e-12, 7.50099093082e-13, 2.31705171543e-13, 3.06570957856e-13, 1.04326519212e-12, 1.67603994919e-13, 6.60367282233e-14, 1.87570363972e-14, 6.10843434211e-14, 1.01362176302e-13, 8.19520707264e-14, 5.9981872442e-14, 5.93430198644e-14, 7.02062580705e-14, 6.52411609979e-14, 1.25154118839e-13, 7.4863977051e-14],
        "var": [7.07884282747e-07, 3.89762408304e-06, 2.4804851364e-06, 2.53831831287e-06, 3.60277340405e-07, 4.02468202765e-07, 2.8291401577e-07, 6.30306772109e-07, 4.66392862108e-08, 6.77647733482e-08, 1.21638436212e-07, 9.68093090137e-08, 1.58954222229e-07, 7.86244740425e-08, 5.64082540677e-08, 3.08810008676e-08, 9.10764867967e-08, 2.5082082189e-08, 1.6960587601e-08, 1.06518749377e-08, 1.99295300263e-08, 6.82617073977e-09, 3.35804428708e-09, 2.58204591042e-09, 5.82427384099e-10, 3.02527503049e-10, 6.43912201337e-10, 1.96790680973e-10, 7.54436235706e-11, 7.10385431035e-11, 1.52375941725e-11, 3.92491317225e-11, 1.59079513451e-10, 3.81305750863e-11, 2.0869915171e-11, 1.33796402776e-11, 1.94512739249e-11, 1.50500046453e-11, 2.25704194917e-11, 9.51609711169e-12]
    },
    "mfcc": {
        "mean": [-669.396972656, 142.211166382, -4.60018777847, 11.2017507553, 11.4232873917, 7.16694450378, 7.44486093521, -0.98428350687, -4.86092472076, -6.70817041397, 2.0672211647, -10.7097225189, 0.473046302795],
        "cov": [[12086.5507812, 231.113388062, 1092.77380371, 983.985412598, 666.584533691, 1213.56616211, 848.432067871, 538.244384766, 412.406005859, -21.9979553223, 435.765808105, 250.555053711, 330.189666748], [231.113388062, 1776.63684082, -143.183807373, -51.0017280579, 127.971710205, 105.197425842, 265.013641357, -1.05998551846, 4.13811159134, -0.194946527481, 95.0296173096, 129.195205688, 28.8062572479], [1092.77380371, -143.183807373, 1539.39624023, 375.588897705, 312.533538818, 501.497192383, 165.675628662, 23.8451423645, 143.667510986, -117.442909241, 72.1191558838, 139.548965454, 26.2150096893], [983.985412598, -51.0017280579, 375.588897705, 582.088439941, 284.377258301, 102.771728516, -30.0788803101, 83.1329269409, 82.7671585083, -52.3890762329, -10.7068881989, 62.4928398132, 68.7129898071], [666.584533691, 127.971710205, 312.533538818, 284.377258301, 464.653259277, 108.328826904, -58.3132553101, 81.0142669678, 76.1529006958, 3.18306350708, -43.5818519592, 68.0186843872, 67.1084060669], [1213.56616211, 105.197425842, 501.497192383, 102.771728516, 108.328826904, 525.299316406, 287.806945801, 41.0647468567, 87.6272583008, -28.8882236481, 109.069564819, 95.2427368164, 19.7285346985], [848.432067871, 265.013641357, 165.675628662, -30.0788803101, -58.3132553101, 287.806945801, 440.08480835, 71.1849746704, 32.1260719299, -7.68116807938, 140.452423096, 43.2066421509, -0.0137952119112], [538.244384766, -1.05998551846, 23.8451423645, 83.1329269409, 81.0142669678, 41.0647468567, 71.1849746704, 228.211669922, 4.88294315338, 45.7634429932, -9.88099193573, 16.5853099823, 7.41980552673], [412.406005859, 4.13811159134, 143.667510986, 82.7671585083, 76.1529006958, 87.6272583008, 32.1260719299, 4.88294315338, 182.066360474, -26.5972728729, 32.3062591553, 1.36253499985, 15.0244083405], [-21.9979553223, -0.194946527481, -117.442909241, -52.3890762329, 3.18306350708, -28.8882236481, -7.68116807938, 45.7634429932, -26.5972728729, 186.441238403, 23.1817836761, -18.1516571045, -56.2984695435], [435.765808105, 95.0296173096, 72.1191558838, -10.7068881989, -43.5818519592, 109.069564819, 140.452423096, -9.88099193573, 32.3062591553, 23.1817836761, 191.692153931, 37.0305786133, -2.75529885292], [250.555053711, 129.195205688, 139.548965454, 62.4928398132, 68.0186843872, 95.2427368164, 43.2066421509, 16.5853099823, 1.36253499985, -18.1516571045, 37.0305786133, 147.621765137, 49.4891853333], [330.189666748, 28.8062572479, 26.2150096893, 68.7129898071, 67.1084060669, 19.7285346985, -0.0137952119112, 7.41980552673, 15.0244083405, -56.2984695435, -2.75529885292, 49.4891853333, 132.435028076]],
