{
"lowlevel": {
    "average_loudness": 0.96822988987,
    "barkbands_crest": {
        "dmean": 3.29585456848,
        "dmean2": 5.17103338242,
        "dvar": 9.56917858124,
        "dvar2": 22.2729492188,
        "max": 25.5755405426,
        "mean": 10.265625,
        "median": 8.90738677979,
        "min": 2.25322937965,
        "var": 25.1109371185
    },
    "barkbands_flatness_db": {
        "dmean": 0.0240074452013,
        "dmean2": 0.035400826484,
        "dvar": 0.00062110851286,
        "dvar2": 0.00125608569942,
        "max": 0.384344160557,
        "mean": 0.105170890689,
        "median": 0.0930868759751,
        "min": 0.0207206401974,
        "var": 0.00271557201631
    },
    "barkbands_kurtosis": {
        "dmean": 3.42640662193,
        "dmean2": 5.42160892487,
        "dvar": 153.240631104,
        "dvar2": 417.72277832,
        "max": 308.286712646,
        "mean": 2.89724850655,
        "median": 0.218072414398,
        "min": -1.95016956329,
        "var": 147.882461548
    },
    "barkbands_skewness": {
        "dmean": 0.649258375168,
        "dmean2": 0.950122594833,
        "dvar": 0.724885642529,
        "dvar2": 1.61341929436,
        "max": 15.8284397125,
        "mean": 1.10150277615,
        "median": 0.7488732934,
        "min": -1.98190522194,
        "var": 1.87662065029
    },
    "barkbands_spread": {
        "dmean": 8.79515838623,
        "dmean2": 12.9801588058,
        "dvar": 98.3755111694,
        "dvar2": 204.535797119,
        "max": 110.62335968,
        "mean": 33.9192085266,
        "median": 29.6991691589,
        "min": 0.850036323071,
        "var": 361.31161499
    },
    "dissonance": {
        "dmean": 0.0210746508092,
        "dmean2": 0.0344084985554,
        "dvar": 0.000475182081573,
        "dvar2": 0.00121451111045,
        "max": 0.499999940395,
        "mean": 0.461483031511,
        "median": 0.470963299274,
        "min": 0.247769355774,
        "var": 0.00111376680434
    },
    "dynamic_complexity": 3.75799894333,
    "erbbands_crest": {
        "dmean": 2.93392539024,
        "dmean2": 4.57971334457,
        "dvar": 8.62149429321,
        "dvar2": 21.0242958069,
        "max": 27.5276908875,
        "mean": 9.22857952118,
        "median": 8.18482875824,
        "min": 2.4860394001,
        "var": 22.3799934387
    },
    "erbbands_flatness_db": {
        "dmean": 0.0205888245255,
        "dmean2": 0.0282074231654,
        "dvar": 0.000484168762341,
        "dvar2": 0.00086449662922,
        "max": 0.31416234374,
        "mean": 0.139390513301,
        "median": 0.13420176506,
        "min": 0.0444099195302,
        "var": 0.00181806075852
    },
    "erbbands_kurtosis": {
        "dmean": 1.16994583607,
        "dmean2": 1.77114486694,
        "dvar": 3.89223456383,
        "dvar2": 8.85137176514,
        "max": 28.2762775421,
        "mean": 0.750860512257,
        "median": 0.0334625244141,
        "min": -1.75297915936,
        "var": 7.32102251053
    },
    "erbbands_skewness": {
        "dmean": 0.413527458906,
        "dmean2": 0.58917683363,
        "dvar": 0.17366528511,
        "dvar2": 0.347378820181,
        "max": 4.78868770599,
        "mean": 0.268440186977,
        "median": 0.221696302295,
        "min": -4.29496526718,
        "var": 0.905198395252
    },
    "erbbands_spread": {
        "dmean": 10.6499137878,
        "dmean2": 15.5994939804,
        "dvar": 149.592651367,
        "dvar2": 314.033935547,
        "max": 132.273620605,
        "mean": 42.0295753479,
        "median": 37.6866874695,
        "min": 4.15536642075,
        "var": 458.125579834
    },
    "hfc": {
        "dmean": 8.88767623901,
        "dmean2": 12.4413394928,
        "dvar": 111.779777527,
        "dvar2": 232.265899658,
        "max": 114.125923157,
        "mean": 36.2086601257,
        "median": 32.9239845276,
        "min": 8.44813769163e-07,
        "var": 655.766113281
    },
    "melbands_crest": {
        "dmean": 4.10352373123,
        "dmean2": 6.45053482056,
        "dvar": 14.3738889694,
        "dvar2": 34.4220275879,
        "max": 32.6939582825,
        "mean": 13.8367214203,
        "median": 12.1259841919,
        "min": 3.62724995613,
        "var": 41.2431259155
    },
    "melbands_flatness_db": {
        "dmean": 0.0292360000312,
        "dmean2": 0.0419855117798,
        "dvar": 0.000959390716162,
        "dvar2": 0.00184956716839,
        "max": 0.47833481431,
        "mean": 0.150248616934,
        "median": 0.131938487291,
        "min": 0.0261174328625,
        "var": 0.00476932385936
    },
    "melbands_kurtosis": {
        "dmean": 11.2453603745,
        "dmean2": 17.5279312134,
        "dvar": 1161.59020996,
        "dvar2": 2996.6184082,
        "max": 647.697265625,
        "mean": 13.8318786621,
        "median": 4.217689991,
        "min": -1.75248587132,
        "var": 1428.14196777
    },
    "melbands_skewness": {
        "dmean": 0.967496693134,
        "dmean2": 1.40820145607,
        "dvar": 1.89636528492,
        "dvar2": 4.05288505554,
        "max": 18.7246856689,
        "mean": 2.33169937134,
        "median": 1.74823594093,
        "min": -1.0935305357,
        "var": 4.95297050476
    },
    "melbands_spread": {
        "dmean": 11.3683414459,
        "dmean2": 16.7605648041,
        "dvar": 166.093048096,
        "dvar2": 345.880615234,
        "max": 228.740646362,
        "mean": 37.7516975403,
        "median": 34.8113059998,
        "min": 0.52257758379,
        "var": 600.324523926
    },
    "pitch_salience": {
        "dmean": 0.0813501402736,
        "dmean2": 0.128857240081,
        "dvar": 0.00620424188673,
        "dvar2": 0.0137948831543,
        "max": 0.799289286137,
        "mean": 0.542894780636,
        "median": 0.563261151314,
        "min": 0.0927270948887,
        "var": 0.0158589705825
    },
    "silence_rate_20dB": {
        "dmean": 0,
        "dmean2": 0,
        "dvar": 0,
        "dvar2": 0,
        "max": 1,
        "mean": 1,
        "median": 1,
        "min": 1,
        "var": 0
    },
    "silence_rate_30dB": {
        "dmean": 0.0108359130099,
        "dmean2": 0.0216886140406,
        "dvar": 0.0107184173539,
        "dvar2": 0.0320624373853,
        "max": 1,
        "mean": 0.994586229324,
        "median": 1,
        "min": 0,
        "var": 0.00538435112685
    },
    "silence_rate_60dB": {
        "dmean": 0.0170278642327,
        "dmean2": 0.0340821072459,
        "dvar": 0.0167378857732,
        "dvar2": 0.0360191389918,
        "max": 1,
        "mean": 0.0843000784516,
        "median": 0,
        "min": 0,
        "var": 0.0771935135126
    },
    "spectral_centroid": {
        "dmean": 316.109069824,
        "dmean2": 452.642272949,
        "dvar": 188284.03125,
        "dvar2": 326255.3125,
        "max": 11356.7880859,
        "mean": 1865.41662598,
        "median": 1818.05529785,
        "min": 240.804199219,
        "var": 490912.46875
    },
    "spectral_complexity": {
        "dmean": 4.0154800415,
        "dmean2": 6.09450054169,
        "dvar": 20.8156814575,
        "dvar2": 43.9972648621,
        "max": 51,
        "mean": 21.313999176,
        "median": 22,
        "min": 0,
        "var": 125.921562195
    },
    "spectral_decrease": {
        "dmean": 3.01936053937e-09,
        "dmean2": 4.72067185342e-09,
        "dvar": 1.97375418846e-17,
        "dvar2": 4.52979952215e-17,
        "max": -5.37932625351e-16,
        "mean": -7.3328028094e-09,
        "median": -6.39266639624e-09,
        "min": -3.76427067295e-08,
        "var": 3.77902326667e-17
    },
    "spectral_energy": {
        "dmean": 0.0118892071769,
        "dmean2": 0.0185325480998,
        "dvar": 0.000290366995614,
        "dvar2": 0.000667945365421,
        "max": 0.146247386932,
        "mean": 0.0309599712491,
        "median": 0.0273872874677,
        "min": 2.10690820346e-09,
        "var": 0.000590126612224
    },
    "spectral_energyband_high": {
        "dmean": 0.000696510949638,
        "dmean2": 0.000935267715249,
        "dvar": 9.68098902376e-07,
        "dvar2": 2.01803868549e-06,
        "max": 0.0106910457835,
        "mean": 0.00218210369349,
        "median": 0.00163031369448,
        "min": 4.73076612606e-11,
        "var": 3.9698652472e-06
    },
    "spectral_energyband_low": {
        "dmean": 0.00743196485564,
        "dmean2": 0.0114932265133,
        "dvar": 0.000269571843091,
        "dvar2": 0.000593218370341,
        "max": 0.136106342077,
        "mean": 0.0102237146348,
        "median": 0.00343580520712,
        "min": 7.4205731837e-11,
        "var": 0.000394074246287
    },
    "spectral_energyband_middle_high": {
        "dmean": 0.00299268588424,
        "dmean2": 0.00438821036369,
        "dvar": 1.56857822731e-05,
        "dvar2": 3.38369172823e-05,
        "max": 0.050730202347,
        "mean": 0.00979666598141,
        "median": 0.00588579196483,
        "min": 9.25283530351e-11,
        "var": 9.92184432107e-05
    },
    "spectral_energyband_middle_low": {
        "dmean": 0.00541354715824,
        "dmean2": 0.00884204637259,
        "dvar": 7.58146197768e-05,
        "dvar2": 0.000200071299332,
        "max": 0.0734878852963,
        "mean": 0.00934666208923,
        "median": 0.00608070939779,
        "min": 2.54259585608e-10,
        "var": 0.000101489677036
    },
    "spectral_entropy": {
        "dmean": 0.157801941037,
        "dmean2": 0.21323312819,
        "dvar": 0.0350148379803,
        "dvar2": 0.0602623671293,
        "max": 9.81352996826,
        "mean": 7.90289497375,
        "median": 7.97347784042,
        "min": 6.07408189774,
        "var": 0.155388623476
    },
    "spectral_flux": {
        "dmean": 0.0318838022649,
        "dmean2": 0.0515776015818,
        "dvar": 0.00121569295879,
        "dvar2": 0.00277438550256,
        "max": 0.289293855429,
        "mean": 0.101878792048,
        "median": 0.0940221101046,
        "min": 4.5901069825e-05,
        "var": 0.00301804789342
    },
    "spectral_kurtosis": {
        "dmean": 0.850383937359,
        "dmean2": 1.30633592606,
        "dvar": 1.51012289524,
        "dvar2": 3.77831530571,
        "max": 21.7706756592,
        "mean": 2.5152130127,
        "median": 2.00425291061,
        "min": -1.17184329033,
        "var": 3.60718250275
    },
    "spectral_rms": {
        "dmean": 0.000978128402494,
        "dmean2": 0.00147415639367,
        "dvar": 1.3669701957e-06,
        "dvar2": 2.97610927191e-06,
        "max": 0.011944889091,
        "mean": 0.00501266494393,
        "median": 0.00516907172278,
        "min": 1.43370857586e-06,
        "var": 5.07804043082e-06
    },
    "spectral_rolloff": {
        "dmean": 903.312988281,
        "dmean2": 1428.53234863,
        "dvar": 1755233.25,
        "dvar2": 3373148.5,
        "max": 11929.3945312,
        "mean": 2556.15722656,
        "median": 2088.72070312,
        "min": 64.599609375,
        "var": 4439026
    },
    "spectral_skewness": {
        "dmean": 0.16382420063,
        "dmean2": 0.241893336177,
        "dvar": 0.0362948924303,
        "dvar2": 0.0808496251702,
        "max": 3.66218543053,
        "mean": 1.27841091156,
        "median": 1.26153218746,
        "min": -0.134677663445,
        "var": 0.142131194472
    },
    "spectral_spread": {
        "dmean": 730364.9375,
        "dmean2": 986096.125,
        "dvar": 1.45774647706e+12,
        "dvar2": 2.00639905792e+12,
        "max": 39410084,
        "mean": 5919198.5,
        "median": 5861587,
        "min": 2294049.25,
        "var": 3.19169285325e+12
    },
    "spectral_strongpeak": {
        "dmean": 0.869648635387,
        "dmean2": 1.43662929535,
        "dvar": 1.6211400032,
        "dvar2": 4.08517742157,
        "max": 13.228603363,
        "mean": 1.53587019444,
        "median": 0.617257773876,
        "min": 0,
        "var": 3.59900784492
    },
    "zerocrossingrate": {
        "dmean": 0.0172425266355,
        "dmean2": 0.0189888831228,
        "dvar": 0.000361159880413,
        "dvar2": 0.000407822692068,
        "max": 0.287109375,
        "mean": 0.0977748259902,
        "median": 0.09326171875,
        "min": 0.00390625,
        "var": 0.00231700530276
    },
    "barkbands": {
        "dmean": [0.000462495052489, 0.00665432587266, 0.000855738238897, 0.00106695934664, 0.00204414618202, 0.000768054916989, 0.00125757523347, 0.000535616069101, 0.00137659837492, 0.00123766437173, 0.00063558795955, 0.000668672320899, 0.000530635705218, 0.000564905814826, 0.000523987691849, 0.000530144840013, 0.00032329375972, 0.000236849067733, 0.000207582284929, 0.000185531418538, 0.000187768731848, 0.000155909496243, 0.000129370717332, 0.000151785992784, 0.000125045145978, 9.17885117815e-05, 5.63548155696e-06],
        "dmean2": [0.000760897179134, 0.0105111654848, 0.00133819505572, 0.00190712779295, 0.00348994601518, 0.00121602299623, 0.00196282286197, 0.00083636213094, 0.00210040039383, 0.00190464418847, 0.000977810705081, 0.00101004180033, 0.000850213051308, 0.000858466606587, 0.00081225100439, 0.000769751903135, 0.000492581399158, 0.000377639225917, 0.000329912436428, 0.000299883977277, 0.000315761280945, 0.000246386451181, 0.000195075961528, 0.00020655246044, 0.00016843774938, 0.000124744939967, 8.77416277945e-06],
        "dvar": [1.0371143162e-06, 0.000233469036175, 5.24152210346e-06, 9.00017676031e-06, 3.44797990692e-05, 2.84388261207e-06, 9.15200325835e-06, 1.77922561306e-06, 1.14432477858e-05, 8.656308637e-06, 2.53387429439e-06, 2.06099207389e-06, 1.40599502174e-06, 1.45499325299e-06, 2.13518364944e-06, 1.34022684506e-06, 4.38317556473e-07, 1.68213801999e-07, 1.47913354454e-07, 5.41170912527e-08, 1.2288920459e-07, 4.87674398642e-08, 4.62669724755e-08, 4.23060413368e-08, 5.27650989568e-08, 4.11992431282e-08, 2.04065958576e-10],
        "dvar2": [2.54712199421e-06, 0.000541991379578, 1.0911321624e-05, 2.51023193414e-05, 9.41145262914e-05, 6.47708611723e-06, 2.1230238417e-05, 4.14932628701e-06, 2.55555569311e-05, 2.05609048862e-05, 5.46423461856e-06, 4.29022838944e-06, 3.26187137034e-06, 3.0896133012e-06, 5.13991972184e-06, 2.70286068371e-06, 9.91155843622e-07, 4.16986296159e-07, 3.16805795819e-07, 1.39696240353e-07, 3.36383465083e-07, 1.15779499765e-07, 8.65807550099e-08, 7.46670636431e-08, 1.04536596268e-07, 7.31657081587e-08, 4.57545584753e-10],
        "max": [0.0109692029655, 0.132470443845, 0.0199360139668, 0.0286631900817, 0.0582013875246, 0.0233849044889, 0.0469609797001, 0.0259418506175, 0.050669260323, 0.0441442877054, 0.023170594126, 0.022787258029, 0.0160470400006, 0.0227861423045, 0.0326061844826, 0.0221757702529, 0.0144603559747, 0.00882523134351, 0.00972531549633, 0.00286485790275, 0.00336226657964, 0.0029773353599, 0.00450284779072, 0.00376536604017, 0.00219163601287, 0.00194867933169, 0.000119711934531],
        "mean": [0.000521500536706, 0.0083121387288, 0.00100646412466, 0.000913994153962, 0.00201504677534, 0.00116517324932, 0.00159187417012, 0.000760639202781, 0.00252409698442, 0.00239212904125, 0.00112361670472, 0.0014133497607, 0.000795019266661, 0.000960834906437, 0.000762651499826, 0.000914574484341, 0.000626334513072, 0.000449269573437, 0.000347386696376, 0.000389389635529, 0.000363693310646, 0.000392004731111, 0.000330154696712, 0.000452309963293, 0.000278642575722, 0.00015182174684, 5.84045119467e-06],
        "median": [8.49020943861e-05, 0.00277078687213, 0.00031687412411, 0.000225117473747, 0.000530015735421, 0.000475328648463, 0.000514474639203, 0.000221604364924, 0.000681034114677, 0.000514046347234, 0.000152055974468, 0.000295543810353, 0.000293578690616, 0.000277256825939, 0.000272884004517, 0.000332165800501, 0.000315233832225, 0.000253069301834, 0.000211721970118, 0.000282495195279, 0.000246571144089, 0.000288988114335, 0.000217006643652, 0.000241124536842, 0.000168870537891, 5.31294790562e-05, 5.88936870827e-07],
        "min": [1.95953218929e-11, 3.87013199266e-11, 1.46212087576e-11, 7.8616653118e-12, 1.09128962811e-10, 1.83556052302e-11, 2.96032989788e-11, 2.37266196274e-12, 2.67458754796e-12, 5.0403739342e-12, 1.82801343507e-12, 3.75968440408e-12, 2.54135932133e-13, 3.35573951439e-12, 2.14586820535e-11, 2.97501016877e-11, 1.01551119944e-11, 4.84748265833e-12, 4.05919005006e-12, 3.77311680164e-12, 8.08404558572e-12, 4.4918474322e-12, 3.85078731055e-12, 2.89550826892e-12, 8.32977610499e-12, 5.54009008807e-12, 5.78639436713e-12],
        "var": [1.2305014252e-06, 0.00029854348395, 5.99263012191e-06, 5.82862230658e-06, 2.61798013526e-05, 4.59111379314e-06, 1.26890618048e-05, 2.72521606348e-06, 2.86436916213e-05, 2.96472808259e-05, 7.61336332289e-06, 8.69431187311e-06, 2.25641542784e-06, 4.33435025116e-06, 2.66982169705e-06, 3.23562926496e-06, 1.29174895847e-06, 4.64511231257e-07, 3.52809877313e-07, 1.43972613387e-07, 1.68805328826e-07, 1.53171441752e-07, 1.81215611406e-07, 2.80588324131e-07, 1.15062334771e-07, 7.88722687162e-08, 2.38558978127e-10]
    },
    "erbbands": {
        "dmean": [0.249794736505, 1.32272255421, 1.1006206274, 2.54403424263, 6.02616786957, 6.7374830246, 4.63100767136, 7.49674987793, 17.5336418152, 13.3893489838, 13.8853206635, 31.8933525085, 33.0880813599, 31.9704742432, 27.9159374237, 22.1313095093, 22.0644416809, 22.6191596985, 29.3803787231, 22.5957717896, 30.0113925934, 16.1642494202, 12.7825756073, 9.1819486618, 10.7287225723, 9.90900421143, 8.09010887146, 6.54946327209, 5.30777263641, 5.26707172394, 3.76147842407, 3.23596429825, 2.5192964077, 1.48510909081, 0.894017159939, 0.410000681877, 0.162824362516, 0.033956207335, 0.000679209770169, 3.04931454593e-05],
        "dmean2": [0.397855609655, 2.1005551815, 1.64326059818, 4.34197378159, 10.2834320068, 11.7890062332, 7.58204269409, 11.6995944977, 27.4496669769, 21.2532291412, 20.9294319153, 48.87758255, 49.781703949, 48.1425590515, 42.1016120911, 33.3421974182, 33.7792892456, 33.3503837585, 44.6218185425, 35.5523681641, 44.1809806824, 24.2289619446, 20.2001457214, 14.2720241547, 16.7606372833, 16.1212730408, 13.464132309, 11.0423603058, 8.46726512909, 8.0066947937, 5.63032436371, 4.58733177185, 3.41996836662, 2.06735348701, 1.18644452095, 0.548138976097, 0.231347426772, 0.0516984686255, 0.00101523241028, 4.38020833826e-05],
        "dvar": [0.316022872925, 10.409365654, 7.87495183945, 52.8624267578, 311.149658203, 389.747955322, 94.8449630737, 314.608337402, 1804.09729004, 1324.44433594, 825.907531738, 8170.55957031, 6605.17626953, 4883.84033203, 4373.14111328, 2032.39782715, 1873.86108398, 2725.38598633, 6627.61279297, 2323.33007812, 5130.23779297, 926.03326416, 517.168823242, 264.46697998, 341.270477295, 157.707000732, 224.520828247, 141.425933838, 63.6508789062, 65.0987625122, 36.3901367188, 20.4039440155, 12.7374954224, 6.02088403702, 3.10758399963, 0.701577007771, 0.137115329504, 0.00764534808695, 2.8867416404e-06, 2.76495937257e-09],
        "dvar2": [0.740980565548, 24.945066452, 17.773607254, 140.485092163, 846.250183105, 1074.90649414, 234.556030273, 738.803894043, 4226.01074219, 2891.24121094, 1755.67211914, 19145.3984375, 14746.1455078, 12340.6132812, 10234.0693359, 4195.09570312, 4162.0859375, 5687.84082031, 14632.8164062, 5630.44873047, 10232.4130859, 2141.67236328, 1318.61120605, 494.094787598, 760.943115234, 407.588684082, 605.014770508, 387.866546631, 154.598953247, 138.72253418, 75.5416793823, 37.882774353, 22.8077068329, 12.8283853531, 5.82840394974, 1.17587995529, 0.257069289684, 0.0171608831733, 6.27069312031e-06, 5.54913803796e-09],
        "max": [4.01620817184, 28.6670627594, 32.1749458313, 74.869934082, 194.617477417, 168.93951416, 88.0901489258, 289.140258789, 504.786437988, 718.168212891, 625.186462402, 1538.60217285, 1496.03735352, 1419.10046387, 915.94934082, 797.854431152, 567.359069824, 1124.27478027, 2051.8527832, 653.945800781, 1506.17285156, 672.714294434, 478.418365479, 510.603973389, 411.901245117, 178.857116699, 137.751052856, 124.704116821, 117.476142883, 188.581848145, 110.933944702, 112.685813904, 71.8006286621, 23.0354557037, 15.7721786499, 7.87053823471, 3.01267933846, 0.797120988369, 0.0151688242331, 0.000510112440679],
        "mean": [0.291592150927, 1.6276897192, 1.48085057735, 2.37290644646, 5.33509778976, 6.419277668, 6.85652685165, 11.0396738052, 23.1683769226, 17.0449867249, 22.1898078918, 55.1752090454, 68.4365310669, 63.4170188904, 58.3861732483, 46.9564704895, 38.1762619019, 39.6604003906, 49.9666938782, 39.8024215698, 53.6924133301, 34.2251319885, 26.3487071991, 18.2832794189, 19.4679775238, 20.6736011505, 15.7826032639, 12.7766561508, 13.1693572998, 12.6853599548, 9.50954818726, 8.8361825943, 7.39841461182, 3.59028148651, 1.78721928596, 0.772291302681, 0.248158082366, 0.0406592339277, 0.000866430811584, 7.03471159795e-05],
        "median": [0.0533876791596, 0.653068959713, 0.632777750492, 0.672988295555, 1.06876206398, 1.64650833607, 2.46868276596, 4.58280992508, 8.13431739807, 6.52276277542, 8.07304096222, 14.689576149, 17.9145889282, 15.3692655563, 12.5084266663, 13.248049736, 14.1212749481, 14.6049365997, 18.2702178955, 16.7966156006, 20.1448745728, 19.356048584, 15.3439731598, 11.8364620209, 12.7924871445, 14.4051008224, 9.60696125031, 9.10755348206, 9.54701042175, 9.09807491302, 6.25048542023, 5.59134101868, 3.76630997658, 2.30565285683, 0.926824450493, 0.329694867134, 0.0775617063046, 0.00774833094329, 0.000204759940971, 5.3177929658e-05],
        "min": [2.03764427553e-09, 5.35835997795e-09, 1.41083544847e-08, 2.971904145e-08, 1.46654855371e-07, 3.29468974769e-07, 1.21305149037e-07, 1.92091164308e-07, 5.09325275289e-07, 1.83380038266e-07, 4.47955699201e-08, 8.4864943517e-08, 1.61985823866e-07, 1.40317723663e-07, 7.71393757759e-08, 1.48143058709e-07, 2.52411318513e-08, 8.60858619944e-08, 3.7829579469e-07, 2.45264686782e-06, 1.4671683175e-06, 4.72168721899e-07, 2.92272488878e-07, 3.86531723962e-07, 1.05357123914e-07, 1.84381420354e-07, 6.54191694593e-07, 1.85901413374e-07, 1.21977222989e-07, 1.90726524352e-07, 1.23103831129e-07, 4.73440699977e-08, 9.23980607581e-08, 1.26048320226e-07, 2.53487435486e-08, 1.84138659876e-08, 1.01960528909e-08, 3.98077038e-09, 6.7268846049e-10, 7.93890161943e-11],
        "var": [0.413153678179, 11.7707128525, 8.88150024414, 38.6599578857, 226.503646851, 285.489654541, 146.566421509, 450.944213867, 2415.47265625, 1702.54797363, 1624.46679688, 16735.4785156, 18518.7753906, 16696.0429688, 12463.9033203, 7756.9140625, 3986.85375977, 6256.42236328, 11489.9775391, 4296.73144531, 11868.0019531, 3324.22167969, 1450.6932373, 788.14276123, 741.172607422, 438.450500488, 345.092712402, 197.44039917, 172.895370483, 225.355133057, 138.667312622, 105.675750732, 80.8287887573, 14.7849493027, 6.50922346115, 1.57652580738, 0.238049045205, 0.00944201461971, 3.79230277758e-06, 5.17559595181e-09]
    },
    "gfcc": {
        "mean": [23.1198501587, 54.8892250061, -116.055610657, 35.1237297058, -63.3750495911, 28.4034767151, -36.7355499268, 21.6154785156, -20.0254039764, 9.21906852722, -14.6697540283, 5.75930929184, -6.64979076385],
        "cov": [[10715.6064453, -1030.49963379, -339.947479248, -557.968994141, -62.6207542419, 619.435058594, 217.894790649, 236.375198364, -250.001647949, 106.7631073, -397.298553467, 71.1365280151, -183.477767944], [-1030.49963379, 990.982116699, -144.050613403, 127.676147461, 91.9769134521, -164.435394287, -3.68575930595, -24.4610290527, 109.172645569, -99.5930938721, 151.444335938, -116.273040771, 71.4199447632], [-339.947479248, -144.050613403, 711.360656738, 267.108795166, 35.8350791931, -38.2448654175, -9.76412200928, -22.9626979828, -17.1816673279, 27.7323493958, -34.798576355, 55.3468513489, -51.0728988647], [-557.968994141, 127.676147461, 267.108795166, 564.462341309, 48.1494216919, -133.664108276, -134.924957275, -52.9509658813, 70.6530838013, -49.4407653809, 47.8443984985, -27.8834724426, 26.2931251526], [-62.6207542419, 91.9769134521, 35.8350791931, 48.1494216919, 317.479980469, 57.1608200073, 47.7261924744, 31.3712272644, 52.3229560852, 40.9094467163, 21.9344711304, 21.0148067474, 12.05722332], [619.435058594, -164.435394287, -38.2448654175, -133.664108276, 57.1608200073, 369.876800537, 210.329696655, -0.429040104151, -48.0077018738, 47.2352409363, -31.1157150269, 12.3765201569, 1.23995101452], [217.894790649, -3.68575930595, -9.76412200928, -134.924957275, 47.7261924744, 210.329696655, 247.95362854, 51.6361312866, -42.4243392944, 23.6887931824, -2.18516254425, 0.628452539444, 2.09586858749], [236.375198364, -24.4610290527, -22.9626979828, -52.9509658813, 31.3712272644, -0.429040104151, 51.6361312866, 136.56690979, 55.7196464539, 14.8565664291, 1.93468654156, 4.84797620773, 5.25255537033], [-250.001647949, 109.172645569, -17.1816673279, 70.6530838013, 52.3229560852, -48.0077018738, -42.4243392944, 55.7196464539, 152.787017822, 29.6748352051, 34.8172798157, -16.990354538, 30.3544101715], [106.7631073, -99.5930938721, 27.7323493958, -49.4407653809, 40.9094467163, 47.2352409363, 23.6887931824, 14.8565664291, 29.6748352051, 118.633178711, 3.94368028641, 18.9680843353, -12.2744560242], [-397.298553467, 151.444335938, -34.798576355, 47.8443984985, 21.9344711304, -31.1157150269, -2.18516254425, 1.93468654156, 34.8172798157, 3.94368028641, 146.383407593, -5.21566438675, 6.50670957565], [71.1365280151, -116.273040771, 55.3468513489, -27.8834724426, 21.0148067474, 12.3765201569, 0.628452539444, 4.84797620773, -16.990354538, 18.9680843353, -5.21566438675, 90.132270813, 2.04592037201], [-183.477767944, 71.4199447632, -51.0728988647, 26.2931251526, 12.05722332, 1.23995101452, 2.09586858749, 5.25255537033, 30.3544101715, -12.2744560242, 6.50670957565, 2.04592037201, 75.8925628662]],
        "icov": [[0.00014382234076, -3.28675814671e-05, 0.000104501843452, -5.84091285418e-05, 3.5897406633e-05, -0.000382603058824, 0.000345991895301, -0.000541170826182, 0.000342970597558, -0.000119265336252, 0.000299023697153, -6.74378970871e-05, 0.000317359954352], [-3.28675814671e-05, 0.0024045559112, 9.3588445452e-05, 0.00031027404475, -0.000911478360649, 0.00197077007033, -0.00226239999756, 0.00227675726637, -0.00195990712382, 0.00192723830696, -0.0016201994149, 0.0021599046886, -0.00119302899111], [0.000104501843452, 9.3588445452e-05, 0.00251747923903, -0.00168918783311, 9.80862314464e-05, 0.000512210885063, -0.00126875797287, 5.43855057913e-05, 0.000163026721566, -0.000852412369568, 0.00123137887567, -0.0018859031843, 0.00219348375686], [-5.84091285418e-05, 0.00031027404475, -0.00168918783311, 0.00364222936332, -0.000778911053203, 0.000176569694304, 0.00123328214977, 0.00142372306436, -0.00149860465899, 0.00191793031991, -0.00146054348443, 0.00195419695228, -0.00186142406892], [3.5897406633e-05, -0.000911478360649, 9.80862314464e-05, -0.000778911053203, 0.00419394671917, -0.00113258790225, -4.04495222028e-05, -0.00104291352909, -0.000537760613952, -0.00148619443644, 0.000526701507624, -0.00204510358162, 0.000690602697432], [-0.000382603058824, 0.00197077007033, 0.000512210885063, 0.000176569694304, -0.00113258790225, 0.00901014637202, -0.00875108037144, 0.0060339118354, -0.00310433935374, 0.000281361135421, -0.000322721869452, 0.000715150672477, -0.00134376634378], [0.000345991895301, -0.00226239999756, -0.00126875797287, 0.00123328214977, -4.04495222028e-05, -0.00875108037144, 0.0150241591036, -0.0091099543497, 0.00703843403608, -0.00181842513848, -0.000467387173558, 0.00127166660968, -0.00105400918983], [-0.000541170826182, 0.00227675726637, 5.43855057913e-05, 0.00142372306436, -0.00104291352909, 0.0060339118354, -0.0091099543497, 0.0166586898267, -0.00992109533399, 0.00320212147199, -0.00092148775002, -0.000240156339714, -0.000170362545759], [0.000342970597558, -0.00195990712382, 0.000163026721566, -0.00149860465899, -0.000537760613952, -0.00310433935374, 0.00703843403608, -0.00992109533399, 0.0161922927946, -0.00609790254384, -0.000310962001095, 0.00207191170193, -0.00356089905836], [-0.000119265336252, 0.00192723830696, -0.000852412369568, 0.00191793031991, -0.00148619443644, 0.000281361135421, -0.00181842513848, 0.00320212147199, -0.00609790254384, 0.0132974591106, -0.00191650015768, -0.00024699428468, 0.00148058997001], [0.000299023697153, -0.0016201994149, 0.00123137887567, -0.00146054348443, 0.000526701507624, -0.000322721869452, -0.000467387173558, -0.00092148775002, -0.000310962001095, -0.00191650015768, 0.00985962059349, -0.00270403036848, 0.00262257666327], [-6.74378970871e-05, 0.0021599046886, -0.0018859031843, 0.00195419695228, -0.00204510358162, 0.000715150672477, 0.00127166660968, -0.000240156339714, 0.00207191170193, -0.00024699428468, -0.00270403036848, 0.0164775922894, -0.00492811528966], [0.000317359954352, -0.00119302899111, 0.00219348375686, -0.00186142406892, 0.000690602697432, -0.00134376634378, -0.00105400918983, -0.000170362545759, -0.00356089905836, 0.00148058997001, 0.00262257666327, -0.00492811528966, 0.0187123566866]]
    },
    "melbands": {
        "dmean": [0.00203278893605, 0.000924259889871, 0.000522150890902, 0.000496300344821, 0.00018014734087, 0.000168291240698, 0.000265548034804, 0.000136566653964, 0.000131063105073, 0.000208964964258, 0.000172842250322, 0.000143740500789, 9.77261297521e-05, 8.6128966359e-05, 5.27478441654e-05, 4.74092958029e-05, 4.55185836472e-05, 5.26703588548e-05, 3.68962682842e-05, 3.21328589052e-05, 3.75081617676e-05, 1.85686894838e-05, 1.50822943397e-05, 1.28156489154e-05, 7.58216401664e-06, 9.00801114767e-06, 7.15007172403e-06, 6.95190783517e-06, 5.0825415201e-06, 5.16078262081e-06, 3.68444216292e-06, 3.25847099703e-06, 3.59516639037e-06, 2.92173581329e-06, 2.56966541201e-06, 1.86721058526e-06, 2.3934537694e-06, 2.07118546314e-06, 1.53918210799e-06, 1.25800977457e-06],
        "dmean2": [0.00322419893928, 0.00140733201988, 0.00088584976038, 0.000857275852468, 0.000300287152641, 0.000264510046691, 0.000413947796915, 0.000215936481254, 0.000195869652089, 0.00032178327092, 0.000260327913566, 0.000215493622818, 0.000146421123645, 0.00012830698688, 7.78060493758e-05, 7.47964440961e-05, 6.7441345891e-05, 8.10693381936e-05, 5.8382149291e-05, 4.83345465909e-05, 5.70125121158e-05, 2.88350402116e-05, 2.31140274991e-05, 2.08743349503e-05, 1.20762260849e-05, 1.4177162484e-05, 1.13681935545e-05, 1.14917393148e-05, 8.37619245431e-06, 8.6815598479e-06, 6.23097957941e-06, 5.31166051587e-06, 5.61183696846e-06, 4.53350094176e-06, 3.95419647248e-06, 2.72439092441e-06, 3.59551654583e-06, 2.91559649668e-06, 2.21717596105e-06, 1.83566714895e-06],
        "dvar": [2.11871883948e-05, 5.17487751495e-06, 1.75877369202e-06, 2.19918274524e-06, 1.66845097738e-07, 1.45708341392e-07, 3.97508188144e-07, 1.28832041923e-07, 7.16622565733e-08, 3.29913717678e-07, 1.79508944598e-07, 1.03763568404e-07, 5.63692417188e-08, 4.31223767805e-08, 1.22242296285e-08, 1.19388721131e-08, 1.05299999831e-08, 2.0065384021e-08, 9.68172564342e-09, 4.49975434691e-09, 9.25776522109e-09, 1.66360603071e-09, 6.80068390491e-10, 6.25394180886e-10, 1.98976821131e-10, 3.102703372e-10, 1.07487165002e-10, 7.7781524277e-11, 8.31638299892e-11, 8.75463729288e-11, 4.15033944712e-11, 2.59746790049e-11, 2.45567611384e-11, 2.59777754863e-11, 1.70778113873e-11, 1.32647903078e-11, 1.23015009637e-11, 1.04427360856e-11, 5.29993583742e-12, 4.27362355573e-12],
        "dvar2": [4.93270345032e-05, 1.17520112326e-05, 4.66353003503e-06, 6.05761579209e-06, 4.39462979784e-07, 3.40323452974e-07, 9.26268000967e-07, 2.84477948753e-07, 1.46516455857e-07, 7.72880525801e-07, 4.02532975841e-07, 2.60438810074e-07, 1.22567911376e-07, 9.34178032708e-08, 2.3343012856e-08, 2.71186966216e-08, 2.25487859495e-08, 4.2152599633e-08, 2.36525856678e-08, 9.30462729087e-09, 1.92954434652e-08, 4.20321688566e-09, 1.66737679219e-09, 1.52906787232e-09, 3.95713101176e-10, 6.66687371975e-10, 2.66972360885e-10, 2.03745506577e-10, 2.22709142794e-10, 2.44972514496e-10, 1.13440846994e-10, 6.64945945528e-11, 5.72251898645e-11, 5.58822502161e-11, 3.93806619259e-11, 2.94011481827e-11, 2.66143131838e-11, 1.9196049264e-11, 1.11328533198e-11, 9.47638235244e-12],
        "max": [0.037507943809, 0.0260605830699, 0.012070803903, 0.0151003077626, 0.00381735502742, 0.00562628824264, 0.00755198765546, 0.00628608744591, 0.00455517042428, 0.00896451994777, 0.00762508949265, 0.00640979781747, 0.00330994860269, 0.00341017218307, 0.0021078994032, 0.00195414409973, 0.0018731080927, 0.00320187280886, 0.0014588147169, 0.00145536859054, 0.00185481132939, 0.000933932780754, 0.000508177443407, 0.000460595474578, 0.000430785643402, 0.000481662078528, 0.000106469975435, 0.000109438042273, 8.44079768285e-05, 8.64700996317e-05, 6.87725550961e-05, 6.97358118487e-05, 7.5059964729e-05, 0.000130010201246, 7.5470925367e-05, 0.00010251544154, 6.8764151365e-05, 7.02032484696e-05, 2.60403248831e-05, 1.96147939278e-05],
        "mean": [0.00248156557791, 0.00128081406001, 0.000484871474328, 0.000454897584859, 0.000245406612521, 0.000248434662353, 0.000348343019141, 0.000177405148861, 0.000206121549127, 0.000358834920917, 0.000354840100044, 0.000277953688055, 0.000189849626622, 0.000169650185853, 9.73453206825e-05, 7.4335213867e-05, 7.40599716664e-05, 8.74860561453e-05, 5.48040734429e-05, 5.50944896531e-05, 6.19642523816e-05, 3.38396603183e-05, 2.83868885163e-05, 2.31837948377e-05, 1.31842516566e-05, 1.44301538967e-05, 1.36050703077e-05, 1.35009458972e-05, 9.17203851714e-06, 9.03109867068e-06, 6.67387985231e-06, 7.19026775187e-06, 8.12169218989e-06, 6.54217592455e-06, 5.71971668251e-06, 4.42654027211e-06, 5.97884582021e-06, 5.86853138884e-06, 3.65240293831e-06, 2.74882177109e-06],
        "median": [0.000662128557451, 0.00057825690601, 0.000128556552227, 0.000102337333374, 8.88382492121e-05, 0.000104505372292, 0.00011939554679, 6.908395153e-05, 6.59917059238e-05, 9.39375677262e-05, 8.54985992191e-05, 6.13306547166e-05, 3.54534568032e-05, 3.53717950929e-05, 2.59028693108e-05, 2.71781264019e-05, 2.49795230047e-05, 2.7112004318e-05, 1.8470642317e-05, 2.18227614823e-05, 2.00988524739e-05, 1.67383186636e-05, 1.40459751492e-05, 1.19666083265e-05, 8.55140842759e-06, 8.04257706477e-06, 9.48666547629e-06, 9.03800810192e-06, 5.66563539905e-06, 5.6933859014e-06, 4.61207991975e-06, 4.77352386952e-06, 6.2988647187e-06, 4.2244632823e-06, 3.53538825948e-06, 2.86121462523e-06, 3.36496054842e-06, 2.61625064013e-06, 2.23938559429e-06, 1.78859409061e-06],
        "min": [1.51610043964e-11, 7.20686010869e-12, 4.85780382933e-12, 2.85545250639e-11, 5.30342393265e-12, 4.69709124026e-12, 6.9993455476e-12, 1.47443103733e-12, 3.67639946264e-13, 3.19757160203e-13, 7.72885607511e-13, 5.93758495062e-13, 2.28166660912e-13, 4.43896492914e-13, 1.67708593323e-13, 3.28551408627e-14, 1.88051993682e-13, 3.6754071466e-13, 2.41345290107e-12, 3.12417149442e-12, 1.40437336239e-12, 4.59953201828e-13, 3.68682813228e-13, 2.41649229923e-13, 3.44420970693e-13, 9.29875141188e-14, 4.64324928604e-14, 1.23502025121e-13, 4.5247323683e-13, 1.45685682485e-13, 7.61594427931e-14, 6.29111630954e-14, 8.37395541906e-14, 7.29821341165e-14, 7.10535417395e-14, 4.80737242278e-14, 2.29229341672e-14, 4.03588973222e-14, 1.22364697042e-13, 8.58630861181e-14],
        "var": [2.7705787943e-05, 6.25160237178e-06, 1.32074228532e-06, 1.60801448601e-06, 1.96479106762e-07, 2.17665032665e-07, 5.44899990018e-07, 1.65713487377e-07, 1.6235350131e-07, 6.59292595628e-07, 5.26656890543e-07, 3.65015182524e-07, 1.74531749053e-07, 1.49084897316e-07, 4.37673151055e-08, 2.1790953042e-08, 2.29403980256e-08, 4.29927808909e-08, 1.34455335754e-08, 1.00924273383e-08, 1.85116952878e-08, 4.05789979396e-09, 2.0196744277e-09, 1.52179491231e-09, 4.67845095997e-10, 7.40925598652e-10, 2.06630573762e-10, 2.09846071075e-10, 1.32593699909e-10, 1.17720930226e-10, 5.86653295387e-11, 5.90857363036e-11, 7.12984046802e-11, 7.62522406328e-11, 5.35848795891e-11, 3.97396594798e-11, 5.29831768736e-11, 6.60112797757e-11, 1.52564228612e-11, 9.26201303153e-12]
    },
    "mfcc": {
        "mean": [-616.720214844, 84.0842437744, 6.1212143898, 11.4567718506, 4.35009431839, 4.68941926956, 2.98420834541, 8.08144950867, 6.44338226318, 6.12670516968, 1.03680801392, 2.38254141808, 3.23085141182],
        "cov": [[8904.87890625, -273.421081543, -477.100372314, -647.078674316, -230.189102173, 172.013153076, 120.211891174, 173.579421997, 232.530502319, 136.877685547, -53.7463531494, -60.8701972961, -157.258544922], [-273.421081543, 762.848266602, -173.957199097, 17.7347011566, 40.4929962158, -72.1034317017, 51.7505683899, 10.9346055984, 2.25699591637, 27.0563106537, 28.4463443756, 34.6280021667, 46.0574951172], [-477.100372314, -173.957199097, 591.834655762, 250.4425354, 18.5630931854, 45.5919532776, -32.6780662537, -7.53093004227, -26.3698329926, -64.7918014526, 4.44500684738, -12.5892696381, 0.941608607769], [-647.078674316, 17.7347011566, 250.4425354, 547.459899902, 233.587509155, -87.0162277222, -137.706512451, -44.4851531982, -52.2102584839, -43.7132301331, -27.0855751038, 26.662858963, 48.481464386], [-230.189102173, 40.4929962158, 18.5630931854, 233.587509155, 273.514526367, 2.18731355667, -70.4078674316, -7.52536344528, -4.75697183609, 21.1968765259, -4.84798049927, 34.0514450073, 46.5726585388], [172.013153076, -72.1034317017, 45.5919532776, -87.0162277222, 2.18731355667, 277.125457764, 132.035629272, 17.3175086975, 53.8275642395, -12.6932916641, 37.1010093689, -18.5067882538, -18.9781169891], [120.211891174, 51.7505683899, -32.6780662537, -137.706512451, -70.4078674316, 132.035629272, 247.94883728, 73.9778900146, 24.004901886, 16.0881500244, 33.6871032715, -5.44105386734, -5.87068271637], [173.579421997, 10.9346055984, -7.53093004227, -44.4851531982, -7.52536344528, 17.3175086975, 73.9778900146, 120.329177856, 38.2271690369, 8.18312454224, -0.049355532974, 7.33350133896, 0.223328202963], [232.530502319, 2.25699591637, -26.3698329926, -52.2102584839, -4.75697183609, 53.8275642395, 24.004901886, 38.2271690369, 162.518264771, 36.1762695312, 10.4529571533, -1.83645701408, -1.72020876408], [136.877685547, 27.0563106537, -64.7918014526, -43.7132301331, 21.1968765259, -12.6932916641, 16.0881500244, 8.18312454224, 36.1762695312, 131.41796875, 18.1885032654, 13.5101270676, 11.6388521194], [-53.7463531494, 28.4463443756, 4.44500684738, -27.0855751038, -4.84798049927, 37.1010093689, 33.6871032715, -0.049355532974, 10.4529571533, 18.1885032654, 96.9513702393, 22.202205658, 3.02599668503], [-60.8701972961, 34.6280021667, -12.5892696381, 26.662858963, 34.0514450073, -18.5067882538, -5.44105386734, 7.33350133896, -1.83645701408, 13.5101270676, 22.202205658, 88.1186141968, 41.8677787781], [-157.258544922, 46.0574951172, 0.941608607769, 48.481464386, 46.5726585388, -18.9781169891, -5.87068271637, 0.223328202963, -1.72020876408, 11.6388521194, 3.02599668503, 41.8677787781, 78.1792831421]],
