{
"lowlevel": {
    "average_loudness": 0.982989311218,
    "barkbands_crest": {
        "dmean": 3.24074339867,
        "dmean2": 4.87462472916,
        "dvar": 8.31819725037,
        "dvar2": 18.9469223022,
        "max": 26.2692012787,
        "mean": 14.7951250076,
        "median": 13.975859642,
        "min": 3.50548505783,
        "var": 31.0541858673
    },
    "barkbands_flatness_db": {
        "dmean": 0.0355485267937,
        "dmean2": 0.0541357807815,
        "dvar": 0.0010866872035,
        "dvar2": 0.00233029271476,
        "max": 0.444526225328,
        "mean": 0.200261637568,
        "median": 0.188614159822,
        "min": 0.0725765526295,
        "var": 0.00403429660946
    },
    "barkbands_kurtosis": {
        "dmean": 14.9244832993,
        "dmean2": 24.1188468933,
        "dvar": 902.230407715,
        "dvar2": 2318.02563477,
        "max": 538.793212891,
        "mean": 20.5546398163,
        "median": 8.45466518402,
        "min": -1.73150742054,
        "var": 1410.53100586
    },
    "barkbands_skewness": {
        "dmean": 1.2322794199,
        "dmean2": 1.94792628288,
        "dvar": 2.06103825569,
        "dvar2": 4.86862421036,
        "max": 20.8134746552,
        "mean": 3.23151803017,
        "median": 2.62803602219,
        "min": -1.06885790825,
        "var": 5.65379095078
    },
    "barkbands_spread": {
        "dmean": 6.74628162384,
        "dmean2": 10.3888092041,
        "dvar": 52.4019737244,
        "dvar2": 105.941497803,
        "max": 72.7550201416,
        "mean": 15.2222776413,
        "median": 12.8625850677,
        "min": 0.372785866261,
        "var": 129.554611206
    },
    "dissonance": {
        "dmean": 0.022856540978,
        "dmean2": 0.0380634889007,
        "dvar": 0.000388049928006,
        "dvar2": 0.00104487512726,
        "max": 0.499101579189,
        "mean": 0.453728735447,
        "median": 0.458489954472,
        "min": 0.296696275473,
        "var": 0.000800502370112
    },
    "dynamic_complexity": 2.18571305275,
    "erbbands_crest": {
        "dmean": 3.33092570305,
        "dmean2": 5.19185733795,
        "dvar": 8.53220653534,
        "dvar2": 20.8996715546,
        "max": 27.2471084595,
        "mean": 9.97390651703,
        "median": 9.17788410187,
        "min": 2.56540155411,
        "var": 21.8325099945
    },
    "erbbands_flatness_db": {
        "dmean": 0.0204592347145,
        "dmean2": 0.030027044937,
        "dvar": 0.000298639846733,
        "dvar2": 0.000605678360444,
        "max": 0.282592356205,
        "mean": 0.163344740868,
        "median": 0.160464271903,
        "min": 0.088307403028,
        "var": 0.00130867958069
    },
    "erbbands_kurtosis": {
        "dmean": 1.59862148762,
        "dmean2": 2.50656700134,
        "dvar": 3.70091629028,
        "dvar2": 8.62558364868,
        "max": 19.0523033142,
        "mean": 1.2731897831,
        "median": 0.289039134979,
        "min": -1.77800416946,
        "var": 7.61360931396
    },
    "erbbands_skewness": {
        "dmean": 0.489634424448,
        "dmean2": 0.736971735954,
        "dvar": 0.18251247704,
        "dvar2": 0.408928453922,
        "max": 3.67944431305,
        "mean": 0.8288641572,
        "median": 0.759525358677,
        "min": -1.75733721256,
        "var": 0.589589118958
    },
    "erbbands_spread": {
        "dmean": 14.2242326736,
        "dmean2": 21.3506450653,
        "dvar": 215.286315918,
        "dvar2": 451.645080566,
        "max": 168.57182312,
        "mean": 46.9797286987,
        "median": 42.197593689,
        "min": 6.21006679535,
        "var": 629.646057129
    },
    "hfc": {
        "dmean": 8.25240039825,
        "dmean2": 11.8740110397,
        "dvar": 102.762405396,
        "dvar2": 204.868164062,
        "max": 198.792434692,
        "mean": 18.1487522125,
        "median": 13.8848953247,
        "min": 0.000281146698399,
        "var": 211.752365112
    },
    "melbands_crest": {
        "dmean": 4.32903814316,
        "dmean2": 6.77786254883,
        "dvar": 14.5800161362,
        "dvar2": 33.801612854,
        "max": 35.5238456726,
        "mean": 20.8183956146,
        "median": 20.9359512329,
        "min": 5.58336925507,
        "var": 57.5565567017
    },
    "melbands_flatness_db": {
        "dmean": 0.0417457520962,
        "dmean2": 0.062103420496,
        "dvar": 0.00158028211445,
        "dvar2": 0.00330611248501,
        "max": 0.534542143345,
        "mean": 0.255373179913,
        "median": 0.238865315914,
        "min": 0.0797192305326,
        "var": 0.00652420707047
    },
    "melbands_kurtosis": {
        "dmean": 31.0039100647,
        "dmean2": 49.6247634888,
        "dvar": 3595.73681641,
        "dvar2": 8338.84863281,
        "max": 1055.39660645,
        "mean": 49.252117157,
        "median": 23.8539161682,
        "min": -1.50758266449,
        "var": 7397.71582031
    },
    "melbands_skewness": {
        "dmean": 1.56657075882,
        "dmean2": 2.46169066429,
        "dvar": 2.99640798569,
        "dvar2": 6.85279273987,
        "max": 27.2674541473,
        "mean": 4.61526060104,
        "median": 3.80679249763,
        "min": -0.619779169559,
        "var": 9.7483215332
    },
    "melbands_spread": {
        "dmean": 5.62764692307,
        "dmean2": 8.85386371613,
        "dvar": 53.1773910522,
        "dvar2": 119.073577881,
        "max": 124.265388489,
        "mean": 12.7420978546,
        "median": 10.1076593399,
        "min": 0.41051992774,
        "var": 116.861907959
    },
    "pitch_salience": {
        "dmean": 0.101394832134,
        "dmean2": 0.157600268722,
        "dvar": 0.00926057528704,
        "dvar2": 0.0213723797351,
        "max": 0.858282446861,
        "mean": 0.422518163919,
        "median": 0.428626596928,
        "min": 0.072953812778,
        "var": 0.0277032647282
    },
    "silence_rate_20dB": {
        "dmean": 0,
        "dmean2": 0,
        "dvar": 0,
        "dvar2": 0,
        "max": 1,
        "mean": 1,
        "median": 1,
        "min": 1,
        "var": 0
    },
    "silence_rate_30dB": {
        "dmean": 0.105426356196,
        "dmean2": 0.21101629734,
        "dvar": 0.0943124443293,
        "dvar2": 0.226999267936,
        "max": 1,
        "mean": 0.910147190094,
        "median": 1,
        "min": 0,
        "var": 0.0817784294486
    },
    "silence_rate_60dB": {
        "dmean": 0.00465116277337,
        "dmean2": 0.00930954236537,
        "dvar": 0.00462936609983,
        "dvar2": 0.0107745788991,
        "max": 1,
        "mean": 0.0209140200168,
        "median": 0,
        "min": 0,
        "var": 0.0204769540578
    },
    "spectral_centroid": {
        "dmean": 245.541061401,
        "dmean2": 374.573364258,
        "dvar": 69519.203125,
        "dvar2": 148909.484375,
        "max": 4163.78125,
        "mean": 946.110656738,
        "median": 890.918457031,
        "min": 174.058395386,
        "var": 200506.234375
    },
    "spectral_complexity": {
        "dmean": 3.70077514648,
        "dmean2": 5.67261457443,
        "dvar": 15.2049703598,
        "dvar2": 27.0021877289,
        "max": 42,
        "mean": 14.5321455002,
        "median": 14,
        "min": 0,
        "var": 52.2938117981
    },
    "spectral_decrease": {
        "dmean": 5.46690159808e-09,
        "dmean2": 8.86655904253e-09,
        "dvar": 4.46739470063e-17,
        "dvar2": 1.13011307876e-16,
        "max": -2.78600628895e-13,
        "mean": -1.30996173908e-08,
        "median": -1.08971907054e-08,
        "min": -4.42453895744e-08,
        "var": 9.02704518585e-17
    },
    "spectral_energy": {
        "dmean": 0.0210561174899,
        "dmean2": 0.0340665616095,
        "dvar": 0.00064647581894,
        "dvar2": 0.00163458136376,
        "max": 0.168188989162,
        "mean": 0.0510870218277,
        "median": 0.0432055033743,
        "min": 1.0769989558e-06,
        "var": 0.0013141410891
    },
    "spectral_energyband_high": {
        "dmean": 0.00057203398319,
        "dmean2": 0.000821975409053,
        "dvar": 1.50529217535e-06,
        "dvar2": 3.09818074129e-06,
        "max": 0.033158864826,
        "mean": 0.000775499909651,
        "median": 0.000324821157847,
        "min": 9.13831765814e-09,
        "var": 1.86102113275e-06
    },
    "spectral_energyband_low": {
        "dmean": 0.0170972328633,
        "dmean2": 0.0262736231089,
        "dvar": 0.000585140252952,
        "dvar2": 0.00148162071127,
        "max": 0.162044987082,
        "mean": 0.0333827510476,
        "median": 0.0212801415473,
        "min": 7.52241987811e-07,
        "var": 0.00127074168995
    },
    "spectral_energyband_middle_high": {
        "dmean": 0.00203403760679,
        "dmean2": 0.00315414578654,
        "dvar": 1.0206909792e-05,
        "dvar2": 2.5740097044e-05,
        "max": 0.0485078170896,
        "mean": 0.00428144168109,
        "median": 0.00194518268108,
        "min": 7.15139591989e-08,
        "var": 3.40335573128e-05
    },
    "spectral_energyband_middle_low": {
        "dmean": 0.0119850058109,
        "dmean2": 0.0206980910152,
        "dvar": 0.000531803176273,
        "dvar2": 0.00143683433998,
        "max": 0.132606476545,
        "mean": 0.0144044654444,
        "median": 0.00823595933616,
        "min": 7.66766490301e-08,
        "var": 0.000399839278543
    },
    "spectral_entropy": {
        "dmean": 0.240415588021,
        "dmean2": 0.358868658543,
        "dvar": 0.0523916073143,
        "dvar2": 0.108061335981,
        "max": 8.41225719452,
        "mean": 7.50400829315,
        "median": 7.52874946594,
        "min": 5.87572717667,
        "var": 0.157584220171
    },
    "spectral_flux": {
        "dmean": 0.0472869277,
        "dmean2": 0.0723987370729,
        "dvar": 0.00252948165871,
        "dvar2": 0.00443528452888,
        "max": 0.389370381832,
        "mean": 0.123782418668,
        "median": 0.0974609926343,
        "min": 0.00103778555058,
        "var": 0.00695840967819
    },
    "spectral_kurtosis": {
        "dmean": 1.36393451691,
        "dmean2": 2.16854715347,
        "dvar": 1.78488981724,
        "dvar2": 4.32960939407,
        "max": 15.1712932587,
        "mean": 2.69558405876,
        "median": 2.45387411118,
        "min": -1.13595724106,
        "var": 4.25940895081
    },
    "spectral_rms": {
        "dmean": 0.00142321456224,
        "dmean2": 0.00222868053243,
        "dvar": 2.40556255449e-06,
        "dvar2": 5.61147589906e-06,
        "max": 0.012809637934,
        "mean": 0.00657259998843,
        "median": 0.00649243500084,
        "min": 3.24149768858e-05,
        "var": 6.64206254442e-06
    },
    "spectral_rolloff": {
        "dmean": 310.19442749,
        "dmean2": 533.802734375,
        "dvar": 327730.8125,
        "dvar2": 717418.125,
        "max": 8010.3515625,
        "mean": 634.170593262,
        "median": 452.197265625,
        "min": 64.599609375,
        "var": 585964.6875
    },
    "spectral_skewness": {
        "dmean": 0.251305252314,
        "dmean2": 0.378879696131,
        "dvar": 0.0516419708729,
        "dvar2": 0.107002966106,
        "max": 3.27061605453,
        "mean": 1.44310116768,
        "median": 1.42170441151,
        "min": -0.330476164818,
        "var": 0.162879571319
    },
    "spectral_spread": {
        "dmean": 839522.5,
        "dmean2": 1190269.75,
        "dvar": 837023629312,
        "dvar2": 1.42984989901e+12,
        "max": 15363374,
        "mean": 5285058.5,
        "median": 4846749.5,
        "min": 2946897.25,
        "var": 2.40565354496e+12
    },
    "spectral_strongpeak": {
        "dmean": 0.376545369625,
        "dmean2": 0.628478646278,
        "dvar": 0.486720204353,
        "dvar2": 1.12632226944,
        "max": 10.6855201721,
        "mean": 0.744487285614,
        "median": 0.522996485233,
        "min": 0,
        "var": 0.762787461281
    },
    "zerocrossingrate": {
        "dmean": 0.012791832909,
        "dmean2": 0.0153068024665,
        "dvar": 0.00015136237198,
        "dvar2": 0.000207747914828,
        "max": 0.1884765625,
        "mean": 0.0412913486362,
        "median": 0.0390625,
        "min": 0.0029296875,
        "var": 0.00066217262065
    },
    "barkbands": {
        "dmean": [0.00111952377483, 0.0152160013095, 0.00564787909389, 0.00513134431094, 0.00503296637908, 0.00154540280346, 0.00147578842007, 0.000723549746908, 0.000608074420597, 0.000936439144425, 0.000375307863578, 0.00049059727462, 0.000402468867833, 0.000245945731876, 0.000151966291014, 0.000166346086189, 9.59118988249e-05, 6.24519161647e-05, 9.63838392636e-05, 6.95410490152e-05, 8.47705014166e-05, 9.24921187107e-05, 9.59955068538e-05, 0.000209452991839, 0.000101259596704, 1.9181885591e-07, 1.02764303733e-07],
        "dmean2": [0.00165318592917, 0.0218960922211, 0.00981711503118, 0.00945458374918, 0.00917250290513, 0.00251112342812, 0.00227048015222, 0.00117712281644, 0.000990612315945, 0.00154651433695, 0.000592696014792, 0.000728330865968, 0.000627727014944, 0.000408343825256, 0.000245737028308, 0.000265057693468, 0.000156787631568, 9.76874725893e-05, 0.000148886349052, 0.000107554878923, 0.00012393858924, 0.000138801202411, 0.00014017286594, 0.000312873482471, 0.000153620159836, 3.04213671143e-07, 1.73713530671e-07],
        "dvar": [3.8574530663e-06, 0.000590498675592, 0.000201279020985, 0.000188291101949, 0.000123555539176, 6.79066579323e-06, 5.19695140611e-06, 1.84091686606e-06, 1.52011284626e-06, 4.16686361859e-06, 7.86832856647e-07, 2.51901133197e-06, 2.2381314011e-06, 3.55968381882e-07, 7.99241064442e-08, 1.38861580012e-07, 3.68102952564e-08, 9.78889769243e-09, 2.39041124672e-08, 2.14559321421e-08, 1.51642836954e-07, 2.50013897585e-07, 2.41312019256e-08, 9.82535297567e-08, 4.1458736888e-08, 1.74723923481e-13, 1.07416883006e-13],
        "dvar2": [8.99782207853e-06, 0.00143263919745, 0.000525938172359, 0.000528480450157, 0.000350612419425, 1.57949343702e-05, 1.2118000086e-05, 3.93574055124e-06, 3.75908803107e-06, 1.05103899841e-05, 1.70372527464e-06, 5.14681278219e-06, 4.89978492624e-06, 9.4439434406e-07, 1.81705019031e-07, 2.81594054741e-07, 8.02343933515e-08, 2.30610908147e-08, 5.45914744521e-08, 5.21030365519e-08, 3.0466785006e-07, 6.00929979555e-07, 4.82518416334e-08, 1.69182783338e-07, 8.93194211926e-08, 4.12644012926e-13, 2.66344590697e-13],
        "max": [0.0166008453816, 0.155558004975, 0.114496141672, 0.0708445906639, 0.0591564141214, 0.0298600587994, 0.025094281882, 0.0284947250038, 0.0191619694233, 0.0319483354688, 0.0184294674546, 0.0420132316649, 0.039495754987, 0.00925016589463, 0.00480767479166, 0.00705125043169, 0.00478099985048, 0.00140865414869, 0.00180665240623, 0.0028080381453, 0.0123220002279, 0.0152074033394, 0.00257069035433, 0.00229370780289, 0.00172443094198, 4.49371509603e-06, 4.36274603999e-06],
        "mean": [0.00166772666853, 0.0255786627531, 0.0045026675798, 0.00368748768233, 0.00422614021227, 0.00215160334483, 0.00237020174973, 0.000983351841569, 0.000807745731436, 0.001278830925, 0.000550950877368, 0.000685550214257, 0.000572199292947, 0.000339513178915, 0.00019828879158, 0.000242742564296, 0.000155367713887, 9.81686534942e-05, 0.000160199997481, 0.000121640281577, 0.000109369233542, 0.000108044681838, 0.000125194987049, 0.000263069145149, 0.000102159465314, 1.70888625917e-07, 8.08869842217e-08],
        "median": [0.000608691072557, 0.0125309107825, 0.000672140042298, 0.000554818718228, 0.00125779013615, 0.0010317339329, 0.00102817849256, 0.00029327761149, 0.000246558396611, 0.000258284824667, 0.000202982701012, 0.000151737825945, 0.000106039333332, 0.000114458081953, 8.52711891639e-05, 0.000101827492472, 8.13221777207e-05, 5.82387983741e-05, 7.30781903258e-05, 5.79685583944e-05, 3.85360399378e-05, 2.89276340482e-05, 4.49142353318e-05, 9.64845166891e-05, 2.04151911021e-05, 2.6252864771e-08, 3.64735841529e-09],
        "min": [6.13818542661e-08, 5.10806671628e-07, 1.25293091457e-08, 1.61354130057e-08, 1.31454847008e-08, 2.95232838177e-09, 4.15614493932e-08, 2.77506284618e-09, 8.14306747032e-11, 6.02493444024e-10, 1.0969639419e-08, 2.49969156485e-09, 4.08884881509e-09, 4.70649852424e-10, 1.17816032486e-08, 2.69906275108e-09, 1.20036052209e-08, 8.46272829591e-09, 8.3232354342e-09, 5.0497015458e-09, 2.6798666064e-10, 4.06176037249e-10, 7.4333306177e-10, 6.22226048463e-09, 2.85788143151e-10, 2.04399322988e-12, 2.13755554056e-12],
        "var": [5.93464483245e-06, 0.00104886211921, 0.000146934296936, 0.000114106354886, 7.9580298916e-05, 1.01690120573e-05, 1.01211007859e-05, 3.83201495424e-06, 2.76120977105e-06, 7.06185755917e-06, 1.79506764653e-06, 4.95381209475e-06, 4.29786723544e-06, 5.05847083332e-07, 1.13244787769e-07, 2.51470055446e-07, 8.53415826896e-08, 1.48550984846e-08, 4.78458126452e-08, 3.51859306136e-08, 1.80960782359e-07, 2.25072540161e-07, 3.4603289123e-08, 1.43644101058e-07, 4.51534560852e-08, 1.60317072118e-13, 8.69451673201e-14]
    },
    "erbbands": {
        "dmean": [0.657033026218, 2.84651589394, 5.35752344131, 11.4982643127, 18.8869953156, 15.8133459091, 10.5595722198, 14.9378118515, 23.473690033, 16.0460166931, 12.6025810242, 15.3453474045, 21.0332641602, 24.7447605133, 12.7537822723, 19.7895030975, 17.8463668823, 11.2932605743, 10.8394823074, 8.5889081955, 6.71029186249, 5.56042337418, 3.31395602226, 4.82138967514, 3.75545334816, 3.02016496658, 2.97486352921, 3.67065882683, 3.32233524323, 2.741284132, 3.04030060768, 3.98253536224, 3.77790546417, 2.13254499435, 0.133311122656, 0.00620097108185, 0.000446007645223, 9.36608412303e-05, 2.87627444777e-05, 2.57212668657e-05],
        "dmean2": [0.950544118881, 4.18215274811, 8.39161491394, 19.8367576599, 35.0320167542, 28.7757167816, 17.9580154419, 23.5407352448, 36.5414924622, 25.1040859222, 21.3617420197, 24.9472389221, 34.5902137756, 40.4632606506, 20.6640434265, 29.7808685303, 27.1060256958, 17.9710903168, 18.1159248352, 13.5260696411, 10.4381494522, 9.02195453644, 5.19178962708, 7.47909593582, 5.6550617218, 4.54552078247, 4.37192487717, 5.43095254898, 5.00153779984, 3.99890375137, 4.45356035233, 5.94013643265, 5.57265806198, 3.16865563393, 0.201327681541, 0.00929647125304, 0.00066611461807, 0.00014399610518, 4.54015680589e-05, 4.11421679019e-05],
        "dvar": [1.05825603008, 23.9645805359, 145.422149658, 859.493713379, 2385.69970703, 1156.75610352, 392.211303711, 685.238830566, 1574.25817871, 803.458862305, 513.841796875, 1087.52600098, 1714.89477539, 3558.9453125, 581.536010742, 4347.78125, 4153.67089844, 742.29901123, 806.743469238, 391.712799072, 180.608108521, 128.038238525, 21.7009372711, 65.5383300781, 36.6923332214, 36.4258613586, 59.1553192139, 579.192687988, 440.279907227, 68.7393951416, 20.1833705902, 32.437335968, 34.150932312, 17.0691986084, 0.0864998474717, 0.000168657337781, 7.26347082036e-07, 4.69591086016e-08, 3.03809732927e-09, 8.70609417891e-10],
        "dvar2": [2.74022388458, 51.4095420837, 353.430450439, 2273.20703125, 6780.14892578, 3232.02539062, 1030.13867188, 1417.13781738, 3774.72338867, 1706.33605957, 1336.93566895, 2679.32495117, 4150.63134766, 9624.62792969, 1566.95422363, 9408.91992188, 9418.23242188, 1622.74304199, 2194.05566406, 851.131958008, 394.524536133, 306.178314209, 48.5935783386, 149.429702759, 85.5963516235, 85.0539474487, 106.035369873, 1271.60876465, 1075.6619873, 173.453338623, 38.21875, 59.5007820129, 61.5125350952, 35.4594345093, 0.187157332897, 0.000357979210094, 1.54644487793e-06, 1.09042538554e-07, 7.28948590378e-09, 2.1609269929e-09],
        "max": [7.00271749496, 34.8500366211, 101.647590637, 205.794647217, 304.450805664, 210.775512695, 155.658554077, 371.415893555, 459.912597656, 523.456115723, 268.366607666, 492.643981934, 698.974975586, 891.644104004, 439.628540039, 1885.77661133, 1763.06787109, 493.747680664, 633.854858398, 389.108428955, 214.571975708, 269.831817627, 63.0825424194, 104.316764832, 106.613494873, 108.633758545, 210.355484009, 757.141845703, 643.587646484, 218.920730591, 45.4943618774, 54.0726585388, 39.9609260559, 33.9650154114, 2.8544690609, 0.120911099017, 0.00771743152291, 0.00266155228019, 0.000701807148289, 0.000214600193431],
        "mean": [1.07386875153, 4.35956907272, 5.46180772781, 9.19610977173, 15.0841760635, 13.2550134659, 11.3186388016, 22.8649482727, 36.4409179688, 26.2345809937, 15.9233036041, 20.8440761566, 30.061964035, 35.4935722351, 19.515253067, 28.6911277771, 28.5603485107, 17.0342674255, 15.2816162109, 12.5175886154, 10.7913284302, 9.07966327667, 5.85991001129, 7.63154697418, 7.15573120117, 5.45603466034, 4.6383690834, 4.29689073563, 3.84269332886, 3.36367869377, 3.90552186966, 5.02322101593, 4.48422670364, 2.22234773636, 0.130817487836, 0.00619470560923, 0.000462605879875, 9.06898494577e-05, 4.40292242274e-05, 6.10154638707e-05],
        "median": [0.49718105793, 1.80415642262, 1.20761716366, 1.74665975571, 3.87838149071, 3.43755722046, 4.10932397842, 11.6645002365, 15.2823190689, 11.0179204941, 6.73367071152, 6.79231929779, 9.11138916016, 9.14138793945, 7.7930355072, 6.3302898407, 6.17122411728, 5.297103405, 6.3274512291, 6.06197881699, 5.64394760132, 4.92482852936, 3.61246156693, 3.52227377892, 3.59318256378, 2.56787323952, 2.19150042534, 1.18959641457, 1.03602087498, 0.989372551441, 1.41348874569, 2.031645298, 1.44203460217, 0.478725850582, 0.0194954499602, 0.00103459146339, 0.000109059663373, 1.88881731447e-05, 2.90043262794e-05, 5.23869384779e-05],
        "min": [2.56789026025e-05, 7.40012983442e-05, 3.83383012377e-05, 3.01869840769e-05, 4.77533612866e-05, 4.46977246611e-05, 3.29834256263e-05, 4.10475986428e-05, 0.000410539563745, 0.000501246773638, 4.12630652136e-05, 4.05245236834e-06, 1.06201696326e-05, 0.000362736347597, 0.000406758568715, 7.80016926001e-05, 0.000104919075966, 0.000133001987706, 0.000146556398249, 0.000684231927153, 0.000387434876757, 0.00047826973605, 0.00056617584778, 0.000627538363915, 0.000214577303268, 0.000157792208483, 5.42736052012e-05, 9.42880251387e-06, 1.69993927557e-05, 7.00960436006e-06, 2.51592209679e-05, 0.000148278588313, 6.92643152433e-05, 1.03026122815e-05, 2.94278294177e-07, 2.46689300099e-08, 5.36656941108e-09, 1.83851722735e-09, 8.84111506227e-10, 1.25845844856e-09],
        "var": [1.86623442173, 39.6456489563, 142.222305298, 608.77166748, 1439.66650391, 793.520507812, 379.2394104, 1251.14599609, 2640.54077148, 1850.85473633, 680.676635742, 1908.86132812, 3020.31469727, 6477.99072266, 1243.60388184, 8487.44335938, 8581.36132812, 1396.45336914, 910.31439209, 555.456787109, 330.656066895, 277.509552002, 43.6653862, 115.928535461, 101.203926086, 68.1219177246, 96.168258667, 589.958557129, 383.233795166, 61.735168457, 30.9531612396, 47.8942756653, 47.8555145264, 19.5417366028, 0.0948078259826, 0.00019030214753, 8.13961207768e-07, 4.48382948548e-08, 3.08554071182e-09, 1.73894088018e-09]
    },
    "gfcc": {
        "mean": [-14.5193500519, 120.004890442, -116.97480011, 54.2403297424, -72.9765625, 33.2824134827, -37.2101821899, 9.78373908997, -3.23548126221, -10.877532959, 14.7966995239, -16.0718135834, 11.5060329437],
        "cov": [[3501.54956055, -484.376464844, -409.763671875, -180.229110718, -258.276733398, 151.528106689, -61.97706604, -64.9876785278, -218.871170044, 22.1086883545, -157.873184204, -6.90086221695, -127.77759552], [-484.376464844, 562.801696777, 30.8455581665, -13.3353939056, 169.68611145, -127.605949402, 138.00630188, -56.8022880554, 104.026817322, -78.4952316284, 94.3425521851, -77.9758453369, 31.7414360046], [-409.763671875, 30.8455581665, 738.090087891, 196.432922363, 107.815116882, 83.4138870239, -75.9885559082, 28.046251297, 14.8448896408, -19.2855911255, -53.0019264221, 0.00182064564433, -5.10368680954], [-180.229110718, -13.3353939056, 196.432922363, 239.546142578, 140.000976562, 39.8489074707, 9.52202320099, -2.54385948181, 25.8343353271, -11.0191488266, -24.0998725891, -9.8987865448, -13.6968374252], [-258.276733398, 169.68611145, 107.815116882, 140.000976562, 364.049407959, 127.167259216, 188.987182617, 68.9978713989, 102.119995117, 17.0417232513, 63.7059516907, -22.8055534363, 10.6292562485], [151.528106689, -127.605949402, 83.4138870239, 39.8489074707, 127.167259216, 261.302246094, 131.037460327, 73.3984146118, 22.9048614502, 54.2054977417, 17.5168628693, 27.484539032, -2.9652864933], [-61.97706604, 138.00630188, -75.9885559082, 9.52202320099, 188.987182617, 131.037460327, 322.35836792, 80.2907485962, 116.678329468, 46.7170562744, 109.709190369, 4.5817527771, 35.8823280334], [-64.9876785278, -56.8022880554, 28.046251297, -2.54385948181, 68.9978713989, 73.3984146118, 80.2907485962, 208.581970215, 102.274757385, 85.8707199097, 55.8996200562, 48.4695205688, 59.6327705383], [-218.871170044, 104.026817322, 14.8448896408, 25.8343353271, 102.119995117, 22.9048614502, 116.678329468, 102.274757385, 208.351211548, 66.1938018799, 88.3948974609, 43.045841217, 57.1871566772], [22.1086883545, -78.4952316284, -19.2855911255, -11.0191488266, 17.0417232513, 54.2054977417, 46.7170562744, 85.8707199097, 66.1938018799, 128.765090942, 72.6529159546, 43.2351341248, 34.3675041199], [-157.873184204, 94.3425521851, -53.0019264221, -24.0998725891, 63.7059516907, 17.5168628693, 109.709190369, 55.8996200562, 88.3948974609, 72.6529159546, 140.470199585, 42.3980255127, 48.0065078735], [-6.90086221695, -77.9758453369, 0.00182064564433, -9.8987865448, -22.8055534363, 27.484539032, 4.5817527771, 48.4695205688, 43.045841217, 43.2351341248, 42.3980255127, 96.1214370728, 57.5831985474], [-127.77759552, 31.7414360046, -5.10368680954, -13.6968374252, 10.6292562485, -2.9652864933, 35.8823280334, 59.6327705383, 57.1871566772, 34.3675041199, 48.0065078735, 57.5831985474, 108.716117859]],
        "icov": [[0.000394698232412, 2.28667940974e-05, 0.000212816768908, 0.000121463199321, 0.000149321305798, -0.000281519838609, -0.000127354200231, 4.38293791376e-05, 0.000192915831576, -0.000336995173711, 0.000584504276048, -0.000246445211815, 0.000355717114871], [2.28667940974e-05, 0.00997933745384, -0.00214836839586, 0.00413981545717, -0.00419316627085, 0.00525832269341, -0.00202599586919, 0.00368609814905, -0.004150448367, 0.00748767284676, -0.00776500767097, 0.00906873028725, -0.00482418620959], [0.000212816768908, -0.00214836839586, 0.00261270673946, -0.00227529695258, 0.000920065562241, -0.0024063999299, 0.00168216042221, -0.00116452074144, 0.000552416895516, -0.0010177398799, 0.00169962632935, -0.00152490206528, 0.000729659048375], [0.000121463199321, 0.00413981545717, -0.00227529695258, 0.00934091955423, -0.00531474407762, 0.00310921133496, -0.000765611359384, 0.00287886196747, -0.00224063172936, 0.00156993849669, -7.66616904002e-06, 0.00158747204114, -0.000872999138664], [0.000149321305798, -0.00419316627085, 0.000920065562241, -0.00531474407762, 0.00898394268006, -0.00478473166004, -0.000713554618414, -0.00265715736896, 0.00044965260895, -0.000797086628154, 0.00017738880706, 0.000261843000771, 0.00125593564007], [-0.000281519838609, 0.00525832269341, -0.0024063999299, 0.00310921133496, -0.00478473166004, 0.0115892384201, -0.00532985199243, 0.00107536767609, 0.00037878099829, 1.12020188681e-05, 1.91495073523e-05, -0.000655065930914, 0.000501537462696], [-0.000127354200231, -0.00202599586919, 0.00168216042221, -0.000765611359384, -0.000713554618414, -0.00532985199243, 0.00904028210789, -0.00110353925265, -0.00169900641777, 0.00134619500022, -0.00385680724867, 0.00222715805285, -0.00103815831244], [4.38293791376e-05, 0.00368609814905, -0.00116452074144, 0.00287886196747, -0.00265715736896, 0.00107536767609, -0.00110353925265, 0.0103070102632, -0.00393772032112, -0.00165208103135, -0.000515148916747, 0.00245464849286, -0.00419597746804], [0.000192915831576, -0.004150448367, 0.000552416895516, -0.00224063172936, 0.00044965260895, 0.00037878099829, -0.00169900641777, -0.00393772032112, 0.0114274173975, -0.0051194364205, 0.00222325185314, -0.00646349275485, 0.00191825558431], [-0.000336995173711, 0.00748767284676, -0.0010177398799, 0.00156993849669, -0.000797086628154, 1.12020188681e-05, 0.00134619500022, -0.00165208103135, -0.0051194364205, 0.0226159784943, -0.0150909209624, 0.00787445530295, -0.00385558628477], [0.000584504276048, -0.00776500767097, 0.00169962632935, -7.66616904002e-06, 0.00017738880706, 1.91495073523e-05, -0.00385680724867, -0.000515148916747, 0.00222325185314, -0.0150909209624, 0.0259735453874, -0.013867566362, 0.00404858216643], [-0.000246445211815, 0.00906873028725, -0.00152490206528, 0.00158747204114, 0.000261843000771, -0.000655065930914, 0.00222715805285, 0.00245464849286, -0.00646349275485, 0.00787445530295, -0.013867566362, 0.0307938847691, -0.0142101859674], [0.000355717114871, -0.00482418620959, 0.000729659048375, -0.000872999138664, 0.00125593564007, 0.000501537462696, -0.00103815831244, -0.00419597746804, 0.00191825558431, -0.00385558628477, 0.00404858216643, -0.0142101859674, 0.0194329023361]]
    },
    "melbands": {
        "dmean": [0.00487008038908, 0.00237247115001, 0.00215022964403, 0.00128895766102, 0.000422697747126, 0.000332095747581, 0.000324716093019, 0.00017296889564, 9.76632363745e-05, 9.77142044576e-05, 0.000113524321932, 0.00011227781215, 4.33328787039e-05, 4.10589564126e-05, 6.15177123109e-05, 3.74470619136e-05, 2.06570384762e-05, 2.0891731765e-05, 1.12855650514e-05, 1.37335700856e-05, 7.17768443792e-06, 6.61930516799e-06, 3.53604082193e-06, 2.95266136163e-06, 4.42536656919e-06, 3.27640941578e-06, 2.48383798862e-06, 2.18053469325e-06, 1.86478325759e-06, 2.1218791062e-06, 2.1927439775e-06, 1.84405894288e-06, 1.95113034351e-06, 1.34120011808e-06, 1.59709657055e-06, 2.05194464797e-06, 2.70332611763e-06, 2.64451273324e-06, 2.68650637736e-06, 1.46188426697e-06],
        "dmean2": [0.00704878568649, 0.00366356014274, 0.00373492040671, 0.00236223917454, 0.000727631151676, 0.000529867655132, 0.000504707044456, 0.000272632751148, 0.000166214100318, 0.000158581926371, 0.000185983837582, 0.000182947944268, 6.97567666066e-05, 6.48153218208e-05, 9.30137903197e-05, 5.73635916226e-05, 3.28929818352e-05, 3.5035667679e-05, 1.83615611604e-05, 2.1863161237e-05, 1.14454223876e-05, 1.08607773655e-05, 5.6399294408e-06, 4.62022489955e-06, 6.9505385909e-06, 5.21108995599e-06, 3.90154809793e-06, 3.35367462867e-06, 2.812930461e-06, 3.20996582559e-06, 3.31292312694e-06, 2.76896571449e-06, 3.03495880871e-06, 1.93363780454e-06, 2.35096354118e-06, 3.06559968521e-06, 4.10069606005e-06, 3.94350581701e-06, 3.97300800614e-06, 2.22123912863e-06],
        "dvar": [5.9929327108e-05, 2.05658798222e-05, 2.7766893254e-05, 8.68462666404e-06, 6.9690656801e-07, 3.02739294966e-07, 2.74760594721e-07, 1.00968257755e-07, 3.43518067325e-08, 4.6077531124e-08, 5.38368354341e-08, 6.89465977644e-08, 7.65550822734e-09, 9.49121847782e-09, 4.22984172133e-08, 3.09249159614e-08, 2.39166553229e-09, 3.48322148902e-09, 4.01387117988e-10, 1.1003280509e-09, 2.45436476698e-10, 2.1558976826e-10, 2.45439328583e-11, 2.24649535085e-11, 6.02900507296e-11, 3.38537878286e-11, 1.72376800334e-11, 2.26394580166e-11, 1.98071541807e-11, 6.49069686887e-11, 2.63273874923e-10, 1.38919306614e-10, 9.33712065998e-11, 1.05689268101e-11, 6.04030454127e-12, 8.66240933151e-12, 1.58207648371e-11, 1.67082979396e-11, 2.05298868183e-11, 9.76544366205e-12],
        "dvar2": [0.000151834450662, 4.07257939514e-05, 7.17346629244e-05, 2.47388816206e-05, 1.83588679192e-06, 6.58521116748e-07, 6.53267136386e-07, 2.0860007055e-07, 9.00153978023e-08, 1.11910154033e-07, 1.30119744313e-07, 1.85853195944e-07, 1.83440178603e-08, 2.251159259e-08, 9.08916035769e-08, 6.25684322131e-08, 5.40542366423e-09, 9.84238024415e-09, 9.61637325325e-10, 2.13654538506e-09, 5.62992985564e-10, 5.08514286235e-10, 5.34825690679e-11, 5.20408161009e-11, 1.38591790821e-10, 7.99801752605e-11, 4.18507971334e-11, 5.36571238829e-11, 4.1948104712e-11, 1.12995134083e-10, 6.0518384748e-10, 3.27227578367e-10, 2.48871367958e-10, 2.56719888403e-11, 1.22362614832e-11, 1.5784731161e-11, 3.00787207641e-11, 3.16113281384e-11, 3.9367505783e-11, 2.09370992765e-11],
        "max": [0.0500415042043, 0.0382277518511, 0.0308278724551, 0.0154647538438, 0.00657102325931, 0.00718467263505, 0.00614422140643, 0.00654043257236, 0.0022942784708, 0.00350764533505, 0.00399762066081, 0.00362598244101, 0.00165235553868, 0.00246185297146, 0.00444617122412, 0.0053746397607, 0.000896473240573, 0.00134237285238, 0.000222071874305, 0.000685127743054, 0.000249342789175, 0.000346355460351, 6.80630109855e-05, 5.17142434546e-05, 0.000107366286102, 9.84343205346e-05, 6.92328030709e-05, 8.87887727004e-05, 0.000109611086373, 0.00023629842326, 0.000503411050886, 0.000369420100469, 0.00026527888258, 8.03713191999e-05, 3.21029947372e-05, 2.64892914856e-05, 3.88283078792e-05, 2.91010946967e-05, 3.64741099474e-05, 2.71249336947e-05],
        "mean": [0.00812029931694, 0.00382273411378, 0.00183421932161, 0.00105272361543, 0.00043600378558, 0.00050867832033, 0.000511011690833, 0.000269594194833, 0.000117015886644, 0.000131050255732, 0.000157785078045, 0.000157539499924, 6.62702950649e-05, 5.52167475689e-05, 8.95016419236e-05, 5.51039047423e-05, 2.88515020657e-05, 2.77199342236e-05, 1.48883054862e-05, 1.95615921257e-05, 1.06342231447e-05, 1.01180567071e-05, 5.94527728026e-06, 4.46100648333e-06, 6.50304536975e-06, 5.51587027076e-06, 4.49786011814e-06, 3.57994622391e-06, 2.89650529339e-06, 2.76776722785e-06, 2.3791806143e-06, 2.11223346014e-06, 2.15500472223e-06, 1.6846967128e-06, 2.01115585696e-06, 2.64341042566e-06, 3.30357579514e-06, 3.12236829814e-06, 2.99785506286e-06, 1.42927160596e-06],
        "median": [0.00379186007194, 0.00137985858601, 0.000404080172302, 0.000319008453516, 0.000144612611621, 0.000276142382063, 0.000229074532399, 9.32022521738e-05, 4.58443610114e-05, 3.71867281501e-05, 4.27081213275e-05, 3.71023452317e-05, 2.50188459177e-05, 1.69949980773e-05, 1.50637933984e-05, 9.97207280307e-06, 8.95511038834e-06, 1.0307429875e-05, 6.5473000177e-06, 8.1078196672e-06, 5.28935970578e-06, 5.12643737238e-06, 3.51856760972e-06, 2.66563120022e-06, 2.68391727332e-06, 2.53663006333e-06, 2.09170639209e-06, 1.60156241691e-06, 1.37379879561e-06, 9.05180172595e-07, 5.65127606933e-07, 5.79200786888e-07, 5.18720753462e-07, 5.15422527769e-07, 7.02806175923e-07, 1.09034726847e-06, 1.29678312533e-06, 1.02200010588e-06, 7.76649471845e-07, 2.31920907368e-07],
        "min": [2.03388751174e-07, 4.57742146409e-08, 6.07392447449e-09, 3.11599279712e-09, 1.47612466694e-09, 8.65433280595e-10, 7.15873182955e-09, 4.41617942215e-09, 1.1992785931e-10, 1.20199822318e-11, 1.45478438324e-11, 1.33072231012e-09, 1.94378224627e-09, 3.84966725164e-10, 4.10843373211e-11, 4.45328940391e-10, 2.00613747836e-10, 5.04411026836e-11, 1.09852471564e-09, 4.81648665396e-10, 5.7533633413e-10, 7.17902293168e-10, 1.56914453653e-10, 6.12595918437e-10, 5.52182521929e-10, 7.53947043686e-11, 2.44787246029e-10, 6.73404804141e-11, 4.99576179036e-11, 7.84022586436e-12, 4.09817058761e-12, 1.18334430796e-11, 4.18846901606e-12, 3.02577299154e-12, 6.26698432732e-12, 3.79549967844e-11, 1.22586732432e-10, 5.28115641496e-11, 2.72607422747e-11, 2.24067292498e-12],
        "var": [0.000104775674117, 3.45804837707e-05, 2.05822470889e-05, 5.40369774171e-06, 6.38356937088e-07, 5.21116021446e-07, 4.84743225115e-07, 2.33458550269e-07, 4.26937631914e-08, 8.71470788866e-08, 9.39592936788e-08, 1.2300343144e-07, 1.85322601709e-08, 1.52829535693e-08, 9.72907372443e-08, 6.33528216554e-08, 3.95766530659e-09, 3.748600097e-09, 5.46561795822e-10, 1.99607175233e-09, 3.76459557971e-10, 4.67581029451e-10, 4.99113840535e-11, 3.38874345251e-11, 9.98045812661e-11, 6.28658861079e-11, 4.90207631432e-11, 3.66622843195e-11, 2.92922734679e-11, 9.42879455068e-11, 2.46980991214e-10, 1.28909327657e-10, 6.84006115637e-11, 1.10523578137e-11, 8.77397200033e-12, 1.31540065298e-11, 2.22511939429e-11, 2.27502287842e-11, 2.61517873329e-11, 1.06046959408e-11]
    },
    "mfcc": {
        "mean": [-641.228210449, 118.537445068, 28.5083427429, 13.875369072, 14.4164962769, 4.02447891235, 5.73172521591, 5.60874128342, -0.102201975882, 8.26465606689, -3.61159276962, 7.43976306915, 3.09190869331],
        "cov": [[3759.51000977, -446.775054932, -428.569335938, -377.945678711, -309.687744141, 18.201631546, -12.7379255295, -60.4474563599, -121.037620544, -17.852563858, 5.66820859909, -167.154525757, -121.493545532], [-446.775054932, 564.736694336, -46.8910293579, 86.3786239624, 24.479932785, -20.9500102997, 40.2747764587, 30.2094326019, 8.0314912796, 62.5383071899, -1.37935328484, 56.3446388245, 5.77319383621], [-428.569335938, -46.8910293579, 557.171691895, 78.9091949463, 152.750320435, 23.1279411316, -44.7630996704, -9.74298000336, 21.7281036377, -59.4220581055, -18.7130413055, -16.3149375916, -15.9496355057], [-377.945678711, 86.3786239624, 78.9091949463, 251.381713867, 118.149299622, 28.2293758392, 9.60593509674, 13.3693342209, 26.3392410278, 5.28135204315, -3.11935162544, 23.1454486847, 12.6576499939], [-309.687744141, 24.479932785, 152.750320435, 118.149299622, 248.256378174, 63.0655822754, 38.112739563, 47.3937301636, 62.3048095703, 17.480890274, 20.3437080383, 23.5075778961, 35.3387336731], [18.201631546, -20.9500102997, 23.1279411316, 28.2293758392, 63.0655822754, 217.940750122, 108.439666748, 71.7428970337, 33.9048347473, 31.0527553558, 41.8755226135, 20.0315704346, 10.1569681168], [-12.7379255295, 40.2747764587, -44.7630996704, 9.60593509674, 38.112739563, 108.439666748, 214.00402832, 82.1285095215, 51.8766479492, 69.799118042, 47.8960723877, 25.3967208862, 44.980430603], [-60.4474563599, 30.2094326019, -9.74298000336, 13.3693342209, 47.3937301636, 71.7428970337, 82.1285095215, 137.111114502, 79.3957214355, 51.5789985657, 46.9954109192, 41.398349762, 34.7076835632], [-121.037620544, 8.0314912796, 21.7281036377, 26.3392410278, 62.3048095703, 33.9048347473, 51.8766479492, 79.3957214355, 132.543731689, 66.7665023804, 46.4004669189, 41.444683075, 44.7231826782], [-17.852563858, 62.5383071899, -59.4220581055, 5.28135204315, 17.480890274, 31.0527553558, 69.799118042, 51.5789985657, 66.7665023804, 124.020759583, 66.9529800415, 43.9731788635, 41.1367225647], [5.66820859909, -1.37935328484, -18.7130413055, -3.11935162544, 20.3437080383, 41.8755226135, 47.8960723877, 46.9954109192, 46.4004669189, 66.9529800415, 109.596672058, 61.3360176086, 39.805015564], [-167.154525757, 56.3446388245, -16.3149375916, 23.1454486847, 23.5075778961, 20.0315704346, 25.3967208862, 41.398349762, 41.444683075, 43.9731788635, 61.3360176086, 102.388847351, 55.3588905334], [-121.493545532, 5.77319383621, -15.9496355057, 12.6576499939, 35.3387336731, 10.1569681168, 44.980430603, 34.7076835632, 44.7231826782, 41.1367225647, 39.805015564, 55.3588905334, 92.579826355]],
