{
"lowlevel": {
    "average_loudness": 0.974319577217,
    "barkbands_crest": {
        "dmean": 2.62715768814,
        "dmean2": 4.27122735977,
        "dvar": 5.52675628662,
        "dvar2": 14.193362236,
        "max": 20.9117603302,
        "mean": 8.85699558258,
        "median": 8.14460086823,
        "min": 2.64986920357,
        "var": 12.1476917267
    },
    "barkbands_flatness_db": {
        "dmean": 0.0210200492293,
        "dmean2": 0.031351968646,
        "dvar": 0.000386928237276,
        "dvar2": 0.000833318918012,
        "max": 0.251739263535,
        "mean": 0.0961270928383,
        "median": 0.0895334482193,
        "min": 0.0164560414851,
        "var": 0.00139689992648
    },
    "barkbands_kurtosis": {
        "dmean": 2.45843410492,
        "dmean2": 3.83117485046,
        "dvar": 11.1136045456,
        "dvar2": 25.4842967987,
        "max": 34.6949310303,
        "mean": 2.88431978226,
        "median": 1.24014997482,
        "min": -1.81771993637,
        "var": 22.2271614075
    },
    "barkbands_skewness": {
        "dmean": 0.554894566536,
        "dmean2": 0.83425450325,
        "dvar": 0.298734694719,
        "dvar2": 0.67378026247,
        "max": 5.58074760437,
        "mean": 1.50736439228,
        "median": 1.38312339783,
        "min": -2.12890601158,
        "var": 0.951442539692
    },
    "barkbands_spread": {
        "dmean": 8.27254867554,
        "dmean2": 12.6686639786,
        "dvar": 79.8394241333,
        "dvar2": 165.391342163,
        "max": 101.813453674,
        "mean": 29.7354602814,
        "median": 27.1409854889,
        "min": 3.84731245041,
        "var": 220.127120972
    },
    "dissonance": {
        "dmean": 0.0134534956887,
        "dmean2": 0.0226648561656,
        "dvar": 0.000156254638568,
        "dvar2": 0.000419884745497,
        "max": 0.499995678663,
        "mean": 0.475557148457,
        "median": 0.479875981808,
        "min": 0.392232179642,
        "var": 0.000298379687592
    },
    "dynamic_complexity": 3.088940382,
    "erbbands_crest": {
        "dmean": 2.33726167679,
        "dmean2": 3.84160518646,
        "dvar": 5.2715177536,
        "dvar2": 12.804725647,
        "max": 24.3875312805,
        "mean": 7.22665166855,
        "median": 6.18945026398,
        "min": 2.63319945335,
        "var": 11.9611692429
    },
    "erbbands_flatness_db": {
        "dmean": 0.0175487231463,
        "dmean2": 0.0245812069625,
        "dvar": 0.000239797489485,
        "dvar2": 0.000461864954559,
        "max": 0.226400643587,
        "mean": 0.114952810109,
        "median": 0.114838667214,
        "min": 0.0479808822274,
        "var": 0.000914447824471
    },
    "erbbands_kurtosis": {
        "dmean": 0.728584289551,
        "dmean2": 1.13531398773,
        "dvar": 1.56726896763,
        "dvar2": 3.93856954575,
        "max": 23.2049598694,
        "mean": -0.0328866094351,
        "median": -0.471225976944,
        "min": -1.54483258724,
        "var": 2.41111516953
    },
    "erbbands_skewness": {
        "dmean": 0.33251696825,
        "dmean2": 0.496714800596,
        "dvar": 0.10174189508,
        "dvar2": 0.224224701524,
        "max": 3.84640622139,
        "mean": 0.103560395539,
        "median": 0.0426548421383,
        "min": -2.31467175484,
        "var": 0.374930292368
    },
    "erbbands_spread": {
        "dmean": 10.100317955,
        "dmean2": 15.3003511429,
        "dvar": 98.7803192139,
        "dvar2": 226.939727783,
        "max": 147.957962036,
        "mean": 45.9995536804,
        "median": 45.4889984131,
        "min": 7.74510574341,
        "var": 300.677612305
    },
    "hfc": {
        "dmean": 10.519276619,
        "dmean2": 14.8953437805,
        "dvar": 197.447143555,
        "dvar2": 413.576629639,
        "max": 216.639953613,
        "mean": 25.5649013519,
        "median": 19.5110321045,
        "min": 1.2931135845e-16,
        "var": 494.629394531
    },
    "melbands_crest": {
        "dmean": 3.83855199814,
        "dmean2": 6.14456748962,
        "dvar": 12.0908603668,
        "dvar2": 29.0759162903,
        "max": 33.779460907,
        "mean": 13.200797081,
        "median": 11.9940624237,
        "min": 2.95409655571,
        "var": 25.9926261902
    },
    "melbands_flatness_db": {
        "dmean": 0.028500340879,
        "dmean2": 0.0427977256477,
        "dvar": 0.000731938285753,
        "dvar2": 0.00155362370424,
        "max": 0.340668737888,
        "mean": 0.17297129333,
        "median": 0.167164936662,
        "min": 0.0104213673621,
        "var": 0.00261246273294
    },
    "melbands_kurtosis": {
        "dmean": 7.68560218811,
        "dmean2": 11.9517297745,
        "dvar": 126.280853271,
        "dvar2": 292.680145264,
        "max": 147.726379395,
        "mean": 13.0906047821,
        "median": 8.63345050812,
        "min": -1.7433642149,
        "var": 222.759277344
    },
    "melbands_skewness": {
        "dmean": 0.845439732075,
        "dmean2": 1.28300082684,
        "dvar": 0.801678717136,
        "dvar2": 1.80693888664,
        "max": 10.1875600815,
        "mean": 2.83419585228,
        "median": 2.68488097191,
        "min": -0.301887482405,
        "var": 2.31200671196
    },
    "melbands_spread": {
        "dmean": 8.51066493988,
        "dmean2": 12.923286438,
        "dvar": 110.759132385,
        "dvar2": 233.331848145,
        "max": 160.736953735,
        "mean": 25.9640579224,
        "median": 23.4467430115,
        "min": 3.10764908791,
        "var": 258.218994141
    },
    "pitch_salience": {
        "dmean": 0.0782205611467,
        "dmean2": 0.124959006906,
        "dvar": 0.00454717688262,
        "dvar2": 0.0110572893173,
        "max": 0.827269911766,
        "mean": 0.588222026825,
        "median": 0.594188153744,
        "min": 0.230361863971,
        "var": 0.00982855260372
    },
    "silence_rate_20dB": {
        "dmean": 0,
        "dmean2": 0,
        "dvar": 0,
        "dvar2": 0,
        "max": 1,
        "mean": 1,
        "median": 1,
        "min": 1,
        "var": 0
    },
    "silence_rate_30dB": {
        "dmean": 0.0030959751457,
        "dmean2": 0.00619674660265,
        "dvar": 0.00308634829707,
        "dvar2": 0.00925666373223,
        "max": 1,
        "mean": 0.998453199863,
        "median": 1,
        "min": 0,
        "var": 0.00154439057223
    },
    "silence_rate_60dB": {
        "dmean": 0.00928792543709,
        "dmean2": 0.018590239808,
        "dvar": 0.00920161884278,
        "dvar2": 0.0244410578161,
        "max": 1,
        "mean": 0.040989946574,
        "median": 0,
        "min": 0,
        "var": 0.0393099710345
    },
    "spectral_centroid": {
        "dmean": 295.039459229,
        "dmean2": 449.49206543,
        "dvar": 144128.390625,
        "dvar2": 234603.828125,
        "max": 11280.3896484,
        "mean": 1491.43261719,
        "median": 1467.72619629,
        "min": 323.96786499,
        "var": 334859
    },
    "spectral_complexity": {
        "dmean": 5.47987604141,
        "dmean2": 7.74283504486,
        "dvar": 31.9322280884,
        "dvar2": 57.2801856995,
        "max": 58,
        "mean": 23.3882446289,
        "median": 23,
        "min": 0,
        "var": 119.058853149
    },
    "spectral_decrease": {
        "dmean": 3.30067484455e-09,
        "dmean2": 4.95658936117e-09,
        "dvar": 1.99746763682e-17,
        "dvar2": 4.5510567404e-17,
        "max": 1.65883102597e-28,
        "mean": -7.28448767973e-09,
        "median": -5.98776184191e-09,
        "min": -3.3319579984e-08,
        "var": 3.07105129179e-17
    },
    "spectral_energy": {
        "dmean": 0.0131620597094,
        "dmean2": 0.0195771716535,
        "dvar": 0.00030372486799,
        "dvar2": 0.000691309280228,
        "max": 0.133187174797,
        "mean": 0.0298121515661,
        "median": 0.0247261952609,
        "min": 1.11028293486e-20,
        "var": 0.000488979450893
    },
    "spectral_energyband_high": {
        "dmean": 0.000729423598386,
        "dmean2": 0.00106080400292,
        "dvar": 1.5188005591e-06,
        "dvar2": 3.17416674989e-06,
        "max": 0.0222336817533,
        "mean": 0.00123533757869,
        "median": 0.00070241780486,
        "min": 7.81999345105e-21,
        "var": 2.81983034256e-06
    },
    "spectral_energyband_low": {
        "dmean": 0.00840957276523,
        "dmean2": 0.0133000053465,
        "dvar": 0.000230876539717,
        "dvar2": 0.000538493157364,
        "max": 0.0987076386809,
        "mean": 0.0118726491928,
        "median": 0.00798914395273,
        "min": 2.15206328898e-22,
        "var": 0.000254236918408
    },
    "spectral_energyband_middle_high": {
        "dmean": 0.00240802019835,
        "dmean2": 0.0033963592723,
        "dvar": 1.14330032375e-05,
        "dvar2": 2.5719162295e-05,
        "max": 0.0543164238334,
        "mean": 0.00627566874027,
        "median": 0.00370216462761,
        "min": 1.43204209715e-21,
        "var": 4.68857069791e-05
    },
    "spectral_energyband_middle_low": {
        "dmean": 0.00540430424735,
        "dmean2": 0.00871404353529,
        "dvar": 4.80570306536e-05,
        "dvar2": 0.000123902529594,
        "max": 0.0768305659294,
        "mean": 0.0113259358332,
        "median": 0.00910937320441,
        "min": 2.48359439063e-22,
        "var": 7.90511185187e-05
    },
    "spectral_entropy": {
        "dmean": 0.159340813756,
        "dmean2": 0.230301082134,
        "dvar": 0.0264529939741,
        "dvar2": 0.0497370623052,
        "max": 9.80006217957,
        "mean": 7.84706926346,
        "median": 7.85704612732,
        "min": 6.45653486252,
        "var": 0.0874655991793
    },
    "spectral_flux": {
        "dmean": 0.0322689823806,
        "dmean2": 0.0473923757672,
        "dvar": 0.00136104901321,
        "dvar2": 0.00255961762741,
        "max": 0.318724572659,
        "mean": 0.100575774908,
        "median": 0.0906302034855,
        "min": 1.05369962755e-10,
        "var": 0.00303481379524
    },
    "spectral_kurtosis": {
        "dmean": 1.15918493271,
        "dmean2": 1.80915224552,
        "dvar": 1.36304795742,
        "dvar2": 3.33052778244,
        "max": 11.8377885818,
        "mean": 3.97351002693,
        "median": 3.79216861725,
        "min": -1.24968492985,
        "var": 2.97782564163
    },
    "spectral_rms": {
        "dmean": 0.00109944469295,
        "dmean2": 0.00156664778478,
        "dvar": 1.4820340084e-06,
        "dvar2": 3.1496806514e-06,
        "max": 0.0113990660757,
        "mean": 0.00502469716594,
        "median": 0.00491152890027,
        "min": 3.29120476532e-12,
        "var": 3.83746282751e-06
    },
    "spectral_rolloff": {
        "dmean": 765.21307373,
        "dmean2": 1267.20666504,
        "dvar": 2292090.5,
        "dvar2": 4765613.5,
        "max": 19487.5488281,
        "mean": 1705.55334473,
        "median": 1421.19140625,
        "min": 64.599609375,
        "var": 3230503.25
    },
    "spectral_skewness": {
        "dmean": 0.201091304421,
        "dmean2": 0.317565232515,
        "dvar": 0.0448311269283,
        "dvar2": 0.11064119637,
        "max": 2.80588793755,
        "mean": 1.58852243423,
        "median": 1.59523785114,
        "min": -0.0346286632121,
        "var": 0.0929056629539
    },
    "spectral_spread": {
        "dmean": 821903.625,
        "dmean2": 1118128.125,
        "dvar": 1.93119990579e+12,
        "dvar2": 2.65042578637e+12,
        "max": 42386404,
        "mean": 5573971.5,
        "median": 5254374.5,
        "min": 2335272.5,
        "var": 3.72992534118e+12
    },
    "spectral_strongpeak": {
        "dmean": 0.443351686001,
        "dmean2": 0.763816654682,
        "dvar": 0.525649607182,
        "dvar2": 1.18430674076,
        "max": 7.47629928589,
        "mean": 0.663353025913,
        "median": 0.303351283073,
        "min": 0,
        "var": 0.846863508224
    },
    "zerocrossingrate": {
        "dmean": 0.0167712513357,
        "dmean2": 0.0192717909813,
        "dvar": 0.000538202468306,
        "dvar2": 0.000601076986641,
        "max": 0.52685546875,
        "mean": 0.0766896083951,
        "median": 0.0693359375,
        "min": 0.0107421875,
        "var": 0.00173309911042
    },
    "barkbands": {
        "dmean": [0.000679249642417, 0.00455678906292, 0.00406279368326, 0.00160860759206, 0.002409622306, 0.00131654553115, 0.000918893900234, 0.000748053833377, 0.0007519183564, 0.00069016055204, 0.000352789269527, 0.000478313391795, 0.000382856844226, 0.000434057321399, 0.000331966468366, 0.000388487154851, 0.000403987040045, 0.000250776298344, 0.000208059311262, 0.000181355411769, 0.000155230110977, 0.000123934165458, 0.000112085275759, 0.000112443340186, 0.000140832635225, 0.000133937952342, 1.22214187286e-05],
        "dmean2": [0.00100374140311, 0.00739703048021, 0.00731677236035, 0.00277486909181, 0.00406525889412, 0.00216319761239, 0.00146160123404, 0.00120574200992, 0.0012702109525, 0.00104996352457, 0.000545299320947, 0.000747651560232, 0.000607182621025, 0.000703348952811, 0.000534970313311, 0.000594774493948, 0.000634127703961, 0.000386359693948, 0.00032497572829, 0.000279032450635, 0.000256511353655, 0.000204829048016, 0.00016823207261, 0.000171801424585, 0.000204877811484, 0.000208381461562, 2.07522716664e-05],
        "dvar": [2.16914827433e-06, 5.46074952581e-05, 9.85301085166e-05, 5.53658856006e-06, 1.25964979816e-05, 4.88863452119e-06, 5.05635125592e-06, 3.46445267496e-06, 5.98781070948e-06, 3.93770778828e-06, 6.93665640483e-07, 1.76836113042e-06, 8.24032497349e-07, 6.90120430136e-07, 5.05901368797e-07, 6.25516975106e-07, 4.12673898609e-07, 1.37132985856e-07, 8.8726096692e-08, 9.45726128521e-08, 9.78153522624e-08, 6.24928730986e-08, 8.55378345932e-08, 8.16595573383e-08, 8.12844120901e-08, 7.26266691231e-08, 8.05891409161e-10],
        "dvar2": [4.23917981607e-06, 0.000112090885523, 0.000269986776402, 1.52717930177e-05, 3.31534211e-05, 1.24521993712e-05, 1.23158442875e-05, 8.61026364873e-06, 1.64110188052e-05, 8.63231434778e-06, 1.49485015299e-06, 3.59189357368e-06, 2.0063894226e-06, 1.7553293219e-06, 1.14953525099e-06, 1.40578174523e-06, 1.02392448298e-06, 3.20424334177e-07, 2.14366622231e-07, 2.2104345021e-07, 2.54568732316e-07, 1.62506154311e-07, 1.76964746856e-07, 1.72622208083e-07, 1.67474127011e-07, 1.75467505414e-07, 2.14068607285e-09],
        "max": [0.0119006242603, 0.0740967690945, 0.0660369545221, 0.0203581601381, 0.0382276102901, 0.0251905210316, 0.0432774312794, 0.0254647079855, 0.0390095934272, 0.044156935066, 0.0133481835946, 0.0290223713964, 0.0159743558615, 0.0112546952441, 0.00984877534211, 0.016166832298, 0.0104081481695, 0.00466614123434, 0.00322800548747, 0.00412520812824, 0.00343336933292, 0.00227011973038, 0.00757748959586, 0.00495841028169, 0.00442745815963, 0.00307216751389, 0.0002910203184],
        "mean": [0.000699857017025, 0.0071050892584, 0.00335713499226, 0.00197196309455, 0.00372434593737, 0.00208359747194, 0.00143698672764, 0.000942481390666, 0.000862901390065, 0.00115746981464, 0.000570234667975, 0.000724125013221, 0.000535012513865, 0.000626732828096, 0.000497289642226, 0.000626903260127, 0.000713583896868, 0.000435564608779, 0.000349316513166, 0.000316251709592, 0.000194659456611, 0.00015793601051, 0.000156473688548, 0.00017401711375, 0.000213573934161, 0.000167582547874, 1.10925257104e-05],
        "median": [9.97858223855e-05, 0.0049546873197, 0.00120845716447, 0.00111990235746, 0.00239079259336, 0.00118490774184, 0.000452672480606, 0.000302638160065, 0.000292286917102, 0.000255635095527, 0.00020830212452, 0.000251774064964, 0.000221809314098, 0.000269890937489, 0.000195943372091, 0.00024304035469, 0.000423791672802, 0.000291532924166, 0.000243528163992, 0.000163700548001, 8.81964733708e-05, 7.14576890459e-05, 7.38581366022e-05, 9.41028411034e-05, 0.000108658859972, 6.56503543723e-05, 2.81070197161e-06],
        "min": [1.41248044191e-22, 1.07544233384e-22, 1.25751228273e-23, 3.21638028591e-23, 4.74898335465e-23, 4.29434577558e-23, 1.72260842192e-23, 1.40142181109e-23, 6.02930744373e-23, 7.80374655147e-23, 3.65516617841e-23, 2.18162449456e-23, 1.3744517927e-22, 6.65304524644e-23, 1.44826948346e-22, 1.51221492709e-22, 1.90517469054e-22, 2.48049423038e-22, 2.46297495496e-22, 3.55155024515e-22, 3.78725229108e-22, 4.22884880032e-22, 5.50676509658e-22, 8.26612885137e-22, 1.23839489503e-21, 1.76562004672e-21, 2.65369961044e-21],
        "var": [2.80901076621e-06, 7.1821254096e-05, 6.41012884444e-05, 6.43932071398e-06, 1.64890116139e-05, 6.91258173902e-06, 1.04907458081e-05, 3.90483819501e-06, 4.87807301397e-06, 9.2956224762e-06, 1.49113441239e-06, 3.7310726384e-06, 1.10787368612e-06, 1.16319836252e-06, 8.80682534898e-07, 1.3500401792e-06, 9.24094194943e-07, 2.41958531433e-07, 1.38936883332e-07, 1.87132968676e-07, 9.83546257771e-08, 6.55679315287e-08, 1.29982922203e-07, 1.26399058331e-07, 1.30982627411e-07, 9.12841500167e-08, 6.26279972327e-10]
    },
    "erbbands": {
        "dmean": [0.1724511832, 1.11244750023, 4.52297782898, 4.36347723007, 7.64871931076, 8.13847732544, 8.3840637207, 12.8162899017, 13.2015619278, 12.1322422028, 17.3885707855, 18.1641616821, 18.4071998596, 19.5698413849, 16.119020462, 18.1687870026, 16.7812156677, 18.791967392, 18.609954834, 15.1658067703, 21.2787036896, 19.9604511261, 14.3563737869, 11.4952058792, 9.28920078278, 8.60416603088, 6.25283241272, 6.02179527283, 4.77931118011, 3.91201496124, 3.0545566082, 2.15601015091, 2.0969119072, 1.41287302971, 1.14642739296, 0.551432967186, 0.201838001609, 0.075056090951, 0.00158919300884, 5.01875911141e-05],
        "dmean2": [0.260955303907, 1.87746143341, 8.15623760223, 7.58440065384, 13.1217880249, 13.6510076523, 13.6099500656, 21.2891464233, 20.9121685028, 19.4187755585, 28.8118915558, 30.625535965, 28.0580425262, 28.0099697113, 24.7228317261, 28.2564411163, 26.6264591217, 30.0806598663, 29.3686180115, 23.7746334076, 31.9216022491, 31.3278617859, 22.2907810211, 17.863067627, 14.2862243652, 13.2065534592, 9.99233055115, 10.1136112213, 8.11262798309, 6.12456941605, 4.52997303009, 3.29693245888, 3.20195484161, 2.13888835907, 1.6927716732, 0.831757724285, 0.316066622734, 0.123263321817, 0.0026057548821, 7.69733014749e-05],
        "dvar": [0.093393445015, 3.78824162483, 120.762138367, 53.9240226746, 130.504196167, 172.342529297, 196.69090271, 519.063293457, 981.316101074, 594.038269043, 2223.25244141, 3579.62158203, 3000.67480469, 2515.67211914, 1965.10009766, 2605.91381836, 1805.54736328, 1167.15649414, 1518.10681152, 866.712768555, 1823.57714844, 1034.4588623, 383.674316406, 231.114089966, 226.463409424, 234.908721924, 127.257713318, 184.975189209, 102.522346497, 75.5074081421, 72.2722473145, 39.0418395996, 26.9309387207, 6.99520206451, 7.31578063965, 1.84385919571, 0.140499308705, 0.0393459424376, 1.53860564751e-05, 8.5107672021e-09],
        "dvar2": [0.206211462617, 9.46504974365, 333.583679199, 141.173995972, 360.462615967, 457.762054443, 494.625244141, 1320.75500488, 2299.44360352, 1408.0637207, 5823.88867188, 9793.19238281, 6641.31152344, 4627.91259766, 4442.31005859, 4895.30712891, 4464.94287109, 2891.44677734, 3490.79443359, 2003.65185547, 3916.04443359, 2480.86376953, 874.67401123, 537.098266602, 543.780639648, 562.208007812, 299.760650635, 496.516784668, 272.796875, 174.981140137, 146.664657593, 72.327003479, 60.4276733398, 15.6075143814, 15.6018924713, 3.96843838692, 0.326520442963, 0.102285988629, 3.93876325688e-05, 2.09366195492e-08],
        "max": [2.57318282127, 14.7776613235, 72.9589233398, 67.4914169312, 105.739509583, 161.327835083, 171.502929688, 262.234649658, 545.709106445, 300.127502441, 622.44354248, 978.243652344, 1186.80505371, 975.472412109, 961.474731445, 1492.5534668, 849.00592041, 527.61126709, 561.117004395, 352.683013916, 1074.5916748, 496.442199707, 222.827987671, 170.617767334, 146.639572144, 229.151107788, 167.567398071, 136.821853638, 99.5831451416, 138.347396851, 244.878768921, 163.869613647, 101.41822052, 44.7291946411, 48.5732803345, 27.0702877045, 4.23453092575, 2.86496710777, 0.0515842847526, 0.00128804240376],
        "mean": [0.213861525059, 1.54426169395, 3.98465943336, 5.05603790283, 10.6825828552, 11.879488945, 13.1779336929, 19.5294704437, 20.6918754578, 18.7115707397, 21.7997245789, 21.7965908051, 27.1443653107, 33.4888267517, 28.900177002, 29.6146430969, 25.8057117462, 31.293340683, 29.6389007568, 26.5795154572, 37.1801109314, 37.319606781, 27.0423259735, 20.2001361847, 15.6265077591, 15.1283054352, 9.90603542328, 6.70289325714, 5.69376516342, 5.31660699844, 4.3024392128, 3.40135622025, 3.03916025162, 2.14244890213, 1.6494218111, 0.764351129532, 0.254269242287, 0.0702504813671, 0.00152417039499, 7.7846525528e-05],
        "median": [0.114952288568, 1.04559624195, 1.81790077686, 2.8155207634, 6.21118593216, 6.94094657898, 7.48916244507, 10.1999578476, 7.98629188538, 7.22330951691, 7.39554643631, 7.62615156174, 6.95985031128, 8.30626392365, 8.78207588196, 11.1856737137, 11.2796497345, 14.9898710251, 12.4857978821, 11.6676082611, 17.2211780548, 22.7038345337, 18.741519928, 13.5425043106, 9.735704422, 7.97453117371, 4.69753074646, 2.9190030098, 2.54052782059, 2.46503400803, 1.97037005424, 1.75209856033, 1.55529391766, 1.12472259998, 0.760010719299, 0.323846429586, 0.0996886715293, 0.0170602742583, 0.000401023688028, 4.85696145915e-05],
        "min": [6.19161530992e-21, 1.2679373396e-20, 2.02508095743e-20, 6.57954128756e-20, 1.30585775458e-19, 1.9414444672e-19, 2.14427613274e-19, 3.44866590022e-19, 1.82184461963e-19, 2.67057716455e-19, 4.21680261914e-19, 1.63703282525e-18, 2.61403404471e-18, 1.25738959772e-18, 1.86540022838e-18, 9.53756617067e-19, 6.5788804995e-18, 3.89061671418e-18, 4.340108727e-18, 8.94944902695e-18, 8.75212261028e-18, 1.11738311655e-17, 1.29813026948e-17, 1.06368503273e-17, 1.53649013849e-17, 1.83342895324e-17, 1.59467832411e-17, 1.54001839467e-17, 1.37852370506e-17, 1.62547409288e-17, 1.56765466437e-17, 1.8208936928e-17, 1.28385941868e-17, 1.59446342259e-17, 7.87442442336e-18, 5.27674394615e-18, 3.17120408697e-18, 1.46385139707e-18, 3.63078522171e-19, 4.16832401913e-20],
        "var": [0.112459048629, 3.71373319626, 77.2670288086, 47.3039703369, 163.185195923, 205.17628479, 312.862823486, 714.579467773, 1758.95935059, 1309.20385742, 2147.41967773, 2994.24047852, 5228.24853516, 8097.27929688, 4931.46582031, 6294.81884766, 2349.24853516, 2433.87060547, 2668.01757812, 1714.42211914, 3933.65087891, 2179.34985352, 782.225585938, 430.753295898, 344.31741333, 429.624664307, 196.22013855, 158.84236145, 95.9414138794, 97.8047637939, 105.494621277, 67.8777542114, 36.8606987, 10.7938966751, 10.4343509674, 2.61838531494, 0.187648817897, 0.0316410847008, 1.28556266645e-05, 9.22799348047e-09]
    },
    "gfcc": {
        "mean": [30.5085258484, 71.2989578247, -100.740814209, 32.5114936829, -45.5783538818, 15.530670166, -44.8399658203, 17.0126533508, -30.0602912903, 7.69708204269, -17.2222709656, 6.75255298615, -13.507060051],
        "cov": [[8054.90722656, -385.696044922, -102.516921997, 30.2073040009, -184.535491943, 64.9743423462, -17.2453651428, 81.1385116577, -5.7964887619, 48.5162773132, -156.779495239, 89.9029541016, -49.1108894348], [-385.696044922, 861.569458008, -180.756378174, 114.303672791, 59.8457450867, -52.612701416, 64.3481369019, -44.7831192017, 48.0049057007, -74.2337799072, 71.8720626831, -61.3023490906, 41.3850975037], [-102.516921997, -180.756378174, 443.248077393, 45.2015762329, 23.5687274933, 20.7923812866, -69.4674072266, 14.352481842, -11.1931152344, 30.1743450165, 0.183826118708, 18.9342651367, -16.4983711243], [30.2073040009, 114.303672791, 45.2015762329, 308.708862305, 44.9184417725, -28.1193408966, -12.606880188, -26.7882709503, 42.9444007874, -22.7665023804, 16.0141716003, -4.68360996246, 11.8696012497], [-184.535491943, 59.8457450867, 23.5687274933, 44.9184417725, 163.637374878, 27.7504119873, 38.2509117126, 12.0874843597, 9.89420700073, 7.34296035767, 8.29026985168, 2.24235796928, 8.69376659393], [64.9743423462, -52.612701416, 20.7923812866, -28.1193408966, 27.7504119873, 150.055130005, 92.0424423218, 21.7659225464, -19.2528305054, 4.80451250076, -2.03420829773, -0.962650537491, -0.380534887314], [-17.2453651428, 64.3481369019, -69.4674072266, -12.606880188, 38.2509117126, 92.0424423218, 202.426681519, 14.3394918442, -15.14569664, -12.1885042191, 6.22805213928, 2.59089756012, -0.109098546207], [81.1385116577, -44.7831192017, 14.352481842, -26.7882709503, 12.0874843597, 21.7659225464, 14.3394918442, 91.5452041626, 20.9298095703, 16.5098247528, 7.87297058105, 10.7264575958, 15.73478508], [-5.7964887619, 48.0049057007, -11.1931152344, 42.9444007874, 9.89420700073, -19.2528305054, -15.14569664, 20.9298095703, 101.519630432, 20.120136261, 2.27791070938, -4.76848506927, 8.74566745758], [48.5162773132, -74.2337799072, 30.1743450165, -22.7665023804, 7.34296035767, 4.80451250076, -12.1885042191, 16.5098247528, 20.120136261, 62.4864654541, 9.77406978607, 8.93717575073, -4.68197345734], [-156.779495239, 71.8720626831, 0.183826118708, 16.0141716003, 8.29026985168, -2.03420829773, 6.22805213928, 7.87297058105, 2.27791070938, 9.77406978607, 66.9543991089, 18.1604156494, 11.1547832489], [89.9029541016, -61.3023490906, 18.9342651367, -4.68360996246, 2.24235796928, -0.962650537491, 2.59089756012, 10.7264575958, -4.76848506927, 8.93717575073, 18.1604156494, 54.1706733704, 14.2686624527], [-49.1108894348, 41.3850975037, -16.4983711243, 11.8696012497, 8.69376659393, -0.380534887314, -0.109098546207, 15.73478508, 8.74566745758, -4.68197345734, 11.1547832489, 14.2686624527, 51.5204849243]],
        "icov": [[0.000153139233589, -6.90857559675e-05, 9.74319846136e-05, -0.000154536828632, 0.000217835564399, -0.000165609671967, 9.25522836042e-05, -0.000248019670835, 0.000116229675768, -0.000261142471572, 0.000598525803071, -0.000571108423173, 0.000291356845992], [-6.90857559675e-05, 0.00244707986712, 0.000321003142744, 7.05751954229e-05, -0.000890993571375, 0.00115745747462, -0.000992655637674, 0.00126680009998, -0.00134819000959, 0.00264547904953, -0.00377849861979, 0.00385880353861, -0.00195643538609], [9.74319846136e-05, 0.000321003142744, 0.0030103600584, -0.000860240892507, -0.000390647124732, -0.00116262875963, 0.0015502423048, -0.000702213321347, 0.000744211662095, -0.000857006467413, 0.000203394578421, -0.00107397930697, 0.00132148165721], [-0.000154536828632, 7.05751954229e-05, -0.000860240892507, 0.0044911201112, -0.0013455710141, 0.000727862585336, -0.000253897713264, 0.0020029481966, -0.0025715988595, 0.00269008032046, -0.00192204106133, 0.000963865430094, -0.00106379168574], [0.000217835564399, -0.000890993571375, -0.000390647124732, -0.0013455710141, 0.00761224515736, -0.00113301712554, -0.000900261511561, -0.00118975609075, 0.00048902904382, -0.00242375931703, 0.00180744740646, -0.00154558813665, -8.97247518878e-05], [-0.000165609671967, 0.00115745747462, -0.00116262875963, 0.000727862585336, -0.00113301712554, 0.0112819578499, -0.00553630618379, -0.000739343522582, 0.000991743523628, -8.78174978425e-05, -0.00143403245602, 0.00383991771378, -0.00206833588891], [9.25522836042e-05, -0.000992655637674, 0.0015502423048, -0.000253897713264, -0.000900261511561, -0.00553630618379, 0.00867377314717, -0.00127568177413, 0.000827525160275, 0.000689996115398, 0.000908432586584, -0.00307805184275, 0.00253753410652], [-0.000248019670835, 0.00126680009998, -0.000702213321347, 0.0020029481966, -0.00118975609075, -0.000739343522582, -0.00127568177413, 0.0149750169367, -0.00424207467586, 2.77992457995e-05, -0.00332632893696, 0.00152938335668, -0.00530197378248], [0.000116229675768, -0.00134819000959, 0.000744211662095, -0.0025715988595, 0.00048902904382, 0.000991743523628, 0.000827525160275, -0.00424207467586, 0.0141512611881, -0.00695822993293, 0.00334222032689, 5.05270872964e-06, -0.000512898142915], [-0.000261142471572, 0.00264547904953, -0.000857006467413, 0.00269008032046, -0.00242375931703, -8.78174978425e-05, 0.000689996115398, 2.77992457995e-05, -0.00695822993293, 0.0245622992516, -0.00793266482651, 0.0015293287579, 0.00184040155727], [0.000598525803071, -0.00377849861979, 0.000203394578421, -0.00192204106133, 0.00180744740646, -0.00143403245602, 0.000908432586584, -0.00332632893696, 0.00334222032689, -0.00793266482651, 0.0249855984002, -0.012156018056, 0.00148459151387], [-0.000571108423173, 0.00385880353861, -0.00107397930697, 0.000963865430094, -0.00154558813665, 0.00383991771378, -0.00307805184275, 0.00152938335668, 5.05270872964e-06, 0.0015293287579, -0.012156018056, 0.0307010207325, -0.0101271374151], [0.000291356845992, -0.00195643538609, 0.00132148165721, -0.00106379168574, -8.97247518878e-05, -0.00206833588891, 0.00253753410652, -0.00530197378248, -0.000512898142915, 0.00184040155727, 0.00148459151387, -0.0101271374151, 0.0262894090265]]
    },
    "melbands": {
        "dmean": [0.00132622057572, 0.00204800791107, 0.000856538419612, 0.000570662145037, 0.00029755133437, 0.000273486512015, 0.000201197413844, 0.00013847828086, 0.000144631543662, 0.000112701301987, 9.46260697674e-05, 8.4887513367e-05, 4.80611961393e-05, 5.41663794138e-05, 4.0861479647e-05, 3.92530855606e-05, 3.95107635995e-05, 3.34255200869e-05, 2.44178991124e-05, 2.69591328106e-05, 2.58405980276e-05, 2.42587466346e-05, 1.77211004484e-05, 1.09130596684e-05, 1.00499519249e-05, 7.34647846912e-06, 6.85834584147e-06, 5.77122409595e-06, 4.13292673329e-06, 3.81907011615e-06, 3.46207207258e-06, 2.83383178612e-06, 2.30840851145e-06, 2.23125448429e-06, 1.89934405626e-06, 1.56828878062e-06, 1.30889191041e-06, 1.59524290666e-06, 1.33907576583e-06, 1.20129834613e-06],
        "dmean2": [0.00200640200637, 0.00360656087287, 0.00148298218846, 0.000961390323937, 0.000488216755912, 0.000451721658465, 0.000317150726914, 0.000219531968469, 0.000241900896071, 0.000189386482816, 0.000143617304275, 0.00012244725076, 7.43810815038e-05, 8.58100829646e-05, 6.23621599516e-05, 6.35563119431e-05, 6.40606303932e-05, 5.34648534085e-05, 3.90900931961e-05, 4.27317499998e-05, 3.96729119529e-05, 3.85726962122e-05, 2.77599592664e-05, 1.7196411136e-05, 1.59831306519e-05, 1.16284118121e-05, 1.07730120362e-05, 8.93642209121e-06, 6.55950270811e-06, 6.45700492896e-06, 5.89887713431e-06, 4.87605893795e-06, 3.7089498619e-06, 3.5335958728e-06, 2.92819618153e-06, 2.36749997384e-06, 2.05716264645e-06, 2.448969326e-06, 2.07638299798e-06, 1.84411953796e-06],
        "dvar": [4.4452435759e-06, 2.13797502511e-05, 1.68245480836e-06, 7.98017367742e-07, 2.33468810507e-07, 2.25182176905e-07, 2.28066824093e-07, 7.89951428715e-08, 1.80385299586e-07, 1.30387704189e-07, 8.40669542868e-08, 4.87286868633e-08, 1.46537226797e-08, 2.33035191144e-08, 1.03174331301e-08, 8.40306224603e-09, 5.83271075882e-09, 5.28306509651e-09, 3.30288485451e-09, 3.24883364655e-09, 2.56379273367e-09, 1.80774217817e-09, 7.45647932288e-10, 2.53208315426e-10, 1.73695377526e-10, 1.42704098538e-10, 1.41044884105e-10, 1.03730080081e-10, 5.69899336056e-11, 6.08326583551e-11, 6.41433503534e-11, 3.79943750073e-11, 2.17216730714e-11, 2.91009976533e-11, 2.74104749315e-11, 3.51050889746e-11, 1.10331127914e-11, 1.53647459339e-11, 1.10212967225e-11, 4.29389119747e-12],
        "dvar2": [8.96142591955e-06, 5.8260262449e-05, 4.40660232925e-06, 2.14487158701e-06, 5.8721775531e-07, 5.76294269194e-07, 5.44887541309e-07, 1.85416837439e-07, 4.85014936658e-07, 3.56133170953e-07, 1.84411817372e-07, 9.32395209929e-08, 3.24035624999e-08, 4.83807731655e-08, 2.11795860849e-08, 2.24427694206e-08, 1.44743328434e-08, 1.2733987198e-08, 7.71579600212e-09, 8.11662470568e-09, 5.84642867452e-09, 4.43118164384e-09, 1.78022507846e-09, 6.01112160048e-10, 4.15232292994e-10, 3.48539308526e-10, 3.47143119805e-10, 2.47781462015e-10, 1.31531840974e-10, 1.59725829785e-10, 1.72674791132e-10, 1.02724426188e-10, 5.4873758315e-11, 6.66841859509e-11, 6.25778873165e-11, 5.81880550687e-11, 2.25961332978e-11, 3.37841560283e-11, 2.60759053239e-11, 9.54591267144e-12],
        "max": [0.0221044048667, 0.0300762951374, 0.0104109542444, 0.0105893928558, 0.00589727517217, 0.00563842104748, 0.0090580964461, 0.00365541875362, 0.00732853589579, 0.00597812654451, 0.00644565233961, 0.00391679257154, 0.002297665691, 0.00299674319103, 0.00230899872258, 0.00153903907631, 0.00121683313046, 0.00109985796735, 0.000900560233276, 0.000990467728116, 0.00117632746696, 0.000695743423421, 0.000496806111187, 0.000176267902134, 0.000145088823047, 0.000143181765452, 0.000139524214319, 0.000146314909216, 0.0001064793978, 8.65938418428e-05, 9.43199192989e-05, 6.82206664351e-05, 6.35970500298e-05, 9.66019724729e-05, 0.000121307079098, 0.000189535538084, 6.77177013131e-05, 6.31859948044e-05, 7.97195243649e-05, 2.69737483904e-05],
        "mean": [0.00196314719506, 0.00212412094697, 0.00109204009641, 0.000833226717077, 0.00048560363939, 0.000422513403464, 0.00031780617428, 0.000201920687687, 0.000175686291186, 0.000130866508698, 0.00013531766308, 0.000139905459946, 8.42355584609e-05, 8.71267548064e-05, 6.06131106906e-05, 5.49200522073e-05, 6.02117434028e-05, 4.85150158056e-05, 3.54983349098e-05, 4.39713112428e-05, 4.2614468839e-05, 4.12235276599e-05, 3.10959476337e-05, 1.85300978046e-05, 1.64208940987e-05, 1.13462219815e-05, 1.09302491182e-05, 9.81065113592e-06, 6.64800245431e-06, 4.57173155155e-06, 3.61034585694e-06, 3.15011243401e-06, 3.08876474264e-06, 2.9043237646e-06, 2.5068522973e-06, 2.2763515517e-06, 1.98927136807e-06, 2.21150526158e-06, 1.90637069863e-06, 1.76656135409e-06],
        "median": [0.00135143345688, 0.00122451910283, 0.000650850532111, 0.00053542945534, 0.000287497328827, 0.0002282497735, 0.00012003070151, 7.50472463551e-05, 5.46411720279e-05, 4.45844634669e-05, 3.33580865117e-05, 3.14893768518e-05, 2.7949199648e-05, 2.88259943773e-05, 2.53141715802e-05, 2.29704000958e-05, 2.67596115009e-05, 1.9374603653e-05, 1.31609003802e-05, 1.67333309946e-05, 1.96677647182e-05, 2.43873600994e-05, 2.03443960345e-05, 1.19369460663e-05, 1.08719104901e-05, 7.23588482288e-06, 6.09992548561e-06, 4.91228547617e-06, 2.90106549983e-06, 2.04941125048e-06, 1.38452480769e-06, 1.32124830543e-06, 1.38897962643e-06, 1.3186461274e-06, 1.12408292807e-06, 1.11034967176e-06, 9.86811755865e-07, 1.08479287064e-06, 9.35187017603e-07, 9.31042620778e-07],
        "min": [4.82620999738e-23, 1.2598536219e-23, 1.23838958441e-23, 1.35180940213e-23, 7.14784578524e-24, 7.68518943489e-24, 3.07695708841e-24, 2.79281412352e-24, 3.38819624211e-24, 1.07288735536e-23, 1.33322604801e-23, 5.37573681484e-24, 5.77286596061e-24, 2.87440561251e-24, 5.55073377375e-24, 1.66883887376e-23, 5.69880730439e-24, 5.78542462622e-24, 1.15121879778e-23, 1.12129714587e-23, 9.26731940007e-24, 1.03778209845e-23, 1.5267957903e-23, 1.0003245372e-23, 8.11747101145e-24, 1.0070848385e-23, 1.02498780008e-23, 1.33674436765e-23, 1.10152553057e-23, 7.54533780703e-24, 9.18521554591e-24, 8.31729973393e-24, 7.38092183944e-24, 9.62734131771e-24, 9.03186098594e-24, 8.45979246811e-24, 1.27519712428e-23, 8.96432029295e-24, 9.28572352498e-24, 1.48209688037e-23],
        "var": [6.31619423075e-06, 1.46577267515e-05, 1.70755924955e-06, 9.21607067994e-07, 3.8502301436e-07, 3.14327877504e-07, 4.30440650234e-07, 1.45199848589e-07, 1.59001444899e-07, 1.10498682204e-07, 1.45337779145e-07, 1.50254507503e-07, 3.73491886307e-08, 5.04633419496e-08, 1.95772873468e-08, 9.92864102045e-09, 1.08643867236e-08, 7.85153631e-09, 5.00660357616e-09, 6.95921587024e-09, 5.01519625828e-09, 3.39775785285e-09, 1.39615474737e-09, 4.29112079203e-10, 3.03272407187e-10, 1.88049728567e-10, 2.18339707425e-10, 1.97741115149e-10, 9.71227265278e-11, 5.62107652091e-11, 5.42795530745e-11, 3.30531192694e-11, 2.55311327635e-11, 3.66912090988e-11, 3.28153407225e-11, 5.96757782079e-11, 1.80255914362e-11, 2.1073710485e-11, 1.40322311062e-11, 6.77438140306e-12]
    },
    "mfcc": {
        "mean": [-618.859558105, 109.677024841, 3.77918696404, 24.2510566711, 17.7831287384, 1.88457393646, 3.98744511604, 3.41982483864, -1.31547629833, -0.655747056007, -0.765899062157, 1.78447043896, 0.357087999582],
        "cov": [[5951.47119141, -83.4914627075, -144.360305786, -13.323843956, -131.836700439, 26.2090625763, -65.587638855, 75.2508926392, 88.4048233032, 58.6413154602, -16.3574085236, -47.0107727051, 48.8534126282], [-83.4914627075, 655.165222168, -110.16809845, 47.3046875, 9.1392993927, 0.728460609913, 36.8613395691, 16.6003131866, -9.43267440796, -2.14756512642, 8.2381362915, 11.0467529297, -6.59436988831], [-144.360305786, -110.16809845, 350.669921875, 35.8451499939, 66.3880157471, -7.22054433823, -23.4018154144, -22.3520851135, -18.6989898682, -7.243891716, -4.27778911591, 12.476890564, -5.88513040543], [-13.323843956, 47.3046875, 35.8451499939, 273.661682129, 74.2008056641, 20.626619339, -43.7466125488, 5.6779460907, -10.4513225555, -13.767996788, -0.740319430828, 16.4681434631, 6.83149385452], [-131.836700439, 9.1392993927, 66.3880157471, 74.2008056641, 174.336242676, -15.5226211548, -34.6133041382, -24.3720016479, 5.42825365067, 2.12059640884, -5.81253194809, 12.8151578903, 11.7942094803], [26.2090625763, 0.728460609913, -7.22054433823, 20.626619339, -15.5226211548, 137.707000732, 56.5385780334, 32.7540359497, 15.1521396637, 6.51874351501, 22.6485824585, -11.9863424301, -11.9005813599], [-65.587638855, 36.8613395691, -23.4018154144, -43.7466125488, -34.6133041382, 56.5385780334, 172.333175659, 54.1786308289, 11.0153493881, -3.57963943481, 16.343006134, 1.25379097462, -15.7516222], [75.2508926392, 16.6003131866, -22.3520851135, 5.6779460907, -24.3720016479, 32.7540359497, 54.1786308289, 87.248878479, 28.03490448, 8.6869096756, 4.10002183914, 4.09706640244, 6.01792526245], [88.4048233032, -9.43267440796, -18.6989898682, -10.4513225555, 5.42825365067, 15.1521396637, 11.0153493881, 28.03490448, 75.4300231934, 30.3267822266, 7.05910825729, -5.77185726166, 6.11274051666], [58.6413154602, -2.14756512642, -7.243891716, -13.767996788, 2.12059640884, 6.51874351501, -3.57963943481, 8.6869096756, 30.3267822266, 67.3768615723, 15.6680517197, -4.49726343155, 2.90926837921], [-16.3574085236, 8.2381362915, -4.27778911591, -0.740319430828, -5.81253194809, 22.6485824585, 16.343006134, 4.10002183914, 7.05910825729, 15.6680517197, 59.7509994507, 11.5651865005, -4.28458881378], [-47.0107727051, 11.0467529297, 12.476890564, 16.4681434631, 12.8151578903, -11.9863424301, 1.25379097462, 4.09706640244, -5.77185726166, -4.49726343155, 11.5651865005, 58.7417831421, 20.0484008789], [48.8534126282, -6.59436988831, -5.88513040543, 6.83149385452, 11.7942094803, -11.9005813599, -15.7516222, 6.01792526245, 6.11274051666, 2.90926837921, -4.28458881378, 20.0484008789, 55.3167648315]],
