{
"lowlevel": {
    "average_loudness": 0.976451039314,
    "barkbands_crest": {
        "dmean": 2.51363658905,
        "dmean2": 4.09992980957,
        "dvar": 4.42001914978,
        "dvar2": 11.8484525681,
        "max": 22.2615909576,
        "mean": 8.82726764679,
        "median": 8.32864379883,
        "min": 2.63227462769,
        "var": 9.07091236115
    },
    "barkbands_flatness_db": {
        "dmean": 0.0233912039548,
        "dmean2": 0.0330131202936,
        "dvar": 0.000438506627688,
        "dvar2": 0.000821038149297,
        "max": 0.35712480545,
        "mean": 0.168735578656,
        "median": 0.16396586597,
        "min": 0.0764478072524,
        "var": 0.00169839768205
    },
    "barkbands_kurtosis": {
        "dmean": 3.04615473747,
        "dmean2": 4.72779464722,
        "dvar": 30.8837985992,
        "dvar2": 65.1686553955,
        "max": 86.9307022095,
        "mean": 3.7210791111,
        "median": 2.09170770645,
        "min": -1.68639981747,
        "var": 50.0632781982
    },
    "barkbands_skewness": {
        "dmean": 0.549921631813,
        "dmean2": 0.858808815479,
        "dvar": 0.333940029144,
        "dvar2": 0.770037531853,
        "max": 7.64368152618,
        "mean": 1.60076916218,
        "median": 1.50363063812,
        "min": -0.986440956593,
        "var": 0.81812107563
    },
    "barkbands_spread": {
        "dmean": 4.67867517471,
        "dmean2": 7.03056049347,
        "dvar": 17.5131072998,
        "dvar2": 41.2535552979,
        "max": 52.102684021,
        "mean": 17.8603954315,
        "median": 17.545633316,
        "min": 1.10003328323,
        "var": 51.4477577209
    },
    "dissonance": {
        "dmean": 0.0184188950807,
        "dmean2": 0.0302429646254,
        "dvar": 0.000319382874295,
        "dvar2": 0.000796220789198,
        "max": 0.499999940395,
        "mean": 0.463899672031,
        "median": 0.469847857952,
        "min": 0.304074645042,
        "var": 0.000674257637002
    },
    "dynamic_complexity": 1.2770819664,
    "erbbands_crest": {
        "dmean": 3.09806108475,
        "dmean2": 4.81665182114,
        "dvar": 7.54781150818,
        "dvar2": 17.167257309,
        "max": 29.7195243835,
        "mean": 9.58415603638,
        "median": 8.46987628937,
        "min": 2.95912599564,
        "var": 18.8312129974
    },
    "erbbands_flatness_db": {
        "dmean": 0.0173261184245,
        "dmean2": 0.0240298360586,
        "dvar": 0.000237448140979,
        "dvar2": 0.000427757302532,
        "max": 0.303511768579,
        "mean": 0.186389774084,
        "median": 0.181791350245,
        "min": 0.100846916437,
        "var": 0.00125658384059
    },
    "erbbands_kurtosis": {
        "dmean": 0.865889489651,
        "dmean2": 1.39083862305,
        "dvar": 1.29850840569,
        "dvar2": 3.20416927338,
        "max": 16.8046989441,
        "mean": 0.288320243359,
        "median": -0.121372461319,
        "min": -1.64651465416,
        "var": 2.0234143734
    },
    "erbbands_skewness": {
        "dmean": 0.413921356201,
        "dmean2": 0.637562990189,
        "dvar": 0.149441257119,
        "dvar2": 0.368457555771,
        "max": 3.73467111588,
        "mean": 0.281993836164,
        "median": 0.31685128808,
        "min": -2.64746689796,
        "var": 0.525589168072
    },
    "erbbands_spread": {
        "dmean": 7.40510797501,
        "dmean2": 11.3060684204,
        "dvar": 51.5468978882,
        "dvar2": 118.920524597,
        "max": 109.138313293,
        "mean": 35.556892395,
        "median": 34.3817939758,
        "min": 7.522752285,
        "var": 150.226837158
    },
    "hfc": {
        "dmean": 5.93810558319,
        "dmean2": 8.40234184265,
        "dvar": 40.2804794312,
        "dvar2": 83.5276260376,
        "max": 66.0496826172,
        "mean": 22.2300548553,
        "median": 20.2606868744,
        "min": 0.000433800916653,
        "var": 104.004112244
    },
    "melbands_crest": {
        "dmean": 3.43314290047,
        "dmean2": 5.5514755249,
        "dvar": 7.92454528809,
        "dvar2": 21.4034519196,
        "max": 29.0566444397,
        "mean": 13.2056541443,
        "median": 12.4690752029,
        "min": 4.90579175949,
        "var": 18.5169734955
    },
    "melbands_flatness_db": {
        "dmean": 0.0277667287737,
        "dmean2": 0.0373883023858,
        "dvar": 0.000653676397633,
        "dvar2": 0.00116614706349,
        "max": 0.439789146185,
        "mean": 0.202318951488,
        "median": 0.196969941258,
        "min": 0.0704216808081,
        "var": 0.00292818550952
    },
    "melbands_kurtosis": {
        "dmean": 7.05032396317,
        "dmean2": 11.2282934189,
        "dvar": 263.950805664,
        "dvar2": 625.398742676,
        "max": 338.349700928,
        "mean": 11.0992946625,
        "median": 7.32242965698,
        "min": -1.67778396606,
        "var": 323.295928955
    },
    "melbands_skewness": {
        "dmean": 0.706004619598,
        "dmean2": 1.10473644733,
        "dvar": 0.711265087128,
        "dvar2": 1.67142295837,
        "max": 15.2162132263,
        "mean": 2.49814629555,
        "median": 2.31027698517,
        "min": -0.331213831902,
        "var": 1.4594835043
    },
    "melbands_spread": {
        "dmean": 5.79763364792,
        "dmean2": 9.03556156158,
        "dvar": 29.2212772369,
        "dvar2": 73.2657165527,
        "max": 56.0147171021,
        "mean": 19.016664505,
        "median": 17.8523292542,
        "min": 0.877635002136,
        "var": 78.4996643066
    },
    "pitch_salience": {
        "dmean": 0.0747804418206,
        "dmean2": 0.116766139865,
        "dvar": 0.00380554143339,
        "dvar2": 0.00883086584508,
        "max": 0.819662034512,
        "mean": 0.583475351334,
        "median": 0.59078258276,
        "min": 0.219638332725,
        "var": 0.0104805426672
    },
    "silence_rate_20dB": {
        "dmean": 0,
        "dmean2": 0,
        "dvar": 0,
        "dvar2": 0,
        "max": 1,
        "mean": 1,
        "median": 1,
        "min": 1,
        "var": 0
    },
    "silence_rate_30dB": {
        "dmean": 0,
        "dmean2": 0,
        "dvar": 0,
        "dvar2": 0,
        "max": 1,
        "mean": 1,
        "median": 1,
        "min": 1,
        "var": 0
    },
    "silence_rate_60dB": {
        "dmean": 0.000773993786424,
        "dmean2": 0.00154858687893,
        "dvar": 0.000773391744588,
        "dvar2": 0.00154617498629,
        "max": 1,
        "mean": 0.00967117957771,
        "median": 0,
        "min": 0,
        "var": 0.00957757700235
    },
    "spectral_centroid": {
        "dmean": 197.488998413,
        "dmean2": 298.910186768,
        "dvar": 32576.8925781,
        "dvar2": 77164.296875,
        "max": 2361.60522461,
        "mean": 933.212768555,
        "median": 906.635864258,
        "min": 175.34034729,
        "var": 98028.4140625
    },
    "spectral_complexity": {
        "dmean": 4.28250789642,
        "dmean2": 6.03639173508,
        "dvar": 14.9758291245,
        "dvar2": 25.3274936676,
        "max": 50,
        "mean": 23.7218570709,
        "median": 25,
        "min": 0,
        "var": 57.0850868225
    },
    "spectral_decrease": {
        "dmean": 2.96369750963e-09,
        "dmean2": 4.79880801763e-09,
        "dvar": 1.07019080824e-17,
        "dvar2": 2.7882293068e-17,
        "max": -1.53188619016e-13,
        "mean": -9.45472855562e-09,
        "median": -8.72625172121e-09,
        "min": -3.23941975466e-08,
        "var": 1.8344134636e-17
    },
    "spectral_energy": {
        "dmean": 0.0115714669228,
        "dmean2": 0.0186633411795,
        "dvar": 0.000162722193636,
        "dvar2": 0.000422649405664,
        "max": 0.127031326294,
        "mean": 0.0377006754279,
        "median": 0.0349088460207,
        "min": 6.24806318683e-07,
        "var": 0.000281561631709
    },
    "spectral_energyband_high": {
        "dmean": 0.00028185264091,
        "dmean2": 0.00037647789577,
        "dvar": 1.81230063845e-07,
        "dvar2": 3.26058852806e-07,
        "max": 0.00468008359894,
        "mean": 0.000553338730242,
        "median": 0.000305974768708,
        "min": 4.27176849449e-10,
        "var": 4.1090885361e-07
    },
    "spectral_energyband_low": {
        "dmean": 0.00526983989403,
        "dmean2": 0.00831092800945,
        "dvar": 3.97111944039e-05,
        "dvar2": 9.65140352491e-05,
        "max": 0.0728673562407,
        "mean": 0.0112041654065,
        "median": 0.0082142604515,
        "min": 1.29954941031e-07,
        "var": 9.22551407712e-05
    },
    "spectral_energyband_middle_high": {
        "dmean": 0.00195182068273,
        "dmean2": 0.00296071637422,
        "dvar": 4.3503150664e-06,
        "dvar2": 9.82557685347e-06,
        "max": 0.0297306161374,
        "mean": 0.00623503467068,
        "median": 0.00537280738354,
        "min": 5.29927497439e-08,
        "var": 1.56414334924e-05
    },
    "spectral_energyband_middle_low": {
        "dmean": 0.0100463433191,
        "dmean2": 0.0164521913975,
        "dvar": 0.000132528701215,
        "dvar2": 0.000357189623173,
        "max": 0.099982522428,
        "mean": 0.0238426551223,
        "median": 0.0208575092256,
        "min": 4.5648187097e-07,
        "var": 0.000190767139429
    },
    "spectral_entropy": {
        "dmean": 0.183044523001,
        "dmean2": 0.234350800514,
        "dvar": 0.0321120619774,
        "dvar2": 0.0493473000824,
        "max": 8.26899433136,
        "mean": 7.48866271973,
        "median": 7.53884840012,
        "min": 5.90729999542,
        "var": 0.139000386
    },
    "spectral_flux": {
        "dmean": 0.0277627520263,
        "dmean2": 0.0416262745857,
        "dvar": 0.000796432024799,
        "dvar2": 0.00153544067871,
        "max": 0.293827176094,
        "mean": 0.103579349816,
        "median": 0.094669803977,
        "min": 0.00122461619321,
        "var": 0.00175354711246
    },
    "spectral_kurtosis": {
        "dmean": 2.17891907692,
        "dmean2": 3.5973200798,
        "dvar": 6.56077575684,
        "dvar2": 19.1391544342,
        "max": 32.7015609741,
        "mean": 4.56268692017,
        "median": 3.55795478821,
        "min": 0.121666908264,
        "var": 11.9725389481
    },
    "spectral_rms": {
        "dmean": 0.000889114919119,
        "dmean2": 0.00140945101157,
        "dvar": 7.69549330926e-07,
        "dvar2": 1.97937742996e-06,
        "max": 0.0111325196922,
        "mean": 0.00590692413971,
        "median": 0.00583587260917,
        "min": 2.46894123848e-05,
        "var": 1.88949570656e-06
    },
    "spectral_rolloff": {
        "dmean": 348.990509033,
        "dmean2": 587.824890137,
        "dvar": 124808.804688,
        "dvar2": 292723.03125,
        "max": 3897.50976562,
        "mean": 1080.74816895,
        "median": 1141.25976562,
        "min": 150.732421875,
        "var": 273764.65625
    },
    "spectral_skewness": {
        "dmean": 0.250206291676,
        "dmean2": 0.389366030693,
        "dvar": 0.058922406286,
        "dvar2": 0.154418423772,
        "max": 4.20454835892,
        "mean": 1.6016472578,
        "median": 1.54810416698,
        "min": 0.629759192467,
        "var": 0.142447277904
    },
    "spectral_spread": {
        "dmean": 456796.09375,
        "dmean2": 655734.0625,
        "dvar": 271088566272,
        "dvar2": 548217487360,
        "max": 9504309,
        "mean": 3966592.5,
        "median": 4071747.5,
        "min": 1552029.625,
        "var": 1.28360605286e+12
    },
    "spectral_strongpeak": {
        "dmean": 0.610730648041,
        "dmean2": 1.02263510227,
        "dvar": 0.759829521179,
        "dvar2": 1.82439792156,
        "max": 9.06768321991,
        "mean": 1.06399416924,
        "median": 0.758220374584,
        "min": 0.00245882570744,
        "var": 1.02931010723
    },
    "zerocrossingrate": {
        "dmean": 0.00777017232031,
        "dmean2": 0.00886392127723,
        "dvar": 4.32103443018e-05,
        "dvar2": 5.44788890693e-05,
        "max": 0.11572265625,
        "mean": 0.0460623949766,
        "median": 0.04443359375,
        "min": 0.00634765625,
        "var": 0.000267025025096
    },
    "barkbands": {
        "dmean": [4.43502431153e-05, 0.00206925417297, 0.00246421596967, 0.00404756935313, 0.00398399122059, 0.00292029674165, 0.00228224811144, 0.00112031225581, 0.00131721200887, 0.000519881665241, 0.000189018814126, 0.000326938752551, 0.000919552578125, 0.000702855992131, 0.000345255393768, 0.000360628735507, 0.000169056365849, 0.000133929104777, 6.6033207986e-05, 5.76177153562e-05, 8.27368130558e-05, 6.06643989158e-05, 5.79730440222e-05, 6.42864470137e-05, 2.45602441282e-05, 2.41335005313e-08, 1.75610137543e-09],
        "dmean2": [7.61586343287e-05, 0.00347515335307, 0.00394401792437, 0.00648666964844, 0.00678992690518, 0.00499012181535, 0.00339042046107, 0.00175942422356, 0.00202395836823, 0.000824534217827, 0.000310223520501, 0.000533959653694, 0.0014985910384, 0.0011634795228, 0.000537366606295, 0.00057482777629, 0.000270891032415, 0.000212897197343, 0.0001019950505, 8.71258889674e-05, 0.000124205151224, 8.84171531652e-05, 8.27976618893e-05, 9.1047360911e-05, 3.53140094376e-05, 3.81302847074e-08, 3.24537507979e-09],
        "dvar": [6.14142692257e-09, 6.73732210998e-06, 1.08451249616e-05, 2.92493987217e-05, 2.43956401391e-05, 3.99271848437e-05, 1.23233539853e-05, 6.06106914347e-06, 6.93108222549e-06, 7.00609518844e-07, 8.6200643068e-08, 2.55874681443e-07, 1.65918561379e-06, 1.14587089683e-06, 3.49906571273e-07, 3.64346306014e-07, 9.54936751896e-08, 3.50191555754e-08, 6.80755096738e-09, 6.30080387864e-09, 2.16101128103e-08, 8.58597193343e-09, 7.45087014309e-09, 9.95649163116e-09, 1.65664137963e-09, 1.8008019985e-15, 1.54621927142e-17],
        "dvar2": [1.61668847198e-08, 1.81201248779e-05, 2.73547047982e-05, 7.55297587602e-05, 6.92075918778e-05, 0.000109451073513, 2.90038606181e-05, 1.41507507578e-05, 1.51834019562e-05, 1.6764835209e-06, 2.1648580173e-07, 6.45284558232e-07, 4.19570415033e-06, 2.80240055872e-06, 7.47522449274e-07, 8.43502618864e-07, 2.34483124473e-07, 8.39402005681e-08, 1.59400723732e-08, 1.33414417292e-08, 4.8785693707e-08, 1.68135283474e-08, 1.45962273379e-08, 1.89646396365e-08, 3.29390426046e-09, 4.42379389143e-15, 4.62094622297e-17],
        "max": [0.000889576273039, 0.0289924219251, 0.0397322028875, 0.0545217767358, 0.0541844815016, 0.0625734478235, 0.0352186262608, 0.0447906851768, 0.0573340244591, 0.0119193978608, 0.00605713902041, 0.00958680827171, 0.0246708095074, 0.0198986940086, 0.0140929138288, 0.0111142834648, 0.00584804359823, 0.00477888155729, 0.0014932884369, 0.0014632625971, 0.00170877727214, 0.00101695966441, 0.00118083041161, 0.00106960849371, 0.000583884422667, 8.05630861578e-07, 1.19439818036e-07],
        "mean": [5.13807244715e-05, 0.0031654778868, 0.00390907609835, 0.00620416039601, 0.0064497217536, 0.00356762995943, 0.0038823375944, 0.00153492949903, 0.00207542045973, 0.000771730148699, 0.000275199505268, 0.000536306702998, 0.00151911901776, 0.0011664389167, 0.000621208630037, 0.000626828870736, 0.000316315592499, 0.000278724910459, 0.00013030350965, 0.000116838004033, 0.00012711546151, 0.00011145449389, 0.000110132714326, 0.000113217094622, 3.96037939936e-05, 3.22945723497e-08, 1.37356870322e-09],
        "median": [2.08644851227e-05, 0.00210392731242, 0.00247473828495, 0.0037632221356, 0.00490553956479, 0.00170350749977, 0.00144740263931, 0.000422671611886, 0.000600764178671, 0.000383062695619, 0.000177274720045, 0.000357775308657, 0.00112663873006, 0.000865698442794, 0.000378409575205, 0.000431926979218, 0.000216847562115, 0.000227781638387, 9.9028198747e-05, 7.15963324183e-05, 6.57178024994e-05, 6.06225112278e-05, 5.65674599784e-05, 5.72594726691e-05, 1.81895557034e-05, 1.41581324442e-08, 5.92270732458e-10],
        "min": [4.44126335708e-09, 4.50823867126e-09, 5.14722842127e-08, 9.9182969393e-08, 1.42683845183e-07, 9.49019263174e-09, 5.09718756092e-09, 3.17455928212e-09, 2.10148853874e-09, 1.62728919229e-09, 1.79701298286e-09, 5.54764945093e-09, 5.59936497169e-09, 5.03417219022e-09, 6.43623687679e-09, 2.65322142035e-09, 1.23861265688e-09, 7.76528530366e-09, 4.55574883373e-10, 1.73755579369e-10, 2.2072749184e-10, 6.12067826977e-11, 2.59955026255e-11, 1.76123456097e-11, 1.02084261183e-11, 2.95939488193e-12, 4.62310962082e-12],
        "var": [6.80829082e-09, 1.09051734398e-05, 1.91414364963e-05, 4.81030838273e-05, 3.0755156331e-05, 3.42722487403e-05, 2.94381061394e-05, 1.1357547919e-05, 1.65516721609e-05, 1.40289478168e-06, 1.32479698323e-07, 4.37738009396e-07, 2.96574216918e-06, 1.69064662714e-06, 7.78913090471e-07, 6.65159745949e-07, 1.46292038039e-07, 6.86818140139e-08, 1.38134170768e-08, 1.60738746757e-08, 2.87054380266e-08, 1.84853181651e-08, 1.86548767545e-08, 2.12541397815e-08, 3.23176574391e-09, 2.44034511972e-15, 9.57390338779e-18]
    },
    "erbbands": {
        "dmean": [0.0476245284081, 0.521721661091, 2.04162216187, 9.34384250641, 13.0958938599, 12.8008995056, 22.5186157227, 22.5159282684, 30.4248981476, 22.0616283417, 30.7162761688, 32.5519294739, 14.5469503403, 16.8968906403, 8.78784275055, 14.0524730682, 36.4082450867, 43.8530387878, 18.175655365, 17.2526130676, 18.3900966644, 8.69000244141, 6.92734193802, 4.70013809204, 3.0337600708, 2.65830111504, 3.53932714462, 2.67024445534, 2.19716405869, 2.0826587677, 1.5381449461, 1.42069983482, 1.01220858097, 0.503215074539, 0.0457553192973, 0.00196071201935, 9.21972241485e-05, 1.17994586617e-05, 6.72626538289e-06, 1.31687365865e-05],
        "dmean2": [0.0800742059946, 0.876488089561, 3.30964016914, 14.5774078369, 22.3202114105, 21.776966095, 38.14661026, 38.5833587646, 44.4900169373, 34.4471168518, 47.7477531433, 49.7478752136, 22.5955963135, 27.1150436401, 14.2627801895, 22.9917755127, 59.559135437, 71.9577255249, 29.5235290527, 26.9396114349, 29.3939285278, 13.6640110016, 11.0214653015, 7.31531047821, 4.61990642548, 3.98528718948, 5.34857702255, 3.97550797462, 3.30182862282, 2.99597716331, 2.19999408722, 2.04355978966, 1.44456648827, 0.714537620544, 0.0658420920372, 0.00280112284236, 0.000128228843096, 1.60680592671e-05, 1.01164259831e-05, 2.09188820008e-05],
        "dvar": [0.00425401562825, 0.419233620167, 7.55743789673, 138.261306763, 360.078887939, 273.234863281, 1966.53369141, 2433.01269531, 2002.42724609, 1938.91345215, 4836.52148438, 4353.81445312, 992.865234375, 785.580322266, 170.707427979, 476.631134033, 1996.51879883, 4484.40771484, 611.499938965, 1077.93493652, 1113.80615234, 285.687469482, 93.1090087891, 29.6130123138, 16.8208217621, 13.5985107422, 42.1468353271, 18.0691719055, 11.8543024063, 9.57473373413, 5.27183151245, 4.75649642944, 2.85124969482, 0.694673240185, 0.00605271290988, 1.09375332613e-05, 2.24218013045e-08, 3.28825577878e-10, 5.8817894999e-11, 2.10359285546e-10],
        "dvar2": [0.0114840585738, 1.12368583679, 19.6267814636, 333.538024902, 992.145385742, 758.634460449, 5442.37304688, 6516.69433594, 4392.33740234, 4706.28710938, 11540.4482422, 9663.32128906, 2177.40795898, 1887.98620605, 418.827850342, 1206.37353516, 5200.03125, 10808.1630859, 1461.17260742, 2320.5925293, 2643.80688477, 664.718261719, 227.417709351, 70.5921173096, 39.1736907959, 28.7372341156, 96.1459732056, 38.418674469, 25.1888847351, 18.669128418, 10.0596857071, 9.13667011261, 5.77344942093, 1.39626479149, 0.0128406435251, 2.29225879593e-05, 4.44635936958e-08, 6.1637694948e-10, 1.31984007057e-10, 5.39182754e-10],
        "max": [0.819182872772, 6.80860328674, 31.9448699951, 117.688827515, 199.45880127, 211.744445801, 444.006958008, 431.810760498, 554.269714355, 758.217651367, 1236.5802002, 1758.15454102, 859.178527832, 486.363494873, 324.176330566, 485.268951416, 532.50201416, 1097.90686035, 378.807220459, 807.862854004, 700.136779785, 357.674713135, 257.28012085, 77.3758926392, 78.0152206421, 62.937587738, 70.8613510132, 52.223739624, 42.7848014832, 41.4570617676, 28.2446346283, 24.3574867249, 18.401506424, 12.9140319824, 1.28319323063, 0.0555543154478, 0.00236305594444, 0.000256472849287, 7.22480763216e-05, 0.000144795951201],
        "mean": [0.0654765591025, 0.824421525002, 3.54595088959, 16.130645752, 19.6674098969, 19.5773353577, 29.6063137054, 26.9628715515, 55.2181930542, 34.5096969604, 44.3105888367, 51.5523834229, 23.6752090454, 25.5276451111, 15.7054929733, 25.4218425751, 61.7817459106, 75.3118286133, 36.8727531433, 32.7459259033, 32.9650611877, 17.7843494415, 15.3525209427, 10.3220586777, 6.14388084412, 5.36023712158, 5.24125480652, 4.57797574997, 3.91771101952, 3.90915703773, 2.9528491497, 2.53076577187, 1.6923943758, 0.825245440006, 0.0689690560102, 0.00303245917894, 0.000164499826496, 2.34645594901e-05, 2.32727252296e-05, 4.46017475042e-05],
        "median": [0.0384187027812, 0.558947741985, 2.35560822487, 10.1657209396, 13.7496490479, 13.6776323318, 15.7699460983, 11.6158103943, 23.9866809845, 15.7203903198, 14.6066379547, 15.7738227844, 11.7945795059, 13.4106140137, 11.2884588242, 19.2588481903, 48.5557250977, 54.0158615112, 27.419418335, 21.9085845947, 22.5679187775, 12.1784114838, 12.4223308563, 8.87040710449, 4.48478841782, 3.19004130363, 2.45013284683, 2.52433538437, 2.10067391396, 2.07839632034, 1.52398717403, 1.31743454933, 0.79927355051, 0.386449754238, 0.0285591427237, 0.00129209447186, 8.40131615405e-05, 1.31462702484e-05, 2.08495403058e-05, 4.15448084823e-05],
        "min": [2.04281732863e-07, 1.69855650256e-06, 4.60707415186e-05, 0.000256880128291, 0.000429222505772, 0.0005034848582, 0.000103283593489, 0.000104976519651, 0.000104094498965, 4.92034087074e-05, 9.93172143353e-05, 4.801747491e-05, 4.84250922455e-05, 6.07593610766e-05, 0.000168012324139, 0.00016646986478, 0.000201706061489, 0.000277122016996, 0.00037437924766, 0.000270735908998, 0.000133751978865, 0.000105437276943, 0.00031489614048, 9.58271339186e-05, 1.6467027308e-05, 7.27185351934e-06, 1.11663330244e-05, 5.25907171323e-06, 2.19860635298e-06, 1.30422642997e-06, 6.17310263351e-07, 4.76190763266e-07, 3.11603258751e-07, 1.75577639538e-07, 2.04024601658e-08, 1.05503081826e-08, 7.04779345995e-09, 2.06629691135e-09, 1.25176558008e-09, 9.64438973128e-10],
        "var": [0.0058829956688, 0.709202647209, 13.3884248734, 299.859222412, 422.253204346, 355.020477295, 1922.62866211, 2276.72070312, 5534.96337891, 3416.53735352, 8913.37695312, 9941.28125, 2150.81323242, 1604.36865234, 350.417541504, 748.851257324, 3208.76782227, 7771.75878906, 1423.53747559, 2148.73168945, 1909.21313477, 477.179992676, 184.424057007, 64.2481536865, 33.3619003296, 35.328289032, 54.5570602417, 29.5859680176, 23.35846138, 22.7882080078, 13.62961483, 10.273935318, 5.37648677826, 1.35908460617, 0.0107910204679, 1.99859514396e-05, 4.47261285785e-08, 7.11914693863e-10, 1.16301857034e-10, 3.71272762534e-10]
    },
    "gfcc": {
        "mean": [8.15906906128, 138.611679077, -143.186706543, 49.2047805786, -67.431930542, 23.4584598541, -48.0490379333, -9.00726413727, -9.23250389099, -15.5047540665, 1.07559752464, -24.6907787323, -0.0431874096394],
        "cov": [[1957.94042969, -579.208251953, -35.6438941956, 40.1340522766, -453.669708252, 143.277648926, -151.497528076, 113.395645142, -67.7503662109, 116.810997009, -0.385190784931, 60.4911003113, 11.8034687042], [-579.208251953, 742.626525879, -162.859771729, -113.254981995, 477.843811035, -204.390594482, 202.345046997, -113.044410706, 125.086654663, -121.371421814, 13.2608604431, -40.6052093506, 19.0112113953], [-35.6438941956, -162.859771729, 371.85748291, 91.6489944458, -156.600540161, 96.1129989624, -42.1009521484, 80.1251144409, -40.3554458618, 21.0428791046, -42.475402832, -69.2220153809, -16.9538154602], [40.1340522766, -113.254981995, 91.6489944458, 105.947212219, -27.2884483337, 44.088394165, -23.8450489044, 20.9783191681, -14.4769916534, 18.3583698273, -8.34756755829, -3.07206368446, 3.88482642174], [-453.669708252, 477.843811035, -156.600540161, -27.2884483337, 454.399627686, -91.7788925171, 137.475357056, -84.691734314, 76.8419265747, -80.7700958252, -3.89289474487, -10.7766609192, 20.079372406], [143.277648926, -204.390594482, 96.1129989624, 44.088394165, -91.7788925171, 157.191558838, -12.6402988434, 51.5499038696, -49.1337165833, 20.0794849396, -21.9515762329, -7.52691078186, -7.01793479919], [-151.497528076, 202.345046997, -42.1009521484, -23.8450489044, 137.475357056, -12.6402988434, 153.375976562, -0.642604470253, 19.3976840973, -50.1288261414, -29.5872745514, -33.7407226562, 10.3589258194], [113.395645142, -113.044410706, 80.1251144409, 20.9783191681, -84.691734314, 51.5499038696, -0.642604470253, 97.4313964844, 10.6665763855, 27.5631523132, -22.2487659454, -27.0604114532, -1.88906514645], [-67.7503662109, 125.086654663, -40.3554458618, -14.4769916534, 76.8419265747, -49.1337165833, 19.3976840973, 10.6665763855, 84.7196578979, 7.83243131638, 14.1792039871, -8.32996177673, -1.2596912384], [116.810997009, -121.371421814, 21.0428791046, 18.3583698273, -80.7700958252, 20.0794849396, -50.1288261414, 27.5631523132, 7.83243131638, 79.4657516479, 34.1749954224, 22.4261550903, -3.19752120972], [-0.385190784931, 13.2608604431, -42.475402832, -8.34756755829, -3.89289474487, -21.9515762329, -29.5872745514, -22.2487659454, 14.1792039871, 34.1749954224, 80.2286376953, 53.6196136475, -6.16311216354], [60.4911003113, -40.6052093506, -69.2220153809, -3.07206368446, -10.7766609192, -7.52691078186, -33.7407226562, -27.0604114532, -8.32996177673, 22.4261550903, 53.6196136475, 96.1902770996, 23.6102027893], [11.8034687042, 19.0112113953, -16.9538154602, 3.88482642174, 20.079372406, -7.01793479919, 10.3589258194, -1.88906514645, -1.2596912384, -3.19752120972, -6.16311216354, 23.6102027893, 50.650302887]],
        "icov": [[0.000839741958771, -0.0011129459599, 0.00117436714936, -0.00109337351751, 0.00151880353224, -0.00100011052564, 0.000783083960414, -0.000842760608066, 0.000494383217301, -0.000807887408882, 0.00113880168647, -0.000484539428726, 9.24585037865e-05], [-0.0011129459599, 0.0340977311134, -0.0129688475281, 0.0220278128982, -0.0219777189195, 0.0176210347563, -0.0181511472911, 0.0136698186398, -0.0176446139812, 0.0165130961686, -0.0228789336979, 0.0130469324067, -0.0114551838487], [0.00117436714936, -0.0129688475281, 0.0110300267115, -0.0121593298391, 0.0100204758346, -0.00795360282063, 0.00808386970311, -0.00761523190886, 0.00797094684094, -0.00539683829993, 0.00724501954392, -0.000320165476296, 0.00309527572244], [-0.00109337351751, 0.0220278128982, -0.0121593298391, 0.028338810429, -0.0165087990463, 0.00953682884574, -0.0100567620248, 0.00894602295011, -0.0106643848121, 0.00773840397596, -0.0130729554221, 0.0066667641513, -0.00847536977381], [0.00151880353224, -0.0219777189195, 0.0100204758346, -0.0165087990463, 0.0206360761076, -0.0124692358077, 0.00849189609289, -0.00434080790728, 0.00589081179351, -0.00818310119212, 0.0147433076054, -0.00765465479344, 0.00570041732863], [-0.00100011052564, 0.0176210347563, -0.00795360282063, 0.00953682884574, -0.0124692358077, 0.0212704297155, -0.0105935987085, 0.0011654762784, -0.00167571450584, 0.00628007436171, -0.00963068567216, 0.00384763116017, -0.00228478293866], [0.000783083960414, -0.0181511472911, 0.00808386970311, -0.0100567620248, 0.00849189609289, -0.0105935987085, 0.0218435432762, -0.0115523552522, 0.0105035165325, -0.00431809388101, 0.0108259357512, -0.00299784610979, 0.00307841552421], [-0.000842760608066, 0.0136698186398, -0.00761523190886, 0.00894602295011, -0.00434080790728, 0.0011654762784, -0.0115523552522, 0.0297042001039, -0.0183559879661, 0.000882235646714, -0.0035249562934, 0.0068652597256, -0.00684669101611], [0.000494383217301, -0.0176446139812, 0.00797094684094, -0.0106643848121, 0.00589081179351, -0.00167571450584, 0.0105035165325, -0.0183559879661, 0.0337933376431, -0.0130299879238, 0.00642546964809, -0.00254707946442, 0.00658033741638], [-0.000807887408882, 0.0165130961686, -0.00539683829993, 0.00773840397596, -0.00818310119212, 0.00628007436171, -0.00431809388101, 0.000882235646714, -0.0130299879238, 0.0343366488814, -0.022915866226, 0.00773734133691, -0.00793105177581], [0.00113880168647, -0.0228789336979, 0.00724501954392, -0.0130729554221, 0.0147433076054, -0.00963068567216, 0.0108259357512, -0.0035249562934, 0.00642546964809, -0.022915866226, 0.0486991479993, -0.0280109997839, 0.019921053201], [-0.000484539428726, 0.0130469324067, -0.000320165476296, 0.0066667641513, -0.00765465479344, 0.00384763116017, -0.00299784610979, 0.0068652597256, -0.00254707946442, 0.00773734133691, -0.0280109997839, 0.0350878089666, -0.0203049723059], [9.24585037865e-05, -0.0114551838487, 0.00309527572244, -0.00847536977381, 0.00570041732863, -0.00228478293866, 0.00307841552421, -0.00684669101611, 0.00658033741638, -0.00793105177581, 0.019921053201, -0.0203049723059, 0.0337980054319]]
    },
    "melbands": {
        "dmean": [0.000505274452735, 0.000880204199348, 0.00158334441949, 0.000946060812566, 0.000712542212568, 0.000500623253174, 0.000483491137857, 0.00022121258371, 0.000257855543168, 0.000198392765014, 7.37352529541e-05, 7.38741582609e-05, 2.75823731499e-05, 3.70436828234e-05, 6.19637939963e-05, 9.01718667592e-05, 8.26748728286e-05, 3.29229806084e-05, 2.42400983552e-05, 2.6281346436e-05, 2.13045841519e-05, 1.03825195765e-05, 6.89671242071e-06, 7.47817148294e-06, 3.86265946872e-06, 2.63920537691e-06, 2.23094548346e-06, 1.7833046968e-06, 2.05867149816e-06, 2.57461806541e-06, 1.33340313369e-06, 1.31313197471e-06, 1.16137789519e-06, 1.26075906337e-06, 9.81022594715e-07, 8.41443352328e-07, 9.10307903723e-07, 7.40006612432e-07, 6.36073878013e-07, 3.80116432552e-07],
        "dmean2": [0.000845110858791, 0.00143400637899, 0.00252711609937, 0.00158975424711, 0.00121679902077, 0.000859018706251, 0.000711880507879, 0.000346382614225, 0.000398155301809, 0.000304068089463, 0.000115632581583, 0.000118608215416, 4.50755142083e-05, 6.05447567068e-05, 0.000102346923086, 0.000147460901644, 0.000136508155265, 5.44945214642e-05, 3.7372148654e-05, 4.21273289248e-05, 3.46677297784e-05, 1.66931986314e-05, 1.09696102299e-05, 1.19654778246e-05, 6.10580718785e-06, 4.12697272623e-06, 3.51080007022e-06, 2.72968213721e-06, 3.18835668622e-06, 4.03560625273e-06, 1.99881696972e-06, 2.00168233278e-06, 1.72559668954e-06, 1.85501289707e-06, 1.45900889947e-06, 1.23689426346e-06, 1.32440220568e-06, 1.08649885533e-06, 9.28927761379e-07, 5.50185291104e-07],
        "dvar": [4.29086924214e-07, 1.27258704197e-06, 4.11797827837e-06, 1.43228271554e-06, 1.8587068098e-06, 1.21412153931e-06, 4.98550036809e-07, 1.73122785441e-07, 3.33512105044e-07, 1.74634863015e-07, 2.60438284272e-08, 1.52653623076e-08, 1.69450531384e-09, 3.44141803943e-09, 5.72953284816e-09, 1.73285847893e-08, 1.57357504804e-08, 1.9853394484e-09, 2.1293473651e-09, 1.92936022714e-09, 1.52117318741e-09, 4.81370832084e-10, 1.40331676834e-10, 1.44225686949e-10, 2.07034493716e-11, 1.60904258667e-11, 8.33068683481e-12, 6.37755603536e-12, 1.45616400882e-11, 2.46276003063e-11, 4.0907195166e-12, 4.33845103939e-12, 3.35315065644e-12, 3.66034459687e-12, 2.24390905162e-12, 1.70585941206e-12, 1.97756242805e-12, 1.49313504269e-12, 1.25710488026e-12, 3.96333248338e-13],
        "dvar2": [1.1619633824e-06, 3.33902607963e-06, 1.03845559352e-05, 3.99798818762e-06, 5.15743977303e-06, 3.26433496411e-06, 1.11434894734e-06, 4.21410021545e-07, 7.86400050856e-07, 3.93455167114e-07, 5.84341250942e-08, 3.70104622505e-08, 4.263711606e-09, 8.72623484582e-09, 1.43827403321e-08, 4.36676117488e-08, 3.78340487828e-08, 4.89344564869e-09, 4.52618209579e-09, 4.48128112396e-09, 3.75617092985e-09, 1.13113296507e-09, 3.03741032326e-10, 3.57930185491e-10, 5.0185255257e-11, 3.98216633279e-11, 1.85363183136e-11, 1.39988029849e-11, 3.32635516354e-11, 5.78910842874e-11, 8.7800842985e-12, 9.58234099707e-12, 6.88322315812e-12, 7.79463299461e-12, 4.69909527956e-12, 3.34144582663e-12, 3.97974882216e-12, 3.02091424792e-12, 2.67326221923e-12, 8.23643020106e-13],
        "max": [0.00802110787481, 0.0125112440437, 0.0186816826463, 0.0131526151672, 0.0128243025392, 0.00996926240623, 0.00828664563596, 0.00682879379019, 0.00990226492286, 0.0114465290681, 0.00420414889231, 0.00209225248545, 0.000760189257562, 0.000984878046438, 0.000957404845394, 0.00250060739927, 0.00193519843742, 0.000693399459124, 0.00132415059488, 0.000684802536853, 0.000716313719749, 0.000515725754667, 0.000356168136932, 0.00037938481546, 5.03310038766e-05, 8.19900451461e-05, 4.33621353295e-05, 4.05138889619e-05, 4.74655644211e-05, 6.46159242024e-05, 2.24713094212e-05, 2.69505235337e-05, 2.1809768441e-05, 2.6148480174e-05, 2.01021921384e-05, 1.82207204489e-05, 1.71528226929e-05, 1.30898979478e-05, 1.5153655113e-05, 1.08846106741e-05],
        "mean": [0.000751143263187, 0.00163144455291, 0.0027582894545, 0.00147528690286, 0.000950406538323, 0.00059714569943, 0.000866218237206, 0.00033601175528, 0.000372327194782, 0.000309386261506, 0.000113061076263, 0.000107706327981, 4.47748025181e-05, 5.97285288677e-05, 9.65603030636e-05, 0.000153747503646, 0.000135837035486, 5.84733897995e-05, 4.32913111581e-05, 4.51048217656e-05, 3.57954559149e-05, 1.87613186426e-05, 1.35048794618e-05, 1.43355182445e-05, 7.64175183576e-06, 4.6164491323e-06, 4.31074386142e-06, 3.26926260641e-06, 2.95707400255e-06, 3.59076125278e-06, 2.34155413636e-06, 2.23358142648e-06, 2.02208093469e-06, 2.26819020099e-06, 1.76964533694e-06, 1.50831533574e-06, 1.53254211455e-06, 1.19421952149e-06, 1.0236444723e-06, 5.9154461951e-07],
        "median": [0.000479778769659, 0.00115929055028, 0.0018415034283, 0.0010704305023, 0.000536485400517, 0.000253424252151, 0.000379677920137, 0.000169970822753, 0.000110713452159, 8.93719843589e-05, 5.17092375958e-05, 5.31380756001e-05, 3.13089840347e-05, 3.82685902878e-05, 7.12550827302e-05, 0.000117238465464, 9.50248577283e-05, 4.31651933468e-05, 2.58812233369e-05, 3.06408910546e-05, 2.4415570806e-05, 1.22399414977e-05, 9.62193280429e-06, 1.16508581414e-05, 6.3118432081e-06, 3.11717553814e-06, 2.7296623557e-06, 1.84620398613e-06, 1.31788840463e-06, 1.78440404852e-06, 1.29764168832e-06, 1.16866863209e-06, 1.06966535895e-06, 1.1701152971e-06, 8.73984618011e-07, 7.84361134265e-07, 7.74675129378e-07, 5.51521111447e-07, 4.71221596854e-07, 2.70940859082e-07],
        "min": [1.78415437979e-09, 1.68813407697e-08, 4.72005510233e-08, 3.71925779064e-08, 5.69757174773e-09, 2.17869877694e-09, 1.48502954378e-09, 2.62495608583e-10, 7.13663739216e-10, 2.89321733238e-10, 2.44892134349e-10, 2.24539054017e-10, 4.00309202453e-10, 6.72045752381e-10, 2.65941879629e-10, 5.91554139007e-10, 5.21231169337e-10, 5.81787340526e-10, 5.72429048606e-10, 1.80006801132e-10, 1.44890710541e-10, 6.19708936944e-11, 1.24385904354e-10, 3.99508065518e-10, 3.50038158181e-11, 1.18688990927e-11, 7.92872885402e-12, 4.14776069393e-12, 5.80366527406e-12, 7.38688971103e-12, 1.70681546154e-12, 1.49558945957e-12, 7.69502300421e-13, 6.23944635108e-13, 3.06571499957e-13, 4.26581648694e-13, 2.37102546798e-13, 2.18900174679e-13, 2.44362039284e-13, 9.97469522344e-14],
        "var": [6.64082506319e-07, 2.34636831919e-06, 7.50766776036e-06, 1.92817105926e-06, 1.76839819233e-06, 1.1144011296e-06, 1.33300443395e-06, 2.9516104405e-07, 6.15961312178e-07, 4.06331537306e-07, 5.44137357394e-08, 3.13982368993e-08, 2.95100033298e-09, 5.96994587099e-09, 9.12800679487e-09, 3.08117051873e-08, 2.6905619066e-08, 3.94316179708e-09, 4.59005322639e-09, 3.37608629941e-09, 2.3601840482e-09, 7.0273609154e-10, 2.8072319469e-10, 2.20960222341e-10, 4.12068539013e-11, 2.60187496548e-11, 2.20134084572e-11, 1.41549688637e-11, 1.89397317274e-11, 2.78681452914e-11, 7.54484408977e-12, 7.8698783601e-12, 6.68919346997e-12, 8.07912070577e-12, 5.28306998843e-12, 3.69778947046e-12, 3.95766926176e-12, 2.70814382204e-12, 2.22003708819e-12, 7.3764144749e-13]
    },
    "mfcc": {
        "mean": [-611.700317383, 135.984283447, -0.663853466511, 14.3311777115, 14.0348644257, 11.5839853287, -7.47373914719, -3.6250667572, -6.68547821045, 0.595165550709, 1.70492076874, 0.796370863914, -8.80154323578],
        "cov": [[2068.71313477, -644.454223633, 134.382766724, -204.703536987, -209.405227661, -93.1694869995, -77.7030487061, -66.1912612915, -66.3415985107, -11.1753826141, -12.8695383072, -12.5931396484, 52.2207221985], [-644.454223633, 912.43572998, -486.141845703, 185.207626343, 138.428497314, 69.4374084473, 19.2373161316, 73.6567153931, 71.06224823, -12.6257534027, 7.47596406937, 34.7355499268, -47.6341323853], [134.382766724, -486.141845703, 612.140380859, -85.3030395508, -75.5092391968, -66.7406845093, 19.4683971405, -39.1839942932, -8.68131828308, 65.0470962524, 7.97185659409, -31.114610672, 14.9866018295], [-204.703536987, 185.207626343, -85.3030395508, 131.851119995, 57.4989471436, 21.322385788, 3.24029827118, 12.1525268555, 29.7192268372, 13.3504619598, -10.1745767593, 1.18859958649, -3.12038826942], [-209.405227661, 138.428497314, -75.5092391968, 57.4989471436, 140.293502808, 43.6939048767, -0.224265933037, 12.0561561584, 19.0836601257, 2.98762774467, 2.22858452797, 12.4030389786, 1.54433500767], [-93.1694869995, 69.4374084473, -66.7406845093, 21.322385788, 43.6939048767, 86.5730667114, 45.4165039062, 22.5547904968, 14.1455335617, -23.0984573364, -2.01037335396, 1.2674998045, -17.4640388489], [-77.7030487061, 19.2373161316, 19.4683971405, 3.24029827118, -0.224265933037, 45.4165039062, 92.2373046875, 33.6385307312, 32.4230995178, 1.17774879932, -0.805500864983, -5.23947811127, -24.2062110901], [-66.1912612915, 73.6567153931, -39.1839942932, 12.1525268555, 12.0561561584, 22.5547904968, 33.6385307312, 63.666305542, 33.3326911926, 1.15357410908, -0.396732807159, -4.35721445084, -17.1355037689], [-66.3415985107, 71.06224823, -8.68131828308, 29.7192268372, 19.0836601257, 14.1455335617, 32.4230995178, 33.3326911926, 103.177375793, 40.8797721863, -1.61145865917, -9.3619184494, -38.2312927246], [-11.1753826141, -12.6257534027, 65.0470962524, 13.3504619598, 2.98762774467, -23.0984573364, 1.17774879932, 1.15357410908, 40.8797721863, 90.4365234375, 15.6369047165, -0.428511112928, 0.324625253677], [-12.8695383072, 7.47596406937, 7.97185659409, -10.1745767593, 2.22858452797, -2.01037335396, -0.805500864983, -0.396732807159, -1.61145865917, 15.6369047165, 50.9299850464, 23.6323471069, 5.45343446732], [-12.5931396484, 34.7355499268, -31.114610672, 1.18859958649, 12.4030389786, 1.2674998045, -5.23947811127, -4.35721445084, -9.3619184494, -0.428511112928, 23.6323471069, 49.3195571899, 22.2806549072], [52.2207221985, -47.6341323853, 14.9866018295, -3.12038826942, 1.54433500767, -17.4640388489, -24.2062110901, -17.1355037689, -38.2312927246, 0.324625253677, 5.45343446732, 22.2806549072, 72.6929016113]],
