{
"lowlevel": {
    "average_loudness": 0.980361580849,
    "barkbands_crest": {
        "dmean": 2.74140310287,
        "dmean2": 4.62227964401,
        "dvar": 6.57313537598,
        "dvar2": 17.8458385468,
        "max": 25.4672222137,
        "mean": 8.19355869293,
        "median": 7.3001909256,
        "min": 2.54737782478,
        "var": 12.5715799332
    },
    "barkbands_flatness_db": {
        "dmean": 0.0171571355313,
        "dmean2": 0.0282474663109,
        "dvar": 0.000318876845995,
        "dvar2": 0.000814209808595,
        "max": 0.445719778538,
        "mean": 0.129864990711,
        "median": 0.122383967042,
        "min": 0.0712876021862,
        "var": 0.00143012509216
    },
    "barkbands_kurtosis": {
        "dmean": 1.52595996857,
        "dmean2": 2.53368616104,
        "dvar": 41.7544174194,
        "dvar2": 104.524246216,
        "max": 156.828689575,
        "mean": 0.900402367115,
        "median": 0.0474634170532,
        "min": -1.92444694042,
        "var": 39.5281410217
    },
    "barkbands_skewness": {
        "dmean": 0.437592506409,
        "dmean2": 0.667798280716,
        "dvar": 0.308335661888,
        "dvar2": 0.648372292519,
        "max": 9.07125854492,
        "mean": 0.834184169769,
        "median": 0.759612441063,
        "min": -4.33375930786,
        "var": 0.654111206532
    },
    "barkbands_spread": {
        "dmean": 6.24170255661,
        "dmean2": 9.6896686554,
        "dvar": 58.9731216431,
        "dvar2": 123.313041687,
        "max": 102.996543884,
        "mean": 28.6715488434,
        "median": 26.228597641,
        "min": 0.379906892776,
        "var": 209.044158936
    },
    "dissonance": {
        "dmean": 0.0175978317857,
        "dmean2": 0.0300884731114,
        "dvar": 0.000532845442649,
        "dvar2": 0.00144943722989,
        "max": 0.499754756689,
        "mean": 0.466627776623,
        "median": 0.475908666849,
        "min": 0.170888245106,
        "var": 0.00134164863266
    },
    "dynamic_complexity": 1.78257167339,
    "erbbands_crest": {
        "dmean": 2.62208080292,
        "dmean2": 4.37720489502,
        "dvar": 6.26367616653,
        "dvar2": 17.0461406708,
        "max": 25.3063831329,
        "mean": 8.37470912933,
        "median": 7.34423208237,
        "min": 2.81533622742,
        "var": 14.9248218536
    },
    "erbbands_flatness_db": {
        "dmean": 0.0155600970611,
        "dmean2": 0.0235483143479,
        "dvar": 0.000232633028645,
        "dvar2": 0.000554699799977,
        "max": 0.369284212589,
        "mean": 0.177982538939,
        "median": 0.172809422016,
        "min": 0.093428529799,
        "var": 0.00127154204529
    },
    "erbbands_kurtosis": {
        "dmean": 0.816704154015,
        "dmean2": 1.32472062111,
        "dvar": 2.11158108711,
        "dvar2": 5.71169757843,
        "max": 26.1384849548,
        "mean": 0.174415692687,
        "median": -0.32067656517,
        "min": -1.56624555588,
        "var": 3.18379306793
    },
    "erbbands_skewness": {
        "dmean": 0.366886377335,
        "dmean2": 0.561139762402,
        "dvar": 0.148555994034,
        "dvar2": 0.321706563234,
        "max": 4.31735754013,
        "mean": 0.135624781251,
        "median": 0.141661345959,
        "min": -3.00849437714,
        "var": 0.518488645554
    },
    "erbbands_spread": {
        "dmean": 7.458360672,
        "dmean2": 11.2283306122,
        "dvar": 68.8850860596,
        "dvar2": 177.734313965,
        "max": 107.904502869,
        "mean": 37.5144882202,
        "median": 35.4607849121,
        "min": 4.98317480087,
        "var": 239.156921387
    },
    "hfc": {
        "dmean": 10.7290287018,
        "dmean2": 15.3399543762,
        "dvar": 315.320281982,
        "dvar2": 546.624389648,
        "max": 341.532592773,
        "mean": 37.3393058777,
        "median": 30.9755496979,
        "min": 0.000720609212294,
        "var": 1050.65087891
    },
    "melbands_crest": {
        "dmean": 3.33849596977,
        "dmean2": 5.53604888916,
        "dvar": 9.54200649261,
        "dvar2": 25.3240909576,
        "max": 32.7283477783,
        "mean": 11.220621109,
        "median": 10.3050079346,
        "min": 3.61957478523,
        "var": 19.4197006226
    },
    "melbands_flatness_db": {
        "dmean": 0.0208758562803,
        "dmean2": 0.0329466462135,
        "dvar": 0.000564152549487,
        "dvar2": 0.00124941859394,
        "max": 0.503701329231,
        "mean": 0.135103628039,
        "median": 0.127443403006,
        "min": 0.0442391224205,
        "var": 0.00202604313381
    },
    "melbands_kurtosis": {
        "dmean": 3.28128027916,
        "dmean2": 5.27677249908,
        "dvar": 33.3714790344,
        "dvar2": 79.3381271362,
        "max": 95.5595321655,
        "mean": 5.15314626694,
        "median": 3.15423870087,
        "min": -1.64814007282,
        "var": 51.3362503052
    },
    "melbands_skewness": {
        "dmean": 0.547397494316,
        "dmean2": 0.848640739918,
        "dvar": 0.36937379837,
        "dvar2": 0.869373857975,
        "max": 6.44675540924,
        "mean": 1.76316547394,
        "median": 1.61006557941,
        "min": -1.50929665565,
        "var": 1.04200077057
    },
    "melbands_spread": {
        "dmean": 10.5794153214,
        "dmean2": 15.994102478,
        "dvar": 257.410644531,
        "dvar2": 510.180084229,
        "max": 216.900390625,
        "mean": 36.6925544739,
        "median": 32.0883522034,
        "min": 0.649415969849,
        "var": 618.899536133
    },
    "pitch_salience": {
        "dmean": 0.0693967193365,
        "dmean2": 0.111679539084,
        "dvar": 0.00398153997958,
        "dvar2": 0.00985111948103,
        "max": 0.858880460262,
        "mean": 0.612886309624,
        "median": 0.62478607893,
        "min": 0.217008680105,
        "var": 0.00909085664898
    },
    "silence_rate_20dB": {
        "dmean": 0,
        "dmean2": 0,
        "dvar": 0,
        "dvar2": 0,
        "max": 1,
        "mean": 1,
        "median": 1,
        "min": 1,
        "var": 0
    },
    "silence_rate_30dB": {
        "dmean": 0,
        "dmean2": 0,
        "dvar": 0,
        "dvar2": 0,
        "max": 1,
        "mean": 1,
        "median": 1,
        "min": 1,
        "var": 0
    },
    "silence_rate_60dB": {
        "dmean": 0.0108527131379,
        "dmean2": 0.0217222645879,
        "dvar": 0.0107353338972,
        "dvar2": 0.0243529658765,
        "max": 1,
        "mean": 0.0340821072459,
        "median": 0,
        "min": 0,
        "var": 0.0329205133021
    },
    "spectral_centroid": {
        "dmean": 255.385467529,
        "dmean2": 386.798400879,
        "dvar": 86987.3515625,
        "dvar2": 169293.703125,
        "max": 4881.75244141,
        "mean": 1714.23339844,
        "median": 1677.9519043,
        "min": 231.187896729,
        "var": 293612.125
    },
    "spectral_complexity": {
        "dmean": 4.27751922607,
        "dmean2": 6.44297885895,
        "dvar": 15.6749544144,
        "dvar2": 31.5996799469,
        "max": 56,
        "mean": 29.4415187836,
        "median": 31,
        "min": 0,
        "var": 112.713279724
    },
    "spectral_decrease": {
        "dmean": 2.01478767003e-09,
        "dmean2": 3.28981863973e-09,
        "dvar": 5.00277180111e-18,
        "dvar2": 1.30875366737e-17,
        "max": -1.13013195807e-13,
        "mean": -6.96373536613e-09,
        "median": -6.68317534647e-09,
        "min": -2.39847466332e-08,
        "var": 1.0668331167e-17
    },
    "spectral_energy": {
        "dmean": 0.00820670370013,
        "dmean2": 0.0132835544646,
        "dvar": 8.07453761809e-05,
        "dvar2": 0.000210774116567,
        "max": 0.10380320996,
        "mean": 0.0296695251018,
        "median": 0.0288853645325,
        "min": 4.91897196753e-07,
        "var": 0.000185327822692
    },
    "spectral_energyband_high": {
        "dmean": 0.00090458226623,
        "dmean2": 0.001208915608,
        "dvar": 5.17243370268e-06,
        "dvar2": 7.95194773673e-06,
        "max": 0.0425955578685,
        "mean": 0.00214609713294,
        "median": 0.00103326246608,
        "min": 3.57162832643e-08,
        "var": 1.70922739926e-05
    },
    "spectral_energyband_low": {
        "dmean": 0.00347215821967,
        "dmean2": 0.00585690373555,
        "dvar": 4.75432534586e-05,
        "dvar2": 0.000124930695165,
        "max": 0.0461525544524,
        "mean": 0.00538080837578,
        "median": 0.003375609871,
        "min": 2.3270592564e-08,
        "var": 4.54546316178e-05
    },
    "spectral_energyband_middle_high": {
        "dmean": 0.00308635109104,
        "dmean2": 0.00471907155588,
        "dvar": 1.77512538357e-05,
        "dvar2": 4.8310666898e-05,
        "max": 0.0557622797787,
        "mean": 0.00941604189575,
        "median": 0.00791542977095,
        "min": 3.06638952452e-07,
        "var": 5.20033681823e-05
    },
    "spectral_energyband_middle_low": {
        "dmean": 0.00517350295559,
        "dmean2": 0.00835119653493,
        "dvar": 3.21939369314e-05,
        "dvar2": 8.4478451754e-05,
        "max": 0.0591340623796,
        "mean": 0.0140571286902,
        "median": 0.0121213756502,
        "min": 1.31673161263e-07,
        "var": 7.35697030905e-05
    },
    "spectral_entropy": {
        "dmean": 0.120759181678,
        "dmean2": 0.175000175834,
        "dvar": 0.0259660296142,
        "dvar2": 0.0516709052026,
        "max": 8.59103393555,
        "mean": 7.82519769669,
        "median": 7.8691034317,
        "min": 4.90289449692,
        "var": 0.119295887649
    },
    "spectral_flux": {
        "dmean": 0.0228106174618,
        "dmean2": 0.0343296974897,
        "dvar": 0.000460334616946,
        "dvar2": 0.000938626762945,
        "max": 0.246960788965,
        "mean": 0.0997049584985,
        "median": 0.0965180173516,
        "min": 0.000701353827026,
        "var": 0.00151470361743
    },
    "spectral_kurtosis": {
        "dmean": 1.13876247406,
        "dmean2": 1.94777095318,
        "dvar": 2.74948310852,
        "dvar2": 7.77515792847,
        "max": 33.8557777405,
        "mean": 2.34876203537,
        "median": 1.99086713791,
        "min": -1.27616226673,
        "var": 4.37781953812
    },
    "spectral_rms": {
        "dmean": 0.0007264460437,
        "dmean2": 0.00114798662253,
        "dvar": 5.02990246787e-07,
        "dvar2": 1.2565714087e-06,
        "max": 0.0100633706897,
        "mean": 0.00519774993882,
        "median": 0.00530856335536,
        "min": 2.19066132559e-05,
        "var": 1.92930451703e-06
    },
    "spectral_rolloff": {
        "dmean": 609.541259766,
        "dmean2": 988.5234375,
        "dvar": 1065071.375,
        "dvar2": 1952286,
        "max": 9431.54296875,
        "mean": 2280.36865234,
        "median": 1937.98828125,
        "min": 64.599609375,
        "var": 2861871.75
    },
    "spectral_skewness": {
        "dmean": 0.17514757812,
        "dmean2": 0.281222909689,
        "dvar": 0.0430641621351,
        "dvar2": 0.102414056659,
        "max": 4.44622135162,
        "mean": 1.12358891964,
        "median": 1.10594499111,
        "min": -0.137084871531,
        "var": 0.132208779454
    },
    "spectral_spread": {
        "dmean": 404714.40625,
        "dmean2": 569430.8125,
        "dvar": 477561552896,
        "dvar2": 607164366848,
        "max": 21958168,
        "mean": 4326418,
        "median": 4096858.75,
        "min": 2094863.25,
        "var": 1.46190932378e+12
    },
    "spectral_strongpeak": {
        "dmean": 0.84439855814,
        "dmean2": 1.43363380432,
        "dvar": 1.45950841904,
        "dvar2": 3.85582470894,
        "max": 17.4900608063,
        "mean": 1.42053377628,
        "median": 0.847270011902,
        "min": 0.00168185611255,
        "var": 2.18041300774
    },
    "zerocrossingrate": {
        "dmean": 0.0123186921701,
        "dmean2": 0.0137040736154,
        "dvar": 0.000317255529808,
        "dvar2": 0.000323936808854,
        "max": 0.28857421875,
        "mean": 0.080924578011,
        "median": 0.072265625,
        "min": 0.0107421875,
        "var": 0.00167204532772
    },
    "barkbands": {
        "dmean": [0.000122920726426, 0.00248221028596, 0.000993594177999, 0.0010865010554, 0.00176409247797, 0.000664927414618, 0.00149961712305, 0.000979108270258, 0.00224934797734, 0.000969655869994, 0.000815897481516, 0.000541947607417, 0.000716741022188, 0.000715493923053, 0.000634112744592, 0.000493123428896, 0.000335056247422, 0.000303433538647, 0.000240701512666, 0.00020644570759, 0.00013386500359, 0.000211286154808, 0.000283791858237, 0.000278553023236, 8.27405383461e-05, 6.87257184495e-08, 1.32696333921e-08],
        "dmean2": [0.000205325632123, 0.00427502952516, 0.00170117535163, 0.00183921563439, 0.00284925382584, 0.00102883216459, 0.00236677308567, 0.00159198220354, 0.00346305104904, 0.00151127995923, 0.00133538781665, 0.000829440308735, 0.00120521243662, 0.00117683457211, 0.000976674375124, 0.000800699112006, 0.000524649396539, 0.000478949164972, 0.000388163898606, 0.000326526002027, 0.000209898978937, 0.000320633145748, 0.000401363475248, 0.000360204168828, 0.000120445532957, 1.09530766679e-07, 2.42761171165e-08],
        "dvar": [6.54579181969e-08, 3.8120062527e-05, 2.61033960669e-06, 3.14209182761e-06, 6.38063738734e-06, 1.30603496018e-06, 6.74008697388e-06, 4.03313515562e-06, 1.71269839484e-05, 4.18131139668e-06, 6.99282827554e-06, 1.53785003931e-06, 2.87788020614e-06, 2.43583963311e-06, 1.34807169161e-06, 1.33483058562e-06, 3.12636956323e-07, 2.36933786368e-07, 2.10550581414e-07, 1.18122478909e-07, 3.36015943958e-08, 3.09815447963e-07, 1.0312763834e-06, 8.5829043428e-07, 9.23167604583e-08, 6.45159246122e-14, 5.2436146347e-15],
        "dvar2": [1.63964799071e-07, 0.000102640311525, 7.4754329944e-06, 9.17401212064e-06, 1.57236172527e-05, 3.1898675843e-06, 1.61822263181e-05, 1.05803846964e-05, 4.37610615336e-05, 9.39414439927e-06, 2.10227444768e-05, 3.06450147036e-06, 8.09275115898e-06, 6.52594280837e-06, 3.42602425007e-06, 3.22201276504e-06, 6.56944166622e-07, 5.88121281453e-07, 5.75373576339e-07, 2.76553919321e-07, 7.87912242117e-08, 6.8589855573e-07, 2.03323224923e-06, 1.25983228827e-06, 1.90063886407e-07, 1.59888798707e-13, 1.47276295163e-14],
        "max": [0.00195629079826, 0.0424892306328, 0.0132115622982, 0.0254779141396, 0.0298497080803, 0.0154614960775, 0.0368066951632, 0.0299289170653, 0.0535207092762, 0.0293568279594, 0.0492994487286, 0.0212479177862, 0.0241656973958, 0.0253774151206, 0.0158475097269, 0.0290397498757, 0.0111572509632, 0.00922744348645, 0.00993866473436, 0.00608322583139, 0.00391560932621, 0.0110137583688, 0.0254075881094, 0.0154043585062, 0.00528544886038, 4.05196715292e-06, 9.19860326576e-07],
        "mean": [0.00012031551887, 0.00237876293249, 0.00173586362507, 0.00186335493345, 0.00310177262872, 0.00119530293159, 0.00232504098676, 0.00143738766201, 0.00360853620805, 0.00148333446123, 0.00123929989059, 0.000891062489245, 0.00104627793189, 0.00109266967047, 0.00101734092459, 0.000868668139447, 0.000681514036842, 0.000645946362056, 0.000558130152058, 0.000443224882474, 0.000325088476529, 0.000426486338256, 0.000526275252923, 0.000525409937836, 0.000132383211167, 9.31665411485e-08, 8.71378080802e-09],
        "median": [2.25576786761e-05, 0.000824370305054, 0.00130499212537, 0.00106716994196, 0.00197774986736, 0.000704015197698, 0.00116802135017, 0.00064230884891, 0.00161447271239, 0.000510381243657, 0.000291057425784, 0.000422903278377, 0.000441761600086, 0.000558911880944, 0.000543946865946, 0.000543716771062, 0.000523219932802, 0.000455050059827, 0.00043009466026, 0.000313841272146, 0.000249193253694, 0.000226588206715, 0.000186240897165, 0.000132362853037, 3.61554666597e-05, 2.23759091256e-08, 5.91989790522e-10],
        "min": [3.14574455373e-09, 1.12357039228e-08, 2.44048536935e-09, 7.88194753909e-09, 9.15192757134e-08, 1.12517017925e-08, 2.94842750215e-09, 5.4231801272e-09, 4.8529220642e-09, 7.63306360341e-08, 2.71857913958e-09, 1.51932866288e-08, 4.89404463622e-08, 1.00341068787e-08, 7.36367189447e-09, 3.85479381748e-08, 7.66818342157e-09, 2.95269355632e-08, 4.94851848387e-09, 4.1604653056e-09, 1.06470228189e-08, 1.00544372827e-08, 4.66095739782e-09, 5.53495516087e-09, 2.21792473276e-09, 1.24560006406e-11, 3.69073131432e-12],
        "var": [6.80931648844e-08, 2.82905639324e-05, 3.09961433231e-06, 6.07805259278e-06, 1.12642201202e-05, 2.37531730818e-06, 1.22680803543e-05, 6.0188176576e-06, 3.11917174258e-05, 7.79275887908e-06, 1.13829291877e-05, 3.30580223817e-06, 4.1847497414e-06, 3.05271009893e-06, 2.17444630835e-06, 1.66780534983e-06, 5.94191646996e-07, 4.8098888783e-07, 2.854902732e-07, 2.62962288389e-07, 9.57899004561e-08, 7.06048126631e-07, 2.15855084207e-06, 2.612518756e-06, 1.82229015877e-07, 1.00645200182e-13, 3.29100717964e-15]
    },
    "erbbands": {
        "dmean": [0.0693895667791, 0.572273075581, 1.1289601326, 2.53029322624, 4.88506555557, 6.96650457382, 5.76671981812, 5.6296710968, 16.2132759094, 25.2902641296, 22.5553951263, 45.6768188477, 42.0410232544, 27.8954639435, 26.6555747986, 20.0254402161, 31.0597801208, 34.1077766418, 34.5910568237, 27.3855800629, 24.7804164886, 16.370759964, 16.9889431, 12.1684989929, 12.2038230896, 9.71109867096, 6.45802164078, 5.35859584808, 7.36064004898, 7.45718193054, 8.34057044983, 6.89082098007, 4.19067192078, 1.67009735107, 0.134393498302, 0.00588213605806, 0.000300461280858, 4.34089342889e-05, 1.31476499519e-05, 1.20524964586e-05],
        "dmean2": [0.1167338714, 1.0193117857, 1.9605486393, 4.21267652512, 8.19200611115, 11.4366817474, 9.177110672, 8.74818706512, 25.859172821, 39.3335189819, 35.5625305176, 70.0649642944, 63.7041511536, 43.5725479126, 42.0171852112, 31.3301486969, 51.2185821533, 56.0310821533, 54.0751419067, 44.5459251404, 39.6624031067, 25.0462188721, 26.9060764313, 19.4237136841, 19.4375553131, 15.4095230103, 10.2566690445, 8.24714565277, 10.9953699112, 10.8244905472, 11.7019844055, 8.86361885071, 5.70560598373, 2.40377140045, 0.188467547297, 0.00819078925997, 0.00041855010204, 6.15785538685e-05, 1.88978156075e-05, 1.84264899872e-05],
        "dvar": [0.0289060864598, 2.11031079292, 4.56132936478, 13.9369487762, 62.8066177368, 118.135910034, 91.5481185913, 101.204093933, 1034.39648438, 2044.68395996, 1558.27661133, 7626.16601562, 9840.46191406, 3501.03442383, 4803.18115234, 2235.52148438, 5248.83740234, 4337.64599609, 4054.48217773, 3253.4440918, 2293.734375, 750.614807129, 683.765930176, 802.507141113, 353.924987793, 322.716644287, 76.7727584839, 66.2579574585, 339.554931641, 510.128631592, 768.525756836, 589.188171387, 201.010101318, 37.2764892578, 0.217014238238, 0.000423915626016, 1.04236096377e-06, 1.99951131208e-08, 1.08098341389e-09, 2.33717351028e-10],
        "dvar2": [0.0753211379051, 5.81511592865, 12.8506383896, 39.9141845703, 168.93649292, 306.115692139, 223.143722534, 253.453430176, 2615.90991211, 4774.29052734, 3741.20410156, 19858.4863281, 24419.1953125, 9955.05859375, 13861.7490234, 4856.08984375, 14448.9794922, 11301.6621094, 10223.9853516, 8245.29101562, 5015.81591797, 1457.16223145, 1715.25402832, 2245.21875, 897.045776367, 749.197570801, 178.082794189, 151.497924805, 762.215881348, 951.792114258, 1461.16687012, 991.680541992, 325.703948975, 73.5860137939, 0.406461387873, 0.000796216249, 1.86375018529e-06, 3.54532438962e-08, 1.88661153366e-09, 4.83137196916e-10],
        "max": [1.12057590485, 9.59452438354, 17.6536045074, 58.3619766235, 99.1752319336, 137.755142212, 129.197341919, 147.778564453, 504.469604492, 527.902648926, 423.896484375, 1098.97119141, 1172.46520996, 947.775512695, 1020.85198975, 879.542724609, 996.748474121, 1043.04516602, 740.742614746, 971.773864746, 1017.0269165, 593.145263672, 454.139038086, 698.604309082, 326.150421143, 358.84362793, 155.427490234, 195.005172729, 379.710845947, 369.874786377, 644.210693359, 498.827575684, 198.474746704, 110.900535583, 7.20232582092, 0.325661987066, 0.0156479999423, 0.00182670424692, 0.000448643695563, 0.000237895466853],
        "mean": [0.0682605803013, 0.537162184715, 1.75745940208, 4.98508024216, 7.23779010773, 11.0863685608, 11.1752376556, 9.51144123077, 25.2228507996, 39.5180892944, 38.2282142639, 73.906791687, 66.2099227905, 48.0404014587, 45.0744972229, 36.7109222412, 48.1821975708, 55.4928474426, 58.0487327576, 46.5942306519, 49.6990203857, 37.5540122986, 37.0587234497, 28.7619037628, 28.6036930084, 20.9968357086, 15.3732919693, 12.0234794617, 14.5061483383, 15.3276062012, 15.2261238098, 12.3415412903, 7.80530261993, 2.80418252945, 0.216179311275, 0.00966516602784, 0.000549586548004, 8.40142674861e-05, 3.56431337423e-05, 4.26135266025e-05],
        "median": [0.0160106979311, 0.214572921395, 1.23823916912, 3.11782932281, 4.31458616257, 6.62390565872, 6.12740564346, 5.45688581467, 13.716586113, 16.2655334473, 21.7980995178, 35.7987632751, 21.1809673309, 21.2571849823, 16.3514728546, 19.2452545166, 21.6401042938, 28.8709125519, 33.1747398376, 23.763212204, 35.817817688, 29.9125232697, 27.7117042542, 22.6336269379, 22.4230995178, 14.3960828781, 11.5014753342, 8.79057693481, 7.82790231705, 6.17988634109, 5.41053247452, 3.30469083786, 1.98833405972, 0.74614995718, 0.0595638640225, 0.00267735985108, 0.000167968741152, 2.84467696474e-05, 2.35216975852e-05, 3.82385660487e-05],
        "min": [3.5732256265e-07, 2.46062359111e-06, 1.04416967588e-05, 1.79877970368e-05, 0.000223363836994, 0.00028394558467, 0.00016910204431, 7.02049219399e-05, 5.37513333256e-05, 6.02279651503e-05, 0.000122892073705, 0.000147257786011, 0.00239978404716, 0.0029352158308, 0.00027377778315, 0.000652726273984, 0.00167827482801, 0.00121668330394, 0.000496415304951, 0.000497659435496, 0.00255908467807, 0.000732168846298, 0.00161812978331, 0.00057127076434, 0.000247371848673, 0.000246426207013, 0.000406430073781, 0.000345310545526, 0.000277458020719, 0.000249763776083, 0.000129798558191, 0.000141477168654, 9.64332284639e-05, 4.84343836433e-05, 3.16422119795e-06, 1.63370557971e-07, 1.34193278711e-08, 2.94606361528e-09, 1.04383046651e-09, 7.7096590223e-10],
        "var": [0.0238302573562, 1.44051349163, 4.09398555756, 35.3547897339, 77.2829360962, 180.610916138, 196.37159729, 164.037475586, 1576.44873047, 4114.23388672, 2717.12158203, 12859.1220703, 17791.5644531, 6649.68554688, 8919.28320312, 4757.22021484, 7987.81884766, 6358.75, 6436.80419922, 4571.44091797, 3754.91235352, 1647.75793457, 1351.20983887, 915.468994141, 696.937011719, 665.101013184, 214.919006348, 198.025390625, 775.063110352, 1370.41357422, 1773.98413086, 1475.69555664, 560.382751465, 80.0604400635, 0.45849391818, 0.000906800851226, 2.53259440797e-06, 5.04296622239e-08, 2.94566659953e-09, 7.18886450368e-10]
    },
    "gfcc": {
        "mean": [22.8636932373, 103.198249817, -158.879150391, 56.0418281555, -81.9422302246, 23.6189079285, -42.7988815308, 3.49815988541, -9.70329475403, -17.6289100647, -1.90382671356, -22.8191604614, 0.219183176756],
        "cov": [[3321.67431641, -356.309265137, -56.2726020813, 212.090698242, -73.3753662109, 232.151885986, 27.8900184631, 157.492630005, 43.6437492371, 83.7711639404, -40.5421447754, 0.474306553602, -8.09242534637], [-356.309265137, 670.58984375, -188.789978027, -163.047164917, 161.36126709, -110.419769287, 122.848464966, -26.8522472382, 73.2242279053, -25.1924781799, 57.9409103394, -29.6239318848, 25.2250175476], [-56.2726020813, -188.789978027, 442.493225098, 260.986419678, 6.9860124588, 48.6470069885, -131.903427124, 6.60054826736, -31.4927711487, 48.0676803589, -0.887606084347, 62.3328056335, -0.241536274552], [212.090698242, -163.047164917, 260.986419678, 385.606842041, 81.9522018433, 21.8658390045, -94.984703064, 40.578956604, 17.9553833008, 42.3465957642, -34.4619064331, 49.3896026611, 29.4149074554], [-73.3753662109, 161.36126709, 6.9860124588, 81.9522018433, 163.739196777, 17.8496799469, 21.7367591858, 20.1905136108, 32.3555335999, 9.54943561554, 5.1197013855, 12.9741306305, 37.5385856628], [232.151885986, -110.419769287, 48.6470069885, 21.8658390045, 17.8496799469, 176.905807495, 62.1280708313, 20.616186142, -25.9763965607, 20.5311317444, 17.6044883728, 25.107755661, 6.73812246323], [27.8900184631, 122.848464966, -131.903427124, -94.984703064, 21.7367591858, 62.1280708313, 179.696517944, 39.229183197, 21.3545856476, -21.677980423, 24.4636573792, -13.4110765457, 3.61578130722], [157.492630005, -26.8522472382, 6.60054826736, 40.578956604, 20.1905136108, 20.616186142, 39.229183197, 129.589553833, 46.4207992554, 16.6150951385, -15.14955616, -4.04975414276, 19.920255661], [43.6437492371, 73.2242279053, -31.4927711487, 17.9553833008, 32.3555335999, -25.9763965607, 21.3545856476, 46.4207992554, 106.057319641, 29.3184566498, 1.1917399168, -9.04391288757, 6.19174432755], [83.7711639404, -25.1924781799, 48.0676803589, 42.3465957642, 9.54943561554, 20.5311317444, -21.677980423, 16.6150951385, 29.3184566498, 84.7005233765, 37.790397644, 13.2235393524, -2.61817359924], [-40.5421447754, 57.9409103394, -0.887606084347, -34.4619064331, 5.1197013855, 17.6044883728, 24.4636573792, -15.14955616, 1.1917399168, 37.790397644, 95.4041671753, 25.4358463287, -19.2213439941], [0.474306553602, -29.6239318848, 62.3328056335, 49.3896026611, 12.9741306305, 25.107755661, -13.4110765457, -4.04975414276, -9.04391288757, 13.2235393524, 25.4358463287, 60.4625549316, 23.0476722717], [-8.09242534637, 25.2250175476, -0.241536274552, 29.4149074554, 37.5385856628, 6.73812246323, 3.61578130722, 19.920255661, 6.19174432755, -2.61817359924, -19.2213439941, 23.0476722717, 66.0264358521]],
        "icov": [[0.000458494876511, -0.000338479032507, 0.000701411860064, -0.000773683423176, 0.0009573934949, -0.00117803341709, 0.00063444650732, -0.00056132953614, -5.78464496357e-05, -0.000158936731168, 0.000178050308023, -3.99346063205e-05, 0.000308162532747], [-0.000338479032507, 0.00593618303537, -0.00202690786682, 0.00354016176425, -0.00737156160176, 0.00613939715549, -0.00467352103442, 0.00278448872268, -0.00147381098941, 0.000424390513217, -0.00271141761914, 0.00197079149075, -0.00223583937623], [0.000701411860064, -0.00202690786682, 0.00682987552136, -0.00477504776791, 0.00393719086424, -0.00481099775061, 0.00492864986882, -0.00234009511769, 0.00130119326059, -0.000423450459493, 0.00039682132774, -0.00296334619634, 0.00271235895343], [-0.000773683423176, 0.00354016176425, -0.00477504776791, 0.00924045592546, -0.00817312672734, 0.0051212310791, -0.0025151274167, 0.00104918761645, -0.00113781134132, -0.00155256781727, 0.00245699682273, -0.00262502836995, 4.0587001422e-05], [0.0009573934949, -0.00737156160176, 0.00393719086424, -0.00817312672734, 0.0191574636847, -0.0097388215363, 0.00558221666142, -0.00282648974098, -0.000926409906242, 0.0011864801636, -0.000487127312226, 0.000972252746578, -0.00310895382427], [-0.00117803341709, 0.00613939715549, -0.00481099775061, 0.0051212310791, -0.0097388215363, 0.0178193580359, -0.0117102609947, 0.00308190402575, 0.00348178250715, -0.00480127288029, 0.000562149041798, -0.00221475143917, -0.00093930325238], [0.00063444650732, -0.00467352103442, 0.00492864986882, -0.0025151274167, 0.00558221666142, -0.0117102609947, 0.0174261927605, -0.0060764355585, -0.00229630805552, 0.00678408844396, -0.00427530379966, 0.00154333654791, 0.00060310261324], [-0.00056132953614, 0.00278448872268, -0.00234009511769, 0.00104918761645, -0.00282648974098, 0.00308190402575, -0.0060764355585, 0.0132683226839, -0.00455757649615, -0.00175086583477, 0.000785706739407, 0.00283566163853, -0.00438956264406], [-5.78464496357e-05, -0.00147381098941, 0.00130119326059, -0.00113781134132, -0.000926409906242, 0.00348178250715, -0.00229630805552, -0.00455757649615, 0.0165620781481, -0.00801660493016, 0.00355765549466, -0.001369551057, 0.00238251592964], [-0.000158936731168, 0.000424390513217, -0.000423450459493, -0.00155256781727, 0.0011864801636, -0.00480127288029, 0.00678408844396, -0.00175086583477, -0.00801660493016, 0.0241579227149, -0.013921212405, 0.00591092836112, -0.00392563268542], [0.000178050308023, -0.00271141761914, 0.00039682132774, 0.00245699682273, -0.000487127312226, 0.000562149041798, -0.00427530379966, 0.000785706739407, 0.00355765549466, -0.013921212405, 0.0271210335195, -0.0176994595677, 0.0133692370728], [-3.99346063205e-05, 0.00197079149075, -0.00296334619634, -0.00262502836995, 0.000972252746578, -0.00221475143917, 0.00154333654791, 0.00283566163853, -0.001369551057, 0.00591092836112, -0.0176994595677, 0.0369713865221, -0.0185612682253], [0.000308162532747, -0.00223583937623, 0.00271235895343, 4.0587001422e-05, -0.00310895382427, -0.00093930325238, 0.00060310261324, -0.00438956264406, 0.00238251592964, -0.00392563268542, 0.0133692370728, -0.0185612682253, 0.0291760154068]]
    },
    "melbands": {
        "dmean": [0.000653404742479, 0.000644509971607, 0.000466112251161, 0.000425147736678, 0.000220350222662, 0.000128031635541, 0.000264871370746, 0.000268901203526, 0.000218719957047, 0.000297968130326, 0.000212772662053, 0.000116884591989, 0.000110434702947, 5.20076355315e-05, 7.81954295235e-05, 6.69598084642e-05, 6.66442283546e-05, 6.15567041677e-05, 4.18053787143e-05, 3.42424500559e-05, 3.07129957946e-05, 1.94457043108e-05, 1.90207538253e-05, 1.61649695656e-05, 1.03127185866e-05, 9.9589005913e-06, 8.53220990393e-06, 6.67251561026e-06, 4.77059211335e-06, 3.44279737874e-06, 3.52862389263e-06, 4.37117842012e-06, 4.53615302831e-06, 4.43223916591e-06, 4.89626108902e-06, 5.11027928951e-06, 4.21492632086e-06, 3.37686697094e-06, 2.30634600484e-06, 1.17499985208e-06],
        "dmean2": [0.00110722274985, 0.00112795317546, 0.000783301016781, 0.000704995065462, 0.000352703325916, 0.000199567861273, 0.000423531222623, 0.000423750461778, 0.000342300860211, 0.000458120572148, 0.000321747997077, 0.000182844523806, 0.000176200846909, 7.8711011156e-05, 0.000129433741677, 0.000110674853204, 0.000109789165435, 9.90857297438e-05, 6.49396533845e-05, 5.56354607397e-05, 4.939763312e-05, 3.01879117615e-05, 3.11770672852e-05, 2.57985830103e-05, 1.6622720068e-05, 1.62606320373e-05, 1.40047159221e-05, 1.06198067442e-05, 7.67441088101e-06, 5.58329838896e-06, 5.56494205739e-06, 6.71324914947e-06, 6.9792222348e-06, 6.50146739645e-06, 7.17851298759e-06, 7.317960808e-06, 5.56224040338e-06, 4.85464170197e-06, 3.31669252773e-06, 1.71291230799e-06],
        "dvar": [2.61365607912e-06, 1.86602801477e-06, 4.43006911155e-07, 4.00850353799e-07, 1.14742370272e-07, 4.99890440153e-08, 2.52473483897e-07, 2.28949318171e-07, 1.52559451294e-07, 3.00306879808e-07, 2.42001135575e-07, 5.96321143576e-08, 1.13335772767e-07, 1.0394532346e-08, 3.82100466823e-08, 2.79546323867e-08, 1.90525106802e-08, 1.55731125773e-08, 7.44333306102e-09, 9.44834877004e-09, 2.72637534771e-09, 1.39533606891e-09, 7.89308063354e-10, 7.57756357661e-10, 6.297027344e-10, 2.35082647793e-10, 1.64913943612e-10, 2.03840833102e-10, 3.91149682089e-11, 2.4323138989e-11, 3.27520059684e-11, 1.1252791754e-10, 1.59935231725e-10, 1.92646509856e-10, 2.50263448853e-10, 4.97906438301e-10, 2.05997954805e-10, 1.29746310917e-10, 6.32884161744e-11, 2.09910179516e-11],
        "dvar2": [6.92971980243e-06, 5.1561141845e-06, 1.29239526814e-06, 1.00066552022e-06, 2.83195959128e-07, 1.24356972719e-07, 6.34546040601e-07, 5.5867900528e-07, 3.57240821813e-07, 7.73194983594e-07, 5.96773816142e-07, 1.61829234457e-07, 3.37957487773e-07, 2.03792804854e-08, 1.02077358122e-07, 7.69615269292e-08, 5.00493193556e-08, 3.99291444353e-08, 1.88148767677e-08, 2.41906743526e-08, 5.98580873756e-09, 2.78314016278e-09, 2.14276196786e-09, 1.91191706911e-09, 1.79726367122e-09, 5.87631776572e-10, 4.18083428988e-10, 4.77954120726e-10, 9.28952470503e-11, 6.1484983771e-11, 7.96537558134e-11, 2.67216970773e-10, 3.35740657498e-10, 3.80225489982e-10, 5.07572150976e-10, 1.11298359418e-09, 3.35048599975e-10, 2.31408545104e-10, 1.18614784661e-10, 4.45947376249e-11],
        "max": [0.011282064952, 0.00960552599281, 0.00949912052602, 0.00834202673286, 0.0039498177357, 0.00316873937845, 0.00812544487417, 0.00615530228242, 0.0056572011672, 0.00635353242978, 0.00565594015643, 0.00349612440914, 0.00577803980559, 0.00172946439125, 0.00327795743942, 0.00315583869815, 0.0020600783173, 0.00177359615918, 0.00130982359406, 0.00246262014844, 0.000754251901526, 0.000836110208184, 0.00040582488873, 0.00048806227278, 0.000610291608609, 0.000227058131713, 0.000183618132723, 0.000333975011017, 9.25618733163e-05, 9.78707175818e-05, 0.000133925292175, 0.000216870714212, 0.000206699303817, 0.000231236830587, 0.000286010355921, 0.000596458208747, 0.000282896158751, 0.000150924490299, 0.000118009767903, 8.76712510944e-05],
        "mean": [0.000635399017483, 0.000865258858539, 0.000887892325409, 0.00068225938594, 0.000417327217292, 0.000215372609091, 0.000414874288253, 0.000413271598518, 0.000352569943061, 0.000479774025735, 0.000324319320498, 0.000191135157365, 0.00017425531405, 8.95083358046e-05, 0.000115451992315, 0.000101761135738, 0.000100701239717, 9.50375906541e-05, 6.68659922667e-05, 5.62455534237e-05, 5.85656162002e-05, 3.87356521969e-05, 3.58500947186e-05, 3.18883248838e-05, 2.17940960283e-05, 2.17481938307e-05, 1.78667614819e-05, 1.2977931874e-05, 1.02200338006e-05, 7.63905973145e-06, 6.74938610246e-06, 7.97176016931e-06, 8.78338323673e-06, 8.34917682369e-06, 8.65349102241e-06, 8.46435341373e-06, 7.34011746317e-06, 5.95878464082e-06, 3.8978014345e-06, 1.84351176813e-06],
        "median": [0.000188654536032, 0.000548266922124, 0.000617403187789, 0.000424899393693, 0.000252823228948, 0.000126491271658, 0.000228376884479, 0.00017418115749, 0.000192271210835, 0.00021920769359, 8.99592705537e-05, 7.66902594478e-05, 5.0033282605e-05, 4.32741908298e-05, 4.86255485157e-05, 4.35995571024e-05, 5.01723043271e-05, 4.93937150168e-05, 3.45840053342e-05, 2.77960989479e-05, 4.21641307184e-05, 2.85315381916e-05, 2.61184704868e-05, 2.16636635741e-05, 1.68376991496e-05, 1.60867039085e-05, 1.32040513563e-05, 7.78202047513e-06, 7.33718025003e-06, 5.77954187975e-06, 4.56101952295e-06, 4.3430295591e-06, 3.89991737393e-06, 3.1673673675e-06, 3.04203240376e-06, 2.79407390735e-06, 1.77637002707e-06, 1.46767024489e-06, 1.01419027487e-06, 4.76482881595e-07],
        "min": [3.23807358704e-09, 4.79314055113e-09, 8.09556333081e-09, 2.13165236573e-08, 6.79863587649e-09, 1.62967506157e-09, 7.88878629088e-10, 8.62268145774e-10, 1.00544439441e-09, 6.25887064398e-10, 1.41073730475e-08, 1.48269947431e-08, 4.10271927542e-10, 1.74458092417e-09, 1.06520936516e-09, 5.98581895161e-09, 1.66028002457e-09, 8.36044955488e-10, 5.89506277127e-10, 1.1328963323e-09, 3.14825565617e-09, 5.45213318937e-10, 1.01300889899e-09, 1.4712883134e-09, 3.56085355646e-10, 2.157678064e-10, 1.42103953604e-10, 1.42898359812e-10, 2.23612239836e-10, 3.02884467507e-10, 1.77576689464e-10, 1.66182262396e-10, 1.79816703194e-10, 9.61470278393e-11, 4.09560788062e-11, 1.49301210284e-10, 6.02740080069e-11, 6.8070507564e-11, 6.90035042994e-11, 3.03329271423e-11],
        "var": [2.03983381653e-06, 1.45388105466e-06, 8.77500895058e-07, 6.34615958006e-07, 2.29517070238e-07, 8.38100149281e-08, 3.92475101307e-07, 4.15070587678e-07, 2.62175319676e-07, 5.35189883522e-07, 4.45208229394e-07, 1.13518453304e-07, 1.94421247102e-07, 2.48134952585e-08, 6.16410034127e-08, 4.18848600248e-08, 2.46150797523e-08, 2.14636433071e-08, 1.10794635688e-08, 9.88962689519e-09, 4.7552486393e-09, 2.59150167992e-09, 1.20411580706e-09, 1.44912548627e-09, 6.19697682058e-10, 4.24555612888e-10, 3.15862447309e-10, 3.72612440902e-10, 1.0689685942e-10, 5.5124710352e-11, 8.10743000512e-11, 2.24491453205e-10, 3.82040787894e-10, 4.71880090558e-10, 5.88721738026e-10, 7.3365935549e-10, 5.62757174194e-10, 3.31995736458e-10, 1.50196896587e-10, 3.77407098628e-11]
    },
    "mfcc": {
        "mean": [-588.874816895, 96.6449432373, -6.76695871353, 15.1542758942, 0.690998911858, 1.47691464424, -6.62540769577, 5.03527784348, -3.23977136612, 5.65945196152, -1.35522210598, -1.684060812, -5.96046590805],
        "cov": [[3554.77124023, -407.661346436, -9.38570022583, 12.1357030869, -2.01120972633, 76.7864151001, 45.7326316833, 86.5109100342, 153.550430298, 116.243606567, 23.3927497864, 113.206756592, 77.1964111328], [-407.661346436, 723.59576416, -313.96194458, -71.1612091064, -70.0860366821, -36.4849014282, 24.5302391052, 13.3774147034, -10.8737640381, 19.1933021545, 45.6385879517, -12.9395122528, -10.1594552994], [-9.38570022583, -313.96194458, 439.562561035, 134.50541687, 135.972473145, 44.6337966919, -13.7256603241, -31.3764286041, -20.5571861267, -52.043094635, -15.1728668213, 35.3428268433, 39.5845489502], [12.1357030869, -71.1612091064, 134.50541687, 314.237579346, 174.236968994, 1.5554407835, -55.6677093506, -16.1378822327, 67.9571838379, -24.2848339081, -13.8770427704, 26.1283740997, 32.3750038147], [-2.01120972633, -70.0860366821, 135.972473145, 174.236968994, 219.108428955, 38.0918617249, -25.6059474945, -22.910774231, 46.6701316833, -21.4542636871, -13.3262653351, 22.3540477753, 27.1843833923], [76.7864151001, -36.4849014282, 44.6337966919, 1.5554407835, 38.0918617249, 134.405426025, 53.1170768738, 12.3537912369, -5.7609205246, -9.97589111328, 2.93276143074, 10.9942846298, 8.21081542969], [45.7326316833, 24.5302391052, -13.7256603241, -55.6677093506, -25.6059474945, 53.1170768738, 136.902374268, 53.6414794922, -1.47773683071, 9.91061306, 6.02809906006, 10.1940450668, 3.24238395691], [86.5109100342, 13.3774147034, -31.3764286041, -16.1378822327, -22.910774231, 12.3537912369, 53.6414794922, 102.619842529, 42.1617393494, 27.850736618, 2.02169013023, -7.02257537842, 1.31413698196], [153.550430298, -10.8737640381, -20.5571861267, 67.9571838379, 46.6701316833, -5.7609205246, -1.47773683071, 42.1617393494, 145.889053345, 37.2722358704, -11.8551177979, 0.757445037365, 1.91240406036], [116.243606567, 19.1933021545, -52.043094635, -24.2848339081, -21.4542636871, -9.97589111328, 9.91061306, 27.850736618, 37.2722358704, 96.4463882446, 32.6957893372, 4.388235569, -4.01941156387], [23.3927497864, 45.6385879517, -15.1728668213, -13.8770427704, -13.3262653351, 2.93276143074, 6.02809906006, 2.02169013023, -11.8551177979, 32.6957893372, 74.0291061401, 31.6005878448, 10.7435464859], [113.206756592, -12.9395122528, 35.3428268433, 26.1283740997, 22.3540477753, 10.9942846298, 10.1940450668, -7.02257537842, 0.757445037365, 4.388235569, 31.6005878448, 81.1517944336, 44.6205863953], [77.1964111328, -10.1594552994, 39.5845489502, 32.3750038147, 27.1843833923, 8.21081542969, 3.24238395691, 1.31413698196, 1.91240406036, -4.01941156387, 10.7435464859, 44.6205863953, 71.3666000366]],
