{
"lowlevel": {
    "average_loudness": 0.946762144566,
    "barkbands_crest": {
        "dmean": 2.64685797691,
        "dmean2": 4.36156511307,
        "dvar": 6.47345972061,
        "dvar2": 16.3805046082,
        "max": 24.09025383,
        "mean": 8.67245769501,
        "median": 7.69931459427,
        "min": 2.25144457817,
        "var": 15.0655326843
    },
    "barkbands_flatness_db": {
        "dmean": 0.0232655201107,
        "dmean2": 0.0359246507287,
        "dvar": 0.000655434560031,
        "dvar2": 0.00165507721249,
        "max": 0.299180299044,
        "mean": 0.0950618460774,
        "median": 0.0900940746069,
        "min": 0.0184428151697,
        "var": 0.00170690868981
    },
    "barkbands_kurtosis": {
        "dmean": 3.55539464951,
        "dmean2": 5.98103761673,
        "dvar": 85.2910995483,
        "dvar2": 227.050201416,
        "max": 95.3242797852,
        "mean": 3.47698020935,
        "median": 1.19999456406,
        "min": -1.79697203636,
        "var": 82.633026123
    },
    "barkbands_skewness": {
        "dmean": 0.595090389252,
        "dmean2": 0.935697853565,
        "dvar": 0.814346730709,
        "dvar2": 1.9674448967,
        "max": 8.1709728241,
        "mean": 1.37769806385,
        "median": 1.15734672546,
        "min": -1.75526607037,
        "var": 1.36725401878
    },
    "barkbands_spread": {
        "dmean": 7.22136974335,
        "dmean2": 10.6670427322,
        "dvar": 63.6591720581,
        "dvar2": 138.597106934,
        "max": 91.9897232056,
        "mean": 26.186624527,
        "median": 22.7079677582,
        "min": 1.47972381115,
        "var": 210.953063965
    },
    "dissonance": {
        "dmean": 0.0201547499746,
        "dmean2": 0.0331612788141,
        "dvar": 0.00035079929512,
        "dvar2": 0.000916041317396,
        "max": 0.499949097633,
        "mean": 0.460985511541,
        "median": 0.466734707355,
        "min": 0.296595662832,
        "var": 0.000739943934605
    },
    "dynamic_complexity": 3.43092370033,
    "erbbands_crest": {
        "dmean": 2.67659544945,
        "dmean2": 4.33815574646,
        "dvar": 6.31986141205,
        "dvar2": 15.5823774338,
        "max": 25.6247615814,
        "mean": 8.44832229614,
        "median": 7.55875730515,
        "min": 2.55474066734,
        "var": 14.9460191727
    },
    "erbbands_flatness_db": {
        "dmean": 0.0175661705434,
        "dmean2": 0.0238298811018,
        "dvar": 0.000257542007603,
        "dvar2": 0.000438216258772,
        "max": 0.274446129799,
        "mean": 0.129885330796,
        "median": 0.125662401319,
        "min": 0.0478730946779,
        "var": 0.00135413755197
    },
    "erbbands_kurtosis": {
        "dmean": 0.761624991894,
        "dmean2": 1.19380259514,
        "dvar": 0.842829287052,
        "dvar2": 1.82948410511,
        "max": 12.9151010513,
        "mean": 0.221939638257,
        "median": -0.213191986084,
        "min": -1.71096229553,
        "var": 2.46373319626
    },
    "erbbands_skewness": {
        "dmean": 0.348050951958,
        "dmean2": 0.524502158165,
        "dvar": 0.100830003619,
        "dvar2": 0.216845080256,
        "max": 2.83535814285,
        "mean": 0.459407091141,
        "median": 0.441580146551,
        "min": -2.69992494583,
        "var": 0.397711873055
    },
    "erbbands_spread": {
        "dmean": 9.20873069763,
        "dmean2": 13.9136552811,
        "dvar": 134.711776733,
        "dvar2": 300.210845947,
        "max": 154.932479858,
        "mean": 40.4787788391,
        "median": 37.5546684265,
        "min": 6.52669811249,
        "var": 318.0809021
    },
    "hfc": {
        "dmean": 7.92234373093,
        "dmean2": 10.4626789093,
        "dvar": 125.163490295,
        "dvar2": 235.371337891,
        "max": 129.500228882,
        "mean": 24.702747345,
        "median": 19.2668228149,
        "min": 1.11032678616e-16,
        "var": 461.009246826
    },
    "melbands_crest": {
        "dmean": 3.62802219391,
        "dmean2": 5.89937210083,
        "dvar": 12.4179105759,
        "dvar2": 31.130903244,
        "max": 30.0386180878,
        "mean": 12.2060575485,
        "median": 10.9454622269,
        "min": 2.49682354927,
        "var": 25.2943058014
    },
    "melbands_flatness_db": {
        "dmean": 0.0298236403614,
        "dmean2": 0.0452668890357,
        "dvar": 0.00105706544127,
        "dvar2": 0.00242393719964,
        "max": 0.402850985527,
        "mean": 0.165141701698,
        "median": 0.16204944253,
        "min": 0.00829002819955,
        "var": 0.00331480195746
    },
    "melbands_kurtosis": {
        "dmean": 10.5026512146,
        "dmean2": 18.2103347778,
        "dvar": 1061.11010742,
        "dvar2": 2888.65039062,
        "max": 366.744750977,
        "mean": 11.8936262131,
        "median": 5.08257770538,
        "min": -1.20989763737,
        "var": 796.032714844
    },
    "melbands_skewness": {
        "dmean": 0.853606581688,
        "dmean2": 1.37361299992,
        "dvar": 2.34716773033,
        "dvar2": 5.78894090652,
        "max": 16.9080600739,
        "mean": 2.29408192635,
        "median": 1.9017111063,
        "min": -0.295722305775,
        "var": 3.0834441185
    },
    "melbands_spread": {
        "dmean": 8.11960315704,
        "dmean2": 11.8572511673,
        "dvar": 102.353096008,
        "dvar2": 193.437408447,
        "max": 203.32371521,
        "mean": 27.1963481903,
        "median": 23.5396633148,
        "min": 1.18512260914,
        "var": 338.481262207
    },
    "pitch_salience": {
        "dmean": 0.0839862748981,
        "dmean2": 0.138117715716,
        "dvar": 0.0069418256171,
        "dvar2": 0.0186853576452,
        "max": 0.8177562356,
        "mean": 0.572787284851,
        "median": 0.585556149483,
        "min": 0.156832128763,
        "var": 0.0127226477489
    },
    "silence_rate_20dB": {
        "dmean": 0,
        "dmean2": 0,
        "dvar": 0,
        "dvar2": 0,
        "max": 1,
        "mean": 1,
        "median": 1,
        "min": 1,
        "var": 0
    },
    "silence_rate_30dB": {
        "dmean": 0.0278637763113,
        "dmean2": 0.0557707212865,
        "dvar": 0.0270875245333,
        "dvar2": 0.0774477720261,
        "max": 1,
        "mean": 0.984532117844,
        "median": 1,
        "min": 0,
        "var": 0.0152285825461
    },
    "silence_rate_60dB": {
        "dmean": 0.0139318881556,
        "dmean2": 0.0278853606433,
        "dvar": 0.0137380389497,
        "dvar2": 0.030206354335,
        "max": 1,
        "mean": 0.0641918033361,
        "median": 0,
        "min": 0,
        "var": 0.0600705593824
    },
    "spectral_centroid": {
        "dmean": 282.360290527,
        "dmean2": 411.337097168,
        "dvar": 169897.546875,
        "dvar2": 252122.296875,
        "max": 11345.453125,
        "mean": 1433.47998047,
        "median": 1313.19702148,
        "min": 252.023864746,
        "var": 465045
    },
    "spectral_complexity": {
        "dmean": 3.81578946114,
        "dmean2": 5.43919420242,
        "dvar": 17.8143062592,
        "dvar2": 30.5747241974,
        "max": 56,
        "mean": 20.0471763611,
        "median": 18,
        "min": 0,
        "var": 107.310455322
    },
    "spectral_decrease": {
        "dmean": 3.13958947729e-09,
        "dmean2": 5.24054089013e-09,
        "dvar": 3.86404419875e-17,
        "dvar2": 1.01693683769e-16,
        "max": -3.61688214155e-30,
        "mean": -6.6499437068e-09,
        "median": -4.83707074395e-09,
        "min": -4.395905151e-08,
        "var": 4.68577269845e-17
    },
    "spectral_energy": {
        "dmean": 0.0123768616468,
        "dmean2": 0.0203840732574,
        "dvar": 0.000560572254471,
        "dvar2": 0.00147072202526,
        "max": 0.168016642332,
        "mean": 0.0273390244693,
        "median": 0.020352454856,
        "min": 1.00846330225e-20,
        "var": 0.000713983958121
    },
    "spectral_energyband_high": {
        "dmean": 0.000569350435399,
        "dmean2": 0.000751369108912,
        "dvar": 9.4847047194e-07,
        "dvar2": 1.6587821392e-06,
        "max": 0.0158313270658,
        "mean": 0.00121180294082,
        "median": 0.000581452739425,
        "min": 7.26837707357e-21,
        "var": 2.99990051644e-06
    },
    "spectral_energyband_low": {
        "dmean": 0.00893346779048,
        "dmean2": 0.0158186573535,
        "dvar": 0.00060327409301,
        "dvar2": 0.00162503938191,
        "max": 0.158209457994,
        "mean": 0.00909336283803,
        "median": 0.00248805969022,
        "min": 6.60478715388e-23,
        "var": 0.000513026956469
    },
    "spectral_energyband_middle_high": {
        "dmean": 0.00180470594205,
        "dmean2": 0.0026184823364,
        "dvar": 5.2740965657e-06,
        "dvar2": 1.10003074951e-05,
        "max": 0.0252146478742,
        "mean": 0.00552445370704,
        "median": 0.00433212006465,
        "min": 1.51514921198e-21,
        "var": 2.22868402489e-05
    },
    "spectral_energyband_middle_low": {
        "dmean": 0.00443579535931,
        "dmean2": 0.00707617169246,
        "dvar": 2.87582442979e-05,
        "dvar2": 6.72822861816e-05,
        "max": 0.0888377949595,
        "mean": 0.0121540371329,
        "median": 0.0094524146989,
        "min": 3.39694411001e-22,
        "var": 0.000114499038318
    },
    "spectral_entropy": {
        "dmean": 0.178244486451,
        "dmean2": 0.24445939064,
        "dvar": 0.0331815183163,
        "dvar2": 0.0554629079998,
        "max": 9.80109977722,
        "mean": 7.72311019897,
        "median": 7.72533082962,
        "min": 5.87158584595,
        "var": 0.147865474224
    },
    "spectral_flux": {
        "dmean": 0.0318456143141,
        "dmean2": 0.0514129064977,
        "dvar": 0.00213417899795,
        "dvar2": 0.00500468490645,
        "max": 0.367798566818,
        "mean": 0.0929040983319,
        "median": 0.0812068730593,
        "min": 1.00422274663e-10,
        "var": 0.00371507066302
    },
    "spectral_kurtosis": {
        "dmean": 1.09678971767,
        "dmean2": 1.63851070404,
        "dvar": 1.34987473488,
        "dvar2": 2.85776472092,
        "max": 13.5151920319,
        "mean": 4.17947101593,
        "median": 3.95687150955,
        "min": -1.20145082474,
        "var": 4.5624537468
    },
    "spectral_rms": {
        "dmean": 0.000990686938167,
        "dmean2": 0.00155615690164,
        "dvar": 2.12097529584e-06,
        "dvar2": 5.06100423081e-06,
        "max": 0.0128030730411,
        "mean": 0.00466258823872,
        "median": 0.00445601344109,
        "min": 3.13666475606e-12,
        "var": 4.9324758038e-06
    },
    "spectral_rolloff": {
        "dmean": 708.813171387,
        "dmean2": 1101.06420898,
        "dvar": 1374961.875,
        "dvar2": 2530298.5,
        "max": 18863.0859375,
        "mean": 1911.04626465,
        "median": 1399.65820312,
        "min": 107.666015625,
        "var": 3072399
    },
    "spectral_skewness": {
        "dmean": 0.186876907945,
        "dmean2": 0.273290455341,
        "dvar": 0.0374832488596,
        "dvar2": 0.0750435367227,
        "max": 3.10660266876,
        "mean": 1.63798594475,
        "median": 1.6104888916,
        "min": -0.0358102507889,
        "var": 0.157607629895
    },
    "spectral_spread": {
        "dmean": 673431.3125,
        "dmean2": 892059.75,
        "dvar": 1.48064986726e+12,
        "dvar2": 1.76822196634e+12,
        "max": 40945820,
        "mean": 5588528.5,
        "median": 5385758.5,
        "min": 2220951.75,
        "var": 3.04323257958e+12
    },
    "spectral_strongpeak": {
        "dmean": 0.562524020672,
        "dmean2": 0.933971762657,
        "dvar": 0.574675321579,
        "dvar2": 1.36530745029,
        "max": 11.2488517761,
        "mean": 1.0717856884,
        "median": 0.811970710754,
        "min": 0,
        "var": 1.20788729191
    },
    "zerocrossingrate": {
        "dmean": 0.0151915177703,
        "dmean2": 0.0163984578103,
        "dvar": 0.00046000641305,
        "dvar2": 0.000463620381197,
        "max": 0.498046875,
        "mean": 0.0794202834368,
        "median": 0.0673828125,
        "min": 0.00830078125,
        "var": 0.00195399741642
    },
    "barkbands": {
        "dmean": [0.000139684678288, 0.00556490058079, 0.00408103317022, 0.000698046875186, 0.00151161919348, 0.00140660640318, 0.000723798351828, 0.00153424870223, 0.00104389688931, 0.000634452851955, 0.000528045522515, 0.000417492788984, 0.000314904988045, 0.000415629794588, 0.000232362130191, 0.000218012501136, 0.00020701836911, 0.000120430377137, 0.000237697808188, 0.000173278109287, 0.000104944541818, 0.000107704603579, 0.000111469293188, 8.4122082626e-05, 0.000101489240478, 9.76363880909e-05, 9.04673925106e-06],
        "dmean2": [0.000229737561313, 0.0101005053148, 0.00683491071686, 0.00116873160005, 0.00248798099346, 0.0022614125628, 0.0011751455022, 0.00242606038228, 0.00166196643841, 0.000992046087049, 0.00082648335956, 0.000659921031911, 0.000503726128954, 0.000673473638017, 0.00037237626384, 0.000343292951584, 0.000333998847054, 0.000193339321413, 0.000361360464012, 0.000258284067968, 0.000154538240167, 0.000155014990014, 0.000164341181517, 0.000119418793474, 0.000140625343192, 0.000136276052217, 1.37091574288e-05],
        "dvar": [8.22954078217e-08, 0.000201069837203, 0.000155423898832, 1.57390797995e-06, 9.02609372133e-06, 5.71713053432e-06, 1.69115924109e-06, 8.15061321191e-06, 4.45548585049e-06, 1.4080786741e-06, 5.75466685859e-07, 7.09301957613e-07, 3.5711090618e-07, 3.74476513798e-07, 1.353636776e-07, 1.2079526357e-07, 9.38913515824e-08, 3.8677129055e-08, 1.57872463546e-07, 1.1540848277e-07, 3.27486162632e-08, 5.84621346889e-08, 6.31113366012e-08, 2.72309392813e-08, 3.60627154805e-08, 4.61874698487e-08, 3.87054194251e-10],
        "dvar2": [2.02169161412e-07, 0.000583966204431, 0.00040611778968, 4.05571381634e-06, 1.98309953703e-05, 1.33835183078e-05, 4.20661262979e-06, 1.97523913812e-05, 1.11552217277e-05, 3.38642530551e-06, 1.45981073274e-06, 1.70260614141e-06, 8.56709618802e-07, 9.54521624408e-07, 3.42807226161e-07, 2.99301404993e-07, 2.36304487089e-07, 9.55082697374e-08, 3.24831006537e-07, 2.05804113307e-07, 6.87769485808e-08, 1.31523535174e-07, 1.27039839981e-07, 5.19298950508e-08, 7.26200468648e-08, 1.02597020657e-07, 8.93039975303e-10],
        "max": [0.00348801980726, 0.0976078659296, 0.0952019765973, 0.017652515322, 0.0775402635336, 0.0384186021984, 0.0181154962629, 0.0389462560415, 0.0264670308679, 0.0153271267191, 0.00953358504921, 0.0144291343167, 0.00711769377813, 0.0066594989039, 0.00592686980963, 0.00480128871277, 0.00440102163702, 0.00213473616168, 0.00577639508992, 0.00667848903686, 0.00258018239401, 0.00627082679421, 0.0043893805705, 0.00337818916887, 0.00200392864645, 0.00235432712361, 0.000185473982128],
        "mean": [0.000148301842273, 0.00505336048082, 0.00345955858938, 0.000858229701407, 0.00290109729394, 0.0029685634654, 0.00103039527312, 0.00238865148276, 0.00156494381372, 0.000992235378362, 0.000946634332649, 0.000615788972937, 0.000503573042806, 0.000643222767394, 0.000398680014769, 0.000383743725251, 0.000368144537788, 0.000199206333491, 0.000477232068079, 0.000345476495568, 0.000199670073926, 0.000197966801352, 0.000198719440959, 0.000155294590513, 0.000172100175405, 0.00015612388961, 1.21084740385e-05],
        "median": [4.94060732308e-05, 0.00130401179194, 0.000625317916274, 0.000377771764761, 0.00137314619496, 0.00115586735774, 0.000433344190242, 0.000806913303677, 0.000567739713006, 0.000427183782449, 0.000503721530549, 0.000284008274321, 0.000202564726351, 0.000336097087711, 0.000189371552551, 0.000178883099579, 0.000223937953706, 9.45811480051e-05, 0.000194461346837, 0.000115876173368, 9.46455184021e-05, 7.7780438005e-05, 7.02160468791e-05, 5.47665695194e-05, 7.45811339584e-05, 5.74441473873e-05, 3.96582618123e-06],
        "min": [3.81638481387e-24, 1.65188925057e-23, 3.96626199609e-23, 1.73056518855e-23, 1.06751333511e-22, 8.74861416703e-24, 8.20002104533e-23, 7.61730211642e-23, 4.53614836688e-23, 2.81573234719e-23, 5.79877704367e-23, 1.03694421772e-22, 1.07094847725e-22, 1.84072424971e-22, 1.52677553235e-22, 1.68221546191e-22, 1.69049787032e-22, 1.44039071939e-22, 1.75308887133e-22, 4.00038382744e-22, 3.92300427192e-22, 6.48415795214e-22, 5.71196233307e-22, 6.19724734764e-22, 1.08210895317e-21, 1.6203544286e-21, 2.37686976479e-21],
        "var": [9.23855623114e-08, 0.000154229506734, 0.000121854594909, 1.93021355699e-06, 3.79337507184e-05, 2.20364199777e-05, 2.61892705566e-06, 1.8551827452e-05, 6.61704598315e-06, 2.28019621318e-06, 1.30253499719e-06, 1.00652334822e-06, 8.20897810172e-07, 6.87782517161e-07, 3.01562010918e-07, 3.09048999725e-07, 1.90945982581e-07, 7.32032319206e-08, 5.15633303166e-07, 4.62710886495e-07, 8.87676208094e-08, 1.21188122648e-07, 1.56051555678e-07, 7.97725974166e-08, 7.17695840535e-08, 7.63188907626e-08, 5.19008447331e-10]
    },
    "erbbands": {
        "dmean": [0.0846843570471, 1.5316067934, 4.93137931824, 2.82000875473, 3.38154792786, 6.01437234879, 7.70333003998, 12.3303976059, 11.4512348175, 18.016204834, 34.0531616211, 23.0542926788, 19.3613014221, 18.9403591156, 20.3362007141, 16.3417415619, 12.8761463165, 21.715341568, 11.8529958725, 10.6933937073, 10.48138237, 9.96719932556, 6.7086186409, 9.00618362427, 13.2803821564, 7.08387470245, 4.29595518112, 4.10832357407, 3.95524978638, 3.47216677666, 3.47019481659, 2.03579974174, 1.32918906212, 0.85286873579, 0.832707166672, 0.532167255878, 0.158012241125, 0.0329718366265, 0.000836524704937, 3.27623965859e-05],
        "dmean2": [0.148081704974, 2.80578064919, 8.53769493103, 4.55879163742, 5.72917842865, 9.82827854156, 11.9699697495, 19.9361057281, 18.6322669983, 28.9255809784, 53.0122489929, 37.0305900574, 30.3512878418, 29.4262714386, 32.3610839844, 25.6388282776, 20.5070209503, 35.0649719238, 18.988489151, 16.6851654053, 16.4827384949, 16.0458583832, 10.7367725372, 13.7971019745, 20.2037677765, 10.4318265915, 6.46540403366, 6.06045770645, 5.71855258942, 5.06936883926, 5.08169364929, 2.9536113739, 1.86589884758, 1.23956263065, 1.15311646461, 0.736262381077, 0.220900550485, 0.0470440872014, 0.00120903132483, 4.6922807087e-05],
        "dvar": [0.0341691747308, 16.5096187592, 232.981277466, 41.7025489807, 29.2255649567, 202.757217407, 224.631988525, 429.624694824, 489.626159668, 1294.20361328, 4740.04199219, 2619.63647461, 1536.24938965, 1391.00671387, 919.86505127, 1269.11547852, 537.564208984, 946.742675781, 348.958618164, 281.017883301, 247.079437256, 232.746185303, 108.756980896, 272.480133057, 534.954589844, 184.917373657, 56.4516029358, 57.0762138367, 104.733078003, 60.342250824, 56.6671142578, 20.9889812469, 5.65345859528, 2.14113068581, 2.81264352798, 1.54471385479, 0.106515467167, 0.00500240223482, 3.28369446834e-06, 2.99415869875e-09],
        "dvar2": [0.0957899689674, 47.9446716309, 627.751220703, 95.6911773682, 66.9956054688, 462.454650879, 504.666778564, 1043.59643555, 1223.69445801, 3084.25830078, 11091.1777344, 6873.58105469, 3544.00610352, 3320.09033203, 2453.48657227, 3110.45532227, 1261.05786133, 2359.49755859, 916.530029297, 666.384216309, 600.715270996, 586.096313477, 261.557800293, 642.670715332, 1098.32739258, 374.524810791, 122.001899719, 130.518997192, 250.032562256, 139.674880981, 108.394355774, 38.5645751953, 11.3876533508, 4.48821735382, 5.7348074913, 3.47771143913, 0.225496470928, 0.0113863758743, 7.50126173443e-06, 6.54237108932e-09],
        "max": [1.59056580067, 28.1902160645, 107.491615295, 72.8825149536, 149.047027588, 366.183074951, 305.842132568, 333.531768799, 266.807769775, 594.157165527, 1070.31298828, 740.525024414, 558.782226562, 669.720031738, 313.300811768, 667.071777344, 275.752319336, 326.235107422, 197.355178833, 214.415603638, 192.260787964, 205.912811279, 103.803993225, 334.435455322, 320.160644531, 349.803771973, 121.141426086, 104.171401978, 275.772155762, 182.203613281, 122.945106506, 95.0868606567, 48.8531951904, 20.2732276917, 19.7246456146, 15.238363266, 4.43756818771, 1.0613489151, 0.0225532576442, 0.00061808899045],
        "mean": [0.0890478640795, 1.33083534241, 4.26084709167, 3.1941485405, 5.09429740906, 10.720243454, 17.0325622559, 24.9843425751, 18.6886558533, 27.9611034393, 54.5838394165, 35.7547607422, 31.6210517883, 32.7238922119, 36.8748550415, 26.8010597229, 23.5989379883, 35.8834457397, 21.7228164673, 21.1149024963, 19.5195827484, 18.3288993835, 12.5975418091, 17.53074646, 27.6159305573, 14.8540668488, 8.51667499542, 7.46798181534, 7.13184261322, 6.16884469986, 5.98359823227, 3.69598889351, 2.37025380135, 1.54467391968, 1.35657572746, 0.800290226936, 0.259684860706, 0.0504918470979, 0.00123697659001, 6.78498836351e-05],
        "median": [0.0298312213272, 0.292438924313, 0.786542892456, 1.13349151611, 2.73789954185, 4.68929767609, 7.03523588181, 9.61161899567, 7.10760211945, 12.3290920258, 17.4593086243, 14.0247163773, 13.6288928986, 15.0490398407, 19.9601573944, 13.1778898239, 10.9144468307, 20.0620632172, 12.7944259644, 10.7809915543, 10.9795122147, 11.5159950256, 7.24126577377, 8.38825798035, 9.58461380005, 5.50529289246, 4.01780939102, 3.45004177094, 2.97593545914, 2.12351250648, 2.13011813164, 1.21780800819, 0.950914859772, 0.680369138718, 0.568740308285, 0.292724102736, 0.0930872485042, 0.0181256383657, 0.000439356546849, 4.18592135247e-05],
        "min": [3.54724924927e-22, 4.8595665453e-21, 3.8471449738e-20, 5.83990934179e-20, 2.08162805808e-19, 3.74113085693e-19, 2.05828179002e-19, 1.01013978086e-19, 7.20107665727e-19, 2.41912589056e-18, 7.36350701223e-19, 9.64925830083e-19, 8.53921138709e-19, 2.69999589474e-18, 2.84339778688e-18, 3.00041817384e-18, 4.83581904294e-18, 8.88952558183e-18, 9.93666344543e-18, 7.8479356186e-18, 1.08930058291e-17, 9.23982002763e-18, 8.62139829499e-18, 8.60136149902e-18, 1.11347195846e-17, 1.90308120041e-17, 1.55153374142e-17, 1.63912869413e-17, 2.33074168347e-17, 1.97127976037e-17, 1.78334846111e-17, 1.0720459262e-17, 1.1975533788e-17, 1.11584513964e-17, 8.36181412952e-18, 5.3594582851e-18, 2.86317029866e-18, 1.55292623794e-18, 3.00622430966e-19, 3.44305270428e-20],
        "var": [0.031729221344, 12.2181024551, 176.33581543, 44.6573600769, 89.3736114502, 682.913146973, 1186.55566406, 1498.3581543, 1055.92077637, 2015.22192383, 11988.5166016, 3379.95214844, 2682.3293457, 2492.54833984, 1957.96594238, 1878.38964844, 1424.99316406, 1933.9699707, 656.488525391, 729.270996094, 566.854736328, 459.743377686, 225.889282227, 695.701477051, 1851.2019043, 721.314941406, 160.069152832, 124.59147644, 164.327163696, 142.658538818, 142.71975708, 58.1498260498, 15.5511875153, 5.03056907654, 5.1639547348, 2.35573744774, 0.194848015904, 0.0077228709124, 4.76945388073e-06, 5.59507018494e-09]
    },
    "gfcc": {
        "mean": [19.9760875702, 69.2141876221, -105.68447876, 17.947845459, -58.4551086426, 13.5447540283, -39.1452865601, 14.2010211945, -29.0239124298, 10.6658248901, -19.281463623, 6.41481018066, -15.3967685699],
        "cov": [[9470.1640625, -557.120239258, -236.58555603, 57.229309082, -121.280448914, 54.456905365, -26.3696269989, 145.25982666, -16.7989177704, 156.478164673, -135.248397827, 70.4965515137, -135.100585938], [-557.120239258, 917.11114502, -66.7820053101, -58.8243865967, 157.316619873, -37.5429039001, 33.7253723145, -16.0686130524, 45.2740821838, -51.5926322937, 49.7670173645, -28.7687339783, 34.5657310486], [-236.58555603, -66.7820053101, 491.963562012, 145.168930054, 68.1566162109, 107.987533569, -35.4156608582, -20.8148918152, 14.3013057709, 4.24024438858, -21.4313240051, 18.6879005432, -0.615133821964], [57.229309082, -58.8243865967, 145.168930054, 261.516052246, 51.6207427979, 49.8924102783, -8.82161521912, -31.7805519104, 13.4874267578, -8.74287414551, 5.21645450592, -5.09892177582, 6.40727043152], [-121.280448914, 157.316619873, 68.1566162109, 51.6207427979, 185.205932617, 37.2695808411, -17.6646270752, 1.09255611897, 29.5467567444, 17.5391387939, 13.5536584854, 12.4913187027, 9.44512081146], [54.456905365, -37.5429039001, 107.987533569, 49.8924102783, 37.2695808411, 136.158218384, 38.8866539001, 12.5752334595, 12.2331638336, -6.17888307571, -5.80829954147, 3.04107713699, -10.1672201157], [-26.3696269989, 33.7253723145, -35.4156608582, -8.82161521912, -17.6646270752, 38.8866539001, 178.751434326, 60.1410675049, -22.0032520294, -14.703127861, 4.35183572769, -19.5938968658, -19.9862804413], [145.25982666, -16.0686130524, -20.8148918152, -31.7805519104, 1.09255611897, 12.5752334595, 60.1410675049, 92.4191818237, 29.5568256378, 8.26050949097, -4.85995912552, -9.36651325226, -18.8767871857], [-16.7989177704, 45.2740821838, 14.3013057709, 13.4874267578, 29.5467567444, 12.2331638336, -22.0032520294, 29.5568256378, 104.800491333, 39.2834739685, -0.762040615082, -7.67591285706, -2.18154191971], [156.478164673, -51.5926322937, 4.24024438858, -8.74287414551, 17.5391387939, -6.17888307571, -14.703127861, 8.26050949097, 39.2834739685, 100.754882812, 26.2503147125, -5.19630908966, -4.12789392471], [-135.248397827, 49.7670173645, -21.4313240051, 5.21645450592, 13.5536584854, -5.80829954147, 4.35183572769, -4.85995912552, -0.762040615082, 26.2503147125, 70.2206573486, 14.5196933746, 7.8192858696], [70.4965515137, -28.7687339783, 18.6879005432, -5.09892177582, 12.4913187027, 3.04107713699, -19.5938968658, -9.36651325226, -7.67591285706, -5.19630908966, 14.5196933746, 70.6010284424, 33.6855697632], [-135.100585938, 34.5657310486, -0.615133821964, 6.40727043152, 9.44512081146, -10.1672201157, -19.9862804413, -18.8767871857, -2.18154191971, -4.12789392471, 7.8192858696, 33.6855697632, 67.3374710083]],
        "icov": [[0.000154739842401, -0.000132192595629, 0.000224883362534, -0.000334432232194, 0.000264607573627, -0.000253163365414, 0.000291580508929, -0.000507251825184, 0.000486146920593, -0.000716934853699, 0.000722309865523, -0.00071388744982, 0.000526243296918], [-0.000132192595629, 0.00245221867226, -0.000446846155683, 0.00177848024759, -0.00276090065017, 0.00154885591473, -0.00177327229176, 0.00248184730299, -0.00299175479449, 0.00383843318559, -0.00322719593532, 0.00321233761497, -0.00200061523356], [0.000224883362534, -0.000446846155683, 0.00343267968856, -0.00199197535403, 0.000344999250956, -0.00259908591397, 0.00151173304766, -0.0010902119102, 0.00153339339886, -0.00215527741238, 0.0026447114069, -0.00232661608607, 0.00137804914266], [-0.000334432232194, 0.00177848024759, -0.00199197535403, 0.00696850754321, -0.00300215999596, 0.000769325066358, -0.00228177453391, 0.00474814232439, -0.00406582141295, 0.00483905756846, -0.00444048689678, 0.00472732121125, -0.00275839678943], [0.000264607573627, -0.00276090065017, 0.000344999250956, -0.00300215999596, 0.00966584309936, -0.00327271525748, 0.00292216893286, -0.0036893656943, 0.0025467260275, -0.00516117922962, 0.00290826382115, -0.00456894142553, 0.00193409912754], [-0.000253163365414, 0.00154885591473, -0.00259908591397, 0.000769325066358, -0.00327271525748, 0.0120920632035, -0.00471847923473, 0.00280103250407, -0.00415250938386, 0.00396456057206, -0.00205552275293, 0.000941113685258, 0.00014602234296], [0.000291580508929, -0.00177327229176, 0.00151173304766, -0.00228177453391, 0.00292216893286, -0.00471847923473, 0.011405531317, -0.00964722316712, 0.0068432604894, -0.00291155884042, 0.00120887975208, -0.000384135142667, 0.00137970747892], [-0.000507251825184, 0.00248184730299, -0.0010902119102, 0.00474814232439, -0.0036893656943, 0.00280103250407, -0.00964722316712, 0.0227199457586, -0.0111725563183, 0.00536300893873, -0.00302660604939, 0.00244472408667, 0.000787986908108], [0.000486146920593, -0.00299175479449, 0.00153339339886, -0.00406582141295, 0.0025467260275, -0.00415250938386, 0.0068432604894, -0.0111725563183, 0.0195226036012, -0.0108931716532, 0.00653039384633, -0.00301702343859, 0.00154254958034], [-0.000716934853699, 0.00383843318559, -0.00215527741238, 0.00483905756846, -0.00516117922962, 0.00396456057206, -0.00291155884042, 0.00536300893873, -0.0108931716532, 0.021677961573, -0.0128425899893, 0.00872229319066, -0.0038231452927], [0.000722309865523, -0.00322719593532, 0.0026447114069, -0.00444048689678, 0.00290826382115, -0.00205552275293, 0.00120887975208, -0.00302660604939, 0.00653039384633, -0.0128425899893, 0.0246890187263, -0.0109518831596, 0.00438057864085], [-0.00071388744982, 0.00321233761497, -0.00232661608607, 0.00472732121125, -0.00456894142553, 0.000941113685258, -0.000384135142667, 0.00244472408667, -0.00301702343859, 0.00872229319066, -0.0109518831596, 0.0274898465723, -0.0142411394045], [0.000526243296918, -0.00200061523356, 0.00137804914266, -0.00275839678943, 0.00193409912754, 0.00014602234296, 0.00137970747892, 0.000787986908108, 0.00154254958034, -0.0038231452927, 0.00438057864085, -0.0142411394045, 0.0240206252784]]
    },
    "melbands": {
        "dmean": [0.00113867188338, 0.00239415629767, 0.000501468486618, 0.000339165213518, 0.000263343419647, 0.000276470876997, 0.000169346982148, 0.000222206319449, 0.000284974987153, 0.00013798494183, 9.71158515313e-05, 7.8185039456e-05, 6.31266957498e-05, 5.06477881572e-05, 3.98370939365e-05, 2.79605465039e-05, 4.64662844024e-05, 2.06387976505e-05, 1.80714905582e-05, 1.83293377631e-05, 1.21070679597e-05, 1.16703076856e-05, 8.17300406197e-06, 5.7116408243e-06, 7.9039728007e-06, 1.05909502963e-05, 9.17033594305e-06, 4.31335547546e-06, 2.70350301435e-06, 2.85584360427e-06, 2.51596929957e-06, 2.39776750277e-06, 2.20359470404e-06, 1.89778620552e-06, 2.18801187657e-06, 1.70247869846e-06, 1.21798257169e-06, 9.74359409156e-07, 8.42455619932e-07, 7.32057173991e-07],
        "dmean2": [0.00203887280077, 0.00426115840673, 0.000809025252238, 0.000571828044485, 0.000408458523452, 0.000445948098786, 0.000275852478808, 0.000356585078407, 0.000443488330347, 0.00022097332112, 0.000152968801558, 0.000122031313367, 0.000100279503386, 7.96189997345e-05, 6.39365243842e-05, 4.49569633929e-05, 7.50587059883e-05, 3.32304261974e-05, 2.84850320895e-05, 2.93797220365e-05, 1.92669886019e-05, 1.89047241292e-05, 1.32067561935e-05, 9.33054525376e-06, 1.22816691146e-05, 1.60982326634e-05, 1.37398574225e-05, 6.71579527989e-06, 4.20162132286e-06, 4.38035522166e-06, 3.81135873795e-06, 3.51045923708e-06, 3.29120416609e-06, 2.83735971607e-06, 3.17796161653e-06, 2.56255816566e-06, 1.79929099886e-06, 1.40038150676e-06, 1.26835720948e-06, 1.07326093257e-06],
        "dvar": [7.46936484575e-06, 5.06623437104e-05, 1.16236856229e-06, 3.65109428913e-07, 2.87428463253e-07, 2.15499454725e-07, 9.97236782041e-08, 1.91130041571e-07, 3.28905400693e-07, 8.96374530157e-08, 3.83926774816e-08, 2.49674663166e-08, 8.3049291888e-09, 7.47803419188e-09, 7.03408842284e-09, 3.01300007166e-09, 4.50342829694e-09, 1.14941967055e-09, 1.00001296133e-09, 9.7365371321e-10, 3.68227698333e-10, 3.32285088334e-10, 1.58229526703e-10, 9.58888871083e-11, 2.5001931081e-10, 3.4548147676e-10, 3.22479792869e-10, 7.92610282963e-11, 2.48136268477e-11, 2.68742961912e-11, 2.53082693691e-11, 4.94082726121e-11, 1.95524100383e-11, 2.14379555774e-11, 2.08527882462e-11, 2.00936489669e-11, 7.82851474618e-12, 3.13990175006e-12, 2.19825958651e-12, 1.62459368874e-12],
        "dvar2": [2.13373168663e-05, 0.000139480471262, 2.67626455752e-06, 9.24562527871e-07, 5.806288641e-07, 5.15810654633e-07, 2.50365047805e-07, 4.65376473358e-07, 7.54092354782e-07, 2.35423769368e-07, 8.95453382554e-08, 6.01121001864e-08, 2.2165425051e-08, 1.71820406791e-08, 1.68929368272e-08, 7.35384153572e-09, 1.12355333926e-08, 3.08429104479e-09, 2.52271004086e-09, 2.45394904397e-09, 9.1824198245e-10, 8.61800297791e-10, 3.76751879694e-10, 2.40706954369e-10, 6.12124129162e-10, 7.08480107914e-10, 5.85635095973e-10, 1.8460163953e-10, 5.61574328706e-11, 6.47782799623e-11, 6.27024543398e-11, 1.25525964623e-10, 4.41044596677e-11, 5.04386393763e-11, 3.89579063453e-11, 4.36687248861e-11, 1.69579870979e-11, 6.41960009456e-12, 4.83016838332e-12, 3.60721760621e-12],
        "max": [0.0215975902975, 0.046089258045, 0.0115184010938, 0.0116796465591, 0.0148162329569, 0.00726284086704, 0.00406986568123, 0.00683182477951, 0.00843051820993, 0.00419864896685, 0.00269225193188, 0.00286971847527, 0.000992445973679, 0.00116307265125, 0.00141967064701, 0.000960947829299, 0.000752788735554, 0.000388792162994, 0.000526024610735, 0.000457063433714, 0.000273649406154, 0.00026497230283, 0.000209261808777, 9.50530229602e-05, 0.000326430250425, 0.000228516189964, 0.000410185428336, 0.000214692860027, 7.62109266361e-05, 0.000103891557956, 8.13138249214e-05, 0.000190373102669, 7.21383403288e-05, 0.000117735522508, 6.77345815348e-05, 0.000115519374958, 6.19670245214e-05, 3.13513883157e-05, 2.945723827e-05, 1.78251520992e-05],
        "mean": [0.00111364526674, 0.00214715115726, 0.000617674610112, 0.000557525723707, 0.000597963517066, 0.000566978997085, 0.000271243188763, 0.000343091873219, 0.000449840124929, 0.000208597586607, 0.000152259992319, 0.00012682355009, 0.000115271905088, 8.13771694084e-05, 6.52067392366e-05, 4.62890093331e-05, 7.19705712982e-05, 3.32972049364e-05, 3.02068237943e-05, 3.21840670949e-05, 2.03160616365e-05, 1.97271710931e-05, 1.50460573423e-05, 9.28749341256e-06, 1.39998010127e-05, 1.96393575607e-05, 1.83014581125e-05, 7.92585342424e-06, 5.01202248415e-06, 5.0883768381e-06, 4.15097156292e-06, 4.0678237383e-06, 3.74045907847e-06, 3.19145260619e-06, 3.59728642252e-06, 2.78995025838e-06, 2.07810694519e-06, 1.6790141899e-06, 1.44542673297e-06, 1.25744486468e-06],
        "median": [0.000321991828969, 0.000451213301858, 0.000259007996647, 0.000284917361569, 0.000247640564339, 0.000218123634113, 0.000104259881482, 0.000134852831252, 0.000133330438985, 7.9398683738e-05, 5.76325510337e-05, 5.15836763952e-05, 6.44655738142e-05, 4.34752073488e-05, 2.43539798248e-05, 1.87602745427e-05, 3.77024662157e-05, 1.98115940293e-05, 1.25790120364e-05, 1.41731816257e-05, 1.06931474875e-05, 1.17917397802e-05, 8.09981429484e-06, 4.42939608547e-06, 6.12991425442e-06, 6.3233869696e-06, 5.69331814404e-06, 3.02952616948e-06, 2.10401958611e-06, 2.4236956051e-06, 1.70583405179e-06, 1.68932160705e-06, 1.38339862588e-06, 1.05772551251e-06, 1.25718202071e-06, 9.10870312509e-07, 6.45299849111e-07, 6.27499730399e-07, 6.05287141298e-07, 5.46755927644e-07],
        "min": [3.91858371629e-24, 1.53323194865e-23, 1.28859371794e-23, 2.37200250563e-23, 9.31166442699e-24, 2.64650014712e-24, 1.1470297886e-23, 2.57106981956e-23, 4.383724505e-24, 6.60532760249e-24, 3.65424865429e-24, 1.00795155997e-23, 8.27776833625e-24, 1.25774341898e-23, 3.93214660183e-24, 1.65586321627e-23, 1.42021910428e-23, 1.78196862731e-23, 7.37339137324e-24, 9.80279344936e-24, 1.45529517334e-23, 9.53357809938e-24, 9.0632852601e-24, 5.88466372252e-24, 7.23538725762e-24, 5.52328299197e-24, 1.24218424203e-23, 1.2112168761e-23, 1.09662859762e-23, 6.50419602887e-24, 1.08049347332e-23, 1.26450237921e-23, 1.33263519119e-23, 9.43321527071e-24, 1.144753846e-23, 7.44861714916e-24, 5.91881666656e-24, 6.9634424489e-24, 1.07184787335e-23, 9.12755691349e-24],
        "var": [6.27649706075e-06, 3.85776438634e-05, 1.35314871841e-06, 1.03296360976e-06, 1.65238850514e-06, 7.63995387842e-07, 2.12873345617e-07, 3.11545306886e-07, 8.01387784577e-07, 1.14425297681e-07, 6.58522125718e-08, 4.25273434246e-08, 1.82744290811e-08, 1.2921753445e-08, 1.47225538427e-08, 6.29285734632e-09, 8.86995632499e-09, 1.75254277757e-09, 2.13907469515e-09, 2.43103670527e-09, 6.56519227871e-10, 5.46827472192e-10, 4.15270984266e-10, 1.6511733647e-10, 5.477758247e-10, 9.73869873633e-10, 1.40031475304e-09, 2.29197189006e-10, 6.39455294271e-11, 5.62348570488e-11, 4.62658002187e-11, 6.20168708054e-11, 4.70368188843e-11, 4.31096928988e-11, 5.08332508031e-11, 4.26601427794e-11, 1.86324549539e-11, 8.19446073497e-12, 5.02993350096e-12, 3.44282935494e-12]
    },
    "mfcc": {
        "mean": [-629.952392578, 111.744537354, 3.5427339077, 12.8371591568, 0.499339550734, 1.14541494846, 0.245920628309, 1.0485727787, -1.64503312111, 2.42440032959, -0.20351780951, -2.70804834366, 1.98516178131],
        "cov": [[7047.23144531, -255.532775879, -155.644943237, -16.8316707611, -145.691635132, 6.09225511551, -48.5113792419, 11.3987808228, 9.72872543335, 147.585830688, 47.9462661743, 72.5602722168, 29.0047626495], [-255.532775879, 894.313110352, -135.346054077, -17.025428772, 68.7009506226, -23.1523952484, 15.3331727982, 8.88470458984, 30.7916965485, -35.5154685974, 29.5605659485, 12.4898300171, 26.1524829865], [-155.644943237, -135.346054077, 392.847229004, 67.2504501343, 90.0801849365, 90.7382049561, 15.4180440903, 26.1052513123, 15.3579616547, -10.9468984604, -9.13063907623, 23.7960128784, -25.2036113739], [-16.8316707611, -17.025428772, 67.2504501343, 181.770629883, 69.1917037964, 40.7849693298, 6.21735715866, -3.25433301926, -4.60532045364, 9.02656078339, -9.76493740082, -1.15652596951, 2.78655147552], [-145.691635132, 68.7009506226, 90.0801849365, 69.1917037964, 241.972137451, 72.7204589844, -44.1311264038, -16.9466094971, 10.8830327988, -19.065870285, -9.60964107513, 52.9673538208, -8.11686515808], [6.09225511551, -23.1523952484, 90.7382049561, 40.7849693298, 72.7204589844, 124.445785522, 30.935459137, 12.2181510925, 7.16581821442, 4.81541490555, 0.70325833559, 7.60717535019, -4.36277914047], [-48.5113792419, 15.3331727982, 15.4180440903, 6.21735715866, -44.1311264038, 30.935459137, 141.455932617, 52.7633857727, -2.28519320488, 8.23294353485, 10.490070343, -22.864522934, 5.48761606216], [11.3987808228, 8.88470458984, 26.1052513123, -3.25433301926, -16.9466094971, 12.2181510925, 52.7633857727, 123.566322327, 35.2049026489, -6.37984132767, -0.913220465183, -6.7046918869, 0.136102616787], [9.72872543335, 30.7916965485, 15.3579616547, -4.60532045364, 10.8830327988, 7.16581821442, -2.28519320488, 35.2049026489, 81.4976425171, 24.208032608, 4.34488296509, 9.41848373413, 6.02156972885], [147.585830688, -35.5154685974, -10.9468984604, 9.02656078339, -19.065870285, 4.81541490555, 8.23294353485, -6.37984132767, 24.208032608, 110.37020874, 40.3577804565, 2.36973905563, 13.0072059631], [47.9462661743, 29.5605659485, -9.13063907623, -9.76493740082, -9.60964107513, 0.70325833559, 10.490070343, -0.913220465183, 4.34488296509, 40.3577804565, 83.3809127808, 20.7573318481, 1.2919883728], [72.5602722168, 12.4898300171, 23.7960128784, -1.15652596951, 52.9673538208, 7.60717535019, -22.864522934, -6.7046918869, 9.41848373413, 2.36973905563, 20.7573318481, 88.3232955933, 13.5132246017], [29.0047626495, 26.1524829865, -25.2036113739, 2.78655147552, -8.11686515808, -4.36277914047, 5.48761606216, 0.136102616787, 6.02156972885, 13.0072059631, 1.2919883728, 13.5132246017, 67.745552063]],
