{
"lowlevel": {
    "average_loudness": 0.969501078129,
    "barkbands_crest": {
        "dmean": 2.59575176239,
        "dmean2": 4.30516242981,
        "dvar": 8.41442584991,
        "dvar2": 20.8087024689,
        "max": 23.2380332947,
        "mean": 7.54239463806,
        "median": 6.64270019531,
        "min": 2.06737303734,
        "var": 12.5127353668
    },
    "barkbands_flatness_db": {
        "dmean": 0.0166173707694,
        "dmean2": 0.0261266622692,
        "dvar": 0.000250324956141,
        "dvar2": 0.000629092333838,
        "max": 0.230818837881,
        "mean": 0.114633120596,
        "median": 0.111552901566,
        "min": 0.028477570042,
        "var": 0.000807514414191
    },
    "barkbands_kurtosis": {
        "dmean": 1.19002246857,
        "dmean2": 2.00926113129,
        "dvar": 3.98771858215,
        "dvar2": 10.6935272217,
        "max": 20.1297016144,
        "mean": 0.276923835278,
        "median": -0.282297134399,
        "min": -1.82834291458,
        "var": 3.94159150124
    },
    "barkbands_skewness": {
        "dmean": 0.408590137959,
        "dmean2": 0.658057749271,
        "dvar": 0.212949261069,
        "dvar2": 0.524811208248,
        "max": 4.39433145523,
        "mean": 0.874554336071,
        "median": 0.80034673214,
        "min": -1.88272190094,
        "var": 0.412351995707
    },
    "barkbands_spread": {
        "dmean": 5.48526287079,
        "dmean2": 8.80063247681,
        "dvar": 33.0829200745,
        "dvar2": 75.7072296143,
        "max": 96.3822097778,
        "mean": 28.9648551941,
        "median": 28.6062984467,
        "min": 4.14650821686,
        "var": 83.1807098389
    },
    "dissonance": {
        "dmean": 0.0120663978159,
        "dmean2": 0.0205573830754,
        "dvar": 0.000184760137927,
        "dvar2": 0.000495158426929,
        "max": 0.499999165535,
        "mean": 0.480741322041,
        "median": 0.484442293644,
        "min": 0.208887442946,
        "var": 0.000234880615608
    },
    "dynamic_complexity": 2.12627434731,
    "erbbands_crest": {
        "dmean": 2.24614477158,
        "dmean2": 3.76536083221,
        "dvar": 5.06373167038,
        "dvar2": 13.2298812866,
        "max": 30.8002910614,
        "mean": 7.07101345062,
        "median": 6.12074375153,
        "min": 2.64306402206,
        "var": 11.5030813217
    },
    "erbbands_flatness_db": {
        "dmean": 0.0145669905469,
        "dmean2": 0.0211033262312,
        "dvar": 0.000194297143025,
        "dvar2": 0.000371780566638,
        "max": 0.292303770781,
        "mean": 0.155734047294,
        "median": 0.154151290655,
        "min": 0.0617367848754,
        "var": 0.000987013452686
    },
    "erbbands_kurtosis": {
        "dmean": 0.507223308086,
        "dmean2": 0.831490337849,
        "dvar": 0.510585963726,
        "dvar2": 1.27528595924,
        "max": 15.1764583588,
        "mean": -0.319636553526,
        "median": -0.574609041214,
        "min": -1.55022323132,
        "var": 0.994299829006
    },
    "erbbands_skewness": {
        "dmean": 0.317330747843,
        "dmean2": 0.515586853027,
        "dvar": 0.0797637179494,
        "dvar2": 0.206737756729,
        "max": 3.46464180946,
        "mean": -0.145315140486,
        "median": -0.198886960745,
        "min": -2.17236948013,
        "var": 0.278309881687
    },
    "erbbands_spread": {
        "dmean": 5.99035215378,
        "dmean2": 9.27011871338,
        "dvar": 33.2793540955,
        "dvar2": 75.6638031006,
        "max": 80.6669235229,
        "mean": 36.3250846863,
        "median": 35.5382118225,
        "min": 5.09692239761,
        "var": 119.211990356
    },
    "hfc": {
        "dmean": 5.44759702682,
        "dmean2": 8.31481361389,
        "dvar": 41.893032074,
        "dvar2": 97.5365447998,
        "max": 86.9599761963,
        "mean": 23.5339832306,
        "median": 20.658788681,
        "min": 1.18806799946e-16,
        "var": 165.019470215
    },
    "melbands_crest": {
        "dmean": 3.32160425186,
        "dmean2": 5.51776504517,
        "dvar": 11.7201786041,
        "dvar2": 31.0592899323,
        "max": 29.8070526123,
        "mean": 12.4906282425,
        "median": 11.8246059418,
        "min": 2.70347571373,
        "var": 19.578546524
    },
    "melbands_flatness_db": {
        "dmean": 0.0215016845614,
        "dmean2": 0.0330797806382,
        "dvar": 0.00044887966942,
        "dvar2": 0.0010968525894,
        "max": 0.297638237476,
        "mean": 0.158896952868,
        "median": 0.15601362288,
        "min": 0.006063291803,
        "var": 0.00149394501932
    },
    "melbands_kurtosis": {
        "dmean": 3.43039226532,
        "dmean2": 5.72418308258,
        "dvar": 33.7426147461,
        "dvar2": 88.7154998779,
        "max": 64.8561172485,
        "mean": 4.96503734589,
        "median": 3.29286241531,
        "min": -1.50750672817,
        "var": 36.9442672729
    },
    "melbands_skewness": {
        "dmean": 0.574570059776,
        "dmean2": 0.920247197151,
        "dvar": 0.437846720219,
        "dvar2": 1.08363234997,
        "max": 7.26462554932,
        "mean": 1.93244504929,
        "median": 1.81824719906,
        "min": -0.789643347263,
        "var": 0.897385299206
    },
    "melbands_spread": {
        "dmean": 7.9753279686,
        "dmean2": 12.7018480301,
        "dvar": 61.3555183411,
        "dvar2": 141.660247803,
        "max": 135.753372192,
        "mean": 32.8466262817,
        "median": 31.8356838226,
        "min": 4.89748859406,
        "var": 161.909912109
    },
    "pitch_salience": {
        "dmean": 0.0683517679572,
        "dmean2": 0.113633006811,
        "dvar": 0.00424261298031,
        "dvar2": 0.0123744271696,
        "max": 0.969658136368,
        "mean": 0.600331664085,
        "median": 0.607777178288,
        "min": 0.265926718712,
        "var": 0.00736095104367
    },
    "silence_rate_20dB": {
        "dmean": 0,
        "dmean2": 0,
        "dvar": 0,
        "dvar2": 0,
        "max": 1,
        "mean": 1,
        "median": 1,
        "min": 1,
        "var": 0
    },
    "silence_rate_30dB": {
        "dmean": 0,
        "dmean2": 0,
        "dvar": 0,
        "dvar2": 0,
        "max": 1,
        "mean": 1,
        "median": 1,
        "min": 1,
        "var": 0
    },
    "silence_rate_60dB": {
        "dmean": 0.00231839250773,
        "dmean2": 0.00463857734576,
        "dvar": 0.00231289025396,
        "dvar2": 0.0053905681707,
        "max": 1,
        "mean": 0.0339899584651,
        "median": 0,
        "min": 0,
        "var": 0.032835137099
    },
    "spectral_centroid": {
        "dmean": 256.358459473,
        "dmean2": 404.809112549,
        "dvar": 104707.25,
        "dvar2": 173836.390625,
        "max": 11289.7021484,
        "mean": 1772.51696777,
        "median": 1782.81750488,
        "min": 558.677001953,
        "var": 218378.109375
    },
    "spectral_complexity": {
        "dmean": 3.98608970642,
        "dmean2": 6.32083511353,
        "dvar": 10.8869638443,
        "dvar2": 24.8719387054,
        "max": 55,
        "mean": 31.7381229401,
        "median": 33,
        "min": 0,
        "var": 88.1293029785
    },
    "spectral_decrease": {
        "dmean": 2.31034413822e-09,
        "dmean2": 3.78974673865e-09,
        "dvar": 1.36553821022e-17,
        "dvar2": 3.52258801235e-17,
        "max": 3.88760021816e-25,
        "mean": -6.45565245705e-09,
        "median": -5.55297052784e-09,
        "min": -3.27059410665e-08,
        "var": 1.67585352809e-17
    },
    "spectral_energy": {
        "dmean": 0.00906239822507,
        "dmean2": 0.0148265250027,
        "dvar": 0.000204607713385,
        "dvar2": 0.000526044284925,
        "max": 0.12799936533,
        "mean": 0.0264996979386,
        "median": 0.0229247994721,
        "min": 1.04766059651e-20,
        "var": 0.00026400477509
    },
    "spectral_energyband_high": {
        "dmean": 0.00026026609703,
        "dmean2": 0.000369191140635,
        "dvar": 2.01168418812e-07,
        "dvar2": 4.24507561547e-07,
        "max": 0.00682464474812,
        "mean": 0.000709339685272,
        "median": 0.000490032369271,
        "min": 7.67321412876e-21,
        "var": 5.50782317532e-07
    },
    "spectral_energyband_low": {
        "dmean": 0.00421610334888,
        "dmean2": 0.00699146324769,
        "dvar": 6.57863420201e-05,
        "dvar2": 0.00017728486273,
        "max": 0.0701834410429,
        "mean": 0.00795167125762,
        "median": 0.00597157469019,
        "min": 3.54828814753e-23,
        "var": 6.63054524921e-05
    },
    "spectral_energyband_middle_high": {
        "dmean": 0.00215626484714,
        "dmean2": 0.00341013539582,
        "dvar": 7.72785460867e-06,
        "dvar2": 1.81499981409e-05,
        "max": 0.041628845036,
        "mean": 0.00770016619936,
        "median": 0.00638675270602,
        "min": 1.42508093608e-21,
        "var": 2.93926750601e-05
    },
    "spectral_energyband_middle_low": {
        "dmean": 0.00595726724714,
        "dmean2": 0.00993223953992,
        "dvar": 0.000147268467117,
        "dvar2": 0.000378552562324,
        "max": 0.115935787559,
        "mean": 0.0116012012586,
        "median": 0.00832973141223,
        "min": 3.44879966074e-22,
        "var": 0.00014548577019
    },
    "spectral_entropy": {
        "dmean": 0.092314735055,
        "dmean2": 0.135010838509,
        "dvar": 0.00983941461891,
        "dvar2": 0.0173938013613,
        "max": 9.80644226074,
        "mean": 7.76171445847,
        "median": 7.76017522812,
        "min": 7.09336566925,
        "var": 0.0424639731646
    },
    "spectral_flux": {
        "dmean": 0.0234625041485,
        "dmean2": 0.0356596335769,
        "dvar": 0.000952720118221,
        "dvar2": 0.00196051388048,
        "max": 0.312451511621,
        "mean": 0.087498895824,
        "median": 0.0772279947996,
        "min": 1.04311705107e-10,
        "var": 0.00193414615933
    },
    "spectral_kurtosis": {
        "dmean": 1.45381486416,
        "dmean2": 2.52315354347,
        "dvar": 2.29342770576,
        "dvar2": 6.87568855286,
        "max": 17.3537120819,
        "mean": 4.36280012131,
        "median": 4.20944595337,
        "min": -1.17342698574,
        "var": 3.33260798454
    },
    "spectral_rms": {
        "dmean": 0.000765023811255,
        "dmean2": 0.00121991895139,
        "dvar": 1.02822434656e-06,
        "dvar2": 2.53748157775e-06,
        "max": 0.0111748576164,
        "mean": 0.00485413800925,
        "median": 0.00472923461348,
        "min": 3.19704224032e-12,
        "var": 2.29069519264e-06
    },
    "spectral_rolloff": {
        "dmean": 545.012023926,
        "dmean2": 902.70526123,
        "dvar": 618131.0625,
        "dvar2": 1251115.25,
        "max": 18970.7519531,
        "mean": 1964.39758301,
        "median": 2024.12109375,
        "min": 172.265625,
        "var": 1249167.875
    },
    "spectral_skewness": {
        "dmean": 0.181063130498,
        "dmean2": 0.29963183403,
        "dvar": 0.0277351755649,
        "dvar2": 0.0770295262337,
        "max": 2.33740091324,
        "mean": 1.29520559311,
        "median": 1.31978821754,
        "min": -0.0222737267613,
        "var": 0.0795908123255
    },
    "spectral_spread": {
        "dmean": 365533.34375,
        "dmean2": 492325.40625,
        "dvar": 728759009280,
        "dvar2": 615820099584,
        "max": 39648900,
        "mean": 3599568,
        "median": 3531185.5,
        "min": 1966817.25,
        "var": 1.97285773312e+12
    },
    "spectral_strongpeak": {
        "dmean": 0.573419332504,
        "dmean2": 0.959826350212,
        "dvar": 0.831597805023,
        "dvar2": 2.06647634506,
        "max": 9.82351398468,
        "mean": 0.847569942474,
        "median": 0.34650734067,
        "min": 3.08106096192e-10,
        "var": 1.37082183361
    },
    "zerocrossingrate": {
        "dmean": 0.00874868687242,
        "dmean2": 0.0109717007726,
        "dvar": 0.000224330928177,
        "dvar2": 0.000331761781126,
        "max": 0.5126953125,
        "mean": 0.0657355934381,
        "median": 0.0625,
        "min": 0.02001953125,
        "var": 0.000625714776106
    },
    "barkbands": {
        "dmean": [4.51438099844e-05, 0.00226457975805, 0.00207230215892, 0.00120855099522, 0.00326315802522, 0.000689483887982, 0.000816474552266, 0.000731740845367, 0.00133852835279, 0.000793659128249, 0.000669652072247, 0.00033172275289, 0.000375318777515, 0.00037850701483, 0.000311056413921, 0.000328626541886, 0.000406694423873, 0.000295622798149, 0.000249099248322, 0.000177346213604, 7.52925479901e-05, 6.08569534961e-05, 4.83495750814e-05, 4.24698664574e-05, 2.36028827203e-05, 7.87198496255e-06, 1.50760772755e-08],
        "dmean2": [7.15043570381e-05, 0.0037748767063, 0.003545651678, 0.00207937788218, 0.00545405689627, 0.00111821608152, 0.0013128570281, 0.00118638074491, 0.00214781751856, 0.00126675458159, 0.00113691098522, 0.000535777769983, 0.000600809114985, 0.000622240069788, 0.000502480601426, 0.000558461586479, 0.000687954714522, 0.000498380337376, 0.000408693536883, 0.000290028925519, 0.000114410104288, 9.31806134759e-05, 7.05531638232e-05, 6.31513030385e-05, 3.30163020408e-05, 1.10074252007e-05, 2.73727831512e-08],
        "dvar": [9.68867297502e-09, 2.24348168558e-05, 1.57402864716e-05, 5.19865534443e-06, 0.000113515045086, 1.66418328718e-06, 2.94129245049e-06, 2.96653456644e-06, 9.70471592154e-06, 4.16911598222e-06, 1.84853672636e-06, 2.89426452582e-07, 7.41645578728e-07, 4.66241971253e-07, 5.62136733606e-07, 2.65174179503e-07, 2.10808821066e-07, 1.37203301165e-07, 1.04089558306e-07, 6.89149217692e-08, 1.23591927803e-08, 1.06948441214e-08, 2.21427924885e-08, 2.78963341316e-08, 7.12197811836e-09, 3.05879183093e-10, 2.0575154502e-15],
        "dvar2": [2.26071428244e-08, 5.82900938753e-05, 4.58791255369e-05, 1.49619636431e-05, 0.000291232572636, 4.15664544562e-06, 7.13197323421e-06, 7.74066393205e-06, 2.67867544608e-05, 9.37029744819e-06, 4.8464999054e-06, 7.20698949408e-07, 1.79202254458e-06, 1.17313345527e-06, 1.28127283006e-06, 6.96461881944e-07, 5.7603216419e-07, 3.68246645621e-07, 2.63320515614e-07, 1.6810142256e-07, 2.71300102384e-08, 2.45218494399e-08, 5.24228092047e-08, 7.03997855567e-08, 1.38776474756e-08, 4.99644492447e-10, 5.80862330349e-15],
        "max": [0.00101446965709, 0.0451719835401, 0.0376097895205, 0.0256548859179, 0.107073441148, 0.0224572829902, 0.027992606163, 0.0304109882563, 0.0491280518472, 0.0509519167244, 0.0269883982837, 0.00965450145304, 0.0171943977475, 0.0107467789203, 0.017626285553, 0.0175005625933, 0.00956375524402, 0.0101977149025, 0.00636524846777, 0.00734956841916, 0.00184740894474, 0.00153337337542, 0.00371219730005, 0.0046012327075, 0.00270771374926, 0.000701259763446, 7.96555980287e-07],
        "mean": [5.18563465448e-05, 0.00322908675298, 0.00347688770853, 0.00189792038873, 0.00349795725197, 0.00118073786143, 0.00135391228832, 0.00112749531399, 0.00210386118852, 0.00130333390553, 0.00104452006053, 0.000540354521945, 0.000607988680713, 0.000624692824204, 0.000567256356589, 0.000708425650373, 0.000929398636799, 0.000665277882945, 0.000623320811428, 0.00044549012091, 0.000167773308931, 0.000125090926304, 9.53816706897e-05, 7.21673859516e-05, 4.34933899669e-05, 1.60320741998e-05, 1.1826074342e-08],
        "median": [1.85430671991e-05, 0.00192002207041, 0.0024703501258, 0.00130950391758, 0.00140925892629, 0.000717496091966, 0.000640544923954, 0.000491633079946, 0.0010120436782, 0.000673947506584, 0.000532547594048, 0.000295279111015, 0.000223282215302, 0.000365309417248, 0.000327736895997, 0.000550572294742, 0.000785385374911, 0.000566690403502, 0.000503671355546, 0.000353731360519, 0.000120151627925, 6.92310495651e-05, 4.11837936554e-05, 3.03553006233e-05, 1.869397056e-05, 7.49690752855e-06, 1.46320044969e-09],
        "min": [3.75386088181e-24, 4.19913184204e-24, 1.34153906423e-23, 6.36314651573e-24, 2.76974238751e-23, 3.44557246233e-23, 2.3239676607e-23, 6.80311751396e-23, 5.36805394071e-23, 7.59219866915e-23, 3.29161395044e-23, 7.22181837673e-23, 6.02209031308e-23, 1.16456531455e-22, 9.91772464568e-23, 1.00495426719e-22, 1.47394646416e-22, 1.31062070235e-22, 2.99332702506e-22, 2.19044736736e-22, 3.47073176095e-22, 4.99507331031e-22, 4.56707651064e-22, 8.11237140435e-22, 1.19215669028e-21, 1.66643763796e-21, 2.62760242562e-21],
        "var": [1.14560041453e-08, 2.15512282011e-05, 1.43097095133e-05, 4.57671194454e-06, 8.9328699687e-05, 2.95616814583e-06, 5.71193686483e-06, 4.75716842629e-06, 1.59560131578e-05, 7.2669936344e-06, 3.92467472921e-06, 5.93415563799e-07, 1.5580649233e-06, 7.41867154375e-07, 1.08842709778e-06, 8.86196858119e-07, 4.35250086639e-07, 2.68284111371e-07, 2.68620652832e-07, 1.9861074918e-07, 3.19805906202e-08, 2.54533532029e-08, 3.70783794779e-08, 3.29136540245e-08, 1.37522429e-08, 7.8015255367e-10, 1.47530290698e-15]
    },
    "erbbands": {
        "dmean": [0.0422168672085, 0.613616704941, 2.19001173973, 3.45641231537, 7.92708778381, 12.0397968292, 5.9295964241, 6.01085758209, 10.9924268723, 13.4665346146, 16.4524116516, 27.7262992859, 27.5150756836, 22.4238376617, 22.3385829926, 13.0959825516, 15.0110301971, 14.961391449, 19.7393684387, 11.5965442657, 18.9974060059, 20.8123378754, 17.8310108185, 10.8063106537, 12.5028991699, 8.05302524567, 3.63218832016, 2.70165872574, 2.34872126579, 1.84068894386, 1.31521964073, 0.987910330296, 0.671198546886, 0.325184643269, 0.139636352658, 0.0432543233037, 0.0136070651934, 0.00188624032307, 3.67188658856e-05, 1.10272767415e-05],
        "dmean2": [0.0667165741324, 1.0417983532, 3.74998903275, 5.93824577332, 13.2732305527, 20.5446033478, 10.1364822388, 9.54690074921, 17.5820007324, 21.7468299866, 26.2845783234, 44.3562011719, 44.4113922119, 36.2223052979, 37.8769226074, 21.1775188446, 23.9246768951, 24.2682991028, 32.0888366699, 18.8464488983, 31.9664764404, 34.9585227966, 30.1075897217, 18.0198554993, 20.1323490143, 13.2778024673, 5.70528554916, 4.17273950577, 3.68095993996, 2.68901181221, 1.92518520355, 1.50348544121, 0.990467846394, 0.467485755682, 0.19434286654, 0.0604195445776, 0.0199221372604, 0.00283056939952, 5.41617882845e-05, 1.75231562025e-05],
        "dvar": [0.00842968467623, 1.66341876984, 17.5914878845, 45.4758987427, 474.1300354, 1733.96118164, 181.182617188, 159.490478516, 648.085998535, 758.97644043, 1523.54052734, 3868.47558594, 5050.41162109, 1762.87597656, 1839.59143066, 521.910644531, 1139.84680176, 750.664611816, 1415.37341309, 678.44934082, 653.703369141, 624.997924805, 551.544555664, 148.045089722, 323.958740234, 136.328430176, 21.5076503754, 21.1402378082, 17.2310733795, 21.4254665375, 18.5121192932, 18.6980648041, 6.22177600861, 1.51292324066, 0.235579952598, 0.0148795926943, 0.000676862313412, 1.02662061181e-05, 3.68082875291e-09, 2.77589090603e-10],
        "dvar2": [0.0191025938839, 4.49890995026, 51.0757980347, 131.204574585, 1206.20336914, 4552.93603516, 509.373748779, 365.933166504, 1620.43005371, 1900.22131348, 3917.00073242, 10521.3798828, 11608.1933594, 4244.12304688, 5166.78857422, 1292.18884277, 2813.51708984, 1827.47290039, 3236.46069336, 1620.86914062, 1750.06518555, 1700.99768066, 1469.80700684, 405.096099854, 801.702575684, 338.326904297, 46.9838676453, 48.4714393616, 41.286277771, 54.5484695435, 42.2967414856, 50.8652877808, 14.7768135071, 3.40421319008, 0.393926948309, 0.0222380571067, 0.0013042249484, 2.17133183469e-05, 7.27164106706e-09, 6.9286615334e-10],
        "max": [0.943153381348, 12.3851003647, 41.0662612915, 62.5895957947, 213.710998535, 425.523498535, 142.069091797, 277.440093994, 499.049865723, 390.268585205, 749.177490234, 991.100769043, 1910.73937988, 884.676269531, 765.82989502, 396.214935303, 565.909179688, 412.306610107, 960.854553223, 650.404541016, 938.289550781, 582.517089844, 730.804199219, 139.857162476, 332.062988281, 302.340515137, 73.5551071167, 71.016456604, 55.0372657776, 134.289855957, 86.8389892578, 145.168884277, 55.9543037415, 28.3548564911, 19.1884727478, 5.27091503143, 0.843707501888, 0.0742395147681, 0.0016052586725, 0.000155255402206],
        "mean": [0.0573541410267, 0.870000362396, 3.74877333641, 5.88758325577, 9.24026489258, 11.9185590744, 8.44068431854, 10.6492519379, 18.3642444611, 22.4704933167, 26.3345546722, 44.2527198792, 45.9731750488, 40.4358444214, 36.0981750488, 23.0878372192, 25.6356010437, 28.0488967896, 36.9380760193, 25.089422226, 46.2771759033, 50.9013977051, 42.3875923157, 27.9563026428, 31.7367248535, 20.8627643585, 9.70338249207, 5.55353212357, 4.58728408813, 3.8378970623, 2.47146105766, 1.73558390141, 1.06315732002, 0.561610102654, 0.260719180107, 0.0857496261597, 0.0264559555799, 0.00324893812649, 7.81501512392e-05, 3.53460818587e-05],
        "median": [0.0260472875088, 0.548243701458, 2.62761926651, 4.24224233627, 4.46181726456, 4.18432474136, 4.91993379593, 6.02093791962, 9.14216041565, 10.6968250275, 13.3639535904, 20.9895343781, 26.687953949, 21.919549942, 19.8568019867, 12.4764852524, 10.6765260696, 16.3961143494, 23.7590732574, 17.1849727631, 39.0630874634, 43.3446540833, 36.2434959412, 24.472984314, 23.4316730499, 16.9341430664, 8.07129573822, 3.52390813828, 2.61066365242, 1.79783558846, 1.04622387886, 0.748366713524, 0.43394574523, 0.224898681045, 0.113920256495, 0.0402970016003, 0.0114295817912, 0.00117942714132, 4.21056975028e-05, 3.04418099404e-05],
        "min": [2.64554437902e-22, 6.86785080876e-22, 1.36294307192e-20, 1.42825188934e-20, 8.08144084731e-20, 9.0947726406e-20, 1.44764801455e-19, 3.03811910161e-19, 3.33873980067e-19, 4.78465978321e-19, 2.0728957967e-18, 1.19453772644e-18, 2.10960234997e-18, 2.35051932376e-18, 2.55708265953e-18, 2.64831137532e-18, 2.93964810937e-18, 5.3109983225e-18, 8.03064161794e-18, 4.63622656499e-18, 5.88962067356e-18, 8.19510001297e-18, 8.8351152955e-18, 1.32358691827e-17, 1.31840066126e-17, 1.02504080887e-17, 1.34975221269e-17, 1.44277636535e-17, 1.87813707273e-17, 1.37587705797e-17, 1.46558686336e-17, 1.43546855551e-17, 1.48812902397e-17, 1.15035676916e-17, 9.19554187663e-18, 5.40673082992e-18, 3.19014052593e-18, 1.4988360705e-18, 3.72150935732e-19, 3.4911364548e-20],
        "var": [0.0102275330573, 1.44054663181, 16.4673671722, 38.7904281616, 390.136260986, 1277.59082031, 165.052383423, 313.138916016, 1155.8795166, 1379.57458496, 2261.47363281, 6364.66162109, 8264.74511719, 4717.93066406, 3203.60449219, 1090.9239502, 2283.56884766, 1475.45812988, 2950.62280273, 1228.66992188, 2412.86010742, 1333.7175293, 1072.60412598, 330.580718994, 955.622131348, 384.612091064, 68.0948181152, 45.6124000549, 33.0364952087, 39.7377624512, 30.2390556335, 19.1131763458, 7.59369802475, 2.26579856873, 0.542338252068, 0.0371461212635, 0.00167047476862, 2.33655609918e-05, 9.2472864921e-09, 4.44204367733e-10]
    },
    "gfcc": {
        "mean": [21.2726345062, 101.6147995, -140.571884155, 41.9512710571, -51.988407135, 8.0787115097, -32.9000930786, 17.4993000031, -24.1761035919, -4.55449342728, -19.5636329651, -3.86192798615, -12.0485200882],
        "cov": [[5729.18945312, -424.976470947, 41.2315559387, 66.5340881348, -243.633544922, 209.447784424, -195.690979004, 78.2958831787, -142.454315186, 92.0123977661, -120.211349487, 107.283172607, -101.041740417], [-424.976470947, 830.388061523, -365.133666992, 102.970611572, 156.574493408, -196.480529785, 192.657272339, -133.356887817, 140.595001221, -112.827735901, 113.272171021, -108.659812927, 90.6171798706], [41.2315559387, -365.133666992, 390.342468262, -50.9939002991, -40.6267280579, 68.6489868164, -108.284065247, 81.3339004517, -74.434967041, 68.654876709, -81.3033905029, 70.878112793, -54.8253822327], [66.5340881348, 102.970611572, -50.9939002991, 163.94770813, 8.41949176788, -12.4633665085, -5.15259838104, -51.3756523132, 48.8790092468, -37.1560592651, 24.7335567474, -22.0970363617, 46.6774787903], [-243.633544922, 156.574493408, -40.6267280579, 8.41949176788, 154.92791748, -28.3493442535, 75.3666381836, -5.06726694107, 26.5946311951, 4.13268661499, 2.73488712311, -6.64361333847, 5.68830871582], [209.447784424, -196.480529785, 68.6489868164, -12.4633665085, -28.3493442535, 158.5599823, -10.8071365356, 50.2586746216, -35.8857841492, 12.7370166779, -0.763968765736, 18.988407135, -18.5751781464], [-195.690979004, 192.657272339, -108.284065247, -5.15259838104, 75.3666381836, -10.8071365356, 156.745483398, -15.0905408859, 26.7948970795, -23.6440353394, 18.5588989258, -17.3174552917, 5.12597751617], [78.2958831787, -133.356887817, 81.3339004517, -51.3756523132, -5.06726694107, 50.2586746216, -15.0905408859, 122.462631226, -0.892538607121, 43.7941818237, -15.2063760757, 10.3773994446, -24.0696716309], [-142.454315186, 140.595001221, -74.434967041, 48.8790092468, 26.5946311951, -35.8857841492, 26.7948970795, -0.892538607121, 104.352203369, -1.96806490421, 37.8231277466, -33.4504508972, 17.8754482269], [92.0123977661, -112.827735901, 68.654876709, -37.1560592651, 4.13268661499, 12.7370166779, -23.6440353394, 43.7941818237, -1.96806490421, 76.8594970703, -11.5118179321, 25.0679283142, -26.41447258], [-120.211349487, 113.272171021, -81.3033905029, 24.7335567474, 2.73488712311, -0.763968765736, 18.5588989258, -15.2063760757, 37.8231277466, -11.5118179321, 84.1720352173, -10.2584209442, 22.7275772095], [107.283172607, -108.659812927, 70.878112793, -22.0970363617, -6.64361333847, 18.988407135, -17.3174552917, 10.3773994446, -33.4504508972, 25.0679283142, -10.2584209442, 69.5326004028, -4.37564086914], [-101.041740417, 90.6171798706, -54.8253822327, 46.6774787903, 5.68830871582, -18.5751781464, 5.12597751617, -24.0696716309, 17.8754482269, -26.41447258, 22.7275772095, -4.37564086914, 70.8266525269]],
        "icov": [[0.000274654943496, -0.000456223031506, 0.000439230934717, -0.000528828473762, 0.000560204265639, -0.000613128591795, 0.000476896209875, -0.000323491927702, 0.000379381875973, -0.000620409031399, 0.000869102485012, -0.000788612756878, 0.000659066485241], [-0.000456223031506, 0.00720968749374, -7.23841003492e-05, 0.000893575663213, -0.00405649887398, 0.00621579401195, -0.00445013167337, 0.00178720103577, -0.00197654310614, 0.00472882809117, -0.0062096985057, 0.00510360486805, -0.00306425173767], [0.000439230934717, -7.23841003492e-05, 0.00642439350486, -0.00169823784381, 0.000180866758456, -0.00126924959477, 0.00307131232694, -0.00239296373911, 0.00134968361817, -0.00160954962485, 0.00416539050639, -0.0043678348884, 0.00288111297414], [-0.000528828473762, 0.000893575663213, -0.00169823784381, 0.0118789635599, -0.00205952790566, -0.00121730368119, 0.00113607174717, 0.00505561800674, -0.00667990837246, 0.00388198322617, -0.000947575550526, 0.00225325557403, -0.00598198641092], [0.000560204265639, -0.00405649887398, 0.000180866758456, -0.00205952790566, 0.0119522018358, -0.00234664254822, -0.00228383392096, -0.00138997519389, 0.000793198414613, -0.00554369948804, 0.00493443151936, -0.00341567257419, 0.00154192734044], [-0.000613128591795, 0.00621579401195, -0.00126924959477, -0.00121730368119, -0.00234664254822, 0.0148033872247, -0.00556274456903, -0.0027774150949, 0.00241098809056, 0.00486378837377, -0.00873489119112, 0.00437095435336, -0.00119959341828], [0.000476896209875, -0.00445013167337, 0.00307131232694, 0.00113607174717, -0.00228383392096, -0.00556274456903, 0.0141361337155, -0.00117389007937, -0.000592538970523, 0.000365183717804, 0.00468953838572, -0.00495000323281, 0.00378027185798], [-0.000323491927702, 0.00178720103577, -0.00239296373911, 0.00505561800674, -0.00138997519389, -0.0027774150949, -0.00117389007937, 0.0151690710336, -0.00527164107189, -0.00329541484825, -0.000503674440552, 0.00380814168602, -0.00281069008633], [0.000379381875973, -0.00197654310614, 0.00134968361817, -0.00667990837246, 0.000793198414613, 0.00241098809056, -0.000592538970523, -0.00527164107189, 0.0201180558652, -0.00643918151036, -0.0041394289583, 0.00436449656263, 0.00145613844506], [-0.000620409031399, 0.00472882809117, -0.00160954962485, 0.00388198322617, -0.00554369948804, 0.00486378837377, 0.000365183717804, -0.00329541484825, -0.00643918151036, 0.0266146641225, -0.00502088339999, -0.0033116012346, 0.0027924599126], [0.000869102485012, -0.0062096985057, 0.00416539050639, -0.000947575550526, 0.00493443151936, -0.00873489119112, 0.00468953838572, -0.000503674440552, -0.0041394289583, -0.00502088339999, 0.0244288165122, -0.008026920259, 0.000673158036079], [-0.000788612756878, 0.00510360486805, -0.0043678348884, 0.00225325557403, -0.00341567257419, 0.00437095435336, -0.00495000323281, 0.00380814168602, 0.00436449656263, -0.0033116012346, -0.008026920259, 0.027056267485, -0.00753695331514], [0.000659066485241, -0.00306425173767, 0.00288111297414, -0.00598198641092, 0.00154192734044, -0.00119959341828, 0.00378027185798, -0.00281069008633, 0.00145613844506, 0.0027924599126, 0.000673158036079, -0.00753695331514, 0.0234773140401]]
    },
    "melbands": {
        "dmean": [0.000499113113619, 0.00101653777529, 0.000625806802418, 0.000850200827699, 0.000240391455009, 0.00013310360373, 0.000164652781677, 0.000154806868522, 0.000151447093231, 0.000186408360605, 0.000142761171446, 9.40704921959e-05, 8.59853535076e-05, 3.7263136619e-05, 4.60047449451e-05, 3.04897075694e-05, 3.14988828904e-05, 3.61952806998e-05, 2.25600797421e-05, 1.93315681827e-05, 2.60233173321e-05, 2.47655370913e-05, 2.12823379115e-05, 1.35256968861e-05, 9.73925216385e-06, 1.0904550436e-05, 8.7355811047e-06, 5.3909025155e-06, 2.81114239442e-06, 2.02004298444e-06, 1.5695248976e-06, 1.55091368015e-06, 1.12372936201e-06, 1.05933395389e-06, 8.34842808217e-07, 6.57855537156e-07, 6.26178632501e-07, 5.32430078692e-07, 3.56006466973e-07, 2.71318043588e-07],
        "dmean2": [0.000811590405647, 0.00172832992394, 0.00107433623634, 0.00142395251896, 0.000414431036916, 0.000212405037018, 0.000263598456513, 0.000248985015787, 0.000242621070356, 0.000298606930301, 0.000229640354519, 0.00014993789955, 0.000146061705891, 6.0850627051e-05, 7.40771720302e-05, 4.89520934934e-05, 5.12347833137e-05, 5.95295969106e-05, 3.6591256503e-05, 3.240154183e-05, 4.3935906433e-05, 4.20165670221e-05, 3.61250895367e-05, 2.26877655223e-05, 1.64275479619e-05, 1.78617265192e-05, 1.42420167322e-05, 9.06229251996e-06, 4.54477685707e-06, 3.15880902235e-06, 2.48301012107e-06, 2.49651520789e-06, 1.72440786628e-06, 1.57619342644e-06, 1.27025964503e-06, 1.01008197362e-06, 9.71241092884e-07, 8.1243109662e-07, 5.16462534961e-07, 3.99173018195e-07],
        "dvar": [1.1149807051e-06, 3.89752904084e-06, 1.29834177187e-06, 7.92179071141e-06, 4.10138284224e-07, 6.9143482051e-08, 1.34473182811e-07, 1.10947510734e-07, 1.56626271064e-07, 1.78946578444e-07, 1.32034699618e-07, 3.07013436895e-08, 2.94013098312e-08, 4.11854994553e-09, 1.39895028894e-08, 4.38758851473e-09, 3.65196251018e-09, 4.13527878607e-09, 3.3917242348e-09, 1.60848057096e-09, 1.00015862259e-09, 9.35933219814e-10, 6.64092503211e-10, 3.34986205441e-10, 1.24083660014e-10, 2.46209941324e-10, 1.95863811281e-10, 5.33267006941e-11, 1.22188006241e-11, 9.42526438841e-12, 7.60257568705e-12, 7.60616916673e-12, 4.30965593073e-12, 8.53326350553e-12, 7.95474623672e-12, 6.11549135984e-12, 7.89501103382e-12, 4.30257652423e-12, 1.46559121176e-12, 1.28996997546e-12],
        "dvar2": [2.75798879557e-06, 1.10403416329e-05, 3.6976807678e-06, 2.03773415706e-05, 1.14826650588e-06, 1.61984004876e-07, 3.37015308105e-07, 2.83615378294e-07, 3.99447571908e-07, 4.94633411563e-07, 3.02369841165e-07, 7.42549275401e-08, 8.27574169193e-08, 9.9536006104e-09, 3.46008874885e-08, 1.04907318388e-08, 9.05858854594e-09, 9.89713644373e-09, 7.99318922162e-09, 3.89602750062e-09, 2.69059952096e-09, 2.56533394527e-09, 1.80868842126e-09, 8.7242962854e-10, 3.51243450991e-10, 6.27927376762e-10, 4.77737294169e-10, 1.36921543548e-10, 2.86177314485e-11, 2.14467436865e-11, 1.81262643784e-11, 1.91469808758e-11, 9.91879842149e-12, 2.22203089262e-11, 1.86154980319e-11, 1.53389263097e-11, 2.14693349904e-11, 1.02950018302e-11, 3.37626823201e-12, 3.0110627533e-12],
        "max": [0.00934826396406, 0.0186550989747, 0.0106436507776, 0.0282924845815, 0.00621903128922, 0.00540174078196, 0.00651111686602, 0.00549198267981, 0.0089065246284, 0.00713545549661, 0.00963157974184, 0.00354948965833, 0.00246731960215, 0.00159232364967, 0.00289459363557, 0.00122618908063, 0.000965586747043, 0.001298041665, 0.00125879282132, 0.00109648471698, 0.000920964055695, 0.000736638263334, 0.000465917109977, 0.000454526918475, 0.000129131323774, 0.000302807049593, 0.000362927064998, 0.000141677621286, 6.59834113321e-05, 5.67823954043e-05, 4.49332037533e-05, 3.7820169382e-05, 4.41412485088e-05, 8.90759183676e-05, 6.35231044726e-05, 6.82091485942e-05, 9.28007502807e-05, 5.00295864185e-05, 2.36016057897e-05, 2.99588991766e-05],
        "mean": [0.000702038349118, 0.00172851188108, 0.00105679966509, 0.000879412342329, 0.000315379351377, 0.000240252033109, 0.000275397411315, 0.000252794765402, 0.0002294362057, 0.000294199824566, 0.00023208046332, 0.000164302618941, 0.000132885383209, 6.31699731457e-05, 7.04528210917e-05, 5.06189389853e-05, 5.28338496224e-05, 6.27382833045e-05, 3.97746807721e-05, 3.72873000742e-05, 5.78560648137e-05, 5.3712137742e-05, 4.68630714749e-05, 2.94657602353e-05, 2.12990653381e-05, 2.45576611633e-05, 1.98333800654e-05, 1.24661091832e-05, 6.65795050736e-06, 4.10055417888e-06, 2.8774106795e-06, 2.76044738712e-06, 2.1550904421e-06, 2.08570281757e-06, 1.49224342749e-06, 1.09861355213e-06, 1.04116463717e-06, 7.98919927547e-07, 5.56404188501e-07, 4.5024364681e-07],
        "median": [0.000379937962862, 0.00124295451678, 0.000776282977313, 0.000323368585669, 0.000174430984771, 0.000141705924761, 0.000137696915772, 0.000113840760605, 0.000104956212454, 0.000136639209813, 0.000130589658511, 8.54345562402e-05, 6.82301324559e-05, 3.71996866306e-05, 2.46824401984e-05, 2.08349229069e-05, 2.93730954581e-05, 3.96603245463e-05, 2.20898309635e-05, 2.55223258137e-05, 4.92182080052e-05, 4.43389399152e-05, 3.96972573071e-05, 2.461951226e-05, 1.80169809028e-05, 1.83538704732e-05, 1.36758735607e-05, 1.01620753412e-05, 5.41576537216e-06, 2.74864123639e-06, 1.6657119204e-06, 1.62186768193e-06, 9.52016762312e-07, 9.6981614206e-07, 6.25577968094e-07, 4.4563313395e-07, 4.25897042078e-07, 3.19993546327e-07, 2.1455464605e-07, 1.72943842358e-07],
        "min": [2.06254034e-24, 5.60243019545e-24, 4.82133562584e-24, 5.8813903442e-24, 4.75576629626e-24, 7.52500491719e-24, 4.7142509134e-24, 5.59540065592e-24, 1.90490486855e-23, 6.16417173517e-24, 1.09849677802e-23, 9.00543020131e-24, 6.80344883554e-24, 6.91435557907e-24, 6.94740096239e-24, 7.06053939342e-24, 9.08062047849e-24, 1.37816366725e-23, 6.6097302352e-24, 6.53009945998e-24, 6.64171262845e-24, 7.18115149266e-24, 9.95279377277e-24, 6.36932329661e-24, 1.12102853873e-23, 8.05671294453e-24, 8.47055489744e-24, 5.45469548056e-24, 8.00418821888e-24, 7.60006818777e-24, 8.83538334458e-24, 1.01735691189e-23, 9.22714113644e-24, 6.37727659226e-24, 8.8569413354e-24, 7.42025602189e-24, 9.17526012129e-24, 1.11152623581e-23, 8.73508204706e-24, 9.84909485134e-24],
        "var": [1.1855406683e-06, 3.52910387846e-06, 1.0982968206e-06, 6.15177577856e-06, 3.12967330274e-07, 1.35453774419e-07, 2.42629596414e-07, 1.96838328748e-07, 2.36525224295e-07, 3.03322678974e-07, 2.19085094955e-07, 7.97772159444e-08, 5.01318808688e-08, 9.24763998711e-09, 2.84350445412e-08, 9.2471381663e-09, 5.98052540823e-09, 8.02260391453e-09, 5.89349946623e-09, 3.94351040711e-09, 2.86171619734e-09, 1.70435088265e-09, 1.22516252699e-09, 6.42168540566e-10, 2.34132796484e-10, 5.71399649818e-10, 5.45184786205e-10, 1.32274718956e-10, 3.44221318116e-11, 2.2142163103e-11, 1.40782108193e-11, 1.16708960204e-11, 1.1204875569e-11, 1.3344362941e-11, 1.22238720882e-11, 7.4638108194e-12, 7.84804426307e-12, 4.93631741386e-12, 1.97465112838e-12, 1.78737558608e-12]
    },
    "mfcc": {
        "mean": [-610.148376465, 123.967651367, -24.3037567139, 33.4265365601, 2.6112382412, -2.67144966125, 2.29991984367, 11.2794456482, 3.68316817284, 4.39472675323, -3.39734053612, -2.40402936935, -2.38458919525],
        "cov": [[3664.16040039, -303.072052002, 180.050689697, -90.634803772, 0.608098328114, 63.7314605713, -17.2676753998, 19.3833026886, -37.1650390625, -1.7786822319, -15.9114360809, -16.7149200439, 15.9683256149], [-303.072052002, 671.520446777, -344.444549561, 212.499282837, -60.0748329163, 4.89623212814, 24.5214996338, 6.06947183609, 28.5879077911, 13.1281633377, 10.9979476929, 16.5496120453, -4.74162769318], [180.050689697, -344.444549561, 367.320953369, -119.45148468, 59.8384017944, -27.7739028931, -26.958864212, -5.38755083084, -18.1008720398, -20.3414993286, -11.3234214783, -7.27787256241, 6.11668682098], [-90.634803772, 212.499282837, -119.45148468, 203.50012207, -3.0268266201, 22.3515510559, -32.1947631836, -16.7839946747, 27.9897003174, -9.35397624969, -15.8082437515, -2.95019745827, -0.123904101551], [0.608098328114, -60.0748329163, 59.8384017944, -3.0268266201, 101.643592834, -6.05766868591, -11.56483078, -1.91327059269, 4.98095607758, 16.8568115234, -1.80340075493, -0.11330806464, 8.29257392883], [63.7314605713, 4.89623212814, -27.7739028931, 22.3515510559, -6.05766868591, 94.0077056885, 25.3547019958, 17.1141986847, -3.45466256142, -13.4373645782, -0.451014339924, -3.40940904617, -9.0345993042], [-17.2676753998, 24.5214996338, -26.958864212, -32.1947631836, -11.56483078, 25.3547019958, 96.5126266479, 31.0287723541, 12.3480920792, -5.57541513443, 11.3588142395, 3.45557284355, -2.77768111229], [19.3833026886, 6.06947183609, -5.38755083084, -16.7839946747, -1.91327059269, 17.1141986847, 31.0287723541, 69.3729171753, 5.68387126923, 15.3444261551, 3.00288915634, 4.15508365631, 5.71167516708], [-37.1650390625, 28.5879077911, -18.1008720398, 27.9897003174, 4.98095607758, -3.45466256142, 12.3480920792, 5.68387126923, 71.984413147, 15.3828105927, 7.99345684052, -0.801814615726, -7.27687120438], [-1.7786822319, 13.1281633377, -20.3414993286, -9.35397624969, 16.8568115234, -13.4373645782, -5.57541513443, 15.3444261551, 15.3828105927, 70.3823776245, 26.4561157227, 10.3737764359, 3.1576359272], [-15.9114360809, 10.9979476929, -11.3234214783, -15.8082437515, -1.80340075493, -0.451014339924, 11.3588142395, 3.00288915634, 7.99345684052, 26.4561157227, 53.6024360657, 21.1921215057, 4.93541383743], [-16.7149200439, 16.5496120453, -7.27787256241, -2.95019745827, -0.11330806464, -3.40940904617, 3.45557284355, 4.15508365631, -0.801814615726, 10.3737764359, 21.1921215057, 48.8698997498, 16.6327209473], [15.9683256149, -4.74162769318, 6.11668682098, -0.123904101551, 8.29257392883, -9.0345993042, -2.77768111229, 5.71167516708, -7.27687120438, 3.1576359272, 4.93541383743, 16.6327209473, 53.6834373474]],
