{
"lowlevel": {
    "average_loudness": 0.977975785732,
    "barkbands_crest": {
        "dmean": 2.73995113373,
        "dmean2": 4.46126174927,
        "dvar": 6.61968994141,
        "dvar2": 17.4072818756,
        "max": 23.6566734314,
        "mean": 9.19394874573,
        "median": 8.37842464447,
        "min": 2.64886927605,
        "var": 13.5506439209
    },
    "barkbands_flatness_db": {
        "dmean": 0.0210675355047,
        "dmean2": 0.0318143218756,
        "dvar": 0.00037158629857,
        "dvar2": 0.00071769382339,
        "max": 0.243401348591,
        "mean": 0.133935049176,
        "median": 0.134687960148,
        "min": 0.0376328788698,
        "var": 0.00145823566709
    },
    "barkbands_kurtosis": {
        "dmean": 1.09703063965,
        "dmean2": 1.78016471863,
        "dvar": 3.1236872673,
        "dvar2": 7.20776510239,
        "max": 35.7783927917,
        "mean": 0.541092574596,
        "median": -0.188343286514,
        "min": -1.77667462826,
        "var": 7.31275987625
    },
    "barkbands_skewness": {
        "dmean": 0.421533674002,
        "dmean2": 0.657331168652,
        "dvar": 0.162032708526,
        "dvar2": 0.355294078588,
        "max": 5.37385034561,
        "mean": 0.523080170155,
        "median": 0.404810965061,
        "min": -1.37755215168,
        "var": 0.627956092358
    },
    "barkbands_spread": {
        "dmean": 5.60913419724,
        "dmean2": 8.98735904694,
        "dvar": 47.4972229004,
        "dvar2": 96.2800979614,
        "max": 85.663269043,
        "mean": 23.3711700439,
        "median": 21.7847328186,
        "min": 2.92715644836,
        "var": 110.060188293
    },
    "dissonance": {
        "dmean": 0.0251124482602,
        "dmean2": 0.0432644747198,
        "dvar": 0.000496654887684,
        "dvar2": 0.00144607154652,
        "max": 0.49979197979,
        "mean": 0.462058275938,
        "median": 0.470085471869,
        "min": 0.323869109154,
        "var": 0.000869105686434
    },
    "dynamic_complexity": 2.63245129585,
    "erbbands_crest": {
        "dmean": 3.04865479469,
        "dmean2": 5.15243244171,
        "dvar": 7.78163719177,
        "dvar2": 21.126619339,
        "max": 27.3871669769,
        "mean": 10.3319034576,
        "median": 9.43956756592,
        "min": 2.96433019638,
        "var": 20.8953876495
    },
    "erbbands_flatness_db": {
        "dmean": 0.0214528292418,
        "dmean2": 0.0305780693889,
        "dvar": 0.000381809193641,
        "dvar2": 0.000666234525852,
        "max": 0.324254989624,
        "mean": 0.189478769898,
        "median": 0.193660184741,
        "min": 0.0754985138774,
        "var": 0.00196060561575
    },
    "erbbands_kurtosis": {
        "dmean": 1.40468788147,
        "dmean2": 2.28260827065,
        "dvar": 3.13959622383,
        "dvar2": 8.35140705109,
        "max": 19.3745937347,
        "mean": 1.81937110424,
        "median": 1.15759801865,
        "min": -1.82351624966,
        "var": 7.01577234268
    },
    "erbbands_skewness": {
        "dmean": 0.406494528055,
        "dmean2": 0.639653205872,
        "dvar": 0.128967344761,
        "dvar2": 0.324817031622,
        "max": 2.8448433876,
        "mean": 0.474341392517,
        "median": 0.462247014046,
        "min": -1.95183718204,
        "var": 0.430854380131
    },
    "erbbands_spread": {
        "dmean": 6.11186408997,
        "dmean2": 9.05275440216,
        "dvar": 49.3763465881,
        "dvar2": 85.8470993042,
        "max": 95.0318450928,
        "mean": 23.0180206299,
        "median": 17.9191226959,
        "min": 4.21632289886,
        "var": 211.12210083
    },
    "hfc": {
        "dmean": 10.5803728104,
        "dmean2": 14.7986736298,
        "dvar": 178.197982788,
        "dvar2": 383.683685303,
        "max": 144.138763428,
        "mean": 32.784526825,
        "median": 29.593372345,
        "min": 3.56814382485e-07,
        "var": 518.51361084
    },
    "melbands_crest": {
        "dmean": 3.11760354042,
        "dmean2": 5.07931900024,
        "dvar": 8.48479270935,
        "dvar2": 21.4986495972,
        "max": 26.8110980988,
        "mean": 12.092165947,
        "median": 11.5243291855,
        "min": 3.6375670433,
        "var": 17.4898014069
    },
    "melbands_flatness_db": {
        "dmean": 0.0252614356577,
        "dmean2": 0.0374781638384,
        "dvar": 0.00063169101486,
        "dvar2": 0.00123116339091,
        "max": 0.34035167098,
        "mean": 0.184092357755,
        "median": 0.18930336833,
        "min": 0.0504947677255,
        "var": 0.00247557112016
    },
    "melbands_kurtosis": {
        "dmean": 2.57758259773,
        "dmean2": 4.00633573532,
        "dvar": 24.7825050354,
        "dvar2": 55.2503623962,
        "max": 84.1810684204,
        "mean": 3.36688613892,
        "median": 1.0804772377,
        "min": -1.73973274231,
        "var": 60.9048042297
    },
    "melbands_skewness": {
        "dmean": 0.575001180172,
        "dmean2": 0.894224345684,
        "dvar": 0.327355802059,
        "dvar2": 0.688125908375,
        "max": 7.25966978073,
        "mean": 1.25356984138,
        "median": 1.03026759624,
        "min": -0.608357548714,
        "var": 1.2248595953
    },
    "melbands_spread": {
        "dmean": 7.13157224655,
        "dmean2": 11.3096094131,
        "dvar": 70.8211135864,
        "dvar2": 161.734710693,
        "max": 125.067817688,
        "mean": 30.487739563,
        "median": 29.5886516571,
        "min": 2.74226284027,
        "var": 162.947525024
    },
    "pitch_salience": {
        "dmean": 0.0686869472265,
        "dmean2": 0.110787190497,
        "dvar": 0.00342551223002,
        "dvar2": 0.00850342959166,
        "max": 0.784955620766,
        "mean": 0.533677458763,
        "median": 0.526261210442,
        "min": 0.195023611188,
        "var": 0.00890224333853
    },
    "silence_rate_20dB": {
        "dmean": 0,
        "dmean2": 0,
        "dvar": 0,
        "dvar2": 0,
        "max": 1,
        "mean": 1,
        "median": 1,
        "min": 1,
        "var": 0
    },
    "silence_rate_30dB": {
        "dmean": 0.00928792543709,
        "dmean2": 0.018590239808,
        "dvar": 0.00920158904046,
        "dvar2": 0.0259905848652,
        "max": 1,
        "mean": 0.994586229324,
        "median": 1,
        "min": 0,
        "var": 0.00538431294262
    },
    "silence_rate_60dB": {
        "dmean": 0.0030959751457,
        "dmean2": 0.00619674660265,
        "dvar": 0.00308635854162,
        "dvar2": 0.00615850323811,
        "max": 1,
        "mean": 0.0340293906629,
        "median": 0,
        "min": 0,
        "var": 0.0328711569309
    },
    "spectral_centroid": {
        "dmean": 206.953384399,
        "dmean2": 312.743103027,
        "dvar": 136172.09375,
        "dvar2": 199621.515625,
        "max": 11189.7373047,
        "mean": 1407.47094727,
        "median": 1349.69909668,
        "min": 549.26385498,
        "var": 242779.6875
    },
    "spectral_complexity": {
        "dmean": 4.38544893265,
        "dmean2": 6.17195987701,
        "dvar": 20.9287662506,
        "dvar2": 38.2045326233,
        "max": 57,
        "mean": 23.9435424805,
        "median": 23,
        "min": 0,
        "var": 95.445526123
    },
    "spectral_decrease": {
        "dmean": 2.71153410836e-09,
        "dmean2": 4.02002520161e-09,
        "dvar": 1.21268606908e-17,
        "dvar2": 2.75768897141e-17,
        "max": -6.31472450678e-18,
        "mean": -8.87611584233e-09,
        "median": -8.35057711868e-09,
        "min": -3.86081744352e-08,
        "var": 2.80378923587e-17
    },
    "spectral_energy": {
        "dmean": 0.0108805187047,
        "dmean2": 0.0159722678363,
        "dvar": 0.000181202194653,
        "dvar2": 0.00040616968181,
        "max": 0.151334539056,
        "mean": 0.0364741794765,
        "median": 0.0342552214861,
        "min": 5.61973315105e-11,
        "var": 0.000454124558019
    },
    "spectral_energyband_high": {
        "dmean": 0.000779655878432,
        "dmean2": 0.00109064241406,
        "dvar": 2.75809225059e-06,
        "dvar2": 6.17122350377e-06,
        "max": 0.0190969165415,
        "mean": 0.00106263172347,
        "median": 0.000257784966379,
        "min": 2.47742625026e-11,
        "var": 4.1884395614e-06
    },
    "spectral_energyband_low": {
        "dmean": 0.0071264388971,
        "dmean2": 0.0112449349836,
        "dvar": 0.000176855392056,
        "dvar2": 0.000409893516917,
        "max": 0.125001892447,
        "mean": 0.0121923843399,
        "median": 0.00919709634036,
        "min": 2.57029965887e-12,
        "var": 0.000211596765439
    },
    "spectral_energyband_middle_high": {
        "dmean": 0.00462024752051,
        "dmean2": 0.00717121642083,
        "dvar": 2.44634447881e-05,
        "dvar2": 6.15108874626e-05,
        "max": 0.0596640184522,
        "mean": 0.0147684961557,
        "median": 0.0136786457151,
        "min": 1.96434465916e-11,
        "var": 0.000108841079054
    },
    "spectral_energyband_middle_low": {
        "dmean": 0.00362636754289,
        "dmean2": 0.00561096007004,
        "dvar": 1.50458881762e-05,
        "dvar2": 3.72045760741e-05,
        "max": 0.034631639719,
        "mean": 0.00910512544215,
        "median": 0.00772257894278,
        "min": 4.20417910554e-12,
        "var": 3.98416159442e-05
    },
    "spectral_entropy": {
        "dmean": 0.155755266547,
        "dmean2": 0.21782951057,
        "dvar": 0.0297112129629,
        "dvar2": 0.0464506074786,
        "max": 9.80230712891,
        "mean": 7.6391711235,
        "median": 7.57752275467,
        "min": 6.74795198441,
        "var": 0.119051493704
    },
    "spectral_flux": {
        "dmean": 0.0241107866168,
        "dmean2": 0.0361012294888,
        "dvar": 0.000605004956014,
        "dvar2": 0.00129189481959,
        "max": 0.26389092207,
        "mean": 0.101363331079,
        "median": 0.0973209664226,
        "min": 3.40883598255e-05,
        "var": 0.00203908118419
    },
    "spectral_kurtosis": {
        "dmean": 1.85361099243,
        "dmean2": 3.05068135262,
        "dvar": 3.4815261364,
        "dvar2": 8.7799987793,
        "max": 17.5560245514,
        "mean": 4.91272163391,
        "median": 4.64567708969,
        "min": -1.20910406113,
        "var": 9.2135925293
    },
    "spectral_rms": {
        "dmean": 0.000825358612929,
        "dmean2": 0.00118947005831,
        "dvar": 7.0042023026e-07,
        "dvar2": 1.4824987602e-06,
        "max": 0.0121508622542,
        "mean": 0.00567151932046,
        "median": 0.00578097999096,
        "min": 2.34150945744e-07,
        "var": 3.41843247043e-06
    },
    "spectral_rolloff": {
        "dmean": 457.280334473,
        "dmean2": 754.980102539,
        "dvar": 829655.5625,
        "dvar2": 1621141.875,
        "max": 14233.4472656,
        "mean": 1600.32043457,
        "median": 1399.65820312,
        "min": 86.1328125,
        "var": 1267042.875
    },
    "spectral_skewness": {
        "dmean": 0.232865959406,
        "dmean2": 0.367401838303,
        "dvar": 0.0497955866158,
        "dvar2": 0.102683484554,
        "max": 2.8663084507,
        "mean": 1.60788369179,
        "median": 1.64487349987,
        "min": -0.0173484887928,
        "var": 0.179011657834
    },
    "spectral_spread": {
        "dmean": 498481.4375,
        "dmean2": 633749.8125,
        "dvar": 1.40706001715e+12,
        "dvar2": 1.55130042778e+12,
        "max": 40392388,
        "mean": 3852310.5,
        "median": 3416218.25,
        "min": 1881954,
        "var": 2.65812810138e+12
    },
    "spectral_strongpeak": {
        "dmean": 1.02077388763,
        "dmean2": 1.8112180233,
        "dvar": 2.09088993073,
        "dvar2": 5.23128414154,
        "max": 10.6269798279,
        "mean": 1.46487271786,
        "median": 0.452949017286,
        "min": 0,
        "var": 2.95919322968
    },
    "zerocrossingrate": {
        "dmean": 0.00964960176498,
        "dmean2": 0.0109721450135,
        "dvar": 0.000209660036489,
        "dvar2": 0.000186820907402,
        "max": 0.427734375,
        "mean": 0.0598807297647,
        "median": 0.05322265625,
        "min": 0.01220703125,
        "var": 0.000843001005705
    },
    "barkbands": {
        "dmean": [0.000183153009857, 0.0064286570996, 0.00126510532573, 0.000505994830746, 0.000656595977489, 0.000625817978289, 0.000694434682373, 0.000587417453062, 0.00215162127279, 0.0015726032434, 0.00248991209082, 0.00142371468246, 0.0007305535255, 0.000767011952121, 0.000996860442683, 0.000461229326902, 0.000206386612263, 0.000182680872967, 0.000122667523101, 0.000131294043968, 0.000107689505967, 0.000183282027137, 0.000289222691208, 0.000121481287351, 4.58323629573e-05, 1.90645023395e-05, 7.597293461e-07],
        "dmean2": [0.00031609472353, 0.0104112857953, 0.00223762821406, 0.000818993023131, 0.00110906385817, 0.00098112761043, 0.00107918179128, 0.000954725430347, 0.00338668632321, 0.00260939542204, 0.00401395233348, 0.00239108782262, 0.00120088399854, 0.00125818606466, 0.00167555513326, 0.000745543919038, 0.000329512200551, 0.000292148528388, 0.000191956904018, 0.00020009437867, 0.000167790465639, 0.000265835376922, 0.000428895174991, 0.000178474088898, 6.88109066687e-05, 2.90796360787e-05, 1.15321074645e-06],
        "dvar": [1.75926999191e-07, 0.000165056742844, 3.8293437683e-06, 6.2287477931e-07, 1.08422307221e-06, 1.0006838238e-06, 1.66215647823e-06, 1.67059306477e-06, 8.5014362412e-06, 5.84436702411e-06, 1.43200531966e-05, 4.3079508032e-06, 2.43912927544e-06, 4.13779434894e-06, 4.68013149657e-06, 7.01273734194e-07, 7.9548712506e-08, 6.93253809914e-08, 3.93699153278e-08, 5.29382333525e-08, 4.83234146031e-08, 1.69137265971e-07, 4.52419186558e-07, 9.06509995957e-08, 1.74029803901e-08, 3.07300629387e-09, 2.0417495819e-11],
        "dvar2": [4.49480381803e-07, 0.000399846554501, 1.12777197501e-05, 1.52471693582e-06, 2.89949616672e-06, 2.38671373154e-06, 3.80486062568e-06, 3.71795363208e-06, 2.14028423215e-05, 1.37849910971e-05, 3.80353631044e-05, 1.218237594e-05, 6.61712647343e-06, 1.07961113827e-05, 1.21341654449e-05, 1.7531406229e-06, 1.78872795686e-07, 1.63699596101e-07, 9.45934033325e-08, 1.16030008712e-07, 1.18976231533e-07, 3.83157441775e-07, 1.05577998966e-06, 1.96270931951e-07, 3.16306802972e-08, 6.08677197533e-09, 4.16429148109e-11],
        "max": [0.00384952477179, 0.112290233374, 0.0177583117038, 0.00780663779005, 0.0105396974832, 0.0142830237746, 0.014931589365, 0.0196841489524, 0.0312795937061, 0.044431772083, 0.0402924306691, 0.0198434423655, 0.0240452792495, 0.0467299260199, 0.0355402901769, 0.0163223240525, 0.00431253714487, 0.00475521711633, 0.00314477249049, 0.00342718022875, 0.00171266996767, 0.0048265545629, 0.00733757019043, 0.00658357003704, 0.00278129684739, 0.00134389160667, 0.000160783689353],
        "mean": [0.000161568750627, 0.00958862621337, 0.00198294175789, 0.00078701833263, 0.000930172565859, 0.0012218618067, 0.000980659504421, 0.000823116977699, 0.0037892346736, 0.0025110852439, 0.00437305588275, 0.00234475522302, 0.0011584549211, 0.00122946104966, 0.00160198810045, 0.000808184209745, 0.000395076873247, 0.000360823440133, 0.000220142290345, 0.000246183888521, 0.000160585070262, 0.000237426924286, 0.00033717910992, 0.000148263919982, 5.4756685131e-05, 2.08198780456e-05, 7.49416415147e-07],
        "median": [3.48671528627e-05, 0.00665798317641, 0.00111447111703, 0.000407339830417, 0.00054840836674, 0.00068726867903, 0.000379402044928, 0.000336310476996, 0.00223729969002, 0.00133394752629, 0.00218650116585, 0.0013771711383, 0.000502976065036, 0.000592066382524, 0.000662919250317, 0.000342227664078, 0.000232439779211, 0.000211783801205, 0.000142738805152, 0.000128208572278, 6.05106506555e-05, 5.18478627782e-05, 4.3508302042e-05, 1.72091822606e-05, 7.14261750545e-06, 2.07031666832e-06, 7.8556247729e-08],
        "min": [4.6382598283e-12, 6.59617542878e-13, 2.2320625979e-14, 1.4949975665e-14, 1.11107080296e-13, 6.25838248412e-13, 1.61942765513e-13, 1.69878623972e-13, 2.51082509818e-12, 1.21341402638e-12, 1.34796514228e-12, 7.10608568516e-12, 1.60710464034e-12, 2.13461041378e-12, 2.07163062746e-12, 4.77714818658e-13, 4.04775036189e-13, 7.1482441277e-13, 6.12354513884e-13, 1.92242467605e-12, 8.02157819335e-13, 2.00263156752e-12, 1.73962753924e-12, 2.13705615704e-12, 2.21764468768e-12, 3.96850304354e-12, 5.72703126242e-12],
        "var": [1.4397033965e-07, 0.000171261897776, 4.96865186506e-06, 1.09756001621e-06, 1.20746790344e-06, 2.03122976927e-06, 2.95712470688e-06, 2.37510153056e-06, 1.86696070159e-05, 1.31690339913e-05, 2.8710857805e-05, 7.37856998967e-06, 3.86553301723e-06, 6.32307455817e-06, 8.54208883538e-06, 1.47014964114e-06, 2.01665073973e-07, 2.06853982831e-07, 6.40091002424e-08, 1.08991287107e-07, 6.44151683105e-08, 2.39239682287e-07, 5.59217824048e-07, 1.48206694917e-07, 3.20244701868e-08, 5.40481881472e-09, 2.81747403186e-11]
    },
    "erbbands": {
        "dmean": [0.168922945857, 1.50533437729, 1.78248393536, 1.38664937019, 2.0169262886, 2.1724114418, 3.31450915337, 5.47908878326, 9.75977134705, 9.08556365967, 17.8497257233, 33.498298645, 58.7885856628, 102.988243103, 41.9585037231, 43.7221984863, 31.8230266571, 32.5597686768, 41.7382545471, 40.3922233582, 20.0889663696, 9.32991313934, 9.96339511871, 6.52920913696, 7.07374191284, 5.80064582825, 4.92728185654, 3.70291590691, 6.57892942429, 7.97055721283, 8.09772777557, 3.62969946861, 1.59042346478, 0.6195936203, 0.264505594969, 0.119871228933, 0.0286627374589, 0.00363777321763, 9.36633732636e-05, 1.61634106917e-05],
        "dmean2": [0.289058536291, 2.42034316063, 2.96079182625, 2.25811219215, 3.41787385941, 3.62528824806, 5.30529737473, 8.67065143585, 14.8906040192, 14.3348283768, 29.0616912842, 52.9253120422, 94.1461105347, 165.46887207, 67.7126083374, 72.7235641479, 52.2768821716, 53.467880249, 67.9371871948, 66.0059814453, 32.8278923035, 14.6369218826, 15.8050279617, 10.2574949265, 10.6815032959, 8.8254442215, 7.40362977982, 5.53777503967, 9.55502891541, 11.8177661896, 11.9765052795, 5.4061255455, 2.31026625633, 0.891662836075, 0.403088271618, 0.184672057629, 0.0431211367249, 0.00532463472337, 0.00013541035878, 2.29717516049e-05],
        "dvar": [0.135059148073, 8.96882820129, 8.11056804657, 4.3102145195, 11.3910970688, 11.9013395309, 23.7523899078, 89.1251983643, 310.014282227, 351.085754395, 938.443603516, 2497.31396484, 5919.35888672, 21456.1015625, 2955.82763672, 3393.04150391, 4246.828125, 5208.58496094, 7103.51318359, 8826.13671875, 1035.9354248, 165.517929077, 197.278701782, 122.216499329, 139.791946411, 114.456932068, 101.925598145, 55.6880264282, 217.36227417, 383.177612305, 359.436859131, 72.3270568848, 20.5895938873, 3.31890177727, 0.629910230637, 0.104808844626, 0.00926716253161, 0.000247763557127, 1.68447456872e-07, 4.22466839289e-10],
        "dvar2": [0.349908202887, 21.7323379517, 21.1075592041, 10.8155097961, 30.8598957062, 29.9588470459, 56.9911880493, 215.724273682, 685.053039551, 839.411010742, 2372.45751953, 5980.71240234, 14532.6972656, 57530.3984375, 7373.91552734, 9578.99414062, 11253.0126953, 13327.1074219, 16889.2226562, 23231.7363281, 2786.46240234, 364.279022217, 456.242553711, 316.250152588, 338.249603271, 239.808334351, 248.470230103, 123.789604187, 497.353302002, 830.083435059, 853.922241211, 157.310195923, 44.4301452637, 6.22982501984, 1.16033887863, 0.221198812127, 0.0170738790184, 0.000483858952066, 3.36868708928e-07, 8.52445947164e-10],
        "max": [2.89435148239, 26.8560619354, 28.0043869019, 18.1535682678, 31.2298622131, 37.8332595825, 55.0447425842, 137.336196899, 245.051025391, 334.980010986, 384.820007324, 687.60534668, 769.228088379, 1483.14135742, 975.360595703, 579.447631836, 984.197814941, 1701.53967285, 1644.62329102, 2226.81860352, 444.462371826, 190.931274414, 300.129516602, 181.894378662, 192.542144775, 200.476791382, 94.3174591064, 92.6978988647, 142.702529907, 383.807342529, 140.634078979, 100.012512207, 125.806480408, 38.6813621521, 20.1797084808, 5.81254482269, 2.76488137245, 0.551022648811, 0.0143932048231, 0.000378710363293],
        "mean": [0.190528422594, 2.38508105278, 3.31282162666, 2.42332816124, 2.62178969383, 3.15977263451, 6.87968254089, 9.31941318512, 14.0756912231, 13.1491355896, 26.9127368927, 59.6176948547, 104.307723999, 196.601898193, 85.0431976318, 77.1982269287, 56.4507865906, 57.6263046265, 72.6039352417, 72.6673355103, 40.2422866821, 19.8077430725, 20.1528930664, 12.7346334457, 12.9325256348, 10.7217683792, 7.5507516861, 5.81232833862, 8.38548469543, 9.87836074829, 9.44918632507, 4.36332941055, 1.93336486816, 0.758987665176, 0.310648113489, 0.129212990403, 0.031755015254, 0.00394756207243, 0.000117594165204, 4.8775873438e-05],
        "median": [0.0842855200171, 1.80183792114, 2.23699402809, 1.43929362297, 1.33868610859, 2.03134870529, 4.04416799545, 5.71166753769, 5.7004365921, 6.25311803818, 13.3986587524, 34.4624176025, 66.9473724365, 115.104431152, 60.3679389954, 49.5185775757, 28.6647338867, 35.6293144226, 35.8550415039, 34.4085655212, 22.4160079956, 13.1741628647, 12.1859264374, 7.85159349442, 7.82458734512, 5.61256790161, 3.38190340996, 1.89081013203, 1.89269471169, 1.56789040565, 1.14294445515, 0.518398165703, 0.219981357455, 0.0951090827584, 0.0439099557698, 0.0141915213317, 0.00267073651776, 0.000504388764966, 3.57885292033e-05, 4.41385527665e-05],
        "min": [6.09485725778e-11, 3.57751051006e-11, 1.99373590554e-11, 5.30168270396e-11, 1.46984618921e-10, 4.78866279963e-10, 1.06989606063e-09, 7.21760917699e-09, 3.64600927227e-09, 2.20254836591e-09, 5.67267699481e-09, 3.750712807e-08, 7.36119645239e-08, 5.18991463139e-08, 1.78581856858e-07, 2.89837373657e-07, 6.94708006677e-08, 1.46350430441e-07, 7.99952957209e-08, 7.16712591498e-08, 3.10826671068e-08, 2.09000674545e-08, 3.487965472e-08, 3.96411650172e-08, 3.42298243083e-08, 9.81224701491e-08, 4.1283943375e-08, 3.41548620497e-08, 6.46085993594e-08, 7.3254348365e-08, 5.03449371081e-08, 3.52496272171e-08, 4.57629241168e-08, 2.61051038564e-08, 1.68939191525e-08, 1.20336816067e-08, 7.06629688096e-09, 2.19943085966e-09, 8.4644780074e-10, 8.66711286074e-11],
        "var": [0.115505740047, 9.62771892548, 11.5812311172, 7.75232791901, 12.9845199585, 15.6584701538, 58.4369125366, 153.417068481, 557.427368164, 481.148406982, 1438.42956543, 5465.55566406, 12114.2861328, 46729.9179688, 7436.70996094, 6555.64794922, 7743.02392578, 7776.00634766, 15522.2509766, 13431.1386719, 2313.87695312, 409.715393066, 649.071899414, 213.821685791, 237.390350342, 207.643508911, 130.24382019, 92.2858810425, 290.675415039, 547.520874023, 427.601593018, 101.615188599, 34.7255744934, 6.18267440796, 1.10108482838, 0.164163723588, 0.0171850733459, 0.000414017675212, 2.60163062649e-07, 1.05597475208e-09]
    },
    "gfcc": {
        "mean": [13.064494133, 105.137870789, -145.248168945, 24.6523151398, -56.0534362793, 33.8946990967, -19.4414730072, 12.0692501068, -13.7466268539, -3.9032459259, -12.9358673096, 2.08723735809, -3.67767572403],
        "cov": [[7825.22070312, -374.267913818, 231.991607666, 390.784210205, -121.540390015, 139.638504028, -335.162384033, 187.10017395, -79.2093276978, 189.721603394, -82.3178329468, 15.5828342438, -212.604675293], [-374.267913818, 1163.4609375, -85.4491653442, 31.6153392792, 343.827362061, -111.589179993, 187.861099243, -92.2264022827, 136.900360107, -132.238876343, 104.599967957, -91.7334289551, 60.2912025452], [231.991607666, -85.4491653442, 505.118225098, 230.8175354, -24.9504928589, 68.9803390503, -35.4832458496, 20.0260066986, -38.5921325684, 50.936252594, -20.9974746704, 45.9702110291, -43.1079673767], [390.784210205, 31.6153392792, 230.8175354, 314.16897583, -39.9912910461, 37.842830658, -20.174571991, -16.9471168518, 36.8564529419, -15.5293102264, 34.5148277283, 7.63370990753, -6.96478319168], [-121.540390015, 343.827362061, -24.9504928589, -39.9912910461, 375.587463379, 15.5671081543, 91.8719024658, 30.5422306061, 22.5520114899, 27.9317245483, -23.1103019714, -20.7795200348, 25.5128288269], [139.638504028, -111.589179993, 68.9803390503, 37.842830658, 15.5671081543, 141.027084351, 26.7497005463, 6.26037979126, 4.93857574463, 17.9591217041, -11.3761062622, 6.86247634888, -6.55859661102], [-335.162384033, 187.861099243, -35.4832458496, -20.174571991, 91.8719024658, 26.7497005463, 154.417388916, 21.862821579, 23.7631549835, -54.9587059021, 13.5642538071, -8.2477645874, 25.4197006226], [187.10017395, -92.2264022827, 20.0260066986, -16.9471168518, 30.5422306061, 6.26037979126, 21.862821579, 116.069068909, -5.18976736069, 25.2451438904, -29.5200233459, 11.0869255066, -3.60678124428], [-79.2093276978, 136.900360107, -38.5921325684, 36.8564529419, 22.5520114899, 4.93857574463, 23.7631549835, -5.18976736069, 122.496017456, -9.23488712311, 31.7851467133, -11.7855243683, 20.7720584869], [189.721603394, -132.238876343, 50.936252594, -15.5293102264, 27.9317245483, 17.9591217041, -54.9587059021, 25.2451438904, -9.23488712311, 137.168807983, -1.7862341404, 2.93220043182, -21.9425067902], [-82.3178329468, 104.599967957, -20.9974746704, 34.5148277283, -23.1103019714, -11.3761062622, 13.5642538071, -29.5200233459, 31.7851467133, -1.7862341404, 84.3103561401, 5.48839139938, 6.08455562592], [15.5828342438, -91.7334289551, 45.9702110291, 7.63370990753, -20.7795200348, 6.86247634888, -8.2477645874, 11.0869255066, -11.7855243683, 2.93220043182, 5.48839139938, 73.4703521729, 17.5676345825], [-212.604675293, 60.2912025452, -43.1079673767, -6.96478319168, 25.5128288269, -6.55859661102, 25.4197006226, -3.60678124428, 20.7720584869, -21.9425067902, 6.08455562592, 17.5676345825, 69.4557495117]],
        "icov": [[0.000217874257942, -0.000385364284739, 0.000433067296399, -0.000527654017787, 0.000277218816336, -0.000580813037232, 0.000639370118733, -0.000673320377246, 0.000356905627996, -0.000342939281836, 0.000520095054526, -0.000566631380934, 0.000674342445564], [-0.000385364284739, 0.00473416456953, -0.0024967584759, 0.0017510013422, -0.00429147016257, 0.00448098173365, -0.0026195589453, 0.00346363638528, -0.00298367114738, 0.00409031938761, -0.00549658993259, 0.00521339429542, -0.002177644521], [0.000433067296399, -0.0024967584759, 0.00611389661208, -0.00511636538431, 0.00224762130529, -0.00297416886315, 0.000728331448045, -0.00192421162501, 0.00302810943685, -0.00422185007483, 0.00542231230065, -0.00594655843452, 0.00409124977887], [-0.000527654017787, 0.0017510013422, -0.00511636538431, 0.0083420900628, -0.00158925261348, 0.000844532682095, 0.000673803384416, 0.00138736481313, -0.00336845917627, 0.00458995858207, -0.00601781578735, 0.00444373534992, -0.00312444684096], [0.000277218816336, -0.00429147016257, 0.00224762130529, -0.00158925261348, 0.00774672208354, -0.00339661212638, -0.00100338854827, -0.00252024410293, 0.00218197680078, -0.00617673806846, 0.00700624519959, -0.0039682853967, 0.000665485626087], [-0.000580813037232, 0.00448098173365, -0.00297416886315, 0.000844532682095, -0.00339661212638, 0.0134765813127, -0.00682408176363, 0.0052993465215, -0.00375018198974, 0.000956325384323, -0.0020666285418, 0.00356317963451, -0.00143242767081], [0.000639370118733, -0.0026195589453, 0.000728331448045, 0.000673803384416, -0.00100338854827, -0.00682408176363, 0.0160629507154, -0.00736429542303, 0.00159279408399, 0.0053233881481, -0.00302783120424, -0.000339742167853, -0.000229792160098], [-0.000673320377246, 0.00346363638528, -0.00192421162501, 0.00138736481313, -0.00252024410293, 0.0052993465215, -0.00736429542303, 0.0151988249272, -0.00331561896019, -0.00115500122774, 0.00177006679587, 0.000807086005807, -0.000944662257098], [0.000356905627996, -0.00298367114738, 0.00302810943685, -0.00336845917627, 0.00218197680078, -0.00375018198974, 0.00159279408399, -0.00331561896019, 0.0128128184006, -0.00286747561768, 0.000130250715301, -0.00127278664149, -0.00111392210238], [-0.000342939281836, 0.00409031938761, -0.00422185007483, 0.00458995858207, -0.00617673806846, 0.000956325384323, 0.0053233881481, -0.00115500122774, -0.00286747561768, 0.0166649222374, -0.0100611010566, 0.00613561365753, -0.000957616488449], [0.000520095054526, -0.00549658993259, 0.00542231230065, -0.00601781578735, 0.00700624519959, -0.0020666285418, -0.00302783120424, 0.00177006679587, 0.000130250715301, -0.0100611010566, 0.0258460547775, -0.0108327297494, 0.00481490092352], [-0.000566631380934, 0.00521339429542, -0.00594655843452, 0.00444373534992, -0.0039682853967, 0.00356317963451, -0.000339742167853, 0.000807086005807, -0.00127278664149, 0.00613561365753, -0.0108327297494, 0.0247649513185, -0.0105406111106], [0.000674342445564, -0.002177644521, 0.00409124977887, -0.00312444684096, 0.000665485626087, -0.00143242767081, -0.000229792160098, -0.000944662257098, -0.00111392210238, -0.000957616488449, 0.00481490092352, -0.0105406111106, 0.0225082803518]]
    },
    "melbands": {
        "dmean": [0.00169896578882, 0.00125261698849, 0.000241570698563, 0.000158787413966, 0.000102260652056, 0.000126607497805, 0.000148210587213, 0.000102935053292, 0.000172181607923, 0.000256626633927, 0.000302541622659, 0.000400642340537, 0.000195106767933, 0.000188709105714, 8.33849553601e-05, 7.69758116803e-05, 6.26510445727e-05, 6.6560896812e-05, 8.89969305717e-05, 3.83036349376e-05, 2.33342998399e-05, 1.16270557555e-05, 8.46275270305e-06, 9.44921885093e-06, 5.28648979525e-06, 4.98891586176e-06, 6.02761747359e-06, 3.75584659196e-06, 3.34091396326e-06, 2.51887786362e-06, 2.09638642445e-06, 3.83642600355e-06, 3.84321310776e-06, 4.87553097628e-06, 5.11171765538e-06, 3.32956028615e-06, 1.96121322915e-06, 1.22779511003e-06, 7.77915715844e-07, 4.29680568459e-07],
        "dmean2": [0.00281654600985, 0.00204022671096, 0.000401519413572, 0.000266278337222, 0.000164824348758, 0.000198352456209, 0.000226490010391, 0.000162593423738, 0.000284455745714, 0.000399878568714, 0.000487054669065, 0.000644159561489, 0.000314465927659, 0.000319998565828, 0.00013764257892, 0.000126914237626, 0.000102679645352, 0.000109024942503, 0.000150693813339, 6.04239139648e-05, 3.8756577851e-05, 1.84002801689e-05, 1.34568654175e-05, 1.53008604684e-05, 8.55992675497e-06, 7.80740720074e-06, 9.53677317739e-06, 5.83954124522e-06, 5.05435809828e-06, 4.10165330322e-06, 3.20865342474e-06, 5.78441813559e-06, 5.69444728171e-06, 7.43993587093e-06, 7.63604475651e-06, 4.96817028761e-06, 2.99620978694e-06, 1.83506779194e-06, 1.14396334538e-06, 6.28717771178e-07],
        "dvar": [1.2413607692e-05, 5.00073247167e-06, 1.20131431913e-07, 6.76263738342e-08, 2.17770601552e-08, 4.50290791321e-08, 7.01062816688e-08, 5.04295201154e-08, 8.44041068149e-08, 1.30112283614e-07, 1.56254799322e-07, 3.14150696568e-07, 7.50545581241e-08, 8.7106833746e-08, 2.50346392505e-08, 2.82578138666e-08, 2.61547441482e-08, 2.65417785528e-08, 3.75428435007e-08, 8.31845436977e-09, 1.37667022226e-09, 2.82945056274e-10, 1.44476888786e-10, 1.90539514722e-10, 9.34019736554e-11, 6.16036180401e-11, 1.18574566832e-10, 5.35376638855e-11, 4.51386532319e-11, 2.59699223931e-11, 1.86043767197e-11, 7.61246968239e-11, 7.8971447437e-11, 1.53557944138e-10, 1.45051387568e-10, 6.22458265487e-11, 2.2039562883e-11, 1.34519626341e-11, 5.8963532841e-12, 1.75154780003e-12],
        "dvar2": [3.06724286929e-05, 1.16430474009e-05, 3.05375209564e-07, 1.80017167395e-07, 5.36455502242e-08, 1.05376877002e-07, 1.56344469815e-07, 1.14522251238e-07, 2.18657646656e-07, 3.18428703849e-07, 3.76420302928e-07, 8.38257676605e-07, 1.94400826103e-07, 2.44239259928e-07, 6.6942625665e-08, 7.42255110708e-08, 6.69143673804e-08, 6.5015008488e-08, 9.66462465612e-08, 2.04869259335e-08, 3.76185482764e-09, 6.0986060646e-10, 3.3391542309e-10, 4.60547627812e-10, 2.4735447024e-10, 1.49147139084e-10, 2.92523061329e-10, 1.10911446694e-10, 1.07919895243e-10, 6.50791018297e-11, 4.08164994858e-11, 1.81641729435e-10, 1.77892464648e-10, 3.37517541693e-10, 3.46930040251e-10, 1.44218539888e-10, 4.89109933111e-11, 3.10474042309e-11, 1.15097592915e-11, 3.28445842572e-12],
        "max": [0.0298243071884, 0.0209783930331, 0.00285256723873, 0.00261860596947, 0.00145214167424, 0.00304495613091, 0.00323155149817, 0.00425260746852, 0.00355914910324, 0.00419316021726, 0.00414981413633, 0.00546223530546, 0.00353845255449, 0.00299641652964, 0.00275233830325, 0.00322918267921, 0.00413772556931, 0.00267120986246, 0.00297351158224, 0.00173322763294, 0.000543589296285, 0.000284088950139, 0.000306356843794, 0.000213753577555, 0.000171005536686, 0.000116202485515, 0.000162600859767, 0.00013603073603, 6.73037939123e-05, 4.13604830101e-05, 6.47096676403e-05, 7.5733390986e-05, 0.000116908959171, 0.000248001888394, 9.46176296566e-05, 6.89072112436e-05, 6.8063432991e-05, 0.000101663179521, 5.99783888902e-05, 2.78019724647e-05],
        "mean": [0.00228852918372, 0.00238066213205, 0.000424415251473, 0.000208524172194, 0.000210555066587, 0.000223764247494, 0.000217232125578, 0.000146165912156, 0.000250087090535, 0.000455062574474, 0.000512658501975, 0.000757920090109, 0.000375777570298, 0.000280747568468, 0.000140906093293, 0.000121463948744, 0.000102782978502, 0.000105137383798, 0.00014349106641, 6.39474674244e-05, 4.35042820754e-05, 2.13678013097e-05, 1.67600610439e-05, 1.71471747308e-05, 9.44827388594e-06, 8.7057815108e-06, 1.03073780338e-05, 6.30052954875e-06, 4.97279233969e-06, 3.61764182344e-06, 3.22921687257e-06, 4.72685633213e-06, 4.81767847305e-06, 5.8061918935e-06, 5.95451729168e-06, 3.85827388527e-06, 2.24994619202e-06, 1.43531281083e-06, 9.62770059232e-07, 5.16423426689e-07],
        "median": [0.00133591843769, 0.00189273711294, 0.000261290348135, 0.000110687527922, 0.00014059478417, 0.000133846449899, 9.3655398814e-05, 6.48343557259e-05, 0.000114610447781, 0.000258115935139, 0.000317496043863, 0.000436505273683, 0.000238969048951, 0.000146630627569, 7.28201775928e-05, 5.36762672709e-05, 5.59278487344e-05, 4.38189345005e-05, 5.66877388337e-05, 2.3418053388e-05, 2.21243208216e-05, 1.28960145958e-05, 1.07485057015e-05, 9.78986827249e-06, 5.75811918679e-06, 5.44734621144e-06, 5.42273846804e-06, 3.00574993162e-06, 2.21362188313e-06, 1.27754856294e-06, 1.00269699033e-06, 1.10480618787e-06, 9.25702806853e-07, 8.87687519935e-07, 7.1710053362e-07, 4.48087064342e-07, 2.50401200219e-07, 1.59165807645e-07, 1.14264231854e-07, 6.21641618181e-08],
        "min": [5.9347817459e-13, 1.70205798918e-14, 1.00554076377e-14, 2.2809967077e-14, 3.48473488021e-14, 1.47374191843e-13, 5.18351332723e-14, 2.3970922293e-14, 4.49734210105e-14, 3.24310863537e-13, 3.59083314298e-13, 1.8203631148e-13, 3.52129187354e-13, 7.20043545187e-13, 2.40833991205e-13, 2.11360930927e-13, 2.58896907818e-13, 9.53759098608e-14, 1.69133411161e-13, 4.25132104271e-14, 3.67462475921e-14, 2.18832147769e-14, 2.16328199793e-14, 3.77242115042e-14, 3.15765378526e-14, 2.24290377259e-14, 2.93635524695e-14, 8.15134160799e-14, 2.51561670258e-14, 2.46469104891e-14, 1.68344460957e-14, 2.3665372098e-14, 4.0012338874e-14, 4.24547244961e-14, 2.95140668361e-14, 2.20535700433e-14, 2.22556687164e-14, 2.66414460751e-14, 3.15467392335e-14, 1.95829477309e-14],
        "var": [1.20136646728e-05, 6.46268199489e-06, 2.12240934161e-07, 7.59286535867e-08, 4.56733530996e-08, 8.06290145761e-08, 1.27730729105e-07, 7.01396984937e-08, 1.33067445063e-07, 2.97708112384e-07, 3.22665215435e-07, 7.14405871349e-07, 1.75144691639e-07, 1.38351637702e-07, 5.00478734011e-08, 4.44078942508e-08, 3.46148958386e-08, 4.93520673217e-08, 6.84944438945e-08, 1.42212375209e-08, 2.95267632566e-09, 6.07730199498e-10, 4.74932981831e-10, 4.81360062921e-10, 1.37213254647e-10, 9.86305065398e-11, 2.25251900465e-10, 8.70480146298e-11, 5.72170227864e-11, 3.34702196514e-11, 3.17777956726e-11, 9.31349858346e-11, 1.10003124665e-10, 2.06245437395e-10, 1.70145453282e-10, 7.51742626481e-11, 3.03775060662e-11, 2.00551467794e-11, 1.09713644419e-11, 3.11067144265e-12]
    },
    "mfcc": {
        "mean": [-616.221313477, 128.671966553, -20.1986103058, 3.72546195984, -6.12200737, 17.005279541, 5.36698579788, 21.280380249, 5.31980371475, 11.118106842, -4.57601594925, -3.05091428757, 2.720048666],
        "cov": [[5562.70068359, -227.84854126, 101.468849182, 61.8047065735, 108.009422302, 18.4202671051, -100.954231262, -1.04679191113, -18.7490291595, 65.7782440186, 83.7182998657, 99.1080474854, 24.2603378296], [-227.84854126, 1154.88110352, -350.833068848, 152.529144287, 110.294059753, 75.3665313721, 86.4112701416, 79.1329116821, 45.2607002258, 34.8732070923, 33.0067749023, 11.2093524933, -3.81732535362], [101.468849182, -350.833068848, 587.001831055, 121.794044495, 2.11023831367, 51.298210144, -35.6589851379, -1.06314587593, -57.0455513, -28.9201087952, 10.3151741028, 30.111787796, -2.23107028008], [61.8047065735, 152.529144287, 121.794044495, 236.838653564, 79.2415618896, 30.2783660889, 11.4328193665, 24.7727642059, 1.59087324142, 7.4424238205, 4.56995630264, 22.949382782, 10.4766378403], [108.009422302, 110.294059753, 2.11023831367, 79.2415618896, 163.607086182, 57.6382408142, 18.7482395172, -11.4930534363, 36.7682380676, 26.6136627197, 23.8502292633, 8.13238620758, 16.2890529633], [18.4202671051, 75.3665313721, 51.298210144, 30.2783660889, 57.6382408142, 154.527191162, 24.04778862, 21.1447257996, -0.765477359295, 27.2128543854, 2.62467074394, 1.35560011864, 5.95788192749], [-100.954231262, 86.4112701416, -35.6589851379, 11.4328193665, 18.7482395172, 24.04778862, 135.63343811, 31.022151947, 34.1457939148, 3.73387980461, 6.3097281456, -11.7885570526, 10.0145606995], [-1.04679191113, 79.1329116821, -1.06314587593, 24.7727642059, -11.4930534363, 21.1447257996, 31.022151947, 148.171875, 33.0792770386, -4.84038543701, -18.7117671967, 1.36777806282, -9.78870391846], [-18.7490291595, 45.2607002258, -57.0455513, 1.59087324142, 36.7682380676, -0.765477359295, 34.1457939148, 33.0792770386, 105.096359253, 34.169708252, -8.11790370941, -17.8803157806, 16.0760974884], [65.7782440186, 34.8732070923, -28.9201087952, 7.4424238205, 26.6136627197, 27.2128543854, 3.73387980461, -4.84038543701, 34.169708252, 70.808921814, 26.7625236511, 2.91485714912, 4.05804252625], [83.7182998657, 33.0067749023, 10.3151741028, 4.56995630264, 23.8502292633, 2.62467074394, 6.3097281456, -18.7117671967, -8.11790370941, 26.7625236511, 85.1048583984, 37.1715774536, -19.986825943], [99.1080474854, 11.2093524933, 30.111787796, 22.949382782, 8.13238620758, 1.35560011864, -11.7885570526, 1.36777806282, -17.8803157806, 2.91485714912, 37.1715774536, 64.6257476807, 5.97016143799], [24.2603378296, -3.81732535362, -2.23107028008, 10.4766378403, 16.2890529633, 5.95788192749, 10.0145606995, -9.78870391846, 16.0760974884, 4.05804252625, -19.986825943, 5.97016143799, 75.2098083496]],
