{
"lowlevel": {
    "average_loudness": 0.957488358021,
    "barkbands_crest": {
        "dmean": 3.35214424133,
        "dmean2": 5.354637146,
        "dvar": 8.23623657227,
        "dvar2": 22.9561710358,
        "max": 23.4337024689,
        "mean": 11.2068071365,
        "median": 10.8315668106,
        "min": 3.00158834457,
        "var": 18.5677928925
    },
    "barkbands_flatness_db": {
        "dmean": 0.0334369838238,
        "dmean2": 0.0514182448387,
        "dvar": 0.00115954934154,
        "dvar2": 0.00258268369362,
        "max": 0.441149264574,
        "mean": 0.19389218092,
        "median": 0.17704513669,
        "min": 0.0774027258158,
        "var": 0.0055346484296
    },
    "barkbands_kurtosis": {
        "dmean": 7.17201805115,
        "dmean2": 11.3565330505,
        "dvar": 150.839981079,
        "dvar2": 357.734436035,
        "max": 167.737976074,
        "mean": 10.0209712982,
        "median": 5.41905975342,
        "min": -1.90872263908,
        "var": 227.013900757
    },
    "barkbands_skewness": {
        "dmean": 0.875925064087,
        "dmean2": 1.34878230095,
        "dvar": 0.88632529974,
        "dvar2": 1.93382835388,
        "max": 10.5931396484,
        "mean": 2.54605984688,
        "median": 2.32931637764,
        "min": -1.2464543581,
        "var": 2.28457665443
    },
    "barkbands_spread": {
        "dmean": 6.76734781265,
        "dmean2": 10.511059761,
        "dvar": 69.4242630005,
        "dvar2": 141.003448486,
        "max": 114.311264038,
        "mean": 20.4596977234,
        "median": 16.1864624023,
        "min": 0.982602894306,
        "var": 303.815246582
    },
    "dissonance": {
        "dmean": 0.0143426787108,
        "dmean2": 0.023687530309,
        "dvar": 0.000222823247896,
        "dvar2": 0.000569767493289,
        "max": 0.500000119209,
        "mean": 0.467762053013,
        "median": 0.476144075394,
        "min": 0.32009357214,
        "var": 0.000714030233212
    },
    "dynamic_complexity": 2.60425829887,
    "erbbands_crest": {
        "dmean": 1.87442028522,
        "dmean2": 3.08459091187,
        "dvar": 3.30073356628,
        "dvar2": 8.72074508667,
        "max": 19.1120986938,
        "mean": 6.63763284683,
        "median": 6.03307628632,
        "min": 2.21662664413,
        "var": 7.9949798584
    },
    "erbbands_flatness_db": {
        "dmean": 0.0140224685892,
        "dmean2": 0.0200147926807,
        "dvar": 0.000245853298111,
        "dvar2": 0.000450132007245,
        "max": 0.319944530725,
        "mean": 0.160283535719,
        "median": 0.15140645206,
        "min": 0.0886211320758,
        "var": 0.0016337716952
    },
    "erbbands_kurtosis": {
        "dmean": 0.511491894722,
        "dmean2": 0.824639856815,
        "dvar": 0.434383094311,
        "dvar2": 1.08154916763,
        "max": 14.1317634583,
        "mean": -0.293738365173,
        "median": -0.5462641716,
        "min": -1.68675172329,
        "var": 1.09953999519
    },
    "erbbands_skewness": {
        "dmean": 0.281515032053,
        "dmean2": 0.447642982006,
        "dvar": 0.0760359987617,
        "dvar2": 0.186216920614,
        "max": 1.69843089581,
        "mean": -0.0752229318023,
        "median": -0.0493747368455,
        "min": -3.77628207207,
        "var": 0.305076271296
    },
    "erbbands_spread": {
        "dmean": 9.1929473877,
        "dmean2": 14.044629097,
        "dvar": 102.525695801,
        "dvar2": 223.214279175,
        "max": 167.386322021,
        "mean": 48.4180374146,
        "median": 44.4600486755,
        "min": 12.1370477676,
        "var": 408.170654297
    },
    "hfc": {
        "dmean": 6.92965936661,
        "dmean2": 10.3899393082,
        "dvar": 153.14604187,
        "dvar2": 317.908935547,
        "max": 334.520477295,
        "mean": 22.5186367035,
        "median": 13.391368866,
        "min": 0.000199847287149,
        "var": 730.396179199
    },
    "melbands_crest": {
        "dmean": 4.63658380508,
        "dmean2": 7.19981098175,
        "dvar": 15.0979919434,
        "dvar2": 38.9137763977,
        "max": 35.1843643188,
        "mean": 17.6296615601,
        "median": 16.9736843109,
        "min": 4.81591176987,
        "var": 32.202167511
    },
    "melbands_flatness_db": {
        "dmean": 0.0421514026821,
        "dmean2": 0.0635135322809,
        "dvar": 0.00183707033284,
        "dvar2": 0.00401933537796,
        "max": 0.580859839916,
        "mean": 0.252313405275,
        "median": 0.233511045575,
        "min": 0.051187928766,
        "var": 0.00999250635505
    },
    "melbands_kurtosis": {
        "dmean": 19.8601074219,
        "dmean2": 31.2165393829,
        "dvar": 1132.59301758,
        "dvar2": 2495.65283203,
        "max": 497.274780273,
        "mean": 32.0825996399,
        "median": 20.0515861511,
        "min": -1.38049292564,
        "var": 1636.39221191
    },
    "melbands_skewness": {
        "dmean": 1.28545665741,
        "dmean2": 1.97513449192,
        "dvar": 2.10061407089,
        "dvar2": 4.32746887207,
        "max": 20.2097835541,
        "mean": 4.37257051468,
        "median": 3.98483633995,
        "min": 0.339224904776,
        "var": 4.7555437088
    },
    "melbands_spread": {
        "dmean": 7.05690956116,
        "dmean2": 11.1085367203,
        "dvar": 94.5266571045,
        "dvar2": 201.054931641,
        "max": 183.087509155,
        "mean": 16.6876754761,
        "median": 11.5451278687,
        "min": 0.645410120487,
        "var": 337.067352295
    },
    "pitch_salience": {
        "dmean": 0.0939561724663,
        "dmean2": 0.152269661427,
        "dvar": 0.00689879013225,
        "dvar2": 0.0177596881986,
        "max": 0.807184278965,
        "mean": 0.528482496738,
        "median": 0.54366928339,
        "min": 0.140577271581,
        "var": 0.0142580661923
    },
    "silence_rate_20dB": {
        "dmean": 0,
        "dmean2": 0,
        "dvar": 0,
        "dvar2": 0,
        "max": 1,
        "mean": 1,
        "median": 1,
        "min": 1,
        "var": 0
    },
    "silence_rate_30dB": {
        "dmean": 0.104489162564,
        "dmean2": 0.209059238434,
        "dvar": 0.0935737416148,
        "dvar2": 0.180061101913,
        "max": 1,
        "mean": 0.886266946793,
        "median": 1,
        "min": 0,
        "var": 0.100799381733
    },
    "silence_rate_60dB": {
        "dmean": 0.00154798757285,
        "dmean2": 0.00309717375785,
        "dvar": 0.00154557928909,
        "dvar2": 0.0030875261873,
        "max": 1,
        "mean": 0.00773694412783,
        "median": 0,
        "min": 0,
        "var": 0.00767730316147
    },
    "spectral_centroid": {
        "dmean": 275.03692627,
        "dmean2": 448.989501953,
        "dvar": 101349.851562,
        "dvar2": 250478.4375,
        "max": 4918.41210938,
        "mean": 1185.01318359,
        "median": 1102.75183105,
        "min": 158.407012939,
        "var": 513734.71875
    },
    "spectral_complexity": {
        "dmean": 3.36532497406,
        "dmean2": 5.36817646027,
        "dvar": 11.8053855896,
        "dvar2": 27.619310379,
        "max": 57,
        "mean": 20.8092842102,
        "median": 19,
        "min": 0,
        "var": 105.031814575
    },
    "spectral_decrease": {
        "dmean": 6.80164502498e-09,
        "dmean2": 1.06391198074e-08,
        "dvar": 1.23905898583e-16,
        "dvar2": 2.6444043035e-16,
        "max": -1.42470548705e-13,
        "mean": -1.28875701222e-08,
        "median": -9.04628283394e-09,
        "min": -9.14265925189e-08,
        "var": 1.58906213171e-16
    },
    "spectral_energy": {
        "dmean": 0.0260056499392,
        "dmean2": 0.0406243018806,
        "dvar": 0.00179841404315,
        "dvar2": 0.00384565722197,
        "max": 0.350420445204,
        "mean": 0.0506831519306,
        "median": 0.0360455773771,
        "min": 5.55842404992e-07,
        "var": 0.00234103156254
    },
    "spectral_energyband_high": {
        "dmean": 0.000537215906661,
        "dmean2": 0.00078718282748,
        "dvar": 1.70622081441e-06,
        "dvar2": 3.03987258121e-06,
        "max": 0.0391789339483,
        "mean": 0.00149723922368,
        "median": 0.000468511687359,
        "min": 8.8590903502e-09,
        "var": 1.0996632227e-05
    },
    "spectral_energyband_low": {
        "dmean": 0.0243287477642,
        "dmean2": 0.0385812260211,
        "dvar": 0.00169569638092,
        "dvar2": 0.00362702901475,
        "max": 0.316410392523,
        "mean": 0.0361849740148,
        "median": 0.0224845632911,
        "min": 3.7856415247e-07,
        "var": 0.00198642350733
    },
    "spectral_energyband_middle_high": {
        "dmean": 0.00127774535213,
        "dmean2": 0.00198908080347,
        "dvar": 4.98144027006e-06,
        "dvar2": 1.18358448162e-05,
        "max": 0.034660872072,
        "mean": 0.00401239097118,
        "median": 0.00275631435215,
        "min": 4.0709608129e-08,
        "var": 1.81547929969e-05
    },
    "spectral_energyband_middle_low": {
        "dmean": 0.00556640373543,
        "dmean2": 0.00971845816821,
        "dvar": 0.000104072925751,
        "dvar2": 0.000288693991024,
        "max": 0.133471935987,
        "mean": 0.0107514066622,
        "median": 0.00765535328537,
        "min": 1.8196536189e-07,
        "var": 0.000113169298857
    },
    "spectral_entropy": {
        "dmean": 0.181369006634,
        "dmean2": 0.273989766836,
        "dvar": 0.0529165901244,
        "dvar2": 0.10802514106,
        "max": 8.53881454468,
        "mean": 7.52911186218,
        "median": 7.7102022171,
        "min": 5.35018587112,
        "var": 0.344090998173
    },
    "spectral_flux": {
        "dmean": 0.0422337390482,
        "dmean2": 0.0620534420013,
        "dvar": 0.00336666195653,
        "dvar2": 0.00527267577127,
        "max": 0.530188083649,
        "mean": 0.122880756855,
        "median": 0.0941686406732,
        "min": 0.000929396890569,
        "var": 0.00827312096953
    },
    "spectral_kurtosis": {
        "dmean": 3.07834196091,
        "dmean2": 4.82541894913,
        "dvar": 45.5595626831,
        "dvar2": 98.2336273193,
        "max": 109.482597351,
        "mean": 5.96651744843,
        "median": 2.17662715912,
        "min": -1.48442018032,
        "var": 124.621940613
    },
    "spectral_rms": {
        "dmean": 0.00157043861691,
        "dmean2": 0.00243388256058,
        "dvar": 3.90540117223e-06,
        "dvar2": 8.05059880804e-06,
        "max": 0.018489824608,
        "mean": 0.0065038325265,
        "median": 0.00593012804165,
        "min": 2.32870188484e-05,
        "var": 7.14723728379e-06
    },
    "spectral_rolloff": {
        "dmean": 472.483642578,
        "dmean2": 809.643737793,
        "dvar": 920505.875,
        "dvar2": 2102269.5,
        "max": 9431.54296875,
        "mean": 957.942260742,
        "median": 387.59765625,
        "min": 64.599609375,
        "var": 2253951
    },
    "spectral_skewness": {
        "dmean": 0.311870664358,
        "dmean2": 0.470204353333,
        "dvar": 0.249446853995,
        "dvar2": 0.530453681946,
        "max": 8.71720314026,
        "mean": 1.56814527512,
        "median": 1.18315184116,
        "min": -0.359498143196,
        "var": 1.14781010151
    },
    "spectral_spread": {
        "dmean": 516671.15625,
        "dmean2": 708087.625,
        "dvar": 430614315008,
        "dvar2": 750392311808,
        "max": 12659918,
        "mean": 4344984,
        "median": 4281066,
        "min": 867046.6875,
        "var": 2.56230424576e+12
    },
    "spectral_strongpeak": {
        "dmean": 0.259143024683,
        "dmean2": 0.461778849363,
        "dvar": 0.337869286537,
        "dvar2": 1.00941896439,
        "max": 7.21869277954,
        "mean": 0.317084133625,
        "median": 0.188865050673,
        "min": 0,
        "var": 0.244138270617
    },
    "zerocrossingrate": {
        "dmean": 0.00975636579096,
        "dmean2": 0.0114074070007,
        "dvar": 0.000132684930577,
        "dvar2": 0.000156705733389,
        "max": 0.3037109375,
        "mean": 0.0459868386388,
        "median": 0.03759765625,
        "min": 0.00341796875,
        "var": 0.00140749826096
    },
    "barkbands": {
        "dmean": [0.00323801999912, 0.0157685875893, 0.0105086462572, 0.00356917991303, 0.00196164730005, 0.000670714885928, 0.000813569524325, 0.000325943547068, 0.000404210877605, 0.000238167674979, 0.000151942396769, 0.000380663841497, 0.000226551172091, 0.000244898634264, 0.000337325531291, 0.000192820516531, 0.000129188614665, 9.04727567104e-05, 0.000125274018501, 0.000101981124317, 0.000124234968098, 0.000190123610082, 0.000100621633464, 0.000150087362272, 7.06163918949e-05, 1.26000273326e-07, 2.04787764524e-09],
        "dmean2": [0.00550617417321, 0.0252666231245, 0.0195972211659, 0.0064955316484, 0.00331971189007, 0.00115467852447, 0.00133450888097, 0.000535663566552, 0.000612099363934, 0.000383416074328, 0.000248564727372, 0.000634807860479, 0.00035597346141, 0.000401989324018, 0.00054466346046, 0.000301937077893, 0.000214147861698, 0.000148508319398, 0.000207035569474, 0.000171410094481, 0.000197782239411, 0.000304084795061, 0.00015833703219, 0.000214910251088, 9.93182766251e-05, 1.91237745639e-07, 3.77700271059e-09],
        "dvar": [3.90558998333e-05, 0.000603702734224, 0.00063290464459, 5.04683885083e-05, 9.01137991605e-06, 4.06553408538e-06, 5.65875143366e-06, 1.18095738344e-06, 5.52892970518e-07, 1.58285416774e-07, 1.22262946434e-07, 6.96747406437e-07, 1.97739538521e-07, 2.63771795517e-07, 1.40156896578e-06, 2.26409753168e-07, 1.06898653485e-07, 2.68389825919e-08, 4.7649194812e-08, 4.0441133109e-08, 8.56789270642e-08, 2.07625959092e-07, 7.82774094432e-08, 4.39047994405e-07, 6.22283664597e-08, 4.07327410733e-13, 8.29866881592e-18],
        "dvar2": [0.000100122037111, 0.00135495560244, 0.00182691565715, 0.000144187681144, 2.55025788647e-05, 1.16911569421e-05, 1.47841856233e-05, 3.11613894155e-06, 1.25650535665e-06, 4.3002242478e-07, 2.87895943529e-07, 1.76085063686e-06, 4.74161822694e-07, 6.7693724759e-07, 3.57654812433e-06, 4.98295150919e-07, 2.85289701196e-07, 6.35414565409e-08, 1.21554137422e-07, 1.05841671427e-07, 1.9188435374e-07, 4.84635791054e-07, 1.75702183469e-07, 7.24089545656e-07, 1.23093485627e-07, 8.64624669604e-13, 2.56168736721e-17],
        "max": [0.0495696216822, 0.245161771774, 0.174299567938, 0.0681300833821, 0.0405556112528, 0.0364007987082, 0.0492652691901, 0.0245809480548, 0.0107234213501, 0.0110165867954, 0.00801966991276, 0.0172207225114, 0.00852333661169, 0.00847150664777, 0.0203814636916, 0.012116516009, 0.0104200495407, 0.00333701679483, 0.00427600368857, 0.00426627323031, 0.00825645867735, 0.0144724613056, 0.00783794280142, 0.0257158912718, 0.00821615755558, 2.42650039581e-05, 2.86353589729e-08],
        "mean": [0.00426843576133, 0.0210102368146, 0.00918246433139, 0.00381449703127, 0.00328207481652, 0.00106588075869, 0.0011566291796, 0.000486810400616, 0.000849921721965, 0.00045899534598, 0.000267413706752, 0.000656637712382, 0.000418837007601, 0.000443818338681, 0.000612052914221, 0.000360503385309, 0.000269303505775, 0.000202887269552, 0.000300285726553, 0.000204359079362, 0.000281344953692, 0.000452531618066, 0.000224624454859, 0.000292104261462, 0.000120421325846, 1.66443498983e-07, 1.64888225296e-09],
        "median": [0.00272889761254, 0.0124079184607, 0.00424308795482, 0.00211011432111, 0.00212714634836, 0.000476815825095, 0.000557482417207, 0.0002102527651, 0.000379955221433, 0.000308522925479, 0.000113328002044, 0.000314911798341, 0.00021634195582, 0.000260639702901, 0.000171356718056, 0.000179077658686, 0.000162743162946, 0.000131994966068, 0.00015597010497, 9.67268351815e-05, 0.000111026813101, 0.000145116617205, 4.01013203373e-05, 5.361737567e-05, 1.74445176526e-05, 1.28474377803e-08, 6.14460815562e-10],
        "min": [6.91567780819e-09, 1.07598232546e-07, 1.9793637307e-07, 2.20968949805e-08, 2.79555578686e-08, 2.66802158144e-09, 5.43491518457e-09, 4.06074285308e-09, 3.26213478452e-09, 1.74046466128e-08, 1.51123558112e-09, 2.96724000926e-09, 8.84424811165e-10, 1.90432891678e-09, 5.47182354982e-10, 2.54790388787e-09, 2.0009665036e-09, 3.76405173697e-09, 6.108788142e-09, 2.04226568989e-09, 2.74788392041e-09, 3.10990899699e-09, 7.35177030364e-10, 8.1336481994e-10, 5.49257195281e-10, 1.14208521113e-11, 1.51365829593e-11],
        "var": [3.39462640113e-05, 0.000694040150847, 0.000375247676857, 3.50719419657e-05, 1.36344597195e-05, 4.41436486653e-06, 5.27532620254e-06, 1.11222027499e-06, 1.65347671555e-06, 2.77566442719e-07, 3.02206416336e-07, 1.37411086598e-06, 5.1809706747e-07, 3.95425615807e-07, 2.61057539319e-06, 5.52771894036e-07, 1.59711106562e-07, 7.96573047523e-08, 1.92073954963e-07, 1.16403747086e-07, 3.85177941098e-07, 1.09548375349e-06, 3.98390398004e-07, 1.16187197818e-06, 1.46204527596e-07, 7.35282874084e-13, 7.36378184299e-18]
    },
    "erbbands": {
        "dmean": [0.71883893013, 3.09388899803, 11.5580701828, 12.5827541351, 7.58455276489, 7.09883213043, 5.43152570724, 5.45321512222, 8.93175315857, 12.5652971268, 5.57541131973, 8.7003030777, 6.95348405838, 7.64190149307, 8.57688140869, 13.6263713837, 10.5269346237, 10.5878486633, 18.1986618042, 13.0914745331, 9.71664905548, 6.87030601501, 5.03568077087, 4.70624876022, 6.13740110397, 4.50537157059, 4.43985319138, 6.07577896118, 7.61630630493, 4.4592256546, 2.55442500114, 2.53369379044, 2.89296555519, 1.50715959072, 0.101242907345, 0.00447194324806, 0.000218815897824, 2.70925866062e-05, 1.51172434926e-05, 2.89033741865e-05],
        "dmean2": [1.19849157333, 5.03464317322, 21.5019512177, 23.2234630585, 13.3304071426, 11.942773819, 9.32570648193, 9.42084884644, 14.7163820267, 20.6279563904, 8.88174819946, 12.9230546951, 10.9283790588, 12.410027504, 14.1954030991, 22.7616195679, 16.319065094, 17.4395370483, 29.868188858, 20.3222522736, 15.4308366776, 11.3587369919, 8.2210187912, 7.70324659348, 10.1156578064, 7.58913660049, 7.19505691528, 9.81304740906, 12.209654808, 7.18243026733, 3.96985030174, 3.72254276276, 4.13715600967, 2.11706972122, 0.146530613303, 0.00641586910933, 0.000304392917315, 3.72611284547e-05, 2.25086987484e-05, 4.4980803068e-05],
        "dvar": [1.75744175911, 22.2015037537, 691.340393066, 795.931152344, 176.847549438, 114.833724976, 206.678253174, 292.47076416, 586.427368164, 1654.7532959, 162.310241699, 298.374633789, 166.377868652, 258.203674316, 266.153778076, 1047.07165527, 392.334350586, 621.591674805, 3452.45703125, 1996.81286621, 380.172210693, 398.034240723, 86.1059188843, 53.3412704468, 149.399047852, 74.1791000366, 160.40713501, 192.194198608, 359.385650635, 130.964614868, 54.8855400085, 78.5368347168, 166.459457397, 36.7789726257, 0.120515264571, 0.00023435561161, 6.1890904135e-07, 9.82864634125e-09, 7.26790405636e-10, 2.13377626679e-09],
        "dvar2": [4.61332607269, 54.3142166138, 1994.19335938, 2268.09863281, 501.128295898, 324.609649658, 599.33770752, 838.261413574, 1536.37597656, 4360.75048828, 407.193908691, 625.855285645, 413.648956299, 695.713378906, 654.114440918, 2774.29663086, 845.979675293, 1599.98754883, 9362.53515625, 4678.78515625, 851.196655273, 1056.32775879, 202.250198364, 143.007522583, 382.32333374, 191.434677124, 358.153045654, 428.487670898, 809.86730957, 327.180450439, 130.916442871, 146.399017334, 269.542938232, 73.7505340576, 0.26017126441, 0.000494749518111, 1.19268361232e-06, 1.76323933232e-08, 1.39169864521e-09, 4.5537031923e-09],
        "max": [11.2923679352, 37.5542984009, 184.103225708, 223.374679565, 184.743301392, 123.763824463, 299.599487305, 331.758789062, 413.969024658, 910.992492676, 206.4349823, 304.506317139, 219.800308228, 526.830871582, 310.09197998, 666.991699219, 490.214324951, 452.785858154, 1223.16235352, 1241.41345215, 377.73651123, 659.649169922, 198.727783203, 97.5294494629, 266.276123047, 153.727828979, 401.191619873, 439.094512939, 679.325927734, 283.506286621, 227.878692627, 285.166412354, 507.349975586, 216.205291748, 10.1673412323, 0.460960626602, 0.0284420475364, 0.00388178904541, 0.000857691338751, 0.00038573416532],
        "mean": [0.803767859936, 3.92726778984, 10.353102684, 12.7164354324, 11.0532913208, 11.4907178879, 8.89247226715, 8.77800273895, 12.9386405945, 17.3507957458, 10.8012628555, 18.3034591675, 15.4083385468, 15.1665239334, 16.1131095886, 24.7079353333, 21.7429466248, 20.4059791565, 33.5528793335, 25.832447052, 19.8077754974, 15.1385335922, 11.7921123505, 11.8137178421, 14.522359848, 9.54626941681, 9.65494632721, 14.6712675095, 17.5217590332, 9.61821460724, 5.69791412354, 5.15989589691, 5.40716362, 2.62399291992, 0.181938618422, 0.00816957559437, 0.000440334755694, 5.95033525315e-05, 3.67940519936e-05, 6.11005452811e-05],
        "median": [0.43143543601, 2.32251667976, 4.93645048141, 6.75237560272, 7.48737049103, 6.64206266403, 4.00289916992, 4.06456851959, 6.53443527222, 7.26692152023, 5.51115465164, 8.3417339325, 7.87353944778, 9.92097473145, 8.96210193634, 11.839600563, 11.4364290237, 11.7078151703, 12.454870224, 8.51430606842, 12.1653137207, 9.82210350037, 7.82535457611, 7.18371391296, 7.3899435997, 4.61372089386, 3.20001006126, 6.31299734116, 5.61283111572, 2.10293769836, 1.03087353706, 1.05881917477, 0.817754507065, 0.367741972208, 0.0249317474663, 0.00119662412908, 8.78130376805e-05, 1.33623161673e-05, 2.21125319513e-05, 4.3622625526e-05],
        "min": [1.11385668333e-06, 3.30404945998e-05, 0.000200293157832, 0.000180777555215, 0.000101023135358, 6.87685242156e-05, 3.91001194657e-05, 2.5112522053e-05, 4.38161332568e-05, 0.000118762349302, 4.77208013763e-05, 7.86057571531e-05, 0.000205476826522, 0.000594327051658, 0.000110086999484, 8.00961715868e-05, 3.92867041228e-05, 0.000108799460577, 3.9207538066e-05, 5.60951593798e-05, 0.000169514591107, 0.000110517481517, 0.000170602143044, 0.000289390969556, 0.000240689347265, 8.70246440172e-05, 5.64224283153e-05, 0.00016971763398, 0.000132163215312, 3.05779249175e-05, 2.12991890294e-05, 1.96834662347e-05, 1.56093028636e-05, 1.18561511044e-05, 6.25158179446e-07, 6.92267079216e-08, 2.43796485222e-08, 8.79383410535e-09, 2.34718378067e-09, 8.99074814598e-10],
        "var": [1.44166409969, 24.3531513214, 419.583374023, 502.376495361, 166.839569092, 196.028137207, 271.980041504, 270.641296387, 580.786804199, 1469.18481445, 262.360870361, 883.75213623, 503.517791748, 380.716796875, 556.080444336, 2182.13769531, 1539.23828125, 941.30291748, 6318.02246094, 5008.93408203, 869.953857422, 542.084777832, 259.8359375, 197.256347656, 556.649780273, 220.700408936, 640.075805664, 926.220214844, 1712.79284668, 598.374206543, 249.616104126, 221.827178955, 446.230957031, 80.1106109619, 0.29449030757, 0.000590558978729, 1.66282336522e-06, 2.87556574108e-08, 2.00823757623e-09, 3.08163938811e-09]
    },
    "gfcc": {
        "mean": [-12.0397825241, 136.48828125, -121.839385986, 61.6892051697, -56.7009849548, 37.969669342, -29.2097473145, -0.3367215693, -4.22927856445, -11.981212616, 1.9363451004, -18.2158145905, 6.49759578705],
        "cov": [[5432.2890625, -2405.58422852, -630.492675781, 1269.70800781, -1166.91772461, 26.7211227417, -428.60043335, 388.758728027, -356.192047119, 208.421173096, -112.705322266, 51.569732666, -17.2867984772], [-2405.58422852, 1754.07946777, 160.272415161, -779.544921875, 773.085266113, -170.68560791, 308.053710938, -262.527984619, 238.464370728, -170.478927612, 94.1731185913, -46.9829750061, 17.0402050018], [-630.492675781, 160.272415161, 470.734893799, -117.695808411, 131.295501709, 126.03263092, 42.4812355042, -49.3844261169, 17.055891037, 5.38438558578, 7.91106319427, -1.29600977898, -4.24755859375], [1269.70800781, -779.544921875, -117.695808411, 543.34185791, -341.508270264, -11.9864711761, -85.3346862793, 104.25541687, -105.197174072, 51.3374328613, -35.3065643311, 10.0945749283, 4.42785692215], [-1166.91772461, 773.085266113, 131.295501709, -341.508270264, 513.580322266, -20.3655509949, 139.357452393, -104.63886261, 130.381988525, -80.0567626953, 34.7132453918, -11.8688745499, 15.1854286194], [26.7211227417, -170.68560791, 126.03263092, -11.9864711761, -20.3655509949, 199.571456909, -15.3028068542, 14.2980794907, -2.80333018303, 23.0753746033, -8.64448165894, -7.27482128143, -4.69941854477], [-428.60043335, 308.053710938, 42.4812355042, -85.3346862793, 139.357452393, -15.3028068542, 168.920394897, -44.0960273743, 50.0550842285, -31.9267692566, 21.6925163269, -17.5205307007, 1.43123698235], [388.758728027, -262.527984619, -49.3844261169, 104.25541687, -104.63886261, 14.2980794907, -44.0960273743, 113.70072937, -15.9447097778, 21.8261680603, -18.0987548828, 5.05567884445, 5.5467209816], [-356.192047119, 238.464370728, 17.055891037, -105.197174072, 130.381988525, -2.80333018303, 50.0550842285, -15.9447097778, 112.274238586, -9.61743831635, 8.01224517822, -12.9571628571, 5.83534193039], [208.421173096, -170.478927612, 5.38438558578, 51.3374328613, -80.0567626953, 23.0753746033, -31.9267692566, 21.8261680603, -9.61743831635, 71.0749053955, 11.8883533478, 6.09798002243, -7.43563890457], [-112.705322266, 94.1731185913, 7.91106319427, -35.3065643311, 34.7132453918, -8.64448165894, 21.6925163269, -18.0987548828, 8.01224517822, 11.8883533478, 61.7295722961, 18.2116146088, -1.84975767136], [51.569732666, -46.9829750061, -1.29600977898, 10.0945749283, -11.8688745499, -7.27482128143, -17.5205307007, 5.05567884445, -12.9571628571, 6.09798002243, 18.2116146088, 56.8979415894, 15.9985017776], [-17.2867984772, 17.0402050018, -4.24755859375, 4.42785692215, 15.1854286194, -4.69941854477, 1.43123698235, 5.5467209816, 5.83534193039, -7.43563890457, -1.84975767136, 15.9985017776, 42.9684677124]],
        "icov": [[0.000641471764538, 0.000121375465824, 0.000522229238413, -0.000814838625956, 0.000254688144196, -0.000231028549024, 0.000318684877129, -0.000422985031037, 0.000365848594811, -0.000338880694471, 0.000108264022856, -0.000143405952258, 0.000223969662329], [0.000121375465824, 0.014309823513, -0.00162882194854, 0.0113197490573, -0.00537783838809, 0.0107985408977, -0.0059948284179, 0.0083177741617, -0.00567129207775, 0.0105386292562, -0.010269346647, 0.00997425895184, -0.00630795676261], [0.000522229238413, -0.00162882194854, 0.00367074925452, -0.00194792856928, -3.46272317984e-05, -0.00345430034213, 0.00049759686226, -0.000475553795695, 0.00174501328729, -0.00265856646001, 0.00196565920487, -0.00192798289936, 0.00120432861149], [-0.000814838625956, 0.0113197490573, -0.00194792856928, 0.0137713551521, -0.00289975176565, 0.00948593299836, -0.00586337363347, 0.00590508431196, -0.00381315965205, 0.0083218337968, -0.00764905242249, 0.00836929026991, -0.00642084144056], [0.000254688144196, -0.00537783838809, -3.46272317984e-05, -0.00289975176565, 0.00765154883265, -0.00369701255113, 0.00125450652558, -0.00217079743743, -0.00105912040453, -0.000614265038166, 0.00252476194873, -0.00378015404567, 0.0012142425403], [-0.000231028549024, 0.0107985408977, -0.00345430034213, 0.00948593299836, -0.00369701255113, 0.0149855390191, -0.00434467894956, 0.00535790575668, -0.00454689702019, 0.00667189573869, -0.00715207494795, 0.00865529291332, -0.00505424384028], [0.000318684877129, -0.0059948284179, 0.00049759686226, -0.00586337363347, 0.00125450652558, -0.00434467894956, 0.0116760870442, -0.0025650523603, 0.000544273818377, -0.00199144938961, 0.000888024340384, -0.00124154402874, 0.00226464541629], [-0.000422985031037, 0.0083177741617, -0.000475553795695, 0.00590508431196, -0.00217079743743, 0.00535790575668, -0.0025650523603, 0.0178541466594, -0.00551037490368, 0.00504129240289, -0.00380473770201, 0.00498750340194, -0.0053905332461], [0.000365848594811, -0.00567129207775, 0.00174501328729, -0.00381315965205, -0.00105912040453, -0.00454689702019, 0.000544273818377, -0.00551037490368, 0.0171409901232, -0.00815299153328, 0.00482699368149, -0.00135311391205, 0.000504830270074], [-0.000338880694471, 0.0105386292562, -0.00265856646001, 0.0083218337968, -0.000614265038166, 0.00667189573869, -0.00199144938961, 0.00504129240289, -0.00815299153328, 0.0297675356269, -0.0151142515242, 0.00756907602772, -0.00228411215357], [0.000108264022856, -0.010269346647, 0.00196565920487, -0.00764905242249, 0.00252476194873, -0.00715207494795, 0.000888024340384, -0.00380473770201, 0.00482699368149, -0.0151142515242, 0.0309540908784, -0.0164060220122, 0.00805572606623], [-0.000143405952258, 0.00997425895184, -0.00192798289936, 0.00836929026991, -0.00378015404567, 0.00865529291332, -0.00124154402874, 0.00498750340194, -0.00135311391205, 0.00756907602772, -0.0164060220122, 0.032131832093, -0.0145625500008], [0.000223969662329, -0.00630795676261, 0.00120432861149, -0.00642084144056, 0.0012142425403, -0.00505424384028, 0.00226464541629, -0.0053905332461, 0.000504830270074, -0.00228411215357, 0.00805572606623, -0.0145625500008, 0.0315888561308]]
    },
    "melbands": {
        "dmean": [0.00521464832127, 0.00525890849531, 0.00200758106075, 0.000502516108099, 0.000206136202905, 0.000122291443404, 0.000145350277307, 0.000124671350932, 4.56140041933e-05, 5.60403095733e-05, 3.52779061359e-05, 3.30007678713e-05, 2.50397406489e-05, 4.350898962e-05, 3.17328922392e-05, 1.98255820578e-05, 2.1131361791e-05, 3.0948438507e-05, 2.09242589335e-05, 1.4091418052e-05, 1.19871347124e-05, 8.20763216325e-06, 6.08341633779e-06, 4.1371649786e-06, 4.12969302488e-06, 5.81227186558e-06, 3.33676848641e-06, 3.39959979101e-06, 3.17324929711e-06, 2.92145159619e-06, 4.31851003668e-06, 5.20039156982e-06, 3.19035439134e-06, 2.53442294706e-06, 1.58880482104e-06, 1.58860257216e-06, 1.77268998414e-06, 2.17786350731e-06, 1.86164368188e-06, 1.12688485387e-06],
        "dmean2": [0.00838683824986, 0.00948527548462, 0.003701337846, 0.00085081619909, 0.000351644936018, 0.000211506034248, 0.00023933032935, 0.000204327676329, 7.1878937888e-05, 8.42229055706e-05, 5.55397491553e-05, 5.33391430508e-05, 4.10035136156e-05, 7.33556371415e-05, 5.01611102663e-05, 3.11494077323e-05, 3.48793764715e-05, 5.03759983985e-05, 3.34821852448e-05, 2.21279078687e-05, 1.91809049284e-05, 1.38348068504e-05, 9.95256868919e-06, 6.88102227286e-06, 6.89518765284e-06, 9.6703397503e-06, 5.57936073164e-06, 5.76001139052e-06, 5.29590215592e-06, 4.79039908896e-06, 7.12837118044e-06, 8.54216978041e-06, 5.14077100888e-06, 4.15953263655e-06, 2.49687377618e-06, 2.47196976488e-06, 2.61159084403e-06, 3.0621897622e-06, 2.69471115644e-06, 1.62542187354e-06],
        "dvar": [7.94199368102e-05, 0.000118997129903, 1.92856441572e-05, 5.75629655941e-07, 2.26205600029e-07, 1.47653537397e-07, 1.6555775062e-07, 1.60599199717e-07, 8.30639912408e-09, 1.16794618421e-08, 4.18731449514e-09, 4.47794512581e-09, 2.46005260607e-09, 8.8944194232e-09, 5.44395728497e-09, 1.79486370211e-09, 2.41603492768e-09, 7.86191822755e-09, 5.66836755311e-09, 1.87527171569e-09, 4.90846863155e-10, 7.48247352966e-10, 1.43608833159e-10, 5.06551085799e-11, 4.08951691955e-11, 1.18292931006e-10, 4.28225441218e-11, 4.64496288655e-11, 9.86350445764e-11, 4.72034113186e-11, 1.10032725986e-10, 1.73373440604e-10, 5.84162232475e-11, 5.33050166507e-11, 2.02487748791e-11, 2.65685373008e-11, 4.86714002434e-11, 9.34676294695e-11, 9.38048874688e-11, 1.80094619773e-11],
        "dvar2": [0.000197263914743, 0.000334047916112, 5.48878997506e-05, 1.63011645782e-06, 6.553632943e-07, 4.22709433678e-07, 4.28504279171e-07, 4.20622257025e-07, 2.03723846681e-08, 2.56479033567e-08, 1.03566204501e-08, 1.20560113004e-08, 5.99521854383e-09, 2.24490257494e-08, 1.37593918481e-08, 4.36453717612e-09, 6.28370466771e-09, 2.14638475882e-08, 1.36932296613e-08, 4.20982759763e-09, 1.14663456507e-09, 2.07969597099e-09, 3.30485222522e-10, 1.303521735e-10, 1.11335142494e-10, 3.07860709148e-10, 1.13430098647e-10, 1.22573354244e-10, 2.39029324112e-10, 1.13768737486e-10, 2.72531636147e-10, 4.27392315983e-10, 1.44384407208e-10, 1.33983948936e-10, 4.93185978168e-11, 7.15523404415e-11, 8.81630185523e-11, 1.51059886822e-10, 1.90816737411e-10, 3.80497612584e-11],
        "max": [0.0829772874713, 0.0787137448788, 0.0369005054235, 0.0106588648632, 0.00895645003766, 0.00706093944609, 0.00620614551008, 0.00819396600127, 0.00119130453095, 0.00190874480177, 0.00109882815741, 0.00219010771252, 0.00108231254853, 0.00248879753053, 0.00211794208735, 0.000722415279597, 0.00093479413772, 0.00179143343121, 0.00159427570179, 0.0013505036477, 0.000331153569277, 0.0009242768283, 0.000288043316687, 0.000115027658467, 8.67085109348e-05, 0.00019402167527, 0.000168583050254, 0.000117562827654, 0.000284461420961, 0.000154837282025, 0.000330543232849, 0.000377525109798, 0.000245735456701, 0.000184860618901, 0.000125304417452, 0.0001447404793, 0.000255113322055, 0.000411139015341, 0.000410559790907, 0.000145689133205],
        "mean": [0.00656361691654, 0.00545197026804, 0.00218467530794, 0.000829803291708, 0.00035037836642, 0.000197285378817, 0.000209170873859, 0.000174667395186, 9.14080956136e-05, 0.000116493494716, 7.5861273217e-05, 6.26709806966e-05, 4.65699522465e-05, 7.07532817614e-05, 5.96624558966e-05, 3.76280404453e-05, 3.75373238057e-05, 5.5345819419e-05, 3.70173547708e-05, 2.80294207187e-05, 2.2446109142e-05, 1.63062650245e-05, 1.24299285744e-05, 8.83842676558e-06, 9.15286000236e-06, 1.30215730678e-05, 6.79972390571e-06, 6.40866937829e-06, 6.32904902886e-06, 5.64504898648e-06, 9.83903464657e-06, 1.10707605927e-05, 6.5792969508e-06, 5.00415535498e-06, 3.21033189721e-06, 3.10819450533e-06, 3.20705999002e-06, 3.88857824873e-06, 3.24707866639e-06, 1.8604575871e-06],
        "median": [0.00383756542578, 0.00299113919027, 0.00125021534041, 0.000557036313694, 0.000169942126377, 8.94426993909e-05, 0.000104302918771, 7.42534029996e-05, 4.55573062936e-05, 5.09739220433e-05, 3.71528913092e-05, 4.05133359891e-05, 2.37809290411e-05, 3.539530735e-05, 2.90007337753e-05, 2.02995925065e-05, 2.12194208871e-05, 2.14235515159e-05, 1.13378500828e-05, 1.05845538201e-05, 1.42319240695e-05, 9.67608957581e-06, 7.69609505369e-06, 5.659850558e-06, 5.43084979654e-06, 5.97332791585e-06, 3.74741193809e-06, 2.77649746749e-06, 1.74558442723e-06, 2.20676997742e-06, 4.07235938837e-06, 3.58333954864e-06, 1.5529033135e-06, 9.06584432414e-07, 5.48306559267e-07, 5.95968970174e-07, 6.16942315901e-07, 5.56596603474e-07, 4.77738808513e-07, 2.40723352363e-07],
        "min": [2.03071053306e-08, 8.631107562e-08, 3.0414113894e-08, 6.61599930396e-09, 1.46608447604e-09, 6.60031140853e-10, 7.88126230944e-10, 9.94251680986e-10, 2.72867811679e-10, 5.31906185763e-10, 1.11037490313e-09, 2.62812283047e-09, 2.69935324093e-10, 3.72581437924e-10, 8.30116253514e-11, 1.14660302086e-10, 2.12115242038e-10, 6.00350741342e-11, 5.08486482087e-11, 1.32768573913e-10, 1.99988817173e-10, 1.34750557934e-10, 7.97179336431e-11, 1.83805914933e-10, 2.36624886352e-10, 2.87265572441e-10, 9.26776017041e-11, 4.53016062163e-11, 2.88089257311e-11, 5.49003481565e-11, 1.14100812132e-10, 9.7924737763e-11, 2.06642394168e-11, 1.30569730375e-11, 1.03857703687e-11, 1.31852705837e-11, 1.22087652488e-11, 1.01971885796e-11, 1.28575769823e-11, 8.39025290217e-12],
        "var": [7.61866540415e-05, 8.18781772978e-05, 1.24141561173e-05, 8.05715899332e-07, 3.16575636816e-07, 1.40753357414e-07, 1.62607477705e-07, 1.44216201647e-07, 1.72290910427e-08, 3.35834293708e-08, 1.27330936905e-08, 6.62209087565e-09, 6.17588780116e-09, 1.4401238424e-08, 1.69519616122e-08, 4.09608480467e-09, 3.15434722786e-09, 1.57701336434e-08, 1.01158015298e-08, 5.55522206014e-09, 9.36530297757e-10, 7.91593846028e-10, 3.48195278166e-10, 1.47870340972e-10, 1.21171142564e-10, 4.50559312082e-10, 1.12702409905e-10, 1.20919274593e-10, 3.4013666883e-10, 1.43713624334e-10, 4.4086215234e-10, 6.75263511773e-10, 2.49424009224e-10, 1.94342750226e-10, 8.13800346555e-11, 7.8143193305e-11, 1.1814881018e-10, 2.53999876687e-10, 1.69050579091e-10, 3.91884996676e-11]
    },
    "mfcc": {
        "mean": [-637.860595703, 133.459823608, 15.8926267624, 21.8154811859, 16.0995407104, 23.2466850281, 6.32570409775, 7.89833641052, 7.46139764786, 2.58132266998, 5.47750997543, 1.55257773399, -0.844361841679],
        "cov": [[6635.37597656, -3385.35766602, 80.2911758423, 694.707824707, -523.898742676, -452.271179199, -165.023773193, -114.291374207, -101.369918823, -73.9957275391, 24.3761672974, -141.76739502, -27.3563575745], [-3385.35766602, 2560.72851562, -364.47253418, -387.583984375, 304.901885986, 214.430648804, 82.3673477173, 80.6461715698, 49.4437179565, 21.6509456635, -4.581158638, 84.7329025269, 3.93481636047], [80.2911758423, -364.47253418, 422.609710693, -33.7284355164, -12.392663002, 59.8417778015, 30.7930297852, -20.0814437866, -11.1359577179, 12.968044281, 1.08497285843, -7.45614671707, 14.158121109], [694.707824707, -387.583984375, -33.7284355164, 325.716705322, -86.8436965942, -74.8907546997, -11.5248527527, 0.24266217649, -11.6230306625, -15.4182014465, -9.84324932098, -32.4191360474, 0.122371353209], [-523.898742676, 304.901885986, -12.392663002, -86.8436965942, 202.793304443, 57.5159111023, 6.33949375153, 21.9826927185, 31.1303272247, 7.86777687073, -10.9183664322, 21.040019989, 4.63363456726], [-452.271179199, 214.430648804, 59.8417778015, -74.8907546997, 57.5159111023, 161.8775177, 40.2178993225, 13.3942127228, 11.6557426453, 18.6433582306, -1.3494259119, 24.826543808, 11.7583284378], [-165.023773193, 82.3673477173, 30.7930297852, -11.5248527527, 6.33949375153, 40.2178993225, 91.475189209, 21.6299991608, -5.200963974, -2.15731716156, 7.14549064636, -0.629589319229, 1.44192659855], [-114.291374207, 80.6461715698, -20.0814437866, 0.24266217649, 21.9826927185, 13.3942127228, 21.6299991608, 70.5635757446, 29.3226852417, 1.10098552704, -1.88816869259, 3.18324637413, -2.43324065208], [-101.369918823, 49.4437179565, -11.1359577179, -11.6230306625, 31.1303272247, 11.6557426453, -5.200963974, 29.3226852417, 80.6629104614, 24.8549346924, -5.19568681717, -1.72158336639, -2.35110831261], [-73.9957275391, 21.6509456635, 12.968044281, -15.4182014465, 7.86777687073, 18.6433582306, -2.15731716156, 1.10098552704, 24.8549346924, 71.4217758179, 18.705904007, -7.4534740448, -8.77880954742], [24.3761672974, -4.581158638, 1.08497285843, -9.84324932098, -10.9183664322, -1.3494259119, 7.14549064636, -1.88816869259, -5.19568681717, 18.705904007, 65.2258453369, 9.45605754852, -11.9028253555], [-141.76739502, 84.7329025269, -7.45614671707, -32.4191360474, 21.040019989, 24.826543808, -0.629589319229, 3.18324637413, -1.72158336639, -7.4534740448, 9.45605754852, 62.6995391846, 23.200668335], [-27.3563575745, 3.93481636047, 14.158121109, 0.122371353209, 4.63363456726, 11.7583284378, 1.44192659855, -2.43324065208, -2.35110831261, -8.77880954742, -11.9028253555, 23.200668335, 61.0961608887]],
