{
"lowlevel": {
    "average_loudness": 0.933891057968,
    "barkbands_crest": {
        "dmean": 2.16445565224,
        "dmean2": 3.4893951416,
        "dvar": 3.6946811676,
        "dvar2": 9.20594120026,
        "max": 22.2423610687,
        "mean": 11.8094949722,
        "median": 11.4016599655,
        "min": 4.25663709641,
        "var": 14.0283508301
    },
    "barkbands_flatness_db": {
        "dmean": 0.0243315864354,
        "dmean2": 0.0367092564702,
        "dvar": 0.000482871691929,
        "dvar2": 0.00101397209801,
        "max": 0.436800658703,
        "mean": 0.246551319957,
        "median": 0.243081152439,
        "min": 0.110217452049,
        "var": 0.00222279503942
    },
    "barkbands_kurtosis": {
        "dmean": 4.53592538834,
        "dmean2": 6.92637968063,
        "dvar": 48.5429611206,
        "dvar2": 106.67137146,
        "max": 154.782058716,
        "mean": 10.8632946014,
        "median": 7.96881580353,
        "min": -1.603728652,
        "var": 144.07359314
    },
    "barkbands_skewness": {
        "dmean": 0.538164675236,
        "dmean2": 0.817261636257,
        "dvar": 0.286672919989,
        "dvar2": 0.625643968582,
        "max": 10.5089931488,
        "mean": 2.49128770828,
        "median": 2.3478603363,
        "min": -0.409571558237,
        "var": 1.28601181507
    },
    "barkbands_spread": {
        "dmean": 2.27640295029,
        "dmean2": 3.45767664909,
        "dvar": 14.4803495407,
        "dvar2": 26.8612976074,
        "max": 82.4151611328,
        "mean": 8.11883544922,
        "median": 7.00641918182,
        "min": 0.485914349556,
        "var": 35.5182609558
    },
    "dissonance": {
        "dmean": 0.0266111567616,
        "dmean2": 0.0436528921127,
        "dvar": 0.000481348775793,
        "dvar2": 0.00129671476316,
        "max": 0.497307807207,
        "mean": 0.429743021727,
        "median": 0.434970885515,
        "min": 0.288609623909,
        "var": 0.00123653525952
    },
    "dynamic_complexity": 1.96294271946,
    "erbbands_crest": {
        "dmean": 2.3668615818,
        "dmean2": 3.72990036011,
        "dvar": 4.89515590668,
        "dvar2": 11.2725048065,
        "max": 27.3840293884,
        "mean": 9.63024425507,
        "median": 8.50864219666,
        "min": 3.14656662941,
        "var": 17.7275180817
    },
    "erbbands_flatness_db": {
        "dmean": 0.0159743297845,
        "dmean2": 0.0223917644471,
        "dvar": 0.000218594097532,
        "dvar2": 0.000433678651461,
        "max": 0.328048586845,
        "mean": 0.21009144187,
        "median": 0.211187779903,
        "min": 0.107648178935,
        "var": 0.000979732139967
    },
    "erbbands_kurtosis": {
        "dmean": 0.959351360798,
        "dmean2": 1.51120066643,
        "dvar": 1.76717829704,
        "dvar2": 4.03435277939,
        "max": 25.2358760834,
        "mean": 1.03705811501,
        "median": 0.511162996292,
        "min": -1.87941384315,
        "var": 4.99414682388
    },
    "erbbands_skewness": {
        "dmean": 0.328387469053,
        "dmean2": 0.501058697701,
        "dvar": 0.0889252945781,
        "dvar2": 0.190581247211,
        "max": 4.10076856613,
        "mean": 0.816747844219,
        "median": 0.753681838512,
        "min": -2.25013542175,
        "var": 0.382110476494
    },
    "erbbands_spread": {
        "dmean": 6.30866861343,
        "dmean2": 9.3801908493,
        "dvar": 61.8628005981,
        "dvar2": 121.276634216,
        "max": 159.496994019,
        "mean": 30.698682785,
        "median": 28.0915336609,
        "min": 4.97903203964,
        "var": 220.022979736
    },
    "hfc": {
        "dmean": 3.46742248535,
        "dmean2": 5.02798604965,
        "dvar": 21.9792137146,
        "dvar2": 42.772857666,
        "max": 101.509262085,
        "mean": 14.0961647034,
        "median": 12.0831232071,
        "min": 0.00030223291833,
        "var": 93.1055374146
    },
    "melbands_crest": {
        "dmean": 2.97006440163,
        "dmean2": 4.80773830414,
        "dvar": 7.39756679535,
        "dvar2": 18.1603813171,
        "max": 30.7524337769,
        "mean": 17.3314857483,
        "median": 16.8379878998,
        "min": 5.54027080536,
        "var": 31.6787319183
    },
    "melbands_flatness_db": {
        "dmean": 0.0280867274851,
        "dmean2": 0.040639411658,
        "dvar": 0.000733840104658,
        "dvar2": 0.00139901507646,
        "max": 0.538896739483,
        "mean": 0.313131600618,
        "median": 0.309394747019,
        "min": 0.0937266126275,
        "var": 0.00358768436126
    },
    "melbands_kurtosis": {
        "dmean": 8.92809391022,
        "dmean2": 13.7176485062,
        "dvar": 269.953735352,
        "dvar2": 606.457946777,
        "max": 460.245300293,
        "mean": 21.3171825409,
        "median": 14.9664382935,
        "min": -0.713955879211,
        "var": 694.5625
    },
    "melbands_skewness": {
        "dmean": 0.709104120731,
        "dmean2": 1.08311319351,
        "dvar": 0.558393836021,
        "dvar2": 1.18628823757,
        "max": 16.667842865,
        "mean": 3.26673841476,
        "median": 3.04410529137,
        "min": -0.328029096127,
        "var": 2.40321588516
    },
    "melbands_spread": {
        "dmean": 2.17764616013,
        "dmean2": 3.39888286591,
        "dvar": 12.4311647415,
        "dvar2": 28.8506298065,
        "max": 111.436225891,
        "mean": 7.66428995132,
        "median": 6.55402183533,
        "min": 0.437764406204,
        "var": 26.5214862823
    },
    "pitch_salience": {
        "dmean": 0.0712887868285,
        "dmean2": 0.114625193179,
        "dvar": 0.00410554744303,
        "dvar2": 0.00998420920223,
        "max": 0.830744743347,
        "mean": 0.486171424389,
        "median": 0.487618088722,
        "min": 0.170959591866,
        "var": 0.0134258819744
    },
    "silence_rate_20dB": {
        "dmean": 0,
        "dmean2": 0,
        "dvar": 0,
        "dvar2": 0,
        "max": 1,
        "mean": 1,
        "median": 1,
        "min": 1,
        "var": 0
    },
    "silence_rate_30dB": {
        "dmean": 0.0464756004512,
        "dmean2": 0.0929872170091,
        "dvar": 0.0443149842322,
        "dvar2": 0.102938130498,
        "max": 1,
        "mean": 0.94541233778,
        "median": 1,
        "min": 0,
        "var": 0.0516084693372
    },
    "silence_rate_60dB": {
        "dmean": 0.00154918665066,
        "dmean2": 0.00309957377613,
        "dvar": 0.00154677091632,
        "dvar2": 0.00308995530941,
        "max": 1,
        "mean": 0.0104529615492,
        "median": 0,
        "min": 0,
        "var": 0.0103441029787
    },
    "spectral_centroid": {
        "dmean": 106.058799744,
        "dmean2": 161.013061523,
        "dvar": 24826.4882812,
        "dvar2": 48498.5,
        "max": 3657.54980469,
        "mean": 536.343261719,
        "median": 491.340057373,
        "min": 142.583465576,
        "var": 65720.03125
    },
    "spectral_complexity": {
        "dmean": 2.12780785561,
        "dmean2": 3.38434720039,
        "dvar": 4.50335073471,
        "dvar2": 9.93595504761,
        "max": 34,
        "mean": 13.9461870193,
        "median": 13,
        "min": 0,
        "var": 27.2116565704
    },
    "spectral_decrease": {
        "dmean": 3.81794729165e-09,
        "dmean2": 5.93844440289e-09,
        "dvar": 2.25837280973e-17,
        "dvar2": 5.35677168518e-17,
        "max": -2.01378695078e-13,
        "mean": -1.32246684714e-08,
        "median": -1.18051142195e-08,
        "min": -6.42434585529e-08,
        "var": 6.20330931669e-17
    },
    "spectral_energy": {
        "dmean": 0.0146483182907,
        "dmean2": 0.0227471888065,
        "dvar": 0.000329927919665,
        "dvar2": 0.000781994836871,
        "max": 0.246739625931,
        "mean": 0.0511915124953,
        "median": 0.0455955192447,
        "min": 7.87462340668e-07,
        "var": 0.000918938778341
    },
    "spectral_energyband_high": {
        "dmean": 0.000120255172078,
        "dmean2": 0.000175500332261,
        "dvar": 2.20204697143e-07,
        "dvar2": 4.10633646197e-07,
        "max": 0.0100346524268,
        "mean": 0.000186673307326,
        "median": 6.29773712717e-05,
        "min": 3.00120928109e-09,
        "var": 4.57404865983e-07
    },
    "spectral_energyband_low": {
        "dmean": 0.0123867448419,
        "dmean2": 0.0198687799275,
        "dvar": 0.000267938710749,
        "dvar2": 0.000654413423035,
        "max": 0.198366507888,
        "mean": 0.0314387381077,
        "median": 0.0261392462999,
        "min": 2.12561488411e-07,
        "var": 0.000599082442932
    },
    "spectral_energyband_middle_high": {
        "dmean": 0.000838593230583,
        "dmean2": 0.00124890322331,
        "dvar": 1.50972607571e-06,
        "dvar2": 3.19231639878e-06,
        "max": 0.0201180856675,
        "mean": 0.00245224148966,
        "median": 0.00159630726557,
        "min": 5.44712541739e-08,
        "var": 6.82293102727e-06
    },
    "spectral_energyband_middle_low": {
        "dmean": 0.00606224313378,
        "dmean2": 0.00915289856493,
        "dvar": 5.8561527112e-05,
        "dvar2": 0.00014031806495,
        "max": 0.12122772634,
        "mean": 0.019473168999,
        "median": 0.0162715353072,
        "min": 5.66641745081e-07,
        "var": 0.000188438687474
    },
    "spectral_entropy": {
        "dmean": 0.197394520044,
        "dmean2": 0.27383762598,
        "dvar": 0.0372024923563,
        "dvar2": 0.0697442814708,
        "max": 8.06767940521,
        "mean": 6.80284118652,
        "median": 6.78014326096,
        "min": 5.28377962112,
        "var": 0.1605681777
    },
    "spectral_flux": {
        "dmean": 0.0268733073026,
        "dmean2": 0.0426624193788,
        "dvar": 0.000875975645613,
        "dvar2": 0.00220756186172,
        "max": 0.320572376251,
        "mean": 0.0868698954582,
        "median": 0.0773128643632,
        "min": 0.000887390749995,
        "var": 0.00194563274272
    },
    "spectral_kurtosis": {
        "dmean": 4.35678195953,
        "dmean2": 7.36446857452,
        "dvar": 19.0009994507,
        "dvar2": 49.9553108215,
        "max": 49.6857261658,
        "mean": 8.76571369171,
        "median": 7.26375293732,
        "min": -1.45270705223,
        "var": 40.7459487915
    },
    "spectral_rms": {
        "dmean": 0.000975401722826,
        "dmean2": 0.00148947921116,
        "dvar": 1.03299498733e-06,
        "dvar2": 2.29731381296e-06,
        "max": 0.015515204519,
        "mean": 0.00675419531763,
        "median": 0.00666959024966,
        "min": 2.77174312941e-05,
        "var": 4.32385013482e-06
    },
    "spectral_rolloff": {
        "dmean": 131.9503479,
        "dmean2": 228.071029663,
        "dvar": 170188.703125,
        "dvar2": 388032,
        "max": 7881.15234375,
        "mean": 447.828887939,
        "median": 366.064453125,
        "min": 107.666015625,
        "var": 191231.59375
    },
    "spectral_skewness": {
        "dmean": 0.416788935661,
        "dmean2": 0.67349165678,
        "dvar": 0.135674342513,
        "dvar2": 0.334178507328,
        "max": 4.98840093613,
        "mean": 2.15652728081,
        "median": 2.0839817524,
        "min": -0.339311808348,
        "var": 0.44139906764
    },
    "spectral_spread": {
        "dmean": 460753.1875,
        "dmean2": 658855,
        "dvar": 275702480896,
        "dvar2": 474675544064,
        "max": 12403149,
        "mean": 3061367.25,
        "median": 2806504.5,
        "min": 1192528.375,
        "var": 1.09652567654e+12
    },
    "spectral_strongpeak": {
        "dmean": 0.317500829697,
        "dmean2": 0.545727789402,
        "dvar": 0.195393383503,
        "dvar2": 0.487148940563,
        "max": 5.45204877853,
        "mean": 0.730907797813,
        "median": 0.614998161793,
        "min": 0.00302976579405,
        "var": 0.285055100918
    },
    "zerocrossingrate": {
        "dmean": 0.00457437476143,
        "dmean2": 0.00562876090407,
        "dvar": 4.09787789977e-05,
        "dvar2": 5.15252577316e-05,
        "max": 0.15234375,
        "mean": 0.0216533727944,
        "median": 0.01953125,
        "min": 0.00390625,
        "var": 0.000158104128786
    },
    "barkbands": {
        "dmean": [0.00015162366617, 0.00546292122453, 0.0075271348469, 0.00223270477727, 0.00277039664797, 0.00231583067216, 0.00091036548838, 0.000788481149357, 0.000618038000539, 0.000326825072989, 0.000203922056244, 0.000308783346554, 0.000165521341842, 0.000160762603628, 9.04034095583e-05, 8.36990002426e-05, 5.50082258997e-05, 4.86493991048e-05, 3.56566852133e-05, 2.89989438897e-05, 3.10933173751e-05, 2.82099244941e-05, 2.51038254646e-05, 3.01994714391e-05, 7.48264756112e-06, 7.25136040103e-09, 1.98043292876e-09],
        "dmean2": [0.000237665546592, 0.00872952584177, 0.0122973108664, 0.00369310285896, 0.00427614385262, 0.00360222486779, 0.00136075844057, 0.00115560123231, 0.000905852415599, 0.000496650638524, 0.000315277720802, 0.00049833295634, 0.000259607739281, 0.000252007215749, 0.00014392916637, 0.000128249157569, 8.90153387445e-05, 7.76710148784e-05, 5.74614714424e-05, 4.60513037979e-05, 5.0187612942e-05, 4.25597936555e-05, 3.67600914615e-05, 4.41754855274e-05, 1.15049770102e-05, 1.15528973055e-08, 3.64089114413e-09],
        "dvar": [7.49305684167e-08, 6.07692018093e-05, 0.000119133343105, 1.11355038825e-05, 1.60314921231e-05, 1.25268970805e-05, 3.1332360777e-06, 2.54420706369e-06, 1.46323486661e-06, 6.14647206021e-07, 4.7626716082e-07, 3.37832432251e-07, 1.36061856892e-07, 1.49132659999e-07, 3.73678012977e-08, 2.79814162951e-08, 1.29183908015e-08, 8.66342730887e-09, 5.14028419829e-09, 5.6174034313e-09, 1.43996228275e-08, 2.12387529785e-08, 1.74609979808e-08, 3.83538534265e-08, 2.24742757737e-09, 3.07889467129e-15, 5.9267040076e-18],
        "dvar2": [1.73087485678e-07, 0.000150861567818, 0.000300639920169, 2.8939683034e-05, 3.95587740059e-05, 2.95873178402e-05, 6.374043096e-06, 5.49966307517e-06, 3.03886076836e-06, 1.28316003156e-06, 1.02487967979e-06, 8.62606498231e-07, 3.09996266878e-07, 3.19950515859e-07, 8.89345912469e-08, 6.0141438496e-08, 3.22123341334e-08, 2.10267216971e-08, 1.30394646192e-08, 1.21482033322e-08, 3.53744020742e-08, 4.84229367714e-08, 3.15317763011e-08, 6.97018549545e-08, 4.45624603884e-09, 7.05621516688e-15, 1.87584611331e-17],
        "max": [0.00379968737252, 0.101997703314, 0.129292011261, 0.0425626598299, 0.0660891160369, 0.05187946558, 0.0333945080638, 0.0411175452173, 0.03381703794, 0.0192553773522, 0.0184414517134, 0.00731316721067, 0.0076354960911, 0.00930063985288, 0.00464276690036, 0.00317425234243, 0.00231781275943, 0.00152310705744, 0.00129559310153, 0.00226243701763, 0.00369576690719, 0.0034832584206, 0.00481385411695, 0.00710108410567, 0.00198479322717, 2.64156960839e-06, 1.92406037769e-08],
        "mean": [0.000229907294852, 0.0118995606899, 0.0170395895839, 0.00367068871856, 0.00575814815238, 0.00519591802731, 0.00183649116661, 0.00152120948769, 0.00126974144951, 0.00054212170653, 0.000327179383021, 0.000502283219248, 0.000299814768368, 0.000288035254925, 0.000162168769748, 0.0001833934366, 0.000100526143797, 8.96652927622e-05, 6.39352147118e-05, 4.72785504826e-05, 4.49422550446e-05, 3.67511674995e-05, 3.51261696778e-05, 3.81664576707e-05, 8.87037640496e-06, 8.00154786873e-09, 1.6195912389e-09],
        "median": [5.94037846895e-05, 0.0091736651957, 0.0112909264863, 0.00222269771621, 0.00369921792299, 0.00296014128253, 0.000857932842337, 0.00059332587989, 0.000618397956714, 0.000211978884181, 8.21617431939e-05, 0.000229124096222, 0.000112229834485, 9.2960006441e-05, 6.52873277431e-05, 8.16748215584e-05, 4.23719939135e-05, 3.85783569072e-05, 3.20292565448e-05, 2.24059858738e-05, 1.61730149557e-05, 9.20923866943e-06, 7.07964863977e-06, 5.9287303884e-06, 7.00350312854e-07, 1.77247194699e-09, 7.24173776501e-10],
        "min": [2.73993328026e-10, 4.00291355618e-08, 1.27248867443e-07, 9.06440931203e-08, 6.93654058637e-08, 3.32610937903e-07, 2.71160374155e-08, 9.82086056922e-09, 3.16808623779e-08, 1.99697325343e-08, 8.26487711603e-10, 2.58402099718e-09, 8.07399480607e-09, 5.19227683071e-09, 3.02087133086e-09, 5.66920688172e-09, 6.9798411495e-09, 1.19885934513e-09, 4.92731300206e-10, 2.13312478792e-09, 7.64656782337e-10, 1.16730691779e-09, 3.05548031321e-10, 1.99147448532e-10, 4.39178034217e-11, 1.89411090978e-11, 2.2303645042e-11],
        "var": [1.58819531748e-07, 0.000134710906423, 0.000307160342345, 1.99963433261e-05, 3.84695049434e-05, 3.8476089685e-05, 7.77145760367e-06, 6.89133503329e-06, 4.32368597103e-06, 1.10228029371e-06, 1.14201259294e-06, 6.32206706541e-07, 4.2260421651e-07, 4.5869785481e-07, 9.59115098453e-08, 9.26066618945e-08, 3.09802246079e-08, 2.18353051196e-08, 9.44084455057e-09, 9.64369828438e-09, 1.70922547227e-08, 2.78996754588e-08, 3.67061367967e-08, 6.97652637882e-08, 5.69932145922e-09, 4.62067780617e-15, 5.17962136171e-18]
    },
    "erbbands": {
        "dmean": [0.0881991907954, 1.54801595211, 8.04482364655, 7.42819356918, 7.83740854263, 9.02486038208, 18.3141345978, 19.3621940613, 14.2880249023, 13.7467288971, 17.0224761963, 11.9996681213, 14.877207756, 7.84351158142, 9.48154163361, 11.5378246307, 7.70185661316, 8.23672008514, 4.8348069191, 5.00436162949, 3.97044253349, 2.68851327896, 2.13882446289, 2.22561001778, 1.690513134, 1.42472743988, 1.31909108162, 1.13789391518, 1.01208567619, 0.830594420433, 0.700343668461, 0.779880166054, 0.391151666641, 0.150613903999, 0.00765612488613, 0.000349857873516, 2.5599005312e-05, 4.41912288807e-06, 7.07370281816e-06, 1.61211410159e-05],
        "dmean2": [0.140029370785, 2.49457788467, 13.0958156586, 12.1155185699, 12.5550508499, 14.1846761703, 27.7127151489, 29.9228038788, 22.0104122162, 19.210559845, 25.1420593262, 17.5709209442, 21.7188625336, 12.010099411, 14.6483840942, 18.5605239868, 12.1936435699, 12.8256025314, 7.47545528412, 7.87687349319, 6.01690292358, 4.19487571716, 3.39834904671, 3.53444314003, 2.73282909393, 2.24669003487, 2.09267401695, 1.83380806446, 1.52381718159, 1.21786022186, 1.04166305065, 1.1123803854, 0.592757701874, 0.224424183369, 0.0115026449785, 0.0005222830805, 3.76815005438e-05, 6.58859380565e-06, 1.07605201265e-05, 2.4908231353e-05],
        "dvar": [0.0190871302038, 4.86113166809, 133.468353271, 106.184837341, 169.071853638, 162.592636108, 840.058898926, 1080.40075684, 690.053588867, 1236.51806641, 1120.61584473, 608.62701416, 1198.3560791, 262.905334473, 691.04498291, 489.822052002, 282.157714844, 421.322143555, 129.403442383, 97.565322876, 63.5824890137, 30.0731468201, 15.0988836288, 23.1878967285, 12.1262559891, 14.3146266937, 13.7768716812, 36.5172996521, 29.9289970398, 14.402431488, 14.3382520676, 41.2250518799, 3.67468595505, 0.750975131989, 0.00517943780869, 9.03153977561e-06, 1.86902973098e-08, 3.04466812873e-10, 7.8398849912e-11, 3.89184517946e-10],
        "dvar2": [0.048113334924, 12.0386600494, 324.516723633, 279.41708374, 419.313018799, 405.62387085, 2019.57458496, 2492.10083008, 1559.51428223, 2565.125, 2406.30126953, 1169.12548828, 2491.99853516, 588.162658691, 1582.48632812, 1260.32531738, 669.078796387, 910.095214844, 282.651153564, 229.686019897, 140.437515259, 70.9044265747, 34.8105010986, 62.037612915, 30.4244213104, 29.8384189606, 31.5333538055, 98.601776123, 66.5114746094, 26.3385791779, 25.4092006683, 76.8976745605, 6.81168937683, 1.38870799541, 0.0121303135529, 2.05222459044e-05, 3.73503787898e-08, 5.31938160186e-10, 1.73488320931e-10, 9.21737741688e-10],
        "max": [2.13725495338, 30.8856048584, 154.78175354, 109.953697205, 154.306747437, 251.523223877, 417.811096191, 488.768218994, 601.693908691, 1129.89404297, 724.977416992, 602.894287109, 860.145751953, 339.547393799, 630.124206543, 363.297393799, 360.857086182, 490.499694824, 228.956420898, 244.860214233, 140.423049927, 131.547958374, 81.3317947388, 116.187217712, 54.368522644, 127.07245636, 73.7832565308, 188.565536499, 136.796188354, 117.825561523, 127.220222473, 243.511871338, 93.3257522583, 39.1839103699, 3.30592107773, 0.140305995941, 0.0068441433832, 0.000847071525641, 0.00022007174266, 0.000269850395853],
        "mean": [0.186335921288, 3.39509606361, 18.7606372833, 15.5093517303, 13.289396286, 18.9790344238, 35.3685913086, 43.2552337646, 29.5428123474, 29.6903820038, 33.1221466064, 25.200258255, 29.5143127441, 14.4405498505, 16.7473468781, 19.5761985779, 15.1658420563, 15.6077222824, 9.54616832733, 10.3207855225, 8.57471084595, 5.37853193283, 4.44276380539, 4.28567457199, 2.97750234604, 2.44557309151, 2.06389594078, 1.44299817085, 1.27794313431, 1.18551623821, 0.988823056221, 0.94616574049, 0.538673818111, 0.190539315343, 0.00823712721467, 0.000417071394622, 4.56209090771e-05, 7.71910617914e-06, 2.49494842137e-05, 5.69166331843e-05],
        "median": [0.136420443654, 2.74447846413, 12.5723180771, 11.5543289185, 7.54367589951, 11.7507305145, 18.3890857697, 22.5389003754, 17.5903816223, 11.2514381409, 14.7764215469, 13.5428171158, 12.8046798706, 6.7067117691, 7.0302233696, 9.80931854248, 6.28510046005, 5.31331729889, 3.97810220718, 4.52794742584, 3.89490270615, 2.38269877434, 2.27504992485, 1.86232256889, 1.59232461452, 1.19089627266, 0.802994668484, 0.461975991726, 0.319861650467, 0.251889467239, 0.194546326995, 0.131667539477, 0.0858135744929, 0.0196707844734, 0.000591907650232, 6.33183226455e-05, 2.15374566324e-05, 3.78577919946e-06, 2.1893018129e-05, 5.0778973673e-05],
        "min": [4.96230256886e-07, 1.31103488457e-05, 0.000117948962725, 0.000247734744335, 0.000323372340063, 0.000148721621372, 0.000953853188548, 0.00287589710206, 0.000434449262684, 0.000611575262155, 0.000228910139413, 0.000880048261024, 0.000598354381509, 0.000259932858171, 4.07642546634e-05, 0.000164334327565, 0.00036089567584, 0.000234983366681, 0.000194258973352, 0.000177927839104, 0.000385034189094, 0.000324077089317, 0.000138289004099, 4.71256062156e-05, 2.43123049586e-05, 0.000132057379233, 3.559099423e-05, 6.14225573372e-05, 2.49809854722e-05, 8.42797999212e-06, 6.65585002935e-06, 4.73953832625e-06, 2.79900086753e-06, 8.98264431726e-07, 1.76153832854e-07, 9.00086192246e-08, 4.02696826995e-08, 1.56283643804e-08, 3.78155462499e-09, 1.15558362879e-09],
        "var": [0.0377154573798, 10.2605524063, 348.75491333, 209.463241577, 277.59262085, 490.801055908, 2296.94482422, 3569.61401367, 1547.13146973, 3193.00805664, 2918.66967773, 1827.68310547, 2869.44628906, 535.522583008, 1517.34960938, 874.456237793, 896.386962891, 1245.00793457, 378.784210205, 288.192596436, 205.213516235, 87.8421554565, 44.0159683228, 55.1837692261, 21.7616786957, 26.3692016602, 21.093132019, 37.0590057373, 37.9015083313, 28.4113521576, 30.064535141, 59.5292854309, 11.7558860779, 2.29622101784, 0.0079782884568, 1.54844474309e-05, 4.85561919561e-08, 9.59490487062e-10, 2.55038073993e-10, 1.11981213191e-09]
    },
    "gfcc": {
        "mean": [-43.6335334778, 180.5206604, -120.675994873, 49.7810249329, -59.2005844116, 11.0877351761, -24.6373596191, -10.7912607193, -0.156139060855, -22.4713611603, 10.3544721603, -23.7755661011, 5.4169588089],
        "cov": [[2670.07421875, -512.637390137, -303.178314209, 183.099182129, -298.30657959, 183.355758667, -247.722717285, 64.8190383911, 1.07231330872, 32.9581985474, 16.9177532196, -33.1354446411, -28.7627811432], [-512.637390137, 548.732177734, -33.5437736511, -231.708648682, 260.313201904, -173.193084717, 150.35144043, -50.206401825, 62.6359901428, -37.9345359802, 14.6055326462, -5.74792671204, -16.9335899353], [-303.178314209, -33.5437736511, 342.851104736, 84.9199523926, 25.542224884, 47.4937133789, 20.0047225952, 13.9696474075, -8.44136810303, 10.820309639, 14.9218416214, 17.1807785034, 17.4795455933], [183.099182129, -231.708648682, 84.9199523926, 218.32673645, -58.0037574768, 62.2220039368, -37.6635169983, 9.04195404053, -6.99240064621, 11.8448905945, 3.79601383209, 11.287320137, 6.89953565598], [-298.30657959, 260.313201904, 25.542224884, -58.0037574768, 242.069396973, -66.321105957, 75.7914810181, -14.6086654663, 49.3320884705, -10.9012928009, 5.26807832718, 2.41138267517, -16.7638072968], [183.355758667, -173.193084717, 47.4937133789, 62.2220039368, -66.321105957, 144.018890381, -4.21005535126, 29.3600559235, -13.7020902634, 19.8435554504, 0.895197749138, -5.59774541855, 13.1722984314], [-247.722717285, 150.35144043, 20.0047225952, -37.6635169983, 75.7914810181, -4.21005535126, 189.701553345, 11.3938045502, 3.25674676895, -2.65612101555, -2.66298317909, -2.45378756523, 2.59090304375], [64.8190383911, -50.206401825, 13.9696474075, 9.04195404053, -14.6086654663, 29.3600559235, 11.3938045502, 85.5106658936, 8.43482112885, 8.99047374725, 3.98281025887, -5.78878307343, 13.1920232773], [1.07231330872, 62.6359901428, -8.44136810303, -6.99240064621, 49.3320884705, -13.7020902634, 3.25674676895, 8.43482112885, 90.3007202148, 12.9238872528, -5.42489624023, -1.17272603512, -22.9819164276], [32.9581985474, -37.9345359802, 10.820309639, 11.8448905945, -10.9012928009, 19.8435554504, -2.65612101555, 8.99047374725, 12.9238872528, 71.1217193604, 22.4642353058, -1.52658009529, 6.42859220505], [16.9177532196, 14.6055326462, 14.9218416214, 3.79601383209, 5.26807832718, 0.895197749138, -2.66298317909, 3.98281025887, -5.42489624023, 22.4642353058, 74.3308639526, 25.9840126038, 10.0094165802], [-33.1354446411, -5.74792671204, 17.1807785034, 11.287320137, 2.41138267517, -5.59774541855, -2.45378756523, -5.78878307343, -1.17272603512, -1.52658009529, 25.9840126038, 60.7845954895, 18.0905132294], [-28.7627811432, -16.9335899353, 17.4795455933, 6.89953565598, -16.7638072968, 13.1722984314, 2.59090304375, 13.1920232773, -22.9819164276, 6.42859220505, 10.0094165802, 18.0905132294, 65.3759307861]],
        "icov": [[0.000644691172056, -0.000661249854602, 0.000796450534835, -0.000913184019737, 0.000606908870395, -0.00106434733607, 0.000858502695337, -0.000636909389868, 0.000148979277583, -0.00016612453328, -9.4795053883e-05, -4.06270301028e-05, 0.000554824073333], [-0.000661249854602, 0.0312557965517, -0.00427609402686, 0.0217481181026, -0.0150895835832, 0.0186267104, -0.014691894874, 0.0136035019532, -0.0154055068269, 0.0128541467711, -0.0144696440548, 0.0122634861618, -0.0109897386283], [0.000796450534835, -0.00427609402686, 0.00493948161602, -0.00483450805768, 0.00134420534596, -0.00421869754791, 0.00237244577147, -0.0025326970499, 0.00252049299888, -0.00187290622853, 0.00136813241988, -0.00207967753522, 0.00148031814024], [-0.000913184019737, 0.0217481181026, -0.00483450805768, 0.0215291045606, -0.00980904232711, 0.0115931965411, -0.00969065446407, 0.00985028408468, -0.0109072038904, 0.00861048139632, -0.00941991340369, 0.00717397266999, -0.00742668053135], [0.000606908870395, -0.0150895835832, 0.00134420534596, -0.00980904232711, 0.0141018712893, -0.00703653972596, 0.00501462770626, -0.00563860079274, 0.00373215042055, -0.00487697450444, 0.00545748742297, -0.00518659362569, 0.00539837544784], [-0.00106434733607, 0.0186267104, -0.00421869754791, 0.0115931965411, -0.00703653972596, 0.0217240620404, -0.010161537677, 0.00620667682961, -0.00854506343603, 0.00571344140917, -0.00784871634096, 0.00822024513036, -0.00740896584466], [0.000858502695337, -0.014691894874, 0.00237244577147, -0.00969065446407, 0.00501462770626, -0.010161537677, 0.0138296587393, -0.00783623382449, 0.00820598658174, -0.0062316711992, 0.00717273075134, -0.0057631097734, 0.00532108079642], [-0.000636909389868, 0.0136035019532, -0.0025326970499, 0.00985028408468, -0.00563860079274, 0.00620667682961, -0.00783623382449, 0.0200744923204, -0.00991675164551, 0.00608593365178, -0.00777432601899, 0.00808710977435, -0.00868774577975], [0.000148979277583, -0.0154055068269, 0.00252049299888, -0.0109072038904, 0.00373215042055, -0.00854506343603, 0.00820598658174, -0.00991675164551, 0.0233894269913, -0.0111133242026, 0.0105040119961, -0.0092545626685, 0.01117466297], [-0.00016612453328, 0.0128541467711, -0.00187290622853, 0.00861048139632, -0.00487697450444, 0.00571344140917, -0.0062316711992, 0.00608593365178, -0.0111133242026, 0.0234709642828, -0.0129579380155, 0.00919260643423, -0.00730890361592], [-9.4795053883e-05, -0.0144696440548, 0.00136813241988, -0.00941991340369, 0.00545748742297, -0.00784871634096, 0.00717273075134, -0.00777432601899, 0.0105040119961, -0.0129579380155, 0.0258068479598, -0.0144206229597, 0.0061099990271], [-4.06270301028e-05, 0.0122634861618, -0.00207967753522, 0.00717397266999, -0.00518659362569, 0.00822024513036, -0.0057631097734, 0.00808710977435, -0.0092545626685, 0.00919260643423, -0.0144206229597, 0.0278628543019, -0.0110915992409], [0.000554824073333, -0.0109897386283, 0.00148031814024, -0.00742668053135, 0.00539837544784, -0.00740896584466, 0.00532108079642, -0.00868774577975, 0.01117466297, -0.00730890361592, 0.0061099990271, -0.0110915992409, 0.0242816768587]]
    },
    "melbands": {
        "dmean": [0.00108382105827, 0.00343964388594, 0.00124184798915, 0.000563514709938, 0.000581761065405, 0.000424652011134, 0.000214088708162, 0.000152965454618, 0.000124647020129, 8.36964172777e-05, 7.50409235479e-05, 3.23898348142e-05, 3.29006143147e-05, 3.72531176254e-05, 2.04195403057e-05, 1.63111635629e-05, 1.54993176693e-05, 8.51975892147e-06, 6.30164731774e-06, 6.98505482433e-06, 4.66417259304e-06, 3.10223686029e-06, 2.26308134188e-06, 2.61597210738e-06, 1.8330608782e-06, 1.38550035444e-06, 1.10358860184e-06, 9.71159465735e-07, 8.49589810059e-07, 8.16402007331e-07, 6.41157271275e-07, 5.92781020714e-07, 5.4070517308e-07, 4.55449281844e-07, 3.93142386201e-07, 4.61593231194e-07, 4.87186241571e-07, 2.64845823494e-07, 2.4876433713e-07, 8.46428065415e-08],
        "dmean2": [0.00174478453118, 0.00556796602905, 0.00200365297496, 0.000900369312149, 0.000877864018548, 0.000657732249238, 0.000327718764311, 0.000218206710997, 0.000184184114914, 0.000122777710203, 0.000109698084998, 4.98620029248e-05, 5.03819792357e-05, 6.05404566159e-05, 3.24573811668e-05, 2.51585406659e-05, 2.44708644459e-05, 1.32113027576e-05, 9.83417066891e-06, 1.06596171463e-05, 7.21973310647e-06, 4.87081342726e-06, 3.6404749153e-06, 4.173230991e-06, 2.93182802125e-06, 2.26148267757e-06, 1.79921926247e-06, 1.5386991663e-06, 1.36769040182e-06, 1.30731677928e-06, 1.04620357888e-06, 9.15194050322e-07, 8.17922057195e-07, 6.74318471283e-07, 5.93545678385e-07, 6.76417755585e-07, 7.19776153346e-07, 4.16845551854e-07, 3.65840861605e-07, 1.27979603803e-07],
        "dvar": [2.45635601459e-06, 2.29193665291e-05, 2.76495893559e-06, 7.52295989059e-07, 7.63877324061e-07, 4.86401006583e-07, 1.37880618922e-07, 1.31060360786e-07, 5.71626799228e-08, 2.84613896895e-08, 2.97061255594e-08, 4.80985740126e-09, 1.12898170812e-08, 4.92460694446e-09, 2.05791073071e-09, 1.02739527996e-09, 1.62796010006e-09, 4.55666615551e-10, 1.74776540462e-10, 2.03037378577e-10, 9.20966566897e-11, 4.45470813015e-11, 1.79070213518e-11, 2.85997718563e-11, 1.84007600823e-11, 8.52451356032e-12, 6.07986881326e-12, 7.77480944208e-12, 5.56444170255e-12, 9.33541698805e-12, 1.36668974748e-11, 1.10029225314e-11, 7.22352472976e-12, 4.35136648935e-12, 4.04997303055e-12, 8.49360165533e-12, 2.40586803951e-11, 1.83341514713e-12, 1.33877110786e-12, 3.88012891131e-13],
        "dvar2": [6.12873463979e-06, 5.57201819902e-05, 7.12078144716e-06, 1.85648855222e-06, 1.85902399608e-06, 1.13400301416e-06, 3.08028461404e-07, 2.77846339714e-07, 1.22062743912e-07, 5.50481651374e-08, 6.15949673488e-08, 1.05694661912e-08, 2.44535858229e-08, 1.25639392223e-08, 4.90759877181e-09, 2.21348539498e-09, 3.60544705202e-09, 1.00174935014e-09, 3.99671434836e-10, 4.44058539939e-10, 2.1776579151e-10, 1.07602898813e-10, 4.42986099192e-11, 6.85049447724e-11, 5.02718908169e-11, 2.16880211706e-11, 1.5401870751e-11, 1.63876048148e-11, 1.34034719088e-11, 2.23327918658e-11, 3.85410557635e-11, 2.56881564631e-11, 1.5077772364e-11, 7.91608618933e-12, 7.41022174178e-12, 1.66592451639e-11, 4.56554793971e-11, 3.87782037384e-12, 2.06382545602e-12, 7.72587397703e-13],
        "max": [0.0229166280478, 0.0636300072074, 0.0177006330341, 0.0179514214396, 0.0136730102822, 0.0107643278316, 0.00785770080984, 0.0110302511603, 0.00480039976537, 0.00400196341798, 0.00417773565277, 0.00147741811816, 0.00289139105007, 0.00110219360795, 0.000879361818079, 0.000664923805743, 0.000885577814188, 0.000450969149824, 0.000331138435286, 0.000330237526214, 0.000187401994481, 0.000139418712934, 9.82980782283e-05, 8.01469213911e-05, 0.000113576599688, 5.83818655286e-05, 5.73935358261e-05, 9.98308605631e-05, 5.0163231208e-05, 9.68457316048e-05, 0.000107437845145, 7.78137764428e-05, 7.35784924473e-05, 6.98358053342e-05, 6.22168445261e-05, 0.000100783247035, 0.000199929927476, 6.30697977613e-05, 5.73465513298e-05, 2.80126187135e-05],
        "mean": [0.00241706939414, 0.00810225214809, 0.002732306486, 0.00109334371518, 0.00117839802988, 0.000957095646299, 0.00044676894322, 0.000324480584823, 0.000241791276494, 0.00017098346143, 0.000146074409713, 5.62982095289e-05, 5.55805527256e-05, 6.03170046816e-05, 3.59181140084e-05, 3.13762975566e-05, 2.80322492472e-05, 1.53488927026e-05, 1.18162679428e-05, 1.50700698214e-05, 8.8532369773e-06, 5.6094095271e-06, 4.17546107201e-06, 4.62720208816e-06, 3.33920957019e-06, 2.28618864639e-06, 1.79306812242e-06, 1.53813903125e-06, 1.28735723592e-06, 1.08754545636e-06, 7.57032182719e-07, 7.11498216788e-07, 7.09808432475e-07, 6.37713810647e-07, 5.49441892872e-07, 5.90451577409e-07, 5.664614946e-07, 3.65148736137e-07, 3.31149351496e-07, 9.55926964252e-08],
        "median": [0.00188679713756, 0.00585423689336, 0.0020938841626, 0.000712774577551, 0.000663275422994, 0.000517680891789, 0.000262244808255, 0.000124160636915, 0.000106060811959, 8.30107965157e-05, 6.11669820501e-05, 2.30198293139e-05, 1.80716051545e-05, 2.69027677859e-05, 1.49577708726e-05, 1.23059944599e-05, 8.70572785061e-06, 5.72002409172e-06, 4.63839205622e-06, 6.53407550999e-06, 3.49743550032e-06, 2.16529474528e-06, 1.86759564258e-06, 1.94246649698e-06, 1.28337342176e-06, 1.08750828076e-06, 8.63932370976e-07, 6.52954895486e-07, 4.57581677438e-07, 3.29922158926e-07, 1.9113700489e-07, 1.69772263803e-07, 1.43978297729e-07, 1.15844393633e-07, 1.08526897691e-07, 8.98372363167e-08, 6.370371608e-08, 5.72762779427e-08, 4.48792540908e-08, 5.70472291628e-09],
        "min": [7.45693906623e-09, 4.71151508918e-08, 4.76099657476e-08, 1.53726205099e-08, 4.18278602865e-08, 6.23819786938e-08, 6.17216899812e-09, 5.80469006195e-09, 2.36059394254e-09, 5.12032638511e-09, 2.97986524345e-09, 1.33684485704e-09, 1.22329327223e-10, 1.27596863631e-10, 1.08856834657e-09, 4.92408780417e-10, 4.49918990952e-10, 3.69756641971e-10, 1.74930986363e-10, 3.16715348392e-10, 4.69562222438e-10, 2.98976565727e-10, 3.185557651e-10, 4.66569664848e-11, 3.66676376762e-11, 7.82276240313e-12, 5.33928457003e-11, 8.4420276325e-11, 1.4779162269e-11, 2.05259507308e-11, 4.82503204058e-11, 2.1496143407e-11, 1.00151950535e-12, 6.82628302842e-12, 4.36389856542e-12, 2.87720585204e-12, 2.55972326668e-12, 1.75664485128e-12, 1.83771639399e-12, 4.05328141927e-13],
        "var": [5.25122140971e-06, 5.41892295587e-05, 5.75146850679e-06, 1.53893483912e-06, 2.14899341699e-06, 1.56525436523e-06, 3.26133857698e-07, 3.47838152948e-07, 1.53081060716e-07, 8.76584280718e-08, 7.13875110137e-08, 9.65931867825e-09, 2.72404836466e-08, 9.82897407908e-09, 4.88597873272e-09, 3.46694339903e-09, 4.44570424918e-09, 1.15116294275e-09, 5.65563429422e-10, 6.20075490954e-10, 2.56694859813e-10, 1.13622909692e-10, 4.78372307045e-11, 6.70902916555e-11, 4.22852794446e-11, 1.44071551564e-11, 9.45986865231e-12, 1.33937045482e-11, 8.73902339382e-12, 1.11142978501e-11, 1.30618328653e-11, 1.25580674332e-11, 1.06689457616e-11, 9.13486907644e-12, 8.68371693996e-12, 1.48225216823e-11, 3.09939955645e-11, 5.31852209842e-12, 5.36756663422e-12, 8.64217280638e-13]
    },
    "mfcc": {
        "mean": [-672.774536133, 178.992889404, 14.2952518463, 31.0648841858, 6.60613870621, 10.0828123093, -0.315182060003, 5.09396409988, -4.89917135239, 6.00086784363, -3.6619591713, 3.38196063042, -2.60407447815],
        "cov": [[2978.88525391, -704.137268066, -110.329223633, -140.007034302, -36.4482040405, -12.7393331528, -166.687576294, -26.4570426941, -48.0771026611, -19.3836345673, 24.3015155792, 75.2035522461, -17.3781261444], [-704.137268066, 862.949829102, -297.325561523, 22.9920158386, 10.1785001755, -31.6562900543, 28.6274147034, 32.4087753296, 18.656999588, 28.0679759979, 13.17882061, 5.72352790833, 18.3473739624], [-110.329223633, -297.325561523, 367.399291992, 21.8016281128, 13.7122354507, 35.8505477905, 36.8612632751, -1.38292551041, -4.81084394455, 1.6568107605, -7.97610807419, -18.7560062408, -4.25716638565], [-140.007034302, 22.9920158386, 21.8016281128, 151.006210327, 29.0006332397, 21.4549369812, 8.92930412292, 18.2475013733, 2.32760167122, -2.9961605072, 4.39888811111, 7.08658504486, -0.308368504047], [-36.4482040405, 10.1785001755, 13.7122354507, 29.0006332397, 146.475540161, 1.49353206158, -33.2992706299, 0.0627540126443, -9.3899974823, -1.27331101894, 9.11709690094, 5.36096715927, -0.717805802822], [-12.7393331528, -31.6562900543, 35.8505477905, 21.4549369812, 1.49353206158, 104.537010193, 16.0938682556, 9.68611049652, 9.16585159302, 6.01272630692, 8.40213775635, 14.8125019073, -0.282576024532], [-166.687576294, 28.6274147034, 36.8612632751, 8.92930412292, -33.2992706299, 16.0938682556, 137.55255127, 13.9557819366, 12.7912769318, 21.122133255, -6.78664636612, -14.0079956055, 10.5790014267], [-26.4570426941, 32.4087753296, -1.38292551041, 18.2475013733, 0.0627540126443, 9.68611049652, 13.9557819366, 90.2455978394, 20.6243667603, 0.77309268713, 1.52665817738, 11.4866771698, -3.29721951485], [-48.0771026611, 18.656999588, -4.81084394455, 2.32760167122, -9.3899974823, 9.16585159302, 12.7912769318, 20.6243667603, 87.1396255493, 18.6937866211, 9.67173194885, -0.247212141752, -3.35270094872], [-19.3836345673, 28.0679759979, 1.6568107605, -2.9961605072, -1.27331101894, 6.01272630692, 21.122133255, 0.77309268713, 18.6937866211, 86.6664505005, 17.6703834534, -4.65888643265, -7.23600053787], [24.3015155792, 13.17882061, -7.97610807419, 4.39888811111, 9.11709690094, 8.40213775635, -6.78664636612, 1.52665817738, 9.67173194885, 17.6703834534, 69.417350769, 19.4510421753, -4.50069141388], [75.2035522461, 5.72352790833, -18.7560062408, 7.08658504486, 5.36096715927, 14.8125019073, -14.0079956055, 11.4866771698, -0.247212141752, -4.65888643265, 19.4510421753, 74.5965042114, 17.6740818024], [-17.3781261444, 18.3473739624, -4.25716638565, -0.308368504047, -0.717805802822, -0.282576024532, 10.5790014267, -3.29721951485, -3.35270094872, -7.23600053787, -4.50069141388, 17.6740818024, 74.7880096436]],
