{
"lowlevel": {
    "average_loudness": 0.97351872921,
    "barkbands_crest": {
        "dmean": 3.09850645065,
        "dmean2": 5.2816157341,
        "dvar": 7.46394109726,
        "dvar2": 19.7546062469,
        "max": 23.6463546753,
        "mean": 7.85354137421,
        "median": 6.93396139145,
        "min": 2.31049323082,
        "var": 13.1282529831
    },
    "barkbands_flatness_db": {
        "dmean": 0.0178657788783,
        "dmean2": 0.0300599504262,
        "dvar": 0.000230309437029,
        "dvar2": 0.000611536146607,
        "max": 0.222016021609,
        "mean": 0.11583750695,
        "median": 0.111933417618,
        "min": 0.0575359351933,
        "var": 0.000540751032531
    },
    "barkbands_kurtosis": {
        "dmean": 1.15447497368,
        "dmean2": 1.93807756901,
        "dvar": 2.777987957,
        "dvar2": 7.15064334869,
        "max": 20.2114639282,
        "mean": 0.327505797148,
        "median": -0.304993629456,
        "min": -1.83828508854,
        "var": 4.28739452362
    },
    "barkbands_skewness": {
        "dmean": 0.422670572996,
        "dmean2": 0.687641203403,
        "dvar": 0.169853195548,
        "dvar2": 0.403606116772,
        "max": 4.25330400467,
        "mean": 0.937164843082,
        "median": 0.825347602367,
        "min": -1.66516923904,
        "var": 0.448905646801
    },
    "barkbands_spread": {
        "dmean": 7.28475618362,
        "dmean2": 11.9371881485,
        "dvar": 48.4924278259,
        "dvar2": 116.674613953,
        "max": 94.2810745239,
        "mean": 36.4353904724,
        "median": 35.5988769531,
        "min": 9.67659950256,
        "var": 120.071731567
    },
    "dissonance": {
        "dmean": 0.0108588188887,
        "dmean2": 0.01838917844,
        "dvar": 9.20065431274e-05,
        "dvar2": 0.000248437689152,
        "max": 0.500000059605,
        "mean": 0.48166128993,
        "median": 0.48427054286,
        "min": 0.400588452816,
        "var": 0.00016755759134
    },
    "dynamic_complexity": 1.5432664156,
    "erbbands_crest": {
        "dmean": 1.85376727581,
        "dmean2": 3.08323669434,
        "dvar": 3.51825141907,
        "dvar2": 9.14233589172,
        "max": 25.9017734528,
        "mean": 6.18468999863,
        "median": 5.43645715714,
        "min": 2.46255064011,
        "var": 7.4477686882
    },
    "erbbands_flatness_db": {
        "dmean": 0.0113702174276,
        "dmean2": 0.0171762295067,
        "dvar": 8.81800224306e-05,
        "dvar2": 0.000199240108486,
        "max": 0.229809746146,
        "mean": 0.154270216823,
        "median": 0.154123589396,
        "min": 0.0949992761016,
        "var": 0.000371266069124
    },
    "erbbands_kurtosis": {
        "dmean": 0.462311089039,
        "dmean2": 0.745165109634,
        "dvar": 0.264141082764,
        "dvar2": 0.634514451027,
        "max": 6.90800094604,
        "mean": -0.495500743389,
        "median": -0.699401140213,
        "min": -1.6339713335,
        "var": 0.647890746593
    },
    "erbbands_skewness": {
        "dmean": 0.286666184664,
        "dmean2": 0.4467420578,
        "dvar": 0.0618228204548,
        "dvar2": 0.155814051628,
        "max": 1.99811995029,
        "mean": -0.0901577547193,
        "median": -0.108652360737,
        "min": -2.0972840786,
        "var": 0.277491003275
    },
    "erbbands_spread": {
        "dmean": 7.43959760666,
        "dmean2": 11.8012800217,
        "dvar": 41.8667564392,
        "dvar2": 102.721084595,
        "max": 94.701133728,
        "mean": 45.8732414246,
        "median": 44.6995201111,
        "min": 11.8227529526,
        "var": 147.978866577
    },
    "hfc": {
        "dmean": 7.4780216217,
        "dmean2": 11.5548400879,
        "dvar": 65.2366790771,
        "dvar2": 145.493469238,
        "max": 97.2359466553,
        "mean": 32.134021759,
        "median": 32.1206169128,
        "min": 0.00097970222123,
        "var": 246.14692688
    },
    "melbands_crest": {
        "dmean": 3.83526086807,
        "dmean2": 6.24783182144,
        "dvar": 10.0989770889,
        "dvar2": 25.974571228,
        "max": 30.9408779144,
        "mean": 11.9099435806,
        "median": 11.0372285843,
        "min": 3.82988095284,
        "var": 22.7681064606
    },
    "melbands_flatness_db": {
        "dmean": 0.0259038060904,
        "dmean2": 0.0426287017763,
        "dvar": 0.000528966309503,
        "dvar2": 0.00126302160788,
        "max": 0.269966304302,
        "mean": 0.128523528576,
        "median": 0.123394496739,
        "min": 0.0273030046374,
        "var": 0.00138457375579
    },
    "melbands_kurtosis": {
        "dmean": 4.19242143631,
        "dmean2": 6.94333267212,
        "dvar": 35.0544471741,
        "dvar2": 89.4702148438,
        "max": 77.2124633789,
        "mean": 7.08747625351,
        "median": 4.6247215271,
        "min": -1.40711808205,
        "var": 60.831035614
    },
    "melbands_skewness": {
        "dmean": 0.635968446732,
        "dmean2": 1.01450693607,
        "dvar": 0.380250900984,
        "dvar2": 0.915322840214,
        "max": 7.74302721024,
        "mean": 2.25284314156,
        "median": 2.06614542007,
        "min": -0.262325853109,
        "var": 1.10995090008
    },
    "melbands_spread": {
        "dmean": 10.5079975128,
        "dmean2": 17.3450069427,
        "dvar": 106.569419861,
        "dvar2": 250.179901123,
        "max": 132.168991089,
        "mean": 38.2832946777,
        "median": 37.1023101807,
        "min": 5.89203071594,
        "var": 266.808013916
    },
    "pitch_salience": {
        "dmean": 0.0837382227182,
        "dmean2": 0.139734536409,
        "dvar": 0.00506029091775,
        "dvar2": 0.0130189172924,
        "max": 0.836235165596,
        "mean": 0.604606807232,
        "median": 0.617544651031,
        "min": 0.210173994303,
        "var": 0.0103277210146
    },
    "silence_rate_20dB": {
        "dmean": 0,
        "dmean2": 0,
        "dvar": 0,
        "dvar2": 0,
        "max": 1,
        "mean": 1,
        "median": 1,
        "min": 1,
        "var": 0
    },
    "silence_rate_30dB": {
        "dmean": 0,
        "dmean2": 0,
        "dvar": 0,
        "dvar2": 0,
        "max": 1,
        "mean": 1,
        "median": 1,
        "min": 1,
        "var": 0
    },
    "silence_rate_60dB": {
        "dmean": 0.00154918665066,
        "dmean2": 0.00309957377613,
        "dvar": 0.00154677091632,
        "dvar2": 0.00386484852061,
        "max": 1,
        "mean": 0.0104529615492,
        "median": 0,
        "min": 0,
        "var": 0.01034410391
    },
    "spectral_centroid": {
        "dmean": 292.47467041,
        "dmean2": 481.142913818,
        "dvar": 68592.640625,
        "dvar2": 172569.90625,
        "max": 3784.35791016,
        "mean": 2075.65649414,
        "median": 2091.62744141,
        "min": 702.540710449,
        "var": 178890.9375
    },
    "spectral_complexity": {
        "dmean": 4.75987625122,
        "dmean2": 7.4397521019,
        "dvar": 16.8720054626,
        "dvar2": 36.9901771545,
        "max": 60,
        "mean": 33.5725898743,
        "median": 34,
        "min": 0,
        "var": 93.2729110718
    },
    "spectral_decrease": {
        "dmean": 2.36012209776e-09,
        "dmean2": 3.8030587568e-09,
        "dvar": 5.48168538754e-18,
        "dvar2": 1.371583577e-17,
        "max": -1.53237001538e-13,
        "mean": -6.9247403367e-09,
        "median": -6.51090648063e-09,
        "min": -2.34329604609e-08,
        "var": 1.00822248994e-17
    },
    "spectral_energy": {
        "dmean": 0.00924890674651,
        "dmean2": 0.0147979734465,
        "dvar": 8.33224257804e-05,
        "dvar2": 0.000208084224141,
        "max": 0.0960454121232,
        "mean": 0.0290502272546,
        "median": 0.0275294259191,
        "min": 6.67210088068e-07,
        "var": 0.000163843855262
    },
    "spectral_energyband_high": {
        "dmean": 0.000775211839937,
        "dmean2": 0.00126263406128,
        "dvar": 9.31376291646e-07,
        "dvar2": 2.1917187496e-06,
        "max": 0.0112064536661,
        "mean": 0.00200311676599,
        "median": 0.00175702187698,
        "min": 5.65645947859e-08,
        "var": 1.97210397346e-06
    },
    "spectral_energyband_low": {
        "dmean": 0.0062094880268,
        "dmean2": 0.0102206878364,
        "dvar": 4.94363375765e-05,
        "dvar2": 0.000119246404211,
        "max": 0.0505033172667,
        "mean": 0.00940186623484,
        "median": 0.00685940124094,
        "min": 3.44776545091e-08,
        "var": 6.72490641591e-05
    },
    "spectral_energyband_middle_high": {
        "dmean": 0.00197170465253,
        "dmean2": 0.00307275331579,
        "dvar": 4.70499708172e-06,
        "dvar2": 1.18409352581e-05,
        "max": 0.0338862389326,
        "mean": 0.00777677306905,
        "median": 0.0068962299265,
        "min": 2.74292517588e-07,
        "var": 2.27107848332e-05
    },
    "spectral_energyband_middle_low": {
        "dmean": 0.00504077598453,
        "dmean2": 0.00835172832012,
        "dvar": 4.82334544358e-05,
        "dvar2": 0.000125009712065,
        "max": 0.0822473838925,
        "mean": 0.0107050715014,
        "median": 0.00880711898208,
        "min": 3.19429915407e-07,
        "var": 6.60562436678e-05
    },
    "spectral_entropy": {
        "dmean": 0.0911258161068,
        "dmean2": 0.149219289422,
        "dvar": 0.00693830475211,
        "dvar2": 0.016867602244,
        "max": 8.55359363556,
        "mean": 7.9828081131,
        "median": 7.98440074921,
        "min": 7.35349369049,
        "var": 0.0212932787836
    },
    "spectral_flux": {
        "dmean": 0.0234928876162,
        "dmean2": 0.0353378988802,
        "dvar": 0.000457654765341,
        "dvar2": 0.000950294896029,
        "max": 0.244343101978,
        "mean": 0.105577990413,
        "median": 0.103130407631,
        "min": 0.000816829269752,
        "var": 0.00107695371844
    },
    "spectral_kurtosis": {
        "dmean": 0.821704506874,
        "dmean2": 1.42157518864,
        "dvar": 0.536967277527,
        "dvar2": 1.57615935802,
        "max": 11.2416315079,
        "mean": 1.53613591194,
        "median": 1.42886543274,
        "min": -0.864600658417,
        "var": 0.898721456528
    },
    "spectral_rms": {
        "dmean": 0.000825121940579,
        "dmean2": 0.00130323355552,
        "dvar": 5.30431861989e-07,
        "dvar2": 1.29690920403e-06,
        "max": 0.00968002248555,
        "mean": 0.00518463086337,
        "median": 0.00518246833235,
        "min": 2.55134618783e-05,
        "var": 1.46120237332e-06
    },
    "spectral_rolloff": {
        "dmean": 850.412109375,
        "dmean2": 1443.859375,
        "dvar": 846366.8125,
        "dvar2": 1967142.625,
        "max": 8419.48242188,
        "mean": 2412.84887695,
        "median": 2347.11914062,
        "min": 86.1328125,
        "var": 1730618.125
    },
    "spectral_skewness": {
        "dmean": 0.15590839088,
        "dmean2": 0.260151267052,
        "dvar": 0.0186035241932,
        "dvar2": 0.0495770163834,
        "max": 2.70893478394,
        "mean": 0.887001812458,
        "median": 0.889630913734,
        "min": 0.106029704213,
        "var": 0.0372887216508
    },
    "spectral_spread": {
        "dmean": 323303.96875,
        "dmean2": 487750.46875,
        "dvar": 98859573248,
        "dvar2": 195721527296,
        "max": 8667008,
        "mean": 4372344.5,
        "median": 4248313,
        "min": 2840158.25,
        "var": 509202923520
    },
    "spectral_strongpeak": {
        "dmean": 0.537669420242,
        "dmean2": 0.927807033062,
        "dvar": 0.543454110622,
        "dvar2": 1.30021774769,
        "max": 7.09903097153,
        "mean": 0.689978599548,
        "median": 0.313529074192,
        "min": 0.000597533246037,
        "var": 0.742265403271
    },
    "zerocrossingrate": {
        "dmean": 0.0109314862639,
        "dmean2": 0.0136889014393,
        "dvar": 0.000101497520518,
        "dvar2": 0.000142574732308,
        "max": 0.224609375,
        "mean": 0.0831136703491,
        "median": 0.08154296875,
        "min": 0.01953125,
        "var": 0.000590057112277
    },
    "barkbands": {
        "dmean": [0.000280410982668, 0.00493813352659, 0.00191285519395, 0.00125824904535, 0.00224920012988, 0.00141217932105, 0.000901069841348, 0.000831182405818, 0.00122693926096, 0.000582043547183, 0.000691595952958, 0.000577660044655, 0.000325927190715, 0.000287173665129, 0.000241415109485, 0.000375111179892, 0.000318238395266, 0.000238679669565, 0.000361105630873, 0.000313222466502, 0.000245935108978, 0.000265028706053, 0.000173208623892, 0.00012501126912, 3.33810203301e-05, 3.72809090265e-08, 7.3407790957e-09],
        "dmean2": [0.000462029624032, 0.00837653595954, 0.00339478533715, 0.00216990476474, 0.00385833950713, 0.00236397050321, 0.00148535752669, 0.00137059704866, 0.00198128819466, 0.000960409233812, 0.00114790920634, 0.000956894422416, 0.000538051594049, 0.000467430480057, 0.000387812440749, 0.000616320816334, 0.000514428247698, 0.000388586660847, 0.00057439901866, 0.000508384371642, 0.000418275565607, 0.000438344693976, 0.000279902655166, 0.000191506449482, 5.00711939821e-05, 6.17344184661e-08, 1.39128557564e-08],
        "dvar": [1.51832665551e-07, 3.96621180698e-05, 7.96955282567e-06, 4.73651061839e-06, 1.79819016921e-05, 5.01939348396e-06, 2.75918864645e-06, 2.48596234087e-06, 4.90367710881e-06, 1.44045043271e-06, 1.3136598227e-06, 1.18184777875e-06, 3.96442942474e-07, 2.20126722184e-07, 1.33819128223e-07, 2.86418156747e-07, 2.97374242564e-07, 9.33595529773e-08, 2.10295937109e-07, 1.42216052268e-07, 8.36148501548e-08, 1.0955182006e-07, 8.64551950031e-08, 5.51173968688e-08, 2.65634403362e-09, 4.27175655959e-15, 1.91650479327e-15],
        "dvar2": [3.64376802509e-07, 0.000101088437077, 2.25379753829e-05, 1.2473091374e-05, 4.84407610202e-05, 1.37305278258e-05, 7.52945697968e-06, 6.26655946689e-06, 1.16365372378e-05, 3.74793512492e-06, 3.62067839887e-06, 3.17482317769e-06, 1.02816409253e-06, 5.53075324206e-07, 3.38627870633e-07, 7.58328837946e-07, 7.55718986056e-07, 2.2423205337e-07, 5.31727664566e-07, 3.33228001637e-07, 2.20275623519e-07, 2.65262542598e-07, 1.93920499214e-07, 1.08127089504e-07, 5.29098675983e-09, 1.11510608486e-14, 5.47703065694e-15],
        "max": [0.00452975602821, 0.0454288348556, 0.026276262477, 0.0307959765196, 0.0501251779497, 0.0370168685913, 0.0332858003676, 0.0238151326776, 0.0396861806512, 0.0208294093609, 0.0117003088817, 0.0200144518167, 0.00927696377039, 0.00662355497479, 0.00542251253501, 0.00883246585727, 0.0114226341248, 0.00609775818884, 0.00773959420621, 0.00690462533385, 0.00194906874094, 0.00403232686222, 0.00553765380755, 0.00527788558975, 0.00100608053617, 1.08007998278e-06, 9.69882989921e-07],
        "mean": [0.000293323857477, 0.00608188426122, 0.00230846274644, 0.00127668667119, 0.00274523743428, 0.00217255880125, 0.00130703579634, 0.00108707055915, 0.00190881534945, 0.000904988672119, 0.00111269752961, 0.00099949107971, 0.000527774915099, 0.000465646066004, 0.000474226369988, 0.00078275433043, 0.000700297649018, 0.000564866350032, 0.000907280889805, 0.000720667128917, 0.000467408652185, 0.0005201427266, 0.000346877350239, 0.000296990794595, 7.6965043263e-05, 5.95010902771e-08, 4.44787984222e-09],
        "median": [0.000124208308989, 0.00366544770077, 0.00139184913132, 0.000611264957115, 0.00155884586275, 0.00139206880704, 0.000754333217628, 0.000466212164611, 0.000808827579021, 0.000367566593923, 0.000532487232704, 0.000528859323822, 0.000265557842795, 0.000255739636486, 0.000290568772471, 0.000570042058825, 0.000389313063351, 0.000431491411291, 0.000705160491634, 0.000568279589061, 0.00037677527871, 0.000389085675124, 0.000235781219089, 0.00019515331951, 4.74709231639e-05, 3.3230662666e-08, 4.88491858075e-10],
        "min": [3.51193896186e-09, 1.14318332578e-08, 7.22386417351e-09, 1.81009696121e-08, 7.28970164232e-08, 5.85087391869e-08, 2.10812327595e-08, 4.56675195437e-08, 6.42333688461e-08, 4.13839487123e-08, 3.463591014e-08, 7.82230173968e-08, 1.50411416655e-08, 8.95679974633e-09, 2.38546853382e-08, 1.06503330599e-08, 7.47219530695e-09, 1.36372717563e-08, 3.16001695921e-08, 2.52046792326e-08, 1.69812146567e-08, 2.05006980281e-08, 8.45124681348e-09, 6.61211796427e-09, 1.91449744946e-09, 7.76445227557e-12, 3.55069077439e-12],
        "var": [1.92634743712e-07, 4.50977895525e-05, 7.56618192099e-06, 4.21314734922e-06, 1.57232916536e-05, 6.50037918604e-06, 3.57033309228e-06, 3.24664051732e-06, 9.17250599741e-06, 2.51552705777e-06, 2.36213577409e-06, 2.03400782084e-06, 6.03421824508e-07, 3.66910057892e-07, 3.09006594534e-07, 5.93040681451e-07, 1.00376439605e-06, 2.41298238279e-07, 5.54447694867e-07, 3.52500165945e-07, 1.10367480488e-07, 2.20810662199e-07, 1.60558272455e-07, 1.72838156232e-07, 8.95861518302e-09, 6.64812993949e-15, 1.09565331678e-15]
    },
    "erbbands": {
        "dmean": [0.157567501068, 1.11605298519, 2.03630232811, 3.4869582653, 5.94027233124, 7.89719247818, 10.4373950958, 11.8342180252, 11.7615633011, 13.791302681, 22.1497554779, 24.0079040527, 19.6554470062, 23.7498817444, 21.2348613739, 19.4482707977, 13.0201892853, 13.5242881775, 12.4792356491, 12.3444652557, 21.6435699463, 16.8449249268, 12.578125, 14.751698494, 18.1586589813, 13.7532348633, 9.64347362518, 9.98002719879, 10.0489873886, 7.0274271965, 4.79121732712, 3.042730093, 1.92433965206, 0.686193466187, 0.047269564122, 0.00209017586894, 0.000116420451377, 1.9326873371e-05, 7.70000406192e-06, 1.10003184091e-05],
        "dmean2": [0.265043467283, 1.88943064213, 3.55996227264, 6.04900503159, 10.26258564, 13.6375999451, 17.5481987, 19.8207187653, 19.2407550812, 23.010887146, 35.6050949097, 38.6771125793, 31.7764434814, 39.3241653442, 34.5693321228, 32.0401954651, 21.1525669098, 21.9220333099, 20.1051807404, 20.0350837708, 35.3719711304, 27.0211257935, 19.9894790649, 23.6304702759, 28.5487976074, 21.9589195251, 16.3491134644, 16.931388855, 16.6014480591, 11.6560249329, 7.6195025444, 4.67697525024, 2.91984772682, 1.02127254009, 0.0721415281296, 0.00316252070479, 0.00017470754392, 2.98769555229e-05, 1.18494308481e-05, 1.72123855009e-05],
        "dvar": [0.0400977283716, 2.17081689835, 7.99520874023, 33.9543266296, 90.1521682739, 248.972702026, 361.15057373, 362.577789307, 457.826538086, 686.905456543, 2314.28076172, 1759.61291504, 1350.34997559, 1744.82397461, 1236.00195312, 1128.18371582, 517.649230957, 652.847961426, 362.596862793, 303.189422607, 1040.73498535, 880.629333496, 298.602661133, 271.214691162, 589.228393555, 258.785827637, 114.558860779, 153.223892212, 163.820343018, 97.2409820557, 71.332862854, 35.0460510254, 12.8620090485, 1.15818095207, 0.00456359470263, 9.04758871911e-06, 3.19293569362e-08, 1.29680277627e-09, 1.1740203254e-10, 1.18202725385e-10],
        "dvar2": [0.101665861905, 5.64993429184, 21.996295929, 91.5818862915, 234.82119751, 686.432922363, 986.155639648, 984.567626953, 1177.5402832, 1839.67163086, 5285.17871094, 4225.546875, 3320.22753906, 4815.86279297, 3303.61303711, 3002.8972168, 1313.86328125, 1663.54516602, 959.827575684, 756.579956055, 2751.06152344, 2137.74560547, 687.007629395, 720.180725098, 1418.07397461, 601.167297363, 296.166107178, 397.116790771, 395.278900146, 241.743865967, 156.934707642, 67.8391647339, 27.5114650726, 2.2520236969, 0.00939480680972, 1.83823922271e-05, 6.42904680603e-08, 3.06430925079e-09, 2.82457418566e-10, 2.91005441966e-10],
        "max": [1.99438405037, 11.3267917633, 22.744052887, 74.2026596069, 106.197349548, 178.755432129, 219.555892944, 320.617340088, 427.587738037, 366.851470947, 1103.57531738, 613.74029541, 731.917175293, 569.254699707, 561.079223633, 517.335205078, 357.491699219, 500.007415771, 347.626831055, 282.948303223, 573.250244141, 728.984008789, 416.067230225, 259.370758057, 371.032714844, 262.871337891, 85.5137863159, 95.2241973877, 149.437988281, 170.053939819, 149.149597168, 119.709770203, 75.3838577271, 19.0677146912, 1.10217750072, 0.0498665161431, 0.00300631532446, 0.000688738189638, 0.000204817770282, 0.000128913045046],
        "mean": [0.181784287095, 1.32553684711, 2.65054440498, 3.93963909149, 6.37241458893, 9.34600448608, 13.9783029556, 18.3424167633, 18.4228496552, 19.4305400848, 32.475692749, 37.6503944397, 32.2285957336, 40.4799423218, 40.351272583, 36.2170333862, 24.1488952637, 23.8357563019, 24.5645179749, 28.9698562622, 46.7308502197, 40.0080566406, 31.7702350616, 39.2623062134, 47.9074668884, 33.1634674072, 19.3926315308, 18.9365158081, 19.095123291, 13.8378372192, 9.87531280518, 6.85690641403, 4.44985342026, 1.67118859291, 0.111303217709, 0.00508695654571, 0.000314660952426, 5.19619570696e-05, 2.82346263702e-05, 3.95009155909e-05],
        "median": [0.099449545145, 0.787164926529, 1.80434882641, 2.15986514091, 3.24241137505, 4.94772100449, 7.9042634964, 11.2114419937, 10.8024921417, 11.3947076797, 12.6501569748, 16.8448677063, 14.9463605881, 19.5950546265, 21.7206287384, 20.5799884796, 13.704665184, 12.8476190567, 15.5550146103, 20.3862113953, 32.5575675964, 23.1085720062, 23.5850830078, 31.942615509, 34.9695968628, 27.2537574768, 16.1495418549, 14.7816467285, 14.1096410751, 10.1560993195, 6.72107696533, 4.39176797867, 2.83942747116, 1.05625069141, 0.0752446055412, 0.00350969657302, 0.000227326454478, 4.01149773097e-05, 2.65377220785e-05, 3.86448737117e-05],
        "min": [4.265042719e-07, 2.24407312999e-06, 7.67518395151e-06, 4.17832634412e-05, 0.000232169826631, 0.000232722100918, 0.000119931515655, 0.000670735433232, 0.000496472988743, 0.000599424936809, 0.000720931740943, 0.00106020795647, 0.00211764220148, 0.00158373243175, 0.00166540383361, 0.00291009270586, 0.000808946788311, 0.000383693521144, 0.00151535577606, 0.000574197852984, 0.000520635861903, 0.000485265016323, 0.00084410601994, 0.000843621906824, 0.00238390499726, 0.000791452941485, 0.000368562410586, 0.000976548588369, 0.000826283474453, 0.000315241981298, 0.000245731760515, 0.00017642583407, 9.58643940976e-05, 4.81626739202e-05, 1.92927473108e-06, 1.0345307544e-07, 1.17229621566e-08, 3.10957215532e-09, 1.21926924113e-09, 1.00448649398e-09],
        "var": [0.0511699393392, 2.25360274315, 7.6288690567, 31.3822956085, 83.3799133301, 212.932220459, 383.091644287, 486.136077881, 686.582946777, 827.703918457, 4036.68139648, 3148.63330078, 2410.81518555, 3102.62158203, 2613.66015625, 2167.32495117, 943.632995605, 1069.55456543, 766.299072266, 740.880004883, 2355.11352539, 3215.5847168, 851.689331055, 797.267578125, 1827.27453613, 661.002929688, 169.416610718, 202.354492188, 308.639190674, 173.228561401, 142.697402954, 101.47290802, 35.6865882874, 4.01076984406, 0.0150865884498, 3.06201545754e-05, 1.05969050423e-07, 2.74784217602e-09, 2.54658627519e-10, 2.74217953899e-10]
    },
    "gfcc": {
        "mean": [34.6378974915, 101.795295715, -151.770202637, 71.2710189819, -80.6485748291, 26.2752609253, -33.3984413147, 8.11010551453, -10.3708248138, -13.1595239639, 5.14260435104, -13.0015535355, 7.89158678055],
        "cov": [[1282.73925781, -168.054702759, -10.543885231, -26.1029338837, -74.0551147461, 50.5213279724, -67.5336608887, 16.0795192719, -5.74558401108, -1.62361264229, -58.8610153198, -18.1123104095, -44.8386383057], [-168.054702759, 306.751525879, -16.0239086151, -5.47426080704, 61.2846794128, -68.7561569214, 93.9380874634, -28.88580513, 20.5153217316, -15.3036346436, 33.8182907104, -24.5030841827, 17.7159118652], [-10.543885231, -16.0239086151, 222.335739136, 87.160949707, 8.0566740036, 25.6955871582, -50.0337257385, 4.28819847107, -1.50729298592, 21.3185501099, 6.6462893486, 18.2160758972, 16.6872005463], [-26.1029338837, -5.47426080704, 87.160949707, 145.581161499, 55.3046989441, -24.3484554291, -31.3680839539, -26.6997127533, 21.2427463531, -3.81953907013, 3.5700314045, 9.91251945496, 3.63544797897], [-74.0551147461, 61.2846794128, 8.0566740036, 55.3046989441, 118.178009033, 20.3023929596, 17.7269229889, 14.9090356827, 18.7413063049, 18.4102649689, 21.1095581055, -1.08452498913, 17.5642871857], [50.5213279724, -68.7561569214, 25.6955871582, -24.3484554291, 20.3023929596, 141.059188843, 60.4341850281, 31.6192531586, -9.92125034332, 16.2953720093, -2.88972973824, 6.46973180771, -0.644181609154], [-67.5336608887, 93.9380874634, -50.0337257385, -31.3680839539, 17.7269229889, 60.4341850281, 172.870620728, 31.9603042603, 6.36643695831, -15.4332075119, 10.0761880875, -10.64382267, -1.79102694988], [16.0795192719, -28.88580513, 4.28819847107, -26.6997127533, 14.9090356827, 31.6192531586, 31.9603042603, 102.96484375, 29.8013858795, 24.1590442657, 13.4108142853, 3.67096209526, 9.72735214233], [-5.74558401108, 20.5153217316, -1.50729298592, 21.2427463531, 18.7413063049, -9.92125034332, 6.36643695831, 29.8013858795, 79.5327301025, 22.2095165253, 14.2428226471, 2.30492949486, -0.915116667747], [-1.62361264229, -15.3036346436, 21.3185501099, -3.81953907013, 18.4102649689, 16.2953720093, -15.4332075119, 24.1590442657, 22.2095165253, 65.667755127, 29.3352146149, 4.77257537842, 5.83230209351], [-58.8610153198, 33.8182907104, 6.6462893486, 3.5700314045, 21.1095581055, -2.88972973824, 10.0761880875, 13.4108142853, 14.2428226471, 29.3352146149, 73.8533401489, 25.6928157806, 12.1362810135], [-18.1123104095, -24.5030841827, 18.2160758972, 9.91251945496, -1.08452498913, 6.46973180771, -10.64382267, 3.67096209526, 2.30492949486, 4.77257537842, 25.6928157806, 53.8032455444, 26.3498840332], [-44.8386383057, 17.7159118652, 16.6872005463, 3.63544797897, 17.5642871857, -0.644181609154, -1.79102694988, 9.72735214233, -0.915116667747, 5.83230209351, 12.1362810135, 26.3498840332, 50.2942085266]],
        "icov": [[0.000933116825763, -0.000608508242294, 0.000765124626923, -0.00101136846934, 0.00131322920788, -0.0013909713598, 0.00119100161828, -0.000879142608028, 0.000228919438086, -0.000207204095204, 0.000539995147847, -5.41464578419e-05, 0.000527754891664], [-0.000608508242294, 0.0232921745628, -0.0151209216565, 0.0227653514594, -0.0229611620307, 0.0245763007551, -0.0209065116942, 0.0177431423217, -0.00989532843232, 0.00658738054335, -0.00636534625664, 0.00773388892412, -0.0046781427227], [0.000765124626923, -0.0151209216565, 0.0188871100545, -0.0230650994927, 0.0199398063123, -0.0202567260712, 0.0162194427103, -0.0139648169279, 0.00855164602399, -0.00640910165384, 0.0026589257177, -0.00232237624004, -0.00106155127287], [-0.00101136846934, 0.0227653514594, -0.0230650994927, 0.0410637706518, -0.0336692556739, 0.0292440820485, -0.0212356131524, 0.0227858908474, -0.0148824891075, 0.0103141302243, -0.00341057684273, 0.00087162933778, 0.00163308053743], [0.00131322920788, -0.0229611620307, 0.0199398063123, -0.0336692556739, 0.0402910150588, -0.0299434810877, 0.0215348489583, -0.0201790481806, 0.0101422360167, -0.0087999375537, 0.00120143650565, 0.00150253192987, -0.00458017876372], [-0.0013909713598, 0.0245763007551, -0.0202567260712, 0.0292440820485, -0.0299434810877, 0.039827235043, -0.0281306002289, 0.0180958360434, -0.00755404820666, 0.00204382184893, -0.000819518754724, 6.27868794254e-05, 0.000966213992797], [0.00119100161828, -0.0209065116942, 0.0162194427103, -0.0212356131524, 0.0215348489583, -0.0281306002289, 0.0290374290198, -0.0180975291878, 0.0071834246628, 0.000170753904968, 0.000953968788963, -0.00165074318647, 0.00197844044305], [-0.000879142608028, 0.0177431423217, -0.0139648169279, 0.0227858908474, -0.0201790481806, 0.0180958360434, -0.0180975291878, 0.0283436756581, -0.0134172402322, 0.0030659660697, -0.00445444788784, 0.00515570864081, -0.00512077007443], [0.000228919438086, -0.00989532843232, 0.00855164602399, -0.0148824891075, 0.0101422360167, -0.00755404820666, 0.0071834246628, -0.0134172402322, 0.0226441137493, -0.0094693955034, 0.00334151415154, -0.00506096798927, 0.00449546892196], [-0.000207204095204, 0.00658738054335, -0.00640910165384, 0.0103141302243, -0.0087999375537, 0.00204382184893, 0.000170753904968, 0.0030659660697, -0.0094693955034, 0.029089147225, -0.0131737431511, 0.00836314074695, -0.00335993431509], [0.000539995147847, -0.00636534625664, 0.0026589257177, -0.00341057684273, 0.00120143650565, -0.000819518754724, 0.000953968788963, -0.00445444788784, 0.00334151415154, -0.0131737431511, 0.0266384072602, -0.0174185764045, 0.00683965766802], [-5.41464578419e-05, 0.00773388892412, -0.00232237624004, 0.00087162933778, 0.00150253192987, 6.27868794254e-05, -0.00165074318647, 0.00515570864081, -0.00506096798927, 0.00836314074695, -0.0174185764045, 0.0404885336757, -0.0217160824686], [0.000527754891664, -0.0046781427227, -0.00106155127287, 0.00163308053743, -0.00458017876372, 0.000966213992797, 0.00197844044305, -0.00512077007443, 0.00449546892196, -0.00335993431509, 0.00683965766802, -0.0217160824686, 0.0351066663861]]
    },
    "melbands": {
        "dmean": [0.00139207649045, 0.00112583546434, 0.000621276209131, 0.000515454972629, 0.000344688247424, 0.000262873218162, 0.00017918208323, 0.000152768974658, 0.000199272268219, 0.000155726200319, 0.000101730489405, 9.71508488874e-05, 7.77046952862e-05, 7.31562831788e-05, 3.77044452762e-05, 3.41893464793e-05, 2.52208537859e-05, 2.29499710258e-05, 1.94713702513e-05, 2.14548308577e-05, 2.77186009043e-05, 1.946008706e-05, 1.53293167386e-05, 1.21325492728e-05, 1.32351242428e-05, 1.50803298311e-05, 1.43051092891e-05, 9.39876281336e-06, 6.48075183562e-06, 6.39211202724e-06, 5.92486503592e-06, 6.00845169174e-06, 5.32189096702e-06, 3.82969255952e-06, 3.08129870064e-06, 2.29736997426e-06, 1.92911807062e-06, 1.55702059601e-06, 1.07298069452e-06, 4.7402275527e-07],
        "dmean2": [0.00235143094324, 0.00190319144167, 0.0010689725168, 0.000894763041288, 0.000579092185944, 0.000439016352175, 0.000293772667646, 0.000253670674283, 0.000320374791045, 0.000251290737651, 0.000164788216352, 0.000160877738381, 0.00012780680845, 0.000120869539387, 6.1958868173e-05, 5.58240171813e-05, 4.09560307162e-05, 3.74412229576e-05, 3.14538556268e-05, 3.51974740624e-05, 4.55172812508e-05, 3.19221253449e-05, 2.44510556513e-05, 1.97724748432e-05, 2.15156178456e-05, 2.40191257035e-05, 2.29643828789e-05, 1.5357236407e-05, 1.10040364234e-05, 1.08535441541e-05, 1.00290462797e-05, 9.95825939754e-06, 8.82818494574e-06, 6.39924610368e-06, 4.98391636938e-06, 3.62824948752e-06, 2.97102906188e-06, 2.40165650212e-06, 1.61695220413e-06, 7.20585831004e-07],
        "dvar": [3.06887318402e-06, 2.06960316973e-06, 8.66121354193e-07, 9.27379971927e-07, 4.00417718538e-07, 1.69982428133e-07, 1.01366488536e-07, 7.4523342164e-08, 2.13816392147e-07, 6.92805386393e-08, 3.70791681803e-08, 2.96882483042e-08, 1.504423075e-08, 2.28094059196e-08, 3.82820219968e-09, 5.22586063312e-09, 2.26945040538e-09, 1.32278599185e-09, 9.19413101208e-10, 8.11975764403e-10, 1.82550730088e-09, 1.18261578308e-09, 4.86130469213e-10, 2.5732591058e-10, 2.24917848235e-10, 3.70937308647e-10, 3.67329500151e-10, 1.2011580619e-10, 5.10370183615e-11, 6.46998080112e-11, 5.41915089192e-11, 6.07991296198e-11, 4.66521508924e-11, 3.56192957074e-11, 3.19235679558e-11, 1.90224485469e-11, 1.51690361661e-11, 9.40758929091e-12, 3.37697860127e-12, 5.18407528276e-13],
        "dvar2": [7.86481086834e-06, 5.35551953362e-06, 2.29923966799e-06, 2.51693586506e-06, 1.09714312657e-06, 4.6284264954e-07, 2.6779710538e-07, 1.9640491189e-07, 4.73422062441e-07, 1.69388030713e-07, 9.16364299997e-08, 8.17042575818e-08, 4.04418081246e-08, 6.19861495466e-08, 9.55896162225e-09, 1.39181075554e-08, 5.72457059533e-09, 3.55801366148e-09, 2.35088304379e-09, 2.08543315949e-09, 4.83140150109e-09, 2.93268564988e-09, 1.13958176229e-09, 6.36757591099e-10, 6.04128969073e-10, 9.17663167677e-10, 8.49639469891e-10, 2.89690355038e-10, 1.33759670007e-10, 1.72922301478e-10, 1.38961814278e-10, 1.46986922633e-10, 1.1579474879e-10, 8.98260701931e-11, 7.34288602144e-11, 4.05611724763e-11, 2.90158487515e-11, 2.13641656449e-11, 6.93690807921e-12, 1.09777454054e-12],
        "max": [0.0135057121515, 0.0100803459063, 0.0114734033123, 0.0118370782584, 0.00709802703932, 0.00644630007446, 0.00577692454681, 0.00400954205543, 0.0113785015419, 0.00324741145596, 0.00371847371571, 0.00249129463919, 0.00166543247178, 0.00271166628227, 0.00157985091209, 0.00110898446292, 0.00082058069529, 0.000644244370051, 0.000475467852084, 0.000491481507197, 0.000743081385735, 0.00079880177509, 0.00043614936294, 0.000257438106928, 0.000238243970671, 0.000277432263829, 0.000387402862543, 0.000131129141664, 7.72817220422e-05, 6.6111664637e-05, 6.48843924864e-05, 0.000103707810922, 7.95140877017e-05, 0.000123689023894, 0.000100165161712, 8.78824939718e-05, 9.17637735256e-05, 6.46345433779e-05, 3.70972738892e-05, 1.38508858072e-05],
        "mean": [0.00168155378196, 0.00156165519729, 0.000737562775612, 0.000582514330745, 0.0004716165422, 0.000415638816776, 0.000279452826362, 0.000209304125747, 0.000292359385639, 0.000240953217144, 0.000159319737577, 0.00016040058108, 0.000139122581459, 0.000122130499221, 6.66898995405e-05, 5.39937500434e-05, 4.16414877691e-05, 3.91050671169e-05, 3.78152290068e-05, 4.4270986109e-05, 5.56608865736e-05, 4.15620452259e-05, 3.2110074244e-05, 2.71045082627e-05, 3.1748044421e-05, 3.59844671038e-05, 3.22982232319e-05, 1.95432658074e-05, 1.22321353047e-05, 1.05469143818e-05, 1.08988397187e-05, 1.0715028111e-05, 1.00469851532e-05, 6.75025057717e-06, 5.94035554968e-06, 4.52011454399e-06, 4.10291249864e-06, 3.33490675075e-06, 2.35530887949e-06, 1.06936715838e-06],
        "median": [0.00100790010765, 0.00112314068247, 0.000429758365499, 0.000311265088385, 0.000276320060948, 0.000266704737442, 0.000169703344, 0.000114030633995, 9.93637731881e-05, 0.000106938685349, 6.88996660756e-05, 7.5677598943e-05, 7.05841375748e-05, 5.71051132283e-05, 4.01213692385e-05, 2.5006433134e-05, 2.17124725168e-05, 2.22079379455e-05, 2.30828154599e-05, 3.24918873957e-05, 3.70900452253e-05, 2.24934155995e-05, 2.01303810172e-05, 2.05853284569e-05, 2.53534199146e-05, 2.66256865871e-05, 2.22340404434e-05, 1.54304143507e-05, 1.01159594124e-05, 8.11430254544e-06, 8.31085708342e-06, 7.72340263211e-06, 7.05477532392e-06, 4.69706810691e-06, 3.7282914036e-06, 2.97576207231e-06, 2.53747657553e-06, 2.11648784898e-06, 1.37682695822e-06, 6.68839106766e-07],
        "min": [3.63335361797e-09, 3.43806894065e-09, 1.01598498503e-08, 1.81974915137e-08, 5.30040367153e-09, 1.41220928285e-08, 6.75067735045e-09, 8.15411116406e-09, 4.78555151062e-09, 8.66347615869e-09, 1.06064810268e-08, 5.97436189409e-09, 4.84338302797e-09, 9.19654841169e-09, 3.96918986567e-09, 1.05503905612e-09, 5.27217769442e-10, 2.51300757981e-09, 1.18876286592e-09, 7.85491893751e-10, 5.19328080539e-10, 4.11674305756e-10, 9.4340646406e-10, 4.16482348609e-10, 6.01913796583e-10, 1.72848568791e-09, 1.56842216992e-09, 2.59494620236e-10, 1.4479510646e-10, 4.49364961908e-10, 5.39673639111e-10, 5.68126046208e-10, 2.59454457918e-10, 1.25903704129e-10, 1.29649346814e-10, 1.39154521239e-10, 9.8184384234e-11, 7.48696382669e-11, 4.33269531364e-11, 3.53493623262e-11],
        "var": [3.6341282339e-06, 2.2148417429e-06, 8.39361860017e-07, 7.87679311998e-07, 4.09007412827e-07, 2.30489135333e-07, 1.43250929341e-07, 9.29439138986e-08, 4.09290720427e-07, 1.21870598946e-07, 6.48650839707e-08, 5.16871914158e-08, 3.17105737224e-08, 3.75821578302e-08, 7.95257903974e-09, 7.75621789018e-09, 3.5811715815e-09, 2.37737896036e-09, 2.03795180731e-09, 1.72696157374e-09, 3.83209775023e-09, 3.84193388214e-09, 1.42540068637e-09, 5.98317784206e-10, 5.7375670881e-10, 9.92111615084e-10, 1.12106735006e-09, 2.43774334052e-10, 7.83558704032e-11, 7.24311860489e-11, 7.48979767096e-11, 1.0490526503e-10, 1.03432443166e-10, 5.27902166425e-11, 5.94980176238e-11, 3.76697145699e-11, 4.49845959094e-11, 2.19854325717e-11, 1.01859172139e-11, 1.57238577627e-12]
    },
    "mfcc": {
        "mean": [-576.243530273, 90.3017349243, 0.965616047382, 27.9167480469, -1.38327252865, 4.76182413101, 2.31123614311, 9.34756278992, -0.16465190053, 2.95008587837, -3.12105774879, 0.761463344097, 4.21774101257],
        "cov": [[1301.68310547, -152.127670288, -23.9026489258, -87.6301574707, -25.5887069702, -6.91598749161, -55.4302558899, 3.59521365166, 0.111226387322, 0.535594403744, 33.8634643555, -30.1263828278, -50.7776870728], [-152.127670288, 289.622009277, -65.0569229126, 35.7621002197, -43.1907501221, -6.97132396698, 48.3383598328, -1.24499356747, 11.3651714325, 13.1270694733, 13.3483371735, 9.09612178802, 3.68704390526], [-23.9026489258, -65.0569229126, 214.114379883, 29.3717193604, 41.6005210876, 17.6439113617, -19.2650032043, -9.96062088013, -13.0397815704, -7.49942493439, -18.2146644592, 2.93382740021, 9.07749843597], [-87.6301574707, 35.7621002197, 29.3717193604, 175.022232056, 59.7104721069, 1.61001348495, -37.2022705078, -16.044506073, -9.32191371918, -17.8020839691, -17.4445934296, 17.6327934265, 14.5801973343], [-25.5887069702, -43.1907501221, 41.6005210876, 59.7104721069, 152.616409302, 1.58810353279, -28.4286403656, -33.0113983154, 0.125919088721, 0.116326905787, -3.86704707146, 19.1221294403, 17.8856582642], [-6.91598749161, -6.97132396698, 17.6439113617, 1.61001348495, 1.58810353279, 107.876838684, 35.1660842896, 15.6589727402, 5.81310510635, 0.749907970428, 4.31325244904, -6.37359762192, -10.4271917343], [-55.4302558899, 48.3383598328, -19.2650032043, -37.2022705078, -28.4286403656, 35.1660842896, 126.575294495, 38.6943969727, 22.479019165, 15.790348053, 7.35887813568, 6.49090385437, 7.34772205353], [3.59521365166, -1.24499356747, -9.96062088013, -16.044506073, -33.0113983154, 15.6589727402, 38.6943969727, 89.4414367676, 28.3419322968, 14.9096221924, 5.01351499557, -0.549109697342, 5.44238233566], [0.111226387322, 11.3651714325, -13.0397815704, -9.32191371918, 0.125919088721, 5.81310510635, 22.479019165, 28.3419322968, 72.0683364868, 23.4878673553, 10.3518257141, -3.38905644417, 0.95210313797], [0.535594403744, 13.1270694733, -7.49942493439, -17.8020839691, 0.116326905787, 0.749907970428, 15.790348053, 14.9096221924, 23.4878673553, 71.6586532593, 28.5154533386, 6.74738788605, 2.32788395882], [33.8634643555, 13.3483371735, -18.2146644592, -17.4445934296, -3.86704707146, 4.31325244904, 7.35887813568, 5.01351499557, 10.3518257141, 28.5154533386, 68.6855239868, 15.5501823425, -1.06840360165], [-30.1263828278, 9.09612178802, 2.93382740021, 17.6327934265, 19.1221294403, -6.37359762192, 6.49090385437, -0.549109697342, -3.38905644417, 6.74738788605, 15.5501823425, 57.3015403748, 24.5608787537], [-50.7776870728, 3.68704390526, 9.07749843597, 14.5801973343, 17.8856582642, -10.4271917343, 7.34772205353, 5.44238233566, 0.95210313797, 2.32788395882, -1.06840360165, 24.5608787537, 55.8621902466]],
