{
"lowlevel": {
    "average_loudness": 0.972670435905,
    "barkbands_crest": {
        "dmean": 2.39401674271,
        "dmean2": 3.9249458313,
        "dvar": 4.87496089935,
        "dvar2": 12.9050331116,
        "max": 24.0370502472,
        "mean": 8.1557226181,
        "median": 7.33013057709,
        "min": 2.49835371971,
        "var": 12.8266477585
    },
    "barkbands_flatness_db": {
        "dmean": 0.0198219288141,
        "dmean2": 0.0309939756989,
        "dvar": 0.000313882075716,
        "dvar2": 0.000743742159102,
        "max": 0.319024682045,
        "mean": 0.158774003386,
        "median": 0.155031710863,
        "min": 0.0803434997797,
        "var": 0.0010855201399
    },
    "barkbands_kurtosis": {
        "dmean": 1.11270236969,
        "dmean2": 1.75375080109,
        "dvar": 2.48401761055,
        "dvar2": 5.71937561035,
        "max": 21.3166828156,
        "mean": 0.281056433916,
        "median": -0.38639330864,
        "min": -1.84536004066,
        "var": 5.13325500488
    },
    "barkbands_skewness": {
        "dmean": 0.469126194715,
        "dmean2": 0.706044435501,
        "dvar": 0.19823807478,
        "dvar2": 0.43342012167,
        "max": 4.46328687668,
        "mean": 0.296631634235,
        "median": 0.228909984231,
        "min": -3.89400410652,
        "var": 0.881325364113
    },
    "barkbands_spread": {
        "dmean": 5.47626161575,
        "dmean2": 8.53763198853,
        "dvar": 30.1585941315,
        "dvar2": 68.3410339355,
        "max": 89.0154647827,
        "mean": 25.0769062042,
        "median": 24.7370204926,
        "min": 3.51590681076,
        "var": 101.808288574
    },
    "dissonance": {
        "dmean": 0.0135628860444,
        "dmean2": 0.0232656188309,
        "dvar": 0.000206522818189,
        "dvar2": 0.000603354885243,
        "max": 0.499971926212,
        "mean": 0.478854238987,
        "median": 0.48387157917,
        "min": 0.305649727583,
        "var": 0.000344732776284
    },
    "dynamic_complexity": 1.68671298027,
    "erbbands_crest": {
        "dmean": 2.93709445,
        "dmean2": 4.70828056335,
        "dvar": 8.01547431946,
        "dvar2": 18.226026535,
        "max": 31.8036899567,
        "mean": 10.0771207809,
        "median": 8.59106349945,
        "min": 2.43341898918,
        "var": 28.9072685242
    },
    "erbbands_flatness_db": {
        "dmean": 0.0190823357552,
        "dmean2": 0.0273235309869,
        "dvar": 0.000364543957403,
        "dvar2": 0.000733355351258,
        "max": 0.375873953104,
        "mean": 0.226702690125,
        "median": 0.22447553277,
        "min": 0.117482021451,
        "var": 0.00168362085242
    },
    "erbbands_kurtosis": {
        "dmean": 1.11886608601,
        "dmean2": 1.75473451614,
        "dvar": 2.19482016563,
        "dvar2": 5.18121099472,
        "max": 24.2466011047,
        "mean": 1.21114170551,
        "median": 0.608904361725,
        "min": -1.67624926567,
        "var": 5.57202339172
    },
    "erbbands_skewness": {
        "dmean": 0.349464148283,
        "dmean2": 0.529987692833,
        "dvar": 0.097861841321,
        "dvar2": 0.220535218716,
        "max": 3.16282963753,
        "mean": -0.284652560949,
        "median": -0.3233294487,
        "min": -2.95706176758,
        "var": 0.466904491186
    },
    "erbbands_spread": {
        "dmean": 6.39960765839,
        "dmean2": 9.78040885925,
        "dvar": 48.9492912292,
        "dvar2": 111.182441711,
        "max": 85.0500335693,
        "mean": 24.8601989746,
        "median": 22.1041030884,
        "min": 2.08207678795,
        "var": 167.275497437
    },
    "hfc": {
        "dmean": 8.30310058594,
        "dmean2": 12.7073125839,
        "dvar": 100.546058655,
        "dvar2": 213.70413208,
        "max": 101.377082825,
        "mean": 28.8334693909,
        "median": 25.6737213135,
        "min": 0.000394558213884,
        "var": 287.671661377
    },
    "melbands_crest": {
        "dmean": 3.27627682686,
        "dmean2": 5.32089614868,
        "dvar": 8.31294822693,
        "dvar2": 22.3664627075,
        "max": 32.0166549683,
        "mean": 11.5709753036,
        "median": 10.7761793137,
        "min": 3.10288476944,
        "var": 22.1013088226
    },
    "melbands_flatness_db": {
        "dmean": 0.0247792191803,
        "dmean2": 0.0366369709373,
        "dvar": 0.000477853347547,
        "dvar2": 0.00115716550499,
        "max": 0.358377456665,
        "mean": 0.159050017595,
        "median": 0.15422205627,
        "min": 0.053541906178,
        "var": 0.00202443753369
    },
    "melbands_kurtosis": {
        "dmean": 2.67726898193,
        "dmean2": 4.23043107986,
        "dvar": 19.3709659576,
        "dvar2": 45.7290306091,
        "max": 72.7087249756,
        "mean": 2.93258953094,
        "median": 0.685439825058,
        "min": -1.83756422997,
        "var": 42.1965904236
    },
    "melbands_skewness": {
        "dmean": 0.609808683395,
        "dmean2": 0.923251569271,
        "dvar": 0.371035814285,
        "dvar2": 0.806474030018,
        "max": 7.65588903427,
        "mean": 1.21049523354,
        "median": 1.03821766376,
        "min": -2.42909193039,
        "var": 1.6304359436
    },
    "melbands_spread": {
        "dmean": 9.77750492096,
        "dmean2": 15.1156396866,
        "dvar": 86.6203079224,
        "dvar2": 200.62538147,
        "max": 128.28793335,
        "mean": 39.0289535522,
        "median": 37.6301422119,
        "min": 4.04444408417,
        "var": 293.072784424
    },
    "pitch_salience": {
        "dmean": 0.0677617713809,
        "dmean2": 0.107626758516,
        "dvar": 0.0031894473359,
        "dvar2": 0.00837451498955,
        "max": 0.817072808743,
        "mean": 0.568854093552,
        "median": 0.572283864021,
        "min": 0.178349092603,
        "var": 0.0101237408817
    },
    "silence_rate_20dB": {
        "dmean": 0,
        "dmean2": 0,
        "dvar": 0,
        "dvar2": 0,
        "max": 1,
        "mean": 1,
        "median": 1,
        "min": 1,
        "var": 0
    },
    "silence_rate_30dB": {
        "dmean": 0,
        "dmean2": 0,
        "dvar": 0,
        "dvar2": 0,
        "max": 1,
        "mean": 1,
        "median": 1,
        "min": 1,
        "var": 0
    },
    "silence_rate_60dB": {
        "dmean": 0.00464755995199,
        "dmean2": 0.00929872132838,
        "dvar": 0.00462593883276,
        "dvar2": 0.0107618579641,
        "max": 1,
        "mean": 0.0162601619959,
        "median": 0,
        "min": 0,
        "var": 0.0159960314631
    },
    "spectral_centroid": {
        "dmean": 262.835601807,
        "dmean2": 401.750061035,
        "dvar": 60079.9179688,
        "dvar2": 137292.03125,
        "max": 3561.70727539,
        "mean": 1902.76171875,
        "median": 1924.30627441,
        "min": 470.562255859,
        "var": 241367.78125
    },
    "spectral_complexity": {
        "dmean": 4.94500398636,
        "dmean2": 7.33630371094,
        "dvar": 19.7072238922,
        "dvar2": 37.3143234253,
        "max": 60,
        "mean": 27.1022071838,
        "median": 27,
        "min": 0,
        "var": 80.9900588989
    },
    "spectral_decrease": {
        "dmean": 1.6921191115e-09,
        "dmean2": 2.67664335141e-09,
        "dvar": 3.58316898334e-18,
        "dvar2": 8.68388269129e-18,
        "max": -1.45238923427e-13,
        "mean": -5.86984816309e-09,
        "median": -5.89340842794e-09,
        "min": -1.61305084845e-08,
        "var": 7.34544903907e-18
    },
    "spectral_energy": {
        "dmean": 0.00696261227131,
        "dmean2": 0.0109669584781,
        "dvar": 5.89497722103e-05,
        "dvar2": 0.000141017328133,
        "max": 0.0661953538656,
        "mean": 0.0247694458812,
        "median": 0.0249943584204,
        "min": 5.83948860822e-07,
        "var": 0.000125939201098
    },
    "spectral_energyband_high": {
        "dmean": 0.000412783352658,
        "dmean2": 0.000617826008238,
        "dvar": 4.4383864406e-07,
        "dvar2": 9.43318696045e-07,
        "max": 0.0109718320891,
        "mean": 0.000704847974703,
        "median": 0.00040986968088,
        "min": 4.02786159981e-09,
        "var": 7.97071606939e-07
    },
    "spectral_energyband_low": {
        "dmean": 0.00233715539798,
        "dmean2": 0.00387165532447,
        "dvar": 1.16670980788e-05,
        "dvar2": 3.12960328301e-05,
        "max": 0.0375965461135,
        "mean": 0.00485116848722,
        "median": 0.00292150210589,
        "min": 2.26806107229e-09,
        "var": 2.94938163279e-05
    },
    "spectral_energyband_middle_high": {
        "dmean": 0.00362882344052,
        "dmean2": 0.00561936106533,
        "dvar": 1.88575759239e-05,
        "dvar2": 4.08972809964e-05,
        "max": 0.0497351326048,
        "mean": 0.0119961760938,
        "median": 0.010503849946,
        "min": 1.33363712962e-07,
        "var": 6.44819738227e-05
    },
    "spectral_energyband_middle_low": {
        "dmean": 0.00412988942116,
        "dmean2": 0.00651504751295,
        "dvar": 3.92396068492e-05,
        "dvar2": 9.50927933445e-05,
        "max": 0.0495364665985,
        "mean": 0.00826865434647,
        "median": 0.00553361559287,
        "min": 4.50253054396e-07,
        "var": 6.6310953116e-05
    },
    "spectral_entropy": {
        "dmean": 0.132351100445,
        "dmean2": 0.184926480055,
        "dvar": 0.0155579885468,
        "dvar2": 0.0331519879401,
        "max": 8.42012214661,
        "mean": 7.59284734726,
        "median": 7.6162352562,
        "min": 6.05205535889,
        "var": 0.0672881752253
    },
    "spectral_flux": {
        "dmean": 0.0228326264769,
        "dmean2": 0.0357137881219,
        "dvar": 0.000515270920005,
        "dvar2": 0.00115979940165,
        "max": 0.232413947582,
        "mean": 0.0885196253657,
        "median": 0.0842727571726,
        "min": 0.000764165481087,
        "var": 0.00107569817919
    },
    "spectral_kurtosis": {
        "dmean": 2.31718540192,
        "dmean2": 4.02509021759,
        "dvar": 4.75919389725,
        "dvar2": 13.4313869476,
        "max": 23.9386749268,
        "mean": 3.82991409302,
        "median": 3.0647854805,
        "min": -0.816446065903,
        "var": 8.26784324646
    },
    "spectral_rms": {
        "dmean": 0.000687556748744,
        "dmean2": 0.00106594385579,
        "dvar": 5.0957635267e-07,
        "dvar2": 1.15907221243e-06,
        "max": 0.00803622044623,
        "mean": 0.00476346490905,
        "median": 0.00493809068576,
        "min": 2.38685188378e-05,
        "var": 1.47469756939e-06
    },
    "spectral_rolloff": {
        "dmean": 431.207336426,
        "dmean2": 695.687011719,
        "dvar": 273795.53125,
        "dvar2": 585993.9375,
        "max": 7708.88671875,
        "mean": 2081.39233398,
        "median": 2002.58789062,
        "min": 129.19921875,
        "var": 708242.0625
    },
    "spectral_skewness": {
        "dmean": 0.258066743612,
        "dmean2": 0.436329901218,
        "dvar": 0.0460910089314,
        "dvar2": 0.131928101182,
        "max": 2.98370432854,
        "mean": 1.08091020584,
        "median": 1.03446638584,
        "min": 0.167338818312,
        "var": 0.117064133286
    },
    "spectral_spread": {
        "dmean": 333737.59375,
        "dmean2": 499801.375,
        "dvar": 192234455040,
        "dvar2": 362093576192,
        "max": 16292503,
        "mean": 2924398,
        "median": 2855203.5,
        "min": 1708852.625,
        "var": 398397702144
    },
    "spectral_strongpeak": {
        "dmean": 1.14991343021,
        "dmean2": 1.89441144466,
        "dvar": 2.49043226242,
        "dvar2": 5.68405723572,
        "max": 14.8858385086,
        "mean": 2.05565500259,
        "median": 0.846171200275,
        "min": 0.00376351131126,
        "var": 5.95977401733
    },
    "zerocrossingrate": {
        "dmean": 0.00800406839699,
        "dmean2": 0.00947466120124,
        "dvar": 5.85003836022e-05,
        "dvar2": 7.54046341171e-05,
        "max": 0.1796875,
        "mean": 0.0707711055875,
        "median": 0.0703125,
        "min": 0.00732421875,
        "var": 0.00042488539475
    },
    "barkbands": {
        "dmean": [2.75398051599e-05, 0.00117374025285, 0.0012740023667, 0.00113862729631, 0.00201609544456, 0.000647724664304, 0.000508384837303, 0.000361269718269, 0.000864561938215, 0.000666664040182, 0.000439558643848, 0.00067674042657, 0.00095691671595, 0.000905071385205, 0.000945961743128, 0.000812677142676, 0.000560671789572, 0.000375924486434, 0.000288408977212, 0.000206871816772, 0.000172700703843, 9.05681590666e-05, 7.01210374245e-05, 3.76718417101e-05, 4.74338048662e-06, 6.12092909691e-09, 4.07691524984e-09],
        "dmean2": [4.74248881801e-05, 0.00193458667491, 0.00214254972525, 0.00189768697601, 0.00335845700465, 0.000948116532527, 0.000863895460498, 0.00060772994766, 0.00136926735286, 0.00102114339825, 0.000707093218807, 0.00109131936915, 0.00152642233297, 0.00142887525726, 0.00149761640932, 0.00128518277779, 0.000877557264175, 0.000596558442339, 0.000471795501653, 0.000324324442772, 0.00027111012605, 0.000145217461977, 0.000108961365186, 5.828824942e-05, 7.68297923059e-06, 1.06021005308e-08, 7.74680763982e-09],
        "dvar": [2.46241227408e-09, 3.10802943204e-06, 4.44968736701e-06, 2.90171578854e-06, 2.04157695407e-05, 1.78255015726e-06, 1.22694450511e-06, 5.79988409299e-07, 4.6832069529e-06, 3.32722970597e-06, 7.41682470107e-07, 1.24361986309e-06, 2.64103641712e-06, 2.2551209895e-06, 3.04531363327e-06, 2.37226117861e-06, 1.03432182641e-06, 3.02405965158e-07, 1.04404975332e-07, 9.04348382846e-08, 1.15011800972e-07, 2.70167888061e-08, 4.00812645296e-08, 1.08064082127e-08, 1.56368654136e-10, 3.13343242285e-16, 3.7013415442e-16],
        "dvar2": [7.10282499483e-09, 8.20909372123e-06, 1.20376516861e-05, 7.60521106713e-06, 5.23176931893e-05, 3.22257028529e-06, 3.22452387991e-06, 1.44748469211e-06, 1.05723474917e-05, 6.668226888e-06, 1.74122772023e-06, 3.0608812267e-06, 5.94792891206e-06, 4.73911859444e-06, 7.27998667571e-06, 5.26427038494e-06, 2.26553470384e-06, 6.90289937211e-07, 2.59293472027e-07, 2.10907415976e-07, 2.72404435009e-07, 6.1385676986e-08, 8.05337094789e-08, 2.16745323911e-08, 3.42630868122e-10, 8.69073856273e-16, 1.08634400117e-15],
        "max": [0.000645262305625, 0.0203634686768, 0.0252680610865, 0.0206295363605, 0.0359736196697, 0.0377307347953, 0.0151663040742, 0.012671825476, 0.042507071048, 0.0507234819233, 0.021005153656, 0.0256118755788, 0.0364785417914, 0.0219567399472, 0.044826772064, 0.0214937664568, 0.0183185525239, 0.00620721559972, 0.00390468817204, 0.00426890002564, 0.00813808944076, 0.00363367819227, 0.00520596886054, 0.00377329578623, 0.000373819522792, 2.7495710242e-07, 3.42887034321e-07],
        "mean": [2.83714598481e-05, 0.00209273630753, 0.00202185055241, 0.00160553818569, 0.00226604565978, 0.00105905288365, 0.00066539569525, 0.000514782150276, 0.00154746870976, 0.00115135288797, 0.000806782918517, 0.00119513436221, 0.00182896212209, 0.00167202344164, 0.00161275779828, 0.00145066005643, 0.00101429969072, 0.000664145161863, 0.000635015952867, 0.000398695265176, 0.000262355519226, 0.000128397412482, 9.31087197387e-05, 4.91647515446e-05, 5.35548497282e-06, 5.88209880803e-09, 2.52026022274e-09],
        "median": [9.07992034627e-06, 0.00116913323291, 0.00062265683664, 0.00081601832062, 0.000819606822915, 0.000256062019616, 0.00027390269679, 0.000196180713829, 0.000548355688807, 0.000352115399437, 0.000267856987193, 0.000591741641983, 0.000821599620394, 0.000648100569379, 0.000702196848579, 0.000604371016379, 0.000483934010845, 0.000387649750337, 0.000510681245942, 0.000262201589067, 0.000148884442751, 6.63078608341e-05, 3.73502734874e-05, 2.03083873203e-05, 1.90021251001e-06, 2.32683849966e-09, 3.94913185486e-10],
        "min": [2.68294154254e-11, 3.67742308827e-10, 1.01981223466e-09, 1.79320136517e-09, 2.58377301776e-08, 2.71262535989e-07, 1.38122274507e-07, 9.74403224774e-10, 3.95509580642e-09, 2.21276383883e-08, 2.43692923618e-08, 1.46387515443e-08, 1.01819743747e-08, 3.00289642041e-08, 1.81860233539e-08, 3.5177694091e-09, 4.26934398945e-09, 2.52572385229e-09, 4.76806460981e-09, 3.56979690253e-09, 1.22528254209e-09, 4.75299632985e-10, 1.56748489188e-10, 5.44596812091e-10, 3.28409326643e-12, 2.01493509377e-12, 2.40620240746e-12],
        "var": [2.46923170799e-09, 6.4402006501e-06, 9.34349282034e-06, 4.35592710346e-06, 1.92001407413e-05, 6.81736855768e-06, 1.35986033456e-06, 1.00217232557e-06, 1.48046428876e-05, 8.93666674529e-06, 2.6011148293e-06, 2.91989977086e-06, 8.09043285699e-06, 6.30366412224e-06, 7.51563629819e-06, 5.57002886126e-06, 2.42529654315e-06, 5.86648241097e-07, 2.31046087151e-07, 1.78688893016e-07, 1.59486432949e-07, 3.76272950575e-08, 6.70709567885e-08, 1.50388359543e-08, 1.78633441372e-10, 2.15800158924e-16, 1.98855105995e-16]
    },
    "erbbands": {
        "dmean": [0.0253987684846, 0.304153949022, 1.26272964478, 2.55096268654, 7.69129514694, 4.88974428177, 3.09382915497, 6.0467042923, 7.13591146469, 7.50375509262, 8.9456577301, 21.1070613861, 24.342918396, 11.0707893372, 19.3219432831, 28.6147689819, 43.9963798523, 40.9756507874, 45.1995277405, 55.0030860901, 36.9929466248, 25.8285636902, 21.3641414642, 15.8791589737, 12.4938373566, 9.85905838013, 7.99247550964, 5.17966270447, 3.08376216888, 2.83165121078, 2.03397893906, 1.08882451057, 0.465466499329, 0.110010229051, 0.00403167493641, 0.000219166715397, 2.71445223916e-05, 7.16373551768e-06, 5.18858905707e-06, 8.70981966727e-06],
        "dmean2": [0.0401626825333, 0.504074513912, 2.14778137207, 4.2638874054, 12.6731348038, 8.32253932953, 4.70003843307, 9.04444885254, 11.6371393204, 12.9003400803, 14.64610672, 33.0649108887, 37.0509338379, 17.270772934, 30.9767284393, 46.1502761841, 68.8774795532, 65.2069778442, 72.2878417969, 85.4953231812, 58.4144821167, 40.7201538086, 32.8475799561, 25.5303115845, 20.3494434357, 15.2591304779, 12.0562067032, 8.11443042755, 4.88841819763, 4.52638435364, 3.17690110207, 1.68292343616, 0.731641530991, 0.175809711218, 0.00644700182602, 0.00034720133408, 4.29024839832e-05, 1.14525946628e-05, 8.07750620879e-06, 1.35898098961e-05],
        "dvar": [0.00201211706735, 0.204432427883, 4.38385105133, 14.9342908859, 222.147796631, 123.361495972, 37.3206787109, 156.007797241, 281.884185791, 231.873306274, 247.102386475, 3827.42358398, 4894.65966797, 299.384033203, 1542.08166504, 1914.06176758, 6231.03857422, 5164.27880859, 7682.66943359, 11357.578125, 6206.76025391, 1990.8638916, 1163.54467773, 454.329162598, 190.548248291, 217.982208252, 270.417663574, 66.8433990479, 25.9938220978, 71.7426147461, 33.4361801147, 10.3802900314, 1.06544303894, 0.076582044363, 0.000240730762016, 5.36088748504e-07, 4.1425005648e-09, 2.68074507037e-10, 4.93952240221e-11, 9.25765644699e-11],
        "dvar2": [0.00451472401619, 0.563392937183, 11.8883581161, 39.8745155334, 550.258666992, 325.45199585, 73.769241333, 300.221740723, 682.122192383, 631.378723145, 609.932861328, 8477.31347656, 9568.63769531, 702.876831055, 3878.85424805, 4725.78808594, 13525.6259766, 11609.3603516, 18585.3359375, 25131.0585938, 13663.6152344, 4559.23486328, 2486.04931641, 1125.62927246, 480.209503174, 511.83682251, 627.268676758, 158.045196533, 61.8772392273, 149.786712646, 70.024597168, 19.6030063629, 2.43106555939, 0.167519822717, 0.000467150530312, 1.05279843865e-06, 9.29630683544e-09, 6.73514854999e-10, 1.18466889076e-10, 2.1739422762e-10],
        "max": [0.610365509987, 4.54274702072, 22.6723403931, 34.7602233887, 134.280136108, 89.127494812, 142.633468628, 328.26651001, 297.607696533, 281.363555908, 264.974365234, 1363.26550293, 1854.51293945, 290.432373047, 1113.65673828, 565.876281738, 2056.24145508, 1309.35107422, 2539.58398438, 2751.40014648, 1220.09851074, 815.288757324, 548.026245117, 340.81048584, 151.408920288, 213.353607178, 448.43270874, 120.737068176, 87.4639358521, 315.338409424, 147.777587891, 117.944358826, 26.3274936676, 8.18430423737, 0.534187912941, 0.0248378869146, 0.00174384831917, 0.000306236906908, 0.000102713027445, 8.41340006446e-05],
        "mean": [0.0455040633678, 0.539382696152, 2.02337121964, 4.16820573807, 9.17581367493, 5.38052129745, 4.96487569809, 9.44443798065, 9.38561630249, 10.4215974808, 15.2963094711, 39.5375480652, 42.7352676392, 22.4347419739, 37.8510246277, 55.5012397766, 90.142791748, 76.4779815674, 86.0788955688, 98.4349746704, 69.7268829346, 49.771270752, 42.5314788818, 32.9624938965, 29.2500934601, 18.9939918518, 13.2690877914, 7.74337768555, 4.57984256744, 3.57829737663, 2.66077899933, 1.46517908573, 0.589695990086, 0.131829738617, 0.00458954460919, 0.000279042375041, 4.40657640866e-05, 1.27139337565e-05, 1.68412552739e-05, 3.14283715852e-05],
        "median": [0.0164390709251, 0.313849300146, 0.853095769882, 2.50632476807, 3.99190378189, 1.94910275936, 1.37373614311, 2.1692340374, 3.25357651711, 4.54891729355, 7.28049516678, 12.7996301651, 13.5214490891, 12.0448036194, 17.5092658997, 31.49958992, 42.4212837219, 35.4152030945, 41.4506378174, 44.5431175232, 33.3935203552, 27.1200752258, 22.5938873291, 24.6651248932, 24.3308296204, 12.2657146454, 7.32305383682, 4.51394701004, 2.48887872696, 1.47662651539, 1.06289577484, 0.61564385891, 0.244345515966, 0.051126588136, 0.00156683113892, 0.000118142183055, 2.67842024186e-05, 8.67556263984e-06, 1.57593276526e-05, 3.12832416967e-05],
        "min": [7.28208426892e-09, 1.07740667943e-07, 8.7656519554e-07, 4.02461409976e-06, 6.73490376357e-06, 8.04759474704e-05, 0.000458290422102, 0.00263136113063, 0.00361429154873, 0.000211204416701, 4.34436842625e-05, 0.000120941505884, 0.000465367978904, 0.000746395729948, 0.00108150171582, 0.000751391868107, 0.000506065960508, 0.00157679291442, 0.000636147800833, 0.00101758935489, 0.000248021853622, 0.0002557860862, 0.000156388501637, 0.000201973321964, 0.000169726205058, 0.000191222963622, 9.29905800149e-05, 2.20118727157e-05, 1.04429209387e-05, 1.79458911589e-05, 6.34688103673e-06, 1.73633834493e-05, 2.12256964005e-06, 4.00336347184e-07, 2.83575243287e-08, 8.69431016071e-09, 3.86098486516e-09, 1.70503078323e-09, 6.25119789266e-10, 7.13882120085e-10],
        "var": [0.00495564844459, 0.396305650473, 8.25483417511, 23.4102325439, 235.855331421, 109.035354614, 123.765991211, 534.37097168, 354.498840332, 301.129547119, 567.973999023, 12995.7011719, 12858.0136719, 862.488586426, 5102.23046875, 4699.52490234, 20563.9179688, 12710.9941406, 20399.6445312, 29335.6992188, 14993.1083984, 4159.02001953, 2930.48950195, 823.672180176, 432.484863281, 423.928100586, 444.503875732, 91.9564971924, 38.3719329834, 92.4942626953, 54.3963470459, 16.0350723267, 1.33487308025, 0.0900805443525, 0.000300856278045, 6.80089158323e-07, 4.98472196853e-09, 2.80623246862e-10, 8.23054124854e-11, 2.03003586163e-10]
    },
    "gfcc": {
        "mean": [-13.9878988266, 123.930793762, -189.503860474, 60.2400360107, -56.2135429382, 18.1757030487, -23.8848056793, -9.98499011993, -4.2718873024, -24.7299175262, 3.5517513752, -27.9149875641, -1.08727693558],
        "cov": [[1762.46325684, -191.096664429, 136.59602356, 159.699645996, -151.611190796, 117.51713562, -191.524475098, -74.6555633545, -24.2156181335, 24.5429935455, -31.1027851105, 19.4699745178, 23.2642822266], [-191.096664429, 693.435791016, 259.4894104, -25.107875824, 205.143234253, -45.9223937988, 110.108016968, -38.3544197083, 41.7424468994, 1.45983755589, 79.6564483643, 19.4682998657, 15.7758264542], [136.59602356, 259.4894104, 496.07635498, 251.17779541, 15.9450626373, 79.3121948242, -9.60650348663, 17.8775310516, -4.9732298851, 7.62094259262, 24.202791214, 12.8015394211, 10.7106714249], [159.699645996, -25.107875824, 251.17779541, 349.260498047, 112.048614502, 108.001647949, 0.967150390148, 34.5348167419, 14.8330459595, 23.222442627, -6.62877321243, -3.43518257141, -0.659451603889], [-151.611190796, 205.143234253, 15.9450626373, 112.048614502, 376.493011475, 96.4522399902, 114.014678955, 4.72888326645, 55.7112350464, 32.8978004456, 29.8579826355, -21.7752475739, -27.0377578735], [117.51713562, -45.9223937988, 79.3121948242, 108.001647949, 96.4522399902, 202.298248291, 90.9848175049, 50.1581459045, 3.27293515205, 12.9078645706, 2.25553703308, -24.2964324951, -22.6402988434], [-191.524475098, 110.108016968, -9.60650348663, 0.967150390148, 114.014678955, 90.9848175049, 254.054992676, 115.424453735, 41.9388275146, 1.01113164425, 0.106684230268, -32.4298095703, -17.4633312225], [-74.6555633545, -38.3544197083, 17.8775310516, 34.5348167419, 4.72888326645, 50.1581459045, 115.424453735, 152.338562012, 60.8052330017, 8.35849380493, -14.123673439, -28.3993816376, -9.98632907867], [-24.2156181335, 41.7424468994, -4.9732298851, 14.8330459595, 55.7112350464, 3.27293515205, 41.9388275146, 60.8052330017, 110.726280212, 45.3347969055, -1.6708483696, -8.44623279572, -3.93560361862], [24.5429935455, 1.45983755589, 7.62094259262, 23.222442627, 32.8978004456, 12.9078645706, 1.01113164425, 8.35849380493, 45.3347969055, 77.5872955322, 31.5567150116, 0.727074682713, -8.10720920563], [-31.1027851105, 79.6564483643, 24.202791214, -6.62877321243, 29.8579826355, 2.25553703308, 0.106684230268, -14.123673439, -1.6708483696, 31.5567150116, 75.5019378662, 34.1884307861, -7.39311885834], [19.4699745178, 19.4682998657, 12.8015394211, -3.43518257141, -21.7752475739, -24.2964324951, -32.4298095703, -28.3993816376, -8.44623279572, 0.727074682713, 34.1884307861, 85.2808685303, 44.9767150879], [23.2642822266, 15.7758264542, 10.7106714249, -0.659451603889, -27.0377578735, -22.6402988434, -17.4633312225, -9.98632907867, -3.93560361862, -8.10720920563, -7.39311885834, 44.9767150879, 78.3926925659]],
        "icov": [[0.00080740544945, -0.000562841654755, 0.000576002290472, -0.000667157466523, 0.000871963915415, -0.00131456367671, 0.000860180472955, 0.000191074432223, -0.00012478462304, -0.000512177415658, 0.000777070759796, -0.000313202326652, 0.000120141223306], [-0.000562841654755, 0.010824737139, -0.0102001978084, 0.00716150319204, -0.00651759281754, 0.00731927435845, -0.00703561166301, 0.00720679666847, -0.00670566735789, 0.00721746822819, -0.010343728587, 0.0058059184812, -0.00523758819327], [0.000576002290472, -0.0102001978084, 0.0133550288156, -0.00996154081076, 0.00748026743531, -0.0074204960838, 0.00627450970933, -0.00578858423978, 0.00504960212857, -0.00477237580344, 0.00618624081835, -0.00378482718952, 0.00358538050205], [-0.000667157466523, 0.00716150319204, -0.00996154081076, 0.0119371563196, -0.00739610847086, 0.00364137813449, -0.00231680530123, 0.00114947999828, -0.00162156613078, 0.00134056457318, -0.00176805746742, 0.000873849610798, -0.00226157857105], [0.000871963915415, -0.00651759281754, 0.00748026743531, -0.00739610847086, 0.00993726961315, -0.00629375362769, 0.00137991562951, 0.00107988435775, -0.00114494701847, -0.00181325338781, 0.00183843984269, -0.000527130730916, 0.00225408375263], [-0.00131456367671, 0.00731927435845, -0.0074204960838, 0.00364137813449, -0.00629375362769, 0.0141889797524, -0.00742045557126, 0.00249855662696, -0.000631132454146, 0.0026100659743, -0.0059338985011, 0.00359451025724, -0.00182962114923], [0.000860180472955, -0.00703561166301, 0.00627450970933, -0.00231680530123, 0.00137991562951, -0.00742045557126, 0.0140570420772, -0.0116857690737, 0.00563269946724, -0.00402526557446, 0.00667702872306, -0.00346469087526, 0.00274351215921], [0.000191074432223, 0.00720679666847, -0.00578858423978, 0.00114947999828, 0.00107988435775, 0.00249855662696, -0.0116857690737, 0.0228087287396, -0.015371484682, 0.00949261058122, -0.0104944445193, 0.00862744823098, -0.00503963325173], [-0.00012478462304, -0.00670566735789, 0.00504960212857, -0.00162156613078, -0.00114494701847, -0.000631132454146, 0.00563269946724, -0.015371484682, 0.0263830367476, -0.0189964920282, 0.0162133369595, -0.00945152901113, 0.00571408076212], [-0.000512177415658, 0.00721746822819, -0.00477237580344, 0.00134056457318, -0.00181325338781, 0.0026100659743, -0.00402526557446, 0.00949261058122, -0.0189964920282, 0.0323516204953, -0.0240297093987, 0.0124229229987, -0.00719782151282], [0.000777070759796, -0.010343728587, 0.00618624081835, -0.00176805746742, 0.00183843984269, -0.0059338985011, 0.00667702872306, -0.0104944445193, 0.0162133369595, -0.0240297093987, 0.043580878526, -0.0257697571069, 0.0172857362777], [-0.000313202326652, 0.0058059184812, -0.00378482718952, 0.000873849610798, -0.000527130730916, 0.00359451025724, -0.00346469087526, 0.00862744823098, -0.00945152901113, 0.0124229229987, -0.0257697571069, 0.0334522724152, -0.0201802868396], [0.000120141223306, -0.00523758819327, 0.00358538050205, -0.00226157857105, 0.00225408375263, -0.00182962114923, 0.00274351215921, -0.00503963325173, 0.00571408076212, -0.00719782151282, 0.0172857362777, -0.0201802868396, 0.0262348093092]]
    },
    "melbands": {
        "dmean": [0.000279018218862, 0.000540455104783, 0.000551770848688, 0.000516682281159, 0.000107828389446, 0.000135747366585, 0.00010577350622, 7.96516324044e-05, 8.53848687257e-05, 0.000133222580189, 0.000121948622109, 4.66170422442e-05, 6.64085455355e-05, 6.72203823342e-05, 0.000110333399789, 8.90455339686e-05, 8.00077832537e-05, 7.91553829913e-05, 7.06341670593e-05, 6.46392727504e-05, 4.46445847047e-05, 2.71082226391e-05, 3.43286192219e-05, 1.70388902916e-05, 1.37657971209e-05, 1.23037179947e-05, 8.69316863827e-06, 6.38176197754e-06, 5.28649798071e-06, 4.81421557197e-06, 2.58840577771e-06, 1.84942609849e-06, 1.72266527443e-06, 1.48609285588e-06, 1.26077475215e-06, 9.4167359066e-07, 5.75333558572e-07, 3.62459815051e-07, 2.15703011008e-07, 4.82319677531e-08],
        "dmean2": [0.000453989749076, 0.000912281975616, 0.000898026279174, 0.000868140894454, 0.000165080433362, 0.000201782255317, 0.000174480766873, 0.000135979862534, 0.000139741227031, 0.000208165976801, 0.000185686003533, 7.3546776548e-05, 0.000105406645162, 0.000107812156784, 0.000174618035089, 0.00014279242896, 0.000127380728372, 0.000126739614643, 0.000111558591016, 0.000100854012999, 7.1674490755e-05, 4.36781301687e-05, 5.29778189957e-05, 2.67979539785e-05, 2.24070663535e-05, 2.03968083952e-05, 1.39799476528e-05, 9.9892331491e-06, 7.96231506683e-06, 7.67825076764e-06, 4.10130905948e-06, 2.97138853966e-06, 2.80354356619e-06, 2.36751952798e-06, 2.01747411666e-06, 1.4666760535e-06, 8.97515576526e-07, 5.77272260216e-07, 3.44186787515e-07, 7.85650229318e-08],
        "dvar": [1.94372844931e-07, 7.37824962016e-07, 5.91952868945e-07, 1.35030370529e-06, 4.1318326538e-08, 7.8074663179e-08, 5.63499966688e-08, 2.69559485844e-08, 2.14947259991e-08, 1.47705094378e-07, 1.22910307709e-07, 6.06233818701e-09, 1.74266308051e-08, 1.41540184018e-08, 3.42129489184e-08, 2.22373373049e-08, 2.08863326634e-08, 2.16650253293e-08, 1.64609286202e-08, 1.56530610695e-08, 9.43951228294e-09, 2.51470089196e-09, 4.8995447699e-09, 6.4805144584e-10, 3.64234892247e-10, 1.91524629489e-10, 1.28161523061e-10, 9.8442726193e-11, 1.85954376897e-10, 8.8624975414e-11, 1.59360025176e-11, 9.65744324788e-12, 1.41636320727e-11, 2.37671948095e-11, 1.45284825837e-11, 6.6519611e-12, 2.73638251815e-12, 5.84415437051e-13, 2.99876388912e-13, 1.98009486005e-14],
        "dvar2": [4.83646886096e-07, 2.01381863008e-06, 1.50530138399e-06, 3.50370851265e-06, 8.56841211316e-08, 1.49359351553e-07, 1.38654613124e-07, 7.16154247016e-08, 5.09673014903e-08, 3.31374309326e-07, 2.40551003117e-07, 1.43167504518e-08, 4.13801366506e-08, 3.43595729646e-08, 7.94112651192e-08, 5.00894223876e-08, 4.60202258523e-08, 5.1508436627e-08, 3.82808735822e-08, 3.50217028711e-08, 2.13892441536e-08, 5.82799719595e-09, 1.07507647229e-08, 1.49498557978e-09, 9.14278208697e-10, 4.97670016308e-10, 3.26640103854e-10, 2.28380717116e-10, 4.33296731828e-10, 2.01988634152e-10, 3.90300604336e-11, 2.3804373403e-11, 3.05661815303e-11, 5.01646987838e-11, 3.0459957473e-11, 1.31390983163e-11, 5.20949212587e-12, 1.41919895974e-12, 6.68971388701e-13, 4.40596588077e-14],
        "max": [0.00565838627517, 0.00868237856776, 0.00716563127935, 0.00933875329792, 0.00428384076804, 0.00724320719019, 0.0038349905517, 0.00315418443643, 0.00232726568356, 0.00825973413885, 0.00943573284894, 0.00136440317146, 0.00323021109216, 0.00313546741381, 0.00292302528396, 0.00336264795624, 0.00274004973471, 0.00350248464383, 0.00220484915189, 0.00294609670527, 0.00150696688797, 0.00111442047637, 0.00149853853509, 0.000457933405414, 0.000301908294205, 0.00015941564925, 0.000171897874679, 0.000121482124086, 0.000453386048321, 0.000200767331989, 4.93622173963e-05, 5.55616315978e-05, 0.000124476646306, 0.000178417365532, 0.000107515057607, 7.98226610641e-05, 5.9133843024e-05, 1.32478407977e-05, 1.74027045432e-05, 3.71831856683e-06],
        "mean": [0.000507547636516, 0.000965935294516, 0.000897036632523, 0.000576398393605, 0.000170177678228, 0.000215083942749, 0.000139645359013, 0.000110405111627, 0.00014628637291, 0.000243256887188, 0.000208591009141, 8.7111890025e-05, 0.000125425140141, 0.000118502408441, 0.000203477145988, 0.000166970581631, 0.000139223775477, 0.000142074612086, 0.000119796255603, 0.000113268994028, 7.6538992289e-05, 4.64833901788e-05, 5.9778089053e-05, 2.86133035843e-05, 2.57446263277e-05, 2.51153360296e-05, 1.70273506228e-05, 1.11486642709e-05, 8.53192977956e-06, 6.77873049426e-06, 3.65256096302e-06, 2.59163425653e-06, 2.33328046306e-06, 1.77962601811e-06, 1.57436079462e-06, 1.26162160541e-06, 7.45682086745e-07, 4.45001859362e-07, 2.57328622411e-07, 5.30681987243e-08],
        "median": [0.000257763371337, 0.000488122343086, 0.000585389614571, 0.000220237634494, 5.12069054821e-05, 5.04287709191e-05, 5.15492502018e-05, 4.61957570224e-05, 6.83453254169e-05, 7.79085457907e-05, 6.22775987722e-05, 4.47456550319e-05, 4.67860190838e-05, 6.16663382971e-05, 9.4799681392e-05, 7.71208506194e-05, 5.49601900275e-05, 5.58837928111e-05, 5.46843220945e-05, 4.61864401586e-05, 3.28110872942e-05, 2.62381017819e-05, 2.43353661062e-05, 1.67941943801e-05, 1.83746124094e-05, 2.00768427021e-05, 1.26669974634e-05, 6.38189203528e-06, 4.31082253272e-06, 3.5971138459e-06, 2.00295244213e-06, 1.34514664296e-06, 1.18684670269e-06, 6.36689605926e-07, 5.78030949328e-07, 5.38681831586e-07, 3.09480441274e-07, 1.79644288778e-07, 9.9234426898e-08, 1.85487287752e-08],
        "min": [8.53291395875e-11, 3.51439766177e-10, 7.66108121386e-10, 1.75097891741e-09, 1.26438965964e-08, 6.32443999393e-08, 4.84002420365e-08, 3.54163337546e-10, 3.25431237513e-10, 7.57992224543e-10, 2.27700636124e-09, 2.81342060759e-09, 3.3928542198e-09, 2.32149210966e-09, 1.26216093133e-09, 1.01997776891e-09, 3.38009242817e-09, 1.02148633996e-09, 1.27138555239e-09, 7.80777720255e-10, 2.5950758209e-10, 2.76493494766e-10, 2.38028430299e-10, 5.8426659344e-11, 1.78597900358e-10, 1.86659437906e-10, 9.45390293827e-11, 1.24609364494e-10, 6.90344170717e-11, 2.41522878086e-11, 9.75446112772e-12, 3.99739052623e-12, 1.24102056756e-11, 7.72446689945e-12, 2.59321622335e-12, 8.79142418586e-12, 9.54443121759e-12, 5.3076624042e-13, 1.40060163988e-12, 3.48243264466e-14],
        "var": [4.46867403525e-07, 1.47958394336e-06, 9.43087570704e-07, 1.22613346321e-06, 1.22342967757e-07, 2.67351254024e-07, 6.96397961519e-08, 3.83245222224e-08, 5.73976493001e-08, 4.88204477733e-07, 3.23506611721e-07, 1.55529669144e-08, 6.21754381314e-08, 3.34670176017e-08, 8.69176375318e-08, 6.06741181741e-08, 5.11108488865e-08, 5.67061810841e-08, 3.64186512058e-08, 3.81475686595e-08, 2.10652153498e-08, 4.25347357336e-09, 1.20335172937e-08, 1.18655651971e-09, 6.00640037707e-10, 3.9621117498e-10, 2.23123575172e-10, 1.89026044817e-10, 2.85747397966e-10, 1.13519589562e-10, 2.10178506543e-11, 1.30762197945e-11, 1.89881790846e-11, 3.04067014623e-11, 2.24264253001e-11, 1.09651367847e-11, 4.14223169654e-12, 6.90742439375e-13, 3.3761700575e-13, 2.18741311956e-14]
    },
    "mfcc": {
        "mean": [-617.795410156, 114.301490784, -44.8695907593, 27.5972766876, 1.23379290104, 15.0354814529, 1.2953773737, 9.26320075989, -4.91861772537, 9.51022720337, -4.28548049927, 1.82756733894, -7.36981058121],
        "cov": [[1797.12805176, -351.890991211, 145.622817993, -55.2534790039, 27.5767822266, 75.7884368896, -132.447891235, -88.2694168091, -52.2233848572, -54.9021110535, -49.8165206909, -25.3379535675, -41.436252594], [-351.890991211, 785.309631348, 3.35282087326, 54.6629981995, 49.2582855225, 35.6072463989, 66.7868804932, 18.8370132446, -17.5741863251, 2.24964785576, 20.9769535065, 28.9792728424, 28.0792121887], [145.622817993, 3.35282087326, 535.806213379, 128.174224854, 49.5662689209, 23.3811855316, 3.50100183487, 14.1974248886, -6.56679201126, -15.1430473328, -31.6097221375, -2.18620705605, 21.2306632996], [-55.2534790039, 54.6629981995, 128.174224854, 241.907287598, 128.30847168, 69.7976913452, 37.0613098145, 26.2158966064, 39.2599105835, 22.8651428223, 12.7087135315, 32.9252052307, 19.0848865509], [27.5767822266, 49.2582855225, 49.5662689209, 128.30847168, 240.369094849, 128.738632202, 28.0496463776, -3.42984414101, -4.48052978516, 18.5624370575, 36.205242157, 13.5284576416, 5.21053981781], [75.7884368896, 35.6072463989, 23.3811855316, 69.7976913452, 128.738632202, 184.562454224, 85.4928359985, 26.6326694489, 12.992606163, 25.4202079773, 41.0697479248, 9.3581495285, -3.73343324661], [-132.447891235, 66.7868804932, 3.50100183487, 37.0613098145, 28.0496463776, 85.4928359985, 191.391998291, 95.8742752075, 42.2792282104, 49.6230125427, 49.6088218689, 16.1668376923, 3.79111170769], [-88.2694168091, 18.8370132446, 14.1974248886, 26.2158966064, -3.42984414101, 26.6326694489, 95.8742752075, 135.737930298, 72.4394607544, 51.6627197266, 23.2048606873, 15.6180057526, 13.804189682], [-52.2233848572, -17.5741863251, -6.56679201126, 39.2599105835, -4.48052978516, 12.992606163, 42.2792282104, 72.4394607544, 134.283447266, 76.7047805786, 19.0619411469, 13.4979543686, 7.15452289581], [-54.9021110535, 2.24964785576, -15.1430473328, 22.8651428223, 18.5624370575, 25.4202079773, 49.6230125427, 51.6627197266, 76.7047805786, 138.440338135, 72.14478302, 10.7687473297, -4.4838924408], [-49.8165206909, 20.9769535065, -31.6097221375, 12.7087135315, 36.205242157, 41.0697479248, 49.6088218689, 23.2048606873, 19.0619411469, 72.14478302, 123.828369141, 38.9492149353, -3.5570089817], [-25.3379535675, 28.9792728424, -2.18620705605, 32.9252052307, 13.5284576416, 9.3581495285, 16.1668376923, 15.6180057526, 13.4979543686, 10.7687473297, 38.9492149353, 91.403137207, 31.2756881714], [-41.436252594, 28.0792121887, 21.2306632996, 19.0848865509, 5.21053981781, -3.73343324661, 3.79111170769, 13.804189682, 7.15452289581, -4.4838924408, -3.5570089817, 31.2756881714, 75.6506118774]],
