{
"lowlevel": {
    "average_loudness": 0.958070039749,
    "barkbands_crest": {
        "dmean": 2.40030121803,
        "dmean2": 3.70081949234,
        "dvar": 5.136926651,
        "dvar2": 10.9835062027,
        "max": 24.6465263367,
        "mean": 9.82481098175,
        "median": 8.94688606262,
        "min": 2.94547915459,
        "var": 16.739118576
    },
    "barkbands_flatness_db": {
        "dmean": 0.0265285335481,
        "dmean2": 0.0377382226288,
        "dvar": 0.000571529380977,
        "dvar2": 0.00105909537524,
        "max": 0.358391731977,
        "mean": 0.18475548923,
        "median": 0.179345786572,
        "min": 0.0857635959983,
        "var": 0.00208238838241
    },
    "barkbands_kurtosis": {
        "dmean": 1.65251147747,
        "dmean2": 2.62931108475,
        "dvar": 14.9127912521,
        "dvar2": 38.4699172974,
        "max": 77.7264785767,
        "mean": 2.16741585732,
        "median": 1.32925009727,
        "min": -1.54583132267,
        "var": 17.8066368103
    },
    "barkbands_skewness": {
        "dmean": 0.450151324272,
        "dmean2": 0.676177561283,
        "dvar": 0.241542935371,
        "dvar2": 0.528393566608,
        "max": 7.94282102585,
        "mean": 0.944803237915,
        "median": 0.889152169228,
        "min": -1.64785301685,
        "var": 0.760973513126
    },
    "barkbands_spread": {
        "dmean": 3.64596962929,
        "dmean2": 5.41141843796,
        "dvar": 11.4966487885,
        "dvar2": 24.3002166748,
        "max": 45.4716758728,
        "mean": 15.5813055038,
        "median": 14.7522068024,
        "min": 2.20235228539,
        "var": 44.834186554
    },
    "dissonance": {
        "dmean": 0.0294673778117,
        "dmean2": 0.0483155101538,
        "dvar": 0.000654260569718,
        "dvar2": 0.00177836988587,
        "max": 0.499476641417,
        "mean": 0.447468608618,
        "median": 0.454450815916,
        "min": 0.259797394276,
        "var": 0.00127975200303
    },
    "dynamic_complexity": 2.4900302887,
    "erbbands_crest": {
        "dmean": 2.64319586754,
        "dmean2": 3.94373726845,
        "dvar": 6.45924329758,
        "dvar2": 12.7647218704,
        "max": 28.4553203583,
        "mean": 11.3623304367,
        "median": 10.5002346039,
        "min": 2.70626020432,
        "var": 26.8501834869
    },
    "erbbands_flatness_db": {
        "dmean": 0.0256312564015,
        "dmean2": 0.0333781316876,
        "dvar": 0.000602190673817,
        "dvar2": 0.000932683527935,
        "max": 0.390591740608,
        "mean": 0.22387765348,
        "median": 0.218231067061,
        "min": 0.113158091903,
        "var": 0.00284742447548
    },
    "erbbands_kurtosis": {
        "dmean": 0.797665953636,
        "dmean2": 1.21416676044,
        "dvar": 0.758840918541,
        "dvar2": 1.70511543751,
        "max": 11.8099374771,
        "mean": 0.609715044498,
        "median": 0.319046139717,
        "min": -1.52235841751,
        "var": 1.88529908657
    },
    "erbbands_skewness": {
        "dmean": 0.301838576794,
        "dmean2": 0.461015731096,
        "dvar": 0.0804091989994,
        "dvar2": 0.180843219161,
        "max": 3.01707267761,
        "mean": 0.572254598141,
        "median": 0.544315457344,
        "min": -1.16095221043,
        "var": 0.262776821852
    },
    "erbbands_spread": {
        "dmean": 6.38827562332,
        "dmean2": 8.7488155365,
        "dvar": 42.754940033,
        "dvar2": 87.738899231,
        "max": 101.282951355,
        "mean": 26.4177970886,
        "median": 23.4112281799,
        "min": 4.8374414444,
        "var": 181.72315979
    },
    "hfc": {
        "dmean": 6.63529491425,
        "dmean2": 8.78182411194,
        "dvar": 72.887512207,
        "dvar2": 129.265823364,
        "max": 121.21723938,
        "mean": 19.0194320679,
        "median": 15.9336137772,
        "min": 0.113363564014,
        "var": 215.879135132
    },
    "melbands_crest": {
        "dmean": 3.25258564949,
        "dmean2": 5.0588760376,
        "dvar": 9.18092727661,
        "dvar2": 19.1711044312,
        "max": 33.9171600342,
        "mean": 12.6446218491,
        "median": 11.3698997498,
        "min": 3.45444107056,
        "var": 28.2125892639
    },
    "melbands_flatness_db": {
        "dmean": 0.0309788249433,
        "dmean2": 0.0424908958375,
        "dvar": 0.000876812555362,
        "dvar2": 0.00162274029572,
        "max": 0.428176134825,
        "mean": 0.204699620605,
        "median": 0.198288485408,
        "min": 0.0365654341877,
        "var": 0.00341727188788
    },
    "melbands_kurtosis": {
        "dmean": 3.61270308495,
        "dmean2": 5.64396381378,
        "dvar": 85.4675521851,
        "dvar2": 214.770324707,
        "max": 164.482711792,
        "mean": 5.61342191696,
        "median": 3.13187932968,
        "min": -1.18822181225,
        "var": 109.811790466
    },
    "melbands_skewness": {
        "dmean": 0.58385682106,
        "dmean2": 0.858956873417,
        "dvar": 0.442602008581,
        "dvar2": 0.947829425335,
        "max": 10.2119150162,
        "mean": 1.45731699467,
        "median": 1.25398111343,
        "min": -1.07842385769,
        "var": 1.44902217388
    },
    "melbands_spread": {
        "dmean": 5.13550186157,
        "dmean2": 7.94948101044,
        "dvar": 36.6255378723,
        "dvar2": 77.7474517822,
        "max": 129.315490723,
        "mean": 21.0818309784,
        "median": 20.0381813049,
        "min": 1.44163346291,
        "var": 109.291213989
    },
    "pitch_salience": {
        "dmean": 0.0710063129663,
        "dmean2": 0.110045209527,
        "dvar": 0.00424434244633,
        "dvar2": 0.0101389214396,
        "max": 0.880625069141,
        "mean": 0.586580276489,
        "median": 0.591163039207,
        "min": 0.230377778411,
        "var": 0.0135168833658
    },
    "silence_rate_20dB": {
        "dmean": 0,
        "dmean2": 0,
        "dvar": 0,
        "dvar2": 0,
        "max": 1,
        "mean": 1,
        "median": 1,
        "min": 1,
        "var": 0
    },
    "silence_rate_30dB": {
        "dmean": 0.0169622208923,
        "dmean2": 0.0339506156743,
        "dvar": 0.0166745558381,
        "dvar2": 0.0436002872884,
        "max": 1,
        "mean": 0.988443732262,
        "median": 1,
        "min": 0,
        "var": 0.0114226834849
    },
    "silence_rate_60dB": {
        "dmean": 0.0593677721918,
        "dmean2": 0.118827164173,
        "dvar": 0.0558433905244,
        "dvar2": 0.12631200254,
        "max": 1,
        "mean": 0.0670261904597,
        "median": 0,
        "min": 0,
        "var": 0.0625340119004
    },
    "spectral_centroid": {
        "dmean": 196.322341919,
        "dmean2": 292.564178467,
        "dvar": 40481.1171875,
        "dvar2": 85347.53125,
        "max": 3562.03955078,
        "mean": 1246.84350586,
        "median": 1203.9206543,
        "min": 355.765625,
        "var": 166286.984375
    },
    "spectral_complexity": {
        "dmean": 5.20046281815,
        "dmean2": 6.60956811905,
        "dvar": 26.9976024628,
        "dvar2": 39.3367767334,
        "max": 51,
        "mean": 17.1240367889,
        "median": 15,
        "min": 1,
        "var": 92.8033370972
    },
    "spectral_decrease": {
        "dmean": 2.50645371125e-09,
        "dmean2": 3.42682016097e-09,
        "dvar": 1.68701434522e-17,
        "dvar2": 3.40694286876e-17,
        "max": -6.05058989023e-11,
        "mean": -6.09382100336e-09,
        "median": -4.70412508946e-09,
        "min": -4.21909724935e-08,
        "var": 3.26198277514e-17
    },
    "spectral_energy": {
        "dmean": 0.0100001133978,
        "dmean2": 0.0136258648708,
        "dvar": 0.00025446046493,
        "dvar2": 0.000507872202434,
        "max": 0.1624584198,
        "mean": 0.0247245784849,
        "median": 0.0193605851382,
        "min": 0.00024024938466,
        "var": 0.000508809520397
    },
    "spectral_energyband_high": {
        "dmean": 0.000241436835495,
        "dmean2": 0.000309455761453,
        "dvar": 1.49892542822e-07,
        "dvar2": 2.71004921615e-07,
        "max": 0.00553369289264,
        "mean": 0.000440217350842,
        "median": 0.000182285788469,
        "min": 5.54023586119e-07,
        "var": 3.66565018339e-07
    },
    "spectral_energyband_low": {
        "dmean": 0.00404175650328,
        "dmean2": 0.0063274805434,
        "dvar": 0.000178498754394,
        "dvar2": 0.000407409010222,
        "max": 0.14505019784,
        "mean": 0.00516806030646,
        "median": 0.00120929291006,
        "min": 1.75158220372e-05,
        "var": 0.000204846583074
    },
    "spectral_energyband_middle_high": {
        "dmean": 0.00282527855597,
        "dmean2": 0.00407021259889,
        "dvar": 1.4493530216e-05,
        "dvar2": 2.96030702884e-05,
        "max": 0.0454207807779,
        "mean": 0.0071072219871,
        "median": 0.00505964644253,
        "min": 2.69437514362e-05,
        "var": 4.48844257335e-05
    },
    "spectral_energyband_middle_low": {
        "dmean": 0.00544687500224,
        "dmean2": 0.00743608130142,
        "dvar": 4.29949723184e-05,
        "dvar2": 8.23151931399e-05,
        "max": 0.0820687487721,
        "mean": 0.0131547162309,
        "median": 0.010726833716,
        "min": 9.34475974645e-05,
        "var": 0.000123351681395
    },
    "spectral_entropy": {
        "dmean": 0.217490643263,
        "dmean2": 0.271836459637,
        "dvar": 0.0543010346591,
        "dvar2": 0.0855607837439,
        "max": 8.48024272919,
        "mean": 7.20757436752,
        "median": 7.25352096558,
        "min": 5.51690483093,
        "var": 0.213023513556
    },
    "spectral_flux": {
        "dmean": 0.0284567885101,
        "dmean2": 0.0446839742362,
        "dvar": 0.00130477896892,
        "dvar2": 0.00297739380039,
        "max": 0.360487371683,
        "mean": 0.0767112746835,
        "median": 0.064427241683,
        "min": 0.00908435694873,
        "var": 0.00242497492582
    },
    "spectral_kurtosis": {
        "dmean": 3.35666370392,
        "dmean2": 5.75899982452,
        "dvar": 14.9468078613,
        "dvar2": 40.1018295288,
        "max": 42.7565116882,
        "mean": 5.08276319504,
        "median": 3.52933979034,
        "min": -0.914168357849,
        "var": 23.65350914
    },
    "spectral_rms": {
        "dmean": 0.000949526613113,
        "dmean2": 0.0012263210956,
        "dvar": 1.35056859563e-06,
        "dvar2": 2.38415623244e-06,
        "max": 0.0125895207748,
        "mean": 0.00447151809931,
        "median": 0.00434607546777,
        "min": 0.0004841380578,
        "var": 4.12708368458e-06
    },
    "spectral_rolloff": {
        "dmean": 261.668670654,
        "dmean2": 435.14944458,
        "dvar": 184485.609375,
        "dvar2": 347729.25,
        "max": 8182.6171875,
        "mean": 1282.17175293,
        "median": 1248.92578125,
        "min": 64.599609375,
        "var": 589535.1875
    },
    "spectral_skewness": {
        "dmean": 0.375915914774,
        "dmean2": 0.618324816227,
        "dvar": 0.13336609304,
        "dvar2": 0.357677131891,
        "max": 4.70106697083,
        "mean": 1.41289544106,
        "median": 1.31711578369,
        "min": 0.234710589051,
        "var": 0.302832424641
    },
    "spectral_spread": {
        "dmean": 364203.84375,
        "dmean2": 520174.1875,
        "dvar": 139828379648,
        "dvar2": 279855628288,
        "max": 7409611.5,
        "mean": 3195290.5,
        "median": 3048942,
        "min": 1391608.375,
        "var": 653824229376
    },
    "spectral_strongpeak": {
        "dmean": 0.666337907314,
        "dmean2": 1.05968546867,
        "dvar": 0.694371283054,
        "dvar2": 1.60361194611,
        "max": 6.79488945007,
        "mean": 1.68833267689,
        "median": 1.51969277859,
        "min": 0.0216022338718,
        "var": 1.81883955002
    },
    "zerocrossingrate": {
        "dmean": 0.00670831417665,
        "dmean2": 0.00761545449495,
        "dvar": 5.16459258506e-05,
        "dvar2": 5.30676043127e-05,
        "max": 0.236328125,
        "mean": 0.0509922876954,
        "median": 0.048828125,
        "min": 0.01123046875,
        "var": 0.000409452186432
    },
    "barkbands": {
        "dmean": [0.000152988359332, 0.00206643878482, 0.00169196771458, 0.00136206159368, 0.00190299702808, 0.00128826429136, 0.000642488186713, 0.00106771464925, 0.00127052911557, 0.000785976706538, 0.000491064274684, 0.000753411790356, 0.000735841982532, 0.000334390526405, 0.000182797739399, 0.000209213059861, 0.000142799326568, 0.00016282798606, 0.000149222672917, 0.000128172658151, 7.31020409148e-05, 6.04014385317e-05, 3.32309718942e-05, 2.39899582084e-05, 2.25696403504e-05, 1.2985118758e-08, 9.35258981372e-09],
        "dmean2": [0.000257485633483, 0.00346497888677, 0.00271645770408, 0.00204213103279, 0.00294578727335, 0.00185526593123, 0.00101365719456, 0.00169740396086, 0.00186662620399, 0.00120577437337, 0.000690749380738, 0.00117815949488, 0.00113972579129, 0.000519199296832, 0.000286896625767, 0.000332108465955, 0.000218330111238, 0.000245460221777, 0.000215442327317, 0.000176832123543, 0.000102319492726, 8.1691534433e-05, 4.75032138638e-05, 3.44942309312e-05, 3.44512300217e-05, 2.13623287948e-08, 1.41496396822e-08],
        "dvar": [3.69207754147e-07, 6.08792979619e-05, 4.12101762777e-05, 7.57991074352e-06, 9.28452209337e-06, 3.51863582182e-06, 1.15600346362e-06, 2.95159861707e-06, 4.92504796057e-06, 2.39380051426e-06, 1.06696882085e-06, 2.40884355662e-06, 2.27691157306e-06, 3.84778900298e-07, 9.80358478841e-08, 1.01012126663e-07, 4.90515290608e-08, 5.37182884841e-08, 3.9906726812e-08, 3.63017207405e-08, 1.67485687541e-08, 1.08926858644e-08, 6.74469990969e-09, 2.37603381414e-09, 2.97189850507e-09, 1.88240976897e-14, 1.7983893522e-14],
        "dvar2": [9.73943542704e-07, 0.000160705516464, 9.04338812688e-05, 1.78829359356e-05, 2.14773772313e-05, 8.08202639746e-06, 2.53786151916e-06, 7.35464300305e-06, 9.97349434328e-06, 5.23916969541e-06, 1.95790539692e-06, 5.56394843443e-06, 5.49014976059e-06, 8.16681847482e-07, 2.25132907872e-07, 2.50581905448e-07, 1.00920630075e-07, 1.17139876465e-07, 8.38327949282e-08, 7.59239071613e-08, 3.89173777648e-08, 2.26559038197e-08, 1.39613529626e-08, 4.39433467392e-09, 6.49038511824e-09, 2.42965132876e-14, 1.90949364746e-14],
        "max": [0.00751658948138, 0.113002061844, 0.0766914561391, 0.0257896706462, 0.0274347439408, 0.0181978829205, 0.0197209399194, 0.0212495736778, 0.0266403481364, 0.0186443701386, 0.0119645576924, 0.0194304585457, 0.0228205490857, 0.0114896120504, 0.00387718575075, 0.00366086279973, 0.00272015598603, 0.00355919380672, 0.0034718750976, 0.00447035068646, 0.00186074431986, 0.00130559038371, 0.00174072687514, 0.000729614635929, 0.000849749776535, 4.55224562756e-06, 4.75466731586e-06],
        "mean": [0.000144489837112, 0.00234447186813, 0.00181811966468, 0.00158226361964, 0.00262389169075, 0.00203708629124, 0.00111553596798, 0.0020136591047, 0.00326443114318, 0.00136638933327, 0.00104852858931, 0.00156168558169, 0.00124315300491, 0.000591213989537, 0.000274067220744, 0.000340374943335, 0.00023716063879, 0.000294000550639, 0.000273082143394, 0.000227522847126, 0.000121668832435, 9.31123140617e-05, 4.83129442728e-05, 3.44108884747e-05, 2.59648277279e-05, 9.35771815591e-09, 7.37149186136e-09],
        "median": [3.60279955203e-05, 0.000515016610734, 0.000266754679615, 0.000402360106818, 0.000717143178917, 0.000785304349847, 0.000480595568661, 0.000817567808554, 0.000586241716519, 0.000312384829158, 0.000138324321597, 0.000289126473945, 0.00035672422382, 0.000199636357138, 9.24381165532e-05, 0.00017486550496, 0.000109490865725, 0.000173333231942, 0.000172315587406, 0.000126816768898, 4.88889309054e-05, 3.24484717567e-05, 1.22463952721e-05, 6.9173729571e-06, 2.57754982158e-06, 2.59915811096e-10, 2.69844979695e-10],
        "min": [2.19532978463e-08, 8.26212158245e-07, 1.61063303494e-06, 1.01173122857e-06, 1.88382148281e-06, 3.00857891489e-06, 7.35058165446e-07, 1.29740135435e-06, 9.1798426638e-07, 4.18609204189e-07, 1.70229100149e-07, 5.48066680039e-07, 6.11430948538e-07, 5.29912711045e-07, 6.73970959042e-08, 5.7531656239e-07, 2.39633862975e-07, 1.50566933144e-07, 3.62706913393e-07, 5.6648593727e-07, 1.33786343781e-07, 1.12217071191e-08, 3.57785155669e-11, 1.62824458777e-11, 1.22548950154e-11, 1.41826819386e-11, 1.91389525755e-11],
        "var": [2.89998894232e-07, 5.0632377679e-05, 4.81781353301e-05, 9.8846057881e-06, 1.62754167832e-05, 7.92025639385e-06, 3.3636936223e-06, 8.45937211125e-06, 2.45641713263e-05, 7.01795397617e-06, 3.74949649995e-06, 8.73166118254e-06, 4.58211206933e-06, 9.88862666418e-07, 1.81574392855e-07, 1.94836417222e-07, 1.08514754515e-07, 1.21280280041e-07, 9.45855092027e-08, 8.11748961382e-08, 2.9939254631e-08, 1.97303187122e-08, 1.14192122425e-08, 4.98329333354e-09, 4.68846605983e-09, 1.75729351589e-14, 1.77538461498e-14]
    },
    "erbbands": {
        "dmean": [0.0564143359661, 0.493694096804, 1.84345448017, 3.25499796867, 4.1899600029, 8.4780254364, 9.58596134186, 10.5659093857, 11.4508161545, 12.8792266846, 22.0534954071, 27.8882160187, 26.5272197723, 23.2751522064, 25.4920425415, 25.9348583221, 31.5945720673, 21.2905387878, 10.3640565872, 9.4581193924, 10.0256586075, 7.5369348526, 8.95064735413, 7.41702079773, 7.70041656494, 5.80101060867, 3.97623872757, 2.51232886314, 2.23222899437, 1.49642550945, 0.942831873894, 0.575652182102, 0.411166936159, 0.361268907785, 0.0917015224695, 0.00224267458543, 0.000117283867439, 1.69971317519e-05, 7.50969138608e-06, 1.18972384371e-05],
        "dmean2": [0.094108633697, 0.838572382927, 2.98911333084, 4.86765289307, 6.54254436493, 13.7744054794, 13.831319809, 15.7396192551, 18.0957260132, 19.9945735931, 35.0177764893, 41.2379760742, 40.4347229004, 34.7964668274, 38.0401420593, 39.4990310669, 49.0445213318, 32.6120262146, 15.5599546432, 14.6783342361, 15.8260450363, 11.300526619, 13.5828123093, 10.8045320511, 11.3234434128, 8.01135063171, 5.62826395035, 3.59297227859, 3.13942122459, 2.09595298767, 1.39613628387, 0.839635670185, 0.61105710268, 0.547206997871, 0.145886957645, 0.00355183961801, 0.000177665730007, 2.45724004344e-05, 9.86054328678e-06, 1.60511226568e-05],
        "dvar": [0.062861725688, 3.17392706871, 47.0120048523, 45.6861686707, 64.681602478, 205.196899414, 254.852539062, 276.979095459, 387.256134033, 459.37802124, 1319.32055664, 2830.86035156, 2669.24536133, 2091.97485352, 2588.1965332, 2886.37133789, 4556.99755859, 1243.83972168, 310.809020996, 199.242111206, 235.813095093, 124.914588928, 169.572250366, 120.498497009, 118.318389893, 78.6415939331, 43.2955551147, 20.9195251465, 15.6271018982, 6.5566573143, 6.71907377243, 1.64333581924, 0.727561712265, 0.658382534981, 0.0801299214363, 5.0456252211e-05, 1.46988512029e-07, 8.28360846583e-09, 4.69995431462e-10, 3.34847816141e-10],
        "dvar2": [0.164536356926, 8.44492340088, 106.403694153, 95.785369873, 157.185317993, 527.250732422, 580.438415527, 661.564208984, 894.205566406, 1042.93505859, 3110.66699219, 5885.62207031, 5832.26367188, 4511.37548828, 5745.54980469, 6366.52099609, 11317.8515625, 2715.20800781, 671.126464844, 448.259735107, 555.510009766, 255.059661865, 361.492706299, 254.204330444, 260.517822266, 163.408065796, 103.675201416, 46.2798194885, 32.7494888306, 12.935962677, 14.3558368683, 3.23120617867, 1.45223033428, 1.3967911005, 0.193681925535, 0.000123546429677, 2.77255509218e-07, 1.05866959643e-08, 5.87424775489e-10, 6.45165809665e-10],
        "max": [3.18727016449, 26.5510864258, 76.779800415, 91.1259307861, 98.2281570435, 122.916069031, 186.421554565, 179.057479858, 356.019683838, 371.098571777, 401.506378174, 689.422058105, 709.059753418, 629.23828125, 729.075866699, 794.549621582, 1105.72290039, 589.565307617, 232.024246216, 160.146194458, 191.859207153, 136.551849365, 201.244888306, 218.519699097, 191.988983154, 226.291137695, 105.783317566, 83.2420806885, 51.7191009521, 39.7566680908, 59.2464065552, 24.0663089752, 13.0072479248, 12.5389633179, 6.25903129578, 0.161076709628, 0.0084147779271, 0.00297346245497, 0.000688693427946, 0.0001864140213],
        "mean": [0.0577271319926, 0.571331858635, 2.02716684341, 4.0559053421, 5.42696666718, 10.1554660797, 13.9508619308, 16.6136493683, 19.9205818176, 26.8237438202, 41.7539863586, 76.20753479, 54.7230224609, 41.5036468506, 53.3612289429, 58.3205108643, 58.6658744812, 39.3383750916, 18.4055118561, 16.3799438477, 17.2472419739, 13.375120163, 17.0044307709, 13.6255903244, 14.03677845, 10.3021421432, 6.62998056412, 4.15614461899, 3.46246695518, 2.27029681206, 1.35597229004, 0.810618698597, 0.542015910149, 0.429374366999, 0.0939002037048, 0.00233137258328, 0.00013497339387, 2.0738443709e-05, 1.64961293194e-05, 2.98211089103e-05],
        "median": [0.00994515419006, 0.127934783697, 0.351812750101, 1.03650355339, 1.60775160789, 2.49247646332, 3.9520368576, 6.47014141083, 8.32517147064, 11.7305450439, 17.7552623749, 16.4479980469, 18.4802951813, 11.9318847656, 15.5342588425, 15.7502155304, 20.9111251831, 22.1379051208, 8.08651924133, 9.7694272995, 9.54138755798, 7.18075084686, 9.70220565796, 8.45826530457, 9.30359268188, 5.88158750534, 3.10583353043, 1.57813823223, 1.25548934937, 0.722652196884, 0.351302802563, 0.184819281101, 0.0889203101397, 0.0460799895227, 0.00786880496889, 0.000229122349992, 2.35518564295e-05, 5.30812576471e-06, 1.17517483886e-05, 2.39816872636e-05],
        "min": [1.69559625647e-05, 0.000473353284178, 0.00143450335599, 0.0185220204294, 0.0139699121937, 0.0113316904753, 0.0193756315857, 0.0245852917433, 0.0360921472311, 0.031369894743, 0.0204747375101, 0.0417578704655, 0.0852714627981, 0.0707106888294, 0.0311559569091, 0.0299788918346, 0.0612826533616, 0.0912762731314, 0.056343626231, 0.0348219834268, 0.0314824208617, 0.0362231060863, 0.0382716879249, 0.0134114529938, 0.0244941543788, 0.0304728373885, 0.00858934875578, 0.00316063477658, 0.000758108391892, 9.11199240363e-05, 6.52037761029e-06, 9.1013371275e-06, 6.48823515803e-06, 1.13552528092e-06, 5.17706723713e-07, 3.07950301703e-07, 1.81587580528e-07, 4.30810196406e-08, 1.97156069248e-07, 3.27385095034e-07],
        "var": [0.0493882521987, 2.68498921394, 53.3330345154, 68.6654815674, 82.8959884644, 283.053894043, 465.19140625, 586.264770508, 1147.75317383, 1551.12426758, 3447.68530273, 15666.3974609, 7908.59228516, 5436.24169922, 7602.33203125, 10976.7167969, 8742.30664062, 2662.32080078, 808.692993164, 401.926971436, 449.703582764, 279.961425781, 427.579162598, 261.29901123, 250.468536377, 172.33480835, 77.3682861328, 37.1710968018, 27.2477798462, 12.7094602585, 10.8050107956, 3.14231753349, 1.31557583809, 1.17168438435, 0.0888437181711, 5.37741980224e-05, 1.64574856854e-07, 8.46902725726e-09, 6.00972716036e-10, 7.01401048353e-10]
    },
    "gfcc": {
        "mean": [-39.1354141235, 138.263153076, -166.623291016, 40.695930481, -70.4777145386, 9.55203914642, -24.6342391968, -2.24734544754, -12.087931633, -13.0566720963, 3.12906527519, -20.1781864166, 0.828751027584],
        "cov": [[5279.94921875, -1154.56530762, 276.898193359, 283.409637451, -698.122375488, 379.631378174, -677.383666992, 167.128646851, -418.266571045, 59.7618408203, -72.8860092163, 80.9255752563, 198.18359375], [-1154.56530762, 998.329772949, 68.3781738281, -46.6175537109, 351.107391357, -288.957763672, 280.554962158, -208.017181396, 178.887496948, -31.5139770508, 89.7306671143, 30.0434055328, -9.37333011627], [276.898193359, 68.3781738281, 532.445617676, 234.069625854, -74.1997375488, 82.0243225098, -106.929763794, 27.3715667725, -110.361000061, 1.09510159492, -28.0886363983, 37.8923606873, 60.7086906433], [283.409637451, -46.6175537109, 234.069625854, 401.30569458, -23.6260089874, 43.9262046814, -1.14599609375, -28.8912277222, -3.83445429802, -39.3702430725, -31.3308048248, 0.859460055828, 10.7673473358], [-698.122375488, 351.107391357, -74.1997375488, -23.6260089874, 309.941070557, -64.6008377075, 186.224334717, -49.9777946472, 101.415840149, 2.23328852654, 23.2976074219, -13.2898683548, -41.5512886047], [379.631378174, -288.957763672, 82.0243225098, 43.9262046814, -64.6008377075, 223.844329834, -79.4547729492, 77.7998657227, -82.336730957, -1.78708827496, -5.48791885376, -4.62936401367, 20.1603717804], [-677.383666992, 280.554962158, -106.929763794, -1.14599609375, 186.224334717, -79.4547729492, 252.638397217, -68.4945373535, 137.460021973, -32.5523605347, 5.66577577591, -9.03072357178, -59.7251586914], [167.128646851, -208.017181396, 27.3715667725, -28.8912277222, -49.9777946472, 77.7998657227, -68.4945373535, 153.620910645, -28.130153656, 36.5039138794, -30.5937347412, -41.8220825195, 4.97072553635], [-418.266571045, 178.887496948, -110.361000061, -3.83445429802, 101.415840149, -82.336730957, 137.460021973, -28.130153656, 171.73991394, -8.35214710236, 9.48840904236, -36.0557670593, -53.5952377319], [59.7618408203, -31.5139770508, 1.09510159492, -39.3702430725, 2.23328852654, -1.78708827496, -32.5523605347, 36.5039138794, -8.35214710236, 88.5818328857, 21.376411438, 8.0951757431, -4.12181615829], [-72.8860092163, 89.7306671143, -28.0886363983, -31.3308048248, 23.2976074219, -5.48791885376, 5.66577577591, -30.5937347412, 9.48840904236, 21.376411438, 105.455451965, 40.7347717285, 13.9098367691], [80.9255752563, 30.0434055328, 37.8923606873, 0.859460055828, -13.2898683548, -4.62936401367, -9.03072357178, -41.8220825195, -36.0557670593, 8.0951757431, 40.7347717285, 111.263175964, 42.1042900085], [198.18359375, -9.37333011627, 60.7086906433, 10.7673473358, -41.5512886047, 20.1603717804, -59.7251586914, 4.97072553635, -53.5952377319, -4.12181615829, 13.9098367691, 42.1042900085, 89.8712387085]],
        "icov": [[0.00036396656651, -0.000146319565829, 0.000340881582815, -0.000387471838621, 0.000467244128231, -0.000456403475255, 0.000657732598484, 6.23553714831e-05, 0.000101485435152, -0.000346187618561, 0.000385306339012, -0.000252230762271, -0.000146480466356], [-0.000146319565829, 0.00948599353433, -0.0069543318823, 0.00426518497989, -0.00652473932132, 0.0081725968048, -0.00373851181939, 0.00611244374886, -0.00300281238742, 0.00246952124871, -0.00620478624478, 0.00443431874737, -0.00496840942651], [0.000340881582815, -0.0069543318823, 0.00848887208849, -0.00525282416493, 0.00467025721446, -0.00619852915406, 0.00359830842353, -0.00495153106749, 0.0035783611238, -0.0024523679167, 0.00527482572943, -0.00413272250444, 0.00277417642064], [-0.000387471838621, 0.00426518497989, -0.00525282416493, 0.00618210295215, -0.00291027640924, 0.00292539969087, -0.00230611395091, 0.0041293585673, -0.00288801710121, 0.0021044248715, -0.00220754137263, 0.00253463117406, -0.00212734634988], [0.000467244128231, -0.00652473932132, 0.00467025721446, -0.00291027640924, 0.0112258158624, -0.00596484448761, -0.0020782337524, -0.00331335817464, 0.0025005012285, -0.00415810011327, 0.0035116923973, -0.00150062912144, 0.00227338052355], [-0.000456403475255, 0.0081725968048, -0.00619852915406, 0.00292539969087, -0.00596484448761, 0.014585390687, -0.00392377143726, 0.000811863515992, 0.000807496311609, 0.00469388905913, -0.00768719334155, 0.00394486263394, -0.00294819683768], [0.000657732598484, -0.00373851181939, 0.00359830842353, -0.00230611395091, -0.0020782337524, -0.00392377143726, 0.0154449781403, -0.000975428323727, -0.00509879924357, 0.00240024947561, 0.00452134106308, -0.00567868538201, 0.00527276284993], [6.23553714831e-05, 0.00611244374886, -0.00495153106749, 0.0041293585673, -0.00331335817464, 0.000811863515992, -0.000975428323727, 0.0168828740716, -0.00390857458115, -0.00441352231428, -0.000304924411466, 0.00723210023716, -0.00582030881196], [0.000101485435152, -0.00300281238742, 0.0035783611238, -0.00288801710121, 0.0025005012285, 0.000807496311609, -0.00509879924357, -0.00390857458115, 0.0153114330024, -0.0011039437959, -0.00107848003972, 0.00212223804556, 0.00344756385311], [-0.000346187618561, 0.00246952124871, -0.0024523679167, 0.0021044248715, -0.00415810011327, 0.00469388905913, 0.00240024947561, -0.00441352231428, -0.0011039437959, 0.0179059915245, -0.00574187235907, -0.00219493219629, 0.00336914998479], [0.000385306339012, -0.00620478624478, 0.00527482572943, -0.00220754137263, 0.0035116923973, -0.00768719334155, 0.00452134106308, -0.000304924411466, -0.00107848003972, -0.00574187235907, 0.0180926602334, -0.00702656013891, 0.00115921674296], [-0.000252230762271, 0.00443431874737, -0.00413272250444, 0.00253463117406, -0.00150062912144, 0.00394486263394, -0.00567868538201, 0.00723210023716, 0.00212223804556, -0.00219493219629, -0.00702656013891, 0.0182585529983, -0.00854744203389], [-0.000146480466356, -0.00496840942651, 0.00277417642064, -0.00212734634988, 0.00227338052355, -0.00294819683768, 0.00527276284993, -0.00582030881196, 0.00344756385311, 0.00336914998479, 0.00115921674296, -0.00854744203389, 0.0208867117763]]
    },
    "melbands": {
        "dmean": [0.000535579340067, 0.000837535422761, 0.000581139524002, 0.000409534142818, 0.000344411266269, 0.000241038840613, 0.000159802119015, 0.000171266627149, 0.000174984103069, 0.000190878170542, 0.000131497625262, 9.63388883974e-05, 7.14517373126e-05, 7.86085001891e-05, 7.35061621526e-05, 7.72763814894e-05, 3.77047217626e-05, 1.76735138666e-05, 1.36365915751e-05, 1.6831976609e-05, 1.05149338196e-05, 8.34511774883e-06, 8.29063355923e-06, 7.42697739042e-06, 6.25203301752e-06, 6.02842646913e-06, 4.95056383443e-06, 3.97765688831e-06, 2.92227514365e-06, 1.83348311111e-06, 1.44177749917e-06, 1.40905774515e-06, 1.0924087519e-06, 7.61567150676e-07, 6.05417881161e-07, 4.54139183148e-07, 3.48940830008e-07, 3.04181583033e-07, 3.16633418151e-07, 3.25918705357e-07],
        "dmean2": [0.000886920897756, 0.00138778449036, 0.00084679434076, 0.000662987644318, 0.000498716253787, 0.000355885335011, 0.000251624122029, 0.000268775300356, 0.000275505881291, 0.000280070817098, 0.00020063498232, 0.000144703182741, 0.000104964849015, 0.000121504876006, 0.00011410490697, 0.000119542281027, 5.83044602536e-05, 2.6695048291e-05, 2.11685164686e-05, 2.67444338533e-05, 1.65545825439e-05, 1.26283048303e-05, 1.28757401399e-05, 1.12773241199e-05, 9.29095222091e-06, 9.06485456653e-06, 7.28699842512e-06, 5.7011188801e-06, 4.29074589192e-06, 2.67684026767e-06, 2.14005626731e-06, 2.06119875656e-06, 1.52298366629e-06, 1.12473969693e-06, 9.19185822568e-07, 6.95756398272e-07, 5.34707226052e-07, 4.79877826365e-07, 4.90056550007e-07, 5.00939108861e-07],
        "dvar": [4.63364222014e-06, 9.076276001e-06, 1.4034085325e-06, 4.45688243644e-07, 3.16363099273e-07, 1.31832351258e-07, 6.98902482554e-08, 8.22622112651e-08, 9.36462427603e-08, 1.34758764148e-07, 6.80616949467e-08, 3.64984948931e-08, 1.91118960657e-08, 2.99923890168e-08, 2.94150268587e-08, 3.47289415004e-08, 4.82302242588e-09, 1.14731080192e-09, 6.08402717095e-10, 6.68900101974e-10, 2.95034691122e-10, 1.92205501515e-10, 1.41608391679e-10, 1.20230367329e-10, 8.87913909065e-11, 8.61919910444e-11, 5.46682664415e-11, 3.57948184981e-11, 2.2718537121e-11, 9.99071225055e-12, 8.5119099269e-12, 6.32191911668e-12, 3.51548174252e-12, 1.89524502862e-12, 2.74809276897e-12, 1.21639590761e-12, 5.50499316271e-13, 4.20305663103e-13, 5.16232727139e-13, 5.86317127661e-13],
        "dvar2": [1.22512292364e-05, 2.12365612242e-05, 3.03543356495e-06, 1.05594415345e-06, 7.12672942882e-07, 3.13056204959e-07, 1.59917831866e-07, 1.96280339537e-07, 2.07087580861e-07, 2.78408208487e-07, 1.48560957314e-07, 8.0250629253e-08, 4.09486275998e-08, 7.03563074467e-08, 6.5908679403e-08, 8.24951484901e-08, 1.05630961755e-08, 2.36487740501e-09, 1.40112055291e-09, 1.62973168294e-09, 6.93958945863e-10, 3.87596676976e-10, 3.30653643354e-10, 2.68913280532e-10, 1.8854411088e-10, 2.00335623091e-10, 1.1255150284e-10, 7.77039682598e-11, 5.47280588903e-11, 2.29374279986e-11, 2.01158707747e-11, 1.39120694131e-11, 7.33903996603e-12, 3.90361831401e-12, 5.79753476129e-12, 2.56245393827e-12, 1.14184096206e-12, 8.89312115702e-13, 1.14851867166e-12, 1.26806193584e-12],
        "max": [0.0285306479782, 0.0314575470984, 0.0136723006144, 0.0063385902904, 0.00666756089777, 0.00415950408205, 0.0046154060401, 0.00468110339716, 0.00343890953809, 0.00464057549834, 0.00356118031777, 0.00278045609593, 0.00166961783543, 0.00242812512442, 0.00351402256638, 0.00305075827055, 0.00133742857724, 0.0005284435465, 0.00038087007124, 0.000300298532238, 0.000195889981114, 0.000190027189092, 0.000157120739459, 0.000134184170747, 0.000174211978447, 0.000154910201672, 0.000162185227964, 0.000140473319334, 7.30195752112e-05, 3.88282060158e-05, 6.336698425e-05, 3.44872314599e-05, 2.49915228778e-05, 2.47007410508e-05, 3.56643431587e-05, 2.12831491808e-05, 1.19391024782e-05, 8.83501252247e-06, 1.29025092974e-05, 1.12316247396e-05],
        "mean": [0.000590396753978, 0.000964509206824, 0.000735022418667, 0.000540195091162, 0.000499468238559, 0.000388834887417, 0.0002764655801, 0.000339805352269, 0.000330322480295, 0.000513470848091, 0.000262655637925, 0.00016306375619, 0.000147665836266, 0.000156170412083, 0.000165475241374, 0.000125484788441, 6.69127184665e-05, 3.0712406442e-05, 2.07438843063e-05, 2.78051538771e-05, 1.72064610524e-05, 1.36960325108e-05, 1.48049020936e-05, 1.34966867336e-05, 1.06303659777e-05, 1.02567146314e-05, 8.84466589923e-06, 6.57803821014e-06, 4.70779559691e-06, 2.8688027669e-06, 2.21224195229e-06, 2.06112576961e-06, 1.57864019457e-06, 1.0916987776e-06, 8.19332854007e-07, 5.90690376612e-07, 4.54957927332e-07, 3.80672815936e-07, 3.61879386901e-07, 3.75662864371e-07],
        "median": [0.000118658746942, 0.00019255609368, 0.000196843815502, 0.000133473411552, 0.000142180419061, 0.000162282114616, 0.000116462106234, 0.000126860599266, 0.000111826811917, 8.71879674378e-05, 8.27158510219e-05, 3.05665307678e-05, 3.0603405321e-05, 4.8626359785e-05, 2.56197563431e-05, 2.64470818365e-05, 2.86964605039e-05, 1.01004006865e-05, 7.01393037161e-06, 1.43088527693e-05, 8.31750912766e-06, 5.94475295657e-06, 9.21391801967e-06, 7.71020131651e-06, 5.69822259422e-06, 6.22031166131e-06, 5.31020623384e-06, 3.46816091223e-06, 2.2404876745e-06, 1.00738702713e-06, 7.98618600584e-07, 7.6689798334e-07, 5.04626655129e-07, 3.28109535985e-07, 2.0153666469e-07, 1.31664904757e-07, 8.78490311607e-08, 6.14135728938e-08, 3.60545016065e-08, 3.46383117744e-08],
        "min": [1.74731056291e-07, 1.30830676426e-06, 4.59738066638e-06, 1.41987152347e-06, 4.90514707963e-07, 6.84884241764e-07, 5.32327476321e-07, 1.93704664753e-07, 1.39696169299e-07, 2.21342347118e-07, 8.54949604445e-08, 1.5082891025e-07, 3.97848651801e-08, 4.69142555914e-08, 8.32350153246e-08, 6.08413159853e-08, 9.17823186342e-08, 6.62605392776e-09, 2.38163302413e-08, 7.54239515288e-09, 2.93243846983e-08, 6.57007959148e-09, 2.84813612694e-08, 9.55956203086e-09, 8.98928931292e-09, 1.15133520495e-08, 2.16051887492e-08, 1.90146796086e-08, 5.06236919051e-09, 9.48749967478e-10, 3.72872205334e-10, 2.35105018787e-10, 1.74027653399e-10, 5.92995054102e-13, 1.29037947862e-13, 9.53755236138e-14, 1.08887704897e-13, 1.35241088619e-13, 8.28487940144e-14, 9.37597777737e-14],
        "var": [3.7575296119e-06, 9.81575612968e-06, 2.05816695598e-06, 7.09517337327e-07, 5.77400896873e-07, 2.95868886724e-07, 2.06139134207e-07, 2.73802612583e-07, 2.69683425813e-07, 7.52265520987e-07, 2.042168461e-07, 9.50427505586e-08, 5.7247127927e-08, 8.01100625836e-08, 1.55444681127e-07, 6.78756606476e-08, 1.06350901419e-08, 3.43237971379e-09, 1.10051989743e-09, 1.32938016151e-09, 5.59717661108e-10, 4.33949182144e-10, 2.8376173633e-10, 2.89843399282e-10, 1.91479443412e-10, 1.54173035449e-10, 1.20333090714e-10, 7.70470701128e-11, 3.91058747884e-11, 1.77055540368e-11, 1.28232190491e-11, 1.00743111769e-11, 6.15416485134e-12, 3.36635905783e-12, 4.31779438592e-12, 2.04769296137e-12, 1.01454196606e-12, 6.89744377065e-13, 7.41287890446e-13, 1.01127396387e-12]
    },
    "mfcc": {
        "mean": [-659.300292969, 138.654693604, -22.9593067169, 24.6751499176, -12.2867012024, 1.51137638092, 1.23001229763, 1.84626173973, -3.94013786316, 2.28727865219, 2.74235463142, -0.401968181133, -0.522252321243],
        "cov": [[5460.14941406, -1175.13708496, 471.178070068, -212.994247437, -69.8512954712, -63.5553741455, -138.225189209, -131.814559937, -152.403289795, -221.882492065, -196.903640747, -177.16027832, -70.5285186768], [-1175.13708496, 1024.0222168, -215.163314819, 153.905929565, 19.5277137756, 25.0247039795, 6.46812725067, -24.9761505127, -7.42097377777, 11.2211761475, 24.3467521667, 26.1038608551, 99.6594924927], [471.178070068, -215.163314819, 562.202514648, 58.5743598938, 76.6458206177, 20.7435321808, 31.8749427795, 1.88455724716, 3.29230237007, -71.5786819458, -53.4337654114, -47.2749900818, -35.3272972107], [-212.994247437, 153.905929565, 58.5743598938, 335.972564697, 18.472612381, 90.3369522095, -2.63459992409, 33.2040748596, 20.6510848999, 28.4610271454, 24.5766201019, -13.8676404953, -11.4203538895], [-69.8512954712, 19.5277137756, 76.6458206177, 18.472612381, 136.257675171, 13.5612001419, 48.7495384216, -1.37255740166, 14.2923088074, -0.617009878159, -3.75022053719, -1.42065894604, 14.2857408524], [-63.5553741455, 25.0247039795, 20.7435321808, 90.3369522095, 13.5612001419, 140.582611084, 30.5999908447, 47.3478355408, -4.56194829941, 3.31019711494, -1.17783355713, -4.57527208328, -11.7975387573], [-138.225189209, 6.46812725067, 31.8749427795, -2.63459992409, 48.7495384216, 30.5999908447, 101.577934265, 19.99426651, 16.4396152496, -17.3602523804, 7.15402364731, 0.961277544498, 10.312338829], [-131.814559937, -24.9761505127, 1.88455724716, 33.2040748596, -1.37255740166, 47.3478355408, 19.99426651, 94.8443908691, 21.6789779663, 25.9359970093, 3.6278295517, 12.6859712601, -25.5506038666], [-152.403289795, -7.42097377777, 3.29230237007, 20.6510848999, 14.2923088074, -4.56194829941, 16.4396152496, 21.6789779663, 96.7347793579, 31.8535118103, 39.617023468, -4.26074504852, -33.0323028564], [-221.882492065, 11.2211761475, -71.5786819458, 28.4610271454, -0.617009878159, 3.31019711494, -17.3602523804, 25.9359970093, 31.8535118103, 130.59387207, 44.6827316284, 26.7253818512, -42.0356216431], [-196.903640747, 24.3467521667, -53.4337654114, 24.5766201019, -3.75022053719, -1.17783355713, 7.15402364731, 3.6278295517, 39.617023468, 44.6827316284, 97.8039855957, 31.0166950226, 1.0293418169], [-177.16027832, 26.1038608551, -47.2749900818, -13.8676404953, -1.42065894604, -4.57527208328, 0.961277544498, 12.6859712601, -4.26074504852, 26.7253818512, 31.0166950226, 96.6774673462, 36.9068756104], [-70.5285186768, 99.6594924927, -35.3272972107, -11.4203538895, 14.2857408524, -11.7975387573, 10.312338829, -25.5506038666, -33.0323028564, -42.0356216431, 1.0293418169, 36.9068756104, 145.720809937]],
