{
"lowlevel": {
    "average_loudness": 0.934591829777,
    "barkbands_crest": {
        "dmean": 2.41133379936,
        "dmean2": 4.0129070282,
        "dvar": 4.72706079483,
        "dvar2": 12.9149560928,
        "max": 20.2095336914,
        "mean": 7.61137342453,
        "median": 6.88996648788,
        "min": 2.44389843941,
        "var": 9.67912006378
    },
    "barkbands_flatness_db": {
        "dmean": 0.0190158430487,
        "dmean2": 0.0306165255606,
        "dvar": 0.000276009464869,
        "dvar2": 0.000704023928847,
        "max": 0.278477162123,
        "mean": 0.15255638957,
        "median": 0.149046510458,
        "min": 0.0823043063283,
        "var": 0.00092827831395
    },
    "barkbands_kurtosis": {
        "dmean": 1.21229994297,
        "dmean2": 2.02488970757,
        "dvar": 3.14710211754,
        "dvar2": 8.33563709259,
        "max": 20.7945671082,
        "mean": 0.409926950932,
        "median": -0.417158126831,
        "min": -1.79424715042,
        "var": 5.88927459717
    },
    "barkbands_skewness": {
        "dmean": 0.471398353577,
        "dmean2": 0.76109701395,
        "dvar": 0.200347930193,
        "dvar2": 0.502795934677,
        "max": 3.73783659935,
        "mean": 0.69085931778,
        "median": 0.639171481133,
        "min": -2.67101407051,
        "var": 0.740452826023
    },
    "barkbands_spread": {
        "dmean": 5.40728282928,
        "dmean2": 8.57771587372,
        "dvar": 28.6278457642,
        "dvar2": 70.1345367432,
        "max": 67.3023757935,
        "mean": 24.9956264496,
        "median": 24.5109024048,
        "min": 3.10252737999,
        "var": 88.5778579712
    },
    "dissonance": {
        "dmean": 0.0131974630058,
        "dmean2": 0.0230247378349,
        "dvar": 0.000180865987204,
        "dvar2": 0.000516774773132,
        "max": 0.499960124493,
        "mean": 0.477609038353,
        "median": 0.482197850943,
        "min": 0.349221557379,
        "var": 0.00031954003498
    },
    "dynamic_complexity": 2.76369667053,
    "erbbands_crest": {
        "dmean": 2.61471486092,
        "dmean2": 4.25127601624,
        "dvar": 6.02617168427,
        "dvar2": 14.4789047241,
        "max": 28.5815982819,
        "mean": 8.79684352875,
        "median": 7.5152554512,
        "min": 2.7971470356,
        "var": 20.4634017944
    },
    "erbbands_flatness_db": {
        "dmean": 0.0175288841128,
        "dmean2": 0.0258766952902,
        "dvar": 0.000283477042103,
        "dvar2": 0.000629333837423,
        "max": 0.335524410009,
        "mean": 0.210849016905,
        "median": 0.210246160626,
        "min": 0.120979093015,
        "var": 0.00122898526024
    },
    "erbbands_kurtosis": {
        "dmean": 0.96207010746,
        "dmean2": 1.58830332756,
        "dvar": 1.69054186344,
        "dvar2": 4.08962011337,
        "max": 21.8160648346,
        "mean": 0.509624779224,
        "median": -0.0260620117188,
        "min": -1.66399753094,
        "var": 3.82256627083
    },
    "erbbands_skewness": {
        "dmean": 0.361316770315,
        "dmean2": 0.568317115307,
        "dvar": 0.106886893511,
        "dvar2": 0.248025774956,
        "max": 2.60765695572,
        "mean": -0.353135794401,
        "median": -0.311057448387,
        "min": -4.17585754395,
        "var": 0.522019863129
    },
    "erbbands_spread": {
        "dmean": 6.92966461182,
        "dmean2": 11.0976400375,
        "dvar": 47.2175178528,
        "dvar2": 119.551963806,
        "max": 93.5420532227,
        "mean": 30.2875499725,
        "median": 28.6511745453,
        "min": 4.60714149475,
        "var": 174.37840271
    },
    "hfc": {
        "dmean": 6.57365608215,
        "dmean2": 9.30966663361,
        "dvar": 69.9562911987,
        "dvar2": 140.011993408,
        "max": 112.739746094,
        "mean": 20.5232219696,
        "median": 15.0148200989,
        "min": 0.000515646825079,
        "var": 318.02722168
    },
    "melbands_crest": {
        "dmean": 3.31060671806,
        "dmean2": 5.47649049759,
        "dvar": 7.82326889038,
        "dvar2": 20.5850448608,
        "max": 27.071264267,
        "mean": 11.3614473343,
        "median": 10.9100437164,
        "min": 3.42241740227,
        "var": 17.8348255157
    },
    "melbands_flatness_db": {
        "dmean": 0.0251519251615,
        "dmean2": 0.039183139801,
        "dvar": 0.000579502782784,
        "dvar2": 0.00142190943006,
        "max": 0.334587424994,
        "mean": 0.174012288451,
        "median": 0.168672055006,
        "min": 0.0501132793725,
        "var": 0.00235394202173
    },
    "melbands_kurtosis": {
        "dmean": 3.08857893944,
        "dmean2": 5.19237089157,
        "dvar": 20.1160373688,
        "dvar2": 52.85572052,
        "max": 46.2593841553,
        "mean": 4.2016210556,
        "median": 1.985435009,
        "min": -1.85806751251,
        "var": 42.7904167175
    },
    "melbands_skewness": {
        "dmean": 0.600274682045,
        "dmean2": 0.971185803413,
        "dvar": 0.347312361002,
        "dvar2": 0.884418725967,
        "max": 5.86638641357,
        "mean": 1.66395068169,
        "median": 1.56501448154,
        "min": -1.31518983841,
        "var": 1.22879743576
    },
    "melbands_spread": {
        "dmean": 9.10348320007,
        "dmean2": 14.8634843826,
        "dvar": 97.5124740601,
        "dvar2": 239.484527588,
        "max": 132.923126221,
        "mean": 33.6015853882,
        "median": 31.8308372498,
        "min": 3.83521676064,
        "var": 284.711212158
    },
    "pitch_salience": {
        "dmean": 0.0643416568637,
        "dmean2": 0.103164047003,
        "dvar": 0.00286192004569,
        "dvar2": 0.00767244910821,
        "max": 0.870386123657,
        "mean": 0.607032358646,
        "median": 0.611131906509,
        "min": 0.330261796713,
        "var": 0.00795701239258
    },
    "silence_rate_20dB": {
        "dmean": 0,
        "dmean2": 0,
        "dvar": 0,
        "dvar2": 0,
        "max": 1,
        "mean": 1,
        "median": 1,
        "min": 1,
        "var": 0
    },
    "silence_rate_30dB": {
        "dmean": 0,
        "dmean2": 0,
        "dvar": 0,
        "dvar2": 0,
        "max": 1,
        "mean": 1,
        "median": 1,
        "min": 1,
        "var": 0
    },
    "silence_rate_60dB": {
        "dmean": 0.0186046510935,
        "dmean2": 0.0372381694615,
        "dvar": 0.0182584170252,
        "dvar2": 0.0467129126191,
        "max": 1,
        "mean": 0.0395042598248,
        "median": 0,
        "min": 0,
        "var": 0.0379432849586
    },
    "spectral_centroid": {
        "dmean": 269.444915771,
        "dmean2": 433.378051758,
        "dvar": 77310.125,
        "dvar2": 186863.28125,
        "max": 3887.08154297,
        "mean": 1572.04882812,
        "median": 1595.90063477,
        "min": 359.224304199,
        "var": 261346.203125
    },
    "spectral_complexity": {
        "dmean": 4.63720941544,
        "dmean2": 6.96353769302,
        "dvar": 22.1179733276,
        "dvar2": 46.9971160889,
        "max": 56,
        "mean": 23.9116954803,
        "median": 23,
        "min": 0,
        "var": 125.1929245
    },
    "spectral_decrease": {
        "dmean": 1.84640502887e-09,
        "dmean2": 2.80922329843e-09,
        "dvar": 6.55581829043e-18,
        "dvar2": 1.47001476118e-17,
        "max": -1.49283038188e-13,
        "mean": -5.05083708191e-09,
        "median": -4.01927868765e-09,
        "min": -2.41512339016e-08,
        "var": 1.51876829017e-17
    },
    "spectral_energy": {
        "dmean": 0.00743339536712,
        "dmean2": 0.0112456688657,
        "dvar": 0.000102535661426,
        "dvar2": 0.000226673233556,
        "max": 0.0955160111189,
        "mean": 0.0209245234728,
        "median": 0.0166062638164,
        "min": 6.10197673723e-07,
        "var": 0.000256943952991
    },
    "spectral_energyband_high": {
        "dmean": 0.000238988359342,
        "dmean2": 0.00034645528649,
        "dvar": 2.58005428577e-07,
        "dvar2": 5.61540389299e-07,
        "max": 0.00834887940437,
        "mean": 0.000432366912719,
        "median": 0.000207676988794,
        "min": 1.72160028455e-08,
        "var": 4.14495161749e-07
    },
    "spectral_energyband_low": {
        "dmean": 0.00356032559648,
        "dmean2": 0.00593312038109,
        "dvar": 5.54798061785e-05,
        "dvar2": 0.000141201628139,
        "max": 0.0654572322965,
        "mean": 0.00490081449971,
        "median": 0.00259513710625,
        "min": 1.39498538942e-07,
        "var": 5.40737164556e-05
    },
    "spectral_energyband_middle_high": {
        "dmean": 0.00282486551441,
        "dmean2": 0.00413879146799,
        "dvar": 1.45293151945e-05,
        "dvar2": 2.87059920083e-05,
        "max": 0.0487503819168,
        "mean": 0.00805385876447,
        "median": 0.00490545248613,
        "min": 1.52667894326e-07,
        "var": 6.91261593602e-05
    },
    "spectral_energyband_middle_low": {
        "dmean": 0.00372257339768,
        "dmean2": 0.00596922636032,
        "dvar": 2.2684898795e-05,
        "dvar2": 5.46504998056e-05,
        "max": 0.0542264841497,
        "mean": 0.00839768256992,
        "median": 0.00647468911484,
        "min": 3.25645544308e-07,
        "var": 4.65668053948e-05
    },
    "spectral_entropy": {
        "dmean": 0.139687240124,
        "dmean2": 0.203070282936,
        "dvar": 0.0203289333731,
        "dvar2": 0.0462831407785,
        "max": 8.46936321259,
        "mean": 7.56882619858,
        "median": 7.59521961212,
        "min": 6.60974121094,
        "var": 0.0744708254933
    },
    "spectral_flux": {
        "dmean": 0.0212788358331,
        "dmean2": 0.0315136238933,
        "dvar": 0.000608543807175,
        "dvar2": 0.00110999215394,
        "max": 0.265104651451,
        "mean": 0.0836656242609,
        "median": 0.0762877166271,
        "min": 0.000781151524279,
        "var": 0.00175806297921
    },
    "spectral_kurtosis": {
        "dmean": 2.70648908615,
        "dmean2": 4.72950792313,
        "dvar": 8.29115772247,
        "dvar2": 24.2192974091,
        "max": 23.4285964966,
        "mean": 4.31948852539,
        "median": 3.48054933548,
        "min": -1.04468798637,
        "var": 11.2954654694
    },
    "spectral_rms": {
        "dmean": 0.000767139717937,
        "dmean2": 0.00112805888057,
        "dvar": 7.36080210118e-07,
        "dvar2": 1.52160316702e-06,
        "max": 0.0096533074975,
        "mean": 0.00420209020376,
        "median": 0.00402507558465,
        "min": 2.43990743911e-05,
        "var": 2.7566436529e-06
    },
    "spectral_rolloff": {
        "dmean": 435.788604736,
        "dmean2": 719.516174316,
        "dvar": 378409.03125,
        "dvar2": 834234.875,
        "max": 7924.21875,
        "mean": 1806.9543457,
        "median": 1851.85546875,
        "min": 172.265625,
        "var": 779982.3125
    },
    "spectral_skewness": {
        "dmean": 0.305374473333,
        "dmean2": 0.51740270853,
        "dvar": 0.0824028626084,
        "dvar2": 0.234828695655,
        "max": 2.97475218773,
        "mean": 1.22848463058,
        "median": 1.19148075581,
        "min": 0.0418157428503,
        "var": 0.161471575499
    },
    "spectral_spread": {
        "dmean": 353260.84375,
        "dmean2": 522863.375,
        "dvar": 314799095808,
        "dvar2": 436852293632,
        "max": 18627106,
        "mean": 2992151,
        "median": 2868062.75,
        "min": 1489308.125,
        "var": 766977048576
    },
    "spectral_strongpeak": {
        "dmean": 0.772449791431,
        "dmean2": 1.35268127918,
        "dvar": 1.51960098743,
        "dvar2": 3.63945221901,
        "max": 11.3138332367,
        "mean": 1.15673148632,
        "median": 0.417996883392,
        "min": 0.000475093373097,
        "var": 3.01538944244
    },
    "zerocrossingrate": {
        "dmean": 0.0079464931041,
        "dmean2": 0.00962811801583,
        "dvar": 8.42258305056e-05,
        "dvar2": 0.000109460568638,
        "max": 0.1875,
        "mean": 0.0612114071846,
        "median": 0.060546875,
        "min": 0.00732421875,
        "var": 0.000461273884866
    },
    "barkbands": {
        "dmean": [7.59492686484e-05, 0.00194487755653, 0.00159019429702, 0.00115326256491, 0.00175498507451, 0.000622574880254, 0.000840449356474, 0.000547841424122, 0.000761711329687, 0.00053825537907, 0.000534916238394, 0.000549295567907, 0.00057429948356, 0.000599472085014, 0.000554103695322, 0.000596552330535, 0.000505363452248, 0.000294080906315, 0.000204219162697, 0.000119643060316, 8.65084439283e-05, 6.22741063125e-05, 4.16448856413e-05, 2.33791797655e-05, 4.38836013927e-06, 3.27573346226e-09, 7.97714616585e-10],
        "dmean2": [0.000122992714751, 0.00330280535854, 0.00277622160502, 0.00203089835122, 0.00285374652594, 0.00106679520104, 0.00130213715602, 0.000890690949745, 0.00123858067673, 0.000883844972122, 0.000871887023095, 0.00087038584752, 0.000948466185946, 0.00100018887315, 0.000916277815122, 0.000947104126681, 0.000834004953504, 0.000474818312796, 0.000327432411723, 0.000188843347132, 0.000135957830935, 9.5936244179e-05, 6.00839266554e-05, 3.29739050358e-05, 6.79464392306e-06, 5.14947284813e-09, 1.47294276776e-09],
        "dvar": [2.70743232278e-08, 2.69698030024e-05, 9.06129389477e-06, 5.05538173456e-06, 5.87382419326e-06, 1.25449366806e-06, 3.40219094142e-06, 1.86607655905e-06, 2.49437175626e-06, 1.53801443048e-06, 1.82712653896e-06, 1.28842987124e-06, 1.43336262681e-06, 1.23040854305e-06, 1.25629310332e-06, 1.23188669932e-06, 9.22678339066e-07, 2.50767783427e-07, 1.11236275302e-07, 3.2888905821e-08, 3.10461345521e-08, 3.11148831145e-08, 1.85902386818e-08, 6.35027319618e-09, 1.06823015711e-10, 4.33153392461e-17, 1.64712432532e-18],
        "dvar2": [6.88200927357e-08, 7.09774758434e-05, 2.61578297795e-05, 1.41382597576e-05, 1.51019712575e-05, 3.45786202161e-06, 6.82657719153e-06, 4.53874463346e-06, 6.5812282628e-06, 3.89810247725e-06, 4.64890490548e-06, 2.76928153653e-06, 3.73158627553e-06, 3.12938914249e-06, 2.82270229945e-06, 2.72627949016e-06, 2.41873158302e-06, 5.72123326492e-07, 2.53322440358e-07, 8.15800547116e-08, 7.42598587067e-08, 7.39996650623e-08, 4.06522104868e-08, 1.18445280251e-08, 2.70757805065e-10, 1.06182190766e-16, 5.25384675962e-18],
        "max": [0.00271675270051, 0.0518238171935, 0.0289416871965, 0.0215434506536, 0.0231183171272, 0.0140860173851, 0.0293572489172, 0.024184178561, 0.0184062756598, 0.0198799222708, 0.019806239754, 0.0217195264995, 0.0152134550735, 0.0104074655101, 0.0169925764203, 0.0178192332387, 0.0120264794677, 0.00668839877471, 0.00593165541068, 0.00177784077823, 0.00250914483331, 0.00376160489395, 0.00341481855139, 0.00164211937226, 0.000154996901983, 8.48545482768e-08, 1.52298493816e-08],
        "mean": [8.65848269314e-05, 0.00209719641134, 0.00195522163995, 0.00145863532089, 0.00269223097712, 0.000887930742465, 0.00113960762974, 0.000773751467932, 0.001244753832, 0.000746381934732, 0.000726125959773, 0.000851558055729, 0.000850428652484, 0.000940327590797, 0.000897607184015, 0.00116361060645, 0.000940832018387, 0.000545887975022, 0.000365157757187, 0.000216878732317, 0.000144679564983, 9.94035799522e-05, 5.98059486947e-05, 3.43955034623e-05, 5.54705229661e-06, 4.25658530645e-09, 6.52302822868e-10],
        "median": [4.11509936384e-05, 0.000904019048903, 0.000954980379902, 0.000782356481068, 0.00156257895287, 0.000463019357994, 0.00040257856017, 0.000274468940916, 0.000482169562019, 0.000269071373623, 0.000248981174082, 0.000345827022102, 0.000291164178634, 0.000325614470057, 0.000343820895068, 0.000479185691802, 0.000388595712138, 0.00024453777587, 0.000204004216357, 0.000119315453048, 6.43231905997e-05, 3.80593228329e-05, 2.04388143175e-05, 1.11740691864e-05, 1.46220770603e-06, 1.56319202027e-09, 2.35356151235e-10],
        "min": [2.87509460684e-09, 4.37085283522e-08, 6.85047041316e-08, 7.18013026813e-08, 1.38142553396e-07, 6.29515568562e-08, 2.50515377331e-08, 1.64029021477e-08, 9.54159240507e-09, 7.14242620603e-09, 6.66898491986e-09, 1.47023948571e-08, 1.43550602516e-08, 1.32560167287e-08, 7.87742049368e-09, 2.00841476783e-08, 1.3019302969e-08, 2.3190889209e-08, 1.5587049873e-08, 5.10273556742e-09, 1.06479784989e-08, 1.95669036529e-09, 1.54877710656e-09, 1.03378805516e-09, 1.49109474767e-10, 1.16080435195e-11, 1.80548857115e-11],
        "var": [2.92518667067e-08, 2.13525509025e-05, 8.51761342346e-06, 4.71549174108e-06, 9.40116387937e-06, 1.52469840486e-06, 6.43165094516e-06, 2.63295510194e-06, 4.31436546933e-06, 2.48901005762e-06, 2.22596781896e-06, 2.47204525294e-06, 2.30953014579e-06, 2.41164093495e-06, 2.32599995798e-06, 3.49776451003e-06, 2.0276709165e-06, 6.57282043903e-07, 2.40376891725e-07, 6.88356038836e-08, 4.69511682866e-08, 3.81471991773e-08, 2.14583870672e-08, 8.59205506742e-09, 1.19697043943e-10, 5.40375157351e-17, 1.28643377018e-18]
    },
    "erbbands": {
        "dmean": [0.0502863638103, 0.467066317797, 1.55098676682, 3.12548685074, 5.07262802124, 6.43210792542, 4.31779575348, 5.69463300705, 10.6740903854, 11.2851963043, 13.7836151123, 16.3430843353, 13.9806003571, 21.0208263397, 18.6666221619, 22.441986084, 24.38580513, 27.1982460022, 26.5857105255, 28.4449100494, 35.1719398499, 25.4527854919, 16.7158679962, 11.1087322235, 9.37311935425, 5.54364728928, 3.90757584572, 3.15787243843, 2.38306975365, 1.62856996059, 1.1282658577, 0.623373091221, 0.326054662466, 0.0941042676568, 0.00280519854277, 0.000146500358824, 1.65398560057e-05, 3.78927370548e-06, 4.44933994004e-06, 8.85743156687e-06],
        "dmean2": [0.0860670134425, 0.797262072563, 2.6368522644, 5.56311988831, 8.59945297241, 10.5028543472, 7.23063611984, 9.67473602295, 16.5725421906, 17.776802063, 22.0976982117, 26.677406311, 23.2930145264, 33.855506897, 30.1405181885, 35.4564971924, 40.1480674744, 44.3822021484, 41.9257621765, 46.8792228699, 55.5225830078, 41.1829681396, 26.2867107391, 17.866689682, 14.963183403, 8.60865497589, 6.28785657883, 4.77250146866, 3.60876178741, 2.47574138641, 1.64942121506, 0.890266060829, 0.46357151866, 0.139340043068, 0.00419267034158, 0.000214028026676, 2.28731732932e-05, 5.14841076438e-06, 6.4053197093e-06, 1.32225377456e-05],
        "dvar": [0.0223954729736, 1.39512825012, 8.06491756439, 39.0242385864, 58.3855056763, 83.5788955688, 55.8532867432, 124.227546692, 679.851867676, 559.153320312, 1030.90893555, 1200.92199707, 719.666320801, 3738.87084961, 1284.59802246, 2722.26635742, 2482.22412109, 2668.52978516, 1898.68640137, 3301.67358398, 4456.83740234, 2537.72143555, 777.462158203, 311.58581543, 259.39932251, 74.3896713257, 54.4067573547, 52.6288642883, 38.8866539001, 28.8383541107, 12.7142286301, 5.74782276154, 0.864714324474, 0.0483455471694, 4.84398115077e-05, 1.31539806603e-07, 1.35463373852e-09, 6.09346739733e-11, 3.36363922826e-11, 1.37910252662e-10],
        "dvar2": [0.0598635450006, 3.66538453102, 22.3174781799, 111.655342102, 156.946502686, 207.426712036, 148.958206177, 351.433776855, 1338.87719727, 1153.71557617, 2464.27294922, 3157.06079102, 1836.99279785, 9132.46777344, 3101.12670898, 5864.69726562, 6500.37158203, 6373.21484375, 4201.73339844, 7770.79882812, 10165.8134766, 6913.52294922, 1792.23022461, 716.6640625, 604.448303223, 186.748916626, 136.066040039, 123.325843811, 90.6704025269, 71.7272796631, 26.9775657654, 11.5048885345, 1.62238359451, 0.111321955919, 0.000113573434646, 2.92500260457e-07, 2.67508060148e-09, 1.15882928253e-10, 6.97462435029e-11, 2.98978619639e-10],
        "max": [1.39956569672, 12.3850021362, 26.8067817688, 61.3275718689, 60.1630134583, 87.8156204224, 119.603240967, 158.60383606, 458.744171143, 376.303039551, 622.037658691, 441.336914062, 307.340087891, 938.546142578, 532.818054199, 1100.30407715, 676.458618164, 638.452636719, 664.547119141, 813.466125488, 1232.18786621, 734.167175293, 410.439453125, 223.551300049, 322.334259033, 92.2243423462, 79.3251190186, 135.100372314, 121.554397583, 107.041091919, 80.0370025635, 57.4665336609, 16.8256816864, 3.33771777153, 0.0906617566943, 0.00524740666151, 0.00064567400841, 0.000148114355397, 6.13377196714e-05, 0.000113047433842],
        "mean": [0.0537717416883, 0.509281039238, 2.08366751671, 3.86905670166, 6.74839496613, 9.9163274765, 6.49373006821, 8.14192199707, 15.0393800735, 15.6542863846, 22.5370674133, 26.0350265503, 21.1749382019, 29.9965877533, 29.9509124756, 36.0025749207, 39.1231575012, 46.7755661011, 46.1019248962, 50.9416694641, 74.1928787231, 49.6710929871, 32.65259552, 20.8774394989, 17.6149139404, 10.0852050781, 6.53277206421, 5.12921905518, 3.75238204002, 2.49981832504, 1.62696933746, 0.87849509716, 0.486660003662, 0.12885569036, 0.00378909846768, 0.00022104170057, 3.26833178406e-05, 8.58156363392e-06, 1.32064933496e-05, 2.58294458035e-05],
        "median": [0.0179055165499, 0.226062983274, 1.07820808887, 2.12597227097, 3.79111838341, 5.54658794403, 3.60413646698, 3.70216178894, 4.96154689789, 6.12622356415, 8.49959373474, 11.2786245346, 9.39360427856, 10.4512691498, 13.3875007629, 14.6678304672, 15.1010408401, 16.5452861786, 20.0246562958, 20.875579834, 31.6007938385, 23.6907863617, 15.6864881516, 11.2403898239, 10.109380722, 5.38458681107, 3.12093234062, 2.17226195335, 1.41522967815, 0.926153421402, 0.555528104305, 0.272452682257, 0.156938567758, 0.0373386777937, 0.00108160707168, 7.87241151556e-05, 1.7809572455e-05, 5.49894366486e-06, 1.0508187188e-05, 2.05366031878e-05],
        "min": [4.6607232207e-07, 1.32925588332e-05, 7.48901002225e-05, 0.0001546444837, 0.000466770929052, 0.000446775025921, 0.000119797230582, 0.000727369624656, 0.000496836961247, 0.000183022231795, 0.000464791723061, 0.000170658749994, 0.000171564810444, 0.000300902727759, 0.000375496165361, 0.000767934601754, 0.000591680291109, 0.00093229545746, 0.000263427384198, 0.000700996723026, 0.00108003942296, 0.000790509628132, 0.00132224976551, 0.000470572762424, 0.000652605900541, 0.000252018624451, 0.000320927822031, 0.000397830881411, 9.68523527263e-05, 5.29106910108e-05, 4.80064009025e-05, 1.75329514605e-05, 1.74462074938e-05, 5.0914241001e-06, 2.6357682259e-07, 4.37787726071e-08, 2.5389152114e-08, 9.93441240382e-09, 2.45548648081e-09, 1.03877706437e-09],
        "var": [0.0174189675599, 1.11593806744, 8.56889533997, 32.318069458, 66.3172149658, 145.672195435, 83.7079238892, 143.774368286, 1373.66247559, 837.823791504, 2059.98852539, 1838.40026855, 1061.96154785, 5196.98974609, 2289.71240234, 5010.18017578, 4370.55712891, 6350.07226562, 4648.93603516, 7222.81640625, 15114.5839844, 4992.14111328, 2149.60058594, 740.239624023, 539.950500488, 155.683319092, 85.7582550049, 74.8976211548, 49.9862213135, 29.7084102631, 15.2619352341, 6.89421653748, 1.29557847977, 0.0633012130857, 5.84700792388e-05, 1.71772953195e-07, 2.19109685951e-09, 1.12579313927e-10, 1.03268123219e-10, 3.85304732564e-10]
    },
    "gfcc": {
        "mean": [-33.3223609924, 145.514785767, -174.776016235, 56.7772636414, -58.2881202698, 10.9136266708, -29.9270648956, -9.31510639191, -2.11236286163, -25.745552063, 2.84986877441, -22.5098361969, 3.40780377388],
        "cov": [[3944.37939453, -831.251525879, -320.050231934, 208.339370728, -300.89175415, 316.867980957, -191.325744629, 41.9668464661, -30.0586662292, 32.3378334045, 13.3660230637, 4.17759370804, 17.5961399078], [-831.251525879, 713.22052002, 60.0629768372, -199.10244751, 292.435760498, -189.292541504, 154.335037231, -39.9475212097, 55.9695358276, -42.9783477783, 8.85577201843, -20.8842182159, -6.74848985672], [-320.050231934, 60.0629768372, 367.777160645, 143.094116211, -57.3537368774, 69.9585952759, 7.52743768692, 27.2631568909, -3.84988570213, 4.26407289505, -17.2359542847, -14.5388593674, -5.00764846802], [208.339370728, -199.10244751, 143.094116211, 285.829681396, -49.389213562, 51.4726982117, -29.6268291473, 12.5176076889, -8.93306732178, 17.3496303558, -18.8553104401, 9.45212459564, 11.5858259201], [-300.89175415, 292.435760498, -57.3537368774, -49.389213562, 308.053466797, -71.5181427002, 59.3880386353, -7.42174196243, 36.2133026123, -17.3326702118, -10.5313930511, -2.50473070145, 5.43149089813], [316.867980957, -189.292541504, 69.9585952759, 51.4726982117, -71.5181427002, 228.715194702, -8.15666866302, 9.45751190186, -15.8906431198, 5.46097660065, -7.96213579178, -3.2856259346, 3.23644733429], [-191.325744629, 154.335037231, 7.52743768692, -29.6268291473, 59.3880386353, -8.15666866302, 129.479675293, 6.70096921921, 12.7584409714, -9.39548301697, -0.418219953775, -3.73989987373, -11.781835556], [41.9668464661, -39.9475212097, 27.2631568909, 12.5176076889, -7.42174196243, 9.45751190186, 6.70096921921, 110.867912292, 31.6110591888, 11.0048551559, 9.84995746613, -5.92024040222, -0.355884373188], [-30.0586662292, 55.9695358276, -3.84988570213, -8.93306732178, 36.2133026123, -15.8906431198, 12.7584409714, 31.6110591888, 83.7272796631, 15.927822113, -6.23664140701, 1.67322397232, 2.89142036438], [32.3378334045, -42.9783477783, 4.26407289505, 17.3496303558, -17.3326702118, 5.46097660065, -9.39548301697, 11.0048551559, 15.927822113, 63.5303840637, 28.9865341187, -3.99403500557, -3.30413269997], [13.3660230637, 8.85577201843, -17.2359542847, -18.8553104401, -10.5313930511, -7.96213579178, -0.418219953775, 9.84995746613, -6.23664140701, 28.9865341187, 66.4825668335, 13.3641214371, -13.0972414017], [4.17759370804, -20.8842182159, -14.5388593674, 9.45212459564, -2.50473070145, -3.2856259346, -3.73989987373, -5.92024040222, 1.67322397232, -3.99403500557, 13.3641214371, 57.0211830139, 26.3533935547], [17.5961399078, -6.74848985672, -5.00764846802, 11.5858259201, 5.43149089813, 3.23644733429, -11.781835556, -0.355884373188, 2.89142036438, -3.30413269997, -13.0972414017, 26.3533935547, 59.922832489]],
        "icov": [[0.000439105613623, -0.000429897860158, 0.00105032871943, -0.000805344083346, 0.000557354243938, -0.000882015679963, 0.000637406657916, -0.000436175090726, 6.85761697241e-05, -1.32531113195e-05, 9.33017217903e-05, 7.97511675046e-05, 0.000167259495356], [-0.000429897860158, 0.0180694758892, -0.0129868416116, 0.011683575809, -0.0112445773557, 0.0112710306421, -0.0122393043712, 0.011196276173, -0.0101932249963, 0.0118940770626, -0.0149533161893, 0.0112610459328, -0.0101856477559], [0.00105032871943, -0.0129868416116, 0.0143088679761, -0.0110884038731, 0.00902788992971, -0.00975437369198, 0.0086395451799, -0.00888927653432, 0.00692546321079, -0.00764898117632, 0.010419819504, -0.00640609115362, 0.00726192351431], [-0.000805344083346, 0.011683575809, -0.0110884038731, 0.013240268454, -0.00766538083553, 0.00771931419149, -0.0073901899159, 0.00678997253999, -0.00507334060967, 0.0045441291295, -0.00632916018367, 0.0042973421514, -0.00584704708308], [0.000557354243938, -0.0112445773557, 0.00902788992971, -0.00766538083553, 0.0114001948386, -0.00647950265557, 0.00612225616351, -0.00638092588633, 0.00432670954615, -0.00585986021906, 0.00868143886328, -0.00567205669358, 0.0051490701735], [-0.000882015679963, 0.0112710306421, -0.00975437369198, 0.00771931419149, -0.00647950265557, 0.0129520976916, -0.00842407159507, 0.0067946058698, -0.00521847512573, 0.00638502091169, -0.00808400847018, 0.00656678946689, -0.0065585449338], [0.000637406657916, -0.0122393043712, 0.0086395451799, -0.0073901899159, 0.00612225616351, -0.00842407159507, 0.0176696013659, -0.00821728818119, 0.00606493279338, -0.00680501572788, 0.00987410824746, -0.00812962371856, 0.00897630117834], [-0.000436175090726, 0.011196276173, -0.00888927653432, 0.00678997253999, -0.00638092588633, 0.0067946058698, -0.00821728818119, 0.018235001713, -0.0115568041801, 0.00908986572176, -0.0134688233957, 0.0101875560358, -0.00832800939679], [6.85761697241e-05, -0.0101932249963, 0.00692546321079, -0.00507334060967, 0.00432670954615, -0.00521847512573, 0.00606493279338, -0.0115568041801, 0.0230947136879, -0.0148281836882, 0.0159226432443, -0.0111169004813, 0.00784234516323], [-1.32531113195e-05, 0.0118940770626, -0.00764898117632, 0.0045441291295, -0.00585986021906, 0.00638502091169, -0.00680501572788, 0.00908986572176, -0.0148281836882, 0.0342241600156, -0.0257184784859, 0.0164478011429, -0.0115243066102], [9.33017217903e-05, -0.0149533161893, 0.010419819504, -0.00632916018367, 0.00868143886328, -0.00808400847018, 0.00987410824746, -0.0134688233957, 0.0159226432443, -0.0257184784859, 0.0415728054941, -0.0234572961926, 0.0191105362028], [7.97511675046e-05, 0.0112610459328, -0.00640609115362, 0.0042973421514, -0.00567205669358, 0.00656678946689, -0.00812962371856, 0.0101875560358, -0.0111169004813, 0.0164478011429, -0.0234572961926, 0.0368193984032, -0.0213763304055], [0.000167259495356, -0.0101856477559, 0.00726192351431, -0.00584704708308, 0.0051490701735, -0.0065585449338, 0.00897630117834, -0.00832800939679, 0.00784234516323, -0.0115243066102, 0.0191105362028, -0.0213763304055, 0.0313963927329]]
    },
    "melbands": {
        "dmean": [0.000498482841067, 0.000722588796634, 0.000548514071852, 0.000441902084276, 0.000165394871146, 0.000126901068143, 0.000165900637512, 0.000119390599139, 0.000125897029648, 0.000100309996924, 7.07428334863e-05, 8.60246436787e-05, 6.92064568284e-05, 6.21279104962e-05, 5.74281330046e-05, 5.69541916775e-05, 5.41698173038e-05, 4.65309203719e-05, 4.31211810792e-05, 3.51759481418e-05, 4.57993046439e-05, 3.06108413497e-05, 1.89357288036e-05, 1.43884271893e-05, 9.27726068767e-06, 8.18678290671e-06, 5.71098553337e-06, 3.53885548066e-06, 2.63661149802e-06, 2.17715637518e-06, 1.82713426966e-06, 1.47827699948e-06, 1.0764011904e-06, 8.88273632427e-07, 7.19030367691e-07, 4.83355790948e-07, 3.57889234692e-07, 2.43126464738e-07, 1.85488488569e-07, 4.04086044625e-08],
        "dmean2": [0.000856666069012, 0.00120734365191, 0.0009661942604, 0.000720689247828, 0.000273597543128, 0.000214943182073, 0.00025591684971, 0.000186376215424, 0.000203101022635, 0.000165440986166, 0.000117636482173, 0.00014000813826, 0.000112004468974, 9.81101038633e-05, 9.39065866987e-05, 9.27864675759e-05, 9.01659732335e-05, 7.38804737921e-05, 7.20231910236e-05, 5.81256390433e-05, 7.31735126465e-05, 5.05917269038e-05, 3.08536691591e-05, 2.31250869547e-05, 1.51815911522e-05, 1.31909164338e-05, 9.27634391701e-06, 5.60082617085e-06, 4.28836165156e-06, 3.43149986293e-06, 2.78884408544e-06, 2.29532656704e-06, 1.64605467035e-06, 1.36095638936e-06, 1.07248467884e-06, 7.24437200006e-07, 5.14614896474e-07, 3.53389339125e-07, 2.72918327937e-07, 6.36619645888e-08],
        "dvar": [2.04290904549e-06, 1.87547914265e-06, 1.04418893443e-06, 3.84782055107e-07, 6.77090099543e-08, 5.76789815909e-08, 1.49233841285e-07, 6.06175518669e-08, 8.18883520992e-08, 4.9626965648e-08, 1.89072508761e-08, 6.07837620237e-08, 2.07817603126e-08, 1.57193102979e-08, 1.78549157681e-08, 1.58258970373e-08, 1.07686819462e-08, 6.12874773154e-09, 9.00968633033e-09, 4.81589479406e-09, 8.00440158599e-09, 4.03249833525e-09, 1.11656350832e-09, 7.04352298708e-10, 2.26802701619e-10, 2.00164468334e-10, 8.38900823807e-11, 3.39084003931e-11, 2.43589575594e-11, 1.69742917638e-11, 2.07277632558e-11, 1.59810758377e-11, 8.73839542392e-12, 9.30476615896e-12, 4.72192640891e-12, 3.6370537658e-12, 1.63514373482e-12, 5.33470620109e-13, 1.90276085361e-13, 9.36279557302e-15],
        "dvar2": [5.45255898032e-06, 4.89413105242e-06, 2.94327628581e-06, 9.77038553174e-07, 1.77909242893e-07, 1.5988830171e-07, 2.94307398008e-07, 1.27409393258e-07, 1.96266000785e-07, 1.33211443654e-07, 4.89608389387e-08, 1.4861858233e-07, 5.21209599924e-08, 3.34941070435e-08, 4.37250236018e-08, 3.98682331593e-08, 2.7173232553e-08, 1.44946472602e-08, 2.0728158745e-08, 1.10023679056e-08, 1.83663999564e-08, 1.09570654772e-08, 2.79827361283e-09, 1.66877933694e-09, 5.41173161839e-10, 4.84497442166e-10, 2.00503058601e-10, 8.74747635438e-11, 6.22317267163e-11, 4.12810827188e-11, 4.70306536771e-11, 3.70200779753e-11, 2.17709010542e-11, 2.29227175436e-11, 1.02834086732e-11, 7.54651896528e-12, 3.24021755607e-12, 1.00027007077e-12, 4.07228124919e-13, 2.38713637345e-14],
        "max": [0.012991710566, 0.012895995751, 0.00969799049199, 0.00512769352645, 0.0039846948348, 0.0033521829173, 0.00688665686175, 0.00501035014167, 0.00489002326503, 0.0031156593468, 0.00158386735711, 0.00354923517443, 0.00225489214063, 0.00236403848976, 0.00234296126291, 0.00187074101996, 0.00118687096983, 0.0013056389289, 0.00149230589159, 0.00108978629578, 0.00156294903718, 0.000935055781156, 0.000416633498389, 0.000343720457749, 0.000175438573933, 0.000230243356782, 0.000164352211868, 5.89662558923e-05, 5.29450953763e-05, 5.35642284376e-05, 8.73780300026e-05, 7.85915908637e-05, 5.76537240704e-05, 6.24024687568e-05, 4.68544894829e-05, 4.73414620501e-05, 2.93563698506e-05, 1.33412813739e-05, 7.490049029e-06, 1.04904654563e-06],
        "mean": [0.000528775155544, 0.000954024202656, 0.00073035643436, 0.000664909544867, 0.000261404144112, 0.00018024185556, 0.000233452781686, 0.000162199881743, 0.000207804027013, 0.000157433794811, 0.000103131686046, 0.000119218617328, 0.000102087564301, 9.7199328593e-05, 8.62682863954e-05, 8.77721904544e-05, 8.59201463754e-05, 7.43169730413e-05, 6.70868757879e-05, 6.35066098766e-05, 9.40250538406e-05, 5.49304750166e-05, 3.43370957125e-05, 2.48658052442e-05, 1.58503753482e-05, 1.39904213938e-05, 1.02935546238e-05, 5.80131563765e-06, 4.08475489166e-06, 3.49183460457e-06, 2.78190100289e-06, 2.2196475129e-06, 1.66648908362e-06, 1.26386646571e-06, 1.01477871794e-06, 6.40408416075e-07, 4.98389795212e-07, 3.58955588808e-07, 2.59862730445e-07, 4.91170091266e-08],
        "median": [0.000214767613215, 0.000498542038258, 0.000435201975051, 0.000376791373128, 0.000154664186994, 8.42780136736e-05, 7.98854962341e-05, 6.29575879429e-05, 7.57480956963e-05, 6.74862531014e-05, 4.27594677603e-05, 4.01692232117e-05, 4.2005929572e-05, 4.02750192734e-05, 3.49772308255e-05, 3.01434301946e-05, 2.83236004179e-05, 3.06143629132e-05, 2.51990568358e-05, 2.70747896138e-05, 3.53641080437e-05, 2.2257461751e-05, 1.60040126502e-05, 1.06785873868e-05, 8.01011447038e-06, 7.60578632253e-06, 5.72891258344e-06, 2.7606565709e-06, 1.82058204246e-06, 1.43628119531e-06, 1.10298128675e-06, 7.97500604222e-07, 6.24038079877e-07, 4.52359216752e-07, 3.39574000918e-07, 2.07195157031e-07, 1.51769540935e-07, 1.17472765737e-07, 7.39270049621e-08, 1.32060016256e-08],
        "min": [8.14189782261e-09, 3.20695292544e-08, 3.68179300381e-08, 3.69610120288e-08, 6.32070840112e-09, 1.52690500244e-08, 6.78189326919e-09, 1.84128889913e-09, 3.94874044574e-09, 9.36599131585e-10, 8.27398594083e-10, 1.17793885757e-09, 1.06527431321e-09, 1.9259889239e-09, 1.42604128506e-09, 1.95592853025e-09, 1.58847168752e-09, 3.27692151192e-10, 7.37387095828e-10, 1.27876742528e-09, 1.10786946284e-09, 6.03761041162e-10, 1.15248444121e-09, 1.10259934516e-09, 2.11536288486e-10, 5.99856497807e-10, 2.56089954798e-10, 1.34610864122e-10, 1.67728275713e-10, 2.67709104884e-10, 1.92348831307e-10, 4.03472810717e-11, 4.42956574198e-11, 2.5863634151e-11, 2.68135062764e-11, 1.72134077825e-11, 1.054852386e-11, 9.86124029656e-12, 1.35511281016e-11, 1.11157372369e-12],
        "var": [1.5599124481e-06, 1.95099642042e-06, 9.28870292682e-07, 6.1907331883e-07, 1.10797749642e-07, 6.84556908936e-08, 2.99911192769e-07, 9.03496228943e-08, 1.78697035835e-07, 6.79427429873e-08, 2.70289053361e-08, 8.71619434406e-08, 3.20877724391e-08, 3.18616919515e-08, 2.65410537992e-08, 2.86857986254e-08, 2.25440786039e-08, 1.30800330567e-08, 1.53653765267e-08, 1.03388080319e-08, 2.91827504384e-08, 7.39708472253e-09, 2.47296161326e-09, 1.59048729742e-09, 4.70043448608e-10, 3.60951130096e-10, 1.80607459543e-10, 6.15150499983e-11, 3.57473356472e-11, 2.77247426406e-11, 2.8284815462e-11, 2.02582169789e-11, 9.92490291341e-12, 9.29200379834e-12, 5.58357179936e-12, 4.10622837815e-12, 2.02803095498e-12, 7.87568035961e-13, 2.69321430392e-13, 9.95906611031e-15]
    },
    "mfcc": {
        "mean": [-641.537109375, 137.075271606, -32.3859786987, 28.9143676758, 4.03710746765, 8.65057945251, -5.447245121, 7.79207468033, -2.6603474617, 2.83907675743, -5.45001459122, 0.659802734852, -4.13319778442],
        "cov": [[4303.38623047, -1032.72106934, -137.395477295, -167.040039062, -83.6407852173, 122.001342773, -92.1057434082, 24.5374355316, -69.9324874878, 5.02876758575, 19.4152240753, -30.0557403564, -62.836265564], [-1032.72106934, 976.559692383, -259.822021484, 30.966714859, 56.0523910522, -65.8671340942, 53.5945243835, 9.3037481308, 40.8150939941, 12.9137306213, 1.61587798595, 21.1216449738, 31.6771583557], [-137.395477295, -259.822021484, 514.638793945, 26.9822368622, -27.7625389099, 50.383846283, 10.8161487579, 16.1283588409, 6.9056687355, 2.73289990425, 7.68953800201, 5.25438785553, -6.76286554337], [-167.040039062, 30.966714859, 26.9822368622, 249.601470947, 37.602432251, -15.4850292206, -4.79823493958, -4.84530258179, 17.0889072418, -3.8903195858, -11.3805446625, 5.50608062744, 22.6518363953], [-83.6407852173, 56.0523910522, -27.7625389099, 37.602432251, 157.639846802, 12.6649236679, 4.62275695801, 2.60707116127, 28.5273551941, 8.86958694458, -4.18926048279, 1.17340195179, 16.6448135376], [122.001342773, -65.8671340942, 50.383846283, -15.4850292206, 12.6649236679, 153.906692505, 23.0242080688, 10.0680370331, 7.33825397491, -5.41525793076, -14.1768865585, -0.702399015427, -21.4672698975], [-92.1057434082, 53.5945243835, 10.8161487579, -4.79823493958, 4.62275695801, 23.0242080688, 100.154785156, 18.3811855316, -1.92463231087, 1.44569814205, 13.6291246414, 1.70153462887, 4.91336345673], [24.5374355316, 9.3037481308, 16.1283588409, -4.84530258179, 2.60707116127, 10.0680370331, 18.3811855316, 85.9178314209, 25.3897304535, 6.57735586166, -3.45140767097, 3.32639908791, 4.40461921692], [-69.9324874878, 40.8150939941, 6.9056687355, 17.0889072418, 28.5273551941, 7.33825397491, -1.92463231087, 25.3897304535, 94.372428894, 16.7238636017, -12.0813026428, 4.6442399025, 4.54141569138], [5.02876758575, 12.9137306213, 2.73289990425, -3.8903195858, 8.86958694458, -5.41525793076, 1.44569814205, 6.57735586166, 16.7238636017, 78.0835952759, 24.5296115875, -0.423258692026, -3.2285015583], [19.4152240753, 1.61587798595, 7.68953800201, -11.3805446625, -4.18926048279, -14.1768865585, 13.6291246414, -3.45140767097, -12.0813026428, 24.5296115875, 77.3918457031, 13.4810791016, -0.300964742899], [-30.0557403564, 21.1216449738, 5.25438785553, 5.50608062744, 1.17340195179, -0.702399015427, 1.70153462887, 3.32639908791, 4.6442399025, -0.423258692026, 13.4810791016, 58.724861145, 19.6788902283], [-62.836265564, 31.6771583557, -6.76286554337, 22.6518363953, 16.6448135376, -21.4672698975, 4.91336345673, 4.40461921692, 4.54141569138, -3.2285015583, -0.300964742899, 19.6788902283, 65.7257843018]],
