{
"lowlevel": {
    "average_loudness": 0.702883481979,
    "barkbands_crest": {
        "dmean": 2.27280902863,
        "dmean2": 3.73413300514,
        "dvar": 4.05913209915,
        "dvar2": 10.7746992111,
        "max": 22.2773647308,
        "mean": 9.21526527405,
        "median": 8.71943473816,
        "min": 2.70777893066,
        "var": 11.2119970322
    },
    "barkbands_flatness_db": {
        "dmean": 0.0229397378862,
        "dmean2": 0.0373972989619,
        "dvar": 0.000485879310872,
        "dvar2": 0.00111074827146,
        "max": 0.428193062544,
        "mean": 0.219458177686,
        "median": 0.220729038119,
        "min": 0.0851837620139,
        "var": 0.00266747479327
    },
    "barkbands_kurtosis": {
        "dmean": 2.43167471886,
        "dmean2": 3.84397339821,
        "dvar": 14.5683822632,
        "dvar2": 36.310333252,
        "max": 79.460395813,
        "mean": 3.25601005554,
        "median": 0.893524169922,
        "min": -1.81594383717,
        "var": 36.6459274292
    },
    "barkbands_skewness": {
        "dmean": 0.543668150902,
        "dmean2": 0.827469110489,
        "dvar": 0.30592867732,
        "dvar2": 0.656811058521,
        "max": 7.600045681,
        "mean": 1.22488820553,
        "median": 1.0269639492,
        "min": -3.11433386803,
        "var": 1.50160372257
    },
    "barkbands_spread": {
        "dmean": 2.90151119232,
        "dmean2": 4.56928682327,
        "dvar": 10.8289804459,
        "dvar2": 25.7811412811,
        "max": 60.8697090149,
        "mean": 13.0522193909,
        "median": 11.7588949203,
        "min": 1.58204507828,
        "var": 56.4618110657
    },
    "dissonance": {
        "dmean": 0.0257751941681,
        "dmean2": 0.0422630049288,
        "dvar": 0.000781376031227,
        "dvar2": 0.00204635388218,
        "max": 0.499859422445,
        "mean": 0.44647064805,
        "median": 0.45952630043,
        "min": 0.145895257592,
        "var": 0.00197785859928
    },
    "dynamic_complexity": 3.90976023674,
    "erbbands_crest": {
        "dmean": 2.6852478981,
        "dmean2": 4.03871107101,
        "dvar": 6.32704210281,
        "dvar2": 13.1219129562,
        "max": 32.2502250671,
        "mean": 10.7821207047,
        "median": 9.58682060242,
        "min": 2.65351223946,
        "var": 29.5697345734
    },
    "erbbands_flatness_db": {
        "dmean": 0.0190835986286,
        "dmean2": 0.0254700761288,
        "dvar": 0.000499480578583,
        "dvar2": 0.000748930964619,
        "max": 0.469030022621,
        "mean": 0.243257403374,
        "median": 0.238767147064,
        "min": 0.131246939301,
        "var": 0.00386461778544
    },
    "erbbands_kurtosis": {
        "dmean": 0.894760727882,
        "dmean2": 1.37815451622,
        "dvar": 1.374371171,
        "dvar2": 3.05199289322,
        "max": 17.744977951,
        "mean": 0.651042997837,
        "median": 0.266011238098,
        "min": -1.728256464,
        "var": 3.25143718719
    },
    "erbbands_skewness": {
        "dmean": 0.337986320257,
        "dmean2": 0.507880747318,
        "dvar": 0.102408520877,
        "dvar2": 0.221573725343,
        "max": 2.69254684448,
        "mean": 0.0396771207452,
        "median": 0.0944125503302,
        "min": -3.95867419243,
        "var": 0.468666285276
    },
    "erbbands_spread": {
        "dmean": 5.80699729919,
        "dmean2": 8.52194786072,
        "dvar": 46.831363678,
        "dvar2": 94.1217803955,
        "max": 87.0806503296,
        "mean": 25.3770694733,
        "median": 19.9105968475,
        "min": 2.8450858593,
        "var": 260.2371521
    },
    "hfc": {
        "dmean": 4.55290842056,
        "dmean2": 7.1167345047,
        "dvar": 65.3156890869,
        "dvar2": 162.067443848,
        "max": 189.88331604,
        "mean": 14.7973384857,
        "median": 10.7432451248,
        "min": 0.000272778328508,
        "var": 229.685516357
    },
    "melbands_crest": {
        "dmean": 3.09154868126,
        "dmean2": 5.20102596283,
        "dvar": 7.58307743073,
        "dvar2": 20.6259803772,
        "max": 29.5410747528,
        "mean": 12.6946926117,
        "median": 12.1544189453,
        "min": 3.85269451141,
        "var": 19.7426548004
    },
    "melbands_flatness_db": {
        "dmean": 0.0258280429989,
        "dmean2": 0.0403740368783,
        "dvar": 0.000709431478754,
        "dvar2": 0.00154746102635,
        "max": 0.487334638834,
        "mean": 0.2725020051,
        "median": 0.279384046793,
        "min": 0.0386560708284,
        "var": 0.00494014937431
    },
    "melbands_kurtosis": {
        "dmean": 5.37233543396,
        "dmean2": 8.53071784973,
        "dvar": 76.5416793823,
        "dvar2": 187.51210022,
        "max": 178.118713379,
        "mean": 8.79407310486,
        "median": 3.12032222748,
        "min": -1.88669621944,
        "var": 192.642715454
    },
    "melbands_skewness": {
        "dmean": 0.6967882514,
        "dmean2": 1.07765746117,
        "dvar": 0.548501551151,
        "dvar2": 1.21648955345,
        "max": 10.1117334366,
        "mean": 2.02717041969,
        "median": 1.65872716904,
        "min": -1.45988929272,
        "var": 2.49715328217
    },
    "melbands_spread": {
        "dmean": 4.16797494888,
        "dmean2": 6.54102468491,
        "dvar": 33.0437316895,
        "dvar2": 70.6774597168,
        "max": 164.309829712,
        "mean": 16.6095104218,
        "median": 14.8782110214,
        "min": 1.24196767807,
        "var": 137.802520752
    },
    "pitch_salience": {
        "dmean": 0.070186458528,
        "dmean2": 0.116017147899,
        "dvar": 0.00362103316002,
        "dvar2": 0.0103086661547,
        "max": 0.826413393021,
        "mean": 0.564444363117,
        "median": 0.571031212807,
        "min": 0.199577987194,
        "var": 0.00835578143597
    },
    "silence_rate_20dB": {
        "dmean": 0,
        "dmean2": 0,
        "dvar": 0,
        "dvar2": 0,
        "max": 1,
        "mean": 1,
        "median": 1,
        "min": 1,
        "var": 0
    },
    "silence_rate_30dB": {
        "dmean": 0.0061919502914,
        "dmean2": 0.0123886950314,
        "dvar": 0.0061535644345,
        "dvar2": 0.01765499264,
        "max": 1,
        "mean": 0.9957447052,
        "median": 1,
        "min": 0,
        "var": 0.00423722201958
    },
    "silence_rate_60dB": {
        "dmean": 0.0239938087761,
        "dmean2": 0.048006195575,
        "dvar": 0.0234183389693,
        "dvar2": 0.0503470674157,
        "max": 1,
        "mean": 0.105996131897,
        "median": 0,
        "min": 0,
        "var": 0.094757296145
    },
    "spectral_centroid": {
        "dmean": 138.941635132,
        "dmean2": 218.251815796,
        "dvar": 32233.4550781,
        "dvar2": 70751,
        "max": 4186.87646484,
        "mean": 803.413635254,
        "median": 720.294555664,
        "min": 207.485687256,
        "var": 196837.28125
    },
    "spectral_complexity": {
        "dmean": 2.97678017616,
        "dmean2": 4.71931838989,
        "dvar": 15.3204288483,
        "dvar2": 33.2040367126,
        "max": 51,
        "mean": 15.644487381,
        "median": 14,
        "min": 0,
        "var": 83.7405548096
    },
    "spectral_decrease": {
        "dmean": 3.45041906158e-09,
        "dmean2": 5.6497362344e-09,
        "dvar": 3.19180377935e-17,
        "dvar2": 8.29836391715e-17,
        "max": -7.74897046486e-14,
        "mean": -7.36500105347e-09,
        "median": -5.71133362826e-09,
        "min": -4.90237646034e-08,
        "var": 4.79864016954e-17
    },
    "spectral_energy": {
        "dmean": 0.0133821470663,
        "dmean2": 0.0218863133341,
        "dvar": 0.000476199784316,
        "dvar2": 0.00123816134874,
        "max": 0.189543485641,
        "mean": 0.0291394293308,
        "median": 0.0226002391428,
        "min": 3.17205604006e-07,
        "var": 0.000733253138606
    },
    "spectral_energyband_high": {
        "dmean": 0.000115542046842,
        "dmean2": 0.000173287073267,
        "dvar": 3.79508009019e-07,
        "dvar2": 7.99873930646e-07,
        "max": 0.026326674968,
        "mean": 0.000280160602415,
        "median": 2.26493120863e-05,
        "min": 1.8354189002e-10,
        "var": 1.38228108426e-06
    },
    "spectral_energyband_low": {
        "dmean": 0.00849604047835,
        "dmean2": 0.0143495928496,
        "dvar": 0.000249496952165,
        "dvar2": 0.000669214001391,
        "max": 0.148074880242,
        "mean": 0.0116484835744,
        "median": 0.00523187406361,
        "min": 2.99184570451e-08,
        "var": 0.00029499019729
    },
    "spectral_energyband_middle_high": {
        "dmean": 0.00187966378871,
        "dmean2": 0.00275132060051,
        "dvar": 6.56170595903e-06,
        "dvar2": 1.50196046889e-05,
        "max": 0.0442437641323,
        "mean": 0.00600342452526,
        "median": 0.00372247793712,
        "min": 9.71957234697e-08,
        "var": 3.92084511986e-05
    },
    "spectral_energyband_middle_low": {
        "dmean": 0.00771079398692,
        "dmean2": 0.0126057509333,
        "dvar": 0.000190961320186,
        "dvar2": 0.000485909753479,
        "max": 0.128948047757,
        "mean": 0.0144379064441,
        "median": 0.00975192897022,
        "min": 1.48683852785e-07,
        "var": 0.000252681842539
    },
    "spectral_entropy": {
        "dmean": 0.188304752111,
        "dmean2": 0.274404317141,
        "dvar": 0.0506233051419,
        "dvar2": 0.0951350256801,
        "max": 8.22381591797,
        "mean": 7.04484033585,
        "median": 7.09375858307,
        "min": 4.86908197403,
        "var": 0.308745115995
    },
    "spectral_flux": {
        "dmean": 0.0286103058606,
        "dmean2": 0.0456009060144,
        "dvar": 0.00176417012699,
        "dvar2": 0.00369488424622,
        "max": 0.362594336271,
        "mean": 0.0842289030552,
        "median": 0.0742400735617,
        "min": 0.000829080701806,
        "var": 0.00353550235741
    },
    "spectral_kurtosis": {
        "dmean": 7.27169656754,
        "dmean2": 12.321814537,
        "dvar": 95.9935684204,
        "dvar2": 252.02696228,
        "max": 101.26146698,
        "mean": 12.6437768936,
        "median": 7.07636928558,
        "min": -0.627427101135,
        "var": 207.025344849
    },
    "spectral_rms": {
        "dmean": 0.00105040229391,
        "dmean2": 0.00166080810595,
        "dvar": 2.01249213205e-06,
        "dvar2": 5.0026583267e-06,
        "max": 0.0135985463858,
        "mean": 0.00477156369016,
        "median": 0.00469563761726,
        "min": 1.7591728465e-05,
        "var": 5.66084963793e-06
    },
    "spectral_rolloff": {
        "dmean": 222.12310791,
        "dmean2": 373.943328857,
        "dvar": 139977.1875,
        "dvar2": 286220.3125,
        "max": 7192.08984375,
        "mean": 944.275939941,
        "median": 904.39453125,
        "min": 107.666015625,
        "var": 596154.5625
    },
    "spectral_skewness": {
        "dmean": 0.57270437479,
        "dmean2": 0.944111943245,
        "dvar": 0.432890087366,
        "dvar2": 1.06007874012,
        "max": 7.13946199417,
        "mean": 2.2360804081,
        "median": 1.95477247238,
        "min": 0.278530776501,
        "var": 1.40982913971
    },
    "spectral_spread": {
        "dmean": 313876.84375,
        "dmean2": 472990.46875,
        "dvar": 126230659072,
        "dvar2": 242857607168,
        "max": 6741411,
        "mean": 2661735.25,
        "median": 2634493.25,
        "min": 737989.1875,
        "var": 1.03949952614e+12
    },
    "spectral_strongpeak": {
        "dmean": 0.520529091358,
        "dmean2": 0.873913049698,
        "dvar": 0.595502614975,
        "dvar2": 1.42617714405,
        "max": 8.83303356171,
        "mean": 0.928831517696,
        "median": 0.526312291622,
        "min": 0.00387849356048,
        "var": 1.12714111805
    },
    "zerocrossingrate": {
        "dmean": 0.00485276710242,
        "dmean2": 0.00596920540556,
        "dvar": 4.01002580475e-05,
        "dvar2": 4.26777478424e-05,
        "max": 0.248046875,
        "mean": 0.0353281386197,
        "median": 0.0322265625,
        "min": 0.0078125,
        "var": 0.000431141408626
    },
    "barkbands": {
        "dmean": [0.000133055465994, 0.00294970022514, 0.00442256871611, 0.00406663957983, 0.00270903971978, 0.00137464189902, 0.000559235049877, 0.000815240491647, 0.000482446164824, 0.000872139760759, 0.000927477783989, 0.000320642458973, 0.000265772046987, 0.000525651907083, 0.000138570816489, 8.64854009706e-05, 7.95354353613e-05, 7.21902470104e-05, 5.28385244252e-05, 6.20925493422e-05, 4.00643548346e-05, 3.63160615962e-05, 2.34039089264e-05, 1.05294484456e-05, 1.4480375512e-06, 1.86686022197e-09, 1.11458908769e-09],
        "dmean2": [0.000220641784836, 0.00499376188964, 0.00766328070313, 0.00696740439162, 0.00452652247623, 0.00243687652983, 0.00087463989621, 0.00124882918317, 0.000755355402362, 0.00129803759046, 0.00125972216483, 0.000485593394842, 0.000432842702139, 0.000855657446664, 0.000231323458138, 0.000146950493217, 0.000134306945256, 0.000118568386824, 8.48254567245e-05, 0.000103049715108, 6.42740269541e-05, 5.65177215321e-05, 3.63200451829e-05, 1.50815048983e-05, 2.15079126065e-06, 3.10287862071e-09, 2.08787787059e-09],
        "dvar": [8.88382487574e-08, 2.91512478725e-05, 8.78890059539e-05, 5.8981760958e-05, 2.0728995878e-05, 2.14136489376e-05, 1.4188684645e-06, 2.53982511822e-06, 6.2408417989e-07, 2.87851275971e-06, 2.3601517114e-06, 3.96878931497e-07, 2.18519843997e-07, 1.11203416964e-06, 8.41281533326e-08, 2.17263327329e-08, 2.88401746928e-08, 4.01167312702e-08, 1.99574348159e-08, 9.5620691809e-08, 2.33702159846e-08, 3.3210511674e-08, 4.15454053382e-08, 4.02196453919e-09, 7.19422021955e-11, 2.64837076689e-17, 3.52872271465e-18],
        "dvar2": [2.32918907273e-07, 8.06657626526e-05, 0.000247278338065, 0.000153788452735, 5.60477601539e-05, 6.0522757849e-05, 2.9775103485e-06, 6.11262612438e-06, 1.50685104927e-06, 6.15036060481e-06, 4.08692540077e-06, 9.55696918936e-07, 5.15261717737e-07, 3.0484711715e-06, 2.29587470812e-07, 6.0075365127e-08, 8.00938977363e-08, 9.79923413524e-08, 4.73091539277e-08, 2.51921505878e-07, 5.56797417062e-08, 7.33738403369e-08, 9.14645568173e-08, 8.55248405429e-09, 1.70863406757e-10, 5.61640481975e-17, 1.1333858354e-17],
        "max": [0.0050736265257, 0.0645290464163, 0.0924599766731, 0.0938609689474, 0.0516652688384, 0.0591375604272, 0.0324937403202, 0.0401725508273, 0.0108070727438, 0.0282564405352, 0.0247003734112, 0.0121661648154, 0.00752239162102, 0.0126662394032, 0.00506543368101, 0.00179456837941, 0.00393111584708, 0.00530576333404, 0.00363151310012, 0.0104640061036, 0.00564555963501, 0.00847350154072, 0.00831335410476, 0.0025750931818, 0.000372061040252, 2.02481672318e-07, 1.84521873337e-08],
        "mean": [0.000170129947946, 0.00379628897645, 0.00498038344085, 0.0043496969156, 0.00391672225669, 0.00147128803656, 0.00100545398891, 0.00169467926025, 0.00100229517557, 0.00167449866422, 0.00197812146507, 0.000652441172861, 0.000511363788974, 0.000856787723023, 0.000245009548962, 0.000150555933942, 0.000122457160614, 0.0001202671192, 9.37648437684e-05, 0.000114343878522, 7.88072720752e-05, 7.47941812733e-05, 4.99398374814e-05, 2.63527217612e-05, 2.95151608043e-06, 2.47371723106e-09, 8.87054818488e-10],
        "median": [3.50243717548e-05, 0.0015123016201, 0.00163797161076, 0.00121901812963, 0.00230008433573, 0.000461639720015, 0.00044601879199, 0.000691210618243, 0.000459189817775, 0.00046890671365, 0.000804717012215, 0.000330960057909, 0.000178263988346, 0.00011775924213, 7.87512253737e-05, 6.56003467157e-05, 5.79181869398e-05, 3.72774047719e-05, 2.2097992769e-05, 1.16767278087e-05, 8.13578481029e-06, 4.31645230492e-06, 2.18261311602e-06, 9.77752051767e-07, 1.23353501635e-07, 5.91673710026e-10, 2.81004164382e-10],
        "min": [6.41493913545e-10, 2.40726549805e-09, 1.43824729903e-08, 1.17750946771e-08, 4.17214574e-09, 1.50951429134e-09, 1.43361891247e-08, 1.88303008741e-08, 1.25600072565e-08, 1.05245145932e-08, 4.71883554454e-09, 3.67674335422e-09, 2.84626233693e-09, 4.12287981533e-09, 1.32609734305e-09, 1.30201383008e-09, 9.11363651213e-10, 5.82387138515e-10, 3.16666914912e-10, 1.73216080368e-10, 3.75197581337e-11, 3.16377271603e-11, 1.78587197114e-11, 2.27689776755e-11, 8.63693144781e-12, 7.26971434439e-12, 9.48095334879e-12],
        "var": [1.1884948492e-07, 3.65583473467e-05, 8.66661357577e-05, 6.36306795059e-05, 2.55905051745e-05, 1.64042394317e-05, 4.07950074077e-06, 1.00463448689e-05, 1.67876692103e-06, 9.27164546738e-06, 9.27092696656e-06, 9.51553261075e-07, 5.70326278648e-07, 2.33043397202e-06, 1.72222243577e-07, 3.82602358684e-08, 3.44463408908e-08, 8.69898215683e-08, 4.86023878921e-08, 2.21222123287e-07, 7.00855906643e-08, 1.11496163413e-07, 1.03070455282e-07, 1.75978414063e-08, 1.87929921625e-10, 5.35629390566e-17, 2.66313734703e-18]
    },
    "erbbands": {
        "dmean": [0.0837053060532, 0.731467366219, 3.71134614944, 11.3093128204, 10.3633489609, 8.75724601746, 9.75301170349, 11.0472450256, 7.60351467133, 18.5368499756, 10.8326845169, 10.0386610031, 28.8262996674, 16.7778282166, 38.4416389465, 13.5325489044, 11.6459379196, 28.8178329468, 7.86922216415, 6.28447580338, 4.47017621994, 4.18701410294, 4.32290792465, 2.44188046455, 2.85247087479, 2.9276368618, 1.8218818903, 1.52557837963, 1.27426981926, 0.9928779006, 0.618092894554, 0.354041308165, 0.123456768692, 0.0298687834293, 0.00243782694452, 0.000113250287541, 1.0293514606e-05, 2.10192592931e-06, 6.4207001742e-06, 1.48888575495e-05],
        "dmean2": [0.138631597161, 1.27560424805, 6.50365829468, 19.3396644592, 17.6720066071, 14.4459247589, 16.5317401886, 20.0124225616, 13.1751642227, 27.8123855591, 16.9216251373, 15.3452596664, 43.1619949341, 23.9956874847, 52.4981079102, 20.6879177094, 18.7143955231, 46.892665863, 13.0354013443, 10.5215911865, 7.51777935028, 6.9674744606, 7.06393957138, 3.8925716877, 4.63590478897, 4.87745904922, 2.93632936478, 2.44514513016, 2.00691437721, 1.47167348862, 1.00122690201, 0.522618353367, 0.183583334088, 0.0440914295614, 0.00386402686127, 0.000176001878572, 1.5363069906e-05, 3.14765111398e-06, 1.03872835098e-05, 2.430776658e-05],
        "dvar": [0.0266450252384, 1.86277198792, 62.4103393555, 448.482910156, 412.046936035, 193.732192993, 341.218475342, 2015.06738281, 508.757598877, 1084.51062012, 668.946044922, 240.126831055, 3542.23022461, 888.318786621, 3719.70849609, 757.722229004, 405.484069824, 3421.14868164, 297.566833496, 143.607025146, 68.3599395752, 75.7294616699, 148.123260498, 27.8439102173, 93.7628097534, 274.281860352, 49.5033416748, 29.6252689362, 27.5887184143, 62.6387329102, 29.1008033752, 6.7711148262, 0.384748965502, 0.0293570738286, 0.000463734235382, 8.32245632409e-07, 2.37091235533e-09, 8.02060431959e-11, 1.11679457349e-10, 5.84132076042e-10],
        "dvar2": [0.065973483026, 5.37204408646, 177.437789917, 1187.54138184, 1074.71887207, 497.863952637, 967.592712402, 5777.27783203, 1414.28320312, 2143.82592773, 1741.44946289, 546.887756348, 7241.96191406, 1925.34301758, 6750.62255859, 1815.27954102, 937.34942627, 9371.30957031, 810.201782227, 389.069244385, 186.844497681, 206.053833008, 351.938018799, 67.9311523438, 214.046218872, 735.231628418, 105.331848145, 77.4185409546, 60.1397972107, 120.566688538, 66.9911804199, 15.7073383331, 0.903947651386, 0.0690849199891, 0.0012636432657, 2.21347204388e-06, 5.70287772561e-09, 1.79500123099e-10, 2.85710594072e-10, 1.51702517215e-09],
        "max": [1.67227303982, 15.4647436142, 67.2721786499, 210.61239624, 196.947616577, 240.059265137, 237.713348389, 587.139465332, 306.994598389, 795.255737305, 537.56427002, 200.190765381, 1172.16870117, 390.586395264, 1047.14245605, 526.789428711, 384.644683838, 712.628112793, 331.41394043, 203.587402344, 101.099517822, 201.089736938, 369.645294189, 108.4008255, 324.194519043, 612.650268555, 257.899597168, 169.106918335, 192.846084595, 425.037445068, 226.520050049, 99.5606765747, 19.9819698334, 7.54192209244, 0.94555747509, 0.0412562824786, 0.00232187123038, 0.000411044980865, 0.00014847953571, 0.00021007459145],
        "mean": [0.108183182776, 0.896058619022, 4.28193855286, 12.70266819, 12.0338344574, 13.329870224, 13.8261804581, 11.0408010483, 10.8058214188, 36.804977417, 24.5770435333, 23.983341217, 56.6864356995, 36.8547134399, 82.6081237793, 30.2788448334, 24.7704353333, 48.4208564758, 16.5841732025, 11.661400795, 7.95851755142, 6.85158205032, 7.41880989075, 4.36021709442, 5.52900314331, 5.23656368256, 3.60527682304, 3.05226826668, 2.69198822975, 2.00759768486, 1.30881857872, 0.787130892277, 0.30550339818, 0.0707886442542, 0.0048855706118, 0.000251860095887, 2.82030105154e-05, 6.01193778493e-06, 1.53161054186e-05, 3.34472497343e-05],
        "median": [0.0267802402377, 0.384155362844, 1.56578361988, 4.27362918854, 4.49504232407, 7.24079227448, 6.3993601799, 3.64070796967, 5.37740564346, 15.0246562958, 12.0491762161, 12.2601041794, 14.1697349548, 16.3736362457, 35.2033920288, 17.4330310822, 8.69675064087, 6.99415206909, 5.40334320068, 3.90026688576, 3.81061911583, 3.59855484962, 2.47985339165, 1.45736098289, 0.898018836975, 0.556789278984, 0.361684292555, 0.284012317657, 0.164806053042, 0.110974244773, 0.0545968972147, 0.0275260098279, 0.012236956507, 0.00300483009778, 0.000171360064996, 2.71701374004e-05, 1.10335240606e-05, 2.52873360296e-06, 1.17212957775e-05, 2.63106758212e-05],
        "min": [6.4693104207e-08, 8.54182928833e-07, 1.29296759042e-05, 3.48773319274e-05, 2.50009506999e-05, 1.16440505735e-05, 7.58282931201e-06, 1.49381712617e-05, 8.48353520269e-05, 0.000442661985289, 0.000357663317118, 0.000331048504449, 0.000305819907226, 0.000296859419905, 0.000158803886734, 0.000183606127393, 0.00014273855777, 0.000200079593924, 0.000111038178147, 7.94589577708e-05, 4.92058425152e-05, 7.5068033766e-05, 3.62895661965e-05, 2.17822653212e-05, 1.25618562379e-05, 9.0584917416e-06, 1.98016550712e-06, 1.45435444665e-06, 1.30834280299e-06, 6.40428993393e-07, 4.50334880497e-07, 5.38660572147e-07, 3.10340226406e-07, 1.35909260734e-07, 4.50081358849e-08, 2.38593198532e-08, 1.42731906294e-08, 5.88237236698e-09, 1.39606615157e-09, 5.26615195895e-10],
        "var": [0.0387840121984, 1.98028624058, 58.7362480164, 478.604064941, 448.485778809, 341.229675293, 508.372772217, 1246.11938477, 478.989837646, 4329.19042969, 2152.625, 862.914672852, 12387.2548828, 2558.80737305, 14046.2685547, 1953.3203125, 1286.80554199, 7347.48486328, 771.621459961, 305.876464844, 107.848937988, 97.7302856445, 319.574951172, 61.0106506348, 305.820526123, 495.788238525, 161.529968262, 105.617202759, 113.502563477, 177.847808838, 66.1457901001, 19.8428611755, 2.06814241409, 0.105185002089, 0.000797406653874, 1.69520160398e-06, 7.98757771037e-09, 3.11566883404e-10, 2.18620607728e-10, 9.45285405507e-10]
    },
    "gfcc": {
        "mean": [-77.6863861084, 181.799957275, -146.627578735, 31.324552536, -58.6318588257, 13.4818496704, -15.9453802109, -15.3871068954, -5.17167282104, -26.2737102509, 3.43528056145, -19.8427505493, 2.06259775162],
        "cov": [[6896.83740234, -1212.81628418, -684.819335938, 1122.18310547, -288.430328369, 175.937911987, -57.0967559814, 77.2450027466, -83.6945724487, -86.8507919312, -190.544509888, -231.990997314, -141.382217407], [-1212.81628418, 1196.78710938, 95.3983001709, -813.527954102, 542.114196777, -121.879936218, 235.005874634, -96.8778152466, 134.566314697, -2.36232733727, 43.0334739685, 59.9204368591, -3.67837119102], [-684.819335938, 95.3983001709, 431.953796387, 136.249404907, -28.7710189819, 31.4676456451, 40.7055625916, -18.3342247009, -60.0036468506, -56.6032180786, 40.891784668, 57.9264717102, 32.2832183838], [1122.18310547, -813.527954102, 136.249404907, 1038.20251465, -273.005310059, 128.3800354, -62.079372406, 98.7751312256, -74.1870498657, -70.0632324219, -30.2861747742, -54.6191177368, 9.01671123505], [-288.430328369, 542.114196777, -28.7710189819, -273.005310059, 429.645568848, -26.9903392792, 145.990310669, -18.3693389893, 81.5963058472, -0.881417751312, -2.4186835289, 14.3515930176, -16.9474201202], [175.937911987, -121.879936218, 31.4676456451, 128.3800354, -26.9903392792, 123.318351746, 25.4452495575, 28.9279880524, -0.697170555592, 0.990915477276, 0.493411660194, -5.7403550148, 11.1504125595], [-57.0967559814, 235.005874634, 40.7055625916, -62.079372406, 145.990310669, 25.4452495575, 189.795333862, 26.5870132446, 19.1060428619, -35.9470710754, -5.60280799866, 15.4716739655, -13.0390472412], [77.2450027466, -96.8778152466, -18.3342247009, 98.7751312256, -18.3693389893, 28.9279880524, 26.5870132446, 99.0004806519, 44.9761161804, 18.7930088043, -23.5412979126, -24.3153038025, -0.925162017345], [-83.6945724487, 134.566314697, -60.0036468506, -74.1870498657, 81.5963058472, -0.697170555592, 19.1060428619, 44.9761161804, 134.525238037, 50.0100975037, -15.8369607925, -36.508644104, -4.967710495], [-86.8507919312, -2.36232733727, -56.6032180786, -70.0632324219, -0.881417751312, 0.990915477276, -35.9470710754, 18.7930088043, 50.0100975037, 80.6259231567, 17.7605056763, -13.4973707199, -2.15741109848], [-190.544509888, 43.0334739685, 40.891784668, -30.2861747742, -2.4186835289, 0.493411660194, -5.60280799866, -23.5412979126, -15.8369607925, 17.7605056763, 70.0611953735, 48.5068244934, 12.8498001099], [-231.990997314, 59.9204368591, 57.9264717102, -54.6191177368, 14.3515930176, -5.7403550148, 15.4716739655, -24.3153038025, -36.508644104, -13.4973707199, 48.5068244934, 83.1591415405, 30.5036182404], [-141.382217407, -3.67837119102, 32.2832183838, 9.01671123505, -16.9474201202, 11.1504125595, -13.0390472412, -0.925162017345, -4.967710495, -2.15741109848, 12.8498001099, 30.5036182404, 54.2181739807]],
        "icov": [[0.000293455639621, -0.000295585952699, 0.000730584724806, -0.000539326516446, 0.00024087697966, -0.000407406769227, -1.30094067572e-05, 0.000270959659247, 0.000312771677272, -4.84662668896e-05, 0.000555091537535, -0.00022806058405, 0.000583910499699], [-0.000295585952699, 0.0161526557058, -0.00721939606592, 0.00918683875352, -0.00993014778942, 0.00774517469108, -0.00886028353125, 0.00709043582901, -0.0115790423006, 0.00871797930449, -0.0121494876221, 0.0107328444719, -0.00748369283974], [0.000730584724806, -0.00721939606592, 0.00754905771464, -0.00521366903558, 0.00473141437396, -0.00426872493699, 0.00293148402125, -0.00206138333306, 0.0054318420589, -0.00187411962543, 0.00427410844713, -0.00528827449307, 0.00319946091622], [-0.000539326516446, 0.00918683875352, -0.00521366903558, 0.00759854353964, -0.00534031400457, 0.00339817604981, -0.00363111286424, 0.000975729082711, -0.00608752993867, 0.00775299919769, -0.00918406713754, 0.00837441906333, -0.00495127169415], [0.00024087697966, -0.00993014778942, 0.00473141437396, -0.00534031400457, 0.0106192911044, -0.00432772375643, 0.00207980256528, -0.00174698384944, 0.0041471417062, -0.00551814446226, 0.00859421398491, -0.00806072726846, 0.00536366179585], [-0.000407406769227, 0.00774517469108, -0.00426872493699, 0.00339817604981, -0.00432772375643, 0.0148905953392, -0.00735990935937, 0.00252843019553, -0.00462671043351, 0.00104376615491, -0.00686834100634, 0.00728795258328, -0.00755713600665], [-1.30094067572e-05, -0.00886028353125, 0.00293148402125, -0.00363111286424, 0.00207980256528, -0.00735990935937, 0.0165673177689, -0.0102558257058, 0.0055523943156, 0.00303993490525, 0.00441820686683, -0.0076348669827, 0.00807438418269], [0.000270959659247, 0.00709043582901, -0.00206138333306, 0.000975729082711, -0.00174698384944, 0.00252843019553, -0.0102558257058, 0.0239331964403, -0.0105191832408, -0.00473573151976, 0.00428026495501, 0.000424143858254, -0.00327667477541], [0.000312771677272, -0.0115790423006, 0.0054318420589, -0.00608752993867, 0.0041471417062, -0.00462671043351, 0.0055523943156, -0.0105191832408, 0.024341063574, -0.013402541168, 0.00823135022074, -0.000443273340352, 0.00120724027511], [-4.84662668896e-05, 0.00871797930449, -0.00187411962543, 0.00775299919769, -0.00551814446226, 0.00104376615491, 0.00303993490525, -0.00473573151976, -0.013402541168, 0.0363657586277, -0.0241763014346, 0.0143128708005, -0.00310128857382], [0.000555091537535, -0.0121494876221, 0.00427410844713, -0.00918406713754, 0.00859421398491, -0.00686834100634, 0.00441820686683, 0.00428026495501, 0.00823135022074, -0.0241763014346, 0.0471436791122, -0.0323125869036, 0.011638501659], [-0.00022806058405, 0.0107328444719, -0.00528827449307, 0.00837441906333, -0.00806072726846, 0.00728795258328, -0.0076348669827, 0.000424143858254, -0.000443273340352, 0.0143128708005, -0.0323125869036, 0.0449871607125, -0.0210808832198], [0.000583910499699, -0.00748369283974, 0.00319946091622, -0.00495127169415, 0.00536366179585, -0.00755713600665, 0.00807438418269, -0.00327667477541, 0.00120724027511, -0.00310128857382, 0.011638501659, -0.0210808832198, 0.0325830876827]]
    },
    "melbands": {
        "dmean": [0.000775863765739, 0.00156734348275, 0.00182630110066, 0.000654679199215, 0.000350724993041, 0.000251792429481, 0.00011261968757, 0.000210041573155, 8.26201503514e-05, 6.57663476886e-05, 0.000146156438859, 6.70949593768e-05, 0.000133275141707, 5.01758186147e-05, 3.42321982316e-05, 2.83942172246e-05, 5.95296587562e-05, 1.38495679494e-05, 8.98705275176e-06, 7.72340627009e-06, 5.39366237717e-06, 4.38531560576e-06, 4.79092932437e-06, 3.45138960256e-06, 1.95476195586e-06, 2.29936517826e-06, 2.43894214691e-06, 1.85867804703e-06, 1.25634528558e-06, 1.15854152227e-06, 8.80357447386e-07, 8.22568949843e-07, 6.71724649237e-07, 5.41012525446e-07, 3.98796601075e-07, 3.05179298721e-07, 1.96023577814e-07, 1.02135501834e-07, 5.32433617195e-08, 1.91374578407e-08],
        "dmean2": [0.00130503135733, 0.0027628953103, 0.00312160653993, 0.00110182771459, 0.00058504374465, 0.000452514446806, 0.00019013187557, 0.00031561445212, 0.000128153362311, 0.000102741963929, 0.000218879606109, 9.78621610557e-05, 0.000181820636499, 7.34473214834e-05, 5.38427993888e-05, 4.61109084426e-05, 9.68568128883e-05, 2.2708074539e-05, 1.49755069287e-05, 1.33080566229e-05, 9.04507214727e-06, 7.425590411e-06, 7.89733167039e-06, 5.7293646023e-06, 3.14119051836e-06, 3.79394418815e-06, 4.0312688725e-06, 3.10586915475e-06, 2.00938166017e-06, 1.92372272068e-06, 1.44143382386e-06, 1.3184975387e-06, 1.06292372948e-06, 8.07434844319e-07, 6.57566943119e-07, 4.88385865083e-07, 2.85884738105e-07, 1.56006308316e-07, 8.22149672786e-08, 2.79581691132e-08],
        "dvar": [2.07470452551e-06, 1.05909321064e-05, 1.15354741865e-05, 1.42946248616e-06, 3.23366521116e-07, 9.44671683101e-07, 9.78426726306e-08, 1.34030884169e-07, 3.16721120441e-08, 1.10379989593e-08, 8.91647786716e-08, 1.65611364622e-08, 5.05619794922e-08, 8.16555179028e-09, 4.01008115603e-09, 3.37970473829e-09, 1.44424321391e-08, 8.94049112521e-10, 2.46192927156e-10, 1.74708414402e-10, 1.10780093432e-10, 9.52624645834e-11, 1.23009435971e-10, 1.17732115723e-10, 1.52721862934e-11, 4.94637664161e-11, 1.30916361085e-10, 1.09243676605e-10, 2.39835703381e-11, 2.9387131617e-11, 9.34538731123e-12, 9.61978587066e-12, 2.40919281053e-11, 1.90484867463e-11, 1.07496216789e-11, 7.65317757084e-12, 1.41187539091e-12, 2.51685418383e-13, 6.46618650009e-14, 1.84007285998e-14],
        "dvar2": [5.47955914953e-06, 2.99266775983e-05, 3.02301359625e-05, 3.83737869925e-06, 8.85989891231e-07, 2.69392944574e-06, 2.67121123443e-07, 2.79154846794e-07, 8.08596425372e-08, 2.6180593693e-08, 1.83602523407e-07, 3.74260054059e-08, 9.01999399616e-08, 1.76551324671e-08, 8.77870576232e-09, 8.43936298622e-09, 3.9463110113e-08, 2.39731190455e-09, 6.60419718912e-10, 4.84890849695e-10, 3.05073882823e-10, 2.65458960369e-10, 3.10417302973e-10, 2.86080964473e-10, 3.85474395459e-11, 1.23477061909e-10, 3.37063127409e-10, 2.90462598418e-10, 5.52789689023e-11, 8.05645897217e-11, 2.55753074968e-11, 2.40049854994e-11, 5.57218993169e-11, 3.70296675267e-11, 2.44183250009e-11, 2.05446146206e-11, 2.76028635712e-12, 6.3878795916e-13, 1.58411356407e-13, 4.51404355789e-14],
        "max": [0.0163336638361, 0.0285193324089, 0.0361954718828, 0.0136661417782, 0.00653923442587, 0.0127728637308, 0.00416118279099, 0.00900992099196, 0.0036425080616, 0.00139557395596, 0.00578038301319, 0.00165853521321, 0.00363527378067, 0.00177488056943, 0.00113523041364, 0.000826409610454, 0.00135636830237, 0.000571925600525, 0.000210217156564, 0.000189625032363, 0.000125414429931, 0.000242211521254, 0.000269386131549, 0.000340069294907, 5.41081426491e-05, 0.00016636273358, 0.000335595046636, 0.00040435694973, 0.00017519715766, 0.000186116201803, 8.23733062134e-05, 8.40369539219e-05, 0.000250965618761, 0.000229122088058, 0.000137177383294, 0.000105889994302, 4.55193221569e-05, 1.82547155418e-05, 8.72354212333e-06, 6.24317772235e-06],
        "mean": [0.001015841146, 0.00194381072652, 0.00217145471834, 0.000870857504196, 0.000538552121725, 0.000257693202002, 0.000168868922628, 0.000419806834543, 0.000185600161785, 0.000148244696902, 0.0002823783434, 0.000134638466989, 0.000280243984889, 0.00010890813428, 6.88815198373e-05, 5.22948612343e-05, 9.61628902587e-05, 2.72249035334e-05, 1.61807329278e-05, 1.33616604217e-05, 8.54998779687e-06, 6.73222302794e-06, 7.63454772823e-06, 5.54939015274e-06, 3.14202361551e-06, 3.91198409488e-06, 4.35859737991e-06, 3.16779733112e-06, 2.2723170332e-06, 2.02899400392e-06, 1.67674454588e-06, 1.62417666161e-06, 1.25766280235e-06, 1.05145397811e-06, 7.86345822235e-07, 5.94347795868e-07, 4.31243392995e-07, 2.26939775416e-07, 1.20741248111e-07, 3.85591789609e-08],
        "median": [0.000348989531631, 0.000822342524771, 0.000766904442571, 0.000474047061289, 0.000279014697298, 8.31476354506e-05, 8.32673540572e-05, 0.000166638608789, 9.09084483283e-05, 7.40329851396e-05, 6.98937583365e-05, 5.35723520443e-05, 0.000108831751277, 5.84548688494e-05, 2.15398940782e-05, 1.50809601109e-05, 1.19419582916e-05, 8.3568138507e-06, 5.72005001231e-06, 4.63511969429e-06, 4.06584695156e-06, 3.2455800465e-06, 2.78352058558e-06, 1.66052450368e-06, 1.05999856714e-06, 7.43010389215e-07, 4.8730095159e-07, 3.41790752145e-07, 2.24764661994e-07, 1.95503091049e-07, 1.46621431441e-07, 9.70840403625e-08, 7.1111152522e-08, 5.32918882357e-08, 3.37363630365e-08, 2.25320437863e-08, 1.40086315881e-08, 9.18095288682e-09, 4.97185004278e-09, 1.42300160544e-09],
        "min": [6.0923377454e-10, 5.56689894182e-09, 5.71297942287e-09, 1.3063099491e-09, 2.64398059002e-10, 2.9882649133e-10, 1.65653901707e-09, 4.83457940348e-09, 2.7191875418e-09, 1.91940552341e-09, 1.45936862594e-09, 1.19201337689e-09, 5.35289645942e-10, 4.0905429044e-10, 5.19544296473e-10, 1.94567403855e-10, 4.2304837411e-10, 1.98881716651e-10, 1.02301597749e-10, 1.0039474807e-10, 4.53461469763e-11, 3.96472160658e-11, 4.18103641986e-11, 2.4435469273e-11, 1.70382059156e-11, 8.43976277753e-12, 8.73448275512e-12, 5.06176524306e-12, 1.06043375036e-12, 8.96693309882e-13, 8.249075251e-13, 7.67384853578e-13, 5.08813369042e-13, 3.13571190498e-13, 2.19250765004e-13, 3.16325362171e-13, 3.44764906728e-13, 2.40491545948e-13, 1.36716891063e-13, 1.09762425657e-13],
        "var": [2.85537112177e-06, 1.02874892036e-05, 1.28825722641e-05, 1.5571424683e-06, 5.61077627026e-07, 6.14289945133e-07, 1.09044172802e-07, 5.50908396235e-07, 1.09921522551e-07, 3.35037455557e-08, 3.0750149449e-07, 3.93730843484e-08, 1.91851668774e-07, 2.28683241232e-08, 1.46774032928e-08, 7.4958128593e-09, 3.01947480352e-08, 2.3083592815e-09, 5.4837906438e-10, 3.60699303759e-10, 1.4957456107e-10, 1.04381996102e-10, 2.26726692976e-10, 2.12465045557e-10, 2.83691455744e-11, 1.17237886066e-10, 3.30088345546e-10, 1.8293205839e-10, 6.59872920195e-11, 5.69867104894e-11, 3.24230781112e-11, 3.92145621531e-11, 5.76286067477e-11, 5.27424458274e-11, 2.39935519369e-11, 1.40187635805e-11, 5.46633485005e-12, 1.10826864179e-12, 3.1864292563e-13, 3.83316594882e-14]
    },
    "mfcc": {
        "mean": [-699.830810547, 183.798217773, -11.3671693802, 15.9612760544, -6.02428627014, 14.019821167, 2.12949728966, 9.76726436615, -2.54219675064, -0.102054432034, -4.15375900269, 0.0419579558074, -4.70282793045],
        "cov": [[7711.38232422, -1865.57543945, -473.421936035, 715.705871582, -221.320678711, 233.028182983, -112.694625854, 154.847488403, -55.1578330994, 251.352462769, -113.243774414, -27.0577774048, -195.473831177], [-1865.57543945, 2111.64868164, -502.395233154, -571.690185547, 139.437408447, -30.2338104248, 82.2564239502, -19.8456439972, 92.6725311279, -15.687371254, 98.6025314331, -2.26191067696, 65.1439056396], [-473.421936035, -502.395233154, 602.187561035, 203.330276489, -40.8551254272, 15.1603555679, 33.2710189819, 36.732131958, -48.8082199097, -96.6553115845, -59.8756599426, 20.9400405884, 26.7953701019], [715.705871582, -571.690185547, 203.330276489, 490.132019043, 25.2113990784, 77.1767883301, 50.5607757568, 114.522689819, 2.56901240349, -3.15097379684, -49.2394485474, 18.428730011, -3.40533423424], [-221.320678711, 139.437408447, -40.8551254272, 25.2113990784, 147.485580444, 34.5501708984, 2.99038624763, 0.671200335026, 23.82762146, 12.479722023, 20.6879329681, 6.53271722794, 8.64266777039], [233.028182983, -30.2338104248, 15.1603555679, 77.1767883301, 34.5501708984, 107.882362366, 45.4220428467, 49.4458885193, 9.19701766968, 9.38979625702, -9.31423568726, 10.965212822, 3.1590116024], [-112.694625854, 82.2564239502, 33.2710189819, 50.5607757568, 2.99038624763, 45.4220428467, 125.897628784, 70.5146789551, 10.8750953674, -33.0819587708, -11.200012207, 1.89678561687, 23.3030433655], [154.847488403, -19.8456439972, 36.732131958, 114.522689819, 0.671200335026, 49.4458885193, 70.5146789551, 122.020690918, 47.0700035095, -0.76032602787, -22.5129299164, 12.0445346832, 21.5940895081], [-55.1578330994, 92.6725311279, -48.8082199097, 2.56901240349, 23.82762146, 9.19701766968, 10.8750953674, 47.0700035095, 107.68952179, 64.6658935547, 20.5036315918, -2.6221973896, 0.914370059967], [251.352462769, -15.687371254, -96.6553115845, -3.15097379684, 12.479722023, 9.38979625702, -33.0819587708, -0.76032602787, 64.6658935547, 122.614639282, 52.4669303894, -4.74610567093, -31.0100097656], [-113.243774414, 98.6025314331, -59.8756599426, -49.2394485474, 20.6879329681, -9.31423568726, -11.200012207, -22.5129299164, 20.5036315918, 52.4669303894, 73.521736145, 16.2045154572, -7.63444757462], [-27.0577774048, -2.26191067696, 20.9400405884, 18.428730011, 6.53271722794, 10.965212822, 1.89678561687, 12.0445346832, -2.6221973896, -4.74610567093, 16.2045154572, 53.3752288818, 29.5111179352], [-195.473831177, 65.1439056396, 26.7953701019, -3.40533423424, 8.64266777039, 3.1590116024, 23.3030433655, 21.5940895081, 0.914370059967, -31.0100097656, -7.63444757462, 29.5111179352, 62.4046363831]],
