{
"lowlevel": {
    "average_loudness": 0.977330267429,
    "barkbands_crest": {
        "dmean": 2.13187456131,
        "dmean2": 3.37914609909,
        "dvar": 3.84353804588,
        "dvar2": 8.60404109955,
        "max": 22.558675766,
        "mean": 8.84321403503,
        "median": 7.94356107712,
        "min": 2.70897078514,
        "var": 14.1460475922
    },
    "barkbands_flatness_db": {
        "dmean": 0.017267908901,
        "dmean2": 0.0262382552028,
        "dvar": 0.000222714676056,
        "dvar2": 0.00049089838285,
        "max": 0.255966931581,
        "mean": 0.145724013448,
        "median": 0.142348110676,
        "min": 0.0783918276429,
        "var": 0.000857747392729
    },
    "barkbands_kurtosis": {
        "dmean": 1.4476981163,
        "dmean2": 2.23247790337,
        "dvar": 5.52062129974,
        "dvar2": 12.2882757187,
        "max": 37.3440055847,
        "mean": 1.0407242775,
        "median": -0.385891199112,
        "min": -1.87601411343,
        "var": 13.7264280319
    },
    "barkbands_skewness": {
        "dmean": 0.462262153625,
        "dmean2": 0.671667873859,
        "dvar": 0.201905667782,
        "dvar2": 0.407019257545,
        "max": 5.77424478531,
        "mean": 0.947139799595,
        "median": 0.839153528214,
        "min": -2.58348011971,
        "var": 1.20248377323
    },
    "barkbands_spread": {
        "dmean": 7.56350851059,
        "dmean2": 11.4383535385,
        "dvar": 59.0811653137,
        "dvar2": 139.796432495,
        "max": 89.0733947754,
        "mean": 35.8585891724,
        "median": 34.2737121582,
        "min": 5.8362698555,
        "var": 215.785003662
    },
    "dissonance": {
        "dmean": 0.0104708271101,
        "dmean2": 0.0175034906715,
        "dvar": 0.000126924584038,
        "dvar2": 0.000319779966958,
        "max": 0.499955028296,
        "mean": 0.477029114962,
        "median": 0.481836855412,
        "min": 0.35598385334,
        "var": 0.000316640915116
    },
    "dynamic_complexity": 1.83877766132,
    "erbbands_crest": {
        "dmean": 2.40543150902,
        "dmean2": 3.96404004097,
        "dvar": 4.748939991,
        "dvar2": 12.7229318619,
        "max": 23.3033657074,
        "mean": 7.95225715637,
        "median": 7.20082902908,
        "min": 2.29545354843,
        "var": 11.1735506058
    },
    "erbbands_flatness_db": {
        "dmean": 0.0146133350208,
        "dmean2": 0.0213520973921,
        "dvar": 0.000179048613063,
        "dvar2": 0.000347788154613,
        "max": 0.28591042757,
        "mean": 0.174149230123,
        "median": 0.169096291065,
        "min": 0.0977626666427,
        "var": 0.00113349314779
    },
    "erbbands_kurtosis": {
        "dmean": 0.873785376549,
        "dmean2": 1.2885876894,
        "dvar": 2.27812147141,
        "dvar2": 3.95094752312,
        "max": 23.2597751617,
        "mean": 0.370950043201,
        "median": -0.425010681152,
        "min": -1.80990564823,
        "var": 6.48468732834
    },
    "erbbands_skewness": {
        "dmean": 0.331565022469,
        "dmean2": 0.489324957132,
        "dvar": 0.0926005393267,
        "dvar2": 0.177325025201,
        "max": 1.50382471085,
        "mean": -0.417159974575,
        "median": -0.376491934061,
        "min": -4.10581541061,
        "var": 0.610185444355
    },
    "erbbands_spread": {
        "dmean": 9.81997394562,
        "dmean2": 14.6316699982,
        "dvar": 95.4344329834,
        "dvar2": 193.408660889,
        "max": 147.348083496,
        "mean": 48.4117355347,
        "median": 43.9910774231,
        "min": 8.99232006073,
        "var": 542.674194336
    },
    "hfc": {
        "dmean": 9.28462600708,
        "dmean2": 12.5503883362,
        "dvar": 190.299911499,
        "dvar2": 390.895477295,
        "max": 169.153579712,
        "mean": 28.1053504944,
        "median": 21.5316123962,
        "min": 0.000106761639472,
        "var": 561.556152344
    },
    "melbands_crest": {
        "dmean": 3.15410804749,
        "dmean2": 4.9776673317,
        "dvar": 8.51230621338,
        "dvar2": 20.2623901367,
        "max": 32.0307350159,
        "mean": 14.054318428,
        "median": 12.8280658722,
        "min": 4.1573138237,
        "var": 33.0881767273
    },
    "melbands_flatness_db": {
        "dmean": 0.0229412503541,
        "dmean2": 0.0337526984513,
        "dvar": 0.000435223220848,
        "dvar2": 0.000871880911291,
        "max": 0.329066812992,
        "mean": 0.149823188782,
        "median": 0.149207174778,
        "min": 0.0444184802473,
        "var": 0.00231174984947
    },
    "melbands_kurtosis": {
        "dmean": 5.57280778885,
        "dmean2": 8.21079730988,
        "dvar": 86.3699111938,
        "dvar2": 185.055831909,
        "max": 153.061889648,
        "mean": 10.7439222336,
        "median": 5.03496551514,
        "min": -1.82405519485,
        "var": 258.223724365
    },
    "melbands_skewness": {
        "dmean": 0.679577469826,
        "dmean2": 0.988978147507,
        "dvar": 0.50078356266,
        "dvar2": 1.00278294086,
        "max": 11.5785903931,
        "mean": 2.5747153759,
        "median": 2.20542263985,
        "min": -1.09747338295,
        "var": 2.90965914726
    },
    "melbands_spread": {
        "dmean": 12.0486316681,
        "dmean2": 17.5403575897,
        "dvar": 233.036331177,
        "dvar2": 439.016296387,
        "max": 195.74911499,
        "mean": 42.9837303162,
        "median": 35.9740715027,
        "min": 3.27333211899,
        "var": 918.476013184
    },
    "pitch_salience": {
        "dmean": 0.0636232867837,
        "dmean2": 0.0993662774563,
        "dvar": 0.00281876139343,
        "dvar2": 0.00679538538679,
        "max": 0.800692141056,
        "mean": 0.549515128136,
        "median": 0.554779589176,
        "min": 0.189649894834,
        "var": 0.00996620673686
    },
    "silence_rate_20dB": {
        "dmean": 0,
        "dmean2": 0,
        "dvar": 0,
        "dvar2": 0,
        "max": 1,
        "mean": 1,
        "median": 1,
        "min": 1,
        "var": 0
    },
    "silence_rate_30dB": {
        "dmean": 0,
        "dmean2": 0,
        "dvar": 0,
        "dvar2": 0,
        "max": 1,
        "mean": 1,
        "median": 1,
        "min": 1,
        "var": 0
    },
    "silence_rate_60dB": {
        "dmean": 0.00775193795562,
        "dmean2": 0.0155159039423,
        "dvar": 0.00769183412194,
        "dvar2": 0.0199296697974,
        "max": 1,
        "mean": 0.0317583270371,
        "median": 0,
        "min": 0,
        "var": 0.0307501293719
    },
    "spectral_centroid": {
        "dmean": 297.45993042,
        "dmean2": 426.129364014,
        "dvar": 87023.265625,
        "dvar2": 164496.578125,
        "max": 4503.38769531,
        "mean": 1988.16308594,
        "median": 1976.93359375,
        "min": 357.027038574,
        "var": 528032.875
    },
    "spectral_complexity": {
        "dmean": 4.40930223465,
        "dmean2": 6.3599691391,
        "dvar": 19.6697158813,
        "dvar2": 34.8354759216,
        "max": 52,
        "mean": 21.7900848389,
        "median": 21,
        "min": 0,
        "var": 90.1379776001
    },
    "spectral_decrease": {
        "dmean": 1.13351505959e-09,
        "dmean2": 1.72596714698e-09,
        "dvar": 1.22111121381e-18,
        "dvar2": 2.93159509252e-18,
        "max": -1.25747949922e-13,
        "mean": -4.88040985402e-09,
        "median": -4.93055019035e-09,
        "min": -1.43575347167e-08,
        "var": 5.19734039761e-18
    },
    "spectral_energy": {
        "dmean": 0.00477363169193,
        "dmean2": 0.00712096085772,
        "dvar": 2.04470397875e-05,
        "dvar2": 4.7225090384e-05,
        "max": 0.0562523007393,
        "mean": 0.0209690649062,
        "median": 0.0213896576315,
        "min": 4.84283702917e-07,
        "var": 8.96695273696e-05
    },
    "spectral_energyband_high": {
        "dmean": 0.00103373616003,
        "dmean2": 0.00143937685061,
        "dvar": 3.63497588296e-06,
        "dvar2": 6.99370002621e-06,
        "max": 0.0288907568902,
        "mean": 0.00190000841394,
        "median": 0.00096717372071,
        "min": 2.34453834125e-09,
        "var": 9.1552728918e-06
    },
    "spectral_energyband_low": {
        "dmean": 0.00240534869954,
        "dmean2": 0.00378051330335,
        "dvar": 9.07705543796e-06,
        "dvar2": 2.33793416555e-05,
        "max": 0.0320853255689,
        "mean": 0.00570329558104,
        "median": 0.00391553482041,
        "min": 3.7300677036e-07,
        "var": 2.96600974252e-05
    },
    "spectral_energyband_middle_high": {
        "dmean": 0.00159280793741,
        "dmean2": 0.00227167853154,
        "dvar": 3.64575930689e-06,
        "dvar2": 8.23557911644e-06,
        "max": 0.0283065680414,
        "mean": 0.00569537095726,
        "median": 0.00412948476151,
        "min": 1.21646719364e-08,
        "var": 2.22810213018e-05
    },
    "spectral_energyband_middle_low": {
        "dmean": 0.00308436807245,
        "dmean2": 0.0048420955427,
        "dvar": 1.25699525597e-05,
        "dvar2": 2.92728600471e-05,
        "max": 0.0472054667771,
        "mean": 0.00916984211653,
        "median": 0.00820991117507,
        "min": 1.47343897083e-07,
        "var": 4.34373541793e-05
    },
    "spectral_entropy": {
        "dmean": 0.145519435406,
        "dmean2": 0.211478531361,
        "dvar": 0.017269698903,
        "dvar2": 0.0361674465239,
        "max": 8.51021194458,
        "mean": 7.77377510071,
        "median": 7.7838549614,
        "min": 6.70457458496,
        "var": 0.0769926309586
    },
    "spectral_flux": {
        "dmean": 0.016664000228,
        "dmean2": 0.0259816758335,
        "dvar": 0.000234440944041,
        "dvar2": 0.000546350493096,
        "max": 0.166975721717,
        "mean": 0.0759366378188,
        "median": 0.0751480683684,
        "min": 0.00069590494968,
        "var": 0.000714594847523
    },
    "spectral_kurtosis": {
        "dmean": 1.20642769337,
        "dmean2": 2.01879954338,
        "dvar": 1.57669460773,
        "dvar2": 4.63183689117,
        "max": 13.4972229004,
        "mean": 2.09327340126,
        "median": 1.70868110657,
        "min": -0.743807792664,
        "var": 3.50115466118
    },
    "spectral_rms": {
        "dmean": 0.000521446869243,
        "dmean2": 0.000765678007156,
        "dvar": 2.2830951707e-07,
        "dvar2": 4.99256259445e-07,
        "max": 0.00740812346339,
        "mean": 0.00437313690782,
        "median": 0.00456814607605,
        "min": 2.17364195123e-05,
        "var": 1.33333639951e-06
    },
    "spectral_rolloff": {
        "dmean": 776.030578613,
        "dmean2": 1208.26660156,
        "dvar": 1187989.625,
        "dvar2": 2368291.5,
        "max": 8139.55078125,
        "mean": 2698.86938477,
        "median": 2497.8515625,
        "min": 172.265625,
        "var": 3594187.75
    },
    "spectral_skewness": {
        "dmean": 0.178918272257,
        "dmean2": 0.292442113161,
        "dvar": 0.0270933136344,
        "dvar2": 0.0695408508182,
        "max": 3.17878723145,
        "mean": 0.947093725204,
        "median": 0.936218202114,
        "min": -0.320511609316,
        "var": 0.0876214429736
    },
    "spectral_spread": {
        "dmean": 525014.0625,
        "dmean2": 761914.1875,
        "dvar": 274044813312,
        "dvar2": 556723470336,
        "max": 8940930,
        "mean": 4407232,
        "median": 4244340.5,
        "min": 2001978.5,
        "var": 1.33353924198e+12
    },
    "spectral_strongpeak": {
        "dmean": 0.567348301411,
        "dmean2": 1.01216566563,
        "dvar": 1.26976048946,
        "dvar2": 3.66008758545,
        "max": 11.3569936752,
        "mean": 0.90305685997,
        "median": 0.519722521305,
        "min": 0.000738574424759,
        "var": 1.25516963005
    },
    "zerocrossingrate": {
        "dmean": 0.0145920393988,
        "dmean2": 0.0154174137861,
        "dvar": 0.000199695641641,
        "dvar2": 0.00024156839936,
        "max": 0.236328125,
        "mean": 0.0909859761596,
        "median": 0.0830078125,
        "min": 0.01318359375,
        "var": 0.00165770668536
    },
    "barkbands": {
        "dmean": [1.22385026771e-05, 0.00126511161216, 0.000966737512499, 0.00165634951554, 0.00123062252533, 0.000700269127265, 0.000594203302171, 0.000394986855099, 0.000379532721126, 0.0002596359991, 0.000171627791133, 0.000195025102585, 0.000249317119597, 0.000297238584608, 0.000378792523406, 0.000311013078317, 0.000301263906294, 0.000295740814181, 0.000417404080508, 0.000291053787805, 0.000207689983654, 0.000218026005314, 0.000242537309532, 0.000386759405956, 3.61677521141e-05, 2.68004249904e-08, 9.71452140952e-10],
        "dmean2": [2.06375952985e-05, 0.00207939324901, 0.00157320511062, 0.00253170891665, 0.00201598065905, 0.00107077672146, 0.00092068745289, 0.000560898624826, 0.000559527892619, 0.000405620376114, 0.000268122996204, 0.000296944228467, 0.000391263165511, 0.000469296879601, 0.000601803825703, 0.000491603452247, 0.000477466412121, 0.00046226583072, 0.000642967352178, 0.000428491912317, 0.000285757210804, 0.000331199495122, 0.000378584431019, 0.000584074878134, 5.49850992684e-05, 4.28878337289e-08, 1.80226733537e-09],
        "dvar": [5.35331834417e-10, 3.98652309741e-06, 1.78761411007e-06, 7.82078222983e-06, 2.63882361651e-06, 1.49065340338e-06, 1.24981715999e-06, 7.69567975567e-07, 6.62102024762e-07, 4.34931564541e-07, 1.73648317059e-07, 1.90895860896e-07, 2.76149819456e-07, 2.81984682715e-07, 5.5067471294e-07, 3.41569460716e-07, 2.30969618542e-07, 3.84762785188e-07, 5.34703758603e-07, 3.17798594551e-07, 4.73097060194e-07, 2.28937651059e-07, 2.67646271368e-07, 1.02946648894e-06, 5.26766008591e-09, 2.82736188486e-15, 1.89853873808e-18],
        "dvar2": [1.39402100974e-09, 1.06684692582e-05, 4.46910871688e-06, 1.74208944372e-05, 6.53960751151e-06, 3.35925051331e-06, 2.74557783086e-06, 1.64111588674e-06, 1.3667084886e-06, 9.78930984274e-07, 3.7729222413e-07, 4.49238314104e-07, 6.47854903946e-07, 6.54272298561e-07, 1.34105300731e-06, 8.3969894149e-07, 5.94942605403e-07, 1.0006993989e-06, 1.38492055157e-06, 6.52985647775e-07, 7.23027767435e-07, 5.21534616382e-07, 6.459680435e-07, 2.58815407506e-06, 1.10790834285e-08, 6.63116302252e-15, 6.20981029456e-18],
        "max": [0.000311991199851, 0.0184147376567, 0.0174616668373, 0.0404314436018, 0.022308209911, 0.0142553066835, 0.0188059508801, 0.0170684047043, 0.0123989572749, 0.0114051327109, 0.00728506688029, 0.00659363297746, 0.00710385339335, 0.0065169329755, 0.0155504951254, 0.00843588355929, 0.0069879014045, 0.0120850186795, 0.0120249474421, 0.0113207520917, 0.0177036430687, 0.00791487284005, 0.00644179852679, 0.013021635823, 0.0012154947035, 7.72324540321e-07, 1.29943016347e-08],
        "mean": [1.64701541507e-05, 0.00247277785093, 0.00178119551856, 0.00294494605623, 0.00238331360742, 0.00125484459568, 0.00112164753955, 0.000712851819117, 0.000671659072395, 0.000442631338956, 0.000259932043264, 0.000323570566252, 0.000464168988401, 0.000470672763186, 0.000637755147181, 0.000622924475465, 0.000644136744086, 0.000573748024181, 0.000899990729522, 0.000609208946116, 0.00036801098031, 0.000354435207555, 0.000344047788531, 0.000540160108358, 5.39133288839e-05, 3.58973295533e-08, 7.73682229394e-10],
        "median": [3.87810950997e-06, 0.00113965885248, 0.00103592011146, 0.000972850772087, 0.00152715656441, 0.000585562142078, 0.000315003446303, 0.000147336395457, 0.000164157740073, 0.000128231025883, 7.9293786257e-05, 9.48234956013e-05, 0.000136604008731, 0.000204920244869, 0.000257299048826, 0.000227093856665, 0.000309818133246, 0.000290971598588, 0.000475589826237, 0.000277602375718, 0.000136367569212, 0.000142383170896, 0.000140963093145, 0.000216160784476, 2.3555558073e-05, 1.55822910131e-08, 3.12141729131e-10],
        "min": [1.85864312829e-09, 1.32120561602e-07, 1.88471233287e-07, 4.06368130257e-08, 2.85185652871e-08, 2.55439100982e-08, 1.74005947429e-08, 2.9347098085e-09, 8.29900503874e-09, 3.79618919633e-10, 2.58247423446e-10, 3.64116248264e-09, 1.33867950058e-09, 1.31805932835e-09, 1.25108701177e-09, 9.53576217988e-10, 1.16868659195e-09, 9.16425435538e-10, 7.26917692706e-10, 1.15213771856e-09, 7.91138710099e-10, 1.36263986206e-10, 3.16670328848e-10, 1.26324672944e-10, 2.1100347164e-11, 3.95879769938e-12, 6.06142479959e-12],
        "var": [9.11435316109e-10, 1.09785441964e-05, 5.24331971974e-06, 2.43632894126e-05, 7.26745292923e-06, 3.60376270692e-06, 4.08226378568e-06, 2.77824642581e-06, 1.81883092409e-06, 1.14365332138e-06, 3.40354716855e-07, 4.68182975055e-07, 8.10683047803e-07, 5.75468675379e-07, 1.17147430956e-06, 1.11930228286e-06, 8.79649121543e-07, 7.5230747143e-07, 1.33960611493e-06, 9.26380380406e-07, 1.10971029699e-06, 4.18324020757e-07, 4.32425849795e-07, 1.22076176012e-06, 1.02229780197e-08, 4.86382454291e-15, 1.45956060444e-18]
    },
    "erbbands": {
        "dmean": [0.0236657541245, 0.335102260113, 1.02738523483, 3.31244206429, 5.19246387482, 4.01270103455, 3.97021341324, 6.21724367142, 7.51266670227, 8.80652523041, 8.5665063858, 8.20980167389, 6.79121541977, 7.31507396698, 7.17388868332, 6.68736505508, 11.2287960052, 12.2753372192, 18.4583492279, 18.3486022949, 15.3772926331, 15.8572387695, 16.3494949341, 13.959441185, 22.9462432861, 12.7226762772, 9.95759773254, 6.93878936768, 6.94764661789, 9.08890533447, 6.41132593155, 12.7623758316, 2.75010275841, 0.77880448103, 0.0530983507633, 0.00245795072988, 0.000163413220434, 2.81682969216e-05, 9.2743885034e-06, 7.91654656496e-06],
        "dmean2": [0.039155639708, 0.550157785416, 1.66328048706, 5.08933162689, 8.40425777435, 6.46594619751, 6.21151924133, 9.52291488647, 11.744594574, 12.4923734665, 12.3381662369, 12.5639791489, 10.3728399277, 11.374332428, 11.2399940491, 10.1028280258, 17.6350345612, 19.0473423004, 28.6614341736, 29.1647472382, 23.9896221161, 25.3567771912, 25.7751502991, 20.8358745575, 35.1576728821, 18.5446109772, 14.1970386505, 9.83757972717, 10.5545635223, 14.0798158646, 9.73726940155, 19.526676178, 4.01730060577, 1.15295493603, 0.078762255609, 0.00360045395792, 0.000232231002883, 4.00198696298e-05, 1.31201404656e-05, 1.13912456072e-05],
        "dvar": [0.001619981369, 0.275114327669, 2.02170324326, 30.829990387, 53.6329078674, 36.7210388184, 51.7047348022, 136.626724243, 244.454772949, 296.277069092, 381.91217041, 326.421569824, 252.644042969, 378.759246826, 278.386749268, 204.528289795, 615.947021484, 489.244293213, 1773.63330078, 1080.56433105, 969.813476562, 665.323669434, 1364.98681641, 572.544067383, 2089.96557617, 657.73059082, 792.489257812, 624.620178223, 254.397521973, 387.112976074, 172.870483398, 1256.12280273, 34.8257102966, 2.34908461571, 0.0153949484229, 3.05751200358e-05, 1.07299463536e-07, 3.17348902712e-09, 2.7232491262e-10, 8.7552971817e-11],
        "dvar2": [0.00431019486859, 0.735580921173, 4.93221616745, 70.6916122437, 135.287918091, 81.1139144897, 112.416687012, 302.075439453, 530.288574219, 638.061218262, 832.346191406, 720.121704102, 540.269226074, 853.69329834, 645.751403809, 452.223052979, 1529.39904785, 1082.69714355, 4132.27636719, 2843.0546875, 2508.99780273, 1757.60009766, 3591.75341797, 1419.97912598, 5535.3828125, 1342.46508789, 1301.3536377, 1039.34790039, 586.521972656, 898.273742676, 409.544128418, 3163.98461914, 85.7568588257, 5.11969709396, 0.0308608356863, 6.20949504082e-05, 2.36070974324e-07, 7.27592519567e-09, 6.14266693066e-10, 1.86427762117e-10],
        "max": [0.434250056744, 5.18091487885, 19.2935390472, 69.8962783813, 93.9053726196, 133.391815186, 92.518913269, 136.869903564, 334.523925781, 303.328765869, 234.783691406, 237.115646362, 304.882019043, 376.548248291, 268.284179688, 288.396728516, 365.080322266, 305.774047852, 1026.70898438, 445.557342529, 512.635009766, 408.008331299, 770.502868652, 318.451751709, 962.378173828, 547.848693848, 671.91973877, 773.924499512, 289.954315186, 335.494506836, 199.991592407, 440.147399902, 64.7947845459, 23.7776279449, 2.86738681793, 0.121256105602, 0.00474392669275, 0.000612082891166, 0.000200781796593, 0.000127641687868],
        "mean": [0.0456994101405, 0.649006128311, 2.0980796814, 6.2402510643, 9.2609539032, 7.95234203339, 7.54744911194, 11.1833648682, 14.2959070206, 17.8587932587, 15.6044158936, 14.8690214157, 12.5620517731, 12.8631877899, 12.583155632, 13.3816337585, 21.2811546326, 21.1063919067, 32.6010551453, 34.0550994873, 34.7174911499, 35.9104499817, 34.6635284424, 31.2689323425, 51.1485290527, 28.3430995941, 18.7908153534, 11.5641880035, 11.4562892914, 13.5201215744, 9.3045873642, 17.419839859, 4.10835552216, 1.18338727951, 0.0791940540075, 0.00374085409567, 0.000264995964244, 4.82342475152e-05, 2.42751866608e-05, 3.05791727442e-05],
        "median": [0.0157131180167, 0.301807790995, 1.28287112713, 2.63669991493, 5.57620954514, 4.42020940781, 3.70658063889, 5.18973112106, 4.87275838852, 4.91850233078, 4.2852640152, 3.89970707893, 4.02971363068, 4.23458909988, 4.15599870682, 4.43308830261, 6.67276954651, 8.90087985992, 13.7066783905, 16.3834934235, 13.5476236343, 17.8499221802, 20.704410553, 16.8299770355, 26.9379997253, 14.1940135956, 6.81354045868, 4.81434583664, 4.52426290512, 5.23927307129, 3.92427158356, 6.26685333252, 1.97756278515, 0.546208381653, 0.0333766750991, 0.00163320370484, 0.000128950996441, 2.48410851782e-05, 1.87665900739e-05, 2.93235225399e-05],
        "min": [2.08898495657e-06, 3.73608672817e-05, 0.000187822530279, 0.000175179971848, 6.34666430415e-05, 0.000107944833871, 0.000230774603551, 0.00015746896679, 0.000282899854938, 9.41704638535e-05, 0.000108026448288, 0.000207871402381, 2.44201855821e-05, 1.4155099052e-05, 5.46058399777e-05, 0.000134633635753, 6.03920052527e-05, 3.41580125678e-05, 7.89221303421e-05, 8.16762767499e-05, 5.30294710188e-05, 6.17467885604e-05, 4.88132645842e-05, 4.87432298542e-05, 2.95424852084e-05, 6.84552869643e-05, 4.18082781835e-05, 1.95022785192e-05, 5.08325183546e-06, 4.5358715397e-06, 9.74812064669e-06, 4.00355656893e-06, 2.64236132352e-06, 5.07079676026e-07, 6.07444476941e-08, 1.4067924603e-08, 8.36717095609e-09, 3.06063374644e-09, 9.88374160293e-10, 6.34044150516e-10],
        "var": [0.00473636901006, 0.753785848618, 6.64995098114, 88.0208816528, 117.244544983, 130.44770813, 134.56262207, 299.812316895, 879.222290039, 1102.93945312, 941.524963379, 837.331726074, 735.641052246, 857.698852539, 641.658813477, 697.51348877, 1679.64953613, 1085.42675781, 3518.57910156, 2674.57080078, 3509.92138672, 2361.83032227, 2534.03515625, 1511.36315918, 4504.03027344, 1753.34484863, 2050.40966797, 1273.84326172, 446.413391113, 722.125366211, 288.538330078, 1456.31408691, 48.366027832, 4.52987146378, 0.0288294926286, 5.73208526475e-05, 1.92760040818e-07, 5.39747491146e-09, 5.14764231241e-10, 2.68043920393e-10]
    },
    "gfcc": {
        "mean": [-2.39262318611, 96.2082977295, -149.262145996, 77.5724639893, -73.4950180054, 20.1532363892, -45.9998092651, 0.17352245748, -11.0117483139, -19.4593677521, 3.43178582191, -24.0914726257, -0.828327178955],
        "cov": [[2587.51367188, -490.125518799, 59.7975883484, 83.2635803223, -255.726989746, 112.152946472, -174.117111206, 66.984992981, -28.9475631714, -13.7406749725, 23.9660892487, 39.6891517639, -22.8775100708], [-490.125518799, 791.278015137, -91.6526412964, -253.71206665, 177.025360107, -53.4887428284, 187.341506958, 21.6732902527, 50.0783653259, -30.9752426147, 81.1963119507, -75.8205337524, -1.60521650314], [59.7975883484, -91.6526412964, 537.069458008, 189.3150177, -64.7137527466, 145.817428589, -112.591148376, 0.0561790168285, 3.48235368729, -21.0396022797, -7.50833034515, 37.5236358643, -18.6742362976], [83.2635803223, -253.71206665, 189.3150177, 318.329498291, 58.7776145935, -4.13917636871, -109.186279297, -18.5603618622, 0.788851797581, 5.07320642471, -42.0782318115, 41.1250801086, 47.6025810242], [-255.726989746, 177.025360107, -64.7137527466, 58.7776145935, 233.555496216, -7.50858783722, 50.3263435364, 23.215921402, 14.5805978775, -2.06907844543, -3.28151798248, -23.0288581848, 48.9999198914], [112.152946472, -53.4887428284, 145.817428589, -4.13917636871, -7.50858783722, 245.180709839, 73.8180084229, 19.7518882751, -12.9979953766, -12.75532341, 4.87796974182, 15.9975204468, -17.3551998138], [-174.117111206, 187.341506958, -112.591148376, -109.186279297, 50.3263435364, 73.8180084229, 238.369567871, 43.2746505737, -12.4271774292, -6.13191223145, 18.5200195312, -21.9552707672, -10.1176595688], [66.984992981, 21.6732902527, 0.0561790168285, -18.5603618622, 23.215921402, 19.7518882751, 43.2746505737, 126.074043274, 59.8172798157, 26.4766769409, 15.9575214386, 3.365203619, 1.0301810503], [-28.9475631714, 50.0783653259, 3.48235368729, 0.788851797581, 14.5805978775, -12.9979953766, -12.4271774292, 59.8172798157, 132.214614868, 52.2475700378, 19.6932830811, 3.67046356201, -0.793163597584], [-13.7406749725, -30.9752426147, -21.0396022797, 5.07320642471, -2.06907844543, -12.75532341, -6.13191223145, 26.4766769409, 52.2475700378, 106.904060364, 28.3611850739, 8.74350643158, 1.44289815426], [23.9660892487, 81.1963119507, -7.50833034515, -42.0782318115, -3.28151798248, 4.87796974182, 18.5200195312, 15.9575214386, 19.6932830811, 28.3611850739, 87.9737854004, 28.1265010834, -8.43879318237], [39.6891517639, -75.8205337524, 37.5236358643, 41.1250801086, -23.0288581848, 15.9975204468, -21.9552707672, 3.365203619, 3.67046356201, 8.74350643158, 28.1265010834, 80.1511154175, 33.6795349121], [-22.8775100708, -1.60521650314, -18.6742362976, 47.6025810242, 48.9999198914, -17.3551998138, -10.1176595688, 1.0301810503, -0.793163597584, 1.44289815426, -8.43879318237, 33.6795349121, 77.8303070068]],
        "icov": [[0.000623721745797, -0.000345671724062, 0.000875034718774, -0.00110749830492, 0.00144429982174, -0.00109694560524, 0.00103028642479, -0.00113898236305, 0.000561124295928, 0.000298797618598, -0.000731736712623, 0.000848008145113, -0.000387480162317], [-0.000345671724062, 0.00886863842607, -0.00673686014488, 0.0102800885215, -0.00893613323569, 0.0069840233773, -0.00650646397844, 0.00542455399409, -0.00539461011067, 0.00352561590262, -0.00568549055606, 0.00402097264305, -0.00403371220455], [0.000875034718774, -0.00673686014488, 0.00978363677859, -0.011145491153, 0.00926564820111, -0.00892536714673, 0.00739886984229, -0.00578434439376, 0.00407757330686, -0.000846009643283, 0.00181048223749, -0.00102698488627, 0.00319519196637], [-0.00110749830492, 0.0102800885215, -0.011145491153, 0.0198057275265, -0.0149586703628, 0.0103247128427, -0.00706558441743, 0.00803062971681, -0.00608875276521, 0.00161734246649, -0.000883259926923, -0.00127573485952, -0.0038419731427], [0.00144429982174, -0.00893613323569, 0.00926564820111, -0.0149586703628, 0.0189701933414, -0.00948670506477, 0.00650515127927, -0.00792432390153, 0.00498692458495, -0.00112279248424, 0.000100518154795, 0.00498684868217, -0.00357103021815], [-0.00109694560524, 0.0069840233773, -0.00892536714673, 0.0103247128427, -0.00948670506477, 0.0135832177475, -0.00920214410871, 0.00549149001017, -0.00410418631509, 0.00167111144401, -0.00132701953407, -0.00148595799692, -0.000475837878184], [0.00103028642479, -0.00650646397844, 0.00739886984229, -0.00706558441743, 0.00650515127927, -0.00920214410871, 0.0133258141577, -0.00753941340372, 0.0060067246668, -0.00173883861862, 0.00196961150505, -0.000679675373249, 0.00255114049651], [-0.00113898236305, 0.00542455399409, -0.00578434439376, 0.00803062971681, -0.00792432390153, 0.00549149001017, -0.00753941340372, 0.01627567783, -0.00892609823495, 0.000788691570051, -0.00166248355526, -0.000219994413783, -0.00169516575988], [0.000561124295928, -0.00539461011067, 0.00407757330686, -0.00608875276521, 0.00498692458495, -0.00410418631509, 0.0060067246668, -0.00892609823495, 0.0155205987394, -0.00637607043609, 0.00257708411664, -0.00210129772313, 0.00306530669332], [0.000298797618598, 0.00352561590262, -0.000846009643283, 0.00161734246649, -0.00112279248424, 0.00167111144401, -0.00173883861862, 0.000788691570051, -0.00637607043609, 0.0148759698495, -0.00758266542107, 0.00426054606214, -0.00319519382901], [-0.000731736712623, -0.00568549055606, 0.00181048223749, -0.000883259926923, 0.000100518154795, -0.00132701953407, 0.00196961150505, -0.00166248355526, 0.00257708411664, -0.00758266542107, 0.0248720012605, -0.0170689579099, 0.0108109787107], [0.000848008145113, 0.00402097264305, -0.00102698488627, -0.00127573485952, 0.00498684868217, -0.00148595799692, -0.000679675373249, -0.000219994413783, -0.00210129772313, 0.00426054606214, -0.0170689579099, 0.031924623996, -0.0184561982751], [-0.000387480162317, -0.00403371220455, 0.00319519196637, -0.0038419731427, -0.00357103021815, -0.000475837878184, 0.00255114049651, -0.00169516575988, 0.00306530669332, -0.00319519382901, 0.0108109787107, -0.0184561982751, 0.0275132581592]]
    },
    "melbands": {
        "dmean": [0.000286276568659, 0.000488658086397, 0.000617457379121, 0.000322774867527, 0.000136444126838, 0.000138149305712, 0.000115261565952, 9.0876899776e-05, 7.23007979104e-05, 5.08532903041e-05, 3.54048170266e-05, 3.23339008901e-05, 2.48496580753e-05, 2.22117487283e-05, 2.43420054176e-05, 2.29863890127e-05, 2.47004500125e-05, 3.24453649228e-05, 2.49177446676e-05, 2.27851742238e-05, 1.96630844584e-05, 1.6532247173e-05, 2.08947021747e-05, 1.27001703731e-05, 1.1682848708e-05, 1.93890846276e-05, 1.48264216477e-05, 8.20078912511e-06, 6.86652947479e-06, 5.57924158784e-06, 3.69640747522e-06, 3.68211453861e-06, 5.26870371687e-06, 5.35678964297e-06, 3.38371773978e-06, 6.07306856182e-06, 8.14074883237e-06, 1.81631423857e-06, 1.14674844554e-06, 4.88383648189e-07],
        "dmean2": [0.000471438193927, 0.000786950753536, 0.000952049973421, 0.000530091405381, 0.000212648927118, 0.000210680693272, 0.000180301489308, 0.000129822830786, 0.000105336068373, 7.6563701441e-05, 5.47603558516e-05, 5.01736612932e-05, 3.87059008062e-05, 3.46584092767e-05, 3.72667054762e-05, 3.69201770809e-05, 3.84033228329e-05, 5.04550844198e-05, 3.96797076974e-05, 3.59589394066e-05, 3.05282846966e-05, 2.61741497525e-05, 3.34480719175e-05, 2.01540497073e-05, 1.76225657924e-05, 3.06637011818e-05, 2.18949426198e-05, 1.24679818327e-05, 1.01849982457e-05, 7.57451743993e-06, 5.51403763893e-06, 5.69956819163e-06, 7.98492237664e-06, 8.49460866448e-06, 5.42591533303e-06, 9.02808733372e-06, 1.26413451653e-05, 2.73518571703e-06, 1.70718146819e-06, 7.32022954253e-07],
        "dvar": [2.15361311007e-07, 4.48223431704e-07, 9.18269734029e-07, 1.84964662253e-07, 4.8259700236e-08, 6.22321252308e-08, 5.158796057e-08, 3.11143324438e-08, 2.52474663398e-08, 1.26344250617e-08, 6.93711532662e-09, 7.37820382568e-09, 3.72977693175e-09, 3.00395597286e-09, 2.58531551722e-09, 2.04555239414e-09, 1.99980920712e-09, 5.2142508089e-09, 1.77750125729e-09, 1.9561756659e-09, 1.90634841246e-09, 7.8234796419e-10, 1.87042759059e-09, 6.06771966005e-10, 4.55185972248e-10, 1.22684706838e-09, 9.36440480714e-10, 3.55195622914e-10, 3.28321009269e-10, 5.79157832803e-10, 1.37436562131e-10, 6.84521814232e-11, 1.93175087038e-10, 1.63522140273e-10, 5.34198588142e-11, 2.3659729731e-10, 5.31617805333e-10, 1.40743276408e-11, 4.75127446067e-12, 1.19355686359e-12],
        "dvar2": [5.85639043038e-07, 1.12306008759e-06, 2.12377631215e-06, 4.5636033974e-07, 1.0581553056e-07, 1.38351040846e-07, 1.14404855367e-07, 6.7285213845e-08, 5.58507977644e-08, 2.67276121235e-08, 1.46540211077e-08, 1.6410684367e-08, 8.42243430554e-09, 7.37987848609e-09, 5.8280447135e-09, 4.9192343532e-09, 4.42982939219e-09, 1.2183441811e-08, 4.17834833399e-09, 5.11829512106e-09, 5.00453145591e-09, 2.05400962905e-09, 4.99840036028e-09, 1.47084855406e-09, 1.12155795762e-09, 3.21806248316e-09, 2.2130295374e-09, 7.77168884802e-10, 5.52482726235e-10, 1.04570618831e-09, 2.80888146076e-10, 1.53298623795e-10, 4.69294658689e-10, 4.05849354124e-10, 1.25703239484e-10, 5.77877190544e-10, 1.36815225815e-09, 3.49221623841e-11, 1.08845606139e-11, 2.55125434667e-12],
        "max": [0.00399646023288, 0.00750196306035, 0.0132658500224, 0.00595185440034, 0.0031055752188, 0.00272436416708, 0.00437318021432, 0.00313994055614, 0.0020754665602, 0.00160027621314, 0.00164661870804, 0.00170542986598, 0.00112668506335, 0.000775328371674, 0.00099524226971, 0.000541298591997, 0.000624780659564, 0.00172837497666, 0.000562555971555, 0.000808248703834, 0.000700089847669, 0.000371497793822, 0.000842795998324, 0.00044530982268, 0.000297606369713, 0.000529380922671, 0.000634456810076, 0.000449726794614, 0.00049738411326, 0.000722252007108, 0.000353980489308, 0.000134085072204, 0.00030117033748, 0.000201659961022, 0.000138787378091, 0.000168005397427, 0.000298034196021, 3.93519731006e-05, 2.8080861739e-05, 2.31472022278e-05],
        "mean": [0.000558130501304, 0.00102793343831, 0.0012074499391, 0.000628130801488, 0.000276458071312, 0.00025091439602, 0.000217956127017, 0.000190249455045, 0.000127759456518, 8.81326413946e-05, 6.37441116851e-05, 5.46585251868e-05, 4.08058076573e-05, 3.5309476516e-05, 4.61427262053e-05, 4.12842891819e-05, 3.86180654459e-05, 5.41343033547e-05, 4.30834043073e-05, 4.14421228925e-05, 4.08302657888e-05, 3.443605965e-05, 4.00858116336e-05, 2.58518412011e-05, 2.31437570619e-05, 4.01069373765e-05, 3.10467185045e-05, 1.5620735212e-05, 1.24284397316e-05, 8.60254112922e-06, 5.95931578573e-06, 5.9415715441e-06, 7.80836398917e-06, 7.38445669413e-06, 4.51256209999e-06, 8.42713143356e-06, 1.08065405584e-05, 2.61515356215e-06, 1.7234117422e-06, 7.07535605216e-07],
        "median": [0.000239584056544, 0.000613557582255, 0.000600565166678, 0.00041826008237, 0.000147751372424, 0.000114802081953, 7.32088228688e-05, 4.75306296721e-05, 3.04572295136e-05, 2.21000191232e-05, 1.92991428776e-05, 1.76067205757e-05, 1.2956829778e-05, 1.05477274701e-05, 1.33166449814e-05, 1.38622899613e-05, 1.53727196448e-05, 2.03950894502e-05, 1.89018628589e-05, 1.71116353158e-05, 1.40181709867e-05, 1.57519243658e-05, 2.11798396776e-05, 1.27910252559e-05, 1.12598454507e-05, 1.97214267246e-05, 1.46363599924e-05, 7.11418715582e-06, 4.32886508861e-06, 2.81695906779e-06, 2.54632800534e-06, 2.32459137806e-06, 2.85301189251e-06, 2.71492444881e-06, 1.664116553e-06, 3.14340582008e-06, 3.82834832635e-06, 1.26926749999e-06, 7.94742277321e-07, 3.09498688011e-07],
        "min": [2.7887375964e-08, 8.43829681685e-08, 3.92928853898e-08, 4.02652222675e-09, 9.92039339565e-09, 3.8743137587e-09, 4.05956424032e-09, 8.37639624329e-10, 1.1110328213e-09, 1.17497667151e-09, 7.55961335197e-11, 5.71818668804e-11, 8.65607030498e-11, 4.8989140522e-10, 2.25007137922e-10, 6.35752075984e-11, 7.31900512418e-11, 1.48790008092e-10, 8.74984529275e-11, 8.26227627981e-11, 6.8000265141e-11, 6.49707579403e-11, 4.98020374939e-11, 4.42655981314e-11, 3.94385253621e-11, 2.06085218335e-11, 1.7308645836e-11, 5.64893028188e-11, 2.40834574505e-11, 2.43770160308e-11, 6.13272713862e-12, 2.45124862248e-12, 2.96597165231e-12, 2.14774725782e-12, 4.30373271743e-12, 6.6304188702e-12, 1.30427190315e-12, 2.14450289124e-12, 8.97691480612e-13, 2.78834681039e-13],
        "var": [5.70546092149e-07, 1.46224635955e-06, 2.7814267014e-06, 4.78868230402e-07, 1.44874420016e-07, 1.43809245401e-07, 1.71883641542e-07, 1.31805222736e-07, 6.10496684317e-08, 3.11457029056e-08, 2.03992485126e-08, 1.68519029842e-08, 7.65484031717e-09, 6.13225870083e-09, 8.41081426728e-09, 5.32855359836e-09, 4.10578904209e-09, 1.03597930234e-08, 4.20257340039e-09, 4.95700502867e-09, 6.30118490719e-09, 2.58342280901e-09, 3.65513241896e-09, 1.65363911453e-09, 1.0651961535e-09, 2.96637270303e-09, 2.34078578742e-09, 7.44118933138e-10, 8.87375894987e-10, 1.12283993214e-09, 2.42869641065e-10, 1.26588156624e-10, 2.62768834469e-10, 2.5829682837e-10, 8.70725574975e-11, 3.02751324011e-10, 5.85950454823e-10, 1.91159900409e-11, 8.58414814925e-12, 2.19997978168e-12]
    },
    "mfcc": {
        "mean": [-615.246398926, 84.6369400024, 0.612179756165, 34.3972396851, 12.4554004669, 4.66772460938, -3.67312574387, 4.55010414124, -9.78498268127, 8.03781318665, -5.35483121872, -2.11665582657, -4.4457154274],
        "cov": [[2506.96655273, -494.886871338, 92.3235092163, -101.401908875, -44.5197181702, -83.5196228027, -85.8528366089, 0.725943267345, -88.8058242798, 19.2730178833, -34.9849472046, -7.524766922, -25.6865062714], [-494.886871338, 922.022399902, -247.300537109, -122.896072388, -62.295135498, -46.7296981812, 135.661453247, 55.2337875366, 7.19806528091, 73.8773651123, 90.2915267944, 6.04284667969, 8.72988319397], [92.3235092163, -247.300537109, 609.647766113, -3.14104008675, 96.6936569214, 78.6526794434, -55.609992981, 44.9676780701, -50.0660972595, -12.6937351227, -51.3383903503, 28.1919269562, -7.8342666626], [-101.401908875, -122.896072388, -3.14104008675, 287.705505371, 122.856658936, -17.3384571075, -55.0302085876, -52.5625534058, 39.0745620728, -31.2275218964, -49.8729095459, -18.1100692749, 37.8223495483], [-44.5197181702, -62.295135498, 96.6936569214, 122.856658936, 239.610488892, 20.731962204, -53.4011764526, -6.15070676804, 20.2040500641, 16.7251586914, -48.5971336365, -10.3918418884, 19.6041278839], [-83.5196228027, -46.7296981812, 78.6526794434, -17.3384571075, 20.731962204, 158.452636719, 65.8436660767, 24.2410411835, 11.3600130081, -1.61642181873, -5.44398403168, -10.6118345261, -28.7988739014], [-85.8528366089, 135.661453247, -55.609992981, -55.0302085876, -53.4011764526, 65.8436660767, 189.803207397, 67.9781036377, 9.4522857666, 12.2861480713, 27.2638015747, -16.130689621, -27.0608196259], [0.725943267345, 55.2337875366, 44.9676780701, -52.5625534058, -6.15070676804, 24.2410411835, 67.9781036377, 126.265907288, 22.0331707001, 23.508939743, 9.18819904327, 1.3211466074, -5.11915683746], [-88.8058242798, 7.19806528091, -50.0660972595, 39.0745620728, 20.2040500641, 11.3600130081, 9.4522857666, 22.0331707001, 118.082740784, 30.8711700439, 13.2811670303, -5.25974988937, 8.12388134003], [19.2730178833, 73.8773651123, -12.6937351227, -31.2275218964, 16.7251586914, -1.61642181873, 12.2861480713, 23.508939743, 30.8711700439, 107.43977356, 52.3979949951, 7.76985168457, -7.93600559235], [-34.9849472046, 90.2915267944, -51.3383903503, -49.8729095459, -48.5971336365, -5.44398403168, 27.2638015747, 9.18819904327, 13.2811670303, 52.3979949951, 124.73235321, 35.2599105835, 9.56928253174], [-7.524766922, 6.04284667969, 28.1919269562, -18.1100692749, -10.3918418884, -10.6118345261, -16.130689621, 1.3211466074, -5.25974988937, 7.76985168457, 35.2599105835, 93.9614868164, 27.5024528503], [-25.6865062714, 8.72988319397, -7.8342666626, 37.8223495483, 19.6041278839, -28.7988739014, -27.0608196259, -5.11915683746, 8.12388134003, -7.93600559235, 9.56928253174, 27.5024528503, 93.9797668457]],
