{
"lowlevel": {
    "average_loudness": 0.966846764088,
    "barkbands_crest": {
        "dmean": 3.05476546288,
        "dmean2": 4.95612478256,
        "dvar": 7.82760953903,
        "dvar2": 18.0652580261,
        "max": 25.5672798157,
        "mean": 11.8209590912,
        "median": 11.2085351944,
        "min": 2.85485172272,
        "var": 25.8699932098
    },
    "barkbands_flatness_db": {
        "dmean": 0.0237612314522,
        "dmean2": 0.0357752926648,
        "dvar": 0.000527205178514,
        "dvar2": 0.00110515358392,
        "max": 0.422268003225,
        "mean": 0.138360545039,
        "median": 0.128926873207,
        "min": 0.0434877686203,
        "var": 0.00270150066353
    },
    "barkbands_kurtosis": {
        "dmean": 5.24494361877,
        "dmean2": 8.22617149353,
        "dvar": 208.821075439,
        "dvar2": 417.603363037,
        "max": 390.610626221,
        "mean": 7.76559495926,
        "median": 3.34436225891,
        "min": -1.9294065237,
        "var": 468.894012451
    },
    "barkbands_skewness": {
        "dmean": 0.756197869778,
        "dmean2": 1.15758097172,
        "dvar": 0.746826529503,
        "dvar2": 1.49704253674,
        "max": 16.5399265289,
        "mean": 2.12942385674,
        "median": 1.91318833828,
        "min": -2.53299832344,
        "var": 2.79810142517
    },
    "barkbands_spread": {
        "dmean": 8.54369354248,
        "dmean2": 13.1356544495,
        "dvar": 95.0513153076,
        "dvar2": 210.680419922,
        "max": 112.625007629,
        "mean": 27.6462650299,
        "median": 22.9934692383,
        "min": 0.613998174667,
        "var": 359.387786865
    },
    "dissonance": {
        "dmean": 0.0144181977957,
        "dmean2": 0.0240333601832,
        "dvar": 0.000180656235898,
        "dvar2": 0.000467600824777,
        "max": 0.499983668327,
        "mean": 0.472095549107,
        "median": 0.476427644491,
        "min": 0.371299594641,
        "var": 0.000354831485311
    },
    "dynamic_complexity": 2.76348257065,
    "erbbands_crest": {
        "dmean": 2.36590862274,
        "dmean2": 3.97538661957,
        "dvar": 5.15382671356,
        "dvar2": 12.8817405701,
        "max": 26.5170822144,
        "mean": 7.15732812881,
        "median": 6.43340396881,
        "min": 2.52527594566,
        "var": 10.176112175
    },
    "erbbands_flatness_db": {
        "dmean": 0.0152245890349,
        "dmean2": 0.0221587251872,
        "dvar": 0.000205668446142,
        "dvar2": 0.000420574477175,
        "max": 0.235623061657,
        "mean": 0.112687729299,
        "median": 0.110413387418,
        "min": 0.050150744617,
        "var": 0.000852761673741
    },
    "erbbands_kurtosis": {
        "dmean": 0.758480846882,
        "dmean2": 1.18249869347,
        "dvar": 1.21314466,
        "dvar2": 2.62749910355,
        "max": 17.0528049469,
        "mean": -0.0958943963051,
        "median": -0.494888305664,
        "min": -1.85256075859,
        "var": 2.4207303524
    },
    "erbbands_skewness": {
        "dmean": 0.376323282719,
        "dmean2": 0.562126934528,
        "dvar": 0.118432670832,
        "dvar2": 0.238436073065,
        "max": 3.08590650558,
        "mean": 0.054419208318,
        "median": 0.0802223607898,
        "min": -3.16806840897,
        "var": 0.521056175232
    },
    "erbbands_spread": {
        "dmean": 11.8553237915,
        "dmean2": 17.9444198608,
        "dvar": 141.188796997,
        "dvar2": 304.835113525,
        "max": 176.831588745,
        "mean": 54.7188110352,
        "median": 51.4604263306,
        "min": 6.93287944794,
        "var": 496.352355957
    },
    "hfc": {
        "dmean": 9.690076828,
        "dmean2": 12.7006835938,
        "dvar": 195.627868652,
        "dvar2": 381.873443604,
        "max": 200.762313843,
        "mean": 29.589006424,
        "median": 21.9215488434,
        "min": 1.13164845833e-16,
        "var": 744.01171875
    },
    "melbands_crest": {
        "dmean": 3.73698616028,
        "dmean2": 6.02391195297,
        "dvar": 10.7742023468,
        "dvar2": 25.7053871155,
        "max": 32.9656066895,
        "mean": 16.0552482605,
        "median": 15.7922878265,
        "min": 1.74190497398,
        "var": 32.4729156494
    },
    "melbands_flatness_db": {
        "dmean": 0.0318025536835,
        "dmean2": 0.0472110137343,
        "dvar": 0.000917033001315,
        "dvar2": 0.00186613120604,
        "max": 0.527262628078,
        "mean": 0.200498178601,
        "median": 0.196401357651,
        "min": 0.00526497373357,
        "var": 0.00502132344991
    },
    "melbands_kurtosis": {
        "dmean": 16.2434539795,
        "dmean2": 25.4232673645,
        "dvar": 1050.70666504,
        "dvar2": 2350.41577148,
        "max": 612.898742676,
        "mean": 29.6413612366,
        "median": 14.8669452667,
        "min": -1.67737174034,
        "var": 2936.36474609
    },
    "melbands_skewness": {
        "dmean": 1.16062963009,
        "dmean2": 1.77124071121,
        "dvar": 1.65871798992,
        "dvar2": 3.633695364,
        "max": 21.2662506104,
        "mean": 3.96465063095,
        "median": 3.41732501984,
        "min": -0.721228420734,
        "var": 6.07928848267
    },
    "melbands_spread": {
        "dmean": 9.61839294434,
        "dmean2": 14.6420383453,
        "dvar": 242.851119995,
        "dvar2": 464.49609375,
        "max": 229.904602051,
        "mean": 23.5135726929,
        "median": 16.1804733276,
        "min": 0.491173297167,
        "var": 648.763916016
    },
    "pitch_salience": {
        "dmean": 0.0839726924896,
        "dmean2": 0.134852766991,
        "dvar": 0.00529814697802,
        "dvar2": 0.012643658556,
        "max": 0.983303368092,
        "mean": 0.511332094669,
        "median": 0.525868415833,
        "min": 0.079287648201,
        "var": 0.0180949736387
    },
    "silence_rate_20dB": {
        "dmean": 0,
        "dmean2": 0,
        "dvar": 0,
        "dvar2": 0,
        "max": 1,
        "mean": 1,
        "median": 1,
        "min": 1,
        "var": 0
    },
    "silence_rate_30dB": {
        "dmean": 0.0857805237174,
        "dmean2": 0.171627372503,
        "dvar": 0.0784202665091,
        "dvar2": 0.183140963316,
        "max": 1,
        "mean": 0.924295067787,
        "median": 1,
        "min": 0,
        "var": 0.0699746608734
    },
    "silence_rate_60dB": {
        "dmean": 0.0139103550464,
        "dmean2": 0.0278314650059,
        "dvar": 0.0137164061889,
        "dvar2": 0.0301508828998,
        "max": 1,
        "mean": 0.0525299347937,
        "median": 0,
        "min": 0,
        "var": 0.0497712530196
    },
    "spectral_centroid": {
        "dmean": 336.091186523,
        "dmean2": 500.77835083,
        "dvar": 144858.71875,
        "dvar2": 241262.515625,
        "max": 10652.8535156,
        "mean": 1481.12158203,
        "median": 1373.58837891,
        "min": 162.875778198,
        "var": 522875.5
    },
    "spectral_complexity": {
        "dmean": 4.59814548492,
        "dmean2": 6.5720911026,
        "dvar": 23.6615791321,
        "dvar2": 46.078578949,
        "max": 57,
        "mean": 20.684047699,
        "median": 20,
        "min": 0,
        "var": 125.587486267
    },
    "spectral_decrease": {
        "dmean": 4.90051377255e-09,
        "dmean2": 7.87581200257e-09,
        "dvar": 5.69616157441e-17,
        "dvar2": 1.4663041613e-16,
        "max": 7.12888084666e-29,
        "mean": -1.12726441515e-08,
        "median": -8.7688620809e-09,
        "min": -5.82891672707e-08,
        "var": 9.6710794081e-17
    },
    "spectral_energy": {
        "dmean": 0.0189862772822,
        "dmean2": 0.0303871762007,
        "dvar": 0.000842258043122,
        "dvar2": 0.00215783598833,
        "max": 0.22435413301,
        "mean": 0.0452293567359,
        "median": 0.0359081551433,
        "min": 1.03570064729e-20,
        "var": 0.00145669723861
    },
    "spectral_energyband_high": {
        "dmean": 0.000800991372671,
        "dmean2": 0.00099154189229,
        "dvar": 1.96701762434e-06,
        "dvar2": 3.34426204063e-06,
        "max": 0.0267198029906,
        "mean": 0.00186914938968,
        "median": 0.000766592973378,
        "min": 7.6164512826e-21,
        "var": 7.91855836724e-06
    },
    "spectral_energyband_low": {
        "dmean": 0.0156300514936,
        "dmean2": 0.0257928073406,
        "dvar": 0.000715372909326,
        "dvar2": 0.00186484504957,
        "max": 0.206156373024,
        "mean": 0.0278500802815,
        "median": 0.0177604332566,
        "min": 8.92480072818e-24,
        "var": 0.00106248469092
    },
    "spectral_energyband_middle_high": {
        "dmean": 0.00188488850836,
        "dmean2": 0.00289253355004,
        "dvar": 1.00319011835e-05,
        "dvar2": 2.57122737821e-05,
        "max": 0.053168926388,
        "mean": 0.00460816919804,
        "median": 0.00348985171877,
        "min": 1.21120789571e-21,
        "var": 1.93164323719e-05
    },
    "spectral_energyband_middle_low": {
        "dmean": 0.00622411351651,
        "dmean2": 0.00988132786006,
        "dvar": 9.24787455006e-05,
        "dvar2": 0.000233653321629,
        "max": 0.128977775574,
        "mean": 0.0132528226823,
        "median": 0.0101621262729,
        "min": 2.07155668883e-22,
        "var": 0.000166019424796
    },
    "spectral_entropy": {
        "dmean": 0.154513910413,
        "dmean2": 0.218292579055,
        "dvar": 0.0246673543006,
        "dvar2": 0.044495087117,
        "max": 9.8085308075,
        "mean": 7.87678956985,
        "median": 7.88533258438,
        "min": 6.36418056488,
        "var": 0.134512647986
    },
    "spectral_flux": {
        "dmean": 0.0372972898185,
        "dmean2": 0.0576461963356,
        "dvar": 0.00216608820483,
        "dvar2": 0.00438928650692,
        "max": 0.483165323734,
        "mean": 0.109783574939,
        "median": 0.0916845425963,
        "min": 1.01769377647e-10,
        "var": 0.00487598543987
    },
    "spectral_kurtosis": {
        "dmean": 0.878367424011,
        "dmean2": 1.33386778831,
        "dvar": 0.835928916931,
        "dvar2": 1.9713909626,
        "max": 11.2203569412,
        "mean": 3.00082278252,
        "median": 2.97667360306,
        "min": -1.20420992374,
        "var": 3.25803589821
    },
    "spectral_rms": {
        "dmean": 0.0012590480037,
        "dmean2": 0.00191897514742,
        "dvar": 2.39554719883e-06,
        "dvar2": 5.60520811632e-06,
        "max": 0.0147946635261,
        "mean": 0.00605090754107,
        "median": 0.00591881293803,
        "min": 3.17874134133e-12,
        "var": 7.51274774302e-06
    },
    "spectral_rolloff": {
        "dmean": 784.822814941,
        "dmean2": 1293.09106445,
        "dvar": 2240211,
        "dvar2": 4459832.5,
        "max": 18841.5527344,
        "mean": 1678.04077148,
        "median": 818.26171875,
        "min": 64.599609375,
        "var": 5808267
    },
    "spectral_skewness": {
        "dmean": 0.166063860059,
        "dmean2": 0.242600500584,
        "dvar": 0.0284017715603,
        "dvar2": 0.0541547052562,
        "max": 2.58357834816,
        "mean": 1.38924372196,
        "median": 1.42453360558,
        "min": 0.0380151569843,
        "var": 0.141497790813
    },
    "spectral_spread": {
        "dmean": 759336,
        "dmean2": 992651.0625,
        "dvar": 1.36435322061e+12,
        "dvar2": 1.70242290483e+12,
        "max": 41731052,
        "mean": 6178539.5,
        "median": 5708533.5,
        "min": 2838000.75,
        "var": 4.8059163607e+12
    },
    "spectral_strongpeak": {
        "dmean": 0.327965438366,
        "dmean2": 0.567332625389,
        "dvar": 0.373440384865,
        "dvar2": 1.02637517452,
        "max": 10.7476644516,
        "mean": 0.589366853237,
        "median": 0.48137280345,
        "min": 0,
        "var": 0.37810254097
    },
    "zerocrossingrate": {
        "dmean": 0.0157663151622,
        "dmean2": 0.017662493512,
        "dvar": 0.000541802146472,
        "dvar2": 0.000643932435196,
        "max": 0.5009765625,
        "mean": 0.0727471187711,
        "median": 0.0595703125,
        "min": 0.00341796875,
        "var": 0.00317608914338
    },
    "barkbands": {
        "dmean": [0.000761735485867, 0.0107745565474, 0.00563339982182, 0.00324038183317, 0.00212479196489, 0.0015728881117, 0.000729165680241, 0.000860598927829, 0.00064452807419, 0.000430931220762, 0.000330355920596, 0.000267183233518, 0.000265226699412, 0.00039432264748, 0.000365365209291, 0.000254614744335, 0.000218927394599, 0.000214894083911, 0.000233672893955, 0.00017500386457, 0.000132351982757, 0.000162034411915, 0.000139157331432, 0.000207554665394, 0.000170138460817, 9.45000283537e-05, 6.85353640506e-08],
        "dmean2": [0.001273449976, 0.0175212137401, 0.0101597430184, 0.00525804841891, 0.00359496101737, 0.0025560001377, 0.00118459947407, 0.00145161000546, 0.00102346902713, 0.000714796886314, 0.000553485297132, 0.000443248281954, 0.000429592822911, 0.000657771306578, 0.000586936424952, 0.000402925885282, 0.000348984031007, 0.000342172512319, 0.000370139372535, 0.00026975464425, 0.000200839844183, 0.00022195323254, 0.000189214159036, 0.00027998839505, 0.000232183156186, 0.000118832569569, 1.20968422834e-07],
        "dvar": [3.71317878489e-06, 0.000337654346367, 0.000193096493604, 3.67940301658e-05, 2.15878790186e-05, 5.0932603699e-06, 2.58348131865e-06, 2.80452445622e-06, 1.68553390267e-06, 7.82095071372e-07, 1.18960031159e-06, 4.76425753959e-07, 1.94874317572e-07, 9.26921757127e-07, 6.87030535573e-07, 2.01448230541e-07, 1.30252104213e-07, 1.09361963041e-07, 1.39434590096e-07, 9.37444397664e-08, 9.8674682647e-08, 1.6179835427e-07, 5.94426445844e-08, 2.20464130507e-07, 1.78406992291e-07, 3.08813490335e-08, 5.08172673321e-14],
        "dvar2": [9.50816593104e-06, 0.000824314018246, 0.000547636998817, 8.63450914039e-05, 5.97585749347e-05, 1.29484551508e-05, 6.89493799655e-06, 7.46779096517e-06, 4.29792635259e-06, 2.16789817387e-06, 3.26913368554e-06, 1.30337514292e-06, 4.77816115563e-07, 2.50155744652e-06, 1.6059312884e-06, 4.93800598633e-07, 3.22251509033e-07, 2.73501939319e-07, 3.52634799583e-07, 2.31870131984e-07, 2.27710572176e-07, 3.10349037136e-07, 1.10001927567e-07, 4.31678870427e-07, 3.65493207255e-07, 6.15873076981e-08, 1.38806189307e-13],
        "max": [0.0183228123933, 0.1800750494, 0.11341124028, 0.0786142796278, 0.0839639529586, 0.0261907111853, 0.0242806393653, 0.0225062295794, 0.0283462926745, 0.0107569536194, 0.0211545731872, 0.0206839088351, 0.0061574075371, 0.019209003076, 0.0160750448704, 0.00633163005114, 0.00513313338161, 0.00530996639282, 0.00637434097007, 0.0043929698877, 0.00962928403169, 0.0133546348661, 0.00486763520166, 0.00889542140067, 0.00896188244224, 0.00402701692656, 3.78429808734e-06],
        "mean": [0.000651807582472, 0.0192432757467, 0.00567545415834, 0.00441134953871, 0.00308355037123, 0.00252677709796, 0.00101287476718, 0.00110824592412, 0.000986928935163, 0.000609314069152, 0.000431967404438, 0.000420722033596, 0.000424034311436, 0.000525548006408, 0.000523604103364, 0.000418197974795, 0.000350778282154, 0.000380096927984, 0.000399589305744, 0.000306414236547, 0.000224978066399, 0.000295503414236, 0.000302119588014, 0.000404131133109, 0.000333891279297, 0.000178180504008, 5.65307800571e-08],
        "median": [6.32595765637e-05, 0.00958168972284, 0.00227611768059, 0.00155502883717, 0.00186126993503, 0.00147810438648, 0.000393094640458, 0.000409851520089, 0.000429123319918, 0.000217333377805, 0.000130903441459, 0.00015280948719, 0.000204574971576, 0.000245846138569, 0.000203643372515, 0.000195301239728, 0.000183173367986, 0.000239668952418, 0.000243160233367, 0.000158874652698, 0.000102569196315, 0.000108017316961, 0.000126469123643, 0.000121836084872, 9.13344701985e-05, 5.63697467442e-05, 5.81671066868e-09],
        "min": [2.59447989802e-24, 4.80436801663e-24, 3.27425514511e-24, 4.47188444433e-24, 2.5404628053e-23, 1.36471343104e-23, 3.18086198143e-23, 2.20311006795e-23, 5.04021218374e-23, 2.43912825777e-23, 4.44223416057e-23, 2.7915733242e-23, 4.88571661536e-23, 6.65611675526e-23, 9.47119340127e-23, 1.16303871093e-22, 9.19714627824e-23, 1.68535979837e-22, 1.99084485863e-22, 4.04811559201e-22, 3.34968364251e-22, 5.28807215395e-22, 6.90555053453e-22, 9.48655902331e-22, 1.04770340957e-21, 1.58005704067e-21, 2.41230221597e-21],
        "var": [3.08421545014e-06, 0.000579709303565, 0.000132112720166, 6.75986375427e-05, 1.97200079128e-05, 9.30566329771e-06, 2.97086512546e-06, 3.62805394616e-06, 2.7584342206e-06, 1.26189570437e-06, 1.08654649011e-06, 7.05383627064e-07, 3.71401171151e-07, 8.54668428474e-07, 1.00974534689e-06, 3.48617248846e-07, 2.06896714872e-07, 2.01482563966e-07, 2.28764534427e-07, 1.79848896664e-07, 1.51099470713e-07, 3.31210031845e-07, 2.2762517915e-07, 7.24492394966e-07, 5.24143729308e-07, 8.12468314848e-08, 3.90014762023e-14]
    },
    "erbbands": {
        "dmean": [0.328951358795, 2.68528938293, 6.79619884491, 8.44059276581, 8.83986377716, 6.81527709961, 8.86414241791, 14.8668889999, 10.9576015472, 12.4983959198, 19.3601646423, 13.918510437, 12.2170734406, 13.4742965698, 10.9299964905, 10.3616838455, 11.242518425, 16.3672046661, 19.1682720184, 18.9149341583, 13.1357364655, 11.0970287323, 11.5261154175, 10.8986024857, 11.3417644501, 8.59137153625, 5.54431056976, 5.3115363121, 5.65085935593, 5.13250923157, 3.86267518997, 4.85748958588, 3.13960671425, 2.06444716454, 1.15009915829, 0.483211517334, 0.167776152492, 0.0200451593846, 0.000365505402442, 3.18875427183e-05],
        "dmean2": [0.524141848087, 4.57129669189, 12.3070650101, 14.0654563904, 14.7988376617, 11.4056425095, 14.8392820358, 24.2191524506, 17.663690567, 20.4783439636, 32.1922454834, 22.1645889282, 20.0247821808, 22.3304615021, 18.1097679138, 17.0912723541, 18.4635715485, 26.760389328, 31.2370204926, 30.4552173615, 20.8335437775, 17.5506496429, 18.1805706024, 17.2453193665, 17.7903442383, 13.3178119659, 8.24395751953, 8.00059986115, 7.95148277283, 7.15648984909, 5.32779598236, 6.7746515274, 4.41674280167, 2.94584012032, 1.55273509026, 0.641553044319, 0.213516503572, 0.0259084571153, 0.000465131597593, 4.45603400294e-05],
        "dvar": [0.442463904619, 21.561832428, 263.968841553, 244.542938232, 302.457183838, 200.238952637, 187.96484375, 512.692260742, 432.594909668, 708.56072998, 1288.37573242, 1033.59448242, 533.856262207, 765.725585938, 1146.66271973, 858.276733398, 386.236846924, 1016.02069092, 2804.00854492, 1604.98242188, 585.991760254, 339.771759033, 349.973327637, 276.067657471, 380.883087158, 231.330245972, 112.957397461, 248.120727539, 225.046264648, 113.524681091, 47.0304908752, 159.772720337, 45.2627830505, 25.2194595337, 9.02840900421, 1.08937883377, 0.0940490067005, 0.00114633585326, 3.8296300886e-07, 2.29533347884e-09],
        "dvar2": [1.10956394672, 58.9489212036, 762.25402832, 638.882995605, 818.430236816, 544.450866699, 487.212371826, 1324.97937012, 1132.09057617, 1870.01696777, 3447.67211914, 2704.50146484, 1450.61169434, 2034.1105957, 3140.75634766, 2385.31323242, 963.641784668, 2724.07299805, 6922.81542969, 4031.64404297, 1435.23974609, 848.350524902, 881.74206543, 680.16986084, 961.520385742, 568.572692871, 250.142684937, 588.091552734, 424.491973877, 228.602844238, 86.1351089478, 351.254882812, 88.0658111572, 53.12940979, 18.5641422272, 2.32044243813, 0.184567213058, 0.00210173637606, 7.04054059497e-07, 4.69682026605e-09],
        "max": [8.92119503021, 37.8800811768, 131.183319092, 167.958297729, 290.326721191, 263.997619629, 163.31842041, 302.173248291, 321.798461914, 404.240234375, 546.014160156, 857.97845459, 306.573059082, 327.17388916, 671.305236816, 912.544067383, 251.758834839, 542.18762207, 829.145141602, 821.736999512, 322.503601074, 305.534973145, 268.821289062, 215.65927124, 432.744415283, 201.978744507, 212.882843018, 553.037902832, 537.523193359, 302.117736816, 122.556419373, 239.047302246, 123.521621704, 92.7473526001, 80.1648712158, 25.0099468231, 6.34803009033, 0.553720653057, 0.0111054880545, 0.000646853004582],
        "mean": [0.487749934196, 4.46060991287, 7.71862649918, 11.0751590729, 11.9142122269, 9.86852073669, 13.6512651443, 23.0999164581, 16.2371883392, 17.5351963043, 26.3632926941, 21.7327690125, 18.9388103485, 19.9467697144, 16.9360275269, 17.0209922791, 19.1351013184, 25.3236083984, 26.4004402161, 29.1269893646, 22.641954422, 18.917388916, 21.0450439453, 20.0118713379, 19.945306778, 15.028886795, 9.95857429504, 8.81195068359, 10.0485515594, 10.3453569412, 8.33158969879, 8.90805339813, 6.1201543808, 3.96445822716, 2.21449136734, 0.919532239437, 0.304123997688, 0.0339127890766, 0.000662162317894, 8.38725900394e-05],
        "median": [0.196578934789, 2.24069547653, 3.89982032776, 4.44662618637, 5.65451002121, 5.74708652496, 8.09617710114, 12.6499862671, 8.86024951935, 7.2722864151, 11.6856889725, 9.86626148224, 8.06701850891, 7.8512878418, 6.48873329163, 6.73816823959, 10.1580762863, 12.8355007172, 11.0294313431, 12.5843000412, 11.7077913284, 10.2166843414, 13.179889679, 13.1528120041, 11.6908016205, 7.55032253265, 4.7675485611, 3.84402489662, 3.74995040894, 4.14577531815, 3.40792250633, 2.67282414436, 1.81886184216, 1.07867026329, 0.635439872742, 0.274942845106, 0.0987335816026, 0.0108037861064, 0.000227945187362, 5.89883165958e-05],
        "min": [1.03117354243e-22, 1.02724735015e-21, 4.44589263239e-21, 2.03954207787e-20, 3.81470366103e-20, 4.2563024321e-20, 9.28176715783e-20, 1.27007030236e-19, 5.2112202815e-19, 3.63670447447e-19, 5.30679841634e-19, 9.98334414253e-19, 1.64886378276e-18, 1.41415221452e-18, 1.17930612604e-18, 2.330942647e-18, 2.91745692149e-18, 5.12792836369e-18, 3.62178342869e-18, 5.29412011569e-18, 6.86055452322e-18, 5.99876260589e-18, 8.08819684496e-18, 1.00937764766e-17, 1.20508924234e-17, 1.88201737698e-17, 1.6453727497e-17, 1.15579415819e-17, 2.02217932675e-17, 2.01409843391e-17, 2.28490710942e-17, 1.56441674858e-17, 1.47810160972e-17, 8.09552897391e-18, 8.78702549623e-18, 5.60568886035e-18, 2.87427892069e-18, 1.24541326322e-18, 3.85482217923e-19, 3.26095890907e-20],
        "var": [0.634338319302, 30.3326396942, 185.492614746, 330.325622559, 344.882293701, 206.604873657, 275.192596436, 860.542297363, 545.177307129, 902.701416016, 1705.3605957, 1501.69750977, 976.949951172, 1166.05444336, 1171.57141113, 1141.59545898, 706.595092773, 1358.82214355, 3199.85766602, 2319.87304688, 984.593444824, 554.472290039, 624.300170898, 484.699493408, 634.793151855, 448.517089844, 216.23034668, 328.771942139, 439.164093018, 298.06451416, 184.469299316, 401.52053833, 154.118667603, 72.9082717896, 24.6434288025, 2.9518699646, 0.21940292418, 0.00268897623755, 9.42423469041e-07, 5.88732129714e-09]
    },
    "gfcc": {
        "mean": [30.2864608765, 68.3170394897, -90.601234436, 42.6551361084, -52.9601211548, 20.7733535767, -42.9210281372, 17.7089309692, -25.238861084, 8.4498052597, -17.8311386108, 3.26887083054, -16.6247024536],
        "cov": [[8089.71386719, -120.169052124, -157.262191772, -33.4225196838, -68.2443084717, 164.193634033, -113.543640137, 99.3761825562, -62.7493896484, 119.323524475, -91.3378067017, 74.0765151978, -99.328338623], [-120.169052124, 1019.75183105, -219.541732788, -79.9059371948, 177.740997314, -154.74432373, 103.207740784, 7.27532577515, 64.4828720093, -90.9740905762, 79.9914398193, -34.2968978882, 17.5622215271], [-157.262191772, -219.541732788, 593.005737305, 232.492797852, 78.83203125, 152.441452026, 77.0460205078, 54.7571182251, 66.1361541748, 56.2038269043, 0.37802863121, 42.0632896423, 6.75014925003], [-33.4225196838, -79.9059371948, 232.492797852, 390.537109375, 175.508514404, 11.0519008636, 3.34546470642, 27.7238826752, 77.2041397095, 29.5975589752, 4.25657844543, 9.70702171326, 45.6477279663], [-68.2443084717, 177.740997314, 78.83203125, 175.508514404, 297.801635742, 34.5126190186, 52.2890815735, 32.0850067139, 73.9408416748, 24.3856811523, 11.475435257, 2.815148592, 37.9717254639], [164.193634033, -154.74432373, 152.441452026, 11.0519008636, 34.5126190186, 263.249237061, 125.083175659, 22.2503299713, 6.40375518799, 40.9058952332, -2.49172472954, 7.85645961761, -1.35578072071], [-113.543640137, 103.207740784, 77.0460205078, 3.34546470642, 52.2890815735, 125.083175659, 273.605194092, 88.5155029297, 15.2958049774, 8.46674156189, 18.3087978363, 8.00934410095, -2.73308897018], [99.3761825562, 7.27532577515, 54.7571182251, 27.7238826752, 32.0850067139, 22.2503299713, 88.5155029297, 122.504768372, 49.0843849182, 6.98165130615, 3.15183830261, 8.81347846985, 3.16417956352], [-62.7493896484, 64.4828720093, 66.1361541748, 77.2041397095, 73.9408416748, 6.40375518799, 15.2958049774, 49.0843849182, 127.251556396, 38.7482452393, 9.2406129837, 7.52582168579, 20.2370109558], [119.323524475, -90.9740905762, 56.2038269043, 29.5975589752, 24.3856811523, 40.9058952332, 8.46674156189, 6.98165130615, 38.7482452393, 97.6234512329, 23.9694480896, 10.6518173218, 6.4063873291], [-91.3378067017, 79.9914398193, 0.37802863121, 4.25657844543, 11.475435257, -2.49172472954, 18.3087978363, 3.15183830261, 9.2406129837, 23.9694480896, 79.3040771484, 25.8838939667, 5.89630222321], [74.0765151978, -34.2968978882, 42.0632896423, 9.70702171326, 2.815148592, 7.85645961761, 8.00934410095, 8.81347846985, 7.52582168579, 10.6518173218, 25.8838939667, 73.9740829468, 21.8528594971], [-99.328338623, 17.5622215271, 6.75014925003, 45.6477279663, 37.9717254639, -1.35578072071, -2.73308897018, 3.16417956352, 20.2370109558, 6.4063873291, 5.89630222321, 21.8528594971, 71.18019104]],
        "icov": [[0.000184060292668, -0.000313553144224, 0.000197023502551, -0.000320947787259, 0.000244997499976, -0.000474759581266, 0.000485094642499, -0.000632822746411, 0.000546149618458, -0.000752524181735, 0.000761232106015, -0.000694211688824, 0.00049089215463], [-0.000313553144224, 0.00346638192423, -0.000275825732388, 0.00228528282605, -0.00271570938639, 0.00295055261813, -0.00293614249676, 0.00306079699658, -0.00366304744966, 0.00496980454773, -0.00500123109668, 0.00337229063734, -0.00150297640357], [0.000197023502551, -0.000275825732388, 0.00325027783401, -0.00228727050126, 0.000784866278991, -0.00201618019491, 0.000462923373561, -0.0011203646427, 7.81904964242e-05, -0.00121295230929, 0.00140093115624, -0.00247331848368, 0.00184228306171], [-0.000320947787259, 0.00228528282605, -0.00228727050126, 0.00662522111088, -0.00404224777594, 0.00307714939117, -0.00163788534701, 0.00231185695156, -0.00314778881148, 0.00349790416658, -0.00367583986372, 0.00359288044274, -0.003212652402], [0.000244997499976, -0.00271570938639, 0.000784866278991, -0.00404224777594, 0.00745924422517, -0.00283738016151, 0.00136334856506, -0.00200595683418, 0.000952961563598, -0.00372390984558, 0.00353540689684, -0.00212772679515, 6.26505643595e-05], [-0.000474759581266, 0.00295055261813, -0.00201618019491, 0.00307714939117, -0.00283738016151, 0.00913677643985, -0.00568095035851, 0.00444412929937, -0.0027035404928, 0.00222695805132, -0.00319146970287, 0.0035146351438, -0.00214713835157], [0.000485094642499, -0.00293614249676, 0.000462923373561, -0.00163788534701, 0.00136334856506, -0.00568095035851, 0.00948634278029, -0.00778288766742, 0.00460277730599, -0.00363000133075, 0.00271764793433, -0.00292304996401, 0.00197293795645], [-0.000632822746411, 0.00306079699658, -0.0011203646427, 0.00231185695156, -0.00200595683418, 0.00444412929937, -0.00778288766742, 0.0169457998127, -0.00879153143615, 0.00592571683228, -0.00390526489355, 0.00264597032219, -0.00143466179725], [0.000546149618458, -0.00366304744966, 7.81904964242e-05, -0.00314778881148, 0.000952961563598, -0.0027035404928, 0.00460277730599, -0.00879153143615, 0.0170085076243, -0.0098295994103, 0.00565248960629, -0.00346697028726, 0.000330050621415], [-0.000752524181735, 0.00496980454773, -0.00121295230929, 0.00349790416658, -0.00372390984558, 0.00222695805132, -0.00363000133075, 0.00592571683228, -0.0098295994103, 0.0217045769095, -0.0119342347607, 0.00573121476918, -0.00270808418281], [0.000761232106015, -0.00500123109668, 0.00140093115624, -0.00367583986372, 0.00353540689684, -0.00319146970287, 0.00271764793433, -0.00390526489355, 0.00565248960629, -0.0119342347607, 0.0240270737559, -0.0114160589874, 0.00383340450935], [-0.000694211688824, 0.00337229063734, -0.00247331848368, 0.00359288044274, -0.00212772679515, 0.0035146351438, -0.00292304996401, 0.00264597032219, -0.00346697028726, 0.00573121476918, -0.0114160589874, 0.0224135443568, -0.00836380012333], [0.00049089215463, -0.00150297640357, 0.00184228306171, -0.003212652402, 6.26505643595e-05, -0.00214713835157, 0.00197293795645, -0.00143466179725, 0.000330050621415, -0.00270808418281, 0.00383340450935, -0.00836380012333, 0.0194555707276]]
    },
    "melbands": {
        "dmean": [0.00284886755981, 0.0035463757813, 0.00147041329183, 0.000530932971742, 0.000299973355141, 0.00031768012559, 0.000163817385328, 0.000150495849084, 0.000153346263687, 8.58227795106e-05, 6.39648715151e-05, 5.74772748223e-05, 4.35079455201e-05, 2.90984189633e-05, 2.76830178336e-05, 2.82458167931e-05, 3.17613958032e-05, 3.50487316609e-05, 2.38756929321e-05, 2.28473436437e-05, 1.56764963322e-05, 1.2224945749e-05, 1.18724874483e-05, 1.1382449884e-05, 9.33736555453e-06, 9.54673032538e-06, 7.34911918698e-06, 5.66611242903e-06, 3.71676901523e-06, 3.2918553643e-06, 3.25929727296e-06, 3.39115035786e-06, 3.27129350808e-06, 2.95628615277e-06, 2.26684505833e-06, 2.66684946837e-06, 3.31694309352e-06, 2.46613240051e-06, 1.90256355381e-06, 1.84002374226e-06],
        "dmean2": [0.00449346238747, 0.00633104145527, 0.00243786699139, 0.00088994577527, 0.000502122391481, 0.000516752363183, 0.000264843809418, 0.000248223193921, 0.000252730154898, 0.000137612805702, 0.000105173239717, 9.52685513766e-05, 7.30479951017e-05, 4.80895396322e-05, 4.60276714875e-05, 4.62204588985e-05, 5.23191920365e-05, 5.83127839491e-05, 3.82705293305e-05, 3.63167891919e-05, 2.54020415014e-05, 1.97210611077e-05, 1.88960893865e-05, 1.84080145118e-05, 1.50108789967e-05, 1.51838221427e-05, 1.14938638944e-05, 8.93555079529e-06, 5.69820485907e-06, 4.99911993757e-06, 4.98884219269e-06, 4.89402827952e-06, 4.65065431854e-06, 4.23040683017e-06, 3.2594100503e-06, 3.82771486329e-06, 4.78610218124e-06, 3.5897487578e-06, 2.67418045041e-06, 2.67767973128e-06],
        "dvar": [2.58706950262e-05, 5.52719757252e-05, 7.0877295002e-06, 1.44977025229e-06, 2.06201605124e-07, 2.23387061737e-07, 9.98115723405e-08, 8.92671891961e-08, 7.1289470327e-08, 4.01132176364e-08, 1.50495527151e-08, 1.37762254937e-08, 2.39814603731e-08, 4.12007183925e-09, 5.29734078825e-09, 2.27449481471e-09, 4.19003987062e-09, 1.02756310127e-08, 2.48279197201e-09, 1.76273862174e-09, 8.89914808511e-10, 4.62788862787e-10, 4.18362983146e-10, 3.48541029371e-10, 2.06181030582e-10, 2.33563307583e-10, 1.81413509215e-10, 1.10568700029e-10, 4.77249385844e-11, 4.64087795971e-11, 1.19622686756e-10, 9.42578723406e-11, 5.65263912067e-11, 3.23072055219e-11, 1.56926381611e-11, 3.75121184115e-11, 8.25988166753e-11, 3.05184141847e-11, 1.72685268862e-11, 2.30810752455e-11],
        "dvar2": [6.02582003921e-05, 0.000160503288498, 1.81543873623e-05, 4.01281749873e-06, 5.42079078514e-07, 5.717872682e-07, 2.63642562004e-07, 2.36203405279e-07, 1.9103191562e-07, 1.04973132409e-07, 4.11945322298e-08, 3.69225503505e-08, 6.62664803031e-08, 1.10157580835e-08, 1.44388794254e-08, 5.9065721203e-09, 1.11668416736e-08, 2.63762007791e-08, 5.99757843389e-09, 4.33375468845e-09, 2.22607399181e-09, 1.17017440182e-09, 1.05694475394e-09, 9.0065122027e-10, 5.14304321353e-10, 5.95289872951e-10, 4.67811511751e-10, 2.79957307336e-10, 1.10296757838e-10, 1.00762322097e-10, 2.97134733485e-10, 1.91525822979e-10, 1.15776638276e-10, 6.73855901634e-11, 3.04083425107e-11, 8.39982666756e-11, 1.88411564128e-10, 6.33330610178e-11, 3.4042837993e-11, 5.32611420245e-11],
        "max": [0.061045601964, 0.0542996488512, 0.0271615236998, 0.0224655605853, 0.00562176667154, 0.006086606998, 0.00471783755347, 0.0045016054064, 0.00366502115503, 0.0054508629255, 0.00160966976546, 0.00136124854907, 0.0031336969696, 0.00125216401648, 0.00216731522232, 0.000777028442826, 0.00103167816997, 0.00183725147508, 0.000954327406362, 0.000816237879917, 0.000384467508411, 0.000401822471758, 0.000324579828884, 0.000296391779557, 0.000185285432963, 0.0002308904659, 0.000293842196697, 0.00014972811914, 0.000101375146187, 0.000174122091266, 0.000391638604924, 0.000362643651897, 0.000197735877009, 0.000151138592628, 6.89341904945e-05, 0.000122475423268, 0.000190797378309, 9.38824596233e-05, 8.30563294585e-05, 9.24286650843e-05],
        "mean": [0.00497570633888, 0.00487291999161, 0.00200720992871, 0.000753468601033, 0.000477647263324, 0.000503735151142, 0.000242073103436, 0.000204076088266, 0.000213399529457, 0.000130325192004, 9.50008325162e-05, 8.31621364341e-05, 6.10129900451e-05, 4.63470096292e-05, 4.24697827839e-05, 4.56857123936e-05, 4.61066083517e-05, 4.40101539425e-05, 3.52992392436e-05, 3.55103256879e-05, 2.4875278541e-05, 1.91771523532e-05, 1.898784285e-05, 1.94270141947e-05, 1.55794186867e-05, 1.5631894712e-05, 1.26310278574e-05, 9.14350584935e-06, 6.29645137451e-06, 5.31240129931e-06, 5.04968738824e-06, 5.63137291465e-06, 5.81533777222e-06, 5.72973931412e-06, 4.6178906814e-06, 5.00689247929e-06, 5.67186953049e-06, 4.51243067801e-06, 3.52647066393e-06, 3.28479404743e-06],
        "median": [0.00248777586967, 0.00301155680791, 0.000872007803991, 0.000436056929175, 0.000293804885587, 0.000283206667518, 0.000133534762426, 8.16121464595e-05, 9.9258038972e-05, 5.68744035263e-05, 3.79967968911e-05, 3.23027452396e-05, 2.05689138966e-05, 1.80533024832e-05, 1.56224396051e-05, 2.32034217333e-05, 2.24283594434e-05, 1.62718170031e-05, 1.47191376527e-05, 1.48284707393e-05, 1.17135932669e-05, 9.55881932896e-06, 1.07942823888e-05, 1.18866737466e-05, 9.68115091382e-06, 8.84650580701e-06, 6.63289301883e-06, 4.30861837231e-06, 2.90024968308e-06, 2.36834489442e-06, 2.03422018785e-06, 2.02533055926e-06, 2.09703239307e-06, 2.3420116122e-06, 1.94540075427e-06, 1.66438314864e-06, 1.59436081049e-06, 1.30921864638e-06, 9.74428076006e-07, 8.82183712747e-07],
        "min": [1.14792297636e-24, 1.95344383504e-24, 4.76934140915e-24, 4.90052069465e-24, 2.476326481e-24, 3.33278034124e-24, 8.17618908407e-24, 4.02688406339e-24, 4.6748449446e-24, 6.28052280223e-24, 8.83211509385e-24, 5.13565252036e-24, 4.63141420747e-24, 5.45850567874e-24, 6.14964762261e-24, 6.57390056732e-24, 8.10801178034e-24, 4.42435873023e-24, 6.71359757844e-24, 6.31918408634e-24, 7.56558628874e-24, 4.67639032312e-24, 5.48961716955e-24, 8.57968985937e-24, 8.04086472894e-24, 7.99890206195e-24, 1.01117019135e-23, 1.31974031306e-23, 1.08340768328e-23, 8.29410722332e-24, 6.20751885305e-24, 1.11053171887e-23, 1.05463508617e-23, 9.49412874323e-24, 1.45166814867e-23, 8.44352536738e-24, 9.95981700141e-24, 1.12530771472e-23, 7.92306334111e-24, 6.4623449857e-24],
        "var": [4.53712164017e-05, 4.75754895888e-05, 9.97959341476e-06, 1.29888258016e-06, 3.16994913874e-07, 3.90907644032e-07, 1.20224385114e-07, 1.15281657997e-07, 1.00481180709e-07, 5.68445095439e-08, 2.68250310853e-08, 2.1412697393e-08, 2.13359445667e-08, 7.05375979848e-09, 7.15687864528e-09, 4.10641609605e-09, 5.04066965945e-09, 1.02678239244e-08, 3.57917606664e-09, 2.88526824654e-09, 1.37508793241e-09, 6.81529943591e-10, 6.07352779181e-10, 5.97253801971e-10, 3.27251975518e-10, 3.87257587109e-10, 2.997079529e-10, 1.88889237585e-10, 8.80125833325e-11, 7.87646545208e-11, 1.38849709508e-10, 1.59299781699e-10, 1.23124288542e-10, 8.6852254555e-11, 5.62762926537e-11, 1.01557665055e-10, 1.78622297509e-10, 8.58462537168e-11, 5.83821602174e-11, 5.36414766772e-11]
    },
    "mfcc": {
        "mean": [-619.08416748, 100.929832458, 20.0024700165, 27.2770404816, 15.4071111679, 5.62855672836, 1.90998458862, 5.88434934616, -1.80102717876, 6.9555811882, 2.76210093498, -1.53489613533, -0.605130970478],
        "cov": [[6133.25341797, -45.4129219055, -153.814849854, -102.732658386, -7.96332073212, 31.5102939606, -0.125568374991, -14.6206941605, -1.69485878944, 41.1108131409, 17.7947292328, -1.07246792316, 11.4744186401], [-45.4129219055, 956.366210938, -277.858856201, 33.277381897, -29.7817268372, -76.3272705078, 26.3837604523, 77.5960998535, -32.712310791, 30.4029769897, 0.518151283264, 11.6390485764, 32.6341323853], [-153.814849854, -277.858856201, 517.34173584, 59.7146339417, 49.3970718384, 112.405601501, 45.1071815491, 53.0126838684, 56.639591217, 11.2337722778, 53.7126998901, 46.8934402466, 5.16661405563], [-102.732658386, 33.277381897, 59.7146339417, 407.207794189, 190.696731567, 9.90781402588, -18.4407138824, 20.9351902008, 65.3885955811, 13.0035772324, -10.0564222336, 45.8303604126, 46.5207519531], [-7.96332073212, -29.7817268372, 49.3970718384, 190.696731567, 286.051269531, 69.8876419067, -45.0599021912, -17.8623809814, 48.8724555969, 13.0283985138, -11.919503212, 26.9738483429, 28.7710170746], [31.5102939606, -76.3272705078, 112.405601501, 9.90781402588, 69.8876419067, 211.722854614, 90.690284729, 25.4931049347, 59.0505867004, 24.1538619995, 38.6331596375, 21.6732673645, 1.78321051598], [-0.125568374991, 26.3837604523, 45.1071815491, -18.4407138824, -45.0599021912, 90.690284729, 198.41229248, 83.1981811523, 41.1865386963, 26.1014595032, 37.0646934509, 19.5257587433, -1.2617483139], [-14.6206941605, 77.5960998535, 53.0126838684, 20.9351902008, -17.8623809814, 25.4931049347, 83.1981811523, 150.757293701, 61.9048919678, 20.9413814545, 23.9446964264, 25.3985042572, 20.2024078369], [-1.69485878944, -32.712310791, 56.639591217, 65.3885955811, 48.8724555969, 59.0505867004, 41.1865386963, 61.9048919678, 146.285919189, 48.8771018982, 9.47316646576, 29.708278656, 25.9481868744], [41.1108131409, 30.4029769897, 11.2337722778, 13.0035772324, 13.0283985138, 24.1538619995, 26.1014595032, 20.9413814545, 48.8771018982, 102.962097168, 37.4143867493, 10.5683937073, 6.7607665062], [17.7947292328, 0.518151283264, 53.7126998901, -10.0564222336, -11.919503212, 38.6331596375, 37.0646934509, 23.9446964264, 9.47316646576, 37.4143867493, 92.9028015137, 27.8793106079, -4.81360054016], [-1.07246792316, 11.6390485764, 46.8934402466, 45.8303604126, 26.9738483429, 21.6732673645, 19.5257587433, 25.3985042572, 29.708278656, 10.5683937073, 27.8793106079, 74.0637054443, 34.0416984558], [11.4744186401, 32.6341323853, 5.16661405563, 46.5207519531, 28.7710170746, 1.78321051598, -1.2617483139, 20.2024078369, 25.9481868744, 6.7607665062, -4.81360054016, 34.0416984558, 68.8773880005]],
