{
"lowlevel": {
    "average_loudness": 0.805135726929,
    "barkbands_crest": {
        "dmean": 2.8919608593,
        "dmean2": 4.85081672668,
        "dvar": 6.87470388412,
        "dvar2": 17.7879371643,
        "max": 25.8491477966,
        "mean": 9.94146728516,
        "median": 9.1265745163,
        "min": 2.65179419518,
        "var": 17.1940002441
    },
    "barkbands_flatness_db": {
        "dmean": 0.0332257524133,
        "dmean2": 0.0512549467385,
        "dvar": 0.00123908335809,
        "dvar2": 0.00275480607525,
        "max": 0.530999004841,
        "mean": 0.211703330278,
        "median": 0.197740539908,
        "min": 0.0662518888712,
        "var": 0.00516609847546
    },
    "barkbands_kurtosis": {
        "dmean": 5.74112462997,
        "dmean2": 9.33368301392,
        "dvar": 159.036010742,
        "dvar2": 440.611694336,
        "max": 223.900924683,
        "mean": 8.26024532318,
        "median": 3.70735740662,
        "min": -1.71162307262,
        "var": 213.649200439
    },
    "barkbands_skewness": {
        "dmean": 0.764706909657,
        "dmean2": 1.20240187645,
        "dvar": 0.833309471607,
        "dvar2": 2.1692070961,
        "max": 13.1695261002,
        "mean": 1.7938182354,
        "median": 1.60274350643,
        "min": -3.0906021595,
        "var": 1.97512030602
    },
    "barkbands_spread": {
        "dmean": 5.24538850784,
        "dmean2": 8.29422855377,
        "dvar": 51.623374939,
        "dvar2": 123.377815247,
        "max": 79.1650772095,
        "mean": 13.5226716995,
        "median": 11.4321317673,
        "min": 0.375488758087,
        "var": 111.13697052
    },
    "dissonance": {
        "dmean": 0.0280859917402,
        "dmean2": 0.0458550788462,
        "dvar": 0.000721317308489,
        "dvar2": 0.0020106213633,
        "max": 0.500000059605,
        "mean": 0.444334000349,
        "median": 0.453271448612,
        "min": 0.217089489102,
        "var": 0.00166419928428
    },
    "dynamic_complexity": 3.79512500763,
    "erbbands_crest": {
        "dmean": 3.21668314934,
        "dmean2": 5.15889406204,
        "dvar": 8.32637119293,
        "dvar2": 19.4194412231,
        "max": 33.6189460754,
        "mean": 10.3467664719,
        "median": 9.01762008667,
        "min": 2.45778942108,
        "var": 25.9756889343
    },
    "erbbands_flatness_db": {
        "dmean": 0.0232345554978,
        "dmean2": 0.033474419266,
        "dvar": 0.000528544303961,
        "dvar2": 0.000974650436547,
        "max": 0.456823170185,
        "mean": 0.221632108092,
        "median": 0.215130746365,
        "min": 0.0996179059148,
        "var": 0.00291132088751
    },
    "erbbands_kurtosis": {
        "dmean": 1.88139128685,
        "dmean2": 2.90595650673,
        "dvar": 7.9468793869,
        "dvar2": 17.365694046,
        "max": 32.3816108704,
        "mean": 2.15986776352,
        "median": 0.657164573669,
        "min": -1.81849730015,
        "var": 17.9620342255
    },
    "erbbands_skewness": {
        "dmean": 0.522171258926,
        "dmean2": 0.791474163532,
        "dvar": 0.278230398893,
        "dvar2": 0.567771792412,
        "max": 5.06557512283,
        "mean": 0.799395859241,
        "median": 0.746922850609,
        "min": -4.64528942108,
        "var": 1.12911903858
    },
    "erbbands_spread": {
        "dmean": 8.99406051636,
        "dmean2": 13.7678194046,
        "dvar": 133.667602539,
        "dvar2": 279.109588623,
        "max": 145.07460022,
        "mean": 29.8212013245,
        "median": 25.9948062897,
        "min": 1.24941456318,
        "var": 334.938354492
    },
    "hfc": {
        "dmean": 6.95005321503,
        "dmean2": 11.1706571579,
        "dvar": 494.015197754,
        "dvar2": 1309.88708496,
        "max": 235.898010254,
        "mean": 10.0208187103,
        "median": 4.60041618347,
        "min": 2.39163018705e-05,
        "var": 417.492797852
    },
    "melbands_crest": {
        "dmean": 3.8165230751,
        "dmean2": 6.33349943161,
        "dvar": 11.692694664,
        "dvar2": 29.5799255371,
        "max": 38.5630912781,
        "mean": 14.0523071289,
        "median": 13.0217027664,
        "min": 3.80808997154,
        "var": 32.6862106323
    },
    "melbands_flatness_db": {
        "dmean": 0.0408316701651,
        "dmean2": 0.0598927251995,
        "dvar": 0.0019709195476,
        "dvar2": 0.00407418375835,
        "max": 0.674430191517,
        "mean": 0.252705007792,
        "median": 0.235286220908,
        "min": 0.0273417439312,
        "var": 0.00910910125822
    },
    "melbands_kurtosis": {
        "dmean": 10.9205617905,
        "dmean2": 17.6978492737,
        "dvar": 579.87677002,
        "dvar2": 1463.80700684,
        "max": 467.162322998,
        "mean": 16.7696914673,
        "median": 8.14636993408,
        "min": -1.60359334946,
        "var": 809.935302734
    },
    "melbands_skewness": {
        "dmean": 0.930068552494,
        "dmean2": 1.43494570255,
        "dvar": 1.2641056776,
        "dvar2": 3.04457330704,
        "max": 15.6930561066,
        "mean": 2.49443387985,
        "median": 2.16078853607,
        "min": -2.59519672394,
        "var": 3.31967711449
    },
    "melbands_spread": {
        "dmean": 6.44770622253,
        "dmean2": 10.1925239563,
        "dvar": 90.1798706055,
        "dvar2": 221.655700684,
        "max": 119.167488098,
        "mean": 15.602268219,
        "median": 12.8892326355,
        "min": 0.358115285635,
        "var": 168.38381958
    },
    "pitch_salience": {
        "dmean": 0.0873852074146,
        "dmean2": 0.145794421434,
        "dvar": 0.00655058817938,
        "dvar2": 0.0172988213599,
        "max": 0.906257808208,
        "mean": 0.593261420727,
        "median": 0.611070036888,
        "min": 0.0455770716071,
        "var": 0.0155513798818
    },
    "silence_rate_20dB": {
        "dmean": 0,
        "dmean2": 0,
        "dvar": 0,
        "dvar2": 0,
        "max": 1,
        "mean": 1,
        "median": 1,
        "min": 1,
        "var": 0
    },
    "silence_rate_30dB": {
        "dmean": 0.0325077399611,
        "dmean2": 0.0650406479836,
        "dvar": 0.0314531810582,
        "dvar2": 0.0755190774798,
        "max": 1,
        "mean": 0.974081218243,
        "median": 1,
        "min": 0,
        "var": 0.0252466294914
    },
    "silence_rate_60dB": {
        "dmean": 0.0913312658668,
        "dmean2": 0.182733252645,
        "dvar": 0.0829910859466,
        "dvar2": 0.174891650677,
        "max": 1,
        "mean": 0.145841389894,
        "median": 0,
        "min": 0,
        "var": 0.124572187662
    },
    "spectral_centroid": {
        "dmean": 261.737030029,
        "dmean2": 402.979217529,
        "dvar": 131431.515625,
        "dvar2": 303659.75,
        "max": 3791.98999023,
        "mean": 903.42755127,
        "median": 827.017944336,
        "min": 118.566200256,
        "var": 305425.09375
    },
    "spectral_complexity": {
        "dmean": 3.27399373055,
        "dmean2": 4.79674816132,
        "dvar": 25.2340908051,
        "dvar2": 45.8126106262,
        "max": 58,
        "mean": 11.0673112869,
        "median": 9,
        "min": 0,
        "var": 65.8201446533
    },
    "spectral_decrease": {
        "dmean": 2.9438260718e-09,
        "dmean2": 4.66550265088e-09,
        "dvar": 4.51953851208e-17,
        "dvar2": 1.06534563089e-16,
        "max": -2.93770033527e-14,
        "mean": -4.89457008257e-09,
        "median": -2.04668904047e-09,
        "min": -5.84933985692e-08,
        "var": 5.91431689521e-17
    },
    "spectral_energy": {
        "dmean": 0.0116318389773,
        "dmean2": 0.0184043701738,
        "dvar": 0.000698378426023,
        "dvar2": 0.00164424441755,
        "max": 0.224439248443,
        "mean": 0.019382128492,
        "median": 0.00818170886487,
        "min": 1.1304486236e-07,
        "var": 0.000910933769774
    },
    "spectral_energyband_high": {
        "dmean": 0.000466955098091,
        "dmean2": 0.000822644622531,
        "dvar": 5.61321394343e-06,
        "dvar2": 1.60977378982e-05,
        "max": 0.0254082214087,
        "mean": 0.000368467037333,
        "median": 3.86553947465e-05,
        "min": 1.80161419117e-09,
        "var": 3.48002254213e-06
    },
    "spectral_energyband_low": {
        "dmean": 0.00583702512085,
        "dmean2": 0.00977484788746,
        "dvar": 0.000293026940199,
        "dvar2": 0.000721107819118,
        "max": 0.188994958997,
        "mean": 0.00783099606633,
        "median": 0.00124477257486,
        "min": 1.12930198526e-08,
        "var": 0.00034172742744
    },
    "spectral_energyband_middle_high": {
        "dmean": 0.00164880265947,
        "dmean2": 0.00266541331075,
        "dvar": 1.76191533683e-05,
        "dvar2": 4.4221389544e-05,
        "max": 0.0482804216444,
        "mean": 0.00261575775221,
        "median": 0.000882215972524,
        "min": 3.74788600155e-09,
        "var": 2.42971618718e-05
    },
    "spectral_energyband_middle_low": {
        "dmean": 0.00707380333915,
        "dmean2": 0.0115121994168,
        "dvar": 0.000300582294585,
        "dvar2": 0.000762169947848,
        "max": 0.148804977536,
        "mean": 0.0105229737237,
        "median": 0.00444564176723,
        "min": 2.90424018168e-09,
        "var": 0.000318399601383
    },
    "spectral_entropy": {
        "dmean": 0.274376988411,
        "dmean2": 0.404857456684,
        "dvar": 0.104739174247,
        "dvar2": 0.2052488029,
        "max": 8.391913414,
        "mean": 7.08559894562,
        "median": 7.20894670486,
        "min": 4.67852115631,
        "var": 0.433322072029
    },
    "spectral_flux": {
        "dmean": 0.0311838220805,
        "dmean2": 0.0486598350108,
        "dvar": 0.0022224530112,
        "dvar2": 0.00445261551067,
        "max": 0.426171839237,
        "mean": 0.074773222208,
        "median": 0.0526563450694,
        "min": 0.000336221448379,
        "var": 0.00447189854458
    },
    "spectral_kurtosis": {
        "dmean": 4.80996704102,
        "dmean2": 7.8228969574,
        "dvar": 60.7249946594,
        "dvar2": 137.23475647,
        "max": 142.943084717,
        "mean": 8.5581445694,
        "median": 5.02490997314,
        "min": -0.537855148315,
        "var": 130.408340454
    },
    "spectral_rms": {
        "dmean": 0.00103238830343,
        "dmean2": 0.00154985848349,
        "dvar": 2.60606634583e-06,
        "dvar2": 5.48664911548e-06,
        "max": 0.014797469601,
        "mean": 0.00360897299834,
        "median": 0.00282527063973,
        "min": 1.05017934402e-05,
        "var": 5.88468628848e-06
    },
    "spectral_rolloff": {
        "dmean": 410.034057617,
        "dmean2": 693.773498535,
        "dvar": 666902.6875,
        "dvar2": 1740889,
        "max": 8010.3515625,
        "mean": 946.003173828,
        "median": 710.595703125,
        "min": 21.533203125,
        "var": 769355.625
    },
    "spectral_skewness": {
        "dmean": 0.480774402618,
        "dmean2": 0.758354485035,
        "dvar": 0.38247641921,
        "dvar2": 0.832301080227,
        "max": 9.98365879059,
        "mean": 1.98752903938,
        "median": 1.75855779648,
        "min": 0.312594383955,
        "var": 1.04436397552
    },
    "spectral_spread": {
        "dmean": 577513,
        "dmean2": 822284.125,
        "dvar": 417484767232,
        "dvar2": 774651314176,
        "max": 9288035,
        "mean": 3434719,
        "median": 3263635.5,
        "min": 713531.6875,
        "var": 1.38645287731e+12
    },
    "spectral_strongpeak": {
        "dmean": 0.363356918097,
        "dmean2": 0.595190823078,
        "dvar": 0.234297662973,
        "dvar2": 0.55751657486,
        "max": 7.64291667938,
        "mean": 0.663855969906,
        "median": 0.393590003252,
        "min": 0,
        "var": 0.695601463318
    },
    "zerocrossingrate": {
        "dmean": 0.0080039203167,
        "dmean2": 0.0092858504504,
        "dvar": 9.15060954867e-05,
        "dvar2": 0.000116361974506,
        "max": 0.171875,
        "mean": 0.0382147617638,
        "median": 0.03564453125,
        "min": 0.00341796875,
        "var": 0.000459627888631
    },
    "barkbands": {
        "dmean": [0.000393794383854, 0.00182201748248, 0.0032024870161, 0.00281687476672, 0.00216161133721, 0.00173565070145, 0.00101831788197, 0.000539163069334, 0.000498936336953, 0.000462174793938, 0.000326070701703, 0.000238290667767, 0.000245080882451, 0.000169127553818, 0.00017257311265, 0.000199071117095, 0.000152775406605, 0.000110936998681, 8.39222775539e-05, 6.55836120131e-05, 0.000156729700393, 0.000184867574717, 4.96900902363e-05, 4.15955837525e-05, 1.81099676411e-05, 2.10596233785e-08, 8.93600216045e-09],
        "dmean2": [0.000691910041496, 0.00310582667589, 0.00541108846664, 0.0048466171138, 0.00360810547136, 0.00286820787005, 0.00168925093021, 0.000882394204382, 0.000789283949416, 0.000750018749386, 0.000528237549588, 0.000390123954276, 0.000367086409824, 0.000277455663309, 0.000281345186522, 0.000343414227245, 0.000268130446784, 0.000189849874005, 0.000138723378768, 0.000112122979772, 0.000285975023871, 0.000338817975717, 8.31043435028e-05, 6.61567974021e-05, 2.88566461677e-05, 3.60796228449e-08, 1.74751875193e-08],
        "dvar": [2.37119297708e-06, 3.88846019632e-05, 0.000131275402964, 6.52418748359e-05, 3.62334030797e-05, 2.80896347249e-05, 5.708860499e-06, 1.87370790172e-06, 1.51695326167e-06, 4.08680352848e-06, 1.53354915255e-06, 3.76215211872e-07, 5.20976527696e-07, 1.59959668622e-07, 2.09985131505e-07, 5.83119287967e-07, 4.24548062483e-07, 1.93362538425e-07, 8.25518071679e-08, 7.41317194297e-08, 7.78729315698e-07, 1.07614437184e-06, 4.31227036302e-08, 1.91030640195e-08, 4.60994131757e-09, 1.40746026894e-14, 1.59860883889e-14],
        "dvar2": [7.23728771845e-06, 0.000108337313577, 0.000354764517397, 0.000166643352713, 9.53606577241e-05, 6.99615848134e-05, 1.49157694977e-05, 4.6169129746e-06, 3.30268881044e-06, 9.85606766335e-06, 3.01551858684e-06, 8.58223415889e-07, 9.8008695204e-07, 4.0857267436e-07, 5.05407797391e-07, 1.55843690663e-06, 1.20615868582e-06, 5.30281511146e-07, 2.28731181551e-07, 2.08341404573e-07, 2.27310579248e-06, 3.12225074595e-06, 1.17695741153e-07, 4.78500368217e-08, 1.18711485086e-08, 4.00288627928e-14, 4.7807694896e-14],
        "max": [0.0308484882116, 0.0907141119242, 0.153447315097, 0.0866636484861, 0.078820168972, 0.0551960356534, 0.0341311134398, 0.034359715879, 0.0297132376581, 0.0473049543798, 0.0355122461915, 0.0110043194145, 0.0230928640813, 0.00612113066018, 0.00793655030429, 0.0111916763708, 0.00718272384256, 0.00703979330137, 0.00332989706658, 0.00311450683512, 0.0103537142277, 0.0113298650831, 0.00247113290243, 0.00185726652853, 0.000863929919433, 2.82875043922e-06, 3.09255824504e-06],
        "mean": [0.000408344058087, 0.0021779849194, 0.00337211997248, 0.00305415410548, 0.00262871035375, 0.00191703741439, 0.00138726772275, 0.000666029925924, 0.000701192067936, 0.000618186080828, 0.000389245484257, 0.000311816547764, 0.000392232410377, 0.000218135566683, 0.000203635456273, 0.000190116843442, 0.000141955752042, 0.000108139276563, 9.51983311097e-05, 5.78071085329e-05, 0.000113799513201, 0.00012411896023, 4.39996765635e-05, 4.47106503998e-05, 1.61790194397e-05, 1.62678936988e-08, 4.92975349431e-09],
        "median": [2.23361839744e-05, 0.000171798426891, 0.00032993129571, 0.000707623898052, 0.000580249819905, 0.000759234884754, 0.000496248831041, 0.000167367325048, 0.000210884871194, 7.33014094294e-05, 4.88551413582e-05, 5.70385891479e-05, 7.43527634768e-05, 4.77805988339e-05, 4.60939299955e-05, 2.60257220361e-05, 3.42830426234e-05, 2.62043431576e-05, 3.5599758121e-05, 9.4338611234e-06, 8.96794335858e-06, 6.85192844685e-06, 3.77205833502e-06, 6.75896581015e-06, 6.80620189542e-07, 8.10594480427e-10, 1.54671803143e-10],
        "min": [1.48049039694e-09, 8.97191032578e-09, 7.27995497218e-10, 7.49097173181e-10, 1.35971578441e-09, 2.88140761251e-10, 2.38112196627e-10, 1.38382638681e-10, 1.23052942835e-10, 2.18613113723e-11, 2.65959927692e-11, 1.67331790785e-11, 2.64704869135e-10, 1.89273902107e-10, 4.35255859133e-10, 2.20458484801e-10, 5.40508297842e-11, 8.58458512609e-11, 1.62565827466e-09, 5.93525617543e-10, 5.08860176218e-10, 3.96473992526e-10, 2.46044323804e-10, 1.33029018357e-10, 1.0896918784e-11, 3.78364136897e-12, 4.50157359305e-12],
        "var": [2.51095775639e-06, 4.20114993176e-05, 0.000104223079688, 6.53084935038e-05, 4.07475818065e-05, 2.44150705839e-05, 7.35595813239e-06, 2.84506495518e-06, 2.78521929431e-06, 7.07521621734e-06, 2.71740645985e-06, 6.03459170634e-07, 1.69756003743e-06, 2.13604309351e-07, 2.63291724423e-07, 4.61877618818e-07, 2.77343929156e-07, 1.36682459129e-07, 6.096409777e-08, 4.94257506034e-08, 4.40706884319e-07, 6.15067790477e-07, 3.27194698002e-08, 2.02930348081e-08, 4.00390609556e-09, 8.77430079819e-15, 8.10540819711e-15]
    },
    "erbbands": {
        "dmean": [0.0411368012428, 0.484123855829, 2.77253317833, 8.08251190186, 6.24083900452, 8.34761714935, 13.6703739166, 12.1466884613, 14.8586883545, 12.4026956558, 11.1650791168, 10.1758775711, 12.9513835907, 14.680888176, 10.6911563873, 10.0309333801, 11.3096561432, 8.07019042969, 8.58798694611, 9.61605930328, 10.2615785599, 8.29410457611, 5.98014354706, 5.31646108627, 3.90455913544, 2.76088666916, 5.25136756897, 7.27506875992, 7.50631380081, 2.31301999092, 1.32020938396, 0.862295925617, 0.730194568634, 0.377027660608, 0.025904757902, 0.00118386826944, 7.18196606613e-05, 1.5032704141e-05, 8.64136200107e-06, 1.38907671499e-05],
        "dmean2": [0.0640065595508, 0.812528192997, 4.70442438126, 13.8571243286, 10.6062755585, 13.788564682, 22.7169628143, 20.3315391541, 24.6087646484, 20.884431839, 17.4424095154, 16.1782455444, 21.1357021332, 23.5013542175, 17.1889858246, 15.8043985367, 16.6477413177, 12.7442321777, 13.7363319397, 16.1798839569, 17.447769165, 14.4428520203, 10.2173080444, 8.97824287415, 6.61656618118, 4.63227367401, 9.51245212555, 13.3466444016, 13.9030923843, 3.86732292175, 2.1639008522, 1.37268257141, 1.17473781109, 0.59854477644, 0.0403860248625, 0.00185937772039, 0.00011494406499, 2.58818308794e-05, 1.38384584716e-05, 2.18052864511e-05],
        "dvar": [0.0187771413475, 2.88216161728, 103.770233154, 601.277832031, 316.647491455, 578.047912598, 2195.00244141, 1171.82617188, 1358.0213623, 993.603149414, 758.28326416, 593.242736816, 2436.66748047, 3629.89941406, 2087.54785156, 590.618408203, 1230.21057129, 300.855377197, 469.639862061, 992.883056641, 1466.23828125, 1205.25769043, 573.252990723, 419.660552979, 231.657272339, 111.560623169, 828.845214844, 1725.73876953, 1960.13586426, 85.8966751099, 25.7477416992, 7.93418645859, 6.74003791809, 2.00099349022, 0.00857152044773, 1.90316641238e-05, 8.37601490389e-08, 1.13863958262e-08, 9.29638310776e-10, 9.98551685782e-10],
        "dvar2": [0.0462595634162, 7.74372529984, 270.776947021, 1592.39111328, 783.449462891, 1520.94213867, 5764.44775391, 3035.26586914, 3481.36206055, 2584.04614258, 1782.39562988, 1385.62890625, 6095.26025391, 8487.31347656, 4374.09863281, 1322.65100098, 2222.15649414, 741.004577637, 1133.25268555, 2624.41040039, 3838.04150391, 3405.19018555, 1578.29943848, 1165.90075684, 654.810791016, 309.05279541, 2408.77954102, 5045.9296875, 5713.63134766, 233.062088013, 68.6054000854, 18.8753471375, 17.723783493, 5.17038106918, 0.0215270388871, 4.85003474751e-05, 2.23466642524e-07, 3.3212423034e-08, 2.52511944687e-09, 2.35699881834e-09],
        "max": [2.68868517876, 25.5353374481, 151.00730896, 277.917633057, 205.960205078, 290.651397705, 582.383361816, 413.514343262, 595.22845459, 445.596282959, 940.898132324, 569.852478027, 1241.77075195, 1299.90307617, 1643.50549316, 532.712646484, 1269.43139648, 242.364944458, 337.799377441, 508.22958374, 489.322692871, 422.185974121, 451.354522705, 248.404449463, 168.040786743, 122.63936615, 382.866149902, 440.036956787, 487.462371826, 105.781097412, 71.728767395, 30.8659324646, 38.8114929199, 18.6452140808, 1.19082129002, 0.0670017898083, 0.00537020340562, 0.0026469163131, 0.000643202511128, 0.000251753051998],
        "mean": [0.0526093877852, 0.560690522194, 3.15926671028, 8.75788211823, 7.24863624573, 9.83852386475, 14.7180547714, 14.0624256134, 19.9682006836, 15.8192834854, 15.6687269211, 14.5274038315, 18.8736515045, 18.890460968, 13.181517601, 14.9809074402, 18.6187095642, 11.3824386597, 11.0380134583, 10.5381622314, 10.1097946167, 7.89668512344, 5.94946432114, 5.68018293381, 4.08542394638, 2.56078648567, 3.79844284058, 5.17454910278, 4.90190601349, 1.9616215229, 1.21286988258, 0.951351523399, 0.730233609676, 0.343358337879, 0.0244033038616, 0.00111379777081, 6.96232673363e-05, 1.28423826027e-05, 1.21468874568e-05, 2.27564360102e-05],
        "median": [0.00480466196314, 0.0322146639228, 0.248545959592, 1.98818719387, 1.3250772953, 1.77900993824, 6.33555603027, 4.97802448273, 6.05626869202, 6.52264595032, 5.23188257217, 4.36002826691, 4.46722793579, 2.66630554199, 2.45230722427, 3.31153798103, 4.17966365814, 2.80896043777, 3.0737016201, 1.95258057117, 1.76627838612, 2.00476431847, 1.5081127882, 1.70271813869, 1.4474517107, 0.462757945061, 0.288386970758, 0.381436139345, 0.264905303717, 0.134014204144, 0.108452118933, 0.128941267729, 0.114586994052, 0.0209733694792, 0.000904359621927, 5.59498694201e-05, 9.55229916144e-06, 2.00659405891e-06, 4.83647681904e-06, 9.71760709945e-06],
        "min": [2.70835982974e-07, 5.05351124502e-07, 6.28263592262e-07, 1.96791211238e-06, 4.38602592112e-06, 4.23993378718e-06, 2.14865349335e-06, 2.3600100576e-06, 4.35038737123e-06, 1.74350850557e-06, 2.85405349132e-06, 3.31206206283e-06, 1.40732674936e-06, 7.25596521534e-07, 1.33261380597e-06, 1.38011739637e-06, 1.36662365549e-05, 7.12210839993e-06, 3.26715562551e-05, 7.57392399464e-06, 1.27782504933e-05, 3.18939669341e-06, 4.50239895144e-06, 6.11878203927e-06, 0.000122441590065, 3.07020854962e-05, 2.21819936996e-05, 1.45694466482e-05, 1.5737461581e-05, 9.50859339355e-06, 6.29599981039e-06, 3.00559781863e-06, 1.77033030013e-06, 2.60951736664e-07, 3.84711711376e-08, 1.46772194398e-08, 7.45516448575e-09, 3.00617108984e-09, 7.77873765401e-10, 2.01526892396e-10],
        "var": [0.0243618711829, 2.93427181244, 89.9693603516, 533.554382324, 346.146575928, 664.129821777, 1683.9987793, 1033.61474609, 1874.97619629, 1033.58959961, 1485.51660156, 1068.7199707, 4642.33789062, 5824.32861328, 3459.12182617, 1181.08520508, 3932.11132812, 460.572692871, 644.484863281, 899.750976562, 1203.23120117, 801.077575684, 401.967590332, 298.351196289, 153.826400757, 79.0681762695, 474.804290771, 969.009765625, 1094.53686523, 64.9399795532, 21.0940227509, 9.39728546143, 6.02212238312, 1.74135482311, 0.00822103582323, 1.76082048711e-05, 6.88891077516e-08, 6.62713706134e-09, 7.48558992569e-10, 1.27274490946e-09]
    },
    "gfcc": {
        "mean": [-100.181037903, 148.576660156, -139.566192627, 40.9713783264, -74.9074783325, 6.3930721283, -40.9863891602, -10.3439655304, -8.89804553986, -21.9332675934, 5.84780025482, -25.1250114441, 1.48718261719],
        "cov": [[6875.90332031, -1231.49279785, -711.558532715, 312.378448486, -461.727172852, 628.74005127, -178.137771606, 240.585235596, -133.815673828, 209.543395996, -116.217262268, 210.157821655, 3.67258167267], [-1231.49279785, 1266.46044922, 426.306060791, -318.762054443, 489.012817383, -289.095153809, 245.936294556, -177.593811035, 49.0357551575, -126.058433533, 110.182556152, -32.2989883423, -7.92571926117], [-711.558532715, 426.306060791, 1076.33056641, 299.226837158, 226.540298462, -8.50060558319, 94.2375030518, -10.5945100784, -4.78948879242, 11.7943124771, -8.31900119781, -18.2293930054, 14.21479702], [312.378448486, -318.762054443, 299.226837158, 658.75958252, 78.2769699097, 150.177688599, 29.9190731049, 41.0397758484, 66.6312332153, 129.95640564, -22.2875080109, 66.3243865967, 53.6404418945], [-461.727172852, 489.012817383, 226.540298462, 78.2769699097, 534.63470459, 38.3603515625, 164.195404053, -89.3410263062, 68.5527191162, 22.1188964844, 37.2823638916, 54.7202301025, 34.35779953], [628.74005127, -289.095153809, -8.50060558319, 150.177688599, 38.3603515625, 404.5496521, 106.587509155, 73.9095916748, -15.4076728821, 104.021598816, 0.87166595459, 71.4697265625, 12.216668129], [-178.137771606, 245.936294556, 94.2375030518, 29.9190731049, 164.195404053, 106.587509155, 339.862121582, -16.650642395, 14.3589000702, 34.4338188171, 36.0803184509, 59.1601257324, 19.5522861481], [240.585235596, -177.593811035, -10.5945100784, 41.0397758484, -89.3410263062, 73.9095916748, -16.650642395, 184.851425171, 43.8103370667, 36.7619628906, 1.33920705318, -0.355413734913, 4.83181715012], [-133.815673828, 49.0357551575, -4.78948879242, 66.6312332153, 68.5527191162, -15.4076728821, 14.3589000702, 43.8103370667, 131.099060059, 41.8661155701, 1.30000674725, 7.7666220665, 23.1023921967], [209.543395996, -126.058433533, 11.7943124771, 129.95640564, 22.1188964844, 104.021598816, 34.4338188171, 36.7619628906, 41.8661155701, 150.799468994, 41.7758102417, 47.3414268494, 25.268157959], [-116.217262268, 110.182556152, -8.31900119781, -22.2875080109, 37.2823638916, 0.87166595459, 36.0803184509, 1.33920705318, 1.30000674725, 41.7758102417, 133.568710327, 34.1194534302, -8.66697978973], [210.157821655, -32.2989883423, -18.2293930054, 66.3243865967, 54.7202301025, 71.4697265625, 59.1601257324, -0.355413734913, 7.7666220665, 47.3414268494, 34.1194534302, 138.652893066, 66.0174484253], [3.67258167267, -7.92571926117, 14.21479702, 53.6404418945, 34.35779953, 12.216668129, 19.5522861481, 4.83181715012, 23.1023921967, 25.268157959, -8.66697978973, 66.0174484253, 109.523536682]],
        "icov": [[0.000243997914367, -0.000333539355779, 0.000281571905361, -0.00028004264459, 0.000253621052252, -0.00035861422657, 0.000317758618621, -0.000326304347254, 0.000512630154844, -0.000372260867152, 0.000574546167627, -0.000527044991031, 0.000327304413076], [-0.000333539355779, 0.00645998073742, -0.00269182771444, 0.00367098860443, -0.00379114993848, 0.00317348260432, -0.0034208165016, 0.00255521922372, -0.00378124322742, 0.00339478906244, -0.00487674260512, 0.00208084261976, -0.00126240414102], [0.000281571905361, -0.00269182771444, 0.00253340206109, -0.00233046803623, 0.000943018472753, -0.000993565423414, 0.00120822095778, -0.00172530440614, 0.00280195265077, -0.00148756220005, 0.00223921448924, -0.000403209065553, 0.000456156471046], [-0.00028004264459, 0.00367098860443, -0.00233046803623, 0.00458409404382, -0.0020243737381, 0.00128581351601, -0.00163874193095, 0.00182825617958, -0.00330658373423, 0.000468193407869, -0.00197927164845, 0.000541143410373, -0.000857437378727], [0.000253621052252, -0.00379114993848, 0.000943018472753, -0.0020243737381, 0.00549968611449, -0.00270784157328, 0.00122158427257, 0.000696303555742, -0.000439256953541, -0.00122225307859, 0.00209604995325, -0.0018002713332, 0.000539853645023], [-0.00035861422657, 0.00317348260432, -0.000993565423414, 0.00128581351601, -0.00270784157328, 0.00624366523698, -0.00286087929271, -0.000890576338861, 0.000735096691642, -0.000905025401153, -0.000936735596042, -0.000136723479955, 0.000505943549797], [0.000317758618621, -0.0034208165016, 0.00120822095778, -0.00163874193095, 0.00122158427257, -0.00286087929271, 0.00587074272335, -0.00111013336573, 0.00175237539224, -0.00178129086271, 0.00220053154044, -0.00233287387528, 0.00094604329206], [-0.000326304347254, 0.00255521922372, -0.00172530440614, 0.00182825617958, 0.000696303555742, -0.000890576338861, -0.00111013336573, 0.00954968109727, -0.00627110805362, 0.00187783525325, -0.00323990290053, 0.00177580397576, -0.00125506904442], [0.000512630154844, -0.00378124322742, 0.00280195265077, -0.00330658373423, -0.000439256953541, 0.000735096691642, 0.00175237539224, -0.00627110805362, 0.0154888899997, -0.00595602020621, 0.00474886642769, -0.000597538775764, -0.000172487023519], [-0.000372260867152, 0.00339478906244, -0.00148756220005, 0.000468193407869, -0.00122225307859, -0.000905025401153, -0.00178129086271, 0.00187783525325, -0.00595602020621, 0.014137417078, -0.00707532372326, 0.000939715129789, -0.00219019199722], [0.000574546167627, -0.00487674260512, 0.00223921448924, -0.00197927164845, 0.00209604995325, -0.000936735596042, 0.00220053154044, -0.00323990290053, 0.00474886642769, -0.00707532372326, 0.0146318888292, -0.0057830628939, 0.00477798795328], [-0.000527044991031, 0.00208084261976, -0.000403209065553, 0.000541143410373, -0.0018002713332, -0.000136723479955, -0.00233287387528, 0.00177580397576, -0.000597538775764, 0.000939715129789, -0.0057830628939, 0.0153515851125, -0.00892818160355], [0.000327304413076, -0.00126240414102, 0.000456156471046, -0.000857437378727, 0.000539853645023, 0.000505943549797, 0.00094604329206, -0.00125506904442, -0.000172487023519, -0.00219019199722, 0.00477798795328, -0.00892818160355, 0.0153509732336]]
    },
    "melbands": {
        "dmean": [0.000420620373916, 0.00114083476365, 0.00129445234779, 0.000481784023577, 0.000451329280622, 0.000288578856271, 0.0002190398518, 0.000130926971906, 8.5936699179e-05, 6.80312950863e-05, 6.81605451973e-05, 6.285920972e-05, 4.11998844356e-05, 2.45135779551e-05, 3.14348581014e-05, 2.10753332794e-05, 1.52041666297e-05, 1.42750268424e-05, 1.36870175993e-05, 1.41197970152e-05, 1.18542593555e-05, 8.93425931281e-06, 6.81049459672e-06, 4.92397794005e-06, 4.4188859647e-06, 2.86732370114e-06, 2.83281087832e-06, 1.53227415467e-06, 2.67964787781e-06, 4.66718165626e-06, 4.01740862799e-06, 5.54246980755e-06, 1.73838157025e-06, 1.0847837757e-06, 7.64825983879e-07, 5.92772778418e-07, 5.23436995081e-07, 4.96204677347e-07, 4.97938628996e-07, 2.62877165369e-07],
        "dmean2": [0.000695906463079, 0.00189287145622, 0.00220579747111, 0.000806646654382, 0.000745022902265, 0.000477835186757, 0.000363100232789, 0.00022002827609, 0.000133444016683, 0.000108169966552, 0.00011171852384, 0.000100070959888, 6.64339822833e-05, 3.88100306736e-05, 4.81257702631e-05, 3.1328334444e-05, 2.45982810156e-05, 2.31105477724e-05, 2.23715633183e-05, 2.45240862569e-05, 2.01487509912e-05, 1.57418489835e-05, 1.16308665383e-05, 8.48506442708e-06, 7.47504464016e-06, 4.7786675168e-06, 4.95116455568e-06, 2.5206115879e-06, 4.79739992443e-06, 8.6368936536e-06, 7.34705145078e-06, 1.04414129964e-05, 2.90450884677e-06, 1.83468216619e-06, 1.25322958411e-06, 9.7837209978e-07, 8.16117733393e-07, 7.93711819824e-07, 8.26832717848e-07, 4.15471902215e-07],
        "dvar": [1.81769962637e-06, 1.62232117873e-05, 1.4565031961e-05, 1.80762992841e-06, 2.1385162654e-06, 6.69459211622e-07, 2.82919756955e-07, 1.09590111208e-07, 4.2028258207e-08, 2.90855428631e-08, 7.11929146746e-08, 6.87988048753e-08, 2.75186113896e-08, 4.06955935617e-09, 6.93780988215e-09, 3.58441720749e-09, 1.22430932059e-09, 1.34548383546e-09, 1.44622624987e-09, 3.08709635632e-09, 1.92474369776e-09, 1.39290845524e-09, 7.96621879573e-10, 3.68524183392e-10, 2.84309853438e-10, 9.44461731045e-11, 1.54770904426e-10, 2.70520481016e-11, 1.92155708012e-10, 7.90807752615e-10, 4.88790175002e-10, 1.19540610743e-09, 4.88583444536e-11, 2.04299632767e-11, 8.82846486888e-12, 4.44558409182e-12, 2.69748286208e-12, 2.55420727971e-12, 4.32681755008e-12, 9.26279777706e-13],
        "dvar2": [4.82761197418e-06, 4.09761196352e-05, 3.76944917662e-05, 4.69759652333e-06, 5.61058550375e-06, 1.70078931205e-06, 7.41988742448e-07, 2.84216099544e-07, 9.52405869725e-08, 6.513849371e-08, 1.77796380285e-07, 1.60171225616e-07, 5.65872362301e-08, 9.45892963955e-09, 1.38004869754e-08, 6.3708918141e-09, 3.02026892385e-09, 3.29969007673e-09, 3.53427065392e-09, 8.39162161981e-09, 5.05426811515e-09, 3.97976052113e-09, 2.19354334696e-09, 1.019858753e-09, 7.9027562272e-10, 2.63736504857e-10, 4.40317227124e-10, 7.23932441771e-11, 5.55459955809e-10, 2.31724928135e-09, 1.42633949096e-09, 3.50289863782e-09, 1.32748617654e-10, 5.59645801923e-11, 2.33426333818e-11, 1.17222663867e-11, 6.14266450205e-12, 6.51399593987e-12, 1.17910577135e-11, 2.35272370162e-12],
        "max": [0.0224714297801, 0.0580163858831, 0.0396377779543, 0.0203374624252, 0.0181518364698, 0.00921927206218, 0.00809674710035, 0.0047401683405, 0.00708116823807, 0.00456484174356, 0.0060590300709, 0.00535208499059, 0.00550591992214, 0.00123311835341, 0.00213024928235, 0.00228895619512, 0.000566701753996, 0.000519552559126, 0.000650107511319, 0.00094259204343, 0.000557406980079, 0.000436896923929, 0.000397872645408, 0.00029571246705, 0.000210757832974, 0.000111231383926, 0.000147275699419, 6.25859756838e-05, 0.000193860527361, 0.000328327674652, 0.000243802205659, 0.000377199816285, 7.5451869634e-05, 5.48551215616e-05, 3.87133768527e-05, 3.31662486133e-05, 1.77885704034e-05, 2.39527653321e-05, 3.06286710838e-05, 1.17127738122e-05],
        "mean": [0.000554368714802, 0.00136122992262, 0.00143252685666, 0.000586164824199, 0.000507728022058, 0.000335690157954, 0.000296035374049, 0.000163113509188, 0.000124068887089, 9.31791073526e-05, 9.67992818914e-05, 7.8569049947e-05, 4.92539184052e-05, 3.11360490741e-05, 5.12773694936e-05, 3.11129915644e-05, 2.01378607017e-05, 1.77977617568e-05, 1.55805009854e-05, 1.35325144583e-05, 1.1341841855e-05, 8.31720444694e-06, 6.46400121695e-06, 4.80627795696e-06, 4.65267021355e-06, 3.27046200255e-06, 2.51120559369e-06, 1.44457908391e-06, 1.98010320673e-06, 3.19531432069e-06, 2.87877287519e-06, 3.4269041862e-06, 1.41970531331e-06, 9.27932887862e-07, 6.94902837495e-07, 5.83546011512e-07, 5.84574536333e-07, 5.16293368946e-07, 4.49677202141e-07, 2.35428657902e-07],
        "median": [5.24468123331e-05, 9.64837890933e-05, 0.000309761089738, 0.000100897770608, 0.000205939955777, 0.000123058169265, 9.77403760771e-05, 6.92756439094e-05, 4.14045971411e-05, 2.47883908742e-05, 2.11726746784e-05, 1.01376590464e-05, 6.71658244755e-06, 6.64245499138e-06, 8.74477154866e-06, 6.23782580078e-06, 4.24545032729e-06, 4.53596430816e-06, 3.06189326693e-06, 1.7889992705e-06, 1.99058240469e-06, 2.07123480322e-06, 1.33664809709e-06, 1.1512090623e-06, 1.29367185764e-06, 1.35820994274e-06, 5.34853825229e-07, 2.16009553355e-07, 1.51540447746e-07, 1.93160289541e-07, 2.26133550996e-07, 1.39425225143e-07, 9.34398798336e-08, 5.87395305729e-08, 5.46103784416e-08, 6.92902872856e-08, 7.7506605578e-08, 9.31915735691e-08, 3.76401487756e-08, 7.913214084e-09],
        "min": [2.55547738526e-09, 3.29805238675e-10, 4.04755090555e-10, 3.36601607698e-10, 8.88496984319e-11, 5.77764641685e-11, 5.91080379087e-11, 2.14107863383e-11, 2.02715465941e-11, 2.14110274649e-11, 6.46827383322e-12, 2.67220317055e-12, 4.04045590388e-12, 2.43660148481e-12, 1.55613178593e-11, 2.5370601453e-11, 8.10685633207e-12, 5.8522735269e-11, 1.33687826434e-11, 1.07797191312e-11, 1.52821297283e-11, 2.79870701267e-12, 2.18603412282e-12, 5.28262676658e-12, 1.61487587625e-12, 4.95656328481e-11, 5.30566597601e-11, 9.54811143344e-12, 8.6991854692e-12, 1.58592479427e-11, 5.46877907542e-12, 3.2918422762e-12, 5.97946778896e-12, 4.74179289583e-12, 2.80693979345e-12, 1.51423589379e-12, 1.97681150962e-12, 1.49700239184e-12, 5.16019952462e-13, 1.04225283189e-13],
        "var": [2.36749292526e-06, 1.5666570107e-05, 1.34524743771e-05, 2.19985122385e-06, 1.73628950506e-06, 6.00950272656e-07, 3.67470590845e-07, 1.15815524282e-07, 9.23501772832e-08, 5.19263494425e-08, 1.29008398631e-07, 1.10367004424e-07, 4.82005582114e-08, 6.55108722825e-09, 1.99506420273e-08, 1.09869651155e-08, 1.73480207977e-09, 1.83154591493e-09, 1.70187763882e-09, 2.38994446455e-09, 1.55195334361e-09, 8.95844010085e-10, 5.60880564215e-10, 2.5796359493e-10, 2.02612926437e-10, 6.8113542584e-11, 9.74977459878e-11, 2.15585865132e-11, 1.12860054635e-10, 4.36322644681e-10, 2.77652123515e-10, 6.50109632794e-10, 3.5911666002e-11, 1.52626002115e-11, 7.24882220221e-12, 4.09081319167e-12, 3.40252023605e-12, 2.47720247093e-12, 3.32721523943e-12, 8.28810490291e-13]
    },
    "mfcc": {
        "mean": [-722.625793457, 148.764389038, 4.00887346268, 17.65990448, 1.52170646191, -2.83120179176, -8.31201553345, -3.41890716553, -9.9330701828, -1.15829622746, -2.62051820755, -1.69296586514, -8.54259586334],
        "cov": [[7466.95410156, -1624.43884277, -579.25793457, -294.974731445, -289.675964355, 244.720733643, -74.9995803833, 122.720756531, 103.691162109, -134.700454712, 156.420974731, 136.469848633, -75.712272644], [-1624.43884277, 1663.18212891, 9.45934104919, 33.5019302368, 131.680984497, -62.1810112, 135.567398071, 5.28133153915, -78.7041702271, -49.1498451233, -29.3501014709, -23.6719837189, 15.1178560257], [-579.25793457, 9.45934104919, 818.095092773, 257.334991455, 114.761207581, 56.4368667603, 93.2787780762, 9.35217952728, 45.8444480896, 33.5796089172, -12.3702192307, -0.483435720205, 56.0096282959], [-294.974731445, 33.5019302368, 257.334991455, 495.829589844, 155.816436768, 145.281448364, 34.1495132446, 6.84179162979, 57.9247970581, 58.7668952942, -51.7427749634, 0.673761308193, 102.804710388], [-289.675964355, 131.680984497, 114.761207581, 155.816436768, 348.746063232, 100.058425903, 5.59131860733, 7.44523525238, 33.8847961426, 32.2741127014, 4.9553732872, -10.9175262451, 42.6094436646], [244.720733643, -62.1810112, 56.4368667603, 145.281448364, 100.058425903, 416.022979736, 179.773513794, 76.0948028564, 100.418357849, -7.70024442673, 22.2932243347, 61.4792060852, 109.384468079], [-74.9995803833, 135.567398071, 93.2787780762, 34.1495132446, 5.59131860733, 179.773513794, 250.869171143, 79.5638961792, 24.5629615784, -3.41701793671, 42.6068153381, 55.3773231506, 60.5127601624], [122.720756531, 5.28133153915, 9.35217952728, 6.84179162979, 7.44523525238, 76.0948028564, 79.5638961792, 137.983856201, 63.126247406, -4.71352577209, 25.4935417175, 25.7939128876, 27.9897480011], [103.691162109, -78.7041702271, 45.8444480896, 57.9247970581, 33.8847961426, 100.418357849, 24.5629615784, 63.126247406, 177.49597168, 33.2196044922, 7.41134357452, 3.55684781075, 36.2073402405], [-134.700454712, -49.1498451233, 33.5796089172, 58.7668952942, 32.2741127014, -7.70024442673, -3.41701793671, -4.71352577209, 33.2196044922, 129.623306274, 31.9153347015, 1.69049322605, -4.82095623016], [156.420974731, -29.3501014709, -12.3702192307, -51.7427749634, 4.9553732872, 22.2932243347, 42.6068153381, 25.4935417175, 7.41134357452, 31.9153347015, 150.411727905, 66.0712585449, -14.4514017105], [136.469848633, -23.6719837189, -0.483435720205, 0.673761308193, -10.9175262451, 61.4792060852, 55.3773231506, 25.7939128876, 3.55684781075, 1.69049322605, 66.0712585449, 104.711349487, 33.5244216919], [-75.712272644, 15.1178560257, 56.0096282959, 102.804710388, 42.6094436646, 109.384468079, 60.5127601624, 27.9897480011, 36.2073402405, -4.82095623016, -14.4514017105, 33.5244216919, 140.294250488]],
