{
"lowlevel": {
    "average_loudness": 0.966666698456,
    "barkbands_crest": {
        "dmean": 2.61085152626,
        "dmean2": 3.85668087006,
        "dvar": 7.319190979,
        "dvar2": 14.5100269318,
        "max": 26.2188930511,
        "mean": 10.7444143295,
        "median": 8.90889263153,
        "min": 2.65872812271,
        "var": 30.3029823303
    },
    "barkbands_flatness_db": {
        "dmean": 0.036368791014,
        "dmean2": 0.0542162843049,
        "dvar": 0.0026792564895,
        "dvar2": 0.00494703324512,
        "max": 0.676366150379,
        "mean": 0.214278832078,
        "median": 0.200572922826,
        "min": 0.0593892708421,
        "var": 0.0100478054956
    },
    "barkbands_kurtosis": {
        "dmean": 12.5993671417,
        "dmean2": 18.6195926666,
        "dvar": 683.180908203,
        "dvar2": 1337.97436523,
        "max": 352.871795654,
        "mean": 21.7748966217,
        "median": 10.8232927322,
        "min": -1.94682836533,
        "var": 1493.69848633
    },
    "barkbands_skewness": {
        "dmean": 1.23398900032,
        "dmean2": 1.70195245743,
        "dvar": 2.72597265244,
        "dvar2": 4.38143634796,
        "max": 17.8343372345,
        "mean": 2.42280864716,
        "median": 2.51657176018,
        "min": -8.29724693298,
        "var": 11.4332933426
    },
    "barkbands_spread": {
        "dmean": 7.07926559448,
        "dmean2": 12.0427064896,
        "dvar": 151.089202881,
        "dvar2": 405.893951416,
        "max": 116.999900818,
        "mean": 15.3242139816,
        "median": 9.54741191864,
        "min": 0.411622285843,
        "var": 196.954681396
    },
    "dissonance": {
        "dmean": 0.0136325983331,
        "dmean2": 0.0233284737915,
        "dvar": 0.000385959225241,
        "dvar2": 0.000960945093539,
        "max": 0.500000178814,
        "mean": 0.482015013695,
        "median": 0.489015549421,
        "min": 0.300752103329,
        "var": 0.000461239425931
    },
    "dynamic_complexity": 3.82387042046,
    "erbbands_crest": {
        "dmean": 2.22409725189,
        "dmean2": 3.68819046021,
        "dvar": 5.53366947174,
        "dvar2": 14.366024971,
        "max": 25.5521202087,
        "mean": 7.78287887573,
        "median": 7.07050704956,
        "min": 2.58647251129,
        "var": 10.227848053
    },
    "erbbands_flatness_db": {
        "dmean": 0.0265008490533,
        "dmean2": 0.0381924174726,
        "dvar": 0.00306398817338,
        "dvar2": 0.00447265384719,
        "max": 0.746273756027,
        "mean": 0.191717877984,
        "median": 0.154203400016,
        "min": 0.0992574468255,
        "var": 0.0129537023604
    },
    "erbbands_kurtosis": {
        "dmean": 1.52895081043,
        "dmean2": 2.54381489754,
        "dvar": 19.2716369629,
        "dvar2": 51.0260658264,
        "max": 85.3612518311,
        "mean": 0.640032291412,
        "median": -0.324445724487,
        "min": -1.78743040562,
        "var": 17.0832710266
    },
    "erbbands_skewness": {
        "dmean": 0.508129000664,
        "dmean2": 0.806892156601,
        "dvar": 0.419205844402,
        "dvar2": 0.935638964176,
        "max": 2.56219053268,
        "mean": 0.130181670189,
        "median": 0.144734367728,
        "min": -7.20771360397,
        "var": 0.996586024761
    },
    "erbbands_spread": {
        "dmean": 12.047451973,
        "dmean2": 18.2911071777,
        "dvar": 268.102813721,
        "dvar2": 552.062438965,
        "max": 142.684631348,
        "mean": 49.3399467468,
        "median": 50.5785942078,
        "min": 0.581205010414,
        "var": 711.886230469
    },
    "hfc": {
        "dmean": 5.97445487976,
        "dmean2": 9.45670413971,
        "dvar": 76.918510437,
        "dvar2": 188.39050293,
        "max": 86.7518768311,
        "mean": 15.8048810959,
        "median": 12.1230325699,
        "min": 0.000118469397421,
        "var": 181.682983398
    },
    "melbands_crest": {
        "dmean": 3.29935884476,
        "dmean2": 5.23473072052,
        "dvar": 12.7937231064,
        "dvar2": 26.5234699249,
        "max": 35.6227874756,
        "mean": 13.9831008911,
        "median": 12.6898593903,
        "min": 2.18043136597,
        "var": 43.798866272
    },
    "melbands_flatness_db": {
        "dmean": 0.0412879213691,
        "dmean2": 0.060023214668,
        "dvar": 0.00319140171632,
        "dvar2": 0.00563585059717,
        "max": 0.663483738899,
        "mean": 0.237021565437,
        "median": 0.246067538857,
        "min": 0.0147501332685,
        "var": 0.0152293816209
    },
    "melbands_kurtosis": {
        "dmean": 27.2077331543,
        "dmean2": 40.2869377136,
        "dvar": 3520.25195312,
        "dvar2": 6544.71289062,
        "max": 861.746459961,
        "mean": 54.9110717773,
        "median": 25.6561012268,
        "min": -1.91888999939,
        "var": 8659.90527344
    },
    "melbands_skewness": {
        "dmean": 1.4953892231,
        "dmean2": 2.07737064362,
        "dvar": 4.44577264786,
        "dvar2": 7.17407083511,
        "max": 25.0765266418,
        "mean": 4.14968109131,
        "median": 3.95297837257,
        "min": -6.31611394882,
        "var": 16.8150615692
    },
    "melbands_spread": {
        "dmean": 13.2507123947,
        "dmean2": 21.4454975128,
        "dvar": 828.946594238,
        "dvar2": 1951.74743652,
        "max": 294.648468018,
        "mean": 25.5534362793,
        "median": 8.25928211212,
        "min": 0.41815072298,
        "var": 1452.66320801
    },
    "pitch_salience": {
        "dmean": 0.0890270844102,
        "dmean2": 0.132295161486,
        "dvar": 0.00747925927863,
        "dvar2": 0.0152815403417,
        "max": 0.954882740974,
        "mean": 0.574666798115,
        "median": 0.614038825035,
        "min": 0.0402451492846,
        "var": 0.0285313911736
    },
    "silence_rate_20dB": {
        "dmean": 0,
        "dmean2": 0,
        "dvar": 0,
        "dvar2": 0,
        "max": 1,
        "mean": 1,
        "median": 1,
        "min": 1,
        "var": 0
    },
    "silence_rate_30dB": {
        "dmean": 0.0650154799223,
        "dmean2": 0.130081295967,
        "dvar": 0.0607881881297,
        "dvar2": 0.113159403205,
        "max": 1,
        "mean": 0.862669229507,
        "median": 1,
        "min": 0,
        "var": 0.118471480906
    },
    "silence_rate_60dB": {
        "dmean": 0.065789476037,
        "dmean2": 0.131629884243,
        "dvar": 0.0614613518119,
        "dvar2": 0.11662941426,
        "max": 1,
        "mean": 0.20618955791,
        "median": 0,
        "min": 0,
        "var": 0.163673877716
    },
    "spectral_centroid": {
        "dmean": 371.443847656,
        "dmean2": 574.328063965,
        "dvar": 400087.09375,
        "dvar2": 656011.8125,
        "max": 5554.44677734,
        "mean": 1469.89978027,
        "median": 1067.79284668,
        "min": 125.835922241,
        "var": 1439828.625
    },
    "spectral_complexity": {
        "dmean": 3.94272446632,
        "dmean2": 6.25087118149,
        "dvar": 27.7909183502,
        "dvar2": 61.2881164551,
        "max": 49,
        "mean": 14.3822050095,
        "median": 13,
        "min": 0,
        "var": 121.597259521
    },
    "spectral_decrease": {
        "dmean": 4.77737183147e-09,
        "dmean2": 7.45876072017e-09,
        "dvar": 6.04116603476e-17,
        "dvar2": 1.26207075343e-16,
        "max": -1.59260947393e-14,
        "mean": -1.24930039647e-08,
        "median": -1.05054640542e-08,
        "min": -5.53560823846e-08,
        "var": 1.75106750609e-16
    },
    "spectral_energy": {
        "dmean": 0.0183073338121,
        "dmean2": 0.0285455174744,
        "dvar": 0.000876851030625,
        "dvar2": 0.00183159962762,
        "max": 0.212191671133,
        "mean": 0.0485850572586,
        "median": 0.0410285033286,
        "min": 7.69150787505e-08,
        "var": 0.00254608667456
    },
    "spectral_energyband_high": {
        "dmean": 0.0003733712947,
        "dmean2": 0.000595040270127,
        "dvar": 4.18077064523e-07,
        "dvar2": 1.00209297216e-06,
        "max": 0.00532539980486,
        "mean": 0.000587423797697,
        "median": 0.000277859042399,
        "min": 6.51911996608e-11,
        "var": 5.761387456e-07
    },
    "spectral_energyband_low": {
        "dmean": 0.0154351210222,
        "dmean2": 0.0231778603047,
        "dvar": 0.000797960849013,
        "dvar2": 0.00158471777104,
        "max": 0.198830828071,
        "mean": 0.0337702408433,
        "median": 0.0193390995264,
        "min": 1.02722162373e-11,
        "var": 0.00224368134513
    },
    "spectral_energyband_middle_high": {
        "dmean": 0.00128430128098,
        "dmean2": 0.00212440895848,
        "dvar": 6.29916803518e-06,
        "dvar2": 1.67926737049e-05,
        "max": 0.0270392559469,
        "mean": 0.00292423460633,
        "median": 0.00109920941759,
        "min": 2.65916764164e-08,
        "var": 1.58290658874e-05
    },
    "spectral_energyband_middle_low": {
        "dmean": 0.00848410557956,
        "dmean2": 0.0148848351091,
        "dvar": 0.000347341760062,
        "dvar2": 0.000949746929109,
        "max": 0.129732131958,
        "mean": 0.0141916153952,
        "median": 0.0113644720986,
        "min": 2.58090510769e-12,
        "var": 0.000272191537078
    },
    "spectral_entropy": {
        "dmean": 0.210554122925,
        "dmean2": 0.331202596426,
        "dvar": 0.0765092000365,
        "dvar2": 0.159605622292,
        "max": 8.66723251343,
        "mean": 7.54377937317,
        "median": 7.54387331009,
        "min": 5.15916538239,
        "var": 0.296203434467
    },
    "spectral_flux": {
        "dmean": 0.0500689819455,
        "dmean2": 0.0793869942427,
        "dvar": 0.00401314767078,
        "dvar2": 0.00764033710584,
        "max": 0.400992423296,
        "mean": 0.0985157266259,
        "median": 0.0710401386023,
        "min": 0.000198681707843,
        "var": 0.00860141310841
    },
    "spectral_kurtosis": {
        "dmean": 6.49920463562,
        "dmean2": 9.88112258911,
        "dvar": 635.665466309,
        "dvar2": 1205.46057129,
        "max": 376.623352051,
        "mean": 11.2098226547,
        "median": 2.06452274323,
        "min": -0.755112171173,
        "var": 1583.72485352
    },
    "spectral_rms": {
        "dmean": 0.00129062810447,
        "dmean2": 0.0019324652385,
        "dvar": 3.54609801434e-06,
        "dvar2": 5.9413823692e-06,
        "max": 0.0143880592659,
        "mean": 0.00573418382555,
        "median": 0.00632675318047,
        "min": 8.66251139087e-06,
        "var": 1.45191997944e-05
    },
    "spectral_rolloff": {
        "dmean": 645.513671875,
        "dmean2": 1073.2923584,
        "dvar": 2220211.25,
        "dvar2": 3893912.75,
        "max": 10099.0722656,
        "mean": 1820.92712402,
        "median": 387.59765625,
        "min": 64.599609375,
        "var": 7009296
    },
    "spectral_skewness": {
        "dmean": 0.435347557068,
        "dmean2": 0.67827475071,
        "dvar": 1.15142464638,
        "dvar2": 2.22033143044,
        "max": 15.0547275543,
        "mean": 1.59807538986,
        "median": 1.23598110676,
        "min": 0.0152618726715,
        "var": 3.41697359085
    },
    "spectral_spread": {
        "dmean": 691419.8125,
        "dmean2": 1064650.125,
        "dvar": 972565446656,
        "dvar2": 2.43874607923e+12,
        "max": 13087071,
        "mean": 4530841,
        "median": 4504704.5,
        "min": 237753.859375,
        "var": 2.43119344845e+12
    },
    "spectral_strongpeak": {
        "dmean": 0.465495735407,
        "dmean2": 0.798392295837,
        "dvar": 0.543686926365,
        "dvar2": 1.32871985435,
        "max": 7.46688079834,
        "mean": 0.70203012228,
        "median": 0.430182278156,
        "min": 0,
        "var": 0.789395570755
    },
    "zerocrossingrate": {
        "dmean": 0.0199405439198,
        "dmean2": 0.0196790769696,
        "dvar": 0.000876116042491,
        "dvar2": 0.000684996892232,
        "max": 0.38134765625,
        "mean": 0.0774784311652,
        "median": 0.0537109375,
        "min": 0.00244140625,
        "var": 0.00665606139228
    },
    "barkbands": {
        "dmean": [0.000286772818072, 0.0124893942848, 0.00787406787276, 0.00487779220566, 0.0024661317002, 0.00106448377483, 0.000485897122417, 0.00036589926458, 0.000449667131761, 0.000171039951965, 0.000245429371716, 0.000101299767266, 0.00013854901772, 0.000156931942911, 0.000229247627431, 0.000371604372049, 0.00023694500851, 0.000205183474463, 0.000142453412991, 9.93081921479e-05, 8.12673606561e-05, 7.63319330872e-05, 9.7388314316e-05, 8.31334036775e-05, 3.07328264171e-05, 3.69773154318e-08, 1.56760615599e-09],
        "dmean2": [0.000341013132129, 0.0160790421069, 0.0134735554457, 0.00881689973176, 0.00403569219634, 0.00180809025187, 0.000824635324534, 0.000596338475589, 0.000732224667445, 0.000267370196525, 0.000417505187215, 0.000167786376551, 0.000228361779591, 0.000265970360488, 0.000393109134166, 0.000610645860434, 0.000386086292565, 0.000343810941558, 0.000242152556893, 0.000168170779943, 0.000129343621666, 0.000122276644106, 0.000154098539497, 0.000132005327032, 5.06147152919e-05, 6.64681039098e-08, 2.8545545927e-09],
        "dvar": [3.17830938457e-07, 0.000599470920861, 0.000448076956673, 0.000193117550225, 1.60361159942e-05, 4.47344882559e-06, 1.1028322433e-06, 6.79397828662e-07, 1.10861799385e-06, 3.95128637365e-07, 3.685994443e-07, 5.70137004274e-08, 8.04237529906e-08, 1.70246991615e-07, 3.19981836583e-07, 8.2147005287e-07, 3.01572498529e-07, 2.12778715536e-07, 7.28068840772e-08, 3.22345599102e-08, 1.71615184286e-08, 1.84577970685e-08, 3.61814471717e-08, 2.75930673865e-08, 4.83891327008e-09, 1.15380583438e-14, 6.26098092802e-18],
        "dvar2": [4.30612743685e-07, 0.0010748115601, 0.00119369896129, 0.000548499461729, 3.89741944673e-05, 1.15648490464e-05, 3.08670882987e-06, 1.66489121511e-06, 2.67370933216e-06, 9.71325107457e-07, 1.03576394395e-06, 1.38481055956e-07, 1.87548266695e-07, 4.65384204063e-07, 8.87524720383e-07, 2.1292476049e-06, 7.08297932306e-07, 5.63775131468e-07, 1.9859710676e-07, 8.48634940098e-08, 3.98483734898e-08, 4.61223024217e-08, 8.33339299788e-08, 6.76569840152e-08, 1.28552413159e-08, 3.26138110116e-14, 1.8835443524e-17],
        "max": [0.0063090226613, 0.189570099115, 0.139765352011, 0.0913183093071, 0.030332615599, 0.0223691035062, 0.0106315948069, 0.0124695021659, 0.0153954681009, 0.0144178681076, 0.00955734588206, 0.00548760592937, 0.0051328628324, 0.00699885515496, 0.00578987551853, 0.0131890326738, 0.0140670314431, 0.00906664598733, 0.00286732171662, 0.00280455313623, 0.00143352523446, 0.00139283691533, 0.00152998743579, 0.00134541292209, 0.000543036905583, 1.05977528619e-06, 2.30117809252e-08],
        "mean": [0.000483778043417, 0.0209673196077, 0.00949919689447, 0.00552196474746, 0.00494833569974, 0.00182480365038, 0.000669307715725, 0.000452922860859, 0.000646907836199, 0.000249065808021, 0.000338582089171, 0.000143942641444, 0.000206191834877, 0.000192620034795, 0.000297263177345, 0.00055862753652, 0.000352249975549, 0.00031760163256, 0.000237648797338, 0.000178359201527, 0.000132473491249, 0.000105083403469, 0.000122105557239, 0.000104430728243, 3.42035273206e-05, 3.06665981498e-08, 1.2321059728e-09],
        "median": [7.30422325432e-05, 0.00782113336027, 0.00443170731887, 0.00235875090584, 0.00329538295045, 0.000915862328839, 0.000318180362228, 0.000158169961651, 0.000124749742099, 6.46623229841e-05, 8.42648514663e-05, 7.57828893256e-05, 8.10407145764e-05, 8.3955397713e-05, 0.000104387399915, 0.000114300870337, 0.000107968873635, 0.000106645173219, 9.54208589974e-05, 8.02640497568e-05, 6.82225145283e-05, 5.45100447198e-05, 4.40564799646e-05, 4.09367639804e-05, 1.21023495012e-05, 8.80326478381e-09, 2.63233296272e-10],
        "min": [1.647327782e-12, 1.0411511063e-12, 1.77233580459e-14, 3.9047693708e-14, 2.26867312371e-13, 2.14385461965e-13, 9.20322777947e-14, 1.51228178201e-13, 5.82159700221e-13, 4.24911597878e-13, 4.89496672362e-11, 8.0018991433e-11, 1.47432854813e-09, 2.39739117447e-09, 2.38031971911e-09, 1.75440428851e-09, 7.13670900154e-10, 1.08527718062e-11, 2.52280618271e-12, 2.79109201029e-12, 2.77533768536e-12, 5.26738895557e-12, 5.46938059079e-12, 8.01908366099e-12, 5.59373944733e-12, 5.10932875869e-12, 6.97913905487e-12],
        "var": [9.47989747146e-07, 0.00146164547186, 0.000340362574207, 0.000120479387988, 2.73636196653e-05, 6.20227638137e-06, 1.03282991404e-06, 7.76323645368e-07, 2.03274294108e-06, 6.76736021887e-07, 4.94712764976e-07, 7.19141226568e-08, 1.36864898082e-07, 1.59367942842e-07, 3.1314101534e-07, 1.53841449446e-06, 5.17200874128e-07, 3.4501169921e-07, 1.22069295116e-07, 7.2104448634e-08, 3.02716962608e-08, 2.20453220123e-08, 4.14086365197e-08, 3.09351158023e-08, 4.18254453294e-09, 7.27284257259e-15, 5.32736946759e-18]
    },
    "erbbands": {
        "dmean": [0.287650614977, 3.20685482025, 7.70114088058, 14.2603292465, 11.2459583282, 7.57662820816, 8.06120491028, 9.17363166809, 7.77338695526, 7.00546312332, 6.73263120651, 11.987994194, 7.04553937912, 4.90973520279, 10.3556232452, 3.8166270256, 6.06973266602, 7.51322889328, 12.5592918396, 14.9485549927, 14.3300495148, 10.4332923889, 12.6162834167, 7.91288948059, 6.27553367615, 4.77830696106, 3.9816429615, 2.52149009705, 2.63036632538, 3.06954789162, 2.56622076035, 2.08704996109, 1.14679765701, 0.677149236202, 0.0595498941839, 0.00257363286801, 0.000122582045151, 1.5686475308e-05, 1.01831865322e-05, 2.02394021471e-05],
        "dmean2": [0.364932835102, 4.12339925766, 11.7971162796, 25.0889720917, 19.4516868591, 11.7521810532, 13.4980125427, 15.6384687424, 13.3731203079, 11.1857061386, 11.1108016968, 19.4057273865, 10.99467659, 7.88360214233, 17.7126541138, 6.35152339935, 9.89503955841, 12.5296955109, 21.6501140594, 24.3444576263, 23.3278388977, 17.4409618378, 21.1335353851, 13.2426729202, 10.681678772, 8.07191371918, 6.6236538887, 3.89206886292, 4.26743793488, 4.91287088394, 4.04226636887, 3.24684715271, 1.82442080975, 1.11681485176, 0.0982222929597, 0.00422394834459, 0.000196192719159, 2.49581262324e-05, 1.57350368681e-05, 3.13416167046e-05],
        "dvar": [0.291136741638, 43.0507583618, 348.884033203, 1502.52587891, 643.85369873, 121.685188293, 228.632156372, 393.786468506, 320.659912109, 207.427856445, 301.666625977, 782.020507812, 512.368591309, 146.366104126, 733.033691406, 77.5093994141, 158.985107422, 327.788085938, 1088.54309082, 1108.94067383, 935.723022461, 567.839111328, 923.196228027, 246.419158936, 136.989105225, 76.6700210571, 42.2550544739, 19.6273479462, 22.4602088928, 34.240852356, 24.1886997223, 16.4059181213, 5.21377754211, 2.51346063614, 0.0199774522334, 3.68205619452e-05, 7.5022086321e-08, 1.06857178661e-09, 2.04708902607e-10, 1.03004316188e-09],
        "dvar2": [0.403495073318, 79.9705429077, 853.44744873, 4135.61914062, 1770.1784668, 264.635986328, 583.026672363, 1015.86090088, 905.923156738, 518.49407959, 777.143127441, 1854.14672852, 1232.15356445, 359.391174316, 2046.58093262, 200.771759033, 360.641937256, 874.847351074, 3034.98242188, 2613.19726562, 2375.10302734, 1456.98059082, 2439.94995117, 638.804748535, 385.360931396, 200.883682251, 108.480934143, 39.4562530518, 56.3801422119, 83.0980224609, 55.6778106689, 38.3006057739, 12.8073673248, 6.74476575851, 0.0526241622865, 9.70934634097e-05, 1.95626341792e-07, 2.72281974745e-09, 4.12259032467e-10, 2.13605733101e-09],
        "max": [4.62866592407, 49.6184768677, 143.112716675, 239.023101807, 205.634933472, 85.0331039429, 166.784286499, 260.739776611, 149.371856689, 185.200271606, 349.386230469, 373.827209473, 548.283630371, 230.278991699, 406.311340332, 198.805160522, 245.907073975, 299.160339355, 327.340942383, 524.484863281, 525.543762207, 505.344665527, 601.879272461, 186.727981567, 122.601737976, 134.053146362, 71.4314422607, 58.4147605896, 51.601184845, 50.390914917, 40.7570495605, 28.6834449768, 19.7149391174, 12.4030208588, 1.20914888382, 0.0507807210088, 0.00220843753777, 0.000250619283179, 0.000102922705992, 0.000233903469052],
        "mean": [0.581657171249, 4.745449543, 10.2313575745, 16.4242267609, 17.5741424561, 16.9788970947, 15.2860383987, 14.2454910278, 10.9525194168, 9.89635562897, 8.92889308929, 17.4252986908, 10.0400753021, 7.68231630325, 14.2498760223, 6.19641637802, 9.40407180786, 10.2593421936, 16.0568885803, 24.0096321106, 23.6484909058, 16.8329849243, 19.2931537628, 13.4332838058, 10.592250824, 8.39876079559, 6.49326848984, 4.40731716156, 3.63934612274, 3.84637188911, 3.28911662102, 2.58781671524, 1.4867002964, 0.751706540585, 0.0636782050133, 0.00281972950324, 0.000154801062308, 2.14232732105e-05, 2.70806904155e-05, 5.54450889467e-05],
        "median": [0.209733337164, 1.72480130196, 4.68158817291, 8.13229560852, 10.7532606125, 10.7261257172, 7.82197284698, 7.26323652267, 5.43007898331, 4.06499767303, 3.42918014526, 3.02303528786, 2.52054810524, 2.44602680206, 3.57537269592, 3.5096848011, 3.90236830711, 4.57020998001, 5.52620458603, 5.92561388016, 6.29734039307, 5.91100549698, 5.72450876236, 5.10376882553, 4.61009311676, 3.81488108635, 3.1606657505, 2.51486301422, 1.94790792465, 1.63280701637, 1.2197676897, 0.919216990471, 0.614015758038, 0.264656305313, 0.0214376021177, 0.000973398447968, 6.7519795266e-05, 1.00036768345e-05, 2.29144898185e-05, 4.68272082799e-05],
        "min": [1.41848213731e-10, 4.72377248428e-10, 7.01619706778e-10, 2.82422807363e-10, 3.95173338497e-10, 8.42485692321e-10, 1.21957000054e-09, 1.58755453228e-09, 2.71637801141e-09, 2.90436785733e-09, 7.99669130913e-09, 1.68978608883e-08, 2.14216449024e-08, 2.79625567146e-07, 4.31506987297e-06, 1.19864544104e-05, 7.46778750909e-05, 0.000117858362501, 0.000112297537271, 0.000126124068629, 0.000117415293062, 8.7422071374e-05, 5.68139330426e-06, 5.52625749606e-07, 2.21036259518e-07, 1.4718023067e-07, 1.15456771255e-07, 1.59812074685e-07, 2.17994625018e-07, 1.77371518362e-07, 2.0541162371e-07, 1.71937557525e-07, 1.56133950213e-07, 1.13578643379e-07, 4.54627979707e-08, 2.21570637393e-08, 1.18928502602e-08, 3.68900376913e-09, 1.28147437106e-09, 3.13793907525e-10],
        "var": [1.0337792635, 86.0612411499, 359.982940674, 1013.95233154, 549.613952637, 321.728820801, 361.068145752, 451.912811279, 275.168945312, 257.953125, 314.825683594, 1538.95007324, 874.664123535, 259.742614746, 1036.85876465, 106.10597229, 275.380218506, 369.855438232, 995.736450195, 2362.15698242, 1889.86206055, 914.65057373, 1452.08496094, 492.04574585, 220.247558594, 155.065963745, 72.4991760254, 37.1978912354, 26.3501605988, 38.3033943176, 28.6051082611, 18.9232578278, 6.0898900032, 2.11615347862, 0.0169072039425, 3.14703283948e-05, 6.79882035115e-08, 1.06217623586e-09, 5.80255843374e-10, 3.01944225178e-09]
    },
    "gfcc": {
        "mean": [-87.609664917, 97.9694900513, -137.211288452, 67.4948348999, -56.934047699, 25.6411743164, -41.3753051758, 1.44666361809, -8.42535114288, -14.7046604156, 2.50797748566, -17.8869991302, 6.69736385345],
        "cov": [[37103.046875, 7902.36523438, 5338.14501953, 4131.53271484, -4879.03564453, -1939.28442383, -311.997741699, -471.311676025, -803.182739258, -1358.92358398, 61.0634078979, -1190.83239746, 3.10681605339], [7902.36523438, 3555.56152344, 1481.89929199, 1004.41729736, -133.986450195, -425.517120361, 121.699554443, -323.992370605, -18.2233448029, -395.190002441, 142.14956665, -281.530578613, 119.680763245], [5338.14501953, 1481.89929199, 2764.40771484, 1609.73803711, -986.087158203, 68.0621871948, -115.95905304, -165.845474243, -138.60848999, -94.8244018555, 97.8265533447, -174.792419434, 56.6585044861], [4131.53271484, 1004.41729736, 1609.73803711, 1102.31774902, -658.170349121, -12.1751794815, -52.7532577515, -106.9401474, -92.6184616089, -101.762153625, 54.9437408447, -135.799514771, 35.2657623291], [-4879.03564453, -133.986450195, -986.087158203, -658.170349121, 2115.5847168, 479.389068604, 362.961578369, -45.6189193726, 337.954376221, 110.260269165, 70.2892532349, 210.622360229, 72.4492645264], [-1939.28442383, -425.517120361, 68.0621871948, -12.1751794815, 479.389068604, 356.885559082, 69.0785675049, 27.2311134338, 74.9188537598, 89.2444381714, 1.19258093834, 80.2238540649, 5.0641541481], [-311.997741699, 121.699554443, -115.95905304, -52.7532577515, 362.961578369, 69.0785675049, 228.813415527, 40.1321372986, 80.3187789917, -5.32786607742, 35.8631134033, 22.5477561951, 33.9479141235], [-471.311676025, -323.992370605, -165.845474243, -106.9401474, -45.6189193726, 27.2311134338, 40.1321372986, 131.837188721, 16.7902870178, 36.9074821472, -17.9872436523, 19.1204719543, -17.5967483521], [-803.182739258, -18.2233448029, -138.60848999, -92.6184616089, 337.954376221, 74.9188537598, 80.3187789917, 16.7902870178, 124.879013062, 48.5581893921, 24.6169452667, 38.604801178, 19.9397640228], [-1358.92358398, -395.190002441, -94.8244018555, -101.762153625, 110.260269165, 89.2444381714, -5.32786607742, 36.9074821472, 48.5581893921, 115.487663269, 16.6489505768, 54.9646873474, 1.03231143951], [61.0634078979, 142.14956665, 97.8265533447, 54.9437408447, 70.2892532349, 1.19258093834, 35.8631134033, -17.9872436523, 24.6169452667, 16.6489505768, 66.5667953491, 25.728635788, 29.9985542297], [-1190.83239746, -281.530578613, -174.792419434, -135.799514771, 210.622360229, 80.2238540649, 22.5477561951, 19.1204719543, 38.604801178, 54.9646873474, 25.728635788, 88.6406173706, 26.8912143707], [3.10681605339, 119.680763245, 56.6585044861, 35.2657623291, 72.4492645264, 5.0641541481, 33.9479141235, -17.5967483521, 19.9397640228, 1.03231143951, 29.9985542297, 26.8912143707, 63.0630569458]],
        "icov": [[0.000153236454935, -0.000204804062378, 0.000160634532222, -0.000462051044451, 0.000215434061829, 0.000124521378893, -2.59187272604e-05, -0.000220987698413, -9.91898195934e-05, 0.000614629650954, -7.38490853109e-05, 6.37090270175e-05, 0.000219246765482], [-0.000204804062378, 0.00204097200185, -0.00135111331474, 0.000977501040325, -0.00142163131386, 0.00202942383476, 0.000531246187165, 0.000408792722737, -0.00109185860492, 0.00303880427964, -0.00265258876607, 0.00384375359863, -0.0019793913234], [0.000160634532222, -0.00135111331474, 0.00384627259336, -0.00441764155403, 0.0014821512159, -0.00292911753058, 5.68290524825e-05, 0.00044405987137, 0.000755156564992, -0.00247593340464, -0.000142564909765, -0.00122899061535, 0.000590396986809], [-0.000462051044451, 0.000977501040325, -0.00441764155403, 0.00903130788356, 2.08936762647e-05, -0.00125694205053, -0.000303996639559, 0.00132485863287, -0.00136311142705, 0.00193571555428, -0.00247882958502, 0.00371509324759, -0.00230922689661], [0.000215434061829, -0.00142163131386, 0.0014821512159, 2.08936762647e-05, 0.00375199620612, -0.00440790643916, -0.00220112269744, 0.00303684151731, -0.00317788170651, 0.000433737965068, 0.000328532973072, -0.00315507524647, 0.00160666264128], [0.000124521378893, 0.00202942383476, -0.00292911753058, -0.00125694205053, -0.00440790643916, 0.0128700723872, -0.000384834303986, -0.00224471767433, 0.00134998036083, -0.000255664839642, 0.00477750133723, -0.00242421869189, 0.00142670515925], [-2.59187272604e-05, 0.000531246187165, 5.68290524825e-05, -0.000303996639559, -0.00220112269744, -0.000384834303986, 0.0107714235783, -0.00666275713593, -0.00190624967217, 0.0051167155616, -0.00710238749161, 0.00644773989916, -0.00483782961965], [-0.000220987698413, 0.000408792722737, 0.00044405987137, 0.00132485863287, 0.00303684151731, -0.00224471767433, -0.00666275713593, 0.0161539781839, -0.00341325555928, -0.0033357674256, 0.00453960802406, -0.00466863904148, 0.00384601810947], [-9.91898195934e-05, -0.00109185860492, 0.000755156564992, -0.00136311142705, -0.00317788170651, 0.00134998036083, -0.00190624967217, -0.00341325555928, 0.0208678040653, -0.0116029465571, 0.00165087427013, 0.000238731925492, -0.00151828059461], [0.000614629650954, 0.00303880427964, -0.00247593340464, 0.00193571555428, 0.000433737965068, -0.000255664839642, 0.0051167155616, -0.0033357674256, -0.0116029465571, 0.0319972410798, -0.0141071984544, 0.00413837376982, -0.000727350765374], [-7.38490853109e-05, -0.00265258876607, -0.000142564909765, -0.00247882958502, 0.000328532973072, 0.00477750133723, -0.00710238749161, 0.00453960802406, 0.00165087427013, -0.0141071984544, 0.0380698107183, -0.0212637111545, 0.00154763972387], [6.37090270175e-05, 0.00384375359863, -0.00122899061535, 0.00371509324759, -0.00315507524647, -0.00242421869189, 0.00644773989916, -0.00466863904148, 0.000238731925492, 0.00413837376982, -0.0212637111545, 0.0458824783564, -0.0188188161701], [0.000219246765482, -0.0019793913234, 0.000590396986809, -0.00230922689661, 0.00160666264128, 0.00142670515925, -0.00483782961965, 0.00384601810947, -0.00151828059461, -0.000727350765374, 0.00154763972387, -0.0188188161701, 0.029861278832]]
    },
    "melbands": {
        "dmean": [0.00301751797087, 0.00337991002016, 0.00235105934553, 0.000612864212599, 0.000294946017675, 0.000204232288525, 0.000111729357741, 7.83612267696e-05, 5.45652728761e-05, 7.59025715524e-05, 3.39459002134e-05, 1.87867135537e-05, 3.4505417716e-05, 1.51310468937e-05, 9.13041276362e-06, 1.60050112754e-05, 1.49007100845e-05, 1.99798487301e-05, 1.64905704878e-05, 3.36960110872e-05, 1.45813646668e-05, 1.3500642126e-05, 1.17483532449e-05, 8.10468554846e-06, 6.83005873725e-06, 5.64718629903e-06, 3.88969374399e-06, 3.28782493852e-06, 2.66589972853e-06, 2.01589500648e-06, 1.39044686875e-06, 1.43081354054e-06, 1.77437732418e-06, 1.78881566626e-06, 1.65112680861e-06, 1.46770082665e-06, 1.16255057492e-06, 8.23052005217e-07, 7.19300430774e-07, 5.41962549505e-07],
        "dmean2": [0.00388735160232, 0.00505746202543, 0.00408635567874, 0.00100982445292, 0.000489446043503, 0.000348057365045, 0.0001906046964, 0.000124416299514, 9.00334998732e-05, 0.000123392557725, 5.30342840648e-05, 3.00271603919e-05, 5.88131515542e-05, 2.51100682362e-05, 1.50341193148e-05, 2.63650235865e-05, 2.49086933763e-05, 3.44002255588e-05, 2.8048591048e-05, 5.52807105123e-05, 2.34053823078e-05, 2.24271352636e-05, 1.97163008124e-05, 1.36467060656e-05, 1.14193053378e-05, 9.48517936195e-06, 6.68030634188e-06, 5.45898819837e-06, 4.44441229774e-06, 3.28057717525e-06, 2.10992220673e-06, 2.33412197304e-06, 2.91280844067e-06, 2.90860066343e-06, 2.69902716354e-06, 2.23898700824e-06, 1.86161287274e-06, 1.29987438413e-06, 1.17229114949e-06, 9.06163904801e-07],
        "dvar": [3.38700119755e-05, 5.62348723179e-05, 3.73660004698e-05, 1.17059107652e-06, 2.63352660568e-07, 1.8142800684e-07, 6.3283849272e-08, 2.65949786638e-08, 2.0026639902e-08, 3.38024790381e-08, 1.27068009448e-08, 2.65732769122e-09, 8.39451441692e-09, 1.12259834761e-09, 3.11070197379e-10, 1.12410736275e-09, 1.3695095058e-09, 2.72603961626e-09, 1.52088475147e-09, 7.34480609665e-09, 1.03052033573e-09, 9.58589541078e-10, 8.04296185208e-10, 2.79216955112e-10, 2.00880811985e-10, 1.06610831274e-10, 5.21878720794e-11, 4.12074714629e-11, 1.92113183001e-11, 1.09064415485e-11, 6.39466257724e-12, 5.82914749456e-12, 1.27301251138e-11, 1.18566909763e-11, 1.03555887823e-11, 7.77634987653e-12, 4.99997222445e-12, 2.43056247871e-12, 2.44317218366e-12, 1.72159432977e-12],
        "dvar2": [5.61140514037e-05, 0.000104720893432, 0.000101258694485, 3.02011312669e-06, 6.32693627267e-07, 4.70135319119e-07, 1.78199130119e-07, 6.51088569725e-08, 5.07534458905e-08, 8.2534235446e-08, 3.08599794607e-08, 6.50582299144e-09, 2.362350493e-08, 2.73663736117e-09, 7.57713725097e-10, 2.62176547139e-09, 3.63831165195e-09, 7.60654739196e-09, 4.13838652236e-09, 1.9083676861e-08, 2.41574693582e-09, 2.34933472676e-09, 2.11830486485e-09, 7.55446871725e-10, 5.20333331977e-10, 2.96093982666e-10, 1.46532799783e-10, 1.0635967107e-10, 4.98394103765e-11, 2.68862883346e-11, 1.26124527489e-11, 1.4419581848e-11, 3.25257563938e-11, 2.87713273345e-11, 2.54106007069e-11, 1.60029437618e-11, 1.22059012203e-11, 5.7953832705e-12, 6.40503795835e-12, 4.65927036536e-12],
        "max": [0.0480911545455, 0.0594798699021, 0.0401431545615, 0.00883907917887, 0.00521345064044, 0.00516399275512, 0.00230198400095, 0.0021571656689, 0.00280345627107, 0.00261360150762, 0.0027083333116, 0.0011541825952, 0.00153058976866, 0.000751670449972, 0.000257027801126, 0.000626470486168, 0.000623766623903, 0.000592372321989, 0.000391947076423, 0.0012631994905, 0.000875700847246, 0.000672204070725, 0.000491885934025, 0.000320548308082, 0.000164081924595, 9.7261974588e-05, 8.99456863408e-05, 0.0001190635885, 5.70206648263e-05, 4.01911347581e-05, 3.50286827597e-05, 3.21789157169e-05, 2.68389449047e-05, 3.05765424855e-05, 2.71209246421e-05, 2.3302007321e-05, 1.58030834427e-05, 1.90147602552e-05, 1.07155219666e-05, 1.06838524516e-05],
        "mean": [0.00559358671308, 0.00591194443405, 0.00299923145212, 0.00120293558575, 0.000596755940933, 0.000327010260662, 0.000161203977768, 0.000107938001747, 7.29415696696e-05, 0.000108514126623, 4.64319600724e-05, 2.7774625778e-05, 4.6441815357e-05, 2.27884374908e-05, 1.41080363392e-05, 2.25007624977e-05, 1.83695829037e-05, 2.4605771614e-05, 2.16545140574e-05, 4.95263411722e-05, 2.30951227422e-05, 1.93603918888e-05, 1.74077922566e-05, 1.31190518005e-05, 1.06620991573e-05, 8.67476046551e-06, 6.20827267994e-06, 5.43863916391e-06, 4.24215022576e-06, 3.19360742651e-06, 2.33627588386e-06, 2.00382828552e-06, 2.11999667954e-06, 2.14825718103e-06, 1.94313133761e-06, 1.88730700756e-06, 1.41059274483e-06, 1.09504821921e-06, 8.16992098862e-07, 5.78514459448e-07],
        "median": [0.00218664063141, 0.00312844058499, 0.00171057577245, 0.0008585996693, 0.000320140796248, 0.000163095784956, 7.96683816588e-05, 4.33621462435e-05, 2.59552962234e-05, 1.78146929102e-05, 1.15918710435e-05, 8.45565409691e-06, 1.17399395094e-05, 9.31747763389e-06, 7.54945176595e-06, 8.35550235934e-06, 7.77137120167e-06, 8.31125271361e-06, 7.8570928963e-06, 8.15634302853e-06, 6.80781067786e-06, 6.23952291789e-06, 5.52394567421e-06, 4.75304705105e-06, 3.86633610105e-06, 3.47839272763e-06, 2.77594654108e-06, 2.42514965976e-06, 2.02622368306e-06, 1.67871814938e-06, 1.32561046939e-06, 1.09576672003e-06, 9.72157295109e-07, 8.5424272811e-07, 7.11022721589e-07, 6.33091701729e-07, 5.26723624716e-07, 4.47177001206e-07, 3.22602318192e-07, 1.83979196322e-07],
        "min": [1.98314715344e-12, 1.24976838232e-13, 3.82052313505e-14, 4.41053172717e-14, 4.23704921517e-14, 3.74083393656e-14, 3.10489007009e-14, 2.64178683405e-14, 6.66435697317e-14, 8.67475646979e-14, 4.70681131603e-14, 8.99819633951e-14, 7.21643664964e-12, 7.61026311413e-12, 7.2371664217e-11, 1.92803342736e-10, 2.24707003005e-10, 1.85373660866e-10, 1.40498460088e-10, 1.33743627284e-10, 1.36595151856e-10, 4.42829696523e-11, 4.32016575291e-12, 4.50717154571e-13, 1.07358864637e-13, 6.9584271613e-14, 8.65738755099e-14, 7.97772086022e-14, 7.416852912e-14, 4.4881704283e-14, 9.47343806591e-14, 9.35990041441e-14, 1.00967479278e-13, 9.34512680456e-14, 9.11961410793e-14, 9.64083752609e-14, 9.36145217877e-14, 9.94552611924e-14, 8.03769960203e-14, 5.70354581706e-14],
        "var": [9.77376184892e-05, 9.85833976301e-05, 2.67634513875e-05, 1.65018707321e-06, 4.85935231609e-07, 2.18932569851e-07, 5.76811416408e-08, 3.33509788675e-08, 2.22257146021e-08, 6.25517202479e-08, 2.13452775455e-08, 4.25375823454e-09, 1.08930811038e-08, 1.73178982266e-09, 4.94275620433e-10, 1.83128534559e-09, 1.43267975261e-09, 2.45281395195e-09, 1.61275870436e-09, 1.33032171945e-08, 1.98256011608e-09, 1.52589463287e-09, 1.19192133941e-09, 4.9717679973e-10, 3.71306402291e-10, 1.60999880094e-10, 9.21426129841e-11, 7.5492972984e-11, 3.45710057803e-11, 1.83945289556e-11, 1.16174179651e-11, 7.58498906045e-12, 1.23584475986e-11, 1.28558153706e-11, 1.08892009992e-11, 1.00476007722e-11, 5.5439138523e-12, 3.19455573106e-12, 2.19552110867e-12, 1.41854952264e-12]
    },
    "mfcc": {
        "mean": [-694.760864258, 92.3608398438, 7.63077402115, 30.3838710785, 18.7518539429, 9.66650485992, -1.55476617813, 3.21006298065, -0.355994790792, 2.36452150345, -3.96229457855, 0.617999136448, -1.16462767124],
        "cov": [[23785.4882812, 5301.12402344, 2355.24951172, 2555.83203125, -388.044494629, -320.405975342, 109.20463562, 439.427886963, -451.593658447, -165.875900269, -328.682891846, -152.069335938, -308.294677734], [5301.12402344, 2582.45141602, 510.221710205, 892.922668457, 207.862228394, 123.738693237, 148.734832764, 126.502418518, -79.9523544312, -20.4027805328, -81.2720413208, -51.5322532654, -48.8105964661], [2355.24951172, 510.221710205, 2027.88586426, 890.869262695, 6.82559871674, 187.157577515, 161.865402222, 68.2727279663, -45.0305862427, -7.09392976761, 60.1764335632, 22.2126255035, -57.900428772], [2555.83203125, 892.922668457, 890.869262695, 723.878173828, 107.286773682, 158.054885864, 140.505355835, 90.8382339478, -25.4082431793, 9.03607273102, 9.52429485321, -0.763357460499, -29.700428009], [-388.044494629, 207.862228394, 6.82559871674, 107.286773682, 363.703308105, 279.967468262, 93.6515884399, 51.9456558228, 58.3081207275, 33.6704216003, 35.8527908325, 8.73549461365, 31.3665428162], [-320.405975342, 123.738693237, 187.157577515, 158.054885864, 279.967468262, 318.535949707, 122.355163574, 57.6308403015, 53.9624176025, 41.3752403259, 37.4691085815, 2.04187750816, 19.1862354279], [109.20463562, 148.734832764, 161.865402222, 140.505355835, 93.6515884399, 122.355163574, 139.467910767, 80.7379150391, 31.3911838531, 22.8897705078, 25.9274654388, 4.21244525909, 7.48959875107], [439.427886963, 126.502418518, 68.2727279663, 90.8382339478, 51.9456558228, 57.6308403015, 80.7379150391, 112.969657898, 40.1759529114, 18.3918533325, 15.5172710419, 5.19418525696, -0.760037243366], [-451.593658447, -79.9523544312, -45.0305862427, -25.4082431793, 58.3081207275, 53.9624176025, 31.3911838531, 40.1759529114, 79.9047012329, 43.9732170105, 20.7535629272, 10.389966011, 20.4850902557], [-165.875900269, -20.4027805328, -7.09392976761, 9.03607273102, 33.6704216003, 41.3752403259, 22.8897705078, 18.3918533325, 43.9732170105, 66.2251052856, 27.1932754517, 0.0722602978349, 13.249297142], [-328.682891846, -81.2720413208, 60.1764335632, 9.52429485321, 35.8527908325, 37.4691085815, 25.9274654388, 15.5172710419, 20.7535629272, 27.1932754517, 62.3390884399, 25.2950210571, 4.98073911667], [-152.069335938, -51.5322532654, 22.2126255035, -0.763357460499, 8.73549461365, 2.04187750816, 4.21244525909, 5.19418525696, 10.389966011, 0.0722602978349, 25.2950210571, 47.4379615784, 16.9763202667], [-308.294677734, -48.8105964661, -57.900428772, -29.700428009, 31.3665428162, 19.1862354279, 7.48959875107, -0.760037243366, 20.4850902557, 13.249297142, 4.98073911667, 16.9763202667, 54.9782485962]],
