{
"lowlevel": {
    "average_loudness": 0.932991623878,
    "barkbands_crest": {
        "dmean": 2.21272945404,
        "dmean2": 3.6923968792,
        "dvar": 4.63943433762,
        "dvar2": 12.2482891083,
        "max": 25.1948471069,
        "mean": 8.2880563736,
        "median": 7.46446800232,
        "min": 2.23275089264,
        "var": 12.2663249969
    },
    "barkbands_flatness_db": {
        "dmean": 0.0187491029501,
        "dmean2": 0.0293077453971,
        "dvar": 0.000325645174598,
        "dvar2": 0.000780593894888,
        "max": 0.3108086586,
        "mean": 0.145092010498,
        "median": 0.140476703644,
        "min": 0.0629867613316,
        "var": 0.00131946406327
    },
    "barkbands_kurtosis": {
        "dmean": 1.74519371986,
        "dmean2": 2.88881087303,
        "dvar": 16.8977279663,
        "dvar2": 41.6178817749,
        "max": 63.4378890991,
        "mean": 1.11696004868,
        "median": -0.464778900146,
        "min": -1.76011419296,
        "var": 28.0755767822
    },
    "barkbands_skewness": {
        "dmean": 0.473977774382,
        "dmean2": 0.747256338596,
        "dvar": 0.304996877909,
        "dvar2": 0.70112746954,
        "max": 6.99506807327,
        "mean": 0.951016426086,
        "median": 0.772137522697,
        "min": -1.84401750565,
        "var": 1.08230888844
    },
    "barkbands_spread": {
        "dmean": 6.08323383331,
        "dmean2": 9.42466640472,
        "dvar": 34.8322410583,
        "dvar2": 76.9435882568,
        "max": 76.1272506714,
        "mean": 29.9548873901,
        "median": 29.8883628845,
        "min": 2.4219212532,
        "var": 116.119354248
    },
    "dissonance": {
        "dmean": 0.0140446452424,
        "dmean2": 0.0234665386379,
        "dvar": 0.000153234257596,
        "dvar2": 0.000417543109506,
        "max": 0.500000059605,
        "mean": 0.475259721279,
        "median": 0.47879037261,
        "min": 0.376624643803,
        "var": 0.000277451763395
    },
    "dynamic_complexity": 1.83454811573,
    "erbbands_crest": {
        "dmean": 2.46023750305,
        "dmean2": 4.11635494232,
        "dvar": 5.51831150055,
        "dvar2": 14.603805542,
        "max": 24.1918716431,
        "mean": 7.90446329117,
        "median": 7.16801929474,
        "min": 2.61012482643,
        "var": 10.508061409
    },
    "erbbands_flatness_db": {
        "dmean": 0.0146774416789,
        "dmean2": 0.0218984466046,
        "dvar": 0.000168600250618,
        "dvar2": 0.000349350098986,
        "max": 0.345610052347,
        "mean": 0.185155719519,
        "median": 0.181432396173,
        "min": 0.104182943702,
        "var": 0.0010172422044
    },
    "erbbands_kurtosis": {
        "dmean": 0.65771406889,
        "dmean2": 1.08742237091,
        "dvar": 0.830341458321,
        "dvar2": 2.22258853912,
        "max": 22.5723075867,
        "mean": -0.0603864081204,
        "median": -0.307614088058,
        "min": -1.75540089607,
        "var": 1.2542822361
    },
    "erbbands_skewness": {
        "dmean": 0.322898626328,
        "dmean2": 0.509772717953,
        "dvar": 0.0725364759564,
        "dvar2": 0.18228957057,
        "max": 2.82973909378,
        "mean": -0.288406342268,
        "median": -0.255884200335,
        "min": -3.20410346985,
        "var": 0.291191667318
    },
    "erbbands_spread": {
        "dmean": 7.30348348618,
        "dmean2": 11.6971883774,
        "dvar": 51.607749939,
        "dvar2": 128.36000061,
        "max": 132.825012207,
        "mean": 37.0531768799,
        "median": 35.4270133972,
        "min": 3.84224486351,
        "var": 151.519821167
    },
    "hfc": {
        "dmean": 7.91291904449,
        "dmean2": 11.4325399399,
        "dvar": 77.2880706787,
        "dvar2": 129.456436157,
        "max": 113.578956604,
        "mean": 26.9299087524,
        "median": 25.4050788879,
        "min": 0.000290544383461,
        "var": 269.959320068
    },
    "melbands_crest": {
        "dmean": 3.13154649734,
        "dmean2": 5.00263500214,
        "dvar": 9.2250289917,
        "dvar2": 21.369134903,
        "max": 36.6057167053,
        "mean": 13.1763916016,
        "median": 12.7285575867,
        "min": 3.0438914299,
        "var": 29.6161575317
    },
    "melbands_flatness_db": {
        "dmean": 0.0245637651533,
        "dmean2": 0.0368064194918,
        "dvar": 0.000616021512542,
        "dvar2": 0.00141282577533,
        "max": 0.37804710865,
        "mean": 0.159464925528,
        "median": 0.153131335974,
        "min": 0.0331514514983,
        "var": 0.00291117047891
    },
    "melbands_kurtosis": {
        "dmean": 5.05573225021,
        "dmean2": 8.42968177795,
        "dvar": 138.590179443,
        "dvar2": 361.973480225,
        "max": 167.809844971,
        "mean": 7.61537265778,
        "median": 3.52917337418,
        "min": -1.71498668194,
        "var": 214.870864868
    },
    "melbands_skewness": {
        "dmean": 0.637632250786,
        "dmean2": 1.01671886444,
        "dvar": 0.692994892597,
        "dvar2": 1.68945610523,
        "max": 11.4813146591,
        "mean": 2.16172981262,
        "median": 1.9263510704,
        "min": -0.952796280384,
        "var": 2.07018351555
    },
    "melbands_spread": {
        "dmean": 9.43985652924,
        "dmean2": 14.9402799606,
        "dvar": 100.562255859,
        "dvar2": 227.038574219,
        "max": 180.298583984,
        "mean": 36.1220741272,
        "median": 35.1691322327,
        "min": 1.70308411121,
        "var": 328.663024902
    },
    "pitch_salience": {
        "dmean": 0.065457008779,
        "dmean2": 0.104863621294,
        "dvar": 0.00329701928422,
        "dvar2": 0.00858735013753,
        "max": 0.851237416267,
        "mean": 0.543024659157,
        "median": 0.544584512711,
        "min": 0.116053022444,
        "var": 0.00998615007848
    },
    "silence_rate_20dB": {
        "dmean": 0,
        "dmean2": 0,
        "dvar": 0,
        "dvar2": 0,
        "max": 1,
        "mean": 1,
        "median": 1,
        "min": 1,
        "var": 0
    },
    "silence_rate_30dB": {
        "dmean": 0.0201238393784,
        "dmean2": 0.0402632579207,
        "dvar": 0.0197184421122,
        "dvar2": 0.0386402383447,
        "max": 1,
        "mean": 0.960928440094,
        "median": 1,
        "min": 0,
        "var": 0.0375443994999
    },
    "silence_rate_60dB": {
        "dmean": 0.0147058824077,
        "dmean2": 0.0294231511652,
        "dvar": 0.0144896656275,
        "dvar2": 0.0332024209201,
        "max": 1,
        "mean": 0.0247582197189,
        "median": 0,
        "min": 0,
        "var": 0.0241453479975
    },
    "spectral_centroid": {
        "dmean": 294.665435791,
        "dmean2": 449.702270508,
        "dvar": 73989.8828125,
        "dvar2": 162685.640625,
        "max": 3476.96557617,
        "mean": 1879.49645996,
        "median": 1932.5435791,
        "min": 426.250732422,
        "var": 295256.71875
    },
    "spectral_complexity": {
        "dmean": 4.73916387558,
        "dmean2": 6.93921804428,
        "dvar": 21.4451026917,
        "dvar2": 41.1093101501,
        "max": 57,
        "mean": 24.8568668365,
        "median": 24,
        "min": 0,
        "var": 85.0928039551
    },
    "spectral_decrease": {
        "dmean": 2.63222821317e-09,
        "dmean2": 4.3003867134e-09,
        "dvar": 3.51742375835e-17,
        "dvar2": 8.42200888988e-17,
        "max": -1.19106290043e-13,
        "mean": -7.85655807078e-09,
        "median": -6.1971974219e-09,
        "min": -7.02688964793e-08,
        "var": 7.59418837041e-17
    },
    "spectral_energy": {
        "dmean": 0.010407846421,
        "dmean2": 0.0168934147805,
        "dvar": 0.000503291143104,
        "dvar2": 0.00120212568436,
        "max": 0.267901867628,
        "mean": 0.0320951119065,
        "median": 0.0257410891354,
        "min": 5.32239766926e-07,
        "var": 0.00110788166057
    },
    "spectral_energyband_high": {
        "dmean": 0.00051530712517,
        "dmean2": 0.000738944450859,
        "dvar": 8.54946108575e-07,
        "dvar2": 1.44266289226e-06,
        "max": 0.0127120185643,
        "mean": 0.000896416604519,
        "median": 0.00055145798251,
        "min": 3.79433906517e-09,
        "var": 1.64055029472e-06
    },
    "spectral_energyband_low": {
        "dmean": 0.0073854518123,
        "dmean2": 0.0125514985994,
        "dvar": 0.000505379633978,
        "dvar2": 0.00126347492915,
        "max": 0.246590703726,
        "mean": 0.014753350988,
        "median": 0.00679672602564,
        "min": 1.49707890529e-08,
        "var": 0.000942005019169
    },
    "spectral_energyband_middle_high": {
        "dmean": 0.0024873057846,
        "dmean2": 0.00378013495356,
        "dvar": 6.3663696892e-06,
        "dvar2": 1.37890310725e-05,
        "max": 0.0356106050313,
        "mean": 0.00832487735897,
        "median": 0.00729099893942,
        "min": 7.87651472933e-08,
        "var": 2.92953955068e-05
    },
    "spectral_energyband_middle_low": {
        "dmean": 0.00329078757204,
        "dmean2": 0.00523452321067,
        "dvar": 1.63400309248e-05,
        "dvar2": 4.20066899096e-05,
        "max": 0.0546161569655,
        "mean": 0.00880861002952,
        "median": 0.00732979737222,
        "min": 3.94697430295e-08,
        "var": 3.57802819053e-05
    },
    "spectral_entropy": {
        "dmean": 0.144600361586,
        "dmean2": 0.205448925495,
        "dvar": 0.0169958677143,
        "dvar2": 0.0348033197224,
        "max": 8.42614173889,
        "mean": 7.63276100159,
        "median": 7.62893342972,
        "min": 6.83680486679,
        "var": 0.0779124572873
    },
    "spectral_flux": {
        "dmean": 0.0234832800925,
        "dmean2": 0.0383237637579,
        "dvar": 0.00124095822684,
        "dvar2": 0.00305346399546,
        "max": 0.399669677019,
        "mean": 0.0904065296054,
        "median": 0.0799962058663,
        "min": 0.000729547638912,
        "var": 0.00257440796122
    },
    "spectral_kurtosis": {
        "dmean": 1.45300257206,
        "dmean2": 2.50012516975,
        "dvar": 1.81669306755,
        "dvar2": 5.34399938583,
        "max": 13.7136154175,
        "mean": 2.9814555645,
        "median": 2.6139793396,
        "min": -0.99608373642,
        "var": 3.64013051987
    },
    "spectral_rms": {
        "dmean": 0.000780514499638,
        "dmean2": 0.00122488790657,
        "dvar": 1.27428904761e-06,
        "dvar2": 2.8026192922e-06,
        "max": 0.0161668695509,
        "mean": 0.00515704741701,
        "median": 0.00501131266356,
        "min": 2.27872405958e-05,
        "var": 4.71719704365e-06
    },
    "spectral_rolloff": {
        "dmean": 586.429931641,
        "dmean2": 956.346862793,
        "dvar": 598375.4375,
        "dvar2": 1285232.25,
        "max": 9431.54296875,
        "mean": 2167.28637695,
        "median": 2217.91992188,
        "min": 43.06640625,
        "var": 1491426.25
    },
    "spectral_skewness": {
        "dmean": 0.19656598568,
        "dmean2": 0.321664899588,
        "dvar": 0.0265538040549,
        "dvar2": 0.070991717279,
        "max": 2.31310200691,
        "mean": 1.15254914761,
        "median": 1.14177668095,
        "min": 0.305182516575,
        "var": 0.0710638612509
    },
    "spectral_spread": {
        "dmean": 381390.8125,
        "dmean2": 568744.3125,
        "dvar": 204814778368,
        "dvar2": 407641260032,
        "max": 10113600,
        "mean": 3765741.25,
        "median": 3604830,
        "min": 1647418.75,
        "var": 752480092160
    },
    "spectral_strongpeak": {
        "dmean": 0.575290322304,
        "dmean2": 1.00624060631,
        "dvar": 0.927273511887,
        "dvar2": 2.45057106018,
        "max": 7.88223648071,
        "mean": 0.862120330334,
        "median": 0.492588847876,
        "min": 0,
        "var": 1.2212126255
    },
    "zerocrossingrate": {
        "dmean": 0.0105800572783,
        "dmean2": 0.0122236665338,
        "dvar": 0.000108638589154,
        "dvar2": 0.000132934917929,
        "max": 0.275390625,
        "mean": 0.0725257247686,
        "median": 0.072265625,
        "min": 0.00537109375,
        "var": 0.000735494424589
    },
    "barkbands": {
        "dmean": [0.00176464940887, 0.00510310707614, 0.00221651513129, 0.000823833921459, 0.00153885886539, 0.00059432775015, 0.00105131138116, 0.000753378786612, 0.000633659539744, 0.00065052032005, 0.000232290563872, 0.000420709548052, 0.000565821013879, 0.000281963613816, 0.000588998955209, 0.000405548955314, 0.000414971000282, 0.000591243267991, 0.000471041217679, 0.000220800546231, 0.000113069298095, 0.000152864842676, 0.000140283562359, 8.94001932465e-05, 1.89246165974e-05, 1.68340790196e-08, 3.26230020775e-09],
        "dmean2": [0.00254095043056, 0.00890916772187, 0.00395354256034, 0.00139688106719, 0.00248152832501, 0.000934855197556, 0.00170746142976, 0.00122483563609, 0.00100406445563, 0.00101847341284, 0.00038338417653, 0.000679706397932, 0.000929544039536, 0.000450418709079, 0.000985277700238, 0.000666220032144, 0.00067685713293, 0.000912201125175, 0.000733259308618, 0.000344104424585, 0.000167510137544, 0.000226345553529, 0.000206160766538, 0.000130940708914, 2.75974325632e-05, 2.6231250061e-08, 5.76532688257e-09],
        "dvar": [7.16515060049e-05, 0.000239220549702, 4.59253860754e-05, 3.31646447194e-06, 5.17818853041e-06, 7.75205592163e-07, 3.12171641781e-06, 2.73202044809e-06, 1.36623316394e-06, 1.25773738091e-06, 3.29163327706e-07, 7.75264766162e-07, 1.01520049611e-06, 2.01576909831e-07, 7.8910557022e-07, 3.96909655365e-07, 3.20330599379e-07, 6.50780123124e-07, 3.70097325231e-07, 1.02543864955e-07, 5.97378857492e-08, 1.0717241139e-07, 4.34513189873e-08, 3.26503233339e-08, 1.89541893292e-09, 1.53861131413e-15, 1.5859175219e-16],
        "dvar2": [0.000136559145176, 0.000657918513753, 0.000139776151627, 9.55607720243e-06, 1.35935943035e-05, 1.9525323296e-06, 8.27099120215e-06, 6.98671192367e-06, 3.1973725072e-06, 3.08859171128e-06, 8.4911181375e-07, 2.03867261916e-06, 2.69467159342e-06, 5.12120323037e-07, 2.1857831598e-06, 1.01449165868e-06, 8.33113176668e-07, 1.57405122536e-06, 8.71560700944e-07, 2.33237017255e-07, 1.15367683406e-07, 2.27595833735e-07, 8.2639779464e-08, 6.25950846711e-08, 3.44502359972e-09, 3.32543568081e-15, 4.20667954765e-16],
        "max": [0.110524855554, 0.16699065268, 0.0710923522711, 0.0294481534511, 0.0291323531419, 0.013137110509, 0.0251798275858, 0.0252314452082, 0.0219877697527, 0.0160465352237, 0.0103853493929, 0.0154354954138, 0.0138286007568, 0.00995646417141, 0.0114570604637, 0.0117189474404, 0.00729429256171, 0.0105419801548, 0.00765087315813, 0.00409532058984, 0.0032682523597, 0.00528571661562, 0.0028083359357, 0.00330732995644, 0.000581746455282, 6.00201815359e-07, 2.42890877189e-07],
        "mean": [0.00209796265699, 0.00832037907094, 0.00371886324137, 0.0014518284006, 0.00252368999645, 0.00105331814848, 0.00157998048235, 0.00101361528505, 0.00106280087493, 0.0010726202745, 0.000316663063131, 0.000714180991054, 0.000967675819993, 0.000476394256111, 0.000968697189819, 0.000680134398863, 0.000773936801124, 0.00114625983406, 0.000988677144051, 0.000370379653759, 0.000150473002577, 0.000199998277822, 0.000269912648946, 0.000149872881593, 2.67895811703e-05, 2.14823732136e-08, 2.59065724428e-09],
        "median": [8.21312059998e-05, 0.00216636247933, 0.00122797256336, 0.000706595368683, 0.00158031540923, 0.000714719702955, 0.000948510947637, 0.000363086466677, 0.000460603012471, 0.00050270895008, 0.000146684571519, 0.000278287567198, 0.000425202772021, 0.000261820794549, 0.000512968807016, 0.000416938419221, 0.00049112085253, 0.000669485074468, 0.000601711275522, 0.000212448678212, 5.54389698664e-05, 7.941514923e-05, 0.000187351542991, 7.26716825739e-05, 9.1862229965e-06, 7.43855732566e-09, 4.14677153726e-10],
        "min": [1.71904057655e-09, 8.07330469144e-09, 1.97795291257e-09, 9.83973524882e-09, 5.65817837028e-09, 7.76285080661e-09, 4.64896476871e-09, 6.28215701681e-09, 4.48624914995e-09, 3.14367767373e-08, 3.74430486616e-09, 9.6882661893e-09, 6.06774541723e-09, 3.63453644958e-09, 1.84608428544e-09, 3.699810458e-09, 1.61640711926e-09, 1.32991240243e-09, 3.36956040847e-09, 1.75853587248e-09, 8.18442980055e-10, 5.44053857521e-10, 1.15226006514e-09, 2.99470614973e-10, 9.21261261722e-11, 3.41713679922e-12, 5.26559525149e-12],
        "var": [0.000102525416878, 0.000368319713743, 3.88022999687e-05, 5.78140679863e-06, 8.81939740793e-06, 1.31822582716e-06, 4.30830641562e-06, 3.54740586772e-06, 2.67526615971e-06, 2.65721541837e-06, 4.47161056627e-07, 1.5312054984e-06, 1.87834257304e-06, 4.33386816212e-07, 1.4314919099e-06, 6.89495493589e-07, 7.32202238396e-07, 1.65051187651e-06, 1.0647287354e-06, 2.01639196007e-07, 9.34213630899e-08, 1.53241117573e-07, 8.96542289297e-08, 7.87513343425e-08, 3.49758066953e-09, 2.24394210793e-15, 1.26336565505e-16]
    },
    "erbbands": {
        "dmean": [0.237923964858, 0.966287732124, 2.50952386856, 2.6647913456, 3.14977049828, 6.50926065445, 4.85553646088, 5.17642354965, 12.408411026, 16.0982913971, 16.0805912018, 16.1625041962, 11.6831579208, 21.9611148834, 11.911154747, 14.3166437149, 24.0842647552, 15.0017261505, 30.5147323608, 21.5412082672, 23.6724777222, 22.1987133026, 32.9874610901, 20.3414516449, 24.6910057068, 10.0551481247, 5.23515224457, 4.47885513306, 5.31552934647, 4.80088615417, 3.94605278969, 2.49302792549, 1.16123139858, 0.400724798441, 0.0294752325863, 0.0013167533325, 7.71478153183e-05, 1.29678101075e-05, 7.64372089179e-06, 1.26092372739e-05],
        "dmean2": [0.364947199821, 1.74569010735, 4.46547937393, 4.64226865768, 5.12672138214, 10.6342153549, 7.72943305969, 8.23057460785, 20.2171554565, 26.5476493835, 25.9887523651, 25.5071563721, 18.224905014, 34.8857154846, 19.1679573059, 23.1479911804, 39.6072158813, 23.7575511932, 51.7631759644, 34.313873291, 38.627155304, 35.9283790588, 51.1466751099, 31.1558151245, 37.9293746948, 15.4891023636, 7.81303167343, 6.6032948494, 7.88701963425, 7.13812160492, 5.83570861816, 3.65585041046, 1.6876732111, 0.582390725613, 0.0430469550192, 0.00191486766562, 0.000110749206215, 1.87236546481e-05, 1.14968916023e-05, 1.99124951905e-05],
        "dvar": [0.80934971571, 7.55616044998, 56.1777267456, 48.1962394714, 22.1607990265, 111.355880737, 56.8758239746, 77.2794570923, 513.352294922, 876.546142578, 1318.3260498, 846.001525879, 620.65826416, 1520.07946777, 655.160095215, 613.197143555, 2047.22387695, 781.000610352, 2687.26000977, 1371.31298828, 1225.75646973, 884.136291504, 1973.67919922, 696.641540527, 986.010070801, 229.523880005, 121.427459717, 116.756278992, 143.561447144, 61.711265564, 34.4119224548, 21.992395401, 7.33701610565, 0.886475622654, 0.00449177483097, 8.86771067599e-06, 2.68136517434e-08, 6.3908467407e-10, 1.37188607696e-10, 5.84679638038e-10],
        "dvar2": [1.91989123821, 22.9218559265, 170.376800537, 144.062057495, 59.8119850159, 298.299133301, 147.250366211, 199.735275269, 1340.04040527, 2277.02124023, 3424.52099609, 1982.62353516, 1407.41247559, 3878.62133789, 1725.11230469, 1605.63757324, 5478.11132812, 1907.8918457, 7811.61669922, 3331.68823242, 3256.58300781, 2134.20239258, 4868.76367188, 1585.30175781, 2355.16650391, 521.432373047, 246.0546875, 229.888015747, 313.124145508, 121.769393921, 67.6932067871, 45.8054885864, 13.6797494888, 1.60035073757, 0.00798507221043, 1.5605804947e-05, 4.47826522532e-08, 1.05932440597e-09, 2.72641076382e-10, 1.37515754339e-09],
        "max": [10.2913265228, 31.9082717896, 80.0339279175, 118.279937744, 57.4431838989, 133.485137939, 114.489013672, 153.170089722, 282.057220459, 483.464416504, 591.468078613, 400.234741211, 538.88092041, 618.967529297, 457.879577637, 421.431182861, 595.226318359, 672.940063477, 718.192443848, 699.188720703, 450.644805908, 427.154876709, 514.082702637, 428.389678955, 387.066802979, 214.233428955, 177.551452637, 222.54788208, 166.158416748, 104.029548645, 95.8956298828, 98.7791137695, 35.3313674927, 11.8667812347, 1.03603291512, 0.0444124229252, 0.00211624242365, 0.000302141008433, 0.000144604258821, 0.000292054668535],
        "mean": [0.336005628109, 1.49598348141, 4.3310751915, 4.74469804764, 5.56293916702, 9.70847988129, 8.37728500366, 9.30117893219, 19.5809116364, 22.9934577942, 23.5008411407, 27.434961319, 19.9692382812, 36.1330070496, 21.0671005249, 25.7648067474, 42.0446510315, 28.989818573, 49.1624908447, 37.9962234497, 41.4989547729, 46.0319519043, 65.8667144775, 44.2550163269, 50.409286499, 17.7134990692, 7.35590076447, 5.67146587372, 6.79330062866, 7.90138196945, 7.54749822617, 4.46329879761, 1.7836534977, 0.584264934063, 0.0417186431587, 0.00194739818107, 0.000136903981911, 2.57930023508e-05, 2.299148764e-05, 4.01280922233e-05],
        "median": [0.0528981685638, 0.594452917576, 1.96381592751, 2.33804535866, 3.72528123856, 5.33334589005, 5.35418796539, 5.91792917252, 10.7230386734, 12.8877496719, 11.3935403824, 11.9879951477, 10.302488327, 19.0630512238, 10.6612577438, 14.4699115753, 17.6233291626, 17.0360660553, 26.9425449371, 23.4934635162, 25.7941036224, 30.2595767975, 39.9360389709, 28.8536014557, 31.4836101532, 11.2243556976, 3.17720651627, 1.83549058437, 2.50454258919, 4.66180801392, 5.2945971489, 2.55521726608, 0.738273382187, 0.208055227995, 0.0148874828592, 0.000760878843721, 7.29471285013e-05, 1.6944755771e-05, 1.92275201698e-05, 3.29542017425e-05],
        "min": [2.3522660797e-07, 1.74887702542e-06, 3.66026984011e-06, 1.61704301718e-05, 3.45633670804e-05, 1.18725020002e-05, 4.23621095251e-05, 5.96561330894e-05, 4.54476175946e-05, 9.32227994781e-05, 0.000163311400684, 0.000138630712172, 0.000337237172062, 0.00119749864098, 0.0002388672292, 0.000323849148117, 0.000199378599063, 0.000350400194293, 0.000431079184636, 9.55827708822e-05, 0.000224640753004, 8.14383529359e-05, 5.72812678001e-05, 8.88558497536e-05, 0.00020860733639, 9.78396637947e-05, 4.1725787014e-05, 3.22587184201e-05, 2.09726422327e-05, 2.98462309729e-05, 3.03031210933e-05, 9.35602474783e-06, 4.19972730015e-06, 2.11435099118e-06, 1.29278646455e-07, 2.09661994433e-08, 9.04171848504e-09, 3.63398244829e-09, 1.08148601186e-09, 8.21737622392e-10],
        "var": [1.2013117075, 7.76975774765, 48.120880127, 62.7328681946, 37.4468460083, 169.567993164, 103.841270447, 135.904067993, 753.511169434, 1071.35998535, 1548.44909668, 1766.43017578, 1188.19421387, 2666.53613281, 1165.23718262, 1225.74755859, 3751.62402344, 1846.27001953, 4105.72265625, 2456.82983398, 2318.32128906, 2236.92797852, 4964.64599609, 1985.07043457, 2760.00219727, 428.918914795, 178.776077271, 174.915176392, 199.390411377, 107.922134399, 69.8954238892, 57.4662361145, 13.3562850952, 1.61771321297, 0.00861835386604, 1.71620558831e-05, 5.49244489889e-08, 1.33386890422e-09, 3.55840579225e-10, 1.3581810121e-09]
    },
    "gfcc": {
        "mean": [4.58028554916, 115.788825989, -162.538803101, 63.1354370117, -69.7604904175, 19.2453327179, -40.8991584778, 3.97216296196, -2.87509441376, -23.5473499298, 10.7701406479, -17.5353984833, -2.09627008438],
        "cov": [[2400.17871094, -65.5358963013, 150.017288208, 195.473587036, 56.0670280457, 249.021194458, 150.780670166, 187.127838135, 75.5377807617, 114.407493591, -15.3298540115, -20.71966362, -16.9505844116], [-65.5358963013, 639.505737305, 229.184143066, 102.649650574, 270.399078369, 60.4913291931, 216.948425293, -13.5374794006, 133.720443726, -14.4793548584, 30.2251300812, -51.4512825012, 1.63432776928], [150.017288208, 229.184143066, 464.742004395, 181.083114624, 116.965499878, 172.536697388, 71.5150146484, 40.8744544983, 69.0445556641, 75.4406661987, -28.9116954803, -1.98283517361, 36.4310913086], [195.473587036, 102.649650574, 181.083114624, 214.687942505, 124.460212708, 69.64427948, 80.4214401245, 35.331741333, 58.8032226562, 39.1761016846, 1.08100914955, 8.01880073547, 9.71568393707], [56.0670280457, 270.399078369, 116.965499878, 124.460212708, 263.359558105, 67.6519851685, 110.894325256, 52.2558097839, 76.8868484497, -3.75487303734, 43.0086174011, -23.0447654724, -8.20904445648], [249.021194458, 60.4913291931, 172.536697388, 69.64427948, 67.6519851685, 232.517684937, 127.412467957, 33.714302063, 22.0131816864, 79.1754302979, -4.99817276001, 1.31912171841, 22.4876422882], [150.780670166, 216.948425293, 71.5150146484, 80.4214401245, 110.894325256, 127.412467957, 251.5652771, 26.7935009003, 57.4054222107, 34.4722557068, 25.9132919312, -13.6922092438, 10.8000097275], [187.127838135, -13.5374794006, 40.8744544983, 35.331741333, 52.2558097839, 33.714302063, 26.7935009003, 132.127563477, 41.7662620544, 11.1739082336, 9.1628074646, -6.99369335175, -5.36466503143], [75.5377807617, 133.720443726, 69.0445556641, 58.8032226562, 76.8868484497, 22.0131816864, 57.4054222107, 41.7662620544, 123.794029236, 26.4750213623, 3.65971755981, -13.3718090057, -7.15463018417], [114.407493591, -14.4793548584, 75.4406661987, 39.1761016846, -3.75487303734, 79.1754302979, 34.4722557068, 11.1739082336, 26.4750213623, 110.678283691, -4.65817451477, 10.7643232346, 31.5332431793], [-15.3298540115, 30.2251300812, -28.9116954803, 1.08100914955, 43.0086174011, -4.99817276001, 25.9132919312, 9.1628074646, 3.65971755981, -4.65817451477, 92.7591552734, 18.3643455505, -29.4226589203], [-20.71966362, -51.4512825012, -1.98283517361, 8.01880073547, -23.0447654724, 1.31912171841, -13.6922092438, -6.99369335175, -13.3718090057, 10.7643232346, 18.3643455505, 61.4211616516, 24.0392112732], [-16.9505844116, 1.63432776928, 36.4310913086, 9.71568393707, -8.20904445648, 22.4876422882, 10.8000097275, -5.36466503143, -7.15463018417, 31.5332431793, -29.4226589203, 24.0392112732, 90.6612091064]],
        "icov": [[0.00057567859767, -0.000212357743294, 0.000419659045292, -0.000819863576908, 0.00058013969101, -0.000784700911026, 0.000221997004701, -0.000804673880339, 4.70556042274e-05, -0.000113516565762, -1.33860373808e-06, 0.000293807825074, 0.000168650483829], [-0.000212357743294, 0.00882396288216, -0.00572567759082, 0.0058725187555, -0.00748456129804, 0.00549977319315, -0.00698257796466, 0.00561549095437, -0.00421983608976, 0.00167893129401, 0.000124750979012, 0.00154540955555, -0.000691343273502], [0.000419659045292, -0.00572567759082, 0.00845213979483, -0.00727769080549, 0.00498345633969, -0.0072182812728, 0.0062932097353, -0.00363430846483, 0.00129957450554, -0.000723865581676, 0.000152913693455, 0.000269212265266, -0.000825298775453], [-0.000819863576908, 0.0058725187555, -0.00727769080549, 0.0150223113596, -0.00961070507765, 0.00701246969402, -0.00696429749951, 0.00393005926162, -0.00237312074751, -0.00180814007763, 0.00354199879803, -0.00457910494879, 0.00231331051327], [0.00058013969101, -0.00748456129804, 0.00498345633969, -0.00961070507765, 0.0154943624511, -0.00717917690054, 0.00565823353827, -0.005839089863, 0.00038131250767, 0.00289854453877, -0.00591006176546, 0.00426192674786, -0.00259123789147], [-0.000784700911026, 0.00549977319315, -0.0072182812728, 0.00701246969402, -0.00717917690054, 0.0154002197087, -0.00952798034996, 0.00262807775289, 0.00139320723247, -0.00521742226556, 0.00316349137574, -0.00227517471649, 0.00227841036394], [0.000221997004701, -0.00698257796466, 0.0062932097353, -0.00696429749951, 0.00565823353827, -0.00952798034996, 0.0134083582088, -0.00357538717799, 0.000485710042994, 0.000416503491579, -0.00334186595865, 0.00218728347681, -0.00231937365606], [-0.000804673880339, 0.00561549095437, -0.00363430846483, 0.00393005926162, -0.005839089863, 0.00262807775289, -0.00357538717799, 0.0133659373969, -0.00533672887832, 0.00167981814593, -0.000862568151206, 0.001408215845, -0.000834945240058], [4.70556042274e-05, -0.00421983608976, 0.00129957450554, -0.00237312074751, 0.00038131250767, 0.00139320723247, 0.000485710042994, -0.00533672887832, 0.0152864539996, -0.00565778370947, 0.0026116669178, -0.00139391270932, 0.00352365220897], [-0.000113516565762, 0.00167893129401, -0.000723865581676, -0.00180814007763, 0.00289854453877, -0.00521742226556, 0.000416503491579, 0.00167981814593, -0.00565778370947, 0.0167469438165, -0.00410261936486, 0.00256830942817, -0.00624422775581], [-1.33860373808e-06, 0.000124750979012, 0.000152913693455, 0.00354199879803, -0.00591006176546, 0.00316349137574, -0.00334186595865, -0.000862568151206, 0.0026116669178, -0.00410261936486, 0.0198600403965, -0.0119833787903, 0.00983948539943], [0.000293807825074, 0.00154540955555, 0.000269212265266, -0.00457910494879, 0.00426192674786, -0.00227517471649, 0.00218728347681, 0.001408215845, -0.00139391270932, 0.00256830942817, -0.0119833787903, 0.0277367606759, -0.0110642164946], [0.000168650483829, -0.000691343273502, -0.000825298775453, 0.00231331051327, -0.00259123789147, 0.00227841036394, -0.00231937365606, -0.000834945240058, 0.00352365220897, -0.00624422775581, 0.00983948539943, -0.0110642164946, 0.0191618017852]]
    },
    "melbands": {
        "dmean": [0.0016844086349, 0.00127696827985, 0.000436495000031, 0.000363760365872, 0.000186827528523, 0.000115008973808, 0.000196629422135, 0.000174020999111, 0.000127568200696, 9.42575061345e-05, 6.16875477135e-05, 9.62676567724e-05, 3.51902162947e-05, 5.41992267244e-05, 4.44844226877e-05, 4.7874134907e-05, 2.64233021881e-05, 4.88426085212e-05, 3.22520027112e-05, 2.72129364021e-05, 2.79945325019e-05, 2.20109322981e-05, 3.55395277438e-05, 2.77454782918e-05, 1.68386523001e-05, 2.11017231777e-05, 1.34890797199e-05, 5.61691831535e-06, 3.73639954887e-06, 2.46290164796e-06, 2.70196460406e-06, 3.24853613165e-06, 2.75508000414e-06, 2.81606685348e-06, 2.4903990834e-06, 2.02688102036e-06, 1.39579935876e-06, 9.18122850635e-07, 5.6472720189e-07, 2.72755613651e-07],
        "dmean2": [0.00269695231691, 0.00225748564117, 0.000759692047723, 0.000585927278735, 0.000301343330648, 0.000181918934686, 0.000317698169965, 0.000284891546471, 0.000204968397156, 0.00014869478764, 9.66425941442e-05, 0.000152431079186, 5.74686600885e-05, 8.72455566423e-05, 7.32118423912e-05, 7.77298773755e-05, 4.18277413701e-05, 8.25762326713e-05, 5.33252386958e-05, 4.37226335634e-05, 4.58834801975e-05, 3.60326084774e-05, 5.70625452383e-05, 4.322026507e-05, 2.63678175543e-05, 3.31266528519e-05, 2.08558194572e-05, 8.75011119206e-06, 5.67869301449e-06, 3.63212370758e-06, 4.04242837249e-06, 4.92573963129e-06, 4.16764805777e-06, 4.23000346927e-06, 3.74015576199e-06, 3.07285677081e-06, 2.08063784157e-06, 1.3397773273e-06, 8.31779289001e-07, 4.00394355893e-07],
        "dvar": [3.46294291376e-05, 1.41972359415e-05, 1.10757343919e-06, 3.24827254872e-07, 8.46232239837e-08, 3.75507624994e-08, 1.19930732012e-07, 9.84679218163e-08, 6.90961812211e-08, 3.08111509639e-08, 1.67362532721e-08, 2.87015460287e-08, 6.41998720852e-09, 1.35074378349e-08, 6.99889346478e-09, 7.89058418604e-09, 2.59277643799e-09, 6.74694833336e-09, 2.07104844385e-09, 2.43627895635e-09, 1.79018899704e-09, 1.02075570219e-09, 2.47553511024e-09, 1.76769776594e-09, 5.19252696396e-10, 8.16778866763e-10, 3.22106036288e-10, 9.42604813647e-11, 6.62427751541e-11, 2.87249633801e-11, 4.81579741363e-11, 6.37715574792e-11, 3.07062535121e-11, 1.84994450314e-11, 1.36372744694e-11, 1.13508326002e-11, 7.87873499081e-12, 4.43873019937e-12, 2.14736388393e-12, 3.86715046921e-13],
        "dvar2": [8.15968523966e-05, 4.30225954915e-05, 3.31286878463e-06, 8.19507249616e-07, 2.30011323765e-07, 9.59858397209e-08, 3.14496389819e-07, 2.53902271652e-07, 1.79271637535e-07, 7.25563822357e-08, 3.82743507998e-08, 7.27305788928e-08, 1.68613301099e-08, 3.5892718131e-08, 1.87404101126e-08, 2.03999714898e-08, 6.28935037383e-09, 1.95318250462e-08, 5.31608490562e-09, 5.80109160708e-09, 4.74346473212e-09, 2.50971532445e-09, 6.21819751245e-09, 4.4674837163e-09, 1.21764587302e-09, 1.97388172474e-09, 7.6014072814e-10, 2.15761492006e-10, 1.44218262332e-10, 5.72768187046e-11, 9.89721152256e-11, 1.4654448488e-10, 6.41991806938e-11, 3.79275812146e-11, 2.80793669566e-11, 2.48093247335e-11, 1.58356366214e-11, 8.41200199775e-12, 4.22253811777e-12, 7.0827219957e-13],
        "max": [0.0707747936249, 0.0432161539793, 0.0177572686225, 0.0072668348439, 0.00427682045847, 0.0032868408598, 0.00482248142362, 0.0047966549173, 0.00422483123839, 0.00245732348412, 0.00269714836031, 0.00270855543204, 0.0016613205662, 0.00213968683966, 0.00110095797572, 0.00139665952884, 0.00124842743389, 0.00110984221101, 0.000580326654017, 0.00124713324476, 0.000567986920942, 0.000491011945996, 0.000806243100669, 0.00077976443572, 0.000356081844075, 0.000320079852827, 0.000210059297387, 0.000161949457834, 0.000131547960336, 6.74421753502e-05, 0.000152147447807, 0.000116753370094, 7.39462848287e-05, 5.96590034547e-05, 5.959252303e-05, 5.30164143129e-05, 6.2435552536e-05, 3.11137882818e-05, 2.32694474107e-05, 8.69471386977e-06],
        "mean": [0.00268912105821, 0.0021892786026, 0.000827774347272, 0.000592885480728, 0.000316456455039, 0.00020281279285, 0.000311157025862, 0.000248290481977, 0.000193154482986, 0.000156524125487, 0.000100483237475, 0.000156518624863, 5.68648320041e-05, 9.13153780857e-05, 7.2067923611e-05, 8.59561841935e-05, 4.72363826702e-05, 7.63093339629e-05, 5.61275446671e-05, 4.59224575025e-05, 4.59372204205e-05, 3.98507145292e-05, 6.80744851707e-05, 5.07163931616e-05, 3.26002264046e-05, 4.13364250562e-05, 2.59005737462e-05, 8.26489758765e-06, 4.86128828925e-06, 3.15821148433e-06, 3.2692332752e-06, 3.83880069421e-06, 3.89320257455e-06, 4.67055770059e-06, 4.594829079e-06, 3.57744715984e-06, 2.39251971834e-06, 1.35620757646e-06, 7.82339157013e-07, 3.81574153607e-07],
        "median": [0.000523949682247, 0.00106182997115, 0.000503703544382, 0.000351113209035, 0.000209179488593, 0.000129040330648, 0.000178685761057, 0.000134142057505, 9.97344322968e-05, 6.52265589451e-05, 4.794846609e-05, 7.97481625341e-05, 3.08726739604e-05, 3.39105718012e-05, 2.78146690107e-05, 4.16638613387e-05, 2.36107171077e-05, 4.08865198551e-05, 3.21357729263e-05, 2.93926404993e-05, 2.73997302429e-05, 2.48774067586e-05, 4.16350085288e-05, 2.81026495941e-05, 2.00112608582e-05, 2.37212916545e-05, 1.53483215399e-05, 4.31796843259e-06, 1.95131019609e-06, 1.00549686977e-06, 1.01907585304e-06, 1.21183211377e-06, 1.7661734546e-06, 2.84696534436e-06, 3.08800645143e-06, 2.22050039156e-06, 1.19971525692e-06, 5.43519320217e-07, 2.33303055097e-07, 1.34739707391e-07],
        "min": [2.24367879831e-09, 2.01007321898e-09, 3.6810656745e-09, 1.63552560384e-09, 1.21583254575e-09, 1.34280297992e-09, 7.82857945136e-10, 1.14317399991e-09, 1.29470345556e-09, 6.68751054533e-10, 1.4893575262e-09, 5.24426591042e-09, 5.57249357769e-10, 1.27982946463e-09, 3.08587294606e-10, 6.47542519605e-10, 5.8238064371e-10, 8.99058827386e-10, 1.04515188171e-10, 2.12004677702e-10, 2.44051889808e-10, 9.38037078568e-11, 2.98256211395e-11, 6.96639551601e-11, 6.98028995716e-11, 1.0278802115e-10, 1.55883916886e-10, 4.88064692827e-11, 2.98768093598e-11, 1.33659723914e-11, 2.16429443811e-11, 1.17520698034e-11, 1.08430998555e-11, 2.03614330258e-11, 2.06009168058e-11, 9.89138805585e-12, 3.98939171628e-12, 3.47026118779e-12, 2.10933267381e-12, 7.21162170779e-13],
        "var": [5.8017205447e-05, 1.24195339595e-05, 1.40845554597e-06, 5.80435255415e-07, 1.40076878097e-07, 6.51983995681e-08, 1.75839730332e-07, 1.25926121086e-07, 8.38667801872e-08, 6.03116347975e-08, 3.30777609747e-08, 5.17988176796e-08, 9.41477296124e-09, 2.68992597086e-08, 1.29980888275e-08, 1.54374717454e-08, 6.22399287664e-09, 1.0309005205e-08, 4.36412106453e-09, 3.71492103746e-09, 3.34882099828e-09, 2.20665530293e-09, 5.97899640908e-09, 3.86952558884e-09, 1.28121313558e-09, 2.12440576242e-09, 8.26219648253e-10, 1.43767095451e-10, 8.77731637372e-11, 4.36742308985e-11, 6.7396144221e-11, 8.24055268467e-11, 4.37058549074e-11, 3.37685053531e-11, 2.61287432662e-11, 2.36658453251e-11, 2.11861639343e-11, 7.83249680392e-12, 3.41651099772e-12, 7.01717167446e-13]
    },
    "mfcc": {
        "mean": [-607.516235352, 107.10344696, -13.8407411575, 24.92395401, 10.2099103928, -0.242505639791, -8.33224010468, 16.2534694672, -14.9894065857, 11.0563058853, -1.23397731781, -1.69244718552, 0.998110413551],
        "cov": [[2392.14501953, -173.705276489, 60.0457382202, 23.3374633789, -15.0878515244, 109.557106018, 135.259048462, 93.9575424194, 140.309585571, 129.615631104, 121.657363892, 36.0284957886, 9.85517883301], [-173.705276489, 582.669433594, 54.3612632751, 124.375244141, 96.8045959473, 123.933303833, 71.3741149902, 94.9590148926, 65.0255661011, 92.424621582, 57.7539482117, 25.3793354034, 9.64256954193], [60.0457382202, 54.3612632751, 385.463104248, 43.2764892578, 60.073764801, 150.020904541, 48.2657051086, -18.4149417877, 131.972015381, -3.0093126297, 41.0341453552, 45.9775009155, 0.345275580883], [23.3374633789, 124.375244141, 43.2764892578, 217.483474731, 86.9605712891, 47.5976524353, 16.4814071655, 55.1798858643, 44.5987892151, 36.1769752502, 23.2620429993, 20.3140029907, 36.4271240234], [-15.0878515244, 96.8045959473, 60.073764801, 86.9605712891, 211.481033325, 1.42650878429, 6.52376461029, 50.5633811951, 15.3625106812, 46.3929138184, 20.2732849121, 15.8784151077, 22.9409294128], [109.557106018, 123.933303833, 150.020904541, 47.5976524353, 1.42650878429, 257.803222656, 111.323326111, 2.44189095497, 123.922470093, 14.4506492615, 55.8370628357, 52.1350326538, 6.55620002747], [135.259048462, 71.3741149902, 48.2657051086, 16.4814071655, 6.52376461029, 111.323326111, 187.227645874, 49.8383789062, 54.4043769836, 31.0300197601, 34.6600532532, 45.5011024475, 3.71506285667], [93.9575424194, 94.9590148926, -18.4149417877, 55.1798858643, 50.5633811951, 2.44189095497, 49.8383789062, 144.291320801, -6.5072593689, 66.1150665283, 28.9879341125, 8.8729019165, 23.1487960815], [140.309585571, 65.0255661011, 131.972015381, 44.5987892151, 15.3625106812, 123.922470093, 54.4043769836, -6.5072593689, 208.053237915, 27.6795330048, 29.6599693298, 17.1149024963, 4.68185901642], [129.615631104, 92.424621582, -3.0093126297, 36.1769752502, 46.3929138184, 14.4506492615, 31.0300197601, 66.1150665283, 27.6795330048, 138.539352417, 38.1827430725, 3.14515924454, -3.63903021812], [121.657363892, 57.7539482117, 41.0341453552, 23.2620429993, 20.2732849121, 55.8370628357, 34.6600532532, 28.9879341125, 29.6599693298, 38.1827430725, 104.55191803, 41.0363922119, 5.46725988388], [36.0284957886, 25.3793354034, 45.9775009155, 20.3140029907, 15.8784151077, 52.1350326538, 45.5011024475, 8.8729019165, 17.1149024963, 3.14515924454, 41.0363922119, 107.535964966, 26.8738231659], [9.85517883301, 9.64256954193, 0.345275580883, 36.4271240234, 22.9409294128, 6.55620002747, 3.71506285667, 23.1487960815, 4.68185901642, -3.63903021812, 5.46725988388, 26.8738231659, 89.7646102905]],
