{
"lowlevel": {
    "average_loudness": 0.945800065994,
    "barkbands_crest": {
        "dmean": 3.54194498062,
        "dmean2": 6.11780405045,
        "dvar": 9.23994827271,
        "dvar2": 25.9662380219,
        "max": 24.07188797,
        "mean": 10.2294397354,
        "median": 9.08378505707,
        "min": 2.77609777451,
        "var": 22.7021408081
    },
    "barkbands_flatness_db": {
        "dmean": 0.0241109337658,
        "dmean2": 0.0392239689827,
        "dvar": 0.000458943250123,
        "dvar2": 0.00115498376545,
        "max": 0.267372578382,
        "mean": 0.112282559276,
        "median": 0.108473099768,
        "min": 0.0210746880621,
        "var": 0.00147584755905
    },
    "barkbands_kurtosis": {
        "dmean": 3.15644955635,
        "dmean2": 5.24891805649,
        "dvar": 34.2849464417,
        "dvar2": 92.0948486328,
        "max": 88.3735656738,
        "mean": 3.3150370121,
        "median": 1.46354103088,
        "min": -1.77052116394,
        "var": 49.8111343384
    },
    "barkbands_skewness": {
        "dmean": 0.652404904366,
        "dmean2": 1.02396869659,
        "dvar": 0.401625305414,
        "dvar2": 1.05748057365,
        "max": 8.59305381775,
        "mean": 1.49266457558,
        "median": 1.38304674625,
        "min": -2.02592539787,
        "var": 1.29212760925
    },
    "barkbands_spread": {
        "dmean": 7.23536348343,
        "dmean2": 11.2084350586,
        "dvar": 70.7326507568,
        "dvar2": 152.650482178,
        "max": 97.4043579102,
        "mean": 25.131772995,
        "median": 22.4011898041,
        "min": 2.41963100433,
        "var": 176.970977783
    },
    "dissonance": {
        "dmean": 0.0163079984486,
        "dmean2": 0.0267630536109,
        "dvar": 0.000224244373385,
        "dvar2": 0.000579307961743,
        "max": 0.499975204468,
        "mean": 0.469184190035,
        "median": 0.473706901073,
        "min": 0.370167553425,
        "var": 0.000420513475547
    },
    "dynamic_complexity": 3.79404830933,
    "erbbands_crest": {
        "dmean": 2.4400343895,
        "dmean2": 3.98718476295,
        "dvar": 5.34820365906,
        "dvar2": 13.5782222748,
        "max": 27.7095088959,
        "mean": 7.62116003036,
        "median": 6.8094997406,
        "min": 2.32274675369,
        "var": 11.936958313
    },
    "erbbands_flatness_db": {
        "dmean": 0.0166775491089,
        "dmean2": 0.0243120472878,
        "dvar": 0.000217251392314,
        "dvar2": 0.000388219923479,
        "max": 0.251757740974,
        "mean": 0.130891397595,
        "median": 0.129948586226,
        "min": 0.0532239638269,
        "var": 0.00117186538409
    },
    "erbbands_kurtosis": {
        "dmean": 0.800634920597,
        "dmean2": 1.27092862129,
        "dvar": 0.750330865383,
        "dvar2": 1.89889264107,
        "max": 9.07765293121,
        "mean": 0.376800477505,
        "median": 0.0334784984589,
        "min": -1.47415828705,
        "var": 1.88147222996
    },
    "erbbands_skewness": {
        "dmean": 0.354861229658,
        "dmean2": 0.553211331367,
        "dvar": 0.0886457189918,
        "dvar2": 0.206024810672,
        "max": 2.03591346741,
        "mean": 0.128635331988,
        "median": 0.149528175592,
        "min": -2.18022704124,
        "var": 0.299413323402
    },
    "erbbands_spread": {
        "dmean": 8.60458469391,
        "dmean2": 13.1685228348,
        "dvar": 79.3627471924,
        "dvar2": 170.417404175,
        "max": 113.312408447,
        "mean": 37.4542579651,
        "median": 35.0580406189,
        "min": 5.4584813118,
        "var": 275.41796875
    },
    "hfc": {
        "dmean": 10.0858516693,
        "dmean2": 13.4848852158,
        "dvar": 292.045532227,
        "dvar2": 584.292419434,
        "max": 207.567520142,
        "mean": 24.9833049774,
        "median": 18.846370697,
        "min": 4.25130701842e-06,
        "var": 669.55267334
    },
    "melbands_crest": {
        "dmean": 4.1367149353,
        "dmean2": 6.76253032684,
        "dvar": 12.8504314423,
        "dvar2": 33.555480957,
        "max": 33.8932952881,
        "mean": 15.0432691574,
        "median": 13.644276619,
        "min": 3.18542361259,
        "var": 43.1871833801
    },
    "melbands_flatness_db": {
        "dmean": 0.0315665714443,
        "dmean2": 0.0497797913849,
        "dvar": 0.000722126394976,
        "dvar2": 0.00183470395859,
        "max": 0.37605291605,
        "mean": 0.196011334658,
        "median": 0.191714763641,
        "min": 0.0338565893471,
        "var": 0.00283696199767
    },
    "melbands_kurtosis": {
        "dmean": 8.72339820862,
        "dmean2": 14.435760498,
        "dvar": 251.576690674,
        "dvar2": 700.742858887,
        "max": 211.764404297,
        "mean": 12.5191411972,
        "median": 7.08072376251,
        "min": -1.66894972324,
        "var": 392.090454102
    },
    "melbands_skewness": {
        "dmean": 0.904777109623,
        "dmean2": 1.45100951195,
        "dvar": 0.89399600029,
        "dvar2": 2.39117956161,
        "max": 12.0790843964,
        "mean": 2.66506576538,
        "median": 2.40816092491,
        "min": -0.542031824589,
        "var": 2.79305553436
    },
    "melbands_spread": {
        "dmean": 8.72055912018,
        "dmean2": 13.5636205673,
        "dvar": 133.208343506,
        "dvar2": 306.774169922,
        "max": 192.340560913,
        "mean": 24.0136165619,
        "median": 21.4281291962,
        "min": 1.45570409298,
        "var": 267.068450928
    },
    "pitch_salience": {
        "dmean": 0.0899331122637,
        "dmean2": 0.150526672602,
        "dvar": 0.00629916228354,
        "dvar2": 0.0171328727156,
        "max": 0.791923880577,
        "mean": 0.541072487831,
        "median": 0.556137025356,
        "min": 0.110311113298,
        "var": 0.0163379926234
    },
    "silence_rate_20dB": {
        "dmean": 0,
        "dmean2": 0,
        "dvar": 0,
        "dvar2": 0,
        "max": 1,
        "mean": 1,
        "median": 1,
        "min": 1,
        "var": 0
    },
    "silence_rate_30dB": {
        "dmean": 0.071207433939,
        "dmean2": 0.142525181174,
        "dvar": 0.0661376491189,
        "dvar2": 0.170235857368,
        "max": 1,
        "mean": 0.945088922977,
        "median": 1,
        "min": 0,
        "var": 0.0518951490521
    },
    "silence_rate_60dB": {
        "dmean": 0.0139318881556,
        "dmean2": 0.0278853606433,
        "dvar": 0.0137378582731,
        "dvar2": 0.0302059967071,
        "max": 1,
        "mean": 0.0665119886398,
        "median": 0,
        "min": 0,
        "var": 0.0620892122388
    },
    "spectral_centroid": {
        "dmean": 259.134368896,
        "dmean2": 384.50012207,
        "dvar": 81497.75,
        "dvar2": 170570.15625,
        "max": 4450.51904297,
        "mean": 1332.61962891,
        "median": 1241.94506836,
        "min": 497.506286621,
        "var": 253769.5
    },
    "spectral_complexity": {
        "dmean": 4.24922609329,
        "dmean2": 5.92563915253,
        "dvar": 19.8635578156,
        "dvar2": 34.2049674988,
        "max": 54,
        "mean": 21.5413761139,
        "median": 21,
        "min": 0,
        "var": 104.071899414
    },
    "spectral_decrease": {
        "dmean": 4.10605371925e-09,
        "dmean2": 6.44286313189e-09,
        "dvar": 2.81878965997e-17,
        "dvar2": 7.06113730181e-17,
        "max": -1.83011336188e-15,
        "mean": -9.64381197122e-09,
        "median": -7.06450320465e-09,
        "min": -4.59530227204e-08,
        "var": 7.488459468e-17
    },
    "spectral_energy": {
        "dmean": 0.0159898195416,
        "dmean2": 0.0249523036182,
        "dvar": 0.000413926056353,
        "dvar2": 0.00101954501588,
        "max": 0.176439017057,
        "mean": 0.0386640615761,
        "median": 0.0289854966104,
        "min": 7.29288673895e-09,
        "var": 0.00115201994777
    },
    "spectral_energyband_high": {
        "dmean": 0.000760076800361,
        "dmean2": 0.00105518684722,
        "dvar": 3.95895040128e-06,
        "dvar2": 8.56869610288e-06,
        "max": 0.0242300108075,
        "mean": 0.00111621862743,
        "median": 0.000414870097302,
        "min": 1.4310382046e-10,
        "var": 5.80450978305e-06
    },
    "spectral_energyband_low": {
        "dmean": 0.0131445080042,
        "dmean2": 0.021890791133,
        "dvar": 0.000398421107093,
        "dvar2": 0.00104312610347,
        "max": 0.160037979484,
        "mean": 0.0205733627081,
        "median": 0.00894854776561,
        "min": 2.74299161163e-09,
        "var": 0.000743828772102
    },
    "spectral_energyband_middle_high": {
        "dmean": 0.00253240228631,
        "dmean2": 0.00362262898125,
        "dvar": 1.08033873403e-05,
        "dvar2": 2.16085190914e-05,
        "max": 0.034544698894,
        "mean": 0.00653406605124,
        "median": 0.00443266285583,
        "min": 1.34571198629e-09,
        "var": 3.63333638234e-05
    },
    "spectral_energyband_middle_low": {
        "dmean": 0.00428494298831,
        "dmean2": 0.00624580867589,
        "dvar": 2.76674909401e-05,
        "dvar2": 5.81991334911e-05,
        "max": 0.0718583017588,
        "mean": 0.0116714891046,
        "median": 0.0100467093289,
        "min": 2.14944395616e-09,
        "var": 9.41046964726e-05
    },
    "spectral_entropy": {
        "dmean": 0.146745935082,
        "dmean2": 0.208455324173,
        "dvar": 0.0174648053944,
        "dvar2": 0.0314392074943,
        "max": 8.70133781433,
        "mean": 7.6932477951,
        "median": 7.64530038834,
        "min": 6.89807891846,
        "var": 0.103225342929
    },
    "spectral_flux": {
        "dmean": 0.030320763588,
        "dmean2": 0.0477333627641,
        "dvar": 0.00107953837141,
        "dvar2": 0.00237873126753,
        "max": 0.301868468523,
        "mean": 0.104701824486,
        "median": 0.0977140963078,
        "min": 0.00010720287537,
        "var": 0.00331297051162
    },
    "spectral_kurtosis": {
        "dmean": 1.27349770069,
        "dmean2": 1.93370950222,
        "dvar": 1.41994214058,
        "dvar2": 3.25590014458,
        "max": 16.0873889923,
        "mean": 5.27964639664,
        "median": 5.22727012634,
        "min": -0.469478368759,
        "var": 7.67113780975
    },
    "spectral_rms": {
        "dmean": 0.00114256772213,
        "dmean2": 0.00172884122003,
        "dvar": 1.39498695262e-06,
        "dvar2": 3.10397808789e-06,
        "max": 0.0131200468168,
        "mean": 0.00552353169769,
        "median": 0.00531775644049,
        "min": 2.66739789367e-06,
        "var": 7.21157084627e-06
    },
    "spectral_rolloff": {
        "dmean": 645.26361084,
        "dmean2": 1073.90893555,
        "dvar": 1387934.125,
        "dvar2": 3127074.75,
        "max": 12553.8574219,
        "mean": 1420.20898438,
        "median": 1119.7265625,
        "min": 64.599609375,
        "var": 2179827.75
    },
    "spectral_skewness": {
        "dmean": 0.195503771305,
        "dmean2": 0.291433393955,
        "dvar": 0.0329247005284,
        "dvar2": 0.0670954659581,
        "max": 3.26594471931,
        "mean": 1.81429922581,
        "median": 1.84747707844,
        "min": 0.474637240171,
        "var": 0.207284450531
    },
    "spectral_spread": {
        "dmean": 645186.6875,
        "dmean2": 901070.5,
        "dvar": 587474272256,
        "dvar2": 1.00434431181e+12,
        "max": 12575077,
        "mean": 4897560.5,
        "median": 4537851.5,
        "min": 2172176.5,
        "var": 2.367881216e+12
    },
    "spectral_strongpeak": {
        "dmean": 0.435958355665,
        "dmean2": 0.761623561382,
        "dvar": 0.677634775639,
        "dvar2": 1.76514601707,
        "max": 7.51635885239,
        "mean": 0.60329657793,
        "median": 0.336435884237,
        "min": 4.95836138725e-05,
        "var": 0.762141108513
    },
    "zerocrossingrate": {
        "dmean": 0.0132935708389,
        "dmean2": 0.0157694797963,
        "dvar": 0.000277447630651,
        "dvar2": 0.000321028666804,
        "max": 0.314453125,
        "mean": 0.0618753917515,
        "median": 0.0537109375,
        "min": 0.01171875,
        "var": 0.00127891672309
    },
    "barkbands": {
        "dmean": [0.000699445605278, 0.0114450389519, 0.00382973137312, 0.00137442490086, 0.00138233578764, 0.00119726732373, 0.000704746693373, 0.00128862517886, 0.000844135181978, 0.000615583325271, 0.000605450419243, 0.000312350777676, 0.000586308306083, 0.000722248456441, 0.000491986749694, 0.000335721560987, 0.000345559499692, 0.000187656696653, 0.000117829833471, 0.000154602777911, 0.000176663525053, 0.000180770279258, 7.77530513005e-05, 0.000125851016492, 0.000149793428136, 5.40927212569e-05, 1.26455006466e-05],
        "dmean2": [0.000873848621268, 0.0202098339796, 0.00633334321901, 0.00224544852972, 0.00221864436753, 0.00187037256546, 0.00110984232742, 0.00198639603332, 0.00133679935243, 0.000943142920732, 0.000974444905296, 0.00050116510829, 0.000912145595066, 0.00116689526476, 0.000782769115176, 0.000521111011039, 0.000527271942701, 0.000292439479381, 0.000168958096765, 0.00022006429208, 0.000277831859421, 0.000279350933852, 0.000115367205581, 0.000185269294889, 0.000211018006667, 7.66292941989e-05, 2.10624075407e-05],
        "dvar": [1.44838952565e-06, 0.000371192756575, 7.34657151042e-05, 4.80489006804e-06, 3.57794101546e-06, 3.85672547054e-06, 1.56737064572e-06, 6.11602263234e-06, 1.82851886166e-06, 1.19294668366e-06, 2.0874645088e-06, 3.61068941857e-07, 1.26178247228e-06, 1.7739988607e-06, 1.06110780962e-06, 4.15870545112e-07, 2.83686546254e-07, 1.34523489237e-07, 7.23967943372e-08, 2.3560319562e-07, 3.02312372469e-07, 3.39962610951e-07, 4.53164830105e-08, 1.32159556188e-07, 1.24634965459e-07, 1.78404064854e-08, 4.63629934444e-09],
        "dvar2": [2.48063224717e-06, 0.00104739039671, 0.000185070850421, 1.17715844681e-05, 8.99094538909e-06, 8.94038112165e-06, 3.76356433662e-06, 1.35864911499e-05, 4.50614243164e-06, 2.42421720031e-06, 5.14885095981e-06, 8.57899863149e-07, 2.89266040454e-06, 4.40188841822e-06, 2.63702577286e-06, 9.59586714089e-07, 6.62595368794e-07, 3.29283153633e-07, 1.02943744196e-07, 4.01756864221e-07, 7.10113738478e-07, 8.49558716709e-07, 9.49683354179e-08, 2.77103055168e-07, 2.50822267844e-07, 3.87612217878e-08, 1.00652073343e-08],
        "max": [0.0138328177854, 0.14911775291, 0.0656286925077, 0.0339529104531, 0.0212206002325, 0.0291915629059, 0.0202625859529, 0.032241769135, 0.0183640029281, 0.0169977582991, 0.0234636608511, 0.00860590860248, 0.0115416012704, 0.0168105978519, 0.0131734386086, 0.00838641542941, 0.00716506782919, 0.00481471326202, 0.00839170254767, 0.0121233593673, 0.00896236859262, 0.00547895627096, 0.00346744665876, 0.0058932127431, 0.00500732380897, 0.00141252961475, 0.00158449576702],
        "mean": [0.00107083073817, 0.0147595517337, 0.003789272625, 0.00210071681067, 0.00243997108191, 0.00212536891922, 0.00110285158735, 0.00187361321878, 0.00144613685552, 0.00105015560985, 0.000973018468358, 0.000493317900691, 0.000879806699231, 0.00101614021696, 0.000673119677231, 0.000512566592079, 0.000612776319031, 0.000293630466331, 0.000199750327738, 0.000245417526457, 0.000225247844355, 0.000199858273845, 0.000103315527667, 0.000163735094247, 0.000229689961998, 7.26896396372e-05, 1.15353632282e-05],
        "median": [0.000345000473317, 0.00586662907153, 0.00110651738942, 0.000905803579371, 0.00152277841698, 0.0011205408955, 0.000543139525689, 0.000840933411382, 0.00078030541772, 0.000458311697003, 0.000390191125916, 0.000233145314269, 0.000343543302733, 0.000333989417413, 0.000249231263297, 0.000201074260985, 0.000322346342728, 0.000128066501929, 9.72931011347e-05, 7.94482475612e-05, 6.17566620349e-05, 3.85305975215e-05, 2.71139670076e-05, 3.44172694895e-05, 8.14566592453e-05, 2.49726999755e-05, 7.94076754573e-07],
        "min": [1.67013625152e-10, 1.72057512682e-09, 3.57839952114e-10, 5.95035354323e-10, 4.80452788665e-10, 1.69316768939e-10, 1.63444702217e-10, 2.63312982529e-10, 1.17112028408e-10, 2.69826487542e-11, 4.29639553101e-11, 3.08927119996e-11, 2.00520485633e-11, 1.74852618495e-10, 2.0845851087e-11, 8.23767026814e-11, 1.0298349673e-10, 2.76383724934e-11, 2.64860772203e-11, 5.39951694467e-11, 3.24246254846e-11, 1.54018846288e-11, 1.1707302662e-11, 1.65771892741e-11, 2.91172641553e-11, 9.66165168703e-12, 9.43505950451e-12],
        "var": [3.44624004356e-06, 0.000508717203047, 6.5842505137e-05, 1.00687011582e-05, 7.16370459486e-06, 8.49546540849e-06, 2.60674528363e-06, 9.1009424068e-06, 3.47391323885e-06, 3.09049892167e-06, 3.6332135096e-06, 5.99479960783e-07, 2.3421282549e-06, 3.17114222526e-06, 1.58518139415e-06, 7.46881994473e-07, 6.28876136943e-07, 2.11509259884e-07, 1.87808936403e-07, 4.536239544e-07, 3.53166655032e-07, 3.37059475441e-07, 7.10586363084e-08, 2.07021741971e-07, 2.09147557939e-07, 2.57395420533e-08, 4.44821601775e-09]
    },
    "erbbands": {
        "dmean": [0.423204064369, 2.323751688, 3.74488067627, 4.54600143433, 3.89542889595, 5.07027578354, 10.4900064468, 8.21859169006, 8.2026386261, 22.7837333679, 21.5244884491, 19.1560001373, 20.691324234, 16.0458393097, 24.6613998413, 14.4161348343, 25.1585083008, 39.6364555359, 24.0733089447, 17.8777828217, 16.3999176025, 16.9080085754, 11.5352230072, 5.66753530502, 7.08132982254, 7.3009557724, 7.04894971848, 5.99298334122, 5.43990087509, 5.6424498558, 2.08589148521, 1.88565444946, 2.74277758598, 2.16608667374, 0.775331437588, 0.217561721802, 0.101451694965, 0.0331578068435, 0.00121971510816, 3.74739538529e-05],
        "dmean2": [0.714683651924, 4.11566925049, 5.97135925293, 7.41429948807, 6.26766347885, 8.28293132782, 16.8742523193, 12.4216299057, 12.7935009003, 35.2204818726, 32.8539848328, 30.0342998505, 31.7350711823, 24.6287593842, 38.7603797913, 22.1714916229, 39.0811538696, 63.7306671143, 38.0853729248, 27.1170845032, 24.9757652283, 25.2938308716, 17.9629917145, 8.4333524704, 10.3270750046, 10.3513393402, 10.8306541443, 9.4340057373, 8.39516735077, 8.9187707901, 3.13136386871, 2.8189842701, 3.97552394867, 3.08414292336, 1.14938557148, 0.312833249569, 0.146917566657, 0.0499830059707, 0.00199526059441, 5.68029208807e-05],
        "dvar": [0.591893553734, 14.9813737869, 60.3098335266, 66.184753418, 31.9800186157, 59.4133682251, 355.130523682, 186.935623169, 204.294692993, 1730.16430664, 1582.02197266, 800.116394043, 1392.76782227, 921.964477539, 3942.45288086, 789.096435547, 2153.28100586, 5624.60546875, 2213.92724609, 1010.95666504, 774.608276367, 644.988220215, 475.709655762, 128.350250244, 348.204193115, 495.428466797, 412.956207275, 352.095947266, 275.677398682, 328.780487061, 30.7578277588, 31.2380390167, 63.2105369568, 26.7613525391, 3.55790448189, 0.31288599968, 0.0739872604609, 0.0121606402099, 4.46956619271e-05, 9.55138812486e-09],
        "dvar2": [1.44926738739, 43.9861946106, 141.229553223, 161.322250366, 71.989151001, 148.177810669, 884.473693848, 406.518585205, 472.516448975, 3795.22436523, 3731.76171875, 1935.21496582, 2824.17553711, 2085.90039062, 9394.36035156, 1852.49182129, 4906.73144531, 14171.0654297, 5513.75634766, 2301.61791992, 1639.09082031, 1459.60864258, 1152.87463379, 260.07635498, 632.884277344, 855.731872559, 845.414916992, 851.681091309, 676.875244141, 816.611450195, 66.8285140991, 68.6087799072, 134.718338013, 54.0306587219, 7.78098917007, 0.667001366615, 0.164854049683, 0.0259285029024, 9.78331154329e-05, 1.99681959856e-08],
        "max": [7.02648210526, 34.2540245056, 70.1903915405, 73.6722793579, 64.0827713013, 89.8590240479, 253.234375, 241.74508667, 172.314025879, 553.275390625, 485.012390137, 329.279602051, 649.471740723, 536.104492188, 1202.46789551, 458.557830811, 563.570556641, 990.291564941, 766.539306641, 417.022460938, 415.147705078, 377.874603271, 268.55960083, 257.050079346, 522.621826172, 537.639343262, 450.796020508, 292.727874756, 166.756698608, 165.10496521, 72.4367294312, 88.4125671387, 113.720153809, 69.2580947876, 24.8070583344, 8.7903881073, 2.62455821037, 1.8635828495, 0.157577574253, 0.0020944820717],
        "mean": [0.581846892834, 2.66851568222, 4.44756746292, 5.89662504196, 6.66439390182, 8.46717643738, 17.4703464508, 15.0434322357, 13.8564157486, 33.6791191101, 33.7014312744, 33.8126220703, 35.9095039368, 26.9226112366, 40.0218963623, 25.0305557251, 40.9722175598, 55.9045639038, 38.5967407227, 28.2344894409, 29.142332077, 31.5737018585, 19.7857398987, 9.47130775452, 11.9698953629, 11.681178093, 9.73340988159, 7.48616886139, 6.29411411285, 6.11165189743, 2.77515530586, 2.58209013939, 3.40724349022, 3.31517601013, 1.0388160944, 0.318579316139, 0.124565251172, 0.0366350822151, 0.00120685563888, 7.24965066183e-05],
        "median": [0.184301421046, 1.11748349667, 1.57267212868, 2.46808314323, 3.6107711792, 5.01553630829, 8.07040214539, 8.58019733429, 7.16299438477, 15.097489357, 15.3793411255, 18.1993904114, 15.2916707993, 12.8478851318, 15.4802627563, 12.7536220551, 17.4965133667, 19.7423381805, 15.8744621277, 11.1271362305, 13.3470258713, 16.8135643005, 9.4691991806, 4.94053030014, 5.87568330765, 3.99258089066, 2.93352079391, 2.1703555584, 1.23093831539, 1.29869771004, 0.728448629379, 0.625174105167, 0.800498008728, 1.20088505745, 0.334131807089, 0.123457588255, 0.0338560380042, 0.00626110518351, 0.000166243786225, 4.3847172492e-05],
        "min": [5.5161617496e-08, 3.61190473086e-07, 6.56893178075e-07, 1.08991423531e-06, 2.37438985096e-06, 1.0299877431e-06, 1.20153322314e-06, 1.81495363449e-06, 1.9726676328e-06, 2.79998585029e-06, 5.06927881361e-06, 2.4550802209e-06, 1.57224064878e-06, 5.53788424895e-07, 2.03879790206e-06, 1.43774900607e-06, 1.27532382521e-06, 9.92053082882e-06, 4.77929552289e-06, 3.48256435245e-06, 5.35130493517e-06, 5.39835536983e-06, 2.28777207667e-06, 1.40694157835e-06, 2.10247321775e-06, 2.23076972361e-06, 1.3409727444e-06, 1.04861715045e-06, 5.76537956931e-07, 5.96120116825e-07, 2.71760569603e-07, 2.98994848436e-07, 3.04344268898e-07, 4.00192220695e-07, 1.28328309756e-07, 4.97445817871e-08, 1.60283164519e-08, 7.40588790293e-09, 1.15503329123e-09, 1.42971565142e-10],
        "var": [0.972207605839, 16.9966945648, 65.7440490723, 87.6934967041, 66.8027191162, 105.088432312, 620.686218262, 486.416137695, 375.920379639, 2771.00366211, 2488.32983398, 1830.65368652, 3586.62255859, 1811.93701172, 7362.95654297, 1384.7401123, 4400.32080078, 9353.76464844, 3648.84350586, 1961.54272461, 1827.02746582, 1523.23193359, 804.618286133, 221.389907837, 780.529846191, 935.980834961, 649.22442627, 377.531646729, 297.722045898, 317.683654785, 48.8720588684, 53.2157936096, 88.7303924561, 45.294921875, 5.07992839813, 0.513497233391, 0.0929694995284, 0.0137371718884, 4.27202721767e-05, 1.2940859051e-08]
    },
    "gfcc": {
        "mean": [18.600435257, 89.1675415039, -104.639091492, 22.8866081238, -46.160900116, 23.5655612946, -39.1761779785, 20.4602661133, -22.7223472595, 11.8932790756, -16.2879009247, 2.16438245773, -8.68607902527],
        "cov": [[8097.30029297, -406.064880371, 104.74962616, 205.553314209, -162.234817505, -22.2077827454, 18.9120063782, 1.20522022247, -37.0137672424, 35.6991233826, -133.814041138, 22.7502002716, -24.2411327362], [-406.064880371, 786.412475586, -220.376693726, -152.620239258, 180.149734497, -33.9761810303, 34.9563369751, 66.2171020508, 32.4419937134, -47.1666946411, 102.048782349, -58.2944793701, 11.3778247833], [104.74962616, -220.376693726, 383.324737549, 102.093170166, -29.1382827759, 87.8347854614, 43.7860183716, -11.3194656372, 16.2297229767, 5.80301427841, -42.2948989868, 41.0322570801, 21.9231853485], [205.553314209, -152.620239258, 102.093170166, 260.556152344, 0.563675403595, 12.188337326, -9.84742927551, -40.8946914673, 30.3828487396, 10.0415477753, -28.7526035309, -0.733450949192, 41.4244155884], [-162.234817505, 180.149734497, -29.1382827759, 0.563675403595, 175.274078369, -1.94425284863, -13.994644165, 33.7225761414, 27.453950882, 5.98997068405, 9.91633415222, -23.768321991, 20.7812805176], [-22.2077827454, -33.9761810303, 87.8347854614, 12.188337326, -1.94425284863, 195.654174805, 132.881896973, 2.69870352745, 38.3788108826, -2.57646512985, 16.4011230469, 8.97798919678, -10.9864912033], [18.9120063782, 34.9563369751, 43.7860183716, -9.84742927551, -13.994644165, 132.881896973, 222.630462646, 32.2222442627, 26.2532176971, -1.6928178072, 25.282705307, 6.31673192978, -21.877155304], [1.20522022247, 66.2171020508, -11.3194656372, -40.8946914673, 33.7225761414, 2.69870352745, 32.2222442627, 96.2400741577, 17.2426490784, 9.06943511963, 15.103102684, -4.39565420151, 6.7253575325], [-37.0137672424, 32.4419937134, 16.2297229767, 30.3828487396, 27.453950882, 38.3788108826, 26.2532176971, 17.2426490784, 95.913230896, 25.4188575745, 2.35822486877, 2.21395659447, 10.3904647827], [35.6991233826, -47.1666946411, 5.80301427841, 10.0415477753, 5.98997068405, -2.57646512985, -1.6928178072, 9.06943511963, 25.4188575745, 72.4482879639, 8.84031677246, 1.73385000229, 2.71298265457], [-133.814041138, 102.048782349, -42.2948989868, -28.7526035309, 9.91633415222, 16.4011230469, 25.282705307, 15.103102684, 2.35822486877, 8.84031677246, 81.8221130371, 10.3638820648, 2.06997680664], [22.7502002716, -58.2944793701, 41.0322570801, -0.733450949192, -23.768321991, 8.97798919678, 6.31673192978, -4.39565420151, 2.21395659447, 1.73385000229, 10.3638820648, 66.7400665283, 20.8441734314], [-24.2411327362, 11.3778247833, 21.9231853485, 41.4244155884, 20.7812805176, -10.9864912033, -21.877155304, 6.7253575325, 10.3904647827, 2.71298265457, 2.06997680664, 20.8441734314, 70.7941436768]],
        "icov": [[0.000134436253575, -2.69103911705e-05, 3.34076903528e-05, -0.000159706920385, 0.000123849851661, -2.12664290302e-05, -7.66612811276e-06, -0.00015296426136, 0.000127371240524, -0.000134078567498, 0.000259043939877, -0.000133773661219, 0.000124227066408], [-2.69103911705e-05, 0.00349102029577, 0.000510577869136, 0.00185521307867, -0.00272536813281, 0.00176116602961, -0.0014358907938, 0.000767751480453, -0.00220996327698, 0.0033868085593, -0.00382508919574, 0.00288549414836, -0.00180045689922], [3.34076903528e-05, 0.000510577869136, 0.0040057352744, -0.00111694470979, -0.000128252839204, -0.00181038491428, 9.15253167477e-06, -0.000700534728821, 0.000479090260342, -0.000150451232912, 0.00187629112042, -0.00208797259256, -0.00033609662205], [-0.000159706920385, 0.00185521307867, -0.00111694470979, 0.00682955887169, -0.00141451880336, 0.00149027514271, -0.00127689423971, 0.00354908267036, -0.00306751579046, 0.00148109369911, -0.0015838019317, 0.00389386597089, -0.00479516759515], [0.000123849851661, -0.00272536813281, -0.000128252839204, -0.00141451880336, 0.00947402231395, -0.00197555311024, 0.00212850421667, -0.00275517115369, 0.000102843121567, -0.0023864666, 0.00230046012439, 0.000938456621952, -0.0010875283042], [-2.12664290302e-05, 0.00176116602961, -0.00181038491428, 0.00149027514271, -0.00197555311024, 0.0115123735741, -0.00642033293843, 0.00291512394324, -0.00429946463555, 0.00308485957794, -0.00371777545661, 0.0020076839719, -0.000465793214971], [-7.66612811276e-06, -0.0014358907938, 9.15253167477e-06, -0.00127689423971, 0.00212850421667, -0.00642033293843, 0.00934803392738, -0.00367368850857, 0.000894673692528, -0.000910394825041, 0.000374817551346, -0.0017791625578, 0.00300552858971], [-0.00015296426136, 0.000767751480453, -0.000700534728821, 0.00354908267036, -0.00275517115369, 0.00291512394324, -0.00367368850857, 0.0146735077724, -0.00293119694106, -7.20146126696e-05, -0.00230701407418, 0.00271579204127, -0.00360279320739], [0.000127371240524, -0.00220996327698, 0.000479090260342, -0.00306751579046, 0.000102843121567, -0.00429946463555, 0.000894673692528, -0.00293119694106, 0.0158105641603, -0.0068626254797, 0.00391297228634, -0.00312156276777, 0.000650022586342], [-0.000134078567498, 0.0033868085593, -0.000150451232912, 0.00148109369911, -0.0023864666, 0.00308485957794, -0.000910394825041, -7.20146126696e-05, -0.0068626254797, 0.0193128064275, -0.00626997323707, 0.00291397375986, -0.000913025112823], [0.000259043939877, -0.00382508919574, 0.00187629112042, -0.0015838019317, 0.00230046012439, -0.00371777545661, 0.000374817551346, -0.00230701407418, 0.00391297228634, -0.00626997323707, 0.0200170986354, -0.00693550147116, 0.00125463365112], [-0.000133773661219, 0.00288549414836, -0.00208797259256, 0.00389386597089, 0.000938456621952, 0.0020076839719, -0.0017791625578, 0.00271579204127, -0.00312156276777, 0.00291397375986, -0.00693550147116, 0.0232703369111, -0.00921542197466], [0.000124227066408, -0.00180045689922, -0.00033609662205, -0.00479516759515, -0.0010875283042, -0.000465793214971, 0.00300552858971, -0.00360279320739, 0.000650022586342, -0.000913025112823, 0.00125463365112, -0.00921542197466, 0.0215015113354]]
    },
    "melbands": {
        "dmean": [0.00344690890051, 0.00199527409859, 0.000764766475186, 0.000273303507129, 0.000332472671289, 0.00019041680207, 0.000129445863422, 0.000271081225947, 0.000182074625627, 0.000117369549116, 0.000102788719232, 6.47041379125e-05, 7.89895639173e-05, 4.1164636059e-05, 5.92630894971e-05, 5.06825344928e-05, 8.30243734526e-05, 3.7931582483e-05, 3.73521870642e-05, 2.49995846389e-05, 2.02851479116e-05, 1.94371787074e-05, 1.5979332602e-05, 7.70044061937e-06, 4.56270481664e-06, 5.02648936163e-06, 6.24343965683e-06, 4.70799795949e-06, 4.22594575866e-06, 4.86422641188e-06, 3.08334892907e-06, 2.30582440963e-06, 5.04162017023e-06, 2.41441603066e-06, 1.29142836158e-06, 9.55084487941e-07, 1.31208037146e-06, 1.60426895945e-06, 2.70367127087e-06, 1.64021264482e-06],
        "dmean2": [0.00602604914457, 0.00333843147382, 0.00121789099649, 0.000437727780081, 0.000535822182428, 0.000291694188491, 0.000202902505407, 0.000417943374487, 0.000280554319033, 0.000184270524187, 0.00015821371926, 0.000100290759292, 0.000126617349451, 6.33896852378e-05, 9.27795044845e-05, 7.85530064604e-05, 0.000133465888212, 5.98896585871e-05, 5.85853013035e-05, 3.95510905946e-05, 3.10540926876e-05, 2.93436551146e-05, 2.49598051596e-05, 1.23150130094e-05, 6.9503666964e-06, 7.2669167821e-06, 9.38091579883e-06, 6.8794793151e-06, 6.53686447549e-06, 7.68139307183e-06, 4.91586888529e-06, 3.44912064065e-06, 8.31960096548e-06, 3.75534591512e-06, 1.98908060156e-06, 1.40113968428e-06, 2.07037487598e-06, 2.31855938182e-06, 4.00121825805e-06, 2.3817769943e-06],
        "dvar": [3.55345982825e-05, 1.22401606859e-05, 1.71260683146e-06, 1.15655367949e-07, 3.19794622783e-07, 9.29423222829e-08, 5.15218445685e-08, 2.61238625399e-07, 1.1755685847e-07, 2.97974125374e-08, 3.45559385551e-08, 1.49688457185e-08, 4.00680626456e-08, 6.56337828531e-09, 1.34844428956e-08, 8.7871399046e-09, 2.58752308469e-08, 5.25456611555e-09, 6.18524609308e-09, 2.77100054014e-09, 1.17421439239e-09, 9.45956979415e-10, 7.66346541781e-10, 2.40981373745e-10, 8.87882267708e-11, 1.69036631914e-10, 3.86107784633e-10, 2.30303109916e-10, 1.39139741395e-10, 2.60682669895e-10, 7.73699229684e-11, 4.06699500466e-11, 3.70241864944e-10, 4.85036143194e-11, 1.24602429069e-11, 6.0769436358e-12, 1.78287575675e-11, 2.21385548782e-11, 5.96218421856e-11, 1.50440996466e-11],
        "dvar2": [9.59307290032e-05, 2.767539263e-05, 3.97526036977e-06, 2.89529907604e-07, 8.04989156222e-07, 2.05367996386e-07, 1.21703379818e-07, 5.77085245368e-07, 2.82839124566e-07, 7.13833685495e-08, 6.97915041314e-08, 3.39708847719e-08, 9.87239019423e-08, 1.50674264177e-08, 2.89984480872e-08, 2.18619540249e-08, 6.57008527583e-08, 1.30835298151e-08, 1.51642698398e-08, 6.47029052558e-09, 2.56283816391e-09, 2.18786921913e-09, 1.82805703908e-09, 6.20058004941e-10, 1.905705177e-10, 2.34440633573e-10, 8.05407407434e-10, 4.3148284945e-10, 2.65493627083e-10, 5.86816484294e-10, 1.95462257491e-10, 8.98447566344e-11, 9.85246884078e-10, 1.13411814662e-10, 2.84232151704e-11, 1.2701570698e-11, 4.17679987819e-11, 4.61977782418e-11, 1.3562997947e-10, 2.99281328886e-11],
        "max": [0.0501085035503, 0.032669339329, 0.0119558433071, 0.00324984407052, 0.00693748984486, 0.00509632611647, 0.00339084421284, 0.00694464007393, 0.00426275935024, 0.00213579228148, 0.00324943731539, 0.00203597103246, 0.00357397040352, 0.0014184222091, 0.00141736574005, 0.00111238949466, 0.00207939743996, 0.00115373823792, 0.000961981597356, 0.00084761378821, 0.000410734093748, 0.000370073248632, 0.000390024972148, 0.000184987555258, 0.000212568906136, 0.000398292671889, 0.000428585684858, 0.000406030740123, 0.00032075215131, 0.000290307274554, 0.000115190159704, 7.96435415396e-05, 0.000183005598956, 9.4308561529e-05, 4.89696030854e-05, 4.03593512601e-05, 7.38468152122e-05, 8.55604084791e-05, 7.6060568972e-05, 6.21262661298e-05],
        "mean": [0.00455318437889, 0.0027560852468, 0.00110185658559, 0.000495034211781, 0.00058226112742, 0.000350315822288, 0.00021066989575, 0.000389287743019, 0.000281744112726, 0.000205917749554, 0.000172784246388, 0.000100333585578, 0.000127879015054, 6.80464872858e-05, 9.2072354164e-05, 7.63105781516e-05, 0.000111469584226, 5.80950581934e-05, 5.03347910126e-05, 3.69195440726e-05, 3.38170393661e-05, 3.42883176927e-05, 2.63911460934e-05, 1.14012127597e-05, 6.97879704603e-06, 8.26849554869e-06, 9.36459218792e-06, 7.17827424523e-06, 5.84445660934e-06, 5.6565122577e-06, 3.94442804463e-06, 2.99319185615e-06, 4.77066168969e-06, 2.74650210486e-06, 1.62719902619e-06, 1.31551371396e-06, 1.66351355801e-06, 1.98852012545e-06, 3.39099847224e-06, 2.57518127e-06],
        "median": [0.00166638754308, 0.00112930964679, 0.000504781899508, 0.000332506286213, 0.000283634028165, 0.000206105629331, 0.000107854561065, 0.000170921135577, 0.000123729027109, 0.000107139610918, 6.99441807228e-05, 4.49585604656e-05, 4.95600943395e-05, 3.43643732776e-05, 3.84241575375e-05, 3.22108135151e-05, 3.58938996214e-05, 2.33289356402e-05, 1.71896772372e-05, 1.32781442517e-05, 1.55678844749e-05, 1.76188223122e-05, 1.10691380542e-05, 5.2786535889e-06, 3.41560166817e-06, 3.71547685063e-06, 3.3121150409e-06, 2.29415036301e-06, 1.80760719104e-06, 1.12176883249e-06, 1.25283725083e-06, 6.90756507993e-07, 5.87086560699e-07, 6.75265312111e-07, 4.10225396763e-07, 3.20466966741e-07, 3.79999562483e-07, 4.04299868251e-07, 1.01473824543e-06, 9.2380452088e-07],
        "min": [4.92143159558e-10, 4.31319591154e-10, 2.54755772033e-10, 1.12587106305e-10, 4.63768884407e-11, 3.75717963685e-11, 3.01677294257e-11, 3.12440351369e-11, 4.20110717048e-11, 1.29209273489e-11, 7.47179314947e-12, 1.71351160257e-12, 6.38083726481e-12, 3.70529518526e-12, 3.11813465673e-12, 3.46569474508e-12, 1.8274310884e-11, 9.09496696705e-12, 1.02537607311e-12, 3.56415157804e-12, 5.17510210032e-12, 5.4631485967e-12, 3.90803275158e-12, 1.28633540451e-12, 1.11401599751e-12, 9.84819430866e-13, 2.27458416685e-12, 1.20440842629e-12, 9.24192905365e-13, 5.52000448389e-13, 6.34402849264e-13, 2.79312624462e-13, 1.92855510749e-13, 3.17414361939e-13, 1.63537328753e-13, 1.23062896137e-13, 2.18973168591e-13, 2.42192875997e-13, 2.48261833183e-13, 3.38526136377e-13],
        "var": [5.24045390193e-05, 1.72662803379e-05, 2.60319689005e-06, 2.54050519288e-07, 5.9537734387e-07, 2.35635354784e-07, 8.98916709957e-08, 4.02695320645e-07, 1.8409089364e-07, 6.99666102832e-08, 8.86729409899e-08, 2.82343872726e-08, 7.19741350963e-08, 1.2600556154e-08, 2.66322466302e-08, 1.49221772716e-08, 4.14055776332e-08, 8.78997319376e-09, 9.55839674077e-09, 4.69372274381e-09, 2.45539277799e-09, 2.01030414537e-09, 1.44417233727e-09, 2.98216118466e-10, 1.36859995559e-10, 4.15045192659e-10, 6.35023145179e-10, 3.94737353915e-10, 2.50812093316e-10, 2.93492619097e-10, 8.29163057658e-11, 5.64762889232e-11, 2.92089963327e-10, 5.51746703881e-11, 1.78490416891e-11, 1.19736477677e-11, 2.59945936304e-11, 3.44061966417e-11, 7.31219668149e-11, 2.62137620638e-11]
    },
    "mfcc": {
        "mean": [-630.62322998, 127.625946045, 2.76709675789, 11.032078743, 16.285369873, 3.19628572464, 6.64236593246, 0.4828094244, 9.51518821716, 1.3482708931, 7.03802633286, 1.97198534012, 2.42069077492],
        "cov": [[7201.22460938, -196.677017212, 36.4465484619, 192.106384277, -85.7904434204, -8.95210266113, -29.9767074585, -55.4461174011, 82.5474090576, -25.2150859833, -56.5703010559, 19.9864044189, -49.679397583], [-196.677017212, 863.165649414, -305.68371582, -94.4367828369, 98.3908157349, -130.424819946, 76.1498794556, 34.4156723022, -22.0312461853, 29.9240913391, 51.0117492676, 12.718003273, 57.0613517761], [36.4465484619, -305.68371582, 407.113037109, 22.2203559875, -44.0650787354, 118.904953003, 17.814245224, 34.0277252197, 71.8957824707, -68.3299789429, 23.4049263, 4.3883190155, 0.961182773113], [192.106384277, -94.4367828369, 22.2203559875, 206.141937256, 60.0091743469, -4.53479099274, -45.0446929932, -45.1893920898, 22.521024704, 5.50082063675, -41.151927948, -25.9151115417, -0.530064761639], [-85.7904434204, 98.3908157349, -44.0650787354, 60.0091743469, 192.356262207, -28.6253604889, -38.2290039062, -40.5368232727, 21.9598121643, 2.84418940544, -11.1342086792, -33.9350280762, 6.08786439896], [-8.95210266113, -130.424819946, 118.904953003, -4.53479099274, -28.6253604889, 186.843963623, 31.6192741394, 43.7112007141, 42.0536499023, -2.32661676407, 45.9169845581, 16.6212558746, -23.5057888031], [-29.9767074585, 76.1498794556, 17.814245224, -45.0446929932, -38.2290039062, 31.6192741394, 139.858154297, 60.957660675, 12.4421043396, 8.03146648407, 32.2228126526, 22.7975254059, 16.2131080627], [-55.4461174011, 34.4156723022, 34.0277252197, -45.1893920898, -40.5368232727, 43.7112007141, 60.957660675, 120.32019043, 20.4014892578, 10.7671737671, 22.9095230103, 19.0382385254, 8.21602153778], [82.5474090576, -22.0312461853, 71.8957824707, 22.521024704, 21.9598121643, 42.0536499023, 12.4421043396, 20.4014892578, 132.644729614, -11.7596158981, 41.3101615906, -10.3039808273, 12.6462020874], [-25.2150859833, 29.9240913391, -68.3299789429, 5.50082063675, 2.84418940544, -2.32661676407, 8.03146648407, 10.7671737671, -11.7596158981, 106.662734985, -3.58429050446, 21.0559978485, -5.43856477737], [-56.5703010559, 51.0117492676, 23.4049263, -41.151927948, -11.1342086792, 45.9169845581, 32.2228126526, 22.9095230103, 41.3101615906, -3.58429050446, 121.064323425, 17.7446899414, 3.29917383194], [19.9864044189, 12.718003273, 4.3883190155, -25.9151115417, -33.9350280762, 16.6212558746, 22.7975254059, 19.0382385254, -10.3039808273, 21.0559978485, 17.7446899414, 71.9864273071, 3.01294827461], [-49.679397583, 57.0613517761, 0.961182773113, -0.530064761639, 6.08786439896, -23.5057888031, 16.2131080627, 8.21602153778, 12.6462020874, -5.43856477737, 3.29917383194, 3.01294827461, 76.8847808838]],
