{
"lowlevel": {
    "average_loudness": 0.9638235569,
    "barkbands_crest": {
        "dmean": 2.83703279495,
        "dmean2": 4.49513053894,
        "dvar": 6.31908082962,
        "dvar2": 15.6861896515,
        "max": 25.4930553436,
        "mean": 10.3767127991,
        "median": 9.70712184906,
        "min": 2.41881752014,
        "var": 16.875453949
    },
    "barkbands_flatness_db": {
        "dmean": 0.0236355289817,
        "dmean2": 0.0350359268486,
        "dvar": 0.000456429203041,
        "dvar2": 0.000949267414398,
        "max": 0.364986926317,
        "mean": 0.168808370829,
        "median": 0.166276633739,
        "min": 0.034779779613,
        "var": 0.00191407965031
    },
    "barkbands_kurtosis": {
        "dmean": 3.70910334587,
        "dmean2": 5.7002286911,
        "dvar": 55.7902259827,
        "dvar2": 108.952201843,
        "max": 167.328659058,
        "mean": 4.66691017151,
        "median": 1.38721847534,
        "min": -1.93407773972,
        "var": 116.135726929
    },
    "barkbands_skewness": {
        "dmean": 0.657144427299,
        "dmean2": 0.934880018234,
        "dvar": 0.52045238018,
        "dvar2": 0.98340523243,
        "max": 10.5025577545,
        "mean": 1.38616478443,
        "median": 1.12875258923,
        "min": -3.11034011841,
        "var": 1.96660089493
    },
    "barkbands_spread": {
        "dmean": 5.97503185272,
        "dmean2": 8.79432868958,
        "dvar": 64.9686355591,
        "dvar2": 123.43195343,
        "max": 92.5393981934,
        "mean": 19.8149662018,
        "median": 16.5916843414,
        "min": 0.686871349812,
        "var": 190.581771851
    },
    "dissonance": {
        "dmean": 0.0251708440483,
        "dmean2": 0.0419854857028,
        "dvar": 0.000623214174993,
        "dvar2": 0.00160756567493,
        "max": 0.499728500843,
        "mean": 0.451520204544,
        "median": 0.459014892578,
        "min": 0.250741839409,
        "var": 0.0011673879344
    },
    "dynamic_complexity": 3.47890543938,
    "erbbands_crest": {
        "dmean": 3.32764840126,
        "dmean2": 5.34183931351,
        "dvar": 9.55260276794,
        "dvar2": 22.8946743011,
        "max": 32.2602081299,
        "mean": 10.7690458298,
        "median": 9.58034038544,
        "min": 2.65004634857,
        "var": 25.6755447388
    },
    "erbbands_flatness_db": {
        "dmean": 0.0227464064956,
        "dmean2": 0.0321024879813,
        "dvar": 0.000482711475343,
        "dvar2": 0.0008573444793,
        "max": 0.412467300892,
        "mean": 0.192271560431,
        "median": 0.190202534199,
        "min": 0.0627942308784,
        "var": 0.0026017439086
    },
    "erbbands_kurtosis": {
        "dmean": 1.30635046959,
        "dmean2": 2.02315545082,
        "dvar": 4.45611953735,
        "dvar2": 9.50967311859,
        "max": 34.6402359009,
        "mean": 0.822274565697,
        "median": -0.021689414978,
        "min": -1.8396832943,
        "var": 8.40226364136
    },
    "erbbands_skewness": {
        "dmean": 0.462640225887,
        "dmean2": 0.692103743553,
        "dvar": 0.213939845562,
        "dvar2": 0.422140330076,
        "max": 5.54533290863,
        "mean": 0.440325856209,
        "median": 0.40806722641,
        "min": -3.54117918015,
        "var": 0.727588832378
    },
    "erbbands_spread": {
        "dmean": 9.24376583099,
        "dmean2": 13.5616769791,
        "dvar": 126.810142517,
        "dvar2": 268.986236572,
        "max": 153.371566772,
        "mean": 35.6303367615,
        "median": 31.5312480927,
        "min": 2.02039527893,
        "var": 438.932922363
    },
    "hfc": {
        "dmean": 6.54147148132,
        "dmean2": 8.51363563538,
        "dvar": 80.5127182007,
        "dvar2": 145.352081299,
        "max": 114.083969116,
        "mean": 17.1892871857,
        "median": 12.01085186,
        "min": 1.23863904278e-16,
        "var": 261.015319824
    },
    "melbands_crest": {
        "dmean": 3.5467467308,
        "dmean2": 5.50684833527,
        "dvar": 9.71903038025,
        "dvar2": 22.6354675293,
        "max": 33.8737792969,
        "mean": 14.3038482666,
        "median": 13.5510950089,
        "min": 1.84159100056,
        "var": 28.5942745209
    },
    "melbands_flatness_db": {
        "dmean": 0.027918625623,
        "dmean2": 0.0398738868535,
        "dvar": 0.000708302133717,
        "dvar2": 0.00136720901355,
        "max": 0.44856441021,
        "mean": 0.206220015883,
        "median": 0.203676626086,
        "min": 0.00521226087585,
        "var": 0.00338197522797
    },
    "melbands_kurtosis": {
        "dmean": 8.62692737579,
        "dmean2": 13.1303377151,
        "dvar": 349.115875244,
        "dvar2": 727.451049805,
        "max": 381.044281006,
        "mean": 13.5170583725,
        "median": 5.10505008698,
        "min": -1.82643675804,
        "var": 724.925292969
    },
    "melbands_skewness": {
        "dmean": 0.851861000061,
        "dmean2": 1.2040489912,
        "dvar": 1.03656816483,
        "dvar2": 2.00849056244,
        "max": 14.770190239,
        "mean": 2.32144474983,
        "median": 1.89175200462,
        "min": -1.80785155296,
        "var": 3.91619443893
    },
    "melbands_spread": {
        "dmean": 8.01674079895,
        "dmean2": 11.4285879135,
        "dvar": 125.827331543,
        "dvar2": 227.346008301,
        "max": 254.529327393,
        "mean": 23.9652519226,
        "median": 20.2684288025,
        "min": 0.534520924091,
        "var": 358.664093018
    },
    "pitch_salience": {
        "dmean": 0.0775740891695,
        "dmean2": 0.122519820929,
        "dvar": 0.00472252629697,
        "dvar2": 0.0111786928028,
        "max": 0.988743424416,
        "mean": 0.524523377419,
        "median": 0.535803437233,
        "min": 0.0899274051189,
        "var": 0.0139891477302
    },
    "silence_rate_20dB": {
        "dmean": 0,
        "dmean2": 0,
        "dvar": 0,
        "dvar2": 0,
        "max": 1,
        "mean": 1,
        "median": 1,
        "min": 1,
        "var": 0
    },
    "silence_rate_30dB": {
        "dmean": 0,
        "dmean2": 0,
        "dvar": 0,
        "dvar2": 0,
        "max": 1,
        "mean": 1,
        "median": 1,
        "min": 1,
        "var": 0
    },
    "silence_rate_60dB": {
        "dmean": 0.0355486869812,
        "dmean2": 0.0711248517036,
        "dvar": 0.0342849493027,
        "dvar2": 0.0784379467368,
        "max": 1,
        "mean": 0.090768635273,
        "median": 0,
        "min": 0,
        "var": 0.0825304985046
    },
    "spectral_centroid": {
        "dmean": 309.661987305,
        "dmean2": 432.012695312,
        "dvar": 153410.203125,
        "dvar2": 221700.375,
        "max": 11039.9775391,
        "mean": 1369.90222168,
        "median": 1271.6229248,
        "min": 202.295394897,
        "var": 524596.625
    },
    "spectral_complexity": {
        "dmean": 3.35394120216,
        "dmean2": 4.68032455444,
        "dvar": 11.7340717316,
        "dvar2": 20.7338523865,
        "max": 46,
        "mean": 13.7450752258,
        "median": 13,
        "min": 0,
        "var": 55.6290664673
    },
    "spectral_decrease": {
        "dmean": 1.65742042313e-09,
        "dmean2": 2.27325136493e-09,
        "dvar": 4.02679752638e-18,
        "dvar2": 7.81080844399e-18,
        "max": 6.25367652981e-28,
        "mean": -4.9304205163e-09,
        "median": -3.90938925676e-09,
        "min": -2.27469616476e-08,
        "var": 1.45232848163e-17
    },
    "spectral_energy": {
        "dmean": 0.00672734295949,
        "dmean2": 0.00917088985443,
        "dvar": 6.69962391839e-05,
        "dvar2": 0.000128301137011,
        "max": 0.0961594805121,
        "mean": 0.0201676599681,
        "median": 0.015967156738,
        "min": 1.1212625458e-20,
        "var": 0.000241546862526
    },
    "spectral_energyband_high": {
        "dmean": 0.000216847460251,
        "dmean2": 0.000299178209389,
        "dvar": 2.86901297386e-07,
        "dvar2": 6.39767335997e-07,
        "max": 0.0137116815895,
        "mean": 0.000403422367526,
        "median": 0.000170869738213,
        "min": 8.09418766824e-21,
        "var": 5.20310948104e-07
    },
    "spectral_energyband_low": {
        "dmean": 0.00142140360549,
        "dmean2": 0.00221973145381,
        "dvar": 4.68799953524e-06,
        "dvar2": 1.16160827019e-05,
        "max": 0.0261513330042,
        "mean": 0.00312259048223,
        "median": 0.00186327681877,
        "min": 1.39073489152e-22,
        "var": 1.23450463434e-05
    },
    "spectral_energyband_middle_high": {
        "dmean": 0.00286917667836,
        "dmean2": 0.00381312030368,
        "dvar": 2.55086742982e-05,
        "dvar2": 4.39981886302e-05,
        "max": 0.095162525773,
        "mean": 0.00640379311517,
        "median": 0.00300381402485,
        "min": 1.49014497186e-21,
        "var": 8.43294037622e-05
    },
    "spectral_energyband_middle_low": {
        "dmean": 0.00459409505129,
        "dmean2": 0.00660880282521,
        "dvar": 4.16678230977e-05,
        "dvar2": 8.79349172465e-05,
        "max": 0.0723869204521,
        "mean": 0.0111220050603,
        "median": 0.00710695097223,
        "min": 4.16279223869e-22,
        "var": 0.000129314430524
    },
    "spectral_entropy": {
        "dmean": 0.211697354913,
        "dmean2": 0.299835592508,
        "dvar": 0.0397711470723,
        "dvar2": 0.0725695639849,
        "max": 9.80021572113,
        "mean": 7.34378528595,
        "median": 7.34189081192,
        "min": 5.71304178238,
        "var": 0.195910096169
    },
    "spectral_flux": {
        "dmean": 0.0253174006939,
        "dmean2": 0.0385738573968,
        "dvar": 0.000629155838396,
        "dvar2": 0.00134549872018,
        "max": 0.273563653231,
        "mean": 0.0784288942814,
        "median": 0.0703290104866,
        "min": 1.06399104804e-10,
        "var": 0.00205259816721
    },
    "spectral_kurtosis": {
        "dmean": 1.97749722004,
        "dmean2": 3.29753041267,
        "dvar": 3.40368175507,
        "dvar2": 9.60065841675,
        "max": 22.2968082428,
        "mean": 4.74351119995,
        "median": 4.23605394363,
        "min": -1.23364663124,
        "var": 8.06360530853
    },
    "spectral_rms": {
        "dmean": 0.000733692606445,
        "dmean2": 0.000974616908934,
        "dvar": 5.93845697949e-07,
        "dvar2": 1.03140882857e-06,
        "max": 0.00968576874584,
        "mean": 0.0040612607263,
        "median": 0.00394686125219,
        "min": 3.30743809077e-12,
        "var": 3.18192201121e-06
    },
    "spectral_rolloff": {
        "dmean": 558.758422852,
        "dmean2": 905.302185059,
        "dvar": 1132063.125,
        "dvar2": 2138044.25,
        "max": 18820.0195312,
        "mean": 1590.84387207,
        "median": 1205.859375,
        "min": 107.666015625,
        "var": 2554955.25
    },
    "spectral_skewness": {
        "dmean": 0.281768202782,
        "dmean2": 0.442493617535,
        "dvar": 0.0624349974096,
        "dvar2": 0.13988648355,
        "max": 3.39662051201,
        "mean": 1.48924911022,
        "median": 1.48688018322,
        "min": -0.0155379157513,
        "var": 0.225553289056
    },
    "spectral_spread": {
        "dmean": 646206.0625,
        "dmean2": 901785,
        "dvar": 1.22957017907e+12,
        "dvar2": 1.46204786688e+12,
        "max": 41398716,
        "mean": 4131220.5,
        "median": 3633912,
        "min": 1883215,
        "var": 3.56727652352e+12
    },
    "spectral_strongpeak": {
        "dmean": 0.665354311466,
        "dmean2": 1.04601371288,
        "dvar": 1.06749713421,
        "dvar2": 2.36556196213,
        "max": 16.3228759766,
        "mean": 1.31408751011,
        "median": 0.794773936272,
        "min": 0,
        "var": 2.39690995216
    },
    "zerocrossingrate": {
        "dmean": 0.0110244397074,
        "dmean2": 0.0124174812809,
        "dvar": 0.000331460265443,
        "dvar2": 0.000459545815829,
        "max": 0.50634765625,
        "mean": 0.0561972297728,
        "median": 0.04931640625,
        "min": 0.00439453125,
        "var": 0.0014019375667
    },
    "barkbands": {
        "dmean": [5.12791984875e-06, 0.000521141220815, 0.000782519811764, 0.0011498859385, 0.00131609942764, 0.00100689637475, 0.00103869126178, 0.00101593392901, 0.00126698880922, 0.00091527577024, 0.000630819471553, 0.000749972939957, 0.00059356080601, 0.000508678902406, 0.000297697319183, 0.000192983265151, 0.000209006888326, 0.000205577045563, 0.000307758600684, 0.00014642381575, 7.13379049557e-05, 3.83841506846e-05, 2.7953657991e-05, 3.0837214581e-05, 1.93570540432e-05, 3.12309953188e-06, 8.94135099294e-10],
        "dmean2": [8.62315118866e-06, 0.000801737536676, 0.00119444262236, 0.00188986049034, 0.0020260096062, 0.00148990750313, 0.00163178727962, 0.00147623824887, 0.00188860378694, 0.00135883630719, 0.000899676408153, 0.00111750187352, 0.000881235057022, 0.000785370881204, 0.000450370338513, 0.000305325374939, 0.000325580709614, 0.000314641278237, 0.000429889332736, 0.000217527995119, 0.000101064251794, 5.67070455872e-05, 4.01800534746e-05, 4.22534831159e-05, 2.80747299257e-05, 4.47443744633e-06, 1.64188118656e-09],
        "dvar": [8.86702447578e-11, 8.56783856307e-07, 1.93426581063e-06, 4.98554982187e-06, 6.4901805672e-06, 6.57209056953e-06, 6.20089895165e-06, 8.57081886352e-06, 1.05606786747e-05, 6.66057439958e-06, 3.58693137059e-06, 7.74764976086e-06, 3.631879963e-06, 3.57454496225e-06, 8.12926487015e-07, 6.32492515251e-07, 5.01993781654e-07, 2.59924604507e-07, 3.67297303683e-07, 2.66896506673e-07, 2.40168027688e-08, 1.0413090834e-08, 7.89110821131e-09, 1.14584661759e-08, 3.20436699397e-09, 6.59458251895e-11, 1.97365170078e-18],
        "dvar2": [2.14475645577e-10, 2.23825463763e-06, 4.35561423728e-06, 1.22730025396e-05, 1.47178770931e-05, 1.41628670463e-05, 1.35476730065e-05, 1.62328415172e-05, 2.4750310331e-05, 1.38868817885e-05, 5.91412845097e-06, 1.40184993143e-05, 8.08803179098e-06, 7.84906569606e-06, 1.75406455583e-06, 1.56552641783e-06, 1.14987085453e-06, 6.34110449482e-07, 7.26811606455e-07, 6.78522440012e-07, 5.06608479611e-08, 1.84985413654e-08, 1.22647305645e-08, 1.6792718327e-08, 6.32793417665e-09, 1.30306931911e-10, 6.36536988055e-18],
        "max": [0.000153632558067, 0.0140267359093, 0.0204211175442, 0.033270727843, 0.0518297404051, 0.0416104719043, 0.0404627099633, 0.0666230842471, 0.0615264959633, 0.0432946942747, 0.0449215844274, 0.0904921665788, 0.0382249504328, 0.0560743696988, 0.0212631840259, 0.0317938216031, 0.014345725067, 0.00726485438645, 0.0103238578886, 0.0154845640063, 0.00364721985534, 0.00244977185503, 0.00267629255541, 0.00372680951841, 0.00146014546044, 0.00025944900699, 1.83873414272e-08],
        "mean": [7.72001021687e-06, 0.00115647749044, 0.00126811093651, 0.00191031245049, 0.0026241322048, 0.00155637180433, 0.00163215957582, 0.00138813629746, 0.00158646795899, 0.00140441616531, 0.000930923793931, 0.00101790355984, 0.000731765117962, 0.000618003308773, 0.000392259797081, 0.000253659993177, 0.00028874236159, 0.000305466877762, 0.000554430531338, 0.000233929255046, 0.00012158073514, 5.99388295086e-05, 4.57425230707e-05, 4.61886920675e-05, 2.85391706711e-05, 4.2793940338e-06, 7.65489005516e-10],
        "median": [3.54398571289e-06, 0.00039634789573, 0.000509718141984, 0.000575679936446, 0.000735797628295, 0.000310123548843, 0.000337610486895, 0.000217542707105, 0.000309133232804, 0.000181497685844, 0.000121792691061, 0.000153012093506, 0.000112733119749, 8.64172543515e-05, 8.39936328703e-05, 6.50397996651e-05, 7.16949507478e-05, 8.261181938e-05, 0.000140359668876, 6.89586086082e-05, 3.95959468733e-05, 1.59959054145e-05, 1.3207972188e-05, 1.22735509649e-05, 7.3750707088e-06, 7.01566875705e-07, 2.84143097939e-10],
        "min": [2.03540155271e-24, 3.64844255915e-23, 1.37291553342e-23, 4.00948904934e-23, 7.01406270655e-23, 4.03868384481e-23, 5.50786281231e-23, 1.11341839758e-23, 5.36484674781e-23, 2.45242103734e-23, 5.50606547162e-23, 7.31501629734e-23, 3.71374730478e-23, 7.76573229108e-23, 2.72208382923e-22, 1.52908203542e-22, 6.7499400848e-23, 1.3454580621e-22, 2.51916356086e-22, 2.94425886702e-22, 4.43059675828e-22, 4.94662589113e-22, 6.29647115582e-22, 8.51851940752e-22, 1.29994825996e-21, 1.48105547669e-21, 2.49220390495e-21],
        "var": [1.97827504378e-10, 2.87630882667e-06, 4.05869832321e-06, 1.16333012556e-05, 1.81169325515e-05, 1.36291237141e-05, 1.36287562782e-05, 1.7425230908e-05, 1.37419165185e-05, 1.75431741809e-05, 9.11548795557e-06, 1.40703323268e-05, 5.26186704519e-06, 4.6221393859e-06, 1.21898312955e-06, 6.73181432376e-07, 6.74769864872e-07, 3.99684410013e-07, 1.04771743281e-06, 3.09224219563e-07, 4.84274522705e-08, 2.32060504146e-08, 2.00671443906e-08, 2.64957780161e-08, 6.55977405728e-09, 1.96918648054e-10, 1.6318041132e-18]
    },
    "erbbands": {
        "dmean": [0.0109690157697, 0.137490600348, 0.700533866882, 2.2764840126, 4.93776369095, 3.70595288277, 6.24673748016, 8.80103111267, 13.1848039627, 16.9917793274, 24.8135166168, 30.862033844, 23.4570941925, 28.2391986847, 24.8341560364, 30.6518344879, 26.4821796417, 24.0237789154, 19.6175174713, 9.86345672607, 10.9256277084, 10.4785232544, 9.02233314514, 16.0499668121, 11.6513500214, 6.90924978256, 3.67086172104, 2.27000021935, 1.4472938776, 1.02101409435, 0.794423699379, 0.635056376457, 0.535366117954, 0.281893730164, 0.108289353549, 0.0242328997701, 0.00415949104354, 0.000314420962241, 1.00169863799e-05, 8.25674851512e-06],
        "dmean2": [0.0178685244173, 0.206903636456, 1.03615701199, 3.73244714737, 7.58871603012, 5.69273614883, 9.54174804688, 13.2149248123, 20.089302063, 25.6595230103, 35.811706543, 46.5475769043, 35.0588607788, 40.1846847534, 34.398979187, 45.2953720093, 38.2542304993, 36.5956611633, 29.6780261993, 15.1501331329, 16.8283786774, 15.8623600006, 12.9746255875, 22.6209144592, 16.3995418549, 10.2076654434, 5.29803180695, 3.15768837929, 2.14200353622, 1.42723858356, 1.13226914406, 0.893217802048, 0.755205869675, 0.410449177027, 0.157468751073, 0.0336461253464, 0.00635593244806, 0.000510297133587, 1.4567591279e-05, 1.12113939394e-05],
        "dvar": [0.000508789962623, 0.0550129823387, 1.49802589417, 15.2949581146, 122.781150818, 82.083984375, 241.116928101, 591.80291748, 1219.97802734, 1767.41149902, 5265.63671875, 7421.46191406, 4812.24707031, 6605.15136719, 4792.54345703, 11888.0625, 6722.42675781, 7512.53076172, 3803.73413086, 647.416564941, 2132.44848633, 1423.61010742, 404.963378906, 1156.40234375, 536.693237305, 745.057067871, 134.412597656, 18.0933322906, 13.693936348, 10.8235168457, 5.85767126083, 6.1109828949, 3.84633517265, 0.78188097477, 0.0860576108098, 0.00385997537524, 0.000116556504508, 6.56806037114e-07, 3.2524927196e-10, 9.73936972737e-11],
        "dvar2": [0.00155188248027, 0.136011779308, 3.03978610039, 39.0185470581, 263.950195312, 167.19493103, 580.830810547, 1213.47387695, 2771.93652344, 4000.43920898, 9658.25390625, 18415.7402344, 11043.7753906, 12890.1425781, 8435.79101562, 22225.953125, 14592.4238281, 17643.5449219, 7529.98828125, 1427.80883789, 5107.22119141, 3268.94042969, 873.227294922, 2501.29956055, 1098.96679688, 1972.13793945, 324.800201416, 34.5886459351, 25.962846756, 16.7545928955, 8.25756835938, 10.0882263184, 7.07327890396, 1.54551851749, 0.166645660996, 0.00696232588962, 0.000248540483881, 1.48116725995e-06, 6.96188606764e-10, 1.85406426323e-10],
        "max": [0.346180140972, 3.48353624344, 21.214006424, 42.2483940125, 163.410491943, 293.085479736, 335.014160156, 478.090301514, 715.295043945, 845.785400391, 1674.93347168, 1914.57348633, 1355.04724121, 1517.47155762, 1545.40026855, 2867.89208984, 1615.39782715, 2284.53295898, 1725.32739258, 537.001953125, 1861.56262207, 817.770751953, 294.952484131, 627.254455566, 301.623809814, 857.341369629, 296.560791016, 77.0969238281, 95.2388000488, 87.9757919312, 91.8525314331, 83.7431564331, 60.5541152954, 23.5153274536, 6.52156448364, 1.74107766151, 0.315212458372, 0.0196445863694, 0.000443450117018, 0.000117707983009],
        "mean": [0.0215270202607, 0.3185326159, 1.32763457298, 3.85174655914, 9.59125328064, 7.46048259735, 9.8547668457, 13.1362543106, 20.2987174988, 26.2848262787, 34.6969795227, 39.1291618347, 37.9423446655, 41.4608154297, 38.6543960571, 44.3213424683, 34.8998222351, 31.4449043274, 28.2162837982, 15.1842603683, 15.3784370422, 15.2576332092, 15.2210655212, 27.7967624664, 21.3529109955, 11.3063077927, 6.34573125839, 3.99071311951, 2.27556490898, 1.5648816824, 1.29653000832, 0.991782009602, 0.751248776913, 0.404685676098, 0.157546788454, 0.0359730869532, 0.00503224041313, 0.000343809573678, 2.08124129131e-05, 2.51697729254e-05],
        "median": [0.0069939987734, 0.119732134044, 0.636391162872, 1.94732952118, 2.03826117516, 1.85719633102, 2.54924201965, 2.6193561554, 4.98231840134, 5.45715761185, 6.75354003906, 8.40714073181, 7.17227315903, 7.07249212265, 7.39586877823, 7.87899541855, 7.01785182953, 5.63891220093, 5.53844213486, 4.54417419434, 4.78139638901, 4.22176504135, 4.7614402771, 7.6758890152, 6.39406967163, 3.50806045532, 2.20416903496, 1.30737733841, 0.67516207695, 0.374199151993, 0.421186387539, 0.241183325648, 0.201459050179, 0.103977464139, 0.0371538922191, 0.00719398260117, 0.000649334338959, 4.1928520659e-05, 1.43940869748e-05, 2.00362956093e-05],
        "min": [8.6343660927e-22, 4.63807116483e-21, 1.41694504123e-20, 1.02504182733e-19, 9.43242776665e-20, 1.45673898797e-19, 1.20831480729e-19, 4.10874026091e-19, 6.19774638231e-19, 7.09031665626e-19, 4.82244746155e-19, 1.06143175138e-18, 1.01144408959e-18, 1.14874056164e-18, 3.13542335559e-18, 2.95465213171e-18, 2.21128021805e-18, 3.66202204318e-18, 9.66277070972e-18, 1.0032714831e-17, 6.78102855195e-18, 4.87094278611e-18, 8.74447118961e-18, 9.96822617606e-18, 1.37326457345e-17, 1.52349182234e-17, 1.99513779991e-17, 1.42240522297e-17, 1.6582279636e-17, 1.89117112308e-17, 1.83748461978e-17, 1.78824719013e-17, 1.57457187953e-17, 1.09296011266e-17, 9.84211587423e-18, 4.61276358692e-18, 2.89595084595e-18, 1.24409649508e-18, 3.61359615009e-19, 3.52784776436e-20],
        "var": [0.00108414399438, 0.200686633587, 3.98724007607, 28.0455722809, 415.747680664, 227.308197021, 461.949462891, 1106.08068848, 2442.77709961, 3662.79907227, 9961.80175781, 8721.05078125, 12125.9521484, 13621.0078125, 10640.3046875, 22027.0878906, 10597.7470703, 9316.29882812, 7589.01904297, 1180.05969238, 2402.72387695, 1914.57067871, 880.796630859, 2693.3137207, 1333.17797852, 739.219116211, 209.050140381, 48.8568191528, 28.2774181366, 26.4989891052, 15.0729045868, 13.6225576401, 7.00538110733, 1.53229355812, 0.185307756066, 0.0118666831404, 0.000291754986392, 1.40074439514e-06, 8.62489413223e-10, 3.51132456444e-10]
    },
    "gfcc": {
        "mean": [-41.6341934204, 105.54460144, -136.865097046, 35.5414466858, -67.4428634644, 11.8043851852, -36.3080596924, 11.2527780533, -29.8705272675, -3.53754115105, -8.94608592987, -13.1957168579, -8.36342430115],
        "cov": [[7345.95458984, -46.6046905518, -701.790405273, -32.5301437378, -215.548751831, -70.8439941406, -136.607910156, 105.98298645, -58.5877418518, 16.0509719849, -151.672897339, -91.9921722412, -118.232696533], [-46.6046905518, 953.394775391, -129.218795776, -116.135398865, 188.786804199, -120.418769836, 144.634399414, -32.9725341797, 28.0604171753, -90.2328491211, 150.729171753, -111.725738525, 55.2761192322], [-701.790405273, -129.218795776, 1213.85107422, 333.766082764, -74.4873962402, 183.907943726, -155.423233032, 33.1330680847, 6.90855789185, 14.4328346252, -146.515350342, 94.1749267578, -84.9086227417], [-32.5301437378, -116.135398865, 333.766082764, 460.113891602, 51.6829719543, -3.83283638954, -65.029624939, 44.7893562317, 87.1754455566, 32.6984176636, -34.3574562073, 31.1213474274, 5.86498165131], [-215.548751831, 188.786804199, -74.4873962402, 51.6829719543, 269.376678467, 46.2159423828, 79.8893356323, 26.1765232086, 33.7638511658, 6.93387699127, 43.1119499207, -36.6893424988, 13.3940963745], [-70.8439941406, -120.418769836, 183.907943726, -3.83283638954, 46.2159423828, 370.015106201, 108.608711243, 34.1179046631, -5.99335432053, 17.1908245087, -41.091293335, 15.3472518921, -36.4678688049], [-136.607910156, 144.634399414, -155.423233032, -65.029624939, 79.8893356323, 108.608711243, 327.808319092, 98.4612731934, -14.8810224533, -28.6596889496, 68.9222259521, -33.2535743713, -1.76508367062], [105.98298645, -32.9725341797, 33.1330680847, 44.7893562317, 26.1765232086, 34.1179046631, 98.4612731934, 210.31628418, 57.3057861328, 13.8383588791, 12.3310604095, 14.1497039795, -8.96346569061], [-58.5877418518, 28.0604171753, 6.90855789185, 87.1754455566, 33.7638511658, -5.99335432053, -14.8810224533, 57.3057861328, 164.832015991, 66.77784729, 2.09294915199, 1.46876645088, 13.6776103973], [16.0509719849, -90.2328491211, 14.4328346252, 32.6984176636, 6.93387699127, 17.1908245087, -28.6596889496, 13.8383588791, 66.77784729, 156.635375977, 28.0164813995, 16.8549423218, 1.63822174072], [-151.672897339, 150.729171753, -146.515350342, -34.3574562073, 43.1119499207, -41.091293335, 68.9222259521, 12.3310604095, 2.09294915199, 28.0164813995, 163.18927002, 13.4357824326, 38.3209075928], [-91.9921722412, -111.725738525, 94.1749267578, 31.1213474274, -36.6893424988, 15.3472518921, -33.2535743713, 14.1497039795, 1.46876645088, 16.8549423218, 13.4357824326, 120.203292847, 27.9990711212], [-118.232696533, 55.2761192322, -84.9086227417, 5.86498165131, 13.3940963745, -36.4678688049, -1.76508367062, -8.96346569061, 13.6776103973, 1.63822174072, 38.3209075928, 27.9990711212, 116.448669434]],
        "icov": [[0.00020669150399, -0.000294626603136, 0.00037688240991, -0.000314482022077, 0.000361793499906, -0.000241434085183, 0.000334529671818, -0.000413585687056, 0.000462415744551, -0.000318682112265, 0.000452377367765, -0.000135485664941, 0.000330245296936], [-0.000294626603136, 0.00300939776935, -0.0015350333415, 0.00167409621645, -0.00197326205671, 0.00148814101703, -0.00140807125717, 0.00165390654001, -0.00253733387217, 0.0024511248339, -0.00295096728951, 0.00232056668028, -0.00145558093209], [0.00037688240991, -0.0015350333415, 0.00257718469948, -0.00207539903931, 0.00153309782036, -0.00167566549499, 0.00161692977417, -0.00146133697126, 0.00200854451396, -0.00125028716866, 0.00215847906657, -0.00183287099935, 0.00181797542609], [-0.000314482022077, 0.00167409621645, -0.00207539903931, 0.00444359052926, -0.00218357052654, 0.00154114642646, -0.000841848028358, 0.000895250181202, -0.00297683826648, 0.00139684393071, -0.00144450808875, 0.000936255964916, -0.0014808611013], [0.000361793499906, -0.00197326205671, 0.00153309782036, -0.00218357052654, 0.00626206211746, -0.00197453820147, 0.000620917591732, -0.00128726277035, 0.00119498395361, -0.00137745914981, 0.000805897347163, 0.000227897427976, 0.000662559003104], [-0.000241434085183, 0.00148814101703, -0.00167566549499, 0.00154114642646, -0.00197453820147, 0.00492392852902, -0.00291405431926, 0.00142264994793, -0.00128511514049, 0.000126554004964, 0.000178199377842, -4.10863431171e-05, -0.000316096702591], [0.000334529671818, -0.00140807125717, 0.00161692977417, -0.000841848028358, 0.000620917591732, -0.00291405431926, 0.0067425975576, -0.00381315685809, 0.00230735447258, 0.000145225771121, -0.000894207681995, 0.00060918944655, 0.000928847352043], [-0.000413585687056, 0.00165390654001, -0.00146133697126, 0.000895250181202, -0.00128726277035, 0.00142264994793, -0.00381315685809, 0.00816572457552, -0.00432269461453, 0.0015858374536, -0.00150945980567, -0.000443043914856, -6.26143955742e-05], [0.000462415744551, -0.00253733387217, 0.00200854451396, -0.00297683826648, 0.00119498395361, -0.00128511514049, 0.00230735447258, -0.00432269461453, 0.0118583142757, -0.00577191030607, 0.00353045295924, -0.000907102017663, 0.000195397864445], [-0.000318682112265, 0.0024511248339, -0.00125028716866, 0.00139684393071, -0.00137745914981, 0.000126554004964, 0.000145225771121, 0.0015858374536, -0.00577191030607, 0.0108086317778, -0.00499311368912, 0.00124685734045, -0.000277506187558], [0.000452377367765, -0.00295096728951, 0.00215847906657, -0.00144450808875, 0.000805897347163, 0.000178199377842, -0.000894207681995, -0.00150945980567, 0.00353045295924, -0.00499311368912, 0.0124095492065, -0.00427633337677, -5.98966653342e-05], [-0.000135485664941, 0.00232056668028, -0.00183287099935, 0.000936255964916, 0.000227897427976, -4.10863431171e-05, 0.00060918944655, -0.000443043914856, -0.000907102017663, 0.00124685734045, -0.00427633337677, 0.013191871345, -0.00436224834993], [0.000330245296936, -0.00145558093209, 0.00181797542609, -0.0014808611013, 0.000662559003104, -0.000316096702591, 0.000928847352043, -6.26143955742e-05, 0.000195397864445, -0.000277506187558, -5.98966653342e-05, -0.00436224834993, 0.0118974689394]]
    },
    "melbands": {
        "dmean": [0.000122979326989, 0.000287282426143, 0.000473759282613, 0.000301823718473, 0.000204331794521, 0.000195832573809, 0.000204247364309, 0.000191446393728, 0.000212727565668, 0.000188930498553, 0.000119727905258, 0.000119823227578, 8.64536123117e-05, 8.99019141798e-05, 7.3762559623e-05, 5.0483027735e-05, 4.80374183098e-05, 3.67080101569e-05, 1.69022914633e-05, 1.18783282232e-05, 1.48591007019e-05, 1.21347848108e-05, 8.03479269962e-06, 1.13703217721e-05, 1.42485368997e-05, 1.20098211482e-05, 6.13624888501e-06, 4.38884489995e-06, 2.68431517725e-06, 1.69817280948e-06, 1.27883595269e-06, 9.0806594244e-07, 6.73524198191e-07, 5.54211226245e-07, 4.82699761051e-07, 4.58842521311e-07, 3.93621888861e-07, 4.0303226001e-07, 3.12102145017e-07, 2.29442136401e-07],
        "dmean2": [0.000194501772057, 0.000429422652815, 0.000757749890909, 0.000465349439764, 0.000308112154016, 0.000292937707854, 0.000312583695631, 0.000289832096314, 0.000309181632474, 0.000284756766632, 0.000181699564564, 0.00017241552996, 0.000118770090921, 0.000133385823574, 0.000110907087219, 7.48564852984e-05, 7.4931558629e-05, 5.56524501008e-05, 2.61096993199e-05, 1.8399401597e-05, 2.28169155889e-05, 1.8726586859e-05, 1.20631111713e-05, 1.71259143826e-05, 2.01868133445e-05, 1.72035215655e-05, 9.14801330509e-06, 6.62778165861e-06, 3.96741233999e-06, 2.49227400673e-06, 1.79481014584e-06, 1.38092480029e-06, 9.99478515951e-07, 7.93288677414e-07, 6.94991342698e-07, 6.73205931889e-07, 5.52288781819e-07, 5.83389066833e-07, 4.58854884755e-07, 3.33667628638e-07],
        "dvar": [5.32294102129e-08, 2.32630469554e-07, 7.48875436329e-07, 3.72172280549e-07, 2.19344173047e-07, 2.65870994554e-07, 2.58795637365e-07, 2.23741025707e-07, 3.37405793971e-07, 2.76536354704e-07, 1.30332381332e-07, 1.2079227929e-07, 6.48506741641e-08, 1.40554121231e-07, 5.67726345935e-08, 2.48964404648e-08, 3.61647387592e-08, 1.62437405749e-08, 3.70114094927e-09, 8.09048439354e-10, 5.43030154176e-09, 1.79165215997e-09, 6.51760145853e-10, 9.62724788778e-10, 1.0087218838e-09, 6.7674416071e-10, 2.0857814087e-10, 4.19871137858e-10, 8.72646052641e-11, 1.06147634085e-11, 6.75624833857e-12, 5.72974176785e-12, 4.17516975854e-12, 3.60667008412e-12, 2.20709713526e-12, 3.02994413413e-12, 2.24284111248e-12, 2.18918438065e-12, 1.16834363365e-12, 5.081234912e-13],
        "dvar2": [1.50065801563e-07, 4.89962417305e-07, 1.71565022811e-06, 8.1643025851e-07, 5.18643787473e-07, 5.50551817469e-07, 5.76372372052e-07, 4.96698760344e-07, 6.37443690721e-07, 6.74442105719e-07, 3.01179539974e-07, 2.3457602083e-07, 1.05024810182e-07, 2.42033650011e-07, 1.22690238413e-07, 5.40942117766e-08, 8.53163868442e-08, 3.26628928349e-08, 8.87962237073e-09, 1.85253079543e-09, 1.30668791343e-08, 4.08600220325e-09, 1.3331320492e-09, 2.39850783679e-09, 2.20533302731e-09, 1.37245492748e-09, 4.741672055e-10, 1.15326825867e-09, 2.05719732915e-10, 2.16254496949e-11, 1.29150943412e-11, 1.21025793554e-11, 7.33065257802e-12, 6.37015440397e-12, 3.7488254688e-12, 6.48513144227e-12, 3.55308382542e-12, 4.04736183804e-12, 2.34264734347e-12, 1.0613049068e-12],
        "max": [0.0037540202029, 0.00807236880064, 0.0130139486864, 0.0096612740308, 0.00902218092233, 0.00945290364325, 0.00978128798306, 0.00991422031075, 0.0125432657078, 0.0120508661494, 0.00664195790887, 0.00631183572114, 0.0069876331836, 0.01386208646, 0.00429120566696, 0.00332719390281, 0.00541711691767, 0.00369514338672, 0.00193956948351, 0.000491027138196, 0.003042581724, 0.000745165394619, 0.000635612232145, 0.000494943291415, 0.000614946475253, 0.000423150137067, 0.000264347210759, 0.000673593021929, 0.00023645258625, 4.39684226876e-05, 5.25074756297e-05, 5.80460946367e-05, 5.02356415382e-05, 5.23742382939e-05, 5.54253529117e-05, 5.3860450862e-05, 5.23650123796e-05, 4.35865185864e-05, 2.81308603007e-05, 1.92151092051e-05],
        "mean": [0.000270046002697, 0.000600397121161, 0.000901832478121, 0.000610896095168, 0.000342097337125, 0.000298067810945, 0.000318299193168, 0.000286172085907, 0.000285161833744, 0.000237074957113, 0.000188998033991, 0.000172413463588, 0.000130152882775, 0.000126131679281, 9.19621306821e-05, 6.65953557473e-05, 5.73828074266e-05, 4.95860986121e-05, 2.193799628e-05, 1.74956821866e-05, 1.87781315617e-05, 1.65126111824e-05, 1.19875940072e-05, 1.65040819411e-05, 2.3154383598e-05, 2.15831114474e-05, 9.55482755671e-06, 6.65326206217e-06, 4.40192116002e-06, 2.73337491308e-06, 2.16380271922e-06, 1.35762229547e-06, 9.55699761107e-07, 8.11696338587e-07, 7.55486894377e-07, 6.62252602979e-07, 5.90762454067e-07, 5.49495268842e-07, 4.36495042777e-07, 3.12608420927e-07],
        "median": [8.68916176842e-05, 0.000314170232741, 0.00038473852328, 0.000145936792251, 9.37378863455e-05, 6.03990556556e-05, 7.69536491134e-05, 5.39830944035e-05, 4.79354566778e-05, 4.48612627224e-05, 3.03687629639e-05, 2.50233206316e-05, 1.98352827283e-05, 1.97035606107e-05, 1.66133340826e-05, 1.05986109702e-05, 8.06139178167e-06, 7.76336037234e-06, 5.11650296176e-06, 4.75169326819e-06, 4.73384716315e-06, 3.96434825234e-06, 3.33854404744e-06, 3.94692415284e-06, 5.39733946425e-06, 4.9433751883e-06, 2.8774245493e-06, 1.94382300833e-06, 1.39031612889e-06, 8.28575934975e-07, 6.24993731435e-07, 3.81769268643e-07, 2.18095124183e-07, 1.83182876867e-07, 2.58216942939e-07, 1.53326610075e-07, 1.40759965461e-07, 1.47852418309e-07, 1.05381012361e-07, 7.37695629027e-08],
        "min": [1.2526293915e-23, 5.11562768071e-24, 1.70501098616e-23, 1.64592419995e-23, 3.82912688964e-24, 8.52110904855e-24, 1.06906208994e-23, 6.40460076186e-24, 4.93982292824e-24, 7.21435307044e-24, 4.861774608e-24, 3.93843500654e-24, 8.66681165774e-24, 9.78461336094e-24, 6.82031941486e-24, 3.65032762117e-24, 7.1309554844e-24, 1.23802662951e-23, 1.73298210059e-23, 8.12888030672e-24, 6.66374788012e-24, 5.04198593749e-24, 6.93717495848e-24, 7.54661102853e-24, 7.74173814002e-24, 1.03321238499e-23, 8.0324452165e-24, 1.10637544742e-23, 1.02181050501e-23, 9.94586520744e-24, 6.54385601088e-24, 9.19487041453e-24, 9.60307911171e-24, 1.09976502969e-23, 1.05501444938e-23, 9.33752328746e-24, 1.02156958689e-23, 1.10266937889e-23, 1.06346630511e-23, 8.91095858588e-24],
        "var": [1.63983273183e-07, 6.54880011552e-07, 2.17747560782e-06, 1.09821542082e-06, 4.51634889487e-07, 5.2073784218e-07, 5.43727480817e-07, 4.45665904181e-07, 6.1171544985e-07, 3.33693037646e-07, 3.25398247014e-07, 2.62922355887e-07, 1.66095688314e-07, 2.59704421524e-07, 7.57505347337e-08, 4.88815814492e-08, 4.10498941505e-08, 3.02630134286e-08, 4.03835986873e-09, 1.46948997415e-09, 5.85022430499e-09, 2.36784702956e-09, 1.21415588694e-09, 1.40692080208e-09, 2.22378782055e-09, 1.89651716553e-09, 3.35440647481e-10, 3.54097390298e-10, 1.52761414629e-10, 2.30554429714e-11, 1.79767988689e-11, 1.04965168501e-11, 8.52987385586e-12, 8.0528240326e-12, 4.85386080287e-12, 5.468206183e-12, 5.07694667556e-12, 3.81000656371e-12, 2.13061014144e-12, 9.20292596469e-13]
    },
    "mfcc": {
        "mean": [-673.728637695, 123.918685913, -8.6044883728, 21.0326709747, -3.9282002449, -4.66616868973, 7.62107133865, 0.366570562124, -5.60788869858, 2.76950335503, -1.29974484444, -2.02981448174, -4.33031988144],
        "cov": [[5508.65820312, -7.87536096573, -688.630065918, -0.392354726791, -194.693572998, -157.819366455, -131.701324463, -71.0374069214, 23.5379161835, 35.5304450989, 9.89357376099, -5.48822069168, -41.7815170288], [-7.87536096573, 992.726928711, -230.37902832, -29.6739940643, -13.6686677933, -71.1400299072, 132.426589966, 3.93197464943, -53.8158874512, 23.4669876099, 6.66741847992, 9.93384361267, -16.177148819], [-688.630065918, -230.37902832, 1080.31005859, 123.247238159, 183.236312866, 143.992446899, -89.2890090942, 65.1265182495, 63.2151565552, -58.4590110779, 13.7218427658, 13.2504091263, -38.6049766541], [-0.392354726791, -29.6739940643, 123.247238159, 417.116790771, 128.852508545, -49.115272522, -54.8718719482, -16.5752754211, 29.6893081665, 24.198759079, -14.6021509171, 44.5037498474, 38.3844413757], [-194.693572998, -13.6686677933, 183.236312866, 128.852508545, 283.320587158, 66.907913208, -61.8729896545, -2.49211454391, 35.8627662659, 21.2303905487, 0.268811315298, 3.94298911095, 28.1384792328], [-157.819366455, -71.1400299072, 143.992446899, -49.115272522, 66.907913208, 258.744903564, 39.634853363, 17.9577198029, 42.3736343384, 5.88849163055, 30.7692241669, -5.06885194778, -0.2937964499], [-131.701324463, 132.426589966, -89.2890090942, -54.8718719482, -61.8729896545, 39.634853363, 303.699279785, 112.033958435, 4.84947490692, 43.7585449219, 45.5291252136, 5.24156856537, -2.87264943123], [-71.0374069214, 3.93197464943, 65.1265182495, -16.5752754211, -2.49211454391, 17.9577198029, 112.033958435, 214.664154053, 70.9600524902, 7.6155462265, 42.0185127258, 1.62549889088, -14.1937866211], [23.5379161835, -53.8158874512, 63.2151565552, 29.6893081665, 35.8627662659, 42.3736343384, 4.84947490692, 70.9600524902, 165.551925659, 56.3807907104, 28.7166404724, 25.7898960114, 17.9345245361], [35.5304450989, 23.4669876099, -58.4590110779, 24.198759079, 21.2303905487, 5.88849163055, 43.7585449219, 7.6155462265, 56.3807907104, 129.84362793, 47.397895813, 13.0691318512, 18.3831195831], [9.89357376099, 6.66741847992, 13.7218427658, -14.6021509171, 0.268811315298, 30.7692241669, 45.5291252136, 42.0185127258, 28.7166404724, 47.397895813, 132.938690186, 53.5946731567, -5.10865306854], [-5.48822069168, 9.93384361267, 13.2504091263, 44.5037498474, 3.94298911095, -5.06885194778, 5.24156856537, 1.62549889088, 25.7898960114, 13.0691318512, 53.5946731567, 132.039733887, 47.1668243408], [-41.7815170288, -16.177148819, -38.6049766541, 38.3844413757, 28.1384792328, -0.2937964499, -2.87264943123, -14.1937866211, 17.9345245361, 18.3831195831, -5.10865306854, 47.1668243408, 120.180160522]],
