{
"lowlevel": {
    "average_loudness": 0.979806184769,
    "barkbands_crest": {
        "dmean": 2.82643485069,
        "dmean2": 4.70807981491,
        "dvar": 6.22908115387,
        "dvar2": 16.9273319244,
        "max": 21.3238582611,
        "mean": 9.86355876923,
        "median": 9.61469554901,
        "min": 2.71119904518,
        "var": 10.1535835266
    },
    "barkbands_flatness_db": {
        "dmean": 0.0203458145261,
        "dmean2": 0.0336372703314,
        "dvar": 0.000298190454487,
        "dvar2": 0.000791942758951,
        "max": 0.269757330418,
        "mean": 0.143056645989,
        "median": 0.142657384276,
        "min": 0.076344884932,
        "var": 0.00062287732726
    },
    "barkbands_kurtosis": {
        "dmean": 1.26494133472,
        "dmean2": 2.10217857361,
        "dvar": 3.75669836998,
        "dvar2": 9.27669525146,
        "max": 40.7136802673,
        "mean": 0.405669242144,
        "median": -0.370071411133,
        "min": -1.82077729702,
        "var": 6.448366642
    },
    "barkbands_skewness": {
        "dmean": 0.494588196278,
        "dmean2": 0.798794150352,
        "dvar": 0.192878201604,
        "dvar2": 0.475355833769,
        "max": 6.01119995117,
        "mean": 1.03008377552,
        "median": 0.950194656849,
        "min": -0.971242845058,
        "var": 0.545311629772
    },
    "barkbands_spread": {
        "dmean": 6.29009199142,
        "dmean2": 10.3726634979,
        "dvar": 38.1749305725,
        "dvar2": 92.2818069458,
        "max": 98.2417907715,
        "mean": 34.8234939575,
        "median": 34.5629730225,
        "min": 4.77809667587,
        "var": 94.4724578857
    },
    "dissonance": {
        "dmean": 0.0118643334135,
        "dmean2": 0.0204031635076,
        "dvar": 0.000124829559354,
        "dvar2": 0.000343947176589,
        "max": 0.499999970198,
        "mean": 0.480830848217,
        "median": 0.483838438988,
        "min": 0.3949406147,
        "var": 0.000186801902601
    },
    "dynamic_complexity": 1.06729400158,
    "erbbands_crest": {
        "dmean": 2.74524903297,
        "dmean2": 4.47798776627,
        "dvar": 7.19822692871,
        "dvar2": 17.4653244019,
        "max": 29.2689380646,
        "mean": 8.52726173401,
        "median": 7.26694965363,
        "min": 2.45916748047,
        "var": 18.9444847107
    },
    "erbbands_flatness_db": {
        "dmean": 0.0139541141689,
        "dmean2": 0.0211295373738,
        "dvar": 0.0001522769453,
        "dvar2": 0.000320430495776,
        "max": 0.262149244547,
        "mean": 0.171880319715,
        "median": 0.171613305807,
        "min": 0.0986352488399,
        "var": 0.000665303552523
    },
    "erbbands_kurtosis": {
        "dmean": 0.828640401363,
        "dmean2": 1.30535972118,
        "dvar": 0.976939976215,
        "dvar2": 2.32108259201,
        "max": 16.7219142914,
        "mean": 0.686635196209,
        "median": 0.18666601181,
        "min": -1.54714870453,
        "var": 2.94888544083
    },
    "erbbands_skewness": {
        "dmean": 0.294117361307,
        "dmean2": 0.462537318468,
        "dvar": 0.0588668063283,
        "dvar2": 0.145984262228,
        "max": 1.66693425179,
        "mean": -0.3713504076,
        "median": -0.35258820653,
        "min": -2.57973718643,
        "var": 0.285769373178
    },
    "erbbands_spread": {
        "dmean": 7.3336815834,
        "dmean2": 11.3078994751,
        "dvar": 42.4092407227,
        "dvar2": 96.278427124,
        "max": 100.443321228,
        "mean": 35.8168754578,
        "median": 33.9009819031,
        "min": 6.19794368744,
        "var": 211.812332153
    },
    "hfc": {
        "dmean": 9.6333322525,
        "dmean2": 15.4842252731,
        "dvar": 101.324913025,
        "dvar2": 251.41178894,
        "max": 163.722991943,
        "mean": 36.7534332275,
        "median": 35.1992340088,
        "min": 0.000345711247064,
        "var": 249.401977539
    },
    "melbands_crest": {
        "dmean": 3.83982515335,
        "dmean2": 6.39851236343,
        "dvar": 11.3562612534,
        "dvar2": 31.0645008087,
        "max": 29.6545505524,
        "mean": 16.904253006,
        "median": 16.8948402405,
        "min": 3.72809553146,
        "var": 22.3668231964
    },
    "melbands_flatness_db": {
        "dmean": 0.0283547956496,
        "dmean2": 0.0462213978171,
        "dvar": 0.000628857291304,
        "dvar2": 0.00158571801148,
        "max": 0.32265907526,
        "mean": 0.166893810034,
        "median": 0.16588871181,
        "min": 0.0486612282693,
        "var": 0.00128852459602
    },
    "melbands_kurtosis": {
        "dmean": 5.14675951004,
        "dmean2": 8.44508075714,
        "dvar": 49.126121521,
        "dvar2": 121.473190308,
        "max": 144.727142334,
        "mean": 8.10002231598,
        "median": 5.32051372528,
        "min": -1.68086612225,
        "var": 99.8741378784
    },
    "melbands_skewness": {
        "dmean": 0.778019547462,
        "dmean2": 1.253049016,
        "dvar": 0.491917461157,
        "dvar2": 1.22355365753,
        "max": 10.4442834854,
        "mean": 2.51119422913,
        "median": 2.36503815651,
        "min": 0.0916616618633,
        "var": 1.4089332819
    },
    "melbands_spread": {
        "dmean": 9.87820148468,
        "dmean2": 16.3089485168,
        "dvar": 83.9104232788,
        "dvar2": 214.384658813,
        "max": 92.2680053711,
        "mean": 33.6594696045,
        "median": 32.642124176,
        "min": 2.50443983078,
        "var": 203.357727051
    },
    "pitch_salience": {
        "dmean": 0.0802197828889,
        "dmean2": 0.130704641342,
        "dvar": 0.00464502861723,
        "dvar2": 0.0124647691846,
        "max": 0.77295768261,
        "mean": 0.479573667049,
        "median": 0.473618894815,
        "min": 0.217350140214,
        "var": 0.00884080864489
    },
    "silence_rate_20dB": {
        "dmean": 0,
        "dmean2": 0,
        "dvar": 0,
        "dvar2": 0,
        "max": 1,
        "mean": 1,
        "median": 1,
        "min": 1,
        "var": 0
    },
    "silence_rate_30dB": {
        "dmean": 0,
        "dmean2": 0,
        "dvar": 0,
        "dvar2": 0,
        "max": 1,
        "mean": 1,
        "median": 1,
        "min": 1,
        "var": 0
    },
    "silence_rate_60dB": {
        "dmean": 0.00154918665066,
        "dmean2": 0.00309957377613,
        "dvar": 0.00154677091632,
        "dvar2": 0.00386484875344,
        "max": 1,
        "mean": 0.00851722806692,
        "median": 0,
        "min": 0,
        "var": 0.00844462122768
    },
    "spectral_centroid": {
        "dmean": 246.327941895,
        "dmean2": 406.905700684,
        "dvar": 41843.828125,
        "dvar2": 113247.476562,
        "max": 3084.390625,
        "mean": 1984.43823242,
        "median": 1988.11816406,
        "min": 566.90826416,
        "var": 145524.546875
    },
    "spectral_complexity": {
        "dmean": 5.71882247925,
        "dmean2": 9.21580791473,
        "dvar": 23.6549053192,
        "dvar2": 56.7330551147,
        "max": 57,
        "mean": 32.7274475098,
        "median": 33,
        "min": 0,
        "var": 67.781791687
    },
    "spectral_decrease": {
        "dmean": 3.54489237964e-09,
        "dmean2": 5.87856696654e-09,
        "dvar": 1.26333880476e-17,
        "dvar2": 3.31326036305e-17,
        "max": -1.35815173669e-13,
        "mean": -1.07228590451e-08,
        "median": -9.95039961538e-09,
        "min": -3.05007965551e-08,
        "var": 1.9145381482e-17
    },
    "spectral_energy": {
        "dmean": 0.0138502921909,
        "dmean2": 0.0229482874274,
        "dvar": 0.000187266050489,
        "dvar2": 0.000488787482027,
        "max": 0.118951104581,
        "mean": 0.0438041985035,
        "median": 0.0410259179771,
        "min": 5.43953092347e-07,
        "var": 0.000295594596537
    },
    "spectral_energyband_high": {
        "dmean": 0.000760439666919,
        "dmean2": 0.00127275520936,
        "dvar": 1.14082388336e-06,
        "dvar2": 2.86213844447e-06,
        "max": 0.0185917317867,
        "mean": 0.00160211336333,
        "median": 0.00125934998505,
        "min": 1.71553438122e-08,
        "var": 1.69754707713e-06
    },
    "spectral_energyband_low": {
        "dmean": 0.0118556274101,
        "dmean2": 0.0199152883142,
        "dvar": 0.000167185789905,
        "dvar2": 0.000442946708063,
        "max": 0.0930907353759,
        "mean": 0.0228544678539,
        "median": 0.0196837168187,
        "min": 3.40330217341e-07,
        "var": 0.000206951663131
    },
    "spectral_energyband_middle_high": {
        "dmean": 0.00327778607607,
        "dmean2": 0.00507054943591,
        "dvar": 1.18891994134e-05,
        "dvar2": 2.53756898019e-05,
        "max": 0.0487708076835,
        "mean": 0.0122299185023,
        "median": 0.0107802674174,
        "min": 1.06588068149e-07,
        "var": 5.09749042976e-05
    },
    "spectral_energyband_middle_low": {
        "dmean": 0.00366649287753,
        "dmean2": 0.00597674772143,
        "dvar": 1.76627727342e-05,
        "dvar2": 4.38488314103e-05,
        "max": 0.0450712442398,
        "mean": 0.00798705872148,
        "median": 0.00632682722062,
        "min": 9.07358668201e-08,
        "var": 2.99029525195e-05
    },
    "spectral_entropy": {
        "dmean": 0.117616415024,
        "dmean2": 0.187738403678,
        "dvar": 0.010833049193,
        "dvar2": 0.0247392132878,
        "max": 8.53872489929,
        "mean": 7.84538841248,
        "median": 7.84607648849,
        "min": 7.11231517792,
        "var": 0.0324244685471
    },
    "spectral_flux": {
        "dmean": 0.0287609212101,
        "dmean2": 0.0451054014266,
        "dvar": 0.000607195310295,
        "dvar2": 0.00141309795436,
        "max": 0.262374162674,
        "mean": 0.118024267256,
        "median": 0.115602612495,
        "min": 0.000737531750929,
        "var": 0.00150839670096
    },
    "spectral_kurtosis": {
        "dmean": 1.19440698624,
        "dmean2": 2.1070523262,
        "dvar": 1.10876131058,
        "dvar2": 3.29938173294,
        "max": 12.2341690063,
        "mean": 2.10802459717,
        "median": 1.88028287888,
        "min": -0.733572006226,
        "var": 1.6837477684
    },
    "spectral_rms": {
        "dmean": 0.00101330317557,
        "dmean2": 0.00166422058828,
        "dvar": 8.70977260092e-07,
        "dvar2": 2.24594441534e-06,
        "max": 0.0107726436108,
        "mean": 0.00639848643914,
        "median": 0.00632655387744,
        "min": 2.3036622224e-05,
        "var": 1.79513529019e-06
    },
    "spectral_rolloff": {
        "dmean": 590.679931641,
        "dmean2": 1005.58642578,
        "dvar": 654761.0625,
        "dvar2": 1580342,
        "max": 8527.1484375,
        "mean": 1842.70385742,
        "median": 1765.72265625,
        "min": 107.666015625,
        "var": 930499.125
    },
    "spectral_skewness": {
        "dmean": 0.187102586031,
        "dmean2": 0.320389449596,
        "dvar": 0.0260111056268,
        "dvar2": 0.0752782821655,
        "max": 2.78619861603,
        "mean": 0.951777935028,
        "median": 0.952036201954,
        "min": 0.290645778179,
        "var": 0.0584565326571
    },
    "spectral_spread": {
        "dmean": 335075.53125,
        "dmean2": 491474.21875,
        "dvar": 154328432640,
        "dvar2": 260254416896,
        "max": 8871037,
        "mean": 3873252.5,
        "median": 3737983.25,
        "min": 2552651.25,
        "var": 536643698688
    },
    "spectral_strongpeak": {
        "dmean": 0.531270384789,
        "dmean2": 0.979703903198,
        "dvar": 1.52625584602,
        "dvar2": 4.17521858215,
        "max": 10.3789596558,
        "mean": 0.679069519043,
        "median": 0.414410978556,
        "min": 0.00118988833856,
        "var": 1.1706854105
    },
    "zerocrossingrate": {
        "dmean": 0.00909239426255,
        "dmean2": 0.0118297999725,
        "dvar": 7.51921106712e-05,
        "dvar2": 0.000115970637125,
        "max": 0.1689453125,
        "mean": 0.0645593628287,
        "median": 0.06298828125,
        "min": 0.01611328125,
        "var": 0.000342932500644
    },
    "barkbands": {
        "dmean": [0.000241295143496, 0.00835380144417, 0.00533650349826, 0.00113606802188, 0.00184824073222, 0.000691178487614, 0.000674087554216, 0.000646535307169, 0.000692970410455, 0.000799265049864, 0.000800948939286, 0.000633347663097, 0.00103349389974, 0.000625983520877, 0.000834302336443, 0.000576917198487, 0.000705299433321, 0.000436131667811, 0.000414902664488, 0.000300978106679, 0.000270463700872, 0.000206897093449, 0.00014306504454, 0.000119163458294, 3.05644825858e-05, 2.88701773599e-08, 1.68635483355e-09],
        "dmean2": [0.00037941581104, 0.0139099322259, 0.00925938412547, 0.00198686355725, 0.00314614898525, 0.00111598253716, 0.00110414030496, 0.00105454411823, 0.00112004298717, 0.00124833767768, 0.00125967105851, 0.000978224328719, 0.00167583778966, 0.00100138690323, 0.0012841593707, 0.000920312362723, 0.00112496665679, 0.000718132359907, 0.000683356891386, 0.000506886513904, 0.000469688558951, 0.000341565842973, 0.000246989977313, 0.000183245108929, 4.59023794974e-05, 4.60961118165e-08, 3.14215897745e-09],
        "dvar": [9.8593396558e-08, 9.32451803237e-05, 4.67205063615e-05, 1.56980593147e-06, 9.45652936934e-06, 1.61958621447e-06, 1.65937842667e-06, 1.41636348872e-06, 1.73236799128e-06, 2.78428842648e-06, 3.58168995263e-06, 2.03246145247e-06, 3.43733427144e-06, 1.3794675624e-06, 3.39902362612e-06, 1.12783754957e-06, 1.1135218756e-06, 2.93377439675e-07, 2.34362886431e-07, 1.18966745788e-07, 1.25035739984e-07, 5.81965586832e-08, 5.51057937059e-08, 2.25931913178e-07, 1.4653136482e-08, 1.16674180625e-14, 4.18641401969e-18],
        "dvar2": [2.1626999569e-07, 0.000253659090959, 0.000127811275888, 4.41004976892e-06, 2.40485369432e-05, 4.11182327298e-06, 4.22524135502e-06, 3.37102301273e-06, 4.09924950873e-06, 5.97405141889e-06, 8.17354521132e-06, 4.24528070653e-06, 8.15050771052e-06, 3.12766269417e-06, 7.48315687815e-06, 2.51410051533e-06, 2.58076397586e-06, 7.29305781988e-07, 5.94534924403e-07, 3.00756425986e-07, 3.37873103717e-07, 1.4818863292e-07, 1.42882683463e-07, 5.38288816188e-07, 3.41506627421e-08, 3.02932829375e-14, 1.36654579892e-17],
        "max": [0.0024129266385, 0.0702856257558, 0.0671614855528, 0.0113836489618, 0.0294089913368, 0.0262606106699, 0.018170081079, 0.0186184141785, 0.0181194823235, 0.0341671705246, 0.0351125784218, 0.0421155355871, 0.0287788491696, 0.0171822831035, 0.0382014550269, 0.017406668514, 0.0212464015931, 0.00888293702155, 0.00893851928413, 0.00535661866888, 0.00348408427089, 0.00297268852592, 0.00465270783752, 0.0130534190685, 0.00277830869891, 2.49745608016e-06, 2.08368557963e-08],
        "mean": [0.000239688670263, 0.0132092218846, 0.00863698031753, 0.00151864893269, 0.00220240768977, 0.00115804397501, 0.00102013733704, 0.000873720273376, 0.00105265015736, 0.00135328015313, 0.00125639943872, 0.00103878427763, 0.00174208253156, 0.0010269775521, 0.00135489576496, 0.00108246866148, 0.00136416894384, 0.000844371563289, 0.000931977119762, 0.000539047818165, 0.000456801470136, 0.000432308181189, 0.000226449628826, 0.000196982000489, 4.57121132058e-05, 3.76357007781e-08, 1.33400535063e-09],
        "median": [9.11398747121e-05, 0.0108809899539, 0.00675622420385, 0.0011293834541, 0.00112618948333, 0.000639326870441, 0.000581206288189, 0.000388928718166, 0.000592587108258, 0.000581749191042, 0.000453724671388, 0.000411621993408, 0.000792781240307, 0.000486266362714, 0.000499727553688, 0.000513368169777, 0.000852444092743, 0.000665191677399, 0.00074792210944, 0.000386900675949, 0.000329593982315, 0.000331367366016, 0.000144281424582, 0.000103537880932, 1.97380613827e-05, 1.5260511077e-08, 6.13902040314e-10],
        "min": [2.15517853563e-10, 1.94498568362e-07, 1.3981406255e-07, 2.28420518056e-08, 3.60527003807e-08, 8.61769056115e-09, 1.18224485757e-09, 5.73300251716e-09, 9.32334387471e-09, 2.78422760402e-08, 2.30454366701e-09, 3.64674423992e-09, 1.1277271561e-08, 1.7288709131e-08, 3.93647781038e-09, 1.45367220483e-08, 6.90648160884e-09, 7.42530215092e-09, 1.19031575707e-08, 4.91604623676e-09, 4.3488035395e-09, 7.1300432225e-09, 1.21618104476e-09, 9.38747302115e-10, 4.75599698513e-11, 4.16301194905e-12, 5.83081846695e-12],
        "var": [1.15424754199e-07, 0.000117298746773, 5.81461499678e-05, 1.89094805592e-06, 9.58423242992e-06, 3.06507240566e-06, 2.11135807149e-06, 2.20912352233e-06, 2.38902566707e-06, 7.17819148122e-06, 8.23901791591e-06, 5.02018565385e-06, 6.67397216603e-06, 2.43069757744e-06, 6.52769631415e-06, 2.90769867206e-06, 2.6853667805e-06, 4.58324961983e-07, 5.2620993074e-07, 2.23199634775e-07, 1.6519811652e-07, 1.28887620576e-07, 7.67342172026e-08, 2.48894821198e-07, 1.73547949345e-08, 1.18918309716e-14, 3.41290398721e-18]
    },
    "erbbands": {
        "dmean": [0.211250811815, 2.07227778435, 6.50292491913, 3.73961305618, 6.73741531372, 4.92860794067, 4.72235536575, 5.93060207367, 8.90710449219, 10.0084562302, 15.152923584, 17.2709999084, 14.1906871796, 28.5610771179, 30.5593223572, 25.4716072083, 48.0202980042, 28.035785675, 40.0609931946, 33.457408905, 27.9177055359, 33.920211792, 26.4981822968, 17.0723514557, 20.2664031982, 13.7950143814, 10.8590326309, 10.1683444977, 7.7039141655, 6.12995147705, 3.55590081215, 2.83085274696, 1.71795117855, 0.656832754612, 0.0470515787601, 0.00208344939165, 0.000113143491035, 1.69654649653e-05, 9.40261634241e-06, 1.62911110237e-05],
        "dmean2": [0.347451120615, 3.54022145271, 11.3381481171, 6.45551633835, 11.6175804138, 8.33850955963, 7.66324663162, 9.55117988586, 14.4813137054, 16.4203128815, 24.7609348297, 27.8282852173, 22.4201755524, 44.2661781311, 46.4540557861, 39.1322059631, 77.8577728271, 44.4844856262, 61.3144378662, 51.7875289917, 44.4890136719, 53.5097465515, 43.9604797363, 28.0898666382, 33.4286727905, 23.0505466461, 18.74883461, 17.4576663971, 12.7652416229, 10.8479728699, 5.95297956467, 4.4983549118, 2.58483099937, 0.979178547859, 0.0707660093904, 0.00312978588045, 0.000169109873241, 2.5648610972e-05, 1.50912810568e-05, 2.68864714599e-05],
        "dvar": [0.0771429464221, 5.89509344101, 65.69581604, 19.6244525909, 117.872413635, 62.6871261597, 96.7521591187, 140.841751099, 309.432800293, 300.748901367, 867.089294434, 1191.7791748, 588.669799805, 3477.90673828, 5102.22705078, 2727.41113281, 8149.55712891, 3056.71020508, 7768.76855469, 5989.75878906, 1735.25390625, 2583.39550781, 1142.24365234, 465.711303711, 491.633178711, 298.140777588, 174.765777588, 174.606948853, 84.4535598755, 74.8642349243, 41.1189308167, 97.9551315308, 51.1485023499, 6.57471132278, 0.0286045856774, 5.62597269891e-05, 1.61636876328e-07, 2.96332780536e-09, 1.8559928594e-10, 2.45811315747e-10],
        "dvar2": [0.189784541726, 16.5728397369, 180.997451782, 53.4434204102, 310.870483398, 162.054656982, 227.941513062, 357.408111572, 790.912353516, 745.374450684, 2085.64892578, 2809.67382812, 1290.81079102, 7873.31982422, 11032.2861328, 6250.38623047, 19361.765625, 7270.90527344, 17021.7304688, 14207.7724609, 4348.80957031, 5908.68359375, 2799.03295898, 1154.04968262, 1300.33703613, 728.926879883, 468.520111084, 466.270812988, 211.098678589, 196.856079102, 105.824462891, 240.799377441, 117.5809021, 15.0308380127, 0.0679563656449, 0.000132917703013, 3.71952438627e-07, 6.79846401397e-09, 4.51744142094e-10, 6.40613562197e-10],
        "max": [1.81771945953, 16.8325824738, 73.6005630493, 38.3970336914, 82.2162857056, 122.569725037, 232.874862671, 307.477630615, 256.644683838, 242.589782715, 465.7293396, 509.223815918, 422.297149658, 1045.51391602, 1613.56079102, 1099.2734375, 1548.09936523, 972.340576172, 1990.36950684, 1465.33288574, 603.91027832, 875.031066895, 588.213745117, 479.641387939, 258.557891846, 353.225006104, 154.974517822, 130.411483765, 123.485137939, 132.508087158, 105.705818176, 288.881164551, 172.208297729, 54.3470458984, 4.16767263412, 0.179747521877, 0.00832543428987, 0.00103775586467, 0.000287730421405, 0.000159101517056],
        "mean": [0.250284165144, 3.41433238983, 10.8009138107, 6.44851160049, 7.51901006699, 6.11077070236, 7.64801120758, 9.86811828613, 14.1321487427, 14.7475633621, 21.3859577179, 26.59806633, 25.5300941467, 50.5384483337, 53.2188949585, 47.7952651978, 83.9009780884, 51.618057251, 71.2367935181, 66.1156997681, 61.5128364563, 71.9289550781, 56.8954086304, 40.2743759155, 43.6786499023, 26.7808380127, 18.3192577362, 18.8149623871, 16.5965213776, 9.27305412292, 6.11162519455, 4.74310350418, 2.74845719337, 1.02414727211, 0.0710770860314, 0.00325235608034, 0.000208901212318, 3.59975929314e-05, 3.12610682158e-05, 5.47318268218e-05],
        "median": [0.146336227655, 2.766736269, 8.87896156311, 5.48455905914, 3.80480074883, 3.21750426292, 4.28559160233, 5.13941431046, 8.17507362366, 8.24920558929, 10.65736866, 14.862121582, 15.1534576416, 22.4083156586, 24.1512031555, 24.5433330536, 40.0161247253, 29.7889308929, 34.0890388489, 24.7193698883, 36.0177841187, 48.8126335144, 46.2857666016, 32.6677627563, 36.4791374207, 19.2801208496, 13.9510164261, 13.4566802979, 12.4384975433, 5.94884490967, 3.89161229134, 2.7489991188, 1.29195964336, 0.451916366816, 0.0322803705931, 0.00152133766096, 0.000116676113976, 2.35963907471e-05, 2.86425001832e-05, 5.20510911883e-05],
        "min": [2.23846791414e-06, 5.55234109925e-05, 0.00018240234931, 8.45452523208e-05, 0.000124681348098, 0.000127623905428, 4.8437352234e-05, 9.185331146e-05, 3.5167504393e-05, 6.31776129012e-05, 0.00013149062579, 0.000215095773456, 0.000723596895114, 0.000484106887598, 8.37060943013e-05, 0.000194596708752, 0.000510376994498, 0.00061292888131, 0.000547092582565, 0.000287152884994, 0.00101945200004, 0.0003635516332, 0.000445125420811, 0.000472580461064, 0.000488581659738, 0.000154789202497, 0.000251577905146, 0.000206890515983, 0.000324468535837, 9.35977950576e-05, 2.39923956542e-05, 2.39197888732e-05, 9.16872340895e-06, 1.55248653755e-06, 7.42986898672e-08, 1.65888121018e-08, 8.14701106577e-09, 3.97165944577e-09, 9.45844069733e-10, 7.36213923158e-10],
        "var": [0.0797169357538, 7.21740722656, 77.6939697266, 22.2725334167, 108.593559265, 72.8291702271, 150.313201904, 297.189300537, 410.970336914, 454.571624756, 1193.15039062, 1634.56640625, 1291.82067871, 8511.53808594, 11878.7382812, 6578.73339844, 15601.5976562, 4925.98583984, 14836.2714844, 17161.5957031, 5758.28417969, 6472.86572266, 2014.09777832, 1007.18902588, 926.453552246, 607.811950684, 227.524871826, 283.774383545, 199.970062256, 100.718322754, 60.2845726013, 103.033164978, 60.5073204041, 8.17905712128, 0.0336278937757, 6.68514767312e-05, 2.01671895184e-07, 3.75560249566e-09, 2.76158651502e-10, 4.17802376029e-10]
    },
    "gfcc": {
        "mean": [36.0989723206, 114.567703247, -158.425765991, 75.8753204346, -60.2247276306, 32.3912734985, -25.5274238586, 4.76903343201, -5.21644163132, -15.3070030212, 4.50832653046, -17.83867836, 1.81021392345],
        "cov": [[1238.95666504, -156.969955444, 11.6264133453, -23.7301120758, -96.2424468994, 89.9233703613, -56.6582221985, 32.9066467285, -45.1254310608, -2.93064665794, -9.75315475464, 3.62691831589, -4.2224111557], [-156.969955444, 233.499740601, -41.2051467896, -6.35842418671, 54.151348114, -83.5376205444, 76.9405593872, -31.4405899048, 39.5939254761, -16.2230415344, 35.1725692749, -1.58359241486, 13.1917543411], [11.6264133453, -41.2051467896, 203.200042725, 31.4922332764, -52.8676719666, 25.0704746246, -64.3407897949, 24.299779892, -31.4779205322, -2.65158867836, 4.01053476334, 8.82859706879, 6.3757648468], [-23.7301120758, -6.35842418671, 31.4922332764, 119.151000977, 21.8283119202, -66.9283828735, -10.1899337769, -26.7829532623, 31.9871807098, 8.5848608017, -24.8045558929, 2.25796627998, 4.76266002655], [-96.2424468994, 54.151348114, -52.8676719666, 21.8283119202, 144.658233643, 28.1459465027, 33.6112937927, -0.266149699688, 37.7105827332, 5.42910051346, 13.5518283844, 1.49152517319, 20.8136882782], [89.9233703613, -83.5376205444, 25.0704746246, -66.9283828735, 28.1459465027, 180.404495239, 19.0178947449, 25.2626361847, -49.8554458618, -9.82079696655, 21.9696884155, 2.22345161438, -1.32788050175], [-56.6582221985, 76.9405593872, -64.3407897949, -10.1899337769, 33.6112937927, 19.0178947449, 139.692153931, -2.19671273232, 0.849549233913, -3.18103289604, 24.5773410797, -0.624752283096, -6.30991172791], [32.9066467285, -31.4405899048, 24.299779892, -26.7829532623, -0.266149699688, 25.2626361847, -2.19671273232, 79.6795578003, 19.0657863617, 5.23165512085, 1.48219537735, -0.600827157497, 5.13018321991], [-45.1254310608, 39.5939254761, -31.4779205322, 31.9871807098, 37.7105827332, -49.8554458618, 0.849549233913, 19.0657863617, 98.7696533203, 19.4465751648, -10.7160930634, -7.90828037262, 4.41468286514], [-2.93064665794, -16.2230415344, -2.65158867836, 8.5848608017, 5.42910051346, -9.82079696655, -3.18103289604, 5.23165512085, 19.4465751648, 59.3850288391, 17.3231678009, -0.786502480507, -5.17382526398], [-9.75315475464, 35.1725692749, 4.01053476334, -24.8045558929, 13.5518283844, 21.9696884155, 24.5773410797, 1.48219537735, -10.7160930634, 17.3231678009, 67.8750991821, 23.6841087341, 1.04354345798], [3.62691831589, -1.58359241486, 8.82859706879, 2.25796627998, 1.49152517319, 2.22345161438, -0.624752283096, -0.600827157497, -7.90828037262, -0.786502480507, 23.6841087341, 46.0553092957, 24.2833747864], [-4.2224111557, 13.1917543411, 6.3757648468, 4.76266002655, 20.8136882782, -1.32788050175, -6.30991172791, 5.13018321991, 4.41468286514, -5.17382526398, 1.04354345798, 24.2833747864, 48.7655296326]],
        "icov": [[0.00103909499012, -0.000828469637781, 0.00143364130054, -0.0020027582068, 0.00188204646111, -0.00192270986736, 0.00121271959506, -0.00128885894082, 0.000507812132128, -0.000235894869547, -0.000330674985889, 0.00021492545784, -0.000411832297686], [-0.000828469637781, 0.0292959809303, -0.0156209086999, 0.0259471647441, -0.0171941444278, 0.026546522975, -0.0185829941183, 0.0191549640149, -0.0120380381122, 0.0139825493097, -0.0128357708454, 0.0107049969956, -0.00732932751998], [0.00143364130054, -0.0156209086999, 0.0200788471848, -0.0241203438491, 0.0158499460667, -0.0190538894385, 0.0151395443827, -0.0163382235914, 0.00935719721019, -0.00504869828001, -0.000805916497484, -0.000695404305588, -0.000544906186406], [-0.0020027582068, 0.0259471647441, -0.0241203438491, 0.0462344400585, -0.0248967818916, 0.0321343168616, -0.0209684595466, 0.0260201878846, -0.0143631389365, 0.00742341252044, 0.002281867899, -0.000747456098907, -9.23960033106e-05], [0.00188204646111, -0.0171941444278, 0.0158499460667, -0.0248967818916, 0.0261663384736, -0.0233549419791, 0.0122269457206, -0.0128586189821, 0.00283260317519, -0.00578650413081, -0.00118732615374, 0.00150978204329, -0.00529251853004], [-0.00192270986736, 0.026546522975, -0.0190538894385, 0.0321343168616, -0.0233549419791, 0.0364512316883, -0.019316168502, 0.0168185569346, -0.00622815266252, 0.0115022817627, -0.0078841438517, 0.00669062975794, -0.00268167164177], [0.00121271959506, -0.0185829941183, 0.0151395443827, -0.0209684595466, 0.0122269457206, -0.019316168502, 0.0225490983576, -0.0147178033367, 0.00870913174003, -0.0060153901577, 0.00124713208061, -0.00340144778602, 0.00416235346347], [-0.00128885894082, 0.0191549640149, -0.0163382235914, 0.0260201878846, -0.0128586189821, 0.0168185569346, -0.0147178033367, 0.0323345661163, -0.0157798491418, 0.00682343589142, -0.00354407657869, 0.00429140077904, -0.004966895096], [0.000507812132128, -0.0120380381122, 0.00935719721019, -0.0143631389365, 0.00283260317519, -0.00622815266252, 0.00870913174003, -0.0157798491418, 0.0238244403154, -0.00955046806484, 0.00597565853968, -0.00190639519133, 0.00253955507651], [-0.000235894869547, 0.0139825493097, -0.00504869828001, 0.00742341252044, -0.00578650413081, 0.0115022817627, -0.0060153901577, 0.00682343589142, -0.00955046806484, 0.0288390200585, -0.0171870142221, 0.0102131515741, -0.00337472488172], [-0.000330674985889, -0.0128357708454, -0.000805916497484, 0.002281867899, -0.00118732615374, -0.0078841438517, 0.00124713208061, -0.00354407657869, 0.00597565853968, -0.0171870142221, 0.0391510240734, -0.0269646942616, 0.0143775716424], [0.00021492545784, 0.0107049969956, -0.000695404305588, -0.000747456098907, 0.00150978204329, 0.00669062975794, -0.00340144778602, 0.00429140077904, -0.00190639519133, 0.0102131515741, -0.0269646942616, 0.049853015691, -0.0270588323474], [-0.000411832297686, -0.00732932751998, -0.000544906186406, -9.23960033106e-05, -0.00529251853004, -0.00268167164177, 0.00416235346347, -0.004966895096, 0.00253955507651, -0.00337472488172, 0.0143775716424, -0.0270588323474, 0.038359221071]]
    },
    "melbands": {
        "dmean": [0.00204486120492, 0.00305823213421, 0.000705122365616, 0.00045592529932, 0.000154914450832, 0.000130843269289, 0.000136995804496, 0.000115182629088, 0.00012716864876, 0.000100830155134, 7.61998817325e-05, 0.000122559955344, 0.000116680093925, 6.85577178956e-05, 9.64263745118e-05, 9.18091318454e-05, 5.42244997632e-05, 6.89754378982e-05, 5.30798461114e-05, 4.20042815676e-05, 3.55615666194e-05, 3.5912347812e-05, 4.03076628572e-05, 1.99521055038e-05, 1.47030323205e-05, 1.94298572751e-05, 1.27490084196e-05, 9.11110146262e-06, 7.13005329089e-06, 7.47473495721e-06, 5.86177156947e-06, 4.89826743433e-06, 4.0505888137e-06, 3.41921054314e-06, 2.12730969906e-06, 1.89918421256e-06, 1.78875291112e-06, 1.34370498017e-06, 9.63671482168e-07, 4.41828120756e-07],
        "dmean2": [0.00335943629034, 0.00530758686364, 0.00122042477597, 0.000781972310506, 0.000252099183854, 0.000210178055568, 0.000224048897508, 0.000188378195162, 0.00020739165484, 0.000163096396136, 0.000120197291835, 0.00018946029013, 0.000180256101885, 0.000105703897134, 0.000153320492245, 0.000148471226566, 8.59581341501e-05, 0.000105978331703, 8.01396236056e-05, 6.4573585405e-05, 5.6785709603e-05, 5.69534786337e-05, 6.57045675325e-05, 3.32952549797e-05, 2.41477537202e-05, 3.19753817166e-05, 2.14713600144e-05, 1.52494567374e-05, 1.23267891468e-05, 1.30818816615e-05, 9.82174788078e-06, 8.00047473604e-06, 6.95070048096e-06, 6.09619200986e-06, 3.57797239303e-06, 3.1617314562e-06, 2.87007287625e-06, 2.03035483537e-06, 1.43098270655e-06, 6.76558101986e-07],
        "dvar": [6.02327781962e-06, 1.3042576029e-05, 6.22674633632e-07, 6.20095306658e-07, 9.14894826565e-08, 6.28245118151e-08, 7.02041091927e-08, 3.5846348112e-08, 5.99817155944e-08, 3.8847939976e-08, 1.89945463802e-08, 6.63371366727e-08, 7.69893446773e-08, 2.39711326344e-08, 2.65442601233e-08, 3.40010508637e-08, 1.25902390735e-08, 1.95555234228e-08, 1.50657868403e-08, 8.09005928915e-09, 3.27246296727e-09, 3.45312134442e-09, 3.80260001265e-09, 8.36822111605e-10, 4.16350259824e-10, 5.4480553402e-10, 2.09177133947e-10, 1.47639914183e-10, 7.00666469289e-11, 1.04918664035e-10, 5.5964569784e-11, 3.8863193913e-11, 2.72630598652e-11, 2.50990773304e-11, 1.31492637959e-11, 2.19470257939e-11, 4.92038181032e-11, 3.07677841538e-11, 1.58163794561e-11, 2.67716816597e-12],
        "dvar2": [1.58087332238e-05, 3.6177214497e-05, 1.70060445726e-06, 1.60750244049e-06, 2.10540747503e-07, 1.58439348752e-07, 1.79787562615e-07, 8.79869332948e-08, 1.43957933574e-07, 9.15784355016e-08, 4.06571309952e-08, 1.48345165485e-07, 1.69216122003e-07, 5.00096568601e-08, 6.20217477376e-08, 7.96276893311e-08, 2.95031448161e-08, 4.29669668733e-08, 3.27507727604e-08, 1.77849699412e-08, 8.02664690269e-09, 7.69277708201e-09, 9.1141520997e-09, 2.01914840403e-09, 1.0322201982e-09, 1.37835565184e-09, 5.45524680984e-10, 3.55392049123e-10, 1.86144363812e-10, 2.83110979105e-10, 1.43519959805e-10, 9.2698598797e-11, 7.1392530776e-11, 6.56259838139e-11, 3.44140063668e-11, 5.42007133619e-11, 1.22260132573e-10, 7.12026895777e-11, 3.58988082316e-11, 6.34673563704e-12],
        "max": [0.0178872104734, 0.0286269169301, 0.00614803470671, 0.00640117796138, 0.00695843854919, 0.00614779768512, 0.00396374519914, 0.00242976844311, 0.00402525672689, 0.00290175992996, 0.002754409099, 0.00481486646459, 0.00513335457072, 0.00508862454444, 0.00257370946929, 0.00323485652916, 0.0021074230317, 0.00263760681264, 0.00266502401792, 0.00167714222334, 0.000865296518896, 0.000970630266238, 0.00154456729069, 0.000534399761818, 0.000454031134723, 0.000314010860166, 0.000200940383365, 0.000270599819487, 9.15309792617e-05, 0.000124160593259, 0.000103904800199, 0.000106021143438, 6.09239432379e-05, 9.03249165276e-05, 6.2949860876e-05, 0.000108416083094, 0.000207326549571, 0.000137575043482, 7.23941702745e-05, 3.93921509385e-05],
        "mean": [0.00295823905617, 0.00544025935233, 0.00122725288384, 0.000518801214639, 0.000259080494288, 0.000219397930778, 0.000215253516217, 0.000167738413438, 0.000181859184522, 0.000154192603077, 0.00013089463755, 0.00020966687589, 0.000191686238395, 0.000114810718514, 0.000172587882844, 0.000152017484652, 8.93482938409e-05, 0.000115660237498, 8.67523922352e-05, 8.22641522973e-05, 6.96397110005e-05, 6.93863985362e-05, 7.77967215981e-05, 3.58923862223e-05, 3.06489855575e-05, 3.9702084905e-05, 2.2127684133e-05, 1.63934673765e-05, 1.13491023512e-05, 1.05054105006e-05, 1.13812911877e-05, 1.04094842754e-05, 6.60618707116e-06, 4.56579800812e-06, 3.52964434569e-06, 3.12176416628e-06, 2.83094550468e-06, 2.06742356568e-06, 1.4371389625e-06, 6.58023111555e-07],
        "median": [0.00233600428328, 0.00477293645963, 0.00105618289672, 0.000262338842731, 0.000152747510583, 0.000116419592814, 0.000122960525914, 8.98152648006e-05, 9.27796791075e-05, 8.66908594617e-05, 7.06320861354e-05, 8.83878237801e-05, 7.3212897405e-05, 4.63477772428e-05, 7.779536827e-05, 7.34343702788e-05, 4.28526727774e-05, 5.08538723807e-05, 3.17722951877e-05, 3.01506188407e-05, 3.99046912207e-05, 4.4907847041e-05, 5.26792027813e-05, 2.74866488326e-05, 2.3214295652e-05, 3.07099398924e-05, 1.68119804584e-05, 1.0951997865e-05, 8.54368590808e-06, 7.13211056791e-06, 7.83765972301e-06, 7.44012413634e-06, 4.65819266537e-06, 2.68632038569e-06, 2.24380823965e-06, 1.83589349945e-06, 1.59026410529e-06, 9.56864141699e-07, 5.93109461988e-07, 2.86202521238e-07],
        "min": [3.77946776098e-08, 9.13433737537e-08, 1.81411081712e-08, 9.30110655162e-09, 2.53224929914e-09, 1.89890680957e-09, 4.65490784807e-10, 8.87894313628e-10, 1.19761034423e-09, 1.27558164031e-09, 3.86064780145e-09, 2.33015273743e-09, 2.75659967075e-10, 2.72495914722e-10, 1.10083075988e-09, 8.86407003353e-10, 1.31654986912e-09, 1.19326548642e-09, 2.72036893012e-10, 5.50480216965e-10, 1.27520827231e-09, 3.21866533426e-10, 4.34724756193e-10, 3.5021294198e-10, 3.66455921164e-10, 5.22844101347e-10, 1.62737476272e-10, 8.91214047005e-11, 2.15645029611e-10, 8.06396824315e-11, 1.31359950695e-10, 2.02433375618e-10, 9.61850876724e-11, 3.95078102178e-11, 1.27958078161e-11, 1.37467832256e-11, 1.35499545612e-11, 7.03023056436e-12, 3.6464793858e-12, 4.13053841348e-13],
        "var": [7.02204806657e-06, 1.48420040205e-05, 7.24877224911e-07, 5.64903700706e-07, 1.59911294872e-07, 1.3141041677e-07, 9.12513868911e-08, 5.9102628569e-08, 8.10489879655e-08, 5.32489501381e-08, 4.29118216516e-08, 1.63750968341e-07, 1.81643457609e-07, 6.22428615316e-08, 6.62793624429e-08, 5.54350165771e-08, 2.01998844318e-08, 3.76575783889e-08, 2.92954478454e-08, 2.57726835429e-08, 8.57537774124e-09, 8.14033107588e-09, 8.01768607062e-09, 1.18988141562e-09, 8.45294778618e-10, 1.06842590331e-09, 3.53908097273e-10, 2.93355173486e-10, 8.79706377188e-11, 1.15611270557e-10, 1.23931948037e-10, 9.54424664301e-11, 4.03845151764e-11, 3.1815345497e-11, 2.00696612107e-11, 2.67026904061e-11, 4.83666370843e-11, 3.60201798943e-11, 1.90135303335e-11, 3.1836089754e-12]
    },
    "mfcc": {
        "mean": [-574.876281738, 102.016563416, -12.3443870544, 33.5333900452, 8.47231388092, 17.0426120758, 6.72790241241, 14.9150934219, 3.12473201752, 5.09425926208, 4.44697666168, 5.20901679993, -1.38088977337],
        "cov": [[1243.28869629, -146.765167236, 17.6977329254, -95.0700683594, -37.5670585632, 0.0757766366005, -10.7721738815, 10.343214035, -18.7849807739, 10.7604579926, -30.8437900543, 1.28144073486, -10.5685253143], [-146.765167236, 231.727661133, -79.9560623169, 36.9612922668, -22.9674377441, -6.53469419479, 19.5213623047, 13.0830764771, -3.49760198593, -1.51818501949, 20.4082164764, 8.31932163239, 1.06146383286], [17.6977329254, -79.9560623169, 240.310882568, -28.5949745178, 18.9840106964, -33.8104133606, -6.24226999283, -9.25096321106, -32.5063209534, -10.4127950668, -26.6641616821, -5.53536319733, -6.59274673462], [-95.0700683594, 36.9612922668, -28.5949745178, 219.462265015, -13.4282398224, -8.30073070526, -77.0632705688, -38.304599762, 27.7424983978, -16.4795589447, 14.8888683319, -3.91615104675, 14.3426589966], [-37.5670585632, -22.9674377441, 18.9840106964, -13.4282398224, 132.913482666, 6.88400316238, -16.2504272461, 4.53825330734, 16.2100658417, 15.8147878647, -18.0641212463, -3.7071723938, 12.1740760803], [0.0757766366005, -6.53469419479, -33.8104133606, -8.30073070526, 6.88400316238, 92.1843414307, 45.4753112793, 9.81198215485, -4.15513420105, -2.82740664482, 1.37104225159, 1.42257976532, 1.3583419323], [-10.7721738815, 19.5213623047, -6.24226999283, -77.0632705688, -16.2504272461, 45.4753112793, 132.333999634, 36.4380722046, -21.8956375122, -6.67066526413, 6.25965356827, 10.3093538284, -7.23314571381], [10.343214035, 13.0830764771, -9.25096321106, -38.304599762, 4.53825330734, 9.81198215485, 36.4380722046, 70.1502075195, 12.0800304413, 7.84898090363, -8.27130317688, -0.0793069750071, 0.513419926167], [-18.7849807739, -3.49760198593, -32.5063209534, 27.7424983978, 16.2100658417, -4.15513420105, -21.8956375122, 12.0800304413, 70.5525817871, 21.1340618134, 1.82313609123, -6.14439249039, 2.68891000748], [10.7604579926, -1.51818501949, -10.4127950668, -16.4795589447, 15.8147878647, -2.82740664482, -6.67066526413, 7.84898090363, 21.1340618134, 62.5730133057, 16.8676261902, -0.608135223389, -5.24586439133], [-30.8437900543, 20.4082164764, -26.6641616821, 14.8888683319, -18.0641212463, 1.37104225159, 6.25965356827, -8.27130317688, 1.82313609123, 16.8676261902, 68.9573898315, 19.647939682, -6.1266579628], [1.28144073486, 8.31932163239, -5.53536319733, -3.91615104675, -3.7071723938, 1.42257976532, 10.3093538284, -0.0793069750071, -6.14439249039, -0.608135223389, 19.647939682, 48.9052734375, 17.7943172455], [-10.5685253143, 1.06146383286, -6.59274673462, 14.3426589966, 12.1740760803, 1.3583419323, -7.23314571381, 0.513419926167, 2.68891000748, -5.24586439133, -6.1266579628, 17.7943172455, 50.1412620544]],
