{
"lowlevel": {
    "average_loudness": 0.946944773197,
    "barkbands_crest": {
        "dmean": 3.3754928112,
        "dmean2": 5.44287633896,
        "dvar": 10.2787227631,
        "dvar2": 23.2708396912,
        "max": 26.7948551178,
        "mean": 14.1160326004,
        "median": 13.6586637497,
        "min": 2.62117743492,
        "var": 40.6203079224
    },
    "barkbands_flatness_db": {
        "dmean": 0.0413183569908,
        "dmean2": 0.0601281635463,
        "dvar": 0.00165517500136,
        "dvar2": 0.00317975832149,
        "max": 0.493829280138,
        "mean": 0.209305346012,
        "median": 0.201973006129,
        "min": 0.0660733431578,
        "var": 0.00580441439524
    },
    "barkbands_kurtosis": {
        "dmean": 14.295955658,
        "dmean2": 21.0435791016,
        "dvar": 2645.1472168,
        "dvar2": 6080.1953125,
        "max": 1435.58874512,
        "mean": 20.045589447,
        "median": 3.61373901367,
        "min": -1.94386363029,
        "var": 3906.05444336
    },
    "barkbands_skewness": {
        "dmean": 1.2210495472,
        "dmean2": 1.73389649391,
        "dvar": 2.79973196983,
        "dvar2": 5.59723567963,
        "max": 35.7116775513,
        "mean": 2.83388376236,
        "median": 2.01964306831,
        "min": -4.42390680313,
        "var": 9.29280090332
    },
    "barkbands_spread": {
        "dmean": 9.35087490082,
        "dmean2": 13.6839370728,
        "dvar": 127.222244263,
        "dvar2": 262.031738281,
        "max": 109.433128357,
        "mean": 21.4768257141,
        "median": 15.5519981384,
        "min": 0.233535140753,
        "var": 357.917663574
    },
    "dissonance": {
        "dmean": 0.0173462796956,
        "dmean2": 0.0289588272572,
        "dvar": 0.000433879147749,
        "dvar2": 0.00115556758828,
        "max": 0.499995708466,
        "mean": 0.47057929635,
        "median": 0.480515301228,
        "min": 0.285753816366,
        "var": 0.000858797575347
    },
    "dynamic_complexity": 3.49776411057,
    "erbbands_crest": {
        "dmean": 2.68869233131,
        "dmean2": 4.16975736618,
        "dvar": 7.35606002808,
        "dvar2": 15.6789693832,
        "max": 30.7998504639,
        "mean": 8.65299987793,
        "median": 7.15478897095,
        "min": 2.32101631165,
        "var": 23.2866802216
    },
    "erbbands_flatness_db": {
        "dmean": 0.0215734187514,
        "dmean2": 0.0300649572164,
        "dvar": 0.000433865759987,
        "dvar2": 0.000816379382741,
        "max": 0.403031200171,
        "mean": 0.181516870856,
        "median": 0.169906511903,
        "min": 0.0927501171827,
        "var": 0.0024634541478
    },
    "erbbands_kurtosis": {
        "dmean": 1.0793119669,
        "dmean2": 1.64575278759,
        "dvar": 2.6157207489,
        "dvar2": 4.87261819839,
        "max": 39.3458137512,
        "mean": 0.472913503647,
        "median": -0.28146982193,
        "min": -1.81058752537,
        "var": 6.65714359283
    },
    "erbbands_skewness": {
        "dmean": 0.438437014818,
        "dmean2": 0.639517426491,
        "dvar": 0.186951681972,
        "dvar2": 0.400301396847,
        "max": 2.90774178505,
        "mean": -0.0447160154581,
        "median": -0.00722950184718,
        "min": -3.17565536499,
        "var": 0.650116384029
    },
    "erbbands_spread": {
        "dmean": 12.2743139267,
        "dmean2": 17.9518222809,
        "dvar": 152.622741699,
        "dvar2": 339.379455566,
        "max": 163.007095337,
        "mean": 44.9370422363,
        "median": 41.7902679443,
        "min": 1.46721506119,
        "var": 513.093200684
    },
    "hfc": {
        "dmean": 13.1664829254,
        "dmean2": 19.5293769836,
        "dvar": 429.181274414,
        "dvar2": 955.517822266,
        "max": 134.21786499,
        "mean": 23.3321685791,
        "median": 13.9945745468,
        "min": 1.63963941304e-05,
        "var": 667.748657227
    },
    "melbands_crest": {
        "dmean": 4.37450361252,
        "dmean2": 7.12303876877,
        "dvar": 18.9485797882,
        "dvar2": 47.3086547852,
        "max": 37.5230865479,
        "mean": 19.0013103485,
        "median": 19.7871875763,
        "min": 3.33433246613,
        "var": 45.7760429382
    },
    "melbands_flatness_db": {
        "dmean": 0.0522659271955,
        "dmean2": 0.0740112960339,
        "dvar": 0.0027197804302,
        "dvar2": 0.005058970768,
        "max": 0.61163175106,
        "mean": 0.246285900474,
        "median": 0.233237609267,
        "min": 0.0271998699754,
        "var": 0.0105356872082
    },
    "melbands_kurtosis": {
        "dmean": 27.7565822601,
        "dmean2": 40.9450531006,
        "dvar": 2654.50415039,
        "dvar2": 4900.76904297,
        "max": 873.750610352,
        "mean": 48.7630958557,
        "median": 17.6363525391,
        "min": -1.82206296921,
        "var": 7153.05664062
    },
    "melbands_skewness": {
        "dmean": 1.53408241272,
        "dmean2": 2.2311861515,
        "dvar": 2.95905971527,
        "dvar2": 6.13434123993,
        "max": 22.9226341248,
        "mean": 4.62516403198,
        "median": 3.90790772438,
        "min": -2.04397702217,
        "var": 12.4182434082
    },
    "melbands_spread": {
        "dmean": 11.1359386444,
        "dmean2": 17.0955638885,
        "dvar": 303.720947266,
        "dvar2": 638.204101562,
        "max": 228.563781738,
        "mean": 21.8924617767,
        "median": 14.4845895767,
        "min": 0.300782948732,
        "var": 698.319519043
    },
    "pitch_salience": {
        "dmean": 0.11359924078,
        "dmean2": 0.184667244554,
        "dvar": 0.0130372634158,
        "dvar2": 0.0342468544841,
        "max": 0.850923240185,
        "mean": 0.433311164379,
        "median": 0.434371203184,
        "min": 0.0265789851546,
        "var": 0.0332431234419
    },
    "silence_rate_20dB": {
        "dmean": 0,
        "dmean2": 0,
        "dvar": 0,
        "dvar2": 0,
        "max": 1,
        "mean": 1,
        "median": 1,
        "min": 1,
        "var": 0
    },
    "silence_rate_30dB": {
        "dmean": 0.102167181671,
        "dmean2": 0.204413473606,
        "dvar": 0.0917284116149,
        "dvar2": 0.209086358547,
        "max": 1,
        "mean": 0.82475823164,
        "median": 1,
        "min": 0,
        "var": 0.144531100988
    },
    "silence_rate_60dB": {
        "dmean": 0.0325077399611,
        "dmean2": 0.0650406479836,
        "dvar": 0.0314513593912,
        "dvar2": 0.068550541997,
        "max": 1,
        "mean": 0.0916827842593,
        "median": 0,
        "min": 0,
        "var": 0.0832785740495
    },
    "spectral_centroid": {
        "dmean": 399.189819336,
        "dmean2": 552.700073242,
        "dvar": 199103.265625,
        "dvar2": 347492.4375,
        "max": 6797.58447266,
        "mean": 1496.7746582,
        "median": 1317.94250488,
        "min": 149.72593689,
        "var": 833519.1875
    },
    "spectral_complexity": {
        "dmean": 6.82817316055,
        "dmean2": 9.87146759033,
        "dvar": 62.8538017273,
        "dvar2": 119.71269989,
        "max": 63,
        "mean": 17.7539653778,
        "median": 14,
        "min": 0,
        "var": 182.438995361
    },
    "spectral_decrease": {
        "dmean": 5.25275911656e-09,
        "dmean2": 7.92919330195e-09,
        "dvar": 4.37470712776e-17,
        "dvar2": 9.44129591313e-17,
        "max": -1.42181637625e-15,
        "mean": -1.39002791499e-08,
        "median": -1.01127506369e-08,
        "min": -7.0948829034e-08,
        "var": 1.68679080793e-16
    },
    "spectral_energy": {
        "dmean": 0.0203837603331,
        "dmean2": 0.0307038351893,
        "dvar": 0.000635237141978,
        "dvar2": 0.00137738941703,
        "max": 0.270027011633,
        "mean": 0.0545792318881,
        "median": 0.0419344231486,
        "min": 6.8534729003e-09,
        "var": 0.00247639650479
    },
    "spectral_energyband_high": {
        "dmean": 0.0012057966087,
        "dmean2": 0.00179184949957,
        "dvar": 5.28374312125e-06,
        "dvar2": 1.18041643873e-05,
        "max": 0.0175136998296,
        "mean": 0.00152587785851,
        "median": 0.000198185065528,
        "min": 2.61013072267e-10,
        "var": 7.15217993275e-06
    },
    "spectral_energyband_low": {
        "dmean": 0.0187757015228,
        "dmean2": 0.0291936080903,
        "dvar": 0.000703292549588,
        "dvar2": 0.00152124022134,
        "max": 0.25878149271,
        "mean": 0.0426957122982,
        "median": 0.0248083211482,
        "min": 8.61864139085e-12,
        "var": 0.00224896566942
    },
    "spectral_energyband_middle_high": {
        "dmean": 0.00289681251161,
        "dmean2": 0.00441303756088,
        "dvar": 1.87331825146e-05,
        "dvar2": 4.03649610234e-05,
        "max": 0.0463580265641,
        "mean": 0.00505073973909,
        "median": 0.00261551933363,
        "min": 5.14803044638e-09,
        "var": 4.05225619033e-05
    },
    "spectral_energyband_middle_low": {
        "dmean": 0.00406661210582,
        "dmean2": 0.0068567818962,
        "dvar": 3.66872627637e-05,
        "dvar2": 9.88401006907e-05,
        "max": 0.0526229478419,
        "mean": 0.00644397269934,
        "median": 0.00455297483131,
        "min": 1.60766677748e-09,
        "var": 4.49511426268e-05
    },
    "spectral_entropy": {
        "dmean": 0.264579683542,
        "dmean2": 0.371188491583,
        "dvar": 0.0789010971785,
        "dvar2": 0.150418952107,
        "max": 8.71478843689,
        "mean": 7.60495567322,
        "median": 7.61007452011,
        "min": 5.4706454277,
        "var": 0.241957902908
    },
    "spectral_flux": {
        "dmean": 0.0428115278482,
        "dmean2": 0.0656892433763,
        "dvar": 0.00203346973285,
        "dvar2": 0.00412976788357,
        "max": 0.398850530386,
        "mean": 0.107196964324,
        "median": 0.091657936573,
        "min": 0.000250227050856,
        "var": 0.00508499750867
    },
    "spectral_kurtosis": {
        "dmean": 1.99173343182,
        "dmean2": 3.28581833839,
        "dvar": 6.84500026703,
        "dvar2": 18.8872585297,
        "max": 35.7183494568,
        "mean": 3.04725933075,
        "median": 2.13559293747,
        "min": -1.31206703186,
        "var": 11.1784067154
    },
    "spectral_rms": {
        "dmean": 0.00132030982058,
        "dmean2": 0.00192323734518,
        "dvar": 1.92631182472e-06,
        "dvar2": 3.71523515241e-06,
        "max": 0.0162308644503,
        "mean": 0.00639977166429,
        "median": 0.00639622006565,
        "min": 2.58579098045e-06,
        "var": 1.22909104903e-05
    },
    "spectral_rolloff": {
        "dmean": 748.704345703,
        "dmean2": 1247.10620117,
        "dvar": 1633136.625,
        "dvar2": 3375581,
        "max": 10271.3378906,
        "mean": 1346.11315918,
        "median": 775.1953125,
        "min": 64.599609375,
        "var": 3050935.75
    },
    "spectral_skewness": {
        "dmean": 0.309290260077,
        "dmean2": 0.4669059515,
        "dvar": 0.0972692742944,
        "dvar2": 0.233046665788,
        "max": 4.29932594299,
        "mean": 1.16147375107,
        "median": 1.09087526798,
        "min": -0.233825787902,
        "var": 0.31426769495
    },
    "spectral_spread": {
        "dmean": 666624.6875,
        "dmean2": 943716.1875,
        "dvar": 494956216320,
        "dvar2": 919915200512,
        "max": 11535000,
        "mean": 4219049,
        "median": 4022861,
        "min": 1363118.125,
        "var": 1.88159256166e+12
    },
    "spectral_strongpeak": {
        "dmean": 0.394371807575,
        "dmean2": 0.652702212334,
        "dvar": 0.404059261084,
        "dvar2": 0.907553434372,
        "max": 10.9877843857,
        "mean": 0.714467048645,
        "median": 0.50610691309,
        "min": 0,
        "var": 0.919163286686
    },
    "zerocrossingrate": {
        "dmean": 0.0148001750931,
        "dmean2": 0.0172157417983,
        "dvar": 0.00033338641515,
        "dvar2": 0.000378831784474,
        "max": 0.373046875,
        "mean": 0.0506460033357,
        "median": 0.0419921875,
        "min": 0.0029296875,
        "var": 0.00177254423033
    },
    "barkbands": {
        "dmean": [0.00175055337604, 0.0128262843937, 0.00923313573003, 0.0019546856638, 0.00179516489152, 0.000538388383575, 0.000226831674809, 0.000235598286963, 0.000316780031426, 0.000659890472889, 0.00047211846686, 0.000571191776544, 0.000519645982422, 0.000473237683764, 0.000391461479012, 0.000241565285251, 0.000197061395738, 0.000237927000853, 0.000206070166314, 0.000225534080528, 0.000241989066126, 0.000315697281621, 0.000360104517313, 0.000200021881028, 7.55815926823e-05, 6.68305517593e-08, 1.28414712197e-09],
        "dmean2": [0.00287474552169, 0.0206296052784, 0.0150620257482, 0.00363026512787, 0.00300112063996, 0.000924584455788, 0.000365722022252, 0.000360009784345, 0.000550900585949, 0.00103677192237, 0.000735760026146, 0.000940845930018, 0.000833003490698, 0.000707227562089, 0.000630056660157, 0.000395183189539, 0.000312061922159, 0.000365038256859, 0.000312838645186, 0.000338563753758, 0.000349534297129, 0.000473686290206, 0.000573398952838, 0.00031290872721, 0.000120251301269, 1.15308147031e-07, 2.33889418944e-09],
        "dvar": [7.30214833311e-06, 0.00035184258013, 0.000293222226901, 1.30583675855e-05, 9.76779392659e-06, 9.20264767501e-07, 2.54646721487e-07, 2.6131479558e-07, 3.63784607771e-07, 1.46206355112e-06, 1.15047635063e-06, 1.46522825162e-06, 2.17898536903e-06, 7.92573871422e-07, 7.80905224929e-07, 1.93147499772e-07, 9.13127919944e-08, 1.61648372909e-07, 1.25801008721e-07, 1.43599308444e-07, 1.78549683483e-07, 3.51744063209e-07, 5.88759405673e-07, 1.93468906673e-07, 4.17412024944e-08, 4.33190538562e-14, 4.08006423551e-18],
        "dvar2": [1.76529993041e-05, 0.000869601790328, 0.000642226019409, 3.91024223063e-05, 2.38610045926e-05, 2.45372052632e-06, 6.25217580819e-07, 5.34382991191e-07, 9.74387717179e-07, 3.79297512154e-06, 2.26378119805e-06, 3.4876591144e-06, 3.65712958228e-06, 1.7147968947e-06, 1.85568080724e-06, 4.21099940695e-07, 2.10961559333e-07, 3.65404474678e-07, 2.86741880018e-07, 3.0415725405e-07, 3.46615593116e-07, 7.78342553076e-07, 1.39307508107e-06, 4.41325170186e-07, 1.03411416319e-07, 1.19700500597e-13, 1.24496646161e-17],
        "max": [0.0209508705884, 0.202317252755, 0.105133354664, 0.0317444950342, 0.0264620296657, 0.0106577891856, 0.00852545537055, 0.00947990454733, 0.00456503592432, 0.0184453688562, 0.016444735229, 0.021493345499, 0.043242059648, 0.015854369849, 0.0091921268031, 0.00354049773887, 0.00292280944996, 0.00475191185251, 0.00369425816461, 0.00378032703884, 0.00399609468877, 0.00549093680456, 0.00644026743248, 0.00325467693619, 0.00178483198397, 1.66381403233e-06, 1.66637637022e-08],
        "mean": [0.00199114764109, 0.027827532962, 0.0121157569811, 0.001672937884, 0.0021155430004, 0.000767787452787, 0.000313899741741, 0.000371997361071, 0.000402976787882, 0.0012006588513, 0.000631847768091, 0.000646846252494, 0.000611280673184, 0.000651351641864, 0.000456681795185, 0.000278909166809, 0.000258921296336, 0.000302520056721, 0.000297550286632, 0.000302459317027, 0.000318844016874, 0.000381446472602, 0.000372390408302, 0.000217573964619, 7.02783072484e-05, 5.24671008861e-08, 1.05828523722e-09],
        "median": [0.000617589976173, 0.0136427236721, 0.0016667463351, 0.000299958104733, 0.000705988612026, 0.00035429734271, 0.000139914496685, 0.000164747820236, 0.000156640773639, 0.000563583220355, 0.000157607893925, 0.000127787337988, 0.000140704127261, 0.00023029113072, 0.000120738754049, 7.58989845053e-05, 0.000102614285424, 0.000122853190987, 0.000151967411512, 9.48543020058e-05, 5.18606248079e-05, 2.65185499302e-05, 3.30513030349e-05, 2.38683023781e-05, 6.80213133819e-06, 5.49100809266e-09, 2.91085405779e-10],
        "min": [1.18118648543e-11, 3.31554380305e-12, 2.3011944455e-13, 1.25399961682e-12, 5.59691959445e-10, 3.38918337839e-10, 2.53678578144e-10, 1.01791205673e-11, 9.91581400323e-11, 4.6084361327e-10, 8.07966887839e-12, 1.80214149159e-10, 3.87177789829e-10, 2.51143637137e-12, 2.43567471747e-10, 1.74334019443e-11, 1.95945565329e-10, 1.57509716381e-09, 1.62779223434e-09, 6.24934382021e-10, 2.04920747038e-10, 1.76783258171e-11, 3.83822444314e-12, 7.3274069104e-12, 6.0567705365e-12, 4.26854732116e-12, 5.964516641e-12],
        "var": [8.94894583325e-06, 0.00119703507517, 0.000497742672451, 9.7533538792e-06, 1.07171890704e-05, 1.26550958157e-06, 3.31191444047e-07, 5.61926071896e-07, 3.93773689211e-07, 3.69919780496e-06, 2.40909048443e-06, 2.33607715927e-06, 6.26552537142e-06, 1.34097297178e-06, 9.85772203421e-07, 2.84319213506e-07, 1.49114811165e-07, 2.49700292443e-07, 2.04460135933e-07, 2.63827644176e-07, 3.35193050205e-07, 5.2184765309e-07, 5.93665674842e-07, 2.04508864954e-07, 3.68298778142e-08, 2.92091959615e-14, 3.55971262271e-18]
    },
    "erbbands": {
        "dmean": [0.402800291777, 2.90445828438, 9.26995372772, 8.99322605133, 3.7181622982, 6.69764280319, 6.85697650909, 4.26446342468, 3.87918138504, 4.46716022491, 4.25806283951, 7.29123258591, 22.4160366058, 14.7029695511, 15.9762372971, 27.1924858093, 25.390619278, 23.7999038696, 16.2232017517, 22.3717670441, 12.4937486649, 10.3900384903, 11.7965784073, 10.8721227646, 11.1403713226, 10.9735651016, 10.4930849075, 8.6008234024, 10.5457382202, 11.4273557663, 10.9677724838, 5.19161272049, 2.79128074646, 1.62539148331, 0.120975874364, 0.00540141994134, 0.000277374871075, 3.84484628739e-05, 1.65121073223e-05, 2.44655384449e-05],
        "dmean2": [0.643193900585, 4.69761896133, 15.0185146332, 15.7330532074, 6.67329645157, 11.0244178772, 11.5006170273, 7.34612512589, 6.27282476425, 6.96065711975, 6.88801860809, 12.5519800186, 34.9442977905, 23.0441379547, 25.4475784302, 44.3849067688, 40.2004737854, 35.894908905, 24.9404163361, 36.9250984192, 19.270483017, 16.3831481934, 17.9427337646, 16.6268138885, 16.8040122986, 16.5372371674, 15.669760704, 12.010641098, 15.7510128021, 17.7590446472, 17.8618850708, 8.30289459229, 4.2919383049, 2.5816283226, 0.190111771226, 0.0084675559774, 0.000431946100434, 5.94807897869e-05, 2.52820809692e-05, 3.70642992493e-05],
        "dvar": [0.343654334545, 21.1663551331, 292.501464844, 273.862243652, 60.9906272888, 134.169342041, 123.666732788, 60.9501571655, 69.7549514771, 90.5740890503, 141.008209229, 189.787322998, 1836.48303223, 1067.21740723, 1011.36175537, 3368.61035156, 4881.2734375, 1872.13452148, 870.73248291, 2609.51513672, 521.222351074, 261.047515869, 328.94140625, 333.958312988, 441.510772705, 349.480499268, 370.925079346, 210.733703613, 389.049957275, 485.011077881, 597.533996582, 129.059967041, 39.6810646057, 19.6733112335, 0.104260899127, 0.000206787473871, 4.94931157391e-07, 8.14912404223e-09, 5.75328562569e-10, 8.25881807387e-10],
        "dvar2": [0.907293021679, 50.8251800537, 613.903381348, 777.36315918, 171.410476685, 321.159759521, 301.663970947, 161.277603149, 182.040771484, 204.663696289, 287.31854248, 508.208709717, 4645.38964844, 2038.33178711, 2343.53979492, 8128.69677734, 7790.30126953, 4000.18115234, 1693.92138672, 6515.74609375, 1010.949646, 600.627807617, 699.110168457, 783.895935059, 1005.11828613, 765.040527344, 745.732055664, 384.952758789, 868.902526855, 1097.60534668, 1482.35681152, 307.210906982, 87.6161575317, 48.3802185059, 0.246740207076, 0.000489756348543, 1.1695279909e-06, 1.90642186482e-08, 1.33804112235e-09, 1.81793502474e-09],
        "max": [5.50874376297, 51.0007209778, 103.499359131, 119.615470886, 62.8728179932, 111.554130554, 102.74156189, 94.1709289551, 151.93963623, 198.559402466, 261.581085205, 122.975349426, 736.075195312, 586.890686035, 631.981750488, 1091.62463379, 2045.0144043, 817.856079102, 278.588226318, 502.903381348, 232.911590576, 163.74961853, 196.66519165, 249.667236328, 200.479919434, 173.135223389, 146.242858887, 175.894302368, 148.658889771, 195.525634766, 210.060531616, 79.5849304199, 51.1093559265, 36.156791687, 2.74747800827, 0.12131433934, 0.00530969817191, 0.000672322930768, 0.000169866485521, 0.000291939737508],
        "mean": [0.755753457546, 6.58358621597, 13.8125238419, 10.0893964767, 3.72281217575, 8.05329608917, 8.7817363739, 6.09615945816, 6.1224656105, 7.01535081863, 6.07056617737, 10.1556215286, 41.8616981506, 23.3735847473, 20.7346878052, 31.3488731384, 30.7512454987, 33.7189102173, 21.574005127, 25.5263900757, 15.7041492462, 13.7401781082, 15.281006813, 15.9847755432, 15.3070611954, 14.2544212341, 13.8064870834, 11.5914945602, 12.2638349533, 13.7710056305, 10.67557621, 5.43496227264, 3.08574175835, 1.52478396893, 0.116595812142, 0.00525373313576, 0.000294278666843, 4.28796593042e-05, 3.56835735147e-05, 6.47252090857e-05],
        "median": [0.361140549183, 3.37774586678, 3.65567851067, 2.0116648674, 1.13973236084, 2.45605587959, 3.52747392654, 2.99075126648, 2.56185364723, 3.27315878868, 2.48433542252, 4.67714881897, 16.2438335419, 10.6663780212, 7.9788942337, 7.68733263016, 8.1882724762, 13.0542268753, 7.69069385529, 6.44464111328, 5.08020353317, 5.40207386017, 6.29948425293, 8.24011611938, 6.96162843704, 4.76977109909, 2.76738834381, 1.64191639423, 0.966059744358, 0.971737027168, 0.937120378017, 0.617630422115, 0.329102069139, 0.14739702642, 0.0120506603271, 0.000572624383494, 5.51823723072e-05, 8.09373432276e-06, 2.82434975816e-05, 5.29656936124e-05],
        "min": [2.32240449094e-10, 3.55430740395e-10, 4.32471281009e-10, 7.62003793398e-09, 3.28335488575e-07, 2.6897691896e-06, 1.6127115714e-06, 3.56963823833e-06, 5.77571654503e-06, 8.06906882644e-07, 1.61260871323e-07, 1.85425039945e-06, 1.8394584913e-05, 2.66722395281e-06, 1.09177710783e-06, 1.2153447642e-05, 1.77573128894e-05, 1.07093535462e-06, 8.57270424603e-06, 5.42314865015e-06, 7.23528410163e-06, 9.26338361751e-06, 0.000105373379483, 5.64402726013e-05, 6.24223685008e-05, 3.75531162717e-05, 1.20462082123e-05, 2.66198071586e-06, 7.15863734513e-07, 2.37869471675e-07, 1.05977051135e-07, 1.18236954449e-07, 1.43466692748e-07, 9.92067796801e-08, 2.73093032632e-08, 2.15666737802e-08, 6.26170537643e-09, 2.77435607821e-09, 7.94474819266e-10, 1.03770644855e-10],
        "var": [0.972582578659, 65.6739273071, 534.026489258, 301.136077881, 51.3816490173, 157.329025269, 157.168457031, 79.2435531616, 104.306983948, 184.261642456, 306.438903809, 221.655273438, 5286.40771484, 2734.47363281, 1402.15893555, 5034.53027344, 13931.2402344, 3371.08251953, 1422.23803711, 3122.2824707, 848.52532959, 421.475097656, 554.70703125, 567.358520508, 646.77557373, 577.422729492, 655.164916992, 441.781707764, 542.794189453, 666.738647461, 546.241455078, 126.679374695, 44.0725708008, 17.4445877075, 0.0983412563801, 0.000194857479073, 4.74792528848e-07, 8.17034351286e-09, 1.03685993125e-09, 3.09404812882e-09]
    },
    "gfcc": {
        "mean": [-36.3093490601, 118.47328186, -140.937026978, 63.6038856506, -59.1479225159, 32.6705322266, -21.8840484619, 1.27963876724, -7.98492670059, -15.5253124237, 8.91505336761, -16.3801822662, 8.60014629364],
        "cov": [[8529.421875, -997.757751465, 793.259887695, 1123.28747559, -290.581329346, 1148.80651855, -181.750900269, 180.779907227, 42.7166938782, 54.875617981, -164.571182251, 12.8050384521, -20.3003406525], [-997.757751465, 1644.80981445, 3.97003865242, -354.502746582, 576.328308105, -379.884613037, 379.289428711, -119.850654602, 155.452850342, -131.579299927, 108.023742676, -166.04864502, -12.3586730957], [793.259887695, 3.97003865242, 1056.95654297, 472.934051514, 138.82598877, 447.980834961, 172.714126587, 137.177612305, 172.071624756, 64.8982009888, 27.54986763, -10.2584123611, -1.07311761379], [1123.28747559, -354.502746582, 472.934051514, 828.645141602, 161.095397949, 313.683441162, 215.183532715, 82.2316207886, 124.886245728, 55.6609802246, -19.8246231079, 53.3335266113, 12.5048732758], [-290.581329346, 576.328308105, 138.82598877, 161.095397949, 577.360351562, 0.751102507114, 340.416564941, 32.1409988403, 164.971725464, 4.64874601364, 81.7235794067, -53.6965751648, 21.5250301361], [1148.80651855, -379.884613037, 447.980834961, 313.683441162, 0.751102507114, 510.675018311, 50.9030761719, 99.7898635864, 82.5241012573, 72.65990448, 8.71019172668, 20.690788269, 2.10910844803], [-181.750900269, 379.289428711, 172.714126587, 215.183532715, 340.416564941, 50.9030761719, 435.724517822, 62.3005752563, 151.766845703, 19.1062984467, 75.9399108887, -18.6878643036, 16.1180725098], [180.779907227, -119.850654602, 137.177612305, 82.2316207886, 32.1409988403, 99.7898635864, 62.3005752563, 188.331619263, 58.183555603, 41.9659957886, 28.7277202606, 17.1255722046, 31.5576953888], [42.7166938782, 155.452850342, 172.071624756, 124.886245728, 164.971725464, 82.5241012573, 151.766845703, 58.183555603, 176.547592163, 40.2049598694, 45.5526542664, -2.65608859062, 12.0547733307], [54.875617981, -131.579299927, 64.8982009888, 55.6609802246, 4.64874601364, 72.65990448, 19.1062984467, 41.9659957886, 40.2049598694, 108.70249939, 46.5920944214, 25.6982841492, 4.5996723175], [-164.571182251, 108.023742676, 27.54986763, -19.8246231079, 81.7235794067, 8.71019172668, 75.9399108887, 28.7277202606, 45.5526542664, 46.5920944214, 101.848075867, 16.0564403534, 10.2090702057], [12.8050384521, -166.04864502, -10.2584123611, 53.3335266113, -53.6965751648, 20.690788269, -18.6878643036, 17.1255722046, -2.65608859062, 25.6982841492, 16.0564403534, 83.8144378662, 30.9668903351], [-20.3003406525, -12.3586730957, -1.07311761379, 12.5048732758, 21.5250301361, 2.10910844803, 16.1180725098, 31.5576953888, 12.0547733307, 4.5996723175, 10.2090702057, 30.9668903351, 72.6648635864]],
        "icov": [[0.000250732788118, -0.000420030846726, 0.00030100918957, -0.00054596120026, 0.00032329800888, -0.000803011411335, 0.000406701030442, -0.000323200132698, 0.000212929837289, -0.00015496382548, 0.000222969232709, 9.59362369031e-05, -2.30263813137e-05], [-0.000420030846726, 0.00417783530429, -0.00185208790936, 0.00273069133982, -0.00233311043121, 0.00351683981717, -0.00220890226774, 0.00264886184596, -0.00218603410758, 0.00340388761833, -0.0025327897165, 0.00256062741391, -0.000563634792343], [0.00030100918957, -0.00185208790936, 0.00274573336355, -0.00196849228814, 0.0011781512294, -0.00295406370424, 0.00115736643784, -0.00157989596482, 0.000145602389239, -0.0010212227935, 0.00058361311676, 5.1492741477e-05, 0.000251110468525], [-0.00054596120026, 0.00273069133982, -0.00196849228814, 0.00460603646934, -0.00222343858331, 0.0021581640467, -0.00268364162184, 0.0018773865886, -0.00144042517059, 0.00122186751105, 0.000979500007816, -0.00140658137389, 0.000489543192089], [0.00032329800888, -0.00233311043121, 0.0011781512294, -0.00222343858331, 0.00549566512927, -0.00171852298081, -0.000698219751939, -0.000907211797312, -0.00048433849588, -0.00107124086935, -0.000677634729072, 0.00185259175487, -0.00148179382086], [-0.000803011411335, 0.00351683981717, -0.00295406370424, 0.0021581640467, -0.00171852298081, 0.00765901431441, -0.00199446175247, 0.00167003960814, -0.0021091804374, 0.00121775828302, -0.00191245786846, 0.00156361202244, -0.000162184252986], [0.000406701030442, -0.00220890226774, 0.00115736643784, -0.00268364162184, -0.000698219751939, -0.00199446175247, 0.00667300447822, -0.00210099201649, -0.000501377799083, -0.000491372775286, -0.00100609869696, -0.000429505103966, 0.000352519768057], [-0.000323200132698, 0.00264886184596, -0.00157989596482, 0.0018773865886, -0.000907211797312, 0.00167003960814, -0.00210099201649, 0.00891131721437, -0.00246437406167, 0.000683081627358, -0.00208669272251, 0.00197785277851, -0.00335412472486], [0.000212929837289, -0.00218603410758, 0.000145602389239, -0.00144042517059, -0.00048433849588, -0.0021091804374, -0.000501377799083, -0.00246437406167, 0.0117804352194, -0.00397775135934, 0.000743438082282, -0.00142168893944, 0.000122770565213], [-0.00015496382548, 0.00340388761833, -0.0010212227935, 0.00122186751105, -0.00107124086935, 0.00121775828302, -0.000491372775286, 0.000683081627358, -0.00397775135934, 0.0175478234887, -0.00883669964969, 0.000443410506705, 0.00100626668427], [0.000222969232709, -0.0025327897165, 0.00058361311676, 0.000979500007816, -0.000677634729072, -0.00191245786846, -0.00100609869696, -0.00208669272251, 0.000743438082282, -0.00883669964969, 0.0195977948606, -0.00693805888295, 0.00149657274596], [9.59362369031e-05, 0.00256062741391, 5.1492741477e-05, -0.00140658137389, 0.00185259175487, 0.00156361202244, -0.000429505103966, 0.00197785277851, -0.00142168893944, 0.000443410506705, -0.00693805888295, 0.0227217692882, -0.00915330369025], [-2.30263813137e-05, -0.000563634792343, 0.000251110468525, 0.000489543192089, -0.00148179382086, -0.000162184252986, 0.000352519768057, -0.00335412472486, 0.000122770565213, 0.00100626668427, 0.00149657274596, -0.00915330369025, 0.0190075505525]]
    },
    "melbands": {
        "dmean": [0.00350240850821, 0.00415847497061, 0.00138732150663, 0.000338750396622, 0.000280242296867, 9.82323617791e-05, 5.56541817787e-05, 5.04570089106e-05, 3.54835065082e-05, 4.97665969306e-05, 0.00011253185221, 5.88628608966e-05, 5.58738829568e-05, 5.66814378544e-05, 7.02597390045e-05, 4.83791300212e-05, 4.75378146803e-05, 2.7870921258e-05, 3.36419070663e-05, 2.19740177272e-05, 1.42907683767e-05, 1.14596641652e-05, 1.0248284525e-05, 1.22439942061e-05, 8.49078060128e-06, 8.41688597575e-06, 7.82850747783e-06, 7.37602204026e-06, 6.53390998195e-06, 6.39589870843e-06, 4.86654425913e-06, 5.23120206708e-06, 8.27218809718e-06, 5.84460303799e-06, 7.36051197237e-06, 4.2196047616e-06, 2.89381273433e-06, 1.96198084268e-06, 1.80526376425e-06, 1.24576831695e-06],
        "dmean2": [0.0055287363939, 0.00671785324812, 0.00239903968759, 0.000578596722335, 0.000463607313577, 0.000168220838532, 8.95682533155e-05, 7.83591385698e-05, 5.80867636018e-05, 8.5151186795e-05, 0.00017596228281, 9.36117867241e-05, 8.90774535947e-05, 9.1482012067e-05, 0.00011575564713, 7.55049259169e-05, 7.16706781532e-05, 4.24660029239e-05, 5.49055621377e-05, 3.70303969248e-05, 2.20194560825e-05, 1.81651485036e-05, 1.68826918525e-05, 1.88844587683e-05, 1.3308819689e-05, 1.29861109599e-05, 1.21921166283e-05, 1.12448760774e-05, 9.91525212157e-06, 9.39699657465e-06, 6.98218127582e-06, 7.58437363402e-06, 1.33491412271e-05, 9.19337071537e-06, 1.20936729218e-05, 6.74773673381e-06, 4.69255246571e-06, 3.03825913761e-06, 2.77700587503e-06, 1.99695182346e-06],
        "dvar": [2.51695382758e-05, 5.20987960044e-05, 6.08328537055e-06, 4.48489572591e-07, 2.07030055321e-07, 3.12045393969e-08, 1.36206290691e-08, 1.0766844305e-08, 1.03751354175e-08, 8.56787352177e-09, 4.69696530558e-08, 1.60495439161e-08, 1.4206468002e-08, 1.37272557765e-08, 1.9139172025e-08, 3.31316982738e-08, 8.1915993988e-09, 2.58970622724e-09, 6.45485087603e-09, 1.79680625934e-09, 7.04930280815e-10, 3.26052240762e-10, 2.53083054513e-10, 5.00218866328e-10, 2.0903258291e-10, 2.41314634941e-10, 2.05247527307e-10, 1.61066451843e-10, 1.49315226849e-10, 1.32500871386e-10, 6.96808721834e-11, 9.15877373941e-11, 2.87600859794e-10, 1.3356912798e-10, 2.78122913588e-10, 8.47093506451e-11, 4.220275171e-11, 1.841683403e-11, 2.08133076746e-11, 1.24090928505e-11],
        "dvar2": [6.31281654933e-05, 0.00011289948452, 1.70514922502e-05, 1.13693738513e-06, 4.92929018492e-07, 8.23985075726e-08, 3.52954181437e-08, 2.44515732106e-08, 2.12326973781e-08, 2.29075407532e-08, 1.19843122093e-07, 3.18170805258e-08, 3.18328758908e-08, 3.21345829946e-08, 4.67268179705e-08, 4.96249441539e-08, 1.79642150044e-08, 5.35477084895e-09, 1.62630922063e-08, 4.40552838654e-09, 1.34756195092e-09, 7.59767249114e-10, 6.34225949536e-10, 1.16180631782e-09, 5.09101261148e-10, 5.55343548925e-10, 4.65306571051e-10, 3.58320151328e-10, 3.05828362634e-10, 2.86726559162e-10, 1.2978933206e-10, 1.89510435122e-10, 7.1119032885e-10, 3.04160779896e-10, 6.92256807433e-10, 2.08496164777e-10, 1.02314053063e-10, 4.09896908082e-11, 4.85895143565e-11, 3.08099552815e-11],
        "max": [0.0510252527893, 0.0519818924367, 0.017602596432, 0.00468552205712, 0.00456723477691, 0.00190153159201, 0.00203982531093, 0.00200969260186, 0.00230330158956, 0.000797165383119, 0.00362487277016, 0.00215953355655, 0.00268314825371, 0.00211994838901, 0.00250435085036, 0.00578916212544, 0.00187455501873, 0.000500416441355, 0.000836997467559, 0.000348133908119, 0.000328064517817, 0.000191467959667, 0.000128092142404, 0.00028551829746, 0.000205649324926, 0.000155929490575, 0.000155686386279, 0.000120272328786, 0.00011228746007, 0.000113210830023, 9.34897252591e-05, 8.5726758698e-05, 0.000155113666551, 9.71880945144e-05, 0.000149417348439, 7.26346916053e-05, 4.5672426495e-05, 3.85257408198e-05, 4.26502701885e-05, 2.80442582152e-05],
        "mean": [0.00776420813054, 0.00784178264439, 0.00162261270452, 0.000368571025319, 0.000368292327039, 0.000143529789057, 8.66790142027e-05, 7.94720399426e-05, 4.624423309e-05, 7.07689250703e-05, 0.000208753641346, 8.91976887942e-05, 7.15117857908e-05, 6.83675534674e-05, 7.63532007113e-05, 6.18666017544e-05, 6.62836537231e-05, 3.44964137184e-05, 3.80459350708e-05, 2.51173041761e-05, 1.76602661668e-05, 1.46258053064e-05, 1.28607271108e-05, 1.46440470417e-05, 1.26077302411e-05, 1.14463455247e-05, 1.01850655483e-05, 9.37076492846e-06, 8.4710536612e-06, 7.9507162809e-06, 6.47505294182e-06, 6.00835437581e-06, 9.09737627808e-06, 7.02305078448e-06, 6.92484900355e-06, 4.17216551796e-06, 2.9654552236e-06, 2.1989844754e-06, 1.8011580778e-06, 1.124847131e-06],
        "median": [0.00410526245832, 0.00348576647229, 0.000342400540831, 0.000124836078612, 0.000143888188177, 6.7759603553e-05, 3.68184737454e-05, 3.69485642295e-05, 1.67621328728e-05, 3.15321449307e-05, 8.16957399365e-05, 3.78525146516e-05, 2.01333714358e-05, 2.0091107217e-05, 1.97209683392e-05, 1.18859270515e-05, 2.50697412412e-05, 1.1156542314e-05, 9.34287709242e-06, 6.39001927993e-06, 5.42743555343e-06, 5.43394844499e-06, 5.18318802278e-06, 5.72049384573e-06, 6.50854371997e-06, 5.11628650202e-06, 3.81340805689e-06, 2.85369492303e-06, 1.78194557066e-06, 1.26666429878e-06, 7.9028205846e-07, 5.07214963363e-07, 5.31676505489e-07, 5.51545952021e-07, 5.58906549486e-07, 4.33637239894e-07, 3.55599752311e-07, 2.32254109278e-07, 1.71006675487e-07, 1.02291650705e-07],
        "min": [2.06522299262e-12, 2.24306711443e-13, 3.05455834237e-12, 1.04908359777e-10, 8.01107929993e-11, 8.3468482126e-11, 7.84923515074e-11, 5.17449451343e-12, 6.47015373136e-13, 1.57031575243e-11, 9.23717352608e-11, 1.05868543099e-11, 1.05090317958e-12, 1.80580533166e-11, 5.3132397787e-11, 1.94472042636e-11, 3.04762752578e-13, 9.3428832379e-12, 2.08383813677e-11, 2.08624689247e-13, 1.25688235861e-11, 9.01841535478e-12, 3.6457576541e-11, 1.01485445048e-10, 3.64272223496e-11, 8.82095785304e-11, 2.31618803997e-11, 1.94357707012e-11, 9.79793069594e-12, 1.66312981182e-12, 1.05136006238e-12, 4.06766471634e-13, 3.00046662863e-13, 6.18863074393e-14, 4.47062837596e-14, 8.84466789088e-14, 6.4985567112e-14, 1.04704758047e-13, 9.27574599703e-14, 8.32002517012e-14],
        "var": [9.39098899835e-05, 0.000105815466668, 7.2821512731e-06, 4.23142097361e-07, 2.71395776963e-07, 4.46309371682e-08, 2.03323988757e-08, 2.16485247506e-08, 2.16580087198e-08, 1.09914539692e-08, 1.31812896598e-07, 3.9245236394e-08, 2.24475122934e-08, 2.01741752193e-08, 2.61652921552e-08, 1.08134692312e-07, 1.37755957752e-08, 4.01979738385e-09, 7.4149149043e-09, 2.45024422973e-09, 1.11960729576e-09, 5.14175035882e-10, 3.44940437325e-10, 6.8433669842e-10, 3.41970146644e-10, 3.60607377292e-10, 2.89654966679e-10, 2.67669136855e-10, 2.61872135088e-10, 2.14081821714e-10, 1.47155732044e-10, 1.43850611978e-10, 3.2366964664e-10, 1.73696723671e-10, 2.48126547087e-10, 7.9193353264e-11, 3.96814837933e-11, 2.07404284719e-11, 2.06554079396e-11, 1.06674981348e-11]
    },
    "mfcc": {
        "mean": [-655.203796387, 112.511276245, 0.14798758924, 26.1772842407, 8.56485843658, 17.9668178558, 12.1915683746, 12.7802114487, -0.150621712208, 7.78691387177, -0.72919344902, -0.706926822662, -1.76515734196],
        "cov": [[8056.36376953, -1289.07446289, 690.98614502, 279.874786377, 139.199981689, 680.999145508, -15.356801033, 292.285461426, 109.106193542, 98.2466049194, 5.58242893219, -2.74578166008, 4.29610061646], [-1289.07446289, 1951.7755127, -446.94418335, 56.3847846985, 50.8725814819, -162.61138916, 114.937232971, -20.970582962, 12.2457170486, 80.5599212646, 50.685874939, 9.263463974, -59.82862854], [690.98614502, -446.94418335, 990.592102051, 78.0112228394, 145.807449341, 313.454071045, 54.4914016724, 171.297546387, 107.298797607, 85.5901107788, 99.7482147217, 62.4136199951, 72.2061691284], [279.874786377, 56.3847846985, 78.0112228394, 564.663513184, 106.212265015, 208.803253174, 154.482971191, 155.812393188, 143.050323486, 102.581680298, 74.9260559082, 64.5682067871, 33.0891685486], [139.199981689, 50.8725814819, 145.807449341, 106.212265015, 249.731399536, 136.858825684, 61.9849739075, 79.8675460815, 78.7905654907, 65.8060302734, 41.1820068359, 53.3238372803, 37.8000144958], [680.999145508, -162.61138916, 313.454071045, 208.803253174, 136.858825684, 393.210357666, 114.310966492, 142.933120728, 105.465499878, 104.50491333, 70.4233474731, 65.3465423584, 51.1920166016], [-15.356801033, 114.937232971, 54.4914016724, 154.482971191, 61.9849739075, 114.310966492, 208.874206543, 103.966896057, 79.397819519, 86.6138381958, 60.7983703613, 49.5640411377, 38.8621292114], [292.285461426, -20.970582962, 171.297546387, 155.812393188, 79.8675460815, 142.933120728, 103.966896057, 188.757659912, 110.751968384, 89.9172821045, 48.0166816711, 43.1325302124, 33.6709060669], [109.106193542, 12.2457170486, 107.298797607, 143.050323486, 78.7905654907, 105.465499878, 79.397819519, 110.751968384, 148.730911255, 90.1470718384, 48.8980674744, 37.2738075256, 27.6615772247], [98.2466049194, 80.5599212646, 85.5901107788, 102.581680298, 65.8060302734, 104.50491333, 86.6138381958, 89.9172821045, 90.1470718384, 142.75920105, 69.9619750977, 52.0711708069, 29.640832901], [5.58242893219, 50.685874939, 99.7482147217, 74.9260559082, 41.1820068359, 70.4233474731, 60.7983703613, 48.0166816711, 48.8980674744, 69.9619750977, 93.6130981445, 51.1222381592, 33.7677993774], [-2.74578166008, 9.263463974, 62.4136199951, 64.5682067871, 53.3238372803, 65.3465423584, 49.5640411377, 43.1325302124, 37.2738075256, 52.0711708069, 51.1222381592, 95.7283401489, 53.0709762573], [4.29610061646, -59.82862854, 72.2061691284, 33.0891685486, 37.8000144958, 51.1920166016, 38.8621292114, 33.6709060669, 27.6615772247, 29.640832901, 33.7677993774, 53.0709762573, 78.9326400757]],
