{
"lowlevel": {
    "average_loudness": 0.981929600239,
    "barkbands_crest": {
        "dmean": 2.51881837845,
        "dmean2": 4.03121423721,
        "dvar": 6.29680395126,
        "dvar2": 15.80909729,
        "max": 24.5602550507,
        "mean": 10.3485126495,
        "median": 9.68903160095,
        "min": 2.3120174408,
        "var": 20.0613307953
    },
    "barkbands_flatness_db": {
        "dmean": 0.0172554980963,
        "dmean2": 0.0273135155439,
        "dvar": 0.000269381853286,
        "dvar2": 0.000631916802377,
        "max": 0.315223991871,
        "mean": 0.138790488243,
        "median": 0.134526789188,
        "min": 0.0653051882982,
        "var": 0.00117757578846
    },
    "barkbands_kurtosis": {
        "dmean": 1.26948285103,
        "dmean2": 2.04743313789,
        "dvar": 6.09453868866,
        "dvar2": 14.9544296265,
        "max": 58.4801559448,
        "mean": 0.692353010178,
        "median": -0.612818956375,
        "min": -1.9369790554,
        "var": 19.2392501831
    },
    "barkbands_skewness": {
        "dmean": 0.436255902052,
        "dmean2": 0.672850489616,
        "dvar": 0.237161040306,
        "dvar2": 0.504491090775,
        "max": 7.29975605011,
        "mean": 0.933931112289,
        "median": 0.757892608643,
        "min": -2.07636976242,
        "var": 0.971653699875
    },
    "barkbands_spread": {
        "dmean": 6.88022613525,
        "dmean2": 10.7177562714,
        "dvar": 46.0457420349,
        "dvar2": 103.48374939,
        "max": 100.039260864,
        "mean": 38.8707084656,
        "median": 38.0359230042,
        "min": 3.81241559982,
        "var": 193.547180176
    },
    "dissonance": {
        "dmean": 0.0112006952986,
        "dmean2": 0.0188436266035,
        "dvar": 0.00012982080807,
        "dvar2": 0.00035523850238,
        "max": 0.499944835901,
        "mean": 0.480640381575,
        "median": 0.484235197306,
        "min": 0.367802411318,
        "var": 0.000222841044888
    },
    "dynamic_complexity": 1.5828615427,
    "erbbands_crest": {
        "dmean": 2.26996326447,
        "dmean2": 3.68806672096,
        "dvar": 5.20714187622,
        "dvar2": 12.8095970154,
        "max": 25.9400730133,
        "mean": 7.67110300064,
        "median": 6.63654851913,
        "min": 2.45843100548,
        "var": 12.8236846924
    },
    "erbbands_flatness_db": {
        "dmean": 0.013395531103,
        "dmean2": 0.0196169596165,
        "dvar": 0.000167823396623,
        "dvar2": 0.000316843099426,
        "max": 0.310743123293,
        "mean": 0.17543207109,
        "median": 0.17311193049,
        "min": 0.105459831655,
        "var": 0.000837206083816
    },
    "erbbands_kurtosis": {
        "dmean": 0.596801221371,
        "dmean2": 0.945495545864,
        "dvar": 0.487454593182,
        "dvar2": 1.18076193333,
        "max": 11.347448349,
        "mean": -0.149163842201,
        "median": -0.387905359268,
        "min": -1.74718689919,
        "var": 1.27865767479
    },
    "erbbands_skewness": {
        "dmean": 0.298444449902,
        "dmean2": 0.448314458132,
        "dvar": 0.0672358199954,
        "dvar2": 0.152538046241,
        "max": 2.13294911385,
        "mean": -0.368711262941,
        "median": -0.3767798841,
        "min": -3.15419316292,
        "var": 0.34812232852
    },
    "erbbands_spread": {
        "dmean": 7.25085496902,
        "dmean2": 11.146446228,
        "dvar": 48.5125274658,
        "dvar2": 105.709754944,
        "max": 103.350517273,
        "mean": 41.7469062805,
        "median": 39.8080253601,
        "min": 9.8891954422,
        "var": 218.689575195
    },
    "hfc": {
        "dmean": 8.07853221893,
        "dmean2": 12.0952615738,
        "dvar": 109.393516541,
        "dvar2": 255.6640625,
        "max": 133.622848511,
        "mean": 33.7955627441,
        "median": 31.2394161224,
        "min": 0.000346401357092,
        "var": 314.64453125
    },
    "melbands_crest": {
        "dmean": 3.15396809578,
        "dmean2": 5.06533479691,
        "dvar": 10.1825971603,
        "dvar2": 21.3292427063,
        "max": 31.2509098053,
        "mean": 15.8857860565,
        "median": 16.207151413,
        "min": 3.09927344322,
        "var": 33.5618286133
    },
    "melbands_flatness_db": {
        "dmean": 0.0229048449546,
        "dmean2": 0.034983035177,
        "dvar": 0.000589540635701,
        "dvar2": 0.00121340889018,
        "max": 0.372977733612,
        "mean": 0.148623749614,
        "median": 0.145416498184,
        "min": 0.0180863700807,
        "var": 0.00271142995916
    },
    "melbands_kurtosis": {
        "dmean": 5.21188926697,
        "dmean2": 8.28371810913,
        "dvar": 94.6295776367,
        "dvar2": 228.299758911,
        "max": 168.43119812,
        "mean": 9.382188797,
        "median": 4.15945672989,
        "min": -1.73949050903,
        "var": 255.687530518
    },
    "melbands_skewness": {
        "dmean": 0.686904668808,
        "dmean2": 1.05591762066,
        "dvar": 0.694068551064,
        "dvar2": 1.45562160015,
        "max": 11.0284805298,
        "mean": 2.45764183998,
        "median": 2.08353114128,
        "min": -0.390145748854,
        "var": 2.51868915558
    },
    "melbands_spread": {
        "dmean": 10.3808193207,
        "dmean2": 16.0954418182,
        "dvar": 141.933120728,
        "dvar2": 293.44152832,
        "max": 172.484771729,
        "mean": 41.5429649353,
        "median": 39.5707931519,
        "min": 2.10830307007,
        "var": 467.957275391
    },
    "pitch_salience": {
        "dmean": 0.0673466622829,
        "dmean2": 0.107322186232,
        "dvar": 0.00429517123848,
        "dvar2": 0.00945256277919,
        "max": 0.830259680748,
        "mean": 0.501655697823,
        "median": 0.49206084013,
        "min": 0.157364428043,
        "var": 0.0140602756292
    },
    "silence_rate_20dB": {
        "dmean": 0,
        "dmean2": 0,
        "dvar": 0,
        "dvar2": 0,
        "max": 1,
        "mean": 1,
        "median": 1,
        "min": 1,
        "var": 0
    },
    "silence_rate_30dB": {
        "dmean": 0,
        "dmean2": 0,
        "dvar": 0,
        "dvar2": 0,
        "max": 1,
        "mean": 1,
        "median": 1,
        "min": 1,
        "var": 0
    },
    "silence_rate_60dB": {
        "dmean": 0.00387296662666,
        "dmean2": 0.00774893444031,
        "dvar": 0.00385775300674,
        "dvar2": 0.00923785194755,
        "max": 1,
        "mean": 0.0116144018248,
        "median": 0,
        "min": 0,
        "var": 0.0114790853113
    },
    "spectral_centroid": {
        "dmean": 265.721252441,
        "dmean2": 404.978149414,
        "dvar": 51977.2695312,
        "dvar2": 122970.398438,
        "max": 4273.09472656,
        "mean": 2419.93457031,
        "median": 2437.30322266,
        "min": 474.556243896,
        "var": 276079.5
    },
    "spectral_complexity": {
        "dmean": 4.72269535065,
        "dmean2": 7.12514543533,
        "dvar": 20.0000324249,
        "dvar2": 40.5199394226,
        "max": 60,
        "mean": 31.417345047,
        "median": 32,
        "min": 0,
        "var": 103.549530029
    },
    "spectral_decrease": {
        "dmean": 2.36873187731e-09,
        "dmean2": 3.76738462649e-09,
        "dvar": 1.29813696964e-17,
        "dvar2": 3.14888832568e-17,
        "max": -5.35106389808e-14,
        "mean": -7.5194988014e-09,
        "median": -7.1654548961e-09,
        "min": -3.36943948298e-08,
        "var": 1.80421078333e-17
    },
    "spectral_energy": {
        "dmean": 0.0094266012311,
        "dmean2": 0.0148994363844,
        "dvar": 0.000194698324776,
        "dvar2": 0.000471195147838,
        "max": 0.131114587188,
        "mean": 0.0314457453787,
        "median": 0.0298255924135,
        "min": 2.3338124322e-07,
        "var": 0.000280332256807
    },
    "spectral_energyband_high": {
        "dmean": 0.000886199995875,
        "dmean2": 0.00130579504184,
        "dvar": 1.27838825392e-06,
        "dvar2": 2.8742010727e-06,
        "max": 0.0184522476047,
        "mean": 0.00271887681447,
        "median": 0.00226488523185,
        "min": 2.96063920047e-08,
        "var": 4.52404492535e-06
    },
    "spectral_energyband_low": {
        "dmean": 0.0066548413597,
        "dmean2": 0.0108843035996,
        "dvar": 0.000174872518983,
        "dvar2": 0.000428960367572,
        "max": 0.115261524916,
        "mean": 0.0138783268631,
        "median": 0.0124263213947,
        "min": 3.23202726804e-08,
        "var": 0.000216719257878
    },
    "spectral_energyband_middle_high": {
        "dmean": 0.00221412046812,
        "dmean2": 0.00338806444779,
        "dvar": 8.051979421e-06,
        "dvar2": 1.85772641998e-05,
        "max": 0.0425800010562,
        "mean": 0.00770472269505,
        "median": 0.00646381359547,
        "min": 6.88521453185e-08,
        "var": 2.75159800367e-05
    },
    "spectral_energyband_middle_low": {
        "dmean": 0.00319886696525,
        "dmean2": 0.00511096604168,
        "dvar": 2.20615238504e-05,
        "dvar2": 5.24914212292e-05,
        "max": 0.0562117621303,
        "mean": 0.00760334823281,
        "median": 0.00585546437651,
        "min": 1.05324737376e-07,
        "var": 3.90250061173e-05
    },
    "spectral_entropy": {
        "dmean": 0.101886205375,
        "dmean2": 0.142198383808,
        "dvar": 0.0106161637232,
        "dvar2": 0.0187621954829,
        "max": 8.45803070068,
        "mean": 7.80574989319,
        "median": 7.83378314972,
        "min": 6.53229284286,
        "var": 0.0620348714292
    },
    "spectral_flux": {
        "dmean": 0.0264137201011,
        "dmean2": 0.0424761325121,
        "dvar": 0.00108318112325,
        "dvar2": 0.00265712360851,
        "max": 0.314256995916,
        "mean": 0.092888854444,
        "median": 0.0813079997897,
        "min": 0.000483095471282,
        "var": 0.00185260700528
    },
    "spectral_kurtosis": {
        "dmean": 1.05742835999,
        "dmean2": 1.83515822887,
        "dvar": 0.979694724083,
        "dvar2": 2.92204713821,
        "max": 13.6015644073,
        "mean": 1.58797287941,
        "median": 1.34963560104,
        "min": -0.921276569366,
        "var": 1.5760846138
    },
    "spectral_rms": {
        "dmean": 0.000769717094954,
        "dmean2": 0.00119254330639,
        "dvar": 9.54481038207e-07,
        "dvar2": 2.16831585931e-06,
        "max": 0.0113100251183,
        "mean": 0.00535103725269,
        "median": 0.00539426924661,
        "min": 1.508936748e-05,
        "var": 2.04513435165e-06
    },
    "spectral_rolloff": {
        "dmean": 712.456665039,
        "dmean2": 1168.03271484,
        "dvar": 826357.5625,
        "dvar2": 1781263.125,
        "max": 8957.8125,
        "mean": 2596.98486328,
        "median": 2454.78515625,
        "min": 86.1328125,
        "var": 2421621
    },
    "spectral_skewness": {
        "dmean": 0.162478730083,
        "dmean2": 0.273127406836,
        "dvar": 0.0195232667029,
        "dvar2": 0.05227933079,
        "max": 2.66212487221,
        "mean": 0.709592998028,
        "median": 0.694777905941,
        "min": -0.153763726354,
        "var": 0.0551131851971
    },
    "spectral_spread": {
        "dmean": 316655.9375,
        "dmean2": 458739.21875,
        "dvar": 140497453056,
        "dvar2": 261381046272,
        "max": 11684096,
        "mean": 3915047.25,
        "median": 3813534.25,
        "min": 2197854.75,
        "var": 598571220992
    },
    "spectral_strongpeak": {
        "dmean": 0.597050845623,
        "dmean2": 1.05369603634,
        "dvar": 1.65357196331,
        "dvar2": 4.19745159149,
        "max": 13.0704069138,
        "mean": 0.81693983078,
        "median": 0.338170588017,
        "min": 0,
        "var": 1.95376181602
    },
    "zerocrossingrate": {
        "dmean": 0.0109957838431,
        "dmean2": 0.0126688266173,
        "dvar": 0.000128112675156,
        "dvar2": 0.000154322406161,
        "max": 0.27392578125,
        "mean": 0.0839034691453,
        "median": 0.08056640625,
        "min": 0.0078125,
        "var": 0.00104593671858
    },
    "barkbands": {
        "dmean": [0.000427996303188, 0.00523121375591, 0.00187716202345, 0.000418132782215, 0.00139965722337, 0.000885052315425, 0.000569106254261, 0.0006381921703, 0.000708323670551, 0.000760192633606, 0.000402790406952, 0.000535798724741, 0.000307407724904, 0.000375945237465, 0.000577233615331, 0.00039496156387, 0.000338389101671, 0.000276275823126, 0.000403703743359, 0.000395751063479, 0.000454786291812, 0.000212579441722, 0.00013459227921, 0.000117876887089, 2.52393474511e-05, 2.76739040572e-08, 1.08818580813e-08],
        "dmean2": [0.000692123838235, 0.00875491462648, 0.00320677040145, 0.000713440240361, 0.00228532706387, 0.00148215680383, 0.000945070176385, 0.00100019329693, 0.00109769112896, 0.0011471749749, 0.000614629650954, 0.000781645358074, 0.000498226319905, 0.000587628048379, 0.000931589631364, 0.000640317914076, 0.000546779134311, 0.000451311265351, 0.000673793954775, 0.000629595422652, 0.000699767842889, 0.000330725277308, 0.000198696026928, 0.000170947925653, 3.85481944249e-05, 4.48716725998e-08, 2.04248884472e-08],
        "dvar": [4.69645954126e-07, 9.96239905362e-05, 2.59770549746e-05, 5.80196001465e-07, 8.21640878712e-06, 1.79713947546e-06, 1.82091491752e-06, 2.96063672067e-06, 2.88097612611e-06, 2.87167540591e-06, 1.15473119422e-06, 1.30579826418e-06, 4.33309281789e-07, 1.03122135897e-06, 9.04529088075e-07, 5.30233307927e-07, 3.2762844171e-07, 1.67739955259e-07, 2.82908217741e-07, 2.56768316831e-07, 3.60162744073e-07, 1.70536580413e-07, 6.8730315661e-08, 8.00301265258e-08, 2.5501087908e-09, 3.40508113005e-15, 2.14081987001e-15],
        "dvar2": [1.11304814254e-06, 0.000253074918874, 6.79330623825e-05, 1.52975508172e-06, 2.10454145417e-05, 4.78211222799e-06, 4.7536486818e-06, 6.61825879433e-06, 6.83004645907e-06, 6.47698379908e-06, 2.61736067841e-06, 2.50692869486e-06, 1.10415567178e-06, 2.40102917815e-06, 2.16859712054e-06, 1.24869325191e-06, 7.42923305097e-07, 3.95748600113e-07, 7.69979408233e-07, 6.27354324934e-07, 8.29372140743e-07, 4.07313251571e-07, 1.52898763872e-07, 1.83771405204e-07, 5.30937827037e-09, 8.30949316245e-15, 6.16850981508e-15],
        "max": [0.0104239862412, 0.0940354093909, 0.0529907569289, 0.0089347679168, 0.0402949266136, 0.027916142717, 0.0182368140668, 0.0295739527792, 0.0215453132987, 0.0343748182058, 0.0223216190934, 0.0242584291846, 0.0154381264001, 0.0236792657524, 0.0117543209344, 0.0124398404732, 0.00943834427744, 0.0135405622423, 0.00625850073993, 0.00795035157353, 0.00700460700318, 0.00992577895522, 0.00665632542223, 0.0047843977809, 0.00132417411078, 1.26089310015e-06, 6.27629901828e-07],
        "mean": [0.000887953210622, 0.010924805887, 0.00188796501607, 0.000463472155388, 0.00211875303648, 0.00152255466674, 0.00081457500346, 0.00100316037424, 0.00108633388299, 0.00123876985162, 0.000647040258627, 0.000974549620878, 0.000455752306152, 0.000603718217462, 0.000989697524346, 0.000645659281872, 0.000653236114886, 0.000574513629545, 0.000898519763723, 0.000925243133679, 0.0011094706133, 0.000443994620582, 0.000269700307399, 0.000256758008618, 4.95008862345e-05, 4.15437462209e-08, 6.65891874974e-09],
        "median": [0.000170690822415, 0.00978383608162, 0.000478759931866, 0.000238578533754, 0.00117849675007, 0.00102952006273, 0.000446817808552, 0.000302783766529, 0.00039987755008, 0.000466682191473, 0.000196264998522, 0.000344790169038, 0.000222995557124, 0.000224663002882, 0.000452691951068, 0.000332538125804, 0.000445155776106, 0.00041767366929, 0.000780721893534, 0.00070680497447, 0.000767702586018, 0.000264161470113, 0.000141521857586, 0.000145561381942, 2.44025886786e-05, 1.9509313276e-08, 5.51950596339e-10],
        "min": [1.28389771037e-10, 1.99804510714e-08, 1.11262616898e-08, 1.26915067344e-09, 6.30285912351e-09, 2.52528717937e-08, 1.60736206567e-08, 7.75080266635e-09, 4.16067926778e-08, 8.21562107234e-09, 6.65742794226e-10, 9.94631399465e-09, 2.53394372152e-09, 9.40242284031e-09, 1.21084708926e-09, 9.50074685591e-09, 1.1405246525e-08, 8.35201152682e-09, 3.93811294686e-09, 7.39563388308e-09, 2.40965487563e-08, 2.43086412111e-10, 1.8077146724e-10, 1.12843934197e-09, 1.22138549274e-10, 2.41263714736e-12, 3.69940883482e-12],
        "var": [1.83788267805e-06, 0.000128812622279, 2.27178679779e-05, 5.24349900388e-07, 1.0132922398e-05, 2.76717469205e-06, 1.71102885815e-06, 5.29570479557e-06, 4.69935866931e-06, 5.03635783389e-06, 2.4230737381e-06, 3.74771775569e-06, 5.70534666622e-07, 1.64502716871e-06, 2.03422587219e-06, 8.58298506046e-07, 6.1942978391e-07, 4.08793539464e-07, 4.16889974986e-07, 6.24172855623e-07, 1.2006240695e-06, 3.86448391509e-07, 2.02163747076e-07, 1.88345651964e-07, 7.44423056531e-09, 5.93145875095e-15, 1.21463328202e-15]
    },
    "erbbands": {
        "dmean": [0.150356397033, 1.22820675373, 2.16266703606, 1.82303535938, 2.94015550613, 5.50469493866, 5.38568544388, 7.94233989716, 8.79325962067, 8.53590393066, 16.0321788788, 15.2858057022, 23.7143287659, 18.2526473999, 15.334939003, 22.8606338501, 12.7304458618, 18.9530887604, 21.9147014618, 27.162607193, 22.4838275909, 15.5444316864, 14.0552339554, 19.1979942322, 18.2018928528, 17.7604179382, 25.0667572021, 10.3828105927, 8.0008058548, 5.61370611191, 3.48270583153, 2.77088141441, 1.72288048267, 0.502092242241, 0.0249285213649, 0.00116158055607, 8.69303767104e-05, 1.77713754965e-05, 8.30226417747e-06, 1.16102919492e-05],
        "dmean2": [0.249886274338, 2.03143835068, 3.56336259842, 3.12580871582, 4.83307886124, 9.24294090271, 8.81556797028, 13.3758888245, 14.6969499588, 14.2275094986, 24.8639526367, 23.6289863586, 35.533000946, 27.3976535797, 23.293340683, 33.3427734375, 20.4633846283, 29.1751327515, 35.2180938721, 43.6679191589, 35.8666381836, 25.0443668365, 22.872592926, 32.2997398376, 30.314573288, 28.5250396729, 38.161190033, 16.2024688721, 12.5635719299, 8.56208610535, 5.13205289841, 4.16760063171, 2.52029490471, 0.732916653156, 0.0371452830732, 0.00171794893686, 0.000127872292069, 2.70280197583e-05, 1.26430477394e-05, 1.80878232641e-05],
        "dvar": [0.0747623965144, 5.87219905853, 28.9401817322, 18.8070354462, 43.6091995239, 128.382659912, 65.9988479614, 166.146865845, 383.693572998, 507.050933838, 2090.45019531, 1740.00073242, 3639.46118164, 1375.15270996, 1147.83813477, 2647.16381836, 811.065551758, 1896.58544922, 1727.48937988, 2892.41137695, 1730.81005859, 619.066223145, 416.098236084, 794.552368164, 466.191650391, 513.79498291, 1134.99523926, 198.010421753, 221.848587036, 169.926956177, 41.7935791016, 43.1144943237, 16.685125351, 1.08114564419, 0.00646113464609, 1.19511796584e-05, 3.45120056977e-08, 1.51575219043e-09, 1.75143899384e-10, 2.64302246755e-10],
        "dvar2": [0.20947124064, 14.4671621323, 71.6279144287, 50.9924201965, 106.596618652, 338.067871094, 165.376296997, 438.517181396, 965.069274902, 1332.26159668, 4762.76513672, 4149.53466797, 8390.22265625, 3217.04394531, 2672.05102539, 4968.19970703, 2082.64208984, 3985.83105469, 4086.92724609, 6734.52246094, 3985.7434082, 1465.05505371, 995.331054688, 2169.14770508, 1229.00256348, 1262.61755371, 2558.04296875, 459.133666992, 539.031188965, 407.26940918, 93.1322402954, 99.7064590454, 37.8947143555, 2.1634645462, 0.0143148638308, 2.60862343566e-05, 7.42345349636e-08, 3.75030584365e-09, 4.25478707822e-10, 6.31879104596e-10],
        "max": [2.65887475014, 22.1793498993, 54.105430603, 41.3808135986, 93.2944412231, 156.887619019, 140.89805603, 274.411193848, 332.721740723, 542.364013672, 810.657897949, 676.973205566, 1321.08557129, 734.057617188, 669.34362793, 1193.17907715, 828.804077148, 842.872436523, 686.500305176, 714.395996094, 841.238952637, 464.950927734, 595.667419434, 335.538879395, 265.782623291, 377.116149902, 425.455474854, 260.613098145, 273.349853516, 456.216247559, 139.430526733, 106.7915802, 84.3917388916, 27.8996067047, 2.0197660923, 0.090012781322, 0.00395978614688, 0.00062328268541, 0.000204311407288, 0.000150463762111],
        "mean": [0.341218113899, 2.30445337296, 2.76739144325, 1.95100271702, 3.62903094292, 7.98914480209, 9.45893383026, 12.787604332, 13.7539300919, 12.3891792297, 25.1464767456, 24.2596912384, 39.9270095825, 32.3868217468, 29.1123085022, 42.4117126465, 21.7218704224, 33.2931289673, 36.6762771606, 48.5910949707, 41.6208839417, 33.2007331848, 31.7543830872, 41.4470558167, 42.7545471191, 44.8354225159, 60.5379943848, 26.0436058044, 16.5129184723, 11.5897083282, 7.11833906174, 5.69215965271, 3.85364747047, 1.09035098553, 0.0423334017396, 0.00213300762698, 0.00019973864255, 4.17547853431e-05, 2.79306805169e-05, 4.19670614065e-05],
        "median": [0.305013984442, 1.43413221836, 1.08920121193, 0.887615442276, 1.58595144749, 4.13986444473, 5.92855501175, 8.2157497406, 8.00750160217, 6.34193325043, 7.57466173172, 9.79103088379, 15.7510433197, 14.9076766968, 13.9857883453, 15.5800533295, 12.1183309555, 14.3418645859, 20.5697040558, 22.0272216797, 23.32305336, 24.3320999146, 24.031791687, 34.4435653687, 36.956741333, 34.0897750854, 41.2423400879, 19.5700721741, 10.3196735382, 5.93405437469, 3.85663223267, 3.21726417542, 2.17497181892, 0.576430439949, 0.0172387994826, 0.000959931116085, 0.000115334696602, 2.67824507318e-05, 2.35448569583e-05, 3.90015011362e-05],
        "min": [3.51623100414e-07, 5.23933022123e-06, 1.38420073199e-05, 8.45494378154e-06, 8.94652112038e-06, 3.04821205646e-05, 2.44115581154e-05, 0.000265988259343, 0.000306488131173, 0.00019349840295, 0.000142364457133, 0.00064979569288, 0.00102193525527, 6.35307733319e-05, 0.000227068376262, 0.000256688188529, 0.000165473786183, 0.000454248656752, 7.88761244621e-05, 8.4996521764e-05, 0.000649581372272, 0.000671946851071, 0.000495734624565, 0.00030700842035, 0.000339346588589, 0.000394663278712, 0.00111046247184, 0.000318159611197, 1.73913576873e-05, 7.72609837441e-06, 7.25369591237e-06, 1.22716892292e-05, 1.94028853002e-05, 5.50510594621e-06, 1.450379159e-07, 1.52709205281e-08, 5.1043786975e-09, 2.01241401321e-09, 7.02521540941e-10, 3.79523384941e-10],
        "var": [0.110386356711, 7.71945858002, 29.8565559387, 14.4133672714, 48.024471283, 154.042785645, 136.341964722, 238.900650024, 410.122497559, 557.583007812, 3496.88623047, 2710.27026367, 6487.32421875, 2912.27905273, 2404.93554688, 7988.13183594, 1115.6105957, 3963.21826172, 2816.27050781, 6530.36474609, 3192.37451172, 1123.05126953, 991.417541504, 1107.16381836, 852.91027832, 1483.97875977, 3729.90209961, 550.875366211, 441.775115967, 472.370025635, 115.726707458, 91.3944549561, 42.4803733826, 3.4116499424, 0.0121479583904, 2.43856702582e-05, 9.07914241566e-08, 2.78618172977e-09, 3.11120323948e-10, 4.23899443325e-10]
    },
    "gfcc": {
        "mean": [18.0608558655, 103.106735229, -160.860687256, 77.0314331055, -75.1458053589, 20.6991786957, -25.2241249084, 3.01126861572, -5.90040159225, -10.879281044, 10.1446800232, -15.4933719635, 15.4054784775],
        "cov": [[2042.78820801, -323.49810791, -61.7398834229, 50.0470161438, -106.470199585, 252.816467285, -55.5562362671, 32.9495735168, 33.8803405762, 44.9655418396, -44.5817260742, 4.91454792023, -40.5450248718], [-323.49810791, 543.532409668, -27.9718914032, -32.8649406433, 189.915756226, -68.5789031982, 183.335113525, -40.3353614807, 58.1419792175, -3.76982998848, 43.8730316162, -45.9048118591, 55.869342804], [-61.7398834229, -27.9718914032, 455.696075439, 244.34928894, 35.1571960449, 92.0403060913, -0.659058392048, 113.686698914, 71.3199462891, 34.1330223083, 35.863899231, 42.5754241943, -37.9830932617], [50.0470161438, -32.8649406433, 244.34928894, 276.141815186, 90.4336242676, 58.4237976074, 42.20835495, 64.244102478, 75.1635513306, 19.2919483185, 21.5093421936, 34.2861022949, -17.321767807], [-106.470199585, 189.915756226, 35.1571960449, 90.4336242676, 238.198059082, 86.7952651978, 118.693405151, 21.351474762, 54.053894043, 28.3892116547, 44.2635955811, 4.56456327438, 47.4709892273], [252.816467285, -68.5789031982, 92.0403060913, 58.4237976074, 86.7952651978, 245.009002686, 59.1726608276, 27.3408184052, 31.6368160248, 30.8792247772, 26.2397327423, 21.7528781891, -4.93953132629], [-55.5562362671, 183.335113525, -0.659058392048, 42.20835495, 118.693405151, 59.1726608276, 202.57623291, 34.6660881042, 45.9691734314, 19.2147960663, 31.4617366791, -7.28040122986, 42.7244491577], [32.9495735168, -40.3353614807, 113.686698914, 64.244102478, 21.351474762, 27.3408184052, 34.6660881042, 156.714309692, 55.8402709961, 31.5612926483, 16.7572021484, 21.5925655365, 24.3218841553], [33.8803405762, 58.1419792175, 71.3199462891, 75.1635513306, 54.053894043, 31.6368160248, 45.9691734314, 55.8402709961, 106.7342453, 33.1193466187, 16.8886127472, 5.29540061951, 3.40597462654], [44.9655418396, -3.76982998848, 34.1330223083, 19.2919483185, 28.3892116547, 30.8792247772, 19.2147960663, 31.5612926483, 33.1193466187, 93.7610549927, 37.6776046753, 0.213554561138, 22.9927406311], [-44.5817260742, 43.8730316162, 35.863899231, 21.5093421936, 44.2635955811, 26.2397327423, 31.4617366791, 16.7572021484, 16.8886127472, 37.6776046753, 70.1904983521, 28.6747951508, 10.7034368515], [4.91454792023, -45.9048118591, 42.5754241943, 34.2861022949, 4.56456327438, 21.7528781891, -7.28040122986, 21.5925655365, 5.29540061951, 0.213554561138, 28.6747951508, 62.8759727478, 16.850358963], [-40.5450248718, 55.869342804, -37.9830932617, -17.321767807, 47.4709892273, -4.93953132629, 42.7244491577, 24.3218841553, 3.40597462654, 22.9927406311, 10.7034368515, 16.850358963, 91.7100524902]],
        "icov": [[0.000836886989418, -0.000908349116798, 0.00141938321758, -0.00165200862102, 0.0016755919205, -0.00199169572443, 0.000990808359347, -0.000902441097423, 0.000377454591217, -0.000842862937134, 0.000766333716456, -0.000215361083974, 0.0001497680787], [-0.000908349116798, 0.0121031086892, -0.00776328472421, 0.0103117097169, -0.0100453766063, 0.00973117630929, -0.00855338480324, 0.00805006921291, -0.00798934139311, 0.00683594727889, -0.00672610336915, 0.00676192063838, -0.00334330950864], [0.00141938321758, -0.00776328472421, 0.0114814396948, -0.0121950050816, 0.00858808588237, -0.00890758447349, 0.00708011910319, -0.00803445465863, 0.00525764329359, -0.00458540860564, 0.00231047021225, -0.0031453249976, 0.00297860871069], [-0.00165200862102, 0.0103117097169, -0.0121950050816, 0.0198254399002, -0.0134299397469, 0.0113141983747, -0.00922974385321, 0.00794295873493, -0.0088510280475, 0.00441179284826, -0.000943651713897, -0.000711589236744, 0.000899398874026], [0.0016755919205, -0.0100453766063, 0.00858808588237, -0.0134299397469, 0.0189594421536, -0.0122832544148, 0.0059745805338, -0.00584072154015, 0.00429257703945, -0.00295792636462, -0.000714445661288, 0.000458593160147, -0.00324776838534], [-0.00199169572443, 0.00973117630929, -0.00890758447349, 0.0113141983747, -0.0122832544148, 0.0158865377307, -0.00921588484198, 0.00711966631934, -0.0054950946942, 0.00300385872833, -0.00262332917191, 0.000402459583711, 0.00094115070533], [0.000990808359347, -0.00855338480324, 0.00708011910319, -0.00922974385321, 0.0059745805338, -0.00921588484198, 0.0151464799419, -0.00711398245767, 0.00358799821697, -0.00161619309802, -0.000463747681351, 0.00127295823768, -0.00182851566933], [-0.000902441097423, 0.00805006921291, -0.00803445465863, 0.00794295873493, -0.00584072154015, 0.00711966631934, -0.00711398245767, 0.0157203618437, -0.00914200954139, 0.00348336319439, -0.00336942006834, 0.00247682374902, -0.00517423870042], [0.000377454591217, -0.00798934139311, 0.00525764329359, -0.0088510280475, 0.00429257703945, -0.0054950946942, 0.00358799821697, -0.00914200954139, 0.0209080222994, -0.00907846167684, 0.00647364649922, -0.00562184955925, 0.00555179314688], [-0.000842862937134, 0.00683594727889, -0.00458540860564, 0.00441179284826, -0.00295792636462, 0.00300385872833, -0.00161619309802, 0.00348336319439, -0.00907846167684, 0.0245704501867, -0.0189995318651, 0.0157283246517, -0.0105762444437], [0.000766333716456, -0.00672610336915, 0.00231047021225, -0.000943651713897, -0.000714445661288, -0.00262332917191, -0.000463747681351, -0.00336942006834, 0.00647364649922, -0.0189995318651, 0.0374370776117, -0.0245161373168, 0.0112113235518], [-0.000215361083974, 0.00676192063838, -0.0031453249976, -0.000711589236744, 0.000458593160147, 0.000402459583711, 0.00127295823768, 0.00247682374902, -0.00562184955925, 0.0157283246517, -0.0245161373168, 0.0381191372871, -0.0149942561984], [0.0001497680787, -0.00334330950864, 0.00297860871069, 0.000899398874026, -0.00324776838534, 0.00094115070533, -0.00182851566933, -0.00517423870042, 0.00555179314688, -0.0105762444437, 0.0112113235518, -0.0149942561984, 0.0222581550479]]
    },
    "melbands": {
        "dmean": [0.0014134949306, 0.00126582093071, 0.000321526924381, 0.000328697584337, 0.000190315724467, 0.000177003865247, 0.000131392560434, 9.51600959525e-05, 0.000133295208798, 9.97062816168e-05, 0.000119383177662, 7.60679031373e-05, 5.64481961192e-05, 6.58671779092e-05, 3.77994292649e-05, 2.97051756206e-05, 3.78839031328e-05, 3.43028441421e-05, 4.24930876761e-05, 3.08816524921e-05, 2.83252466033e-05, 1.75580753421e-05, 1.57700906129e-05, 1.58347811521e-05, 1.71800274984e-05, 1.69543945958e-05, 1.13665291792e-05, 1.34555584737e-05, 1.95781558432e-05, 1.14635113277e-05, 5.3499184105e-06, 5.16007321494e-06, 4.10951588492e-06, 3.11046346724e-06, 2.25687404054e-06, 1.77647939381e-06, 1.85028875421e-06, 1.45691626585e-06, 8.97022971458e-07, 2.81709134242e-07],
        "dmean2": [0.0023716154974, 0.00201407913119, 0.00054358667694, 0.000541296321899, 0.000314210454235, 0.000298090599244, 0.000218665518332, 0.000155796544277, 0.000208271376323, 0.000154017732712, 0.000179357215529, 0.00011474495841, 8.50860305945e-05, 9.65982035268e-05, 5.82669417781e-05, 4.75488996017e-05, 5.85087254876e-05, 5.54780453967e-05, 6.80756056681e-05, 4.99779853271e-05, 4.52088315797e-05, 2.77628096228e-05, 2.57604388025e-05, 2.60496781266e-05, 2.91108099191e-05, 2.81369520962e-05, 1.88411231647e-05, 2.16579555854e-05, 3.01272502838e-05, 1.77311540028e-05, 8.55380130815e-06, 8.41249220684e-06, 6.31537159279e-06, 4.80410062664e-06, 3.41774898516e-06, 2.73150567409e-06, 2.80598715108e-06, 2.18752779801e-06, 1.36202083922e-06, 4.21735279588e-07],
        "dvar": [7.14905718269e-06, 7.70398401073e-06, 4.66373990093e-07, 5.42219936506e-07, 7.70888703983e-08, 8.13321179294e-08, 8.15467515736e-08, 6.16714572743e-08, 1.48099630337e-07, 6.48421405458e-08, 9.12761422001e-08, 2.4662568876e-08, 1.94126954511e-08, 1.98800993445e-08, 6.35389074688e-09, 3.78517794886e-09, 8.70983729584e-09, 5.98033844668e-09, 5.57060308992e-09, 3.23196158725e-09, 2.9759388287e-09, 9.19558762469e-10, 6.68605060206e-10, 7.39468153377e-10, 6.47627840245e-10, 4.43706127395e-10, 1.85481352499e-10, 3.3952088363e-10, 7.56004092661e-10, 2.873626892e-10, 5.38137104322e-11, 8.58284346372e-11, 9.13191883223e-11, 4.96577189091e-11, 1.67761967512e-11, 1.37226523547e-11, 2.22523197785e-11, 1.20195841127e-11, 3.2932500043e-12, 4.46367796241e-13],
        "dvar2": [1.90407554328e-05, 1.83930151252e-05, 1.23487711789e-06, 1.39027008572e-06, 2.00996325361e-07, 2.1503200287e-07, 2.07379457606e-07, 1.55688169912e-07, 3.47260851186e-07, 1.5505284523e-07, 2.10615567653e-07, 5.68061331307e-08, 4.27751984944e-08, 3.99377988458e-08, 1.38531515148e-08, 9.17214837415e-09, 1.85390227614e-08, 1.44928717916e-08, 1.33490889453e-08, 7.56797469137e-09, 6.77568179341e-09, 2.02014271977e-09, 1.72480330018e-09, 1.69430491859e-09, 1.78052017574e-09, 1.19967835666e-09, 4.87646090175e-10, 8.31682667179e-10, 1.754217549e-09, 6.29352514547e-10, 1.28542954059e-10, 2.17086293386e-10, 2.1997237365e-10, 1.2143351602e-10, 3.80424823587e-11, 3.10772969858e-11, 5.30286786704e-11, 2.80869997399e-11, 7.13671613126e-12, 9.23293125982e-13],
        "max": [0.025247996673, 0.0251449067146, 0.00642585288733, 0.00913167931139, 0.0039517772384, 0.00627635419369, 0.00428788270801, 0.00667592976242, 0.00656369514763, 0.00413393368945, 0.00662382226437, 0.00304521387443, 0.00302068353631, 0.00279805716127, 0.00145421060733, 0.00122620526236, 0.00190384720918, 0.0014063520357, 0.000857452861965, 0.000970726483501, 0.00102306669578, 0.000680260185618, 0.000500994676258, 0.00106912304182, 0.000316398683935, 0.000336868513841, 0.000169205624843, 0.000338391488185, 0.000397421972593, 0.000344956846675, 0.000133504043333, 0.000180944072781, 0.000305673718685, 0.000227150841965, 9.35287680477e-05, 7.2456394264e-05, 8.57270497363e-05, 7.64020660426e-05, 3.34777178068e-05, 1.87770310731e-05],
        "mean": [0.00314193405211, 0.0020744043868, 0.000361036043614, 0.000444069359219, 0.000337793171639, 0.000289293937385, 0.000204486568691, 0.000142065866385, 0.000203666699235, 0.000155498404638, 0.000197416404262, 0.000128903542645, 9.7696625744e-05, 0.00011905633437, 6.48690911476e-05, 4.62108328065e-05, 6.3413339376e-05, 5.18867200299e-05, 7.12975015631e-05, 5.11059515702e-05, 4.88748810312e-05, 3.41263184964e-05, 3.00657120533e-05, 3.03531724057e-05, 3.31076334987e-05, 3.52595670847e-05, 2.47519328695e-05, 3.02867374558e-05, 4.31123116869e-05, 2.52052686847e-05, 1.17224772112e-05, 9.64484479482e-06, 7.74054933572e-06, 5.91840034758e-06, 4.285668183e-06, 3.33456932822e-06, 3.60693547918e-06, 3.0045002859e-06, 1.95830671146e-06, 5.0089471415e-07],
        "median": [0.00306971324608, 0.00111118564382, 0.000171107676579, 0.000210986298043, 0.000218753266381, 0.000188563804841, 0.000118506184663, 6.51047157589e-05, 5.92710639467e-05, 6.10114839219e-05, 7.48255188228e-05, 5.29596436536e-05, 3.67930915672e-05, 4.30097461503e-05, 2.83170920738e-05, 2.44453985943e-05, 2.34118051594e-05, 2.50390949077e-05, 3.14352837449e-05, 2.60216402239e-05, 2.49665681622e-05, 2.39243126998e-05, 2.16009775613e-05, 2.09566696867e-05, 2.66295519395e-05, 2.91799333354e-05, 2.07699940802e-05, 2.14739284274e-05, 2.7630763725e-05, 1.59797364176e-05, 8.11395875644e-06, 6.05811237619e-06, 4.0109780457e-06, 2.85200280814e-06, 2.24586028708e-06, 1.82166263585e-06, 1.92557740775e-06, 1.60630168011e-06, 1.0581289871e-06, 2.2737096117e-07],
        "min": [4.46333947579e-09, 7.48588213639e-09, 1.40073685984e-09, 1.52033985401e-09, 9.12230346817e-10, 5.84849324525e-09, 4.44046799331e-09, 2.04417394123e-09, 8.39911473705e-10, 5.56777379757e-09, 5.10514963636e-09, 1.1771256192e-10, 4.0551889624e-10, 1.36188504918e-09, 1.23813639896e-10, 3.88112181282e-10, 8.52534653983e-10, 6.81894124499e-11, 8.94759127901e-11, 2.88141122073e-10, 7.54828144434e-10, 5.52858703262e-10, 5.41692801725e-10, 6.19431672622e-10, 1.91076474088e-10, 1.74747202819e-10, 3.29250543496e-10, 1.74049330504e-10, 8.58547011262e-10, 3.72595537756e-10, 3.57396924555e-11, 6.89041228588e-12, 2.24010870617e-12, 3.91657236157e-12, 3.6712885336e-12, 7.40856074405e-12, 6.45042829914e-12, 8.14519285353e-12, 1.24377235941e-11, 8.54261594189e-13],
        "var": [9.30598616833e-06, 9.14436623134e-06, 3.86951285236e-07, 6.27910935691e-07, 1.47094254999e-07, 1.16193419331e-07, 8.68207052918e-08, 7.87008929137e-08, 2.27870714298e-07, 1.00886438759e-07, 1.61202365234e-07, 5.17697600344e-08, 4.47735999387e-08, 5.31706483287e-08, 1.33435129612e-08, 5.57797497081e-09, 1.78631367476e-08, 8.23643908632e-09, 1.13889173647e-08, 5.70835112512e-09, 5.55685897297e-09, 1.74992853541e-09, 1.02879738062e-09, 1.76163572618e-09, 8.11751665886e-10, 7.95635501927e-10, 3.03752745179e-10, 8.88997875315e-10, 2.22474771938e-09, 8.31698765413e-10, 1.42697548222e-10, 1.48229137298e-10, 2.0340051865e-10, 1.36802291717e-10, 4.28823886123e-11, 3.03667577195e-11, 4.27962630611e-11, 2.80817799569e-11, 9.5425585836e-12, 1.12917466176e-12]
    },
    "mfcc": {
        "mean": [-589.975341797, 88.2533340454, -7.91724205017, 37.3865470886, -3.1194767952, 7.60239744186, 5.09904956818, 4.06764125824, 2.8035466671, 7.01694822311, -5.42376089096, 5.61825418472, -0.598708927631],
        "cov": [[2148.66723633, -364.22467041, -54.450553894, -193.384353638, -39.2419929504, 132.064712524, -49.7885017395, 30.7685623169, 3.85195088387, 54.6876525879, 12.0419750214, -42.5698394775, 18.0043640137], [-364.22467041, 564.038574219, -182.449798584, 58.9209022522, -30.0956745148, 15.9513111115, 83.145072937, -28.450214386, 48.4693145752, 38.4638252258, -12.4942684174, 23.0899982452, -19.4137039185], [-54.450553894, -182.449798584, 435.945587158, 103.724349976, 99.7686157227, 17.4330501556, -21.5808601379, 82.3509979248, -1.66204202175, 17.0322360992, 82.7046356201, 22.0333461761, 43.0161056519], [-193.384353638, 58.9209022522, 103.724349976, 265.364013672, 61.3890151978, -0.706081748009, 16.1187973022, 40.9568481445, 49.5719146729, 19.3032436371, 28.8816604614, 43.7369880676, 20.8060951233], [-39.2419929504, -30.0956745148, 99.7686157227, 61.3890151978, 169.058563232, 60.9405937195, 22.9623508453, 46.2976417542, 22.8885097504, 29.0948810577, 35.3743782043, 4.29977798462, 43.4466209412], [132.064712524, 15.9513111115, 17.4330501556, -0.706081748009, 60.9405937195, 217.389694214, 65.7183227539, 45.5374221802, 6.51337766647, 41.2051010132, 24.6582870483, -13.2366094589, 29.0883045197], [-49.7885017395, 83.145072937, -21.5808601379, 16.1187973022, 22.9623508453, 65.7183227539, 144.042770386, 31.9219532013, 45.7672920227, 33.9948997498, 6.02578735352, 18.9289150238, 19.1178283691], [30.7685623169, -28.450214386, 82.3509979248, 40.9568481445, 46.2976417542, 45.5374221802, 31.9219532013, 135.380752563, 34.04895401, 17.4818439484, 31.6512546539, 0.549996137619, 28.0869541168], [3.85195088387, 48.4693145752, -1.66204202175, 49.5719146729, 22.8885097504, 6.51337766647, 45.7672920227, 34.04895401, 115.540534973, 55.9338188171, 4.52181959152, 12.8124608994, 15.5626192093], [54.6876525879, 38.4638252258, 17.0322360992, 19.3032436371, 29.0948810577, 41.2051010132, 33.9948997498, 17.4818439484, 55.9338188171, 96.6578140259, 32.9211730957, 8.91788673401, 9.11862945557], [12.0419750214, -12.4942684174, 82.7046356201, 28.8816604614, 35.3743782043, 24.6582870483, 6.02578735352, 31.6512546539, 4.52181959152, 32.9211730957, 91.8278656006, 17.3332767487, 15.9084606171], [-42.5698394775, 23.0899982452, 22.0333461761, 43.7369880676, 4.29977798462, -13.2366094589, 18.9289150238, 0.549996137619, 12.8124608994, 8.91788673401, 17.3332767487, 78.1574172974, 21.8827953339], [18.0043640137, -19.4137039185, 43.0161056519, 20.8060951233, 43.4466209412, 29.0883045197, 19.1178283691, 28.0869541168, 15.5626192093, 9.11862945557, 15.9084606171, 21.8827953339, 76.611907959]],
