{
"lowlevel": {
    "average_loudness": 0.965096116066,
    "barkbands_crest": {
        "dmean": 2.96961832047,
        "dmean2": 4.82828187943,
        "dvar": 6.78872966766,
        "dvar2": 16.4650154114,
        "max": 24.6624622345,
        "mean": 13.9966230392,
        "median": 13.8717317581,
        "min": 3.62169790268,
        "var": 17.2629032135
    },
    "barkbands_flatness_db": {
        "dmean": 0.0456264577806,
        "dmean2": 0.0666740760207,
        "dvar": 0.00171918224078,
        "dvar2": 0.00351009191945,
        "max": 0.554298222065,
        "mean": 0.268597632647,
        "median": 0.264208167791,
        "min": 0.0778395459056,
        "var": 0.00692099705338
    },
    "barkbands_kurtosis": {
        "dmean": 8.59072875977,
        "dmean2": 13.2920064926,
        "dvar": 174.730865479,
        "dvar2": 412.513122559,
        "max": 234.446487427,
        "mean": 14.5289678574,
        "median": 8.56491374969,
        "min": -1.85602259636,
        "var": 342.117462158
    },
    "barkbands_skewness": {
        "dmean": 0.892181098461,
        "dmean2": 1.36983704567,
        "dvar": 0.792907834053,
        "dvar2": 1.82455790043,
        "max": 13.2622175217,
        "mean": 2.84647870064,
        "median": 2.53937768936,
        "min": -0.766628682613,
        "var": 2.46222519875
    },
    "barkbands_spread": {
        "dmean": 5.29628181458,
        "dmean2": 8.27913761139,
        "dvar": 65.5922470093,
        "dvar2": 143.446380615,
        "max": 87.1915054321,
        "mean": 9.99513721466,
        "median": 6.93248558044,
        "min": 0.279388904572,
        "var": 99.1139984131
    },
    "dissonance": {
        "dmean": 0.0238681342453,
        "dmean2": 0.038853507489,
        "dvar": 0.000539084488992,
        "dvar2": 0.00143103324808,
        "max": 0.500000059605,
        "mean": 0.457428663969,
        "median": 0.466281741858,
        "min": 0.25276184082,
        "var": 0.0011249728268
    },
    "dynamic_complexity": 3.15417718887,
    "erbbands_crest": {
        "dmean": 2.31970667839,
        "dmean2": 3.67961645126,
        "dvar": 4.70112705231,
        "dvar2": 11.0996341705,
        "max": 28.2457351685,
        "mean": 8.07699871063,
        "median": 7.30327987671,
        "min": 2.28777718544,
        "var": 13.4007558823
    },
    "erbbands_flatness_db": {
        "dmean": 0.0281566325575,
        "dmean2": 0.038806527853,
        "dvar": 0.000724382174667,
        "dvar2": 0.00129353161901,
        "max": 0.401632755995,
        "mean": 0.210380271077,
        "median": 0.208218663931,
        "min": 0.111020974815,
        "var": 0.00320796761662
    },
    "erbbands_kurtosis": {
        "dmean": 1.44051086903,
        "dmean2": 2.24254798889,
        "dvar": 3.98039007187,
        "dvar2": 8.91477870941,
        "max": 32.1029281616,
        "mean": 0.852870047092,
        "median": -0.00958323478699,
        "min": -1.79923272133,
        "var": 7.10038423538
    },
    "erbbands_skewness": {
        "dmean": 0.523099780083,
        "dmean2": 0.785048127174,
        "dvar": 0.26375696063,
        "dvar2": 0.591875731945,
        "max": 4.67452764511,
        "mean": 0.527044296265,
        "median": 0.561350941658,
        "min": -2.76735854149,
        "var": 0.781261205673
    },
    "erbbands_spread": {
        "dmean": 13.5866088867,
        "dmean2": 19.5869808197,
        "dvar": 213.063934326,
        "dvar2": 421.438354492,
        "max": 128.321914673,
        "mean": 38.1719360352,
        "median": 32.1166610718,
        "min": 2.67175173759,
        "var": 506.612854004
    },
    "hfc": {
        "dmean": 6.130671978,
        "dmean2": 8.88510894775,
        "dvar": 104.765213013,
        "dvar2": 232.636932373,
        "max": 86.5344314575,
        "mean": 9.51188850403,
        "median": 4.75456094742,
        "min": 0.00016120854707,
        "var": 149.140319824
    },
    "melbands_crest": {
        "dmean": 3.43857908249,
        "dmean2": 5.70306253433,
        "dvar": 10.3145570755,
        "dvar2": 25.2429237366,
        "max": 38.0399475098,
        "mean": 18.5719738007,
        "median": 18.6454849243,
        "min": 5.93844842911,
        "var": 28.3593082428
    },
    "melbands_flatness_db": {
        "dmean": 0.0565176270902,
        "dmean2": 0.0800540372729,
        "dvar": 0.00293892319314,
        "dvar2": 0.00577061576769,
        "max": 0.687435984612,
        "mean": 0.346249550581,
        "median": 0.339927017689,
        "min": 0.0680673196912,
        "var": 0.012040220201
    },
    "melbands_kurtosis": {
        "dmean": 19.5251407623,
        "dmean2": 29.2176551819,
        "dvar": 942.368041992,
        "dvar2": 1996.59472656,
        "max": 388.850952148,
        "mean": 34.0436096191,
        "median": 20.3483715057,
        "min": -1.6936814785,
        "var": 1854.64575195
    },
    "melbands_skewness": {
        "dmean": 1.23508071899,
        "dmean2": 1.86025464535,
        "dvar": 1.6104067564,
        "dvar2": 3.3080470562,
        "max": 15.5941944122,
        "mean": 4.09773445129,
        "median": 3.65666699409,
        "min": -0.213588893414,
        "var": 4.76191902161
    },
    "melbands_spread": {
        "dmean": 4.18058252335,
        "dmean2": 6.69822311401,
        "dvar": 49.1216964722,
        "dvar2": 122.451858521,
        "max": 105.771713257,
        "mean": 8.22115802765,
        "median": 5.50369215012,
        "min": 0.366779714823,
        "var": 70.9861831665
    },
    "pitch_salience": {
        "dmean": 0.0954005122185,
        "dmean2": 0.151009142399,
        "dvar": 0.00654331455007,
        "dvar2": 0.0166646167636,
        "max": 0.855727314949,
        "mean": 0.485564649105,
        "median": 0.489932090044,
        "min": 0.0934270918369,
        "var": 0.01756352745
    },
    "silence_rate_20dB": {
        "dmean": 0,
        "dmean2": 0,
        "dvar": 0,
        "dvar2": 0,
        "max": 1,
        "mean": 1,
        "median": 1,
        "min": 1,
        "var": 0
    },
    "silence_rate_30dB": {
        "dmean": 0.068938806653,
        "dmean2": 0.137931033969,
        "dvar": 0.0641854181886,
        "dvar2": 0.12432987988,
        "max": 1,
        "mean": 0.912891983986,
        "median": 1,
        "min": 0,
        "var": 0.0795197784901
    },
    "silence_rate_60dB": {
        "dmean": 0.0209140200168,
        "dmean2": 0.0418442450464,
        "dvar": 0.0204776898026,
        "dvar2": 0.0501637756824,
        "max": 1,
        "mean": 0.0394889675081,
        "median": 0,
        "min": 0,
        "var": 0.0379274897277
    },
    "spectral_centroid": {
        "dmean": 308.18258667,
        "dmean2": 474.163452148,
        "dvar": 188053.96875,
        "dvar2": 400775.71875,
        "max": 3900.07006836,
        "mean": 720.045898438,
        "median": 533.953186035,
        "min": 105.476463318,
        "var": 298428.125
    },
    "spectral_complexity": {
        "dmean": 4.24244785309,
        "dmean2": 6.20960855484,
        "dvar": 29.194519043,
        "dvar2": 49.040725708,
        "max": 54,
        "mean": 12.4750289917,
        "median": 10,
        "min": 0,
        "var": 77.969619751
    },
    "spectral_decrease": {
        "dmean": 4.8205479608e-09,
        "dmean2": 7.53440509982e-09,
        "dvar": 7.53413505793e-17,
        "dvar2": 1.65553383634e-16,
        "max": -1.02326465714e-13,
        "mean": -9.57372403576e-09,
        "median": -6.46247100278e-09,
        "min": -7.27909394982e-08,
        "var": 1.17349863572e-16
    },
    "spectral_energy": {
        "dmean": 0.0186175499111,
        "dmean2": 0.0290574431419,
        "dvar": 0.00112062331755,
        "dvar2": 0.00245799077675,
        "max": 0.280067920685,
        "mean": 0.0369961559772,
        "median": 0.0249415524304,
        "min": 4.00825086899e-07,
        "var": 0.00174505251925
    },
    "spectral_energyband_high": {
        "dmean": 0.00040788736078,
        "dmean2": 0.000628021312878,
        "dvar": 6.8358315275e-07,
        "dvar2": 1.64608229625e-06,
        "max": 0.00655101193115,
        "mean": 0.000378073891625,
        "median": 1.96126584342e-05,
        "min": 3.65523514234e-11,
        "var": 6.79422271332e-07
    },
    "spectral_energyband_low": {
        "dmean": 0.0146991806105,
        "dmean2": 0.0226099304855,
        "dvar": 0.000707026687451,
        "dvar2": 0.00152188341599,
        "max": 0.244298160076,
        "mean": 0.0267475582659,
        "median": 0.0178102012724,
        "min": 1.79362288577e-07,
        "var": 0.00113317253999
    },
    "spectral_energyband_middle_high": {
        "dmean": 0.00107741774991,
        "dmean2": 0.00157352036331,
        "dvar": 3.5788925743e-06,
        "dvar2": 6.4811251832e-06,
        "max": 0.029790205881,
        "mean": 0.00168697570916,
        "median": 0.000722699740436,
        "min": 1.33201709218e-07,
        "var": 7.16327394912e-06
    },
    "spectral_energyband_middle_low": {
        "dmean": 0.009143284522,
        "dmean2": 0.0162947308272,
        "dvar": 0.000502585084178,
        "dvar2": 0.00138514407445,
        "max": 0.183034032583,
        "mean": 0.0108767105266,
        "median": 0.00595630798489,
        "min": 4.35413483046e-08,
        "var": 0.000356588105205
    },
    "spectral_entropy": {
        "dmean": 0.385485500097,
        "dmean2": 0.554559350014,
        "dvar": 0.155038937926,
        "dvar2": 0.305383473635,
        "max": 8.32135868073,
        "mean": 6.96162796021,
        "median": 6.94477939606,
        "min": 4.39155197144,
        "var": 0.468720406294
    },
    "spectral_flux": {
        "dmean": 0.0389601662755,
        "dmean2": 0.0620025545359,
        "dvar": 0.00323775457218,
        "dvar2": 0.00633161468431,
        "max": 0.482121676207,
        "mean": 0.091352276504,
        "median": 0.0647334679961,
        "min": 0.000633107498288,
        "var": 0.00616930192336
    },
    "spectral_kurtosis": {
        "dmean": 8.63115882874,
        "dmean2": 13.7608108521,
        "dvar": 131.884155273,
        "dvar2": 321.988586426,
        "max": 129.317138672,
        "mean": 12.6359796524,
        "median": 5.97570514679,
        "min": -0.702556848526,
        "var": 297.715362549
    },
    "spectral_rms": {
        "dmean": 0.00128268473782,
        "dmean2": 0.00194911204744,
        "dvar": 3.18267916555e-06,
        "dvar2": 6.28805173619e-06,
        "max": 0.0165298823267,
        "mean": 0.0053671230562,
        "median": 0.00493287155405,
        "min": 1.97749559447e-05,
        "var": 7.28785335014e-06
    },
    "spectral_rolloff": {
        "dmean": 246.130493164,
        "dmean2": 431.474975586,
        "dvar": 397665.625,
        "dvar2": 1038907,
        "max": 6223.09570312,
        "mean": 439.816162109,
        "median": 258.3984375,
        "min": 43.06640625,
        "var": 382288.4375
    },
    "spectral_skewness": {
        "dmean": 0.8122356534,
        "dmean2": 1.21031808853,
        "dvar": 0.691990435123,
        "dvar2": 1.613691926,
        "max": 9.03507804871,
        "mean": 2.15863251686,
        "median": 1.84466505051,
        "min": -0.0104907536879,
        "var": 1.9006049633
    },
    "spectral_spread": {
        "dmean": 713207.875,
        "dmean2": 999874.6875,
        "dvar": 582854443008,
        "dvar2": 905531293696,
        "max": 22818102,
        "mean": 3053072.25,
        "median": 2860198.25,
        "min": 566763.5,
        "var": 1.92052749926e+12
    },
    "spectral_strongpeak": {
        "dmean": 0.183529481292,
        "dmean2": 0.310386568308,
        "dvar": 0.082013271749,
        "dvar2": 0.2095156461,
        "max": 2.92756795883,
        "mean": 0.363879919052,
        "median": 0.270486831665,
        "min": 0,
        "var": 0.104583092034
    },
    "zerocrossingrate": {
        "dmean": 0.0076892003417,
        "dmean2": 0.00924934446812,
        "dvar": 9.61397454375e-05,
        "dvar2": 0.000122802463011,
        "max": 0.1611328125,
        "mean": 0.0226567797363,
        "median": 0.017578125,
        "min": 0.00146484375,
        "var": 0.000321596482536
    },
    "barkbands": {
        "dmean": [0.000461940886453, 0.00981007423252, 0.00526281446218, 0.00630250852555, 0.00251944526099, 0.000728767132387, 0.000352109025698, 0.000251175777521, 0.000228598262765, 0.00020326107915, 0.00017621947336, 0.00024002220016, 0.000158184499014, 0.000110719862278, 0.000102776612039, 8.27531403047e-05, 8.80809384398e-05, 7.25219942979e-05, 6.08865084359e-05, 9.36982178246e-05, 0.000141315424116, 0.000105141152744, 7.87289100117e-05, 2.9327631637e-05, 7.70967290009e-06, 1.78191985611e-08, 1.74005663212e-08],
        "dmean2": [0.000801754591521, 0.0150578645989, 0.00838725455105, 0.0116797983646, 0.00434283306822, 0.00115681695752, 0.000578030652832, 0.000418562238337, 0.000371135713067, 0.000326031178702, 0.000274367193924, 0.000369493820472, 0.00025993026793, 0.000183996337, 0.000157446760568, 0.000129103369545, 0.000135397189297, 0.000113578891614, 9.17425277294e-05, 0.000144641773659, 0.000226471020142, 0.00016524453531, 0.000125221136841, 4.68860234832e-05, 1.24222942759e-05, 3.16639940934e-08, 3.21523323521e-08],
        "dvar": [5.62777984214e-07, 0.000335142598487, 0.000148436185555, 0.000364350969903, 1.85871576832e-05, 1.11431700134e-06, 3.49349221551e-07, 2.30748355534e-07, 3.77811772978e-07, 1.74276408416e-07, 1.34098058879e-07, 3.55905683591e-07, 1.05419431407e-07, 4.94295413489e-08, 5.67466251766e-08, 3.36325847172e-08, 3.20496518214e-08, 2.11793711458e-08, 1.10777067519e-08, 3.35372867255e-08, 9.05100705495e-08, 4.58242830348e-08, 2.73974247733e-08, 5.70735947392e-09, 8.30112312222e-10, 8.62673241219e-15, 1.04999906678e-14],
        "dvar2": [1.49107506786e-06, 0.000718147493899, 0.00035644377931, 0.00103013939224, 5.00936803292e-05, 2.80518429463e-06, 9.31109923386e-07, 6.36868492165e-07, 1.01432192423e-06, 3.84292434319e-07, 3.0770101489e-07, 5.38642780157e-07, 2.26379967216e-07, 1.13745400654e-07, 1.13844890848e-07, 7.04929092876e-08, 6.54018634805e-08, 5.05166042331e-08, 2.32305037429e-08, 7.68612906654e-08, 2.26298851658e-07, 1.07978074482e-07, 6.53757794566e-08, 1.40222224942e-08, 2.000470678e-09, 2.49355454362e-14, 3.05542470123e-14],
        "max": [0.0100822225213, 0.164809882641, 0.137977614999, 0.157312393188, 0.0594650693238, 0.0125656016171, 0.00754127744585, 0.00692831818014, 0.0102866748348, 0.00810160115361, 0.00553532643244, 0.01891589351, 0.00496863853186, 0.00387917738408, 0.00424712756649, 0.003830578411, 0.00265814037994, 0.00275970250368, 0.00168959167786, 0.00173131574411, 0.00206190207973, 0.0017651458038, 0.00134591653477, 0.00134279672056, 0.000944546132814, 2.17058277485e-06, 2.52773634202e-06],
        "mean": [0.00099713949021, 0.0173006784171, 0.0058058546856, 0.0044907676056, 0.00356829049997, 0.00140146212652, 0.000589818286244, 0.000395134586142, 0.000345492357155, 0.000287940230919, 0.000255620805547, 0.000329543050611, 0.000176065543201, 0.000129057400045, 0.000126607163111, 9.80434779194e-05, 0.000113483329187, 8.59309293446e-05, 7.82193310442e-05, 9.15966083994e-05, 0.000123745456222, 9.80905751931e-05, 7.28237355361e-05, 2.79968844552e-05, 6.7736341407e-06, 1.25616494984e-08, 1.09210764876e-08],
        "median": [0.000524930655956, 0.0125006577, 0.00238229054958, 0.000998392701149, 0.00201342161745, 0.00089357473189, 0.000292107317364, 0.000199331130716, 0.000143853583722, 0.000107387953904, 7.57556845201e-05, 6.65688203298e-05, 3.62233149644e-05, 2.25088479056e-05, 2.69267475232e-05, 1.83249976544e-05, 2.82394321403e-05, 1.90066148207e-05, 1.97703902813e-05, 8.17700311018e-06, 6.99447946317e-06, 3.55277302333e-06, 3.24579400512e-06, 9.83248014563e-07, 1.24212917285e-07, 8.68238259066e-10, 4.81974959943e-10],
        "min": [2.53264467176e-08, 1.03895231973e-07, 5.63461810543e-09, 1.5442308765e-08, 1.10820916888e-08, 4.83680828722e-09, 3.17624415658e-09, 1.86494680809e-10, 7.29622307016e-10, 2.94710229554e-08, 1.01494705973e-08, 9.06682444679e-08, 3.62423535627e-09, 6.63574806214e-10, 1.52582169122e-10, 1.31467850495e-10, 2.95470592437e-11, 2.87414814171e-11, 3.49285565748e-11, 3.64695426636e-12, 6.87240325412e-12, 3.80340203776e-12, 4.83806094145e-12, 5.59092052169e-12, 7.11591592942e-12, 2.7731627758e-12, 4.62469082127e-12],
        "var": [1.81552445611e-06, 0.000463321222924, 0.00014669225493, 0.000216252810787, 2.19066714635e-05, 2.32555430557e-06, 6.2232527398e-07, 3.24298952137e-07, 4.43297864194e-07, 3.17623715773e-07, 2.36065602621e-07, 1.06374352526e-06, 1.36192738864e-07, 6.89655834663e-08, 8.67627676371e-08, 5.32083817006e-08, 4.97534777821e-08, 2.70033151395e-08, 1.84535018377e-08, 3.6967175987e-08, 8.10602216461e-08, 4.56460043097e-08, 2.71541491514e-08, 6.27055163349e-09, 8.08756450699e-10, 4.9514141024e-15, 5.83686422898e-15]
    },
    "erbbands": {
        "dmean": [0.218629330397, 2.45388770103, 5.5931429863, 15.9505910873, 11.5945234299, 9.59272956848, 6.94959640503, 6.17866802216, 5.68204450607, 5.33662891388, 4.92926073074, 5.65695571899, 5.44098234177, 5.74852466583, 8.02861881256, 10.1936168671, 7.56804990768, 6.10177707672, 5.65352630615, 4.65925693512, 4.61119174957, 4.73612737656, 3.6888692379, 3.69109416008, 3.21589517593, 4.40097093582, 4.3198595047, 5.8853354454, 3.70647478104, 3.37205028534, 2.21513056755, 0.843176066875, 0.396300017834, 0.13753464818, 0.00456754351035, 0.000284655718133, 5.36310399184e-05, 1.52726279339e-05, 1.20767717817e-05, 2.11345650314e-05],
        "dmean2": [0.352954179049, 3.75252747536, 8.30753040314, 29.0571842194, 20.399225235, 16.777381897, 11.4032506943, 10.0786914825, 9.35579776764, 8.88559341431, 8.10859489441, 9.21858310699, 8.7405424118, 9.03075504303, 12.238571167, 15.8990221024, 12.2039737701, 10.2187337875, 8.96658706665, 6.99795770645, 7.02177095413, 7.29491376877, 5.67504310608, 5.66517448425, 4.86018037796, 6.79296064377, 6.80316638947, 9.34401130676, 5.83909463882, 5.3766336441, 3.54877662659, 1.34781634808, 0.628126680851, 0.21549975872, 0.0073490999639, 0.000459154776763, 8.9529377874e-05, 2.62952344201e-05, 1.91921135411e-05, 3.28575843014e-05],
        "dvar": [0.119574949145, 23.5463314056, 138.870742798, 2247.31103516, 597.962890625, 308.288848877, 117.460037231, 102.871032715, 87.6952896118, 97.1416244507, 126.442741394, 204.517211914, 136.71711731, 106.789611816, 262.749511719, 623.40435791, 234.409500122, 142.981948853, 144.715667725, 152.237701416, 88.4729766846, 92.2498321533, 50.7166519165, 47.9944610596, 32.8137512207, 73.9427490234, 70.9985427856, 166.37437439, 58.6542701721, 49.7028999329, 22.4821434021, 4.42070913315, 1.1478959322, 0.251403748989, 0.000495916465297, 1.26502197872e-06, 4.52835529074e-08, 3.67037156224e-09, 8.9847412843e-10, 1.43863010393e-09],
        "dvar2": [0.331199496984, 48.3274803162, 301.927459717, 6243.40478516, 1608.16064453, 854.928100586, 300.736877441, 268.682159424, 233.920425415, 271.225128174, 351.090942383, 543.679138184, 316.834320068, 249.445617676, 566.156677246, 995.056091309, 487.430786133, 325.189331055, 302.309631348, 305.68862915, 182.208435059, 185.831344604, 114.866027832, 106.148490906, 71.5506362915, 167.773422241, 174.568496704, 414.282012939, 137.69140625, 122.232093811, 53.4928245544, 10.7436151505, 2.8593082428, 0.569142282009, 0.00114081439096, 2.95724748867e-06, 1.27352322465e-07, 1.04125303935e-08, 2.34836994295e-09, 3.16815262913e-09],
        "max": [3.51440691948, 41.4001464844, 139.562835693, 395.31930542, 217.114730835, 223.340591431, 113.520927429, 138.912780762, 104.169540405, 192.624389648, 201.70980835, 229.152084351, 209.114959717, 97.5160675049, 240.443664551, 773.024475098, 220.487503052, 175.852584839, 207.235351562, 264.534301758, 157.314712524, 131.460739136, 125.239982605, 142.120132446, 65.1384124756, 68.2523117065, 64.5921707153, 87.7329864502, 70.7121429443, 52.1728286743, 49.7362937927, 36.3230819702, 21.607131958, 16.4000873566, 0.605616033077, 0.0264820605516, 0.00472467159852, 0.000957262003794, 0.000651434937026, 0.000310693867505],
        "mean": [0.47118011117, 3.84049701691, 7.29275560379, 12.4805040359, 11.8501777649, 12.6415967941, 11.519906044, 11.0405044556, 9.12014102936, 9.11522865295, 7.7816491127, 8.80673217773, 8.15390872955, 8.38792514801, 12.359837532, 13.5389871597, 9.02838420868, 6.98532009125, 6.62971401215, 6.09941101074, 5.58221006393, 6.13433694839, 4.67143821716, 4.57438373566, 3.84665083885, 4.31964683533, 3.94946289062, 5.13551473618, 3.50430178642, 3.03554081917, 2.03048110008, 0.810661971569, 0.381873905659, 0.129668757319, 0.00426147086546, 0.00026809895644, 4.97921282658e-05, 1.24354346553e-05, 1.99898113351e-05, 4.14774185629e-05],
        "median": [0.443848133087, 2.20346045494, 3.48661279678, 3.00604104996, 4.70785188675, 6.33461809158, 7.15404081345, 6.99628067017, 4.88432264328, 4.60379934311, 4.3279876709, 3.94634222984, 3.04128670692, 2.94992804527, 4.00904226303, 2.99430394173, 2.13889789581, 1.31718564034, 1.40266239643, 1.28464233875, 1.14190065861, 1.52636647224, 1.16023910046, 1.06724536419, 0.785348415375, 0.411385297775, 0.279194653034, 0.241998285055, 0.126263678074, 0.130176901817, 0.0818726122379, 0.0315242707729, 0.0119307935238, 0.00271732662804, 9.56758958637e-05, 2.1560181267e-05, 9.81810080702e-06, 1.66128222645e-06, 1.18658263091e-05, 2.76027167274e-05],
        "min": [5.68206087337e-06, 1.38280083775e-05, 8.59574174683e-06, 3.28084752255e-05, 4.99766210851e-05, 3.56603632099e-05, 2.76571499853e-05, 3.86123065255e-05, 3.92927795474e-05, 2.81276425085e-05, 5.29916133019e-06, 3.87017425965e-05, 0.000777395034675, 0.000464747223305, 0.00177513225935, 0.00285885320045, 0.000420292490162, 4.55566550954e-05, 1.62989090313e-05, 6.81561277815e-06, 7.74623640609e-06, 1.81833581792e-06, 1.47460286826e-06, 2.36603705162e-06, 9.81608309303e-07, 2.00771154368e-07, 1.98960833586e-07, 3.14021292525e-07, 1.63103706541e-07, 1.0579957177e-07, 1.39401791444e-07, 8.54060857591e-08, 1.21724170299e-07, 1.0407166684e-07, 4.1745252588e-08, 1.1448092252e-08, 4.92957941134e-09, 1.93130111903e-09, 8.50585379908e-10, 5.15845921534e-10],
        "var": [0.170319110155, 33.1580619812, 176.005828857, 1421.03588867, 484.761505127, 341.726715088, 184.527542114, 162.261825562, 138.579269409, 159.275253296, 145.109283447, 255.737411499, 240.905853271, 170.951095581, 515.147155762, 1713.09326172, 326.110900879, 194.481582642, 215.699157715, 242.134216309, 139.082809448, 145.085189819, 72.4657592773, 71.1432876587, 48.2794570923, 80.9595794678, 68.6295928955, 148.99079895, 58.9804725647, 45.9334487915, 22.0900745392, 4.77235984802, 1.2577432394, 0.287054628134, 0.000513850769494, 1.28741169192e-06, 2.96769808728e-08, 2.30073315954e-09, 8.60953974779e-10, 2.2111095177e-09]
    },
    "gfcc": {
        "mean": [-97.4394989014, 182.763565063, -115.27166748, 55.2186164856, -47.680683136, 7.87769937515, -10.9564523697, -12.3521137238, 1.03746509552, -19.7170505524, 9.59659481049, -11.9468631744, 4.24883508682],
        "cov": [[8590.31054688, -2913.76757812, -1004.86181641, 1930.86303711, -1590.56164551, 961.452148438, -813.062072754, 83.3838806152, 87.0307922363, -148.4009552, -34.2432899475, -261.354248047, 155.201919556], [-2913.76757812, 1799.77807617, 344.296844482, -1086.21191406, 910.656677246, -622.117919922, 380.612792969, -71.7626342773, -36.2368850708, 50.2548675537, -0.251141041517, 91.9684143066, -101.845054626], [-1004.86181641, 344.296844482, 815.671386719, -17.4467468262, 174.073654175, -48.3704414368, 143.532943726, 36.0508613586, 34.8674545288, 25.7379989624, -22.7683868408, 16.7505073547, 3.7515873909], [1930.86303711, -1086.21191406, -17.4467468262, 941.28137207, -533.582397461, 313.871368408, -217.680511475, 41.0723304749, 93.4028701782, -51.2368812561, 9.34215927124, -69.6752090454, 66.8420181274], [-1590.56164551, 910.656677246, 174.073654175, -533.582397461, 741.253051758, -290.131835938, 247.548706055, -13.1394348145, -30.5029201508, 76.7486114502, -24.5268058777, 60.4995269775, -70.4186401367], [961.452148438, -622.117919922, -48.3704414368, 313.871368408, -290.131835938, 447.509307861, -70.7953796387, -6.35161161423, 19.9924755096, 1.02236866951, 27.035982132, -41.1885261536, 51.1313552856], [-813.062072754, 380.612792969, 143.532943726, -217.680511475, 247.548706055, -70.7953796387, 245.865951538, 1.79781889915, -26.7542152405, 38.2500305176, 8.4005022049, 45.7546043396, -32.7828063965], [83.3838806152, -71.7626342773, 36.0508613586, 41.0723304749, -13.1394348145, -6.35161161423, 1.79781889915, 121.829605103, 23.1377944946, -3.4897108078, 5.64267730713, 10.3635587692, 13.8946447372], [87.0307922363, -36.2368850708, 34.8674545288, 93.4028701782, -30.5029201508, 19.9924755096, -26.7542152405, 23.1377944946, 120.958740234, 16.5921592712, 12.6838178635, -7.28585004807, 12.9405498505], [-148.4009552, 50.2548675537, 25.7379989624, -51.2368812561, 76.7486114502, 1.02236866951, 38.2500305176, -3.4897108078, 16.5921592712, 91.7784042358, 8.21808719635, -0.517262637615, -14.0848274231], [-34.2432899475, -0.251141041517, -22.7683868408, 9.34215927124, -24.5268058777, 27.035982132, 8.4005022049, 5.64267730713, 12.6838178635, 8.21808719635, 76.7373504639, 23.8001804352, 7.11596107483], [-261.354248047, 91.9684143066, 16.7505073547, -69.6752090454, 60.4995269775, -41.1885261536, 45.7546043396, 10.3635587692, -7.28585004807, -0.517262637615, 23.8001804352, 81.8096923828, 16.9633045197], [155.201919556, -101.845054626, 3.7515873909, 66.8420181274, -70.4186401367, 51.1313552856, -32.7828063965, 13.8946447372, 12.9405498505, -14.0848274231, 7.11596107483, 16.9633045197, 61.5029945374]],
        "icov": [[0.000397501164116, -0.000831229845062, 0.000581420492381, -0.00114994961768, 0.000484988588141, -0.000876718375366, 0.000755094224587, -0.000759294547606, 0.000687636435032, -0.000596507277805, 0.000936308701057, -0.000316179066431, 0.000390533678001], [-0.000831229845062, 0.0180684626102, -0.00528377387673, 0.0142084965482, -0.00768053811044, 0.0130261937156, -0.00874718185514, 0.0106947766617, -0.0103380260989, 0.0105371326208, -0.0124301239848, 0.0101145422086, -0.00656712288037], [0.000581420492381, -0.00528377387673, 0.0033727590926, -0.00489802099764, 0.00212165107951, -0.0039496216923, 0.00183920329437, -0.00361754419282, 0.00277046719566, -0.00320689030923, 0.00453135743737, -0.00254825083539, 0.00127230479848], [-0.00114994961768, 0.0142084965482, -0.00489802099764, 0.0140678463504, -0.00516100600362, 0.00987813528627, -0.00675858044997, 0.00835238397121, -0.00950458273292, 0.00878752954304, -0.0100213419646, 0.00805656611919, -0.00522136548534], [0.000484988588141, -0.00768053811044, 0.00212165107951, -0.00516100600362, 0.00673985807225, -0.00466482061893, 0.0021302672103, -0.00451686559245, 0.00395826762542, -0.00588596519083, 0.00651175668463, -0.0049485261552, 0.00371891004033], [-0.000876718375366, 0.0130261937156, -0.0039496216923, 0.00987813528627, -0.00466482061893, 0.0133928619325, -0.00765511626378, 0.00851539894938, -0.00710429856554, 0.0064449175261, -0.0103792864829, 0.00916490610689, -0.00754751823843], [0.000755094224587, -0.00874718185514, 0.00183920329437, -0.00675858044997, 0.0021302672103, -0.00765511626378, 0.0125592332333, -0.00598546257243, 0.0063174800016, -0.00612498121336, 0.00562235713005, -0.00804822146893, 0.00653013214469], [-0.000759294547606, 0.0106947766617, -0.00361754419282, 0.00835238397121, -0.00451686559245, 0.00851539894938, -0.00598546257243, 0.0155306337401, -0.00767050171271, 0.00662532169372, -0.00786721240729, 0.00521761877462, -0.00557861011475], [0.000687636435032, -0.0103380260989, 0.00277046719566, -0.00950458273292, 0.00395826762542, -0.00710429856554, 0.0063174800016, -0.00767050171271, 0.0163911618292, -0.00861576758325, 0.00530312955379, -0.00447006896138, 0.0020423787646], [-0.000596507277805, 0.0105371326208, -0.00320689030923, 0.00878752954304, -0.00588596519083, 0.0064449175261, -0.00612498121336, 0.00662532169372, -0.00861576758325, 0.0197370331734, -0.00888056401163, 0.00688739214092, -0.00179885083344], [0.000936308701057, -0.0124301239848, 0.00453135743737, -0.0100213419646, 0.00651175668463, -0.0103792864829, 0.00562235713005, -0.00786721240729, 0.00530312955379, -0.00888056401163, 0.0251740310341, -0.0128399580717, 0.00600673491135], [-0.000316179066431, 0.0101145422086, -0.00254825083539, 0.00805656611919, -0.0049485261552, 0.00916490610689, -0.00804822146893, 0.00521761877462, -0.00447006896138, 0.00688739214092, -0.0128399580717, 0.0253758095205, -0.0128030879423], [0.000390533678001, -0.00656712288037, 0.00127230479848, -0.00522136548534, 0.00371891004033, -0.00754751823843, 0.00653013214469, -0.00557861011475, 0.0020423787646, -0.00179885083344, 0.00600673491135, -0.0128030879423, 0.0272645279765]]
    },
    "melbands": {
        "dmean": [0.00237955898046, 0.00298667978495, 0.00255814287812, 0.000701279786881, 0.000278478255495, 0.000135959649924, 8.42297959025e-05, 5.82488755754e-05, 4.08619016525e-05, 3.3479747799e-05, 2.75609763776e-05, 2.39946875809e-05, 2.62031844613e-05, 2.73136520264e-05, 2.37505373661e-05, 1.46995580508e-05, 1.09952670755e-05, 9.20065758692e-06, 7.21026754036e-06, 5.92193418925e-06, 5.66383960177e-06, 5.35465096618e-06, 3.91851199311e-06, 3.36116841027e-06, 3.07380673803e-06, 2.18509535443e-06, 2.85563510261e-06, 3.02387775264e-06, 2.10432904169e-06, 4.55499593954e-06, 2.919318149e-06, 2.10428902392e-06, 2.1785097033e-06, 1.76730543444e-06, 1.43400700381e-06, 7.39605241051e-07, 4.23685719397e-07, 2.86610003286e-07, 2.55893382928e-07, 5.98595946144e-08],
        "dmean2": [0.00369640509598, 0.00435964344069, 0.00461873505265, 0.00122765486594, 0.000463470147224, 0.000220252943109, 0.000138293151394, 9.67919258983e-05, 6.74394977977e-05, 5.44463364349e-05, 4.41813645011e-05, 3.78701006412e-05, 4.04630118283e-05, 4.13597335864e-05, 3.80968667741e-05, 2.38612992689e-05, 1.85828066606e-05, 1.47954115164e-05, 1.09530928967e-05, 9.22811159398e-06, 8.62162141857e-06, 8.35474020278e-06, 6.00524526817e-06, 5.2130972108e-06, 4.81925371787e-06, 3.35412528329e-06, 4.32697925135e-06, 4.76899822388e-06, 3.33761113325e-06, 7.52487630962e-06, 4.63850938104e-06, 3.29895033246e-06, 3.58478223461e-06, 2.81724123852e-06, 2.31860394706e-06, 1.18901641599e-06, 6.82341521951e-07, 4.63821237418e-07, 4.06466426739e-07, 9.64408926052e-08],
        "dvar": [1.68950737134e-05, 3.50182126567e-05, 5.39414540981e-05, 1.51857091168e-06, 2.06562063454e-07, 4.51558967995e-08, 1.91594331511e-08, 1.14678293528e-08, 1.11349143239e-08, 6.82385126183e-09, 3.58881813156e-09, 1.91890414669e-09, 2.91178370304e-09, 5.42229416922e-09, 2.50736564844e-09, 9.60250434723e-10, 4.65422589357e-10, 3.83826359585e-10, 3.28501725821e-10, 2.30057820017e-10, 1.26057483896e-10, 1.21108234552e-10, 6.29624199999e-11, 4.44579754955e-11, 3.40324816939e-11, 1.51039389329e-11, 3.01734748298e-11, 3.71337682825e-11, 1.77228492299e-11, 1.08559210232e-10, 4.02691734125e-11, 1.84197518349e-11, 2.16229360805e-11, 1.40504378965e-11, 9.23950239234e-12, 3.37493531385e-12, 1.20356047177e-12, 6.04189712584e-13, 7.28178259878e-13, 8.59241605818e-14],
        "dvar2": [4.08120722568e-05, 6.83923863107e-05, 0.00014835287584, 4.09800350099e-06, 5.43330884284e-07, 1.16551618135e-07, 5.09309607821e-08, 3.20862838521e-08, 3.12001802172e-08, 1.78610370938e-08, 8.14945355643e-09, 4.41226433168e-09, 6.63129107181e-09, 8.45257197568e-09, 5.29803623195e-09, 2.17359286125e-09, 1.08276398958e-09, 8.39033897915e-10, 6.52101095344e-10, 4.80104733747e-10, 2.6657070995e-10, 2.48668585723e-10, 1.4447466834e-10, 1.02502110966e-10, 7.60612753337e-11, 3.37764087532e-11, 6.78610778682e-11, 8.77678693612e-11, 4.43343348144e-11, 2.83401607737e-10, 9.81201994654e-11, 4.18334707153e-11, 5.4704824004e-11, 3.49006795686e-11, 2.20144579649e-11, 8.36470302745e-12, 2.89535951638e-12, 1.51792706009e-12, 1.89133474507e-12, 1.77814279143e-13],
        "max": [0.0392945669591, 0.060128044337, 0.0603281967342, 0.0158502720296, 0.00485752942041, 0.00276335468516, 0.00149377423804, 0.00189410510939, 0.00213074567728, 0.00133931566961, 0.00113623647485, 0.00054812815506, 0.000855236896314, 0.0024784731213, 0.00068324257154, 0.000387378764572, 0.000325059954775, 0.00034403373138, 0.0003268190776, 0.000425421254477, 0.000160935363965, 0.000158097551321, 0.000118831601867, 0.000125622391351, 0.000117591232993, 5.00811947859e-05, 6.39945210423e-05, 4.96695647598e-05, 4.21273907705e-05, 7.29190869606e-05, 6.26414694125e-05, 3.83153419534e-05, 3.82095313398e-05, 2.89890085696e-05, 3.32844974764e-05, 2.96430480375e-05, 2.09775007534e-05, 1.15950933832e-05, 2.72038632829e-05, 9.04063472262e-06],
        "mean": [0.0045345230028, 0.00448847189546, 0.00213253917173, 0.000876238103956, 0.000441856856924, 0.000249947042903, 0.000135904789204, 9.73950081971e-05, 6.3564053562e-05, 5.12495535077e-05, 4.01518591389e-05, 3.38113422913e-05, 3.9738813939e-05, 3.85867169825e-05, 2.7815820431e-05, 1.6176565623e-05, 1.22895553432e-05, 1.04217715489e-05, 8.96894925972e-06, 7.3174278441e-06, 6.51402569929e-06, 6.73992690281e-06, 4.92425942866e-06, 3.96232417188e-06, 3.70945463146e-06, 2.70020859716e-06, 2.99010139315e-06, 2.82589780909e-06, 1.99360874831e-06, 3.63839922102e-06, 2.64583468379e-06, 1.99896612685e-06, 1.89134652828e-06, 1.57553472491e-06, 1.29954219119e-06, 6.92049695772e-07, 4.06816752729e-07, 2.70210790632e-07, 2.38545482034e-07, 5.62472415311e-08],
        "median": [0.00384117127396, 0.00227850745432, 0.000600830244366, 0.000428620405728, 0.00028490414843, 0.000160287105246, 7.14970083209e-05, 4.9297548685e-05, 3.54348157998e-05, 2.17303459067e-05, 1.40770307553e-05, 1.11794297482e-05, 1.24688403957e-05, 9.09009941097e-06, 6.07425135968e-06, 3.24630764226e-06, 2.10169400816e-06, 2.04060052056e-06, 1.82751284683e-06, 1.38829796015e-06, 1.25315420973e-06, 1.55398856805e-06, 1.22841231587e-06, 8.55998678162e-07, 8.09101550203e-07, 6.15131966697e-07, 3.76189262852e-07, 2.22132086947e-07, 1.62295805239e-07, 1.6336473152e-07, 1.25146755181e-07, 6.21026785552e-08, 6.85624002017e-08, 7.15729910894e-08, 5.36754924951e-08, 2.5500993317e-08, 1.51443817487e-08, 8.40600034024e-09, 5.54620793736e-09, 8.14418643635e-10],
        "min": [4.53682034163e-08, 8.85706974429e-09, 6.2931713174e-09, 3.1700904124e-09, 1.03334873991e-09, 8.633500026e-10, 6.38888719706e-10, 2.50312076622e-10, 4.79535369746e-11, 1.5546013088e-10, 4.19525303386e-09, 2.11073558631e-09, 3.73742725657e-09, 1.01685175835e-08, 3.57358498349e-09, 1.6586267082e-10, 6.82541870245e-11, 2.83381391269e-11, 9.73847738561e-12, 8.28452931256e-12, 8.87803199012e-12, 1.63149246717e-12, 1.19179937186e-12, 1.43385813205e-12, 2.07810721756e-12, 8.13744579532e-13, 3.09517141734e-13, 9.60808445609e-14, 1.30470056959e-13, 9.8610410202e-14, 2.22354144645e-13, 1.02324473493e-13, 4.51301932565e-14, 6.42060935126e-14, 8.19715457079e-14, 7.04127985844e-14, 4.44814507222e-14, 9.40163880992e-14, 7.45496329599e-14, 8.51822410351e-14],
        "var": [2.2310154236e-05, 5.36176012247e-05, 3.53799041477e-05, 1.61313232638e-06, 2.66910944902e-07, 7.84724605296e-08, 3.14554142733e-08, 1.79533596878e-08, 1.11403766212e-08, 9.02007890602e-09, 6.5766720958e-09, 3.17396264826e-09, 5.45456035894e-09, 1.56187045519e-08, 4.135248588e-09, 1.1610077344e-09, 6.16630912997e-10, 5.48248446641e-10, 4.90427087829e-10, 3.64910851536e-10, 1.89724888577e-10, 1.84526033342e-10, 8.56618109779e-11, 5.94652035946e-11, 4.87149418027e-11, 2.32511978421e-11, 3.71605489435e-11, 3.71099088958e-11, 1.69682826817e-11, 8.57739226867e-11, 3.76973938176e-11, 1.934500303e-11, 1.87346440444e-11, 1.27888507076e-11, 8.88898590151e-12, 3.36824968958e-12, 1.344279397e-12, 6.38023271368e-13, 6.69716669274e-13, 1.03364087851e-13]
    },
    "mfcc": {
        "mean": [-723.461730957, 175.176879883, 16.7011432648, 39.4138946533, 6.81043052673, 16.2947101593, 4.37507724762, 12.2447719574, -2.39702248573, 2.03005075455, -0.1209744066, 3.67963194847, 1.64135754108],
        "cov": [[9271.82421875, -3511.39282227, -352.784484863, 529.638977051, -519.331787109, 457.216217041, -557.851501465, 18.9918575287, -74.1131057739, 102.116210938, -219.51600647, 82.3671188354, -201.72744751], [-3511.39282227, 2544.77734375, -277.300048828, -315.792388916, 279.919036865, -328.800842285, 255.78175354, -73.3904724121, 5.32732009888, -44.4728660583, 102.835578918, -68.5964813232, 68.6038513184], [-352.784484863, -277.300048828, 719.001281738, 118.340965271, -11.9708843231, 89.357963562, -0.547893166542, 51.7606506348, 54.3647193909, 31.1701717377, 7.69714164734, -10.1508617401, 2.08854699135], [529.638977051, -315.792388916, 118.340965271, 430.944671631, 0.585918366909, -1.18308699131, -88.4517364502, 18.7084465027, 11.8006191254, 35.3478126526, 8.91580486298, 2.61530470848, -30.9170093536], [-519.331787109, 279.919036865, -11.9708843231, 0.585918366909, 213.703140259, -19.7675151825, 29.2696590424, 1.12127757072, 30.4665355682, 15.3819303513, 27.6913700104, -9.77318000793, 6.74864768982], [457.216217041, -328.800842285, 89.357963562, -1.18308699131, -19.7675151825, 267.234924316, 29.5036277771, 7.33770751953, 12.6860427856, 29.3819675446, -6.52233600616, 16.9626102448, 17.34856987], [-557.851501465, 255.78175354, -0.547893166542, -88.4517364502, 29.2696590424, 29.5036277771, 195.199661255, 33.0562705994, 3.27334189415, -14.53997612, 17.0859260559, 1.30111253262, 25.844827652], [18.9918575287, -73.3904724121, 51.7606506348, 18.7084465027, 1.12127757072, 7.33770751953, 33.0562705994, 106.389442444, 25.1904144287, -10.1275510788, -3.99363279343, 13.4484491348, 5.9420208931], [-74.1131057739, 5.32732009888, 54.3647193909, 11.8006191254, 30.4665355682, 12.6860427856, 3.27334189415, 25.1904144287, 85.6139831543, 19.8385066986, 4.62853479385, -0.650486826897, 9.04036712646], [102.116210938, -44.4728660583, 31.1701717377, 35.3478126526, 15.3819303513, 29.3819675446, -14.53997612, -10.1275510788, 19.8385066986, 86.0418167114, 31.9651584625, 0.351799637079, -6.19569396973], [-219.51600647, 102.835578918, 7.69714164734, 8.91580486298, 27.6913700104, -6.52233600616, 17.0859260559, -3.99363279343, 4.62853479385, 31.9651584625, 72.5823822021, 18.0392379761, 6.60385990143], [82.3671188354, -68.5964813232, -10.1508617401, 2.61530470848, -9.77318000793, 16.9626102448, 1.30111253262, 13.4484491348, -0.650486826897, 0.351799637079, 18.0392379761, 60.2046928406, 26.0076694489], [-201.72744751, 68.6038513184, 2.08854699135, -30.9170093536, 6.74864768982, 17.34856987, 25.844827652, 5.9420208931, 9.04036712646, -6.19569396973, 6.60385990143, 26.0076694489, 69.4378662109]],
