{
"lowlevel": {
    "average_loudness": 0.977574944496,
    "barkbands_crest": {
        "dmean": 2.59105181694,
        "dmean2": 4.36413574219,
        "dvar": 7.1847577095,
        "dvar2": 19.8957881927,
        "max": 20.9742088318,
        "mean": 8.4786529541,
        "median": 7.76572704315,
        "min": 2.48105549812,
        "var": 10.8395290375
    },
    "barkbands_flatness_db": {
        "dmean": 0.0204019900411,
        "dmean2": 0.0337401628494,
        "dvar": 0.000448064907687,
        "dvar2": 0.00121535290964,
        "max": 0.350417762995,
        "mean": 0.147428631783,
        "median": 0.143133640289,
        "min": 0.0559857748449,
        "var": 0.000971698493231
    },
    "barkbands_kurtosis": {
        "dmean": 2.50118041039,
        "dmean2": 4.23357009888,
        "dvar": 24.708562851,
        "dvar2": 64.1731185913,
        "max": 159.885223389,
        "mean": 2.41530418396,
        "median": 0.425934076309,
        "min": -1.68533611298,
        "var": 73.1470336914
    },
    "barkbands_skewness": {
        "dmean": 0.543020963669,
        "dmean2": 0.889023303986,
        "dvar": 0.446255117655,
        "dvar2": 1.15962743759,
        "max": 9.077917099,
        "mean": 1.35181462765,
        "median": 1.11945235729,
        "min": -0.86519664526,
        "var": 0.998831212521
    },
    "barkbands_spread": {
        "dmean": 5.12392807007,
        "dmean2": 8.17502117157,
        "dvar": 28.5181331635,
        "dvar2": 67.8787689209,
        "max": 89.0496749878,
        "mean": 25.1033153534,
        "median": 24.3111057281,
        "min": 0.929871201515,
        "var": 90.8406066895
    },
    "dissonance": {
        "dmean": 0.0131732001901,
        "dmean2": 0.0224226545542,
        "dvar": 0.000145801735925,
        "dvar2": 0.00041089655133,
        "max": 0.500000059605,
        "mean": 0.475799977779,
        "median": 0.478913575411,
        "min": 0.39303702116,
        "var": 0.000259950495092
    },
    "dynamic_complexity": 2.65761184692,
    "erbbands_crest": {
        "dmean": 2.14887523651,
        "dmean2": 3.46551728249,
        "dvar": 4.55612468719,
        "dvar2": 10.8949708939,
        "max": 26.9398403168,
        "mean": 8.25262260437,
        "median": 7.42414140701,
        "min": 2.41385817528,
        "var": 15.0727348328
    },
    "erbbands_flatness_db": {
        "dmean": 0.0107169626281,
        "dmean2": 0.0161661673337,
        "dvar": 0.000103860264062,
        "dvar2": 0.000223228053073,
        "max": 0.34422814846,
        "mean": 0.17727060616,
        "median": 0.178179457784,
        "min": 0.0842272862792,
        "var": 0.000786286313087
    },
    "erbbands_kurtosis": {
        "dmean": 0.478024929762,
        "dmean2": 0.74931293726,
        "dvar": 0.615214586258,
        "dvar2": 1.30876386166,
        "max": 28.9652576447,
        "mean": -0.194189697504,
        "median": -0.456004142761,
        "min": -1.65613734722,
        "var": 2.63147234917
    },
    "erbbands_skewness": {
        "dmean": 0.281821668148,
        "dmean2": 0.448507040739,
        "dvar": 0.0785492062569,
        "dvar2": 0.193079888821,
        "max": 5.17669630051,
        "mean": -0.030428878963,
        "median": -0.0476009361446,
        "min": -2.30389428139,
        "var": 0.354680120945
    },
    "erbbands_spread": {
        "dmean": 6.48497772217,
        "dmean2": 10.316411972,
        "dvar": 45.1544494629,
        "dvar2": 106.213401794,
        "max": 135.814224243,
        "mean": 41.883846283,
        "median": 38.6958274841,
        "min": 9.75600528717,
        "var": 254.903259277
    },
    "hfc": {
        "dmean": 4.31564378738,
        "dmean2": 6.96481132507,
        "dvar": 32.4840049744,
        "dvar2": 84.5196151733,
        "max": 76.9074859619,
        "mean": 22.3857727051,
        "median": 22.3077964783,
        "min": 2.60364977294e-05,
        "var": 96.0525512695
    },
    "melbands_crest": {
        "dmean": 3.20105433464,
        "dmean2": 5.27863788605,
        "dvar": 9.20883655548,
        "dvar2": 24.4780502319,
        "max": 31.4058265686,
        "mean": 12.5978059769,
        "median": 11.8115348816,
        "min": 4.16735506058,
        "var": 17.6474952698
    },
    "melbands_flatness_db": {
        "dmean": 0.0254337191582,
        "dmean2": 0.0406018160284,
        "dvar": 0.000790594320279,
        "dvar2": 0.00200371467508,
        "max": 0.449628323317,
        "mean": 0.172200471163,
        "median": 0.166006818414,
        "min": 0.0671314075589,
        "var": 0.00188643054571
    },
    "melbands_kurtosis": {
        "dmean": 7.17722892761,
        "dmean2": 12.2893476486,
        "dvar": 209.381515503,
        "dvar2": 574.186828613,
        "max": 324.769897461,
        "mean": 11.7577047348,
        "median": 5.31197929382,
        "min": -1.57249462605,
        "var": 577.491760254
    },
    "melbands_skewness": {
        "dmean": 0.772961497307,
        "dmean2": 1.28285062313,
        "dvar": 0.946892142296,
        "dvar2": 2.48464488983,
        "max": 12.9464130402,
        "mean": 2.61115002632,
        "median": 2.20588064194,
        "min": 0.0414305999875,
        "var": 2.33157610893
    },
    "melbands_spread": {
        "dmean": 6.92154979706,
        "dmean2": 11.0216627121,
        "dvar": 47.9598846436,
        "dvar2": 117.763465881,
        "max": 85.164604187,
        "mean": 26.0950717926,
        "median": 25.4173202515,
        "min": 0.657729744911,
        "var": 136.069412231
    },
    "pitch_salience": {
        "dmean": 0.0637236833572,
        "dmean2": 0.106929823756,
        "dvar": 0.00350992451422,
        "dvar2": 0.00967081543058,
        "max": 0.823471188545,
        "mean": 0.578441917896,
        "median": 0.574967026711,
        "min": 0.226155817509,
        "var": 0.00769553799182
    },
    "silence_rate_20dB": {
        "dmean": 0,
        "dmean2": 0,
        "dvar": 0,
        "dvar2": 0,
        "max": 1,
        "mean": 1,
        "median": 1,
        "min": 1,
        "var": 0
    },
    "silence_rate_30dB": {
        "dmean": 0.00619674660265,
        "dmean2": 0.0123982951045,
        "dvar": 0.00615826714784,
        "dvar2": 0.0184435993433,
        "max": 1,
        "mean": 0.996902823448,
        "median": 1,
        "min": 0,
        "var": 0.00308753643185
    },
    "silence_rate_60dB": {
        "dmean": 0.00309837330133,
        "dmean2": 0.00619914755225,
        "dvar": 0.00308874505572,
        "dvar2": 0.0069354372099,
        "max": 1,
        "mean": 0.0499419271946,
        "median": 0,
        "min": 0,
        "var": 0.0474479682744
    },
    "spectral_centroid": {
        "dmean": 236.216156006,
        "dmean2": 381.850708008,
        "dvar": 54204.9765625,
        "dvar2": 134191.265625,
        "max": 3041.73339844,
        "mean": 1457.99133301,
        "median": 1445.1887207,
        "min": 164.599319458,
        "var": 169448.625
    },
    "spectral_complexity": {
        "dmean": 3.36096048355,
        "dmean2": 5.5005812645,
        "dvar": 7.93244552612,
        "dvar2": 20.3018722534,
        "max": 50,
        "mean": 27.4955482483,
        "median": 28,
        "min": 0,
        "var": 77.8412246704
    },
    "spectral_decrease": {
        "dmean": 4.0432341919e-09,
        "dmean2": 6.94214863373e-09,
        "dvar": 4.98705669296e-17,
        "dvar2": 1.35545970928e-16,
        "max": -2.3356946226e-15,
        "mean": -8.47803871551e-09,
        "median": -7.14730230555e-09,
        "min": -5.45520322248e-08,
        "var": 4.37083129028e-17
    },
    "spectral_energy": {
        "dmean": 0.0155545799062,
        "dmean2": 0.0266898870468,
        "dvar": 0.000732646149117,
        "dvar2": 0.00199155602604,
        "max": 0.209848225117,
        "mean": 0.0340285860002,
        "median": 0.0291292816401,
        "min": 1.18037162267e-08,
        "var": 0.000651091162581
    },
    "spectral_energyband_high": {
        "dmean": 0.00017810917052,
        "dmean2": 0.000269084703177,
        "dvar": 5.60620705414e-08,
        "dvar2": 1.26840816961e-07,
        "max": 0.00392683455721,
        "mean": 0.000710189284291,
        "median": 0.000601458305027,
        "min": 2.92175905692e-09,
        "var": 2.22752262857e-07
    },
    "spectral_energyband_low": {
        "dmean": 0.00877183396369,
        "dmean2": 0.01487304084,
        "dvar": 0.00040676468052,
        "dvar2": 0.00110759492964,
        "max": 0.181256756186,
        "mean": 0.0114559233189,
        "median": 0.00667945854366,
        "min": 2.61395438628e-09,
        "var": 0.00031818592106
    },
    "spectral_energyband_middle_high": {
        "dmean": 0.00136491225567,
        "dmean2": 0.00210274499841,
        "dvar": 2.31136232287e-06,
        "dvar2": 5.14573275723e-06,
        "max": 0.0238692667335,
        "mean": 0.00662031536922,
        "median": 0.00602567614987,
        "min": 9.60721502352e-10,
        "var": 1.64605989994e-05
    },
    "spectral_energyband_middle_low": {
        "dmean": 0.0087905107066,
        "dmean2": 0.01540639624,
        "dvar": 0.000381642341381,
        "dvar2": 0.0010675129015,
        "max": 0.189979463816,
        "mean": 0.0171119943261,
        "median": 0.0136112449691,
        "min": 2.33127872562e-09,
        "var": 0.000304617104121
    },
    "spectral_entropy": {
        "dmean": 0.0934396982193,
        "dmean2": 0.150776565075,
        "dvar": 0.0117503553629,
        "dvar2": 0.029861908406,
        "max": 8.47816085815,
        "mean": 7.67559576035,
        "median": 7.67818498611,
        "min": 5.84457063675,
        "var": 0.0453962646425
    },
    "spectral_flux": {
        "dmean": 0.0333579666913,
        "dmean2": 0.052443806082,
        "dvar": 0.00221757451072,
        "dvar2": 0.00418188050389,
        "max": 0.383010178804,
        "mean": 0.097031250596,
        "median": 0.0801393389702,
        "min": 5.13094528287e-05,
        "var": 0.00374395377003
    },
    "spectral_kurtosis": {
        "dmean": 1.29640543461,
        "dmean2": 2.28827810287,
        "dvar": 1.51957273483,
        "dvar2": 4.61996793747,
        "max": 15.3570823669,
        "mean": 2.41055560112,
        "median": 2.10446119308,
        "min": -0.288888692856,
        "var": 2.37770009041
    },
    "spectral_rms": {
        "dmean": 0.00108820921741,
        "dmean2": 0.0017881875392,
        "dvar": 2.43562340074e-06,
        "dvar2": 6.4015771386e-06,
        "max": 0.0143083883449,
        "mean": 0.00541827594861,
        "median": 0.00533092953265,
        "min": 3.39349685419e-06,
        "var": 3.84094573747e-06
    },
    "spectral_rolloff": {
        "dmean": 440.672790527,
        "dmean2": 734.499206543,
        "dvar": 281538.28125,
        "dvar2": 624791.4375,
        "max": 7816.55273438,
        "mean": 1485.21154785,
        "median": 1421.19140625,
        "min": 107.666015625,
        "var": 804597.375
    },
    "spectral_skewness": {
        "dmean": 0.16044972837,
        "dmean2": 0.274300992489,
        "dvar": 0.0208615828305,
        "dvar2": 0.0594758167863,
        "max": 3.00773119926,
        "mean": 1.04667580128,
        "median": 1.04362297058,
        "min": 0.143938153982,
        "var": 0.0554485619068
    },
    "spectral_spread": {
        "dmean": 238824.75,
        "dmean2": 364967.75,
        "dvar": 75843837952,
        "dvar2": 123118346240,
        "max": 11217228,
        "mean": 3745386.5,
        "median": 3631736.5,
        "min": 1569056.375,
        "var": 595550535680
    },
    "spectral_strongpeak": {
        "dmean": 0.585737287998,
        "dmean2": 1.02388191223,
        "dvar": 0.81190943718,
        "dvar2": 1.90827178955,
        "max": 8.59828662872,
        "mean": 0.960932850838,
        "median": 0.544405758381,
        "min": 0,
        "var": 1.25182521343
    },
    "zerocrossingrate": {
        "dmean": 0.00783084332943,
        "dmean2": 0.00966989807785,
        "dvar": 4.76311288367e-05,
        "dvar2": 7.13710760465e-05,
        "max": 0.17236328125,
        "mean": 0.0595701225102,
        "median": 0.0576171875,
        "min": 0.00830078125,
        "var": 0.000354579475243
    },
    "barkbands": {
        "dmean": [0.000807002477814, 0.00472529046237, 0.00346484035254, 0.00251660239883, 0.00561702158302, 0.00140169088263, 0.000394836912164, 0.00052565918304, 0.00116096448619, 0.000330728886183, 0.000431392254541, 0.000225162599236, 0.00040165745304, 0.000251381250564, 0.000334574695444, 0.000376169424271, 0.000285271351459, 0.000167205493199, 0.000163912496646, 0.000108846623334, 6.95923154126e-05, 5.36430197826e-05, 3.66556450899e-05, 2.59548269241e-05, 9.39142046263e-06, 9.05799879547e-09, 3.52912787882e-09],
        "dmean2": [0.00121294718701, 0.00827468372881, 0.00602893112227, 0.0044363848865, 0.0100806616247, 0.00232074200176, 0.000637366843875, 0.000823104346637, 0.00179591076449, 0.00049918278819, 0.000652069575153, 0.00035905954428, 0.00063581118593, 0.000405457540182, 0.000532628328074, 0.000602913089097, 0.000471879786346, 0.000272581644822, 0.000274226244073, 0.0001811337861, 0.0001122527392, 8.47906558192e-05, 5.63220128242e-05, 3.82654288842e-05, 1.47958717207e-05, 1.46346863517e-08, 6.50052411899e-09],
        "dvar": [3.84443001167e-06, 0.000168593338458, 5.1220820751e-05, 1.717185296e-05, 0.0002398291399, 9.00944360183e-06, 5.95142637394e-07, 1.0457300732e-06, 3.87096406484e-06, 3.98173256144e-07, 5.28071325334e-07, 1.39726154202e-07, 6.35508058622e-07, 1.76102588512e-07, 3.08776549218e-07, 3.53093327021e-07, 1.1621975915e-07, 4.61848905786e-08, 3.09921084352e-08, 1.70299774283e-08, 7.80237918718e-09, 7.34465643859e-09, 3.12600656471e-09, 1.62371482926e-09, 3.11471098913e-10, 6.47939864705e-16, 7.36841372355e-16],
        "dvar2": [7.91101501818e-06, 0.000468307058327, 0.00014492610353, 4.77694702568e-05, 0.000680452096276, 2.33914161072e-05, 1.41347538829e-06, 2.20711353904e-06, 8.74059605849e-06, 7.73826513978e-07, 1.02792614598e-06, 3.34840251526e-07, 1.42421629334e-06, 4.51147485592e-07, 7.35652349704e-07, 8.13016640677e-07, 2.91237910233e-07, 1.11866093278e-07, 8.62455564743e-08, 4.76263934956e-08, 1.92010976008e-08, 1.77676415802e-08, 6.64375887638e-09, 3.40337602545e-09, 6.49164944022e-10, 1.73362021556e-15, 2.15881868487e-15],
        "max": [0.0153640955687, 0.113278642297, 0.0742164626718, 0.0523648075759, 0.151359215379, 0.0450381860137, 0.011964882724, 0.0169988125563, 0.0290004312992, 0.0147359585389, 0.0119599997997, 0.00567445298657, 0.0166931096464, 0.00613251421601, 0.00768298190087, 0.0113506279886, 0.00510190287605, 0.00364371365868, 0.00218658451922, 0.00199395185336, 0.00158651720267, 0.00136201293208, 0.00101586862002, 0.000859024177771, 0.000376328331186, 6.26180394647e-07, 8.88045065039e-07],
        "mean": [0.000790832971688, 0.00444073602557, 0.00462216092274, 0.00373965525068, 0.00669135106727, 0.00212283595465, 0.000588372466154, 0.00112638575956, 0.00242745107971, 0.000758837617468, 0.00101122865453, 0.000425966631155, 0.000863325491082, 0.000477815425256, 0.00062907015672, 0.000906684435904, 0.000691707478836, 0.000394152302761, 0.000475847715279, 0.000307071721181, 0.000202302253456, 0.000138335250085, 9.83544960036e-05, 8.02114300313e-05, 1.78721293196e-05, 1.363985902e-08, 2.41542208457e-09],
        "median": [3.16908190143e-05, 0.00141972326674, 0.00285508157685, 0.00245981616899, 0.00375924468972, 0.00106522429269, 0.000284628826194, 0.000412856054027, 0.000959567143582, 0.000299334409647, 0.000353018607711, 0.00024569305242, 0.000338589539751, 0.000262622488663, 0.000318686972605, 0.000502969080117, 0.000577085651457, 0.000328669004375, 0.000398266129196, 0.000263465131866, 0.000174963963218, 9.86304730759e-05, 6.78728029015e-05, 6.25700558885e-05, 1.08059266495e-05, 7.97265897745e-09, 4.70867456137e-10],
        "min": [1.42751810372e-10, 1.77346315411e-09, 1.4685131583e-11, 6.63875232565e-10, 3.04878899904e-10, 1.50622195272e-10, 4.95038107728e-11, 3.74311241724e-11, 1.81828909568e-11, 2.03420613687e-11, 2.75521341853e-11, 2.22778046011e-11, 2.23212091172e-11, 1.75832525623e-11, 3.7686707921e-11, 1.2424151985e-11, 4.86240388231e-11, 9.00149538241e-11, 1.18621681922e-10, 1.58900809177e-10, 2.14332065984e-10, 3.10243358781e-10, 1.60027768814e-10, 9.7102933333e-12, 6.68114088359e-12, 4.68505529511e-12, 6.84045571922e-12],
        "var": [4.53820757684e-06, 0.000116456387332, 4.10227657994e-05, 1.82701933227e-05, 0.000163433782291, 1.09386337499e-05, 1.06402183064e-06, 4.81448341816e-06, 1.24071329992e-05, 2.51745791502e-06, 2.52225186159e-06, 3.12510024969e-07, 2.07109019357e-06, 3.77895844395e-07, 6.88205432198e-07, 1.51108213231e-06, 2.82303915355e-07, 8.94354243997e-08, 9.10069957172e-08, 4.58266171677e-08, 1.92282030298e-08, 1.61009374722e-08, 9.69436442233e-09, 5.41130296128e-09, 6.34530816779e-10, 6.28504905489e-16, 3.98752274274e-16]
    },
    "erbbands": {
        "dmean": [0.164314985275, 0.999855399132, 3.47443199158, 6.15011167526, 19.0211009979, 15.9703931808, 10.751074791, 11.9504079819, 5.76859807968, 7.89074134827, 11.1076221466, 31.5368022919, 13.8070583344, 6.73058462143, 20.1809120178, 8.22061824799, 17.3355007172, 10.9644117355, 19.1769428253, 14.2743501663, 17.9036827087, 13.4201288223, 9.29918479919, 9.19138240814, 6.27628040314, 5.52995109558, 2.98579025269, 3.02099609375, 1.98426818848, 1.47427225113, 1.01819145679, 0.634424209595, 0.414775162935, 0.179085895419, 0.00813193712384, 0.000373899325496, 2.69141055469e-05, 4.92712524647e-06, 7.54659686208e-06, 1.71081865119e-05],
        "dmean2": [0.273080468178, 1.82574975491, 6.17160701752, 10.777056694, 34.2318763733, 28.5035533905, 18.1952495575, 19.6565074921, 9.38693904877, 12.6193885803, 17.1371669769, 48.5322532654, 20.6444416046, 10.3053178787, 30.7341690063, 13.0370311737, 27.5384540558, 17.3582210541, 30.549495697, 22.9690322876, 29.0459327698, 22.1778907776, 15.2550764084, 15.2916841507, 10.522310257, 9.2328338623, 4.86314296722, 4.90393066406, 3.17377090454, 2.27580952644, 1.57126784325, 0.960968136787, 0.615551829338, 0.275971025229, 0.0125011084601, 0.000568599090911, 4.12879053329e-05, 7.80370919529e-06, 1.28805741042e-05, 2.93467073789e-05],
        "dvar": [0.186807945371, 8.26662635803, 62.9591217041, 88.1906738281, 2571.08666992, 1892.28295898, 454.760955811, 807.070983887, 151.537796021, 198.611984253, 500.893005371, 2961.19995117, 595.233703613, 133.473403931, 1184.15942383, 181.721740723, 1073.95092773, 321.627685547, 988.663635254, 516.377197266, 613.050170898, 291.585144043, 154.706558228, 93.261756897, 54.0049858093, 58.1255683899, 13.1580123901, 16.3675060272, 9.89070224762, 5.60417556763, 2.41868066788, 0.788695394993, 0.511540651321, 0.130436882377, 0.000687140738592, 1.27726275423e-06, 4.01197564059e-09, 2.76011685729e-10, 1.77466652485e-10, 8.77857175841e-10],
        "dvar2": [0.487263262272, 23.7605648041, 179.390457153, 241.751693726, 7273.01660156, 5424.28076172, 1218.09716797, 2045.27270508, 380.305267334, 477.380584717, 1001.61761475, 6664.97167969, 1227.64660645, 271.277923584, 2377.53344727, 442.629760742, 2306.8059082, 805.457092285, 2324.98706055, 1182.35498047, 1477.99829102, 728.571472168, 374.669799805, 251.24067688, 149.427230835, 163.766098022, 32.0985832214, 40.6618881226, 23.9342784882, 12.5000982285, 5.27504205704, 1.72321903706, 1.02733933926, 0.261531323195, 0.00145047064871, 2.66270171778e-06, 9.11776698587e-09, 7.63691276884e-10, 4.82719753059e-10, 2.38618524939e-09],
        "max": [3.07168936729, 25.550611496, 80.2830505371, 101.434570312, 413.102111816, 528.096557617, 282.299438477, 476.514190674, 231.065628052, 253.389328003, 468.402374268, 836.072753906, 565.975219727, 420.881134033, 601.762939453, 289.453765869, 665.879089355, 243.834625244, 457.924835205, 357.621856689, 423.532043457, 354.467987061, 176.257553101, 130.666870117, 137.741760254, 111.90272522, 89.8147201538, 48.7918395996, 47.1970405579, 47.5056800842, 23.7552185059, 16.1223297119, 17.0972633362, 8.31206989288, 0.841298639774, 0.035956941545, 0.00157394458074, 0.000511625839863, 0.000190880833543, 0.000231533835176],
        "mean": [0.149486303329, 0.96371370554, 4.3514046669, 9.93474674225, 21.4403190613, 19.7884922028, 16.9970684052, 17.7196426392, 8.66866397858, 16.8009433746, 24.5424213409, 67.4419403076, 33.4849662781, 17.728263855, 46.9816665649, 18.7310352325, 39.1914596558, 24.434129715, 39.2062568665, 35.1774711609, 46.8829078674, 35.934627533, 23.417049408, 25.1429653168, 18.8475437164, 15.1566371918, 9.09950065613, 7.97233057022, 5.22680187225, 3.7108001709, 2.71417427063, 1.84104645252, 1.23883426189, 0.391092509031, 0.0135933188722, 0.000703708792571, 7.46775622247e-05, 1.56772839546e-05, 2.06815821002e-05, 4.05604005209e-05],
        "median": [0.0353008136153, 0.405177861452, 2.49815702438, 7.08348751068, 12.0243463516, 11.8927650452, 10.0486249924, 7.93778753281, 4.78747415543, 7.46883010864, 11.9084262848, 26.1117038727, 15.8985395432, 11.0112371445, 17.8533535004, 13.9434680939, 16.2985553741, 15.6843385696, 22.8256607056, 20.960735321, 33.0629234314, 30.4901771545, 19.620306015, 21.9278278351, 16.1092987061, 12.4843578339, 8.27433872223, 6.5249080658, 3.73733019829, 2.543197155, 1.87044906616, 1.38499987125, 0.948103249073, 0.247325181961, 0.00711236614734, 0.000413317728089, 5.74279329157e-05, 1.28453402795e-05, 1.87537571037e-05, 3.5619661503e-05],
        "min": [6.56170655589e-08, 3.69537900724e-07, 1.68219713714e-07, 1.22520214063e-06, 1.68479505191e-06, 3.74799299152e-07, 1.1103010138e-06, 1.35954053349e-06, 6.42312102173e-07, 9.74351905825e-07, 1.12085638193e-06, 5.68190728245e-07, 9.96412722998e-07, 9.37756510666e-07, 1.26188126615e-06, 1.17917318221e-06, 1.52707298184e-06, 1.24805058022e-06, 1.27556074858e-06, 1.33252069645e-06, 1.58430952979e-06, 3.21376478496e-06, 4.64009735879e-06, 5.68341965845e-06, 6.59681336401e-06, 6.37387302049e-06, 6.74959164826e-06, 8.29717191664e-06, 9.55309224082e-06, 1.39932317325e-05, 8.68174083735e-06, 1.11865858798e-06, 1.74299174205e-07, 9.62258539516e-08, 4.04598630155e-08, 1.77820087544e-08, 9.98408644648e-09, 3.27899019048e-09, 1.2406452532e-09, 1.66986424688e-10],
        "var": [0.14876075089, 5.10757446289, 45.6860771179, 102.642410278, 1677.39416504, 1313.5501709, 527.699707031, 1021.60430908, 208.716552734, 856.360168457, 1961.91638184, 9894.81835938, 3465.22485352, 555.931396484, 5185.21826172, 381.548858643, 3928.36425781, 737.979553223, 2188.78979492, 1798.77636719, 2298.80566406, 721.692382812, 304.224822998, 251.652252197, 138.280685425, 138.555725098, 34.3147697449, 35.3717041016, 22.1520843506, 14.0300807953, 7.09051465988, 2.82313609123, 1.48146903515, 0.277415454388, 0.000906599976588, 1.78321010935e-06, 6.30640251131e-09, 2.52538961965e-10, 1.69259717353e-10, 7.99083965664e-10]
    },
    "gfcc": {
        "mean": [-3.89340734482, 129.032226562, -157.122772217, 67.9724197388, -68.0493774414, 17.1974773407, -34.8786659241, -4.8004322052, -9.49947357178, -27.5471630096, -1.418202281, -25.8140850067, 5.48631238937],
        "cov": [[11597.3662109, 790.429077148, -1083.66503906, 10.4619455338, -210.058944702, 102.559677124, -119.824638367, 42.3771018982, 54.9028930664, -120.221122742, 88.8578414917, -110.139427185, 244.820877075], [790.429077148, 378.395446777, -179.798248291, -69.3745651245, 108.069664001, -79.703704834, 110.252540588, -40.8047523499, 53.43800354, -19.1310214996, 18.7220668793, -37.0727844238, 13.2071838379], [-1083.66503906, -179.798248291, 478.651153564, 146.652313232, -25.8553180695, 95.6921234131, -79.7263259888, 35.9632759094, -11.180270195, 14.7194337845, 13.9919424057, 24.4760074615, -7.47610330582], [10.4619455338, -69.3745651245, 146.652313232, 155.122512817, 9.45732212067, 19.1471614838, -40.2588577271, 11.3932514191, 14.0948486328, 0.79569286108, 13.4003810883, 25.173034668, 13.7337608337], [-210.058944702, 108.069664001, -25.8553180695, 9.45732212067, 163.993362427, 15.2677850723, 72.2659606934, 13.8920135498, 26.8186454773, 13.0514001846, 17.8894081116, -3.84135055542, 7.9392375946], [102.559677124, -79.703704834, 95.6921234131, 19.1471614838, 15.2677850723, 186.05796814, 13.9915676117, 39.4780197144, -22.2830410004, 9.45613098145, 30.2533092499, -5.39552688599, 12.4533967972], [-119.824638367, 110.252540588, -79.7263259888, -40.2588577271, 72.2659606934, 13.9915676117, 142.977264404, 3.10032463074, 19.8212413788, -7.23240613937, 3.08134531975, -12.5928611755, -11.1200475693], [42.3771018982, -40.8047523499, 35.9632759094, 11.3932514191, 13.8920135498, 39.4780197144, 3.10032463074, 94.3756027222, 24.5441074371, 10.0648612976, -4.06521320343, -8.86616611481, 13.0073862076], [54.9028930664, 53.43800354, -11.180270195, 14.0948486328, 26.8186454773, -22.2830410004, 19.8212413788, 24.5441074371, 78.5696640015, 16.9813842773, 0.534157574177, -1.38111388683, 8.1250333786], [-120.221122742, -19.1310214996, 14.7194337845, 0.79569286108, 13.0514001846, 9.45613098145, -7.23240613937, 10.0648612976, 16.9813842773, 50.6305389404, 26.4967956543, 11.2962245941, -3.07828354836], [88.8578414917, 18.7220668793, 13.9919424057, 13.4003810883, 17.8894081116, 30.2533092499, 3.08134531975, -4.06521320343, 0.534157574177, 26.4967956543, 68.9797058105, 24.9699211121, 5.72817230225], [-110.139427185, -37.0727844238, 24.4760074615, 25.173034668, -3.84135055542, -5.39552688599, -12.5928611755, -8.86616611481, -1.38111388683, 11.2962245941, 24.9699211121, 60.227191925, 19.3109550476], [244.820877075, 13.2071838379, -7.47610330582, 13.7337608337, 7.9392375946, 12.4533967972, -11.1200475693, 13.0073862076, 8.1250333786, -3.07828354836, 5.72817230225, 19.3109550476, 50.773147583]],
        "icov": [[0.000444576347945, -0.00216073659249, 0.00163747288752, -0.00198017177172, 0.00181672209874, -0.00180609803647, 0.00152719230391, -0.00123891606927, 0.000665550469421, -0.000263552035904, 0.000486496457597, -0.000393889524275, -2.16705993807e-05], [-0.00216073659249, 0.0198680609465, -0.00807215366513, 0.012599597685, -0.0124982260168, 0.0133740492165, -0.0110858110711, 0.0107094440609, -0.00846261717379, 0.00725367991254, -0.0111351786181, 0.011286248453, -0.00708592031151], [0.00163747288752, -0.00807215366513, 0.00986426696181, -0.0103920819238, 0.0068650925532, -0.00865784939378, 0.00710394047201, -0.00543371587992, 0.00268347701058, -0.00149606482591, 0.00290383514948, -0.0030434941873, 0.00277533731423], [-0.00198017177172, 0.012599597685, -0.0103920819238, 0.0209575556219, -0.0113411406055, 0.00938011519611, -0.00501972669736, 0.00723929842934, -0.00814337376505, 0.00737896515056, -0.00652338424698, 0.00168755627237, -0.00256505515426], [0.00181672209874, -0.0124982260168, 0.0068650925532, -0.0113411406055, 0.0180526245385, -0.00869446061552, 0.00234842184, -0.00712271919474, 0.00460939016193, -0.0065229870379, 0.00399094121531, -0.00283982441761, -0.000284847512376], [-0.00180609803647, 0.0133740492165, -0.00865784939378, 0.00938011519611, -0.00869446061552, 0.0185979381204, -0.0107782073319, 0.00406574690714, -0.000552623474505, 0.00252136145718, -0.0106301605701, 0.0103714149445, -0.00769052794203], [0.00152719230391, -0.0110858110711, 0.00710394047201, -0.00501972669736, 0.00234842184, -0.0107782073319, 0.0194324031472, -0.0060124299489, -0.000144639052451, 0.0027641938068, 0.00443822564557, -0.00756539823487, 0.00856368988752], [-0.00123891606927, 0.0107094440609, -0.00543371587992, 0.00723929842934, -0.00712271919474, 0.00406574690714, -0.0060124299489, 0.0204567406327, -0.00904764886945, 0.000893886724953, -0.00274110981263, 0.00829246360809, -0.00735379382968], [0.000665550469421, -0.00846261717379, 0.00268347701058, -0.00814337376505, 0.00460939016193, -0.000552623474505, -0.000144639052451, -0.00904764886945, 0.0237361658365, -0.0125259468332, 0.00653232354671, -0.0022421204485, -0.00115107453894], [-0.000263552035904, 0.00725367991254, -0.00149606482591, 0.00737896515056, -0.0065229870379, 0.00252136145718, 0.0027641938068, 0.000893886724953, -0.0125259468332, 0.0366962999105, -0.0167710594833, 0.00057558354456, 0.00384816294536], [0.000486496457597, -0.0111351786181, 0.00290383514948, -0.00652338424698, 0.00399094121531, -0.0106301605701, 0.00443822564557, -0.00274110981263, 0.00653232354671, -0.0167710594833, 0.0328690856695, -0.0172261092812, 0.00718166586012], [-0.000393889524275, 0.011286248453, -0.0030434941873, 0.00168755627237, -0.00283982441761, 0.0103714149445, -0.00756539823487, 0.00829246360809, -0.0022421204485, 0.00057558354456, -0.0172261092812, 0.0370028614998, -0.0195587370545], [-2.16705993807e-05, -0.00708592031151, 0.00277533731423, -0.00256505515426, -0.000284847512376, -0.00769052794203, 0.00856368988752, -0.00735379382968, -0.00115107453894, 0.00384816294536, 0.00718166586012, -0.0195587370545, 0.0354821868241]]
    },
    "melbands": {
        "dmean": [0.00136402074713, 0.00164248317014, 0.0013630593894, 0.00143034313805, 0.000376967218472, 0.000257000938291, 8.80676016095e-05, 9.65542640188e-05, 0.000100728524558, 0.000197944187676, 6.70967347105e-05, 2.73501609627e-05, 6.24961758149e-05, 3.30197435687e-05, 2.49122567766e-05, 4.38695751654e-05, 2.03210402105e-05, 3.33081698045e-05, 2.17212891584e-05, 2.82459586742e-05, 2.26037809625e-05, 1.75418608706e-05, 1.21225129988e-05, 7.40324776416e-06, 8.62568776938e-06, 6.64936851535e-06, 3.83882070309e-06, 4.15887734562e-06, 2.31323815569e-06, 1.7832010144e-06, 2.00224303626e-06, 1.33391120016e-06, 1.05815081497e-06, 8.46858711157e-07, 6.76904789998e-07, 5.22898517374e-07, 3.92881474909e-07, 3.25672999679e-07, 2.81803096414e-07, 1.12360893922e-07],
        "dmean2": [0.00228983140551, 0.00294003426097, 0.00240765186027, 0.00258794985712, 0.000640595098957, 0.000424403086072, 0.00014210336667, 0.000151922926307, 0.000153753222548, 0.000305196997942, 0.000100221630419, 4.243028161e-05, 9.44040948525e-05, 5.23336821061e-05, 4.06275357818e-05, 6.80042940076e-05, 3.26574408973e-05, 5.30914985575e-05, 3.44857544405e-05, 4.4377586164e-05, 3.69881126971e-05, 2.91290652967e-05, 2.00134254555e-05, 1.21621169455e-05, 1.44431587614e-05, 1.11879680844e-05, 6.45781892672e-06, 6.89903481543e-06, 3.82797452403e-06, 2.88730825559e-06, 3.23648168887e-06, 2.15879958887e-06, 1.7096836018e-06, 1.32367199512e-06, 1.0718864587e-06, 7.99146107511e-07, 6.20071148205e-07, 4.97473365613e-07, 4.34437538388e-07, 1.74703984612e-07],
        "dvar": [1.29310883494e-05, 1.62739415828e-05, 5.5874879763e-06, 1.65646524692e-05, 5.27064059952e-07, 3.50274888206e-07, 3.2535311334e-08, 2.94938917733e-08, 3.84232663464e-08, 1.16549983886e-07, 1.5249653984e-08, 2.31487984337e-09, 1.09128732717e-08, 3.23813642567e-09, 1.74270065045e-09, 9.7536441146e-09, 1.11492104438e-09, 2.84471934897e-09, 1.39497124962e-09, 2.65453392601e-09, 8.89574747198e-10, 5.05691100106e-10, 2.50214265973e-10, 9.00531593739e-11, 8.60214607878e-11, 5.53074253062e-11, 2.18559927101e-11, 3.2325642163e-11, 7.8223755598e-12, 4.82851605921e-12, 7.49839426661e-12, 4.24186250361e-12, 2.75861061425e-12, 1.86276016313e-12, 1.03880760331e-12, 5.76470999842e-13, 3.06109738252e-13, 2.65293158535e-13, 3.003970499e-13, 6.51761495251e-14],
        "dvar2": [3.43955762219e-05, 4.64875083708e-05, 1.5610954506e-05, 4.69872757094e-05, 1.46149511693e-06, 8.93554044978e-07, 8.1159562626e-08, 6.79335130371e-08, 7.72197026322e-08, 2.62523258243e-07, 3.12506287514e-08, 4.7263566394e-09, 2.15346140919e-08, 7.1939063595e-09, 4.09927247702e-09, 2.10883079887e-08, 2.85663159794e-09, 6.69825972466e-09, 3.26468252432e-09, 5.74543923548e-09, 2.2154229562e-09, 1.26016830304e-09, 6.23620544093e-10, 2.2545888767e-10, 2.33289887408e-10, 1.53500837041e-10, 6.0468637042e-11, 9.10338193716e-11, 1.90660560256e-11, 1.22236170838e-11, 1.90905433822e-11, 1.06842841865e-11, 6.7395247369e-12, 4.27899989747e-12, 2.3975487394e-12, 1.26835044204e-12, 7.31139649691e-13, 5.61187218657e-13, 6.10278917245e-13, 1.37643463793e-13],
        "max": [0.0300654154271, 0.0391817316413, 0.0251870565116, 0.039248265326, 0.00883971247822, 0.00973514467478, 0.00297940778546, 0.00278393737972, 0.00351621164009, 0.00568707566708, 0.00284682447091, 0.00163131323643, 0.00190051819663, 0.000916466466151, 0.00100735900924, 0.00231493799947, 0.000445457408205, 0.000694756396115, 0.000694087764714, 0.00115065439604, 0.000550127122551, 0.000441685027909, 0.000223577808356, 0.000169845618075, 0.000125848702737, 9.67362284428e-05, 7.06580249243e-05, 8.42041190481e-05, 7.39395109122e-05, 3.00219635392e-05, 3.35803670168e-05, 3.15964898618e-05, 2.15210875467e-05, 3.1103620131e-05, 1.43883889905e-05, 1.12850812002e-05, 1.11069930426e-05, 1.34342553793e-05, 1.23371337395e-05, 6.38703158984e-06],
        "mean": [0.00131889351178, 0.00196199677885, 0.0020780232735, 0.00161124952137, 0.000621085171588, 0.000383767910535, 0.000129537438625, 0.000204850832233, 0.000215644060518, 0.000416299473727, 0.000153584318468, 6.28223642707e-05, 0.000151044150698, 6.97268988006e-05, 5.06440119352e-05, 9.29775997065e-05, 3.90617424273e-05, 6.46593834972e-05, 4.14615387854e-05, 6.47523629596e-05, 5.27700030943e-05, 4.10031643696e-05, 2.58405925706e-05, 1.69183495018e-05, 2.10177968256e-05, 1.69246832229e-05, 9.92011882772e-06, 1.01523091871e-05, 5.98968244958e-06, 4.68201869808e-06, 4.51776259069e-06, 3.09072856908e-06, 2.3615086775e-06, 1.93189794118e-06, 1.63181130119e-06, 1.28892861539e-06, 1.0479861885e-06, 9.07490857571e-07, 7.0329576829e-07, 1.81442288749e-07],
        "median": [0.000384704791941, 0.00114172021858, 0.0015587171074, 0.000908990507014, 0.000389757362427, 0.000180291739525, 6.68410139042e-05, 8.43276939122e-05, 9.40026511671e-05, 0.000163329736097, 6.51857917546e-05, 3.59400364687e-05, 5.29494282091e-05, 3.49539404851e-05, 3.12465272145e-05, 3.22946470988e-05, 2.34304425248e-05, 3.59466575901e-05, 2.23025708692e-05, 2.7529835279e-05, 3.98257980123e-05, 3.34473152179e-05, 2.16824737436e-05, 1.39045350807e-05, 1.78822519956e-05, 1.40956835821e-05, 8.76519698068e-06, 7.72669864091e-06, 5.29926091986e-06, 3.96937321057e-06, 3.52200686393e-06, 2.18290938392e-06, 1.56959856668e-06, 1.29991497033e-06, 1.1305805856e-06, 8.97870165772e-07, 8.10471931345e-07, 7.02907357208e-07, 4.86087628815e-07, 9.37875910267e-08],
        "min": [5.856108376e-10, 2.17764514754e-10, 3.83114484581e-10, 5.76540724884e-11, 4.5796491599e-11, 3.09058056924e-11, 1.31371640996e-11, 9.03500278066e-12, 8.10171981586e-12, 2.68441779222e-12, 4.38608914813e-12, 2.95307593483e-12, 3.4819048686e-12, 4.34755443451e-12, 2.07694820543e-12, 2.25537795905e-12, 1.90024753745e-12, 1.48653615459e-12, 2.18335332453e-12, 9.59916608007e-13, 1.84378250515e-12, 2.69048325285e-12, 3.24983898299e-12, 3.42126826001e-12, 4.00629659655e-12, 4.36373853718e-12, 4.36969948073e-12, 3.91796014035e-12, 3.06787776606e-12, 5.16165582498e-12, 4.324738484e-12, 4.46535560264e-12, 6.25010503422e-12, 4.44396125801e-12, 2.31727441055e-12, 1.47461958009e-12, 1.37483367789e-13, 1.17822608224e-13, 6.41320289517e-14, 8.57553164222e-14],
        "var": [1.00567876871e-05, 1.09072525447e-05, 4.71994007967e-06, 1.07923906398e-05, 6.09422613707e-07, 4.39525450702e-07, 4.62083455943e-08, 1.39366193252e-07, 1.40103523449e-07, 3.85794521662e-07, 8.73225545206e-08, 9.06053454486e-09, 5.54370629402e-08, 1.02960493464e-08, 4.21379153792e-09, 3.20010506982e-08, 2.16901541172e-09, 6.19442008798e-09, 3.09591219327e-09, 1.16481464474e-08, 2.37545272341e-09, 1.20286824945e-09, 4.11091466423e-10, 1.62653696067e-10, 2.0416950075e-10, 1.33036165417e-10, 4.28278384978e-11, 8.05712024876e-11, 1.84472194464e-11, 1.09363473139e-11, 1.40867751491e-11, 8.33567676689e-12, 5.75201648464e-12, 4.30139257546e-12, 2.6872926627e-12, 1.69013544479e-12, 9.31456409399e-13, 7.64866631402e-13, 6.90169059056e-13, 1.06562402945e-13]
    },
    "mfcc": {
        "mean": [-610.667175293, 114.310188293, -10.1856517792, 32.2232093811, 6.87547922134, 6.56595468521, -1.30557143688, 7.18305253983, -0.261371135712, 2.00187778473, -8.13511276245, -2.3243060112, -9.34572315216],
        "cov": [[7459.24853516, 943.093811035, -126.665046692, 94.0381774902, -57.1785736084, 50.0564193726, -116.883644104, 81.5227508545, -64.7722549438, 65.0329360962, -96.3578948975, 23.2599983215, -60.0660934448], [943.093811035, 499.514709473, -204.975769043, 50.1252288818, -31.5388145447, 5.9321770668, 22.3912372589, 5.61587190628, 17.7676620483, 26.7463932037, 10.9442243576, 12.7728900909, -26.2722148895], [-126.665046692, -204.975769043, 362.958404541, 28.264881134, 72.5946273804, 24.8031597137, -23.2864933014, 19.7303695679, -29.1176300049, -5.39098262787, 0.112996801734, -0.18212467432, 7.04868888855], [94.0381774902, 50.1252288818, 28.264881134, 145.608032227, 35.2342529297, -8.55601024628, -30.5229625702, 5.29222393036, 6.36249160767, -8.40448188782, -9.7191619873, 2.43096494675, 10.798617363], [-57.1785736084, -31.5388145447, 72.5946273804, 35.2342529297, 127.63394165, 20.5823974609, 18.964138031, 9.85229492188, 16.2638435364, 11.9681501389, 2.86843466759, 10.1752882004, 14.9301986694], [50.0564193726, 5.9321770668, 24.8031597137, -8.55601024628, 20.5823974609, 98.9683761597, 44.5717849731, 20.99168396, -12.6268215179, 11.0882291794, 7.22950220108, 7.34269094467, -0.429784744978], [-116.883644104, 22.3912372589, -23.2864933014, -30.5229625702, 18.964138031, 44.5717849731, 112.7474823, 30.6553688049, 7.01903438568, 11.0176668167, 13.2490940094, 15.8368120193, -2.73032474518], [81.5227508545, 5.61587190628, 19.7303695679, 5.29222393036, 9.85229492188, 20.99168396, 30.6553688049, 64.6649169922, 26.3593063354, 17.7325630188, -0.831389963627, 5.89509344101, 0.359497576952], [-64.7722549438, 17.7676620483, -29.1176300049, 6.36249160767, 16.2638435364, -12.6268215179, 7.01903438568, 26.3593063354, 74.7661361694, 28.7345256805, 2.82890534401, -5.36412143707, -0.394316881895], [65.0329360962, 26.7463932037, -5.39098262787, -8.40448188782, 11.9681501389, 11.0882291794, 11.0176668167, 17.7325630188, 28.7345256805, 68.8542404175, 20.7741069794, 5.62285709381, -4.64332008362], [-96.3578948975, 10.9442243576, 0.112996801734, -9.7191619873, 2.86843466759, 7.22950220108, 13.2490940094, -0.831389963627, 2.82890534401, 20.7741069794, 51.4024085999, 18.6517772675, 1.03080308437], [23.2599983215, 12.7728900909, -0.18212467432, 2.43096494675, 10.1752882004, 7.34269094467, 15.8368120193, 5.89509344101, -5.36412143707, 5.62285709381, 18.6517772675, 48.3539848328, 16.8856658936], [-60.0660934448, -26.2722148895, 7.04868888855, 10.798617363, 14.9301986694, -0.429784744978, -2.73032474518, 0.359497576952, -0.394316881895, -4.64332008362, 1.03080308437, 16.8856658936, 43.1342048645]],
