{
"lowlevel": {
    "average_loudness": 0.950479507446,
    "barkbands_crest": {
        "dmean": 1.94501972198,
        "dmean2": 3.15401315689,
        "dvar": 3.71332263947,
        "dvar2": 9.75112533569,
        "max": 21.4851703644,
        "mean": 10.1539468765,
        "median": 9.7453956604,
        "min": 2.84697985649,
        "var": 12.1480417252
    },
    "barkbands_flatness_db": {
        "dmean": 0.0184243246913,
        "dmean2": 0.0274361670017,
        "dvar": 0.000395726063289,
        "dvar2": 0.000787309021689,
        "max": 0.312987625599,
        "mean": 0.161583453417,
        "median": 0.155432373285,
        "min": 0.0523192770779,
        "var": 0.00258742179722
    },
    "barkbands_kurtosis": {
        "dmean": 2.55404162407,
        "dmean2": 4.06596946716,
        "dvar": 17.3870506287,
        "dvar2": 41.5467529297,
        "max": 62.5029373169,
        "mean": 4.82145595551,
        "median": 2.0406165123,
        "min": -1.91666948795,
        "var": 64.7952651978
    },
    "barkbands_skewness": {
        "dmean": 0.480867803097,
        "dmean2": 0.734999120235,
        "dvar": 0.319997221231,
        "dvar2": 0.773990571499,
        "max": 6.83866596222,
        "mean": 1.55491876602,
        "median": 1.45674681664,
        "min": -2.49937415123,
        "var": 1.57509386539
    },
    "barkbands_spread": {
        "dmean": 4.83912706375,
        "dmean2": 7.63651418686,
        "dvar": 61.2435455322,
        "dvar2": 145.906005859,
        "max": 107.365905762,
        "mean": 18.7062244415,
        "median": 15.8372344971,
        "min": 1.63561844826,
        "var": 174.283981323
    },
    "dissonance": {
        "dmean": 0.0217629857361,
        "dmean2": 0.0366478711367,
        "dvar": 0.00045459496323,
        "dvar2": 0.00117044313811,
        "max": 0.498923480511,
        "mean": 0.448424011469,
        "median": 0.456130027771,
        "min": 0.222270995378,
        "var": 0.00131768826395
    },
    "dynamic_complexity": 3.88763904572,
    "erbbands_crest": {
        "dmean": 2.32948637009,
        "dmean2": 3.72182130814,
        "dvar": 4.8070306778,
        "dvar2": 11.2591018677,
        "max": 29.3348731995,
        "mean": 9.6010017395,
        "median": 8.40923309326,
        "min": 2.4907848835,
        "var": 19.0552310944
    },
    "erbbands_flatness_db": {
        "dmean": 0.0172948502004,
        "dmean2": 0.0244148913771,
        "dvar": 0.00034779694397,
        "dvar2": 0.000673346046824,
        "max": 0.347171664238,
        "mean": 0.173916235566,
        "median": 0.172375485301,
        "min": 0.0599480159581,
        "var": 0.00172690127511
    },
    "erbbands_kurtosis": {
        "dmean": 0.896176636219,
        "dmean2": 1.41128015518,
        "dvar": 1.40455639362,
        "dvar2": 3.2457678318,
        "max": 20.3866119385,
        "mean": 0.627047479153,
        "median": 0.0897052288055,
        "min": -1.70169818401,
        "var": 3.8338804245
    },
    "erbbands_skewness": {
        "dmean": 0.36412447691,
        "dmean2": 0.554988503456,
        "dvar": 0.147373706102,
        "dvar2": 0.327037990093,
        "max": 3.3184530735,
        "mean": 0.181524440646,
        "median": 0.24798682332,
        "min": -2.9500246048,
        "var": 0.715631902218
    },
    "erbbands_spread": {
        "dmean": 7.88600111008,
        "dmean2": 12.3516798019,
        "dvar": 114.918876648,
        "dvar2": 283.271453857,
        "max": 129.088424683,
        "mean": 34.0939674377,
        "median": 31.165813446,
        "min": 2.91374087334,
        "var": 289.192687988
    },
    "hfc": {
        "dmean": 5.31429433823,
        "dmean2": 7.56456565857,
        "dvar": 91.10572052,
        "dvar2": 202.544143677,
        "max": 111.965255737,
        "mean": 17.4176616669,
        "median": 11.9726629257,
        "min": 1.24475713529e-16,
        "var": 333.853607178
    },
    "melbands_crest": {
        "dmean": 2.30905437469,
        "dmean2": 3.71613144875,
        "dvar": 5.57940816879,
        "dvar2": 14.4556713104,
        "max": 27.7304000854,
        "mean": 14.3956670761,
        "median": 14.1785039902,
        "min": 2.03190493584,
        "var": 22.8713474274
    },
    "melbands_flatness_db": {
        "dmean": 0.0241134390235,
        "dmean2": 0.0352900922298,
        "dvar": 0.000810337485746,
        "dvar2": 0.00164268061053,
        "max": 0.444759190083,
        "mean": 0.236929237843,
        "median": 0.226714849472,
        "min": 0.00256376271136,
        "var": 0.00552681554109
    },
    "melbands_kurtosis": {
        "dmean": 6.03387403488,
        "dmean2": 9.82340717316,
        "dvar": 116.113380432,
        "dvar2": 297.29788208,
        "max": 145.126876831,
        "mean": 12.6722841263,
        "median": 7.5096912384,
        "min": -1.83940649033,
        "var": 257.918884277
    },
    "melbands_skewness": {
        "dmean": 0.622826993465,
        "dmean2": 0.978173553944,
        "dvar": 0.586586296558,
        "dvar2": 1.47725391388,
        "max": 9.74425125122,
        "mean": 2.55297088623,
        "median": 2.41318559647,
        "min": -0.996322453022,
        "var": 2.39878082275
    },
    "melbands_spread": {
        "dmean": 6.13808679581,
        "dmean2": 9.63852977753,
        "dvar": 160.735916138,
        "dvar2": 356.103515625,
        "max": 223.309524536,
        "mean": 21.1418399811,
        "median": 17.0795345306,
        "min": 1.36738061905,
        "var": 454.003814697
    },
    "pitch_salience": {
        "dmean": 0.0558822378516,
        "dmean2": 0.090200483799,
        "dvar": 0.00284729036503,
        "dvar2": 0.00720902998,
        "max": 0.942250192165,
        "mean": 0.520599544048,
        "median": 0.515583515167,
        "min": 0.224554598331,
        "var": 0.0109713803977
    },
    "silence_rate_20dB": {
        "dmean": 0,
        "dmean2": 0,
        "dvar": 0,
        "dvar2": 0,
        "max": 1,
        "mean": 1,
        "median": 1,
        "min": 1,
        "var": 0
    },
    "silence_rate_30dB": {
        "dmean": 0,
        "dmean2": 0,
        "dvar": 0,
        "dvar2": 0,
        "max": 1,
        "mean": 1,
        "median": 1,
        "min": 1,
        "var": 0
    },
    "silence_rate_60dB": {
        "dmean": 0.00618238002062,
        "dmean2": 0.0123743228614,
        "dvar": 0.00614408496767,
        "dvar2": 0.0137682789937,
        "max": 1,
        "mean": 0.0679536685348,
        "median": 0,
        "min": 0,
        "var": 0.0633374154568
    },
    "spectral_centroid": {
        "dmean": 228.48085022,
        "dmean2": 348.558380127,
        "dvar": 184169.28125,
        "dvar2": 345972.0625,
        "max": 10936.2783203,
        "mean": 1104.34570312,
        "median": 998.014831543,
        "min": 190.987213135,
        "var": 508190.75
    },
    "spectral_complexity": {
        "dmean": 2.39103555679,
        "dmean2": 3.67826747894,
        "dvar": 10.2473974228,
        "dvar2": 21.7851676941,
        "max": 46,
        "mean": 14.4594593048,
        "median": 14,
        "min": 0,
        "var": 49.5117530823
    },
    "spectral_decrease": {
        "dmean": 1.38085765045e-09,
        "dmean2": 2.21821272461e-09,
        "dvar": 5.73009351575e-18,
        "dvar2": 1.46669148035e-17,
        "max": 9.44128775484e-29,
        "mean": -5.96088778337e-09,
        "median": -5.13244424738e-09,
        "min": -3.17609156752e-08,
        "var": 1.58426511282e-17
    },
    "spectral_energy": {
        "dmean": 0.00555263692513,
        "dmean2": 0.00883565936238,
        "dvar": 8.80965453689e-05,
        "dvar2": 0.000222731454414,
        "max": 0.123689696193,
        "mean": 0.0240776054561,
        "median": 0.0207746177912,
        "min": 1.0933985145e-20,
        "var": 0.000260526052443
    },
    "spectral_energyband_high": {
        "dmean": 0.000340194732416,
        "dmean2": 0.000546995492186,
        "dvar": 1.30068008275e-06,
        "dvar2": 3.33384991791e-06,
        "max": 0.0137804662809,
        "mean": 0.000530371791683,
        "median": 0.00011151596118,
        "min": 8.02978147935e-21,
        "var": 1.88302385595e-06
    },
    "spectral_energyband_low": {
        "dmean": 0.00273093837313,
        "dmean2": 0.00475017121062,
        "dvar": 5.40236251254e-05,
        "dvar2": 0.000150833424414,
        "max": 0.0842363536358,
        "mean": 0.00810880959034,
        "median": 0.00726784672588,
        "min": 6.97968793484e-23,
        "var": 5.5664415413e-05
    },
    "spectral_energyband_middle_high": {
        "dmean": 0.00174368056469,
        "dmean2": 0.00231392588466,
        "dvar": 8.01726309874e-06,
        "dvar2": 1.26294416987e-05,
        "max": 0.0529911331832,
        "mean": 0.00542324408889,
        "median": 0.00252625672147,
        "min": 1.28764990582e-21,
        "var": 5.11437028763e-05
    },
    "spectral_energyband_middle_low": {
        "dmean": 0.00312531855889,
        "dmean2": 0.00479907728732,
        "dvar": 1.90375103557e-05,
        "dvar2": 4.59778202639e-05,
        "max": 0.0484024062753,
        "mean": 0.0111397011206,
        "median": 0.00809940788895,
        "min": 3.87122445185e-22,
        "var": 9.00404484128e-05
    },
    "spectral_entropy": {
        "dmean": 0.191592901945,
        "dmean2": 0.276409357786,
        "dvar": 0.0550730787218,
        "dvar2": 0.100541874766,
        "max": 9.79829788208,
        "mean": 7.16589021683,
        "median": 7.13812732697,
        "min": 5.93067979813,
        "var": 0.250585526228
    },
    "spectral_flux": {
        "dmean": 0.0204341635108,
        "dmean2": 0.0315335020423,
        "dvar": 0.000668018416036,
        "dvar2": 0.00142995081842,
        "max": 0.285218715668,
        "mean": 0.0633634924889,
        "median": 0.0518853887916,
        "min": 1.04565696379e-10,
        "var": 0.00199623405933
    },
    "spectral_kurtosis": {
        "dmean": 3.01474380493,
        "dmean2": 4.89096927643,
        "dvar": 14.369137764,
        "dvar2": 35.8484306335,
        "max": 38.8753433228,
        "mean": 7.62784290314,
        "median": 5.5861158371,
        "min": -1.21878147125,
        "var": 38.5918540955
    },
    "spectral_rms": {
        "dmean": 0.000523624999914,
        "dmean2": 0.000811863399576,
        "dvar": 5.5378950492e-07,
        "dvar2": 1.28972465063e-06,
        "max": 0.0109851211309,
        "mean": 0.00451742997393,
        "median": 0.00450199050829,
        "min": 3.26608380098e-12,
        "var": 3.08318476527e-06
    },
    "spectral_rolloff": {
        "dmean": 395.068481445,
        "dmean2": 651.192687988,
        "dvar": 1152175.375,
        "dvar2": 2163712.5,
        "max": 19379.8828125,
        "mean": 1247.17932129,
        "median": 904.39453125,
        "min": 129.19921875,
        "var": 2044850.875
    },
    "spectral_skewness": {
        "dmean": 0.340054899454,
        "dmean2": 0.537466108799,
        "dvar": 0.156593874097,
        "dvar2": 0.364246994257,
        "max": 4.77998733521,
        "mean": 1.96785509586,
        "median": 1.83300042152,
        "min": -0.0218141879886,
        "var": 0.60801833868
    },
    "spectral_spread": {
        "dmean": 649490.875,
        "dmean2": 961595.375,
        "dvar": 1.71364791091e+12,
        "dvar2": 2.55905156301e+12,
        "max": 39592440,
        "mean": 3964354,
        "median": 3570978.25,
        "min": 1842536.125,
        "var": 3.38429162291e+12
    },
    "spectral_strongpeak": {
        "dmean": 0.436626076698,
        "dmean2": 0.700872004032,
        "dvar": 0.773225069046,
        "dvar2": 1.67192447186,
        "max": 14.7566003799,
        "mean": 1.13678884506,
        "median": 0.507034659386,
        "min": 2.54704835001e-09,
        "var": 2.40341663361
    },
    "zerocrossingrate": {
        "dmean": 0.00832870416343,
        "dmean2": 0.00955339428037,
        "dvar": 0.000388052227208,
        "dvar2": 0.000396941119106,
        "max": 0.49560546875,
        "mean": 0.0453015640378,
        "median": 0.0400390625,
        "min": 0.00634765625,
        "var": 0.00139742041938
    },
    "barkbands": {
        "dmean": [2.17214510485e-05, 0.00125307601411, 0.00150792533532, 0.000743934884667, 0.00154528056737, 0.000551037082914, 0.000779273337685, 0.000709077692591, 0.00051370827714, 0.000358649791451, 0.000381518533686, 0.000308677292196, 0.000157135655172, 0.000411209126469, 0.000355292402674, 0.000280882202787, 0.000208100042073, 0.000246751791565, 0.000109645297925, 9.56485964707e-05, 7.54159700591e-05, 8.08247059467e-05, 8.26419927762e-05, 5.98371843807e-05, 2.35211009567e-05, 9.24533105717e-06, 2.92358066645e-07],
        "dmean2": [3.33911302732e-05, 0.00216695619747, 0.00263905175962, 0.00127658271231, 0.00245077162981, 0.000781685346738, 0.00119834742509, 0.00102622900158, 0.000747741840314, 0.000529616198037, 0.000520872301422, 0.000439055525931, 0.000231120517128, 0.000611269671936, 0.000537724408787, 0.000403023557737, 0.00031466895598, 0.000360392470611, 0.000168843485881, 0.000135333204526, 0.000134301561047, 0.000139957730426, 0.000129437117721, 9.08535803319e-05, 3.64281113434e-05, 1.40081374411e-05, 4.59620508764e-07],
        "dvar": [1.88599846851e-09, 1.04269747681e-05, 1.64620250871e-05, 3.02779312733e-06, 6.137838227e-06, 1.8628613816e-06, 4.20807600676e-06, 5.32345757165e-06, 1.74011790932e-06, 1.2228280184e-06, 2.05113701668e-06, 6.32528383449e-07, 1.10396563002e-07, 1.07782886971e-06, 1.19491255646e-06, 1.10371138362e-06, 3.12416574388e-07, 3.17370592029e-07, 7.13545489361e-08, 6.2561497316e-08, 1.30060001879e-07, 1.36708607101e-07, 6.73534472639e-08, 6.02898424518e-08, 1.55294976878e-08, 9.69690661101e-10, 1.07400189003e-12],
        "dvar2": [3.73305564239e-09, 2.87440925604e-05, 4.70649174531e-05, 8.50163360155e-06, 1.5590005205e-05, 3.76817229153e-06, 9.62094418355e-06, 1.26664481286e-05, 3.4528507058e-06, 2.16401235775e-06, 2.66068514065e-06, 1.23827385323e-06, 1.92486979245e-07, 2.15922545976e-06, 2.34335675486e-06, 2.33678929362e-06, 6.02300360697e-07, 6.4240816755e-07, 1.555847291e-07, 1.07210759381e-07, 3.76806156055e-07, 3.92999169208e-07, 1.59918840836e-07, 1.17310577252e-07, 3.17033936881e-08, 2.0208865692e-09, 2.37331790505e-12],
        "max": [0.000845449976623, 0.0355144701898, 0.0475118532777, 0.0206503607333, 0.0334237292409, 0.0292783472687, 0.0361681133509, 0.0416630916297, 0.0206135734916, 0.0291593037546, 0.0523503646255, 0.0231555886567, 0.00966654345393, 0.0198340099305, 0.0350411199033, 0.0332229025662, 0.0103182047606, 0.00759304407984, 0.0058823605068, 0.00379455741495, 0.0054337750189, 0.00565186981112, 0.00488462112844, 0.00666377181187, 0.0038189466577, 0.000601929088589, 1.90447553905e-05],
        "mean": [2.67176728812e-05, 0.00347063760273, 0.00355889741331, 0.001802142011, 0.00354401953518, 0.00135762011632, 0.00184535607696, 0.00142960110679, 0.00104427558836, 0.000799470173661, 0.000825638358947, 0.00053945754189, 0.000286195980152, 0.000702545745298, 0.000730518135242, 0.000451567786513, 0.000358042510925, 0.00047731216182, 0.000190795442904, 0.000207663659239, 7.97323737061e-05, 8.43976959004e-05, 0.000114982765808, 0.000100127625046, 3.80075580324e-05, 1.15751918202e-05, 3.16193165872e-07],
        "median": [1.14354288598e-05, 0.00247228704393, 0.00236235652119, 0.00105563295074, 0.00179332192056, 0.000400840188377, 0.000434739602497, 0.000196403678274, 0.000321091414662, 0.000221853857511, 0.000138420451549, 0.00016565277474, 0.000106407394924, 0.000164882381796, 0.000105180108221, 7.20696916687e-05, 6.5695727244e-05, 7.37169102649e-05, 4.48867576779e-05, 2.56457296928e-05, 1.29702693812e-05, 1.68858368852e-05, 2.05341148103e-05, 1.01057557913e-05, 3.87888258047e-06, 1.26953739255e-06, 5.84101442769e-08],
        "min": [2.16760138756e-23, 4.50765250217e-23, 7.97624755448e-24, 1.46164345259e-23, 1.02113033336e-22, 1.1489129258e-22, 2.4400922458e-23, 3.6472977642e-23, 8.41484680249e-23, 6.40181071862e-23, 8.39211246229e-23, 5.04811215239e-23, 1.27523315944e-22, 3.71460842534e-23, 1.54717623267e-22, 1.68431345326e-22, 1.29184455062e-22, 1.55858821007e-22, 2.01780812437e-22, 2.64533208078e-22, 4.82893238791e-22, 5.16462817027e-22, 6.63664867787e-22, 1.01423066559e-21, 1.31684053611e-21, 1.59652875929e-21, 2.5535188698e-21],
        "var": [2.81861267659e-09, 1.31882125061e-05, 1.89930960914e-05, 4.74350963486e-06, 2.52762220043e-05, 8.81769028638e-06, 1.86301003851e-05, 1.27604826048e-05, 4.09623908126e-06, 4.25338021159e-06, 8.66858044901e-06, 2.28353974308e-06, 4.14032172102e-07, 2.67723430625e-06, 5.99929535383e-06, 2.36608343585e-06, 9.6105884495e-07, 9.77828108262e-07, 1.76179256073e-07, 2.46495204692e-07, 8.06577844514e-08, 8.72001209018e-08, 1.13523356049e-07, 2.04840219453e-07, 4.62112126343e-08, 1.62569457896e-09, 1.13292177289e-12]
    },
    "erbbands": {
        "dmean": [0.0220380239189, 0.347912281752, 1.52038812637, 2.24501490593, 3.2875957489, 5.93043088913, 5.44908571243, 4.63954401016, 8.60162258148, 13.580871582, 15.6262168884, 10.4801921844, 9.71908473969, 12.5853395462, 14.4653615952, 10.6474590302, 7.51519107819, 15.908993721, 19.306022644, 19.2884559631, 10.8206348419, 12.0114030838, 14.7486505508, 6.30839967728, 4.54107093811, 4.86245059967, 2.43481254578, 3.33625435829, 2.87820768356, 2.64906048775, 2.49533200264, 1.81441581249, 0.635515391827, 0.30596268177, 0.153287023306, 0.0561074987054, 0.0143057098612, 0.00161483616102, 4.31904772995e-05, 7.92243554315e-06],
        "dmean2": [0.0371320284903, 0.611491382122, 2.68015646935, 3.86905837059, 5.22684764862, 9.52658367157, 8.17870903015, 6.82812595367, 13.479183197, 19.5508899689, 22.9276657104, 15.2948827744, 13.9221382141, 16.9668083191, 18.9820022583, 15.1257352829, 10.8402338028, 23.2919960022, 28.121679306, 27.3214302063, 15.4399967194, 17.2754478455, 20.546453476, 9.43211746216, 6.83544063568, 6.95774745941, 4.00465250015, 6.01237154007, 5.07876110077, 4.48801612854, 3.81781554222, 2.75231480598, 0.943940162659, 0.478728741407, 0.23677828908, 0.0847070962191, 0.021887216717, 0.00246278103441, 6.56044285279e-05, 1.23434947454e-05],
        "dvar": [0.00326256616972, 0.858520388603, 17.4725570679, 30.5591392517, 40.438533783, 114.939277649, 179.460083008, 161.285354614, 741.190856934, 1092.12451172, 2908.48608398, 994.793273926, 864.420593262, 1794.34143066, 2993.37426758, 825.41595459, 212.969467163, 1968.55993652, 2596.3671875, 3970.18896484, 1566.8145752, 899.512634277, 947.59564209, 183.621154785, 100.156913757, 169.817321777, 68.8693771362, 309.660522461, 242.643356323, 105.131988525, 65.8598022461, 52.4263954163, 6.61624622345, 2.56525588036, 0.747613608837, 0.0512223094702, 0.00233236164786, 2.73091845884e-05, 2.04876116072e-08, 1.72312511482e-10],
        "dvar2": [0.00806579273194, 2.4385664463, 50.153301239, 87.7482452393, 101.146690369, 300.046844482, 358.332458496, 395.737976074, 1667.10424805, 2260.45385742, 6816.77636719, 2192.35009766, 1580.14733887, 2404.70825195, 3463.29272461, 1565.54187012, 384.544403076, 3854.70458984, 4720.52832031, 7690.5234375, 2964.41870117, 1702.97021484, 1677.55407715, 376.412841797, 214.493347168, 292.623901367, 180.070327759, 900.61505127, 705.952758789, 291.939208984, 144.265151978, 100.919319153, 12.7311077118, 5.21618795395, 1.62340843678, 0.107606455684, 0.00503758993, 5.83329529036e-05, 4.33715072745e-08, 4.04709321611e-10],
        "max": [0.707672834396, 9.8059129715, 47.6251983643, 67.5851211548, 84.1901092529, 192.920700073, 238.596374512, 232.974639893, 493.015655518, 824.590270996, 960.94329834, 614.731079102, 834.085876465, 1326.6192627, 1895.26257324, 888.047607422, 320.998535156, 1171.17932129, 1223.15112305, 1689.67272949, 1406.76525879, 698.50201416, 516.586669922, 266.453308105, 174.757705688, 193.110992432, 111.087028503, 264.147064209, 291.801422119, 128.245239258, 208.792129517, 202.106155396, 68.3088684082, 46.3708839417, 29.4674510956, 6.72288751602, 0.6845074296, 0.0760136693716, 0.00272716092877, 0.000152302178321],
        "mean": [0.0533671416342, 0.956500828266, 3.60947561264, 5.93729448318, 7.9576215744, 13.0741195679, 12.9762115479, 10.4602975845, 17.0120220184, 37.2614517212, 32.9478530884, 20.7456512451, 21.5446834564, 30.1358280182, 32.7660827637, 20.2332763672, 15.4122495651, 28.9699783325, 37.0763893127, 37.5008125305, 22.1204833984, 23.0798301697, 29.0731124878, 13.3197021484, 8.81468868256, 10.6076974869, 4.03081321716, 3.13721585274, 2.8802986145, 3.18646836281, 3.60747385025, 2.93340778351, 1.04940104485, 0.504849016666, 0.231475412846, 0.0753564313054, 0.0168870203197, 0.0019001752371, 6.24864187557e-05, 3.09734132315e-05],
        "median": [0.0383087173104, 0.698927521706, 2.4359266758, 4.29249763489, 4.90665626526, 5.70762205124, 4.19235515594, 3.75903916359, 5.50535583496, 6.72277736664, 6.20687150955, 7.2739481926, 8.13229179382, 8.89011001587, 8.4788236618, 6.56265497208, 6.66419458389, 7.6185760498, 7.83606004715, 5.35144948959, 3.87310791016, 5.24738502502, 5.06189537048, 3.00738334656, 2.31892752647, 1.4183536768, 0.653602957726, 0.512641310692, 0.577094316483, 0.674474298954, 0.622058331966, 0.308786809444, 0.108809374273, 0.0466299504042, 0.0241233371198, 0.00851295702159, 0.00190112553537, 0.000297898892313, 2.43792037509e-05, 2.71254120889e-05],
        "min": [2.02789769321e-21, 7.36758462491e-21, 1.17983000279e-20, 3.5956878837e-20, 9.40350552578e-20, 4.44676322383e-19, 7.19657627775e-19, 9.15944536905e-19, 4.0692491075e-19, 3.08296314756e-19, 1.34129962624e-18, 2.21332790365e-18, 1.42979109798e-18, 3.63152761631e-18, 2.00273661189e-18, 2.47823663073e-18, 3.20135316593e-18, 4.88050458041e-18, 3.23919543819e-18, 9.38561557368e-18, 1.15756283578e-17, 7.02128688318e-18, 6.14256588743e-18, 1.30525237727e-17, 9.83152217213e-18, 1.25101819769e-17, 1.76005306982e-17, 1.88858088971e-17, 2.11538835428e-17, 1.86821255974e-17, 1.738676903e-17, 1.7104099908e-17, 1.88627702627e-17, 1.17071484208e-17, 1.0996620127e-17, 5.47904916293e-18, 2.95188107665e-18, 1.42423761414e-18, 3.02739832388e-19, 4.08170173001e-20],
        "var": [0.00401495583355, 0.994138717651, 17.1542606354, 40.8221817017, 135.489639282, 492.168304443, 698.403503418, 485.55645752, 1576.99194336, 8694.34765625, 6577.90185547, 1760.78051758, 2281.52050781, 7024.77539062, 11431.9033203, 3384.75878906, 809.379943848, 5630.77783203, 7266.15771484, 14587.6337891, 5041.34423828, 3093.76757812, 3914.74780273, 711.150024414, 261.244018555, 653.054321289, 111.165634155, 179.25920105, 141.895965576, 85.3873977661, 137.523376465, 180.527481079, 20.924243927, 8.39678287506, 1.6269865036, 0.102969393134, 0.00303270760924, 3.27650413965e-05, 2.49490206272e-08, 4.86087503582e-10]
    },
    "gfcc": {
        "mean": [-32.9577140808, 118.640975952, -113.783302307, 30.4406032562, -48.6356048584, 18.0643901825, -37.136920929, 7.64773321152, -19.7766056061, -4.99485635757, -14.326166153, -2.39831471443, -15.9162130356],
        "cov": [[8668.26367188, -760.328186035, -851.044616699, 461.649047852, -606.209716797, -30.3180580139, -359.102325439, 275.009674072, -36.4129981995, -129.83694458, -13.0320606232, -137.589172363, -51.4801673889], [-760.328186035, 1299.40234375, 105.356719971, -411.182220459, 378.851135254, -168.333129883, 139.809204102, -71.8591537476, 111.584091187, -107.844810486, 53.2677001953, -38.7450180054, -4.35224342346], [-851.044616699, 105.356719971, 901.152648926, -15.1455211639, 32.9904289246, 40.5917205811, -21.8784942627, -49.2365493774, -74.4647903442, 90.9277267456, -47.674697876, 75.4057235718, -20.5003757477], [461.649047852, -411.182220459, -15.1455211639, 432.851806641, -59.952545166, -1.16652274132, -84.8569412231, 20.7257995605, -32.0461425781, -36.4052619934, -17.2592582703, 12.3341684341, 5.86074733734], [-606.209716797, 378.851135254, 32.9904289246, -59.952545166, 333.056884766, -50.6110153198, 34.3854751587, -12.57563591, 16.8300571442, -23.551902771, -22.6963176727, -7.77764844894, -9.25822257996], [-30.3180580139, -168.333129883, 40.5917205811, -1.16652274132, -50.6110153198, 205.213623047, 42.5525474548, -39.7304649353, -27.1368541718, 24.6001796722, -29.8948173523, 0.9145206213, -14.4177322388], [-359.102325439, 139.809204102, -21.8784942627, -84.8569412231, 34.3854751587, 42.5525474548, 201.640655518, -2.88751196861, -31.9036235809, 3.96527004242, -5.42753982544, 4.94598865509, -17.1849002838], [275.009674072, -71.8591537476, -49.2365493774, 20.7257995605, -12.57563591, -39.7304649353, -2.88751196861, 123.406211853, -6.01234912872, 1.78913855553, 14.8743934631, -24.1925621033, -6.33240461349], [-36.4129981995, 111.584091187, -74.4647903442, -32.0461425781, 16.8300571442, -27.1368541718, -31.9036235809, -6.01234912872, 146.671676636, -21.8778476715, -4.28404903412, -13.2089710236, -10.7227077484], [-129.83694458, -107.844810486, 90.9277267456, -36.4052619934, -23.551902771, 24.6001796722, 3.96527004242, 1.78913855553, -21.8778476715, 166.930633545, -20.7366733551, -31.5824108124, -1.10128951073], [-13.0320606232, 53.2677001953, -47.674697876, -17.2592582703, -22.6963176727, -29.8948173523, -5.42753982544, 14.8743934631, -4.28404903412, -20.7366733551, 101.446037292, 2.5220041275, 3.25811743736], [-137.589172363, -38.7450180054, 75.4057235718, 12.3341684341, -7.77764844894, 0.9145206213, 4.94598865509, -24.1925621033, -13.2089710236, -31.5824108124, 2.5220041275, 112.835258484, 10.329413414], [-51.4801673889, -4.35224342346, -20.5003757477, 5.86074733734, -9.25822257996, -14.4177322388, -17.1849002838, -6.33240461349, -10.7227077484, -1.10128951073, 3.25811743736, 10.329413414, 68.253074646]],
        "icov": [[0.000218414526898, -0.000388565211324, 0.000320206250763, -0.000308133312501, 0.000637561548501, -0.000258309883066, 0.000633268093225, -0.000586231122725, 0.000453104468761, -0.000114300681162, 0.000501747534145, -0.00018831640773, 0.000473459105706], [-0.000388565211324, 0.00448630843312, -0.00174511712976, 0.00312000000849, -0.00392903527245, 0.00309266569093, -0.00343459378928, 0.00348179088905, -0.00275394902565, 0.00315777957439, -0.00284653250128, 0.00329805491492, -0.00196541310288], [0.000320206250763, -0.00174511712976, 0.00227716192603, -0.0011234418489, 0.0015584952198, -0.00125134631526, 0.00215360987931, -0.00129046465736, 0.0020052480977, -0.00194766337518, 0.00180755695328, -0.00238032289781, 0.001837807009], [-0.000308133312501, 0.00312000000849, -0.0011234418489, 0.00502413650975, -0.00239257421345, 0.00206557568163, -0.00109718728345, 0.00199136976153, -0.000909861759283, 0.00297305965796, -0.00107337161899, 0.00204412615858, -0.00113510387018], [0.000637561548501, -0.00392903527245, 0.0015584952198, -0.00239257421345, 0.00746886013076, -0.00143017759547, 0.00284036714584, -0.00292358617298, 0.00265631987713, -0.00171038322151, 0.00403200136498, -0.00206970865838, 0.00256928615272], [-0.000258309883066, 0.00309266569093, -0.00125134631526, 0.00206557568163, -0.00143017759547, 0.00850598327816, -0.00361417676322, 0.00453965552151, -0.000943141814787, 0.00186913681682, -0.000293338554911, 0.00273686554283, 4.49504732387e-05], [0.000633268093225, -0.00343459378928, 0.00215360987931, -0.00109718728345, 0.00284036714584, -0.00361417676322, 0.00967328809202, -0.00356925651431, 0.00436248769984, -0.00201793969609, 0.00305247842334, -0.00315265287645, 0.00371014513075], [-0.000586231122725, 0.00348179088905, -0.00129046465736, 0.00199136976153, -0.00292358617298, 0.00453965552151, -0.00356925651431, 0.0127689633518, -0.00155128631741, 0.00199166499078, -0.00329536991194, 0.00428885500878, -0.000633694464341], [0.000453104468761, -0.00275394902565, 0.0020052480977, -0.000909861759283, 0.00265631987713, -0.000943141814787, 0.00436248769984, -0.00155128631741, 0.0103749949485, -0.000760173774324, 0.00326924980618, -0.00137054815423, 0.0036311543081], [-0.000114300681162, 0.00315777957439, -0.00194766337518, 0.00297305965796, -0.00171038322151, 0.00186913681682, -0.00201793969609, 0.00199166499078, -0.000760173774324, 0.00997999403626, -0.000382959842682, 0.0051640542224, -0.00160724797752], [0.000501747534145, -0.00284653250128, 0.00180755695328, -0.00107337161899, 0.00403200136498, -0.000293338554911, 0.00305247842334, -0.00329536991194, 0.00326924980618, -0.000382959842682, 0.013597227633, -0.00222547305748, 0.00197494891472], [-0.00018831640773, 0.00329805491492, -0.00238032289781, 0.00204412615858, -0.00206970865838, 0.00273686554283, -0.00315265287645, 0.00428885500878, -0.00137054815423, 0.0051640542224, -0.00222547305748, 0.013635774143, -0.00301008415408], [0.000473459105706, -0.00196541310288, 0.001837807009, -0.00113510387018, 0.00256928615272, 4.49504732387e-05, 0.00371014513075, -0.000633694464341, 0.0036311543081, -0.00160724797752, 0.00197494891472, -0.00301008415408, 0.0176717657596]]
    },
    "melbands": {
        "dmean": [0.000271596829407, 0.00067457818659, 0.000391718785977, 0.000333608797519, 0.000210157551919, 0.000104054510302, 0.000137276249006, 0.000150211533764, 0.000124857848277, 6.49091380183e-05, 5.12104124937e-05, 5.31121186214e-05, 5.40274413652e-05, 3.41759696312e-05, 2.57093088294e-05, 1.72802829184e-05, 3.24909597111e-05, 3.57503486157e-05, 2.90245661745e-05, 2.3881702873e-05, 1.18378738989e-05, 1.25402830236e-05, 1.62708311109e-05, 1.05174376586e-05, 4.9753125495e-06, 4.32696560893e-06, 3.1225681596e-06, 3.42653265761e-06, 1.59267051458e-06, 1.68448275417e-06, 2.02691012419e-06, 1.44020168591e-06, 1.85316696388e-06, 1.42978058193e-06, 1.56730186518e-06, 1.32274681164e-06, 1.04808952983e-06, 4.68993960112e-07, 3.48400646999e-07, 2.37356417188e-07],
        "dmean2": [0.000457228394225, 0.00119222002104, 0.000663865939714, 0.000530630350113, 0.000319671147736, 0.000150839361595, 0.000216450411244, 0.000213900741073, 0.000180950053618, 9.39211895457e-05, 7.22215772839e-05, 7.13765839464e-05, 7.2243528848e-05, 4.93189654662e-05, 3.74232331524e-05, 2.5081264539e-05, 4.75552224088e-05, 5.2227100241e-05, 4.19576463173e-05, 3.43911233358e-05, 1.72780928551e-05, 1.86915858649e-05, 2.29495690292e-05, 1.52334887389e-05, 7.58547776059e-06, 6.70972804073e-06, 4.34340063293e-06, 4.96476513945e-06, 2.5741353511e-06, 3.0241035347e-06, 3.66621907233e-06, 2.5402753181e-06, 3.19909918289e-06, 2.43002432398e-06, 2.42236342274e-06, 2.01972511604e-06, 1.60380034231e-06, 7.15719750133e-07, 5.57123314593e-07, 3.59151954399e-07],
        "dvar": [4.65254743176e-07, 3.49876881955e-06, 8.09787877643e-07, 3.37873586886e-07, 2.03958165912e-07, 7.28486000412e-08, 1.69237097225e-07, 1.29179099417e-07, 1.58268278483e-07, 3.34032890237e-08, 2.33786288106e-08, 2.97634237256e-08, 4.83684416963e-08, 8.17648526663e-09, 5.33512256595e-09, 1.44601808305e-09, 8.89540174853e-09, 1.06378363895e-08, 1.18326290988e-08, 9.11695163808e-09, 1.71857128528e-09, 1.30894628469e-09, 1.79491788099e-09, 6.06266703507e-10, 1.28412183664e-10, 1.38381625603e-10, 5.48342586615e-11, 9.26816123847e-11, 2.56091085837e-11, 6.67727678705e-11, 1.15156155445e-10, 6.08702116489e-11, 6.64776567127e-11, 2.91831975252e-11, 2.38537904707e-11, 2.36365666623e-11, 1.87816880104e-11, 3.55934661085e-12, 4.02866238633e-12, 1.44608749888e-12],
        "dvar2": [1.22572475902e-06, 1.00378110801e-05, 2.30936620937e-06, 8.50875437663e-07, 4.47570641882e-07, 1.68199619566e-07, 3.83502595014e-07, 2.7564860261e-07, 3.64375381423e-07, 7.31795140041e-08, 4.02831972224e-08, 3.97664479124e-08, 5.49960503804e-08, 1.77399215318e-08, 8.98046437214e-09, 2.66191957365e-09, 1.6254558588e-08, 1.9195622869e-08, 2.24495106949e-08, 1.87909883209e-08, 3.27354254814e-09, 2.49617193582e-09, 3.48297013453e-09, 1.20289278538e-09, 2.73554567887e-10, 3.0482880109e-10, 9.49097675451e-11, 1.71673786298e-10, 5.82424594664e-11, 1.92867916082e-10, 3.35712957433e-10, 1.76675077346e-10, 1.90199106465e-10, 8.10785952265e-11, 5.2444239923e-11, 5.16314629939e-11, 3.68044067445e-11, 7.31321947445e-12, 1.04951707047e-11, 2.38681817366e-12],
        "max": [0.00796833448112, 0.0202725343406, 0.0108959414065, 0.00865463726223, 0.00736131286249, 0.00485606212169, 0.00781316868961, 0.00755999563262, 0.0066085155122, 0.00347413681448, 0.00435603968799, 0.005570451729, 0.00843327958137, 0.00172142847441, 0.00287737604231, 0.00101294496562, 0.0026003154926, 0.00250245211646, 0.00378761440516, 0.0025287293829, 0.00116257905029, 0.0009487089701, 0.000754797249101, 0.000421536795329, 0.000218938104808, 0.000247783493251, 0.000134872403578, 0.000150681880768, 9.43199629546e-05, 0.000121971177578, 0.000156105015776, 0.000150772742927, 0.000114413793199, 7.48576494516e-05, 0.000119422882563, 0.000126654762425, 0.000127874154714, 4.94585256092e-05, 4.68431790068e-05, 3.99153068429e-05],
        "mean": [0.000739385897759, 0.00176523684058, 0.00107465661131, 0.000768583791796, 0.000495055690408, 0.000239858782152, 0.0002878542291, 0.000391757639591, 0.000257178442553, 0.00012444096501, 0.000108977372292, 0.000122037701658, 0.000118707670481, 6.05059067311e-05, 4.63187789137e-05, 3.33526804752e-05, 5.53460304218e-05, 5.99669401709e-05, 5.76371276111e-05, 3.69533590856e-05, 2.21314439841e-05, 2.12929608097e-05, 2.94870169455e-05, 2.05595515581e-05, 9.71734971245e-06, 7.46761497794e-06, 6.11988753008e-06, 7.21112201063e-06, 2.83090253106e-06, 1.71207045696e-06, 1.77366086973e-06, 1.40857093811e-06, 1.91395770344e-06, 1.71502279045e-06, 2.21680420509e-06, 1.85876922387e-06, 1.72213208316e-06, 7.51194704662e-07, 5.01401927977e-07, 3.98400743506e-07],
        "median": [0.000579365354497, 0.00142788258381, 0.000857456296217, 0.000411476561567, 0.000183035939699, 8.20463319542e-05, 8.5122686869e-05, 6.00012317591e-05, 4.62034804514e-05, 4.20678225055e-05, 3.77762735297e-05, 3.59606783604e-05, 2.45487990469e-05, 1.77710298885e-05, 1.45572666952e-05, 1.13614551083e-05, 1.33402672873e-05, 1.23946028907e-05, 7.08215202394e-06, 5.28410282641e-06, 3.25121800415e-06, 3.58686543223e-06, 5.13629220222e-06, 3.35280401487e-06, 1.84895247912e-06, 1.79928156285e-06, 9.96240260065e-07, 7.58920918997e-07, 3.69944132217e-07, 2.48488646548e-07, 2.690091776e-07, 2.87366503926e-07, 3.09608338966e-07, 3.43904730471e-07, 3.93562288536e-07, 2.08968330639e-07, 1.43737850067e-07, 7.22440205436e-08, 4.86974549574e-08, 3.10506749202e-08],
        "min": [1.51397758945e-23, 6.7920813499e-24, 6.10587254769e-24, 1.8765107669e-23, 2.58758478039e-23, 2.05294487261e-23, 6.58377197825e-24, 3.15701227079e-24, 1.33321405732e-23, 1.26960323271e-23, 6.70316331525e-24, 1.44421846183e-23, 8.90173522418e-24, 5.82190904865e-24, 4.54399579739e-24, 1.24616664854e-23, 8.05735823275e-24, 3.41937044736e-24, 1.28257841688e-23, 1.05296743421e-23, 1.46424385368e-23, 8.03484966454e-24, 4.1141683671e-24, 7.59886596375e-24, 1.11542896737e-23, 6.52754236736e-24, 7.98649091333e-24, 8.24802039152e-24, 1.19049626114e-23, 9.68937497272e-24, 1.06684523303e-23, 1.24003270279e-23, 9.79072387751e-24, 1.09329155822e-23, 1.12120784682e-23, 8.68854162024e-24, 1.13900541659e-23, 1.48734943182e-23, 9.63464380311e-24, 9.80798415412e-24],
        "var": [6.0210936681e-07, 3.33301682076e-06, 1.13627027076e-06, 1.36543144436e-06, 7.63532227666e-07, 2.49305401212e-07, 4.29428041571e-07, 8.29512316614e-07, 3.90643663195e-07, 6.25375946584e-08, 6.32650341004e-08, 1.15021116187e-07, 1.90649615206e-07, 1.76564824983e-08, 2.51011549324e-08, 5.86610671149e-09, 2.39231781052e-08, 2.36666188869e-08, 6.09564096976e-08, 1.56735033841e-08, 5.42967670825e-09, 3.47325701533e-09, 5.31431787465e-09, 1.89263049677e-09, 4.45488368417e-10, 3.16471626682e-10, 1.81057127624e-10, 3.5680858268e-10, 7.26449039812e-11, 4.07588754414e-11, 6.59368601386e-11, 3.54825197002e-11, 4.47627629407e-11, 2.418414774e-11, 4.86619841644e-11, 5.69881988821e-11, 6.65644761533e-11, 1.05503748099e-11, 8.09003471852e-12, 5.64625733321e-12]
    },
    "mfcc": {
        "mean": [-676.981201172, 147.284210205, 0.0503803603351, 19.9054889679, 10.9171562195, 9.53027153015, -1.3528881073, 12.7310752869, -6.17072153091, 6.2254948616, -1.63514780998, -1.90667641163, -2.74730086327],
        "cov": [[7191.93066406, -1210.23498535, -428.034393311, 112.20790863, -180.957015991, -332.987060547, -249.308532715, 126.127655029, -179.250900269, 272.354705811, -130.977172852, 5.27554368973, -194.692611694], [-1210.23498535, 1818.99963379, -156.390136719, -93.8674621582, 116.297348022, 0.161790147424, 40.439250946, 50.6737289429, 17.6974487305, 12.66173172, 46.4283790588, -27.1010818481, 59.2224159241], [-428.034393311, -156.390136719, 709.880187988, 17.2931976318, 14.748468399, 81.2413101196, 13.6597499847, -66.1168441772, 5.12381410599, -70.8757705688, -17.963596344, 43.6352424622, 28.0321578979], [112.20790863, -93.8674621582, 17.2931976318, 314.124908447, 74.7576828003, -52.6147079468, -0.573594987392, 25.5766162872, 3.39397120476, -36.9019203186, -40.3141517639, 32.1400566101, 20.1034793854], [-180.957015991, 116.297348022, 14.748468399, 74.7576828003, 249.543838501, -21.4923210144, -48.6480789185, -6.76590490341, 4.37327861786, -23.0660552979, 0.268374830484, -8.64780807495, 11.9599609375], [-332.987060547, 0.161790147424, 81.2413101196, -52.6147079468, -21.4923210144, 233.502807617, 27.1606273651, -12.1226654053, 44.0037956238, -44.2833900452, 44.7173576355, -40.6703109741, -8.49740886688], [-249.308532715, 40.439250946, 13.6597499847, -0.573594987392, -48.6480789185, 27.1606273651, 225.649002075, -21.2197780609, 14.0662298203, -3.01822686195, 6.88636112213, 27.7333698273, -19.1989879608], [126.127655029, 50.6737289429, -66.1168441772, 25.5766162872, -6.76590490341, -12.1226654053, -21.2197780609, 207.483825684, -30.5828819275, -44.4556732178, 2.47740244865, -38.6600189209, 21.9243545532], [-179.250900269, 17.6974487305, 5.12381410599, 3.39397120476, 4.37327861786, 44.0037956238, 14.0662298203, -30.5828819275, 119.207374573, 5.29143238068, 12.6163463593, -2.91244602203, -5.76238918304], [272.354705811, 12.66173172, -70.8757705688, -36.9019203186, -23.0660552979, -44.2833900452, -3.01822686195, -44.4556732178, 5.29143238068, 146.126876831, 0.721643865108, 27.9254016876, -25.8342838287], [-130.977172852, 46.4283790588, -17.963596344, -40.3141517639, 0.268374830484, 44.7173576355, 6.88636112213, 2.47740244865, 12.6163463593, 0.721643865108, 107.671005249, -11.1169033051, -9.1266040802], [5.27554368973, -27.1010818481, 43.6352424622, 32.1400566101, -8.64780807495, -40.6703109741, 27.7333698273, -38.6600189209, -2.91244602203, 27.9254016876, -11.1169033051, 101.331726074, 4.42624235153], [-194.692611694, 59.2224159241, 28.0321578979, 20.1034793854, 11.9599609375, -8.49740886688, -19.1989879608, 21.9243545532, -5.76238918304, -25.8342838287, -9.1266040802, 4.42624235153, 90.1756820679]],
