{
"lowlevel": {
    "average_loudness": 0.931346237659,
    "barkbands_crest": {
        "dmean": 2.15834188461,
        "dmean2": 3.56424927711,
        "dvar": 4.81020450592,
        "dvar2": 12.2902145386,
        "max": 24.7524013519,
        "mean": 7.063352108,
        "median": 5.88401460648,
        "min": 2.26983308792,
        "var": 13.4627361298
    },
    "barkbands_flatness_db": {
        "dmean": 0.018181797117,
        "dmean2": 0.030156949535,
        "dvar": 0.000385842315154,
        "dvar2": 0.00104793405626,
        "max": 0.319940894842,
        "mean": 0.145492836833,
        "median": 0.139308601618,
        "min": 0.0789178088307,
        "var": 0.00119244027883
    },
    "barkbands_kurtosis": {
        "dmean": 0.866610765457,
        "dmean2": 1.50569951534,
        "dvar": 3.85004782677,
        "dvar2": 10.885799408,
        "max": 24.0062255859,
        "mean": -0.604718267918,
        "median": -1.14440882206,
        "min": -1.81800758839,
        "var": 3.29142618179
    },
    "barkbands_skewness": {
        "dmean": 0.440413862467,
        "dmean2": 0.72839730978,
        "dvar": 0.289899289608,
        "dvar2": 0.768397212029,
        "max": 4.8495092392,
        "mean": 0.389625966549,
        "median": 0.264812082052,
        "min": -1.21326732635,
        "var": 0.521295011044
    },
    "barkbands_spread": {
        "dmean": 5.56615877151,
        "dmean2": 8.88479614258,
        "dvar": 35.0527992249,
        "dvar2": 88.2011413574,
        "max": 65.7353897095,
        "mean": 35.8610420227,
        "median": 36.4257164001,
        "min": 3.87279510498,
        "var": 124.377479553
    },
    "dissonance": {
        "dmean": 0.00762438261881,
        "dmean2": 0.0128813507035,
        "dvar": 9.11521710805e-05,
        "dvar2": 0.000256994273514,
        "max": 0.499999850988,
        "mean": 0.485205680132,
        "median": 0.489760160446,
        "min": 0.276162087917,
        "var": 0.000201503542485
    },
    "dynamic_complexity": 2.24632668495,
    "erbbands_crest": {
        "dmean": 1.98297607899,
        "dmean2": 3.28883337975,
        "dvar": 4.37890148163,
        "dvar2": 11.0349025726,
        "max": 25.9267692566,
        "mean": 7.81390857697,
        "median": 6.98567152023,
        "min": 2.90334272385,
        "var": 10.1649141312
    },
    "erbbands_flatness_db": {
        "dmean": 0.014782583341,
        "dmean2": 0.021817419678,
        "dvar": 0.000201710485271,
        "dvar2": 0.000406147999456,
        "max": 0.364088475704,
        "mean": 0.205379918218,
        "median": 0.204637914896,
        "min": 0.137167289853,
        "var": 0.00101236894261
    },
    "erbbands_kurtosis": {
        "dmean": 0.980296313763,
        "dmean2": 1.57525444031,
        "dvar": 1.06580913067,
        "dvar2": 2.70461773872,
        "max": 9.8322725296,
        "mean": 1.13085412979,
        "median": 0.683229446411,
        "min": -1.70191609859,
        "var": 3.6289832592
    },
    "erbbands_skewness": {
        "dmean": 0.319913178682,
        "dmean2": 0.488864988089,
        "dvar": 0.0943106934428,
        "dvar2": 0.206073641777,
        "max": 2.67353725433,
        "mean": -0.8077506423,
        "median": -0.925184726715,
        "min": -2.51685667038,
        "var": 0.556477963924
    },
    "erbbands_spread": {
        "dmean": 6.23190307617,
        "dmean2": 10.2994213104,
        "dvar": 54.6177482605,
        "dvar2": 142.645828247,
        "max": 82.964263916,
        "mean": 29.1219348907,
        "median": 27.8484516144,
        "min": 6.99433326721,
        "var": 90.8129730225
    },
    "hfc": {
        "dmean": 4.92792749405,
        "dmean2": 7.17655086517,
        "dvar": 36.4506759644,
        "dvar2": 73.8444061279,
        "max": 87.8038482666,
        "mean": 23.734292984,
        "median": 20.7427349091,
        "min": 0.000128343337565,
        "var": 181.492523193
    },
    "melbands_crest": {
        "dmean": 3.50399160385,
        "dmean2": 5.78952503204,
        "dvar": 11.2264738083,
        "dvar2": 28.9983634949,
        "max": 28.3068370819,
        "mean": 12.5804700851,
        "median": 11.6875343323,
        "min": 3.71227502823,
        "var": 23.1010704041
    },
    "melbands_flatness_db": {
        "dmean": 0.0238942261785,
        "dmean2": 0.0384695529938,
        "dvar": 0.000739151728339,
        "dvar2": 0.0019209998427,
        "max": 0.339206039906,
        "mean": 0.148076936603,
        "median": 0.139030516148,
        "min": 0.042630545795,
        "var": 0.00246948865242
    },
    "melbands_kurtosis": {
        "dmean": 3.3050763607,
        "dmean2": 5.77924489975,
        "dvar": 60.0695381165,
        "dvar2": 169.564254761,
        "max": 94.9086914062,
        "mean": 2.96340918541,
        "median": 1.10649299622,
        "min": -1.70727074146,
        "var": 47.1323280334
    },
    "melbands_skewness": {
        "dmean": 0.61463111639,
        "dmean2": 1.02940142155,
        "dvar": 0.733919084072,
        "dvar2": 1.96640741825,
        "max": 9.0689201355,
        "mean": 1.59400689602,
        "median": 1.45309913158,
        "min": -0.470366567373,
        "var": 1.03826999664
    },
    "melbands_spread": {
        "dmean": 11.4371137619,
        "dmean2": 18.5582771301,
        "dvar": 127.834342957,
        "dvar2": 314.738555908,
        "max": 114.405464172,
        "mean": 49.4047660828,
        "median": 49.9394989014,
        "min": 3.70914530754,
        "var": 407.350952148
    },
    "pitch_salience": {
        "dmean": 0.0671021342278,
        "dmean2": 0.109211340547,
        "dvar": 0.00467991922051,
        "dvar2": 0.0117789208889,
        "max": 0.812904655933,
        "mean": 0.590310931206,
        "median": 0.610259830952,
        "min": 0.205158084631,
        "var": 0.0110975280404
    },
    "silence_rate_20dB": {
        "dmean": 0,
        "dmean2": 0,
        "dvar": 0,
        "dvar2": 0,
        "max": 1,
        "mean": 1,
        "median": 1,
        "min": 1,
        "var": 0
    },
    "silence_rate_30dB": {
        "dmean": 0,
        "dmean2": 0,
        "dvar": 0,
        "dvar2": 0,
        "max": 1,
        "mean": 1,
        "median": 1,
        "min": 1,
        "var": 0
    },
    "silence_rate_60dB": {
        "dmean": 0.00386996893212,
        "dmean2": 0.00774293439463,
        "dvar": 0.00385505193844,
        "dvar2": 0.0100054787472,
        "max": 1,
        "mean": 0.0185686647892,
        "median": 0,
        "min": 0,
        "var": 0.0182242952287
    },
    "spectral_centroid": {
        "dmean": 225.484817505,
        "dmean2": 361.964477539,
        "dvar": 53446.1289062,
        "dvar2": 133228.578125,
        "max": 3207.60083008,
        "mean": 2244.06274414,
        "median": 2320.62719727,
        "min": 750.845275879,
        "var": 214367.734375
    },
    "spectral_complexity": {
        "dmean": 3.83591341972,
        "dmean2": 5.89624452591,
        "dvar": 11.173740387,
        "dvar2": 24.1061706543,
        "max": 57,
        "mean": 32.4820098877,
        "median": 33,
        "min": 0,
        "var": 81.9828491211
    },
    "spectral_decrease": {
        "dmean": 1.95117966229e-09,
        "dmean2": 3.19961324102e-09,
        "dvar": 1.15236077963e-17,
        "dvar2": 3.04634539212e-17,
        "max": -3.28336363902e-14,
        "mean": -4.80829420724e-09,
        "median": -3.81658926685e-09,
        "min": -3.23064703878e-08,
        "var": 1.37987622808e-17
    },
    "spectral_energy": {
        "dmean": 0.00772295705974,
        "dmean2": 0.012575244531,
        "dvar": 0.000170837505721,
        "dvar2": 0.000448739388958,
        "max": 0.127139091492,
        "mean": 0.0203003883362,
        "median": 0.0164546258748,
        "min": 1.35562942205e-07,
        "var": 0.000219245717744
    },
    "spectral_energyband_high": {
        "dmean": 0.000236161693465,
        "dmean2": 0.00034844505717,
        "dvar": 1.40128079806e-07,
        "dvar2": 2.95029508379e-07,
        "max": 0.00497308187187,
        "mean": 0.000753566564526,
        "median": 0.000489089812618,
        "min": 2.5256472469e-09,
        "var": 5.64203389786e-07
    },
    "spectral_energyband_low": {
        "dmean": 0.00468061957508,
        "dmean2": 0.00833097007126,
        "dvar": 0.000147735423525,
        "dvar2": 0.000410934298998,
        "max": 0.108556583524,
        "mean": 0.00553109310567,
        "median": 0.0030114131514,
        "min": 4.7948045534e-08,
        "var": 0.000101384444861
    },
    "spectral_energyband_middle_high": {
        "dmean": 0.00169632642064,
        "dmean2": 0.00255274376832,
        "dvar": 4.80152630189e-06,
        "dvar2": 1.10097462311e-05,
        "max": 0.0418189428747,
        "mean": 0.00760221993551,
        "median": 0.00618694210425,
        "min": 4.31946673984e-08,
        "var": 2.39037472056e-05
    },
    "spectral_energyband_middle_low": {
        "dmean": 0.00341574731283,
        "dmean2": 0.00533309206367,
        "dvar": 2.70137024927e-05,
        "dvar2": 6.08181399002e-05,
        "max": 0.0681355819106,
        "mean": 0.00733345095068,
        "median": 0.00452155340463,
        "min": 6.4053502058e-08,
        "var": 6.18008707534e-05
    },
    "spectral_entropy": {
        "dmean": 0.0841266214848,
        "dmean2": 0.127590790391,
        "dvar": 0.00774637516588,
        "dvar2": 0.0154776265845,
        "max": 8.17995357513,
        "mean": 7.68882989883,
        "median": 7.68859767914,
        "min": 6.31807994843,
        "var": 0.0505325831473
    },
    "spectral_flux": {
        "dmean": 0.0223533902317,
        "dmean2": 0.0349080711603,
        "dvar": 0.000946687941905,
        "dvar2": 0.0019156470662,
        "max": 0.311899483204,
        "mean": 0.0780182853341,
        "median": 0.067921847105,
        "min": 0.000368188717403,
        "var": 0.00164488190785
    },
    "spectral_kurtosis": {
        "dmean": 2.22071552277,
        "dmean2": 3.97517943382,
        "dvar": 4.8656373024,
        "dvar2": 15.0279684067,
        "max": 16.6681938171,
        "mean": 4.15317344666,
        "median": 3.49272680283,
        "min": -0.220871448517,
        "var": 6.22787332535
    },
    "spectral_rms": {
        "dmean": 0.000749360653572,
        "dmean2": 0.00118574721273,
        "dvar": 1.04043613192e-06,
        "dvar2": 2.61910918198e-06,
        "max": 0.0111372414976,
        "mean": 0.00421531079337,
        "median": 0.00400665588677,
        "min": 1.15002840175e-05,
        "var": 2.03646300179e-06
    },
    "spectral_rolloff": {
        "dmean": 436.782928467,
        "dmean2": 735.614135742,
        "dvar": 326066.6875,
        "dvar2": 853637.8125,
        "max": 6761.42578125,
        "mean": 2652.64746094,
        "median": 2777.78320312,
        "min": 129.19921875,
        "var": 701010.8125
    },
    "spectral_skewness": {
        "dmean": 0.242480129004,
        "dmean2": 0.419918507338,
        "dvar": 0.0486818253994,
        "dvar2": 0.14570325613,
        "max": 2.66634488106,
        "mean": 0.959111332893,
        "median": 0.957605242729,
        "min": -0.204973131418,
        "var": 0.0884748697281
    },
    "spectral_spread": {
        "dmean": 290674.03125,
        "dmean2": 419701.34375,
        "dvar": 89790488576,
        "dvar2": 172930990080,
        "max": 8929614,
        "mean": 2862773,
        "median": 2756101.75,
        "min": 1534406.625,
        "var": 438223831040
    },
    "spectral_strongpeak": {
        "dmean": 0.540425658226,
        "dmean2": 0.909142136574,
        "dvar": 0.719537377357,
        "dvar2": 1.79465520382,
        "max": 8.57041931152,
        "mean": 0.888833284378,
        "median": 0.346403032541,
        "min": 0.000504902505782,
        "var": 1.19165420532
    },
    "zerocrossingrate": {
        "dmean": 0.00796990655363,
        "dmean2": 0.0101147750393,
        "dvar": 5.21674155607e-05,
        "dvar2": 7.62443160056e-05,
        "max": 0.1630859375,
        "mean": 0.0823506638408,
        "median": 0.08203125,
        "min": 0.02294921875,
        "var": 0.000506655545905
    },
    "barkbands": {
        "dmean": [7.84397252573e-06, 0.00163519720081, 0.00281553622335, 0.00117386830971, 0.000899380480405, 0.000282554217847, 0.000764850119594, 0.000900430022739, 0.000641471415292, 0.000231332553085, 0.000320969586028, 0.000334419688443, 0.000395197188482, 0.000393999769585, 0.000346044718754, 0.000370296591427, 0.000439046008978, 0.0004116781638, 0.000295491336146, 0.000193109503016, 8.45147005748e-05, 5.94199882471e-05, 3.53070972778e-05, 2.95939044008e-05, 1.29565496536e-05, 1.24359518239e-08, 8.28849655576e-10],
        "dmean2": [1.31643291752e-05, 0.00291633815505, 0.00503547675908, 0.00203870097175, 0.00154053594451, 0.000479948095744, 0.00109345617238, 0.00138313742355, 0.00102736544795, 0.000365432526451, 0.00048844475532, 0.000522441288922, 0.000627269095276, 0.000642648665234, 0.000559851701837, 0.000596940342803, 0.000717738759704, 0.000668920285534, 0.000482873874716, 0.000315327662975, 0.000132605884573, 9.11173556233e-05, 5.29456592631e-05, 4.06307299272e-05, 1.95268530661e-05, 2.0026639902e-08, 1.52738299786e-09],
        "dvar": [2.80781620177e-10, 1.65891415236e-05, 5.63681351196e-05, 3.50167852048e-06, 2.63512902166e-06, 1.32062916691e-06, 5.45639795746e-06, 7.33904380468e-06, 7.5982557064e-06, 3.63683284377e-07, 7.00296482137e-07, 8.50050469126e-07, 6.9888312737e-07, 1.01275213638e-06, 5.39962400126e-07, 2.09378882232e-07, 2.11342623402e-07, 2.12716074088e-07, 9.30832584345e-08, 5.10230471207e-08, 2.49863170154e-08, 1.16243317194e-08, 3.65659102997e-09, 2.66400568272e-09, 6.75323186261e-10, 7.24124125564e-16, 1.28278383573e-18],
        "dvar2": [6.941019981e-10, 4.66681885882e-05, 0.000156570225954, 9.40121390158e-06, 6.88313866704e-06, 3.53715404344e-06, 1.01014920801e-05, 1.68600272445e-05, 1.80055576493e-05, 8.61474291014e-07, 1.69250120052e-06, 2.29473016589e-06, 1.7619281607e-06, 2.80198514702e-06, 1.47674211348e-06, 5.04515412558e-07, 5.72827332235e-07, 5.47428157915e-07, 2.43479036044e-07, 1.30057316028e-07, 5.94663696063e-08, 2.70646864919e-08, 8.42325320605e-09, 4.90005236387e-09, 1.61730429049e-09, 1.85067360437e-15, 4.06648399781e-18],
        "max": [0.000260052474914, 0.0359912291169, 0.0697115063667, 0.0188840497285, 0.0196796078235, 0.0303804241121, 0.058493591845, 0.0510184168816, 0.0637934803963, 0.0130603201687, 0.0183719098568, 0.0233363751322, 0.0165736805648, 0.0201869159937, 0.0120477667078, 0.0100535470992, 0.00797428470105, 0.00746233947575, 0.00402138754725, 0.00278047425672, 0.00189243431669, 0.00158049201127, 0.000976031587925, 0.000722752010915, 0.000355517928256, 4.2468801098e-07, 1.04240456267e-08],
        "mean": [7.40103587304e-06, 0.00193831173237, 0.00272964942269, 0.00164507271256, 0.00135409738868, 0.000305646564811, 0.00178764516022, 0.00126317504328, 0.000895479344763, 0.000399136508349, 0.00055754929781, 0.00053814786952, 0.000697936338838, 0.000670929439366, 0.000635948032141, 0.000803704897407, 0.00107929727528, 0.00108801957686, 0.000857232371345, 0.000550157099497, 0.000187218436622, 0.000136852395372, 8.50358919706e-05, 6.5395157435e-05, 2.13508210436e-05, 1.73742833454e-08, 6.83090140008e-10],
        "median": [2.24397922466e-06, 0.00116626475938, 0.00105243723374, 0.00111005781218, 0.000865919515491, 0.000112464636914, 0.000241695117438, 0.000231132624322, 0.000121606732137, 0.000154206485604, 0.00017639809812, 0.000200471738935, 0.000351555616362, 0.000297739286907, 0.000314552453347, 0.000643630453851, 0.000931982707698, 0.000886602443643, 0.000742415373679, 0.000455501314718, 0.000104577185994, 5.98136321059e-05, 3.48762550857e-05, 2.67997438641e-05, 5.68956056668e-06, 4.3299905883e-09, 2.78294470801e-10],
        "min": [3.76583243755e-11, 3.10210279686e-09, 1.1997592253e-08, 3.9282795683e-08, 1.16128360261e-08, 1.45839795795e-09, 3.00140845511e-09, 1.45500500537e-09, 2.13088280354e-09, 5.92971116653e-10, 1.74744685388e-09, 2.33336416855e-09, 2.65386446152e-09, 2.27153074128e-09, 3.68419650343e-09, 7.87105403077e-09, 1.21074652526e-08, 5.14792208861e-09, 2.69122102381e-09, 3.76946918124e-09, 4.13814621458e-10, 1.66331656781e-10, 5.63897054051e-11, 5.26428900471e-11, 2.5955394084e-11, 9.40549287759e-12, 1.6333929001e-11],
        "var": [2.65527350107e-10, 1.12138213808e-05, 3.93378759327e-05, 3.45470198226e-06, 2.79114055957e-06, 9.96067456072e-07, 2.30328714679e-05, 1.23794643514e-05, 1.12956931844e-05, 8.01615897217e-07, 1.40867632581e-06, 1.15696968805e-06, 1.17260822208e-06, 1.56356611569e-06, 1.01058844848e-06, 4.27951647453e-07, 4.47185925623e-07, 5.61887020467e-07, 2.64601283106e-07, 1.44497846577e-07, 5.53752279586e-08, 3.44058292967e-08, 1.36699132014e-08, 8.02499666719e-09, 1.25382526583e-09, 1.06209175383e-15, 1.07314132013e-18]
    },
    "erbbands": {
        "dmean": [0.0185314565897, 0.494508445263, 2.90275192261, 3.42553400993, 4.20989274979, 2.3540699482, 2.3114118576, 2.32723093033, 4.96961069107, 19.6458835602, 19.8215942383, 15.1125507355, 7.83702659607, 9.21844100952, 9.79215908051, 13.4533157349, 16.9644584656, 19.6059532166, 15.192943573, 19.2588939667, 20.1705226898, 24.1541748047, 21.1355342865, 15.4519414902, 14.3576517105, 9.29601287842, 4.22629165649, 2.84152936935, 2.15449976921, 1.70073068142, 0.891688108444, 0.650208711624, 0.509491384029, 0.260332673788, 0.0205912645906, 0.000892538402695, 4.34218163718e-05, 5.80111191084e-06, 4.55189001514e-06, 9.00218583411e-06],
        "dmean2": [0.0327706001699, 0.884860694408, 5.14341402054, 6.05604457855, 7.23991537094, 3.97514843941, 3.93546366692, 3.98685288429, 7.43617153168, 28.1151885986, 30.3095722198, 24.100933075, 12.2654876709, 14.477973938, 15.3318300247, 20.767988205, 26.7465820312, 31.3640060425, 24.2811508179, 30.8877487183, 32.976184845, 39.886138916, 34.9178390503, 25.2661037445, 23.4197368622, 15.1511144638, 6.80799245834, 4.40445804596, 3.28417778015, 2.61910915375, 1.31492424011, 0.938225626945, 0.70738273859, 0.383885353804, 0.0307406708598, 0.0013170161983, 6.11155992374e-05, 7.96713720774e-06, 6.97406585459e-06, 1.44216792251e-05],
        "dvar": [0.00208029407077, 1.57706618309, 59.004032135, 53.3113250732, 54.9973983765, 12.8130245209, 26.9382247925, 165.820388794, 178.301620483, 3142.3894043, 3759.46899414, 5641.35546875, 346.712860107, 582.315979004, 932.629943848, 1192.48962402, 1496.77905273, 2328.54516602, 1418.33740234, 1687.40136719, 461.925445557, 687.173278809, 580.912902832, 255.140838623, 265.436981201, 113.517440796, 52.1558570862, 33.4258346558, 15.3124399185, 8.65197181702, 2.26116013527, 1.17494726181, 0.947920024395, 0.268094599247, 0.00193816586398, 3.50444861397e-06, 7.01971236694e-09, 1.02181589579e-10, 4.40425196313e-11, 2.1028159769e-10],
        "dvar2": [0.00568508310243, 4.43696403503, 162.881011963, 148.803039551, 144.618774414, 35.2405319214, 70.9736251831, 455.708618164, 387.063812256, 5802.13623047, 8533.98339844, 13324.4257812, 810.97277832, 1297.42224121, 2517.11816406, 3208.55517578, 3927.33374023, 6521.48828125, 3746.76879883, 4488.36132812, 1229.37182617, 1825.46655273, 1500.62658691, 666.03692627, 676.058288574, 301.57800293, 127.0962677, 78.6103057861, 35.27368927, 20.4692344666, 4.95702314377, 2.41810369492, 1.86395835876, 0.625966608524, 0.00458558974788, 8.18536955194e-06, 1.56457975464e-08, 2.1127560812e-10, 1.07419809159e-10, 5.44953415726e-10],
        "max": [0.479023903608, 11.1566648483, 67.5071029663, 91.7264404297, 89.0376968384, 55.3284034729, 63.136100769, 356.84854126, 327.680541992, 1218.1282959, 891.301330566, 2008.97705078, 294.596130371, 678.217529297, 818.871765137, 975.711181641, 890.846252441, 1139.81726074, 976.623352051, 895.033569336, 262.219360352, 509.150543213, 348.613769531, 205.848937988, 266.702636719, 140.958694458, 99.0403060913, 66.8269805908, 45.6052780151, 48.792350769, 23.3209342957, 13.6522054672, 15.1579751968, 7.73579645157, 0.695535778999, 0.0285529438406, 0.00122380058747, 0.000144055331475, 7.49098762753e-05, 0.000147838116391],
        "mean": [0.0232151281089, 0.572898864746, 2.87555146217, 4.61020517349, 5.76437759399, 3.75318241119, 2.91984128952, 2.62778735161, 11.7140550613, 38.4958953857, 28.6775531769, 20.0630207062, 13.3518009186, 18.847492218, 17.3852901459, 23.391828537, 32.1679229736, 36.6032485962, 28.8458175659, 39.769947052, 48.0485839844, 64.6496582031, 58.8941307068, 47.8486976624, 40.4284896851, 27.0979576111, 11.0141181946, 6.20395708084, 4.85120344162, 3.89319205284, 2.14150953293, 1.50016272068, 1.00632035732, 0.452560395002, 0.0338049270213, 0.00152523582801, 9.34613999561e-05, 1.66955378518e-05, 1.51472540892e-05, 2.62769990513e-05],
        "median": [0.0134450607002, 0.330528438091, 1.17782330513, 2.89693212509, 3.62259888649, 2.47212481499, 1.4569362402, 1.00765001774, 2.25212430954, 6.23199939728, 6.30717182159, 3.54500842094, 4.48492336273, 7.68247032166, 6.44562482834, 9.90371990204, 16.5815448761, 15.3761091232, 16.2615852356, 23.5991859436, 40.3870429993, 56.1426963806, 48.0345230103, 40.7570037842, 34.4186592102, 22.5573806763, 7.60623884201, 3.06185054779, 2.20418262482, 1.66944944859, 0.877634644508, 0.656074523926, 0.368964165449, 0.126901775599, 0.00818243157119, 0.000396048679249, 3.81181635021e-05, 9.81811353995e-06, 1.31020460685e-05, 2.22276376007e-05],
        "min": [6.14688602241e-08, 1.08552285383e-06, 1.78525424417e-05, 6.46792977932e-05, 8.01172718639e-05, 2.82345881715e-05, 3.09402894345e-05, 9.79357719189e-06, 2.72881552519e-05, 5.78371909796e-05, 3.23745261994e-05, 4.18453200837e-05, 1.58526036103e-05, 5.99500199314e-05, 6.14327509538e-05, 9.53903218033e-05, 0.000118880605442, 0.000115257273137, 0.000161450559972, 0.000275445141597, 0.000383401056752, 0.000662534788717, 0.000438367627794, 0.000153525848873, 0.000176211833605, 0.000158297989401, 4.31376283814e-05, 1.2256876289e-05, 6.56115435049e-06, 1.99266469281e-06, 1.55106260991e-06, 1.0750840147e-06, 9.41331506965e-07, 4.28357026294e-07, 1.12799135366e-07, 3.89333649764e-08, 1.96693275001e-08, 8.44543901479e-09, 2.20947993235e-09, 4.06069261549e-10],
        "var": [0.00150663068052, 1.05563020706, 41.1014518738, 41.7415542603, 52.9350090027, 16.7242889404, 26.383014679, 112.875808716, 911.640930176, 9945.55761719, 6382.61816406, 8012.51318359, 692.526000977, 1438.10449219, 1146.7935791, 1782.93273926, 2412.45874023, 4363.44482422, 1786.67871094, 3263.70629883, 964.098937988, 1598.48144531, 1526.1003418, 805.14666748, 686.372802734, 336.889984131, 123.633834839, 68.5999526978, 41.710269928, 29.0400257111, 8.55075454712, 3.96836805344, 2.2207608223, 0.540497660637, 0.00355362542905, 6.8123699748e-06, 1.652061421e-08, 3.14160586434e-10, 9.01969957057e-11, 3.06714931231e-10]
    },
    "gfcc": {
        "mean": [-14.9801092148, 115.314239502, -176.907531738, 72.7787322998, -50.8226852417, 12.3632545471, -32.7599067688, 5.21524858475, -11.1457948685, -21.9211578369, 2.65921020508, -27.0087795258, -4.90744924545],
        "cov": [[2597.37182617, -612.787902832, 159.158035278, -3.15247774124, -529.644226074, 339.586334229, -185.201263428, 102.821144104, -53.8912963867, 60.4041290283, -127.324195862, 19.6723613739, 3.21137595177], [-612.787902832, 744.884216309, -183.495651245, -179.600570679, 288.285736084, -285.16305542, 239.787582397, -67.5804595947, 119.328659058, -62.7750205994, 131.900177002, -69.7899017334, -45.3440437317], [159.158035278, -183.495651245, 241.418518066, 132.646560669, -59.5572090149, 93.39478302, -122.633468628, 41.0116157532, -38.8116760254, 34.2136077881, -21.6635551453, 24.974029541, 13.6527175903], [-3.15247774124, -179.600570679, 132.646560669, 271.570953369, 61.3555793762, 55.4756546021, -65.1119308472, -22.8212280273, -60.4733581543, -13.4531154633, -43.4003982544, 33.6018447876, 34.613243103], [-529.644226074, 288.285736084, -59.5572090149, 61.3555793762, 315.600219727, -99.421005249, 123.072937012, -28.0082683563, 0.360047161579, -39.7537536621, 45.7073097229, -28.4358730316, -0.973861455917], [339.586334229, -285.16305542, 93.39478302, 55.4756546021, -99.421005249, 221.931304932, -40.0176467896, 42.5772895813, -66.4845733643, 8.77801799774, -52.9180335999, 29.5295810699, 17.615606308], [-185.201263428, 239.787582397, -122.633468628, -65.1119308472, 123.072937012, -40.0176467896, 191.92149353, -13.0167779922, 26.681760788, -44.4761199951, 26.3742656708, -16.726808548, -18.1883907318], [102.821144104, -67.5804595947, 41.0116157532, -22.8212280273, -28.0082683563, 42.5772895813, -13.0167779922, 98.3545532227, 20.3814468384, 30.3474693298, -2.08427643776, -17.1002693176, -8.49016571045], [-53.8912963867, 119.328659058, -38.8116760254, -60.4733581543, 0.360047161579, -66.4845733643, 26.681760788, 20.3814468384, 121.248146057, 27.0971355438, 28.8538093567, -33.0659255981, -29.7060337067], [60.4041290283, -62.7750205994, 34.2136077881, -13.4531154633, -39.7537536621, 8.77801799774, -44.4761199951, 30.3474693298, 27.0971355438, 71.0660629272, 14.0028162003, -2.63418960571, -10.7900447845], [-127.324195862, 131.900177002, -21.6635551453, -43.4003982544, 45.7073097229, -52.9180335999, 26.3742656708, -2.08427643776, 28.8538093567, 14.0028162003, 73.3527832031, 5.18837738037, -13.6693439484], [19.6723613739, -69.7899017334, 24.974029541, 33.6018447876, -28.4358730316, 29.5295810699, -16.726808548, -17.1002693176, -33.0659255981, -2.63418960571, 5.18837738037, 58.4324188232, 22.0108718872], [3.21137595177, -45.3440437317, 13.6527175903, 34.613243103, -0.973861455917, 17.615606308, -18.1883907318, -8.49016571045, -29.7060337067, -10.7900447845, -13.6693439484, 22.0108718872, 41.4066429138]],
        "icov": [[0.00071215868229, -0.000775196647737, 0.000595682358835, -0.000895170320291, 0.00164843758103, -0.00105176947545, 0.000259227177594, -0.000629595655482, 0.000511712452862, -0.000463619333459, 0.000267759111011, 0.000490542501211, 0.000192680759938], [-0.000775196647737, 0.0209629815072, -0.0129391588271, 0.0129641247913, -0.00955522526056, 0.0139226382598, -0.0149313518777, 0.0119153698906, -0.00739312544465, 0.0114627089351, -0.0148589406163, 0.0111842239276, -0.00698532164097], [0.000595682358835, -0.0129391588271, 0.018184652552, -0.0124555770308, 0.00648405682296, -0.0107187042013, 0.0136438133195, -0.011102931574, 0.00528799928725, -0.0073710186407, 0.0063783088699, -0.00740749901161, 0.00654581468552], [-0.000895170320291, 0.0129641247913, -0.0124555770308, 0.0178265850991, -0.0118966028094, 0.0079100318253, -0.00637191021815, 0.0101275807247, -0.00625497708097, 0.00780488457531, -0.00225299689919, 0.000956249772571, -0.00460164947435], [0.00164843758103, -0.00955522526056, 0.00648405682296, -0.0118966028094, 0.0159611944109, -0.00448959041387, 0.00020875390328, -0.00635269330814, 0.00727715296671, -0.00542859826237, -0.000764902390074, 0.00448418129236, -0.000540369364899], [-0.00105176947545, 0.0139226382598, -0.0107187042013, 0.0079100318253, -0.00448959041387, 0.0192789621651, -0.0131726749241, 0.00425089243799, -0.00059184624115, 0.00578778702766, -0.00576985022053, 0.0045946938917, -0.00423560291529], [0.000259227177594, -0.0149313518777, 0.0136438133195, -0.00637191021815, 0.00020875390328, -0.0131726749241, 0.0248842220753, -0.00966423656791, 0.00154105050024, -0.00144534534775, 0.011253124103, -0.0131657039747, 0.0104570798576], [-0.000629595655482, 0.0119153698906, -0.011102931574, 0.0101275807247, -0.00635269330814, 0.00425089243799, -0.00966423656791, 0.0231245104223, -0.00680992659181, 0.00201898138039, -0.00836585182697, 0.0115230148658, -0.00641595805064], [0.000511712452862, -0.00739312544465, 0.00528799928725, -0.00625497708097, 0.00727715296671, -0.00059184624115, 0.00154105050024, -0.00680992659181, 0.0183776412159, -0.0091455373913, 0.00160230090842, 0.00258044223301, 0.00501144630834], [-0.000463619333459, 0.0114627089351, -0.0073710186407, 0.00780488457531, -0.00542859826237, 0.00578778702766, -0.00144534534775, 0.00201898138039, -0.0091455373913, 0.0304188709706, -0.0132959252223, 0.00436866423115, 0.000337773788488], [0.000267759111011, -0.0148589406163, 0.0063783088699, -0.00225299689919, -0.000764902390074, -0.00576985022053, 0.011253124103, -0.00836585182697, 0.00160230090842, -0.0132959252223, 0.0393188670278, -0.023839617148, 0.0124895293266], [0.000490542501211, 0.0111842239276, -0.00740749901161, 0.000956249772571, 0.00448418129236, 0.0045946938917, -0.0131657039747, 0.0115230148658, 0.00258044223301, 0.00436866423115, -0.023839617148, 0.0434700846672, -0.0194050837308], [0.000192680759938, -0.00698532164097, 0.00654581468552, -0.00460164947435, -0.000540369364899, -0.00423560291529, 0.0104570798576, -0.00641595805064, 0.00501144630834, 0.000337773788488, 0.0124895293266, -0.0194050837308, 0.0413634367287]]
    },
    "melbands": {
        "dmean": [0.000302971689962, 0.001230253838, 0.000629747053608, 0.000223064111196, 7.92883729446e-05, 5.20306457474e-05, 9.74445429165e-05, 0.000214455023524, 0.000161123782163, 8.74679681147e-05, 3.88125554309e-05, 3.72033027816e-05, 3.88722473872e-05, 2.8865861168e-05, 4.19688913098e-05, 4.37134949607e-05, 3.78058248316e-05, 2.65507242148e-05, 2.85617425106e-05, 2.45653918682e-05, 2.51281126111e-05, 2.61715649685e-05, 3.08048438455e-05, 1.74962424353e-05, 1.40850734169e-05, 1.30233001983e-05, 9.01400471776e-06, 6.62385582473e-06, 3.20138519783e-06, 2.09998324863e-06, 1.71068279542e-06, 1.41489624639e-06, 1.21275138554e-06, 9.64479113463e-07, 5.72397368614e-07, 4.77603634863e-07, 4.10300941667e-07, 3.9276395114e-07, 3.22638015859e-07, 1.95615072585e-07],
        "dmean2": [0.000537561776582, 0.00219132960774, 0.00110894162208, 0.00037932745181, 0.000133166016894, 8.88609720278e-05, 0.00014233267575, 0.000310651172185, 0.000247013522312, 0.000141153897857, 6.07510119153e-05, 5.85487796343e-05, 6.03489934292e-05, 4.46416597697e-05, 6.65269762976e-05, 6.98050571373e-05, 6.0877566284e-05, 4.28685780207e-05, 4.6802644647e-05, 3.9261773054e-05, 4.13879242842e-05, 4.35292786278e-05, 5.08991470269e-05, 2.82853725366e-05, 2.32057736866e-05, 2.14506490011e-05, 1.46592783494e-05, 1.10303362817e-05, 5.17708531333e-06, 3.34371338795e-06, 2.68880762633e-06, 2.22138078243e-06, 1.88809406154e-06, 1.50946982558e-06, 8.52142591157e-07, 7.30708848096e-07, 6.01824240221e-07, 5.6203953136e-07, 4.74073374335e-07, 2.94894277886e-07],
        "dvar": [5.65633229144e-07, 1.0698371625e-05, 1.37727806759e-06, 1.45515528516e-07, 2.54732288596e-08, 6.78942129184e-08, 7.41003844951e-08, 3.30914218694e-07, 2.56087218986e-07, 1.87737626334e-07, 8.76769679081e-09, 8.90692053446e-09, 1.07283453232e-08, 9.13474629272e-09, 1.03221031722e-08, 8.16696577033e-09, 1.00740908948e-08, 5.93631988011e-09, 4.60515803269e-09, 1.63833313582e-09, 6.99968083495e-10, 8.98325247523e-10, 1.23178878209e-09, 3.62606028537e-10, 2.11800688099e-10, 1.98160057807e-10, 1.24652163591e-10, 6.02652233672e-11, 2.59899064076e-11, 1.58236566211e-11, 1.19191436235e-11, 6.45163089619e-12, 5.07601773114e-12, 2.80006616851e-12, 9.40712460186e-13, 7.13332659e-13, 4.64756976393e-13, 5.42903829531e-13, 3.97451304724e-13, 1.67593681446e-13],
        "dvar2": [1.58198804456e-06, 2.97275801131e-05, 3.7803649775e-06, 3.81604280619e-07, 6.72509941069e-08, 1.84918732771e-07, 1.5116957286e-07, 6.47244974061e-07, 5.87790225381e-07, 4.43454837296e-07, 2.05829007172e-08, 2.01914520659e-08, 2.79152896354e-08, 2.37566606387e-08, 2.74054023919e-08, 2.09981383392e-08, 2.87867472082e-08, 1.57788893063e-08, 1.31646666901e-08, 3.91156840251e-09, 1.93493510103e-09, 2.42639441872e-09, 3.23892468401e-09, 9.32791954789e-10, 5.70205993533e-10, 5.24975451999e-10, 3.19101245427e-10, 1.64848218409e-10, 6.44347700196e-11, 3.81713063935e-11, 2.88893006739e-11, 1.54144440268e-11, 1.22081815143e-11, 6.97938104879e-12, 2.16349984802e-12, 1.65381586464e-12, 9.61133516525e-13, 1.10406182894e-12, 8.67111016236e-13, 4.02877682387e-13],
        "max": [0.00666969688609, 0.0287354923785, 0.0134610394016, 0.00471983710304, 0.00182848679833, 0.00710092624649, 0.0077683608979, 0.0110583435744, 0.00796996429563, 0.0115047013387, 0.0016704830341, 0.00255771144293, 0.00202830415219, 0.00249066250399, 0.00276086945087, 0.00153706653509, 0.00259800511412, 0.0021596015431, 0.0012205777457, 0.000949768931605, 0.000319613958709, 0.000640388054308, 0.000616576522589, 0.000280159874819, 0.000174165776116, 0.000194565494894, 0.000173019099748, 0.000104664395622, 7.38337403163e-05, 5.7899440435e-05, 4.13875422964e-05, 3.12443262374e-05, 3.45791268046e-05, 2.47672687692e-05, 1.46243482959e-05, 1.13532914838e-05, 8.66234586283e-06, 1.19779233501e-05, 8.50533979246e-06, 7.04633839632e-06],
        "mean": [0.000374583061785, 0.00128276052419, 0.000869153765962, 0.000341536127962, 0.000111488945549, 5.78135150135e-05, 0.000238149354118, 0.000401284953114, 0.000224175208132, 0.000115795628517, 6.4103413024e-05, 7.41812182241e-05, 6.76622439642e-05, 4.86996359541e-05, 7.11060129106e-05, 7.57757152314e-05, 6.55536423437e-05, 4.43518110842e-05, 5.13168197358e-05, 5.16383588547e-05, 5.55062360945e-05, 6.31809525657e-05, 6.92218309268e-05, 4.44871475338e-05, 3.8043155655e-05, 3.23753738485e-05, 2.32333077292e-05, 1.69839004229e-05, 7.54688244342e-06, 4.12510871683e-06, 3.35050344802e-06, 2.83804388346e-06, 2.48793071478e-06, 2.02823457585e-06, 1.24212829178e-06, 1.01544890185e-06, 8.75732609984e-07, 7.35501998861e-07, 5.65577863654e-07, 3.17089103419e-07],
        "median": [0.000230165271205, 0.00059175590286, 0.00059187161969, 0.000229173805565, 6.32846204098e-05, 2.11268215935e-05, 3.96831201215e-05, 6.78861688357e-05, 3.81099562219e-05, 1.68006954482e-05, 1.98055840883e-05, 2.92623717542e-05, 2.27513774007e-05, 2.0828727429e-05, 3.05013636535e-05, 3.43541942129e-05, 2.69621796178e-05, 2.44233906415e-05, 2.48097876465e-05, 3.675966218e-05, 4.6758697863e-05, 5.44895519852e-05, 5.5291398894e-05, 3.63080034731e-05, 3.21145816997e-05, 2.70338514383e-05, 1.89529364434e-05, 1.39398080137e-05, 5.14964767717e-06, 2.12940608435e-06, 1.50537334775e-06, 1.22077676679e-06, 1.05541528228e-06, 8.37186689751e-07, 4.91000719194e-07, 4.16773445977e-07, 3.75473433678e-07, 2.67790312591e-07, 1.892507413e-07, 7.32394767056e-08],
        "min": [6.63236243703e-10, 6.64572397113e-09, 1.63477089643e-08, 3.40573946822e-09, 1.03416086805e-09, 2.43135261924e-10, 4.44455000581e-10, 5.57201063067e-10, 2.77251027692e-10, 2.36410502286e-10, 6.58113077923e-11, 2.23009610778e-10, 2.04111186286e-10, 2.45509584884e-10, 2.38234099115e-10, 2.70302613625e-10, 2.14502929308e-10, 2.45262948839e-10, 2.97414759487e-10, 5.54291890165e-10, 3.57086138436e-10, 5.76193093238e-10, 7.49512674147e-10, 2.44568754137e-10, 1.01287936372e-10, 1.11432099659e-10, 1.47790918392e-10, 9.77459016505e-11, 3.291949352e-11, 9.41551437511e-12, 6.35758806711e-12, 4.09694110234e-12, 1.94539913692e-12, 8.42365456902e-13, 7.49470364242e-13, 1.04095421519e-12, 5.01488824425e-13, 7.02062594258e-13, 5.99551116219e-13, 2.75996808958e-13],
        "var": [3.87850235484e-07, 7.29674502509e-06, 1.11016129267e-06, 1.57196907935e-07, 2.75210094713e-08, 4.83416826569e-08, 3.91588002913e-07, 9.30383066589e-07, 4.20375897647e-07, 2.66537142579e-07, 1.82387278613e-08, 2.18139746266e-08, 1.80460784094e-08, 1.16845626508e-08, 1.62999018727e-08, 1.48354288854e-08, 1.77044388039e-08, 6.31888230629e-09, 7.88002996188e-09, 3.30304894547e-09, 1.29991661879e-09, 1.76557213294e-09, 2.65266941746e-09, 9.25029108867e-10, 5.72111302777e-10, 4.6166209744e-10, 2.95095475833e-10, 1.54618789994e-10, 5.91603016575e-11, 3.12645638545e-11, 2.22696930341e-11, 1.53349503235e-11, 1.35535185505e-11, 8.50053274298e-12, 3.04187708008e-12, 2.08794288283e-12, 1.42563575962e-12, 1.24655786995e-12, 7.50124734463e-13, 3.23932531189e-13]
    },
    "mfcc": {
        "mean": [-622.374206543, 105.893836975, -38.8169708252, 42.539768219, 15.0297899246, 2.03919291496, 6.11246776581, 10.5348138809, -3.90278792381, 6.59485912323, -0.225543528795, 3.32506608963, -0.635579943657],
        "cov": [[2567.03027344, -652.732788086, 415.763549805, -316.784667969, -203.648727417, 48.6240310669, -117.752311707, -1.17296969891, 59.4730300903, -64.7264251709, 51.4765853882, -66.4035873413, -89.2925949097], [-652.732788086, 888.603881836, -436.885314941, 110.57194519, -49.7828521729, -99.4542999268, 66.4990158081, 34.99584198, -59.524772644, 110.141929626, 6.21754837036, 84.5045394897, 67.689666748], [415.763549805, -436.885314941, 410.473358154, -82.1633529663, 45.8242263794, 29.5397853851, -64.89503479, -30.0119190216, 21.884645462, -63.0158348083, 4.81136655807, -20.8265666962, -8.82511329651], [-316.784667969, 110.57194519, -82.1633529663, 259.467285156, 102.290962219, 24.1199111938, 28.2618942261, -2.17084121704, -8.19421386719, -4.83151435852, -39.0286369324, 1.58068418503, 6.78763008118], [-203.648727417, -49.7828521729, 45.8242263794, 102.290962219, 165.867889404, 8.92501354218, 28.6350860596, -19.7421951294, 5.07395172119, 1.83525896072, -14.9945030212, -1.03253448009, 10.4829559326], [48.6240310669, -99.4542999268, 29.5397853851, 24.1199111938, 8.92501354218, 113.676383972, 36.0288162231, 25.3526325226, 8.26404190063, -37.1579475403, -8.94860744476, -26.7585048676, -30.8638019562], [-117.752311707, 66.4990158081, -64.89503479, 28.2618942261, 28.6350860596, 36.0288162231, 137.587219238, 43.8219070435, 12.676817894, -21.7567272186, -6.25504159927, -0.205089762807, -11.8967323303], [-1.17296969891, 34.99584198, -30.0119190216, -2.17084121704, -19.7421951294, 25.3526325226, 43.8219070435, 80.5173721313, 14.0010795593, 5.80655431747, -2.5980784893, -5.58260917664, -5.06022262573], [59.4730300903, -59.524772644, 21.884645462, -8.19421386719, 5.07395172119, 8.26404190063, 12.676817894, 14.0010795593, 60.1344528198, 14.7508573532, 14.1892642975, -11.1605243683, -11.8665294647], [-64.7264251709, 110.141929626, -63.0158348083, -4.83151435852, 1.83525896072, -37.1579475403, -21.7567272186, 5.80655431747, 14.7508573532, 94.764465332, 28.2893047333, 19.1834373474, 13.4575891495], [51.4765853882, 6.21754837036, 4.81136655807, -39.0286369324, -14.9945030212, -8.94860744476, -6.25504159927, -2.5980784893, 14.1892642975, 28.2893047333, 64.0832138062, 25.3645057678, 9.68351173401], [-66.4035873413, 84.5045394897, -20.8265666962, 1.58068418503, -1.03253448009, -26.7585048676, -0.205089762807, -5.58260917664, -11.1605243683, 19.1834373474, 25.3645057678, 68.7701721191, 37.3579330444], [-89.2925949097, 67.689666748, -8.82511329651, 6.78763008118, 10.4829559326, -30.8638019562, -11.8967323303, -5.06022262573, -11.8665294647, 13.4575891495, 9.68351173401, 37.3579330444, 69.0587997437]],
