{
"lowlevel": {
    "average_loudness": 0.932302355766,
    "barkbands_crest": {
        "dmean": 3.01091217995,
        "dmean2": 4.89674663544,
        "dvar": 8.31101703644,
        "dvar2": 20.305803299,
        "max": 24.3950157166,
        "mean": 10.2786111832,
        "median": 9.54311180115,
        "min": 2.59981584549,
        "var": 17.0940647125
    },
    "barkbands_flatness_db": {
        "dmean": 0.0253352019936,
        "dmean2": 0.0373131558299,
        "dvar": 0.000602335785516,
        "dvar2": 0.00127076916397,
        "max": 0.31632450223,
        "mean": 0.127330943942,
        "median": 0.121494151652,
        "min": 0.033183362335,
        "var": 0.00255078054033
    },
    "barkbands_kurtosis": {
        "dmean": 3.5330092907,
        "dmean2": 5.48139667511,
        "dvar": 45.4605484009,
        "dvar2": 103.841850281,
        "max": 105.687591553,
        "mean": 3.71433353424,
        "median": 0.899002313614,
        "min": -1.84325134754,
        "var": 71.9962844849
    },
    "barkbands_skewness": {
        "dmean": 0.674719631672,
        "dmean2": 1.01802778244,
        "dvar": 0.513302505016,
        "dvar2": 1.07656288147,
        "max": 8.29854488373,
        "mean": 1.59048366547,
        "median": 1.3424243927,
        "min": -2.4022333622,
        "var": 1.43430769444
    },
    "barkbands_spread": {
        "dmean": 7.55809402466,
        "dmean2": 11.3386268616,
        "dvar": 75.321647644,
        "dvar2": 158.62461853,
        "max": 99.2560348511,
        "mean": 26.9857215881,
        "median": 22.959148407,
        "min": 1.39179098606,
        "var": 249.870849609
    },
    "dissonance": {
        "dmean": 0.0156298894435,
        "dmean2": 0.0261188782752,
        "dvar": 0.000260927481577,
        "dvar2": 0.000706794613507,
        "max": 0.499993801117,
        "mean": 0.473763674498,
        "median": 0.478842616081,
        "min": 0.340506732464,
        "var": 0.000446828227723
    },
    "dynamic_complexity": 2.74925589561,
    "erbbands_crest": {
        "dmean": 2.64178061485,
        "dmean2": 4.27481651306,
        "dvar": 5.85844564438,
        "dvar2": 15.3664798737,
        "max": 24.0772094727,
        "mean": 7.90668821335,
        "median": 7.11889410019,
        "min": 2.33660030365,
        "var": 13.5639486313
    },
    "erbbands_flatness_db": {
        "dmean": 0.0161392968148,
        "dmean2": 0.0238515995443,
        "dvar": 0.000240199937252,
        "dvar2": 0.000480327667901,
        "max": 0.352169007063,
        "mean": 0.145017802715,
        "median": 0.132507488132,
        "min": 0.0448284372687,
        "var": 0.00262586819008
    },
    "erbbands_kurtosis": {
        "dmean": 0.677120506763,
        "dmean2": 1.06846928596,
        "dvar": 0.647945463657,
        "dvar2": 1.52828574181,
        "max": 9.51997184753,
        "mean": -0.110864818096,
        "median": -0.365609884262,
        "min": -1.60615813732,
        "var": 1.23355543613
    },
    "erbbands_skewness": {
        "dmean": 0.362500786781,
        "dmean2": 0.549537420273,
        "dvar": 0.123455286026,
        "dvar2": 0.285688072443,
        "max": 2.03208112717,
        "mean": -0.0101299453527,
        "median": -0.0266591273248,
        "min": -2.51822757721,
        "var": 0.349408775568
    },
    "erbbands_spread": {
        "dmean": 9.76387882233,
        "dmean2": 14.694685936,
        "dvar": 105.854827881,
        "dvar2": 224.741333008,
        "max": 132.47718811,
        "mean": 43.4574890137,
        "median": 41.3809585571,
        "min": 7.4725446701,
        "var": 343.678070068
    },
    "hfc": {
        "dmean": 10.4855270386,
        "dmean2": 15.7453298569,
        "dvar": 220.625457764,
        "dvar2": 547.493286133,
        "max": 179.347366333,
        "mean": 29.6857757568,
        "median": 24.2909164429,
        "min": 4.58738128373e-07,
        "var": 595.847290039
    },
    "melbands_crest": {
        "dmean": 3.52556753159,
        "dmean2": 5.59718608856,
        "dvar": 10.8326711655,
        "dvar2": 24.1021347046,
        "max": 31.9248771667,
        "mean": 15.2687892914,
        "median": 14.7793245316,
        "min": 3.6413936615,
        "var": 29.8717002869
    },
    "melbands_flatness_db": {
        "dmean": 0.0322028174996,
        "dmean2": 0.0473811775446,
        "dvar": 0.00100064009894,
        "dvar2": 0.00212755054235,
        "max": 0.434085488319,
        "mean": 0.191828414798,
        "median": 0.185631453991,
        "min": 0.048974301666,
        "var": 0.00403445120901
    },
    "melbands_kurtosis": {
        "dmean": 10.5863189697,
        "dmean2": 16.4788188934,
        "dvar": 319.912414551,
        "dvar2": 701.640930176,
        "max": 209.87272644,
        "mean": 16.3839626312,
        "median": 8.66785907745,
        "min": -1.80194056034,
        "var": 571.901855469
    },
    "melbands_skewness": {
        "dmean": 0.997871041298,
        "dmean2": 1.50806498528,
        "dvar": 1.21475327015,
        "dvar2": 2.57950973511,
        "max": 12.5850028992,
        "mean": 3.076567173,
        "median": 2.74388432503,
        "min": -0.833664119244,
        "var": 3.48586511612
    },
    "melbands_spread": {
        "dmean": 8.67925834656,
        "dmean2": 13.6012783051,
        "dvar": 113.076683044,
        "dvar2": 241.728439331,
        "max": 226.461151123,
        "mean": 24.4191131592,
        "median": 22.5614318848,
        "min": 0.927200615406,
        "var": 268.925506592
    },
    "pitch_salience": {
        "dmean": 0.0794770717621,
        "dmean2": 0.126389116049,
        "dvar": 0.00518142571673,
        "dvar2": 0.0125039154664,
        "max": 0.829452037811,
        "mean": 0.533682882786,
        "median": 0.534611165524,
        "min": 0.181075751781,
        "var": 0.013336636126
    },
    "silence_rate_20dB": {
        "dmean": 0,
        "dmean2": 0,
        "dvar": 0,
        "dvar2": 0,
        "max": 1,
        "mean": 1,
        "median": 1,
        "min": 1,
        "var": 0
    },
    "silence_rate_30dB": {
        "dmean": 0.0650154799223,
        "dmean2": 0.130131676793,
        "dvar": 0.0607881806791,
        "dvar2": 0.127141445875,
        "max": 1,
        "mean": 0.93812841177,
        "median": 1,
        "min": 0,
        "var": 0.0580444969237
    },
    "silence_rate_60dB": {
        "dmean": 0.0278637763113,
        "dmean2": 0.0557707212865,
        "dvar": 0.0270880199969,
        "dvar2": 0.0526607222855,
        "max": 1,
        "mean": 0.0726991519332,
        "median": 0,
        "min": 0,
        "var": 0.0674127191305
    },
    "spectral_centroid": {
        "dmean": 315.494354248,
        "dmean2": 470.439727783,
        "dvar": 153634.890625,
        "dvar2": 258260.875,
        "max": 10725.9833984,
        "mean": 1604.5723877,
        "median": 1556.65612793,
        "min": 211.370758057,
        "var": 475271.6875
    },
    "spectral_complexity": {
        "dmean": 6.13931894302,
        "dmean2": 8.59488773346,
        "dvar": 35.5890655518,
        "dvar2": 60.9862442017,
        "max": 62,
        "mean": 26.1484928131,
        "median": 27,
        "min": 0,
        "var": 199.44078064
    },
    "spectral_decrease": {
        "dmean": 4.72622252445e-09,
        "dmean2": 7.74212161048e-09,
        "dvar": 7.41601896042e-17,
        "dvar2": 1.87659673008e-16,
        "max": -2.51531148617e-17,
        "mean": -1.08596189818e-08,
        "median": -9.4529761796e-09,
        "min": -8.26726989089e-08,
        "var": 9.65909256841e-17
    },
    "spectral_energy": {
        "dmean": 0.0184042099863,
        "dmean2": 0.0300897415727,
        "dvar": 0.00108815275598,
        "dvar2": 0.00274575478397,
        "max": 0.318360745907,
        "mean": 0.0436793230474,
        "median": 0.0382318720222,
        "min": 1.36542638307e-10,
        "var": 0.00145687325858
    },
    "spectral_energyband_high": {
        "dmean": 0.000868514296599,
        "dmean2": 0.00133084785193,
        "dvar": 2.45340584115e-06,
        "dvar2": 5.82321717957e-06,
        "max": 0.0204223040491,
        "mean": 0.0018966406351,
        "median": 0.000800891721155,
        "min": 2.86693481455e-11,
        "var": 6.61583271722e-06
    },
    "spectral_energyband_low": {
        "dmean": 0.0146150747314,
        "dmean2": 0.0242630746216,
        "dvar": 0.000998494098894,
        "dvar2": 0.00256725610234,
        "max": 0.293365865946,
        "mean": 0.025807371363,
        "median": 0.0186541769654,
        "min": 6.9851922857e-11,
        "var": 0.00112299178727
    },
    "spectral_energyband_middle_high": {
        "dmean": 0.00260010827333,
        "dmean2": 0.00394440116361,
        "dvar": 8.87086480361e-06,
        "dvar2": 1.88509839063e-05,
        "max": 0.0233466606587,
        "mean": 0.00652350997552,
        "median": 0.00636473111808,
        "min": 1.657661855e-11,
        "var": 2.2309654014e-05
    },
    "spectral_energyband_middle_low": {
        "dmean": 0.00504380837083,
        "dmean2": 0.00816110614687,
        "dvar": 5.47731870029e-05,
        "dvar2": 0.000140618431033,
        "max": 0.0694126263261,
        "mean": 0.011349754408,
        "median": 0.00980740692466,
        "min": 2.01591209004e-11,
        "var": 8.11903955764e-05
    },
    "spectral_entropy": {
        "dmean": 0.149446368217,
        "dmean2": 0.213474452496,
        "dvar": 0.030858727172,
        "dvar2": 0.0547094121575,
        "max": 9.79510688782,
        "mean": 7.81147956848,
        "median": 7.84125852585,
        "min": 6.314640522,
        "var": 0.137069672346
    },
    "spectral_flux": {
        "dmean": 0.0349982231855,
        "dmean2": 0.053825981915,
        "dvar": 0.00209395727143,
        "dvar2": 0.00442870007828,
        "max": 0.440322011709,
        "mean": 0.106323182583,
        "median": 0.0946653187275,
        "min": 2.37223011936e-05,
        "var": 0.00417460128665
    },
    "spectral_kurtosis": {
        "dmean": 1.59104633331,
        "dmean2": 2.70976543427,
        "dvar": 6.46635007858,
        "dvar2": 18.3774051666,
        "max": 35.55210495,
        "mean": 3.45006871223,
        "median": 2.85276889801,
        "min": -1.22236430645,
        "var": 8.27592754364
    },
    "spectral_rms": {
        "dmean": 0.00120111345313,
        "dmean2": 0.00188669154886,
        "dvar": 2.61434479398e-06,
        "dvar2": 6.15625003775e-06,
        "max": 0.0176237300038,
        "mean": 0.00593460397795,
        "median": 0.00610732240602,
        "min": 3.64982639667e-07,
        "var": 7.39449069442e-06
    },
    "spectral_rolloff": {
        "dmean": 695.630249023,
        "dmean2": 1126.13171387,
        "dvar": 1091750.5,
        "dvar2": 2391029,
        "max": 10680.46875,
        "mean": 1618.75463867,
        "median": 1291.9921875,
        "min": 86.1328125,
        "var": 2219647
    },
    "spectral_skewness": {
        "dmean": 0.229502767324,
        "dmean2": 0.373432636261,
        "dvar": 0.0802226960659,
        "dvar2": 0.208660304546,
        "max": 4.64664077759,
        "mean": 1.2764518261,
        "median": 1.22563385963,
        "min": 0.0189453978091,
        "var": 0.163279876113
    },
    "spectral_spread": {
        "dmean": 586825.4375,
        "dmean2": 839904,
        "dvar": 1.42028990054e+12,
        "dvar2": 1.79262075699e+12,
        "max": 40687852,
        "mean": 4649996,
        "median": 4543156,
        "min": 1635992.625,
        "var": 3.17718160998e+12
    },
    "spectral_strongpeak": {
        "dmean": 0.326719552279,
        "dmean2": 0.559765100479,
        "dvar": 0.271463006735,
        "dvar2": 0.651644051075,
        "max": 6.68429613113,
        "mean": 0.580363154411,
        "median": 0.382650613785,
        "min": 1.07770429167e-05,
        "var": 0.413087815046
    },
    "zerocrossingrate": {
        "dmean": 0.0126235065982,
        "dmean2": 0.0141022885218,
        "dvar": 0.000249083794188,
        "dvar2": 0.000277250335785,
        "max": 0.37841796875,
        "mean": 0.0629943236709,
        "median": 0.05517578125,
        "min": 0.0078125,
        "var": 0.00130129372701
    },
    "barkbands": {
        "dmean": [0.000331437797286, 0.0117329619825, 0.00409557903185, 0.00169060286134, 0.00223786151037, 0.000644734594971, 0.00150445371401, 0.000847431598231, 0.00104358082172, 0.000762310577556, 0.000315811135806, 0.000455174478702, 0.000524187518749, 0.000495431188028, 0.000498726789374, 0.000497347966302, 0.000246413197601, 0.000184823249583, 0.00024070267682, 0.000258195475908, 0.000276996201137, 0.000206076030736, 0.000180720438948, 0.000157532107551, 9.33644623728e-05, 3.30437178491e-05, 1.1614901041e-06],
        "dmean2": [0.000532590143848, 0.0198055226356, 0.00705283228308, 0.00290117575787, 0.00359356077388, 0.0010964598041, 0.00239730253816, 0.0014648368815, 0.00167606247123, 0.00120377051644, 0.000506720680278, 0.000722270808183, 0.000823573209345, 0.000810780795291, 0.000788831326645, 0.000794834282715, 0.000400596210966, 0.000315762183163, 0.000394315371523, 0.000427271152148, 0.00045117008267, 0.000343813298969, 0.00026897538919, 0.000236625201069, 0.000144941019244, 4.67658792331e-05, 1.81529412657e-06],
        "dvar": [4.41670948703e-07, 0.000706274877302, 8.30015051179e-05, 1.14496915558e-05, 1.25489978018e-05, 2.04758089239e-06, 8.46722832648e-06, 3.63437288797e-06, 3.3914393498e-06, 9.2996543799e-07, 2.36300934375e-07, 5.87724628076e-07, 9.33734156661e-07, 6.72210774155e-07, 4.60526223378e-07, 5.67880988456e-07, 8.5009610018e-08, 1.22031920569e-07, 1.57591500738e-07, 1.64335730801e-07, 2.6906687367e-07, 1.92068796423e-07, 1.14501432336e-07, 1.14581219179e-07, 4.27737596453e-08, 5.10471398485e-09, 8.53776944976e-12],
        "dvar2": [1.10152961952e-06, 0.00184961943887, 0.000234122315305, 3.08048656734e-05, 3.04323602904e-05, 5.81306358072e-06, 1.90548635146e-05, 1.01912792161e-05, 7.11062557457e-06, 2.20667106987e-06, 5.38606684586e-07, 1.28088652218e-06, 2.15057070818e-06, 1.59449166404e-06, 1.08528286091e-06, 1.44252317114e-06, 2.18088800352e-07, 3.4228230561e-07, 4.30633264159e-07, 4.51109457345e-07, 7.21770732071e-07, 5.33352761067e-07, 2.47852625535e-07, 2.48692600735e-07, 1.01077546333e-07, 9.80790471061e-09, 1.97532632612e-11],
        "max": [0.00869046989828, 0.26826196909, 0.0799220874906, 0.0521925017238, 0.0365575738251, 0.0156473740935, 0.0286055915058, 0.0234728828073, 0.0250718146563, 0.00834365561604, 0.00906410906464, 0.0128893107176, 0.0164187829942, 0.0105399517342, 0.00749393366277, 0.00751753197983, 0.00266777840443, 0.00421592453495, 0.00421520275995, 0.00563855282962, 0.00544468825683, 0.0052354382351, 0.00467865495011, 0.00534253939986, 0.00242734164931, 0.00144744163845, 4.92171348014e-05],
        "mean": [0.00052413722733, 0.0170827712864, 0.00640553515404, 0.00258313119411, 0.00318998820148, 0.00084196368698, 0.00191947142594, 0.00111981213558, 0.00146049645264, 0.0012300334638, 0.00042671803385, 0.000703596393578, 0.000754896202125, 0.000669764704071, 0.00071288732579, 0.000728086452, 0.00044294516556, 0.000309520110022, 0.000446053047199, 0.000475296692457, 0.000520771660376, 0.000353409996023, 0.000311772106215, 0.00026300677564, 0.000147676386405, 5.41394583706e-05, 1.44008220104e-06],
        "median": [9.39650926739e-05, 0.0110708326101, 0.00256745470688, 0.0016995233018, 0.00142001057975, 0.000423403573222, 0.000562482397072, 0.000525013951119, 0.000680606462993, 0.000789774872828, 0.000270624121185, 0.000365496409358, 0.00034874828998, 0.000406705454225, 0.000392000278225, 0.000481710769236, 0.000342439598171, 0.000152681299369, 0.000254021957517, 0.000283826171653, 0.000255798280705, 0.000123150050058, 6.59996876493e-05, 5.95583842369e-05, 3.99297496188e-05, 1.47140972331e-05, 2.83257634237e-07],
        "min": [4.09530265602e-12, 3.64663785279e-11, 2.6472234127e-11, 7.67300806226e-12, 4.99146860997e-12, 9.48717883767e-13, 1.99975040867e-12, 6.04802612072e-13, 9.70101711635e-13, 3.78999539001e-13, 8.87894792412e-13, 8.90173785378e-13, 1.45991563023e-12, 1.80231491623e-12, 3.68187511729e-12, 2.76410535086e-12, 1.61077184577e-12, 1.60777901409e-12, 1.28734609778e-12, 1.35195587364e-12, 1.62202673168e-12, 2.33353375685e-12, 2.19801759259e-12, 2.68678634029e-12, 4.1495409539e-12, 5.92915647135e-12, 9.02796934432e-12],
        "var": [9.2597991852e-07, 0.000676069175825, 9.12594405236e-05, 1.25650394693e-05, 2.03747094929e-05, 2.00827025765e-06, 1.24556381706e-05, 3.75876174985e-06, 5.90732770434e-06, 1.81236362096e-06, 3.30116506575e-07, 1.56505893756e-06, 1.75442573891e-06, 8.20814250346e-07, 8.73658905221e-07, 6.80858136093e-07, 1.66260463175e-07, 1.79007017209e-07, 2.78105204643e-07, 3.13563106147e-07, 4.71751263831e-07, 3.05376289589e-07, 2.89542271048e-07, 2.79136884274e-07, 8.20238028609e-08, 1.30099033768e-08, 1.11724674651e-11]
    },
    "erbbands": {
        "dmean": [0.338818699121, 2.70008778572, 4.94501256943, 5.11701726913, 6.16283178329, 8.14807224274, 6.02233743668, 5.23155355453, 19.2368850708, 18.9434013367, 19.4054813385, 25.8904953003, 16.1485271454, 25.0160770416, 13.7003688812, 18.0421047211, 22.833152771, 26.8303890228, 28.9364624023, 17.1160888672, 29.1363887787, 12.7704944611, 10.0469846725, 10.3916511536, 12.9476604462, 11.7161073685, 11.8568534851, 10.6260375977, 7.49826908112, 6.54625606537, 4.89463996887, 3.61890149117, 2.50112295151, 1.40654432774, 0.48605209589, 0.21637955308, 0.0460526831448, 0.00546033447608, 0.000139291689266, 2.43266786129e-05],
        "dmean2": [0.568067371845, 4.57960605621, 8.52577018738, 8.58184432983, 9.9830121994, 13.1757221222, 10.0002994537, 9.05236434937, 30.7902088165, 31.615272522, 32.504119873, 41.9438362122, 25.5455245972, 40.0629501343, 21.2742958069, 28.5827789307, 35.2536811829, 43.5395050049, 46.1052894592, 26.7335891724, 47.2143669128, 20.4811096191, 17.1806030273, 17.4823970795, 21.4009284973, 19.4342536926, 19.1702041626, 17.6317443848, 12.503531456, 10.4491872787, 7.37136220932, 5.32573413849, 3.92506766319, 2.23233389854, 0.717075169086, 0.308038651943, 0.0667229816318, 0.00793732516468, 0.000203192204935, 3.79909070034e-05],
        "dvar": [0.572146594524, 37.5025405884, 129.329956055, 95.4395675659, 102.52192688, 218.517608643, 150.524017334, 161.141265869, 1338.25634766, 1416.07312012, 1410.05322266, 2279.46923828, 491.624084473, 1101.53771973, 373.330413818, 883.731445312, 2070.17114258, 2011.78100586, 1602.73657227, 722.321472168, 2048.21728516, 260.988830566, 348.758239746, 351.432647705, 394.608612061, 396.827789307, 367.0340271, 568.280639648, 245.549438477, 191.242736816, 94.7090148926, 73.8177032471, 26.0214214325, 10.0855255127, 1.05325782299, 0.236670359969, 0.00990815460682, 0.000124196027173, 8.48117167607e-08, 1.49730206012e-09],
        "dvar2": [1.488240242, 98.9304656982, 363.322631836, 261.281860352, 270.393310547, 524.125183105, 419.37411499, 456.726898193, 2973.23339844, 3723.01074219, 3796.85742188, 4947.69335938, 1200.83630371, 2602.89941406, 858.767211914, 1842.81872559, 4689.99707031, 4867.12255859, 3776.53027344, 1670.77600098, 5291.40673828, 678.558654785, 975.472473145, 984.267883301, 1023.68579102, 1093.59155273, 959.880981445, 1587.7175293, 682.094726562, 491.888702393, 209.750991821, 152.689315796, 61.5304946899, 24.106180191, 2.39731574059, 0.488660275936, 0.0195874944329, 0.000258790096268, 1.71873566046e-07, 3.73411923604e-09],
        "max": [7.79674911499, 60.5474967957, 103.44744873, 124.454292297, 102.084938049, 197.836227417, 140.567199707, 162.803466797, 333.583221436, 311.404327393, 433.173248291, 636.960571289, 294.751159668, 318.547393799, 214.290100098, 631.744567871, 851.553100586, 607.58380127, 419.898040771, 438.522918701, 475.798583984, 155.232910156, 219.885498047, 180.175033569, 191.29069519, 324.182922363, 176.960830688, 275.538787842, 206.868301392, 156.174591064, 111.428230286, 132.174453735, 91.7030029297, 41.3445243835, 13.7745199203, 9.41640090942, 1.9183729887, 0.200608298182, 0.00601828983054, 0.000371038564481],
        "mean": [0.478203266859, 3.83550167084, 8.02237892151, 8.76447963715, 8.77828216553, 10.9574604034, 8.78099822998, 6.26337814331, 25.2541408539, 23.1969718933, 27.8792476654, 36.6509132385, 25.9957923889, 38.4631080627, 22.4586200714, 30.5083904266, 33.942615509, 39.5031356812, 41.7287940979, 27.1011695862, 43.5963668823, 24.2299346924, 18.2514667511, 19.2807998657, 24.0698871613, 21.827003479, 22.0706157684, 18.8715286255, 12.9199867249, 11.4407920837, 8.18692588806, 5.77937221527, 4.05598020554, 2.15889978409, 0.80840587616, 0.344361066818, 0.0764060467482, 0.00859600305557, 0.000238466542214, 6.22942316113e-05],
        "median": [0.227512508631, 2.68390536308, 3.52285265923, 6.53436899185, 4.78010845184, 4.33484220505, 3.77102541924, 3.62020111084, 7.339427948, 10.8332738876, 14.2853221893, 16.9425125122, 18.6367645264, 21.5529060364, 15.7168045044, 15.9525671005, 17.1082439423, 24.5595855713, 23.732213974, 18.8962078094, 28.8591785431, 19.283285141, 10.2009277344, 9.06505012512, 14.7152576447, 12.7270441055, 12.000664711, 8.5066280365, 4.75719547272, 2.97089934349, 1.72061157227, 1.17863225937, 0.940480172634, 0.558824002743, 0.23615244031, 0.0880549699068, 0.0205332618207, 0.00239120423794, 8.48939525895e-05, 5.48225470993e-05],
        "min": [5.19135401333e-10, 1.01436041788e-08, 3.13527444007e-08, 3.37864918265e-08, 3.05844416459e-08, 8.1369222471e-09, 9.78503056359e-09, 7.84868525727e-09, 3.33806120523e-08, 1.24863905882e-08, 2.23700116209e-08, 1.8361404841e-08, 5.43678480014e-09, 2.39745165942e-08, 4.54234552194e-08, 3.53244189455e-08, 6.60246826101e-08, 8.09816356195e-08, 1.98010596364e-07, 1.41753162097e-07, 1.19407673083e-07, 9.08436277314e-08, 1.00526548863e-07, 5.25865004875e-08, 6.31222079051e-08, 7.42082733041e-08, 5.85632911054e-08, 7.81932811833e-08, 8.93219294085e-08, 8.36746565369e-08, 5.30697619183e-08, 4.74663259808e-08, 4.76106158942e-08, 4.97148455736e-08, 3.00183593538e-08, 1.59332387284e-08, 1.04590638372e-08, 5.74861269698e-09, 1.24399590629e-09, 1.39322095527e-10],
        "var": [0.61748456955, 34.1527786255, 139.869384766, 109.933303833, 140.20350647, 311.851654053, 230.028594971, 121.670555115, 2147.99389648, 1375.70239258, 1883.79370117, 3871.48876953, 827.335144043, 2110.79394531, 643.570739746, 3171.00976562, 3838.5378418, 2794.79492188, 2840.75024414, 1145.88684082, 2399.51342773, 506.536071777, 514.989868164, 639.115966797, 729.162902832, 663.134643555, 731.381835938, 781.381713867, 387.76348877, 382.898620605, 208.233764648, 153.836517334, 63.2720832825, 18.9390220642, 2.14074039459, 0.554169178009, 0.0238420180976, 0.000242952664848, 1.66505046195e-07, 2.61930344081e-09]
    },
    "gfcc": {
        "mean": [18.0556755066, 90.2255249023, -124.261070251, 42.2778396606, -54.2971153259, 20.345998764, -29.4221839905, 10.9811162949, -21.514913559, 6.47520542145, -21.2610111237, -4.72182893753, -9.31164836884],
        "cov": [[10559.6796875, -1488.11975098, 1376.76965332, 800.899658203, -101.203300476, 1088.80847168, 39.8742179871, 755.225158691, -120.882255554, 376.296173096, 1.49112212658, 319.520843506, -241.363708496], [-1488.11975098, 1414.32226562, -588.833618164, -168.548828125, 296.33380127, -432.379364014, 155.646102905, -256.600891113, 104.627891541, -170.033920288, 58.7398834229, -153.520477295, 163.543624878], [1376.76965332, -588.833618164, 1234.60546875, 493.989593506, 93.5968780518, 572.504882812, -7.67189311981, 371.763153076, 6.8618555069, 123.269775391, 43.381061554, 107.209877014, -131.038574219], [800.899658203, -168.548828125, 493.989593506, 484.029693604, 97.647605896, 226.00177002, 35.7049751282, 143.663391113, -1.13473367691, -13.3923435211, 54.1174430847, 33.0560646057, -13.8768577576], [-101.203300476, 296.33380127, 93.5968780518, 97.647605896, 308.25378418, 78.1819915771, 112.380203247, 58.5717391968, 53.2477798462, -8.53121566772, 5.43857860565, -39.6114082336, 26.8435535431], [1088.80847168, -432.379364014, 572.504882812, 226.00177002, 78.1819915771, 481.332763672, 82.1696853638, 263.83203125, 14.4932746887, 97.8352584839, 6.4378452301, 48.8715019226, -85.8641433716], [39.8742179871, 155.646102905, -7.67189311981, 35.7049751282, 112.380203247, 82.1696853638, 187.58934021, 74.3876266479, 24.1857471466, 1.82152843475, 10.7278261185, -13.9248065948, 2.47086668015], [755.225158691, -256.600891113, 371.763153076, 143.663391113, 58.5717391968, 263.83203125, 74.3876266479, 252.30039978, 31.2918491364, 86.0966491699, 7.9589881897, 38.9651527405, -55.7339897156], [-120.882255554, 104.627891541, 6.8618555069, -1.13473367691, 53.2477798462, 14.4932746887, 24.1857471466, 31.2918491364, 108.094963074, 30.561296463, 11.7622756958, -20.3675937653, 4.75357818604], [376.296173096, -170.033920288, 123.269775391, -13.3923435211, -8.53121566772, 97.8352584839, 1.82152843475, 86.0966491699, 30.561296463, 116.66292572, 9.61537837982, 27.6393089294, -39.7577018738], [1.49112212658, 58.7398834229, 43.381061554, 54.1174430847, 5.43857860565, 6.4378452301, 10.7278261185, 7.9589881897, 11.7622756958, 9.61537837982, 74.0972213745, 19.4340324402, -0.618420779705], [319.520843506, -153.520477295, 107.209877014, 33.0560646057, -39.6114082336, 48.8715019226, -13.9248065948, 38.9651527405, -20.3675937653, 27.6393089294, 19.4340324402, 80.0243530273, -11.9596357346], [-241.363708496, 163.543624878, -131.038574219, -13.8768577576, 26.8435535431, -85.8641433716, 2.47086668015, -55.7339897156, 4.75357818604, -39.7577018738, -0.618420779705, -11.9596357346, 83.3560333252]],
        "icov": [[0.000173007152625, -0.000213819686905, 0.000239872591919, -0.000409549713368, 0.00021136959549, -0.000411634566262, 0.000304428220261, -0.000327775429469, 0.000352992996341, -0.000527619034983, 0.00048222503392, -0.000504426367115, 0.000168522397871], [-0.000213819686905, 0.00374926510267, -0.0012556493748, 0.00196325452998, -0.00275710807182, 0.00322936545126, -0.00318952067755, 0.00183109007776, -0.00231550913304, 0.00297121005133, -0.00437187869102, 0.00326590100303, -0.00210360926576], [0.000239872591919, -0.0012556493748, 0.00405739620328, -0.00282633514144, 0.000137701979838, -0.00341748842038, 0.00371158262715, -0.00266091222875, 0.00110817980021, -0.00132461334579, 0.00145953695755, -0.00277497526258, 0.00252984720282], [-0.000409549713368, 0.00196325452998, -0.00282633514144, 0.00638132356107, -0.00193412415683, 0.00170322472695, -0.00200621131808, 0.000563466281164, -0.0013275857782, 0.00517838541418, -0.00553365657106, 0.00274401437491, -0.00270672212355], [0.00021136959549, -0.00275710807182, 0.000137701979838, -0.00193412415683, 0.00746443867683, -0.00248831766658, -0.00056310929358, -0.00103852304164, 0.000235215949942, -0.00228623882867, 0.00364123820327, -5.29452809133e-05, -0.000813198334072], [-0.000411634566262, 0.00322936545126, -0.00341748842038, 0.00170322472695, -0.00248831766658, 0.0103832976893, -0.00511823035777, -0.00102910818532, -0.00155924400315, 0.00146445678547, -0.00249940156937, 0.00339593156241, -0.000399982440285], [0.000304428220261, -0.00318952067755, 0.00371158262715, -0.00200621131808, -0.00056310929358, -0.00511823035777, 0.012760839425, -0.00594526808709, 0.00240837526508, -0.00065347016789, 0.00151997758076, -0.00269177556038, 0.00237178150564], [-0.000327775429469, 0.00183109007776, -0.00266091222875, 0.000563466281164, -0.00103852304164, -0.00102910818532, -0.00594526808709, 0.0147076807916, -0.00349292554893, -0.00259298598394, 3.20771905535e-05, 1.38854566103e-05, -0.000381720485166], [0.000352992996341, -0.00231550913304, 0.00110817980021, -0.0013275857782, 0.000235215949942, -0.00155924400315, 0.00240837526508, -0.00349292554893, 0.0146603062749, -0.00658848881721, 0.000224897958105, 0.002254946623, -0.000655852607451], [-0.000527619034983, 0.00297121005133, -0.00132461334579, 0.00517838541418, -0.00228623882867, 0.00146445678547, -0.00065347016789, -0.00259298598394, -0.00658848881721, 0.020048879087, -0.0064245373942, -0.000205079457373, 0.0018141035689], [0.00048222503392, -0.00437187869102, 0.00145953695755, -0.00553365657106, 0.00364123820327, -0.00249940156937, 0.00151997758076, 3.20771905535e-05, 0.000224897958105, -0.0064245373942, 0.0231151338667, -0.00924191996455, 0.0033446981106], [-0.000504426367115, 0.00326590100303, -0.00277497526258, 0.00274401437491, -5.29452809133e-05, 0.00339593156241, -0.00269177556038, 1.38854566103e-05, 0.002254946623, -0.000205079457373, -0.00924191996455, 0.022899730131, -0.00517897261307], [0.000168522397871, -0.00210360926576, 0.00252984720282, -0.00270672212355, -0.000813198334072, -0.000399982440285, 0.00237178150564, -0.000381720485166, -0.000655852607451, 0.0018141035689, 0.0033446981106, -0.00517897261307, 0.0198471024632]]
    },
    "melbands": {
        "dmean": [0.0031859963201, 0.00282125873491, 0.000847990275361, 0.000565010472201, 0.00021574764105, 0.000119517484563, 0.00030544839683, 0.000204221403692, 0.00016969666467, 0.000151484768139, 8.26326286187e-05, 0.000109894426714, 4.39177783846e-05, 5.70843767491e-05, 4.60931078123e-05, 4.78053298139e-05, 5.25147297594e-05, 4.68002581329e-05, 2.79445848719e-05, 2.60710403381e-05, 3.70107372873e-05, 1.44870482472e-05, 1.13258411147e-05, 8.71081920195e-06, 8.90067622095e-06, 1.02379653981e-05, 1.01016994449e-05, 8.03484454082e-06, 7.87179124018e-06, 7.2427046689e-06, 6.49020603305e-06, 4.56832731288e-06, 3.92000811189e-06, 3.7874381178e-06, 3.09270058096e-06, 2.57179385699e-06, 2.1747757728e-06, 1.76946173269e-06, 1.70264672761e-06, 1.10607436454e-06],
        "dmean2": [0.00534554384649, 0.00473000947386, 0.00141785258893, 0.00090300879674, 0.0003582375939, 0.000207811623113, 0.00048455860815, 0.000342882471159, 0.000278968567727, 0.00024633583962, 0.000131327309646, 0.000176260786247, 6.87761130393e-05, 8.93811229616e-05, 7.02764373273e-05, 7.66213415773e-05, 8.63631139509e-05, 7.50996696297e-05, 4.3819018174e-05, 4.20488286181e-05, 6.05222267041e-05, 2.36149280681e-05, 1.91634262592e-05, 1.50802534336e-05, 1.50960777319e-05, 1.69640661625e-05, 1.70326056832e-05, 1.34681849886e-05, 1.28297715491e-05, 1.19592750707e-05, 1.08656995508e-05, 7.60304101277e-06, 6.62767615722e-06, 5.92445712755e-06, 4.77915364172e-06, 3.9782848944e-06, 3.22098298966e-06, 2.8007812034e-06, 2.72656029665e-06, 1.77968024673e-06],
        "dvar": [5.19470268046e-05, 3.96186951548e-05, 2.70718851425e-06, 8.31032650694e-07, 1.91073183942e-07, 7.80373667908e-08, 3.4379215208e-07, 1.6974694006e-07, 9.22449316931e-08, 7.45512096501e-08, 1.30416415445e-08, 2.0905321918e-08, 4.06409572662e-09, 1.04922852628e-08, 7.32289873184e-09, 6.47573372703e-09, 8.10093769843e-09, 4.58925120128e-09, 1.42931699809e-09, 1.62604152365e-09, 3.48758799618e-09, 3.4242969571e-10, 3.21386167679e-10, 3.19217124956e-10, 2.53924131721e-10, 2.88286644556e-10, 2.47483783467e-10, 2.21686100033e-10, 1.58038263032e-10, 1.75479047959e-10, 2.28439947514e-10, 8.55666787425e-11, 7.46938760843e-11, 5.94895174788e-11, 3.84947108911e-11, 3.69620271889e-11, 2.7086799817e-11, 1.28682585421e-11, 1.61745877109e-11, 6.89353435446e-12],
        "dvar2": [0.000136038783239, 0.000107463158201, 7.4536919783e-06, 2.03940248866e-06, 5.03961189224e-07, 2.20590152367e-07, 7.58306043736e-07, 4.60135339608e-07, 2.32492382679e-07, 1.65078873238e-07, 3.20041486646e-08, 4.90991247659e-08, 9.4022256647e-09, 2.30495320608e-08, 1.61294266832e-08, 1.59759068197e-08, 1.91413143114e-08, 1.100646152e-08, 3.3168825464e-09, 3.96594801444e-09, 9.19489551165e-09, 8.86380524534e-10, 9.00929331138e-10, 8.9301910311e-10, 7.07541414346e-10, 7.7722855929e-10, 6.8064459624e-10, 6.19298834437e-10, 4.13312412073e-10, 4.72735961488e-10, 6.37244201851e-10, 2.37531966318e-10, 2.10053141547e-10, 1.46464632089e-10, 8.95654037047e-11, 8.11626321706e-11, 5.55444197581e-11, 2.98394156606e-11, 4.12568347541e-11, 1.68714157228e-11],
        "max": [0.0715657174587, 0.0514865741134, 0.0214852113277, 0.00859471876174, 0.00536143919453, 0.00334017327987, 0.00568309938535, 0.00410974910483, 0.0032145192381, 0.00345869571902, 0.00144951208495, 0.0012897249544, 0.00110257184133, 0.00175365223549, 0.0014249200467, 0.00113556394354, 0.00119027518667, 0.000779233581852, 0.00045990513172, 0.00062497559702, 0.000624106032774, 0.000191239756532, 0.00021269620629, 0.000269237934845, 0.000154516121256, 0.000154000910698, 0.000163980279467, 0.000273265410215, 0.000116886272735, 0.000183447875315, 0.000186188626685, 0.000111462293717, 9.28371882765e-05, 9.90397966234e-05, 7.806213398e-05, 9.54812931013e-05, 9.59637764026e-05, 5.88382863498e-05, 7.32603366487e-05, 3.36543962476e-05],
        "mean": [0.00454838573933, 0.00461412174627, 0.00145984906703, 0.000787830213085, 0.000315360870445, 0.000142244418385, 0.000398185075028, 0.000249062344665, 0.000245897594141, 0.000210597921978, 0.000127661653096, 0.0001644531294, 6.51183363516e-05, 8.76483682077e-05, 7.08198640496e-05, 7.21075339243e-05, 7.18492592569e-05, 6.4821470005e-05, 4.11434339185e-05, 3.93182090193e-05, 5.24637544004e-05, 2.48786000157e-05, 1.99395926757e-05, 1.39371495607e-05, 1.54617064254e-05, 1.7788808691e-05, 1.69114882738e-05, 1.37801689561e-05, 1.38089353641e-05, 1.26366930999e-05, 1.04462742456e-05, 7.46658452044e-06, 6.22808829576e-06, 6.42051463728e-06, 4.99482484884e-06, 3.80738492822e-06, 3.37265441885e-06, 2.88379919766e-06, 2.46257582148e-06, 1.61345565175e-06],
        "median": [0.00278817489743, 0.00293032685295, 0.00108049425762, 0.000344525586115, 0.000150723819388, 7.72154162405e-05, 0.000111887180537, 0.000123038291349, 0.000124651283841, 9.67774685705e-05, 8.77854618011e-05, 9.00167724467e-05, 4.42265154561e-05, 4.5196749852e-05, 3.48819048668e-05, 3.78314289264e-05, 4.1712057282e-05, 3.39686521329e-05, 2.44819766522e-05, 2.63598158199e-05, 3.31679766532e-05, 1.91545423149e-05, 1.10480668809e-05, 6.72850683259e-06, 6.8818917498e-06, 1.09839993456e-05, 9.73134410742e-06, 7.93175604485e-06, 8.11814970803e-06, 5.54036205358e-06, 4.46316107627e-06, 2.75519505522e-06, 1.92857442016e-06, 1.4726011841e-06, 1.05776132386e-06, 7.15373175808e-07, 7.06623666247e-07, 6.79136462622e-07, 5.1389008604e-07, 4.3129767846e-07],
        "min": [7.82764391499e-12, 1.6053424215e-11, 6.09136612678e-12, 1.29490548059e-12, 3.30104867052e-13, 2.01483849136e-13, 4.71879913616e-13, 1.09023114972e-13, 2.251859723e-13, 9.72705938148e-14, 2.4610864155e-14, 8.99547566969e-14, 1.49008816354e-13, 8.86740903145e-14, 1.76239854958e-13, 1.0737668621e-13, 1.49048931834e-13, 2.90758519692e-13, 2.64862323697e-13, 1.86511545683e-13, 1.22023132701e-13, 7.83971683144e-14, 1.32688131316e-13, 6.14501735629e-14, 3.75505087636e-14, 5.88586525439e-14, 2.36130949185e-14, 6.02677765549e-14, 3.56195175894e-14, 4.41732391496e-14, 4.27565562166e-14, 5.32970104953e-14, 4.39412605423e-14, 4.79924022886e-14, 3.6034807679e-14, 1.74491904216e-14, 3.30600957309e-14, 3.63714084079e-14, 2.94675918324e-14, 4.51878931409e-14],
        "var": [5.09786368639e-05, 4.08097330364e-05, 2.97415681416e-06, 1.38218592838e-06, 2.71294879894e-07, 6.12164257063e-08, 5.43123007901e-07, 1.53478538323e-07, 1.36092623393e-07, 1.2263149074e-07, 2.11325428268e-08, 4.0280571767e-08, 6.06501870948e-09, 2.5316447605e-08, 1.50102508201e-08, 1.15090488251e-08, 1.05734674349e-08, 7.36957028735e-09, 2.5938462489e-09, 2.17398166136e-09, 3.7221608018e-09, 5.74669090092e-10, 5.62445257035e-10, 4.20964207937e-10, 4.50524312301e-10, 4.58448418117e-10, 4.19642792737e-10, 3.07012942846e-10, 2.9354146891e-10, 3.14270526269e-10, 2.77051076525e-10, 1.31772107115e-10, 1.11725857732e-10, 1.30494282047e-10, 8.03868360766e-11, 6.42135442042e-11, 5.65869295865e-11, 3.21078337528e-11, 2.90050032603e-11, 1.08782505573e-11]
    },
    "mfcc": {
        "mean": [-618.181518555, 112.904594421, -6.41199398041, 26.0929374695, 1.12243950367, 12.5574493408, 4.03097915649, 2.70795798302, 9.43202495575, 5.99247360229, 0.28093111515, 1.01233887672, -0.551038503647],
        "cov": [[8262.44921875, -1100.02368164, 1010.33764648, 199.39743042, 249.384216309, 337.801147461, 410.116333008, 435.040344238, 123.30569458, 300.55871582, 180.681838989, 194.583709717, 143.26335144], [-1100.02368164, 1318.85522461, -724.413146973, 98.3740615845, -92.8691940308, -62.9543266296, -72.9071502686, -131.799560547, 55.6072387695, -78.9836654663, -45.8618125916, -52.394695282, 8.92062854767], [1010.33764648, -724.413146973, 1142.77404785, 93.7808532715, 353.795654297, 157.392868042, 206.797958374, 252.438934326, 26.3397750854, 112.119499207, 146.791137695, 130.87701416, 15.7438259125], [199.39743042, 98.3740615845, 93.7808532715, 313.03527832, 110.148658752, 30.0912494659, 67.5005722046, 60.5452957153, 14.7038221359, -16.7040901184, 4.54006910324, -5.93701171875, 7.36948537827], [249.384216309, -92.8691940308, 353.795654297, 110.148658752, 312.328552246, 100.734428406, 110.637733459, 110.431564331, 61.5028648376, 84.1231613159, 47.2975234985, 36.3374176025, 13.5223093033], [337.801147461, -62.9543266296, 157.392868042, 30.0912494659, 100.734428406, 147.550613403, 95.7282409668, 87.5551757812, 46.7458114624, 62.7950782776, 40.6914710999, 26.0784130096, 11.935259819], [410.116333008, -72.9071502686, 206.797958374, 67.5005722046, 110.637733459, 95.7282409668, 223.686141968, 140.392227173, 67.5628662109, 48.3374328613, 73.4448623657, 40.8783416748, 14.306271553], [435.040344238, -131.799560547, 252.438934326, 60.5452957153, 110.431564331, 87.5551757812, 140.392227173, 182.558181763, 62.2616996765, 63.3271331787, 62.9284286499, 49.5719490051, 13.7392034531], [123.30569458, 55.6072387695, 26.3397750854, 14.7038221359, 61.5028648376, 46.7458114624, 67.5628662109, 62.2616996765, 124.720222473, 69.3807449341, 32.1083374023, 15.5933570862, 16.6597194672], [300.55871582, -78.9836654663, 112.119499207, -16.7040901184, 84.1231613159, 62.7950782776, 48.3374328613, 63.3271331787, 69.3807449341, 140.451004028, 51.8248291016, 30.7366428375, 19.7115650177], [180.681838989, -45.8618125916, 146.791137695, 4.54006910324, 47.2975234985, 40.6914710999, 73.4448623657, 62.9284286499, 32.1083374023, 51.8248291016, 117.077438354, 56.8485221863, 16.6349086761], [194.583709717, -52.394695282, 130.87701416, -5.93701171875, 36.3374176025, 26.0784130096, 40.8783416748, 49.5719490051, 15.5933570862, 30.7366428375, 56.8485221863, 89.9660568237, 33.3153419495], [143.26335144, 8.92062854767, 15.7438259125, 7.36948537827, 13.5223093033, 11.935259819, 14.306271553, 13.7392034531, 16.6597194672, 19.7115650177, 16.6349086761, 33.3153419495, 68.6753005981]],
