{
"lowlevel": {
    "average_loudness": 0.954350292683,
    "barkbands_crest": {
        "dmean": 2.22687220573,
        "dmean2": 3.55684828758,
        "dvar": 5.65255880356,
        "dvar2": 12.9461355209,
        "max": 25.8647022247,
        "mean": 11.546169281,
        "median": 10.7385663986,
        "min": 5.04138374329,
        "var": 14.7484445572
    },
    "barkbands_flatness_db": {
        "dmean": 0.0306707527488,
        "dmean2": 0.0438140779734,
        "dvar": 0.00101639213972,
        "dvar2": 0.00193731288891,
        "max": 0.490087687969,
        "mean": 0.226136952639,
        "median": 0.21756733954,
        "min": 0.0832119062543,
        "var": 0.00362434936687
    },
    "barkbands_kurtosis": {
        "dmean": 3.9905333519,
        "dmean2": 6.09162855148,
        "dvar": 55.8922386169,
        "dvar2": 129.079727173,
        "max": 89.7668151855,
        "mean": 6.04871845245,
        "median": 2.87298536301,
        "min": -1.85705840588,
        "var": 95.7355194092
    },
    "barkbands_skewness": {
        "dmean": 0.602733433247,
        "dmean2": 0.872221410275,
        "dvar": 0.487562477589,
        "dvar2": 0.911928415298,
        "max": 7.77885437012,
        "mean": 1.59371161461,
        "median": 1.46640372276,
        "min": -4.66014766693,
        "var": 1.72150337696
    },
    "barkbands_spread": {
        "dmean": 3.57067990303,
        "dmean2": 5.23562955856,
        "dvar": 34.8421783447,
        "dvar2": 66.4999923706,
        "max": 104.809082031,
        "mean": 12.0892648697,
        "median": 10.4223031998,
        "min": 0.994414567947,
        "var": 93.2991867065
    },
    "dissonance": {
        "dmean": 0.0418821685016,
        "dmean2": 0.0681093111634,
        "dvar": 0.00129395304248,
        "dvar2": 0.00353865465149,
        "max": 0.498541086912,
        "mean": 0.394591659307,
        "median": 0.401674568653,
        "min": 0.181662425399,
        "var": 0.00308370008133
    },
    "dynamic_complexity": 3.93687415123,
    "erbbands_crest": {
        "dmean": 3.13258194923,
        "dmean2": 4.86109304428,
        "dvar": 9.70547294617,
        "dvar2": 19.131608963,
        "max": 31.0430812836,
        "mean": 13.344704628,
        "median": 11.7349081039,
        "min": 3.97613406181,
        "var": 38.2010917664
    },
    "erbbands_flatness_db": {
        "dmean": 0.0282790157944,
        "dmean2": 0.0402954407036,
        "dvar": 0.000853429664858,
        "dvar2": 0.00165267603006,
        "max": 0.435532003641,
        "mean": 0.215269982815,
        "median": 0.210647538304,
        "min": 0.0622831098735,
        "var": 0.00413589598611
    },
    "erbbands_kurtosis": {
        "dmean": 2.08671021461,
        "dmean2": 3.19801497459,
        "dvar": 11.7979040146,
        "dvar2": 25.2184104919,
        "max": 58.17004776,
        "mean": 2.9433465004,
        "median": 1.5111451149,
        "min": -1.83384311199,
        "var": 26.448179245
    },
    "erbbands_skewness": {
        "dmean": 0.494041830301,
        "dmean2": 0.729918658733,
        "dvar": 0.271384656429,
        "dvar2": 0.509548544884,
        "max": 5.19247961044,
        "mean": 0.698266267776,
        "median": 0.697595119476,
        "min": -6.533015728,
        "var": 0.968607068062
    },
    "erbbands_spread": {
        "dmean": 7.92444324493,
        "dmean2": 11.5867586136,
        "dvar": 131.07220459,
        "dvar2": 262.962890625,
        "max": 141.133239746,
        "mean": 26.3956069946,
        "median": 19.9231262207,
        "min": 1.58672130108,
        "var": 436.22052002
    },
    "hfc": {
        "dmean": 4.85279846191,
        "dmean2": 6.77868270874,
        "dvar": 33.7665061951,
        "dvar2": 63.9251289368,
        "max": 81.6081390381,
        "mean": 18.8553943634,
        "median": 17.68110466,
        "min": 2.47655384555e-06,
        "var": 178.814086914
    },
    "melbands_crest": {
        "dmean": 2.52481603622,
        "dmean2": 3.95092606544,
        "dvar": 7.45193767548,
        "dvar2": 15.2490062714,
        "max": 34.2113113403,
        "mean": 15.3312263489,
        "median": 14.3380861282,
        "min": 5.86066579819,
        "var": 22.2885494232
    },
    "melbands_flatness_db": {
        "dmean": 0.032868295908,
        "dmean2": 0.0456356629729,
        "dvar": 0.00120166817214,
        "dvar2": 0.00218120287172,
        "max": 0.613872885704,
        "mean": 0.30724593997,
        "median": 0.299153536558,
        "min": 0.130935758352,
        "var": 0.00457740109414
    },
    "melbands_kurtosis": {
        "dmean": 8.14492893219,
        "dmean2": 12.2880439758,
        "dvar": 286.767303467,
        "dvar2": 649.964416504,
        "max": 277.350311279,
        "mean": 13.8341503143,
        "median": 6.52905845642,
        "min": -1.6896033287,
        "var": 509.418121338
    },
    "melbands_skewness": {
        "dmean": 0.766794145107,
        "dmean2": 1.09945714474,
        "dvar": 0.838695347309,
        "dvar2": 1.68315386772,
        "max": 14.3716640472,
        "mean": 2.35922837257,
        "median": 2.05989384651,
        "min": -2.98737311363,
        "var": 3.13643813133
    },
    "melbands_spread": {
        "dmean": 3.49312162399,
        "dmean2": 4.98126888275,
        "dvar": 30.6822757721,
        "dvar2": 60.9361305237,
        "max": 137.440414429,
        "mean": 12.4813127518,
        "median": 11.7970733643,
        "min": 0.63674479723,
        "var": 69.2531051636
    },
    "pitch_salience": {
        "dmean": 0.0576630719006,
        "dmean2": 0.0931378081441,
        "dvar": 0.00341540412046,
        "dvar2": 0.00755313364789,
        "max": 0.781994819641,
        "mean": 0.482113540173,
        "median": 0.478736251593,
        "min": 0.171947181225,
        "var": 0.00843792036176
    },
    "silence_rate_20dB": {
        "dmean": 0,
        "dmean2": 0,
        "dvar": 0,
        "dvar2": 0,
        "max": 1,
        "mean": 1,
        "median": 1,
        "min": 1,
        "var": 0
    },
    "silence_rate_30dB": {
        "dmean": 0.0263157896698,
        "dmean2": 0.0526723451912,
        "dvar": 0.0256232917309,
        "dvar2": 0.0529963858426,
        "max": 1,
        "mean": 0.948182523251,
        "median": 1,
        "min": 0,
        "var": 0.0491327345371
    },
    "silence_rate_60dB": {
        "dmean": 0.0201238393784,
        "dmean2": 0.0402788519859,
        "dvar": 0.0197183508426,
        "dvar2": 0.0464014448225,
        "max": 1,
        "mean": 0.0997679829597,
        "median": 0,
        "min": 0,
        "var": 0.0898165851831
    },
    "spectral_centroid": {
        "dmean": 149.324539185,
        "dmean2": 210.685928345,
        "dvar": 105454.648438,
        "dvar2": 142383.828125,
        "max": 10968.9746094,
        "mean": 718.227478027,
        "median": 642.552978516,
        "min": 153.199859619,
        "var": 216435.5
    },
    "spectral_complexity": {
        "dmean": 1.90092873573,
        "dmean2": 2.8659954071,
        "dvar": 3.73321819305,
        "dvar2": 7.50570440292,
        "max": 27,
        "mean": 11.3348798752,
        "median": 11,
        "min": 0,
        "var": 24.6435394287
    },
    "spectral_decrease": {
        "dmean": 3.17576764886e-09,
        "dmean2": 4.7119721458e-09,
        "dvar": 4.66262057485e-17,
        "dvar2": 9.32002660311e-17,
        "max": -2.17470110849e-16,
        "mean": -1.24055343775e-08,
        "median": -1.15030367454e-08,
        "min": -9.97022553406e-08,
        "var": 1.27106161112e-16
    },
    "spectral_energy": {
        "dmean": 0.0122962100431,
        "dmean2": 0.0182043742388,
        "dvar": 0.000674142153002,
        "dvar2": 0.00134656101,
        "max": 0.379514604807,
        "mean": 0.0485315211117,
        "median": 0.0453152023256,
        "min": 1.04541264534e-09,
        "var": 0.00187436642591
    },
    "spectral_energyband_high": {
        "dmean": 0.000176461267984,
        "dmean2": 0.000257126230281,
        "dvar": 2.7610582265e-07,
        "dvar2": 5.00825592553e-07,
        "max": 0.00946421083063,
        "mean": 0.000281913322397,
        "median": 7.72834537202e-05,
        "min": 6.51742965152e-11,
        "var": 6.85566249103e-07
    },
    "spectral_energyband_low": {
        "dmean": 0.00767911411822,
        "dmean2": 0.0117606110871,
        "dvar": 0.00063344289083,
        "dvar2": 0.00130398734473,
        "max": 0.329835951328,
        "mean": 0.0225973483175,
        "median": 0.017655255273,
        "min": 1.43043831988e-11,
        "var": 0.00121472787578
    },
    "spectral_energyband_middle_high": {
        "dmean": 0.00163941946812,
        "dmean2": 0.00224475050345,
        "dvar": 5.17631269759e-06,
        "dvar2": 8.95849098015e-06,
        "max": 0.0292427819222,
        "mean": 0.00422040652484,
        "median": 0.00297707691789,
        "min": 7.49439454939e-10,
        "var": 2.11961123568e-05
    },
    "spectral_energyband_middle_low": {
        "dmean": 0.00622919015586,
        "dmean2": 0.00953548867255,
        "dvar": 5.37070372957e-05,
        "dvar2": 0.000121401651995,
        "max": 0.0799141973257,
        "mean": 0.02260469459,
        "median": 0.0220444630831,
        "min": 1.1163258512e-10,
        "var": 0.000251646502875
    },
    "spectral_entropy": {
        "dmean": 0.302574068308,
        "dmean2": 0.435457080603,
        "dvar": 0.111375756562,
        "dvar2": 0.213366821408,
        "max": 9.79434204102,
        "mean": 6.61657810211,
        "median": 6.56109189987,
        "min": 4.74187278748,
        "var": 0.332279056311
    },
    "spectral_flux": {
        "dmean": 0.0319397896528,
        "dmean2": 0.0515115372837,
        "dvar": 0.00173360749613,
        "dvar2": 0.00447026873007,
        "max": 0.448710471392,
        "mean": 0.0806193724275,
        "median": 0.0687252655625,
        "min": 3.23328422382e-05,
        "var": 0.00352368061431
    },
    "spectral_kurtosis": {
        "dmean": 5.48553276062,
        "dmean2": 8.50580024719,
        "dvar": 63.3635063171,
        "dvar2": 152.302749634,
        "max": 131.795074463,
        "mean": 12.7068500519,
        "median": 10.3659334183,
        "min": -1.18509876728,
        "var": 120.115936279
    },
    "spectral_rms": {
        "dmean": 0.000770734623075,
        "dmean2": 0.00111014069989,
        "dvar": 1.30468788484e-06,
        "dvar2": 2.33943956118e-06,
        "max": 0.019242092967,
        "mean": 0.00621348246932,
        "median": 0.00664905644953,
        "min": 1.00990826013e-06,
        "var": 8.74051784194e-06
    },
    "spectral_rolloff": {
        "dmean": 226.281341553,
        "dmean2": 388.34765625,
        "dvar": 380732.5625,
        "dvar2": 842315.625,
        "max": 9216.2109375,
        "mean": 758.2421875,
        "median": 645.99609375,
        "min": 64.599609375,
        "var": 628957.375
    },
    "spectral_skewness": {
        "dmean": 0.501965999603,
        "dmean2": 0.738454937935,
        "dvar": 0.290265589952,
        "dvar2": 0.6394572258,
        "max": 8.85558414459,
        "mean": 2.69686627388,
        "median": 2.65514731407,
        "min": -0.0105414353311,
        "var": 0.886890411377
    },
    "spectral_spread": {
        "dmean": 882194,
        "dmean2": 1266744.75,
        "dvar": 2.10386760499e+12,
        "dvar2": 2.94708314112e+12,
        "max": 40860752,
        "mean": 3812343.75,
        "median": 3400010.75,
        "min": 866337.8125,
        "var": 4.32911364915e+12
    },
    "spectral_strongpeak": {
        "dmean": 0.508193671703,
        "dmean2": 0.875263154507,
        "dvar": 0.771503269672,
        "dvar2": 1.70209944248,
        "max": 6.251496315,
        "mean": 1.1771415472,
        "median": 0.642133057117,
        "min": 0.000251186225796,
        "var": 1.85143518448
    },
    "zerocrossingrate": {
        "dmean": 0.00710086431354,
        "dmean2": 0.00838928483427,
        "dvar": 9.89840191323e-05,
        "dvar2": 0.000108233020001,
        "max": 0.20263671875,
        "mean": 0.0326287448406,
        "median": 0.02880859375,
        "min": 0.00390625,
        "var": 0.000426656624768
    },
    "barkbands": {
        "dmean": [0.000379331206204, 0.00671439478174, 0.00121147604659, 0.000972984998953, 0.00264640315436, 0.00192578858696, 0.00162749132141, 0.0012911206577, 0.00196677842177, 0.000968452135567, 0.000468461686978, 0.000178712056368, 0.000333564326866, 0.000227254291531, 0.000187581346836, 0.000115057322546, 0.000132672546897, 5.34564496775e-05, 6.46091939416e-05, 2.6379188057e-05, 1.70004332176e-05, 4.43638091383e-05, 3.39132129739e-05, 3.62445753126e-05, 3.90376117139e-05, 2.16108819586e-05, 1.80449728759e-06],
        "dmean2": [0.00053488073172, 0.0102918995544, 0.00201223930344, 0.00163957942277, 0.00444888183847, 0.00290477508679, 0.00254709180444, 0.0018995066639, 0.00269040232524, 0.00130532041658, 0.000681328237988, 0.000277658953564, 0.000492410850711, 0.000350649846951, 0.000288097333396, 0.000175043096533, 0.000200743437745, 8.01703936304e-05, 9.71957633737e-05, 4.16307047999e-05, 2.60064007307e-05, 6.66541891405e-05, 4.86984135932e-05, 5.29027020093e-05, 5.76153215661e-05, 3.6134813854e-05, 3.16452837978e-06],
        "dvar": [2.51368578574e-06, 0.000566799426451, 8.7034977696e-06, 3.64806396647e-06, 1.28283518279e-05, 9.98419818643e-06, 1.07481973828e-05, 1.18512834888e-05, 2.20789515879e-05, 4.27314989793e-06, 9.85274255072e-07, 2.57650896174e-07, 6.67836161483e-07, 4.12468978084e-07, 2.69197897751e-07, 1.266452756e-07, 1.13214326802e-07, 1.41782887653e-08, 2.31098677972e-08, 2.45614995009e-09, 3.10558689876e-09, 3.25112274879e-08, 1.4739052645e-08, 1.19470957571e-08, 1.36115358984e-08, 5.95969407158e-09, 8.93950607983e-11],
        "dvar2": [4.38174083683e-06, 0.00121507770382, 2.29117595154e-05, 1.00857141661e-05, 3.90816239815e-05, 2.2605761842e-05, 2.36596424656e-05, 2.39186028921e-05, 3.55362790287e-05, 6.62171078147e-06, 2.10442340176e-06, 6.3461601485e-07, 1.48605749928e-06, 9.22999731756e-07, 6.15949318217e-07, 2.44196769472e-07, 2.5483598165e-07, 3.10927887881e-08, 4.93330780671e-08, 5.58666579664e-09, 6.80851197643e-09, 7.15447399102e-08, 2.65762558627e-08, 1.91924804938e-08, 2.54205527739e-08, 1.47649696913e-08, 2.38561392862e-10],
        "max": [0.0220382735133, 0.303961694241, 0.0677055940032, 0.022106975317, 0.0402391478419, 0.0286239981651, 0.0380049422383, 0.0499104037881, 0.0496768243611, 0.0377352274954, 0.0179933942854, 0.00581269897521, 0.0111296800897, 0.0125610027462, 0.00724706565961, 0.00572673464194, 0.00634971959516, 0.00216410215944, 0.0025904646609, 0.000621997925919, 0.000876240432262, 0.00316372839734, 0.00282380124554, 0.00311906752177, 0.00228531798348, 0.000757931091357, 0.000122630925034],
        "mean": [0.000440580421127, 0.0169953517616, 0.0045977011323, 0.00227059307508, 0.00575861660764, 0.00339620606974, 0.002796479268, 0.00270960712805, 0.00449004862458, 0.00191183912102, 0.000773846055381, 0.000219402558287, 0.000524649745785, 0.000335427728714, 0.000323046522681, 0.000188920079381, 0.000274864083622, 9.47138905758e-05, 0.000113660942588, 4.48957107437e-05, 2.22277249122e-05, 6.76758936606e-05, 5.26038711541e-05, 5.55557198822e-05, 5.0907372497e-05, 2.09265908779e-05, 1.24281245917e-06],
        "median": [2.01918192033e-05, 0.0108194891363, 0.00375011540018, 0.00090285873739, 0.00450621405616, 0.00159875466488, 0.000868240254931, 0.000152880646056, 0.000528721429873, 0.000550728000235, 0.000271399447229, 5.30825636815e-05, 6.09050948697e-05, 3.90758505091e-05, 4.49523213319e-05, 3.71554560843e-05, 4.93259030918e-05, 3.24925131281e-05, 3.08909147861e-05, 1.627630445e-05, 2.83253416455e-06, 1.1952522982e-05, 9.82183610176e-06, 1.33196608658e-05, 1.15180300782e-05, 2.54626797869e-06, 2.89297386047e-08],
        "min": [8.87239847563e-12, 1.82520611038e-13, 1.51775361485e-13, 3.98480537846e-13, 4.85296785396e-12, 4.62813537494e-11, 2.33700871155e-11, 2.97818020245e-12, 4.29469307339e-12, 7.31272074145e-12, 3.51576753821e-12, 1.51872893601e-12, 1.63564691305e-12, 2.46462637625e-12, 1.74238110051e-10, 5.28212109469e-12, 1.59202783335e-12, 2.81997277092e-12, 1.91729206296e-12, 2.15441531802e-12, 3.80008437911e-12, 7.63345810173e-12, 4.93583429337e-12, 5.83806527427e-12, 8.39651438655e-12, 1.23614660175e-11, 1.57645441839e-11],
        "var": [4.27645591117e-06, 0.000965836981777, 2.64419923042e-05, 8.81728647073e-06, 2.78036659438e-05, 1.81622690434e-05, 2.44095863309e-05, 3.76313255401e-05, 9.2149261036e-05, 1.89248730749e-05, 2.13131920646e-06, 3.02326554902e-07, 1.49264383253e-06, 8.82916594946e-07, 5.72921919684e-07, 2.52375429e-07, 3.88793807815e-07, 3.92158234774e-08, 6.04120202752e-08, 5.49046985654e-09, 6.24111562431e-09, 6.23571239089e-08, 3.69345762863e-08, 2.98005673471e-08, 2.73184728172e-08, 5.58109647386e-09, 6.08185932172e-11]
    },
    "erbbands": {
        "dmean": [0.241573676467, 1.40799379349, 1.81966459751, 1.7435323, 7.90745019913, 8.85824012756, 9.99985218048, 18.3649902344, 21.3459033966, 29.4422340393, 21.2128582001, 55.8490219116, 30.25806427, 23.0270233154, 19.0980014801, 7.07316970825, 15.4978837967, 11.4222650528, 9.43013000488, 6.80890083313, 5.75128364563, 5.99987697601, 3.16308641434, 3.63676261902, 2.30532574654, 1.20130085945, 0.596556484699, 0.879859745502, 1.71134400368, 1.4138828516, 0.877625286579, 0.865945935249, 0.543289601803, 0.504102051258, 0.239804312587, 0.114162750542, 0.0349743105471, 0.00692560849711, 0.000189655664144, 1.72582804225e-05],
        "dmean2": [0.355802953243, 2.27098250389, 3.0077688694, 2.90814805031, 13.7711467743, 14.6938419342, 15.2841672897, 27.7065410614, 32.5734519958, 44.904838562, 29.4044837952, 75.7677841187, 38.0816574097, 33.986907959, 27.2446861267, 10.3478298187, 22.3239364624, 17.8613605499, 14.2048826218, 10.3567256927, 8.24426651001, 8.62899398804, 4.65553474426, 5.62059926987, 3.49298787117, 1.85021471977, 0.917012035847, 1.37265086174, 2.54912543297, 2.11956715584, 1.2373803854, 1.26716136932, 0.795687794685, 0.724280893803, 0.378137499094, 0.186973154545, 0.0593886375427, 0.012153968215, 0.000327092042426, 2.6059902666e-05],
        "dvar": [1.07519209385, 20.7092018127, 23.0052490234, 12.2686319351, 141.832901001, 173.321517944, 278.426757812, 962.754638672, 2307.89038086, 3586.328125, 2513.94873047, 18695.1132812, 5638.55517578, 1763.96618652, 1773.27026367, 256.292510986, 1335.11779785, 940.542785645, 528.17364502, 335.109100342, 317.862365723, 201.863601685, 45.2308998108, 82.133354187, 25.5506381989, 4.67776489258, 3.01178073883, 11.3213071823, 51.7756576538, 35.5427360535, 9.2497587204, 7.56140995026, 2.51578521729, 2.51166510582, 0.528055369854, 0.127984717488, 0.0206459164619, 0.00120728695765, 9.16635428894e-07, 1.19379894858e-09],
        "dvar2": [1.83916866779, 54.1706047058, 62.7723045349, 32.6098518372, 420.412384033, 459.143249512, 614.478088379, 2168.82202148, 5066.32617188, 8099.93945312, 4809.02148438, 30171.21875, 7489.23632812, 3667.96875, 3450.26367188, 603.756835938, 2814.09594727, 2130.32104492, 1301.91418457, 776.94329834, 536.085083008, 405.981994629, 90.1658630371, 172.491897583, 56.2722091675, 10.2115430832, 6.94024658203, 27.072517395, 117.655273438, 86.7485809326, 14.1381978989, 12.3743000031, 4.05280971527, 4.53767728806, 1.13536071777, 0.296145170927, 0.0536596253514, 0.0032074637711, 2.40310146182e-06, 2.63523092237e-09],
        "max": [12.0412216187, 58.3324775696, 95.2054901123, 51.8798713684, 110.941772461, 159.837554932, 222.643203735, 289.335388184, 645.157165527, 636.876159668, 962.826599121, 1453.03039551, 1419.44750977, 478.605987549, 647.14642334, 183.520385742, 469.965606689, 594.737915039, 410.760528564, 233.734008789, 380.444335938, 237.62272644, 144.973922729, 171.707305908, 72.2801132202, 33.4484024048, 28.3516082764, 63.3412246704, 152.070785522, 108.676521301, 79.5874710083, 76.7382965088, 39.5045280457, 36.172706604, 9.71391487122, 4.18537044525, 1.67542862892, 0.470974326134, 0.0127439983189, 0.000410785141867],
        "mean": [0.411194473505, 3.94920778275, 7.22436714172, 4.86855173111, 16.808177948, 17.5305519104, 19.271566391, 33.0333099365, 37.5287628174, 59.6474952698, 46.5817756653, 130.600250244, 70.3132781982, 37.5643501282, 33.2302970886, 11.2629985809, 25.3492126465, 18.066991806, 17.0270576477, 12.6010923386, 12.2374544144, 12.2497491837, 6.67539978027, 6.45875406265, 4.2355632782, 2.14216661453, 0.796699881554, 1.19100034237, 2.52761745453, 1.9618268013, 1.4044406414, 1.33124637604, 0.813364505768, 0.665583610535, 0.294311821461, 0.125601455569, 0.030143212527, 0.00531137734652, 0.000167051126482, 5.9031193814e-05],
        "median": [0.0997457280755, 3.15047454834, 5.26934432983, 4.03790473938, 15.0462503433, 10.7454710007, 9.18203258514, 14.4191179276, 13.9414548874, 15.5871515274, 8.91895103455, 16.9036521912, 18.377779007, 16.7734012604, 10.0530357361, 3.84693861008, 3.49952983856, 3.37631297112, 3.31117725372, 2.95952033997, 2.17744541168, 2.40717625618, 2.40012383461, 1.77565443516, 1.48800861835, 0.765888869762, 0.183073967695, 0.179588645697, 0.440239369869, 0.297249913216, 0.267818629742, 0.274302840233, 0.196985140443, 0.146408602595, 0.0581708550453, 0.0213649980724, 0.00245112669654, 0.000217959459405, 3.56844393536e-05, 5.37647247256e-05],
        "min": [1.84819479165e-10, 3.21954234106e-11, 2.17053153229e-10, 1.00687913562e-09, 2.36832464751e-09, 1.29452120134e-08, 6.99498556855e-08, 4.80428923311e-07, 8.42073461627e-07, 9.45647045114e-08, 9.7418173084e-08, 7.5282223122e-08, 2.02479100153e-07, 1.59578803505e-07, 7.43620844901e-08, 6.57547261085e-08, 6.29030125765e-08, 1.7937746577e-07, 1.08672747956e-06, 2.46672607318e-05, 1.25739438772e-06, 1.48605849404e-07, 1.57186292427e-07, 1.09685323935e-07, 1.70594290694e-07, 9.93343789446e-08, 8.85063045075e-08, 2.00581595777e-07, 2.60676330299e-07, 2.05890145821e-07, 1.325597907e-07, 1.22072123077e-07, 9.9116263641e-08, 6.61574546257e-08, 7.41453831665e-08, 3.4818185668e-08, 2.47517757401e-08, 1.01979908962e-08, 2.5527591152e-09, 2.27976304501e-10],
        "var": [1.95043694973, 29.6985931396, 58.962020874, 25.5928020477, 235.071884155, 435.448364258, 743.223510742, 1777.41625977, 4234.45068359, 9928.18945312, 11836.2988281, 77820.5234375, 28456.1171875, 3092.03588867, 4821.50244141, 425.116821289, 3372.88745117, 1905.11779785, 1224.98376465, 658.76965332, 918.305114746, 650.65447998, 170.360031128, 236.756790161, 56.8033027649, 12.3343858719, 4.89778518677, 20.2245960236, 90.4552001953, 59.5385322571, 25.8629436493, 18.4466075897, 5.98546457291, 5.10700464249, 0.871807932854, 0.159078910947, 0.0162696707994, 0.000836734252516, 6.53086544844e-07, 2.72543010382e-09]
    },
    "gfcc": {
        "mean": [-47.3535003662, 133.780517578, -96.4908981323, 14.6644611359, -59.2848739624, 10.5210781097, -43.3275108337, 12.5044670105, -20.1864299774, -8.75287723541, -11.5836677551, -2.14727973938, -5.7332649231],
        "cov": [[14717.0292969, -868.501037598, 1540.86120605, 1294.4395752, -264.169372559, 1495.64599609, 403.759307861, 1489.98950195, 82.3610687256, 380.508392334, 104.054252625, 39.4543418884, -771.305419922], [-868.501037598, 1338.45629883, -101.192497253, -258.10635376, 267.385772705, -11.9587421417, 253.194274902, -40.4466323853, 168.463653564, -166.981918335, 159.769668579, -178.914886475, 77.1725463867], [1540.86120605, -101.192497253, 1314.0949707, 698.513244629, 183.495681763, 483.368804932, 280.023162842, 393.31817627, 38.5866966248, 97.4733734131, 13.8934831619, 110.295783997, -150.827468872], [1294.4395752, -258.10635376, 698.513244629, 864.444580078, 185.009643555, 195.68951416, 74.5221710205, 274.326202393, 81.8676986694, 23.3777809143, 22.2855014801, 103.742202759, -50.6535186768], [-264.169372559, 267.385772705, 183.495681763, 185.009643555, 413.303314209, 39.4768295288, 15.3333673477, 74.0397491455, 94.0830841064, 46.1273384094, -6.17917203903, -40.5758018494, 24.7191143036], [1495.64599609, -11.9587421417, 483.368804932, 195.68951416, 39.4768295288, 603.681762695, 270.374298096, 246.224441528, 49.834903717, 81.4781951904, 28.2597770691, -32.8431739807, -155.300735474], [403.759307861, 253.194274902, 280.023162842, 74.5221710205, 15.3333673477, 270.374298096, 354.964019775, 118.964828491, 5.8208565712, -23.7257995605, 37.6156921387, -11.816991806, -66.7269287109], [1489.98950195, -40.4466323853, 393.31817627, 274.326202393, 74.0397491455, 246.224441528, 118.964828491, 454.503082275, 90.8938446045, 16.6247177124, 3.44577622414, -19.7259674072, -110.888534546], [82.3610687256, 168.463653564, 38.5866966248, 81.8676986694, 94.0830841064, 49.834903717, 5.8208565712, 90.8938446045, 197.18560791, 21.9807682037, 16.0935916901, -54.9627380371, 0.63499802351], [380.508392334, -166.981918335, 97.4733734131, 23.3777809143, 46.1273384094, 81.4781951904, -23.7257995605, 16.6247177124, 21.9807682037, 199.460845947, -1.32870280743, -10.1738290787, -55.66198349], [104.054252625, 159.769668579, 13.8934831619, 22.2855014801, -6.17917203903, 28.2597770691, 37.6156921387, 3.44577622414, 16.0935916901, -1.32870280743, 147.498336792, 9.39011001587, -25.3364677429], [39.4543418884, -178.914886475, 110.295783997, 103.742202759, -40.5758018494, -32.8431739807, -11.816991806, -19.7259674072, -54.9627380371, -10.1738290787, 9.39011001587, 173.838439941, 29.7374858856], [-771.305419922, 77.1725463867, -150.827468872, -50.6535186768, 24.7191143036, -155.300735474, -66.7269287109, -110.888534546, 0.63499802351, -55.66198349, -25.3364677429, 29.7374858856, 162.065750122]],
        "icov": [[0.000174877670361, -0.000313493248541, 0.000203799441806, -0.000381455261959, 0.000427518563811, -0.000368833047105, 0.000365768180927, -0.000490596343298, 0.000372351350961, -0.000460124923848, 0.0002985651372, -0.000255435414147, 0.000382335594622], [-0.000313493248541, 0.00427584489807, -0.00129330332857, 0.00275677163154, -0.0033311995212, 0.00171533145476, -0.00340589089319, 0.00153125240467, -0.0031040518079, 0.0039419028908, -0.00449021626264, 0.00296181556769, -0.00195223290939], [0.000203799441806, -0.00129330332857, 0.0026573613286, -0.00213436712511, 0.000731152598746, -0.00138191482984, 0.000316976103932, -0.00129121658392, 0.00150185241364, -0.00190668180585, 0.00171629316173, -0.00193383253645, 0.00116546312347], [-0.000381455261959, 0.00275677163154, -0.00213436712511, 0.0044993092306, -0.00292345625348, 0.00144705839921, -0.00172675133217, 0.000925430387724, -0.00285094324499, 0.00328211835586, -0.00314465723932, 0.000883447413798, -0.00146875029895], [0.000427518563811, -0.0033311995212, 0.000731152598746, -0.00292345625348, 0.00616756128147, -0.00135406816844, 0.00262176827528, -0.00170299503952, 0.00174117868301, -0.00415945379063, 0.00346718123183, -0.00101729179733, 0.000356912642019], [-0.000368833047105, 0.00171533145476, -0.00138191482984, 0.00144705839921, -0.00135406816844, 0.00494603114203, -0.00358674558811, 0.000653062481433, -0.00188948446885, 0.000802835391369, -0.00165893218946, 0.00181588390842, 0.000200799157028], [0.000365768180927, -0.00340589089319, 0.000316976103932, -0.00172675133217, 0.00262176827528, -0.00358674558811, 0.00790444109589, -0.00148574216291, 0.00288995052688, -0.0014885897981, 0.00258744717576, -0.0020738474559, 0.00178133277223], [-0.000490596343298, 0.00153125240467, -0.00129121658392, 0.000925430387724, -0.00170299503952, 0.000653062481433, -0.00148574216291, 0.00553243607283, -0.00295201945119, 0.00280427932739, -0.000903488427866, 0.00137288868427, 0.00066433660686], [0.000372351350961, -0.0031040518079, 0.00150185241364, -0.00285094324499, 0.00174117868301, -0.00188948446885, 0.00288995052688, -0.00295201945119, 0.00968689192086, -0.00385893881321, 0.00201625446789, 0.000146518475958, -0.000224300922127], [-0.000460124923848, 0.0039419028908, -0.00190668180585, 0.00328211835586, -0.00415945379063, 0.000802835391369, -0.0014885897981, 0.00280427932739, -0.00385893881321, 0.010629883036, -0.00381461111829, 0.00232658837922, 0.000536787090823], [0.0002985651372, -0.00449021626264, 0.00171629316173, -0.00314465723932, 0.00346718123183, -0.00165893218946, 0.00258744717576, -0.000903488427866, 0.00201625446789, -0.00381461111829, 0.0122526446357, -0.00424319971353, 0.00387818575837], [-0.000255435414147, 0.00296181556769, -0.00193383253645, 0.000883447413798, -0.00101729179733, 0.00181588390842, -0.0020738474559, 0.00137288868427, 0.000146518475958, 0.00232658837922, -0.00424319971353, 0.0107767926529, -0.00401119329035], [0.000382335594622, -0.00195223290939, 0.00116546312347, -0.00146875029895, 0.000356912642019, 0.000200799157028, 0.00178133277223, 0.00066433660686, -0.000224300922127, 0.000536787090823, 0.00387818575837, -0.00401119329035, 0.0123986592516]]
    },
    "melbands": {
        "dmean": [0.00195779860951, 0.00124709168449, 0.000474177824799, 0.000636128999759, 0.000347184104612, 0.00039335078327, 0.000327363202814, 0.000333213945851, 0.000199303452973, 0.000339220336173, 0.000144853489473, 9.58151722443e-05, 5.8209119743e-05, 3.25712608173e-05, 2.90383613901e-05, 2.73466557701e-05, 2.36260784732e-05, 1.5663652448e-05, 1.44595560414e-05, 8.4342318587e-06, 7.55105293138e-06, 7.39811275707e-06, 4.18362969867e-06, 2.688971108e-06, 3.27370594277e-06, 2.05244305107e-06, 1.47529681271e-06, 6.50511935874e-07, 3.72306004692e-07, 4.25038422236e-07, 5.67926178974e-07, 1.02370370314e-06, 9.31484407829e-07, 7.76880142439e-07, 5.01472072756e-07, 6.05531795372e-07, 5.0117552064e-07, 3.63628657851e-07, 4.49469382602e-07, 4.38018133764e-07],
        "dmean2": [0.00294281658716, 0.00202999310568, 0.000808376178611, 0.00108928128611, 0.000528183765709, 0.000591121439356, 0.000501048692968, 0.000503302842844, 0.000272378179943, 0.00046325972653, 0.000184361866559, 0.000142604243592, 8.55352773215e-05, 4.6823919547e-05, 4.2431311158e-05, 4.11400651501e-05, 3.71017558791e-05, 2.34795534197e-05, 2.19657104026e-05, 1.34426045406e-05, 1.05856133814e-05, 1.10079436126e-05, 6.07432821198e-06, 4.09749236496e-06, 5.14110570293e-06, 3.15382408189e-06, 2.2903370791e-06, 9.95902610157e-07, 5.95801623149e-07, 6.32055275673e-07, 9.00688121419e-07, 1.57936619871e-06, 1.41192754199e-06, 1.17927277188e-06, 7.185224149e-07, 8.62166473325e-07, 7.53001245357e-07, 5.28935800048e-07, 6.59228362565e-07, 6.26351379651e-07],
        "dvar": [5.8616296883e-05, 1.1373513189e-05, 6.90391459557e-07, 8.49494142585e-07, 2.72222081321e-07, 4.23111032433e-07, 4.86396572796e-07, 5.14647069849e-07, 1.99652546939e-07, 6.55467488286e-07, 1.40854524489e-07, 3.21643902623e-08, 1.59681707856e-08, 5.96719917922e-09, 6.66386279491e-09, 4.33360280994e-09, 4.71703609506e-09, 1.49601686594e-09, 1.80849601961e-09, 5.88809889734e-10, 5.73626146583e-10, 3.4571415175e-10, 7.95510324281e-11, 3.9090758408e-11, 7.15436251908e-11, 2.77792094883e-11, 8.96464413119e-12, 1.32782738797e-12, 1.03369493954e-12, 2.25253995144e-12, 4.62078899449e-12, 2.51879697655e-11, 1.37792312283e-11, 1.12990432982e-11, 3.64669622624e-12, 3.26498788943e-12, 2.79691851277e-12, 1.20962907659e-12, 1.54936447786e-12, 2.28238261624e-12],
        "dvar2": [0.000113828689791, 3.13842647301e-05, 1.86242618838e-06, 2.64904110736e-06, 5.92262438204e-07, 9.48172612425e-07, 1.04635648768e-06, 1.11962901883e-06, 3.52116785507e-07, 1.07371306513e-06, 1.84629698197e-07, 6.68198936182e-08, 3.37675309936e-08, 1.31523343327e-08, 1.45645646654e-08, 8.98279495232e-09, 1.05677635531e-08, 3.61442387131e-09, 3.98191124518e-09, 1.41372169526e-09, 9.47390055295e-10, 7.63712593166e-10, 1.4871913423e-10, 8.30864613222e-11, 1.51506876489e-10, 6.23614215822e-11, 2.12350276252e-11, 2.78704056361e-12, 2.53608939405e-12, 5.18192433407e-12, 1.11513845033e-11, 6.4171438996e-11, 2.96694092905e-11, 2.84825375091e-11, 6.67373144594e-12, 4.98864794959e-12, 4.90652180343e-12, 1.97850373237e-12, 2.66034698611e-12, 4.24593086384e-12],
        "max": [0.0947781577706, 0.04780735448, 0.00915059633553, 0.0094483429566, 0.0066235284321, 0.0060713281855, 0.00887222774327, 0.00902976281941, 0.00744326272979, 0.00847916956991, 0.0071316305548, 0.00207576691173, 0.00172312185168, 0.000908983754925, 0.00139446742833, 0.000961404293776, 0.00137379695661, 0.000647152366582, 0.000724680896383, 0.000319905782817, 0.000607825350016, 0.00030426462763, 0.000131374123157, 0.000151988409925, 0.0001592374756, 8.64702597028e-05, 3.61575985153e-05, 2.07032207982e-05, 1.6268237232e-05, 2.97810784105e-05, 3.65075611626e-05, 0.000118603769806, 7.22753975424e-05, 5.88153379795e-05, 5.04197814735e-05, 4.88510813739e-05, 4.92850849696e-05, 3.03420238197e-05, 2.7714017051e-05, 3.78298827854e-05],
        "mean": [0.00419928599149, 0.00447894958779, 0.00129428610671, 0.00128228275571, 0.000725001911633, 0.000704627484083, 0.000581450469326, 0.000672838184983, 0.000407610088587, 0.000786549411714, 0.000315663375659, 0.000144336110679, 9.93818684947e-05, 4.91467108077e-05, 3.89977321902e-05, 4.65932389488e-05, 3.45923690475e-05, 2.56475923379e-05, 2.54747847066e-05, 1.40989823194e-05, 1.53210603457e-05, 1.42641538332e-05, 8.05005311122e-06, 4.88365458295e-06, 5.41394729225e-06, 3.32762738253e-06, 2.56545922639e-06, 1.07497714907e-06, 4.34208857314e-07, 5.24637528088e-07, 7.27027213543e-07, 1.42358385347e-06, 1.36703908993e-06, 1.01902708138e-06, 7.50278161377e-07, 9.39176629799e-07, 7.28340864953e-07, 5.22265963809e-07, 6.28649047485e-07, 5.37603000339e-07],
        "median": [0.00189474201761, 0.00393684813753, 0.00113699620124, 0.00105347915087, 0.000362525839591, 0.000318675505696, 0.000189002399566, 0.000137992436066, 5.38543899893e-05, 9.89877444226e-05, 6.40800499241e-05, 5.5948516092e-05, 3.63105500583e-05, 1.35251730171e-05, 6.90419574312e-06, 5.54331791136e-06, 4.24077552452e-06, 4.1463058551e-06, 3.45423109138e-06, 3.1550505355e-06, 1.80900167379e-06, 2.10515736399e-06, 2.70041073236e-06, 1.46319246142e-06, 1.33580101647e-06, 8.94236166005e-07, 8.42549809477e-07, 3.38329101623e-07, 8.3153452124e-08, 6.28897680599e-08, 9.22839547002e-08, 2.31957315577e-07, 2.17456488372e-07, 1.29398060267e-07, 1.22356681231e-07, 1.77993896955e-07, 1.3987441605e-07, 9.78605214641e-08, 1.53791489765e-07, 9.17462230632e-08],
        "min": [3.16415210005e-12, 4.78702736901e-14, 2.11797701773e-13, 3.32445849278e-13, 1.971906579e-12, 1.18757113518e-11, 1.14357412428e-11, 3.89417041365e-13, 7.97182252935e-13, 5.37174634201e-13, 1.01836074295e-12, 6.61154074197e-13, 3.3928391238e-13, 1.68074619977e-13, 1.05752077017e-13, 1.89239818477e-13, 2.4884673315e-13, 1.49642437656e-13, 1.33076188957e-11, 7.18208999217e-12, 9.92833406092e-14, 1.03967974909e-13, 1.06715526173e-13, 1.50571626023e-13, 8.03535501483e-14, 7.28745744847e-14, 1.27032661734e-13, 5.26044628051e-14, 3.71791729077e-14, 1.01866818203e-13, 1.14856529235e-13, 1.60878309372e-13, 1.33658844626e-13, 9.92188170274e-14, 6.5177945235e-14, 1.02528804945e-13, 6.42354144051e-14, 7.16884844131e-14, 7.22431690208e-14, 4.19381665354e-14],
        "var": [0.000102628306195, 2.1215135348e-05, 1.53682128712e-06, 1.40331383136e-06, 8.91369495548e-07, 7.77563059273e-07, 1.02827914361e-06, 1.44859200191e-06, 8.96933215699e-07, 2.75309207609e-06, 7.05860145445e-07, 5.4021718654e-08, 3.79258509042e-08, 1.05467439226e-08, 9.59089874186e-09, 1.37087914354e-08, 9.60555279761e-09, 3.40556383094e-09, 3.93347399097e-09, 1.10709785783e-09, 1.75894432353e-09, 1.03344288682e-09, 2.53603055222e-10, 1.23982615841e-10, 1.96897428917e-10, 5.38758135327e-11, 1.83955160132e-11, 3.58675784386e-12, 1.38149832286e-12, 3.99886894431e-12, 7.86399244335e-12, 3.24161322784e-11, 2.68426340183e-11, 1.75853324957e-11, 8.84738202839e-12, 8.5491596441e-12, 6.27575205345e-12, 2.79529936524e-12, 3.4719848524e-12, 4.21334104758e-12]
    },
    "mfcc": {
        "mean": [-697.329101562, 163.460754395, 22.1530399323, 9.60211372375, 11.4292106628, -7.52017784119, -4.30688905716, 9.99503231049, -4.11198186874, -0.409511387348, -1.10920917988, -10.4138221741, 0.00129096675664],
        "cov": [[10561.7734375, 137.678619385, 675.79284668, 419.884765625, 526.414306641, 102.924743652, 526.789733887, 915.051574707, 244.372024536, 620.397949219, 779.426879883, 528.788574219, 334.813751221], [137.678619385, 1428.68151855, -168.987731934, -203.172027588, 72.0468597412, 13.0834751129, 143.384475708, 97.3778991699, 67.9538803101, 129.062347412, 135.445968628, 20.2370872498, 30.2906265259], [675.79284668, -168.987731934, 981.493408203, 336.472198486, 150.435424805, 260.056427002, 293.187835693, 354.916442871, 163.199188232, 71.0247039795, 212.363418579, 165.599014282, 76.7338180542], [419.884765625, -203.172027588, 336.472198486, 725.203491211, 311.271942139, 46.8400840759, 37.2606887817, 148.36907959, 104.668128967, 48.7535057068, -43.4381446838, 109.723251343, 95.3215789795], [526.414306641, 72.0468597412, 150.435424805, 311.271942139, 472.107879639, 46.1869392395, 34.5133476257, 119.949493408, 113.700576782, 174.854354858, 50.2337417603, 95.5538406372, 97.4646072388], [102.924743652, 13.0834751129, 260.056427002, 46.8400840759, 46.1869392395, 378.578094482, 175.069732666, 54.2565383911, 62.620513916, 36.4197883606, 112.492538452, 90.1864852905, -3.73111653328], [526.789733887, 143.384475708, 293.187835693, 37.2606887817, 34.5133476257, 175.069732666, 360.402557373, 206.955856323, 79.9575881958, 65.5589599609, 155.663482666, 113.317581177, 54.5049819946], [915.051574707, 97.3778991699, 354.916442871, 148.36907959, 119.949493408, 54.2565383911, 206.955856323, 435.114990234, 138.997756958, 87.0295257568, 148.541687012, 98.2280654907, 102.798751831], [244.372024536, 67.9538803101, 163.199188232, 104.668128967, 113.700576782, 62.620513916, 79.9575881958, 138.997756958, 226.046554565, 104.495643616, 10.9870624542, 18.5393276215, 50.5819816589], [620.397949219, 129.062347412, 71.0247039795, 48.7535057068, 174.854354858, 36.4197883606, 65.5589599609, 87.0295257568, 104.495643616, 306.352264404, 128.186737061, 29.9567203522, 48.5008010864], [779.426879883, 135.445968628, 212.363418579, -43.4381446838, 50.2337417603, 112.492538452, 155.663482666, 148.541687012, 10.9870624542, 128.186737061, 348.783294678, 111.017814636, 2.53331041336], [528.788574219, 20.2370872498, 165.599014282, 109.723251343, 95.5538406372, 90.1864852905, 113.317581177, 98.2280654907, 18.5393276215, 29.9567203522, 111.017814636, 199.107391357, 56.0690727234], [334.813751221, 30.2906265259, 76.7338180542, 95.3215789795, 97.4646072388, -3.73111653328, 54.5049819946, 102.798751831, 50.5819816589, 48.5008010864, 2.53331041336, 56.0690727234, 147.72467041]],
