{
"lowlevel": {
    "average_loudness": 0.968391776085,
    "barkbands_crest": {
        "dmean": 2.31806874275,
        "dmean2": 3.78575515747,
        "dvar": 4.80333089828,
        "dvar2": 12.1303443909,
        "max": 25.5208473206,
        "mean": 9.78627586365,
        "median": 9.22730636597,
        "min": 3.23460483551,
        "var": 11.9532003403
    },
    "barkbands_flatness_db": {
        "dmean": 0.0229133795947,
        "dmean2": 0.0345531180501,
        "dvar": 0.000518295331858,
        "dvar2": 0.00115501438268,
        "max": 0.514188826084,
        "mean": 0.175340622663,
        "median": 0.166888996959,
        "min": 0.0768493115902,
        "var": 0.00268632080406
    },
    "barkbands_kurtosis": {
        "dmean": 3.58980226517,
        "dmean2": 5.59803676605,
        "dvar": 221.269790649,
        "dvar2": 573.871582031,
        "max": 517.252807617,
        "mean": 5.64465665817,
        "median": 2.50980901718,
        "min": -1.81708145142,
        "var": 259.806732178
    },
    "barkbands_skewness": {
        "dmean": 0.542568862438,
        "dmean2": 0.816900968552,
        "dvar": 0.571043670177,
        "dvar2": 1.37734401226,
        "max": 21.1750621796,
        "mean": 1.85170471668,
        "median": 1.68315386772,
        "min": -1.9055339098,
        "var": 1.42780542374
    },
    "barkbands_spread": {
        "dmean": 4.87816095352,
        "dmean2": 7.61224603653,
        "dvar": 28.2597389221,
        "dvar2": 69.6361999512,
        "max": 85.9235687256,
        "mean": 20.4990367889,
        "median": 20.0691280365,
        "min": 0.485155463219,
        "var": 96.5063705444
    },
    "dissonance": {
        "dmean": 0.0182976294309,
        "dmean2": 0.0304212197661,
        "dvar": 0.000333390431479,
        "dvar2": 0.000845453585498,
        "max": 0.499999940395,
        "mean": 0.463999897242,
        "median": 0.471020311117,
        "min": 0.214461892843,
        "var": 0.000775439140853
    },
    "dynamic_complexity": 2.13900542259,
    "erbbands_crest": {
        "dmean": 2.868881464,
        "dmean2": 4.5365023613,
        "dvar": 7.45826101303,
        "dvar2": 17.1117954254,
        "max": 30.276714325,
        "mean": 9.37777900696,
        "median": 7.87209558487,
        "min": 2.46914029121,
        "var": 25.4703426361
    },
    "erbbands_flatness_db": {
        "dmean": 0.0163214746863,
        "dmean2": 0.0235614161938,
        "dvar": 0.000262194895186,
        "dvar2": 0.000532966223545,
        "max": 0.353850692511,
        "mean": 0.173331737518,
        "median": 0.168537914753,
        "min": 0.105239287019,
        "var": 0.00105451792479
    },
    "erbbands_kurtosis": {
        "dmean": 0.983382821083,
        "dmean2": 1.49812710285,
        "dvar": 3.45073056221,
        "dvar2": 7.62076044083,
        "max": 29.4505577087,
        "mean": 0.358587384224,
        "median": -0.4752805233,
        "min": -1.73807668686,
        "var": 8.61446857452
    },
    "erbbands_skewness": {
        "dmean": 0.372564733028,
        "dmean2": 0.55955517292,
        "dvar": 0.133784502745,
        "dvar2": 0.290538936853,
        "max": 4.52932357788,
        "mean": 0.299302011728,
        "median": 0.149398222566,
        "min": -2.33116483688,
        "var": 0.6652110219
    },
    "erbbands_spread": {
        "dmean": 9.23811244965,
        "dmean2": 13.6900272369,
        "dvar": 85.415184021,
        "dvar2": 186.845001221,
        "max": 135.536895752,
        "mean": 44.4774436951,
        "median": 43.4746055603,
        "min": 4.73857975006,
        "var": 327.064758301
    },
    "hfc": {
        "dmean": 6.25115442276,
        "dmean2": 8.79015159607,
        "dvar": 44.2706604004,
        "dvar2": 88.1044082642,
        "max": 73.0272674561,
        "mean": 23.2874336243,
        "median": 22.3141021729,
        "min": 1.5253561287e-05,
        "var": 172.116439819
    },
    "melbands_crest": {
        "dmean": 3.00506305695,
        "dmean2": 4.82565259933,
        "dvar": 7.90862560272,
        "dvar2": 18.7065372467,
        "max": 34.5574951172,
        "mean": 15.0375947952,
        "median": 14.1925849915,
        "min": 4.7447385788,
        "var": 26.7253379822
    },
    "melbands_flatness_db": {
        "dmean": 0.0264868214726,
        "dmean2": 0.0389576479793,
        "dvar": 0.000781434064265,
        "dvar2": 0.00166230415925,
        "max": 0.627968847752,
        "mean": 0.211248338223,
        "median": 0.202218964696,
        "min": 0.0491701439023,
        "var": 0.00453495513648
    },
    "melbands_kurtosis": {
        "dmean": 9.9803686142,
        "dmean2": 15.6318254471,
        "dvar": 1542.26660156,
        "dvar2": 4164.96679688,
        "max": 1313.70056152,
        "mean": 18.812582016,
        "median": 11.3684835434,
        "min": -1.65414619446,
        "var": 1520.51928711
    },
    "melbands_skewness": {
        "dmean": 0.825398802757,
        "dmean2": 1.23606574535,
        "dvar": 1.09049260616,
        "dvar2": 2.62992167473,
        "max": 25.914850235,
        "mean": 3.16444706917,
        "median": 2.97214150429,
        "min": -0.196445703506,
        "var": 2.83728003502
    },
    "melbands_spread": {
        "dmean": 5.51890563965,
        "dmean2": 8.69243335724,
        "dvar": 53.0039596558,
        "dvar2": 124.43611908,
        "max": 151.568969727,
        "mean": 18.8873558044,
        "median": 16.9925498962,
        "min": 0.355549961329,
        "var": 143.193725586
    },
    "pitch_salience": {
        "dmean": 0.0693628489971,
        "dmean2": 0.112457454205,
        "dvar": 0.00414340896532,
        "dvar2": 0.0107622547075,
        "max": 0.864477932453,
        "mean": 0.533953011036,
        "median": 0.539705753326,
        "min": 0.0643005669117,
        "var": 0.0111624700949
    },
    "silence_rate_20dB": {
        "dmean": 0,
        "dmean2": 0,
        "dvar": 0,
        "dvar2": 0,
        "max": 1,
        "mean": 1,
        "median": 1,
        "min": 1,
        "var": 0
    },
    "silence_rate_30dB": {
        "dmean": 0.000773993786424,
        "dmean2": 0.00154858687893,
        "dvar": 0.000773393956479,
        "dvar2": 0.00232047890313,
        "max": 1,
        "mean": 0.999613165855,
        "median": 1,
        "min": 0,
        "var": 0.000386705098208
    },
    "silence_rate_60dB": {
        "dmean": 0.0193498451263,
        "dmean2": 0.0387146733701,
        "dvar": 0.0189749151468,
        "dvar2": 0.0465045012534,
        "max": 1,
        "mean": 0.029787234962,
        "median": 0,
        "min": 0,
        "var": 0.0289012305439
    },
    "spectral_centroid": {
        "dmean": 219.928909302,
        "dmean2": 339.735626221,
        "dvar": 47703.8515625,
        "dvar2": 108649.28125,
        "max": 3907.13793945,
        "mean": 1169.96618652,
        "median": 1154.39013672,
        "min": 127.237731934,
        "var": 201899.421875
    },
    "spectral_complexity": {
        "dmean": 4.15789461136,
        "dmean2": 6.05032920837,
        "dvar": 17.1523246765,
        "dvar2": 30.5432510376,
        "max": 49,
        "mean": 22.0170211792,
        "median": 22,
        "min": 0,
        "var": 90.4337539673
    },
    "spectral_decrease": {
        "dmean": 2.88344659261e-09,
        "dmean2": 4.53927695432e-09,
        "dvar": 9.57408205881e-18,
        "dvar2": 2.41417145093e-17,
        "max": -9.74577643793e-15,
        "mean": -1.06893729424e-08,
        "median": -1.09943361082e-08,
        "min": -3.19202086985e-08,
        "var": 3.072902522e-17
    },
    "spectral_energy": {
        "dmean": 0.0112869292498,
        "dmean2": 0.017693977803,
        "dvar": 0.000144927689689,
        "dvar2": 0.000361607730156,
        "max": 0.123709976673,
        "mean": 0.0424564257264,
        "median": 0.0440068505704,
        "min": 3.81663625149e-08,
        "var": 0.000472304440336
    },
    "spectral_energyband_high": {
        "dmean": 0.000309282564558,
        "dmean2": 0.000416760798544,
        "dvar": 1.69511423564e-07,
        "dvar2": 3.13188621703e-07,
        "max": 0.00638986146078,
        "mean": 0.000761787989177,
        "median": 0.000528321776073,
        "min": 5.9467647473e-10,
        "var": 5.74960665745e-07
    },
    "spectral_energyband_low": {
        "dmean": 0.00648469291627,
        "dmean2": 0.0106167197227,
        "dvar": 7.58349051466e-05,
        "dvar2": 0.000198157518753,
        "max": 0.094953879714,
        "mean": 0.0180634111166,
        "median": 0.0150599516928,
        "min": 4.22173496162e-09,
        "var": 0.000186753328308
    },
    "spectral_energyband_middle_high": {
        "dmean": 0.00213658669963,
        "dmean2": 0.00311683025211,
        "dvar": 7.95591950009e-06,
        "dvar2": 1.57363210747e-05,
        "max": 0.0360863097012,
        "mean": 0.00614641839638,
        "median": 0.00449028192088,
        "min": 1.93758287192e-10,
        "var": 3.33557291015e-05
    },
    "spectral_energyband_middle_low": {
        "dmean": 0.00729850493371,
        "dmean2": 0.0114773763344,
        "dvar": 6.75352130202e-05,
        "dvar2": 0.000170492232428,
        "max": 0.104245565832,
        "mean": 0.0191591344774,
        "median": 0.016579721123,
        "min": 3.47691404556e-08,
        "var": 0.000181798415724
    },
    "spectral_entropy": {
        "dmean": 0.163427814841,
        "dmean2": 0.231716245413,
        "dvar": 0.0375781804323,
        "dvar2": 0.0757083147764,
        "max": 8.37594127655,
        "mean": 7.51922655106,
        "median": 7.59582281113,
        "min": 4.55419540405,
        "var": 0.173678085208
    },
    "spectral_flux": {
        "dmean": 0.0267476830631,
        "dmean2": 0.0406753718853,
        "dvar": 0.000659654324409,
        "dvar2": 0.00133748468943,
        "max": 0.300143867731,
        "mean": 0.092520840466,
        "median": 0.0862180292606,
        "min": 0.000195362124941,
        "var": 0.00165508070495
    },
    "spectral_kurtosis": {
        "dmean": 1.59596848488,
        "dmean2": 2.68557929993,
        "dvar": 11.4380903244,
        "dvar2": 26.6989078522,
        "max": 77.9381790161,
        "mean": 3.13062119484,
        "median": 2.42136859894,
        "min": -1.07052087784,
        "var": 18.2772254944
    },
    "spectral_rms": {
        "dmean": 0.000874943856616,
        "dmean2": 0.0013403268531,
        "dvar": 7.6456996112e-07,
        "dvar2": 1.75195657448e-06,
        "max": 0.0109860207886,
        "mean": 0.00613694172353,
        "median": 0.0065523670055,
        "min": 6.10208780927e-06,
        "var": 3.75883701054e-06
    },
    "spectral_rolloff": {
        "dmean": 381.800994873,
        "dmean2": 654.133728027,
        "dvar": 374703.59375,
        "dvar2": 929822.75,
        "max": 8699.4140625,
        "mean": 1037.96020508,
        "median": 753.662109375,
        "min": 64.599609375,
        "var": 718450.4375
    },
    "spectral_skewness": {
        "dmean": 0.22072045505,
        "dmean2": 0.348072081804,
        "dvar": 0.0926428213716,
        "dvar2": 0.20565007627,
        "max": 7.59052276611,
        "mean": 1.29263830185,
        "median": 1.23024141788,
        "min": -0.145638749003,
        "var": 0.265508681536
    },
    "spectral_spread": {
        "dmean": 410134,
        "dmean2": 600678.875,
        "dvar": 213323153408,
        "dvar2": 412502458368,
        "max": 9545574,
        "mean": 4278317,
        "median": 4174832.5,
        "min": 814564.75,
        "var": 996047257600
    },
    "spectral_strongpeak": {
        "dmean": 0.462106764317,
        "dmean2": 0.787456214428,
        "dvar": 0.633068978786,
        "dvar2": 1.53994417191,
        "max": 7.17409563065,
        "mean": 0.859124422073,
        "median": 0.592381179333,
        "min": 0,
        "var": 0.9319704175
    },
    "zerocrossingrate": {
        "dmean": 0.00792568922043,
        "dmean2": 0.00960305333138,
        "dvar": 6.76062772982e-05,
        "dvar2": 8.98762300494e-05,
        "max": 0.2255859375,
        "mean": 0.048787701875,
        "median": 0.046875,
        "min": 0.00390625,
        "var": 0.000462430209154
    },
    "barkbands": {
        "dmean": [7.82491188147e-05, 0.00403077853844, 0.00292027136311, 0.00284171360545, 0.00308845331892, 0.00145551702008, 0.000992325367406, 0.00151940528303, 0.0010043233633, 0.00064683140954, 0.000422602664912, 0.00023469698499, 0.000383214297472, 0.000452591571957, 0.000545728718862, 0.000343198829796, 0.000295193400234, 0.000184192598681, 0.000142058226629, 0.00010735529213, 8.25528404675e-05, 8.32401274238e-05, 8.40110515128e-05, 5.4687683587e-05, 2.86610520561e-05, 2.85673475986e-08, 1.61992141923e-09],
        "dmean2": [0.000129156353069, 0.00681995879859, 0.00468849344179, 0.00473452359438, 0.00505699031055, 0.00219320249744, 0.00157270918135, 0.0022619033698, 0.00159270537551, 0.000974957714789, 0.000650876900181, 0.000384848593967, 0.000591078598518, 0.000711515778676, 0.000869578914717, 0.000532084901351, 0.000478079833556, 0.000293953635264, 0.00022480233747, 0.000167646285263, 0.000123018136946, 0.000120421515021, 0.000122843906865, 7.92722130427e-05, 4.21837576141e-05, 4.49809967051e-08, 3.00588554047e-09],
        "dvar": [2.34589947468e-08, 3.72142494598e-05, 2.0215049517e-05, 1.97115532501e-05, 1.61419193319e-05, 8.38756568555e-06, 2.54223209595e-06, 1.26753266159e-05, 5.63023331779e-06, 2.4100106657e-06, 1.36914502491e-06, 2.69584461421e-07, 4.46454606617e-07, 6.85387817612e-07, 1.23591723877e-06, 5.26326743966e-07, 2.70181658379e-07, 7.24260615925e-08, 3.51898492568e-08, 1.81593620141e-08, 1.33870452501e-08, 1.64791043034e-08, 2.28435439453e-08, 1.15155591729e-08, 3.91463572669e-09, 6.81594791865e-15, 4.55282856127e-18],
        "dvar2": [5.98822254005e-08, 0.000103198610304, 4.99260786455e-05, 5.36402731086e-05, 4.06756189477e-05, 1.51205395014e-05, 5.85660382058e-06, 2.33499213209e-05, 1.32644581754e-05, 4.89623198519e-06, 3.12070392283e-06, 6.4152595769e-07, 1.03329500689e-06, 1.6466285615e-06, 2.79900950773e-06, 1.27451608023e-06, 7.0027874699e-07, 1.74050313717e-07, 8.6359492002e-08, 4.37527205577e-08, 2.8097632665e-08, 3.70058756971e-08, 4.63024321107e-08, 2.24399627768e-08, 7.95696664113e-09, 1.71192693945e-14, 1.4152319127e-17],
        "max": [0.00243002059869, 0.0657446682453, 0.0664953142405, 0.088430300355, 0.0713837444782, 0.0738637596369, 0.0273128934205, 0.0606621205807, 0.0289495624602, 0.0291739851236, 0.0235996507108, 0.0114452214912, 0.0155364610255, 0.0152147971094, 0.0234669167548, 0.0116096856073, 0.00812407676131, 0.00497045647353, 0.00321786780842, 0.00189596158452, 0.00198723538779, 0.0023972815834, 0.00317777018063, 0.00238490174524, 0.000902080500964, 1.48948299739e-06, 2.24364509194e-08],
        "mean": [7.75394000812e-05, 0.00852081365883, 0.00786913000047, 0.0043873838149, 0.00608433317393, 0.0026542188134, 0.00182825012598, 0.00261943601072, 0.00142208253965, 0.00106682954356, 0.000657269498333, 0.000352316739736, 0.000657084456179, 0.000761979667004, 0.000856925267726, 0.000516605039593, 0.000517013773788, 0.000390945933759, 0.000330563634634, 0.000239128436078, 0.000181476643775, 0.000161551230121, 0.00015529281518, 9.99291150947e-05, 4.82794603158e-05, 3.80729225924e-08, 1.29461286136e-09],
        "median": [2.37892199948e-05, 0.00642272317782, 0.0039324411191, 0.00279952934943, 0.00427225604653, 0.00139174796641, 0.000855934864376, 0.000625565240625, 0.000421882956289, 0.000222737246077, 0.000186506440514, 0.00016672637139, 0.000259834254393, 0.000290739844786, 0.000331818271661, 0.000248171709245, 0.00032265795744, 0.000283111468889, 0.000250344513915, 0.000195480664843, 0.000114686059533, 9.10539238248e-05, 7.28764571249e-05, 5.17717126058e-05, 1.78477421287e-05, 1.43761997862e-08, 5.25401055995e-10],
        "min": [5.56728066425e-11, 1.62884747357e-10, 2.38895925264e-09, 4.51885018293e-09, 1.09921804992e-08, 1.99203409323e-09, 5.29365884461e-09, 4.66343075267e-10, 1.01849292888e-10, 2.15471043785e-11, 3.71479166872e-11, 1.28898107465e-11, 8.47468015902e-12, 1.14323489911e-11, 4.1555370256e-12, 1.96869638647e-11, 1.721489791e-11, 9.86507663753e-12, 2.62045385391e-11, 7.96942442594e-11, 1.92223917339e-10, 8.70180039136e-11, 1.1873141359e-10, 8.16811271398e-11, 5.15979932392e-11, 4.21119129151e-12, 6.48650317486e-12],
        "var": [2.47117029062e-08, 6.05761997576e-05, 8.39029235067e-05, 2.78524730675e-05, 3.97221956518e-05, 2.12954200833e-05, 8.71754309628e-06, 4.45320365543e-05, 9.5109699032e-06, 7.18368210073e-06, 3.363338692e-06, 3.84892956617e-07, 1.06773177322e-06, 1.57172553372e-06, 2.31223771152e-06, 7.21356343547e-07, 4.54482119494e-07, 1.77770743903e-07, 1.05164410513e-07, 4.24293808976e-08, 3.77526312434e-08, 3.92919616843e-08, 6.116153628e-08, 2.84566503694e-08, 7.39827177298e-09, 7.25202080868e-15, 3.75529823778e-18]
    },
    "erbbands": {
        "dmean": [0.0776177495718, 1.06489562988, 3.25636816025, 5.59764623642, 12.9545068741, 8.87149047852, 7.37577867508, 14.9911174774, 12.9035167694, 21.6362285614, 31.5231285095, 23.1571426392, 18.9031772614, 18.8357143402, 14.7488975525, 8.75395298004, 15.2574710846, 21.0294017792, 25.856508255, 25.3080501556, 17.6469535828, 14.1684494019, 10.2475185394, 7.9961066246, 6.26636743546, 5.24855470657, 3.73404574394, 3.17325186729, 2.94142413139, 2.60966229439, 2.59109306335, 1.54099595547, 0.777676105499, 0.542419016361, 0.0350187942386, 0.0015388202155, 8.02356589702e-05, 1.10719629447e-05, 6.7607861638e-06, 1.29736727104e-05],
        "dmean2": [0.122612006962, 1.81802606583, 5.21947240829, 9.46465587616, 21.5884037018, 14.2879981995, 11.7250776291, 22.5073280334, 20.8030071259, 32.5074005127, 46.2110290527, 36.6463241577, 28.5302848816, 27.8796539307, 22.7977409363, 14.0721740723, 23.2858982086, 32.3996200562, 40.0729026794, 40.3280029297, 27.0304336548, 22.640542984, 16.1374893188, 12.5692005157, 9.91568088531, 8.23892116547, 5.55101108551, 4.64901161194, 4.35660791397, 3.79948067665, 3.82368254662, 2.29737281799, 1.09961807728, 0.794798910618, 0.0520467422903, 0.00228067161515, 0.000114871589176, 1.5388313841e-05, 9.93825415208e-06, 2.00552913157e-05],
        "dvar": [0.0173598919064, 2.50284814835, 23.6840782166, 76.032699585, 306.938537598, 161.062011719, 140.030197144, 1173.61657715, 483.710235596, 1806.35351562, 5219.57568359, 3453.09912109, 2052.26953125, 2240.12158203, 1365.06323242, 360.657928467, 762.504455566, 1229.31152344, 3633.00195312, 2431.15356445, 1126.45080566, 586.08392334, 221.660186768, 106.220748901, 66.482208252, 44.2881126404, 30.3259811401, 19.7117099762, 24.476348877, 17.6426830292, 21.0935745239, 10.3305168152, 2.05151629448, 1.32077050209, 0.00377757148817, 7.51724246584e-06, 1.98842453614e-08, 3.27785576459e-10, 5.20718398955e-11, 1.85804996389e-10],
        "dvar2": [0.0432462655008, 7.04490232468, 57.9544448853, 203.044784546, 817.487915039, 359.811462402, 346.266082764, 2068.56420898, 1148.16894531, 4126.35351562, 9118.29394531, 8471.140625, 4473.37646484, 3916.36230469, 2979.63085938, 894.651855469, 1654.66723633, 2766.58178711, 8470.96582031, 5616.625, 2605.57910156, 1458.9654541, 532.114990234, 259.837219238, 155.696365356, 107.156852722, 66.2332611084, 41.1971168518, 58.1358108521, 36.7619857788, 43.543712616, 20.8015899658, 3.95170640945, 2.64713549614, 0.00820699334145, 1.62324486155e-05, 3.97805877128e-08, 6.28576912742e-10, 1.13206208296e-10, 4.53446141746e-10],
        "max": [1.70924460888, 17.3348045349, 79.9044799805, 173.1587677, 205.595397949, 251.74269104, 194.63079834, 893.665161133, 485.227508545, 704.383117676, 1248.28955078, 864.799560547, 714.365905762, 1322.0925293, 637.682067871, 391.642089844, 727.583190918, 543.867736816, 1463.90893555, 802.898742676, 475.243865967, 367.272277832, 329.66204834, 148.756988525, 158.848526001, 80.6979675293, 87.1988296509, 68.2312240601, 110.711929321, 83.5472717285, 78.9294204712, 71.6722106934, 30.3400039673, 15.6671800613, 0.682853639126, 0.0309125669301, 0.00168015097734, 0.000255348422797, 8.70724252309e-05, 0.000141659460496],
        "mean": [0.12479377538, 2.37375211716, 9.51354026794, 10.4810590744, 22.4414463043, 17.4417514801, 14.6017179489, 26.1102142334, 22.9730262756, 41.3047790527, 54.8825569153, 34.1028785706, 28.929485321, 33.7640609741, 24.7431869507, 14.7779331207, 27.998500824, 37.9839172363, 43.5942611694, 40.2879867554, 29.6494827271, 26.8092575073, 23.3686103821, 18.645160675, 15.1158542633, 11.83086586, 8.05998897552, 6.64318466187, 5.65206813812, 5.1397690773, 4.54666948318, 2.7879357338, 1.38778662682, 0.945709347725, 0.0589295141399, 0.00266256276518, 0.000161349933478, 2.45772280323e-05, 2.59757325693e-05, 5.01193389937e-05],
        "median": [0.0840296670794, 1.88876843452, 5.31085777283, 8.29476928711, 15.5261716843, 10.8807907104, 9.34090995789, 11.7080030441, 11.801659584, 15.2426977158, 16.3118171692, 11.0093860626, 8.66401767731, 9.40261554718, 9.35784435272, 8.44208145142, 12.2669506073, 15.6250047684, 17.7884922028, 16.5525856018, 15.7519168854, 17.9821376801, 17.7161273956, 14.3209819794, 11.9620809555, 9.61126327515, 5.18642568588, 4.18877124786, 3.03288197517, 2.74028325081, 2.15803408623, 1.39711749554, 0.682368040085, 0.379877388477, 0.0255627781153, 0.00121250085067, 8.7348940724e-05, 1.56681217049e-05, 2.60834658548e-05, 5.1776663895e-05],
        "min": [4.38242153677e-09, 7.73613209049e-08, 1.90514856513e-06, 9.45686861087e-06, 3.08543312713e-05, 2.88746959995e-05, 2.76096943708e-05, 9.58685996011e-05, 9.0102541435e-05, 2.43248014158e-05, 1.57812974066e-05, 2.70064856522e-06, 5.20042078733e-07, 1.10723601665e-06, 1.30547653043e-06, 4.85971725084e-07, 4.22234904818e-07, 4.50116004913e-07, 4.44812513933e-07, 8.06966795608e-07, 6.23854305104e-07, 9.30891133066e-07, 6.43823000246e-07, 9.9586475244e-07, 1.85034457445e-06, 3.43563920069e-06, 3.57605449608e-06, 1.10538712761e-05, 3.45073658536e-06, 4.6127074711e-06, 2.16637113226e-06, 1.84260920832e-06, 1.1623287719e-06, 9.30420810619e-07, 1.20973183471e-07, 1.89739335354e-08, 7.51625250928e-09, 4.0052707817e-09, 8.75812367074e-10, 1.35079655794e-10],
        "var": [0.0229210145772, 4.42720890045, 101.779800415, 104.994789124, 514.851867676, 507.451019287, 330.672058105, 2906.51806641, 1665.90405273, 5368.65917969, 18121.8203125, 5763.11816406, 4108.6015625, 7157.97119141, 3282.75, 486.817749023, 2039.67797852, 3063.83740234, 7244.69726562, 4076.89892578, 1855.10498047, 1096.84387207, 579.70880127, 315.204833984, 197.258087158, 103.720016479, 76.9171524048, 52.9918899536, 52.3157157898, 49.0884208679, 51.3125305176, 24.4746303558, 4.92373132706, 2.58193659782, 0.0076053426601, 1.52367629198e-05, 4.48205916825e-08, 8.16672562909e-10, 1.86054380236e-10, 6.27639551443e-10]
    },
    "gfcc": {
        "mean": [3.56658673286, 129.639251709, -135.424499512, 66.8073348999, -68.1958999634, 20.8622493744, -40.4425239563, -0.595676839352, -7.53384399414, -16.4396057129, 1.0838187933, -23.9201755524, 2.33916640282],
        "cov": [[4734.83837891, -125.841949463, -689.338012695, 62.9287910461, -75.7554550171, 77.197883606, -74.1295852661, 198.220214844, 6.38478374481, 3.56869649887, -80.408782959, -105.10294342, -48.2132110596], [-125.841949463, 537.462158203, 52.2442512512, -102.900917053, 211.088165283, -100.799217224, 154.417388916, -35.0658378601, 45.3313369751, -24.0038585663, 81.963432312, -39.7070465088, -15.6919727325], [-689.338012695, 52.2442512512, 703.116699219, 114.314445496, 32.3070907593, 31.1145114899, -48.4482727051, 64.0572738647, -42.2095832825, 15.5696725845, 21.2181034088, 16.7135162354, 16.4533252716], [62.9287910461, -102.900917053, 114.314445496, 217.104782104, 26.1592769623, -19.7042655945, -34.5272064209, 12.8050279617, -2.3649892807, 1.67717206478, 0.8525608778, 29.5669937134, 8.92853546143], [-75.7554550171, 211.088165283, 32.3070907593, 26.1592769623, 216.864654541, -20.6920585632, 51.9657325745, 2.64789891243, 6.31406784058, -6.85338401794, 43.6489562988, -13.5901412964, -5.95018005371], [77.197883606, -100.799217224, 31.1145114899, -19.7042655945, -20.6920585632, 243.454162598, 56.7120132446, -35.7422828674, -8.38046836853, -12.957034111, -33.660949707, 20.2448730469, 34.7880477905], [-74.1295852661, 154.417388916, -48.4482727051, -34.5272064209, 51.9657325745, 56.7120132446, 189.007797241, -14.3317775726, 34.8139953613, -16.5344619751, 11.6065635681, -13.6927814484, -5.31359100342], [198.220214844, -35.0658378601, 64.0572738647, 12.8050279617, 2.64789891243, -35.7422828674, -14.3317775726, 205.342910767, 19.1329841614, 29.8911476135, -6.06503820419, -32.5248031616, -20.5818786621], [6.38478374481, 45.3313369751, -42.2095832825, -2.3649892807, 6.31406784058, -8.38046836853, 34.8139953613, 19.1329841614, 109.537658691, 13.5585079193, -7.61003732681, -9.54918479919, -15.2261047363], [3.56869649887, -24.0038585663, 15.5696725845, 1.67717206478, -6.85338401794, -12.957034111, -16.5344619751, 29.8911476135, 13.5585079193, 77.9407119751, 26.7652626038, -9.89500331879, -11.5008010864], [-80.408782959, 81.963432312, 21.2181034088, 0.8525608778, 43.6489562988, -33.660949707, 11.6065635681, -6.06503820419, -7.61003732681, 26.7652626038, 85.1520690918, 20.1967449188, -11.0284528732], [-105.10294342, -39.7070465088, 16.7135162354, 29.5669937134, -13.5901412964, 20.2448730469, -13.6927814484, -32.5248031616, -9.54918479919, -9.89500331879, 20.1967449188, 77.8946838379, 40.2836112976], [-48.2132110596, -15.6919727325, 16.4533252716, 8.92853546143, -5.95018005371, 34.7880477905, -5.31359100342, -20.5818786621, -15.2261047363, -11.5008010864, -11.0284528732, 40.2836112976, 81.3546524048]],
        "icov": [[0.000451975734904, -0.00149053940549, 0.000987310777418, -0.00139461760409, 0.00111593480688, -0.00136225810274, 0.00126588856801, -0.0010029526893, 0.000696713046636, -0.000299307430396, 0.000442861783085, 0.00020874357142, 0.000471567473141], [-0.00149053940549, 0.0165986455977, -0.00608587311581, 0.0113042490557, -0.0114029096439, 0.0109873181209, -0.0108856996521, 0.00641475617886, -0.00679609784856, 0.00588114373386, -0.00819426029921, 0.00459909578785, -0.00614058645442], [0.000987310777418, -0.00608587311581, 0.00457288883626, -0.00553453946486, 0.00415889825672, -0.00510570639744, 0.00480953510851, -0.00355379865505, 0.00312468898483, -0.00178468821105, 0.00184380821884, -0.000503503601067, 0.0018280793447], [-0.00139461760409, 0.0113042490557, -0.00553453946486, 0.0139993652701, -0.00920937210321, 0.00867346394807, -0.00722115905955, 0.00468919053674, -0.0048414375633, 0.00287413340993, -0.00288045778871, -0.00138040212914, -0.00293768453412], [0.00111593480688, -0.0114029096439, 0.00415889825672, -0.00920937210321, 0.0142515096813, -0.00757396221161, 0.0063659157604, -0.00456625781953, 0.00405972776935, -0.00152121763676, 0.000514602812473, 0.0009316225769, 0.00232633342966], [-0.00136225810274, 0.0109873181209, -0.00510570639744, 0.00867346394807, -0.00757396221161, 0.0134301520884, -0.0100129283965, 0.00549791986123, -0.003545189742, 0.00193802057765, -0.00120795657858, -0.000194085441763, -0.00462441891432], [0.00126588856801, -0.0108856996521, 0.00480953510851, -0.00722115905955, 0.0063659157604, -0.0100129283965, 0.0151518434286, -0.00451722601429, 0.0016645938158, -0.000703565543517, 0.00166999502108, 0.000307244888972, 0.00335071771406], [-0.0010029526893, 0.00641475617886, -0.00355379865505, 0.00468919053674, -0.00456625781953, 0.00549791986123, -0.00451722601429, 0.00894496496767, -0.00348364864476, -4.31209855378e-06, -0.00174798606895, 0.00273279496469, -0.00211270130239], [0.000696713046636, -0.00679609784856, 0.00312468898483, -0.0048414375633, 0.00405972776935, -0.003545189742, 0.0016645938158, -0.00348364864476, 0.0141420345753, -0.00599646847695, 0.00736268563196, -0.00442855106667, 0.00503172539175], [-0.000299307430396, 0.00588114373386, -0.00178468821105, 0.00287413340993, -0.00152121763676, 0.00193802057765, -0.000703565543517, -4.31209855378e-06, -0.00599646847695, 0.0212193261832, -0.0137165170163, 0.00872535072267, -0.00428696349263], [0.000442861783085, -0.00819426029921, 0.00184380821884, -0.00288045778871, 0.000514602812473, -0.00120795657858, 0.00166999502108, -0.00174798606895, 0.00736268563196, -0.0137165170163, 0.0287786759436, -0.0165966171771, 0.0104043278843], [0.00020874357142, 0.00459909578785, -0.000503503601067, -0.00138040212914, 0.0009316225769, -0.000194085441763, 0.000307244888972, 0.00273279496469, -0.00442855106667, 0.00872535072267, -0.0165966171771, 0.0298781376332, -0.0145129887387], [0.000471567473141, -0.00614058645442, 0.0018280793447, -0.00293768453412, 0.00232633342966, -0.00462441891432, 0.00335071771406, -0.00211270130239, 0.00503172539175, -0.00428696349263, 0.0104043278843, -0.0145129887387, 0.0221039112657]]
    },
    "melbands": {
        "dmean": [0.000913728435989, 0.00155264197383, 0.00118952349294, 0.000793279905338, 0.000260413944488, 0.000313347234624, 0.000196905588382, 0.000272179371677, 0.000241999427089, 0.000143036842928, 9.62524136412e-05, 8.15965104266e-05, 5.94443408772e-05, 2.7294483516e-05, 3.14748249366e-05, 3.8540460082e-05, 3.92483161704e-05, 4.47244528914e-05, 3.61262718798e-05, 2.86476697511e-05, 2.11209080589e-05, 1.59719984367e-05, 1.39443582157e-05, 9.83706195257e-06, 6.88270074534e-06, 5.38145832252e-06, 4.14181567976e-06, 3.73536249754e-06, 2.73702062259e-06, 2.16761759475e-06, 1.91925255422e-06, 1.87592945622e-06, 1.52046641233e-06, 1.46046988903e-06, 1.57546662649e-06, 1.33093692511e-06, 8.53545941482e-07, 4.93384675337e-07, 7.60530497246e-07, 3.75743326231e-07],
        "dmean2": [0.00151926593389, 0.00254732277244, 0.00198740512133, 0.00129803910386, 0.000410263368394, 0.0004723011225, 0.00031635799678, 0.000407897488913, 0.000358436489478, 0.000226575604756, 0.000145121768583, 0.000121073993796, 9.05448687263e-05, 4.4593034545e-05, 4.90964230266e-05, 5.97749567532e-05, 6.10642891843e-05, 6.99673400959e-05, 5.82593747822e-05, 4.4851542043e-05, 3.33109892381e-05, 2.58154923358e-05, 2.25764779316e-05, 1.6001647964e-05, 1.09077491288e-05, 8.68777624419e-06, 6.66602909405e-06, 5.94360290052e-06, 4.15591375713e-06, 3.30530860992e-06, 2.89794934361e-06, 2.86723707177e-06, 2.19652179112e-06, 2.23098732022e-06, 2.4142291295e-06, 1.98836755771e-06, 1.29121667669e-06, 7.18311468972e-07, 1.11174767881e-06, 5.68453287997e-07],
        "dvar": [2.08670348911e-06, 4.70255190521e-06, 2.92683876069e-06, 1.14880833735e-06, 1.41259832276e-07, 4.66297507273e-07, 9.86556685234e-08, 3.04210885815e-07, 2.80844403733e-07, 1.31409606752e-07, 5.39683497891e-08, 4.22090877805e-08, 2.57119960878e-08, 3.99870359047e-09, 6.08420824832e-09, 3.90343135592e-09, 4.64342342354e-09, 1.1415904666e-08, 5.640694134e-09, 3.96034227634e-09, 1.77992265371e-09, 9.08115305176e-10, 4.76738148958e-10, 2.12324352544e-10, 8.64961574587e-11, 5.21371452955e-11, 2.91425460153e-11, 2.48026738037e-11, 1.82214538597e-11, 1.176884111e-11, 7.51073682415e-12, 1.09479847063e-11, 5.47128184772e-12, 6.51430472065e-12, 7.90088567487e-12, 7.2500464833e-12, 3.36552140323e-12, 1.1153207264e-12, 2.75386722974e-12, 6.33784149294e-13],
        "dvar2": [5.66225116927e-06, 1.19435298984e-05, 7.89937530499e-06, 2.84926636596e-06, 3.52780915591e-07, 8.28353904581e-07, 2.34740269889e-07, 6.51525112971e-07, 5.04076581365e-07, 3.21333430975e-07, 1.17239437714e-07, 7.45324513218e-08, 5.8414187265e-08, 9.03126728957e-09, 1.49277799011e-08, 8.63731575151e-09, 1.05487014679e-08, 2.67773803131e-08, 1.2796521176e-08, 9.77086944687e-09, 4.23163504237e-09, 2.32520247501e-09, 1.23295385013e-09, 5.14217113334e-10, 2.15912163148e-10, 1.29289676187e-10, 7.16310968873e-11, 6.05243424823e-11, 4.13954218126e-11, 2.60955389242e-11, 1.6486872631e-11, 2.75196254673e-11, 1.18112837219e-11, 1.42695195937e-11, 1.73835841555e-11, 1.48234636371e-11, 6.96306901027e-12, 2.2914363549e-12, 5.74880724621e-12, 1.39703808417e-12],
        "max": [0.0161719657481, 0.0312613993883, 0.0304114408791, 0.0202473569661, 0.00540308421478, 0.0177494715899, 0.00627644639462, 0.0080181742087, 0.010251743719, 0.00541224842891, 0.00343296816573, 0.00544923637062, 0.00275345426053, 0.00164134020451, 0.00188735336997, 0.000905174587388, 0.00104719726369, 0.00240025436506, 0.00114512385335, 0.00119396636728, 0.000683488091454, 0.000493668543641, 0.000351812603185, 0.000241100307903, 0.000140355128678, 9.47994049056e-05, 8.93839896889e-05, 6.89109438099e-05, 6.21876679361e-05, 6.03946100455e-05, 5.41305125807e-05, 7.29834137019e-05, 4.14980422647e-05, 5.34186510777e-05, 4.479369818e-05, 6.17190089542e-05, 3.81853787985e-05, 2.33469309023e-05, 1.80369097507e-05, 1.0510319953e-05],
        "mean": [0.00173477421049, 0.00443930504844, 0.00233001890592, 0.00152931630146, 0.000529090524651, 0.000556248356588, 0.000354677758878, 0.0005074920482, 0.000408331194194, 0.000200013935682, 0.000144579636981, 0.000143732046126, 9.46328946156e-05, 4.12665613112e-05, 4.90737729706e-05, 7.10957392585e-05, 6.68519278406e-05, 7.14626148692e-05, 5.56429877179e-05, 4.38958049926e-05, 3.30554576067e-05, 2.73836831184e-05, 2.54990518442e-05, 1.96495002456e-05, 1.45319290823e-05, 1.21061475511e-05, 9.00083523447e-06, 7.53977656132e-06, 5.21975698575e-06, 4.24376275987e-06, 3.67586130778e-06, 3.28490841639e-06, 2.9082277706e-06, 2.72362558462e-06, 2.62522826233e-06, 2.28645035349e-06, 1.47273738094e-06, 8.34938589378e-07, 1.2249691963e-06, 6.28800876257e-07],
        "median": [0.00133112992626, 0.00308698927984, 0.00191450095735, 0.00105614273343, 0.000357529235771, 0.000265852635494, 0.000188749167137, 0.000164319833857, 0.000122026467579, 5.71334567212e-05, 3.99508789997e-05, 3.63460676454e-05, 3.03767665173e-05, 1.88868452824e-05, 2.07990815397e-05, 2.53676753346e-05, 2.63086603809e-05, 2.53814250755e-05, 2.29935303651e-05, 1.82452295121e-05, 1.66187001014e-05, 1.68347778526e-05, 1.71716346813e-05, 1.36462203955e-05, 1.04740729512e-05, 9.17792840482e-06, 6.78905644236e-06, 5.91256502958e-06, 3.2233829188e-06, 2.44032526098e-06, 2.29665738516e-06, 1.65099527294e-06, 1.56469684498e-06, 1.34444383093e-06, 1.24702364701e-06, 1.03082436453e-06, 7.37079119517e-07, 4.24692586876e-07, 4.86112696763e-07, 2.47668765496e-07],
        "min": [4.07001585212e-11, 6.85364320852e-10, 2.36246466834e-09, 2.13614903544e-09, 8.39918246065e-10, 2.20943574547e-09, 1.30202326698e-09, 2.0586173044e-10, 9.68247634847e-11, 1.12162848454e-11, 2.14628250068e-12, 4.33681172571e-12, 5.39224177462e-12, 1.72338217915e-12, 9.63673476954e-13, 6.86264521772e-13, 9.22414922222e-13, 8.0225995118e-13, 4.54985387473e-13, 1.80068601089e-12, 4.38600083986e-13, 9.36636185278e-13, 8.0806921484e-13, 4.93870840491e-13, 8.17734280897e-13, 1.18658305837e-12, 1.84028226685e-12, 2.46372778949e-12, 2.13472273712e-12, 3.7233636313e-12, 6.93051085271e-12, 2.06715872718e-12, 1.00034195337e-12, 3.48825699228e-12, 1.33444438225e-12, 8.70953157685e-13, 1.10971908746e-12, 8.671730326e-13, 8.20805717231e-13, 7.80335485898e-13],
        "var": [2.79863434116e-06, 1.65422788996e-05, 4.13908492192e-06, 2.87425154966e-06, 3.43792777358e-07, 1.16371973036e-06, 3.18021449175e-07, 9.69300913312e-07, 9.11389633984e-07, 2.18731358359e-07, 1.12873209446e-07, 1.36570690756e-07, 6.36732906401e-08, 6.25140339494e-09, 8.66045368753e-09, 1.13642419919e-08, 1.06984279213e-08, 2.31612720114e-08, 8.72988881184e-09, 5.44223421883e-09, 2.6694451094e-09, 1.51863077669e-09, 8.92175500145e-10, 5.22766940847e-10, 2.27869695335e-10, 1.46750833707e-10, 6.96572799441e-11, 5.03239255822e-11, 3.82356750428e-11, 2.733928188e-11, 1.76739300278e-11, 1.98281564778e-11, 1.4302935572e-11, 1.63696608352e-11, 1.70064656801e-11, 1.69934205596e-11, 7.36775744581e-12, 2.41647630725e-12, 5.00020250899e-12, 1.11475412234e-12]
    },
    "mfcc": {
        "mean": [-615.555725098, 121.88710022, 8.24991703033, 31.9579086304, 12.5267801285, 8.223985672, -2.96124243736, 3.10699772835, -1.92286550999, 5.49443006516, -0.468099236488, -1.32195770741, -2.93379712105],
        "cov": [[4889.43359375, -242.033813477, -611.648620605, -88.8166885376, -139.779449463, -104.687355042, -58.3187217712, 39.3832740784, 78.5970687866, 96.8064041138, 25.7649593353, -2.74312114716, -37.9293823242], [-242.033813477, 666.321777344, -82.6713104248, 49.2493400574, 39.5980148315, -22.6359424591, 105.002693176, 4.6159734726, -12.636724472, 16.259311676, 85.2963790894, 36.1138458252, -13.1858596802], [-611.648620605, -82.6713104248, 573.364440918, 45.8871536255, 103.789520264, 17.0242843628, 33.7209320068, 6.31394720078, 17.6471157074, -14.1236438751, -43.9331932068, -6.8362994194, 55.4048957825], [-88.8166885376, 49.2493400574, 45.8871536255, 274.817657471, 84.2699279785, -84.9013824463, 6.94979524612, -12.7370300293, -4.23358678818, -34.2536582947, 37.9735908508, 44.3797264099, 21.1178894043], [-139.779449463, 39.5980148315, 103.789520264, 84.2699279785, 183.507141113, -36.7092781067, 28.6358699799, -5.95084667206, 4.23165941238, -8.845287323, -1.33906900883, 5.77848482132, 31.8022079468], [-104.687355042, -22.6359424591, 17.0242843628, -84.9013824463, -36.7092781067, 264.032043457, 21.0337028503, 35.9961891174, -7.84835529327, 0.358872503042, -51.9116783142, -29.3893070221, -30.2715415955], [-58.3187217712, 105.002693176, 33.7209320068, 6.94979524612, 28.6358699799, 21.0337028503, 150.804046631, 23.7887592316, 5.71367502213, 2.25956535339, 22.4450416565, 6.36574554443, -8.14602661133], [39.3832740784, 4.6159734726, 6.31394720078, -12.7370300293, -5.95084667206, 35.9961891174, 23.7887592316, 109.941421509, 34.8152351379, 18.3860111237, -5.39053535461, -8.24405765533, -0.242513984442], [78.5970687866, -12.636724472, 17.6471157074, -4.23358678818, 4.23165941238, -7.84835529327, 5.71367502213, 34.8152351379, 105.226020813, 40.1726951599, -0.281094819307, -4.74804401398, 13.827796936], [96.8064041138, 16.259311676, -14.1236438751, -34.2536582947, -8.845287323, 0.358872503042, 2.25956535339, 18.3860111237, 40.1726951599, 95.1304550171, 28.5762691498, 3.83858823776, -1.126308918], [25.7649593353, 85.2963790894, -43.9331932068, 37.9735908508, -1.33906900883, -51.9116783142, 22.4450416565, -5.39053535461, -0.281094819307, 28.5762691498, 122.326591492, 54.0305290222, -3.40892505646], [-2.74312114716, 36.1138458252, -6.8362994194, 44.3797264099, 5.77848482132, -29.3893070221, 6.36574554443, -8.24405765533, -4.74804401398, 3.83858823776, 54.0305290222, 86.2634429932, 12.4367771149], [-37.9293823242, -13.1858596802, 55.4048957825, 21.1178894043, 31.8022079468, -30.2715415955, -8.14602661133, -0.242513984442, 13.827796936, -1.126308918, -3.40892505646, 12.4367771149, 77.4882354736]],
