{
"lowlevel": {
    "average_loudness": 0.957548379898,
    "barkbands_crest": {
        "dmean": 3.15363383293,
        "dmean2": 5.13973617554,
        "dvar": 8.50094223022,
        "dvar2": 20.3565158844,
        "max": 21.5791950226,
        "mean": 8.76751708984,
        "median": 8.02861404419,
        "min": 2.42202115059,
        "var": 15.349407196
    },
    "barkbands_flatness_db": {
        "dmean": 0.0215503070503,
        "dmean2": 0.0339456312358,
        "dvar": 0.00038534597843,
        "dvar2": 0.000974956899881,
        "max": 0.25431868434,
        "mean": 0.105296336114,
        "median": 0.101419396698,
        "min": 0.027549456805,
        "var": 0.00137282419018
    },
    "barkbands_kurtosis": {
        "dmean": 1.6081892252,
        "dmean2": 2.76046061516,
        "dvar": 10.6462488174,
        "dvar2": 28.7543392181,
        "max": 30.3889198303,
        "mean": 0.458486229181,
        "median": -0.2756960392,
        "min": -1.75211298466,
        "var": 8.20136260986
    },
    "barkbands_skewness": {
        "dmean": 0.579976558685,
        "dmean2": 0.893311977386,
        "dvar": 0.424429655075,
        "dvar2": 1.00064897537,
        "max": 5.25540399551,
        "mean": 0.752476871014,
        "median": 0.657264173031,
        "min": -1.37228631973,
        "var": 0.699131727219
    },
    "barkbands_spread": {
        "dmean": 6.78401708603,
        "dmean2": 10.451379776,
        "dvar": 52.2804222107,
        "dvar2": 117.568603516,
        "max": 86.5885391235,
        "mean": 29.5708503723,
        "median": 27.420923233,
        "min": 4.60511350632,
        "var": 179.233917236
    },
    "dissonance": {
        "dmean": 0.0130255492404,
        "dmean2": 0.0216671861708,
        "dvar": 0.000145430982229,
        "dvar2": 0.00040651744348,
        "max": 0.499817430973,
        "mean": 0.475961595774,
        "median": 0.479929029942,
        "min": 0.375761657953,
        "var": 0.000283585279249
    },
    "dynamic_complexity": 2.57231283188,
    "erbbands_crest": {
        "dmean": 2.73730325699,
        "dmean2": 4.63696527481,
        "dvar": 7.24696540833,
        "dvar2": 18.675579071,
        "max": 24.8944702148,
        "mean": 8.43186378479,
        "median": 7.18163585663,
        "min": 2.43928742409,
        "var": 18.4692401886
    },
    "erbbands_flatness_db": {
        "dmean": 0.0172807257622,
        "dmean2": 0.0239094607532,
        "dvar": 0.000239970861003,
        "dvar2": 0.000426993588917,
        "max": 0.334583282471,
        "mean": 0.159540563822,
        "median": 0.154517129064,
        "min": 0.0668582543731,
        "var": 0.00221468810923
    },
    "erbbands_kurtosis": {
        "dmean": 0.701634824276,
        "dmean2": 1.1225618124,
        "dvar": 0.632745444775,
        "dvar2": 1.59067583084,
        "max": 8.71775245667,
        "mean": 0.131308287382,
        "median": -0.177448511124,
        "min": -1.63660860062,
        "var": 1.40693497658
    },
    "erbbands_skewness": {
        "dmean": 0.292938560247,
        "dmean2": 0.453071057796,
        "dvar": 0.062180865556,
        "dvar2": 0.149628832936,
        "max": 2.29166126251,
        "mean": -0.00144115963485,
        "median": -0.0487092211843,
        "min": -1.7318495512,
        "var": 0.314035117626
    },
    "erbbands_spread": {
        "dmean": 8.38010692596,
        "dmean2": 12.5407600403,
        "dvar": 71.6192626953,
        "dvar2": 160.588699341,
        "max": 116.611755371,
        "mean": 35.9670829773,
        "median": 33.5644874573,
        "min": 8.76096057892,
        "var": 247.787948608
    },
    "hfc": {
        "dmean": 7.2836151123,
        "dmean2": 10.983880043,
        "dvar": 78.2938613892,
        "dvar2": 162.094406128,
        "max": 116.072425842,
        "mean": 32.1830940247,
        "median": 30.5749969482,
        "min": 1.51968906721e-05,
        "var": 346.612518311
    },
    "melbands_crest": {
        "dmean": 4.19289731979,
        "dmean2": 6.79574346542,
        "dvar": 13.7270669937,
        "dvar2": 33.5188598633,
        "max": 28.2765960693,
        "mean": 13.6896648407,
        "median": 12.6221313477,
        "min": 3.59814620018,
        "var": 33.0599746704
    },
    "melbands_flatness_db": {
        "dmean": 0.0303315799683,
        "dmean2": 0.0463418401778,
        "dvar": 0.000933141622227,
        "dvar2": 0.00213614595123,
        "max": 0.317117542028,
        "mean": 0.136153429747,
        "median": 0.13090929389,
        "min": 0.0297590624541,
        "var": 0.00224697776139
    },
    "melbands_kurtosis": {
        "dmean": 5.47102069855,
        "dmean2": 9.22065544128,
        "dvar": 144.491424561,
        "dvar2": 382.223999023,
        "max": 135.493911743,
        "mean": 5.38639593124,
        "median": 2.45068264008,
        "min": -1.61590504646,
        "var": 118.290023804
    },
    "melbands_skewness": {
        "dmean": 0.83698040247,
        "dmean2": 1.2946562767,
        "dvar": 1.06746137142,
        "dvar2": 2.54248356819,
        "max": 10.3479757309,
        "mean": 1.79153943062,
        "median": 1.48870646954,
        "min": -0.380974292755,
        "var": 1.66570353508
    },
    "melbands_spread": {
        "dmean": 11.8514213562,
        "dmean2": 17.7100811005,
        "dvar": 151.734863281,
        "dvar2": 309.640167236,
        "max": 139.856689453,
        "mean": 38.0915336609,
        "median": 34.5297355652,
        "min": 3.50983762741,
        "var": 412.407531738
    },
    "pitch_salience": {
        "dmean": 0.0864030495286,
        "dmean2": 0.142570763826,
        "dvar": 0.00677412236109,
        "dvar2": 0.0178361143917,
        "max": 0.792279660702,
        "mean": 0.55097079277,
        "median": 0.558397173882,
        "min": 0.192369759083,
        "var": 0.0116751650348
    },
    "silence_rate_20dB": {
        "dmean": 0,
        "dmean2": 0,
        "dvar": 0,
        "dvar2": 0,
        "max": 1,
        "mean": 1,
        "median": 1,
        "min": 1,
        "var": 0
    },
    "silence_rate_30dB": {
        "dmean": 0,
        "dmean2": 0,
        "dvar": 0,
        "dvar2": 0,
        "max": 1,
        "mean": 1,
        "median": 1,
        "min": 1,
        "var": 0
    },
    "silence_rate_60dB": {
        "dmean": 0.00773993786424,
        "dmean2": 0.0154918665066,
        "dvar": 0.00768019771203,
        "dvar2": 0.0198997370899,
        "max": 1,
        "mean": 0.0641918033361,
        "median": 0,
        "min": 0,
        "var": 0.0600705593824
    },
    "spectral_centroid": {
        "dmean": 325.400817871,
        "dmean2": 491.104614258,
        "dvar": 93507.890625,
        "dvar2": 204230.359375,
        "max": 3758.4387207,
        "mean": 1855.71850586,
        "median": 1821.10095215,
        "min": 485.078430176,
        "var": 252749.9375
    },
    "spectral_complexity": {
        "dmean": 4.28328180313,
        "dmean2": 6.75755214691,
        "dvar": 17.0388565063,
        "dvar2": 37.1766815186,
        "max": 54,
        "mean": 27.686000824,
        "median": 28,
        "min": 0,
        "var": 109.972541809
    },
    "spectral_decrease": {
        "dmean": 2.74543454637e-09,
        "dmean2": 4.2925667465e-09,
        "dvar": 1.27026420901e-17,
        "dvar2": 2.98301048872e-17,
        "max": -6.17645286655e-15,
        "mean": -6.41946806823e-09,
        "median": -5.44040368311e-09,
        "min": -2.75434004493e-08,
        "var": 1.99827281443e-17
    },
    "spectral_energy": {
        "dmean": 0.0106591871008,
        "dmean2": 0.0166373737156,
        "dvar": 0.000182542702532,
        "dvar2": 0.000429743202403,
        "max": 0.106027804315,
        "mean": 0.0271476190537,
        "median": 0.0238155368716,
        "min": 2.50895517695e-08,
        "var": 0.000306036585243
    },
    "spectral_energyband_high": {
        "dmean": 0.000610796036199,
        "dmean2": 0.000848425901495,
        "dvar": 1.09807535864e-06,
        "dvar2": 1.861247938e-06,
        "max": 0.0146236028522,
        "mean": 0.00164010201115,
        "median": 0.000940998550504,
        "min": 7.26687265917e-10,
        "var": 4.06730305258e-06
    },
    "spectral_energyband_low": {
        "dmean": 0.00567260337994,
        "dmean2": 0.00923456996679,
        "dvar": 0.000163764969329,
        "dvar2": 0.000397385796532,
        "max": 0.0966411679983,
        "mean": 0.00694823358208,
        "median": 0.00189697789028,
        "min": 1.11403686276e-08,
        "var": 0.000175168024725
    },
    "spectral_energyband_middle_high": {
        "dmean": 0.00239611882716,
        "dmean2": 0.00381114473566,
        "dvar": 6.75995715937e-06,
        "dvar2": 1.71951105585e-05,
        "max": 0.0337668843567,
        "mean": 0.00890992488712,
        "median": 0.00842755008489,
        "min": 2.93529645035e-09,
        "var": 2.86224767478e-05
    },
    "spectral_energyband_middle_low": {
        "dmean": 0.00589083787054,
        "dmean2": 0.00914561282843,
        "dvar": 7.91869097156e-05,
        "dvar2": 0.000183215277502,
        "max": 0.0630086287856,
        "mean": 0.0103669418022,
        "median": 0.00649258540943,
        "min": 4.39276259812e-09,
        "var": 0.000122018507682
    },
    "spectral_entropy": {
        "dmean": 0.118440553546,
        "dmean2": 0.173837840557,
        "dvar": 0.0112189324573,
        "dvar2": 0.0209030974656,
        "max": 8.65354251862,
        "mean": 7.90198516846,
        "median": 7.89612674713,
        "min": 7.05568313599,
        "var": 0.0733589157462
    },
    "spectral_flux": {
        "dmean": 0.0308196414262,
        "dmean2": 0.0503541864455,
        "dvar": 0.00115178700071,
        "dvar2": 0.00303067383356,
        "max": 0.287444770336,
        "mean": 0.0983624309301,
        "median": 0.0916478261352,
        "min": 0.000168104583281,
        "var": 0.00219706841744
    },
    "spectral_kurtosis": {
        "dmean": 1.10829114914,
        "dmean2": 1.76628160477,
        "dvar": 1.49103534222,
        "dvar2": 4.04857110977,
        "max": 13.7310237885,
        "mean": 3.40076708794,
        "median": 3.15182971954,
        "min": -0.474421977997,
        "var": 3.63146853447
    },
    "spectral_rms": {
        "dmean": 0.000919868703932,
        "dmean2": 0.00139924697578,
        "dvar": 1.05041829102e-06,
        "dvar2": 2.36450591728e-06,
        "max": 0.010170632042,
        "mean": 0.00482575269416,
        "median": 0.00482023553923,
        "min": 4.94748519486e-06,
        "var": 3.19761466017e-06
    },
    "spectral_rolloff": {
        "dmean": 822.112915039,
        "dmean2": 1292.27697754,
        "dvar": 1479499.25,
        "dvar2": 2645054.25,
        "max": 12101.6601562,
        "mean": 2604.71679688,
        "median": 2174.85351562,
        "min": 129.19921875,
        "var": 3620281
    },
    "spectral_skewness": {
        "dmean": 0.166642770171,
        "dmean2": 0.261703699827,
        "dvar": 0.0242642145604,
        "dvar2": 0.059658113867,
        "max": 2.64297389984,
        "mean": 1.32309293747,
        "median": 1.32826411724,
        "min": 0.340947926044,
        "var": 0.0841145738959
    },
    "spectral_spread": {
        "dmean": 545400.375,
        "dmean2": 710793.375,
        "dvar": 385803354112,
        "dvar2": 561528504320,
        "max": 11951286,
        "mean": 4673030,
        "median": 4391779.5,
        "min": 1852684.375,
        "var": 2.26041161318e+12
    },
    "spectral_strongpeak": {
        "dmean": 0.791202783585,
        "dmean2": 1.3763718605,
        "dvar": 1.21847009659,
        "dvar2": 3.03681945801,
        "max": 9.19500732422,
        "mean": 1.34647464752,
        "median": 0.736308634281,
        "min": 0.000172259708052,
        "var": 2.20331096649
    },
    "zerocrossingrate": {
        "dmean": 0.0162723883986,
        "dmean2": 0.0186329782009,
        "dvar": 0.000332806695951,
        "dvar2": 0.000346602784703,
        "max": 0.3173828125,
        "mean": 0.0908920615911,
        "median": 0.07958984375,
        "min": 0.02099609375,
        "var": 0.00187924143393
    },
    "barkbands": {
        "dmean": [3.46167398675e-05, 0.00116450642236, 0.00434060627595, 0.00114177551586, 0.0032903982792, 0.000823488924652, 0.000707760395017, 0.000775469990913, 0.00110712065361, 0.000813148915768, 0.000540787528735, 0.000450506166089, 0.000785629556049, 0.00065241853008, 0.000608897826169, 0.000389596709283, 0.000464724347694, 0.000266362825641, 0.000260602653725, 0.000186934994417, 0.000126575716422, 0.000139713316457, 0.000163463322679, 0.00011807926785, 0.000119903459563, 4.46778576588e-05, 8.76077194789e-07],
        "dmean2": [6.06137182331e-05, 0.00194780481979, 0.00721220672131, 0.0017966896994, 0.00516618881375, 0.0013977723429, 0.00118885957636, 0.00123054161668, 0.00177406123839, 0.00130671926308, 0.000880337494891, 0.00075232819654, 0.00122850574553, 0.00104894302785, 0.000977817806415, 0.000635012809653, 0.00076140841702, 0.00043540718616, 0.000426065264037, 0.000313746975735, 0.000205251359148, 0.000207687742659, 0.000235059880652, 0.000164885947015, 0.000170553350472, 6.01764586463e-05, 1.45948649788e-06],
        "dvar": [4.73604266915e-09, 6.60386785967e-06, 0.000101224475657, 3.09321171699e-06, 4.61895760964e-05, 2.39057203544e-06, 1.97307599592e-06, 1.70491534845e-06, 4.84025804326e-06, 3.14906696985e-06, 1.5663844124e-06, 1.01532691588e-06, 1.77162860382e-06, 1.34019774123e-06, 8.18441151296e-07, 3.36413336299e-07, 4.51087800002e-07, 1.26162220226e-07, 1.60534497695e-07, 7.71359367491e-08, 3.14610417718e-08, 4.97259264876e-08, 1.64232616839e-07, 9.17250488897e-08, 1.17817080536e-07, 1.23351231451e-08, 3.2612231058e-12],
        "dvar2": [1.35103546128e-08, 1.65048386407e-05, 0.000248192402069, 7.45194483898e-06, 0.00010803231271, 6.22662719252e-06, 5.10272593601e-06, 4.18128820456e-06, 1.00974439192e-05, 7.8314305938e-06, 4.50426159659e-06, 2.76746163763e-06, 4.2033666432e-06, 3.69863187188e-06, 1.89530840089e-06, 8.51809716096e-07, 1.12436271138e-06, 3.40279370903e-07, 3.65030643934e-07, 1.88719070593e-07, 7.71089219143e-08, 8.53448725024e-08, 3.13181203637e-07, 1.83512369745e-07, 2.18187722112e-07, 2.50982328254e-08, 8.53631488412e-12],
        "max": [0.000857489649206, 0.0212881881744, 0.0730419382453, 0.010867357254, 0.0514318943024, 0.0187281705439, 0.0164592247456, 0.0207987800241, 0.0308534242213, 0.0309059713036, 0.0276188589633, 0.0149958180264, 0.0176535006613, 0.0147070363164, 0.00903930515051, 0.00697351386771, 0.00843193940818, 0.00424057524651, 0.00577311916277, 0.00601144693792, 0.0023872316815, 0.00473625026643, 0.00725373392925, 0.00545188458636, 0.00476760789752, 0.00275385845453, 1.69350805663e-05],
        "mean": [3.05821704387e-05, 0.00142635195516, 0.00506950169802, 0.00119594053831, 0.00326697574928, 0.0010645823786, 0.000869733281434, 0.00130498164799, 0.00188994698692, 0.00161821010988, 0.000917582365219, 0.000628819572739, 0.00128771690652, 0.000980306067504, 0.00106662174221, 0.000705240876414, 0.000899730308447, 0.000531977566425, 0.000538937631063, 0.000400435121264, 0.000285156391328, 0.000315470591886, 0.000321357394569, 0.000229347017012, 0.000223102397285, 7.81230119173e-05, 9.25310189359e-07],
        "median": [9.71382996795e-06, 0.000317885627737, 0.000942492391914, 0.000332945404807, 0.000823341018986, 0.000462355499621, 0.000432298285887, 0.000765912700444, 0.00067759223748, 0.000628990645055, 0.000404324906413, 0.000317554455251, 0.000476673420053, 0.000441136129666, 0.000605686218478, 0.000479775801068, 0.000627061526757, 0.000417681963881, 0.000405970553402, 0.000315396377118, 0.000196681939997, 0.000188572303159, 0.000129110921989, 8.32159930724e-05, 5.52743586013e-05, 1.61977623065e-05, 8.7484153255e-08],
        "min": [3.91447603498e-11, 5.40020861362e-10, 6.20223694625e-09, 1.15560927494e-09, 1.84832343875e-10, 2.82308260102e-10, 3.43390871294e-10, 1.01858754764e-09, 2.42504100134e-10, 2.32617217155e-10, 2.65910377051e-10, 1.48793852239e-10, 6.06597216901e-10, 1.41523501251e-10, 2.62325855482e-10, 9.14940970209e-11, 6.88860080089e-11, 1.59173271785e-10, 1.35359168318e-10, 1.11136953806e-10, 2.50667181456e-10, 1.29019711581e-10, 1.45605819069e-10, 6.58588808489e-11, 3.02953495623e-11, 3.21296700183e-12, 3.25708318823e-12],
        "var": [3.84116827234e-09, 7.00338796378e-06, 0.000105901926872, 3.4664381019e-06, 4.73514228361e-05, 2.7143942134e-06, 2.10453890759e-06, 3.81591144105e-06, 1.15281463877e-05, 1.2680888176e-05, 3.05873277284e-06, 1.02975548089e-06, 5.15443753102e-06, 2.3150000743e-06, 1.72684849531e-06, 6.32431238046e-07, 8.87655062343e-07, 2.12758635598e-07, 3.19974816421e-07, 1.50075251781e-07, 8.23759904733e-08, 1.84307950235e-07, 3.88177483046e-07, 2.04516240387e-07, 2.72079802244e-07, 2.58995473956e-08, 3.84888171681e-12]
    },
    "erbbands": {
        "dmean": [0.0190048515797, 0.393907815218, 4.04472923279, 4.41210460663, 13.5685634613, 6.2203669548, 5.80838108063, 6.30509328842, 7.40467309952, 13.8290052414, 17.0033340454, 26.9878883362, 26.2458457947, 19.9633312225, 21.7420520782, 17.6856594086, 36.9503364563, 26.686006546, 36.7765655518, 23.0414619446, 18.7268486023, 22.4860610962, 15.654258728, 10.8232069016, 13.5002641678, 8.12750148773, 5.65402603149, 5.1862745285, 5.02713346481, 4.80047273636, 4.67471456528, 2.18469405174, 2.39404797554, 1.69759976864, 0.732019543648, 0.287867128849, 0.0638305917382, 0.00677094003186, 0.000145358135342, 1.53490782395e-05],
        "dmean2": [0.0315725691617, 0.659730017185, 6.75493955612, 6.92136526108, 21.3453140259, 10.0333433151, 9.97546863556, 10.5171365738, 12.3693084717, 23.1806926727, 27.5847396851, 43.7395095825, 42.2479515076, 30.4907646179, 35.8958625793, 29.1545276642, 58.0748138428, 43.3991661072, 57.9225578308, 36.5440368652, 30.6245136261, 36.364364624, 25.4662742615, 17.6901531219, 22.5949420929, 13.7094326019, 9.41602420807, 8.23502635956, 7.62017393112, 6.9621219635, 6.77937459946, 3.14079546928, 3.44806075096, 2.46931242943, 1.0264787674, 0.391141444445, 0.0839437618852, 0.00925909914076, 0.000196096370928, 2.19097801164e-05],
        "dvar": [0.00208688271232, 0.782867312431, 86.0635910034, 60.4590034485, 834.605163574, 154.633224487, 103.55847168, 159.34854126, 221.620651245, 910.626953125, 726.140014648, 3151.35668945, 5245.36474609, 1333.54064941, 1629.06677246, 1193.08605957, 4256.8125, 2012.53845215, 3286.10375977, 1436.05126953, 724.435058594, 1174.4864502, 395.442810059, 290.34588623, 412.982391357, 184.620300293, 79.4618301392, 51.5605773926, 64.3363342285, 132.169647217, 121.602638245, 20.7595939636, 51.9259490967, 26.240978241, 3.40240836143, 0.725317418575, 0.015435686335, 0.000155679314048, 6.34962376012e-08, 3.05540731604e-10],
        "dvar2": [0.00518886046484, 2.00329709053, 217.074798584, 140.667510986, 1971.58691406, 382.861083984, 280.1043396, 403.89944458, 549.260131836, 2342.98828125, 1862.19348145, 7098.87304688, 13526.9091797, 3370.36206055, 4498.15722656, 3301.69238281, 10083.2539062, 5577.75830078, 8023.16894531, 3270.97485352, 1810.81201172, 2916.33276367, 1076.42907715, 794.52532959, 1035.26306152, 472.850830078, 210.415985107, 116.907730103, 120.734481812, 259.496612549, 225.415283203, 40.3290100098, 102.307296753, 50.6055641174, 6.40788078308, 1.57816874981, 0.0253617856652, 0.000281487882603, 1.12784931616e-07, 6.25089480177e-10],
        "max": [0.489559233189, 7.71235656738, 73.674407959, 54.3772773743, 206.056930542, 104.22366333, 107.169181824, 138.240310669, 155.002563477, 380.251434326, 405.955230713, 899.173217773, 1389.28564453, 633.975280762, 632.036987305, 438.308502197, 915.41973877, 616.739379883, 646.093200684, 469.390960693, 386.188934326, 470.569488525, 242.712631226, 287.498413086, 294.427093506, 317.227966309, 136.170410156, 105.997184753, 146.395812988, 278.095977783, 200.249481201, 69.8217315674, 132.84703064, 70.5433197021, 30.8088130951, 21.1986846924, 2.38060522079, 0.110204488039, 0.0026686002966, 0.000268876028713],
        "mean": [0.0177905391902, 0.493444114923, 4.93030023575, 4.89820432663, 12.7443037033, 6.45138788223, 7.41377830505, 7.87470626831, 10.1065778732, 18.6644935608, 30.7280883789, 48.1309432983, 53.8694000244, 40.6883544922, 39.8854789734, 28.7510719299, 62.5053710938, 44.4626083374, 67.8109817505, 46.3622093201, 39.1313514709, 45.853351593, 34.3558158875, 24.2346496582, 27.1426334381, 17.8657054901, 12.3780097961, 12.0760068893, 11.2990140915, 9.87263298035, 9.15321063995, 4.62322616577, 4.22519016266, 2.90700149536, 1.31021261215, 0.495910644531, 0.112562939525, 0.0109474714845, 0.000265116163064, 4.83587064082e-05],
        "median": [0.00365969189443, 0.108879193664, 0.903865396976, 1.80893790722, 2.41173005104, 2.19650840759, 3.11022830009, 3.12168669701, 5.15256214142, 6.9885468483, 21.4675273895, 18.4136676788, 14.7939729691, 24.3733730316, 20.7193031311, 17.4990119934, 24.3742027283, 28.5741519928, 39.4902305603, 29.1635627747, 29.1124324799, 34.0060462952, 28.1935100555, 19.6321239471, 20.2959575653, 14.5934410095, 8.56071281433, 8.18967247009, 6.75794887543, 4.99898862839, 3.36944460869, 1.95468568802, 1.26309835911, 0.714079499245, 0.339579194784, 0.117659017444, 0.0225510597229, 0.00182623625733, 7.7938711911e-05, 4.12316112488e-05],
        "min": [1.30295436662e-08, 3.91028208924e-07, 5.34644232175e-06, 9.44130442804e-06, 1.02084982245e-06, 8.56037274843e-07, 1.04878404272e-06, 2.92352069664e-06, 3.02975558952e-06, 1.35197287818e-05, 2.38546344917e-05, 5.30553279532e-06, 6.01455712967e-06, 5.58832243769e-06, 1.01918276414e-05, 1.03680313259e-05, 3.23639287672e-05, 9.4521246865e-06, 1.50314072016e-05, 7.61075034461e-06, 4.87224133394e-06, 5.09274605065e-06, 1.12637935672e-05, 6.14087366557e-06, 9.00894519873e-06, 4.46536341769e-06, 7.79937090556e-06, 1.10232012958e-05, 5.79532888878e-06, 4.96433221997e-06, 3.0802236779e-06, 1.53861560648e-06, 9.71789063442e-07, 3.56264337142e-07, 1.47353887314e-07, 3.45907977817e-08, 5.35384003797e-09, 2.04785344238e-09, 5.36173105914e-10, 7.87598458674e-11],
        "var": [0.00178222591057, 0.815042257309, 91.2586135864, 65.7790756226, 821.096984863, 151.443862915, 123.009414673, 178.227920532, 275.764465332, 1335.55834961, 1239.84448242, 7459.02783203, 23665.3691406, 3269.93920898, 3222.70678711, 1368.56518555, 12506.5039062, 2634.49389648, 7484.27587891, 3051.43530273, 1509.9263916, 2159.53662109, 750.898925781, 486.218811035, 691.970581055, 284.301300049, 155.031692505, 156.071640015, 223.40045166, 308.109344482, 324.50970459, 68.6692199707, 100.574768066, 53.1994857788, 8.07713603973, 1.34035634995, 0.0440496169031, 0.000377770076739, 1.69755153934e-07, 1.02376662703e-09]
    },
    "gfcc": {
        "mean": [22.5324211121, 62.0896606445, -148.4271698, 28.6039886475, -66.6684646606, 17.2808322906, -42.9354324341, 10.6799201965, -27.3199748993, -1.23221349716, -24.4026813507, -6.06987762451, -16.7063674927],
        "cov": [[6631.30712891, -507.208740234, 806.206298828, -15.4928483963, 123.675857544, 93.1434555054, -186.63961792, 80.4109115601, -213.947097778, 127.571556091, -217.360809326, 114.233345032, -89.6444015503], [-507.208740234, 1105.20654297, -81.3755722046, 293.984100342, 289.146057129, -6.28229665756, 193.838424683, -68.4208450317, 127.053321838, -96.2247161865, 52.6504135132, -150.064285278, 32.3183670044], [806.206298828, -81.3755722046, 1176.05078125, 324.864654541, 336.567260742, 279.811981201, -16.5917415619, 157.59703064, -128.861404419, 130.387313843, -196.246734619, 56.0349197388, -174.631988525], [-15.4928483963, 293.984100342, 324.864654541, 399.689849854, 146.453826904, 127.851898193, 16.986700058, -6.53756761551, 23.1352729797, -31.1760978699, -20.8863334656, -69.1832046509, -12.6950235367], [123.675857544, 289.146057129, 336.567260742, 146.453826904, 370.030700684, 103.298698425, 102.489227295, 89.2473068237, 34.389175415, 67.1507263184, -64.5242385864, -7.65735197067, -70.4281005859], [93.1434555054, -6.28229665756, 279.811981201, 127.851898193, 103.298698425, 247.419891357, 91.6088790894, 115.780128479, 20.1542053223, 24.5233325958, -29.6949768066, -25.6374378204, -41.8197517395], [-186.63961792, 193.838424683, -16.5917415619, 16.986700058, 102.489227295, 91.6088790894, 228.816390991, 102.109680176, 84.9880142212, 4.74446296692, 24.5661067963, -15.2680902481, -17.3896884918], [80.4109115601, -68.4208450317, 157.59703064, -6.53756761551, 89.2473068237, 115.780128479, 102.109680176, 191.284469604, 66.9251708984, 56.1089630127, -23.2260570526, 11.5240268707, -31.2839717865], [-213.947097778, 127.053321838, -128.861404419, 23.1352729797, 34.389175415, 20.1542053223, 84.9880142212, 66.9251708984, 152.893814087, 14.2405700684, 45.8707046509, -24.834651947, 27.5697250366], [127.571556091, -96.2247161865, 130.387313843, -31.1760978699, 67.1507263184, 24.5233325958, 4.74446296692, 56.1089630127, 14.2405700684, 102.9635849, -3.06284213066, 41.5859107971, -39.4608383179], [-217.360809326, 52.6504135132, -196.246734619, -20.8863334656, -64.5242385864, -29.6949768066, 24.5661067963, -23.2260570526, 45.8707046509, -3.06284213066, 119.315162659, 13.617225647, 41.419921875], [114.233345032, -150.064285278, 56.0349197388, -69.1832046509, -7.65735197067, -25.6374378204, -15.2680902481, 11.5240268707, -24.834651947, 41.5859107971, 13.617225647, 101.649406433, 2.43320083618], [-89.6444015503, 32.3183670044, -174.631988525, -12.6950235367, -70.4281005859, -41.8197517395, -17.3896884918, -31.2839717865, 27.5697250366, -39.4608383179, 41.419921875, 2.43320083618, 99.6259384155]],
        "icov": [[0.00017573342484, 3.71541755158e-05, -0.000125742415548, 8.08183176559e-05, -3.25078181049e-05, 1.84462405741e-05, 5.50048534933e-05, -4.73647605759e-06, 8.17632462713e-05, -6.54964896967e-05, 0.000106595347461, 2.91214855679e-05, -0.000164760029293], [3.71541755158e-05, 0.00355554185808, -0.000858805608004, -0.000488839868922, -0.0032745283097, 0.00222212448716, -0.00268384558149, 0.00245890696533, -0.00122992298566, 0.0025166394189, -0.00260786199942, 0.00403369544074, -0.00144316221122], [-0.000125742415548, -0.000858805608004, 0.0053403545171, -0.0041269348003, 7.73766623752e-06, -0.00244972575456, 0.00169944588561, -0.00325834541582, 0.00411002896726, -0.00366664282046, 0.00451307138428, -0.00504185911268, 0.0029082861729], [8.08183176559e-05, -0.000488839868922, -0.0041269348003, 0.0082636764273, -0.00120656332001, -0.00172457285225, 0.00121719727758, 0.0036581675522, -0.00437163375318, 0.00457129627466, -0.00364982290193, 0.00392102031037, -0.00172330287751], [-3.25078181049e-05, -0.0032745283097, 7.73766623752e-06, -0.00120656332001, 0.0087193120271, -0.00104180944618, -0.000509384030011, -0.00168495392427, 0.000251613993896, -0.00577068515122, 0.00498881749809, -0.00340010714717, 0.00165496196132], [1.84462405741e-05, 0.00222212448716, -0.00244972575456, -0.00172457285225, -0.00104180944618, 0.010799465701, -0.00431308383122, -0.00264388998039, 0.000842446053866, 0.00116408558097, -0.00319869071245, 0.00592982908711, -0.00159136473667], [5.50048534933e-05, -0.00268384558149, 0.00169944588561, 0.00121719727758, -0.000509384030011, -0.00431308383122, 0.0115576926619, -0.00510953506455, -0.00149285327643, 0.00288854772225, -0.000754544162191, -0.0044910418801, 0.00427712174132], [-4.73647605759e-06, 0.00245890696533, -0.00325834541582, 0.0036581675522, -0.00168495392427, -0.00264388998039, -0.00510953506455, 0.0166224427521, -0.00845869723707, -0.000131377935759, 0.000582719163503, 0.002433384303, -0.00203333399259], [8.17632462713e-05, -0.00122992298566, 0.00411002896726, -0.00437163375318, 0.000251613993896, 0.000842446053866, -0.00149285327643, -0.00845869723707, 0.0178185030818, -0.00772623904049, -0.000444049423095, 0.0014656385174, -0.00310778338462], [-6.54964896967e-05, 0.0025166394189, -0.00366664282046, 0.00457129627466, -0.00577068515122, 0.00116408558097, 0.00288854772225, -0.000131377935759, -0.00772623904049, 0.0255215466022, -0.00805320683867, -0.00215974031016, 0.0057999859564], [0.000106595347461, -0.00260786199942, 0.00451307138428, -0.00364982290193, 0.00498881749809, -0.00319869071245, -0.000754544162191, 0.000582719163503, -0.000444049423095, -0.00805320683867, 0.0198368672282, -0.00901200808585, -0.000471110717626], [2.91214855679e-05, 0.00403369544074, -0.00504185911268, 0.00392102031037, -0.00340010714717, 0.00592982908711, -0.0044910418801, 0.002433384303, 0.0014656385174, -0.00215974031016, -0.00901200808585, 0.0241292081773, -0.00765826972201], [-0.000164760029293, -0.00144316221122, 0.0029082861729, -0.00172330287751, 0.00165496196132, -0.00159136473667, 0.00427712174132, -0.00203333399259, -0.00310778338462, 0.0057999859564, -0.000471110717626, -0.00765826972201, 0.0193859767169]]
    },
    "melbands": {
        "dmean": [0.000232071863138, 0.0015736722853, 0.00105692527723, 0.000814153405372, 0.000180829680176, 0.000143430414028, 0.000122732002637, 0.000149458501255, 0.000137650451506, 0.000177860725671, 0.000131381471874, 8.35294704302e-05, 7.44235949242e-05, 5.51320372324e-05, 5.38653330295e-05, 8.48838026286e-05, 5.10421014042e-05, 6.79154181853e-05, 3.82124562748e-05, 3.12275878969e-05, 2.43453487201e-05, 2.67640079983e-05, 2.270360892e-05, 1.07575315269e-05, 9.43186569202e-06, 1.19127262224e-05, 8.86013549461e-06, 5.34122773388e-06, 4.02506566388e-06, 3.27257271238e-06, 3.34639162247e-06, 3.1734946333e-06, 2.89842591883e-06, 2.89223021355e-06, 3.03377237287e-06, 2.30950558944e-06, 1.04314574401e-06, 1.51263600401e-06, 2.17513388634e-06, 1.29686361561e-06],
        "dmean2": [0.000381279998692, 0.00261131790467, 0.00165748002473, 0.00129337015096, 0.000312899413984, 0.000241185189225, 0.000204182317248, 0.000248201162321, 0.0002237316221, 0.000283364672214, 0.000211151782423, 0.000127606661408, 0.000121191180369, 9.30811293074e-05, 8.61293228809e-05, 0.000135361042339, 8.37941479404e-05, 0.000107717540232, 6.12805743003e-05, 4.98805457028e-05, 4.06437138736e-05, 4.36988993897e-05, 3.76937787223e-05, 1.78139671334e-05, 1.5663308659e-05, 1.96425498871e-05, 1.47506561916e-05, 9.11590268515e-06, 6.75262754157e-06, 5.43985561308e-06, 5.43789155927e-06, 4.97459177495e-06, 4.49693288829e-06, 4.28786734119e-06, 4.48195760328e-06, 3.43966144101e-06, 1.52573363721e-06, 2.23696815738e-06, 3.18168463309e-06, 1.91125673155e-06],
        "dvar": [2.64841958142e-07, 1.29398131321e-05, 2.41739326157e-06, 3.00434226119e-06, 9.88029214e-08, 7.89867300455e-08, 5.74902188077e-08, 1.00083511256e-07, 5.08413116052e-08, 1.33000838787e-07, 1.28817504219e-07, 2.31028440822e-08, 2.43196520699e-08, 1.56131427786e-08, 1.06140074507e-08, 2.25349303662e-08, 8.43814085272e-09, 1.31273534265e-08, 3.83797704728e-09, 2.70959610305e-09, 1.56834190079e-09, 2.02013161754e-09, 8.33743962758e-10, 2.35629488143e-10, 2.59040289219e-10, 4.28961782761e-10, 1.54913235018e-10, 1.05623870761e-10, 4.61383500849e-11, 2.2568441907e-11, 2.13976596858e-11, 2.16713227225e-11, 3.38401424937e-11, 5.51677314942e-11, 5.13878870012e-11, 3.4524685194e-11, 3.65809466052e-12, 1.68861834238e-11, 5.12204965941e-11, 1.47501559578e-11],
        "dvar2": [6.35183596387e-07, 3.25172186422e-05, 5.61790966458e-06, 7.13568761057e-06, 2.70857640317e-07, 2.01766255259e-07, 1.43213398474e-07, 2.5026139383e-07, 1.31062648734e-07, 2.86469202138e-07, 3.28871209376e-07, 5.53854455632e-08, 6.98323461279e-08, 4.28024904409e-08, 2.67591495628e-08, 5.32817416854e-08, 2.34273738187e-08, 3.31292326905e-08, 9.27840293485e-09, 6.66033939112e-09, 4.06781186513e-09, 4.89854912189e-09, 2.12267559085e-09, 6.51916520766e-10, 7.40063510474e-10, 9.99222704579e-10, 4.03161670715e-10, 2.84966938935e-10, 1.20910462198e-10, 5.76148781462e-11, 5.03449747169e-11, 4.76763489798e-11, 5.7925809982e-11, 1.19764156925e-10, 9.97324167695e-11, 7.15969852849e-11, 7.78297305076e-12, 3.35901549631e-11, 1.01979986955e-10, 2.92275266489e-11],
        "max": [0.00435775751248, 0.0290486644953, 0.00842871703207, 0.0133864264935, 0.00313079589978, 0.00297398678958, 0.00261759827845, 0.00476353708655, 0.00339613389224, 0.00561231328174, 0.00672267284244, 0.00286771240644, 0.0033869696781, 0.00199631019495, 0.00149945763405, 0.00204360624775, 0.00107167183887, 0.00134993204847, 0.000855436839629, 0.000666116829962, 0.000582114909776, 0.000650143949315, 0.000307090464048, 0.000176049390575, 0.000278107705526, 0.000332653289661, 0.00015317281941, 0.000238997556153, 0.000107049185317, 6.52976887068e-05, 6.00115999987e-05, 7.04530975781e-05, 0.000122934608953, 0.000165761302924, 0.000113561414764, 9.75970979198e-05, 3.29889189743e-05, 7.01491298969e-05, 0.000110994718852, 5.0348797231e-05],
        "mean": [0.000264932896243, 0.00192214222625, 0.00113899982534, 0.000777870649472, 0.000230712816119, 0.000180683418876, 0.000162429219927, 0.000216075961362, 0.000246564944973, 0.000309073599055, 0.000258568907157, 0.000160207375302, 0.000132635046612, 8.25983515824e-05, 9.00349259609e-05, 0.000135145601234, 7.53278727643e-05, 0.000115379196359, 6.65188563289e-05, 5.69835574424e-05, 4.53368593298e-05, 4.92249128001e-05, 4.35774054495e-05, 2.15104519157e-05, 1.87544374057e-05, 2.21473765123e-05, 1.64827124536e-05, 1.07909745566e-05, 8.08652202977e-06, 6.594455499e-06, 7.21543210602e-06, 6.56478414385e-06, 5.72460294279e-06, 5.41717918168e-06, 5.66848666494e-06, 4.10312577515e-06, 2.22939411287e-06, 2.70868554253e-06, 3.35419281328e-06, 2.14633814721e-06],
        "median": [6.04561682849e-05, 0.00038499920629, 0.000434484623838, 0.000182819014299, 0.000102799865999, 7.28931699996e-05, 8.16947358544e-05, 9.0210000053e-05, 0.000169397608261, 0.000101745979919, 6.60386576783e-05, 8.93264223123e-05, 6.38607161818e-05, 4.459286356e-05, 4.01247889386e-05, 5.17450607731e-05, 3.88523585571e-05, 5.69576550333e-05, 3.91824105463e-05, 3.42445637216e-05, 3.21087063639e-05, 3.27020788973e-05, 3.34641626978e-05, 1.63926069945e-05, 1.460509975e-05, 1.5632920622e-05, 1.23259360407e-05, 8.33790454635e-06, 5.4905772231e-06, 4.43069757239e-06, 4.8547735787e-06, 3.93689788325e-06, 3.11635653816e-06, 2.61205150309e-06, 2.06346612686e-06, 1.44533885305e-06, 1.04484570329e-06, 9.05603712908e-07, 7.29923556264e-07, 5.43952012322e-07],
        "min": [1.17133566735e-10, 2.13213446898e-09, 1.4562332451e-09, 4.17315140777e-11, 3.86989051915e-11, 6.06913408419e-11, 5.32540608833e-11, 1.74032566136e-10, 1.5854496882e-10, 2.81540086383e-11, 2.04219488542e-11, 1.95859630597e-11, 3.98111647815e-11, 1.69451935123e-11, 5.3552641488e-11, 4.88723193859e-11, 1.03336905005e-11, 2.23847815284e-11, 1.70832341329e-11, 5.57086234781e-12, 5.83594847794e-12, 3.13196430596e-12, 1.29009849678e-11, 6.44713058981e-12, 4.5247425598e-12, 6.04757476735e-12, 2.64975953505e-12, 3.0258350079e-12, 5.1473421879e-12, 4.20559377254e-12, 7.65005680331e-12, 3.15744153913e-12, 2.35946808966e-12, 3.09790647995e-12, 2.08870247487e-12, 1.03259512486e-12, 8.56461331977e-13, 7.44655259764e-13, 3.69965397293e-13, 2.8353900716e-13],
        "var": [2.72651220712e-07, 1.36726148412e-05, 2.68160101768e-06, 2.93509469884e-06, 1.12083938575e-07, 8.78184422959e-08, 7.0944039976e-08, 1.78129766937e-07, 8.32530488992e-08, 3.26998161881e-07, 5.69346582324e-07, 5.69805855832e-08, 4.88225602169e-08, 1.65204543379e-08, 2.20670148821e-08, 5.79773278275e-08, 1.08459117243e-08, 2.77058536113e-08, 7.0678058961e-09, 5.18800691296e-09, 2.56037413493e-09, 3.53412432652e-09, 1.5517287455e-09, 3.85787096713e-10, 3.56591617345e-10, 7.93307086688e-10, 2.65079347361e-10, 1.29522170766e-10, 7.59886528701e-11, 5.06567114644e-11, 5.76791565898e-11, 6.67286365053e-11, 9.63176344237e-11, 1.06991658588e-10, 1.28316954284e-10, 7.56488205411e-11, 1.387368085e-11, 3.4680865818e-11, 9.29022900276e-11, 2.84372855125e-11]
    },
    "mfcc": {
        "mean": [-607.726074219, 89.5386199951, -22.9504489899, 10.8639278412, -2.92985105515, 1.81755137444, -5.18111848831, 3.78116846085, -0.0654171705246, 1.25044631958, -1.17120492458, -4.1324429512, -4.66789293289],
        "cov": [[5527.23046875, -93.0979003906, 258.72744751, 21.2670459747, 93.0854415894, 22.2627544403, -31.3367424011, -75.4115982056, -35.8159980774, -8.4756975174, -50.5869789124, -173.225479126, -51.2438087463], [-93.0979003906, 782.296508789, -124.053840637, 261.981506348, 116.250801086, 122.121139526, 97.6561203003, 71.4096832275, 86.0542068481, 58.8260269165, 50.5983047485, 31.8832111359, 14.2571802139], [258.72744751, -124.053840637, 737.553771973, 175.822311401, 286.025115967, 172.249298096, 154.777862549, 57.8965263367, 76.3397598267, 17.0250015259, 21.5174789429, -1.13369476795, -7.96135616302], [21.2670459747, 261.981506348, 175.822311401, 309.837463379, 182.901443481, 130.902252197, 60.6114501953, 30.933473587, 50.4351539612, 23.4419841766, 10.1823511124, 1.36160230637, 14.1044206619], [93.0854415894, 116.250801086, 286.025115967, 182.901443481, 306.706542969, 131.799407959, 89.1778106689, 31.6206188202, 90.7025909424, 49.3868179321, 26.2514610291, -2.54587340355, 19.8687381744], [22.2627544403, 122.121139526, 172.249298096, 130.902252197, 131.799407959, 168.857940674, 95.636505127, 53.3466873169, 48.2034492493, 35.6852607727, 32.7543945312, 14.305850029, -3.37229776382], [-31.3367424011, 97.6561203003, 154.777862549, 60.6114501953, 89.1778106689, 95.636505127, 165.443161011, 92.9569396973, 70.1441802979, 46.8458061218, 51.9924354553, 34.7670898438, 12.0017766953], [-75.4115982056, 71.4096832275, 57.8965263367, 30.933473587, 31.6206188202, 53.3466873169, 92.9569396973, 147.957229614, 99.9534683228, 73.5571899414, 46.8104057312, 43.6921424866, 34.5360107422], [-35.8159980774, 86.0542068481, 76.3397598267, 50.4351539612, 90.7025909424, 48.2034492493, 70.1441802979, 99.9534683228, 157.266433716, 100.037521362, 39.0778465271, 21.1394691467, 33.6141624451], [-8.4756975174, 58.8260269165, 17.0250015259, 23.4419841766, 49.3868179321, 35.6852607727, 46.8458061218, 73.5571899414, 100.037521362, 129.714569092, 54.1100273132, 24.4685611725, 19.0388202667], [-50.5869789124, 50.5983047485, 21.5174789429, 10.1823511124, 26.2514610291, 32.7543945312, 51.9924354553, 46.8104057312, 39.0778465271, 54.1100273132, 94.056427002, 55.5807800293, 22.7121925354], [-173.225479126, 31.8832111359, -1.13369476795, 1.36160230637, -2.54587340355, 14.305850029, 34.7670898438, 43.6921424866, 21.1394691467, 24.4685611725, 55.5807800293, 96.5584564209, 41.540977478], [-51.2438087463, 14.2571802139, -7.96135616302, 14.1044206619, 19.8687381744, -3.37229776382, 12.0017766953, 34.5360107422, 33.6141624451, 19.0388202667, 22.7121925354, 41.540977478, 87.1438827515]],
