{
"lowlevel": {
    "average_loudness": 0.972096204758,
    "barkbands_crest": {
        "dmean": 2.83355307579,
        "dmean2": 4.88440704346,
        "dvar": 9.7574634552,
        "dvar2": 26.9152317047,
        "max": 22.2092781067,
        "mean": 8.33860111237,
        "median": 7.23801517487,
        "min": 2.625248909,
        "var": 15.6038227081
    },
    "barkbands_flatness_db": {
        "dmean": 0.0199820268899,
        "dmean2": 0.0337372235954,
        "dvar": 0.000495901040267,
        "dvar2": 0.00142148288433,
        "max": 0.328507035971,
        "mean": 0.132166802883,
        "median": 0.124650634825,
        "min": 0.0556660220027,
        "var": 0.00107601319905
    },
    "barkbands_kurtosis": {
        "dmean": 1.91222155094,
        "dmean2": 3.30958390236,
        "dvar": 17.0839290619,
        "dvar2": 49.8537826538,
        "max": 57.1058311462,
        "mean": 0.912458121777,
        "median": -0.595249414444,
        "min": -1.87175261974,
        "var": 21.1704978943
    },
    "barkbands_skewness": {
        "dmean": 0.575881004333,
        "dmean2": 0.943543851376,
        "dvar": 0.491497009993,
        "dvar2": 1.36743664742,
        "max": 7.27983617783,
        "mean": 0.998257815838,
        "median": 0.795399069786,
        "min": -1.10564994812,
        "var": 1.10621023178
    },
    "barkbands_spread": {
        "dmean": 7.81867408752,
        "dmean2": 12.4657297134,
        "dvar": 74.7084121704,
        "dvar2": 187.745132446,
        "max": 98.9625854492,
        "mean": 38.6895904541,
        "median": 38.0878143311,
        "min": 3.50447463989,
        "var": 233.114807129
    },
    "dissonance": {
        "dmean": 0.00944803003222,
        "dmean2": 0.0155129991472,
        "dvar": 0.000115750357509,
        "dvar2": 0.000273139012279,
        "max": 0.499945253134,
        "mean": 0.482786417007,
        "median": 0.486478716135,
        "min": 0.301741987467,
        "var": 0.000191714105313
    },
    "dynamic_complexity": 1.87592577934,
    "erbbands_crest": {
        "dmean": 2.11754417419,
        "dmean2": 3.45055294037,
        "dvar": 3.88884592056,
        "dvar2": 9.44849872589,
        "max": 22.0975875854,
        "mean": 7.1425614357,
        "median": 6.44754934311,
        "min": 2.34948635101,
        "var": 9.52021980286
    },
    "erbbands_flatness_db": {
        "dmean": 0.0121731832623,
        "dmean2": 0.0185140166432,
        "dvar": 0.000112950096081,
        "dvar2": 0.000251097371802,
        "max": 0.245709955692,
        "mean": 0.163718476892,
        "median": 0.161554992199,
        "min": 0.103418976068,
        "var": 0.000520225614309
    },
    "erbbands_kurtosis": {
        "dmean": 0.732586920261,
        "dmean2": 1.14756250381,
        "dvar": 0.590902686119,
        "dvar2": 1.39220845699,
        "max": 8.9716386795,
        "mean": 0.363692194223,
        "median": 0.0446789264679,
        "min": -1.71555912495,
        "var": 1.97978413105
    },
    "erbbands_skewness": {
        "dmean": 0.262157261372,
        "dmean2": 0.398130714893,
        "dvar": 0.0537845343351,
        "dvar2": 0.121330305934,
        "max": 1.31394279003,
        "mean": -0.529550909996,
        "median": -0.55133754015,
        "min": -2.40939760208,
        "var": 0.309350460768
    },
    "erbbands_spread": {
        "dmean": 9.08605766296,
        "dmean2": 14.5598669052,
        "dvar": 75.3067855835,
        "dvar2": 186.596130371,
        "max": 116.389785767,
        "mean": 43.815486908,
        "median": 41.1475410461,
        "min": 10.169169426,
        "var": 315.608947754
    },
    "hfc": {
        "dmean": 6.7353515625,
        "dmean2": 9.83165359497,
        "dvar": 59.2939682007,
        "dvar2": 121.538581848,
        "max": 95.9821166992,
        "mean": 28.7333946228,
        "median": 26.574640274,
        "min": 0.000386898987927,
        "var": 303.131103516
    },
    "melbands_crest": {
        "dmean": 3.28701090813,
        "dmean2": 5.51240921021,
        "dvar": 8.22650909424,
        "dvar2": 21.5964012146,
        "max": 30.0285282135,
        "mean": 13.9633207321,
        "median": 13.3660154343,
        "min": 4.03033733368,
        "var": 23.5582962036
    },
    "melbands_flatness_db": {
        "dmean": 0.0277220178396,
        "dmean2": 0.0453628636897,
        "dvar": 0.00100293569267,
        "dvar2": 0.00276296003722,
        "max": 0.386472046375,
        "mean": 0.146596685052,
        "median": 0.136212021112,
        "min": 0.0344539657235,
        "var": 0.00245847273618
    },
    "melbands_kurtosis": {
        "dmean": 7.53723573685,
        "dmean2": 12.9968967438,
        "dvar": 214.592422485,
        "dvar2": 616.815490723,
        "max": 180.846954346,
        "mean": 10.748290062,
        "median": 5.02885818481,
        "min": -1.5847890377,
        "var": 290.553466797
    },
    "melbands_skewness": {
        "dmean": 0.885959088802,
        "dmean2": 1.46960294247,
        "dvar": 1.25477087498,
        "dvar2": 3.46399903297,
        "max": 11.7483568192,
        "mean": 2.68112158775,
        "median": 2.27626800537,
        "min": -0.296390920877,
        "var": 2.79379010201
    },
    "melbands_spread": {
        "dmean": 12.3057870865,
        "dmean2": 19.754901886,
        "dvar": 177.219345093,
        "dvar2": 449.813262939,
        "max": 170.304397583,
        "mean": 40.714630127,
        "median": 38.2475776672,
        "min": 1.872153759,
        "var": 512.827026367
    },
    "pitch_salience": {
        "dmean": 0.0768382921815,
        "dmean2": 0.131504610181,
        "dvar": 0.00575124146417,
        "dvar2": 0.0160711631179,
        "max": 0.820393502712,
        "mean": 0.547573268414,
        "median": 0.552538394928,
        "min": 0.17635525763,
        "var": 0.0107488548383
    },
    "silence_rate_20dB": {
        "dmean": 0,
        "dmean2": 0,
        "dvar": 0,
        "dvar2": 0,
        "max": 1,
        "mean": 1,
        "median": 1,
        "min": 1,
        "var": 0
    },
    "silence_rate_30dB": {
        "dmean": 0,
        "dmean2": 0,
        "dvar": 0,
        "dvar2": 0,
        "max": 1,
        "mean": 1,
        "median": 1,
        "min": 1,
        "var": 0
    },
    "silence_rate_60dB": {
        "dmean": 0.00465116277337,
        "dmean2": 0.00930954236537,
        "dvar": 0.00462958961725,
        "dvar2": 0.0107745779678,
        "max": 1,
        "mean": 0.0232378002256,
        "median": 0,
        "min": 0,
        "var": 0.0226975847036
    },
    "spectral_centroid": {
        "dmean": 299.505401611,
        "dmean2": 472.632141113,
        "dvar": 78126.359375,
        "dvar2": 201572.984375,
        "max": 4032.19946289,
        "mean": 2101.07250977,
        "median": 2104.5637207,
        "min": 503.203552246,
        "var": 339578.84375
    },
    "spectral_complexity": {
        "dmean": 5.26356601715,
        "dmean2": 7.76726150513,
        "dvar": 27.5382957458,
        "dvar2": 50.2717628479,
        "max": 61,
        "mean": 27.2199840546,
        "median": 28,
        "min": 0,
        "var": 136.196426392
    },
    "spectral_decrease": {
        "dmean": 2.71074762637e-09,
        "dmean2": 4.65033656027e-09,
        "dvar": 1.98459025448e-17,
        "dvar2": 5.28776860936e-17,
        "max": -9.44227538497e-14,
        "mean": -6.19938989033e-09,
        "median": -5.27767474168e-09,
        "min": -3.01479516907e-08,
        "var": 1.84509633578e-17
    },
    "spectral_energy": {
        "dmean": 0.0105334715918,
        "dmean2": 0.0179214868695,
        "dvar": 0.00028602356906,
        "dvar2": 0.000757376314141,
        "max": 0.115886636078,
        "mean": 0.0260041262954,
        "median": 0.0226420294493,
        "min": 3.91464965332e-07,
        "var": 0.000284789857687
    },
    "spectral_energyband_high": {
        "dmean": 0.00060168246273,
        "dmean2": 0.000866326445248,
        "dvar": 6.86430951191e-07,
        "dvar2": 1.22906442357e-06,
        "max": 0.0120686041191,
        "mean": 0.00188056984916,
        "median": 0.00154498661868,
        "min": 9.77421077408e-09,
        "var": 2.86847944153e-06
    },
    "spectral_energyband_low": {
        "dmean": 0.00742140039802,
        "dmean2": 0.0132077084854,
        "dvar": 0.000265731738182,
        "dvar2": 0.000732393644284,
        "max": 0.107741966844,
        "mean": 0.0105360541493,
        "median": 0.00715390220284,
        "min": 9.40164142094e-08,
        "var": 0.000190993727301
    },
    "spectral_energyband_middle_high": {
        "dmean": 0.0019122287631,
        "dmean2": 0.00289358547889,
        "dvar": 4.35012589151e-06,
        "dvar2": 9.90967237158e-06,
        "max": 0.0282833315432,
        "mean": 0.0068186330609,
        "median": 0.00572941312566,
        "min": 1.8953106462e-07,
        "var": 2.53219259321e-05
    },
    "spectral_energyband_middle_low": {
        "dmean": 0.004307620693,
        "dmean2": 0.00734764384106,
        "dvar": 5.38770436833e-05,
        "dvar2": 0.000153039974975,
        "max": 0.0560712665319,
        "mean": 0.00802945811301,
        "median": 0.00596296507865,
        "min": 1.06676736777e-07,
        "var": 5.39225511602e-05
    },
    "spectral_entropy": {
        "dmean": 0.100529171526,
        "dmean2": 0.144154310226,
        "dvar": 0.00924265757203,
        "dvar2": 0.0173174608499,
        "max": 8.63846492767,
        "mean": 7.85841035843,
        "median": 7.87514686584,
        "min": 7.05952215195,
        "var": 0.0504232309759
    },
    "spectral_flux": {
        "dmean": 0.0280567295849,
        "dmean2": 0.0442100614309,
        "dvar": 0.00127278477885,
        "dvar2": 0.00244345306419,
        "max": 0.28864556551,
        "mean": 0.0927686393261,
        "median": 0.0821104198694,
        "min": 0.000625671586022,
        "var": 0.00232128286734
    },
    "spectral_kurtosis": {
        "dmean": 0.967748939991,
        "dmean2": 1.6748316288,
        "dvar": 0.973849534988,
        "dvar2": 2.8693985939,
        "max": 10.1920862198,
        "mean": 1.70102095604,
        "median": 1.46978282928,
        "min": -0.866710424423,
        "var": 1.79733610153
    },
    "spectral_rms": {
        "dmean": 0.000892439449672,
        "dmean2": 0.0014619436115,
        "dvar": 1.46390596001e-06,
        "dvar2": 3.73446869162e-06,
        "max": 0.0106329740956,
        "mean": 0.0048066964373,
        "median": 0.0046999771148,
        "min": 1.95426982827e-05,
        "var": 2.26555334848e-06
    },
    "spectral_rolloff": {
        "dmean": 762.476379395,
        "dmean2": 1271.94604492,
        "dvar": 1032986.3125,
        "dvar2": 2392479.5,
        "max": 8914.74609375,
        "mean": 2504.58935547,
        "median": 2454.78515625,
        "min": 107.666015625,
        "var": 2680131.25
    },
    "spectral_skewness": {
        "dmean": 0.153620615602,
        "dmean2": 0.250582784414,
        "dvar": 0.019192494452,
        "dvar2": 0.0503222420812,
        "max": 2.20288181305,
        "mean": 0.856743514538,
        "median": 0.837547838688,
        "min": 0.11292796582,
        "var": 0.0748096853495
    },
    "spectral_spread": {
        "dmean": 362086,
        "dmean2": 510637.28125,
        "dvar": 306502205440,
        "dvar2": 375493296128,
        "max": 18784208,
        "mean": 4195568.5,
        "median": 4024068.5,
        "min": 2247307.25,
        "var": 1.00213247181e+12
    },
    "spectral_strongpeak": {
        "dmean": 0.496439039707,
        "dmean2": 0.879091799259,
        "dvar": 0.875149011612,
        "dvar2": 2.32721042633,
        "max": 8.18829727173,
        "mean": 0.684169948101,
        "median": 0.334251582623,
        "min": 0.00818037614226,
        "var": 1.08468306065
    },
    "zerocrossingrate": {
        "dmean": 0.0118697760627,
        "dmean2": 0.0142643284053,
        "dvar": 0.000150848907651,
        "dvar2": 0.000185327691725,
        "max": 0.2734375,
        "mean": 0.0838520005345,
        "median": 0.08154296875,
        "min": 0.009765625,
        "var": 0.00113206845708
    },
    "barkbands": {
        "dmean": [0.000139905969263, 0.00576981063932, 0.00197740085423, 0.00180649291724, 0.00226128660142, 0.00050931610167, 0.000478323403513, 0.000351498980308, 0.000420090393163, 0.000318224570947, 0.000304065470118, 0.000326865090756, 0.000356834992999, 0.000473324675113, 0.000387721374864, 0.000420971860876, 0.000422949466156, 0.000299922423437, 0.000358656572644, 0.000265862821834, 0.000231366488151, 0.000149070488987, 0.000148695908138, 0.000133458190248, 3.20939579979e-05, 3.54390898849e-08, 1.18156711082e-08],
        "dmean2": [0.000240326800849, 0.0103380559012, 0.00339466403238, 0.0030635332223, 0.00400157878175, 0.000852446479257, 0.000810699537396, 0.00055659544887, 0.000695137714501, 0.00049894163385, 0.000476332264952, 0.000523619470187, 0.000545194896404, 0.000775728782173, 0.00060888833832, 0.000691078195814, 0.000667788146529, 0.000478827452753, 0.00056321331067, 0.000435875321273, 0.000366217107512, 0.000227007083595, 0.000212949773413, 0.000189214129932, 4.75273591292e-05, 5.63900499628e-08, 2.16923812246e-08],
        "dvar": [8.7120334058e-08, 0.000191296669072, 1.06074094219e-05, 6.8517570071e-06, 2.61806999333e-05, 1.20869890452e-06, 1.17830370527e-06, 4.74036454534e-07, 1.35597133522e-06, 6.55841745356e-07, 7.67988069583e-07, 4.62368774379e-07, 4.92109791139e-07, 6.76422530432e-07, 3.40212011452e-07, 4.69949554827e-07, 3.01998170471e-07, 1.85333774994e-07, 1.89657058058e-07, 1.33021103466e-07, 8.64257074795e-08, 3.80484728169e-08, 9.26059087192e-08, 1.02678178848e-07, 5.63532998044e-09, 6.58981087404e-15, 2.01345681969e-15],
        "dvar2": [2.40116378336e-07, 0.000534198072273, 2.9339813409e-05, 1.97638382815e-05, 7.38911476219e-05, 3.10561608785e-06, 3.19405853588e-06, 1.019864726e-06, 3.74137243853e-06, 1.39127268994e-06, 1.87370039839e-06, 1.07396431304e-06, 1.0043651173e-06, 1.7507524035e-06, 8.19987008072e-07, 1.19462754355e-06, 7.12556584404e-07, 4.55444876479e-07, 4.65320766807e-07, 3.45535795532e-07, 1.94789478769e-07, 8.03441295716e-08, 1.83033918688e-07, 1.97498621901e-07, 1.1481246176e-08, 1.58179930065e-14, 5.81645793473e-15],
        "max": [0.00230562896468, 0.0908240228891, 0.0278272237629, 0.0259113367647, 0.0375682860613, 0.0151956640184, 0.0184400081635, 0.011003238149, 0.0141917187721, 0.0118418978527, 0.0239404756576, 0.00961232651025, 0.0112807406113, 0.00988916307688, 0.00830225087702, 0.00937117729336, 0.00783176254481, 0.00541212502867, 0.00468777632341, 0.00487711047754, 0.00405520293862, 0.00249572261237, 0.00627820100635, 0.00635107327253, 0.00120201590471, 1.14676936391e-06, 7.42282452393e-07],
        "mean": [0.000145660698763, 0.005991674494, 0.00321017182432, 0.00263063935563, 0.00259969406761, 0.000786182878073, 0.000735092384275, 0.000562172208447, 0.000593636767007, 0.000479827140225, 0.000479029404232, 0.000537650485057, 0.00060251384275, 0.000779674912337, 0.000677596079186, 0.000758107809816, 0.000853030651342, 0.000619736209046, 0.000806975353044, 0.000568048446439, 0.000535547791515, 0.000348226691131, 0.000339623627951, 0.000303673761664, 5.99053346377e-05, 5.05660402439e-08, 8.36548963434e-09],
        "median": [1.52136381075e-05, 0.00313901342452, 0.00208151270635, 0.00180442875717, 0.00138625851832, 0.000393335998524, 0.000334621756338, 0.000236624880927, 0.000234091639868, 0.000148182851262, 0.000146138045238, 0.000230889752856, 0.000230404213653, 0.000343439227436, 0.000329631759087, 0.000419397605583, 0.00053406500956, 0.00041810888797, 0.000566239526961, 0.000391318608308, 0.000408126652474, 0.000254768645391, 0.000197499364731, 0.000165327117429, 2.72527013294e-05, 2.0491777164e-08, 4.88112661401e-10],
        "min": [1.47226530967e-09, 2.39812028013e-08, 5.03747443759e-08, 1.49250691805e-08, 1.40407214744e-08, 6.21996232297e-09, 2.00698284658e-08, 4.69561562966e-08, 4.16501411138e-09, 7.65575935979e-10, 1.50373544727e-08, 1.12283252918e-07, 5.5507570762e-10, 2.48485387822e-09, 3.93082686401e-08, 9.09823771877e-10, 7.42829575628e-09, 3.12501557964e-09, 6.81386502777e-09, 2.35723596198e-09, 2.87705859137e-09, 2.9714133376e-09, 1.4616966526e-09, 1.01831620913e-09, 4.87210228758e-12, 2.09071757303e-12, 2.59058378048e-12],
        "var": [8.47300398732e-08, 0.000129542851937, 1.18104280773e-05, 8.12039979792e-06, 1.9191262254e-05, 1.82914311608e-06, 2.09330733014e-06, 9.93601474875e-07, 1.61832360845e-06, 1.35790605782e-06, 1.65324991031e-06, 1.01214959614e-06, 1.27066630284e-06, 1.2776775975e-06, 8.51141805924e-07, 9.34530703489e-07, 9.34296167543e-07, 4.69023945016e-07, 5.80948722018e-07, 3.40756287187e-07, 2.64711843556e-07, 1.13316595218e-07, 2.49318730994e-07, 2.85714634174e-07, 1.51590739961e-08, 1.0966327198e-14, 1.3152671489e-15]
    },
    "erbbands": {
        "dmean": [0.104731760919, 1.47982573509, 2.68204450607, 3.51701593399, 9.05718612671, 6.79525136948, 3.42966961861, 5.1209769249, 7.03652954102, 5.9857916832, 7.76889324188, 9.15436077118, 9.6579990387, 9.0382642746, 12.7553033829, 12.4201602936, 15.5756254196, 17.6858615875, 20.201051712, 21.2704715729, 22.7814102173, 24.0391311646, 15.5537824631, 16.8255119324, 16.0470294952, 11.3453359604, 12.0818443298, 6.77291870117, 5.41736888885, 4.24292945862, 4.55660629272, 3.36464643478, 1.9586545229, 0.667163789272, 0.0388316325843, 0.00174809643067, 0.000110212116851, 1.98299694603e-05, 8.4274333858e-06, 1.22930669022e-05],
        "dmean2": [0.187476828694, 2.66417384148, 4.69140148163, 5.96575021744, 15.8805656433, 11.9375896454, 5.86081504822, 8.53013038635, 11.9976558685, 9.92113399506, 12.2851419449, 15.1547117233, 15.6059856415, 13.9894752502, 20.27617836, 18.9666595459, 23.6833152771, 28.7389087677, 32.6749954224, 33.6894378662, 37.1638183594, 37.5435066223, 24.6815624237, 26.4111690521, 25.0174427032, 18.2341060638, 19.1026992798, 10.9318056107, 8.27722930908, 6.32494449615, 6.60913324356, 4.70997810364, 2.82568693161, 0.979875743389, 0.055979270488, 0.00251180259511, 0.000157627087901, 2.91257783829e-05, 1.27736775539e-05, 2.02262981475e-05],
        "dvar": [0.0603014789522, 12.6036081314, 27.8900184631, 18.6139621735, 416.638031006, 161.211380005, 29.9576587677, 130.488723755, 259.635406494, 132.298950195, 212.510482788, 774.551879883, 764.562194824, 510.411254883, 1084.88476562, 616.671081543, 1035.55029297, 963.260925293, 1244.24316406, 1340.02624512, 1283.13415527, 1056.3894043, 482.546600342, 504.351013184, 467.943511963, 227.4480896, 264.145141602, 71.1874008179, 49.4785957336, 37.5564498901, 99.8082504272, 52.936870575, 24.3007259369, 2.46510362625, 0.0133722582832, 2.47693515121e-05, 6.5101964708e-08, 1.72535374876e-09, 1.54363022364e-10, 3.34386407452e-10],
        "dvar2": [0.16912125051, 35.1195526123, 76.5104064941, 53.5746231079, 1165.39050293, 459.929199219, 80.8027114868, 329.402008057, 683.556640625, 341.153717041, 455.018951416, 2268.84423828, 1813.06188965, 1104.1472168, 2669.98510742, 1317.68359375, 2132.66552734, 2550.33056641, 3114.78369141, 3235.18212891, 3361.92749023, 2552.60083008, 1129.94165039, 1191.65869141, 1133.3515625, 565.637939453, 609.320495605, 169.543670654, 102.284439087, 74.9777832031, 200.473083496, 103.465789795, 46.0113754272, 4.82145547867, 0.0284335073084, 5.1390947192e-05, 1.22979301409e-07, 3.45310202654e-09, 3.38883948681e-10, 8.69649297019e-10],
        "max": [1.61029720306, 23.3180522919, 38.7944526672, 47.4170608521, 148.127593994, 102.362182617, 85.5405502319, 155.761734009, 250.635345459, 126.146347046, 244.425186157, 426.823028564, 422.681396484, 413.172332764, 827.07434082, 405.5362854, 619.897155762, 354.310211182, 492.831848145, 581.319152832, 639.458312988, 470.548339844, 304.181335449, 287.156921387, 303.457458496, 223.533889771, 202.416275024, 96.2331390381, 78.1016921997, 87.0712509155, 198.398971558, 141.097290039, 80.3550186157, 23.8707065582, 1.84430241585, 0.0829341933131, 0.00407003611326, 0.000556547543965, 0.000173850348801, 0.000137272771099],
        "mean": [0.105145074427, 1.55429637432, 3.99605512619, 6.34417676926, 10.0800085068, 7.94572782516, 5.28003787994, 7.75079107285, 11.1421003342, 9.48091697693, 12.828119278, 13.2293109894, 15.1444101334, 16.3726196289, 20.9625282288, 22.217338562, 28.5689811707, 31.8446311951, 37.5711288452, 41.1562004089, 45.3682670593, 49.7310256958, 34.4872627258, 39.016292572, 37.4533653259, 26.7692737579, 27.7842998505, 15.2155485153, 12.5950880051, 10.0135231018, 10.2335319519, 7.54441642761, 4.43102502823, 1.34720253944, 0.0641749575734, 0.00310422549956, 0.000247055984801, 4.6983059292e-05, 2.59237640421e-05, 3.5533492337e-05],
        "median": [0.0429683923721, 0.800144791603, 2.3603413105, 5.02471494675, 4.46741676331, 4.75943756104, 3.60630822182, 3.65145659447, 5.24926280975, 5.32193803787, 5.81626605988, 5.71868085861, 4.82468938828, 6.64250469208, 9.00133228302, 10.9979438782, 12.2345952988, 15.6523942947, 19.4786815643, 20.0206394196, 27.0296363831, 31.6927585602, 24.118812561, 26.6692218781, 27.2102966309, 19.9854755402, 19.3815917969, 11.6238594055, 9.07408237457, 7.0076084137, 5.87981033325, 4.10223865509, 2.2959523201, 0.63085603714, 0.0201909691095, 0.00111474900041, 0.00012791986228, 2.84133384412e-05, 2.13053972402e-05, 3.21063380397e-05],
        "min": [2.70899136012e-07, 7.62875106375e-06, 6.08921764069e-05, 6.11293144175e-05, 4.05592036259e-05, 6.12342046225e-05, 4.30476393376e-05, 6.79460499668e-05, 0.000287475559162, 0.000545321498066, 0.000769243692048, 0.000113449888886, 4.34708235844e-05, 0.000105126579001, 0.00320217385888, 0.00246481969953, 0.000100951394415, 7.26350117475e-05, 0.000604408152867, 0.0019489742117, 0.000126656232169, 0.000348751927959, 0.000248407945037, 0.000253963080468, 0.000335978431394, 0.000126595215988, 0.000146180434967, 0.000102376186987, 0.000119767770229, 3.90278910345e-05, 4.13852467318e-05, 3.91834255424e-05, 7.36733136364e-06, 4.14799785631e-07, 3.55143043862e-08, 9.49326306454e-09, 4.39010428011e-09, 1.66130786905e-09, 6.01340699458e-10, 5.2271598161e-10],
        "var": [0.0441358536482, 8.39114189148, 23.8660125732, 26.596282959, 328.826141357, 121.552650452, 34.2514152527, 215.201568604, 473.774932861, 175.563018799, 471.069000244, 852.986450195, 1356.73596191, 1381.40393066, 2021.59851074, 1473.93835449, 2845.27490234, 1997.40844727, 2443.47607422, 3588.46630859, 2791.36572266, 3243.38842773, 1289.7578125, 1605.37145996, 1340.08630371, 674.157226562, 832.744262695, 193.744400024, 144.946594238, 113.918586731, 254.15637207, 146.799850464, 68.4211807251, 7.15236711502, 0.0287766139954, 5.70657757635e-05, 1.91563330532e-07, 4.68532590503e-09, 3.99682426044e-10, 4.30767366222e-10]
    },
    "gfcc": {
        "mean": [10.6674518585, 102.872154236, -152.866424561, 82.6901168823, -66.920425415, 27.4075489044, -37.1165237427, -1.1585829258, -7.37986087799, -19.0970020294, 3.45292067528, -22.875120163, 0.93145775795],
        "cov": [[2760.28442383, -475.470336914, -112.107566833, 54.2661094666, -208.340133667, 79.5824584961, -97.2310791016, 70.0389785767, -84.3762741089, 32.402053833, -70.5427398682, 28.6969661713, 64.9370956421], [-475.470336914, 524.276245117, -99.695854187, -70.3624801636, 159.893936157, -81.2251052856, 132.279296875, -66.6186065674, 72.7792129517, -54.4392547607, 77.7772674561, -20.8834552765, 1.01834714413], [-112.107566833, -99.695854187, 310.233764648, 95.6928863525, -42.9381980896, 43.6156806946, -55.6537971497, 8.22179508209, -11.7313938141, 29.1949996948, -19.3651504517, 5.86641407013, -15.451918602], [54.2661094666, -70.3624801636, 95.6928863525, 206.092712402, 22.4471683502, -38.1347846985, 7.14584922791, -19.7657814026, 22.7373447418, -5.97224807739, -17.6490573883, 10.144777298, 8.43180370331], [-208.340133667, 159.893936157, -42.9381980896, 22.4471683502, 169.644378662, 0.0127941984683, 63.9373130798, 4.43897533417, 48.8439903259, -14.0110673904, 28.7271614075, -0.858343183994, 14.131483078], [79.5824584961, -81.2251052856, 43.6156806946, -38.1347846985, 0.0127941984683, 135.686294556, 27.5351257324, 22.7130851746, -22.6949272156, 10.0445222855, -12.9294166565, -5.11793279648, -5.32274961472], [-97.2310791016, 132.279296875, -55.6537971497, 7.14584922791, 63.9373130798, 27.5351257324, 146.02331543, 1.22198653221, 24.5900669098, -20.1726837158, 25.9859924316, -5.20178365707, 2.40136766434], [70.0389785767, -66.6186065674, 8.22179508209, -19.7657814026, 4.43897533417, 22.7130851746, 1.22198653221, 105.72492981, 28.5993156433, 30.1587505341, 7.25336742401, 5.45055484772, 10.0325880051], [-84.3762741089, 72.7792129517, -11.7313938141, 22.7373447418, 48.8439903259, -22.6949272156, 24.5900669098, 28.5993156433, 85.7638931274, 11.8208560944, 18.4299163818, 1.21622407436, 2.28529906273], [32.402053833, -54.4392547607, 29.1949996948, -5.97224807739, -14.0110673904, 10.0445222855, -20.1726837158, 30.1587505341, 11.8208560944, 78.1310958862, 28.7755718231, 5.76914787292, 1.27716553211], [-70.5427398682, 77.7772674561, -19.3651504517, -17.6490573883, 28.7271614075, -12.9294166565, 25.9859924316, 7.25336742401, 18.4299163818, 28.7755718231, 74.8704833984, 21.7470226288, 0.690046668053], [28.6969661713, -20.8834552765, 5.86641407013, 10.144777298, -0.858343183994, -5.11793279648, -5.20178365707, 5.45055484772, 1.21622407436, 5.76914787292, 21.7470226288, 49.589756012, 21.2993202209], [64.9370956421, 1.01834714413, -15.451918602, 8.43180370331, 14.131483078, -5.32274961472, 2.40136766434, 10.0325880051, 2.28529906273, 1.27716553211, 0.690046668053, 21.2993202209, 47.882900238]],
        "icov": [[0.000534756283741, -0.000147708662553, 0.00077279220568, -0.000900524493773, 0.000872540054843, -0.000904096115846, 0.000580665306188, -0.00052529812092, 0.000306378002279, -7.77258028393e-05, -5.26528856426e-05, 5.58615574846e-05, -0.000627826724667], [-0.000147708662553, 0.0136934816837, -0.00600077118725, 0.0118066882715, -0.00772759690881, 0.0110993403941, -0.00967396982014, 0.0101901628077, -0.00800188351423, 0.00760641368106, -0.00939511694014, 0.0090030701831, -0.00593225844204], [0.00077279220568, -0.00600077118725, 0.00896837282926, -0.00962569843978, 0.00524441897869, -0.00898955762386, 0.00730824749917, -0.00538749992847, 0.00379495625384, -0.00403883168474, 0.00321583845653, -0.00412328494713, 0.00359832984395], [-0.000900524493773, 0.0118066882715, -0.00962569843978, 0.0196231007576, -0.00936139002442, 0.0146763669327, -0.0118549726903, 0.0111605031416, -0.00853933114558, 0.00483629992232, -0.00278778630309, 0.0043212575838, -0.00454461015761], [0.000872540054843, -0.00772759690881, 0.00524441897869, -0.00936139002442, 0.0150489015505, -0.00954416301101, 0.00514054857194, -0.00583582185209, 0.000166802186868, -0.000824504415505, -2.16091666516e-06, -0.00119921774603, -0.00166793761309], [-0.000904096115846, 0.0110993403941, -0.00898955762386, 0.0146763669327, -0.00954416301101, 0.0227018110454, -0.0139169543982, 0.00674080941826, -0.00235766661353, 0.00218765391037, -0.000942027545534, 0.00416183657944, -0.00165292504244], [0.000580665306188, -0.00967396982014, 0.00730824749917, -0.0118549726903, 0.00514054857194, -0.0139169543982, 0.0192632712424, -0.00769723486155, 0.00353418500163, -4.52178428532e-05, -0.000937348639127, -0.00192298192997, 0.00214817910455], [-0.00052529812092, 0.0101901628077, -0.00538749992847, 0.0111605031416, -0.00583582185209, 0.00674080941826, -0.00769723486155, 0.0210128966719, -0.0115625727922, 0.00149716378655, -0.0051123178564, 0.00564755965024, -0.00667977845296], [0.000306378002279, -0.00800188351423, 0.00379495625384, -0.00853933114558, 0.000166802186868, -0.00235766661353, 0.00353418500163, -0.0115625727922, 0.0233857147396, -0.00736032938585, 0.00562586402521, -0.00556239439175, 0.00589049654081], [-7.77258028393e-05, 0.00760641368106, -0.00403883168474, 0.00483629992232, -0.000824504415505, 0.00218765391037, -4.52178428532e-05, 0.00149716378655, -0.00736032938585, 0.0263199415058, -0.0188036914915, 0.0111903166398, -0.00709368567914], [-5.26528856426e-05, -0.00939511694014, 0.00321583845653, -0.00278778630309, -2.16091666516e-06, -0.000942027545534, -0.000937348639127, -0.0051123178564, 0.00562586402521, -0.0188036914915, 0.0361880846322, -0.0225909631699, 0.0125744249672], [5.58615574846e-05, 0.0090030701831, -0.00412328494713, 0.0043212575838, -0.00119921774603, 0.00416183657944, -0.00192298192997, 0.00564755965024, -0.00556239439175, 0.0111903166398, -0.0225909631699, 0.0406205095351, -0.0204053577036], [-0.000627826724667, -0.00593225844204, 0.00359832984395, -0.00454461015761, -0.00166793761309, -0.00165292504244, 0.00214817910455, -0.00667977845296, 0.00589049654081, -0.00709368567914, 0.0125744249672, -0.0204053577036, 0.0342272818089]]
    },
    "melbands": {
        "dmean": [0.00131210684776, 0.00163307227194, 0.000794788415078, 0.000575412705075, 0.000146189107909, 0.000108358231955, 0.000104593054857, 6.92286266712e-05, 6.24876047368e-05, 5.77888567932e-05, 4.91543105454e-05, 3.87844702345e-05, 4.71524472232e-05, 3.50903974322e-05, 4.1420753405e-05, 3.28719506797e-05, 3.60926205758e-05, 3.87402105844e-05, 2.67673312919e-05, 2.84992802335e-05, 2.94446217595e-05, 2.77879589703e-05, 1.97738900169e-05, 1.54803765327e-05, 1.50905634655e-05, 1.52718548634e-05, 9.70857036009e-06, 8.15624207462e-06, 9.44776911638e-06, 5.58858118893e-06, 3.95356482841e-06, 3.22268556374e-06, 3.26518943439e-06, 2.3028508167e-06, 2.80959170595e-06, 2.68936764769e-06, 2.08303140425e-06, 1.58753766755e-06, 1.11680265036e-06, 4.09785855027e-07],
        "dmean2": [0.00234701368026, 0.00287926034071, 0.00135299016256, 0.0010258682305, 0.000247774441959, 0.000180708200787, 0.000178069167305, 0.000111500397907, 9.89963009488e-05, 9.56634976319e-05, 7.99828703748e-05, 6.03791231697e-05, 7.3515016993e-05, 5.56501327083e-05, 6.24793901807e-05, 5.03170595039e-05, 5.86841815675e-05, 6.35043325019e-05, 4.18041126977e-05, 4.59482434962e-05, 4.81479473819e-05, 4.3801323045e-05, 3.14104363497e-05, 2.52050085692e-05, 2.39312466874e-05, 2.38199536398e-05, 1.56834812515e-05, 1.31300703288e-05, 1.53365272126e-05, 8.99183669389e-06, 6.4738637775e-06, 4.97991595694e-06, 5.07848881171e-06, 3.45994931195e-06, 4.20695869252e-06, 3.89336673834e-06, 2.97084648082e-06, 2.31525336858e-06, 1.66755046394e-06, 5.99976942794e-07],
        "dvar": [9.79847482085e-06, 1.30344915306e-05, 1.37398728839e-06, 1.81761936346e-06, 4.2691919333e-08, 5.64430564509e-08, 5.85854813551e-08, 1.56993387179e-08, 1.38377673764e-08, 2.8934927343e-08, 1.94029450284e-08, 9.75367431266e-09, 1.85081976412e-08, 5.66928148871e-09, 1.01076560455e-08, 3.85188947405e-09, 4.19110124383e-09, 5.44232525712e-09, 1.76660774898e-09, 2.54844256808e-09, 2.05964734157e-09, 1.50109980002e-09, 8.80266248782e-10, 5.02987984596e-10, 4.59447896395e-10, 3.627853018e-10, 2.25857305081e-10, 1.26041121984e-10, 1.67395777795e-10, 6.71940281194e-11, 2.58845323647e-11, 1.71304082031e-11, 1.92184618913e-11, 1.43031593514e-11, 3.9977906402e-11, 2.61126380935e-11, 2.27511655349e-11, 1.6477864212e-11, 7.19007969482e-12, 1.02918736901e-12],
        "dvar2": [2.74415524473e-05, 3.59553523595e-05, 3.90257719118e-06, 5.1682850426e-06, 1.1499671615e-07, 1.42542063486e-07, 1.56519988082e-07, 3.85812128911e-08, 3.29989866543e-08, 8.15775393903e-08, 4.53384743082e-08, 2.08626822484e-08, 4.49880808162e-08, 1.2879181277e-08, 2.1788279625e-08, 8.68045635372e-09, 1.11725357854e-08, 1.37022819757e-08, 4.21793933114e-09, 6.22252915861e-09, 5.52007817234e-09, 3.70229580327e-09, 2.06235384326e-09, 1.26370514053e-09, 1.09517017677e-09, 8.86101914066e-10, 5.81833026203e-10, 3.19644366531e-10, 4.0391437417e-10, 1.52556314803e-10, 6.52173523519e-11, 3.61836498264e-11, 4.38168459849e-11, 3.06640546288e-11, 8.42514530364e-11, 5.05767996928e-11, 4.6061238157e-11, 3.27834981384e-11, 1.52633756328e-11, 2.11201217105e-12],
        "max": [0.0203660931438, 0.0229743290693, 0.0103445826098, 0.00996541790664, 0.00263006961904, 0.00312935374677, 0.0040471944958, 0.00162469455972, 0.00171701540239, 0.00251639191993, 0.00210932386108, 0.00182541029062, 0.00373251386918, 0.0013259233674, 0.00222784769721, 0.000995578826405, 0.000693617737852, 0.00103202403989, 0.000564652436879, 0.000690206943545, 0.000838094507344, 0.00054262689082, 0.000516391766723, 0.000256296392763, 0.00028929268592, 0.000251556368312, 0.000270847493084, 0.000190134436707, 0.000162039650604, 0.000138856339618, 5.92847864027e-05, 5.19270251971e-05, 6.09613052802e-05, 6.54901596135e-05, 0.000119552925753, 8.78270584508e-05, 0.00010141954408, 7.32578264433e-05, 4.02509722335e-05, 1.79135040526e-05],
        "mean": [0.00133431633003, 0.0021905680187, 0.00127460143995, 0.000648708781227, 0.00022220586834, 0.000165886143805, 0.000167520047398, 0.000110450404463, 0.000101213750895, 8.23872978799e-05, 7.55723376642e-05, 6.56651027384e-05, 7.41212497815e-05, 5.80401501793e-05, 6.88447034918e-05, 5.5580316257e-05, 5.95296478423e-05, 6.62985476083e-05, 4.75341548736e-05, 5.0694350648e-05, 5.32607955392e-05, 5.35647268407e-05, 3.58675133612e-05, 3.09648421535e-05, 3.09151182591e-05, 3.25701766997e-05, 2.06044442166e-05, 1.65998699231e-05, 1.96613636945e-05, 1.1146232282e-05, 8.03585044196e-06, 7.01095814293e-06, 6.7030127866e-06, 5.03767114424e-06, 5.83815881328e-06, 5.65557047594e-06, 4.28190469393e-06, 3.30519787894e-06, 2.29038778343e-06, 6.94593893513e-07],
        "median": [0.000688657630235, 0.00130578654353, 0.000914508942515, 0.000340008933563, 0.000155723362695, 8.09135526652e-05, 8.21371504571e-05, 5.91541465838e-05, 4.75005981571e-05, 3.21276638715e-05, 2.23732895392e-05, 2.52720928984e-05, 2.71039752988e-05, 2.42356491071e-05, 2.59945863945e-05, 2.37184976868e-05, 2.7242995202e-05, 2.9693954275e-05, 2.41705402004e-05, 2.60067681666e-05, 3.07844093186e-05, 3.16053592542e-05, 2.23874849326e-05, 1.8732243916e-05, 1.93590840354e-05, 2.22570106416e-05, 1.37488223118e-05, 1.1599086065e-05, 1.2056209016e-05, 7.83490759204e-06, 5.84361760048e-06, 4.98934286952e-06, 4.7416756388e-06, 3.34438868776e-06, 3.20528852171e-06, 3.05055800709e-06, 2.27791883844e-06, 1.64670677805e-06, 1.1795697219e-06, 2.48416540671e-07],
        "min": [4.33737756822e-09, 2.48252796098e-08, 1.06615694051e-08, 3.29724336723e-09, 1.97979876937e-09, 1.51938195359e-09, 4.25861346187e-09, 7.92817367312e-09, 5.20969178908e-09, 5.08540320965e-10, 1.89348314805e-10, 1.03444620925e-10, 6.46759534817e-09, 1.54136294839e-08, 3.25210802732e-10, 4.27464175168e-11, 1.30008337429e-10, 3.42028905198e-10, 3.92506205316e-09, 7.17304382558e-10, 5.16130992112e-11, 3.15010295626e-10, 4.30873781099e-10, 1.47058393241e-10, 1.99927616129e-10, 3.00699770639e-10, 1.24359231246e-10, 7.7967785006e-11, 9.10370182017e-11, 6.17593198804e-11, 7.23317447604e-11, 8.87873316535e-11, 2.29931993584e-11, 1.78923872246e-11, 2.15397925191e-11, 3.51080865768e-11, 1.69891826302e-11, 5.61099213967e-12, 1.17067965565e-12, 7.20689648367e-14],
        "var": [6.73521026329e-06, 9.53078688326e-06, 1.50456060055e-06, 1.28884255446e-06, 5.15002192003e-08, 9.18002314165e-08, 1.06761362417e-07, 2.36197639225e-08, 2.70957478676e-08, 3.39170718178e-08, 3.48213760049e-08, 2.42247768512e-08, 3.63687213678e-08, 1.34850042244e-08, 2.29373462446e-08, 8.78634054402e-09, 7.55904405736e-09, 1.01357517934e-08, 4.34569358276e-09, 5.28303933933e-09, 4.10853395749e-09, 4.45719683384e-09, 2.06373340639e-09, 1.36213840207e-09, 1.18564569274e-09, 1.04484854102e-09, 5.39099931363e-10, 3.20184434521e-10, 4.77237860341e-10, 1.53587045859e-10, 6.10172398718e-11, 4.82808723556e-11, 4.77520939457e-11, 3.64243427087e-11, 9.32226448813e-11, 7.26138801865e-11, 5.68056643391e-11, 4.10724648736e-11, 1.94505540146e-11, 2.51109961817e-12]
    },
    "mfcc": {
        "mean": [-599.131958008, 86.8633117676, -2.90896773338, 36.508846283, 13.1697340012, 13.6853656769, 0.653664469719, 8.10364055634, -2.98415541649, 6.7937335968, -3.87564182281, 4.19498682022, -3.50581479073],
        "cov": [[2841.57568359, -469.427459717, -55.6927070618, -73.3033828735, -111.791740417, -47.9705276489, -31.9643592834, -13.4520397186, 20.3815078735, 21.8576622009, -93.9227142334, -65.5559310913, -60.2278518677], [-469.427459717, 532.681030273, -186.734893799, 3.21704697609, 4.21547603607, 14.9846897125, 32.8203582764, 34.6513290405, -23.1169776917, 12.0578899384, 31.4514865875, 31.4042129517, 19.2941741943], [-55.6927070618, -186.734893799, 335.542999268, 12.4846582413, 16.1454639435, 19.3303794861, -16.4017295837, -30.4102134705, -2.74436926842, -19.9274101257, 5.47529268265, 5.36555480957, -9.06013393402], [-73.3033828735, 3.21704697609, 12.4846582413, 233.089050293, 22.6908226013, 21.2448787689, -30.2978076935, 13.8462953568, 5.1570315361, -5.30021047592, -4.4641919136, 1.40075802803, 12.6321907043], [-111.791740417, 4.21547603607, 16.1454639435, 22.6908226013, 111.992347717, -0.676145255566, -13.2828760147, 0.490279763937, 16.2628097534, 6.16748332977, 8.10305213928, 5.0548453331, 10.1984348297], [-47.9705276489, 14.9846897125, 19.3303794861, 21.2448787689, -0.676145255566, 113.655853271, 33.660243988, 20.203496933, -0.967326581478, -1.5154093504, 7.35875654221, -12.2936096191, -14.5499610901], [-31.9643592834, 32.8203582764, -16.4017295837, -30.2978076935, -13.2828760147, 33.660243988, 94.9447631836, 24.565662384, 7.57852077484, 11.619644165, 10.5271892548, 10.1107406616, -2.73237919807], [-13.4520397186, 34.6513290405, -30.4102134705, 13.8462953568, 0.490279763937, 20.203496933, 24.565662384, 85.9027862549, 24.6761302948, 13.5484104156, 3.22605752945, -3.62827444077, -3.40618681908], [20.3815078735, -23.1169776917, -2.74436926842, 5.1570315361, 16.2628097534, -0.967326581478, 7.57852077484, 24.6761302948, 70.8321914673, 20.9980773926, 4.59488248825, -2.07045507431, -3.27678203583], [21.8576622009, 12.0578899384, -19.9274101257, -5.30021047592, 6.16748332977, -1.5154093504, 11.619644165, 13.5484104156, 20.9980773926, 70.1530151367, 19.0776004791, 11.4077501297, -6.04157114029], [-93.9227142334, 31.4514865875, 5.47529268265, -4.4641919136, 8.10305213928, 7.35875654221, 10.5271892548, 3.22605752945, 4.59488248825, 19.0776004791, 67.3646087646, 21.1258010864, 8.63784885406], [-65.5559310913, 31.4042129517, 5.36555480957, 1.40075802803, 5.0548453331, -12.2936096191, 10.1107406616, -3.62827444077, -2.07045507431, 11.4077501297, 21.1258010864, 74.0432357788, 27.984828949], [-60.2278518677, 19.2941741943, -9.06013393402, 12.6321907043, 10.1984348297, -14.5499610901, -2.73237919807, -3.40618681908, -3.27678203583, -6.04157114029, 8.63784885406, 27.984828949, 61.054649353]],
