{
"lowlevel": {
    "average_loudness": 0.927083194256,
    "barkbands_crest": {
        "dmean": 2.75904297829,
        "dmean2": 4.55870103836,
        "dvar": 5.82101488113,
        "dvar2": 15.0839986801,
        "max": 22.9116630554,
        "mean": 9.33244800568,
        "median": 8.71925544739,
        "min": 2.87406349182,
        "var": 12.2551431656
    },
    "barkbands_flatness_db": {
        "dmean": 0.0206793602556,
        "dmean2": 0.0336286723614,
        "dvar": 0.000338302663295,
        "dvar2": 0.000899739738088,
        "max": 0.338769137859,
        "mean": 0.154965564609,
        "median": 0.149996504188,
        "min": 0.0811694934964,
        "var": 0.00119301467203
    },
    "barkbands_kurtosis": {
        "dmean": 1.90548491478,
        "dmean2": 3.1833922863,
        "dvar": 10.5716848373,
        "dvar2": 29.2710838318,
        "max": 50.6143531799,
        "mean": 1.44082319736,
        "median": 0.41613650322,
        "min": -1.7650591135,
        "var": 14.0967388153
    },
    "barkbands_skewness": {
        "dmean": 0.49644702673,
        "dmean2": 0.793862164021,
        "dvar": 0.297429770231,
        "dvar2": 0.793656766415,
        "max": 6.28627872467,
        "mean": 1.1539747715,
        "median": 1.1086050272,
        "min": -1.70434200764,
        "var": 0.742775559425
    },
    "barkbands_spread": {
        "dmean": 6.14787721634,
        "dmean2": 9.74547386169,
        "dvar": 30.862039566,
        "dvar2": 77.6613464355,
        "max": 71.4291915894,
        "mean": 26.8420886993,
        "median": 25.7164611816,
        "min": 3.54479169846,
        "var": 121.061485291
    },
    "dissonance": {
        "dmean": 0.0148987444118,
        "dmean2": 0.0251130256802,
        "dvar": 0.000215743741137,
        "dvar2": 0.00059442705242,
        "max": 0.499856293201,
        "mean": 0.470602542162,
        "median": 0.475901007652,
        "min": 0.358087778091,
        "var": 0.000428160245065
    },
    "dynamic_complexity": 2.74410295486,
    "erbbands_crest": {
        "dmean": 2.88790011406,
        "dmean2": 4.58080148697,
        "dvar": 7.80641698837,
        "dvar2": 19.5479011536,
        "max": 29.8637638092,
        "mean": 9.73547840118,
        "median": 8.54010677338,
        "min": 2.8914475441,
        "var": 21.757226944
    },
    "erbbands_flatness_db": {
        "dmean": 0.0147609459236,
        "dmean2": 0.0221346113831,
        "dvar": 0.000202440030989,
        "dvar2": 0.000472259242088,
        "max": 0.322099983692,
        "mean": 0.189440533519,
        "median": 0.186074003577,
        "min": 0.103202931583,
        "var": 0.00105353991967
    },
    "erbbands_kurtosis": {
        "dmean": 0.781194627285,
        "dmean2": 1.27133011818,
        "dvar": 1.23866569996,
        "dvar2": 3.30697894096,
        "max": 17.8016891479,
        "mean": -0.206255361438,
        "median": -0.610373020172,
        "min": -1.71387553215,
        "var": 1.95834195614
    },
    "erbbands_skewness": {
        "dmean": 0.400269597769,
        "dmean2": 0.616280913353,
        "dvar": 0.125572741032,
        "dvar2": 0.315554410219,
        "max": 3.60034656525,
        "mean": -0.0523358620703,
        "median": -0.0366297028959,
        "min": -2.98573064804,
        "var": 0.643441796303
    },
    "erbbands_spread": {
        "dmean": 7.36126613617,
        "dmean2": 11.7850790024,
        "dvar": 50.8323440552,
        "dvar2": 132.270050049,
        "max": 115.353515625,
        "mean": 40.637928009,
        "median": 40.6595840454,
        "min": 4.46265649796,
        "var": 176.827560425
    },
    "hfc": {
        "dmean": 4.84462594986,
        "dmean2": 7.10801839828,
        "dvar": 31.9081058502,
        "dvar2": 72.2994003296,
        "max": 112.758766174,
        "mean": 20.7349128723,
        "median": 19.9156646729,
        "min": 0.000302086729789,
        "var": 159.818893433
    },
    "melbands_crest": {
        "dmean": 3.5779094696,
        "dmean2": 5.86726379395,
        "dvar": 9.43416213989,
        "dvar2": 24.6965103149,
        "max": 30.396572113,
        "mean": 13.0704956055,
        "median": 12.2895555496,
        "min": 3.73942518234,
        "var": 20.5547389984
    },
    "melbands_flatness_db": {
        "dmean": 0.0250087212771,
        "dmean2": 0.0390437543392,
        "dvar": 0.000577750848606,
        "dvar2": 0.00142336846329,
        "max": 0.446176111698,
        "mean": 0.173244133592,
        "median": 0.166673317552,
        "min": 0.0471653342247,
        "var": 0.00252452911809
    },
    "melbands_kurtosis": {
        "dmean": 5.22104215622,
        "dmean2": 8.84027862549,
        "dvar": 105.350463867,
        "dvar2": 294.035217285,
        "max": 194.925048828,
        "mean": 8.33972930908,
        "median": 5.78802680969,
        "min": -1.76657867432,
        "var": 135.745956421
    },
    "melbands_skewness": {
        "dmean": 0.666977703571,
        "dmean2": 1.08441209793,
        "dvar": 0.682321310043,
        "dvar2": 1.82565999031,
        "max": 12.1782112122,
        "mean": 2.28795313835,
        "median": 2.12535881996,
        "min": -0.538605213165,
        "var": 1.50293672085
    },
    "melbands_spread": {
        "dmean": 8.74481678009,
        "dmean2": 13.8052511215,
        "dvar": 73.9486999512,
        "dvar2": 175.0440979,
        "max": 130.591110229,
        "mean": 29.8725795746,
        "median": 26.2771129608,
        "min": 2.10753297806,
        "var": 273.244537354
    },
    "pitch_salience": {
        "dmean": 0.0693312138319,
        "dmean2": 0.112081579864,
        "dvar": 0.00344501412474,
        "dvar2": 0.0089318100363,
        "max": 0.847780048847,
        "mean": 0.540909528732,
        "median": 0.542350769043,
        "min": 0.227473735809,
        "var": 0.00901138596237
    },
    "silence_rate_20dB": {
        "dmean": 0,
        "dmean2": 0,
        "dvar": 0,
        "dvar2": 0,
        "max": 1,
        "mean": 1,
        "median": 1,
        "min": 1,
        "var": 0
    },
    "silence_rate_30dB": {
        "dmean": 0,
        "dmean2": 0,
        "dvar": 0,
        "dvar2": 0,
        "max": 1,
        "mean": 1,
        "median": 1,
        "min": 1,
        "var": 0
    },
    "silence_rate_60dB": {
        "dmean": 0.0131578948349,
        "dmean2": 0.0263259783387,
        "dvar": 0.0129849491641,
        "dvar2": 0.0264075491577,
        "max": 1,
        "mean": 0.0483558997512,
        "median": 0,
        "min": 0,
        "var": 0.0460162684321
    },
    "spectral_centroid": {
        "dmean": 294.479187012,
        "dmean2": 464.728668213,
        "dvar": 66277.765625,
        "dvar2": 165687.125,
        "max": 3475.99829102,
        "mean": 1736.09533691,
        "median": 1702.37780762,
        "min": 406.677368164,
        "var": 327847.75
    },
    "spectral_complexity": {
        "dmean": 3.50774002075,
        "dmean2": 5.10336828232,
        "dvar": 11.0959749222,
        "dvar2": 19.7033023834,
        "max": 49,
        "mean": 22.0595741272,
        "median": 22,
        "min": 0,
        "var": 82.5469970703
    },
    "spectral_decrease": {
        "dmean": 2.68990563157e-09,
        "dmean2": 4.31980318183e-09,
        "dvar": 1.56153435502e-17,
        "dvar2": 4.00016338599e-17,
        "max": -5.69583510674e-14,
        "mean": -6.36060137893e-09,
        "median": -5.03000352481e-09,
        "min": -3.3251112086e-08,
        "var": 2.48896611453e-17
    },
    "spectral_energy": {
        "dmean": 0.010490831919,
        "dmean2": 0.0168125387281,
        "dvar": 0.00023216183763,
        "dvar2": 0.000592209631577,
        "max": 0.135724797845,
        "mean": 0.0258871279657,
        "median": 0.0210448596627,
        "min": 2.42373118908e-07,
        "var": 0.000387155334465
    },
    "spectral_energyband_high": {
        "dmean": 0.000160489595146,
        "dmean2": 0.00023514602799,
        "dvar": 4.04852116276e-08,
        "dvar2": 8.3321928912e-08,
        "max": 0.00329646863975,
        "mean": 0.000654159754049,
        "median": 0.00057648512302,
        "min": 1.02659321044e-08,
        "var": 2.77536400972e-07
    },
    "spectral_energyband_low": {
        "dmean": 0.00576098263264,
        "dmean2": 0.00966224633157,
        "dvar": 0.000176700181328,
        "dvar2": 0.000477412017062,
        "max": 0.105361260474,
        "mean": 0.00764748873189,
        "median": 0.00394523050636,
        "min": 3.64046925938e-08,
        "var": 0.000157152448082
    },
    "spectral_energyband_middle_high": {
        "dmean": 0.0016219355166,
        "dmean2": 0.0024271896109,
        "dvar": 7.97000302555e-06,
        "dvar2": 1.88805843209e-05,
        "max": 0.0564276278019,
        "mean": 0.00565046397969,
        "median": 0.00477277068421,
        "min": 8.11860445538e-08,
        "var": 2.90776079055e-05
    },
    "spectral_energyband_middle_low": {
        "dmean": 0.00602041510865,
        "dmean2": 0.00944007653743,
        "dvar": 7.22915865481e-05,
        "dvar2": 0.000184323900612,
        "max": 0.118496820331,
        "mean": 0.0124812116846,
        "median": 0.00828118622303,
        "min": 1.03421797348e-07,
        "var": 0.00014522219135
    },
    "spectral_entropy": {
        "dmean": 0.11498375237,
        "dmean2": 0.172966986895,
        "dvar": 0.0112881567329,
        "dvar2": 0.0256048440933,
        "max": 8.20191955566,
        "mean": 7.56929683685,
        "median": 7.60487413406,
        "min": 6.02738571167,
        "var": 0.0736338421702
    },
    "spectral_flux": {
        "dmean": 0.0266404822469,
        "dmean2": 0.0410241670907,
        "dvar": 0.00114281428978,
        "dvar2": 0.00230765808374,
        "max": 0.330718398094,
        "mean": 0.0881042033434,
        "median": 0.0777031779289,
        "min": 0.00102961563971,
        "var": 0.00232024281286
    },
    "spectral_kurtosis": {
        "dmean": 1.48666620255,
        "dmean2": 2.64777898788,
        "dvar": 2.93346786499,
        "dvar2": 8.33466720581,
        "max": 28.7519207001,
        "mean": 2.98720598221,
        "median": 2.39467477798,
        "min": -0.369598388672,
        "var": 5.02848577499
    },
    "spectral_rms": {
        "dmean": 0.000925333064515,
        "dmean2": 0.00142612552736,
        "dvar": 1.27005398554e-06,
        "dvar2": 3.05704497805e-06,
        "max": 0.0115071469918,
        "mean": 0.00466525182128,
        "median": 0.00453117769212,
        "min": 1.53773071361e-05,
        "var": 3.49115180143e-06
    },
    "spectral_rolloff": {
        "dmean": 560.889587402,
        "dmean2": 934.872253418,
        "dvar": 377796.96875,
        "dvar2": 859844.125,
        "max": 6546.09375,
        "mean": 1777.40759277,
        "median": 1679.58984375,
        "min": 86.1328125,
        "var": 1121328.5
    },
    "spectral_skewness": {
        "dmean": 0.185172706842,
        "dmean2": 0.315510690212,
        "dvar": 0.0307879317552,
        "dvar2": 0.085113145411,
        "max": 3.38075423241,
        "mean": 1.05709886551,
        "median": 1.00872337818,
        "min": 0.234479188919,
        "var": 0.0962022542953
    },
    "spectral_spread": {
        "dmean": 254592.46875,
        "dmean2": 392033.46875,
        "dvar": 73070903296,
        "dvar2": 136990195712,
        "max": 7697367.5,
        "mean": 3686615.5,
        "median": 3690568.75,
        "min": 1233153.625,
        "var": 443167768576
    },
    "spectral_strongpeak": {
        "dmean": 0.66934132576,
        "dmean2": 1.13091433048,
        "dvar": 0.889195978642,
        "dvar2": 2.11777806282,
        "max": 9.32493877411,
        "mean": 1.12495708466,
        "median": 0.524957716465,
        "min": 0,
        "var": 1.6847192049
    },
    "zerocrossingrate": {
        "dmean": 0.00824446976185,
        "dmean2": 0.00999341439456,
        "dvar": 4.74402586406e-05,
        "dvar2": 6.94664704497e-05,
        "max": 0.16064453125,
        "mean": 0.0654194876552,
        "median": 0.06298828125,
        "min": 0.0146484375,
        "var": 0.000492147577461
    },
    "barkbands": {
        "dmean": [0.000344727130141, 0.00269220978953, 0.00304773077369, 0.000905055494513, 0.00201260112226, 0.000976075301878, 0.00188546616118, 0.00167983048595, 0.000946285901591, 0.000604368397035, 0.000376134412363, 0.000220670670387, 0.000235160536249, 0.000283222761936, 0.000232489721384, 0.000165547040524, 0.000376557756681, 0.000245678966166, 0.000231516343774, 0.000189685713849, 6.62840684527e-05, 4.30977306678e-05, 3.08380040224e-05, 1.94201584236e-05, 6.0623774516e-06, 8.18385093027e-09, 9.61899004892e-10],
        "dmean2": [0.000552680285182, 0.00443636951968, 0.00556611316279, 0.00158697622828, 0.00338244903833, 0.00161017570645, 0.00290590664372, 0.00255546160042, 0.00149886647705, 0.000954953662585, 0.00062230147887, 0.000359422294423, 0.000367027212633, 0.000458570022602, 0.000372061971575, 0.000257696956396, 0.000596636091359, 0.000397694966523, 0.000365268235328, 0.000295933044981, 0.00010698895494, 6.71022280585e-05, 4.54204018752e-05, 2.92643544526e-05, 9.12778250495e-06, 1.38300029207e-08, 1.78047199206e-09],
        "dvar": [8.14641339275e-07, 3.12289084832e-05, 5.75359081267e-05, 2.15339400711e-06, 1.29408581415e-05, 4.94532514494e-06, 1.69837912836e-05, 1.51741569425e-05, 1.42377321026e-05, 4.41639940618e-06, 2.46722402153e-06, 2.28711257932e-07, 3.91759812146e-07, 3.75442851919e-07, 1.73326171193e-07, 8.61565041532e-08, 3.53011415655e-07, 1.07185456955e-07, 8.03705972885e-08, 6.1407291696e-08, 8.01243693616e-09, 3.14007908564e-09, 2.52261100897e-09, 8.73150551861e-10, 7.82037073987e-11, 1.32820218904e-16, 1.72577700066e-18],
        "dvar2": [1.98108205041e-06, 7.72773710196e-05, 0.000168344267877, 6.08833670412e-06, 3.48445610143e-05, 1.27551056721e-05, 4.15738431911e-05, 3.63542785635e-05, 3.79465527658e-05, 9.6624771686e-06, 6.5103754423e-06, 5.48055595573e-07, 8.42028384795e-07, 9.21346554605e-07, 4.40945854052e-07, 1.90596708194e-07, 9.00427210127e-07, 2.76888187045e-07, 1.91714406128e-07, 1.45968527931e-07, 2.02039949215e-08, 7.1046453165e-09, 5.07862951693e-09, 1.69695513197e-09, 1.57792709454e-10, 3.39944920798e-16, 5.57598025506e-18],
        "max": [0.00622634775937, 0.05638185516, 0.0610794313252, 0.0166361797601, 0.0363445281982, 0.0333018153906, 0.0590650439262, 0.0745712667704, 0.108768694103, 0.0505193844438, 0.0474211797118, 0.0104951774701, 0.0182597972453, 0.0145526854321, 0.00963218510151, 0.00684052985162, 0.016157368198, 0.00649200892076, 0.00420788303018, 0.00423113675788, 0.00168573029805, 0.00111888675019, 0.00102464889642, 0.000646950560622, 0.000229682293138, 1.56290738573e-07, 1.26438211012e-08],
        "mean": [0.000273436249699, 0.00370428804308, 0.00317734805867, 0.00105438940227, 0.00282608694397, 0.00142553600017, 0.0028822759632, 0.00271492009051, 0.00149259611499, 0.000946041313, 0.000588608032558, 0.000336097029503, 0.000367441825802, 0.000435895926785, 0.000430027750554, 0.000302863627439, 0.000877686950844, 0.00051404570695, 0.000548745389096, 0.000504869502038, 0.000198332418222, 0.000124094600324, 8.78721548361e-05, 5.74867444811e-05, 1.61332391144e-05, 1.51486698741e-08, 7.5919709408e-10],
        "median": [1.74258457264e-05, 0.00165042467415, 0.00127238349523, 0.00059520767536, 0.00178511312697, 0.000614439370111, 0.000576380582061, 0.000296096637612, 0.000281554821413, 0.000318500591675, 0.000142105011037, 0.000134993329993, 0.000137438473757, 0.000199165631784, 0.000287364935502, 0.000174837288796, 0.000518604181707, 0.000372252019588, 0.000430220010458, 0.000358499906724, 0.000151491403813, 9.28932859097e-05, 4.72891624668e-05, 4.33942550444e-05, 1.36089583975e-05, 1.13174918326e-08, 2.83472328944e-10],
        "min": [1.09572906304e-09, 1.8941225477e-08, 3.07178193992e-09, 9.92439197489e-09, 3.07576115688e-08, 3.22864863733e-08, 2.42447617538e-09, 7.30426163997e-10, 3.61756091749e-09, 1.00646175838e-08, 2.83747025875e-10, 8.07790900836e-09, 3.89348286944e-09, 1.29566213314e-09, 6.6113634567e-09, 1.35774325116e-09, 9.79852821104e-09, 1.78665282569e-09, 1.42917970791e-08, 1.54901460547e-08, 1.80703252362e-09, 2.61510413324e-09, 3.66288305242e-10, 1.22709287176e-09, 3.77422842979e-10, 2.46064735428e-12, 3.50671293219e-12],
        "var": [7.09385460596e-07, 3.435194958e-05, 4.01057259296e-05, 1.99809437618e-06, 1.30307653308e-05, 6.72975556881e-06, 3.4609784052e-05, 3.36126686307e-05, 1.88712474483e-05, 1.00304187072e-05, 5.27228030478e-06, 3.65907737887e-07, 6.98356188877e-07, 5.75544902404e-07, 3.05544375578e-07, 1.84087809885e-07, 1.18955392736e-06, 2.7103692446e-07, 2.39989390138e-07, 2.61035609128e-07, 4.05185680563e-08, 1.24110037802e-08, 1.0110162485e-08, 3.13228110116e-09, 2.27774896167e-10, 2.45323029079e-16, 1.44572962761e-18]
    },
    "erbbands": {
        "dmean": [0.0639221817255, 0.710820019245, 3.11786389351, 3.46656870842, 5.62119293213, 6.6142988205, 5.99897861481, 9.44753837585, 18.9183387756, 37.4896736145, 34.5882339478, 22.1163673401, 12.8212947845, 22.9838809967, 12.3613929749, 8.1596288681, 9.16152858734, 12.0968360901, 13.8957843781, 8.46136474609, 11.4510202408, 20.181760788, 10.7227067947, 10.3633098602, 13.1659698486, 8.24447059631, 3.82329058647, 1.84587204456, 1.49645602703, 1.22435760498, 0.87376832962, 0.537651062012, 0.273965150118, 0.118766710162, 0.00987064000219, 0.000420900818426, 2.09498903132e-05, 3.1487245451e-06, 5.16697537023e-06, 1.17514609883e-05],
        "dmean2": [0.102072000504, 1.22089350224, 5.64180278778, 6.34444618225, 9.62079524994, 11.1745491028, 9.52909564972, 15.5541400909, 30.0113754272, 57.4896392822, 51.2948722839, 34.5246887207, 19.9939117432, 36.8021087646, 20.105966568, 13.1704597473, 14.2384357452, 19.0394115448, 22.632692337, 13.0381689072, 17.8142337799, 31.7824268341, 17.4480323792, 16.6030521393, 20.6700496674, 12.8363733292, 6.05196475983, 2.92262649536, 2.31668519974, 1.7971572876, 1.31031191349, 0.817761659622, 0.412316381931, 0.177376076579, 0.0149181615561, 0.000628494890407, 3.02421667584e-05, 4.43803855887e-06, 8.08822824183e-06, 1.87384412129e-05],
        "dvar": [0.0192847438157, 2.37295556068, 59.885684967, 54.1648902893, 119.453430176, 124.811157227, 126.06741333, 570.835144043, 1837.90344238, 8579.27539062, 6753.43652344, 9034.5859375, 1613.34777832, 7388.02880859, 1905.66101074, 349.541931152, 491.959503174, 862.590454102, 522.372070312, 255.324905396, 339.256530762, 1277.41784668, 184.720184326, 161.31892395, 259.804870605, 141.486541748, 29.1540164948, 5.84343528748, 3.79582023621, 3.5131957531, 1.9849960804, 0.668481945992, 0.181566938758, 0.0304177384824, 0.000193276835489, 3.50237655766e-07, 8.90304496792e-10, 1.84386603208e-11, 5.0429726367e-11, 2.8191807222e-10],
        "dvar2": [0.038395229727, 6.47415113449, 173.876220703, 161.155288696, 317.361968994, 337.910614014, 321.463195801, 1484.75866699, 4650.078125, 21705.7519531, 14875.1679688, 24753.3769531, 3817.02636719, 17481.3339844, 5223.61523438, 834.588439941, 1075.06591797, 1907.44445801, 1308.87426758, 545.479309082, 796.038696289, 3299.66748047, 485.066680908, 397.437591553, 603.58190918, 343.970428467, 71.2441101074, 15.1523799896, 8.70880413055, 7.13143777847, 4.25704479218, 1.36810314655, 0.355583250523, 0.0587004721165, 0.000416947586928, 7.32602416065e-07, 1.64865532337e-09, 3.25085583452e-11, 1.23518209549e-10, 7.12814640647e-10],
        "max": [1.19133257866, 15.61079216, 65.4621429443, 54.5578346252, 116.212806702, 126.899055481, 223.469161987, 366.885162354, 643.270629883, 1797.85522461, 1937.72827148, 3011.02148438, 1173.1706543, 1878.63098145, 1372.09265137, 532.337280273, 394.375213623, 862.271179199, 355.926147461, 274.197753906, 366.001556396, 1111.48828125, 277.390350342, 197.073226929, 222.979873657, 203.53237915, 98.106842041, 46.1793289185, 30.0328102112, 40.109046936, 32.0684165955, 13.6775445938, 10.2548685074, 3.93796205521, 0.295105516911, 0.0128900166601, 0.000705788726918, 9.94959191303e-05, 7.63229036238e-05, 0.000161314135767],
        "mean": [0.0798179507256, 0.934021651745, 3.54468655586, 3.66735363007, 6.55269002914, 9.3594379425, 10.206196785, 13.5379867554, 27.8946285248, 60.7267532349, 55.6807899475, 36.5914878845, 22.0802688599, 36.3719406128, 21.2086582184, 13.4328746796, 15.7778501511, 20.8694820404, 26.3621616364, 17.0065536499, 26.143283844, 46.1818199158, 26.5764141083, 26.36784935, 34.627746582, 23.3049240112, 11.5782213211, 5.59635543823, 4.27195501328, 3.3951253891, 2.43774151802, 1.50887858868, 0.776742458344, 0.336824059486, 0.0257925074548, 0.00116661528591, 7.58875685278e-05, 1.37237739182e-05, 1.6491230781e-05, 3.15369070449e-05],
        "median": [0.0273602101952, 0.444730788469, 1.54609930515, 1.83719408512, 3.57136750221, 5.63669347763, 5.74298429489, 5.66691637039, 9.05436038971, 7.39807367325, 9.28127861023, 7.9355134964, 8.66256427765, 11.877664566, 7.58939886093, 6.49339437485, 6.90800094604, 9.61102294922, 18.1369838715, 10.4196577072, 16.5134353638, 27.7751274109, 21.6307888031, 20.6931915283, 26.8728580475, 16.7055511475, 8.48577976227, 4.5061750412, 3.27033376694, 2.11833524704, 1.35696494579, 0.975790381432, 0.643418073654, 0.289408326149, 0.0223063193262, 0.00103066093288, 6.96813003742e-05, 1.3140072042e-05, 1.46420306919e-05, 2.65348771791e-05],
        "min": [4.81446818412e-07, 4.3404374992e-06, 6.45846148473e-06, 2.39998698817e-05, 5.17295229656e-05, 0.000115225353511, 0.000177298046765, 0.000313142169034, 8.86372363311e-05, 1.89062102436e-05, 3.87108302675e-05, 0.000104333244963, 0.000615155731793, 9.21098981053e-05, 0.000161371950526, 0.000219695284613, 0.000163317396073, 0.00013522572408, 0.000251385121373, 0.000202638824703, 0.000114022659545, 0.000545283372048, 0.000202232185984, 0.000329775153659, 0.000572526885662, 0.000742265779991, 0.000141243130201, 5.97647667746e-05, 0.000113748166768, 1.99226597033e-05, 1.56754613272e-05, 2.5470417313e-05, 1.70930507011e-05, 7.3181654443e-06, 2.1834580366e-07, 1.77350898412e-08, 6.07121686258e-09, 2.28015251125e-09, 6.94161117476e-10, 3.70564412489e-10],
        "var": [0.023177370429, 2.23900556564, 43.7313499451, 38.2121238708, 103.123306274, 136.81211853, 237.542388916, 708.858154297, 3126.81884766, 18541.1269531, 14479.1904297, 11107.6074219, 3299.9621582, 14905.28125, 3788.08666992, 552.283569336, 951.979797363, 1501.81188965, 971.604187012, 574.197631836, 912.205444336, 3749.02099609, 531.649108887, 524.17565918, 975.679321289, 581.626708984, 144.297225952, 23.4483184814, 14.347413063, 12.7501182556, 7.53754901886, 2.74582409859, 0.522953510284, 0.0945041701198, 0.000549972173758, 1.06990660242e-06, 3.4507288138e-09, 9.22595611019e-11, 1.14537421214e-10, 5.1172061033e-10]
    },
    "gfcc": {
        "mean": [-13.9990587234, 121.078300476, -156.683410645, 66.970451355, -71.9404220581, 8.64705276489, -37.1786499023, 5.88956832886, -9.07017993927, -17.2741260529, 3.94935369492, -21.0578918457, 5.09270572662],
        "cov": [[3728.78637695, -279.701904297, -102.66418457, 36.4608001709, -286.150909424, 221.955368042, 160.747283936, 160.378356934, 13.624379158, 166.980987549, 35.6042556763, -164.344360352, -188.728088379], [-279.701904297, 658.094543457, 134.756958008, -75.8235473633, 317.86026001, -72.4805526733, 124.103050232, -41.3779602051, 86.9279098511, -61.0214004517, 48.5484809875, -5.90258312225, 12.002532959], [-102.66418457, 134.756958008, 302.329772949, 148.337295532, 62.0480728149, 79.1883392334, 16.187078476, 12.8825540543, 49.3403549194, 18.4349269867, 15.7671852112, 1.91777729988, -6.39519119263], [36.4608001709, -75.8235473633, 148.337295532, 254.098297119, 65.3180999756, 47.4147987366, 5.2247838974, 25.8057918549, 17.0556507111, 24.189781189, -3.49241042137, 13.4512805939, 16.0114021301], [-286.150909424, 317.86026001, 62.0480728149, 65.3180999756, 337.545318604, -9.10969924927, 70.9090805054, -7.13010072708, 34.5147705078, -44.8966369629, 11.7606687546, 16.8924751282, 48.5522880554], [221.955368042, -72.4805526733, 79.1883392334, 47.4147987366, -9.10969924927, 232.594909668, 86.8240814209, 25.3649044037, 10.9714345932, 36.3184242249, 12.2249097824, -3.3411295414, -35.7636909485], [160.747283936, 124.103050232, 16.187078476, 5.2247838974, 70.9090805054, 86.8240814209, 178.516784668, 51.4992866516, 35.3652610779, 17.0158424377, 21.0353813171, -23.0474243164, -35.1525344849], [160.378356934, -41.3779602051, 12.8825540543, 25.8057918549, -7.13010072708, 25.3649044037, 51.4992866516, 115.744148254, 57.8062171936, 24.0135402679, -8.88705444336, -23.3717899323, -16.8454971313], [13.624379158, 86.9279098511, 49.3403549194, 17.0556507111, 34.5147705078, 10.9714345932, 35.3652610779, 57.8062171936, 142.026046753, 43.6248664856, 15.7265138626, -14.1926870346, -31.155582428], [166.980987549, -61.0214004517, 18.4349269867, 24.189781189, -44.8966369629, 36.3184242249, 17.0158424377, 24.0135402679, 43.6248664856, 116.659042358, 50.9799499512, -13.8171224594, -38.6799888611], [35.6042556763, 48.5484809875, 15.7671852112, -3.49241042137, 11.7606687546, 12.2249097824, 21.0353813171, -8.88705444336, 15.7265138626, 50.9799499512, 84.4605407715, 30.9605388641, -22.728094101], [-164.344360352, -5.90258312225, 1.91777729988, 13.4512805939, 16.8924751282, -3.3411295414, -23.0474243164, -23.3717899323, -14.1926870346, -13.8171224594, 30.9605388641, 87.1478424072, 42.7861938477], [-188.728088379, 12.002532959, -6.39519119263, 16.0114021301, 48.5522880554, -35.7636909485, -35.1525344849, -16.8454971313, -31.155582428, -38.6799888611, -22.728094101, 42.7861938477, 105.888664246]],
        "icov": [[0.000424319005106, -0.00100310484413, 0.00106637331191, -0.00103469076566, 0.000975904171355, -0.00087924831314, 0.000602607033215, -0.000957593612839, 0.000623370462563, -0.000367375294445, -0.000149834915646, 0.000552383891772, 0.000187963756616], [-0.00100310484413, 0.0207106452435, -0.0157825518399, 0.0155124748126, -0.0140740806237, 0.0121516995132, -0.014384447597, 0.0130146164447, -0.0101775247604, 0.00897516869009, -0.00887004192919, 0.00480373948812, -0.00314251775853], [0.00106637331191, -0.0157825518399, 0.0179442185909, -0.0152706988156, 0.0109253479168, -0.0114021198824, 0.011900014244, -0.00932081229985, 0.00553955417126, -0.00457112072036, 0.00331943994388, -0.000840714317746, 0.00170187477488], [-0.00103469076566, 0.0155124748126, -0.0152706988156, 0.0186878088862, -0.0124647347257, 0.00932746753097, -0.0101584084332, 0.00811544340104, -0.0057907323353, 0.00273934099823, -0.00204649963416, -0.000159908959176, -0.00164396653417], [0.000975904171355, -0.0140740806237, 0.0109253479168, -0.0124647347257, 0.0150089878589, -0.00794069189578, 0.00702795293182, -0.00718828989193, 0.0044865985401, -0.00222253450193, 0.00189404981211, -0.000288159208139, -0.00146383978426], [-0.00087924831314, 0.0121516995132, -0.0114021198824, 0.00932746753097, -0.00794069189578, 0.0142379887402, -0.0122668873519, 0.00812509469688, -0.00455245003104, 0.00231241853908, -0.00119839422405, -0.00111190916505, 0.000323864078382], [0.000602607033215, -0.014384447597, 0.011900014244, -0.0101584084332, 0.00702795293182, -0.0122668873519, 0.0206457469612, -0.013173237443, 0.00713402684778, -0.00439923629165, 0.00203224620782, -0.000380802724976, 0.00343402847648], [-0.000957593612839, 0.0130146164447, -0.00932081229985, 0.00811544340104, -0.00718828989193, 0.00812509469688, -0.013173237443, 0.022513737902, -0.0119753452018, 0.00480695068836, -0.00251880683936, 0.00373138580471, -0.0035393119324], [0.000623370462563, -0.0101775247604, 0.00553955417126, -0.0057907323353, 0.0044865985401, -0.00455245003104, 0.00713402684778, -0.0119753452018, 0.0172170456499, -0.00977784395218, 0.00740061001852, -0.00520002190024, 0.00552694033831], [-0.000367375294445, 0.00897516869009, -0.00457112072036, 0.00273934099823, -0.00222253450193, 0.00231241853908, -0.00439923629165, 0.00480695068836, -0.00977784395218, 0.0250923261046, -0.0217059869319, 0.0126652913168, -0.00474565057084], [-0.000149834915646, -0.00887004192919, 0.00331943994388, -0.00204649963416, 0.00189404981211, -0.00119839422405, 0.00203224620782, -0.00251880683936, 0.00740061001852, -0.0217059869319, 0.039021037519, -0.0233292970806, 0.0122996913269], [0.000552383891772, 0.00480373948812, -0.000840714317746, -0.000159908959176, -0.000288159208139, -0.00111190916505, -0.000380802724976, 0.00373138580471, -0.00520002190024, 0.0126652913168, -0.0233292970806, 0.0297807883471, -0.0133071905002], [0.000187963756616, -0.00314251775853, 0.00170187477488, -0.00164396653417, -0.00146383978426, 0.000323864078382, 0.00343402847648, -0.0035393119324, 0.00552694033831, -0.00474565057084, 0.0122996913269, -0.0133071905002, 0.0197536982596]]
    },
    "melbands": {
        "dmean": [0.000630173366517, 0.00140631536487, 0.000624031643383, 0.000470449682325, 0.000218064742512, 0.000205209958949, 0.000316862133332, 0.000403021927923, 0.000267532013822, 0.000129362335429, 6.64262042847e-05, 9.89177497104e-05, 5.06949436385e-05, 2.62823523371e-05, 1.76938992809e-05, 2.4689710699e-05, 2.35402931139e-05, 2.50547018368e-05, 1.57727754413e-05, 9.23603238334e-06, 1.56880669238e-05, 2.47854513873e-05, 1.31071474243e-05, 1.38390869324e-05, 8.52761877468e-06, 1.15240900413e-05, 9.48974138737e-06, 5.24063352714e-06, 3.36069797413e-06, 1.4427048427e-06, 1.18591572118e-06, 9.56677013164e-07, 9.09696382223e-07, 7.12735356956e-07, 6.2068590978e-07, 3.94967486272e-07, 3.45900588172e-07, 2.262564891e-07, 1.58640816039e-07, 9.00853578401e-08],
        "dmean2": [0.00103309366386, 0.00251234672032, 0.00111644912977, 0.000803893723059, 0.000347552733729, 0.000337550998665, 0.000498394598253, 0.000623009924311, 0.000397806521505, 0.000202981871553, 0.000103325677628, 0.000157740549184, 8.32923542475e-05, 4.24136160291e-05, 2.79669893644e-05, 3.83733786293e-05, 3.72280046577e-05, 4.08547457482e-05, 2.50061566476e-05, 1.42543940456e-05, 2.46596991929e-05, 3.91693938582e-05, 2.09169229493e-05, 2.26135871344e-05, 1.37740989885e-05, 1.80514616659e-05, 1.47090913742e-05, 8.30114640848e-06, 5.33647062184e-06, 2.38472148339e-06, 1.8990309627e-06, 1.5340643813e-06, 1.3933157561e-06, 1.07566347651e-06, 9.63667162068e-07, 5.97383007062e-07, 5.36729942269e-07, 3.52546067006e-07, 2.38960325305e-07, 1.37890339147e-07],
        "dvar": [1.69003226347e-06, 1.16834007713e-05, 1.33615924369e-06, 8.24112419195e-07, 1.52679533016e-07, 2.58280294929e-07, 4.78667573134e-07, 8.91830495675e-07, 4.15730994519e-07, 3.09839435886e-07, 4.55565292157e-08, 1.3312458691e-07, 4.27100523837e-08, 3.0536881912e-09, 1.83100867801e-09, 4.28736335323e-09, 3.35444916288e-09, 2.00754279867e-09, 1.11153353188e-09, 4.0832595638e-10, 6.6553662581e-10, 2.20995466371e-09, 3.33569505351e-10, 4.74769334957e-10, 1.17356388496e-10, 2.47716291923e-10, 1.49681600448e-10, 6.42862360567e-11, 2.70540742586e-11, 3.92300081309e-12, 2.62918419675e-12, 1.50024198793e-12, 1.61142887228e-12, 1.28913850081e-12, 9.7441596892e-13, 4.22853836364e-13, 2.6433743432e-13, 1.12717581308e-13, 6.85373253376e-14, 1.4988486865e-14],
        "dvar2": [3.60062153959e-06, 3.35897275363e-05, 3.85200519304e-06, 2.24487644118e-06, 3.89538200807e-07, 6.73696206377e-07, 1.19165360957e-06, 2.28355293075e-06, 9.65084154814e-07, 8.44726685045e-07, 1.04159724401e-07, 3.07833971647e-07, 1.15657968536e-07, 7.45788142353e-09, 3.72465747134e-09, 9.23708576295e-09, 7.48398409911e-09, 5.06327646477e-09, 2.87060197834e-09, 7.93997423365e-10, 1.56830781695e-09, 5.75688252624e-09, 8.29164459315e-10, 1.27910504411e-09, 2.90594437402e-10, 5.85385351304e-10, 3.46065925916e-10, 1.56549537222e-10, 6.52205026097e-11, 1.07124283402e-11, 6.79971400366e-12, 3.7106984152e-12, 3.61342618153e-12, 2.77195779351e-12, 2.28670598082e-12, 9.17764345423e-13, 5.81472153413e-13, 2.37729025918e-13, 1.34421553749e-13, 3.13122229154e-14],
        "max": [0.0115628857166, 0.0282416455448, 0.00854281429201, 0.00919113028795, 0.00746081769466, 0.00755497673526, 0.0100681725889, 0.0170302446932, 0.0134621206671, 0.0169425867498, 0.00590293761343, 0.00835040491074, 0.00622325111181, 0.00119870132767, 0.000745240657125, 0.00194659549743, 0.0017152907094, 0.000829681172036, 0.000865766662173, 0.000682990474161, 0.000411016924772, 0.00143973913509, 0.000358617544407, 0.000501364527736, 0.000167190577486, 0.00023543977295, 0.000208387034945, 0.000134875997901, 9.27859509829e-05, 2.78732459265e-05, 3.31366318278e-05, 1.74052529474e-05, 1.94170806935e-05, 2.11011065403e-05, 2.0803496227e-05, 1.34754609462e-05, 1.06069483081e-05, 8.41325163492e-06, 7.33429533284e-06, 2.41511543209e-06],
        "mean": [0.000878165068571, 0.00169995252509, 0.000728322251234, 0.000594643002842, 0.000382201746106, 0.000291835953249, 0.000471228879178, 0.000664804189, 0.000418682495365, 0.000209451027331, 0.000108997759526, 0.00015335372882, 8.2342819951e-05, 4.09075582866e-05, 2.85539044853e-05, 3.93276677642e-05, 3.78404765797e-05, 4.35456677224e-05, 2.87329112325e-05, 1.6969297576e-05, 3.35732838721e-05, 5.36176303285e-05, 2.67387003987e-05, 2.73921996268e-05, 1.92209754459e-05, 2.55281502177e-05, 2.33058490267e-05, 1.31277256514e-05, 8.56227961776e-06, 3.69692452296e-06, 3.06407468997e-06, 2.44161105911e-06, 2.18983132072e-06, 1.7683025817e-06, 1.5464460148e-06, 9.95641244117e-07, 8.75871251083e-07, 5.66050005091e-07, 4.13702906599e-07, 2.34521294828e-07],
        "median": [0.000369210378267, 0.000853612087667, 0.000406859297073, 0.000360156496754, 0.000227456810535, 0.000121112483612, 0.000133210618515, 7.81168782851e-05, 6.68062348268e-05, 4.0269933379e-05, 3.81244899472e-05, 4.90857346449e-05, 2.34443887166e-05, 1.71249594132e-05, 1.20550976135e-05, 1.54561494128e-05, 1.59006613103e-05, 2.77870567515e-05, 1.8268257918e-05, 9.32385410124e-06, 1.87642781384e-05, 2.91488977382e-05, 1.79460112122e-05, 1.73743537744e-05, 1.33699149956e-05, 1.85042317753e-05, 1.6118892745e-05, 8.02256272436e-06, 5.55270844416e-06, 2.79342248177e-06, 2.34394906329e-06, 1.89388208582e-06, 1.47601576828e-06, 9.9285853139e-07, 8.23086338642e-07, 5.54369876227e-07, 5.82919312819e-07, 4.60866885987e-07, 3.48642885228e-07, 1.98159284537e-07],
        "min": [4.92466956103e-09, 3.94218613309e-09, 4.84416062818e-09, 5.82268944171e-09, 6.34731689431e-09, 6.50200204788e-09, 1.23862242685e-09, 1.72270822607e-10, 3.69675540179e-10, 4.54197651711e-10, 3.08221692613e-09, 3.80744630268e-10, 2.64881172551e-10, 9.60031498742e-10, 1.3909874641e-10, 6.23036677805e-10, 1.74767950112e-10, 2.81738521402e-10, 4.26318619295e-10, 7.33969204858e-11, 1.01581451584e-10, 5.544638082e-10, 4.15805861964e-10, 9.6162487695e-11, 2.54497173335e-10, 5.07912323311e-10, 4.99788266328e-10, 4.28284907539e-10, 7.45418934911e-11, 3.09693728995e-11, 3.68661004502e-11, 9.62629559398e-11, 1.12718627834e-11, 7.55294958521e-12, 8.14825117101e-12, 1.61557729e-11, 1.20185085842e-11, 1.33729303672e-11, 8.67344737698e-12, 2.8777145597e-12],
        "var": [2.04457728614e-06, 8.87218538992e-06, 1.04878438378e-06, 7.05721674876e-07, 2.88671458293e-07, 3.217335518e-07, 8.59352326188e-07, 1.9436436105e-06, 8.03172326869e-07, 4.00938688472e-07, 9.34000681241e-08, 2.78736763448e-07, 8.85668143269e-08, 5.13100406607e-09, 3.40872352567e-09, 7.57536078311e-09, 5.45974510047e-09, 3.30135918603e-09, 1.79670234246e-09, 9.17787013055e-10, 2.02521732717e-09, 6.28070351283e-09, 8.77071026917e-10, 1.07557995843e-09, 3.43621409105e-10, 6.34724883763e-10, 5.77898895404e-10, 2.34652297593e-10, 1.07255558601e-10, 1.27718911835e-11, 7.910254049e-12, 4.73716508728e-12, 4.86802915686e-12, 4.10229142322e-12, 3.16592108432e-12, 1.52994045384e-12, 9.05233570395e-13, 2.88195438651e-13, 1.69146841715e-13, 4.58417890236e-14]
    },
    "mfcc": {
        "mean": [-627.916687012, 111.78024292, -9.75248336792, 37.6772499084, 3.27603840828, -4.50636196136, -2.37059235573, 4.4660615921, -2.98143553734, 4.99840545654, -1.53625130653, -1.79478228092, -1.70895957947],
        "cov": [[3896.86254883, -416.387634277, 8.3126077652, -157.276824951, -316.572143555, 48.1462478638, 117.972076416, -6.50415658951, -26.9395675659, 201.751403809, 191.225723267, 114.248199463, 47.9664344788], [-416.387634277, 761.202697754, -106.25125885, 67.8182754517, 147.839889526, 13.6561746597, 52.120929718, 56.8522453308, 30.148147583, -14.7154951096, 12.2468204498, 8.48996639252, 12.2188577652], [8.3126077652, -106.25125885, 313.059173584, 22.3984394073, 11.354224205, 77.6158065796, -9.89106178284, 16.0384254456, -0.157371520996, 38.3498039246, 39.9670562744, 31.7604637146, 27.9846324921], [-157.276824951, 67.8182754517, 22.3984394073, 240.920349121, 115.190513611, -4.35775232315, 11.6646165848, 12.1448612213, 37.6305465698, 9.65375232697, -34.7245903015, 10.9891290665, 21.1712741852], [-316.572143555, 147.839889526, 11.354224205, 115.190513611, 206.197296143, 39.6407928467, -2.64685773849, 32.1732826233, 36.5898246765, -3.67137241364, -27.4084186554, -17.9279537201, 0.86157900095], [48.1462478638, 13.6561746597, 77.6158065796, -4.35775232315, 39.6407928467, 170.178604126, 74.7422332764, 38.5589065552, 5.01708984375, 23.4275798798, 34.9814834595, 26.2615642548, 8.63254356384], [117.972076416, 52.120929718, -9.89106178284, 11.6646165848, -2.64685773849, 74.7422332764, 152.333724976, 40.7856369019, 9.91317176819, 13.9367685318, 20.7918643951, 12.086935997, -1.94134843349], [-6.50415658951, 56.8522453308, 16.0384254456, 12.1448612213, 32.1732826233, 38.5589065552, 40.7856369019, 119.14390564, 46.4323043823, 11.7329187393, 18.0239219666, 5.774538517, 4.02667236328], [-26.9395675659, 30.148147583, -0.157371520996, 37.6305465698, 36.5898246765, 5.01708984375, 9.91317176819, 46.4323043823, 106.581085205, 49.3765983582, -2.38810396194, -1.78020203114, 1.50368607044], [201.751403809, -14.7154951096, 38.3498039246, 9.65375232697, -3.67137241364, 23.4275798798, 13.9367685318, 11.7329187393, 49.3765983582, 124.418830872, 72.681640625, 25.4826011658, 12.2382097244], [191.225723267, 12.2468204498, 39.9670562744, -34.7245903015, -27.4084186554, 34.9814834595, 20.7918643951, 18.0239219666, -2.38810396194, 72.681640625, 144.31539917, 68.2651596069, 17.0894947052], [114.248199463, 8.48996639252, 31.7604637146, 10.9891290665, -17.9279537201, 26.2615642548, 12.086935997, 5.774538517, -1.78020203114, 25.4826011658, 68.2651596069, 119.123962402, 54.947555542], [47.9664344788, 12.2188577652, 27.9846324921, 21.1712741852, 0.86157900095, 8.63254356384, -1.94134843349, 4.02667236328, 1.50368607044, 12.2382097244, 17.0894947052, 54.947555542, 83.1460342407]],
