{
"lowlevel": {
    "average_loudness": 0.974019467831,
    "barkbands_crest": {
        "dmean": 2.65284562111,
        "dmean2": 4.46536159515,
        "dvar": 6.27268075943,
        "dvar2": 16.785326004,
        "max": 21.0225906372,
        "mean": 9.39562892914,
        "median": 8.84251880646,
        "min": 3.23423290253,
        "var": 10.9177179337
    },
    "barkbands_flatness_db": {
        "dmean": 0.0198976043612,
        "dmean2": 0.029646858573,
        "dvar": 0.000276903010672,
        "dvar2": 0.000644284998998,
        "max": 0.202973663807,
        "mean": 0.0987028777599,
        "median": 0.0970247462392,
        "min": 0.0208922028542,
        "var": 0.000958014687058
    },
    "barkbands_kurtosis": {
        "dmean": 1.84647715092,
        "dmean2": 2.96821212769,
        "dvar": 5.29600858688,
        "dvar2": 13.3733720779,
        "max": 26.9222354889,
        "mean": 2.79909777641,
        "median": 1.69296646118,
        "min": -1.45240175724,
        "var": 12.1539392471
    },
    "barkbands_skewness": {
        "dmean": 0.40842205286,
        "dmean2": 0.642464578152,
        "dvar": 0.151622280478,
        "dvar2": 0.380947679281,
        "max": 4.90430164337,
        "mean": 1.63016605377,
        "median": 1.51279139519,
        "min": 0.201007664204,
        "var": 0.49939379096
    },
    "barkbands_spread": {
        "dmean": 6.96478557587,
        "dmean2": 10.4506340027,
        "dvar": 47.9058303833,
        "dvar2": 107.778106689,
        "max": 87.8514938354,
        "mean": 29.8346424103,
        "median": 28.2998828888,
        "min": 6.87054729462,
        "var": 148.766906738
    },
    "dissonance": {
        "dmean": 0.0159260313958,
        "dmean2": 0.0269497428089,
        "dvar": 0.00018055664259,
        "dvar2": 0.000504193769302,
        "max": 0.499985486269,
        "mean": 0.468266636133,
        "median": 0.471113324165,
        "min": 0.379051446915,
        "var": 0.000344961270457
    },
    "dynamic_complexity": 2.66561532021,
    "erbbands_crest": {
        "dmean": 2.39508104324,
        "dmean2": 3.97626662254,
        "dvar": 5.625872612,
        "dvar2": 14.3472700119,
        "max": 23.2773017883,
        "mean": 7.6036400795,
        "median": 6.85837745667,
        "min": 2.2794175148,
        "var": 12.2729129791
    },
    "erbbands_flatness_db": {
        "dmean": 0.0153233138844,
        "dmean2": 0.0206009801477,
        "dvar": 0.000183413736522,
        "dvar2": 0.000360006350093,
        "max": 0.239617556334,
        "mean": 0.110343270004,
        "median": 0.109418235719,
        "min": 0.0429893136024,
        "var": 0.000946630025283
    },
    "erbbands_kurtosis": {
        "dmean": 0.513789176941,
        "dmean2": 0.832614064217,
        "dvar": 0.402370452881,
        "dvar2": 1.11589848995,
        "max": 7.52108192444,
        "mean": -0.354018360376,
        "median": -0.61735868454,
        "min": -1.74696171284,
        "var": 0.979721903801
    },
    "erbbands_skewness": {
        "dmean": 0.289961963892,
        "dmean2": 0.466232895851,
        "dvar": 0.0696612820029,
        "dvar2": 0.181615322828,
        "max": 2.54891729355,
        "mean": 0.319926947355,
        "median": 0.34056276083,
        "min": -1.27292275429,
        "var": 0.260218054056
    },
    "erbbands_spread": {
        "dmean": 8.12654495239,
        "dmean2": 12.2054891586,
        "dvar": 54.9787940979,
        "dvar2": 127.219642639,
        "max": 118.282707214,
        "mean": 53.2353172302,
        "median": 51.3794593811,
        "min": 15.4953832626,
        "var": 342.191589355
    },
    "hfc": {
        "dmean": 7.70617961884,
        "dmean2": 9.57862186432,
        "dvar": 89.3458404541,
        "dvar2": 133.652618408,
        "max": 115.819610596,
        "mean": 30.8863964081,
        "median": 28.6701126099,
        "min": 1.33102194013e-05,
        "var": 411.799194336
    },
    "melbands_crest": {
        "dmean": 3.2860262394,
        "dmean2": 5.52987003326,
        "dvar": 9.41004753113,
        "dvar2": 25.5842342377,
        "max": 28.1700725555,
        "mean": 13.0469703674,
        "median": 12.222577095,
        "min": 5.27431821823,
        "var": 18.0539836884
    },
    "melbands_flatness_db": {
        "dmean": 0.0228305254132,
        "dmean2": 0.0361750423908,
        "dvar": 0.000407186773373,
        "dvar2": 0.0010223101126,
        "max": 0.30127197504,
        "mean": 0.173761174083,
        "median": 0.171733602881,
        "min": 0.0704329311848,
        "var": 0.00119289511349
    },
    "melbands_kurtosis": {
        "dmean": 5.49506664276,
        "dmean2": 8.85556697845,
        "dvar": 49.5383987427,
        "dvar2": 127.616966248,
        "max": 94.5229949951,
        "mean": 13.7746839523,
        "median": 10.1450462341,
        "min": -0.140506267548,
        "var": 129.114807129
    },
    "melbands_skewness": {
        "dmean": 0.606946229935,
        "dmean2": 0.959073841572,
        "dvar": 0.344899833202,
        "dvar2": 0.854172408581,
        "max": 8.30565643311,
        "mean": 2.97362971306,
        "median": 2.83270096779,
        "min": 0.647688031197,
        "var": 1.30107247829
    },
    "melbands_spread": {
        "dmean": 5.81783008575,
        "dmean2": 9.21348190308,
        "dvar": 30.8234081268,
        "dvar2": 75.1808776855,
        "max": 59.4018859863,
        "mean": 22.6372070312,
        "median": 21.7865924835,
        "min": 3.88136029243,
        "var": 91.4252471924
    },
    "pitch_salience": {
        "dmean": 0.0727499499917,
        "dmean2": 0.119960583746,
        "dvar": 0.00361352297477,
        "dvar2": 0.0101216193289,
        "max": 0.818832695484,
        "mean": 0.561352491379,
        "median": 0.559214532375,
        "min": 0.292088061571,
        "var": 0.00866175163537
    },
    "silence_rate_20dB": {
        "dmean": 0,
        "dmean2": 0,
        "dvar": 0,
        "dvar2": 0,
        "max": 1,
        "mean": 1,
        "median": 1,
        "min": 1,
        "var": 0
    },
    "silence_rate_30dB": {
        "dmean": 0,
        "dmean2": 0,
        "dvar": 0,
        "dvar2": 0,
        "max": 1,
        "mean": 1,
        "median": 1,
        "min": 1,
        "var": 0
    },
    "silence_rate_60dB": {
        "dmean": 0.0061919502914,
        "dmean2": 0.0123934932053,
        "dvar": 0.00615342427045,
        "dvar2": 0.0153382429853,
        "max": 1,
        "mean": 0.0641918033361,
        "median": 0,
        "min": 0,
        "var": 0.0600705593824
    },
    "spectral_centroid": {
        "dmean": 260.343414307,
        "dmean2": 414.286590576,
        "dvar": 51087.7851562,
        "dvar2": 128198.804688,
        "max": 2870.95800781,
        "mean": 1441.10546875,
        "median": 1422.57983398,
        "min": 431.884124756,
        "var": 180188.6875
    },
    "spectral_complexity": {
        "dmean": 3.82972145081,
        "dmean2": 5.82029438019,
        "dvar": 13.5684671402,
        "dvar2": 26.0776767731,
        "max": 49,
        "mean": 23.2938899994,
        "median": 24,
        "min": 0,
        "var": 84.6731491089
    },
    "spectral_decrease": {
        "dmean": 2.64284638618e-09,
        "dmean2": 4.29798197032e-09,
        "dvar": 1.03324701957e-17,
        "dvar2": 2.63274234726e-17,
        "max": -2.25403810539e-15,
        "mean": -8.98095731117e-09,
        "median": -8.76253292148e-09,
        "min": -3.12348440445e-08,
        "var": 2.33123038178e-17
    },
    "spectral_energy": {
        "dmean": 0.0102756479755,
        "dmean2": 0.0165345817804,
        "dvar": 0.000156626410899,
        "dvar2": 0.000392536836443,
        "max": 0.125389665365,
        "mean": 0.0366976708174,
        "median": 0.0361958108842,
        "min": 9.71454827692e-09,
        "var": 0.000377357006073
    },
    "spectral_energyband_high": {
        "dmean": 0.000631965929642,
        "dmean2": 0.000780858448707,
        "dvar": 6.36167044377e-07,
        "dvar2": 1.1258663335e-06,
        "max": 0.0101029928774,
        "mean": 0.00192142894957,
        "median": 0.00145776802674,
        "min": 8.60008869674e-11,
        "var": 2.72080364994e-06
    },
    "spectral_energyband_low": {
        "dmean": 0.00654639024287,
        "dmean2": 0.0107086729258,
        "dvar": 7.61120318202e-05,
        "dvar2": 0.000192684485228,
        "max": 0.0829700678587,
        "mean": 0.0144646121189,
        "median": 0.0119628673419,
        "min": 1.76737277591e-10,
        "var": 0.000133946421556
    },
    "spectral_energyband_middle_high": {
        "dmean": 0.00166217016522,
        "dmean2": 0.00247917859815,
        "dvar": 4.72315923616e-06,
        "dvar2": 1.00310680864e-05,
        "max": 0.0275948569179,
        "mean": 0.00627460610121,
        "median": 0.00483766430989,
        "min": 4.25782298308e-09,
        "var": 2.70169603027e-05
    },
    "spectral_energyband_middle_low": {
        "dmean": 0.00660844473168,
        "dmean2": 0.0110013168305,
        "dvar": 0.000111264293082,
        "dvar2": 0.000283129222225,
        "max": 0.100841253996,
        "mean": 0.0153680387884,
        "median": 0.012963895686,
        "min": 5.18110132575e-09,
        "var": 0.000146519756527
    },
    "spectral_entropy": {
        "dmean": 0.140722230077,
        "dmean2": 0.203465610743,
        "dvar": 0.0150782223791,
        "dvar2": 0.0338262729347,
        "max": 8.5326833725,
        "mean": 7.81164216995,
        "median": 7.81694746017,
        "min": 7.05593347549,
        "var": 0.0668635740876
    },
    "spectral_flux": {
        "dmean": 0.0235630646348,
        "dmean2": 0.0366826988757,
        "dvar": 0.000650443544146,
        "dvar2": 0.00132281112019,
        "max": 0.271204292774,
        "mean": 0.0973487049341,
        "median": 0.0920143127441,
        "min": 9.85624064924e-05,
        "var": 0.00203216215596
    },
    "spectral_kurtosis": {
        "dmean": 0.731300354004,
        "dmean2": 1.18205559254,
        "dvar": 0.613615870476,
        "dvar2": 1.61391687393,
        "max": 17.6550865173,
        "mean": 2.91350126266,
        "median": 2.8207244873,
        "min": -0.402935028076,
        "var": 1.73673582077
    },
    "spectral_rms": {
        "dmean": 0.000783195078839,
        "dmean2": 0.00123862817418,
        "dvar": 6.76931449561e-07,
        "dvar2": 1.6712648403e-06,
        "max": 0.0110603515059,
        "mean": 0.00568143930286,
        "median": 0.00594247318804,
        "min": 3.07857249027e-06,
        "var": 3.52387905878e-06
    },
    "spectral_rolloff": {
        "dmean": 619.463439941,
        "dmean2": 1036.74816895,
        "dvar": 1013423.625,
        "dvar2": 2591922,
        "max": 11111.1328125,
        "mean": 1428.85119629,
        "median": 1076.66015625,
        "min": 107.666015625,
        "var": 1490016.125
    },
    "spectral_skewness": {
        "dmean": 0.136526927352,
        "dmean2": 0.215527683496,
        "dvar": 0.0157463364303,
        "dvar2": 0.0374426804483,
        "max": 2.98704743385,
        "mean": 1.39751410484,
        "median": 1.39991343021,
        "min": 0.410294026136,
        "var": 0.0651223734021
    },
    "spectral_spread": {
        "dmean": 654983.8125,
        "dmean2": 793844.1875,
        "dvar": 383610847232,
        "dvar2": 620640731136,
        "max": 11252558,
        "mean": 5953116,
        "median": 5671403.5,
        "min": 2506067.25,
        "var": 2.19506789581e+12
    },
    "spectral_strongpeak": {
        "dmean": 0.419225394726,
        "dmean2": 0.746965169907,
        "dvar": 0.540479660034,
        "dvar2": 1.4819508791,
        "max": 5.71889781952,
        "mean": 0.601353526115,
        "median": 0.348541051149,
        "min": 0.000255282589933,
        "var": 0.498458534479
    },
    "zerocrossingrate": {
        "dmean": 0.0142894070596,
        "dmean2": 0.0155395222828,
        "dvar": 0.000168294194737,
        "dvar2": 0.000204242445761,
        "max": 0.236328125,
        "mean": 0.0760778412223,
        "median": 0.06884765625,
        "min": 0.01708984375,
        "var": 0.00094838620862
    },
    "barkbands": {
        "dmean": [0.000233416605624, 0.00513680931181, 0.00208402331918, 0.00148200208787, 0.00383720430546, 0.00195293454453, 0.00110313133337, 0.000795110187028, 0.000842500478029, 0.000541327870451, 0.000784989271779, 0.00035698353895, 0.000212335464312, 0.000319085724186, 0.000338390411343, 0.000184051459655, 0.000199087211513, 0.000207834615139, 0.000189809768926, 0.000133748180815, 0.000175846580532, 0.000129565276438, 8.41161236167e-05, 9.21977407415e-05, 0.000131987966597, 0.000177134090336, 2.51427682088e-05],
        "dmean2": [0.000401144701755, 0.00838055275381, 0.00350318336859, 0.00249490188435, 0.00651764683425, 0.00313585950062, 0.00185394193977, 0.00132947205566, 0.001370863989, 0.000860971515067, 0.00124558177777, 0.000563787936699, 0.000343266932759, 0.000497501634527, 0.000543942267541, 0.000303617853206, 0.000311382696964, 0.000331263581757, 0.000294402561849, 0.000211555976421, 0.000273886398645, 0.000201938688406, 0.00012021081784, 0.00012989831157, 0.000166069366969, 0.00021794073109, 3.8729966036e-05],
        "dvar": [1.63674158671e-07, 4.0200764488e-05, 1.4844575162e-05, 5.63823004995e-06, 6.5975356847e-05, 9.0326911959e-06, 5.33559295945e-06, 3.09397296405e-06, 3.57879230251e-06, 1.37501353947e-06, 2.2259043817e-06, 6.22250240667e-07, 1.80729003318e-07, 4.65605751288e-07, 6.29975829725e-07, 1.414888402e-07, 1.29598006993e-07, 7.58541247592e-08, 8.10474034552e-08, 3.44356614335e-08, 5.57090231723e-08, 3.61369174584e-08, 1.48441570147e-08, 1.813287831e-08, 3.87488618969e-08, 8.07978111084e-08, 2.80211787107e-09],
        "dvar2": [4.52263833495e-07, 0.000111574932816, 3.64254519809e-05, 1.42368544402e-05, 0.0001767508802, 2.37505264522e-05, 1.5115620954e-05, 8.02148133516e-06, 9.48092110775e-06, 3.28694113705e-06, 5.30491070094e-06, 1.34696506393e-06, 4.19726774226e-07, 1.02633123333e-06, 1.50516848407e-06, 3.7456450741e-07, 2.93153249231e-07, 1.86679642411e-07, 1.77692129455e-07, 8.24584702741e-08, 1.25881101098e-07, 8.39403924147e-08, 3.05965102143e-08, 3.8107607736e-08, 7.24401445495e-08, 1.43941932151e-07, 6.72367450605e-09],
        "max": [0.00553299859166, 0.058075837791, 0.0425259247422, 0.0240557566285, 0.0783830732107, 0.0284893736243, 0.0363274104893, 0.0196002349257, 0.0237162876874, 0.0183801073581, 0.0221931822598, 0.018852500245, 0.00711824093014, 0.0114295482635, 0.0106191569939, 0.00558555405587, 0.00534684211016, 0.00316105596721, 0.00289160222746, 0.00208234624006, 0.00388325098902, 0.0030842712149, 0.00205288943835, 0.00173059653025, 0.00261808373034, 0.00240834197029, 0.000508108816575],
        "mean": [0.000290236144792, 0.0101632485166, 0.00274537201039, 0.0020094094798, 0.00554267410189, 0.00360747473314, 0.00186106993351, 0.0010189282475, 0.00122857734095, 0.00101881474257, 0.00145602226257, 0.000652069749776, 0.000381045363611, 0.000584123365115, 0.000546439783648, 0.000305041350657, 0.0004109935835, 0.000440120697021, 0.000389848457417, 0.0003181679931, 0.000490548089147, 0.000289455347229, 0.000215831300011, 0.000201001341338, 0.000248033495154, 0.000255917810136, 2.7225816666e-05],
        "median": [0.000114964423119, 0.00817380286753, 0.0012896542903, 0.00115300132893, 0.00377657124773, 0.0021749229636, 0.00133029511198, 0.000476265908219, 0.000531617435627, 0.000361330050509, 0.000406171078794, 0.000352860282874, 0.000161939227837, 0.0001859190088, 0.000273362937151, 0.000177344947588, 0.00021243118681, 0.000284785288386, 0.000253339239862, 0.000220801113755, 0.000325956265442, 0.00016573339235, 0.000134212721605, 0.000122059966088, 0.000122139943414, 4.67959907837e-05, 2.20100218939e-06],
        "min": [2.17734823227e-11, 3.17502343861e-11, 1.36948979934e-10, 1.20250018276e-10, 8.03842492569e-10, 4.82188511342e-10, 7.33880012316e-10, 3.91974203096e-10, 7.35018712561e-10, 8.14960043893e-11, 1.97383331901e-10, 1.00292038563e-10, 1.01781458262e-10, 1.99665648598e-11, 2.74709172077e-10, 1.75649397804e-10, 1.42123812719e-10, 1.65413835407e-10, 8.54032469744e-11, 3.48553685914e-11, 1.98759949471e-11, 5.69700276537e-12, 9.97548484788e-12, 1.35068909182e-11, 1.35539340168e-11, 5.46687911954e-12, 1.08105503716e-11],
        "var": [2.14559463529e-07, 7.45852667023e-05, 1.66434419953e-05, 7.23598259356e-06, 5.77370337851e-05, 1.68573969859e-05, 6.4966438913e-06, 3.16225873576e-06, 4.63945161755e-06, 3.78893287234e-06, 6.90335309628e-06, 1.59019668899e-06, 4.47327892061e-07, 1.16349406198e-06, 9.12511666229e-07, 1.79900268904e-07, 3.62225904382e-07, 2.16595182678e-07, 1.7288384413e-07, 9.28529502175e-08, 2.49842685207e-07, 1.1319109916e-07, 5.14912983363e-08, 5.06019617319e-08, 1.11652006751e-07, 1.8484823272e-07, 3.38102013053e-09]
    },
    "erbbands": {
        "dmean": [0.153418064117, 1.16730380058, 2.08322048187, 4.37295627594, 7.42471265793, 15.9761829376, 17.2011642456, 13.1175279617, 14.5345773697, 13.980050087, 21.7014846802, 17.7655754089, 9.56427192688, 33.1787185669, 17.513048172, 12.1550617218, 9.36694049835, 11.5913333893, 17.3777866364, 12.1543016434, 9.56467342377, 10.3720054626, 8.82919025421, 12.9034576416, 5.90242481232, 5.67760229111, 7.35160493851, 6.53537940979, 5.09055376053, 2.93687200546, 2.36484479904, 2.05076932907, 1.52261090279, 1.26359558105, 1.12627327442, 0.77242487669, 0.314841747284, 0.0766765847802, 0.00213987892494, 5.48040479771e-05],
        "dmean2": [0.247112244368, 1.9139264822, 3.45157313347, 7.35008573532, 12.5620994568, 27.4842357635, 28.1057567596, 21.646982193, 25.0657958984, 23.3083896637, 36.0638046265, 29.1455059052, 15.146024704, 52.0596427917, 27.379535675, 18.9106521606, 15.0847196579, 17.6431007385, 27.8110847473, 19.5078926086, 15.5378141403, 16.0198097229, 14.351521492, 20.268404007, 9.16381645203, 9.01257896423, 11.5480957031, 10.0303316116, 8.01007080078, 4.34436368942, 3.45855855942, 2.99922943115, 2.08892250061, 1.64292943478, 1.48941648006, 0.986450791359, 0.398189991713, 0.103850647807, 0.00303081190214, 7.1053415013e-05],
        "dvar": [0.0380359552801, 2.24807024002, 12.5456972122, 64.327331543, 225.825119019, 1253.62963867, 577.079406738, 532.077941895, 854.786865234, 1114.68273926, 2283.04589844, 1769.86901855, 341.485717773, 4261.01220703, 1630.93078613, 678.103637695, 352.335388184, 604.765014648, 1527.89038086, 620.282714844, 448.305908203, 277.089691162, 132.211791992, 348.919403076, 56.9534339905, 73.9007720947, 107.430427551, 80.5609817505, 60.6620063782, 22.2004318237, 14.4487981796, 10.8475246429, 4.50559568405, 3.26850938797, 3.42775583267, 1.58568918705, 0.266796916723, 0.0198328178376, 1.72813597601e-05, 7.44190931101e-09],
        "dvar2": [0.0976540371776, 6.33357477188, 30.9703140259, 158.651657104, 601.743591309, 3369.81713867, 1518.00061035, 1467.51293945, 2489.46875, 3157.21679688, 6046.42285156, 4656.60107422, 856.078918457, 10217.8369141, 3767.00268555, 1551.47070312, 815.538818359, 1247.52624512, 3605.11938477, 1462.63000488, 1173.19311523, 645.446533203, 303.034576416, 836.66595459, 127.113952637, 182.965988159, 244.17149353, 176.216796875, 143.142562866, 45.0275115967, 33.4630889893, 24.1460399628, 9.32513141632, 6.05480480194, 7.17466497421, 3.0280995369, 0.477949768305, 0.0393162891269, 3.78864242521e-05, 1.42117961843e-08],
        "max": [2.17803859711, 13.9613780975, 43.3483200073, 78.9615936279, 163.78477478, 316.652557373, 299.637420654, 229.910232544, 481.459960938, 575.213195801, 619.065856934, 540.300537109, 288.003692627, 726.502380371, 638.937255859, 789.612060547, 293.147521973, 475.64956665, 650.370727539, 308.927703857, 380.165649414, 354.187225342, 202.328186035, 219.319900513, 98.3907012939, 108.04082489, 190.711410522, 132.969543457, 126.254714966, 75.0651473999, 68.954498291, 44.6363716125, 22.8661003113, 19.091796875, 26.3025493622, 12.8846082687, 4.43089103699, 1.20078706741, 0.0349950790405, 0.000801501679234],
        "mean": [0.300009995699, 2.21914601326, 3.28245353699, 6.05456066132, 9.99941062927, 21.1025943756, 32.9368019104, 22.7389507294, 23.5924758911, 22.5295314789, 30.3443870544, 27.1743793488, 19.7968711853, 63.8171272278, 38.0007476807, 24.3432655334, 18.3346748352, 22.8584423065, 33.5124092102, 22.3283691406, 19.6165733337, 24.0750312805, 20.4049053192, 28.8279495239, 14.9709157944, 14.0344133377, 20.7684249878, 16.8392009735, 11.923787117, 6.6713924408, 5.81083631516, 4.52101707458, 3.26143169403, 2.56349778175, 1.90998971462, 1.13764357567, 0.448051661253, 0.101202368736, 0.00260819797404, 0.000109575121314],
        "median": [0.18554328382, 1.82950997353, 2.10559940338, 3.52608275414, 6.21000909805, 13.625164032, 22.0331478119, 15.9361343384, 16.8222999573, 14.7830839157, 13.8115386963, 12.6068162918, 11.6008024216, 17.3337192535, 16.8867683411, 13.850151062, 8.50967025757, 8.61330699921, 14.8614339828, 13.5420045853, 11.7724294662, 13.2878351212, 14.8609800339, 17.3013000488, 10.807311058, 10.1407346725, 13.3508281708, 11.3472900391, 7.24549198151, 4.11046648026, 3.52421379089, 2.60021924973, 2.09780144691, 1.44045186043, 0.809400379658, 0.249986201525, 0.0764403790236, 0.012389534153, 0.000309103139443, 6.2234881625e-05],
        "min": [7.07846059544e-10, 1.04934034795e-08, 1.23400241137e-07, 2.56479182781e-07, 2.53656776295e-06, 1.93372943613e-06, 3.29495424012e-06, 3.48670437234e-06, 8.64914818521e-06, 8.4255980255e-06, 1.14246449812e-05, 1.69573868334e-05, 1.44766700032e-05, 8.42111876409e-06, 4.38283859694e-06, 3.74701767214e-06, 4.84444399262e-06, 1.49294157836e-06, 8.1609487097e-06, 1.12323268695e-05, 6.97721679899e-06, 9.54377628659e-06, 8.18142962089e-06, 8.76284866536e-06, 2.88783826363e-06, 1.19746312066e-06, 9.85567908174e-07, 5.71709392716e-07, 1.71149196149e-07, 1.84207763709e-07, 2.7210168696e-07, 2.14343614857e-07, 2.8651945172e-07, 2.08219375963e-07, 5.16607521206e-08, 2.19020019898e-08, 8.63506777193e-09, 6.20459683631e-09, 1.39876565886e-09, 1.34633831861e-10],
        "var": [0.107141695917, 3.45266795158, 15.1318531036, 71.9917907715, 206.775085449, 1031.47497559, 1152.09277344, 590.603149414, 932.216186523, 1137.53857422, 2610.43457031, 2468.06225586, 845.948669434, 11477.0361328, 4133.50634766, 1978.62658691, 869.2578125, 1647.96496582, 3613.56762695, 941.56072998, 747.430908203, 1047.86340332, 385.334411621, 1012.68560791, 185.285675049, 187.295120239, 536.082519531, 276.081939697, 185.863769531, 68.9626922607, 41.1164283752, 28.7401180267, 12.5135040283, 9.81171417236, 7.78909063339, 3.59380865097, 0.57489168644, 0.0350787378848, 2.57373758359e-05, 1.59972071145e-08]
    },
    "gfcc": {
        "mean": [46.0469932556, 74.7028121948, -96.4121398926, 38.6085586548, -60.2757835388, 15.2918844223, -37.7762680054, 13.5954799652, -28.4481182098, 8.99485015869, -17.1518821716, 9.02665519714, -6.71703243256],
        "cov": [[7377.43261719, -757.104919434, 420.311157227, -30.9401760101, 204.681121826, 212.867645264, 124.37109375, 73.8844680786, -152.430999756, 274.58505249, -39.8757286072, 134.744552612, -52.2763023376], [-757.104919434, 730.027648926, -382.033966064, 208.643768311, -98.5493850708, 36.8468856812, 50.4134559631, -66.1497573853, 86.0010528564, -82.5540771484, 124.76209259, -99.1813659668, 112.950431824], [420.311157227, -382.033966064, 466.084411621, -87.7409591675, 58.1227912903, -22.5935764313, -25.1588516235, 37.5491828918, -42.5200004578, 68.2164459229, -75.218460083, 78.0686950684, -83.1549224854], [-30.9401760101, 208.643768311, -87.7409591675, 250.606643677, -40.4206886292, 14.8248462677, -13.6696424484, -15.2411928177, 62.1304550171, -30.0310897827, 61.256729126, -27.2476787567, 51.4201202393], [204.681121826, -98.5493850708, 58.1227912903, -40.4206886292, 182.557525635, -0.273119986057, 2.67554950714, 29.7014770508, -6.35347270966, 30.5239543915, -27.2592124939, 28.5623493195, -32.8235282898], [212.867645264, 36.8468856812, -22.5935764313, 14.8248462677, -0.273119986057, 154.093612671, 75.8574066162, -28.8695735931, -17.4542980194, 18.0062427521, 36.9960708618, -2.84810042381, 20.6944141388], [124.37109375, 50.4134559631, -25.1588516235, -13.6696424484, 2.67554950714, 75.8574066162, 133.527999878, 3.53598380089, -21.6342201233, 17.5345993042, 11.7417736053, 2.56406998634, 14.6043920517], [73.8844680786, -66.1497573853, 37.5491828918, -15.2411928177, 29.7014770508, -28.8695735931, 3.53598380089, 107.070228577, 27.1579399109, 8.80749034882, -15.6396579742, 2.11703920364, -6.10714387894], [-152.430999756, 86.0010528564, -42.5200004578, 62.1304550171, -6.35347270966, -17.4542980194, -21.6342201233, 27.1579399109, 93.133644104, 1.87465083599, 15.0359487534, -7.17451381683, 9.20488357544], [274.58505249, -82.5540771484, 68.2164459229, -30.0310897827, 30.5239543915, 18.0062427521, 17.5345993042, 8.80749034882, 1.87465083599, 73.2573013306, 1.73441803455, 21.3240184784, -13.3920068741], [-39.8757286072, 124.76209259, -75.218460083, 61.256729126, -27.2592124939, 36.9960708618, 11.7417736053, -15.6396579742, 15.0359487534, 1.73441803455, 80.4684371948, 0.0748093277216, 34.1151733398], [134.744552612, -99.1813659668, 78.0686950684, -27.2476787567, 28.5623493195, -2.84810042381, 2.56406998634, 2.11703920364, -7.17451381683, 21.3240184784, 0.0748093277216, 76.6419143677, -4.76631450653], [-52.2763023376, 112.950431824, -83.1549224854, 51.4201202393, -32.8235282898, 20.6944141388, 14.6043920517, -6.10714387894, 9.20488357544, -13.3920068741, 34.1151733398, -4.76631450653, 82.2445831299]],
        "icov": [[0.000188715290278, 0.000160044350196, 7.36115616746e-05, -0.000298052822473, -3.89427077607e-05, -0.000212109953281, 9.88563806459e-06, -0.000172749772901, 0.000389267486753, -0.000623683037702, 0.000141648124554, -8.62517845235e-05, -2.47040534305e-05], [0.000160044350196, 0.00504226842895, 0.00105714704841, -0.000817688705865, -0.00070751295425, 0.00181372673251, -0.00340346386656, 0.00312906689942, -0.00356852496043, 0.00267931842245, -0.0045661716722, 0.00402397103608, -0.00218208390288], [7.36115616746e-05, 0.00105714704841, 0.00477271154523, -0.00146353396121, 0.000815179897472, -0.000751003739424, 0.000986715545878, -0.00136139476672, 0.00194538210053, -0.00306204310618, 0.00283528771251, -0.00328416959383, 0.002490776591], [-0.000298052822473, -0.000817688705865, -0.00146353396121, 0.00751438271254, -0.000396325427573, 0.000217715874896, 0.000244852417381, 0.00158862455282, -0.00481825508177, 0.00366043625399, -0.00407866528258, 0.00211504241452, -0.00243303808384], [-3.89427077607e-05, -0.00070751295425, 0.000815179897472, -0.000396325427573, 0.0072250966914, -0.00139806047082, 0.00125128682703, -0.00264539662749, 0.00153408269398, -0.00284565589391, 0.00317460065708, -0.00343249924481, 0.00268474849872], [-0.000212109953281, 0.00181372673251, -0.000751003739424, 0.000217715874896, -0.00139806047082, 0.0124266492203, -0.00743349362165, 0.00472703250125, -0.00178467552178, 0.000990059808828, -0.00675506796688, 0.00409465748817, -0.00213463278487], [9.88563806459e-06, -0.00340346386656, 0.000986715545878, 0.000244852417381, 0.00125128682703, -0.00743349362165, 0.0144343916327, -0.005411230959, 0.00587608665228, -0.0049943048507, 0.00528693757951, -0.00441852025688, 0.0010098280618], [-0.000172749772901, 0.00312906689942, -0.00136139476672, 0.00158862455282, -0.00264539662749, 0.00472703250125, -0.005411230959, 0.0153201464564, -0.00859925802797, 0.00363706261851, -0.00369963841513, 0.00519085954875, -0.00353337149136], [0.000389267486753, -0.00356852496043, 0.00194538210053, -0.00481825508177, 0.00153408269398, -0.00178467552178, 0.00587608665228, -0.00859925802797, 0.021073166281, -0.00837380532175, 0.0047847670503, -0.00507815228775, 0.00350584997796], [-0.000623683037702, 0.00267931842245, -0.00306204310618, 0.00366043625399, -0.00284565589391, 0.000990059808828, -0.0049943048507, 0.00363706261851, -0.00837380532175, 0.0245707556605, -0.00862658116966, 0.00247235037386, -0.00102872948628], [0.000141648124554, -0.0045661716722, 0.00283528771251, -0.00407866528258, 0.00317460065708, -0.00675506796688, 0.00528693757951, -0.00369963841513, 0.0047847670503, -0.00862658116966, 0.0274655353278, -0.00920457206666, -0.000335551856551], [-8.62517845235e-05, 0.00402397103608, -0.00328416959383, 0.00211504241452, -0.00343249924481, 0.00409465748817, -0.00441852025688, 0.00519085954875, -0.00507815228775, 0.00247235037386, -0.00920457206666, 0.0224518999457, -0.00536398869008], [-2.47040534305e-05, -0.00218208390288, 0.002490776591, -0.00243303808384, 0.00268474849872, -0.00213463278487, 0.0010098280618, -0.00353337149136, 0.00350584997796, -0.00102872948628, -0.000335551856551, -0.00536398869008, 0.0196147598326]]
    },
    "melbands": {
        "dmean": [0.00141222612001, 0.00116673833691, 0.000704104895703, 0.000947923224885, 0.000563775829505, 0.000311254087137, 0.000225722440518, 0.000147112092236, 0.000196271910681, 0.000103901482362, 5.03004666825e-05, 0.00013181923714, 7.39827155485e-05, 4.21807817474e-05, 2.51879700954e-05, 2.32579423027e-05, 2.39178170887e-05, 3.08724193019e-05, 2.75410275208e-05, 1.17534518722e-05, 1.26297227325e-05, 1.32382401716e-05, 8.92918797035e-06, 8.72639611771e-06, 1.21219736684e-05, 5.50623371964e-06, 4.29096098742e-06, 4.40635039922e-06, 5.29387443748e-06, 4.72950705444e-06, 3.84682516597e-06, 3.44091063198e-06, 2.17936121771e-06, 1.71206306732e-06, 1.4424794017e-06, 1.47586649746e-06, 1.32509842388e-06, 1.11936014946e-06, 1.09583663743e-06, 1.10510268314e-06],
        "dmean2": [0.00228364649229, 0.00190502835903, 0.00117789395154, 0.00162991567049, 0.000930487236474, 0.000507799442858, 0.000384351675166, 0.000244097071118, 0.00032518862281, 0.000168926315382, 8.05304880487e-05, 0.000206740645808, 0.0001155616701, 6.6661326855e-05, 4.18072086177e-05, 3.73142029275e-05, 3.68438959413e-05, 4.85883574584e-05, 4.45026998932e-05, 1.9432794943e-05, 2.06510485441e-05, 2.04543302971e-05, 1.43219795063e-05, 1.4135092897e-05, 1.91246945178e-05, 8.52320226841e-06, 7.04342892277e-06, 7.12714199835e-06, 8.3245577116e-06, 7.55519977247e-06, 5.89406636209e-06, 5.54226198801e-06, 3.33111006512e-06, 2.56497787632e-06, 2.17581850848e-06, 2.23415281653e-06, 1.9623641947e-06, 1.60355887147e-06, 1.54261704211e-06, 1.48089213781e-06],
        "dvar": [2.97093492918e-06, 3.04612331092e-06, 1.34792867357e-06, 4.99002408105e-06, 5.59315424198e-07, 2.74786884802e-07, 2.01322947646e-07, 1.13145610214e-07, 1.92003753341e-07, 6.08473342822e-08, 1.02754960096e-08, 6.72242066457e-08, 2.13075708189e-08, 1.13112674782e-08, 1.72112402108e-09, 2.61183408234e-09, 2.9115609923e-09, 5.13003017844e-09, 4.6871133641e-09, 5.32097199635e-10, 9.32662946873e-10, 5.60674839889e-10, 1.57718935134e-10, 1.36708616649e-10, 3.34969774141e-10, 5.88550042036e-11, 3.50981084474e-11, 4.75679148848e-11, 5.00053123909e-11, 4.30296111242e-11, 2.83822999825e-11, 2.81623387804e-11, 1.56859161077e-11, 6.72603292506e-12, 6.11868802153e-12, 4.60106475489e-12, 4.70178106518e-12, 2.39829185157e-12, 2.76176672677e-12, 2.59114648141e-12],
        "dvar2": [8.12365124148e-06, 7.73654392106e-06, 3.29335239257e-06, 1.33430085043e-05, 1.50618450334e-06, 7.53135907416e-07, 5.76539946451e-07, 3.16354146435e-07, 5.17509363362e-07, 1.5826273625e-07, 2.55836365426e-08, 1.60528799142e-07, 5.05666832851e-08, 2.48608653663e-08, 4.50198056612e-09, 6.25324236836e-09, 6.30725827122e-09, 1.15268958822e-08, 1.082872636e-08, 1.38311750941e-09, 2.37982922258e-09, 1.28106647512e-09, 3.5452785152e-10, 3.32993133068e-10, 7.97173271838e-10, 1.2921588799e-10, 8.65618202117e-11, 1.17771889463e-10, 1.12372909589e-10, 9.90500736986e-11, 6.05298380862e-11, 7.00304883527e-11, 3.64890929971e-11, 1.39729755544e-11, 1.49407396177e-11, 1.0321338402e-11, 1.0980353779e-11, 5.13328225413e-12, 6.17488829166e-12, 4.80318432597e-12],
        "max": [0.0152210202068, 0.0188884306699, 0.0116327861324, 0.0215200968087, 0.00872253160924, 0.00520041165873, 0.00706589780748, 0.00512833427638, 0.00590903963894, 0.00335284182802, 0.00147721380927, 0.00310791074298, 0.00207347143441, 0.00271511217579, 0.000563734676689, 0.00097881234251, 0.0010301687289, 0.00140876451042, 0.0010617908556, 0.000310647388687, 0.000481805764139, 0.000415138172684, 0.000189475627849, 0.000135319831315, 0.000213703067857, 0.000134285262902, 7.24906567484e-05, 9.16297940421e-05, 0.000142576769576, 0.000113486807095, 8.52486991789e-05, 7.18560622772e-05, 6.81768797222e-05, 4.09780222981e-05, 4.72324645671e-05, 2.52791360253e-05, 3.3466698369e-05, 1.57567919814e-05, 1.84082964552e-05, 1.6763820895e-05],
        "mean": [0.00281224003993, 0.00221334514208, 0.00105978501961, 0.00118761113845, 0.00108402769547, 0.000559394014999, 0.00036802428076, 0.000226552409003, 0.000268648931524, 0.000157445698278, 9.55002979026e-05, 0.00025401901803, 0.000150032617967, 8.21662179078e-05, 4.68239013571e-05, 3.83244623663e-05, 4.36036934843e-05, 5.65345435461e-05, 4.32863052993e-05, 1.98730485863e-05, 2.32006314036e-05, 2.69221400231e-05, 1.78553564183e-05, 1.9192981199e-05, 2.47632142418e-05, 1.18578709589e-05, 9.17760007724e-06, 9.37977438298e-06, 1.33069397634e-05, 1.18768193715e-05, 8.79681738297e-06, 7.51695233703e-06, 4.16360580857e-06, 3.66083031622e-06, 3.19528430737e-06, 3.43836222783e-06, 2.53777511716e-06, 2.27072087e-06, 2.19920775635e-06, 2.11023302654e-06],
        "median": [0.00217813975178, 0.00178442185279, 0.000696449482348, 0.000712823297363, 0.00079862511484, 0.000377593620215, 0.000264517992036, 0.000144225123222, 0.000104315578938, 7.33740016585e-05, 4.99011475767e-05, 7.00034215697e-05, 5.45581387996e-05, 4.12009358115e-05, 2.62256889982e-05, 1.35886839416e-05, 1.4771363567e-05, 2.12074010051e-05, 2.08630208363e-05, 1.17510444397e-05, 1.22996843857e-05, 1.32359728013e-05, 1.2350616089e-05, 1.26161339722e-05, 1.35311365739e-05, 7.69517282606e-06, 6.21080971541e-06, 6.15322005615e-06, 8.31585930428e-06, 7.84743861004e-06, 5.51237371837e-06, 4.33816649092e-06, 1.82571693585e-06, 2.48702735917e-06, 1.78991956545e-06, 2.3229179078e-06, 1.39568692248e-06, 1.40113286307e-06, 1.36010760343e-06, 1.09910206447e-06],
        "min": [8.09192209766e-12, 4.74137291928e-11, 1.07356748491e-10, 1.93122920433e-10, 9.50593631588e-11, 8.41502700855e-11, 1.40311109953e-10, 8.10617753477e-11, 9.74203911985e-11, 1.00471991837e-10, 5.63330319892e-11, 2.99246495639e-11, 1.90095196528e-11, 9.79813886276e-12, 1.37925408941e-11, 7.42705636575e-12, 2.01079474252e-12, 6.65825771254e-12, 1.5512594681e-11, 1.47471635598e-11, 5.34498487137e-12, 9.04416212061e-12, 7.92008472694e-12, 7.8696901426e-12, 6.87350003303e-12, 1.72689369315e-12, 1.69175470074e-12, 4.55400799536e-13, 5.37639594303e-13, 6.25382395609e-13, 2.58712159768e-13, 1.10521157113e-13, 6.28263717092e-14, 1.34391914372e-13, 1.75152576362e-13, 1.58987664071e-13, 1.04667759648e-13, 1.54638956263e-13, 2.83572102432e-13, 1.53004060702e-13],
        "var": [6.66030246066e-06, 4.1004218474e-06, 1.63787115071e-06, 4.04433603762e-06, 1.01481259662e-06, 3.53419494559e-07, 2.35068256416e-07, 1.13029045679e-07, 2.27250879448e-07, 8.53376107557e-08, 2.66134012605e-08, 1.80678554784e-07, 6.44726796395e-08, 3.05953449242e-08, 5.18324494436e-09, 5.50868506366e-09, 7.658592871e-09, 1.33737829699e-08, 6.43918651733e-09, 6.92362500665e-10, 1.63009095111e-09, 1.70614933293e-09, 3.94162869011e-10, 3.83153397898e-10, 8.66801908028e-10, 1.79146406043e-10, 8.64528032496e-11, 1.15107243182e-10, 2.3043626729e-10, 1.74941477971e-10, 9.24491178056e-11, 7.85140841231e-11, 3.87898949072e-11, 2.0236855594e-11, 1.49540605593e-11, 1.39346208183e-11, 1.03873186094e-11, 6.35365544899e-12, 6.41752232952e-12, 7.35897627557e-12]
    },
    "mfcc": {
        "mean": [-603.080810547, 107.152938843, 17.4832000732, 27.3799304962, 3.39518427849, 4.43895578384, 3.51414608955, 2.05029129982, 2.19467496872, -2.99132394791, -2.43977379799, 0.904741227627, -1.95612609386],
        "cov": [[6202.04736328, -146.904006958, -6.94179344177, 36.445350647, 35.537902832, 177.497665405, 213.259140015, -28.615354538, 44.9777030945, 50.694355011, 4.77072906494, 60.099609375, 24.2261791229], [-146.904006958, 335.058624268, -106.403831482, 28.2528095245, -20.4433174133, 16.4620704651, 21.5776367188, 0.49209523201, 6.1441950798, -0.816723227501, 13.0351219177, 8.06311988831, 0.261644542217], [-6.94179344177, -106.403831482, 268.3800354, 4.79513788223, -10.3291711807, 11.421628952, -19.2590370178, -2.57747912407, -14.0175037384, -1.69077527523, -4.27914571762, 11.6185340881, 4.00573539734], [36.445350647, 28.2528095245, 4.79513788223, 154.41494751, 41.0480804443, -19.7270298004, -37.6617584229, 7.56120538712, 12.5866756439, -11.5161466599, -2.19457030296, 34.8488807678, 13.1641044617], [35.537902832, -20.4433174133, -10.3291711807, 41.0480804443, 140.195251465, -23.5239715576, -35.527973175, 1.68177306652, 3.35930395126, 1.89144682884, 10.3287639618, 10.8847255707, 12.1412582397], [177.497665405, 16.4620704651, 11.421628952, -19.7270298004, -23.5239715576, 160.864318848, 60.4193763733, 4.74039983749, -26.4634895325, 7.20059967041, 4.54567813873, -19.4704055786, 17.5846443176], [213.259140015, 21.5776367188, -19.2590370178, -37.6617584229, -35.527973175, 60.4193763733, 142.377365112, 9.67836952209, 7.35334396362, 12.1727657318, -4.99532079697, -5.10478544235, -7.97774171829], [-28.615354538, 0.49209523201, -2.57747912407, 7.56120538712, 1.68177306652, 4.74039983749, 9.67836952209, 68.3228912354, 11.9587755203, 6.48432588577, -2.02511405945, 3.08175182343, 15.2536067963], [44.9777030945, 6.1441950798, -14.0175037384, 12.5866756439, 3.35930395126, -26.4634895325, 7.35334396362, 11.9587755203, 78.954246521, 15.1145391464, 9.27246665955, 8.97235488892, -6.8513045311], [50.694355011, -0.816723227501, -1.69077527523, -11.5161466599, 1.89144682884, 7.20059967041, 12.1727657318, 6.48432588577, 15.1145391464, 60.0789108276, 8.5535774231, 5.62856721878, -2.84847307205], [4.77072906494, 13.0351219177, -4.27914571762, -2.19457030296, 10.3287639618, 4.54567813873, -4.99532079697, -2.02511405945, 9.27246665955, 8.5535774231, 71.8408126831, 7.490629673, 7.46983861923], [60.099609375, 8.06311988831, 11.6185340881, 34.8488807678, 10.8847255707, -19.4704055786, -5.10478544235, 3.08175182343, 8.97235488892, 5.62856721878, 7.490629673, 66.1725997925, 4.69608020782], [24.2261791229, 0.261644542217, 4.00573539734, 13.1641044617, 12.1412582397, 17.5846443176, -7.97774171829, 15.2536067963, -6.8513045311, -2.84847307205, 7.46983861923, 4.69608020782, 64.1561050415]],
