{
"lowlevel": {
    "average_loudness": 0.970337927341,
    "barkbands_crest": {
        "dmean": 2.74185943604,
        "dmean2": 4.51433992386,
        "dvar": 7.42765855789,
        "dvar2": 20.3286628723,
        "max": 23.7503871918,
        "mean": 9.55159950256,
        "median": 8.74261379242,
        "min": 2.77748131752,
        "var": 16.0943717957
    },
    "barkbands_flatness_db": {
        "dmean": 0.0228429511189,
        "dmean2": 0.0345711745322,
        "dvar": 0.00055513123516,
        "dvar2": 0.00118732568808,
        "max": 0.347152382135,
        "mean": 0.123743489385,
        "median": 0.10994592309,
        "min": 0.0305158998817,
        "var": 0.00277717760764
    },
    "barkbands_kurtosis": {
        "dmean": 2.63589000702,
        "dmean2": 4.11220645905,
        "dvar": 32.522480011,
        "dvar2": 62.735912323,
        "max": 91.5433654785,
        "mean": 2.737616539,
        "median": -0.153850317001,
        "min": -1.79546797276,
        "var": 78.4182662964
    },
    "barkbands_skewness": {
        "dmean": 0.587337136269,
        "dmean2": 0.890363812447,
        "dvar": 0.35612103343,
        "dvar2": 0.774896562099,
        "max": 8.35717105865,
        "mean": 1.17809152603,
        "median": 0.909073829651,
        "min": -1.66334009171,
        "var": 1.6959246397
    },
    "barkbands_spread": {
        "dmean": 6.64712285995,
        "dmean2": 10.0578737259,
        "dvar": 48.9820747375,
        "dvar2": 99.7220993042,
        "max": 96.8244781494,
        "mean": 29.1176185608,
        "median": 29.3253479004,
        "min": 1.25793290138,
        "var": 184.82623291
    },
    "dissonance": {
        "dmean": 0.0131429219618,
        "dmean2": 0.021697120741,
        "dvar": 0.000226849762839,
        "dvar2": 0.000574486854021,
        "max": 0.499914050102,
        "mean": 0.475230306387,
        "median": 0.481503069401,
        "min": 0.352847456932,
        "var": 0.00045659620082
    },
    "dynamic_complexity": 2.92858791351,
    "erbbands_crest": {
        "dmean": 2.84243535995,
        "dmean2": 4.56908464432,
        "dvar": 8.11747646332,
        "dvar2": 18.4536552429,
        "max": 29.4534034729,
        "mean": 9.43250656128,
        "median": 7.67380094528,
        "min": 2.31706357002,
        "var": 30.6905155182
    },
    "erbbands_flatness_db": {
        "dmean": 0.0172720942646,
        "dmean2": 0.0249910205603,
        "dvar": 0.000295182981063,
        "dvar2": 0.000536552397534,
        "max": 0.321419358253,
        "mean": 0.153957024217,
        "median": 0.148525282741,
        "min": 0.0540164336562,
        "var": 0.00168664590456
    },
    "erbbands_kurtosis": {
        "dmean": 1.01404678822,
        "dmean2": 1.60398614407,
        "dvar": 2.16376256943,
        "dvar2": 4.56398010254,
        "max": 19.1108913422,
        "mean": 0.559339225292,
        "median": -0.0551996231079,
        "min": -1.86065208912,
        "var": 4.88331031799
    },
    "erbbands_skewness": {
        "dmean": 0.358074873686,
        "dmean2": 0.527387797832,
        "dvar": 0.125130072236,
        "dvar2": 0.25099593401,
        "max": 3.79462361336,
        "mean": -0.261892616749,
        "median": -0.345010370016,
        "min": -3.30287981033,
        "var": 0.553390920162
    },
    "erbbands_spread": {
        "dmean": 9.0757226944,
        "dmean2": 13.4080476761,
        "dvar": 105.239952087,
        "dvar2": 209.406448364,
        "max": 180.153717041,
        "mean": 39.5228652954,
        "median": 35.9213218689,
        "min": 4.65250825882,
        "var": 488.041870117
    },
    "hfc": {
        "dmean": 5.63359737396,
        "dmean2": 8.63508892059,
        "dvar": 51.8663291931,
        "dvar2": 120.01374054,
        "max": 86.8699874878,
        "mean": 22.4698028564,
        "median": 20.2996101379,
        "min": 2.91695613441e-07,
        "var": 261.470794678
    },
    "melbands_crest": {
        "dmean": 3.0903263092,
        "dmean2": 5.03592586517,
        "dvar": 7.73079824448,
        "dvar2": 20.4439373016,
        "max": 29.3706073761,
        "mean": 14.5822248459,
        "median": 13.7454814911,
        "min": 4.68380641937,
        "var": 25.1945991516
    },
    "melbands_flatness_db": {
        "dmean": 0.0289948266,
        "dmean2": 0.0433858036995,
        "dvar": 0.000896753161214,
        "dvar2": 0.00201279344037,
        "max": 0.460460811853,
        "mean": 0.18617759645,
        "median": 0.171030431986,
        "min": 0.0482365339994,
        "var": 0.00479593733326
    },
    "melbands_kurtosis": {
        "dmean": 8.77602291107,
        "dmean2": 13.3507852554,
        "dvar": 322.734832764,
        "dvar2": 647.771728516,
        "max": 259.00970459,
        "mean": 14.6035394669,
        "median": 4.70036125183,
        "min": -1.79709398746,
        "var": 900.049316406
    },
    "melbands_skewness": {
        "dmean": 0.86091786623,
        "dmean2": 1.30923485756,
        "dvar": 0.90536159277,
        "dvar2": 1.99851810932,
        "max": 14.3787498474,
        "mean": 2.66714334488,
        "median": 2.17745018005,
        "min": -0.995498716831,
        "var": 4.34982299805
    },
    "melbands_spread": {
        "dmean": 9.15875339508,
        "dmean2": 14.120470047,
        "dvar": 93.7683410645,
        "dvar2": 225.596710205,
        "max": 127.202354431,
        "mean": 31.5552921295,
        "median": 30.0601654053,
        "min": 0.90879714489,
        "var": 346.999023438
    },
    "pitch_salience": {
        "dmean": 0.0702162086964,
        "dmean2": 0.114984735847,
        "dvar": 0.00447924155742,
        "dvar2": 0.0125741437078,
        "max": 0.797227919102,
        "mean": 0.526440262794,
        "median": 0.52857786417,
        "min": 0.0749550461769,
        "var": 0.0100314747542
    },
    "silence_rate_20dB": {
        "dmean": 0,
        "dmean2": 0,
        "dvar": 0,
        "dvar2": 0,
        "max": 1,
        "mean": 1,
        "median": 1,
        "min": 1,
        "var": 0
    },
    "silence_rate_30dB": {
        "dmean": 0,
        "dmean2": 0,
        "dvar": 0,
        "dvar2": 0,
        "max": 1,
        "mean": 1,
        "median": 1,
        "min": 1,
        "var": 0
    },
    "silence_rate_60dB": {
        "dmean": 0.00154798757285,
        "dmean2": 0.00309837330133,
        "dvar": 0.0015455794055,
        "dvar2": 0.00308882561512,
        "max": 1,
        "mean": 0.039443153888,
        "median": 0,
        "min": 0,
        "var": 0.0378879979253
    },
    "spectral_centroid": {
        "dmean": 299.821685791,
        "dmean2": 449.490509033,
        "dvar": 146562.359375,
        "dvar2": 232211.828125,
        "max": 10963.8447266,
        "mean": 1710.12524414,
        "median": 1768.98010254,
        "min": 201.961593628,
        "var": 435710.5625
    },
    "spectral_complexity": {
        "dmean": 3.93808054924,
        "dmean2": 6.03872966766,
        "dvar": 16.1308269501,
        "dvar2": 34.1162719727,
        "max": 55,
        "mean": 24.8244400024,
        "median": 26,
        "min": 0,
        "var": 182.429260254
    },
    "spectral_decrease": {
        "dmean": 2.11188533328e-09,
        "dmean2": 3.4195259957e-09,
        "dvar": 8.86383252482e-18,
        "dvar2": 2.08500998085e-17,
        "max": -1.0213940177e-17,
        "mean": -6.22519813476e-09,
        "median": -5.59604673711e-09,
        "min": -2.44399505078e-08,
        "var": 1.47328659137e-17
    },
    "spectral_energy": {
        "dmean": 0.00827835034579,
        "dmean2": 0.0133424578235,
        "dvar": 0.000132198838401,
        "dvar2": 0.000310007482767,
        "max": 0.0976031199098,
        "mean": 0.0255333743989,
        "median": 0.0231481939554,
        "min": 6.50074091779e-11,
        "var": 0.000236945110373
    },
    "spectral_energyband_high": {
        "dmean": 0.000324256630847,
        "dmean2": 0.000502210692503,
        "dvar": 4.42975164106e-07,
        "dvar2": 8.77289721757e-07,
        "max": 0.00969940703362,
        "mean": 0.000865138601512,
        "median": 0.000575413345359,
        "min": 1.60604411714e-11,
        "var": 1.22712037864e-06
    },
    "spectral_energyband_low": {
        "dmean": 0.00455194059759,
        "dmean2": 0.0076404302381,
        "dvar": 5.07988588652e-05,
        "dvar2": 0.000138947594678,
        "max": 0.0561986938119,
        "mean": 0.00928702112287,
        "median": 0.00728997588158,
        "min": 9.0104330247e-12,
        "var": 6.22808511253e-05
    },
    "spectral_energyband_middle_high": {
        "dmean": 0.00228082039393,
        "dmean2": 0.00349435792305,
        "dvar": 9.46629552345e-06,
        "dvar2": 2.23644838115e-05,
        "max": 0.0405560135841,
        "mean": 0.00757039897144,
        "median": 0.00610106345266,
        "min": 2.55798993098e-11,
        "var": 4.67972058686e-05
    },
    "spectral_energyband_middle_low": {
        "dmean": 0.00481820572168,
        "dmean2": 0.00745056197047,
        "dvar": 8.61665103002e-05,
        "dvar2": 0.00019050197443,
        "max": 0.0823805779219,
        "mean": 0.00893290992826,
        "median": 0.00591938430443,
        "min": 1.17858587473e-11,
        "var": 0.000111328903586
    },
    "spectral_entropy": {
        "dmean": 0.147610753775,
        "dmean2": 0.210230723023,
        "dvar": 0.0316742956638,
        "dvar2": 0.0502034239471,
        "max": 9.80836296082,
        "mean": 7.69564580917,
        "median": 7.78120422363,
        "min": 5.94045829773,
        "var": 0.147818565369
    },
    "spectral_flux": {
        "dmean": 0.0246703196317,
        "dmean2": 0.0383923649788,
        "dvar": 0.000843903108034,
        "dvar2": 0.00191895465832,
        "max": 0.270635068417,
        "mean": 0.0850248038769,
        "median": 0.076378017664,
        "min": 2.09832742257e-05,
        "var": 0.00206974474713
    },
    "spectral_kurtosis": {
        "dmean": 1.35508728027,
        "dmean2": 2.26072263718,
        "dvar": 2.39344620705,
        "dvar2": 6.29385328293,
        "max": 24.5941028595,
        "mean": 4.26841259003,
        "median": 3.95759534836,
        "min": -1.1985809803,
        "var": 6.13071060181
    },
    "spectral_rms": {
        "dmean": 0.000740775896702,
        "dmean2": 0.00116810831241,
        "dvar": 7.84708390711e-07,
        "dvar2": 1.79060737082e-06,
        "max": 0.00975820422173,
        "mean": 0.00474199047312,
        "median": 0.0047522210516,
        "min": 2.51836979714e-07,
        "var": 2.42419696406e-06
    },
    "spectral_rolloff": {
        "dmean": 541.147521973,
        "dmean2": 856.042480469,
        "dvar": 661682.75,
        "dvar2": 1322223.375,
        "max": 12252.3925781,
        "mean": 1764.68933105,
        "median": 1679.58984375,
        "min": 86.1328125,
        "var": 1662284.875
    },
    "spectral_skewness": {
        "dmean": 0.189022094011,
        "dmean2": 0.304470419884,
        "dvar": 0.0398701317608,
        "dvar2": 0.0916508734226,
        "max": 3.62162065506,
        "mean": 1.32719290257,
        "median": 1.29459428787,
        "min": 0.0427636951208,
        "var": 0.130794748664
    },
    "spectral_spread": {
        "dmean": 494098.21875,
        "dmean2": 654833.0625,
        "dvar": 1.5064849449e+12,
        "dvar2": 1.6329244672e+12,
        "max": 40450324,
        "mean": 4132358.25,
        "median": 3768022.5,
        "min": 1910591.25,
        "var": 3.08487494042e+12
    },
    "spectral_strongpeak": {
        "dmean": 0.624453902245,
        "dmean2": 1.09298467636,
        "dvar": 1.58578467369,
        "dvar2": 4.36624622345,
        "max": 11.3473482132,
        "mean": 0.91663813591,
        "median": 0.392882704735,
        "min": 2.56376915786e-05,
        "var": 1.92938745022
    },
    "zerocrossingrate": {
        "dmean": 0.0100808162242,
        "dmean2": 0.0120322937146,
        "dvar": 0.000175672335899,
        "dvar2": 0.000180051385541,
        "max": 0.40380859375,
        "mean": 0.0643213316798,
        "median": 0.06201171875,
        "min": 0.00537109375,
        "var": 0.00082860927796
    },
    "barkbands": {
        "dmean": [7.06423015799e-05, 0.00296434876509, 0.0019343032036, 0.00137352035381, 0.00301393889822, 0.000594306678977, 0.00078868411947, 0.000374079303583, 0.000310362374876, 0.000663247192279, 0.000357208889909, 0.000373034243239, 0.000605966721196, 0.000447411061032, 0.000506356533151, 0.000532296078745, 0.000376185431378, 0.000222835791647, 0.000272380595561, 0.000169871258549, 0.000115723792987, 8.39356143842e-05, 6.21463987045e-05, 4.39538889623e-05, 3.34115575242e-05, 9.79755986918e-06, 5.37042978976e-07],
        "dmean2": [0.000123509482364, 0.00496784225106, 0.00324205192737, 0.0023267888464, 0.00486037740484, 0.000958037795499, 0.00129228108563, 0.000609146081842, 0.000517727807164, 0.00100811873563, 0.000557605584618, 0.000600664468948, 0.000977054005489, 0.000698416784871, 0.00082677725004, 0.000820387736894, 0.000625878572464, 0.000365342042642, 0.000443088501925, 0.000283126049908, 0.000189796293853, 0.000138187970151, 9.51992187765e-05, 6.0593985836e-05, 4.97884029755e-05, 1.5080769117e-05, 8.75018201896e-07],
        "dvar": [2.05691446098e-08, 2.95548434224e-05, 9.85426777333e-06, 5.99128225076e-06, 4.96754655614e-05, 9.53394874159e-07, 2.33989862863e-06, 1.35239349675e-06, 8.24788230602e-07, 2.21586037696e-06, 1.41461532621e-06, 7.90258127381e-07, 2.15118006963e-06, 9.31285626393e-07, 2.08461801776e-06, 1.16760782021e-06, 4.85220255086e-07, 1.77954632363e-07, 1.73123822833e-07, 5.67343931834e-08, 3.61307819219e-08, 4.65848266629e-08, 2.91257205021e-08, 2.48679281611e-08, 1.15413394397e-08, 3.89772464304e-10, 1.12259615666e-12],
        "dvar2": [5.56749846226e-08, 8.16088358988e-05, 2.58923173533e-05, 1.53650744323e-05, 0.000118173156807, 2.38808661379e-06, 5.73238048673e-06, 3.43196120411e-06, 1.91958656615e-06, 4.77324692838e-06, 3.22407527165e-06, 1.85141459497e-06, 5.3747844504e-06, 1.93275468519e-06, 5.50669756194e-06, 2.75910292657e-06, 1.30239743612e-06, 4.42421765001e-07, 4.24223117079e-07, 1.36137643381e-07, 9.27189134359e-08, 9.90951747326e-08, 6.03579621838e-08, 4.13296810109e-08, 2.35024657513e-08, 8.81033024314e-10, 2.62992687523e-12],
        "max": [0.00121508608572, 0.0391855873168, 0.0310077928007, 0.0283427480608, 0.0556822493672, 0.0115698352456, 0.0253372211009, 0.0203593205661, 0.0178725402802, 0.0289454013109, 0.023623643443, 0.0128358881921, 0.0285326018929, 0.015177433379, 0.0268701948225, 0.0157310310751, 0.0131628131494, 0.00705112237483, 0.0050795651041, 0.00350050069392, 0.00331547833048, 0.00414845440537, 0.00258090067655, 0.00348676880822, 0.0017725864891, 0.000308869406581, 1.37845099744e-05],
        "mean": [5.7545817981e-05, 0.004574354738, 0.00377984135412, 0.00185515137855, 0.00358127942309, 0.00102326576598, 0.00112146534957, 0.000502409471665, 0.000418052601162, 0.00134877732489, 0.000481283583213, 0.000567494833376, 0.000957071664743, 0.000730240019038, 0.00076349102892, 0.000939389923587, 0.000755198707338, 0.000420114432927, 0.000570673786569, 0.000402763747843, 0.000269710086286, 0.000151451517013, 0.000114352689707, 7.21506876289e-05, 5.77788014198e-05, 1.73963690031e-05, 7.08491938894e-07],
        "median": [1.66097725014e-05, 0.00309616373852, 0.0020211560186, 0.00101381342392, 0.00133920949884, 0.00057309406111, 0.00045390118612, 0.000134173926199, 0.000184549731785, 0.00040277079097, 0.000170599145349, 0.000248460914008, 0.000303518085275, 0.000348445319105, 0.000317390979035, 0.000495014770422, 0.000444540113676, 0.000219732886762, 0.000398022908485, 0.000322284497088, 0.000191481158254, 7.65876029618e-05, 5.00168171129e-05, 2.30223504332e-05, 2.95518293569e-05, 8.41301698529e-06, 2.05845324786e-07],
        "min": [5.36623089714e-12, 8.39065362329e-13, 2.54158499802e-12, 5.12657537949e-12, 2.83756460169e-12, 1.14560552884e-12, 3.18207699773e-13, 1.35461086792e-13, 1.82979369504e-12, 1.17190231044e-12, 8.7081080194e-13, 1.2191040278e-12, 7.11875653911e-12, 1.26339227708e-12, 1.44631854236e-12, 1.25502397103e-12, 2.7655964541e-13, 1.4800429762e-12, 1.04736456053e-12, 1.35425232226e-12, 6.66062799533e-13, 9.45048943615e-13, 9.33352570578e-13, 2.87079691616e-12, 2.04001789419e-12, 3.52222526319e-12, 4.3236208884e-12],
        "var": [1.61889897043e-08, 2.84934430965e-05, 2.27551572607e-05, 6.74607281326e-06, 5.03304472659e-05, 1.6145651216e-06, 3.50878417521e-06, 1.73458647623e-06, 1.00776696854e-06, 9.68721633399e-06, 1.92848415281e-06, 1.466085223e-06, 4.95987160321e-06, 1.85706392131e-06, 2.42434657594e-06, 2.54823385148e-06, 1.40200779697e-06, 4.26881882731e-07, 4.39742279923e-07, 1.60482997558e-07, 8.07017954685e-08, 9.17830007552e-08, 6.09485084624e-08, 5.88331694473e-08, 1.73522405333e-08, 6.78094469464e-10, 1.64078581451e-12]
    },
    "erbbands": {
        "dmean": [0.0535843446851, 0.772551655769, 2.15497493744, 3.0961098671, 12.071349144, 6.29348039627, 4.56491136551, 5.00008487701, 11.5636816025, 8.00053787231, 7.3335442543, 6.92716741562, 14.238494873, 21.698551178, 11.1392831802, 17.03881073, 29.7478561401, 21.9035644531, 25.2235736847, 22.2352485657, 28.3989219666, 17.856092453, 11.863243103, 14.6438570023, 10.9832344055, 7.77152824402, 5.84120988846, 3.6736035347, 3.03605532646, 2.49482750893, 1.69336867332, 0.841888785362, 0.81192189455, 0.490889638662, 0.1730722785, 0.0593406558037, 0.0142683144659, 0.00234983162954, 5.57897474209e-05, 1.02648273241e-05],
        "dmean2": [0.0932732224464, 1.29080557823, 3.58429288864, 5.28936910629, 19.6685504913, 10.3326597214, 7.30329799652, 8.17622089386, 19.0734462738, 12.8253126144, 12.1002235413, 11.4726190567, 22.2928733826, 33.1919555664, 17.6600170135, 26.7644138336, 47.5551338196, 33.8238258362, 41.4851875305, 35.1741218567, 44.012588501, 28.9748744965, 18.8007850647, 23.7583122253, 17.8819351196, 12.5948352814, 9.6104516983, 6.0519285202, 4.99572324753, 3.87753939629, 2.59145140648, 1.19420981407, 1.16376435757, 0.730372190475, 0.260568499565, 0.0894143879414, 0.0225301198661, 0.00364912138321, 8.67441485752e-05, 1.61386451509e-05],
        "dvar": [0.0159179493785, 1.8015666008, 11.4757165909, 22.6268768311, 862.673278809, 187.790420532, 59.3501853943, 80.3004379272, 571.117919922, 262.911804199, 793.010375977, 483.267944336, 1151.58532715, 3568.81469727, 759.450195312, 1472.51330566, 5079.42138672, 2784.51660156, 4215.51171875, 3027.73291016, 3450.91723633, 1295.53686523, 534.321960449, 696.667114258, 208.905670166, 116.744628906, 102.635681152, 38.1842002869, 57.0652313232, 45.264629364, 23.0893592834, 9.15610218048, 8.8796710968, 3.21372818947, 0.17297655344, 0.0142663922161, 0.000802145921625, 2.35446550505e-05, 1.21767982364e-08, 1.87447488087e-10],
        "dvar2": [0.0438561812043, 5.01089000702, 30.3660373688, 60.4066963196, 2070.58544922, 464.653839111, 133.922271729, 208.477920532, 1397.97961426, 615.555480957, 2040.60595703, 1125.12036133, 2514.73901367, 7943.08447266, 1856.12243652, 3336.20825195, 12541.4267578, 5483.95605469, 10867.9150391, 7975.26806641, 7904.31689453, 3564.54638672, 1301.94665527, 1796.34472656, 545.129577637, 275.434997559, 248.647079468, 97.3131408691, 128.078735352, 93.1281356812, 47.1654472351, 19.6177864075, 13.4882965088, 6.32513618469, 0.347707897425, 0.0308857578784, 0.00180166470818, 5.28002965439e-05, 2.69558455557e-08, 4.30228547232e-10],
        "max": [0.889674723148, 9.63269901276, 32.9377098083, 53.8137054443, 242.069335938, 125.974777222, 90.979019165, 109.037033081, 434.930541992, 215.521942139, 485.536560059, 428.451385498, 740.754211426, 1087.44372559, 461.991027832, 608.080871582, 1274.44909668, 892.380310059, 1470.49353027, 984.084350586, 1039.57165527, 870.622192383, 454.956176758, 385.387908936, 214.986999512, 154.468109131, 199.389709473, 84.8345413208, 136.005493164, 134.568634033, 70.191444397, 71.641242981, 62.5828514099, 28.0995426178, 7.80364942551, 1.86479377747, 0.456373125315, 0.0768081992865, 0.00165659945924, 0.000118918462249],
        "mean": [0.0600512288511, 1.28370034695, 4.47420406342, 5.38602304459, 13.3077354431, 7.90012407303, 7.83617258072, 8.07470035553, 16.8791236877, 11.9918403625, 10.2801628113, 10.1559534073, 27.9098205566, 40.4876899719, 19.1449108124, 28.1853256226, 48.9606819153, 38.0178833008, 43.525554657, 36.9247589111, 54.3759613037, 39.4212036133, 25.3297672272, 29.3906040192, 25.1989421844, 18.7538814545, 13.8429813385, 8.24065303802, 5.60579299927, 4.64063310623, 3.03947043419, 1.40132033825, 1.31303143501, 0.798619031906, 0.321563094854, 0.106245286763, 0.0253940597177, 0.00392576213926, 0.000105667939351, 3.48660178133e-05],
        "median": [0.0290150493383, 0.928784549236, 2.9427895546, 3.488458395, 4.08488988876, 3.51331090927, 3.78026795387, 4.42178726196, 7.31247615814, 4.61494541168, 3.40853381157, 4.82108449936, 10.7126626968, 11.069940567, 9.66701984406, 13.4342832565, 17.1983413696, 18.2601146698, 21.15117836, 18.8995990753, 30.084400177, 23.5814933777, 14.4266004562, 17.2678813934, 19.7240257263, 14.753320694, 9.72841930389, 5.88039302826, 3.00572443008, 2.16063189507, 1.25403547287, 0.497239798307, 0.404212236404, 0.357912302017, 0.177569627762, 0.0547811202705, 0.0114960735664, 0.00151613133494, 5.41588960914e-05, 3.14791104756e-05],
        "min": [7.45025638405e-11, 8.261616391e-11, 1.7690257037e-09, 1.29827695261e-08, 7.65813368275e-09, 1.47069743051e-08, 7.54991535956e-09, 1.1941867939e-08, 6.2750662444e-09, 1.96686555931e-09, 6.98830415757e-09, 4.54269510897e-08, 3.76901283516e-08, 4.11488656482e-08, 3.86828631349e-08, 7.67130643453e-08, 3.69760101648e-07, 1.0949412399e-07, 4.50240449368e-08, 8.07550932791e-08, 7.57094298365e-08, 2.41512072563e-08, 9.3407948043e-08, 3.91746688422e-08, 7.45100265931e-08, 5.34110853323e-08, 3.63229908373e-08, 2.93550890262e-08, 3.48373241366e-08, 2.83313408289e-08, 2.72407163493e-08, 6.75458124988e-08, 3.62386849417e-08, 2.0975756243e-08, 1.79997865501e-08, 1.46527892042e-08, 5.99056182438e-09, 2.15423456851e-09, 5.54538581721e-10, 7.00090610484e-11],
        "var": [0.011514431797, 1.84760189056, 24.6324748993, 31.3256053925, 827.45135498, 187.364227295, 125.630233765, 126.386047363, 810.590759277, 410.189910889, 964.872192383, 551.941345215, 3431.31933594, 13053.5996094, 1248.37792969, 3143.80786133, 12044.2988281, 5579.72021484, 6111.37939453, 4100.03857422, 7741.12548828, 3765.27807617, 1504.53930664, 1583.30786133, 613.95526123, 348.551818848, 225.005249023, 80.8153991699, 109.243453979, 90.2077407837, 49.2064285278, 17.5795059204, 20.805141449, 4.79792690277, 0.326167285442, 0.0274019949138, 0.00136641785502, 3.88105363527e-05, 2.12506847674e-08, 4.22109208698e-10]
    },
    "gfcc": {
        "mean": [4.99802303314, 90.0996780396, -126.533920288, 47.4953956604, -42.6019020081, 15.3815031052, -34.8048248291, 8.15557670593, -30.8019962311, 5.72641277313, -19.3925819397, -1.32823300362, -10.824054718],
        "cov": [[8101.29492188, -645.880859375, -475.891052246, 251.410919189, -392.87121582, 91.6947631836, -311.99621582, 198.59135437, 75.7947616577, 17.5874156952, -227.965240479, 148.066650391, -24.8154411316], [-645.880859375, 833.734436035, -182.061355591, -127.433097839, 204.771209717, -122.997741699, 165.503662109, -101.484169006, 12.5809955597, -14.0915412903, 87.2604064941, -93.5829925537, 81.7842941284], [-475.891052246, -182.061355591, 716.871337891, 175.575195312, 6.08874559402, 93.6220703125, -54.7642326355, 3.71836233139, -15.0123615265, -22.9689655304, -59.3957595825, -5.74305009842, -51.4841575623], [251.410919189, -127.433097839, 175.575195312, 267.624542236, -23.9450206757, 3.5568253994, -57.0565910339, 15.6402187347, 20.7160568237, -39.6669158936, -27.5814228058, 7.07725429535, 8.0899553299], [-392.87121582, 204.771209717, 6.08874559402, -23.9450206757, 225.148971558, 1.62614583969, 77.2736816406, -4.23156356812, -13.0888185501, 7.6124958992, 9.57656955719, -31.4033508301, 7.7060046196], [91.6947631836, -122.997741699, 93.6220703125, 3.5568253994, 1.62614583969, 170.015075684, 35.687171936, -3.11577439308, -23.93983078, -4.95050859451, -8.14342784882, -5.05693721771, -7.02468538284], [-311.99621582, 165.503662109, -54.7642326355, -57.0565910339, 77.2736816406, 35.687171936, 144.353652954, 6.09826946259, -15.3605060577, -2.53226828575, 17.1968898773, -20.2788200378, 21.2781639099], [198.59135437, -101.484169006, 3.71836233139, 15.6402187347, -4.23156356812, -3.11577439308, 6.09826946259, 131.292541504, 55.0574951172, 19.1287231445, -2.06893610954, 26.8296604156, 8.03892040253], [75.7947616577, 12.5809955597, -15.0123615265, 20.7160568237, -13.0888185501, -23.93983078, -15.3605060577, 55.0574951172, 98.9611816406, 31.6759719849, 20.1272983551, 6.39388275146, 2.43464875221], [17.5874156952, -14.0915412903, -22.9689655304, -39.6669158936, 7.6124958992, -4.95050859451, -2.53226828575, 19.1287231445, 31.6759719849, 93.5956954956, 41.6140632629, 18.8504238129, -19.7398052216], [-227.965240479, 87.2604064941, -59.3957595825, -27.5814228058, 9.57656955719, -8.14342784882, 17.1968898773, -2.06893610954, 20.1272983551, 41.6140632629, 107.878921509, 13.5156068802, 9.16160774231], [148.066650391, -93.5829925537, -5.74305009842, 7.07725429535, -31.4033508301, -5.05693721771, -20.2788200378, 26.8296604156, 6.39388275146, 18.8504238129, 13.5156068802, 82.3539505005, 16.1636161804], [-24.8154411316, 81.7842941284, -51.4841575623, 8.0899553299, 7.7060046196, -7.02468538284, 21.2781639099, 8.03892040253, 2.43464875221, -19.7398052216, 9.16160774231, 16.1636161804, 87.9400253296]],
        "icov": [[0.000234624705627, -0.000479188776808, 0.000408508465625, -0.000458206253825, 0.000407917919802, -0.000788013450801, 0.000839318381622, -0.000760418130085, 0.000444107252406, -0.000443633995019, 0.000859623367433, -0.000499520276207, 0.00045128329657], [-0.000479188776808, 0.00630649831146, -0.00133395416196, 0.00253139273264, -0.003389892634, 0.00607834896073, -0.0062918276526, 0.00662918854505, -0.0048769894056, 0.00254632742144, -0.00453754793853, 0.00460742739961, -0.00498266611248], [0.000408508465625, -0.00133395416196, 0.00276696844958, -0.00217040837742, 0.000521235517226, -0.00288585061207, 0.00247171265073, -0.00192118668929, 0.00144794897642, -0.00105451443233, 0.00232865940779, -0.00129900849424, 0.00219616200775], [-0.000458206253825, 0.00253139273264, -0.00217040837742, 0.00684124510735, -0.00177590665407, 0.00283828633837, -0.00123117642943, 0.00277627864853, -0.00380243640393, 0.00403040461242, -0.00263851485215, 0.00163989292923, -0.00297362008132], [0.000407917919802, -0.003389892634, 0.000521235517226, -0.00177590665407, 0.00786171201617, -0.00253593293019, 0.000444235338364, -0.00390208605677, 0.0036389506422, -0.00308220461011, 0.00281037506647, -0.00062896538293, 0.00212419382297], [-0.000788013450801, 0.00607834896073, -0.00288585061207, 0.00283828633837, -0.00253593293019, 0.0136493211612, -0.00928154308349, 0.00654211593792, -0.00321647012606, 0.00230958964676, -0.00508442753926, 0.00479328772053, -0.00460941810161], [0.000839318381622, -0.0062918276526, 0.00247171265073, -0.00123117642943, 0.000444235338364, -0.00928154308349, 0.0183169487864, -0.00915914680809, 0.00650811055675, -0.00194618816022, 0.00368979433551, -0.00248790252954, 0.00272932671942], [-0.000760418130085, 0.00662918854505, -0.00192118668929, 0.00277627864853, -0.00390208605677, 0.00654211593792, -0.00915914680809, 0.0188624877483, -0.0121047021821, 0.00253205699846, -0.00303743057884, 0.000951425579842, -0.00535842915997], [0.000444107252406, -0.0048769894056, 0.00144794897642, -0.00380243640393, 0.0036389506422, -0.00321647012606, 0.00650811055675, -0.0121047021821, 0.0207394659519, -0.00707898009568, 0.00151149532758, 9.97211755021e-05, 0.00247544702142], [-0.000443633995019, 0.00254632742144, -0.00105451443233, 0.00403040461242, -0.00308220461011, 0.00230958964676, -0.00194618816022, 0.00253205699846, -0.00707898009568, 0.0193812102079, -0.00786836724728, -0.00224898918532, 0.00299217132851], [0.000859623367433, -0.00453754793853, 0.00232865940779, -0.00263851485215, 0.00281037506647, -0.00508442753926, 0.00368979433551, -0.00303743057884, 0.00151149532758, -0.00786836724728, 0.0173105597496, -0.00523464847356, 0.00215166248381], [-0.000499520276207, 0.00460742739961, -0.00129900849424, 0.00163989292923, -0.00062896538293, 0.00479328772053, -0.00248790252954, 0.000951425579842, 9.97211755021e-05, -0.00224898918532, -0.00523464847356, 0.0201219730079, -0.00804493483156], [0.00045128329657, -0.00498266611248, 0.00219616200775, -0.00297362008132, 0.00212419382297, -0.00460941810161, 0.00272932671942, -0.00535842915997, 0.00247544702142, 0.00299217132851, 0.00215166248381, -0.00804493483156, 0.0188246406615]]
    },
    "melbands": {
        "dmean": [0.000666729756631, 0.00107842218131, 0.000759494956583, 0.000753692409489, 0.00014823199308, 0.000115653623652, 0.000171108622453, 8.51149161463e-05, 5.88075417909e-05, 4.36219925177e-05, 7.27733495296e-05, 9.18596997508e-05, 4.26185179094e-05, 3.96740942961e-05, 5.91743737459e-05, 5.67587485421e-05, 4.48378268629e-05, 4.17252267653e-05, 3.47638197127e-05, 3.45824337273e-05, 3.6666613596e-05, 2.1411684429e-05, 1.87426685443e-05, 9.02430656424e-06, 1.36393073262e-05, 1.00121797004e-05, 7.37937534723e-06, 5.1996048569e-06, 4.54939890915e-06, 2.8794922855e-06, 2.28872499974e-06, 1.83060933523e-06, 1.67654388861e-06, 1.41298880862e-06, 1.20296010664e-06, 4.98179815622e-07, 5.96389156726e-07, 5.66516348499e-07, 5.94300331613e-07, 3.78546417323e-07],
        "dmean2": [0.00113480282016, 0.00179147068411, 0.00124920369126, 0.00122588663362, 0.000241571047809, 0.000187753044884, 0.000280457577901, 0.0001347456855, 9.64578284766e-05, 7.21077449271e-05, 0.000114158428914, 0.000139686642797, 6.61557569401e-05, 6.40882644802e-05, 9.28934168769e-05, 9.14207848837e-05, 6.92026223987e-05, 6.76992713124e-05, 5.73161960347e-05, 5.38303538633e-05, 5.84630397498e-05, 3.56255441147e-05, 3.02637654386e-05, 1.43604456753e-05, 2.2286476451e-05, 1.63272743521e-05, 1.22247201944e-05, 8.56864426169e-06, 7.54136908654e-06, 4.84127212985e-06, 3.79248695026e-06, 3.02539751829e-06, 2.69640395345e-06, 2.22580843001e-06, 1.86410613878e-06, 7.57026100473e-07, 8.7311104835e-07, 8.52264918194e-07, 8.5895283064e-07, 5.71190469145e-07],
        "dvar": [1.8608592427e-06, 2.67920177066e-06, 1.81315294867e-06, 3.25634050569e-06, 6.09163421927e-08, 4.21334931389e-08, 1.14839977527e-07, 3.15178922961e-08, 4.75723851423e-08, 1.61394435594e-08, 3.02048128731e-08, 6.16128161823e-08, 1.3441902702e-08, 8.19252754525e-09, 1.33989930262e-08, 2.5737882936e-08, 1.18845520092e-08, 9.1194118923e-09, 1.27943113881e-08, 5.84389292513e-09, 5.35982014327e-09, 2.12922413034e-09, 1.80645975956e-09, 2.65134469934e-10, 6.37162267392e-10, 2.13933995519e-10, 1.01145473941e-10, 6.30080362884e-11, 6.22563597896e-11, 1.98234085397e-11, 1.55043547445e-11, 1.87275559643e-11, 2.34065596766e-11, 1.39400400945e-11, 1.25516480889e-11, 1.96544863718e-12, 6.02726115545e-12, 4.49600816646e-12, 5.14711233704e-12, 1.71393563404e-12],
        "dvar2": [5.14286148245e-06, 7.33489150662e-06, 4.38904680777e-06, 7.84728763392e-06, 1.43018155541e-07, 1.08551446942e-07, 2.81415111658e-07, 7.24466744373e-08, 1.22097077337e-07, 3.71766830654e-08, 6.57929177805e-08, 1.35823526648e-07, 3.0472072865e-08, 2.02784473657e-08, 2.74702003367e-08, 5.9715702605e-08, 2.25170424528e-08, 2.30140422275e-08, 3.4922724268e-08, 1.40867806309e-08, 1.24177583771e-08, 5.92298610158e-09, 4.90052620705e-09, 6.1027866094e-10, 1.64448077378e-09, 5.20506804325e-10, 2.84459594768e-10, 1.46961540159e-10, 1.54163889987e-10, 5.25900017978e-11, 3.98142456504e-11, 4.44312711623e-11, 4.62375589205e-11, 3.03905720034e-11, 2.71070648566e-11, 3.94739883142e-12, 1.43029936853e-11, 6.97089608259e-12, 9.39914552439e-12, 3.50309017905e-12],
        "max": [0.00969694275409, 0.0151963103563, 0.0131844552234, 0.0142551641911, 0.00293986639008, 0.00286884093657, 0.00578128593042, 0.00196744990535, 0.00331067340448, 0.0023646550253, 0.00369635061361, 0.00479723978788, 0.00195060693659, 0.00123661966063, 0.00178258365486, 0.00384984211996, 0.00197979318909, 0.00200879643671, 0.00228607701138, 0.00103583582677, 0.00130790134426, 0.00111192942131, 0.00109778635669, 0.000257230742136, 0.000355558033334, 0.000269478536211, 0.00017665073392, 0.000119444986922, 0.00014554009249, 7.03448167769e-05, 5.12060250912e-05, 6.67639324092e-05, 0.000113651592983, 5.80024789087e-05, 5.40197579539e-05, 3.34898431902e-05, 5.92520191276e-05, 4.44589786639e-05, 3.65379746654e-05, 2.45746487053e-05],
        "mean": [0.000923033920117, 0.00220842659473, 0.00118590705097, 0.000853740493767, 0.000258067680988, 0.000189638303709, 0.000250734650763, 0.000124791404232, 8.10391502455e-05, 6.21993167442e-05, 0.000140336123877, 0.000168759128428, 6.49702778901e-05, 5.94259690843e-05, 9.6558513178e-05, 8.73282187968e-05, 7.08531370037e-05, 6.89633234288e-05, 4.96344837302e-05, 5.61460037716e-05, 6.5278429247e-05, 4.1111579776e-05, 3.42731109413e-05, 1.62198703038e-05, 2.49016029557e-05, 1.99466976483e-05, 1.59878381965e-05, 1.12749667096e-05, 9.48102479015e-06, 6.20289301878e-06, 4.2814290282e-06, 3.05036019199e-06, 2.88177579932e-06, 2.52679137702e-06, 2.03324862014e-06, 8.52020150433e-07, 8.74809757079e-07, 9.0291058541e-07, 8.79799131326e-07, 6.07991239576e-07],
        "median": [0.000570127624087, 0.00162690342404, 0.000672048714478, 0.000266521499725, 0.000139425697853, 0.000102750731457, 0.000107879750431, 4.36283808085e-05, 2.55348568317e-05, 3.00163519569e-05, 5.05976240674e-05, 4.11401961173e-05, 2.69318115897e-05, 2.82668770524e-05, 3.99111268052e-05, 2.94346773444e-05, 3.08324197249e-05, 3.15874422085e-05, 2.20417532546e-05, 2.63657730102e-05, 3.45896332874e-05, 2.36502273765e-05, 1.81585382961e-05, 8.94012282515e-06, 1.35889886224e-05, 1.43896977534e-05, 1.26002669276e-05, 8.62569140736e-06, 6.37330367681e-06, 4.44296620117e-06, 2.77384447145e-06, 1.53305006734e-06, 1.28817509903e-06, 1.15011687285e-06, 7.99507972715e-07, 3.31861883751e-07, 2.68032778195e-07, 2.46499013201e-07, 2.84167271047e-07, 2.92104488153e-07],
        "min": [7.1940587168e-13, 6.45851211054e-13, 2.02379714549e-12, 7.39167624678e-13, 3.88616710426e-13, 2.51168931573e-13, 8.65754950369e-14, 1.70133208194e-14, 6.55613123469e-14, 2.84791287775e-13, 1.87354187611e-13, 1.75716022678e-13, 1.30914945768e-13, 8.69138474299e-14, 5.57578289095e-13, 6.43464285761e-13, 1.1748033915e-13, 5.35886303865e-14, 1.28506797217e-13, 8.59457023237e-14, 8.11508588734e-14, 1.69663375959e-14, 6.31176087416e-14, 6.77244583113e-14, 2.70652674805e-14, 4.1525658102e-14, 5.75889569322e-14, 3.27753401947e-14, 2.28737520461e-14, 2.25483575632e-14, 1.54994730429e-14, 2.12961430174e-14, 1.49695319617e-14, 1.77215284548e-14, 1.35385790645e-14, 1.89710985636e-14, 3.9624675611e-14, 2.59475448262e-14, 1.48260513567e-14, 1.87693166808e-14],
        "var": [1.55988072947e-06, 4.29139572589e-06, 2.11366477743e-06, 3.13438704325e-06, 1.17325114957e-07, 6.66642208103e-08, 1.71461678633e-07, 5.14313924782e-08, 6.32046877058e-08, 1.85404420705e-08, 8.89845921392e-08, 2.43007690415e-07, 2.35996573394e-08, 1.31914559276e-08, 3.2998556776e-08, 4.83049369393e-08, 2.46897862155e-08, 1.42880196563e-08, 1.1799093258e-08, 1.04622666086e-08, 1.11586544449e-08, 4.53914950072e-09, 4.97483521045e-09, 5.71272418259e-10, 1.32001021225e-09, 5.27839993936e-10, 2.33957131446e-10, 1.51268622628e-10, 1.22733087582e-10, 4.1069068285e-11, 2.74382339766e-11, 3.20767336304e-11, 4.74505608417e-11, 2.55885677231e-11, 2.39780469785e-11, 4.80844314019e-12, 8.81260342478e-12, 1.0193933371e-11, 9.13337461217e-12, 2.35340262902e-12]
    },
    "mfcc": {
        "mean": [-632.493591309, 114.564216614, -14.9470901489, 37.3064231873, 10.8369579315, 12.9534254074, 8.661444664, 1.14817500114, 2.76744151115, 0.570290207863, -2.43721103668, -2.65011429787, 3.09467887878],
        "cov": [[6581.46923828, -431.103027344, -503.892669678, -11.7806663513, -139.775772095, -95.395149231, -300.658081055, 22.2521762848, 51.3272857666, -39.5115699768, -25.011882782, -39.4937286377, 25.7891616821], [-431.103027344, 928.511901855, -292.087524414, 76.6439056396, -20.8937225342, 33.1963424683, 128.32585144, -55.69323349, 15.0065441132, 30.1845817566, 19.296245575, -15.8965702057, -9.90100765228], [-503.892669678, -292.087524414, 642.073181152, 54.0657844543, 100.727256775, 64.6624221802, -24.4623451233, 36.8316345215, -1.09198117256, -14.5934143066, 6.18878173828, -8.90113067627, -15.7961597443], [-11.7806663513, 76.6439056396, 54.0657844543, 230.646209717, 68.5811309814, -8.66153907776, -15.1745023727, 8.80231189728, 29.3152866364, -17.4900054932, -7.24504327774, 4.26846456528, 6.41366577148], [-139.775772095, -20.8937225342, 100.727256775, 68.5811309814, 142.393890381, 19.9475898743, 6.64946603775, 11.1269655228, 12.529337883, 12.5329647064, 0.469789683819, 3.92773890495, -2.42797613144], [-95.395149231, 33.1963424683, 64.6624221802, -8.66153907776, 19.9475898743, 145.060958862, 61.771194458, 3.8568174839, -11.25041008, -0.388889372349, 3.10614609718, -34.9723701477, -14.0590219498], [-300.658081055, 128.32585144, -24.4623451233, -15.1745023727, 6.64946603775, 61.771194458, 150.991744995, 20.8905200958, 4.69758415222, 19.5106735229, 0.397442311049, -18.8950195312, -12.7816486359], [22.2521762848, -55.69323349, 36.8316345215, 8.80231189728, 11.1269655228, 3.8568174839, 20.8905200958, 86.3496704102, 37.6445503235, 4.75954961777, -3.62009000778, -13.1835365295, -3.3971824646], [51.3272857666, 15.0065441132, -1.09198117256, 29.3152866364, 12.529337883, -11.25041008, 4.69758415222, 37.6445503235, 97.2807006836, 19.1877880096, -5.14202165604, -17.4319972992, -5.97615528107], [-39.5115699768, 30.1845817566, -14.5934143066, -17.4900054932, 12.5329647064, -0.388889372349, 19.5106735229, 4.75954961777, 19.1877880096, 77.8553314209, 25.0391464233, 2.05787324905, -1.49311637878], [-25.011882782, 19.296245575, 6.18878173828, -7.24504327774, 0.469789683819, 3.10614609718, 0.397442311049, -3.62009000778, -5.14202165604, 25.0391464233, 75.6273651123, 31.6294269562, 9.79721736908], [-39.4937286377, -15.8965702057, -8.90113067627, 4.26846456528, 3.92773890495, -34.9723701477, -18.8950195312, -13.1835365295, -17.4319972992, 2.05787324905, 31.6294269562, 98.7238845825, 40.1175308228], [25.7891616821, -9.90100765228, -15.7961597443, 6.41366577148, -2.42797613144, -14.0590219498, -12.7816486359, -3.3971824646, -5.97615528107, -1.49311637878, 9.79721736908, 40.1175308228, 65.0787658691]],
