{
"lowlevel": {
    "average_loudness": 0.914622783661,
    "barkbands_crest": {
        "dmean": 2.02148509026,
        "dmean2": 3.29052662849,
        "dvar": 3.40167570114,
        "dvar2": 8.97437381744,
        "max": 19.9931507111,
        "mean": 8.07348632812,
        "median": 7.48463726044,
        "min": 2.96730494499,
        "var": 8.8766002655
    },
    "barkbands_flatness_db": {
        "dmean": 0.015728443861,
        "dmean2": 0.0247019603848,
        "dvar": 0.000182301781024,
        "dvar2": 0.000428643776104,
        "max": 0.265425086021,
        "mean": 0.159525766969,
        "median": 0.159525334835,
        "min": 0.0723794400692,
        "var": 0.00106104195584
    },
    "barkbands_kurtosis": {
        "dmean": 1.18387663364,
        "dmean2": 1.84528374672,
        "dvar": 1.85749268532,
        "dvar2": 4.04948234558,
        "max": 25.6377029419,
        "mean": 1.83761072159,
        "median": 1.14080667496,
        "min": -1.86457955837,
        "var": 7.80928134918
    },
    "barkbands_skewness": {
        "dmean": 0.320021897554,
        "dmean2": 0.479779839516,
        "dvar": 0.0835796296597,
        "dvar2": 0.166970789433,
        "max": 4.60468101501,
        "mean": 0.87592369318,
        "median": 0.872347354889,
        "min": -1.75370550156,
        "var": 0.611641347408
    },
    "barkbands_spread": {
        "dmean": 4.26418924332,
        "dmean2": 6.15796041489,
        "dvar": 32.829662323,
        "dvar2": 50.852355957,
        "max": 88.0083389282,
        "mean": 20.0213394165,
        "median": 15.6599473953,
        "min": 3.19510793686,
        "var": 208.337432861
    },
    "dissonance": {
        "dmean": 0.0222242474556,
        "dmean2": 0.0389226861298,
        "dvar": 0.000484851800138,
        "dvar2": 0.00138622696977,
        "max": 0.499905049801,
        "mean": 0.455612063408,
        "median": 0.461985945702,
        "min": 0.304474830627,
        "var": 0.00100260775071
    },
    "dynamic_complexity": 2.59497404099,
    "erbbands_crest": {
        "dmean": 2.58567619324,
        "dmean2": 4.26626634598,
        "dvar": 5.60640621185,
        "dvar2": 14.3811702728,
        "max": 26.3481616974,
        "mean": 9.5914106369,
        "median": 8.69525909424,
        "min": 2.89786887169,
        "var": 15.3473129272
    },
    "erbbands_flatness_db": {
        "dmean": 0.0151846939698,
        "dmean2": 0.0229673534632,
        "dvar": 0.000180920527782,
        "dvar2": 0.000410383392591,
        "max": 0.306750983,
        "mean": 0.206076025963,
        "median": 0.206428065896,
        "min": 0.110600538552,
        "var": 0.00132471660618
    },
    "erbbands_kurtosis": {
        "dmean": 1.2247979641,
        "dmean2": 1.94606554508,
        "dvar": 2.75608611107,
        "dvar2": 6.74772262573,
        "max": 22.9001712799,
        "mean": 1.52371501923,
        "median": 0.645018339157,
        "min": -1.68396055698,
        "var": 7.52531480789
    },
    "erbbands_skewness": {
        "dmean": 0.36364531517,
        "dmean2": 0.541718423367,
        "dvar": 0.120621629059,
        "dvar2": 0.251074880362,
        "max": 3.54476189613,
        "mean": 0.570273160934,
        "median": 0.555989742279,
        "min": -3.43705368042,
        "var": 0.696647644043
    },
    "erbbands_spread": {
        "dmean": 6.37499380112,
        "dmean2": 9.53917980194,
        "dvar": 54.9111175537,
        "dvar2": 125.288780212,
        "max": 108.242507935,
        "mean": 29.3899078369,
        "median": 25.8590297699,
        "min": 4.6597495079,
        "var": 287.601348877
    },
    "hfc": {
        "dmean": 7.70158433914,
        "dmean2": 10.7799425125,
        "dvar": 163.083862305,
        "dvar2": 279.248809814,
        "max": 252.826477051,
        "mean": 25.987531662,
        "median": 17.6688232422,
        "min": 0.000385451829061,
        "var": 751.727844238
    },
    "melbands_crest": {
        "dmean": 2.46335077286,
        "dmean2": 4.1168088913,
        "dvar": 5.02109861374,
        "dvar2": 13.4034957886,
        "max": 27.4696006775,
        "mean": 10.3012342453,
        "median": 9.47091293335,
        "min": 3.80962443352,
        "var": 14.226849556
    },
    "melbands_flatness_db": {
        "dmean": 0.0169678851962,
        "dmean2": 0.0245974883437,
        "dvar": 0.00024974704138,
        "dvar2": 0.000473682885058,
        "max": 0.32285118103,
        "mean": 0.174877747893,
        "median": 0.174406349659,
        "min": 0.0383285209537,
        "var": 0.00241096992977
    },
    "melbands_kurtosis": {
        "dmean": 2.04239058495,
        "dmean2": 3.17482161522,
        "dvar": 7.03160142899,
        "dvar2": 16.4055767059,
        "max": 61.4463882446,
        "mean": 4.79264640808,
        "median": 3.20188713074,
        "min": -1.66351473331,
        "var": 33.8310432434
    },
    "melbands_skewness": {
        "dmean": 0.40479645133,
        "dmean2": 0.637142419815,
        "dvar": 0.133957311511,
        "dvar2": 0.312354266644,
        "max": 6.11350631714,
        "mean": 1.43243873119,
        "median": 1.34651565552,
        "min": -0.832220613956,
        "var": 0.985594213009
    },
    "melbands_spread": {
        "dmean": 6.13307619095,
        "dmean2": 8.76721858978,
        "dvar": 119.669975281,
        "dvar2": 175.253952026,
        "max": 204.418823242,
        "mean": 27.571472168,
        "median": 21.660326004,
        "min": 4.43349504471,
        "var": 612.011779785
    },
    "pitch_salience": {
        "dmean": 0.0537446662784,
        "dmean2": 0.0892272442579,
        "dvar": 0.00199858960696,
        "dvar2": 0.00527398008853,
        "max": 0.870260179043,
        "mean": 0.59612339735,
        "median": 0.591574668884,
        "min": 0.332969397306,
        "var": 0.00636463938281
    },
    "silence_rate_20dB": {
        "dmean": 0,
        "dmean2": 0,
        "dvar": 0,
        "dvar2": 0,
        "max": 1,
        "mean": 1,
        "median": 1,
        "min": 1,
        "var": 0
    },
    "silence_rate_30dB": {
        "dmean": 0,
        "dmean2": 0,
        "dvar": 0,
        "dvar2": 0,
        "max": 1,
        "mean": 1,
        "median": 1,
        "min": 1,
        "var": 0
    },
    "silence_rate_60dB": {
        "dmean": 0.00310077518225,
        "dmean2": 0.00620636157691,
        "dvar": 0.00309117068537,
        "dvar2": 0.00616788864136,
        "max": 1,
        "mean": 0.0263361725956,
        "median": 0,
        "min": 0,
        "var": 0.0256432369351
    },
    "spectral_centroid": {
        "dmean": 175.565338135,
        "dmean2": 247.65020752,
        "dvar": 63137.0234375,
        "dvar2": 89548.921875,
        "max": 4376.32373047,
        "mean": 1235.41027832,
        "median": 1091.20800781,
        "min": 402.277587891,
        "var": 411404.15625
    },
    "spectral_complexity": {
        "dmean": 2.7023255825,
        "dmean2": 4.14584970474,
        "dvar": 7.18579816818,
        "dvar2": 13.2758607864,
        "max": 52,
        "mean": 19.3965911865,
        "median": 18,
        "min": 0,
        "var": 57.788482666
    },
    "spectral_decrease": {
        "dmean": 1.47741086032e-09,
        "dmean2": 2.30728458561e-09,
        "dvar": 3.32723268437e-18,
        "dvar2": 8.98399787959e-18,
        "max": -9.16653363457e-14,
        "mean": -5.85638071371e-09,
        "median": -4.9589012896e-09,
        "min": -2.55572469854e-08,
        "var": 1.39585735752e-17
    },
    "spectral_energy": {
        "dmean": 0.00617311475798,
        "dmean2": 0.00954623892903,
        "dvar": 5.60895423405e-05,
        "dvar2": 0.00015050136426,
        "max": 0.10836148262,
        "mean": 0.0244604665786,
        "median": 0.020836526528,
        "min": 3.8092693444e-07,
        "var": 0.000239728222368
    },
    "spectral_energyband_high": {
        "dmean": 0.000519626657479,
        "dmean2": 0.00065782427555,
        "dvar": 2.43952285928e-06,
        "dvar2": 3.28043915943e-06,
        "max": 0.0336253680289,
        "mean": 0.00120708590839,
        "median": 0.000243008602411,
        "min": 1.64896292176e-08,
        "var": 1.02500553112e-05
    },
    "spectral_energyband_low": {
        "dmean": 0.000901968334801,
        "dmean2": 0.00148392573465,
        "dvar": 7.20659727449e-06,
        "dvar2": 1.89111015061e-05,
        "max": 0.0397673472762,
        "mean": 0.00262622535229,
        "median": 0.00204848079011,
        "min": 7.34843936812e-08,
        "var": 1.19961923701e-05
    },
    "spectral_energyband_middle_high": {
        "dmean": 0.00288630905561,
        "dmean2": 0.00449021439999,
        "dvar": 2.70057898888e-05,
        "dvar2": 7.68272875575e-05,
        "max": 0.0869985967875,
        "mean": 0.00859201978892,
        "median": 0.00444329017773,
        "min": 1.09010791505e-07,
        "var": 0.000105108774733
    },
    "spectral_energyband_middle_low": {
        "dmean": 0.00396946072578,
        "dmean2": 0.00630062352866,
        "dvar": 2.77192448266e-05,
        "dvar2": 7.14791603968e-05,
        "max": 0.0641797930002,
        "mean": 0.0124728763476,
        "median": 0.00991558469832,
        "min": 1.95434054717e-07,
        "var": 8.90831215656e-05
    },
    "spectral_entropy": {
        "dmean": 0.129341647029,
        "dmean2": 0.184404850006,
        "dvar": 0.0159563403577,
        "dvar2": 0.0275014899671,
        "max": 8.53524875641,
        "mean": 7.45737552643,
        "median": 7.41725826263,
        "min": 6.20355272293,
        "var": 0.143439248204
    },
    "spectral_flux": {
        "dmean": 0.0164018701762,
        "dmean2": 0.026744691655,
        "dvar": 0.000282250024611,
        "dvar2": 0.000724222045392,
        "max": 0.213442504406,
        "mean": 0.071811825037,
        "median": 0.067979440093,
        "min": 0.000617192767095,
        "var": 0.00109011761378
    },
    "spectral_kurtosis": {
        "dmean": 1.60189592838,
        "dmean2": 2.64524912834,
        "dvar": 2.54864859581,
        "dvar2": 7.18844795227,
        "max": 18.6671466827,
        "mean": 4.04514932632,
        "median": 3.57351446152,
        "min": -1.15006744862,
        "var": 10.049325943
    },
    "spectral_rms": {
        "dmean": 0.000577448168769,
        "dmean2": 0.000877313490491,
        "dvar": 3.37888735658e-07,
        "dvar2": 8.35194214233e-07,
        "max": 0.0102819511667,
        "mean": 0.00463027181104,
        "median": 0.00450869370252,
        "min": 1.92778643395e-05,
        "var": 2.42450187216e-06
    },
    "spectral_rolloff": {
        "dmean": 399.849212646,
        "dmean2": 631.111938477,
        "dvar": 774770.375,
        "dvar2": 1406055.625,
        "max": 9130.078125,
        "mean": 1727.69311523,
        "median": 1335.05859375,
        "min": 258.3984375,
        "var": 2805794
    },
    "spectral_skewness": {
        "dmean": 0.209378689528,
        "dmean2": 0.318646878004,
        "dvar": 0.0351859927177,
        "dvar2": 0.0772390067577,
        "max": 3.30514907837,
        "mean": 1.54591500759,
        "median": 1.58023560047,
        "min": -0.361797332764,
        "var": 0.303011119366
    },
    "spectral_spread": {
        "dmean": 374994.71875,
        "dmean2": 508627.5,
        "dvar": 221677584384,
        "dvar2": 300376621056,
        "max": 12764121,
        "mean": 4013303.75,
        "median": 3696246.5,
        "min": 2119471,
        "var": 1.59414707814e+12
    },
    "spectral_strongpeak": {
        "dmean": 0.791413128376,
        "dmean2": 1.30289125443,
        "dvar": 1.00047886372,
        "dvar2": 2.63176846504,
        "max": 10.6185998917,
        "mean": 1.61805415154,
        "median": 1.06348657608,
        "min": 0.00257297465578,
        "var": 2.63503456116
    },
    "zerocrossingrate": {
        "dmean": 0.00916908960789,
        "dmean2": 0.00946447439492,
        "dvar": 0.000187636891496,
        "dvar2": 0.000137684066431,
        "max": 0.29296875,
        "mean": 0.0657749995589,
        "median": 0.0537109375,
        "min": 0.01708984375,
        "var": 0.00185025320388
    },
    "barkbands": {
        "dmean": [5.48272109882e-05, 0.000509589328431, 0.000379545876058, 0.000358313467586, 0.00107642554212, 0.000720994023141, 0.00154942483641, 0.0012349706376, 0.00125910248607, 0.00113012071233, 0.00060167448828, 0.000770083162934, 0.000962991500273, 0.000531904457603, 0.000347387627698, 0.000112670313683, 0.000115914408525, 0.000117626404972, 0.000113500194857, 0.00011848914437, 0.000100909914181, 9.44731509662e-05, 0.000228447112022, 0.000122664685478, 3.2362757338e-05, 2.79371139555e-08, 1.0244703974e-09],
        "dmean2": [9.02901010704e-05, 0.000845992704853, 0.000621731684078, 0.000598623300903, 0.00177549570799, 0.00113260746002, 0.00251659820788, 0.00195390312001, 0.00201373151504, 0.00187456049025, 0.000942849030253, 0.00124976434745, 0.00159980647732, 0.000850818178151, 0.00057598593412, 0.000175873996341, 0.000185467681149, 0.000188266101759, 0.000173027961864, 0.000158334631124, 0.000137706228998, 0.000128005616716, 0.000309667782858, 0.000168248647242, 4.41388765466e-05, 4.00893931385e-08, 1.9059045453e-09],
        "dvar": [2.82647292238e-08, 4.30899081039e-06, 1.03398838291e-06, 3.21033866157e-07, 2.03331387638e-06, 1.77949414137e-06, 7.45645320421e-06, 6.13098018221e-06, 8.25830466056e-06, 5.51348739464e-06, 2.15507066059e-06, 3.41302802553e-06, 8.30515818961e-06, 1.41476243698e-06, 3.87828521298e-07, 4.11125675726e-08, 8.32083770774e-08, 5.74281280308e-08, 1.19081704497e-07, 2.98895116657e-07, 1.54422352239e-07, 1.02889529785e-07, 4.93370066579e-07, 2.04540768323e-07, 1.35267734791e-08, 1.03836862679e-14, 1.09860669567e-17],
        "dvar2": [6.60771561911e-08, 1.15676766654e-05, 2.91667606689e-06, 8.90021055966e-07, 5.43327178093e-06, 4.54257769888e-06, 1.7195547116e-05, 1.64701450558e-05, 2.18558598135e-05, 1.41555783557e-05, 5.06029800817e-06, 9.30064743443e-06, 2.50332741416e-05, 3.35307186106e-06, 1.0352461004e-06, 9.88353860976e-08, 2.19100527943e-07, 1.40713979135e-07, 2.74887042906e-07, 5.19949935551e-07, 2.70115009471e-07, 1.9868006973e-07, 9.91643446469e-07, 3.36228026754e-07, 2.35850485808e-08, 2.36190427839e-14, 3.31302842161e-17],
        "max": [0.0030539308209, 0.03297136724, 0.02099262923, 0.0109514473006, 0.0295982174575, 0.0231491066515, 0.0337074398994, 0.0252555720508, 0.0400793850422, 0.0293109510094, 0.0263475701213, 0.025669503957, 0.048065289855, 0.0184891484678, 0.00829347409308, 0.0029671031516, 0.00597035419196, 0.00322848442011, 0.00946945790201, 0.0185978636146, 0.00822795275599, 0.00518871471286, 0.0134309204295, 0.0135751040652, 0.00237976922654, 1.65863059465e-06, 7.78918334277e-08],
        "mean": [7.97783359303e-05, 0.00128785066772, 0.00102027796675, 0.000671393238008, 0.00281208776869, 0.00147222320084, 0.00278810714372, 0.00224376469851, 0.00214232550934, 0.00198963214643, 0.000971488596406, 0.00141013518441, 0.00170800008345, 0.000973498797975, 0.00060370832216, 0.000242156980676, 0.000225375784794, 0.000237085900153, 0.000232777674682, 0.000224771953071, 0.000191885788809, 0.000187341720448, 0.000444337987574, 0.000242617432377, 5.78186409257e-05, 4.18172660943e-08, 8.05028488315e-10],
        "median": [1.55536326929e-05, 0.000260486529442, 0.000619862112217, 0.000406379665947, 0.00199234485626, 0.000828225398436, 0.00123167200945, 0.000872481323313, 0.000596516067162, 0.000674026203342, 0.000344101397786, 0.000465080782305, 0.00033463849104, 0.000456021254649, 0.000265016919002, 0.000101013509266, 9.14564298e-05, 9.50784960878e-05, 9.93123394437e-05, 7.44941498851e-05, 4.75651286251e-05, 3.52365314029e-05, 3.96602808905e-05, 4.53015818493e-05, 8.40307347971e-06, 5.75202951936e-09, 2.98773006335e-10],
        "min": [5.63628917843e-12, 9.0535854369e-09, 4.98560055462e-08, 2.06908943312e-08, 2.00886347557e-08, 3.28540705752e-09, 9.30285253276e-08, 3.16043973214e-08, 2.41641195942e-08, 4.5935717452e-09, 1.28816131095e-08, 1.80243340253e-08, 1.10234523731e-08, 1.27860566579e-08, 1.82068458088e-08, 2.45000397747e-09, 2.48252511881e-08, 1.52015544597e-09, 2.34095121066e-09, 1.34406052954e-09, 8.36436164775e-09, 1.19224918826e-09, 7.30552285333e-10, 2.82887135938e-09, 1.3369390317e-10, 6.01366656125e-12, 8.66430104746e-12],
        "var": [4.78357122802e-08, 5.88618831898e-06, 1.54782958361e-06, 6.71103236982e-07, 1.06630550363e-05, 3.64094671568e-06, 1.6375006453e-05, 1.25005217342e-05, 1.7211503291e-05, 1.34513811645e-05, 4.19000753027e-06, 6.33239687886e-06, 1.91844465007e-05, 2.74615240414e-06, 8.81356754689e-07, 1.37134492206e-07, 1.3131297294e-07, 1.56687306685e-07, 3.33960912258e-07, 8.40901407173e-07, 3.82544612876e-07, 2.78272551668e-07, 1.59209196227e-06, 6.91627008109e-07, 3.71221560158e-08, 2.02963205731e-14, 6.15633182719e-18]
    },
    "erbbands": {
        "dmean": [0.0175375621766, 0.117671154439, 0.37128379941, 0.772762775421, 2.92579078674, 3.53090023994, 3.61476397514, 7.71877574921, 19.9175071716, 20.8222465515, 32.0618896484, 21.3527870178, 32.6800880432, 34.0182304382, 16.6769218445, 28.6203727722, 39.7752494812, 24.5405387878, 21.7348461151, 11.7231054306, 5.94852352142, 5.91231203079, 7.16168308258, 4.97698974609, 6.17542982101, 4.84105825424, 4.03163957596, 4.18355560303, 3.37332439423, 3.67500162125, 8.29337120056, 2.34360456467, 2.36657476425, 0.746949911118, 0.0441702604294, 0.00197370653041, 0.000117847972433, 1.79462767846e-05, 6.99688143868e-06, 8.53717028804e-06],
        "dmean2": [0.0274166464806, 0.199408739805, 0.626326978207, 1.29110085964, 5.08010864258, 5.74134683609, 5.22648286819, 12.0971498489, 32.0800247192, 33.7424850464, 51.6119689941, 34.4479789734, 52.0715560913, 55.5463066101, 25.8141307831, 46.3597373962, 65.8649978638, 38.9647789001, 35.25025177, 19.0612182617, 9.32381534576, 9.35484027863, 11.4873914719, 7.65003967285, 8.8698387146, 6.48932743073, 5.5910820961, 5.89526367188, 4.41331338882, 5.09328842163, 11.7017526627, 2.92518281937, 3.35409855843, 1.0232796669, 0.0632435381413, 0.00278326170519, 0.000155363450176, 2.30360838032e-05, 9.44297698879e-06, 1.26109225675e-05],
        "dvar": [0.00533870002255, 0.20244897902, 1.08854484558, 1.44947779179, 19.3797054291, 26.2894477844, 53.5833625793, 200.110168457, 1618.0378418, 1301.82067871, 6666.22265625, 2429.27514648, 4112.62890625, 5289.88818359, 1162.04528809, 6822.18066406, 14269.2851562, 2370.22192383, 2793.15478516, 428.651794434, 96.432258606, 232.416610718, 215.83883667, 93.4334640503, 750.751647949, 563.980224609, 307.607788086, 221.587234497, 129.925231934, 151.719024658, 634.088623047, 68.2324295044, 69.7874755859, 7.12008857727, 0.0286557376385, 5.39898574061e-05, 1.64484802667e-07, 3.41024231076e-09, 2.25814381083e-10, 1.16307519171e-10],
        "dvar2": [0.0124741047621, 0.585688948631, 3.04117679596, 3.97129321098, 63.7479133606, 69.7814254761, 97.6817626953, 509.142700195, 3771.42480469, 3540.43603516, 19125.6308594, 6355.56103516, 9165.25097656, 13653.9316406, 2732.33325195, 19661.2304688, 41440.0234375, 5468.61914062, 7321.68896484, 1094.41247559, 240.590057373, 624.500366211, 553.883850098, 181.266845703, 1514.9708252, 1028.42944336, 586.164428711, 421.178833008, 232.989456177, 273.590423584, 1394.53088379, 96.8966293335, 114.201705933, 12.4696435928, 0.0501855947077, 9.16672797757e-05, 2.57925819369e-07, 5.0087876069e-09, 3.30255406356e-10, 2.57414839444e-10],
        "max": [1.09037697315, 7.1981306076, 21.5964488983, 18.6675930023, 65.6281661987, 79.3980789185, 240.21647644, 210.221710205, 577.529785156, 598.407897949, 1066.0715332, 674.762817383, 823.986633301, 939.748840332, 536.172546387, 1558.86987305, 1898.25341797, 1271.27807617, 779.179992676, 318.796234131, 150.150222778, 340.018157959, 191.263183594, 235.761077881, 719.282043457, 773.357116699, 453.87008667, 243.223144531, 189.330764771, 299.740661621, 451.345672607, 285.916259766, 200.347122192, 54.2061920166, 3.29953098297, 0.139952942729, 0.00763496430591, 0.0012267784914, 0.000356112112058, 0.000187097684829],
        "mean": [0.0398885160685, 0.282773584127, 1.0295279026, 1.78354823589, 5.20169591904, 8.35432624817, 12.7991266251, 15.1304950714, 34.7287483215, 40.994556427, 58.3290672302, 39.1202888489, 59.2621650696, 60.2747306824, 34.7858657837, 55.3194465637, 77.065071106, 49.6479911804, 40.5185585022, 23.4236125946, 14.0510387421, 12.5360155106, 14.6428947449, 11.722486496, 12.1641731262, 9.49840545654, 7.38302278519, 7.94522714615, 6.66898155212, 7.45004940033, 15.5884008408, 4.886759758, 4.50904798508, 1.36336386204, 0.0685949847102, 0.00322847976349, 0.000233079321333, 3.98269694415e-05, 2.25457333727e-05, 3.26424160448e-05],
        "median": [0.00232058763504, 0.0931582525373, 0.702386498451, 1.18691241741, 2.9206264019, 5.74852657318, 4.31200122833, 8.65056037903, 15.8742895126, 22.8721141815, 20.4284496307, 11.4330215454, 23.1724739075, 19.7467479706, 15.7547101974, 17.7741832733, 17.584985733, 26.1089820862, 17.7830448151, 11.7132043839, 6.28924942017, 5.57147264481, 5.54814004898, 5.95170593262, 4.11967229843, 3.35094928741, 2.02630281448, 1.87546908855, 1.35320544243, 1.01729130745, 1.24316442013, 0.672203600407, 0.887841284275, 0.214316800237, 0.00674960855395, 0.000377421732992, 4.63356882392e-05, 9.96641847451e-06, 1.45996318679e-05, 2.71631233772e-05],
        "min": [9.15085180964e-08, 4.24572226621e-06, 4.50347433798e-05, 7.32647022232e-05, 7.87068129284e-05, 5.57568309887e-05, 2.68269286607e-05, 4.10220090998e-05, 0.000481617811602, 0.00202263449319, 0.000651014852338, 0.000513958162628, 0.000164642711752, 0.000319288898027, 0.000305330904666, 0.000811736332253, 0.000610575429164, 0.000698103976902, 0.000619183294475, 0.000604274158832, 0.000810460536741, 0.000872441509273, 0.000135035559651, 0.00012509082444, 0.000105398459709, 4.80836424686e-05, 0.00047321128659, 0.000157201095135, 2.81789580185e-05, 2.0850879082e-05, 2.80273543467e-05, 5.92977630731e-06, 5.51283810637e-05, 2.21318969125e-05, 7.50492972657e-07, 5.74629268613e-08, 1.69227476476e-08, 4.515530172e-09, 1.37886790874e-09, 6.52922105271e-10],
        "var": [0.00759242009372, 0.246768161654, 1.51915311813, 3.4753382206, 41.6033744812, 88.2118453979, 668.572570801, 388.035675049, 2841.08569336, 2928.39404297, 12661.7089844, 5520.48730469, 9981.71386719, 11502.7880859, 2846.66137695, 12409.8779297, 35123.1445312, 5033.21142578, 4986.86035156, 1109.96472168, 375.642791748, 341.011749268, 598.695861816, 402.346008301, 1846.9407959, 1462.85864258, 742.589050293, 521.031494141, 354.284729004, 550.347595215, 1861.00817871, 286.151031494, 221.948196411, 20.0850296021, 0.0664500817657, 0.000134867805173, 5.13043403316e-07, 1.23592283074e-08, 9.34219035464e-10, 5.24598697815e-10]
    },
    "gfcc": {
        "mean": [-16.796339035, 124.408004761, -158.078735352, 34.8370437622, -88.4851226807, 21.6191806793, -42.658996582, -6.56391620636, -8.55214881897, -19.6039409637, 8.64381980896, -25.4173793793, -0.0398414731026],
        "cov": [[2679.63037109, -848.134277344, -160.776077271, 24.4373340607, -193.033065796, 166.76763916, -143.623840332, 29.1848506927, -73.1199035645, 49.12474823, -126.151695251, 95.8471755981, 60.3424949646], [-848.134277344, 1105.90808105, 83.4261779785, -186.398040771, 276.315002441, -147.658432007, 200.172103882, 73.7028045654, 172.431991577, -97.6967086792, 154.985366821, -100.201400757, 6.97568035126], [-160.776077271, 83.4261779785, 652.680175781, 311.598754883, -30.9503307343, 139.377166748, 106.613227844, 156.327713013, 141.389175415, 91.225189209, 34.3203926086, 43.0459060669, 22.6347026825], [24.4373340607, -186.398040771, 311.598754883, 460.660217285, 26.6493339539, 96.7410964966, 55.4230194092, 52.9402389526, 88.146194458, 98.0479660034, 2.19711685181, 52.0796394348, 14.0165367126], [-193.033065796, 276.315002441, -30.9503307343, 26.6493339539, 222.615722656, -6.66657066345, 46.556312561, 56.199344635, 50.8574066162, 2.29675483704, 47.1949768066, -36.3709449768, 11.1989488602], [166.76763916, -147.658432007, 139.377166748, 96.7410964966, -6.66657066345, 171.334625244, 44.3415107727, 48.2471122742, 28.5090904236, 35.6476097107, -21.5677547455, 22.6996479034, -8.08606243134], [-143.623840332, 200.172103882, 106.613227844, 55.4230194092, 46.556312561, 44.3415107727, 191.399551392, 107.048278809, 92.2373428345, -11.6780385971, 40.6991653442, -5.48862504959, -4.30485010147], [29.1848506927, 73.7028045654, 156.327713013, 52.9402389526, 56.199344635, 48.2471122742, 107.048278809, 231.656829834, 101.647865295, 31.5251941681, 21.2437095642, -4.6322259903, 28.6095848083], [-73.1199035645, 172.431991577, 141.389175415, 88.146194458, 50.8574066162, 28.5090904236, 92.2373428345, 101.647865295, 191.435577393, 41.695766449, 34.6755065918, -1.13456118107, 3.07246422768], [49.12474823, -97.6967086792, 91.225189209, 98.0479660034, 2.29675483704, 35.6476097107, -11.6780385971, 31.5251941681, 41.695766449, 109.963867188, 19.4984283447, 17.0077972412, 9.80714988708], [-126.151695251, 154.985366821, 34.3203926086, 2.19711685181, 47.1949768066, -21.5677547455, 40.6991653442, 21.2437095642, 34.6755065918, 19.4984283447, 94.7541427612, 19.8796405792, -7.59759187698], [95.8471755981, -100.201400757, 43.0459060669, 52.0796394348, -36.3709449768, 22.6996479034, -5.48862504959, -4.6322259903, -1.13456118107, 17.0077972412, 19.8796405792, 75.7288894653, 19.488702774], [60.3424949646, 6.97568035126, 22.6347026825, 14.0165367126, 11.1989488602, -8.08606243134, -4.30485010147, 28.6095848083, 3.07246422768, 9.80714988708, -7.59759187698, 19.488702774, 79.6561508179]],
        "icov": [[0.000561271677725, 0.000432675064076, 0.00021702972299, 0.00010172824841, 0.00011844108667, -0.000478832953377, 0.000265490991296, -0.000218741944991, -0.000373845075956, 0.000343384424923, -0.000255015474977, 5.60759508517e-06, -0.000568544608541], [0.000432675064076, 0.00971775874496, -0.00616549514234, 0.00666828686371, -0.00976874493062, 0.00688986061141, -0.0066154836677, 0.00633250642568, -0.00581697793677, 0.0057822088711, -0.00587241584435, 0.00544691458344, -0.00353959342465], [0.00021702972299, -0.00616549514234, 0.00788966473192, -0.00656645325944, 0.00892684888095, -0.00716146454215, 0.00535154528916, -0.00592575455084, 0.00256747985259, -0.00273907743394, 0.00060292793205, -0.00154946779367, 0.000399400625611], [0.00010172824841, 0.00666828686371, -0.00656645325944, 0.00948126800358, -0.00941070448607, 0.00597865041345, -0.00658594071865, 0.00596863636747, -0.00400004442781, 0.000322505802615, 0.000380414712708, -0.000557789287996, -0.000745820638258], [0.00011844108667, -0.00976874493062, 0.00892684888095, -0.00941070448607, 0.018913352862, -0.0102900555357, 0.00871886033565, -0.00846283137798, 0.00443023676053, -0.00303117046133, -0.00198769755661, 0.00208034552634, -0.000804059032816], [-0.000478832953377, 0.00688986061141, -0.00716146454215, 0.00597865041345, -0.0102900555357, 0.0166246499866, -0.00903698988259, 0.004982881248, -0.00260682357475, -0.000204336189199, 0.00391376158223, -0.00229905173182, 0.00266004446894], [0.000265490991296, -0.0066154836677, 0.00535154528916, -0.00658594071865, 0.00871886033565, -0.00903698988259, 0.0163566358387, -0.00835207942873, 0.00067019398557, 0.00247291801497, -0.0027903621085, -0.000152253196575, 0.00119778537191], [-0.000218741944991, 0.00633250642568, -0.00592575455084, 0.00596863636747, -0.00846283137798, 0.004982881248, -0.00835207942873, 0.0127150453627, -0.00524327531457, 0.00149520148989, -0.00206157541834, 0.00373359420337, -0.0041697435081], [-0.000373845075956, -0.00581697793677, 0.00256747985259, -0.00400004442781, 0.00443023676053, -0.00260682357475, 0.00067019398557, -0.00524327531457, 0.0125387692824, -0.00645269732922, 0.0040285969153, -0.00358306895941, 0.00337053043768], [0.000343384424923, 0.0057822088711, -0.00273907743394, 0.000322505802615, -0.00303117046133, -0.000204336189199, 0.00247291801497, 0.00149520148989, -0.00645269732922, 0.0198681373149, -0.0116045856848, 0.00723163969815, -0.00511626433581], [-0.000255015474977, -0.00587241584435, 0.00060292793205, 0.000380414712708, -0.00198769755661, 0.00391376158223, -0.0027903621085, -0.00206157541834, 0.0040285969153, -0.0116045856848, 0.0286291930825, -0.0179649014026, 0.0101348692551], [5.60759508517e-06, 0.00544691458344, -0.00154946779367, -0.000557789287996, 0.00208034552634, -0.00229905173182, -0.000152253196575, 0.00373359420337, -0.00358306895941, 0.00723163969815, -0.0179649014026, 0.0295778308064, -0.0115200234577], [-0.000568544608541, -0.00353959342465, 0.000399400625611, -0.000745820638258, -0.000804059032816, 0.00266004446894, 0.00119778537191, -0.0041697435081, 0.00337053043768, -0.00511626433581, 0.0101348692551, -0.0115200234577, 0.0195428449661]]
    },
    "melbands": {
        "dmean": [0.000144803299918, 0.000176017361809, 0.000188465550309, 0.000228925156989, 0.000136430477141, 0.000174191649421, 0.000303579348838, 0.000226137548452, 0.000276446226053, 0.000141684955452, 0.000172777057742, 0.000149514351506, 6.26833716524e-05, 6.96066854289e-05, 0.000126371262013, 8.28785923659e-05, 4.22470620833e-05, 4.0141356294e-05, 3.13755226671e-05, 8.18097396404e-06, 7.53076665205e-06, 6.34730213278e-06, 7.49870469008e-06, 5.53951849724e-06, 4.40020130554e-06, 3.96649602408e-06, 5.81908079766e-06, 2.83593408312e-06, 2.39162977778e-06, 3.03071033159e-06, 2.48016999649e-06, 2.15196791942e-06, 1.73377100054e-06, 2.11403539652e-06, 6.37631455902e-06, 1.91930553228e-06, 1.28521958231e-06, 1.82529606718e-06, 1.42511805734e-06, 4.21139958462e-07],
        "dmean2": [0.000230257443036, 0.000296495272778, 0.000319883780321, 0.000389703724068, 0.000201735339942, 0.000273979618214, 0.000485244148877, 0.000359100173227, 0.000453264045063, 0.000225200885325, 0.000277197366813, 0.000245586765232, 9.77341987891e-05, 0.000110812950879, 0.000209912206628, 0.000136896996992, 6.66671985528e-05, 6.5673761128e-05, 5.20359026268e-05, 1.25621618281e-05, 1.1938712305e-05, 1.01477817225e-05, 1.22329010992e-05, 8.75791192811e-06, 6.975584256e-06, 5.82440634389e-06, 8.36429535411e-06, 4.12368171965e-06, 3.45155649484e-06, 4.33665854871e-06, 3.81600921173e-06, 2.93616699309e-06, 2.48366768574e-06, 2.9649015687e-06, 9.29693851504e-06, 2.49382901529e-06, 1.69807674411e-06, 2.59483385889e-06, 2.01666216526e-06, 5.81729693749e-07],
        "dvar": [3.5442175772e-07, 2.71903132898e-07, 7.47796278233e-08, 9.47743927782e-08, 6.52635918641e-08, 9.8299324236e-08, 3.27187535731e-07, 1.32147249587e-07, 6.30051658845e-07, 8.48965413525e-08, 1.14522300976e-07, 9.59684740565e-08, 1.86350366249e-08, 2.27030714228e-08, 2.59577717543e-07, 4.15061407466e-08, 8.44867198424e-09, 1.28706068026e-08, 3.58617713303e-09, 2.74448269666e-10, 1.66765434795e-10, 2.61734717233e-10, 2.782003794e-10, 1.53832821481e-10, 7.76545980297e-11, 1.44707357208e-10, 9.81674852518e-10, 1.96798924379e-10, 1.2025382079e-10, 1.50396542442e-10, 6.95090304759e-11, 4.96529067862e-11, 5.23468941804e-11, 6.06601158193e-11, 3.88358567527e-10, 4.39557765186e-11, 2.2499360014e-11, 4.23052044785e-11, 2.91310066347e-11, 2.20255432816e-12],
        "dvar2": [8.889778087e-07, 7.72441580921e-07, 2.15575568063e-07, 2.9388345979e-07, 1.1762111285e-07, 2.52544424484e-07, 7.58770511311e-07, 3.49902506969e-07, 1.83893268968e-06, 2.1294272301e-07, 2.58490786109e-07, 2.49051112178e-07, 4.27070929732e-08, 5.82457069243e-08, 7.96522954261e-07, 1.1325951732e-07, 1.90238935716e-08, 3.32461276287e-08, 9.38038091647e-09, 6.36763031192e-10, 4.20877305229e-10, 6.95750457247e-10, 7.38496874764e-10, 3.58519297583e-10, 1.63421928767e-10, 2.98237212704e-10, 1.99854333083e-09, 3.74155345595e-10, 2.60208327107e-10, 2.79318373986e-10, 1.53816639981e-10, 9.4262035677e-11, 1.19001419829e-10, 1.0840596476e-10, 9.15648168398e-10, 6.18772533212e-11, 3.8131900415e-11, 7.01239760703e-11, 5.91888205115e-11, 3.80165256914e-12],
        "max": [0.00893058814108, 0.0089338356629, 0.00481029506773, 0.00433538667858, 0.00802194047719, 0.00526813603938, 0.00788401253521, 0.00552853662521, 0.0107166143134, 0.00373574020341, 0.00410976679996, 0.00366176082753, 0.0029463104438, 0.00202864781022, 0.0101688820869, 0.00355900032446, 0.00245845294558, 0.0017731168773, 0.000927724060602, 0.000297293008771, 0.000170151412021, 0.000349861336872, 0.000251830759225, 0.000236205974943, 0.000207889941521, 0.00032689285581, 0.0009650674765, 0.000395619543269, 0.000297200924251, 0.00023270532256, 0.00013899221085, 0.000111684843432, 0.000149179002619, 0.000175286928425, 0.000347589841112, 0.000177174835699, 0.000163808799698, 0.000163289427292, 0.000109747015813, 2.56165531027e-05],
        "mean": [0.000352410745109, 0.000492822204251, 0.000419377087383, 0.000462283467641, 0.000464861746877, 0.000338351615937, 0.000543748610653, 0.000455095083453, 0.000480827700812, 0.000246071605943, 0.000308871007292, 0.000260599685134, 0.000119205666124, 0.0001212861971, 0.000209323319723, 0.000154805151396, 8.09543707874e-05, 6.75600531395e-05, 5.26769836142e-05, 1.69323302543e-05, 1.57897575264e-05, 1.25047899928e-05, 1.37726792673e-05, 1.12141033242e-05, 9.45204556047e-06, 8.12157486507e-06, 1.01176310636e-05, 5.29368708158e-06, 4.19663820139e-06, 5.07841878061e-06, 4.49436993222e-06, 4.03764033763e-06, 3.12733027386e-06, 4.14190981246e-06, 1.12590032586e-05, 4.10245047533e-06, 2.36098480855e-06, 3.33894149662e-06, 2.4490936994e-06, 6.94446214311e-07],
        "median": [4.47517704742e-05, 0.000363537255907, 0.000286091963062, 0.000327875983203, 0.000185095937923, 0.000190469392692, 0.000252089375863, 0.000240052919253, 0.000137465394801, 7.14427878847e-05, 0.000118226293125, 8.23357695481e-05, 5.0163049309e-05, 4.24209029006e-05, 4.02594450861e-05, 4.25112775702e-05, 4.33288078057e-05, 2.34162598645e-05, 2.0683679395e-05, 6.5481249294e-06, 6.51031086818e-06, 5.27087286173e-06, 5.13678151037e-06, 4.27876921094e-06, 4.73664067613e-06, 2.8953072615e-06, 2.78169227386e-06, 1.81693110335e-06, 1.13088037779e-06, 1.13632984267e-06, 9.53458766162e-07, 8.25082736355e-07, 5.25019800079e-07, 5.25738698798e-07, 8.54681957208e-07, 3.94725958586e-07, 3.49310766978e-07, 6.51260506856e-07, 4.34696602269e-07, 7.53902327233e-08],
        "min": [1.90511895148e-09, 1.78035506337e-08, 1.33561881555e-08, 4.69148986326e-09, 1.3451559866e-09, 7.51956330536e-10, 1.11745110942e-08, 1.92270128707e-08, 5.39718048032e-09, 2.7033175698e-09, 7.03403391089e-10, 1.16694676144e-09, 1.46645717791e-09, 7.05425606817e-10, 3.46883521907e-09, 5.37362154773e-10, 1.45775225224e-09, 6.88699375306e-10, 1.7698799093e-09, 9.05203551005e-11, 1.37994160543e-09, 1.29484312161e-09, 1.35596006645e-10, 6.21541082491e-11, 1.08120505604e-10, 7.827000853e-11, 8.7834003959e-11, 6.12597342645e-12, 1.87357476755e-10, 2.15651108082e-10, 4.23624850476e-11, 1.95850349827e-11, 7.00790857636e-12, 1.03309643826e-11, 1.86474551078e-11, 7.04743121499e-12, 3.77323904543e-13, 3.34696333149e-11, 3.69802174993e-11, 1.32196852206e-13],
        "var": [5.07943752837e-07, 3.76388840095e-07, 1.87014592257e-07, 1.96404030817e-07, 8.02445129011e-07, 1.86277389957e-07, 6.20047217126e-07, 3.2281477047e-07, 1.16423768759e-06, 2.00249800741e-07, 2.79146547655e-07, 2.11078770462e-07, 4.03187208065e-08, 4.34586873155e-08, 3.98874874463e-07, 1.29120806491e-07, 1.57913362386e-08, 2.14888284944e-08, 8.2416748981e-09, 8.34938340688e-10, 5.62607127552e-10, 3.83864134923e-10, 5.45675615804e-10, 3.95207283566e-10, 2.90127644131e-10, 4.91881091413e-10, 2.0030901382e-09, 4.60932902957e-10, 2.70688416126e-10, 3.16564413572e-10, 1.49579487685e-10, 1.21323770474e-10, 1.2396750293e-10, 2.0826955438e-10, 9.90573623127e-10, 1.96258592711e-10, 7.47790163125e-11, 1.29156060846e-10, 6.670131808e-11, 6.01077304249e-12]
    },
    "mfcc": {
        "mean": [-631.281982422, 124.101921082, -2.97876048088, -2.67363333702, -6.90917491913, -0.35591390729, -5.97189807892, -1.51950752735, -13.1966743469, 4.24669265747, -1.66599559784, -1.00764346123, -6.96537542343],
        "cov": [[2782.58911133, -857.469970703, -209.549957275, -186.505447388, -61.6701011658, 52.5766944885, -82.0274353027, -58.1578483582, 72.1440200806, -130.743743896, -82.2943954468, -23.1106262207, -44.7314453125], [-857.469970703, 1225.08361816, -184.320922852, -40.6131896973, 52.795501709, -167.720306396, 74.7345046997, 99.973197937, -22.6282043457, 111.659545898, 79.8551864624, 9.51350498199, -9.03561973572], [-209.549957275, -184.320922852, 681.153076172, 186.753433228, 22.100561142, 116.1875, -1.13904249668, 104.324249268, 73.6717071533, 141.867172241, 50.4558334351, 26.2500038147, 40.0290679932], [-186.505447388, -40.6131896973, 186.753433228, 316.528564453, 79.9427032471, 59.2613677979, 11.0087137222, 44.4411354065, 39.3497810364, 95.7866821289, 29.8285160065, 22.6179466248, 40.805721283], [-61.6701011658, 52.795501709, 22.100561142, 79.9427032471, 167.744552612, 23.1892299652, 13.8374662399, 1.696849823, 31.998418808, 52.5179748535, 25.779542923, 5.55435848236, 25.8424472809], [52.5766944885, -167.720306396, 116.1875, 59.2613677979, 23.1892299652, 176.404693604, -10.658454895, -2.71737837791, -6.50505447388, 4.47104358673, -0.726767301559, 21.4061508179, 6.87656879425], [-82.0274353027, 74.7345046997, -1.13904249668, 11.0087137222, 13.8374662399, -10.658454895, 124.326721191, 45.325252533, 20.9313926697, 13.4968948364, 19.5337467194, 3.15399885178, -0.415701657534], [-58.1578483582, 99.973197937, 104.324249268, 44.4411354065, 1.696849823, -2.71737837791, 45.325252533, 177.213027954, 53.035987854, 99.9308166504, 44.3412971497, 13.7546310425, -1.04226362705], [72.1440200806, -22.6282043457, 73.6717071533, 39.3497810364, 31.998418808, -6.50505447388, 20.9313926697, 53.035987854, 140.244873047, 82.4258804321, 9.60295963287, 8.8779964447, 3.17085027695], [-130.743743896, 111.659545898, 141.867172241, 95.7866821289, 52.5179748535, 4.47104358673, 13.4968948364, 99.9308166504, 82.4258804321, 202.904464722, 75.7699890137, 19.8529338837, 15.7383975983], [-82.2943954468, 79.8551864624, 50.4558334351, 29.8285160065, 25.779542923, -0.726767301559, 19.5337467194, 44.3412971497, 9.60295963287, 75.7699890137, 112.157180786, 30.6481075287, 18.9295883179], [-23.1106262207, 9.51350498199, 26.2500038147, 22.6179466248, 5.55435848236, 21.4061508179, 3.15399885178, 13.7546310425, 8.8779964447, 19.8529338837, 30.6481075287, 65.3039932251, 24.217010498], [-44.7314453125, -9.03561973572, 40.0290679932, 40.805721283, 25.8424472809, 6.87656879425, -0.415701657534, -1.04226362705, 3.17085027695, 15.7383975983, 18.9295883179, 24.217010498, 77.1825561523]],
