{
"lowlevel": {
    "average_loudness": 0.196896269917,
    "barkbands_crest": {
        "dmean": 1.83865833282,
        "dmean2": 2.82486605644,
        "dvar": 4.27864170074,
        "dvar2": 10.3018321991,
        "max": 24.67029953,
        "mean": 12.5743513107,
        "median": 11.9339437485,
        "min": 3.57067155838,
        "var": 18.8244476318
    },
    "barkbands_flatness_db": {
        "dmean": 0.0165892001241,
        "dmean2": 0.023631805554,
        "dvar": 0.000392666173866,
        "dvar2": 0.000808652665,
        "max": 0.463765203953,
        "mean": 0.198595821857,
        "median": 0.198208883405,
        "min": 0.0467887595296,
        "var": 0.00393611378968
    },
    "barkbands_kurtosis": {
        "dmean": 4.39610481262,
        "dmean2": 6.65077543259,
        "dvar": 80.8768463135,
        "dvar2": 194.086761475,
        "max": 172.02583313,
        "mean": 12.5260391235,
        "median": 4.57362604141,
        "min": -1.9124546051,
        "var": 439.231201172
    },
    "barkbands_skewness": {
        "dmean": 0.467987120152,
        "dmean2": 0.694384753704,
        "dvar": 0.393209129572,
        "dvar2": 0.897104561329,
        "max": 10.9900875092,
        "mean": 2.06954860687,
        "median": 1.80542111397,
        "min": -2.80343580246,
        "var": 3.83855557442
    },
    "barkbands_spread": {
        "dmean": 3.17050766945,
        "dmean2": 4.50353765488,
        "dvar": 50.3370399475,
        "dvar2": 90.1571960449,
        "max": 104.4581604,
        "mean": 13.2832574844,
        "median": 9.46073818207,
        "min": 0.464314103127,
        "var": 197.955734253
    },
    "dissonance": {
        "dmean": 0.0271389968693,
        "dmean2": 0.0461490824819,
        "dvar": 0.000775840191636,
        "dvar2": 0.00216145720333,
        "max": 0.498457163572,
        "mean": 0.433601915836,
        "median": 0.442104190588,
        "min": 0.228794902563,
        "var": 0.00186275702436
    },
    "dynamic_complexity": 8.17140293121,
    "erbbands_crest": {
        "dmean": 2.12528562546,
        "dmean2": 3.28826642036,
        "dvar": 4.83529949188,
        "dvar2": 10.9186382294,
        "max": 29.0610790253,
        "mean": 12.3293075562,
        "median": 11.4967346191,
        "min": 2.59511351585,
        "var": 31.0609474182
    },
    "erbbands_flatness_db": {
        "dmean": 0.0130751803517,
        "dmean2": 0.0181670058519,
        "dvar": 0.000216187574551,
        "dvar2": 0.000383329199394,
        "max": 0.320417582989,
        "mean": 0.18662494421,
        "median": 0.183686584234,
        "min": 0.0586758926511,
        "var": 0.002891829703
    },
    "erbbands_kurtosis": {
        "dmean": 1.13893306255,
        "dmean2": 1.66377556324,
        "dvar": 3.66417360306,
        "dvar2": 6.70454311371,
        "max": 28.1952781677,
        "mean": 2.24885725975,
        "median": 1.24854040146,
        "min": -1.71206009388,
        "var": 12.4938020706
    },
    "erbbands_skewness": {
        "dmean": 0.329895764589,
        "dmean2": 0.459339886904,
        "dvar": 0.145891189575,
        "dvar2": 0.231399267912,
        "max": 4.73012208939,
        "mean": 0.812660753727,
        "median": 0.787901341915,
        "min": -4.62410211563,
        "var": 0.934760332108
    },
    "erbbands_spread": {
        "dmean": 5.07896995544,
        "dmean2": 7.37989330292,
        "dvar": 62.4277458191,
        "dvar2": 117.634140015,
        "max": 127.098526001,
        "mean": 29.2714920044,
        "median": 26.2452735901,
        "min": 4.45844507217,
        "var": 324.035491943
    },
    "hfc": {
        "dmean": 2.47701740265,
        "dmean2": 3.02570176125,
        "dvar": 100.338935852,
        "dvar2": 118.06136322,
        "max": 296.423126221,
        "mean": 11.3266477585,
        "median": 2.53461527824,
        "min": 3.85710933415e-07,
        "var": 584.505615234
    },
    "melbands_crest": {
        "dmean": 2.04693555832,
        "dmean2": 3.25752615929,
        "dvar": 5.44218349457,
        "dvar2": 14.4356994629,
        "max": 33.932559967,
        "mean": 15.4190454483,
        "median": 13.8610401154,
        "min": 6.10529565811,
        "var": 31.7874622345
    },
    "melbands_flatness_db": {
        "dmean": 0.0183577705175,
        "dmean2": 0.0250959824771,
        "dvar": 0.00051364157116,
        "dvar2": 0.000997974071652,
        "max": 0.61536192894,
        "mean": 0.280200153589,
        "median": 0.271434515715,
        "min": 0.0649592131376,
        "var": 0.00647213775665
    },
    "melbands_kurtosis": {
        "dmean": 7.68842077255,
        "dmean2": 12.2662763596,
        "dvar": 241.13710022,
        "dvar2": 639.508789062,
        "max": 262.029693604,
        "mean": 21.6121902466,
        "median": 9.66666603088,
        "min": -1.93517839909,
        "var": 1041.16003418
    },
    "melbands_skewness": {
        "dmean": 0.554273962975,
        "dmean2": 0.846094667912,
        "dvar": 0.58283829689,
        "dvar2": 1.51454615593,
        "max": 12.6145000458,
        "mean": 2.76527285576,
        "median": 2.48989653587,
        "min": -1.07666540146,
        "var": 4.78163576126
    },
    "melbands_spread": {
        "dmean": 3.99894547462,
        "dmean2": 5.21285820007,
        "dvar": 134.289321899,
        "dvar2": 148.891998291,
        "max": 297.525695801,
        "mean": 16.1189041138,
        "median": 11.0321969986,
        "min": 0.364229887724,
        "var": 636.656982422
    },
    "pitch_salience": {
        "dmean": 0.0460680052638,
        "dmean2": 0.0729773119092,
        "dvar": 0.00271579879336,
        "dvar2": 0.00700392015278,
        "max": 0.788949728012,
        "mean": 0.49825668335,
        "median": 0.504195868969,
        "min": 0.108978576958,
        "var": 0.014786792919
    },
    "silence_rate_20dB": {
        "dmean": 0,
        "dmean2": 0,
        "dvar": 0,
        "dvar2": 0,
        "max": 1,
        "mean": 1,
        "median": 1,
        "min": 1,
        "var": 0
    },
    "silence_rate_30dB": {
        "dmean": 0,
        "dmean2": 0,
        "dvar": 0,
        "dvar2": 0,
        "max": 1,
        "mean": 1,
        "median": 1,
        "min": 1,
        "var": 0
    },
    "silence_rate_60dB": {
        "dmean": 0.0402476787567,
        "dmean2": 0.0805577039719,
        "dvar": 0.0386282429099,
        "dvar2": 0.0895613059402,
        "max": 1,
        "mean": 0.33565351367,
        "median": 0,
        "min": 0,
        "var": 0.222993761301
    },
    "spectral_centroid": {
        "dmean": 141.184814453,
        "dmean2": 187.046676636,
        "dvar": 144438.421875,
        "dvar2": 158561.21875,
        "max": 10706.4423828,
        "mean": 844.440429688,
        "median": 690.201599121,
        "min": 127.060112,
        "var": 494678.53125
    },
    "spectral_complexity": {
        "dmean": 1.05882358551,
        "dmean2": 1.69790863991,
        "dvar": 1.37115049362,
        "dvar2": 2.94824576378,
        "max": 20,
        "mean": 6.73395204544,
        "median": 6,
        "min": 0,
        "var": 19.2671756744
    },
    "spectral_decrease": {
        "dmean": 5.65367419547e-10,
        "dmean2": 8.00723432004e-10,
        "dvar": 9.72140395988e-19,
        "dvar2": 1.88621043823e-18,
        "max": -3.71569663508e-17,
        "mean": -3.39497074897e-09,
        "median": -1.65486435666e-09,
        "min": -2.24498819534e-08,
        "var": 1.98384049798e-17
    },
    "spectral_energy": {
        "dmean": 0.00232494901866,
        "dmean2": 0.00325599452481,
        "dvar": 1.58812290465e-05,
        "dvar2": 3.00665469695e-05,
        "max": 0.0903581678867,
        "mean": 0.0138407526538,
        "median": 0.00662819109857,
        "min": 1.75224196264e-10,
        "var": 0.00033563899342
    },
    "spectral_energyband_high": {
        "dmean": 0.000141263386467,
        "dmean2": 0.000161125324667,
        "dvar": 1.20619790778e-06,
        "dvar2": 1.36140477025e-06,
        "max": 0.0332809910178,
        "mean": 0.000275998841971,
        "median": 1.94629319594e-05,
        "min": 1.78954091129e-11,
        "var": 3.92294487028e-06
    },
    "spectral_energyband_low": {
        "dmean": 0.00102812470868,
        "dmean2": 0.00136036076583,
        "dvar": 8.59660030983e-06,
        "dvar2": 1.58324455697e-05,
        "max": 0.0471354015172,
        "mean": 0.00356586487032,
        "median": 0.00153318559751,
        "min": 6.08293537069e-12,
        "var": 3.63036269846e-05
    },
    "spectral_energyband_middle_high": {
        "dmean": 0.000808483513538,
        "dmean2": 0.00107196997851,
        "dvar": 4.37751123172e-06,
        "dvar2": 7.96268250269e-06,
        "max": 0.0619849301875,
        "mean": 0.0048298984766,
        "median": 0.000286143971607,
        "min": 1.7311331188e-11,
        "var": 0.000136166694574
    },
    "spectral_energyband_middle_low": {
        "dmean": 0.00122321117669,
        "dmean2": 0.00187359459233,
        "dvar": 4.87235911351e-06,
        "dvar2": 1.06849747681e-05,
        "max": 0.0506437309086,
        "mean": 0.00544202700257,
        "median": 0.00299403374083,
        "min": 1.16626708291e-10,
        "var": 3.73132206732e-05
    },
    "spectral_entropy": {
        "dmean": 0.155729457736,
        "dmean2": 0.215444460511,
        "dvar": 0.0391238555312,
        "dvar2": 0.058135163039,
        "max": 9.80657196045,
        "mean": 6.90928316116,
        "median": 6.84949350357,
        "min": 4.96837377548,
        "var": 0.395823925734
    },
    "spectral_flux": {
        "dmean": 0.0101008405909,
        "dmean2": 0.0155860399827,
        "dvar": 0.000231758735026,
        "dvar2": 0.000546491006389,
        "max": 0.221907272935,
        "mean": 0.0313596874475,
        "median": 0.0221856776625,
        "min": 3.2856962207e-05,
        "var": 0.000979760545306
    },
    "spectral_kurtosis": {
        "dmean": 2.24356579781,
        "dmean2": 3.7039437294,
        "dvar": 5.41137647629,
        "dvar2": 14.0681581497,
        "max": 47.1451454163,
        "mean": 8.96236801147,
        "median": 7.33415603638,
        "min": -1.20527589321,
        "var": 39.3665847778
    },
    "spectral_rms": {
        "dmean": 0.000290408002911,
        "dmean2": 0.000410481181461,
        "dvar": 1.67013666896e-07,
        "dvar2": 3.22185343293e-07,
        "max": 0.00938905216753,
        "mean": 0.00298990681767,
        "median": 0.00254293694161,
        "min": 4.13461521021e-07,
        "var": 4.56364750789e-06
    },
    "spectral_rolloff": {
        "dmean": 219.781570435,
        "dmean2": 342.395782471,
        "dvar": 622258.125,
        "dvar2": 979602.8125,
        "max": 11218.7988281,
        "mean": 981.270690918,
        "median": 624.462890625,
        "min": 86.1328125,
        "var": 2551765.5
    },
    "spectral_skewness": {
        "dmean": 0.244071424007,
        "dmean2": 0.378859788179,
        "dvar": 0.0563757829368,
        "dvar2": 0.111947871745,
        "max": 5.44886922836,
        "mean": 2.25883555412,
        "median": 2.17795491219,
        "min": -0.163529500365,
        "var": 0.597995340824
    },
    "spectral_spread": {
        "dmean": 444216.53125,
        "dmean2": 605385.9375,
        "dvar": 1.29312292864e+12,
        "dvar2": 1.33656005837e+12,
        "max": 40541204,
        "mean": 4157099.75,
        "median": 3774923.75,
        "min": 1749800.5,
        "var": 3.74451811123e+12
    },
    "spectral_strongpeak": {
        "dmean": 0.327503442764,
        "dmean2": 0.522168934345,
        "dvar": 1.05623209476,
        "dvar2": 2.5023868084,
        "max": 16.1129283905,
        "mean": 1.19263517857,
        "median": 0.33549028635,
        "min": 1.52408720169e-05,
        "var": 4.49304771423
    },
    "zerocrossingrate": {
        "dmean": 0.00722444616258,
        "dmean2": 0.00740213179961,
        "dvar": 0.000290783704259,
        "dvar2": 0.000198597321287,
        "max": 0.3740234375,
        "mean": 0.0406512096524,
        "median": 0.03173828125,
        "min": 0.0029296875,
        "var": 0.00216205674224
    },
    "barkbands": {
        "dmean": [1.09649281512e-05, 0.000784690724686, 0.000322195352055, 0.000209021905903, 0.000316712568747, 0.000387993291952, 0.000271374039585, 6.14829696133e-05, 0.000500383728649, 9.60301840678e-05, 0.000462256546598, 0.000116672854347, 0.000223114504479, 0.000117407209473, 5.81662279728e-05, 9.04306871234e-05, 3.13695600198e-05, 2.86493486783e-05, 3.5438213672e-05, 1.92665447685e-05, 1.11894896691e-05, 1.01350342447e-05, 1.79051221494e-05, 7.32477274141e-05, 2.85171026917e-05, 7.67068195273e-06, 6.10400775258e-07],
        "dmean2": [1.75040458998e-05, 0.00100959395058, 0.000514464103617, 0.000352924718754, 0.000513812468853, 0.000553768011741, 0.000427210528869, 7.9127967183e-05, 0.000682526559103, 0.00012629320554, 0.000640177633613, 0.000171060033608, 0.000300505023915, 0.000167839214555, 8.81973392097e-05, 0.000118279473099, 4.07335392083e-05, 4.02194891649e-05, 5.17695152666e-05, 2.82881810563e-05, 1.49062052515e-05, 1.20033591884e-05, 2.24314917432e-05, 9.02922765817e-05, 3.48025387211e-05, 9.35800198931e-06, 9.90456101135e-07],
        "dvar": [2.12996820181e-09, 6.34124626231e-06, 1.4613010535e-06, 1.53562297101e-07, 5.20756145761e-07, 8.98259713722e-07, 1.20414927096e-06, 4.7385075419e-08, 2.45412729782e-06, 5.31176965524e-07, 2.34743652072e-06, 1.88369838838e-07, 5.90653883137e-07, 6.15112583091e-07, 4.36804619142e-08, 6.03650278208e-07, 4.79089266037e-08, 1.15827596403e-08, 1.994542842e-08, 2.71272138086e-09, 2.92840374172e-09, 2.97632030133e-09, 1.45561473985e-08, 5.07637025748e-07, 4.80514472656e-08, 1.38027123064e-09, 1.10295123729e-11],
        "dvar2": [4.94459806433e-09, 1.05051040009e-05, 3.45131161339e-06, 5.06459684857e-07, 1.45077547131e-06, 1.55287921189e-06, 2.95689187624e-06, 7.20880137806e-08, 4.37278140453e-06, 8.55823657275e-07, 4.30024692832e-06, 4.29297813298e-07, 9.41720600167e-07, 1.3914864212e-06, 8.72376446637e-08, 9.60317720455e-07, 6.18732727276e-08, 2.02432310914e-08, 3.90789232085e-08, 5.8919158441e-09, 4.91047336126e-09, 4.00880972862e-09, 2.23723812809e-08, 6.88406032623e-07, 5.4895362922e-08, 1.46828016412e-09, 2.49441110128e-11],
        "max": [0.00107932568062, 0.0455732867122, 0.0242990069091, 0.00429460359737, 0.0153142176569, 0.0214156080037, 0.0195450894535, 0.00482999766245, 0.0465442128479, 0.0176271256059, 0.0501836463809, 0.0107447914779, 0.0261874161661, 0.020402867347, 0.00472166901454, 0.0355686657131, 0.00882059615105, 0.00395312253386, 0.00474717374891, 0.00103590742219, 0.00146385503467, 0.00192750501446, 0.00394029356539, 0.0194710679352, 0.00741408951581, 0.000934512761887, 7.036007446e-05],
        "mean": [1.45992453326e-05, 0.00266885990277, 0.000631726055872, 0.000445219222456, 0.00098618818447, 0.00130816060118, 0.000605255132541, 0.000172358268173, 0.00187840836588, 0.000177397378138, 0.0027035519015, 0.000269576994469, 0.000844696362037, 0.000177141788299, 0.000166147729033, 0.000228626682656, 6.85730774421e-05, 8.086602611e-05, 0.000107691288576, 4.7462675866e-05, 1.87507957889e-05, 1.82782459888e-05, 3.12740703521e-05, 0.000121639852296, 5.41992922081e-05, 1.34177871587e-05, 7.07743311068e-07],
        "median": [1.48039941905e-06, 0.000829540309496, 0.000248432217631, 0.000263000634732, 0.000294306257274, 0.000222013244638, 5.19888490089e-05, 2.10517537198e-05, 7.42666743463e-05, 1.46587772178e-05, 3.11029834847e-05, 3.30296825268e-05, 2.33638711507e-05, 1.06519837573e-05, 1.95886259462e-05, 8.37759762362e-06, 6.74698230796e-06, 9.70733162831e-06, 8.92045136425e-06, 8.98128473636e-06, 2.25017652156e-06, 1.59149442425e-06, 1.56404155405e-06, 2.19631806431e-06, 1.57743636464e-06, 5.89888259128e-07, 5.9347144088e-08],
        "min": [4.22189063223e-12, 1.78069787648e-12, 7.79086051315e-13, 4.02691898924e-12, 3.06819465667e-11, 4.82347495279e-11, 8.05538199079e-13, 5.22313149762e-13, 3.94535532716e-12, 2.88997103158e-12, 1.95353282162e-12, 1.26668705906e-12, 5.0853771064e-13, 6.28806197649e-13, 6.2238842552e-13, 2.08971945651e-12, 9.86572694199e-13, 1.24341086472e-12, 6.58800867592e-13, 9.32910107672e-13, 8.82833899301e-13, 1.00612671406e-12, 1.86335539012e-12, 2.12362267528e-12, 2.85922782846e-12, 3.82385616227e-12, 4.62661332856e-12],
        "var": [2.83739076679e-09, 2.93508273899e-05, 2.081465027e-06, 2.78781243424e-07, 3.16048453897e-06, 5.5250202422e-06, 4.46680769528e-06, 2.41509184207e-07, 1.78737136594e-05, 1.25716633192e-06, 6.21921644779e-05, 6.50796437185e-07, 7.79353376856e-06, 8.42234157972e-07, 2.25901047202e-07, 3.52105689672e-06, 2.28883550335e-07, 1.07264845894e-07, 1.04497530629e-07, 9.36478627978e-09, 7.24796933582e-09, 9.77579261985e-09, 4.12360385837e-08, 1.357080464e-06, 1.68344783447e-07, 4.870817083e-09, 1.61365504292e-11]
    },
    "erbbands": {
        "dmean": [0.016895249486, 0.197848170996, 0.369535118341, 0.517581939697, 1.0074352026, 0.957304477692, 2.17600822449, 3.56539297104, 4.07227945328, 1.82400667667, 2.87976026535, 13.7834949493, 4.33879709244, 5.90352487564, 18.2690143585, 4.19276857376, 9.76985454559, 5.03104734421, 6.04204559326, 3.22116041183, 3.55017733574, 1.2712700367, 1.51909005642, 1.92091870308, 1.0895563364, 0.884461045265, 0.476917088032, 0.419439166784, 0.327134519815, 0.495454519987, 0.548694133759, 0.76619809866, 1.65231895447, 0.558397591114, 0.118684470654, 0.0398132801056, 0.0146311605349, 0.00277538457885, 5.9849164245e-05, 4.5300353122e-06],
        "dmean2": [0.0197491217405, 0.261395722628, 0.595278203487, 0.859102964401, 1.76692891121, 1.3561578989, 3.16146111488, 5.13089609146, 6.48087263107, 2.73101353645, 3.9131064415, 18.8250827789, 5.49624872208, 7.24165248871, 24.5662593842, 5.85209131241, 12.7494716644, 7.02551937103, 8.92512321472, 3.86647796631, 4.85029792786, 1.67294991016, 2.05098366737, 2.79174542427, 1.49491405487, 1.3216047287, 0.664797544479, 0.562162220478, 0.42955416441, 0.696477591991, 0.709843158722, 0.951650500298, 2.09775114059, 0.672444105148, 0.122690193355, 0.0464681945741, 0.019851397723, 0.00406474154443, 8.70388030307e-05, 5.93126060267e-06],
        "dvar": [0.00315979728475, 0.392540186644, 1.79968583584, 1.03392231464, 6.38546609879, 5.19034004211, 40.695098877, 67.2224731445, 298.491424561, 59.3529777527, 106.225074768, 2044.78942871, 562.517089844, 822.287841797, 3391.17333984, 310.328552246, 1196.74401855, 298.122436523, 1241.53894043, 625.571899414, 770.117370605, 43.7478752136, 40.7136650085, 57.7336502075, 11.0317430496, 6.59573125839, 3.78574085236, 4.59860944748, 2.85009932518, 12.309677124, 15.4160079956, 51.4828987122, 260.485443115, 21.2862415314, 0.614736378193, 0.0582555644214, 0.00509543577209, 0.000183891155757, 9.17679301438e-08, 2.11360040581e-10],
        "dvar2": [0.0047360486351, 0.679322004318, 4.06301879883, 3.10907816887, 23.1824760437, 10.1319437027, 70.2249984741, 131.565216064, 724.951904297, 117.993865967, 192.838516235, 3814.84082031, 1084.47680664, 1013.31817627, 6239.34912109, 717.242370605, 1815.06799316, 592.093261719, 3074.68481445, 783.241699219, 1355.37194824, 67.5256958008, 66.6856536865, 118.231491089, 17.3360614777, 14.780582428, 7.01162576675, 7.27122020721, 4.28266000748, 23.6558666229, 26.4611701965, 69.5324554443, 396.288574219, 24.5230407715, 0.512936592102, 0.0663702487946, 0.00816805381328, 0.000411049084505, 1.93211448618e-07, 2.6047367041e-10],
        "max": [1.16477942467, 10.6756019592, 25.0297737122, 14.7177457809, 36.8026351929, 61.5572052002, 190.036483765, 169.426101685, 328.26852417, 190.816055298, 228.478591919, 1411.45166016, 800.945983887, 889.469665527, 2534.16674805, 504.845245361, 1139.63525391, 304.203216553, 897.873901367, 1082.02819824, 1268.42797852, 245.090759277, 252.703979492, 251.050964355, 111.196517944, 52.0230865479, 38.4851226807, 60.2925262451, 52.7266197205, 118.726036072, 124.281341553, 199.751617432, 462.96875, 146.977508545, 28.994134903, 7.6279592514, 1.53781104088, 0.339295446873, 0.00782449729741, 0.000407093815738],
        "mean": [0.0590535961092, 0.660174190998, 0.842144966125, 1.26273620129, 1.86256015301, 3.23674511909, 7.54156398773, 12.6939201355, 9.21030330658, 5.05075502396, 8.16761112213, 52.2208175659, 12.5953741074, 19.2133426666, 119.4972229, 16.9536724091, 38.182888031, 13.8834381104, 14.1255044937, 7.21921730042, 10.6763896942, 3.99681472778, 4.64299488068, 5.53412246704, 4.02282810211, 2.2066617012, 0.899927258492, 0.731444239616, 0.615809202194, 0.831605374813, 0.929905891418, 1.31844222546, 2.63298583031, 1.01237809658, 0.220402359962, 0.0650695934892, 0.0248544048518, 0.00407533207908, 9.59539029282e-05, 2.01357561309e-05],
        "median": [0.0154715925455, 0.21381816268, 0.327692508698, 0.892534732819, 0.767618775368, 0.814878344536, 1.92069756985, 2.37670230865, 1.36657190323, 0.696542978287, 2.12765645981, 2.11415576935, 1.53172397614, 1.32927823067, 1.05803573132, 1.40359461308, 1.35297727585, 0.631556987762, 1.24531674385, 0.716011047363, 0.438517361879, 0.436989814043, 0.566814601421, 0.545909762383, 0.404359638691, 0.444254547358, 0.161663293839, 0.0791254192591, 0.058397796005, 0.050651602447, 0.0431094877422, 0.0369451567531, 0.0442284755409, 0.0255322977901, 0.00731687806547, 0.00268005207181, 0.000786062795669, 0.000218481713091, 1.02608973975e-05, 8.75806108525e-06],
        "min": [1.10525630315e-10, 2.21088730656e-10, 6.4823324486e-10, 7.91914178677e-09, 3.43020403193e-08, 1.14472499035e-07, 3.46246025629e-07, 3.55146681841e-07, 5.15049372041e-08, 1.2381661918e-08, 1.65448863498e-08, 5.80299612807e-08, 1.77169326321e-07, 5.76141552244e-08, 5.67193794154e-08, 6.03921179732e-08, 2.75808815786e-08, 3.67601700191e-08, 2.31545058682e-08, 9.32681771815e-08, 8.86718183324e-08, 4.69145078341e-08, 4.80586699325e-08, 6.21506686116e-08, 3.51321993719e-08, 5.48378871201e-08, 2.92325790241e-08, 4.64645424358e-08, 4.05588664876e-08, 6.93274486707e-08, 3.70897907942e-08, 4.08573406219e-08, 3.45786013156e-08, 2.88275057159e-08, 1.98613996361e-08, 1.37002613698e-08, 5.96341287462e-09, 3.17646153825e-09, 6.12605521866e-10, 6.88573018048e-11],
        "var": [0.0166308581829, 1.72484195232, 2.9954199791, 1.88572633266, 11.5110473633, 42.8604774475, 197.475631714, 497.551300049, 888.669006348, 313.509399414, 360.340454102, 14808.5244141, 1229.25048828, 5795.53662109, 132552.359375, 2103.10522461, 15380.0097656, 1479.26123047, 1994.47705078, 2141.13232422, 6776.6015625, 426.222747803, 425.168060303, 277.785614014, 125.998588562, 20.8833179474, 9.29005622864, 12.1054229736, 9.85824584961, 27.793510437, 39.3065490723, 134.319824219, 657.799255371, 69.8254318237, 2.5231962204, 0.177035227418, 0.0157103892416, 0.000358649966074, 1.8993524975e-07, 1.12625542226e-09]
    },
    "gfcc": {
        "mean": [-124.405044556, 116.159164429, -95.8370819092, 18.4151649475, -45.0356559753, 13.3891191483, -36.6722450256, 11.717168808, -28.376247406, -1.01103484631, -9.69853496552, -1.59005999565, -8.61748981476],
        "cov": [[17466.4179688, -1112.44567871, -1767.6862793, -155.957351685, -1017.63586426, 836.781066895, 636.960144043, 589.185302734, -234.995773315, 578.092468262, 792.208435059, -200.819915771, 160.598983765], [-1112.44567871, 1216.36376953, 0.866098880768, -213.701187134, 351.406585693, -221.324066162, 69.5162963867, 0.843140780926, 81.4834747314, -118.840942383, 96.4484176636, -15.4557495117, 45.8069267273], [-1767.6862793, 0.866098880768, 794.9453125, 250.153106689, 97.4814834595, -57.3186378479, -155.668655396, -147.324371338, 5.15685319901, -61.8393859863, -139.704986572, 25.4965419769, -19.0078048706], [-155.957351685, -213.701187134, 250.153106689, 508.387329102, -7.84365940094, 68.6938018799, -160.167938232, -46.5980644226, 138.363189697, 27.9820594788, -53.4359474182, -1.86062121391, 19.1558456421], [-1017.63586426, 351.406585693, 97.4814834595, -7.84365940094, 438.068847656, 24.6434459686, 44.3066444397, -38.5178451538, 62.2497634888, -31.1983451843, -27.471157074, 53.6185340881, -48.9961967468], [836.781066895, -221.324066162, -57.3186378479, 68.6938018799, 24.6434459686, 271.932342529, 101.759483337, 13.1843538284, -2.35171437263, 73.3768539429, 49.5477218628, 53.8685188293, 26.4467525482], [636.960144043, 69.5162963867, -155.668655396, -160.167938232, 44.3066444397, 101.759483337, 284.571655273, 73.1639633179, -54.0240364075, 74.5399780273, 97.4572219849, 61.2864303589, 17.2330646515], [589.185302734, 0.843140780926, -147.324371338, -46.5980644226, -38.5178451538, 13.1843538284, 73.1639633179, 193.381149292, 53.3287467957, 40.2502059937, 62.6508750916, -1.64166617393, 41.6210250854], [-234.995773315, 81.4834747314, 5.15685319901, 138.363189697, 62.2497634888, -2.35171437263, -54.0240364075, 53.3287467957, 208.934082031, 20.2870483398, -9.48553657532, 23.318983078, 2.50582194328], [578.092468262, -118.840942383, -61.8393859863, 27.9820594788, -31.1983451843, 73.3768539429, 74.5399780273, 40.2502059937, 20.2870483398, 127.5129776, 53.2409286499, 41.5342102051, 13.3641500473], [792.208435059, 96.4484176636, -139.704986572, -53.4359474182, -27.471157074, 49.5477218628, 97.4572219849, 62.6508750916, -9.48553657532, 53.2409286499, 168.403366089, 17.1292686462, 56.6241340637], [-200.819915771, -15.4557495117, 25.4965419769, -1.86062121391, 53.6185340881, 53.8685188293, 61.2864303589, -1.64166617393, 23.318983078, 41.5342102051, 17.1292686462, 130.563095093, 25.9170131683], [160.598983765, 45.8069267273, -19.0078048706, 19.1558456421, -48.9961967468, 26.4467525482, 17.2330646515, 41.6210250854, 2.50582194328, 13.3641500473, 56.6241340637, 25.9170131683, 127.918754578]],
        "icov": [[0.000130106127472, -5.1036298828e-05, 0.000160697556566, -9.11844908842e-05, 0.000241081012064, -0.000356782256858, 3.09620700136e-05, -0.000185977682122, 0.000183739539352, -0.000239199624048, -0.000294288154691, 0.000230982419453, 0.000219769499381], [-5.1036298828e-05, 0.00274311006069, -0.000285557645839, 0.00092739140382, -0.00221296097152, 0.00260217511095, -0.0014924047282, 0.00153844361193, -0.00223490642384, 0.00184464198537, -0.00220775674097, 0.00141760334373, -0.00224351789802], [0.000160697556566, -0.000285557645839, 0.00227346620522, -0.00133996689692, 1.84899945452e-05, 2.96905409414e-06, 0.000303657347104, 0.000207773293369, 0.00126891990658, -0.000141880984302, 0.000760942173656, -0.000706198974513, 0.000133150912006], [-9.11844908842e-05, 0.00092739140382, -0.00133996689692, 0.0046943151392, -0.000514974119142, -0.000807181349955, 0.00134089530911, 0.0015135720605, -0.00351366843097, -0.00093500316143, -0.000361488579074, 0.00156466197222, -0.00181365944445], [0.000241081012064, -0.00221296097152, 1.84899945452e-05, -0.000514974119142, 0.00531737040728, -0.0030294212047, 7.12671590009e-06, -0.000706736696884, 0.000241591464146, -6.78923606756e-05, 0.00109175941907, -0.00167183578014, 0.00331945368089], [-0.000356782256858, 0.00260217511095, 2.96905409414e-06, -0.000807181349955, -0.0030294212047, 0.00888174306601, -0.00332469283603, 0.00223359838128, -0.0013784795301, 0.000818209489807, -0.00136589573231, -0.000318446924211, -0.00302737532184], [3.09620700136e-05, -0.0014924047282, 0.000303657347104, 0.00134089530911, 7.12671590009e-06, -0.00332469283603, 0.00909516401589, -0.00316849839874, 0.00345092685893, -0.00356810190715, -0.0008020218811, -0.00289912801236, 0.00208318745717], [-0.000185977682122, 0.00153844361193, 0.000207773293369, 0.0015135720605, -0.000706736696884, 0.00223359838128, -0.00316849839874, 0.00983298011124, -0.005241882056, 0.000247666146606, -0.00127843488008, 0.0026588011533, -0.00391416531056], [0.000183739539352, -0.00223490642384, 0.00126891990658, -0.00351366843097, 0.000241591464146, -0.0013784795301, 0.00345092685893, -0.005241882056, 0.010974003002, -0.00263347825967, 0.00155141728465, -0.00341080431826, 0.00296699116006], [-0.000239199624048, 0.00184464198537, -0.000141880984302, -0.00093500316143, -6.78923606756e-05, 0.000818209489807, -0.00356810190715, 0.000247666146606, -0.00263347825967, 0.0149722704664, -0.00340063590556, -0.00271377922036, 0.000506149488501], [-0.000294288154691, -0.00220775674097, 0.000760942173656, -0.000361488579074, 0.00109175941907, -0.00136589573231, -0.0008020218811, -0.00127843488008, 0.00155141728465, -0.00340063590556, 0.0127394720912, -0.000740215065889, -0.00261252047494], [0.000230982419453, 0.00141760334373, -0.000706198974513, 0.00156466197222, -0.00167183578014, -0.000318446924211, -0.00289912801236, 0.0026588011533, -0.00341080431826, -0.00271377922036, -0.000740215065889, 0.0129441693425, -0.00413048220798], [0.000219769499381, -0.00224351789802, 0.000133150912006, -0.00181365944445, 0.00331945368089, -0.00302737532184, 0.00208318745717, -0.00391416531056, 0.00296699116006, 0.000506149488501, -0.00261252047494, -0.00413048220798, 0.0134088713676]]
    },
    "melbands": {
        "dmean": [0.000193454601686, 0.000210709593375, 0.000102840109321, 6.7725268309e-05, 7.00906603015e-05, 7.90223421063e-05, 6.02221844019e-05, 1.7216492779e-05, 3.3599055314e-05, 8.48443596624e-05, 1.9934392185e-05, 2.10189737118e-05, 6.1831662606e-05, 2.26295214816e-05, 1.30989392346e-05, 2.57795327343e-05, 8.22990841698e-06, 1.22720257423e-05, 3.29372437591e-06, 7.81077505962e-06, 3.84926124752e-06, 1.80770291536e-06, 1.32965465127e-06, 1.38516463721e-06, 1.75398440661e-06, 1.21449431845e-06, 7.51834022594e-07, 6.03623504958e-07, 3.42309448342e-07, 2.7404266234e-07, 2.49258278018e-07, 1.88969437431e-07, 2.28359354537e-07, 3.07630926955e-07, 3.5360838524e-07, 3.11250005325e-07, 5.48380342025e-07, 1.17519687137e-06, 1.01593286672e-06, 3.68731349454e-07],
        "dmean2": [0.000233984421357, 0.000315231503919, 0.000175092864083, 0.000110500659503, 0.000100627010397, 0.000113921734737, 9.53911512624e-05, 2.51031669904e-05, 4.56027119071e-05, 0.000116033348604, 2.49317672569e-05, 2.61123805103e-05, 8.26165996841e-05, 3.0126018828e-05, 1.81047817023e-05, 3.4276246879e-05, 1.16783648991e-05, 1.79856415343e-05, 4.86774479214e-06, 8.79961407918e-06, 5.17347189088e-06, 2.26558790928e-06, 1.65058247603e-06, 1.9404556042e-06, 2.57024316852e-06, 1.72678187482e-06, 1.08652272957e-06, 9.15823193282e-07, 5.11161260874e-07, 3.85500442235e-07, 3.42066442727e-07, 2.72286683867e-07, 2.84210017298e-07, 4.38845631834e-07, 5.00769431255e-07, 3.95155581145e-07, 6.97522295923e-07, 1.63317815804e-06, 1.20682727811e-06, 5.05539730966e-07],
        "dvar": [4.0589881678e-07, 4.47184362429e-07, 3.63737271414e-08, 2.55868730648e-08, 3.45589583617e-08, 3.45156827564e-08, 6.17705566697e-08, 4.72947681018e-09, 1.72588929814e-08, 7.74379103063e-08, 1.35000703949e-08, 1.28090995588e-08, 4.27209059239e-08, 6.25820284483e-09, 5.725086627e-09, 9.14374087557e-09, 1.30749067129e-09, 6.34611030392e-09, 1.75938208447e-10, 6.29236573957e-09, 1.07872222266e-09, 9.50253556398e-11, 3.92602894639e-11, 2.36991416075e-11, 5.43255405938e-11, 2.12725011217e-11, 3.27255345219e-12, 3.79066699904e-12, 1.89829705774e-12, 2.06310120897e-12, 1.7689230072e-12, 9.28586200988e-13, 2.06097855796e-12, 4.46168883089e-12, 6.24703544103e-12, 5.01810442158e-12, 2.86553905604e-11, 1.50280204947e-10, 8.2536699697e-11, 8.45513936643e-12],
        "dvar2": [6.20610819624e-07, 9.50777575781e-07, 1.17415908107e-07, 7.67753860487e-08, 5.9442413658e-08, 6.38811954445e-08, 1.48860536342e-07, 9.03953356612e-09, 3.31126024378e-08, 1.36161446562e-07, 2.30711840743e-08, 1.55216124398e-08, 8.00739812234e-08, 9.85715153945e-09, 1.20819318994e-08, 1.3877729188e-08, 2.48776799161e-09, 1.56352069069e-08, 3.7069131098e-10, 7.73049180225e-09, 1.90140259093e-09, 1.34890529302e-10, 4.87328614962e-11, 4.59398873109e-11, 1.10847657442e-10, 3.57194308853e-11, 7.22694213501e-12, 8.5664947358e-12, 4.13716803871e-12, 3.86436542488e-12, 3.33181659345e-12, 1.87468920596e-12, 3.05667535554e-12, 8.9116960339e-12, 1.21818848411e-11, 8.0191357027e-12, 4.04047940938e-11, 2.42836722952e-10, 1.21323895375e-10, 1.25820768734e-11],
        "max": [0.0124910064042, 0.0103865265846, 0.00267360382713, 0.00308745750226, 0.00491220317781, 0.0036676262971, 0.00453091226518, 0.00170435954351, 0.00322347483598, 0.00931635126472, 0.00392704363912, 0.00343843060546, 0.00670148292556, 0.00316121708602, 0.0022312856745, 0.00363523908891, 0.00074846186908, 0.00205763266422, 0.000339457008522, 0.00359344109893, 0.00153863336891, 0.000343997264281, 0.000278996682027, 0.000122967423522, 0.000238203123445, 0.000136717193527, 3.80169840355e-05, 4.21117547376e-05, 2.50006178248e-05, 4.11918481404e-05, 3.11983203574e-05, 2.53958296526e-05, 5.23970265931e-05, 6.52050293866e-05, 7.82107308623e-05, 6.08557129453e-05, 0.000149464263814, 0.000323362910422, 0.000263906433247, 8.56537735672e-05],
        "mean": [0.000683944206685, 0.000618566700723, 0.000231383542996, 0.00017633169773, 0.00025525604724, 0.00027101408341, 0.000133753594127, 4.90902348247e-05, 8.11812351458e-05, 0.00033464943408, 4.84098272864e-05, 5.38466374564e-05, 0.000362213992048, 0.000126071987324, 2.85540136247e-05, 0.000105724255263, 1.36772423502e-05, 2.53989019257e-05, 7.54619259169e-06, 1.58200473379e-05, 1.16229412015e-05, 4.28068324254e-06, 3.81029485652e-06, 3.57195585821e-06, 4.56997304354e-06, 3.93261825593e-06, 1.93101095647e-06, 1.30412126964e-06, 5.96064921865e-07, 4.18799629642e-07, 4.13277263078e-07, 3.25118406863e-07, 3.87970658267e-07, 4.94413654906e-07, 5.52186975256e-07, 4.92688002396e-07, 9.045923548e-07, 1.86785814549e-06, 1.57626459441e-06, 6.53270717521e-07],
        "median": [0.000194083171664, 0.000244440569077, 0.000158997587278, 6.07230031164e-05, 7.99403569545e-05, 4.89432241011e-05, 1.63216645888e-05, 5.02096281707e-06, 9.95383197733e-06, 1.14997110359e-05, 5.80397045269e-06, 2.88977525997e-06, 3.58081842933e-06, 3.13534246743e-06, 2.30085788644e-06, 2.01726288651e-06, 8.3175615373e-07, 1.6951124735e-06, 1.20306071949e-06, 7.00994803537e-07, 4.17316584844e-07, 4.59117785567e-07, 4.10114068927e-07, 4.58980053963e-07, 4.1003531237e-07, 2.75734038269e-07, 2.68061683073e-07, 2.66431214868e-07, 1.00476867715e-07, 4.78360391298e-08, 3.86084018089e-08, 3.25524567302e-08, 2.73564406683e-08, 2.66044022368e-08, 2.44494735568e-08, 1.85794917229e-08, 1.970688146e-08, 2.67138968724e-08, 2.64372364001e-08, 1.55240833521e-08],
        "min": [9.45498453836e-13, 2.94060077937e-13, 1.92341151686e-12, 4.871473884e-12, 1.09313955457e-11, 8.04792777559e-12, 5.96086060286e-13, 9.85852567116e-14, 1.32024423403e-13, 4.95591686179e-13, 8.55227130434e-13, 1.82632663333e-13, 2.36776364574e-13, 1.51593567885e-13, 7.99352785027e-14, 5.21663943054e-14, 7.49013007108e-14, 3.24269792604e-14, 6.39462983433e-14, 1.76267393693e-13, 8.89293386109e-14, 5.41417191841e-14, 4.14462741742e-14, 4.67502386358e-14, 5.17758036965e-14, 2.50483058503e-14, 1.96840309487e-14, 3.79352683977e-14, 1.79433917946e-14, 1.40680754535e-14, 3.18741140795e-14, 2.42310190061e-14, 1.91949524309e-14, 3.33008021657e-14, 2.12169556013e-14, 1.47968371903e-14, 2.30177595056e-14, 2.27039625978e-14, 2.54724542105e-14, 2.31543520387e-14],
        "var": [2.07242942452e-06, 1.17417471301e-06, 6.83180658712e-08, 1.24663984025e-07, 1.98937357254e-07, 2.2572012881e-07, 1.99067088147e-07, 2.65047077619e-08, 5.45723111145e-08, 6.2042653326e-07, 2.66266617643e-08, 7.92575605146e-08, 1.13932196655e-06, 1.81682608513e-07, 1.23092176452e-08, 1.4263540038e-07, 2.62554977759e-09, 8.50591774793e-09, 4.50484788361e-10, 2.42068107781e-08, 1.00253316759e-08, 5.89766901982e-10, 4.26756130434e-10, 1.47932652239e-10, 2.28264920854e-10, 1.69343691847e-10, 1.62672722515e-11, 9.01817596294e-12, 3.99952944027e-12, 3.98482332201e-12, 4.19731307003e-12, 2.49224794448e-12, 5.74853923144e-12, 9.80593557742e-12, 1.41863265926e-11, 1.24453563774e-11, 7.08267056115e-11, 3.4598923726e-10, 2.17183146467e-10, 2.53304859726e-11]
    },
    "mfcc": {
        "mean": [-773.731872559, 146.752929688, 12.3267183304, 17.3344459534, 15.2953414917, 0.430429458618, 10.9989118576, 3.18636035919, -4.34108257294, 2.07596898079, -3.03656029701, -5.67924547195, -0.52990937233],
        "cov": [[12808.4267578, 172.927993774, -1191.13427734, -624.888305664, -635.391784668, -216.696746826, 612.54510498, 17.2944297791, -306.030822754, 562.118835449, 395.340301514, -92.1797027588, 420.046051025], [172.927993774, 1568.55334473, -397.467559814, -4.28887271881, 69.810836792, -170.771621704, 113.567070007, 63.4155387878, -52.4766578674, 12.0533847809, 43.7148742676, -46.3005638123, 30.8209114075], [-1191.13427734, -397.467559814, 727.720153809, 178.038330078, 103.822853088, 85.7868041992, -129.055007935, -70.9979476929, 63.0461425781, -117.479499817, -141.177627563, 87.7902679443, -98.1273498535], [-624.888305664, -4.28887271881, 178.038330078, 275.011352539, 136.205596924, 63.448059082, -102.555618286, 5.56773138046, 45.474937439, -17.5043754578, -48.7504615784, 80.399887085, -30.3836193085], [-635.391784668, 69.810836792, 103.822853088, 136.205596924, 306.903045654, 74.0459289551, -96.5956039429, 36.5915184021, 63.4091529846, -25.7564849854, -23.9747219086, 54.3723945618, -41.3198394775], [-216.696746826, -170.771621704, 85.7868041992, 63.448059082, 74.0459289551, 355.440795898, 34.583896637, 37.6552810669, 20.597661972, -51.690788269, -3.33767414093, 43.1781272888, 19.4637680054], [612.54510498, 113.567070007, -129.055007935, -102.555618286, -96.5956039429, 34.583896637, 289.430999756, 12.1664829254, -51.8119316101, 22.955745697, 38.0813789368, -63.2598495483, 98.1169586182], [17.2944297791, 63.4155387878, -70.9979476929, 5.56773138046, 36.5915184021, 37.6552810669, 12.1664829254, 115.385498047, 42.4161491394, 8.14577960968, 38.9751396179, 22.6894760132, 20.0458450317], [-306.030822754, -52.4766578674, 63.0461425781, 45.474937439, 63.4091529846, 20.597661972, -51.8119316101, 42.4161491394, 123.104476929, -0.909109592438, 11.2964038849, 35.5328483582, -13.8664751053], [562.118835449, 12.0533847809, -117.479499817, -17.5043754578, -25.7564849854, -51.690788269, 22.955745697, 8.14577960968, -0.909109592438, 154.338806152, 47.0708580017, -16.9583034515, 8.32308483124], [395.340301514, 43.7148742676, -141.177627563, -48.7504615784, -23.9747219086, -3.33767414093, 38.0813789368, 38.9751396179, 11.2964038849, 47.0708580017, 135.574356079, 29.049861908, 30.6282501221], [-92.1797027588, -46.3005638123, 87.7902679443, 80.399887085, 54.3723945618, 43.1781272888, -63.2598495483, 22.6894760132, 35.5328483582, -16.9583034515, 29.049861908, 140.97984314, 5.24274682999], [420.046051025, 30.8209114075, -98.1273498535, -30.3836193085, -41.3198394775, 19.4637680054, 98.1169586182, 20.0458450317, -13.8664751053, 8.32308483124, 30.6282501221, 5.24274682999, 118.57674408]],
