{
"lowlevel": {
    "average_loudness": 0.954860806465,
    "barkbands_crest": {
        "dmean": 2.54945015907,
        "dmean2": 4.15573883057,
        "dvar": 4.90801715851,
        "dvar2": 12.9144458771,
        "max": 22.7052135468,
        "mean": 8.75409507751,
        "median": 8.0617609024,
        "min": 2.62471365929,
        "var": 11.5756225586
    },
    "barkbands_flatness_db": {
        "dmean": 0.017978426069,
        "dmean2": 0.0290617924184,
        "dvar": 0.00026583543513,
        "dvar2": 0.000666733947583,
        "max": 0.238300859928,
        "mean": 0.14215798676,
        "median": 0.138407856226,
        "min": 0.0528648160398,
        "var": 0.00090427818941
    },
    "barkbands_kurtosis": {
        "dmean": 1.81615400314,
        "dmean2": 2.98539590836,
        "dvar": 9.42317581177,
        "dvar2": 23.5549621582,
        "max": 37.6044998169,
        "mean": 2.00509548187,
        "median": 0.563693761826,
        "min": -1.86407423019,
        "var": 18.5912017822
    },
    "barkbands_skewness": {
        "dmean": 0.47653439641,
        "dmean2": 0.734062194824,
        "dvar": 0.259597361088,
        "dvar2": 0.577397823334,
        "max": 5.68984174728,
        "mean": 1.11633348465,
        "median": 0.95303273201,
        "min": -0.980159521103,
        "var": 1.04543292522
    },
    "barkbands_spread": {
        "dmean": 5.78427696228,
        "dmean2": 8.92594337463,
        "dvar": 39.2062301636,
        "dvar2": 92.8960037231,
        "max": 94.4230499268,
        "mean": 24.8045158386,
        "median": 22.98620224,
        "min": 4.89668798447,
        "var": 124.753967285
    },
    "dissonance": {
        "dmean": 0.0204032640904,
        "dmean2": 0.0345493778586,
        "dvar": 0.000360998499673,
        "dvar2": 0.000970458961092,
        "max": 0.500000059605,
        "mean": 0.463697135448,
        "median": 0.469741106033,
        "min": 0.324967890978,
        "var": 0.00068223598646
    },
    "dynamic_complexity": 2.96642327309,
    "erbbands_crest": {
        "dmean": 2.93040251732,
        "dmean2": 4.63733243942,
        "dvar": 7.47771453857,
        "dvar2": 18.8135108948,
        "max": 27.0900115967,
        "mean": 9.26407241821,
        "median": 8.26859378815,
        "min": 2.11251425743,
        "var": 20.7437820435
    },
    "erbbands_flatness_db": {
        "dmean": 0.0165891833603,
        "dmean2": 0.0234072580934,
        "dvar": 0.000246505893301,
        "dvar2": 0.000445197452791,
        "max": 0.313129246235,
        "mean": 0.186797767878,
        "median": 0.182346373796,
        "min": 0.108132533729,
        "var": 0.00144705700222
    },
    "erbbands_kurtosis": {
        "dmean": 0.785986065865,
        "dmean2": 1.23451054096,
        "dvar": 1.14843547344,
        "dvar2": 2.4953455925,
        "max": 12.3652324677,
        "mean": 0.31449085474,
        "median": -0.206023216248,
        "min": -1.7837293148,
        "var": 3.27263140678
    },
    "erbbands_skewness": {
        "dmean": 0.341068327427,
        "dmean2": 0.531894087791,
        "dvar": 0.0953262448311,
        "dvar2": 0.228916242719,
        "max": 3.19820165634,
        "mean": 0.372019708157,
        "median": 0.337980717421,
        "min": -1.48437678814,
        "var": 0.331051528454
    },
    "erbbands_spread": {
        "dmean": 8.81105709076,
        "dmean2": 13.1692638397,
        "dvar": 93.73021698,
        "dvar2": 187.319702148,
        "max": 136.872924805,
        "mean": 42.5673713684,
        "median": 38.1379013062,
        "min": 6.07408714294,
        "var": 491.476287842
    },
    "hfc": {
        "dmean": 5.7011051178,
        "dmean2": 7.66014719009,
        "dvar": 46.1562194824,
        "dvar2": 81.637046814,
        "max": 87.5180664062,
        "mean": 21.5426044464,
        "median": 16.3582839966,
        "min": 7.8074321209e-05,
        "var": 307.350646973
    },
    "melbands_crest": {
        "dmean": 3.32999420166,
        "dmean2": 5.41920042038,
        "dvar": 8.07239818573,
        "dvar2": 21.7419643402,
        "max": 28.2494888306,
        "mean": 11.5364580154,
        "median": 10.7237558365,
        "min": 4.27279853821,
        "var": 18.0445842743
    },
    "melbands_flatness_db": {
        "dmean": 0.0220328345895,
        "dmean2": 0.0350561477244,
        "dvar": 0.000479662616272,
        "dvar2": 0.00118508492596,
        "max": 0.293357551098,
        "mean": 0.151373624802,
        "median": 0.145786106586,
        "min": 0.063420124352,
        "var": 0.00155570067
    },
    "melbands_kurtosis": {
        "dmean": 5.76692819595,
        "dmean2": 9.32889080048,
        "dvar": 113.426925659,
        "dvar2": 293.914245605,
        "max": 139.464782715,
        "mean": 9.96783351898,
        "median": 4.61721086502,
        "min": -1.30550444126,
        "var": 210.580627441
    },
    "melbands_skewness": {
        "dmean": 0.70279276371,
        "dmean2": 1.06722211838,
        "dvar": 0.674946784973,
        "dvar2": 1.53757846355,
        "max": 9.91764354706,
        "mean": 2.19366884232,
        "median": 1.8574090004,
        "min": -0.970715403557,
        "var": 2.68753552437
    },
    "melbands_spread": {
        "dmean": 7.86179447174,
        "dmean2": 12.1906147003,
        "dvar": 72.6890258789,
        "dvar2": 168.629150391,
        "max": 141.034301758,
        "mean": 29.5873165131,
        "median": 28.5847587585,
        "min": 3.08663868904,
        "var": 201.341674805
    },
    "pitch_salience": {
        "dmean": 0.075435474515,
        "dmean2": 0.121778562665,
        "dvar": 0.00396090745926,
        "dvar2": 0.0105009265244,
        "max": 0.840670347214,
        "mean": 0.59320127964,
        "median": 0.603646397591,
        "min": 0.270560622215,
        "var": 0.00926733296365
    },
    "silence_rate_20dB": {
        "dmean": 0,
        "dmean2": 0,
        "dvar": 0,
        "dvar2": 0,
        "max": 1,
        "mean": 1,
        "median": 1,
        "min": 1,
        "var": 0
    },
    "silence_rate_30dB": {
        "dmean": 0,
        "dmean2": 0,
        "dvar": 0,
        "dvar2": 0,
        "max": 1,
        "mean": 1,
        "median": 1,
        "min": 1,
        "var": 0
    },
    "silence_rate_60dB": {
        "dmean": 0.024806201458,
        "dmean2": 0.0496508926153,
        "dvar": 0.0241912212223,
        "dvar2": 0.0533911883831,
        "max": 1,
        "mean": 0.0588690936565,
        "median": 0,
        "min": 0,
        "var": 0.05540182814
    },
    "spectral_centroid": {
        "dmean": 252.343658447,
        "dmean2": 395.913574219,
        "dvar": 58060.3164062,
        "dvar2": 131680.390625,
        "max": 3280.95068359,
        "mean": 1547.21948242,
        "median": 1567.80554199,
        "min": 410.278015137,
        "var": 254022.21875
    },
    "spectral_complexity": {
        "dmean": 3.25891470909,
        "dmean2": 4.62529087067,
        "dvar": 9.98256874084,
        "dvar2": 18.1954994202,
        "max": 52,
        "mean": 17.84740448,
        "median": 17,
        "min": 0,
        "var": 78.2113647461
    },
    "spectral_decrease": {
        "dmean": 1.58286161955e-09,
        "dmean2": 2.39246467082e-09,
        "dvar": 3.98315175495e-18,
        "dvar2": 9.30563134435e-18,
        "max": -1.08068486817e-14,
        "mean": -4.68722305413e-09,
        "median": -3.98348154462e-09,
        "min": -2.29882566316e-08,
        "var": 1.18372109916e-17
    },
    "spectral_energy": {
        "dmean": 0.00637999176979,
        "dmean2": 0.00952239986509,
        "dvar": 6.25256507192e-05,
        "dvar2": 0.000142938486533,
        "max": 0.091010376811,
        "mean": 0.0196446496993,
        "median": 0.0165830720216,
        "min": 4.78691148942e-08,
        "var": 0.000206131167943
    },
    "spectral_energyband_high": {
        "dmean": 0.00035973379272,
        "dmean2": 0.00052408373449,
        "dvar": 2.37059211372e-07,
        "dvar2": 4.85427506192e-07,
        "max": 0.00563470739871,
        "mean": 0.000868105329573,
        "median": 0.000598310434725,
        "min": 5.89064752532e-09,
        "var": 6.36022377876e-07
    },
    "spectral_energyband_low": {
        "dmean": 0.00260050501674,
        "dmean2": 0.00452897883952,
        "dvar": 3.06229958369e-05,
        "dvar2": 8.19976339699e-05,
        "max": 0.057214576751,
        "mean": 0.00281370314769,
        "median": 0.00134577532299,
        "min": 6.63954669022e-09,
        "var": 2.45220307988e-05
    },
    "spectral_energyband_middle_high": {
        "dmean": 0.00266845012084,
        "dmean2": 0.00364464847371,
        "dvar": 1.58696166181e-05,
        "dvar2": 3.22198975482e-05,
        "max": 0.0519986227155,
        "mean": 0.00835849810392,
        "median": 0.00365125527605,
        "min": 1.34094966242e-08,
        "var": 9.17793659028e-05
    },
    "spectral_energyband_middle_low": {
        "dmean": 0.00355946249329,
        "dmean2": 0.00556994788349,
        "dvar": 2.45302890107e-05,
        "dvar2": 5.53499012312e-05,
        "max": 0.0647143051028,
        "mean": 0.00878933165222,
        "median": 0.00705696549267,
        "min": 2.38253274887e-08,
        "var": 5.56490449526e-05
    },
    "spectral_entropy": {
        "dmean": 0.142824873328,
        "dmean2": 0.212522685528,
        "dvar": 0.018229836598,
        "dvar2": 0.0361952669919,
        "max": 8.64826965332,
        "mean": 7.61894178391,
        "median": 7.63994789124,
        "min": 6.58144426346,
        "var": 0.0843805298209
    },
    "spectral_flux": {
        "dmean": 0.0254385210574,
        "dmean2": 0.0391826480627,
        "dvar": 0.000649991619866,
        "dvar2": 0.00141283276025,
        "max": 0.264181822538,
        "mean": 0.0844519212842,
        "median": 0.0774971395731,
        "min": 0.00021879011183,
        "var": 0.00204961211421
    },
    "spectral_kurtosis": {
        "dmean": 1.04712498188,
        "dmean2": 1.76661241055,
        "dvar": 1.0142159462,
        "dvar2": 2.94235253334,
        "max": 10.6140575409,
        "mean": 2.01653552055,
        "median": 1.81782245636,
        "min": -1.41127276421,
        "var": 2.41321706772
    },
    "spectral_rms": {
        "dmean": 0.000688520725816,
        "dmean2": 0.000990620930679,
        "dvar": 5.26564804204e-07,
        "dvar2": 1.11995984753e-06,
        "max": 0.00942287687212,
        "mean": 0.00406465074047,
        "median": 0.0040222639218,
        "min": 6.83385496814e-06,
        "var": 2.64414416051e-06
    },
    "spectral_rolloff": {
        "dmean": 605.969055176,
        "dmean2": 1008.65313721,
        "dvar": 965141.9375,
        "dvar2": 2249349.75,
        "max": 9216.2109375,
        "mean": 1917.15722656,
        "median": 1679.58984375,
        "min": 129.19921875,
        "var": 1833242
    },
    "spectral_skewness": {
        "dmean": 0.175948441029,
        "dmean2": 0.287321835756,
        "dvar": 0.0258491523564,
        "dvar2": 0.0675355345011,
        "max": 2.28978204727,
        "mean": 1.13339614868,
        "median": 1.12292742729,
        "min": 0.25385299325,
        "var": 0.0882055610418
    },
    "spectral_spread": {
        "dmean": 430665.125,
        "dmean2": 600724.25,
        "dvar": 328822095872,
        "dvar2": 442861322240,
        "max": 18918210,
        "mean": 4605825,
        "median": 4447505.5,
        "min": 2578855.75,
        "var": 1.39079738982e+12
    },
    "spectral_strongpeak": {
        "dmean": 0.825024306774,
        "dmean2": 1.33485198021,
        "dvar": 1.15049684048,
        "dvar2": 2.8003513813,
        "max": 9.56514453888,
        "mean": 1.45900666714,
        "median": 0.724162220955,
        "min": 0.000719731790014,
        "var": 2.81649899483
    },
    "zerocrossingrate": {
        "dmean": 0.0103572402149,
        "dmean2": 0.0124043896794,
        "dvar": 9.88020328805e-05,
        "dvar2": 0.000129010513774,
        "max": 0.23193359375,
        "mean": 0.0770973786712,
        "median": 0.07373046875,
        "min": 0.0244140625,
        "var": 0.000664890685584
    },
    "barkbands": {
        "dmean": [2.83798453893e-05, 0.000394964852603, 0.00149311404675, 0.0013383285841, 0.00141215790063, 0.000771976599935, 0.000423888588557, 0.000416781724198, 0.000924434338231, 0.00120177015197, 0.000714513356797, 0.000834964797832, 0.000716463429853, 0.000525776122231, 0.000460414215922, 0.000315623445204, 0.000135479203891, 0.000148014441947, 0.000201900737011, 0.000171424209839, 8.20385685074e-05, 6.50491638226e-05, 9.85764854704e-05, 9.55862997216e-05, 1.30854532472e-05, 1.11352855825e-08, 8.03773880786e-10],
        "dmean2": [4.70644517918e-05, 0.000632941606455, 0.00270458566956, 0.00230384222232, 0.00221547088586, 0.00120883283671, 0.000701896555256, 0.000677537755109, 0.00144873268437, 0.00198058388196, 0.00103999336716, 0.00118537573144, 0.00105107657146, 0.00080338033149, 0.000700173026416, 0.000452233565738, 0.000207348886761, 0.000227607510169, 0.000315272074658, 0.000255040009506, 0.000128250394482, 0.000101376252132, 0.000154806111823, 0.000141707874718, 2.01364928216e-05, 1.82822557093e-08, 1.50665946386e-09],
        "dvar": [8.42542868806e-10, 7.90873741607e-07, 1.12947891466e-05, 8.92757634574e-06, 3.32075364895e-06, 2.31381909543e-06, 5.06463152306e-07, 6.93487891112e-07, 7.00767168382e-06, 8.91170202522e-06, 3.21038328366e-06, 5.10492691319e-06, 3.02919011119e-06, 1.74637364125e-06, 1.2677239738e-06, 7.31181330593e-07, 8.30974400401e-08, 6.75561224739e-08, 1.01569838762e-07, 6.25729299486e-08, 1.75043144424e-08, 1.54733452717e-08, 2.21228475539e-08, 2.40806325991e-08, 5.29527699467e-10, 5.46960937778e-16, 1.47709197374e-18],
        "dvar2": [2.16956830279e-09, 2.02200726562e-06, 3.16760124406e-05, 2.21342615987e-05, 8.50014475873e-06, 5.97106827627e-06, 1.36868550271e-06, 1.64773234701e-06, 1.62118103617e-05, 2.42284768319e-05, 6.59139232084e-06, 8.41542805574e-06, 5.80482765145e-06, 3.69523081645e-06, 2.86524232251e-06, 1.47141986417e-06, 1.70576115011e-07, 1.44400218005e-07, 2.39509120092e-07, 1.35189822004e-07, 3.94873147513e-08, 3.73733080039e-08, 5.19212548511e-08, 4.82491842035e-08, 1.0429498376e-09, 1.35013758952e-15, 4.70882696658e-18],
        "max": [0.000283638888504, 0.00797422137111, 0.0223914347589, 0.047993272543, 0.0215457975864, 0.0241265632212, 0.00747985765338, 0.0142837055027, 0.0443960763514, 0.0438338816166, 0.0275630280375, 0.0328743420541, 0.0287474114448, 0.0230022612959, 0.0162570197135, 0.0137339849025, 0.00505761196837, 0.00388447963633, 0.00637098355219, 0.00360790453851, 0.00153519760352, 0.00111511652358, 0.00186697707977, 0.00218583620153, 0.00056957360357, 4.15901837414e-07, 9.14429332255e-09],
        "mean": [4.69106271339e-05, 0.000443257391453, 0.00141524488572, 0.00151524622925, 0.00273313885555, 0.00144741218537, 0.000717038928997, 0.00064662337536, 0.0013010794064, 0.00180900993291, 0.00105029519182, 0.00129212636966, 0.00114406540524, 0.00079885229934, 0.00066411041189, 0.000586057780311, 0.000275670579867, 0.000305788678816, 0.000428973202361, 0.000385237799492, 0.000144268444274, 9.2673843028e-05, 0.000179233495146, 0.000198382651433, 2.39472101384e-05, 1.7292816068e-08, 6.2561616998e-10],
        "median": [4.12096887885e-05, 0.000166070487467, 0.000563044799492, 0.000783222320024, 0.00199091853574, 0.000714911613613, 0.000352257513441, 0.000290477299131, 0.000251369463513, 0.000361388578312, 0.000167506863363, 0.000190387800103, 0.000296178943245, 0.000126141661895, 0.000147753249621, 8.85096378624e-05, 7.92717182776e-05, 0.000133797060698, 0.000194795444258, 0.000217495529796, 6.88752697897e-05, 4.21155127697e-05, 0.000115706592624, 0.000119949778309, 1.43572206071e-05, 9.79422765113e-09, 2.18737736257e-10],
        "min": [1.79093337382e-11, 1.4595515907e-09, 3.30595595344e-09, 3.64685881493e-09, 8.34385183168e-09, 7.06268421524e-09, 1.545165218e-09, 6.02207950173e-10, 2.4706614532e-09, 1.06676301126e-09, 2.24848570318e-10, 1.01558284005e-09, 1.09722297914e-09, 1.29687449668e-09, 1.77927050871e-09, 1.54353041459e-09, 1.24060106632e-09, 2.6398307984e-09, 7.62451657366e-10, 1.68294844727e-09, 4.24833612733e-10, 4.33748148509e-10, 2.53149390339e-09, 1.45429435161e-09, 1.51175585938e-10, 2.36119387931e-11, 2.8154386808e-11],
        "var": [1.17666487665e-09, 7.17947330031e-07, 7.5571169873e-06, 9.03008822206e-06, 7.17889997759e-06, 5.70042629988e-06, 1.03526963358e-06, 1.13556200176e-06, 1.05086310214e-05, 1.3561581909e-05, 7.14939551472e-06, 1.20794384202e-05, 7.33095794203e-06, 3.98011934521e-06, 2.17786487156e-06, 2.56124849329e-06, 3.42211251336e-07, 2.12871071881e-07, 3.74772753275e-07, 2.25465768722e-07, 3.70846358067e-08, 2.01592751381e-08, 3.75326543178e-08, 5.18392440085e-08, 1.127842153e-09, 7.60527536994e-16, 1.13142353551e-18]
    },
    "erbbands": {
        "dmean": [0.0060201077722, 0.128960371017, 1.28555440903, 3.7511241436, 3.72288942337, 4.46661043167, 8.11798477173, 6.74032735825, 6.60068368912, 4.76555109024, 12.4527664185, 21.6805019379, 31.7273311615, 31.8836326599, 24.3975543976, 31.5011901855, 28.397726059, 16.8760051727, 29.4363441467, 17.5413856506, 13.5657215118, 7.03396606445, 7.64423751831, 8.94844722748, 8.86011505127, 7.43185806274, 5.29588317871, 2.1171631813, 1.98604607582, 3.39340209961, 2.7141392231, 1.99280881882, 1.77381825447, 0.326409995556, 0.0177574977279, 0.000833427417092, 5.77688697376e-05, 9.76976116362e-06, 4.95419226354e-06, 7.86848704593e-06],
        "dmean2": [0.00874920841306, 0.216312661767, 2.32949447632, 6.53195285797, 6.05336475372, 7.24426412582, 13.0259494781, 10.6998710632, 10.7692632675, 7.80857849121, 19.3697776794, 34.2429161072, 52.8597984314, 50.381565094, 34.9054450989, 42.7567596436, 39.1632003784, 23.8442573547, 43.1863975525, 26.041639328, 18.939781189, 9.88873672485, 11.6092863083, 13.4835538864, 13.7599697113, 10.8281335831, 7.83845710754, 3.25979924202, 3.02154278755, 5.49626159668, 4.18224191666, 2.89495587349, 2.70592212677, 0.489114046097, 0.0270928908139, 0.00125776906498, 8.46287948661e-05, 1.41765967783e-05, 7.00746704752e-06, 1.1509646356e-05],
        "dvar": [0.000129464839119, 0.0898752138019, 8.80398368835, 68.9504013062, 42.2540473938, 38.8493232727, 218.585205078, 168.244262695, 137.320526123, 82.8966751099, 863.287414551, 4372.50097656, 7465.85986328, 5014.29785156, 4104.953125, 7455.10839844, 4467.94970703, 1542.46118164, 5096.18505859, 1601.02575684, 1687.73291016, 202.704986572, 204.905273438, 178.645019531, 211.780990601, 125.596496582, 69.151473999, 12.2837257385, 13.2467126846, 41.6069297791, 17.4930648804, 10.8899002075, 11.421289444, 0.324154108763, 0.00143167644273, 2.80737367575e-06, 9.12164388467e-09, 2.26407906312e-10, 3.46294763698e-11, 8.81208717107e-11],
        "dvar2": [0.000226651187404, 0.23998914659, 24.8127326965, 172.893890381, 111.060890198, 105.049713135, 523.167358398, 474.285736084, 389.943084717, 203.559494019, 2025.01318359, 10916.6103516, 20629.0234375, 12088.0263672, 8091.69140625, 11955.5410156, 7655.85498047, 2950.47460938, 10390.4521484, 3241.3293457, 3139.22094727, 403.760070801, 429.749359131, 402.853088379, 489.56652832, 259.717315674, 145.109008789, 28.1493625641, 31.1756477356, 104.696411133, 41.1897773743, 21.4498500824, 25.1397762299, 0.656394064426, 0.00273009925149, 5.3898988881e-06, 1.78816019769e-08, 4.48667575315e-10, 6.56278573152e-11, 1.88695031822e-10],
        "max": [0.0974117666483, 2.45999598503, 22.0417995453, 128.017837524, 104.037109375, 64.2236022949, 228.428314209, 220.411514282, 153.083251953, 137.643157959, 453.746459961, 1151.51708984, 1635.82580566, 944.324401855, 1200.24414062, 1368.0994873, 1339.31237793, 846.755737305, 1276.82263184, 510.458068848, 855.472473145, 266.487548828, 227.047912598, 198.035263062, 252.930221558, 209.524734497, 106.712913513, 42.1597175598, 31.0530929565, 61.1768455505, 63.9884223938, 65.0032958984, 57.9031600952, 12.2421607971, 0.872179687023, 0.0390926599503, 0.00186316436157, 0.000216981483391, 6.94959016982e-05, 0.00011378320778],
        "mean": [0.00806965865195, 0.134437546134, 1.22501945496, 4.14859008789, 5.78629636765, 8.06442165375, 14.5003633499, 12.4701719284, 11.8460769653, 8.41008853912, 19.3376865387, 30.667049408, 46.6637001038, 48.4474716187, 41.8940849304, 54.8444900513, 55.5523757935, 29.5335044861, 48.8508605957, 34.1215591431, 26.8940620422, 16.3791885376, 16.936674118, 19.9589328766, 19.8617687225, 17.3048667908, 10.9960708618, 3.8273537159, 3.02135276794, 4.68167066574, 5.11395740509, 4.30937623978, 3.20435452461, 0.634597241879, 0.0285187829286, 0.0014373640297, 0.00012493498798, 2.38940592681e-05, 1.64351840795e-05, 2.57829324255e-05],
        "median": [0.00287505961023, 0.0506434552372, 0.468267917633, 1.9419002533, 3.82702565193, 5.44381761551, 7.65085077286, 6.23851919174, 6.44067716599, 4.1052274704, 8.07589054108, 7.06112670898, 12.9682598114, 15.4566574097, 9.76813030243, 9.28476715088, 15.5605344772, 8.52070140839, 9.87777900696, 8.98451328278, 5.16865825653, 5.06729841232, 7.17309808731, 10.1998739243, 9.54636955261, 9.80705547333, 5.84144115448, 1.88017547131, 1.45200991631, 2.50301742554, 3.34384226799, 2.72088050842, 1.81981790066, 0.40169274807, 0.0130604896694, 0.000734647095669, 8.17273248686e-05, 1.68211299751e-05, 1.43923052747e-05, 2.17643228098e-05],
        "min": [1.6370586664e-08, 4.55689445289e-07, 3.18688739753e-06, 8.94801723916e-06, 1.64930424944e-05, 2.33210121223e-05, 8.52740413393e-05, 2.98379054584e-05, 2.97891147056e-05, 8.55831603985e-06, 2.5768769774e-05, 6.0415637563e-05, 2.30657333304e-05, 3.27684174408e-05, 1.62229534908e-05, 4.14502901549e-05, 3.63088875019e-05, 8.47623305162e-05, 8.77592028701e-05, 7.48289967305e-05, 7.65312361182e-05, 7.9907818872e-05, 0.000168680227944, 6.62206584821e-05, 4.61276285932e-05, 6.70461959089e-05, 3.82318685297e-05, 1.00561046565e-05, 1.4198178178e-05, 3.49109577655e-05, 9.35483185458e-05, 3.08290000248e-05, 2.5540464776e-05, 3.39598750543e-06, 1.0129730299e-06, 1.29817337324e-07, 4.65703990926e-08, 1.57832662495e-08, 4.644754803e-09, 6.0877519692e-10],
        "var": [0.00020035939815, 0.070333622396, 5.75968599319, 65.6004104614, 54.3825759888, 69.1753387451, 500.674713135, 351.532012939, 267.921905518, 155.79083252, 1229.94543457, 5890.59228516, 10067.2851562, 8101.54931641, 11448.8818359, 18744.3476562, 15210.1035156, 3731.24951172, 12294.8623047, 4293.54492188, 5036.74755859, 1079.15771484, 700.255432129, 668.474914551, 747.557983398, 486.237518311, 195.526046753, 25.8739280701, 19.6339473724, 45.5667419434, 31.9047164917, 26.4971675873, 17.8855819702, 0.647800207138, 0.00289800879546, 5.75148351345e-06, 1.98022913622e-08, 5.2286835972e-10, 1.3157998302e-10, 3.35990540945e-10]
    },
    "gfcc": {
        "mean": [-19.2481994629, 103.949989319, -157.342498779, 50.8456459045, -89.010345459, 21.7903842926, -45.7410087585, -6.73775529861, -20.6439723969, -26.2859287262, 6.94349718094, -26.1590156555, 3.3383436203],
        "cov": [[3124.01025391, 93.6451034546, -384.309143066, -98.7176132202, 99.1417160034, 19.7396736145, 114.956520081, 47.7547225952, -85.6857910156, -71.1917419434, -59.4388999939, -132.315658569, -16.0951919556], [93.6451034546, 367.099700928, 60.9792823792, 23.325548172, 118.928199768, 4.04395914078, 93.7952041626, -41.0612602234, -14.9362602234, -41.8115730286, 43.408405304, -25.9581451416, -0.133454024792], [-384.309143066, 60.9792823792, 623.472412109, 255.127548218, -81.2753982544, 34.7273406982, -73.6800537109, 27.5164756775, -3.24984288216, 31.730298996, -22.8857574463, 32.6858940125, -50.4696083069], [-98.7176132202, 23.325548172, 255.127548218, 275.842773438, 48.6919021606, 10.5060558319, -6.73979377747, 13.4576625824, 30.4982776642, 2.10885953903, -49.4137229919, 3.37662315369, -27.7444381714], [99.1417160034, 118.928199768, -81.2753982544, 48.6919021606, 257.092346191, 74.9141921997, 26.68217659, 8.26278972626, 12.9352836609, -29.6728992462, -15.621348381, -23.4346752167, 6.16794061661], [19.7396736145, 4.04395914078, 34.7273406982, 10.5060558319, 74.9141921997, 153.007705688, 72.2432022095, -12.4566431046, -18.8174476624, 6.2912735939, -3.58426904678, -27.3672180176, -37.4756202698], [114.956520081, 93.7952041626, -73.6800537109, -6.73979377747, 26.68217659, 72.2432022095, 221.460998535, 18.8181285858, -57.4792289734, -27.4948272705, 17.2750339508, -59.8013038635, -24.7564620972], [47.7547225952, -41.0612602234, 27.5164756775, 13.4576625824, 8.26278972626, -12.4566431046, 18.8181285858, 187.806015015, 32.8955955505, -15.5150995255, -66.7348022461, -19.627122879, 13.5672740936], [-85.6857910156, -14.9362602234, -3.24984288216, 30.4982776642, 12.9352836609, -18.8174476624, -57.4792289734, 32.8955955505, 118.907791138, 14.7657279968, -33.6835021973, 18.087310791, 1.67988693714], [-71.1917419434, -41.8115730286, 31.730298996, 2.10885953903, -29.6728992462, 6.2912735939, -27.4948272705, -15.5150995255, 14.7657279968, 88.3084564209, 29.7416973114, -1.3621994257, -15.4230632782], [-59.4388999939, 43.408405304, -22.8857574463, -49.4137229919, -15.621348381, -3.58426904678, 17.2750339508, -66.7348022461, -33.6835021973, 29.7416973114, 133.478912354, 30.8425655365, -7.04654884338], [-132.315658569, -25.9581451416, 32.6858940125, 3.37662315369, -23.4346752167, -27.3672180176, -59.8013038635, -19.627122879, 18.087310791, -1.3621994257, 30.8425655365, 84.7769241333, 28.550151825], [-16.0951919556, -0.133454024792, -50.4696083069, -27.7444381714, 6.16794061661, -37.4756202698, -24.7564620972, 13.5672740936, 1.67988693714, -15.4230632782, -7.04654884338, 28.550151825, 74.2990646362]],
        "icov": [[0.000427291321103, -0.000702691846527, 0.000929790781811, -0.000747442245483, 0.000754776585381, -0.000833282654639, 0.000912776682526, -0.000624628446531, 0.000803619914223, 7.63353600632e-05, 7.52239939175e-05, 0.000270012271358, 0.000280074978946], [-0.000702691846527, 0.0116585912183, -0.00955759268254, 0.00878274533898, -0.01145478338, 0.0119695393369, -0.0115002458915, 0.00733237573877, -0.00717046950012, 0.0025755725801, -0.00152637821157, 0.00292415148579, -0.00209812819958], [0.000929790781811, -0.00955759268254, 0.0128724975511, -0.0124767823145, 0.012523021549, -0.0134917953983, 0.0128108011559, -0.00819765776396, 0.00824980996549, -0.00116188928951, -0.000581152155064, -0.0021117425058, 0.00251861056313], [-0.000747442245483, 0.00878274533898, -0.0124767823145, 0.0169740896672, -0.0135469408706, 0.0143093708903, -0.0132585382089, 0.00813910458237, -0.00768572092056, -0.00054750952404, 0.00403511617333, -0.00112001050729, 0.00102836382575], [0.000754776585381, -0.01145478338, 0.012523021549, -0.0135469408706, 0.0193060263991, -0.018260249868, 0.0147948646918, -0.0087506538257, 0.00653447769582, 0.00135417236015, -0.0022985348478, 0.00110332376789, -0.00120312138461], [-0.000833282654639, 0.0119695393369, -0.0134917953983, 0.0143093708903, -0.018260249868, 0.0268770102412, -0.018467657268, 0.0103315403685, -0.00718698790297, -0.00199865596369, 0.00395330041647, -0.00116730190348, 0.00362310255878], [0.000912776682526, -0.0115002458915, 0.0128108011559, -0.0132585382089, 0.0147948646918, -0.018467657268, 0.022388054058, -0.0105540109798, 0.00995855312794, 0.00248762243427, -0.00444905366749, 0.00415081903338, 0.00104631099384], [-0.000624628446531, 0.00733237573877, -0.00819765776396, 0.00813910458237, -0.0087506538257, 0.0103315403685, -0.0105540109798, 0.0127327190712, -0.00719548761845, 0.000608502246905, 0.00345246586949, 0.0016860824544, -0.00258689536713], [0.000803619914223, -0.00717046950012, 0.00824980996549, -0.00768572092056, 0.00653447769582, -0.00718698790297, 0.00995855312794, -0.00719548761845, 0.017795631662, -0.00460817990825, 0.00406762491912, -0.00588695844635, 0.00464872736484], [7.63353600632e-05, 0.0025755725801, -0.00116188928951, -0.00054750952404, 0.00135417236015, -0.00199865596369, 0.00248762243427, 0.000608502246905, -0.00460817990825, 0.0179128330201, -0.00810599792749, 0.00764658534899, -0.00125978596043], [7.52239939175e-05, -0.00152637821157, -0.000581152155064, 0.00403511617333, -0.0022985348478, 0.00395330041647, -0.00444905366749, 0.00345246586949, 0.00406762491912, -0.00810599792749, 0.0172154027969, -0.0110287368298, 0.00529352016747], [0.000270012271358, 0.00292415148579, -0.0021117425058, -0.00112001050729, 0.00110332376789, -0.00116730190348, 0.00415081903338, 0.0016860824544, -0.00588695844635, 0.00764658534899, -0.0110287368298, 0.0262479707599, -0.0108057642356], [0.000280074978946, -0.00209812819958, 0.00251861056313, 0.00102836382575, -0.00120312138461, 0.00362310255878, 0.00104631099384, -0.00258689536713, 0.00464872736484, -0.00125978596043, 0.00529352016747, -0.0108057642356, 0.0226468462497]]
    },
    "melbands": {
        "dmean": [7.63601783547e-05, 0.000504139810801, 0.000618749880232, 0.00027392085758, 0.000273913610727, 0.000145212834468, 9.35051648412e-05, 6.10913411947e-05, 0.000118241347081, 0.000134879766847, 0.000166475816513, 0.000144581790664, 9.0747307695e-05, 7.50116669224e-05, 9.70907130977e-05, 5.23097587575e-05, 3.61476268154e-05, 5.53021709493e-05, 3.05059893435e-05, 2.69884749287e-05, 1.54209919856e-05, 8.5933779701e-06, 6.9870511652e-06, 7.72007660998e-06, 8.10670917417e-06, 8.59448118717e-06, 5.7507531892e-06, 5.56086479264e-06, 4.45178284281e-06, 1.9813835479e-06, 1.07587470666e-06, 1.02567480553e-06, 1.56261808115e-06, 2.06352592613e-06, 1.6934644691e-06, 1.47948799167e-06, 1.21201310321e-06, 1.41749876548e-06, 7.52857829411e-07, 1.73944158632e-07],
        "dmean2": [0.000115775284939, 0.00090511655435, 0.0010622034315, 0.000437306967797, 0.000438457034761, 0.000229804718401, 0.000152480730321, 9.94584988803e-05, 0.000183722295333, 0.00021391507471, 0.000276305683656, 0.000227365453611, 0.000131668275571, 0.000103580801806, 0.000136945964186, 7.44192657294e-05, 5.27141310158e-05, 8.31517536426e-05, 4.50911720691e-05, 4.15591894125e-05, 2.27282398555e-05, 1.23366307889e-05, 1.06661182144e-05, 1.18614034363e-05, 1.23180352603e-05, 1.38138748298e-05, 8.91778745427e-06, 8.27291478345e-06, 6.61674403091e-06, 3.15029501508e-06, 1.67511950622e-06, 1.56525356942e-06, 2.49458776125e-06, 3.35722961609e-06, 2.70485747933e-06, 2.20340325541e-06, 1.82064536602e-06, 2.17525121116e-06, 1.14780470994e-06, 2.70311915074e-07],
        "dvar": [2.45028246582e-08, 1.34741469537e-06, 1.71007877725e-06, 1.64723743978e-07, 1.98440503141e-07, 7.35336840307e-08, 2.5441595497e-08, 1.1688118029e-08, 1.00581267759e-07, 1.66154677572e-07, 2.02021368523e-07, 1.02804577296e-07, 5.31945367754e-08, 4.14952019412e-08, 6.22860909516e-08, 1.69559264407e-08, 8.47805825543e-09, 2.00043253074e-08, 5.84380810409e-09, 5.96342220049e-09, 2.41393993683e-09, 3.61363494683e-10, 2.07850889278e-10, 1.81312312386e-10, 1.54173188105e-10, 2.32201008421e-10, 9.353757352e-11, 8.23190821064e-11, 5.34062134794e-11, 1.26446795742e-11, 3.48193197365e-12, 3.33427035981e-12, 9.55296865918e-12, 1.46318009792e-11, 7.55900984167e-12, 6.51382116648e-12, 4.00673374687e-12, 6.7746116876e-12, 2.11182482092e-12, 1.3706201972e-13],
        "dvar2": [5.41343254667e-08, 3.78216964236e-06, 4.32731940236e-06, 4.37446544765e-07, 4.76224016666e-07, 2.01445018888e-07, 7.10114136382e-08, 2.84887722302e-08, 2.34606929439e-07, 4.12159408825e-07, 5.56559598408e-07, 2.49226616233e-07, 1.06896543173e-07, 6.26701393003e-08, 1.17785269538e-07, 2.74986824422e-08, 1.66698761461e-08, 3.99379445071e-08, 1.09377227275e-08, 1.31209336729e-08, 5.02388308732e-09, 7.00281055366e-10, 4.28036051048e-10, 4.30156715803e-10, 3.53223061911e-10, 5.30078092531e-10, 2.12736897542e-10, 1.79775500042e-10, 1.15492032604e-10, 2.82203236474e-11, 7.83905145657e-12, 7.60384984144e-12, 2.39123287143e-11, 3.70514105508e-11, 1.93330473158e-11, 1.33019498194e-11, 8.19445639816e-12, 1.47312682885e-11, 5.02718309689e-12, 2.74847256499e-13],
        "max": [0.00147291901521, 0.00883665680885, 0.019291812554, 0.00467303162441, 0.00639899913222, 0.00464950222522, 0.00204332335852, 0.00121329666581, 0.00569223845378, 0.00799044501036, 0.0082640806213, 0.0042712953873, 0.00313449557871, 0.00461746612564, 0.004016533494, 0.00305644469336, 0.00200138473883, 0.00266440073028, 0.00138585781679, 0.00140151788946, 0.000898454978596, 0.000343906402122, 0.000254576094449, 0.000194237902178, 0.000179205046152, 0.000311655632686, 0.000155003755935, 0.000177269277629, 0.000114637616207, 5.6134773331e-05, 2.56984567386e-05, 1.63913773576e-05, 3.0849918403e-05, 3.84125087294e-05, 3.46801316482e-05, 5.1065817388e-05, 3.22720698023e-05, 4.28240819019e-05, 2.52267946053e-05, 9.73937312665e-06],
        "mean": [9.66739462456e-05, 0.000488556863274, 0.000741784344427, 0.000483729090774, 0.000501531816553, 0.000277033977909, 0.000167984355357, 0.000103786405816, 0.000175990498974, 0.000184575939784, 0.000242978421738, 0.000210087542655, 0.000141772034112, 0.0001181125117, 0.000183596916031, 8.45135873533e-05, 5.16147993039e-05, 8.84062392288e-05, 4.74097141705e-05, 4.69755686936e-05, 2.65421804215e-05, 1.69238373928e-05, 1.40457641464e-05, 1.51592475959e-05, 1.61487405421e-05, 1.7331152776e-05, 1.13985079224e-05, 1.1864811313e-05, 8.64920457389e-06, 3.21885136145e-06, 1.7620853896e-06, 1.5268514062e-06, 2.06598883778e-06, 2.78479888038e-06, 2.85784426524e-06, 2.98632812701e-06, 2.46852300734e-06, 2.51041933552e-06, 1.2851894553e-06, 2.78773399032e-07],
        "median": [3.96945870307e-05, 0.000205875796382, 0.000404744088883, 0.00034356728429, 0.000279666681308, 0.000138269679155, 9.10510061658e-05, 4.671869101e-05, 6.1477519921e-05, 3.71503374481e-05, 5.54183316126e-05, 5.79073712288e-05, 2.41087218456e-05, 2.12931136048e-05, 2.11740880331e-05, 2.92280255962e-05, 1.038046139e-05, 1.45978474393e-05, 1.05447288661e-05, 8.0394829638e-06, 4.99943462273e-06, 4.9054219744e-06, 5.16857562616e-06, 6.31872717349e-06, 7.40507994124e-06, 6.83877397023e-06, 5.5479722505e-06, 6.57515965941e-06, 4.3594050112e-06, 1.36121389005e-06, 8.11816278201e-07, 7.01221438248e-07, 8.92769151051e-07, 1.49432821672e-06, 1.80039546649e-06, 1.8095595351e-06, 1.54486951942e-06, 1.42064584452e-06, 7.81351559453e-07, 1.40415295391e-07],
        "min": [2.73295719388e-10, 1.31931887637e-09, 1.75929770752e-09, 1.33769284538e-09, 2.5160471484e-09, 8.48005943244e-10, 3.9436537369e-10, 7.84080578242e-11, 2.98822244726e-10, 3.3993968751e-10, 1.10812151122e-10, 1.4519108138e-10, 3.43237591127e-11, 1.27183902299e-10, 5.47657127981e-11, 1.3803128085e-10, 1.4770304424e-10, 1.3234809082e-10, 1.09999974407e-10, 1.14033144039e-10, 8.52084930392e-11, 7.43539951831e-11, 1.26550214752e-10, 1.30217447936e-10, 4.73141664736e-11, 2.094156272e-11, 5.45508152539e-11, 4.29788357681e-11, 3.19313291086e-11, 7.87261748847e-12, 5.04534695273e-12, 8.62752577713e-12, 7.52239243118e-12, 2.01519495535e-11, 6.94113169719e-11, 1.97940483448e-11, 1.7430178828e-11, 1.8710569552e-11, 8.23549735351e-12, 1.9538335793e-12],
        "var": [2.91264381502e-08, 8.93780566003e-07, 1.67500581938e-06, 2.53692036267e-07, 4.82516838929e-07, 1.73384080426e-07, 5.18860829857e-08, 2.32160424218e-08, 1.4111607527e-07, 2.18710866307e-07, 2.79945680859e-07, 1.60806891358e-07, 1.27784801407e-07, 1.13332724538e-07, 2.0591922123e-07, 4.42210357221e-08, 1.7100614258e-08, 4.98702377172e-08, 1.28758577134e-08, 1.6968417782e-08, 5.52727597025e-09, 1.36960076613e-09, 6.73373412585e-10, 5.57729029627e-10, 4.83273587815e-10, 8.1618800607e-10, 2.47263265418e-10, 2.65717420289e-10, 1.44806833191e-10, 2.44942711947e-11, 6.78642341975e-12, 5.30480650726e-12, 1.09541976184e-11, 1.58427663349e-11, 1.07271509384e-11, 1.51794913444e-11, 9.17939856071e-12, 1.1148513536e-11, 2.92231776972e-12, 2.55360701118e-13]
    },
    "mfcc": {
        "mean": [-632.57208252, 97.618522644, 0.646560013294, 9.52126312256, -1.89079713821, -1.91671037674, 0.941531717777, 1.03467679024, -17.6498374939, 5.94109392166, -15.5443344116, -4.11486101151, -8.74827003479],
        "cov": [[3190.90454102, 96.5867080688, -492.778106689, -63.556224823, -91.7910079956, -45.1957092285, 115.256202698, 36.3182182312, 46.257976532, 83.7303619385, -44.8517074585, -93.9700698853, -11.5996990204], [96.5867080688, 355.130249023, -59.713306427, 1.79798233509, 25.9495162964, 28.6383476257, 87.6169891357, 19.1626434326, -33.7760429382, 9.12624931335, -14.2778120041, -5.15034484863, 19.0434741974], [-492.778106689, -59.713306427, 629.254577637, 152.135070801, 12.4062690735, 30.8927783966, -41.0367355347, -18.6721172333, -7.46139717102, -71.3660202026, 69.2481307983, 47.6423835754, -6.58132123947], [-63.556224823, 1.79798233509, 152.135070801, 236.448516846, 71.2215042114, 12.1929521561, -14.8063564301, 22.1553821564, 58.6434173584, -39.1471633911, 17.8518123627, 15.6635026932, -4.53606319427], [-91.7910079956, 25.9495162964, 12.4062690735, 71.2215042114, 243.960830688, 26.8197288513, -54.5463829041, 23.7125377655, 47.4969406128, -15.7143182755, 5.35752105713, 4.17758321762, -6.59871006012], [-45.1957092285, 28.6383476257, 30.8927783966, 12.1929521561, 26.8197288513, 216.040603638, 56.2179679871, -5.12253236771, -42.0396957397, -0.676580190659, 35.924785614, -14.9211683273, -8.50272655487], [115.256202698, 87.6169891357, -41.0367355347, -14.8063564301, -54.5463829041, 56.2179679871, 241.83013916, 38.0703353882, -24.7561779022, 48.3086738586, -3.76162552834, -11.0427932739, 5.51854276657], [36.3182182312, 19.1626434326, -18.6721172333, 22.1553821564, 23.7125377655, -5.12253236771, 38.0703353882, 116.854675293, 60.1101379395, 12.1108045578, -14.9056053162, 4.22314882278, 7.64536857605], [46.257976532, -33.7760429382, -7.46139717102, 58.6434173584, 47.4969406128, -42.0396957397, -24.7561779022, 60.1101379395, 184.178253174, 16.9153881073, 7.93792533875, -9.0148639679, -18.2327823639], [83.7303619385, 9.12624931335, -71.3660202026, -39.1471633911, -15.7143182755, -0.676580190659, 48.3086738586, 12.1108045578, 16.9153881073, 122.705001831, 6.54422330856, -15.1131067276, -20.3855190277], [-44.8517074585, -14.2778120041, 69.2481307983, 17.8518123627, 5.35752105713, 35.924785614, -3.76162552834, -14.9056053162, 7.93792533875, 6.54422330856, 105.19984436, 19.0632190704, -3.93324398994], [-93.9700698853, -5.15034484863, 47.6423835754, 15.6635026932, 4.17758321762, -14.9211683273, -11.0427932739, 4.22314882278, -9.0148639679, -15.1131067276, 19.0632190704, 72.7735748291, 18.2960987091], [-11.5996990204, 19.0434741974, -6.58132123947, -4.53606319427, -6.59871006012, -8.50272655487, 5.51854276657, 7.64536857605, -18.2327823639, -20.3855190277, -3.93324398994, 18.2960987091, 72.7947158813]],
