{
"lowlevel": {
    "average_loudness": 0.960015952587,
    "barkbands_crest": {
        "dmean": 2.88376808167,
        "dmean2": 4.49824953079,
        "dvar": 7.45489406586,
        "dvar2": 16.8465423584,
        "max": 26.157995224,
        "mean": 10.9127655029,
        "median": 9.48771095276,
        "min": 2.34773755074,
        "var": 27.5951862335
    },
    "barkbands_flatness_db": {
        "dmean": 0.0339939370751,
        "dmean2": 0.0474689863622,
        "dvar": 0.000999886891805,
        "dvar2": 0.00190960778855,
        "max": 0.453604668379,
        "mean": 0.201878979802,
        "median": 0.198714107275,
        "min": 0.0210352372378,
        "var": 0.00447991443798
    },
    "barkbands_kurtosis": {
        "dmean": 5.43954706192,
        "dmean2": 7.91406488419,
        "dvar": 171.67868042,
        "dvar2": 331.496490479,
        "max": 198.296401978,
        "mean": 5.74837875366,
        "median": 0.430872678757,
        "min": -1.85263848305,
        "var": 301.106781006
    },
    "barkbands_skewness": {
        "dmean": 0.852617740631,
        "dmean2": 1.20928347111,
        "dvar": 1.0300526619,
        "dvar2": 1.94841694832,
        "max": 12.8414430618,
        "mean": 1.39493536949,
        "median": 0.995156168938,
        "min": -5.32236719131,
        "var": 3.75272536278
    },
    "barkbands_spread": {
        "dmean": 7.15049743652,
        "dmean2": 11.2421722412,
        "dvar": 77.353012085,
        "dvar2": 172.778549194,
        "max": 103.42980957,
        "mean": 20.4416103363,
        "median": 17.8637161255,
        "min": 0.782712340355,
        "var": 169.66078186
    },
    "dissonance": {
        "dmean": 0.0178749263287,
        "dmean2": 0.0303156077862,
        "dvar": 0.000329614296788,
        "dvar2": 0.000856789469253,
        "max": 0.499999940395,
        "mean": 0.472142100334,
        "median": 0.478159099817,
        "min": 0.353589832783,
        "var": 0.000495233514812
    },
    "dynamic_complexity": 4.5846619606,
    "erbbands_crest": {
        "dmean": 2.80350995064,
        "dmean2": 4.67952728271,
        "dvar": 6.59921550751,
        "dvar2": 16.8987369537,
        "max": 23.5627117157,
        "mean": 9.09218215942,
        "median": 8.52124595642,
        "min": 2.96191167831,
        "var": 12.9747610092
    },
    "erbbands_flatness_db": {
        "dmean": 0.0260268822312,
        "dmean2": 0.0340681411326,
        "dvar": 0.00069741869811,
        "dvar2": 0.00111569929868,
        "max": 0.40112426877,
        "mean": 0.230446815491,
        "median": 0.228725194931,
        "min": 0.0559271425009,
        "var": 0.00384645164013
    },
    "erbbands_kurtosis": {
        "dmean": 0.982745349407,
        "dmean2": 1.55515241623,
        "dvar": 2.45519256592,
        "dvar2": 5.33920526505,
        "max": 26.5217914581,
        "mean": 0.305971056223,
        "median": -0.32156252861,
        "min": -1.68256235123,
        "var": 4.54849290848
    },
    "erbbands_skewness": {
        "dmean": 0.481198340654,
        "dmean2": 0.73735421896,
        "dvar": 0.207220450044,
        "dvar2": 0.473626494408,
        "max": 2.22251343727,
        "mean": -0.236927703023,
        "median": -0.192199021578,
        "min": -3.85845851898,
        "var": 0.614642858505
    },
    "erbbands_spread": {
        "dmean": 8.78757190704,
        "dmean2": 13.1317539215,
        "dvar": 100.452941895,
        "dvar2": 224.178405762,
        "max": 109.105583191,
        "mean": 33.4331436157,
        "median": 30.1401004791,
        "min": 5.4925994873,
        "var": 292.480285645
    },
    "hfc": {
        "dmean": 9.31717967987,
        "dmean2": 13.4974069595,
        "dvar": 544.129760742,
        "dvar2": 1146.01135254,
        "max": 269.78692627,
        "mean": 15.6605491638,
        "median": 10.0177097321,
        "min": 1.12518480285e-16,
        "var": 677.547058105
    },
    "melbands_crest": {
        "dmean": 3.83286905289,
        "dmean2": 6.13764381409,
        "dvar": 13.2873411179,
        "dvar2": 30.1309700012,
        "max": 36.3796615601,
        "mean": 15.8252897263,
        "median": 13.754907608,
        "min": 1.88251972198,
        "var": 62.7412376404
    },
    "melbands_flatness_db": {
        "dmean": 0.0419606119394,
        "dmean2": 0.05535883829,
        "dvar": 0.00170272751711,
        "dvar2": 0.00305296084844,
        "max": 0.553432822227,
        "mean": 0.223862171173,
        "median": 0.212224528193,
        "min": 0.00470543792471,
        "var": 0.00995745602995
    },
    "melbands_kurtosis": {
        "dmean": 11.7677669525,
        "dmean2": 17.6825847626,
        "dvar": 681.563476562,
        "dvar2": 1370.40270996,
        "max": 363.954467773,
        "mean": 16.2288169861,
        "median": 3.95785045624,
        "min": -1.85423862934,
        "var": 1321.47460938
    },
    "melbands_skewness": {
        "dmean": 1.05545341969,
        "dmean2": 1.56543052197,
        "dvar": 1.74393975735,
        "dvar2": 3.47224593163,
        "max": 15.4731321335,
        "mean": 2.58136439323,
        "median": 1.94497275352,
        "min": -1.96874654293,
        "var": 6.09207344055
    },
    "melbands_spread": {
        "dmean": 11.0974283218,
        "dmean2": 16.400680542,
        "dvar": 243.681686401,
        "dvar2": 504.1328125,
        "max": 254.662277222,
        "mean": 28.8349685669,
        "median": 23.7077732086,
        "min": 0.621409475803,
        "var": 593.69519043
    },
    "pitch_salience": {
        "dmean": 0.0842138081789,
        "dmean2": 0.130979165435,
        "dvar": 0.00625646486878,
        "dvar2": 0.0125514678657,
        "max": 0.897158265114,
        "mean": 0.52563148737,
        "median": 0.549921035767,
        "min": 0.0573533512652,
        "var": 0.027365129441
    },
    "silence_rate_20dB": {
        "dmean": 0,
        "dmean2": 0,
        "dvar": 0,
        "dvar2": 0,
        "max": 1,
        "mean": 1,
        "median": 1,
        "min": 1,
        "var": 0
    },
    "silence_rate_30dB": {
        "dmean": 0.0324074067175,
        "dmean2": 0.0648648664355,
        "dvar": 0.0313570722938,
        "dvar2": 0.0637454092503,
        "max": 1,
        "mean": 0.944487273693,
        "median": 1,
        "min": 0,
        "var": 0.0524314343929
    },
    "silence_rate_60dB": {
        "dmean": 0.0679012313485,
        "dmean2": 0.13590733707,
        "dvar": 0.0632907524705,
        "dvar2": 0.135970771313,
        "max": 1,
        "mean": 0.193523511291,
        "median": 0,
        "min": 0,
        "var": 0.156071588397
    },
    "spectral_centroid": {
        "dmean": 365.166687012,
        "dmean2": 517.30090332,
        "dvar": 212818.265625,
        "dvar2": 350742.125,
        "max": 10816.8193359,
        "mean": 1618.87744141,
        "median": 1513.11779785,
        "min": 231.098907471,
        "var": 635987.9375
    },
    "spectral_complexity": {
        "dmean": 4.71296310425,
        "dmean2": 6.60849428177,
        "dvar": 40.7120361328,
        "dvar2": 66.6272964478,
        "max": 59,
        "mean": 15.1418657303,
        "median": 14,
        "min": 0,
        "var": 124.50579834
    },
    "spectral_decrease": {
        "dmean": 3.34107275179e-09,
        "dmean2": 5.12390174734e-09,
        "dvar": 5.06812436346e-17,
        "dvar2": 1.08450379562e-16,
        "max": -2.94729603381e-29,
        "mean": -6.46301101526e-09,
        "median": -2.47872411485e-09,
        "min": -6.71970852295e-08,
        "var": 1.22937369348e-16
    },
    "spectral_energy": {
        "dmean": 0.0132840899751,
        "dmean2": 0.0202847309411,
        "dvar": 0.000748328573536,
        "dvar2": 0.00159244635142,
        "max": 0.255278557539,
        "mean": 0.0258133038878,
        "median": 0.0106440624222,
        "min": 1.03170004965e-20,
        "var": 0.00180983962491
    },
    "spectral_energyband_high": {
        "dmean": 0.000696664559655,
        "dmean2": 0.00101509585511,
        "dvar": 4.59169314126e-06,
        "dvar2": 1.04563032437e-05,
        "max": 0.0240511633456,
        "mean": 0.000683877733536,
        "median": 0.000104769620521,
        "min": 7.62900358684e-21,
        "var": 4.85261534777e-06
    },
    "spectral_energyband_low": {
        "dmean": 0.00968385394663,
        "dmean2": 0.0148973912001,
        "dvar": 0.000689321372192,
        "dvar2": 0.00148851273116,
        "max": 0.249807834625,
        "mean": 0.0158310551196,
        "median": 0.000339406717103,
        "min": 4.97517154874e-23,
        "var": 0.00154772668611
    },
    "spectral_energyband_middle_high": {
        "dmean": 0.00249781715684,
        "dmean2": 0.00370552507229,
        "dvar": 2.42898822762e-05,
        "dvar2": 5.35353683517e-05,
        "max": 0.0540874712169,
        "mean": 0.00460904557258,
        "median": 0.00280063622631,
        "min": 1.50375084085e-21,
        "var": 3.69844565284e-05
    },
    "spectral_energyband_middle_low": {
        "dmean": 0.00362398847938,
        "dmean2": 0.00608034525067,
        "dvar": 8.28922857181e-05,
        "dvar2": 0.000229060722631,
        "max": 0.0788713768125,
        "mean": 0.00552962813526,
        "median": 0.00308853155002,
        "min": 2.77064433951e-22,
        "var": 7.03548721503e-05
    },
    "spectral_entropy": {
        "dmean": 0.209323838353,
        "dmean2": 0.282747000456,
        "dvar": 0.0459172949195,
        "dvar2": 0.0824648141861,
        "max": 9.80031108856,
        "mean": 7.40841627121,
        "median": 7.34316968918,
        "min": 6.07276058197,
        "var": 0.171018332243
    },
    "spectral_flux": {
        "dmean": 0.0289032515138,
        "dmean2": 0.045165464282,
        "dvar": 0.00207410030998,
        "dvar2": 0.00438452418894,
        "max": 0.454541534185,
        "mean": 0.0807138681412,
        "median": 0.0624165385962,
        "min": 1.01572639188e-10,
        "var": 0.00507944123819
    },
    "spectral_kurtosis": {
        "dmean": 3.78637957573,
        "dmean2": 6.43864107132,
        "dvar": 21.0871810913,
        "dvar2": 58.9751434326,
        "max": 47.3097267151,
        "mean": 5.54663133621,
        "median": 3.67411184311,
        "min": -1.2283437252,
        "var": 31.3901977539
    },
    "spectral_rms": {
        "dmean": 0.00104666769039,
        "dmean2": 0.00151310872752,
        "dvar": 2.40365761783e-06,
        "dvar2": 4.7374182941e-06,
        "max": 0.0157813895494,
        "mean": 0.00398162007332,
        "median": 0.00322249159217,
        "min": 3.17259608341e-12,
        "var": 9.33040701057e-06
    },
    "spectral_rolloff": {
        "dmean": 643.520568848,
        "dmean2": 1004.36254883,
        "dvar": 989071.875,
        "dvar2": 1745460.75,
        "max": 18647.7539062,
        "mean": 1833.39245605,
        "median": 1679.58984375,
        "min": 64.599609375,
        "var": 2560385
    },
    "spectral_skewness": {
        "dmean": 0.405094474554,
        "dmean2": 0.66937071085,
        "dvar": 0.184665590525,
        "dvar2": 0.522137880325,
        "max": 5.06790876389,
        "mean": 1.26696205139,
        "median": 1.19568836689,
        "min": -0.337711155415,
        "var": 0.337526708841
    },
    "spectral_spread": {
        "dmean": 566166.125,
        "dmean2": 744812.25,
        "dvar": 1.22865398579e+12,
        "dvar2": 1.52163948954e+12,
        "max": 41207728,
        "mean": 3110358,
        "median": 2868370,
        "min": 1147189.375,
        "var": 2.71274318234e+12
    },
    "spectral_strongpeak": {
        "dmean": 0.403880566359,
        "dmean2": 0.686954259872,
        "dvar": 0.410857319832,
        "dvar2": 1.11422622204,
        "max": 6.06261301041,
        "mean": 0.688495457172,
        "median": 0.435514330864,
        "min": 0,
        "var": 0.611604630947
    },
    "zerocrossingrate": {
        "dmean": 0.0141902966425,
        "dmean2": 0.0158157870173,
        "dvar": 0.000432909146184,
        "dvar2": 0.000561209628358,
        "max": 0.49267578125,
        "mean": 0.0624408945441,
        "median": 0.0576171875,
        "min": 0.0029296875,
        "var": 0.00197455612943
    },
    "barkbands": {
        "dmean": [0.00117240345571, 0.0078844865784, 0.0026936258655, 0.00138462730683, 0.00116557453293, 0.000677643925883, 0.000286118855001, 0.000427322753239, 0.000475066859508, 0.000441830110503, 0.000357594748493, 0.000256520754192, 0.000248994067078, 0.000278450286714, 0.000331203103997, 0.000379652279662, 0.000364615727449, 0.000376109761419, 0.000401779834647, 0.000230629229918, 0.000253101869021, 0.000145926271216, 7.78321773396e-05, 8.77369820955e-05, 2.4825329092e-05, 1.20507024803e-07, 1.58672548878e-07],
        "dmean2": [0.00210445420817, 0.0121520068496, 0.00451153283939, 0.00250284420326, 0.00192112999503, 0.00109146418981, 0.000464888347778, 0.000699083611835, 0.000790695252363, 0.000710911175702, 0.000549658609089, 0.000413417204982, 0.000389934633859, 0.000439508090494, 0.000528755190317, 0.000606496061664, 0.00057304330403, 0.000582681095693, 0.000611216179095, 0.00038092743489, 0.000384344020858, 0.000205660486245, 0.000112170797365, 0.000131978624268, 3.77159267373e-05, 2.05121409635e-07, 2.81718172346e-07],
        "dvar": [1.19664000522e-05, 0.000612784526311, 0.000135053764097, 3.85723724321e-05, 7.85385327617e-06, 2.42006262852e-06, 4.14956474515e-07, 8.11683662505e-07, 7.49880882722e-07, 1.0623820117e-06, 4.08968361398e-07, 3.96708429662e-07, 2.09744271729e-07, 3.46155076159e-07, 4.62157061065e-07, 5.1836059356e-07, 6.50948379644e-07, 1.04560706404e-06, 1.82342409971e-06, 7.30808778826e-07, 7.01903047684e-07, 1.85040732958e-07, 5.11333198006e-08, 5.74596619174e-08, 4.35372937702e-09, 6.25181438736e-13, 1.48162623663e-12],
        "dvar2": [3.97332987632e-05, 0.00128540210426, 0.000357362092473, 0.00011277669546, 2.07146586035e-05, 6.41822271064e-06, 1.06031711766e-06, 2.09689324038e-06, 1.88989304206e-06, 2.83008307633e-06, 9.85068140835e-07, 1.03824527287e-06, 5.34406808583e-07, 8.37630636852e-07, 1.12118300422e-06, 1.31575336582e-06, 1.68441783899e-06, 2.49367917604e-06, 3.98330712414e-06, 1.88672743207e-06, 1.683643859e-06, 3.88574221688e-07, 1.09023197581e-07, 1.28141877553e-07, 9.61094315244e-09, 1.67515079499e-12, 4.09366594442e-12],
        "max": [0.0244586579502, 0.245521992445, 0.138114213943, 0.0649170652032, 0.0272907428443, 0.021765941754, 0.00766525510699, 0.0110819740221, 0.0101142637432, 0.0112544689327, 0.00655582593754, 0.00723807699978, 0.00537024717778, 0.00588293746114, 0.00735341152176, 0.00780342565849, 0.0082010217011, 0.0108621241525, 0.0139852892607, 0.00978732481599, 0.00915072951466, 0.00469092233106, 0.00274297292344, 0.00263433344662, 0.00066106178565, 1.50390824274e-05, 2.16198659473e-05],
        "mean": [0.00113012571819, 0.0112228859216, 0.00273503852077, 0.00139267323539, 0.0015532602556, 0.000887221598532, 0.00031367057818, 0.000569227617234, 0.000662136822939, 0.000574355828576, 0.000560613232665, 0.000315119541483, 0.000359252124326, 0.000361514743418, 0.00045845558634, 0.000555670936592, 0.000493254337925, 0.000450231367722, 0.000443149649072, 0.00020096328808, 0.000250442826655, 0.000144811318023, 7.8058175859e-05, 7.92479258962e-05, 2.17553224502e-05, 8.65746869749e-08, 1.0083891766e-07],
        "median": [3.78805179935e-06, 7.45779543649e-05, 5.21969777765e-05, 6.51949376334e-05, 0.000353910785634, 0.000328588619595, 7.83417926868e-05, 0.000140767107951, 0.000273462326732, 9.98400428216e-05, 0.000175711436896, 8.62566885189e-05, 0.000134030691697, 0.00011261148029, 0.000112884335977, 0.000137279654155, 0.000163222182891, 0.000136762595503, 7.49108075979e-05, 3.6165194615e-05, 3.93005611841e-05, 1.56554851856e-05, 7.10748054189e-06, 3.95208826376e-06, 5.04873355567e-07, 1.08482767214e-09, 1.88045634619e-10],
        "min": [9.86964941108e-24, 3.24526143029e-23, 1.48753193479e-24, 4.66564903526e-23, 3.17265214821e-23, 3.95000325728e-23, 2.76548001426e-23, 8.75092789606e-24, 1.00030636184e-22, 1.0247915946e-22, 6.03728629847e-23, 4.7900445114e-23, 8.63168636376e-23, 6.42388052239e-23, 2.19663784287e-22, 8.69262618423e-23, 1.16778967306e-22, 2.30749286868e-22, 3.23055756788e-22, 3.16851624515e-22, 5.33811395568e-22, 6.12481704233e-22, 5.54053844075e-22, 8.96937020182e-22, 1.20389332496e-21, 1.56750241403e-21, 2.3698120724e-21],
        "var": [1.21186576507e-05, 0.00110667117406, 0.000100980512798, 2.4777085855e-05, 7.80164373282e-06, 2.64186860477e-06, 3.98857963546e-07, 1.27260238969e-06, 1.16697174235e-06, 1.55921532041e-06, 8.11377276477e-07, 5.04772515342e-07, 3.34239842914e-07, 4.87748764044e-07, 7.50863762278e-07, 8.49718105655e-07, 7.6287705042e-07, 1.06416587187e-06, 1.97806048163e-06, 5.77417893055e-07, 6.65396214572e-07, 2.26599013331e-07, 6.32338270634e-08, 6.19880538011e-08, 4.55307525016e-09, 4.19788254722e-13, 9.22003033817e-13]
    },
    "erbbands": {
        "dmean": [0.352308392525, 1.43531918526, 2.63842821121, 4.33136415482, 3.19008350372, 3.84372448921, 6.45928812027, 5.36726427078, 4.56302690506, 5.47201061249, 9.79593849182, 11.1722383499, 12.0770750046, 12.8534841537, 12.9089326859, 9.8308172226, 11.4815654755, 11.710934639, 15.1689710617, 18.8542938232, 20.6949462891, 19.0866165161, 19.1818752289, 19.8314838409, 18.4599018097, 11.3280506134, 10.3773031235, 9.68019104004, 5.61908435822, 3.17802643776, 2.16391301155, 1.89106142521, 1.43582010269, 0.5190731287, 0.018280852586, 0.00118798168842, 0.000267883966444, 8.35441169329e-05, 3.07262489514e-05, 1.83921147254e-05],
        "dmean2": [0.585254490376, 1.96147704124, 4.13476085663, 7.34458255768, 5.74488782883, 6.32046413422, 10.4460668564, 8.6333065033, 7.38145494461, 9.08717536926, 15.6564178467, 18.3661384583, 18.811416626, 20.1566352844, 20.4806404114, 15.5350208282, 17.6669979095, 18.5254020691, 24.2519931793, 29.6007213593, 32.519821167, 29.2905292511, 29.4834365845, 30.0318012238, 28.875667572, 18.6035480499, 16.3237361908, 14.3967752457, 7.98540973663, 4.43097257614, 3.15256047249, 2.81721973419, 2.18065142632, 0.780864298344, 0.0277021788061, 0.00184062879998, 0.000445020647021, 0.000140478514368, 5.19525929121e-05, 2.85742971755e-05],
        "dvar": [1.16405415535, 23.8046665192, 114.376991272, 358.022338867, 160.020965576, 80.9999847412, 297.577301025, 134.620727539, 111.004608154, 148.466812134, 374.528839111, 410.896453857, 595.078979492, 743.207092285, 578.615905762, 590.957336426, 403.762969971, 696.061035156, 1020.65429688, 1197.0369873, 1750.61938477, 1859.95776367, 2701.06030273, 3521.52587891, 4474.77246094, 1778.43591309, 1444.16784668, 975.051330566, 293.28314209, 72.5452270508, 43.4370613098, 26.8100261688, 15.4608707428, 1.86285078526, 0.00242943363264, 1.57391696121e-05, 3.20838194057e-06, 3.58971846026e-07, 3.38477548212e-08, 1.70379255149e-09],
        "dvar2": [2.81407952309, 47.0712471008, 280.346832275, 1005.6807251, 461.883056641, 211.655334473, 745.278381348, 354.087432861, 273.329620361, 388.169555664, 935.598083496, 1058.78149414, 1490.88928223, 1958.22814941, 1456.62207031, 1522.37658691, 1037.9753418, 1685.05187988, 2660.53100586, 2756.8112793, 4464.52978516, 4667.36035156, 6227.25292969, 7822.50292969, 10139.2060547, 4588.11816406, 3682.98852539, 2214.36035156, 638.734008789, 143.693313599, 92.337677002, 58.2420845032, 35.4934577942, 4.11091470718, 0.00530232023448, 3.77438445867e-05, 8.59034935274e-06, 9.75251964519e-07, 9.25383005779e-08, 3.90877641365e-09],
        "max": [10.3768043518, 53.738193512, 122.02571106, 194.478103638, 125.871589661, 109.612701416, 233.483947754, 143.776687622, 129.000076294, 125.038787842, 249.806304932, 261.765075684, 299.733551025, 307.734771729, 260.910003662, 351.653198242, 174.498382568, 324.542327881, 343.003387451, 409.150054932, 442.90838623, 453.313842773, 563.191894531, 673.628967285, 644.099609375, 455.363616943, 469.26071167, 338.466278076, 202.186676025, 92.1674728394, 83.1212005615, 53.3172111511, 49.9458656311, 13.2795667648, 0.577736794949, 0.061917886138, 0.03585453704, 0.0123798791319, 0.0032156528905, 0.000513196166139],
        "mean": [0.466052889824, 1.95893990993, 2.9056417942, 4.76594161987, 3.33628678322, 5.04784965515, 8.96012401581, 7.13099575043, 5.24167966843, 6.64985466003, 14.1161270142, 16.0456352234, 16.3723907471, 18.6860771179, 20.4978504181, 13.3255815506, 17.3221893311, 16.1892776489, 20.9866046906, 29.3363494873, 31.3878173828, 26.8743915558, 24.2037620544, 24.1125984192, 19.0672569275, 9.91772460938, 9.88944721222, 9.56357097626, 5.48260974884, 3.36569190025, 2.12631726265, 1.74021816254, 1.26695084572, 0.459493875504, 0.0164804682136, 0.0010379065061, 0.000208411322092, 6.09079288552e-05, 3.02389071294e-05, 3.24864231516e-05],
        "median": [0.00169831165113, 0.0209671147168, 0.0926816761494, 0.171597823501, 0.601118147373, 1.01245260239, 2.38705134392, 2.43689584732, 1.42481482029, 2.0104367733, 4.86845350266, 7.00209522247, 4.21675157547, 5.62567090988, 7.53975009918, 4.36150169373, 6.98705911636, 4.59963607788, 6.57407903671, 9.01526355743, 8.65566539764, 9.1831073761, 7.93470525742, 5.8413233757, 3.35069513321, 1.78108894825, 1.74191725254, 1.00323736668, 0.607800364494, 0.364167302847, 0.182607471943, 0.105194181204, 0.053293146193, 0.0131743680686, 0.000424317695433, 4.31533881056e-05, 1.2742508261e-05, 3.68659902961e-06, 7.60451575843e-06, 1.3935376046e-05],
        "min": [1.17770597019e-21, 6.39683082274e-21, 4.68827149605e-21, 6.84117399167e-20, 1.14418595009e-19, 1.00008430191e-19, 3.66088425625e-19, 2.5193460596e-19, 2.16973662275e-19, 5.40340742502e-19, 3.64192243318e-19, 1.90737757651e-18, 3.53538648166e-18, 2.21239877303e-18, 2.97328003231e-18, 2.20303632927e-18, 4.0917808353e-18, 3.25969814364e-18, 7.45685124243e-18, 1.04322017078e-17, 5.2902753802e-18, 7.84710926517e-18, 9.415083883e-18, 1.40704249376e-17, 1.97938431058e-17, 1.60859960839e-17, 1.76007689262e-17, 2.12979701337e-17, 2.13071369492e-17, 1.90384716966e-17, 1.64972653213e-17, 1.94184023694e-17, 1.40294894234e-17, 1.19796986424e-17, 8.90502363779e-18, 6.2365472535e-18, 2.80523870446e-18, 1.22338316876e-18, 3.2848727652e-19, 3.39530628836e-20],
        "var": [1.93586421013, 38.3926086426, 102.829994202, 259.785736084, 105.650596619, 88.7953186035, 318.722961426, 160.324005127, 117.069404602, 163.450408936, 670.857727051, 642.948852539, 941.127868652, 1187.04284668, 1082.48510742, 827.743041992, 672.315368652, 1064.62719727, 1513.90795898, 2290.91552734, 2880.62866211, 2226.3449707, 2900.05371094, 3848.96875, 4459.14355469, 1417.74194336, 1205.91870117, 1007.74713135, 337.65737915, 102.940086365, 51.6583023071, 30.2505664825, 15.801322937, 1.98200929165, 0.00265146046877, 1.43289689731e-05, 2.17697174776e-06, 2.34677557387e-07, 2.20540261608e-08, 2.81644219058e-09]
    },
    "gfcc": {
        "mean": [-99.6908798218, 124.718452454, -174.954177856, 44.3552894592, -60.810585022, 2.1266772747, -29.1767024994, -4.4661898613, -5.84438371658, -19.1286888123, 3.76713490486, -15.9414377213, 11.3060665131],
        "cov": [[15081.5683594, -508.346557617, 158.723678589, 1311.93713379, -712.545349121, 821.232910156, -170.601135254, -33.1070861816, 3.33855485916, -275.322235107, -60.6450080872, -55.5623054504, -266.750061035], [-508.346557617, 2021.08642578, 340.128448486, -288.979309082, 1029.95288086, -140.815155029, 544.919372559, 81.8401489258, 135.608200073, 20.4768276215, 49.1330413818, -101.765647888, 170.452163696], [158.723678589, 340.128448486, 1717.83776855, 783.575012207, 274.059570312, 732.62286377, 176.494277954, 158.59979248, 93.4166641235, 105.826568604, 56.5124740601, -66.0098342896, -104.625793457], [1311.93713379, -288.979309082, 783.575012207, 879.431335449, -135.551025391, 432.380340576, -57.7463951111, -2.19341516495, 97.387840271, -39.9294548035, -0.581919372082, -11.697145462, -199.7290802], [-712.545349121, 1029.95288086, 274.059570312, -135.551025391, 1059.62512207, 44.7372360229, 405.788391113, 188.110595703, 136.241500854, 150.873626709, 37.0653076172, -15.7919511795, 194.129104614], [821.232910156, -140.815155029, 732.62286377, 432.380340576, 44.7372360229, 724.681518555, 92.1154785156, 82.3270797729, 61.0565681458, 59.3313217163, 75.7220458984, -26.061914444, -62.8553352356], [-170.601135254, 544.919372559, 176.494277954, -57.7463951111, 405.788391113, 92.1154785156, 528.333862305, 213.956192017, 102.93523407, 48.1738510132, 76.9941864014, 60.1244773865, 83.2659072876], [-33.1070861816, 81.8401489258, 158.59979248, -2.19341516495, 188.110595703, 82.3270797729, 213.956192017, 348.116546631, 74.2933273315, 77.3344345093, 3.89775896072, 27.1018390656, 111.972091675], [3.33855485916, 135.608200073, 93.4166641235, 97.387840271, 136.241500854, 61.0565681458, 102.93523407, 74.2933273315, 223.686096191, 37.2440376282, 47.4949493408, 36.6888008118, -6.71624135971], [-275.322235107, 20.4768276215, 105.826568604, -39.9294548035, 150.873626709, 59.3313217163, 48.1738510132, 77.3344345093, 37.2440376282, 196.446594238, 72.1214828491, 9.66972541809, 68.0028152466], [-60.6450080872, 49.1330413818, 56.5124740601, -0.581919372082, 37.0653076172, 75.7220458984, 76.9941864014, 3.89775896072, 47.4949493408, 72.1214828491, 155.794891357, 58.3660049438, -3.99624180794], [-55.5623054504, -101.765647888, -66.0098342896, -11.697145462, -15.7919511795, -26.061914444, 60.1244773865, 27.1018390656, 36.6888008118, 9.66972541809, 58.3660049438, 138.801986694, 48.4983825684], [-266.750061035, 170.452163696, -104.625793457, -199.7290802, 194.129104614, -62.8553352356, 83.2659072876, 111.972091675, -6.71624135971, 68.0028152466, -3.99624180794, 48.4983825684, 213.812698364]],
        "icov": [[0.000100163459138, -0.000151124302647, 0.000218968561967, -0.000288930634269, 0.000118773074064, -0.000210419413634, 5.27349002368e-05, -0.00010909143748, 0.000128576954012, -6.44408137305e-05, 7.63879797887e-05, -7.76883898652e-05, -6.83026382831e-06], [-0.000151124302647, 0.0025752291549, -0.00140837102663, 0.000999284442514, -0.00153730099555, 0.00171894358937, -0.00162159767933, 0.00154993799515, -0.00129783281591, 0.00249110115692, -0.0022102301009, 0.00357386819087, -0.00196132343262], [0.000218968561967, -0.00140837102663, 0.00256584677845, -0.00203289301135, 0.00048784937826, -0.00191249954514, 0.000600553757977, -0.00113581714686, 0.00129558239132, -0.00175934052095, 0.00105131743476, -0.00125372852199, 0.00101256836206], [-0.000288930634269, 0.000999284442514, -0.00203289301135, 0.00418283836916, -0.000560408167075, 0.000161438598298, 0.000177024950972, 0.00041948800208, -0.00163784041069, 0.00113081675954, 0.000563860114198, -0.000694241200108, 0.00178001925815], [0.000118773074064, -0.00153730099555, 0.00048784937826, -0.000560408167075, 0.00296131335199, -0.000737357069738, -0.000460826093331, -0.000219890091103, -0.000225355819566, -0.00216223462485, 0.00153856631368, -0.000658841978293, -0.000663078913931], [-0.000210419413634, 0.00171894358937, -0.00191249954514, 0.000161438598298, -0.000737357069738, 0.00411143666133, -0.00133898016065, 0.000906282919459, -0.000929334550165, 0.00158731918782, -0.00286977458745, 0.00335667026229, -0.00184200401418], [5.27349002368e-05, -0.00162159767933, 0.000600553757977, 0.000177024950972, -0.000460826093331, -0.00133898016065, 0.0052012167871, -0.00310353352688, 0.000656229967717, -3.00343381241e-05, -0.000143560333527, -0.00373902404681, 0.00231790659018], [-0.00010909143748, 0.00154993799515, -0.00113581714686, 0.00041948800208, -0.000219890091103, 0.000906282919459, -0.00310353352688, 0.00628381408751, -0.00203620502725, -4.57574096799e-05, 0.000477757334011, 0.00250486237928, -0.00376039557159], [0.000128576954012, -0.00129783281591, 0.00129558239132, -0.00163784041069, -0.000225355819566, -0.000929334550165, 0.000656229967717, -0.00203620502725, 0.00705325137824, -0.00172534631565, 0.000124670041259, -0.00319211301394, 0.00253794388846], [-6.44408137305e-05, 0.00249110115692, -0.00175934052095, 0.00113081675954, -0.00216223462485, 0.00158731918782, -3.00343381241e-05, -4.57574096799e-05, -0.00172534631565, 0.0114128254354, -0.00731422565877, 0.00542715517804, -0.00445717107505], [7.63879797887e-05, -0.0022102301009, 0.00105131743476, 0.000563860114198, 0.00153856631368, -0.00286977458745, -0.000143560333527, 0.000477757334011, 0.000124670041259, -0.00731422565877, 0.0146693242714, -0.00890702661127, 0.00508833210915], [-7.76883898652e-05, 0.00357386819087, -0.00125372852199, -0.000694241200108, -0.000658841978293, 0.00335667026229, -0.00373902404681, 0.00250486237928, -0.00319211301394, 0.00542715517804, -0.00890702661127, 0.0180269461125, -0.00856057181954], [-6.83026382831e-06, -0.00196132343262, 0.00101256836206, 0.00178001925815, -0.000663078913931, -0.00184200401418, 0.00231790659018, -0.00376039557159, 0.00253794388846, -0.00445717107505, 0.00508833210915, -0.00856057181954, 0.0130516374484]]
    },
    "melbands": {
        "dmean": [0.00263333390467, 0.00127323914785, 0.000706589955371, 0.000219875873881, 0.00022860779427, 0.000121960656543, 6.49975045235e-05, 6.79322110955e-05, 8.28928750707e-05, 6.81031378917e-05, 6.25993998256e-05, 5.47511262994e-05, 5.05352982145e-05, 3.02403968817e-05, 2.52587815339e-05, 2.47806201514e-05, 2.26761621889e-05, 2.54246551776e-05, 2.69634583674e-05, 2.38693064603e-05, 2.73023506452e-05, 2.08108413062e-05, 1.89530346688e-05, 1.85947228601e-05, 1.62629567058e-05, 1.54683802975e-05, 9.38570792641e-06, 7.32480975785e-06, 6.05147124588e-06, 6.42693930786e-06, 5.39337679584e-06, 3.22299229083e-06, 2.45785122388e-06, 1.59819933288e-06, 1.36881078561e-06, 9.37624349717e-07, 1.246854481e-06, 1.03619549918e-06, 8.50939613883e-07, 2.66414389216e-07],
        "dmean2": [0.00425934977829, 0.00177075027023, 0.00119760830421, 0.000378074299078, 0.000365779735148, 0.000194931606529, 0.000104159436887, 0.000113362053526, 0.000133951718453, 0.000112258203444, 9.79408578132e-05, 8.61927837832e-05, 7.80582195148e-05, 4.94759624416e-05, 4.102128878e-05, 3.84144987038e-05, 3.63339495379e-05, 4.11679793615e-05, 4.28139574069e-05, 3.71897949663e-05, 4.32807173638e-05, 3.2137013477e-05, 2.92253480438e-05, 2.89134477498e-05, 2.46776089625e-05, 2.40504159592e-05, 1.54282479343e-05, 1.20947834148e-05, 9.61227306107e-06, 1.02892709037e-05, 7.84872827353e-06, 4.59974944533e-06, 3.50491632162e-06, 2.2768274448e-06, 2.03086051442e-06, 1.38104121561e-06, 1.88236060694e-06, 1.60559454798e-06, 1.28183853576e-06, 4.0883205088e-07],
        "dvar": [6.4792460762e-05, 1.94752992684e-05, 9.28771260078e-06, 4.03058265874e-07, 3.46735816947e-07, 6.93588546596e-08, 2.15672457671e-08, 2.26924505853e-08, 2.43335076533e-08, 1.59183795034e-08, 1.69596656718e-08, 1.50424259715e-08, 8.01147503893e-09, 5.72370151275e-09, 2.78983014468e-09, 2.37492270294e-09, 2.62385269068e-09, 2.85198864525e-09, 3.27129145994e-09, 1.95504390454e-09, 3.53754359139e-09, 1.89936688599e-09, 2.84593970612e-09, 2.50136800162e-09, 2.34561281509e-09, 3.13159054244e-09, 1.13941167612e-09, 7.64310392753e-10, 5.44289724402e-10, 4.70071592762e-10, 2.901757723e-10, 9.50799855515e-11, 5.28931481947e-11, 1.86311886058e-11, 1.91047733189e-11, 7.58564652065e-12, 1.10306529535e-11, 8.25330082055e-12, 5.79977081985e-12, 4.89057145475e-13],
        "dvar2": [0.000146719539771, 3.77468604711e-05, 2.59831485891e-05, 1.13474015961e-06, 8.62563467763e-07, 1.81036369895e-07, 5.32708810397e-08, 5.97778608835e-08, 6.09733632473e-08, 4.02684534606e-08, 4.30571454046e-08, 4.04129316678e-08, 1.97757206166e-08, 1.47772407644e-08, 7.19544468453e-09, 5.96197224922e-09, 6.50631992727e-09, 7.53518758501e-09, 7.5408879141e-09, 4.6558503719e-09, 9.41376576691e-09, 4.90370233308e-09, 6.48417941562e-09, 6.26135987503e-09, 5.20672216453e-09, 6.98398672228e-09, 2.80941447883e-09, 1.99365324249e-09, 1.38630906754e-09, 1.18838805463e-09, 6.18596396329e-10, 2.02539901517e-10, 1.15470369377e-10, 3.84735125702e-11, 4.22132225009e-11, 1.55948500641e-11, 2.45282925915e-11, 1.94210827975e-11, 1.30712775673e-11, 1.08432512101e-12],
        "max": [0.0745216533542, 0.0471799522638, 0.0309293828905, 0.00650223251432, 0.00751079106703, 0.00335458759218, 0.00181606411934, 0.00166528497357, 0.00180846848525, 0.0015844355803, 0.00146345992107, 0.00140402652323, 0.000973946589511, 0.000931892718654, 0.000602370186243, 0.000593018019572, 0.00064839591505, 0.000566882197745, 0.000782470800914, 0.000578128325287, 0.000669056200422, 0.000433630309999, 0.000535853381734, 0.000549467571545, 0.000566718168557, 0.000513350241818, 0.000331755843945, 0.000315776618663, 0.000319967104588, 0.000210372556467, 0.00019263815193, 0.000120378885185, 7.6243391959e-05, 5.48646385141e-05, 5.97692378506e-05, 3.25423279719e-05, 3.54301046173e-05, 3.96463183279e-05, 2.83124918496e-05, 7.69690359448e-06],
        "mean": [0.00360055407509, 0.00188912590966, 0.00078260403825, 0.000258248532191, 0.000324124936014, 0.000162456883118, 7.43740019971e-05, 8.45091926749e-05, 0.000119905183965, 9.48301822064e-05, 8.21879439172e-05, 7.60705952416e-05, 7.93755534687e-05, 3.73359107471e-05, 3.54205549229e-05, 3.56158161594e-05, 2.93659231829e-05, 3.30183065671e-05, 3.77486176149e-05, 3.57527896995e-05, 3.8770143874e-05, 2.86717549898e-05, 2.27889340749e-05, 2.17025681195e-05, 1.92221050384e-05, 1.64675966516e-05, 8.64061439643e-06, 6.1420187194e-06, 5.7407710301e-06, 6.17769364908e-06, 5.35853496331e-06, 3.18534034704e-06, 2.36752657656e-06, 1.69527675098e-06, 1.32157151711e-06, 9.08121535304e-07, 1.11803490199e-06, 9.0522814844e-07, 7.55280098019e-07, 2.3365957702e-07],
        "median": [1.72236632352e-05, 5.72229473619e-05, 4.07936458942e-05, 5.91344032728e-05, 8.46516850288e-05, 5.58746905881e-05, 1.94619042304e-05, 2.37371059484e-05, 4.28645544162e-05, 4.00932149205e-05, 1.76715693669e-05, 1.99730493478e-05, 2.62213707174e-05, 1.06627421701e-05, 1.05218987301e-05, 1.22904584714e-05, 7.3561204772e-06, 9.82863002719e-06, 9.09665868676e-06, 1.02166950455e-05, 9.84962571238e-06, 9.15701457416e-06, 7.01780163581e-06, 6.1150090005e-06, 4.31124544775e-06, 2.45306546276e-06, 1.4720138779e-06, 9.42488497913e-07, 9.39812650813e-07, 9.73035639618e-07, 4.40145214498e-07, 3.64908459005e-07, 1.9237334925e-07, 1.59278016554e-07, 1.01435887245e-07, 7.53862963165e-08, 5.08987483272e-08, 3.91496719487e-08, 2.25936247489e-08, 4.79232964423e-09],
        "min": [1.00451149534e-23, 3.94398109313e-24, 1.55426487365e-23, 5.78486571827e-24, 1.13589825125e-23, 6.06294273723e-24, 4.23359204739e-24, 5.1652501871e-24, 4.41644803307e-24, 1.28166815028e-23, 1.82484700404e-23, 9.59610479245e-24, 9.23969980205e-24, 6.03851881474e-24, 7.93236874434e-24, 8.08467885248e-24, 5.56911304955e-24, 1.08211923676e-23, 1.51003975358e-23, 8.58703888756e-24, 5.73895835232e-24, 8.17574495538e-24, 6.88231441568e-24, 1.07769625144e-23, 1.04479207422e-23, 1.54936683629e-23, 1.10730456779e-23, 1.00543043941e-23, 1.04919360253e-23, 1.15808322872e-23, 1.27504582076e-23, 9.15142390018e-24, 1.58943623711e-23, 8.84231112105e-24, 9.38388148742e-24, 1.02702897767e-23, 1.24399381006e-23, 8.95538802092e-24, 1.10597257616e-23, 9.69407342827e-24],
        "var": [0.000112878107757, 3.02431035379e-05, 6.67695803713e-06, 3.06718192178e-07, 3.8591153384e-07, 8.41008116481e-08, 2.29609415925e-08, 2.67624287176e-08, 4.29175877059e-08, 2.48345237708e-08, 2.62174832955e-08, 2.28541150449e-08, 1.57996122852e-08, 7.50623119217e-09, 4.16969969663e-09, 3.61022411965e-09, 3.79471121192e-09, 3.99658972583e-09, 5.34318544965e-09, 3.43360850863e-09, 5.49275069872e-09, 2.43233100328e-09, 3.01159919225e-09, 2.41901032538e-09, 2.57171750562e-09, 3.30313398855e-09, 9.70087010721e-10, 5.94199855986e-10, 4.53769438691e-10, 4.00416921842e-10, 3.29682808831e-10, 1.12840146949e-10, 6.21050641469e-11, 2.56381131603e-11, 2.13962788459e-11, 9.27209264229e-12, 1.19798259854e-11, 8.11246209098e-12, 5.94453219288e-12, 5.13460584814e-13]
    },
    "mfcc": {
        "mean": [-707.858947754, 122.747665405, -34.651599884, 23.4680194855, -0.404800981283, -1.21742296219, -4.1936750412, 3.14432907104, 0.394355148077, -2.58252286911, -4.64224052429, 0.613427579403, -6.27618646622],
        "cov": [[11030.1210938, -695.615600586, 341.707733154, 486.456512451, -169.155853271, 377.125518799, -100.179092407, 189.610046387, -138.16708374, 14.7623138428, -28.2483997345, 46.0323181152, -183.433456421], [-695.615600586, 2468.06005859, -557.944274902, 194.537765503, 365.445953369, 60.7958679199, 452.480804443, 123.527099609, 319.731628418, 232.929641724, 4.41319513321, 33.8843650818, 91.1601104736], [341.707733154, -557.944274902, 1770.43640137, 248.983093262, 263.916412354, 479.980529785, 168.477539062, 170.750320435, -10.682888031, 121.558113098, 177.520629883, 113.276435852, 15.4304094315], [486.456512451, 194.537765503, 248.983093262, 495.178039551, 155.130569458, 118.477981567, 39.46616745, 129.715759277, 87.7398986816, 19.8452644348, 53.9012947083, 84.687713623, 17.4123764038], [-169.155853271, 365.445953369, 263.916412354, 155.130569458, 541.707397461, 252.120269775, 169.443908691, 42.1799621582, 158.018814087, 162.679138184, 52.6497497559, 2.87325334549, 84.1214828491], [377.125518799, 60.7958679199, 479.980529785, 118.477981567, 252.120269775, 472.384307861, 167.905471802, 89.7239379883, -2.53916358948, 124.692596436, 90.074546814, 40.6478919983, 37.9493331909], [-100.179092407, 452.480804443, 168.477539062, 39.46616745, 169.443908691, 167.905471802, 452.198638916, 143.176330566, 187.194915771, 137.042541504, 66.2943649292, 49.202835083, 63.8929023743], [189.610046387, 123.527099609, 170.750320435, 129.715759277, 42.1799621582, 89.7239379883, 143.176330566, 274.846984863, 134.644073486, 60.3373794556, 61.2514419556, 73.1219787598, 25.2978630066], [-138.16708374, 319.731628418, -10.682888031, 87.7398986816, 158.018814087, -2.53916358948, 187.194915771, 134.644073486, 322.934753418, 109.37084198, 12.466342926, 27.9179782867, 54.3164901733], [14.7623138428, 232.929641724, 121.558113098, 19.8452644348, 162.679138184, 124.692596436, 137.042541504, 60.3373794556, 109.37084198, 216.462600708, 81.2198944092, 22.5134296417, 21.230550766], [-28.2483997345, 4.41319513321, 177.520629883, 53.9012947083, 52.6497497559, 90.074546814, 66.2943649292, 61.2514419556, 12.466342926, 81.2198944092, 166.793380737, 76.3737030029, 20.7942752838], [46.0323181152, 33.8843650818, 113.276435852, 84.687713623, 2.87325334549, 40.6478919983, 49.202835083, 73.1219787598, 27.9179782867, 22.5134296417, 76.3737030029, 130.695358276, 31.8997344971], [-183.433456421, 91.1601104736, 15.4304094315, 17.4123764038, 84.1214828491, 37.9493331909, 63.8929023743, 25.2978630066, 54.3164901733, 21.230550766, 20.7942752838, 31.8997344971, 116.898727417]],
