{
"lowlevel": {
    "average_loudness": 0.964280962944,
    "barkbands_crest": {
        "dmean": 3.86681580544,
        "dmean2": 6.48753738403,
        "dvar": 13.4834861755,
        "dvar2": 29.3167324066,
        "max": 25.8628139496,
        "mean": 15.0985774994,
        "median": 14.5865306854,
        "min": 3.10361528397,
        "var": 34.7122306824
    },
    "barkbands_flatness_db": {
        "dmean": 0.0386253520846,
        "dmean2": 0.0592809803784,
        "dvar": 0.00158332451247,
        "dvar2": 0.00267705623992,
        "max": 0.437538504601,
        "mean": 0.201202630997,
        "median": 0.191989824176,
        "min": 0.0382006578147,
        "var": 0.00566666107625
    },
    "barkbands_kurtosis": {
        "dmean": 19.8920288086,
        "dmean2": 32.0028533936,
        "dvar": 1634.06335449,
        "dvar2": 3764.48950195,
        "max": 404.133789062,
        "mean": 23.1219120026,
        "median": 6.79716491699,
        "min": -1.83013510704,
        "var": 1990.08227539
    },
    "barkbands_skewness": {
        "dmean": 1.44629883766,
        "dmean2": 2.22435998917,
        "dvar": 3.14915728569,
        "dvar2": 6.53094482422,
        "max": 16.2893562317,
        "mean": 3.1345038414,
        "median": 2.36460590363,
        "min": -1.92663538456,
        "var": 7.13570976257
    },
    "barkbands_spread": {
        "dmean": 6.57401704788,
        "dmean2": 9.64923000336,
        "dvar": 90.4537887573,
        "dvar2": 165.508270264,
        "max": 101.276947021,
        "mean": 14.4385766983,
        "median": 10.8835840225,
        "min": 0.328594058752,
        "var": 197.070053101
    },
    "dissonance": {
        "dmean": 0.0270865671337,
        "dmean2": 0.0446663759649,
        "dvar": 0.000645634077955,
        "dvar2": 0.00168346543796,
        "max": 0.5,
        "mean": 0.444967359304,
        "median": 0.453899562359,
        "min": 0.264964938164,
        "var": 0.00139821041375
    },
    "dynamic_complexity": 3.87773561478,
    "erbbands_crest": {
        "dmean": 3.16458010674,
        "dmean2": 5.1803689003,
        "dvar": 9.10083389282,
        "dvar2": 21.9358406067,
        "max": 28.2820930481,
        "mean": 10.0765609741,
        "median": 8.89164161682,
        "min": 2.59960103035,
        "var": 21.3244953156
    },
    "erbbands_flatness_db": {
        "dmean": 0.0230138376355,
        "dmean2": 0.0357338488102,
        "dvar": 0.00047234664089,
        "dvar2": 0.00101083738264,
        "max": 0.268966823816,
        "mean": 0.155558511615,
        "median": 0.15760025382,
        "min": 0.0529657192528,
        "var": 0.00150724069681
    },
    "erbbands_kurtosis": {
        "dmean": 1.59464657307,
        "dmean2": 2.61778092384,
        "dvar": 4.1429977417,
        "dvar2": 10.5484285355,
        "max": 20.7094478607,
        "mean": 0.854830682278,
        "median": -0.0467207431793,
        "min": -1.84118533134,
        "var": 6.61873722076
    },
    "erbbands_skewness": {
        "dmean": 0.56433480978,
        "dmean2": 0.854772210121,
        "dvar": 0.262217789888,
        "dvar2": 0.569469690323,
        "max": 3.22688865662,
        "mean": 0.63032579422,
        "median": 0.635247468948,
        "min": -1.95910954475,
        "var": 0.682725608349
    },
    "erbbands_spread": {
        "dmean": 14.0601291656,
        "dmean2": 21.7839832306,
        "dvar": 325.720275879,
        "dvar2": 666.625427246,
        "max": 186.93132019,
        "mean": 44.0888977051,
        "median": 35.5488052368,
        "min": 5.70795822144,
        "var": 850.763427734
    },
    "hfc": {
        "dmean": 9.83710479736,
        "dmean2": 15.3622407913,
        "dvar": 241.496765137,
        "dvar2": 613.176208496,
        "max": 162.670150757,
        "mean": 21.2675590515,
        "median": 19.2324867249,
        "min": 1.21811252279e-16,
        "var": 333.116760254
    },
    "melbands_crest": {
        "dmean": 5.14262866974,
        "dmean2": 8.47205448151,
        "dvar": 17.8391532898,
        "dvar2": 47.2132911682,
        "max": 34.8753623962,
        "mean": 20.7449073792,
        "median": 20.4745235443,
        "min": 1.98051214218,
        "var": 58.636882782
    },
    "melbands_flatness_db": {
        "dmean": 0.0476843267679,
        "dmean2": 0.0716912299395,
        "dvar": 0.00241195573471,
        "dvar2": 0.00381007813849,
        "max": 0.571775972843,
        "mean": 0.293016463518,
        "median": 0.286822646856,
        "min": 0.00305274827406,
        "var": 0.00954538583755
    },
    "melbands_kurtosis": {
        "dmean": 37.8025970459,
        "dmean2": 60.3831443787,
        "dvar": 5865.91308594,
        "dvar2": 13742.5214844,
        "max": 796.687927246,
        "mean": 50.9882240295,
        "median": 16.8626785278,
        "min": -1.28392910957,
        "var": 8058.14501953
    },
    "melbands_skewness": {
        "dmean": 1.76988482475,
        "dmean2": 2.71371889114,
        "dvar": 4.70050525665,
        "dvar2": 10.0054664612,
        "max": 22.411901474,
        "mean": 4.43429374695,
        "median": 3.32095742226,
        "min": -0.352101534605,
        "var": 12.4231004715
    },
    "melbands_spread": {
        "dmean": 6.12819480896,
        "dmean2": 8.92224884033,
        "dvar": 85.9011154175,
        "dvar2": 148.943313599,
        "max": 134.318130493,
        "mean": 13.0208950043,
        "median": 9.39038467407,
        "min": 0.297482609749,
        "var": 190.900695801
    },
    "pitch_salience": {
        "dmean": 0.10994835943,
        "dmean2": 0.184134319425,
        "dvar": 0.0116104073822,
        "dvar2": 0.0269000511616,
        "max": 0.963630974293,
        "mean": 0.425601631403,
        "median": 0.443259477615,
        "min": 0.069823667407,
        "var": 0.0265645142645
    },
    "silence_rate_20dB": {
        "dmean": 0.0123647600412,
        "dmean2": 0.0247486457229,
        "dvar": 0.0122118666768,
        "dvar2": 0.0365107096732,
        "max": 1,
        "mean": 0.993822395802,
        "median": 1,
        "min": 0,
        "var": 0.00613942882046
    },
    "silence_rate_30dB": {
        "dmean": 0.128284394741,
        "dmean2": 0.256767213345,
        "dvar": 0.111828401685,
        "dvar2": 0.217133283615,
        "max": 1,
        "mean": 0.671042442322,
        "median": 1,
        "min": 0,
        "var": 0.220745638013
    },
    "silence_rate_60dB": {
        "dmean": 0.00154559500515,
        "dmean2": 0.00309358071536,
        "dvar": 0.00154320150614,
        "dvar2": 0.00308397784829,
        "max": 1,
        "mean": 0.0525096543133,
        "median": 0,
        "min": 0,
        "var": 0.0497531443834
    },
    "spectral_centroid": {
        "dmean": 340.466827393,
        "dmean2": 499.617706299,
        "dvar": 214097.09375,
        "dvar2": 355073.8125,
        "max": 10876.6025391,
        "mean": 1001.10308838,
        "median": 835.447387695,
        "min": 147.829452515,
        "var": 448816.96875
    },
    "spectral_complexity": {
        "dmean": 3.43276667595,
        "dmean2": 5.21268367767,
        "dvar": 15.8296613693,
        "dvar2": 34.3993721008,
        "max": 43,
        "mean": 13.4100389481,
        "median": 12,
        "min": 0,
        "var": 46.9508399963
    },
    "spectral_decrease": {
        "dmean": 1.20363354839e-08,
        "dmean2": 1.92195344084e-08,
        "dvar": 3.2172802143e-16,
        "dvar2": 5.99227794002e-16,
        "max": 7.4999548848e-30,
        "mean": -2.24881766542e-08,
        "median": -1.14727294331e-08,
        "min": -1.02801500645e-07,
        "var": 6.30622911374e-16
    },
    "spectral_energy": {
        "dmean": 0.0459992475808,
        "dmean2": 0.073428414762,
        "dvar": 0.00463027646765,
        "dvar2": 0.00864352099597,
        "max": 0.393006533384,
        "mean": 0.0868044793606,
        "median": 0.0456114038825,
        "min": 1.10203398929e-20,
        "var": 0.00910401809961
    },
    "spectral_energyband_high": {
        "dmean": 0.000462263211375,
        "dmean2": 0.000682691519614,
        "dvar": 9.4270609452e-07,
        "dvar2": 2.0145646431e-06,
        "max": 0.00811765901744,
        "mean": 0.000667902117129,
        "median": 0.000194012143766,
        "min": 8.24547124745e-21,
        "var": 1.52102472839e-06
    },
    "spectral_energyband_low": {
        "dmean": 0.0424477569759,
        "dmean2": 0.0690795183182,
        "dvar": 0.00465169735253,
        "dvar2": 0.00860632397234,
        "max": 0.377544790506,
        "mean": 0.0689173489809,
        "median": 0.0229537952691,
        "min": 3.463548078e-23,
        "var": 0.00859260093421
    },
    "spectral_energyband_middle_high": {
        "dmean": 0.00266897724941,
        "dmean2": 0.00414679152891,
        "dvar": 5.81821150263e-05,
        "dvar2": 0.000151319545694,
        "max": 0.0876030996442,
        "mean": 0.00390776060522,
        "median": 0.00141638470814,
        "min": 1.43107193707e-21,
        "var": 5.38095300726e-05
    },
    "spectral_energyband_middle_low": {
        "dmean": 0.0105823008344,
        "dmean2": 0.018471095711,
        "dvar": 0.000279553642031,
        "dvar2": 0.000788442383055,
        "max": 0.119315586984,
        "mean": 0.015693185851,
        "median": 0.0112784784287,
        "min": 2.97576988432e-22,
        "var": 0.000267026480287
    },
    "spectral_entropy": {
        "dmean": 0.285240620375,
        "dmean2": 0.43386721611,
        "dvar": 0.0827191323042,
        "dvar2": 0.162135049701,
        "max": 9.78583526611,
        "mean": 7.2950720787,
        "median": 7.25761651993,
        "min": 5.87145423889,
        "var": 0.252222985029
    },
    "spectral_flux": {
        "dmean": 0.075920894742,
        "dmean2": 0.123704239726,
        "dvar": 0.00914382468909,
        "dvar2": 0.0177198480815,
        "max": 0.554200291634,
        "mean": 0.159433424473,
        "median": 0.124599419534,
        "min": 1.04977804227e-10,
        "var": 0.0164194852114
    },
    "spectral_kurtosis": {
        "dmean": 2.13538217545,
        "dmean2": 3.36097168922,
        "dvar": 4.64150905609,
        "dvar2": 10.8008213043,
        "max": 27.0395565033,
        "mean": 5.51980781555,
        "median": 5.15713405609,
        "min": -1.28493964672,
        "var": 13.6812543869
    },
    "spectral_rms": {
        "dmean": 0.00218827952631,
        "dmean2": 0.00347824860364,
        "dvar": 7.77584045863e-06,
        "dvar2": 1.38186560434e-05,
        "max": 0.0195811390877,
        "mean": 0.00785803236067,
        "median": 0.00667075207457,
        "min": 3.27895566601e-12,
        "var": 2.29386369028e-05
    },
    "spectral_rolloff": {
        "dmean": 482.733673096,
        "dmean2": 783.956420898,
        "dvar": 1445772.125,
        "dvar2": 2712311.5,
        "max": 18863.0859375,
        "mean": 814.338684082,
        "median": 430.6640625,
        "min": 64.599609375,
        "var": 2124104
    },
    "spectral_skewness": {
        "dmean": 0.349977731705,
        "dmean2": 0.527711868286,
        "dvar": 0.117979563773,
        "dvar2": 0.242285326123,
        "max": 4.44986486435,
        "mean": 1.78917884827,
        "median": 1.76967024803,
        "min": -0.00344303669408,
        "var": 0.406006366014
    },
    "spectral_spread": {
        "dmean": 988023.5,
        "dmean2": 1402765.5,
        "dvar": 2.59042128691e+12,
        "dvar2": 3.79117030605e+12,
        "max": 39434604,
        "mean": 4942868.5,
        "median": 4050809.75,
        "min": 2072624.125,
        "var": 6.76642789786e+12
    },
    "spectral_strongpeak": {
        "dmean": 0.45512676239,
        "dmean2": 0.777778923512,
        "dvar": 0.513927400112,
        "dvar2": 1.31930935383,
        "max": 6.42047595978,
        "mean": 0.792195022106,
        "median": 0.564615190029,
        "min": 0,
        "var": 0.640890717506
    },
    "zerocrossingrate": {
        "dmean": 0.0121643915772,
        "dmean2": 0.0134324552491,
        "dvar": 0.000341157603543,
        "dvar2": 0.000345565291354,
        "max": 0.51513671875,
        "mean": 0.0373212769628,
        "median": 0.02783203125,
        "min": 0.001953125,
        "var": 0.00157785741612
    },
    "barkbands": {
        "dmean": [0.0029503586702, 0.0386488512158, 0.0094886161387, 0.0048388610594, 0.00303003122099, 0.00113526370842, 0.00257141282782, 0.00140280486085, 0.000935169984587, 0.000330586830387, 0.00122151616961, 0.00023125037842, 0.000459584611235, 0.000157974034664, 0.000288858369458, 0.000300827639876, 0.000262156827375, 0.000182142262929, 0.000127363557112, 0.00025659360108, 8.14857339719e-05, 7.29169478291e-05, 6.67339554639e-05, 0.000107050320366, 9.80873082881e-05, 1.89320344361e-05, 6.8474201953e-07],
        "dmean2": [0.00533276889473, 0.0636695772409, 0.0179478060454, 0.00895320344716, 0.00505807437003, 0.001837489428, 0.00419024704024, 0.00223634112626, 0.0014956156956, 0.000506127718836, 0.00211512390524, 0.000400583230658, 0.000714834779501, 0.000266568618827, 0.000459526607301, 0.000446298596216, 0.000391953828512, 0.000285799236735, 0.000194352192921, 0.000447404367151, 0.000138556686579, 0.000111983485112, 9.51460096985e-05, 0.000151818108861, 0.000141017750138, 2.6738309316e-05, 1.11840563477e-06],
        "dvar": [1.9468840037e-05, 0.00386745342985, 0.000531948928256, 0.000137085633469, 2.27239779633e-05, 4.29749252362e-06, 3.16481928166e-05, 1.55082580022e-05, 6.07748961556e-06, 8.66739753747e-07, 2.51850524364e-05, 5.42332941222e-07, 2.50168727689e-06, 2.44067365429e-07, 4.68641786711e-07, 3.81959523565e-07, 2.50968270166e-07, 1.20141621096e-07, 6.14002786392e-08, 1.20352228805e-06, 6.80475622516e-08, 2.17686650927e-08, 2.07382324646e-08, 7.24352702264e-08, 6.88953250005e-08, 3.33648930706e-09, 3.56458287366e-12],
        "dvar2": [5.95403544139e-05, 0.00765420356765, 0.00150141550694, 0.00038860476343, 5.87709291722e-05, 1.11068948172e-05, 7.5428346463e-05, 3.73198527086e-05, 1.36602257044e-05, 1.58296438713e-06, 6.78840806358e-05, 1.46180252614e-06, 5.7747693063e-06, 6.2603845663e-07, 1.15089267183e-06, 7.13941460617e-07, 5.36219886271e-07, 2.8253094797e-07, 1.45318963973e-07, 3.29598037752e-06, 1.84462507491e-07, 4.76071093658e-08, 3.97591897183e-08, 1.33772431354e-07, 1.30095557438e-07, 7.74260833225e-09, 8.95173345172e-12],
        "max": [0.0228742305189, 0.351316452026, 0.148227930069, 0.0923762395978, 0.048959210515, 0.028422979638, 0.0541991330683, 0.0459471493959, 0.0449232719839, 0.0179460737854, 0.0530780293047, 0.00885626301169, 0.0169978085905, 0.00829008221626, 0.00771430321038, 0.00643100170419, 0.00685598747805, 0.00408379593864, 0.00315789878368, 0.010374577716, 0.00264330604114, 0.00175321800634, 0.00203213165514, 0.00312116579153, 0.00260942080058, 0.00105652061757, 2.95127138088e-05],
        "mean": [0.00307863019407, 0.0573132894933, 0.00622485112399, 0.00386014673859, 0.00373112526722, 0.00183832505718, 0.00332278432325, 0.00169678893872, 0.0010763045866, 0.000444810866611, 0.00096100801602, 0.000223090086365, 0.00051043741405, 0.000157497212058, 0.000326363893691, 0.000423999794293, 0.000384712679079, 0.000250138517004, 0.000176620582351, 0.000223802620894, 9.16698481888e-05, 0.000106335057353, 9.27240471356e-05, 0.000140239368193, 0.00012429401977, 2.38387474383e-05, 7.86375437656e-07],
        "median": [0.000884516513906, 0.0165963377804, 0.000673031434417, 0.000638579542283, 0.00172727287281, 0.00115491042379, 0.00110956351273, 0.000303372798953, 0.000201064933208, 0.000136463553645, 9.85022561508e-05, 5.30770230398e-05, 0.000118857293273, 4.06465114793e-05, 7.25920399418e-05, 4.85205746372e-05, 6.48846253171e-05, 4.03437661589e-05, 5.91780190007e-05, 3.46126798831e-05, 2.46897834586e-05, 2.79657833744e-05, 1.58572402142e-05, 1.96457640413e-05, 1.04085947896e-05, 3.90516879634e-06, 2.85413676693e-07],
        "min": [8.31148346248e-24, 1.11300803214e-23, 1.18112782791e-23, 8.36607027054e-24, 6.91433175547e-23, 3.42409840631e-23, 9.49628485786e-23, 2.65346365899e-23, 4.68908104404e-23, 4.15004102791e-23, 9.8186374051e-23, 1.02947130681e-22, 1.29265802399e-22, 1.15203429063e-22, 6.45758634006e-23, 8.98878539398e-23, 1.25225496656e-22, 1.90352388865e-22, 3.41713667727e-22, 3.14531287981e-22, 4.23239299459e-22, 7.02751827546e-22, 9.41057594092e-22, 8.09087197857e-22, 1.39967471769e-21, 1.43994433772e-21, 2.60768829471e-21],
        "var": [2.0960225811e-05, 0.00653873942792, 0.000318387203151, 9.15835480555e-05, 2.71886037808e-05, 6.00061866862e-06, 3.84683480661e-05, 1.87378427654e-05, 7.87598582974e-06, 1.68768326603e-06, 1.73468997673e-05, 4.98445899666e-07, 2.76629202745e-06, 2.06714929618e-07, 5.45145326214e-07, 8.67758217282e-07, 5.53961399419e-07, 2.5495918976e-07, 8.38697431504e-08, 7.99962151632e-07, 6.37965769101e-08, 3.99789250594e-08, 3.67660284439e-08, 1.31063970343e-07, 1.21156332966e-07, 4.31767066544e-09, 3.55051860308e-12]
    },
    "erbbands": {
        "dmean": [1.7668530941, 7.70358324051, 11.9566688538, 14.2232055664, 11.3973360062, 10.5511770248, 10.1339540482, 10.3381681442, 29.8052310944, 40.1675262451, 20.3597640991, 21.5393772125, 14.3080053329, 23.2919406891, 36.8611946106, 8.60176753998, 12.6581010818, 17.5302276611, 9.04109191895, 15.7701292038, 14.593416214, 13.6167116165, 11.2541046143, 5.23469924927, 11.617020607, 9.46435260773, 4.33636379242, 3.17080330849, 2.6640958786, 2.02730774879, 2.00785660744, 1.85030162334, 2.04851007462, 1.29761397839, 0.609928965569, 0.142477422953, 0.0266234707087, 0.0026738003362, 0.000105083970993, 5.14109160576e-05],
        "dmean2": [2.92225599289, 12.0070495605, 22.3305168152, 26.7146263123, 20.2223758698, 17.5397319794, 16.0372600555, 16.7402057648, 50.5975608826, 63.8149604797, 31.7532958984, 35.6515617371, 22.4821739197, 39.1211891174, 63.9991188049, 14.4882192612, 19.6921138763, 27.7152328491, 14.2578325272, 23.7476234436, 20.7096481323, 19.3555736542, 17.4027900696, 7.92023324966, 19.3790836334, 16.1869850159, 7.45635843277, 5.30579328537, 4.14863872528, 3.0336329937, 2.84622859955, 2.66251087189, 2.96330833435, 1.87346661091, 0.873795449734, 0.203030362725, 0.0382216051221, 0.00399934127927, 0.000157897433382, 8.14108643681e-05],
        "dvar": [7.39767217636, 176.552444458, 788.797363281, 1284.61645508, 549.322021484, 326.323425293, 423.427154541, 353.698059082, 4938.515625, 8730.171875, 2321.32177734, 3272.81713867, 1634.54614258, 7018.46191406, 19705.4746094, 537.561279297, 1361.30554199, 3547.70019531, 418.527587891, 1275.99475098, 782.500549316, 598.522705078, 465.856750488, 77.5060882568, 1436.10534668, 1352.61547852, 243.567230225, 91.5254516602, 28.9315929413, 17.6648330688, 19.2286205292, 17.8247318268, 29.678396225, 12.5681324005, 2.59794783592, 0.170224785805, 0.00648823846132, 5.80674241064e-05, 6.36272901033e-08, 5.28145704948e-09],
        "dvar2": [18.0264606476, 406.661743164, 2200.61450195, 3654.80200195, 1535.92956543, 781.245544434, 1031.29272461, 946.903991699, 12880.3925781, 19268.3222656, 5289.64208984, 7909.21435547, 3272.53442383, 17643.0625, 53109.0546875, 1424.5090332, 3220.63696289, 8431.55566406, 989.373046875, 2759.27856445, 1394.24609375, 1240.57910156, 1107.40649414, 182.957763672, 3859.98461914, 3668.96142578, 662.711120605, 238.441513062, 63.4602928162, 37.3799972534, 35.4787330627, 33.5070495605, 54.8028259277, 22.537651062, 5.22014427185, 0.372829377651, 0.0153673514724, 0.000143173368997, 1.44882704944e-07, 9.90937554235e-09],
        "max": [13.3790512085, 78.091255188, 146.907028198, 271.859436035, 150.893554688, 197.693222046, 330.672180176, 281.647613525, 807.210083008, 951.755493164, 477.797821045, 1107.41564941, 795.784545898, 939.021484375, 1482.61499023, 221.784912109, 367.8828125, 636.21697998, 303.790374756, 368.846923828, 425.635131836, 348.135559082, 252.356185913, 95.4273834229, 412.859527588, 316.212493896, 149.222167969, 128.400756836, 62.4525566101, 58.569355011, 51.495223999, 48.2696685791, 63.3853607178, 36.6830368042, 18.1859111786, 6.63539648056, 1.48887825012, 0.136244550347, 0.00409254990518, 0.00045157794375],
        "mean": [2.33161211014, 10.041841507, 9.03306484222, 11.0688343048, 10.0775814056, 13.1268835068, 15.7381258011, 16.3414230347, 39.2577323914, 54.501991272, 25.7575931549, 24.782907486, 19.6483058929, 22.6270503998, 30.7359352112, 9.29033660889, 15.2328681946, 18.7936782837, 11.385602951, 21.8718547821, 22.7475452423, 21.2801437378, 15.9797611237, 7.66218328476, 12.6425905228, 8.8812456131, 4.64883184433, 3.67189884186, 3.79583740234, 2.94459247589, 2.7674036026, 2.47667193413, 2.61070871353, 1.62531542778, 0.747849524021, 0.178463965654, 0.0335187278688, 0.00359936966561, 0.000164490236784, 0.000101752011687],
        "median": [0.68799829483, 2.63305854797, 1.54019367695, 1.82665240765, 2.80129122734, 5.21258211136, 8.9691619873, 9.27999591827, 17.2218341827, 8.97672748566, 9.14551925659, 6.27086687088, 3.9149544239, 5.21089220047, 4.35207414627, 2.87123537064, 5.28830862045, 3.60475945473, 3.6891913414, 2.71145057678, 3.15160393715, 3.52368307114, 2.42466020584, 2.66581344604, 4.07913208008, 1.85853767395, 1.26586067677, 0.876939833164, 0.971520602703, 0.698791861534, 0.461083352566, 0.422197699547, 0.289702028036, 0.143699854612, 0.0573373325169, 0.021686386317, 0.00609454000369, 0.00103429856244, 8.64342073328e-05, 5.9675770899e-05],
        "min": [6.70808085325e-22, 1.35435123818e-21, 8.01847317721e-21, 3.37609275681e-20, 1.44145075155e-19, 1.61503770502e-19, 3.99005948854e-19, 2.44279256186e-19, 1.21346527322e-18, 1.11283182406e-18, 5.82025785688e-19, 1.16083838829e-18, 1.34751599194e-18, 1.75528615203e-18, 4.98352703057e-18, 3.79373028981e-18, 6.21865409608e-18, 3.89113039334e-18, 5.56303653283e-18, 4.59061830756e-18, 5.19441465979e-18, 7.93696175921e-18, 8.06160298827e-18, 1.22492495071e-17, 2.01963343026e-17, 1.59791590903e-17, 1.23076798912e-17, 2.29457635447e-17, 2.50274247676e-17, 3.2074318681e-17, 2.30404244397e-17, 1.63200766167e-17, 1.51324636327e-17, 1.57486006925e-17, 8.70008385076e-18, 4.62235681407e-18, 3.23825224549e-18, 1.31056459321e-18, 3.51532037247e-19, 3.77892260654e-20],
        "var": [11.3918514252, 234.372589111, 501.927856445, 823.271057129, 391.404327393, 430.249938965, 598.96496582, 505.333679199, 4931.51367188, 13599.3193359, 2982.42724609, 3697.43676758, 2961.90820312, 6242.79980469, 14073.3837891, 490.216125488, 1496.3182373, 3713.17871094, 501.347961426, 2318.87255859, 2112.33374023, 1462.25537109, 977.041320801, 133.620834351, 1094.57629395, 944.122802734, 185.684875488, 106.535446167, 53.724521637, 31.0332221985, 34.6830444336, 33.8452758789, 51.6182250977, 21.9719600677, 4.39880228043, 0.246687114239, 0.00811998918653, 6.85995764798e-05, 8.81062192093e-08, 1.09121955916e-08]
    },
    "gfcc": {
        "mean": [-21.3435153961, 108.870750427, -87.8519287109, 36.9123840332, -51.5201148987, 14.3183755875, -32.5007553101, 18.7217082977, -11.0724258423, 11.2041873932, -3.47420668602, 4.59375715256, -5.45555257797],
        "cov": [[14236.5537109, -404.653869629, -330.20791626, 763.807739258, -231.901992798, 213.952301025, -456.640258789, 243.313796997, -191.046447754, -123.394355774, -103.325164795, 229.722518921, -13.9319486618], [-404.653869629, 1163.05700684, 29.4818515778, -137.587814331, 382.446166992, -195.168899536, 216.866836548, -53.7835197449, 89.2028884888, -132.753311157, 23.5328598022, -148.534881592, -23.4312477112], [-330.20791626, 29.4818515778, 1161.70056152, 239.707092285, 98.8401870728, 282.702056885, 90.2962341309, -19.7807788849, -41.2223320007, -5.5662279129, 32.1185836792, -22.9186229706, -21.7454891205], [763.807739258, -137.587814331, 239.707092285, 438.585540771, 80.4178771973, 17.2751178741, -56.4946975708, 27.9372138977, 103.918617249, -60.4049263, -5.84447813034, 67.4877471924, 3.88736057281], [-231.901992798, 382.446166992, 98.8401870728, 80.4178771973, 340.731201172, -50.5851821899, 94.4136886597, 0.934612393379, 96.0084075928, -40.4874076843, 25.4167289734, -46.1787948608, 9.06711769104], [213.952301025, -195.168899536, 282.702056885, 17.2751178741, -50.5851821899, 285.675292969, 68.3701553345, 19.3003559113, -42.1876678467, 60.2771759033, 2.43449258804, -27.5764980316, 8.3158788681], [-456.640258789, 216.866836548, 90.2962341309, -56.4946975708, 94.4136886597, 68.3701553345, 277.796600342, 6.78661298752, -15.9036188126, 25.2153453827, 44.6538467407, -46.6240158081, 5.73596954346], [243.313796997, -53.7835197449, -19.7807788849, 27.9372138977, 0.934612393379, 19.3003559113, 6.78661298752, 155.575973511, 93.8010253906, -10.7264986038, 5.27491235733, 23.8953018188, 19.3922939301], [-191.046447754, 89.2028884888, -41.2223320007, 103.918617249, 96.0084075928, -42.1876678467, -15.9036188126, 93.8010253906, 262.730957031, -23.7370548248, -7.38634681702, 13.1213083267, 28.0734424591], [-123.394355774, -132.753311157, -5.5662279129, -60.4049263, -40.4874076843, 60.2771759033, 25.2153453827, -10.7264986038, -23.7370548248, 139.983306885, 35.7669563293, -5.78708744049, 16.0071048737], [-103.325164795, 23.5328598022, 32.1185836792, -5.84447813034, 25.4167289734, 2.43449258804, 44.6538467407, 5.27491235733, -7.38634681702, 35.7669563293, 104.571655273, 34.3514251709, 11.0364618301], [229.722518921, -148.534881592, -22.9186229706, 67.4877471924, -46.1787948608, -27.5764980316, -46.6240158081, 23.8953018188, 13.1213083267, -5.78708744049, 34.3514251709, 130.514205933, 30.1373252869], [-13.9319486618, -23.4312477112, -21.7454891205, 3.88736057281, 9.06711769104, 8.3158788681, 5.73596954346, 19.3922939301, 28.0734424591, 16.0071048737, 11.0364618301, 30.1373252869, 72.2843017578]],
        "icov": [[0.000127103092382, -0.000302018335788, 0.000206584241823, -0.000461527961306, 0.000114576730994, -0.000423295277869, 0.000336581695592, -0.000426160288043, 0.000459616567241, -0.000224627685384, 0.000148995051859, -0.00025985200773, 9.23410480027e-05], [-0.000302018335788, 0.00370892928913, -0.00100857194047, 0.00259989290498, -0.00215039053001, 0.00292652053759, -0.00228278944269, 0.00211034971289, -0.00212946999818, 0.00321112666279, -0.00144936365541, 0.00275456928648, -0.000562356144655], [0.000206584241823, -0.00100857194047, 0.00190228794236, -0.00172112591099, 3.50002446794e-05, -0.0025970726274, 0.000794507039245, -0.000565823109355, 0.00121743546333, -0.000363322091289, -0.000141456330311, -0.000694575370289, 0.000679673510604], [-0.000461527961306, 0.00259989290498, -0.00172112591099, 0.00616748118773, -0.00225551775657, 0.00197822460905, -0.00125301280059, 0.00248012179509, -0.00349964015186, 0.00301404320635, -0.000410018168623, -0.000489885802381, 0.000352344941348], [0.000114576730994, -0.00215039053001, 3.50002446794e-05, -0.00225551775657, 0.00642944918945, 2.75599404631e-06, -0.000337067089276, -0.000232107326156, -0.000592488911934, -0.000633350922726, -0.00107404892333, 0.00133113074116, -0.00128157343715], [-0.000423295277869, 0.00292652053759, -0.0025970726274, 0.00197822460905, 2.75599404631e-06, 0.00928673427552, -0.00339309521951, 0.000456382374978, -0.00135184009559, -5.20242701896e-06, -0.000120475087897, 0.00389880896546, -0.00202348106541], [0.000336581695592, -0.00228278944269, 0.000794507039245, -0.00125301280059, -0.000337067089276, -0.00339309521951, 0.00685842288658, -0.00225196359679, 0.0022677439265, -0.00172599079087, -0.00125486508477, -0.000341664679581, -4.06285907957e-05], [-0.000426160288043, 0.00211034971289, -0.000565823109355, 0.00248012179509, -0.000232107326156, 0.000456382374978, -0.00225196359679, 0.0111479330808, -0.00572708109394, 0.00323685561307, -0.00165405054577, 0.000301982072415, -0.000902985804714], [0.000459616567241, -0.00212946999818, 0.00121743546333, -0.00349964015186, -0.000592488911934, -0.00135184009559, 0.0022677439265, -0.00572708109394, 0.00862153340131, -0.00241170590743, 0.00174704287201, -0.00102148298174, -0.0011160839349], [-0.000224627685384, 0.00321112666279, -0.000363322091289, 0.00301404320635, -0.000633350922726, -5.20242701896e-06, -0.00172599079087, 0.00323685561307, -0.00241170590743, 0.0131461555138, -0.00560618657619, 0.00391166564077, -0.00267460080795], [0.000148995051859, -0.00144936365541, -0.000141456330311, -0.000410018168623, -0.00107404892333, -0.000120475087897, -0.00125486508477, -0.00165405054577, 0.00174704287201, -0.00560618657619, 0.0151344779879, -0.00700732320547, 0.00140406051651], [-0.00025985200773, 0.00275456928648, -0.000694575370289, -0.000489885802381, 0.00133113074116, 0.00389880896546, -0.000341664679581, 0.000301982072415, -0.00102148298174, 0.00391166564077, -0.00700732320547, 0.0160303097218, -0.00609229318798], [9.23410480027e-05, -0.000562356144655, 0.000679673510604, 0.000352344941348, -0.00128157343715, -0.00202348106541, -4.06285907957e-05, -0.000902985804714, -0.0011160839349, -0.00267460080795, 0.00140406051651, -0.00609229318798, 0.017845723778]]
    },
    "melbands": {
        "dmean": [0.0125760659575, 0.00731792254373, 0.00240457453765, 0.000728203100152, 0.000376139883883, 0.0002281274501, 0.000484292337205, 0.000418611423811, 0.000150644322275, 0.000141749274917, 6.97682189639e-05, 8.74093457242e-05, 0.000163147415151, 3.16540063068e-05, 1.75704390131e-05, 4.68441648991e-05, 2.96754897136e-05, 1.23035151773e-05, 2.39799792325e-05, 2.30085897783e-05, 1.72246345755e-05, 1.58973289217e-05, 1.38495579449e-05, 7.67915480537e-06, 3.89487968278e-06, 6.49677622278e-06, 1.087081273e-05, 5.57921293876e-06, 2.99407133753e-06, 2.14257556763e-06, 1.85440592304e-06, 1.53191137997e-06, 1.50813730215e-06, 1.04568505321e-06, 1.17902607144e-06, 1.24121788758e-06, 1.11517738333e-06, 1.51341930632e-06, 1.3777150798e-06, 1.05558490304e-06],
        "dmean2": [0.0207940805703, 0.012375776656, 0.00449009099975, 0.00124097033404, 0.000602216168772, 0.000368679553503, 0.000816774496343, 0.000667275453452, 0.000236846637563, 0.000230510457186, 0.000110352586489, 0.000145315774716, 0.000282167951809, 5.61353117519e-05, 2.99766270473e-05, 7.27638180251e-05, 4.73602231068e-05, 1.97456320166e-05, 3.82318030461e-05, 3.40727128787e-05, 2.46950985456e-05, 2.32211823459e-05, 2.14290939766e-05, 1.22266101243e-05, 5.98301312493e-06, 1.02358944787e-05, 1.89829170267e-05, 9.45869851421e-06, 5.15397960044e-06, 3.66581025446e-06, 3.08967423734e-06, 2.41880616159e-06, 2.3028051146e-06, 1.58661782734e-06, 1.72043121438e-06, 1.7889379933e-06, 1.66904078469e-06, 2.20999163503e-06, 1.9895553578e-06, 1.53560449689e-06],
        "dvar": [0.000380349927582, 0.00021575151186, 3.5077042412e-05, 1.52731684011e-06, 5.56896054604e-07, 1.92672416688e-07, 1.24101575238e-06, 1.02337810404e-06, 1.22041129202e-07, 1.5157228006e-07, 4.14320915354e-08, 9.11636846013e-08, 4.49786568879e-07, 1.19170362467e-08, 3.52849438556e-09, 2.6906066708e-08, 9.69624913694e-09, 1.01704977773e-09, 3.8424543547e-09, 2.54100473995e-09, 1.24328425333e-09, 1.02179997796e-09, 6.34286234646e-10, 2.9557584158e-10, 4.89628199096e-11, 2.2405097222e-10, 2.063228699e-09, 4.31333579964e-10, 1.18563478479e-10, 5.0789632916e-11, 2.95674630613e-11, 1.04857468194e-11, 8.95464518508e-12, 5.71931868185e-12, 7.50115768111e-12, 8.07566773869e-12, 6.77884961706e-12, 1.57988743615e-11, 1.55053764966e-11, 8.31579249905e-12],
        "dvar2": [0.000805146293715, 0.0005699324538, 9.95608788799e-05, 4.07259676649e-06, 1.35180380312e-06, 5.03693286191e-07, 3.20774688589e-06, 2.33707828556e-06, 2.77583950492e-07, 3.49742634853e-07, 8.22280128432e-08, 2.25550721211e-07, 1.21485516047e-06, 3.28413172213e-08, 9.45415035147e-09, 6.26251903668e-08, 2.33306796105e-08, 2.47546072529e-09, 9.59804680178e-09, 4.98868413246e-09, 2.35195174447e-09, 2.22615192946e-09, 1.45851941635e-09, 7.13432535271e-10, 1.15470175088e-10, 5.49731649091e-10, 5.70107294706e-09, 1.15907150544e-09, 3.17694676122e-10, 1.40216518951e-10, 7.59072110723e-11, 2.36518166163e-11, 2.03677005817e-11, 1.24640445534e-11, 1.43471892353e-11, 1.54669835967e-11, 1.36531758121e-11, 3.0618358543e-11, 2.84217805541e-11, 1.55981356303e-11],
        "max": [0.108030647039, 0.0764814987779, 0.0432690307498, 0.00902064424008, 0.0124824531376, 0.00685388222337, 0.0124170454219, 0.0115230921656, 0.00348001951352, 0.00800066720694, 0.00400475086644, 0.00375108723529, 0.00717936269939, 0.00161429331638, 0.00110789202154, 0.00180798431393, 0.00102148822043, 0.000509351491928, 0.000732102664188, 0.000532809994183, 0.000593792647123, 0.000496253604069, 0.000279095460428, 0.000255277758697, 8.76901758602e-05, 0.000183734460734, 0.000517714885063, 0.000176302404725, 0.00010557792848, 7.62333875173e-05, 9.12539981073e-05, 3.7339013943e-05, 3.74810151698e-05, 3.54158619302e-05, 3.3513391827e-05, 3.096200453e-05, 3.09724055114e-05, 4.11231922044e-05, 6.14282907918e-05, 2.73546302196e-05],
        "mean": [0.0180297549814, 0.00757266581059, 0.00186793867033, 0.000800943176728, 0.000578650971875, 0.000356807839125, 0.000632537703495, 0.000566589878872, 0.00018054357497, 0.000159928036737, 9.4082141004e-05, 8.45187023515e-05, 0.00013035867596, 3.01020081679e-05, 1.88377889572e-05, 5.26343865204e-05, 3.0485132811e-05, 1.44982241181e-05, 2.67986597464e-05, 3.13437376462e-05, 2.53603175224e-05, 2.27172840823e-05, 1.92567767954e-05, 1.00016031865e-05, 5.34244327355e-06, 8.11306199466e-06, 9.47806165641e-06, 5.18948309036e-06, 3.08803737425e-06, 2.25072267312e-06, 2.10502957998e-06, 2.09071072277e-06, 2.12366285268e-06, 1.42853559737e-06, 1.56417877406e-06, 1.62708818152e-06, 1.44009629821e-06, 1.89644663351e-06, 1.63566528499e-06, 1.29908085e-06],
        "median": [0.00516778230667, 0.00184186710976, 0.000345754378941, 0.00033675643499, 0.000311306823278, 0.000190751336049, 0.000254939659499, 7.84886215115e-05, 5.9991973103e-05, 3.30938455591e-05, 1.77835645445e-05, 2.02835053642e-05, 1.42440048876e-05, 7.76389515522e-06, 7.39351798984e-06, 1.22271685541e-05, 5.28046803083e-06, 5.07186268806e-06, 4.09225594922e-06, 3.24278789776e-06, 3.35109416483e-06, 3.69989243154e-06, 2.44640705205e-06, 1.66385689226e-06, 1.89226636849e-06, 2.42127657657e-06, 1.86077102171e-06, 8.92448440482e-07, 7.15106466487e-07, 5.2421609098e-07, 4.17427003185e-07, 4.71124025125e-07, 5.07395839122e-07, 3.05046995663e-07, 2.36162165379e-07, 2.14951725752e-07, 2.18361847715e-07, 2.2139842315e-07, 1.20361406175e-07, 1.01534467944e-07],
        "min": [4.78964392784e-24, 3.47636249232e-24, 7.91441742559e-24, 1.18405560628e-23, 1.26138180324e-23, 6.01978060723e-24, 1.87280801159e-23, 1.02470302129e-23, 5.01302961467e-24, 7.2707416368e-24, 6.53445278889e-24, 6.00282640866e-24, 1.61982947007e-23, 1.38356105356e-23, 1.03502857946e-23, 1.14121533153e-23, 7.40224001654e-24, 1.06546527865e-23, 5.03352934858e-24, 6.60457857906e-24, 5.97245486938e-24, 8.70872935966e-24, 6.80468498058e-24, 8.35710881066e-24, 9.62157789994e-24, 1.38621004848e-23, 1.26843295756e-23, 1.05128779157e-23, 7.74288672149e-24, 8.81283848877e-24, 1.44483866427e-23, 1.46454961617e-23, 1.29051554088e-23, 2.02074293937e-23, 1.49761961195e-23, 1.01525467646e-23, 8.67216723443e-24, 8.72212106239e-24, 1.52009299696e-23, 1.27832716658e-23],
        "var": [0.00064690381987, 0.000188284990145, 2.22156995733e-05, 1.50829077938e-06, 7.91924719579e-07, 2.71504831062e-07, 1.26806651224e-06, 1.51157894379e-06, 1.53432125671e-07, 1.84215863896e-07, 7.40693693047e-08, 8.64773213038e-08, 3.0960541153e-07, 1.03348583025e-08, 2.79948975113e-09, 2.94316642169e-08, 9.88493908949e-09, 1.06960773572e-09, 4.29416102676e-09, 5.1208370877e-09, 2.97619529022e-09, 2.05100025852e-09, 1.38470135358e-09, 4.83242612592e-10, 7.52908291268e-11, 2.44979342368e-10, 1.34756394932e-09, 3.12694703464e-10, 9.12264083719e-11, 4.26094576289e-11, 3.76712376571e-11, 1.83518391456e-11, 1.51358613143e-11, 9.0791246049e-12, 1.24697465895e-11, 1.44518442352e-11, 1.19328175813e-11, 2.67021856015e-11, 2.5148990529e-11, 1.42799270672e-11]
    },
    "mfcc": {
        "mean": [-669.509094238, 136.809890747, 23.1872215271, 29.4997253418, 11.85597229, 2.78616070747, 1.21573328972, 5.86866092682, 2.63250303268, 7.99573421478, 5.92438220978, 7.04251241684, 8.10800170898],
        "cov": [[8908.35058594, -67.0005874634, -363.356628418, 299.039642334, 186.021820068, -144.709991455, -204.383666992, 134.144943237, -74.3050613403, -128.221496582, -154.148208618, -110.668617249, 52.6487579346], [-67.0005874634, 1473.9498291, -185.371154785, 132.016616821, 66.8459396362, 7.06962203979, 155.719421387, 25.6446876526, 40.5561103821, 61.4723472595, 14.2004308701, 16.8820285797, 3.98523378372], [-363.356628418, -185.371154785, 998.232788086, 29.2700138092, 135.537078857, 211.654602051, 151.148193359, 73.1435699463, 28.8472881317, -28.9663562775, 75.2842712402, 16.4866428375, -22.9561748505], [299.039642334, 132.016616821, 29.2700138092, 399.912078857, 163.527801514, 17.020647049, -74.7968292236, 118.110969543, 6.55225944519, -17.1784000397, 5.42005109787, 11.7604465485, 38.8248291016], [186.021820068, 66.8459396362, 135.537078857, 163.527801514, 305.672607422, 19.3377037048, -87.9124298096, 87.3276062012, 42.1376686096, 23.1783695221, 15.580329895, 6.32929849625, 35.8682861328], [-144.709991455, 7.06962203979, 211.654602051, 17.020647049, 19.3377037048, 208.60345459, 116.815002441, -25.3228702545, 24.3581371307, 24.2411746979, 25.0362739563, 3.33601379395, -17.1379108429], [-204.383666992, 155.719421387, 151.148193359, -74.7968292236, -87.9124298096, 116.815002441, 317.274230957, -41.9182128906, -2.72680926323, 15.821434021, 19.5360431671, 19.2400779724, -32.9469909668], [134.144943237, 25.6446876526, 73.1435699463, 118.110969543, 87.3276062012, -25.3228702545, -41.9182128906, 204.549575806, 48.2002754211, -7.25061225891, 26.4193878174, 21.1098194122, 35.4786224365], [-74.3050613403, 40.5561103821, 28.8472881317, 6.55225944519, 42.1376686096, 24.3581371307, -2.72680926323, 48.2002754211, 136.456100464, 60.1722259521, 14.6996831894, 26.187494278, 17.9273376465], [-128.221496582, 61.4723472595, -28.9663562775, -17.1784000397, 23.1783695221, 24.2411746979, 15.821434021, -7.25061225891, 60.1722259521, 124.4477005, 26.4653511047, 20.3319168091, 13.09760952], [-154.148208618, 14.2004308701, 75.2842712402, 5.42005109787, 15.580329895, 25.0362739563, 19.5360431671, 26.4193878174, 14.6996831894, 26.4653511047, 91.3703384399, 26.2909259796, 6.63586521149], [-110.668617249, 16.8820285797, 16.4866428375, 11.7604465485, 6.32929849625, 3.33601379395, 19.2400779724, 21.1098194122, 26.187494278, 20.3319168091, 26.2909259796, 74.5272369385, 20.0122127533], [52.6487579346, 3.98523378372, -22.9561748505, 38.8248291016, 35.8682861328, -17.1379108429, -32.9469909668, 35.4786224365, 17.9273376465, 13.09760952, 6.63586521149, 20.0122127533, 84.3712921143]],
