{
"lowlevel": {
    "average_loudness": 0.717524170876,
    "barkbands_crest": {
        "dmean": 2.67251253128,
        "dmean2": 4.38382720947,
        "dvar": 6.01816511154,
        "dvar2": 15.0142450333,
        "max": 24.7199630737,
        "mean": 9.49744415283,
        "median": 8.70261859894,
        "min": 2.45065760612,
        "var": 14.7985486984
    },
    "barkbands_flatness_db": {
        "dmean": 0.0208711735904,
        "dmean2": 0.0317347794771,
        "dvar": 0.000345309876138,
        "dvar2": 0.000821359746624,
        "max": 0.299262672663,
        "mean": 0.135976672173,
        "median": 0.132778778672,
        "min": 0.044216606766,
        "var": 0.00134531909134
    },
    "barkbands_kurtosis": {
        "dmean": 2.21255922318,
        "dmean2": 3.53591132164,
        "dvar": 11.3759832382,
        "dvar2": 27.5553207397,
        "max": 44.4045295715,
        "mean": 2.59034371376,
        "median": 1.21976900101,
        "min": -1.85639703274,
        "var": 20.8415145874
    },
    "barkbands_skewness": {
        "dmean": 0.542171061039,
        "dmean2": 0.833329319954,
        "dvar": 0.316807478666,
        "dvar2": 0.717853069305,
        "max": 6.05603408813,
        "mean": 1.15293467045,
        "median": 0.990206837654,
        "min": -2.09403133392,
        "var": 1.00414836407
    },
    "barkbands_spread": {
        "dmean": 6.54480171204,
        "dmean2": 10.2220878601,
        "dvar": 81.6494979858,
        "dvar2": 175.154922485,
        "max": 111.772262573,
        "mean": 22.5545597076,
        "median": 19.6998634338,
        "min": 2.31081676483,
        "var": 189.990737915
    },
    "dissonance": {
        "dmean": 0.0236811954528,
        "dmean2": 0.0395002812147,
        "dvar": 0.000585776288062,
        "dvar2": 0.00152467750013,
        "max": 0.499993592501,
        "mean": 0.460950762033,
        "median": 0.469579309225,
        "min": 0.26283621788,
        "var": 0.00105695810635
    },
    "dynamic_complexity": 3.89547252655,
    "erbbands_crest": {
        "dmean": 3.27704119682,
        "dmean2": 5.28153896332,
        "dvar": 9.11951065063,
        "dvar2": 22.4265804291,
        "max": 28.4879894257,
        "mean": 10.0762844086,
        "median": 9.08277606964,
        "min": 2.63745808601,
        "var": 20.9245185852
    },
    "erbbands_flatness_db": {
        "dmean": 0.0206519924104,
        "dmean2": 0.030024619773,
        "dvar": 0.000381694204407,
        "dvar2": 0.000739641895052,
        "max": 0.352170079947,
        "mean": 0.157576605678,
        "median": 0.15671056509,
        "min": 0.0492277368903,
        "var": 0.00194080895744
    },
    "erbbands_kurtosis": {
        "dmean": 1.25761604309,
        "dmean2": 1.9004188776,
        "dvar": 2.63064646721,
        "dvar2": 5.42236089706,
        "max": 22.1202735901,
        "mean": 1.25663673878,
        "median": 0.42366361618,
        "min": -1.7985227108,
        "var": 7.27294206619
    },
    "erbbands_skewness": {
        "dmean": 0.441174030304,
        "dmean2": 0.67752790451,
        "dvar": 0.168963551521,
        "dvar2": 0.3920532763,
        "max": 3.60479331017,
        "mean": 0.366014152765,
        "median": 0.353395372629,
        "min": -3.05030798912,
        "var": 0.638089716434
    },
    "erbbands_spread": {
        "dmean": 8.77629947662,
        "dmean2": 13.2182998657,
        "dvar": 120.428649902,
        "dvar2": 269.671569824,
        "max": 140.522781372,
        "mean": 33.383518219,
        "median": 29.7468032837,
        "min": 4.4626326561,
        "var": 358.846405029
    },
    "hfc": {
        "dmean": 7.3742814064,
        "dmean2": 10.4174661636,
        "dvar": 111.546646118,
        "dvar2": 232.722915649,
        "max": 215.076507568,
        "mean": 21.8027019501,
        "median": 15.8221540451,
        "min": 1.17897907123e-16,
        "var": 396.456085205
    },
    "melbands_crest": {
        "dmean": 3.54601168633,
        "dmean2": 5.83977603912,
        "dvar": 10.4136123657,
        "dvar2": 25.4185295105,
        "max": 32.5538749695,
        "mean": 13.3599424362,
        "median": 12.5543880463,
        "min": 1.70530951023,
        "var": 27.9590568542
    },
    "melbands_flatness_db": {
        "dmean": 0.0248757470399,
        "dmean2": 0.0371611565351,
        "dvar": 0.000559972017072,
        "dvar2": 0.00126121903304,
        "max": 0.353229403496,
        "mean": 0.177744030952,
        "median": 0.175309747458,
        "min": 0.00326565816067,
        "var": 0.00270838360302
    },
    "melbands_kurtosis": {
        "dmean": 5.70173501968,
        "dmean2": 9.14079761505,
        "dvar": 121.210250854,
        "dvar2": 297.120117188,
        "max": 138.679397583,
        "mean": 8.73638343811,
        "median": 3.85921287537,
        "min": -1.6732057333,
        "var": 209.437210083
    },
    "melbands_skewness": {
        "dmean": 0.728283643723,
        "dmean2": 1.1041713953,
        "dvar": 0.719064891338,
        "dvar2": 1.55794715881,
        "max": 9.81416416168,
        "mean": 1.98437213898,
        "median": 1.64593911171,
        "min": -1.27112686634,
        "var": 2.5087890625
    },
    "melbands_spread": {
        "dmean": 8.70177745819,
        "dmean2": 13.6018161774,
        "dvar": 197.066192627,
        "dvar2": 447.993713379,
        "max": 202.449478149,
        "mean": 26.1162338257,
        "median": 22.9884681702,
        "min": 2.5698993206,
        "var": 345.533538818
    },
    "pitch_salience": {
        "dmean": 0.0734856873751,
        "dmean2": 0.118384517729,
        "dvar": 0.00409462070093,
        "dvar2": 0.0100004589185,
        "max": 0.983593463898,
        "mean": 0.559942007065,
        "median": 0.561234712601,
        "min": 0.151619121432,
        "var": 0.0125106172636
    },
    "silence_rate_20dB": {
        "dmean": 0,
        "dmean2": 0,
        "dvar": 0,
        "dvar2": 0,
        "max": 1,
        "mean": 1,
        "median": 1,
        "min": 1,
        "var": 0
    },
    "silence_rate_30dB": {
        "dmean": 0,
        "dmean2": 0,
        "dvar": 0,
        "dvar2": 0,
        "max": 1,
        "mean": 1,
        "median": 1,
        "min": 1,
        "var": 0
    },
    "silence_rate_60dB": {
        "dmean": 0.0239567235112,
        "dmean2": 0.0479319691658,
        "dvar": 0.0233819577843,
        "dvar2": 0.0541378669441,
        "max": 1,
        "mean": 0.0730011612177,
        "median": 0,
        "min": 0,
        "var": 0.067675165832
    },
    "spectral_centroid": {
        "dmean": 260.039825439,
        "dmean2": 398.280273438,
        "dvar": 146687.984375,
        "dvar2": 267347.75,
        "max": 11128.8925781,
        "mean": 1271.51623535,
        "median": 1195.63085938,
        "min": 282.242401123,
        "var": 319998.15625
    },
    "spectral_complexity": {
        "dmean": 3.38021636009,
        "dmean2": 5.02589893341,
        "dvar": 10.5826301575,
        "dvar2": 20.5044116974,
        "max": 47,
        "mean": 17.2143688202,
        "median": 17,
        "min": 0,
        "var": 75.33177948
    },
    "spectral_decrease": {
        "dmean": 1.86117588008e-09,
        "dmean2": 2.8577256117e-09,
        "dvar": 5.42233393782e-18,
        "dvar2": 1.26080738394e-17,
        "max": -1.91963591505e-29,
        "mean": -5.53445245188e-09,
        "median": -4.40557235137e-09,
        "min": -2.90246653378e-08,
        "var": 1.93590058383e-17
    },
    "spectral_energy": {
        "dmean": 0.00752651644871,
        "dmean2": 0.0114967636764,
        "dvar": 8.69647337822e-05,
        "dvar2": 0.000199733200134,
        "max": 0.116497501731,
        "mean": 0.0228658616543,
        "median": 0.0182087980211,
        "min": 1.07661466445e-20,
        "var": 0.000324177701259
    },
    "spectral_energyband_high": {
        "dmean": 0.000324762426317,
        "dmean2": 0.000462442403659,
        "dvar": 9.25787162487e-07,
        "dvar2": 1.96430210053e-06,
        "max": 0.023593114689,
        "mean": 0.000625639106147,
        "median": 0.000300583807984,
        "min": 7.92679183853e-21,
        "var": 1.47139337514e-06
    },
    "spectral_energyband_low": {
        "dmean": 0.00183014047798,
        "dmean2": 0.00297095440328,
        "dvar": 6.64529625283e-06,
        "dvar2": 1.69463492057e-05,
        "max": 0.0269113983959,
        "mean": 0.00426686974242,
        "median": 0.00333404960111,
        "min": 6.13208150464e-23,
        "var": 1.59258834174e-05
    },
    "spectral_energyband_middle_high": {
        "dmean": 0.00281121721491,
        "dmean2": 0.00386476027779,
        "dvar": 1.55251691467e-05,
        "dvar2": 2.77359285974e-05,
        "max": 0.0545377731323,
        "mean": 0.00739883445203,
        "median": 0.00416512368247,
        "min": 1.38105123895e-21,
        "var": 7.22609693184e-05
    },
    "spectral_energyband_middle_low": {
        "dmean": 0.00581684708595,
        "dmean2": 0.00926373712718,
        "dvar": 7.02811666997e-05,
        "dvar2": 0.000174527027411,
        "max": 0.103317268193,
        "mean": 0.0118393851444,
        "median": 0.00809630472213,
        "min": 2.68786746079e-22,
        "var": 0.000151254687808
    },
    "spectral_entropy": {
        "dmean": 0.186873301864,
        "dmean2": 0.26283249259,
        "dvar": 0.0318577364087,
        "dvar2": 0.060347519815,
        "max": 9.81633090973,
        "mean": 7.62503862381,
        "median": 7.60898828506,
        "min": 6.48427629471,
        "var": 0.138905435801
    },
    "spectral_flux": {
        "dmean": 0.0250843781978,
        "dmean2": 0.0396461263299,
        "dvar": 0.000662105216179,
        "dvar2": 0.00149565853644,
        "max": 0.274020791054,
        "mean": 0.0829816833138,
        "median": 0.0768748521805,
        "min": 1.04416572611e-10,
        "var": 0.0019502817886
    },
    "spectral_kurtosis": {
        "dmean": 1.35650134087,
        "dmean2": 2.11308169365,
        "dvar": 1.90787100792,
        "dvar2": 4.48305749893,
        "max": 18.5705833435,
        "mean": 4.74149274826,
        "median": 4.55605316162,
        "min": -1.47769892216,
        "var": 5.97621393204
    },
    "spectral_rms": {
        "dmean": 0.000762519659474,
        "dmean2": 0.00113898189738,
        "dvar": 6.673087114e-07,
        "dvar2": 1.42246494761e-06,
        "max": 0.0106609612703,
        "mean": 0.00432216282934,
        "median": 0.00421481672674,
        "min": 3.24091925172e-12,
        "var": 3.62708351531e-06
    },
    "spectral_rolloff": {
        "dmean": 588.520568848,
        "dmean2": 1001.75628662,
        "dvar": 1794062.25,
        "dvar2": 3828280.5,
        "max": 18776.953125,
        "mean": 1714.92907715,
        "median": 1442.72460938,
        "min": 129.19921875,
        "var": 3059373.75
    },
    "spectral_skewness": {
        "dmean": 0.210289150476,
        "dmean2": 0.317128151655,
        "dvar": 0.0486321933568,
        "dvar2": 0.097613632679,
        "max": 3.2764070034,
        "mean": 1.81078565121,
        "median": 1.82060515881,
        "min": -0.232724666595,
        "var": 0.163953661919
    },
    "spectral_spread": {
        "dmean": 809376.9375,
        "dmean2": 1172243.125,
        "dvar": 1.72299793203e+12,
        "dvar2": 2.46345865626e+12,
        "max": 40342464,
        "mean": 5368651.5,
        "median": 4915588,
        "min": 1846706.125,
        "var": 4.56125421978e+12
    },
    "spectral_strongpeak": {
        "dmean": 0.725332200527,
        "dmean2": 1.19328606129,
        "dvar": 1.16049015522,
        "dvar2": 2.77730989456,
        "max": 13.1125097275,
        "mean": 1.30819046497,
        "median": 0.618019640446,
        "min": 0,
        "var": 2.55811142921
    },
    "zerocrossingrate": {
        "dmean": 0.0130400145426,
        "dmean2": 0.0153324464336,
        "dvar": 0.000455593806691,
        "dvar2": 0.000593272212427,
        "max": 0.51904296875,
        "mean": 0.0691471472383,
        "median": 0.060546875,
        "min": 0.013671875,
        "var": 0.00167548388708
    },
    "barkbands": {
        "dmean": [1.6386846255e-05, 0.00070910260547, 0.000932582013775, 0.00111227680463, 0.00138860207517, 0.000771824794356, 0.00118034961633, 0.00106880778912, 0.00239507760853, 0.000819469278213, 0.000722328200936, 0.000615477503743, 0.000863051391207, 0.000592850788962, 0.000480456044897, 0.000237248532358, 0.000308130227495, 0.000127448773128, 0.000105867795355, 4.74123407912e-05, 3.34238902724e-05, 4.18284616899e-05, 5.53558857064e-05, 0.000109054584755, 9.55694413278e-05, 2.77050530713e-05, 2.85148304968e-09],
        "dmean2": [2.57662359218e-05, 0.00117177667562, 0.00155443674885, 0.00179703626782, 0.00237365346402, 0.00122444040608, 0.00189955171663, 0.00174377008807, 0.00386118190363, 0.0012912156526, 0.00106614141259, 0.000952687463723, 0.00133022875525, 0.000918994715903, 0.000727880513296, 0.000375641975552, 0.000484562624479, 0.000202466617338, 0.00015650576097, 6.99380325386e-05, 5.04582858412e-05, 6.20662831352e-05, 8.22769361548e-05, 0.000169265040313, 0.000143086770549, 4.04492529924e-05, 4.66652627651e-09],
        "dvar": [2.77223599632e-09, 1.25554208807e-06, 2.43364684138e-06, 5.79431889491e-06, 7.52722780817e-06, 4.08839650845e-06, 8.72405598784e-06, 9.79682954494e-06, 2.98945269606e-05, 4.91848004458e-06, 3.93090249418e-06, 3.74763908439e-06, 4.71926068712e-06, 1.41545228871e-06, 1.21310949908e-06, 2.68663143288e-07, 3.11426674671e-07, 5.50829959423e-08, 3.70428949736e-08, 5.96052585067e-09, 4.14761647249e-09, 1.01232329186e-08, 2.41350086583e-08, 2.52484653629e-07, 1.21411019904e-07, 4.04856592695e-09, 6.24534266495e-17],
        "dvar2": [6.26247320668e-09, 3.23039944305e-06, 6.40336156721e-06, 1.18878569992e-05, 2.09072968573e-05, 9.3811777333e-06, 1.99076657736e-05, 2.51947913057e-05, 7.80816262704e-05, 1.09855300252e-05, 7.8714092524e-06, 7.38423659641e-06, 1.0797943105e-05, 3.08591847897e-06, 2.65109201791e-06, 7.1928940315e-07, 7.86417047038e-07, 1.43272316677e-07, 7.60573684033e-08, 1.28836523672e-08, 1.00149764037e-08, 2.35888464317e-08, 5.19636529361e-08, 6.33200727407e-07, 2.63689088342e-07, 7.95657317809e-09, 1.28350889263e-16],
        "max": [0.00100688438397, 0.0134125072509, 0.0216915402561, 0.0493542179465, 0.0385147631168, 0.0378727391362, 0.0614489763975, 0.0510235279799, 0.0616196729243, 0.0414699874818, 0.039303701371, 0.0414332412183, 0.0429606996477, 0.0171180795878, 0.0310872346163, 0.0140672316775, 0.00797565840185, 0.00390751194209, 0.00315447989851, 0.00106281600893, 0.00144582113717, 0.00213186466135, 0.00371728092432, 0.0155110936612, 0.00749334925786, 0.0012050580699, 2.50291435577e-07],
        "mean": [1.85554654308e-05, 0.00143817253411, 0.00169415329583, 0.00221785437316, 0.00199785758741, 0.00113395252265, 0.00154632504564, 0.00119036133401, 0.00339803518727, 0.00108045793604, 0.00118070316967, 0.000889310205821, 0.00130883266684, 0.000909851165488, 0.000818613916636, 0.000391908484744, 0.000526558724232, 0.000220612069825, 0.000226678399486, 9.56511867116e-05, 6.33698582533e-05, 7.51266270527e-05, 0.000100595025287, 0.00015639657795, 0.000142782286275, 4.31694279541e-05, 3.1177489479e-09],
        "median": [4.13745465266e-06, 0.000825769267976, 0.00094241683837, 0.00075496872887, 0.000937361619435, 0.000327094719978, 0.000252609315794, 0.000193530257093, 0.000754875480197, 0.000276570266578, 0.000198083449504, 0.000244637049036, 0.000307204492856, 0.000325425586198, 0.000249271717621, 0.000183649084647, 0.000228939272347, 0.000107594940346, 8.19755950943e-05, 4.66716337542e-05, 3.24770990119e-05, 3.22556770698e-05, 4.68642392661e-05, 5.57750536245e-05, 4.98544250149e-05, 1.76706453203e-05, 1.14810239094e-09],
        "min": [3.46735700414e-25, 2.25080759595e-23, 2.97920231278e-23, 4.70904561472e-24, 1.96914875404e-23, 4.33029416703e-23, 5.11086824621e-23, 5.53979085304e-23, 4.58636315003e-23, 3.58259034404e-23, 5.32511340174e-23, 8.57311943689e-23, 9.12764573923e-23, 6.98409167195e-23, 1.82817404069e-22, 1.0769983462e-22, 1.94059706954e-22, 1.82691564977e-22, 1.18325942474e-22, 3.53578362933e-22, 5.13205843852e-22, 5.08490247931e-22, 7.06823611994e-22, 6.9326449405e-22, 1.1161665397e-21, 1.79119357936e-21, 2.24901946916e-21],
        "var": [4.46696812872e-09, 2.84473730972e-06, 5.40915152669e-06, 2.36624746321e-05, 8.65116362547e-06, 7.40697487345e-06, 1.32142295115e-05, 1.07386022137e-05, 5.17312364536e-05, 7.84687381383e-06, 1.03421089079e-05, 6.57940245219e-06, 9.47463195189e-06, 2.7499368116e-06, 3.4483014133e-06, 3.90419387486e-07, 6.53454776511e-07, 1.10553735055e-07, 1.39067651617e-07, 1.70099969665e-08, 7.93154164569e-09, 1.78972516807e-08, 3.8567169014e-08, 2.59624272303e-07, 1.72896591266e-07, 7.66921370854e-09, 8.05304266155e-17]
    },
    "erbbands": {
        "dmean": [0.00945283006877, 0.200985521078, 0.925957202911, 2.43916010857, 3.67768311501, 5.33032846451, 6.18312454224, 6.47661066055, 12.7453327179, 20.1807117462, 29.8280620575, 58.5746116638, 27.4306812286, 24.5713939667, 25.208656311, 25.5508785248, 34.4372177124, 29.990064621, 27.3231086731, 17.3772468567, 13.6764230728, 15.0623207092, 7.36896038055, 5.51801872253, 4.46680927277, 2.20730471611, 1.46891462803, 1.29790782928, 1.51997745037, 1.53030526638, 1.64446365833, 1.94556224346, 2.01045203209, 1.40409088135, 0.495903342962, 0.168387711048, 0.0432237870991, 0.00423546088859, 8.43036250444e-05, 1.17434401545e-05],
        "dmean2": [0.0158697515726, 0.333698809147, 1.54917263985, 3.91890120506, 6.09600877762, 9.17578125, 10.1094379425, 10.0055046082, 20.0755958557, 32.82970047, 48.7514762878, 95.0421295166, 43.6062812805, 37.8496360779, 36.5502319336, 38.1557807922, 53.1755332947, 46.1819038391, 42.5893516541, 25.6025657654, 21.3234004974, 23.370098114, 11.4636917114, 8.53451633453, 6.60304689407, 3.15684342384, 2.21252202988, 1.97475636005, 2.24845337868, 2.29974937439, 2.42966079712, 2.99418830872, 3.13859581947, 2.13112473488, 0.742735803127, 0.246073693037, 0.0653785616159, 0.00620358111337, 0.00012162701023, 1.71952124219e-05],
        "dvar": [0.00023599882843, 0.0985323861241, 2.2017261982, 22.2405776978, 49.427936554, 135.492218018, 198.328170776, 400.74395752, 1556.19348145, 2033.88952637, 7084.61181641, 20839.2265625, 5287.68164062, 4021.23754883, 4365.77636719, 5783.44921875, 7010.66845703, 3592.86352539, 3672.75610352, 2075.36547852, 537.480895996, 793.29296875, 162.357192993, 109.647819519, 61.4246101379, 12.5763711929, 5.90227365494, 9.00306987762, 13.0184688568, 14.355843544, 23.2044239044, 73.2589263916, 84.5754318237, 32.0090026855, 2.22412228584, 0.172104641795, 0.00991948228329, 9.4761242508e-05, 3.65428789451e-08, 2.73509492832e-10],
        "dvar2": [0.000602997897658, 0.256128281355, 5.91053962708, 48.7577705383, 117.555915833, 380.31942749, 452.428863525, 893.787231445, 3409.70629883, 4812.34863281, 18179.0839844, 53089.4960938, 13655.0507812, 8196.37304688, 8751.33007812, 11383.0839844, 15735.890625, 7680.32177734, 8898.25390625, 3759.26489258, 1328.14318848, 1902.23718262, 401.667510986, 244.659179688, 124.375061035, 26.3471622467, 13.0124931335, 22.6209163666, 30.2458076477, 30.7323093414, 49.7238082886, 181.275848389, 210.968734741, 72.5768661499, 4.55063199997, 0.341572880745, 0.0204060412943, 0.000184742661077, 6.92064361374e-08, 5.5433457824e-10],
        "max": [0.235171213746, 3.6348669529, 18.8402500153, 85.6065216064, 167.945663452, 124.499229431, 277.076507568, 439.319030762, 950.590820312, 718.791625977, 1380.31237793, 1928.81591797, 1140.35778809, 1241.09069824, 1106.47509766, 1511.37585449, 1511.52233887, 961.717102051, 966.133972168, 1769.57641602, 370.398651123, 554.83605957, 212.962554932, 170.660369873, 145.338699341, 57.0215187073, 30.1767921448, 79.7472457886, 77.2853012085, 85.3566436768, 114.409713745, 274.590332031, 262.026885986, 129.079391479, 25.4812583923, 7.75834035873, 2.25335717201, 0.280990064144, 0.00536803994328, 0.000285750254989],
        "mean": [0.0184269361198, 0.414735466242, 1.82971167564, 5.03289699554, 6.54045963287, 6.97767162323, 8.57283401489, 9.43036937714, 17.1971931458, 26.8225669861, 38.0780181885, 79.0180358887, 42.398651123, 37.5523071289, 43.4958496094, 43.3555183411, 58.5868034363, 49.8452148438, 46.4210243225, 32.2919616699, 25.1927680969, 27.0339756012, 14.1161346436, 11.4470272064, 9.61189746857, 4.70727300644, 2.94580936432, 2.34599423409, 2.67212247849, 2.80499887466, 2.94977331161, 3.03966426849, 2.72161197662, 1.99484169483, 0.757741749287, 0.256864875555, 0.0673360899091, 0.00642434274778, 0.000142413045978, 3.52675997419e-05],
        "median": [0.0099849710241, 0.256870061159, 1.17601442337, 2.19110631943, 2.68863844872, 2.84656643867, 2.73645448685, 2.84956979752, 3.33467555046, 5.63912391663, 8.99336624146, 18.2799797058, 10.7829971313, 10.6479969025, 10.2233047485, 12.6897230148, 15.490234375, 21.0032405853, 16.592338562, 12.0019350052, 12.4232149124, 12.0339412689, 7.24120616913, 5.08997440338, 3.69841957092, 2.39900112152, 1.50597631931, 1.19670152664, 1.1666533947, 1.30861282349, 1.28583216667, 1.13323819637, 0.901873290539, 0.627775967121, 0.294669747353, 0.104767754674, 0.0280617270619, 0.00245058885776, 6.76016279613e-05, 2.86554750346e-05],
        "min": [5.05583301806e-22, 5.71545775681e-21, 2.52274964933e-20, 2.92782387271e-20, 1.40284516607e-20, 9.93145936785e-20, 2.78767000863e-19, 5.01812892617e-19, 7.91841337134e-19, 7.78305353591e-19, 7.7034565305e-19, 9.3575065289e-19, 1.70134601448e-18, 8.18654655184e-19, 2.53287956161e-18, 4.27334739335e-18, 3.91498090554e-18, 4.38429423378e-18, 5.75530474005e-18, 8.62520249863e-18, 8.18894496203e-18, 1.03765944911e-17, 9.0545539043e-18, 9.40858472493e-18, 7.99794564987e-18, 1.78771779454e-17, 2.03255465317e-17, 1.66501481509e-17, 1.57400244839e-17, 1.52285555501e-17, 2.12845731165e-17, 1.42228842506e-17, 1.29364827405e-17, 1.10858274201e-17, 9.28665747546e-18, 6.44536982632e-18, 2.91392672143e-18, 1.30639405196e-18, 3.20983016455e-19, 3.23814778809e-20],
        "var": [0.000543023750652, 0.216506108642, 4.70604467392, 77.2570953369, 117.362434387, 138.257598877, 316.178436279, 719.188781738, 2242.28808594, 3703.47924805, 8624.91699219, 32832.71875, 8208.27050781, 7579.01367188, 11745.0283203, 12780.53125, 17514.4980469, 6948.42431641, 7488.77880859, 7292.765625, 1172.85192871, 1876.47009277, 371.059387207, 327.866516113, 227.498352051, 39.5254669189, 14.605465889, 14.3415060043, 22.7174053192, 26.0238418579, 36.2796440125, 78.4800186157, 87.6285247803, 41.1714401245, 3.6671128273, 0.305443644524, 0.0187745243311, 0.000196544206119, 7.74664670189e-08, 8.47409920013e-10]
    },
    "gfcc": {
        "mean": [-3.23608446121, 77.5554046631, -119.30947876, 17.3525333405, -55.7787437439, 27.1518230438, -49.3523902893, 16.7717666626, -27.5726299286, -0.0293348412961, -22.388053894, -4.38711166382, -17.8314857483],
        "cov": [[7391.51855469, 64.1576004028, -459.110839844, -179.478424072, -373.529266357, 63.4617652893, -56.9004592896, 58.427646637, -101.261207581, -12.1792984009, -83.3094711304, -105.523628235, -176.449111938], [64.1576004028, 798.944335938, 2.75556135178, 28.2039890289, 127.425170898, -117.512886047, 68.8329391479, -45.8794784546, 34.0322189331, -86.8674697876, 27.6979122162, -69.4057312012, -11.5526542664], [-459.110839844, 2.75556135178, 865.897216797, 220.920593262, 127.841537476, 69.1016616821, -71.9647369385, 14.672162056, -36.978553772, 24.4674835205, -60.6510810852, 45.0424575806, -51.611541748], [-179.478424072, 28.2039890289, 220.920593262, 345.454406738, 132.458084106, -32.5042076111, -84.3052215576, -41.1798248291, 2.54754567146, -14.0349912643, -15.2618980408, -11.9220142365, 3.58388996124], [-373.529266357, 127.425170898, 127.841537476, 132.458084106, 241.491043091, -8.58479785919, -32.9783859253, -5.24632263184, 8.81962490082, -13.2996473312, -23.8933048248, 9.57870578766, 12.1906757355], [63.4617652893, -117.512886047, 69.1016616821, -32.5042076111, -8.58479785919, 223.070510864, 101.502853394, 26.5435295105, -25.6039047241, -6.34680700302, 0.269717097282, 17.4624843597, -2.53775906563], [-56.9004592896, 68.8329391479, -71.9647369385, -84.3052215576, -32.9783859253, 101.502853394, 228.480895996, 46.4723434448, -20.0228614807, -37.6339607239, -1.97562551498, 4.13107824326, -9.32776451111], [58.427646637, -45.8794784546, 14.672162056, -41.1798248291, -5.24632263184, 26.5435295105, 46.4723434448, 111.189628601, 37.233215332, 7.71821880341, -2.66745042801, 15.0626115799, 9.3278427124], [-101.261207581, 34.0322189331, -36.978553772, 2.54754567146, 8.81962490082, -25.6039047241, -20.0228614807, 37.233215332, 108.442619324, 35.7801513672, 15.5480823517, -1.65650832653, 24.6724052429], [-12.1792984009, -86.8674697876, 24.4674835205, -14.0349912643, -13.2996473312, -6.34680700302, -37.6339607239, 7.71821880341, 35.7801513672, 101.534248352, 27.7466583252, 18.3426399231, 3.26904511452], [-83.3094711304, 27.6979122162, -60.6510810852, -15.2618980408, -23.8933048248, 0.269717097282, -1.97562551498, -2.66745042801, 15.5480823517, 27.7466583252, 91.0186767578, 12.2081003189, 9.01053524017], [-105.523628235, -69.4057312012, 45.0424575806, -11.9220142365, 9.57870578766, 17.4624843597, 4.13107824326, 15.0626115799, -1.65650832653, 18.3426399231, 12.2081003189, 97.6085205078, 38.9579315186], [-176.449111938, -11.5526542664, -51.611541748, 3.58388996124, 12.1906757355, -2.53775906563, -9.32776451111, 9.3278427124, 24.6724052429, 3.26904511452, 9.01053524017, 38.9579315186, 92.0735092163]],
        "icov": [[0.000220003916183, -0.000384375220165, 0.000342566840118, -0.000276203936664, 0.000575842277613, -0.000518308952451, 0.000639833102468, -0.000675473711453, 0.000539757893421, -0.000423462392064, 0.000672951340675, -0.000334899552399, 0.000565129332244], [-0.000384375220165, 0.00348079483956, -0.00148584495764, 0.0015437604161, -0.00285341660492, 0.00319457496516, -0.00340199889615, 0.0033967057243, -0.00304895266891, 0.00344838411547, -0.00360886659473, 0.00259953131899, -0.00146792468149], [0.000342566840118, -0.00148584495764, 0.00275714648888, -0.0019483974902, 0.00117229740135, -0.00235690618865, 0.00243816711009, -0.00264791678637, 0.00214247009717, -0.00223899073899, 0.00296144699678, -0.0025713883806, 0.00269007286988], [-0.000276203936664, 0.0015437604161, -0.0019483974902, 0.00557905482128, -0.00327900750563, 0.00183689536061, -0.0009205826791, 0.00320891290903, -0.0021793730557, 0.00269159604795, -0.00246609374881, 0.00243162899278, -0.00187762163114], [0.000575842277613, -0.00285341660492, 0.00117229740135, -0.00327900750563, 0.00827320851386, -0.0028771746438, 0.00326919532381, -0.00327837863006, 0.00201974925585, -0.00215949001722, 0.00435255421326, -0.00292740645818, 0.00136705080513], [-0.000518308952451, 0.00319457496516, -0.00235690618865, 0.00183689536061, -0.0028771746438, 0.00934821460396, -0.00625671772286, 0.0030070359353, -0.00169943296351, 0.0025059604086, -0.00409078877419, 0.00246861600317, -0.00256277015433], [0.000639833102468, -0.00340199889615, 0.00243816711009, -0.0009205826791, 0.00326919532381, -0.00625671772286, 0.0109525248408, -0.00634222617373, 0.00393462600186, -0.000901863677427, 0.00372404651716, -0.00320498668589, 0.00331798312254], [-0.000675473711453, 0.0033967057243, -0.00264791678637, 0.00320891290903, -0.00327837863006, 0.0030070359353, -0.00634222617373, 0.0167530402541, -0.00894524995238, 0.00387143809348, -0.00297973188572, 0.00115173566155, -0.00223643379286], [0.000539757893421, -0.00304895266891, 0.00214247009717, -0.0021793730557, 0.00201974925585, -0.00169943296351, 0.00393462600186, -0.00894524995238, 0.017448220402, -0.0079389102757, 0.00237828097306, 0.000780513626523, -0.00202842592262], [-0.000423462392064, 0.00344838411547, -0.00223899073899, 0.00269159604795, -0.00215949001722, 0.0025059604086, -0.000901863677427, 0.00387143809348, -0.0079389102757, 0.0176316518337, -0.00699281645939, -0.000168503756868, 0.000389708613511], [0.000672951340675, -0.00360886659473, 0.00296144699678, -0.00246609374881, 0.00435255421326, -0.00409078877419, 0.00372404651716, -0.00297973188572, 0.00237828097306, -0.00699281645939, 0.0175229776651, -0.00472598802298, 0.00247875251807], [-0.000334899552399, 0.00259953131899, -0.0025713883806, 0.00243162899278, -0.00292740645818, 0.00246861600317, -0.00320498668589, 0.00115173566155, 0.000780513626523, -0.000168503756868, -0.00472598802298, 0.0171868186444, -0.00885011907667], [0.000565129332244, -0.00146792468149, 0.00269007286988, -0.00187762163114, 0.00136705080513, -0.00256277015433, 0.00331798312254, -0.00223643379286, -0.00202842592262, 0.000389708613511, 0.00247875251807, -0.00885011907667, 0.017683558166]]
    },
    "melbands": {
        "dmean": [0.000140745061799, 0.000403409998398, 0.000440948264441, 0.000311832031002, 0.000219415931497, 0.000146711987327, 0.000209071353311, 0.000215146443225, 0.000295988604194, 0.000350881979102, 0.000135220456286, 0.000102046018583, 9.92622881313e-05, 5.69871990592e-05, 9.34325362323e-05, 6.89629523549e-05, 5.88543189224e-05, 4.78967813251e-05, 3.03246579278e-05, 1.90472019312e-05, 1.82233106898e-05, 1.9059954866e-05, 9.30360602069e-06, 6.84622364133e-06, 4.66620895168e-06, 4.08787582273e-06, 2.28247677114e-06, 1.50485607264e-06, 1.06306220005e-06, 8.37139907617e-07, 7.87251678958e-07, 8.93414380698e-07, 9.03482657577e-07, 9.12206189696e-07, 9.58375380833e-07, 1.05753804291e-06, 1.31432148009e-06, 1.54014821874e-06, 1.34753202019e-06, 1.18105367619e-06],
        "dmean2": [0.000233423983445, 0.000672359077726, 0.00071306299651, 0.00052729062736, 0.00036206637742, 0.000228224438615, 0.000333322619554, 0.000351424503606, 0.000483200914459, 0.00056489178678, 0.000216237051063, 0.000158737660968, 0.000145768077346, 8.92547323019e-05, 0.000137165363412, 0.00010595938511, 9.12298710318e-05, 7.51988191041e-05, 4.49308354291e-05, 2.9299651942e-05, 2.90204061457e-05, 2.97507176583e-05, 1.46440343087e-05, 1.10196115202e-05, 7.32282478566e-06, 5.99665236223e-06, 3.47512309418e-06, 2.22967469199e-06, 1.62536650805e-06, 1.28802673771e-06, 1.22727260532e-06, 1.34032791266e-06, 1.3484406054e-06, 1.40094880408e-06, 1.43719887546e-06, 1.58898876634e-06, 2.08029950954e-06, 2.47880802817e-06, 2.03977083402e-06, 1.81421739853e-06],
        "dvar": [4.97404606392e-08, 3.79849240062e-07, 7.48643060433e-07, 3.43651606727e-07, 2.32360733321e-07, 1.90846179748e-07, 3.57037521326e-07, 2.25925901987e-07, 5.90124102473e-07, 7.0664333407e-07, 1.36935881301e-07, 7.74059074615e-08, 7.57823528375e-08, 2.39926478685e-08, 7.43905133049e-08, 2.87437664781e-08, 1.40457752096e-08, 1.17627658724e-08, 5.4687983031e-09, 2.69847877377e-09, 1.08312125935e-09, 1.36191591338e-09, 2.63888799701e-10, 1.82211939981e-10, 8.51259826518e-11, 5.14211832836e-11, 1.55277995323e-11, 7.29624780732e-12, 3.26291489487e-12, 2.67274765688e-12, 3.53820488533e-12, 4.54378331835e-12, 5.05403488157e-12, 5.26896538552e-12, 8.44397381877e-12, 1.08587661432e-11, 4.5517974806e-11, 6.13047460019e-11, 3.10834483153e-11, 2.21690530516e-11],
        "dvar2": [1.27079346157e-07, 1.0307417142e-06, 1.61199864124e-06, 9.31789429615e-07, 5.77768389576e-07, 4.41140798557e-07, 7.98446478711e-07, 5.41392978448e-07, 1.52532118136e-06, 1.78559093911e-06, 3.50957265027e-07, 1.56674801133e-07, 1.502867093e-07, 5.51366348134e-08, 1.2867270982e-07, 6.35361487866e-08, 3.02577163325e-08, 2.79354246402e-08, 1.09666302706e-08, 6.86854839671e-09, 2.74043454596e-09, 3.32014793436e-09, 6.36545038901e-10, 4.85668505412e-10, 1.9130368123e-10, 1.03841282795e-10, 3.40279297795e-11, 1.58162302699e-11, 7.50136584793e-12, 6.40359206633e-12, 9.18074123668e-12, 1.09188517602e-11, 1.1764158224e-11, 1.15379338028e-11, 1.87313064365e-11, 2.41206481871e-11, 1.17926501897e-10, 1.62476768151e-10, 7.04580421784e-11, 5.18306578212e-11],
        "max": [0.0027695603203, 0.00720598874614, 0.0161014627665, 0.0070826318115, 0.00968866981566, 0.00852699950337, 0.0140643594787, 0.00700862891972, 0.0105365905911, 0.0110762668774, 0.00559492222965, 0.00587250432, 0.00543026160449, 0.00473905028775, 0.00644303765148, 0.00280605955049, 0.00163264060393, 0.00150942511391, 0.00293345260434, 0.00140835705679, 0.000562546541914, 0.00058625562815, 0.000233619313804, 0.000214971019886, 0.000157199334353, 0.000113272501039, 6.99134761817e-05, 4.63918258902e-05, 2.32720267377e-05, 3.89957276639e-05, 4.42050986749e-05, 5.14724306413e-05, 4.71674829896e-05, 4.95862259413e-05, 7.38885792089e-05, 6.15748285782e-05, 0.000229911864153, 0.000232999969739, 0.000150467749336, 9.36680589803e-05],
        "mean": [0.000288282550173, 0.000832405989058, 0.000941644364502, 0.000475800188724, 0.000306401634589, 0.000211951555684, 0.000279922416667, 0.000278115679976, 0.000383862439776, 0.000475818465929, 0.000199911359232, 0.000147258178913, 0.000164951503393, 8.5557163402e-05, 0.000162017575349, 0.000103943079012, 9.10633025342e-05, 7.56473527872e-05, 5.27233169123e-05, 3.15498582495e-05, 2.99590501527e-05, 3.19368991768e-05, 1.58535549417e-05, 1.1105129488e-05, 8.88696376933e-06, 8.32823388919e-06, 4.63214291813e-06, 2.79993673757e-06, 1.95305187844e-06, 1.47211949297e-06, 1.29517559344e-06, 1.45851652178e-06, 1.54945314534e-06, 1.58521606863e-06, 1.65272058439e-06, 1.78222387603e-06, 1.8825440975e-06, 1.93862479136e-06, 1.84902501132e-06, 1.62566857398e-06],
        "median": [0.000165893012309, 0.000593654054683, 0.000458520138636, 0.000229976372793, 0.00011109202751, 6.02662621532e-05, 5.05005991727e-05, 5.35901963303e-05, 7.18618393876e-05, 0.000109125066956, 4.54623041151e-05, 3.81050267606e-05, 3.14063763653e-05, 2.80277763522e-05, 3.37073252012e-05, 2.86051508738e-05, 3.19157988997e-05, 2.47317020694e-05, 1.52954653458e-05, 1.36656490213e-05, 1.37363458634e-05, 1.25487258629e-05, 7.57562611398e-06, 5.22632853972e-06, 3.50801519744e-06, 2.78826428257e-06, 2.03681656785e-06, 1.29883949285e-06, 9.56719759415e-07, 7.04207195668e-07, 6.22034292519e-07, 6.31478712876e-07, 5.86295584526e-07, 7.69282280544e-07, 7.34733589525e-07, 6.66152004669e-07, 6.51963318887e-07, 6.05936861575e-07, 5.79628590458e-07, 4.92084097914e-07],
        "min": [5.43691652791e-24, 1.20763473762e-23, 5.10992342751e-24, 3.71282907069e-24, 1.07481714579e-23, 1.12464412492e-23, 1.08211718572e-23, 9.26916770117e-24, 4.59971856516e-24, 6.94522528401e-24, 8.71409519154e-24, 3.01703738342e-24, 7.3437120594e-24, 9.42764749044e-24, 1.0372067033e-23, 8.23443699559e-24, 7.67051662205e-24, 6.89117884568e-24, 1.39781640121e-23, 8.03371133826e-24, 1.03438447453e-23, 8.98471234735e-24, 8.11514860495e-24, 8.44490035194e-24, 7.4524502243e-24, 5.28686808399e-24, 7.15746515512e-24, 1.17913981955e-23, 1.12718591364e-23, 9.00768871008e-24, 9.48273285859e-24, 8.45256413563e-24, 1.05188590591e-23, 8.34300871084e-24, 9.24528651498e-24, 9.8128151383e-24, 8.69465213681e-24, 9.8976705393e-24, 8.3343470181e-24, 9.02113878851e-24],
        "var": [1.15345059726e-07, 7.86947168763e-07, 2.68470375886e-06, 4.47306661044e-07, 3.37292618724e-07, 3.32130269953e-07, 5.12960070864e-07, 3.89859707184e-07, 8.33985779991e-07, 1.11897566057e-06, 2.100587011e-07, 1.40748355193e-07, 2.00688802465e-07, 4.03135516081e-08, 2.29711602628e-07, 5.39936308996e-08, 2.60141366226e-08, 2.34360157947e-08, 1.89895370539e-08, 4.37302638545e-09, 1.94038762835e-09, 3.16098835995e-09, 5.47408340879e-10, 3.02242009198e-10, 2.37461134089e-10, 1.99217128904e-10, 5.11179883145e-11, 1.6997370525e-11, 7.1876818733e-12, 4.79928770336e-12, 5.12031866559e-12, 7.2652348547e-12, 8.71311616607e-12, 8.81991615159e-12, 1.20229937117e-11, 1.57412936852e-11, 4.22757107099e-11, 5.43993877722e-11, 3.80504169839e-11, 2.77032043139e-11]
    },
    "mfcc": {
        "mean": [-646.362854004, 113.878105164, -3.26410865784, -0.960517704487, 14.7819757462, 1.44714641571, 0.132195279002, 5.90620613098, -0.192071005702, 3.68537116051, -0.0408434271812, -2.19411897659, -4.84057044983],
        "cov": [[5770.24707031, 42.1881484985, -343.515258789, -299.336273193, -294.970672607, -151.757949829, -37.3207206726, -34.2307624817, -79.5864944458, 44.7205238342, 42.1022109985, -31.6557941437, -51.0513496399], [42.1881484985, 757.895324707, -24.5600662231, 89.892616272, 27.6640720367, -20.398399353, 18.5158309937, 40.577835083, 4.20531511307, 0.576555788517, 12.1943473816, 6.26423215866, -12.8555364609], [-343.515258789, -24.5600662231, 626.099243164, 119.485038757, 145.222808838, 79.9210510254, 44.2619590759, 21.2028675079, 11.3000059128, -13.1045045853, 0.88689750433, 22.2569847107, 39.378036499], [-299.336273193, 89.892616272, 119.485038757, 368.899017334, 191.140228271, 15.8511228561, -47.1612319946, -29.4089069366, -10.5081806183, 4.06877040863, -44.8861122131, -26.9147109985, 20.7753009796], [-294.970672607, 27.6640720367, 145.222808838, 191.140228271, 318.02053833, 39.2308235168, -49.738910675, -32.1800003052, 2.89552259445, 14.7259197235, -27.8491020203, -23.2211360931, 16.6682815552], [-151.757949829, -20.398399353, 79.9210510254, 15.8511228561, 39.2308235168, 149.07723999, 64.1571884155, 26.8615760803, 14.6728000641, -20.8101348877, 3.02520227432, 5.48823165894, -2.9066028595], [-37.3207206726, 18.5158309937, 44.2619590759, -47.1612319946, -49.738910675, 64.1571884155, 164.688400269, 79.4311523438, 14.250869751, -23.1832580566, 6.35211658478, 30.3973140717, -11.4695615768], [-34.2307624817, 40.577835083, 21.2028675079, -29.4089069366, -32.1800003052, 26.8615760803, 79.4311523438, 138.195510864, 53.8780174255, -15.5752763748, 5.77880382538, 16.2535152435, -5.68673849106], [-79.5864944458, 4.20531511307, 11.3000059128, -10.5081806183, 2.89552259445, 14.6728000641, 14.250869751, 53.8780174255, 113.669799805, 10.7611560822, -6.63472557068, 4.98360109329, -2.66266322136], [44.7205238342, 0.576555788517, -13.1045045853, 4.06877040863, 14.7259197235, -20.8101348877, -23.1832580566, -15.5752763748, 10.7611560822, 105.591659546, 26.4972076416, -8.90234851837, -4.02171325684], [42.1022109985, 12.1943473816, 0.88689750433, -44.8861122131, -27.8491020203, 3.02520227432, 6.35211658478, 5.77880382538, -6.63472557068, 26.4972076416, 93.0276107788, 20.0359668732, -12.150188446], [-31.6557941437, 6.26423215866, 22.2569847107, -26.9147109985, -23.2211360931, 5.48823165894, 30.3973140717, 16.2535152435, 4.98360109329, -8.90234851837, 20.0359668732, 81.2973709106, 16.1225814819], [-51.0513496399, -12.8555364609, 39.378036499, 20.7753009796, 16.6682815552, -2.9066028595, -11.4695615768, -5.68673849106, -2.66266322136, -4.02171325684, -12.150188446, 16.1225814819, 85.5172958374]],
