{
"lowlevel": {
    "average_loudness": 0.819271087646,
    "barkbands_crest": {
        "dmean": 2.28520607948,
        "dmean2": 3.53875613213,
        "dvar": 5.79564714432,
        "dvar2": 12.2301263809,
        "max": 25.5071773529,
        "mean": 12.1671247482,
        "median": 11.195233345,
        "min": 2.44366288185,
        "var": 28.6480922699
    },
    "barkbands_flatness_db": {
        "dmean": 0.0227704457939,
        "dmean2": 0.0311564132571,
        "dvar": 0.000578991661314,
        "dvar2": 0.000941201054957,
        "max": 0.517894923687,
        "mean": 0.213323429227,
        "median": 0.19682751596,
        "min": 0.0939388349652,
        "var": 0.00512608978897
    },
    "barkbands_kurtosis": {
        "dmean": 5.35558652878,
        "dmean2": 7.82934045792,
        "dvar": 236.741607666,
        "dvar2": 510.684082031,
        "max": 483.302032471,
        "mean": 9.61497402191,
        "median": 1.37324619293,
        "min": -1.81311702728,
        "var": 645.977478027
    },
    "barkbands_skewness": {
        "dmean": 0.631368875504,
        "dmean2": 0.901830017567,
        "dvar": 0.626342177391,
        "dvar2": 1.22425496578,
        "max": 15.125617981,
        "mean": 1.80732548237,
        "median": 1.27425384521,
        "min": -2.56872820854,
        "var": 3.9728615284
    },
    "barkbands_spread": {
        "dmean": 4.97309827805,
        "dmean2": 7.24448108673,
        "dvar": 44.7454986572,
        "dvar2": 93.4951248169,
        "max": 100.662307739,
        "mean": 20.8710422516,
        "median": 18.4385852814,
        "min": 0.269799530506,
        "var": 203.717727661
    },
    "dissonance": {
        "dmean": 0.0231010504067,
        "dmean2": 0.0373785160482,
        "dvar": 0.000671408895869,
        "dvar2": 0.00168338313233,
        "max": 0.499510109425,
        "mean": 0.451764971018,
        "median": 0.464034706354,
        "min": 0.204953715205,
        "var": 0.00169980479404
    },
    "dynamic_complexity": 4.23387956619,
    "erbbands_crest": {
        "dmean": 2.50971603394,
        "dmean2": 3.88213133812,
        "dvar": 5.55335998535,
        "dvar2": 12.8968105316,
        "max": 28.6848316193,
        "mean": 9.69366073608,
        "median": 8.87669181824,
        "min": 2.67155528069,
        "var": 17.6366043091
    },
    "erbbands_flatness_db": {
        "dmean": 0.0162402819842,
        "dmean2": 0.0224037822336,
        "dvar": 0.00025374055258,
        "dvar2": 0.000451353145763,
        "max": 0.343293458223,
        "mean": 0.205263823271,
        "median": 0.200041368604,
        "min": 0.110298343003,
        "var": 0.0014976428356
    },
    "erbbands_kurtosis": {
        "dmean": 1.11729979515,
        "dmean2": 1.62928164005,
        "dvar": 3.09788298607,
        "dvar2": 5.56292963028,
        "max": 32.0952835083,
        "mean": 1.1935685873,
        "median": 0.0591647624969,
        "min": -1.74320375919,
        "var": 11.1192378998
    },
    "erbbands_skewness": {
        "dmean": 0.382782638073,
        "dmean2": 0.5553586483,
        "dvar": 0.154177635908,
        "dvar2": 0.302021563053,
        "max": 4.83964538574,
        "mean": 0.194050058722,
        "median": 0.0848845541477,
        "min": -4.26385784149,
        "var": 0.962879955769
    },
    "erbbands_spread": {
        "dmean": 7.71628379822,
        "dmean2": 11.4563684464,
        "dvar": 85.371635437,
        "dvar2": 186.118469238,
        "max": 124.543617249,
        "mean": 34.2083320618,
        "median": 32.5099563599,
        "min": 2.5674405098,
        "var": 295.182830811
    },
    "hfc": {
        "dmean": 4.73547792435,
        "dmean2": 6.2881026268,
        "dvar": 80.2323226929,
        "dvar2": 135.715408325,
        "max": 152.541732788,
        "mean": 14.6099786758,
        "median": 6.97781229019,
        "min": 0.000235724743106,
        "var": 385.827148438
    },
    "melbands_crest": {
        "dmean": 2.34240293503,
        "dmean2": 3.64938831329,
        "dvar": 6.03221178055,
        "dvar2": 13.8098258972,
        "max": 29.0363426208,
        "mean": 14.8087692261,
        "median": 14.7231884003,
        "min": 3.90423321724,
        "var": 26.8583011627
    },
    "melbands_flatness_db": {
        "dmean": 0.0282033607364,
        "dmean2": 0.0355333983898,
        "dvar": 0.000998098752461,
        "dvar2": 0.00151379231829,
        "max": 0.616258203983,
        "mean": 0.243840813637,
        "median": 0.219157442451,
        "min": 0.0605351701379,
        "var": 0.0101386224851
    },
    "melbands_kurtosis": {
        "dmean": 10.0626249313,
        "dmean2": 15.1185617447,
        "dvar": 675.650634766,
        "dvar2": 1531.09545898,
        "max": 644.839294434,
        "mean": 20.7197418213,
        "median": 7.19905567169,
        "min": -1.64795982838,
        "var": 1481.84191895
    },
    "melbands_skewness": {
        "dmean": 0.780093669891,
        "dmean2": 1.14414358139,
        "dvar": 0.999329030514,
        "dvar2": 2.13078427315,
        "max": 17.9912872314,
        "mean": 2.88849258423,
        "median": 2.42337703705,
        "min": -1.75084960461,
        "var": 4.77880048752
    },
    "melbands_spread": {
        "dmean": 6.2882642746,
        "dmean2": 9.31749725342,
        "dvar": 76.99269104,
        "dvar2": 166.985015869,
        "max": 138.588577271,
        "mean": 23.0584983826,
        "median": 19.8636493683,
        "min": 0.328620880842,
        "var": 347.561584473
    },
    "pitch_salience": {
        "dmean": 0.0674368515611,
        "dmean2": 0.101005323231,
        "dvar": 0.00469409255311,
        "dvar2": 0.0101682813838,
        "max": 0.872830331326,
        "mean": 0.467326700687,
        "median": 0.468812584877,
        "min": 0.0574645847082,
        "var": 0.0221194587648
    },
    "silence_rate_20dB": {
        "dmean": 0,
        "dmean2": 0,
        "dvar": 0,
        "dvar2": 0,
        "max": 1,
        "mean": 1,
        "median": 1,
        "min": 1,
        "var": 0
    },
    "silence_rate_30dB": {
        "dmean": 0.000774593325332,
        "dmean2": 0.00154978688806,
        "dvar": 0.000773992040195,
        "dvar2": 0.00154737965204,
        "max": 1,
        "mean": 0.999225735664,
        "median": 1,
        "min": 0,
        "var": 0.000773692852817
    },
    "silence_rate_60dB": {
        "dmean": 0.0464756004512,
        "dmean2": 0.0929872170091,
        "dvar": 0.0443149469793,
        "dvar2": 0.0967406779528,
        "max": 1,
        "mean": 0.0991095602512,
        "median": 0,
        "min": 0,
        "var": 0.089285261929
    },
    "spectral_centroid": {
        "dmean": 236.154632568,
        "dmean2": 329.357177734,
        "dvar": 87178.234375,
        "dvar2": 166002.84375,
        "max": 4299.05371094,
        "mean": 1342.4017334,
        "median": 1233.03149414,
        "min": 108.110931396,
        "var": 574585.125
    },
    "spectral_complexity": {
        "dmean": 3.13245534897,
        "dmean2": 4.37272357941,
        "dvar": 21.1178760529,
        "dvar2": 32.3329544067,
        "max": 61,
        "mean": 13.74796772,
        "median": 11,
        "min": 0,
        "var": 119.197601318
    },
    "spectral_decrease": {
        "dmean": 1.16215481683e-09,
        "dmean2": 1.69247238446e-09,
        "dvar": 2.98099638665e-18,
        "dvar2": 6.26272214321e-18,
        "max": -1.41180768248e-13,
        "mean": -4.29658975065e-09,
        "median": -3.2015690099e-09,
        "min": -2.8113353423e-08,
        "var": 1.32788180545e-17
    },
    "spectral_energy": {
        "dmean": 0.00472925743088,
        "dmean2": 0.0067964810878,
        "dvar": 5.0593920605e-05,
        "dvar2": 0.000103245234641,
        "max": 0.119942389429,
        "mean": 0.0175415035337,
        "median": 0.0129064870998,
        "min": 5.54229529826e-07,
        "var": 0.000234012986766
    },
    "spectral_energyband_high": {
        "dmean": 0.000211987033254,
        "dmean2": 0.00028823435423,
        "dvar": 2.7742180464e-07,
        "dvar2": 5.40575001651e-07,
        "max": 0.00736164581031,
        "mean": 0.000428199477028,
        "median": 0.000100687611848,
        "min": 8.96059504374e-10,
        "var": 6.60124896967e-07
    },
    "spectral_energyband_low": {
        "dmean": 0.00196639541537,
        "dmean2": 0.00293176365085,
        "dvar": 8.6104073489e-06,
        "dvar2": 1.87540608749e-05,
        "max": 0.0381434857845,
        "mean": 0.00677192211151,
        "median": 0.00503542972729,
        "min": 3.91938499433e-07,
        "var": 4.07891056966e-05
    },
    "spectral_energyband_middle_high": {
        "dmean": 0.0018112543039,
        "dmean2": 0.00243861530907,
        "dvar": 1.55975121743e-05,
        "dvar2": 2.45676856139e-05,
        "max": 0.104987472296,
        "mean": 0.00512277847156,
        "median": 0.00201691454276,
        "min": 5.95062523701e-08,
        "var": 7.20529060345e-05
    },
    "spectral_energyband_middle_low": {
        "dmean": 0.00259407539852,
        "dmean2": 0.00416285544634,
        "dvar": 2.5858547815e-05,
        "dvar2": 6.27822155366e-05,
        "max": 0.0587656460702,
        "mean": 0.00572895957157,
        "median": 0.00339998118579,
        "min": 1.02539907232e-07,
        "var": 4.91850369144e-05
    },
    "spectral_entropy": {
        "dmean": 0.191515415907,
        "dmean2": 0.245381906629,
        "dvar": 0.0443097613752,
        "dvar2": 0.0693415030837,
        "max": 8.41939353943,
        "mean": 7.19889211655,
        "median": 7.27399635315,
        "min": 5.18670892715,
        "var": 0.272466570139
    },
    "spectral_flux": {
        "dmean": 0.0194918531924,
        "dmean2": 0.0300188474357,
        "dvar": 0.000570605916437,
        "dvar2": 0.00126818113495,
        "max": 0.27171215415,
        "mean": 0.0565241426229,
        "median": 0.045730073005,
        "min": 0.000744465913158,
        "var": 0.00177794590127
    },
    "spectral_kurtosis": {
        "dmean": 2.54363083839,
        "dmean2": 4.24569892883,
        "dvar": 8.13666248322,
        "dvar2": 20.6306705475,
        "max": 33.8058509827,
        "mean": 4.73085927963,
        "median": 3.37151861191,
        "min": -1.37484884262,
        "var": 19.5219535828
    },
    "spectral_rms": {
        "dmean": 0.000542269495782,
        "dmean2": 0.000758310838137,
        "dvar": 4.46338361826e-07,
        "dvar2": 8.72298073773e-07,
        "max": 0.010817438364,
        "mean": 0.0037661716342,
        "median": 0.00354847777635,
        "min": 2.32532092923e-05,
        "var": 2.9295827062e-06
    },
    "spectral_rolloff": {
        "dmean": 372.487548828,
        "dmean2": 605.858703613,
        "dvar": 443523.625,
        "dvar2": 918675.6875,
        "max": 8376.41601562,
        "mean": 1285.13696289,
        "median": 1033.59375,
        "min": 86.1328125,
        "var": 1241972
    },
    "spectral_skewness": {
        "dmean": 0.322371900082,
        "dmean2": 0.489246696234,
        "dvar": 0.109056159854,
        "dvar2": 0.228781089187,
        "max": 4.70264959335,
        "mean": 1.45458304882,
        "median": 1.32213366032,
        "min": -0.233113870025,
        "var": 0.507623314857
    },
    "spectral_spread": {
        "dmean": 383852.9375,
        "dmean2": 561944.8125,
        "dvar": 222180343808,
        "dvar2": 396729712640,
        "max": 11540806,
        "mean": 3515243,
        "median": 3417107.75,
        "min": 1614725.5,
        "var": 895073583104
    },
    "spectral_strongpeak": {
        "dmean": 0.404592603445,
        "dmean2": 0.665731191635,
        "dvar": 0.969950854778,
        "dvar2": 2.22243857384,
        "max": 15.0890645981,
        "mean": 0.816317379475,
        "median": 0.327943742275,
        "min": 0.00131197634619,
        "var": 1.89511859417
    },
    "zerocrossingrate": {
        "dmean": 0.00796908326447,
        "dmean2": 0.00889273453504,
        "dvar": 8.74863035278e-05,
        "dvar2": 9.76637893473e-05,
        "max": 0.220703125,
        "mean": 0.0453676246107,
        "median": 0.04345703125,
        "min": 0.0029296875,
        "var": 0.000772010884248
    },
    "barkbands": {
        "dmean": [6.86336125e-06, 0.00160733843222, 0.00042629413656, 0.000555738864932, 0.000871993077453, 0.000529511948116, 0.000393417605665, 0.000468770915177, 0.000734344008379, 0.000423466524808, 0.000303652748698, 0.00038311057142, 0.00049637875054, 0.000192730542039, 0.000272814853815, 0.000235929561313, 0.000412479043007, 0.000152631720994, 0.000179034817847, 0.000130140091642, 7.81397466199e-05, 4.61966919829e-05, 3.55165138899e-05, 2.97433070955e-05, 2.29742931879e-06, 2.03495309492e-09, 6.67474797655e-10],
        "dmean2": [1.1567243746e-05, 0.00234256475233, 0.000691265042406, 0.000968134088907, 0.00148146157153, 0.000891471805517, 0.00061488058418, 0.000700526637957, 0.00107963033952, 0.000632103881799, 0.000414541224018, 0.000596825790126, 0.000717162969522, 0.00028935141745, 0.000419623684138, 0.000357284385245, 0.000639110454358, 0.000226779069635, 0.000268266856438, 0.000193762098206, 0.000114300761197, 6.59510988044e-05, 5.04699273733e-05, 4.3716867367e-05, 3.56112627742e-06, 3.21291104832e-09, 1.23059074042e-09],
        "dvar": [2.65854477322e-10, 6.34824391454e-06, 5.37851121862e-07, 1.57809188295e-06, 4.17046931034e-06, 3.23042877426e-06, 1.00447812201e-06, 4.11251858168e-06, 4.6163549996e-06, 2.20566835196e-06, 1.61580533131e-06, 2.65934590971e-06, 4.26591441283e-06, 4.7059538133e-07, 5.62432433071e-07, 4.10694866559e-07, 1.19194214676e-06, 1.5889204974e-07, 1.44148557979e-07, 1.07134198402e-07, 4.00886861485e-08, 1.31996564789e-08, 7.8205575349e-09, 7.97345833803e-09, 1.00842688366e-10, 4.29965405293e-17, 1.15135703731e-18],
        "dvar2": [6.96459057092e-10, 1.27695311676e-05, 1.38956215778e-06, 4.43886619905e-06, 1.07308860606e-05, 8.12351117929e-06, 2.36315554503e-06, 8.72433338373e-06, 9.34948093345e-06, 4.73466116091e-06, 2.4957369078e-06, 5.89629917158e-06, 6.96228516972e-06, 8.3429517872e-07, 1.27820158013e-06, 9.37026413794e-07, 2.72174088423e-06, 3.10121038183e-07, 3.15931401929e-07, 2.32029080394e-07, 9.05219934566e-08, 2.66767496981e-08, 1.62042841367e-08, 1.60561040019e-08, 1.79407100287e-10, 7.75544425297e-17, 3.57933789633e-18],
        "max": [0.000378941884264, 0.0334908142686, 0.0109420493245, 0.0119717288762, 0.0252960789949, 0.0323733501136, 0.0236737765372, 0.0477235987782, 0.0495396442711, 0.032155264169, 0.0435478612781, 0.029306428507, 0.0862087830901, 0.0259059425443, 0.0169182699174, 0.0122541245073, 0.0208244808018, 0.0117837470025, 0.00819013360888, 0.00518866395578, 0.00304444227368, 0.00146977964323, 0.00147880532313, 0.00192299182527, 0.00030192831764, 2.08429440818e-07, 1.24854171446e-08],
        "mean": [8.22531183076e-06, 0.0052853692323, 0.00109484558925, 0.000690518238116, 0.0012277115602, 0.000776121218223, 0.000612528529018, 0.000769678503275, 0.00136946712155, 0.000675099843647, 0.000561629189178, 0.000631594331935, 0.000804206938483, 0.000292031472782, 0.000460110139102, 0.000410862237914, 0.000741345284041, 0.00023933443299, 0.000321034691297, 0.000222333561396, 0.000150251711602, 7.48212332837e-05, 6.23795349384e-05, 5.60766238777e-05, 3.91466937799e-06, 3.21330051456e-09, 5.45106737526e-10],
        "median": [1.91761296264e-06, 0.00359364133328, 0.000692415167578, 0.000263934518443, 0.000545201881323, 0.000206546174013, 0.000183281998034, 9.33227711357e-05, 0.000243044822128, 7.31363834348e-05, 3.83957740269e-05, 6.58506542095e-05, 0.000104682876554, 4.19464340666e-05, 7.60104958317e-05, 8.6828469648e-05, 0.000107999003376, 4.18008858105e-05, 5.3584924899e-05, 4.02017649321e-05, 1.82260355359e-05, 1.74482829607e-05, 1.27565390358e-05, 1.32632130772e-05, 6.81317374074e-07, 8.0529488633e-10, 1.94277677279e-10],
        "min": [1.08011932731e-09, 2.95729734034e-07, 9.43921847352e-08, 4.41757475045e-09, 5.21223286754e-09, 4.93728578022e-08, 7.34778948797e-09, 1.11010167725e-09, 2.74614393447e-08, 2.1173025555e-09, 3.05775238463e-10, 7.65643715095e-10, 6.75170586106e-09, 3.81291581641e-10, 8.44408931666e-10, 8.0596851415e-10, 4.07538625069e-09, 4.52808845974e-10, 4.81238426886e-09, 3.93569510315e-10, 1.40306238849e-10, 3.597424858e-10, 1.59571370006e-10, 9.15030412552e-11, 2.16314240825e-11, 3.51995884697e-12, 3.6206437154e-12],
        "var": [3.0518010341e-10, 3.13395066769e-05, 1.34764286486e-06, 1.41858765801e-06, 4.35907622887e-06, 4.75438855574e-06, 1.73023431671e-06, 7.2796110544e-06, 9.67876621871e-06, 3.68499399883e-06, 5.51390303372e-06, 5.41204508409e-06, 9.79795368039e-06, 1.12402881314e-06, 1.35708955895e-06, 1.01437194644e-06, 3.21019024341e-06, 3.48269139749e-07, 3.95671520437e-07, 2.15333173514e-07, 9.43676496945e-08, 2.47404283726e-08, 1.59128976662e-08, 1.60769015878e-08, 2.15078316268e-10, 1.06357043512e-16, 9.05843110663e-19]
    },
    "erbbands": {
        "dmean": [0.0234948918223, 0.428495436907, 0.640187501907, 1.18042159081, 2.51544976234, 3.15344548225, 2.96314740181, 4.77883529663, 4.15341901779, 8.44044685364, 9.94718933105, 15.5148096085, 15.6245298386, 10.8430051804, 12.6577539444, 14.6276941299, 24.0247268677, 10.589179039, 9.47357368469, 14.6416139603, 14.5749816895, 20.4413108826, 10.9690151215, 9.17680358887, 7.11029195786, 6.15234565735, 3.88287115097, 2.66108703613, 1.73367583752, 1.19330060482, 1.02132642269, 0.787095308304, 0.378887325525, 0.0592426545918, 0.0033674845472, 0.000163453776622, 1.4644246221e-05, 3.33236062033e-06, 3.10692303174e-06, 5.77805758439e-06],
        "dmean2": [0.0358718037605, 0.62134295702, 0.989405870438, 2.04480314255, 4.33284378052, 5.43528079987, 4.9837975502, 7.90314531326, 6.51751327515, 12.8323745728, 14.583026886, 22.6435127258, 22.4254264832, 15.1252841949, 18.0788459778, 21.7298564911, 33.6636276245, 15.5478992462, 14.1035060883, 21.9896297455, 21.9103660583, 30.9700489044, 16.6825065613, 13.9540100098, 10.2170009613, 9.34557342529, 5.86041545868, 3.85631585121, 2.50553894043, 1.74961197376, 1.45366561413, 1.14426589012, 0.557901084423, 0.087276622653, 0.00508596003056, 0.000242436057306, 2.05522264878e-05, 4.5169031182e-06, 4.24903510066e-06, 8.12975304143e-06],
        "dvar": [0.00136215880048, 0.455756992102, 1.04322850704, 6.78299665451, 36.5374412537, 52.8095092773, 81.1953582764, 275.662506104, 100.534210205, 625.439025879, 1798.84411621, 2583.58911133, 2462.76586914, 1569.76049805, 2530.32299805, 3797.01123047, 11178.4775391, 1472.15490723, 1206.36962891, 1500.81384277, 1521.22290039, 3233.30908203, 675.458129883, 441.275177002, 254.456237793, 228.228149414, 95.2133407593, 51.9820404053, 18.6150131226, 9.21096038818, 6.25464630127, 5.00711870193, 1.54005026817, 0.0714497789741, 0.00032135847141, 6.09588653333e-07, 2.4571455981e-09, 7.53623552452e-11, 2.59852573486e-11, 7.88285478559e-11],
        "dvar2": [0.0031476856675, 0.909191310406, 2.41830778122, 19.0185165405, 97.3830871582, 136.983154297, 219.979980469, 638.194274902, 205.704772949, 1305.78015137, 4415.38574219, 5121.6796875, 5614.19580078, 2875.55126953, 4843.06933594, 8226.49804688, 17391.4335938, 2610.02514648, 2658.40136719, 3494.0871582, 3488.09521484, 7522.79980469, 1500.42565918, 1012.53961182, 531.342041016, 487.356292725, 217.047439575, 110.842674255, 38.2572517395, 18.56640625, 13.2895298004, 10.2124252319, 3.12978076935, 0.138621255755, 0.000662988633849, 1.22464086871e-06, 4.67326444209e-09, 1.41247555319e-10, 4.68192498659e-11, 1.52839130241e-10],
        "max": [0.480960816145, 9.12508487701, 12.6269359589, 26.4054031372, 64.3704071045, 82.569519043, 116.585067749, 411.979034424, 248.572509766, 529.546203613, 1246.78637695, 1419.98815918, 1322.3112793, 1055.21276855, 1305.8182373, 1387.99572754, 4673.26904297, 1531.28747559, 899.817199707, 847.312255859, 761.577270508, 1035.28198242, 646.342407227, 377.331817627, 301.257659912, 191.890090942, 138.330856323, 114.873016357, 61.889957428, 51.6078834534, 34.9331970215, 47.5222549438, 32.8253669739, 8.89301490784, 0.527442097664, 0.0232141464949, 0.00149234768469, 0.000220997579163, 7.22578988643e-05, 0.00014908486628],
        "mean": [0.0629204437137, 1.434009552, 2.09496879578, 1.76933026314, 3.08155417442, 4.41245889664, 4.2038230896, 7.22710180283, 7.01917457581, 14.4668159485, 17.8411197662, 28.3191299438, 29.6531257629, 20.2108783722, 23.9094524384, 27.8099536896, 39.6171951294, 17.4873332977, 16.5872135162, 26.8760623932, 26.8733062744, 36.9908447266, 19.9654388428, 16.2899646759, 13.5816602707, 11.2135972977, 7.28418970108, 4.59745979309, 2.87740969658, 2.05610990524, 1.8156028986, 1.4630292654, 0.677561998367, 0.109517805278, 0.00538475252688, 0.000293218588922, 3.43946376233e-05, 8.1578582467e-06, 1.11083490992e-05, 2.14251722355e-05],
        "median": [0.0431061945856, 0.97956931591, 1.30300784111, 0.797659337521, 1.38742280006, 1.83165895939, 1.51079773903, 1.93161869049, 2.47778224945, 3.55673599243, 3.15595364571, 5.90643882751, 5.03538131714, 3.15020084381, 2.55031776428, 3.6716427803, 5.61865282059, 3.06251382828, 3.09256911278, 4.7592663765, 6.55832004547, 6.18215799332, 3.55015206337, 2.49655008316, 2.97568178177, 2.03229498863, 0.914064407349, 0.69872790575, 0.643409430981, 0.438721805811, 0.382227897644, 0.314957380295, 0.156673207879, 0.0237593706697, 0.000838165055029, 6.29914429737e-05, 1.23614418044e-05, 3.14477847496e-06, 7.29831253921e-06, 1.52738757606e-05],
        "min": [3.21848006024e-06, 7.71063496359e-05, 0.000149278799654, 3.27505440509e-05, 2.46698273259e-05, 1.17852760013e-05, 7.05476268195e-05, 0.000541456160136, 0.000272181874607, 2.29362995015e-05, 5.34356113349e-05, 0.00047394822468, 0.000244252645643, 3.5515287891e-05, 2.10667767533e-05, 0.000118007061246, 0.000368404696928, 4.33791792602e-05, 3.20032231684e-05, 0.000153895802214, 5.99520753894e-05, 0.000298747065244, 0.000252601166721, 0.000157005328219, 0.000163083852385, 2.73632376775e-05, 6.88045838615e-06, 6.01631882091e-06, 1.06469196908e-05, 1.07893220047e-05, 4.86606450067e-06, 2.29657780437e-06, 1.27357020574e-06, 3.05976840309e-07, 1.20952947213e-07, 3.42408554843e-08, 8.1151751985e-09, 1.96540939079e-09, 1.93372606816e-09, 9.06543673462e-10],
        "var": [0.00386843690649, 2.34654116631, 4.69094753265, 6.91008615494, 31.4999904633, 58.535774231, 80.3581466675, 492.755432129, 253.231658936, 1577.14953613, 2386.77099609, 5078.59130859, 5153.16455078, 3790.29614258, 5825.34814453, 9256.4453125, 25682.0761719, 3404.67871094, 2354.47265625, 3840.75830078, 3676.88623047, 8072.20849609, 1743.49963379, 1065.2532959, 666.680480957, 510.609985352, 232.813171387, 94.9133987427, 35.2260437012, 17.7571659088, 13.1202487946, 10.2417621613, 2.80219626427, 0.138411685824, 0.000592712138314, 1.20909328416e-06, 5.56358781267e-09, 2.0048894489e-10, 1.22785226431e-10, 3.8191377838e-10]
    },
    "gfcc": {
        "mean": [-80.716545105, 142.551681519, -145.50378418, 61.432510376, -60.0985908508, 20.7182178497, -24.0520133972, 0.776683568954, 4.46003627777, -23.22681427, 9.33868503571, -21.0812797546, 4.68217468262],
        "cov": [[8202.79882812, -1571.8223877, -2209.94018555, 363.814025879, -743.258422852, -22.0005474091, -130.95614624, 100.444801331, -134.106124878, 105.055274963, -86.4084014893, -10.1157941818, -39.8800125122], [-1571.8223877, 910.982116699, 484.587249756, -293.026885986, 359.621917725, -42.6643295288, 145.390716553, -68.7795944214, 62.829208374, -82.4993743896, 38.6831436157, -23.3512630463, 35.7571792603], [-2209.94018555, 484.587249756, 1196.50292969, 45.9741821289, 163.615371704, 139.277999878, 34.0815544128, -39.8978157043, 41.0484771729, -21.7552928925, 13.6931962967, -5.91370487213, 3.12412548065], [363.814025879, -293.026885986, 45.9741821289, 553.281433105, 19.4609699249, -118.127311707, -68.3398132324, -23.1286525726, 5.64316987991, 70.6310882568, 22.0298748016, 8.15950107574, -31.4250965118], [-743.258422852, 359.621917725, 163.615371704, 19.4609699249, 511.052337646, 21.7920608521, 106.167907715, 35.9560508728, 73.4751434326, 16.4352722168, 44.602684021, -15.4638290405, 10.1881532669], [-22.0005474091, -42.6643295288, 139.277999878, -118.127311707, 21.7920608521, 304.721466064, 84.7586746216, 35.9170799255, 14.7707881927, 14.7364253998, -13.3049373627, -9.01515769958, 20.130449295], [-130.95614624, 145.390716553, 34.0815544128, -68.3398132324, 106.167907715, 84.7586746216, 208.456375122, 36.5276412964, 27.3681373596, -13.794634819, 11.2435359955, -2.14585328102, 6.03896808624], [100.444801331, -68.7795944214, -39.8978157043, -23.1286525726, 35.9560508728, 35.9170799255, 36.5276412964, 151.596405029, 52.628036499, 11.987074852, 3.02953696251, 5.6655421257, -7.70354557037], [-134.106124878, 62.829208374, 41.0484771729, 5.64316987991, 73.4751434326, 14.7707881927, 27.3681373596, 52.628036499, 141.869155884, 40.1041564941, 7.10482740402, 6.34522104263, -7.77192306519], [105.055274963, -82.4993743896, -21.7552928925, 70.6310882568, 16.4352722168, 14.7364253998, -13.794634819, 11.987074852, 40.1041564941, 104.511184692, 31.25623703, -18.0187397003, -11.1059036255], [-86.4084014893, 38.6831436157, 13.6931962967, 22.0298748016, 44.602684021, -13.3049373627, 11.2435359955, 3.02953696251, 7.10482740402, 31.25623703, 82.1696624756, 19.7859630585, -19.3959293365], [-10.1157941818, -23.3512630463, -5.91370487213, 8.15950107574, -15.4638290405, -9.01515769958, -2.14585328102, 5.6655421257, 6.34522104263, -18.0187397003, 19.7859630585, 82.2909317017, 16.618976593], [-39.8800125122, 35.7571792603, 3.12412548065, -31.4250965118, 10.1881532669, 20.130449295, 6.03896808624, -7.70354557037, -7.77192306519, -11.1059036255, -19.3959293365, 16.618976593, 76.6977844238]],
        "icov": [[0.000360792299034, -0.000287835428026, 0.000792966864537, -0.000598456943408, 0.00046812419896, -0.000651496462524, 0.000131917506224, -0.000296955375234, 0.000192871346371, -7.57012021495e-05, 0.000232489634072, -4.46867716164e-06, 0.000181229464943], [-0.000287835428026, 0.0080588310957, -0.00351779395714, 0.00524438731372, -0.00398380169645, 0.00550171360373, -0.00333112408407, 0.00501781888306, -0.00419964687899, 0.00458938954398, -0.0048269405961, 0.0041245566681, -0.00363864866085], [0.000792966864537, -0.00351779395714, 0.0038259876892, -0.00334625015967, 0.00209124037065, -0.00397998653352, 0.00172403315082, -0.00189495680388, 0.00134996930137, -0.000901931023691, 0.0017163354205, -0.0012129927054, 0.00166925683152], [-0.000598456943408, 0.00524438731372, -0.00334625015967, 0.00633553694934, -0.0032485651318, 0.00517696281895, -0.00201574387029, 0.00350641692057, -0.00206662365235, 0.000350314570824, -0.00206704135053, 0.00122171884868, -0.00138650473673], [0.00046812419896, -0.00398380169645, 0.00209124037065, -0.0032485651318, 0.00496895238757, -0.00292050722055, 0.000577749393415, -0.00283108372241, 0.000818456115667, -0.00139570015017, 0.000413202331401, -0.000350303103914, 0.000522354326677], [-0.000651496462524, 0.00550171360373, -0.00397998653352, 0.00517696281895, -0.00292050722055, 0.00914870668203, -0.00411995407194, 0.00265828683041, -0.00199368991889, 0.000270927499514, -0.00161818740889, 0.00206524739042, -0.00306183379143], [0.000131917506224, -0.00333112408407, 0.00172403315082, -0.00201574387029, 0.000577749393415, -0.00411995407194, 0.00800017733127, -0.0027510758955, 0.000750146689825, 0.000454110384453, 0.000224552190048, -0.000804095820058, 0.00119661795907], [-0.000296955375234, 0.00501781888306, -0.00189495680388, 0.00350641692057, -0.00283108372241, 0.00265828683041, -0.0027510758955, 0.0113976467401, -0.00545127317309, 0.00298916641623, -0.00273449812084, 0.00176769238897, -0.00113424332812], [0.000192871346371, -0.00419964687899, 0.00134996930137, -0.00206662365235, 0.000818456115667, -0.00199368991889, 0.000750146689825, -0.00545127317309, 0.0129491388798, -0.00831941328943, 0.00614216877148, -0.0056083467789, 0.00384042575024], [-7.57012021495e-05, 0.00458938954398, -0.000901931023691, 0.000350314570824, -0.00139570015017, 0.000270927499514, 0.000454110384453, 0.00298916641623, -0.00831941328943, 0.0207867361605, -0.012215369381, 0.00984101835638, -0.00467450357974], [0.000232489634072, -0.0048269405961, 0.0017163354205, -0.00206704135053, 0.000413202331401, -0.00161818740889, 0.000224552190048, -0.00273449812084, 0.00614216877148, -0.012215369381, 0.0235056653619, -0.0114999208599, 0.00882162433118], [-4.46867716164e-06, 0.0041245566681, -0.0012129927054, 0.00122171884868, -0.000350303103914, 0.00206524739042, -0.000804095820058, 0.00176769238897, -0.0056083467789, 0.00984101835638, -0.0114999208599, 0.020106960088, -0.00803821906447], [0.000181229464943, -0.00363864866085, 0.00166925683152, -0.00138650473673, 0.000522354326677, -0.00306183379143, 0.00119661795907, -0.00113424332812, 0.00384042575024, -0.00467450357974, 0.00882162433118, -0.00803821906447, 0.0184036996216]]
    },
    "melbands": {
        "dmean": [0.00034706806764, 0.000434921530541, 0.000230119869229, 0.000222110713366, 0.000103394319012, 0.000103812548332, 6.89871012582e-05, 9.66384686762e-05, 8.63709574332e-05, 0.000101086174254, 7.88419201854e-05, 4.57550340798e-05, 4.35495348938e-05, 4.31874395872e-05, 5.38790154678e-05, 3.84019076591e-05, 1.91603121493e-05, 1.61205698532e-05, 1.77983456524e-05, 1.74520537257e-05, 1.88229532796e-05, 2.24380783038e-05, 2.02350220206e-05, 6.84783526594e-06, 8.10807887319e-06, 5.86581472817e-06, 5.38351605428e-06, 3.86591227652e-06, 2.61868217422e-06, 1.93917526303e-06, 1.60449019404e-06, 1.08405163246e-06, 7.8118722513e-07, 6.83779205701e-07, 6.19616287167e-07, 5.37797973266e-07, 4.8680880127e-07, 3.24536699736e-07, 1.28370345465e-07, 2.71697651044e-08],
        "dmean2": [0.000511870661285, 0.00064374844078, 0.0003971606493, 0.00038056547055, 0.000173797161551, 0.00017238422879, 0.000107839812699, 0.000145114652696, 0.000126828555949, 0.000148262057337, 0.000113425390737, 6.38784113107e-05, 6.02828913543e-05, 6.69165383442e-05, 7.9331388406e-05, 5.45609618712e-05, 2.84144934994e-05, 2.41153793468e-05, 2.68084640993e-05, 2.60637734755e-05, 2.84646503133e-05, 3.45581611327e-05, 3.14129902108e-05, 1.02894455267e-05, 1.2539520867e-05, 8.78665923665e-06, 7.99667304818e-06, 5.85671614317e-06, 4.04903630624e-06, 2.85058399641e-06, 2.39908740696e-06, 1.60637182489e-06, 1.15469083539e-06, 1.02867045371e-06, 8.99131123333e-07, 7.92227695001e-07, 7.21246010471e-07, 4.89337196541e-07, 1.90784192e-07, 4.16973016115e-08],
        "dvar": [2.9196044693e-07, 4.56933150872e-07, 2.68007511295e-07, 2.84697563302e-07, 7.92917873582e-08, 1.24834045323e-07, 2.74372755626e-08, 9.85924017982e-08, 1.02160562676e-07, 1.00791119451e-07, 6.2325419492e-08, 2.88813861715e-08, 3.35795391493e-08, 3.77408753138e-08, 3.28580505027e-08, 3.9689112441e-08, 5.52973444812e-09, 3.9083380976e-09, 2.80930056995e-09, 1.85400428343e-09, 2.8033635413e-09, 4.62618654495e-09, 2.95591862098e-09, 3.34739652663e-10, 3.63408692028e-10, 1.62552915572e-10, 1.68128955202e-10, 9.67487201464e-11, 4.57509689855e-11, 2.49147300013e-11, 1.80566776808e-11, 8.04072520372e-12, 3.37935452191e-12, 3.22432748903e-12, 2.31413391054e-12, 2.09170658225e-12, 2.17992355937e-12, 9.80681464854e-13, 3.83558582031e-13, 1.49000176617e-14],
        "dvar2": [6.09925734807e-07, 9.6088592727e-07, 7.43486907595e-07, 7.36806271107e-07, 2.11984811926e-07, 2.96202472327e-07, 5.95720521801e-08, 1.96151944465e-07, 2.43645303044e-07, 2.00936810302e-07, 1.41132602494e-07, 5.35538440261e-08, 5.53303500794e-08, 8.41820195774e-08, 6.50089830856e-08, 5.60766153512e-08, 1.02801118729e-08, 8.65196181365e-09, 5.80210102186e-09, 3.97175403677e-09, 6.35702734897e-09, 1.06815702949e-08, 7.37072003432e-09, 7.33829441657e-10, 8.58959514627e-10, 3.61430080309e-10, 3.77640752003e-10, 2.06895112154e-10, 1.06815820078e-10, 5.67087279912e-11, 3.98043820127e-11, 1.73749643145e-11, 7.07005114176e-12, 6.89997408168e-12, 5.01118027282e-12, 4.73027996981e-12, 4.32369851727e-12, 2.01808925474e-12, 8.3033205962e-13, 2.79972290333e-14],
        "max": [0.00672588683665, 0.00926836021245, 0.00496149202809, 0.00607672519982, 0.00335332844406, 0.00796614959836, 0.00427641579881, 0.00762819312513, 0.0088705625385, 0.0077833426185, 0.00645043700933, 0.00485109118745, 0.00596192711964, 0.00416761962697, 0.00462298793718, 0.00961840339005, 0.00312338257208, 0.00149343081284, 0.00171328824945, 0.00105649698526, 0.00126343860757, 0.00126232847106, 0.00105137494393, 0.000351567403413, 0.000372612645151, 0.000221217967919, 0.000286275608232, 0.000135611408041, 9.73336427705e-05, 7.26948492229e-05, 6.57160999253e-05, 4.1069190047e-05, 2.54441201832e-05, 3.61647398677e-05, 2.11247279367e-05, 2.38252614508e-05, 3.33466668963e-05, 2.25640196732e-05, 2.15124782699e-05, 3.78839581572e-06],
        "mean": [0.00107046950143, 0.00151586148422, 0.000332124036504, 0.000292129843729, 0.000155841145897, 0.000156521957251, 0.000113652233267, 0.000165126228239, 0.000156333044288, 0.00018399268447, 0.000145881000208, 7.88731776993e-05, 8.31608631415e-05, 7.32516418793e-05, 9.05765118659e-05, 6.39144345769e-05, 2.85498263111e-05, 2.4838025638e-05, 3.02696171275e-05, 3.31858318532e-05, 3.12428637699e-05, 3.7750141928e-05, 3.35989570885e-05, 1.06988345578e-05, 1.34688962135e-05, 1.09430648081e-05, 9.24412688619e-06, 6.65364268571e-06, 4.57691339761e-06, 3.31302385348e-06, 2.59733019448e-06, 1.66494783116e-06, 1.28957822199e-06, 1.10489395411e-06, 1.05316701138e-06, 9.38963637509e-07, 8.74126556027e-07, 5.51608820842e-07, 2.1971798958e-07, 4.45370886837e-08],
        "median": [0.000721712538507, 0.00101370317861, 0.000160637078807, 0.000124422978843, 6.53113675071e-05, 4.11044456996e-05, 4.00998724217e-05, 3.71111200366e-05, 2.15294985537e-05, 3.52916686097e-05, 2.17456508835e-05, 1.08832937258e-05, 7.08086099621e-06, 7.59764634495e-06, 9.66754942056e-06, 9.2612053777e-06, 3.8886960283e-06, 3.46943647855e-06, 5.26476833329e-06, 5.80290088692e-06, 6.48352397548e-06, 5.79957531954e-06, 3.53137124876e-06, 1.84214013643e-06, 1.63708125456e-06, 2.09490235648e-06, 1.70224177509e-06, 9.49795889937e-07, 5.19742400229e-07, 4.05794025937e-07, 3.63498742217e-07, 3.2667142591e-07, 2.77637326462e-07, 1.9935643536e-07, 2.1128906269e-07, 1.95257754854e-07, 1.85168701705e-07, 1.18244280145e-07, 4.85989524179e-08, 5.72637315344e-09],
        "min": [6.54771454833e-08, 9.13194213581e-08, 6.66169519548e-09, 1.14701692588e-09, 2.05025996181e-09, 1.14430136477e-08, 3.67302610549e-09, 1.44274175939e-10, 4.43540371098e-10, 3.40407391164e-09, 9.90141302282e-10, 9.97698243466e-11, 5.80015514784e-11, 7.37926317274e-11, 7.94108223623e-10, 7.23825333004e-10, 1.95438699946e-11, 4.40680998637e-11, 1.39650124797e-10, 1.61298363555e-10, 4.1876526552e-11, 2.53789045335e-10, 2.26532889669e-10, 1.96435645528e-11, 9.93738633048e-11, 1.277543904e-10, 1.84219584032e-11, 1.07954227155e-11, 4.11057429414e-12, 2.80779197635e-12, 3.58088168492e-12, 6.0028522951e-12, 6.9826861307e-12, 5.07764099864e-12, 2.97345134626e-12, 1.68549744474e-12, 1.23539069599e-12, 1.07798047832e-12, 5.04567958595e-13, 1.57898461016e-13],
        "var": [1.20570871331e-06, 2.44652937909e-06, 2.4597957804e-07, 2.80784945517e-07, 8.51494448284e-08, 2.17271818315e-07, 6.05420140687e-08, 2.46639615398e-07, 1.51225023615e-07, 2.01064793259e-07, 1.3010605926e-07, 6.34782750808e-08, 9.93416051642e-08, 7.85236693446e-08, 7.84220901551e-08, 8.52900967629e-08, 1.15288285585e-08, 6.14186035364e-09, 7.16985715243e-09, 6.68636923606e-09, 6.29495389148e-09, 1.01678265807e-08, 6.30930374612e-09, 6.48064601982e-10, 8.18082990239e-10, 4.71718719641e-10, 3.45068668084e-10, 2.01091324148e-10, 9.71735192312e-11, 5.2246925536e-11, 3.13749443093e-11, 1.3243472291e-11, 6.82813874886e-12, 5.65737170652e-12, 4.5670268782e-12, 3.80295187702e-12, 4.42826114319e-12, 1.75976063149e-12, 5.61080316323e-13, 3.53687280743e-14]
    },
    "mfcc": {
        "mean": [-699.856689453, 134.940139771, -1.8497787714, 30.2241268158, 8.23655033112, 9.91675758362, -0.753451526165, 15.8051347733, 0.636294007301, 10.9063463211, -3.26466464996, 9.69396018982, -1.26610124111],
        "cov": [[9933.41796875, -2201.82446289, -1841.35864258, 26.2082633972, -854.979309082, -203.513580322, -333.69442749, -65.9227600098, -207.705627441, 115.600585938, -117.30556488, 143.309127808, -322.476196289], [-2201.82446289, 1365.78613281, 224.234695435, -211.176345825, 225.7527771, 46.0923233032, 149.227966309, 75.5658798218, 107.398017883, -20.5932636261, 13.9705667496, -65.3023681641, 75.2384262085], [-1841.35864258, 224.234695435, 914.850219727, 19.1673336029, 109.622177124, 114.795082092, 47.3345870972, 15.2758579254, 9.46413135529, -30.3802890778, 15.9714746475, -14.8877296448, 62.7262039185], [26.2082633972, -211.176345825, 19.1673336029, 564.211547852, 115.240509033, -11.2790784836, -42.7464179993, -58.3440895081, -63.7659225464, 11.7068958282, 12.4228105545, 32.9231987, 28.7838802338], [-854.979309082, 225.7527771, 109.622177124, 115.240509033, 328.785522461, 62.4365196228, 54.6995735168, -2.38838863373, 51.155216217, 30.7184925079, 39.6820640564, 33.1744537354, 52.7634277344], [-203.513580322, 46.0923233032, 114.795082092, -11.2790784836, 62.4365196228, 198.012496948, 75.9615936279, 8.48278617859, 39.1158332825, 22.5573654175, 14.4255933762, 24.4358291626, -13.5162162781], [-333.69442749, 149.227966309, 47.3345870972, -42.7464179993, 54.6995735168, 75.9615936279, 192.554748535, 42.5880699158, 41.8100013733, 15.0673265457, 8.79327774048, 20.7167377472, -6.5283408165], [-65.9227600098, 75.5658798218, 15.2758579254, -58.3440895081, -2.38838863373, 8.48278617859, 42.5880699158, 158.303924561, 58.020488739, -5.90514326096, 21.7086448669, 2.23327040672, 9.97338199615], [-207.705627441, 107.398017883, 9.46413135529, -63.7659225464, 51.155216217, 39.1158332825, 41.8100013733, 58.020488739, 147.58152771, 36.7524986267, 14.2459459305, 4.57685232162, 2.26937055588], [115.600585938, -20.5932636261, -30.3802890778, 11.7068958282, 30.7184925079, 22.5573654175, 15.0673265457, -5.90514326096, 36.7524986267, 130.156509399, 37.6848144531, 20.3286781311, -2.4467458725], [-117.30556488, 13.9705667496, 15.9714746475, 12.4228105545, 39.6820640564, 14.4255933762, 8.79327774048, 21.7086448669, 14.2459459305, 37.6848144531, 132.824539185, 39.0499725342, 10.9600028992], [143.309127808, -65.3023681641, -14.8877296448, 32.9231987, 33.1744537354, 24.4358291626, 20.7167377472, 2.23327040672, 4.57685232162, 20.3286781311, 39.0499725342, 117.111793518, 17.1551589966], [-322.476196289, 75.2384262085, 62.7262039185, 28.7838802338, 52.7634277344, -13.5162162781, -6.5283408165, 9.97338199615, 2.26937055588, -2.4467458725, 10.9600028992, 17.1551589966, 107.60900116]],
