{
"lowlevel": {
    "average_loudness": 0.925458788872,
    "barkbands_crest": {
        "dmean": 1.92812788486,
        "dmean2": 3.01988840103,
        "dvar": 3.79723119736,
        "dvar2": 10.0448522568,
        "max": 24.8653831482,
        "mean": 10.9870100021,
        "median": 10.2842121124,
        "min": 3.43109226227,
        "var": 16.1787853241
    },
    "barkbands_flatness_db": {
        "dmean": 0.0179630126804,
        "dmean2": 0.0275726281106,
        "dvar": 0.000255027902313,
        "dvar2": 0.000600438099355,
        "max": 0.397263854742,
        "mean": 0.212049394846,
        "median": 0.210366770625,
        "min": 0.099549561739,
        "var": 0.00142896885518
    },
    "barkbands_kurtosis": {
        "dmean": 1.81911897659,
        "dmean2": 2.76909017563,
        "dvar": 10.3997755051,
        "dvar2": 21.2573318481,
        "max": 72.07472229,
        "mean": 3.51416897774,
        "median": 1.75046443939,
        "min": -1.88457643986,
        "var": 37.7431678772
    },
    "barkbands_skewness": {
        "dmean": 0.374546051025,
        "dmean2": 0.557856798172,
        "dvar": 0.181134358048,
        "dvar2": 0.363152980804,
        "max": 6.48185968399,
        "mean": 1.5027961731,
        "median": 1.38743948936,
        "min": -2.21809244156,
        "var": 1.11861884594
    },
    "barkbands_spread": {
        "dmean": 2.68432235718,
        "dmean2": 4.01783037186,
        "dvar": 16.9666023254,
        "dvar2": 30.4535980225,
        "max": 70.847869873,
        "mean": 15.0332050323,
        "median": 12.3019218445,
        "min": 0.611698865891,
        "var": 89.9948730469
    },
    "dissonance": {
        "dmean": 0.0204613395035,
        "dmean2": 0.0339028015733,
        "dvar": 0.000417514063884,
        "dvar2": 0.00114467856474,
        "max": 0.499974757433,
        "mean": 0.445071667433,
        "median": 0.451301068068,
        "min": 0.210707128048,
        "var": 0.00106703455094
    },
    "dynamic_complexity": 3.47037696838,
    "erbbands_crest": {
        "dmean": 2.057254076,
        "dmean2": 3.17987442017,
        "dvar": 3.93439817429,
        "dvar2": 9.52512073517,
        "max": 29.2451686859,
        "mean": 9.92686367035,
        "median": 9.11578083038,
        "min": 3.46838665009,
        "var": 15.6771879196
    },
    "erbbands_flatness_db": {
        "dmean": 0.0117257637903,
        "dmean2": 0.0157981757075,
        "dvar": 0.000139020863571,
        "dvar2": 0.000250997662079,
        "max": 0.375649482012,
        "mean": 0.244211420417,
        "median": 0.244536101818,
        "min": 0.136023133993,
        "var": 0.00112617888954
    },
    "erbbands_kurtosis": {
        "dmean": 0.560368001461,
        "dmean2": 0.851573586464,
        "dvar": 0.563282370567,
        "dvar2": 1.25542759895,
        "max": 11.9196662903,
        "mean": 0.155145987868,
        "median": -0.290335178375,
        "min": -1.82693076134,
        "var": 2.5268099308
    },
    "erbbands_skewness": {
        "dmean": 0.244713246822,
        "dmean2": 0.364375591278,
        "dvar": 0.0655314847827,
        "dvar2": 0.124072030187,
        "max": 2.98518228531,
        "mean": 0.300673604012,
        "median": 0.401003867388,
        "min": -2.79022526741,
        "var": 0.464679718018
    },
    "erbbands_spread": {
        "dmean": 4.58809995651,
        "dmean2": 6.82999801636,
        "dvar": 29.559677124,
        "dvar2": 61.8691711426,
        "max": 126.45401001,
        "mean": 31.7493743896,
        "median": 30.7962627411,
        "min": 3.83383226395,
        "var": 190.286773682
    },
    "hfc": {
        "dmean": 2.69775795937,
        "dmean2": 3.65961718559,
        "dvar": 14.5603895187,
        "dvar2": 24.267080307,
        "max": 83.7340011597,
        "mean": 15.1880369186,
        "median": 12.1459350586,
        "min": 0.000184635893675,
        "var": 169.456695557
    },
    "melbands_crest": {
        "dmean": 2.31884908676,
        "dmean2": 3.68477916718,
        "dvar": 5.50402927399,
        "dvar2": 15.4028949738,
        "max": 30.7235202789,
        "mean": 13.6818151474,
        "median": 13.0130853653,
        "min": 4.31441450119,
        "var": 21.278465271
    },
    "melbands_flatness_db": {
        "dmean": 0.0184423197061,
        "dmean2": 0.0265386588871,
        "dvar": 0.000382171216188,
        "dvar2": 0.000738172908314,
        "max": 0.485666662455,
        "mean": 0.233846709132,
        "median": 0.234892696142,
        "min": 0.0514422617853,
        "var": 0.00299950269982
    },
    "melbands_kurtosis": {
        "dmean": 3.39714956284,
        "dmean2": 5.11446475983,
        "dvar": 31.4766750336,
        "dvar2": 68.808265686,
        "max": 90.2828521729,
        "mean": 8.40714931488,
        "median": 5.31912231445,
        "min": -1.74754738808,
        "var": 105.372024536
    },
    "melbands_skewness": {
        "dmean": 0.449191600084,
        "dmean2": 0.669245898724,
        "dvar": 0.249710306525,
        "dvar2": 0.537745654583,
        "max": 8.53774547577,
        "mean": 2.20336890221,
        "median": 2.05785131454,
        "min": -1.12424051762,
        "var": 1.59758424759
    },
    "melbands_spread": {
        "dmean": 4.13710260391,
        "dmean2": 6.11137342453,
        "dvar": 64.9074325562,
        "dvar2": 108.984474182,
        "max": 198.351135254,
        "mean": 19.8406085968,
        "median": 16.052110672,
        "min": 0.96912509203,
        "var": 260.623535156
    },
    "pitch_salience": {
        "dmean": 0.0539206489921,
        "dmean2": 0.085262387991,
        "dvar": 0.00268043158576,
        "dvar2": 0.00662674242631,
        "max": 0.798611104488,
        "mean": 0.557777583599,
        "median": 0.56533908844,
        "min": 0.158456683159,
        "var": 0.0113590359688
    },
    "silence_rate_20dB": {
        "dmean": 0,
        "dmean2": 0,
        "dvar": 0,
        "dvar2": 0,
        "max": 1,
        "mean": 1,
        "median": 1,
        "min": 1,
        "var": 0
    },
    "silence_rate_30dB": {
        "dmean": 0,
        "dmean2": 0,
        "dvar": 0,
        "dvar2": 0,
        "max": 1,
        "mean": 1,
        "median": 1,
        "min": 1,
        "var": 0
    },
    "silence_rate_60dB": {
        "dmean": 0.0232378002256,
        "dmean2": 0.0464936085045,
        "dvar": 0.0226987525821,
        "dvar2": 0.048979960382,
        "max": 1,
        "mean": 0.10685249418,
        "median": 0,
        "min": 0,
        "var": 0.0954358950257
    },
    "spectral_centroid": {
        "dmean": 166.812820435,
        "dmean2": 246.460968018,
        "dvar": 47961.7734375,
        "dvar2": 85639.5859375,
        "max": 4240.09863281,
        "mean": 1127.96130371,
        "median": 981.921325684,
        "min": 225.11781311,
        "var": 347631.21875
    },
    "spectral_complexity": {
        "dmean": 1.97676217556,
        "dmean2": 3.0759396553,
        "dvar": 3.80425405502,
        "dvar2": 7.63924789429,
        "max": 39,
        "mean": 15.3708868027,
        "median": 15,
        "min": 0,
        "var": 35.8145332336
    },
    "spectral_decrease": {
        "dmean": 1.05543584983e-09,
        "dmean2": 1.51919676838e-09,
        "dvar": 2.50774361074e-18,
        "dvar2": 5.3202524056e-18,
        "max": -1.27425888309e-13,
        "mean": -4.98413266214e-09,
        "median": -4.42278791368e-09,
        "min": -2.6427708022e-08,
        "var": 1.42366534991e-17
    },
    "spectral_energy": {
        "dmean": 0.00417210161686,
        "dmean2": 0.00598905654624,
        "dvar": 3.81724021281e-05,
        "dvar2": 7.99420740805e-05,
        "max": 0.103130675852,
        "mean": 0.0201888419688,
        "median": 0.0178471058607,
        "min": 4.97679423006e-07,
        "var": 0.000229179218877
    },
    "spectral_energyband_high": {
        "dmean": 6.58026037854e-05,
        "dmean2": 9.14518532227e-05,
        "dvar": 6.91216115456e-08,
        "dvar2": 1.13008923108e-07,
        "max": 0.00565408542752,
        "mean": 0.000171974112163,
        "median": 4.75942360936e-05,
        "min": 6.55778931158e-10,
        "var": 1.87537608554e-07
    },
    "spectral_energyband_low": {
        "dmean": 0.000312338699587,
        "dmean2": 0.000487933546538,
        "dvar": 2.77679959027e-07,
        "dvar2": 6.71632449212e-07,
        "max": 0.00848290137947,
        "mean": 0.000596523517743,
        "median": 0.000306755799102,
        "min": 6.02450622722e-09,
        "var": 6.00538214712e-07
    },
    "spectral_energyband_middle_high": {
        "dmean": 0.00111809326336,
        "dmean2": 0.00154329801444,
        "dvar": 4.11925111621e-06,
        "dvar2": 7.30608871891e-06,
        "max": 0.0605485476553,
        "mean": 0.00519631803036,
        "median": 0.00292537570931,
        "min": 2.34505357355e-08,
        "var": 4.23865676566e-05
    },
    "spectral_energyband_middle_low": {
        "dmean": 0.00375333195552,
        "dmean2": 0.00551226735115,
        "dvar": 3.44548388966e-05,
        "dvar2": 7.8025215771e-05,
        "max": 0.0953009948134,
        "mean": 0.0145850628614,
        "median": 0.0121571561322,
        "min": 4.69423667937e-07,
        "var": 0.000144765217556
    },
    "spectral_entropy": {
        "dmean": 0.127796068788,
        "dmean2": 0.175329685211,
        "dvar": 0.0195293538272,
        "dvar2": 0.0312827937305,
        "max": 8.2751865387,
        "mean": 6.85772800446,
        "median": 6.84418869019,
        "min": 5.21665525436,
        "var": 0.121217086911
    },
    "spectral_flux": {
        "dmean": 0.0144365914166,
        "dmean2": 0.0226011518389,
        "dvar": 0.000267988216365,
        "dvar2": 0.000605500827078,
        "max": 0.242841258645,
        "mean": 0.04885398224,
        "median": 0.0419006384909,
        "min": 0.000705463986378,
        "var": 0.000947488646489
    },
    "spectral_kurtosis": {
        "dmean": 3.69607877731,
        "dmean2": 6.32108640671,
        "dvar": 15.2995405197,
        "dvar2": 41.6936340332,
        "max": 59.1787338257,
        "mean": 7.4150800705,
        "median": 5.89026069641,
        "min": -0.755533218384,
        "var": 36.8136558533
    },
    "spectral_rms": {
        "dmean": 0.000438290444436,
        "dmean2": 0.000616341771092,
        "dvar": 2.86532866767e-07,
        "dvar2": 5.51127868675e-07,
        "max": 0.010030717589,
        "mean": 0.00408447347581,
        "median": 0.00417274609208,
        "min": 2.2034992071e-05,
        "var": 3.01345744447e-06
    },
    "spectral_rolloff": {
        "dmean": 270.976196289,
        "dmean2": 440.968902588,
        "dvar": 332798.625,
        "dvar2": 635955.875,
        "max": 9366.94335938,
        "mean": 1302.73999023,
        "median": 1012.06054688,
        "min": 215.33203125,
        "var": 1076327
    },
    "spectral_skewness": {
        "dmean": 0.349083513021,
        "dmean2": 0.577835381031,
        "dvar": 0.104029521346,
        "dvar2": 0.27248826623,
        "max": 6.30887269974,
        "mean": 1.74573290348,
        "median": 1.63485789299,
        "min": 0.103024959564,
        "var": 0.437482565641
    },
    "spectral_spread": {
        "dmean": 269333.65625,
        "dmean2": 385255.4375,
        "dvar": 169281798144,
        "dvar2": 220323676160,
        "max": 17036862,
        "mean": 2849822.25,
        "median": 2689850.5,
        "min": 1225389.5,
        "var": 655349055488
    },
    "spectral_strongpeak": {
        "dmean": 0.494358748198,
        "dmean2": 0.842110335827,
        "dvar": 1.03149700165,
        "dvar2": 2.47042894363,
        "max": 16.1145935059,
        "mean": 1.28785181046,
        "median": 0.73227763176,
        "min": 0.00271909940057,
        "var": 2.44219708443
    },
    "zerocrossingrate": {
        "dmean": 0.00577427586541,
        "dmean2": 0.00667324010283,
        "dvar": 8.84998953552e-05,
        "dvar2": 8.52444427437e-05,
        "max": 0.27880859375,
        "mean": 0.0458755642176,
        "median": 0.04052734375,
        "min": 0.0087890625,
        "var": 0.000629972026218
    },
    "barkbands": {
        "dmean": [5.44426166016e-06, 6.90070664859e-05, 0.000172558022314, 0.000778246554546, 0.00238060648553, 0.000625596672762, 0.00056656380184, 0.00047328817891, 0.000683802703861, 0.000395439652493, 0.000247864692938, 0.000396147719584, 0.000214393934584, 0.000117942785437, 0.000147908562212, 0.000141699856613, 0.000144866644405, 5.28322561877e-05, 0.000223010414629, 3.63542494597e-05, 1.70012917806e-05, 1.49257402882e-05, 1.29645832203e-05, 1.45645362863e-05, 4.21660251959e-06, 3.59814023021e-09, 7.49685369339e-10],
        "dmean2": [9.47352145886e-06, 0.000108670326881, 0.000279040832538, 0.00123701558914, 0.00362160801888, 0.000960843113717, 0.000846095092129, 0.000668301596306, 0.000955651514232, 0.000542857975233, 0.000365583051462, 0.00056463299552, 0.000309952185489, 0.000176420042408, 0.000214689367567, 0.000219269990339, 0.000223335649935, 8.37606785353e-05, 0.000342212268151, 5.63213216083e-05, 2.37152853515e-05, 2.13970379264e-05, 1.84260479728e-05, 2.16255575651e-05, 6.35191008769e-06, 5.92826054913e-09, 1.37536937395e-09],
        "dvar": [1.47175979737e-10, 2.18014264419e-08, 1.12326389967e-07, 2.36536811826e-06, 1.66890404216e-05, 1.45911030813e-06, 2.57728129327e-06, 1.29622526401e-06, 2.84663929051e-06, 1.56798523676e-06, 6.33201466371e-07, 1.46067441165e-06, 5.25586528966e-07, 8.01823603069e-08, 1.02118704604e-07, 9.27210024315e-08, 2.1857557897e-07, 8.69319372043e-09, 1.67957182384e-07, 5.85955373111e-09, 3.8085037346e-09, 4.38758362975e-09, 5.01028019073e-09, 3.78680375945e-09, 8.87167006525e-10, 6.27358234637e-16, 1.40742868371e-18],
        "dvar2": [3.98159977211e-10, 4.90090421579e-08, 2.8349992931e-07, 6.16234228801e-06, 4.17362898588e-05, 3.24903157889e-06, 5.34888522452e-06, 2.44143689088e-06, 6.39417521597e-06, 3.51247967956e-06, 1.04521802768e-06, 2.83522854261e-06, 1.02561580206e-06, 1.92260202425e-07, 2.07308289646e-07, 2.21838874381e-07, 5.26474195794e-07, 2.0203982487e-08, 4.29052562367e-07, 1.36798812278e-08, 6.56832011003e-09, 8.20447176864e-09, 1.01743111713e-08, 7.20360837647e-09, 2.03905603513e-09, 1.66418214861e-15, 4.26181939074e-18],
        "max": [0.000218322180444, 0.00222433148883, 0.00577229820192, 0.0193538405001, 0.0637414604425, 0.0261966418475, 0.0307826083153, 0.0347521454096, 0.0448518246412, 0.0447808504105, 0.0370564647019, 0.0430284105241, 0.0253698546439, 0.0082045821473, 0.00895767565817, 0.0068962587975, 0.0133242132142, 0.00226590549573, 0.00789285358042, 0.00132176547777, 0.00152353383601, 0.00170559098478, 0.00187522347551, 0.00142667244654, 0.000766864512116, 7.25468623841e-07, 1.71588627751e-08],
        "mean": [4.99308362123e-06, 9.9930432043e-05, 0.0003192165168, 0.00110784627032, 0.00660443585366, 0.00175616203342, 0.00148610561155, 0.00146248587407, 0.00168109522201, 0.00109640613664, 0.000597951584496, 0.00107324076816, 0.000453693617601, 0.000230635429034, 0.000411930814153, 0.000375092204195, 0.000389186665416, 0.000125136080896, 0.000695429567713, 9.29503075895e-05, 3.1505314837e-05, 2.93647171929e-05, 2.32745660469e-05, 3.47692985088e-05, 6.01753845331e-06, 4.41770087178e-09, 5.96264204678e-10],
        "median": [1.26261761579e-06, 3.5771925468e-05, 0.000140339747304, 0.000459603266791, 0.0041899131611, 0.00106560997665, 0.000410788401496, 0.000492659164593, 0.000642911822069, 0.000209166464629, 0.000212069353438, 0.000145539524965, 9.86466475297e-05, 9.57103184192e-05, 0.000118359072076, 0.000119027703477, 0.000115147442557, 7.45252837078e-05, 0.00018718589854, 3.1669082091e-05, 7.43372220313e-06, 6.69450855639e-06, 3.94374183088e-06, 5.06974674863e-06, 6.36272602605e-07, 9.44100242428e-10, 1.86505241806e-10],
        "min": [1.37920397325e-10, 2.21880025464e-09, 2.50865728191e-09, 7.81611397827e-09, 3.76399100332e-07, 6.36114236841e-08, 8.44913827791e-09, 6.7399170689e-09, 4.44159820034e-09, 2.21726970118e-09, 1.34650346428e-10, 1.39408568023e-10, 3.49888257256e-10, 3.07286063261e-09, 4.77354733519e-09, 6.61811672131e-09, 2.74606559714e-09, 5.24548127157e-10, 4.06090716609e-09, 2.26177881979e-10, 7.33209257198e-11, 1.13634032739e-10, 8.55070458883e-11, 2.10188394467e-10, 4.46917372901e-12, 3.66784250541e-12, 3.58489279928e-12],
        "var": [1.26539098644e-10, 3.63582124407e-08, 2.21614541829e-07, 3.42936550624e-06, 5.67108836549e-05, 5.5612504184e-06, 9.19042850001e-06, 8.81900541572e-06, 8.90570481715e-06, 8.08257027529e-06, 2.30358682529e-06, 1.05539820652e-05, 1.94852350432e-06, 1.72659838427e-07, 6.48860350339e-07, 4.60899713062e-07, 1.39791325182e-06, 2.99057987263e-08, 1.2650921235e-06, 2.49316141065e-08, 9.7775396668e-09, 9.0911989048e-09, 9.08722697091e-09, 8.57678106314e-09, 1.05154662755e-09, 5.35142022367e-16, 1.12589507389e-18]
    },
    "erbbands": {
        "dmean": [0.00044978610822, 0.0221322793514, 0.174755141139, 1.07441794872, 8.61689376831, 5.89058208466, 4.74195623398, 5.21060562134, 7.62363767624, 8.64025592804, 11.5181884766, 15.9976081848, 13.0440206528, 9.48160076141, 11.3201036453, 16.7184104919, 9.01604747772, 7.11653327942, 7.38874578476, 6.27053546906, 9.43750476837, 5.3988070488, 2.49520277977, 7.07799053192, 10.7628107071, 1.80954027176, 0.829423248768, 0.621541321278, 0.505051195621, 0.478772997856, 0.376113206148, 0.270402818918, 0.281039565802, 0.0900418907404, 0.00352423870936, 0.000166836180142, 1.28558758661e-05, 2.30297860071e-06, 2.34922595155e-06, 4.81598181068e-06],
        "dmean2": [0.000711578060873, 0.0346667729318, 0.275347679853, 1.70446288586, 12.9519395828, 9.29904270172, 7.37981271744, 8.17993164062, 11.4422121048, 12.7377271652, 15.8284339905, 22.5826320648, 17.0280704498, 14.1649951935, 16.29529953, 23.5132789612, 13.1099777222, 10.2199611664, 10.7960834503, 9.2928609848, 14.663479805, 8.11986351013, 3.76484942436, 10.6358175278, 16.9690246582, 2.8033413887, 1.20694184303, 0.872701525688, 0.708808004856, 0.715351462364, 0.531917095184, 0.380891948938, 0.416783750057, 0.136619731784, 0.00506614334881, 0.000239359593252, 1.85263179446e-05, 3.31224532601e-06, 3.34654464496e-06, 6.90165688866e-06],
        "dvar": [7.72859038989e-07, 0.00225774710998, 0.12151209265, 4.02827739716, 286.121948242, 97.2768096924, 64.7866592407, 123.677406311, 368.808959961, 770.010131836, 871.312561035, 2265.43408203, 858.905334473, 1396.42626953, 959.758789062, 2804.46020508, 963.108032227, 317.213439941, 362.229980469, 137.016769409, 486.045715332, 221.96812439, 17.887348175, 150.602416992, 528.485107422, 13.840924263, 6.16498088837, 8.11497974396, 5.98263835907, 5.15455007553, 4.2599568367, 1.30559897423, 1.58939838409, 0.404063135386, 0.000607902533375, 1.26221652863e-06, 5.26429833059e-09, 1.10278480792e-10, 1.40174495275e-11, 4.80795819824e-11],
        "dvar2": [1.7875551066e-06, 0.00505479704589, 0.28706496954, 10.1830787659, 662.348205566, 247.957336426, 152.054260254, 288.352111816, 853.67376709, 1445.58239746, 1618.87353516, 5340.2109375, 1545.12646484, 3720.35986328, 1627.75219727, 4951.11083984, 1954.85339355, 587.468017578, 760.594848633, 297.833892822, 1230.91174316, 512.053100586, 39.2204971313, 333.157012939, 1443.7824707, 32.9565010071, 11.0185041428, 15.2750921249, 11.1016597748, 11.7021446228, 8.18470859528, 2.15838742256, 3.4140856266, 0.942006707191, 0.00132584199309, 2.72193710771e-06, 1.1252809351e-08, 2.27201202296e-10, 2.77688271683e-11, 9.85550668853e-11],
        "max": [0.0120541239157, 0.748484313488, 5.7086725235, 25.2646942139, 264.780914307, 200.777709961, 154.728469849, 247.454284668, 456.235992432, 638.076904297, 960.110534668, 1401.50231934, 905.497558594, 1286.31958008, 1255.54980469, 2150.79101562, 1272.98010254, 364.451873779, 521.633056641, 275.229217529, 531.158447266, 438.53805542, 129.712921143, 278.440948486, 454.112915039, 63.5274009705, 61.3726997375, 71.8116989136, 73.6041183472, 69.900177002, 53.2773475647, 25.9294223785, 28.6686916351, 16.8833141327, 0.706904470921, 0.0319214090705, 0.00190665980335, 0.000253771984717, 5.84584558965e-05, 0.000117579336802],
        "mean": [0.00073994154809, 0.0349993593991, 0.331811249256, 1.94450044632, 19.0051231384, 18.3991413116, 13.2732439041, 13.5295028687, 20.3153533936, 24.0836181641, 37.0671005249, 38.8772544861, 40.2988929749, 26.886756897, 28.5638771057, 48.1713066101, 22.1887989044, 17.0417747498, 21.6489257812, 17.7974185944, 26.3085975647, 14.9499979019, 6.95471429825, 21.3334369659, 32.7474441528, 5.37137079239, 2.04211044312, 1.05387759209, 0.971379876137, 0.941788673401, 0.690952241421, 0.620990514755, 0.605459570885, 0.146405845881, 0.00505942013115, 0.000269925541943, 3.13075688609e-05, 6.81304618411e-06, 1.17115578178e-05, 2.40227745962e-05],
        "median": [0.000358586345101, 0.0134685151279, 0.161868751049, 1.06466758251, 9.4740190506, 9.36698532104, 7.67900419235, 7.5565366745, 7.11803531647, 7.40193557739, 13.1223449707, 17.5046081543, 12.4189500809, 6.22802019119, 12.1694583893, 7.21535301208, 5.57441139221, 5.44154024124, 4.92246246338, 7.38212633133, 10.1493902206, 6.0358748436, 4.69554328918, 8.21421051025, 7.81707859039, 1.91483008862, 0.602414250374, 0.243652924895, 0.225694313645, 0.20271807909, 0.109515592456, 0.0733289718628, 0.0957629606128, 0.0204630922526, 0.000624909880571, 5.1060662372e-05, 1.35396076075e-05, 3.41546819982e-06, 1.07130017568e-05, 2.19578796532e-05],
        "min": [4.04232984863e-08, 6.07008871611e-07, 2.96782673104e-06, 1.45132880789e-05, 0.000201923059649, 0.00152653618716, 0.00198524491861, 0.000200038659386, 4.5294265874e-05, 0.000273186393315, 7.28564555175e-05, 6.93293113727e-05, 0.000158812239533, 1.24922689793e-05, 7.57393945605e-06, 6.76825266055e-06, 2.68096628133e-05, 0.000174200613401, 0.000169666091097, 0.000348539149854, 0.000308536866214, 0.00010640736582, 3.63133549399e-05, 0.000125501392176, 0.00015432498185, 1.37996594276e-05, 9.04479838937e-06, 2.02564751817e-06, 3.69583358406e-06, 3.30985949404e-06, 3.12895599563e-06, 2.81317693407e-06, 4.2797119022e-06, 2.61010058011e-07, 2.63635975273e-08, 1.10165085943e-08, 7.80980879966e-09, 2.22556595375e-09, 7.2148503838e-10, 6.2376886989e-10],
        "var": [1.29680859118e-06, 0.00392928905785, 0.246525704861, 7.1967921257, 750.791687012, 599.543334961, 260.869415283, 414.564697266, 1380.21887207, 3593.98266602, 5405.99707031, 5019.88867188, 6442.42089844, 5582.63818359, 3402.43603516, 24211.9140625, 3425.06616211, 1275.34887695, 2215.55932617, 913.986450195, 2708.4362793, 1343.93811035, 75.6215209961, 859.445922852, 3968.10131836, 71.8407440186, 20.5944252014, 16.8726444244, 11.831530571, 9.33512878418, 7.83525466919, 3.41643309593, 2.85090446472, 0.479159295559, 0.000778855173849, 1.67455118572e-06, 7.85143239312e-09, 1.99948294033e-10, 7.73110048202e-11, 3.1300406711e-10]
    },
    "gfcc": {
        "mean": [-74.2978210449, 150.764144897, -172.125640869, 29.3470172882, -76.6030273438, -13.9575500488, -42.9856376648, -15.7561130524, -18.3225059509, -37.75233078, 2.22923803329, -30.7900085449, -0.00554827135056],
        "cov": [[5190.04589844, -1166.60046387, -503.535980225, 108.517478943, -314.710266113, 297.272979736, -316.233459473, 407.406311035, -179.305160522, 51.7068901062, 226.712142944, -150.552062988, -25.4423561096], [-1166.60046387, 1053.08056641, 93.3494644165, -253.271057129, 285.078094482, -214.671936035, 341.247711182, -213.384048462, 71.5213851929, -113.151565552, -97.4836883545, 44.4264755249, -59.2981414795], [-503.535980225, 93.3494644165, 392.225067139, 96.4260635376, -64.0748062134, 67.185585022, 10.3216199875, -42.1054725647, -12.0290241241, 15.5475606918, -31.0682163239, -5.8230509758, -17.8831386566], [108.517478943, -253.271057129, 96.4260635376, 458.404144287, -15.0526771545, -39.1147041321, -70.8648681641, -36.6672058105, 68.7861938477, 55.586517334, -59.2361907959, 7.65182733536, 17.6032752991], [-314.710266113, 285.078094482, -64.0748062134, -15.0526771545, 201.604278564, -97.7894592285, 68.8627853394, -62.0313224792, 41.8764152527, -34.2077789307, -40.3066558838, 20.1521701813, 6.73055934906], [297.272979736, -214.671936035, 67.185585022, -39.1147041321, -97.7894592285, 236.137084961, -39.1162147522, 77.8427200317, -47.5480651855, 41.4642295837, 54.7950363159, -23.2532901764, 11.9142694473], [-316.233459473, 341.247711182, 10.3216199875, -70.8648681641, 68.8627853394, -39.1162147522, 242.590576172, -68.8235702515, -4.49095726013, -47.9804534912, -50.0497131348, 33.4286499023, -27.0199661255], [407.406311035, -213.384048462, -42.1054725647, -36.6672058105, -62.0313224792, 77.8427200317, -68.8235702515, 165.363983154, -32.4222869873, 10.537229538, 60.881729126, -29.2097301483, 9.3977804184], [-179.305160522, 71.5213851929, -12.0290241241, 68.7861938477, 41.8764152527, -47.5480651855, -4.49095726013, -32.4222869873, 133.947479248, 47.7221717834, -33.5690803528, 16.426027298, 8.29905700684], [51.7068901062, -113.151565552, 15.5475606918, 55.586517334, -34.2077789307, 41.4642295837, -47.9804534912, 10.537229538, 47.7221717834, 105.149208069, 19.480260849, -14.6934671402, 11.4038305283], [226.712142944, -97.4836883545, -31.0682163239, -59.2361907959, -40.3066558838, 54.7950363159, -50.0497131348, 60.881729126, -33.5690803528, 19.480260849, 103.228988647, -3.2076625824, -10.201002121], [-150.552062988, 44.4264755249, -5.8230509758, 7.65182733536, 20.1521701813, -23.2532901764, 33.4286499023, -29.2097301483, 16.426027298, -14.6934671402, -3.2076625824, 77.804649353, 16.7387924194], [-25.4423561096, -59.2981414795, -17.8831386566, 17.6032752991, 6.73055934906, 11.9142694473, -27.0199661255, 9.3977804184, 8.29905700684, 11.4038305283, -10.201002121, 16.7387924194, 74.2523651123]],
        "icov": [[0.000357862445526, -0.00011523853027, 0.000695905531757, -0.000408158550272, 0.000422660930781, -0.000403489451855, 0.000189570855582, -0.000396219576942, 0.00033859803807, 0.0001006182938, -8.4150058683e-05, 0.000266374554485, 0.000315612473059], [-0.00011523853027, 0.0109248869121, -0.00664959661663, 0.00648561725393, -0.008929297328, 0.00529936794192, -0.00935264397413, 0.00518578058109, -0.00773395504802, 0.00465113343671, -0.00486276904121, 0.00459940172732, -0.000109381471702], [0.000695905531757, -0.00664959661663, 0.0085268439725, -0.00520195951685, 0.00689407205209, -0.00520909484476, 0.00577590288594, -0.00253109727055, 0.00558943394572, -0.00259906123392, 0.00392562011257, -0.00235419371165, 0.00169249635655], [-0.000408158550272, 0.00648561725393, -0.00520195951685, 0.00725877378136, -0.00545413140208, 0.00411222036928, -0.00439173076302, 0.00324187800288, -0.00504793599248, 0.000978792086244, -0.000523772556335, 0.00139572215267, -8.07412652648e-05], [0.000422660930781, -0.008929297328, 0.00689407205209, -0.00545413140208, 0.0154951382428, -0.00302082602866, 0.0061491150409, -0.00283104670234, 0.00391340628266, -0.00111028656829, 0.00313539337367, -0.0021934225224, -0.00169827975333], [-0.000403489451855, 0.00529936794192, -0.00520909484476, 0.00411222036928, -0.00302082602866, 0.0102468701079, -0.00538639025763, 0.000780488713644, -0.00217179791071, -0.000793610292021, -0.00371148809791, 0.00249574892223, -0.00227273954079], [0.000189570855582, -0.00935264397413, 0.00577590288594, -0.00439173076302, 0.0061491150409, -0.00538639025763, 0.0147486748174, -0.00368166179396, 0.00783115439117, -0.00389159237966, 0.00796593818814, -0.00718535808846, 0.00360456551425], [-0.000396219576942, 0.00518578058109, -0.00253109727055, 0.00324187800288, -0.00283104670234, 0.000780488713644, -0.00368166179396, 0.0131755145267, -0.00483584078029, 0.00469351839274, -0.00675388565287, 0.00544347288087, -0.00258380151354], [0.00033859803807, -0.00773395504802, 0.00558943394572, -0.00504793599248, 0.00391340628266, -0.00217179791071, 0.00783115439117, -0.00483584078029, 0.0195811670274, -0.0122937466949, 0.00877306982875, -0.00749559048563, 0.00253263115883], [0.0001006182938, 0.00465113343671, -0.00259906123392, 0.000978792086244, -0.00111028656829, -0.000793610292021, -0.00389159237966, 0.00469351839274, -0.0122937466949, 0.0207001492381, -0.00874070636928, 0.00765641173348, -0.00362324551679], [-8.4150058683e-05, -0.00486276904121, 0.00392562011257, -0.000523772556335, 0.00313539337367, -0.00371148809791, 0.00796593818814, -0.00675388565287, 0.00877306982875, -0.00874070636928, 0.0220806598663, -0.00893987435848, 0.00663295900449], [0.000266374554485, 0.00459940172732, -0.00235419371165, 0.00139572215267, -0.0021934225224, 0.00249574892223, -0.00718535808846, 0.00544347288087, -0.00749559048563, 0.00765641173348, -0.00893987435848, 0.0210272446275, -0.00694531016052], [0.000315612473059, -0.000109381471702, 0.00169249635655, -8.07412652648e-05, -0.00169827975333, -0.00227273954079, 0.00360456551425, -0.00258380151354, 0.00253263115883, -0.00362324551679, 0.00663295900449, -0.00694531016052, 0.0188227985054]]
    },
    "melbands": {
        "dmean": [1.06908846647e-05, 6.80166122038e-05, 0.000421193253715, 0.000567065086216, 0.000173400825588, 0.000121200311696, 0.000117480594781, 9.15030832402e-05, 9.98280738713e-05, 9.90923654172e-05, 6.59968791297e-05, 4.05994833272e-05, 3.84544146073e-05, 4.19252210122e-05, 3.24915381498e-05, 1.98507004825e-05, 1.30294120027e-05, 1.23815552797e-05, 8.4225248429e-06, 9.26416669245e-06, 1.2996472833e-05, 6.9701927714e-06, 3.12227439281e-06, 2.91169408229e-06, 6.26122891845e-06, 1.08345502667e-05, 2.86217959911e-06, 1.19993637782e-06, 6.83627149556e-07, 3.42959225463e-07, 3.81538967531e-07, 2.87191340931e-07, 3.43140442283e-07, 2.48808930792e-07, 2.47990868729e-07, 1.67573787735e-07, 1.83534780263e-07, 2.19115207756e-07, 1.72504059037e-07, 4.57547173482e-08],
        "dmean2": [1.68686692632e-05, 0.000108071675641, 0.000649060821161, 0.000868088158313, 0.000270171556622, 0.000187350946362, 0.000177083304152, 0.000135316382512, 0.000137228271342, 0.000140218355227, 8.53774836287e-05, 6.05490531598e-05, 5.55065671506e-05, 5.95832425461e-05, 4.74687876704e-05, 2.85467885988e-05, 1.875799353e-05, 1.83525444299e-05, 1.22131368698e-05, 1.40777929118e-05, 2.03206072911e-05, 1.06526740637e-05, 4.75194701721e-06, 4.60722640128e-06, 9.44913244894e-06, 1.69156373886e-05, 4.55674808109e-06, 1.85165060884e-06, 1.02696958493e-06, 4.82536734125e-07, 5.48798936961e-07, 4.05565145911e-07, 5.20994944964e-07, 3.75891431759e-07, 3.5388922015e-07, 2.42247637061e-07, 2.65965951485e-07, 3.31976508505e-07, 2.65483464545e-07, 6.89984887003e-08],
        "dvar": [4.94128016282e-10, 1.90978912684e-08, 6.79241281887e-07, 1.09113148028e-06, 7.95499204287e-08, 6.82963872123e-08, 8.64479972051e-08, 6.77004265981e-08, 6.03349548101e-08, 8.12033675857e-08, 2.22064429067e-08, 2.92748936204e-08, 1.55032910953e-08, 1.61603761484e-08, 1.11833289296e-08, 4.17109946582e-09, 9.60200585709e-10, 1.04073205609e-09, 2.75776707026e-10, 3.55509455208e-10, 1.13390119516e-09, 4.66497840357e-10, 4.19600153234e-11, 3.32559396687e-11, 1.32066926839e-10, 5.3097637398e-10, 3.26659983785e-11, 7.66282523545e-12, 3.66129349061e-12, 1.86559838758e-12, 3.48846385806e-12, 2.12369943679e-12, 1.80071691065e-12, 1.83096940387e-12, 1.70542573119e-12, 8.73968486557e-13, 4.89121438664e-13, 7.50989331486e-13, 1.21458919311e-12, 1.16368747321e-13],
        "dvar2": [1.1137234468e-09, 4.49551471604e-08, 1.57201498041e-06, 2.80782091977e-06, 1.91605522559e-07, 1.53029432681e-07, 1.97479693043e-07, 1.31038618179e-07, 1.12371616012e-07, 1.93402428295e-07, 3.93898353934e-08, 7.6639686597e-08, 2.47919409446e-08, 3.039758667e-08, 2.20346336732e-08, 8.37745517401e-09, 1.81220327633e-09, 2.29161489784e-09, 5.90703042036e-10, 7.33806626574e-10, 2.90505330902e-09, 1.10043252288e-09, 9.10505698615e-11, 7.40912539654e-11, 2.8935992491e-10, 1.39713718372e-09, 8.7441720531e-11, 1.87992711675e-11, 7.28564084063e-12, 3.22477049404e-12, 7.08564110163e-12, 3.96235648459e-12, 3.91473832517e-12, 4.52040314902e-12, 3.31262361292e-12, 1.65702759673e-12, 8.95409018199e-13, 1.65061735981e-12, 2.87447995094e-12, 2.68068607676e-13],
        "max": [0.000324811669998, 0.0022830888629, 0.0129528781399, 0.0161842275411, 0.00474919052795, 0.00620194431394, 0.00587918795645, 0.00569491600618, 0.00757377874106, 0.0083523625508, 0.00436767237261, 0.00614437786862, 0.00579362409189, 0.00514620402828, 0.00252675358206, 0.0016443436034, 0.000586953829043, 0.000732432003133, 0.000417283328716, 0.000634566880763, 0.000890724593773, 0.000691511726473, 0.000169086750248, 0.000152247856022, 0.00028525214293, 0.000467084493721, 0.0001053142405, 5.1757437177e-05, 3.79008997697e-05, 3.03359029203e-05, 4.88458645123e-05, 4.49714971182e-05, 3.50671907654e-05, 4.55151202914e-05, 3.11720505124e-05, 1.96610671992e-05, 1.83842221304e-05, 2.07020311791e-05, 3.086759898e-05, 1.02370186141e-05],
        "mean": [1.57284794113e-05, 0.000123774036183, 0.00081114412751, 0.00152405933477, 0.000504937022924, 0.000322123494698, 0.000314037984936, 0.000258282059804, 0.00030614194111, 0.000240097433561, 0.000198889902094, 0.000108119202196, 9.22472245293e-05, 0.000111163943075, 9.16760545806e-05, 4.18405943492e-05, 2.81976754195e-05, 3.31670926244e-05, 2.25349376706e-05, 2.67019840976e-05, 3.3735515899e-05, 1.89332840819e-05, 6.44704186925e-06, 6.77376601743e-06, 1.67710968526e-05, 3.24822613038e-05, 8.10472101875e-06, 2.74763465313e-06, 1.59129763233e-06, 6.16520082986e-07, 5.80296784847e-07, 5.04654451561e-07, 6.56288364098e-07, 4.50801991292e-07, 4.39631321569e-07, 2.8213523251e-07, 4.24395409482e-07, 4.65244539782e-07, 2.99932423786e-07, 5.92690270196e-08],
        "median": [6.11780706095e-06, 5.90334930166e-05, 0.00038875581231, 0.000884157489054, 0.000319670012686, 0.000183573138202, 0.000105830738903, 8.35020036902e-05, 0.000102416903246, 9.5624520327e-05, 5.61653141631e-05, 1.89991878869e-05, 3.51147609763e-05, 2.24586219701e-05, 1.30055059344e-05, 9.59830504144e-06, 8.79779236129e-06, 7.60132843425e-06, 8.00598172646e-06, 9.72159614321e-06, 1.1437716239e-05, 5.59397494726e-06, 3.76682487513e-06, 3.55622364623e-06, 6.35019614492e-06, 6.70007966619e-06, 2.29690931519e-06, 9.11331426323e-07, 4.13611616068e-07, 1.52801476361e-07, 1.1109050746e-07, 1.22523445611e-07, 1.30885965177e-07, 9.23149627852e-08, 6.80596343727e-08, 3.29731300042e-08, 4.00586621652e-08, 6.87251855425e-08, 4.50342234615e-08, 5.64402968806e-09],
        "min": [4.84491780028e-10, 1.25385068994e-09, 5.41686961952e-09, 5.38440474429e-08, 7.87263445545e-08, 5.2650097615e-09, 8.56924253778e-10, 2.77228062728e-09, 4.24970086899e-10, 5.5320142911e-10, 7.87235221456e-10, 3.05972920611e-11, 2.14522150044e-11, 1.57475282814e-11, 3.50577310237e-11, 8.23016030327e-11, 3.49191370264e-10, 1.98943306273e-10, 3.82370302088e-10, 5.05551933649e-10, 3.83452519737e-10, 1.41051156866e-10, 3.0168686993e-11, 2.32994335631e-11, 1.07530345739e-10, 1.84287085592e-10, 2.81585327971e-11, 5.09727806838e-12, 8.3836193196e-12, 1.55527674073e-12, 6.49990694948e-13, 1.88539960554e-12, 2.71511936198e-12, 1.37308133613e-12, 2.49654550505e-12, 6.00813127548e-13, 2.05732392927e-12, 4.10140064272e-12, 6.08753336368e-13, 5.99821163875e-14],
        "var": [8.21366141768e-10, 3.68957486785e-08, 1.49505581248e-06, 3.84761870009e-06, 2.97480141853e-07, 2.52878294305e-07, 3.05705384562e-07, 3.29385272835e-07, 3.57247444072e-07, 1.91635777469e-07, 1.65481864656e-07, 1.19350517025e-07, 5.54161729838e-08, 1.14565445131e-07, 7.0268193042e-08, 1.20564909167e-08, 3.58533802647e-09, 5.41233635687e-09, 1.53596524388e-09, 3.19001869364e-09, 5.81683856637e-09, 3.22332804892e-09, 9.39574529291e-11, 1.17026069391e-10, 6.35814789707e-10, 3.82975073876e-09, 2.33278063533e-10, 2.57437664936e-11, 1.29234426979e-11, 4.58770825149e-12, 6.47078311072e-12, 3.9472813039e-12, 3.61918221087e-12, 2.74350962955e-12, 3.00759872736e-12, 1.68037816734e-12, 1.35026755402e-12, 1.41805425909e-12, 1.4960256341e-12, 1.30769933727e-13]
    },
    "mfcc": {
        "mean": [-689.27935791, 154.018264771, -27.4589996338, 17.4096126556, -6.90890312195, -17.6239089966, -9.84520149231, -3.50711274147, -19.1533546448, -2.22158694267, -13.9919776917, -15.7695598602, -5.89790821075],
        "cov": [[5231.54003906, -1097.49841309, -349.335601807, -195.336639404, 66.6277008057, -259.51385498, 82.9129333496, 71.7557830811, -211.473495483, 294.309417725, -5.43041610718, 8.3616399765, 45.6408081055], [-1097.49841309, 1233.99511719, -220.738189697, -17.473947525, -142.541610718, 60.8600883484, 76.6893768311, 91.6209106445, 65.7844696045, -164.534500122, 32.0378417969, 12.1825284958, -30.7299518585], [-349.335601807, -220.738189697, 521.73034668, -10.0090713501, 5.12006855011, 78.8747024536, 26.1956329346, -29.9716911316, 7.13207960129, 3.44628119469, 31.9333763123, 28.9716148376, -40.7773971558], [-195.336639404, -17.473947525, -10.0090713501, 462.513458252, 6.98599624634, 98.369972229, -126.938079834, -4.53101015091, 60.4964675903, -2.72443580627, -56.9672431946, -4.2063627243, 17.8768005371], [66.6277008057, -142.541610718, 5.12006855011, 6.98599624634, 190.769195557, -31.2954597473, -46.4782066345, -39.988861084, -13.9662885666, 68.6636734009, -12.6928453445, -23.0842056274, 19.8186779022], [-259.51385498, 60.8600883484, 78.8747024536, 98.369972229, -31.2954597473, 205.213180542, -21.1200447083, -15.0015268326, 56.4354972839, -16.9872131348, 2.31078314781, 31.4021320343, -15.2431955338], [82.9129333496, 76.6893768311, 26.1956329346, -126.938079834, -46.4782066345, -21.1200447083, 185.034744263, 46.0565338135, -22.2427043915, -23.4424266815, 17.1168289185, -0.430427521467, -12.5169963837], [71.7557830811, 91.6209106445, -29.9716911316, -4.53101015091, -39.988861084, -15.0015268326, 46.0565338135, 120.901954651, 6.05054283142, -45.8375816345, 0.551507592201, 6.81446218491, -1.21530270576], [-211.473495483, 65.7844696045, 7.13207960129, 60.4964675903, -13.9662885666, 56.4354972839, -22.2427043915, 6.05054283142, 125.243873596, -1.57717394829, -15.3126010895, 14.3828907013, -0.655539512634], [294.309417725, -164.534500122, 3.44628119469, -2.72443580627, 68.6636734009, -16.9872131348, -23.4424266815, -45.8375816345, -1.57717394829, 158.917373657, 0.898342192173, -16.1647586823, 21.7181148529], [-5.43041610718, 32.0378417969, 31.9333763123, -56.9672431946, -12.6928453445, 2.31078314781, 17.1168289185, 0.551507592201, -15.3126010895, 0.898342192173, 104.938552856, 24.968875885, -9.0884847641], [8.3616399765, 12.1825284958, 28.9716148376, -4.2063627243, -23.0842056274, 31.4021320343, -0.430427521467, 6.81446218491, 14.3828907013, -16.1647586823, 24.968875885, 84.7176971436, 7.04865694046], [45.6408081055, -30.7299518585, -40.7773971558, 17.8768005371, 19.8186779022, -15.2431955338, -12.5169963837, -1.21530270576, -0.655539512634, 21.7181148529, -9.0884847641, 7.04865694046, 81.2499465942]],
