{
"lowlevel": {
    "average_loudness": 0.964769005775,
    "barkbands_crest": {
        "dmean": 2.68131065369,
        "dmean2": 4.48511123657,
        "dvar": 8.26642799377,
        "dvar2": 21.5962982178,
        "max": 25.1289157867,
        "mean": 12.4009771347,
        "median": 11.9719400406,
        "min": 3.36214017868,
        "var": 15.9258403778
    },
    "barkbands_flatness_db": {
        "dmean": 0.0185806266963,
        "dmean2": 0.029757797718,
        "dvar": 0.000404510006774,
        "dvar2": 0.000964645703789,
        "max": 0.252312391996,
        "mean": 0.119369447231,
        "median": 0.111849531531,
        "min": 0.0363602042198,
        "var": 0.00120194663759
    },
    "barkbands_kurtosis": {
        "dmean": 2.35228180885,
        "dmean2": 3.85433554649,
        "dvar": 13.8153438568,
        "dvar2": 36.2267379761,
        "max": 46.1446342468,
        "mean": 3.72398710251,
        "median": 2.23114919662,
        "min": -1.36239504814,
        "var": 29.7283325195
    },
    "barkbands_skewness": {
        "dmean": 0.475887060165,
        "dmean2": 0.758502542973,
        "dvar": 0.281606018543,
        "dvar2": 0.711207270622,
        "max": 6.65819787979,
        "mean": 1.87868499756,
        "median": 1.79101848602,
        "min": 0.0655810460448,
        "var": 0.79951351881
    },
    "barkbands_spread": {
        "dmean": 5.36289644241,
        "dmean2": 8.53422641754,
        "dvar": 32.1978569031,
        "dvar2": 72.0200271606,
        "max": 87.6640472412,
        "mean": 26.5187129974,
        "median": 26.4520130157,
        "min": 4.07700443268,
        "var": 85.7082366943
    },
    "dissonance": {
        "dmean": 0.0109395468608,
        "dmean2": 0.018557375297,
        "dvar": 0.000112785644887,
        "dvar2": 0.000326846027747,
        "max": 0.499895244837,
        "mean": 0.47833147645,
        "median": 0.480576038361,
        "min": 0.364855527878,
        "var": 0.000208068609936
    },
    "dynamic_complexity": 2.23079538345,
    "erbbands_crest": {
        "dmean": 2.05388617516,
        "dmean2": 3.45847463608,
        "dvar": 4.93096017838,
        "dvar2": 12.6842002869,
        "max": 24.5331516266,
        "mean": 7.32381248474,
        "median": 6.38551568985,
        "min": 2.5298705101,
        "var": 11.813167572
    },
    "erbbands_flatness_db": {
        "dmean": 0.0119547853246,
        "dmean2": 0.0184469576925,
        "dvar": 0.000131562192109,
        "dvar2": 0.000307480542688,
        "max": 0.213060125709,
        "mean": 0.120926998556,
        "median": 0.118077553809,
        "min": 0.04019741714,
        "var": 0.00055473530665
    },
    "erbbands_kurtosis": {
        "dmean": 0.489004403353,
        "dmean2": 0.803353786469,
        "dvar": 0.329077929258,
        "dvar2": 0.919566631317,
        "max": 6.03803634644,
        "mean": -0.225599914789,
        "median": -0.412297964096,
        "min": -1.75572216511,
        "var": 0.898707211018
    },
    "erbbands_skewness": {
        "dmean": 0.257315725088,
        "dmean2": 0.405342519283,
        "dvar": 0.0540388785303,
        "dvar2": 0.125993102789,
        "max": 2.57708859444,
        "mean": -0.155001074076,
        "median": -0.202799364924,
        "min": -1.28439974785,
        "var": 0.224763989449
    },
    "erbbands_spread": {
        "dmean": 6.60542345047,
        "dmean2": 10.5113353729,
        "dvar": 36.6959953308,
        "dvar2": 81.4568099976,
        "max": 112.828735352,
        "mean": 45.8670349121,
        "median": 45.0201797485,
        "min": 11.1021051407,
        "var": 218.362670898
    },
    "hfc": {
        "dmean": 6.00498771667,
        "dmean2": 9.3103017807,
        "dvar": 64.7782897949,
        "dvar2": 151.560028076,
        "max": 95.8477401733,
        "mean": 29.1308879852,
        "median": 28.0448741913,
        "min": 3.21939040759e-07,
        "var": 217.540802002
    },
    "melbands_crest": {
        "dmean": 2.91618847847,
        "dmean2": 4.80408811569,
        "dvar": 7.85483980179,
        "dvar2": 20.0016765594,
        "max": 30.2210998535,
        "mean": 17.455532074,
        "median": 17.2232017517,
        "min": 5.81862401962,
        "var": 17.2512130737
    },
    "melbands_flatness_db": {
        "dmean": 0.023386830464,
        "dmean2": 0.0372307561338,
        "dvar": 0.000617796496954,
        "dvar2": 0.00152568297926,
        "max": 0.348091959953,
        "mean": 0.200423538685,
        "median": 0.195342332125,
        "min": 0.0949238687754,
        "var": 0.00167914421763
    },
    "melbands_kurtosis": {
        "dmean": 7.68369865417,
        "dmean2": 12.5443840027,
        "dvar": 148.336044312,
        "dvar2": 375.939819336,
        "max": 166.369934082,
        "mean": 18.1300010681,
        "median": 13.8769836426,
        "min": -0.591336727142,
        "var": 325.303649902
    },
    "melbands_skewness": {
        "dmean": 0.754510104656,
        "dmean2": 1.19386017323,
        "dvar": 0.713774323463,
        "dvar2": 1.72873914242,
        "max": 11.7003078461,
        "mean": 3.58029079437,
        "median": 3.41585731506,
        "min": 0.648474872112,
        "var": 2.13624095917
    },
    "melbands_spread": {
        "dmean": 5.4163236618,
        "dmean2": 8.66022396088,
        "dvar": 31.1272735596,
        "dvar2": 77.1258163452,
        "max": 60.0041275024,
        "mean": 20.3529605865,
        "median": 18.7469768524,
        "min": 2.5307238102,
        "var": 99.2999267578
    },
    "pitch_salience": {
        "dmean": 0.0690621957183,
        "dmean2": 0.11470464617,
        "dvar": 0.00480388244614,
        "dvar2": 0.0127734560519,
        "max": 0.810501873493,
        "mean": 0.472372353077,
        "median": 0.472258269787,
        "min": 0.111446961761,
        "var": 0.00892251357436
    },
    "silence_rate_20dB": {
        "dmean": 0,
        "dmean2": 0,
        "dvar": 0,
        "dvar2": 0,
        "max": 1,
        "mean": 1,
        "median": 1,
        "min": 1,
        "var": 0
    },
    "silence_rate_30dB": {
        "dmean": 0.0510835908353,
        "dmean2": 0.102246321738,
        "dvar": 0.0484738871455,
        "dvar2": 0.119676619768,
        "max": 1,
        "mean": 0.96210360527,
        "median": 1,
        "min": 0,
        "var": 0.0364597067237
    },
    "silence_rate_60dB": {
        "dmean": 0.00154798757285,
        "dmean2": 0.00309837330133,
        "dvar": 0.0015455794055,
        "dvar2": 0.00308882677928,
        "max": 1,
        "mean": 0.0301624126732,
        "median": 0,
        "min": 0,
        "var": 0.0292526744306
    },
    "spectral_centroid": {
        "dmean": 239.256973267,
        "dmean2": 381.880615234,
        "dvar": 108612.359375,
        "dvar2": 156756.53125,
        "max": 10671.0869141,
        "mean": 1740.06665039,
        "median": 1767.25524902,
        "min": 341.108947754,
        "var": 267589.65625
    },
    "spectral_complexity": {
        "dmean": 4.21207427979,
        "dmean2": 6.58714151382,
        "dvar": 14.4735870361,
        "dvar2": 31.762140274,
        "max": 53,
        "mean": 31.1686000824,
        "median": 33,
        "min": 0,
        "var": 106.627418518
    },
    "spectral_decrease": {
        "dmean": 3.5906417839e-09,
        "dmean2": 5.76948888664e-09,
        "dvar": 2.61821424329e-17,
        "dvar2": 6.16421212873e-17,
        "max": -1.72056528718e-17,
        "mean": -1.29838158003e-08,
        "median": -1.22557493043e-08,
        "min": -4.91692553339e-08,
        "var": 4.21152457611e-17
    },
    "spectral_energy": {
        "dmean": 0.0138356322423,
        "dmean2": 0.0221480019391,
        "dvar": 0.00037835794501,
        "dvar2": 0.000884940673131,
        "max": 0.18969629705,
        "mean": 0.0516462102532,
        "median": 0.0491037704051,
        "min": 9.41388911269e-11,
        "var": 0.000636835407931
    },
    "spectral_energyband_high": {
        "dmean": 0.000487945129862,
        "dmean2": 0.000774026673753,
        "dvar": 4.70318127554e-07,
        "dvar2": 1.17669185329e-06,
        "max": 0.00714834081009,
        "mean": 0.00141061167233,
        "median": 0.00116451608483,
        "min": 2.16943459724e-11,
        "var": 1.11644351364e-06
    },
    "spectral_energyband_low": {
        "dmean": 0.012439106591,
        "dmean2": 0.0204134490341,
        "dvar": 0.000404262042139,
        "dvar2": 0.00097867846489,
        "max": 0.173215180635,
        "mean": 0.0310256462544,
        "median": 0.0279009304941,
        "min": 4.07696688909e-11,
        "var": 0.000451261061244
    },
    "spectral_energyband_middle_high": {
        "dmean": 0.00219970126636,
        "dmean2": 0.00350366602652,
        "dvar": 9.78561183729e-06,
        "dvar2": 2.59458738583e-05,
        "max": 0.0470048114657,
        "mean": 0.00792210921645,
        "median": 0.00604117894545,
        "min": 1.23581960637e-11,
        "var": 3.74030714738e-05
    },
    "spectral_energyband_middle_low": {
        "dmean": 0.00438332138583,
        "dmean2": 0.00726532563567,
        "dvar": 3.81711106456e-05,
        "dvar2": 9.61655678111e-05,
        "max": 0.0889727175236,
        "mean": 0.0124361654744,
        "median": 0.00963226612657,
        "min": 1.8436752125e-11,
        "var": 0.000103141122963
    },
    "spectral_entropy": {
        "dmean": 0.0967567786574,
        "dmean2": 0.146664530039,
        "dvar": 0.0138984024525,
        "dvar2": 0.0241422839463,
        "max": 9.79267406464,
        "mean": 7.83345556259,
        "median": 7.87870597839,
        "min": 6.79377508163,
        "var": 0.061265733093
    },
    "spectral_flux": {
        "dmean": 0.0277585182339,
        "dmean2": 0.042342055589,
        "dvar": 0.00111821864266,
        "dvar2": 0.00229456764646,
        "max": 0.364766955376,
        "mean": 0.101524308324,
        "median": 0.0920528918505,
        "min": 1.49978832269e-05,
        "var": 0.00292279757559
    },
    "spectral_kurtosis": {
        "dmean": 0.83370411396,
        "dmean2": 1.43385207653,
        "dvar": 0.627179086208,
        "dvar2": 1.79394376278,
        "max": 9.03385257721,
        "mean": 3.45012664795,
        "median": 3.35345029831,
        "min": -1.24590456486,
        "var": 1.19254457951
    },
    "spectral_rms": {
        "dmean": 0.000884257955477,
        "dmean2": 0.00140093301889,
        "dvar": 1.1276395071e-06,
        "dvar2": 2.58836826106e-06,
        "max": 0.0136040272191,
        "mean": 0.0068492484279,
        "median": 0.00692142453045,
        "min": 3.03055799122e-07,
        "var": 3.47435798176e-06
    },
    "spectral_rolloff": {
        "dmean": 409.163421631,
        "dmean2": 681.924743652,
        "dvar": 329705,
        "dvar2": 699504.9375,
        "max": 9711.47460938,
        "mean": 1006.43157959,
        "median": 882.861328125,
        "min": 86.1328125,
        "var": 538998
    },
    "spectral_skewness": {
        "dmean": 0.139503449202,
        "dmean2": 0.232351571321,
        "dvar": 0.0195712596178,
        "dvar2": 0.0473439991474,
        "max": 2.41885781288,
        "mean": 1.30417823792,
        "median": 1.29207623005,
        "min": 0.0373054891825,
        "var": 0.0508921332657
    },
    "spectral_spread": {
        "dmean": 392121.5625,
        "dmean2": 568447.375,
        "dvar": 1.11467193958e+12,
        "dvar2": 1.21715608781e+12,
        "max": 41783400,
        "mean": 4549629.5,
        "median": 4435253,
        "min": 2618862,
        "var": 1.67210346086e+12
    },
    "spectral_strongpeak": {
        "dmean": 0.230233773589,
        "dmean2": 0.411896675825,
        "dvar": 0.284996956587,
        "dvar2": 0.721042692661,
        "max": 6.50296974182,
        "mean": 0.496003955603,
        "median": 0.338665962219,
        "min": 1.31114884425e-05,
        "var": 0.377578496933
    },
    "zerocrossingrate": {
        "dmean": 0.00803320948035,
        "dmean2": 0.0104138934985,
        "dvar": 0.00012382568093,
        "dvar2": 0.000143899582326,
        "max": 0.3671875,
        "mean": 0.0507178083062,
        "median": 0.04931640625,
        "min": 0.009765625,
        "var": 0.000315096287522
    },
    "barkbands": {
        "dmean": [0.000585584610235, 0.0113365640864, 0.00288612651639, 0.00123537937179, 0.00215078867041, 0.00136255379766, 0.000681018922478, 0.000475276086945, 0.000677039322909, 0.000757388130296, 0.000440780859208, 0.000750562001485, 0.000375105038984, 0.00045964831952, 0.000337911071256, 0.000344597909134, 0.000361036305549, 0.000209183213883, 0.000211186285014, 0.000331207091222, 0.000131892084028, 9.92286295514e-05, 7.08446386852e-05, 6.36105833109e-05, 3.6329998693e-05, 3.11820949719e-05, 2.10253506339e-06],
        "dmean2": [0.00100726331584, 0.0191196314991, 0.00501507613808, 0.00217203306966, 0.00354722328484, 0.00215521315113, 0.00106986355968, 0.000755892600864, 0.00109660555609, 0.00124351878185, 0.000668621796649, 0.00124844047241, 0.000611495983321, 0.000755243177991, 0.000555316859391, 0.000574947276618, 0.000594321871176, 0.000353584182449, 0.00034992111614, 0.000555842532776, 0.000226135263802, 0.000168717437191, 0.000114617738291, 9.92901332211e-05, 5.41910449101e-05, 5.01508984598e-05, 3.56628129339e-06],
        "dvar": [6.30097190424e-07, 0.00041512795724, 2.01778420887e-05, 4.09081576436e-06, 1.06259003587e-05, 8.19127399154e-06, 2.38444067691e-06, 1.38616007916e-06, 2.35585343944e-06, 2.92529216495e-06, 2.29853412748e-06, 3.89249271393e-06, 7.38373216791e-07, 8.37500408579e-07, 2.54759129348e-07, 1.95771150402e-07, 1.67644117255e-07, 4.98343624145e-08, 5.71210669875e-08, 1.72110105723e-07, 3.54600793173e-08, 4.13200993421e-08, 1.44066349961e-08, 9.49436440578e-09, 2.5825033223e-09, 3.94784782642e-09, 2.55404690452e-11],
        "dvar2": [1.69018244378e-06, 0.00108520663343, 5.93480071984e-05, 1.21500197565e-05, 2.66029965132e-05, 1.89166257769e-05, 6.10073357166e-06, 3.04596483147e-06, 5.94599032411e-06, 7.91289858171e-06, 5.35203616892e-06, 1.12716807052e-05, 1.87063301382e-06, 2.0965553631e-06, 6.15643671154e-07, 5.07245886183e-07, 4.49328979357e-07, 1.26093382846e-07, 1.42170279105e-07, 4.35842906654e-07, 9.56866301749e-08, 1.10917483198e-07, 3.60568996882e-08, 2.12080450979e-08, 5.61624746709e-09, 1.0159823205e-08, 6.98618871087e-11],
        "max": [0.0067439279519, 0.166935265064, 0.0422308444977, 0.0288221649826, 0.0404614694417, 0.0476078316569, 0.0217160042375, 0.0302667506039, 0.0171869322658, 0.0228973031044, 0.0305434279144, 0.0237888004631, 0.0120657440275, 0.0117985578254, 0.00796292629093, 0.00545998103917, 0.00726454611868, 0.00262613128871, 0.00249965814874, 0.00501717953011, 0.00164014182519, 0.00206795264967, 0.00123152020387, 0.00158558739349, 0.000524541654158, 0.000628620211501, 6.14631790086e-05],
        "mean": [0.000995419919491, 0.0235709901899, 0.00552046019584, 0.00181962072384, 0.00384300691076, 0.00308566563763, 0.00152187899221, 0.000738862319849, 0.00104710448068, 0.00123432278633, 0.000650672649499, 0.00112798332702, 0.00062613474438, 0.000882104970515, 0.000673330738209, 0.000721292104572, 0.000845048576593, 0.000490110134706, 0.000524533563294, 0.00083884439664, 0.000282287277514, 0.000181603143574, 0.000143142882735, 0.000153502798639, 8.25512615847e-05, 4.3618507334e-05, 2.16342959902e-06],
        "median": [0.000881308107637, 0.019807452336, 0.00447187339887, 0.00129234045744, 0.00248581427149, 0.00102695985697, 0.000515474006534, 0.000276757462416, 0.000476785498904, 0.000624400796369, 0.000203972929739, 0.000324495660607, 0.000350172136677, 0.000412729685195, 0.000450223538792, 0.000533456681296, 0.000674639071804, 0.000405798607972, 0.000465377728688, 0.000596954429056, 0.000224234550842, 0.000122989949887, 9.76541705313e-05, 0.000124995611259, 6.41388396616e-05, 2.41240668402e-05, 7.92928346982e-07],
        "min": [2.46919943259e-13, 2.84748787049e-11, 1.11082714208e-11, 3.61257725123e-12, 1.05889724072e-11, 1.57224569735e-12, 5.17388378234e-13, 4.77493695625e-13, 3.65540985068e-13, 3.13603526828e-13, 8.02268245326e-13, 8.11174478282e-13, 7.78056113461e-13, 1.34241912291e-12, 1.25633542198e-12, 1.40402099669e-12, 2.09062996949e-12, 7.18075501404e-13, 1.56770321551e-12, 7.87661060507e-13, 1.85574277299e-12, 1.28421654821e-12, 2.28717218775e-12, 3.25858220615e-12, 3.26203972688e-12, 3.89875631779e-12, 5.66613943265e-12],
        "var": [8.32670025375e-07, 0.00038724654587, 2.5177574571e-05, 3.94459402742e-06, 1.96404780581e-05, 3.08652015519e-05, 9.17473516893e-06, 3.07424511448e-06, 3.4484862681e-06, 3.73979310098e-06, 3.44378418049e-06, 5.97757889409e-06, 1.06310392312e-06, 1.99817804969e-06, 5.927781217e-07, 4.24240312213e-07, 4.8754003501e-07, 1.35930534384e-07, 1.24501042364e-07, 5.72030614876e-07, 5.35518509537e-08, 4.2038742265e-08, 2.49943159503e-08, 2.13501003543e-08, 5.74923397778e-09, 3.90252186122e-09, 1.97492664583e-11]
    },
    "erbbands": {
        "dmean": [0.350867569447, 2.60122823715, 3.60848236084, 3.55916810036, 4.70055150986, 7.95868444443, 12.9650316238, 9.37517261505, 10.3170852661, 8.60040283203, 11.3987989426, 15.7294454575, 16.113904953, 25.4020137787, 17.4130058289, 33.7167320251, 15.82102108, 24.4067935944, 16.3608551025, 18.3002319336, 17.9529781342, 16.098897934, 10.6113805771, 11.3019542694, 10.7047395706, 16.1261062622, 8.07333374023, 3.60218310356, 3.98649168015, 2.9514772892, 1.84084153175, 1.53395593166, 1.04473948479, 0.487820655107, 0.23713965714, 0.135072782636, 0.0604812465608, 0.00866049062461, 0.000204834359465, 1.86004708667e-05],
        "dmean2": [0.596097707748, 4.34844684601, 6.07618904114, 6.27630901337, 8.21584415436, 12.9349021912, 20.9016075134, 14.8131341934, 15.7821350098, 14.6149950027, 18.6406421661, 25.8525390625, 25.2924041748, 42.232963562, 27.1358413696, 55.6395301819, 25.6279258728, 39.8580551147, 26.6965351105, 29.9986934662, 29.8138370514, 26.1675605774, 17.7106628418, 18.7794685364, 17.8671989441, 26.4861774445, 13.4398889542, 6.1719789505, 6.79419565201, 5.15453529358, 2.9092810154, 2.39485168457, 1.62143778801, 0.729578971863, 0.358428239822, 0.208407372236, 0.100811488926, 0.0144474254921, 0.000342239713063, 2.93188459182e-05],
        "dvar": [0.390775591135, 21.634885788, 27.6030826569, 37.3182868958, 32.292137146, 192.568908691, 851.57800293, 459.742950439, 539.360717773, 507.275146484, 711.872619629, 1427.07043457, 867.620727539, 5348.98095703, 3072.21166992, 8635.43066406, 988.965270996, 2392.51904297, 771.409973145, 760.915100098, 510.237182617, 278.092132568, 126.649452209, 152.690246582, 161.498764038, 484.27331543, 107.422058105, 39.5829849243, 59.4442558289, 48.2444152832, 8.91034412384, 6.14637374878, 2.14861297607, 0.461150884628, 0.129756569862, 0.0627487152815, 0.0171765722334, 0.000364709965652, 2.19530960521e-07, 6.4514532605e-10],
        "dvar2": [1.0559322834, 56.3056678772, 74.2286453247, 111.179077148, 92.9165649414, 483.772064209, 1917.26428223, 1041.86437988, 1240.77832031, 1301.15124512, 1812.71801758, 3724.34423828, 1892.91040039, 15155.3681641, 7029.68017578, 25280.3183594, 2444.69677734, 6012.80175781, 1891.57397461, 1851.68005371, 1320.69494629, 722.810424805, 327.974151611, 378.88571167, 424.947387695, 1222.57556152, 283.103820801, 101.62776947, 157.864471436, 135.69392395, 21.8726539612, 13.7773828506, 5.00999164581, 0.996214687824, 0.295734137297, 0.151921540499, 0.0461302138865, 0.000984366633929, 5.93258278059e-07, 1.47375744941e-09],
        "max": [5.69281387329, 34.5604896545, 47.4576034546, 75.1077728271, 74.9396743774, 179.881881714, 483.334503174, 304.735626221, 509.157531738, 408.934997559, 414.89855957, 468.923248291, 559.762573242, 1228.22058105, 1357.14978027, 1186.07861328, 494.768127441, 686.13684082, 409.223388672, 490.389251709, 282.212249756, 218.257614136, 136.507568359, 144.016113281, 144.06362915, 284.087219238, 102.239608765, 65.3354110718, 73.0198135376, 77.170539856, 30.3366336823, 41.0486450195, 21.3608036041, 7.64217710495, 3.9549973011, 2.43016958237, 1.4171192646, 0.197773441672, 0.0057196370326, 0.00028690113686],
        "mean": [0.766699135303, 4.84921836853, 7.71140289307, 5.79920434952, 7.85181379318, 12.820608139, 24.8016033173, 21.0131626129, 28.8882904053, 13.8443164825, 18.9720077515, 25.3512611389, 27.6044559479, 39.403339386, 30.7527122498, 52.0935401917, 30.6007652283, 47.6499557495, 33.6775856018, 40.163974762, 43.8304138184, 40.8050880432, 27.7392139435, 28.0124378204, 26.9807434082, 40.39320755, 21.1740226746, 7.84707164764, 7.03408241272, 4.90102767944, 3.84139585495, 3.34091663361, 2.51909208298, 1.12631344795, 0.503979206085, 0.224625945091, 0.0722312703729, 0.0105069037527, 0.000273773941444, 6.90224042046e-05],
        "median": [0.695825099945, 3.85022687912, 6.15184545517, 4.56668376923, 5.9039311409, 6.90279054642, 9.16430664062, 7.01133108139, 8.28531932831, 6.81835126877, 7.92828607559, 10.8952941895, 15.2773122787, 14.8245515823, 11.2841520309, 15.3884181976, 17.3031978607, 22.1641178131, 20.2990665436, 29.1745643616, 34.4139328003, 35.2873573303, 23.7894420624, 24.8271503448, 23.7853279114, 27.6319351196, 16.5493354797, 6.23660564423, 4.85289907455, 2.8585498333, 2.67754864693, 2.52230787277, 1.94863188267, 0.877663969994, 0.354625046253, 0.127728387713, 0.0360180400312, 0.00498248636723, 0.000143220851896, 6.49026696919e-05],
        "min": [4.71296668358e-10, 7.4735222455e-09, 1.67292188991e-08, 8.95346907726e-09, 3.15715915633e-08, 3.70499080304e-08, 1.50719490222e-08, 7.925733847e-09, 9.27805032802e-09, 6.38417185783e-09, 1.32580613155e-08, 8.09138800406e-09, 1.17416378842e-08, 1.12495550653e-08, 2.56418530853e-08, 2.96719857573e-08, 4.05109226165e-08, 4.8854634116e-08, 5.35603064122e-08, 6.05092722594e-08, 1.11591084817e-07, 8.65829292707e-08, 4.38947616033e-08, 6.25999092563e-08, 5.62377913127e-08, 4.56501858537e-08, 7.20645587649e-08, 5.49301333308e-08, 4.84062745443e-08, 3.4419759487e-08, 6.72051356787e-08, 5.79134109557e-08, 6.22323028665e-08, 3.2924752702e-08, 2.93576771782e-08, 1.55496113763e-08, 6.16462259018e-09, 2.84678081108e-09, 8.73209893282e-10, 8.50057038648e-11],
        "var": [0.396082818508, 20.8056240082, 42.0332565308, 31.5635032654, 48.0919265747, 319.041931152, 2089.1706543, 1846.14111328, 4712.73876953, 673.672058105, 1459.70654297, 2063.21777344, 1747.55102539, 6411.45947266, 5147.74658203, 13376.0556641, 1976.11254883, 5522.61962891, 1767.90637207, 1678.99047852, 1253.1640625, 783.81640625, 371.248413086, 365.974975586, 306.361480713, 1660.02490234, 305.021118164, 48.6753959656, 61.0890846252, 45.1862945557, 16.5955123901, 12.2031860352, 5.46387434006, 1.04106080532, 0.265067815781, 0.0818798393011, 0.0141030522063, 0.000297992140986, 1.78708319254e-07, 1.15245268884e-09]
    },
    "gfcc": {
        "mean": [47.9324951172, 85.5127944946, -110.335990906, 52.9805030823, -41.2934455872, 23.097366333, -32.9303359985, 18.7877063751, -24.157541275, 8.55644416809, -12.5700178146, 2.25337123871, -5.31782960892],
        "cov": [[7399.00244141, -112.872772217, -438.978759766, -207.535720825, -208.468826294, 71.7367095947, 62.900390625, 167.635925293, -62.5394744873, 193.996643066, -6.06391811371, 65.8832015991, -29.2161827087], [-112.872772217, 281.583557129, -57.0297431946, 1.08087050915, 40.5895996094, -51.3801269531, 13.0804214478, -27.8093471527, 3.06856846809, -29.1625385284, 32.7371139526, -27.1259307861, 38.3958015442], [-438.978759766, -57.0297431946, 254.115234375, 35.4718551636, -24.1784667969, -50.9437332153, -90.5732803345, 3.73573732376, 34.427406311, -3.28677034378, -19.0612354279, 24.4641628265, -24.1916217804], [-207.535720825, 1.08087050915, 35.4718551636, 143.645370483, 16.0489215851, -29.0376625061, -28.5363502502, -18.3536262512, 21.8326759338, -12.7775659561, 2.09333872795, -9.97559165955, 5.01748800278], [-208.468826294, 40.5895996094, -24.1784667969, 16.0489215851, 102.620742798, 19.8404788971, 31.3645820618, -8.29653358459, -21.1189785004, -6.77932691574, 7.03618860245, -8.56396102905, 6.12701845169], [71.7367095947, -51.3801269531, -50.9437332153, -29.0376625061, 19.8404788971, 152.488464355, 83.134437561, -1.46454370022, -30.0589199066, -3.12585020065, -4.70119094849, -19.4429206848, -18.4636993408], [62.900390625, 13.0804214478, -90.5732803345, -28.5363502502, 31.3645820618, 83.134437561, 146.564697266, 16.8587970734, -24.1038665771, -3.71250629425, -15.5166969299, -17.3556919098, -6.03227758408], [167.635925293, -27.8093471527, 3.73573732376, -18.3536262512, -8.29653358459, -1.46454370022, 16.8587970734, 81.2173843384, 36.7363929749, 11.3559026718, -21.0328159332, -5.36974859238, -2.61656546593], [-62.5394744873, 3.06856846809, 34.427406311, 21.8326759338, -21.1189785004, -30.0589199066, -24.1038665771, 36.7363929749, 89.4462890625, 17.3363857269, -13.032781601, -9.0163230896, -2.68822836876], [193.996643066, -29.1625385284, -3.28677034378, -12.7775659561, -6.77932691574, -3.12585020065, -3.71250629425, 11.3559026718, 17.3363857269, 57.9959373474, 8.34604930878, 2.14898180962, -15.3751840591], [-6.06391811371, 32.7371139526, -19.0612354279, 2.09333872795, 7.03618860245, -4.70119094849, -15.5166969299, -21.0328159332, -13.032781601, 8.34604930878, 82.0432815552, 18.9930362701, 20.1506690979], [65.8832015991, -27.1259307861, 24.4641628265, -9.97559165955, -8.56396102905, -19.4429206848, -17.3556919098, -5.36974859238, -9.0163230896, 2.14898180962, 18.9930362701, 62.1390342712, 12.5689229965], [-29.2161827087, 38.3958015442, -24.1916217804, 5.01748800278, 6.12701845169, -18.4636993408, -6.03227758408, -2.61656546593, -2.68822836876, -15.3751840591, 20.1506690979, 12.5689229965, 55.0875396729]],
        "icov": [[0.000218959743506, -0.000222065937123, 0.000488716410473, -0.000140419098898, 0.000544565846212, -0.000252898171311, 0.00036401062971, -0.000715922156814, 0.000591026851907, -0.000786490913015, 0.000296941027045, -0.000522270507645, 0.000178710222826], [-0.000222065937123, 0.00685443589464, -1.70540242834e-05, 0.00216722185723, -0.00281227775849, 0.00441842712462, -0.00276785693131, 0.00395461078733, -0.00336005864665, 0.00432856054977, -0.00340047385544, 0.00500844884664, -0.00227642781101], [0.000488716410473, -1.70540242834e-05, 0.00746765872464, -0.00107788108289, 0.000760007533245, -0.000469461985631, 0.00436455057934, -0.00198611384258, -0.000339188351063, 0.000349774927599, 0.00187774852384, -0.00410212902352, 0.00412054266781], [-0.000140419098898, 0.00216722185723, -0.00107788108289, 0.00963971111923, -0.00306502310559, 0.0025215796195, -0.000679725140799, 0.00449844077229, -0.00464468775317, 0.00369603629224, -0.001620652969, 0.0035320429597, -0.00101920904126], [0.000544565846212, -0.00281227775849, 0.000760007533245, -0.00306502310559, 0.0137402275577, -0.00213163904846, -0.000810896744952, -0.00301544275135, 0.00514380075037, -0.00352911069058, 0.00071515457239, -0.00113623111974, -0.000349163456121], [-0.000252898171311, 0.00441842712462, -0.000469461985631, 0.0025215796195, -0.00213163904846, 0.0135501306504, -0.00742876157165, 0.00347924767993, -0.000845889851917, 0.00394191825762, -0.00372274802066, 0.00550425052643, 0.00164570391644], [0.00036401062971, -0.00276785693131, 0.00436455057934, -0.000679725140799, -0.000810896744952, -0.00742876157165, 0.0151521973312, -0.0057012187317, 0.00327723915689, -0.00187182205264, 0.00420002313331, -0.00325289182365, 0.0019328907365], [-0.000715922156814, 0.00395461078733, -0.00198611384258, 0.00449844077229, -0.00301544275135, 0.00347924767993, -0.0057012187317, 0.0222945157439, -0.0113147646189, 0.00257528340444, 0.000818919157609, 0.00371599337086, -0.00346257933415], [0.000591026851907, -0.00336005864665, -0.000339188351063, -0.00464468775317, 0.00514380075037, -0.000845889851917, 0.00327723915689, -0.0113147646189, 0.0216053202748, -0.0088326446712, 0.00308673316613, 0.00031829328509, -0.000717331422493], [-0.000786490913015, 0.00432856054977, 0.000349774927599, 0.00369603629224, -0.00352911069058, 0.00394191825762, -0.00187182205264, 0.00257528340444, -0.0088326446712, 0.0277185365558, -0.00754993967712, 0.00215836963616, 0.00758853554726], [0.000296941027045, -0.00340047385544, 0.00187774852384, -0.001620652969, 0.00071515457239, -0.00372274802066, 0.00420002313331, 0.000818919157609, 0.00308673316613, -0.00754993967712, 0.0187148135155, -0.00670154485852, -0.00460196426138], [-0.000522270507645, 0.00500844884664, -0.00410212902352, 0.0035320429597, -0.00113623111974, 0.00550425052643, -0.00325289182365, 0.00371599337086, 0.00031829328509, 0.00215836963616, -0.00670154485852, 0.0253934971988, -0.00682399841025], [0.000178710222826, -0.00227642781101, 0.00412054266781, -0.00101920904126, -0.000349163456121, 0.00164570391644, 0.0019328907365, -0.00346257933415, -0.000717331422493, 0.00758853554726, -0.00460196426138, -0.00682399841025, 0.0276976879686]]
    },
    "melbands": {
        "dmean": [0.00314537063241, 0.00228262762539, 0.000609748007264, 0.000449904706329, 0.000419860793045, 0.000219622859731, 0.000151880623889, 9.42794722505e-05, 0.00010547311831, 9.35859789024e-05, 8.08935510577e-05, 0.000107571642729, 5.58419560548e-05, 8.20609275252e-05, 6.07059919275e-05, 3.75418712792e-05, 4.92195686093e-05, 2.86725880869e-05, 2.58221461991e-05, 2.7972893804e-05, 2.45097780862e-05, 2.17034776142e-05, 1.20587419588e-05, 1.13066753329e-05, 1.03595748442e-05, 8.28453448776e-06, 9.67882715486e-06, 1.25574879348e-05, 6.85992608851e-06, 2.95861377708e-06, 1.96900396077e-06, 2.45334013016e-06, 1.90598052541e-06, 1.70298312696e-06, 1.18777404623e-06, 1.07391906567e-06, 1.01472846836e-06, 8.30963358567e-07, 5.92744129335e-07, 4.01013039664e-07],
        "dmean2": [0.00529878633097, 0.003783545224, 0.00107275438495, 0.000758500245865, 0.00068397866562, 0.000345407635905, 0.000234738254221, 0.000158487266162, 0.00017129148182, 0.000153896893607, 0.000126796629047, 0.000180367089342, 8.39795247884e-05, 0.000135818656418, 0.000102596226498, 6.1276346969e-05, 8.06390307844e-05, 4.67426871182e-05, 4.26443984907e-05, 4.58861613879e-05, 4.06413637393e-05, 3.57981771231e-05, 1.97744593606e-05, 1.89186612261e-05, 1.7335785742e-05, 1.38741997944e-05, 1.63093282026e-05, 2.07331831916e-05, 1.13412361316e-05, 5.13287022841e-06, 3.35772733706e-06, 4.17651153839e-06, 3.35524532602e-06, 2.96448206427e-06, 1.91028993868e-06, 1.73524279035e-06, 1.58066973199e-06, 1.30399223508e-06, 9.24550533909e-07, 6.08049390394e-07],
        "dvar": [3.31034243573e-05, 1.17150812002e-05, 1.02609874375e-06, 4.07521611123e-07, 7.69284497437e-07, 2.27737046998e-07, 1.12879284586e-07, 6.73896565218e-08, 6.24531395488e-08, 4.83071787016e-08, 2.23926601706e-08, 9.38034503406e-08, 3.54170346384e-08, 4.09609519636e-08, 2.46052920261e-08, 8.10475686563e-09, 9.47252765116e-09, 3.3279103917e-09, 1.58237734027e-09, 1.39418421252e-09, 9.18379594594e-10, 5.3899323893e-10, 1.86315740613e-10, 1.60666063787e-10, 1.33132282976e-10, 1.12610906711e-10, 1.39938199917e-10, 3.0624067171e-10, 8.06476829762e-11, 2.2564056526e-11, 9.68333399576e-12, 2.10339662354e-11, 1.48380838866e-11, 1.50193416731e-11, 3.83673431567e-12, 2.61357623911e-12, 2.77987789038e-12, 1.35204607926e-12, 6.9648914457e-13, 3.23162151336e-13],
        "dvar2": [8.85189365363e-05, 2.81841003016e-05, 3.06930382976e-06, 1.04899686448e-06, 1.75182674411e-06, 5.13959605541e-07, 2.67796394837e-07, 1.61401885634e-07, 1.62884077781e-07, 1.22802873648e-07, 4.87631055535e-08, 2.66684452299e-07, 7.50954072259e-08, 1.12329310298e-07, 7.47056034811e-08, 1.98969516418e-08, 2.34756054596e-08, 8.05925015612e-09, 3.79980846787e-09, 3.52885343169e-09, 2.41583286709e-09, 1.43758172033e-09, 4.82289985726e-10, 4.16824852412e-10, 3.37854522137e-10, 2.97622898549e-10, 3.69836661296e-10, 7.78857589534e-10, 2.11902231873e-10, 6.31927427053e-11, 2.26106165041e-11, 5.45829666188e-11, 4.14697755302e-11, 4.18547800585e-11, 9.76656516077e-12, 6.25360527251e-12, 6.44868099892e-12, 3.14984670291e-12, 1.71187564992e-12, 6.65223572841e-13],
        "max": [0.050248876214, 0.030805869028, 0.0137116536498, 0.00918541103601, 0.0131232989952, 0.00785573478788, 0.00690282089636, 0.00584581214935, 0.0031532663852, 0.00255930516869, 0.00278151966631, 0.00498884590343, 0.00458088330925, 0.00243110954762, 0.00193358166143, 0.00134291290306, 0.001491765026, 0.00093435717281, 0.000554269005079, 0.000615815224592, 0.000472945917863, 0.000345841457602, 0.000148241742863, 0.000167410384165, 0.000137234295835, 0.000128041850985, 0.000129092135467, 0.000225353534915, 0.000109305277874, 4.86919670948e-05, 3.1688985473e-05, 4.27192171628e-05, 4.72407446068e-05, 3.93996779167e-05, 2.11811020563e-05, 2.5829021979e-05, 2.92001586786e-05, 1.70081584656e-05, 9.91079014057e-06, 5.97998405283e-06],
        "mean": [0.00667292391881, 0.00494653638452, 0.00108091405127, 0.000722696306184, 0.000814908416942, 0.000521556474268, 0.000413547531934, 0.000143656070577, 0.000173247506609, 0.000148470775457, 0.000134579400765, 0.00016072129074, 9.19438316487e-05, 0.000126185826957, 9.87687089946e-05, 6.411439972e-05, 9.25841741264e-05, 5.22956943314e-05, 5.06293399667e-05, 5.50370641577e-05, 5.3548712458e-05, 4.87211327709e-05, 2.5839155569e-05, 2.50804296229e-05, 2.24486811931e-05, 1.84689470188e-05, 2.11811402551e-05, 2.94872570521e-05, 1.65921228472e-05, 5.73478700971e-06, 3.9760184336e-06, 4.13752741224e-06, 3.16775503961e-06, 2.58621912508e-06, 2.23783126785e-06, 2.10056919059e-06, 2.00894942282e-06, 1.84040447948e-06, 1.35269556267e-06, 8.24117591947e-07],
        "median": [0.00569145428017, 0.00400371104479, 0.000885014771484, 0.000488727586344, 0.000329438102199, 0.000163957040058, 0.000121735291032, 6.45889740554e-05, 6.73784015817e-05, 6.8336557888e-05, 7.31448089937e-05, 5.74896548642e-05, 3.05831817968e-05, 3.86989995604e-05, 3.98868105549e-05, 3.4369808418e-05, 4.23095152655e-05, 2.80926633422e-05, 3.35091353918e-05, 4.16283219238e-05, 4.06002618547e-05, 4.04051206715e-05, 2.12131781154e-05, 1.95776010514e-05, 1.93161813513e-05, 1.58809143613e-05, 1.76654029929e-05, 1.78856516868e-05, 1.19179549074e-05, 4.61823628939e-06, 3.05409184875e-06, 2.85062901639e-06, 2.02136629923e-06, 1.41019131661e-06, 1.4335087144e-06, 1.58381760684e-06, 1.46979391502e-06, 1.3949197637e-06, 1.03881654923e-06, 6.10833467363e-07],
        "min": [6.22330355651e-12, 9.57449831224e-12, 2.27969249381e-12, 2.83860803786e-12, 6.21408523596e-13, 2.12125686482e-13, 1.326888496e-13, 7.88392720791e-14, 1.09772169924e-13, 4.91499066923e-14, 5.75889094983e-14, 3.29793667147e-14, 9.98291754166e-14, 7.91850309281e-14, 7.50517879723e-14, 8.61802559112e-14, 9.02025307746e-14, 6.09510068827e-14, 1.14935323628e-13, 5.05048646405e-14, 1.48057428947e-13, 1.1099096902e-13, 4.38122133787e-14, 3.57482869261e-14, 4.00475991616e-14, 5.11467292672e-14, 2.50771879797e-14, 3.01698532964e-14, 4.21710429977e-14, 3.82018669357e-14, 2.7736200584e-14, 2.43183955368e-14, 2.94081775533e-14, 1.66586223846e-14, 3.22264323517e-14, 5.62434518717e-14, 2.47667046648e-14, 3.95284187869e-14, 3.90177866687e-14, 2.2642627248e-14],
        "var": [3.10611867462e-05, 1.51460289999e-05, 9.35572927574e-07, 6.26600183296e-07, 1.86314014172e-06, 1.18128889426e-06, 8.90051296665e-07, 1.00707275408e-07, 1.18304505747e-07, 6.86554244567e-08, 4.45169803243e-08, 1.1024355473e-07, 6.31089704939e-08, 6.40485779968e-08, 3.5179112956e-08, 1.22833494487e-08, 2.16217017623e-08, 6.36898755957e-09, 3.54268081537e-09, 2.72414846236e-09, 2.28931229529e-09, 1.4187362396e-09, 4.17324286239e-10, 4.42997305505e-10, 2.83252504785e-10, 1.81607354155e-10, 2.56978049951e-10, 1.16894860458e-09, 2.3935736726e-10, 2.53269575451e-11, 1.40651552905e-11, 2.1966541433e-11, 1.4293284438e-11, 1.47859138128e-11, 6.41663935527e-12, 4.95702524167e-12, 5.04460969525e-12, 3.12645785996e-12, 1.67269486023e-12, 6.83951539068e-13]
    },
    "mfcc": {
        "mean": [-593.131347656, 108.945297241, -0.208476290107, 36.1754951477, 18.0680274963, 10.4370603561, 11.8420238495, 6.26646995544, 5.33695745468, 8.31288051605, -3.18882203102, 4.61380004883, 2.73076581955],
        "cov": [[5424.46142578, 125.9478302, -359.075744629, -136.524810791, -204.704940796, -11.2488574982, 68.2501449585, -13.6894893646, 1.97012174129, 71.5375061035, 12.1807746887, 2.93366885185, 34.8656387329], [125.9478302, 303.546264648, -72.1062927246, 26.0570278168, 9.88182258606, -22.8621921539, 23.670627594, -12.1723623276, -2.11715292931, -10.9858827591, -14.1136169434, 5.87052154541, -8.05150985718], [-359.075744629, -72.1062927246, 243.642166138, 30.5897884369, 45.7257080078, -36.1952018738, -99.188949585, -4.38163089752, -21.5239048004, -0.552080392838, -5.08537340164, 1.15755796432, 6.40044212341], [-136.524810791, 26.0570278168, 30.5897884369, 167.006591797, 48.4730453491, -30.9828033447, -60.2756080627, -17.1403369904, 6.21358013153, -19.9690093994, -8.78384971619, 15.3201494217, 5.53360128403], [-204.704940796, 9.88182258606, 45.7257080078, 48.4730453491, 114.962989807, -23.1853408813, -31.4861354828, -16.4752464294, -18.6622009277, -9.11405467987, -17.3583374023, 11.9092092514, 3.75170660019], [-11.2488574982, -22.8621921539, -36.1952018738, -30.9828033447, -23.1853408813, 122.030403137, 67.6310806274, 15.841047287, -3.73795366287, 1.18342733383, 20.3871307373, -16.9316215515, -12.5575714111], [68.2501449585, 23.670627594, -99.188949585, -60.2756080627, -31.4861354828, 67.6310806274, 152.164016724, 25.1495246887, -4.75733995438, -1.89058470726, 5.30103540421, -3.65912818909, -13.0916213989], [-13.6894893646, -12.1723623276, -4.38163089752, -17.1403369904, -16.4752464294, 15.841047287, 25.1495246887, 66.9793777466, 27.147518158, 6.10670661926, -1.47384262085, -4.35333442688, -4.42791938782], [1.97012174129, -2.11715292931, -21.5239048004, 6.21358013153, -18.6622009277, -3.73795366287, -4.75733995438, 27.147518158, 90.926071167, 36.3716545105, 18.9301967621, -9.32667541504, -5.38764762878], [71.5375061035, -10.9858827591, -0.552080392838, -19.9690093994, -9.11405467987, 1.18342733383, -1.89058470726, 6.10670661926, 36.3716545105, 68.7365875244, 24.4653892517, -6.45633792877, -9.39953994751], [12.1807746887, -14.1136169434, -5.08537340164, -8.78384971619, -17.3583374023, 20.3871307373, 5.30103540421, -1.47384262085, 18.9301967621, 24.4653892517, 62.5341148376, 2.81677055359, 3.76712417603], [2.93366885185, 5.87052154541, 1.15755796432, 15.3201494217, 11.9092092514, -16.9316215515, -3.65912818909, -4.35333442688, -9.32667541504, -6.45633792877, 2.81677055359, 60.82995224, 22.499256134], [34.8656387329, -8.05150985718, 6.40044212341, 5.53360128403, 3.75170660019, -12.5575714111, -13.0916213989, -4.42791938782, -5.38764762878, -9.39953994751, 3.76712417603, 22.499256134, 59.0276145935]],
