{
"lowlevel": {
    "average_loudness": 0.947920799255,
    "barkbands_crest": {
        "dmean": 2.00300693512,
        "dmean2": 3.15988397598,
        "dvar": 3.51160621643,
        "dvar2": 8.59730625153,
        "max": 23.9280567169,
        "mean": 10.4472732544,
        "median": 9.2947845459,
        "min": 3.40628218651,
        "var": 18.1790008545
    },
    "barkbands_flatness_db": {
        "dmean": 0.0196361858398,
        "dmean2": 0.0295338686556,
        "dvar": 0.000344470143318,
        "dvar2": 0.000696955714375,
        "max": 0.347524285316,
        "mean": 0.1958373487,
        "median": 0.19178365171,
        "min": 0.0725857764482,
        "var": 0.00225861906074
    },
    "barkbands_kurtosis": {
        "dmean": 2.17741394043,
        "dmean2": 3.30316257477,
        "dvar": 7.6453127861,
        "dvar2": 15.964846611,
        "max": 49.7403945923,
        "mean": 4.89885234833,
        "median": 3.51909971237,
        "min": -1.66098308563,
        "var": 27.2563171387
    },
    "barkbands_skewness": {
        "dmean": 0.382162690163,
        "dmean2": 0.585432052612,
        "dvar": 0.135493427515,
        "dvar2": 0.291088879108,
        "max": 6.04675102234,
        "mean": 1.69974708557,
        "median": 1.66894447803,
        "min": -0.401535004377,
        "var": 0.643210887909
    },
    "barkbands_spread": {
        "dmean": 2.84244418144,
        "dmean2": 4.35034608841,
        "dvar": 12.9631328583,
        "dvar2": 26.5058345795,
        "max": 66.925239563,
        "mean": 12.6094856262,
        "median": 11.3164968491,
        "min": 1.5206387043,
        "var": 51.7139282227
    },
    "dissonance": {
        "dmean": 0.0228523965925,
        "dmean2": 0.0370733216405,
        "dvar": 0.000433083972894,
        "dvar2": 0.00118610018399,
        "max": 0.499287545681,
        "mean": 0.442654103041,
        "median": 0.451300293207,
        "min": 0.26358678937,
        "var": 0.00140404060949
    },
    "dynamic_complexity": 3.15493631363,
    "erbbands_crest": {
        "dmean": 2.42750191689,
        "dmean2": 3.8514611721,
        "dvar": 5.02825593948,
        "dvar2": 12.3190574646,
        "max": 28.6400642395,
        "mean": 11.1745281219,
        "median": 10.0303382874,
        "min": 3.53688359261,
        "var": 24.5942211151
    },
    "erbbands_flatness_db": {
        "dmean": 0.017651418224,
        "dmean2": 0.0241819694638,
        "dvar": 0.000301274791127,
        "dvar2": 0.000535287777893,
        "max": 0.359511435032,
        "mean": 0.213510066271,
        "median": 0.205964416265,
        "min": 0.0902776792645,
        "var": 0.00294522335753
    },
    "erbbands_kurtosis": {
        "dmean": 1.01019585133,
        "dmean2": 1.55172884464,
        "dvar": 1.95948851109,
        "dvar2": 4.43559932709,
        "max": 24.8069477081,
        "mean": 1.0706537962,
        "median": 0.157309055328,
        "min": -1.53345811367,
        "var": 7.83487653732
    },
    "erbbands_skewness": {
        "dmean": 0.342283427715,
        "dmean2": 0.527204036713,
        "dvar": 0.0836010500789,
        "dvar2": 0.19232404232,
        "max": 4.04566764832,
        "mean": 0.676474988461,
        "median": 0.592571854591,
        "min": -1.90962481499,
        "var": 0.704561114311
    },
    "erbbands_spread": {
        "dmean": 5.12955331802,
        "dmean2": 7.80846357346,
        "dvar": 29.4081668854,
        "dvar2": 63.5333747864,
        "max": 125.844535828,
        "mean": 28.831079483,
        "median": 26.0532684326,
        "min": 4.99779844284,
        "var": 196.746490479
    },
    "hfc": {
        "dmean": 3.73488402367,
        "dmean2": 5.59832620621,
        "dvar": 31.1464538574,
        "dvar2": 69.4569320679,
        "max": 96.2542419434,
        "mean": 17.0763092041,
        "median": 15.5831489563,
        "min": 9.27272867557e-06,
        "var": 130.171554565
    },
    "melbands_crest": {
        "dmean": 2.52552914619,
        "dmean2": 3.99629831314,
        "dvar": 4.76894664764,
        "dvar2": 11.8899755478,
        "max": 29.5023784637,
        "mean": 14.3636169434,
        "median": 13.4063205719,
        "min": 5.84866809845,
        "var": 25.1335544586
    },
    "melbands_flatness_db": {
        "dmean": 0.0210000798106,
        "dmean2": 0.0299324430525,
        "dvar": 0.000416934810346,
        "dvar2": 0.000815843290184,
        "max": 0.396034389734,
        "mean": 0.259377121925,
        "median": 0.256689935923,
        "min": 0.0943055674434,
        "var": 0.00277858693153
    },
    "melbands_kurtosis": {
        "dmean": 3.88488078117,
        "dmean2": 5.93703460693,
        "dvar": 35.9152946472,
        "dvar2": 80.2692260742,
        "max": 103.397598267,
        "mean": 9.9610080719,
        "median": 7.82918834686,
        "min": -1.38040518761,
        "var": 90.7408599854
    },
    "melbands_skewness": {
        "dmean": 0.485425442457,
        "dmean2": 0.737065434456,
        "dvar": 0.263648688793,
        "dvar2": 0.591246724129,
        "max": 9.13521385193,
        "mean": 2.25268745422,
        "median": 2.14654779434,
        "min": -0.378338485956,
        "var": 1.24669253826
    },
    "melbands_spread": {
        "dmean": 3.10257148743,
        "dmean2": 4.82258844376,
        "dvar": 16.0508155823,
        "dvar2": 36.6279678345,
        "max": 68.3024978638,
        "mean": 13.7363042831,
        "median": 11.9832782745,
        "min": 2.24392175674,
        "var": 61.3681526184
    },
    "pitch_salience": {
        "dmean": 0.0596793815494,
        "dmean2": 0.0952312350273,
        "dvar": 0.00250197551213,
        "dvar2": 0.00613322854042,
        "max": 0.816711425781,
        "mean": 0.531700968742,
        "median": 0.530920743942,
        "min": 0.26076990366,
        "var": 0.0090191019699
    },
    "silence_rate_20dB": {
        "dmean": 0,
        "dmean2": 0,
        "dvar": 0,
        "dvar2": 0,
        "max": 1,
        "mean": 1,
        "median": 1,
        "min": 1,
        "var": 0
    },
    "silence_rate_30dB": {
        "dmean": 0.0263157896698,
        "dmean2": 0.0526723451912,
        "dvar": 0.0256233531982,
        "dvar2": 0.0576441064477,
        "max": 1,
        "mean": 0.977571547031,
        "median": 1,
        "min": 0,
        "var": 0.02192562446
    },
    "silence_rate_60dB": {
        "dmean": 0.00464396271855,
        "dmean2": 0.00929511990398,
        "dvar": 0.00462229317054,
        "dvar2": 0.00920864567161,
        "max": 1,
        "mean": 0.0634184032679,
        "median": 0,
        "min": 0,
        "var": 0.0593953952193
    },
    "spectral_centroid": {
        "dmean": 125.990776062,
        "dmean2": 198.821350098,
        "dvar": 21201.0625,
        "dvar2": 45765.8476562,
        "max": 2394.79980469,
        "mean": 818.623840332,
        "median": 756.8515625,
        "min": 328.831604004,
        "var": 92173.1015625
    },
    "spectral_complexity": {
        "dmean": 2.23529410362,
        "dmean2": 3.56158018112,
        "dvar": 4.35329627991,
        "dvar2": 10.799246788,
        "max": 39,
        "mean": 16.5336418152,
        "median": 17,
        "min": 0,
        "var": 38.2952461243
    },
    "spectral_decrease": {
        "dmean": 2.25437535306e-09,
        "dmean2": 3.26692961572e-09,
        "dvar": 1.30946363649e-17,
        "dvar2": 2.64302436771e-17,
        "max": -3.33019240608e-15,
        "mean": -9.27935417394e-09,
        "median": -8.39939762187e-09,
        "min": -4.73923229549e-08,
        "var": 4.46807629745e-17
    },
    "spectral_energy": {
        "dmean": 0.00876208208501,
        "dmean2": 0.0126754045486,
        "dvar": 0.000192353734747,
        "dvar2": 0.000389821303543,
        "max": 0.182128638029,
        "mean": 0.0365712828934,
        "median": 0.0331316255033,
        "min": 1.34100046623e-08,
        "var": 0.000675107352436
    },
    "spectral_energyband_high": {
        "dmean": 0.000111299537821,
        "dmean2": 0.000162342650583,
        "dvar": 1.76763407467e-07,
        "dvar2": 3.43374125578e-07,
        "max": 0.0115153752267,
        "mean": 0.000227920594625,
        "median": 8.62514207256e-05,
        "min": 2.14766884832e-10,
        "var": 2.61391392087e-07
    },
    "spectral_energyband_low": {
        "dmean": 0.00563336582854,
        "dmean2": 0.00824086740613,
        "dvar": 0.000161253861734,
        "dvar2": 0.000311952200718,
        "max": 0.158593192697,
        "mean": 0.0131314508617,
        "median": 0.00632099434733,
        "min": 4.10340234014e-10,
        "var": 0.000357657729182
    },
    "spectral_energyband_middle_high": {
        "dmean": 0.00144232693128,
        "dmean2": 0.00219454895705,
        "dvar": 5.39455231774e-06,
        "dvar2": 1.27657312987e-05,
        "max": 0.0487776659429,
        "mean": 0.00462579494342,
        "median": 0.00348005443811,
        "min": 5.14097930893e-10,
        "var": 2.40305143961e-05
    },
    "spectral_energyband_middle_low": {
        "dmean": 0.00502055836841,
        "dmean2": 0.0079240296036,
        "dvar": 4.39754185209e-05,
        "dvar2": 0.000109032560431,
        "max": 0.0988854467869,
        "mean": 0.0199232269078,
        "median": 0.0174046810716,
        "min": 1.22674892467e-08,
        "var": 0.000193490559468
    },
    "spectral_entropy": {
        "dmean": 0.140479296446,
        "dmean2": 0.205821484327,
        "dvar": 0.0177407711744,
        "dvar2": 0.0354526787996,
        "max": 8.34353256226,
        "mean": 7.03514862061,
        "median": 7.06194925308,
        "min": 5.76393795013,
        "var": 0.129640668631
    },
    "spectral_flux": {
        "dmean": 0.0209960695356,
        "dmean2": 0.0335805751383,
        "dvar": 0.000809249468148,
        "dvar2": 0.00176517048385,
        "max": 0.373032599688,
        "mean": 0.0736040994525,
        "median": 0.0652981325984,
        "min": 0.000223081107833,
        "var": 0.00202190084383
    },
    "spectral_kurtosis": {
        "dmean": 3.68686890602,
        "dmean2": 6.19215106964,
        "dvar": 17.9900989532,
        "dvar2": 49.9561767578,
        "max": 48.6383666992,
        "mean": 8.11820793152,
        "median": 6.12938022614,
        "min": -0.541486024857,
        "var": 44.0608024597
    },
    "spectral_rms": {
        "dmean": 0.000645090884063,
        "dmean2": 0.000930287525989,
        "dvar": 6.51618563552e-07,
        "dvar2": 1.27199382405e-06,
        "max": 0.0133299091831,
        "mean": 0.00555055821314,
        "median": 0.00568537926301,
        "min": 3.61703359886e-06,
        "var": 4.87063562105e-06
    },
    "spectral_rolloff": {
        "dmean": 204.548400879,
        "dmean2": 349.434295654,
        "dvar": 166201.625,
        "dvar2": 394940.6875,
        "max": 7084.42382812,
        "mean": 796.445251465,
        "median": 645.99609375,
        "min": 107.666015625,
        "var": 334890.15625
    },
    "spectral_skewness": {
        "dmean": 0.344215333462,
        "dmean2": 0.567715466022,
        "dvar": 0.107582032681,
        "dvar2": 0.295993596315,
        "max": 4.92309904099,
        "mean": 1.93360567093,
        "median": 1.83421742916,
        "min": 0.446517854929,
        "var": 0.379544317722
    },
    "spectral_spread": {
        "dmean": 421997.1875,
        "dmean2": 611478.375,
        "dvar": 253571203072,
        "dvar2": 450913828864,
        "max": 9063146,
        "mean": 3143197,
        "median": 2963647.75,
        "min": 1321334.25,
        "var": 1.18549014118e+12
    },
    "spectral_strongpeak": {
        "dmean": 0.435938298702,
        "dmean2": 0.748488068581,
        "dvar": 0.520506501198,
        "dvar2": 1.24805212021,
        "max": 7.84629917145,
        "mean": 1.09895253181,
        "median": 0.667703926563,
        "min": 0.000168990984093,
        "var": 1.2855322361
    },
    "zerocrossingrate": {
        "dmean": 0.00497729424387,
        "dmean2": 0.00633101444691,
        "dvar": 3.6334793549e-05,
        "dvar2": 4.79187256133e-05,
        "max": 0.17626953125,
        "mean": 0.0353239178658,
        "median": 0.03271484375,
        "min": 0.01220703125,
        "var": 0.000222351547563
    },
    "barkbands": {
        "dmean": [7.59856848163e-05, 0.00379016203806, 0.00257055368274, 0.00110393576324, 0.00174586614594, 0.00179004785605, 0.00150573812425, 0.000702314719092, 0.00117112870794, 0.000632987706922, 0.000365258543752, 0.000338807411026, 0.000238358945353, 0.00028497169842, 0.000272809586022, 0.000189965678146, 0.000140707750688, 0.000141062177136, 4.39069845015e-05, 3.18998827424e-05, 3.08769631374e-05, 2.38588399952e-05, 4.60326882603e-05, 1.1580618775e-05, 1.18443849715e-05, 1.50497760387e-06, 3.63892738164e-08],
        "dmean2": [0.000122081270092, 0.00534187722951, 0.0042554019019, 0.00187869777437, 0.00291485083289, 0.00289604719728, 0.00209249393083, 0.00108015874866, 0.00179910729639, 0.000938382931054, 0.000579293642659, 0.000501585309394, 0.000378082186216, 0.00042760418728, 0.000427620252594, 0.00031705951551, 0.000233168131672, 0.000233321799897, 7.20479729353e-05, 4.75012384413e-05, 4.74677581224e-05, 3.71547102986e-05, 6.58921417198e-05, 1.84639302461e-05, 1.72186173586e-05, 2.24347968469e-06, 6.63086581199e-08],
        "dvar": [3.58808627254e-08, 0.000120529162814, 3.30045040755e-05, 2.18632999349e-06, 5.50865661353e-06, 1.13482747111e-05, 5.06286642121e-06, 1.22456526697e-06, 2.03234321816e-05, 1.98194356926e-06, 2.86538374894e-06, 9.51739593802e-07, 2.40582409106e-07, 2.46053275532e-07, 3.17107776482e-07, 2.22635151204e-07, 1.33533617941e-07, 1.02153478565e-07, 6.73075861712e-09, 3.04957725739e-09, 3.98768529308e-09, 8.90277274124e-09, 6.60107701833e-08, 1.83536907894e-09, 1.99432825809e-09, 2.47034788459e-11, 2.47803588359e-14],
        "dvar2": [9.72610649796e-08, 0.000246844196226, 8.79113213159e-05, 5.85717907597e-06, 1.54036406457e-05, 3.29787362716e-05, 9.74969952949e-06, 3.0321077702e-06, 4.98618173879e-05, 3.96646328227e-06, 7.08368906999e-06, 2.1118589757e-06, 6.25784991826e-07, 5.108371397e-07, 7.26086227587e-07, 5.93742015553e-07, 3.8584153117e-07, 2.88716279329e-07, 1.6819669213e-08, 7.05537805956e-09, 8.07516098433e-09, 2.01783887377e-08, 1.28188005988e-07, 4.64677096801e-09, 4.57150495237e-09, 5.23314239165e-11, 6.87758633681e-14],
        "max": [0.00237611145712, 0.145869284868, 0.0743667930365, 0.0158914085478, 0.0467188581824, 0.0477017536759, 0.0589037798345, 0.01392349042, 0.0863287001848, 0.0331068783998, 0.0369739979506, 0.0201875306666, 0.00786917936057, 0.00764281861484, 0.0108862901106, 0.00714212656021, 0.00725194532424, 0.00578078813851, 0.00151855184231, 0.000632662966382, 0.00126611674204, 0.00216668797657, 0.00746901333332, 0.000919709680602, 0.00116159126628, 8.91864474397e-05, 2.22159201257e-06],
        "mean": [9.54667120823e-05, 0.0056654503569, 0.00611971365288, 0.00216719508171, 0.00461061066017, 0.00390576757491, 0.00547631504014, 0.00165230268613, 0.001839141245, 0.00125126773492, 0.000585582165513, 0.000602083047852, 0.000404385122238, 0.000516414293088, 0.000496621767525, 0.000315782555845, 0.00023444359249, 0.000261480192421, 9.00108716451e-05, 7.57794477977e-05, 6.92107860232e-05, 4.24275240221e-05, 6.39704085188e-05, 1.38452023748e-05, 1.42425369631e-05, 1.78933646566e-06, 2.48015723514e-08],
        "median": [1.98129328055e-05, 0.00152734119911, 0.00264919642359, 0.00177193875425, 0.00319458707236, 0.00181277515367, 0.0019346200861, 0.000637590710539, 0.000596861005761, 0.000589395232964, 0.000164722616319, 0.000221272304771, 0.000187894213013, 0.000255552324234, 0.000229996410781, 8.79588333191e-05, 0.00011648034706, 0.000122070705402, 5.49337746634e-05, 3.57282151526e-05, 3.26152949128e-05, 1.0487579857e-05, 7.92608807387e-06, 2.71772842098e-06, 1.75442517047e-06, 8.55408757161e-08, 9.55369228173e-10],
        "min": [3.63216852428e-11, 3.22717491619e-10, 5.48279546764e-11, 2.77451880915e-11, 3.99346195001e-10, 7.00082991578e-10, 4.16321555008e-09, 3.37480404733e-10, 6.12400907762e-10, 6.57312676511e-11, 4.89046650398e-11, 4.78205877674e-11, 1.72835929596e-11, 3.41600601972e-11, 1.50126456405e-11, 1.36100644643e-11, 3.83341865196e-11, 5.39492131524e-11, 2.28246449518e-11, 2.57810682525e-11, 2.21044849091e-11, 1.5952147589e-11, 2.17035070471e-11, 3.28849170117e-11, 2.6350061022e-11, 3.96645841172e-11, 4.51999097872e-11],
        "var": [4.37954064125e-08, 0.000199238784262, 5.80103514949e-05, 4.12326608057e-06, 2.43821777985e-05, 3.31509982061e-05, 7.15378992027e-05, 5.65327627555e-06, 2.43969570874e-05, 6.52645167065e-06, 5.29757835466e-06, 1.96342807612e-06, 4.87990917009e-07, 5.48903869912e-07, 7.09218454631e-07, 5.09709025209e-07, 1.66640504062e-07, 1.75970299665e-07, 1.29300801177e-08, 1.01227772831e-08, 1.26567325509e-08, 1.21033369993e-08, 8.20984098482e-08, 1.90955962154e-09, 2.21478968498e-09, 4.26793114738e-11, 1.758535605e-14]
    },
    "erbbands": {
        "dmean": [0.107524625957, 0.886952698231, 2.60774254799, 3.37729334831, 4.55147409439, 5.99492692947, 13.2467060089, 15.8055963516, 22.8675842285, 14.9934148788, 15.3794622421, 25.2186450958, 18.7809410095, 21.17993927, 16.5549430847, 13.496509552, 11.1197595596, 14.8661460876, 16.6751556396, 8.56159496307, 8.61976146698, 7.17210483551, 8.05504989624, 3.53930544853, 1.99407303333, 1.75663375854, 1.42095828056, 0.789092540741, 0.831338822842, 1.65042030811, 1.03434848785, 0.313955664635, 0.178904041648, 0.107830390334, 0.0927869156003, 0.011961649172, 0.00242816098034, 0.000261339388089, 9.23825973587e-06, 9.88952706393e-06],
        "dmean2": [0.157473117113, 1.29859018326, 4.27770853043, 5.56180763245, 7.5187792778, 10.2035770416, 20.3661079407, 26.337934494, 32.5475120544, 22.6900119781, 23.3939323425, 38.7591934204, 30.2135066986, 31.8677749634, 26.3039588928, 19.9330120087, 17.4778881073, 22.2235736847, 25.973482132, 13.4951190948, 14.5701141357, 11.8871116638, 13.4376878738, 5.68910455704, 3.25549507141, 2.59402751923, 2.19189786911, 1.2248313427, 1.27216112614, 2.35082530975, 1.54387903214, 0.501001536846, 0.286905288696, 0.158609330654, 0.134182468057, 0.0181839875877, 0.00376200978644, 0.0004297712876, 1.41240097946e-05, 1.41457630889e-05],
        "dvar": [0.120955094695, 6.16686630249, 37.8555335999, 30.2727813721, 37.0316390991, 71.2660980225, 438.100463867, 1319.0645752, 1263.01330566, 463.436584473, 1342.2833252, 7919.46679688, 6800.53076172, 2180.1340332, 6394.34814453, 898.3125, 560.907836914, 690.817993164, 1115.58459473, 365.955505371, 384.784454346, 406.920288086, 433.565155029, 40.3847732544, 12.1612300873, 10.2714481354, 7.38111782074, 5.53998279572, 7.36333847046, 34.9407730103, 70.4195175171, 2.42910313606, 0.336303800344, 0.088648326695, 0.208502471447, 0.00179831287824, 6.31066795904e-05, 8.09951245628e-07, 4.34934172011e-10, 2.31271585216e-10],
        "dvar2": [0.259369760752, 12.7853393555, 98.7933425903, 80.3022460938, 98.8112106323, 204.535751343, 1027.98388672, 4002.25024414, 2674.71118164, 1138.38623047, 3435.15185547, 18962.4824219, 15109.421875, 4212.82666016, 16529.6132812, 1728.03967285, 1480.25744629, 1388.86547852, 2510.80615234, 900.152404785, 1050.87939453, 1173.77502441, 1285.14990234, 100.178794861, 32.3361968994, 23.5185489655, 15.7656459808, 10.4320373535, 16.3513641357, 71.0047454834, 139.425918579, 5.35753774643, 0.814700365067, 0.186998829246, 0.490744203329, 0.00367734301835, 0.000129138323246, 1.82365965884e-06, 9.5202268291e-10, 4.66725547099e-10],
        "max": [4.44853258133, 31.3970108032, 81.1243896484, 63.1921958923, 87.5137329102, 187.838516235, 324.015716553, 467.8934021, 824.979431152, 325.647033691, 959.78729248, 1730.12036133, 2080.05029297, 1646.09936523, 1677.95947266, 658.742675781, 417.153259277, 402.756591797, 580.806335449, 373.315734863, 192.143707275, 411.352630615, 323.763916016, 127.219894409, 42.702293396, 37.6481361389, 60.8149337769, 56.9682884216, 54.436832428, 137.023696899, 249.728500366, 36.1099739075, 14.8804597855, 5.96272611618, 13.0253210068, 0.911675632, 0.136569499969, 0.0212269239128, 0.000384725484764, 0.0002148389176],
        "mean": [0.148246765137, 1.39998269081, 6.10660362244, 7.87307405472, 9.50083637238, 15.897810936, 29.6276073456, 32.1796531677, 78.7935791016, 48.9142456055, 34.5746459961, 41.0858001709, 38.072467804, 42.8640060425, 29.0322990417, 27.0545387268, 20.4403915405, 27.3537883759, 33.014755249, 17.4650802612, 13.9269638062, 12.4380350113, 14.9253396988, 7.60272789001, 4.44189405441, 4.11210346222, 3.32125782967, 1.69649791718, 1.4759169817, 2.47894263268, 1.41783952713, 0.411734133959, 0.200501933694, 0.137551635504, 0.106669604778, 0.0151032749563, 0.00273392675444, 0.000245580158662, 2.43881295319e-05, 4.19909192715e-05],
        "median": [0.0323040597141, 0.415134847164, 2.64307165146, 6.26552677155, 6.63179254532, 10.3644590378, 17.2497711182, 10.9299669266, 27.0928211212, 28.2329044342, 16.5073280334, 14.1755104065, 16.3067646027, 17.8866863251, 9.65801143646, 11.1294498444, 10.2944545746, 15.2409648895, 15.1388168335, 7.77330732346, 5.82109069824, 6.36032915115, 7.19221353531, 4.59457874298, 2.79296636581, 2.00592327118, 1.58971166611, 0.853095769882, 0.412630587816, 0.384751856327, 0.165442734957, 0.0808945521712, 0.0314498431981, 0.020867606625, 0.0116073135287, 0.00107008311898, 0.000126170751173, 1.09853608592e-05, 1.91434028238e-05, 3.89914675907e-05],
        "min": [1.13314868599e-08, 6.34976871083e-08, 7.8017002636e-08, 6.8432086664e-08, 4.5923570724e-07, 1.36239088988e-06, 5.20917592439e-06, 9.48870729189e-06, 6.48526911391e-05, 2.39438941207e-05, 8.53098117659e-06, 1.31805636556e-05, 1.00865217973e-05, 1.78598463663e-06, 2.2148503831e-06, 2.07129482988e-06, 8.67635321811e-07, 1.27328735289e-06, 1.63558308941e-06, 5.17105945619e-07, 1.12621637527e-06, 1.6850568727e-06, 2.67322411673e-06, 1.64484265497e-06, 1.49193351717e-06, 1.30223304495e-06, 9.70069550021e-07, 7.63146317695e-07, 5.57612736429e-07, 5.84187773711e-07, 5.29794760951e-07, 6.54792302157e-07, 4.63120841232e-07, 2.83114758304e-07, 2.04189561259e-07, 1.44541203895e-07, 7.94029020312e-08, 2.64658090998e-08, 5.78456749167e-09, 7.36457617112e-10],
        "var": [0.181825816631, 10.0030059814, 63.3614006042, 54.8836593628, 89.4877243042, 351.464172363, 1488.29943848, 3059.62670898, 14313.7304688, 3019.00292969, 2679.25976562, 10012.4609375, 12880.4179688, 11011.5556641, 12836.1425781, 3070.01757812, 1191.55810547, 1486.8717041, 3087.54296875, 909.288085938, 572.775878906, 491.759338379, 648.294006348, 89.3037033081, 27.5821228027, 32.3156700134, 27.0885848999, 10.5984458923, 11.6809997559, 48.0837860107, 81.4809036255, 2.8700492382, 0.3389942348, 0.124318443239, 0.206728696823, 0.00299387960695, 9.51779511524e-05, 9.52836444412e-07, 7.14755810094e-10, 8.59966209354e-10]
    },
    "gfcc": {
        "mean": [-36.5283813477, 156.558685303, -136.833557129, 32.2244644165, -57.7174377441, -0.757747888565, -32.6844406128, -4.62280416489, -13.5809373856, -6.49206066132, -6.39861488342, -10.8141965866, -4.70836019516],
        "cov": [[7827.93212891, -902.592407227, 256.492706299, 419.315734863, -97.6748886108, 885.024353027, -313.450073242, 259.904602051, -193.732254028, 85.0704727173, -279.287780762, 145.796798706, -51.8734703064], [-902.592407227, 1274.69824219, -486.203125, -228.28855896, 282.560394287, -545.06439209, 343.06161499, -324.316864014, 140.845977783, -214.276748657, 151.077636719, -210.960525513, 132.535247803], [256.492706299, -486.203125, 612.212097168, 130.764221191, -79.6285934448, 321.356842041, -148.405441284, 219.331359863, -34.493850708, 165.781555176, -62.0183029175, 93.7244415283, -77.5551681519], [419.315734863, -228.28855896, 130.764221191, 375.619232178, 69.6706390381, 187.127029419, -15.2992601395, 63.0540161133, 17.4553222656, 43.3673973083, -15.7901859283, 14.0803527832, 16.9687137604], [-97.6748886108, 282.560394287, -79.6285934448, 69.6706390381, 245.495300293, -47.0569190979, 113.510505676, -73.8921432495, 19.4811916351, -32.4291000366, -3.12773942947, -62.6355438232, 16.810546875], [885.024353027, -545.06439209, 321.356842041, 187.127029419, -47.0569190979, 492.716461182, -122.203765869, 175.492263794, -50.2987594604, 92.3516540527, -61.1171646118, 66.924118042, -55.1440849304], [-313.450073242, 343.06161499, -148.405441284, -15.2992601395, 113.510505676, -122.203765869, 208.056137085, -67.1960830688, 30.801815033, -62.6506156921, 27.6415538788, -63.5280685425, 32.3800926208], [259.904602051, -324.316864014, 219.331359863, 63.0540161133, -73.8921432495, 175.492263794, -67.1960830688, 208.159393311, -10.8698606491, 57.143661499, -43.1737174988, 49.941619873, -38.8965797424], [-193.732254028, 140.845977783, -34.493850708, 17.4553222656, 19.4811916351, -50.2987594604, 30.801815033, -10.8698606491, 138.735153198, 9.75449848175, 29.084444046, -20.7006072998, 17.8338718414], [85.0704727173, -214.276748657, 165.781555176, 43.3673973083, -32.4291000366, 92.3516540527, -62.6506156921, 57.143661499, 9.75449848175, 155.738815308, -5.63575315475, 35.655872345, -20.7577514648], [-279.287780762, 151.077636719, -62.0183029175, -15.7901859283, -3.12773942947, -61.1171646118, 27.6415538788, -43.1737174988, 29.084444046, -5.63575315475, 120.625473022, 0.222014814615, 36.6927871704], [145.796798706, -210.960525513, 93.7244415283, 14.0803527832, -62.6355438232, 66.924118042, -63.5280685425, 49.941619873, -20.7006072998, 35.655872345, 0.222014814615, 117.147636414, -1.69070351124], [-51.8734703064, 132.535247803, -77.5551681519, 16.9687137604, 16.810546875, -55.1440849304, 32.3800926208, -38.8965797424, 17.8338718414, -20.7577514648, 36.6927871704, -1.69070351124, 102.677078247]],
        "icov": [[0.000229564160691, -0.000726883648895, 0.000456783542177, -0.000437440408859, 0.000468353624456, -0.000710440217517, 0.000512583123054, -0.000319224462146, 0.000505565200001, -0.000480099901324, 0.000823178153951, -0.000599831051659, 0.000241824367549], [-0.000726883648895, 0.0118007697165, -0.00425946619362, 0.00577089143917, -0.00737098278478, 0.00598471518606, -0.00616492237896, 0.00519849034026, -0.00663643609732, 0.00752020534128, -0.00810447428375, 0.00842148065567, -0.00572830997407], [0.000456783542177, -0.00425946619362, 0.00569113483652, -0.00239285314456, 0.00229913252406, -0.00339563447051, 0.00297682336532, -0.00411477917805, 0.00283147930168, -0.00507640000433, 0.00338425650261, -0.0038856039755, 0.00293392967433], [-0.000437440408859, 0.00577089143917, -0.00239285314456, 0.00687467958778, -0.00525109749287, 0.0015683718957, -0.00280697993003, 0.00208542728797, -0.00406728964299, 0.00349566549994, -0.00407875142992, 0.00407299166545, -0.00429852027446], [0.000468353624456, -0.00737098278478, 0.00229913252406, -0.00525109749287, 0.0116164963692, -0.00391555251554, 0.000590750481933, -0.000841903849505, 0.00407943082973, -0.00475505460054, 0.00631969841197, -0.00372593407519, 0.00385583704337], [-0.000710440217517, 0.00598471518606, -0.00339563447051, 0.0015683718957, -0.00391555251554, 0.00789899099618, -0.0024597174488, 0.0010037671309, -0.00250205537304, 0.00369977136143, -0.00447551626712, 0.00423297798261, -0.00201710709371], [0.000512583123054, -0.00616492237896, 0.00297682336532, -0.00280697993003, 0.000590750481933, -0.0024597174488, 0.0118684386835, -0.00385629665107, 0.00298936362378, -0.00256637460552, 0.00327972439118, -0.00265006371774, 0.00205385126173], [-0.000319224462146, 0.00519849034026, -0.00411477917805, 0.00208542728797, -0.000841903849505, 0.0010037671309, -0.00385629665107, 0.0120523478836, -0.00399631494656, 0.00372077221982, -0.00174303702079, 0.0026866546832, -0.00175190961454], [0.000505565200001, -0.00663643609732, 0.00283147930168, -0.00406728964299, 0.00407943082973, -0.00250205537304, 0.00298936362378, -0.00399631494656, 0.0123120527714, -0.00579730886966, 0.00307451444678, -0.00344808539376, 0.0026983327698], [-0.000480099901324, 0.00752020534128, -0.00507640000433, 0.00349566549994, -0.00475505460054, 0.00369977136143, -0.00256637460552, 0.00372077221982, -0.00579730886966, 0.0145279290155, -0.00596236996353, 0.00466577569023, -0.0032257870771], [0.000823178153951, -0.00810447428375, 0.00338425650261, -0.00407875142992, 0.00631969841197, -0.00447551626712, 0.00327972439118, -0.00174303702079, 0.00307451444678, -0.00596236996353, 0.0167182683945, -0.00703619932756, 0.00114478950854], [-0.000599831051659, 0.00842148065567, -0.0038856039755, 0.00407299166545, -0.00372593407519, 0.00423297798261, -0.00265006371774, 0.0026866546832, -0.00344808539376, 0.00466577569023, -0.00703619932756, 0.0179763399065, -0.00569198746234], [0.000241824367549, -0.00572830997407, 0.00293392967433, -0.00429852027446, 0.00385583704337, -0.00201710709371, 0.00205385126173, -0.00175190961454, 0.0026983327698, -0.0032257870771, 0.00114478950854, -0.00569198746234, 0.0155323939398]]
    },
    "melbands": {
        "dmean": [0.00102093687747, 0.00122401723638, 0.000584462599363, 0.000351573893568, 0.000409816158935, 0.000341814127751, 0.000340094702551, 0.000157802161993, 0.000120818600408, 0.000175141642103, 9.18648001971e-05, 8.81239684531e-05, 5.37638552487e-05, 4.04935417464e-05, 2.69982811005e-05, 2.80156746157e-05, 2.83308818325e-05, 2.77058225038e-05, 1.39592020787e-05, 1.41877808346e-05, 1.00127463156e-05, 6.58648468743e-06, 1.13298901852e-05, 6.13295742369e-06, 2.81391885437e-06, 1.8943867417e-06, 1.19326659842e-06, 1.10293626676e-06, 7.59524823479e-07, 1.05182346033e-06, 3.55062724111e-07, 4.79165180423e-07, 5.37843902748e-07, 1.18580987873e-06, 6.96473193784e-07, 2.94675288615e-07, 1.58686802365e-07, 1.45910561855e-07, 7.37995335953e-08, 1.15460323968e-07],
        "dmean2": [0.00144538073801, 0.00188851240091, 0.000953218550421, 0.000586347538047, 0.00064365810249, 0.00056879373733, 0.000480425864225, 0.000244816881604, 0.00018707975687, 0.00026908214204, 0.000148279374116, 0.000132366505568, 8.58703133417e-05, 6.06136054557e-05, 4.08736959798e-05, 4.33930836152e-05, 4.2046445742e-05, 4.30405125371e-05, 2.22044454858e-05, 2.27000946325e-05, 1.72666677827e-05, 1.06776069515e-05, 1.97206372832e-05, 9.65579693002e-06, 4.65192943011e-06, 3.14128715218e-06, 1.84568420991e-06, 1.640341452e-06, 1.18589275644e-06, 1.62776916568e-06, 5.57117346034e-07, 7.42477709537e-07, 8.32001262552e-07, 1.66726204043e-06, 1.0179801393e-06, 4.73949143043e-07, 2.51247456617e-07, 2.35123124526e-07, 1.16691502683e-07, 1.69233842939e-07],
        "dvar": [9.86516079138e-06, 7.95889536676e-06, 7.88564307186e-07, 2.73263935924e-07, 3.95635339601e-07, 5.53338963982e-07, 2.75840221775e-07, 5.50414824829e-08, 1.64859059737e-07, 4.08388245887e-07, 1.63312066093e-07, 3.82798432952e-08, 6.59931984615e-08, 1.45545229202e-08, 4.48770087758e-09, 3.05024072667e-09, 2.87256818332e-09, 3.11750047999e-09, 8.38666303071e-10, 1.63125901675e-09, 6.09863548551e-10, 3.31140892484e-10, 1.17495624341e-09, 2.04279759775e-10, 3.10890861666e-11, 1.36443963766e-11, 3.57486219446e-12, 3.91322781471e-12, 2.12734170557e-12, 4.44740988828e-12, 1.98608772657e-12, 2.51425247809e-12, 3.94771715317e-12, 1.60033600954e-11, 3.76925747558e-11, 4.48611980897e-12, 4.10508270172e-13, 2.32948263543e-13, 3.41676658483e-14, 1.05997716572e-13],
        "dvar2": [2.05412397918e-05, 1.87858149729e-05, 2.0412376216e-06, 7.99051235845e-07, 9.66171910477e-07, 1.67026144027e-06, 5.48518357846e-07, 1.38245340509e-07, 4.2812834522e-07, 9.71879558165e-07, 3.65262394553e-07, 7.46255892636e-08, 1.71683652184e-07, 3.44020598675e-08, 1.05688293672e-08, 7.62416707545e-09, 5.80034686948e-09, 6.88140877614e-09, 1.89872184642e-09, 4.21444124044e-09, 1.65746483205e-09, 8.88091100659e-10, 3.69904062936e-09, 4.39896480353e-10, 8.0580139783e-11, 3.65769602106e-11, 8.56357085938e-12, 8.93192377699e-12, 5.03544601849e-12, 9.30960256801e-12, 3.62158458604e-12, 5.64463189731e-12, 9.11528665049e-12, 3.1881140089e-11, 8.02103244935e-11, 9.41349862643e-12, 1.01021599939e-12, 5.76946259864e-13, 8.09509794267e-14, 2.21506678017e-13],
        "max": [0.0418040342629, 0.0372722484171, 0.0106626106426, 0.0129870669916, 0.00972940027714, 0.00971475895494, 0.013155983761, 0.00293396320194, 0.0115017723292, 0.0135163385421, 0.0100154597312, 0.00669572222978, 0.00565987732261, 0.00233748392202, 0.00158068421297, 0.000957534124609, 0.000922683801036, 0.00104464101605, 0.000589885108639, 0.000713484885637, 0.000223076553084, 0.000306557281874, 0.000649755354971, 0.000446375634056, 0.000112020832603, 4.53771826869e-05, 2.35642819462e-05, 2.68710591627e-05, 3.43685060216e-05, 3.38291465596e-05, 3.90726563637e-05, 3.24556422129e-05, 3.79993580282e-05, 8.85767585714e-05, 0.000185663389857, 5.70986594539e-05, 1.5234325474e-05, 1.20931435958e-05, 4.36109485236e-06, 4.78356241729e-06],
        "mean": [0.00146084628068, 0.00276672281325, 0.00141168455593, 0.000918802397791, 0.00095881044399, 0.000707524188329, 0.00121697294526, 0.000494425126817, 0.000245781702688, 0.000279565545497, 0.000181688606972, 0.000174286949914, 9.01549719856e-05, 7.3268347478e-05, 4.91500286444e-05, 4.93872830702e-05, 4.77159628645e-05, 5.42625493836e-05, 2.49354161497e-05, 2.65355138254e-05, 1.38113928188e-05, 1.12643820103e-05, 1.62437208928e-05, 1.23418722069e-05, 5.22806794834e-06, 3.50416894435e-06, 2.83216968455e-06, 2.44837633545e-06, 1.71615181443e-06, 2.13921271097e-06, 6.41497251763e-07, 7.46374951177e-07, 9.50733578975e-07, 1.64292703175e-06, 9.04701664695e-07, 3.79054995392e-07, 1.9182650135e-07, 1.50106515662e-07, 8.89934312909e-08, 1.3835759205e-07],
        "median": [0.000373298447812, 0.00120395270642, 0.00115739798639, 0.000589552335441, 0.000592034135479, 0.000228820746997, 0.000419121293817, 0.000259821739746, 0.000114616719657, 9.02761312318e-05, 7.39843671909e-05, 6.63337486912e-05, 2.76403934549e-05, 2.76052360277e-05, 2.06601725949e-05, 2.34627350437e-05, 2.36146697716e-05, 2.27228410949e-05, 1.3045567357e-05, 6.83516509525e-06, 6.21054687144e-06, 5.54787766305e-06, 6.64826347929e-06, 5.60092485102e-06, 2.98347549688e-06, 1.87473722235e-06, 1.40519398428e-06, 1.15551358704e-06, 8.161025562e-07, 8.89643672508e-07, 2.73384557659e-07, 2.16859149305e-07, 1.50899140294e-07, 2.18997072921e-07, 8.33404527611e-08, 5.06392900945e-08, 3.93005059607e-08, 2.04144487981e-08, 1.11923821322e-08, 1.58564894548e-08],
        "min": [9.71795283133e-11, 5.696224048e-11, 2.00551519836e-11, 6.16790715724e-11, 1.51596082909e-10, 2.22780460746e-10, 9.67355195947e-10, 2.03835587298e-10, 7.72404917804e-11, 8.24933177324e-11, 4.88432141954e-11, 5.91768951549e-12, 7.16604770315e-12, 7.63325860853e-12, 1.86882974373e-12, 2.25700231074e-12, 2.14635340751e-12, 3.12003808206e-12, 7.32471863111e-13, 7.34853801074e-13, 1.43696686494e-12, 1.47314907668e-12, 9.83535301813e-13, 3.49473141398e-12, 9.50914585789e-13, 8.99788490244e-13, 1.12859667358e-12, 7.67828888578e-13, 4.83138648446e-13, 5.98139593411e-13, 3.58585394451e-13, 3.26324145657e-13, 3.11098992704e-13, 3.68823623986e-13, 3.03001249308e-13, 3.64567696778e-13, 4.28689662978e-13, 3.21413089286e-13, 3.37504058989e-13, 2.05122065709e-13],
        "var": [1.55968937179e-05, 1.44801961142e-05, 1.56469377544e-06, 1.37088511565e-06, 1.33024525439e-06, 1.42223279909e-06, 3.54397661795e-06, 2.91667390684e-07, 2.10204092355e-07, 5.20470678111e-07, 3.06747068635e-07, 1.91869602872e-07, 1.25838369058e-07, 3.13280992259e-08, 9.51590717335e-09, 6.86923007365e-09, 5.87126569584e-09, 9.44718436813e-09, 1.63295443834e-09, 4.51036230587e-09, 6.16567574774e-10, 4.37400310416e-10, 1.05658259919e-09, 5.38044830911e-10, 5.00411830029e-11, 2.46267017195e-11, 1.28434667415e-11, 1.18301228189e-11, 6.89174238511e-12, 1.37698177513e-11, 3.03438047258e-12, 3.485637343e-12, 6.19221427606e-12, 2.24762482931e-11, 3.99162057574e-11, 5.16113584162e-12, 4.62481561294e-13, 2.16545951635e-13, 4.39006741116e-14, 1.46947205923e-13]
    },
    "mfcc": {
        "mean": [-669.604736328, 171.908798218, -14.0343017578, 29.3517379761, -2.26208019257, 3.69164276123, -7.1199965477, -0.909597039223, -5.7304854393, 0.402479559183, 1.12064146996, -2.21494913101, -3.99189782143],
        "cov": [[6234.30126953, -252.789733887, -37.586807251, 70.9530715942, 125.698127747, 442.429046631, -24.1769886017, 279.388549805, 37.0011749268, 45.2559547424, -79.2920150757, -64.9162902832, 124.285919189], [-252.789733887, 1269.6027832, -580.268005371, 125.110427856, -177.737075806, -134.650665283, 47.6557312012, -144.609466553, 11.241396904, -82.2219161987, -10.8375473022, -15.8767766953, -123.164970398], [-37.586807251, -580.268005371, 647.333679199, -125.931983948, 146.249328613, 58.0193252563, -15.1929531097, 86.0011520386, 13.952837944, 98.1450958252, 47.9950675964, 13.2284355164, 121.099555969], [70.9530715942, 125.110427856, -125.931983948, 290.894714355, 17.9470214844, 40.7085533142, 30.6359596252, -10.8951816559, 35.0688514709, 18.1281337738, -33.1565551758, -0.112139903009, 19.306930542], [125.698127747, -177.737075806, 146.249328613, 17.9470214844, 191.756027222, 95.7854309082, 19.4264335632, 42.1089057922, 21.7499980927, 46.4024505615, 8.72278499603, 14.7663354874, 28.4521789551], [442.429046631, -134.650665283, 58.0193252563, 40.7085533142, 95.7854309082, 224.516708374, 46.8515853882, 37.3172798157, 14.6662607193, 38.6755180359, 4.03623151779, -0.877494156361, 33.466091156], [-24.1769886017, 47.6557312012, -15.1929531097, 30.6359596252, 19.4264335632, 46.8515853882, 143.22076416, 25.9539737701, 3.91121029854, 16.9301013947, -12.5729694366, 7.22250509262, -13.9934091568], [279.388549805, -144.609466553, 86.0011520386, -10.8951816559, 42.1089057922, 37.3172798157, 25.9539737701, 162.293411255, 22.9916934967, 20.3994846344, -2.96561932564, 8.69475650787, 8.97338294983], [37.0011749268, 11.241396904, 13.952837944, 35.0688514709, 21.7499980927, 14.6662607193, 3.91121029854, 22.9916934967, 95.1195449829, 35.5789680481, 11.3135528564, -10.4486761093, 4.30725049973], [45.2559547424, -82.2219161987, 98.1450958252, 18.1281337738, 46.4024505615, 38.6755180359, 16.9301013947, 20.3994846344, 35.5789680481, 125.469436646, 25.1990261078, -0.759092032909, 12.8960971832], [-79.2920150757, -10.8375473022, 47.9950675964, -33.1565551758, 8.72278499603, 4.03623151779, -12.5729694366, -2.96561932564, 11.3135528564, 25.1990261078, 96.4129486084, 12.9809150696, -2.81893110275], [-64.9162902832, -15.8767766953, 13.2284355164, -0.112139903009, 14.7663354874, -0.877494156361, 7.22250509262, 8.69475650787, -10.4486761093, -0.759092032909, 12.9809150696, 91.6743621826, 5.05549716949], [124.285919189, -123.164970398, 121.099555969, 19.306930542, 28.4521789551, 33.466091156, -13.9934091568, 8.97338294983, 4.30725049973, 12.8960971832, -2.81893110275, 5.05549716949, 124.078048706]],
