{
"lowlevel": {
    "average_loudness": 0.954704761505,
    "barkbands_crest": {
        "dmean": 2.43129181862,
        "dmean2": 3.88482475281,
        "dvar": 5.19734811783,
        "dvar2": 13.3314571381,
        "max": 20.9427661896,
        "mean": 9.04814243317,
        "median": 8.28230381012,
        "min": 3.45497608185,
        "var": 11.8027877808
    },
    "barkbands_flatness_db": {
        "dmean": 0.0184151865542,
        "dmean2": 0.0299295969307,
        "dvar": 0.000300266372506,
        "dvar2": 0.000829379423521,
        "max": 0.254972100258,
        "mean": 0.153250962496,
        "median": 0.150812193751,
        "min": 0.0839542299509,
        "var": 0.000845539034344
    },
    "barkbands_kurtosis": {
        "dmean": 2.01449656487,
        "dmean2": 3.33956837654,
        "dvar": 8.53254985809,
        "dvar2": 23.3162879944,
        "max": 26.249797821,
        "mean": 2.65192914009,
        "median": 1.77660417557,
        "min": -1.54698765278,
        "var": 11.714381218
    },
    "barkbands_skewness": {
        "dmean": 0.441328465939,
        "dmean2": 0.696544826031,
        "dvar": 0.208121106029,
        "dvar2": 0.526590049267,
        "max": 4.88351297379,
        "mean": 1.53433585167,
        "median": 1.48509454727,
        "min": -0.471254020929,
        "var": 0.551219463348
    },
    "barkbands_spread": {
        "dmean": 4.64798116684,
        "dmean2": 7.44951581955,
        "dvar": 21.5876083374,
        "dvar2": 57.4787330627,
        "max": 62.2907066345,
        "mean": 20.7703914642,
        "median": 19.1480884552,
        "min": 4.85192060471,
        "var": 77.3579559326
    },
    "dissonance": {
        "dmean": 0.013844163157,
        "dmean2": 0.0223941486329,
        "dvar": 0.00016174474149,
        "dvar2": 0.000448110135039,
        "max": 0.499918162823,
        "mean": 0.46846601367,
        "median": 0.471622079611,
        "min": 0.362472623587,
        "var": 0.000352657574695
    },
    "dynamic_complexity": 1.77806818485,
    "erbbands_crest": {
        "dmean": 2.27924895287,
        "dmean2": 3.64591050148,
        "dvar": 4.85551166534,
        "dvar2": 12.7965841293,
        "max": 25.9567127228,
        "mean": 7.73302173615,
        "median": 6.8295712471,
        "min": 2.71658682823,
        "var": 12.6735372543
    },
    "erbbands_flatness_db": {
        "dmean": 0.0138271078467,
        "dmean2": 0.0195392277092,
        "dvar": 0.000154620458488,
        "dvar2": 0.000298274855595,
        "max": 0.248862475157,
        "mean": 0.172749236226,
        "median": 0.171814695001,
        "min": 0.105665072799,
        "var": 0.000796677428298
    },
    "erbbands_kurtosis": {
        "dmean": 0.470151901245,
        "dmean2": 0.746167063713,
        "dvar": 0.310514986515,
        "dvar2": 0.746009409428,
        "max": 5.58255386353,
        "mean": -0.435141742229,
        "median": -0.651170492172,
        "min": -1.63952183723,
        "var": 0.792039871216
    },
    "erbbands_skewness": {
        "dmean": 0.30617159605,
        "dmean2": 0.482244163752,
        "dvar": 0.0725101828575,
        "dvar2": 0.181890442967,
        "max": 2.2258181572,
        "mean": 0.232330858707,
        "median": 0.22536483407,
        "min": -1.41459333897,
        "var": 0.227497696877
    },
    "erbbands_spread": {
        "dmean": 7.28550577164,
        "dmean2": 10.962346077,
        "dvar": 52.6041488647,
        "dvar2": 123.578865051,
        "max": 95.6905670166,
        "mean": 42.7307090759,
        "median": 40.0630455017,
        "min": 11.4148550034,
        "var": 213.3046875
    },
    "hfc": {
        "dmean": 5.60983371735,
        "dmean2": 8.64530849457,
        "dvar": 92.7244873047,
        "dvar2": 233.738967896,
        "max": 106.403182983,
        "mean": 19.4281272888,
        "median": 15.0294370651,
        "min": 7.52059859224e-05,
        "var": 186.124267578
    },
    "melbands_crest": {
        "dmean": 3.13996911049,
        "dmean2": 5.03973817825,
        "dvar": 8.38251113892,
        "dvar2": 19.1874141693,
        "max": 30.2728977203,
        "mean": 12.5633916855,
        "median": 11.8238973618,
        "min": 4.27963590622,
        "var": 20.2871742249
    },
    "melbands_flatness_db": {
        "dmean": 0.0226765032858,
        "dmean2": 0.0355613902211,
        "dvar": 0.000480634946143,
        "dvar2": 0.00126619276125,
        "max": 0.310652285814,
        "mean": 0.177732855082,
        "median": 0.174433469772,
        "min": 0.0551304072142,
        "var": 0.0017464448465
    },
    "melbands_kurtosis": {
        "dmean": 5.61787223816,
        "dmean2": 9.2317647934,
        "dvar": 81.789642334,
        "dvar2": 215.694869995,
        "max": 100.694725037,
        "mean": 10.7818241119,
        "median": 7.93109130859,
        "min": -1.09848332405,
        "var": 111.966087341
    },
    "melbands_skewness": {
        "dmean": 0.648412108421,
        "dmean2": 1.02079689503,
        "dvar": 0.560789942741,
        "dvar2": 1.31430363655,
        "max": 8.93438148499,
        "mean": 2.62405705452,
        "median": 2.40956330299,
        "min": -0.087842784822,
        "var": 1.42219996452
    },
    "melbands_spread": {
        "dmean": 5.26154899597,
        "dmean2": 8.41076946259,
        "dvar": 25.0006809235,
        "dvar2": 61.4553985596,
        "max": 78.9109420776,
        "mean": 21.0849075317,
        "median": 19.1182403564,
        "min": 3.92265248299,
        "var": 106.417472839
    },
    "pitch_salience": {
        "dmean": 0.0652138665318,
        "dmean2": 0.10538534075,
        "dvar": 0.00324525195174,
        "dvar2": 0.00814875494689,
        "max": 0.793947279453,
        "mean": 0.572513759136,
        "median": 0.577489078045,
        "min": 0.233476385474,
        "var": 0.00718194385991
    },
    "silence_rate_20dB": {
        "dmean": 0,
        "dmean2": 0,
        "dvar": 0,
        "dvar2": 0,
        "max": 1,
        "mean": 1,
        "median": 1,
        "min": 1,
        "var": 0
    },
    "silence_rate_30dB": {
        "dmean": 0.0232558138669,
        "dmean2": 0.0465477108955,
        "dvar": 0.0227151270956,
        "dvar2": 0.0614485889673,
        "max": 1,
        "mean": 0.985282719135,
        "median": 1,
        "min": 0,
        "var": 0.0145006850362
    },
    "silence_rate_60dB": {
        "dmean": 0.00775193795562,
        "dmean2": 0.0155159039423,
        "dvar": 0.00769183412194,
        "dvar2": 0.0183779373765,
        "max": 1,
        "mean": 0.0216886140406,
        "median": 0,
        "min": 0,
        "var": 0.0212188996375
    },
    "spectral_centroid": {
        "dmean": 231.408309937,
        "dmean2": 372.506134033,
        "dvar": 59360.3984375,
        "dvar2": 163431.140625,
        "max": 3065.67480469,
        "mean": 1247.51477051,
        "median": 1151.1932373,
        "min": 391.918273926,
        "var": 209370.046875
    },
    "spectral_complexity": {
        "dmean": 4.28372097015,
        "dmean2": 6.64623737335,
        "dvar": 30.609380722,
        "dvar2": 65.7817993164,
        "max": 59,
        "mean": 21.7575531006,
        "median": 20,
        "min": 0,
        "var": 82.8962554932
    },
    "spectral_decrease": {
        "dmean": 3.1732121375e-09,
        "dmean2": 5.05773511961e-09,
        "dvar": 3.06641510989e-17,
        "dvar2": 7.4028403189e-17,
        "max": -3.70728668847e-14,
        "mean": -7.7131296905e-09,
        "median": -5.9088685056e-09,
        "min": -4.99925185693e-08,
        "var": 4.25740232899e-17
    },
    "spectral_energy": {
        "dmean": 0.0123674664646,
        "dmean2": 0.0196471177042,
        "dvar": 0.000461377756437,
        "dvar2": 0.00111072359141,
        "max": 0.192447513342,
        "mean": 0.0308733209968,
        "median": 0.023778539151,
        "min": 1.46742664242e-07,
        "var": 0.000651288661174
    },
    "spectral_energyband_high": {
        "dmean": 0.000345178879797,
        "dmean2": 0.00051987869665,
        "dvar": 5.40177666153e-07,
        "dvar2": 1.42705698636e-06,
        "max": 0.0073489123024,
        "mean": 0.000796453445219,
        "median": 0.000348040368408,
        "min": 4.49985249062e-09,
        "var": 9.90688022284e-07
    },
    "spectral_energyband_low": {
        "dmean": 0.00790335517377,
        "dmean2": 0.0130350850523,
        "dvar": 0.000329727161443,
        "dvar2": 0.000844120339025,
        "max": 0.171230062842,
        "mean": 0.0105879157782,
        "median": 0.00456993700936,
        "min": 7.52731921239e-08,
        "var": 0.000340426893672
    },
    "spectral_energyband_middle_high": {
        "dmean": 0.00163738767151,
        "dmean2": 0.00261353864335,
        "dvar": 6.90991964802e-06,
        "dvar2": 1.92028874153e-05,
        "max": 0.0492483191192,
        "mean": 0.00462715886533,
        "median": 0.00353800714947,
        "min": 2.22650591297e-08,
        "var": 1.87544192158e-05
    },
    "spectral_energyband_middle_low": {
        "dmean": 0.00646311277524,
        "dmean2": 0.0100833056495,
        "dvar": 9.64835126069e-05,
        "dvar2": 0.000224040224566,
        "max": 0.104043133557,
        "mean": 0.0168860964477,
        "median": 0.0135297989473,
        "min": 5.04616650687e-08,
        "var": 0.000171490391949
    },
    "spectral_entropy": {
        "dmean": 0.127751260996,
        "dmean2": 0.188363105059,
        "dvar": 0.0166383031756,
        "dvar2": 0.036384973675,
        "max": 8.37092494965,
        "mean": 7.6202917099,
        "median": 7.63104772568,
        "min": 6.82239246368,
        "var": 0.0739495679736
    },
    "spectral_flux": {
        "dmean": 0.0297631323338,
        "dmean2": 0.0475174635649,
        "dvar": 0.00185921229422,
        "dvar2": 0.00415821513161,
        "max": 0.361393511295,
        "mean": 0.0868660509586,
        "median": 0.0690290406346,
        "min": 0.000383070058888,
        "var": 0.00318739074282
    },
    "spectral_kurtosis": {
        "dmean": 1.36132049561,
        "dmean2": 2.38018512726,
        "dvar": 2.18843579292,
        "dvar2": 6.40560054779,
        "max": 12.7827110291,
        "mean": 2.84578704834,
        "median": 2.41629123688,
        "min": -0.14152431488,
        "var": 3.96090722084
    },
    "spectral_rms": {
        "dmean": 0.000946954067331,
        "dmean2": 0.00145105167758,
        "dvar": 1.76929995632e-06,
        "dvar2": 4.03690819439e-06,
        "max": 0.0137023236603,
        "mean": 0.00512567441911,
        "median": 0.00481648975983,
        "min": 1.19650985653e-05,
        "var": 3.84775739803e-06
    },
    "spectral_rolloff": {
        "dmean": 426.707427979,
        "dmean2": 719.350219727,
        "dvar": 236932.359375,
        "dvar2": 563198.9375,
        "max": 5254.1015625,
        "mean": 1249.39050293,
        "median": 1098.19335938,
        "min": 107.666015625,
        "var": 644617.75
    },
    "spectral_skewness": {
        "dmean": 0.206914097071,
        "dmean2": 0.349245071411,
        "dvar": 0.0551818534732,
        "dvar2": 0.15133830905,
        "max": 2.58052492142,
        "mean": 1.25556910038,
        "median": 1.26537370682,
        "min": 0.12292458117,
        "var": 0.143697395921
    },
    "spectral_spread": {
        "dmean": 361932.21875,
        "dmean2": 536049.875,
        "dvar": 174157905920,
        "dvar2": 313863864320,
        "max": 13681527,
        "mean": 4159500.25,
        "median": 4146661.5,
        "min": 2401235.25,
        "var": 584911421440
    },
    "spectral_strongpeak": {
        "dmean": 0.501585841179,
        "dmean2": 0.858702778816,
        "dvar": 0.730724036694,
        "dvar2": 2.04658341408,
        "max": 10.1788396835,
        "mean": 0.921829879284,
        "median": 0.65508544445,
        "min": 0.000134569403599,
        "var": 1.05566775799
    },
    "zerocrossingrate": {
        "dmean": 0.00737986015156,
        "dmean2": 0.0088731572032,
        "dvar": 3.86142310163e-05,
        "dvar2": 6.06943031016e-05,
        "max": 0.14111328125,
        "mean": 0.0544564090669,
        "median": 0.05126953125,
        "min": 0.01806640625,
        "var": 0.000387243926525
    },
    "barkbands": {
        "dmean": [0.000291652424494, 0.00487281056121, 0.00253182579763, 0.00397636229172, 0.00200833450072, 0.00128674518783, 0.000682599027641, 0.000686642772052, 0.00112996879034, 0.000322477368172, 0.000246143055847, 0.000302807224216, 0.000427527993452, 0.000298845930956, 0.000362061109627, 0.000264589994913, 0.000219434616156, 0.000154333712999, 0.000184631717275, 0.000190448685316, 0.000137888710015, 9.85841543297e-05, 5.03821538587e-05, 4.5917724492e-05, 1.2484418221e-05, 1.11703970518e-08, 1.55974833049e-09],
        "dmean2": [0.000444758858066, 0.00822371151298, 0.00448905769736, 0.00646867090836, 0.00318593624979, 0.00184838986024, 0.000987317180261, 0.00102698791306, 0.0016576674534, 0.000525723327883, 0.000393981259549, 0.000492014631163, 0.000672133348417, 0.000475402426673, 0.000592098338529, 0.000430174986832, 0.000369115761714, 0.000261210021563, 0.000325726519804, 0.000337353587383, 0.000235456318478, 0.000154977489728, 7.1498194302e-05, 6.11541545368e-05, 1.78910413524e-05, 1.80072294853e-08, 2.92066215657e-09],
        "dvar": [6.06818957749e-07, 0.000149335712194, 4.7864694352e-05, 5.90230883972e-05, 1.1480025023e-05, 2.14809983845e-06, 6.84564213316e-07, 2.9245488804e-06, 3.37522487825e-06, 4.1593668243e-07, 1.019404408e-06, 1.60690865414e-06, 3.82655457543e-07, 2.09002976703e-07, 3.79430531439e-07, 3.58958715196e-07, 7.78408733026e-08, 6.73238957916e-08, 1.53713713757e-07, 2.07943756436e-07, 7.88413885289e-08, 5.9437450517e-08, 6.19144024938e-09, 5.212419385e-09, 3.7616559867e-10, 4.22235680402e-16, 5.42293753151e-17],
        "dvar2": [1.38875145694e-06, 0.000381486664992, 0.00013704803132, 0.00013533270976, 2.60400156549e-05, 4.90290403832e-06, 1.57376427978e-06, 6.62741013002e-06, 8.15456405689e-06, 1.12450538836e-06, 2.9672155506e-06, 4.33106743003e-06, 9.85755377769e-07, 5.60807905003e-07, 9.4452519761e-07, 9.05585693545e-07, 2.02465656685e-07, 1.80801677629e-07, 4.36427257e-07, 5.93924482928e-07, 2.18665931584e-07, 1.66672492696e-07, 1.25777699367e-08, 8.7733935672e-09, 7.65538299419e-10, 1.05416691357e-15, 1.63318990129e-16],
        "max": [0.00764816254377, 0.100281827152, 0.0828187018633, 0.07092012465, 0.0705402567983, 0.0256173685193, 0.0123889725655, 0.0321736000478, 0.0284696575254, 0.0112390033901, 0.0199876111001, 0.0274444818497, 0.0102083776146, 0.00639169244096, 0.00957392528653, 0.0143772773445, 0.00358583242632, 0.00258233095519, 0.0032923980616, 0.00451991194859, 0.00278028543107, 0.00319051672705, 0.00103113160003, 0.000996322138235, 0.000241476576775, 2.68986440233e-07, 1.7776304162e-07],
        "mean": [0.000301450985717, 0.00550935836509, 0.00282016349956, 0.00488786539063, 0.00390773173422, 0.00314932921901, 0.00151824078057, 0.00112020678353, 0.00218351278454, 0.000488752615638, 0.00037786969915, 0.000459668750409, 0.000694352493156, 0.000490535283461, 0.000621390121523, 0.00046140269842, 0.000378962256946, 0.000249639095273, 0.000279286992736, 0.000283690897049, 0.000264789356152, 0.000183287149412, 0.00011711903062, 0.000100084980659, 2.46349718509e-05, 1.73753882393e-08, 1.19675291899e-09],
        "median": [3.11882031383e-05, 0.00172113464214, 0.00105383701157, 0.00194557325449, 0.00221463502385, 0.00194370187819, 0.000929443980567, 0.000308072776534, 0.00135530170519, 0.000259843771346, 0.000130066749989, 0.000192803694517, 0.000463487929665, 0.000262093293713, 0.000334653333994, 0.000250735436566, 0.000276276143268, 0.000151501837536, 0.000159608825925, 0.000123870820971, 0.000112212321255, 5.66012895433e-05, 5.1663540944e-05, 5.18493725394e-05, 1.35991904244e-05, 8.81263062524e-09, 4.11685963098e-10],
        "min": [1.02389448031e-08, 4.28393889251e-08, 1.72428009648e-08, 1.36648363736e-08, 1.23855032896e-08, 9.56342738334e-09, 6.68892274902e-09, 2.25019425315e-09, 5.0703787835e-09, 6.0730394047e-09, 1.14588232236e-08, 5.1529508438e-10, 1.21049359425e-09, 2.54924192866e-10, 2.54022775037e-10, 1.21156606969e-09, 5.37525746136e-10, 2.38581238099e-10, 2.82225659509e-10, 9.87608661518e-10, 1.24111143585e-09, 8.38805691572e-10, 5.37938249501e-10, 6.91293022825e-10, 4.51157916581e-10, 4.66616936062e-12, 7.04561409215e-12],
        "var": [7.05345541974e-07, 0.000147895276314, 3.31058945449e-05, 6.77472125972e-05, 2.90189091174e-05, 1.11326644401e-05, 2.44851207754e-06, 6.26275823379e-06, 7.07248818799e-06, 7.90942010553e-07, 1.88337207874e-06, 2.31375270232e-06, 6.92998469276e-07, 4.12041657682e-07, 8.31657189337e-07, 8.71336055752e-07, 1.26889588614e-07, 8.30819502085e-08, 1.33932033464e-07, 1.86635546129e-07, 1.2244677805e-07, 8.21052097422e-08, 2.23390301812e-08, 1.51410350924e-08, 8.83647710559e-10, 5.81030349922e-16, 2.86309874753e-17]
    },
    "erbbands": {
        "dmean": [0.1388091892, 1.20659720898, 2.8750808239, 7.78239679337, 11.5743436813, 4.89145469666, 5.47619104385, 11.8577594757, 10.1293821335, 10.9114646912, 15.7343053818, 23.8289909363, 16.0356807709, 7.77446556091, 13.8441104889, 8.25153064728, 14.5657434464, 16.4167137146, 12.8949594498, 19.3968849182, 16.206401825, 11.1389169693, 8.63134098053, 8.17010688782, 10.4546146393, 8.29804706573, 6.06237220764, 4.96189928055, 3.7346663475, 2.41894030571, 1.26257252693, 1.09455633163, 0.71007168293, 0.265537232161, 0.0211927182972, 0.000929364119656, 4.88414734718e-05, 7.32400303605e-06, 6.69441578793e-06, 1.40240426845e-05],
        "dmean2": [0.224376440048, 2.1319835186, 5.00568246841, 12.8681678772, 18.3979034424, 7.74696588516, 7.96075963974, 17.4625759125, 15.0772752762, 15.940448761, 22.9539794922, 33.9207725525, 25.5312957764, 12.327999115, 22.2945404053, 13.1055221558, 22.9558830261, 26.1278457642, 21.5377655029, 31.5146999359, 26.5165710449, 18.5053043365, 14.5626592636, 14.2339639664, 18.2642402649, 14.729473114, 10.3932514191, 8.18636608124, 5.9479227066, 3.73961853981, 1.74849021435, 1.53623867035, 0.949379920959, 0.366356790066, 0.0301121342927, 0.00130168464966, 6.46682747174e-05, 9.66154948401e-06, 1.01632385849e-05, 2.2089236154e-05],
        "dvar": [0.119148656726, 9.54529380798, 58.5030517578, 239.992584229, 436.404846191, 51.8478393555, 41.3092460632, 208.017318726, 157.198135376, 304.612884521, 1569.83337402, 1742.6262207, 880.073730469, 459.409118652, 3727.78881836, 436.979644775, 349.333221436, 702.064025879, 519.884338379, 1014.75646973, 1461.39001465, 204.981704712, 168.499710083, 280.450439453, 540.470153809, 437.714385986, 180.226882935, 97.8718490601, 84.5489425659, 27.45703125, 4.1198143959, 2.85345554352, 1.29291141033, 0.175719901919, 0.000964840233792, 1.86087197562e-06, 5.21724885516e-09, 1.47320905475e-10, 1.3705138413e-10, 5.92924542797e-10],
        "dvar2": [0.271468102932, 26.6068725586, 165.823135376, 582.070251465, 1001.62109375, 123.26134491, 92.5735015869, 501.438812256, 400.978363037, 707.768493652, 3619.82128906, 4269.70996094, 2151.53442383, 1289.89733887, 11567.8701172, 1114.10766602, 872.60723877, 1755.36364746, 1419.56604004, 2553.14379883, 3752.30908203, 531.944030762, 450.700073242, 782.651306152, 1533.74926758, 1247.78320312, 508.628601074, 267.223297119, 235.500991821, 74.5208435059, 8.14799976349, 5.07333564758, 2.28667712212, 0.340480148792, 0.00191695417743, 3.64414745491e-06, 9.09136410598e-09, 2.91588531098e-10, 3.10118736246e-10, 1.41001643694e-09],
        "max": [3.38385105133, 23.4527320862, 84.5282058716, 137.169418335, 277.312805176, 132.981582642, 96.213432312, 225.599395752, 156.390884399, 305.803100586, 781.423828125, 777.916503906, 622.42791748, 560.93157959, 1093.46618652, 434.553314209, 274.122924805, 459.895172119, 464.325622559, 693.989257812, 990.674377441, 178.609313965, 140.63911438, 162.728240967, 191.509658813, 222.369522095, 149.762374878, 96.1051254272, 124.438522339, 88.0342483521, 22.5104789734, 20.5927600861, 15.357834816, 4.81531095505, 0.415136188269, 0.0185769926757, 0.000896270386875, 0.000190233244211, 0.000115699338494, 0.000212917191675],
        "mean": [0.155141681433, 1.23960113525, 3.3094201088, 9.69201946259, 17.74061203, 10.847489357, 15.6518592834, 27.7529201508, 22.6940937042, 21.4375953674, 28.2342510223, 48.0243759155, 26.8907737732, 13.7670974731, 22.5736484528, 14.9514217377, 25.498298645, 27.0367984772, 25.2295589447, 34.3420753479, 29.2181930542, 21.0090408325, 16.3127441406, 12.9576396942, 16.2266864777, 12.6125268936, 10.4627866745, 9.75692272186, 7.20882177353, 4.82396793365, 2.90347242355, 2.30226111412, 1.49646735191, 0.552649319172, 0.042136143893, 0.00190177815966, 0.000117381285236, 1.91564595298e-05, 1.96451619559e-05, 3.70013040083e-05],
        "median": [0.0396440215409, 0.371202558279, 1.29460883141, 4.71036243439, 7.40494441986, 6.62832832336, 10.0327281952, 17.5770568848, 14.3042888641, 13.0717334747, 12.4350528717, 28.592710495, 14.9859199524, 7.22629833221, 9.02680969238, 9.26455879211, 17.9859466553, 14.9853839874, 14.3502397537, 16.107006073, 16.6664829254, 15.500330925, 12.0176868439, 7.44712781906, 7.88062334061, 6.30188512802, 4.96546459198, 3.42068457603, 2.32133340836, 1.78874695301, 1.38609468937, 1.14319217205, 0.796990334988, 0.306957960129, 0.0222101397812, 0.00102929014247, 6.94734044373e-05, 1.14191852845e-05, 1.47293094415e-05, 2.87587317871e-05],
        "min": [1.67360065007e-06, 7.97702432465e-06, 2.05118667509e-05, 3.41564809787e-05, 4.32253327745e-05, 4.82145260321e-05, 4.14628157159e-05, 7.99805056886e-05, 5.41206318303e-05, 0.000133908208227, 4.76090608572e-05, 0.000113599642646, 0.000182768970262, 0.00023045107082, 0.000354910240276, 4.54450673715e-05, 5.21573383594e-05, 9.91453998722e-06, 1.55152101797e-05, 2.83552144538e-05, 6.93308684276e-05, 3.13186283165e-05, 1.48006874952e-05, 1.57316098921e-05, 1.69510785781e-05, 4.68690232083e-05, 6.91622044542e-05, 2.71753942798e-05, 3.37679521181e-05, 2.37698313867e-05, 1.57202321134e-05, 1.37430879477e-05, 1.21905486594e-05, 9.97304050543e-06, 4.63712638066e-07, 3.63670480397e-08, 6.94586832495e-09, 3.70290731411e-09, 1.16444076603e-09, 2.82312007105e-10],
        "var": [0.136335372925, 7.77497434616, 42.4177970886, 245.093673706, 761.56072998, 182.107528687, 261.578033447, 801.300292969, 527.987365723, 668.664733887, 2971.22119141, 3629.86743164, 1453.03540039, 1101.01757812, 5791.29492188, 729.518310547, 724.749023438, 1416.96801758, 1247.68566895, 2744.16113281, 3537.62817383, 353.314666748, 230.532241821, 271.841491699, 522.835388184, 361.183349609, 202.084640503, 185.949203491, 125.504371643, 46.3570785522, 13.1048774719, 8.32904720306, 3.41325306892, 0.433229237795, 0.00257885805331, 5.07631648361e-06, 1.59750666029e-08, 3.96927435364e-10, 2.33366131974e-10, 8.72258265616e-10]
    },
    "gfcc": {
        "mean": [-0.0854279175401, 125.379005432, -149.082931519, 57.9352684021, -78.7065124512, 16.7156162262, -43.3525390625, -1.99409806728, -8.5669298172, -15.1775436401, -0.0137527287006, -23.2242183685, 5.73111867905],
        "cov": [[2594.83032227, -208.50680542, 91.8485412598, 353.763153076, 65.5514602661, 109.822624207, 53.1318130493, 67.1735534668, 54.4255104065, 62.1157112122, -55.740020752, -64.7563018799, -53.2813301086], [-208.50680542, 485.940032959, 39.6031761169, -92.6162033081, 191.960708618, -68.9399337769, 49.1046104431, -34.3682479858, 85.0001907349, -33.2946624756, 54.5598602295, -30.9287662506, 28.8872394562], [91.8485412598, 39.6031761169, 285.583129883, 199.479187012, 70.5345840454, 84.8739624023, 51.1927642822, 51.7627258301, 21.152135849, 19.6547698975, 5.76456165314, 4.69616222382, 7.57691240311], [353.763153076, -92.6162033081, 199.479187012, 317.858734131, 75.6586532593, 100.591262817, 92.3939361572, 49.1155662537, 26.5362739563, 30.3400764465, -8.90000534058, 11.4053001404, -11.4721622467], [65.5514602661, 191.960708618, 70.5345840454, 75.6586532593, 202.308563232, 55.0368156433, 56.2205238342, 1.81396877766, 38.240650177, -2.97635245323, 29.1260204315, -5.76333856583, 20.0201473236], [109.822624207, -68.9399337769, 84.8739624023, 100.591262817, 55.0368156433, 153.022583008, 74.5377426147, 39.5070571899, -7.99597644806, 28.6276435852, 5.27151966095, 13.6047706604, 5.39762735367], [53.1318130493, 49.1046104431, 51.1927642822, 92.3939361572, 56.2205238342, 74.5377426147, 154.847183228, 55.15807724, 35.6655807495, 10.1114654541, 9.80497646332, -4.67568397522, -1.94871628284], [67.1735534668, -34.3682479858, 51.7627258301, 49.1155662537, 1.81396877766, 39.5070571899, 55.15807724, 106.155548096, 40.7952957153, 17.829366684, -6.16001272202, 7.20890712738, 4.91539001465], [54.4255104065, 85.0001907349, 21.152135849, 26.5362739563, 38.240650177, -7.99597644806, 35.6655807495, 40.7952957153, 97.4579544067, 33.288394928, 12.278090477, 0.0965836048126, 9.40543842316], [62.1157112122, -33.2946624756, 19.6547698975, 30.3400764465, -2.97635245323, 28.6276435852, 10.1114654541, 17.829366684, 33.288394928, 66.1827468872, 28.8979206085, 18.5163116455, 7.72148418427], [-55.740020752, 54.5598602295, 5.76456165314, -8.90000534058, 29.1260204315, 5.27151966095, 9.80497646332, -6.16001272202, 12.278090477, 28.8979206085, 66.1355133057, 39.4885978699, 13.3679885864], [-64.7563018799, -30.9287662506, 4.69616222382, 11.4053001404, -5.76333856583, 13.6047706604, -4.67568397522, 7.20890712738, 0.0965836048126, 18.5163116455, 39.4885978699, 75.5084152222, 39.3004608154], [-53.2813301086, 28.8872394562, 7.57691240311, -11.4721622467, 20.0201473236, 5.39762735367, -1.94871628284, 4.91539001465, 9.40543842316, 7.72148418427, 13.3679885864, 39.3004608154, 64.6596603394]],
        "icov": [[0.000538937165402, -0.000318152451655, 0.000826149771456, -0.00132870394737, 0.000380666286219, -0.000559967127629, 0.000807213538792, -0.000507392222062, 7.54094389777e-06, -0.000149418439833, -0.000352389732143, 0.00110596243758, -0.000337144709192], [-0.000318152451655, 0.0244146287441, -0.0151590891182, 0.0189436636865, -0.0200500972569, 0.0155250830576, -0.0148502290249, 0.0124319596216, -0.0157885123044, 0.0108449114487, -0.0100844539702, 0.00542820943519, -0.00272568198852], [0.000826149771456, -0.0151590891182, 0.0182303264737, -0.018976425752, 0.0139052849263, -0.0131171615794, 0.0134190218523, -0.0110144419596, 0.00850831344724, -0.00235157157294, -0.00179289060179, 0.00491062039509, -0.00358942314051], [-0.00132870394737, 0.0189436636865, -0.018976425752, 0.0270414818078, -0.0201516393572, 0.0148345297202, -0.0179379098117, 0.0123649928719, -0.0100971693173, 0.000403841986554, 0.00615080399439, -0.00976947508752, 0.00707064615563], [0.000380666286219, -0.0200500972569, 0.0139052849263, -0.0201516393572, 0.0289925374091, -0.0200333613902, 0.0149302249774, -0.00820984411985, 0.00500422576442, 0.0037309571635, -0.00735349860042, 0.00832836795598, -0.00687914527953], [-0.000559967127629, 0.0155250830576, -0.0131171615794, 0.0148345297202, -0.0200333613902, 0.0277458745986, -0.0176916830242, 0.00555719295517, 0.00163019844331, -0.00834008026868, 0.00623203488067, -0.00656171282753, 0.00316131999716], [0.000807213538792, -0.0148502290249, 0.0134190218523, -0.0179379098117, 0.0149302249774, -0.0176916830242, 0.02432946302, -0.0125841144472, 0.00354512757622, 0.00335190980695, -0.00680494913831, 0.00794229563326, -0.00324789155275], [-0.000507392222062, 0.0124319596216, -0.0110144419596, 0.0123649928719, -0.00820984411985, 0.00555719295517, -0.0125841144472, 0.0232961159199, -0.0150021361187, 0.0048854527995, 0.00189008028246, -0.0038332012482, 0.000978077063337], [7.54094389777e-06, -0.0157885123044, 0.00850831344724, -0.0100971693173, 0.00500422576442, 0.00163019844331, 0.00354512757622, -0.0150021361187, 0.0345043316483, -0.0250277686864, 0.0146964872256, -0.00683700852096, 0.00292003899813], [-0.000149418439833, 0.0108449114487, -0.00235157157294, 0.000403841986554, 0.0037309571635, -0.00834008026868, 0.00335190980695, 0.0048854527995, -0.0250277686864, 0.0469501465559, -0.0343427173793, 0.01831259951, -0.0113467667252], [-0.000352389732143, -0.0100844539702, -0.00179289060179, 0.00615080399439, -0.00735349860042, 0.00623203488067, -0.00680494913831, 0.00189008028246, 0.0146964872256, -0.0343427173793, 0.0613989755511, -0.0428029224277, 0.0222094580531], [0.00110596243758, 0.00542820943519, 0.00491062039509, -0.00976947508752, 0.00832836795598, -0.00656171282753, 0.00794229563326, -0.0038332012482, -0.00683700852096, 0.01831259951, -0.0428029224277, 0.0540468879044, -0.0305157136172], [-0.000337144709192, -0.00272568198852, -0.00358942314051, 0.00707064615563, -0.00687914527953, 0.00316131999716, -0.00324789155275, 0.000978077063337, 0.00292003899813, -0.0113467667252, 0.0222094580531, -0.0305157136172, 0.0346606001258]]
    },
    "melbands": {
        "dmean": [0.00127152353525, 0.00152723386418, 0.00153793359641, 0.000568829826079, 0.000175652850885, 0.00025853223633, 0.000145718935528, 0.000134970672661, 0.000142322911415, 0.000150624691742, 8.22475194582e-05, 3.28635833284e-05, 4.27973609476e-05, 3.78520853701e-05, 2.9471138987e-05, 3.63228427886e-05, 3.06063884636e-05, 2.35567131313e-05, 2.67784052994e-05, 1.91046510736e-05, 1.9641873223e-05, 1.20326340038e-05, 1.02204157884e-05, 8.853374311e-06, 6.85986560711e-06, 7.43189366403e-06, 8.70065196068e-06, 5.14360726811e-06, 4.25275538873e-06, 3.66161862075e-06, 2.87297257273e-06, 2.26897236644e-06, 1.94911444851e-06, 1.28024828427e-06, 7.32684725335e-07, 7.68714471633e-07, 6.68259531267e-07, 5.43012390608e-07, 4.08045906397e-07, 1.85046559409e-07],
        "dmean2": [0.00208638771437, 0.00266754254699, 0.00252167251892, 0.000895538541954, 0.000258782500168, 0.000376906769816, 0.000214789572055, 0.00019691583293, 0.000203248491744, 0.000219806883251, 0.000130791100673, 5.21704860148e-05, 6.88405998517e-05, 6.15030585323e-05, 4.49393373856e-05, 5.81132917432e-05, 4.84906195197e-05, 3.89488741348e-05, 4.35590118286e-05, 3.08362905344e-05, 3.24254651787e-05, 2.04556199606e-05, 1.70452894963e-05, 1.50355417645e-05, 1.2029692698e-05, 1.31227616293e-05, 1.53892051458e-05, 9.08938000066e-06, 7.32769285605e-06, 6.19449292572e-06, 4.7603166422e-06, 3.62407490684e-06, 3.15256806971e-06, 1.97519079848e-06, 1.0255265579e-06, 1.12414886644e-06, 9.52717073233e-07, 7.41954750083e-07, 5.76994864332e-07, 2.67992703584e-07],
        "dvar": [9.7084475783e-06, 1.57714275701e-05, 8.35685841594e-06, 9.47366970649e-07, 4.15700434075e-08, 9.28776699993e-08, 3.00940925513e-08, 5.43851825796e-08, 1.01373743178e-07, 6.36616377392e-08, 2.25719176683e-08, 7.90721799149e-09, 2.8407823649e-08, 2.31722196986e-08, 1.82461790121e-09, 3.87034138072e-09, 2.20216822555e-09, 1.62459357078e-09, 2.52938403555e-09, 1.00044073026e-09, 2.15199524867e-09, 2.54859910953e-10, 1.72218378447e-10, 2.03015368405e-10, 1.934770677e-10, 2.4470656057e-10, 3.65803942692e-10, 1.74721737078e-10, 8.13464642868e-11, 5.50718047554e-11, 2.96666163857e-11, 2.75261410887e-11, 2.98543932631e-11, 5.22283865462e-12, 1.40030717057e-12, 1.42865374479e-12, 1.14378428603e-12, 7.98762802862e-13, 3.90657178915e-13, 8.97204944887e-14],
        "dvar2": [2.33063328778e-05, 4.43206954515e-05, 1.96789278561e-05, 2.14556234823e-06, 9.48381639887e-08, 2.22067399136e-07, 7.39972136898e-08, 1.28145657641e-07, 2.41755088837e-07, 1.54544196107e-07, 5.52462857684e-08, 2.2142451428e-08, 8.52673451845e-08, 6.26078460186e-08, 4.09231670773e-09, 1.06487849649e-08, 5.47410605733e-09, 4.49896386812e-09, 6.18032958144e-09, 2.46100384516e-09, 5.5081237349e-09, 6.73806122009e-10, 4.4329262483e-10, 5.50409884337e-10, 5.40180455921e-10, 6.95077384538e-10, 1.03358877013e-09, 4.98516505854e-10, 2.31084817948e-10, 1.50433138169e-10, 7.98284910397e-11, 7.52352485867e-11, 8.61241078454e-11, 1.28090593687e-11, 2.80946121402e-12, 2.76911696698e-12, 2.17054521058e-12, 1.53938266214e-12, 7.0551724185e-13, 1.96208107812e-13],
        "max": [0.0255425479263, 0.0389440916479, 0.0249550752342, 0.018705105409, 0.00281579000875, 0.00501448335126, 0.00236628064886, 0.00309674092568, 0.0058434586972, 0.00440424028784, 0.00308167072944, 0.00227525504306, 0.00300943525508, 0.00321859563701, 0.000670566922054, 0.00106342334766, 0.000745383440517, 0.000680347555317, 0.00100239145104, 0.000756769673899, 0.00124025391415, 0.0001433253492, 0.000200409456738, 0.000135293143103, 0.000139137933729, 0.000128006533487, 0.000152614433318, 0.000157797476277, 9.79754913715e-05, 7.4324576417e-05, 5.46057053725e-05, 6.5705520683e-05, 8.94977711141e-05, 3.07077134494e-05, 1.34733427331e-05, 1.20218246593e-05, 1.43698125612e-05, 1.26499189719e-05, 7.10495760359e-06, 4.07782727052e-06],
        "mean": [0.00146659638267, 0.001716255676, 0.00205604941584, 0.00104027672205, 0.000533279206138, 0.000625172338914, 0.000328486290528, 0.000245719769737, 0.000259778811596, 0.000295866426313, 0.000130798071041, 5.51670236746e-05, 7.03120895196e-05, 5.79167099204e-05, 4.94975720358e-05, 5.68031173316e-05, 4.93694387842e-05, 4.2053143261e-05, 4.45050609414e-05, 3.48177418346e-05, 3.3470474591e-05, 2.03217459784e-05, 1.84245036507e-05, 1.34527144837e-05, 9.79570995696e-06, 1.09601123768e-05, 1.24946636788e-05, 7.16174372428e-06, 6.64273738948e-06, 6.2746871663e-06, 5.31400519321e-06, 4.15285876443e-06, 3.25419978253e-06, 2.50888228948e-06, 1.59635123964e-06, 1.5487254359e-06, 1.3182350358e-06, 1.07594735255e-06, 8.22676497592e-07, 3.53968005129e-07],
        "median": [0.000437142531155, 0.000620117934886, 0.00100244872738, 0.000573131372221, 0.00033512947266, 0.000406141014537, 0.000213966195588, 0.000128531115479, 0.000133120687678, 0.000180370043381, 6.88648142386e-05, 3.00490883092e-05, 2.72110264632e-05, 2.34960971284e-05, 2.87942257273e-05, 3.68705696019e-05, 2.64913251158e-05, 2.0272378606e-05, 2.00083268282e-05, 2.01549428311e-05, 1.79861926881e-05, 1.48930676005e-05, 1.31438991957e-05, 7.95956202637e-06, 5.16580030308e-06, 6.10108463661e-06, 5.18843125974e-06, 3.4929666981e-06, 3.24985080624e-06, 2.31414219343e-06, 1.8953817289e-06, 1.20798370062e-06, 1.184015332e-06, 9.491328683e-07, 7.17705177067e-07, 8.02241174824e-07, 6.33950321571e-07, 5.43868111436e-07, 4.62265944634e-07, 1.92678697886e-07],
        "min": [1.36530449169e-08, 1.06101589736e-08, 6.10003958457e-09, 3.78151465696e-09, 1.42290457195e-09, 1.8333398133e-09, 9.5745311679e-10, 1.25537180651e-09, 4.01260774607e-10, 7.293992077e-10, 9.56954293585e-10, 9.22398046832e-10, 1.63314717305e-09, 6.82491910209e-11, 1.84307430429e-10, 6.05197073011e-11, 1.46201488416e-11, 2.72222331482e-11, 2.42542513851e-11, 5.91299648134e-11, 8.13650327669e-11, 3.40390632347e-11, 1.45818496167e-11, 1.49403944077e-11, 1.24559546705e-11, 8.70379896628e-12, 1.68749892532e-11, 3.48396693439e-11, 5.10406057697e-11, 2.49529251428e-11, 1.27620665771e-11, 1.73535838477e-11, 1.72260330999e-11, 1.17690813692e-11, 9.54422565286e-12, 7.53940312959e-12, 8.26693921652e-12, 7.69741562157e-12, 1.11613192647e-11, 6.78376885915e-12],
        "var": [1.07691148514e-05, 1.20899849207e-05, 9.61655678111e-06, 2.15078807742e-06, 2.79857431451e-07, 4.02566399771e-07, 1.08641522445e-07, 1.22165943139e-07, 1.92605085658e-07, 1.34613600267e-07, 3.75121231855e-08, 1.78214687452e-08, 5.29152437423e-08, 3.72070694254e-08, 3.94591070929e-09, 6.23103080244e-09, 4.54148274542e-09, 3.67170938098e-09, 5.19906961927e-09, 2.746244121e-09, 5.30085886297e-09, 3.53177154189e-10, 3.21957904781e-10, 2.55711590791e-10, 1.88722218408e-10, 2.16287529553e-10, 3.6942485182e-10, 1.35079489261e-10, 8.81407585807e-11, 8.10924868921e-11, 5.63708628387e-11, 4.58487206534e-11, 2.92131735469e-11, 1.27330507249e-11, 4.27103274622e-12, 3.79052778748e-12, 2.95358811193e-12, 1.89211146751e-12, 1.0029301608e-12, 1.87742020281e-13]
    },
    "mfcc": {
        "mean": [-614.983276367, 118.283294678, 0.445926964283, 23.0201396942, 1.97522771358, 2.34887886047, -7.96523761749, -2.53753376007, -1.74465560913, 2.33143520355, -3.31786584854, -0.453060477972, -6.20102930069],
        "cov": [[2557.05810547, -344.30291748, 70.0461273193, 216.441040039, 48.0495147705, 115.903938293, 28.206407547, 35.795009613, 86.1896286011, 110.736557007, 70.9471435547, 7.29666996002, -22.9055023193], [-344.30291748, 597.471557617, -134.080001831, -42.6297950745, 82.9181365967, -34.755859375, -18.7293949127, -11.0033607483, -8.40528678894, 5.92781829834, 8.17320537567, 13.9388065338, -1.75627541542], [70.0461273193, -134.080001831, 262.461364746, 113.613418579, 36.0378189087, 58.7942695618, 51.5468826294, 45.9697761536, 41.0099906921, 32.1336555481, 21.7915477753, 13.8942728043, 10.7519979477], [216.441040039, -42.6297950745, 113.613418579, 213.367584229, 64.6436920166, 73.9697036743, 42.6067390442, 54.7135162354, 50.3519592285, 37.2000923157, 29.2996845245, 20.3751506805, 16.983959198], [48.0495147705, 82.9181365967, 36.0378189087, 64.6436920166, 151.099609375, 55.8694419861, 28.0968780518, 16.5216312408, 18.9098834991, 7.02151918411, -0.145701617002, 11.7922267914, 17.9904060364], [115.903938293, -34.755859375, 58.7942695618, 73.9697036743, 55.8694419861, 141.326675415, 79.4483947754, 32.8261489868, 22.3910999298, 27.0611915588, 16.6632442474, 1.2107694149, 14.8331699371], [28.206407547, -18.7293949127, 51.5468826294, 42.6067390442, 28.0968780518, 79.4483947754, 128.219619751, 63.3717842102, 24.7641010284, 23.8334369659, 12.4146308899, -3.89772319794, 10.9253950119], [35.795009613, -11.0033607483, 45.9697761536, 54.7135162354, 16.5216312408, 32.8261489868, 63.3717842102, 93.1068878174, 55.0980758667, 25.3308238983, 16.0516147614, 15.4491987228, 15.5530071259], [86.1896286011, -8.40528678894, 41.0099906921, 50.3519592285, 18.9098834991, 22.3910999298, 24.7641010284, 55.0980758667, 92.422203064, 56.9546394348, 16.7662601471, 5.66782999039, 9.75689697266], [110.736557007, 5.92781829834, 32.1336555481, 37.2000923157, 7.02151918411, 27.0611915588, 23.8334369659, 25.3308238983, 56.9546394348, 88.3840637207, 42.1272850037, -0.233651787043, -7.86611032486], [70.9471435547, 8.17320537567, 21.7915477753, 29.2996845245, -0.145701617002, 16.6632442474, 12.4146308899, 16.0516147614, 16.7662601471, 42.1272850037, 74.4837799072, 36.8246765137, -4.05505943298], [7.29666996002, 13.9388065338, 13.8942728043, 20.3751506805, 11.7922267914, 1.2107694149, -3.89772319794, 15.4491987228, 5.66782999039, -0.233651787043, 36.8246765137, 73.6160736084, 27.2630805969], [-22.9055023193, -1.75627541542, 10.7519979477, 16.983959198, 17.9904060364, 14.8331699371, 10.9253950119, 15.5530071259, 9.75689697266, -7.86611032486, -4.05505943298, 27.2630805969, 60.3824119568]],
