{
"lowlevel": {
    "average_loudness": 0.952147722244,
    "barkbands_crest": {
        "dmean": 2.28467726707,
        "dmean2": 3.63477778435,
        "dvar": 3.95058107376,
        "dvar2": 9.7926197052,
        "max": 22.085855484,
        "mean": 8.49249362946,
        "median": 7.93996238708,
        "min": 2.78523898125,
        "var": 9.35902500153
    },
    "barkbands_flatness_db": {
        "dmean": 0.020609933883,
        "dmean2": 0.030466042459,
        "dvar": 0.000343349325703,
        "dvar2": 0.000702396617271,
        "max": 0.300217688084,
        "mean": 0.155200764537,
        "median": 0.152681738138,
        "min": 0.0730444714427,
        "var": 0.00107997376472
    },
    "barkbands_kurtosis": {
        "dmean": 1.89131736755,
        "dmean2": 2.89981913567,
        "dvar": 7.30178403854,
        "dvar2": 15.8313932419,
        "max": 45.6662864685,
        "mean": 1.71337413788,
        "median": 0.571460008621,
        "min": -1.89970827103,
        "var": 14.2908000946
    },
    "barkbands_skewness": {
        "dmean": 0.537024796009,
        "dmean2": 0.759301900864,
        "dvar": 0.256589442492,
        "dvar2": 0.496664106846,
        "max": 6.44597530365,
        "mean": 1.11269319057,
        "median": 1.10238981247,
        "min": -3.42890453339,
        "var": 1.08005285263
    },
    "barkbands_spread": {
        "dmean": 7.66652441025,
        "dmean2": 11.0041275024,
        "dvar": 71.3566207886,
        "dvar2": 123.964782715,
        "max": 90.5082778931,
        "mean": 29.4266796112,
        "median": 25.4246234894,
        "min": 3.02477502823,
        "var": 295.404998779
    },
    "dissonance": {
        "dmean": 0.0149000994861,
        "dmean2": 0.0241103749722,
        "dvar": 0.000227119555348,
        "dvar2": 0.000588180671912,
        "max": 0.500000059605,
        "mean": 0.469154924154,
        "median": 0.475240021944,
        "min": 0.341591060162,
        "var": 0.000517099746503
    },
    "dynamic_complexity": 2.04936289787,
    "erbbands_crest": {
        "dmean": 2.24996137619,
        "dmean2": 3.50580835342,
        "dvar": 4.57261991501,
        "dvar2": 10.3351125717,
        "max": 24.5597133636,
        "mean": 8.34074878693,
        "median": 7.3588476181,
        "min": 2.65103173256,
        "var": 14.6071357727
    },
    "erbbands_flatness_db": {
        "dmean": 0.0149373244494,
        "dmean2": 0.0201128851622,
        "dvar": 0.000169899765751,
        "dvar2": 0.000299679493764,
        "max": 0.301509171724,
        "mean": 0.174672037363,
        "median": 0.169212654233,
        "min": 0.105476349592,
        "var": 0.000970123161096
    },
    "erbbands_kurtosis": {
        "dmean": 0.838148295879,
        "dmean2": 1.18237555027,
        "dvar": 1.26763534546,
        "dvar2": 2.35691380501,
        "max": 19.1811828613,
        "mean": 0.498987644911,
        "median": -0.187022209167,
        "min": -1.79459011555,
        "var": 4.17735242844
    },
    "erbbands_skewness": {
        "dmean": 0.355960041285,
        "dmean2": 0.512239038944,
        "dvar": 0.113589316607,
        "dvar2": 0.209278210998,
        "max": 2.4209125042,
        "mean": -0.035014770925,
        "median": 0.0136077804491,
        "min": -3.13466215134,
        "var": 0.470045119524
    },
    "erbbands_spread": {
        "dmean": 9.31942749023,
        "dmean2": 12.9350242615,
        "dvar": 88.0833129883,
        "dvar2": 178.015197754,
        "max": 136.065231323,
        "mean": 43.113658905,
        "median": 41.6883926392,
        "min": 5.19114685059,
        "var": 409.785736084
    },
    "hfc": {
        "dmean": 10.4484443665,
        "dmean2": 12.810760498,
        "dvar": 178.486938477,
        "dvar2": 278.519805908,
        "max": 156.828887939,
        "mean": 29.139755249,
        "median": 19.4163913727,
        "min": 9.84201396932e-05,
        "var": 703.392150879
    },
    "melbands_crest": {
        "dmean": 3.57634687424,
        "dmean2": 5.66801977158,
        "dvar": 9.3882894516,
        "dvar2": 22.7399349213,
        "max": 30.8690471649,
        "mean": 13.5374317169,
        "median": 12.5504980087,
        "min": 4.34366464615,
        "var": 24.3548183441
    },
    "melbands_flatness_db": {
        "dmean": 0.0281482674181,
        "dmean2": 0.0400429330766,
        "dvar": 0.000620933016762,
        "dvar2": 0.0012187580578,
        "max": 0.348882883787,
        "mean": 0.161904364824,
        "median": 0.159653604031,
        "min": 0.0349913574755,
        "var": 0.00243432330899
    },
    "melbands_kurtosis": {
        "dmean": 5.33428192139,
        "dmean2": 8.04547595978,
        "dvar": 62.4325218201,
        "dvar2": 135.053939819,
        "max": 179.452667236,
        "mean": 9.15232276917,
        "median": 6.09321117401,
        "min": -1.83578336239,
        "var": 127.011665344
    },
    "melbands_skewness": {
        "dmean": 0.720761179924,
        "dmean2": 1.04849243164,
        "dvar": 0.486103028059,
        "dvar2": 0.961868047714,
        "max": 11.1443662643,
        "mean": 2.3915874958,
        "median": 2.33471560478,
        "min": -1.45631861687,
        "var": 2.02372717857
    },
    "melbands_spread": {
        "dmean": 11.4388246536,
        "dmean2": 16.7355098724,
        "dvar": 213.84197998,
        "dvar2": 395.735229492,
        "max": 206.469390869,
        "mean": 34.6419715881,
        "median": 26.2358322144,
        "min": 2.32692050934,
        "var": 648.619506836
    },
    "pitch_salience": {
        "dmean": 0.0677413120866,
        "dmean2": 0.107047170401,
        "dvar": 0.00325140054338,
        "dvar2": 0.00813456531614,
        "max": 0.814853787422,
        "mean": 0.570653378963,
        "median": 0.577182710171,
        "min": 0.234269604087,
        "var": 0.00943413935602
    },
    "silence_rate_20dB": {
        "dmean": 0,
        "dmean2": 0,
        "dvar": 0,
        "dvar2": 0,
        "max": 1,
        "mean": 1,
        "median": 1,
        "min": 1,
        "var": 0
    },
    "silence_rate_30dB": {
        "dmean": 0.000773993786424,
        "dmean2": 0.00154858687893,
        "dvar": 0.000773392152041,
        "dvar2": 0.0023204702884,
        "max": 1,
        "mean": 0.999613165855,
        "median": 1,
        "min": 0,
        "var": 0.000386722909752
    },
    "silence_rate_60dB": {
        "dmean": 0.00464396271855,
        "dmean2": 0.00929152127355,
        "dvar": 0.00462249759585,
        "dvar2": 0.00997942127287,
        "max": 1,
        "mean": 0.0127659570426,
        "median": 0,
        "min": 0,
        "var": 0.0126027101651
    },
    "spectral_centroid": {
        "dmean": 331.017242432,
        "dmean2": 473.885742188,
        "dvar": 132490.96875,
        "dvar2": 227498.171875,
        "max": 4616.40527344,
        "mean": 1524.9855957,
        "median": 1384.80895996,
        "min": 321.563110352,
        "var": 522178.59375
    },
    "spectral_complexity": {
        "dmean": 4.44427251816,
        "dmean2": 6.44367027283,
        "dvar": 25.1167984009,
        "dvar2": 49.5912246704,
        "max": 57,
        "mean": 20.6959381104,
        "median": 20,
        "min": 0,
        "var": 70.4220352173
    },
    "spectral_decrease": {
        "dmean": 1.82056236753e-09,
        "dmean2": 2.5370290313e-09,
        "dvar": 3.229995949e-18,
        "dvar2": 6.51011242568e-18,
        "max": -9.01599893919e-14,
        "mean": -5.78852255018e-09,
        "median": -5.14720888134e-09,
        "min": -2.99686888638e-08,
        "var": 1.1124498941e-17
    },
    "spectral_energy": {
        "dmean": 0.00754456780851,
        "dmean2": 0.010326362215,
        "dvar": 5.5361266277e-05,
        "dvar2": 0.00010639775428,
        "max": 0.126528933644,
        "mean": 0.0244902390987,
        "median": 0.0217857547104,
        "min": 3.49211660478e-07,
        "var": 0.00020116000087
    },
    "spectral_energyband_high": {
        "dmean": 0.000911827140953,
        "dmean2": 0.00116479734425,
        "dvar": 1.91136064132e-06,
        "dvar2": 3.44297291122e-06,
        "max": 0.0149986827746,
        "mean": 0.00173045974225,
        "median": 0.000685667677317,
        "min": 1.65349256509e-09,
        "var": 5.43671148989e-06
    },
    "spectral_energyband_low": {
        "dmean": 0.00231354706921,
        "dmean2": 0.00367384334095,
        "dvar": 6.48723971608e-06,
        "dvar2": 1.67566940945e-05,
        "max": 0.0250509791076,
        "mean": 0.00451839389279,
        "median": 0.00345999910496,
        "min": 2.87889108108e-08,
        "var": 1.32830691655e-05
    },
    "spectral_energyband_middle_high": {
        "dmean": 0.00261062197387,
        "dmean2": 0.00311990315095,
        "dvar": 1.65432538779e-05,
        "dvar2": 1.96925047931e-05,
        "max": 0.0897220373154,
        "mean": 0.00751875480637,
        "median": 0.00381984259002,
        "min": 1.64331463992e-08,
        "var": 9.10383605515e-05
    },
    "spectral_energyband_middle_low": {
        "dmean": 0.0050845281221,
        "dmean2": 0.00770866638049,
        "dvar": 3.39612051903e-05,
        "dvar2": 7.51649931772e-05,
        "max": 0.0690819472075,
        "mean": 0.012540220283,
        "median": 0.0101317316294,
        "min": 2.41921753741e-07,
        "var": 8.53088640724e-05
    },
    "spectral_entropy": {
        "dmean": 0.183329299092,
        "dmean2": 0.234789609909,
        "dvar": 0.0281985998154,
        "dvar2": 0.0470238290727,
        "max": 8.55467033386,
        "mean": 7.62678670883,
        "median": 7.60220003128,
        "min": 6.05832862854,
        "var": 0.147160291672
    },
    "spectral_flux": {
        "dmean": 0.0205507520586,
        "dmean2": 0.0311498958617,
        "dvar": 0.000356758217094,
        "dvar2": 0.000807469012216,
        "max": 0.233705535531,
        "mean": 0.0783118978143,
        "median": 0.0747860968113,
        "min": 0.000660584890284,
        "var": 0.00105186353903
    },
    "spectral_kurtosis": {
        "dmean": 1.25799930096,
        "dmean2": 1.96475887299,
        "dvar": 1.95832455158,
        "dvar2": 4.87750577927,
        "max": 23.4746227264,
        "mean": 2.6957321167,
        "median": 2.35133075714,
        "min": -0.876672744751,
        "var": 5.41869163513
    },
    "spectral_rms": {
        "dmean": 0.00075021450175,
        "dmean2": 0.00101184833329,
        "dvar": 4.30580314514e-07,
        "dvar2": 7.97384927864e-07,
        "max": 0.0111104846001,
        "mean": 0.00467883702368,
        "median": 0.00461024884135,
        "min": 1.84579057532e-05,
        "var": 2.00147201213e-06
    },
    "spectral_rolloff": {
        "dmean": 766.603088379,
        "dmean2": 1208.11645508,
        "dvar": 1248635.75,
        "dvar2": 2298274,
        "max": 8527.1484375,
        "mean": 2192.05639648,
        "median": 1614.99023438,
        "min": 193.798828125,
        "var": 3361519
    },
    "spectral_skewness": {
        "dmean": 0.217235937715,
        "dmean2": 0.300557255745,
        "dvar": 0.0391286090016,
        "dvar2": 0.0720187947154,
        "max": 3.22629666328,
        "mean": 1.2351423502,
        "median": 1.28018152714,
        "min": -0.146033361554,
        "var": 0.242073357105
    },
    "spectral_spread": {
        "dmean": 525193.4375,
        "dmean2": 709451.25,
        "dvar": 248271896576,
        "dvar2": 486642614272,
        "max": 8183539,
        "mean": 4611929,
        "median": 4565849,
        "min": 2002821.375,
        "var": 1.29011482624e+12
    },
    "spectral_strongpeak": {
        "dmean": 0.798883855343,
        "dmean2": 1.27347016335,
        "dvar": 2.09281778336,
        "dvar2": 3.97185707092,
        "max": 19.7377662659,
        "mean": 1.55418550968,
        "median": 0.488868921995,
        "min": 0.000750165083446,
        "var": 7.4469666481
    },
    "zerocrossingrate": {
        "dmean": 0.0149313155562,
        "dmean2": 0.0157975908369,
        "dvar": 0.000232320337091,
        "dvar2": 0.000226170799579,
        "max": 0.265625,
        "mean": 0.0797111093998,
        "median": 0.06982421875,
        "min": 0.0146484375,
        "var": 0.0017755755689
    },
    "barkbands": {
        "dmean": [1.04992875549e-06, 0.000463880307507, 0.00124677410349, 0.00293335295282, 0.00192231137771, 0.000797435059212, 0.000575442507397, 0.000560321321245, 0.000584122724831, 0.000364782928955, 0.000297889579087, 0.000288918236038, 0.000700182979926, 0.000463015749119, 0.000440728181275, 0.00055344030261, 0.000340157013852, 0.000225924115512, 0.000153219312779, 0.00018306808488, 0.000163933553267, 0.000271439610515, 0.000201623581233, 0.000265123526333, 5.56678678549e-05, 5.54909078687e-08, 9.61663304544e-10],
        "dmean2": [1.83668316822e-06, 0.000693931768183, 0.00212304340675, 0.00456837564707, 0.0030845424626, 0.00123607798014, 0.000923366984352, 0.00087503681425, 0.000883185886778, 0.000573952740524, 0.000449257116998, 0.000388948887121, 0.000880999490619, 0.000704020028934, 0.000615251949057, 0.000680921599269, 0.000450655730674, 0.000334728683811, 0.000228414646699, 0.000272097269772, 0.000231714453548, 0.000381102698157, 0.000279526226223, 0.000358059274731, 7.66456214478e-05, 7.71875789951e-08, 1.78112868898e-09],
        "dvar": [5.0903500165e-12, 3.12064685204e-07, 2.25070834858e-06, 1.4755736629e-05, 6.58441649648e-06, 1.43443298839e-06, 1.93134519577e-06, 8.93511185041e-07, 2.22398421101e-06, 1.05296408037e-06, 5.57737678264e-07, 3.87383437328e-07, 3.22958590004e-06, 1.876997203e-06, 8.86716065907e-07, 2.85437090497e-06, 1.3431709931e-06, 1.45720491673e-07, 6.64159571784e-08, 1.67458892975e-07, 7.86587079915e-08, 2.45476314831e-07, 1.15669301692e-07, 2.2274483058e-07, 7.83521425518e-09, 1.2045915582e-14, 1.70821357812e-18],
        "dvar2": [1.35057338577e-11, 7.13799920504e-07, 6.63956916469e-06, 3.29040922225e-05, 1.72892105184e-05, 3.38233348884e-06, 5.02980537931e-06, 2.01960870072e-06, 5.30810484634e-06, 2.40418626163e-06, 1.28252236209e-06, 5.14775365446e-07, 4.26490259997e-06, 3.69782151211e-06, 1.45186106693e-06, 3.43906526723e-06, 1.28288775159e-06, 2.82422632836e-07, 1.41508920137e-07, 3.47396195366e-07, 1.60704018981e-07, 5.2135800388e-07, 2.34025989698e-07, 4.44912444664e-07, 1.53869557096e-08, 1.95089119691e-14, 5.30832363399e-18],
        "max": [3.10008908855e-05, 0.00812700297683, 0.0152256581932, 0.0510117039084, 0.0320546254516, 0.0211489275098, 0.0265486110002, 0.0144457388669, 0.0245384145528, 0.021982088685, 0.0152538232505, 0.0181046873331, 0.0437850914896, 0.0503781326115, 0.0163345281035, 0.0380310676992, 0.0414954945445, 0.00973707064986, 0.00417243875563, 0.0102242231369, 0.00389962573536, 0.00641205208376, 0.00425241747871, 0.00556828547269, 0.00177511584479, 1.98267980522e-06, 1.79770278663e-08],
        "mean": [9.25000676943e-07, 0.00079323828686, 0.00200935127214, 0.00420577498153, 0.00385208940133, 0.00148533366155, 0.000933712348342, 0.000936321681365, 0.000898574071471, 0.000612214382272, 0.000513845938258, 0.000615156255662, 0.00149518507533, 0.000731627224013, 0.000835149956401, 0.00127428409178, 0.000719825853594, 0.000428392813774, 0.000296673213597, 0.000275590224192, 0.000270481104963, 0.000409934262279, 0.000339924794389, 0.000451228203019, 0.000105346574856, 9.57734584972e-08, 8.01387289862e-10],
        "median": [3.20064714288e-07, 0.000376215961296, 0.00139480573125, 0.00244197342545, 0.00300002959557, 0.000839954591356, 0.0004562549002, 0.000435458583524, 0.000288906448986, 0.000202374052606, 0.000177559995791, 0.000222280941671, 0.000167185207829, 0.000242860245635, 0.00025276854285, 0.000159975286806, 0.000254777580267, 0.000224269417231, 0.000160266630701, 0.000122794313938, 0.000108071166323, 0.000108797859866, 0.000106435720227, 0.000119136311696, 3.70704510715e-05, 2.01875884898e-08, 3.61355667611e-10],
        "min": [8.37409048354e-12, 8.90892071226e-09, 4.91517671009e-09, 3.9001776031e-08, 4.44138876787e-08, 8.47638137458e-09, 3.51448603553e-09, 1.0504467518e-08, 3.69086050611e-09, 1.93544535954e-09, 6.68108812718e-09, 1.57017598923e-09, 1.14696763198e-09, 5.08091790863e-10, 4.52835491327e-10, 4.08375222527e-10, 2.45362019591e-09, 8.56117787773e-10, 6.42309760934e-10, 4.94845053822e-10, 3.82630510609e-10, 6.13000872285e-10, 1.49556630968e-10, 1.44855974438e-10, 7.52258394465e-11, 1.02544760877e-11, 1.34686567455e-11],
        "var": [4.02494574128e-12, 1.17976742331e-06, 3.64186826118e-06, 2.5404684493e-05, 1.15583807201e-05, 3.19742457577e-06, 2.67478185378e-06, 2.01870079763e-06, 3.98661859435e-06, 2.70817304227e-06, 1.42550379678e-06, 1.89623779079e-06, 1.45236863318e-05, 3.34842843586e-06, 3.39108237313e-06, 1.68971018866e-05, 6.62213642499e-06, 4.21417212237e-07, 1.48905499486e-07, 2.68354398258e-07, 1.74994553959e-07, 4.97169310165e-07, 3.10813021542e-07, 4.86052726956e-07, 2.55713992203e-08, 4.23705192568e-14, 1.43919727892e-18]
    },
    "erbbands": {
        "dmean": [0.0023524784483, 0.151779770851, 1.25949001312, 5.100025177, 10.1206140518, 5.78731060028, 4.74017906189, 7.32475090027, 6.51638460159, 13.4905672073, 10.2976064682, 12.3726882935, 13.0737724304, 9.70687389374, 11.5372037888, 13.4338312149, 29.460395813, 26.7990188599, 22.329914093, 24.4506988525, 25.7819271088, 13.9047203064, 13.5300178528, 9.21970939636, 7.30625295639, 9.3270816803, 6.2296462059, 7.18853759766, 9.63174533844, 7.76551628113, 5.57410240173, 8.02896499634, 2.5477142334, 1.16563105583, 0.112086296082, 0.00478860922158, 0.000230118006584, 3.12448937621e-05, 1.02256426544e-05, 1.07488531285e-05],
        "dmean2": [0.00360624236055, 0.234328404069, 2.12223887444, 8.04478931427, 16.3385105133, 9.16174983978, 7.50023460388, 11.2927951813, 10.0574293137, 22.02435112, 15.5597267151, 18.6356506348, 19.9296398163, 14.4000816345, 16.9123649597, 17.0922832489, 36.3226661682, 37.71301651, 31.1228275299, 31.8766174316, 30.442741394, 18.6214084625, 19.7268867493, 13.7300577164, 10.8578081131, 13.9378070831, 9.03423118591, 10.1383390427, 13.5169315338, 11.0917882919, 7.48997354507, 10.9606838226, 3.40527224541, 1.56590294838, 0.1617218256, 0.0068173231557, 0.000308498332743, 4.02503792429e-05, 1.29744967126e-05, 1.41503669511e-05],
        "dvar": [8.27866551845e-06, 0.0334252826869, 2.26285767555, 40.4415588379, 183.934326172, 72.6041107178, 44.0713272095, 134.400222778, 365.494476318, 530.198913574, 472.867248535, 934.192749023, 1462.23510742, 792.38104248, 584.239501953, 912.735778809, 5421.84667969, 5800.65039062, 2997.1184082, 2584.34130859, 4692.4375, 1287.20068359, 494.649871826, 296.665588379, 208.567138672, 398.417053223, 124.735816956, 155.87701416, 310.321838379, 218.082183838, 78.2328948975, 267.001342773, 15.5451803207, 3.32480335236, 0.0335457623005, 6.08618720435e-05, 1.16207075962e-07, 1.93632221368e-09, 1.64418506587e-10, 1.23900487092e-10],
        "dvar2": [1.82786625373e-05, 0.077923938632, 6.38973140717, 92.1977462769, 452.335327148, 185.612945557, 110.047325134, 320.464904785, 906.351501465, 1404.56433105, 1034.44885254, 2154.1171875, 3546.01733398, 1775.37744141, 1395.87023926, 1125.58227539, 6952.00537109, 9751.4453125, 4803.00830078, 3791.50561523, 5011.25634766, 1328.66235352, 923.376281738, 663.290649414, 434.02142334, 823.30456543, 263.8409729, 303.416564941, 643.357116699, 481.113342285, 146.914596558, 544.459106445, 27.6082801819, 6.15314817429, 0.0731984600425, 0.000131250693812, 2.31522022887e-07, 3.56645890598e-09, 2.81461715046e-10, 2.16410375731e-10],
        "max": [0.0366853810847, 2.68715214729, 17.8174247742, 78.8384094238, 146.513137817, 103.101104736, 93.5201034546, 221.605056763, 459.601104736, 397.19140625, 360.923461914, 588.746582031, 642.365112305, 799.920654297, 687.765991211, 910.052368164, 1686.93786621, 3013.20996094, 1061.33630371, 980.855651855, 1525.60302734, 1272.71777344, 473.498596191, 298.815032959, 385.274230957, 472.1328125, 176.550079346, 174.851715088, 233.686569214, 194.402938843, 107.468315125, 192.620132446, 51.8844833374, 37.3331832886, 3.96070599556, 0.18216343224, 0.00712680304423, 0.00070977571886, 0.000155666246428, 0.000155668953084],
        "mean": [0.00454766256735, 0.265232920647, 2.11027598381, 8.15204048157, 14.8247070312, 12.5269069672, 10.2615785599, 13.093003273, 11.5104503632, 21.9434986115, 17.564250946, 19.9465713501, 22.1081848145, 18.0205211639, 22.5305519104, 29.8028011322, 65.4370040894, 50.2787704468, 46.5694313049, 54.629322052, 55.8402442932, 31.0052051544, 27.8219966888, 17.7056560516, 13.0334186554, 14.013548851, 10.1209878922, 11.7574357986, 14.5432834625, 11.9723587036, 9.81213951111, 12.5111351013, 4.96937274933, 2.26037716866, 0.204909324646, 0.00891658198088, 0.000457329268102, 6.4205036324e-05, 2.77741819446e-05, 3.46493252437e-05],
        "median": [0.00269745918922, 0.134063631296, 1.39203286171, 5.37923812866, 9.32995033264, 9.7097234726, 8.15912246704, 6.48283958435, 4.81750822067, 13.6762189865, 7.5085515976, 6.92607975006, 7.01044416428, 5.30813646317, 11.4165735245, 10.4398336411, 9.12002468109, 19.1432476044, 14.0665397644, 13.7474021912, 11.560968399, 14.5692949295, 16.1177768707, 9.71947097778, 7.47966098785, 6.16563558578, 4.39816761017, 3.7389960289, 3.73374342918, 3.49780225754, 3.33549618721, 2.65891551971, 1.56319332123, 0.776676058769, 0.0821102038026, 0.0036247628741, 0.000191990824533, 2.72314246104e-05, 1.91102008102e-05, 2.9821838325e-05],
        "min": [6.30454550787e-08, 2.67930295195e-06, 8.12626967672e-06, 6.41943406663e-05, 0.000140810167068, 0.000134982532472, 6.760184624e-05, 8.89561051736e-05, 2.07841585507e-05, 0.000230930920225, 0.000124863232486, 9.43318882491e-05, 7.41290859878e-05, 6.89821899869e-05, 0.000276980892522, 8.43155503389e-05, 5.2242899983e-05, 3.93052869185e-05, 1.26218801597e-05, 3.4070260881e-05, 2.75228958344e-05, 0.000125591483084, 8.21544526843e-05, 3.79525990866e-05, 2.05948908842e-05, 2.71029512078e-05, 1.58026832651e-05, 1.56575897563e-05, 2.66319766524e-05, 9.7417851066e-06, 4.22918128606e-06, 3.7946995235e-06, 1.53587291152e-06, 1.51913764057e-06, 1.75826144755e-07, 3.46075488267e-08, 2.10429131897e-08, 7.41908312563e-09, 1.76922265727e-09, 6.02532634897e-10],
        "var": [2.56269686361e-05, 0.118613786995, 4.54039478302, 70.0781097412, 271.111328125, 132.782989502, 77.7527999878, 299.656585693, 536.100402832, 737.170959473, 1001.41381836, 1587.31213379, 3114.49243164, 2094.76586914, 1532.53100586, 4588.79785156, 25503.1679688, 13242.6044922, 12640.2617188, 13963.1748047, 24076.1308594, 6271.73291016, 1511.45080566, 599.771728516, 391.500671387, 649.833496094, 228.169708252, 387.09072876, 644.213806152, 449.47088623, 225.512207031, 491.715820312, 54.0003013611, 11.8145875931, 0.0929510146379, 0.000173631022335, 3.77499134174e-07, 6.56213261507e-09, 5.71667879701e-10, 4.60999322049e-10]
    },
    "gfcc": {
        "mean": [2.309715271, 101.712257385, -145.451904297, 57.4486961365, -79.5637054443, 22.2646865845, -55.7484092712, -6.63019371033, -19.6461868286, -22.4297122955, -6.18412923813, -25.2415313721, -4.98378705978],
        "cov": [[2646.83618164, -822.071777344, -134.82258606, 91.7776870728, -74.5184936523, 330.357727051, -164.811645508, 57.7200737, -33.8346862793, 139.845870972, -51.6455230713, 10.3327007294, -33.9816169739], [-822.071777344, 1194.35546875, -146.121582031, -381.580169678, 118.086601257, -325.772766113, 187.534362793, -61.8160057068, 27.6751937866, -164.772354126, 90.3453979492, -72.0506439209, 48.7569885254], [-134.82258606, -146.121582031, 289.087463379, 197.386047363, -80.4044647217, 36.6545715332, -22.2215003967, 14.2854747772, 28.9172954559, 20.3007049561, -16.0189361572, 36.9073791504, -8.51960659027], [91.7776870728, -381.580169678, 197.386047363, 408.84753418, -50.5459136963, 49.6854934692, -3.52624106407, -7.26883792877, 42.9869117737, 50.0676078796, -33.7580337524, 52.4179878235, 9.43879318237], [-74.5184936523, 118.086601257, -80.4044647217, -50.5459136963, 221.035949707, 34.1919059753, -37.0939407349, 9.14190006256, -5.09576225281, 4.14934825897, 22.3442516327, -23.6111564636, 1.62285900116], [330.357727051, -325.772766113, 36.6545715332, 49.6854934692, 34.1919059753, 242.610580444, -21.1451835632, 19.063703537, -8.99116134644, 70.6613082886, -11.5185489655, 1.24335813522, -37.6026763916], [-164.811645508, 187.534362793, -22.2215003967, -3.52624106407, -37.0939407349, -21.1451835632, 185.604934692, -10.1061115265, -1.39819145203, -27.9831237793, 9.30490016937, -14.2398099899, 3.68540024757], [57.7200737, -61.8160057068, 14.2854747772, -7.26883792877, 9.14190006256, 19.063703537, -10.1061115265, 96.990020752, 5.6652097702, 17.9802417755, -4.78227376938, 11.1455574036, -1.61041283607], [-33.8346862793, 27.6751937866, 28.9172954559, 42.9869117737, -5.09576225281, -8.99116134644, -1.39819145203, 5.6652097702, 94.6764144897, 10.8307180405, -3.51229095459, 3.38994622231, 11.1958885193], [139.845870972, -164.772354126, 20.3007049561, 50.0676078796, 4.14934825897, 70.6613082886, -27.9831237793, 17.9802417755, 10.8307180405, 97.1222610474, 13.9328155518, 1.1360629797, -13.6930570602], [-51.6455230713, 90.3453979492, -16.0189361572, -33.7580337524, 22.3442516327, -11.5185489655, 9.30490016937, -4.78227376938, -3.51229095459, 13.9328155518, 70.0538406372, 8.69230461121, -5.44334554672], [10.3327007294, -72.0506439209, 36.9073791504, 52.4179878235, -23.6111564636, 1.24335813522, -14.2398099899, 11.1455574036, 3.38994622231, 1.1360629797, 8.69230461121, 58.9788131714, 18.2397518158], [-33.9816169739, 48.7569885254, -8.51960659027, 9.43879318237, 1.62285900116, -37.6026763916, 3.68540024757, -1.61041283607, 11.1958885193, -13.6930570602, -5.44334554672, 18.2397518158, 52.8187942505]],
        "icov": [[0.000653345487081, -0.000354812800651, 0.0012244208483, -0.000834249251056, 0.00115543056745, -0.00142101978417, 0.00114017270971, -0.000635577307548, 0.000341977749486, -1.34709707709e-05, -2.75954298559e-05, 0.000380927405786, -0.000262008805294], [-0.000354812800651, 0.00898346491158, -0.00650345208123, 0.00897735264152, -0.008002567105, 0.0100291641429, -0.00937280524522, 0.00462622055784, -0.00501682283357, 0.00280987052247, -0.00452240463346, 0.00222992175259, -0.00243757292628], [0.0012244208483, -0.00650345208123, 0.0123992338777, -0.0101460134611, 0.00911125354469, -0.00964588299394, 0.00917787943035, -0.0053865192458, 0.00300136394799, -9.28824374569e-05, 0.00164575432427, -0.00100564875174, 0.00250913924538], [-0.000834249251056, 0.00897735264152, -0.0101460134611, 0.0143915712833, -0.00972769875079, 0.0112902419642, -0.0113016013056, 0.0070172753185, -0.00604062294587, -0.00067861675052, -0.000633833755273, -0.00250897184014, -0.00178733072244], [0.00115543056745, -0.008002567105, 0.00911125354469, -0.00972769875079, 0.0149160278961, -0.0123684117571, 0.0115983635187, -0.00633762637153, 0.00453865295276, 0.000121988028695, -0.000488677644171, 0.00333171151578, -0.00105889944825], [-0.00142101978417, 0.0100291641429, -0.00964588299394, 0.0112902419642, -0.0123684117571, 0.0196557734162, -0.0127283250913, 0.00637124618515, -0.00501123536378, -0.00229653413408, -0.000852101598866, -0.00148728431668, 0.00260273786262], [0.00114017270971, -0.00937280524522, 0.00917787943035, -0.0113016013056, 0.0115983635187, -0.0127283250913, 0.0175529103726, -0.0062751066871, 0.00535876816139, 0.000641568622086, 0.000894219556358, 0.00243088928983, 0.000334748969181], [-0.000635577307548, 0.00462622055784, -0.0053865192458, 0.0070172753185, -0.00633762637153, 0.00637124618515, -0.0062751066871, 0.014855582267, -0.00342660746537, -0.00235546287149, 0.00149854877964, -0.00424736831337, 0.000555961451028], [0.000341977749486, -0.00501682283357, 0.00300136394799, -0.00604062294587, 0.00453865295276, -0.00501123536378, 0.00535876816139, -0.00342660746537, 0.0146466251463, -0.00310315727256, 0.00244208634831, 0.000521182082593, -0.00160819559824], [-1.34709707709e-05, 0.00280987052247, -9.28824374569e-05, -0.00067861675052, 0.000121988028695, -0.00229653413408, 0.000641568622086, -0.00235546287149, -0.00310315727256, 0.0191113892943, -0.0095684742555, 0.00660325633362, -0.00190550391562], [-2.75954298559e-05, -0.00452240463346, 0.00164575432427, -0.000633833755273, -0.000488677644171, -0.000852101598866, 0.000894219556358, 0.00149854877964, 0.00244208634831, -0.0095684742555, 0.0242782514542, -0.0121211735532, 0.00761686265469], [0.000380927405786, 0.00222992175259, -0.00100564875174, -0.00250897184014, 0.00333171151578, -0.00148728431668, 0.00243088928983, -0.00424736831337, 0.000521182082593, 0.00660325633362, -0.0121211735532, 0.0309792589396, -0.0133332740515], [-0.000262008805294, -0.00243757292628, 0.00250913924538, -0.00178733072244, -0.00105889944825, 0.00260273786262, 0.000334748969181, 0.000555961451028, -0.00160819559824, -0.00190550391562, 0.00761686265469, -0.0133332740515, 0.0288535971195]]
    },
    "melbands": {
        "dmean": [6.80908415234e-05, 0.000486591510708, 0.00109459192026, 0.000514635117725, 0.000186164907063, 0.000160850395332, 0.000103384911199, 0.0001447302202, 8.31652141642e-05, 8.11074933154e-05, 6.58685312374e-05, 4.10333705076e-05, 4.0036993596e-05, 3.62455211871e-05, 4.29314168287e-05, 7.58654350648e-05, 4.84016745759e-05, 3.75532981707e-05, 2.66782917606e-05, 5.04805830133e-05, 2.69483261945e-05, 1.63654913194e-05, 1.41554601214e-05, 1.15349012049e-05, 7.5309208114e-06, 5.60705939279e-06, 5.72492035644e-06, 6.65588686388e-06, 3.78639492737e-06, 4.08240657634e-06, 4.3729232857e-06, 5.52455412617e-06, 5.70793463339e-06, 3.88159605791e-06, 2.75801858152e-06, 6.14605642113e-06, 4.02722389481e-06, 1.90908531295e-06, 1.35438801863e-06, 8.99092299278e-07],
        "dmean2": [0.000101490571979, 0.000810931844171, 0.00171181838959, 0.000821477908175, 0.000293414661428, 0.000248078693403, 0.000161116317031, 0.000234573817579, 0.000126412734971, 0.000122718527564, 0.000100826393464, 6.11351206317e-05, 5.97298239882e-05, 4.90956444992e-05, 5.41422195965e-05, 9.61169425864e-05, 7.13791378075e-05, 5.328264524e-05, 3.77494689019e-05, 6.2517792685e-05, 3.30113980453e-05, 2.15803520405e-05, 2.12796494452e-05, 1.67700945894e-05, 1.14194172056e-05, 8.46968578117e-06, 8.568247722e-06, 1.01189643829e-05, 5.68445193494e-06, 5.94151606492e-06, 6.2466037889e-06, 7.99971985543e-06, 8.30314002087e-06, 5.6498943195e-06, 3.92824313167e-06, 8.42265762913e-06, 5.54064217795e-06, 2.61311242866e-06, 1.82017981842e-06, 1.25216342894e-06],
        "dvar": [6.66305055574e-09, 3.36859244499e-07, 1.89181764654e-06, 4.40394529733e-07, 6.62584085376e-08, 6.34991863535e-08, 7.5770074659e-08, 5.3042430892e-08, 3.46140929253e-08, 4.13892706774e-08, 3.71000119515e-08, 1.4889533162e-08, 9.47119449535e-09, 5.63620572436e-09, 1.0269275208e-08, 5.15309039884e-08, 1.82710149232e-08, 8.87196982546e-09, 2.65531641119e-09, 2.34568293678e-08, 5.93250382153e-09, 3.233642909e-09, 5.12072384495e-10, 5.01026276023e-10, 2.35722913411e-10, 8.6451013015e-11, 2.51779597171e-10, 1.79901371578e-10, 5.00222537003e-11, 5.26843256521e-11, 6.14206255301e-11, 1.09003028825e-10, 1.24054849726e-10, 5.6051680658e-11, 2.21680191564e-11, 1.57392557321e-10, 6.03609662253e-11, 9.54530465086e-12, 4.31544036616e-12, 2.47823528192e-12],
        "dvar2": [1.50040158076e-08, 9.25354868286e-07, 4.31214812124e-06, 1.15066154649e-06, 1.62528166925e-07, 1.50080751382e-07, 1.89507289861e-07, 1.36922423621e-07, 7.61330198884e-08, 9.65650315266e-08, 8.91833806804e-08, 3.33150929066e-08, 2.25056080438e-08, 7.73119257502e-09, 1.35751339059e-08, 6.61975079197e-08, 3.28498330759e-08, 1.47354919378e-08, 4.92563279053e-09, 2.96369719877e-08, 5.8055071861e-09, 3.13092995974e-09, 9.89043846822e-10, 8.6377094366e-10, 5.3480736506e-10, 1.76591297141e-10, 5.3166637759e-10, 3.85790621671e-10, 1.05594311073e-10, 1.13004924862e-10, 1.24440527327e-10, 2.32812838452e-10, 2.80761580651e-10, 1.23512200467e-10, 4.47543530013e-11, 3.20716259106e-10, 1.24503907184e-10, 1.72664244014e-11, 7.65274909414e-12, 5.06898776426e-12],
        "max": [0.00116112420801, 0.00735573470592, 0.0170527715236, 0.00807639677078, 0.00280907191336, 0.00475195143372, 0.00614975579083, 0.00363048235886, 0.00383964716457, 0.00376185821369, 0.00309671531431, 0.00353055307642, 0.00249403971247, 0.00213599996641, 0.00149631476961, 0.0060309721157, 0.00523661170155, 0.00197327812202, 0.000733030377887, 0.00341059127823, 0.00226486404426, 0.00207453663461, 0.000593773671426, 0.000787882134318, 0.000268316885922, 0.000181478782906, 0.000439128285507, 0.000253835314652, 0.000147405182361, 0.000125480000861, 0.000116418748803, 0.000152453110786, 0.000153868095367, 0.000110299683001, 7.14809066267e-05, 0.000161691350513, 9.57270895015e-05, 4.0486909711e-05, 3.48921057594e-05, 4.49400613434e-05],
        "mean": [0.00011948824249, 0.000829434429761, 0.00172888347879, 0.000958129821811, 0.000423405523179, 0.000290490454063, 0.000181305251317, 0.000241140267462, 0.000137097376864, 0.000126432772959, 0.000109084998257, 7.17010698281e-05, 7.14061097824e-05, 7.92027349235e-05, 8.27676121844e-05, 0.00016454247816, 8.14472368802e-05, 7.32943881303e-05, 4.59874354419e-05, 0.000118504030979, 5.38260828762e-05, 3.42096682289e-05, 2.84405377897e-05, 2.15473519347e-05, 1.3323321582e-05, 1.02646981759e-05, 8.39683434606e-06, 9.65581057244e-06, 5.74806426812e-06, 6.57159489492e-06, 6.77715615893e-06, 8.07297874417e-06, 8.22095807962e-06, 5.86526675761e-06, 4.75811611977e-06, 9.11430106498e-06, 6.40372127236e-06, 3.64154902854e-06, 2.50818698078e-06, 1.68166616277e-06],
        "median": [5.94649973209e-05, 0.000526332180016, 0.00114952353761, 0.000730812200345, 0.00034312022035, 0.000146965190652, 7.77185996412e-05, 0.000147843762534, 5.65182199352e-05, 4.09757849411e-05, 3.28012465616e-05, 1.89475340449e-05, 3.04281948047e-05, 3.04776640405e-05, 1.744754627e-05, 1.90038354049e-05, 2.82537966996e-05, 1.75937202584e-05, 1.65837682289e-05, 1.32727418531e-05, 1.19907499538e-05, 1.20382874229e-05, 1.77576712304e-05, 1.015817179e-05, 6.22245397608e-06, 5.26418580193e-06, 4.03308422392e-06, 4.01880242862e-06, 2.47485195359e-06, 2.66524148174e-06, 1.91874232769e-06, 1.9464421257e-06, 2.13508360503e-06, 1.58179807386e-06, 1.65499170635e-06, 1.91967910723e-06, 1.41286398048e-06, 1.01465798252e-06, 8.19308581868e-07, 5.46525313894e-07],
        "min": [1.32771560413e-09, 3.82305875846e-09, 1.4895228162e-08, 8.56880788547e-09, 3.45836093096e-09, 1.79623393937e-09, 3.57916307703e-10, 2.74122391453e-09, 8.90956197708e-10, 5.26610588469e-10, 3.518709768e-10, 2.1111482007e-10, 9.87129267216e-10, 3.05353714536e-10, 1.29651747671e-10, 1.14860856937e-10, 6.25433801971e-11, 1.49040918496e-11, 3.57825366559e-11, 4.04216209116e-11, 3.02687007403e-11, 1.04090958075e-10, 1.46428535963e-10, 3.89916050836e-11, 3.01191224739e-11, 2.10071907786e-11, 1.14446689972e-11, 1.93309274837e-11, 1.01712535963e-11, 6.62510627955e-12, 1.04250063443e-11, 1.46954063501e-11, 1.17205438063e-11, 3.82509258642e-12, 2.5089782682e-12, 2.60455480967e-12, 1.91899100777e-12, 1.03246100905e-12, 9.93796624854e-13, 1.33872166824e-12],
        "var": [2.46951525895e-08, 7.76707622663e-07, 3.17814647133e-06, 7.39494737445e-07, 1.20537151815e-07, 1.44122736856e-07, 1.14190548572e-07, 8.20779675337e-08, 6.74937439271e-08, 7.14277348379e-08, 8.11286753333e-08, 3.69690660307e-08, 2.22695764052e-08, 2.7307873296e-08, 3.55195197699e-08, 2.29146223774e-07, 3.83179248331e-08, 3.47126025702e-08, 6.56878329508e-09, 1.39697931445e-07, 2.77701595053e-08, 1.53342050169e-08, 1.46973866411e-09, 1.66625213627e-09, 4.63830557296e-10, 1.9148177488e-10, 3.9780045924e-10, 2.87118245845e-10, 8.10192399281e-11, 1.08329657744e-10, 1.45485998249e-10, 2.15783835245e-10, 2.07329403645e-10, 1.26370913733e-10, 6.37833744155e-11, 2.84690410135e-10, 1.17332032978e-10, 3.33766417282e-11, 1.4671147977e-11, 7.72087515449e-12]
    },
    "mfcc": {
        "mean": [-615.757141113, 98.4916381836, 5.4681558609, 17.4093742371, 9.78598308563, 4.2518415451, -8.37163352966, -0.272898346186, -9.29091930389, -3.82815909386, -6.43472623825, -3.27246546745, -9.55860042572],
        "cov": [[2630.90527344, -769.42175293, -20.5706214905, -177.272857666, 24.3913421631, 132.182113647, 6.74086236954, -23.3081970215, 25.2227859497, 63.0918502808, 21.1123809814, 35.1957893372, -12.3817033768], [-769.42175293, 1395.84851074, -399.385498047, -117.240699768, -124.088973999, -214.591567993, 46.5699691772, 15.4013109207, -71.698890686, -28.7713279724, 9.6837387085, -68.7588500977, -54.8483276367], [-20.5706214905, -399.385498047, 397.704803467, 117.941055298, 0.597359776497, 77.2194900513, -56.5514945984, 20.239566803, 17.5016498566, 18.8721008301, -10.7638120651, 30.6581611633, 31.3958587646], [-177.272857666, -117.240699768, 117.941055298, 297.651428223, -6.6939291954, 20.2566719055, -43.0006942749, 14.6826305389, 24.1189842224, -2.73781991005, -30.7825431824, -4.91352033615, 38.6575241089], [24.3913421631, -124.088973999, 0.597359776497, -6.6939291954, 248.0546875, 21.0783290863, -16.0549106598, -18.2594146729, 15.1572418213, -0.877888679504, -0.678728163242, 40.7561607361, 35.9054145813], [132.182113647, -214.591567993, 77.2194900513, 20.2566719055, 21.0783290863, 173.084854126, 33.9370613098, 6.4562458992, 14.9433441162, 31.2271099091, 25.4497661591, 14.1712684631, -5.67426633835], [6.74086236954, 46.5699691772, -56.5514945984, -43.0006942749, -16.0549106598, 33.9370613098, 133.938476562, 14.1261968613, -12.027677536, 9.80390834808, 34.1532440186, -0.287486940622, -5.70276069641], [-23.3081970215, 15.4013109207, 20.239566803, 14.6826305389, -18.2594146729, 6.4562458992, 14.1261968613, 81.8656311035, 22.4979019165, -1.00461363792, -1.72415697575, -5.54434251785, -1.01040935516], [25.2227859497, -71.698890686, 17.5016498566, 24.1189842224, 15.1572418213, 14.9433441162, -12.027677536, 22.4979019165, 78.8641281128, 20.6519966125, -4.9831533432, 1.07267081738, 10.528845787], [63.0918502808, -28.7713279724, 18.8721008301, -2.73781991005, -0.877888679504, 31.2271099091, 9.80390834808, -1.00461363792, 20.6519966125, 80.587310791, 31.3819274902, -0.463572531939, -5.78995704651], [21.1123809814, 9.6837387085, -10.7638120651, -30.7825431824, -0.678728163242, 25.4497661591, 34.1532440186, -1.72415697575, -4.9831533432, 31.3819274902, 78.7797546387, 17.2933311462, -5.90783786774], [35.1957893372, -68.7588500977, 30.6581611633, -4.91352033615, 40.7561607361, 14.1712684631, -0.287486940622, -5.54434251785, 1.07267081738, -0.463572531939, 17.2933311462, 68.5657501221, 29.1417617798], [-12.3817033768, -54.8483276367, 31.3958587646, 38.6575241089, 35.9054145813, -5.67426633835, -5.70276069641, -1.01040935516, 10.528845787, -5.78995704651, -5.90783786774, 29.1417617798, 73.9020080566]],
