{
"lowlevel": {
    "average_loudness": 0.860737621784,
    "barkbands_crest": {
        "dmean": 2.20313405991,
        "dmean2": 3.51638674736,
        "dvar": 3.79593086243,
        "dvar2": 9.10780906677,
        "max": 24.8769550323,
        "mean": 8.84322071075,
        "median": 7.8784866333,
        "min": 2.93718242645,
        "var": 13.3442392349
    },
    "barkbands_flatness_db": {
        "dmean": 0.0181887149811,
        "dmean2": 0.0276589859277,
        "dvar": 0.00028948468389,
        "dvar2": 0.000629871792626,
        "max": 0.357670158148,
        "mean": 0.17514757812,
        "median": 0.167551770806,
        "min": 0.0833156183362,
        "var": 0.0017584428424
    },
    "barkbands_kurtosis": {
        "dmean": 2.40015459061,
        "dmean2": 3.51910972595,
        "dvar": 21.6541538239,
        "dvar2": 41.3373069763,
        "max": 134.938049316,
        "mean": 3.66076827049,
        "median": 0.541128635406,
        "min": -1.84200763702,
        "var": 90.5642852783
    },
    "barkbands_skewness": {
        "dmean": 0.474819749594,
        "dmean2": 0.67310833931,
        "dvar": 0.217221930623,
        "dvar2": 0.411531597376,
        "max": 9.39573574066,
        "mean": 1.18554079533,
        "median": 0.951347887516,
        "min": -2.30120539665,
        "var": 1.50871741772
    },
    "barkbands_spread": {
        "dmean": 3.76624035835,
        "dmean2": 5.48689317703,
        "dvar": 17.1288146973,
        "dvar2": 35.2801246643,
        "max": 84.220199585,
        "mean": 17.2839031219,
        "median": 16.8532276154,
        "min": 0.875503599644,
        "var": 75.2201766968
    },
    "dissonance": {
        "dmean": 0.022601146251,
        "dmean2": 0.0379132702947,
        "dvar": 0.000445609592134,
        "dvar2": 0.00119257625192,
        "max": 0.499746531248,
        "mean": 0.453292369843,
        "median": 0.458225190639,
        "min": 0.269206017256,
        "var": 0.000861447188072
    },
    "dynamic_complexity": 3.53122401237,
    "erbbands_crest": {
        "dmean": 2.56795310974,
        "dmean2": 4.11128902435,
        "dvar": 5.62407207489,
        "dvar2": 13.3823890686,
        "max": 31.2039413452,
        "mean": 9.59355163574,
        "median": 8.72710132599,
        "min": 3.08535122871,
        "var": 16.9633464813
    },
    "erbbands_flatness_db": {
        "dmean": 0.0155308032408,
        "dmean2": 0.0219023954123,
        "dvar": 0.000219122608542,
        "dvar2": 0.000376065145247,
        "max": 0.385634809732,
        "mean": 0.21451793611,
        "median": 0.209765806794,
        "min": 0.105857923627,
        "var": 0.00153065728955
    },
    "erbbands_kurtosis": {
        "dmean": 0.883275389671,
        "dmean2": 1.33717668056,
        "dvar": 2.05213737488,
        "dvar2": 4.42463588715,
        "max": 43.9947738647,
        "mean": 0.503627300262,
        "median": -0.164825677872,
        "min": -1.83388912678,
        "var": 6.25516700745
    },
    "erbbands_skewness": {
        "dmean": 0.357358276844,
        "dmean2": 0.524277031422,
        "dvar": 0.109367892146,
        "dvar2": 0.229358136654,
        "max": 4.36431407928,
        "mean": 0.276742786169,
        "median": 0.1773250103,
        "min": -2.20153784752,
        "var": 0.645278394222
    },
    "erbbands_spread": {
        "dmean": 5.74248218536,
        "dmean2": 8.4400177002,
        "dvar": 36.4642982483,
        "dvar2": 72.6916046143,
        "max": 119.520072937,
        "mean": 29.6066303253,
        "median": 28.144487381,
        "min": 1.7908513546,
        "var": 146.138931274
    },
    "hfc": {
        "dmean": 4.59624814987,
        "dmean2": 5.7257809639,
        "dvar": 43.7856636047,
        "dvar2": 56.6249198914,
        "max": 136.266433716,
        "mean": 15.4988708496,
        "median": 8.46535396576,
        "min": 3.88970802305e-05,
        "var": 301.306396484
    },
    "melbands_crest": {
        "dmean": 2.83674263954,
        "dmean2": 4.59644937515,
        "dvar": 6.3929643631,
        "dvar2": 16.2274417877,
        "max": 29.8182449341,
        "mean": 11.6678056717,
        "median": 10.7757120132,
        "min": 3.31618523598,
        "var": 18.1318969727
    },
    "melbands_flatness_db": {
        "dmean": 0.0224582999945,
        "dmean2": 0.0325164422393,
        "dvar": 0.000473099178635,
        "dvar2": 0.000926007982343,
        "max": 0.438385039568,
        "mean": 0.202459916472,
        "median": 0.195761591196,
        "min": 0.0749218910933,
        "var": 0.00387034798041
    },
    "melbands_kurtosis": {
        "dmean": 4.62261343002,
        "dmean2": 6.90370845795,
        "dvar": 81.436706543,
        "dvar2": 171.85043335,
        "max": 198.705856323,
        "mean": 8.68893718719,
        "median": 3.3733830452,
        "min": -1.64871382713,
        "var": 278.987243652
    },
    "melbands_skewness": {
        "dmean": 0.565543651581,
        "dmean2": 0.8181656003,
        "dvar": 0.339977234602,
        "dvar2": 0.682276129723,
        "max": 10.0595149994,
        "mean": 1.9064258337,
        "median": 1.63276028633,
        "min": -1.94044685364,
        "var": 1.90942537785
    },
    "melbands_spread": {
        "dmean": 5.80618000031,
        "dmean2": 8.23272323608,
        "dvar": 38.7408370972,
        "dvar2": 74.7503890991,
        "max": 123.740036011,
        "mean": 23.6128845215,
        "median": 21.214258194,
        "min": 0.846596777439,
        "var": 226.017242432
    },
    "pitch_salience": {
        "dmean": 0.0662267506123,
        "dmean2": 0.105050295591,
        "dvar": 0.003131988924,
        "dvar2": 0.00743982475251,
        "max": 0.836731553078,
        "mean": 0.581722915173,
        "median": 0.591940104961,
        "min": 0.173082113266,
        "var": 0.0107617750764
    },
    "silence_rate_20dB": {
        "dmean": 0,
        "dmean2": 0,
        "dvar": 0,
        "dvar2": 0,
        "max": 1,
        "mean": 1,
        "median": 1,
        "min": 1,
        "var": 0
    },
    "silence_rate_30dB": {
        "dmean": 0.00154798757285,
        "dmean2": 0.00309717375785,
        "dvar": 0.00154557975475,
        "dvar2": 0.00308752828278,
        "max": 1,
        "mean": 0.997678935528,
        "median": 1,
        "min": 0,
        "var": 0.00231557246298
    },
    "silence_rate_60dB": {
        "dmean": 0.0464396290481,
        "dmean2": 0.0929152145982,
        "dvar": 0.0442840866745,
        "dvar2": 0.102867312729,
        "max": 1,
        "mean": 0.089361704886,
        "median": 0,
        "min": 0,
        "var": 0.0813738107681
    },
    "spectral_centroid": {
        "dmean": 215.7784729,
        "dmean2": 301.797851562,
        "dvar": 54085.9335938,
        "dvar2": 101508.539062,
        "max": 3132.08129883,
        "mean": 1187.47790527,
        "median": 1081.54797363,
        "min": 170.608947754,
        "var": 380718.53125
    },
    "spectral_complexity": {
        "dmean": 2.93962860107,
        "dmean2": 4.25861406326,
        "dvar": 8.59459495544,
        "dvar2": 16.3234062195,
        "max": 43,
        "mean": 14.4800777435,
        "median": 14,
        "min": 0,
        "var": 50.7781906128
    },
    "spectral_decrease": {
        "dmean": 1.17299714386e-09,
        "dmean2": 1.60837521079e-09,
        "dvar": 2.66375566453e-18,
        "dvar2": 5.06337353433e-18,
        "max": -1.56795454712e-14,
        "mean": -4.11495904018e-09,
        "median": -3.1382514365e-09,
        "min": -3.21792335001e-08,
        "var": 1.44615407466e-17
    },
    "spectral_energy": {
        "dmean": 0.00477305985987,
        "dmean2": 0.00647460669279,
        "dvar": 4.24891441071e-05,
        "dvar2": 7.84067160566e-05,
        "max": 0.128195852041,
        "mean": 0.0169366132468,
        "median": 0.0127920331433,
        "min": 6.27063201364e-08,
        "var": 0.000242407462792
    },
    "spectral_energyband_high": {
        "dmean": 0.000163185439305,
        "dmean2": 0.000208179102628,
        "dvar": 9.90614879015e-08,
        "dvar2": 1.47668302475e-07,
        "max": 0.00826434977353,
        "mean": 0.000349994836142,
        "median": 7.61139017413e-05,
        "min": 3.37809530349e-10,
        "var": 4.74931653116e-07
    },
    "spectral_energyband_low": {
        "dmean": 0.00157821271569,
        "dmean2": 0.00239003961906,
        "dvar": 1.23807039927e-05,
        "dvar2": 2.60402630374e-05,
        "max": 0.0773989111185,
        "mean": 0.00283624837175,
        "median": 0.00120649300516,
        "min": 5.60797497329e-09,
        "var": 2.57694937318e-05
    },
    "spectral_energyband_middle_high": {
        "dmean": 0.0017968013417,
        "dmean2": 0.00240119779482,
        "dvar": 7.89189380157e-06,
        "dvar2": 1.14224239951e-05,
        "max": 0.0463919937611,
        "mean": 0.00543524604291,
        "median": 0.00251615443267,
        "min": 8.43845526788e-09,
        "var": 4.48412210972e-05
    },
    "spectral_energyband_middle_low": {
        "dmean": 0.00315722264349,
        "dmean2": 0.00461598532274,
        "dvar": 2.59296521108e-05,
        "dvar2": 5.67630740989e-05,
        "max": 0.116830259562,
        "mean": 0.00925740320235,
        "median": 0.00646147085354,
        "min": 4.68664858033e-08,
        "var": 0.000123207559227
    },
    "spectral_entropy": {
        "dmean": 0.172659739852,
        "dmean2": 0.245952516794,
        "dvar": 0.0247012265027,
        "dvar2": 0.048729006201,
        "max": 8.44997787476,
        "mean": 7.21735239029,
        "median": 7.23765087128,
        "min": 5.53133153915,
        "var": 0.12647408247
    },
    "spectral_flux": {
        "dmean": 0.0193016100675,
        "dmean2": 0.0304160527885,
        "dvar": 0.000387532112654,
        "dvar2": 0.00090589444153,
        "max": 0.263235062361,
        "mean": 0.0620962455869,
        "median": 0.0547485053539,
        "min": 0.000306419067783,
        "var": 0.00115314277355
    },
    "spectral_kurtosis": {
        "dmean": 2.59788894653,
        "dmean2": 4.47750473022,
        "dvar": 7.86170530319,
        "dvar2": 22.2180156708,
        "max": 37.5777282715,
        "mean": 5.48283100128,
        "median": 4.01562547684,
        "min": -1.10048365593,
        "var": 24.089307785
    },
    "spectral_rms": {
        "dmean": 0.000572562217712,
        "dmean2": 0.000762713607401,
        "dvar": 3.81294228191e-07,
        "dvar2": 5.86255339385e-07,
        "max": 0.011183431372,
        "mean": 0.00369327212684,
        "median": 0.00353270885535,
        "min": 7.82156621426e-06,
        "var": 2.88321211883e-06
    },
    "spectral_rolloff": {
        "dmean": 327.848815918,
        "dmean2": 511.87020874,
        "dvar": 241604.140625,
        "dvar2": 479950.59375,
        "max": 9259.27734375,
        "mean": 1418.65014648,
        "median": 1335.05859375,
        "min": 129.19921875,
        "var": 869287.9375
    },
    "spectral_skewness": {
        "dmean": 0.299245297909,
        "dmean2": 0.485752075911,
        "dvar": 0.072228051722,
        "dvar2": 0.178898394108,
        "max": 4.79355955124,
        "mean": 1.6125651598,
        "median": 1.50943958759,
        "min": 0.189383968711,
        "var": 0.413979053497
    },
    "spectral_spread": {
        "dmean": 337990.59375,
        "dmean2": 501016.625,
        "dvar": 131059949568,
        "dvar2": 221706584064,
        "max": 10244878,
        "mean": 3363670.5,
        "median": 3328136.5,
        "min": 1386462.25,
        "var": 728060002304
    },
    "spectral_strongpeak": {
        "dmean": 0.625831365585,
        "dmean2": 0.991705238819,
        "dvar": 1.12845504284,
        "dvar2": 2.30520486832,
        "max": 16.9447669983,
        "mean": 1.19537210464,
        "median": 0.591843664646,
        "min": 0.000694849994034,
        "var": 2.88397550583
    },
    "zerocrossingrate": {
        "dmean": 0.00733083253726,
        "dmean2": 0.00824142340571,
        "dvar": 5.4753421864e-05,
        "dvar2": 5.75255835429e-05,
        "max": 0.27392578125,
        "mean": 0.0498877987266,
        "median": 0.04638671875,
        "min": 0.005859375,
        "var": 0.000558842846658
    },
    "barkbands": {
        "dmean": [2.00844497158e-05, 0.000316925114021, 0.000926141568925, 0.000908516580239, 0.000930931011681, 0.000731283915229, 0.000875280005857, 0.000760792812798, 0.000626414665021, 0.000348413654137, 0.000242916095885, 0.000213626117329, 0.000410794425989, 0.000430719635915, 0.000409183994634, 0.000281664193608, 0.000373073795345, 0.00017525680596, 0.000162150347023, 8.16636311356e-05, 8.08795666671e-05, 4.71643106721e-05, 1.95198990696e-05, 9.52201389737e-06, 2.82981932287e-06, 2.71645417271e-09, 6.63191390693e-10],
        "dmean2": [3.39925463777e-05, 0.000511303835083, 0.00137542269658, 0.00149455072824, 0.00146523129661, 0.00113401957788, 0.00126741104759, 0.00105260522105, 0.00088596198475, 0.000531980942469, 0.000366656342521, 0.000313002645271, 0.000615275814198, 0.0006315158098, 0.000600765284617, 0.000405248254538, 0.000546730414499, 0.000256777042523, 0.000238042121055, 0.000117974625027, 0.000111346002086, 6.76646886859e-05, 2.83590325125e-05, 1.31181432153e-05, 3.99297232434e-06, 4.34055058562e-09, 1.23095511562e-09],
        "dvar": [3.78161529868e-10, 2.66365162815e-07, 5.00126179759e-06, 5.09046003572e-06, 2.24890641221e-06, 2.20711240217e-06, 5.3015442063e-06, 7.90784633864e-06, 2.9557097605e-06, 5.82732980092e-07, 3.44897131299e-07, 3.47822322055e-07, 1.22547589854e-06, 1.2758853245e-06, 9.00543682292e-07, 3.47051837934e-07, 8.84430733095e-07, 1.67452370192e-07, 2.85786171617e-07, 3.53085951588e-08, 3.97567134769e-08, 1.02806989588e-08, 2.77292921957e-09, 1.31853639118e-09, 1.97435734428e-10, 2.32470601124e-16, 1.19214097062e-18],
        "dvar2": [1.05314712506e-09, 6.27404233455e-07, 9.25909625948e-06, 1.38743089337e-05, 5.63064759262e-06, 5.54324924451e-06, 9.14641441341e-06, 1.23644695122e-05, 4.8261840675e-06, 1.26003658352e-06, 6.88267334681e-07, 5.97572750394e-07, 2.49982190326e-06, 2.39511223299e-06, 1.73214834831e-06, 6.84665451445e-07, 1.63312802215e-06, 3.27179805026e-07, 5.71213206513e-07, 7.27959204028e-08, 7.07712288772e-08, 1.92945606159e-08, 5.93832316653e-09, 2.49848741696e-09, 3.83059334252e-10, 5.47208853733e-16, 3.73438628471e-18],
        "max": [0.000189845464774, 0.012520885095, 0.0441531389952, 0.056457221508, 0.0280108079314, 0.042102470994, 0.0734118074179, 0.107769101858, 0.0640600472689, 0.0160816255957, 0.018833976239, 0.0263079237193, 0.0179571118206, 0.0212320610881, 0.0222759339958, 0.00978088285774, 0.024414466694, 0.00730317272246, 0.0179852638394, 0.00346751720645, 0.00554606504738, 0.00193618854973, 0.00100965262391, 0.00103217794094, 0.00047717281268, 5.82666245919e-07, 1.08846531788e-08],
        "mean": [3.88178814319e-05, 0.000569937576074, 0.00147002446465, 0.00127553474158, 0.00186936452519, 0.00136587652378, 0.00160725577734, 0.00150513532571, 0.00130854838062, 0.000664887425955, 0.000454272056231, 0.000389818538679, 0.000730951316655, 0.000786723685451, 0.000730378553271, 0.000510705052875, 0.000662980077323, 0.000281358079519, 0.000284547480987, 0.000143367185956, 0.000145610130858, 8.47570699989e-05, 3.3389111195e-05, 1.78085574589e-05, 4.55110148323e-06, 3.62469143589e-09, 5.45062439627e-10],
        "median": [3.55561714969e-05, 0.000275649596006, 0.000334839918651, 0.000500947819091, 0.00100410124287, 0.000652018934488, 0.000452943088021, 0.000231735408306, 0.000317947415169, 0.000191871862626, 9.95735099423e-05, 7.15370770195e-05, 0.000115655369882, 0.000124983620481, 0.000185854834854, 0.000123647332657, 0.000135634632898, 6.30934810033e-05, 4.31621992902e-05, 2.49928525591e-05, 2.19063149416e-05, 1.76615667442e-05, 9.22042454476e-06, 5.83022119827e-06, 1.47956222918e-06, 1.3924597031e-09, 1.91232182867e-10],
        "min": [3.93483579053e-10, 2.14453077518e-09, 1.66796043644e-09, 8.7010683103e-09, 6.18615869641e-09, 3.74989994611e-09, 2.26826735172e-09, 2.48508713607e-10, 2.9616469277e-09, 2.3817419148e-09, 1.83301485102e-10, 1.24021526382e-09, 2.98074565031e-10, 1.80556403162e-10, 3.83071574461e-10, 3.95293131561e-10, 3.0633784398e-10, 1.64030830585e-10, 3.06846006937e-11, 5.39442206182e-11, 7.14649728284e-11, 7.74766362177e-11, 6.76886741102e-11, 5.23719782819e-11, 2.12338532174e-11, 1.2205718207e-11, 1.24486670972e-11],
        "var": [4.21952417451e-10, 5.83376163377e-07, 1.18675070553e-05, 6.66791129333e-06, 6.66629330226e-06, 5.90094396102e-06, 1.57370377565e-05, 3.85523526347e-05, 1.51947660925e-05, 1.52553002408e-06, 8.94047616384e-07, 1.77362085196e-06, 3.1701511034e-06, 3.70859538634e-06, 2.35284755945e-06, 9.806539083e-07, 3.05453340843e-06, 4.33670351185e-07, 7.32643115953e-07, 9.35802901836e-08, 1.320166092e-07, 3.17405728367e-08, 5.59800827915e-09, 2.48787812573e-09, 2.98026436862e-10, 2.70459420003e-16, 9.33745567085e-19]
    },
    "erbbands": {
        "dmean": [0.00627424241975, 0.087238766253, 0.696153700352, 2.56459665298, 2.95428729057, 3.1983423233, 3.97450685501, 6.64920377731, 10.1345672607, 16.4977436066, 13.8819723129, 16.4079971313, 11.4668064117, 8.49844169617, 9.10481834412, 10.3793878555, 19.0629806519, 19.7449092865, 21.2719268799, 15.8957099915, 14.5069684982, 17.022277832, 10.6331806183, 9.57013988495, 5.43412351608, 4.17718267441, 3.23171186447, 2.78159785271, 1.75466895103, 1.23484003544, 0.40557923913, 0.230704814196, 0.147201821208, 0.0598916262388, 0.00413950998336, 0.000186797915376, 1.18271836982e-05, 2.39761629928e-06, 2.90520597446e-06, 5.75670583203e-06],
        "dmean2": [0.0103625208139, 0.138548985124, 1.04001438618, 4.03761005402, 4.73941230774, 5.07468605042, 6.2585735321, 10.4214572906, 14.6887779236, 24.2409496307, 18.7514381409, 22.6045055389, 17.339138031, 12.6938304901, 13.5833377838, 14.864531517, 28.1997051239, 27.9009876251, 30.4198036194, 23.0019340515, 21.1751384735, 25.1119422913, 15.3144874573, 13.8148727417, 7.85615253448, 6.06131267548, 4.55389118195, 3.85711479187, 2.5015296936, 1.80685329437, 0.576127111912, 0.3203330338, 0.205979779363, 0.0822394639254, 0.00589345861226, 0.000261249340838, 1.51492440637e-05, 2.98969462165e-06, 3.70665338778e-06, 7.65568984207e-06],
        "dvar": [0.000119984128105, 0.0185464322567, 2.29818272591, 40.1012763977, 29.1470832825, 29.4906539917, 69.3514251709, 179.016159058, 359.305328369, 4319.05517578, 2223.98974609, 2298.85180664, 840.441467285, 371.695617676, 352.695220947, 790.812744141, 2577.08886719, 2861.37255859, 2907.09179688, 950.847900391, 1058.17797852, 1842.1739502, 552.602600098, 899.086975098, 180.455047607, 99.1675338745, 48.037815094, 43.4505233765, 14.1368627548, 8.85179710388, 0.954706728458, 0.875245630741, 0.334854513407, 0.0893036052585, 0.000312183779897, 6.20744856406e-07, 1.77602388352e-09, 3.48214720947e-11, 1.4135334396e-11, 5.81350904916e-11],
        "dvar2": [0.000303792621708, 0.0427567027509, 4.29772663116, 97.9401473999, 70.1229858398, 77.7233734131, 165.652069092, 449.76864624, 713.561950684, 8482.69628906, 3151.10131836, 3695.21630859, 1823.14672852, 796.496582031, 719.948730469, 1294.1730957, 5214.99072266, 5162.04003906, 5223.56054688, 1900.0534668, 2101.94213867, 3760.99584961, 1062.88317871, 1850.93151855, 330.197845459, 214.614227295, 92.1012268066, 75.4978408813, 26.6812171936, 18.9193878174, 1.67804896832, 1.76816940308, 0.67975217104, 0.174579739571, 0.000570624833927, 1.13018950287e-06, 3.16122394928e-09, 5.80001428829e-11, 2.2874485292e-11, 1.01983255174e-10],
        "max": [0.282292753458, 3.05621552467, 27.5675640106, 121.07699585, 112.430671692, 111.159416199, 309.819793701, 313.138031006, 372.424072266, 2249.9465332, 1513.44934082, 1917.21801758, 677.442443848, 474.051025391, 352.161651611, 1312.06018066, 1005.60595703, 1220.70751953, 1468.28027344, 583.740234375, 624.257080078, 892.01953125, 531.64263916, 927.668579102, 357.635314941, 217.554840088, 168.863845825, 160.81729126, 101.265785217, 65.1101455688, 33.0888328552, 31.809753418, 20.9379577637, 10.2362480164, 0.609501302242, 0.0270184539258, 0.00140848942101, 0.000177749956492, 6.44863393973e-05, 0.000146452090121],
        "mean": [0.010395639576, 0.165248975158, 1.19540739059, 3.77828145027, 5.50532102585, 5.74291753769, 7.52599143982, 12.2304973602, 19.3245677948, 32.9699020386, 28.6737155914, 35.618888855, 22.6394500732, 17.44480896, 18.2433452606, 20.5432415009, 36.4681663513, 38.2987747192, 42.5467185974, 32.6874351501, 29.276473999, 31.1399536133, 19.5426006317, 16.7477455139, 10.2103204727, 7.43227624893, 5.78698301315, 4.9649014473, 3.17025279999, 2.10053467751, 0.785349190235, 0.410659462214, 0.274450570345, 0.100691311061, 0.00653671845794, 0.000317093043122, 2.76535629382e-05, 6.29454098089e-06, 1.03240545286e-05, 2.06410168175e-05],
        "median": [0.00557152787223, 0.0909889265895, 0.4100227952, 1.28619384766, 2.3973903656, 3.29531359673, 4.05991029739, 5.84250926971, 6.85413980484, 7.67892074585, 6.70092153549, 8.98774623871, 8.02042102814, 6.45666599274, 5.46900415421, 5.21723890305, 7.82740974426, 8.84166240692, 11.2554149628, 10.4664993286, 8.36801338196, 7.58457899094, 5.03993320465, 2.83042287827, 1.87800586224, 1.22778213024, 1.05852591991, 0.656099557877, 0.655608057976, 0.414512246847, 0.270435601473, 0.118427179754, 0.103861019015, 0.0345721803606, 0.00203685765155, 0.000110096494609, 1.43752895383e-05, 3.24344614455e-06, 7.3558717304e-06, 1.53432101797e-05],
        "min": [6.5035308694e-08, 4.81174822653e-07, 2.01655552701e-06, 1.39425928865e-05, 2.29621909966e-05, 2.4053373636e-05, 2.05184696824e-05, 3.72588801838e-05, 4.08529340348e-05, 1.33504217956e-05, 5.50020968149e-06, 5.10267418576e-05, 0.000102555546619, 2.1077466954e-05, 9.42763381317e-06, 5.62959903618e-05, 2.66928400379e-05, 1.56655842147e-05, 2.25461735681e-05, 1.98880807147e-05, 3.57340795745e-05, 1.44258474393e-05, 1.15057482617e-05, 3.30111743096e-06, 1.93855089492e-06, 2.7365169899e-06, 3.17849185194e-06, 2.13765747503e-06, 3.21799052472e-06, 1.67806751961e-06, 2.38750044446e-06, 8.95455912087e-07, 1.04722107608e-06, 3.10072579168e-07, 9.2720711109e-08, 3.71756385675e-08, 2.09749391189e-08, 6.30652596811e-09, 1.61179192215e-09, 3.04650804583e-10],
        "var": [0.000205697957426, 0.0424819327891, 5.59417676926, 62.2810211182, 92.3359069824, 55.4971961975, 177.650253296, 420.913391113, 1069.6907959, 16983.9472656, 9028.98535156, 11964.9238281, 2095.23925781, 1031.2845459, 1054.34631348, 4179.25195312, 7483.99609375, 7822.38671875, 8446.0703125, 3338.63525391, 3156.54785156, 5329.98632812, 1757.73327637, 2339.75244141, 517.781738281, 255.846420288, 155.563842773, 141.466751099, 46.284236908, 22.9484539032, 2.42701005936, 1.52752733231, 0.533444702625, 0.137176632881, 0.000524785136804, 1.06789218535e-06, 3.50814932659e-09, 9.99455657125e-11, 9.12694850252e-11, 3.56212559449e-10]
    },
    "gfcc": {
        "mean": [-62.2157325745, 142.227218628, -159.304016113, 46.2097969055, -72.5863494873, 10.8379631042, -39.6262741089, -9.76285266876, -2.51700401306, -19.7529258728, -0.149928510189, -22.3837738037, 5.18208169937],
        "cov": [[4699.87353516, -772.149108887, -1310.02734375, 103.491897583, 11.3984918594, -254.741165161, 6.73502063751, 54.5624923706, -65.1775131226, 89.8284301758, -58.5194168091, -86.4671859741, -148.371520996], [-772.149108887, 619.869750977, 376.467834473, -228.021331787, 133.288162231, 45.8095359802, -11.2122612, -52.5544815063, 80.3121948242, -53.2058029175, 21.3459739685, -20.8728752136, 42.2179260254], [-1310.02734375, 376.467834473, 968.683898926, 100.8932724, -75.9178924561, 176.923309326, -22.543680191, 5.02987527847, -14.4756717682, -55.798412323, -22.7286281586, -15.2870807648, 33.3219070435], [103.491897583, -228.021331787, 100.8932724, 398.940216064, -61.1438102722, -10.3846521378, 44.3111343384, 19.1365146637, -54.7890625, 5.03464078903, -26.4542579651, 3.9143512249, -18.2442531586], [11.3984918594, 133.288162231, -75.9178924561, -61.1438102722, 208.37461853, 17.397108078, -17.9729137421, -14.6865549088, 41.7933235168, -16.9375915527, -13.8832149506, -27.8615760803, 1.0298615694], [-254.741165161, 45.8095359802, 176.923309326, -10.3846521378, 17.397108078, 165.802261353, 21.7383499146, 2.826192379, -20.4402599335, -10.8446302414, -11.6590433121, -14.8262863159, 1.60864031315], [6.73502063751, -11.2122612, -22.543680191, 44.3111343384, -17.9729137421, 21.7383499146, 131.251434326, 22.4334125519, -19.8264751434, -13.6824264526, 4.89572906494, -1.99151134491, -11.0549077988], [54.5624923706, -52.5544815063, 5.02987527847, 19.1365146637, -14.6865549088, 2.826192379, 22.4334125519, 83.9124755859, 9.00947189331, 2.72926425934, -4.06307315826, -0.663653552532, -2.88818240166], [-65.1775131226, 80.3121948242, -14.4756717682, -54.7890625, 41.7933235168, -20.4402599335, -19.8264751434, 9.00947189331, 95.8625640869, 23.0824794769, 2.38364911079, -4.24068593979, 5.53256702423], [89.8284301758, -53.2058029175, -55.798412323, 5.03464078903, -16.9375915527, -10.8446302414, -13.6824264526, 2.72926425934, 23.0824794769, 75.1664123535, 32.8092918396, 8.99825191498, -2.68253469467], [-58.5194168091, 21.3459739685, -22.7286281586, -26.4542579651, -13.8832149506, -11.6590433121, 4.89572906494, -4.06307315826, 2.38364911079, 32.8092918396, 75.7674331665, 36.0246925354, -1.93323493004], [-86.4671859741, -20.8728752136, -15.2870807648, 3.9143512249, -27.8615760803, -14.8262863159, -1.99151134491, -0.663653552532, -4.24068593979, 8.99825191498, 36.0246925354, 70.3438568115, 36.4534988403], [-148.371520996, 42.2179260254, 33.3219070435, -18.2442531586, 1.0298615694, 1.60864031315, -11.0549077988, -2.88818240166, 5.53256702423, -2.68253469467, -1.93323493004, 36.4534988403, 76.1284942627]],
        "icov": [[0.000420729746111, -0.000197712535737, 0.000693094683811, -0.000261046545347, 0.000227882133913, -1.92024344869e-05, 0.000330033304635, -0.000426740996772, 0.000482083996758, -0.000374243332772, 0.000488959020004, 0.000336608849466, 0.000395768933231], [-0.000197712535737, 0.00934638362378, -0.00543961673975, 0.00492485938594, -0.00538141606376, 0.00396696571261, -0.00435799872503, 0.00520568015054, -0.00464290520176, 0.00443760305643, -0.0064616878517, 0.00434498442337, -0.00420451397076], [0.000693094683811, -0.00543961673975, 0.00582668371499, -0.0040155085735, 0.00465568667278, -0.00452179368585, 0.00408967630938, -0.00344678387046, 0.00173236394767, -0.000263890542556, 0.00216756062582, 9.53216149355e-05, 0.0012246039696], [-0.000261046545347, 0.00492485938594, -0.0040155085735, 0.00637104641646, -0.00336957955733, 0.00367775908671, -0.00400489522144, 0.00243186904117, 7.72665807744e-05, -0.000805840070825, 0.00051339174388, -0.000842957932036, -9.42327824305e-05], [0.000227882133913, -0.00538141606376, 0.00465568667278, -0.00336957955733, 0.0103208776563, -0.00471367780119, 0.00398266268894, -0.00196357141249, -0.00143303454388, 0.00181472534314, 0.000954401504714, 0.00215688557364, 0.000206459590117], [-1.92024344869e-05, 0.00396696571261, -0.00452179368585, 0.00367775908671, -0.00471367780119, 0.0112468944862, -0.00446138205007, 0.00176618003752, 0.00201102020219, -0.00201335106976, 0.000377171556465, 0.000959420518484, -0.000798418011982], [0.000330033304635, -0.00435799872503, 0.00408967630938, -0.00400489522144, 0.00398266268894, -0.00446138205007, 0.0121184932068, -0.00494407862425, 0.0019071220886, 0.0023117121309, -0.00108372874092, 0.000770715298131, 0.00146903307177], [-0.000426740996772, 0.00520568015054, -0.00344678387046, 0.00243186904117, -0.00196357141249, 0.00176618003752, -0.00494407862425, 0.0163609944284, -0.00541944941506, 0.00226202933118, -0.00238717277534, 0.00137828406878, -0.00198213197291], [0.000482083996758, -0.00464290520176, 0.00173236394767, 7.72665807744e-05, -0.00143303454388, 0.00201102020219, 0.0019071220886, -0.00541944941506, 0.0189802311361, -0.0107049234211, 0.00761100230739, -0.00344571168534, 0.00290946592577], [-0.000374243332772, 0.00443760305643, -0.000263890542556, -0.000805840070825, 0.00181472534314, -0.00201335106976, 0.0023117121309, 0.00226202933118, -0.0107049234211, 0.0269535090774, -0.0178822744638, 0.00943783856928, -0.00607402995229], [0.000488959020004, -0.0064616878517, 0.00216756062582, 0.00051339174388, 0.000954401504714, 0.000377171556465, -0.00108372874092, -0.00238717277534, 0.00761100230739, -0.0178822744638, 0.0352925471961, -0.0231856256723, 0.0142570650205], [0.000336608849466, 0.00434498442337, 9.53216149355e-05, -0.000842957932036, 0.00215688557364, 0.000959420518484, 0.000770715298131, 0.00137828406878, -0.00344571168534, 0.00943783856928, -0.0231856256723, 0.0379266105592, -0.0200491566211], [0.000395768933231, -0.00420451397076, 0.0012246039696, -9.42327824305e-05, 0.000206459590117, -0.000798418011982, 0.00146903307177, -0.00198213197291, 0.00290946592577, -0.00607402995229, 0.0142570650205, -0.0200491566211, 0.0253692381084]]
    },
    "melbands": {
        "dmean": [7.2313399869e-05, 0.000280318316072, 0.000428055471275, 0.000219282606849, 0.000136108050356, 0.000147083716001, 0.000160694864462, 0.000177388385055, 0.000116127310321, 9.62178673944e-05, 5.60412881896e-05, 3.43881438312e-05, 3.30098991981e-05, 2.26203919738e-05, 4.19458301621e-05, 3.48640969605e-05, 4.15462855017e-05, 3.69835688616e-05, 2.46507825068e-05, 2.07556513487e-05, 1.894734487e-05, 1.94680887944e-05, 1.57144950208e-05, 8.61996977619e-06, 8.42198915052e-06, 5.04853824168e-06, 3.15446300192e-06, 2.7905891784e-06, 1.82889084499e-06, 2.62057142209e-06, 1.50799496623e-06, 1.08650465336e-06, 9.39940264288e-07, 6.46260616577e-07, 2.6933471986e-07, 1.51301463802e-07, 1.35427640657e-07, 1.09932862813e-07, 9.54495007477e-08, 4.06497449035e-08],
        "dmean2": [0.000118068011943, 0.000416548777139, 0.000668124645017, 0.000351645401679, 0.000211691905861, 0.000229286393733, 0.00023253391555, 0.000261408160441, 0.000155778296175, 0.000135266775033, 8.52409430081e-05, 5.20438552485e-05, 4.92183608003e-05, 3.26910449076e-05, 6.23288215138e-05, 5.11750804435e-05, 5.95150486333e-05, 5.3617550293e-05, 3.54779367626e-05, 3.0265928217e-05, 2.80414933513e-05, 2.83543886326e-05, 2.37884814851e-05, 1.22375904539e-05, 1.24170874187e-05, 7.50892741053e-06, 4.61620538772e-06, 4.10505117543e-06, 2.69810539066e-06, 3.63173944606e-06, 2.20321135203e-06, 1.56742203217e-06, 1.41028363032e-06, 9.73092937784e-07, 3.9551079567e-07, 2.17917857981e-07, 1.95668462766e-07, 1.58287960517e-07, 1.36793005368e-07, 5.86279469417e-08],
        "dvar": [1.5252874519e-08, 3.39439253594e-07, 8.93671483482e-07, 1.45613611835e-07, 5.96899880634e-08, 8.41912353167e-08, 9.78033440902e-08, 4.73193722428e-07, 1.28211667061e-07, 7.29171460989e-08, 2.08561328208e-08, 6.10762596054e-09, 5.76087977322e-09, 3.10055647823e-09, 1.44262841673e-08, 8.43744274448e-09, 1.36365665426e-08, 9.05181529731e-09, 2.99639091317e-09, 1.81576109703e-09, 2.33630470525e-09, 2.71440359079e-09, 2.08072892249e-09, 5.86252102419e-10, 8.229791848e-10, 2.86944468186e-10, 5.71256549009e-11, 4.81339759717e-11, 1.37764938346e-11, 7.59956472751e-11, 1.63212412335e-11, 7.25024641018e-12, 4.7376022376e-12, 3.10235561199e-12, 4.56478388075e-13, 2.51199966861e-13, 3.33659803346e-13, 1.535145844e-13, 2.02972160563e-13, 3.88130317003e-14],
        "dvar2": [3.69422963331e-08, 6.29459691481e-07, 2.19905837184e-06, 3.78114265231e-07, 1.45922712136e-07, 2.11654239024e-07, 1.81379562036e-07, 9.36053936584e-07, 1.7613382397e-07, 1.21855649127e-07, 4.55112711961e-08, 1.31741817455e-08, 1.14083045233e-08, 5.33253841084e-09, 2.71155613518e-08, 1.70487410855e-08, 2.50248408662e-08, 1.67154006192e-08, 5.63249313856e-09, 3.49658924037e-09, 4.48905490558e-09, 5.01243224704e-09, 4.12178824405e-09, 1.05110720128e-09, 1.71820990769e-09, 5.28179056047e-10, 1.15710954707e-10, 1.05938362249e-10, 2.82817241848e-11, 1.30399580023e-10, 3.02397724916e-11, 1.31420777039e-11, 1.01837097782e-11, 7.25653174702e-12, 9.05551350051e-13, 4.47578795857e-13, 6.89494956355e-13, 3.11362426727e-13, 4.30197761095e-13, 7.44495610994e-14],
        "max": [0.00317896250635, 0.0114749167114, 0.0196925643831, 0.00665059965104, 0.00808537285775, 0.00727823097259, 0.00719235977158, 0.022411050275, 0.0112433424219, 0.0105629712343, 0.00332099944353, 0.00175448483787, 0.00183317891788, 0.00228814897127, 0.00257352436893, 0.00165491679218, 0.00262938975357, 0.00255422247574, 0.0014412709279, 0.000732694345061, 0.00104849669151, 0.00143435632344, 0.00143380335066, 0.000534041493665, 0.000873609620612, 0.000509332923684, 0.000130294109113, 0.000151874599396, 7.70419210312e-05, 0.00030226240051, 0.000111819761514, 8.67498747539e-05, 4.29049505328e-05, 3.53574323526e-05, 2.05443393497e-05, 1.9652854462e-05, 1.77505498868e-05, 1.34372139655e-05, 1.46592428791e-05, 6.79836239215e-06],
        "mean": [0.000131487846375, 0.000509641249664, 0.000694955175277, 0.000414980866481, 0.00026829491253, 0.000272559089353, 0.000305435009068, 0.000362338323612, 0.00023522877018, 0.000203740462894, 0.000105533239548, 6.77872012602e-05, 6.38211786281e-05, 4.37931448687e-05, 7.36801448511e-05, 6.48559143883e-05, 7.50308317947e-05, 7.01327808201e-05, 4.55663102912e-05, 3.9925245801e-05, 3.52659371856e-05, 3.35685763275e-05, 2.69954307441e-05, 1.37154611366e-05, 1.37628921948e-05, 8.68024926604e-06, 5.57988187211e-06, 4.61892159365e-06, 3.02625517179e-06, 4.36243044533e-06, 2.43756517193e-06, 1.84889313459e-06, 1.54272083819e-06, 9.8257442005e-07, 4.77055664305e-07, 2.73333284895e-07, 2.29929355555e-07, 2.03649179298e-07, 1.50042012592e-07, 6.25382341468e-08],
        "median": [6.49494395475e-05, 0.000221533031436, 0.000296842947137, 0.000216093147174, 0.000154429959366, 0.000124640195281, 0.000101907629869, 8.01453716122e-05, 5.39800093975e-05, 5.03924420627e-05, 3.13881864713e-05, 2.13176444959e-05, 1.49572251757e-05, 9.14882730285e-06, 1.33675830511e-05, 1.17271656563e-05, 1.1101702512e-05, 1.47974251377e-05, 1.36261569423e-05, 9.73747501121e-06, 7.34416562409e-06, 6.14504551777e-06, 5.67881352254e-06, 2.6177710879e-06, 1.98362454285e-06, 1.25974486309e-06, 1.01987245671e-06, 7.31419788735e-07, 6.44367105451e-07, 5.22813593307e-07, 3.13732158475e-07, 3.25502867327e-07, 3.92355161694e-07, 1.68090366515e-07, 1.64182893059e-07, 9.34702342192e-08, 6.50603908525e-08, 7.8691137162e-08, 5.07080493151e-08, 1.97933083257e-08],
        "min": [5.98256000295e-10, 8.6045204295e-10, 3.4776146407e-09, 1.43742462377e-09, 1.07886943823e-09, 8.35080726791e-10, 5.91074911238e-10, 1.14106647742e-10, 3.35582880928e-11, 4.47865300401e-10, 4.70925853868e-10, 9.09810213279e-11, 2.68998903014e-11, 8.90491916317e-11, 8.06182967605e-11, 3.58218663066e-11, 2.20933965567e-11, 2.96974944636e-11, 2.82268843715e-11, 1.92184948511e-11, 3.97670819885e-11, 1.41962752317e-11, 1.1967620471e-11, 1.01259070573e-11, 1.59735310916e-12, 9.55887929574e-13, 1.9489416591e-12, 1.73226602333e-12, 1.51248707569e-12, 2.28487107706e-12, 9.72356418473e-13, 1.6517016704e-12, 1.73876516484e-12, 6.59227717987e-13, 1.57019677208e-12, 6.36699189465e-13, 5.80972553052e-13, 9.02944060667e-13, 5.00274843253e-13, 1.63017562231e-13],
        "var": [3.1448234239e-08, 8.42533779633e-07, 1.4925292362e-06, 3.73230761852e-07, 1.60394733939e-07, 2.11811212125e-07, 3.01261223967e-07, 2.15610498344e-06, 5.09873359533e-07, 3.67998154616e-07, 5.18681808614e-08, 1.72107128549e-08, 1.62900324341e-08, 1.57034314441e-08, 3.74150843641e-08, 2.33044854525e-08, 3.72191308884e-08, 2.49008884623e-08, 8.03668864791e-09, 6.10947292756e-09, 6.9997900809e-09, 8.29241120215e-09, 6.69639943496e-09, 1.65288993603e-09, 2.08460937401e-09, 6.95959567754e-10, 1.56751889246e-10, 1.18920512326e-10, 3.60321321391e-11, 2.59507693112e-10, 4.08771419491e-11, 2.29960755299e-11, 1.08364862222e-11, 6.27220757971e-12, 9.78386859377e-13, 5.25953846447e-13, 5.40864662085e-13, 2.56016318171e-13, 2.73471891833e-13, 6.06340200488e-14]
    },
    "mfcc": {
        "mean": [-678.744934082, 138.155319214, -11.8084897995, 20.3476524353, 0.809492766857, 4.98027038574, -14.3208818436, -1.03091287613, -1.32375049591, -0.113750547171, -2.46822929382, -2.6536591053, -4.67856740952],
        "cov": [[5192.63134766, -931.799255371, -1331.35449219, 197.712005615, -309.974243164, -177.286651611, -77.2795639038, -120.855033875, -45.4626426697, -10.5419578552, 110.127670288, 63.1389312744, -70.5716934204], [-931.799255371, 896.689819336, 163.686599731, -266.391082764, 194.345046997, 36.7605056763, -36.8731155396, 2.65150141716, 25.4978046417, 13.0829658508, -23.5875511169, -6.88939285278, 28.1621761322], [-1331.35449219, 163.686599731, 896.751647949, 54.0349082947, 54.894405365, 83.2394638062, 76.7571868896, 63.7287940979, 18.1781539917, -9.33407974243, -43.0956230164, -33.6837539673, 21.3975486755], [197.712005615, -266.391082764, 54.0349082947, 319.293212891, -40.8091125488, -5.62565517426, 17.2108249664, 13.2255239487, 7.16873455048, -11.7504148483, -1.72509050369, -9.32995605469, 1.10921430588], [-309.974243164, 194.345046997, 54.894405365, -40.8091125488, 208.385452271, 41.7248420715, -30.7768669128, -5.67370891571, 25.8796977997, 15.6435928345, -5.14551353455, -22.0050811768, -16.6668701172], [-177.286651611, 36.7605056763, 83.2394638062, -5.62565517426, 41.7248420715, 114.285606384, 35.9900169373, 9.36774349213, 6.64586162567, 9.52205848694, -6.71602296829, -19.1454200745, -9.1804561615], [-77.2795639038, -36.8731155396, 76.7571868896, 17.2108249664, -30.7768669128, 35.9900169373, 124.045898438, 45.4569206238, -7.28543233871, 2.17483592033, -3.3776614666, -10.3011655807, -0.814715147018], [-120.855033875, 2.65150141716, 63.7287940979, 13.2255239487, -5.67370891571, 9.36774349213, 45.4569206238, 82.6878814697, 22.1865787506, 0.726587295532, -5.31227207184, -11.0005893707, -5.97763490677], [-45.4626426697, 25.4978046417, 18.1781539917, 7.16873455048, 25.8796977997, 6.64586162567, -7.28543233871, 22.1865787506, 76.9538345337, 25.4674491882, -13.7986421585, -17.8185043335, -5.50898981094], [-10.5419578552, 13.0829658508, -9.33407974243, -11.7504148483, 15.6435928345, 9.52205848694, 2.17483592033, 0.726587295532, 25.4674491882, 73.490486145, 22.5139217377, -10.4646806717, -11.4346141815], [110.127670288, -23.5875511169, -43.0956230164, -1.72509050369, -5.14551353455, -6.71602296829, -3.3776614666, -5.31227207184, -13.7986421585, 22.5139217377, 77.5467376709, 28.294002533, -10.5069465637], [63.1389312744, -6.88939285278, -33.6837539673, -9.32995605469, -22.0050811768, -19.1454200745, -10.3011655807, -11.0005893707, -17.8185043335, -10.4646806717, 28.294002533, 76.8641586304, 32.0202293396], [-70.5716934204, 28.1621761322, 21.3975486755, 1.10921430588, -16.6668701172, -9.1804561615, -0.814715147018, -5.97763490677, -5.50898981094, -11.4346141815, -10.5069465637, 32.0202293396, 84.349281311]],
