{
"lowlevel": {
    "average_loudness": 0.970428168774,
    "barkbands_crest": {
        "dmean": 2.13672280312,
        "dmean2": 3.39608049393,
        "dvar": 3.7380926609,
        "dvar2": 9.04434871674,
        "max": 18.9276504517,
        "mean": 7.25628852844,
        "median": 6.52018165588,
        "min": 2.19999194145,
        "var": 9.55767536163
    },
    "barkbands_flatness_db": {
        "dmean": 0.0161898136139,
        "dmean2": 0.025608677417,
        "dvar": 0.000189425685676,
        "dvar2": 0.000455170578789,
        "max": 0.231267124414,
        "mean": 0.139549449086,
        "median": 0.139481902122,
        "min": 0.0796412304044,
        "var": 0.000734505243599
    },
    "barkbands_kurtosis": {
        "dmean": 0.584215939045,
        "dmean2": 0.927355706692,
        "dvar": 0.604237496853,
        "dvar2": 1.37407028675,
        "max": 10.0327911377,
        "mean": -0.366678148508,
        "median": -0.624488949776,
        "min": -1.69459176064,
        "var": 1.26617372036
    },
    "barkbands_skewness": {
        "dmean": 0.318597018719,
        "dmean2": 0.493992298841,
        "dvar": 0.0884564891458,
        "dvar2": 0.1848757267,
        "max": 3.14927172661,
        "mean": 0.509384214878,
        "median": 0.448659896851,
        "min": -1.03794717789,
        "var": 0.318522572517
    },
    "barkbands_spread": {
        "dmean": 4.52989768982,
        "dmean2": 6.60643672943,
        "dvar": 19.8854904175,
        "dvar2": 39.0452194214,
        "max": 86.4243240356,
        "mean": 31.3988227844,
        "median": 30.0726127625,
        "min": 10.7327194214,
        "var": 111.716796875
    },
    "dissonance": {
        "dmean": 0.0139964772388,
        "dmean2": 0.0238349679857,
        "dvar": 0.000223653347348,
        "dvar2": 0.000613460899331,
        "max": 0.500000059605,
        "mean": 0.476837217808,
        "median": 0.481723070145,
        "min": 0.352276802063,
        "var": 0.000342511455528
    },
    "dynamic_complexity": 1.84001338482,
    "erbbands_crest": {
        "dmean": 2.32631015778,
        "dmean2": 3.72096920013,
        "dvar": 4.90823554993,
        "dvar2": 12.3049793243,
        "max": 27.7814426422,
        "mean": 8.61340904236,
        "median": 7.95535755157,
        "min": 2.83751630783,
        "var": 12.0882816315
    },
    "erbbands_flatness_db": {
        "dmean": 0.0165504924953,
        "dmean2": 0.0237461831421,
        "dvar": 0.000223314782488,
        "dvar2": 0.000430563784903,
        "max": 0.286456167698,
        "mean": 0.18536195159,
        "median": 0.185395970941,
        "min": 0.113368794322,
        "var": 0.000917825556826
    },
    "erbbands_kurtosis": {
        "dmean": 0.767065048218,
        "dmean2": 1.20919203758,
        "dvar": 0.691757261753,
        "dvar2": 1.66429340839,
        "max": 8.60922622681,
        "mean": 0.835659921169,
        "median": 0.486140727997,
        "min": -1.37719273567,
        "var": 1.93455648422
    },
    "erbbands_skewness": {
        "dmean": 0.280359297991,
        "dmean2": 0.431892216206,
        "dvar": 0.0520676001906,
        "dvar2": 0.122442774475,
        "max": 1.57166016102,
        "mean": -0.0967651158571,
        "median": -0.108847826719,
        "min": -1.87892484665,
        "var": 0.316594570875
    },
    "erbbands_spread": {
        "dmean": 5.45227909088,
        "dmean2": 8.26157569885,
        "dvar": 33.4353370667,
        "dvar2": 71.6551895142,
        "max": 70.0669326782,
        "mean": 27.0950489044,
        "median": 25.0623168945,
        "min": 6.63336706161,
        "var": 113.218856812
    },
    "hfc": {
        "dmean": 9.0202331543,
        "dmean2": 12.5976171494,
        "dvar": 182.362548828,
        "dvar2": 332.52545166,
        "max": 152.145904541,
        "mean": 28.5565414429,
        "median": 21.5855865479,
        "min": 0.468374848366,
        "var": 537.35736084
    },
    "melbands_crest": {
        "dmean": 3.01032066345,
        "dmean2": 4.60111522675,
        "dvar": 7.18518733978,
        "dvar2": 15.6079263687,
        "max": 28.2987651825,
        "mean": 12.1517934799,
        "median": 10.8973093033,
        "min": 3.51727604866,
        "var": 27.6171970367
    },
    "melbands_flatness_db": {
        "dmean": 0.0213359314948,
        "dmean2": 0.0303219836205,
        "dvar": 0.000391874200432,
        "dvar2": 0.000787510478403,
        "max": 0.280067175627,
        "mean": 0.14886508882,
        "median": 0.151118963957,
        "min": 0.0403030067682,
        "var": 0.00251952302642
    },
    "melbands_kurtosis": {
        "dmean": 1.8095676899,
        "dmean2": 2.8309006691,
        "dvar": 6.07909297943,
        "dvar2": 13.3413362503,
        "max": 30.6392593384,
        "mean": 2.37123894691,
        "median": 1.36457777023,
        "min": -1.42721295357,
        "var": 12.519777298
    },
    "melbands_skewness": {
        "dmean": 0.4508497715,
        "dmean2": 0.688615262508,
        "dvar": 0.184040635824,
        "dvar2": 0.396824777126,
        "max": 5.12824296951,
        "mean": 1.43623650074,
        "median": 1.32993006706,
        "min": -0.372448027134,
        "var": 0.618530809879
    },
    "melbands_spread": {
        "dmean": 7.51027536392,
        "dmean2": 11.6448602676,
        "dvar": 47.0207443237,
        "dvar2": 104.161872864,
        "max": 116.026313782,
        "mean": 40.7102775574,
        "median": 38.7104034424,
        "min": 8.21006011963,
        "var": 247.68888855
    },
    "pitch_salience": {
        "dmean": 0.0603503882885,
        "dmean2": 0.0935052707791,
        "dvar": 0.00290243397467,
        "dvar2": 0.00656753359362,
        "max": 0.817018926144,
        "mean": 0.56490623951,
        "median": 0.565851330757,
        "min": 0.296001344919,
        "var": 0.00968055613339
    },
    "silence_rate_20dB": {
        "dmean": 0,
        "dmean2": 0,
        "dvar": 0,
        "dvar2": 0,
        "max": 1,
        "mean": 1,
        "median": 1,
        "min": 1,
        "var": 0
    },
    "silence_rate_30dB": {
        "dmean": 0,
        "dmean2": 0,
        "dvar": 0,
        "dvar2": 0,
        "max": 1,
        "mean": 1,
        "median": 1,
        "min": 1,
        "var": 0
    },
    "silence_rate_60dB": {
        "dmean": 0,
        "dmean2": 0,
        "dvar": 0,
        "dvar2": 0,
        "max": 0,
        "mean": 0,
        "median": 0,
        "min": 0,
        "var": 0
    },
    "spectral_centroid": {
        "dmean": 188.439025879,
        "dmean2": 278.460693359,
        "dvar": 30798.6347656,
        "dvar2": 66627.15625,
        "max": 3573.69555664,
        "mean": 1798.01025391,
        "median": 1765.05639648,
        "min": 587.629821777,
        "var": 224015.40625
    },
    "spectral_complexity": {
        "dmean": 4.54001569748,
        "dmean2": 6.66562986374,
        "dvar": 22.5543270111,
        "dvar2": 37.3609046936,
        "max": 63,
        "mean": 28.5729808807,
        "median": 27,
        "min": 0,
        "var": 123.134368896
    },
    "spectral_decrease": {
        "dmean": 1.9602501844e-09,
        "dmean2": 2.93968205334e-09,
        "dvar": 6.22492660666e-18,
        "dvar2": 1.3290151256e-17,
        "max": -1.36464284317e-10,
        "mean": -6.14503425922e-09,
        "median": -5.24979792971e-09,
        "min": -2.50584779593e-08,
        "var": 1.23838028414e-17
    },
    "spectral_energy": {
        "dmean": 0.00808710604906,
        "dmean2": 0.0120217353106,
        "dvar": 0.000105872277345,
        "dvar2": 0.000223617505981,
        "max": 0.0987485721707,
        "mean": 0.025782931596,
        "median": 0.0219683200121,
        "min": 0.000557531719096,
        "var": 0.000216373402509
    },
    "spectral_energyband_high": {
        "dmean": 0.000661750673316,
        "dmean2": 0.000872832257301,
        "dvar": 1.55871759944e-06,
        "dvar2": 2.53693679042e-06,
        "max": 0.0145468041301,
        "mean": 0.00141575222369,
        "median": 0.000446836522315,
        "min": 8.12128291727e-06,
        "var": 4.8893625717e-06
    },
    "spectral_energyband_low": {
        "dmean": 0.00406282627955,
        "dmean2": 0.00621243100613,
        "dvar": 3.48680659954e-05,
        "dvar2": 7.38769813324e-05,
        "max": 0.0511578507721,
        "mean": 0.00861140526831,
        "median": 0.00537841580808,
        "min": 1.453069126e-05,
        "var": 6.94443078828e-05
    },
    "spectral_energyband_middle_high": {
        "dmean": 0.00294218095951,
        "dmean2": 0.00448369747028,
        "dvar": 1.18928974189e-05,
        "dvar2": 2.5800702133e-05,
        "max": 0.0400440320373,
        "mean": 0.00969980098307,
        "median": 0.00870169699192,
        "min": 0.000203316594707,
        "var": 3.43106949003e-05
    },
    "spectral_energyband_middle_low": {
        "dmean": 0.00311765214428,
        "dmean2": 0.00501697557047,
        "dvar": 2.30324603763e-05,
        "dvar2": 5.51593293494e-05,
        "max": 0.0482151582837,
        "mean": 0.00693443324417,
        "median": 0.0054117180407,
        "min": 0.000130141503178,
        "var": 3.29672620865e-05
    },
    "spectral_entropy": {
        "dmean": 0.107043616474,
        "dmean2": 0.147645935416,
        "dvar": 0.0113782444969,
        "dvar2": 0.0189522504807,
        "max": 8.46554756165,
        "mean": 7.73171758652,
        "median": 7.7141661644,
        "min": 6.99443340302,
        "var": 0.0719046369195
    },
    "spectral_flux": {
        "dmean": 0.0209259521216,
        "dmean2": 0.0309916157275,
        "dvar": 0.000606321904343,
        "dvar2": 0.00117700058036,
        "max": 0.243754282594,
        "mean": 0.0846252888441,
        "median": 0.0747402906418,
        "min": 0.0218729265034,
        "var": 0.00139113364276
    },
    "spectral_kurtosis": {
        "dmean": 1.73534965515,
        "dmean2": 2.92932105064,
        "dvar": 3.08841562271,
        "dvar2": 8.9500951767,
        "max": 19.3509464264,
        "mean": 3.54513907433,
        "median": 3.13725209236,
        "min": -1.30645132065,
        "var": 6.49312829971
    },
    "spectral_rms": {
        "dmean": 0.000755280954763,
        "dmean2": 0.00110041722655,
        "dvar": 7.5613786521e-07,
        "dvar2": 1.51391725467e-06,
        "max": 0.00981529802084,
        "mean": 0.00482314964756,
        "median": 0.00462952535599,
        "min": 0.000737518363167,
        "var": 1.89128979855e-06
    },
    "spectral_rolloff": {
        "dmean": 437.055023193,
        "dmean2": 661.200561523,
        "dvar": 470158.53125,
        "dvar2": 952166.3125,
        "max": 10034.4726562,
        "mean": 2191.36938477,
        "median": 1959.52148438,
        "min": 129.19921875,
        "var": 1610275.875
    },
    "spectral_skewness": {
        "dmean": 0.228736579418,
        "dmean2": 0.363670766354,
        "dvar": 0.03936425969,
        "dvar2": 0.10111285001,
        "max": 3.7168200016,
        "mean": 1.26060080528,
        "median": 1.27411675453,
        "min": 0.359108775854,
        "var": 0.162897214293
    },
    "spectral_spread": {
        "dmean": 404368.84375,
        "dmean2": 570476.0625,
        "dvar": 222821548032,
        "dvar2": 311855480832,
        "max": 12885014,
        "mean": 3624896.75,
        "median": 3459185.5,
        "min": 1689507,
        "var": 1.32285805363e+12
    },
    "spectral_strongpeak": {
        "dmean": 0.645883858204,
        "dmean2": 1.12684297562,
        "dvar": 1.16842603683,
        "dvar2": 2.9293346405,
        "max": 8.96364784241,
        "mean": 0.94130218029,
        "median": 0.300095796585,
        "min": 0,
        "var": 1.65660619736
    },
    "zerocrossingrate": {
        "dmean": 0.00964649487287,
        "dmean2": 0.0102318841964,
        "dvar": 8.97783684195e-05,
        "dvar2": 9.28647787077e-05,
        "max": 0.22802734375,
        "mean": 0.0741190463305,
        "median": 0.06640625,
        "min": 0.00634765625,
        "var": 0.00101657304913
    },
    "barkbands": {
        "dmean": [0.000261201552348, 0.00304245203733, 0.00149493466597, 0.000891447241884, 0.0013379775919, 0.00059826427605, 0.00054439419182, 0.000434184039477, 0.000660088437144, 0.0006641196087, 0.000840930792037, 0.000528982316609, 0.00056896195747, 0.000586866633967, 0.000582230801228, 0.000577189144678, 0.000424256781116, 0.000273554353043, 0.00020842331287, 0.000191567436559, 0.000206928612897, 0.000160634503118, 0.000133560009999, 0.00012432897347, 5.868993685e-05, 2.46630982303e-09, 2.39153186143e-09],
        "dmean2": [0.00038553000195, 0.00432653352618, 0.00263477466069, 0.00155579822604, 0.00219003134407, 0.00100774341263, 0.000858583138324, 0.000672798778396, 0.00102657848038, 0.00106174848042, 0.00134213361889, 0.000869919778779, 0.000927293207496, 0.000948319735471, 0.000929928384721, 0.000926064385567, 0.000694212678354, 0.000436724716565, 0.000322962878272, 0.00029035290936, 0.000293856690405, 0.00022888238891, 0.000190790407942, 0.000178496935405, 8.78719656612e-05, 3.44774298e-09, 3.37735239775e-09],
        "dvar": [1.86655583434e-07, 1.85289209185e-05, 7.1797471719e-06, 2.49975028055e-06, 7.25454174244e-06, 8.05182196473e-07, 5.5338398397e-07, 6.71591919854e-07, 9.98974655886e-07, 8.15709313429e-07, 1.89797174244e-06, 6.34634204744e-07, 1.41600457937e-06, 7.04146145836e-07, 1.08815640942e-06, 6.96042775417e-07, 4.02041592906e-07, 1.95694411786e-07, 9.82270478289e-08, 1.45732229839e-07, 1.51402062443e-07, 9.05687329578e-08, 9.58083745672e-08, 5.72298546331e-08, 2.55994532239e-08, 2.15846886026e-15, 1.93253192718e-15],
        "dvar2": [3.8826235027e-07, 3.87000873161e-05, 2.01369748538e-05, 6.71720090395e-06, 1.72928957909e-05, 2.07012385545e-06, 1.34976403388e-06, 1.48186063598e-06, 2.25121561925e-06, 1.99701617021e-06, 4.64222966912e-06, 1.6453166154e-06, 3.62140940524e-06, 1.73208763954e-06, 2.81718462247e-06, 1.73454145624e-06, 1.10052940272e-06, 4.4289078005e-07, 2.31807661066e-07, 3.13378620831e-07, 2.88948029947e-07, 1.693296241e-07, 1.89956395502e-07, 1.17839711322e-07, 4.63587142008e-08, 2.17020556053e-15, 1.9411216883e-15],
        "max": [0.00415098899975, 0.0413297861814, 0.021660618484, 0.0153144970536, 0.0286578666419, 0.00746380072087, 0.00917814020067, 0.018368633464, 0.0152342803776, 0.0104450667277, 0.0159952547401, 0.0110924951732, 0.0199219696224, 0.0117549328133, 0.0157378204167, 0.00937012583017, 0.00769901834428, 0.00508539192379, 0.00332598434761, 0.00773555133492, 0.00391815649346, 0.00342925754376, 0.00338533753529, 0.00314107164741, 0.00368915079162, 1.66612858266e-06, 1.57706870141e-06],
        "mean": [0.000424301251769, 0.00537446839735, 0.0020929609891, 0.00109766051173, 0.00174087099731, 0.000815584498923, 0.00100742978975, 0.000735225039534, 0.00124632299412, 0.00128099799622, 0.00150737399235, 0.000953467853833, 0.000951863301452, 0.00110425089952, 0.00101515988354, 0.00103660963941, 0.000858621206135, 0.000525688985363, 0.000423724937718, 0.000374692113837, 0.000363386323443, 0.000305412511807, 0.000234297986026, 0.00022871424153, 8.38478954392e-05, 2.2476402961e-09, 2.19024776094e-09],
        "median": [7.26828584448e-05, 0.0027615854051, 0.0013586236164, 0.000549897784367, 0.000789578189142, 0.00050883408403, 0.000574143719859, 0.000319151673466, 0.000753661734052, 0.000773459905759, 0.00077316549141, 0.000505621661432, 0.000459218834294, 0.000747674610466, 0.000546902068891, 0.000618460820988, 0.000463258184027, 0.000331555231242, 0.000237772532273, 0.000145457874169, 0.00011133190128, 9.75563525571e-05, 4.19297502958e-05, 6.42409795546e-05, 1.42502667586e-05, 3.80584119775e-10, 4.08186068279e-10],
        "min": [6.8265507025e-08, 5.61222213946e-06, 6.6727416197e-06, 2.18395754814e-07, 3.64398647434e-06, 1.46503025462e-05, 6.62025740894e-06, 1.14445151667e-06, 1.37025526783e-05, 9.51746733335e-06, 5.34655782758e-06, 1.08569392978e-05, 1.16204762435e-06, 1.89094953384e-05, 2.08091842069e-05, 8.87414444151e-06, 1.27829971461e-05, 4.19614480052e-06, 5.16213276569e-06, 1.01935631847e-06, 3.82796656595e-07, 1.7942309114e-06, 4.5787118097e-08, 8.45049612508e-08, 5.09298679618e-11, 5.305496667e-11, 7.87546555747e-11],
        "var": [4.48298465017e-07, 4.00956814701e-05, 6.12840676695e-06, 2.33088303503e-06, 8.45452723297e-06, 8.69369557677e-07, 1.36052619837e-06, 1.86601255336e-06, 2.55618920164e-06, 2.12496161112e-06, 3.85088424082e-06, 1.41693340083e-06, 2.5281035505e-06, 1.46188392591e-06, 1.77067283857e-06, 1.41994689784e-06, 1.07431912966e-06, 3.42362199035e-07, 2.29584955491e-07, 3.46635744108e-07, 3.62243412155e-07, 2.39471262375e-07, 2.09329257927e-07, 1.41963056421e-07, 5.61314656977e-08, 2.15651623756e-15, 1.93103670227e-15]
    },
    "erbbands": {
        "dmean": [0.123044885695, 0.609207212925, 1.51169633865, 2.66496610641, 2.67073559761, 5.88626670837, 5.24939155579, 4.98116397858, 7.75726318359, 6.65202140808, 11.4204006195, 15.6530342102, 15.2917699814, 23.837562561, 34.56224823, 23.4208240509, 28.9638385773, 28.3946838379, 31.0511398315, 23.9519252777, 32.0454063416, 21.5545063019, 15.0418395996, 13.0023670197, 9.18303585052, 9.20063877106, 8.84723854065, 7.97625207901, 5.95194101334, 5.27206659317, 3.56321239471, 3.23780822754, 1.7863483429, 0.958561718464, 0.240116044879, 0.00578955281526, 0.000257240841165, 2.87801285594e-05, 9.13313851925e-06, 1.09226666609e-05],
        "dmean2": [0.169292733073, 0.942937850952, 2.63332009315, 4.6643371582, 4.60811185837, 9.70864295959, 8.72791004181, 8.36345100403, 12.1724157333, 10.4700393677, 17.2954769135, 24.698595047, 24.2868614197, 38.3500480652, 55.2206573486, 38.1220626831, 46.6605224609, 45.2391815186, 49.7103614807, 37.872127533, 51.364616394, 35.1755485535, 23.8949451447, 20.4277763367, 14.0662298203, 14.0238609314, 12.5561695099, 11.6195192337, 8.56791973114, 7.68381690979, 5.16799020767, 4.62947177887, 2.62991166115, 1.41348791122, 0.367624431849, 0.00884537864476, 0.000378730328521, 4.04283600801e-05, 1.25540445879e-05, 1.57642243721e-05],
        "dvar": [0.0378362238407, 0.784147024155, 6.96830892563, 23.3997802734, 29.1510391235, 147.178268433, 74.882194519, 58.2992782593, 115.461540222, 106.870376587, 468.761077881, 718.867248535, 445.062316895, 1074.29992676, 3674.51049805, 1275.40563965, 4127.44384766, 1680.19836426, 3021.02197266, 1342.78393555, 2541.45678711, 992.985046387, 609.760498047, 428.481689453, 232.0677948, 328.565460205, 279.882720947, 229.990234375, 124.678894043, 134.494567871, 67.4368209839, 37.06873703, 13.5814723969, 6.374314785, 0.535146832466, 0.000293769466225, 5.05222658376e-07, 5.49077094902e-09, 2.54218535112e-10, 1.99529587297e-10],
        "dvar2": [0.0716271772981, 1.8235014677, 19.234544754, 64.471824646, 79.1793212891, 357.298675537, 177.626998901, 147.899932861, 281.839935303, 271.502532959, 927.694091797, 1635.87561035, 1101.52087402, 2596.8215332, 8857.73339844, 3334.42651367, 10618.4912109, 4156.81445312, 7640.67675781, 3316.39697266, 6369.75488281, 2555.8840332, 1348.921875, 1059.87194824, 531.187561035, 690.428100586, 553.05267334, 459.554290771, 239.378479004, 265.973114014, 136.655914307, 75.6962585449, 28.7341136932, 11.7972202301, 1.08803331852, 0.000585389323533, 9.49020886765e-07, 9.25702980936e-09, 4.3292797125e-10, 4.04554334477e-10],
        "max": [1.78171217442, 7.55549955368, 21.9188022614, 34.853679657, 80.3921813965, 125.5206604, 70.786529541, 81.9418334961, 141.577087402, 162.078399658, 431.943664551, 419.24987793, 280.255462646, 429.71585083, 799.594360352, 552.11517334, 1103.23901367, 535.362365723, 853.820007324, 509.038360596, 514.356262207, 392.821716309, 273.651123047, 257.847808838, 174.231307983, 361.042663574, 178.75, 162.515136719, 127.733230591, 144.180206299, 87.381111145, 69.0797805786, 76.2583312988, 53.4277801514, 16.4953365326, 0.373389005661, 0.0162297040224, 0.0015499755973, 0.000263827852905, 0.000137158771395],
        "mean": [0.208749264479, 0.988064944744, 2.35669827461, 3.48124551773, 3.31063556671, 7.30467319489, 6.81065225601, 6.81009721756, 13.6697006226, 12.0584917068, 21.0246181488, 29.4684562683, 29.4795951843, 47.6895103455, 66.807723999, 45.3482780457, 51.6147003174, 55.285484314, 60.0219078064, 45.1311035156, 61.7483444214, 45.4702720642, 30.601234436, 26.9964027405, 18.4801025391, 17.9714069366, 15.5959835052, 13.8367576599, 11.1096477509, 9.4126367569, 6.06270980835, 5.7081823349, 3.03220582008, 1.4805470705, 0.2922295928, 0.00732725160196, 0.000385698425816, 5.14979219588e-05, 2.47096650128e-05, 3.46515771525e-05],
        "median": [0.06122565642, 0.629238128662, 1.63907384872, 2.00281691551, 1.82545268536, 2.84104299545, 3.80689239502, 4.11712741852, 7.57262325287, 7.20115089417, 9.88377475739, 15.9528656006, 19.8013763428, 28.5994091034, 36.3744888306, 26.5561637878, 26.4882354736, 38.6491394043, 33.2154426575, 29.9399719238, 33.3986968994, 25.7080631256, 18.915397644, 15.6173210144, 10.0998058319, 7.05866861343, 5.16044044495, 4.00454330444, 3.52755641937, 2.13381838799, 1.1971976757, 1.75559365749, 0.695810079575, 0.277612000704, 0.0405164584517, 0.00115988007747, 8.40695938678e-05, 1.47851333168e-05, 1.60984382092e-05, 2.87111088255e-05],
        "min": [0.000265537615633, 0.000997856142931, 0.00676560215652, 0.00704560102895, 0.00496272370219, 0.0112184053287, 0.0641939789057, 0.134349793196, 0.171327203512, 0.108016364276, 0.114658303559, 0.386771857738, 0.629539072514, 0.524324893951, 0.777781128883, 0.562943339348, 1.33522379398, 1.69270443916, 2.26768136024, 0.607386410236, 1.39302778244, 0.574591338634, 0.387105256319, 0.297867029905, 0.183036953211, 0.0719075798988, 0.0602187737823, 0.0263421181589, 0.0429544746876, 0.0694648474455, 0.00693273637444, 0.00176769576501, 0.00184183428064, 0.000165783741977, 1.95465800061e-05, 8.03693728813e-06, 4.22918628828e-06, 1.04899379494e-06, 1.99803798751e-06, 9.2849415978e-07],
        "var": [0.0900489464402, 1.18287777901, 6.51806640625, 19.3875236511, 24.768157959, 173.280532837, 83.7012405396, 64.9253921509, 246.466323853, 220.634796143, 1447.43981934, 1674.09008789, 957.199645996, 2914.1875, 7753.65820312, 2742.86767578, 7142.67480469, 3362.52172852, 5574.55029297, 2296.94360352, 5315.54833984, 2599.00537109, 1133.41137695, 961.884094238, 505.836425781, 786.162414551, 660.749633789, 523.359375, 319.272186279, 309.500183105, 137.6612854, 84.1134643555, 33.0566749573, 14.6772956848, 0.894684672356, 0.000508030643687, 1.00531667613e-06, 1.19075780347e-08, 6.20010098817e-10, 4.53648923981e-10]
    },
    "gfcc": {
        "mean": [11.7016868591, 117.629257202, -163.838302612, 54.6142692566, -63.2487487793, 34.2638778687, -32.1897773743, 5.21220827103, -6.15197277069, -14.1094961166, 3.43701434135, -15.2546548843, 6.76704883575],
        "cov": [[2003.94885254, -862.235168457, 182.1484375, 258.810821533, -413.351165771, 106.677383423, -195.466018677, 48.7379951477, -253.158950806, 72.5456085205, -159.245101929, 28.2903137207, 9.75641822815], [-862.235168457, 835.620605469, -134.813766479, -122.707328796, 321.149841309, -143.31590271, 228.44744873, -20.6475830078, 198.612792969, -98.9625930786, 133.739212036, -27.8477344513, -3.3678984642], [182.1484375, -134.813766479, 295.975646973, -11.6562108994, -56.0780410767, 127.233680725, -77.003868103, 76.4590530396, -77.5314788818, 77.2504043579, -27.1458644867, 27.8437976837, 17.9402122498], [258.810821533, -122.707328796, -11.6562108994, 200.59211731, -16.4503860474, -40.0702438354, -10.983335495, -59.0259819031, 9.48152160645, -11.1049757004, -12.1142377853, -6.78703117371, -10.9891586304], [-413.351165771, 321.149841309, -56.0780410767, -16.4503860474, 279.688018799, -36.7683792114, 62.2882804871, 24.0005512238, 109.044929504, 0.0739084035158, 53.6632614136, -20.8366031647, 4.28552865982], [106.677383423, -143.31590271, 127.233680725, -40.0702438354, -36.7683792114, 162.769989014, -21.2193393707, 43.3762321472, -44.7184715271, 52.6385917664, -8.795337677, 10.5979223251, 14.9494419098], [-195.466018677, 228.44744873, -77.003868103, -10.983335495, 62.2882804871, -21.2193393707, 170.801147461, -5.48669719696, 69.7738723755, -44.9440917969, 52.1085243225, -1.05014145374, -12.8369197845], [48.7379951477, -20.6475830078, 76.4590530396, -59.0259819031, 24.0005512238, 43.3762321472, -5.48669719696, 148.284683228, 9.72225856781, 35.5341339111, -18.4844894409, 8.28767681122, 16.0315723419], [-253.158950806, 198.612792969, -77.5314788818, 9.48152160645, 109.044929504, -44.7184715271, 69.7738723755, 9.72225856781, 162.914367676, -12.6095600128, 35.273147583, -14.1214141846, -1.03762805462], [72.5456085205, -98.9625930786, 77.2504043579, -11.1049757004, 0.0739084035158, 52.6385917664, -44.9440917969, 35.5341339111, -12.6095600128, 108.246154785, -0.842768609524, -2.45433783531, 5.27294254303], [-159.245101929, 133.739212036, -27.1458644867, -12.1142377853, 53.6632614136, -8.795337677, 52.1085243225, -18.4844894409, 35.273147583, -0.842768609524, 77.302986145, 8.07705402374, -10.1265239716], [28.2903137207, -27.8477344513, 27.8437976837, -6.78703117371, -20.8366031647, 10.5979223251, -1.05014145374, 8.28767681122, -14.1214141846, -2.45433783531, 8.07705402374, 48.571434021, 12.6843309402], [9.75641822815, -3.3678984642, 17.9402122498, -10.9891586304, 4.28552865982, 14.9494419098, -12.8369197845, 16.0315723419, -1.03762805462, 5.27294254303, -10.1265239716, 12.6843309402, 52.9383201599]],
        "icov": [[0.00130057567731, -0.000188151330804, 0.000685086648446, -0.00228923372924, 0.00147455197293, -0.000720660958905, 0.000360893784091, -0.00157717987895, 0.00126563129015, -0.000601855688728, 0.000597334175836, -0.000260434084339, -4.83421026729e-05], [-0.000188151330804, 0.0136894080788, -0.00939593091607, 0.0112826889381, -0.00949594005942, 0.0127264419571, -0.0105832545087, 0.0063193840906, -0.00506508490071, 0.00764913111925, -0.00809525419027, 0.00840698368847, -0.00529738189653], [0.000685086648446, -0.00939593091607, 0.0138430790976, -0.00996247213334, 0.00700944382697, -0.0128664476797, 0.00890190247446, -0.00757821463048, 0.00562351755798, -0.00720250839368, 0.0055891959928, -0.00850957259536, 0.00397190824151], [-0.00228923372924, 0.0112826889381, -0.00996247213334, 0.0191551931202, -0.00987632013857, 0.0130116986111, -0.00919491425157, 0.0107284383848, -0.00742447702214, 0.00668165553361, -0.00534982420504, 0.00703633390367, -0.00338168349117], [0.00147455197293, -0.00949594005942, 0.00700944382697, -0.00987632013857, 0.0136777088046, -0.00854566134512, 0.00747527973726, -0.00720341224223, 0.0022054600995, -0.00595786515623, 0.00266175251454, -0.00317879766226, 0.00190611113794], [-0.000720660958905, 0.0127264419571, -0.0128664476797, 0.0130116986111, -0.00854566134512, 0.022952882573, -0.0119109880179, 0.00652120122686, -0.00401694560423, 0.00440027285367, -0.00780092505738, 0.0089970715344, -0.00681429542601], [0.000360893784091, -0.0105832545087, 0.00890190247446, -0.00919491425157, 0.00747527973726, -0.0119109880179, 0.0184040274471, -0.00668904650956, 0.00162967853248, -0.00180942146108, 0.000828195887152, -0.00651608221233, 0.00551347620785], [-0.00157717987895, 0.0063193840906, -0.00757821463048, 0.0107284383848, -0.00720341224223, 0.00652120122686, -0.00668904650956, 0.0155596397817, -0.00572406407446, 0.00181158713531, 0.000868674076628, 0.00206738826819, -0.00272632017732], [0.00126563129015, -0.00506508490071, 0.00562351755798, -0.00742447702214, 0.0022054600995, -0.00401694560423, 0.00162967853248, -0.00572406407446, 0.0136061524972, -0.00421259645373, 0.00172173569445, -0.00174593797419, 0.000515976164024], [-0.000601855688728, 0.00764913111925, -0.00720250839368, 0.00668165553361, -0.00595786515623, 0.00440027285367, -0.00180942146108, 0.00181158713531, -0.00421259645373, 0.0187351182103, -0.00872864946723, 0.00784433539957, -0.00282019888982], [0.000597334175836, -0.00809525419027, 0.0055891959928, -0.00534982420504, 0.00266175251454, -0.00780092505738, 0.000828195887152, 0.000868674076628, 0.00172173569445, -0.00872864946723, 0.0276476219296, -0.0127338655293, 0.00753842433915], [-0.000260434084339, 0.00840698368847, -0.00850957259536, 0.00703633390367, -0.00317879766226, 0.0089970715344, -0.00651608221233, 0.00206738826819, -0.00174593797419, 0.00784433539957, -0.0127338655293, 0.0323673114181, -0.0105690630153], [-4.83421026729e-05, -0.00529738189653, 0.00397190824151, -0.00338168349117, 0.00190611113794, -0.00681429542601, 0.00551347620785, -0.00272632017732, 0.000515976164024, -0.00282019888982, 0.00753842433915, -0.0105690630153, 0.0247118156403]]
    },
    "melbands": {
        "dmean": [0.000942473008763, 0.000735381268896, 0.000431132124504, 0.000305656314595, 0.000196775974473, 0.000110141176265, 0.000117552182928, 7.05668717274e-05, 0.000102281490399, 9.61409605225e-05, 7.73614883656e-05, 9.84777652775e-05, 0.000124257829157, 6.35026299278e-05, 6.46443368169e-05, 5.76053353143e-05, 5.49202086404e-05, 4.9971993576e-05, 3.79475823138e-05, 3.41971863236e-05, 4.11468572565e-05, 2.49376662396e-05, 1.94807271328e-05, 1.35396921905e-05, 1.14229460451e-05, 7.50725075704e-06, 6.21274239165e-06, 6.61743615638e-06, 6.03965054324e-06, 5.28436157765e-06, 4.59654393126e-06, 3.6784679196e-06, 3.09539882437e-06, 3.13785812978e-06, 2.3550539936e-06, 1.72850445779e-06, 2.21030677494e-06, 1.43017780374e-06, 1.0738506262e-06, 8.61640387484e-07],
        "dmean2": [0.00131671398412, 0.00122166890651, 0.000756300054491, 0.000514762301464, 0.000326168054016, 0.000185417127796, 0.000184220334631, 0.000110369619506, 0.000154288150952, 0.000151408996317, 0.000123083082144, 0.000158746232046, 0.000198570560315, 0.00010325970652, 0.0001069497157, 9.32900657062e-05, 8.79801591509e-05, 8.0253026681e-05, 6.14377131569e-05, 5.44892063772e-05, 6.67078566039e-05, 4.13527486671e-05, 3.22066007357e-05, 2.17009637709e-05, 1.81997111213e-05, 1.18273474072e-05, 9.78962998488e-06, 1.01305513454e-05, 8.80623429111e-06, 7.52012692828e-06, 6.9882353273e-06, 5.47651416127e-06, 4.64565982838e-06, 4.64701952296e-06, 3.54794656232e-06, 2.57198144027e-06, 3.18834850077e-06, 2.13590851672e-06, 1.63903609973e-06, 1.32800664687e-06],
        "dvar": [1.93764890355e-06, 1.43587374168e-06, 6.1297623688e-07, 3.85064993225e-07, 1.23887730297e-07, 2.79003948833e-08, 2.67761564032e-08, 1.28763222307e-08, 3.53044775636e-08, 2.50523228829e-08, 1.12285469811e-08, 1.93152267514e-08, 4.07796036939e-08, 1.05461390731e-08, 1.08845208402e-08, 1.12643494532e-08, 6.28839469385e-09, 6.55766729807e-09, 4.2307615189e-09, 2.31113861382e-09, 4.25026502882e-09, 1.43386491569e-09, 9.7823404932e-10, 4.73243166876e-10, 3.35106081772e-10, 1.42248254842e-10, 1.34462038726e-10, 1.67969360643e-10, 1.36605185497e-10, 9.15789249989e-11, 7.95307708579e-11, 4.6058032388e-11, 3.64894156557e-11, 5.02360236743e-11, 3.19558962625e-11, 1.11059200031e-11, 1.75704520378e-11, 8.36399179083e-12, 6.10599765194e-12, 6.37752047353e-12],
        "dvar2": [3.90506556869e-06, 3.7489035094e-06, 1.68873009443e-06, 9.7877511962e-07, 2.80238623418e-07, 7.08042833253e-08, 6.44965822971e-08, 3.38074919171e-08, 6.84461340938e-08, 5.75202747655e-08, 2.77153020534e-08, 4.6651916108e-08, 1.00354611732e-07, 2.53793288607e-08, 2.92271682412e-08, 2.85044912118e-08, 1.55513415478e-08, 1.64229128075e-08, 1.11394751201e-08, 5.64999513841e-09, 1.08306315028e-08, 3.88349441494e-09, 2.34067010219e-09, 1.13591425155e-09, 8.60816029569e-10, 3.38336719752e-10, 3.14053200112e-10, 3.56427387604e-10, 2.90765661548e-10, 1.83814019561e-10, 1.64949498505e-10, 9.30735627458e-11, 7.41378139435e-11, 1.04050948413e-10, 6.81189202267e-11, 2.26341567017e-11, 3.78717196492e-11, 1.89548567814e-11, 1.39902221752e-11, 1.26222157726e-11],
        "max": [0.0128392064944, 0.010999545455, 0.0060799587518, 0.00712960259989, 0.00296743679792, 0.0017238202272, 0.002117684111, 0.00179151608609, 0.0034402392339, 0.00236751302145, 0.0013928276021, 0.00176061457023, 0.00226053339429, 0.00166351848748, 0.00132769800257, 0.00173408549745, 0.000992360175587, 0.00120106537361, 0.0008128900663, 0.000508605444338, 0.000656505289953, 0.000460041628685, 0.000418082752731, 0.000259412889136, 0.000232906924793, 0.000124280282762, 0.000158032155014, 0.000242116046138, 0.000137222115882, 0.000109122534923, 9.1542256996e-05, 7.08874067641e-05, 7.6005650044e-05, 7.96907770564e-05, 6.31116927252e-05, 3.37724668498e-05, 4.73049731227e-05, 5.03003720951e-05, 4.49531798949e-05, 5.94751436438e-05],
        "mean": [0.0016280983109, 0.00126377295237, 0.000577095255721, 0.000378224271117, 0.000267313356744, 0.000151047002873, 0.000213356703171, 0.000124618207337, 0.000187869896763, 0.00017955651856, 0.000142417091411, 0.000185332712135, 0.000226346674026, 0.000122613331769, 0.000114525035315, 0.000101175937743, 0.00010123080574, 9.461944137e-05, 6.39876307105e-05, 6.15042008576e-05, 7.43683121982e-05, 4.8308273108e-05, 3.50081973011e-05, 2.44605998887e-05, 2.19669400394e-05, 1.3665602637e-05, 1.23307872855e-05, 1.17243225759e-05, 9.88611463981e-06, 8.82547101355e-06, 7.65193544794e-06, 6.43576777293e-06, 5.48130219613e-06, 5.17104490427e-06, 3.63018511962e-06, 2.98707846014e-06, 3.66228755411e-06, 2.21285381485e-06, 1.54696272148e-06, 1.18010723327e-06],
        "median": [0.000683256657794, 0.000928460794967, 0.000358806399163, 0.000167210324435, 0.00014698029554, 9.07327557798e-05, 0.000121597215184, 7.78957110015e-05, 8.89070215635e-05, 0.000103604637843, 9.24523628782e-05, 0.000108530795842, 0.000119482399896, 7.54529464757e-05, 6.37606863165e-05, 5.80974738114e-05, 6.44013271085e-05, 5.50913282495e-05, 3.92836664105e-05, 3.93425652874e-05, 3.6508346966e-05, 2.5924466172e-05, 1.92769657588e-05, 1.48447934407e-05, 1.23663439808e-05, 7.90804369899e-06, 5.45684679309e-06, 4.3754807848e-06, 3.16764749186e-06, 2.60751539827e-06, 2.18021114051e-06, 1.98752491087e-06, 1.61687046329e-06, 1.03157174181e-06, 6.26439941698e-07, 7.07637127562e-07, 1.20145091387e-06, 4.96530446981e-07, 2.79692358163e-07, 1.7469795921e-07],
        "min": [1.83659415143e-06, 2.61868171947e-06, 1.20692789096e-06, 4.78098911572e-07, 1.89380239135e-06, 2.97484621115e-06, 1.57488068453e-06, 1.34673484808e-07, 4.22674929723e-07, 2.71565068033e-06, 2.34687536249e-06, 9.46962586568e-07, 1.46423155911e-06, 1.95595885089e-06, 1.02534272628e-06, 8.59663543906e-07, 1.51832432493e-06, 1.98672591978e-06, 1.74663512098e-06, 4.74307029208e-07, 5.68849600313e-07, 6.72995611239e-07, 3.26886436142e-07, 1.75119566848e-07, 1.8495462939e-07, 9.23223311133e-08, 3.12527284052e-08, 3.96769337385e-08, 2.04258476799e-08, 6.51326059753e-09, 2.03732408721e-08, 2.70526889778e-08, 3.4727953846e-08, 2.82740098001e-09, 1.49095007174e-11, 1.99374072807e-09, 2.36185099256e-10, 3.83850312646e-10, 3.83758454701e-13, 3.96398273364e-13],
        "var": [4.41895826953e-06, 1.56647286076e-06, 4.90404659104e-07, 4.1063768208e-07, 1.47688240304e-07, 3.13805692542e-08, 6.10977224369e-08, 2.42283970664e-08, 1.10577779822e-07, 5.72741178928e-08, 2.42858000377e-08, 4.97918684061e-08, 8.22150525437e-08, 2.14494271233e-08, 1.99049310368e-08, 2.01841316994e-08, 1.28740840211e-08, 1.27638299929e-08, 5.95849680707e-09, 4.33289537582e-09, 8.84372752807e-09, 3.52381146485e-09, 1.80476056322e-09, 7.80956743718e-10, 7.19197923438e-10, 2.61275334701e-10, 3.24613697034e-10, 3.6700811834e-10, 2.8486132897e-10, 2.18628809501e-10, 1.63679084175e-10, 1.0912282189e-10, 8.62160759452e-11, 1.05554488761e-10, 5.67810139185e-11, 2.62541394874e-11, 3.51554271805e-11, 1.74929931651e-11, 1.269072087e-11, 1.24255059367e-11]
    },
    "mfcc": {
        "mean": [-602.192321777, 115.522651672, -21.3854465485, 15.4944896698, 6.44557094574, 14.18953228, 1.427760005, 12.1224899292, 2.34982037544, 5.5800819397, -1.9270195961, 4.4141626358, -2.63943457603],
        "cov": [[2186.49951172, -1045.64306641, 362.551574707, 27.8903217316, -156.078979492, -37.5529251099, -10.3083248138, -109.579994202, -7.94998264313, -108.36227417, -93.4478683472, -61.740020752, -20.2903213501], [-1045.64306641, 975.14831543, -331.01751709, 66.7927246094, 65.6416168213, -16.1421203613, 39.6076965332, 141.813018799, 21.0522632599, 79.8553314209, 77.3763504028, 67.9383087158, 6.12489700317], [362.551574707, -331.01751709, 406.204193115, -134.566802979, -5.60885477066, 0.158321484923, 47.7983818054, -64.5834655762, 17.444152832, -59.4261550903, -11.1007471085, -35.315788269, 45.3925323486], [27.8903217316, 66.7927246094, -134.566802979, 252.005874634, -6.64197492599, 26.1513118744, -61.078338623, 28.9593009949, -35.603767395, 31.5974807739, -4.74286413193, 16.4890232086, -47.2469787598], [-156.078979492, 65.6416168213, -5.60885477066, -6.64197492599, 194.690612793, -9.48095703125, 5.35961818695, -34.7389640808, 43.1693534851, 25.7941131592, 42.056728363, -16.3043231964, 11.6442756653], [-37.5529251099, -16.1421203613, 0.158321484923, 26.1513118744, -9.48095703125, 118.266914368, -2.08494758606, -3.80303478241, -35.3425827026, 22.3959789276, -4.23415756226, 1.4849101305, -6.09883308411], [-10.3083248138, 39.6076965332, 47.7983818054, -61.078338623, 5.35961818695, -2.08494758606, 122.082168579, -0.927765786648, 7.88437795639, -21.7159786224, 25.3000011444, -5.44312095642, 25.903585434], [-109.579994202, 141.813018799, -64.5834655762, 28.9593009949, -34.7389640808, -3.80303478241, -0.927765786648, 132.966583252, 8.67192840576, 20.9622707367, -9.53495121002, 29.864522934, -4.38444805145], [-7.94998264313, 21.0522632599, 17.444152832, -35.603767395, 43.1693534851, -35.3425827026, 7.88437795639, 8.67192840576, 107.345352173, 20.9662475586, 17.2141075134, -5.31369304657, 14.8408737183], [-108.36227417, 79.8553314209, -59.4261550903, 31.5974807739, 25.7941131592, 22.3959789276, -21.7159786224, 20.9622707367, 20.9662475586, 90.0379486084, 28.0770530701, 11.6423578262, -9.59768772125], [-93.4478683472, 77.3763504028, -11.1007471085, -4.74286413193, 42.056728363, -4.23415756226, 25.3000011444, -9.53495121002, 17.2141075134, 28.0770530701, 89.1592941284, 15.6405963898, 19.4624919891], [-61.740020752, 67.9383087158, -35.315788269, 16.4890232086, -16.3043231964, 1.4849101305, -5.44312095642, 29.864522934, -5.31369304657, 11.6423578262, 15.6405963898, 69.8600234985, 8.90802288055], [-20.2903213501, 6.12489700317, 45.3925323486, -47.2469787598, 11.6442756653, -6.09883308411, 25.903585434, -4.38444805145, 14.8408737183, -9.59768772125, 19.4624919891, 8.90802288055, 77.3090362549]],
