{
"lowlevel": {
    "average_loudness": 0.966260075569,
    "barkbands_crest": {
        "dmean": 2.75805473328,
        "dmean2": 4.45969009399,
        "dvar": 5.62817287445,
        "dvar2": 13.1976909637,
        "max": 24.2020969391,
        "mean": 10.3063774109,
        "median": 9.18093967438,
        "min": 3.12197208405,
        "var": 17.1041469574
    },
    "barkbands_flatness_db": {
        "dmean": 0.0213370956481,
        "dmean2": 0.0332726798952,
        "dvar": 0.000309778377414,
        "dvar2": 0.000736081623472,
        "max": 0.337429523468,
        "mean": 0.179104030132,
        "median": 0.177431866527,
        "min": 0.0771729946136,
        "var": 0.00157608138397
    },
    "barkbands_kurtosis": {
        "dmean": 2.67435121536,
        "dmean2": 4.2204914093,
        "dvar": 12.5123157501,
        "dvar2": 30.3397865295,
        "max": 50.9385719299,
        "mean": 4.72967481613,
        "median": 2.81474065781,
        "min": -1.7876355648,
        "var": 37.7817115784
    },
    "barkbands_skewness": {
        "dmean": 0.495665222406,
        "dmean2": 0.766355097294,
        "dvar": 0.21590167284,
        "dvar2": 0.483624637127,
        "max": 6.23024702072,
        "mean": 1.60450673103,
        "median": 1.49914109707,
        "min": -2.18387985229,
        "var": 1.12729847431
    },
    "barkbands_spread": {
        "dmean": 4.34370565414,
        "dmean2": 6.49977111816,
        "dvar": 25.4507274628,
        "dvar2": 52.0844535828,
        "max": 101.5210495,
        "mean": 16.370059967,
        "median": 14.1066465378,
        "min": 1.65672767162,
        "var": 93.6504669189
    },
    "dissonance": {
        "dmean": 0.0248347613961,
        "dmean2": 0.0417549647391,
        "dvar": 0.000510414945893,
        "dvar2": 0.0013798038708,
        "max": 0.500000059605,
        "mean": 0.450190722942,
        "median": 0.455584704876,
        "min": 0.308368176222,
        "var": 0.000923225074075
    },
    "dynamic_complexity": 2.74043893814,
    "erbbands_crest": {
        "dmean": 2.99556207657,
        "dmean2": 4.71370220184,
        "dvar": 7.96489048004,
        "dvar2": 19.0658493042,
        "max": 29.0637397766,
        "mean": 10.6126766205,
        "median": 9.01700973511,
        "min": 2.46227240562,
        "var": 29.9205532074
    },
    "erbbands_flatness_db": {
        "dmean": 0.0178297683597,
        "dmean2": 0.0263488031924,
        "dvar": 0.00025954307057,
        "dvar2": 0.000508344499394,
        "max": 0.328862994909,
        "mean": 0.19893091917,
        "median": 0.196210414171,
        "min": 0.104518041015,
        "var": 0.00160155177582
    },
    "erbbands_kurtosis": {
        "dmean": 1.15027713776,
        "dmean2": 1.78387343884,
        "dvar": 2.47836470604,
        "dvar2": 6.1604514122,
        "max": 23.3746166229,
        "mean": 1.08375132084,
        "median": 0.31067943573,
        "min": -1.70780217648,
        "var": 6.50709486008
    },
    "erbbands_skewness": {
        "dmean": 0.379846841097,
        "dmean2": 0.572811722755,
        "dvar": 0.108168587089,
        "dvar2": 0.248539611697,
        "max": 4.27232933044,
        "mean": 0.674351513386,
        "median": 0.615435600281,
        "min": -1.95085287094,
        "var": 0.520554482937
    },
    "erbbands_spread": {
        "dmean": 7.58548498154,
        "dmean2": 11.2968206406,
        "dvar": 81.6332855225,
        "dvar2": 157.531402588,
        "max": 136.148391724,
        "mean": 35.1690292358,
        "median": 31.1638069153,
        "min": 4.10642957687,
        "var": 383.056427002
    },
    "hfc": {
        "dmean": 5.44958686829,
        "dmean2": 7.96304368973,
        "dvar": 46.6840248108,
        "dvar2": 97.6349105835,
        "max": 94.6161956787,
        "mean": 18.8338928223,
        "median": 15.0984630585,
        "min": 0.000631611095741,
        "var": 217.867401123
    },
    "melbands_crest": {
        "dmean": 3.27368950844,
        "dmean2": 5.37727212906,
        "dvar": 9.55138111115,
        "dvar2": 23.1544914246,
        "max": 29.5471515656,
        "mean": 12.9885005951,
        "median": 12.0500965118,
        "min": 4.47629785538,
        "var": 23.4718894958
    },
    "melbands_flatness_db": {
        "dmean": 0.0241047032177,
        "dmean2": 0.0357544980943,
        "dvar": 0.000464811571874,
        "dvar2": 0.00100619916338,
        "max": 0.404528826475,
        "mean": 0.211187437177,
        "median": 0.208729028702,
        "min": 0.0607540495694,
        "var": 0.0029750908725
    },
    "melbands_kurtosis": {
        "dmean": 5.96476888657,
        "dmean2": 9.34029388428,
        "dvar": 66.4037704468,
        "dvar2": 160.9480896,
        "max": 96.344871521,
        "mean": 12.3774814606,
        "median": 7.81267547607,
        "min": -1.78547370434,
        "var": 198.415527344
    },
    "melbands_skewness": {
        "dmean": 0.658964574337,
        "dmean2": 1.01736927032,
        "dvar": 0.453355520964,
        "dvar2": 1.01439905167,
        "max": 8.49594497681,
        "mean": 2.40446639061,
        "median": 2.26635599136,
        "min": -0.513207435608,
        "var": 2.2701215744
    },
    "melbands_spread": {
        "dmean": 4.89259195328,
        "dmean2": 7.40785074234,
        "dvar": 58.1631011963,
        "dvar2": 96.1463088989,
        "max": 221.776290894,
        "mean": 18.2170028687,
        "median": 15.7829093933,
        "min": 1.84084391594,
        "var": 200.72857666
    },
    "pitch_salience": {
        "dmean": 0.0729834139347,
        "dmean2": 0.116251707077,
        "dvar": 0.00383278750814,
        "dvar2": 0.00929699558765,
        "max": 0.851913452148,
        "mean": 0.558422148228,
        "median": 0.570944428444,
        "min": 0.203206062317,
        "var": 0.0122236022726
    },
    "silence_rate_20dB": {
        "dmean": 0,
        "dmean2": 0,
        "dvar": 0,
        "dvar2": 0,
        "max": 1,
        "mean": 1,
        "median": 1,
        "min": 1,
        "var": 0
    },
    "silence_rate_30dB": {
        "dmean": 0,
        "dmean2": 0,
        "dvar": 0,
        "dvar2": 0,
        "max": 1,
        "mean": 1,
        "median": 1,
        "min": 1,
        "var": 0
    },
    "silence_rate_60dB": {
        "dmean": 0.00465116277337,
        "dmean2": 0.00930954236537,
        "dvar": 0.00462949136272,
        "dvar2": 0.0107745397836,
        "max": 1,
        "mean": 0.0263361725956,
        "median": 0,
        "min": 0,
        "var": 0.0256423093379
    },
    "spectral_centroid": {
        "dmean": 190.601379395,
        "dmean2": 287.454681396,
        "dvar": 45282.3398438,
        "dvar2": 88092.3046875,
        "max": 4785.39941406,
        "mean": 1034.16467285,
        "median": 957.063171387,
        "min": 273.576599121,
        "var": 198914.921875
    },
    "spectral_complexity": {
        "dmean": 3.0387597084,
        "dmean2": 4.71062850952,
        "dvar": 12.8481273651,
        "dvar2": 25.4501209259,
        "max": 50,
        "mean": 16.8861351013,
        "median": 16,
        "min": 0,
        "var": 44.2202224731
    },
    "spectral_decrease": {
        "dmean": 2.55564724938e-09,
        "dmean2": 3.96863253371e-09,
        "dvar": 1.04259101721e-17,
        "dvar2": 2.25476299354e-17,
        "max": -3.82947850947e-13,
        "mean": -7.65133290059e-09,
        "median": -6.60036381106e-09,
        "min": -2.74063172157e-08,
        "var": 3.28119818077e-17
    },
    "spectral_energy": {
        "dmean": 0.010031840764,
        "dmean2": 0.0155732585117,
        "dvar": 0.00015760154929,
        "dvar2": 0.000339487363817,
        "max": 0.105765856802,
        "mean": 0.0305862389505,
        "median": 0.0266982000321,
        "min": 1.50261473664e-06,
        "var": 0.00050641031703
    },
    "spectral_energyband_high": {
        "dmean": 0.000240692475927,
        "dmean2": 0.000354282092303,
        "dvar": 2.45744047334e-07,
        "dvar2": 4.97094617913e-07,
        "max": 0.0105217760429,
        "mean": 0.000496465421747,
        "median": 0.000263884139713,
        "min": 6.93330148849e-09,
        "var": 6.29229532478e-07
    },
    "spectral_energyband_low": {
        "dmean": 0.00509079964831,
        "dmean2": 0.0081239938736,
        "dvar": 9.03856562218e-05,
        "dvar2": 0.000201073984499,
        "max": 0.0830481871963,
        "mean": 0.00965482369065,
        "median": 0.00351625378244,
        "min": 3.07878622152e-07,
        "var": 0.000212287064642
    },
    "spectral_energyband_middle_high": {
        "dmean": 0.00219611101784,
        "dmean2": 0.00329905911349,
        "dvar": 1.69900886249e-05,
        "dvar2": 3.8866965042e-05,
        "max": 0.0810802876949,
        "mean": 0.00618600100279,
        "median": 0.00279369321652,
        "min": 1.26391142885e-07,
        "var": 7.28040176909e-05
    },
    "spectral_energyband_middle_low": {
        "dmean": 0.00604681530967,
        "dmean2": 0.00923101138324,
        "dvar": 6.4194384322e-05,
        "dvar2": 0.000138303497806,
        "max": 0.0927440524101,
        "mean": 0.0151839759201,
        "median": 0.0107168089598,
        "min": 1.0887197277e-06,
        "var": 0.000175691835466
    },
    "spectral_entropy": {
        "dmean": 0.179495260119,
        "dmean2": 0.25670298934,
        "dvar": 0.0289240274578,
        "dvar2": 0.0583031103015,
        "max": 8.56300258636,
        "mean": 7.26952362061,
        "median": 7.24763202667,
        "min": 6.01193523407,
        "var": 0.12702344358
    },
    "spectral_flux": {
        "dmean": 0.0277294926345,
        "dmean2": 0.0456283539534,
        "dvar": 0.000950543850195,
        "dvar2": 0.002271451056,
        "max": 0.286493659019,
        "mean": 0.0919335559011,
        "median": 0.0834067091346,
        "min": 0.00122581189498,
        "var": 0.00247825891711
    },
    "spectral_kurtosis": {
        "dmean": 2.06412577629,
        "dmean2": 3.4664785862,
        "dvar": 5.29637718201,
        "dvar2": 15.0800056458,
        "max": 27.9981880188,
        "mean": 4.21007537842,
        "median": 3.67078351974,
        "min": -1.28281974792,
        "var": 10.1069250107
    },
    "spectral_rms": {
        "dmean": 0.000862257613335,
        "dmean2": 0.0013223021524,
        "dvar": 8.98304961083e-07,
        "dvar2": 1.82019414297e-06,
        "max": 0.0101580610499,
        "mean": 0.00506402319297,
        "median": 0.00510362861678,
        "min": 3.82879297831e-05,
        "var": 4.19588423028e-06
    },
    "spectral_rolloff": {
        "dmean": 330.091369629,
        "dmean2": 542.858581543,
        "dvar": 442853.75,
        "dvar2": 915371,
        "max": 9969.87304688,
        "mean": 1077.39343262,
        "median": 839.794921875,
        "min": 86.1328125,
        "var": 1154506.125
    },
    "spectral_skewness": {
        "dmean": 0.275794565678,
        "dmean2": 0.434771597385,
        "dvar": 0.0754924640059,
        "dvar2": 0.190863952041,
        "max": 3.9529299736,
        "mean": 1.56437039375,
        "median": 1.54690361023,
        "min": -0.0255680866539,
        "var": 0.241811573505
    },
    "spectral_spread": {
        "dmean": 415717.21875,
        "dmean2": 581099.5625,
        "dvar": 256348504064,
        "dvar2": 383250235392,
        "max": 11111438,
        "mean": 3960972.5,
        "median": 3765805.5,
        "min": 1867761.75,
        "var": 1.37129951232e+12
    },
    "spectral_strongpeak": {
        "dmean": 0.689245760441,
        "dmean2": 1.10922062397,
        "dvar": 0.949974477291,
        "dvar2": 2.33123898506,
        "max": 8.33507156372,
        "mean": 1.400344491,
        "median": 0.621941149235,
        "min": 0,
        "var": 2.85922598839
    },
    "zerocrossingrate": {
        "dmean": 0.00769175449386,
        "dmean2": 0.00880535133183,
        "dvar": 0.000107556188595,
        "dvar2": 9.96274320642e-05,
        "max": 0.35205078125,
        "mean": 0.0470822639763,
        "median": 0.04296875,
        "min": 0.00390625,
        "var": 0.000761339440942
    },
    "barkbands": {
        "dmean": [0.000320620310958, 0.00396507838741, 0.00182618189137, 0.00136259687133, 0.0026038500946, 0.00187655712944, 0.000768509809859, 0.00104451412335, 0.00142524240073, 0.000854400219396, 0.000733965192921, 0.000369379442418, 0.000661384663545, 0.000348997098627, 0.000189345824765, 0.000135126712848, 0.000128184416099, 0.000135537411552, 0.000107115287392, 0.000100219236629, 6.06622270425e-05, 4.72780739074e-05, 4.9931139074e-05, 6.25715256319e-05, 2.86779468297e-05, 2.85350729712e-08, 3.46898909598e-09],
        "dmean2": [0.000509551085997, 0.00663234619424, 0.00285436119884, 0.00228864373639, 0.00435542780906, 0.00286991987377, 0.00115829275455, 0.00153888761997, 0.00217569898814, 0.00132690556347, 0.00102347729262, 0.000584909925237, 0.00104851729702, 0.000547520525288, 0.000294021563604, 0.000208816622035, 0.000195933374926, 0.00020712618425, 0.000165885008755, 0.000160672163474, 9.81408302323e-05, 7.6911484939e-05, 7.60987968533e-05, 9.01245803107e-05, 4.07538864238e-05, 4.5053077713e-08, 6.49298437239e-09],
        "dvar": [5.46718013084e-07, 6.10428469372e-05, 2.1361216568e-05, 1.1404151337e-05, 2.17770921154e-05, 1.08689146145e-05, 1.49393258653e-06, 7.33184924684e-06, 1.94151234609e-05, 1.03791508081e-05, 6.49834100841e-06, 9.32168973122e-07, 3.07524123855e-06, 9.32732916681e-07, 1.33369567834e-07, 6.60290453425e-08, 7.36473779739e-08, 1.25419177266e-07, 3.30950840066e-08, 2.32662795696e-08, 1.63855879975e-08, 1.71708620655e-08, 1.41249332231e-08, 3.10309786755e-08, 1.39296361112e-08, 1.3613840483e-14, 1.84570212977e-16],
        "dvar2": [1.28886279072e-06, 0.000160781506565, 5.03804658365e-05, 2.97605929518e-05, 5.32317280886e-05, 2.19846497203e-05, 3.10771679324e-06, 1.53688506543e-05, 4.02664882131e-05, 2.4061273507e-05, 1.17633053378e-05, 2.15654608837e-06, 7.55453993406e-06, 1.98110001293e-06, 2.92673007607e-07, 1.46809739476e-07, 1.73005958004e-07, 2.68627616151e-07, 7.93146028855e-08, 5.65026354593e-08, 4.16595291597e-08, 4.49372556943e-08, 3.15252357552e-08, 6.12784276655e-08, 2.07004671182e-08, 2.8905307645e-14, 5.34614056143e-16],
        "max": [0.00876263156533, 0.0738786756992, 0.0463045798242, 0.0382356643677, 0.0541244782507, 0.063122227788, 0.0220696739852, 0.0521309301257, 0.0818812400103, 0.0725974440575, 0.0504750050604, 0.0140064116567, 0.028073657304, 0.0193159095943, 0.00640200031921, 0.00441941432655, 0.00441419240087, 0.00788258016109, 0.00284969387576, 0.00212178006768, 0.00135188922286, 0.00175261695404, 0.00218680361286, 0.00518292235211, 0.00405107904226, 2.71128010354e-06, 2.08999608731e-07],
        "mean": [0.000353016250301, 0.00589398713782, 0.00258002756163, 0.0016004339559, 0.00415226677433, 0.00332029722631, 0.00151668849867, 0.00162312493194, 0.00276394328102, 0.00145432422869, 0.0012700635707, 0.000546762137674, 0.00109524209984, 0.000563422916457, 0.000313736993121, 0.000254916289123, 0.000219157489482, 0.000240051565925, 0.000214178260649, 0.00020434561884, 9.26636348595e-05, 6.62400561851e-05, 9.0861118224e-05, 0.000115395632747, 4.10582833865e-05, 3.5104950058e-08, 2.38555397658e-09],
        "median": [4.35008914792e-05, 0.00131995987613, 0.000878365361132, 0.00053676700918, 0.00224300008267, 0.00188172142953, 0.000802784517873, 0.000493474071845, 0.0004079209466, 0.000279653526377, 0.000116471543151, 0.000182649644557, 0.000194145803107, 0.000136669797939, 0.0001406356605, 0.000105244369479, 8.63542809384e-05, 6.95011913194e-05, 9.86991726677e-05, 9.15043056011e-05, 4.2621330067e-05, 2.25299118028e-05, 4.5942102588e-05, 4.31737862527e-05, 7.48428828956e-06, 5.92485482898e-09, 4.08801076324e-10],
        "min": [6.63121380029e-09, 1.16366223324e-07, 1.01027893606e-07, 1.50479650074e-07, 2.38928265617e-07, 1.10138721254e-07, 6.86910510694e-08, 1.01245674955e-07, 9.63090371897e-08, 1.09768016898e-08, 1.69562621721e-08, 4.99287189371e-09, 3.97405699459e-08, 1.43978562406e-08, 1.11790905422e-08, 3.12707792993e-09, 4.5988688413e-09, 1.18098830715e-09, 2.94810909018e-09, 3.36414718305e-09, 1.78988135424e-09, 1.23026888676e-09, 6.9805594638e-10, 1.09589526343e-09, 2.50365256305e-10, 3.52763998568e-12, 4.71316909112e-12],
        "var": [6.41468147933e-07, 0.000108193591586, 2.53996786341e-05, 1.0200899851e-05, 3.30905095325e-05, 2.30901750911e-05, 4.96068378197e-06, 1.73341268237e-05, 5.82213870075e-05, 2.54897004197e-05, 1.93421947188e-05, 1.86920317446e-06, 6.52180506222e-06, 2.20269498641e-06, 3.15074089485e-07, 1.92426341528e-07, 1.52772244633e-07, 3.10757656052e-07, 9.43564373301e-08, 7.83113875968e-08, 2.09149373376e-08, 1.80721588805e-08, 2.31995720412e-08, 9.67913180716e-08, 4.04907645191e-08, 2.34842002209e-14, 1.0872843798e-16]
    },
    "erbbands": {
        "dmean": [0.120101690292, 0.899501144886, 1.89779937267, 3.60017251968, 6.07782173157, 9.27025508881, 16.9459037781, 13.7645149231, 10.6615896225, 12.8614311218, 26.7423534393, 32.303150177, 19.2151966095, 32.216594696, 23.380279541, 16.1538791656, 28.7684803009, 15.1880722046, 13.5751285553, 7.12439060211, 7.85574293137, 6.61509943008, 7.23401546478, 5.30694246292, 5.21780014038, 4.57786178589, 2.88702106476, 2.13622927666, 1.60557222366, 1.54842805862, 1.49415385723, 1.31682229042, 1.09036004543, 0.574365377426, 0.0353937521577, 0.00155706855003, 8.35594473756e-05, 1.18545513033e-05, 6.64255776428e-06, 1.16389910545e-05],
        "dmean2": [0.196778789163, 1.51561880112, 3.05484342575, 5.92665958405, 10.2326889038, 15.5851659775, 25.5576000214, 21.5048542023, 16.6665725708, 18.6227970123, 40.8578147888, 48.3666915894, 29.6962223053, 47.1333351135, 32.2748603821, 25.7646427155, 45.0478858948, 23.934803009, 20.5096549988, 10.8538074493, 11.8637628555, 10.0171127319, 10.7632484436, 7.98044204712, 8.3417596817, 7.18760204315, 4.49883556366, 3.51565027237, 2.57020044327, 2.51567983627, 2.21386957169, 1.87417757511, 1.55704665184, 0.802676916122, 0.0510069467127, 0.0022312826477, 0.000114863025374, 1.58678758453e-05, 9.59057433647e-06, 1.79649778147e-05],
        "dvar": [0.0529631450772, 3.4934489727, 18.8483943939, 91.9564819336, 189.098876953, 360.410766602, 1011.23913574, 711.055541992, 247.57774353, 929.515380859, 5547.10546875, 8745.4375, 4721.421875, 10313.3144531, 5892.81103516, 1748.92456055, 6490.42871094, 1638.66003418, 803.326171875, 259.623046875, 218.523452759, 220.824859619, 404.126342773, 89.9698638916, 83.2206420898, 46.1050605774, 26.969707489, 26.7392253876, 16.9759407043, 16.5708389282, 14.4185667038, 9.8802614212, 11.6737556458, 5.15490341187, 0.0345970615745, 6.18040357949e-05, 1.12012642717e-07, 1.39550904166e-09, 9.10887129613e-11, 2.05074859871e-10],
        "dvar2": [0.13603490591, 9.25910377502, 45.9528541565, 227.224090576, 485.800384521, 953.598205566, 2005.28283691, 1627.53430176, 584.663757324, 1806.45129395, 12192.7597656, 17285.2675781, 10031.3808594, 23350.3105469, 10479.234375, 4155.45996094, 15783.71875, 3582.58544922, 1607.20202637, 564.563598633, 487.000427246, 503.644012451, 929.067565918, 188.164459229, 209.507492065, 109.128662109, 65.4699401855, 69.9936828613, 42.4752655029, 41.3487205505, 33.9070587158, 20.7145671844, 23.0536403656, 7.76704788208, 0.0524275116622, 8.97783902474e-05, 1.45258326256e-07, 1.80206061184e-09, 1.59403198974e-10, 4.37636427097e-10],
        "max": [2.33087062836, 18.2881546021, 53.3586578369, 129.327606201, 166.047027588, 266.99005127, 520.918640137, 513.290771484, 233.710861206, 1064.47668457, 1306.6817627, 1323.73852539, 1912.67773438, 2490.21289062, 1544.53771973, 674.559448242, 1488.16369629, 1114.5020752, 595.692321777, 317.674346924, 277.550384521, 235.174804688, 436.034606934, 209.396743774, 122.734336853, 97.8895263672, 54.1209564209, 57.5115318298, 49.0376243591, 52.2558517456, 82.1677322388, 80.5589981079, 108.895935059, 78.9184188843, 6.57419729233, 0.276241332293, 0.0119413342327, 0.00136505905539, 0.000269826647127, 0.000123448888189],
        "mean": [0.170847728848, 1.31211066246, 2.84222126007, 4.75651359558, 7.62978839874, 14.2078704834, 28.7022209167, 24.0417442322, 20.0490436554, 27.3003368378, 43.4227676392, 64.2068099976, 40.5405769348, 58.0308685303, 41.777759552, 27.905632019, 50.6216583252, 28.0701694489, 24.3603954315, 13.3696174622, 15.674369812, 12.1866588593, 13.3571901321, 11.3723611832, 10.6532344818, 9.8026599884, 5.32871294022, 2.93891906738, 2.30210065842, 2.36678051949, 2.68969988823, 2.2398443222, 2.02408075333, 0.871892154217, 0.046339482069, 0.00212773121893, 0.000140700649354, 2.21871778194e-05, 1.9777151465e-05, 3.65162013622e-05],
        "median": [0.0387231260538, 0.303743958473, 1.10031700134, 1.81298351288, 3.0518424511, 7.16538763046, 16.511674881, 13.3422164917, 12.2806129456, 11.5978660583, 15.326833725, 10.1305704117, 9.08643627167, 11.8771419525, 7.32515907288, 10.0069980621, 8.73518276215, 8.98093986511, 9.27471160889, 5.63831520081, 6.64304065704, 5.1349773407, 4.12341928482, 4.86149644852, 5.65663576126, 4.64393234253, 2.65050435066, 1.08113622665, 0.816415071487, 0.931873381138, 1.40738976002, 0.924466669559, 0.656596779823, 0.1877502352, 0.00589727424085, 0.000329327274812, 4.2921750719e-05, 9.6451058198e-06, 1.69582417584e-05, 3.26963199768e-05],
        "min": [3.49339825334e-06, 2.35028855968e-05, 0.00010174203635, 0.000310790725052, 0.000785304233432, 0.000629954272881, 0.000932635506615, 0.00115783337969, 0.00108498940244, 0.00162612542044, 0.00484702549875, 0.00212551956065, 0.000444507459179, 0.000776259868871, 0.00108621653635, 0.000433355540736, 0.00184390845243, 0.000927214219701, 0.000799990899395, 0.00021852615464, 0.000185427663382, 0.000257214182056, 6.56774282106e-05, 7.45507059037e-05, 0.000201113682124, 0.000193905027118, 5.71774544369e-05, 8.36248218548e-05, 4.23192068411e-05, 3.6467830796e-05, 1.46970032802e-05, 1.79978233064e-05, 2.02873015951e-05, 6.50627771392e-06, 1.97703428739e-07, 2.20565432585e-08, 8.15424172629e-09, 2.36247288399e-09, 1.46724432604e-09, 1.76375558603e-09],
        "var": [0.0888823643327, 5.7889881134, 25.6480827332, 89.0508041382, 188.217147827, 568.187805176, 1965.6003418, 1413.21655273, 585.28125, 4389.71630859, 9972.38769531, 29642.2519531, 18227.8535156, 27070.9804688, 16179.8935547, 3526.61694336, 14497.5957031, 5091.94189453, 2412.80004883, 637.285217285, 733.684570312, 465.848968506, 899.573608398, 337.231201172, 188.105545044, 172.37121582, 52.7472457886, 29.9597606659, 19.9172477722, 20.098274231, 21.6095733643, 22.3153896332, 40.7474327087, 15.8675298691, 0.0988832637668, 0.000184263393749, 3.89880199236e-07, 5.23616039416e-09, 3.38511718656e-10, 6.74294786673e-10]
    },
    "gfcc": {
        "mean": [-25.8544406891, 137.701339722, -143.595657349, 47.2261924744, -80.3470306396, 16.5435523987, -39.2828826904, -4.20346403122, -8.67301464081, -19.2918891907, 13.470946312, -22.876909256, 7.57061862946],
        "cov": [[3496.36621094, -671.316650391, -10.8344478607, 294.314422607, -46.2831840515, 289.634277344, 71.9380111694, 245.882385254, -96.6287384033, 80.7802658081, -27.8345012665, -9.92265129089, 4.27317476273], [-671.316650391, 716.993347168, 116.269233704, -30.8072834015, 250.971420288, -24.6728115082, 230.424316406, -73.3272018433, 108.122444153, -30.309595108, 86.0853729248, -62.6262245178, 0.138891220093], [-10.8344478607, 116.269233704, 608.984313965, 285.536437988, 116.709663391, 143.89465332, 6.6987862587, 88.6777954102, 41.512172699, 19.567150116, -17.3617210388, 18.8030967712, 4.33589506149], [294.314422607, -30.8072834015, 285.536437988, 443.640319824, 123.954338074, 28.250087738, 1.3015961647, 63.1169090271, 54.9573631287, -2.74022555351, -15.8840799332, 59.3716697693, 1.93942773342], [-46.2831840515, 250.971420288, 116.709663391, 123.954338074, 296.177337646, 90.6711273193, 66.4959869385, 32.4162597656, 63.873588562, 6.78132104874, 31.8718986511, -9.43389225006, 4.45159053802], [289.634277344, -24.6728115082, 143.89465332, 28.250087738, 90.6711273193, 277.42980957, 91.5500793457, 45.347694397, -24.9583301544, 50.6226463318, 19.3205776215, -23.5263404846, -10.5424938202], [71.9380111694, 230.424316406, 6.6987862587, 1.3015961647, 66.4959869385, 91.5500793457, 302.638092041, 8.14970874786, 1.38687443733, 21.3892154694, 70.6331253052, -40.7533683777, -2.13290405273], [245.882385254, -73.3272018433, 88.6777954102, 63.1169090271, 32.4162597656, 45.347694397, 8.14970874786, 191.232315063, 19.9718742371, 1.95793282986, -4.46034860611, -10.6725578308, -1.20571768284], [-96.6287384033, 108.122444153, 41.512172699, 54.9573631287, 63.873588562, -24.9583301544, 1.38687443733, 19.9718742371, 117.950317383, 9.41201782227, -2.51085615158, -5.56261491776, -3.36612081528], [80.7802658081, -30.309595108, 19.567150116, -2.74022555351, 6.78132104874, 50.6226463318, 21.3892154694, 1.95793282986, 9.41201782227, 99.5465393066, 33.3590965271, -11.7889766693, -4.22448205948], [-27.8345012665, 86.0853729248, -17.3617210388, -15.8840799332, 31.8718986511, 19.3205776215, 70.6331253052, -4.46034860611, -2.51085615158, 33.3590965271, 103.675193787, 9.62976455688, -9.30823993683], [-9.92265129089, -62.6262245178, 18.8030967712, 59.3716697693, -9.43389225006, -23.5263404846, -40.7533683777, -10.6725578308, -5.56261491776, -11.7889766693, 9.62976455688, 83.8411483765, 30.9881973267], [4.27317476273, 0.138891220093, 4.33589506149, 1.93942773342, 4.45159053802, -10.5424938202, -2.13290405273, -1.20571768284, -3.36612081528, -4.22448205948, -9.30823993683, 30.9881973267, 68.6893081665]],
        "icov": [[0.000478230766021, 0.000608887930866, 0.000173645661562, -0.000409188302001, -0.000105396742583, -0.000281116575934, -0.000325282278936, -0.000200263806619, 3.7024917674e-06, 0.000124777579913, -0.00025463901693, 0.00068941997597, -0.000417994218878], [0.000608887930866, 0.0105960182846, -0.00450975820422, 0.00402309605852, -0.0076797278598, 0.00533798756078, -0.00646925764158, 0.00505530461669, -0.00534670427442, 0.0058357543312, -0.0055534876883, 0.00617031147704, -0.00212270603515], [0.000173645661562, -0.00450975820422, 0.0051844115369, -0.00407900102437, 0.00374386017211, -0.00432974891737, 0.00325331860222, -0.00298418593593, 0.00204646447673, -0.00252522481605, 0.00236031599343, -0.00168784172274, -4.60173941974e-05], [-0.000409188302001, 0.00402309605852, -0.00407900102437, 0.00706619070843, -0.00502514233813, 0.0040000542067, -0.00356644508429, 0.00181361415889, -0.0027707433328, 0.00155490299221, 0.000155465488206, -0.00288032647222, 0.00221631280147], [-0.000105396742583, -0.0076797278598, 0.00374386017211, -0.00502514233813, 0.0114229861647, -0.00653863837942, 0.00503537617624, -0.00364586291835, 0.00107189547271, -0.00231668283232, 0.00116746989079, -0.00164754793514, -0.000912325456738], [-0.000281116575934, 0.00533798756078, -0.00432974891737, 0.0040000542067, -0.00653863837942, 0.00996529869735, -0.00511746061966, 0.00213763816282, -8.60229647515e-06, -0.000225809024414, -0.000858628074639, 0.00157624681015, 0.00115715106949], [-0.000325282278936, -0.00646925764158, 0.00325331860222, -0.00356644508429, 0.00503537617624, -0.00511746061966, 0.00928767770529, -0.00269933906384, 0.00284307729453, -0.00193208293058, -0.00127421063371, 0.000833383644931, -0.0014702352928], [-0.000200263806619, 0.00505530461669, -0.00298418593593, 0.00181361415889, -0.00364586291835, 0.00213763816282, -0.00269933906384, 0.0089588901028, -0.00387087720446, 0.00387435802259, -0.00342709431425, 0.00444440171123, -0.00164364930242], [3.7024917674e-06, -0.00534670427442, 0.00204646447673, -0.0027707433328, 0.00107189547271, -8.60229647515e-06, 0.00284307729453, -0.00387087720446, 0.0144917992875, -0.00584547407925, 0.00458995532244, -0.00263590342365, 0.00207099248655], [0.000124777579913, 0.0058357543312, -0.00252522481605, 0.00155490299221, -0.00231668283232, -0.000225809024414, -0.00193208293058, 0.00387435802259, -0.00584547407925, 0.0173573736101, -0.00952435377985, 0.00758841447532, -0.00371359684505], [-0.00025463901693, -0.0055534876883, 0.00236031599343, 0.000155465488206, 0.00116746989079, -0.000858628074639, -0.00127421063371, -0.00342709431425, 0.00458995532244, -0.00952435377985, 0.0200848150998, -0.0120454858989, 0.00736158015206], [0.00068941997597, 0.00617031147704, -0.00168784172274, -0.00288032647222, -0.00164754793514, 0.00157624681015, 0.000833383644931, 0.00444440171123, -0.00263590342365, 0.00758841447532, -0.0120454858989, 0.0273646898568, -0.0130548831075], [-0.000417994218878, -0.00212270603515, -4.60173941974e-05, 0.00221631280147, -0.000912325456738, 0.00115715106949, -0.0014702352928, -0.00164364930242, 0.00207099248655, -0.00371359684505, 0.00736158015206, -0.0130548831075, 0.0214513577521]]
    },
    "melbands": {
        "dmean": [0.00108544307295, 0.000979793258011, 0.000654067436699, 0.000512958678883, 0.000529540760908, 0.000309130526148, 0.000163416392752, 0.000148394188727, 0.000244532042416, 0.000194293490495, 9.94043512037e-05, 0.000137196853757, 0.000101459496364, 4.39662180725e-05, 6.24224630883e-05, 5.29581593582e-05, 2.93487009912e-05, 2.56346120295e-05, 1.18741018014e-05, 9.46164891502e-06, 9.81740868156e-06, 7.25430390958e-06, 8.71720567375e-06, 7.09341929905e-06, 4.57277201349e-06, 4.13210773331e-06, 4.15514341512e-06, 3.04074046653e-06, 2.13206476474e-06, 1.60690410667e-06, 1.1910193507e-06, 9.21685170852e-07, 9.69724965216e-07, 8.65963386332e-07, 9.40462541621e-07, 8.71680754244e-07, 8.24696542168e-07, 8.91533261438e-07, 6.94036998539e-07, 4.04951634891e-07],
        "dmean2": [0.00180402898695, 0.00159984559286, 0.00104945001658, 0.000874288962223, 0.000831726996694, 0.000481633178424, 0.000251606339589, 0.000212345155887, 0.000373314047465, 0.000295124365948, 0.00015394417278, 0.000202398165129, 0.000138200324727, 6.76105482853e-05, 9.99057447189e-05, 8.08674667496e-05, 4.62142852484e-05, 3.86910833186e-05, 1.80890019692e-05, 1.41499976962e-05, 1.49894831338e-05, 1.14745580504e-05, 1.36146900331e-05, 1.07130472315e-05, 7.14526777301e-06, 6.44103147351e-06, 6.79401409798e-06, 4.82296718474e-06, 3.38917675435e-06, 2.65467656391e-06, 2.00882368517e-06, 1.49120535298e-06, 1.61596403814e-06, 1.40927272696e-06, 1.42827195759e-06, 1.2576753079e-06, 1.21854668578e-06, 1.3249841686e-06, 9.27895314362e-07, 5.90439640291e-07],
        "dvar": [4.31892885899e-06, 4.11297151004e-06, 2.33829769059e-06, 1.03374998162e-06, 9.62517560765e-07, 3.27668402633e-07, 5.81371359942e-08, 1.26922984123e-07, 4.76175983977e-07, 3.56653714562e-07, 1.31480319965e-07, 2.02159853302e-07, 1.31047229956e-07, 1.37317908155e-08, 2.76717919689e-08, 1.80369692515e-08, 6.8685159782e-09, 3.59377705372e-09, 8.29111779233e-10, 3.75191239188e-10, 3.67038371918e-10, 3.40235090102e-10, 7.55521589735e-10, 3.65628388677e-10, 6.56832227497e-11, 5.10807021681e-11, 5.04054888106e-11, 2.08777717337e-11, 1.36263353032e-11, 1.36379284602e-11, 8.7405586241e-12, 4.96936736552e-12, 9.20248426073e-12, 4.13281258174e-12, 5.92532533455e-12, 3.52193860013e-12, 4.92178390057e-12, 8.36553135791e-12, 5.03227624502e-12, 3.22072533573e-12],
        "dvar2": [1.11072331492e-05, 9.87768180494e-06, 5.3605795074e-06, 2.69914426099e-06, 1.94200811166e-06, 7.24090455151e-07, 1.29627011347e-07, 2.4029051815e-07, 1.06744073491e-06, 7.02881095549e-07, 2.8104969374e-07, 4.60700732674e-07, 2.28658947776e-07, 2.94204927087e-08, 7.07345293449e-08, 4.0962014225e-08, 1.41880001081e-08, 7.12832859406e-09, 1.68454994398e-09, 7.77675923658e-10, 8.16285983252e-10, 8.18116518975e-10, 1.96966998267e-09, 7.73389796649e-10, 1.47870063416e-10, 1.20451440488e-10, 1.33559649451e-10, 4.76181281905e-11, 3.25773852339e-11, 3.5952737315e-11, 2.32125100391e-11, 1.23169512783e-11, 2.47369121714e-11, 9.8883765759e-12, 1.4501467735e-11, 7.06163296241e-12, 1.07685379711e-11, 1.88649200428e-11, 6.63578957408e-12, 5.19432977533e-12],
        "max": [0.0201095696539, 0.0219945125282, 0.0187076553702, 0.00985421333462, 0.0154981762171, 0.0113161001354, 0.00403279671445, 0.0129256192595, 0.0108960317448, 0.0108601506799, 0.00986498780549, 0.011262989603, 0.00746810482815, 0.00209269649349, 0.00311807799153, 0.00213263230398, 0.00210982956924, 0.00129771663342, 0.000661916390527, 0.000283115368802, 0.000301532214507, 0.00031494529685, 0.000557278923225, 0.000418032635935, 0.000138355302624, 0.000111935747555, 9.23311890801e-05, 8.34655438666e-05, 5.40765322512e-05, 4.07405714213e-05, 3.48222165485e-05, 2.08440433198e-05, 5.01313661516e-05, 2.24458908633e-05, 5.36933803232e-05, 3.60627818736e-05, 5.88717994106e-05, 8.10693381936e-05, 8.51772347232e-05, 5.84631161473e-05],
        "mean": [0.00161922222469, 0.00162509351503, 0.000893281539902, 0.000753308995627, 0.00094846409047, 0.000546840601601, 0.000312515592668, 0.000298784783809, 0.000388248736272, 0.00039078789996, 0.000200928479899, 0.000240326000494, 0.000176924120751, 6.56468691886e-05, 0.00010375790589, 8.8165885245e-05, 4.8808320571e-05, 4.37768649135e-05, 1.93068535737e-05, 1.63285021699e-05, 1.80848292075e-05, 1.15888915388e-05, 1.31644401336e-05, 1.21308130474e-05, 8.75884234119e-06, 7.82337338023e-06, 7.7660097304e-06, 6.12128678767e-06, 3.73696798306e-06, 2.16371199713e-06, 1.53164739913e-06, 1.282612061e-06, 1.27039743347e-06, 1.32134312025e-06, 1.61399827903e-06, 1.42813792081e-06, 1.34482297653e-06, 1.51805488713e-06, 1.25504084281e-06, 5.18902936619e-07],
        "median": [0.000370164547348, 0.00059413490817, 0.000349281908711, 0.000351346825482, 0.000549279968254, 0.000305769441184, 0.000187159326742, 0.000116163027997, 0.000116644136142, 5.4767664551e-05, 3.76094758394e-05, 4.51812484243e-05, 2.01945913432e-05, 2.11444057641e-05, 2.09413865377e-05, 2.04735370062e-05, 1.33050261866e-05, 1.36290291266e-05, 8.04808678367e-06, 6.45400496069e-06, 7.11334450898e-06, 4.47312550023e-06, 4.02876412409e-06, 3.52864390152e-06, 3.44017621501e-06, 3.79803395845e-06, 3.26079612023e-06, 2.65250287157e-06, 1.71593239884e-06, 8.26281109312e-07, 5.13802319801e-07, 4.44154608203e-07, 4.05559774208e-07, 5.22078494214e-07, 8.42599092721e-07, 6.01243186793e-07, 4.89206399834e-07, 4.87936517857e-07, 3.1769150155e-07, 6.46684910066e-08],
        "min": [3.83731766362e-08, 4.54435138408e-08, 7.24069764146e-08, 4.88204641158e-08, 4.60338185349e-08, 2.46708449225e-08, 1.45220715453e-08, 2.22110401182e-08, 4.03101623192e-08, 1.06750226436e-08, 1.86711668348e-09, 2.86418178064e-09, 3.38101902031e-09, 8.88180529124e-10, 3.46954531771e-09, 2.97268543115e-09, 1.51124068815e-09, 1.2705343444e-09, 4.76042094633e-10, 2.25888419081e-10, 2.18169329824e-10, 3.15740378287e-10, 8.13077105644e-11, 5.25836214849e-11, 4.66228375351e-11, 1.51958293171e-10, 1.11655969193e-10, 1.39262851251e-10, 2.78307411838e-11, 4.37225151917e-11, 4.48792114582e-11, 1.66170289334e-11, 3.39732617038e-11, 1.6844376588e-11, 8.41441152866e-12, 8.04896427287e-12, 1.24584127736e-11, 1.22258366625e-11, 1.54104229377e-11, 2.19562172263e-12],
        "var": [7.91883212514e-06, 7.28053964849e-06, 2.62037679022e-06, 1.40698227824e-06, 1.91896515389e-06, 6.83128064338e-07, 1.51255790115e-07, 5.70260851873e-07, 8.46836712753e-07, 1.21338950976e-06, 4.9688691206e-07, 5.19239847563e-07, 3.75320638568e-07, 2.92801125568e-08, 6.07009056353e-08, 3.79086486646e-08, 1.89990618793e-08, 1.09598810027e-08, 1.66706182192e-09, 7.66600838364e-10, 1.08470632476e-09, 5.81922787735e-10, 9.77766090315e-10, 9.11758502031e-10, 2.03670719179e-10, 1.25323987299e-10, 1.17319765014e-10, 7.96613330856e-11, 3.01076073794e-11, 1.41637361561e-11, 9.78484741149e-12, 5.94605311169e-12, 8.6449588807e-12, 5.64439944437e-12, 7.76595888291e-12, 7.385199223e-12, 1.01671449038e-11, 2.34295187418e-11, 2.08773276444e-11, 8.58362079331e-12]
    },
    "mfcc": {
        "mean": [-644.730163574, 133.441864014, 6.4694442749, 14.8081760406, 1.11805212498, -1.56610774994, -1.50085365772, -0.697929561138, -12.0985536575, 6.71176862717, -6.60479259491, 2.22861027718, -2.69144701958],
        "cov": [[3522.46435547, -805.316040039, -45.3996047974, 60.1113739014, -42.4596557617, 35.8669395447, 163.095718384, 80.9067993164, 43.2106208801, 134.321899414, 9.21373271942, -28.6193828583, -16.8551616669], [-805.316040039, 775.500183105, -88.7575836182, -10.1170949936, 10.6168937683, 85.6706542969, 93.3386535645, 20.3056964874, 5.32276058197, 76.1254272461, 26.0411396027, 33.2341270447, 35.3041687012], [-45.3996047974, -88.7575836182, 497.952758789, 135.414306641, 124.28263092, 74.1359939575, 42.4389877319, 60.596862793, 69.792137146, -3.637352705, 45.3682785034, 14.38920784, 3.78113746643], [60.1113739014, -10.1170949936, 135.414306641, 396.426513672, 112.32926178, 30.887676239, -24.2065181732, 83.3132095337, 55.8939247131, -43.6513366699, 30.5919570923, 51.4199485779, -14.470085144], [-42.4596557617, 10.6168937683, 124.28263092, 112.32926178, 338.752960205, 33.8934898376, -22.1604290009, 53.3764648438, 71.5899200439, -8.64134502411, 38.4124183655, 20.9850158691, -7.31347179413], [35.8669395447, 85.6706542969, 74.1359939575, 30.887676239, 33.8934898376, 252.130233765, 93.1008300781, 13.2712345123, 13.4776000977, 28.8270530701, 32.7818145752, 15.6291742325, 5.92477416992], [163.095718384, 93.3386535645, 42.4389877319, -24.2065181732, -22.1604290009, 93.1008300781, 260.323516846, 52.6073265076, 12.0746412277, 79.0361633301, 40.1101989746, 29.2851238251, 26.7473163605], [80.9067993164, 20.3056964874, 60.596862793, 83.3132095337, 53.3764648438, 13.2712345123, 52.6073265076, 133.070953369, 40.8403701782, 20.4841976166, 4.48560714722, 21.0512313843, -1.70968484879], [43.2106208801, 5.32276058197, 69.792137146, 55.8939247131, 71.5899200439, 13.4776000977, 12.0746412277, 40.8403701782, 121.362365723, 17.3960037231, 12.5960388184, 2.95995855331, -1.3644272089], [134.321899414, 76.1254272461, -3.637352705, -43.6513366699, -8.64134502411, 28.8270530701, 79.0361633301, 20.4841976166, 17.3960037231, 160.583724976, 28.2374610901, 13.4900903702, 15.2279081345], [9.21373271942, 26.0411396027, 45.3682785034, 30.5919570923, 38.4124183655, 32.7818145752, 40.1101989746, 4.48560714722, 12.5960388184, 28.2374610901, 99.377494812, 34.2521743774, -8.70813179016], [-28.6193828583, 33.2341270447, 14.38920784, 51.4199485779, 20.9850158691, 15.6291742325, 29.2851238251, 21.0512313843, 2.95995855331, 13.4900903702, 34.2521743774, 116.339508057, 25.1991062164], [-16.8551616669, 35.3041687012, 3.78113746643, -14.470085144, -7.31347179413, 5.92477416992, 26.7473163605, -1.70968484879, -1.3644272089, 15.2279081345, -8.70813179016, 25.1991062164, 78.1175537109]],
