{
"lowlevel": {
    "average_loudness": 0.691055893898,
    "barkbands_crest": {
        "dmean": 2.97912716866,
        "dmean2": 4.82119703293,
        "dvar": 10.7440843582,
        "dvar2": 23.2845344543,
        "max": 26.1624507904,
        "mean": 11.8413715363,
        "median": 10.1267776489,
        "min": 2.06648492813,
        "var": 38.7265586853
    },
    "barkbands_flatness_db": {
        "dmean": 0.0319850407541,
        "dmean2": 0.0466320812702,
        "dvar": 0.00135502358899,
        "dvar2": 0.00230655539781,
        "max": 0.547483444214,
        "mean": 0.185218095779,
        "median": 0.157705575228,
        "min": 0.064299851656,
        "var": 0.00746425194666
    },
    "barkbands_kurtosis": {
        "dmean": 11.3827781677,
        "dmean2": 16.820734024,
        "dvar": 1131.07995605,
        "dvar2": 2506.13500977,
        "max": 811.54901123,
        "mean": 17.9191112518,
        "median": 2.10200929642,
        "min": -1.93531572819,
        "var": 2902.11376953
    },
    "barkbands_skewness": {
        "dmean": 0.902797341347,
        "dmean2": 1.30740749836,
        "dvar": 1.61370134354,
        "dvar2": 2.86634397507,
        "max": 18.0416660309,
        "mean": 2.26719760895,
        "median": 1.40861093998,
        "min": -1.69959807396,
        "var": 8.29850673676
    },
    "barkbands_spread": {
        "dmean": 7.48517847061,
        "dmean2": 11.2071275711,
        "dvar": 100.16129303,
        "dvar2": 191.590103149,
        "max": 110.23576355,
        "mean": 22.9542713165,
        "median": 19.053817749,
        "min": 0.185069546103,
        "var": 319.049591064
    },
    "dissonance": {
        "dmean": 0.0213363338262,
        "dmean2": 0.0352931469679,
        "dvar": 0.000521382375155,
        "dvar2": 0.00131130905356,
        "max": 0.499988734722,
        "mean": 0.462119817734,
        "median": 0.472224086523,
        "min": 0.259353905916,
        "var": 0.00115312309936
    },
    "dynamic_complexity": 2.516238451,
    "erbbands_crest": {
        "dmean": 3.00120592117,
        "dmean2": 4.77201223373,
        "dvar": 9.38311481476,
        "dvar2": 21.9441547394,
        "max": 29.7903118134,
        "mean": 8.89969539642,
        "median": 7.7585067749,
        "min": 2.2994787693,
        "var": 21.3956871033
    },
    "erbbands_flatness_db": {
        "dmean": 0.0205099936575,
        "dmean2": 0.0295150522143,
        "dvar": 0.000478551810374,
        "dvar2": 0.00089503597701,
        "max": 0.319222658873,
        "mean": 0.172358393669,
        "median": 0.168335959315,
        "min": 0.0933985859156,
        "var": 0.00171656382736
    },
    "erbbands_kurtosis": {
        "dmean": 1.15321624279,
        "dmean2": 1.80666029453,
        "dvar": 3.16087794304,
        "dvar2": 6.93793153763,
        "max": 30.0292282104,
        "mean": 0.79382866621,
        "median": -0.0133447647095,
        "min": -1.73135125637,
        "var": 6.5030503273
    },
    "erbbands_skewness": {
        "dmean": 0.411796182394,
        "dmean2": 0.633571267128,
        "dvar": 0.174796119332,
        "dvar2": 0.380222856998,
        "max": 4.86213493347,
        "mean": 0.305340021849,
        "median": 0.266979306936,
        "min": -3.09045767784,
        "var": 0.681402146816
    },
    "erbbands_spread": {
        "dmean": 10.6106939316,
        "dmean2": 15.4878816605,
        "dvar": 136.324066162,
        "dvar2": 264.997619629,
        "max": 189.191345215,
        "mean": 41.4081344604,
        "median": 37.9093208313,
        "min": 5.39635896683,
        "var": 461.451934814
    },
    "hfc": {
        "dmean": 13.2553091049,
        "dmean2": 19.6158981323,
        "dvar": 619.475524902,
        "dvar2": 1453.81555176,
        "max": 203.664962769,
        "mean": 24.1613445282,
        "median": 14.9032535553,
        "min": 0.000235913001234,
        "var": 869.895935059
    },
    "melbands_crest": {
        "dmean": 3.38611483574,
        "dmean2": 5.01857185364,
        "dvar": 11.3081617355,
        "dvar2": 22.9964179993,
        "max": 36.865447998,
        "mean": 16.2633304596,
        "median": 14.0226993561,
        "min": 3.00096464157,
        "var": 74.3188476562
    },
    "melbands_flatness_db": {
        "dmean": 0.0396343432367,
        "dmean2": 0.0555418804288,
        "dvar": 0.00223608245142,
        "dvar2": 0.003601557808,
        "max": 0.657097876072,
        "mean": 0.213946387172,
        "median": 0.184499293566,
        "min": 0.0366089530289,
        "var": 0.0139453485608
    },
    "melbands_kurtosis": {
        "dmean": 26.0836486816,
        "dmean2": 36.7171096802,
        "dvar": 5955.45410156,
        "dvar2": 11054.2568359,
        "max": 1588.15222168,
        "mean": 46.0972747803,
        "median": 8.93699264526,
        "min": -1.56821322441,
        "var": 16804.5917969
    },
    "melbands_skewness": {
        "dmean": 1.20898604393,
        "dmean2": 1.69662106037,
        "dvar": 2.99434518814,
        "dvar2": 4.83189964294,
        "max": 32.0905036926,
        "mean": 3.73847198486,
        "median": 2.51144766808,
        "min": -1.15147101879,
        "var": 16.7390155792
    },
    "melbands_spread": {
        "dmean": 8.82745456696,
        "dmean2": 13.6865215302,
        "dvar": 167.594650269,
        "dvar2": 380.782867432,
        "max": 199.712051392,
        "mean": 24.244304657,
        "median": 20.0709533691,
        "min": 0.134557142854,
        "var": 405.092803955
    },
    "pitch_salience": {
        "dmean": 0.0859230533242,
        "dmean2": 0.135741457343,
        "dvar": 0.0101938499138,
        "dvar2": 0.022257855162,
        "max": 0.86474776268,
        "mean": 0.492073446512,
        "median": 0.524569869041,
        "min": 0.0476714074612,
        "var": 0.0350773259997
    },
    "silence_rate_20dB": {
        "dmean": 0,
        "dmean2": 0,
        "dvar": 0,
        "dvar2": 0,
        "max": 1,
        "mean": 1,
        "median": 1,
        "min": 1,
        "var": 0
    },
    "silence_rate_30dB": {
        "dmean": 0.0332817323506,
        "dmean2": 0.0665892362595,
        "dvar": 0.0321729257703,
        "dvar2": 0.0644818842411,
        "max": 1,
        "mean": 0.870406210423,
        "median": 1,
        "min": 0,
        "var": 0.112793549895
    },
    "silence_rate_60dB": {
        "dmean": 0.0100619196892,
        "dmean2": 0.0201316289604,
        "dvar": 0.00996056012809,
        "dvar2": 0.0274685528129,
        "max": 1,
        "mean": 0.0158607345074,
        "median": 0,
        "min": 0,
        "var": 0.0156093733385
    },
    "spectral_centroid": {
        "dmean": 303.307617188,
        "dmean2": 452.653411865,
        "dvar": 126595.46875,
        "dvar2": 253052.0625,
        "max": 3632.92163086,
        "mean": 1398.9420166,
        "median": 1278.54431152,
        "min": 107.372795105,
        "var": 563732.625
    },
    "spectral_complexity": {
        "dmean": 5.52244567871,
        "dmean2": 7.99612855911,
        "dvar": 52.667339325,
        "dvar2": 90.9208297729,
        "max": 61,
        "mean": 18.377948761,
        "median": 15,
        "min": 0,
        "var": 141.339431763
    },
    "spectral_decrease": {
        "dmean": 4.63373561743e-09,
        "dmean2": 6.89860302217e-09,
        "dvar": 6.63546817336e-17,
        "dvar2": 1.25810187467e-16,
        "max": -5.53977030264e-14,
        "mean": -1.25827579467e-08,
        "median": -5.49368861513e-09,
        "min": -8.16884764276e-08,
        "var": 3.01633117668e-16
    },
    "spectral_energy": {
        "dmean": 0.0181282050908,
        "dmean2": 0.0270536374301,
        "dvar": 0.000962903723121,
        "dvar2": 0.00183098216075,
        "max": 0.312357783318,
        "mean": 0.0496817976236,
        "median": 0.0221313182265,
        "min": 2.3048160358e-07,
        "var": 0.00435692816973
    },
    "spectral_energyband_high": {
        "dmean": 0.00116364262067,
        "dmean2": 0.0016883687349,
        "dvar": 6.75750516166e-06,
        "dvar2": 1.52744087245e-05,
        "max": 0.0221622698009,
        "mean": 0.0014851228334,
        "median": 0.000410838634707,
        "min": 1.57867816597e-08,
        "var": 9.1116889962e-06
    },
    "spectral_energyband_low": {
        "dmean": 0.01546595525,
        "dmean2": 0.0235061552376,
        "dvar": 0.00111681607086,
        "dvar2": 0.00234021036886,
        "max": 0.300697505474,
        "mean": 0.0347873941064,
        "median": 0.00785550009459,
        "min": 1.31252747337e-07,
        "var": 0.00426747696474
    },
    "spectral_energyband_middle_high": {
        "dmean": 0.00236740987748,
        "dmean2": 0.00375230191275,
        "dvar": 1.60594081535e-05,
        "dvar2": 3.79477496608e-05,
        "max": 0.0384395569563,
        "mean": 0.00481781363487,
        "median": 0.0031394448597,
        "min": 5.92157327617e-08,
        "var": 2.75652710116e-05
    },
    "spectral_energyband_middle_low": {
        "dmean": 0.006215299014,
        "dmean2": 0.0107635231689,
        "dvar": 0.000290905649308,
        "dvar2": 0.000831341778394,
        "max": 0.167539596558,
        "mean": 0.00936926528811,
        "median": 0.00614043977112,
        "min": 7.98574628647e-09,
        "var": 0.000194115404156
    },
    "spectral_entropy": {
        "dmean": 0.225553736091,
        "dmean2": 0.325059771538,
        "dvar": 0.0676651522517,
        "dvar2": 0.123242199421,
        "max": 8.62884998322,
        "mean": 7.65717315674,
        "median": 7.73587751389,
        "min": 5.74441623688,
        "var": 0.260133564472
    },
    "spectral_flux": {
        "dmean": 0.0384235978127,
        "dmean2": 0.0553952008486,
        "dvar": 0.00290900073014,
        "dvar2": 0.00465446105227,
        "max": 0.585408568382,
        "mean": 0.102834023535,
        "median": 0.0777037963271,
        "min": 0.00116470630746,
        "var": 0.00698483921587
    },
    "spectral_kurtosis": {
        "dmean": 1.66862761974,
        "dmean2": 2.68866562843,
        "dvar": 4.48677682877,
        "dvar2": 10.6835250854,
        "max": 22.1152667999,
        "mean": 3.12569785118,
        "median": 2.30254507065,
        "min": -1.44297075272,
        "var": 9.19428539276
    },
    "spectral_rms": {
        "dmean": 0.00116712017916,
        "dmean2": 0.00173618621193,
        "dvar": 2.4648645649e-06,
        "dvar2": 4.4745897867e-06,
        "max": 0.0174567848444,
        "mean": 0.00592170376331,
        "median": 0.00464666867629,
        "min": 1.49953357322e-05,
        "var": 1.34033180075e-05
    },
    "spectral_rolloff": {
        "dmean": 672.172668457,
        "dmean2": 1089.99768066,
        "dvar": 1406078.375,
        "dvar2": 2899314,
        "max": 9646.875,
        "mean": 1585.84423828,
        "median": 990.52734375,
        "min": 64.599609375,
        "var": 2854536.25
    },
    "spectral_skewness": {
        "dmean": 0.258928060532,
        "dmean2": 0.388397306204,
        "dvar": 0.0838603526354,
        "dvar2": 0.17281357944,
        "max": 3.64935541153,
        "mean": 1.38872480392,
        "median": 1.2989615202,
        "min": -0.178192675114,
        "var": 0.282638788223
    },
    "spectral_spread": {
        "dmean": 655985.6875,
        "dmean2": 936550.25,
        "dvar": 529108992000,
        "dvar2": 983230840832,
        "max": 13681829,
        "mean": 4737478,
        "median": 4647542,
        "min": 1914837.5,
        "var": 1.78566070272e+12
    },
    "spectral_strongpeak": {
        "dmean": 0.489620536566,
        "dmean2": 0.828406453133,
        "dvar": 0.650092422962,
        "dvar2": 1.68237960339,
        "max": 8.98116874695,
        "mean": 0.827913165092,
        "median": 0.494207054377,
        "min": 0,
        "var": 0.922130286694
    },
    "zerocrossingrate": {
        "dmean": 0.0140329841524,
        "dmean2": 0.0155204627663,
        "dvar": 0.000260271423031,
        "dvar2": 0.00028942420613,
        "max": 0.27490234375,
        "mean": 0.0615534707904,
        "median": 0.05615234375,
        "min": 0.001953125,
        "var": 0.00181058060843
    },
    "barkbands": {
        "dmean": [0.0010292166844, 0.0140407253057, 0.00288303778507, 0.00157340243459, 0.00289989775047, 0.00103525014129, 0.000793820305262, 0.00092221115483, 0.000710247259121, 0.000541989924386, 0.000337537378073, 0.000363988016034, 0.000423469464295, 0.000475383247249, 0.000401556724682, 0.00034953514114, 0.000208860699786, 0.000200532682356, 0.000227595723118, 0.000176245506736, 0.0002066885354, 0.000216328407987, 0.000235074418015, 0.000354241812602, 0.000112941990665, 9.1652097467e-08, 5.53163292949e-09],
        "dmean2": [0.000933680217713, 0.0221370775253, 0.00496679451317, 0.00289889634587, 0.00520923174918, 0.00174011522904, 0.00134386715945, 0.00152862712275, 0.00107632286381, 0.000896287965588, 0.000555364764296, 0.000587197544519, 0.000670165056363, 0.000783884373959, 0.000647174660116, 0.000578010571189, 0.00035063890391, 0.000318655336741, 0.000373942544684, 0.000288324285066, 0.000320496998029, 0.000315963930916, 0.000355777621735, 0.000540241017006, 0.000169868246303, 1.46002363977e-07, 1.06133386524e-08],
        "dvar": [6.33603895039e-06, 0.00101767701562, 0.000122715704492, 3.73720395146e-05, 7.56753142923e-05, 8.54259906191e-06, 2.61244713329e-06, 4.01314264309e-06, 1.93152345673e-06, 1.07814457806e-06, 7.78778201038e-07, 4.33902442865e-07, 8.70514384133e-07, 1.00462830233e-06, 7.40889163353e-07, 4.65486607482e-07, 1.69892061308e-07, 1.29200145693e-07, 2.88745184207e-07, 1.21302747402e-07, 2.4342426741e-07, 2.62634245018e-07, 2.26576062801e-07, 7.20501247997e-07, 7.68183525679e-08, 4.88177274755e-14, 1.269450078e-15],
        "dvar2": [3.22756886817e-06, 0.00232152454555, 0.000349198147887, 0.000109727778181, 0.000218342611333, 2.35865536524e-05, 6.98881422068e-06, 1.07353507701e-05, 4.26492533734e-06, 2.9379677926e-06, 1.99564851755e-06, 1.01860462109e-06, 1.9287779196e-06, 2.53207235801e-06, 1.75525303803e-06, 1.20824506666e-06, 4.52758968095e-07, 3.07717300529e-07, 7.53233109663e-07, 3.06446366949e-07, 5.78383435368e-07, 5.7589249991e-07, 4.83941732909e-07, 1.6950978079e-06, 1.76941640007e-07, 1.13242531671e-13, 3.76122354426e-15],
        "max": [0.0364209525287, 0.273004710674, 0.104064434767, 0.0545480772853, 0.0902760848403, 0.0306468605995, 0.0235453471541, 0.0441497974098, 0.02037120983, 0.0204288549721, 0.00957167055458, 0.0119142904878, 0.0183604527265, 0.018290894106, 0.0142007209361, 0.00890890229493, 0.00456269085407, 0.00489391759038, 0.00595973385498, 0.00290079973638, 0.00442605046555, 0.00543341552839, 0.00431161792949, 0.0085123218596, 0.00269593042322, 2.6016098218e-06, 6.49700382382e-07],
        "mean": [0.00254702288657, 0.0285956021398, 0.00296960840933, 0.00140036107041, 0.00309200771153, 0.00116829259787, 0.00114359159488, 0.00123373663519, 0.0011329135159, 0.000772421772126, 0.000339024612913, 0.000512805418111, 0.000572144344915, 0.000674154376611, 0.00056407682132, 0.000499202869833, 0.000283975183265, 0.000305620371364, 0.000285562855424, 0.000215843014303, 0.000246884155786, 0.000270254269708, 0.00031644909177, 0.000413116445998, 0.000126959814224, 9.59759134389e-08, 3.4633456103e-09],
        "median": [0.000120426906506, 0.00518169254065, 0.00109998171683, 0.000481293245684, 0.00114469393156, 0.00037850975059, 0.000373842631234, 0.000491691112984, 0.000308314542053, 0.000285369867925, 7.95829910203e-05, 0.000227052747505, 0.000167175690876, 0.000288162642391, 0.000204428622965, 0.000164221099112, 8.91278905328e-05, 0.000128817075165, 0.000115323149657, 7.5382515206e-05, 7.02578327036e-05, 6.95134804118e-05, 8.30835488159e-05, 8.04389856057e-05, 2.1663519874e-05, 1.5889778382e-08, 4.08759831538e-10],
        "min": [4.16134771086e-09, 1.01961774135e-07, 3.15063708456e-09, 1.67803326789e-10, 1.07904282731e-10, 1.36080008373e-10, 1.03512232119e-09, 7.12107595113e-10, 5.32733546166e-09, 1.11562115102e-09, 1.51006906979e-09, 2.70527777957e-09, 3.47025630454e-09, 5.34014965581e-09, 4.75359440699e-09, 9.60198054401e-09, 1.70892022755e-09, 6.06858163721e-09, 3.69674690859e-09, 4.35427027767e-09, 4.73759609321e-09, 3.93260224385e-09, 2.93427682152e-09, 1.1959848667e-09, 3.86426168841e-10, 5.58681746698e-12, 6.10360590195e-12],
        "var": [4.83981239086e-05, 0.00325445178896, 7.44827630115e-05, 2.03337003768e-05, 4.65766897833e-05, 7.81097787694e-06, 5.16054751643e-06, 5.34058517587e-06, 4.51725691164e-06, 1.76833589194e-06, 7.32863782105e-07, 7.48479180857e-07, 1.87426019238e-06, 1.38507982683e-06, 1.04622802155e-06, 7.65958247939e-07, 2.40759533199e-07, 2.02153628948e-07, 2.56615294347e-07, 1.28805936583e-07, 2.78470821513e-07, 3.54029225491e-07, 3.58138947831e-07, 8.77288300671e-07, 9.16870490641e-08, 5.43508888882e-14, 6.6791793086e-16]
    },
    "erbbands": {
        "dmean": [0.509348094463, 3.1729195118, 3.95157623291, 4.26073169708, 7.57353782654, 9.60255908966, 9.92510795593, 9.11109638214, 10.4995746613, 16.2873859406, 16.1615180969, 15.9773950577, 16.8597831726, 12.9599018097, 15.0525894165, 12.9451036453, 19.5306110382, 18.2946720123, 25.4511508942, 17.4320373535, 17.0452823639, 11.5955352783, 11.2194395065, 10.2739629745, 11.5087480545, 8.2954158783, 8.6482963562, 7.87565612793, 8.27253818512, 6.98781633377, 6.75024652481, 6.62995862961, 5.97121572495, 2.52550125122, 0.219898611307, 0.0096372179687, 0.00047344394261, 6.15038370597e-05, 1.97720073629e-05, 2.34109265875e-05],
        "dmean2": [0.678507685661, 5.23191833496, 6.77035856247, 7.74326944351, 13.7402248383, 17.2885570526, 17.8055229187, 14.4532518387, 17.521692276, 27.337934494, 26.5888690948, 24.5581798553, 26.869474411, 21.1867523193, 24.2390193939, 20.5020446777, 30.5247497559, 30.0164909363, 41.061252594, 28.4236316681, 27.8344345093, 19.2517700195, 18.0621414185, 16.4100799561, 18.9729270935, 13.4285869598, 13.9812307358, 11.8481435776, 12.242732048, 10.2433757782, 10.0492372513, 10.2696628571, 9.10398864746, 3.81643009186, 0.349127680063, 0.0152731686831, 0.000728102109861, 9.31675531319e-05, 2.93786033581e-05, 3.47652021446e-05],
        "dvar": [1.41290438175, 61.2354011536, 186.850830078, 310.717773438, 474.496520996, 900.52166748, 1179.07055664, 511.21081543, 396.212463379, 1524.10192871, 843.070129395, 978.202331543, 1239.64624023, 641.921447754, 1221.15124512, 599.013183594, 2108.96337891, 1109.41760254, 2764.23364258, 1038.76708984, 1231.85583496, 530.30847168, 416.176330566, 461.151794434, 722.849975586, 256.889038086, 427.827728271, 357.44317627, 418.536865234, 259.538421631, 168.457290649, 181.112976074, 241.241043091, 41.4337158203, 0.368874818087, 0.000711008615326, 1.52861287006e-06, 2.32806165457e-08, 1.30410104937e-09, 1.2713552433e-09],
        "dvar2": [2.17879891396, 155.877929688, 509.349121094, 905.58001709, 1370.80444336, 2593.02270508, 3426.75756836, 1262.35327148, 1038.36486816, 4051.56689453, 2252.6105957, 2123.19970703, 3091.76660156, 1589.38244629, 3007.1706543, 1336.80603027, 4570.85595703, 2767.08300781, 6976.5, 2439.62939453, 3212, 1409.74853516, 1050.82885742, 1148.78662109, 1854.70751953, 645.987487793, 1086.30871582, 824.674987793, 916.025146484, 581.300231934, 346.681274414, 409.801116943, 571.03515625, 96.7013168335, 0.954608380795, 0.00183924066368, 3.8122504975e-06, 5.65915989625e-08, 3.06955860729e-09, 2.53441378995e-09],
        "max": [14.5755205154, 70.006652832, 124.609313965, 171.266860962, 209.291778564, 317.677490234, 375.056793213, 374.298950195, 254.911026001, 557.693969727, 527.778991699, 496.019592285, 739.8828125, 548.144287109, 494.669494629, 413.306732178, 1022.66619873, 511.155609131, 862.609741211, 541.56628418, 597.063049316, 262.10546875, 244.01991272, 235.803085327, 271.792205811, 137.957595825, 163.961105347, 169.619613647, 218.734344482, 176.499298096, 107.276428223, 123.708023071, 161.829788208, 63.9263839722, 7.26154518127, 0.319013595581, 0.0137737449259, 0.0015653463779, 0.000354988791514, 0.000343503896147],
        "mean": [1.25889337063, 4.57512187958, 4.40840625763, 4.19115304947, 7.35024690628, 9.83632946014, 9.82760047913, 11.6598682404, 15.9401111603, 22.2063465118, 22.8719806671, 25.7356948853, 27.2318725586, 18.1888084412, 18.3723773956, 19.1777667999, 27.2446269989, 26.7104606628, 39.2542724609, 26.3247432709, 25.5239143372, 16.9392356873, 16.7070789337, 14.8140296936, 13.9098825455, 10.2789173126, 9.8116350174, 9.72508525848, 9.92065811157, 9.53915786743, 8.90499591827, 8.1406621933, 6.719643116, 2.81715488434, 0.234310865402, 0.0103268027306, 0.000536280858796, 7.18125374988e-05, 3.90620843973e-05, 6.09539711149e-05],
        "median": [0.133927464485, 1.095656991, 1.55584192276, 1.61813211441, 2.28106999397, 3.20959186554, 2.82073664665, 3.92017102242, 6.6455373764, 7.8110537529, 10.7557468414, 7.85101222992, 10.8128004074, 6.9443397522, 6.98483371735, 8.32866191864, 8.4111366272, 13.0769414902, 18.4587898254, 11.1205196381, 8.74518489838, 6.33120250702, 7.26418733597, 6.53787517548, 5.4547662735, 3.77566838264, 2.93544626236, 2.46728873253, 2.46816325188, 2.41947722435, 2.37517762184, 1.86511838436, 1.16587805748, 0.467998802662, 0.038914680481, 0.0017502096016, 0.000110334403871, 1.58595539688e-05, 1.87433033716e-05, 2.89204836008e-05],
        "min": [4.49077970188e-06, 1.67741964106e-05, 9.20426009543e-06, 1.58325519806e-06, 5.21949800714e-07, 2.99517239455e-07, 1.26346478169e-07, 2.06331333175e-06, 1.72546278918e-05, 7.18352703188e-06, 2.58858817688e-05, 0.000136434464366, 6.71944289934e-05, 4.63035285065e-05, 7.09420564817e-05, 0.000126381914015, 0.000164300916367, 0.000187348923646, 0.000312298187055, 0.00038638987462, 0.000471717037726, 0.000286424125079, 0.00044147061999, 0.000221036927542, 0.000192417210201, 0.00018179336621, 0.000268181902356, 0.000133634297526, 0.000152926833834, 8.7463442469e-05, 9.22074323171e-05, 3.97809126298e-05, 1.55366833496e-05, 7.13862254997e-06, 7.69514599597e-07, 4.70603929159e-08, 1.39179769931e-08, 4.41799796747e-09, 1.05423825225e-09, 3.93684335132e-10],
        "var": [8.8250246048, 81.2389831543, 129.988677979, 172.156082153, 294.101318359, 564.547546387, 695.493835449, 719.512329102, 612.345153809, 2346.26757812, 1197.00671387, 2130.83203125, 2323.3605957, 1091.94152832, 1287.71691895, 1025.22473145, 4706.16601562, 1647.08825684, 4629.54003906, 1725.21374512, 2243.38500977, 754.62512207, 591.324645996, 545.137390137, 641.156494141, 280.707336426, 414.86340332, 447.051055908, 526.940734863, 393.816772461, 270.28616333, 261.226074219, 272.167541504, 48.1051940918, 0.349729448557, 0.000675895891618, 1.59633998464e-06, 2.59885553078e-08, 2.26629381928e-09, 5.34321298318e-09]
    },
    "gfcc": {
        "mean": [-15.9021310806, 109.340751648, -135.82901001, 55.8624153137, -70.4102783203, 34.6868247986, -37.6767349243, 8.10949707031, -1.91752481461, -10.9801654816, 6.72258138657, -20.1543140411, 5.1248216629],
        "cov": [[4696.78271484, -1093.54309082, -255.820266724, 228.541885376, -589.681030273, 187.651031494, -413.706756592, 36.2278251648, -424.718688965, 84.1876144409, -242.966690063, 118.621047974, -33.6999397278], [-1093.54309082, 1625.68615723, 723.186645508, -150.688568115, 414.289520264, -173.713821411, 232.07611084, -127.4790802, 167.555343628, -134.240951538, 199.801605225, -126.030136108, 36.0232200623], [-255.820266724, 723.186645508, 1207.77783203, 269.357940674, 287.171447754, 128.938919067, 194.035766602, 4.89658021927, 98.5478210449, 20.2747440338, 127.180168152, -8.72597503662, 47.847076416], [228.541885376, -150.688568115, 269.357940674, 390.351623535, 198.552520752, 129.570053101, 81.4260025024, 39.2016372681, 53.2718849182, 71.3939361572, 10.046374321, 56.7788238525, 42.5335769653], [-589.681030273, 414.289520264, 287.171447754, 198.552520752, 649.93157959, 153.184249878, 264.750518799, 3.17320156097, 187.725784302, -0.21522115171, 137.43737793, 1.04079854488, 72.6134719849], [187.651031494, -173.713821411, 128.938919067, 129.570053101, 153.184249878, 241.145202637, 124.008964539, 55.3471260071, 26.358833313, 45.1500930786, 23.8255329132, 31.6403713226, 11.2626132965], [-413.706756592, 232.07611084, 194.035766602, 81.4260025024, 264.750518799, 124.008964539, 281.425506592, 68.0453720093, 136.292419434, 17.9818019867, 107.990081787, 11.1281490326, 44.0392990112], [36.2278251648, -127.4790802, 4.89658021927, 39.2016372681, 3.17320156097, 55.3471260071, 68.0453720093, 156.729949951, 61.4316520691, 28.3132972717, 4.78402328491, 9.26565074921, 4.14174842834], [-424.718688965, 167.555343628, 98.5478210449, 53.2718849182, 187.725784302, 26.358833313, 136.292419434, 61.4316520691, 189.053237915, 43.873966217, 86.2413330078, 8.76704788208, 36.2937049866], [84.1876144409, -134.240951538, 20.2747440338, 71.3939361572, -0.21522115171, 45.1500930786, 17.9818019867, 28.3132972717, 43.873966217, 107.981124878, 35.8994255066, 35.2888717651, 17.0433101654], [-242.966690063, 199.801605225, 127.180168152, 10.046374321, 137.43737793, 23.8255329132, 107.990081787, 4.78402328491, 86.2413330078, 35.8994255066, 137.428146362, 31.3780536652, 28.977519989], [118.621047974, -126.030136108, -8.72597503662, 56.7788238525, 1.04079854488, 31.6403713226, 11.1281490326, 9.26565074921, 8.76704788208, 35.2888717651, 31.3780536652, 90.7949142456, 45.429901123], [-33.6999397278, 36.0232200623, 47.847076416, 42.5335769653, 72.6134719849, 11.2626132965, 44.0392990112, 4.14174842834, 36.2937049866, 17.0433101654, 28.977519989, 45.429901123, 79.8748474121]],
        "icov": [[0.000390004250221, -0.000256814382738, 0.000218007990043, -0.000507741526235, 0.000360075704521, -0.000835926097352, 0.000708552484866, -0.000431647436926, 0.000703434459865, -0.000134387562866, -0.000177100591827, -6.33881572867e-05, -0.000348254485289], [-0.000256814382738, 0.00367161119357, -0.0022163852118, 0.00239601056091, -0.00172427273355, 0.00424873549491, -0.00249699107371, 0.00209123338573, -0.000951716094278, 0.00180661014747, -0.00139629724436, 0.00235585914925, -0.000262132991338], [0.000218007990043, -0.0022163852118, 0.00265219574794, -0.00277093611658, 0.00156397477258, -0.00321573321708, 0.00156933814287, -0.00102315295953, 0.000658870732877, -0.000138910734677, -0.00114042079076, 0.000496186024975, -0.000940436962992], [-0.000507741526235, 0.00239601056091, -0.00277093611658, 0.00770722609013, -0.00385782471858, 0.00351799395867, -0.00250995182432, 0.000943900085986, -0.000652385118883, -0.00290021859109, 0.00434176437557, -0.00328628416173, 0.00181617366616], [0.000360075704521, -0.00172427273355, 0.00156397477258, -0.00385782471858, 0.00602377951145, -0.00506321154535, 0.000888368056621, 0.00111584109254, -0.00244950852357, 0.00312656350434, -0.00315315532498, 0.00296300207265, -0.00335833942518], [-0.000835926097352, 0.00424873549491, -0.00321573321708, 0.00351799395867, -0.00506321154535, 0.0149700036272, -0.00811885297298, 0.000764460826758, 0.00219931849279, -0.00273486971855, 0.00275308080018, -0.00211381958798, 0.00450064241886], [0.000708552484866, -0.00249699107371, 0.00156933814287, -0.00250995182432, 0.000888368056621, -0.00811885297298, 0.0133319571614, -0.00413725338876, -0.00181414140388, 0.00245777424425, -0.00533179799095, 0.00191652553622, -0.00383321824484], [-0.000431647436926, 0.00209123338573, -0.00102315295953, 0.000943900085986, 0.00111584109254, 0.000764460826758, -0.00413725338876, 0.01133843977, -0.00563269434497, 0.00124058208894, 0.00150613137521, 0.00103090610355, 0.000717918621376], [0.000703434459865, -0.000951716094278, 0.000658870732877, -0.000652385118883, -0.00244950852357, 0.00219931849279, -0.00181414140388, -0.00563269434497, 0.0154871568084, -0.0061122556217, -0.00221661967225, 0.000639010802843, -0.00140442838892], [-0.000134387562866, 0.00180661014747, -0.000138910734677, -0.00290021859109, 0.00312656350434, -0.00273486971855, 0.00245777424425, 0.00124058208894, -0.0061122556217, 0.0188110191375, -0.00820762012154, 0.00248583685607, -0.00279276608489], [-0.000177100591827, -0.00139629724436, -0.00114042079076, 0.00434176437557, -0.00315315532498, 0.00275308080018, -0.00533179799095, 0.00150613137521, -0.00221661967225, -0.00820762012154, 0.0215504001826, -0.0120230857283, 0.00604465603828], [-6.33881572867e-05, 0.00235585914925, 0.000496186024975, -0.00328628416173, 0.00296300207265, -0.00211381958798, 0.00191652553622, 0.00103090610355, 0.000639010802843, 0.00248583685607, -0.0120230857283, 0.02762000449, -0.0153104290366], [-0.000348254485289, -0.000262132991338, -0.000940436962992, 0.00181617366616, -0.00335833942518, 0.00450064241886, -0.00383321824484, 0.000717918621376, -0.00140442838892, -0.00279276608489, 0.00604465603828, -0.0153104290366, 0.0243309140205]]
    },
    "melbands": {
        "dmean": [0.00406348798424, 0.00275630620308, 0.000813162652776, 0.000624021748081, 0.00037783611333, 0.000199608810362, 0.000157433110871, 0.000193570114789, 0.000122118624859, 0.000105451086711, 8.66378541104e-05, 5.65935079067e-05, 5.14627681696e-05, 4.2593193939e-05, 4.12727167713e-05, 4.06829713029e-05, 3.65308551409e-05, 4.59327893623e-05, 2.83782319457e-05, 2.45709416049e-05, 1.98065226868e-05, 1.28493857119e-05, 1.0826441212e-05, 1.00539482446e-05, 8.55709549796e-06, 9.16525550565e-06, 7.28172562958e-06, 5.36698507858e-06, 5.6763728935e-06, 4.66165965918e-06, 4.68341022497e-06, 4.75334172734e-06, 4.14871328758e-06, 4.16336933995e-06, 4.13611314798e-06, 3.48069625034e-06, 4.46293324785e-06, 4.43889575763e-06, 3.38618906426e-06, 1.81847883596e-06],
        "dmean2": [0.00607439642772, 0.00460674706846, 0.00147304194979, 0.00112592522055, 0.000677887641359, 0.000322390988003, 0.000264424103079, 0.000324968306813, 0.000201491900953, 0.000159856223036, 0.000138544186484, 9.2713678896e-05, 8.41380242491e-05, 6.8885688961e-05, 6.53922106721e-05, 6.43806270091e-05, 6.05944442214e-05, 7.46519799577e-05, 4.52801650681e-05, 4.09703643527e-05, 3.25666005665e-05, 2.14393567148e-05, 1.7701600882e-05, 1.62556807481e-05, 1.37825381898e-05, 1.53966557264e-05, 1.20878794405e-05, 8.73867247719e-06, 9.41466350923e-06, 7.41294479667e-06, 7.13578765499e-06, 7.24834262655e-06, 6.02912268732e-06, 6.39345989839e-06, 6.20875789537e-06, 5.31590831088e-06, 7.06171704223e-06, 6.84225869918e-06, 5.20165849593e-06, 2.85430382974e-06],
        "dvar": [8.33138183225e-05, 5.95816018176e-05, 9.66090829024e-06, 3.32223817168e-06, 1.66199833984e-06, 2.52633668651e-07, 9.16630327197e-08, 2.05119249586e-07, 5.01811072695e-08, 3.96709332051e-08, 3.18089057316e-08, 1.13845493033e-08, 1.78362569159e-08, 6.68930555392e-09, 8.91099549705e-09, 6.81842493577e-09, 4.79986983493e-09, 9.8823456085e-09, 3.95263066721e-09, 2.20908091819e-09, 1.9575481236e-09, 6.17999096342e-10, 5.13060427476e-10, 3.44220985049e-10, 3.20684201416e-10, 5.19155940459e-10, 2.13840431473e-10, 1.03786049199e-10, 1.89456894617e-10, 1.20217863442e-10, 1.23809615338e-10, 1.31198302222e-10, 1.00973687744e-10, 9.4917886051e-11, 6.72135611057e-11, 3.69741355588e-11, 9.36620919711e-11, 1.27145405315e-10, 8.48760089989e-11, 2.24199929455e-11],
        "dvar2": [0.000166241370607, 0.000151089843712, 2.80642943835e-05, 9.5614223028e-06, 4.81858705825e-06, 6.48091486255e-07, 2.39340806729e-07, 5.44195586372e-07, 1.30070787918e-07, 8.59605009396e-08, 7.97692862875e-08, 2.89747195126e-08, 4.52121007299e-08, 1.54552868281e-08, 2.13234354618e-08, 1.49029553143e-08, 1.22372751932e-08, 2.48184832685e-08, 9.25307919175e-09, 5.60882051914e-09, 5.12070608139e-09, 1.626371815e-09, 1.31710220508e-09, 8.68329130821e-10, 7.95619403693e-10, 1.36539224371e-09, 5.36509781046e-10, 2.6280069787e-10, 4.88062035231e-10, 2.96965063651e-10, 2.80370865413e-10, 3.02689429077e-10, 2.02273225947e-10, 2.23783699904e-10, 1.37731062666e-10, 7.66505955929e-11, 2.20564191911e-10, 3.01664471181e-10, 1.95813282255e-10, 5.56273707653e-11],
        "max": [0.0928963497281, 0.0736027359962, 0.0287825465202, 0.0190753061324, 0.0135177886114, 0.0073960646987, 0.00410612672567, 0.00786637980491, 0.00352761079557, 0.00265619298443, 0.00373809784651, 0.00222533638589, 0.00124560703989, 0.00169261184055, 0.00167772104032, 0.00185819133185, 0.00108817650471, 0.0018562709447, 0.00116672052536, 0.000779117399361, 0.000882200431079, 0.000314451724989, 0.0004030711425, 0.000162211785209, 0.000230243094848, 0.000247911724728, 0.000127784762299, 8.8875865913e-05, 0.000120534699818, 0.000122113211546, 0.000104985745566, 0.000109764274384, 0.000125255653984, 0.000105917330075, 7.17379225534e-05, 5.78183353355e-05, 9.80587574304e-05, 0.000112592068035, 9.24835694605e-05, 5.20869216416e-05],
        "mean": [0.00926568731666, 0.00357488240115, 0.000810354482383, 0.000641650345642, 0.000379110133508, 0.000251400255365, 0.000239614659222, 0.000266526185442, 0.000168783561094, 0.000168798971572, 0.000137382303365, 7.81618291512e-05, 5.54298021598e-05, 5.93713957642e-05, 5.45732873434e-05, 5.58199863008e-05, 4.89882622787e-05, 6.88857180648e-05, 3.92830734199e-05, 3.44588661392e-05, 2.7892901926e-05, 1.7517921151e-05, 1.49182887981e-05, 1.44828345583e-05, 1.16665896712e-05, 1.07892456072e-05, 8.4991715994e-06, 6.43673229206e-06, 6.14792952547e-06, 5.49179003428e-06, 5.71840519115e-06, 5.41190411241e-06, 5.35596927875e-06, 5.50612458028e-06, 5.3052358453e-06, 4.57356281913e-06, 5.15377541888e-06, 4.93838433613e-06, 3.73103239326e-06, 1.9669730591e-06],
        "median": [0.0014165143948, 0.00119649351109, 0.000348250003299, 0.000208243451198, 0.000112426765554, 8.88028589543e-05, 9.52494956437e-05, 9.38654047786e-05, 7.61337141739e-05, 4.51355408586e-05, 5.2212337323e-05, 2.81684224319e-05, 1.69733102666e-05, 2.5665262001e-05, 1.48944864122e-05, 1.82216517715e-05, 2.1411005946e-05, 2.84178968286e-05, 1.36370435939e-05, 1.1977333088e-05, 8.1337921074e-06, 5.5911095842e-06, 5.68910354559e-06, 5.71270356886e-06, 5.01300837641e-06, 4.13015141021e-06, 3.08199014398e-06, 2.1926550744e-06, 1.7727628574e-06, 1.53999042141e-06, 1.29192085296e-06, 1.29166346596e-06, 1.2898328805e-06, 1.33587366236e-06, 1.34188371703e-06, 1.21272455544e-06, 1.06723564386e-06, 8.60708610162e-07, 6.03779710673e-07, 3.14028000048e-07],
        "min": [3.60457939053e-08, 1.08396127629e-08, 2.40476472069e-10, 2.91452660617e-11, 3.72488585115e-12, 5.32317592783e-11, 2.44828574081e-10, 8.95885032826e-11, 2.42489167634e-10, 8.97119767362e-10, 3.03391117784e-10, 1.68730640571e-10, 2.19349233221e-10, 2.53826598628e-10, 4.4502876384e-10, 2.74996192484e-10, 3.78093778508e-10, 5.90798965305e-10, 2.94796687061e-10, 7.07669756128e-10, 3.07507047603e-10, 1.17413898049e-10, 8.98254082227e-10, 1.85994983304e-10, 1.69670749672e-10, 1.42222775223e-10, 1.32719252255e-10, 1.16951739959e-10, 1.65233576821e-10, 1.23672336261e-10, 6.55465612343e-11, 9.09782943426e-11, 6.56055626491e-11, 4.20279713809e-11, 5.4383046677e-11, 4.07231540156e-11, 2.01270510675e-11, 1.1107240995e-11, 8.85247257443e-12, 5.24566631452e-12],
        "var": [0.000389814696973, 5.63683242945e-05, 5.4264019127e-06, 2.10311554838e-06, 9.989399814e-07, 3.18228273954e-07, 1.55537620117e-07, 2.97089684409e-07, 7.52857687303e-08, 9.12443738343e-08, 5.96027369681e-08, 2.02627603585e-08, 1.67435345588e-08, 1.18463443499e-08, 1.54858028623e-08, 1.49559031826e-08, 6.4881109374e-09, 1.66182108075e-08, 5.34322186496e-09, 3.44411676956e-09, 3.59939855699e-09, 9.46400957602e-10, 6.51409703956e-10, 4.7594650443e-10, 3.78890835373e-10, 4.268784215e-10, 2.12776268826e-10, 1.14900228221e-10, 1.71589964459e-10, 1.33202199271e-10, 1.58859217447e-10, 1.50236545426e-10, 1.53308962747e-10, 1.33788216616e-10, 1.04687591929e-10, 6.27448648594e-11, 1.19549245503e-10, 1.41010383925e-10, 9.64840499162e-11, 2.36240176726e-11]
    },
    "mfcc": {
        "mean": [-636.77911377, 107.296287537, 10.1390810013, 13.1717967987, 12.3667573929, 8.88851356506, 0.490988045931, 7.86504459381, 0.302170753479, 13.0501041412, 3.23830461502, 2.30006790161, -1.07392430305],
        "cov": [[5237.15136719, -1587.43286133, -154.450592041, -265.089233398, -300.356536865, -144.086837769, -144.985183716, -211.590682983, -76.193687439, -284.295501709, -131.901046753, -162.930236816, -104.939117432], [-1587.43286133, 1773.68615723, 375.568969727, 176.452636719, 203.5362854, 33.2148361206, 114.580299377, 66.6797866821, -92.7137374878, 125.51260376, 33.3345451355, -39.0923156738, -3.40251111984], [-154.450592041, 375.568969727, 857.469787598, 190.048370361, 101.01776886, 93.3879318237, 96.7081985474, 20.6345062256, 6.31828212738, 21.2377891541, 34.7002334595, 18.3439865112, 26.3765773773], [-265.089233398, 176.452636719, 190.048370361, 327.439178467, 196.228637695, 139.338943481, 71.7613525391, 52.2119483948, 72.6883468628, 35.4262313843, 25.7127571106, 54.0501022339, 57.8724975586], [-300.356536865, 203.5362854, 101.01776886, 196.228637695, 312.707244873, 177.498168945, 107.994110107, 85.1240539551, 53.825553894, 67.1804275513, 43.7810134888, 22.3845272064, 28.3867702484], [-144.086837769, 33.2148361206, 93.3879318237, 139.338943481, 177.498168945, 272.092376709, 137.901947021, 70.5761566162, 57.6248435974, 32.9510498047, 54.4154243469, 45.8490257263, 32.4776916504], [-144.985183716, 114.580299377, 96.7081985474, 71.7613525391, 107.994110107, 137.901947021, 183.146514893, 99.2437133789, 42.4511451721, 59.2120361328, 45.8711357117, 22.9120521545, 23.8486385345], [-211.590682983, 66.6797866821, 20.6345062256, 52.2119483948, 85.1240539551, 70.5761566162, 99.2437133789, 154.661331177, 66.4599609375, 68.1514129639, 41.0890655518, 31.8699970245, 29.1395721436], [-76.193687439, -92.7137374878, 6.31828212738, 72.6883468628, 53.825553894, 57.6248435974, 42.4511451721, 66.4599609375, 130.981414795, 46.7227363586, 23.9835948944, 39.4511375427, 36.1507949829], [-284.295501709, 125.51260376, 21.2377891541, 35.4262313843, 67.1804275513, 32.9510498047, 59.2120361328, 68.1514129639, 46.7227363586, 142.558563232, 56.5891609192, 27.7681007385, 25.1618080139], [-131.901046753, 33.3345451355, 34.7002334595, 25.7127571106, 43.7810134888, 54.4154243469, 45.8711357117, 41.0890655518, 23.9835948944, 56.5891609192, 91.5958786011, 40.9825897217, 16.3723106384], [-162.930236816, -39.0923156738, 18.3439865112, 54.0501022339, 22.3845272064, 45.8490257263, 22.9120521545, 31.8699970245, 39.4511375427, 27.7681007385, 40.9825897217, 104.139778137, 60.9722709656], [-104.939117432, -3.40251111984, 26.3765773773, 57.8724975586, 28.3867702484, 32.4776916504, 23.8486385345, 29.1395721436, 36.1507949829, 25.1618080139, 16.3723106384, 60.9722709656, 98.0231933594]],
