{
"lowlevel": {
    "average_loudness": 0.969267547131,
    "barkbands_crest": {
        "dmean": 3.21803355217,
        "dmean2": 5.34181070328,
        "dvar": 10.7663097382,
        "dvar2": 27.3077926636,
        "max": 24.9867172241,
        "mean": 8.57305240631,
        "median": 7.54290246964,
        "min": 2.32320523262,
        "var": 17.5863857269
    },
    "barkbands_flatness_db": {
        "dmean": 0.0213225968182,
        "dmean2": 0.034514978528,
        "dvar": 0.000508880009875,
        "dvar2": 0.00125545659102,
        "max": 0.366676151752,
        "mean": 0.12464286387,
        "median": 0.11524156481,
        "min": 0.0553111284971,
        "var": 0.00149517331738
    },
    "barkbands_kurtosis": {
        "dmean": 2.07080364227,
        "dmean2": 3.46721529961,
        "dvar": 52.707447052,
        "dvar2": 139.287826538,
        "max": 238.512573242,
        "mean": 0.99509704113,
        "median": -0.424039363861,
        "min": -1.91297960281,
        "var": 46.8264312744
    },
    "barkbands_skewness": {
        "dmean": 0.577764749527,
        "dmean2": 0.884029328823,
        "dvar": 0.56745493412,
        "dvar2": 1.27810108662,
        "max": 14.1107225418,
        "mean": 0.874942064285,
        "median": 0.738876879215,
        "min": -4.58024024963,
        "var": 1.07800531387
    },
    "barkbands_spread": {
        "dmean": 8.3766784668,
        "dmean2": 13.3477153778,
        "dvar": 86.5000762939,
        "dvar2": 219.296615601,
        "max": 113.522872925,
        "mean": 35.5709571838,
        "median": 35.1370544434,
        "min": 1.18853485584,
        "var": 230.098800659
    },
    "dissonance": {
        "dmean": 0.0128957852721,
        "dmean2": 0.021550917998,
        "dvar": 0.000185358207091,
        "dvar2": 0.000491843384225,
        "max": 0.500000119209,
        "mean": 0.47753188014,
        "median": 0.483620345592,
        "min": 0.367151021957,
        "var": 0.000402186298743
    },
    "dynamic_complexity": 2.15981221199,
    "erbbands_crest": {
        "dmean": 2.56421256065,
        "dmean2": 4.12163066864,
        "dvar": 6.57297277451,
        "dvar2": 16.0159358978,
        "max": 27.8356513977,
        "mean": 7.99299430847,
        "median": 6.50378513336,
        "min": 2.44998979568,
        "var": 21.126455307
    },
    "erbbands_flatness_db": {
        "dmean": 0.0154826035723,
        "dmean2": 0.0226961001754,
        "dvar": 0.000236614447203,
        "dvar2": 0.000456416542875,
        "max": 0.323010534048,
        "mean": 0.173583611846,
        "median": 0.170085445046,
        "min": 0.0872037112713,
        "var": 0.00110179942567
    },
    "erbbands_kurtosis": {
        "dmean": 0.831551015377,
        "dmean2": 1.28446280956,
        "dvar": 1.99060940742,
        "dvar2": 4.12579536438,
        "max": 29.0550270081,
        "mean": 0.0673024430871,
        "median": -0.471758365631,
        "min": -1.66578042507,
        "var": 3.93460273743
    },
    "erbbands_skewness": {
        "dmean": 0.365537554026,
        "dmean2": 0.551018416882,
        "dvar": 0.142269104719,
        "dvar2": 0.30156186223,
        "max": 3.27990531921,
        "mean": -0.140110358596,
        "median": -0.210354104638,
        "min": -4.62770080566,
        "var": 0.573003411293
    },
    "erbbands_spread": {
        "dmean": 8.8122882843,
        "dmean2": 13.4616336823,
        "dvar": 86.0307388306,
        "dvar2": 204.897613525,
        "max": 121.022659302,
        "mean": 42.8924636841,
        "median": 42.2024307251,
        "min": 4.25546979904,
        "var": 256.592010498
    },
    "hfc": {
        "dmean": 9.1141500473,
        "dmean2": 13.7156143188,
        "dvar": 112.062667847,
        "dvar2": 262.844818115,
        "max": 121.189178467,
        "mean": 31.4878253937,
        "median": 30.469745636,
        "min": 0.000170368395629,
        "var": 357.940307617
    },
    "melbands_crest": {
        "dmean": 3.99798226357,
        "dmean2": 6.52788352966,
        "dvar": 14.5848407745,
        "dvar2": 35.4473686218,
        "max": 33.9906730652,
        "mean": 12.6774168015,
        "median": 11.5867843628,
        "min": 3.27092790604,
        "var": 26.6641197205
    },
    "melbands_flatness_db": {
        "dmean": 0.0290999114513,
        "dmean2": 0.0442249402404,
        "dvar": 0.00103011052124,
        "dvar2": 0.00233443686739,
        "max": 0.444919407368,
        "mean": 0.135742470622,
        "median": 0.126356333494,
        "min": 0.0163203664124,
        "var": 0.00294213462621
    },
    "melbands_kurtosis": {
        "dmean": 6.98530101776,
        "dmean2": 11.4512987137,
        "dvar": 521.572265625,
        "dvar2": 1324.48242188,
        "max": 700.503295898,
        "mean": 8.39543437958,
        "median": 4.17625379562,
        "min": -1.91518986225,
        "var": 464.668884277
    },
    "melbands_skewness": {
        "dmean": 0.827288389206,
        "dmean2": 1.27204787731,
        "dvar": 1.33189356327,
        "dvar2": 3.05517911911,
        "max": 21.0682373047,
        "mean": 2.2227306366,
        "median": 2.00249481201,
        "min": -1.99229574203,
        "var": 2.25283741951
    },
    "melbands_spread": {
        "dmean": 13.3648233414,
        "dmean2": 20.5414505005,
        "dvar": 307.345489502,
        "dvar2": 623.29296875,
        "max": 303.425354004,
        "mean": 41.9435272217,
        "median": 38.0193824768,
        "min": 0.623259246349,
        "var": 675.504333496
    },
    "pitch_salience": {
        "dmean": 0.0800641998649,
        "dmean2": 0.130238264799,
        "dvar": 0.00658393325284,
        "dvar2": 0.0161323957145,
        "max": 0.823176681995,
        "mean": 0.585271716118,
        "median": 0.598875820637,
        "min": 0.102035418153,
        "var": 0.0128766251728
    },
    "silence_rate_20dB": {
        "dmean": 0,
        "dmean2": 0,
        "dvar": 0,
        "dvar2": 0,
        "max": 1,
        "mean": 1,
        "median": 1,
        "min": 1,
        "var": 0
    },
    "silence_rate_30dB": {
        "dmean": 0,
        "dmean2": 0,
        "dvar": 0,
        "dvar2": 0,
        "max": 1,
        "mean": 1,
        "median": 1,
        "min": 1,
        "var": 0
    },
    "silence_rate_60dB": {
        "dmean": 0.0232378002256,
        "dmean2": 0.0464936085045,
        "dvar": 0.0226987395436,
        "dvar2": 0.0513046123087,
        "max": 1,
        "mean": 0.0449090190232,
        "median": 0,
        "min": 0,
        "var": 0.0428910255432
    },
    "spectral_centroid": {
        "dmean": 331.724914551,
        "dmean2": 513.50201416,
        "dvar": 126439.023438,
        "dvar2": 273941.125,
        "max": 6280.00878906,
        "mean": 2060.70239258,
        "median": 2092.77832031,
        "min": 270.735717773,
        "var": 421200.5625
    },
    "spectral_complexity": {
        "dmean": 5.65685510635,
        "dmean2": 8.42619132996,
        "dvar": 33.4797096252,
        "dvar2": 66.6200866699,
        "max": 61,
        "mean": 29.5412311554,
        "median": 32,
        "min": 0,
        "var": 182.60597229
    },
    "spectral_decrease": {
        "dmean": 2.88742163512e-09,
        "dmean2": 4.54428583652e-09,
        "dvar": 1.64075923255e-17,
        "dvar2": 4.00257544466e-17,
        "max": -1.40413541051e-14,
        "mean": -6.54706955316e-09,
        "median": -5.7242099949e-09,
        "min": -2.90752026899e-08,
        "var": 2.1696277451e-17
    },
    "spectral_energy": {
        "dmean": 0.0114118978381,
        "dmean2": 0.0178443267941,
        "dvar": 0.000241258065216,
        "dvar2": 0.000586139503866,
        "max": 0.111149579287,
        "mean": 0.0275661516935,
        "median": 0.024912122637,
        "min": 6.84481094027e-08,
        "var": 0.000340233847965
    },
    "spectral_energyband_high": {
        "dmean": 0.000797533721197,
        "dmean2": 0.00122077006381,
        "dvar": 1.24314180994e-06,
        "dvar2": 2.76086780104e-06,
        "max": 0.0154849924147,
        "mean": 0.00206849398091,
        "median": 0.0017132590292,
        "min": 2.03863184112e-08,
        "var": 3.28232681568e-06
    },
    "spectral_energyband_low": {
        "dmean": 0.00692054349929,
        "dmean2": 0.0116094285622,
        "dvar": 0.000216692409595,
        "dvar2": 0.000552553450689,
        "max": 0.102654471993,
        "mean": 0.00871402490884,
        "median": 0.00535036670044,
        "min": 1.18545990802e-08,
        "var": 0.000183996089618
    },
    "spectral_energyband_middle_high": {
        "dmean": 0.00247996277176,
        "dmean2": 0.00371534842998,
        "dvar": 9.22956587601e-06,
        "dvar2": 2.04980697163e-05,
        "max": 0.0481140017509,
        "mean": 0.00743945268914,
        "median": 0.00606163870543,
        "min": 1.54099701888e-08,
        "var": 3.78022086807e-05
    },
    "spectral_energyband_middle_low": {
        "dmean": 0.00500954827294,
        "dmean2": 0.00783541239798,
        "dvar": 4.75826782349e-05,
        "dvar2": 0.000114489310363,
        "max": 0.0673302859068,
        "mean": 0.0103715956211,
        "median": 0.00759995169938,
        "min": 2.20321556554e-08,
        "var": 8.33560261526e-05
    },
    "spectral_entropy": {
        "dmean": 0.11744556576,
        "dmean2": 0.170521825552,
        "dvar": 0.0182552225888,
        "dvar2": 0.0362110584974,
        "max": 8.69571304321,
        "mean": 7.90173816681,
        "median": 7.94976711273,
        "min": 6.27972841263,
        "var": 0.0840090960264
    },
    "spectral_flux": {
        "dmean": 0.0305500254035,
        "dmean2": 0.0464157015085,
        "dvar": 0.00114188331645,
        "dvar2": 0.00223074527457,
        "max": 0.303678065538,
        "mean": 0.103879414499,
        "median": 0.0960670113564,
        "min": 0.000261625886196,
        "var": 0.00250590522774
    },
    "spectral_kurtosis": {
        "dmean": 0.991991579533,
        "dmean2": 1.69747698307,
        "dvar": 1.24881243706,
        "dvar2": 3.39749622345,
        "max": 13.4313907623,
        "mean": 1.47045397758,
        "median": 1.17303562164,
        "min": -1.10806417465,
        "var": 2.27892398834
    },
    "spectral_rms": {
        "dmean": 0.00100333814044,
        "dmean2": 0.00148767826613,
        "dvar": 1.37010681556e-06,
        "dvar2": 3.06362267111e-06,
        "max": 0.010413386859,
        "mean": 0.00487842550501,
        "median": 0.00492996070534,
        "min": 8.17181989987e-06,
        "var": 3.09479855787e-06
    },
    "spectral_rolloff": {
        "dmean": 891.728515625,
        "dmean2": 1396.02978516,
        "dvar": 1316043.25,
        "dvar2": 2813670,
        "max": 10142.1386719,
        "mean": 2719.08129883,
        "median": 2454.78515625,
        "min": 64.599609375,
        "var": 3202373
    },
    "spectral_skewness": {
        "dmean": 0.168822988868,
        "dmean2": 0.275591641665,
        "dvar": 0.0294206738472,
        "dvar2": 0.07476670295,
        "max": 2.84785699844,
        "mean": 0.821035861969,
        "median": 0.784520804882,
        "min": -0.276506066322,
        "var": 0.0861420109868
    },
    "spectral_spread": {
        "dmean": 412702.59375,
        "dmean2": 582956.6875,
        "dvar": 237777485824,
        "dvar2": 390361120768,
        "max": 15076511,
        "mean": 4252297.5,
        "median": 4081226.75,
        "min": 1793773,
        "var": 1.07987736986e+12
    },
    "spectral_strongpeak": {
        "dmean": 0.665751993656,
        "dmean2": 1.13266289234,
        "dvar": 1.17500662804,
        "dvar2": 2.97287487984,
        "max": 11.0690660477,
        "mean": 1.00445413589,
        "median": 0.44236344099,
        "min": 0,
        "var": 1.85475611687
    },
    "zerocrossingrate": {
        "dmean": 0.0149160278961,
        "dmean2": 0.0170448180288,
        "dvar": 0.000289257412078,
        "dvar2": 0.000343586463714,
        "max": 0.376953125,
        "mean": 0.0902195572853,
        "median": 0.08447265625,
        "min": 0.00390625,
        "var": 0.00168239267077
    },
    "barkbands": {
        "dmean": [0.000218772867811, 0.00580105604604, 0.00141417211853, 0.000793590734247, 0.00205053179525, 0.00149211473763, 0.00134284910746, 0.000631608243566, 0.000962580204941, 0.00100135977846, 0.000396717863623, 0.00026248182985, 0.000311696727294, 0.00033775556949, 0.000472845858894, 0.000473741238238, 0.000494280597195, 0.000429051549872, 0.000334034964908, 0.000301561696688, 0.00025173110771, 0.000235489293118, 0.000174800967216, 0.00015630661801, 4.96581415064e-05, 8.58853042018e-08, 6.862272528e-08],
        "dmean2": [0.000345175183611, 0.00997832417488, 0.0024421189446, 0.0013317320263, 0.00333605590276, 0.00249465974048, 0.00224242871627, 0.0010227112798, 0.00150982313789, 0.00151815218851, 0.000627649889793, 0.00042466976447, 0.000505702570081, 0.000550639233552, 0.00077736726962, 0.000743317999877, 0.000800711917691, 0.000678055395838, 0.000548308598809, 0.000493841886055, 0.000409775064327, 0.000381091318559, 0.000265261565801, 0.000237430547713, 7.11192551535e-05, 1.42570627304e-07, 1.26051688198e-07],
        "dvar": [2.15472496734e-07, 0.000187836834812, 5.14541352459e-06, 1.80237577752e-06, 1.83200390893e-05, 8.00828274805e-06, 1.03504471554e-05, 2.67285918198e-06, 3.92087667933e-06, 6.26243718216e-06, 9.27703752041e-07, 3.47074148976e-07, 5.38039898856e-07, 3.33295673727e-07, 1.04197931705e-06, 9.15168641313e-07, 7.55914868478e-07, 4.81067957026e-07, 2.06654988233e-07, 1.82316952646e-07, 1.22202493458e-07, 1.18711852792e-07, 7.367832211e-08, 1.44042303418e-07, 2.12927790955e-08, 5.68166729485e-14, 1.03564285782e-13],
        "dvar2": [4.93679124247e-07, 0.000491777376737, 1.44823134178e-05, 5.01681188325e-06, 4.41564188804e-05, 2.04037696676e-05, 2.61051391135e-05, 6.32761611996e-06, 8.589533536e-06, 1.30483931571e-05, 2.18417380893e-06, 8.1394892959e-07, 1.42372289247e-06, 8.20868365281e-07, 2.61586546912e-06, 2.17496517507e-06, 1.80280846962e-06, 1.12886414172e-06, 4.99933605624e-07, 4.67814629701e-07, 2.94989263239e-07, 2.94135446666e-07, 1.54742011205e-07, 3.05692083202e-07, 4.31769926479e-08, 1.52340013976e-13, 3.03919026447e-13],
        "max": [0.0040926951915, 0.0968508571386, 0.0218849219382, 0.0290538668633, 0.0471736267209, 0.0396883413196, 0.0384127572179, 0.0376376099885, 0.0342339091003, 0.042128469795, 0.0178470555693, 0.0113902557641, 0.0130898077041, 0.00844856351614, 0.0150466617197, 0.0130692403764, 0.014141057618, 0.0112670380622, 0.00730647332966, 0.00548284081742, 0.0040629543364, 0.00423796102405, 0.00535700237378, 0.00631054118276, 0.00292332214303, 4.01479701395e-06, 7.74177715357e-06],
        "mean": [0.000214108513319, 0.00585400918499, 0.00201672082767, 0.00113236228935, 0.00251745549031, 0.00210494780913, 0.00145252491347, 0.000891797652002, 0.00149711058475, 0.00177418941166, 0.000599271443207, 0.000407580722822, 0.000483241863549, 0.00052174954908, 0.000743622542359, 0.000718625669833, 0.000889334070962, 0.000790806720033, 0.000581906992011, 0.000612555711996, 0.000509951380081, 0.00048316345783, 0.000382613303373, 0.000310467963573, 7.59468166507e-05, 9.58457277989e-08, 4.6850693991e-08],
        "median": [4.77600115119e-05, 0.00253519508988, 0.0012777451193, 0.000740141666029, 0.00100747845136, 0.00119695893954, 0.000391967652831, 0.000380737357773, 0.00063773751026, 0.000359625322744, 0.000277295854175, 0.000215706124436, 0.000281590473605, 0.000328929250827, 0.000388181215385, 0.000380986573873, 0.000526986259501, 0.000459235394374, 0.000420516211307, 0.000498170498759, 0.000425269565312, 0.000374780851416, 0.000280737469438, 0.000153619475896, 2.1454439775e-05, 2.49921026096e-08, 2.38527819718e-09],
        "min": [3.14600706597e-10, 5.76307490618e-09, 4.64690197433e-09, 1.61162316825e-09, 1.63128677233e-10, 7.26462268119e-09, 5.38008348983e-09, 4.33490576768e-09, 3.10721826047e-09, 3.35863364898e-10, 1.64806368552e-09, 2.34025043788e-09, 2.49174791911e-10, 6.22126683503e-10, 2.48096987399e-09, 1.00391683855e-09, 6.69724942171e-10, 2.43667330757e-09, 2.55336107813e-09, 3.64431640421e-09, 4.01612165746e-09, 6.74459732508e-09, 4.67197125431e-09, 1.62779012491e-09, 3.73657389752e-11, 3.06710429623e-12, 3.04651226121e-12],
        "var": [2.18847674205e-07, 0.000141567681567, 5.83492692385e-06, 2.08007713809e-06, 1.94162239495e-05, 9.95731625153e-06, 1.13238365884e-05, 4.15939666709e-06, 8.30341923574e-06, 1.96495238924e-05, 1.38892619361e-06, 5.53886025045e-07, 6.38880067072e-07, 5.01058764257e-07, 1.61371497143e-06, 1.40344945976e-06, 1.54066606228e-06, 1.21722621316e-06, 3.65177953654e-07, 3.21922414059e-07, 2.09140964103e-07, 2.17701469296e-07, 1.79192511496e-07, 3.53795030605e-07, 4.39604974645e-08, 5.74700809402e-14, 5.63401593174e-14]
    },
    "erbbands": {
        "dmean": [0.175525426865, 1.29312074184, 1.8424757719, 2.01902747154, 4.97790765762, 7.45451021194, 8.29666805267, 13.8928470612, 20.5668983459, 14.5539112091, 13.5638618469, 22.6279087067, 28.458108902, 24.4682121277, 14.7910051346, 10.3810491562, 13.2511892319, 14.3759908676, 25.7125263214, 19.6416740417, 25.592218399, 26.2113952637, 22.6576538086, 19.4108257294, 14.9594211578, 14.2315673828, 12.1607666016, 8.91186904907, 8.79393386841, 6.72576951981, 4.84267902374, 3.31359219551, 2.63497376442, 1.02300262451, 0.0626996830106, 0.00290452549234, 0.000224958042963, 5.59252184757e-05, 1.80089300557e-05, 1.44930399983e-05],
        "dmean2": [0.296574473381, 2.2864048481, 3.24197912216, 3.3746240139, 8.04595088959, 12.459900856, 13.912730217, 23.2037982941, 34.2225875854, 23.4577598572, 21.0663280487, 35.3510704041, 42.8040275574, 37.4493598938, 23.2578830719, 16.609085083, 21.5261592865, 23.3069553375, 41.5502700806, 31.1679439545, 39.9978904724, 41.9313926697, 35.6657562256, 31.347442627, 24.3823757172, 23.2831192017, 20.2506713867, 14.3338251114, 14.337469101, 10.4551525116, 7.4545173645, 5.11167049408, 3.97634983063, 1.44886374474, 0.0901817455888, 0.00420442875475, 0.00034722845885, 9.36214637477e-05, 2.94130859402e-05, 2.24087634706e-05],
        "dvar": [0.173716247082, 9.55487155914, 12.0190610886, 9.12783622742, 98.4445724487, 273.964355469, 311.357116699, 739.845092773, 2667.296875, 1365.05773926, 1227.36889648, 2176.58496094, 4806.70800781, 4817.17529297, 883.669250488, 489.526489258, 954.256652832, 612.251098633, 3344.74243164, 1480.79150391, 2527.87060547, 2247.61914062, 1533.39709473, 679.754943848, 444.545562744, 426.500152588, 257.133361816, 178.733108521, 166.215393066, 94.3690414429, 70.4340896606, 49.622089386, 48.9744033813, 8.33493423462, 0.0558369383216, 0.000103961618152, 3.41923424685e-07, 3.91060233085e-08, 2.82727485867e-09, 3.44600986635e-10],
        "dvar2": [0.43712002039, 25.9463329315, 33.8812522888, 24.678647995, 229.580322266, 691.72479248, 740.404174805, 1942.39306641, 6712.14355469, 3241.04541016, 2713.46191406, 4709.30810547, 10001.6083984, 11035.9277344, 2145.5324707, 1088.86877441, 2506.46191406, 1503.51928711, 8165.44726562, 3660.10498047, 5857.00927734, 5309.77734375, 3479.08203125, 1600.87976074, 1103.16650391, 1080.96679688, 663.879638672, 421.806671143, 410.598175049, 230.075286865, 147.5884552, 113.640800476, 98.2541122437, 16.3890628815, 0.120010361075, 0.000219955021748, 8.02263514288e-07, 1.11851299778e-07, 8.10518852035e-09, 8.38773994705e-10],
        "max": [2.82460260391, 20.9113750458, 28.9144477844, 52.4579200745, 128.218185425, 184.634109497, 272.963775635, 387.115356445, 658.424682617, 801.573547363, 803.663085938, 1061.83276367, 1591.31469727, 1446.01489258, 568.4375, 511.162811279, 598.262023926, 393.25479126, 928.091369629, 741.134155273, 845.374389648, 894.66217041, 652.058349609, 366.090484619, 286.806793213, 319.461456299, 178.254455566, 154.480529785, 154.498794556, 148.436843872, 185.349060059, 134.014404297, 128.702819824, 50.6959991455, 4.91288614273, 0.215468376875, 0.00854449067265, 0.00462807202712, 0.00128814869095, 0.000171751744347],
        "mean": [0.171821519732, 1.2884144783, 2.40373849869, 3.41576123238, 6.28240585327, 8.23654651642, 11.0873212814, 19.1112174988, 22.8172779083, 18.9963760376, 20.1647853851, 36.60912323, 52.4701004028, 40.9812431335, 24.818780899, 17.8821964264, 22.4065265656, 24.6472320557, 41.7782211304, 34.0102424622, 43.4646263123, 49.201133728, 43.4726486206, 35.8257522583, 28.1816864014, 28.6777877808, 24.3430156708, 17.9073543549, 17.2155590057, 14.59998703, 10.4851350784, 6.92237234116, 4.96729230881, 1.67180764675, 0.0868877544999, 0.00421789940447, 0.000347338063875, 7.51113111619e-05, 3.36437333317e-05, 3.8472488086e-05],
        "median": [0.063961558044, 0.573437869549, 1.54300391674, 2.48304390907, 2.81056427956, 2.91361117363, 5.44117641449, 10.1862382889, 7.18398046494, 8.16355705261, 7.63581991196, 16.7899436951, 14.1711072922, 11.2254056931, 13.2423171997, 10.5313062668, 13.3856754303, 17.291683197, 24.1030673981, 18.8878002167, 24.2750473022, 29.9237384796, 25.2663135529, 25.1624507904, 21.9208850861, 23.313835144, 20.5948581696, 14.5837488174, 13.2526092529, 11.0849962234, 7.58849191666, 4.29086446762, 2.04056835175, 0.517801344395, 0.0159024801105, 0.000967220345046, 0.000135785419843, 3.3402160625e-05, 2.45917981374e-05, 3.62080936611e-05],
        "min": [1.48176695802e-07, 1.37118809107e-06, 5.00691385241e-06, 6.05219247518e-06, 2.19412186198e-06, 4.77072603644e-07, 9.64496939559e-06, 7.84104195191e-05, 9.47636217461e-05, 6.99735173839e-05, 9.54156421358e-05, 7.59413669584e-05, 2.71953922493e-05, 1.19311253002e-05, 0.000127315724967, 6.03723892709e-05, 1.51429740072e-05, 2.70354848908e-05, 0.000128799380036, 7.46738296584e-05, 5.95456258452e-05, 4.88930709253e-05, 9.03443724383e-05, 0.000170320927282, 0.000113952024549, 0.000135901573231, 0.000149226107169, 0.000212754719541, 0.000276616076007, 0.000119779280794, 0.000149972765939, 5.67416136619e-05, 3.19230130117e-05, 1.55383022502e-05, 4.80714277273e-07, 3.43374928491e-08, 5.63625413008e-09, 1.94744531612e-09, 5.90123616639e-10, 1.74305667122e-10],
        "var": [0.138983488083, 6.69483089447, 10.0903167725, 13.1712245941, 116.730361938, 253.764923096, 426.796905518, 851.20916748, 2630.62084961, 1925.04504395, 2583.6875, 4730.85351562, 16838.0292969, 13334.390625, 1542.55786133, 897.022949219, 1176.59570312, 901.417236328, 5196.41015625, 2743.10253906, 4235.07373047, 4652.33544922, 3736.82202148, 1409.39770508, 779.369140625, 766.290771484, 423.165008545, 299.545898438, 285.167999268, 201.501022339, 158.46534729, 104.159805298, 126.416641235, 18.6269607544, 0.0956148058176, 0.000186698525795, 5.69629605707e-07, 2.9217510189e-08, 2.11967488006e-09, 5.62706381491e-10]
    },
    "gfcc": {
        "mean": [11.047533989, 100.189376831, -158.499282837, 71.4137420654, -80.7242660522, 21.5081138611, -33.2212142944, -0.490204542875, -2.55471897125, -17.437335968, 3.80696797371, -16.6804714203, 5.21986818314],
        "cov": [[3297.83837891, -141.738937378, 10.9440097809, 154.260620117, 34.9624443054, 101.947059631, -17.0200939178, 84.310798645, -14.0869455338, 34.9507141113, -54.8552360535, 48.0619239807, 26.5997982025], [-141.738937378, 919.18145752, -45.1425666809, -18.1558208466, 290.029205322, -99.0132141113, 215.086608887, -119.675979614, 107.08405304, -70.0947036743, 58.6252250671, -63.0429534912, 12.5947599411], [10.9440097809, -45.1425666809, 435.679351807, 129.505386353, 19.1244773865, 105.80973053, -49.0827789307, 44.2632904053, -36.0515403748, 58.3103141785, 2.16072249413, -0.352494090796, -17.5246753693], [154.260620117, -18.1558208466, 129.505386353, 291.487213135, 157.041732788, 60.3262863159, 46.0111274719, 46.7608909607, 63.0425071716, 31.9262809753, 6.54570484161, 16.6316146851, -8.77120304108], [34.9624443054, 290.029205322, 19.1244773865, 157.041732788, 328.438964844, 74.4091033936, 143.714035034, 21.5179691315, 92.6045761108, -0.802501857281, 15.8283243179, -8.02347946167, 19.1621875763], [101.947059631, -99.0132141113, 105.80973053, 60.3262863159, 74.4091033936, 217.54989624, 61.1925392151, 53.2672958374, -12.4817371368, 38.7279930115, -5.75259065628, -2.39548254013, 10.4329481125], [-17.0200939178, 215.086608887, -49.0827789307, 46.0111274719, 143.714035034, 61.1925392151, 207.700836182, 35.8214378357, 64.1781005859, -9.7032661438, 21.4688243866, -9.83650398254, 16.4643573761], [84.310798645, -119.675979614, 44.2632904053, 46.7608909607, 21.5179691315, 53.2672958374, 35.8214378357, 156.850799561, 60.2024459839, 21.4256973267, -4.35845708847, 15.7394266129, 16.3095550537], [-14.0869455338, 107.08405304, -36.0515403748, 63.0425071716, 92.6045761108, -12.4817371368, 64.1781005859, 60.2024459839, 143.946990967, 24.6408729553, 16.4401435852, 14.3865690231, 11.4689836502], [34.9507141113, -70.0947036743, 58.3103141785, 31.9262809753, -0.802501857281, 38.7279930115, -9.7032661438, 21.4256973267, 24.6408729553, 90.565071106, 33.4763259888, 12.7381858826, -6.59400320053], [-54.8552360535, 58.6252250671, 2.16072249413, 6.54570484161, 15.8283243179, -5.75259065628, 21.4688243866, -4.35845708847, 16.4401435852, 33.4763259888, 71.5027694702, 24.0300178528, -4.71382570267], [48.0619239807, -63.0429534912, -0.352494090796, 16.6316146851, -8.02347946167, -2.39548254013, -9.83650398254, 15.7394266129, 14.3865690231, 12.7381858826, 24.0300178528, 67.0792694092, 26.0823402405], [26.5997982025, 12.5947599411, -17.5246753693, -8.77120304108, 19.1621875763, 10.4329481125, 16.4643573761, 16.3095550537, 11.4689836502, -6.59400320053, -4.71382570267, 26.0823402405, 66.5040512085]],
        "icov": [[0.000359024415957, -0.000404538353905, 0.000361682323273, -0.00044103997061, 0.000242197726038, -0.000292586773867, 0.000295909383567, -0.00054582732264, 0.00059925991809, -0.000597103789914, 0.000834340753499, -0.000722925644368, 0.000186982171726], [-0.000404538353905, 0.00663053570315, -0.00360671547242, 0.00386919314042, -0.00457366462797, 0.00396485673264, -0.00453701615334, 0.00628751795739, -0.00548666203395, 0.00531367212534, -0.00655283778906, 0.00661792512983, -0.00284380861558], [0.000361682323273, -0.00360671547242, 0.00561894988641, -0.00378470099531, 0.00234246952459, -0.00325407483615, 0.00378886936232, -0.0044997530058, 0.00470913061872, -0.00427593104541, 0.00322135095485, -0.00289916573092, 0.00165022758301], [-0.00044103997061, 0.00386919314042, -0.00378470099531, 0.00876013282686, -0.00569047499448, 0.00253204628825, -0.00267720082775, 0.0032858280465, -0.00433388445526, 0.0021950090304, -0.00192310533021, 0.000723846140318, 0.00124592194334], [0.000242197726038, -0.00457366462797, 0.00234246952459, -0.00569047499448, 0.0103204622865, -0.00468101259321, 0.000774985761382, -0.00218757940456, 0.000174685759703, -0.00117377995048, 0.00245776888914, -0.00185361783952, -0.000503995863255], [-0.000292586773867, 0.00396485673264, -0.00325407483615, 0.00253204628825, -0.00468101259321, 0.0109248775989, -0.00584904942662, 0.00126450124662, 0.00139346846845, -0.00207251845859, -0.000341188453604, 0.0029687799979, -0.00201886845753], [0.000295909383567, -0.00453701615334, 0.00378886936232, -0.00267720082775, 0.000774985761382, -0.00584904942662, 0.0127780893818, -0.00536914728582, 0.00119448150508, 0.000126122671645, -0.000725187826902, -0.000933257862926, 0.000354880903615], [-0.00054582732264, 0.00628751795739, -0.0044997530058, 0.0032858280465, -0.00218757940456, 0.00126450124662, -0.00536914728582, 0.0159480087459, -0.0106772882864, 0.00554498657584, -0.00468089710921, 0.00511593837291, -0.00382180092856], [0.00059925991809, -0.00548666203395, 0.00470913061872, -0.00433388445526, 0.000174685759703, 0.00139346846845, 0.00119448150508, -0.0106772882864, 0.0196476969868, -0.0107978060842, 0.00753975240514, -0.00760296266526, 0.00257984246127], [-0.000597103789914, 0.00531367212534, -0.00427593104541, 0.0021950090304, -0.00117377995048, -0.00207251845859, 0.000126122671645, 0.00554498657584, -0.0107978060842, 0.0246578641236, -0.0162782985717, 0.0076739853248, -0.00218897638842], [0.000834340753499, -0.00655283778906, 0.00322135095485, -0.00192310533021, 0.00245776888914, -0.000341188453604, -0.000725187826902, -0.00468089710921, 0.00753975240514, -0.0162782985717, 0.0320922657847, -0.0184168163687, 0.00875868927687], [-0.000722925644368, 0.00661792512983, -0.00289916573092, 0.000723846140318, -0.00185361783952, 0.0029687799979, -0.000933257862926, 0.00511593837291, -0.00760296266526, 0.0076739853248, -0.0184168163687, 0.0324207916856, -0.0145364021882], [0.000186982171726, -0.00284380861558, 0.00165022758301, 0.00124592194334, -0.000503995863255, -0.00201886845753, 0.000354880903615, -0.00382180092856, 0.00257984246127, -0.00218897638842, 0.00875868927687, -0.0145364021882, 0.0230709072202]]
    },
    "melbands": {
        "dmean": [0.00159981485922, 0.00120742688887, 0.000384970044252, 0.000496490509249, 0.00027919531567, 0.00031060227775, 0.000297598016914, 0.000149640167365, 0.000114417278382, 0.000149236773723, 0.000145675279782, 0.000105300954601, 5.11274993187e-05, 3.24292996083e-05, 2.88728442683e-05, 3.08857343043e-05, 2.9293300031e-05, 4.42681448476e-05, 2.9069797165e-05, 3.318054587e-05, 3.28076748701e-05, 3.24775137415e-05, 2.42690512096e-05, 1.96778692043e-05, 1.70896655618e-05, 1.19297546917e-05, 1.13698406494e-05, 9.56710027822e-06, 8.66281789058e-06, 6.33619629298e-06, 5.43107216799e-06, 5.53964173378e-06, 4.62155230707e-06, 3.71076862393e-06, 3.16491946251e-06, 2.3381144274e-06, 2.16331591218e-06, 2.19322464545e-06, 1.43858085266e-06, 6.8707021228e-07],
        "dmean2": [0.00272694299929, 0.00211164564826, 0.000636993092485, 0.000808670185506, 0.000469718914246, 0.000517059583217, 0.000493647356052, 0.000242549824179, 0.000178348098416, 0.000232760852668, 0.000219406909309, 0.000161195639521, 7.99136323621e-05, 5.1885155699e-05, 4.68524813186e-05, 5.00214700878e-05, 4.79609880131e-05, 7.17236034689e-05, 4.75175329484e-05, 5.37413470738e-05, 5.19404929946e-05, 5.27410920768e-05, 3.88139305869e-05, 3.15768302244e-05, 2.79551786662e-05, 1.9569093638e-05, 1.86590350495e-05, 1.56563892233e-05, 1.47235032273e-05, 1.03493848655e-05, 8.84938344825e-06, 9.17036140891e-06, 7.45681290937e-06, 5.88658076595e-06, 4.94621554026e-06, 3.70513748749e-06, 3.39480175171e-06, 3.38416020895e-06, 2.14850479097e-06, 9.91446881926e-07],
        "dvar": [1.4425120753e-05, 6.41824817649e-06, 3.16068877737e-07, 1.24597011109e-06, 3.18849998848e-07, 3.62343428151e-07, 5.14321357059e-07, 1.43189780033e-07, 8.53676525026e-08, 9.40959878903e-08, 1.25457049194e-07, 9.40180413522e-08, 1.35184921035e-08, 4.62741622798e-09, 5.17343190509e-09, 4.83752327085e-09, 2.39021136217e-09, 9.81981251869e-09, 4.64894922558e-09, 4.8691091159e-09, 4.15452294789e-09, 4.08396072515e-09, 2.35028685402e-09, 9.71768443492e-10, 5.63328828029e-10, 2.89372803497e-10, 2.93919166783e-10, 1.88766849374e-10, 1.30972066525e-10, 7.40683486766e-11, 6.96887964002e-11, 6.65655031096e-11, 4.83148035468e-11, 2.99006652771e-11, 3.19720812325e-11, 1.56482465874e-11, 2.63034229814e-11, 3.81659807924e-11, 1.3500154987e-11, 4.91298971991e-12],
        "dvar2": [3.70781308447e-05, 1.76523626578e-05, 8.53520532473e-07, 2.99732755593e-06, 7.8356930544e-07, 9.43035900036e-07, 1.28861211124e-06, 3.42397186159e-07, 1.87671616914e-07, 2.03540693633e-07, 2.60836941379e-07, 2.12022413848e-07, 3.19380788483e-08, 1.09013180705e-08, 1.36365851944e-08, 1.23817303077e-08, 5.89721427247e-09, 2.3821998596e-08, 1.18596386045e-08, 1.22946568482e-08, 9.73275504634e-09, 9.80060121947e-09, 5.6690718786e-09, 2.13061168708e-09, 1.35385869182e-09, 7.14160564019e-10, 7.64705687661e-10, 4.81967465937e-10, 3.4268501925e-10, 1.75226444465e-10, 1.67077698898e-10, 1.6712517481e-10, 1.24608962038e-10, 7.15945150387e-11, 6.79120093494e-11, 3.67891758724e-11, 6.07393718655e-11, 8.06480299209e-11, 2.76585299802e-11, 1.01307937733e-11],
        "max": [0.0267568901181, 0.0177090782672, 0.0107310088351, 0.012546248734, 0.00700322724879, 0.00804852042347, 0.00887079443783, 0.00735343107954, 0.00661609787494, 0.00646286876872, 0.00798601843417, 0.00599946081638, 0.00240295566618, 0.00117942783982, 0.00156902195886, 0.00147999695037, 0.00075787527021, 0.0017002314562, 0.00149525818415, 0.00115136022214, 0.000925031432416, 0.00126924994402, 0.00103982584551, 0.000672602734994, 0.000350674730726, 0.000271267141216, 0.000233779894188, 0.00023101644183, 0.00013061860227, 0.000106720668555, 9.97621609713e-05, 8.78381033544e-05, 9.54391944106e-05, 8.6106650997e-05, 0.000131925320602, 6.35056203464e-05, 0.000101799880213, 0.000131169581437, 6.45159307169e-05, 4.39451323473e-05],
        "mean": [0.001607891405, 0.00145132932812, 0.000653007125948, 0.000565763970371, 0.000373072631191, 0.000430470885476, 0.000334232929163, 0.000200350274099, 0.000164945231518, 0.000239102781052, 0.000260445085587, 0.000169585677213, 8.09613338788e-05, 5.22326299688e-05, 4.46352387371e-05, 4.88247533212e-05, 4.49354301963e-05, 6.8137589551e-05, 4.57392707176e-05, 4.98763220094e-05, 5.09820129082e-05, 5.42644957022e-05, 4.28369676229e-05, 3.5070181184e-05, 2.86399917968e-05, 2.02794726647e-05, 2.0504980057e-05, 1.83649153769e-05, 1.5924737454e-05, 1.22704532259e-05, 9.77355193754e-06, 9.83857353276e-06, 9.12536870601e-06, 7.60626880947e-06, 6.26017799732e-06, 4.79712662127e-06, 4.08482947023e-06, 3.88398484574e-06, 2.51003916674e-06, 9.65809817899e-07],
        "median": [0.000666651874781, 0.000893830612767, 0.00051184813492, 0.000206804586924, 0.000184371019714, 0.000232604084886, 0.000103960534034, 8.76629055711e-05, 5.53854224563e-05, 0.000104439583083, 6.3742067141e-05, 4.07455336244e-05, 3.99130985898e-05, 2.81934062514e-05, 2.6211833756e-05, 2.80223503069e-05, 2.91667365673e-05, 3.84688210033e-05, 2.33574082813e-05, 2.58576001215e-05, 2.64807422354e-05, 3.0842194974e-05, 2.30960758927e-05, 2.16592088691e-05, 1.91237886611e-05, 1.46650718307e-05, 1.55121197167e-05, 1.46649917951e-05, 1.31479655465e-05, 9.93739286059e-06, 7.4434601629e-06, 7.46964633436e-06, 6.8705016929e-06, 5.65780555917e-06, 4.27134727943e-06, 3.5012758417e-06, 2.11259748539e-06, 1.47563400787e-06, 9.81561129265e-07, 1.92945719846e-07],
        "min": [1.45986001066e-09, 2.40769670867e-09, 9.54572976219e-10, 6.47971815093e-11, 2.59531202085e-10, 1.71952541095e-09, 1.37360955943e-09, 7.99192489964e-10, 7.48480333268e-10, 4.51595233431e-10, 1.21066393022e-10, 2.64242672882e-11, 3.22765314476e-10, 3.56542600999e-10, 2.48526546565e-11, 3.40332519111e-11, 3.90152250784e-11, 2.07930131446e-10, 1.19829826617e-10, 6.40240291339e-11, 7.3357077357e-11, 4.96814464568e-11, 3.33355079651e-11, 1.39768432939e-10, 1.42704681405e-10, 8.09773012533e-11, 7.45018699511e-11, 9.95834595341e-11, 1.06748818118e-10, 1.2753670342e-10, 1.01382853501e-10, 1.50646148334e-10, 1.34083591452e-10, 4.37251138075e-11, 8.00469343587e-11, 8.24881135619e-11, 1.78821575603e-11, 2.28473680947e-11, 1.23695487447e-12, 3.50796350518e-13],
        "var": [1.11847584776e-05, 4.84108795717e-06, 4.28813109465e-07, 1.22473272768e-06, 4.08704352139e-07, 4.23665966309e-07, 5.27285749286e-07, 1.95607213982e-07, 1.84701377748e-07, 2.07682589348e-07, 4.27956962312e-07, 2.61778495769e-07, 2.11002948447e-08, 8.03088795465e-09, 5.63699042999e-09, 6.31271523943e-09, 3.45519435285e-09, 1.4428508166e-08, 6.17164985783e-09, 7.09609970784e-09, 6.61413412928e-09, 7.39324068633e-09, 4.84144946356e-09, 2.17477391651e-09, 1.0243553783e-09, 4.89595086695e-10, 4.7084253163e-10, 3.28475469047e-10, 1.9646687055e-10, 1.32084426729e-10, 1.06904041175e-10, 1.01235554661e-10, 8.69025684747e-11, 6.03211022798e-11, 6.69326191693e-11, 2.98205488081e-11, 5.18855375331e-11, 9.27517021521e-11, 2.97518086556e-11, 9.33235433376e-12]
    },
    "mfcc": {
        "mean": [-597.670593262, 86.296836853, -3.83029031754, 29.5498065948, -2.32679915428, 8.23921775818, -6.91332674026, 8.24964809418, -1.85387003422, 5.91250085831, -3.81568598747, 2.15130329132, -4.04910182953],
        "cov": [[3358.63720703, -211.950576782, -76.6968765259, 59.2554588318, 33.3726463318, 34.891582489, 5.50752878189, 46.2927360535, 54.4051551819, 39.1376342773, -17.2036437988, -29.2356185913, -9.11521530151], [-211.950576782, 875.126281738, -175.93951416, 101.549285889, 7.09867525101, 90.0017318726, 50.6729049683, 26.3508338928, -2.89417147636, 40.5949783325, -12.2490158081, 12.3829965591, -2.7642967701], [-76.6968765259, -175.93951416, 410.7159729, -21.3499889374, 58.5950164795, -0.805420696735, 27.8676261902, -47.0948295593, -15.8188266754, -21.9689731598, 24.2751197815, 14.0890884399, 8.29923725128], [59.2554588318, 101.549285889, -21.3499889374, 274.834381104, 102.449310303, 59.8116531372, 3.4131052494, 57.385887146, 42.5723724365, 31.5393676758, 29.4086036682, 48.0146217346, 18.7635631561], [33.3726463318, 7.09867525101, 58.5950164795, 102.449310303, 196.033966064, 72.2449798584, 33.8798713684, 37.4656410217, 59.1737747192, 27.5073490143, 22.5863952637, 27.2522907257, 18.3628406525], [34.891582489, 90.0017318726, -0.805420696735, 59.8116531372, 72.2449798584, 190.835357666, 88.0092773438, 28.6444034576, 28.671043396, 35.5109138489, 15.2998218536, 15.128944397, 2.82335138321], [5.50752878189, 50.6729049683, 27.8676261902, 3.4131052494, 33.8798713684, 88.0092773438, 154.257751465, 43.948261261, 28.1449432373, 32.6049346924, 13.2594528198, -0.368030518293, -2.31576824188], [46.2927360535, 26.3508338928, -47.0948295593, 57.385887146, 37.4656410217, 28.6444034576, 43.948261261, 127.163612366, 72.0302124023, 41.7250289917, 10.5788869858, 10.8656806946, 7.84220743179], [54.4051551819, -2.89417147636, -15.8188266754, 42.5723724365, 59.1737747192, 28.671043396, 28.1449432373, 72.0302124023, 126.652870178, 56.413898468, 10.5640611649, 9.4480638504, 6.58631181717], [39.1376342773, 40.5949783325, -21.9689731598, 31.5393676758, 27.5073490143, 35.5109138489, 32.6049346924, 41.7250289917, 56.413898468, 97.6943206787, 29.4770278931, 11.7921419144, 3.6071305275], [-17.2036437988, -12.2490158081, 24.2751197815, 29.4086036682, 22.5863952637, 15.2998218536, 13.2594528198, 10.5788869858, 10.5640611649, 29.4770278931, 75.2797241211, 41.2194900513, 14.0823020935], [-29.2356185913, 12.3829965591, 14.0890884399, 48.0146217346, 27.2522907257, 15.128944397, -0.368030518293, 10.8656806946, 9.4480638504, 11.7921419144, 41.2194900513, 84.4957809448, 36.6884880066], [-9.11521530151, -2.7642967701, 8.29923725128, 18.7635631561, 18.3628406525, 2.82335138321, -2.31576824188, 7.84220743179, 6.58631181717, 3.6071305275, 14.0823020935, 36.6884880066, 63.2257575989]],
