{
"lowlevel": {
    "average_loudness": 0.972504556179,
    "barkbands_crest": {
        "dmean": 3.39718174934,
        "dmean2": 5.55982875824,
        "dvar": 7.32129716873,
        "dvar2": 19.4542827606,
        "max": 24.1067790985,
        "mean": 12.9796819687,
        "median": 12.9668092728,
        "min": 2.94518947601,
        "var": 16.6284179688
    },
    "barkbands_flatness_db": {
        "dmean": 0.0325965173542,
        "dmean2": 0.0473989322782,
        "dvar": 0.000791394675616,
        "dvar2": 0.00161982933059,
        "max": 0.466416567564,
        "mean": 0.183396607637,
        "median": 0.180110365152,
        "min": 0.0325220301747,
        "var": 0.00347622693516
    },
    "barkbands_kurtosis": {
        "dmean": 8.28356266022,
        "dmean2": 12.4807224274,
        "dvar": 280.467895508,
        "dvar2": 614.367004395,
        "max": 265.546600342,
        "mean": 11.1161251068,
        "median": 4.03110361099,
        "min": -1.84334361553,
        "var": 514.134094238
    },
    "barkbands_skewness": {
        "dmean": 0.974937975407,
        "dmean2": 1.43814384937,
        "dvar": 0.985137104988,
        "dvar2": 2.10698580742,
        "max": 13.8181743622,
        "mean": 2.52673864365,
        "median": 2.18141102791,
        "min": -3.54309034348,
        "var": 3.62960863113
    },
    "barkbands_spread": {
        "dmean": 8.96945762634,
        "dmean2": 13.2985620499,
        "dvar": 78.2715835571,
        "dvar2": 155.816635132,
        "max": 94.1990661621,
        "mean": 26.193813324,
        "median": 23.518239975,
        "min": 0.435434311628,
        "var": 285.623077393
    },
    "dissonance": {
        "dmean": 0.01509482041,
        "dmean2": 0.0253751985729,
        "dvar": 0.000278710416751,
        "dvar2": 0.000677969190292,
        "max": 0.499883472919,
        "mean": 0.478241503239,
        "median": 0.484012782574,
        "min": 0.307190805674,
        "var": 0.000421908131102
    },
    "dynamic_complexity": 3.38262271881,
    "erbbands_crest": {
        "dmean": 2.76675009727,
        "dmean2": 4.49497175217,
        "dvar": 8.38650894165,
        "dvar2": 19.6532402039,
        "max": 28.8794326782,
        "mean": 7.98548746109,
        "median": 6.56059789658,
        "min": 2.53178858757,
        "var": 20.8951091766
    },
    "erbbands_flatness_db": {
        "dmean": 0.0163709782064,
        "dmean2": 0.0240848697722,
        "dvar": 0.000235353858443,
        "dvar2": 0.000470837316243,
        "max": 0.309725016356,
        "mean": 0.159878000617,
        "median": 0.150688350201,
        "min": 0.0666490644217,
        "var": 0.00119608652312
    },
    "erbbands_kurtosis": {
        "dmean": 0.999481678009,
        "dmean2": 1.59414339066,
        "dvar": 1.9849126339,
        "dvar2": 4.67429876328,
        "max": 14.9970169067,
        "mean": 0.248271256685,
        "median": -0.260544061661,
        "min": -1.78739011288,
        "var": 3.4621732235
    },
    "erbbands_skewness": {
        "dmean": 0.43917158246,
        "dmean2": 0.692449629307,
        "dvar": 0.169930115342,
        "dvar2": 0.348119944334,
        "max": 3.83229374886,
        "mean": -0.175491452217,
        "median": -0.209633529186,
        "min": -3.07962727547,
        "var": 0.567114949226
    },
    "erbbands_spread": {
        "dmean": 11.9732675552,
        "dmean2": 18.4860706329,
        "dvar": 148.174499512,
        "dvar2": 318.538452148,
        "max": 145.874862671,
        "mean": 50.0700874329,
        "median": 46.458240509,
        "min": 7.77315235138,
        "var": 494.610748291
    },
    "hfc": {
        "dmean": 9.05271053314,
        "dmean2": 12.2628469467,
        "dvar": 138.719833374,
        "dvar2": 254.169708252,
        "max": 108.614517212,
        "mean": 23.2446556091,
        "median": 18.565952301,
        "min": 1.25083989064e-16,
        "var": 403.824401855
    },
    "melbands_crest": {
        "dmean": 4.68300199509,
        "dmean2": 7.51080942154,
        "dvar": 14.4241304398,
        "dvar2": 37.4533805847,
        "max": 36.5810394287,
        "mean": 20.4282779694,
        "median": 20.1445922852,
        "min": 3.7711827755,
        "var": 36.7392692566
    },
    "melbands_flatness_db": {
        "dmean": 0.040744010359,
        "dmean2": 0.0581564381719,
        "dvar": 0.00121879950166,
        "dvar2": 0.0023866049014,
        "max": 0.566888570786,
        "mean": 0.226706400514,
        "median": 0.22589507699,
        "min": 0.00595561321825,
        "var": 0.00605810480192
    },
    "melbands_kurtosis": {
        "dmean": 25.5950679779,
        "dmean2": 38.7504348755,
        "dvar": 2337.74829102,
        "dvar2": 5267.54101562,
        "max": 1157.83581543,
        "mean": 41.351474762,
        "median": 21.270904541,
        "min": -1.52164041996,
        "var": 4461.75537109
    },
    "melbands_skewness": {
        "dmean": 1.54422736168,
        "dmean2": 2.30275416374,
        "dvar": 2.25288462639,
        "dvar2": 5.00167989731,
        "max": 27.9302387238,
        "mean": 4.75443553925,
        "median": 4.31346225739,
        "min": -0.872790515423,
        "var": 8.20079040527
    },
    "melbands_spread": {
        "dmean": 9.70347690582,
        "dmean2": 14.5686483383,
        "dvar": 143.608459473,
        "dvar2": 301.752807617,
        "max": 191.194458008,
        "mean": 21.7157173157,
        "median": 15.4596138,
        "min": 0.385761320591,
        "var": 407.356109619
    },
    "pitch_salience": {
        "dmean": 0.0946431085467,
        "dmean2": 0.148721247911,
        "dvar": 0.00632428890094,
        "dvar2": 0.0155056137592,
        "max": 0.814866423607,
        "mean": 0.446642965078,
        "median": 0.443879306316,
        "min": 0.0653832256794,
        "var": 0.0165573209524
    },
    "silence_rate_20dB": {
        "dmean": 0,
        "dmean2": 0,
        "dvar": 0,
        "dvar2": 0,
        "max": 1,
        "mean": 1,
        "median": 1,
        "min": 1,
        "var": 0
    },
    "silence_rate_30dB": {
        "dmean": 0.0820433422923,
        "dmean2": 0.16421379149,
        "dvar": 0.0753119587898,
        "dvar2": 0.171328797936,
        "max": 1,
        "mean": 0.916473329067,
        "median": 1,
        "min": 0,
        "var": 0.0765489712358
    },
    "silence_rate_60dB": {
        "dmean": 0.0154798757285,
        "dmean2": 0.0309837330133,
        "dvar": 0.0152400564402,
        "dvar2": 0.0331216268241,
        "max": 1,
        "mean": 0.0812064930797,
        "median": 0,
        "min": 0,
        "var": 0.0746121630073
    },
    "spectral_centroid": {
        "dmean": 391.609313965,
        "dmean2": 555.612915039,
        "dvar": 175076.171875,
        "dvar2": 252063.953125,
        "max": 11353.5097656,
        "mean": 1816.55334473,
        "median": 1872.53674316,
        "min": 164.148162842,
        "var": 649989.125
    },
    "spectral_complexity": {
        "dmean": 6.01238393784,
        "dmean2": 8.04647541046,
        "dvar": 45.959438324,
        "dvar2": 65.7284164429,
        "max": 61,
        "mean": 20.783449173,
        "median": 19,
        "min": 0,
        "var": 200.401855469
    },
    "spectral_decrease": {
        "dmean": 5.76994718671e-09,
        "dmean2": 9.20449938491e-09,
        "dvar": 5.23618761159e-17,
        "dvar2": 1.19813776536e-16,
        "max": 1.05135636959e-28,
        "mean": -1.23756516146e-08,
        "median": -1.02007255975e-08,
        "min": -7.40639478636e-08,
        "var": 1.04035888687e-16
    },
    "spectral_energy": {
        "dmean": 0.0222891177982,
        "dmean2": 0.0354843847454,
        "dvar": 0.000770585029386,
        "dvar2": 0.0017540451372,
        "max": 0.284121662378,
        "mean": 0.0488169044256,
        "median": 0.0402310080826,
        "min": 1.09486813334e-20,
        "var": 0.00155127630569
    },
    "spectral_energyband_high": {
        "dmean": 0.000616946548689,
        "dmean2": 0.000811433652416,
        "dvar": 8.58373937263e-07,
        "dvar2": 1.48003766753e-06,
        "max": 0.00908081140369,
        "mean": 0.00132098491304,
        "median": 0.000759914633818,
        "min": 8.03827462091e-21,
        "var": 2.47251568908e-06
    },
    "spectral_energyband_low": {
        "dmean": 0.0183849669993,
        "dmean2": 0.0290051195771,
        "dvar": 0.000542907451745,
        "dvar2": 0.00128082127776,
        "max": 0.229336738586,
        "mean": 0.0353289544582,
        "median": 0.0281774140894,
        "min": 5.46510087145e-23,
        "var": 0.00106802757364
    },
    "spectral_energyband_middle_high": {
        "dmean": 0.00251632416621,
        "dmean2": 0.00373653369024,
        "dvar": 1.3189254787e-05,
        "dvar2": 2.8221791581e-05,
        "max": 0.050877224654,
        "mean": 0.00557739520445,
        "median": 0.00385736650787,
        "min": 1.38616426931e-21,
        "var": 3.70741508959e-05
    },
    "spectral_energyband_middle_low": {
        "dmean": 0.0076631968841,
        "dmean2": 0.0128084532917,
        "dvar": 0.000187074925634,
        "dvar2": 0.000493786588777,
        "max": 0.0976803973317,
        "mean": 0.0087943803519,
        "median": 0.00332226953469,
        "min": 3.9750494017e-22,
        "var": 0.000193937958102
    },
    "spectral_entropy": {
        "dmean": 0.173587575555,
        "dmean2": 0.228347972035,
        "dvar": 0.0270028486848,
        "dvar2": 0.045384760946,
        "max": 9.79647636414,
        "mean": 7.70953512192,
        "median": 7.77998971939,
        "min": 6.15307235718,
        "var": 0.159650087357
    },
    "spectral_flux": {
        "dmean": 0.0401434339583,
        "dmean2": 0.0642994493246,
        "dvar": 0.00197027414106,
        "dvar2": 0.0044777803123,
        "max": 0.487176626921,
        "mean": 0.116924345493,
        "median": 0.108446858823,
        "min": 1.04635945741e-10,
        "var": 0.00438251532614
    },
    "spectral_kurtosis": {
        "dmean": 1.15070605278,
        "dmean2": 1.95761883259,
        "dvar": 1.37749993801,
        "dvar2": 3.99522924423,
        "max": 9.8007144928,
        "mean": 1.88443815708,
        "median": 1.53798866272,
        "min": -1.54102885723,
        "var": 2.53654527664
    },
    "spectral_rms": {
        "dmean": 0.00149698869791,
        "dmean2": 0.00233866716735,
        "dvar": 2.41235784415e-06,
        "dvar2": 5.26031180925e-06,
        "max": 0.0166490804404,
        "mean": 0.00627188524231,
        "median": 0.00626496318728,
        "min": 3.26827800934e-12,
        "var": 8.28978136269e-06
    },
    "spectral_rolloff": {
        "dmean": 669.598327637,
        "dmean2": 1071.90795898,
        "dvar": 1016539.125,
        "dvar2": 1935355.875,
        "max": 19078.4179688,
        "mean": 1167.7232666,
        "median": 645.99609375,
        "min": 64.599609375,
        "var": 2195058.5
    },
    "spectral_skewness": {
        "dmean": 0.188648596406,
        "dmean2": 0.293418169022,
        "dvar": 0.030454216525,
        "dvar2": 0.0742193907499,
        "max": 2.2998945713,
        "mean": 0.967948019505,
        "median": 0.945980548859,
        "min": -0.0374582707882,
        "var": 0.0902359709144
    },
    "spectral_spread": {
        "dmean": 454069.15625,
        "dmean2": 624310.75,
        "dvar": 1.03400269414e+12,
        "dvar2": 960894664704,
        "max": 40543056,
        "mean": 4520224,
        "median": 4366870,
        "min": 2204689.75,
        "var": 2.19620953293e+12
    },
    "spectral_strongpeak": {
        "dmean": 0.296721100807,
        "dmean2": 0.520295619965,
        "dvar": 0.507205188274,
        "dvar2": 1.42877459526,
        "max": 10.6067962646,
        "mean": 0.389365077019,
        "median": 0.242005005479,
        "min": 0,
        "var": 0.400929778814
    },
    "zerocrossingrate": {
        "dmean": 0.013063034974,
        "dmean2": 0.0148409511894,
        "dvar": 0.000296682468615,
        "dvar2": 0.00033845382859,
        "max": 0.50244140625,
        "mean": 0.0546327419579,
        "median": 0.0478515625,
        "min": 0.0029296875,
        "var": 0.0012179230107
    },
    "barkbands": {
        "dmean": [0.00237327092327, 0.0127930343151, 0.00569909019396, 0.00522242253646, 0.00193240772933, 0.000589214207139, 0.000322518724715, 0.000279261119431, 0.00088242685888, 0.000752082676627, 0.000470847066026, 0.000358576711733, 0.000448143749963, 0.00033286071266, 0.000383245875128, 0.000349861424183, 0.000278433522908, 0.000220979738515, 0.000319189246511, 0.000244388676947, 0.000168198064785, 0.000141204000101, 0.000136932518217, 0.000142626377055, 3.10839131998e-05, 4.01059914168e-08, 2.30635883725e-08],
        "dmean2": [0.003879184369, 0.0207800194621, 0.00937271956354, 0.00905385427177, 0.00344243412837, 0.000940548838116, 0.000541674147826, 0.00047844403889, 0.00145132304169, 0.00122560176533, 0.00079018593533, 0.000568333140109, 0.000703454366885, 0.000551777542569, 0.000617124489509, 0.000565806753002, 0.000435665628174, 0.000343144172803, 0.000494190200698, 0.000365439947927, 0.000248723255936, 0.000195020140382, 0.000189852260519, 0.000197503250092, 4.64593831566e-05, 6.6332951576e-08, 4.1036450682e-08],
        "dvar": [1.2788085769e-05, 0.000265090609901, 0.000121533135825, 0.000128720275825, 2.28524604609e-05, 1.03129411855e-06, 3.67755774278e-07, 5.36885806923e-07, 4.70239274364e-06, 5.22045138496e-06, 9.50772516717e-07, 1.34191282086e-06, 9.32121167807e-07, 5.94125765474e-07, 4.46259036835e-07, 3.99536475015e-07, 2.19300645199e-07, 1.26404643197e-07, 2.01204102268e-07, 1.28458367499e-07, 6.22575555553e-08, 5.45223528547e-08, 5.17494314067e-08, 5.43061773328e-08, 4.94728391587e-09, 9.46437430516e-15, 5.61400139023e-15],
        "dvar2": [3.74891787942e-05, 0.000659138022456, 0.000309419294354, 0.000357058335794, 6.40426078462e-05, 2.53594475907e-06, 9.76304818323e-07, 1.47966943587e-06, 1.17348718049e-05, 1.27106213768e-05, 2.43850672632e-06, 3.40609039995e-06, 1.9425026494e-06, 1.41644977703e-06, 1.11147767257e-06, 9.84470489129e-07, 5.32560591182e-07, 2.97984911413e-07, 4.40384610556e-07, 2.85278730416e-07, 1.33921929546e-07, 1.04674093393e-07, 1.01944053199e-07, 9.86732828778e-08, 1.01384047824e-08, 2.4199163791e-14, 1.53091328812e-14],
        "max": [0.0340882875025, 0.168434679508, 0.131406396627, 0.0727974176407, 0.0577875189483, 0.0123532088473, 0.00673750042915, 0.0101078338921, 0.0306822191924, 0.0401618555188, 0.0171915218234, 0.0254028160125, 0.0187255255878, 0.0197141058743, 0.00808169227093, 0.00916636176407, 0.00947139598429, 0.00307842507027, 0.00647221272811, 0.00388940703124, 0.00278333132155, 0.00215921597555, 0.0023185024038, 0.00333326961845, 0.0016054000007, 1.59228181928e-06, 7.07896447238e-07],
        "mean": [0.00348680582829, 0.0221566967666, 0.00755187403411, 0.00449660699815, 0.0017758612521, 0.000771660241298, 0.000376410374884, 0.00030222008354, 0.000947030319367, 0.00095433142269, 0.000573103723582, 0.000474857428344, 0.000563067267649, 0.000483064446598, 0.0005103876465, 0.000488833466079, 0.000439751165686, 0.000346654909663, 0.000575829995796, 0.000447355851065, 0.000297896796837, 0.000234485298279, 0.000239985514781, 0.00027462374419, 4.75100059703e-05, 4.95689889135e-08, 1.73005005877e-08],
        "median": [0.00200469209813, 0.0179505832493, 0.00365702388808, 0.000448989594588, 0.000634316995274, 0.000310692761559, 0.000155913177878, 8.82623717189e-05, 0.000242596899625, 0.000220719579374, 0.000189992875676, 9.93642097455e-05, 0.000187602156075, 0.000151103027747, 0.000230108649703, 0.000200411755941, 0.000181236857316, 0.000172428583028, 0.000322484353092, 0.000269604526693, 0.000164670040249, 7.91714555817e-05, 7.46855439502e-05, 0.000126940620248, 1.74036758835e-05, 1.36032740627e-08, 7.86616216608e-10],
        "min": [4.79623422961e-23, 2.35415831418e-23, 1.36734775315e-23, 1.20042241902e-23, 4.99631491427e-23, 4.45781889661e-23, 4.71737496036e-23, 1.79401118856e-22, 5.74078314536e-23, 4.59822761804e-23, 3.12345468009e-23, 1.01271489144e-22, 9.50620052389e-23, 9.89318602282e-23, 5.91698501042e-23, 1.47089426666e-22, 1.6868253126e-22, 2.31491421964e-22, 2.54654700548e-22, 4.00848700666e-22, 4.27187289544e-22, 3.9977254293e-22, 6.61635034014e-22, 6.85075183843e-22, 1.18571968627e-21, 2.06591831497e-21, 2.62277262788e-21],
        "var": [1.86379438674e-05, 0.000467754143756, 0.000121984914585, 0.000111106215627, 1.6331401639e-05, 1.56924488692e-06, 3.95235161932e-07, 5.72272824684e-07, 4.94761388836e-06, 7.4540521382e-06, 1.22538824598e-06, 2.65373682851e-06, 1.6069159301e-06, 1.18346815725e-06, 6.40454004497e-07, 6.77814057326e-07, 5.50276922695e-07, 2.18348048975e-07, 4.88737100568e-07, 2.68139586979e-07, 1.35615707109e-07, 1.22943205838e-07, 1.33300488869e-07, 1.48728389604e-07, 8.9071985343e-09, 1.08502642025e-14, 4.02789153891e-15]
    },
    "erbbands": {
        "dmean": [0.585204064846, 2.3259563446, 6.16482019424, 11.1959199905, 10.5895795822, 6.4847445488, 4.85463285446, 5.04805183411, 4.35018539429, 5.78160238266, 7.80785322189, 20.9542045593, 12.9271507263, 29.2587070465, 16.0492305756, 16.4491271973, 21.7158126831, 16.0513534546, 19.6574630737, 16.9740467072, 19.491601944, 14.1787986755, 11.5079841614, 13.2222681046, 16.6261081696, 11.8536558151, 8.52335643768, 5.8533873558, 4.81291055679, 4.29886865616, 3.92008471489, 3.32605576515, 2.21114397049, 0.654714167118, 0.0333464816213, 0.00156062934548, 0.000126983781229, 2.81495649688e-05, 1.51244548761e-05, 2.54197548202e-05],
        "dmean2": [0.943936467171, 3.82405543327, 10.1438074112, 18.1173400879, 18.8738536835, 11.7345314026, 8.13117218018, 8.2642364502, 7.25429582596, 9.94142246246, 12.8181552887, 34.1852607727, 21.5890960693, 47.5781440735, 26.6702804565, 25.6680240631, 33.877117157, 26.2773036957, 32.3620147705, 27.4160175323, 31.4456214905, 21.8664131165, 18.1126842499, 20.0260448456, 25.8156795502, 17.8596343994, 12.2908163071, 8.50037479401, 6.83814573288, 5.87461042404, 5.47313690186, 4.6314406395, 3.08970332146, 0.937830388546, 0.0502137802541, 0.00229614321142, 0.000181266441359, 4.13117886637e-05, 2.29291472351e-05, 3.99780728912e-05],
        "dvar": [0.501793801785, 13.1095638275, 129.169219971, 530.549316406, 489.347900391, 452.886749268, 103.225524902, 82.279914856, 64.9292602539, 205.345275879, 331.077636719, 2597.41210938, 562.908508301, 9144.33496094, 838.541381836, 3006.32788086, 2211.78271484, 1604.50134277, 1487.91125488, 838.580505371, 1384.84448242, 552.174316406, 360.624359131, 356.310668945, 650.192016602, 298.366668701, 156.367797852, 89.2095947266, 65.4083938599, 51.5097007751, 41.2716369629, 29.7296791077, 13.3414430618, 1.90708374977, 0.0119238523766, 2.22681974265e-05, 7.17730159749e-08, 4.35540403743e-09, 4.13649836606e-10, 9.6233865321e-10],
        "dvar2": [1.20902085304, 33.5971374512, 324.593261719, 1339.47412109, 1297.6640625, 1303.71679688, 277.768280029, 205.768951416, 163.589630127, 554.272399902, 858.075012207, 6392.42773438, 1469.09753418, 20828.0136719, 2263.43969727, 7696.45068359, 4779.49121094, 3730.65307617, 3840.07128906, 2117.09130859, 3445.94604492, 1383.04650879, 842.749145508, 798.090759277, 1419.37414551, 688.319152832, 345.396270752, 173.081695557, 131.604721069, 93.4410018921, 82.2489700317, 55.9362640381, 25.7513828278, 3.81402873993, 0.0226311739534, 4.15221402363e-05, 1.46913663457e-07, 1.1002279976e-08, 9.08637609598e-10, 2.15343365362e-09],
        "max": [7.3754324913, 32.481098175, 140.430908203, 179.350692749, 132.676986694, 300.925048828, 172.533432007, 124.933479309, 95.6515960693, 187.152877808, 304.127288818, 808.578979492, 241.409561157, 1915.90527344, 344.682495117, 1208.07617188, 825.288513184, 1134.50646973, 531.168884277, 294.719024658, 624.143249512, 388.856781006, 197.126586914, 192.170959473, 439.251800537, 241.450576782, 185.596939087, 87.3253860474, 85.7934112549, 77.9047241211, 63.3147315979, 55.532787323, 57.7636642456, 32.1132698059, 2.63737154007, 0.118023723364, 0.0054780235514, 0.000845023081638, 0.000184410848306, 0.000314341363264],
        "mean": [0.955692350864, 3.70664954185, 8.93262481689, 12.1848287582, 9.74325180054, 5.64802503586, 5.77007865906, 6.24200582504, 5.32182836533, 6.17280912399, 9.77114009857, 22.7894077301, 16.3192558289, 37.0436439514, 22.0512123108, 23.7043933868, 28.1268196106, 24.5367126465, 26.5987586975, 25.2803077698, 27.7140884399, 23.4027481079, 18.8636264801, 22.826467514, 30.9631824493, 21.972492218, 15.7141942978, 10.2092895508, 8.11189651489, 7.07001495361, 6.91984701157, 6.20603990555, 4.16828203201, 1.09666395187, 0.0454995594919, 0.00229686289094, 0.000220079848077, 4.47075144621e-05, 3.41230734193e-05, 5.84588124184e-05],
        "median": [0.748371183872, 2.80435562134, 5.2309217453, 2.92213654518, 1.65782797337, 1.70225739479, 2.56326079369, 2.44074010849, 2.47129225731, 2.12459278107, 3.14726281166, 6.19257974625, 6.28801631927, 9.56669425964, 8.90348720551, 6.41959762573, 10.2096557617, 8.3621263504, 11.7092447281, 12.4325323105, 12.3406238556, 10.3888921738, 9.43334102631, 13.4762802124, 16.8172206879, 13.1569099426, 9.95679855347, 4.62610292435, 2.88536095619, 2.15972518921, 2.1905913353, 2.38866114616, 1.83232247829, 0.43184748292, 0.0130459610373, 0.000725478457753, 9.37843869906e-05, 1.88993653865e-05, 2.6421597795e-05, 4.85677264805e-05],
        "min": [8.65790115827e-22, 4.43928245763e-21, 1.72107786515e-20, 2.94911634178e-20, 2.59294723342e-20, 1.78224334781e-19, 4.61950490211e-19, 3.07576254032e-19, 8.06418947865e-19, 9.57688826903e-19, 4.72785542939e-18, 1.54407178647e-18, 1.10579572238e-18, 1.58407765301e-18, 2.24358823841e-18, 3.89433323668e-18, 4.8612540196e-18, 3.47577860595e-18, 4.77823858691e-18, 5.5362991603e-18, 7.67253775997e-18, 1.16082598058e-17, 1.18723256358e-17, 1.29474346118e-17, 1.13116080227e-17, 2.16502944807e-17, 1.85466499567e-17, 1.66002294553e-17, 1.36786912246e-17, 1.5531068735e-17, 2.08378889683e-17, 1.68760726829e-17, 1.05022225467e-17, 1.21293637394e-17, 7.40784492704e-18, 6.95322398084e-18, 4.34315812832e-18, 1.44032989597e-18, 3.07212785701e-19, 4.40381910835e-20],
        "var": [0.938764154911, 17.1491088867, 138.637756348, 566.008544922, 431.245697021, 289.632904053, 102.361381531, 112.892616272, 73.5515441895, 197.34336853, 525.47265625, 2861.90722656, 720.97644043, 13029.2880859, 1428.73547363, 6311.68212891, 3678.90795898, 3319.60913086, 1975.14660645, 1273.15637207, 2296.47167969, 1359.68017578, 672.928283691, 714.414978027, 1622.51196289, 644.207763672, 364.472595215, 188.834350586, 142.564682007, 123.956642151, 103.226402283, 81.8956298828, 34.4119110107, 3.83764743805, 0.0187409911305, 3.65039231838e-05, 1.30086903027e-07, 5.38845146281e-09, 8.26942736509e-10, 2.02303107599e-09]
    },
    "gfcc": {
        "mean": [-19.4989871979, 108.826835632, -134.967956543, 82.2360687256, -56.8680992126, 38.8775367737, -21.058637619, 9.11030673981, -4.68726539612, -16.7942199707, 10.8371124268, -21.4882698059, 11.3531761169],
        "cov": [[9491.15625, -71.0424423218, -556.466796875, 79.2248916626, -330.513183594, 144.411026001, -144.796661377, 22.0035705566, 67.928024292, 144.683120728, -13.2544584274, 30.1131668091, -118.609275818], [-71.0424423218, 643.058227539, 80.96068573, -42.1589622498, 195.349655151, -118.970840454, 85.8895187378, -141.153167725, 12.83826828, -65.9956970215, 19.2160396576, -132.223129272, -14.4644594193], [-556.466796875, 80.96068573, 586.609985352, 149.723999023, 12.3902626038, -35.537437439, -55.4499130249, -24.5991706848, 60.0016212463, -46.0667114258, -36.1807174683, -11.826625824, -57.9295768738], [79.2248916626, -42.1589622498, 149.723999023, 245.090744019, 67.8184661865, -31.0682106018, -18.5916500092, -14.7045373917, 49.7091827393, -50.6364746094, -9.25617980957, 15.6514158249, -42.0503540039], [-330.513183594, 195.349655151, 12.3902626038, 67.8184661865, 368.654785156, 22.3496265411, 101.948120117, -12.4173231125, -30.513792038, -21.2469062805, 65.7415542603, -79.7945404053, 15.9855718613], [144.411026001, -118.970840454, -35.537437439, -31.0682106018, 22.3496265411, 179.72315979, 66.8234405518, 10.0619316101, -29.7855911255, 28.9554443359, 17.5038585663, 7.81693315506, 9.39772891998], [-144.796661377, 85.8895187378, -55.4499130249, -18.5916500092, 101.948120117, 66.8234405518, 173.715682983, 3.03468203545, -6.10369586945, -6.32805109024, 36.0155334473, -30.897611618, 14.628903389], [22.0035705566, -141.153167725, -24.5991706848, -14.7045373917, -12.4173231125, 10.0619316101, 3.03468203545, 190.475158691, 36.1033477783, 20.9490699768, 7.05406475067, 34.5731811523, 42.0396347046], [67.928024292, 12.83826828, 60.0016212463, 49.7091827393, -30.513792038, -29.7855911255, -6.10369586945, 36.1033477783, 154.428329468, 10.02622509, -12.9144792557, 30.4128856659, -22.6732063293], [144.683120728, -65.9956970215, -46.0667114258, -50.6364746094, -21.2469062805, 28.9554443359, -6.32805109024, 20.9490699768, 10.02622509, 107.654083252, 52.4513893127, 10.4059677124, 21.3347034454], [-13.2544584274, 19.2160396576, -36.1807174683, -9.25617980957, 65.7415542603, 17.5038585663, 36.0155334473, 7.05406475067, -12.9144792557, 52.4513893127, 106.908378601, 21.4861488342, 21.8617286682], [30.1131668091, -132.223129272, -11.826625824, 15.6514158249, -79.7945404053, 7.81693315506, -30.897611618, 34.5731811523, 30.4128856659, 10.4059677124, 21.4861488342, 115.474327087, 26.6688022614], [-118.609275818, -14.4644594193, -57.9295768738, -42.0503540039, 15.9855718613, 9.39772891998, 14.628903389, 42.0396347046, -22.6732063293, 21.3347034454, 21.8617286682, 26.6688022614, 99.1211853027]],
        "icov": [[0.000158429189469, -0.000426846119808, 0.00030509615317, -0.000521772715729, 0.000308024551487, -0.000498137436807, 0.000309787836159, -0.000332414725563, 0.000181225943379, -0.00046324628056, 0.000171850551851, -0.000108564272523, 0.000309531314997], [-0.000426846119808, 0.00696694897488, -0.00184262543917, 0.00499215675518, -0.00240778899752, 0.00499433279037, -0.0023059702944, 0.00501141510904, -0.00428350642323, 0.00607496034354, -0.00430339341983, 0.00519191008061, -0.00305863725953], [0.00030509615317, -0.00184262543917, 0.00295117218047, -0.0027183429338, 0.000972257344984, -0.00191305915359, 0.00166017678566, -0.00126694247592, 0.000304249260807, -0.00111886509694, 0.000770727405325, -0.000294725876302, 0.00120437017176], [-0.000521772715729, 0.00499215675518, -0.0027183429338, 0.0106670688838, -0.00412551918998, 0.00419997563586, -0.00107646058314, 0.00386809022166, -0.00433536199853, 0.00662640715018, -0.00288153905421, 0.000658469973132, -0.000133351437398], [0.000308024551487, -0.00240778899752, 0.000972257344984, -0.00412551918998, 0.00688993697986, -0.00291965901852, 0.00024272959854, -0.00197498896159, 0.000822660862468, 0.000976116338279, -0.00420710630715, 0.00424562580884, -0.00143358134665], [-0.000498137436807, 0.00499433279037, -0.00191305915359, 0.00419997563586, -0.00291965901852, 0.0121474852785, -0.00627885060385, 0.00323741231114, 8.16116589704e-05, -0.000216067375732, 0.000737771915738, -0.00047566453577, -0.000300363171846], [0.000309787836159, -0.0023059702944, 0.00166017678566, -0.00107646058314, 0.00024272959854, -0.00627885060385, 0.0113451024517, -0.00163234735373, -0.00180598255247, 0.00313864834607, -0.00407495815307, 0.00285604549572, -0.00083645794075], [-0.000332414725563, 0.00501141510904, -0.00126694247592, 0.00386809022166, -0.00197498896159, 0.00323741231114, -0.00163234735373, 0.0100580034778, -0.00491298967972, 0.00386719754897, -0.00249132327735, 0.00268126488663, -0.00490740220994], [0.000181225943379, -0.00428350642323, 0.000304249260807, -0.00433536199853, 0.000822660862468, 8.16116589704e-05, -0.00180598255247, -0.00491298967972, 0.0128630753607, -0.00887485407293, 0.00731974747032, -0.00801061745733, 0.00553363980725], [-0.00046324628056, 0.00607496034354, -0.00111886509694, 0.00662640715018, 0.000976116338279, -0.000216067375732, 0.00313864834607, 0.00386719754897, -0.00887485407293, 0.0254077538848, -0.0173004660755, 0.0111905587837, -0.00644483510405], [0.000171850551851, -0.00430339341983, 0.000770727405325, -0.00288153905421, -0.00420710630715, 0.000737771915738, -0.00407495815307, -0.00249132327735, 0.00731974747032, -0.0173004660755, 0.0253965631127, -0.013967320323, 0.00462688645348], [-0.000108564272523, 0.00519191008061, -0.000294725876302, 0.000658469973132, 0.00424562580884, -0.00047566453577, 0.00285604549572, 0.00268126488663, -0.00801061745733, 0.0111905587837, -0.013967320323, 0.0231882743537, -0.00886277854443], [0.000309531314997, -0.00305863725953, 0.00120437017176, -0.000133351437398, -0.00143358134665, -0.000300363171846, -0.00083645794075, -0.00490740220994, 0.00553363980725, -0.00644483510405, 0.00462688645348, -0.00886277854443, 0.0171415023506]]
    },
    "melbands": {
        "dmean": [0.00417078612372, 0.00290062371641, 0.0019653707277, 0.000555728271138, 0.000187761950656, 0.000109771754069, 6.67495187372e-05, 6.35318501736e-05, 8.32625883049e-05, 0.000127360472106, 6.47810156806e-05, 0.000123823076137, 6.27145564067e-05, 4.52552376373e-05, 4.57694004581e-05, 3.93689988414e-05, 3.07862574118e-05, 3.34982469212e-05, 2.48230735451e-05, 2.36660234805e-05, 2.31595604419e-05, 1.50055748236e-05, 1.49457882799e-05, 1.03009979284e-05, 1.11567242129e-05, 1.53460550791e-05, 9.23528932617e-06, 8.08460299595e-06, 6.3538568611e-06, 4.33571722169e-06, 3.51833841705e-06, 3.04903369397e-06, 2.45536716648e-06, 2.49962613452e-06, 2.60949900621e-06, 2.06765639632e-06, 2.16249190998e-06, 1.80262838967e-06, 1.11614463094e-06, 3.7003346165e-07],
        "dmean2": [0.00676191505045, 0.00476149795577, 0.00322414748371, 0.000990879256278, 0.000320474908222, 0.000177626177901, 0.000111413268314, 0.000110361739644, 0.000136905713589, 0.000209520134376, 0.000108491061837, 0.000200927228434, 0.000105170627648, 7.21266987966e-05, 7.07536382833e-05, 6.21747167315e-05, 5.04993040522e-05, 5.5211588915e-05, 4.00371463911e-05, 3.82439829991e-05, 3.75275776605e-05, 2.38720440393e-05, 2.3143738872e-05, 1.62447340699e-05, 1.70724051713e-05, 2.3960501494e-05, 1.40268593896e-05, 1.23973522932e-05, 9.47215539782e-06, 6.76754007145e-06, 5.03661567564e-06, 4.39475752501e-06, 3.52715551344e-06, 3.48671346728e-06, 3.81169957109e-06, 2.99568387163e-06, 3.07189066007e-06, 2.59414878201e-06, 1.6101989786e-06, 5.53943664272e-07],
        "dvar": [2.54573515122e-05, 2.58496329479e-05, 1.60935996973e-05, 1.5608029571e-06, 2.25053810254e-07, 3.71500981089e-08, 1.47597321032e-08, 2.68986557472e-08, 4.3708258346e-08, 9.52946166421e-08, 1.50073855565e-08, 1.65946701713e-07, 1.40911913249e-08, 1.97510487965e-08, 9.39144584322e-09, 7.57225038228e-09, 6.02120886484e-09, 4.51627002462e-09, 1.81737425109e-09, 1.5252491492e-09, 1.86150261872e-09, 6.58496090988e-10, 8.25911117275e-10, 2.94022584058e-10, 2.74695710623e-10, 5.71123759396e-10, 1.92139748556e-10, 1.39161862589e-10, 9.29951393669e-11, 5.15670180168e-11, 3.33781856321e-11, 2.66303576413e-11, 1.6373400899e-11, 1.87558232834e-11, 1.95227271849e-11, 1.30864676734e-11, 1.24323433492e-11, 8.80773058654e-12, 4.00231193673e-12, 1.05475708462e-12],
        "dvar2": [6.27615154372e-05, 6.30992726656e-05, 4.08823070757e-05, 4.24040308644e-06, 6.24562289886e-07, 9.13101487754e-08, 3.77869930901e-08, 7.34401268687e-08, 1.07519355197e-07, 2.37447721929e-07, 3.94943135973e-08, 3.82120447284e-07, 3.71537183241e-08, 4.95835195125e-08, 2.00237995074e-08, 1.73242362678e-08, 1.41086271555e-08, 1.17134160149e-08, 4.55093207563e-09, 3.7798999486e-09, 4.70227590199e-09, 1.69497160751e-09, 1.84638415668e-09, 7.10846104202e-10, 6.33279872986e-10, 1.28847998937e-09, 4.44026676538e-10, 3.3875804939e-10, 2.06453465434e-10, 1.20248880298e-10, 6.14904377416e-11, 5.53404752579e-11, 3.356363798e-11, 3.64066832237e-11, 4.30949373409e-11, 2.88528315823e-11, 2.29955759296e-11, 1.73978800116e-11, 8.52273373403e-12, 2.13483701203e-12],
        "max": [0.0548855513334, 0.0616938881576, 0.0282969549298, 0.0128279468045, 0.0069762035273, 0.00260427594185, 0.00142674788367, 0.00230974564329, 0.00347345042974, 0.0050222184509, 0.00149904657155, 0.00797579530627, 0.00135982444044, 0.00330943521112, 0.0020268575754, 0.0010640132241, 0.0021121064201, 0.000993373687379, 0.000430606887676, 0.000417878356529, 0.000742123811506, 0.000315288983984, 0.00061789015308, 0.000183828437002, 0.000164442579262, 0.000338865356753, 0.000193023617612, 0.000150502848555, 0.000135440131999, 7.06478895154e-05, 5.66310554859e-05, 5.31955665792e-05, 4.95345630043e-05, 4.50622137578e-05, 4.50357292721e-05, 3.99039199692e-05, 4.32488814113e-05, 5.07552249474e-05, 2.68928561127e-05, 2.73275127256e-05],
        "mean": [0.00715287169442, 0.00471522985026, 0.00213155569509, 0.000504150113557, 0.000212204526179, 0.000140553878737, 8.04956871434e-05, 6.63791870466e-05, 0.000100311168353, 0.000136269023642, 7.97636894276e-05, 0.000154433859279, 7.89958940004e-05, 5.78538201808e-05, 6.39845748083e-05, 4.95478707307e-05, 4.56122397736e-05, 4.26652695751e-05, 3.31520313921e-05, 3.39124126185e-05, 3.14684984914e-05, 2.34141807596e-05, 2.21764603339e-05, 1.58035018103e-05, 1.74372598849e-05, 2.60480992438e-05, 1.63799559232e-05, 1.39358526212e-05, 1.08956737677e-05, 7.03304976923e-06, 5.6626413425e-06, 4.89914009449e-06, 3.847505468e-06, 3.88492526326e-06, 4.20279639002e-06, 3.60983017345e-06, 3.88187800127e-06, 3.26697431774e-06, 1.97592953555e-06, 5.06947912982e-07],
        "median": [0.00573776010424, 0.00337205105461, 0.000524951552507, 0.00012618843175, 9.43137420109e-05, 5.58753781661e-05, 3.67748580175e-05, 2.07427419809e-05, 2.78983134194e-05, 3.61971979146e-05, 2.80047734122e-05, 3.64888983313e-05, 2.79918076558e-05, 1.30118032757e-05, 2.30038986047e-05, 1.74102478923e-05, 1.26446493596e-05, 1.65251894941e-05, 1.52583197632e-05, 1.53415112436e-05, 1.21025332191e-05, 9.77867603069e-06, 8.85401732376e-06, 8.12015332485e-06, 9.22152503335e-06, 1.30987564262e-05, 9.36168908083e-06, 8.2159831436e-06, 6.33668469163e-06, 3.43004103343e-06, 2.18074319491e-06, 1.66272491242e-06, 1.28275871702e-06, 1.03405136542e-06, 1.26847101001e-06, 1.16458102184e-06, 1.57149975166e-06, 1.45400179008e-06, 8.26858581604e-07, 1.44649604295e-07],
        "min": [7.59092450102e-24, 8.26235557189e-24, 5.09606590242e-24, 5.05125071439e-24, 1.60008822592e-23, 7.54374588572e-24, 1.14789493236e-23, 1.18743721632e-23, 3.93029467197e-23, 7.01684359902e-24, 5.59149185014e-24, 6.61877965308e-24, 5.82415375236e-24, 9.34945559752e-24, 1.3808850796e-23, 6.96266068774e-24, 6.70742947502e-24, 8.57031188093e-24, 5.8739285089e-24, 8.38335421297e-24, 9.2310586197e-24, 1.11572810343e-23, 1.30051593058e-23, 9.33634236269e-24, 1.0735795808e-23, 8.01291302049e-24, 8.94666006387e-24, 1.57673557654e-23, 1.14698569128e-23, 9.96498246262e-24, 9.90458490513e-24, 7.7260216642e-24, 7.03638762794e-24, 9.14970654998e-24, 1.21898549941e-23, 1.10730709215e-23, 1.03046241588e-23, 7.01941765215e-24, 9.33807470124e-24, 1.00290356015e-23],
        "var": [4.82106843265e-05, 3.09997121803e-05, 1.70294042618e-05, 1.22424182791e-06, 1.84867118946e-07, 5.46826832704e-08, 1.64446767315e-08, 2.46673668158e-08, 6.22215239332e-08, 1.01290581256e-07, 1.95027940464e-08, 2.37720939822e-07, 2.08931218992e-08, 3.82277924871e-08, 2.14984652303e-08, 1.0412657403e-08, 1.28593153903e-08, 5.84446890883e-09, 2.44674791539e-09, 2.53793497329e-09, 3.08200642785e-09, 1.37135558465e-09, 1.83314530222e-09, 4.60518789769e-10, 4.85947726503e-10, 1.27945809503e-09, 3.99193400558e-10, 2.72068034768e-10, 1.95487126486e-10, 9.25803878005e-11, 6.89042295443e-11, 5.48943494827e-11, 3.44556709553e-11, 4.17553075449e-11, 4.00172360526e-11, 3.28834806607e-11, 3.1710210846e-11, 2.18655614448e-11, 8.69391277719e-12, 1.66416424911e-12]
    },
    "mfcc": {
        "mean": [-636.467407227, 95.2221755981, 8.91970920563, 35.7985267639, 16.6278934479, 16.8468952179, 17.1539878845, 15.3130512238, 5.28249502182, 15.0576057434, -4.39283084869, 5.19892930984, -1.6413962841],
        "cov": [[8428.34277344, -169.457901001, -388.430145264, -199.743515015, -257.092926025, 41.8487434387, -240.913391113, -28.6408538818, -41.6871299744, 52.3038635254, 91.2691650391, 70.3841171265, 28.2083072662], [-169.457901001, 711.386047363, -58.9710884094, 84.6851806641, 64.4604644775, 40.4362373352, 85.5547714233, -77.0991287231, -13.4797449112, 37.6797904968, -18.6414527893, -15.1990480423, -26.2964401245], [-388.430145264, -58.9710884094, 512.181396484, 83.0885772705, 13.568400383, 10.2441320419, -140.615875244, 34.7625389099, 1.12927770615, -58.6651802063, 52.205821991, 2.99808001518, -30.3820419312], [-199.743515015, 84.6851806641, 83.0885772705, 295.001159668, 120.345672607, 0.153152272105, -28.502614975, 44.7291374207, -11.4146461487, -7.07376909256, -8.85767173767, 27.5477180481, -2.21155285835], [-257.092926025, 64.4604644775, 13.568400383, 120.345672607, 208.195388794, 2.31887483597, 62.9429855347, 9.24768829346, 9.07524013519, 13.6159143448, -16.5433959961, 24.8156032562, 15.7436828613], [41.8487434387, 40.4362373352, 10.2441320419, 0.153152272105, 2.31887483597, 213.319290161, 47.4033584595, -2.56877708435, -41.5794258118, 14.4878110886, 3.95107316971, -6.44948196411, -9.62889385223], [-240.913391113, 85.5547714233, -140.615875244, -28.502614975, 62.9429855347, 47.4033584595, 283.660400391, -25.98188591, -8.84563827515, 58.6854248047, -53.103351593, 1.68206071854, 19.232131958], [-28.6408538818, -77.0991287231, 34.7625389099, 44.7291374207, 9.24768829346, -2.56877708435, -25.98188591, 147.644378662, 42.50390625, -15.3484125137, 13.6416788101, 15.5275068283, 6.04835605621], [-41.6871299744, -13.4797449112, 1.12927770615, -11.4146461487, 9.07524013519, -41.5794258118, -8.84563827515, 42.50390625, 105.836387634, 23.4662837982, -4.85744333267, -4.86903810501, 8.02873516083], [52.3038635254, 37.6797904968, -58.6651802063, -7.07376909256, 13.6159143448, 14.4878110886, 58.6854248047, -15.3484125137, 23.4662837982, 115.767379761, 10.668466568, -2.71238708496, -1.84502267838], [91.2691650391, -18.6414527893, 52.205821991, -8.85767173767, -16.5433959961, 3.95107316971, -53.103351593, 13.6416788101, -4.85744333267, 10.668466568, 97.2032241821, 25.9530124664, 1.89367580414], [70.3841171265, -15.1990480423, 2.99808001518, 27.5477180481, 24.8156032562, -6.44948196411, 1.68206071854, 15.5275068283, -4.86903810501, -2.71238708496, 25.9530124664, 79.9782714844, 28.4476070404], [28.2083072662, -26.2964401245, -30.3820419312, -2.21155285835, 15.7436828613, -9.62889385223, 19.232131958, 6.04835605621, 8.02873516083, -1.84502267838, 1.89367580414, 28.4476070404, 76.9027175903]],
