{
"lowlevel": {
    "average_loudness": 0.922269999981,
    "barkbands_crest": {
        "dmean": 2.61983370781,
        "dmean2": 4.27646780014,
        "dvar": 5.69327068329,
        "dvar2": 15.282989502,
        "max": 24.9443683624,
        "mean": 11.4561891556,
        "median": 10.6895208359,
        "min": 3.87476944923,
        "var": 15.9118242264
    },
    "barkbands_flatness_db": {
        "dmean": 0.0245971567929,
        "dmean2": 0.0370325632393,
        "dvar": 0.000575509155169,
        "dvar2": 0.00132835365366,
        "max": 0.397423624992,
        "mean": 0.201048836112,
        "median": 0.196662336588,
        "min": 0.0584531202912,
        "var": 0.00315873418003
    },
    "barkbands_kurtosis": {
        "dmean": 5.95650529861,
        "dmean2": 9.51980113983,
        "dvar": 103.596443176,
        "dvar2": 255.527084351,
        "max": 160.529846191,
        "mean": 11.5943098068,
        "median": 7.46959590912,
        "min": -1.91209542751,
        "var": 182.559768677
    },
    "barkbands_skewness": {
        "dmean": 0.661078751087,
        "dmean2": 0.998980402946,
        "dvar": 0.569935798645,
        "dvar2": 1.28414201736,
        "max": 9.05484008789,
        "mean": 2.31310486794,
        "median": 2.26889443398,
        "min": -2.09076046944,
        "var": 2.37204909325
    },
    "barkbands_spread": {
        "dmean": 3.76671123505,
        "dmean2": 5.70274400711,
        "dvar": 59.7569236755,
        "dvar2": 116.566688538,
        "max": 103.623878479,
        "mean": 11.1193532944,
        "median": 7.68449020386,
        "min": 0.613125443459,
        "var": 189.773117065
    },
    "dissonance": {
        "dmean": 0.026966644451,
        "dmean2": 0.0448678471148,
        "dvar": 0.000660575460643,
        "dvar2": 0.00172630511224,
        "max": 0.500000059605,
        "mean": 0.42476695776,
        "median": 0.436144262552,
        "min": 0.19312094152,
        "var": 0.00249303900637
    },
    "dynamic_complexity": 4.93073940277,
    "erbbands_crest": {
        "dmean": 2.37053442001,
        "dmean2": 3.72402739525,
        "dvar": 5.39986991882,
        "dvar2": 12.3830013275,
        "max": 29.6071205139,
        "mean": 10.2315950394,
        "median": 9.31182098389,
        "min": 2.89454674721,
        "var": 18.3860015869
    },
    "erbbands_flatness_db": {
        "dmean": 0.0199487917125,
        "dmean2": 0.0273783002049,
        "dvar": 0.000414794572862,
        "dvar2": 0.000778852438089,
        "max": 0.337064117193,
        "mean": 0.18965639174,
        "median": 0.190249979496,
        "min": 0.05508165434,
        "var": 0.00317152729258
    },
    "erbbands_kurtosis": {
        "dmean": 1.45328557491,
        "dmean2": 2.29129433632,
        "dvar": 7.67800331116,
        "dvar2": 18.2181072235,
        "max": 57.0165786743,
        "mean": 2.16617846489,
        "median": 1.32672023773,
        "min": -1.77593207359,
        "var": 15.2299509048
    },
    "erbbands_skewness": {
        "dmean": 0.398477554321,
        "dmean2": 0.585371494293,
        "dvar": 0.189589232206,
        "dvar2": 0.397618144751,
        "max": 6.56973981857,
        "mean": 0.924224197865,
        "median": 0.948825120926,
        "min": -3.13025212288,
        "var": 0.895135939121
    },
    "erbbands_spread": {
        "dmean": 7.86649513245,
        "dmean2": 11.5368328094,
        "dvar": 142.661712646,
        "dvar2": 305.595458984,
        "max": 150.785522461,
        "mean": 32.2177276611,
        "median": 25.9944915771,
        "min": 2.93411850929,
        "var": 537.39654541
    },
    "hfc": {
        "dmean": 4.13677072525,
        "dmean2": 5.12262535095,
        "dvar": 53.3578071594,
        "dvar2": 77.853225708,
        "max": 180.230911255,
        "mean": 13.749461174,
        "median": 7.42955780029,
        "min": 1.18496791401e-06,
        "var": 365.912750244
    },
    "melbands_crest": {
        "dmean": 3.13404607773,
        "dmean2": 5.16270399094,
        "dvar": 8.5150346756,
        "dvar2": 22.079328537,
        "max": 32.7487831116,
        "mean": 14.6246995926,
        "median": 13.8936824799,
        "min": 4.49441671371,
        "var": 22.6324748993
    },
    "melbands_flatness_db": {
        "dmean": 0.0269306059927,
        "dmean2": 0.0407483875751,
        "dvar": 0.000705765269231,
        "dvar2": 0.00163656030782,
        "max": 0.522943735123,
        "mean": 0.286065429449,
        "median": 0.278571605682,
        "min": 0.104781992733,
        "var": 0.00462492043152
    },
    "melbands_kurtosis": {
        "dmean": 11.5360507965,
        "dmean2": 17.5632705688,
        "dvar": 381.41796875,
        "dvar2": 829.844665527,
        "max": 195.978546143,
        "mean": 23.2112216949,
        "median": 14.9492988586,
        "min": -1.7433450222,
        "var": 805.43737793
    },
    "melbands_skewness": {
        "dmean": 0.813288927078,
        "dmean2": 1.2091408968,
        "dvar": 0.919022023678,
        "dvar2": 1.89686489105,
        "max": 11.8509483337,
        "mean": 3.0943312645,
        "median": 2.96292757988,
        "min": -1.01255536079,
        "var": 4.03643131256
    },
    "melbands_spread": {
        "dmean": 3.65678977966,
        "dmean2": 5.20475912094,
        "dvar": 77.4609832764,
        "dvar2": 108.503677368,
        "max": 237.905029297,
        "mean": 11.7458782196,
        "median": 7.60495519638,
        "min": 0.613742291927,
        "var": 407.617889404
    },
    "pitch_salience": {
        "dmean": 0.071360476315,
        "dmean2": 0.114841252565,
        "dvar": 0.00410182354972,
        "dvar2": 0.0109120961279,
        "max": 0.887905538082,
        "mean": 0.588272750378,
        "median": 0.602795660496,
        "min": 0.15112093091,
        "var": 0.0125536778942
    },
    "silence_rate_20dB": {
        "dmean": 0,
        "dmean2": 0,
        "dvar": 0,
        "dvar2": 0,
        "max": 1,
        "mean": 1,
        "median": 1,
        "min": 1,
        "var": 0
    },
    "silence_rate_30dB": {
        "dmean": 0.0061919502914,
        "dmean2": 0.0123934932053,
        "dvar": 0.00615355791524,
        "dvar2": 0.0153384739533,
        "max": 1,
        "mean": 0.99535959959,
        "median": 1,
        "min": 0,
        "var": 0.00461877975613
    },
    "silence_rate_60dB": {
        "dmean": 0.0247678011656,
        "dmean2": 0.0495739728212,
        "dvar": 0.0241549089551,
        "dvar2": 0.0564106926322,
        "max": 1,
        "mean": 0.132250577211,
        "median": 0,
        "min": 0,
        "var": 0.114757761359
    },
    "spectral_centroid": {
        "dmean": 132.11756897,
        "dmean2": 193.645797729,
        "dvar": 46384.6757812,
        "dvar2": 86264.2578125,
        "max": 4706.49511719,
        "mean": 636.962036133,
        "median": 506.377441406,
        "min": 166.108551025,
        "var": 220921.96875
    },
    "spectral_complexity": {
        "dmean": 1.75077402592,
        "dmean2": 2.62742066383,
        "dvar": 4.38524627686,
        "dvar2": 8.17483615875,
        "max": 35,
        "mean": 10.4400615692,
        "median": 10,
        "min": 0,
        "var": 34.7925109863
    },
    "spectral_decrease": {
        "dmean": 2.21530305211e-09,
        "dmean2": 3.50405615634e-09,
        "dvar": 1.39050533352e-17,
        "dvar2": 3.19285661483e-17,
        "max": -1.086638451e-15,
        "mean": -6.11146022678e-09,
        "median": -4.62345806085e-09,
        "min": -4.07829787719e-08,
        "var": 3.27540593124e-17
    },
    "spectral_energy": {
        "dmean": 0.00862042233348,
        "dmean2": 0.0135731566697,
        "dvar": 0.000207328281249,
        "dvar2": 0.000470656465041,
        "max": 0.157674953341,
        "mean": 0.0243131835014,
        "median": 0.0183736085892,
        "min": 4.20870316375e-09,
        "var": 0.000507160963025
    },
    "spectral_energyband_high": {
        "dmean": 0.000212387240026,
        "dmean2": 0.000263784022536,
        "dvar": 4.50265901009e-07,
        "dvar2": 5.98713540967e-07,
        "max": 0.020436046645,
        "mean": 0.000456617271993,
        "median": 4.47216734756e-05,
        "min": 3.80671778821e-11,
        "var": 2.96775147035e-06
    },
    "spectral_energyband_low": {
        "dmean": 0.00345527986065,
        "dmean2": 0.00600033719093,
        "dvar": 7.32361950213e-05,
        "dvar2": 0.000213927909499,
        "max": 0.123664937913,
        "mean": 0.00584567477927,
        "median": 0.0024268371053,
        "min": 1.15694676062e-10,
        "var": 9.02877218323e-05
    },
    "spectral_energyband_middle_high": {
        "dmean": 0.00096698210109,
        "dmean2": 0.00111528346315,
        "dvar": 4.82912582811e-06,
        "dvar2": 5.46484125152e-06,
        "max": 0.0460168197751,
        "mean": 0.00331941386685,
        "median": 0.000918818230275,
        "min": 5.55830277638e-11,
        "var": 4.85117634526e-05
    },
    "spectral_energyband_middle_low": {
        "dmean": 0.00626459065825,
        "dmean2": 0.00976942200214,
        "dvar": 0.000134405636345,
        "dvar2": 0.000286484137177,
        "max": 0.149755701423,
        "mean": 0.0158415604383,
        "median": 0.0103391539305,
        "min": 1.57275825696e-09,
        "var": 0.000295447214739
    },
    "spectral_entropy": {
        "dmean": 0.220518484712,
        "dmean2": 0.317391455173,
        "dvar": 0.0561701282859,
        "dvar2": 0.118542514741,
        "max": 8.67887973785,
        "mean": 6.81519460678,
        "median": 6.78418922424,
        "min": 5.02037525177,
        "var": 0.357987433672
    },
    "spectral_flux": {
        "dmean": 0.0219024736434,
        "dmean2": 0.0351833999157,
        "dvar": 0.000856451690197,
        "dvar2": 0.00208590854891,
        "max": 0.288380146027,
        "mean": 0.0664226859808,
        "median": 0.0577219724655,
        "min": 0.000123380028526,
        "var": 0.00223636324517
    },
    "spectral_kurtosis": {
        "dmean": 3.69056391716,
        "dmean2": 6.02967262268,
        "dvar": 19.6048755646,
        "dvar2": 48.3911018372,
        "max": 57.9984893799,
        "mean": 10.2808847427,
        "median": 8.05588340759,
        "min": -1.24584877491,
        "var": 70.4918136597
    },
    "spectral_rms": {
        "dmean": 0.000761062256061,
        "dmean2": 0.00115940789692,
        "dvar": 9.58769533099e-07,
        "dvar2": 2.07901325666e-06,
        "max": 0.0124027915299,
        "mean": 0.00433140993118,
        "median": 0.00423384830356,
        "min": 2.02633941626e-06,
        "var": 4.9590648814e-06
    },
    "spectral_rolloff": {
        "dmean": 275.947753906,
        "dmean2": 461.754058838,
        "dvar": 967072.1875,
        "dvar2": 1961347.125,
        "max": 11089.5996094,
        "mean": 875.716369629,
        "median": 409.130859375,
        "min": 107.666015625,
        "var": 2755688.5
    },
    "spectral_skewness": {
        "dmean": 0.357281386852,
        "dmean2": 0.561981022358,
        "dvar": 0.13775113225,
        "dvar2": 0.303919017315,
        "max": 5.79312562943,
        "mean": 2.41036009789,
        "median": 2.29687356949,
        "min": -0.162772104144,
        "var": 0.865936219692
    },
    "spectral_spread": {
        "dmean": 699048.875,
        "dmean2": 915869.4375,
        "dvar": 953155321856,
        "dvar2": 1.54239421645e+12,
        "max": 15693447,
        "mean": 4131833.25,
        "median": 3404363.5,
        "min": 1252667.125,
        "var": 5.89787928986e+12
    },
    "spectral_strongpeak": {
        "dmean": 0.378848314285,
        "dmean2": 0.623272776604,
        "dvar": 0.362685114145,
        "dvar2": 0.844987273216,
        "max": 8.19275665283,
        "mean": 0.894047021866,
        "median": 0.443509578705,
        "min": 0,
        "var": 1.37070846558
    },
    "zerocrossingrate": {
        "dmean": 0.00849541369826,
        "dmean2": 0.00946796592325,
        "dvar": 0.000225418029004,
        "dvar2": 0.000199079120648,
        "max": 0.3779296875,
        "mean": 0.0391640849411,
        "median": 0.02880859375,
        "min": 0.005859375,
        "var": 0.00201057479717
    },
    "barkbands": {
        "dmean": [0.000128758852952, 0.00150599400513, 0.00198864121921, 0.00136518361978, 0.0046532289125, 0.00114757369738, 0.000379918521503, 0.00063236389542, 0.000476423389046, 0.000395764422137, 0.000236098683672, 0.000224841569434, 0.000289998744847, 0.000185928831343, 0.000106506420707, 5.06550568389e-05, 7.46719815652e-05, 3.43467399944e-05, 2.60418255493e-05, 2.94504843623e-05, 2.83658519038e-05, 2.82233995677e-05, 5.33765196451e-05, 4.02279983973e-05, 4.93966326758e-05, 3.75211820938e-05, 4.11733708461e-06],
        "dmean2": [0.000210977377719, 0.00282954866998, 0.0032689392101, 0.00227384758182, 0.00737738283351, 0.00167537934612, 0.000501378905028, 0.000830491888337, 0.000657156459056, 0.000508722558152, 0.000317221070873, 0.00030800269451, 0.00039031720371, 0.000253503065323, 0.000157777933055, 6.91735185683e-05, 0.000114926748211, 5.27703559783e-05, 3.8900256186e-05, 4.17413575633e-05, 4.44743345724e-05, 4.21567856392e-05, 7.51712723286e-05, 4.57152054878e-05, 7.01383978594e-05, 4.84788142785e-05, 6.0419847614e-06],
        "dvar": [9.80548620078e-08, 2.12302966247e-05, 2.10082180274e-05, 1.06825164039e-05, 0.00010066392133, 5.84992812946e-06, 1.30625426209e-06, 5.11706048201e-06, 1.8475421939e-06, 1.18763716728e-06, 6.85896736741e-07, 5.74142688947e-07, 1.42681051329e-06, 3.49652168552e-07, 1.82799126947e-07, 2.67560000822e-08, 4.29824140724e-08, 1.56692756548e-08, 4.71063410501e-09, 1.07554631867e-08, 1.08083746397e-08, 9.49009404394e-09, 4.75032813085e-08, 5.00329697672e-08, 5.1128413503e-08, 1.2586926168e-08, 2.39353065146e-10],
        "dvar2": [2.64741345291e-07, 6.71088200761e-05, 5.90926974837e-05, 2.78492316284e-05, 0.000222340560867, 1.20892455016e-05, 2.54533119914e-06, 8.99732731341e-06, 3.22657433571e-06, 1.50060463966e-06, 1.11661495339e-06, 8.44789838084e-07, 2.64860887e-06, 6.87266606292e-07, 3.77792616746e-07, 4.83618087799e-08, 1.08529818021e-07, 3.728641218e-08, 9.88298332061e-09, 1.85237603034e-08, 2.61854111727e-08, 2.28459828833e-08, 1.0047345711e-07, 6.10646466725e-08, 8.45287928541e-08, 2.23529390553e-08, 5.35265332058e-10],
        "max": [0.004330185242, 0.0621534325182, 0.0771781131625, 0.0383370891213, 0.144783630967, 0.0399313233793, 0.0349133610725, 0.0506008267403, 0.0444119162858, 0.0256332010031, 0.0189275983721, 0.0204390380532, 0.0290885660797, 0.010582299903, 0.0102321039885, 0.00481715565547, 0.00349135068245, 0.00262976973318, 0.00118124729488, 0.00210569845513, 0.00178754609078, 0.00150355813093, 0.0054445900023, 0.00926567334682, 0.00638495804742, 0.00176412053406, 0.000219336958253],
        "mean": [0.000203199524549, 0.00186998699792, 0.00286319036968, 0.00197953614406, 0.00734986970201, 0.0025201824028, 0.000949519337155, 0.00136195728555, 0.0012730571907, 0.000958628719673, 0.00048887101002, 0.000521056819707, 0.000599127961323, 0.000349950569216, 0.000199341258849, 9.6785450296e-05, 0.00013357057469, 6.11387004028e-05, 5.22683185409e-05, 5.71326527279e-05, 4.18185773015e-05, 4.96142274642e-05, 8.94016993698e-05, 8.22502406663e-05, 9.93879220914e-05, 5.78553954256e-05, 4.49881508757e-06],
        "median": [1.93318719539e-05, 9.14379997994e-05, 0.00114356342237, 0.000863694993313, 0.00360070820898, 0.000978274270892, 0.000286123977276, 0.000131996988785, 0.000207884426345, 0.000183491603821, 8.530310879e-05, 5.58640094823e-05, 4.43477147201e-05, 4.06190301874e-05, 2.87071088678e-05, 2.37222902797e-05, 2.94183555525e-05, 1.61731004482e-05, 1.80436018127e-05, 1.12446996354e-05, 5.31032947038e-06, 6.36959975964e-06, 7.50070194044e-06, 4.82378845845e-06, 2.98348413708e-06, 2.01905777431e-06, 1.34909727834e-08],
        "min": [1.6655838167e-11, 3.5775139795e-11, 2.14353500227e-11, 1.21273158182e-10, 6.07112193851e-10, 3.78819781099e-10, 1.7805769012e-11, 9.38371741421e-11, 7.95840962575e-11, 1.85447854989e-11, 3.14293101093e-12, 6.65736519731e-12, 9.81209211104e-12, 5.89455134009e-12, 7.77209720193e-12, 2.66320971352e-12, 2.45975548957e-12, 1.51757697121e-12, 3.23728175343e-12, 4.34145254469e-12, 5.65720734147e-12, 2.95227904623e-12, 3.81275349834e-12, 4.4600768391e-12, 4.36733635367e-12, 7.84377337387e-12, 7.24058877091e-12],
        "var": [1.87080104297e-07, 2.20992369577e-05, 2.51351884799e-05, 1.12818497655e-05, 0.000148982275277, 1.61695807037e-05, 4.00961926061e-06, 1.52461152538e-05, 1.52638258442e-05, 6.11659697825e-06, 2.55309350905e-06, 3.38546533385e-06, 4.3853679017e-06, 9.33111834911e-07, 5.18563922469e-07, 7.06424643226e-08, 7.56131726121e-08, 2.4029009893e-08, 9.9862669245e-09, 3.02677527486e-08, 1.51317713915e-08, 2.26934453451e-08, 1.70762575635e-07, 2.68616389576e-07, 2.68404420467e-07, 3.71619748307e-08, 3.05492853236e-10]
    },
    "erbbands": {
        "dmean": [0.0508844107389, 0.331285506487, 1.77837336063, 3.44253349304, 11.1691656113, 18.1201629639, 10.1672506332, 8.04929542542, 4.88437366486, 8.69089794159, 13.2826738358, 12.5260820389, 10.4213495255, 8.82273960114, 9.37359428406, 7.82289457321, 13.4405174255, 9.1718006134, 5.44071674347, 3.74919986725, 2.90467190742, 3.84653759003, 2.25362110138, 1.25565803051, 1.31010055542, 1.43953621387, 1.32096683979, 0.821084678173, 1.05731832981, 1.14997732639, 1.52321863174, 1.35745179653, 0.395972132683, 0.761709392071, 0.22029286623, 0.161143124104, 0.0594751685858, 0.0166262555867, 0.000353516661562, 1.70333587448e-05],
        "dmean2": [0.0953766778111, 0.612375378609, 2.98231077194, 5.60578680038, 18.5100021362, 28.4240932465, 15.2119522095, 11.5026798248, 6.39583158493, 12.1906852722, 17.735748291, 16.7531299591, 13.1023292542, 11.3377151489, 11.6847782135, 10.9881658554, 17.150182724, 11.5558462143, 7.74388360977, 5.3998208046, 3.83428955078, 5.95376253128, 3.51657962799, 1.72926187515, 1.92594969273, 2.06009745598, 2.00300693512, 1.25525069237, 1.55800580978, 1.72734677792, 2.19228243828, 1.60067462921, 0.499756813049, 1.10239458084, 0.288299411535, 0.220734849572, 0.0782939195633, 0.0224054735154, 0.000477567838971, 2.35996212723e-05],
        "dvar": [0.0162417460233, 1.36376571655, 23.888671875, 57.096031189, 519.638061523, 1800.33862305, 516.637817383, 285.368774414, 114.036628723, 640.71875, 2742.8137207, 1357.6159668, 682.272705078, 873.790466309, 1017.80108643, 497.255432129, 3049.86376953, 742.164306641, 274.786682129, 167.615631104, 91.2363052368, 124.273361206, 52.4002532959, 9.80000686646, 13.8690290451, 27.8685398102, 25.9980716705, 5.65699958801, 13.2060642242, 18.9191455841, 40.5955352783, 54.040851593, 3.62853145599, 12.2328634262, 0.898139715195, 0.286690473557, 0.0314481109381, 0.00301023083739, 1.37306949455e-06, 1.21379761797e-09],
        "dvar2": [0.0561817511916, 4.14244937897, 70.2144012451, 152.269958496, 1211.01464844, 3938.06152344, 1011.42089844, 615.638305664, 202.691162109, 1152.8359375, 4784.68359375, 2560.56396484, 841.147277832, 1168.04345703, 1595.83032227, 794.095092773, 5557.95800781, 1139.52941895, 573.144226074, 320.117797852, 157.748153687, 330.025512695, 125.287467957, 17.5008296967, 31.4429168701, 50.2536582947, 60.9905052185, 13.6256914139, 31.2086296082, 42.0639266968, 81.0617599487, 58.6019134521, 3.97184610367, 20.8745632172, 1.30831980705, 0.534201204777, 0.0537344887853, 0.00604904070497, 2.74199487649e-06, 2.17048179429e-09],
        "max": [1.24207556248, 16.0788612366, 84.6371307373, 94.473197937, 246.354949951, 648.160888672, 430.401672363, 270.552093506, 209.767791748, 515.013793945, 1441.62182617, 1238.57495117, 850.530029297, 964.725952148, 989.233398438, 551.74597168, 1582.45373535, 583.761352539, 301.013580322, 352.409790039, 327.917755127, 197.207351685, 150.024017334, 62.8741455078, 67.4964370728, 106.887413025, 91.2297744751, 29.5175533295, 66.4521636963, 86.351234436, 187.257751465, 304.059692383, 59.3392906189, 101.258575439, 25.054101944, 10.4094257355, 2.49826002121, 0.661457359791, 0.0142614440992, 0.000417003611801],
        "mean": [0.0707317441702, 0.387219280005, 2.43685913086, 5.82910442352, 16.3567714691, 26.6887378693, 20.3759422302, 19.2604084015, 13.296125412, 21.5778484344, 31.0518455505, 35.2105903625, 25.7538013458, 23.6561527252, 26.2000198364, 19.0888004303, 29.4692401886, 19.998872757, 10.9920148849, 7.90151977539, 5.96016407013, 7.07948064804, 4.469227314, 2.61263084412, 2.53039169312, 2.80491876602, 2.03180098534, 1.37381398678, 1.77856695652, 2.01824116707, 2.62946867943, 2.65714716911, 0.892484664917, 1.50006592274, 0.43534219265, 0.258620768785, 0.0916977673769, 0.0210792310536, 0.000460578739876, 4.12891968153e-05],
        "median": [0.00206254003569, 0.0507824495435, 0.969517588615, 3.15756607056, 7.84768533707, 11.1067447662, 8.73604011536, 7.94885110855, 5.62710285187, 4.14749908447, 4.58187866211, 6.69366979599, 6.5380859375, 4.3062415123, 3.89259433746, 2.86332440376, 2.51376128197, 2.35652017593, 1.68477094173, 1.66601014137, 1.61062765121, 1.69164979458, 1.12448394299, 0.904707014561, 0.777603209019, 0.559101045132, 0.33019310236, 0.185251742601, 0.236073330045, 0.233034983277, 0.210416972637, 0.170655459166, 0.0421190485358, 0.0394077338278, 0.0138499252498, 0.0109970327467, 0.00216349470429, 0.000271665834589, 1.99953974516e-05, 2.40817316808e-05],
        "min": [7.85888965016e-10, 9.05588937172e-09, 3.50329614207e-08, 1.96170461209e-07, 6.78810806676e-07, 1.28021133605e-06, 2.465212674e-06, 2.54451333603e-06, 4.73298229053e-07, 8.9271128445e-07, 2.76742548522e-06, 1.5572763914e-06, 1.13832504667e-06, 2.19029132609e-07, 1.42613046705e-07, 3.39154013318e-07, 4.99890290939e-07, 3.47885560359e-07, 3.07457185045e-07, 3.24992640799e-07, 1.40174847729e-07, 1.42485831134e-07, 8.11873377415e-08, 1.58664533956e-07, 1.41904408224e-07, 2.30612329233e-07, 2.25412790655e-07, 2.16344432147e-07, 1.34913008765e-07, 1.16604041978e-07, 9.36234414439e-08, 8.18977241579e-08, 7.32317246843e-08, 3.93007333344e-08, 3.75746189718e-08, 2.74882836493e-08, 1.3171979063e-08, 4.80858641794e-09, 7.76008979297e-10, 1.36315736476e-10],
        "var": [0.0252328142524, 1.12225759029, 22.6190128326, 67.7772521973, 710.436767578, 2498.41040039, 1307.36682129, 891.255981445, 460.457061768, 2619.54443359, 8828.04003906, 11629.5742188, 3729.82324219, 5566.89941406, 9303.31835938, 2671.50878906, 10162.1396484, 3261.75683594, 745.527404785, 632.97454834, 249.582458496, 198.49861145, 104.300415039, 26.9207935333, 24.3114547729, 75.815071106, 38.8759231567, 10.9053993225, 27.5008964539, 59.6142883301, 153.422042847, 286.238861084, 26.4082889557, 66.0418930054, 4.30307722092, 0.901383638382, 0.0927586480975, 0.00508749345317, 2.32294837588e-06, 3.29598481841e-09]
    },
    "gfcc": {
        "mean": [-71.4112854004, 123.365539551, -95.0409927368, 16.4512233734, -61.9670295715, 3.94173598289, -45.6989173889, -2.77359127998, -30.0589962006, -10.9078378677, -21.3854465485, -4.2047753334, -14.2620477676],
        "cov": [[11828.2431641, -2164.57080078, -563.92565918, 57.7928543091, -304.100616455, 263.018127441, -317.187530518, 199.258544922, -305.316802979, 282.145446777, -230.230148315, 268.415008545, -269.023742676], [-2164.57080078, 1951.90039062, -421.588287354, -89.2208404541, 226.704360962, -233.733642578, 380.66418457, -46.9236412048, 280.079223633, -144.84727478, 302.315734863, -185.739929199, 187.831588745], [-563.92565918, -421.588287354, 1010.24822998, 311.246185303, -50.7947845459, 57.2935142517, 2.9543299675, -3.79049563408, -4.19487142563, 74.899597168, -112.079612732, 139.995605469, 30.1705360413], [57.7928543091, -89.2208404541, 311.246185303, 794.11907959, 61.6503715515, 32.1216697693, 70.2763061523, -71.3720626831, 172.738220215, 83.1583251953, -27.8077297211, 81.81640625, 187.145431519], [-304.100616455, 226.704360962, -50.7947845459, 61.6503715515, 248.693252563, 7.51635885239, 92.0294723511, 23.3507785797, 41.4980926514, 21.7626438141, 32.491809845, -5.29730653763, 33.0148773193], [263.018127441, -233.733642578, 57.2935142517, 32.1216697693, 7.51635885239, 212.314819336, 11.7339982986, 39.2121887207, -13.0700521469, 26.8144493103, 14.400346756, 26.8434562683, -10.0215768814], [-317.187530518, 380.66418457, 2.9543299675, 70.2763061523, 92.0294723511, 11.7339982986, 262.495513916, 44.4011802673, 64.9236526489, -2.01327562332, 78.1675720215, 13.7307605743, 68.5780029297], [199.258544922, -46.9236412048, -3.79049563408, -71.3720626831, 23.3507785797, 39.2121887207, 44.4011802673, 139.004226685, 0.423344612122, 26.5136032104, 14.3661823273, 18.8881206512, -22.943063736], [-305.316802979, 280.079223633, -4.19487142563, 172.738220215, 41.4980926514, -13.0700521469, 64.9236526489, 0.423344612122, 200.480178833, 30.6303539276, 34.5701560974, -16.9820461273, 71.4590148926], [282.145446777, -144.84727478, 74.899597168, 83.1583251953, 21.7626438141, 26.8144493103, -2.01327562332, 26.5136032104, 30.6303539276, 118.889694214, 3.68505859375, 33.538860321, -2.34096550941], [-230.230148315, 302.315734863, -112.079612732, -27.8077297211, 32.491809845, 14.400346756, 78.1675720215, 14.3661823273, 34.5701560974, 3.68505859375, 160.167877197, -12.3931007385, 30.3044433594], [268.415008545, -185.739929199, 139.995605469, 81.81640625, -5.29730653763, 26.8434562683, 13.7307605743, 18.8881206512, -16.9820461273, 33.538860321, -12.3931007385, 119.322624207, 35.5013198853], [-269.023742676, 187.831588745, 30.1705360413, 187.145431519, 33.0148773193, -10.0215768814, 68.5780029297, -22.943063736, 71.4590148926, -2.34096550941, 30.3044433594, 35.5013198853, 147.188766479]],
        "icov": [[0.000137806171551, 0.000101000514405, 0.000219276800635, -0.000113833033538, 0.000145329497172, -1.13098185466e-05, -7.05216662027e-05, -0.000110658729682, 7.95994128566e-05, -0.000201514660148, 8.17297186586e-05, -0.000284884910798, 0.000215049469261], [0.000101000514405, 0.00323002622463, -3.25673900079e-05, 0.00116774858907, -0.00128070148639, 0.00257008895278, -0.00256364583038, 0.00104942009784, -0.0028804957401, 0.00230594538152, -0.00340239470825, 0.00275234505534, -0.00212332210504], [0.000219276800635, -3.25673900079e-05, 0.00180392805487, -0.000757229572628, 0.000671010988299, -0.000331292976625, -0.000319453713018, -0.000137764378451, 0.000424508878496, -0.00078918057261, 0.00116585951764, -0.001866949955, 0.000981282792054], [-0.000113833033538, 0.00116774858907, -0.000757229572628, 0.00335772684775, -0.000974890950602, 0.000442431948613, -0.00104521412868, 0.00199330016039, -0.00264565250836, -0.000231571335462, -0.000480044371216, 0.0010428680107, -0.00363772502169], [0.000145329497172, -0.00128070148639, 0.000671010988299, -0.000974890950602, 0.00568556878716, -0.00117879582103, -0.000556852668524, -0.00104274065234, 0.00147813826334, -0.00236669671722, 0.00175225315616, -0.000885117682628, 0.000840773805976], [-1.13098185466e-05, 0.00257008895278, -0.000331292976625, 0.000442431948613, -0.00117879582103, 0.00747767137364, -0.0019578197971, -0.000528923643287, -0.00171686813701, 0.00168256880715, -0.00378568912856, 0.00187416642439, -0.00100411113817], [-7.05216662027e-05, -0.00256364583038, -0.000319453713018, -0.00104521412868, -0.000556852668524, -0.0019578197971, 0.00811044499278, -0.00287606660277, 0.00148920924403, -0.000401829078328, 0.000403033103794, -0.00246066576801, 8.26964678708e-05], [-0.000110658729682, 0.00104942009784, -0.000137764378451, 0.00199330016039, -0.00104274065234, -0.000528923643287, -0.00287606660277, 0.0104653127491, -0.00225624442101, -0.000970055174548, -0.000836505671032, -0.000885680201463, 0.000587359187193], [7.95994128566e-05, -0.0028804957401, 0.000424508878496, -0.00264565250836, 0.00147813826334, -0.00171686813701, 0.00148920924403, -0.00225624442101, 0.0109851351008, -0.00454068183899, 0.00258150533773, 0.000536008330528, -0.000461982999695], [-0.000201514660148, 0.00230594538152, -0.00078918057261, -0.000231571335462, -0.00236669671722, 0.00168256880715, -0.000401829078328, -0.000970055174548, -0.00454068183899, 0.0141146359965, -0.00425404543057, -0.000590708048549, 0.00127391947899], [8.17297186586e-05, -0.00340239470825, 0.00116585951764, -0.000480044371216, 0.00175225315616, -0.00378568912856, 0.000403033103794, -0.000836505671032, 0.00258150533773, -0.00425404543057, 0.012573922053, -0.00283272541128, 0.000667151005473], [-0.000284884910798, 0.00275234505534, -0.001866949955, 0.0010428680107, -0.000885117682628, 0.00187416642439, -0.00246066576801, -0.000885680201463, 0.000536008330528, -0.000590708048549, -0.00283272541128, 0.0168942883611, -0.00740300118923], [0.000215049469261, -0.00212332210504, 0.000981282792054, -0.00363772502169, 0.000840773805976, -0.00100411113817, 8.26964678708e-05, 0.000587359187193, -0.000461982999695, 0.00127391947899, 0.000667151005473, -0.00740300118923, 0.0160096175969]]
    },
    "melbands": {
        "dmean": [0.000420706695877, 0.000733371882234, 0.000716779206414, 0.00118928903248, 0.000402589736041, 0.000189219237654, 7.53839121899e-05, 0.00010441341874, 0.000117759263958, 6.8549241405e-05, 5.27167721884e-05, 3.74592091248e-05, 3.36920020345e-05, 2.45045412157e-05, 3.03883298329e-05, 2.31970807363e-05, 1.8920738512e-05, 9.27466135181e-06, 8.20703553472e-06, 3.72127487935e-06, 3.27624911733e-06, 4.21913910031e-06, 3.71383589481e-06, 1.36987296173e-06, 1.07809125893e-06, 9.87133603303e-07, 9.86202167041e-07, 1.02878527741e-06, 7.73537010446e-07, 8.94688412245e-07, 4.02227101404e-07, 5.91160244312e-07, 6.30353724773e-07, 7.38896744679e-07, 8.46643388286e-07, 1.10409303034e-06, 7.68002678342e-07, 2.14950929944e-07, 4.72687105457e-07, 7.59904878578e-07],
        "dmean2": [0.000788379111327, 0.0012425155146, 0.00116032012738, 0.00192148343194, 0.000600518193096, 0.000270118442131, 9.95031878119e-05, 0.000144898935105, 0.000157496411703, 9.22083709156e-05, 6.64192921249e-05, 4.83381190861e-05, 4.28480052506e-05, 3.41103041137e-05, 3.99872260459e-05, 2.85483129119e-05, 2.44343809754e-05, 1.31307360789e-05, 1.24846583276e-05, 5.33702132088e-06, 4.47841102869e-06, 6.59852730678e-06, 5.87820477449e-06, 2.02694377549e-06, 1.58207046752e-06, 1.50082507844e-06, 1.41517841712e-06, 1.49169170527e-06, 1.17282922929e-06, 1.45677097407e-06, 6.03367141139e-07, 8.78785897385e-07, 9.45852775658e-07, 1.10817666155e-06, 1.22544486203e-06, 1.55250017997e-06, 9.17525483146e-07, 2.83401931256e-07, 6.92357559728e-07, 1.07751441192e-06],
        "dvar": [1.30066894144e-06, 4.767432074e-06, 2.01003899747e-06, 7.30247529646e-06, 6.64087565383e-07, 1.48319458049e-07, 3.49981554848e-08, 9.6578041564e-08, 1.80507711889e-07, 3.9153292164e-08, 1.82655206515e-08, 1.67814633301e-08, 1.31016122396e-08, 5.968825878e-09, 1.30739170601e-08, 8.86032047731e-09, 3.37416694585e-09, 7.35318306244e-10, 1.67795999317e-09, 1.14941410556e-10, 1.11547861226e-10, 1.76097761373e-10, 1.56929219619e-10, 1.57596730804e-11, 8.02663838173e-12, 8.55373150782e-12, 7.40414240336e-12, 1.91894278245e-11, 7.96389516833e-12, 1.35772313531e-11, 1.63021451807e-12, 3.76203885752e-12, 5.29129301138e-12, 8.85200680117e-12, 1.22861503957e-11, 2.86714697123e-11, 1.90320606497e-11, 1.01761882341e-12, 5.79759547661e-12, 1.10385511495e-11],
        "dvar2": [4.30519276051e-06, 1.40445736179e-05, 5.05274192619e-06, 1.60671661433e-05, 1.33340165576e-06, 3.1273316381e-07, 6.77402240967e-08, 1.76034177457e-07, 3.17948945394e-07, 7.40459640269e-08, 2.21803091449e-08, 2.22374421099e-08, 2.13221262868e-08, 9.2323588774e-09, 2.1529581673e-08, 1.43523886109e-08, 5.63114488372e-09, 1.62271462933e-09, 3.54276896708e-09, 2.2161641966e-10, 1.9851630062e-10, 4.73337091744e-10, 4.24253882025e-10, 2.81003918051e-11, 1.59822172857e-11, 2.02375321362e-11, 1.51411782418e-11, 3.29007342204e-11, 1.68550139124e-11, 3.49672513167e-11, 4.08440295474e-12, 8.73075396701e-12, 1.31589834515e-11, 2.07902046273e-11, 2.65908337016e-11, 4.49747183939e-11, 2.57667897435e-11, 1.32628001463e-12, 9.88291132958e-12, 1.97986748524e-11],
        "max": [0.0140416640788, 0.0362347662449, 0.0167479291558, 0.0369631387293, 0.0143634257838, 0.0054833162576, 0.0048416997306, 0.00619366113096, 0.0120282359421, 0.00669321650639, 0.00440490897745, 0.00426242267713, 0.00297578400932, 0.00246951030567, 0.00219984492287, 0.00229859771207, 0.00126877834555, 0.000414638489019, 0.00105815683492, 0.000236738982494, 0.000361269660061, 0.000270853866823, 0.000235417726799, 0.000110898268758, 4.57514215668e-05, 5.86064561503e-05, 6.08137888776e-05, 9.88472966128e-05, 4.03443482355e-05, 6.02957079536e-05, 2.20951023948e-05, 3.83611622965e-05, 3.54052208422e-05, 6.47718188702e-05, 8.75497426023e-05, 0.000193617088371, 0.000173491338501, 3.40114893334e-05, 6.73905160511e-05, 9.90519838524e-05],
        "mean": [0.000562032801099, 0.00103714247234, 0.00123672687914, 0.00173456501216, 0.000805767602287, 0.000447681319201, 0.000196211927687, 0.000243624395807, 0.000277092534816, 0.000189298705664, 0.000123475343571, 9.66470397543e-05, 8.07101314422e-05, 6.22344596195e-05, 6.44913088763e-05, 4.75024608022e-05, 3.77930336981e-05, 1.68090500665e-05, 1.56590776896e-05, 7.21186188457e-06, 6.45723048365e-06, 7.35779531169e-06, 6.39478730591e-06, 2.63430024461e-06, 2.02994465326e-06, 1.82389567271e-06, 1.73608430032e-06, 1.94725225811e-06, 1.22458425267e-06, 1.19935145904e-06, 6.58881333493e-07, 9.52441212121e-07, 1.043714974e-06, 1.16771047942e-06, 1.34056142542e-06, 1.96203927771e-06, 1.47352955082e-06, 4.35685251432e-07, 9.54441816248e-07, 1.41468217407e-06],
        "median": [2.13206585613e-05, 0.000391339999624, 0.000711703090928, 0.000757195404731, 0.000376963696908, 0.000183394775377, 7.36188085284e-05, 3.97742296627e-05, 4.29166866525e-05, 3.49484871549e-05, 2.71463159152e-05, 1.51308295244e-05, 1.3525790564e-05, 7.0436558417e-06, 6.34791058474e-06, 4.29580995842e-06, 3.99484360969e-06, 2.47649290941e-06, 2.0396621494e-06, 1.89221213986e-06, 1.70807913946e-06, 1.63199933922e-06, 1.42722308283e-06, 6.85875875206e-07, 6.42562440589e-07, 5.87905674365e-07, 4.08995788348e-07, 2.97886970202e-07, 1.88349545738e-07, 1.29224218881e-07, 8.46406820187e-08, 1.1930072219e-07, 1.2774560787e-07, 1.15841459092e-07, 1.1562245561e-07, 1.15927626609e-07, 9.06474255657e-08, 2.14640838436e-08, 2.61759698361e-08, 3.42406565323e-08],
        "min": [1.03567840068e-11, 1.54273763903e-11, 4.67635166701e-11, 1.52193618819e-10, 7.07388245202e-11, 6.07654065954e-11, 2.40132414821e-12, 9.68421523528e-12, 2.44363904112e-11, 8.78882903954e-12, 5.49165140445e-12, 8.95230395891e-13, 4.76506095866e-13, 6.98270814e-13, 7.05147528909e-13, 1.24076356828e-12, 5.40566723328e-13, 3.91659144353e-13, 7.49017980885e-13, 1.92951489747e-13, 1.45378839717e-13, 1.58543778149e-13, 7.54097779772e-14, 8.24643427003e-14, 1.35886080491e-13, 1.06945302494e-13, 9.58402058887e-14, 1.68573434291e-13, 1.48874903833e-13, 1.15727617918e-13, 1.20944283776e-13, 8.73791327922e-14, 4.0617676052e-14, 7.78925128607e-14, 6.44511774137e-14, 3.64352950209e-14, 5.53229947205e-14, 5.42520706365e-14, 3.65205980149e-14, 3.36813164707e-14],
        "var": [1.69786460447e-06, 4.34801722804e-06, 2.7648707146e-06, 9.86964460026e-06, 1.66374218225e-06, 4.69902829536e-07, 1.15705461212e-07, 3.50178737563e-07, 6.41583426386e-07, 3.47384911947e-07, 9.74946345877e-08, 1.05847099974e-07, 6.759587734e-08, 4.89636704515e-08, 4.74114187909e-08, 2.66403201721e-08, 1.22815349002e-08, 1.64898505961e-09, 5.07123187887e-09, 3.00154123778e-10, 2.95119290117e-10, 2.41447917215e-10, 2.6426075217e-10, 4.31710951709e-11, 1.86457654872e-11, 1.32619184731e-11, 1.52179970014e-11, 5.56238805016e-11, 1.4677365226e-11, 1.66208314473e-11, 3.00835159735e-12, 7.97640512668e-12, 1.10869933026e-11, 2.34618158235e-11, 3.43745171216e-11, 1.34156352694e-10, 9.01054439395e-11, 6.43427238572e-12, 3.01989440399e-11, 5.71865957366e-11]
    },
    "mfcc": {
        "mean": [-722.026672363, 156.553878784, 18.3921833038, 15.1298398972, 3.67060494423, -0.137376070023, -7.83278369904, 1.3384449482, -10.4056634903, -4.95119190216, -9.38034915924, -9.9282875061, -7.04293680191],
        "cov": [[10019.3212891, -1013.73822021, -942.498718262, -150.585327148, -128.212341309, 38.4430084229, -101.826156616, 36.3131828308, -173.365982056, 46.3668708801, -61.6554260254, 144.071594238, 118.567024231], [-1013.73822021, 1689.13757324, -464.646820068, -75.538520813, -138.061782837, -192.459960938, 93.0522460938, 85.9034347534, -80.5387573242, 149.102020264, 24.6456127167, 3.64201688766, 39.3694114685], [-942.498718262, -464.646820068, 942.641662598, 233.523406982, 54.7819213867, 128.639389038, -45.0961647034, -12.1440563202, 130.892364502, -106.080238342, 6.8310084343, -18.6534328461, -10.5110940933], [-150.585327148, -75.538520813, 233.523406982, 626.547851562, 61.7951202393, 178.313751221, -49.9512367249, -11.6486902237, 192.360717773, -26.7524242401, 9.48655986786, 27.3635597229, 7.55025053024], [-128.212341309, -138.061782837, 54.7819213867, 61.7951202393, 188.248504639, 58.7336235046, -14.6039524078, -18.3554115295, 30.2791996002, 14.1868391037, 13.1572322845, -14.5103216171, -12.2705497742], [38.4430084229, -192.459960938, 128.639389038, 178.313751221, 58.7336235046, 213.756896973, 10.4588871002, -1.94553267956, 86.9446563721, -23.1258449554, 8.81304264069, 40.9521980286, -5.40348529816], [-101.826156616, 93.0522460938, -45.0961647034, -49.9512367249, -14.6039524078, 10.4588871002, 215.334442139, 56.6549186707, -7.81954813004, 3.84307193756, -2.71748232841, 63.1761932373, 18.8123321533], [36.3131828308, 85.9034347534, -12.1440563202, -11.6486902237, -18.3554115295, -1.94553267956, 56.6549186707, 118.997421265, 30.2671031952, 12.1529579163, 0.845750570297, 23.0838565826, 21.9008312225], [-173.365982056, -80.5387573242, 130.892364502, 192.360717773, 30.2791996002, 86.9446563721, -7.81954813004, 30.2671031952, 194.487594604, -15.2070035934, 10.8369941711, 8.91441059113, 0.184420883656], [46.3668708801, 149.102020264, -106.080238342, -26.7524242401, 14.1868391037, -23.1258449554, 3.84307193756, 12.1529579163, -15.2070035934, 138.727386475, 44.9617729187, 13.1481733322, 8.60696792603], [-61.6554260254, 24.6456127167, 6.8310084343, 9.48655986786, 13.1572322845, 8.81304264069, -2.71748232841, 0.845750570297, 10.8369941711, 44.9617729187, 98.5003967285, 16.4430370331, 15.4656162262], [144.071594238, 3.64201688766, -18.6534328461, 27.3635597229, -14.5103216171, 40.9521980286, 63.1761932373, 23.0838565826, 8.91441059113, 13.1481733322, 16.4430370331, 120.626441956, 31.5001964569], [118.567024231, 39.3694114685, -10.5110940933, 7.55025053024, -12.2705497742, -5.40348529816, 18.8123321533, 21.9008312225, 0.184420883656, 8.60696792603, 15.4656162262, 31.5001964569, 85.3421096802]],
