{
"lowlevel": {
    "average_loudness": 0.976432025433,
    "barkbands_crest": {
        "dmean": 4.19781017303,
        "dmean2": 6.40348863602,
        "dvar": 13.2769327164,
        "dvar2": 27.8255119324,
        "max": 26.5542583466,
        "mean": 14.0528087616,
        "median": 13.3958129883,
        "min": 2.94361042976,
        "var": 32.3311843872
    },
    "barkbands_flatness_db": {
        "dmean": 0.0551075525582,
        "dmean2": 0.0806398019195,
        "dvar": 0.00351845147088,
        "dvar2": 0.00681484676898,
        "max": 0.612325012684,
        "mean": 0.315299332142,
        "median": 0.309727102518,
        "min": 0.0938177108765,
        "var": 0.0103790452704
    },
    "barkbands_kurtosis": {
        "dmean": 25.958562851,
        "dmean2": 39.783744812,
        "dvar": 7144.88378906,
        "dvar2": 16388.4316406,
        "max": 1602.14074707,
        "mean": 23.9022006989,
        "median": 2.4947552681,
        "min": -1.94467830658,
        "var": 6899.99511719
    },
    "barkbands_skewness": {
        "dmean": 1.68914961815,
        "dmean2": 2.28663158417,
        "dvar": 5.37585306168,
        "dvar2": 9.80774879456,
        "max": 37.81067276,
        "mean": 2.20281386375,
        "median": 1.19454944134,
        "min": -4.11030054092,
        "var": 11.7148275375
    },
    "barkbands_spread": {
        "dmean": 4.71753692627,
        "dmean2": 7.41286993027,
        "dvar": 44.9745178223,
        "dvar2": 102.847953796,
        "max": 48.5431175232,
        "mean": 8.64968585968,
        "median": 6.18131113052,
        "min": 0.125296249986,
        "var": 73.7773971558
    },
    "dissonance": {
        "dmean": 0.0536248758435,
        "dmean2": 0.0896904096007,
        "dvar": 0.00331338727847,
        "dvar2": 0.00916020013392,
        "max": 0.499747306108,
        "mean": 0.405769765377,
        "median": 0.424726307392,
        "min": 0.0655091330409,
        "var": 0.00585782667622
    },
    "dynamic_complexity": 5.36052942276,
    "erbbands_crest": {
        "dmean": 3.87645959854,
        "dmean2": 6.14224529266,
        "dvar": 13.4255828857,
        "dvar2": 29.6336803436,
        "max": 31.3162975311,
        "mean": 12.499089241,
        "median": 11.5311870575,
        "min": 3.02441334724,
        "var": 35.1193695068
    },
    "erbbands_flatness_db": {
        "dmean": 0.0378458127379,
        "dmean2": 0.0536335967481,
        "dvar": 0.00147089548409,
        "dvar2": 0.00274248886853,
        "max": 0.529034554958,
        "mean": 0.300594031811,
        "median": 0.30827152729,
        "min": 0.122644387186,
        "var": 0.0076976204291
    },
    "erbbands_kurtosis": {
        "dmean": 3.77038216591,
        "dmean2": 6.19954299927,
        "dvar": 72.4507675171,
        "dvar2": 186.240722656,
        "max": 165.930404663,
        "mean": 3.27402615547,
        "median": 0.861491680145,
        "min": -1.85576570034,
        "var": 72.4820404053
    },
    "erbbands_skewness": {
        "dmean": 0.885721981525,
        "dmean2": 1.29597043991,
        "dvar": 0.962779045105,
        "dvar2": 2.00361990929,
        "max": 11.0722370148,
        "mean": 0.120188005269,
        "median": 0.0270222760737,
        "min": -4.42727041245,
        "var": 2.15024161339
    },
    "erbbands_spread": {
        "dmean": 10.4446620941,
        "dmean2": 16.1261310577,
        "dvar": 209.555267334,
        "dvar2": 470.263946533,
        "max": 123.359397888,
        "mean": 22.7045593262,
        "median": 14.7438497543,
        "min": 0.656323492527,
        "var": 472.007537842
    },
    "hfc": {
        "dmean": 8.68334102631,
        "dmean2": 13.8140935898,
        "dvar": 390.083740234,
        "dvar2": 845.225280762,
        "max": 155.254135132,
        "mean": 8.20712089539,
        "median": 1.2789567709,
        "min": 4.96631719216e-06,
        "var": 412.33682251
    },
    "melbands_crest": {
        "dmean": 4.74699258804,
        "dmean2": 7.69493198395,
        "dvar": 19.3418636322,
        "dvar2": 45.2144203186,
        "max": 31.5919799805,
        "mean": 17.6242980957,
        "median": 17.1169090271,
        "min": 4.33928728104,
        "var": 51.3335037231
    },
    "melbands_flatness_db": {
        "dmean": 0.0624578818679,
        "dmean2": 0.0879805088043,
        "dvar": 0.0049573094584,
        "dvar2": 0.00926106236875,
        "max": 0.766348183155,
        "mean": 0.384561300278,
        "median": 0.381008923054,
        "min": 0.0445169582963,
        "var": 0.0169919170439
    },
    "melbands_kurtosis": {
        "dmean": 33.4941253662,
        "dmean2": 50.8892097473,
        "dvar": 6119.69238281,
        "dvar2": 13445.6396484,
        "max": 801.456665039,
        "mean": 35.6894187927,
        "median": 4.38385486603,
        "min": -1.87118577957,
        "var": 7340.19287109
    },
    "melbands_skewness": {
        "dmean": 1.82461416721,
        "dmean2": 2.59024453163,
        "dvar": 5.02902698517,
        "dvar2": 10.9116201401,
        "max": 20.3360767365,
        "mean": 2.86972522736,
        "median": 1.72166264057,
        "min": -3.44634246826,
        "var": 12.0083847046
    },
    "melbands_spread": {
        "dmean": 6.36936283112,
        "dmean2": 10.2600135803,
        "dvar": 87.7791748047,
        "dvar2": 209.731964111,
        "max": 97.0702133179,
        "mean": 11.340549469,
        "median": 8.43549156189,
        "min": 0.288131982088,
        "var": 134.25189209
    },
    "pitch_salience": {
        "dmean": 0.129542142153,
        "dmean2": 0.201297491789,
        "dvar": 0.0170639939606,
        "dvar2": 0.0376923084259,
        "max": 0.940619587898,
        "mean": 0.436801403761,
        "median": 0.45269715786,
        "min": 0.0397824123502,
        "var": 0.0359936729074
    },
    "silence_rate_20dB": {
        "dmean": 0,
        "dmean2": 0,
        "dvar": 0,
        "dvar2": 0,
        "max": 1,
        "mean": 1,
        "median": 1,
        "min": 1,
        "var": 0
    },
    "silence_rate_30dB": {
        "dmean": 0.0906274169683,
        "dmean2": 0.181325063109,
        "dvar": 0.0824136734009,
        "dvar2": 0.166265249252,
        "max": 1,
        "mean": 0.917924880981,
        "median": 1,
        "min": 0,
        "var": 0.075336791575
    },
    "silence_rate_60dB": {
        "dmean": 0.160340815783,
        "dmean2": 0.320805877447,
        "dvar": 0.134629413486,
        "dvar2": 0.241906866431,
        "max": 1,
        "mean": 0.451025933027,
        "median": 0,
        "min": 0,
        "var": 0.247603654861
    },
    "spectral_centroid": {
        "dmean": 250.692276001,
        "dmean2": 382.876464844,
        "dvar": 172490.96875,
        "dvar2": 291823.4375,
        "max": 11362.7548828,
        "mean": 789.310974121,
        "median": 594.750671387,
        "min": 90.2269897461,
        "var": 404444.375
    },
    "spectral_complexity": {
        "dmean": 3.80015492439,
        "dmean2": 5.75668334961,
        "dvar": 67.2722244263,
        "dvar2": 120.035972595,
        "max": 59,
        "mean": 6.82229948044,
        "median": 4,
        "min": 0,
        "var": 94.6163406372
    },
    "spectral_decrease": {
        "dmean": 6.63722588001e-09,
        "dmean2": 1.06041886383e-08,
        "dvar": 2.11111990379e-16,
        "dvar2": 4.9759485176e-16,
        "max": -2.98829623901e-15,
        "mean": -6.27947249754e-09,
        "median": -8.13617229145e-10,
        "min": -9.22845089235e-08,
        "var": 1.95817884075e-16
    },
    "spectral_energy": {
        "dmean": 0.0256955735385,
        "dmean2": 0.0409512035549,
        "dvar": 0.00310459150933,
        "dvar2": 0.00727213872597,
        "max": 0.351736217737,
        "mean": 0.0244445577264,
        "median": 0.00323833990842,
        "min": 1.17289662427e-08,
        "var": 0.00291705294512
    },
    "spectral_energyband_high": {
        "dmean": 0.000511435559019,
        "dmean2": 0.000806434894912,
        "dvar": 3.29440103997e-06,
        "dvar2": 7.34741206543e-06,
        "max": 0.0153289837763,
        "mean": 0.00042482643039,
        "median": 3.05453511373e-07,
        "min": 5.79901821007e-11,
        "var": 3.1588872389e-06
    },
    "spectral_energyband_low": {
        "dmean": 0.0219888798892,
        "dmean2": 0.0361707061529,
        "dvar": 0.0030954037793,
        "dvar2": 0.00760738737881,
        "max": 0.349908947945,
        "mean": 0.0191043093801,
        "median": 9.30590249482e-05,
        "min": 7.38247374343e-09,
        "var": 0.00258606229909
    },
    "spectral_energyband_middle_high": {
        "dmean": 0.00278389896266,
        "dmean2": 0.00478412257507,
        "dvar": 4.87910365337e-05,
        "dvar2": 0.000127603823785,
        "max": 0.0634569749236,
        "mean": 0.0022991350852,
        "median": 0.00020522189152,
        "min": 1.74282421828e-09,
        "var": 3.86367428291e-05
    },
    "spectral_energyband_middle_low": {
        "dmean": 0.00340821966529,
        "dmean2": 0.00602913368493,
        "dvar": 6.25375105301e-05,
        "dvar2": 0.000170978222741,
        "max": 0.083321928978,
        "mean": 0.00304569792934,
        "median": 0.000822246249299,
        "min": 1.80115866666e-09,
        "var": 4.31764965469e-05
    },
    "spectral_entropy": {
        "dmean": 0.40829744935,
        "dmean2": 0.620250046253,
        "dvar": 0.240840926766,
        "dvar2": 0.447240263224,
        "max": 9.81080245972,
        "mean": 6.36044740677,
        "median": 6.21608543396,
        "min": 3.9371638298,
        "var": 0.787672877312
    },
    "spectral_flux": {
        "dmean": 0.0566817373037,
        "dmean2": 0.0811023935676,
        "dvar": 0.00645487336442,
        "dvar2": 0.011034223251,
        "max": 0.5261952281,
        "mean": 0.0848287045956,
        "median": 0.030522076413,
        "min": 0.000108300351712,
        "var": 0.012791113928
    },
    "spectral_kurtosis": {
        "dmean": 19.5574703217,
        "dmean2": 31.1849479675,
        "dvar": 591.653198242,
        "dvar2": 1343.30041504,
        "max": 248.838516235,
        "mean": 40.5050125122,
        "median": 23.8585567474,
        "min": -1.14711999893,
        "var": 2087.89892578
    },
    "spectral_rms": {
        "dmean": 0.00183198123705,
        "dmean2": 0.00261443969794,
        "dvar": 8.23730442789e-06,
        "dvar2": 1.57934027811e-05,
        "max": 0.018524505198,
        "mean": 0.00324886571616,
        "median": 0.00177745777182,
        "min": 3.38273457601e-06,
        "var": 1.32932227643e-05
    },
    "spectral_rolloff": {
        "dmean": 337.985778809,
        "dmean2": 583.857971191,
        "dvar": 403873.25,
        "dvar2": 1001903.9375,
        "max": 5641.69921875,
        "mean": 768.474121094,
        "median": 645.99609375,
        "min": 64.599609375,
        "var": 528308.5625
    },
    "spectral_skewness": {
        "dmean": 1.29100394249,
        "dmean2": 2.02852940559,
        "dvar": 1.88652586937,
        "dvar2": 4.15585136414,
        "max": 13.0655603409,
        "mean": 3.98390698433,
        "median": 3.5421538353,
        "min": -0.0654573068023,
        "var": 7.72986555099
    },
    "spectral_spread": {
        "dmean": 665017.0625,
        "dmean2": 978198.5,
        "dvar": 1.15211527782e+12,
        "dvar2": 1.54558346035e+12,
        "max": 40219164,
        "mean": 2290892.75,
        "median": 1785614.625,
        "min": 384001.1875,
        "var": 2.72702767104e+12
    },
    "spectral_strongpeak": {
        "dmean": 0.352638214827,
        "dmean2": 0.575418591499,
        "dvar": 0.387663245201,
        "dvar2": 0.982399106026,
        "max": 12.7543268204,
        "mean": 0.589732408524,
        "median": 0.358231902122,
        "min": 0,
        "var": 0.70494633913
    },
    "zerocrossingrate": {
        "dmean": 0.00705946516246,
        "dmean2": 0.00820221658796,
        "dvar": 5.6141641835e-05,
        "dvar2": 6.73188551445e-05,
        "max": 0.15185546875,
        "mean": 0.0280859079212,
        "median": 0.025390625,
        "min": 0.00244140625,
        "var": 0.00033504536259
    },
    "barkbands": {
        "dmean": [7.66279699747e-05, 0.0137254148722, 0.00937050487846, 0.000977044925094, 0.00169925612863, 0.000219336187001, 0.000132337154355, 0.000161307500093, 0.00037410936784, 0.000356679985998, 0.00139754486736, 0.000159502378665, 0.000238011736656, 0.000188774138223, 0.000182612115168, 0.000152248394443, 8.74594115885e-05, 6.39334248262e-05, 0.000104548125819, 0.000129872350954, 0.000200520662474, 0.000166102327057, 5.05993339175e-05, 1.96414166567e-05, 2.86366662294e-06, 4.53819737345e-09, 3.243987301e-09],
        "dmean2": [0.000138400951982, 0.0226450003684, 0.0170522239059, 0.00184015487321, 0.0029520469252, 0.000395195151214, 0.000229359371588, 0.000277013808955, 0.00061831343919, 0.000666423235089, 0.00248504709452, 0.000277878920315, 0.000428581930464, 0.000338266603649, 0.000306697853375, 0.000267924333457, 0.000138028655783, 9.98712421278e-05, 0.000158560564159, 0.000211040780414, 0.000311250478262, 0.000270933145657, 7.75461812736e-05, 3.16898767778e-05, 4.78356696476e-06, 7.81450637533e-09, 6.18651396778e-09],
        "dvar": [7.27241413756e-08, 0.00113893474918, 0.000819715845864, 8.41812470753e-06, 2.2117556e-05, 8.4499129116e-07, 1.0693914021e-07, 2.14764654061e-07, 1.66702523074e-06, 1.03400270746e-06, 2.25751446123e-05, 3.29129676402e-07, 1.0394921901e-06, 8.70401379416e-07, 1.25764540826e-06, 7.15629994374e-07, 9.31944938998e-08, 4.71956269621e-08, 1.49088037915e-07, 2.40733101009e-07, 5.29994792942e-07, 3.90758231106e-07, 2.70680757808e-08, 3.54804341463e-09, 8.457475692e-11, 1.580108517e-15, 3.20559894174e-15],
        "dvar2": [2.16065529912e-07, 0.00278087495826, 0.00227405526675, 2.40708559431e-05, 6.05188688496e-05, 2.37517770074e-06, 2.96190989957e-07, 5.68587154248e-07, 4.26109954788e-06, 2.90287562166e-06, 6.24103558948e-05, 8.53503308917e-07, 2.9332700251e-06, 2.45567525781e-06, 2.74977674053e-06, 1.74843125933e-06, 1.78010054697e-07, 1.11943855075e-07, 3.28665151983e-07, 5.81168080771e-07, 1.16292142138e-06, 9.56426106313e-07, 5.51134426985e-08, 8.27446200447e-09, 2.15908152468e-10, 4.65935798922e-15, 9.54876250362e-15],
        "max": [0.00358502008021, 0.200106829405, 0.182139769197, 0.0200419984758, 0.0429879948497, 0.024772753939, 0.00428127031773, 0.00746975652874, 0.0271749831736, 0.0133583769202, 0.0496444515884, 0.0142949894071, 0.0196278970689, 0.0208931807429, 0.0381137095392, 0.0196200571954, 0.00531191471964, 0.00212002289481, 0.00365640642121, 0.00597876869142, 0.00612737610936, 0.00570884346962, 0.00145190861076, 0.000555473612621, 0.00010043837392, 1.38399570915e-06, 2.01220655072e-06],
        "mean": [6.68398934067e-05, 0.0118222702295, 0.00681263674051, 0.000643669220153, 0.00139850645792, 0.000191241982975, 0.000147103972267, 0.000162074691616, 0.000453188346, 0.000241111629293, 0.00102604913991, 0.000146845297422, 0.000175586057594, 0.000147248094436, 0.000188206613529, 0.000114861599286, 8.76352569321e-05, 5.903737474e-05, 9.95707159746e-05, 0.000101331279438, 0.000171964289621, 0.000126362632727, 4.37778653577e-05, 1.52828924911e-05, 2.14263241105e-06, 3.3645342068e-09, 2.00860994504e-09],
        "median": [8.87116698323e-07, 3.21744337271e-05, 3.46646957041e-05, 3.77193719032e-05, 0.000169997103512, 6.20469727437e-05, 5.56227169e-05, 3.79108969355e-05, 8.32510995679e-05, 1.3506317373e-05, 3.98539850721e-05, 8.59891952132e-06, 3.8818725443e-06, 4.400294074e-06, 2.56039925262e-06, 9.4162953701e-07, 5.72823296352e-07, 2.61103423327e-07, 2.44047981823e-07, 1.71134487914e-07, 1.02222720955e-07, 4.77548276479e-08, 2.40816699915e-08, 1.38162032925e-08, 2.55507259794e-09, 1.12481121639e-10, 9.84402351301e-11],
        "min": [3.61284648032e-11, 4.88877871518e-09, 1.19140297627e-09, 2.52171367121e-10, 1.93244781288e-10, 3.19643561619e-10, 5.08096897889e-11, 3.44998474233e-11, 8.27412749427e-10, 1.51483520172e-10, 3.2277902573e-11, 5.39377598141e-10, 2.32707061953e-10, 2.2636877095e-10, 1.58952656593e-10, 1.07098413471e-10, 1.46550604985e-10, 2.2807787603e-10, 3.05541980605e-11, 1.2373971639e-11, 6.99965172629e-12, 6.0991298817e-12, 5.5286756076e-12, 1.35860402789e-11, 8.60112935736e-12, 4.74132582154e-12, 6.13209873504e-12],
        "var": [4.74841996834e-08, 0.000970075256191, 0.000507776450831, 4.79271056975e-06, 1.52767661348e-05, 5.30061754489e-07, 9.61570947311e-08, 1.88148632674e-07, 2.01154762181e-06, 6.43690214019e-07, 1.48864401126e-05, 3.66554900211e-07, 7.00241969298e-07, 6.39998177121e-07, 1.8639202608e-06, 5.85995849178e-07, 1.0908013337e-07, 4.49686829995e-08, 1.58848095566e-07, 2.02918911896e-07, 5.24402480551e-07, 3.22986096535e-07, 2.92055979401e-08, 3.19258242065e-09, 6.50218698328e-11, 8.44968727962e-16, 1.64256925593e-15]
    },
    "erbbands": {
        "dmean": [0.170718476176, 3.86312317848, 12.1254558563, 5.47128915787, 4.44614601135, 6.45322322845, 2.33778858185, 1.81365132332, 1.44235706329, 2.71328687668, 5.12647008896, 7.20079803467, 9.96691894531, 43.5339317322, 25.4834709167, 6.52340269089, 10.9535732269, 10.2637729645, 8.41616153717, 11.3315620422, 5.93594503403, 4.52165174484, 3.25105714798, 4.37106561661, 5.60672950745, 6.67977428436, 8.63869476318, 7.13348579407, 5.9080786705, 3.29563832283, 1.37317931652, 0.65105432272, 0.192196905613, 0.0594743750989, 0.00315979262814, 0.000175138644408, 2.42343903665e-05, 5.99164877713e-06, 1.31648812385e-05, 2.88665851258e-05],
        "dmean2": [0.263625532389, 6.43441867828, 21.645198822, 9.78469181061, 7.74892997742, 11.3838376999, 4.16219377518, 3.29032993317, 2.5317595005, 4.6962480545, 8.50980091095, 12.0771751404, 17.9087276459, 77.1819152832, 45.4912338257, 11.4609880447, 19.6400794983, 18.3767433167, 13.9151630402, 19.7188873291, 9.82292366028, 7.02647590637, 5.03710508347, 6.62136077881, 8.42723178864, 10.7741355896, 13.5447559357, 11.0747356415, 9.39054107666, 5.26124620438, 2.11246991158, 1.04623711109, 0.303512006998, 0.09654250741, 0.0051213814877, 0.000277412182186, 3.70418565581e-05, 9.41855250858e-06, 2.07976845559e-05, 4.58417234768e-05],
        "dvar": [0.144145607948, 93.7832641602, 1238.70666504, 274.611450195, 139.977035522, 341.157745361, 76.7308273315, 39.8646774292, 15.3127679825, 57.5812606812, 297.421112061, 599.916931152, 876.500976562, 21365.9414062, 6032.26416016, 465.052947998, 1717.22387695, 3619.29052734, 1666.78967285, 3187.07275391, 1089.7755127, 254.407745361, 117.473701477, 243.734176636, 418.384338379, 631.477661133, 1044.64355469, 641.58203125, 474.56338501, 141.192611694, 19.9606189728, 4.13451433182, 0.306999623775, 0.0329152345657, 0.000101756784716, 3.04519204519e-07, 9.08557495904e-09, 1.32072719428e-09, 8.24698420665e-10, 3.80947717815e-09],
        "dvar2": [0.332073032856, 231.860977173, 3367.84545898, 757.907714844, 383.498077393, 938.406555176, 213.571792603, 111.44556427, 42.9893913269, 161.634506226, 746.196350098, 1497.45068359, 2422.35424805, 59197.390625, 16664.109375, 1203.06384277, 4757.57275391, 10335.3935547, 3961.63378906, 7616.22802734, 2406.28271484, 506.578216553, 250.963577271, 566.540344238, 875.947570801, 1499.04846191, 2391.45239258, 1420.06774902, 1112.5324707, 325.71661377, 41.2773857117, 9.54962539673, 0.681712687016, 0.0801264941692, 0.000250739365583, 7.43201724163e-07, 2.39405864022e-08, 3.70607744493e-09, 1.86713644545e-09, 8.78477912636e-09],
        "max": [2.34668111801, 57.5409164429, 228.250274658, 128.397232056, 130.398178101, 226.623748779, 224.756469727, 136.437850952, 66.7547988892, 128.206726074, 344.234008789, 437.346923828, 553.405822754, 1541.00720215, 800.083740234, 521.095458984, 548.241088867, 1598.59301758, 1132.63891602, 1192.46484375, 968.80480957, 336.392883301, 117.767662048, 125.632606506, 183.193283081, 304.694152832, 266.838012695, 213.667160034, 204.025802612, 96.5037612915, 39.906085968, 20.8726215363, 4.39123439789, 1.98147964478, 0.152049392462, 0.00955681689084, 0.00293314503506, 0.00124015670735, 0.00041679982678, 0.000381855061278],
        "mean": [0.155584856868, 3.24993538857, 9.17162704468, 4.01328849792, 3.7854821682, 4.96435594559, 1.94497871399, 1.51244783401, 1.40570700169, 2.99722146988, 6.13370037079, 8.08883476257, 8.33569335938, 32.8860168457, 18.2445526123, 5.83768701553, 8.28321075439, 8.50152778625, 7.67082452774, 9.76139450073, 5.09922599792, 4.46226358414, 3.31464552879, 3.94754004478, 5.41147232056, 5.2754907608, 7.0611281395, 6.03195905685, 4.70056581497, 2.62413811684, 1.17604959011, 0.511545240879, 0.156770646572, 0.0466283597052, 0.0024955230765, 0.000145266749314, 2.21619829972e-05, 5.27348174728e-06, 1.27211442305e-05, 2.76807641058e-05],
        "median": [0.00102239300031, 0.00896308664232, 0.0477744303644, 0.115512505174, 0.344292223454, 0.684292435646, 0.472086697817, 0.475936204195, 0.4888022542, 1.02609717846, 1.22997248173, 1.38758051395, 1.07741594315, 1.75061893463, 0.886705815792, 0.454551279545, 0.266396731138, 0.244941800833, 0.203237608075, 0.12059789151, 0.0569907128811, 0.0339539609849, 0.01778004691, 0.0137672442943, 0.0126383602619, 0.00841227732599, 0.00540200667456, 0.00324552459642, 0.00190145696979, 0.00107976328582, 0.000641190505121, 0.000357014330802, 0.00021432088397, 6.13899392192e-05, 9.96603466774e-06, 3.52903907697e-06, 1.70076407358e-06, 3.83024485018e-07, 1.67660243733e-06, 3.68899623027e-06],
        "min": [9.29206223077e-08, 9.43388954511e-07, 1.61688171829e-06, 9.92842842606e-07, 9.51733341026e-07, 4.69829359417e-07, 3.45070276353e-07, 3.61602951671e-06, 1.71040551322e-06, 6.22106540504e-07, 1.9824908577e-06, 1.1470678146e-05, 1.94085187104e-05, 2.54090628005e-06, 5.02721559315e-06, 2.39129312831e-05, 1.24889565996e-05, 1.35996497193e-05, 4.97679775435e-06, 8.55930102261e-06, 5.59941327083e-06, 9.73828809947e-06, 1.26430040837e-05, 3.08433777718e-06, 1.44316834394e-06, 5.68266216305e-07, 3.48896264768e-07, 2.4388515385e-07, 2.02105880476e-07, 2.03970131452e-07, 1.63186570035e-07, 1.69114542814e-07, 2.91576895961e-07, 1.19369744311e-07, 5.55505046407e-08, 2.0158010372e-08, 8.57662030285e-09, 3.49203732597e-09, 9.11994590957e-10, 1.04220042318e-10],
        "var": [0.148643374443, 77.0265884399, 812.185180664, 174.251449585, 98.3410491943, 224.756454468, 48.7662734985, 25.462677002, 10.4667224884, 48.9417877197, 349.818878174, 661.717407227, 703.56628418, 14204.8193359, 4000.99487305, 504.100067139, 1200.78991699, 2779.21313477, 1805.64611816, 3389.00244141, 1041.47802734, 287.410919189, 129.719223022, 239.839401245, 462.468780518, 547.215332031, 959.508789062, 632.805908203, 422.442016602, 128.017456055, 21.1129817963, 3.76895689964, 0.300056248903, 0.027869053185, 8.395351324e-05, 2.58280948628e-07, 6.70230271282e-09, 8.21211654234e-10, 8.18845768968e-10, 3.6796250491e-09]
    },
    "gfcc": {
        "mean": [-229.395324707, 185.309814453, -121.115951538, 8.68133449554, -58.1860542297, 6.05072927475, -12.3943605423, -13.6360502243, -4.6562871933, -24.949300766, -2.45238351822, -20.0443820953, 4.08729934692],
        "cov": [[14111.5751953, -2946.94287109, -872.076599121, 3658.51855469, 678.578491211, 1239.13891602, 477.211120605, 287.546905518, 185.133056641, 133.067932129, -4.71155309677, -62.7696990967, -93.3388900757], [-2946.94287109, 2025.3560791, 867.395507812, -1754.13928223, 277.933197021, -296.045928955, 139.117538452, -183.359970093, -115.803421021, -129.117477417, -101.769813538, 89.809211731, 9.34861278534], [-872.076599121, 867.395507812, 2597.2121582, 60.3149871826, 220.709960938, 533.147583008, 577.543334961, 271.544647217, 137.38420105, 130.992126465, 4.79916191101, 12.5773181915, 36.1357345581], [3658.51855469, -1754.13928223, 60.3149871826, 2654.50732422, 141.675628662, 520.228942871, 164.680969238, 395.504119873, 305.39074707, 196.745788574, 199.495788574, -77.8581619263, -19.3906612396], [678.578491211, 277.933197021, 220.709960938, 141.675628662, 857.888916016, 202.293289185, 164.641921997, 139.308776855, 104.209281921, 6.27299594879, -8.79310035706, 61.5153541565, -41.3406257629], [1239.13891602, -296.045928955, 533.147583008, 520.228942871, 202.293289185, 637.083251953, 309.652374268, 174.323150635, 131.608825684, 152.218429565, 68.7876281738, 13.9107732773, 31.8460159302], [477.211120605, 139.117538452, 577.543334961, 164.680969238, 164.641921997, 309.652374268, 491.380126953, 185.880233765, 49.8738670349, 59.0642471313, 66.4687652588, 56.7775115967, 17.1603012085], [287.546905518, -183.359970093, 271.544647217, 395.504119873, 139.308776855, 174.323150635, 185.880233765, 327.26473999, 157.670974731, 74.4180603027, 70.6348342896, 17.1872406006, 14.6483755112], [185.133056641, -115.803421021, 137.38420105, 305.39074707, 104.209281921, 131.608825684, 49.8738670349, 157.670974731, 270.165557861, 137.821426392, 52.4281158447, -14.7795038223, -1.47169864178], [133.067932129, -129.117477417, 130.992126465, 196.745788574, 6.27299594879, 152.218429565, 59.0642471313, 74.4180603027, 137.821426392, 199.318664551, 87.7704315186, -29.2257575989, -16.675786972], [-4.71155309677, -101.769813538, 4.79916191101, 199.495788574, -8.79310035706, 68.7876281738, 66.4687652588, 70.6348342896, 52.4281158447, 87.7704315186, 155.977035522, 32.4262199402, -8.97912120819], [-62.7696990967, 89.809211731, 12.5773181915, -77.8581619263, 61.5153541565, 13.9107732773, 56.7775115967, 17.1872406006, -14.7795038223, -29.2257575989, 32.4262199402, 111.964431763, 33.6253929138], [-93.3388900757, 9.34861278534, 36.1357345581, -19.3906612396, -41.3406257629, 31.8460159302, 17.1603012085, 14.6483755112, -1.47169864178, -16.675786972, -8.97912120819, 33.6253929138, 91.1283187866]],
        "icov": [[0.000170744853676, 3.76751922886e-05, 0.000123924110085, -0.000221574868192, -5.70911251998e-05, -0.000233660175581, -0.000197718458367, 0.000162244905368, 8.9091467089e-05, -4.65547964268e-05, 0.000466931669507, -0.000176106666913, 0.000245551200351], [3.76751922886e-05, 0.00362943392247, -0.00137745961547, 0.00214932812378, -0.00166187714785, 0.00190850684885, -0.00133096415084, 0.00191431003623, -0.00168062758166, 0.00152861874085, -0.00212815008126, 0.000944191066083, -0.00111364445183], [0.000123924110085, -0.00137745961547, 0.00121540308464, -0.000921372324228, 0.000623683736194, -0.00118008127902, -0.000182128889719, -0.000794743187726, 0.000655256968457, -0.00076678179903, 0.00155197142158, -0.000325104600051, 0.000590760202613], [-0.000221574868192, 0.00214932812378, -0.000921372324228, 0.00224233535118, -0.000899827748071, 0.000940209603868, -0.000333423289703, 0.00042967335321, -0.00147600553464, 0.00155210040975, -0.00272038741969, 0.0015747762518, -0.00093694915995], [-5.70911251998e-05, -0.00166187714785, 0.000623683736194, -0.000899827748071, 0.00240006414242, -0.0013479430927, 0.000543734524399, -0.00129181682132, 8.44303140184e-05, -0.000171973471879, 0.00169173278846, -0.00178815820254, 0.00213474035263], [-0.000233660175581, 0.00190850684885, -0.00118008127902, 0.000940209603868, -0.0013479430927, 0.00489535508677, -0.00189534854144, 0.00113558932208, -0.000665184983518, -0.00150181376375, -0.00108042394277, 0.000640625366941, -0.00254338793457], [-0.000197718458367, -0.00133096415084, -0.000182128889719, -0.000333423289703, 0.000543734524399, -0.00189534854144, 0.00502159725875, -0.0026045856066, 0.00154952681623, -0.000358165067155, -0.000514632032719, -0.00143094628584, 0.000754159642383], [0.000162244905368, 0.00191431003623, -0.000794743187726, 0.00042967335321, -0.00129181682132, 0.00113558932208, -0.0026045856066, 0.00745432870463, -0.00386775052175, 0.00202868040651, -0.00220649666153, 0.000802947673947, -0.0015192105202], [8.9091467089e-05, -0.00168062758166, 0.000655256968457, -0.00147600553464, 8.44303140184e-05, -0.000665184983518, 0.00154952681623, -0.00386775052175, 0.00916857551783, -0.00644632801414, 0.00295350374654, -0.00118126743473, -1.42177241287e-05], [-4.65547964268e-05, 0.00152861874085, -0.00076678179903, 0.00155210040975, -0.000171973471879, -0.00150181376375, -0.000358165067155, 0.00202868040651, -0.00644632801414, 0.0142699545249, -0.00797916576266, 0.00511347968131, 0.000452134787338], [0.000466931669507, -0.00212815008126, 0.00155197142158, -0.00272038741969, 0.00169173278846, -0.00108042394277, -0.000514632032719, -0.00220649666153, 0.00295350374654, -0.00797916576266, 0.015596780926, -0.00772629166022, 0.00407421635464], [-0.000176106666913, 0.000944191066083, -0.000325104600051, 0.0015747762518, -0.00178815820254, 0.000640625366941, -0.00143094628584, 0.000802947673947, -0.00118126743473, 0.00511347968131, -0.00772629166022, 0.0160760246217, -0.00648445123807], [0.000245551200351, -0.00111364445183, 0.000590760202613, -0.00093694915995, 0.00213474035263, -0.00254338793457, 0.000754159642383, -0.0015192105202, -1.42177241287e-05, 0.000452134787338, 0.00407421635464, -0.00648445123807, 0.0157417524606]]
    },
    "melbands": {
        "dmean": [0.0026882791426, 0.00606027245522, 0.000936720112804, 0.00042762098019, 0.000118620038847, 4.02731893701e-05, 2.34293420363e-05, 2.82881701423e-05, 4.70504528494e-05, 4.91812243126e-05, 4.71280545753e-05, 0.000164602111909, 0.000135838155984, 1.76229586941e-05, 1.7357597244e-05, 2.8888001907e-05, 1.80288625415e-05, 1.28060228235e-05, 1.72947056853e-05, 1.31937595143e-05, 5.95646451984e-06, 5.24207916897e-06, 3.31490446115e-06, 3.06687661578e-06, 3.5601287891e-06, 4.32695469499e-06, 3.35956542585e-06, 4.90519778396e-06, 5.01019712829e-06, 5.00203668707e-06, 4.07984180129e-06, 3.6524920688e-06, 2.86331828647e-06, 1.32585694246e-06, 8.75797070421e-07, 4.34110404512e-07, 3.99905928816e-07, 1.34882711222e-07, 8.53816644053e-08, 3.42754731264e-08],
        "dmean2": [0.00431935815141, 0.0104729523882, 0.00165454216767, 0.00074729451444, 0.000210804631934, 7.31149120838e-05, 4.09879139625e-05, 4.90395941597e-05, 7.71998384153e-05, 8.30730059533e-05, 8.53297678987e-05, 0.000291803735308, 0.000242051944952, 3.08481248794e-05, 3.05105149891e-05, 5.22633963556e-05, 3.24997781718e-05, 2.15510226553e-05, 2.95141981042e-05, 2.33031296375e-05, 9.50900448515e-06, 8.11338031781e-06, 5.42420366401e-06, 4.84177144244e-06, 5.46552428204e-06, 6.68356142342e-06, 5.10472318638e-06, 8.14834584162e-06, 7.85043812357e-06, 7.82039114711e-06, 6.37738821752e-06, 5.84855933994e-06, 4.68734560855e-06, 2.07702782973e-06, 1.35282220981e-06, 6.62002946683e-07, 6.65868469696e-07, 2.13422481465e-07, 1.38175522579e-07, 5.62085240574e-08],
        "dvar": [3.98982483603e-05, 0.000270302494755, 7.03187879481e-06, 1.41951545629e-06, 1.40848939623e-07, 2.14001065757e-08, 3.49238038488e-09, 6.05893113459e-09, 3.0068807888e-08, 3.04152152353e-08, 2.18135873808e-08, 3.01678994674e-07, 2.0163010106e-07, 2.21357598917e-09, 6.50983000838e-09, 1.80578041409e-08, 1.09424522776e-08, 3.27002647182e-09, 1.17017773249e-08, 4.85006346196e-09, 1.12749043435e-09, 3.30546701122e-10, 1.26309199211e-10, 1.09428181794e-10, 1.66668345791e-10, 2.77985967578e-10, 1.40107259128e-10, 3.70063202304e-10, 3.5768546458e-10, 3.37868844014e-10, 2.12909287423e-10, 1.87017359932e-10, 1.172234948e-10, 2.09656909889e-11, 8.32258567618e-12, 1.80084311178e-12, 1.67794890395e-12, 1.52990779225e-13, 6.58896290935e-14, 1.16820954494e-14],
        "dvar2": [9.41129255807e-05, 0.000703678932041, 1.91873696167e-05, 3.90732338929e-06, 3.85872510833e-07, 5.99101639409e-08, 9.71705915731e-09, 1.69710272502e-08, 7.45650936551e-08, 7.72069554955e-08, 6.03959193768e-08, 8.35858031678e-07, 5.57045723326e-07, 5.83395376452e-09, 1.70794471899e-08, 5.11648607926e-08, 3.13004129282e-08, 8.24123436161e-09, 2.53141383411e-08, 1.25628432102e-08, 2.3752824152e-09, 6.85773382525e-10, 2.43761316687e-10, 2.51951043362e-10, 4.01088356972e-10, 6.3264987693e-10, 2.75991507426e-10, 9.23711329648e-10, 8.21971601894e-10, 7.9520845464e-10, 4.70475713943e-10, 4.46821774025e-10, 2.86994150667e-10, 4.4986681047e-11, 1.75938673352e-11, 3.59593539841e-12, 4.20655741143e-12, 3.35845690451e-13, 1.57805937913e-13, 2.87614306286e-14],
        "max": [0.0360149815679, 0.105819836259, 0.0198547560722, 0.0105171790347, 0.00745369354263, 0.00343131623231, 0.000939975667279, 0.00127299316227, 0.00358381005935, 0.00363323371857, 0.00277034007013, 0.00579339405522, 0.00470664491877, 0.000452345469967, 0.00217334763147, 0.00268587097526, 0.00274456641637, 0.00111978629138, 0.00355914467946, 0.00138373952359, 0.00116678711493, 0.000322340521961, 0.000132382469019, 0.000106815772597, 0.000102972437162, 0.000161519477842, 0.000110553897684, 0.000245754374191, 0.000161597519764, 0.000164011216839, 0.000116761781101, 0.000134814719786, 8.63673558342e-05, 3.57309363608e-05, 2.59510561591e-05, 1.23284635265e-05, 1.32432705868e-05, 3.15288752972e-06, 2.80698782262e-06, 1.40682379879e-06],
        "mean": [0.00237258267589, 0.00487810047343, 0.000723782926798, 0.00034846260678, 9.30715614231e-05, 3.40497172147e-05, 2.4204438887e-05, 2.99033163174e-05, 5.83887958783e-05, 5.44054091733e-05, 3.84450941056e-05, 0.000123857578728, 9.80194890872e-05, 1.38681152748e-05, 1.62150117831e-05, 2.12598370126e-05, 1.46389547808e-05, 1.03980728454e-05, 1.77318725036e-05, 9.42347742239e-06, 5.32556441613e-06, 4.88705200041e-06, 3.61298202733e-06, 2.82573614641e-06, 3.13751047543e-06, 3.91063213101e-06, 3.30066518472e-06, 3.63584831575e-06, 4.05784476243e-06, 4.1265307118e-06, 3.42671751241e-06, 2.86249178316e-06, 2.15459658648e-06, 1.11238205136e-06, 7.36449749184e-07, 3.84442245149e-07, 2.90018419946e-07, 1.11506238909e-07, 6.7821183336e-08, 2.67288005062e-08],
        "median": [8.58910607349e-06, 2.2783948225e-05, 3.1483334169e-05, 3.7876998249e-05, 1.94622134586e-05, 1.09895254354e-05, 9.06311561266e-06, 1.02542626337e-05, 1.0028809811e-05, 8.9113609647e-06, 4.14904889112e-06, 6.48147306492e-06, 4.09865788242e-06, 7.15371925253e-07, 7.08496372681e-07, 3.40008796229e-07, 3.85938278669e-07, 2.33854621001e-07, 2.17182105189e-07, 7.39665040328e-08, 4.98852159581e-08, 3.33486092075e-08, 2.00486383051e-08, 1.12430056376e-08, 1.02053148154e-08, 8.37248759211e-09, 7.33199101433e-09, 4.37680292009e-09, 3.21129345338e-09, 2.39982878014e-09, 1.38475975131e-09, 1.1106923159e-09, 7.09964143031e-10, 5.22912435574e-10, 3.77633035953e-10, 2.36351493932e-10, 1.97270255686e-10, 1.53313042817e-10, 8.77726571979e-11, 2.7367393074e-11],
        "min": [1.58195490041e-09, 1.01070585234e-09, 1.8348128572e-10, 5.32206431703e-11, 1.12879341291e-11, 7.51171624902e-11, 2.48360342708e-11, 5.54365060801e-12, 2.01717462178e-11, 9.94420518152e-11, 9.62631016566e-11, 7.27789009614e-12, 5.87206151759e-12, 6.97500321389e-11, 3.76740340313e-11, 2.0578632548e-11, 2.5792821004e-11, 4.82857373876e-12, 1.53386019164e-11, 8.70392560109e-12, 5.66173150029e-12, 7.21410648233e-12, 1.82309254498e-11, 6.96528468583e-12, 1.85088446306e-12, 1.14036362818e-12, 5.86525457109e-13, 3.53942840748e-13, 2.18942729615e-13, 2.42048026587e-13, 9.06571367455e-14, 1.04771145102e-13, 1.25443736345e-13, 9.81258192648e-14, 7.96831066299e-14, 9.79008134326e-14, 1.12703317273e-13, 2.45553333526e-13, 1.19843533968e-13, 9.4904647834e-14],
        "var": [3.68397959392e-05, 0.000197099274374, 4.59056673208e-06, 9.67176902122e-07, 9.26082464048e-08, 1.35813493785e-08, 2.64188848575e-09, 4.91058083085e-09, 3.73677622179e-08, 3.28614682132e-08, 1.74101710826e-08, 2.00321750299e-07, 1.32853926971e-07, 1.84063386754e-09, 7.34859373352e-09, 1.24424142101e-08, 8.23582091414e-09, 2.72239875088e-09, 1.84882136267e-08, 3.57938589879e-09, 1.14132447937e-09, 3.55556140086e-10, 1.54442486577e-10, 1.07392109094e-10, 1.57013874125e-10, 2.70693939486e-10, 1.63184854518e-10, 2.90963753091e-10, 3.24480969871e-10, 3.09320458136e-10, 2.0825267899e-10, 1.61327909365e-10, 9.60873325351e-11, 2.10413683005e-11, 8.54528080241e-12, 2.02222505234e-12, 1.32321237301e-12, 1.52228666413e-13, 5.74680480612e-14, 9.6591037916e-15]
    },
    "mfcc": {
        "mean": [-847.485961914, 179.437698364, 20.5249881744, 0.763879477978, -7.83382463455, 3.69091439247, 2.87700152397, 6.0139169693, 3.32383465767, 1.89629340172, -5.24974775314, -6.87749147415, -4.91025209427],
        "cov": [[12754.8847656, -2723.85693359, -1908.25891113, 2229.28808594, 599.544799805, 1378.33728027, 258.270324707, 634.30847168, 202.041183472, 346.396484375, 194.820083618, 312.798065186, 8.24315452576], [-2723.85693359, 2657.36962891, 477.553924561, -1142.25634766, -122.755363464, -280.242218018, 127.87638855, -66.8070755005, -7.18369531631, -207.559188843, -163.449127197, -194.649185181, -25.5349617004], [-1908.25891113, 477.553924561, 2192.04370117, 87.3080368042, -142.642059326, 235.247848511, 310.792602539, 160.573623657, 289.914886475, 192.591644287, 100.006278992, 154.822570801, 71.602394104], [2229.28808594, -1142.25634766, 87.3080368042, 1354.48791504, 424.277313232, 356.086242676, 161.142456055, 320.529571533, 171.273498535, 249.497039795, 184.464035034, 198.661590576, 108.725463867], [599.544799805, -122.755363464, -142.642059326, 424.277313232, 556.043823242, 214.942489624, 64.4383087158, 157.272171021, 100.193130493, 122.587150574, 81.3528594971, 59.811466217, 60.2417221069], [1378.33728027, -280.242218018, 235.247848511, 356.086242676, 214.942489624, 562.463012695, 240.346420288, 188.222763062, 159.341506958, 162.842834473, 127.888687134, 122.518386841, 36.5920791626], [258.270324707, 127.87638855, 310.792602539, 161.142456055, 64.4383087158, 240.346420288, 367.375793457, 238.063232422, 103.343177795, 92.0189666748, 77.3240814209, 69.7130584717, 51.9025421143], [634.30847168, -66.8070755005, 160.573623657, 320.529571533, 157.272171021, 188.222763062, 238.063232422, 343.609832764, 181.092010498, 99.7727050781, 65.2455368042, 81.5774383545, 73.4376296997], [202.041183472, -7.18369531631, 289.914886475, 171.273498535, 100.193130493, 159.341506958, 103.343177795, 181.092010498, 235.641937256, 152.24987793, 54.2190170288, 50.9435577393, 48.3687820435], [346.396484375, -207.559188843, 192.591644287, 249.497039795, 122.587150574, 162.842834473, 92.0189666748, 99.7727050781, 152.24987793, 247.431671143, 150.388381958, 86.9214935303, 47.6841011047], [194.820083618, -163.449127197, 100.006278992, 184.464035034, 81.3528594971, 127.888687134, 77.3240814209, 65.2455368042, 54.2190170288, 150.388381958, 212.075881958, 148.350982666, 36.1105079651], [312.798065186, -194.649185181, 154.822570801, 198.661590576, 59.811466217, 122.518386841, 69.7130584717, 81.5774383545, 50.9435577393, 86.9214935303, 148.350982666, 182.412719727, 81.7094039917], [8.24315452576, -25.5349617004, 71.602394104, 108.725463867, 60.2417221069, 36.5920791626, 51.9025421143, 73.4376296997, 48.3687820435, 47.6841011047, 36.1105079651, 81.7094039917, 127.991348267]],
