{
"lowlevel": {
    "average_loudness": 0.901529371738,
    "barkbands_crest": {
        "dmean": 2.23806357384,
        "dmean2": 3.55688786507,
        "dvar": 4.39900112152,
        "dvar2": 10.1159820557,
        "max": 24.3071746826,
        "mean": 9.97971439362,
        "median": 9.25775146484,
        "min": 2.85271859169,
        "var": 14.9408302307
    },
    "barkbands_flatness_db": {
        "dmean": 0.0172240380198,
        "dmean2": 0.025519920513,
        "dvar": 0.000253473641351,
        "dvar2": 0.000515534833539,
        "max": 0.330674499273,
        "mean": 0.176098182797,
        "median": 0.173979952931,
        "min": 0.0719993636012,
        "var": 0.00131926417816
    },
    "barkbands_kurtosis": {
        "dmean": 1.28977072239,
        "dmean2": 1.99290788174,
        "dvar": 5.38803195953,
        "dvar2": 10.5867166519,
        "max": 65.5569381714,
        "mean": 1.40895283222,
        "median": 0.342884778976,
        "min": -1.90929973125,
        "var": 14.2859735489
    },
    "barkbands_skewness": {
        "dmean": 0.368347585201,
        "dmean2": 0.548018217087,
        "dvar": 0.150512516499,
        "dvar2": 0.308354109526,
        "max": 6.52668428421,
        "mean": 0.980469346046,
        "median": 0.859324514866,
        "min": -1.04490351677,
        "var": 0.727677404881
    },
    "barkbands_spread": {
        "dmean": 4.40127515793,
        "dmean2": 6.48428058624,
        "dvar": 35.9294624329,
        "dvar2": 71.1107559204,
        "max": 81.4871368408,
        "mean": 21.0127887726,
        "median": 18.284992218,
        "min": 1.49860262871,
        "var": 135.351669312
    },
    "dissonance": {
        "dmean": 0.0199346095324,
        "dmean2": 0.0331256054342,
        "dvar": 0.000436737842392,
        "dvar2": 0.00117817043792,
        "max": 0.499525606632,
        "mean": 0.454095035791,
        "median": 0.459917485714,
        "min": 0.26034745574,
        "var": 0.000967744505033
    },
    "dynamic_complexity": 2.2669608593,
    "erbbands_crest": {
        "dmean": 2.39018368721,
        "dmean2": 3.74592900276,
        "dvar": 5.53763771057,
        "dvar2": 13.2998695374,
        "max": 30.9852027893,
        "mean": 10.5678300858,
        "median": 9.47852325439,
        "min": 2.85867214203,
        "var": 22.8997211456
    },
    "erbbands_flatness_db": {
        "dmean": 0.0144955217838,
        "dmean2": 0.0197151564062,
        "dvar": 0.000199523274205,
        "dvar2": 0.000355030642822,
        "max": 0.328592658043,
        "mean": 0.212150216103,
        "median": 0.210999116302,
        "min": 0.111295007169,
        "var": 0.00147362903226
    },
    "erbbands_kurtosis": {
        "dmean": 0.779784083366,
        "dmean2": 1.2007380724,
        "dvar": 1.13050174713,
        "dvar2": 2.45619177818,
        "max": 20.0447692871,
        "mean": 0.773462533951,
        "median": 0.0980281829834,
        "min": -1.66466152668,
        "var": 4.46899652481
    },
    "erbbands_skewness": {
        "dmean": 0.287632912397,
        "dmean2": 0.434299707413,
        "dvar": 0.079901099205,
        "dvar2": 0.17457677424,
        "max": 3.56846356392,
        "mean": 0.203529983759,
        "median": 0.172596916556,
        "min": -2.12412381172,
        "var": 0.448354184628
    },
    "erbbands_spread": {
        "dmean": 6.27265310287,
        "dmean2": 9.05445194244,
        "dvar": 53.3664207458,
        "dvar2": 112.254951477,
        "max": 101.981033325,
        "mean": 31.7962436676,
        "median": 29.0261325836,
        "min": 4.12472915649,
        "var": 258.68081665
    },
    "hfc": {
        "dmean": 6.29642248154,
        "dmean2": 9.22345066071,
        "dvar": 87.1221313477,
        "dvar2": 185.610153198,
        "max": 132.882034302,
        "mean": 24.9055557251,
        "median": 22.6843566895,
        "min": 0.000257243314991,
        "var": 288.462280273
    },
    "melbands_crest": {
        "dmean": 2.75741410255,
        "dmean2": 4.45312452316,
        "dvar": 6.1547908783,
        "dvar2": 15.260055542,
        "max": 30.913526535,
        "mean": 13.3010158539,
        "median": 12.4759149551,
        "min": 4.30980968475,
        "var": 20.5731487274
    },
    "melbands_flatness_db": {
        "dmean": 0.0207752306014,
        "dmean2": 0.0298324897885,
        "dvar": 0.000455384142697,
        "dvar2": 0.000878996041138,
        "max": 0.396811574697,
        "mean": 0.179933175445,
        "median": 0.178132221103,
        "min": 0.0474440716207,
        "var": 0.00225732428953
    },
    "melbands_kurtosis": {
        "dmean": 2.8263874054,
        "dmean2": 4.32035779953,
        "dvar": 24.6740989685,
        "dvar2": 52.533946991,
        "max": 137.995498657,
        "mean": 5.50571870804,
        "median": 2.90823936462,
        "min": -1.64436984062,
        "var": 73.6117858887
    },
    "melbands_skewness": {
        "dmean": 0.478222459555,
        "dmean2": 0.708978891373,
        "dvar": 0.2456471771,
        "dvar2": 0.523897171021,
        "max": 9.80791282654,
        "mean": 1.75708055496,
        "median": 1.56948328018,
        "min": -0.854168117046,
        "var": 1.43663680553
    },
    "melbands_spread": {
        "dmean": 6.30601644516,
        "dmean2": 9.52276802063,
        "dvar": 74.460395813,
        "dvar2": 157.012893677,
        "max": 143.948669434,
        "mean": 27.349395752,
        "median": 24.4550132751,
        "min": 1.52976715565,
        "var": 241.247879028
    },
    "pitch_salience": {
        "dmean": 0.0560725666583,
        "dmean2": 0.0892446711659,
        "dvar": 0.00253589288332,
        "dvar2": 0.00608895765617,
        "max": 0.807578265667,
        "mean": 0.531774222851,
        "median": 0.528755486012,
        "min": 0.205012783408,
        "var": 0.00856412854046
    },
    "silence_rate_20dB": {
        "dmean": 0,
        "dmean2": 0,
        "dvar": 0,
        "dvar2": 0,
        "max": 1,
        "mean": 1,
        "median": 1,
        "min": 1,
        "var": 0
    },
    "silence_rate_30dB": {
        "dmean": 0,
        "dmean2": 0,
        "dvar": 0,
        "dvar2": 0,
        "max": 1,
        "mean": 1,
        "median": 1,
        "min": 1,
        "var": 0
    },
    "silence_rate_60dB": {
        "dmean": 0.0030959751457,
        "dmean2": 0.0061943475157,
        "dvar": 0.00308635295369,
        "dvar2": 0.00770438602194,
        "max": 1,
        "mean": 0.0139264985919,
        "median": 0,
        "min": 0,
        "var": 0.0137329790741
    },
    "spectral_centroid": {
        "dmean": 211.329910278,
        "dmean2": 313.085693359,
        "dvar": 60097.6914062,
        "dvar2": 121890.875,
        "max": 3332.13085938,
        "mean": 1278.68359375,
        "median": 1201.29284668,
        "min": 285.209533691,
        "var": 237973
    },
    "spectral_complexity": {
        "dmean": 3.09907126427,
        "dmean2": 4.73093318939,
        "dvar": 11.8624172211,
        "dvar2": 22.6758956909,
        "max": 53,
        "mean": 20.3698253632,
        "median": 20,
        "min": 0,
        "var": 60.1331253052
    },
    "spectral_decrease": {
        "dmean": 1.50455425896e-09,
        "dmean2": 2.28011654002e-09,
        "dvar": 3.22197870771e-18,
        "dvar2": 7.61395352027e-18,
        "max": -6.52829773204e-14,
        "mean": -6.36698027634e-09,
        "median": -6.06570704775e-09,
        "min": -2.79889356136e-08,
        "var": 1.23536033044e-17
    },
    "spectral_energy": {
        "dmean": 0.00609672348946,
        "dmean2": 0.00919933989644,
        "dvar": 5.22296941199e-05,
        "dvar2": 0.000121916302305,
        "max": 0.110877625644,
        "mean": 0.0262894406915,
        "median": 0.0251753982157,
        "min": 2.69725518365e-07,
        "var": 0.000207903722185
    },
    "spectral_energyband_high": {
        "dmean": 0.000435643509263,
        "dmean2": 0.000626749533694,
        "dvar": 9.85647602647e-07,
        "dvar2": 2.16837906919e-06,
        "max": 0.0121926274151,
        "mean": 0.000820487155579,
        "median": 0.000332769646775,
        "min": 1.05661195349e-08,
        "var": 1.78435425369e-06
    },
    "spectral_energyband_low": {
        "dmean": 0.00091166596394,
        "dmean2": 0.00159254902974,
        "dvar": 1.49366599089e-06,
        "dvar2": 4.93969264426e-06,
        "max": 0.0120073184371,
        "mean": 0.00193836796097,
        "median": 0.00147742731497,
        "min": 5.47179297428e-08,
        "var": 2.96996381621e-06
    },
    "spectral_energyband_middle_high": {
        "dmean": 0.00242931582034,
        "dmean2": 0.00351602141745,
        "dvar": 9.18133628147e-06,
        "dvar2": 1.91985691345e-05,
        "max": 0.0626083239913,
        "mean": 0.00948733463883,
        "median": 0.00790221057832,
        "min": 7.7220263961e-08,
        "var": 5.56334707653e-05
    },
    "spectral_energyband_middle_low": {
        "dmean": 0.004802566953,
        "dmean2": 0.00730421207845,
        "dvar": 3.92972433474e-05,
        "dvar2": 9.51512338361e-05,
        "max": 0.0934193506837,
        "mean": 0.0147690633312,
        "median": 0.0127047561109,
        "min": 9.0714699752e-08,
        "var": 0.000112080888357
    },
    "spectral_entropy": {
        "dmean": 0.158135026693,
        "dmean2": 0.210769429803,
        "dvar": 0.0295149683952,
        "dvar2": 0.0525924563408,
        "max": 8.51095962524,
        "mean": 7.3883266449,
        "median": 7.36538410187,
        "min": 5.93668460846,
        "var": 0.147175937891
    },
    "spectral_flux": {
        "dmean": 0.0203792769462,
        "dmean2": 0.0304995197803,
        "dvar": 0.000405244907597,
        "dvar2": 0.000881756190211,
        "max": 0.24570608139,
        "mean": 0.0724442973733,
        "median": 0.0658885240555,
        "min": 0.000519351044204,
        "var": 0.00140459067188
    },
    "spectral_kurtosis": {
        "dmean": 1.84842741489,
        "dmean2": 3.10734891891,
        "dvar": 3.61159992218,
        "dvar2": 10.0091161728,
        "max": 29.1842727661,
        "mean": 3.84596538544,
        "median": 3.25706100464,
        "min": -1.0530153513,
        "var": 7.88386249542
    },
    "spectral_rms": {
        "dmean": 0.000575663056225,
        "dmean2": 0.000857576786075,
        "dvar": 3.55959770104e-07,
        "dvar2": 7.79602885359e-07,
        "max": 0.0104006389156,
        "mean": 0.00484874192625,
        "median": 0.00495594227687,
        "min": 1.62218020705e-05,
        "var": 2.13794714909e-06
    },
    "spectral_rolloff": {
        "dmean": 430.174255371,
        "dmean2": 706.161132812,
        "dvar": 648041.0625,
        "dvar2": 1424905.875,
        "max": 9043.9453125,
        "mean": 1710.51855469,
        "median": 1421.19140625,
        "min": 193.798828125,
        "var": 1489016.75
    },
    "spectral_skewness": {
        "dmean": 0.230612769723,
        "dmean2": 0.37110710144,
        "dvar": 0.0466816239059,
        "dvar2": 0.115107223392,
        "max": 3.81163692474,
        "mean": 1.42862403393,
        "median": 1.39467656612,
        "min": -0.110270373523,
        "var": 0.169105857611
    },
    "spectral_spread": {
        "dmean": 431303.96875,
        "dmean2": 583235.125,
        "dvar": 280669290496,
        "dvar2": 465788928000,
        "max": 10048534,
        "mean": 3859991.25,
        "median": 3579029.5,
        "min": 1733861.125,
        "var": 1.2917253079e+12
    },
    "spectral_strongpeak": {
        "dmean": 0.717200040817,
        "dmean2": 1.20118498802,
        "dvar": 1.00961267948,
        "dvar2": 2.39299869537,
        "max": 13.3189945221,
        "mean": 1.63858664036,
        "median": 1.00503432751,
        "min": 0.000414197827922,
        "var": 2.62589430809
    },
    "zerocrossingrate": {
        "dmean": 0.00900523643941,
        "dmean2": 0.0103988973424,
        "dvar": 0.000133826091769,
        "dvar2": 0.000157553877216,
        "max": 0.263671875,
        "mean": 0.060904443264,
        "median": 0.05419921875,
        "min": 0.0126953125,
        "var": 0.000841518223751
    },
    "barkbands": {
        "dmean": [9.62855665421e-07, 9.36343276408e-05, 0.000659537618048, 0.00102199718822, 0.00299016968347, 0.000782560557127, 0.000515652878676, 0.000755232525989, 0.000842357403599, 0.00077252543997, 0.000954060524236, 0.000679845397826, 0.000386266416172, 0.000254914775724, 0.000626934575848, 0.000275928119663, 0.000275112077361, 0.000157297909027, 0.000130448897835, 0.000150240710354, 0.000100203447801, 0.00010134508193, 0.000120329445053, 9.69621905824e-05, 3.22774176311e-05, 2.44143070205e-08, 9.4371122028e-10],
        "dmean2": [1.6976337065e-06, 0.000154059234774, 0.00115179712884, 0.00169747543987, 0.00466695707291, 0.00122278393246, 0.000775146356318, 0.00109812139999, 0.00123429810628, 0.00109177606646, 0.00140198657755, 0.00104539620224, 0.000601599051151, 0.000396551535232, 0.00101511459798, 0.000427417544415, 0.000434378860518, 0.000237137894146, 0.000204935000511, 0.000235512925428, 0.000155703295604, 0.000153556495206, 0.000175842418685, 0.000145457612234, 4.91998107464e-05, 3.9246724981e-08, 1.72792991027e-09],
        "dvar": [8.69597623077e-12, 2.24659562065e-08, 1.00196405128e-06, 2.43210934059e-06, 1.86638098967e-05, 4.84128941025e-06, 2.2253689167e-06, 3.90879722545e-06, 5.04010949953e-06, 2.9299644666e-06, 3.18265438182e-06, 2.8181154903e-06, 7.30833846774e-07, 5.75765398025e-07, 1.14061776912e-06, 4.97210805861e-07, 4.65205715727e-07, 1.1538203637e-07, 1.75058971763e-07, 9.07905146619e-08, 6.41954969183e-08, 7.55602727054e-08, 8.4182644855e-08, 5.64957147731e-08, 7.73480834937e-09, 4.93808053326e-15, 1.85600821291e-18],
        "dvar2": [2.16991407481e-11, 6.53397052019e-08, 3.50094364876e-06, 6.52026483294e-06, 4.62390889879e-05, 1.12591942525e-05, 4.78750371258e-06, 8.35362880025e-06, 1.18349080367e-05, 6.17906380285e-06, 6.88202362653e-06, 7.01096450939e-06, 1.55379530042e-06, 1.31599153974e-06, 2.92204731522e-06, 1.05642857307e-06, 1.00495128663e-06, 2.46046283792e-07, 4.47095857226e-07, 2.24487592959e-07, 1.50590508952e-07, 1.83267133025e-07, 1.78520934924e-07, 1.24340587604e-07, 1.82248651726e-08, 1.26158442417e-14, 5.75965860521e-18],
        "max": [8.56237384141e-05, 0.00255176937208, 0.0101030152291, 0.0239783041179, 0.0806022956967, 0.034652300179, 0.0324899517, 0.0338601209223, 0.0498734526336, 0.0309222266078, 0.0308382082731, 0.0392869710922, 0.01958774589, 0.0211310461164, 0.0230380743742, 0.0278958696872, 0.0196766965091, 0.00724427588284, 0.0114948675036, 0.00624045962468, 0.005904244259, 0.00428378209472, 0.00421781325713, 0.00319053698331, 0.00101740600076, 1.03742934243e-06, 1.31537367665e-08],
        "mean": [9.06881041374e-07, 0.000225297582801, 0.00119268451817, 0.00170789216645, 0.00642832787707, 0.00151057343464, 0.00104783813003, 0.00156868528575, 0.00207942770794, 0.00176116719376, 0.00221846997738, 0.00134273711592, 0.000759609218221, 0.00045606540516, 0.00128356972709, 0.000538993161172, 0.000601344625466, 0.000299168634228, 0.000255790597294, 0.000284222682239, 0.000175060282345, 0.000167276055436, 0.000193280735402, 0.000149185492774, 4.18491399614e-05, 2.8382052264e-08, 8.05695399286e-10],
        "median": [2.54397065191e-07, 9.18433142942e-05, 0.000751073937863, 0.000960707198828, 0.00464727915823, 0.000500651949551, 0.000437720300397, 0.000292534823529, 0.00032270362135, 0.000524104456417, 0.00128169427626, 0.000467778329039, 0.000340579921613, 0.000147855113028, 0.000843138550408, 0.000204241892789, 0.00023342773784, 0.000135209804284, 0.000151765227201, 0.000163566874107, 6.76104609738e-05, 5.08250632265e-05, 5.53037389182e-05, 3.58584948117e-05, 6.40895586912e-06, 4.83583617594e-09, 3.32350313936e-10],
        "min": [1.11584602669e-10, 3.30162075457e-09, 3.12898293942e-08, 3.38751924289e-08, 4.43229097868e-08, 2.30292185321e-09, 3.07375991326e-09, 1.89035564979e-09, 1.1176077841e-09, 2.02771310853e-09, 2.01439132042e-09, 3.2764604363e-09, 5.5972981805e-09, 1.70424785395e-09, 7.41645056479e-09, 2.78047807001e-09, 3.79871556433e-09, 5.27455723542e-09, 3.21204796094e-09, 6.36955110878e-09, 6.91952495302e-09, 5.60762214441e-10, 6.12613126894e-10, 2.53395665561e-10, 9.17691686531e-11, 1.38116540774e-11, 1.78073163853e-11],
        "var": [1.03321795564e-11, 1.01064060232e-07, 1.69579573139e-06, 4.43577437181e-06, 3.69478948414e-05, 8.63925197336e-06, 5.30649549546e-06, 1.08264202936e-05, 2.63927031483e-05, 1.16659766718e-05, 9.95858408714e-06, 7.21166043149e-06, 1.78576260623e-06, 1.30803061893e-06, 2.44865827881e-06, 1.80360746072e-06, 1.51206234023e-06, 2.76677667443e-07, 2.07754268899e-07, 1.46614993923e-07, 1.07750778966e-07, 1.22867703567e-07, 1.55164784132e-07, 1.10383261642e-07, 1.1016313195e-08, 5.90409746917e-15, 1.61649010493e-18]
    },
    "erbbands": {
        "dmean": [0.000491058337502, 0.0358563438058, 0.549463748932, 1.81284499168, 8.41239452362, 11.5232782364, 8.99664497375, 5.05768251419, 4.80756092072, 10.4053812027, 18.2066726685, 21.9144458771, 15.8741083145, 41.2125167847, 23.5894603729, 27.6269493103, 17.0411891937, 13.2384929657, 27.2907619476, 20.2937850952, 13.4252109528, 12.0092573166, 9.11137008667, 6.51329565048, 7.49451684952, 6.26195478439, 4.41568136215, 3.78802585602, 3.55733060837, 2.92041420937, 3.62829780579, 2.58317470551, 1.45118772984, 0.662012755871, 0.0611995086074, 0.0026437190827, 0.000126697341329, 1.66166973941e-05, 6.04919614489e-06, 7.83981704444e-06],
        "dmean2": [0.000827315496281, 0.059329058975, 0.952904701233, 3.06656765938, 13.2439460754, 18.1361904144, 13.9872026443, 7.78698015213, 7.14506816864, 15.6775989532, 25.8411006927, 31.6042938232, 22.3372974396, 58.4245796204, 34.3530731201, 41.7500457764, 26.5157337189, 20.2431106567, 43.6107597351, 32.0748786926, 20.751209259, 18.0617179871, 13.7271776199, 10.2270393372, 11.8046255112, 9.63687133789, 6.69414806366, 5.84978961945, 5.46292114258, 4.29810810089, 5.35678195953, 3.87561368942, 2.16848802567, 0.991875708103, 0.0947474688292, 0.00407593045384, 0.000189247337403, 2.43138947553e-05, 8.77556431078e-06, 1.17197496365e-05],
        "dvar": [5.32682349785e-07, 0.00290053570643, 0.681810855865, 5.98867940903, 205.3359375, 285.28729248, 420.956207275, 311.506530762, 207.211181641, 714.506225586, 2255.61010742, 3484.60766602, 1781.37561035, 4706.09619141, 3544.57617188, 4443.03173828, 1581.77026367, 1252.55578613, 2641.64770508, 1108.4017334, 1086.90209961, 873.604187012, 323.298339844, 540.644226074, 292.99621582, 161.734283447, 168.463058472, 96.5267715454, 100.054512024, 49.125038147, 76.7888259888, 39.6438789368, 13.0941553116, 3.13604712486, 0.0324028506875, 5.97397338424e-05, 1.18551071182e-07, 1.76792236406e-09, 1.12873356495e-10, 9.18912237968e-11],
        "dvar2": [1.58569423547e-06, 0.00850635953248, 2.31567788124, 16.9244709015, 491.15335083, 722.663208008, 996.161315918, 683.346618652, 411.941253662, 1642.5534668, 4672.14160156, 8163.93896484, 3742.09716797, 10033.8144531, 7493.78466797, 10038.2861328, 3206.62988281, 2941.84130859, 6833.06542969, 2550.41162109, 2336.35864258, 1617.61865234, 698.673400879, 1404.29040527, 678.648498535, 395.093566895, 375.664367676, 236.784576416, 248.018890381, 113.230438232, 168.858474731, 85.412979126, 28.9269313812, 7.2580280304, 0.0779449641705, 0.000143285360537, 2.75570982922e-07, 3.98192634421e-09, 2.49226750348e-10, 2.06704389716e-10],
        "max": [0.0123013341799, 0.860576033592, 9.0178861618, 34.2912559509, 188.806671143, 323.165496826, 345.885437012, 397.697540283, 410.949554443, 596.050598145, 932.714294434, 1475.41601562, 1165.21850586, 1358.35839844, 1223.68164062, 1779.47485352, 967.126281738, 1045.13037109, 1287.30432129, 845.276794434, 782.67779541, 886.177307129, 322.678100586, 630.856384277, 449.436706543, 268.980285645, 399.643127441, 138.625198364, 128.205932617, 86.1324691772, 125.327850342, 73.6504364014, 55.0974578857, 20.7257003784, 2.7316160202, 0.117946393788, 0.00462315510958, 0.000484218180645, 0.000131179011078, 0.000132477536681],
        "mean": [0.00128539348952, 0.0903111845255, 1.1540671587, 3.41272974014, 13.6627931595, 25.0244960785, 18.6075878143, 10.3666124344, 10.5561065674, 21.1487808228, 40.0875282288, 57.853767395, 38.5063018799, 108.602745056, 53.8234214783, 59.3624229431, 37.3703727722, 28.4291248322, 53.5563049316, 48.9336853027, 29.5763530731, 28.1119327545, 19.731716156, 13.2225637436, 15.3226461411, 12.2693443298, 7.52260351181, 6.91593790054, 5.89375257492, 4.76953029633, 5.62232017517, 4.00490188599, 2.15171074867, 0.89136826992, 0.073842510581, 0.00327703589574, 0.000183058393304, 2.79948926618e-05, 2.00024987862e-05, 3.33279385814e-05],
        "median": [0.000754976121243, 0.0506969243288, 0.768635034561, 2.48828721046, 8.18938922882, 18.3023223877, 8.1933889389, 3.8127412796, 4.42809295654, 10.2049064636, 8.71042442322, 10.9664115906, 12.0507516861, 60.3691329956, 27.0123939514, 23.7511138916, 17.5811748505, 12.8129405975, 31.2908267975, 32.7969322205, 13.4972324371, 11.8940782547, 9.62521076202, 7.48737335205, 10.0651044846, 7.0729765892, 2.96390986443, 2.57741117477, 1.78983962536, 1.56724989414, 1.60264623165, 0.969941735268, 0.453824162483, 0.144313931465, 0.0102550284937, 0.000494443404023, 4.44557808805e-05, 9.99205258267e-06, 1.66024856298e-05, 3.1762458093e-05],
        "min": [4.2147810575e-08, 1.40250051572e-06, 2.53768321272e-05, 9.41858088481e-05, 0.000124475889606, 0.000177130714292, 5.1713152061e-05, 3.07085247186e-05, 3.04350505758e-05, 5.38138883712e-05, 4.60919000034e-05, 3.07542322844e-05, 2.20218335016e-05, 8.78393111634e-05, 0.00021041558648, 0.000177820504177, 0.000253330217674, 0.000125998310978, 0.000362571096048, 0.000498310255352, 0.000138037037686, 0.00023757352028, 0.000605519977398, 0.000122446581372, 0.00040158489719, 0.000239414075622, 0.000258639192907, 5.95774872636e-05, 2.20148340304e-05, 1.49075876834e-05, 1.89048696484e-05, 7.01282533555e-06, 4.42322379968e-06, 1.67813732332e-06, 1.86825928949e-07, 7.14775723054e-08, 2.91290174204e-08, 9.16823061914e-09, 2.58729171421e-09, 6.04355565592e-10],
        "var": [2.11333963307e-06, 0.0113288173452, 1.4084842205, 10.7937698364, 317.772460938, 621.445861816, 776.46282959, 593.957580566, 497.758911133, 1288.04003906, 7220.97705078, 20866.8886719, 6780.23388672, 20609.3652344, 10723.7470703, 13526.6347656, 4037.6862793, 2892.4296875, 5360.42529297, 3577.05761719, 3237.07128906, 3695.21923828, 1004.92022705, 598.69934082, 493.484344482, 272.238128662, 283.98147583, 160.487930298, 151.05329895, 83.3087692261, 130.565093994, 76.0373764038, 23.9968090057, 4.70574998856, 0.0384837239981, 7.22685290384e-05, 1.65806127939e-07, 2.81369616495e-09, 2.44451098252e-10, 3.42633782457e-10]
    },
    "gfcc": {
        "mean": [-13.8478527069, 118.723114014, -167.709182739, 39.833190918, -80.3452606201, 16.323135376, -46.2746810913, -16.5072612762, -24.4647941589, -33.3313026428, -7.60518455505, -28.7505321503, 3.13563346863],
        "cov": [[2853.76879883, -680.096252441, -85.3586959839, 121.342323303, -333.58416748, 139.479980469, -149.827758789, 194.244659424, 49.7429847717, 4.71015501022, -133.303314209, 30.1006622314, -77.4786071777], [-680.096252441, 857.948791504, -132.705596924, -244.979919434, 222.539031982, -135.118103027, 273.397888184, -108.915878296, 111.429458618, -56.2824668884, 83.5523147583, -59.4661560059, 48.9008636475], [-85.3586959839, -132.705596924, 321.565246582, 120.37638092, -33.9849205017, 64.5769271851, -115.31892395, 39.6080284119, -49.6836166382, 42.0225410461, -5.06017589569, 8.76103878021, -6.78951740265], [121.342323303, -244.979919434, 120.37638092, 313.390441895, 78.7823562622, 37.018032074, -109.092636108, 55.9093208313, -20.8271617889, 33.1917190552, -27.8450946808, 27.739107132, 14.9996376038], [-333.58416748, 222.539031982, -33.9849205017, 78.7823562622, 281.434417725, 7.92703533173, 48.9098510742, 16.1960315704, 14.9146032333, -11.9570560455, 18.9350032806, -9.12425518036, 66.7852020264], [139.479980469, -135.118103027, 64.5769271851, 37.018032074, 7.92703533173, 187.207473755, 26.6606311798, 7.74449491501, -25.6051883698, 15.4441623688, -21.8904018402, -1.38782083988, -16.4613227844], [-149.827758789, 273.397888184, -115.31892395, -109.092636108, 48.9098510742, 26.6606311798, 246.380981445, -33.2047042847, 32.7747497559, -42.4262275696, 8.47385692596, -30.5848121643, 0.489817231894], [194.244659424, -108.915878296, 39.6080284119, 55.9093208313, 16.1960315704, 7.74449491501, -33.2047042847, 165.344970703, 17.4196777344, -4.42080354691, -14.2581424713, 4.21972942352, 11.6749544144], [49.7429847717, 111.429458618, -49.6836166382, -20.8271617889, 14.9146032333, -25.6051883698, 32.7747497559, 17.4196777344, 124.034431458, 18.4087600708, 3.97859954834, 1.55982649326, -8.57602310181], [4.71015501022, -56.2824668884, 42.0225410461, 33.1917190552, -11.9570560455, 15.4441623688, -42.4262275696, -4.42080354691, 18.4087600708, 99.0746078491, 5.51836538315, -7.31798505783, -0.616298794746], [-133.303314209, 83.5523147583, -5.06017589569, -27.8450946808, 18.9350032806, -21.8904018402, 8.47385692596, -14.2581424713, 3.97859954834, 5.51836538315, 77.4168624878, 18.0571079254, -11.8072881699], [30.1006622314, -59.4661560059, 8.76103878021, 27.739107132, -9.12425518036, -1.38782083988, -30.5848121643, 4.21972942352, 1.55982649326, -7.31798505783, 18.0571079254, 75.3231735229, 18.5703887939], [-77.4786071777, 48.9008636475, -6.78951740265, 14.9996376038, 66.7852020264, -16.4613227844, 0.489817231894, 11.6749544144, -8.57602310181, -0.616298794746, -11.8072881699, 18.5703887939, 93.5214004517]],
        "icov": [[0.000656052143313, -0.000634055526461, 0.00110636255704, -0.000873705081176, 0.00156283681281, -0.00125318672508, 0.000908170070034, -0.00101697980426, 2.32577494899e-05, 0.000117123374366, 0.000556870771106, -9.36276046559e-05, -2.71259632427e-05], [-0.000634055526461, 0.0131328525022, -0.00785828847438, 0.0086703421548, -0.011724463664, 0.0102291349322, -0.00999590195715, 0.00756198074669, -0.00867865420878, 0.00326683442108, -0.00580047024414, 0.00515761552379, -0.0026026670821], [0.00110636255704, -0.00785828847438, 0.0104023562744, -0.0070631285198, 0.00919076986611, -0.00869282707572, 0.00800088047981, -0.00594205083326, 0.00574861140922, -0.00225488492288, 0.00222507794388, -0.00175479368772, 0.000661763595417], [-0.000873705081176, 0.0086703421548, -0.0070631285198, 0.0120239024982, -0.0116385566071, 0.00752959214151, -0.00548826111481, 0.00443184608594, -0.00438818568364, 1.2837178474e-05, -0.000153984321514, -0.000289795483695, 0.00104922661558], [0.00156283681281, -0.011724463664, 0.00919076986611, -0.0116385566071, 0.0189809501171, -0.0118404943496, 0.0088986614719, -0.00757628493011, 0.00532643077895, -0.00014264244237, 0.000412126886658, 0.000292021315545, -0.0042988024652], [-0.00125318672508, 0.0102291349322, -0.00869282707572, 0.00752959214151, -0.0118404943496, 0.0165925323963, -0.0109719661996, 0.0060925972648, -0.00377604668029, -0.000604125903919, -0.000771288352553, 0.000631963193882, 0.00187422218733], [0.000908170070034, -0.00999590195715, 0.00800088047981, -0.00548826111481, 0.0088986614719, -0.0109719661996, 0.0151163162664, -0.00521728629246, 0.00414710585028, 0.000758367299568, 0.00301197497174, -0.000750204839278, 0.000640915532131], [-0.00101697980426, 0.00756198074669, -0.00594205083326, 0.00443184608594, -0.00757628493011, 0.0060925972648, -0.00521728629246, 0.0121647082269, -0.00683665741235, 0.00355873140506, -0.00354026816785, 0.00384689983912, -0.00276161148213], [2.32577494899e-05, -0.00867865420878, 0.00574861140922, -0.00438818568364, 0.00532643077895, -0.00377604668029, 0.00414710585028, -0.00683665741235, 0.0172270927578, -0.00725323380902, 0.00633960729465, -0.00728733371943, 0.00582112744451], [0.000117123374366, 0.00326683442108, -0.00225488492288, 1.2837178474e-05, -0.00014264244237, -0.000604125903919, 0.000758367299568, 0.00355873140506, -0.00725323380902, 0.0156574677676, -0.00623671384528, 0.00727503281087, -0.00502355070785], [0.000556870771106, -0.00580047024414, 0.00222507794388, -0.000153984321514, 0.000412126886658, -0.000771288352553, 0.00301197497174, -0.00354026816785, 0.00633960729465, -0.00623671384528, 0.0233663134277, -0.0122525133193, 0.00959992967546], [-9.36276046559e-05, 0.00515761552379, -0.00175479368772, -0.000289795483695, 0.000292021315545, 0.000631963193882, -0.000750204839278, 0.00384689983912, -0.00728733371943, 0.00727503281087, -0.0122525133193, 0.0235507115722, -0.010272574611], [-2.71259632427e-05, -0.0026026670821, 0.000661763595417, 0.00104922661558, -0.0042988024652, 0.00187422218733, 0.000640915532131, -0.00276161148213, 0.00582112744451, -0.00502355070785, 0.00959992967546, -0.010272574611, 0.0194045770913]]
    },
    "melbands": {
        "dmean": [1.32497925733e-05, 0.000206518059713, 0.000500376860145, 0.000721373653505, 0.00033809748129, 0.000117358802527, 8.7217282271e-05, 0.000122058350826, 0.000148880411871, 0.000139435142046, 8.0487516243e-05, 0.000164432087331, 9.17951983865e-05, 7.8956647485e-05, 4.93061706948e-05, 4.21825279773e-05, 2.55215982179e-05, 3.98463271267e-05, 4.91081445944e-05, 2.41430097958e-05, 1.66845293279e-05, 1.47579075929e-05, 1.03899192254e-05, 7.76035358285e-06, 5.51258881387e-06, 5.35167555427e-06, 7.19078343536e-06, 3.77945048058e-06, 2.86136469185e-06, 2.23926963372e-06, 2.45789306064e-06, 2.11014435081e-06, 2.0100897018e-06, 1.56188582423e-06, 2.02123169402e-06, 2.32749539464e-06, 1.4453124777e-06, 1.05844662812e-06, 8.52654466144e-07, 5.03387298068e-07],
        "dmean2": [2.19492612814e-05, 0.000357301498298, 0.000812956772279, 0.0011293431744, 0.000528415024746, 0.000182096904609, 0.000130100583192, 0.000182958086953, 0.000211968857911, 0.000202693219762, 0.000112738023745, 0.000232049438637, 0.000136725226184, 0.000118766904052, 7.50169419916e-05, 6.77682764945e-05, 3.93601476389e-05, 6.41746883048e-05, 7.91531492723e-05, 3.77619653591e-05, 2.63424426521e-05, 2.27105665545e-05, 1.60546478583e-05, 1.20350332509e-05, 8.85166173248e-06, 8.53007259138e-06, 1.14169924927e-05, 5.84322287978e-06, 4.35206311522e-06, 3.56705481863e-06, 3.81808149541e-06, 3.30055718223e-06, 3.13669988827e-06, 2.32495676755e-06, 3.05256344291e-06, 3.4527945445e-06, 2.2470235308e-06, 1.60398587923e-06, 1.26592192373e-06, 7.70351221036e-07],
        "dvar": [4.53134474387e-10, 9.48917460164e-08, 5.65581274259e-07, 1.14592546652e-06, 4.07193596175e-07, 1.44069176145e-07, 6.24673006655e-08, 9.00896779399e-08, 1.41739377568e-07, 1.52502664719e-07, 4.65691059048e-08, 7.90437084675e-08, 3.9728483614e-08, 2.99138704918e-08, 2.79730549835e-08, 9.67575264355e-09, 6.18115914008e-09, 6.36535713028e-09, 7.59805640627e-09, 3.90154442087e-09, 1.897156654e-09, 1.62206070797e-09, 5.24340071362e-10, 2.62742438917e-10, 4.55962018142e-10, 2.08231570875e-10, 2.09276262986e-10, 6.51876885804e-11, 6.74586497773e-11, 3.41288108885e-11, 5.21416763932e-11, 3.44340597702e-11, 3.47553895386e-11, 1.4020793207e-11, 2.2673111652e-11, 4.04532692067e-11, 1.33611411865e-11, 7.29854805065e-12, 4.52546680685e-12, 2.05799266517e-12],
        "dvar2": [1.32394617491e-09, 3.20679077959e-07, 1.41923965202e-06, 2.90777643386e-06, 9.68186668615e-07, 3.22381168871e-07, 1.27256186033e-07, 2.05743276638e-07, 2.89538462539e-07, 3.58295920933e-07, 9.84197470189e-08, 1.67006007246e-07, 8.27847230767e-08, 6.63393961986e-08, 7.00030611256e-08, 2.28211796127e-08, 1.45335325996e-08, 1.60385305037e-08, 1.86937700875e-08, 8.32667890194e-09, 4.30001678708e-09, 3.10480618992e-09, 1.20086662836e-09, 5.67964897336e-10, 1.21970911149e-09, 4.94981500232e-10, 5.18540432815e-10, 1.59691218582e-10, 1.51298668039e-10, 8.39831121313e-11, 1.32679062181e-10, 8.55238310726e-11, 8.75796588029e-11, 3.23661167312e-11, 5.2580245713e-11, 8.14580763953e-11, 3.0608873075e-11, 1.64458151958e-11, 1.01000614122e-11, 4.98051036177e-12],
        "max": [0.000367170316167, 0.00328076886944, 0.0107142645866, 0.0213970392942, 0.0112609202042, 0.00765159958974, 0.00569635722786, 0.00520471436903, 0.00709854718298, 0.00978116225451, 0.00570505857468, 0.00538483588025, 0.00380944274366, 0.00372239528224, 0.0057805320248, 0.00187894352712, 0.00239984272048, 0.00178286340088, 0.00185256113764, 0.00277705839835, 0.00101911008824, 0.00126456364524, 0.000536501698662, 0.000373460061383, 0.000578383624088, 0.00042516933172, 0.000270965771051, 0.000172101485077, 0.000243559217779, 0.000108239510155, 0.000120757198601, 7.90715930634e-05, 8.37673869682e-05, 6.16749166511e-05, 5.48572097614e-05, 0.000112337547762, 4.97831897519e-05, 4.1933319153e-05, 2.80213589576e-05, 2.04804928217e-05],
        "mean": [3.21153056575e-05, 0.000427510065492, 0.000889953167643, 0.00144689064473, 0.000753961328883, 0.000233195591136, 0.000188197605894, 0.000243578746449, 0.000313383992761, 0.000365993299056, 0.00017511533224, 0.00042469901382, 0.000207178178243, 0.000161910880706, 0.00010064709204, 8.11461577541e-05, 4.78650872537e-05, 7.11991306162e-05, 9.84875296126e-05, 4.92241742904e-05, 3.19807331834e-05, 3.16615914926e-05, 2.18002933252e-05, 1.44454916153e-05, 1.00136649053e-05, 1.0156274584e-05, 1.29104282678e-05, 6.80002767695e-06, 4.67241989099e-06, 3.77135347662e-06, 4.16287821281e-06, 3.45632929566e-06, 2.92925142276e-06, 2.52760719377e-06, 3.09585607283e-06, 3.40083397532e-06, 2.13904354496e-06, 1.5339702486e-06, 1.18701268548e-06, 6.17691171101e-07],
        "median": [1.28938891066e-05, 0.000281528977212, 0.000593904173002, 0.00105799839366, 0.000425670790719, 7.74591317168e-05, 7.84516814747e-05, 0.00010554461187, 5.32903140993e-05, 5.85587949899e-05, 4.28025341535e-05, 0.000223471914069, 0.000115921699035, 5.43699716218e-05, 4.30206528108e-05, 3.48058711097e-05, 1.67675734701e-05, 3.45676344295e-05, 6.31155999145e-05, 2.20124456973e-05, 1.35166419568e-05, 1.1891151189e-05, 9.76481078396e-06, 6.99543397786e-06, 5.14197154189e-06, 6.20102173343e-06, 7.63692696637e-06, 3.44337149727e-06, 1.77520746547e-06, 1.3574251625e-06, 1.36408038998e-06, 9.03433146959e-07, 9.6148812645e-07, 7.66024186305e-07, 9.01802366116e-07, 7.63969921991e-07, 5.05538309881e-07, 3.26848976329e-07, 2.03897187134e-07, 8.69291554295e-08],
        "min": [5.70160696434e-10, 9.45654132778e-09, 1.67633338322e-08, 1.15815028678e-08, 3.01726355012e-09, 5.50376522135e-10, 5.23411203268e-10, 5.32552058008e-10, 3.59942159411e-10, 1.54192089652e-10, 1.05195060995e-10, 3.47683742907e-10, 4.89840723539e-10, 2.59783056178e-10, 4.09950962066e-10, 6.74394595723e-10, 1.54877471958e-10, 4.2990561111e-10, 5.76131586882e-10, 2.79295919725e-10, 1.13127208989e-10, 1.95687591131e-10, 4.57223869876e-10, 2.69058608726e-10, 6.59882287701e-11, 1.56697085862e-10, 4.1820022445e-10, 5.61256457976e-11, 1.59338653383e-10, 7.99600663459e-11, 1.88270943974e-11, 1.20000589326e-11, 9.65450462631e-12, 7.55469645175e-12, 1.19400938789e-11, 6.91885481199e-12, 3.7893056748e-12, 3.30820874167e-12, 2.25478294889e-12, 1.12718244027e-12],
        "var": [2.06734585007e-09, 1.96683146214e-07, 9.88060605778e-07, 2.05426658795e-06, 8.36645881463e-07, 2.69721795121e-07, 1.57820380764e-07, 1.60316318443e-07, 4.56278570482e-07, 9.34390357088e-07, 1.65041569744e-07, 3.49010065293e-07, 1.14628640802e-07, 9.74989688984e-08, 4.89450471264e-08, 2.19125269041e-08, 1.35679369961e-08, 1.26175248027e-08, 1.62317768115e-08, 1.5095867667e-08, 4.26950030885e-09, 6.38071417924e-09, 1.37642131026e-09, 5.56294843523e-10, 4.4699752233e-10, 3.03164382487e-10, 3.34805683178e-10, 1.01125274821e-10, 1.12816311848e-10, 5.13973794081e-11, 7.85338530318e-11, 5.91081836254e-11, 4.07974660999e-11, 2.61622459807e-11, 3.86467351177e-11, 6.66270927319e-11, 2.54590862281e-11, 1.31319096222e-11, 7.95888702165e-12, 2.5903736621e-12]
    },
    "mfcc": {
        "mean": [-627.310668945, 117.614059448, -17.817401886, 6.88526439667, -2.60221886635, 4.5931930542, -4.49682188034, -0.393818318844, -12.270606041, -3.89300084114, -20.12550354, -14.444890976, -9.73057460785],
        "cov": [[3002.04711914, -753.75970459, 54.014125824, -90.9449539185, -89.692527771, -86.3867797852, -181.866317749, 114.625846863, 81.932258606, 24.276763916, -5.18837165833, 87.4281616211, -11.9887838364], [-753.75970459, 997.208984375, -291.384277344, -39.5285186768, -128.603225708, 37.7251396179, 73.4236450195, 28.1576137543, 13.839840889, 53.3974990845, 23.9314346313, -23.847410202, 28.7028617859], [54.014125824, -291.384277344, 389.716583252, -10.6791820526, 50.2265014648, -0.174213245511, -20.7585601807, -34.1349067688, -23.1301841736, -16.0637130737, 27.0825424194, -2.36508202553, 2.02305984497], [-90.9449539185, -39.5285186768, -10.6791820526, 247.170227051, 147.15814209, -18.2486953735, 10.0786094666, -6.05099201202, 51.8034362793, -7.62145137787, -15.3529443741, 29.689365387, 13.3921051025], [-89.692527771, -128.603225708, 50.2265014648, 147.15814209, 313.903167725, -18.546251297, 31.999704361, -9.59933757782, 54.9767303467, -0.222501590848, -29.4871330261, 46.3856925964, 23.1175994873], [-86.3867797852, 37.7251396179, -0.174213245511, -18.2486953735, -18.546251297, 203.729446411, 42.9462661743, -3.93082690239, 3.11789011955, 17.0552940369, 17.5827083588, -26.4262294769, 10.0463905334], [-181.866317749, 73.4236450195, -20.7585601807, 10.0786094666, 31.999704361, 42.9462661743, 176.056427002, 26.8354110718, 30.4446620941, 5.78082799911, -12.2657232285, -0.458062142134, -19.7898902893], [114.625846863, 28.1576137543, -34.1349067688, -6.05099201202, -9.59933757782, -3.93082690239, 26.8354110718, 148.788208008, 25.5237941742, 6.42226266861, -1.47961902618, 17.2044906616, 12.0323953629], [81.932258606, 13.839840889, -23.1301841736, 51.8034362793, 54.9767303467, 3.11789011955, 30.4446620941, 25.5237941742, 147.790252686, 31.2479228973, -12.8583307266, 9.27986907959, 5.9761595726], [24.276763916, 53.3974990845, -16.0637130737, -7.62145137787, -0.222501590848, 17.0552940369, 5.78082799911, 6.42226266861, 31.2479228973, 103.018356323, 28.640417099, 4.07907009125, -6.32819271088], [-5.18837165833, 23.9314346313, 27.0825424194, -15.3529443741, -29.4871330261, 17.5827083588, -12.2657232285, -1.47961902618, -12.8583307266, 28.640417099, 93.9029769897, 14.9640922546, -6.11189031601], [87.4281616211, -23.847410202, -2.36508202553, 29.689365387, 46.3856925964, -26.4262294769, -0.458062142134, 17.2044906616, 9.27986907959, 4.07907009125, 14.9640922546, 91.3280487061, 19.5215759277], [-11.9887838364, 28.7028617859, 2.02305984497, 13.3921051025, 23.1175994873, 10.0463905334, -19.7898902893, 12.0323953629, 5.9761595726, -6.32819271088, -6.11189031601, 19.5215759277, 88.3086929321]],
