{
"lowlevel": {
    "average_loudness": 0.861165940762,
    "barkbands_crest": {
        "dmean": 3.32557606697,
        "dmean2": 5.75165510178,
        "dvar": 9.75055980682,
        "dvar2": 25.5828418732,
        "max": 25.7539997101,
        "mean": 13.2623949051,
        "median": 12.2174272537,
        "min": 2.90605092049,
        "var": 28.4090843201
    },
    "barkbands_flatness_db": {
        "dmean": 0.0329731367528,
        "dmean2": 0.0532560162246,
        "dvar": 0.00105262733996,
        "dvar2": 0.00244359881617,
        "max": 0.616711616516,
        "mean": 0.277455806732,
        "median": 0.252429813147,
        "min": 0.0791352838278,
        "var": 0.0112150032073
    },
    "barkbands_kurtosis": {
        "dmean": 12.1456432343,
        "dmean2": 19.7781467438,
        "dvar": 753.660400391,
        "dvar2": 2051.10620117,
        "max": 374.125762939,
        "mean": 19.1546649933,
        "median": 7.03325748444,
        "min": -1.88581824303,
        "var": 1262.29577637
    },
    "barkbands_skewness": {
        "dmean": 0.93017333746,
        "dmean2": 1.46841084957,
        "dvar": 1.38501369953,
        "dvar2": 3.2776081562,
        "max": 16.2540416718,
        "mean": 2.72916221619,
        "median": 2.33399534225,
        "min": -1.19213831425,
        "var": 4.66232728958
    },
    "barkbands_spread": {
        "dmean": 3.67747306824,
        "dmean2": 5.61777925491,
        "dvar": 37.9123153687,
        "dvar2": 75.6665878296,
        "max": 95.2302093506,
        "mean": 12.1491088867,
        "median": 8.89017772675,
        "min": 0.152216136456,
        "var": 156.712768555
    },
    "dissonance": {
        "dmean": 0.0269298572093,
        "dmean2": 0.0436608232558,
        "dvar": 0.000848081836011,
        "dvar2": 0.00220186170191,
        "max": 0.499999910593,
        "mean": 0.429547220469,
        "median": 0.447345614433,
        "min": 0.137628093362,
        "var": 0.00326133496128
    },
    "dynamic_complexity": 4.75195407867,
    "erbbands_crest": {
        "dmean": 2.44063806534,
        "dmean2": 3.89942502975,
        "dvar": 5.61519861221,
        "dvar2": 13.3133096695,
        "max": 28.9588794708,
        "mean": 10.6231384277,
        "median": 9.87150287628,
        "min": 3.01944994926,
        "var": 20.4572887421
    },
    "erbbands_flatness_db": {
        "dmean": 0.0176196936518,
        "dmean2": 0.0242808163166,
        "dvar": 0.000303783715935,
        "dvar2": 0.000551510602236,
        "max": 0.390684634447,
        "mean": 0.22103060782,
        "median": 0.217656552792,
        "min": 0.0994043126702,
        "var": 0.00288728694431
    },
    "erbbands_kurtosis": {
        "dmean": 1.52868998051,
        "dmean2": 2.3814239502,
        "dvar": 5.98862361908,
        "dvar2": 14.0057697296,
        "max": 39.0298080444,
        "mean": 2.3213198185,
        "median": 0.490591526031,
        "min": -1.86266458035,
        "var": 23.7279968262
    },
    "erbbands_skewness": {
        "dmean": 0.404844254255,
        "dmean2": 0.610497951508,
        "dvar": 0.186318263412,
        "dvar2": 0.41031524539,
        "max": 4.81634712219,
        "mean": 0.666260123253,
        "median": 0.418192595243,
        "min": -3.71689295769,
        "var": 1.41100358963
    },
    "erbbands_spread": {
        "dmean": 7.38520526886,
        "dmean2": 10.7571325302,
        "dvar": 97.2920913696,
        "dvar2": 187.867263794,
        "max": 169.181289673,
        "mean": 33.0446395874,
        "median": 29.5736560822,
        "min": 3.09249520302,
        "var": 424.034393311
    },
    "hfc": {
        "dmean": 5.10508441925,
        "dmean2": 7.469851017,
        "dvar": 95.1834716797,
        "dvar2": 211.10585022,
        "max": 219.941085815,
        "mean": 14.3366041183,
        "median": 6.69209814072,
        "min": 0.000274628779152,
        "var": 384.416931152
    },
    "melbands_crest": {
        "dmean": 3.32023501396,
        "dmean2": 5.50924062729,
        "dvar": 8.68838310242,
        "dvar2": 23.913848877,
        "max": 35.1516227722,
        "mean": 17.9398708344,
        "median": 17.752702713,
        "min": 5.20214891434,
        "var": 32.7477912903
    },
    "melbands_flatness_db": {
        "dmean": 0.0376591272652,
        "dmean2": 0.0581692531705,
        "dvar": 0.00138452660758,
        "dvar2": 0.00286167860031,
        "max": 0.757062017918,
        "mean": 0.353196680546,
        "median": 0.323899894953,
        "min": 0.093279697001,
        "var": 0.0193352345377
    },
    "melbands_kurtosis": {
        "dmean": 16.4806919098,
        "dmean2": 25.444393158,
        "dvar": 795.64239502,
        "dvar2": 1781.09118652,
        "max": 487.113647461,
        "mean": 34.941860199,
        "median": 19.1021747589,
        "min": -1.34337246418,
        "var": 2032.40771484
    },
    "melbands_skewness": {
        "dmean": 0.991877436638,
        "dmean2": 1.54984462261,
        "dvar": 1.27432310581,
        "dvar2": 2.70301771164,
        "max": 19.4114646912,
        "mean": 3.74987912178,
        "median": 3.49903082848,
        "min": -1.18523299694,
        "var": 5.26771497726
    },
    "melbands_spread": {
        "dmean": 3.82590293884,
        "dmean2": 5.97590398788,
        "dvar": 50.6655044556,
        "dvar2": 114.454391479,
        "max": 178.708908081,
        "mean": 11.761089325,
        "median": 7.30653429031,
        "min": 0.276556462049,
        "var": 170.303024292
    },
    "pitch_salience": {
        "dmean": 0.0862726718187,
        "dmean2": 0.14521817863,
        "dvar": 0.00601115077734,
        "dvar2": 0.0168823674321,
        "max": 0.844636559486,
        "mean": 0.461746484041,
        "median": 0.471906214952,
        "min": 0.105931900442,
        "var": 0.0161713846028
    },
    "silence_rate_20dB": {
        "dmean": 0,
        "dmean2": 0,
        "dvar": 0,
        "dvar2": 0,
        "max": 1,
        "mean": 1,
        "median": 1,
        "min": 1,
        "var": 0
    },
    "silence_rate_30dB": {
        "dmean": 0.0743609592319,
        "dmean2": 0.148779541254,
        "dvar": 0.0688306987286,
        "dvar2": 0.129743307829,
        "max": 1,
        "mean": 0.887727439404,
        "median": 1,
        "min": 0,
        "var": 0.0996661707759
    },
    "silence_rate_60dB": {
        "dmean": 0.0224632062018,
        "dmean2": 0.0449438206851,
        "dvar": 0.0219583231956,
        "dvar2": 0.0529960431159,
        "max": 1,
        "mean": 0.048393342644,
        "median": 0,
        "min": 0,
        "var": 0.0460517369211
    },
    "spectral_centroid": {
        "dmean": 145.292190552,
        "dmean2": 213.764556885,
        "dvar": 51518.3828125,
        "dvar2": 97113.2109375,
        "max": 4083.24487305,
        "mean": 725.979492188,
        "median": 597.541931152,
        "min": 112.24143219,
        "var": 309097.53125
    },
    "spectral_complexity": {
        "dmean": 2.11463975906,
        "dmean2": 3.11739635468,
        "dvar": 8.05805683136,
        "dvar2": 15.2580852509,
        "max": 47,
        "mean": 11.6612462997,
        "median": 9,
        "min": 0,
        "var": 76.9788970947
    },
    "spectral_decrease": {
        "dmean": 6.73017330755e-09,
        "dmean2": 1.11235456401e-08,
        "dvar": 2.15684433047e-16,
        "dvar2": 5.29523494009e-16,
        "max": -2.81671387603e-13,
        "mean": -1.13132996304e-08,
        "median": -5.82521542114e-09,
        "min": -1.07989052367e-07,
        "var": 2.60385021887e-16
    },
    "spectral_energy": {
        "dmean": 0.0257535558194,
        "dmean2": 0.0424872674048,
        "dvar": 0.00311689288355,
        "dvar2": 0.00764947291464,
        "max": 0.410985589027,
        "mean": 0.0439994111657,
        "median": 0.0229044090956,
        "min": 1.0879977026e-06,
        "var": 0.00381534337066
    },
    "spectral_energyband_high": {
        "dmean": 0.000222714486881,
        "dmean2": 0.000313327473123,
        "dvar": 7.54947848236e-07,
        "dvar2": 1.79003700396e-06,
        "max": 0.0241294018924,
        "mean": 0.000362565740943,
        "median": 3.72714857804e-05,
        "min": 3.72605812871e-09,
        "var": 1.22048493267e-06
    },
    "spectral_energyband_low": {
        "dmean": 0.0234368685633,
        "dmean2": 0.0394131056964,
        "dvar": 0.00281733088195,
        "dvar2": 0.00696976017207,
        "max": 0.372988283634,
        "mean": 0.0314752534032,
        "median": 0.0122924316674,
        "min": 7.54694269745e-07,
        "var": 0.00311466446146
    },
    "spectral_energyband_middle_high": {
        "dmean": 0.00151407031808,
        "dmean2": 0.00216210982762,
        "dvar": 1.4519360775e-05,
        "dvar2": 3.17775120493e-05,
        "max": 0.0851794034243,
        "mean": 0.00454006064683,
        "median": 0.00102910108399,
        "min": 5.67072397928e-08,
        "var": 8.0507423263e-05
    },
    "spectral_energyband_middle_low": {
        "dmean": 0.00412840861827,
        "dmean2": 0.00678921677172,
        "dvar": 5.78878898523e-05,
        "dvar2": 0.000151954955072,
        "max": 0.088043384254,
        "mean": 0.00967056397349,
        "median": 0.0054364008829,
        "min": 2.60652115003e-07,
        "var": 0.000140563774039
    },
    "spectral_entropy": {
        "dmean": 0.2130664289,
        "dmean2": 0.290860623121,
        "dvar": 0.0559491105378,
        "dvar2": 0.100912339985,
        "max": 8.33608055115,
        "mean": 6.68415403366,
        "median": 6.79076051712,
        "min": 4.19078636169,
        "var": 0.686455309391
    },
    "spectral_flux": {
        "dmean": 0.0439568907022,
        "dmean2": 0.0698283836246,
        "dvar": 0.00523806875572,
        "dvar2": 0.0121116731316,
        "max": 0.539291083813,
        "mean": 0.0935016795993,
        "median": 0.0636685416102,
        "min": 0.00104307127185,
        "var": 0.00847971253097
    },
    "spectral_kurtosis": {
        "dmean": 6.78154373169,
        "dmean2": 11.0188808441,
        "dvar": 139.971420288,
        "dvar2": 333.879821777,
        "max": 158.883834839,
        "mean": 15.2276983261,
        "median": 6.38466739655,
        "min": -1.29062509537,
        "var": 599.441345215
    },
    "spectral_rms": {
        "dmean": 0.0014598822454,
        "dmean2": 0.00234597292729,
        "dvar": 5.78275830776e-06,
        "dvar2": 1.27513212647e-05,
        "max": 0.0200240239501,
        "mean": 0.00551083032042,
        "median": 0.00472713075578,
        "min": 3.2580072002e-05,
        "var": 1.25570550153e-05
    },
    "spectral_rolloff": {
        "dmean": 237.532104492,
        "dmean2": 410.850341797,
        "dvar": 381451.9375,
        "dvar2": 905230.5,
        "max": 7579.6875,
        "mean": 630.089355469,
        "median": 279.931640625,
        "min": 64.599609375,
        "var": 740612.875
    },
    "spectral_skewness": {
        "dmean": 0.550295114517,
        "dmean2": 0.859570920467,
        "dvar": 0.509378433228,
        "dvar2": 1.15323328972,
        "max": 11.0133714676,
        "mean": 2.51291322708,
        "median": 1.97058272362,
        "min": -0.226563841105,
        "var": 3.17869591713
    },
    "spectral_spread": {
        "dmean": 470517.625,
        "dmean2": 666598.375,
        "dvar": 289145683968,
        "dvar2": 471334191104,
        "max": 11329885,
        "mean": 3203943,
        "median": 3021403.75,
        "min": 475803.40625,
        "var": 1.93208175821e+12
    },
    "spectral_strongpeak": {
        "dmean": 0.376577019691,
        "dmean2": 0.635241031647,
        "dvar": 0.712506949902,
        "dvar2": 1.83478212357,
        "max": 11.7499008179,
        "mean": 0.661221444607,
        "median": 0.325611323118,
        "min": 0,
        "var": 1.12103939056
    },
    "zerocrossingrate": {
        "dmean": 0.00610729772598,
        "dmean2": 0.00704384967685,
        "dvar": 7.68530080677e-05,
        "dvar2": 8.55836769915e-05,
        "max": 0.208984375,
        "mean": 0.0274240896106,
        "median": 0.02099609375,
        "min": 0.001953125,
        "var": 0.000598400831223
    },
    "barkbands": {
        "dmean": [0.000546429131646, 0.0212228000164, 0.00379922869615, 0.0024541830644, 0.00136722601019, 0.000380767189199, 0.000459336093627, 0.000407299550716, 0.000497996690683, 0.000360559439287, 0.000334650336299, 0.000613630400039, 0.000248943368206, 0.000306305882987, 0.000203006027732, 0.000161558084073, 0.000143657511217, 7.59175454732e-05, 5.14210551046e-05, 3.72004360543e-05, 3.63304970961e-05, 5.15407737112e-05, 9.04876942514e-05, 4.99811430927e-05, 6.88798218107e-06, 6.00332805689e-09, 1.87041115929e-09],
        "dmean2": [0.000917158613447, 0.0368468947709, 0.00687636807561, 0.0044285976328, 0.00216864491813, 0.000588849419728, 0.00066312844865, 0.000611443421803, 0.000741345225833, 0.000525599345565, 0.000503080955241, 0.000937672739383, 0.000377193035092, 0.000470396800665, 0.000300920335576, 0.00026290040114, 0.00021566117357, 0.000114756228868, 7.66413504607e-05, 5.36726038263e-05, 5.51857083337e-05, 7.42982083466e-05, 0.000138132891152, 7.08529405529e-05, 1.01380255728e-05, 9.69037561305e-09, 3.42936945508e-09],
        "dvar": [6.48603361242e-07, 0.00252460176125, 9.35565476539e-05, 3.27739944623e-05, 7.12144128556e-06, 6.92892172083e-07, 1.80654956239e-06, 2.52056247518e-06, 3.38129211741e-06, 2.2861868274e-06, 1.97651615963e-06, 5.62023069506e-06, 9.11705399176e-07, 1.89264130768e-06, 7.70232645664e-07, 2.73254954664e-07, 1.55239746391e-07, 6.90040735662e-08, 2.43730244875e-08, 1.15212426266e-08, 1.14553966313e-08, 4.0149032543e-08, 2.38965498056e-07, 3.15128616535e-08, 8.03170141506e-10, 3.68708359742e-16, 2.05880109401e-17],
        "dvar2": [1.74079718818e-06, 0.00655997777358, 0.000271368626272, 9.45555220824e-05, 1.67645303009e-05, 1.61928812759e-06, 3.68056635125e-06, 5.57402108825e-06, 7.40883115213e-06, 5.00958913108e-06, 4.68203734272e-06, 1.2125136891e-05, 2.12588088289e-06, 4.76617469758e-06, 1.54452141032e-06, 7.17342174994e-07, 3.47753598362e-07, 1.58399345196e-07, 5.40723981146e-08, 2.43018725143e-08, 2.862163484e-08, 8.86252990995e-08, 6.09312905908e-07, 7.08827201379e-08, 1.73274050663e-09, 8.71171956883e-16, 5.97649837796e-17],
        "max": [0.00774127896875, 0.353990972042, 0.0865072607994, 0.0617945790291, 0.0343534275889, 0.0128647536039, 0.0306423418224, 0.0418180301785, 0.0416009575129, 0.0544012337923, 0.036194704473, 0.0742747038603, 0.0285486914217, 0.0433670096099, 0.0233633033931, 0.0127652008086, 0.00666372105479, 0.00676638958976, 0.00403830502182, 0.00229160278104, 0.00200359500013, 0.00560560403392, 0.0144160920754, 0.00323471985757, 0.000742409261875, 3.13642487981e-07, 1.28589149995e-07],
        "mean": [0.000641022867057, 0.0237109325826, 0.00514713069424, 0.00362715870142, 0.00248873000965, 0.000682262296323, 0.00089460122399, 0.000876593869179, 0.000954958319198, 0.000662516220473, 0.000588092603721, 0.00113231665455, 0.000460886571091, 0.000550204247702, 0.000399579235818, 0.000298645434668, 0.000260964443441, 0.000125929669593, 9.1844216513e-05, 6.60043660901e-05, 5.7640398154e-05, 8.95325938473e-05, 0.000118685056805, 6.50363435852e-05, 8.1328826127e-06, 6.6838858892e-09, 1.50597834203e-09],
        "median": [0.000184916934813, 0.0069254594855, 0.00192193954717, 0.00108879397158, 0.00109396874905, 0.000245015893597, 0.00022223162523, 0.00013149761071, 9.85064834822e-05, 4.60872615804e-05, 5.44814138266e-05, 0.000119881304272, 5.42314737686e-05, 9.0303212346e-05, 1.67711168615e-05, 2.2991300284e-05, 1.93470077647e-05, 1.1281586012e-05, 9.86979011941e-06, 7.83689029049e-06, 6.94154141456e-06, 8.34141428641e-06, 4.70428449262e-06, 3.02397597807e-06, 2.77240360447e-07, 1.12137543695e-09, 3.68961222685e-10],
        "min": [1.04904671616e-07, 4.8397083674e-07, 1.78412591367e-07, 5.57345458674e-08, 1.11201003961e-08, 4.05211366683e-08, 6.15658706238e-08, 5.86444421913e-08, 8.97284246903e-10, 9.40397004712e-09, 4.16008294479e-09, 2.23667573351e-09, 3.05434411096e-09, 2.92478841146e-09, 1.17788323539e-09, 1.74996461766e-09, 1.1093412855e-09, 1.74185521562e-09, 1.13126830126e-09, 8.75271854994e-10, 9.48024769798e-10, 5.44177869433e-10, 6.40401842666e-10, 2.82215761177e-11, 1.70627401097e-11, 6.82529250132e-12, 1.27655377588e-11],
        "var": [1.00171359918e-06, 0.00248618191108, 7.47554222471e-05, 4.47724269179e-05, 1.19155583889e-05, 1.41449390867e-06, 4.89164222017e-06, 9.21212995308e-06, 8.40292523208e-06, 6.52256221656e-06, 4.78237006973e-06, 1.58689254022e-05, 2.16557850763e-06, 3.43105079992e-06, 2.75356978818e-06, 5.76063996505e-07, 4.22305760139e-07, 1.54822558329e-07, 7.35074792146e-08, 3.21897672961e-08, 1.95396356872e-08, 8.045192601e-08, 2.85386676069e-07, 4.48822490284e-08, 1.14059028888e-09, 4.56683054529e-16, 1.46050416936e-17]
    },
    "erbbands": {
        "dmean": [0.590857088566, 4.85134887695, 5.05793380737, 6.63806438446, 6.77438306808, 3.70943284035, 4.00229120255, 3.38527655602, 4.91156244278, 7.96120357513, 8.56512546539, 9.85498523712, 12.3431453705, 11.5128660202, 14.9302167892, 21.1347846985, 11.8575983047, 14.1124191284, 10.403465271, 8.42224216461, 9.48229980469, 8.63691520691, 4.40446186066, 2.60654520988, 2.41716647148, 1.65968704224, 1.36238455772, 1.46440815926, 1.83380270004, 2.22822523117, 2.46773409843, 1.31042718887, 0.813669621944, 0.193668022752, 0.00746123818681, 0.000377259129891, 3.79494522349e-05, 6.95120252203e-06, 1.26758977785e-05, 2.832289465e-05],
        "dmean2": [1.02419364452, 8.40524291992, 8.91519165039, 12.0451164246, 11.4031839371, 5.71943426132, 6.14127635956, 5.27653408051, 7.30229997635, 11.7021131516, 12.7455749512, 15.0407514572, 18.5687618256, 16.3658733368, 22.2366142273, 31.8694858551, 18.1271362305, 21.0201721191, 14.6024675369, 12.7332849503, 15.3829421997, 12.9540014267, 6.48489999771, 3.82230234146, 3.53949689865, 2.39080357552, 2.09576201439, 2.15860557556, 2.68488287926, 3.34823703766, 3.77944588661, 1.96807134151, 1.13653814793, 0.274680286646, 0.0112603381276, 0.000557968160138, 5.46728515474e-05, 1.00093639048e-05, 2.03278996196e-05, 4.65031735075e-05],
        "dvar": [1.72847437859, 139.657394409, 160.220352173, 254.391845703, 230.667449951, 52.0803565979, 117.912254333, 55.1557121277, 171.6378479, 590.105102539, 1345.20385742, 1599.34118652, 2360.90869141, 1790.17468262, 3142.59130859, 7190.95019531, 1875.98022461, 4293.70507812, 2097.22045898, 1236.41711426, 967.658691406, 583.760803223, 214.984405518, 82.3746566772, 62.1057929993, 24.8473720551, 16.6435985565, 21.9689884186, 52.2700424194, 127.433830261, 213.055679321, 34.0384788513, 8.02161502838, 0.464315414429, 0.000980343902484, 2.10861207961e-06, 1.2048248621e-08, 4.32407276652e-10, 6.28323004737e-10, 3.6382954427e-09],
        "dvar2": [4.51805257797, 365.207733154, 440.844299316, 732.965942383, 614.692016602, 118.832199097, 276.203857422, 138.601409912, 363.291564941, 1241.80102539, 2943.53442383, 3767.41186523, 5403.80908203, 3660.42626953, 7194.90332031, 15641.8505859, 4509.10791016, 10902.0087891, 3922.34326172, 2706.83764648, 2461.83007812, 1318.81665039, 465.55380249, 195.186538696, 138.747497559, 52.1741027832, 41.6946601868, 51.7486801147, 123.153465271, 284.437591553, 571.356567383, 83.6454086304, 17.7114238739, 0.978819072247, 0.00206120312214, 4.40106396127e-06, 2.55219809731e-08, 9.482273855e-10, 1.53237933453e-09, 8.92461660129e-09],
        "max": [9.61629962921, 85.792755127, 110.485176086, 134.085510254, 149.903259277, 135.927505493, 145.653427124, 111.701652527, 299.308959961, 518.292053223, 1011.74279785, 1230.27209473, 1127.90600586, 955.068481445, 1436.14172363, 2005.3548584, 1201.38342285, 2319.65893555, 1269.22802734, 997.833618164, 810.514099121, 465.779388428, 347.843383789, 246.904251099, 259.803955078, 97.5626220703, 75.8092803955, 127.332801819, 210.559143066, 323.562866211, 465.504364014, 152.413665771, 39.0760726929, 12.2369232178, 0.713720142841, 0.0322715975344, 0.00171801855322, 0.000387134670746, 0.000184920238098, 0.000444650562713],
        "mean": [0.642161130905, 5.35418128967, 7.11776304245, 9.94051647186, 10.7559127808, 7.09169340134, 5.71157169342, 6.40535402298, 10.6440811157, 15.9096498489, 18.9187374115, 19.0291309357, 24.5864582062, 22.6612873077, 31.4282817841, 40.0577201843, 24.3344955444, 26.465341568, 20.579284668, 18.4506378174, 19.2452373505, 16.6642513275, 8.21348190308, 4.8132109642, 4.55353975296, 3.06245589256, 2.24005746841, 2.41720890999, 3.16813898087, 3.48928189278, 3.09119820595, 1.73999047279, 0.982843697071, 0.238429427147, 0.00908117741346, 0.000488074263558, 5.7639717852e-05, 1.11046010716e-05, 2.29827910516e-05, 4.97433356941e-05],
        "median": [0.144687712193, 1.47231209278, 2.85344791412, 3.23037981987, 4.45481538773, 2.93789076805, 1.60911428928, 2.48368835449, 3.84006857872, 3.85120677948, 3.80179691315, 2.45098304749, 2.11112737656, 2.98563289642, 3.20097279549, 4.46505880356, 3.55603837967, 4.95555734634, 1.78834283352, 1.29950118065, 1.60003077984, 1.65603804588, 0.859049379826, 0.490294098854, 0.512314379215, 0.371056944132, 0.269977867603, 0.295210570097, 0.318830519915, 0.243113517761, 0.10724081099, 0.0816233456135, 0.0391922667623, 0.00952877942473, 0.00033103604801, 4.7701971198e-05, 1.48237486428e-05, 2.68524991043e-06, 1.22198434838e-05, 2.6379357223e-05],
        "min": [1.37310344144e-05, 0.000107822110294, 0.000238590160734, 0.000176308953087, 0.000108890359115, 1.85375083674e-05, 5.57982930331e-05, 0.000470979925012, 0.00165482563898, 0.000799249042757, 0.00106670591049, 7.23470147932e-05, 0.000175956680323, 0.000286883238005, 0.000143706565723, 0.000193222207599, 0.000243710208451, 0.000184353804798, 0.000121805947856, 0.000162707307027, 0.000144392790389, 0.000109619948489, 9.45652354858e-05, 0.000104288214061, 5.39258981007e-05, 3.07476257149e-05, 3.08201779262e-05, 4.8346380936e-05, 3.62390601367e-05, 2.12000104511e-05, 2.43138256337e-05, 3.74973433281e-06, 2.89094305117e-06, 1.65202720837e-06, 1.43637734595e-07, 2.41717970084e-08, 1.34420936604e-08, 8.92100882055e-09, 2.39846542627e-09, 1.35002586887e-09],
        "var": [1.87806499004, 130.878479004, 137.354553223, 314.066955566, 289.62298584, 120.880264282, 150.656768799, 119.485832214, 510.35244751, 1540.2376709, 3973.44995117, 3132.86694336, 6804.25878906, 4576.43652344, 12132.1347656, 18327.7714844, 4743.31347656, 6068.64941406, 6431.94970703, 5258.96044922, 2256.00732422, 1658.61560059, 534.82409668, 203.562240601, 194.261428833, 63.1765441895, 29.9225463867, 37.1002426147, 93.2845840454, 235.196548462, 208.96673584, 43.0290870667, 10.4026870728, 0.681361377239, 0.00141329143662, 3.1889537695e-06, 1.96680716158e-08, 7.04070357571e-10, 8.67854788034e-10, 4.57730386927e-09]
    },
    "gfcc": {
        "mean": [-104.636276245, 170.38432312, -108.983436584, 54.2654190063, -46.5673561096, 24.9937820435, -16.6816921234, -12.1324129105, 4.93613290787, -19.5030670166, 6.84566450119, -17.7417449951, -0.669882237911],
        "cov": [[13622.6601562, -2843.31274414, -3656.61547852, 760.233703613, -1712.36791992, 1063.05749512, -801.263244629, 633.035888672, 106.033607483, -431.788818359, 86.1528701782, -64.5229263306, 223.310180664], [-2843.31274414, 1442.1307373, 649.758789062, -604.403381348, 639.875366211, -396.750091553, 357.821258545, -250.781616211, 82.3543777466, 66.8157501221, 18.3404655457, 28.7849960327, -90.2631378174], [-3656.61547852, 649.758789062, 1618.35717773, 1.35991299152, 498.864105225, -263.50289917, 235.676757812, -209.426269531, -80.2831726074, 177.836700439, -44.4804916382, 17.8381481171, -73.6873092651], [760.233703613, -604.403381348, 1.35991299152, 645.526306152, -50.3138160706, -31.5101490021, -109.938323975, 34.5783424377, 3.47805166245, -3.08358740807, -45.7547607422, 19.1096858978, 81.252281189], [-1712.36791992, 639.875366211, 498.864105225, -50.3138160706, 671.510620117, -273.814178467, 176.690292358, -162.539932251, 54.4712677002, 84.4126434326, -53.6194267273, 23.5165348053, -15.8978595734], [1063.05749512, -396.750091553, -263.50289917, -31.5101490021, -273.814178467, 339.70803833, -89.3952102661, 73.0942840576, -56.4949455261, -47.8653411865, 34.1510810852, -46.3292961121, -1.86289787292], [-801.263244629, 357.821258545, 235.676757812, -109.938323975, 176.690292358, -89.3952102661, 422.01574707, -25.5266723633, -58.5225524902, 9.58061408997, 21.2691879272, 36.3083305359, -55.7208633423], [633.035888672, -250.781616211, -209.426269531, 34.5783424377, -162.539932251, 73.0942840576, -25.5266723633, 169.473495483, 5.14859104156, -40.4194374084, 11.3626918793, 5.99849128723, 37.6285896301], [106.033607483, 82.3543777466, -80.2831726074, 3.47805166245, 54.4712677002, -56.4949455261, -58.5225524902, 5.14859104156, 191.502029419, 27.8726463318, -36.3362884521, 11.5459365845, 28.5108718872], [-431.788818359, 66.8157501221, 177.836700439, -3.08358740807, 84.4126434326, -47.8653411865, 9.58061408997, -40.4194374084, 27.8726463318, 153.466720581, 11.8052473068, -22.9545288086, -13.0898122787], [86.1528701782, 18.3404655457, -44.4804916382, -45.7547607422, -53.6194267273, 34.1510810852, 21.2691879272, 11.3626918793, -36.3362884521, 11.8052473068, 102.421218872, 8.06004333496, -17.470407486], [-64.5229263306, 28.7849960327, 17.8381481171, 19.1096858978, 23.5165348053, -46.3292961121, 36.3083305359, 5.99849128723, 11.5459365845, -22.9545288086, 8.06004333496, 91.8078918457, 27.0862407684], [223.310180664, -90.2631378174, -73.6873092651, 81.252281189, -15.8978595734, -1.86289787292, -55.7208633423, 37.6285896301, 28.5108718872, -13.0898122787, -17.470407486, 27.0862407684, 107.528320312]],
        "icov": [[0.00028940156335, -7.9254573393e-07, 0.000541630026419, -0.000355873286026, 0.00014047291188, -0.000433882261859, 1.75144577952e-05, -5.51559205633e-05, -8.11772915768e-05, -4.67708960059e-05, 6.47243505227e-05, -0.000134311500005, 0.000140206713695], [-7.9254573393e-07, 0.016448257491, -0.00289430399425, 0.0139776635915, -0.00497786141932, 0.0123130800202, -0.00567073840648, 0.0113135017455, -0.0083810435608, 0.0093142176047, -0.0104981698096, 0.00769317010418, -0.00644430378452], [0.000541630026419, -0.00289430399425, 0.0025740605779, -0.00319787953049, 0.000722000899259, -0.00277954619378, 0.000855516525917, -0.00166684295982, 0.00212134234607, -0.0027640692424, 0.00259721837938, -0.00206704880111, 0.00175490556285], [-0.000355873286026, 0.0139776635915, -0.00319787953049, 0.0141764897853, -0.00418234104291, 0.0113749466836, -0.00442962208763, 0.0094479508698, -0.00654885685071, 0.00773044163361, -0.00824209302664, 0.00645286450163, -0.00674134632573], [0.00014047291188, -0.00497786141932, 0.000722000899259, -0.00418234104291, 0.00478522665799, -0.00244844984263, 0.000808534328826, -0.00159242178779, 0.00177753285971, -0.00303991814144, 0.00386983877979, -0.00193547597155, 0.0011009988375], [-0.000433882261859, 0.0123130800202, -0.00277954619378, 0.0113749466836, -0.00244844984263, 0.0149815175682, -0.00392235163599, 0.00814856309444, -0.00515689235181, 0.00763022527099, -0.00860014092177, 0.00811605527997, -0.00539502128959], [1.75144577952e-05, -0.00567073840648, 0.000855516525917, -0.00442962208763, 0.000808534328826, -0.00392235163599, 0.00545245083049, -0.00503837596625, 0.00405515078455, -0.00319024734199, 0.00335971382447, -0.00422791484743, 0.00392431812361], [-5.51559205633e-05, 0.0113135017455, -0.00166684295982, 0.0094479508698, -0.00159242178779, 0.00814856309444, -0.00503837596625, 0.0169429797679, -0.00661718798801, 0.00725416699424, -0.0077515472658, 0.00567328510806, -0.00735505018383], [-8.11772915768e-05, -0.0083810435608, 0.00212134234607, -0.00654885685071, 0.00177753285971, -0.00515689235181, 0.00405515078455, -0.00661718798801, 0.0117254573852, -0.00707537215203, 0.00799846835434, -0.00549062574282, 0.00283829146065], [-4.67708960059e-05, 0.0093142176047, -0.0027640692424, 0.00773044163361, -0.00303991814144, 0.00763022527099, -0.00319024734199, 0.00725416699424, -0.00707537215203, 0.0146809536964, -0.00919629074633, 0.00799045432359, -0.00417245971039], [6.47243505227e-05, -0.0104981698096, 0.00259721837938, -0.00824209302664, 0.00386983877979, -0.00860014092177, 0.00335971382447, -0.0077515472658, 0.00799846835434, -0.00919629074633, 0.0196761284024, -0.0084121664986, 0.00601320061833], [-0.000134311500005, 0.00769317010418, -0.00206704880111, 0.00645286450163, -0.00193547597155, 0.00811605527997, -0.00422791484743, 0.00567328510806, -0.00549062574282, 0.00799045432359, -0.0084121664986, 0.0190072525293, -0.00760354660451], [0.000140206713695, -0.00644430378452, 0.00175490556285, -0.00674134632573, 0.0011009988375, -0.00539502128959, 0.00392431812361, -0.00735505018383, 0.00283829146065, -0.00417245971039, 0.00601320061833, -0.00760354660451, 0.016204258427]]
    },
    "melbands": {
        "dmean": [0.00574691779912, 0.00389835541137, 0.00115471379831, 0.000329653732479, 0.000144156307215, 7.34897184884e-05, 8.12164507806e-05, 9.07612266019e-05, 6.5641994297e-05, 6.95309499861e-05, 6.37712000753e-05, 4.9755530199e-05, 4.54242981505e-05, 7.04341655364e-05, 3.89401866414e-05, 2.84064699372e-05, 2.79146079265e-05, 1.89016900549e-05, 1.66113532032e-05, 9.24850610318e-06, 1.11439039756e-05, 9.66769130173e-06, 6.12923940935e-06, 3.1592594496e-06, 2.18836953536e-06, 2.142598305e-06, 1.67033658727e-06, 1.05217577584e-06, 8.49409843795e-07, 9.7117833775e-07, 8.68032032031e-07, 1.09506117951e-06, 1.10545136067e-06, 1.37140159495e-06, 1.33677372105e-06, 1.53912344558e-06, 5.63724370295e-07, 5.17965531799e-07, 5.09365747803e-07, 7.03793148205e-08],
        "dmean2": [0.00996935553849, 0.00669368449599, 0.00207490590401, 0.000538020394742, 0.000220091897063, 0.000114507682156, 0.000118498282973, 0.000133551977342, 9.84425932984e-05, 0.000105963270471, 9.63273196248e-05, 7.01590106473e-05, 6.80265147821e-05, 0.000109927670565, 5.82272077736e-05, 4.27873201261e-05, 4.14819223806e-05, 2.75635884464e-05, 2.49543190876e-05, 1.42760918607e-05, 1.83461215784e-05, 1.47369673869e-05, 9.28095596464e-06, 4.68897815153e-06, 3.32004265147e-06, 3.19824289363e-06, 2.46771787715e-06, 1.53762687205e-06, 1.3002244259e-06, 1.53869154929e-06, 1.2753256442e-06, 1.65482492775e-06, 1.6044871245e-06, 2.11284555007e-06, 2.1149355689e-06, 2.34062849813e-06, 8.41612688873e-07, 7.26229359316e-07, 7.3065422157e-07, 1.06531693689e-07],
        "dvar": [0.000178168265847, 8.74019387993e-05, 7.57934913054e-06, 4.26619806149e-07, 1.41794231467e-07, 2.56203769311e-08, 4.78666386527e-08, 7.04632086013e-08, 7.66093251059e-08, 7.8893414468e-08, 6.29425542797e-08, 3.36412888657e-08, 3.16267509959e-08, 9.52087262363e-08, 2.42494593294e-08, 1.33949829006e-08, 2.24644924884e-08, 7.56781037836e-09, 5.9615574699e-09, 1.01189645552e-09, 1.34999822432e-09, 7.62620744332e-10, 3.93852422897e-10, 1.3109185959e-10, 6.24197846189e-11, 4.52505914683e-11, 3.19144155547e-11, 9.87681204184e-12, 6.75708100584e-12, 8.08603965036e-12, 8.80528636116e-12, 2.19615593072e-11, 1.66907546811e-11, 6.33825353313e-11, 7.61441742991e-11, 4.72776436056e-11, 6.70073631998e-12, 3.10279276231e-12, 3.42378187433e-12, 9.15949377434e-14],
        "dvar2": [0.00046011566883, 0.000226987904171, 2.1709689463e-05, 1.04269645362e-06, 3.26339375079e-07, 6.23540117317e-08, 9.63177768654e-08, 1.50502472707e-07, 1.70102296693e-07, 1.84026262673e-07, 1.44838978144e-07, 6.55634408986e-08, 7.6115455272e-08, 2.02510946679e-07, 5.71026177454e-08, 3.2029728203e-08, 5.78980561272e-08, 1.42883029852e-08, 1.32627473448e-08, 2.58929389041e-09, 3.50399664839e-09, 1.74333802949e-09, 9.23021103993e-10, 2.84089862745e-10, 1.51783544067e-10, 9.70339503192e-11, 7.07627359486e-11, 2.1435631048e-11, 1.66737821466e-11, 2.10387540722e-11, 2.04249655383e-11, 5.48618650509e-11, 3.40492876949e-11, 1.45044753985e-10, 2.05738703851e-10, 1.2027960572e-10, 1.59224976953e-11, 6.92181858705e-12, 7.56634511989e-12, 1.92115624082e-13],
        "max": [0.0937909632921, 0.0716080740094, 0.0221970807761, 0.00682530784979, 0.00567122874781, 0.00263597816229, 0.00564660597593, 0.00654976116493, 0.00709768244997, 0.00816331710666, 0.00591512955725, 0.00519582396373, 0.00518198031932, 0.0109782014042, 0.00362653797492, 0.00393701577559, 0.00526154134423, 0.00237039313652, 0.00242313789204, 0.000824891147204, 0.000941096281167, 0.000575516547542, 0.000463692529593, 0.000377827789634, 0.000217517779674, 0.000220404283027, 0.000147102109622, 5.9075318859e-05, 5.78607396164e-05, 4.87640645588e-05, 8.72776145115e-05, 0.000134891073685, 0.00010200705583, 0.000262104906142, 0.000278603081824, 0.000177266236278, 7.8344855865e-05, 2.45665160037e-05, 2.84634752461e-05, 7.34853165341e-06],
        "mean": [0.00635482463986, 0.00509946234524, 0.00179445231333, 0.000604391098022, 0.000225199415581, 0.000140308460686, 0.000173973734491, 0.000190885359189, 0.000139856449096, 0.000131183929625, 0.000124587066239, 9.25335552893e-05, 8.98666403373e-05, 0.000134488960612, 6.76173149259e-05, 5.40908586117e-05, 4.72108258691e-05, 3.30434559146e-05, 3.33515636157e-05, 1.74960896402e-05, 2.13938183151e-05, 1.76285029738e-05, 1.05460685518e-05, 5.18686192663e-06, 3.69589179172e-06, 3.65007667824e-06, 3.01399973068e-06, 1.70517569131e-06, 1.34046149469e-06, 1.3807770074e-06, 1.39243627473e-06, 1.79434744041e-06, 1.80104916581e-06, 1.98875750357e-06, 1.67025280007e-06, 1.80419181106e-06, 7.86982468526e-07, 6.20136518137e-07, 5.93136803673e-07, 8.32843269905e-08],
        "median": [0.00173018721398, 0.0018539968878, 0.000654166098684, 0.000270484364592, 6.84467959218e-05, 5.34092578164e-05, 5.88036491536e-05, 4.37825474364e-05, 2.27188465942e-05, 1.43102952279e-05, 9.62331978371e-06, 1.12322031782e-05, 8.66250775289e-06, 1.37135320983e-05, 6.38819528831e-06, 8.89546299732e-06, 8.09615630715e-06, 2.20896436076e-06, 1.33391927193e-06, 1.28370481889e-06, 1.59782473474e-06, 1.20097013223e-06, 9.08828667434e-07, 5.0173417776e-07, 3.24776095795e-07, 3.69985627913e-07, 2.9278677971e-07, 2.0799353706e-07, 1.48100284036e-07, 1.65286849096e-07, 1.51239959223e-07, 1.65479747238e-07, 1.55440361027e-07, 1.032775927e-07, 5.53538370696e-08, 4.22884163243e-08, 4.34119442616e-08, 2.55389469572e-08, 1.65488689419e-08, 2.31750618696e-09],
        "min": [1.34217600589e-07, 1.35332300033e-07, 3.11456744839e-08, 3.45197070928e-09, 1.58530688577e-09, 1.16334648581e-08, 2.29420820119e-08, 9.60459711763e-09, 7.06546510187e-09, 1.31459967911e-10, 9.91724924404e-10, 8.37188873781e-10, 4.85810558448e-10, 2.89529622499e-10, 1.65196661905e-10, 2.38001812702e-10, 2.51334647539e-10, 1.27110974524e-10, 1.44147679904e-10, 1.42320086272e-10, 1.07773873159e-10, 8.56896914536e-11, 2.94418482649e-11, 7.64799959474e-11, 2.41796842965e-11, 3.70555669482e-11, 3.58744110807e-11, 1.78319303767e-11, 1.12681409342e-11, 2.02081949265e-12, 6.76082714118e-12, 1.76676067439e-12, 8.98036679742e-12, 2.02035935724e-12, 1.84854648949e-12, 5.20508061565e-13, 3.34014201931e-13, 2.94883719222e-13, 2.16539324449e-13, 2.12613862063e-13],
        "var": [0.000184189470019, 8.27412077342e-05, 8.65258698468e-06, 6.75137130202e-07, 2.03839618962e-07, 5.73331142562e-08, 1.4699485007e-07, 2.34987638237e-07, 2.14429590528e-07, 1.6391672375e-07, 1.85641098938e-07, 8.72043486311e-08, 9.95472930754e-08, 2.66682320671e-07, 5.65671776087e-08, 2.44817464079e-08, 2.74435070224e-08, 2.22210303491e-08, 2.18220890247e-08, 2.61137134139e-09, 2.90807444792e-09, 2.0693979863e-09, 9.11298092543e-10, 2.85202500505e-10, 1.36631969627e-10, 1.28632979268e-10, 1.03089106696e-10, 1.95088389887e-11, 1.25175061289e-11, 1.14900918641e-11, 1.43941135053e-11, 3.23914645106e-11, 3.72924642555e-11, 1.06040662362e-10, 7.70316727072e-11, 4.74341677048e-11, 1.00281944207e-11, 4.03327414869e-12, 4.30545659888e-12, 1.38025075852e-13]
    },
    "mfcc": {
        "mean": [-734.168945312, 164.986236572, 24.6980895996, 28.3763771057, 13.563331604, 25.5499210358, 4.34481239319, 14.2781333923, 0.102256499231, 4.82825279236, 3.51786541939, 7.03489971161, -0.0652531906962],
        "cov": [[14910.7773438, -2747.38867188, -2880.83398438, -840.495056152, -708.045959473, -105.896759033, -845.612792969, 597.545043945, -194.358139038, 153.948348999, -370.442199707, 201.153884888, -111.122421265], [-2747.38867188, 1718.77648926, 115.878265381, -66.7289352417, 20.117357254, 17.2091121674, 180.207199097, -76.9054107666, 25.6190700531, -35.6571960449, 140.259017944, -2.35830307007, 64.1743621826], [-2880.83398438, 115.878265381, 1156.43603516, 210.145645142, 121.261604309, 59.5947723389, 203.632843018, -132.869537354, -2.37492442131, -32.2015686035, 64.0356292725, -46.4464836121, 1.71465504169], [-840.495056152, -66.7289352417, 210.145645142, 685.334533691, 180.831542969, 62.6353187561, 13.9341182709, -77.0018539429, 86.4651870728, -0.53257381916, -34.2565460205, 3.85410952568, -6.11370515823], [-708.045959473, 20.117357254, 121.261604309, 180.831542969, 341.024749756, 41.956817627, -71.9225616455, -114.486297607, 40.8028945923, 15.7450122833, -47.8824310303, 10.9896154404, -24.7722911835], [-105.896759033, 17.2091121674, 59.5947723389, 62.6353187561, 41.956817627, 175.889831543, 33.3791275024, -30.6454277039, -1.62471163273, 25.0477294922, 14.0750780106, -12.0527324677, -2.89698028564], [-845.612792969, 180.207199097, 203.632843018, 13.9341182709, -71.9225616455, 33.3791275024, 336.233551025, 34.2445411682, -35.4790344238, -28.2335243225, 64.0753707886, -28.345582962, -3.20888495445], [597.545043945, -76.9054107666, -132.869537354, -77.0018539429, -114.486297607, -30.6454277039, 34.2445411682, 211.620910645, 2.73512792587, -25.4659786224, -14.3015184402, -10.6656837463, 6.4690155983], [-194.358139038, 25.6190700531, -2.37492442131, 86.4651870728, 40.8028945923, -1.62471163273, -35.4790344238, 2.73512792587, 138.671325684, 22.9514694214, -26.9060745239, -12.6353311539, 30.3337974548], [153.948348999, -35.6571960449, -32.2015686035, -0.53257381916, 15.7450122833, 25.0477294922, -28.2335243225, -25.4659786224, 22.9514694214, 114.098243713, 17.9290409088, -12.6625947952, -4.93453502655], [-370.442199707, 140.259017944, 64.0356292725, -34.2565460205, -47.8824310303, 14.0750780106, 64.0753707886, -14.3015184402, -26.9060745239, 17.9290409088, 132.586776733, 1.32598829269, 0.826278269291], [201.153884888, -2.35830307007, -46.4464836121, 3.85410952568, 10.9896154404, -12.0527324677, -28.345582962, -10.6656837463, -12.6353311539, -12.6625947952, 1.32598829269, 99.8674621582, 0.896471440792], [-111.122421265, 64.1743621826, 1.71465504169, -6.11370515823, -24.7722911835, -2.89698028564, -3.20888495445, 6.4690155983, 30.3337974548, -4.93453502655, 0.826278269291, 0.896471440792, 111.857925415]],
