{
"lowlevel": {
    "average_loudness": 0.900629639626,
    "barkbands_crest": {
        "dmean": 2.1727502346,
        "dmean2": 3.56525492668,
        "dvar": 4.36964797974,
        "dvar2": 10.8756771088,
        "max": 23.9677009583,
        "mean": 11.1085882187,
        "median": 10.28510952,
        "min": 3.42331361771,
        "var": 15.8602561951
    },
    "barkbands_flatness_db": {
        "dmean": 0.020385414362,
        "dmean2": 0.0315950587392,
        "dvar": 0.000388217100408,
        "dvar2": 0.000836486287881,
        "max": 0.378819555044,
        "mean": 0.207132995129,
        "median": 0.201654046774,
        "min": 0.0906462371349,
        "var": 0.00252590398304
    },
    "barkbands_kurtosis": {
        "dmean": 4.03431415558,
        "dmean2": 6.23414182663,
        "dvar": 34.3499450684,
        "dvar2": 74.8741607666,
        "max": 98.5234146118,
        "mean": 10.439163208,
        "median": 7.95797538757,
        "min": -1.77449154854,
        "var": 90.0725860596
    },
    "barkbands_skewness": {
        "dmean": 0.48957824707,
        "dmean2": 0.73915374279,
        "dvar": 0.293370932341,
        "dvar2": 0.618358433247,
        "max": 8.37509346008,
        "mean": 2.46339225769,
        "median": 2.32270026207,
        "min": -0.5894947052,
        "var": 1.07269763947
    },
    "barkbands_spread": {
        "dmean": 3.07201743126,
        "dmean2": 4.53568506241,
        "dvar": 24.4093170166,
        "dvar2": 48.2671699524,
        "max": 77.0298690796,
        "mean": 11.4968576431,
        "median": 8.85777664185,
        "min": 1.29920208454,
        "var": 88.577545166
    },
    "dissonance": {
        "dmean": 0.0193289108574,
        "dmean2": 0.0318747721612,
        "dvar": 0.000265858747298,
        "dvar2": 0.000703446508851,
        "max": 0.500000059605,
        "mean": 0.448230594397,
        "median": 0.45247066021,
        "min": 0.283863008022,
        "var": 0.00085152144311
    },
    "dynamic_complexity": 3.9196100235,
    "erbbands_crest": {
        "dmean": 1.78576135635,
        "dmean2": 2.85697197914,
        "dvar": 3.17156219482,
        "dvar2": 7.88600444794,
        "max": 24.5624313354,
        "mean": 8.87657833099,
        "median": 7.85400485992,
        "min": 2.90073180199,
        "var": 14.5190401077
    },
    "erbbands_flatness_db": {
        "dmean": 0.0127100702375,
        "dmean2": 0.0182757098228,
        "dvar": 0.000184077594895,
        "dvar2": 0.000331168004777,
        "max": 0.304281711578,
        "mean": 0.182334989309,
        "median": 0.177631124854,
        "min": 0.0908243507147,
        "var": 0.00112474663183
    },
    "erbbands_kurtosis": {
        "dmean": 0.847160220146,
        "dmean2": 1.31851530075,
        "dvar": 1.11940801144,
        "dvar2": 2.70262074471,
        "max": 19.365694046,
        "mean": 0.988609313965,
        "median": 0.498954057693,
        "min": -1.63414442539,
        "var": 4.07994937897
    },
    "erbbands_skewness": {
        "dmean": 0.288764953613,
        "dmean2": 0.442122161388,
        "dvar": 0.0799737200141,
        "dvar2": 0.171625733376,
        "max": 3.96158695221,
        "mean": 0.943299472332,
        "median": 0.916546046734,
        "min": -2.87619590759,
        "var": 0.447608023882
    },
    "erbbands_spread": {
        "dmean": 6.47054338455,
        "dmean2": 9.41202735901,
        "dvar": 64.7514724731,
        "dvar2": 133.880111694,
        "max": 133.311126709,
        "mean": 39.2390441895,
        "median": 35.8761138916,
        "min": 9.090965271,
        "var": 284.024108887
    },
    "hfc": {
        "dmean": 2.45486021042,
        "dmean2": 3.45331645012,
        "dvar": 15.9350032806,
        "dvar2": 29.0054187775,
        "max": 58.2241668701,
        "mean": 10.2422418594,
        "median": 7.06597805023,
        "min": 0.000105613282358,
        "var": 100.016960144
    },
    "melbands_crest": {
        "dmean": 2.86167144775,
        "dmean2": 4.67557859421,
        "dvar": 8.09052944183,
        "dvar2": 19.5924720764,
        "max": 33.9498977661,
        "mean": 15.3978872299,
        "median": 14.4128074646,
        "min": 4.09275817871,
        "var": 29.1154174805
    },
    "melbands_flatness_db": {
        "dmean": 0.0228919237852,
        "dmean2": 0.032996840775,
        "dvar": 0.000573360186536,
        "dvar2": 0.00105517997872,
        "max": 0.465240478516,
        "mean": 0.256373524666,
        "median": 0.252384841442,
        "min": 0.0301493164152,
        "var": 0.00462831230834
    },
    "melbands_kurtosis": {
        "dmean": 8.3008813858,
        "dmean2": 13.0323486328,
        "dvar": 176.339324951,
        "dvar2": 385.805297852,
        "max": 252.471450806,
        "mean": 23.1873321533,
        "median": 17.4999637604,
        "min": -0.966309070587,
        "var": 411.809326172
    },
    "melbands_skewness": {
        "dmean": 0.634786128998,
        "dmean2": 0.975286722183,
        "dvar": 0.563205122948,
        "dvar2": 1.2327965498,
        "max": 14.0880794525,
        "mean": 3.4081261158,
        "median": 3.18945169449,
        "min": -0.205674529076,
        "var": 2.00178694725
    },
    "melbands_spread": {
        "dmean": 2.9178955555,
        "dmean2": 4.38046455383,
        "dvar": 25.7012310028,
        "dvar2": 47.859703064,
        "max": 121.168045044,
        "mean": 10.5361452103,
        "median": 8.19500732422,
        "min": 1.15341031551,
        "var": 95.6519470215
    },
    "pitch_salience": {
        "dmean": 0.0612675137818,
        "dmean2": 0.103338688612,
        "dvar": 0.00386316189542,
        "dvar2": 0.01075038407,
        "max": 0.851446449757,
        "mean": 0.566599667072,
        "median": 0.571730792522,
        "min": 0.187369152904,
        "var": 0.0103345112875
    },
    "silence_rate_20dB": {
        "dmean": 0,
        "dmean2": 0,
        "dvar": 0,
        "dvar2": 0,
        "max": 1,
        "mean": 1,
        "median": 1,
        "min": 1,
        "var": 0
    },
    "silence_rate_30dB": {
        "dmean": 0.0263361725956,
        "dmean2": 0.0526927560568,
        "dvar": 0.0256431419402,
        "dvar2": 0.0669643431902,
        "max": 1,
        "mean": 0.982191264629,
        "median": 1,
        "min": 0,
        "var": 0.0174911692739
    },
    "silence_rate_60dB": {
        "dmean": 0.0255615804344,
        "dmean2": 0.0511429682374,
        "dvar": 0.0249077770859,
        "dvar2": 0.0547250695527,
        "max": 1,
        "mean": 0.101432442665,
        "median": 0,
        "min": 0,
        "var": 0.0911420881748
    },
    "spectral_centroid": {
        "dmean": 138.778381348,
        "dmean2": 204.118469238,
        "dvar": 44956.6054688,
        "dvar2": 79348.28125,
        "max": 4207.125,
        "mean": 685.989929199,
        "median": 556.348144531,
        "min": 189.67930603,
        "var": 196483.859375
    },
    "spectral_complexity": {
        "dmean": 2.10302090645,
        "dmean2": 3.16079044342,
        "dvar": 5.69668483734,
        "dvar2": 10.0489816666,
        "max": 40,
        "mean": 11.7816495895,
        "median": 11,
        "min": 0,
        "var": 44.2111320496
    },
    "spectral_decrease": {
        "dmean": 2.51019449671e-09,
        "dmean2": 3.79004250206e-09,
        "dvar": 2.0127871872e-17,
        "dvar2": 4.40250469768e-17,
        "max": -9.28899630283e-14,
        "mean": -7.16751280549e-09,
        "median": -5.18906073665e-09,
        "min": -5.04968866721e-08,
        "var": 4.73967774286e-17
    },
    "spectral_energy": {
        "dmean": 0.00964851025492,
        "dmean2": 0.0145490793511,
        "dvar": 0.000295689533232,
        "dvar2": 0.000645865744445,
        "max": 0.195107609034,
        "mean": 0.0279808714986,
        "median": 0.0203228648752,
        "min": 3.60167661029e-07,
        "var": 0.000711958680768
    },
    "spectral_energyband_high": {
        "dmean": 0.000121390534332,
        "dmean2": 0.000152552514919,
        "dvar": 8.21387473593e-08,
        "dvar2": 1.34949914354e-07,
        "max": 0.00837457366288,
        "mean": 0.000318541540764,
        "median": 0.000115286107757,
        "min": 6.88220425094e-10,
        "var": 3.5896576378e-07
    },
    "spectral_energyband_low": {
        "dmean": 0.00597395235673,
        "dmean2": 0.0093231908977,
        "dvar": 0.000181644325494,
        "dvar2": 0.000418950163294,
        "max": 0.12563636899,
        "mean": 0.0109014855698,
        "median": 0.00653577502817,
        "min": 1.43845170442e-07,
        "var": 0.000263645983068
    },
    "spectral_energyband_middle_high": {
        "dmean": 0.000465797056677,
        "dmean2": 0.000649048190098,
        "dvar": 6.68454561037e-07,
        "dvar2": 1.1707570593e-06,
        "max": 0.0262813027948,
        "mean": 0.00171321386006,
        "median": 0.00105948175769,
        "min": 1.57748125673e-08,
        "var": 5.07951426698e-06
    },
    "spectral_energyband_middle_low": {
        "dmean": 0.00594872469082,
        "dmean2": 0.00944742839783,
        "dvar": 0.000119809883472,
        "dvar2": 0.0002845027484,
        "max": 0.148355513811,
        "mean": 0.0167589243501,
        "median": 0.0104505810887,
        "min": 2.12784726727e-07,
        "var": 0.000319821265293
    },
    "spectral_entropy": {
        "dmean": 0.171029135585,
        "dmean2": 0.243077531457,
        "dvar": 0.0333190709352,
        "dvar2": 0.0603535845876,
        "max": 8.53596401215,
        "mean": 7.22512292862,
        "median": 7.25256633759,
        "min": 5.50084257126,
        "var": 0.238558188081
    },
    "spectral_flux": {
        "dmean": 0.0233498793095,
        "dmean2": 0.0361632965505,
        "dvar": 0.00124625838362,
        "dvar2": 0.0026555552613,
        "max": 0.36227414012,
        "mean": 0.0643428936601,
        "median": 0.0508631616831,
        "min": 0.000600139726885,
        "var": 0.00264340732247
    },
    "spectral_kurtosis": {
        "dmean": 2.12355446815,
        "dmean2": 3.52465510368,
        "dvar": 7.57350158691,
        "dvar2": 18.6165981293,
        "max": 35.8445129395,
        "mean": 4.67193508148,
        "median": 3.41094398499,
        "min": -1.16343390942,
        "var": 19.2706260681
    },
    "spectral_rms": {
        "dmean": 0.00078050175216,
        "dmean2": 0.0011578691192,
        "dvar": 1.2387042716e-06,
        "dvar2": 2.44844227382e-06,
        "max": 0.013796698302,
        "mean": 0.00467762257904,
        "median": 0.00445277290419,
        "min": 1.87452151295e-05,
        "var": 5.41827193956e-06
    },
    "spectral_rolloff": {
        "dmean": 198.126312256,
        "dmean2": 325.477844238,
        "dvar": 310254,
        "dvar2": 698400.625,
        "max": 9216.2109375,
        "mean": 639.432983398,
        "median": 409.130859375,
        "min": 64.599609375,
        "var": 733607.0625
    },
    "spectral_skewness": {
        "dmean": 0.263652086258,
        "dmean2": 0.403052181005,
        "dvar": 0.0814761221409,
        "dvar2": 0.1762958318,
        "max": 4.6648979187,
        "mean": 1.69040167332,
        "median": 1.61957478523,
        "min": 0.000873355427757,
        "var": 0.384134799242
    },
    "spectral_spread": {
        "dmean": 405551.875,
        "dmean2": 594115.4375,
        "dvar": 428365185024,
        "dvar2": 570804535296,
        "max": 29067064,
        "mean": 4290495,
        "median": 4271720.5,
        "min": 1488277.5,
        "var": 1.29396742554e+12
    },
    "spectral_strongpeak": {
        "dmean": 0.247314691544,
        "dmean2": 0.413337737322,
        "dvar": 0.0998604521155,
        "dvar2": 0.241004154086,
        "max": 5.52241849899,
        "mean": 0.601705014706,
        "median": 0.455892056227,
        "min": 0,
        "var": 0.320707112551
    },
    "zerocrossingrate": {
        "dmean": 0.00657515507191,
        "dmean2": 0.00759512884542,
        "dvar": 7.93335129856e-05,
        "dvar2": 8.39333151816e-05,
        "max": 0.251953125,
        "mean": 0.0353486873209,
        "median": 0.029296875,
        "min": 0.0029296875,
        "var": 0.000615429715253
    },
    "barkbands": {
        "dmean": [0.000400786258979, 0.00306003191508, 0.00215554889292, 0.00262585538439, 0.00317040225491, 0.00131709419657, 0.000756231311243, 0.000235683139181, 0.000407487357734, 0.000167183432495, 0.000103096055682, 9.59441313171e-05, 7.05195052433e-05, 0.000132220011437, 5.56842205697e-05, 5.71187702008e-05, 5.2573512221e-05, 4.35032561654e-05, 2.36039213632e-05, 2.98751601804e-05, 3.77073265554e-05, 3.81782047043e-05, 2.15893305722e-05, 2.90230036626e-05, 8.8546785264e-06, 7.63565211059e-09, 1.24216770203e-09],
        "dmean2": [0.000595039280597, 0.00451368791983, 0.00356140593067, 0.00464498018846, 0.00516879325733, 0.00213351636194, 0.00112309819087, 0.000349595444277, 0.000598991464358, 0.00024880951969, 0.000157579313964, 0.000140879041282, 0.000110951725219, 0.000212265440496, 8.97314093891e-05, 9.09888185561e-05, 8.31237266539e-05, 6.74989933032e-05, 3.54726762453e-05, 4.4391501433e-05, 5.34482605872e-05, 5.3998810472e-05, 2.94206220133e-05, 4.10557295254e-05, 1.30747685034e-05, 1.21646204221e-08, 2.32007302259e-09],
        "dvar": [1.21851769563e-06, 6.35734031675e-05, 3.11444055114e-05, 5.04683739564e-05, 2.97053411487e-05, 7.73654028308e-06, 3.95521419705e-06, 3.54300198069e-07, 6.91619220561e-07, 2.36461389136e-07, 4.75596557692e-08, 3.92683361383e-08, 3.33851062351e-08, 8.26704820156e-08, 2.31425616448e-08, 1.41234464124e-08, 1.18384591019e-08, 9.1824476911e-09, 2.78536904652e-09, 4.49153958471e-09, 9.7866434956e-09, 1.20717462693e-08, 2.20076112889e-09, 5.45607070634e-09, 8.0917939016e-10, 5.51942126782e-16, 3.55786759635e-18],
        "dvar2": [2.66289066531e-06, 0.00012740380771, 7.99984482001e-05, 0.000139669034979, 7.76005981606e-05, 2.09651188925e-05, 9.43750819715e-06, 7.71078077832e-07, 1.56142868946e-06, 3.66237628668e-07, 1.18396876303e-07, 9.86289236948e-08, 7.75886448423e-08, 1.95422359184e-07, 5.52684902289e-08, 3.3377389741e-08, 2.94539272971e-08, 2.02313561459e-08, 6.73905553583e-09, 1.05649373694e-08, 1.96973033439e-08, 2.1663769445e-08, 3.88664878059e-09, 1.18577379027e-08, 1.72234015938e-09, 1.22271355282e-15, 1.15775275645e-17],
        "max": [0.0139408865944, 0.0916305556893, 0.0592478699982, 0.0808720141649, 0.0699190869927, 0.0498902201653, 0.0602525733411, 0.0116964355111, 0.0158655252308, 0.0217097420245, 0.00400377111509, 0.00458292476833, 0.00406500557438, 0.00554595422, 0.0044657564722, 0.00241858698428, 0.00269412365742, 0.00275285658427, 0.00127069128212, 0.00151877687313, 0.00213705468923, 0.00381340598688, 0.00119284947868, 0.0013939763885, 0.000590413052123, 4.23217159096e-07, 1.5865470715e-08],
        "mean": [0.000650353205856, 0.00566120352596, 0.00290095503442, 0.00351012963802, 0.0069914185442, 0.00264860526659, 0.00196414627135, 0.000516923551913, 0.00108617346268, 0.000401376746595, 0.00028020030004, 0.000202531460673, 0.000140683521749, 0.000244432420004, 9.63976563071e-05, 0.000105429644464, 0.000104570572148, 8.61254666233e-05, 4.36925220129e-05, 5.7094530348e-05, 7.45695506339e-05, 8.81307205418e-05, 4.62304087705e-05, 6.33626477793e-05, 1.61288862728e-05, 1.1795091126e-08, 9.66622559773e-10],
        "median": [0.000114713780931, 0.00309169106185, 0.00138602440711, 0.00152630219236, 0.00362127064727, 0.00125552504323, 0.000532199686859, 0.000141628275742, 0.000325669068843, 0.000118181393191, 0.00011243668996, 9.76535520749e-05, 5.83552828175e-05, 0.000113472960948, 3.80563978979e-05, 4.90224520036e-05, 4.21116128564e-05, 3.59515906894e-05, 1.60027066158e-05, 2.28043791139e-05, 2.31848171097e-05, 3.10695031658e-05, 1.62379183166e-05, 1.65067976923e-05, 4.26478254667e-06, 3.24952176278e-09, 2.91020180176e-10],
        "min": [1.20306167806e-10, 5.56143007202e-08, 7.54987041773e-08, 1.85848314516e-08, 1.25184442368e-07, 3.66547254771e-08, 2.20571161336e-09, 8.42125214007e-09, 2.03278816002e-08, 3.08351610911e-09, 5.24575050065e-09, 1.98591831868e-09, 8.06544608878e-10, 2.58658783281e-09, 1.01747799075e-09, 9.8286545569e-10, 2.58049775992e-10, 6.74308942017e-10, 1.17867465788e-10, 1.76976266975e-10, 1.4739326426e-10, 1.72808378718e-10, 1.29608601629e-10, 7.38007363554e-11, 8.02765007246e-11, 5.70395944019e-12, 7.19751862277e-12],
        "var": [2.21990853788e-06, 0.000114358859719, 3.09291899612e-05, 4.2761406803e-05, 8.31514698802e-05, 1.54443059728e-05, 2.18355799007e-05, 1.16984824672e-06, 3.92736728827e-06, 1.60144725214e-06, 1.84713442763e-07, 9.63197521742e-08, 9.00584851138e-08, 1.69717196741e-07, 4.16281089599e-08, 2.79623577626e-08, 3.46719239985e-08, 2.47044908974e-08, 5.64474333942e-09, 8.99076457728e-09, 2.53623593238e-08, 4.49590373819e-08, 7.32803107084e-09, 1.71506826518e-08, 1.73605430032e-09, 9.97148467211e-16, 2.94323621207e-18]
    },
    "erbbands": {
        "dmean": [0.153657004237, 0.48743224144, 1.68243503571, 6.74990749359, 8.89362335205, 11.8962316513, 10.5426549911, 10.4626731873, 12.4144773483, 5.5262503624, 6.65760040283, 7.8557934761, 5.3749370575, 5.04168224335, 3.11332893372, 3.50375080109, 3.39428758621, 4.94570446014, 4.588078022, 2.52245306969, 3.29894757271, 2.77573609352, 2.53789234161, 1.33818697929, 1.18985319138, 1.46637248993, 1.22202968597, 1.74389386177, 1.512165308, 0.764220237732, 0.606774389744, 0.576964974403, 0.515341758728, 0.181819662452, 0.0148109346628, 0.000635207456071, 3.26458575728e-05, 4.5598703764e-06, 4.74771377412e-06, 1.06275283542e-05],
        "dmean2": [0.224374622107, 0.812547206879, 2.83772444725, 11.7557325363, 14.6858186722, 19.8886146545, 17.1774539948, 16.4544410706, 18.9386940002, 7.78407239914, 9.65295696259, 11.7523469925, 8.19030475616, 7.29749488831, 4.74108839035, 5.1513504982, 5.08731889725, 7.60737800598, 7.31294202805, 4.02089881897, 5.30815267563, 4.32263851166, 3.88236641884, 2.03850531578, 1.79751825333, 2.16575312614, 1.69562864304, 2.50379133224, 2.15758538246, 1.05465149879, 0.821074545383, 0.808305621147, 0.741921305656, 0.26515942812, 0.021558297798, 0.000917993253097, 4.55661320302e-05, 6.35279548078e-06, 7.01463341102e-06, 1.59758401423e-05],
        "dvar": [0.174263179302, 1.65556037426, 15.2793502808, 452.002288818, 220.860870361, 516.236083984, 613.823608398, 473.787719727, 1112.47998047, 126.14074707, 261.005950928, 304.737762451, 173.150466919, 229.650665283, 45.0672721863, 49.8318328857, 56.1952095032, 149.204666138, 107.031105042, 44.4052505493, 41.118888855, 35.2398452759, 32.1109390259, 6.29397535324, 11.0072088242, 10.7884941101, 7.71419763565, 28.0783824921, 18.3431949615, 3.37324810028, 1.73386418819, 1.79496729374, 1.87822377682, 0.332446545362, 0.00218326319009, 3.91306502934e-06, 8.7549096861e-09, 1.35305697202e-10, 6.48478423737e-11, 3.52026657824e-10],
        "dvar2": [0.331225335598, 3.91024184227, 40.2761077881, 1227.74487305, 568.059326172, 1515.74279785, 1533.15454102, 1210.68945312, 2850.41333008, 226.935195923, 549.948669434, 689.072021484, 358.014129639, 338.919891357, 105.844177246, 125.635108948, 138.528060913, 331.066101074, 263.666503906, 102.690948486, 101.581726074, 82.4311294556, 69.6607513428, 14.1370458603, 28.4734783173, 24.9191169739, 15.3061161041, 55.2296524048, 33.3188972473, 5.8521900177, 3.04299521446, 3.8925640583, 4.07886695862, 0.708092033863, 0.00473874993622, 8.40714255901e-06, 1.82411739047e-08, 2.73487649194e-10, 1.36212124913e-10, 7.64574792367e-10],
        "max": [4.54837274551, 14.6007919312, 40.4056358337, 238.396850586, 200.597427368, 280.953125, 351.73538208, 405.325866699, 879.904052734, 299.575836182, 265.881652832, 469.459197998, 338.315887451, 866.723815918, 123.898994446, 119.833015442, 178.2056427, 304.518829346, 258.392486572, 176.152770996, 98.9316482544, 141.711212158, 161.960968018, 44.5730552673, 103.780258179, 76.3643951416, 58.3639640808, 137.081634521, 140.493392944, 58.7390823364, 31.587097168, 25.2675514221, 24.2541370392, 11.3153791428, 1.15293073654, 0.0463022999465, 0.00203527091071, 0.000226167656365, 9.33941191761e-05, 0.000215718129766],
        "mean": [0.254179984331, 0.930715680122, 2.59649133682, 8.71084308624, 18.3597621918, 24.9156665802, 19.1586322784, 23.0669956207, 30.964723587, 14.9845457077, 17.5424900055, 19.8181285858, 14.0783443451, 14.5717992783, 8.52930927277, 7.58250999451, 7.57373189926, 10.4034585953, 8.85904026031, 4.5198597908, 6.42024612427, 5.97768259048, 5.34419441223, 2.72292971611, 2.27642869949, 2.76146769524, 2.50508308411, 3.44657754898, 3.41151118279, 1.83681619167, 1.2786103487, 1.18460929394, 1.09329378605, 0.360391438007, 0.0270828679204, 0.00121092179324, 7.57327288738e-05, 1.13234464152e-05, 1.54606514116e-05, 3.19436549034e-05],
        "median": [0.112141244113, 0.615449726582, 1.67077171803, 4.20271873474, 9.66267299652, 10.8847885132, 8.35963916779, 11.6536855698, 8.39464378357, 4.80519962311, 4.49391078949, 6.33905982971, 5.59712505341, 6.53522491455, 3.61896729469, 3.70617723465, 3.54571247101, 4.80044174194, 4.25458431244, 1.95460271835, 3.05320334435, 2.48031449318, 2.26710748672, 1.22398805618, 0.82776260376, 1.09332323074, 0.905216038227, 1.02520084381, 1.1877809763, 0.67344379425, 0.429094612598, 0.331806212664, 0.267286777496, 0.0941054001451, 0.00802864599973, 0.000370670226403, 2.98681025015e-05, 4.57989881397e-06, 1.12954630822e-05, 2.34074595937e-05],
        "min": [7.01855071839e-07, 1.62945252669e-05, 7.95446030679e-05, 8.19829801912e-05, 9.86287777778e-05, 0.000547654577531, 0.000624056207016, 0.000212431521504, 2.95984409604e-05, 6.28641791991e-05, 0.000360684964107, 0.000358100107405, 0.000193168438273, 0.000224488248932, 0.00012298792717, 5.67059214518e-05, 3.80696437787e-05, 0.000156661233632, 6.84073311277e-05, 2.00145386771e-05, 6.59155411995e-05, 2.23657225433e-05, 3.70774214389e-05, 1.37127462949e-05, 7.55356222726e-06, 6.43230487185e-06, 5.40621022083e-06, 7.0825963121e-06, 7.24638539396e-06, 2.75669071925e-06, 3.68292444364e-06, 2.13665339288e-06, 1.42902149491e-06, 1.61652371844e-06, 2.06806518577e-07, 2.43956215229e-08, 1.34544952957e-08, 4.32157376551e-09, 1.11733244879e-09, 5.15497144971e-10],
        "var": [0.316614627838, 2.28728842735, 15.5010766983, 357.834991455, 521.637451172, 1248.10302734, 1028.45959473, 1083.34838867, 5373.49365234, 710.017883301, 1145.97595215, 1520.91271973, 860.295227051, 1603.04467773, 186.981842041, 120.760261536, 168.893875122, 385.306030273, 218.833526611, 69.4115829468, 89.5918045044, 112.296600342, 98.6098709106, 16.0601787567, 18.7049980164, 21.3901119232, 20.855802536, 72.0141601562, 69.007774353, 12.9564170837, 5.63633966446, 5.28649806976, 5.69244384766, 0.778702616692, 0.0046054283157, 8.59848751134e-06, 2.30245529309e-08, 4.24153850931e-10, 2.02116975934e-10, 8.94976703858e-10]
    },
    "gfcc": {
        "mean": [-59.9430999756, 144.83757019, -121.369842529, 54.2120704651, -76.497505188, 19.86054039, -40.0021743774, -10.9448776245, -8.89813041687, -19.8976726532, 1.53022623062, -17.6011257172, 9.16794395447],
        "cov": [[5704.70458984, -650.07232666, -78.5196914673, 320.202026367, -429.901275635, 165.735778809, -239.716308594, 384.018920898, 30.3241252899, 99.9582748413, -111.581611633, -104.018119812, -16.4856128693], [-650.07232666, 965.834838867, 245.056396484, -113.893882751, 406.480529785, -30.3953990936, 259.560638428, -121.950386047, 177.933486938, -29.7997493744, 118.957145691, 23.0110797882, 57.9065208435], [-78.5196914673, 245.056396484, 406.732666016, 173.545806885, 228.484024048, 74.9729537964, 111.848121643, 18.6357059479, 54.3431396484, 29.6798210144, 49.21118927, 14.0122241974, 30.2286720276], [320.202026367, -113.893882751, 173.545806885, 349.219207764, 96.1937484741, 60.0218200684, 64.1167068481, 58.6209411621, 14.7654085159, 48.4947395325, 32.0579948425, -6.39274597168, 8.58891201019], [-429.901275635, 406.480529785, 228.484024048, 96.1937484741, 348.631164551, 66.7320480347, 170.850799561, -18.5441646576, 82.7606277466, 25.1641082764, 78.7993164062, 14.0851306915, 37.357334137], [165.735778809, -30.3953990936, 74.9729537964, 60.0218200684, 66.7320480347, 177.756347656, 67.521484375, 37.8858795166, 9.37390613556, 49.2696266174, 14.5169906616, -8.03396129608, -1.98548769951], [-239.716308594, 259.560638428, 111.848121643, 64.1167068481, 170.850799561, 67.521484375, 204.986831665, 1.49298048019, 56.9452629089, 13.8562316895, 64.4444732666, 16.7107696533, 19.6470680237], [384.018920898, -121.950386047, 18.6357059479, 58.6209411621, -18.5441646576, 37.8858795166, 1.49298048019, 155.276626587, 19.6670207977, 22.6513576508, -17.0178604126, 5.9691567421, 6.82296991348], [30.3241252899, 177.933486938, 54.3431396484, 14.7654085159, 82.7606277466, 9.37390613556, 56.9452629089, 19.6670207977, 118.586387634, 29.2692871094, 24.224187851, 3.25214838982, 17.2007770538], [99.9582748413, -29.7997493744, 29.6798210144, 48.4947395325, 25.1641082764, 49.2696266174, 13.8562316895, 22.6513576508, 29.2692871094, 89.1235809326, 35.5126190186, 2.16384792328, 12.1333236694], [-111.581611633, 118.957145691, 49.21118927, 32.0579948425, 78.7993164062, 14.5169906616, 64.4444732666, -17.0178604126, 24.224187851, 35.5126190186, 86.4459991455, 28.8655357361, 22.0180721283], [-104.018119812, 23.0110797882, 14.0122241974, -6.39274597168, 14.0851306915, -8.03396129608, 16.7107696533, 5.9691567421, 3.25214838982, 2.16384792328, 28.8655357361, 58.2676239014, 33.7168693542], [-16.4856128693, 57.9065208435, 30.2286720276, 8.58891201019, 37.357334137, -1.98548769951, 19.6470680237, 6.82296991348, 17.2007770538, 12.1333236694, 22.0180721283, 33.7168693542, 60.5315895081]],
        "icov": [[0.000334180018399, -0.000659140525386, 0.000183948170161, -0.000742766307667, 0.001003267942, -0.00072094850475, 0.000771604129113, -0.000831678451505, 9.50153407757e-05, 1.08959275167e-05, -0.000140341726365, 0.000504035386257, -0.000323307816871], [-0.000659140525386, 0.0096350191161, -0.00313619780354, 0.00700313318521, -0.00719593605027, 0.00494952546433, -0.0062845479697, 0.0046284631826, -0.00684893038124, 0.00444382615387, -0.00423119217157, 0.0039353184402, -0.00230023846962], [0.000183948170161, -0.00313619780354, 0.00572690693662, -0.00390432635322, -0.000411240500398, -0.00236150086857, 0.0024984749034, -0.00143837544601, 0.00187997415196, -0.00104045984335, 0.00191605754662, -0.00238326424733, 0.000576754449867], [-0.000742766307667, 0.00700313318521, -0.00390432635322, 0.0096164913848, -0.00569143285975, 0.00432144058868, -0.00558908004314, 0.00226496928371, -0.00332445185632, 0.00128822971601, -0.00340675516054, 0.00382843916304, -0.00131026864983], [0.001003267942, -0.00719593605027, -0.000411240500398, -0.00569143285975, 0.013919535093, -0.00511763151735, 0.00207185698673, -0.00314873666503, 0.00227085803635, -0.00130192178767, -0.000419821066316, 0.000816111045424, -0.00159208208788], [-0.00072094850475, 0.00494952546433, -0.00236150086857, 0.00432144058868, -0.00511763151735, 0.0121912257746, -0.00721444375813, 0.00151074619498, -0.000275283295196, -0.00427153101191, 0.00135680474341, 0.00160808733199, 0.000909674097784], [0.000771604129113, -0.0062845479697, 0.0024984749034, -0.00558908004314, 0.00207185698673, -0.00721444375813, 0.0154990889132, -0.00402426114306, 0.00119748397265, 0.00217914860696, -0.00363070960157, -0.00200496055186, 0.00133553345222], [-0.000831678451505, 0.0046284631826, -0.00143837544601, 0.00226496928371, -0.00314873666503, 0.00151074619498, -0.00402426114306, 0.0117773069069, -0.00472276704386, -2.65365797532e-05, 0.00281406100839, -0.00264905532822, -0.000486535922391], [9.50153407757e-05, -0.00684893038124, 0.00187997415196, -0.00332445185632, 0.00227085803635, -0.000275283295196, 0.00119748397265, -0.00472276704386, 0.0179569274187, -0.00854801572859, 0.00477730575949, -0.0018837103853, 0.000766102515627], [1.08959275167e-05, 0.00444382615387, -0.00104045984335, 0.00128822971601, -0.00130192178767, -0.00427153101191, 0.00217914860696, -2.65365797532e-05, -0.00854801572859, 0.0237430613488, -0.0142158800736, 0.00743797235191, -0.00525454292074], [-0.000140341726365, -0.00423119217157, 0.00191605754662, -0.00340675516054, -0.000419821066316, 0.00135680474341, -0.00363070960157, 0.00281406100839, 0.00477730575949, -0.0142158800736, 0.0292779020965, -0.0148099567741, 0.00379248638637], [0.000504035386257, 0.0039353184402, -0.00238326424733, 0.00382843916304, 0.000816111045424, 0.00160808733199, -0.00200496055186, -0.00264905532822, -0.0018837103853, 0.00743797235191, -0.0148099567741, 0.0360191352665, -0.0181137025356], [-0.000323307816871, -0.00230023846962, 0.000576754449867, -0.00131026864983, -0.00159208208788, 0.000909674097784, 0.00133553345222, -0.000486535922391, 0.000766102515627, -0.00525454292074, 0.00379248638637, -0.0181137025356, 0.0287100039423]]
    },
    "melbands": {
        "dmean": [0.00105519278441, 0.000752473599277, 0.00114758557174, 0.000726941681933, 0.000407565297792, 0.000241041154368, 0.00017410433793, 5.46712653886e-05, 6.46979096928e-05, 4.70667873742e-05, 2.79245978163e-05, 2.19478606596e-05, 1.29765448946e-05, 6.84927135808e-06, 1.38564109875e-05, 6.7574806053e-06, 1.03145575849e-05, 9.45172359934e-06, 3.96298719352e-06, 3.39048892783e-06, 4.21535514761e-06, 3.09659299091e-06, 2.95823861052e-06, 2.13656790038e-06, 1.09985012386e-06, 8.12098392089e-07, 1.08562960577e-06, 1.0038770597e-06, 7.44326030144e-07, 1.0205462786e-06, 1.09938559945e-06, 9.85304268397e-07, 6.71632562899e-07, 3.93111236008e-07, 3.56369326937e-07, 3.79096121605e-07, 3.91412925183e-07, 4.15569473944e-07, 2.97724511711e-07, 1.22188168916e-07],
        "dmean2": [0.00154163455591, 0.00125804205891, 0.00198132847436, 0.00119032710791, 0.000671864021569, 0.000378450436983, 0.000262945774011, 7.76843371568e-05, 9.45434658206e-05, 7.03658442944e-05, 4.27512604801e-05, 3.16771620419e-05, 1.98412217287e-05, 1.05133540274e-05, 2.01121747523e-05, 1.06757479443e-05, 1.61300195032e-05, 1.53055752889e-05, 6.4790901888e-06, 5.36409288543e-06, 6.92418689141e-06, 4.92630942972e-06, 4.64441382064e-06, 3.34087167175e-06, 1.70492035068e-06, 1.25344263324e-06, 1.68277938428e-06, 1.52666814301e-06, 1.09176539809e-06, 1.46151228364e-06, 1.64586947449e-06, 1.46657725963e-06, 9.68548192759e-07, 5.76339630243e-07, 5.05411094309e-07, 5.2237521686e-07, 5.78391507133e-07, 6.09004416674e-07, 4.48214990456e-07, 1.82939558613e-07],
        "dvar": [7.92142509454e-06, 2.6860438993e-06, 9.23943935049e-06, 1.45335570778e-06, 8.73114743172e-07, 2.40359213421e-07, 2.18771418758e-07, 1.3025634793e-08, 2.3020655604e-08, 1.02417212489e-08, 4.86894657925e-09, 4.37450697888e-09, 7.15960402076e-10, 3.47275874724e-10, 7.92347076839e-10, 3.29287319634e-10, 5.97915439382e-10, 4.70021577215e-10, 1.64876806652e-10, 7.40551994727e-11, 6.32464774997e-11, 5.11009567994e-11, 4.48874791503e-11, 2.19370303173e-11, 4.72310688823e-12, 4.66133251789e-12, 7.67664057322e-12, 5.6098329107e-12, 2.92615736329e-12, 6.71917426212e-12, 1.48510179848e-11, 8.62090173553e-12, 3.14033976774e-12, 8.43184192172e-13, 6.50861959814e-13, 6.41617130519e-13, 9.4637394709e-13, 1.14773370929e-12, 7.84745098764e-13, 1.59282309564e-13],
        "dvar2": [1.54765566549e-05, 6.92416915626e-06, 2.47110965574e-05, 3.83159476769e-06, 2.21053392124e-06, 6.18846058842e-07, 5.44856391116e-07, 2.37944384196e-08, 4.8543313369e-08, 2.35458958997e-08, 9.81472769723e-09, 6.1633169679e-09, 1.65118885231e-09, 9.61594692761e-10, 1.95133442737e-09, 7.40369210384e-10, 1.34305089272e-09, 1.20487209099e-09, 4.21185725186e-10, 1.62905675061e-10, 1.62733659881e-10, 1.1641185238e-10, 1.07803765914e-10, 4.82865795959e-11, 1.14623900649e-11, 1.16101555453e-11, 2.00958971686e-11, 1.31533724884e-11, 6.47635634357e-12, 1.36380490234e-11, 3.16077233831e-11, 1.74248948603e-11, 6.21804517598e-12, 1.60838649257e-12, 1.24092424704e-12, 1.26552446907e-12, 2.21572152986e-12, 2.5028213009e-12, 1.88604340479e-12, 3.39287219197e-13],
        "max": [0.0316977091134, 0.0149571364745, 0.0347719974816, 0.0164038930088, 0.0137344682589, 0.00907965376973, 0.0137201528996, 0.00235253968276, 0.00266345310956, 0.00260569248348, 0.00177355797496, 0.00377199985087, 0.000516363361385, 0.00062829797389, 0.000522622198332, 0.000447054160759, 0.000569895084482, 0.000513553619385, 0.000457745773019, 0.000212784783798, 0.000120827498904, 0.000184937569429, 0.00017877035134, 0.000121379802295, 3.21974839608e-05, 6.42669037916e-05, 7.2177957918e-05, 5.6780216255e-05, 3.40742153639e-05, 4.97505679959e-05, 0.000105124840047, 9.09120863071e-05, 5.69331205043e-05, 2.32631937251e-05, 1.78064583451e-05, 1.52975935634e-05, 1.73712905962e-05, 1.76243029273e-05, 1.3986693375e-05, 8.06054777058e-06],
        "mean": [0.00186793634202, 0.00131351116579, 0.00175261427648, 0.00168903416488, 0.000769503589254, 0.000527951109689, 0.000438059010776, 0.00013841674081, 0.000168563521584, 0.000121087527077, 7.06036371412e-05, 6.14515665802e-05, 3.49985675712e-05, 1.52137845362e-05, 2.63509609795e-05, 1.37944052767e-05, 2.06854474527e-05, 1.67173748196e-05, 6.37348557575e-06, 5.86928217672e-06, 7.69940106693e-06, 5.95243182033e-06, 5.92946571487e-06, 3.89815659219e-06, 2.00353929358e-06, 1.49052902998e-06, 1.86488603049e-06, 1.80463098332e-06, 1.4221117226e-06, 1.84695306871e-06, 2.04444222618e-06, 2.07942116504e-06, 1.41559007716e-06, 8.76239596437e-07, 7.24990513845e-07, 6.82681559283e-07, 7.62853233027e-07, 8.47489729949e-07, 5.55327233087e-07, 2.19808413249e-07],
        "median": [0.000942757935263, 0.000922049046494, 0.000984920654446, 0.000890616909601, 0.0003431342775, 0.000270202785032, 0.000123029138194, 3.73067523469e-05, 3.82202488254e-05, 4.00276840082e-05, 2.65870221483e-05, 2.67964096565e-05, 1.43578336065e-05, 8.18910302769e-06, 1.05634235297e-05, 5.37215555596e-06, 9.16180761124e-06, 7.58579790272e-06, 2.65124754151e-06, 2.41477732743e-06, 3.66590757039e-06, 2.36173264057e-06, 2.23251663556e-06, 1.65780295447e-06, 8.44611179218e-07, 5.45660952866e-07, 6.56817974232e-07, 7.22558638699e-07, 5.04390527567e-07, 5.5551532796e-07, 5.78504398163e-07, 7.03658827206e-07, 5.17963712809e-07, 3.03393221657e-07, 2.35238388768e-07, 1.96198470803e-07, 1.95778682155e-07, 2.00978718112e-07, 1.27771940583e-07, 5.7452172797e-08],
        "min": [1.09154179029e-08, 3.59159919583e-08, 1.38265390248e-08, 2.12843502823e-08, 2.47729659009e-08, 4.9302393279e-09, 4.31148200475e-10, 6.11735717637e-10, 3.6733711628e-09, 2.20070117685e-09, 8.92889095994e-10, 8.1516721151e-10, 5.33970589967e-10, 2.3565679963e-10, 9.14540804198e-11, 1.4972029172e-10, 2.82297352161e-10, 1.02668380741e-10, 4.46434278434e-11, 2.10366880166e-11, 8.7327985121e-11, 1.58680117657e-11, 3.36380298616e-11, 2.88683382754e-11, 9.34754357251e-12, 3.58603077788e-12, 7.18525369411e-12, 3.56458243998e-12, 3.54776841585e-12, 3.60129482659e-12, 4.06978747577e-12, 4.15049505181e-12, 3.08419609296e-12, 1.03384629416e-12, 1.48197730129e-12, 3.05905257722e-12, 8.13970906736e-13, 8.75769075315e-13, 9.27939365972e-13, 1.6655927939e-12],
        "var": [1.44392697621e-05, 3.11765302285e-06, 8.43837096909e-06, 4.7065027502e-06, 1.5726412812e-06, 5.5811619859e-07, 1.16262685879e-06, 6.1851565647e-08, 1.12269731289e-07, 5.40534976778e-08, 2.36994157632e-08, 3.21559170402e-08, 3.09337178095e-09, 8.78909722779e-10, 1.79608017348e-09, 8.98820129436e-10, 1.46276246671e-09, 8.0648976386e-10, 1.98804611662e-10, 1.26387109112e-10, 1.29643643043e-10, 1.39125835852e-10, 1.37882927298e-10, 4.90952556387e-11, 9.91713221959e-12, 7.99739875018e-12, 1.23868866553e-11, 9.86995121049e-12, 6.74330036254e-12, 1.52595453634e-11, 3.21499354916e-11, 2.75944562339e-11, 1.02225944723e-11, 2.80989402753e-12, 1.90756742e-12, 1.70565363049e-12, 2.46535084014e-12, 3.42128604093e-12, 1.77599471587e-12, 3.31699891078e-13]
    },
    "mfcc": {
        "mean": [-685.204101562, 140.316116333, 23.2940387726, 21.9792289734, 3.89802765846, 11.1969480515, -6.41749477386, 1.00052499771, -2.68221569061, -6.79908657074, -5.39292955399, -2.06294894218, -8.33838272095],
        "cov": [[5915.47705078, -869.108032227, 102.390792847, -25.2200756073, -96.5707626343, -249.805618286, -176.861602783, 13.077413559, 123.721511841, 192.470870972, 111.667556763, 51.2913513184, -140.709274292], [-869.108032227, 1119.99157715, -17.5747261047, 47.9985084534, 124.901916504, 179.632995605, 74.4195861816, 96.6337890625, 20.4522724152, 65.2200317383, 49.5043525696, 10.6593494415, 77.8926010132], [102.390792847, -17.5747261047, 238.611465454, 115.071876526, 85.1298217773, 72.6395492554, 56.6997795105, 30.8003692627, 38.8935699463, 29.2716674805, 33.0551223755, 28.795042038, 11.3124074936], [-25.2200756073, 47.9985084534, 115.071876526, 321.08190918, 109.284454346, 77.3460540771, 84.1488800049, 50.8309707642, 25.096660614, 63.9360313416, 16.4544296265, 26.96326828, 38.7734603882], [-96.5707626343, 124.901916504, 85.1298217773, 109.284454346, 175.513412476, 79.6904907227, 59.1751976013, 26.6680088043, 44.3425140381, 43.939491272, 34.0288047791, 23.9119720459, 24.9725284576], [-249.805618286, 179.632995605, 72.6395492554, 77.3460540771, 79.6904907227, 227.608535767, 114.745040894, 31.6195049286, 4.31918621063, 78.7825164795, 39.9981002808, 19.2664546967, 44.0386314392], [-176.861602783, 74.4195861816, 56.6997795105, 84.1488800049, 59.1751976013, 114.745040894, 171.232254028, 58.4205055237, 8.14487171173, 57.6988105774, 20.7035903931, 17.2381706238, 45.2774391174], [13.077413559, 96.6337890625, 30.8003692627, 50.8309707642, 26.6680088043, 31.6195049286, 58.4205055237, 105.560890198, 45.7259712219, 25.103094101, 17.815700531, 13.6266126633, 25.9060192108], [123.721511841, 20.4522724152, 38.8935699463, 25.096660614, 44.3425140381, 4.31918621063, 8.14487171173, 45.7259712219, 95.4965896606, 33.5663833618, 27.6556987762, 13.7735614777, 11.1731987], [192.470870972, 65.2200317383, 29.2716674805, 63.9360313416, 43.939491272, 78.7825164795, 57.6988105774, 25.103094101, 33.5663833618, 136.600662231, 49.082195282, 19.797586441, 26.6031990051], [111.667556763, 49.5043525696, 33.0551223755, 16.4544296265, 34.0288047791, 39.9981002808, 20.7035903931, 17.815700531, 27.6556987762, 49.082195282, 80.1498260498, 27.0914707184, 8.33475780487], [51.2913513184, 10.6593494415, 28.795042038, 26.96326828, 23.9119720459, 19.2664546967, 17.2381706238, 13.6266126633, 13.7735614777, 19.797586441, 27.0914707184, 61.2183189392, 19.0086307526], [-140.709274292, 77.8926010132, 11.3124074936, 38.7734603882, 24.9725284576, 44.0386314392, 45.2774391174, 25.9060192108, 11.1731987, 26.6031990051, 8.33475780487, 19.0086307526, 73.7913208008]],
