{
"lowlevel": {
    "average_loudness": 0.871450603008,
    "barkbands_crest": {
        "dmean": 2.28066658974,
        "dmean2": 3.47867751122,
        "dvar": 4.46103572845,
        "dvar2": 9.54528045654,
        "max": 23.1689071655,
        "mean": 11.1727437973,
        "median": 10.1911096573,
        "min": 3.26973867416,
        "var": 20.1383209229
    },
    "barkbands_flatness_db": {
        "dmean": 0.0172990225255,
        "dmean2": 0.025795981288,
        "dvar": 0.000289909163257,
        "dvar2": 0.000553390127607,
        "max": 0.279032081366,
        "mean": 0.151339262724,
        "median": 0.148369044065,
        "min": 0.0222181696445,
        "var": 0.00189728580881
    },
    "barkbands_kurtosis": {
        "dmean": 2.49161100388,
        "dmean2": 3.82688593864,
        "dvar": 12.9776859283,
        "dvar2": 27.3366298676,
        "max": 50.7316703796,
        "mean": 5.37065792084,
        "median": 3.72148180008,
        "min": -1.86969637871,
        "var": 41.6014328003
    },
    "barkbands_skewness": {
        "dmean": 0.424143642187,
        "dmean2": 0.622763812542,
        "dvar": 0.213082134724,
        "dvar2": 0.40424656868,
        "max": 6.15238714218,
        "mean": 1.53162169456,
        "median": 1.39233911037,
        "min": -1.6487493515,
        "var": 1.13840353489
    },
    "barkbands_spread": {
        "dmean": 4.40868186951,
        "dmean2": 6.61294317245,
        "dvar": 68.2954025269,
        "dvar2": 126.78150177,
        "max": 110.112106323,
        "mean": 16.4441890717,
        "median": 11.9337949753,
        "min": 2.09354162216,
        "var": 267.213104248
    },
    "dissonance": {
        "dmean": 0.0301304720342,
        "dmean2": 0.0511726438999,
        "dvar": 0.000701830838807,
        "dvar2": 0.00193579751067,
        "max": 0.498747289181,
        "mean": 0.428853064775,
        "median": 0.433732360601,
        "min": 0.265746831894,
        "var": 0.0015317350626
    },
    "dynamic_complexity": 4.35527658463,
    "erbbands_crest": {
        "dmean": 2.8205010891,
        "dmean2": 4.37812423706,
        "dvar": 7.63731718063,
        "dvar2": 17.8140792847,
        "max": 31.142414093,
        "mean": 13.4051294327,
        "median": 12.2057590485,
        "min": 2.88167667389,
        "var": 35.4856834412
    },
    "erbbands_flatness_db": {
        "dmean": 0.0155227705836,
        "dmean2": 0.0231918282807,
        "dvar": 0.000252708327025,
        "dvar2": 0.000468570244266,
        "max": 0.320563435555,
        "mean": 0.185289636254,
        "median": 0.182447269559,
        "min": 0.0567650273442,
        "var": 0.00248372904025
    },
    "erbbands_kurtosis": {
        "dmean": 1.41016244888,
        "dmean2": 2.17003655434,
        "dvar": 3.71005535126,
        "dvar2": 8.30139541626,
        "max": 27.0581989288,
        "mean": 2.25836920738,
        "median": 1.30842494965,
        "min": -1.81101667881,
        "var": 11.526096344
    },
    "erbbands_skewness": {
        "dmean": 0.371343821287,
        "dmean2": 0.549950838089,
        "dvar": 0.132801309228,
        "dvar2": 0.268246650696,
        "max": 4.85599851608,
        "mean": 1.05127835274,
        "median": 0.988546967506,
        "min": -2.59836316109,
        "var": 0.698724448681
    },
    "erbbands_spread": {
        "dmean": 6.23624849319,
        "dmean2": 9.0652513504,
        "dvar": 75.1556930542,
        "dvar2": 156.532989502,
        "max": 161.032119751,
        "mean": 29.234172821,
        "median": 24.1308879852,
        "min": 3.49666500092,
        "var": 433.815490723
    },
    "hfc": {
        "dmean": 4.47315454483,
        "dmean2": 6.32831382751,
        "dvar": 49.7985534668,
        "dvar2": 91.1547164917,
        "max": 127.702552795,
        "mean": 18.3708076477,
        "median": 11.9385795593,
        "min": 1.20111826254e-16,
        "var": 308.659851074
    },
    "melbands_crest": {
        "dmean": 2.72633910179,
        "dmean2": 4.22050094604,
        "dvar": 6.64229011536,
        "dvar2": 15.467757225,
        "max": 32.7629432678,
        "mean": 14.2800312042,
        "median": 12.9029226303,
        "min": 2.3497133255,
        "var": 29.9075679779
    },
    "melbands_flatness_db": {
        "dmean": 0.0188044924289,
        "dmean2": 0.0272746961564,
        "dvar": 0.00041979085654,
        "dvar2": 0.000729308405425,
        "max": 0.389546126127,
        "mean": 0.215418204665,
        "median": 0.2138864398,
        "min": 0.00609323848039,
        "var": 0.00256499624811
    },
    "melbands_kurtosis": {
        "dmean": 4.29358720779,
        "dmean2": 6.19068813324,
        "dvar": 88.9229278564,
        "dvar2": 128.038986206,
        "max": 351.816101074,
        "mean": 11.1841211319,
        "median": 6.70263957977,
        "min": -1.169095397,
        "var": 395.156555176
    },
    "melbands_skewness": {
        "dmean": 0.476936042309,
        "dmean2": 0.69421261549,
        "dvar": 0.272238224745,
        "dvar2": 0.481358885765,
        "max": 14.7244215012,
        "mean": 1.96418917179,
        "median": 1.70200181007,
        "min": -1.38293039799,
        "var": 2.34694814682
    },
    "melbands_spread": {
        "dmean": 4.50888156891,
        "dmean2": 6.22203302383,
        "dvar": 72.2041625977,
        "dvar2": 97.1460189819,
        "max": 176.825744629,
        "mean": 17.3081111908,
        "median": 13.960943222,
        "min": 1.19910264015,
        "var": 213.018035889
    },
    "pitch_salience": {
        "dmean": 0.0598143525422,
        "dmean2": 0.0934386104345,
        "dvar": 0.00282845040783,
        "dvar2": 0.00628709187731,
        "max": 0.803885102272,
        "mean": 0.532654941082,
        "median": 0.542072236538,
        "min": 0.151209145784,
        "var": 0.0116091426462
    },
    "silence_rate_20dB": {
        "dmean": 0,
        "dmean2": 0,
        "dvar": 0,
        "dvar2": 0,
        "max": 1,
        "mean": 1,
        "median": 1,
        "min": 1,
        "var": 0
    },
    "silence_rate_30dB": {
        "dmean": 0,
        "dmean2": 0,
        "dvar": 0,
        "dvar2": 0,
        "max": 1,
        "mean": 1,
        "median": 1,
        "min": 1,
        "var": 0
    },
    "silence_rate_60dB": {
        "dmean": 0.0185758508742,
        "dmean2": 0.0371804796159,
        "dvar": 0.0182309448719,
        "dvar2": 0.0419935658574,
        "max": 1,
        "mean": 0.1144624874,
        "median": 0,
        "min": 0,
        "var": 0.101359553635
    },
    "spectral_centroid": {
        "dmean": 166.420944214,
        "dmean2": 238.391189575,
        "dvar": 134714.296875,
        "dvar2": 164817.390625,
        "max": 10852.0097656,
        "mean": 1013.97235107,
        "median": 948.42388916,
        "min": 315.855895996,
        "var": 310409.21875
    },
    "spectral_complexity": {
        "dmean": 1.8297213316,
        "dmean2": 2.95274972916,
        "dvar": 3.19703626633,
        "dvar2": 7.73984241486,
        "max": 31,
        "mean": 13.2737817764,
        "median": 14,
        "min": 0,
        "var": 31.5259456635
    },
    "spectral_decrease": {
        "dmean": 1.20920229385e-09,
        "dmean2": 1.80091663804e-09,
        "dvar": 2.64076542018e-18,
        "dvar2": 5.58435587235e-18,
        "max": 2.76570611788e-29,
        "mean": -5.32190558289e-09,
        "median": -4.21499057879e-09,
        "min": -2.45134188503e-08,
        "var": 1.90690707618e-17
    },
    "spectral_energy": {
        "dmean": 0.00488436315209,
        "dmean2": 0.00724678253755,
        "dvar": 4.32241249655e-05,
        "dvar2": 9.07116409508e-05,
        "max": 0.102984495461,
        "mean": 0.0217524003237,
        "median": 0.0170683804899,
        "min": 1.07901066095e-20,
        "var": 0.000318826467264
    },
    "spectral_energyband_high": {
        "dmean": 0.000192356368643,
        "dmean2": 0.000274537480436,
        "dvar": 3.01264549307e-07,
        "dvar2": 5.14807311447e-07,
        "max": 0.00991420913488,
        "mean": 0.000423093035351,
        "median": 0.000192515566596,
        "min": 7.34673143398e-21,
        "var": 6.60510920625e-07
    },
    "spectral_energyband_low": {
        "dmean": 0.00047871665447,
        "dmean2": 0.000811752863228,
        "dvar": 5.60678074635e-07,
        "dvar2": 1.58223826929e-06,
        "max": 0.0119933234528,
        "mean": 0.00147786724847,
        "median": 0.00112959789112,
        "min": 5.51472779545e-23,
        "var": 2.08728420148e-06
    },
    "spectral_energyband_middle_high": {
        "dmean": 0.00223700143397,
        "dmean2": 0.00312876468524,
        "dvar": 2.15834916162e-05,
        "dvar2": 3.83095684811e-05,
        "max": 0.0891342014074,
        "mean": 0.00758999865502,
        "median": 0.00262390216812,
        "min": 1.65610232317e-21,
        "var": 0.000147726314026
    },
    "spectral_energyband_middle_low": {
        "dmean": 0.00385296856984,
        "dmean2": 0.00579169392586,
        "dvar": 2.97328970191e-05,
        "dvar2": 6.82564059389e-05,
        "max": 0.076428361237,
        "mean": 0.0136779919267,
        "median": 0.00976454559714,
        "min": 3.46162792745e-22,
        "var": 0.000164830635185
    },
    "spectral_entropy": {
        "dmean": 0.161507681012,
        "dmean2": 0.238334059715,
        "dvar": 0.0360112041235,
        "dvar2": 0.0611749663949,
        "max": 9.8061876297,
        "mean": 7.09239959717,
        "median": 7.0721282959,
        "min": 5.74794483185,
        "var": 0.209185317159
    },
    "spectral_flux": {
        "dmean": 0.0168680623174,
        "dmean2": 0.0266859345138,
        "dvar": 0.00041191035416,
        "dvar2": 0.0009447868797,
        "max": 0.283081203699,
        "mean": 0.0580657273531,
        "median": 0.050982542336,
        "min": 1.03875436031e-10,
        "var": 0.00137646822259
    },
    "spectral_kurtosis": {
        "dmean": 1.65442049503,
        "dmean2": 2.81836557388,
        "dvar": 2.8475446701,
        "dvar2": 8.02884197235,
        "max": 28.4368209839,
        "mean": 6.11678409576,
        "median": 5.66909122467,
        "min": -1.12339031696,
        "var": 12.9893503189
    },
    "spectral_rms": {
        "dmean": 0.000484397402033,
        "dmean2": 0.000715516100172,
        "dvar": 2.9486724884e-07,
        "dvar2": 6.09615881331e-07,
        "max": 0.0100236060098,
        "mean": 0.00418240344152,
        "median": 0.00408069603145,
        "min": 3.24452357342e-12,
        "var": 3.72935483028e-06
    },
    "spectral_rolloff": {
        "dmean": 458.114227295,
        "dmean2": 760.252258301,
        "dvar": 2226097,
        "dvar2": 4413960.5,
        "max": 19487.5488281,
        "mean": 1507.35900879,
        "median": 947.4609375,
        "min": 150.732421875,
        "var": 5292337.5
    },
    "spectral_skewness": {
        "dmean": 0.212745219469,
        "dmean2": 0.339879691601,
        "dvar": 0.0373045876622,
        "dvar2": 0.0879688039422,
        "max": 4.09728384018,
        "mean": 1.93110609055,
        "median": 1.92542970181,
        "min": 0.0195112004876,
        "var": 0.288565129042
    },
    "spectral_spread": {
        "dmean": 550635.5625,
        "dmean2": 792166.4375,
        "dvar": 1.38587367014e+12,
        "dvar2": 1.76169903718e+12,
        "max": 39041444,
        "mean": 4710852,
        "median": 4102993,
        "min": 1740583,
        "var": 4.86431575245e+12
    },
    "spectral_strongpeak": {
        "dmean": 0.623818457127,
        "dmean2": 0.983713030815,
        "dvar": 1.03135871887,
        "dvar2": 2.54532575607,
        "max": 16.1982364655,
        "mean": 1.86445856094,
        "median": 1.06876718998,
        "min": 0,
        "var": 3.92528963089
    },
    "zerocrossingrate": {
        "dmean": 0.0110282776877,
        "dmean2": 0.0120950778946,
        "dvar": 0.000602528336458,
        "dvar2": 0.000572235614527,
        "max": 0.47314453125,
        "mean": 0.0591220594943,
        "median": 0.044921875,
        "min": 0.013671875,
        "var": 0.00285895331763
    },
    "barkbands": {
        "dmean": [1.38098830575e-05, 0.000214024796151, 0.00022280914709, 0.000353964278474, 0.00104003376327, 0.00135642359965, 0.000758667243645, 0.00070985435741, 0.00110006087925, 0.00137205468491, 0.00107290281449, 0.000340307306033, 0.000243698566919, 0.000184474614798, 0.000251087069046, 8.88051945367e-05, 0.000115183371236, 4.78722322441e-05, 6.9283603807e-05, 6.07113106526e-05, 4.76641871501e-05, 2.55757295236e-05, 3.42378589266e-05, 2.99089460896e-05, 3.32585550495e-05, 4.24316967838e-05, 5.88003285884e-06],
        "dmean2": [2.40166064032e-05, 0.000346154702129, 0.000379691919079, 0.000582528533414, 0.00161376816686, 0.00203079148196, 0.00119332550094, 0.0010977499187, 0.00156966818031, 0.00191484298557, 0.00153639633209, 0.000512427068315, 0.000346086715581, 0.000269402458798, 0.000380936689908, 0.000128479528939, 0.000190343504073, 7.83894211054e-05, 0.000104667000414, 9.29552115849e-05, 7.65546719776e-05, 3.85296916647e-05, 4.81063725601e-05, 4.12639856222e-05, 4.86459794047e-05, 6.02308646194e-05, 9.60880515777e-06],
        "dvar": [6.21207918439e-10, 8.20393282197e-08, 1.51838108309e-07, 4.39040519495e-07, 2.80898370875e-06, 9.17039415071e-06, 4.35944502897e-06, 5.38679341844e-06, 8.18326589069e-06, 1.3835304344e-05, 1.1459603229e-05, 8.50796709528e-07, 5.45964098819e-07, 1.44822911352e-06, 2.65759723561e-07, 5.60030954944e-08, 7.18788584209e-08, 6.58796128761e-09, 1.87256734563e-08, 2.67434465684e-08, 1.21686127841e-08, 6.74734979e-09, 2.04462207165e-08, 8.06639466333e-09, 1.25896928438e-08, 3.4391618442e-08, 1.83094273076e-09],
        "dvar2": [1.72283798339e-09, 2.09641157767e-07, 4.32800106864e-07, 1.02821798009e-06, 6.59545185044e-06, 1.96209657588e-05, 9.58266537054e-06, 1.36449898491e-05, 1.5789302779e-05, 2.59871976596e-05, 2.13920629903e-05, 1.85225110272e-06, 1.10943369691e-06, 3.0829703519e-06, 5.76818649733e-07, 1.09039191898e-07, 1.81742507266e-07, 1.7416679654e-08, 3.56129028489e-08, 4.21515657933e-08, 2.69054094559e-08, 1.20194370012e-08, 3.59511567183e-08, 1.34556934483e-08, 2.82149006381e-08, 7.34006420089e-08, 5.05946617935e-09],
        "max": [0.000294246478006, 0.00417813099921, 0.00559015152976, 0.0106941554695, 0.0193898566067, 0.0651371479034, 0.0425883941352, 0.048074439168, 0.0514519959688, 0.0665057972074, 0.0783278644085, 0.0158224161714, 0.0134569872171, 0.0374720692635, 0.00826049037278, 0.00460724905133, 0.00575112784281, 0.00144576281309, 0.00256222253665, 0.00558023294434, 0.00236112880521, 0.00143357075285, 0.00266688526608, 0.00163684971631, 0.00187610648572, 0.00383916241117, 0.000803387956694],
        "mean": [2.04586103791e-05, 0.000556348182727, 0.000510144745931, 0.000753183267079, 0.00240695569664, 0.00317622930743, 0.00152883236296, 0.00112508505117, 0.0024973214604, 0.00347365951166, 0.00257198675536, 0.000745897879824, 0.000500528898556, 0.000262502580881, 0.000485528318677, 0.000158803828526, 0.000229302648222, 9.47659573285e-05, 0.000166074343724, 0.000123105666717, 9.05732667889e-05, 4.13762645621e-05, 5.21920592291e-05, 5.71378113818e-05, 5.55553888262e-05, 6.23279120191e-05, 6.52396647638e-06],
        "median": [4.48619266535e-06, 0.000401984783821, 0.00024785642745, 0.000291898788419, 0.001105096424, 0.0015402486315, 0.000410520471632, 0.000267759052804, 0.000493236235343, 0.000255911174463, 0.00033912473009, 0.000134528061608, 0.000103511898487, 4.17356131948e-05, 0.000131093649543, 3.79808843718e-05, 8.73925746419e-05, 5.91211974097e-05, 5.57428284083e-05, 6.11766372458e-05, 3.91377070628e-05, 1.50989581016e-05, 1.32406194098e-05, 1.73085918505e-05, 1.05433564386e-05, 5.14944258612e-06, 1.77735756779e-07],
        "min": [2.17571245539e-23, 3.85645255808e-23, 4.06188818833e-24, 9.52695955638e-24, 8.3882218003e-23, 4.74092529828e-23, 5.3365613512e-23, 5.65186274413e-23, 7.33779607593e-23, 5.70443117267e-23, 2.7265967447e-23, 2.16347485617e-23, 1.56386146123e-22, 3.35474648869e-22, 1.36838740871e-22, 2.10049147574e-22, 1.18084778229e-22, 2.99915096424e-22, 2.06619092006e-22, 4.14434046657e-22, 4.57942464505e-22, 4.34432289071e-22, 6.31980831197e-22, 1.0437154337e-21, 9.06918622366e-22, 1.45511985059e-21, 2.31791497079e-21],
        "var": [1.2866701038e-09, 2.81142661152e-07, 5.04812021518e-07, 1.72976831436e-06, 9.9288608908e-06, 2.52811041719e-05, 1.30310945679e-05, 7.53663834985e-06, 3.35464974341e-05, 8.11162826722e-05, 5.98721817369e-05, 2.4515916266e-06, 1.83044596724e-06, 1.82175824648e-06, 9.45324529766e-07, 1.54376550654e-07, 2.20468876933e-07, 1.39161198121e-08, 7.64386598462e-08, 6.1411846275e-08, 2.41013431435e-08, 1.22771925959e-08, 3.41404096105e-08, 2.08665653645e-08, 2.32362893371e-08, 5.88454582839e-08, 1.65297975308e-09]
    },
    "erbbands": {
        "dmean": [0.00502394372597, 0.0530691370368, 0.182646945119, 0.790149211884, 1.57453656197, 4.2218132019, 10.1069278717, 9.61435985565, 9.99129772186, 8.70161437988, 20.5917568207, 23.7913761139, 38.0007896423, 50.4090652466, 19.4215450287, 13.8253097534, 11.1490688324, 10.8487701416, 8.61719894409, 9.98586654663, 5.38020944595, 4.26187944412, 2.34485149384, 3.45792245865, 3.72943806648, 2.27849078178, 2.51140213013, 1.16460561752, 0.918892383575, 0.855108678341, 1.03030228615, 0.752452254295, 0.467177689075, 0.356609046459, 0.269386917353, 0.162622064352, 0.0903131589293, 0.0174389071763, 0.000494333798997, 1.5895213437e-05],
        "dmean2": [0.0079932352528, 0.0867048203945, 0.302755653858, 1.33050990105, 2.38084506989, 6.67092418671, 16.0030994415, 14.1784591675, 15.3333234787, 13.372086525, 32.3040161133, 33.1905937195, 52.1348571777, 70.0347213745, 27.7192401886, 20.4432830811, 15.4267120361, 15.3797969818, 12.9518613815, 15.0052833557, 8.33815193176, 6.88630056381, 3.79775047302, 5.38476848602, 5.65373182297, 3.39657354355, 3.95745944977, 1.77289795876, 1.37548851967, 1.22638440132, 1.44583725929, 1.03468346596, 0.665315270424, 0.517447710037, 0.404949724674, 0.235249012709, 0.13198082149, 0.0266017243266, 0.000781280221418, 2.3682579922e-05],
        "dvar": [5.64103829674e-05, 0.00487647764385, 0.0743829980493, 2.29992365837, 11.7231559753, 59.1690673828, 515.392883301, 488.864257812, 858.110961914, 422.90725708, 4223.66552734, 4388.640625, 15112.4101562, 20200.1132812, 3370.81738281, 1401.90942383, 963.141357422, 2436.11499023, 680.287414551, 483.084564209, 139.396072388, 57.0604133606, 11.6027793884, 65.9448547363, 38.8401832581, 46.916595459, 31.0499134064, 11.3163461685, 8.07308769226, 13.8259887695, 18.2929897308, 5.18249702454, 2.6187338829, 1.42873120308, 1.19481360912, 0.505059182644, 0.205553129315, 0.00706970738247, 9.27582368604e-06, 2.90096036082e-09],
        "dvar2": [0.00013673727517, 0.0126740122214, 0.203819438815, 6.12305307388, 22.7737236023, 137.61151123, 1199.30236816, 1068.87683105, 1887.70544434, 906.547607422, 10655.8447266, 7390.04736328, 30099.3242188, 37206.9726562, 7153.56542969, 2952.60546875, 1848.76098633, 4510.50927734, 1541.79675293, 942.802001953, 342.841888428, 139.771835327, 29.9129486084, 128.979797363, 85.1506500244, 64.8807296753, 62.6405334473, 20.8017902374, 13.9746847153, 26.4999370575, 32.6092071533, 9.31307411194, 4.61599826813, 3.05619692802, 2.80542945862, 0.963482141495, 0.4968110919, 0.018137646839, 2.50220618909e-05, 7.36857819206e-09],
        "max": [0.12131049484, 0.921465456486, 4.02829122543, 25.0249824524, 81.1886062622, 85.517791748, 432.683654785, 433.480651855, 605.041137695, 450.441741943, 1206.45654297, 1485.10461426, 2575.19116211, 3026.47509766, 1399.44628906, 699.25213623, 678.480285645, 1471.01062012, 607.325378418, 398.879730225, 267.163574219, 154.016235352, 51.1664924622, 163.439743042, 97.0752639771, 231.227279663, 118.581359863, 80.1593322754, 54.0344619751, 83.0803833008, 74.9064102173, 36.429145813, 31.5068798065, 20.2785148621, 20.7057132721, 17.0468158722, 9.56536388397, 1.33731758595, 0.0572645291686, 0.0010484525701],
        "mean": [0.0122436163947, 0.140095815063, 0.473583817482, 1.84914720058, 4.20609474182, 8.73694705963, 21.702173233, 24.1276760101, 21.5823764801, 17.6038646698, 36.6760101318, 64.1942214966, 114.688766479, 123.861999512, 46.2602844238, 34.1018104553, 25.8211307526, 19.094165802, 16.7500610352, 19.8337802887, 11.7473955154, 9.4038476944, 5.21360635757, 7.83495426178, 8.5341129303, 5.06387615204, 5.01873016357, 2.27616643906, 1.54638373852, 1.29509675503, 1.60886991024, 1.33054196835, 0.863680124283, 0.619651198387, 0.409524738789, 0.24096339941, 0.127884835005, 0.0226464215666, 0.000634181138594, 4.13998168369e-05],
        "median": [0.00868552923203, 0.0957269966602, 0.295561283827, 0.796442091465, 1.56408154964, 3.30611395836, 8.66119861603, 11.7274951935, 6.94821023941, 6.13529777527, 10.3664989471, 13.5572872162, 9.76423549652, 16.0742263794, 10.8626556396, 8.59149932861, 7.01144552231, 4.85103273392, 5.37570333481, 5.34407806396, 3.46717238426, 4.72711992264, 3.23972845078, 3.51277518272, 3.72019004822, 2.47683262825, 2.34020781517, 1.05717325211, 0.614101409912, 0.340699404478, 0.386109054089, 0.398267686367, 0.220892056823, 0.132180780172, 0.0637841597199, 0.0240736249834, 0.00881778914481, 0.0013307146728, 4.87279066874e-05, 2.83401113848e-05],
        "min": [8.71198697655e-22, 8.93035175305e-21, 8.51437280119e-21, 2.23743276096e-20, 1.08956786047e-19, 3.86437430585e-19, 3.79440180537e-19, 3.28024675762e-19, 7.96037055695e-19, 9.23647759757e-19, 1.29062633512e-18, 2.08429992901e-18, 1.62538446786e-18, 1.39748483537e-18, 1.02184516201e-18, 1.20958993205e-18, 8.20020537171e-18, 1.21504551906e-17, 1.27971499566e-17, 8.93513301208e-18, 1.11339776036e-17, 8.32332376126e-18, 1.43657532317e-17, 1.12234760643e-17, 1.24592251697e-17, 1.98396457507e-17, 1.68107154883e-17, 1.87384913387e-17, 1.62966756772e-17, 1.57196841127e-17, 2.02226568441e-17, 1.78607170512e-17, 1.77909973061e-17, 8.97832755649e-18, 7.54022360355e-18, 5.51387636185e-18, 2.61965246222e-18, 1.26742309176e-18, 2.89621032217e-19, 3.69210224644e-20],
        "var": [0.000163751567015, 0.0177696924657, 0.26702991128, 7.83050251007, 74.9071807861, 162.459838867, 1430.70251465, 1282.77954102, 2487.96337891, 1135.43041992, 6511.17871094, 24283.4921875, 115365.148438, 112608.429688, 11580.4824219, 4849.48681641, 3557.16772461, 4386.96826172, 1488.72424316, 1628.40124512, 531.871032715, 198.627960205, 35.312461853, 168.161911011, 155.152526855, 116.044845581, 70.3466110229, 21.8372459412, 15.2230958939, 21.7745456696, 30.4861335754, 11.1360559464, 6.02990627289, 2.75339746475, 1.90532839298, 0.933535218239, 0.323694735765, 0.00834086537361, 9.01486055227e-06, 3.92911392311e-09]
    },
    "gfcc": {
        "mean": [-30.4958515167, 94.0086135864, -113.163284302, 8.78861904144, -68.7324371338, 6.48817682266, -37.7787590027, 8.59166717529, -33.2960319519, 2.27165699005, -14.8178415298, 2.03778553009, -6.6352353096],
        "cov": [[8812.10644531, -359.402679443, -888.901489258, -50.3921470642, 76.5608215332, -79.2290344238, -126.083930969, 365.891448975, -67.6994171143, 61.7750167847, -285.326263428, -151.685073853, 11.3775691986], [-359.402679443, 948.137878418, -343.1121521, -35.1559791565, 41.9227676392, -90.380859375, -9.01751708984, -44.4155807495, -38.9170799255, -95.2150039673, 117.080001831, -96.1887130737, 79.2345504761], [-888.901489258, -343.1121521, 1107.3704834, 134.582611084, -23.6907978058, 43.121421814, -134.689804077, -97.7079467773, 15.8187236786, 92.9407730103, 7.79530906677, 178.467834473, -179.598098755], [-50.3921470642, -35.1559791565, 134.582611084, 330.111877441, 15.7178173065, 45.2094726562, -20.5847587585, -22.8085136414, 57.7451820374, 39.53931427, 4.83812379837, -11.503988266, -49.4849700928], [76.5608215332, 41.9227676392, -23.6907978058, 15.7178173065, 201.684738159, -8.27318763733, -2.27035784721, 10.2297859192, 10.4529266357, 1.22027933598, -49.8023719788, -14.1951208115, -15.6675167084], [-79.2290344238, -90.380859375, 43.121421814, 45.2094726562, -8.27318763733, 189.900939941, 81.2629013062, -5.28346347809, -40.4947471619, 26.2727298737, 22.2782249451, -24.4699211121, -11.916800499], [-126.083930969, -9.01751708984, -134.689804077, -20.5847587585, -2.27035784721, 81.2629013062, 227.737472534, 7.63900613785, 4.30182695389, 12.1401453018, 14.8771266937, -4.05829954147, 15.1307916641], [365.891448975, -44.4155807495, -97.7079467773, -22.8085136414, 10.2297859192, -5.28346347809, 7.63900613785, 158.904418945, 8.23189067841, -14.000374794, -36.8128395081, -31.6875305176, 41.9908599854], [-67.6994171143, -38.9170799255, 15.8187236786, 57.7451820374, 10.4529266357, -40.4947471619, 4.30182695389, 8.23189067841, 172.81918335, 0.985679626465, -26.7215099335, 27.4714508057, -40.3397445679], [61.7750167847, -95.2150039673, 92.9407730103, 39.53931427, 1.22027933598, 26.2727298737, 12.1401453018, -14.000374794, 0.985679626465, 127.413589478, 16.4897537231, 10.6848640442, -11.4127635956], [-285.326263428, 117.080001831, 7.79530906677, 4.83812379837, -49.8023719788, 22.2782249451, 14.8771266937, -36.8128395081, -26.7215099335, 16.4897537231, 130.019546509, 4.56418943405, 23.3304615021], [-151.685073853, -96.1887130737, 178.467834473, -11.503988266, -14.1951208115, -24.4699211121, -4.05829954147, -31.6875305176, 27.4714508057, 10.6848640442, 4.56418943405, 131.583984375, -12.1359300613], [11.3775691986, 79.2345504761, -179.598098755, -49.4849700928, -15.6675167084, -11.916800499, 15.1307916641, 41.9908599854, -40.3397445679, -11.4127635956, 23.3304615021, -12.1359300613, 150.130172729]],
        "icov": [[0.000163545206306, 4.23743804276e-05, 0.000246348296059, -5.25681280124e-05, 3.92773545173e-05, -8.54238987813e-06, 0.00021845230367, -0.000332151685143, 0.000213822670048, -0.000255511520663, 0.000234204126173, -0.00019389737281, 0.000302883127006], [4.23743804276e-05, 0.00185984978452, 0.000279896805296, -0.000132326182211, -0.000797750079073, 0.00112424837425, -7.1928538091e-05, 0.000619172991719, 0.000156691894517, 0.00118776608724, -0.00201294291764, 0.00119905523024, -0.000311377487378], [0.000246348296059, 0.000279896805296, 0.00234239175916, -0.000508723256644, 0.000122099372675, -0.000741747149732, 0.00160465750378, -0.000560946296901, 0.000927119399421, -0.00108302512672, 3.3113290101e-06, -0.00283182179555, 0.00235448102467], [-5.25681280124e-05, -0.000132326182211, -0.000508723256644, 0.00392526434734, -0.000265535083599, -0.00124832277652, 0.000555621692911, 0.000489739817567, -0.00185100897215, -0.000710157037247, -0.000261854875134, 0.00120571244042, 2.61002242041e-05], [3.92773545173e-05, -0.000797750079073, 0.000122099372675, -0.000265535083599, 0.00594661524519, -0.000254973623669, -1.77755327968e-06, -0.000243319693254, 0.000167922175024, -0.000985691323876, 0.00311596365646, -0.000197617438971, 0.000615165859926], [-8.54238987813e-06, 0.00112424837425, -0.000741747149732, -0.00124832277652, -0.000254973623669, 0.00880333222449, -0.00356576126069, 0.0001833413844, 0.0022092636209, 0.000317882950185, -0.00181179854553, 0.00284859188832, 0.000218374640099], [0.00021845230367, -7.1928538091e-05, 0.00160465750378, 0.000555621692911, -1.77755327968e-06, -0.00356576126069, 0.00678054103628, -0.000646526401397, -0.000668059161399, -0.00121579715051, 1.4704755813e-05, -0.00221915426664, 0.000884802546352], [-0.000332151685143, 0.000619172991719, -0.000560946296901, 0.000489739817567, -0.000243319693254, 0.0001833413844, -0.000646526401397, 0.00901618506759, -0.00155788869597, 0.00117887742817, 0.00130184623413, 0.00288699869998, -0.00357663002796], [0.000213822670048, 0.000156691894517, 0.000927119399421, -0.00185100897215, 0.000167922175024, 0.0022092636209, -0.000668059161399, -0.00155788869597, 0.0082702068612, -0.000371007510694, 0.000969196320511, -0.00248414254747, 0.0029385953676], [-0.000255511520663, 0.00118776608724, -0.00108302512672, -0.000710157037247, -0.000985691323876, 0.000317882950185, -0.00121579715051, 0.00117887742817, -0.000371007510694, 0.0101844491437, -0.00269763637334, 0.00141177081969, -0.00121415324975], [0.000234204126173, -0.00201294291764, 3.3113290101e-06, -0.000261854875134, 0.00311596365646, -0.00181179854553, 1.4704755813e-05, 0.00130184623413, 0.000969196320511, -0.00269763637334, 0.0127167869359, -0.00145635230001, -0.00126054498833], [-0.00019389737281, 0.00119905523024, -0.00283182179555, 0.00120571244042, -0.000197617438971, 0.00284859188832, -0.00221915426664, 0.00288699869998, -0.00248414254747, 0.00141177081969, -0.00145635230001, 0.0134907420725, -0.00323001807556], [0.000302883127006, -0.000311377487378, 0.00235448102467, 2.61002242041e-05, 0.000615165859926, 0.000218374640099, 0.000884802546352, -0.00357663002796, 0.0029385953676, -0.00121415324975, -0.00126054498833, -0.00323001807556, 0.011252310127]]
    },
    "melbands": {
        "dmean": [5.2606985264e-05, 8.32054720377e-05, 0.000142608943861, 0.00020070199389, 0.000302208063658, 0.000220355621423, 0.000159978371812, 9.51808324317e-05, 0.000182665215107, 0.000154087596457, 0.000188929683645, 0.000197938468773, 9.13033727556e-05, 3.95409879275e-05, 3.21644947689e-05, 2.71948665613e-05, 2.15790951188e-05, 1.31011738631e-05, 2.20312886086e-05, 8.21925186756e-06, 7.52022924644e-06, 6.13013253314e-06, 2.41736347562e-06, 1.98808925234e-06, 3.25181576954e-06, 2.88016849481e-06, 2.6443135539e-06, 1.66140580404e-06, 1.76457456291e-06, 1.29703880702e-06, 6.25763732387e-07, 5.88856153172e-07, 4.64710808501e-07, 5.10510403728e-07, 6.55513019865e-07, 5.61302272217e-07, 4.50153720521e-07, 3.51055120973e-07, 3.29378309516e-07, 3.12571813765e-07],
        "dmean2": [8.38904816192e-05, 0.000138849165523, 0.00023242062889, 0.000310218223603, 0.000482058821945, 0.000324784050463, 0.000246496667387, 0.00014621707669, 0.000289815245196, 0.000213619670831, 0.000258404761553, 0.000275690836133, 0.000132155269966, 5.60770167795e-05, 4.61548734165e-05, 3.6544908653e-05, 3.13819218718e-05, 1.94007498067e-05, 3.40762817359e-05, 1.19477708722e-05, 1.20077311294e-05, 9.9770277302e-06, 3.99632563131e-06, 3.24696020471e-06, 5.046595561e-06, 4.36674690718e-06, 4.17133560404e-06, 2.54531278188e-06, 2.72576403404e-06, 2.14776468965e-06, 9.55760810939e-07, 9.03148873022e-07, 7.10795234227e-07, 7.52815424221e-07, 9.39481935802e-07, 8.0209878206e-07, 6.29461112567e-07, 5.0192238632e-07, 4.90090940275e-07, 4.60040752159e-07],
        "dvar": [5.33566346661e-09, 1.28627810625e-08, 6.66035262498e-08, 1.39909374752e-07, 3.84381394269e-07, 2.4355296091e-07, 2.00612944923e-07, 5.51526539994e-08, 3.05298584635e-07, 1.91809093053e-07, 3.81866271937e-07, 3.02592923163e-07, 8.13663021404e-08, 1.24743930741e-08, 9.5218810614e-09, 5.3196540506e-09, 1.36706193032e-08, 3.7247538387e-09, 2.53327736566e-09, 4.58740018194e-10, 3.63498453559e-10, 1.46274339863e-10, 1.46571105947e-11, 1.16232214825e-11, 6.59366936051e-11, 2.62895399894e-11, 2.99905829337e-11, 2.8106546604e-11, 1.67449925453e-11, 9.75006707316e-12, 3.43448858763e-12, 2.88168642594e-12, 3.21089248939e-12, 5.30186658465e-12, 8.93718432593e-12, 3.83949686281e-12, 1.76046362817e-12, 1.56498793959e-12, 1.27160402433e-12, 1.17587721244e-12],
        "dvar2": [1.32036168665e-08, 3.51200313276e-08, 1.53029873218e-07, 3.25696760228e-07, 8.87373403202e-07, 5.02636510191e-07, 4.36637634493e-07, 1.21994673918e-07, 7.68241591231e-07, 3.09909410134e-07, 7.44228714211e-07, 5.68183224914e-07, 1.77980908234e-07, 2.48572291639e-08, 2.00043164256e-08, 8.67507043978e-09, 2.68593662867e-08, 9.13083120224e-09, 5.44459455298e-09, 9.06001218492e-10, 9.03905394978e-10, 3.59072577227e-10, 3.64248735341e-11, 2.9080416894e-11, 1.26367999398e-10, 5.73492815736e-11, 6.3532457073e-11, 4.11704212389e-11, 3.14048231864e-11, 2.36952818478e-11, 6.10676613444e-12, 5.21673069326e-12, 6.84210283916e-12, 1.02856221804e-11, 1.71130731114e-11, 6.82651504769e-12, 3.33696438537e-12, 2.81230984681e-12, 2.75255447775e-12, 2.55359817493e-12],
        "max": [0.00116207194515, 0.00164217920974, 0.00453932071105, 0.005191299133, 0.0116351181641, 0.00909096095711, 0.00951617397368, 0.00398517167196, 0.0084150955081, 0.0100528663024, 0.0128097813576, 0.0112581308931, 0.00588750559837, 0.00233600032516, 0.00219079083763, 0.00163031381089, 0.00351393292658, 0.00162204913795, 0.000770779908635, 0.000417764793383, 0.000380537589081, 0.000253744918155, 7.51686820877e-05, 6.52816015645e-05, 0.000164347191458, 8.75470068422e-05, 0.000112105131848, 0.000175201581442, 9.18343575904e-05, 6.5316016844e-05, 4.28457278758e-05, 3.32977397193e-05, 2.92217246169e-05, 5.30658617208e-05, 6.40563084744e-05, 3.42340827046e-05, 2.05221367651e-05, 2.51426172326e-05, 1.98135076062e-05, 1.81670493475e-05],
        "mean": [0.000137120296131, 0.000235734478338, 0.000371416390408, 0.000450019811979, 0.000678575306665, 0.000543691974599, 0.000342346553225, 0.000180592760444, 0.00031304708682, 0.000420761964051, 0.000546667317394, 0.000467348436359, 0.000211063874303, 8.2303173258e-05, 7.24706769688e-05, 5.66181879549e-05, 3.2232466765e-05, 1.98550660571e-05, 4.14776040998e-05, 1.49969728227e-05, 1.46743459482e-05, 1.21684588521e-05, 4.95204631079e-06, 4.05551645599e-06, 6.48967034067e-06, 6.77974958307e-06, 4.85965665575e-06, 3.05637922793e-06, 3.3750241073e-06, 2.26725842367e-06, 1.04840398762e-06, 9.53890321398e-07, 6.49971752864e-07, 7.25535812762e-07, 9.44448629525e-07, 9.07435264708e-07, 7.71933855503e-07, 5.89454884903e-07, 5.67978133859e-07, 5.08423795509e-07],
        "median": [9.75464718067e-05, 0.000170370549313, 0.000166979516507, 0.000177635563887, 0.000304799352307, 0.000273669604212, 0.000103849590232, 6.31139118923e-05, 7.22736294847e-05, 7.70594124333e-05, 3.2926658605e-05, 5.06742071593e-05, 3.32751078531e-05, 1.96770270122e-05, 1.29016561914e-05, 8.85844383447e-06, 5.80532287131e-06, 5.46757291886e-06, 9.35282150749e-06, 3.24720758726e-06, 3.27871157424e-06, 5.23630615135e-06, 2.88080468636e-06, 2.64662890004e-06, 2.45511728281e-06, 2.11616884371e-06, 2.32282081924e-06, 1.18224613743e-06, 1.49525249071e-06, 8.35382991227e-07, 3.73051818769e-07, 3.65579694517e-07, 1.4823136496e-07, 1.69402653682e-07, 1.90371622466e-07, 2.47719242452e-07, 2.15361623646e-07, 1.37209255513e-07, 1.36137842333e-07, 8.77687469369e-08],
        "min": [1.0295974299e-23, 8.13241755902e-24, 5.44145445027e-24, 1.78310143157e-23, 1.47525714078e-23, 9.11049464097e-24, 1.09551275387e-23, 1.07762194074e-23, 1.16116246838e-23, 1.12803378135e-23, 7.76823992213e-24, 5.72858956458e-24, 3.82249414715e-24, 2.85628153321e-24, 7.57248724394e-24, 1.75747970269e-23, 2.57242397819e-23, 2.46417995577e-23, 9.62864688251e-24, 1.24972796109e-23, 1.40976969496e-23, 7.77411772473e-24, 1.27302326028e-23, 1.22328076816e-23, 8.76321598239e-24, 7.89113577369e-24, 7.48262573164e-24, 1.61998740002e-23, 1.11131324337e-23, 9.68643567698e-24, 1.17936117392e-23, 8.51743374559e-24, 9.18009189433e-24, 8.31503806972e-24, 1.17472898268e-23, 1.11837899161e-23, 1.08147907614e-23, 1.26308124629e-23, 1.12650291787e-23, 6.4916547182e-24],
        "var": [1.73679204352e-08, 4.84820752433e-08, 3.63548110727e-07, 5.04290255776e-07, 1.1020367765e-06, 6.86008320372e-07, 6.14511634467e-07, 1.21085662386e-07, 4.93477955388e-07, 1.12645784611e-06, 2.84547695628e-06, 1.6259136828e-06, 3.07530200416e-07, 3.58699168146e-08, 2.4855577152e-08, 2.50530245438e-08, 2.07375983052e-08, 4.6029846601e-09, 8.13837974789e-09, 1.32124478025e-09, 1.19292131728e-09, 4.57427484779e-10, 4.4845738234e-11, 2.59831583332e-11, 1.48602033456e-10, 1.42128753211e-10, 6.38217673155e-11, 6.37152483551e-11, 3.82599993354e-11, 1.55744722674e-11, 6.52687409328e-12, 5.20836238721e-12, 4.78259662776e-12, 7.96140150333e-12, 1.40202389629e-11, 6.88957181236e-12, 3.84783090807e-12, 3.36033956737e-12, 2.19267572849e-12, 2.25913016592e-12]
    },
    "mfcc": {
        "mean": [-680.271240234, 133.65133667, 4.1432967186, 8.9575176239, -8.57374477386, -7.54827070236, 2.71035456657, -2.76568627357, -4.72028636932, -0.815562963486, -11.715549469, -1.71965932846, -2.58147764206],
        "cov": [[6844.50146484, -116.421539307, -1065.87207031, -7.44237089157, 9.46961021423, -370.214874268, 56.8742370605, -111.367866516, 317.531555176, 198.889160156, -120.550323486, -23.0363998413, -202.563217163], [-116.421539307, 856.427734375, -186.153366089, -21.4280509949, 14.5778207779, -97.6803588867, 20.639295578, -35.1718215942, -71.0512924194, -47.1566009521, -58.9615859985, -29.6928596497, -12.3607177734], [-1065.87207031, -186.153366089, 848.321777344, 68.5253829956, 74.6782455444, 155.614181519, -54.3123054504, 2.86925435066, -139.501342773, -85.1833724976, 89.5293502808, 89.218536377, 77.0018768311], [-7.44237089157, -21.4280509949, 68.5253829956, 238.814849854, 67.4273147583, 52.7575035095, -90.3229217529, 12.4363498688, 0.985611557961, 2.83571481705, 27.8829975128, 34.6289482117, 12.6015062332], [9.46961021423, 14.5778207779, 74.6782455444, 67.4273147583, 226.918075562, -28.2845478058, -46.1277351379, -20.12641716, -8.94612979889, -5.36123800278, -3.98646974564, 2.36711931229, -15.0428361893], [-370.214874268, -97.6803588867, 155.614181519, 52.7575035095, -28.2845478058, 245.234222412, 12.3429899216, 21.6819057465, -42.2195014954, 11.1371431351, 59.6529350281, 17.6291675568, 37.5343589783], [56.8742370605, 20.639295578, -54.3123054504, -90.3229217529, -46.1277351379, 12.3429899216, 273.128448486, -50.9289550781, 22.1586360931, 4.40409564972, -12.9357252121, -14.0765209198, 12.8107328415], [-111.367866516, -35.1718215942, 2.86925435066, 12.4363498688, -20.12641716, 21.6819057465, -50.9289550781, 158.918746948, 18.9439315796, 14.2637901306, 1.68830275536, -17.4992790222, 8.91157531738], [317.531555176, -71.0512924194, -139.501342773, 0.985611557961, -8.94612979889, -42.2195014954, 22.1586360931, 18.9439315796, 138.489654541, 31.5108699799, -12.7014894485, -33.8850631714, -7.03672409058], [198.889160156, -47.1566009521, -85.1833724976, 2.83571481705, -5.36123800278, 11.1371431351, 4.40409564972, 14.2637901306, 31.5108699799, 144.130157471, 23.0119342804, -16.3579540253, -33.9637947083], [-120.550323486, -58.9615859985, 89.5293502808, 27.8829975128, -3.98646974564, 59.6529350281, -12.9357252121, 1.68830275536, -12.7014894485, 23.0119342804, 117.708534241, 20.9793643951, 6.18255853653], [-23.0363998413, -29.6928596497, 89.218536377, 34.6289482117, 2.36711931229, 17.6291675568, -14.0765209198, -17.4992790222, -33.8850631714, -16.3579540253, 20.9793643951, 109.380958557, 14.089345932], [-202.563217163, -12.3607177734, 77.0018768311, 12.6015062332, -15.0428361893, 37.5343589783, 12.8107328415, 8.91157531738, -7.03672409058, -33.9637947083, 6.18255853653, 14.089345932, 102.401245117]],
