{
"lowlevel": {
    "average_loudness": 0.953377604485,
    "barkbands_crest": {
        "dmean": 2.37269330025,
        "dmean2": 3.7606511116,
        "dvar": 5.11048173904,
        "dvar2": 12.2578144073,
        "max": 25.3100070953,
        "mean": 9.50687980652,
        "median": 8.84818172455,
        "min": 2.72141766548,
        "var": 15.4149541855
    },
    "barkbands_flatness_db": {
        "dmean": 0.0211571082473,
        "dmean2": 0.031857945025,
        "dvar": 0.000365491694538,
        "dvar2": 0.000804964918643,
        "max": 0.40126273036,
        "mean": 0.176556453109,
        "median": 0.16867479682,
        "min": 0.0813813507557,
        "var": 0.00238097645342
    },
    "barkbands_kurtosis": {
        "dmean": 2.02315664291,
        "dmean2": 3.19105315208,
        "dvar": 10.7455024719,
        "dvar2": 25.5020294189,
        "max": 38.3537788391,
        "mean": 2.64658403397,
        "median": 0.434890270233,
        "min": -1.90754163265,
        "var": 33.6658401489
    },
    "barkbands_skewness": {
        "dmean": 0.470191210508,
        "dmean2": 0.708466768265,
        "dvar": 0.252185821533,
        "dvar2": 0.572461783886,
        "max": 5.94132947922,
        "mean": 1.28283202648,
        "median": 1.08398842812,
        "min": -1.63435804844,
        "var": 1.15003752708
    },
    "barkbands_spread": {
        "dmean": 5.29091882706,
        "dmean2": 7.81525325775,
        "dvar": 33.6762542725,
        "dvar2": 76.8096542358,
        "max": 79.1055145264,
        "mean": 23.9923534393,
        "median": 23.623796463,
        "min": 1.08585858345,
        "var": 152.381973267
    },
    "dissonance": {
        "dmean": 0.0170510523021,
        "dmean2": 0.0278296358883,
        "dvar": 0.00026956491638,
        "dvar2": 0.000697230047081,
        "max": 0.499275028706,
        "mean": 0.459900677204,
        "median": 0.465403258801,
        "min": 0.294187039137,
        "var": 0.000715596135706
    },
    "dynamic_complexity": 3.02335309982,
    "erbbands_crest": {
        "dmean": 2.34466791153,
        "dmean2": 3.58587217331,
        "dvar": 5.18184041977,
        "dvar2": 11.0365142822,
        "max": 31.2252578735,
        "mean": 9.25415802002,
        "median": 8.12750530243,
        "min": 2.86655402184,
        "var": 20.4555435181
    },
    "erbbands_flatness_db": {
        "dmean": 0.0174336358905,
        "dmean2": 0.0230720136315,
        "dvar": 0.000287076894892,
        "dvar2": 0.000487433455419,
        "max": 0.354486256838,
        "mean": 0.210205808282,
        "median": 0.211784884334,
        "min": 0.104979559779,
        "var": 0.00151854183059
    },
    "erbbands_kurtosis": {
        "dmean": 0.650060296059,
        "dmean2": 0.978921473026,
        "dvar": 0.928799629211,
        "dvar2": 2.07657837868,
        "max": 17.3437404633,
        "mean": -0.0643222481012,
        "median": -0.529225111008,
        "min": -1.7562340498,
        "var": 2.59995365143
    },
    "erbbands_skewness": {
        "dmean": 0.31689697504,
        "dmean2": 0.457236886024,
        "dvar": 0.0916480943561,
        "dvar2": 0.188075065613,
        "max": 3.85704660416,
        "mean": 0.120053246617,
        "median": 0.0851800367236,
        "min": -2.85369634628,
        "var": 0.597265601158
    },
    "erbbands_spread": {
        "dmean": 7.7095823288,
        "dmean2": 11.4642066956,
        "dvar": 69.8040618896,
        "dvar2": 158.01701355,
        "max": 137.136520386,
        "mean": 39.9073295593,
        "median": 37.3922958374,
        "min": 5.98652219772,
        "var": 264.063140869
    },
    "hfc": {
        "dmean": 4.9411110878,
        "dmean2": 6.44777059555,
        "dvar": 35.9581489563,
        "dvar2": 59.4525871277,
        "max": 101.330581665,
        "mean": 20.8330345154,
        "median": 16.7180328369,
        "min": 0.00012405855523,
        "var": 293.53125
    },
    "melbands_crest": {
        "dmean": 3.12994599342,
        "dmean2": 4.99350500107,
        "dvar": 8.66387462616,
        "dvar2": 21.4021644592,
        "max": 32.1980323792,
        "mean": 13.50963974,
        "median": 12.8113508224,
        "min": 3.61748528481,
        "var": 25.0056171417
    },
    "melbands_flatness_db": {
        "dmean": 0.0251684654504,
        "dmean2": 0.0363028794527,
        "dvar": 0.000590088486206,
        "dvar2": 0.00124795699958,
        "max": 0.514637351036,
        "mean": 0.194720610976,
        "median": 0.180022925138,
        "min": 0.0487953349948,
        "var": 0.00487293954939
    },
    "melbands_kurtosis": {
        "dmean": 5.38080263138,
        "dmean2": 8.46025276184,
        "dvar": 82.4216461182,
        "dvar2": 203.32774353,
        "max": 149.874603271,
        "mean": 10.1330547333,
        "median": 4.97920131683,
        "min": -1.74728095531,
        "var": 208.769439697
    },
    "melbands_skewness": {
        "dmean": 0.648056209087,
        "dmean2": 0.988375127316,
        "dvar": 0.559340417385,
        "dvar2": 1.2971957922,
        "max": 10.818652153,
        "mean": 2.37183356285,
        "median": 2.01662731171,
        "min": -0.467260718346,
        "var": 2.09629869461
    },
    "melbands_spread": {
        "dmean": 7.68807983398,
        "dmean2": 11.1747636795,
        "dvar": 81.8621292114,
        "dvar2": 168.939987183,
        "max": 178.930465698,
        "mean": 29.0260334015,
        "median": 25.7653694153,
        "min": 1.24120032787,
        "var": 371.391876221
    },
    "pitch_salience": {
        "dmean": 0.0653253048658,
        "dmean2": 0.102233275771,
        "dvar": 0.00336386519484,
        "dvar2": 0.00840624980628,
        "max": 0.828556358814,
        "mean": 0.556766450405,
        "median": 0.563059449196,
        "min": 0.137107104063,
        "var": 0.0106161003932
    },
    "silence_rate_20dB": {
        "dmean": 0,
        "dmean2": 0,
        "dvar": 0,
        "dvar2": 0,
        "max": 1,
        "mean": 1,
        "median": 1,
        "min": 1,
        "var": 0
    },
    "silence_rate_30dB": {
        "dmean": 0,
        "dmean2": 0,
        "dvar": 0,
        "dvar2": 0,
        "max": 1,
        "mean": 1,
        "median": 1,
        "min": 1,
        "var": 0
    },
    "silence_rate_60dB": {
        "dmean": 0.022445820272,
        "dmean2": 0.0449090190232,
        "dvar": 0.0219418052584,
        "dvar2": 0.0498597547412,
        "max": 1,
        "mean": 0.047582205385,
        "median": 0,
        "min": 0,
        "var": 0.045319840312
    },
    "spectral_centroid": {
        "dmean": 265.628509521,
        "dmean2": 376.296203613,
        "dvar": 74523.265625,
        "dvar2": 145657.5,
        "max": 4259.60888672,
        "mean": 1527.23632812,
        "median": 1484.50158691,
        "min": 177.830673218,
        "var": 509090.21875
    },
    "spectral_complexity": {
        "dmean": 3.30727553368,
        "dmean2": 4.73015880585,
        "dvar": 13.5503234863,
        "dvar2": 23.2213382721,
        "max": 49,
        "mean": 18.5941982269,
        "median": 18,
        "min": 0,
        "var": 79.9230117798
    },
    "spectral_decrease": {
        "dmean": 1.67281577479e-09,
        "dmean2": 2.52486165309e-09,
        "dvar": 6.68388197927e-18,
        "dvar2": 1.61383963213e-17,
        "max": -2.45758816943e-14,
        "mean": -5.25463761392e-09,
        "median": -4.47053771779e-09,
        "min": -3.1060764627e-08,
        "var": 1.45071911903e-17
    },
    "spectral_energy": {
        "dmean": 0.00663127470762,
        "dmean2": 0.00993185210973,
        "dvar": 0.000100476951047,
        "dvar2": 0.000239141954808,
        "max": 0.123138405383,
        "mean": 0.0217218101025,
        "median": 0.0188406072557,
        "min": 1.04007554569e-07,
        "var": 0.000238438296947
    },
    "spectral_energyband_high": {
        "dmean": 0.000447283586254,
        "dmean2": 0.000592270167544,
        "dvar": 4.82520647438e-07,
        "dvar2": 8.07527271718e-07,
        "max": 0.012005886063,
        "mean": 0.00125026260503,
        "median": 0.000582468288485,
        "min": 1.32360042926e-08,
        "var": 2.71236672233e-06
    },
    "spectral_energyband_low": {
        "dmean": 0.0027887923643,
        "dmean2": 0.00468666991219,
        "dvar": 3.69795052393e-05,
        "dvar2": 9.9427641544e-05,
        "max": 0.0531618706882,
        "mean": 0.00482771825045,
        "median": 0.00250728405081,
        "min": 1.7717143308e-08,
        "var": 4.30941327068e-05
    },
    "spectral_energyband_middle_high": {
        "dmean": 0.0015473451931,
        "dmean2": 0.00210511707701,
        "dvar": 4.27985969509e-06,
        "dvar2": 7.39221559343e-06,
        "max": 0.0431027002633,
        "mean": 0.00560482637957,
        "median": 0.00406442349777,
        "min": 1.63393778507e-08,
        "var": 3.19334212691e-05
    },
    "spectral_energyband_middle_low": {
        "dmean": 0.00438956543803,
        "dmean2": 0.00657260138541,
        "dvar": 6.83244143147e-05,
        "dvar2": 0.000162100928719,
        "max": 0.104406312108,
        "mean": 0.0114934360608,
        "median": 0.00821687560529,
        "min": 6.12180457438e-08,
        "var": 0.00012809013424
    },
    "spectral_entropy": {
        "dmean": 0.18347838521,
        "dmean2": 0.250164806843,
        "dvar": 0.0334078781307,
        "dvar2": 0.0635067969561,
        "max": 8.36070728302,
        "mean": 7.37500095367,
        "median": 7.43435573578,
        "min": 5.23489427567,
        "var": 0.188847005367
    },
    "spectral_flux": {
        "dmean": 0.0233892276883,
        "dmean2": 0.0361547991633,
        "dvar": 0.00068564072717,
        "dvar2": 0.00148941890802,
        "max": 0.278098583221,
        "mean": 0.0743603780866,
        "median": 0.0678877159953,
        "min": 0.00054354488384,
        "var": 0.00167184288148
    },
    "spectral_kurtosis": {
        "dmean": 2.29989361763,
        "dmean2": 3.87824082375,
        "dvar": 9.68571186066,
        "dvar2": 25.5896511078,
        "max": 75.1183319092,
        "mean": 3.22065258026,
        "median": 2.04074573517,
        "min": -1.10496115685,
        "var": 21.0766353607
    },
    "spectral_rms": {
        "dmean": 0.000661607191432,
        "dmean2": 0.000960090663284,
        "dvar": 6.54574023429e-07,
        "dvar2": 1.42738497289e-06,
        "max": 0.0109606124461,
        "mean": 0.0043063131161,
        "median": 0.00428731646389,
        "min": 1.00732704595e-05,
        "var": 2.64772893388e-06
    },
    "spectral_rolloff": {
        "dmean": 503.380645752,
        "dmean2": 827.197814941,
        "dvar": 567333.4375,
        "dvar2": 1174522.5,
        "max": 7579.6875,
        "mean": 1816.0592041,
        "median": 1550.390625,
        "min": 107.666015625,
        "var": 1780235.625
    },
    "spectral_skewness": {
        "dmean": 0.286003053188,
        "dmean2": 0.453112065792,
        "dvar": 0.0852652415633,
        "dvar2": 0.209776610136,
        "max": 6.63018083572,
        "mean": 1.07829117775,
        "median": 0.990644574165,
        "min": -0.47562789917,
        "var": 0.360291749239
    },
    "spectral_spread": {
        "dmean": 433442.1875,
        "dmean2": 623296.6875,
        "dvar": 255804211200,
        "dvar2": 521375383552,
        "max": 7726136,
        "mean": 3629083.25,
        "median": 3565128.5,
        "min": 986336.875,
        "var": 844032442368
    },
    "spectral_strongpeak": {
        "dmean": 0.658871233463,
        "dmean2": 1.09656631947,
        "dvar": 1.47353506088,
        "dvar2": 3.60231137276,
        "max": 16.3851699829,
        "mean": 1.28779423237,
        "median": 0.553081989288,
        "min": 0.000288732320769,
        "var": 2.81959486008
    },
    "zerocrossingrate": {
        "dmean": 0.00875164754689,
        "dmean2": 0.00975239276886,
        "dvar": 8.79096332937e-05,
        "dvar2": 0.000101153294963,
        "max": 0.21923828125,
        "mean": 0.059432990849,
        "median": 0.056640625,
        "min": 0.00537109375,
        "var": 0.000809241435491
    },
    "barkbands": {
        "dmean": [0.000192133084056, 0.00122534763068, 0.00107627362013, 0.00185124936979, 0.0016992490273, 0.000373765913537, 0.000384889513953, 0.00138269143645, 0.00044940051157, 0.000440077332314, 0.000287404953269, 0.000361683720257, 0.000399248878239, 0.000225441879593, 0.000268155505182, 0.000179257476702, 0.00034584660898, 0.000262321991613, 8.46401089802e-05, 0.000196716428036, 0.000188150879694, 0.000131758264615, 6.20389109827e-05, 2.25394833251e-05, 5.98842825639e-06, 4.84082152141e-09, 1.22711263373e-09],
        "dmean2": [0.000349761598045, 0.00204500183463, 0.00184921990149, 0.00297590810806, 0.00268437340856, 0.000566152681131, 0.000563663430512, 0.00187872140668, 0.000644301588181, 0.000643305713311, 0.000415721297031, 0.000547831587028, 0.00058191397693, 0.000346483313479, 0.000411297660321, 0.000263565743808, 0.000537156010978, 0.000380386103643, 0.000122639510664, 0.00027154487907, 0.000255409744568, 0.000182143587153, 9.61762561928e-05, 3.35466720571e-05, 8.60078216647e-06, 7.50132045368e-09, 2.25357399408e-09],
        "dvar": [3.63433031225e-07, 1.08768526843e-05, 7.28217901269e-06, 2.72812121693e-05, 1.17160016089e-05, 4.16172014184e-07, 6.26510257007e-07, 1.01382611319e-05, 1.74620981852e-06, 1.23987342704e-06, 3.51243727437e-07, 6.00117630256e-07, 9.23136269648e-07, 1.6316603535e-07, 3.26624331137e-07, 1.45968925835e-07, 4.89424905936e-07, 3.06581256382e-07, 2.55620982159e-08, 1.99369850407e-07, 1.15512897025e-07, 6.29499723459e-08, 1.68582960924e-08, 2.52653409305e-09, 1.39675285227e-10, 8.40477507813e-17, 1.94427032814e-17],
        "dvar2": [1.07557434603e-06, 2.86294980469e-05, 2.05133255804e-05, 6.91919485689e-05, 2.93490193144e-05, 1.02805586266e-06, 1.28566489366e-06, 1.54215285875e-05, 3.20056165037e-06, 2.42731289291e-06, 6.69183123136e-07, 1.23198981328e-06, 1.7677151618e-06, 3.91586979731e-07, 6.57847749608e-07, 3.11596124902e-07, 1.04860396277e-06, 5.70968779812e-07, 4.88703157941e-08, 3.70824182028e-07, 1.80563333174e-07, 1.19725868331e-07, 3.9437438204e-08, 6.08099703925e-09, 2.91330071178e-10, 1.91430544575e-16, 5.1829128788e-17],
        "max": [0.00551233999431, 0.0342610776424, 0.0277224220335, 0.072342209518, 0.0466738939285, 0.00934892240912, 0.0138574857265, 0.0707563459873, 0.0363369323313, 0.0347075648606, 0.0157902892679, 0.0188815053552, 0.0179814659059, 0.00504359276965, 0.0174429938197, 0.00751503556967, 0.0134214917198, 0.0150238638744, 0.0045147202909, 0.0087987948209, 0.00789079163224, 0.00709971413016, 0.0022857687436, 0.000757259898819, 0.000154779088916, 1.56244183813e-07, 1.14547539454e-07],
        "mean": [0.000143304321682, 0.00175618310459, 0.00160042801872, 0.00268016429618, 0.00308784632944, 0.000827541574836, 0.000722002470866, 0.00318446126767, 0.000739130366128, 0.000908851332497, 0.000539116270375, 0.000665749364998, 0.00070769735612, 0.000392354791984, 0.000527244177647, 0.000368453009287, 0.000757654837798, 0.000565597147215, 0.000184968521353, 0.000442476011813, 0.000471513776574, 0.000314390781568, 9.60428806138e-05, 3.04738696286e-05, 8.19007436803e-06, 6.31311491972e-09, 9.33083499355e-10],
        "median": [1.02605081338e-05, 0.000393435475416, 0.000553451129235, 0.00118547887541, 0.00200220919214, 0.000466338067781, 0.00027065834729, 0.000624248757958, 0.000189049329492, 0.000247518531978, 0.000150301348185, 0.000185971846804, 0.00019086926477, 0.000176716697752, 0.000248707947321, 0.000151323562022, 0.000360214791726, 0.000190359409316, 8.43342641019e-05, 0.000129917927552, 0.000151769185322, 0.000119041207654, 4.23993333243e-05, 7.62833451518e-06, 1.13984333439e-06, 1.58270629935e-09, 2.49643333783e-10],
        "min": [1.35464250928e-10, 6.04364736034e-09, 7.28879001599e-09, 3.58799301381e-09, 1.2448452047e-08, 6.92074353381e-09, 1.78531445183e-09, 1.25930976758e-09, 9.99191174245e-10, 6.70568489625e-10, 1.02244823719e-09, 3.53172202594e-09, 7.60401630551e-10, 9.9258734565e-10, 4.26776780582e-10, 9.0472379588e-10, 1.84458448516e-09, 9.13361941635e-10, 7.91997134542e-10, 3.10164027795e-09, 4.2546077772e-09, 2.33114461068e-09, 1.14146039842e-10, 2.6124033492e-11, 2.65622398209e-12, 1.86949197442e-12, 3.05858940605e-12],
        "var": [2.46589053177e-07, 1.36204080263e-05, 7.77001241659e-06, 2.79071027762e-05, 1.46809643411e-05, 1.07775838387e-06, 1.60593538112e-06, 4.74166881759e-05, 3.98170686822e-06, 5.11379903401e-06, 1.48581227677e-06, 2.19042840399e-06, 2.51872870649e-06, 3.37636322456e-07, 1.19012509003e-06, 4.45263793836e-07, 1.70621319739e-06, 1.14188617317e-06, 1.0518405702e-07, 8.13992926396e-07, 6.01125577759e-07, 2.49100736482e-07, 2.88309944807e-08, 3.36838357207e-09, 2.36656610975e-10, 1.32887121272e-16, 1.42941078101e-17]
    },
    "erbbands": {
        "dmean": [0.0462530329823, 0.288826197386, 1.02036619186, 3.67358899117, 6.28146409988, 5.96250152588, 5.36263513565, 2.5886528492, 3.63022708893, 11.958738327, 32.7890357971, 10.3493204117, 11.5676832199, 11.7772264481, 11.6538105011, 15.9617176056, 16.2413597107, 13.3568744659, 15.066403389, 9.65775489807, 9.36809253693, 15.837053299, 15.1761837006, 5.25443983078, 4.08321762085, 8.7905292511, 9.04036521912, 6.39930391312, 5.10292243958, 2.67753982544, 1.52633333206, 0.611539244652, 0.337152928114, 0.124653451145, 0.00983101315796, 0.000438732356997, 2.63261936198e-05, 4.79421714772e-06, 4.13955876866e-06, 7.83489031164e-06],
        "dmean2": [0.0766683593392, 0.528173565865, 1.79601180553, 6.05053472519, 9.67347717285, 9.49618530273, 8.38670253754, 4.00178718567, 5.43154430389, 16.8219680786, 44.3273391724, 14.5487241745, 17.958524704, 16.0164394379, 16.6487979889, 24.098695755, 24.1224575043, 19.583032608, 22.7135047913, 14.6269884109, 13.9694471359, 24.0781402588, 22.1730480194, 7.63808345795, 5.87889385223, 11.9344320297, 12.0397968292, 8.40941429138, 7.12768030167, 3.88363027573, 2.43022727966, 0.931185126305, 0.499807983637, 0.176585063338, 0.0138856824487, 0.000617053767201, 3.65117666661e-05, 6.72512987876e-06, 5.86962551097e-06, 1.15174925668e-05],
        "dvar": [0.0150560997427, 0.671906113625, 7.86264276505, 65.4357070923, 434.100219727, 91.8749847412, 57.3086891174, 23.8917770386, 71.1585998535, 507.268127441, 6808.83300781, 829.916870117, 878.617919922, 1230.83227539, 538.484863281, 1154.14245605, 1565.33398438, 650.750854492, 1222.86865234, 214.191925049, 360.559173584, 962.815612793, 866.713500977, 79.3979415894, 64.8033065796, 455.000061035, 263.461883545, 154.405639648, 93.7010726929, 29.913433075, 12.1880846024, 1.70097482204, 0.69940584898, 0.0611285455525, 0.000413374131313, 8.02690749424e-07, 2.33880692591e-09, 6.49315740064e-11, 3.22535574637e-11, 1.28993066228e-10],
        "dvar2": [0.0375759750605, 1.99146652222, 22.7062339783, 170.891708374, 1059.0802002, 236.931640625, 144.407623291, 58.9456481934, 165.714447021, 975.922546387, 10287.6816406, 1424.30725098, 2325.69311523, 1843.21447754, 1010.00268555, 2389.484375, 3249.07080078, 1339.54626465, 2476.02856445, 449.429870605, 859.672485352, 2013.16125488, 1683.74157715, 161.282546997, 120.579376221, 800.705566406, 444.414154053, 211.97253418, 185.440368652, 62.1567764282, 30.0880794525, 3.98696565628, 1.7203451395, 0.127904757857, 0.00083564594388, 1.62956973782e-06, 4.88222218209e-09, 1.39807720956e-10, 6.9799277469e-11, 2.97903979263e-10],
        "max": [1.06001162529, 8.53215503693, 23.1514606476, 102.694084167, 288.531463623, 122.311386108, 119.138206482, 70.8689422607, 195.400909424, 413.461273193, 1877.4888916, 749.911315918, 565.316711426, 1277.53405762, 600.438293457, 919.84197998, 664.00958252, 473.021606445, 1061.78820801, 307.207855225, 397.992980957, 613.389038086, 721.953063965, 176.203887939, 181.103485107, 433.841888428, 297.282745361, 280.578552246, 226.096054077, 95.0942306519, 51.6884536743, 20.331609726, 16.3728599548, 3.42876172066, 0.249132290483, 0.0111955357715, 0.000705944548827, 0.000124526311993, 6.93693000358e-05, 0.000143139492138],
        "mean": [0.0618109591305, 0.36299803853, 1.40112113953, 6.18747425079, 8.80686283112, 10.7864046097, 11.0377807617, 5.54804325104, 7.1644282341, 26.8562412262, 75.0846633911, 19.7167701721, 23.1482448578, 27.7030010223, 23.9590015411, 30.6612663269, 30.5424919128, 26.7560634613, 29.8322048187, 21.9002838135, 21.4899730682, 38.9716529846, 38.1484451294, 12.3507900238, 9.64569377899, 20.6822414398, 22.9813461304, 16.1324748993, 12.3207111359, 5.96983480453, 2.20162630081, 0.840084135532, 0.448167949915, 0.173660412431, 0.0129908490926, 0.000617220939603, 5.06400610902e-05, 1.169341067e-05, 1.46198135553e-05, 2.71930457529e-05],
        "median": [0.00750536564738, 0.122956760228, 0.631732583046, 3.12036919594, 3.95886421204, 6.30121040344, 7.14744949341, 3.17404198647, 3.52891612053, 10.0075798035, 12.0403909683, 7.23563432693, 8.65041542053, 7.32964706421, 8.52026367188, 9.24206352234, 10.1081829071, 11.5669384003, 13.544875145, 12.0141143799, 12.2260332108, 18.5247898102, 13.7877569199, 6.79092264175, 4.44319486618, 6.35730981827, 7.94520139694, 5.33133459091, 4.57844829559, 2.68727040291, 0.952852725983, 0.249334305525, 0.0991058275104, 0.0267775338143, 0.00180734251626, 0.000141896845889, 2.82378023257e-05, 8.06519074104e-06, 1.27261264424e-05, 2.37228250626e-05],
        "min": [8.67697735885e-08, 1.71619160483e-06, 7.65098684496e-06, 1.32317127282e-05, 8.46780676511e-06, 4.60065566585e-05, 0.000105266612081, 2.65738908638e-05, 2.35746992985e-05, 4.53805332654e-05, 2.61271143245e-05, 1.79892067536e-05, 3.02102744172e-05, 5.30615216121e-05, 5.75266676606e-05, 0.000176575660589, 3.91535504605e-05, 6.07331639912e-05, 3.48872526956e-05, 2.38309276028e-05, 4.8295911256e-05, 9.68172826106e-05, 7.75561711635e-05, 4.58383365185e-05, 5.25104042026e-05, 0.00016494767624, 0.000120704789879, 0.000185060809599, 9.48844535742e-05, 2.02223509405e-05, 1.80713516329e-06, 7.2618570357e-07, 3.35509270144e-07, 4.90878022674e-08, 1.59214756934e-08, 7.36561922565e-09, 3.70231778568e-09, 1.72260428144e-09, 5.56213741731e-10, 1.96555077769e-10],
        "var": [0.021545343101, 0.558604538441, 6.33105993271, 78.5723190308, 428.264953613, 160.175643921, 145.308563232, 52.8166885376, 135.362701416, 2148.30908203, 32060.7929688, 2002.15319824, 1835.83813477, 6463.98046875, 2270.82177734, 4169.77734375, 3928.66894531, 1880.95068359, 4225.92480469, 944.596130371, 978.905822754, 4063.3918457, 4356.53466797, 281.714691162, 249.242111206, 1892.72802734, 1254.1472168, 864.113220215, 388.471313477, 86.1573638916, 16.4271297455, 2.55676269531, 0.819323182106, 0.10442879051, 0.000682075449731, 1.343230565e-06, 4.37852509805e-09, 1.56736484902e-10, 1.07569883556e-10, 3.57755491898e-10]
    },
    "gfcc": {
        "mean": [-39.5222511292, 135.269790649, -165.958297729, 60.6635627747, -71.0617980957, 4.64348602295, -26.9876117706, -17.9618244171, -4.20484209061, -22.2085571289, -6.39972066879, -18.3862762451, 0.236129358411],
        "cov": [[4821.58447266, -1328.30065918, -655.900390625, 167.063522339, -603.185546875, 434.090270996, -63.1936378479, 351.396606445, -152.66545105, 189.461898804, -85.6795806885, -73.0215301514, 15.2857894897], [-1328.30065918, 1175.7845459, 269.910675049, -176.843399048, 508.516601562, -240.449203491, 240.302734375, -128.451812744, 113.345191956, -81.0046386719, 79.4277114868, -13.2674951553, -34.663734436], [-655.900390625, 269.910675049, 660.510803223, 153.984573364, 158.311080933, 164.796142578, -78.6076889038, 32.0096702576, -22.4960365295, -50.2494926453, 36.9201469421, 15.6885414124, 20.6098365784], [167.063522339, -176.843399048, 153.984573364, 354.679382324, 19.5549354553, 25.0415000916, -10.5291528702, 11.6346616745, 73.0360488892, -8.60423851013, -70.3623657227, 40.0764007568, 11.7619981766], [-603.185546875, 508.516601562, 158.311080933, 19.5549354553, 422.607818604, -52.0085372925, 52.8663520813, 3.73364830017, 33.743396759, -46.3427238464, 47.3275489807, -2.13973379135, 15.6473236084], [434.090270996, -240.449203491, 164.796142578, 25.0415000916, -52.0085372925, 398.376312256, -52.3378677368, 114.63911438, -125.705192566, 22.2744369507, 74.7290420532, 7.28322219849, 44.545879364], [-63.1936378479, 240.302734375, -78.6076889038, -10.5291528702, 52.8663520813, -52.3378677368, 341.151489258, -64.3500213623, 88.1289825439, 38.2124786377, -9.54787540436, 23.8144168854, -32.3595619202], [351.396606445, -128.451812744, 32.0096702576, 11.6346616745, 3.73364830017, 114.63911438, -64.3500213623, 206.658111572, -6.64677906036, 18.1603832245, 22.7845802307, -17.2097225189, 40.6597137451], [-152.66545105, 113.345191956, -22.4960365295, 73.0360488892, 33.743396759, -125.705192566, 88.1289825439, -6.64677906036, 214.458343506, 28.9309806824, -54.1476707458, 25.7677841187, -26.3556976318], [189.461898804, -81.0046386719, -50.2494926453, -8.60423851013, -46.3427238464, 22.2744369507, 38.2124786377, 18.1603832245, 28.9309806824, 106.882331848, 17.8467483521, -7.93012428284, 2.69219827652], [-85.6795806885, 79.4277114868, 36.9201469421, -70.3623657227, 47.3275489807, 74.7290420532, -9.54787540436, 22.7845802307, -54.1476707458, 17.8467483521, 121.220840454, 20.2325572968, 14.8142719269], [-73.0215301514, -13.2674951553, 15.6885414124, 40.0764007568, -2.13973379135, 7.28322219849, 23.8144168854, -17.2097225189, 25.7677841187, -7.93012428284, 20.2325572968, 103.575431824, 34.1034812927], [15.2857894897, -34.663734436, 20.6098365784, 11.7619981766, 15.6473236084, 44.545879364, -32.3595619202, 40.6597137451, -26.3556976318, 2.69219827652, 14.8142719269, 34.1034812927, 93.0369720459]],
        "icov": [[0.000498450011946, -0.000540951732546, 0.000922071922105, -0.000888097740244, 0.000710122054443, -0.00070846703602, 0.000239283908741, -0.000930402253289, 0.000749819038901, -0.000749061291572, 0.000678594282363, -0.00021269377612, 0.000538190128282], [-0.000540951732546, 0.00974348094314, -0.00586911430582, 0.00715913949534, -0.00755477137864, 0.00489744031802, -0.00543615268543, 0.00408141128719, -0.00526054576039, 0.00587109150365, -0.00565073778853, 0.00424720160663, -0.00295176869258], [0.000922071922105, -0.00586911430582, 0.00665429094806, -0.00586903328076, 0.00407573580742, -0.00473555875942, 0.00376386544667, -0.00280030141585, 0.0031787964981, -0.0031530119013, 0.00317706470378, -0.00217102305032, 0.00232618232258], [-0.000888097740244, 0.00715913949534, -0.00586903328076, 0.0102318115532, -0.00633841287345, 0.00331845250912, -0.00347151630558, 0.00354605121538, -0.0051094298251, 0.00388527521864, -0.000808636425063, 0.000674732087646, -0.002138560405], [0.000710122054443, -0.00755477137864, 0.00407573580742, -0.00633841287345, 0.0098022306338, -0.00299615156837, 0.00309781730175, -0.00378228211775, 0.00328067084774, -0.00238774321042, 0.00141997740138, -0.00104630982969, 0.000639298057649], [-0.00070846703602, 0.00489744031802, -0.00473555875942, 0.00331845250912, -0.00299615156837, 0.00806355290115, -0.00351617881097, 0.000112451642053, 7.12658902557e-06, 0.00222142599523, -0.00477997213602, 0.00148874917068, -0.00190529052634], [0.000239283908741, -0.00543615268543, 0.00376386544667, -0.00347151630558, 0.00309781730175, -0.00351617881097, 0.00716125173494, -0.000886468566023, 0.00154045096133, -0.00480700470507, 0.00391955673695, -0.00370590970851, 0.00289091188461], [-0.000930402253289, 0.00408141128719, -0.00280030141585, 0.00354605121538, -0.00378228211775, 0.000112451642053, -0.000886468566023, 0.0103798201308, -0.0057802987285, 0.00339428242296, -0.00430914247409, 0.00505216279998, -0.00531821185723], [0.000749819038901, -0.00526054576039, 0.0031787964981, -0.0051094298251, 0.00328067084774, 7.12658902557e-06, 0.00154045096133, -0.0057802987285, 0.0132755665109, -0.00791407749057, 0.00755292084068, -0.00718648033217, 0.00578672531992], [-0.000749061291572, 0.00587109150365, -0.0031530119013, 0.00388527521864, -0.00238774321042, 0.00222142599523, -0.00480700470507, 0.00339428242296, -0.00791407749057, 0.0180223248899, -0.00941957067698, 0.00761353038251, -0.00535392342135], [0.000678594282363, -0.00565073778853, 0.00317706470378, -0.000808636425063, 0.00141997740138, -0.00477997213602, 0.00391955673695, -0.00430914247409, 0.00755292084068, -0.00941957067698, 0.0202816966921, -0.00997873954475, 0.00531842093915], [-0.00021269377612, 0.00424720160663, -0.00217102305032, 0.000674732087646, -0.00104630982969, 0.00148874917068, -0.00370590970851, 0.00505216279998, -0.00718648033217, 0.00761353038251, -0.00997873954475, 0.0192048884928, -0.00972765032202], [0.000538190128282, -0.00295176869258, 0.00232618232258, -0.002138560405, 0.000639298057649, -0.00190529052634, 0.00289091188461, -0.00531821185723, 0.00578672531992, -0.00535392342135, 0.00531842093915, -0.00972765032202, 0.01796281524]]
    },
    "melbands": {
        "dmean": [0.000357996759703, 0.00047526601702, 0.000757936155424, 0.00038275073166, 0.000218787768972, 6.09717462794e-05, 6.08267146163e-05, 0.000163272707141, 0.000246316223638, 5.70113625145e-05, 5.90146082686e-05, 5.01241484017e-05, 4.10655920859e-05, 3.93981754314e-05, 3.70222733181e-05, 4.14155692852e-05, 2.33911341638e-05, 2.47788339038e-05, 1.52269240061e-05, 1.50932455654e-05, 1.27393250295e-05, 1.62506275956e-05, 2.41144625761e-05, 9.97216557153e-06, 4.29228248322e-06, 3.40003998645e-06, 3.62131595466e-06, 7.29825251256e-06, 6.70694771543e-06, 5.29108865521e-06, 3.61821707884e-06, 3.23874314745e-06, 2.24649284064e-06, 1.43024533372e-06, 1.00768647826e-06, 5.7496441741e-07, 3.10373678758e-07, 2.66467878873e-07, 1.67343301882e-07, 8.77653860698e-08],
        "dmean2": [0.000581292319112, 0.000854315585457, 0.00121308921371, 0.000599683320615, 0.000345544103766, 9.3810929684e-05, 8.97523350432e-05, 0.000225077412324, 0.000334774958901, 8.25424795039e-05, 9.14151023608e-05, 6.86421553837e-05, 5.90873787587e-05, 5.89784722251e-05, 5.61753404327e-05, 5.98047809035e-05, 3.51162270817e-05, 3.76268144464e-05, 2.32178317674e-05, 2.22461403609e-05, 1.96055116248e-05, 2.49277600233e-05, 3.65734922525e-05, 1.41324162541e-05, 6.46095213597e-06, 4.97691462442e-06, 5.35417029823e-06, 1.00099478004e-05, 9.28940335143e-06, 7.06147147866e-06, 4.96770599057e-06, 4.56275574834e-06, 3.16931345878e-06, 2.15498471334e-06, 1.63779441209e-06, 9.24488745113e-07, 4.72461096024e-07, 4.05472576404e-07, 2.39554054815e-07, 1.24634581766e-07],
        "dvar": [8.35784362607e-07, 1.79798144018e-06, 3.92473293687e-06, 8.40452571538e-07, 8.99778598296e-08, 1.277458761e-08, 1.66511888722e-08, 9.82858523457e-08, 3.74081650989e-07, 3.02735507773e-08, 2.24156480044e-08, 2.27959748855e-08, 6.99739333143e-09, 7.27944415857e-09, 6.9532744007e-09, 1.08358007012e-08, 1.92196591975e-09, 3.2508997716e-09, 7.4780343029e-10, 1.09035247498e-09, 7.42566896861e-10, 1.21162924138e-09, 3.04772940218e-09, 3.68261365846e-10, 6.03403646493e-11, 5.51170081797e-11, 7.26905827197e-11, 3.73389985597e-10, 1.69811165129e-10, 1.36934810713e-10, 5.43809719478e-11, 4.31025354297e-11, 1.99855444694e-11, 9.86750178095e-12, 5.91503322017e-12, 1.95638340597e-12, 4.34930845679e-13, 4.99543277837e-13, 1.32509170195e-13, 3.0744690512e-14],
        "dvar2": [2.04020125238e-06, 5.26084886587e-06, 9.85651149676e-06, 2.08076767194e-06, 2.27466429692e-07, 3.15336201595e-08, 3.70399391159e-08, 1.70700005242e-07, 5.76234697292e-07, 5.59789974375e-08, 5.85550417043e-08, 3.43392763114e-08, 1.31473960607e-08, 1.39882070371e-08, 1.45832332876e-08, 1.96076168635e-08, 4.13272127631e-09, 6.81646961098e-09, 1.59165092217e-09, 2.18416995601e-09, 1.78073589208e-09, 2.44234521496e-09, 6.73200872825e-09, 6.46814601879e-10, 1.31002111936e-10, 9.97308000072e-11, 1.47176493215e-10, 6.64112098647e-10, 3.19802573312e-10, 2.07154335352e-10, 7.86522028062e-11, 8.41943667562e-11, 4.0280619118e-11, 2.24391893955e-11, 1.50250454439e-11, 4.55437814198e-12, 1.03542651883e-12, 1.25968614879e-12, 3.03723219535e-13, 6.36355050143e-14],
        "max": [0.00817310251296, 0.011452620849, 0.0264609605074, 0.0120285721496, 0.00427470169961, 0.00174300046638, 0.00255997525528, 0.00536694377661, 0.0131087396294, 0.00430775387213, 0.00276381312869, 0.0054194778204, 0.00259461789392, 0.0020696548745, 0.00181157304905, 0.00243399711326, 0.000778388930485, 0.00155947974417, 0.000675262592267, 0.000561671680771, 0.000667253916617, 0.000865068519488, 0.00162848143373, 0.000526978285052, 0.000154687455506, 0.000238752225414, 0.000170472412719, 0.000403860147344, 0.000265352136921, 0.000401493976824, 0.000214031693758, 0.000190004459, 8.37967527332e-05, 6.10241331742e-05, 3.71735550289e-05, 2.96651232929e-05, 8.21676258056e-06, 1.47935197674e-05, 7.34948980607e-06, 2.38221764448e-06],
        "mean": [0.000518909713719, 0.000651464506518, 0.00118742720224, 0.000644918123726, 0.000442954566097, 0.000130693311803, 0.000117899639008, 0.000363812752767, 0.000556986604352, 9.85514707281e-05, 0.000115524999273, 0.000113975802378, 7.99162153271e-05, 7.65393633628e-05, 6.54507166473e-05, 7.52824780648e-05, 4.34205539932e-05, 4.61515555799e-05, 3.14979624818e-05, 2.92187360174e-05, 2.56356815953e-05, 3.72882095689e-05, 5.05092284584e-05, 2.2153437385e-05, 8.29798136692e-06, 7.16516433386e-06, 7.2640423241e-06, 1.60194722412e-05, 1.54439403559e-05, 1.21799093904e-05, 8.27386065794e-06, 7.41179064789e-06, 5.09112760483e-06, 2.66215215561e-06, 1.31519720981e-06, 7.64427511513e-07, 4.03428487061e-07, 3.36336285045e-07, 2.28710504757e-07, 1.17150641188e-07],
        "median": [9.62874255492e-05, 0.000317686324706, 0.000604465662036, 0.000377886055503, 0.000303241220536, 7.2305498179e-05, 5.56474842597e-05, 0.000121692719404, 8.56727565406e-05, 3.25149630953e-05, 3.92306574213e-05, 2.65402959485e-05, 2.39479941229e-05, 2.26670035772e-05, 2.20362453547e-05, 2.0488494556e-05, 1.7751379346e-05, 1.95569555217e-05, 1.65125293279e-05, 1.11906083475e-05, 1.36614580697e-05, 1.81437153515e-05, 1.68517308339e-05, 8.32274417917e-06, 4.02760088036e-06, 3.06306765196e-06, 2.62383264271e-06, 3.73988041247e-06, 4.67660402137e-06, 3.1101174045e-06, 2.62733806267e-06, 2.49910567618e-06, 1.81616803729e-06, 1.15937552891e-06, 5.26839357917e-07, 2.32089618635e-07, 1.08336664084e-07, 7.30691667172e-08, 3.58375444875e-08, 1.54412944653e-08],
        "min": [1.25211552238e-09, 3.48014750351e-09, 2.18316209555e-09, 1.81939174837e-09, 3.61061491816e-09, 7.45563943916e-10, 3.46675244067e-10, 3.62430252476e-10, 2.04240749313e-10, 1.22974394556e-10, 1.43754230741e-10, 1.85770329675e-10, 1.49906115299e-10, 3.74246938994e-10, 1.91638760416e-10, 9.01251087648e-11, 1.09245376634e-10, 6.08629188714e-11, 2.22882042683e-11, 4.52875167922e-11, 5.6725096842e-11, 7.5969952551e-11, 1.32677299702e-10, 3.92120884374e-11, 2.38321064272e-11, 4.22631894759e-11, 3.38447499193e-11, 1.15629769648e-10, 6.62296259502e-11, 1.00963563898e-10, 8.03724586884e-11, 6.01716107496e-11, 2.95579949405e-11, 4.97118795781e-12, 7.09820602903e-13, 3.13735880808e-13, 4.50856772706e-13, 2.76805271412e-13, 4.96950740378e-14, 3.11848156076e-14],
        "var": [1.27168289055e-06, 1.36352980462e-06, 4.12270219385e-06, 9.3962006531e-07, 2.07328127999e-07, 3.01217575327e-08, 3.50778392999e-08, 4.12970450725e-07, 1.76361606918e-06, 6.54351595131e-08, 4.79488981853e-08, 1.21915149975e-07, 3.22067457148e-08, 2.87211694427e-08, 2.06531165503e-08, 3.08147285466e-08, 4.90275864351e-09, 9.94300819457e-09, 2.8358919657e-09, 3.45648554223e-09, 1.8179746597e-09, 4.33630065189e-09, 1.01374633132e-08, 1.65507985095e-09, 1.62539495752e-10, 2.1545489004e-10, 1.99005686929e-10, 1.42818934457e-09, 6.91320667379e-10, 6.64572952225e-10, 2.60480609304e-10, 1.74039338496e-10, 6.73151673292e-11, 2.12244440773e-11, 6.94331354564e-12, 2.78620681214e-12, 6.05034251866e-13, 5.32871164728e-13, 1.91999844842e-13, 5.18358346155e-14]
    },
    "mfcc": {
        "mean": [-651.946350098, 126.883277893, -20.3542289734, 36.5889091492, -9.80166339874, 15.1133117676, -13.4668684006, 3.84707188606, -0.990198135376, -5.89121484756, -3.36396837234, 0.899691283703, -7.86811304092],
        "cov": [[5187.5546875, -1475.99133301, -427.147735596, -263.771850586, -513.474060059, -3.36599469185, 8.57043647766, 9.68773651123, 124.273727417, 17.8617973328, 78.8908157349, 166.154922485, -42.513999939], [-1475.99133301, 1360.58166504, -113.807228088, 127.017936707, 177.733001709, -2.09819865227, 136.454223633, 18.2217102051, -33.3286094666, 43.6241912842, 43.9158935547, -44.0649337769, 35.3804588318], [-427.147735596, -113.807228088, 620.151550293, -31.5332183838, 196.574508667, 68.922454834, 57.6418457031, 55.453994751, -7.59276342392, -9.8182258606, -15.9175167084, -28.761888504, 9.02414226532], [-263.771850586, 127.017936707, -31.5332183838, 431.639709473, -7.2038526535, 71.4010238647, -144.594329834, 41.839630127, 99.4859924316, -10.0491352081, 6.71127080917, 33.6704673767, -8.08845043182], [-513.474060059, 177.733001709, 196.574508667, -7.2038526535, 489.519165039, -77.7044677734, 92.8558197021, 32.3074073792, -24.747795105, 23.0934810638, -61.2264518738, -52.8866882324, 27.4648075104], [-3.36599469185, -2.09819865227, 68.922454834, 71.4010238647, -77.7044677734, 221.56829834, 25.8812427521, 36.6080589294, 18.8045978546, -1.97945570946, 31.6584243774, 8.44118976593, -3.16580605507], [8.57043647766, 136.454223633, 57.6418457031, -144.594329834, 92.8558197021, 25.8812427521, 301.025421143, 21.1950893402, -48.4637336731, 30.6315822601, -10.912610054, -29.6817855835, 36.4154129028], [9.68773651123, 18.2217102051, 55.453994751, 41.839630127, 32.3074073792, 36.6080589294, 21.1950893402, 134.797286987, 35.7551193237, -2.75908279419, -0.876719355583, 13.67146492, 14.2048015594], [124.273727417, -33.3286094666, -7.59276342392, 99.4859924316, -24.747795105, 18.8045978546, -48.4637336731, 35.7551193237, 161.444656372, 20.6108207703, 21.5213451385, 27.1319713593, -3.67576432228], [17.8617973328, 43.6241912842, -9.8182258606, -10.0491352081, 23.0934810638, -1.97945570946, 30.6315822601, -2.75908279419, 20.6108207703, 127.574134827, 23.4441452026, -0.136358126998, 18.7912807465], [78.8908157349, 43.9158935547, -15.9175167084, 6.71127080917, -61.2264518738, 31.6584243774, -10.912610054, -0.876719355583, 21.5213451385, 23.4441452026, 120.920219421, 36.1596603394, -7.80278348923], [166.154922485, -44.0649337769, -28.761888504, 33.6704673767, -52.8866882324, 8.44118976593, -29.6817855835, 13.67146492, 27.1319713593, -0.136358126998, 36.1596603394, 90.6873016357, 10.389040947], [-42.513999939, 35.3804588318, 9.02414226532, -8.08845043182, 27.4648075104, -3.16580605507, 36.4154129028, 14.2048015594, -3.67576432228, 18.7912807465, -7.80278348923, 10.389040947, 91.7317047119]],
