{
"lowlevel": {
    "average_loudness": 0.953026473522,
    "barkbands_crest": {
        "dmean": 2.2353720665,
        "dmean2": 3.59537792206,
        "dvar": 5.58447790146,
        "dvar2": 14.8367528915,
        "max": 24.4755325317,
        "mean": 11.0347108841,
        "median": 10.439663887,
        "min": 2.92617917061,
        "var": 14.1506433487
    },
    "barkbands_flatness_db": {
        "dmean": 0.0308979377151,
        "dmean2": 0.0399622991681,
        "dvar": 0.00105503713712,
        "dvar2": 0.00181108666584,
        "max": 0.505909800529,
        "mean": 0.194295480847,
        "median": 0.192148312926,
        "min": 0.0419424027205,
        "var": 0.0046724663116
    },
    "barkbands_kurtosis": {
        "dmean": 7.13296890259,
        "dmean2": 11.3186941147,
        "dvar": 276.484893799,
        "dvar2": 700.033691406,
        "max": 287.950927734,
        "mean": 10.9436321259,
        "median": 4.60303354263,
        "min": -1.93740105629,
        "var": 399.041870117
    },
    "barkbands_skewness": {
        "dmean": 0.820855379105,
        "dmean2": 1.24419784546,
        "dvar": 1.03590905666,
        "dvar2": 2.402769804,
        "max": 12.1440057755,
        "mean": 2.06568551064,
        "median": 1.78876054287,
        "min": -4.14066648483,
        "var": 3.16355252266
    },
    "barkbands_spread": {
        "dmean": 6.07146120071,
        "dmean2": 9.3813791275,
        "dvar": 123.192703247,
        "dvar2": 276.621307373,
        "max": 112.83065033,
        "mean": 15.1267127991,
        "median": 10.926733017,
        "min": 0.510805785656,
        "var": 224.514022827
    },
    "dissonance": {
        "dmean": 0.0311412308365,
        "dmean2": 0.0499441251159,
        "dvar": 0.000876590493135,
        "dvar2": 0.00226072478108,
        "max": 0.498808324337,
        "mean": 0.425115823746,
        "median": 0.434673607349,
        "min": 0.216989502311,
        "var": 0.00252472213469
    },
    "dynamic_complexity": 3.40940022469,
    "erbbands_crest": {
        "dmean": 2.47194457054,
        "dmean2": 3.85066008568,
        "dvar": 5.87255954742,
        "dvar2": 13.5060653687,
        "max": 29.4285945892,
        "mean": 10.1614942551,
        "median": 9.13669204712,
        "min": 2.75897812843,
        "var": 20.1956043243
    },
    "erbbands_flatness_db": {
        "dmean": 0.0260711945593,
        "dmean2": 0.0320431217551,
        "dvar": 0.000644208164886,
        "dvar2": 0.00107693450991,
        "max": 0.369912236929,
        "mean": 0.179019168019,
        "median": 0.174033075571,
        "min": 0.0562294051051,
        "var": 0.0036790384911
    },
    "erbbands_kurtosis": {
        "dmean": 1.93581843376,
        "dmean2": 2.96911334991,
        "dvar": 15.3256530762,
        "dvar2": 37.226776123,
        "max": 62.9985427856,
        "mean": 2.56850934029,
        "median": 1.31285953522,
        "min": -1.80323076248,
        "var": 28.5406208038
    },
    "erbbands_skewness": {
        "dmean": 0.511069715023,
        "dmean2": 0.743261754513,
        "dvar": 0.367932111025,
        "dvar2": 0.810385644436,
        "max": 6.03816747665,
        "mean": 0.773169338703,
        "median": 0.812904059887,
        "min": -3.99205994606,
        "var": 1.0547631979
    },
    "erbbands_spread": {
        "dmean": 11.1917285919,
        "dmean2": 16.0312709808,
        "dvar": 201.797073364,
        "dvar2": 446.323059082,
        "max": 147.807357788,
        "mean": 36.6932601929,
        "median": 29.7951965332,
        "min": 1.80022442341,
        "var": 656.13885498
    },
    "hfc": {
        "dmean": 8.01209259033,
        "dmean2": 11.4167709351,
        "dvar": 232.688995361,
        "dvar2": 475.803833008,
        "max": 186.676147461,
        "mean": 21.0131855011,
        "median": 15.2589502335,
        "min": 1.18825182653e-05,
        "var": 503.618621826
    },
    "melbands_crest": {
        "dmean": 2.55597066879,
        "dmean2": 4.00082111359,
        "dvar": 7.94606781006,
        "dvar2": 18.9940013885,
        "max": 31.6321125031,
        "mean": 15.4299974442,
        "median": 14.8741235733,
        "min": 4.92829561234,
        "var": 26.2830543518
    },
    "melbands_flatness_db": {
        "dmean": 0.0347418263555,
        "dmean2": 0.0448234416544,
        "dvar": 0.00157608208247,
        "dvar2": 0.00281130918302,
        "max": 0.647403895855,
        "mean": 0.270340442657,
        "median": 0.268255442381,
        "min": 0.0412372462451,
        "var": 0.00727620674297
    },
    "melbands_kurtosis": {
        "dmean": 15.1437711716,
        "dmean2": 24.0661144257,
        "dvar": 980.13293457,
        "dvar2": 2380.24707031,
        "max": 476.985626221,
        "mean": 25.7086715698,
        "median": 11.2672595978,
        "min": -1.82933092117,
        "var": 1830.13964844
    },
    "melbands_skewness": {
        "dmean": 1.02242863178,
        "dmean2": 1.52978622913,
        "dvar": 1.81694531441,
        "dvar2": 4.35722875595,
        "max": 15.2362833023,
        "mean": 3.10269975662,
        "median": 2.59958171844,
        "min": -1.76763963699,
        "var": 5.77060890198
    },
    "melbands_spread": {
        "dmean": 6.27245426178,
        "dmean2": 9.48362255096,
        "dvar": 235.524261475,
        "dvar2": 442.473571777,
        "max": 224.390792847,
        "mean": 15.662820816,
        "median": 10.9725265503,
        "min": 0.387158900499,
        "var": 569.417602539
    },
    "pitch_salience": {
        "dmean": 0.0741977244616,
        "dmean2": 0.11990686506,
        "dvar": 0.00526134716347,
        "dvar2": 0.0132386041805,
        "max": 0.807326853275,
        "mean": 0.517438352108,
        "median": 0.511196672916,
        "min": 0.148995757103,
        "var": 0.0139302127063
    },
    "silence_rate_20dB": {
        "dmean": 0,
        "dmean2": 0,
        "dvar": 0,
        "dvar2": 0,
        "max": 1,
        "mean": 1,
        "median": 1,
        "min": 1,
        "var": 0
    },
    "silence_rate_30dB": {
        "dmean": 0.0557275526226,
        "dmean2": 0.111541442573,
        "dvar": 0.052621729672,
        "dvar2": 0.117689408362,
        "max": 1,
        "mean": 0.947409152985,
        "median": 1,
        "min": 0,
        "var": 0.0498253144324
    },
    "silence_rate_60dB": {
        "dmean": 0.0154798757285,
        "dmean2": 0.0309837330133,
        "dvar": 0.0152401896194,
        "dvar2": 0.033121895045,
        "max": 1,
        "mean": 0.0827532857656,
        "median": 0,
        "min": 0,
        "var": 0.0759044662118
    },
    "spectral_centroid": {
        "dmean": 235.772003174,
        "dmean2": 345.695648193,
        "dvar": 177812.453125,
        "dvar2": 348831,
        "max": 5187.32373047,
        "mean": 915.081176758,
        "median": 740.383483887,
        "min": 126.398681641,
        "var": 501826.375
    },
    "spectral_complexity": {
        "dmean": 3.17337465286,
        "dmean2": 4.52827262878,
        "dvar": 22.0147476196,
        "dvar2": 40.6038589478,
        "max": 56,
        "mean": 12.3549880981,
        "median": 12,
        "min": 0,
        "var": 62.0326347351
    },
    "spectral_decrease": {
        "dmean": 3.69657260357e-09,
        "dmean2": 5.78097081316e-09,
        "dvar": 6.88654263556e-17,
        "dvar2": 1.76153670097e-16,
        "max": -6.55814115917e-15,
        "mean": -1.09993694153e-08,
        "median": -9.44231626221e-09,
        "min": -7.9810661191e-08,
        "var": 9.35953870487e-17
    },
    "spectral_energy": {
        "dmean": 0.0144183924422,
        "dmean2": 0.0224314536899,
        "dvar": 0.00100248656236,
        "dvar2": 0.00254682311788,
        "max": 0.308185458183,
        "mean": 0.0434200912714,
        "median": 0.0366201885045,
        "min": 2.59899497479e-08,
        "var": 0.0014033530606
    },
    "spectral_energyband_high": {
        "dmean": 0.000690785876941,
        "dmean2": 0.00102560583036,
        "dvar": 3.48809976458e-06,
        "dvar2": 7.48325783206e-06,
        "max": 0.0234612748027,
        "mean": 0.000978597439826,
        "median": 0.000164356635651,
        "min": 4.41852977817e-11,
        "var": 6.0779211708e-06
    },
    "spectral_energyband_low": {
        "dmean": 0.00995230488479,
        "dmean2": 0.0167945176363,
        "dvar": 0.000954371469561,
        "dvar2": 0.00252734101377,
        "max": 0.287551313639,
        "mean": 0.0220278445631,
        "median": 0.0180466789752,
        "min": 7.71932562316e-09,
        "var": 0.000932003371418
    },
    "spectral_energyband_middle_high": {
        "dmean": 0.00123868091032,
        "dmean2": 0.0017595338868,
        "dvar": 3.96036375605e-06,
        "dvar2": 8.34430011309e-06,
        "max": 0.0273869223893,
        "mean": 0.00384459923953,
        "median": 0.0019950743299,
        "min": 9.60615698098e-10,
        "var": 2.33728478634e-05
    },
    "spectral_energyband_middle_low": {
        "dmean": 0.00581299606711,
        "dmean2": 0.00826968252659,
        "dvar": 8.21531939437e-05,
        "dvar2": 0.000176417466719,
        "max": 0.124111674726,
        "mean": 0.0171589720994,
        "median": 0.0157267004251,
        "min": 1.13540314928e-08,
        "var": 0.000223099981667
    },
    "spectral_entropy": {
        "dmean": 0.287026643753,
        "dmean2": 0.35833722353,
        "dvar": 0.0958781018853,
        "dvar2": 0.163954988122,
        "max": 8.81771850586,
        "mean": 7.10204744339,
        "median": 7.08219385147,
        "min": 4.62298488617,
        "var": 0.429408609867
    },
    "spectral_flux": {
        "dmean": 0.0355147868395,
        "dmean2": 0.0535103268921,
        "dvar": 0.00250414130278,
        "dvar2": 0.00523010967299,
        "max": 0.525421082973,
        "mean": 0.0891513302922,
        "median": 0.0723894238472,
        "min": 0.000188835911104,
        "var": 0.0049280510284
    },
    "spectral_kurtosis": {
        "dmean": 2.95233416557,
        "dmean2": 4.64143323898,
        "dvar": 17.4406318665,
        "dvar2": 43.9305763245,
        "max": 62.369934082,
        "mean": 6.62355232239,
        "median": 4.77751255035,
        "min": -0.876596689224,
        "var": 38.4824562073
    },
    "spectral_rms": {
        "dmean": 0.000934770621825,
        "dmean2": 0.00138282589614,
        "dvar": 2.43397698796e-06,
        "dvar2": 5.5998643802e-06,
        "max": 0.0173398014158,
        "mean": 0.00591604504734,
        "median": 0.00597720779479,
        "min": 5.03547880726e-06,
        "var": 7.36150514058e-06
    },
    "spectral_rolloff": {
        "dmean": 419.680541992,
        "dmean2": 716.918457031,
        "dvar": 1331144.875,
        "dvar2": 2896179,
        "max": 12338.5253906,
        "mean": 994.238220215,
        "median": 602.9296875,
        "min": 21.533203125,
        "var": 2413579
    },
    "spectral_skewness": {
        "dmean": 0.375571519136,
        "dmean2": 0.543585181236,
        "dvar": 0.179763332009,
        "dvar2": 0.385186105967,
        "max": 6.60329771042,
        "mean": 1.94400990009,
        "median": 1.79853820801,
        "min": -0.0174717642367,
        "var": 0.730463564396
    },
    "spectral_spread": {
        "dmean": 829387.0625,
        "dmean2": 1074921.75,
        "dvar": 860522938368,
        "dvar2": 1.51710190797e+12,
        "max": 12851178,
        "mean": 4751135.5,
        "median": 4410374.5,
        "min": 1320454.625,
        "var": 3.53861632e+12
    },
    "spectral_strongpeak": {
        "dmean": 0.366469830275,
        "dmean2": 0.63272690773,
        "dvar": 0.431882351637,
        "dvar2": 1.00994777679,
        "max": 8.94755649567,
        "mean": 0.827118575573,
        "median": 0.556574642658,
        "min": 0,
        "var": 0.753550112247
    },
    "zerocrossingrate": {
        "dmean": 0.0117040108889,
        "dmean2": 0.013236165978,
        "dvar": 0.000342652929248,
        "dvar2": 0.000323417189065,
        "max": 0.38427734375,
        "mean": 0.044723238796,
        "median": 0.03369140625,
        "min": 0.00341796875,
        "var": 0.00186431163456
    },
    "barkbands": {
        "dmean": [0.00115905050188, 0.00666955299675, 0.00347256776877, 0.00137908942997, 0.00264171045274, 0.00162006902974, 0.00107561983168, 0.000927239481825, 0.00115125451703, 0.00038818543544, 0.000419416755904, 0.000360880978405, 0.000210201033042, 0.000192722145584, 0.000135122492793, 0.000105124832771, 9.49621462496e-05, 0.000125341219245, 7.39093666198e-05, 0.000107046827907, 0.00011571826326, 0.000175333814695, 0.000134919813718, 0.000114157672215, 0.000110055931145, 6.91937020747e-05, 4.45058731202e-06],
        "dmean2": [0.00194578338414, 0.0113556468859, 0.00613817665726, 0.00219428958371, 0.00404141051695, 0.0023415023461, 0.00154233525973, 0.00130548002198, 0.00165331875905, 0.000552267534658, 0.000604157336056, 0.000543135043699, 0.00032319399179, 0.000299576378893, 0.000215367181227, 0.000163514225278, 0.000145133381011, 0.000195632441319, 0.000114748916531, 0.000173480657395, 0.000177141351742, 0.000275541824521, 0.000215841646423, 0.000165103163454, 0.000169256105437, 0.00010170355381, 6.83125244905e-06],
        "dvar": [7.1150839176e-06, 0.000426178157795, 0.000124085505377, 8.00989801064e-06, 3.01952659356e-05, 7.2247407843e-06, 3.52309643858e-06, 3.79792481908e-06, 5.40827795703e-06, 8.96001495221e-07, 1.04400589862e-06, 5.81591507398e-07, 1.78670603646e-07, 2.65824581902e-07, 3.14659928335e-07, 1.01105300132e-07, 3.99888477887e-08, 8.3998756395e-08, 2.51382612504e-08, 6.87859369464e-08, 9.34851058787e-08, 3.44966366583e-07, 2.07027397892e-07, 1.39110426289e-07, 1.61690650202e-07, 3.21519806334e-08, 1.30211591509e-10],
        "dvar2": [1.75772293005e-05, 0.00111074687447, 0.000357478362275, 1.98348698177e-05, 7.42600896046e-05, 1.62991600519e-05, 7.7141521615e-06, 6.49726553092e-06, 1.17065364975e-05, 1.713147185e-06, 2.17507295019e-06, 1.28588158077e-06, 3.97517482043e-07, 6.42989164135e-07, 7.40650932585e-07, 2.45784406161e-07, 8.73291554626e-08, 1.84303232231e-07, 5.66578322037e-08, 1.72553697553e-07, 2.18659266693e-07, 7.75658804741e-07, 5.2707599707e-07, 2.83678701862e-07, 3.55052122814e-07, 7.30039957375e-08, 2.98841340562e-10],
        "max": [0.0386134944856, 0.197986572981, 0.107454530895, 0.0362515822053, 0.053059309721, 0.0278940834105, 0.0260326713324, 0.0304715242237, 0.031487762928, 0.0140938246623, 0.0172383841127, 0.010369669646, 0.00465634278953, 0.00919128209352, 0.0113170621917, 0.00610645534471, 0.0044812024571, 0.00334189343266, 0.00220977282152, 0.00325785111636, 0.00564289884642, 0.0085986694321, 0.00644169049338, 0.00690016895533, 0.00798609107733, 0.00319465505891, 0.000113996931759],
        "mean": [0.00111122685485, 0.0133298300207, 0.00704869115725, 0.00249889167026, 0.00498574599624, 0.00317967147566, 0.00216398457997, 0.00178559182677, 0.0024427450262, 0.000671681656968, 0.000980561831966, 0.000700102944393, 0.000359749916242, 0.000303772016196, 0.000144281424582, 0.000150223393575, 0.000181162497029, 0.000224343704758, 0.000112016474304, 0.000149640443851, 0.000157292859512, 0.000219216875848, 0.000151776199345, 0.000149657062138, 0.000138317031087, 7.58936221246e-05, 4.06233948524e-06],
        "median": [0.000327046727762, 0.010900279507, 0.00274935550988, 0.00104521075264, 0.00279921526089, 0.00146887835581, 0.000670713139698, 0.000465590419481, 0.000866073591169, 0.000101238962088, 0.000118186944746, 0.000131147317006, 7.77412642492e-05, 6.38687124592e-05, 3.25850669469e-05, 3.2768046367e-05, 4.83784388052e-05, 5.73469369556e-05, 4.43003373221e-05, 4.68086946057e-05, 3.027125058e-05, 2.64535556198e-05, 2.09169847949e-05, 2.00491849682e-05, 1.23225327116e-05, 2.08389246836e-06, 6.70132793701e-09],
        "min": [2.47853210178e-10, 2.7523496815e-09, 3.3064226912e-09, 1.26859500682e-09, 6.77444433883e-10, 1.30513333474e-09, 1.18111986858e-09, 4.05425727712e-11, 4.35183222791e-10, 1.83206241844e-10, 2.29879115743e-10, 8.15056772074e-11, 3.7380269019e-11, 1.47087671903e-11, 7.87914664069e-11, 2.32145153795e-11, 1.46504787468e-11, 3.59290791563e-11, 4.59930748001e-12, 1.53259592517e-11, 3.45390990114e-12, 1.77370629035e-12, 3.09492969447e-12, 3.19893699204e-12, 4.77945981403e-12, 9.72089422846e-12, 7.62373497665e-12],
        "var": [8.5526435214e-06, 0.000399211246986, 0.000122514044051, 1.78824993782e-05, 4.44992765551e-05, 1.70612838701e-05, 1.21823359223e-05, 1.22566398204e-05, 1.44651658047e-05, 2.47154798672e-06, 5.17006355949e-06, 2.01354532692e-06, 4.20907014131e-07, 6.30672275292e-07, 2.90600922881e-07, 1.82255718073e-07, 1.85920924878e-07, 2.20051447286e-07, 3.76945727965e-08, 1.0114517579e-07, 1.71497646306e-07, 4.77592038806e-07, 2.25990930858e-07, 2.43873046202e-07, 2.65037812142e-07, 4.18486365561e-08, 1.39605785265e-10]
    },
    "erbbands": {
        "dmean": [0.151328533888, 1.71907234192, 4.46830940247, 3.46850728989, 8.08176231384, 9.47899246216, 11.4672737122, 12.6292552948, 10.9594659805, 19.8417110443, 23.4333457947, 22.0908584595, 16.5091285706, 14.1869440079, 12.2383928299, 13.2358503342, 8.8745098114, 8.95787525177, 8.13208675385, 5.72122716904, 5.41144418716, 5.47196865082, 6.82481384277, 3.96940898895, 4.02808237076, 4.88723945618, 4.51579761505, 5.04455804825, 6.34247112274, 5.59081315994, 3.6206741333, 2.12350535393, 2.18901538849, 1.45724368095, 0.653306245804, 0.32172113657, 0.123749442399, 0.0225235875696, 0.000473368010717, 2.87646926154e-05],
        "dmean2": [0.247171297669, 2.973777771, 7.97583866119, 5.83265304565, 12.6575536728, 14.1430835724, 17.2712116241, 18.5444068909, 16.5919589996, 27.9455032349, 33.352897644, 31.3615207672, 23.2475509644, 20.1875801086, 17.0833625793, 19.8382854462, 13.4275636673, 13.2686328888, 12.6262741089, 8.73434448242, 8.24939632416, 8.17123794556, 10.2571439743, 6.20169591904, 6.1808962822, 7.76869535446, 7.06134128571, 7.83690214157, 9.99457073212, 8.84487438202, 5.64939880371, 3.08388376236, 3.24484443665, 2.25703716278, 0.975167036057, 0.476436376572, 0.18111127615, 0.0334068536758, 0.000697050418239, 4.19132993557e-05],
        "dvar": [0.208049952984, 30.0458679199, 222.121688843, 53.6412963867, 579.410766602, 244.530838013, 388.349395752, 538.679260254, 400.403869629, 1480.68127441, 2206.50317383, 2163.43798828, 1334.5859375, 966.002502441, 815.891235352, 739.437561035, 286.260437012, 357.906005859, 614.095214844, 332.855621338, 199.805007935, 146.621704102, 243.561660767, 100.030036926, 69.3746109009, 157.005493164, 112.465072632, 228.750320435, 449.921539307, 373.774475098, 148.34942627, 49.2689361572, 62.3946037292, 30.1270771027, 4.64182901382, 0.95865881443, 0.0940455496311, 0.00314964330755, 1.31806666559e-06, 3.03738345586e-09],
        "dvar2": [0.474832475185, 83.2504806519, 632.324829102, 149.355148315, 1407.90039062, 573.108093262, 891.186584473, 1242.63537598, 1029.73608398, 2995.5925293, 4154.25195312, 4581.015625, 2912.80029297, 2122.37744141, 1737.57666016, 1638.3293457, 629.167724609, 813.213623047, 1415.84655762, 773.297424316, 470.527069092, 311.685760498, 539.466186523, 226.548339844, 158.766311646, 387.951934814, 266.96963501, 515.543273926, 998.889892578, 949.004760742, 361.381958008, 99.9752349854, 134.027832031, 66.3971176147, 10.2410879135, 2.23493456841, 0.213699251413, 0.00694359326735, 2.85910277853e-06, 6.28557428328e-09],
        "max": [4.1768116951, 52.9958496094, 148.137405396, 68.0249557495, 256.781341553, 180.533477783, 226.699386597, 284.583496094, 305.373016357, 558.445922852, 732.798278809, 788.971679688, 501.795349121, 703.764648438, 422.572113037, 379.980865479, 209.717666626, 218.825256348, 459.038238525, 301.843353271, 264.598571777, 320.033996582, 215.677230835, 156.821563721, 111.555091858, 169.607513428, 123.491577148, 279.083312988, 302.988586426, 256.683685303, 203.333740234, 156.712188721, 155.501296997, 102.420692444, 39.3710975647, 22.9020366669, 4.42739534378, 0.609945416451, 0.0119367251173, 0.00064072094392],
        "mean": [0.254385173321, 3.38795137405, 9.35794734955, 6.99831962585, 12.8982925415, 18.3955078125, 23.3720817566, 24.7964572906, 21.108543396, 41.2272491455, 49.6167144775, 47.741569519, 31.5943546295, 34.9558486938, 28.6299667358, 26.9782962799, 17.6950416565, 15.6686563492, 10.9937210083, 7.16153526306, 9.2808303833, 11.6622686386, 12.6293945312, 6.824177742, 6.41106700897, 7.02768802643, 6.36889123917, 6.61194515228, 7.83187770844, 6.34136009216, 4.10571670532, 2.66800165176, 2.82452368736, 1.83213043213, 0.79666531086, 0.36711654067, 0.132117792964, 0.022727670148, 0.000500142632518, 6.63412429276e-05],
        "median": [0.121119745076, 2.71861577034, 5.5972738266, 4.31320714951, 4.95791435242, 9.29468250275, 11.4788589478, 10.7182130814, 10.0152072906, 14.1648416519, 17.7351474762, 17.5891304016, 8.94200801849, 6.56034183502, 5.81159687042, 5.96589899063, 4.31462335587, 4.0936088562, 2.39494729042, 2.00579309464, 2.2467520237, 3.11354851723, 3.22208404541, 2.29768443108, 2.60156917572, 2.2338912487, 1.2817183733, 1.08521091938, 0.928891956806, 0.789132654667, 0.522622227669, 0.398966878653, 0.351503491402, 0.180707618594, 0.0585819073021, 0.0169529672712, 0.00247315899469, 0.000168783284607, 2.85730420728e-05, 4.83057228848e-05],
        "min": [1.40961319062e-07, 4.40562757831e-07, 2.65618223239e-06, 5.38229869562e-06, 2.27299483413e-06, 1.82591713838e-06, 4.86456974613e-06, 1.31584447445e-05, 1.58993661898e-05, 1.3039912119e-05, 3.84202439818e-06, 1.08939466372e-05, 4.48606897407e-06, 7.11797201802e-06, 4.93908282806e-06, 3.40384849551e-06, 1.98079078473e-06, 3.07661866827e-06, 1.79351366114e-06, 3.03468209495e-06, 1.85968690403e-06, 8.15414239241e-07, 1.77866547801e-06, 8.16717204088e-07, 2.87776288133e-07, 9.49319371557e-07, 1.89884588053e-07, 1.24080060004e-07, 5.92880731176e-08, 8.98698857554e-08, 8.98679246575e-08, 4.62028637571e-08, 6.43470556838e-08, 4.33526565757e-08, 3.94899828393e-08, 2.19747473551e-08, 2.11822666074e-08, 7.34587546347e-09, 1.0160221553e-09, 1.29263044713e-10],
        "var": [0.236705377698, 25.1997528076, 203.67098999, 79.941368103, 645.312133789, 588.134033203, 946.341674805, 1293.18945312, 870.115905762, 5212.73144531, 7024.54541016, 5831.79541016, 3036.64648438, 5939.58984375, 3245.31835938, 2695.33496094, 850.942199707, 853.432312012, 1109.70910645, 360.07220459, 585.508911133, 827.661132812, 684.515930176, 176.551254272, 117.697044373, 234.212463379, 182.172607422, 434.545043945, 636.624511719, 390.834075928, 175.653289795, 75.3350143433, 105.897201538, 50.3502311707, 7.41241979599, 1.25599753857, 0.117588631809, 0.00371550326236, 1.61453874625e-06, 5.16286213781e-09]
    },
    "gfcc": {
        "mean": [-28.2175559998, 109.175003052, -95.9603805542, 29.6685905457, -67.6085968018, 13.2987422943, -33.9972610474, 11.620426178, -23.1673374176, -1.03269863129, -11.3770360947, -2.6639277935, -8.92485523224],
        "cov": [[10729.4453125, -1332.43444824, 492.582672119, 272.210479736, -147.778335571, 208.769760132, -293.041229248, 179.209579468, -233.709793091, 438.649627686, -202.907409668, 352.384490967, -328.451843262], [-1332.43444824, 2210.58789062, -36.0048904419, -250.986801147, 407.811248779, 34.2967681885, 374.179870605, -26.0406742096, 259.215148926, -258.17578125, 336.07623291, -263.052734375, 78.9530792236], [492.582672119, -36.0048904419, 1374.28710938, 513.40423584, 337.716674805, 168.169311523, 105.088523865, 65.6081390381, 38.3863754272, 128.628082275, -137.36869812, 73.0187301636, -173.077636719], [272.210479736, -250.986801147, 513.40423584, 1075.48815918, 280.239349365, 15.7584047318, -14.8748292923, 59.365398407, 168.736679077, -7.1993727684, -68.935760498, -31.0665512085, -2.53047704697], [-147.778335571, 407.811248779, 337.716674805, 280.239349365, 495.985443115, 136.066329956, 126.234107971, 77.4548034668, 130.507492065, -12.9578523636, 12.5722169876, -47.7476005554, -44.2957611084], [208.769760132, 34.2967681885, 168.169311523, 15.7584047318, 136.066329956, 373.68258667, 201.645568848, 34.431678772, -0.364350557327, 44.9949989319, 12.2461919785, -41.7918548584, -58.6086502075], [-293.041229248, 374.179870605, 105.088523865, -14.8748292923, 126.234107971, 201.645568848, 417.125152588, 37.5952148438, 24.4450492859, -20.8505897522, 52.5619735718, -39.4129600525, -47.0083007812], [179.209579468, -26.0406742096, 65.6081390381, 59.365398407, 77.4548034668, 34.431678772, 37.5952148438, 148.629806519, 40.4438171387, 5.63482236862, -7.17491722107, 11.0142679214, -14.4533576965], [-233.709793091, 259.215148926, 38.3863754272, 168.736679077, 130.507492065, -0.364350557327, 24.4450492859, 40.4438171387, 189.079833984, -17.0974159241, 43.5105323792, -46.9581298828, 16.2953395844], [438.649627686, -258.17578125, 128.628082275, -7.1993727684, -12.9578523636, 44.9949989319, -20.8505897522, 5.63482236862, -17.0974159241, 166.076644897, -27.7810134888, 50.2975997925, -43.5711364746], [-202.907409668, 336.07623291, -137.36869812, -68.935760498, 12.5722169876, 12.2461919785, 52.5619735718, -7.17491722107, 43.5105323792, -27.7810134888, 167.61680603, -23.9302330017, 40.9723358154], [352.384490967, -263.052734375, 73.0187301636, -31.0665512085, -47.7476005554, -41.7918548584, -39.4129600525, 11.0142679214, -46.9581298828, 50.2975997925, -23.9302330017, 136.946350098, -20.8764896393], [-328.451843262, 78.9530792236, -173.077636719, -2.53047704697, -44.2957611084, -58.6086502075, -47.0083007812, -14.4533576965, 16.2953395844, -43.5711364746, 40.9723358154, -20.8764896393, 115.208206177]],
        "icov": [[0.000135071415571, -0.000137268885737, 9.40327445278e-05, -0.000171122519532, 0.000147152764839, -0.000201563510927, 0.000228783683269, -0.000230020305025, 0.000231129102758, -0.000294912257232, 0.00011301345512, -0.000359960482456, 0.000385546503821], [-0.000137268885737, 0.00251638423651, -0.000986261060461, 0.00162943988107, -0.00173380190972, 0.00161677261349, -0.00160473573487, 0.00126723793801, -0.00191300548613, 0.00232380302623, -0.00318982359022, 0.00318186287768, -0.001041226089], [9.40327445278e-05, -0.000986261060461, 0.00176949845627, -0.00117908720858, 8.153104136e-05, -0.000818992615677, 0.000526002957486, -0.000392147630919, 0.000953253707848, -0.00146932085045, 0.00174489000347, -0.00195677392185, 0.00169088866096], [-0.000171122519532, 0.00162943988107, -0.00117908720858, 0.00258017424494, -0.00148572120816, 0.00116134877317, -0.00095152691938, 0.000902539526578, -0.00235616415739, 0.00182811508421, -0.00136998412199, 0.0023046513088, -0.00164518097881], [0.000147152764839, -0.00173380190972, 8.153104136e-05, -0.00148572120816, 0.00477608526126, -0.00191083503887, 0.000951301190071, -0.00174415134825, -0.00025669921888, -0.000942751707043, 0.00182096078061, -0.00179778935853, 0.00143755367026], [-0.000201563510927, 0.00161677261349, -0.000818992615677, 0.00116134877317, -0.00191083503887, 0.00565832434222, -0.00289263995364, 0.000448685575975, -0.000169768303749, -3.29420181515e-05, -0.00233849836513, 0.0040163192898, -0.0002966831089], [0.000228783683269, -0.00160473573487, 0.000526002957486, -0.00095152691938, 0.000951301190071, -0.00289263995364, 0.00491235591471, -0.00140079122502, 0.00128636066802, -0.000555454636924, 0.000817835563794, -0.00207084557042, 0.00218605040573], [-0.000230020305025, 0.00126723793801, -0.000392147630919, 0.000902539526578, -0.00174415134825, 0.000448685575975, -0.00140079122502, 0.00881112832576, -0.00287190382369, 0.00156286079437, -0.00065515685128, 6.78612923366e-05, -0.000759467249736], [0.000231129102758, -0.00191300548613, 0.000953253707848, -0.00235616415739, -0.00025669921888, -0.000169768303749, 0.00128636066802, -0.00287190382369, 0.0103607065976, -0.00282424362376, 7.38326853025e-05, -0.000135761292768, 0.000745359051507], [-0.000294912257232, 0.00232380302623, -0.00146932085045, 0.00182811508421, -0.000942751707043, -3.29420181515e-05, -0.000555454636924, 0.00156286079437, -0.00282424362376, 0.0106713101268, -0.00269621331245, 0.000510048761498, 0.00047628453467], [0.00011301345512, -0.00318982359022, 0.00174489000347, -0.00136998412199, 0.00182096078061, -0.00233849836513, 0.000817835563794, -0.00065515685128, 7.38326853025e-05, -0.00269621331245, 0.0123435091227, -0.00448634242639, -0.00137143570464], [-0.000359960482456, 0.00318186287768, -0.00195677392185, 0.0023046513088, -0.00179778935853, 0.0040163192898, -0.00207084557042, 6.78612923366e-05, -0.000135761292768, 0.000510048761498, -0.00448634242639, 0.014717371203, -0.00110582704656], [0.000385546503821, -0.001041226089, 0.00169088866096, -0.00164518097881, 0.00143755367026, -0.0002966831089, 0.00218605040573, -0.000759467249736, 0.000745359051507, 0.00047628453467, -0.00137143570464, -0.00110582704656, 0.0145572954789]]
    },
    "melbands": {
        "dmean": [0.00156490853988, 0.00237353681587, 0.000761355040595, 0.000610936374869, 0.000388884043787, 0.000287111499347, 0.000178667425644, 0.000210557234823, 0.000198473484488, 0.000143321638461, 8.67660055519e-05, 5.86094720347e-05, 5.0386392104e-05, 3.59246841981e-05, 3.53536670445e-05, 1.9856443032e-05, 1.67030430021e-05, 1.44831747093e-05, 1.09479533421e-05, 6.85539771439e-06, 6.45826776235e-06, 6.13184784015e-06, 6.54657833365e-06, 6.071878488e-06, 3.18712022818e-06, 2.781839612e-06, 3.42095609085e-06, 3.45380408362e-06, 3.1312874853e-06, 2.7868647976e-06, 3.15872512147e-06, 3.69013719137e-06, 3.54893359145e-06, 3.08182575282e-06, 2.37276367443e-06, 1.49787672399e-06, 1.2434021528e-06, 1.56520252403e-06, 1.56701423748e-06, 1.17841511837e-06],
        "dmean2": [0.00259201135486, 0.00423689978197, 0.00123043276835, 0.000932221417315, 0.000576091289986, 0.000418282812461, 0.000264528382104, 0.000294856406981, 0.0002829694713, 0.000201772272703, 0.000122059303976, 8.32108780742e-05, 7.07532381057e-05, 5.19245804753e-05, 5.31234873051e-05, 3.02154421661e-05, 2.51654073509e-05, 2.27955206356e-05, 1.74184115167e-05, 1.09510510811e-05, 9.76767478278e-06, 9.34752551984e-06, 1.01826872196e-05, 9.48317756411e-06, 5.03837145516e-06, 4.35421543443e-06, 5.44060776519e-06, 5.56527265871e-06, 4.99834686707e-06, 4.36985692431e-06, 5.00423766425e-06, 5.90256013311e-06, 5.5653003983e-06, 5.02331340613e-06, 3.75678359887e-06, 2.29039437727e-06, 1.80035624453e-06, 2.36306141232e-06, 2.4329531243e-06, 1.81097732366e-06],
        "dvar": [2.14277933992e-05, 6.28114648862e-05, 2.41359725806e-06, 1.89456136468e-06, 3.54900635102e-07, 2.54043015957e-07, 9.17747087215e-08, 1.47877599943e-07, 1.45164960941e-07, 8.52170671806e-08, 3.60319951653e-08, 1.57830157832e-08, 1.5034100187e-08, 7.0673653596e-09, 5.65949376252e-09, 1.65888558445e-09, 1.39012878986e-09, 2.09569828158e-09, 2.64570143571e-09, 6.18627149507e-10, 2.69600480829e-10, 2.38904784844e-10, 1.96240801387e-10, 2.30200428164e-10, 6.58115714702e-11, 4.42087026709e-11, 4.99022351219e-11, 8.73892069819e-11, 5.85087533977e-11, 6.28374782763e-11, 1.03299473142e-10, 1.44726716722e-10, 1.5270337772e-10, 1.18186224696e-10, 7.6676880123e-11, 2.78224370626e-11, 1.72231812146e-11, 3.1749124163e-11, 3.72971896423e-11, 2.00918413851e-11],
        "dvar2": [5.14366256539e-05, 0.000177871057531, 6.19295815341e-06, 4.73580212201e-06, 7.92732407717e-07, 5.85054010571e-07, 2.28883521913e-07, 2.83209658392e-07, 2.90788847224e-07, 1.79609202178e-07, 7.84819889077e-08, 3.39862253895e-08, 3.07490921614e-08, 1.38254323545e-08, 1.25949020102e-08, 3.85154619309e-09, 3.24506754801e-09, 4.86529838639e-09, 6.21028206638e-09, 1.48525947097e-09, 6.29606311531e-10, 5.50288703494e-10, 4.32038071985e-10, 5.40974376406e-10, 1.52755405547e-10, 1.00175395756e-10, 1.22874072028e-10, 2.13004947014e-10, 1.46389692035e-10, 1.6010665016e-10, 2.38744995995e-10, 3.31339122805e-10, 3.46363993042e-10, 3.16665083044e-10, 1.99656916e-10, 5.94969837286e-11, 3.64123904639e-11, 7.17273046513e-11, 7.60952828527e-11, 4.72002575913e-11],
        "max": [0.039762057364, 0.0762872844934, 0.0150132607669, 0.0133959297091, 0.00632459158078, 0.00568681489676, 0.00396597525105, 0.00499384198338, 0.00492967432365, 0.00430364068598, 0.00241863704287, 0.00278471107595, 0.00194101466332, 0.00139957910869, 0.00138697435614, 0.000500359921716, 0.000447147729574, 0.00102293863893, 0.00109730870463, 0.000511384103447, 0.000371295056539, 0.000348812813172, 0.000196667475393, 0.000188337930012, 0.00012558484741, 0.000114112182928, 0.00010052104335, 0.000153473723913, 0.000110507149657, 0.000179430891876, 0.000169338483829, 0.000158596827532, 0.000206792887184, 0.000134466870804, 0.000153421176947, 0.000124042140669, 8.10959681985e-05, 0.000110573986603, 0.000105109407741, 8.04421142675e-05],
        "mean": [0.00304173608311, 0.00497183948755, 0.00149186281487, 0.0011052765185, 0.000834424921777, 0.000566883420106, 0.000350177579094, 0.000435044756159, 0.000421562261181, 0.000301836029394, 0.000155687739607, 0.00013794998813, 0.00011982745491, 6.51367736282e-05, 6.76180425216e-05, 3.34259457304e-05, 2.78541283478e-05, 1.954471918e-05, 1.16144874482e-05, 8.52553966979e-06, 1.06745810626e-05, 1.18240695883e-05, 1.1985659512e-05, 9.83889458439e-06, 5.01720296597e-06, 4.10226175518e-06, 5.16058389621e-06, 4.60521187051e-06, 3.99789951189e-06, 3.7374807107e-06, 3.87280442737e-06, 4.44297756985e-06, 4.22966104452e-06, 3.25509222421e-06, 2.5478364023e-06, 1.70449675352e-06, 1.5734057115e-06, 1.93432447304e-06, 2.00665772354e-06, 1.39210862926e-06],
        "median": [0.0023102783598, 0.00346547644585, 0.00101644243114, 0.000590443843976, 0.000454761175206, 0.000251048913924, 0.000159608389367, 0.000138008399517, 0.000120164942928, 0.000100197088614, 3.65132727893e-05, 2.28414046433e-05, 1.97069584829e-05, 1.21096181829e-05, 1.07791611299e-05, 8.15212661109e-06, 6.32674436929e-06, 3.14323006023e-06, 2.54716906056e-06, 2.10367261388e-06, 2.55299255514e-06, 2.87467491944e-06, 3.10781706503e-06, 2.36079017668e-06, 1.5360432144e-06, 1.60926651915e-06, 1.90765740626e-06, 1.18646130431e-06, 7.54905443046e-07, 6.54244104226e-07, 5.12912606609e-07, 5.17530168054e-07, 4.19958098519e-07, 4.26334651138e-07, 3.01444032402e-07, 2.32906160136e-07, 2.14092040096e-07, 2.3954200401e-07, 2.03490529316e-07, 1.28808494537e-07],
        "min": [1.02558839199e-09, 1.11875908537e-09, 8.35878977146e-10, 1.18659887471e-10, 1.56592350198e-10, 2.81449752393e-10, 2.6678431686e-10, 1.16190071453e-10, 1.70923709214e-11, 6.42596670319e-11, 2.1158864591e-11, 2.8772014285e-11, 2.09285418856e-11, 9.83254883763e-12, 2.83269132977e-12, 3.52197784825e-12, 3.06269744808e-12, 1.10540569753e-12, 5.50272674649e-12, 9.57112210667e-13, 2.27576377881e-12, 7.34152701739e-13, 6.3653693861e-13, 2.55576180878e-12, 3.91102027066e-13, 2.17753061676e-13, 2.50587419738e-13, 7.5101649075e-13, 7.42937002608e-14, 7.58003685861e-14, 7.09426820674e-14, 2.44436158055e-14, 4.48208500479e-14, 5.80569256949e-14, 6.73327563952e-14, 2.58685352869e-14, 2.64910553753e-14, 4.35632466786e-14, 3.72447197053e-14, 3.8870507968e-14],
        "var": [2.30302139244e-05, 5.27497250005e-05, 3.74389378521e-06, 2.61389686784e-06, 1.00569877759e-06, 5.90278375512e-07, 2.32518047483e-07, 5.23235314631e-07, 4.6366548645e-07, 2.35360104739e-07, 8.06548499099e-08, 9.18232885283e-08, 6.93470880719e-08, 2.14739674931e-08, 2.13084163647e-08, 3.50117046466e-09, 3.18125592536e-09, 4.70451766432e-09, 2.40114284011e-09, 6.92437385208e-10, 8.19631251758e-10, 1.06600983596e-09, 6.00925476046e-10, 4.48865056235e-10, 1.07082315237e-10, 5.91184462495e-11, 8.59598295322e-11, 1.31286051475e-10, 7.62874485805e-11, 9.89521936612e-11, 1.78810147244e-10, 2.06164071925e-10, 1.89154844565e-10, 1.09104433821e-10, 7.68894461989e-11, 3.7407903164e-11, 2.56102101331e-11, 4.76970962726e-11, 7.00335969772e-11, 2.88821657562e-11]
    },
    "mfcc": {
        "mean": [-675.778686523, 136.195617676, 25.0921020508, 21.0059719086, -1.45079433918, -0.331919759512, 3.00704431534, 5.91493177414, -1.26136219501, 0.208232313395, 1.98279690742, 1.49572753906, -2.41399765015],
        "cov": [[9149.71191406, -697.664489746, 52.6843070984, 66.263458252, -45.0350456238, 15.5571651459, -111.600151062, -113.653114319, -57.7989845276, -89.4803619385, 4.80312204361, 94.4130706787, 182.047897339], [-697.664489746, 2156.82519531, -151.929016113, -284.654418945, 26.2211837769, -12.29641819, 242.395553589, 157.997055054, -42.821308136, 69.9949874878, 57.5655708313, 147.598266602, 70.4563140869], [52.6843070984, -151.929016113, 882.09173584, 362.801330566, 187.633804321, 223.571929932, 64.2626647949, 53.5278282166, 99.826423645, 20.8344688416, 31.8223953247, 61.364944458, 47.2509346008], [66.263458252, -284.654418945, 362.801330566, 834.468444824, 337.089355469, 113.916175842, -77.6365509033, 101.349449158, 105.087646484, 55.296421051, -10.5985164642, 36.8295936584, 48.7448501587], [-45.0350456238, 26.2211837769, 187.633804321, 337.089355469, 506.66394043, 95.6345748901, -45.9028358459, 55.8481216431, 72.7670822144, 87.1487045288, 5.53628349304, 42.4425239563, 12.9824314117], [15.5571651459, -12.29641819, 223.571929932, 113.916175842, 95.6345748901, 351.336639404, 159.987945557, 87.9160614014, 68.8424606323, 86.5141143799, 63.5655288696, 16.0386352539, 19.1246547699], [-111.600151062, 242.395553589, 64.2626647949, -77.6365509033, -45.9028358459, 159.987945557, 307.263061523, 126.520004272, 45.7695465088, 42.7845954895, 59.9972610474, 18.6149654388, 23.5514125824], [-113.653114319, 157.997055054, 53.5278282166, 101.349449158, 55.8481216431, 87.9160614014, 126.520004272, 232.913192749, 57.7240943909, 57.5243797302, 14.3847932816, 50.1331481934, 33.7258148193], [-57.7989845276, -42.821308136, 99.826423645, 105.087646484, 72.7670822144, 68.8424606323, 45.7695465088, 57.7240943909, 154.675170898, 36.1324615479, 26.3245429993, 7.37902736664, 1.62363910675], [-89.4803619385, 69.9949874878, 20.8344688416, 55.296421051, 87.1487045288, 86.5141143799, 42.7845954895, 57.5243797302, 36.1324615479, 163.179397583, 31.7713336945, 19.2298526764, 6.47458600998], [4.80312204361, 57.5655708313, 31.8223953247, -10.5985164642, 5.53628349304, 63.5655288696, 59.9972610474, 14.3847932816, 26.3245429993, 31.7713336945, 100.027153015, 16.9180088043, 11.2558555603], [94.4130706787, 147.598266602, 61.364944458, 36.8295936584, 42.4425239563, 16.0386352539, 18.6149654388, 50.1331481934, 7.37902736664, 19.2298526764, 16.9180088043, 122.941017151, 45.9560165405], [182.047897339, 70.4563140869, 47.2509346008, 48.7448501587, 12.9824314117, 19.1246547699, 23.5514125824, 33.7258148193, 1.62363910675, 6.47458600998, 11.2558555603, 45.9560165405, 89.7552642822]],
