{
"lowlevel": {
    "average_loudness": 0.920939326286,
    "barkbands_crest": {
        "dmean": 3.26348829269,
        "dmean2": 5.20353889465,
        "dvar": 8.68591213226,
        "dvar2": 20.2360363007,
        "max": 24.6964187622,
        "mean": 9.84041595459,
        "median": 9.16842269897,
        "min": 2.67032575607,
        "var": 18.2316055298
    },
    "barkbands_flatness_db": {
        "dmean": 0.0322599560022,
        "dmean2": 0.0536249279976,
        "dvar": 0.00119668396655,
        "dvar2": 0.00294646224938,
        "max": 0.383713185787,
        "mean": 0.171710059047,
        "median": 0.164341017604,
        "min": 0.0777806043625,
        "var": 0.00261563737877
    },
    "barkbands_kurtosis": {
        "dmean": 5.16468191147,
        "dmean2": 8.71022224426,
        "dvar": 145.559127808,
        "dvar2": 361.849975586,
        "max": 125.827667236,
        "mean": 3.53438353539,
        "median": 0.00832748413086,
        "min": -1.88410449028,
        "var": 137.3331604
    },
    "barkbands_skewness": {
        "dmean": 0.991475939751,
        "dmean2": 1.53782463074,
        "dvar": 1.31704759598,
        "dvar2": 2.76984930038,
        "max": 10.2358541489,
        "mean": 0.968060791492,
        "median": 0.638922691345,
        "min": -3.2992143631,
        "var": 3.08788108826
    },
    "barkbands_spread": {
        "dmean": 7.82748174667,
        "dmean2": 12.7149543762,
        "dvar": 60.0035667419,
        "dvar2": 138.933029175,
        "max": 65.0137176514,
        "mean": 25.5485572815,
        "median": 25.7862663269,
        "min": 1.28673088551,
        "var": 151.818099976
    },
    "dissonance": {
        "dmean": 0.01129342895,
        "dmean2": 0.0193713568151,
        "dvar": 0.000162263997481,
        "dvar2": 0.000455723638879,
        "max": 0.499999821186,
        "mean": 0.483817517757,
        "median": 0.48909509182,
        "min": 0.401917487383,
        "var": 0.000249312724918
    },
    "dynamic_complexity": 3.5665640831,
    "erbbands_crest": {
        "dmean": 2.53150105476,
        "dmean2": 4.22884225845,
        "dvar": 5.09342622757,
        "dvar2": 13.6517972946,
        "max": 26.7865467072,
        "mean": 9.10138034821,
        "median": 8.00932598114,
        "min": 3.1542828083,
        "var": 16.4573764801
    },
    "erbbands_flatness_db": {
        "dmean": 0.0200482178479,
        "dmean2": 0.0296240355819,
        "dvar": 0.00033573404653,
        "dvar2": 0.000699908006936,
        "max": 0.346063286066,
        "mean": 0.212147608399,
        "median": 0.205417364836,
        "min": 0.117688387632,
        "var": 0.00183626171201
    },
    "erbbands_kurtosis": {
        "dmean": 1.79133737087,
        "dmean2": 2.90624380112,
        "dvar": 6.10901212692,
        "dvar2": 15.2864589691,
        "max": 60.3900794983,
        "mean": 2.11286854744,
        "median": 1.15979862213,
        "min": -1.82774722576,
        "var": 20.034412384
    },
    "erbbands_skewness": {
        "dmean": 0.490449845791,
        "dmean2": 0.765511035919,
        "dvar": 0.223932906985,
        "dvar2": 0.469408303499,
        "max": 2.09308886528,
        "mean": -0.728692054749,
        "median": -0.750024855137,
        "min": -5.4898557663,
        "var": 0.867359399796
    },
    "erbbands_spread": {
        "dmean": 10.397810936,
        "dmean2": 16.385848999,
        "dvar": 127.491027832,
        "dvar2": 284.569580078,
        "max": 100.060997009,
        "mean": 28.8475265503,
        "median": 24.4220619202,
        "min": 2.29097008705,
        "var": 283.495422363
    },
    "hfc": {
        "dmean": 6.97088289261,
        "dmean2": 10.531419754,
        "dvar": 103.00566864,
        "dvar2": 239.930221558,
        "max": 107.745437622,
        "mean": 17.7831230164,
        "median": 10.272482872,
        "min": 0.000832629797515,
        "var": 366.0128479
    },
    "melbands_crest": {
        "dmean": 4.67448139191,
        "dmean2": 7.75914287567,
        "dvar": 16.1326751709,
        "dvar2": 38.6711540222,
        "max": 32.0652084351,
        "mean": 15.4087696075,
        "median": 15.1301317215,
        "min": 3.6233522892,
        "var": 40.4400482178
    },
    "melbands_flatness_db": {
        "dmean": 0.0412907265127,
        "dmean2": 0.0663135424256,
        "dvar": 0.00190637097694,
        "dvar2": 0.00408736197278,
        "max": 0.463499814272,
        "mean": 0.191661566496,
        "median": 0.175505742431,
        "min": 0.0379978641868,
        "var": 0.0056916535832
    },
    "melbands_kurtosis": {
        "dmean": 13.7083120346,
        "dmean2": 22.7945213318,
        "dvar": 840.676879883,
        "dvar2": 1999.98449707,
        "max": 245.155349731,
        "mean": 13.3272037506,
        "median": 2.62977600098,
        "min": -1.91207754612,
        "var": 911.564208984
    },
    "melbands_skewness": {
        "dmean": 1.3447445631,
        "dmean2": 2.09107351303,
        "dvar": 2.48834562302,
        "dvar2": 5.15065813065,
        "max": 12.7434072495,
        "mean": 2.33204603195,
        "median": 1.78744161129,
        "min": -1.82261192799,
        "var": 6.00127840042
    },
    "melbands_spread": {
        "dmean": 13.2398462296,
        "dmean2": 21.2735137939,
        "dvar": 199.844482422,
        "dvar2": 449.225250244,
        "max": 132.443130493,
        "mean": 35.1516265869,
        "median": 32.2316207886,
        "min": 0.874311804771,
        "var": 508.976745605
    },
    "pitch_salience": {
        "dmean": 0.110004752874,
        "dmean2": 0.179902255535,
        "dvar": 0.0100542036816,
        "dvar2": 0.024830263108,
        "max": 0.900437057018,
        "mean": 0.557173609734,
        "median": 0.580434381962,
        "min": 0.0945914909244,
        "var": 0.0209590494633
    },
    "silence_rate_20dB": {
        "dmean": 0,
        "dmean2": 0,
        "dvar": 0,
        "dvar2": 0,
        "max": 1,
        "mean": 1,
        "median": 1,
        "min": 1,
        "var": 0
    },
    "silence_rate_30dB": {
        "dmean": 0.0061919502914,
        "dmean2": 0.0123934932053,
        "dvar": 0.0061535644345,
        "dvar2": 0.0168875828385,
        "max": 1,
        "mean": 0.996133029461,
        "median": 1,
        "min": 0,
        "var": 0.00385199836455
    },
    "silence_rate_60dB": {
        "dmean": 0.0448916405439,
        "dmean2": 0.0898528248072,
        "dvar": 0.0428760126233,
        "dvar2": 0.0926226750016,
        "max": 1,
        "mean": 0.0781129151583,
        "median": 0,
        "min": 0,
        "var": 0.0720125585794
    },
    "spectral_centroid": {
        "dmean": 354.754302979,
        "dmean2": 559.53515625,
        "dvar": 122331.765625,
        "dvar2": 279309.125,
        "max": 3865.08520508,
        "mean": 1753.97351074,
        "median": 1776.49682617,
        "min": 224.81312561,
        "var": 337119.09375
    },
    "spectral_complexity": {
        "dmean": 4.25387001038,
        "dmean2": 6.31758308411,
        "dvar": 21.3458080292,
        "dvar2": 37.4018249512,
        "max": 54,
        "mean": 18.5591640472,
        "median": 17,
        "min": 0,
        "var": 105.762336731
    },
    "spectral_decrease": {
        "dmean": 3.81991105414e-09,
        "dmean2": 6.19614937136e-09,
        "dvar": 3.7591014488e-17,
        "dvar2": 9.04954383677e-17,
        "max": -1.18067231339e-13,
        "mean": -5.40439293317e-09,
        "median": -2.81304624039e-09,
        "min": -5.9225047977e-08,
        "var": 4.32405786624e-17
    },
    "spectral_energy": {
        "dmean": 0.014915632084,
        "dmean2": 0.0240898653865,
        "dvar": 0.00055065297056,
        "dvar2": 0.00132536527235,
        "max": 0.226042285562,
        "mean": 0.0220104176551,
        "median": 0.0117016229779,
        "min": 5.26423946212e-07,
        "var": 0.000662139966153
    },
    "spectral_energyband_high": {
        "dmean": 0.000237299071159,
        "dmean2": 0.000354158401024,
        "dvar": 2.54828222523e-07,
        "dvar2": 6.0935650481e-07,
        "max": 0.00578843662515,
        "mean": 0.000414667156292,
        "median": 0.000142887263792,
        "min": 5.17653742094e-09,
        "var": 5.19319144132e-07
    },
    "spectral_energyband_low": {
        "dmean": 0.0102390302345,
        "dmean2": 0.0171210579574,
        "dvar": 0.000458578666439,
        "dvar2": 0.00111436832231,
        "max": 0.21535487473,
        "mean": 0.010349528864,
        "median": 0.00308133242652,
        "min": 4.83429190012e-08,
        "var": 0.0004343414912
    },
    "spectral_energyband_middle_high": {
        "dmean": 0.00244846940041,
        "dmean2": 0.00384833151475,
        "dvar": 1.60187028087e-05,
        "dvar2": 3.79746998078e-05,
        "max": 0.045682515949,
        "mean": 0.00651193829253,
        "median": 0.00299415178597,
        "min": 2.93663731554e-07,
        "var": 6.12384683336e-05
    },
    "spectral_energyband_middle_low": {
        "dmean": 0.00528053101152,
        "dmean2": 0.00880743935704,
        "dvar": 0.000129028092488,
        "dvar2": 0.000322378706187,
        "max": 0.129041343927,
        "mean": 0.00569173367694,
        "median": 0.00197601062246,
        "min": 9.76165139832e-08,
        "var": 0.000124105266877
    },
    "spectral_entropy": {
        "dmean": 0.147990912199,
        "dmean2": 0.240928187966,
        "dvar": 0.0221446026117,
        "dvar2": 0.0554281659424,
        "max": 8.32368850708,
        "mean": 7.61696386337,
        "median": 7.62961626053,
        "min": 6.66559362411,
        "var": 0.0741849541664
    },
    "spectral_flux": {
        "dmean": 0.0399859771132,
        "dmean2": 0.0631962716579,
        "dvar": 0.00251669366844,
        "dvar2": 0.00487267971039,
        "max": 0.402537345886,
        "mean": 0.0988966673613,
        "median": 0.0795262977481,
        "min": 0.00128891202621,
        "var": 0.00465449923649
    },
    "spectral_kurtosis": {
        "dmean": 2.63620901108,
        "dmean2": 4.56637907028,
        "dvar": 6.60947561264,
        "dvar2": 19.9939746857,
        "max": 22.2522106171,
        "mean": 4.65313243866,
        "median": 3.70979309082,
        "min": -0.171475410461,
        "var": 11.072470665
    },
    "spectral_rms": {
        "dmean": 0.00134982087184,
        "dmean2": 0.00207211985253,
        "dvar": 2.84140014628e-06,
        "dvar2": 6.32812407275e-06,
        "max": 0.014850220643,
        "mean": 0.00404190458357,
        "median": 0.00337878940627,
        "min": 2.2662399715e-05,
        "var": 5.13657732881e-06
    },
    "spectral_rolloff": {
        "dmean": 540.413879395,
        "dmean2": 901.592773438,
        "dvar": 489022.3125,
        "dvar2": 1054030.125,
        "max": 7342.82226562,
        "mean": 1788.77111816,
        "median": 1916.45507812,
        "min": 64.599609375,
        "var": 1083060.625
    },
    "spectral_skewness": {
        "dmean": 0.277846187353,
        "dmean2": 0.478615134954,
        "dvar": 0.0584916584194,
        "dvar2": 0.176737785339,
        "max": 2.72200798988,
        "mean": 1.24448144436,
        "median": 1.1982370615,
        "min": 0.324168264866,
        "var": 0.117637477815
    },
    "spectral_spread": {
        "dmean": 385449.875,
        "dmean2": 577041.8125,
        "dvar": 151582867456,
        "dvar2": 347849457664,
        "max": 5436970.5,
        "mean": 2988284.5,
        "median": 2909655,
        "min": 1217360.25,
        "var": 478667243520
    },
    "spectral_strongpeak": {
        "dmean": 0.688377678394,
        "dmean2": 1.17620074749,
        "dvar": 1.46070766449,
        "dvar2": 3.6346373558,
        "max": 11.1967744827,
        "mean": 0.960340619087,
        "median": 0.291518330574,
        "min": 0.00134897197131,
        "var": 2.40936231613
    },
    "zerocrossingrate": {
        "dmean": 0.0107682645321,
        "dmean2": 0.0131711121649,
        "dvar": 0.000100819226645,
        "dvar2": 0.000133466572152,
        "max": 0.19970703125,
        "mean": 0.0621725916862,
        "median": 0.0615234375,
        "min": 0.0078125,
        "var": 0.000683800666593
    },
    "barkbands": {
        "dmean": [0.000218545290409, 0.00617648521438, 0.004213034641, 0.00210832827725, 0.00186454155482, 0.000646669301204, 0.000394836475607, 0.000250169017818, 0.000778558838647, 0.000293106772006, 0.000284621259198, 0.000351750786649, 0.000384153536288, 0.000600063416641, 0.000670459819958, 0.000605109147727, 0.000392212823499, 0.00035715510603, 0.000163531381986, 0.00010352551908, 6.77954012644e-05, 6.98891235515e-05, 5.83802975598e-05, 2.53381767834e-05, 6.5127533162e-06, 5.13801889923e-09, 9.53236822809e-10],
        "dmean2": [0.000298198778182, 0.0102672660723, 0.0074339970015, 0.00364291621372, 0.00325599452481, 0.00111855030991, 0.000700772565324, 0.000427685212344, 0.00130176323, 0.000490248959977, 0.000485777010908, 0.0005677791778, 0.000626789173111, 0.000975923438091, 0.00108356936835, 0.000983902602457, 0.000628951005638, 0.000587054819334, 0.000265334732831, 0.000167279606103, 0.00010990685405, 0.000108753498353, 9.03778418433e-05, 4.05722530559e-05, 1.08810982056e-05, 8.73378791511e-09, 1.79998460581e-09],
        "dvar": [2.07711693179e-07, 0.000210748927202, 9.38149460126e-05, 2.61021123151e-05, 3.20023900713e-05, 2.33925402426e-06, 8.95047207905e-07, 3.63130794767e-07, 5.19609602634e-06, 6.3951483753e-07, 1.29190573261e-06, 1.10190580926e-06, 8.43071177314e-07, 2.3333043373e-06, 2.95982226817e-06, 2.20290394282e-06, 8.48975219014e-07, 5.52638084628e-07, 9.74437028844e-08, 4.50888144599e-08, 2.04344896559e-08, 2.45506317498e-08, 2.2689407686e-08, 6.12265305122e-09, 3.9954983766e-10, 2.12911286883e-16, 2.73675662834e-18],
        "dvar2": [3.66551006437e-07, 0.000515473366249, 0.000249706412433, 6.00161984039e-05, 8.93826872925e-05, 5.91525804339e-06, 2.40290410147e-06, 9.10291987566e-07, 1.3738144844e-05, 1.50597145421e-06, 3.86992087442e-06, 3.04946979668e-06, 2.04767002288e-06, 5.56214445169e-06, 7.4580607361e-06, 5.25734503753e-06, 2.08510027733e-06, 1.38281643558e-06, 2.24319222752e-07, 1.16489538016e-07, 5.34323270074e-08, 6.13383264181e-08, 5.20836422879e-08, 1.58877035972e-08, 1.11682707526e-09, 5.84347913278e-16, 8.82321961111e-18],
        "max": [0.00762891303748, 0.147972494364, 0.108418181539, 0.0645998865366, 0.0802195668221, 0.0131235802546, 0.00886791292578, 0.00791895762086, 0.0443513765931, 0.015506895259, 0.0240405555815, 0.0137258199975, 0.0112363705412, 0.0209629889578, 0.0223975200206, 0.0178840197623, 0.014151240699, 0.0136888865381, 0.00682680914178, 0.0025271277409, 0.00164338236209, 0.00177026772872, 0.00181312335189, 0.00119319639634, 0.000271984928986, 2.05488163374e-07, 1.58863979749e-08],
        "mean": [0.00027443037834, 0.00560010690242, 0.00355025241151, 0.00181865564082, 0.00155305641238, 0.000569685420487, 0.00032536953222, 0.000256116123637, 0.00109621300362, 0.00038271053927, 0.000359645695426, 0.000467923149699, 0.000622512074187, 0.000880242499989, 0.00110345811117, 0.0009098588489, 0.000708317442331, 0.000711031956598, 0.000308508373564, 0.000176535409992, 0.000106035266072, 0.000106295468868, 8.22518995847e-05, 3.37181627401e-05, 7.48404318074e-06, 5.64869306885e-09, 7.35747851532e-10],
        "median": [3.07448171952e-05, 0.000843747286126, 0.0010710147908, 0.000375064963009, 0.0004185885482, 0.000138918694574, 5.07378535985e-05, 5.71340642637e-05, 0.000106792256702, 8.11760692159e-05, 5.78580475121e-05, 0.000119388831081, 0.000213178820559, 0.000288561714115, 0.0003611263528, 0.000280707870843, 0.000187557714526, 0.000262577756075, 0.000140670119436, 7.05803831806e-05, 3.54254480044e-05, 3.15600409522e-05, 2.08328328881e-05, 7.45712486605e-06, 1.49203549427e-06, 1.54201718061e-09, 2.31867233746e-10],
        "min": [9.53778944712e-10, 8.83439810195e-09, 2.32268000389e-08, 2.35364030488e-08, 6.54251230969e-09, 8.75278427515e-09, 1.61709046154e-09, 1.64608426889e-09, 1.47838683517e-08, 1.59192048432e-09, 1.10630127281e-09, 3.35497207793e-09, 5.88784887512e-09, 1.00198143116e-08, 4.20082244545e-08, 3.55643408056e-08, 4.77637946972e-08, 8.90240769991e-09, 5.08560082935e-09, 3.3669869115e-09, 1.62161384321e-09, 1.52394474817e-09, 3.78968301185e-10, 2.04277816884e-10, 9.47104894511e-11, 9.14924819934e-12, 1.69335725997e-11],
        "var": [3.99036110821e-07, 0.000190346399904, 6.84929473209e-05, 2.5127279514e-05, 2.07877965295e-05, 1.9119247554e-06, 7.3203455031e-07, 4.49829428817e-07, 1.25065489556e-05, 1.31384319957e-06, 1.57042018145e-06, 1.55553357217e-06, 1.52125278419e-06, 3.91710273107e-06, 5.47814079255e-06, 3.53760538019e-06, 2.53094822256e-06, 1.63359709404e-06, 2.5828063599e-07, 8.17855152491e-08, 3.55673073216e-08, 4.17817354048e-08, 3.47029285308e-08, 7.63498686496e-09, 3.33996830193e-10, 1.76486104059e-16, 2.04055158718e-18]
    },
    "erbbands": {
        "dmean": [0.136823937297, 1.64509761333, 5.19388341904, 5.49700975418, 6.55342769623, 6.94598150253, 5.53883934021, 4.81906557083, 5.23102617264, 5.57685422897, 7.52337551117, 17.115404129, 11.6790809631, 10.3003740311, 12.4766349792, 12.3900623322, 15.7928657532, 25.9996395111, 29.4359149933, 36.2724456787, 27.5862064362, 21.4549179077, 19.2250576019, 11.2103862762, 6.81477308273, 4.7195982933, 3.38333392143, 2.35989046097, 2.83621001244, 1.59929835796, 1.91777205467, 0.667256176472, 0.362002342939, 0.133242532611, 0.0107978070155, 0.000474565546028, 2.94669534924e-05, 4.99480984217e-06, 7.86456439528e-06, 1.69658960658e-05],
        "dmean2": [0.208651870489, 2.84644627571, 9.2295217514, 9.49437332153, 11.3811483383, 12.2567882538, 9.53463077545, 8.41844272614, 9.30837631226, 9.92863368988, 12.6114835739, 28.6949214935, 19.7728252411, 16.2092323303, 20.9718742371, 20.0336418152, 26.4429035187, 42.2397994995, 47.6024703979, 60.5928840637, 43.4793052673, 34.2517051697, 31.2401332855, 17.463602066, 10.9556598663, 7.6188788414, 5.26070690155, 3.8304502964, 4.44119167328, 2.39858651161, 3.04390525818, 1.05459260941, 0.58774626255, 0.221330016851, 0.0183756705374, 0.000798376393504, 4.65906050522e-05, 7.59086833568e-06, 1.23185336633e-05, 2.71330300166e-05],
        "dvar": [0.111345462501, 15.9680986404, 157.001022339, 116.167160034, 342.953063965, 451.046112061, 192.464599609, 128.259185791, 164.328430176, 183.897674561, 331.125335693, 2166.65673828, 1438.54736328, 896.700561523, 1852.78710938, 1361.4987793, 1500.70812988, 5071.24707031, 6316.85058594, 7150.65576172, 4308.96044922, 2396.63378906, 1340.62646484, 406.260498047, 178.810699463, 94.5419616699, 47.1316604614, 28.1114253998, 40.8042564392, 14.60151577, 25.7920036316, 4.09570932388, 1.11718916893, 0.16465203464, 0.00118225091137, 2.19927596845e-06, 6.05540861898e-09, 1.34843039512e-10, 1.30633615036e-10, 6.65327126725e-10],
        "dvar2": [0.263070911169, 40.6510467529, 421.174041748, 276.921173096, 910.249328613, 1263.1048584, 504.094299316, 323.649780273, 446.789794922, 497.194610596, 837.538330078, 5509.38623047, 3955.3059082, 1936.93200684, 5502.78759766, 3787.53759766, 3811.12353516, 12582.2675781, 16539.6875, 18510.3710938, 9372.15527344, 5684.64111328, 3281.10302734, 972.794921875, 431.367889404, 239.464126587, 116.308097839, 76.8955764771, 104.557067871, 34.0421409607, 60.5954017639, 9.87516689301, 2.95665836334, 0.459958702326, 0.00329394591972, 6.11812856732e-06, 1.63021240951e-08, 3.44249490025e-10, 3.0928423711e-10, 1.59823054791e-09],
        "max": [5.22870922089, 31.6292953491, 136.722290039, 118.644813538, 203.822128296, 282.966888428, 156.003982544, 88.0277862549, 114.827766418, 118.152549744, 212.29737854, 818.43963623, 648.009521484, 558.11151123, 796.458557129, 555.476745605, 461.917510986, 1162.30664062, 1090.79174805, 1185.33044434, 970.679138184, 908.088439941, 611.724609375, 304.601776123, 318.286773682, 122.274703979, 103.042572021, 56.9586029053, 65.9925689697, 61.7106666565, 60.1999053955, 33.0878562927, 14.8152275085, 5.88564109802, 0.428433358669, 0.0192949604243, 0.00107460166328, 0.00015877498663, 0.000103168342321, 0.000245866249315],
        "mean": [0.137494131923, 1.3442145586, 4.24676799774, 4.99949836731, 5.55034780502, 5.46860408783, 4.6632475853, 4.39987039566, 4.23530101776, 4.92516899109, 8.33112812042, 22.8699207306, 16.4302921295, 15.8297367096, 18.2021656036, 17.0241794586, 26.7242717743, 39.9767684937, 49.4368133545, 65.850479126, 46.5697822571, 41.5167007446, 38.7374076843, 22.5817222595, 13.6053600311, 8.1232919693, 5.50336456299, 3.65994524956, 4.18981266022, 2.51173186302, 2.58641338348, 0.923919141293, 0.458238452673, 0.160978779197, 0.0124176526442, 0.000571220647544, 4.45048863185e-05, 9.31458180276e-06, 1.35467516884e-05, 2.66878523689e-05],
        "median": [0.0173572637141, 0.212440848351, 1.23500108719, 1.48776745796, 1.35325825214, 1.33344483376, 1.15587007999, 1.21051454544, 0.748568415642, 1.13086640835, 1.66393399239, 2.41530227661, 2.8665561676, 2.93061256409, 3.67686104774, 4.99842882156, 9.59438037872, 13.64478302, 17.59466362, 21.2973251343, 15.2336549759, 11.5290231705, 14.7638635635, 10.58938694, 5.44370603561, 3.29287862778, 1.97880065441, 1.29791390896, 1.25821268559, 0.689755499363, 0.624975085258, 0.209544822574, 0.0996859669685, 0.0320457108319, 0.00220510433428, 0.000119258234918, 1.84319578693e-05, 4.32360320701e-06, 7.9263572843e-06, 1.47834971358e-05],
        "min": [1.9097655013e-07, 2.47182742896e-06, 1.98804573301e-05, 6.64366962155e-05, 4.15696958953e-05, 2.10853213503e-05, 1.60483614309e-05, 9.22285908018e-05, 5.40613982594e-05, 2.04231273528e-05, 6.89999869792e-05, 0.000356875272701, 5.9787878854e-05, 3.42286220985e-05, 0.000106047322333, 0.000103082609712, 0.000176313784323, 0.000560190586839, 0.0029961282853, 0.00332687259652, 0.00252732471563, 0.00267381151207, 0.000970599008724, 0.00029326332151, 0.00021287339041, 0.00016881301417, 7.7297219832e-05, 6.16495090071e-05, 4.60108713014e-05, 1.42827811942e-05, 1.20698587125e-05, 4.75896968055e-06, 3.37395727001e-06, 2.05828814615e-06, 1.47863474353e-07, 3.7176029366e-08, 2.08994332951e-08, 8.69717720065e-09, 2.70922195789e-09, 9.72095848262e-10],
        "var": [0.114864185452, 12.5378847122, 110.060241699, 108.323509216, 253.890655518, 288.836334229, 145.757736206, 105.19317627, 122.750518799, 144.633148193, 436.017608643, 4547.45751953, 2902.82592773, 2087.49951172, 2507.47583008, 1639.54101562, 2640.86914062, 7281.32177734, 10168.2734375, 17834.7753906, 9027.578125, 8213.26171875, 4256.31494141, 1148.35388184, 539.466308594, 171.706008911, 100.445671082, 39.1493606567, 63.1908416748, 30.0625915527, 35.7836799622, 5.8145570755, 1.29647135735, 0.145261436701, 0.00101624790113, 1.9431849978e-06, 6.73117028782e-09, 2.04856978603e-10, 2.02474106925e-10, 8.70943706044e-10]
    },
    "gfcc": {
        "mean": [-56.1987457275, 124.182472229, -172.59916687, 68.3860473633, -43.7586708069, 22.6068744659, -32.9415473938, -7.41703367233, -2.58711957932, -22.7478675842, 0.559228956699, -21.6558685303, 1.35212624073],
        "cov": [[4312.66748047, -705.772277832, 37.8907928467, 10.3825826645, -737.158630371, -18.1873016357, -183.928924561, 210.564849854, -143.677963257, -1.48495602608, -124.196464539, -59.2364196777, 34.7960700989], [-705.772277832, 786.66595459, 311.842132568, 4.46886730194, 349.103515625, -57.2581253052, 148.65763855, -105.151557922, 100.500144958, -21.0656223297, 100.563667297, -6.94246053696, -38.8723564148], [37.8907928467, 311.842132568, 651.965637207, 325.76171875, 138.595993042, 53.3462600708, 12.802532196, -25.5697498322, 48.7917938232, 24.3875312805, 43.5809860229, 8.14256668091, -16.861448288], [10.3825826645, 4.46886730194, 325.76171875, 377.0496521, 138.175216675, 30.3177223206, -30.3573894501, 8.32396888733, 40.045425415, 18.8791351318, 13.9321212769, 11.4453668594, 4.72515249252], [-737.158630371, 349.103515625, 138.595993042, 138.175216675, 533.399841309, 49.9734344482, 153.640869141, 21.9907569885, 130.186477661, 18.8032264709, 78.5032806396, 15.9589824677, 18.6135387421], [-18.1873016357, -57.2581253052, 53.3462600708, 30.3177223206, 49.9734344482, 190.538223267, 106.44657135, 22.1677570343, -7.25828170776, 32.0052642822, 14.0422010422, 18.5712337494, 18.0452423096], [-183.928924561, 148.65763855, 12.802532196, -30.3573894501, 153.640869141, 106.44657135, 235.072463989, 58.5843696594, 48.3340911865, 21.3227748871, 48.3111076355, 8.66575145721, 17.110490799], [210.564849854, -105.151557922, -25.5697498322, 8.32396888733, 21.9907569885, 22.1677570343, 58.5843696594, 169.994415283, 57.6835098267, 31.3176059723, -4.50649261475, -7.80377674103, 29.5608825684], [-143.677963257, 100.500144958, 48.7917938232, 40.045425415, 130.186477661, -7.25828170776, 48.3340911865, 57.6835098267, 132.663619995, 38.2185821533, 20.5736312866, 0.858352780342, 5.1741232872], [-1.48495602608, -21.0656223297, 24.3875312805, 18.8791351318, 18.8032264709, 32.0052642822, 21.3227748871, 31.3176059723, 38.2185821533, 74.8694381714, 36.6784324646, 10.1934394836, 6.72960710526], [-124.196464539, 100.563667297, 43.5809860229, 13.9321212769, 78.5032806396, 14.0422010422, 48.3111076355, -4.50649261475, 20.5736312866, 36.6784324646, 109.379676819, 43.775390625, -7.62822532654], [-59.2364196777, -6.94246053696, 8.14256668091, 11.4453668594, 15.9589824677, 18.5712337494, 8.66575145721, -7.80377674103, 0.858352780342, 10.1934394836, 43.775390625, 62.0493354797, 17.5278892517], [34.7960700989, -38.8723564148, -16.861448288, 4.72515249252, 18.6135387421, 18.0452423096, 17.110490799, 29.5608825684, 5.1741232872, 6.72960710526, -7.62822532654, 17.5278892517, 58.4792366028]],
        "icov": [[0.000374213210307, 0.00021536872373, -0.000266036018729, 2.43895028689e-05, 0.000495078333188, 5.25853101863e-05, -9.97844654194e-06, -0.000426563579822, 1.73511143657e-05, 0.000332015944878, -0.000408110732678, 0.000554856611416, -0.000372726120986], [0.00021536872373, 0.00787528324872, -0.00547204352915, 0.00503962812945, -0.00304228370078, 0.00511501776055, -0.00452718045563, 0.0054399757646, -0.00304593145847, 0.00328471744433, -0.00381209817715, 0.0038230586797, -0.00066518568201], [-0.000266036018729, -0.00547204352915, 0.00683641852811, -0.00611905334517, 0.0023166842293, -0.00408695731312, 0.00271183880977, -0.00266784266569, 0.00115081097465, -0.00189684273209, 0.00152542127762, -0.00175848114304, 0.000907874200493], [2.43895028689e-05, 0.00503962812945, -0.00611905334517, 0.00904784072191, -0.00369115546346, 0.0024921882432, -0.000533869722858, 0.00239972909912, -0.00157488614786, 0.00147180247586, -0.00132290762849, 0.00111233559437, -0.000346949032973], [0.000495078333188, -0.00304228370078, 0.0023166842293, -0.00369115546346, 0.00606103800237, -0.00264933309518, 0.000262313056737, -0.00154339859728, -0.00253263022751, 0.00191401084885, -0.00222701462917, 0.00150980590843, -0.00249807396904], [5.25853101863e-05, 0.00511501776055, -0.00408695731312, 0.0024921882432, -0.00264933309518, 0.0134274186566, -0.00860055163503, 0.0036809691228, 0.00263912649825, -0.00449808267877, 0.00286240293644, -0.00250374129973, 0.000752574240323], [-9.97844654194e-06, -0.00452718045563, 0.00271183880977, -0.000533869722858, 0.000262313056737, -0.00860055163503, 0.0125793060288, -0.00559172173962, -0.000333421980031, 0.00192736834288, -0.00303121819161, 0.00152527191676, -0.00150677538477], [-0.000426563579822, 0.0054399757646, -0.00266784266569, 0.00239972909912, -0.00154339859728, 0.0036809691228, -0.00559172173962, 0.0138496644795, -0.00623276922852, 0.000404822290875, -0.00220335950144, 0.00471534067765, -0.00429853936657], [1.73511143657e-05, -0.00304593145847, 0.00115081097465, -0.00157488614786, -0.00253263022751, 0.00263912649825, -0.000333421980031, -0.00623276922852, 0.0171994846314, -0.0101982466877, 0.00647644279525, -0.00524678174406, 0.00373320630752], [0.000332015944878, 0.00328471744433, -0.00189684273209, 0.00147180247586, 0.00191401084885, -0.00449808267877, 0.00192736834288, 0.000404822290875, -0.0101982466877, 0.027000753209, -0.014841010794, 0.0090319160372, -0.00551763828844], [-0.000408110732678, -0.00381209817715, 0.00152542127762, -0.00132290762849, -0.00222701462917, 0.00286240293644, -0.00303121819161, -0.00220335950144, 0.00647644279525, -0.014841010794, 0.0270464401692, -0.0207388028502, 0.0109607102349], [0.000554856611416, 0.0038230586797, -0.00175848114304, 0.00111233559437, 0.00150980590843, -0.00250374129973, 0.00152527191676, 0.00471534067765, -0.00524678174406, 0.0090319160372, -0.0207388028502, 0.0352306887507, -0.0147636272013], [-0.000372726120986, -0.00066518568201, 0.000907874200493, -0.000346949032973, -0.00249807396904, 0.000752574240323, -0.00150677538477, -0.00429853936657, 0.00373320630752, -0.00551763828844, 0.0109607102349, -0.0147636272013, 0.0265056286007]]
    },
    "melbands": {
        "dmean": [0.00141772127245, 0.00256044999696, 0.00101198186167, 0.000471161707537, 0.000212651721085, 0.000112668720249, 8.00374036771e-05, 5.69832300243e-05, 7.27950973669e-05, 0.00011275196448, 5.94159464526e-05, 4.1848186811e-05, 4.28329367423e-05, 3.65735540981e-05, 4.03400081268e-05, 3.78764489142e-05, 5.26815565536e-05, 5.09683995915e-05, 5.29132084921e-05, 4.44420256827e-05, 3.4852520912e-05, 2.49384138442e-05, 2.08244200621e-05, 1.7618855054e-05, 9.0906441983e-06, 6.08644586464e-06, 4.36390564573e-06, 3.06260676552e-06, 2.32008915191e-06, 1.573427312e-06, 1.42560486438e-06, 1.84413602256e-06, 1.08498250029e-06, 8.32001546769e-07, 1.45015940234e-06, 5.38206847978e-07, 3.88360916759e-07, 2.79153226757e-07, 1.89203191781e-07, 8.82648478751e-08],
        "dmean2": [0.00225974596106, 0.00449204258621, 0.00173640367575, 0.000815393636003, 0.000365621992387, 0.000197531990125, 0.000142417513416, 0.000100673853012, 0.000121352008136, 0.000189682323253, 0.000100580982689, 6.66152118356e-05, 7.32564949431e-05, 5.84570661886e-05, 6.80130251567e-05, 6.14621530985e-05, 8.62897650222e-05, 8.22489819257e-05, 8.67257913342e-05, 7.37835725886e-05, 5.53460449737e-05, 3.96354371333e-05, 3.4449105442e-05, 2.84383349936e-05, 1.43908109749e-05, 9.93696539808e-06, 7.14747875463e-06, 4.91859282192e-06, 3.60889816875e-06, 2.56259272646e-06, 2.34464027926e-06, 2.9091002034e-06, 1.71122530901e-06, 1.2650973531e-06, 2.32579191106e-06, 8.48478578064e-07, 6.27949077625e-07, 4.55378227571e-07, 3.15825388952e-07, 1.50072125393e-07],
        "dvar": [1.08410340545e-05, 3.77458090952e-05, 4.23666142524e-06, 2.00263866645e-06, 2.81086641962e-07, 7.07084240048e-08, 3.76824793591e-08, 1.84242416879e-08, 3.32395053704e-08, 1.08853278391e-07, 3.81339582134e-08, 1.53131178848e-08, 2.76322786874e-08, 1.16950582552e-08, 2.07184029932e-08, 7.222383136e-09, 2.16042757017e-08, 1.95656966184e-08, 1.96874037073e-08, 1.20105010382e-08, 7.84852804969e-09, 3.38366090702e-09, 2.23017893042e-09, 1.22142274073e-09, 2.80204803804e-10, 1.89823629038e-10, 7.40756830875e-11, 4.43895337154e-11, 2.26055667241e-11, 1.28584391398e-11, 1.02776164315e-11, 1.7276570799e-11, 6.78941885351e-12, 4.40863491546e-12, 1.60179491199e-11, 2.24279449179e-12, 1.56594550695e-12, 7.31715577885e-13, 2.84188335841e-13, 8.05240748213e-14],
        "dvar2": [2.53601574514e-05, 9.98294126475e-05, 1.010606411e-05, 5.52400115339e-06, 7.37736456813e-07, 1.77895202569e-07, 1.02249444467e-07, 5.01785670792e-08, 8.68480327654e-08, 2.77930070069e-07, 1.05039532627e-07, 3.24630526904e-08, 8.42895175879e-08, 3.09066408022e-08, 5.68996973982e-08, 1.71588467879e-08, 5.40244187164e-08, 5.07912858438e-08, 5.06574160397e-08, 3.04552862929e-08, 1.75071424025e-08, 8.02054778148e-09, 5.44547784642e-09, 3.27827676116e-09, 6.61869059559e-10, 4.31648355947e-10, 2.0041987514e-10, 1.12192748147e-10, 5.56678037e-11, 3.5329916076e-11, 2.82377767002e-11, 4.43794029303e-11, 1.74844409784e-11, 1.02308049185e-11, 3.91244051046e-11, 5.16910602863e-12, 4.01669062594e-12, 1.91863387157e-12, 7.8876065835e-13, 2.2619433453e-13],
        "max": [0.0441336929798, 0.06304333359, 0.0225742291659, 0.0188556350768, 0.00606420170516, 0.00210264511406, 0.00183661608025, 0.00148895091843, 0.00216397619806, 0.00666642189026, 0.00342685822397, 0.00236679892987, 0.00351522769779, 0.00162637839094, 0.00223867874593, 0.0011663652258, 0.00247020367533, 0.00212932820432, 0.00180421990808, 0.00151627487503, 0.00137889594771, 0.00100386864506, 0.000955663912464, 0.000476098241052, 0.00024918987765, 0.000384905113606, 0.00010902730719, 9.6342744655e-05, 7.32692351448e-05, 4.52455788036e-05, 3.98797055823e-05, 4.286492549e-05, 3.33970310749e-05, 3.23625245073e-05, 5.00741734868e-05, 2.37246022152e-05, 1.89038928511e-05, 1.34842703119e-05, 6.92732601237e-06, 4.21979029852e-06],
        "mean": [0.00139808852691, 0.00211021769792, 0.000919068406802, 0.000401172263082, 0.000175673165359, 0.000101259865914, 6.56016054563e-05, 5.13964914717e-05, 7.9087454651e-05, 0.0001556223433, 8.12300349935e-05, 6.28086418146e-05, 5.8586589148e-05, 5.09646743012e-05, 5.3619784012e-05, 6.19515922153e-05, 7.6091644587e-05, 7.84820804256e-05, 8.7384993094e-05, 7.16517097317e-05, 5.29365934199e-05, 4.41478259745e-05, 3.68838773284e-05, 3.26032786688e-05, 1.665533091e-05, 1.17304562082e-05, 7.32406260795e-06, 4.88658179165e-06, 3.69312829207e-06, 2.32685897572e-06, 2.08074220609e-06, 2.6608661301e-06, 1.56911755766e-06, 1.28532417421e-06, 1.8416610601e-06, 7.15751241387e-07, 4.97313010328e-07, 3.36295357783e-07, 2.36822529587e-07, 9.97046001316e-08],
        "median": [0.000206482451176, 0.000573628698476, 0.000267442082986, 0.000104175654997, 4.35826732428e-05, 2.66418574029e-05, 1.12300740511e-05, 1.28970568767e-05, 1.22791661852e-05, 1.52821703523e-05, 1.24547023006e-05, 1.10724677143e-05, 1.0180735444e-05, 1.37336583066e-05, 1.44995001392e-05, 2.1958949219e-05, 2.5343046218e-05, 2.72416600637e-05, 2.7654805308e-05, 2.23694532906e-05, 1.5816433006e-05, 1.0733826457e-05, 1.25473225125e-05, 1.23040417748e-05, 7.58817259339e-06, 4.40011126557e-06, 2.82283804154e-06, 1.87894886494e-06, 1.27647206227e-06, 7.8285768268e-07, 7.00879638771e-07, 7.88611487224e-07, 4.4627591933e-07, 3.41503778145e-07, 4.27325602459e-07, 1.49766734125e-07, 1.04596885819e-07, 6.95195865319e-08, 4.82625956977e-08, 1.81038970481e-08],
        "min": [2.09661443762e-09, 8.1379143424e-09, 1.065837818e-08, 2.13477235889e-09, 5.33098676314e-10, 1.97635552368e-09, 7.48847983623e-10, 2.62533189632e-10, 4.21491480607e-10, 2.02815964023e-09, 2.25747295857e-10, 5.09622170852e-11, 2.49278209186e-10, 3.90485560553e-10, 1.32004379649e-10, 7.52916007318e-10, 8.49245895829e-10, 3.02381408801e-09, 3.93275811916e-09, 2.4206621152e-09, 2.82499712512e-09, 2.61025223658e-09, 1.89956672614e-09, 4.6337270132e-10, 1.96199445579e-10, 1.55953444603e-10, 1.68298638914e-10, 9.68294472381e-11, 3.43689972315e-11, 5.12888689852e-11, 3.09454198377e-11, 2.72468141799e-11, 1.65306188876e-11, 5.4337606463e-12, 8.30732965057e-12, 3.53313819174e-12, 2.34775827251e-12, 1.95129242625e-12, 3.38802206776e-12, 1.0469407459e-12],
        "var": [1.10698920253e-05, 2.74462036032e-05, 3.94651488023e-06, 1.35301183946e-06, 2.10651180055e-07, 5.77870444829e-08, 2.89771318052e-08, 1.44466349994e-08, 4.27756319255e-08, 2.56516756281e-07, 7.81652786941e-08, 3.68968748887e-08, 3.3746022865e-08, 1.77532371026e-08, 2.42523228167e-08, 1.32178632484e-08, 2.98615354666e-08, 3.05911207477e-08, 3.53292080035e-08, 2.19799627388e-08, 1.47492604796e-08, 1.09008988503e-08, 5.74262459807e-09, 3.05465852612e-09, 6.71572630839e-10, 5.62201951659e-10, 1.39764436136e-10, 7.30998456211e-11, 4.84156117975e-11, 1.71692157019e-11, 1.35606968363e-11, 2.51061654105e-11, 1.14122851794e-11, 8.53322013744e-12, 1.94649088514e-11, 3.54249550701e-12, 1.89740909616e-12, 8.00492593218e-13, 2.92345032731e-13, 6.42794601184e-14]
    },
    "mfcc": {
        "mean": [-666.246826172, 116.430633545, -37.0705680847, 34.0988960266, 19.4532375336, 20.0638484955, -2.22664117813, 11.2066259384, -2.06524014473, 5.76458072662, 0.328878879547, -4.30430030823, -6.19236803055],
        "cov": [[4347.70361328, -868.077697754, 276.733947754, -214.894851685, -432.711639404, -372.433349609, -168.062103271, -85.6669387817, 3.84334897995, -36.8611335754, -97.7995071411, -73.3564987183, -110.70375061], [-868.077697754, 923.83996582, -15.4467020035, 126.331726074, 144.097579956, 126.707603455, 86.8277282715, 56.5654525757, -22.9742565155, 25.8129405975, 72.0082626343, 57.5992965698, 68.6531295776], [276.733947754, -15.4467020035, 594.964782715, 178.974533081, 40.1412239075, 65.8871536255, -12.7374925613, -14.113940239, -25.2440643311, -13.3677616119, -6.22124147415, 22.0036182404, 15.2636642456], [-214.894851685, 126.331726074, 178.974533081, 348.712860107, 227.986404419, 61.2770843506, 5.02112817764, 33.1143684387, 28.0340709686, 34.1101417542, 17.7148017883, 35.2397041321, 39.3387069702], [-432.711639404, 144.097579956, 40.1412239075, 227.986404419, 305.001922607, 90.4212112427, 25.7228374481, 42.69688797, 46.1260719299, 40.4558410645, 31.0663032532, 33.1222305298, 39.7865905762], [-372.433349609, 126.707603455, 65.8871536255, 61.2770843506, 90.4212112427, 224.945510864, 99.1819000244, 40.2227973938, 11.3148736954, 14.1447629929, 28.7062835693, 13.7052536011, 29.3802967072], [-168.062103271, 86.8277282715, -12.7374925613, 5.02112817764, 25.7228374481, 99.1819000244, 186.208770752, 73.1025695801, 30.386510849, 27.3722724915, 35.7325286865, 27.1023750305, 20.9645366669], [-85.6669387817, 56.5654525757, -14.113940239, 33.1143684387, 42.69688797, 40.2227973938, 73.1025695801, 103.428779602, 51.1757316589, 30.0467777252, 31.7391090393, 23.3613452911, 12.5026683807], [3.84334897995, -22.9742565155, -25.2440643311, 28.0340709686, 46.1260719299, 11.3148736954, 30.386510849, 51.1757316589, 136.803726196, 64.1860275269, 24.7031021118, -11.8417005539, -6.84712266922], [-36.8611335754, 25.8129405975, -13.3677616119, 34.1101417542, 40.4558410645, 14.1447629929, 27.3722724915, 30.0467777252, 64.1860275269, 103.104537964, 50.9162445068, 5.69710493088, 1.84865021706], [-97.7995071411, 72.0082626343, -6.22124147415, 17.7148017883, 31.0663032532, 28.7062835693, 35.7325286865, 31.7391090393, 24.7031021118, 50.9162445068, 83.7157211304, 38.6157722473, 13.6041688919], [-73.3564987183, 57.5992965698, 22.0036182404, 35.2397041321, 33.1222305298, 13.7052536011, 27.1023750305, 23.3613452911, -11.8417005539, 5.69710493088, 38.6157722473, 81.0868530273, 38.4715957642], [-110.70375061, 68.6531295776, 15.2636642456, 39.3387069702, 39.7865905762, 29.3802967072, 20.9645366669, 12.5026683807, -6.84712266922, 1.84865021706, 13.6041688919, 38.4715957642, 69.0273742676]],
