{
"lowlevel": {
    "average_loudness": 0.981981515884,
    "barkbands_crest": {
        "dmean": 2.01186108589,
        "dmean2": 3.2276506424,
        "dvar": 4.38546705246,
        "dvar2": 12.1047592163,
        "max": 23.1395282745,
        "mean": 10.3382081985,
        "median": 9.54633998871,
        "min": 3.34911441803,
        "var": 12.7118177414
    },
    "barkbands_flatness_db": {
        "dmean": 0.0220315717161,
        "dmean2": 0.0300849247724,
        "dvar": 0.000608238857239,
        "dvar2": 0.00113046728075,
        "max": 0.338446527719,
        "mean": 0.149694666266,
        "median": 0.146081134677,
        "min": 0.0340878479183,
        "var": 0.00251794815995
    },
    "barkbands_kurtosis": {
        "dmean": 2.84784936905,
        "dmean2": 4.41014051437,
        "dvar": 28.5543556213,
        "dvar2": 73.097076416,
        "max": 112.702346802,
        "mean": 6.5525894165,
        "median": 4.83001804352,
        "min": -1.92675864697,
        "var": 48.2061424255
    },
    "barkbands_skewness": {
        "dmean": 0.437144041061,
        "dmean2": 0.658364653587,
        "dvar": 0.32041400671,
        "dvar2": 0.735675096512,
        "max": 9.63344860077,
        "mean": 2.14338469505,
        "median": 2.10301446915,
        "min": -1.77817821503,
        "var": 0.936565995216
    },
    "barkbands_spread": {
        "dmean": 5.98994779587,
        "dmean2": 8.89395523071,
        "dvar": 94.4257049561,
        "dvar2": 196.928970337,
        "max": 105.642807007,
        "mean": 19.395401001,
        "median": 15.466632843,
        "min": 2.35111618042,
        "var": 227.215560913
    },
    "dissonance": {
        "dmean": 0.0173225514591,
        "dmean2": 0.0287134647369,
        "dvar": 0.00024907165789,
        "dvar2": 0.000634633412119,
        "max": 0.498234242201,
        "mean": 0.456365853548,
        "median": 0.461118191481,
        "min": 0.326680570841,
        "var": 0.000699289434124
    },
    "dynamic_complexity": 2.52398109436,
    "erbbands_crest": {
        "dmean": 2.11718583107,
        "dmean2": 3.30416965485,
        "dvar": 4.23984289169,
        "dvar2": 9.46405506134,
        "max": 30.6554775238,
        "mean": 9.06434440613,
        "median": 7.71909475327,
        "min": 2.35587978363,
        "var": 19.6486949921
    },
    "erbbands_flatness_db": {
        "dmean": 0.0170353837311,
        "dmean2": 0.0222767349333,
        "dvar": 0.000369358604075,
        "dvar2": 0.000617673038505,
        "max": 0.271583408117,
        "mean": 0.136376321316,
        "median": 0.133357673883,
        "min": 0.0513530410826,
        "var": 0.00172568939161
    },
    "erbbands_kurtosis": {
        "dmean": 0.662654578686,
        "dmean2": 1.01229453087,
        "dvar": 0.884455442429,
        "dvar2": 1.70731174946,
        "max": 13.2961025238,
        "mean": 0.0109515720978,
        "median": -0.481522083282,
        "min": -1.82507693768,
        "var": 2.96714305878
    },
    "erbbands_skewness": {
        "dmean": 0.30647662282,
        "dmean2": 0.465853214264,
        "dvar": 0.105137333274,
        "dvar2": 0.199067160487,
        "max": 3.3153450489,
        "mean": 0.413680374622,
        "median": 0.450104862452,
        "min": -3.0230858326,
        "var": 0.507987320423
    },
    "erbbands_spread": {
        "dmean": 8.78122234344,
        "dmean2": 13.2272796631,
        "dvar": 126.455169678,
        "dvar2": 302.418121338,
        "max": 151.222915649,
        "mean": 47.0776023865,
        "median": 44.4700088501,
        "min": 5.41961956024,
        "var": 378.431854248
    },
    "hfc": {
        "dmean": 9.11945724487,
        "dmean2": 13.2410850525,
        "dvar": 330.583343506,
        "dvar2": 652.449523926,
        "max": 275.044616699,
        "mean": 24.8208770752,
        "median": 16.9514369965,
        "min": 1.212184748e-16,
        "var": 801.847106934
    },
    "melbands_crest": {
        "dmean": 2.23852205276,
        "dmean2": 3.68037247658,
        "dvar": 5.15294790268,
        "dvar2": 13.2836723328,
        "max": 27.6352787018,
        "mean": 13.6500511169,
        "median": 13.4521474838,
        "min": 2.04443645477,
        "var": 12.0616531372
    },
    "melbands_flatness_db": {
        "dmean": 0.0262915957719,
        "dmean2": 0.0364323854446,
        "dvar": 0.000972946523689,
        "dvar2": 0.00173163320869,
        "max": 0.452445834875,
        "mean": 0.241045668721,
        "median": 0.237098678946,
        "min": 0.00521830702201,
        "var": 0.00382803147659
    },
    "melbands_kurtosis": {
        "dmean": 7.69543647766,
        "dmean2": 12.2292633057,
        "dvar": 213.546920776,
        "dvar2": 555.152709961,
        "max": 238.266159058,
        "mean": 20.0211048126,
        "median": 15.336774826,
        "min": -1.64442586899,
        "var": 347.88369751
    },
    "melbands_skewness": {
        "dmean": 0.646287739277,
        "dmean2": 0.998026430607,
        "dvar": 0.664933562279,
        "dvar2": 1.58045732975,
        "max": 11.9211959839,
        "mean": 3.39995336533,
        "median": 3.21797227859,
        "min": 0.0654219016433,
        "var": 2.02139854431
    },
    "melbands_spread": {
        "dmean": 4.39232683182,
        "dmean2": 6.56576871872,
        "dvar": 64.1373062134,
        "dvar2": 109.177368164,
        "max": 134.448760986,
        "mean": 15.1272602081,
        "median": 12.7035541534,
        "min": 1.20992636681,
        "var": 157.94909668
    },
    "pitch_salience": {
        "dmean": 0.058768581599,
        "dmean2": 0.0953739359975,
        "dvar": 0.00313261151314,
        "dvar2": 0.00801238883287,
        "max": 0.788078784943,
        "mean": 0.539122402668,
        "median": 0.54080748558,
        "min": 0.266713857651,
        "var": 0.00843170657754
    },
    "silence_rate_20dB": {
        "dmean": 0,
        "dmean2": 0,
        "dvar": 0,
        "dvar2": 0,
        "max": 1,
        "mean": 1,
        "median": 1,
        "min": 1,
        "var": 0
    },
    "silence_rate_30dB": {
        "dmean": 0.0216718260199,
        "dmean2": 0.0433772280812,
        "dvar": 0.0212018880993,
        "dvar2": 0.0523398332298,
        "max": 1,
        "mean": 0.983758687973,
        "median": 1,
        "min": 0,
        "var": 0.0159774441272
    },
    "silence_rate_60dB": {
        "dmean": 0.00154798757285,
        "dmean2": 0.00309837330133,
        "dvar": 0.0015455794055,
        "dvar2": 0.00308882654645,
        "max": 1,
        "mean": 0.0324825979769,
        "median": 0,
        "min": 0,
        "var": 0.0314271263778
    },
    "spectral_centroid": {
        "dmean": 218.94178772,
        "dmean2": 313.606170654,
        "dvar": 153877.890625,
        "dvar2": 225137.234375,
        "max": 11006.3974609,
        "mean": 1040.47668457,
        "median": 915.391845703,
        "min": 235.735809326,
        "var": 338484.375
    },
    "spectral_complexity": {
        "dmean": 3.82662534714,
        "dmean2": 5.72734308243,
        "dvar": 21.154127121,
        "dvar2": 41.8480911255,
        "max": 56,
        "mean": 19.5970611572,
        "median": 18,
        "min": 0,
        "var": 94.307144165
    },
    "spectral_decrease": {
        "dmean": 2.76462075455e-09,
        "dmean2": 4.39329550517e-09,
        "dvar": 1.98758382112e-17,
        "dvar2": 4.46681335809e-17,
        "max": -8.41762529489e-29,
        "mean": -1.10962954381e-08,
        "median": -1.04559276792e-08,
        "min": -5.5456087722e-08,
        "var": 3.62793773517e-17
    },
    "spectral_energy": {
        "dmean": 0.0108930058777,
        "dmean2": 0.0172043256462,
        "dvar": 0.00029604457086,
        "dvar2": 0.00066000316292,
        "max": 0.211516991258,
        "mean": 0.0441313274205,
        "median": 0.041530855,
        "min": 1.13125729483e-20,
        "var": 0.000560262124054
    },
    "spectral_energyband_high": {
        "dmean": 0.000754176347982,
        "dmean2": 0.00110764626879,
        "dvar": 3.98095016862e-06,
        "dvar2": 7.39127244742e-06,
        "max": 0.0349963344634,
        "mean": 0.00122319615912,
        "median": 0.000321021012496,
        "min": 8.36397617931e-21,
        "var": 9.98234645522e-06
    },
    "spectral_energyband_low": {
        "dmean": 0.00760690262541,
        "dmean2": 0.0120151527226,
        "dvar": 0.000237954052864,
        "dvar2": 0.000540568027645,
        "max": 0.201188370585,
        "mean": 0.02169864811,
        "median": 0.0195437222719,
        "min": 8.5972301816e-23,
        "var": 0.000326187553583
    },
    "spectral_energyband_middle_high": {
        "dmean": 0.00123817566782,
        "dmean2": 0.00179321726318,
        "dvar": 3.98044721805e-06,
        "dvar2": 7.60168268243e-06,
        "max": 0.048213750124,
        "mean": 0.00405092304572,
        "median": 0.0028013412375,
        "min": 1.64960311905e-21,
        "var": 2.09334630199e-05
    },
    "spectral_energyband_middle_low": {
        "dmean": 0.00542078912258,
        "dmean2": 0.00878025591373,
        "dvar": 6.70547888149e-05,
        "dvar2": 0.000165756442584,
        "max": 0.105619341135,
        "mean": 0.0186169594526,
        "median": 0.0168042108417,
        "min": 4.05937699164e-22,
        "var": 0.000149893254275
    },
    "spectral_entropy": {
        "dmean": 0.190106704831,
        "dmean2": 0.253773659468,
        "dvar": 0.0536830611527,
        "dvar2": 0.087180763483,
        "max": 9.80560588837,
        "mean": 7.45148134232,
        "median": 7.44232130051,
        "min": 5.84481143951,
        "var": 0.205900922418
    },
    "spectral_flux": {
        "dmean": 0.0251923315227,
        "dmean2": 0.0377720408142,
        "dvar": 0.00109994364902,
        "dvar2": 0.00206029694527,
        "max": 0.33065611124,
        "mean": 0.0831513926387,
        "median": 0.0707152336836,
        "min": 1.06360580066e-10,
        "var": 0.00277459039353
    },
    "spectral_kurtosis": {
        "dmean": 1.69731771946,
        "dmean2": 2.63522386551,
        "dvar": 4.72791910172,
        "dvar2": 11.2034235001,
        "max": 28.2613754272,
        "mean": 5.21071100235,
        "median": 4.68814182281,
        "min": -1.44288957119,
        "var": 11.5640192032
    },
    "spectral_rms": {
        "dmean": 0.000743201992009,
        "dmean2": 0.00114769150969,
        "dvar": 1.02427213733e-06,
        "dvar2": 2.14353258343e-06,
        "max": 0.0143651682884,
        "mean": 0.00628926372156,
        "median": 0.00636536814272,
        "min": 3.32214637744e-12,
        "var": 3.50006257577e-06
    },
    "spectral_rolloff": {
        "dmean": 397.130249023,
        "dmean2": 666.596984863,
        "dvar": 1269562.5,
        "dvar2": 2611390.25,
        "max": 18324.7558594,
        "mean": 909.403930664,
        "median": 581.396484375,
        "min": 86.1328125,
        "var": 1974780.875
    },
    "spectral_skewness": {
        "dmean": 0.22538381815,
        "dmean2": 0.340378850698,
        "dvar": 0.0596681311727,
        "dvar2": 0.122510746121,
        "max": 3.56303548813,
        "mean": 1.70591199398,
        "median": 1.68205499649,
        "min": -0.0352189838886,
        "var": 0.235393926501
    },
    "spectral_spread": {
        "dmean": 765929.6875,
        "dmean2": 1017855.3125,
        "dvar": 1.92198960742e+12,
        "dvar2": 2.60359428506e+12,
        "max": 41182428,
        "mean": 4974341.5,
        "median": 4489045,
        "min": 1662296.625,
        "var": 4.80944901325e+12
    },
    "spectral_strongpeak": {
        "dmean": 0.344046682119,
        "dmean2": 0.596982598305,
        "dvar": 0.388874381781,
        "dvar2": 0.906834542751,
        "max": 10.4982290268,
        "mean": 0.67510843277,
        "median": 0.400848448277,
        "min": 0,
        "var": 0.887682259083
    },
    "zerocrossingrate": {
        "dmean": 0.0122387772426,
        "dmean2": 0.0141820926219,
        "dvar": 0.00048938713735,
        "dvar2": 0.000513169332407,
        "max": 0.4892578125,
        "mean": 0.0479131154716,
        "median": 0.0390625,
        "min": 0.00390625,
        "var": 0.00132823339663
    },
    "barkbands": {
        "dmean": [0.000491551822051, 0.00551278237253, 0.002822016133, 0.00137530080974, 0.00309829367325, 0.00143157911953, 0.00083579873899, 0.000747161975596, 0.000954664079472, 0.000284663576167, 0.000217491426156, 0.000230626610573, 0.000240612964262, 0.000220776273636, 0.000193315296201, 0.000218566929107, 0.000284181645839, 0.000103206490166, 0.000142155709909, 0.000122514742543, 0.000127304738271, 0.000110648157715, 0.000127215957036, 0.000193894651602, 0.000149888597662, 9.69623870333e-05, 1.54204426508e-05],
        "dmean2": [0.000808534910902, 0.00876349024475, 0.00449071545154, 0.00225893082097, 0.00517968181521, 0.00224879500456, 0.00138256011996, 0.00125161069445, 0.00144368736073, 0.000438876188127, 0.000335366145009, 0.000327167421347, 0.000377726042643, 0.000347881577909, 0.000312812946504, 0.000346663582604, 0.000444083969342, 0.000161835225299, 0.000227747266763, 0.000187596160686, 0.000196109584067, 0.000166893965797, 0.000180460949196, 0.000291869451758, 0.00023387130932, 0.000153749177116, 2.60618562606e-05],
        "dvar": [9.09911818781e-07, 0.000154805355123, 2.71766984952e-05, 7.40267068977e-06, 2.97080023302e-05, 6.55115354675e-06, 3.7052341213e-06, 3.4165273064e-06, 4.03965623264e-06, 5.25581185684e-07, 1.92610073668e-07, 1.00946090242e-06, 1.41178941249e-06, 2.10451872817e-07, 1.27550848106e-07, 1.14749511226e-07, 1.78934158157e-07, 2.57964458683e-08, 6.16005166876e-08, 6.12962551827e-08, 6.76486706652e-08, 8.97071501527e-08, 2.58663703789e-07, 8.37587947444e-07, 2.23148234113e-07, 6.04409038374e-08, 2.14810391697e-09],
        "dvar2": [2.23668348553e-06, 0.000392026500776, 6.68402644806e-05, 1.86690031114e-05, 7.9697369074e-05, 1.59654919116e-05, 9.78811112873e-06, 9.19083686313e-06, 9.1995625553e-06, 1.05324215838e-06, 4.20617482177e-07, 1.69770930825e-06, 2.32687148127e-06, 4.54665666894e-07, 3.18455079196e-07, 2.70242253464e-07, 4.29183074857e-07, 6.06057284358e-08, 1.43922008533e-07, 1.30305622292e-07, 1.37424009949e-07, 1.90958658663e-07, 3.6818295257e-07, 1.61169703006e-06, 5.70536997202e-07, 1.49470665178e-07, 5.71684832806e-09],
        "max": [0.0139098968357, 0.178927585483, 0.0598573721945, 0.0541499257088, 0.0913108214736, 0.0455925799906, 0.0275199897587, 0.0265037436038, 0.0377973616123, 0.0190088357776, 0.00830365903676, 0.0286191403866, 0.043748036027, 0.00932558998466, 0.00514242518693, 0.00441941572353, 0.00604332005605, 0.00246114027686, 0.00307573098689, 0.0071602743119, 0.00526672229171, 0.00704207923263, 0.0152989253402, 0.0219588074833, 0.00921571347862, 0.00243593170308, 0.000635294010863],
        "mean": [0.000816714542452, 0.0133229633793, 0.00622660806403, 0.00247394153848, 0.00768658192828, 0.00326233939268, 0.00144281843677, 0.00126720743719, 0.00223722285591, 0.000521026609931, 0.00046692302567, 0.000333253236022, 0.00047938642092, 0.000453665707028, 0.000330701266648, 0.000419268471887, 0.000571153359488, 0.000195628832444, 0.000283674802631, 0.000217336695641, 0.000208870857023, 0.000159639050253, 0.000174939690623, 0.000277446059044, 0.000194859036128, 9.54184433795e-05, 1.17002327897e-05],
        "median": [0.00036010472104, 0.0121213356033, 0.00493618473411, 0.00134851457551, 0.00616648420691, 0.00220702867955, 0.00062630022876, 0.000419947085902, 0.000856266065966, 0.000235231913393, 0.000175656576175, 0.000102938407508, 0.000131511857035, 0.000167206075275, 0.000191782251932, 0.000265401788056, 0.000379528995836, 0.000114059781481, 0.000155564819579, 8.73945537023e-05, 8.67796916282e-05, 2.50904613495e-05, 2.29905617743e-05, 2.94286874123e-05, 4.16348848375e-05, 1.33674275276e-05, 7.55661403673e-07],
        "min": [1.7471820702e-23, 2.07367108849e-23, 2.42319232085e-23, 4.94968881715e-23, 5.92926410373e-23, 8.91634903022e-23, 6.3658519142e-23, 5.71099260214e-23, 3.93483819524e-23, 9.78224062511e-23, 2.7587336758e-23, 9.36246628043e-23, 1.50436342605e-22, 2.44819889601e-22, 2.59002750396e-22, 1.1982389467e-22, 8.74173750875e-23, 2.07097671829e-22, 2.47155321777e-22, 3.16048122352e-22, 5.01561196662e-22, 6.45462148523e-22, 8.51622325431e-22, 7.45374449261e-22, 1.19723094655e-21, 2.17090785072e-21, 2.20094807788e-21],
        "var": [1.26006386836e-06, 0.000177801048267, 3.88078769902e-05, 1.27675884869e-05, 5.26583535247e-05, 1.54208501044e-05, 5.69601479583e-06, 5.91752223045e-06, 1.30139169414e-05, 1.105706815e-06, 8.67029086749e-07, 2.47384946306e-06, 6.09521157457e-06, 8.3647489646e-07, 2.2310928216e-07, 2.19015149128e-07, 4.13279110489e-07, 5.83704427015e-08, 1.3480435257e-07, 1.82908394208e-07, 1.37250140142e-07, 2.52529474665e-07, 5.63598462122e-07, 1.73034175077e-06, 3.58367884701e-07, 5.47198197864e-08, 1.53095458533e-09]
    },
    "erbbands": {
        "dmean": [0.175449579954, 1.27806138992, 3.04703330994, 3.93201136589, 6.87471103668, 13.0567512512, 11.2117652893, 11.9122972488, 12.8901128769, 12.7177553177, 16.4463577271, 24.2667446136, 9.82377624512, 6.90372467041, 9.08326148987, 10.2410335541, 11.5951547623, 9.23562812805, 9.22037696838, 10.2297286987, 12.1483278275, 12.0758581161, 6.7003993988, 6.20897817612, 7.11545562744, 5.56298923492, 5.96578741074, 4.23885917664, 3.99293780327, 3.38653326035, 3.80216193199, 4.19882202148, 3.21067380905, 1.94191801548, 0.909085214138, 0.443754255772, 0.166872859001, 0.0482133589685, 0.00149745482486, 4.16744078393e-05],
        "dmean2": [0.280422389507, 2.07728886604, 4.88238716125, 6.20525169373, 11.8410015106, 21.8527069092, 17.4941444397, 18.8144855499, 20.9798431396, 21.3387985229, 26.6945114136, 36.6415367126, 14.5473413467, 10.5411367416, 13.9514045715, 13.8689260483, 16.4433250427, 14.341258049, 14.3122396469, 16.3086490631, 18.8673381805, 19.0404586792, 10.5199680328, 9.63748168945, 11.1261453629, 8.50592041016, 9.29361534119, 6.4611415863, 6.19891834259, 4.78645610809, 5.60429620743, 6.45428848267, 4.74351406097, 3.1090555191, 1.40565514565, 0.699243724346, 0.269716560841, 0.0799799636006, 0.0025356861297, 6.55011463095e-05],
        "dvar": [0.16857072711, 8.55981349945, 36.5762023926, 54.5806045532, 99.6350708008, 773.500793457, 260.33505249, 585.589050293, 989.432495117, 827.624023438, 1528.32067871, 2347.97143555, 744.234130859, 188.219116211, 268.607971191, 1757.74401855, 3125.52880859, 355.392486572, 253.277328491, 322.053710938, 323.520294189, 367.032897949, 109.383491516, 85.1888275146, 179.059570312, 122.517532349, 142.737167358, 106.929481506, 129.677642822, 172.760726929, 228.731155396, 430.343811035, 197.19039917, 57.7941055298, 4.51447057724, 1.18612849712, 0.190404891968, 0.0177907049656, 1.92944462469e-05, 8.20300982696e-09],
        "dvar2": [0.423573106527, 22.6948051453, 91.3440246582, 135.255355835, 280.688171387, 2122.57006836, 590.667663574, 1472.24267578, 2484.08935547, 2226.81640625, 3951.52514648, 5185.21240234, 1320.66870117, 435.001983643, 600.608276367, 2203.06420898, 4442.75390625, 733.803039551, 586.964294434, 793.860717773, 784.441894531, 869.72869873, 258.788696289, 197.4400177, 412.240844727, 263.940551758, 341.740142822, 225.056472778, 301.720367432, 277.177246094, 347.453491211, 767.954711914, 417.308959961, 145.878005981, 10.3881454468, 2.85201191902, 0.479093462229, 0.0464377440512, 5.09559104103e-05, 2.04960208805e-08],
        "max": [5.33804750443, 38.049911499, 75.6859207153, 118.157852173, 120.725379944, 458.778808594, 279.659759521, 329.144165039, 566.294189453, 538.514038086, 454.669036865, 748.254455566, 815.276977539, 221.663360596, 490.395019531, 1466.26953125, 2335.24414062, 449.665252686, 297.812438965, 263.618530273, 253.503921509, 210.799407959, 148.039657593, 116.491783142, 175.675216675, 297.464752197, 236.472854614, 289.645294189, 323.271331787, 435.559753418, 389.64944458, 527.55456543, 304.789733887, 151.40776062, 23.3767089844, 10.9041404724, 4.49636554718, 1.46756541729, 0.0544352047145, 0.00108694296796],
        "mean": [0.387500941753, 2.96094584465, 7.36667013168, 8.03826236725, 13.0120363235, 29.4566020966, 32.5107078552, 23.5989952087, 23.292640686, 22.4668617249, 32.7622795105, 58.2118453979, 18.8409729004, 13.8194065094, 19.9357051849, 17.8329715729, 23.6157112122, 18.2520046234, 20.7436637878, 19.5931282043, 25.7378864288, 25.1025676727, 14.4092502594, 13.2441949844, 13.6192674637, 10.2820606232, 9.99303245544, 6.69699048996, 5.92889308929, 4.57647132874, 5.3184928894, 5.82529592514, 4.47057151794, 2.65438508987, 1.11716091633, 0.468620806932, 0.160687342286, 0.0399357043207, 0.00119248218834, 8.00663037808e-05],
        "median": [0.334016680717, 2.55331254005, 6.25419139862, 5.51601934433, 10.1151390076, 20.9651508331, 24.6169567108, 12.6651258469, 9.58795833588, 10.5505590439, 12.6444816589, 24.571231842, 9.48537635803, 6.32393741608, 8.58504867554, 6.39247894287, 6.84840106964, 7.8571023941, 10.6556510925, 12.1034507751, 18.4148693085, 16.2491645813, 9.1773109436, 8.35388183594, 6.64407253265, 4.2099647522, 4.27091932297, 2.18543148041, 1.0881973505, 0.446754842997, 0.709165751934, 0.661908864975, 0.527313292027, 0.555013239384, 0.215989872813, 0.0739956647158, 0.0221281796694, 0.0043893312104, 0.000120678247185, 5.43308924534e-05],
        "min": [9.03190150183e-22, 3.55528285727e-21, 2.14654661427e-20, 1.19202309738e-19, 1.10262813762e-19, 1.70777447446e-19, 8.34964227021e-19, 5.8500591064e-19, 1.11955173596e-18, 7.16343166759e-19, 1.03838432816e-18, 8.8028343653e-19, 3.24509799224e-18, 1.50366401355e-18, 2.89617439151e-18, 2.80163736686e-18, 6.91888564566e-18, 9.83670776739e-18, 1.05474560913e-17, 1.51263937814e-17, 5.73102450753e-18, 7.08630658805e-18, 1.13574528538e-17, 1.05191235009e-17, 1.26662163646e-17, 1.25104781076e-17, 1.83517662044e-17, 2.08339780583e-17, 2.27769111663e-17, 2.37679082817e-17, 2.52052007705e-17, 1.38332226251e-17, 1.45369845816e-17, 1.36372420313e-17, 8.2501588089e-18, 6.33568567709e-18, 4.50099246101e-18, 1.37076286908e-18, 3.38644408207e-19, 3.35147347071e-20],
        "var": [0.186743751168, 8.98438453674, 45.8918647766, 91.8140258789, 149.926025391, 1125.7512207, 992.573364258, 1087.83996582, 1847.80505371, 1454.30664062, 3214.99804688, 8740.01660156, 1766.49597168, 407.316986084, 1416.23352051, 6140.63085938, 14982.7949219, 1189.8416748, 1026.42321777, 586.273376465, 666.305053711, 818.167236328, 262.985534668, 234.230392456, 377.531890869, 367.571472168, 242.506164551, 230.086761475, 359.162322998, 349.284637451, 498.723358154, 840.820739746, 412.58694458, 102.309844971, 6.57753276825, 1.17426359653, 0.165508911014, 0.0135870296508, 1.40225456562e-05, 7.95128318742e-09]
    },
    "gfcc": {
        "mean": [16.8418655396, 104.339759827, -92.4137268066, 37.6411514282, -43.7168807983, 8.95053005219, -41.0548057556, 16.0597915649, -25.5308303833, 6.1671962738, -18.1795749664, -0.98952203989, -4.9171538353],
        "cov": [[9495.08789062, -1315.9050293, -194.670196533, 168.320373535, -540.598571777, 67.0699005127, -266.199951172, 309.4453125, -45.3382034302, 109.240509033, -295.407226562, 124.713996887, -279.714141846], [-1315.9050293, 1539.59155273, -531.143737793, -120.801109314, 370.651062012, -266.809997559, 185.277664185, -135.594192505, 46.2786102295, -115.299995422, 91.6481323242, -177.185089111, 142.087341309], [-194.670196533, -531.143737793, 641.257080078, 109.34967804, -85.2952270508, 150.118011475, -68.9454040527, 45.8741493225, 5.37375354767, 88.0343704224, 20.8939933777, 120.620658875, -12.1575260162], [168.320373535, -120.801109314, 109.34967804, 277.821746826, -14.9029245377, 39.1462898254, 4.69473028183, -28.2293052673, 43.291759491, 34.1521949768, 23.7351360321, 28.6339435577, 24.3430347443], [-540.598571777, 370.651062012, -85.2952270508, -14.9029245377, 281.0625, -27.4687461853, 76.8953475952, -53.1802558899, -11.0100879669, 2.60175418854, 21.9710788727, -29.1848545074, 38.8099441528], [67.0699005127, -266.809997559, 150.118011475, 39.1462898254, -27.4687461853, 221.53175354, 12.8875923157, 5.20048761368, -9.91085529327, 22.1395206451, 5.69189310074, 24.9313793182, -2.84525346756], [-266.199951172, 185.277664185, -68.9454040527, 4.69473028183, 76.8953475952, 12.8875923157, 140.020721436, -20.3750209808, 11.1859359741, -19.577703476, -1.73261976242, -9.66682243347, 27.4519577026], [309.4453125, -135.594192505, 45.8741493225, -28.2293052673, -53.1802558899, 5.20048761368, -20.3750209808, 178.593780518, 19.7557468414, -31.6302089691, -42.8823547363, 10.5575675964, -14.4065179825], [-45.3382034302, 46.2786102295, 5.37375354767, 43.291759491, -11.0100879669, -9.91085529327, 11.1859359741, 19.7557468414, 101.062919617, -9.99458312988, -2.34645009041, 0.461410939693, 2.7417011261], [109.240509033, -115.299995422, 88.0343704224, 34.1521949768, 2.60175418854, 22.1395206451, -19.577703476, -31.6302089691, -9.99458312988, 108.576019287, 41.9992218018, 31.5978317261, -2.63562488556], [-295.407226562, 91.6481323242, 20.8939933777, 23.7351360321, 21.9710788727, 5.69189310074, -1.73261976242, -42.8823547363, -2.34645009041, 41.9992218018, 99.0587844849, 8.75857067108, 20.0503425598], [124.713996887, -177.185089111, 120.620658875, 28.6339435577, -29.1848545074, 24.9313793182, -9.66682243347, 10.5575675964, 0.461410939693, 31.5978317261, 8.75857067108, 94.6292648315, 3.32810354233], [-279.714141846, 142.087341309, -12.1575260162, 24.3430347443, 38.8099441528, -2.84525346756, 27.4519577026, -14.4065179825, 2.7417011261, -2.63562488556, 20.0503425598, 3.32810354233, 74.782043457]],
        "icov": [[0.000184843520401, -0.000109451400931, 0.000291964184726, -0.000296517304378, 0.000267013092525, -0.00020313206187, 0.000249986420386, -0.000307047565002, 0.000234014674788, -0.000543055357412, 0.000645810505375, -0.000434757967014, 0.000564589747228], [-0.000109451400931, 0.00343779334798, 0.000366808410035, 0.00132934632711, -0.00246161781251, 0.00275723612867, -0.00183627416845, 0.00115935213398, -0.00196058116853, 0.00269273063168, -0.00372921512462, 0.00350596522912, -0.004023891408], [0.000291964184726, 0.000366808410035, 0.00331616983749, -0.000866620568559, 2.52151385212e-05, -0.00134751107544, 0.00122663460206, -0.000986215192825, -5.52040582988e-05, -0.0015395131195, 0.000498758628964, -0.00261198915541, 0.000441986892838], [-0.000296517304378, 0.00132934632711, -0.000866620568559, 0.00546267488971, -0.000866371963639, 0.000829253112897, -0.00109783676453, 0.00179109734017, -0.00314955343492, 0.000873265496921, -0.00218331255019, 0.0015886122128, -0.00366380810738], [0.000267013092525, -0.00246161781251, 2.52151385212e-05, -0.000866371963639, 0.00678357761353, -0.00147213309538, -0.000865967653226, -0.000385440624086, 0.00209499173798, -0.00317271915264, 0.00285465782508, -0.0015729177976, 0.00174509233329], [-0.00020313206187, 0.00275723612867, -0.00134751107544, 0.000829253112897, -0.00147213309538, 0.0080467928201, -0.0033284840174, 0.00104340701364, -0.000635244243313, 0.00223051081412, -0.0034562649671, 0.00355468736961, -0.00312418560497], [0.000249986420386, -0.00183627416845, 0.00122663460206, -0.00109783676453, -0.000865967653226, -0.0033284840174, 0.0111013958231, -0.000243708171183, -0.000216121799895, -0.000550385098904, 0.0033621462062, -0.00336904078722, 0.000418383453507], [-0.000307047565002, 0.00115935213398, -0.000986215192825, 0.00179109734017, -0.000385440624086, 0.00104340701364, -0.000243708171183, 0.00804583821446, -0.00249167671427, 0.00323203648441, 0.000207250748645, 0.000962159654591, -0.00210856460035], [0.000234014674788, -0.00196058116853, -5.52040582988e-05, -0.00314955343492, 0.00209499173798, -0.000635244243313, -0.000216121799895, -0.00249167671427, 0.0128052420914, -0.000919448037166, 0.00199345243163, -0.0019375148695, 0.00315449479967], [-0.000543055357412, 0.00269273063168, -0.0015395131195, 0.000873265496921, -0.00317271915264, 0.00223051081412, -0.000550385098904, 0.00323203648441, -0.000919448037166, 0.0172037668526, -0.00897586066276, 0.000637595308945, -0.00210767472163], [0.000645810505375, -0.00372921512462, 0.000498758628964, -0.00218331255019, 0.00285465782508, -0.0034562649671, 0.0033621462062, 0.000207250748645, 0.00199345243163, -0.00897586066276, 0.0194383449852, -0.00458268355578, 0.00208843732253], [-0.000434757967014, 0.00350596522912, -0.00261198915541, 0.0015886122128, -0.0015729177976, 0.00355468736961, -0.00336904078722, 0.000962159654591, -0.0019375148695, 0.000637595308945, -0.00458268355578, 0.0191259663552, -0.0063846539706], [0.000564589747228, -0.004023891408, 0.000441986892838, -0.00366380810738, 0.00174509233329, -0.00312418560497, 0.000418383453507, -0.00210856460035, 0.00315449479967, -0.00210767472163, 0.00208843732253, -0.0063846539706, 0.0223438944668]]
    },
    "melbands": {
        "dmean": [0.00150173844304, 0.00160202814732, 0.000702408782672, 0.000741178169847, 0.000428004103014, 0.00027272925945, 0.000185368029634, 0.000145202357089, 0.00015156326117, 0.000136217524414, 4.75435372209e-05, 2.81906759483e-05, 3.06863730657e-05, 2.46571689786e-05, 3.07788359351e-05, 1.87180503417e-05, 2.00332742679e-05, 1.58344282681e-05, 1.62897322298e-05, 1.69522645592e-05, 1.59086666827e-05, 1.39495041367e-05, 1.19062460726e-05, 4.85200052935e-06, 5.43246278539e-06, 5.8511318457e-06, 5.32729336555e-06, 3.46387628269e-06, 4.04643287766e-06, 3.21159268424e-06, 2.52022573477e-06, 2.43278736889e-06, 2.05741434911e-06, 1.86904276234e-06, 2.01121929422e-06, 2.77235608337e-06, 2.68840699391e-06, 2.12940972233e-06, 2.47568459599e-06, 1.48138690292e-06],
        "dmean2": [0.00238794274628, 0.00253563118167, 0.00112327514216, 0.00126219785307, 0.000680294295307, 0.000429016421549, 0.000300704472465, 0.000243589427555, 0.000242089983658, 0.000205531541724, 7.0530375524e-05, 4.34228713857e-05, 4.71299099445e-05, 3.49356851075e-05, 4.56358284282e-05, 2.74279627774e-05, 3.08819289785e-05, 2.46246854658e-05, 2.63107158389e-05, 2.68470066658e-05, 2.47004463745e-05, 2.22766575462e-05, 1.87957484741e-05, 7.68226436776e-06, 8.5217952801e-06, 9.36507058213e-06, 8.14882696432e-06, 5.50069898964e-06, 6.36915001451e-06, 4.92368099003e-06, 4.04374077334e-06, 3.85148405257e-06, 3.04752120428e-06, 2.68017788585e-06, 3.16424279845e-06, 3.93767641071e-06, 4.20821879743e-06, 3.20048320646e-06, 3.98799511458e-06, 2.30353202824e-06],
        "dvar": [1.20881059047e-05, 1.05576400529e-05, 1.54083602411e-06, 2.05323840419e-06, 3.80068144068e-07, 2.86805516225e-07, 1.94970880329e-07, 1.16903152048e-07, 1.09537900528e-07, 7.42031076584e-08, 1.85367863281e-08, 3.15044434984e-09, 3.66664876239e-09, 8.15802359e-09, 1.59551625245e-08, 7.59582530208e-09, 1.74897063498e-09, 8.88683238109e-10, 9.23799869934e-10, 8.13920042475e-10, 5.57650314814e-10, 4.83128426154e-10, 3.82271991839e-10, 5.45424538867e-11, 6.20903606308e-11, 1.30963365153e-10, 1.37993491633e-10, 4.56291220086e-11, 7.81988987453e-11, 4.45432961349e-11, 5.14300789456e-11, 5.41440052515e-11, 4.27527839519e-11, 6.37335115239e-11, 5.73518489644e-11, 1.80230386171e-10, 1.79978407178e-10, 7.29184976289e-11, 1.84822324112e-10, 2.23957553891e-11],
        "dvar2": [3.02002681565e-05, 2.66710303549e-05, 3.85494968214e-06, 5.53378185941e-06, 9.34908882755e-07, 7.10849121788e-07, 4.94234143389e-07, 3.16221701269e-07, 2.62730139866e-07, 1.64070613096e-07, 3.27495968122e-08, 7.29905202945e-09, 7.98234811583e-09, 1.17884555451e-08, 2.69622759674e-08, 8.93419027648e-09, 3.54893070487e-09, 2.08228723153e-09, 2.37574959705e-09, 1.92744264993e-09, 1.3889666084e-09, 1.15785625532e-09, 9.2754098846e-10, 1.30905078444e-10, 1.47393680594e-10, 3.20084403427e-10, 2.95588192811e-10, 1.00612962406e-10, 1.96983443446e-10, 1.0194237815e-10, 1.21818666265e-10, 1.31561941896e-10, 8.08916128525e-11, 9.72471478344e-11, 9.94072324456e-11, 3.02711522515e-10, 3.58812479728e-10, 1.31594277142e-10, 5.23855514523e-10, 5.3686683571e-11],
        "max": [0.0507986024022, 0.0462410859764, 0.0216410309076, 0.0227289218456, 0.00972301699221, 0.00710610114038, 0.00725092971697, 0.00628961157054, 0.00557320797816, 0.00413404451683, 0.00404119398445, 0.0008920871187, 0.00123072857969, 0.00314750755206, 0.00390957435593, 0.00333453482017, 0.0010336303385, 0.000667342508677, 0.000433002482168, 0.000374746334273, 0.000376177020371, 0.000246279902058, 0.000249948730925, 8.62798697199e-05, 0.000101239078504, 0.00017902822583, 0.000322143168887, 0.000144320685649, 0.000170383835211, 0.000132102461066, 0.000198472058401, 0.000221274764044, 0.000146874561324, 0.000278495892417, 0.000194533917238, 0.000288504437776, 0.000351237715222, 0.000176427100087, 0.000267168856226, 9.09020527615e-05],
        "mean": [0.00361723243259, 0.00396340945736, 0.00146226212382, 0.00162260455545, 0.00121886155102, 0.000551873527002, 0.00033423138666, 0.000248278112849, 0.000325548811816, 0.000323008862324, 8.15190578578e-05, 5.28370474058e-05, 6.71699890518e-05, 4.18319432356e-05, 5.81822459935e-05, 3.57625140168e-05, 3.71761889255e-05, 3.61010570487e-05, 2.65625985776e-05, 2.99791809084e-05, 3.13849232043e-05, 2.72668839898e-05, 2.18641052925e-05, 9.12307496037e-06, 1.06302722997e-05, 1.08874764919e-05, 8.8812521426e-06, 6.0832599047e-06, 6.51726122669e-06, 4.90422780786e-06, 3.62984224012e-06, 3.53387804353e-06, 2.79700338979e-06, 2.36080768445e-06, 2.72954571301e-06, 3.78148592972e-06, 3.43404599334e-06, 3.0198634704e-06, 3.07527170662e-06, 1.93675896298e-06],
        "median": [0.003323527053, 0.00355438422412, 0.0010678851977, 0.00120185920969, 0.000971558387391, 0.000307757843984, 0.000141607233672, 0.000109462067485, 0.000125730963191, 0.000128473970108, 3.39535545208e-05, 2.12291470234e-05, 2.49775093835e-05, 1.7398959244e-05, 1.68311398738e-05, 1.12469542728e-05, 1.54187364387e-05, 1.4554118934e-05, 1.4888341866e-05, 1.74376873474e-05, 2.09181944228e-05, 1.62922096933e-05, 1.18183834275e-05, 5.3920184655e-06, 6.44082183499e-06, 5.35252638656e-06, 3.75944978259e-06, 2.25637381845e-06, 2.78766265183e-06, 1.87359739812e-06, 9.49818684148e-07, 6.52913513477e-07, 3.08590074383e-07, 1.89565923847e-07, 3.46800931084e-07, 4.57218135352e-07, 3.39805239946e-07, 3.07413813516e-07, 3.99558018671e-07, 4.60499961719e-07],
        "min": [7.41261827061e-24, 9.19543918324e-24, 1.95430964933e-23, 8.9771708371e-24, 2.39388250947e-23, 1.46791458125e-23, 1.50364082947e-23, 9.61639666151e-24, 7.9073003225e-24, 5.42954028402e-24, 1.64851150595e-23, 6.17310282391e-24, 7.38136202382e-24, 1.10428607043e-23, 8.16088754909e-24, 1.59808136377e-23, 2.00308507687e-23, 1.71296585953e-23, 2.33650660479e-23, 1.30031879423e-23, 5.20723809764e-24, 6.83791890166e-24, 1.03000392992e-23, 7.7939070894e-24, 8.72661520297e-24, 1.05686961357e-23, 8.4898015258e-24, 8.13075148479e-24, 1.32000639585e-23, 8.4428327475e-24, 1.33090458814e-23, 1.14627303433e-23, 1.61674218403e-23, 1.25380700306e-23, 1.55823868158e-23, 1.07897239173e-23, 7.89613951841e-24, 1.08161838897e-23, 1.00654983303e-23, 1.15561669733e-23],
        "var": [1.3829720956e-05, 1.1800782886e-05, 2.4794944693e-06, 3.04776744997e-06, 1.19402784549e-06, 5.76761408411e-07, 3.56800427426e-07, 1.98194840095e-07, 2.76535274679e-07, 2.72876320651e-07, 4.38936744729e-08, 6.74721567506e-09, 1.89629858482e-08, 2.78129164144e-08, 7.00837574641e-08, 2.86445391851e-08, 5.65995916801e-09, 4.4686196965e-09, 1.4867266307e-09, 1.48258383348e-09, 1.11402720382e-09, 1.01260866359e-09, 8.47575620799e-10, 1.23193732993e-10, 1.5954405852e-10, 2.54584520132e-10, 3.12521480916e-10, 1.28752078443e-10, 1.14939183171e-10, 7.52916617941e-11, 9.10219608019e-11, 1.34614860925e-10, 1.07434644514e-10, 1.19806692345e-10, 1.16264255168e-10, 3.57222390557e-10, 3.07637082475e-10, 1.73283165594e-10, 2.37564357075e-10, 4.25030011186e-11]
    },
    "mfcc": {
        "mean": [-634.286560059, 136.682647705, 11.2478237152, 34.5911178589, 19.0412521362, -0.569540917873, 4.08490133286, -1.90372395515, 6.8393368721, 2.45248699188, -3.43699288368, 2.70075058937, -2.74462556839],
        "cov": [[6647.80810547, -777.070373535, -8.43287754059, -29.0375080109, -166.86126709, -228.993804932, -240.339447021, 54.1485748291, 23.3793048859, 63.7799797058, 37.9752883911, 34.345287323, -95.7750396729], [-777.070373535, 1509.3137207, -662.758483887, 156.985519409, 42.1707267761, -61.4319801331, 102.649307251, -76.801322937, 41.9754829407, -18.1544647217, -15.4821300507, -13.2434663773, -56.1591148376], [-8.43287754059, -662.758483887, 709.894226074, -70.9784469604, 40.6618385315, 51.6784973145, -43.8849983215, 40.7573776245, -23.7895431519, 9.40503120422, 1.82575118542, 37.9525375366, 64.0928192139], [-29.0375080109, 156.985519409, -70.9784469604, 242.746780396, 22.9396648407, 23.9086074829, -1.87208151817, -24.7345676422, 17.1006145477, -17.2771244049, 6.21806383133, 2.65976881981, 21.0306377411], [-166.86126709, 42.1707267761, 40.6618385315, 22.9396648407, 148.022842407, 15.0367136002, 20.8208255768, -9.05163955688, 8.52093982697, 3.95828437805, 2.3808028698, 7.75199985504, 13.0366706848], [-228.993804932, -61.4319801331, 51.6784973145, 23.9086074829, 15.0367136002, 261.720031738, 48.0901069641, -16.3183231354, -38.7556610107, 16.8667297363, -0.418569356203, -24.3150939941, 38.2844047546], [-240.339447021, 102.649307251, -43.8849983215, -1.87208151817, 20.8208255768, 48.0901069641, 127.526741028, -4.74443483353, -4.23441123962, 11.5022106171, -17.3639640808, -7.92812538147, 3.8450922966], [54.1485748291, -76.801322937, 40.7573776245, -24.7345676422, -9.05163955688, -16.3183231354, -4.74443483353, 136.598724365, 58.1521148682, 7.75235319138, -12.6061115265, 5.95732021332, -4.90730667114], [23.3793048859, 41.9754829407, -23.7895431519, 17.1006145477, 8.52093982697, -38.7556610107, -4.23441123962, 58.1521148682, 126.927284241, -4.74258756638, -12.8629817963, 6.14797019958, -7.44513559341], [63.7799797058, -18.1544647217, 9.40503120422, -17.2771244049, 3.95828437805, 16.8667297363, 11.5022106171, 7.75235319138, -4.74258756638, 85.3781051636, 2.59480834007, -7.68093252182, -11.7391643524], [37.9752883911, -15.4821300507, 1.82575118542, 6.21806383133, 2.3808028698, -0.418569356203, -17.3639640808, -12.6061115265, -12.8629817963, 2.59480834007, 72.7228012085, 8.83361721039, 4.54261445999], [34.345287323, -13.2434663773, 37.9525375366, 2.65976881981, 7.75199985504, -24.3150939941, -7.92812538147, 5.95732021332, 6.14797019958, -7.68093252182, 8.83361721039, 68.6675796509, 9.03466701508], [-95.7750396729, -56.1591148376, 64.0928192139, 21.0306377411, 13.0366706848, 38.2844047546, 3.8450922966, -4.90730667114, -7.44513559341, -11.7391643524, 4.54261445999, 9.03466701508, 68.21459198]],
