{
"lowlevel": {
    "average_loudness": 0.971243143082,
    "barkbands_crest": {
        "dmean": 2.05405831337,
        "dmean2": 3.15322589874,
        "dvar": 3.48042488098,
        "dvar2": 8.29638957977,
        "max": 23.8033294678,
        "mean": 10.9544916153,
        "median": 10.6472930908,
        "min": 2.8094420433,
        "var": 16.6624984741
    },
    "barkbands_flatness_db": {
        "dmean": 0.0163675136864,
        "dmean2": 0.0240513775498,
        "dvar": 0.000255440536421,
        "dvar2": 0.00047386722872,
        "max": 0.315478414297,
        "mean": 0.124261535704,
        "median": 0.121347054839,
        "min": 0.0252127684653,
        "var": 0.00121970195323
    },
    "barkbands_kurtosis": {
        "dmean": 2.35017561913,
        "dmean2": 3.54577469826,
        "dvar": 11.2996683121,
        "dvar2": 23.4860363007,
        "max": 61.108581543,
        "mean": 4.04197120667,
        "median": 2.23433923721,
        "min": -1.92103540897,
        "var": 37.3905677795
    },
    "barkbands_skewness": {
        "dmean": 0.451365470886,
        "dmean2": 0.672135055065,
        "dvar": 0.261875897646,
        "dvar2": 0.541698992252,
        "max": 6.6395778656,
        "mean": 1.64376330376,
        "median": 1.63416671753,
        "min": -2.30140256882,
        "var": 1.12170493603
    },
    "barkbands_spread": {
        "dmean": 7.53433084488,
        "dmean2": 11.660946846,
        "dvar": 131.97946167,
        "dvar2": 290.877075195,
        "max": 109.983955383,
        "mean": 26.4479465485,
        "median": 22.7553157806,
        "min": 2.20503854752,
        "var": 288.618469238
    },
    "dissonance": {
        "dmean": 0.0171014163643,
        "dmean2": 0.0290386658162,
        "dvar": 0.000230751655181,
        "dvar2": 0.000615937518887,
        "max": 0.49922606349,
        "mean": 0.455397129059,
        "median": 0.45930325985,
        "min": 0.357154458761,
        "var": 0.000583685585298
    },
    "dynamic_complexity": 3.01004481316,
    "erbbands_crest": {
        "dmean": 2.38275289536,
        "dmean2": 3.67532634735,
        "dvar": 5.07248830795,
        "dvar2": 10.5665454865,
        "max": 26.654045105,
        "mean": 10.6132898331,
        "median": 9.44254779816,
        "min": 2.70605754852,
        "var": 24.028924942
    },
    "erbbands_flatness_db": {
        "dmean": 0.0149878943339,
        "dmean2": 0.0215233135968,
        "dvar": 0.000235330764554,
        "dvar2": 0.000436723174062,
        "max": 0.279994159937,
        "mean": 0.148783400655,
        "median": 0.151505708694,
        "min": 0.0523288026452,
        "var": 0.00104644149542
    },
    "erbbands_kurtosis": {
        "dmean": 0.876200556755,
        "dmean2": 1.39062523842,
        "dvar": 2.54376125336,
        "dvar2": 5.88204622269,
        "max": 26.9298591614,
        "mean": 0.138295724988,
        "median": -0.59370470047,
        "min": -1.72965753078,
        "var": 5.06345939636
    },
    "erbbands_skewness": {
        "dmean": 0.38138756156,
        "dmean2": 0.56339609623,
        "dvar": 0.198556050658,
        "dvar2": 0.399659574032,
        "max": 5.06415462494,
        "mean": 0.517629265785,
        "median": 0.437868833542,
        "min": -3.47744965553,
        "var": 0.826527535915
    },
    "erbbands_spread": {
        "dmean": 9.50832843781,
        "dmean2": 15.068570137,
        "dvar": 163.785415649,
        "dvar2": 380.628845215,
        "max": 151.965530396,
        "mean": 49.1006088257,
        "median": 45.1119804382,
        "min": 9.70122146606,
        "var": 374.727844238
    },
    "hfc": {
        "dmean": 8.78146362305,
        "dmean2": 13.3722600937,
        "dvar": 330.583282471,
        "dvar2": 702.67175293,
        "max": 295.128265381,
        "mean": 25.8117237091,
        "median": 21.1552772522,
        "min": 2.23235360863e-07,
        "var": 589.424438477
    },
    "melbands_crest": {
        "dmean": 2.3699965477,
        "dmean2": 3.64979219437,
        "dvar": 4.77359867096,
        "dvar2": 11.9500398636,
        "max": 26.7830448151,
        "mean": 13.5682191849,
        "median": 13.3646860123,
        "min": 3.87943053246,
        "var": 19.4939231873
    },
    "melbands_flatness_db": {
        "dmean": 0.0188538115472,
        "dmean2": 0.0279285684228,
        "dvar": 0.000384835817385,
        "dvar2": 0.000682144192979,
        "max": 0.392918378115,
        "mean": 0.180830806494,
        "median": 0.179558098316,
        "min": 0.0574573352933,
        "var": 0.00226936489344
    },
    "melbands_kurtosis": {
        "dmean": 4.93529462814,
        "dmean2": 7.49573135376,
        "dvar": 41.3774795532,
        "dvar2": 96.3626403809,
        "max": 94.4644699097,
        "mean": 14.2273159027,
        "median": 11.2516527176,
        "min": -1.85376393795,
        "var": 155.517456055
    },
    "melbands_skewness": {
        "dmean": 0.520172178745,
        "dmean2": 0.786643266678,
        "dvar": 0.310284882784,
        "dvar2": 0.741382956505,
        "max": 7.50692272186,
        "mean": 2.83522248268,
        "median": 2.69060230255,
        "min": -0.00472151301801,
        "var": 1.48859190941
    },
    "melbands_spread": {
        "dmean": 8.43019390106,
        "dmean2": 12.8857154846,
        "dvar": 291.203857422,
        "dvar2": 601.579040527,
        "max": 222.583770752,
        "mean": 26.2412471771,
        "median": 19.4318122864,
        "min": 2.11817860603,
        "var": 540.230712891
    },
    "pitch_salience": {
        "dmean": 0.0516752786934,
        "dmean2": 0.0803756788373,
        "dvar": 0.00205825222656,
        "dvar2": 0.00471467431635,
        "max": 0.804025113583,
        "mean": 0.516893267632,
        "median": 0.508604049683,
        "min": 0.226205796003,
        "var": 0.00804200861603
    },
    "silence_rate_20dB": {
        "dmean": 0,
        "dmean2": 0,
        "dvar": 0,
        "dvar2": 0,
        "max": 1,
        "mean": 1,
        "median": 1,
        "min": 1,
        "var": 0
    },
    "silence_rate_30dB": {
        "dmean": 0,
        "dmean2": 0,
        "dvar": 0,
        "dvar2": 0,
        "max": 1,
        "mean": 1,
        "median": 1,
        "min": 1,
        "var": 0
    },
    "silence_rate_60dB": {
        "dmean": 0.0108359130099,
        "dmean2": 0.0216886140406,
        "dvar": 0.010718385689,
        "dvar2": 0.0258656125516,
        "max": 1,
        "mean": 0.0448569208384,
        "median": 0,
        "min": 0,
        "var": 0.0428449176252
    },
    "spectral_centroid": {
        "dmean": 246.697418213,
        "dmean2": 355.446746826,
        "dvar": 177707.890625,
        "dvar2": 296916.5,
        "max": 11032.0537109,
        "mean": 1383.7532959,
        "median": 1192.69885254,
        "min": 324.674926758,
        "var": 567222.625
    },
    "spectral_complexity": {
        "dmean": 2.34674930573,
        "dmean2": 3.65453147888,
        "dvar": 5.49744033813,
        "dvar2": 11.5382890701,
        "max": 37,
        "mean": 15.8793506622,
        "median": 16,
        "min": 0,
        "var": 48.8005371094
    },
    "spectral_decrease": {
        "dmean": 1.03819342012e-09,
        "dmean2": 1.58531121563e-09,
        "dvar": 1.41485428407e-18,
        "dvar2": 3.00494884885e-18,
        "max": -4.12785004591e-18,
        "mean": -5.4208091349e-09,
        "median": -5.93230398138e-09,
        "min": -1.66853642014e-08,
        "var": 8.20237589364e-18
    },
    "spectral_energy": {
        "dmean": 0.00436265161261,
        "dmean2": 0.00664551230147,
        "dvar": 2.36399009736e-05,
        "dvar2": 5.14064049639e-05,
        "max": 0.0678252354264,
        "mean": 0.0228005945683,
        "median": 0.0247890949249,
        "min": 3.58275874246e-11,
        "var": 0.000139469309943
    },
    "spectral_energyband_high": {
        "dmean": 0.000860595202539,
        "dmean2": 0.00133779039606,
        "dvar": 4.58581234852e-06,
        "dvar2": 9.96613744064e-06,
        "max": 0.0347506254911,
        "mean": 0.00158933643252,
        "median": 0.000889056012966,
        "min": 1.6262394209e-11,
        "var": 6.29241367278e-06
    },
    "spectral_energyband_low": {
        "dmean": 0.000499135465361,
        "dmean2": 0.000734703091439,
        "dvar": 3.22413882259e-07,
        "dvar2": 6.66844925945e-07,
        "max": 0.00926314108074,
        "mean": 0.00209290604107,
        "median": 0.00181735667866,
        "min": 2.31122608031e-12,
        "var": 2.37853259932e-06
    },
    "spectral_energyband_middle_high": {
        "dmean": 0.00106270285323,
        "dmean2": 0.00148041639477,
        "dvar": 2.10929670175e-06,
        "dvar2": 4.24510380981e-06,
        "max": 0.0215741824359,
        "mean": 0.00420351373032,
        "median": 0.00238680257462,
        "min": 6.36101197757e-12,
        "var": 1.74377819349e-05
    },
    "spectral_energyband_middle_low": {
        "dmean": 0.00373524217866,
        "dmean2": 0.00576841598377,
        "dvar": 1.99483874894e-05,
        "dvar2": 4.42190575995e-05,
        "max": 0.0603374987841,
        "mean": 0.0151748862118,
        "median": 0.0152397304773,
        "min": 8.81810163084e-12,
        "var": 9.67098167166e-05
    },
    "spectral_entropy": {
        "dmean": 0.17941211164,
        "dmean2": 0.260613411665,
        "dvar": 0.0448703728616,
        "dvar2": 0.0793435275555,
        "max": 9.79595088959,
        "mean": 7.46311426163,
        "median": 7.39337682724,
        "min": 6.01901102066,
        "var": 0.142364189029
    },
    "spectral_flux": {
        "dmean": 0.0175477471203,
        "dmean2": 0.0281558483839,
        "dvar": 0.000332336610882,
        "dvar2": 0.000871177995577,
        "max": 0.207014739513,
        "mean": 0.0656873881817,
        "median": 0.0623904764652,
        "min": 1.75805107574e-05,
        "var": 0.000953466398641
    },
    "spectral_kurtosis": {
        "dmean": 0.964507102966,
        "dmean2": 1.58323383331,
        "dvar": 0.932496130466,
        "dvar2": 2.22802662849,
        "max": 9.98226356506,
        "mean": 3.0140004158,
        "median": 3.12732648849,
        "min": -1.16965329647,
        "var": 2.28255105019
    },
    "spectral_rms": {
        "dmean": 0.000449677056167,
        "dmean2": 0.000675486051477,
        "dvar": 2.19529468382e-07,
        "dvar2": 4.42277325874e-07,
        "max": 0.00813455414027,
        "mean": 0.00448900694028,
        "median": 0.00491777202114,
        "min": 1.86959198345e-07,
        "var": 2.09325980904e-06
    },
    "spectral_rolloff": {
        "dmean": 816.830078125,
        "dmean2": 1400.47741699,
        "dvar": 3045932,
        "dvar2": 6553767,
        "max": 14405.7128906,
        "mean": 2021.9864502,
        "median": 1378.125,
        "min": 215.33203125,
        "var": 4870267.5
    },
    "spectral_skewness": {
        "dmean": 0.170499548316,
        "dmean2": 0.269832789898,
        "dvar": 0.0359253995121,
        "dvar2": 0.0752836242318,
        "max": 2.32852077484,
        "mean": 1.42698204517,
        "median": 1.46263301373,
        "min": -0.0064336322248,
        "var": 0.110154829919
    },
    "spectral_spread": {
        "dmean": 909253.25,
        "dmean2": 1346073.5,
        "dvar": 2.6457711575e+12,
        "dvar2": 4.32221454336e+12,
        "max": 39638908,
        "mean": 6101706.5,
        "median": 5514494.5,
        "min": 3101095.75,
        "var": 5.43241220915e+12
    },
    "spectral_strongpeak": {
        "dmean": 0.58440798521,
        "dmean2": 1.01798975468,
        "dvar": 1.02108895779,
        "dvar2": 2.91899585724,
        "max": 10.3172645569,
        "mean": 1.40326702595,
        "median": 1.27888345718,
        "min": 0,
        "var": 1.43932902813
    },
    "zerocrossingrate": {
        "dmean": 0.0158793441951,
        "dmean2": 0.018931016326,
        "dvar": 0.000583314278629,
        "dvar2": 0.000660483492538,
        "max": 0.44580078125,
        "mean": 0.0780490934849,
        "median": 0.0693359375,
        "min": 0.01513671875,
        "var": 0.00216872012243
    },
    "barkbands": {
        "dmean": [2.4508621209e-05, 0.000372987240553, 0.000161152842338, 0.000219627661863, 0.00124272168614, 0.00194115296472, 0.0013919690391, 0.000556167273317, 0.000217082444578, 0.000201726332307, 0.000145036363392, 0.000163576827617, 0.00011163878662, 0.000221409820369, 0.000280380307231, 0.000264110596618, 0.000260130356764, 0.000158382565132, 0.000177911962965, 0.000176973466296, 0.000179942027899, 7.43621203583e-05, 0.000188738922589, 0.000240379347815, 0.000182660282007, 7.99672634457e-05, 5.16879572388e-06],
        "dmean2": [4.19881835114e-05, 0.0005384850665, 0.00025276033557, 0.000336004450219, 0.00196706247516, 0.00296391057782, 0.00202430272475, 0.000823794165626, 0.000321347848512, 0.000303472130327, 0.000213459221413, 0.000246730371146, 0.0001650381746, 0.000340446596965, 0.000412221328588, 0.000398453325033, 0.000394583679736, 0.000235578772845, 0.000265412643785, 0.00026590921334, 0.000263737834757, 0.000120562814118, 0.000313323078444, 0.000382893369533, 0.000292189739412, 0.000128162690089, 8.73118915479e-06],
        "dvar": [1.21967325128e-09, 2.41123359501e-07, 3.13707886335e-08, 9.75487068899e-08, 3.9995275074e-06, 9.43200575421e-06, 6.1569699028e-06, 2.1911132535e-06, 1.4574504803e-07, 1.7084128956e-07, 7.52461346565e-08, 1.09154683514e-07, 6.75913582882e-08, 2.37419115479e-07, 3.86097127603e-07, 2.68994341468e-07, 4.24751306127e-07, 1.19826694345e-07, 1.30293742018e-07, 1.31747498244e-07, 1.50457921677e-07, 1.70837196833e-07, 3.32051712348e-07, 5.86027624649e-07, 4.73022936376e-07, 4.58704185746e-08, 1.22507393119e-10],
        "dvar2": [3.42883832438e-09, 4.60099244037e-07, 8.22571664116e-08, 2.32693935232e-07, 1.1025132153e-05, 2.26139018196e-05, 1.16706050903e-05, 4.22889706897e-06, 2.84529477312e-07, 3.67008510693e-07, 1.53943119585e-07, 2.52402259093e-07, 1.41670938092e-07, 4.58737190456e-07, 8.78329956322e-07, 5.60402952487e-07, 9.67960204434e-07, 2.32785282606e-07, 2.76894013496e-07, 3.07847642489e-07, 3.38034823244e-07, 4.31069338447e-07, 8.37330787817e-07, 1.27456462451e-06, 1.13481098651e-06, 1.02123244972e-07, 2.84869433598e-10],
        "max": [0.000372706592316, 0.00833367276937, 0.00276157842018, 0.00612449133769, 0.0418559163809, 0.0502178445458, 0.036619503051, 0.0258505754173, 0.00725299585611, 0.00861986167729, 0.0042766998522, 0.00783562939614, 0.00427034916356, 0.0104633811861, 0.0126495603472, 0.00700261071324, 0.00978801771998, 0.00646042311564, 0.0056073339656, 0.00798786617815, 0.00602558813989, 0.00806429143995, 0.00880992505699, 0.0147052574903, 0.0144180748612, 0.00394623540342, 0.000176149638719],
        "mean": [4.10704924434e-05, 0.00140651792753, 0.000466447556391, 0.000512043887284, 0.00341206090525, 0.00498505495489, 0.00412454316393, 0.00142513471656, 0.000566615373828, 0.000453187763924, 0.000300525105558, 0.000316586752888, 0.000201658622245, 0.000413322151871, 0.000584874185733, 0.000451342610177, 0.000537122483365, 0.000379820878152, 0.000414866401115, 0.000447818922112, 0.000431731343269, 9.5402894658e-05, 0.000197087225388, 0.000308228074573, 0.000233794809901, 8.83024113136e-05, 5.42305724593e-06],
        "median": [1.84069031093e-05, 0.00110045191832, 0.000347988272551, 0.000246753101237, 0.00192044791766, 0.0027105610352, 0.000921813014429, 0.000183307114639, 0.000167090300238, 0.000101886573248, 9.95406444417e-05, 0.000131664230139, 6.88174332026e-05, 0.00015681948571, 0.000123918187455, 0.00013225452858, 0.000107675674371, 0.000127411825815, 9.95141090243e-05, 0.000121168966871, 0.000154271125211, 2.92062359222e-05, 3.69968256564e-05, 0.000117544565001, 0.000107605759695, 1.20922022688e-05, 6.57060923004e-07],
        "min": [1.96821834005e-12, 9.72243553027e-13, 5.08627428369e-13, 1.11286644505e-13, 2.05251787788e-12, 4.67325874179e-12, 3.22415271564e-13, 2.33693489907e-13, 5.64747575961e-13, 6.17287037458e-13, 1.07466973146e-13, 1.51384506601e-13, 4.88177640673e-13, 5.70572614763e-13, 7.81720608384e-13, 1.32539248673e-12, 7.88009848346e-13, 4.5188194007e-13, 6.31060416596e-13, 1.06925384345e-12, 8.62768190224e-13, 1.10028468541e-12, 1.66255778675e-12, 2.02358312398e-12, 3.63602268953e-12, 3.12593072087e-12, 3.49370922817e-12],
        "var": [2.78790524e-09, 1.63979393619e-06, 1.91516534187e-07, 4.85405735162e-07, 1.9493039872e-05, 3.83326769224e-05, 3.29980175593e-05, 1.22364272102e-05, 8.24438188829e-07, 8.95320283689e-07, 3.40877647886e-07, 2.78668039755e-07, 1.87876835867e-07, 7.40689699796e-07, 1.45300191434e-06, 6.84312965404e-07, 1.43476495396e-06, 5.84969086503e-07, 4.83959411213e-07, 6.07819004017e-07, 4.45734457344e-07, 1.49052780785e-07, 3.02217529224e-07, 6.97641098668e-07, 4.50410880148e-07, 6.18440409994e-08, 1.49302181729e-10]
    },
    "erbbands": {
        "dmean": [0.00929928384721, 0.0912608727813, 0.191339328885, 0.395430952311, 2.27339339256, 4.7442779541, 8.54085540771, 19.6107673645, 21.6379184723, 17.5147724152, 9.55791664124, 4.49757575989, 7.30130195618, 5.03985118866, 4.8450293541, 5.01141881943, 4.74595975876, 8.1990480423, 12.1285181046, 14.2955493927, 14.4033107758, 14.209400177, 8.47592258453, 8.29392433167, 7.59838628769, 7.16561365128, 9.27605342865, 4.406208992, 2.63645362854, 3.25482082367, 6.16164541245, 5.28983354568, 3.82216763496, 2.38632559776, 1.21277558804, 0.385331451893, 0.151968926191, 0.0233532804996, 0.00055249169236, 2.25748972298e-05],
        "dmean2": [0.0132579244673, 0.133459925652, 0.293451279402, 0.619663476944, 3.63384270668, 7.54766559601, 12.7511587143, 30.3935108185, 31.2088279724, 25.4591350555, 13.5740375519, 6.55557870865, 10.6302242279, 7.36538934708, 7.33163166046, 7.52639913559, 7.05146741867, 11.9575462341, 17.0262069702, 22.3264484406, 21.2611045837, 21.4457855225, 12.5515670776, 12.2327528, 11.1453857422, 10.5347223282, 13.4417648315, 6.77964639664, 4.32677936554, 5.24990463257, 10.3790178299, 8.55625629425, 6.16183376312, 3.85564041138, 2.01012730598, 0.631123125553, 0.248234122992, 0.0377101376653, 0.000896964687854, 3.57735953003e-05],
        "dvar": [0.000263782480033, 0.0126001564786, 0.0443578623235, 0.282611876726, 13.5757274628, 62.559009552, 251.065216064, 1113.06970215, 1332.6784668, 1456.0916748, 747.815917969, 68.7584533691, 197.531219482, 97.2418212891, 83.5249252319, 112.639526367, 134.175933838, 257.047668457, 666.350097656, 1147.12878418, 688.993347168, 1456.26757812, 428.318450928, 254.561386108, 306.606750488, 222.025253296, 339.153289795, 168.762191772, 224.439331055, 223.199645996, 326.91506958, 233.445068359, 201.987548828, 57.6902809143, 48.5205307007, 1.45618760586, 0.148003101349, 0.00278361863457, 1.55824193371e-06, 2.21157270275e-09],
        "dvar2": [0.000399249256589, 0.0269296150655, 0.105009071529, 0.715956807137, 37.1453857422, 171.370407104, 522.383789062, 2741.25683594, 2601.60253906, 3092.11010742, 1349.0144043, 141.351013184, 386.500549316, 210.997634888, 173.552963257, 247.576004028, 299.141296387, 535.683654785, 1162.47705078, 2722.22143555, 1368.48547363, 3423.51513672, 882.160522461, 546.229736328, 728.578125, 530.800476074, 717.50201416, 445.111846924, 588.336303711, 527.189025879, 844.698486328, 537.559509277, 447.898925781, 120.459007263, 134.147613525, 3.26403713226, 0.338289797306, 0.00608901819214, 3.48447224496e-06, 4.90087614935e-09],
        "max": [0.317345499992, 1.79387772083, 4.55816650391, 8.6604013443, 53.45753479, 153.752685547, 332.776916504, 523.940063477, 655.357910156, 487.568786621, 501.828552246, 125.65259552, 256.959655762, 158.411056519, 232.060470581, 288.453430176, 193.960510254, 372.392120361, 462.813598633, 578.715698242, 468.156188965, 660.989868164, 460.520446777, 287.833007812, 370.894927979, 356.799682617, 306.611053467, 236.604217529, 302.607910156, 254.202316284, 297.76071167, 308.862335205, 298.23840332, 194.311706543, 168.240859985, 22.0300865173, 6.8027586937, 0.882184863091, 0.0213837716728, 0.000658200355247],
        "mean": [0.0345549322665, 0.325994163752, 0.658019781113, 1.1187620163, 5.90163421631, 11.1854543686, 23.4582157135, 48.6153869629, 58.5674858093, 50.690410614, 25.4343967438, 11.6271743774, 17.8240146637, 12.9209957123, 11.0741634369, 10.1321687698, 9.54705810547, 17.2345237732, 25.2590503693, 29.6019706726, 28.8803253174, 31.5285549164, 22.1625843048, 20.3558559418, 20.6184673309, 20.0490570068, 24.4168109894, 9.3602848053, 3.61029338837, 3.6803381443, 6.42332220078, 6.60419988632, 4.8167219162, 3.2581448555, 1.33110117912, 0.430835843086, 0.161668747663, 0.0261331610382, 0.000625133281574, 4.97242544952e-05],
        "median": [0.0178750846535, 0.250674664974, 0.484089434147, 0.679813504219, 2.4139418602, 6.97282123566, 11.3521652222, 23.8365440369, 25.0950260162, 10.9488191605, 5.31572818756, 4.16196870804, 5.15421485901, 4.22372055054, 5.13075447083, 4.47595024109, 4.17993783951, 6.67449712753, 8.86501789093, 8.597697258, 9.90064525604, 7.31139659882, 7.33853626251, 7.22781848907, 4.51509332657, 5.86495113373, 8.29437923431, 3.67455339432, 1.21961987019, 0.711148142815, 1.2618060112, 2.50316214561, 1.71074092388, 1.71327638626, 0.40534093976, 0.0732586234808, 0.0197672098875, 0.00386281032115, 0.000106684972707, 3.95513270632e-05],
        "min": [3.65982417982e-11, 2.04600184017e-10, 5.44865264018e-10, 5.35437916227e-10, 1.67799385498e-09, 7.91101406605e-09, 3.73880091331e-08, 3.18225517049e-08, 1.03971329324e-08, 3.46907746973e-09, 6.45116315923e-09, 1.0587087651e-08, 1.84857089636e-08, 1.65764433291e-08, 4.24916546393e-09, 7.12905068312e-09, 2.17049365148e-08, 3.20100213003e-08, 3.46311210819e-08, 5.33339985509e-08, 6.14411845845e-08, 4.30129531992e-08, 2.68345345944e-08, 3.38900925101e-08, 3.56657920975e-08, 4.52206165846e-08, 4.27431423589e-08, 3.82024296641e-08, 3.61421967909e-08, 3.33528511476e-08, 5.26669268197e-08, 3.53192710634e-08, 4.18059507012e-08, 3.410798044e-08, 2.72521880618e-08, 1.21758674254e-08, 6.62339694202e-09, 2.07694972332e-09, 4.71148009495e-10, 5.08020223111e-11],
        "var": [0.00195855391212, 0.0881770551205, 0.414484173059, 1.4940341711, 68.9577865601, 183.606384277, 1199.62097168, 4069.65698242, 6300.77832031, 7951.81884766, 3819.08154297, 290.983123779, 899.58001709, 551.782165527, 299.615447998, 276.121459961, 333.898773193, 1148.05126953, 2366.94384766, 2940.97851562, 2241.78442383, 4936.92529297, 2197.92333984, 905.466552734, 1369.81518555, 1273.92944336, 1275.72680664, 251.720870972, 185.851623535, 221.529632568, 283.607940674, 255.953323364, 227.393173218, 67.7697906494, 33.1796073914, 1.89069414139, 0.184402316809, 0.00375857576728, 2.03752142625e-06, 3.08891245915e-09]
    },
    "gfcc": {
        "mean": [6.91085195541, 69.4199447632, -106.116928101, 32.7283058167, -66.7885665894, 3.41503572464, -57.548538208, 11.8483123779, -27.4092159271, 12.376791954, -8.97541332245, 0.910593450069, -0.868898391724],
        "cov": [[7330.79394531, -559.067016602, -384.726287842, -151.705108643, -377.422302246, -96.5136184692, -15.7559213638, 336.251953125, -74.6476287842, 122.912117004, -39.2718238831, -140.407318115, -78.2889862061], [-559.067016602, 952.532043457, -253.651077271, 123.551086426, 111.324279785, -76.2479400635, 139.018280029, -84.5684585571, 1.70478916168, 1.60222351551, 55.9346694946, -87.3066711426, 103.618591309], [-384.726287842, -253.651077271, 743.743652344, -29.1054382324, 64.4098587036, 178.799224854, -128.643173218, -80.087348938, 47.6997871399, 9.72566890717, -26.2665615082, 182.687194824, -112.910484314], [-151.705108643, 123.551086426, -29.1054382324, 229.832870483, 44.6845436096, -38.4292945862, 15.4990463257, -5.15362548828, 10.5035610199, -30.1143188477, 5.99674129486, 14.68151474, 65.4862976074], [-377.422302246, 111.324279785, 64.4098587036, 44.6845436096, 147.567077637, 47.3814163208, 7.78802251816, 1.7761245966, -4.85516786575, -19.1947555542, 2.29264974594, 32.4763221741, 25.5376529694], [-96.5136184692, -76.2479400635, 178.799224854, -38.4292945862, 47.3814163208, 212.557998657, 32.3538856506, -46.2137145996, 8.18356132507, 17.2977714539, -5.61683750153, 30.8362007141, -48.6949958801], [-15.7559213638, 139.018280029, -128.643173218, 15.4990463257, 7.78802251816, 32.3538856506, 140.770706177, 12.1163988113, 1.4214168787, 21.0726051331, 6.9999537468, -29.938457489, 14.0767889023], [336.251953125, -84.5684585571, -80.087348938, -5.15362548828, 1.7761245966, -46.2137145996, 12.1163988113, 179.038528442, 39.6178245544, 13.2039136887, 13.2867660522, -10.8729000092, 27.8865261078], [-74.6476287842, 1.70478916168, 47.6997871399, 10.5035610199, -4.85516786575, 8.18356132507, 1.4214168787, 39.6178245544, 113.791992188, 48.0904083252, 20.0365600586, 26.6177768707, -10.0329818726], [122.912117004, 1.60222351551, 9.72566890717, -30.1143188477, -19.1947555542, 17.2977714539, 21.0726051331, 13.2039136887, 48.0904083252, 122.114189148, 61.0832290649, -4.6398768425, -11.9914951324], [-39.2718238831, 55.9346694946, -26.2665615082, 5.99674129486, 2.29264974594, -5.61683750153, 6.9999537468, 13.2867660522, 20.0365600586, 61.0832290649, 107.901596069, 17.0761756897, 15.0394010544], [-140.407318115, -87.3066711426, 182.687194824, 14.68151474, 32.4763221741, 30.8362007141, -29.938457489, -10.8729000092, 26.6177768707, -4.6398768425, 17.0761756897, 133.543960571, -11.6574230194], [-78.2889862061, 103.618591309, -112.910484314, 65.4862976074, 25.5376529694, -48.6949958801, 14.0767889023, 27.8865261078, -10.0329818726, -11.9914951324, 15.0394010544, -11.6574230194, 111.146308899]],
        "icov": [[0.000209091595025, -0.000102413541754, 0.000175723558641, -0.000169309292687, 0.000644634070341, -0.000332474854076, 0.000368299573893, -0.00066708936356, 0.000604978296906, -0.000536743085831, 0.000409904081607, -0.000289687508484, 0.00025882711634], [-0.000102413541754, 0.00252979807556, -0.000436523958342, 0.000241303539951, -0.00283743767068, 0.00225057499483, -0.00298646488227, 0.00286866910756, -0.00213049585, 0.00148026447278, -0.00211952580139, 0.00249324948527, -0.00120408576913], [0.000175723558641, -0.000436523958342, 0.00421032030135, -0.00078230566578, 0.000214848420001, -0.0031045449432, 0.00413906993344, -0.000575851707254, 0.000630243855994, -0.00235243584029, 0.00258785672486, -0.00455263070762, 0.00245498260483], [-0.000169309292687, 0.000241303539951, -0.00078230566578, 0.00638967193663, -0.00197533913888, 0.001955288928, -0.00202965270728, 0.00199480960146, -0.00263703032397, 0.0027496071998, -0.00136732729152, 0.000571326934732, -0.00353304971941], [0.000644634070341, -0.00283743767068, 0.000214848420001, -0.00197533913888, 0.0137468213215, -0.0055987550877, 0.00349231646396, -0.00556850479916, 0.00455703027546, -0.00143708474934, 0.00249190302566, -0.00431344984099, -0.000708476640284], [-0.000332474854076, 0.00225057499483, -0.0031045449432, 0.001955288928, -0.0055987550877, 0.0110247582197, -0.00727624958381, 0.00469236820936, -0.00294722616673, 0.00200239708647, -0.00273068319075, 0.00372077897191, -6.76948111504e-05], [0.000368299573893, -0.00298646488227, 0.00413906993344, -0.00202965270728, 0.00349231646396, -0.00727624958381, 0.0153517257422, -0.00461502140388, 0.00351627939381, -0.0054131723009, 0.00470842188224, -0.00439759064466, 0.00230261939578], [-0.00066708936356, 0.00286866910756, -0.000575851707254, 0.00199480960146, -0.00556850479916, 0.00469236820936, -0.00461502140388, 0.0118913641199, -0.00709372060373, 0.00353217776865, -0.00357417552732, 0.00364700448699, -0.00336147285998], [0.000604978296906, -0.00213049585, 0.000630243855994, -0.00263703032397, 0.00455703027546, -0.00294722616673, 0.00351627939381, -0.00709372060373, 0.0163821112365, -0.00843473430723, 0.00417889980599, -0.005373084452, 0.00304224924184], [-0.000536743085831, 0.00148026447278, -0.00235243584029, 0.0027496071998, -0.00143708474934, 0.00200239708647, -0.0054131723009, 0.00353217776865, -0.00843473430723, 0.018765501678, -0.0114533510059, 0.00596266193315, -0.0013226903975], [0.000409904081607, -0.00211952580139, 0.00258785672486, -0.00136732729152, 0.00249190302566, -0.00273068319075, 0.00470842188224, -0.00357417552732, 0.00417889980599, -0.0114533510059, 0.0179589819163, -0.00706517929211, 0.000201216054847], [-0.000289687508484, 0.00249324948527, -0.00455263070762, 0.000571326934732, -0.00431344984099, 0.00372077897191, -0.00439759064466, 0.00364700448699, -0.005373084452, 0.00596266193315, -0.00706517929211, 0.0164528302848, -0.00238688034005], [0.00025882711634, -0.00120408576913, 0.00245498260483, -0.00353304971941, -0.000708476640284, -6.76948111504e-05, 0.00230261939578, -0.00336147285998, 0.00304224924184, -0.0013226903975, 0.000201216054847, -0.00238688034005, 0.0154168149456]]
    },
    "melbands": {
        "dmean": [9.22261824599e-05, 0.000104116836155, 0.000114404014312, 0.00024680964998, 0.000279191444861, 0.000421710283263, 0.00031094046426, 0.000177270063432, 6.43546736683e-05, 2.99439871014e-05, 3.75041709049e-05, 2.15117543121e-05, 1.79322905751e-05, 1.69953400473e-05, 1.23264317153e-05, 1.45152616824e-05, 1.60769177455e-05, 2.08970741369e-05, 2.39959772443e-05, 1.82485655387e-05, 1.82474341273e-05, 1.94211024791e-05, 6.98293752066e-06, 8.57677605381e-06, 7.42363272366e-06, 6.96583447279e-06, 5.60339003641e-06, 5.44032582184e-06, 6.84953147356e-06, 4.65611310574e-06, 2.1935386485e-06, 1.57132660661e-06, 1.54112854034e-06, 1.9947428882e-06, 3.27290399582e-06, 3.72741101273e-06, 3.37576398124e-06, 3.13372993332e-06, 2.07900302485e-06, 1.98097359316e-06],
        "dmean2": [0.000132890039822, 0.000155686182552, 0.00017555821978, 0.000396260642447, 0.000419110030634, 0.000651497335639, 0.000447505590273, 0.000259268213995, 9.14196425583e-05, 4.45383411716e-05, 5.52140554646e-05, 3.15217766911e-05, 2.68897983915e-05, 2.60449032794e-05, 1.8136921426e-05, 2.12184622796e-05, 2.37797867157e-05, 2.98393588309e-05, 3.6420122342e-05, 2.78761599475e-05, 2.64543432422e-05, 2.90761799988e-05, 1.04808277683e-05, 1.28111014419e-05, 1.10154669528e-05, 1.02776311905e-05, 8.41758810566e-06, 8.31714896776e-06, 1.00890028989e-05, 6.9936336331e-06, 3.49969081981e-06, 2.58217983173e-06, 2.44484385803e-06, 3.25622590935e-06, 5.5107902881e-06, 6.38927394903e-06, 5.4014426496e-06, 5.10738345838e-06, 3.31077058036e-06, 3.20028152601e-06],
        "dvar": [1.93065901044e-08, 1.29157120554e-08, 2.49030200905e-08, 1.57865144956e-07, 2.48646784939e-07, 4.72339138469e-07, 2.58598845448e-07, 1.46809526314e-07, 3.38076553419e-08, 3.08511061142e-09, 5.1344395402e-09, 1.80869719202e-09, 1.00761743393e-09, 1.13873210861e-09, 1.38784495007e-09, 1.15611265006e-09, 9.6417196449e-10, 2.45418374512e-09, 3.52860785036e-09, 1.82315007535e-09, 1.31914945634e-09, 2.82429968301e-09, 3.28096771973e-10, 3.46301320953e-10, 2.42299375008e-10, 2.46847237095e-10, 2.17391160628e-10, 1.22028123717e-10, 1.57215157559e-10, 1.25138691076e-10, 6.28965907135e-11, 8.72005592734e-11, 6.31915908489e-11, 8.27106924617e-11, 1.06159254998e-10, 1.2154731388e-10, 8.58807955306e-11, 1.38012823392e-10, 5.02986263751e-11, 4.86722259718e-11],
        "dvar2": [3.26059179656e-08, 2.98803897181e-08, 6.15134396753e-08, 5.00220721733e-07, 5.44626061583e-07, 1.14798490358e-06, 5.03517753714e-07, 3.08303953034e-07, 6.09123986806e-08, 6.26381746471e-09, 1.02882493636e-08, 3.76425823845e-09, 1.95504301637e-09, 2.82500867144e-09, 2.8333033697e-09, 2.37640951362e-09, 2.02965622087e-09, 4.03946209815e-09, 7.31693861056e-09, 3.91828125501e-09, 2.49316789436e-09, 6.47989750746e-09, 6.3121147198e-10, 6.6476413263e-10, 5.30805455146e-10, 5.12885067749e-10, 5.47398626427e-10, 3.06856595689e-10, 3.37985528454e-10, 2.81932033275e-10, 1.72420411282e-10, 2.37047159679e-10, 1.49180112707e-10, 2.03558433998e-10, 2.77576212016e-10, 3.14891585029e-10, 1.91074864264e-10, 3.19580667485e-10, 1.10009661103e-10, 1.09201994669e-10],
        "max": [0.00249621481635, 0.00244492804632, 0.00319679593667, 0.00606105430052, 0.00892496760935, 0.0105472542346, 0.00850012712181, 0.00460902648047, 0.003388161771, 0.000745211145841, 0.00131978781428, 0.000646827393211, 0.000625279149972, 0.000590624462347, 0.00118625524919, 0.000591450196225, 0.000724626937881, 0.00101190968417, 0.00109158235136, 0.000739731476642, 0.000723955396097, 0.000894725089893, 0.000427898543421, 0.000326594716171, 0.000293704244541, 0.000336421042448, 0.000319718295941, 0.000215084306546, 0.000171802472323, 0.000214792133193, 0.000150436986587, 0.000200239112019, 0.000149798594066, 0.00016390735982, 0.000171783889527, 0.000230387784541, 0.000165252145962, 0.000251489633229, 0.000143060766277, 0.000188237492694],
        "mean": [0.000348869943991, 0.000389453285607, 0.000309612601995, 0.000623017258476, 0.000765017291997, 0.00107938668225, 0.000876906386111, 0.000511284335516, 0.000163562159287, 7.70754704718e-05, 9.0413937869e-05, 5.31555597263e-05, 3.92429137719e-05, 3.29941431119e-05, 2.06481690839e-05, 2.77641393041e-05, 3.17109479511e-05, 3.75110503228e-05, 5.06566866534e-05, 3.09695351461e-05, 3.35491131409e-05, 3.88209846278e-05, 1.59186965902e-05, 1.96585751837e-05, 1.5933850591e-05, 1.60324616445e-05, 1.4569736777e-05, 1.27128323584e-05, 1.66124009411e-05, 1.03365955511e-05, 3.72016620531e-06, 1.95688539861e-06, 1.75859179308e-06, 2.10967573366e-06, 3.35874869961e-06, 4.0099648686e-06, 4.31410580859e-06, 3.72674139726e-06, 2.7091073207e-06, 2.68291046268e-06],
        "median": [0.000248630560236, 0.000308444490656, 0.000193961372133, 0.000340219587088, 0.000402067380492, 0.000558021536563, 0.000377606338589, 7.15991336619e-05, 2.80150525214e-05, 2.1691319489e-05, 2.54681472143e-05, 1.64118482644e-05, 1.58719394676e-05, 1.23396712297e-05, 7.09230607754e-06, 7.39634333513e-06, 1.14953782031e-05, 1.22461115097e-05, 9.65946219367e-06, 8.06254683994e-06, 1.00146253317e-05, 7.58261649025e-06, 4.17653245677e-06, 6.81125993651e-06, 5.24005736224e-06, 3.25429050463e-06, 2.7022017548e-06, 3.73078273697e-06, 5.41149256605e-06, 3.3509700188e-06, 1.29006116367e-06, 6.10090012287e-07, 3.63467989928e-07, 3.44169507116e-07, 5.3208754025e-07, 1.14953240882e-06, 1.63846561918e-06, 1.10221787963e-06, 1.3247389461e-06, 1.35445566229e-06],
        "min": [4.02571205538e-13, 2.93935611528e-13, 1.10693951835e-13, 2.95111401679e-13, 1.09716792943e-12, 6.73774295905e-13, 1.4272150085e-13, 3.89733682609e-14, 5.7039916952e-14, 7.38000223541e-14, 9.35300014521e-14, 6.92689517399e-14, 1.23965795989e-14, 1.42541109938e-14, 2.55974339218e-14, 6.0223019334e-14, 5.60981484518e-14, 5.05276667674e-14, 5.35856962644e-14, 1.02411853412e-13, 6.40924487962e-14, 4.07114493755e-14, 4.05326746017e-14, 1.80515900893e-14, 2.93783010072e-14, 1.97526728047e-14, 3.57745856051e-14, 2.7276065182e-14, 3.22626277636e-14, 1.92601078993e-14, 2.30729606428e-14, 2.06452557957e-14, 1.97327776948e-14, 1.70388046527e-14, 2.94767262357e-14, 3.11646833286e-14, 1.73824171203e-14, 2.53709322296e-14, 3.86863934984e-14, 2.43539776968e-14],
        "var": [1.27838546859e-07, 1.24618779296e-07, 1.17441089742e-07, 5.93535105509e-07, 1.14734882573e-06, 1.76309640665e-06, 1.23824679577e-06, 8.0055934859e-07, 1.71430187379e-07, 1.49001921912e-08, 2.39310544714e-08, 9.78392211692e-09, 4.41772929349e-09, 3.4014642214e-09, 2.50768761312e-09, 3.66835606336e-09, 4.40712666361e-09, 7.30387972325e-09, 1.23021433041e-08, 4.59812277143e-09, 4.46149028832e-09, 9.19004072841e-09, 1.56912893789e-09, 1.55646828759e-09, 7.32871097142e-10, 9.34278987508e-10, 1.02925412637e-09, 4.98024954609e-10, 6.23865903382e-10, 3.10400205539e-10, 6.20022089226e-11, 6.48268383419e-11, 6.33320271226e-11, 7.67879440589e-11, 9.00036226104e-11, 1.02782928002e-10, 1.01013780673e-10, 1.46285844549e-10, 5.60681744088e-11, 5.18710144282e-11]
    },
    "mfcc": {
        "mean": [-639.450073242, 101.138046265, 14.0502643585, 22.086523056, 11.5304985046, -11.5053834915, -2.78130030632, -16.7096195221, -3.58467841148, -0.284440487623, -11.4248962402, 5.34952306747, -1.63023364544],
        "cov": [[5478.78320312, -267.32421875, -345.744659424, -87.4236679077, -246.35168457, -490.112243652, 87.7093505859, -138.235641479, 45.348613739, 226.592147827, -154.628417969, 68.7580032349, -4.29059934616], [-267.32421875, 702.156311035, -129.160232544, 106.607208252, -14.5967159271, 71.6667327881, 68.0537338257, -55.3020401001, 43.2713890076, -54.4318389893, 70.0412368774, 0.171191856265, -21.7473640442], [-345.744659424, -129.160232544, 503.473480225, -86.7350616455, 136.77053833, 169.666534424, -115.872993469, 67.9972381592, -76.7922897339, -52.8397521973, 77.3318710327, -8.60636520386, 3.63131475449], [-87.4236679077, 106.607208252, -86.7350616455, 258.910217285, 21.0356712341, -50.4150657654, 7.63584566116, -10.2835540771, 68.9448318481, -77.2543640137, -27.8167381287, 48.0318336487, -23.6742172241], [-246.35168457, -14.5967159271, 136.77053833, 21.0356712341, 214.254699707, 15.1280441284, -26.574213028, 44.1841049194, -0.73885923624, -40.173614502, -8.24330425262, 36.3830871582, -27.1330356598], [-490.112243652, 71.6667327881, 169.666534424, -50.4150657654, 15.1280441284, 295.091125488, -9.01347923279, 42.2043571472, -52.5347938538, -15.0300178528, 63.1046714783, -84.2369308472, 27.3414211273], [87.7093505859, 68.0537338257, -115.872993469, 7.63584566116, -26.574213028, -9.01347923279, 153.828094482, -16.9206104279, 18.5145950317, 26.0988750458, -18.8271808624, -9.33698749542, -4.12053537369], [-138.235641479, -55.3020401001, 67.9972381592, -10.2835540771, 44.1841049194, 42.2043571472, -16.9206104279, 137.986251831, 10.8278512955, -10.223493576, -16.8543758392, -20.1300563812, 19.3188285828], [45.348613739, 43.2713890076, -76.7922897339, 68.9448318481, -0.73885923624, -52.5347938538, 18.5145950317, 10.8278512955, 118.605422974, 11.6142473221, -20.5081882477, 13.7844219208, 6.47818851471], [226.592147827, -54.4318389893, -52.8397521973, -77.2543640137, -40.173614502, -15.0300178528, 26.0988750458, -10.223493576, 11.6142473221, 147.635375977, 4.77364253998, -41.1978797913, 36.2163543701], [-154.628417969, 70.0412368774, 77.3318710327, -27.8167381287, -8.24330425262, 63.1046714783, -18.8271808624, -16.8543758392, -20.5081882477, 4.77364253998, 147.022109985, 22.1530666351, 9.10947704315], [68.7580032349, 0.171191856265, -8.60636520386, 48.0318336487, 36.3830871582, -84.2369308472, -9.33698749542, -20.1300563812, 13.7844219208, -41.1978797913, 22.1530666351, 159.293045044, 27.9240093231], [-4.29059934616, -21.7473640442, 3.63131475449, -23.6742172241, -27.1330356598, 27.3414211273, -4.12053537369, 19.3188285828, 6.47818851471, 36.2163543701, 9.10947704315, 27.9240093231, 133.897293091]],
