{
"lowlevel": {
    "average_loudness": 0.985207915306,
    "barkbands_crest": {
        "dmean": 2.73332500458,
        "dmean2": 4.42984008789,
        "dvar": 6.0303144455,
        "dvar2": 15.5015211105,
        "max": 22.8136768341,
        "mean": 8.83254241943,
        "median": 8.21378803253,
        "min": 2.51031565666,
        "var": 11.5697250366
    },
    "barkbands_flatness_db": {
        "dmean": 0.0191602986306,
        "dmean2": 0.03036352247,
        "dvar": 0.000283227418549,
        "dvar2": 0.000709066051058,
        "max": 0.308207720518,
        "mean": 0.143059238791,
        "median": 0.137620821595,
        "min": 0.0724674612284,
        "var": 0.0011385998223
    },
    "barkbands_kurtosis": {
        "dmean": 1.84862434864,
        "dmean2": 2.9370880127,
        "dvar": 7.46186876297,
        "dvar2": 16.9145030975,
        "max": 61.7420043945,
        "mean": 1.34394669533,
        "median": 0.0437290668488,
        "min": -1.83147108555,
        "var": 15.5895185471
    },
    "barkbands_skewness": {
        "dmean": 0.530007123947,
        "dmean2": 0.818511903286,
        "dvar": 0.232973411679,
        "dvar2": 0.542919516563,
        "max": 7.58671331406,
        "mean": 1.28807234764,
        "median": 1.17556500435,
        "min": -0.889107584953,
        "var": 0.771959066391
    },
    "barkbands_spread": {
        "dmean": 6.41083812714,
        "dmean2": 9.8769493103,
        "dvar": 34.675365448,
        "dvar2": 78.6657562256,
        "max": 83.5962905884,
        "mean": 31.1692123413,
        "median": 31.5861988068,
        "min": 2.05241084099,
        "var": 128.5884552
    },
    "dissonance": {
        "dmean": 0.00883621443063,
        "dmean2": 0.0147304022685,
        "dvar": 7.36205620342e-05,
        "dvar2": 0.000192782506929,
        "max": 0.500000119209,
        "mean": 0.484524637461,
        "median": 0.487377643585,
        "min": 0.384565860033,
        "var": 0.000143716126331
    },
    "dynamic_complexity": 1.26310944557,
    "erbbands_crest": {
        "dmean": 1.96822941303,
        "dmean2": 3.24459552765,
        "dvar": 4.25300931931,
        "dvar2": 10.6535902023,
        "max": 25.3839206696,
        "mean": 6.49528360367,
        "median": 5.54268121719,
        "min": 2.73947429657,
        "var": 9.80258464813
    },
    "erbbands_flatness_db": {
        "dmean": 0.0112702120095,
        "dmean2": 0.0167635567486,
        "dvar": 0.000100996519905,
        "dvar2": 0.000216080778046,
        "max": 0.282971829176,
        "mean": 0.164395987988,
        "median": 0.161674052477,
        "min": 0.107192747295,
        "var": 0.000607068068348
    },
    "erbbands_kurtosis": {
        "dmean": 0.633347570896,
        "dmean2": 1.00987029076,
        "dvar": 0.494570612907,
        "dvar2": 1.24242162704,
        "max": 9.05922985077,
        "mean": -0.12213434279,
        "median": -0.31973528862,
        "min": -1.82597506046,
        "var": 1.22783863544
    },
    "erbbands_skewness": {
        "dmean": 0.281041324139,
        "dmean2": 0.439660787582,
        "dvar": 0.0575923323631,
        "dvar2": 0.139919891953,
        "max": 1.91997432709,
        "mean": -0.471782028675,
        "median": -0.517464220524,
        "min": -2.4317317009,
        "var": 0.258010685444
    },
    "erbbands_spread": {
        "dmean": 8.70061206818,
        "dmean2": 13.5592155457,
        "dvar": 66.1199111938,
        "dvar2": 154.404388428,
        "max": 141.610183716,
        "mean": 45.3796539307,
        "median": 43.0380783081,
        "min": 11.3256120682,
        "var": 246.625442505
    },
    "hfc": {
        "dmean": 6.5027513504,
        "dmean2": 10.6629047394,
        "dvar": 85.6994476318,
        "dvar2": 227.369873047,
        "max": 154.013702393,
        "mean": 24.7859306335,
        "median": 23.329492569,
        "min": 0.000160688199685,
        "var": 150.653198242
    },
    "melbands_crest": {
        "dmean": 3.64720964432,
        "dmean2": 5.97921180725,
        "dvar": 9.33390617371,
        "dvar2": 25.7838687897,
        "max": 31.4039497375,
        "mean": 14.7016382217,
        "median": 14.5466794968,
        "min": 3.97507572174,
        "var": 18.3961639404
    },
    "melbands_flatness_db": {
        "dmean": 0.0257093124092,
        "dmean2": 0.0392617024481,
        "dvar": 0.000522178772371,
        "dvar2": 0.00114749593195,
        "max": 0.371307402849,
        "mean": 0.165245115757,
        "median": 0.157619565725,
        "min": 0.0447298064828,
        "var": 0.0026156255044
    },
    "melbands_kurtosis": {
        "dmean": 6.5501537323,
        "dmean2": 10.3219881058,
        "dvar": 97.0091552734,
        "dvar2": 191.746826172,
        "max": 311.218414307,
        "mean": 11.2297754288,
        "median": 7.29339313507,
        "min": -1.55067825317,
        "var": 214.506118774
    },
    "melbands_skewness": {
        "dmean": 0.808197200298,
        "dmean2": 1.25250804424,
        "dvar": 0.580640554428,
        "dvar2": 1.30913066864,
        "max": 15.6860466003,
        "mean": 2.88785505295,
        "median": 2.66832280159,
        "min": -0.0376345254481,
        "var": 1.87014973164
    },
    "melbands_spread": {
        "dmean": 9.39278030396,
        "dmean2": 14.5552949905,
        "dvar": 76.6425857544,
        "dvar2": 175.623260498,
        "max": 93.5204772949,
        "mean": 30.5163021088,
        "median": 28.7865505219,
        "min": 1.6810823679,
        "var": 253.004348755
    },
    "pitch_salience": {
        "dmean": 0.0702248215675,
        "dmean2": 0.114640921354,
        "dvar": 0.0036857239902,
        "dvar2": 0.00960212759674,
        "max": 0.827479243279,
        "mean": 0.592533171177,
        "median": 0.602593779564,
        "min": 0.226167351007,
        "var": 0.00820922851562
    },
    "silence_rate_20dB": {
        "dmean": 0,
        "dmean2": 0,
        "dvar": 0,
        "dvar2": 0,
        "max": 1,
        "mean": 1,
        "median": 1,
        "min": 1,
        "var": 0
    },
    "silence_rate_30dB": {
        "dmean": 0,
        "dmean2": 0,
        "dvar": 0,
        "dvar2": 0,
        "max": 1,
        "mean": 1,
        "median": 1,
        "min": 1,
        "var": 0
    },
    "silence_rate_60dB": {
        "dmean": 0.000773993786424,
        "dmean2": 0.00154858687893,
        "dvar": 0.000773391744588,
        "dvar2": 0.00154617498629,
        "max": 1,
        "mean": 0.0131528042257,
        "median": 0,
        "min": 0,
        "var": 0.0129803745076
    },
    "spectral_centroid": {
        "dmean": 283.849334717,
        "dmean2": 443.037445068,
        "dvar": 64499.640625,
        "dvar2": 162479.21875,
        "max": 3117.27807617,
        "mean": 1764.30834961,
        "median": 1823.39648438,
        "min": 260.604431152,
        "var": 261607
    },
    "spectral_complexity": {
        "dmean": 4.58281755447,
        "dmean2": 7.03213310242,
        "dvar": 15.4490709305,
        "dvar2": 33.3597488403,
        "max": 59,
        "mean": 33.0058021545,
        "median": 35,
        "min": 0,
        "var": 101.12399292
    },
    "spectral_decrease": {
        "dmean": 3.54707818673e-09,
        "dmean2": 5.90048010451e-09,
        "dvar": 2.60009534828e-17,
        "dvar2": 6.68271937692e-17,
        "max": -1.03614138753e-13,
        "mean": -7.85583242902e-09,
        "median": -6.31227381476e-09,
        "min": -3.82023124246e-08,
        "var": 2.55733193041e-17
    },
    "spectral_energy": {
        "dmean": 0.0138041907921,
        "dmean2": 0.0229728128761,
        "dvar": 0.000395699171349,
        "dvar2": 0.00102085131221,
        "max": 0.149973407388,
        "mean": 0.0318978689611,
        "median": 0.0260243453085,
        "min": 4.05638189704e-07,
        "var": 0.000386268220609
    },
    "spectral_energyband_high": {
        "dmean": 0.00041680020513,
        "dmean2": 0.000680028751958,
        "dvar": 4.5287993089e-07,
        "dvar2": 1.12343263936e-06,
        "max": 0.0169829167426,
        "mean": 0.0012232682202,
        "median": 0.00107334577478,
        "min": 1.37847200321e-08,
        "var": 9.75267198555e-07
    },
    "spectral_energyband_low": {
        "dmean": 0.00762381404638,
        "dmean2": 0.0123866163194,
        "dvar": 0.00012408461771,
        "dvar2": 0.000283439701889,
        "max": 0.107579350471,
        "mean": 0.0131841888651,
        "median": 0.00858660601079,
        "min": 2.57923016278e-08,
        "var": 0.000173570311745
    },
    "spectral_energyband_middle_high": {
        "dmean": 0.00194253271911,
        "dmean2": 0.00306742521934,
        "dvar": 5.52364008399e-06,
        "dvar2": 1.34993961183e-05,
        "max": 0.0343985594809,
        "mean": 0.00678887637332,
        "median": 0.00605724193156,
        "min": 1.77045187399e-08,
        "var": 1.76576031663e-05
    },
    "spectral_energyband_middle_low": {
        "dmean": 0.00819633062929,
        "dmean2": 0.0140046039596,
        "dvar": 0.000218910441617,
        "dvar2": 0.00059210381005,
        "max": 0.131362110376,
        "mean": 0.0130467144772,
        "median": 0.00959606654942,
        "min": 9.96696840616e-08,
        "var": 0.000175100460183
    },
    "spectral_entropy": {
        "dmean": 0.0900831967592,
        "dmean2": 0.139389842749,
        "dvar": 0.00787550862879,
        "dvar2": 0.0168998390436,
        "max": 8.42921257019,
        "mean": 7.82297801971,
        "median": 7.8577580452,
        "min": 6.63241624832,
        "var": 0.0462287180126
    },
    "spectral_flux": {
        "dmean": 0.0310321282595,
        "dmean2": 0.0498639494181,
        "dvar": 0.00137885892764,
        "dvar2": 0.00278699025512,
        "max": 0.309023350477,
        "mean": 0.0991190597415,
        "median": 0.0839833989739,
        "min": 0.000636897340883,
        "var": 0.00219534011558
    },
    "spectral_kurtosis": {
        "dmean": 1.25636398792,
        "dmean2": 2.2171523571,
        "dvar": 1.65382695198,
        "dvar2": 5.10734176636,
        "max": 15.4827632904,
        "mean": 2.41789841652,
        "median": 2.09429836273,
        "min": -1.15144908428,
        "var": 2.37665843964
    },
    "spectral_rms": {
        "dmean": 0.00108012906276,
        "dmean2": 0.00174420373514,
        "dvar": 1.70953956058e-06,
        "dvar2": 4.23164374297e-06,
        "max": 0.0120960948989,
        "mean": 0.00536644365638,
        "median": 0.00503880996257,
        "min": 1.98933303182e-05,
        "var": 2.32120351029e-06
    },
    "spectral_rolloff": {
        "dmean": 610.346679688,
        "dmean2": 981.815917969,
        "dvar": 485295.46875,
        "dvar2": 1036061.25,
        "max": 8613.28125,
        "mean": 1855.7611084,
        "median": 2088.72070312,
        "min": 107.666015625,
        "var": 1279944
    },
    "spectral_skewness": {
        "dmean": 0.165146350861,
        "dmean2": 0.281424462795,
        "dvar": 0.0217660069466,
        "dvar2": 0.0640553832054,
        "max": 2.61345601082,
        "mean": 0.972505629063,
        "median": 0.952723562717,
        "min": 0.328810691833,
        "var": 0.0526104159653
    },
    "spectral_spread": {
        "dmean": 295013.25,
        "dmean2": 435792.78125,
        "dvar": 114872803328,
        "dvar2": 191417303040,
        "max": 11516910,
        "mean": 3827749.75,
        "median": 3743851.75,
        "min": 2185858.75,
        "var": 742085165056
    },
    "spectral_strongpeak": {
        "dmean": 0.358365863562,
        "dmean2": 0.625629246235,
        "dvar": 0.496152222157,
        "dvar2": 1.25183284283,
        "max": 10.7243328094,
        "mean": 0.53982758522,
        "median": 0.353376030922,
        "min": 0.0010386405047,
        "var": 0.543842613697
    },
    "zerocrossingrate": {
        "dmean": 0.00986596476287,
        "dmean2": 0.0114873694256,
        "dvar": 7.74633663241e-05,
        "dvar2": 0.000107900836156,
        "max": 0.1953125,
        "mean": 0.0678996145725,
        "median": 0.06689453125,
        "min": 0.00927734375,
        "var": 0.00059782108292
    },
    "barkbands": {
        "dmean": [0.000331278191879, 0.00390937179327, 0.00381034403108, 0.00349651649594, 0.00460759783164, 0.000685864535626, 0.000446982070571, 0.000328282359987, 0.000513711769599, 0.000417713512434, 0.000596936210059, 0.00030439987313, 0.000264753965894, 0.000274482008535, 0.000337463396136, 0.000488022400532, 0.00045728078112, 0.000262279005256, 0.000216230997466, 0.000190558916074, 0.000163393866387, 0.000138959585456, 6.01475439908e-05, 6.29803325864e-05, 1.92361658264e-05, 1.38657165749e-08, 1.2490760648e-09],
        "dmean2": [0.000469361868454, 0.00606454303488, 0.00653971359134, 0.00586040969938, 0.00795088242739, 0.0010940132197, 0.000740256393328, 0.00055151846027, 0.000850714859553, 0.00065847573569, 0.000963452504948, 0.00050156126963, 0.000432766362792, 0.000460643990664, 0.000565054127946, 0.000813316204585, 0.000751008803491, 0.000432385189924, 0.00035502036917, 0.000316432095133, 0.000273161538644, 0.000230933888815, 9.76180235739e-05, 9.65488288784e-05, 2.92833265121e-05, 2.27428511579e-08, 2.28543206582e-09],
        "dvar": [4.06528613439e-07, 5.03010996908e-05, 3.24474494846e-05, 2.58771779045e-05, 9.7472613561e-05, 1.5052822846e-06, 7.63098398693e-07, 6.27749841442e-07, 1.27546331896e-06, 1.04298737824e-06, 1.57470424256e-06, 3.10629900468e-07, 1.93577974983e-07, 2.44239146241e-07, 3.72962176698e-07, 5.83523728892e-07, 3.69840023495e-07, 9.02490242538e-08, 6.1944042784e-08, 7.32873743914e-08, 4.73650310084e-08, 4.32624389646e-08, 2.47265177222e-08, 5.27782084703e-08, 1.75728565033e-09, 1.27778668214e-15, 2.70297726046e-18],
        "dvar2": [8.00907059784e-07, 9.95893933577e-05, 9.07035791897e-05, 6.75653864164e-05, 0.000264079601038, 4.09382619182e-06, 2.00717295229e-06, 1.67830307873e-06, 3.4264317037e-06, 2.34346111938e-06, 3.84294980904e-06, 7.65686706927e-07, 4.93944583013e-07, 6.37549192106e-07, 9.83810309663e-07, 1.54954125264e-06, 9.54010602072e-07, 2.37269233594e-07, 1.64901649669e-07, 1.97940892122e-07, 1.3031522883e-07, 1.12419812126e-07, 5.14807538821e-08, 1.24950503277e-07, 3.58224849784e-09, 3.1618132676e-15, 8.60049709528e-18],
        "max": [0.00389655143954, 0.0530404523015, 0.0656376183033, 0.066505536437, 0.0893392264843, 0.0216920282692, 0.0115994261578, 0.0180783253163, 0.0202599950135, 0.0263359360397, 0.0239650774747, 0.0117350183427, 0.00907469261438, 0.0119436727837, 0.00900768581778, 0.0193838514388, 0.0120133785531, 0.00404606433585, 0.00327354902402, 0.00311461137608, 0.00245606619865, 0.00355170131661, 0.00418573245406, 0.00823251530528, 0.00109711987898, 1.08391179765e-06, 1.62908424528e-08],
        "mean": [0.000325977540342, 0.00482974108309, 0.00579447951168, 0.00468251900747, 0.00519739743322, 0.00118682521861, 0.000660891528241, 0.000437907467131, 0.000730345724151, 0.000631160452031, 0.000898629776202, 0.000502826180309, 0.000424601341365, 0.000434275891166, 0.000542283407412, 0.000989838736132, 0.00103080424014, 0.000626557739452, 0.000537919462658, 0.000425606849603, 0.0004013099242, 0.000309054041281, 0.000120527656691, 0.000134029614856, 4.23605779361e-05, 2.29100098892e-08, 1.02593478157e-09],
        "median": [1.00993875094e-05, 0.00164747424424, 0.00382271944545, 0.00316518824548, 0.00283973407932, 0.000825354189146, 0.000380828249035, 0.000239581990172, 0.000398657924961, 0.000288430339424, 0.000498128996696, 0.000333598145517, 0.000274364370853, 0.000281988468487, 0.00035700557055, 0.000761004805099, 0.000845461094286, 0.000548281532247, 0.000473136722576, 0.00035053314059, 0.000346358167008, 0.00024573286646, 7.20849056961e-05, 6.847079203e-05, 2.31373214774e-05, 1.22378480683e-08, 4.70625594051e-10],
        "min": [2.14574788493e-10, 9.53516110513e-09, 1.25584183053e-08, 1.40677522964e-08, 1.58736384037e-08, 9.17348952356e-09, 2.32673658118e-09, 2.6496633776e-09, 4.44276526679e-09, 1.30632082929e-09, 3.57720431055e-09, 1.92969240587e-09, 2.47515008489e-10, 4.41880282365e-10, 3.64690500021e-10, 1.57739532547e-09, 1.00845587436e-09, 1.84897586131e-09, 1.23853971523e-09, 6.20712681254e-09, 6.62155219544e-09, 1.98891592085e-09, 3.46444789523e-10, 1.90330709526e-10, 2.70222066945e-10, 1.12361803889e-11, 1.49862674353e-11],
        "var": [5.29524015747e-07, 6.49537978461e-05, 4.2803298129e-05, 2.9870239814e-05, 7.2267052019e-05, 1.73156479377e-06, 8.91798833891e-07, 5.82001291605e-07, 1.3013948319e-06, 2.14430497181e-06, 2.88288879347e-06, 5.22705363437e-07, 3.03967766513e-07, 3.2985721532e-07, 4.97870246363e-07, 1.13975090699e-06, 8.47708747642e-07, 1.90165465597e-07, 1.3252621045e-07, 1.18962269369e-07, 9.15352202924e-08, 8.2246032207e-08, 4.22337826933e-08, 9.1273363978e-08, 4.66288918588e-09, 2.30398530895e-15, 2.18896433269e-18]
    },
    "erbbands": {
        "dmean": [0.144877299666, 0.872186779976, 3.76345682144, 7.91096973419, 16.3348178864, 15.1187343597, 4.99990177155, 5.61506462097, 5.76684045792, 6.39438295364, 9.0992307663, 11.2071714401, 10.7589550018, 16.3139896393, 17.6394233704, 11.4448308945, 11.8435697556, 11.4439334869, 14.9528284073, 22.2607479095, 25.602142334, 24.5411262512, 14.1469182968, 11.3126659393, 10.240855217, 9.02177143097, 8.24083423615, 4.64087724686, 5.13595438004, 3.80529737473, 1.49915850163, 1.35065257549, 1.02958631516, 0.383520036936, 0.0495048202574, 0.00208030175418, 8.80621519173e-05, 1.07002215373e-05, 7.76087381382e-06, 1.56773512572e-05],
        "dmean2": [0.213247522712, 1.4382673502, 6.47876214981, 13.49700737, 27.8445491791, 26.3720092773, 8.08029556274, 9.14223194122, 9.51943778992, 10.5370121002, 15.1353845596, 18.80534935, 17.1555480957, 26.408454895, 28.6566543579, 18.7224597931, 19.2229614258, 18.9741458893, 24.8260612488, 37.4676437378, 42.4927749634, 40.3000679016, 23.24634552, 18.8248577118, 16.8040180206, 15.0804719925, 13.7841081619, 7.89999723434, 8.57129859924, 6.24100637436, 2.39536905289, 2.08613061905, 1.60551452637, 0.579673171043, 0.07650924474, 0.00319870351814, 0.000132982182549, 1.61230873346e-05, 1.27273588078e-05, 2.60900415014e-05],
        "dvar": [0.0833592489362, 2.37653541565, 35.2595825195, 118.283874512, 1030.36865234, 996.138061523, 66.919342041, 104.362266541, 121.799728394, 178.258544922, 348.810119629, 746.466552734, 680.824951172, 1374.98217773, 1125.99963379, 523.522521973, 333.51739502, 352.750976562, 738.245178223, 1489.27307129, 1384.87414551, 993.61920166, 278.890960693, 168.388534546, 159.495346069, 171.866073608, 118.618927002, 54.0587997437, 61.2705116272, 43.092716217, 17.0124759674, 26.1935501099, 12.2846374512, 0.766745388508, 0.00827965233475, 1.46754900925e-05, 2.97045676945e-08, 5.27421717411e-10, 1.23220073034e-10, 5.07398012495e-10],
        "dvar2": [0.175206050277, 5.43765544891, 97.6928634644, 322.081695557, 2752.5456543, 2760.9753418, 182.610641479, 286.942138672, 313.090148926, 455.381835938, 941.469055176, 2022.58728027, 1450.74389648, 3313.00415039, 2678.72949219, 1299.08605957, 804.011657715, 931.068786621, 1931.70129395, 4041.67138672, 3685.02758789, 2680.24755859, 726.407592773, 446.835235596, 415.946624756, 464.866729736, 323.956939697, 150.947753906, 163.171005249, 97.256072998, 36.7540435791, 63.6563301086, 27.9780139923, 1.53916215897, 0.0187557879835, 3.26895315084e-05, 6.15124662318e-08, 1.07899544854e-09, 3.11588782553e-10, 1.3187062553e-09],
        "max": [1.99977886677, 11.5570411682, 61.4275398254, 109.626487732, 324.629089355, 260.330505371, 162.354751587, 207.216293335, 169.927032471, 195.19744873, 301.869659424, 583.828552246, 883.463439941, 749.414733887, 719.372314453, 475.241363525, 423.151092529, 276.035766602, 589.221374512, 565.775756836, 949.923950195, 605.20904541, 258.365844727, 136.143875122, 194.03793335, 149.719223022, 143.197509766, 95.3828735352, 138.940826416, 129.845001221, 132.876556396, 174.623504639, 128.382217407, 23.8553085327, 1.80869674683, 0.0807885229588, 0.00500481761992, 0.000785954936873, 0.000222854447202, 0.000171083622263],
        "mean": [0.144097268581, 1.11316299438, 5.77752542496, 11.9025526047, 18.4819068909, 17.6154785156, 9.18313694, 9.51041412354, 8.58316898346, 9.44106578827, 12.8906478882, 15.8600521088, 16.9873828888, 27.149471283, 30.1676254272, 20.311372757, 20.572769165, 18.8217926025, 25.3496818542, 40.3269615173, 58.0430412292, 57.7847633362, 35.9366531372, 29.453332901, 25.3717803955, 20.6691627502, 20.1641235352, 11.2265815735, 11.1177492142, 7.93521690369, 3.10176563263, 2.63378143311, 2.17758393288, 0.876334786415, 0.0979982167482, 0.00424658600241, 0.000210060898098, 2.99272123812e-05, 2.29260676861e-05, 3.96203940909e-05],
        "median": [0.0209324266762, 0.529995024204, 3.89263248444, 8.6596660614, 10.2682685852, 9.43395423889, 6.71490526199, 6.58121967316, 4.48682832718, 5.78058195114, 7.20590162277, 8.79673099518, 8.47716999054, 15.1292476654, 18.8642597198, 13.7554769516, 13.7907581329, 12.3857660294, 17.7016372681, 28.2393569946, 46.5197944641, 47.9340438843, 30.7343235016, 25.9565944672, 22.0176410675, 17.3648529053, 17.5395774841, 9.50313282013, 8.52103710175, 5.77691411972, 1.8324906826, 1.246494174, 1.21610581875, 0.501181602478, 0.0488871596754, 0.00220018881373, 0.000126400278532, 2.05331434699e-05, 2.02554801945e-05, 3.36382217938e-05],
        "min": [1.72549590616e-07, 2.63648394139e-06, 1.30771313707e-05, 3.05110042973e-05, 7.35638022888e-05, 6.23074520263e-05, 5.05449170305e-05, 6.36884578853e-05, 3.18026795867e-05, 3.77258402295e-05, 9.36610376812e-05, 9.87497260212e-05, 1.79205944733e-05, 0.000111767127237, 0.000115222945169, 7.58460591896e-05, 1.81468749361e-05, 1.5920628357e-05, 2.68515832431e-05, 2.48465767072e-05, 0.000107200852653, 6.15581884631e-05, 0.000101901612652, 4.55790977867e-05, 0.000126409388031, 0.000341378763551, 0.000331760267727, 0.000179669907084, 7.21112955944e-05, 2.67340583378e-05, 7.64440119383e-06, 3.49425067725e-06, 3.91400226363e-06, 5.25226232639e-06, 5.92476226302e-07, 8.10704463561e-08, 2.74185296689e-08, 8.95289353764e-09, 2.64121124971e-09, 8.74675443185e-10],
        "var": [0.0968291610479, 2.64441609383, 38.9686164856, 130.836608887, 816.547668457, 741.38458252, 80.7085418701, 112.841682434, 162.625198364, 206.562286377, 349.261810303, 683.278808594, 1534.21862793, 2313.12744141, 2275.81323242, 847.773803711, 598.329345703, 504.75668335, 992.252807617, 2415.79418945, 3232.5300293, 2479.93920898, 631.920593262, 363.227355957, 323.653411865, 273.580169678, 230.745742798, 83.2829055786, 111.054824829, 82.6690292358, 27.7709255219, 40.0397605896, 23.0740184784, 2.11232471466, 0.0201833005995, 3.71610622096e-05, 8.25665225079e-08, 1.42890910215e-09, 1.71892305945e-10, 4.99037700052e-10]
    },
    "gfcc": {
        "mean": [16.6170787811, 115.194610596, -153.625610352, 74.9385604858, -63.3168830872, 19.3781509399, -37.3296852112, -1.03103601933, -17.5949382782, -22.4628887177, -7.4980931282, -18.6868648529, 5.65542650223],
        "cov": [[1683.61608887, -461.17956543, -4.93402004242, 67.8870925903, -118.680374146, 213.091217041, -134.358627319, 74.2369003296, -99.213218689, 45.1879463196, -68.6115646362, 6.41997861862, -7.40149879456], [-461.17956543, 724.612670898, -64.2348480225, -71.6802368164, 244.716964722, -218.650665283, 202.090896606, -104.907096863, 151.879058838, -61.844543457, 93.121055603, -44.267665863, 25.636428833], [-4.93402004242, -64.2348480225, 282.966125488, 89.0485839844, -36.5577278137, 67.5309524536, -54.1854324341, 21.4206123352, 10.5979127884, 22.5746250153, 12.6202411652, 13.1906986237, -7.75594186783], [67.8870925903, -71.6802368164, 89.0485839844, 133.895370483, 29.8723125458, 25.8132190704, -11.1750421524, 10.2789335251, 4.96255636215, 12.1838035583, 7.1957359314, 16.3547725677, 5.42296457291], [-118.680374146, 244.716964722, -36.5577278137, 29.8723125458, 201.927444458, -25.8843250275, 103.064048767, -9.35841083527, 63.2197418213, -12.07762146, 41.0392150879, -0.817906141281, 27.2479743958], [213.091217041, -218.650665283, 67.5309524536, 25.8132190704, -25.8843250275, 180.701522827, -9.97158813477, 62.5890922546, -32.6251182556, 33.4576148987, -12.733499527, 19.7093849182, 6.02862787247], [-134.358627319, 202.090896606, -54.1854324341, -11.1750421524, 103.064048767, -9.97158813477, 157.124481201, 7.01540803909, 44.1836967468, -5.85764503479, 29.6013469696, -9.510846138, 18.1759586334], [74.2369003296, -104.907096863, 21.4206123352, 10.2789335251, -9.35841083527, 62.5890922546, 7.01540803909, 101.31022644, 21.3379707336, 34.0070877075, -12.2791824341, 17.6865825653, 8.99660968781], [-99.213218689, 151.879058838, 10.5979127884, 4.96255636215, 63.2197418213, -32.6251182556, 44.1836967468, 21.3379707336, 110.249809265, 11.2035360336, 26.0509624481, -4.04532718658, 5.32244348526], [45.1879463196, -61.844543457, 22.5746250153, 12.1838035583, -12.07762146, 33.4576148987, -5.85764503479, 34.0070877075, 11.2035360336, 72.0876693726, 13.3171319962, 11.1938676834, 4.86085033417], [-68.6115646362, 93.121055603, 12.6202411652, 7.1957359314, 41.0392150879, -12.733499527, 29.6013469696, -12.2791824341, 26.0509624481, 13.3171319962, 56.6887207031, 18.3924884796, 7.94272375107], [6.41997861862, -44.267665863, 13.1906986237, 16.3547725677, -0.817906141281, 19.7093849182, -9.510846138, 17.6865825653, -4.04532718658, 11.1938676834, 18.3924884796, 47.8816413879, 21.6852035522], [-7.40149879456, 25.636428833, -7.75594186783, 5.42296457291, 27.2479743958, 6.02862787247, 18.1759586334, 8.99660968781, 5.32244348526, 4.86085033417, 7.94272375107, 21.6852035522, 44.4441146851]],
        "icov": [[0.000888438953552, -0.00122821726836, 0.00119284295943, -0.00159815745428, 0.000988662941381, -0.00205433601514, 0.00159633439034, -0.000819699547719, 0.000725028337911, -0.000338763231412, 0.000456163194031, 0.000344105996192, 0.000146008067532], [-0.00122821726836, 0.0301710180938, -0.0138299427927, 0.0222642756999, -0.0190974455327, 0.0248163808137, -0.0202206000686, 0.0147622833028, -0.0151064032689, 0.00789344403893, -0.0148460473865, 0.0119792371988, -0.0113606527448], [0.00119284295943, -0.0138299427927, 0.0127753578126, -0.0145871238783, 0.0108239725232, -0.0144751714543, 0.0117504699156, -0.00709326844662, 0.00498648965731, -0.00253764959052, 0.00290315598249, -0.00254538026638, 0.00454674195498], [-0.00159815745428, 0.0222642756999, -0.0145871238783, 0.0283284652978, -0.0182777121663, 0.0195028241724, -0.0149610750377, 0.0116437990218, -0.0102088404819, 0.00389831280336, -0.00736556760967, 0.00346731278114, -0.00636830646545], [0.000988662941381, -0.0190974455327, 0.0108239725232, -0.0182777121663, 0.0230900961906, -0.0168885719031, 0.00904454663396, -0.00852253194898, 0.00574152730405, -0.00205499399453, 0.00419340189546, -0.00384367140941, 0.00212375423871], [-0.00205433601514, 0.0248163808137, -0.0144751714543, 0.0195028241724, -0.0168885719031, 0.031269416213, -0.0188484154642, 0.00716957822442, -0.00770340813324, 0.00413530087098, -0.0104472525418, 0.00717236660421, -0.00835523754358], [0.00159633439034, -0.0202206000686, 0.0117504699156, -0.0149610750377, 0.00904454663396, -0.0188484154642, 0.0264904983342, -0.013405315578, 0.00953866355121, -0.0029793351423, 0.00275468057953, 1.12642237582e-06, 0.00338794733398], [-0.000819699547719, 0.0147622833028, -0.00709326844662, 0.0116437990218, -0.00852253194898, 0.00716957822442, -0.013405315578, 0.027958959341, -0.0149730667472, -0.00322892749682, 0.00558521272615, -0.00545666459948, -0.00342463329434], [0.000725028337911, -0.0151064032689, 0.00498648965731, -0.0102088404819, 0.00574152730405, -0.00770340813324, 0.00953866355121, -0.0149730667472, 0.0238346550614, -0.00506609445438, 0.00161338690668, -0.00121860904619, 0.00561118451878], [-0.000338763231412, 0.00789344403893, -0.00253764959052, 0.00389831280336, -0.00205499399453, 0.00413530087098, -0.0029793351423, -0.00322892749682, -0.00506609445438, 0.0226632673293, -0.0148768024519, 0.00840210542083, -0.00626992434263], [0.000456163194031, -0.0148460473865, 0.00290315598249, -0.00736556760967, 0.00419340189546, -0.0104472525418, 0.00275468057953, 0.00558521272615, 0.00161338690668, -0.0148768024519, 0.0478947982192, -0.0305191595107, 0.0143993319944], [0.000344105996192, 0.0119792371988, -0.00254538026638, 0.00346731278114, -0.00384367140941, 0.00717236660421, 1.12642237582e-06, -0.00545666459948, -0.00121860904619, 0.00840210542083, -0.0305191595107, 0.0517749413848, -0.0258130785078], [0.000146008067532, -0.0113606527448, 0.00454674195498, -0.00636830646545, 0.00212375423871, -0.00835523754358, 0.00338794733398, -0.00342463329434, 0.00561118451878, -0.00626992434263, 0.0143993319944, -0.0258130785078, 0.0398222357035]]
    },
    "melbands": {
        "dmean": [0.00113343063276, 0.00163304200396, 0.0015647765249, 0.00126044510398, 0.000216071595787, 0.000124895756016, 8.80726292962e-05, 6.83563921484e-05, 8.60655127326e-05, 6.63396058371e-05, 5.6283082813e-05, 6.55702751828e-05, 7.75695443735e-05, 3.59304976882e-05, 2.94523924822e-05, 2.3964281354e-05, 2.30146033573e-05, 2.7179476092e-05, 2.57181091001e-05, 3.51374801539e-05, 3.32544659614e-05, 3.11482363031e-05, 1.58161201398e-05, 1.43685920193e-05, 9.83103291219e-06, 9.22998879105e-06, 7.02125907992e-06, 6.33172476228e-06, 6.07238825978e-06, 4.46334615845e-06, 2.44894795287e-06, 3.17613034895e-06, 3.21089305544e-06, 1.89937350115e-06, 8.70723795288e-07, 8.66806033173e-07, 8.86872442152e-07, 8.8404010512e-07, 4.12579112208e-07, 3.47910827259e-07],
        "dmean2": [0.00166907336097, 0.00275365193374, 0.00264990050346, 0.0021866587922, 0.000357371172868, 0.00020161800785, 0.000146658872836, 0.000113241927465, 0.00014231656678, 0.000111076362373, 8.9430162916e-05, 0.000106004139525, 0.000125501668663, 5.84517474636e-05, 4.75018750876e-05, 3.9715640014e-05, 3.83743172279e-05, 4.52799577033e-05, 4.29753345088e-05, 5.97991456743e-05, 5.46985611436e-05, 5.14865860168e-05, 2.63115252892e-05, 2.40092249442e-05, 1.64302109624e-05, 1.5262656234e-05, 1.15300281323e-05, 1.07214873424e-05, 1.0117479178e-05, 7.63440220908e-06, 4.16265356762e-06, 5.34468927071e-06, 5.25509403815e-06, 3.10204723064e-06, 1.40657675729e-06, 1.3517555999e-06, 1.3902271121e-06, 1.39882604344e-06, 6.3213917656e-07, 5.41504448393e-07],
        "dvar": [4.55014787804e-06, 6.88375985192e-06, 5.15513602295e-06, 7.35054481993e-06, 1.20457045227e-07, 5.02914474509e-08, 2.93632389514e-08, 2.27565006838e-08, 3.035078322e-08, 2.68721649377e-08, 1.91031244157e-08, 2.22721361354e-08, 2.64863189159e-08, 4.83976458909e-09, 2.67008970489e-09, 1.64105906642e-09, 1.5636117956e-09, 2.58557064647e-09, 2.09850070654e-09, 3.93534893561e-09, 2.1069721523e-09, 1.74241687745e-09, 3.76557646176e-10, 2.77070033583e-10, 1.25596422151e-10, 1.21561510857e-10, 9.03185998213e-11, 8.6180965142e-11, 6.45935457899e-11, 3.67845372218e-11, 1.79287331509e-11, 2.17498397764e-11, 2.43546884049e-11, 1.42941032275e-11, 4.93802221335e-12, 9.19550633555e-12, 1.10515086665e-11, 9.89121371614e-12, 1.26084895562e-12, 5.24349444073e-13],
        "dvar2": [9.25618496694e-06, 1.85593580682e-05, 1.38879559017e-05, 1.99413152586e-05, 3.33714240242e-07, 1.37605510986e-07, 7.68702648202e-08, 5.86156225779e-08, 8.14065046484e-08, 7.31177607349e-08, 4.12828846663e-08, 5.33237454192e-08, 6.27416696375e-08, 1.19027090406e-08, 6.44214415146e-09, 4.33856595095e-09, 4.12052125753e-09, 6.76565381497e-09, 5.31186472585e-09, 1.0793869798e-08, 5.41448130775e-09, 4.7315751317e-09, 9.59078039209e-10, 7.3243316967e-10, 3.41283806771e-10, 3.21724785701e-10, 2.42473957579e-10, 2.34092883966e-10, 1.73914480039e-10, 1.02884076258e-10, 5.0065309537e-11, 5.88208440289e-11, 6.17796300229e-11, 3.16084484975e-11, 1.06174791181e-11, 2.18292692949e-11, 2.76289928436e-11, 2.36342577453e-11, 2.53720156863e-12, 1.17193451124e-12],
        "max": [0.0157699026167, 0.02658008039, 0.0221112649888, 0.0248613785952, 0.0047805281356, 0.00435083592311, 0.00237993453629, 0.00291909137741, 0.00296695856377, 0.00365853332914, 0.00458734901622, 0.00298346369527, 0.00350799015723, 0.0017157261027, 0.000964958686382, 0.00101413868833, 0.00067914306419, 0.00102216959931, 0.000589467643294, 0.00180520559661, 0.00104498222936, 0.000701705808751, 0.000494422973134, 0.000240309280343, 0.000125339516671, 0.000174288856215, 0.000109696273284, 0.00012808246538, 0.000126614540932, 6.80457815179e-05, 5.58573337912e-05, 6.5618485678e-05, 9.12350442377e-05, 7.13952540536e-05, 6.69863729854e-05, 0.000104815197119, 0.000106151754153, 0.00011324355728, 3.54908188456e-05, 1.85616863746e-05],
        "mean": [0.00128011568449, 0.00250789779238, 0.00230364431627, 0.0014201864833, 0.000382609752705, 0.000217930035433, 0.000128220635816, 9.82604688033e-05, 0.000121441211377, 9.23960687942e-05, 8.47665214678e-05, 0.000107332598418, 0.00012153089483, 5.86679234402e-05, 4.95261519973e-05, 3.8470592699e-05, 3.49233159795e-05, 4.17082192143e-05, 4.19912175857e-05, 6.31741277175e-05, 6.91704990459e-05, 6.63299215375e-05, 3.51664493792e-05, 3.1291590858e-05, 2.25925159612e-05, 2.07298708119e-05, 1.53533892444e-05, 1.29780264615e-05, 1.33475750772e-05, 1.00223405752e-05, 5.04155514136e-06, 6.26903147349e-06, 6.19400043433e-06, 3.59940645467e-06, 1.68017618307e-06, 1.55846271355e-06, 1.64230380051e-06, 1.76649848527e-06, 9.18435489439e-07, 7.1599055218e-07],
        "median": [0.00032102514524, 0.00166974717285, 0.00166987651028, 0.000778357149102, 0.000269882002613, 0.000153278757352, 6.79485165165e-05, 5.808844071e-05, 6.65456318529e-05, 5.12991282449e-05, 3.95260758523e-05, 5.87315698795e-05, 6.82968602632e-05, 3.88164116885e-05, 3.14038479701e-05, 2.55379873124e-05, 2.18875866267e-05, 2.72950219369e-05, 2.75205529761e-05, 4.60737901449e-05, 5.45438706467e-05, 5.33888814971e-05, 2.85701662506e-05, 2.66846454906e-05, 1.95405409613e-05, 1.75045788637e-05, 1.26252443806e-05, 1.05436720332e-05, 1.09576149043e-05, 8.43906309456e-06, 4.05818855143e-06, 4.78523952552e-06, 4.51538517154e-06, 2.38829420596e-06, 9.95291998152e-07, 7.19745742117e-07, 7.31773866391e-07, 9.18171792819e-07, 5.47406443729e-07, 3.75201068437e-07],
        "min": [2.13745021682e-09, 5.76315528633e-09, 9.88965442872e-09, 4.41791669914e-09, 1.93146254546e-09, 1.51554657712e-09, 4.63650118299e-10, 4.35335961724e-10, 8.94785467942e-10, 5.23999343915e-10, 5.73080922994e-11, 4.18584139572e-10, 4.69166039352e-10, 2.20095289216e-10, 1.09208787846e-10, 2.14363665707e-11, 3.0217217617e-11, 4.73022246372e-11, 2.6368749198e-11, 5.39566759328e-11, 1.45894227255e-10, 5.82074527467e-11, 9.61413726408e-11, 7.12809533621e-11, 2.62480454039e-11, 6.32644978071e-11, 1.89211618595e-10, 2.30194488471e-10, 1.64891794663e-10, 1.95644347945e-10, 8.73240507682e-11, 4.75975509007e-11, 2.1547546733e-11, 1.15549653179e-11, 3.97051835854e-12, 2.71308409766e-12, 2.08140687845e-12, 2.75406238613e-12, 3.06962051264e-12, 5.03602411508e-12],
        "var": [5.72009412281e-06, 7.50204208089e-06, 5.25314089828e-06, 5.37920550414e-06, 1.43308383826e-07, 5.61885862282e-08, 3.54473215225e-08, 2.48616967014e-08, 3.25973417148e-08, 2.4222371664e-08, 4.23686650208e-08, 3.82744822502e-08, 5.24528758206e-08, 8.54057446986e-09, 4.44238157371e-09, 2.28435381722e-09, 2.13893880385e-09, 3.39858319265e-09, 3.05279024282e-09, 6.02492766788e-09, 5.01287589216e-09, 3.75635167416e-09, 8.53211390428e-10, 5.45771650096e-10, 2.42406650308e-10, 2.33393554483e-10, 1.55848459138e-10, 1.23411780795e-10, 1.2675385741e-10, 6.41399988677e-11, 2.21053609445e-11, 3.69443642345e-11, 4.32346033974e-11, 2.49292617799e-11, 7.91647823684e-12, 1.31380054405e-11, 1.64669042291e-11, 1.67607316914e-11, 3.23113736288e-12, 1.23131821579e-12]
    },
    "mfcc": {
        "mean": [-596.237304688, 105.513778687, -11.6970281601, 39.6110191345, 9.33415985107, 9.69479656219, 1.97684395313, 7.80804920197, 3.879519701, -6.26168966293, -8.22993946075, -3.86775422096, -2.70457267761],
        "cov": [[1689.19274902, -474.103271484, 24.2127399445, -132.483520508, 20.021112442, 31.3387184143, 26.0483322144, -18.0384101868, 20.1617546082, -19.5911579132, 8.52730369568, -56.6531219482, -1.61392581463], [-474.103271484, 748.88482666, -233.768554688, 153.689605713, -25.106464386, 6.0135345459, -4.82291555405, 22.1789035797, 7.49104261398, 40.2661170959, 3.61305856705, 62.5893058777, -18.8190326691], [24.2127399445, -233.768554688, 351.576080322, -36.2755508423, 47.7866744995, 10.5359773636, -25.1493415833, -6.57872724533, -29.3236083984, 8.43632316589, 7.8426451683, -17.6207427979, 12.3005752563], [-132.483520508, 153.689605713, -36.2755508423, 171.226898193, 27.7456550598, 10.8929738998, -4.79117631912, 3.71599268913, 5.7142624855, -4.38541889191, 1.0755366087, 33.2538414001, 9.0843000412], [20.021112442, -25.106464386, 47.7866744995, 27.7456550598, 107.957321167, 25.348526001, -3.16905856133, 17.6425914764, 8.64251613617, 6.65511083603, 3.58961772919, 12.8649892807, 14.8189249039], [31.3387184143, 6.0135345459, 10.5359773636, 10.8929738998, 25.348526001, 79.5241088867, 44.7007865906, 11.1565361023, 1.62737488747, 12.1413822174, 7.33551549911, -1.77176046371, 3.84171533585], [26.0483322144, -4.82291555405, -25.1493415833, -4.79117631912, -3.16905856133, 44.7007865906, 97.4853591919, 23.8952636719, 17.2834701538, 1.97441661358, 7.99331903458, -1.5631582737, 4.98374843597], [-18.0384101868, 22.1789035797, -6.57872724533, 3.71599268913, 17.6425914764, 11.1565361023, 23.8952636719, 71.4983444214, 30.7377090454, 13.5431909561, 3.48040723801, 10.767906189, 6.26428556442], [20.1617546082, 7.49104261398, -29.3236083984, 5.7142624855, 8.64251613617, 1.62737488747, 17.2834701538, 30.7377090454, 75.7706680298, 28.9394207001, 15.0951166153, 4.10609912872, 13.0285110474], [-19.5911579132, 40.2661170959, 8.43632316589, -4.38541889191, 6.65511083603, 12.1413822174, 1.97441661358, 13.5431909561, 28.9394207001, 65.0370788574, 23.8730144501, 9.94589710236, 1.40733206272], [8.52730369568, 3.61305856705, 7.8426451683, 1.0755366087, 3.58961772919, 7.33551549911, 7.99331903458, 3.48040723801, 15.0951166153, 23.8730144501, 49.6622123718, 20.1979541779, 7.41227197647], [-56.6531219482, 62.5893058777, -17.6207427979, 33.2538414001, 12.8649892807, -1.77176046371, -1.5631582737, 10.767906189, 4.10609912872, 9.94589710236, 20.1979541779, 56.2382888794, 18.4545993805], [-1.61392581463, -18.8190326691, 12.3005752563, 9.0843000412, 14.8189249039, 3.84171533585, 4.98374843597, 6.26428556442, 13.0285110474, 1.40733206272, 7.41227197647, 18.4545993805, 43.4026565552]],
