{
"lowlevel": {
    "average_loudness": 0.814385175705,
    "barkbands_crest": {
        "dmean": 3.26319074631,
        "dmean2": 5.14663982391,
        "dvar": 9.03073120117,
        "dvar2": 20.6200256348,
        "max": 25.8631381989,
        "mean": 10.8959465027,
        "median": 9.72604560852,
        "min": 2.70547032356,
        "var": 21.5015678406
    },
    "barkbands_flatness_db": {
        "dmean": 0.0242783874273,
        "dmean2": 0.0372600667179,
        "dvar": 0.000508216093294,
        "dvar2": 0.00118529133033,
        "max": 0.393167406321,
        "mean": 0.203815445304,
        "median": 0.203003272414,
        "min": 0.093500636518,
        "var": 0.00190581742208
    },
    "barkbands_kurtosis": {
        "dmean": 2.37913894653,
        "dmean2": 3.77497243881,
        "dvar": 21.8639259338,
        "dvar2": 51.3952827454,
        "max": 89.0393600464,
        "mean": 2.60226035118,
        "median": 1.00648450851,
        "min": -1.79572224617,
        "var": 36.9701347351
    },
    "barkbands_skewness": {
        "dmean": 0.566638529301,
        "dmean2": 0.833531737328,
        "dvar": 0.341101497412,
        "dvar2": 0.718753099442,
        "max": 8.23031711578,
        "mean": 0.708051681519,
        "median": 0.5881716609,
        "min": -4.61762237549,
        "var": 1.39890563488
    },
    "barkbands_spread": {
        "dmean": 3.90432906151,
        "dmean2": 5.99144172668,
        "dvar": 21.8397541046,
        "dvar2": 45.2944221497,
        "max": 67.2440795898,
        "mean": 13.490732193,
        "median": 11.8042402267,
        "min": 0.83486276865,
        "var": 61.6433753967
    },
    "dissonance": {
        "dmean": 0.0298923570663,
        "dmean2": 0.0506161861122,
        "dvar": 0.000799410103355,
        "dvar2": 0.00217238883488,
        "max": 0.49999704957,
        "mean": 0.444602400064,
        "median": 0.453774601221,
        "min": 0.251820474863,
        "var": 0.00170465593692
    },
    "dynamic_complexity": 4.04680585861,
    "erbbands_crest": {
        "dmean": 3.83795118332,
        "dmean2": 6.11583757401,
        "dvar": 12.2942934036,
        "dvar2": 27.5171432495,
        "max": 34.0419616699,
        "mean": 12.691204071,
        "median": 11.4058418274,
        "min": 3.08276414871,
        "var": 32.400226593
    },
    "erbbands_flatness_db": {
        "dmean": 0.0219642017037,
        "dmean2": 0.0315154567361,
        "dvar": 0.000479334616102,
        "dvar2": 0.000968745094724,
        "max": 0.435139745474,
        "mean": 0.270804315805,
        "median": 0.27178299427,
        "min": 0.143870890141,
        "var": 0.00233526923694
    },
    "erbbands_kurtosis": {
        "dmean": 1.66406023502,
        "dmean2": 2.61901926994,
        "dvar": 7.72128295898,
        "dvar2": 17.7021274567,
        "max": 48.8932037354,
        "mean": 1.4781525135,
        "median": 0.456994771957,
        "min": -1.77462506294,
        "var": 12.155128479
    },
    "erbbands_skewness": {
        "dmean": 0.496168345213,
        "dmean2": 0.755440413952,
        "dvar": 0.26998269558,
        "dvar2": 0.588310480118,
        "max": 4.17234897614,
        "mean": 0.335406780243,
        "median": 0.39998331666,
        "min": -4.60202980042,
        "var": 0.95980244875
    },
    "erbbands_spread": {
        "dmean": 5.94039011002,
        "dmean2": 8.83140563965,
        "dvar": 43.2158889771,
        "dvar2": 89.6928939819,
        "max": 100.304603577,
        "mean": 21.4361362457,
        "median": 18.5887699127,
        "min": 1.06458306313,
        "var": 171.95602417
    },
    "hfc": {
        "dmean": 7.76105737686,
        "dmean2": 10.3766708374,
        "dvar": 196.921691895,
        "dvar2": 388.891265869,
        "max": 250.930328369,
        "mean": 16.4439849854,
        "median": 6.79299354553,
        "min": 0.000122737284983,
        "var": 590.305358887
    },
    "melbands_crest": {
        "dmean": 3.74032473564,
        "dmean2": 5.94959211349,
        "dvar": 10.9389533997,
        "dvar2": 27.2109737396,
        "max": 31.4574985504,
        "mean": 13.0240783691,
        "median": 11.9712457657,
        "min": 4.01772212982,
        "var": 26.0025634766
    },
    "melbands_flatness_db": {
        "dmean": 0.0239848420024,
        "dmean2": 0.0339112244546,
        "dvar": 0.000543374218978,
        "dvar2": 0.00110037310515,
        "max": 0.453367561102,
        "mean": 0.211252525449,
        "median": 0.211313575506,
        "min": 0.0519874319434,
        "var": 0.00310008833185
    },
    "melbands_kurtosis": {
        "dmean": 3.37175273895,
        "dmean2": 5.28046560287,
        "dvar": 37.4692420959,
        "dvar2": 87.2660827637,
        "max": 113.687240601,
        "mean": 4.87277126312,
        "median": 2.04874515533,
        "min": -1.83057940006,
        "var": 79.014175415
    },
    "melbands_skewness": {
        "dmean": 0.621598303318,
        "dmean2": 0.903080165386,
        "dvar": 0.390387743711,
        "dvar2": 0.819052577019,
        "max": 8.37917137146,
        "mean": 1.15186750889,
        "median": 0.964502394199,
        "min": -4.33266830444,
        "var": 1.71722078323
    },
    "melbands_spread": {
        "dmean": 6.34546136856,
        "dmean2": 9.59545230865,
        "dvar": 53.9527854919,
        "dvar2": 114.074981689,
        "max": 116.902984619,
        "mean": 22.0336818695,
        "median": 19.4158668518,
        "min": 1.04871284962,
        "var": 167.924957275
    },
    "pitch_salience": {
        "dmean": 0.0787987112999,
        "dmean2": 0.121825844049,
        "dvar": 0.00525887263939,
        "dvar2": 0.012096288614,
        "max": 0.872044503689,
        "mean": 0.565175652504,
        "median": 0.571917355061,
        "min": 0.125089332461,
        "var": 0.0160092189908
    },
    "silence_rate_20dB": {
        "dmean": 0,
        "dmean2": 0,
        "dvar": 0,
        "dvar2": 0,
        "max": 1,
        "mean": 1,
        "median": 1,
        "min": 1,
        "var": 0
    },
    "silence_rate_30dB": {
        "dmean": 0.00232198135927,
        "dmean2": 0.00464576063678,
        "dvar": 0.00231660110876,
        "dvar2": 0.00462419446558,
        "max": 1,
        "mean": 0.996518373489,
        "median": 1,
        "min": 0,
        "var": 0.00346945459023
    },
    "silence_rate_60dB": {
        "dmean": 0.102167181671,
        "dmean2": 0.204413473606,
        "dvar": 0.0917283892632,
        "dvar2": 0.184305980802,
        "max": 1,
        "mean": 0.224758222699,
        "median": 0,
        "min": 0,
        "var": 0.174240335822
    },
    "spectral_centroid": {
        "dmean": 238.786346436,
        "dmean2": 338.790100098,
        "dvar": 66696.390625,
        "dvar2": 121719.648438,
        "max": 3737.62231445,
        "mean": 1402.52893066,
        "median": 1328.12536621,
        "min": 272.274475098,
        "var": 377470.40625
    },
    "spectral_complexity": {
        "dmean": 2.55417966843,
        "dmean2": 3.64924502373,
        "dvar": 6.40648508072,
        "dvar2": 11.6849489212,
        "max": 53,
        "mean": 11.753578186,
        "median": 11,
        "min": 0,
        "var": 45.488658905
    },
    "spectral_decrease": {
        "dmean": 1.31436417306e-09,
        "dmean2": 1.79609904727e-09,
        "dvar": 4.66129137832e-18,
        "dvar2": 8.79241457792e-18,
        "max": -2.69006110519e-14,
        "mean": -3.20192894421e-09,
        "median": -1.85442017298e-09,
        "min": -4.01244939496e-08,
        "var": 1.56352256634e-17
    },
    "spectral_energy": {
        "dmean": 0.00564394006506,
        "dmean2": 0.00768574746326,
        "dvar": 8.72694508871e-05,
        "dvar2": 0.000165565143107,
        "max": 0.171698376536,
        "mean": 0.0135763380677,
        "median": 0.00760144693777,
        "min": 1.12661744822e-07,
        "var": 0.000289252842776
    },
    "spectral_energyband_high": {
        "dmean": 9.22667022678e-05,
        "dmean2": 0.000122367448057,
        "dvar": 5.71903271407e-08,
        "dvar2": 9.81252057386e-08,
        "max": 0.00681483279914,
        "mean": 0.000191912331502,
        "median": 4.4973774493e-05,
        "min": 2.51940190932e-10,
        "var": 3.27546246126e-07
    },
    "spectral_energyband_low": {
        "dmean": 0.000104914426629,
        "dmean2": 0.000158569047926,
        "dvar": 2.63493120656e-08,
        "dvar2": 5.74653427066e-08,
        "max": 0.00400602212176,
        "mean": 0.000221987764235,
        "median": 0.000126829225337,
        "min": 2.14802575726e-09,
        "var": 9.12704578582e-08
    },
    "spectral_energyband_middle_high": {
        "dmean": 0.00450766086578,
        "dmean2": 0.00622052606195,
        "dvar": 7.66914890846e-05,
        "dvar2": 0.00015226782125,
        "max": 0.164731666446,
        "mean": 0.00853314530104,
        "median": 0.00273850630037,
        "min": 5.3968747693e-08,
        "var": 0.000206721539143
    },
    "spectral_energyband_middle_low": {
        "dmean": 0.0019298287807,
        "dmean2": 0.0027465459425,
        "dvar": 1.0335137631e-05,
        "dvar2": 2.02976334549e-05,
        "max": 0.0756130516529,
        "mean": 0.00494379503652,
        "median": 0.00311644538306,
        "min": 5.58499806402e-08,
        "var": 3.39236830769e-05
    },
    "spectral_entropy": {
        "dmean": 0.191075876355,
        "dmean2": 0.278770148754,
        "dvar": 0.0343239717185,
        "dvar2": 0.0727604106069,
        "max": 8.17816638947,
        "mean": 7.09914302826,
        "median": 7.09624433517,
        "min": 5.37370729446,
        "var": 0.169109031558
    },
    "spectral_flux": {
        "dmean": 0.02541474998,
        "dmean2": 0.0402143597603,
        "dvar": 0.000929937465116,
        "dvar2": 0.00230962503701,
        "max": 0.315261811018,
        "mean": 0.0651872083545,
        "median": 0.0520672053099,
        "min": 0.000865318288561,
        "var": 0.00214852928184
    },
    "spectral_kurtosis": {
        "dmean": 3.92141842842,
        "dmean2": 6.91585159302,
        "dvar": 14.1543722153,
        "dvar2": 41.7720718384,
        "max": 33.6395530701,
        "mean": 6.5561003685,
        "median": 5.24742126465,
        "min": -1.0136731863,
        "var": 25.8074836731
    },
    "spectral_rms": {
        "dmean": 0.000716755283065,
        "dmean2": 0.000939035089687,
        "dvar": 7.23659354662e-07,
        "dvar2": 1.31262470404e-06,
        "max": 0.0129425888881,
        "mean": 0.00314086349681,
        "median": 0.00272324169055,
        "min": 1.04839828055e-05,
        "var": 3.38019503943e-06
    },
    "spectral_rolloff": {
        "dmean": 335.549499512,
        "dmean2": 567.450561523,
        "dvar": 353564.59375,
        "dvar2": 717213.4375,
        "max": 6869.09179688,
        "mean": 1598.10180664,
        "median": 1421.19140625,
        "min": 193.798828125,
        "var": 813364.875
    },
    "spectral_skewness": {
        "dmean": 0.395252525806,
        "dmean2": 0.668646097183,
        "dvar": 0.122468009591,
        "dvar2": 0.333862394094,
        "max": 3.88430905342,
        "mean": 1.54411280155,
        "median": 1.45337712765,
        "min": -0.127480208874,
        "var": 0.354907572269
    },
    "spectral_spread": {
        "dmean": 297695.1875,
        "dmean2": 449802.84375,
        "dvar": 98044084224,
        "dvar2": 188323610624,
        "max": 6788728,
        "mean": 2777011.25,
        "median": 2643668,
        "min": 1430098.625,
        "var": 535242113024
    },
    "spectral_strongpeak": {
        "dmean": 1.11098992825,
        "dmean2": 1.64160633087,
        "dvar": 2.5346903801,
        "dvar2": 5.10991191864,
        "max": 16.3103294373,
        "mean": 2.03822636604,
        "median": 1.15074157715,
        "min": 0.00541403423995,
        "var": 5.64760255814
    },
    "zerocrossingrate": {
        "dmean": 0.00774144986644,
        "dmean2": 0.00844369269907,
        "dvar": 6.85089835315e-05,
        "dvar2": 7.84994263086e-05,
        "max": 0.21240234375,
        "mean": 0.0573215745389,
        "median": 0.05419921875,
        "min": 0.0107421875,
        "var": 0.000547888805158
    },
    "barkbands": {
        "dmean": [8.15349176264e-06, 5.31293808308e-05, 4.40690528194e-05, 6.87873762217e-05, 0.000362879392924, 0.000568044895772, 0.000308300805045, 0.000419419433456, 0.000888450420462, 0.000512213387992, 0.00111767509952, 0.00115093507338, 0.00103485991713, 0.000773933483288, 0.000420687458245, 0.000629816029686, 0.000236873544054, 0.000155809873831, 0.000164582321304, 0.000134071786306, 3.05774992739e-05, 1.81179038918e-05, 1.31687747853e-05, 5.4933498177e-06, 3.26487452185e-07, 6.67221944362e-10, 5.5533705412e-10],
        "dmean2": [1.272508689e-05, 8.24020025902e-05, 6.65673142066e-05, 0.000111961293442, 0.000576856313273, 0.000828504911624, 0.000461353658466, 0.000643034640234, 0.00129350333009, 0.000726879574358, 0.00167573441286, 0.00163768103812, 0.0015146851074, 0.00111745286267, 0.000661930709612, 0.000931682181545, 0.000359822646715, 0.000250103243161, 0.000221381211304, 0.000204894095077, 4.18046183768e-05, 2.48900814768e-05, 1.77041965799e-05, 7.48568390918e-06, 4.41983814881e-07, 1.15684228863e-09, 1.04310182714e-09],
        "dvar": [7.544431746e-11, 1.13042251115e-08, 5.65202995517e-09, 1.08623154915e-08, 4.69839136485e-07, 1.15399780043e-06, 8.77359468632e-07, 1.98313546207e-06, 6.51278651276e-06, 1.70402381627e-06, 1.18084944916e-05, 1.6220512407e-05, 1.30168518808e-05, 1.04967075458e-05, 1.3950544826e-06, 7.96252788859e-06, 1.69434133568e-06, 3.85936033354e-07, 1.85638057815e-07, 1.616390648e-07, 7.51523199227e-09, 3.40091221851e-09, 1.50686552125e-09, 2.17425771831e-10, 1.46256867294e-12, 1.80866515093e-18, 1.04635390317e-18],
        "dvar2": [1.78218120817e-10, 2.75411000672e-08, 1.16448060083e-08, 2.68831872319e-08, 1.18665388982e-06, 2.41768179876e-06, 1.54230804128e-06, 4.19121852246e-06, 1.2938198779e-05, 3.18534102917e-06, 2.61176191998e-05, 2.95152258332e-05, 2.74023150268e-05, 2.19418525376e-05, 3.40821225109e-06, 1.8458615159e-05, 3.73403099729e-06, 1.03498564386e-06, 3.48109267634e-07, 3.47923190702e-07, 1.47003849094e-08, 6.06262906544e-09, 2.73351874469e-09, 3.82864268067e-10, 2.60317592135e-12, 4.62299084801e-18, 3.39403971975e-18],
        "max": [9.62418853305e-05, 0.00247389636934, 0.00198452989571, 0.0019724231679, 0.0148064754903, 0.0228849556297, 0.0346396677196, 0.0419529266655, 0.0718319714069, 0.0240986980498, 0.0687344148755, 0.13515996933, 0.0796378701925, 0.0761724337935, 0.0210234336555, 0.0581527501345, 0.0282522849739, 0.0141356661916, 0.0117477737367, 0.00824587233365, 0.00252711866051, 0.00188393064309, 0.00121936260257, 0.000421297940193, 3.6613750126e-05, 3.0904409698e-08, 1.12701092903e-08],
        "mean": [1.08641042971e-05, 8.26724644867e-05, 7.92978025856e-05, 0.000106080689875, 0.000613676384091, 0.00108312722296, 0.000529132026713, 0.000575899553951, 0.00150221353397, 0.000878781545907, 0.00150056241546, 0.00180032220669, 0.00142764602788, 0.00105777883437, 0.000488149991725, 0.000656117394101, 0.000292734301183, 0.000217774417251, 0.000337433855748, 0.000205117408768, 6.02074760536e-05, 3.45135667885e-05, 2.55415670836e-05, 1.01058403743e-05, 5.96370739459e-07, 7.96751220555e-10, 4.42151676383e-10],
        "median": [7.93455274106e-06, 3.37885830959e-05, 3.15416145895e-05, 5.01757167513e-05, 0.000312208314426, 0.000358285673428, 0.000186949167983, 0.000142131262692, 0.000328840396833, 0.000118973839562, 0.000173489970621, 0.000139511743328, 0.000114600232337, 7.59923204896e-05, 8.26946197776e-05, 4.10546563216e-05, 4.21659387939e-05, 5.27430711372e-05, 4.9799989938e-05, 4.53123393527e-05, 1.14169897643e-05, 5.84688996241e-06, 4.02473506256e-06, 1.75943443992e-06, 8.276698793e-08, 2.61039717619e-10, 1.31289992766e-10],
        "min": [2.08753361819e-10, 6.91796953056e-10, 7.40895012008e-10, 1.83263224041e-10, 5.22550713811e-09, 1.05486517299e-08, 3.65593200158e-09, 2.07817318909e-09, 7.67233032661e-09, 3.92810978189e-10, 9.0283214238e-10, 4.85455120547e-10, 1.10219455784e-09, 1.36260034367e-08, 2.38921398221e-08, 3.04139713414e-10, 2.13077916422e-10, 1.02785412126e-10, 3.23674503866e-10, 1.20963494776e-09, 3.90022875107e-11, 2.17653325918e-11, 1.01054451265e-11, 1.27021856575e-11, 9.35338091701e-12, 6.07724244192e-12, 8.64074610474e-12],
        "var": [1.10706617484e-10, 2.29691323739e-08, 2.221223383e-08, 2.46715554653e-08, 9.32091211325e-07, 3.60262743015e-06, 1.72618194938e-06, 2.80615836346e-06, 1.61624284374e-05, 4.97460996485e-06, 1.83031843335e-05, 5.05031821376e-05, 2.41161251324e-05, 1.64082575793e-05, 1.88100136711e-06, 8.50743344927e-06, 1.97569283955e-06, 4.57944764776e-07, 7.87953581494e-07, 3.26351766944e-07, 3.68200225864e-08, 1.67906417659e-08, 6.07715655576e-09, 7.73739960991e-10, 5.54863446856e-12, 4.03295505886e-18, 8.01206314138e-19]
    },
    "erbbands": {
        "dmean": [0.00109287723899, 0.0138243315741, 0.0468254163861, 0.140450835228, 0.485296666622, 1.49097073078, 2.93685317039, 5.00375938416, 5.39476919174, 3.45855545998, 12.5813999176, 21.3918266296, 18.0710048676, 20.5305652618, 38.6049232483, 52.6539115906, 52.0879096985, 42.4898300171, 19.1203651428, 30.0370006561, 23.8115463257, 13.0481014252, 9.69641304016, 8.30406284332, 8.80894851685, 5.31655311584, 1.74060702324, 1.01903045177, 0.671026825905, 0.510894596577, 0.352682948112, 0.193325161934, 0.0476898774505, 0.00766323367134, 0.000459885137388, 2.81864631688e-05, 5.3162561926e-06, 1.88672345303e-06, 3.53786640517e-06, 7.12731662134e-06],
        "dmean2": [0.00180072360672, 0.021231982857, 0.0671588182449, 0.227453783154, 0.774698495865, 2.43220067024, 4.53321838379, 7.28941631317, 7.94852685928, 5.14850902557, 18.6951522827, 30.7475738525, 25.3099842072, 31.5657119751, 55.4023132324, 74.650100708, 76.0517196655, 59.5489997864, 28.2927818298, 45.4855766296, 34.5470161438, 19.5209064484, 15.3857250214, 12.2356977463, 11.6816987991, 7.89531135559, 2.47538900375, 1.39463400841, 0.902427017689, 0.672107100487, 0.470836639404, 0.259138315916, 0.0650714784861, 0.0100753363222, 0.000570056785364, 3.43053252436e-05, 6.6957695708e-06, 2.43967178903e-06, 4.71769817523e-06, 9.64306946116e-06],
        "dvar": [3.8287339521e-06, 0.000795135914814, 0.00729187065735, 0.0460720136762, 0.430150687695, 7.99534225464, 45.1071548462, 92.7740097046, 256.6640625, 68.4510498047, 1447.04785156, 4989.57910156, 2316.20776367, 2610.90161133, 14879.3046875, 37296.8515625, 30551.328125, 28517.8457031, 3419.0144043, 7201.29492188, 10886.8300781, 5085.14404297, 1666.23681641, 549.358276367, 510.121795654, 263.896148682, 21.9395465851, 8.61695098877, 5.46652078629, 2.5553984642, 0.970807552338, 0.240875720978, 0.0184060111642, 0.000647552486043, 2.79061123365e-06, 6.90236223733e-09, 8.91869980646e-11, 1.0324901524e-11, 3.44136732999e-11, 1.40655001535e-10],
        "dvar2": [9.26867687667e-06, 0.00187430193182, 0.0121306357905, 0.114529184997, 0.977521657944, 20.5657176971, 108.910484314, 194.321487427, 460.17074585, 154.626083374, 3112.57885742, 9695.89355469, 4261.29052734, 5694.25292969, 30431.9902344, 65452.0976562, 63834.7304688, 59576.1757812, 7496.17822266, 16877.6308594, 24826.9121094, 11696.2822266, 4409.47558594, 1331.7833252, 943.422973633, 579.247070312, 45.639591217, 15.0206241608, 8.94980144501, 4.75771331787, 1.71040332317, 0.42739996314, 0.0324892923236, 0.00107820064295, 4.06018352805e-06, 9.20623044465e-09, 1.25718019328e-10, 1.66868636964e-11, 6.47261896858e-11, 2.67886823835e-10],
        "max": [0.0464145392179, 0.626781105995, 2.75820159912, 4.11145591736, 9.00092029572, 56.883014679, 149.502975464, 170.438461304, 541.318664551, 172.202713013, 1154.47631836, 2135.47094727, 933.695495605, 1632.7878418, 3079.96557617, 6914.74169922, 3365.83642578, 4006.93408203, 1282.03295898, 1337.54101562, 2194.83227539, 1408.44226074, 983.006835938, 424.60043335, 573.412231445, 281.687713623, 116.437713623, 89.0400772095, 83.6100234985, 47.7465705872, 27.1078262329, 13.7997303009, 3.68119311333, 0.742068350315, 0.0586041025817, 0.00297501706518, 0.000278760038782, 7.78805551818e-05, 0.00010596201173, 0.000214910309296],
        "mean": [0.00155665737111, 0.0218614824116, 0.091091118753, 0.242542371154, 0.785904943943, 2.40116071701, 5.02366304398, 9.45844745636, 9.77492618561, 6.19460868835, 18.4701480865, 37.061340332, 34.1821250916, 33.0801544189, 58.5112609863, 84.3705749512, 71.6665344238, 62.6593017578, 28.1681671143, 34.9483947754, 26.6027088165, 16.6430397034, 13.8651866913, 13.9423685074, 17.0554447174, 8.87581253052, 3.35754799843, 1.93323016167, 1.28276777267, 0.962112426758, 0.692899942398, 0.356257140636, 0.0943739935756, 0.0152169940993, 0.000926854787394, 6.32051742286e-05, 1.29649961309e-05, 4.34683988715e-06, 8.4570292529e-06, 1.69698796526e-05],
        "median": [0.000949148321524, 0.00792492739856, 0.035016681999, 0.134909272194, 0.462209045887, 1.12491738796, 1.6655100584, 2.96069264412, 3.34813165665, 2.54449105263, 5.23022317886, 8.53930282593, 6.90171098709, 8.19121646881, 8.27898979187, 9.05595874786, 7.67122220993, 6.19220924377, 5.95127487183, 4.53352355957, 2.67565560341, 2.56288552284, 3.33672642708, 2.7425391674, 3.06193065643, 2.08073496819, 0.741859614849, 0.359222203493, 0.226335659623, 0.159094527364, 0.110075853765, 0.0631939023733, 0.0157855786383, 0.002392684808, 0.000154014502186, 1.89368565771e-05, 6.08951904724e-06, 1.90541186385e-06, 4.47731235909e-06, 9.23003699427e-06],
        "min": [2.51805154505e-08, 1.53637301992e-07, 7.71759573581e-07, 1.1038670209e-06, 1.02574895209e-05, 1.65116052813e-05, 4.68799844384e-05, 0.000111764718895, 5.55685692234e-05, 1.7005513655e-05, 0.000178383881575, 0.000208810932236, 3.10886534862e-05, 2.37397925957e-05, 3.06445363094e-05, 2.33063146879e-05, 5.85089146625e-05, 0.000714036519639, 0.000932935916353, 0.000577446597163, 5.12051665282e-05, 1.254277322e-05, 8.83412485564e-06, 1.22049823403e-05, 5.63348366995e-05, 3.40710103046e-05, 3.43743658959e-06, 1.68438941728e-06, 8.23804043648e-07, 4.05910668633e-07, 2.62354177494e-07, 3.09857568936e-07, 1.60633206292e-07, 1.36392770855e-07, 4.95064718109e-08, 2.27982912548e-08, 1.12875770952e-08, 5.51651702096e-09, 1.1320988591e-09, 2.4611404581e-10],
        "var": [4.80069638797e-06, 0.00191032479052, 0.036579631269, 0.103523015976, 0.921545982361, 13.9051094055, 100.861129761, 281.529968262, 568.700500488, 135.079116821, 2295.17285156, 12293.5742188, 7691.87402344, 5971.84277344, 29878.9238281, 118163.585938, 51043.84375, 46170.2851562, 5580.70996094, 10078.921875, 11870.7207031, 5753.77783203, 1992.90344238, 1203.61743164, 1918.5657959, 578.819946289, 95.4152145386, 38.948348999, 24.3869190216, 10.7259206772, 4.53249597549, 0.902115166187, 0.080011472106, 0.00293051009066, 1.30892449306e-05, 3.67262735779e-08, 5.30381294439e-10, 5.24182953987e-11, 1.20620222144e-10, 4.66756355788e-10]
    },
    "gfcc": {
        "mean": [-106.625495911, 141.297912598, -190.393890381, 27.1487789154, -73.8478012085, -2.85223150253, -24.5376396179, -17.6409931183, -7.08988237381, -23.4771900177, 11.446480751, -19.9442100525, 3.01802587509],
        "cov": [[4357.81787109, -1068.48962402, -1080.09277344, -129.145401001, -188.628143311, 234.001113892, 289.53326416, 37.90284729, -90.0960083008, -81.5026626587, 86.7446517944, 52.5640945435, -103.531723022], [-1068.48962402, 927.288879395, 424.40725708, -203.360870361, 179.715713501, -225.943954468, -63.1433868408, -79.9846038818, 23.0879230499, -17.8876552582, -6.03620862961, -13.1120004654, 24.0814361572], [-1080.09277344, 424.40725708, 787.249450684, 233.687179565, -123.026641846, -6.88486909866, -144.354110718, 3.68551850319, -5.24886894226, -36.9203720093, 3.65824127197, -48.673500061, -3.14646649361], [-129.145401001, -203.360870361, 233.687179565, 438.246185303, -88.2708587646, 82.5819549561, -63.5035629272, 65.5255050659, 22.9647960663, -1.81163024902, -44.4401893616, -33.3539009094, 5.78209972382], [-188.628143311, 179.715713501, -123.026641846, -88.2708587646, 329.935333252, -48.7824020386, -3.50974678993, -30.1987705231, 32.8879203796, 40.4384117126, -26.2515544891, 5.48516464233, 23.5816116333], [234.001113892, -225.943954468, -6.88486909866, 82.5819549561, -48.7824020386, 263.289367676, 81.4208831787, 13.7730712891, -44.7166481018, -2.41588783264, 31.4336128235, -30.5107021332, -43.2148170471], [289.53326416, -63.1433868408, -144.354110718, -63.5035629272, -3.50974678993, 81.4208831787, 221.628875732, 35.8089370728, -63.5209579468, -17.917388916, 38.1924209595, 14.3170156479, -28.2317771912], [37.90284729, -79.9846038818, 3.68551850319, 65.5255050659, -30.1987705231, 13.7730712891, 35.8089370728, 148.886734009, 37.2054023743, -36.3805656433, 0.245117589831, -13.8794441223, -3.73743438721], [-90.0960083008, 23.0879230499, -5.24886894226, 22.9647960663, 32.8879203796, -44.7166481018, -63.5209579468, 37.2054023743, 129.127822876, 36.1330299377, -61.2058410645, -5.24257898331, 22.4529724121], [-81.5026626587, -17.8876552582, -36.9203720093, -1.81163024902, 40.4384117126, -2.41588783264, -17.917388916, -36.3805656433, 36.1330299377, 109.94833374, 6.93633890152, -7.74897432327, 12.139131546], [86.7446517944, -6.03620862961, 3.65824127197, -44.4401893616, -26.2515544891, 31.4336128235, 38.1924209595, 0.245117589831, -61.2058410645, 6.93633890152, 150.869308472, 24.2675189972, -47.8748092651], [52.5640945435, -13.1120004654, -48.673500061, -33.3539009094, 5.48516464233, -30.5107021332, 14.3170156479, -13.8794441223, -5.24257898331, -7.74897432327, 24.2675189972, 92.126373291, 30.9812030792], [-103.531723022, 24.0814361572, -3.14646649361, 5.78209972382, 23.5816116333, -43.2148170471, -28.2317771912, -3.73743438721, 22.4529724121, 12.139131546, -47.8748092651, 30.9812030792, 113.432937622]],
        "icov": [[0.00047097314382, 0.00020771259733, 0.000626303371973, -0.000135026391945, 0.000291764474241, -5.81684871577e-05, -0.000237703876337, 0.000485631579068, -0.000435319147073, 0.00079121714225, -0.000442646880401, 0.000265927548753, 2.60889519268e-05], [0.00020771259733, 0.00644248956814, -0.00512778153643, 0.00336246704683, -0.0035820833873, 0.00424711126834, -0.00401123194024, 0.00405476149172, -0.004146033898, 0.00348403747194, -0.00199468201026, 0.00316430954263, -0.00125208776444], [0.000626303371973, -0.00512778153643, 0.00732008274645, -0.0040401131846, 0.00392372487113, -0.00342430290766, 0.00383983599022, -0.00199660705402, 0.00262403767556, -0.000536643317901, -4.26089500252e-05, -0.00104930612724, 0.000645491294563], [-0.000135026391945, 0.00336246704683, -0.0040401131846, 0.00575654674321, -0.00164099002723, 0.000767536344938, -0.000403853598982, -0.000957366893999, -0.000213635532418, -0.000568114919588, 0.00151877873577, 0.000346429675119, -9.16084391065e-05], [0.000291764474241, -0.0035820833873, 0.00392372487113, -0.00164099002723, 0.00594687182456, -0.00214881193824, 0.00197606813163, -0.00143291894346, 0.00141993479338, -0.00213110051118, 0.00109643733595, -0.00129891582765, 0.000373433169443], [-5.81684871577e-05, 0.00424711126834, -0.00342430290766, 0.000767536344938, -0.00214881193824, 0.00836219452322, -0.00484482664615, 0.00349929369986, -0.00245129992254, 0.00211781519465, -0.00222372054122, 0.00401720590889, -0.000324026768794], [-0.000237703876337, -0.00401123194024, 0.00383983599022, -0.000403853598982, 0.00197606813163, -0.00484482664615, 0.0112843476236, -0.00768258189783, 0.00882998667657, -0.00488742720336, 0.00378041248769, -0.0050341906026, 0.0028062548954], [0.000485631579068, 0.00405476149172, -0.00199660705402, -0.000957366893999, -0.00143291894346, 0.00349929369986, -0.00768258189783, 0.0171295460314, -0.0132481502369, 0.0111779188737, -0.00779958860949, 0.00752403354272, -0.00406152475625], [-0.000435319147073, -0.004146033898, 0.00262403767556, -0.000213635532418, 0.00141993479338, -0.00245129992254, 0.00882998667657, -0.0132481502369, 0.0230839177966, -0.0129895154387, 0.0111852278933, -0.0076093301177, 0.00471852254122], [0.00079121714225, 0.00348403747194, -0.000536643317901, -0.000568114919588, -0.00213110051118, 0.00211781519465, -0.00488742720336, 0.0111779188737, -0.0129895154387, 0.0197643712163, -0.00915036350489, 0.00789742916822, -0.0051645427011], [-0.000442646880401, -0.00199468201026, -4.26089500252e-05, 0.00151877873577, 0.00109643733595, -0.00222372054122, 0.00378041248769, -0.00779958860949, 0.0111852278933, -0.00915036350489, 0.015657056123, -0.00878851022571, 0.00732333958149], [0.000265927548753, 0.00316430954263, -0.00104930612724, 0.000346429675119, -0.00129891582765, 0.00401720590889, -0.0050341906026, 0.00752403354272, -0.0076093301177, 0.00789742916822, -0.00878851022571, 0.0192829743028, -0.00799519009888], [2.60889519268e-05, -0.00125208776444, 0.000645491294563, -9.16084391065e-05, 0.000373433169443, -0.000324026768794, 0.0028062548954, -0.00406152475625, 0.00471852254122, -0.0051645427011, 0.00732333958149, -0.00799519009888, 0.0143847381696]]
    },
    "melbands": {
        "dmean": [1.22624242067e-05, 2.18218501686e-05, 2.94462752208e-05, 6.79109216435e-05, 9.56936273724e-05, 0.00011307017121, 7.7968237747e-05, 4.36491209257e-05, 0.000117754330859, 0.000134825677378, 8.97092904779e-05, 7.4828050856e-05, 0.000143556884723, 0.000107831088826, 0.000164539495017, 9.86990853562e-05, 8.5196326836e-05, 3.14583448926e-05, 3.87211257475e-05, 5.64376568946e-05, 2.03550625884e-05, 1.53055480041e-05, 8.55533926369e-06, 7.3958331086e-06, 7.46725436329e-06, 7.545625067e-06, 6.8176914283e-06, 3.01557952298e-06, 1.25709880194e-06, 8.99320866665e-07, 5.52425035494e-07, 4.34880973899e-07, 2.7799492841e-07, 2.98716855696e-07, 2.31397692119e-07, 1.8043225225e-07, 1.03606474511e-07, 4.06503808392e-08, 1.39457760895e-08, 3.77374398397e-09],
        "dmean2": [1.95205902855e-05, 3.14701574098e-05, 4.71658240713e-05, 0.000109673725092, 0.000148063511006, 0.000163385891938, 0.000114657377708, 6.62622769596e-05, 0.000174959859578, 0.00019510104903, 0.000125928854686, 0.000115705697681, 0.000210567377508, 0.000149550993228, 0.000241809219006, 0.00014111053315, 0.000121068907902, 4.6124921937e-05, 6.20144492132e-05, 8.27147378004e-05, 2.97355036309e-05, 2.31673257076e-05, 1.30515290948e-05, 1.19526603157e-05, 1.12945181172e-05, 1.03533648144e-05, 1.01319974419e-05, 4.56090992884e-06, 1.86281101833e-06, 1.27334635636e-06, 7.94922755176e-07, 5.98382882799e-07, 3.89272145185e-07, 4.15152442201e-07, 3.21100372958e-07, 2.49280958542e-07, 1.42536663361e-07, 5.8192107133e-08, 1.92098905671e-08, 5.04204855645e-09],
        "dvar": [5.6035087681e-10, 1.59207413919e-09, 1.63954139154e-09, 1.18413634453e-08, 4.27414512671e-08, 4.53663382416e-08, 5.24612815411e-08, 1.56695296738e-08, 1.12887214243e-07, 1.77883109131e-07, 5.76126559793e-08, 3.33680674203e-08, 2.3537808147e-07, 1.44115105627e-07, 3.16254755717e-07, 1.20521448821e-07, 1.36270301709e-07, 1.44598857332e-08, 1.42930822733e-08, 5.6971778406e-08, 7.3161712244e-09, 7.85041809337e-09, 1.01782937634e-09, 9.70464597572e-10, 5.38725730692e-10, 5.75678726911e-10, 4.34426217222e-10, 9.22469670095e-11, 1.27190723231e-11, 7.73377889507e-12, 3.26237214326e-12, 2.53817561587e-12, 7.20697806988e-13, 9.94407464358e-13, 4.62283911238e-13, 2.2407700966e-13, 6.98470009044e-14, 1.53198004141e-14, 2.03105287038e-15, 2.23204404788e-16],
        "dvar2": [1.39457634329e-09, 2.90864665686e-09, 4.02663591359e-09, 2.9431873827e-08, 1.04321962624e-07, 9.19779736819e-08, 9.13459530238e-08, 3.64391894436e-08, 2.40704309817e-07, 3.4526325976e-07, 1.0635007186e-07, 7.06737850464e-08, 5.37760001862e-07, 2.38243032413e-07, 6.87569922775e-07, 2.68367671197e-07, 2.80795347862e-07, 3.11712327061e-08, 3.64293306632e-08, 1.32639399908e-07, 1.6284257498e-08, 1.75881265108e-08, 2.3218691414e-09, 2.66651878356e-09, 1.35419542246e-09, 1.0615457402e-09, 8.96592688981e-10, 2.16148723919e-10, 2.82933555057e-11, 1.64376429135e-11, 6.88096975232e-12, 4.39278431338e-12, 1.26039651806e-12, 2.08194529325e-12, 9.43294162399e-13, 4.20203341523e-13, 1.29662190815e-13, 3.04940432985e-14, 4.07723163161e-15, 3.5946929493e-16],
        "max": [0.000576717720833, 0.00125337182544, 0.000727192964405, 0.00201162323356, 0.00405198847875, 0.0034433924593, 0.00810062047094, 0.00281598628499, 0.00876808445901, 0.011861057952, 0.00463660247624, 0.00607706047595, 0.0111686382443, 0.0116610052064, 0.0107738021761, 0.00757290609181, 0.00914816185832, 0.00300599751063, 0.00189884565771, 0.00483297742903, 0.0016694314545, 0.00182960659731, 0.000717709190212, 0.000752650492359, 0.000369318993762, 0.000670651264954, 0.00041399980546, 0.000183202500921, 8.16115280031e-05, 7.86134114605e-05, 5.79098013986e-05, 5.54984435439e-05, 2.60231099674e-05, 3.55761585524e-05, 1.62566284416e-05, 1.23954669107e-05, 6.85517170496e-06, 3.1357728858e-06, 1.28776662223e-06, 4.97935388921e-07],
        "mean": [1.90848586499e-05, 4.16361108364e-05, 5.21434631082e-05, 0.00011089284817, 0.000168238169863, 0.000218275279622, 0.000140635296702, 7.08303341526e-05, 0.000169886014191, 0.000234984938288, 0.000161253105034, 0.000117599432997, 0.000194047999685, 0.000187107725651, 0.00020734249847, 0.000138804956805, 0.000117078612675, 4.3846644985e-05, 4.17238479713e-05, 6.01044012001e-05, 2.26927677431e-05, 1.85306034837e-05, 1.20334761959e-05, 1.03203683466e-05, 1.11726722025e-05, 1.36515764098e-05, 1.05991030068e-05, 4.61090621684e-06, 2.11964083974e-06, 1.62299045314e-06, 9.30387216158e-07, 7.86099747074e-07, 5.32382330221e-07, 5.20573223639e-07, 4.23685804662e-07, 3.11181054258e-07, 1.79583125259e-07, 7.45435571048e-08, 2.59568846417e-08, 7.15971237852e-09],
        "median": [9.88026658888e-06, 1.65493820532e-05, 3.12345400744e-05, 5.95430028625e-05, 6.41137230559e-05, 7.04076664988e-05, 4.73688050988e-05, 2.43842841883e-05, 4.21016120526e-05, 4.88515433972e-05, 2.38752309087e-05, 2.27683522098e-05, 2.2156345949e-05, 1.725527909e-05, 1.80300012289e-05, 1.10961254904e-05, 8.84263317857e-06, 6.42593886369e-06, 6.35104061075e-06, 3.55300767296e-06, 2.4439734716e-06, 2.26259726333e-06, 2.62483081315e-06, 2.53948019235e-06, 1.93274718185e-06, 1.64669620517e-06, 2.1723719783e-06, 9.31663237225e-07, 4.11540895584e-07, 2.85107063291e-07, 1.49320101173e-07, 1.19710193758e-07, 9.02569468053e-08, 7.56060458684e-08, 6.03620478046e-08, 4.88378617547e-08, 3.23538635882e-08, 1.12874225522e-08, 3.68558339403e-09, 1.02015251802e-09],
        "min": [2.55978072072e-10, 3.80986825421e-10, 2.32002195233e-10, 7.56028351034e-10, 2.20809970308e-09, 2.4386292985e-09, 1.02372887945e-09, 1.28142801925e-10, 2.27323404545e-09, 1.11377507217e-09, 1.0077428475e-10, 8.09205341623e-11, 1.05266122208e-10, 6.68216731947e-11, 7.67726993089e-11, 1.22955673421e-10, 1.18644916114e-09, 7.77203357227e-10, 1.16760601188e-09, 1.15838172388e-10, 1.85635760236e-11, 7.1590780179e-12, 1.76309106203e-11, 3.72112106753e-12, 1.01948007328e-11, 1.41373761656e-11, 7.38078140272e-11, 1.00126478289e-11, 1.92705508668e-12, 7.83537948065e-13, 1.03328727952e-12, 5.14685353798e-13, 2.75605818549e-13, 2.14835351657e-13, 1.40053306409e-13, 1.74936400001e-13, 1.83759108732e-13, 1.1268600392e-13, 9.0752092527e-14, 1.33078566071e-13],
        "var": [8.56490767198e-10, 7.24675874864e-09, 3.92178289843e-09, 2.06312389395e-08, 9.77625447263e-08, 1.46073347196e-07, 1.15019609837e-07, 2.58097152539e-08, 1.90712555082e-07, 4.90901243211e-07, 1.88720292726e-07, 8.379691252e-08, 3.5164779888e-07, 5.47202887446e-07, 4.83427925246e-07, 2.39974468741e-07, 2.13959523876e-07, 2.1968897812e-08, 1.54798645013e-08, 6.17947577553e-08, 8.21931678274e-09, 8.9150349325e-09, 1.43990264156e-09, 1.11987974449e-09, 9.45069578151e-10, 1.65360436455e-09, 9.14936015839e-10, 1.9240609106e-10, 3.90277705986e-11, 2.99864959252e-11, 9.98882140196e-12, 1.00240475642e-11, 3.70645961839e-12, 3.01689467679e-12, 1.83695485038e-12, 7.80914016178e-13, 2.27428210813e-13, 5.42623231233e-14, 7.90092427925e-15, 8.74165424258e-16]
    },
    "mfcc": {
        "mean": [-717.996154785, 143.845489502, -43.4319877625, 13.7661724091, -19.9502563477, -0.685492277145, -7.21184873581, 0.782186090946, -17.9807777405, 5.09242773056, -9.15034008026, -1.75701272488, -4.85231637955],
        "cov": [[4755.02148438, -1144.74084473, -1018.9440918, -228.533493042, -539.175537109, 141.755630493, 69.8294830322, 291.364685059, -166.457763672, 132.538299561, -58.8088188171, 74.3848953247, -11.8267374039], [-1144.74084473, 1193.70288086, 38.8525619507, -20.4630184174, 149.765426636, -118.232147217, -35.5848922729, -141.248977661, 14.0787944794, -112.096595764, 15.3658409119, -55.7894020081, -4.62379550934], [-1018.9440918, 38.8525619507, 907.51965332, 156.952255249, 83.7983322144, -13.0941267014, -13.7254152298, 1.50366961956, -38.7796173096, 5.94779062271, -19.3271865845, 22.7561397552, -47.3878173828], [-228.533493042, -20.4630184174, 156.952255249, 247.426757812, 85.667755127, -35.1703948975, -42.2297058105, -9.60844421387, 46.8642044067, 1.48366105556, -23.0288105011, -7.24236154556, 17.2350120544], [-539.175537109, 149.765426636, 83.7983322144, 85.667755127, 277.235565186, -5.24936103821, -61.2243080139, -58.5865287781, 42.9349212646, 10.5043354034, 7.1372590065, -11.5403709412, -7.43480300903], [141.755630493, -118.232147217, -13.0941267014, -35.1703948975, -5.24936103821, 192.166748047, 53.2200202942, -17.4743041992, 5.99538421631, -0.0294669885188, 21.9425163269, -5.71700191498, -7.36311864853], [69.8294830322, -35.5848922729, -13.7254152298, -42.2297058105, -61.2243080139, 53.2200202942, 237.857925415, 81.2734680176, -80.2491378784, 26.5293235779, 20.82654953, -0.418337374926, -0.159248635173], [291.364685059, -141.248977661, 1.50366961956, -9.60844421387, -58.5865287781, -17.4743041992, 81.2734680176, 184.693527222, -21.2082233429, 16.2007408142, 0.467187643051, 25.5778617859, -8.88326358795], [-166.457763672, 14.0787944794, -38.7796173096, 46.8642044067, 42.9349212646, 5.99538421631, -80.2491378784, -21.2082233429, 221.099533081, 2.69089245796, -39.2240791321, -1.76491546631, 28.2789363861], [132.538299561, -112.096595764, 5.94779062271, 1.48366105556, 10.5043354034, -0.0294669885188, 26.5293235779, 16.2007408142, 2.69089245796, 148.757568359, -0.264983296394, -13.2422494888, -2.98488163948], [-58.8088188171, 15.3658409119, -19.3271865845, -23.0288105011, 7.1372590065, 21.9425163269, 20.82654953, 0.467187643051, -39.2240791321, -0.264983296394, 141.324935913, 33.7270774841, -55.2540817261], [74.3848953247, -55.7894020081, 22.7561397552, -7.24236154556, -11.5403709412, -5.71700191498, -0.418337374926, 25.5778617859, -1.76491546631, -13.2422494888, 33.7270774841, 122.536026001, 10.3557186127], [-11.8267374039, -4.62379550934, -47.3878173828, 17.2350120544, -7.43480300903, -7.36311864853, -0.159248635173, -8.88326358795, 28.2789363861, -2.98488163948, -55.2540817261, 10.3557186127, 127.196784973]],
