{
"lowlevel": {
    "average_loudness": 0.968896985054,
    "barkbands_crest": {
        "dmean": 2.57554793358,
        "dmean2": 4.18748807907,
        "dvar": 5.98265075684,
        "dvar2": 14.3935604095,
        "max": 22.9542484283,
        "mean": 9.93700027466,
        "median": 9.22941398621,
        "min": 2.53027296066,
        "var": 13.6144046783
    },
    "barkbands_flatness_db": {
        "dmean": 0.0187525078654,
        "dmean2": 0.0290588531643,
        "dvar": 0.000260951754171,
        "dvar2": 0.000617513200268,
        "max": 0.253148585558,
        "mean": 0.155176699162,
        "median": 0.153866797686,
        "min": 0.0738553330302,
        "var": 0.000941924226936
    },
    "barkbands_kurtosis": {
        "dmean": 2.07593178749,
        "dmean2": 3.20474147797,
        "dvar": 6.75966119766,
        "dvar2": 15.969373703,
        "max": 29.0871276855,
        "mean": 3.22833514214,
        "median": 2.28048276901,
        "min": -1.90901207924,
        "var": 15.3623552322
    },
    "barkbands_skewness": {
        "dmean": 0.446011275053,
        "dmean2": 0.66263961792,
        "dvar": 0.179595977068,
        "dvar2": 0.414626479149,
        "max": 4.99215888977,
        "mean": 1.55262184143,
        "median": 1.55763614178,
        "min": -1.12825393677,
        "var": 0.778830587864
    },
    "barkbands_spread": {
        "dmean": 5.48921251297,
        "dmean2": 7.89031171799,
        "dvar": 42.2000656128,
        "dvar2": 77.4447555542,
        "max": 106.498245239,
        "mean": 22.068769455,
        "median": 19.1803817749,
        "min": 4.43029499054,
        "var": 171.462112427
    },
    "dissonance": {
        "dmean": 0.0182944703847,
        "dmean2": 0.0304364468902,
        "dvar": 0.000278391991742,
        "dvar2": 0.000763070129324,
        "max": 0.500000059605,
        "mean": 0.46498721838,
        "median": 0.469706147909,
        "min": 0.311135143042,
        "var": 0.000617272220552
    },
    "dynamic_complexity": 2.34719753265,
    "erbbands_crest": {
        "dmean": 2.7804582119,
        "dmean2": 4.56579732895,
        "dvar": 6.93820285797,
        "dvar2": 17.9225826263,
        "max": 27.562915802,
        "mean": 8.48505210876,
        "median": 7.23720359802,
        "min": 2.35594081879,
        "var": 18.9230327606
    },
    "erbbands_flatness_db": {
        "dmean": 0.0142449671403,
        "dmean2": 0.0208465401083,
        "dvar": 0.00015778694069,
        "dvar2": 0.000336003693519,
        "max": 0.279527366161,
        "mean": 0.172216445208,
        "median": 0.168523564935,
        "min": 0.103596106172,
        "var": 0.000978326774202
    },
    "erbbands_kurtosis": {
        "dmean": 0.749876916409,
        "dmean2": 1.17557489872,
        "dvar": 0.957885146141,
        "dvar2": 2.1706609726,
        "max": 14.2233982086,
        "mean": 0.141488730907,
        "median": -0.273743152618,
        "min": -1.71520829201,
        "var": 2.32217741013
    },
    "erbbands_skewness": {
        "dmean": 0.346732676029,
        "dmean2": 0.52153980732,
        "dvar": 0.0982677787542,
        "dvar2": 0.217009648681,
        "max": 2.72140908241,
        "mean": 0.261705994606,
        "median": 0.268154680729,
        "min": -3.69567966461,
        "var": 0.427853524685
    },
    "erbbands_spread": {
        "dmean": 8.43499946594,
        "dmean2": 13.1390256882,
        "dvar": 73.4134902954,
        "dvar2": 194.276824951,
        "max": 101.077201843,
        "mean": 40.222076416,
        "median": 38.2026062012,
        "min": 5.93681335449,
        "var": 259.621032715
    },
    "hfc": {
        "dmean": 7.40012836456,
        "dmean2": 10.5837135315,
        "dvar": 137.496032715,
        "dvar2": 277.957336426,
        "max": 229.775772095,
        "mean": 20.7753715515,
        "median": 14.5887355804,
        "min": 0.000318159116432,
        "var": 389.709991455
    },
    "melbands_crest": {
        "dmean": 3.15811109543,
        "dmean2": 5.01118612289,
        "dvar": 8.78406047821,
        "dvar2": 21.0333423615,
        "max": 32.0143051147,
        "mean": 14.5125055313,
        "median": 13.6571350098,
        "min": 3.93011832237,
        "var": 24.9079971313
    },
    "melbands_flatness_db": {
        "dmean": 0.0227363742888,
        "dmean2": 0.0323961153626,
        "dvar": 0.000407689949498,
        "dvar2": 0.000859670341015,
        "max": 0.326574385166,
        "mean": 0.193090826273,
        "median": 0.192959278822,
        "min": 0.0683014541864,
        "var": 0.00205054855905
    },
    "melbands_kurtosis": {
        "dmean": 5.43710899353,
        "dmean2": 8.67033004761,
        "dvar": 55.8830490112,
        "dvar2": 142.931594849,
        "max": 82.4433517456,
        "mean": 11.3877105713,
        "median": 8.9326171875,
        "min": -1.46917068958,
        "var": 109.992835999
    },
    "melbands_skewness": {
        "dmean": 0.641640305519,
        "dmean2": 1.00131702423,
        "dvar": 0.429070532322,
        "dvar2": 1.05102336407,
        "max": 8.21629142761,
        "mean": 2.63812041283,
        "median": 2.59207653999,
        "min": -0.900572836399,
        "var": 1.62728559971
    },
    "melbands_spread": {
        "dmean": 6.4728140831,
        "dmean2": 9.37904167175,
        "dvar": 65.0793762207,
        "dvar2": 119.659698486,
        "max": 182.584030151,
        "mean": 22.0748386383,
        "median": 17.6386985779,
        "min": 3.82956218719,
        "var": 280.583435059
    },
    "pitch_salience": {
        "dmean": 0.0660853981972,
        "dmean2": 0.107103861868,
        "dvar": 0.00424154335633,
        "dvar2": 0.0102553190663,
        "max": 0.829282402992,
        "mean": 0.557570934296,
        "median": 0.571254611015,
        "min": 0.141850218177,
        "var": 0.00940703228116
    },
    "silence_rate_20dB": {
        "dmean": 0,
        "dmean2": 0,
        "dvar": 0,
        "dvar2": 0,
        "max": 1,
        "mean": 1,
        "median": 1,
        "min": 1,
        "var": 0
    },
    "silence_rate_30dB": {
        "dmean": 0.00464396271855,
        "dmean2": 0.00929511990398,
        "dvar": 0.00462230481207,
        "dvar2": 0.0138558223844,
        "max": 1,
        "mean": 0.997679829597,
        "median": 1,
        "min": 0,
        "var": 0.00231488374993
    },
    "silence_rate_60dB": {
        "dmean": 0.0030959751457,
        "dmean2": 0.00619674660265,
        "dvar": 0.00308635295369,
        "dvar2": 0.00615852558985,
        "max": 1,
        "mean": 0.0208816714585,
        "median": 0,
        "min": 0,
        "var": 0.0204454194754
    },
    "spectral_centroid": {
        "dmean": 244.166625977,
        "dmean2": 356.459686279,
        "dvar": 66537.328125,
        "dvar2": 124797.953125,
        "max": 4858.91894531,
        "mean": 1231.96765137,
        "median": 1159.31286621,
        "min": 399.914398193,
        "var": 297775.28125
    },
    "spectral_complexity": {
        "dmean": 4.49225997925,
        "dmean2": 6.45546102524,
        "dvar": 31.6538009644,
        "dvar2": 55.0737419128,
        "max": 55,
        "mean": 20.721578598,
        "median": 19,
        "min": 0,
        "var": 82.5598526001
    },
    "spectral_decrease": {
        "dmean": 2.48484033349e-09,
        "dmean2": 3.75220743365e-09,
        "dvar": 1.32619923736e-17,
        "dvar2": 3.26843676915e-17,
        "max": -2.05041861853e-13,
        "mean": -7.55042250944e-09,
        "median": -6.50374465394e-09,
        "min": -4.19873593671e-08,
        "var": 2.00728196935e-17
    },
    "spectral_energy": {
        "dmean": 0.00987525470555,
        "dmean2": 0.0148825896904,
        "dvar": 0.000207132557989,
        "dvar2": 0.00050758686848,
        "max": 0.16480512917,
        "mean": 0.030381442979,
        "median": 0.0263831149787,
        "min": 9.02319243323e-07,
        "var": 0.000321016705129
    },
    "spectral_energyband_high": {
        "dmean": 0.000515625986736,
        "dmean2": 0.000742082833312,
        "dvar": 1.86559122994e-06,
        "dvar2": 3.69400913769e-06,
        "max": 0.031411446631,
        "mean": 0.000941836799029,
        "median": 0.000335370656103,
        "min": 1.05749098367e-08,
        "var": 4.9099799071e-06
    },
    "spectral_energyband_low": {
        "dmean": 0.00376974768005,
        "dmean2": 0.0057779988274,
        "dvar": 4.65299854113e-05,
        "dvar2": 0.000115802125947,
        "max": 0.0754891782999,
        "mean": 0.0105899162591,
        "median": 0.00871697161347,
        "min": 1.73242995061e-07,
        "var": 7.74454165366e-05
    },
    "spectral_energyband_middle_high": {
        "dmean": 0.00194673088845,
        "dmean2": 0.00284753623419,
        "dvar": 8.43985526444e-06,
        "dvar2": 1.74344186235e-05,
        "max": 0.0445465743542,
        "mean": 0.00511837145314,
        "median": 0.00311972456984,
        "min": 3.93075261229e-08,
        "var": 2.98382092296e-05
    },
    "spectral_energyband_middle_low": {
        "dmean": 0.00722671020776,
        "dmean2": 0.0114316688851,
        "dvar": 0.000157519709319,
        "dvar2": 0.000407941202866,
        "max": 0.14994686842,
        "mean": 0.0151078179479,
        "median": 0.0115624079481,
        "min": 2.65514643161e-07,
        "var": 0.000198379842914
    },
    "spectral_entropy": {
        "dmean": 0.146912783384,
        "dmean2": 0.204319894314,
        "dvar": 0.0190461482853,
        "dvar2": 0.034502800554,
        "max": 8.65903949738,
        "mean": 7.60098838806,
        "median": 7.57050704956,
        "min": 6.77479982376,
        "var": 0.108770526946
    },
    "spectral_flux": {
        "dmean": 0.0268430467695,
        "dmean2": 0.0402397960424,
        "dvar": 0.000935309100896,
        "dvar2": 0.00196692184545,
        "max": 0.319316834211,
        "mean": 0.0863888934255,
        "median": 0.0742466077209,
        "min": 0.000949904846493,
        "var": 0.00228760205209
    },
    "spectral_kurtosis": {
        "dmean": 1.36906218529,
        "dmean2": 2.30200529099,
        "dvar": 1.98206794262,
        "dvar2": 5.23065567017,
        "max": 15.9296092987,
        "mean": 2.90542554855,
        "median": 2.62722587585,
        "min": -1.33847737312,
        "var": 4.50027513504
    },
    "spectral_rms": {
        "dmean": 0.000802018621471,
        "dmean2": 0.00116467406042,
        "dvar": 9.11486267796e-07,
        "dvar2": 2.10888083529e-06,
        "max": 0.0126801216975,
        "mean": 0.00522217759863,
        "median": 0.00507342349738,
        "min": 2.96700418403e-05,
        "var": 2.36929895436e-06
    },
    "spectral_rolloff": {
        "dmean": 443.647094727,
        "dmean2": 711.913696289,
        "dvar": 539476.25,
        "dvar2": 1120245.375,
        "max": 9173.14453125,
        "mean": 1197.13232422,
        "median": 861.328125,
        "min": 64.599609375,
        "var": 1426434.5
    },
    "spectral_skewness": {
        "dmean": 0.21182513237,
        "dmean2": 0.325547963381,
        "dvar": 0.0407158471644,
        "dvar2": 0.0898860245943,
        "max": 3.04121899605,
        "mean": 1.31615865231,
        "median": 1.3354831934,
        "min": -0.368326693773,
        "var": 0.169770121574
    },
    "spectral_spread": {
        "dmean": 394810.25,
        "dmean2": 571329.75,
        "dvar": 201565536256,
        "dvar2": 335298428928,
        "max": 11546781,
        "mean": 4218383.5,
        "median": 4027338,
        "min": 2400723.5,
        "var": 1.07896209408e+12
    },
    "spectral_strongpeak": {
        "dmean": 0.517666220665,
        "dmean2": 0.850701034069,
        "dvar": 0.693360209465,
        "dvar2": 1.74485504627,
        "max": 9.21214580536,
        "mean": 0.882451474667,
        "median": 0.448043704033,
        "min": 0,
        "var": 1.20747482777
    },
    "zerocrossingrate": {
        "dmean": 0.00896404217929,
        "dmean2": 0.00976751651615,
        "dvar": 0.000112178844574,
        "dvar2": 0.000110039189167,
        "max": 0.26171875,
        "mean": 0.0522925443947,
        "median": 0.0458984375,
        "min": 0.0126953125,
        "var": 0.000821649329737
    },
    "barkbands": {
        "dmean": [0.000511493068188, 0.00282360427082, 0.000996249145828, 0.0015140537871, 0.00347918807529, 0.000943529710639, 0.00205320073292, 0.000946450047195, 0.00101664301474, 0.000431628694059, 0.000334121170454, 0.000369694986148, 0.000445280224085, 0.000487228855491, 0.000457465939689, 0.00026116592926, 0.00019380300364, 0.000183816140634, 0.000118046351417, 0.000159824558068, 0.000114440226753, 0.000143670404213, 0.000139561627293, 9.21893661143e-05, 2.32722395594e-05, 2.04061390008e-08, 1.14567755283e-09],
        "dmean2": [0.000849671487231, 0.00437868945301, 0.00160601281095, 0.00260553602129, 0.00557792047039, 0.00151221465785, 0.0032537302468, 0.00149136793334, 0.00159493170213, 0.000697631156072, 0.000574114150368, 0.000594009296037, 0.000698879302945, 0.000800728914328, 0.00070173421409, 0.000414062611526, 0.00030202549533, 0.000282830937067, 0.000178964342922, 0.000249983480899, 0.000180423012353, 0.00020960153779, 0.000214663683437, 0.000133217006805, 3.65078631148e-05, 3.33246283901e-08, 2.1044124221e-09],
        "dvar": [4.34489692225e-07, 3.46295964846e-05, 3.15864963341e-06, 7.98950895842e-06, 8.69105933816e-05, 4.23503479396e-06, 1.80920942512e-05, 4.56538919025e-06, 7.48668435335e-06, 7.30992098852e-07, 7.44257420138e-07, 6.41763278963e-07, 1.15231318887e-06, 2.11399014916e-06, 1.03817035324e-06, 2.03194232995e-07, 1.65676809161e-07, 1.14429887788e-07, 3.46023938391e-08, 1.10140135234e-07, 7.0542760966e-08, 2.2374224784e-07, 3.3574113445e-07, 1.26838330061e-07, 9.19077880468e-09, 8.1880642132e-15, 2.34494391964e-18],
        "dvar2": [1.19333435578e-06, 9.01850362425e-05, 8.21421781438e-06, 2.22394864977e-05, 0.000224024639465, 1.03743977888e-05, 4.46427184215e-05, 1.03323518488e-05, 1.90383998415e-05, 1.94316407942e-06, 2.13423641071e-06, 1.39119993037e-06, 2.62578896582e-06, 6.03877742833e-06, 2.26522251978e-06, 5.0240089422e-07, 3.82200028071e-07, 2.87350758299e-07, 7.74282469251e-08, 2.71617409453e-07, 1.68705781789e-07, 3.7034953948e-07, 7.82396455179e-07, 1.84444189699e-07, 2.18520828099e-08, 2.24838475339e-14, 7.31180098612e-18],
        "max": [0.0076491353102, 0.0722158551216, 0.0224285051227, 0.0345506742597, 0.113112427294, 0.0261483471841, 0.0412932150066, 0.0333810932934, 0.0477411448956, 0.014089894481, 0.0129550024867, 0.0145576391369, 0.0211599413306, 0.0248846150935, 0.017281698063, 0.00600166432559, 0.00827313028276, 0.0060161636211, 0.00200237194076, 0.00282491464168, 0.00339827011339, 0.0157785713673, 0.0182142425328, 0.00836849957705, 0.00175761873834, 1.88392107248e-06, 1.55503236954e-08],
        "mean": [0.000889565329999, 0.00619096960872, 0.00221606064588, 0.00281028728932, 0.00457935966551, 0.00137126957998, 0.00295406836085, 0.00150526408106, 0.00174142001197, 0.000700183154549, 0.00040191662265, 0.000602126005106, 0.000663459300995, 0.000690586981364, 0.000735276145861, 0.000414720852859, 0.000313217635266, 0.000329127156874, 0.000197763991309, 0.000235948071349, 0.000164602795849, 0.000258886633674, 0.000200807888177, 0.000180069808266, 3.44647596648e-05, 2.63001904699e-08, 9.1672547331e-10],
        "median": [0.000660405377857, 0.00424338132143, 0.00156153726857, 0.00165171653498, 0.00197306275368, 0.000677934382111, 0.00087274442194, 0.000481342285639, 0.000516229192726, 0.00029499217635, 0.000178861329914, 0.000307197828079, 0.00027037516702, 0.000250575627433, 0.000331163028022, 0.000213450999581, 0.000142177552334, 0.000172089014086, 9.77123927441e-05, 9.36710857786e-05, 4.8585843615e-05, 7.64264550526e-05, 6.65305051371e-05, 5.0513925089e-05, 1.03586535261e-05, 9.76162528588e-09, 3.57160606645e-10],
        "min": [3.85559530969e-08, 8.64992486527e-08, 4.87690741124e-08, 1.03997974676e-08, 4.24485264716e-08, 5.6456990194e-09, 1.29111459302e-08, 6.30227958709e-09, 3.37611893997e-08, 7.27353732799e-09, 1.13983200656e-09, 1.39289246803e-09, 1.04596109551e-09, 4.71177319383e-09, 3.67665875523e-09, 3.21634785472e-09, 1.75912107103e-09, 3.01159808203e-09, 1.42346956444e-09, 2.96877500361e-09, 1.74236625128e-09, 2.25274932042e-09, 2.75197131749e-09, 1.65725255741e-09, 4.23562046548e-10, 5.90017054311e-12, 5.93685647518e-12],
        "var": [7.84189978731e-07, 4.84773190692e-05, 5.29149610884e-06, 1.08832819024e-05, 8.24704839033e-05, 5.53763265998e-06, 2.96990165225e-05, 1.08948661364e-05, 1.97007375391e-05, 1.53401970238e-06, 7.08889103862e-07, 1.32180605306e-06, 1.71629312717e-06, 2.74357557828e-06, 1.99365149456e-06, 3.38499916097e-07, 2.84262370087e-07, 1.88472967011e-07, 6.21067712814e-08, 1.39110383657e-07, 1.01232352279e-07, 8.86982206794e-07, 4.50641266525e-07, 3.45181007333e-07, 1.46493208675e-08, 8.20505654115e-15, 1.95182405878e-18]
    },
    "erbbands": {
        "dmean": [0.125243291259, 0.514789044857, 0.923258304596, 3.41345858574, 11.4418745041, 9.84638214111, 5.2957367897, 9.36139965057, 28.4526023865, 20.2884140015, 23.5214347839, 25.658946991, 13.0601511002, 15.2228527069, 14.4162511826, 14.4195575714, 18.5524139404, 23.2375774384, 22.5311069489, 18.287399292, 13.0836725235, 9.88553142548, 10.4052019119, 5.95015239716, 7.02936887741, 7.15263271332, 5.1962223053, 4.74207544327, 5.47625637054, 4.9639081955, 3.69586038589, 2.43286967278, 1.56621015072, 0.513539016247, 0.0330709330738, 0.00147278001532, 8.70451403898e-05, 1.34011743285e-05, 7.44143244447e-06, 1.20156310004e-05],
        "dmean2": [0.188355177641, 0.83317065239, 1.45026504993, 5.80655288696, 18.5669822693, 16.4520950317, 8.50249671936, 14.7035923004, 44.4244804382, 32.8096694946, 37.0110626221, 39.9936637878, 21.0330963135, 24.299074173, 24.7737903595, 22.5781841278, 28.306886673, 35.5817756653, 34.1766204834, 28.7439250946, 20.2858695984, 15.3483057022, 15.971575737, 8.84618091583, 10.2281923294, 11.0510530472, 8.4844455719, 7.1714053154, 8.12680721283, 7.47842884064, 5.54856586456, 3.51903152466, 2.27095627785, 0.778963923454, 0.0490959621966, 0.00215790653601, 0.000125446676975, 1.89950187632e-05, 1.08020949483e-05, 1.79451035365e-05],
        "dvar": [0.062305200845, 1.21134829521, 2.45678591728, 42.0588188171, 1032.77478027, 643.787353516, 134.07081604, 436.572174072, 3826.89086914, 2310.24511719, 2379.17871094, 6104.41162109, 780.770629883, 1592.61547852, 1614.72546387, 983.344787598, 1631.41345215, 4808.00341797, 2657.33081055, 1862.18713379, 461.853759766, 438.386413574, 384.144683838, 82.4927597046, 140.970794678, 227.073776245, 175.348937988, 146.969314575, 379.725769043, 411.250915527, 170.372421265, 69.4819030762, 55.2165565491, 4.48621511459, 0.0192612893879, 3.62116188626e-05, 1.10860305824e-07, 2.17722972984e-09, 1.9028664755e-10, 3.04441943877e-10],
        "dvar2": [0.148546114564, 3.38734555244, 6.39297008514, 114.877937317, 2611.36987305, 1773.05822754, 290.878051758, 1064.97143555, 9393.67675781, 5896.2421875, 5412.87353516, 15628.6689453, 1748.22387695, 4496.99511719, 4366.41210938, 2112.70043945, 3603.52124023, 12858.6884766, 5685.55029297, 4756.02099609, 1079.50585938, 1016.41375732, 969.413452148, 178.681686401, 315.890045166, 550.971862793, 435.330505371, 343.433380127, 580.525085449, 1030.40136719, 375.580047607, 137.65083313, 107.060928345, 10.4666204453, 0.0410832166672, 7.49595783418e-05, 2.19661032475e-07, 3.95247434781e-09, 3.7373851236e-10, 7.30094207313e-10],
        "max": [2.69568824768, 14.4552364349, 17.2152500153, 64.3600692749, 421.683929443, 359.639526367, 274.407226562, 327.003540039, 673.582641602, 614.983398438, 905.779907227, 1413.41088867, 640.629150391, 687.121765137, 932.830566406, 703.917236328, 647.453308105, 1511.45373535, 1193.06091309, 842.938232422, 250.687408447, 383.793365479, 338.620635986, 121.461135864, 114.04385376, 127.177574158, 129.593170166, 225.244247437, 668.286254883, 499.207214355, 427.948272705, 216.990402222, 188.46937561, 41.1827163696, 2.68937921524, 0.114105328918, 0.0065691107884, 0.000929435133003, 0.000263463763986, 0.000190427919733],
        "mean": [0.276440024376, 0.996651828289, 2.33928489685, 6.71705150604, 14.9963350296, 13.7524967194, 8.14967632294, 13.4405946732, 42.4062385559, 28.6966876984, 40.1182556152, 42.767375946, 21.4244499207, 24.2610874176, 20.7792396545, 24.6444759369, 31.3740119934, 35.7731590271, 39.0180473328, 30.081079483, 21.4982833862, 17.106388092, 19.4942321777, 11.4940357208, 12.1614227295, 10.8741922379, 7.2020406723, 6.92537546158, 10.0528049469, 7.04114341736, 5.66787004471, 4.56398916245, 2.36291956902, 0.767212331295, 0.0498567782342, 0.00229613413103, 0.000153657150804, 2.58821728494e-05, 2.13035236811e-05, 3.72589202016e-05],
        "median": [0.186150476336, 0.682795763016, 1.78262090683, 4.22433233261, 7.16551113129, 5.84256124496, 4.75273084641, 6.2247428894, 10.2817182541, 12.8894872665, 14.8076095581, 12.6773920059, 10.2165412903, 11.0727920532, 10.8106012344, 12.9682798386, 13.2612628937, 14.6201438904, 15.9845981598, 15.8536157608, 11.2526054382, 7.93984174728, 10.2366886139, 6.69632911682, 5.47320842743, 4.28950881958, 2.53608632088, 1.86869645119, 3.12789511681, 2.03538870811, 1.99002194405, 1.41241466999, 0.601783931255, 0.233604326844, 0.012710083276, 0.000627725035883, 5.45546099602e-05, 1.05899353002e-05, 1.61517218658e-05, 3.19139981002e-05],
        "min": [3.13115674544e-06, 1.73318276211e-05, 5.412137034e-05, 4.15356480516e-05, 7.98007895355e-05, 0.000116017166874, 7.55656365072e-05, 6.10623610555e-05, 0.000146231337567, 0.00037121999776, 0.000312573829433, 0.000706486229319, 0.000222204049351, 7.13940098649e-05, 6.63224418531e-05, 4.8349815188e-05, 8.37786137708e-05, 0.000322298408719, 0.000196783294086, 0.000145556638017, 0.000169645267306, 8.91151139513e-05, 0.000193482483155, 9.48024971876e-05, 8.59074207256e-05, 0.000140121192089, 8.28901465866e-05, 6.62844468025e-05, 9.98279792839e-05, 5.54299585929e-05, 9.27094806684e-05, 4.43378376076e-05, 2.28263179451e-05, 8.4939874796e-06, 8.17772729533e-07, 5.46959810777e-08, 1.28393802257e-08, 4.49389681023e-09, 1.70456515569e-09, 1.29020638617e-09],
        "var": [0.103076212108, 1.32103765011, 4.7643237114, 57.6437263489, 952.165405273, 578.58026123, 233.016525269, 560.471496582, 6697.87548828, 2678.6184082, 7055.89550781, 13240.2832031, 1345.95031738, 2517.94848633, 1558.85534668, 2231.37109375, 3202.76293945, 7198.47851562, 7246.37353516, 2673.05224609, 857.553100586, 757.490783691, 650.831054688, 178.262039185, 255.366775513, 292.81842041, 181.408233643, 276.993896484, 1574.80651855, 562.611572266, 284.096130371, 161.582794189, 98.3672561646, 7.12944030762, 0.0353208146989, 6.92100875312e-05, 2.26097398581e-07, 5.06114838927e-09, 4.44687731083e-10, 5.14508713412e-10]
    },
    "gfcc": {
        "mean": [-3.69002437592, 131.994094849, -142.627731323, 60.5783004761, -71.7029190063, 29.6254138947, -35.121383667, -0.371534496546, -0.402641236782, -16.5876235962, 6.02556371689, -21.4858417511, 2.6618309021],
        "cov": [[2662.38354492, -457.128540039, -191.227645874, 111.865859985, -150.82069397, 13.5689249039, -90.0601882935, -17.3203716278, -105.999237061, 52.2548980713, -26.451883316, 17.2255744934, 3.55744409561], [-457.128540039, 630.133850098, -46.5210494995, -184.905487061, 163.456512451, -160.088150024, 65.0805206299, -25.0122127533, 83.0934143066, -34.2967796326, 113.857185364, -49.3376922607, -8.83227825165], [-191.227645874, -46.5210494995, 319.065368652, 82.6171112061, -42.6675033569, 89.1777801514, -13.2974586487, 0.317116469145, -0.387286007404, 24.3635883331, -17.0707054138, 36.283405304, 22.9272460938], [111.865859985, -184.905487061, 82.6171112061, 175.912277222, 1.45293974876, 39.1693153381, -36.2084922791, -16.5733337402, -30.4168872833, -1.96059978008, -48.806098938, 28.4480419159, 31.1875610352], [-150.82069397, 163.456512451, -42.6675033569, 1.45293974876, 177.156982422, 7.07509565353, 13.4980344772, 1.03230822086, 35.8382148743, -23.65741539, 5.78880119324, -2.92809987068, 30.2732524872], [13.5689249039, -160.088150024, 89.1777801514, 39.1693153381, 7.07509565353, 182.387680054, 34.9394454956, 22.1979465485, -10.5303411484, 16.3326778412, -37.8482322693, 24.1465969086, 19.7099552155], [-90.0601882935, 65.0805206299, -13.2974586487, -36.2084922791, 13.4980344772, 34.9394454956, 106.338935852, 34.5785903931, 16.5171947479, 3.19612312317, 29.6238212585, -11.204416275, -3.79680991173], [-17.3203716278, -25.0122127533, 0.317116469145, -16.5733337402, 1.03230822086, 22.1979465485, 34.5785903931, 98.4576339722, 47.8008766174, 25.9980278015, 14.5014858246, 8.05341053009, 0.759914278984], [-105.999237061, 83.0934143066, -0.387286007404, -30.4168872833, 35.8382148743, -10.5303411484, 16.5171947479, 47.8008766174, 105.470901489, 34.4649391174, 16.7151165009, -1.07540440559, 6.02330160141], [52.2548980713, -34.2967796326, 24.3635883331, -1.96059978008, -23.65741539, 16.3326778412, 3.19612312317, 25.9980278015, 34.4649391174, 77.3637313843, 35.0847320557, 8.38985347748, 0.971391439438], [-26.451883316, 113.857185364, -17.0707054138, -48.806098938, 5.78880119324, -37.8482322693, 29.6238212585, 14.5014858246, 16.7151165009, 35.0847320557, 113.12323761, 20.8390731812, -11.3713617325], [17.2255744934, -49.3376922607, 36.283405304, 28.4480419159, -2.92809987068, 24.1465969086, -11.204416275, 8.05341053009, -1.07540440559, 8.38985347748, 20.8390731812, 67.5666656494, 29.7577552795], [3.55744409561, -8.83227825165, 22.9272460938, 31.1875610352, 30.2732524872, 19.7099552155, -3.79680991173, 0.759914278984, 6.02330160141, 0.971391439438, -11.3713617325, 29.7577552795, 58.8506355286]],
        "icov": [[0.000500065856613, 3.82691250707e-05, 0.000584499095567, -0.000407692597946, 0.000478741771076, -0.000297655235045, 0.000460803508759, -0.000120730437629, 0.000321167492075, -0.00032952480251, -0.000269649055554, 0.00026640467695, -0.000365675106877], [3.82691250707e-05, 0.0165420621634, -0.00877740979195, 0.0141680436209, -0.0146272061393, 0.0141811715439, -0.00864934828132, 0.00841086823493, -0.0054510445334, 0.00576950749382, -0.00754253054038, 0.00568633247167, -0.0033701939974], [0.000584499095567, -0.00877740979195, 0.00993445608765, -0.00997678935528, 0.0102835679427, -0.0105673400685, 0.00618122983724, -0.00382372667082, 0.00134011835326, -0.00252265436575, 0.0020294636488, -0.00240088300779, 0.000272193632554], [-0.000407692597946, 0.0141680436209, -0.00997678935528, 0.0218641385436, -0.0150334807113, 0.0137767465785, -0.0075380676426, 0.00717151910067, -0.00106029852759, 0.00142672192305, -0.000671719608363, 0.000359804515028, -0.00323538063094], [0.000478741771076, -0.0146272061393, 0.0102835679427, -0.0150334807113, 0.0233868192881, -0.0166598707438, 0.0101308608428, -0.00638515874743, -0.00112508493476, 0.00237101339735, 9.92914647213e-05, 0.00100346538238, -0.00439046882093], [-0.000297655235045, 0.0141811715439, -0.0105673400685, 0.0137767465785, -0.0166598707438, 0.0242744199932, -0.0147007945925, 0.00608574599028, 0.000409748958191, -0.0029536539223, 0.00359407509677, -0.00332366954535, 0.000757228641305], [0.000460803508759, -0.00864934828132, 0.00618122983724, -0.0075380676426, 0.0101308608428, -0.0147007945925, 0.0218682531267, -0.00888154283166, 0.000836799037643, 0.00384999345988, -0.00643228413537, 0.006781373173, -0.00332270120271], [-0.000120730437629, 0.00841086823493, -0.00382372667082, 0.00717151910067, -0.00638515874743, 0.00608574599028, -0.00888154283166, 0.0201161317527, -0.0096018621698, 0.00111797556747, -0.00265826540999, -0.000655580835883, 0.00015451105719], [0.000321167492075, -0.0054510445334, 0.00134011835326, -0.00106029852759, -0.00112508493476, 0.000409748958191, 0.000836799037643, -0.0096018621698, 0.0212314743549, -0.0131530817598, 0.00852165091783, -0.00474699120969, 0.00191278522834], [-0.00032952480251, 0.00576950749382, -0.00252265436575, 0.00142672192305, 0.00237101339735, -0.0029536539223, 0.00384999345988, 0.00111797556747, -0.0131530817598, 0.0303251761943, -0.0182709190995, 0.0116629013792, -0.0074660484679], [-0.000269649055554, -0.00754253054038, 0.0020294636488, -0.000671719608363, 9.92914647213e-05, 0.00359407509677, -0.00643228413537, -0.00265826540999, 0.00852165091783, -0.0182709190995, 0.0289147980511, -0.020063854754, 0.0119759012014], [0.00026640467695, 0.00568633247167, -0.00240088300779, 0.000359804515028, 0.00100346538238, -0.00332366954535, 0.006781373173, -0.000655580835883, -0.00474699120969, 0.0116629013792, -0.020063854754, 0.0354338549078, -0.0188756715506], [-0.000365675106877, -0.0033701939974, 0.000272193632554, -0.00323538063094, -0.00439046882093, 0.000757228641305, -0.00332270120271, 0.00015451105719, 0.00191278522834, -0.0074660484679, 0.0119759012014, -0.0188756715506, 0.0316914878786]]
    },
    "melbands": {
        "dmean": [0.000923551735468, 0.000507648859639, 0.000753370171878, 0.000887959089596, 0.000199177040486, 0.000210244339542, 0.00043713094783, 0.000203994524782, 0.000202217124752, 0.000153688437422, 6.51329173706e-05, 6.36556287645e-05, 4.78026122437e-05, 4.51323503512e-05, 4.14729984186e-05, 4.29804968007e-05, 4.55893969047e-05, 3.79188895749e-05, 3.19758401019e-05, 2.01155635295e-05, 1.58579368872e-05, 9.48540673562e-06, 1.30737907966e-05, 8.96946130524e-06, 4.78011543237e-06, 4.56666293758e-06, 6.0502757151e-06, 4.56918405689e-06, 3.76441562366e-06, 2.56770113083e-06, 2.92848153549e-06, 3.42748739968e-06, 2.90024308924e-06, 2.92444929073e-06, 2.38327561419e-06, 1.74346052972e-06, 1.45874071222e-06, 1.20408583371e-06, 8.17418651877e-07, 3.13224887805e-07],
        "dmean2": [0.00142647454049, 0.000790450663771, 0.00126247503795, 0.00144976959564, 0.000326279958244, 0.000332524330588, 0.000682711019181, 0.000328677590005, 0.000318457809044, 0.000240033929003, 0.000105836457806, 0.000101867808553, 8.11286299722e-05, 7.21442411304e-05, 6.53984752716e-05, 6.64317994961e-05, 7.16512440704e-05, 5.85407942708e-05, 4.87956240249e-05, 3.25999790221e-05, 2.50751418207e-05, 1.49440593304e-05, 2.03154486371e-05, 1.38663053804e-05, 7.32731359676e-06, 6.90437400408e-06, 9.07969570108e-06, 7.23484617993e-06, 6.14182363279e-06, 4.08954156228e-06, 4.52569383924e-06, 5.31523937752e-06, 4.17159390054e-06, 4.61811305286e-06, 3.66412018593e-06, 2.58250906882e-06, 2.19224853026e-06, 1.79032952019e-06, 1.26691770674e-06, 4.76509768532e-07],
        "dvar": [3.59635623681e-06, 8.30380372463e-07, 2.18844934352e-06, 5.86959913562e-06, 1.93204428456e-07, 2.14977745827e-07, 8.48175091051e-07, 2.40671965912e-07, 1.63545522014e-07, 2.14179792124e-07, 2.16875299941e-08, 2.71153588471e-08, 1.40152067729e-08, 1.02170822913e-08, 9.96619142768e-09, 1.20464473952e-08, 1.84740542863e-08, 9.32701027523e-09, 7.08176361996e-09, 1.54633950089e-09, 7.38605065997e-10, 4.20215806596e-10, 7.4727063426e-10, 2.8321878176e-10, 5.72720933179e-11, 5.59318112658e-11, 1.29510568936e-10, 1.06836137159e-10, 1.04770317422e-10, 3.79869573297e-11, 6.36775979168e-11, 1.4056544817e-10, 1.19686732747e-10, 1.9774298865e-10, 9.62491544798e-11, 2.97523845838e-11, 2.84760583169e-11, 3.17780454728e-11, 1.47460672145e-11, 1.4985278643e-12],
        "dvar2": [9.09772188606e-06, 2.24713789976e-06, 5.83085466133e-06, 1.54373356054e-05, 4.55315927184e-07, 5.24689369286e-07, 2.08900928556e-06, 6.01653027843e-07, 3.72223524892e-07, 5.58420708785e-07, 4.75266048738e-08, 7.60168390457e-08, 3.83300147178e-08, 2.42109425841e-08, 2.04675725257e-08, 2.70963393945e-08, 4.93249388001e-08, 2.08893187192e-08, 1.53435060213e-08, 4.11988398952e-09, 1.75725856089e-09, 9.84861636688e-10, 1.81145476397e-09, 7.25083215691e-10, 1.30815067112e-10, 1.23434484856e-10, 3.02975727839e-10, 2.63248950416e-10, 2.67804833864e-10, 9.46167172389e-11, 1.52101470308e-10, 2.51778903282e-10, 2.63896321462e-10, 5.00222696598e-10, 2.19338505691e-10, 6.83310907856e-11, 5.59220759977e-11, 5.61188699677e-11, 3.64446632595e-11, 3.35823079414e-12],
        "max": [0.0216118693352, 0.00934306159616, 0.0203076880425, 0.0300856009126, 0.00839409977198, 0.00630876189098, 0.00972946640104, 0.00660826917738, 0.00661259004846, 0.00836194027215, 0.00327113410458, 0.00270676636137, 0.00232982961461, 0.0022343811579, 0.00216609914787, 0.00236451486126, 0.00260454672389, 0.00215599965304, 0.0018867662875, 0.000552664685529, 0.00033304723911, 0.000381864781957, 0.000528701464646, 0.000308148592012, 0.000103578488051, 8.09375851532e-05, 0.00012831389904, 9.08858201001e-05, 0.000115480666864, 8.70910225785e-05, 0.000176663146704, 0.00035405610106, 0.000322761217831, 0.000388030224713, 0.00032385715167, 0.000131103064632, 0.000131875625812, 0.000150135019794, 7.84033763921e-05, 2.15346663026e-05],
        "mean": [0.0020208589267, 0.00124623149168, 0.00137469812762, 0.00117574667092, 0.00030815237551, 0.000299909152091, 0.000646426051389, 0.000292649521725, 0.000342871266184, 0.000249444274232, 0.000100888908491, 9.95069203782e-05, 6.22662628302e-05, 7.13550034561e-05, 6.50264410069e-05, 6.59933357383e-05, 6.56431438983e-05, 6.07820038567e-05, 5.00211281178e-05, 3.19649079756e-05, 2.33959890465e-05, 1.48049912241e-05, 2.1900914362e-05, 1.55324396474e-05, 8.33876765682e-06, 7.62517356634e-06, 9.85783844953e-06, 6.46981379759e-06, 4.69908400191e-06, 3.55954443876e-06, 4.08338564739e-06, 5.96432619204e-06, 4.52318408861e-06, 3.76642992705e-06, 3.37733081324e-06, 2.90213006338e-06, 2.71039061772e-06, 1.7918470121e-06, 1.11897531951e-06, 4.67735191023e-07],
        "median": [0.00137402396649, 0.000993853784166, 0.000919075217098, 0.000506264390424, 0.000182010466233, 0.000134092362714, 0.00016913159925, 0.000126601720694, 0.00011585241009, 7.53547938075e-05, 4.78064466733e-05, 4.28782150266e-05, 3.002953963e-05, 3.88649241359e-05, 2.67849427473e-05, 3.03389315377e-05, 2.48782380368e-05, 2.23547303904e-05, 2.19292232941e-05, 1.58424390975e-05, 1.13768928713e-05, 6.38737265035e-06, 1.07245050458e-05, 7.64818923926e-06, 4.37963171862e-06, 3.42111206919e-06, 3.84416671295e-06, 2.35065976995e-06, 1.57716397098e-06, 9.28926908728e-07, 1.01624459603e-06, 2.03057697945e-06, 1.03046340882e-06, 1.13790508749e-06, 1.1939335991e-06, 9.09747882361e-07, 8.50211449688e-07, 4.53528400612e-07, 2.98939255572e-07, 1.42858127106e-07],
        "min": [2.76752487594e-08, 2.68409863224e-08, 9.02459618146e-09, 9.82628201029e-09, 4.09108125154e-09, 1.17608078831e-09, 2.45894438144e-09, 3.43609762865e-09, 3.49192408322e-09, 4.25395096926e-09, 9.71708047359e-10, 2.61880128694e-10, 1.86327203666e-10, 1.70248329323e-10, 1.30371699547e-10, 2.07536765551e-10, 5.52544787702e-10, 2.77565637141e-10, 2.1232682279e-10, 2.06032760297e-10, 2.10247541599e-10, 7.76692668514e-11, 1.73043648855e-10, 1.19078399918e-10, 7.61027421636e-11, 4.83749360014e-11, 9.00838986739e-11, 9.11814096449e-11, 5.73638150869e-11, 3.86639505134e-11, 3.45709884331e-11, 5.2076617324e-11, 4.62583062133e-11, 2.76254939063e-11, 5.71766280155e-11, 3.65753712039e-11, 2.70548826398e-11, 2.00118619592e-11, 8.1985017733e-12, 6.46709638966e-12],
        "var": [5.31187424713e-06, 1.20731760944e-06, 2.45729006565e-06, 5.37077039553e-06, 2.86367537683e-07, 2.91496121463e-07, 1.48388335219e-06, 2.92301734817e-07, 5.07507706971e-07, 4.47768087497e-07, 3.40851542546e-08, 4.43450751675e-08, 1.42734188913e-08, 1.47159040509e-08, 1.9993869671e-08, 1.80750134859e-08, 2.66245461233e-08, 2.24371081714e-08, 1.03834807419e-08, 2.44859510445e-09, 1.25819610286e-09, 6.36811048338e-10, 1.22621290899e-09, 4.65585625609e-10, 1.07520471693e-10, 9.99167068527e-11, 2.18224341375e-10, 1.24033047721e-10, 9.6265231897e-11, 5.01702013267e-11, 1.13777411104e-10, 5.01868546721e-10, 3.20163645595e-10, 2.03730990411e-10, 1.27491253665e-10, 5.88134749235e-11, 6.40044198197e-11, 6.18964463017e-11, 1.91641476993e-11, 2.60601349528e-12]
    },
    "mfcc": {
        "mean": [-620.754516602, 122.965515137, 5.82227277756, 19.0109157562, 7.91961288452, 12.0830125809, -3.95523834229, 8.69384670258, -3.3090672493, 9.44499588013, 1.25155818462, 2.6040585041, -1.76979386806],
        "cov": [[2774.65039062, -518.362609863, -168.850723267, 27.1235637665, -100.39276886, 1.77863717079, -30.1946716309, -59.4870071411, -67.3102264404, -3.66337275505, -48.8017311096, -69.5534820557, -29.2362098694], [-518.362609863, 756.439758301, -179.069000244, -16.0542697906, 28.8684482574, -100.588241577, 0.294151842594, -4.22944545746, -64.0090408325, 55.9634666443, 35.0905952454, 30.9724197388, 67.4069061279], [-168.850723267, -179.069000244, 368.515838623, -0.588819563389, -5.01584243774, 64.8686141968, 6.14081048965, -2.65577626228, 35.4732780457, -42.2483253479, -7.69557332993, 25.1564178467, 7.33248376846], [27.1235637665, -16.0542697906, -0.588819563389, 132.073257446, 31.1616687775, -9.56662940979, -21.1161136627, -16.4036540985, -6.06581449509, -14.2889957428, -36.9020881653, -13.0537261963, 8.53038787842], [-100.39276886, 28.8684482574, -5.01584243774, 31.1616687775, 138.359863281, 37.3369293213, -16.035867691, 9.24648952484, 45.9248847961, -21.6560058594, -18.7658615112, -2.24380612373, 19.436504364], [1.77863717079, -100.588241577, 64.8686141968, -9.56662940979, 37.3369293213, 122.072402954, 31.874168396, 5.38157653809, 43.0641517639, -34.142490387, -16.525976181, -1.50852286816, -16.0857849121], [-30.1946716309, 0.294151842594, 6.14081048965, -21.1161136627, -16.035867691, 31.874168396, 106.281417847, 27.8206176758, -8.00208950043, 1.82301390171, 7.47742557526, 2.91071033478, -10.7029466629], [-59.4870071411, -4.22944545746, -2.65577626228, -16.4036540985, 9.24648952484, 5.38157653809, 27.8206176758, 77.8193359375, 28.4931526184, 0.394260525703, 12.5016727448, -0.962232112885, -3.58413219452], [-67.3102264404, -64.0090408325, 35.4732780457, -6.06581449509, 45.9248847961, 43.0641517639, -8.00208950043, 28.4931526184, 122.131576538, 0.630107879639, 2.08859443665, -1.91693413258, -16.5706214905], [-3.66337275505, 55.9634666443, -42.2483253479, -14.2889957428, -21.6560058594, -34.142490387, 1.82301390171, 0.394260525703, 0.630107879639, 108.843566895, 38.3900680542, 0.66194152832, 3.39836502075], [-48.8017311096, 35.0905952454, -7.69557332993, -36.9020881653, -18.7658615112, -16.525976181, 7.47742557526, 12.5016727448, 2.08859443665, 38.3900680542, 82.2423248291, 22.8730297089, 1.53257060051], [-69.5534820557, 30.9724197388, 25.1564178467, -13.0537261963, -2.24380612373, -1.50852286816, 2.91071033478, -0.962232112885, -1.91693413258, 0.66194152832, 22.8730297089, 55.0114936829, 20.9482040405], [-29.2362098694, 67.4069061279, 7.33248376846, 8.53038787842, 19.436504364, -16.0857849121, -10.7029466629, -3.58413219452, -16.5706214905, 3.39836502075, 1.53257060051, 20.9482040405, 82.7688140869]],
