{
"lowlevel": {
    "average_loudness": 0.903927087784,
    "barkbands_crest": {
        "dmean": 3.23881483078,
        "dmean2": 4.63385868073,
        "dvar": 10.8686075211,
        "dvar2": 24.5843582153,
        "max": 25.8285331726,
        "mean": 14.9178447723,
        "median": 15.3363857269,
        "min": 2.0473511219,
        "var": 53.9317588806
    },
    "barkbands_flatness_db": {
        "dmean": 0.0376376323402,
        "dmean2": 0.0485202036798,
        "dvar": 0.00156312331092,
        "dvar2": 0.003620283911,
        "max": 0.507525622845,
        "mean": 0.193330287933,
        "median": 0.166892841458,
        "min": 0.068200007081,
        "var": 0.00892874132842
    },
    "barkbands_kurtosis": {
        "dmean": 28.8998260498,
        "dmean2": 35.9315032959,
        "dvar": 6970.98046875,
        "dvar2": 10776.0820312,
        "max": 1047.2857666,
        "mean": 45.6290016174,
        "median": 2.5756778717,
        "min": -1.87269365788,
        "var": 19111.4257812
    },
    "barkbands_skewness": {
        "dmean": 1.49798893929,
        "dmean2": 1.814661026,
        "dvar": 3.46798062325,
        "dvar2": 5.86463308334,
        "max": 25.366147995,
        "mean": 3.66676712036,
        "median": 2.00882768631,
        "min": -1.34604334831,
        "var": 22.7276630402
    },
    "barkbands_spread": {
        "dmean": 10.9136667252,
        "dmean2": 14.4487848282,
        "dvar": 120.692626953,
        "dvar2": 207.951843262,
        "max": 88.7674407959,
        "mean": 33.5478782654,
        "median": 30.3535919189,
        "min": 0.168734952807,
        "var": 589.82043457
    },
    "dissonance": {
        "dmean": 0.00905150733888,
        "dmean2": 0.015441024676,
        "dvar": 0.000101715922938,
        "dvar2": 0.000280851236312,
        "max": 0.5,
        "mean": 0.486198693514,
        "median": 0.489407598972,
        "min": 0.394442856312,
        "var": 0.000139494935866
    },
    "dynamic_complexity": 3.16976904869,
    "erbbands_crest": {
        "dmean": 2.03301501274,
        "dmean2": 3.29673624039,
        "dvar": 6.37578058243,
        "dvar2": 14.7982358932,
        "max": 21.4541950226,
        "mean": 6.0007648468,
        "median": 4.75236415863,
        "min": 2.27768349648,
        "var": 12.7339382172
    },
    "erbbands_flatness_db": {
        "dmean": 0.0126664405689,
        "dmean2": 0.0194174088538,
        "dvar": 0.000133542911499,
        "dvar2": 0.000302042812109,
        "max": 0.220879644156,
        "mean": 0.139491930604,
        "median": 0.136612802744,
        "min": 0.089017085731,
        "var": 0.000490599079058
    },
    "erbbands_kurtosis": {
        "dmean": 0.997978270054,
        "dmean2": 1.48660576344,
        "dvar": 1.45464253426,
        "dvar2": 3.40913176537,
        "max": 9.63324832916,
        "mean": 0.0467929653823,
        "median": -0.390848398209,
        "min": -1.85373151302,
        "var": 2.97676157951
    },
    "erbbands_skewness": {
        "dmean": 0.420111268759,
        "dmean2": 0.595634102821,
        "dvar": 0.140223130584,
        "dvar2": 0.317679941654,
        "max": 3.08149123192,
        "mean": -0.449003875256,
        "median": -0.469777464867,
        "min": -2.3570356369,
        "var": 0.670247733593
    },
    "erbbands_spread": {
        "dmean": 16.1057701111,
        "dmean2": 22.2766494751,
        "dvar": 174.552566528,
        "dvar2": 372.919891357,
        "max": 160.39692688,
        "mean": 73.8088226318,
        "median": 70.8182678223,
        "min": 13.8771944046,
        "var": 934.357421875
    },
    "hfc": {
        "dmean": 23.8201770782,
        "dmean2": 34.0008659363,
        "dvar": 1399.56408691,
        "dvar2": 3022.33496094,
        "max": 220.4815979,
        "mean": 32.0609359741,
        "median": 14.2851848602,
        "min": 0.000401825003792,
        "var": 1928.55957031
    },
    "melbands_crest": {
        "dmean": 3.84658026695,
        "dmean2": 5.84311151505,
        "dvar": 16.7521533966,
        "dvar2": 38.007396698,
        "max": 36.7698860168,
        "mean": 21.3032627106,
        "median": 22.1701717377,
        "min": 3.27029728889,
        "var": 66.7651824951
    },
    "melbands_flatness_db": {
        "dmean": 0.0476670153439,
        "dmean2": 0.0601810291409,
        "dvar": 0.00210686051287,
        "dvar2": 0.00516391545534,
        "max": 0.591036379337,
        "mean": 0.216685026884,
        "median": 0.19183190167,
        "min": 0.0150294750929,
        "var": 0.0159347467124
    },
    "melbands_kurtosis": {
        "dmean": 65.8159332275,
        "dmean2": 85.5567932129,
        "dvar": 11214.3203125,
        "dvar2": 21570.5585938,
        "max": 1483.82897949,
        "mean": 128.89755249,
        "median": 26.2539749146,
        "min": -1.42322921753,
        "var": 49677.2734375
    },
    "melbands_skewness": {
        "dmean": 2.37852859497,
        "dmean2": 3.07764840126,
        "dvar": 6.73338842392,
        "dvar2": 15.3911209106,
        "max": 28.8129234314,
        "mean": 7.2798242569,
        "median": 4.95720815659,
        "min": -0.356847316027,
        "var": 36.1546592712
    },
    "melbands_spread": {
        "dmean": 14.0335206985,
        "dmean2": 19.0721340179,
        "dvar": 270.582550049,
        "dvar2": 530.125488281,
        "max": 185.618209839,
        "mean": 31.9709796906,
        "median": 18.5188980103,
        "min": 0.193009525537,
        "var": 1227.68212891
    },
    "pitch_salience": {
        "dmean": 0.122483372688,
        "dmean2": 0.179783344269,
        "dvar": 0.0157482754439,
        "dvar2": 0.0395745672286,
        "max": 0.822056889534,
        "mean": 0.401470124722,
        "median": 0.411812394857,
        "min": 0.0376705527306,
        "var": 0.057287696749
    },
    "silence_rate_20dB": {
        "dmean": 0,
        "dmean2": 0,
        "dvar": 0,
        "dvar2": 0,
        "max": 1,
        "mean": 1,
        "median": 1,
        "min": 1,
        "var": 0
    },
    "silence_rate_30dB": {
        "dmean": 0.0750773996115,
        "dmean2": 0.150212928653,
        "dvar": 0.0694376379251,
        "dvar2": 0.130740299821,
        "max": 1,
        "mean": 0.875048339367,
        "median": 1,
        "min": 0,
        "var": 0.109344117343
    },
    "silence_rate_60dB": {
        "dmean": 0.0526315793395,
        "dmean2": 0.105303913355,
        "dvar": 0.0498612597585,
        "dvar2": 0.105829752982,
        "max": 1,
        "mean": 0.131914898753,
        "median": 0,
        "min": 0,
        "var": 0.114511854947
    },
    "spectral_centroid": {
        "dmean": 460.481506348,
        "dmean2": 616.736022949,
        "dvar": 158821.9375,
        "dvar2": 346162.15625,
        "max": 4145.57910156,
        "mean": 1908.97814941,
        "median": 1938.44287109,
        "min": 153.141189575,
        "var": 861350.5
    },
    "spectral_complexity": {
        "dmean": 9.08746147156,
        "dmean2": 12.5195512772,
        "dvar": 103.101173401,
        "dvar2": 190.344299316,
        "max": 61,
        "mean": 15.5241775513,
        "median": 9,
        "min": 0,
        "var": 223.64175415
    },
    "spectral_decrease": {
        "dmean": 4.48781634077e-09,
        "dmean2": 5.74140202048e-09,
        "dvar": 4.04027271215e-17,
        "dvar2": 7.25248932378e-17,
        "max": -1.16232557975e-13,
        "mean": -1.2100263902e-08,
        "median": -9.45299660771e-09,
        "min": -6.49127613883e-08,
        "var": 1.72246929151e-16
    },
    "spectral_energy": {
        "dmean": 0.018541418016,
        "dmean2": 0.024004438892,
        "dvar": 0.000619880855083,
        "dvar2": 0.00114143267274,
        "max": 0.248162597418,
        "mean": 0.0485771559179,
        "median": 0.0399558469653,
        "min": 4.81329777813e-07,
        "var": 0.00253308867104
    },
    "spectral_energyband_high": {
        "dmean": 0.002811830258,
        "dmean2": 0.00402729446068,
        "dvar": 2.24613031605e-05,
        "dvar2": 4.81265306007e-05,
        "max": 0.0275410059839,
        "mean": 0.00342897488736,
        "median": 0.00127149396576,
        "min": 2.14176001379e-08,
        "var": 3.05660505546e-05
    },
    "spectral_energyband_low": {
        "dmean": 0.0141623690724,
        "dmean2": 0.0172647144645,
        "dvar": 0.000646031810902,
        "dvar2": 0.00115281890612,
        "max": 0.241611912847,
        "mean": 0.0380260720849,
        "median": 0.00997697561979,
        "min": 1.34893525683e-07,
        "var": 0.00243661901914
    },
    "spectral_energyband_middle_high": {
        "dmean": 0.00181685050484,
        "dmean2": 0.00277894269675,
        "dvar": 7.18215869711e-06,
        "dvar2": 1.65467517945e-05,
        "max": 0.0172132924199,
        "mean": 0.00240336242132,
        "median": 0.00103542744182,
        "min": 5.09390467585e-08,
        "var": 9.17366469366e-06
    },
    "spectral_energyband_middle_low": {
        "dmean": 0.00614717043936,
        "dmean2": 0.0107464781031,
        "dvar": 0.000157529095304,
        "dvar2": 0.000434664892964,
        "max": 0.0698410868645,
        "mean": 0.00605445448309,
        "median": 0.00190470088273,
        "min": 2.14103010876e-07,
        "var": 0.000113981339382
    },
    "spectral_entropy": {
        "dmean": 0.152127593756,
        "dmean2": 0.228499650955,
        "dvar": 0.0289377532899,
        "dvar2": 0.0739328637719,
        "max": 8.55114364624,
        "mean": 8.08452987671,
        "median": 8.16683101654,
        "min": 6.74954557419,
        "var": 0.0948527231812
    },
    "spectral_flux": {
        "dmean": 0.0439052581787,
        "dmean2": 0.0674697086215,
        "dvar": 0.00278300605714,
        "dvar2": 0.00589534873143,
        "max": 0.354582846165,
        "mean": 0.0944701954722,
        "median": 0.0711400285363,
        "min": 0.00141629728023,
        "var": 0.00506152771413
    },
    "spectral_kurtosis": {
        "dmean": 0.583286464214,
        "dmean2": 0.987509787083,
        "dvar": 0.752268433571,
        "dvar2": 2.01013851166,
        "max": 12.1997509003,
        "mean": 0.669510185719,
        "median": 0.444575071335,
        "min": -0.528211593628,
        "var": 0.909473598003
    },
    "spectral_rms": {
        "dmean": 0.0013658485841,
        "dmean2": 0.00179207348265,
        "dvar": 2.52610448115e-06,
        "dvar2": 4.86110593556e-06,
        "max": 0.0155598791316,
        "mean": 0.00588379520923,
        "median": 0.00624350178987,
        "min": 2.16700263991e-05,
        "var": 1.27733646877e-05
    },
    "spectral_rolloff": {
        "dmean": 1062.52770996,
        "dmean2": 1644.51159668,
        "dvar": 2176105.75,
        "dvar2": 3773752,
        "max": 8720.94726562,
        "mean": 2455.22875977,
        "median": 990.52734375,
        "min": 64.599609375,
        "var": 7425923
    },
    "spectral_skewness": {
        "dmean": 0.1421353966,
        "dmean2": 0.217563375831,
        "dvar": 0.0283123794943,
        "dvar2": 0.0619725883007,
        "max": 2.54690909386,
        "mean": 0.744865179062,
        "median": 0.697412312031,
        "min": 0.213288113475,
        "var": 0.0779769122601
    },
    "spectral_spread": {
        "dmean": 550355.4375,
        "dmean2": 850441,
        "dvar": 244891566080,
        "dvar2": 606165270528,
        "max": 9458325,
        "mean": 5920415,
        "median": 5805543,
        "min": 3631611.25,
        "var": 784249585664
    },
    "spectral_strongpeak": {
        "dmean": 0.170407220721,
        "dmean2": 0.256238937378,
        "dvar": 0.0519238337874,
        "dvar2": 0.10485394299,
        "max": 1.87419080734,
        "mean": 0.560791254044,
        "median": 0.501015663147,
        "min": 0.0014286210062,
        "var": 0.126688316464
    },
    "zerocrossingrate": {
        "dmean": 0.019762352109,
        "dmean2": 0.0213930699974,
        "dvar": 0.000324878725223,
        "dvar2": 0.000387424690416,
        "max": 0.25146484375,
        "mean": 0.0801283717155,
        "median": 0.06396484375,
        "min": 0.001953125,
        "var": 0.00342868641019
    },
    "barkbands": {
        "dmean": [0.000765924050938, 0.0125001147389, 0.00256283069029, 0.00242115720175, 0.00307105155662, 0.000585308938753, 0.000403991522035, 0.000293065590085, 0.000265213253442, 0.000151067826664, 0.000236196385231, 0.000277227081824, 0.000122339333757, 0.000131570093799, 0.000123237739899, 0.00018860824639, 0.000187179131899, 0.000222263712203, 0.000244913302595, 0.000453582964838, 0.000618999241851, 0.000610325019807, 0.000666386098601, 0.000574751233216, 0.000180743489182, 1.36061629519e-07, 1.95679490389e-08],
        "dmean2": [0.00118378328625, 0.0147028518841, 0.00414611073211, 0.00425859866664, 0.0056555387564, 0.00102796044666, 0.00067026988836, 0.00055070623057, 0.000488115649205, 0.000230601377552, 0.000390180415707, 0.000469385122415, 0.000209315796383, 0.000220842295676, 0.000207003657124, 0.000301114865579, 0.000302196043776, 0.00035079283407, 0.000401766679715, 0.000734453147743, 0.000932654074859, 0.000896099896636, 0.00101152097341, 0.000805484829471, 0.000253952486673, 2.15404284631e-07, 3.75684443554e-08],
        "dvar": [3.93284017264e-06, 0.000667197280563, 3.08549497277e-05, 1.94118274521e-05, 5.22202208231e-05, 1.33846629069e-06, 4.54514605508e-07, 6.12190035554e-07, 4.22565989311e-07, 8.83928024109e-08, 2.14429547896e-07, 2.37472519871e-07, 4.53107062981e-08, 3.42758532668e-08, 3.80928781851e-08, 6.80686156329e-08, 9.99657459033e-08, 1.19982800584e-07, 1.42699136063e-07, 6.54816744827e-07, 1.02187891571e-06, 9.68341169028e-07, 1.58075215495e-06, 1.04912521692e-06, 1.05689231589e-07, 1.06323261827e-13, 9.35360526554e-14],
        "dvar2": [8.53946494317e-06, 0.00115698564332, 7.10421372787e-05, 5.34132959729e-05, 0.000147230661241, 3.61788465852e-06, 1.13969076665e-06, 1.75864420271e-06, 1.19918138353e-06, 1.75082504938e-07, 4.97608596106e-07, 6.01718284088e-07, 1.15005050816e-07, 8.0735489405e-08, 9.31187287279e-08, 1.56071095603e-07, 2.3046197839e-07, 2.85338131789e-07, 3.48878756995e-07, 1.6347626115e-06, 2.35759944189e-06, 2.14099895857e-06, 3.20834669765e-06, 2.14029114431e-06, 2.23674717859e-07, 2.82005592923e-13, 2.79227677221e-13],
        "max": [0.0147981429473, 0.231904640794, 0.0531468987465, 0.0297562591732, 0.0439009703696, 0.00828953273594, 0.00462939403951, 0.00522500183433, 0.00486166588962, 0.00260411901399, 0.00310908560641, 0.00328978803009, 0.00148491526488, 0.00113940390293, 0.00130218476988, 0.00205063191243, 0.00223247823305, 0.00268629216589, 0.00269056414254, 0.00535653950647, 0.00569620355964, 0.00641969591379, 0.00806111469865, 0.00655938731506, 0.0023753028363, 9.0111652753e-06, 1.08642998384e-05],
        "mean": [0.00142598268576, 0.0274778623134, 0.00781172746792, 0.00256796949543, 0.00223113154061, 0.000479069451103, 0.000349977402948, 0.000201098373509, 0.000205449599889, 0.000189922255231, 0.000236894076806, 0.000300016865367, 0.000133004214149, 0.000166400684975, 0.000143708763062, 0.000230923629715, 0.000218863991904, 0.000263687106781, 0.000264164205873, 0.000492926221341, 0.000688305066433, 0.000742596341297, 0.000777163601015, 0.000744220160414, 0.000234022576478, 1.63912957873e-07, 1.13390745682e-08],
        "median": [4.30088493886e-06, 0.000902772531845, 0.00112635374535, 0.00106342346407, 0.000233227037825, 9.53004928306e-05, 6.04750493949e-05, 2.6308292945e-05, 3.15302313538e-05, 3.41506165569e-05, 5.72646604269e-05, 7.97118627816e-05, 4.3124135118e-05, 7.03683908796e-05, 6.64179169689e-05, 0.000101595491287, 9.0406050731e-05, 9.87826424534e-05, 0.000100838769868, 0.000177847396117, 0.000200830254471, 0.000259398424532, 0.000307110400172, 0.000252701691352, 8.59903011587e-05, 5.70751197415e-08, 5.694063554e-10],
        "min": [1.38302022612e-10, 1.8188925921e-08, 3.77344946401e-08, 7.37685681429e-08, 9.16417093322e-08, 1.39888367556e-08, 1.22406849101e-08, 1.66722091688e-09, 2.3458224252e-09, 4.47974501938e-09, 1.2412675332e-09, 1.58858615151e-08, 3.599752052e-09, 1.02323916007e-09, 1.09156439443e-09, 1.28390886811e-09, 6.41067310347e-10, 2.02784167236e-09, 2.93762725256e-09, 2.10427164582e-09, 3.06891601021e-09, 7.72100960944e-09, 4.36949232352e-09, 3.76757647302e-09, 1.25575483345e-09, 4.21005331291e-12, 4.63263758951e-12],
        "var": [1.02875328594e-05, 0.00220358977094, 0.000138009927468, 1.56201804202e-05, 3.24124375766e-05, 1.0257277836e-06, 4.70741639447e-07, 3.4299026197e-07, 2.53876891065e-07, 1.4289976491e-07, 2.17870280039e-07, 2.76002964483e-07, 4.15024175027e-08, 4.20790513544e-08, 4.00162818437e-08, 8.42078549113e-08, 1.09965078821e-07, 1.3520289599e-07, 1.4572293594e-07, 6.62751347136e-07, 1.25439282783e-06, 1.34820606945e-06, 1.91607091438e-06, 1.52108862039e-06, 1.48808936729e-07, 9.48525790247e-14, 4.74959799951e-14]
    },
    "erbbands": {
        "dmean": [0.516384780407, 2.20424985886, 2.93102216721, 5.50952291489, 11.5459737778, 9.2243642807, 5.42664861679, 4.48666858673, 6.73245048523, 4.26563644409, 7.27041721344, 6.26148080826, 4.13174295425, 5.65470600128, 8.0320482254, 10.7353239059, 7.1368560791, 5.91231203079, 7.13011312485, 9.55011749268, 9.3532075882, 10.3402042389, 11.6134080887, 11.182926178, 15.5358028412, 22.8608455658, 23.8543796539, 21.8560161591, 24.9111537933, 17.0973510742, 21.4704437256, 13.4742059708, 9.05284881592, 3.7920987606, 0.361360400915, 0.0156543496996, 0.000774944608565, 0.000108062238724, 3.26699591824e-05, 2.88504652417e-05],
        "dmean2": [0.546985328197, 3.16321563721, 4.7532544136, 9.27652740479, 20.7542686462, 17.0460529327, 9.74701976776, 7.87545537949, 11.1191625595, 7.87500095367, 13.5821170807, 11.5053119659, 6.47807121277, 9.10869598389, 13.1213769913, 18.1673812866, 12.0554189682, 9.71339607239, 11.8496952057, 14.8616418839, 15.7652664185, 16.5611076355, 18.6547851562, 17.7281799316, 25.4953727722, 36.8780632019, 35.9854431152, 33.5088386536, 37.6943244934, 24.6170253754, 33.3714103699, 19.188949585, 12.9116382599, 5.27747964859, 0.515352249146, 0.0222267098725, 0.00108859164175, 0.000154974695761, 4.63573815068e-05, 3.82861981052e-05],
        "dvar": [1.35847222805, 22.5318489075, 40.9185295105, 76.5866317749, 631.347290039, 486.479736328, 121.710342407, 78.6222991943, 126.526657104, 118.219116211, 358.254669189, 244.965194702, 57.188205719, 109.861106873, 241.3097229, 339.107208252, 127.848686218, 55.1534614563, 148.860702515, 148.995925903, 210.212051392, 315.901306152, 341.634124756, 274.521148682, 639.458129883, 1668.89550781, 1588.01098633, 1196.91809082, 1755.46557617, 790.982788086, 1809.03137207, 585.943969727, 278.518005371, 47.4381370544, 0.457317382097, 0.000852285826113, 2.13075327338e-06, 6.47820002087e-08, 4.48137482678e-09, 1.33640554179e-09],
        "dvar2": [1.82498705387, 49.7603874207, 112.842697144, 200.232162476, 1771.47814941, 1370.88977051, 336.617767334, 214.573120117, 307.183532715, 340.547790527, 1025.46435547, 697.048706055, 119.468971252, 262.549255371, 536.251525879, 854.360534668, 320.396636963, 119.329338074, 386.041656494, 340.427429199, 495.195800781, 712.775817871, 840.969482422, 596.335876465, 1531.91467285, 4195.90185547, 3727.31396484, 2664.13623047, 4008.96972656, 1623.73547363, 3913.80493164, 1245.65771484, 548.878479004, 100.655387878, 0.920253992081, 0.00172792957164, 4.45860086984e-06, 1.58665358185e-07, 1.10378861606e-08, 2.73972267095e-09],
        "max": [10.5716714859, 37.8895492554, 53.3361816406, 72.2483596802, 141.381439209, 142.458145142, 61.3139686584, 71.2376251221, 74.0511703491, 98.6825408936, 137.388565063, 114.153846741, 61.1580276489, 66.4508972168, 104.682479858, 127.547805786, 64.6143035889, 47.7550582886, 91.6383972168, 79.5024414062, 102.971656799, 134.574462891, 136.105010986, 123.590682983, 181.097915649, 278.689971924, 247.79737854, 215.237426758, 312.671600342, 175.006622314, 270.288574219, 168.329803467, 108.737709045, 49.7782783508, 5.65394926071, 0.233680203557, 0.0185807384551, 0.00667755911127, 0.00177154352423, 0.000382668542443],
        "mean": [1.03661382198, 5.06088590622, 8.67634677887, 9.98404884338, 9.26835727692, 6.66257572174, 4.3476691246, 3.70272374153, 5.75177145004, 3.29259967804, 5.16848087311, 4.90969705582, 4.99226284027, 6.11890077591, 8.73566818237, 11.806602478, 8.14052963257, 7.94506072998, 7.46761226654, 11.9430074692, 11.4390382767, 12.3626241684, 13.1651124954, 13.696805954, 16.7215690613, 24.614528656, 27.2253417969, 24.722700119, 28.9860668182, 21.7727069855, 23.7890949249, 16.9370346069, 11.6506404877, 4.92533826828, 0.446287631989, 0.0194296166301, 0.000985553255305, 0.000134659203468, 5.38441745448e-05, 6.5409229137e-05],
        "median": [0.0105589451268, 0.459734231234, 2.60036849976, 3.77511382103, 2.27769112587, 0.633739590645, 0.690626561642, 0.66515827179, 0.927597820759, 0.557405352592, 0.681679487228, 0.769446372986, 0.931983828545, 1.36850869656, 2.36372566223, 3.38013100624, 2.59474182129, 3.57250881195, 2.90731096268, 5.37879133224, 4.88170719147, 4.55083990097, 4.62468719482, 5.299721241, 6.44197273254, 8.83980178833, 7.45447826385, 8.71347999573, 9.66546916962, 9.05361366272, 8.82907676697, 5.85643768311, 4.09952116013, 1.79605448246, 0.154260233045, 0.00683167297393, 0.000367379019735, 4.99992056575e-05, 3.67745560652e-05, 5.29945464223e-05],
        "min": [3.10996597364e-07, 5.15120336786e-06, 3.40141923516e-05, 0.000211443664739, 0.000454925349914, 0.000148236795212, 6.6173983214e-05, 0.000147696991917, 0.000178369955393, 7.88609104347e-05, 6.34759271634e-05, 5.54988619115e-05, 0.000116996656288, 8.26459581731e-05, 7.3797571531e-05, 0.000647502776701, 0.0002647129877, 5.91266907577e-05, 6.91933673806e-05, 3.32949239237e-05, 8.09144985396e-05, 5.52122110093e-05, 0.000109651853563, 0.000136350718094, 7.78225803515e-05, 0.000119829070172, 0.000139618496178, 0.000135380149004, 0.000301617023069, 0.000131281107315, 0.000146054211655, 0.000115977563837, 5.0819144235e-05, 2.04266016226e-05, 5.42949976534e-07, 3.69824775248e-08, 1.02071302521e-08, 3.71718500425e-09, 1.21016741073e-09, 7.60794205412e-10],
        "var": [4.92270946503, 64.4130706787, 116.519004822, 168.46005249, 410.241210938, 310.279205322, 85.6748657227, 60.5204200745, 136.170654297, 69.1947021484, 204.190322876, 146.318344116, 85.8857498169, 122.730560303, 267.786895752, 395.055236816, 139.21534729, 81.8568191528, 134.46673584, 193.433685303, 240.318954468, 363.546142578, 360.10723877, 348.845275879, 643.374206543, 1708.39599609, 1972.83093262, 1482.41223145, 2242.36547852, 1134.77087402, 2003.73303223, 803.545837402, 396.849731445, 66.7197189331, 0.623628497124, 0.00116243772209, 2.84243287751e-06, 6.49154614507e-08, 4.7728718755e-09, 3.76471742669e-09]
    },
    "gfcc": {
        "mean": [-24.6351661682, 66.9195022583, -118.656433105, 88.9541320801, -66.8665771484, 46.1474227905, -37.752571106, 2.50325393677, -14.868847847, -14.6325674057, -1.97162091732, -18.42578125, 0.511002182961],
        "cov": [[6079.85986328, -584.234985352, -45.800403595, 106.161949158, -842.328674316, -140.785018921, -42.9509010315, 27.3584899902, -384.755615234, 100.778182983, -187.506790161, -45.018825531, -91.9665908813], [-584.234985352, 787.905456543, 276.999481201, -120.579528809, 166.689682007, -43.0137939453, 144.85798645, 22.9127445221, 174.969619751, -3.97975635529, 130.391479492, 68.6124267578, 114.949813843], [-45.800403595, 276.999481201, 752.8359375, 289.279022217, 318.245819092, 124.455047607, 268.679046631, 109.639503479, 235.003417969, 107.025146484, 121.037269592, 2.80454039574, 49.5051956177], [106.161949158, -120.579528809, 289.279022217, 328.055664062, 246.113998413, 108.764175415, 134.347213745, 70.6593551636, 112.0626297, 55.8807144165, 33.6062202454, -38.8234786987, -18.0622558594], [-842.328674316, 166.689682007, 318.245819092, 246.113998413, 551.619445801, 187.783782959, 246.438873291, 119.306632996, 269.017150879, 43.2012557983, 126.041687012, 8.78781890869, 76.4000091553], [-140.785018921, -43.0137939453, 124.455047607, 108.764175415, 187.783782959, 176.702133179, 149.478759766, 79.8987960815, 84.4066696167, 33.9201049805, 47.0096549988, 9.64689159393, 18.7529563904], [-42.9509010315, 144.85798645, 268.679046631, 134.347213745, 246.438873291, 149.478759766, 263.688140869, 121.241439819, 169.247970581, 58.0290298462, 104.878639221, 32.7656822205, 67.2612915039], [27.3584899902, 22.9127445221, 109.639503479, 70.6593551636, 119.306632996, 79.8987960815, 121.241439819, 108.010482788, 109.698097229, 54.9366722107, 55.7516441345, 29.1474208832, 50.3128547668], [-384.755615234, 174.969619751, 235.003417969, 112.0626297, 269.017150879, 84.4066696167, 169.247970581, 109.698097229, 225.04637146, 71.6758804321, 118.129325867, 39.5884208679, 81.420791626], [100.778182983, -3.97975635529, 107.025146484, 55.8807144165, 43.2012557983, 33.9201049805, 58.0290298462, 54.9366722107, 71.6758804321, 82.1318664551, 62.0588111877, 28.8348693848, 31.6517791748], [-187.506790161, 130.391479492, 121.037269592, 33.6062202454, 126.041687012, 47.0096549988, 104.878639221, 55.7516441345, 118.129325867, 62.0588111877, 130.575088501, 71.5570373535, 75.1697311401], [-45.018825531, 68.6124267578, 2.80454039574, -38.8234786987, 8.78781890869, 9.64689159393, 32.7656822205, 29.1474208832, 39.5884208679, 28.8348693848, 71.5570373535, 78.590057373, 68.3045959473], [-91.9665908813, 114.949813843, 49.5051956177, -18.0622558594, 76.4000091553, 18.7529563904, 67.2612915039, 50.3128547668, 81.420791626, 31.6517791748, 75.1697311401, 68.3045959473, 96.6434783936]],
        "icov": [[0.000358763179975, -3.41101513186e-05, 6.55482363072e-05, -0.000744109856896, 0.000879735453054, 0.000293975375826, -0.000739929499105, -0.000451229512691, 0.000831801909953, -0.00052049808437, 0.000210065743886, 0.000546264345758, -0.000873083015904], [-3.41101513186e-05, 0.00433929078281, -0.0021524883341, 0.00445259176195, -0.00139434169978, 0.00375728053041, -0.00263287010603, 0.00109551427886, -0.00174876581877, 0.00332196778618, -0.00220308662392, 0.000283932255115, 0.000274578575045], [6.55482363072e-05, -0.0021524883341, 0.00436453986913, -0.004162480589, 0.00136578327511, -0.00111951236613, -0.00212423549965, 0.00325213652104, -0.0016480187187, -0.00419389270246, 0.00254361145198, 4.38266688434e-05, -0.000715629779734], [-0.000744109856896, 0.00445259176195, -0.004162480589, 0.0144904786721, -0.00794284883887, 0.00444683758542, -0.00149555201642, -0.00153239339124, 0.0006501012831, -0.000902088184375, -0.00168514112011, -0.000385302322684, 0.00742193916813], [0.000879735453054, -0.00139434169978, 0.00136578327511, -0.00794284883887, 0.0142260529101, -0.00832551438361, 0.000841419096105, 0.00308407051489, -0.00900423806161, 0.00726428627968, -0.00446260720491, 0.0105795357376, -0.0103097772226], [0.000293975375826, 0.00375728053041, -0.00111951236613, 0.00444683758542, -0.00832551438361, 0.0221626982093, -0.0115652363747, -0.00667473953217, 0.00797440856695, -0.00323879881762, 0.00223643262871, -0.00876639783382, 0.00981912389398], [-0.000739929499105, -0.00263287010603, -0.00212423549965, -0.00149555201642, 0.000841419096105, -0.0115652363747, 0.022416530177, -0.0119298296049, -0.000739302951843, 0.00906288251281, -0.0118812825531, 0.00898153986782, -0.00402743835002], [-0.000451229512691, 0.00109551427886, 0.00325213652104, -0.00153239339124, 0.00308407051489, -0.00667473953217, -0.0119298296049, 0.0451491288841, -0.020168159157, -0.0145653961226, 0.0199719090015, -0.0105516705662, -0.0063444362022], [0.000831801909953, -0.00174876581877, -0.0016480187187, 0.0006501012831, -0.00900423806161, 0.00797440856695, -0.000739302951843, -0.020168159157, 0.0354186072946, -0.00755943870172, -0.0119054382667, 0.0102570559829, -0.00493097258732], [-0.00052049808437, 0.00332196778618, -0.00419389270246, -0.000902088184375, 0.00726428627968, -0.00323879881762, 0.00906288251281, -0.0145653961226, -0.00755943870172, 0.0422056131065, -0.0244779400527, 0.00968598295003, -0.00156653730664], [0.000210065743886, -0.00220308662392, 0.00254361145198, -0.00168514112011, -0.00446260720491, 0.00223643262871, -0.0118812825531, 0.0199719090015, -0.0119054382667, -0.0244779400527, 0.0533309131861, -0.0420135557652, 0.00842771213502], [0.000546264345758, 0.000283932255115, 4.38266688434e-05, -0.000385302322684, 0.0105795357376, -0.00876639783382, 0.00898153986782, -0.0105516705662, 0.0102570559829, 0.00968598295003, -0.0420135557652, 0.0788927897811, -0.0422267876565], [-0.000873083015904, 0.000274578575045, -0.000715629779734, 0.00742193916813, -0.0103097772226, 0.00981912389398, -0.00402743835002, -0.0063444362022, -0.00493097258732, -0.00156653730664, 0.00842771213502, -0.0422267876565, 0.0512512214482]]
    },
    "melbands": {
        "dmean": [0.00393001269549, 0.00179372995626, 0.00111688848119, 0.000769138685428, 0.000218705128646, 0.000109401407826, 9.22644758248e-05, 4.91873761348e-05, 6.23530868324e-05, 3.54147159669e-05, 2.11118822335e-05, 2.33975588344e-05, 3.32696145051e-05, 1.91842609638e-05, 3.33207281074e-05, 1.13972764666e-05, 1.11898116302e-05, 1.24942016555e-05, 1.0679324987e-05, 1.39250887514e-05, 1.12656234705e-05, 1.20399963635e-05, 9.50061530602e-06, 1.13142732516e-05, 8.77981983649e-06, 1.03447819129e-05, 1.39472949741e-05, 1.52911688929e-05, 1.31085644171e-05, 1.78353711817e-05, 1.07993328129e-05, 1.4465807908e-05, 1.13272371891e-05, 8.90051978786e-06, 1.36341532198e-05, 9.41531106946e-06, 7.64530977904e-06, 6.90699744155e-06, 4.3412528612e-06, 2.93803032037e-06],
        "dmean2": [0.00433576013893, 0.00284603307955, 0.00188202864956, 0.00140556192491, 0.000400364777306, 0.000189761951333, 0.000153088374645, 9.19186204555e-05, 0.000116165712825, 6.50046567898e-05, 3.2607720641e-05, 3.72805225197e-05, 5.48089010408e-05, 3.20974650094e-05, 5.6305914768e-05, 1.94063795789e-05, 1.83953325177e-05, 2.11551614484e-05, 1.74134729605e-05, 2.19788125833e-05, 1.9551582227e-05, 1.97013796424e-05, 1.49620045704e-05, 1.84610580618e-05, 1.40187503348e-05, 1.7560498236e-05, 2.24885989155e-05, 2.52192294283e-05, 2.01701186597e-05, 2.81162447209e-05, 1.65433702932e-05, 2.22160397243e-05, 1.68612459674e-05, 1.29156805997e-05, 2.1548841687e-05, 1.39050043799e-05, 1.12484840429e-05, 9.89664749795e-06, 6.1101582105e-06, 4.19296111431e-06],
        "dvar": [7.07892613718e-05, 1.3644489627e-05, 3.53084965354e-06, 3.22702953781e-06, 2.17633257193e-07, 4.55016397893e-08, 2.3352132672e-08, 1.64976263761e-08, 2.50742342445e-08, 8.02924482457e-09, 1.58707902376e-09, 1.9274892793e-09, 4.42913172805e-09, 1.1073421069e-09, 3.18244364195e-09, 4.0245312638e-10, 1.95363156208e-10, 5.00292640648e-10, 2.39528091805e-10, 3.72944786164e-10, 3.00254515695e-10, 4.63364152603e-10, 2.13543169258e-10, 3.42928352381e-10, 1.76102132876e-10, 2.76032641189e-10, 6.30603402829e-10, 7.65923102719e-10, 4.94822682828e-10, 9.27072418833e-10, 2.94424262748e-10, 6.11547257279e-10, 3.64711150169e-10, 2.08621106501e-10, 7.46809281083e-10, 3.11410008891e-10, 1.80104792191e-10, 1.7203900804e-10, 5.59724419591e-11, 3.03783734279e-11],
        "dvar2": [0.000109377295303, 3.73742550437e-05, 9.31698559725e-06, 9.09608115762e-06, 6.0525775325e-07, 1.22259109503e-07, 5.82156047813e-08, 4.74908539161e-08, 7.15550712016e-08, 2.28941097191e-08, 3.19619575251e-09, 4.52085968661e-09, 1.00778256851e-08, 2.78549450172e-09, 7.90710430465e-09, 1.04376252086e-09, 4.2051470639e-10, 1.31076383081e-09, 5.64450597373e-10, 8.90226725669e-10, 7.24703963506e-10, 1.08750697336e-09, 5.15114340072e-10, 8.41925085204e-10, 3.81647685677e-10, 6.94253987632e-10, 1.52220114291e-09, 1.97589966611e-09, 1.18420029338e-09, 2.23068696847e-09, 6.29958141207e-10, 1.41361755635e-09, 8.17508116757e-10, 4.13625023121e-10, 1.66671099144e-09, 6.11959816155e-10, 3.95311533508e-10, 3.54411000547e-10, 1.01905629768e-10, 6.73691796793e-11],
        "max": [0.0767756849527, 0.0299661103636, 0.0127636212856, 0.0106729399413, 0.00261340546422, 0.00161523243878, 0.000949812121689, 0.00110806466546, 0.00114647252485, 0.000687825144269, 0.000336968369083, 0.000297134654829, 0.000452526466688, 0.000235130195506, 0.000416956259869, 0.000141245109262, 9.02722167666e-05, 0.000171963954926, 0.000103442980617, 0.000149116051034, 0.000126783575979, 0.000161528107128, 0.000100350385765, 0.000144239180372, 0.000109477012302, 0.000100715427834, 0.000199841131689, 0.000193508327357, 0.000154837631271, 0.00018639623886, 0.00012233335292, 0.000208120414754, 0.000127880426589, 9.3197755632e-05, 0.000168591752299, 0.000107645035314, 9.3984301202e-05, 8.95231205504e-05, 4.53031352663e-05, 4.25145844929e-05],
        "mean": [0.00816925708205, 0.00548066850752, 0.00178933981806, 0.000577732746024, 0.000173071210156, 9.10654343897e-05, 7.86178788985e-05, 3.55381125701e-05, 4.47524762421e-05, 2.75691891147e-05, 2.60587767116e-05, 2.5946786991e-05, 3.39207254001e-05, 2.15856744035e-05, 3.64581901522e-05, 1.23645277199e-05, 1.4795142306e-05, 1.18904927149e-05, 1.28241426864e-05, 1.62130363606e-05, 1.33609701152e-05, 1.36693479362e-05, 1.03511092675e-05, 1.31961242005e-05, 1.06492962004e-05, 1.05055441963e-05, 1.49748457261e-05, 1.60669278557e-05, 1.57629310706e-05, 1.78594382305e-05, 1.29149775603e-05, 1.65391338669e-05, 1.3966019651e-05, 1.14022213893e-05, 1.4535588889e-05, 1.14048434625e-05, 9.69059146883e-06, 8.67810558702e-06, 5.99057648287e-06, 3.62798346032e-06],
        "median": [0.000173261854798, 0.00228069187142, 0.000773290521465, 7.17956500011e-05, 2.32476086239e-05, 1.68086589838e-05, 1.28987330754e-05, 5.29125145476e-06, 5.62543846172e-06, 4.51995947515e-06, 4.6840577852e-06, 5.46152750758e-06, 8.51027652971e-06, 6.80620087223e-06, 9.38378070714e-06, 5.15552483193e-06, 6.48924378766e-06, 4.03485728384e-06, 6.02391446591e-06, 6.69023575028e-06, 5.51530683879e-06, 5.17933858646e-06, 3.07408890876e-06, 5.31633622813e-06, 4.16634475187e-06, 3.95120650865e-06, 5.72004637434e-06, 5.55041060579e-06, 4.35629863205e-06, 4.79635446027e-06, 5.16776117365e-06, 5.35444996785e-06, 4.87012266603e-06, 4.89903095513e-06, 5.27045403942e-06, 3.88704620491e-06, 3.38498057317e-06, 3.05683670376e-06, 2.1685309548e-06, 1.26441739212e-06],
        "min": [3.98510069388e-09, 1.32871775804e-08, 4.99172756463e-08, 2.56854981728e-08, 3.1234761444e-09, 3.32291416605e-09, 2.63565436143e-09, 5.20778586921e-10, 5.87851267664e-10, 3.1558766711e-10, 6.27222052074e-10, 3.90918963866e-10, 1.77366676901e-10, 9.54271217601e-10, 1.77803705093e-09, 1.36137018325e-10, 8.7094040313e-11, 1.08385189712e-10, 7.58508186816e-11, 3.2816353801e-11, 1.08863550119e-10, 4.5481646227e-11, 9.06706862369e-11, 9.01229993411e-11, 9.37446995031e-11, 7.137343494e-11, 4.52328105527e-11, 8.43920558435e-11, 7.82548886802e-11, 7.1490965925e-11, 7.54065004882e-11, 1.86763202126e-10, 1.26728252892e-10, 4.16081301358e-11, 7.42858691227e-11, 9.84989867447e-11, 6.67136831889e-11, 3.07831052315e-11, 4.92678398079e-11, 5.41192264614e-12],
        "var": [0.000238254433498, 4.22476841777e-05, 5.06838159708e-06, 2.03095532925e-06, 1.4974436624e-07, 3.65853942697e-08, 2.42562983033e-08, 9.39470456984e-09, 1.44969023452e-08, 4.75794914578e-09, 2.50547449454e-09, 2.29346075464e-09, 4.59500171246e-09, 1.21344290172e-09, 3.97528676643e-09, 3.42803618825e-10, 2.93690571862e-10, 4.16863321639e-10, 2.70722361195e-10, 4.27650137524e-10, 3.33244570827e-10, 4.91872154118e-10, 2.36367286854e-10, 3.54664408952e-10, 2.22902904468e-10, 2.51360404713e-10, 6.31844798704e-10, 7.46441297661e-10, 6.27556340227e-10, 9.69656466232e-10, 3.83935216952e-10, 7.49492135022e-10, 4.94628893399e-10, 3.01711128303e-10, 7.85475240406e-10, 4.10510903048e-10, 2.43253917009e-10, 2.31981878152e-10, 9.06743083395e-11, 3.93530243115e-11]
    },
    "mfcc": {
        "mean": [-645.668151855, 56.3937301636, 26.3343505859, 31.6136856079, 19.4778575897, 24.857629776, 9.25325298309, 11.5984077454, 2.14144515991, 2.23265957832, -3.05705738068, 2.21848964691, 0.197029605508],
        "cov": [[6370.16943359, -801.762145996, 209.764724731, -86.0542068481, -750.960327148, -300.857574463, -29.7761917114, -264.359710693, -127.862808228, -150.66583252, -159.657272339, -92.6933822632, -186.368026733], [-801.762145996, 923.528747559, 147.205841064, 19.4662895203, 68.9411010742, 7.23455190659, 5.60414648056, 95.0380477905, 57.0585136414, 16.1316204071, 58.7680206299, 44.8457260132, 67.8442153931], [209.764724731, 147.205841064, 464.688262939, 194.349609375, 42.4679832458, 86.2088394165, 75.5486373901, 43.5840950012, 74.3913650513, 77.0738830566, 100.134056091, 54.4574661255, 59.8213119507], [-86.0542068481, 19.4662895203, 194.349609375, 279.47177124, 179.941894531, 117.936637878, 75.5884017944, 69.3551330566, 95.0228042603, 103.113182068, 105.832794189, 59.7851142883, 46.2878761292], [-750.960327148, 68.9411010742, 42.4679832458, 179.941894531, 296.810577393, 154.764373779, 78.6338653564, 109.762817383, 106.003677368, 112.359764099, 100.048957825, 64.8109436035, 57.9279747009], [-300.857574463, 7.23455190659, 86.2088394165, 117.936637878, 154.764373779, 156.80279541, 114.420845032, 102.922325134, 81.9499359131, 90.2070159912, 79.6917114258, 52.1191329956, 43.9888877869], [-29.7761917114, 5.60414648056, 75.5486373901, 75.5884017944, 78.6338653564, 114.420845032, 136.894760132, 103.757278442, 76.513168335, 74.627784729, 64.7695922852, 48.6081695557, 36.3098487854], [-264.359710693, 95.0380477905, 43.5840950012, 69.3551330566, 109.762817383, 102.922325134, 103.757278442, 140.700119019, 96.259552002, 82.3365249634, 67.4280090332, 52.571937561, 48.7594528198], [-127.862808228, 57.0585136414, 74.3913650513, 95.0228042603, 106.003677368, 81.9499359131, 76.513168335, 96.259552002, 127.25957489, 94.2131500244, 71.7141036987, 47.6824836731, 48.60414505], [-150.66583252, 16.1316204071, 77.0738830566, 103.113182068, 112.359764099, 90.2070159912, 74.627784729, 82.3365249634, 94.2131500244, 117.657142639, 86.995880127, 54.3435630798, 46.7966346741], [-159.657272339, 58.7680206299, 100.134056091, 105.832794189, 100.048957825, 79.6917114258, 64.7695922852, 67.4280090332, 71.7141036987, 86.995880127, 99.8446884155, 59.3229255676, 42.8509254456], [-92.6933822632, 44.8457260132, 54.4574661255, 59.7851142883, 64.8109436035, 52.1191329956, 48.6081695557, 52.571937561, 47.6824836731, 54.3435630798, 59.3229255676, 65.4679489136, 46.885433197], [-186.368026733, 67.8442153931, 59.8213119507, 46.2878761292, 57.9279747009, 43.9888877869, 36.3098487854, 48.7594528198, 48.60414505, 46.7966346741, 42.8509254456, 46.885433197, 64.6898727417]],
