{
"lowlevel": {
    "average_loudness": 0.864247441292,
    "barkbands_crest": {
        "dmean": 1.40088772774,
        "dmean2": 2.20866179466,
        "dvar": 2.06577849388,
        "dvar2": 5.0365524292,
        "max": 25.163351059,
        "mean": 9.64287090302,
        "median": 9.07942581177,
        "min": 2.54264903069,
        "var": 9.96845817566
    },
    "barkbands_flatness_db": {
        "dmean": 0.0173687078059,
        "dmean2": 0.0261997207999,
        "dvar": 0.000305028952425,
        "dvar2": 0.000605380802881,
        "max": 0.583098053932,
        "mean": 0.232435494661,
        "median": 0.227552220225,
        "min": 0.0186356399208,
        "var": 0.00310965604149
    },
    "barkbands_kurtosis": {
        "dmean": 1.99863862991,
        "dmean2": 3.05176019669,
        "dvar": 10.612786293,
        "dvar2": 25.1027183533,
        "max": 74.4111099243,
        "mean": 5.48019552231,
        "median": 3.74600458145,
        "min": -1.88980007172,
        "var": 44.3324813843
    },
    "barkbands_skewness": {
        "dmean": 0.332769185305,
        "dmean2": 0.500805437565,
        "dvar": 0.14466792345,
        "dvar2": 0.331568419933,
        "max": 7.57341337204,
        "mean": 1.80217313766,
        "median": 1.73054718971,
        "min": -1.87842929363,
        "var": 1.01458644867
    },
    "barkbands_spread": {
        "dmean": 2.65147781372,
        "dmean2": 3.98595714569,
        "dvar": 18.0082588196,
        "dvar2": 36.8213157654,
        "max": 97.0173950195,
        "mean": 12.5730190277,
        "median": 10.0941085815,
        "min": 0.34032484889,
        "var": 94.6727142334
    },
    "dissonance": {
        "dmean": 0.0223059076816,
        "dmean2": 0.0367671772838,
        "dvar": 0.000415093294578,
        "dvar2": 0.00106709415559,
        "max": 0.5,
        "mean": 0.433910667896,
        "median": 0.439541220665,
        "min": 0.16141012311,
        "var": 0.00134207354859
    },
    "dynamic_complexity": 3.22331666946,
    "erbbands_crest": {
        "dmean": 2.02516913414,
        "dmean2": 3.18254637718,
        "dvar": 4.62299013138,
        "dvar2": 11.4323539734,
        "max": 33.5859336853,
        "mean": 9.94149684906,
        "median": 9.16059017181,
        "min": 2.60438632965,
        "var": 15.9630804062
    },
    "erbbands_flatness_db": {
        "dmean": 0.0142856761813,
        "dmean2": 0.0202789790928,
        "dvar": 0.000254325772403,
        "dvar2": 0.000504006282426,
        "max": 0.460712879896,
        "mean": 0.227507203817,
        "median": 0.22442419827,
        "min": 0.0567785464227,
        "var": 0.00272451969795
    },
    "erbbands_kurtosis": {
        "dmean": 0.810073673725,
        "dmean2": 1.2677898407,
        "dvar": 1.94700574875,
        "dvar2": 5.33692789078,
        "max": 40.8861351013,
        "mean": 0.657147109509,
        "median": 0.11269903183,
        "min": -1.82572960854,
        "var": 4.39849376678
    },
    "erbbands_skewness": {
        "dmean": 0.28740683198,
        "dmean2": 0.444637537003,
        "dvar": 0.085609510541,
        "dvar2": 0.214167073369,
        "max": 4.86703824997,
        "mean": 0.582519114017,
        "median": 0.594904184341,
        "min": -5.3028383255,
        "var": 0.557533740997
    },
    "erbbands_spread": {
        "dmean": 5.1441988945,
        "dmean2": 7.5961151123,
        "dvar": 46.9172325134,
        "dvar2": 96.871673584,
        "max": 137.659805298,
        "mean": 29.9304561615,
        "median": 27.2087078094,
        "min": 2.65934729576,
        "var": 247.660430908
    },
    "hfc": {
        "dmean": 3.05997371674,
        "dmean2": 4.34011173248,
        "dvar": 18.1925773621,
        "dvar2": 37.3503799438,
        "max": 81.0096969604,
        "mean": 15.6961536407,
        "median": 13.6991062164,
        "min": 1.08277789982e-16,
        "var": 129.828048706
    },
    "melbands_crest": {
        "dmean": 1.97397339344,
        "dmean2": 3.0900645256,
        "dvar": 4.14485836029,
        "dvar2": 10.1354131699,
        "max": 32.9427833557,
        "mean": 15.6469516754,
        "median": 15.1254692078,
        "min": 1.65436327457,
        "var": 28.9171886444
    },
    "melbands_flatness_db": {
        "dmean": 0.0190851353109,
        "dmean2": 0.0265807081014,
        "dvar": 0.000488743127789,
        "dvar2": 0.000929797941353,
        "max": 0.716831147671,
        "mean": 0.280747711658,
        "median": 0.274372279644,
        "min": 0.00542043102905,
        "var": 0.00538151664659
    },
    "melbands_kurtosis": {
        "dmean": 4.0580201149,
        "dmean2": 6.21835422516,
        "dvar": 60.3705558777,
        "dvar2": 149.567947388,
        "max": 219.13609314,
        "mean": 12.7352991104,
        "median": 9.15633010864,
        "min": -1.77077043056,
        "var": 218.118286133
    },
    "melbands_skewness": {
        "dmean": 0.443174481392,
        "dmean2": 0.660064578056,
        "dvar": 0.291687011719,
        "dvar2": 0.670585989952,
        "max": 13.43176651,
        "mean": 2.59399414062,
        "median": 2.4429769516,
        "min": -0.763933122158,
        "var": 1.86418628693
    },
    "melbands_spread": {
        "dmean": 2.67270517349,
        "dmean2": 4.05914115906,
        "dvar": 18.5157585144,
        "dvar2": 44.2315864563,
        "max": 133.910751343,
        "mean": 13.0093460083,
        "median": 10.6204805374,
        "min": 0.487929999828,
        "var": 111.454460144
    },
    "pitch_salience": {
        "dmean": 0.0450359471142,
        "dmean2": 0.0718496739864,
        "dvar": 0.00198686425574,
        "dvar2": 0.00479271262884,
        "max": 0.989215016365,
        "mean": 0.496840655804,
        "median": 0.50063431263,
        "min": 0.0925552621484,
        "var": 0.0109931984916
    },
    "silence_rate_20dB": {
        "dmean": 0,
        "dmean2": 0,
        "dvar": 0,
        "dvar2": 0,
        "max": 1,
        "mean": 1,
        "median": 1,
        "min": 1,
        "var": 0
    },
    "silence_rate_30dB": {
        "dmean": 0.00436554150656,
        "dmean2": 0.00873235333711,
        "dvar": 0.00434649549425,
        "dvar2": 0.01185800042,
        "max": 1,
        "mean": 0.995780587196,
        "median": 1,
        "min": 0,
        "var": 0.00420160870999
    },
    "silence_rate_60dB": {
        "dmean": 0.00174621655606,
        "dmean2": 0.00349294138141,
        "dvar": 0.00174298230559,
        "dvar2": 0.00406216504052,
        "max": 1,
        "mean": 0.0807507634163,
        "median": 0,
        "min": 0,
        "var": 0.0742327421904
    },
    "spectral_centroid": {
        "dmean": 116.62361145,
        "dmean2": 176.924682617,
        "dvar": 37251.5078125,
        "dvar2": 77795.0078125,
        "max": 11741.1181641,
        "mean": 761.984741211,
        "median": 634.571777344,
        "min": 144.170059204,
        "var": 311946.59375
    },
    "spectral_complexity": {
        "dmean": 2.14406275749,
        "dmean2": 3.32076835632,
        "dvar": 5.26859951019,
        "dvar2": 11.4368476868,
        "max": 43,
        "mean": 14.9029531479,
        "median": 15,
        "min": 0,
        "var": 36.8161201477
    },
    "spectral_decrease": {
        "dmean": 1.6666396041e-09,
        "dmean2": 2.51178633448e-09,
        "dvar": 5.74415103667e-18,
        "dvar2": 1.3624362002e-17,
        "max": 4.66992872531e-29,
        "mean": -9.35898913923e-09,
        "median": -8.83570372423e-09,
        "min": -3.82516560649e-08,
        "var": 3.31619189114e-17
    },
    "spectral_energy": {
        "dmean": 0.00649931188673,
        "dmean2": 0.00977706070989,
        "dvar": 8.60315776663e-05,
        "dvar2": 0.000202846815228,
        "max": 0.147347688675,
        "mean": 0.0367466844618,
        "median": 0.034682624042,
        "min": 1.04246866492e-20,
        "var": 0.000506837444846
    },
    "spectral_energyband_high": {
        "dmean": 0.000128008221509,
        "dmean2": 0.000197030778509,
        "dvar": 1.37945662004e-07,
        "dvar2": 3.10226539568e-07,
        "max": 0.00717621576041,
        "mean": 0.000218021828914,
        "median": 5.47869349248e-05,
        "min": 7.2447159922e-21,
        "var": 3.33532767627e-07
    },
    "spectral_energyband_low": {
        "dmean": 0.00303183775395,
        "dmean2": 0.00477125961334,
        "dvar": 4.1161201807e-05,
        "dvar2": 0.000100730569102,
        "max": 0.0975765436888,
        "mean": 0.0138483019546,
        "median": 0.00997055694461,
        "min": 2.93470961109e-23,
        "var": 0.000169178194483
    },
    "spectral_energyband_middle_high": {
        "dmean": 0.000895022181794,
        "dmean2": 0.00126545352396,
        "dvar": 2.48442711381e-06,
        "dvar2": 4.61307854493e-06,
        "max": 0.046310801059,
        "mean": 0.0036197847221,
        "median": 0.00228349678218,
        "min": 1.4110586495e-21,
        "var": 1.8922448362e-05
    },
    "spectral_energyband_middle_low": {
        "dmean": 0.00471099745482,
        "dmean2": 0.00717672379687,
        "dvar": 3.71064452338e-05,
        "dvar2": 9.07350913621e-05,
        "max": 0.101131945848,
        "mean": 0.0198356304318,
        "median": 0.0188042484224,
        "min": 2.18711269454e-22,
        "var": 0.000192854960915
    },
    "spectral_entropy": {
        "dmean": 0.161205008626,
        "dmean2": 0.227832198143,
        "dvar": 0.0358472578228,
        "dvar2": 0.0653460994363,
        "max": 9.81157779694,
        "mean": 6.85015296936,
        "median": 6.83542203903,
        "min": 3.74186348915,
        "var": 0.29997253418
    },
    "spectral_flux": {
        "dmean": 0.017180012539,
        "dmean2": 0.0271648373455,
        "dvar": 0.000427146937,
        "dvar2": 0.000978285330348,
        "max": 0.292051374912,
        "mean": 0.0588210709393,
        "median": 0.0530954115093,
        "min": 6.52105661136e-11,
        "var": 0.00133422669023
    },
    "spectral_kurtosis": {
        "dmean": 4.64635276794,
        "dmean2": 7.92661428452,
        "dvar": 39.5937194824,
        "dvar2": 109.741378784,
        "max": 174.365356445,
        "mean": 10.677280426,
        "median": 7.91588306427,
        "min": -1.23482120037,
        "var": 185.141403198
    },
    "spectral_rms": {
        "dmean": 0.000495544285513,
        "dmean2": 0.000732827291358,
        "dvar": 3.84766536854e-07,
        "dvar2": 8.61239584538e-07,
        "max": 0.0119897387922,
        "mean": 0.00560406502336,
        "median": 0.00581693276763,
        "min": 3.18911065091e-12,
        "var": 4.4448920562e-06
    },
    "spectral_rolloff": {
        "dmean": 176.447631836,
        "dmean2": 297.928222656,
        "dvar": 218019.984375,
        "dvar2": 473333.96875,
        "max": 19358.3496094,
        "mean": 791.545532227,
        "median": 581.396484375,
        "min": 64.599609375,
        "var": 1037411.375
    },
    "spectral_skewness": {
        "dmean": 0.417654842138,
        "dmean2": 0.689107000828,
        "dvar": 0.202499866486,
        "dvar2": 0.545401990414,
        "max": 11.2871303558,
        "mean": 2.2337949276,
        "median": 2.14743542671,
        "min": -0.045280508697,
        "var": 1.01713001728
    },
    "spectral_spread": {
        "dmean": 442465.53125,
        "dmean2": 674117.0625,
        "dvar": 532641480704,
        "dvar2": 1.01340413952e+12,
        "max": 41686644,
        "mean": 3106311.5,
        "median": 2789067.75,
        "min": 552161.75,
        "var": 3.35621731123e+12
    },
    "spectral_strongpeak": {
        "dmean": 0.301633924246,
        "dmean2": 0.520640790462,
        "dvar": 0.314342111349,
        "dvar2": 0.786468684673,
        "max": 8.47155094147,
        "mean": 0.817122817039,
        "median": 0.58709603548,
        "min": 0,
        "var": 0.523085594177
    },
    "zerocrossingrate": {
        "dmean": 0.00487066246569,
        "dmean2": 0.00599084375426,
        "dvar": 6.27960616839e-05,
        "dvar2": 8.58680868987e-05,
        "max": 0.52490234375,
        "mean": 0.0326057933271,
        "median": 0.0283203125,
        "min": 0.00048828125,
        "var": 0.000764595286455
    },
    "barkbands": {
        "dmean": [5.36785773875e-06, 0.00123162358068, 0.00185400573537, 0.000970023917034, 0.00223530409858, 0.00184628542047, 0.000807931530289, 0.0010744407773, 0.00059730745852, 0.000268219970167, 0.000219921741518, 0.000261273817159, 0.000151021391503, 0.000174886634341, 0.000199834292289, 0.000128443498397, 0.000132548579131, 7.33417473384e-05, 2.48038140853e-05, 2.47859807132e-05, 3.53835675924e-05, 2.97315054922e-05, 2.87527873297e-05, 3.12794654747e-05, 7.15399892215e-06, 6.58307142132e-09, 1.67474545343e-09],
        "dmean2": [7.58519809096e-06, 0.00192220252939, 0.00292485579848, 0.0016380508896, 0.00351327960379, 0.00279580033384, 0.00114854320418, 0.00154009182006, 0.000831451558042, 0.000396466813982, 0.000327864516294, 0.000384148472222, 0.000230391480727, 0.000268754432909, 0.000313893629937, 0.000197643981664, 0.000213244056795, 0.000112953603093, 3.93494301534e-05, 3.98182273784e-05, 5.79471343372e-05, 4.85459349875e-05, 4.5894219511e-05, 4.75895103591e-05, 1.07311325337e-05, 1.0893410618e-08, 3.09035663726e-09],
        "dvar": [6.69210797888e-11, 6.42480108581e-06, 1.58446073328e-05, 4.07131301472e-06, 1.03812135421e-05, 8.05634863354e-06, 2.13665020965e-06, 7.15503301763e-06, 1.77386277755e-06, 3.92660240323e-07, 3.64732017033e-07, 1.08462381831e-06, 1.9323741185e-07, 1.19105884266e-07, 1.58870420819e-07, 7.39284971019e-08, 7.83423246276e-08, 2.01248422371e-08, 2.83409296031e-09, 5.11382047819e-09, 1.25570309706e-08, 7.30854443631e-09, 7.8173965079e-09, 1.08180300273e-08, 9.35866606433e-10, 6.48180051486e-16, 8.61607042467e-18],
        "dvar2": [1.33695152171e-10, 1.48000081026e-05, 3.97092844651e-05, 1.14503654913e-05, 2.8777107218e-05, 1.8105682102e-05, 4.43689577878e-06, 1.5231409634e-05, 3.35732579515e-06, 8.69522637004e-07, 7.64315132074e-07, 2.11063183997e-06, 3.99216446567e-07, 2.58306613432e-07, 3.77468836632e-07, 1.49989489273e-07, 2.0330637085e-07, 4.67857930175e-08, 6.84321221911e-09, 1.28150583478e-08, 3.13672749996e-08, 1.8849988237e-08, 1.78459469424e-08, 2.1505094594e-08, 1.81459403059e-09, 1.67251038831e-15, 2.50798299681e-17],
        "max": [0.000206646654988, 0.042511947453, 0.0570911988616, 0.0311712324619, 0.0451079569757, 0.0452754795551, 0.0273751653731, 0.0693190693855, 0.0491410084069, 0.0179023128003, 0.0195618532598, 0.0372311025858, 0.018871307373, 0.00728361587971, 0.0113171301782, 0.00691769924015, 0.00831446237862, 0.00344779598527, 0.00091290572891, 0.00150956609286, 0.00228045042604, 0.00173445395194, 0.00198876997456, 0.0027901714202, 0.00105868151877, 7.25302697901e-07, 1.11996030228e-07],
        "mean": [7.84515395935e-06, 0.00696804607287, 0.0061538615264, 0.00146067759488, 0.00614461721852, 0.00526731694117, 0.00218973355368, 0.00260586920194, 0.00203509163111, 0.000707317667548, 0.000527925032657, 0.000517441018019, 0.000345551816281, 0.000356701115379, 0.000428728992119, 0.000277947314316, 0.00028715832741, 0.00017757974274, 4.8988735216e-05, 4.01991819672e-05, 5.36921688763e-05, 4.33460118074e-05, 4.15199829149e-05, 4.84018892166e-05, 1.12036341307e-05, 8.85211459689e-09, 1.34282263087e-09],
        "median": [3.75276681552e-06, 0.00516587682068, 0.00411590281874, 0.000565452966839, 0.0043972930871, 0.00338680576533, 0.00114409020171, 0.000890007417183, 0.000513726146892, 0.000222006900003, 0.000149153755046, 0.000148132676259, 0.000107255138573, 0.000142801553011, 0.000174193308339, 0.000109062661068, 0.000135979353217, 6.98581206962e-05, 2.38086195168e-05, 1.25060896607e-05, 1.23817089843e-05, 1.09765824163e-05, 8.50999458635e-06, 7.05513502908e-06, 1.18072011901e-06, 2.01447369896e-09, 5.31178045993e-10],
        "min": [5.10453116879e-24, 1.04399201149e-23, 2.63858170926e-25, 6.2280501414e-24, 1.39144003851e-23, 2.72600509902e-23, 6.20012959295e-24, 2.09148025451e-23, 3.81803566308e-23, 3.8658175992e-23, 3.82101597958e-23, 4.50885251738e-23, 5.10764780045e-23, 4.74162012696e-23, 7.35499766128e-23, 5.3848225992e-23, 9.21887844955e-23, 1.6825618034e-22, 1.32380099035e-22, 2.53228187595e-22, 3.71437997123e-22, 3.56554855035e-22, 5.8270461582e-22, 6.48024722153e-22, 7.94055522727e-22, 1.48668842318e-21, 1.90867261339e-21],
        "var": [1.39350017636e-10, 5.07473705511e-05, 3.89726483263e-05, 5.77143191549e-06, 3.48261455656e-05, 3.3488155168e-05, 9.11977167561e-06, 2.29228026001e-05, 1.28187930386e-05, 2.02545584216e-06, 1.75422951543e-06, 2.71482576863e-06, 7.83174641583e-07, 3.84877893111e-07, 6.10034760484e-07, 2.73678182339e-07, 2.38580526002e-07, 9.19577445302e-08, 6.336752012e-09, 8.03854138809e-09, 2.23746035033e-08, 1.11301412531e-08, 1.43886964565e-08, 3.15371586623e-08, 2.79667045078e-09, 1.29565187755e-15, 5.94766186919e-18]
    },
    "erbbands": {
        "dmean": [0.00875926949084, 0.367551922798, 1.94368946552, 2.66939663887, 4.74723052979, 7.92885303497, 16.7179012299, 14.1293134689, 10.6215848923, 15.5465373993, 25.383852005, 13.112074852, 10.2266349792, 8.48736095428, 8.4989156723, 9.90918731689, 6.4679145813, 8.00080013275, 10.4698390961, 9.06819057465, 6.94898509979, 6.2022767067, 4.27681779861, 1.77289104462, 0.982233166695, 1.20057332516, 1.33655071259, 1.40992605686, 1.03850233555, 0.92344814539, 0.81428861618, 0.771553575993, 0.45743021369, 0.144923448563, 0.00914222095162, 0.00040881591849, 2.60518718278e-05, 4.43620683654e-06, 3.64420225196e-06, 7.36492120268e-06],
        "dmean2": [0.0140189584345, 0.573355019093, 3.05643415451, 4.4382557869, 7.77332210541, 12.2179441452, 25.8663635254, 21.5806045532, 16.0853919983, 21.5398521423, 36.5209197998, 18.2675323486, 14.4157838821, 12.6803655624, 12.3300552368, 14.5289144516, 9.71083164215, 12.279665947, 16.3336868286, 13.9209270477, 10.7823448181, 9.87493610382, 6.58553314209, 2.77495288849, 1.5458394289, 1.91021335125, 2.18386626244, 2.3030526638, 1.68273222446, 1.4923248291, 1.3058052063, 1.20525896549, 0.693886220455, 0.21529956162, 0.0136551875621, 0.000609365757555, 3.878764619e-05, 6.77137904859e-06, 5.39960592505e-06, 1.10524460979e-05],
        "dvar": [0.000301637192024, 0.582234025002, 17.3449306488, 32.6222953796, 70.4272994995, 159.556930542, 897.554931641, 669.602722168, 342.56439209, 992.082336426, 3765.92871094, 935.838317871, 546.317932129, 392.377838135, 650.420349121, 1501.04492188, 395.87701416, 249.769241333, 466.395385742, 401.229309082, 205.680953979, 157.339691162, 74.6554641724, 11.5975389481, 5.54831790924, 12.7408752441, 19.861989975, 20.3011245728, 9.95122909546, 7.22273921967, 6.43295478821, 6.41201782227, 2.54854202271, 0.313502877951, 0.0011233225232, 2.14710735236e-06, 6.81925138579e-09, 1.45944117902e-10, 2.61256294376e-11, 1.05924657934e-10],
        "dvar2": [0.000736128771678, 1.34520494938, 42.6054534912, 89.8624191284, 199.217895508, 401.301116943, 2369.21557617, 1482.57739258, 781.909484863, 2003.70422363, 8178.9921875, 1777.36035156, 1048.89282227, 937.527526855, 1104.71374512, 3067.87939453, 788.57220459, 545.375854492, 1153.71508789, 847.215270996, 461.625427246, 399.590026855, 168.922241211, 27.9483394623, 13.6206693649, 31.8754711151, 51.0278930664, 50.6452026367, 25.805683136, 17.3274421692, 14.7480049133, 13.9145307541, 4.96216487885, 0.569667577744, 0.00235289870761, 4.37551670984e-06, 1.2573057262e-08, 2.65914762432e-10, 5.68299018955e-11, 2.47043219215e-10],
        "max": [0.301710128784, 12.3895044327, 63.9415245056, 89.9261856079, 116.054733276, 206.160720825, 393.338165283, 508.497650146, 379.743591309, 668.852233887, 1771.17077637, 776.891235352, 892.945800781, 456.596221924, 1045.34191895, 1795.39685059, 1049.89208984, 363.043914795, 610.440124512, 563.0546875, 463.346496582, 256.171600342, 233.437408447, 87.3620529175, 38.1960716248, 85.6983413696, 103.73677063, 99.8456878662, 72.3936080933, 58.7746734619, 59.4314651489, 64.5401382446, 45.9910964966, 17.6277370453, 1.17157876492, 0.0498858429492, 0.00234054448083, 0.000334700656822, 8.67728158482e-05, 0.000161624382599],
        "mean": [0.0414646491408, 2.08406543732, 8.20652294159, 4.9039273262, 9.53907871246, 21.7677593231, 42.5361099243, 39.6992530823, 28.527305603, 43.000743866, 64.6773147583, 45.9978485107, 33.4138374329, 22.3545284271, 22.6579341888, 20.5066432953, 16.6103801727, 17.9309177399, 22.858707428, 20.1508674622, 16.0136070251, 14.6873941422, 11.0101127625, 4.36022233963, 1.95013284683, 1.99499082565, 1.99719524384, 2.11986136436, 1.49758327007, 1.44931900501, 1.12745773792, 1.04720807076, 0.753772735596, 0.248377665877, 0.0144771914929, 0.000681838020682, 5.48682401131e-05, 9.33930914471e-06, 1.92465904547e-05, 4.17946030211e-05],
        "median": [0.0303771141917, 1.53654134274, 5.28586769104, 2.7520813942, 5.55403614044, 13.1616868973, 21.0381546021, 21.9358673096, 17.942949295, 21.2890396118, 22.2634754181, 12.7243709564, 12.180729866, 8.49384498596, 8.1468334198, 6.76126480103, 5.6888589859, 8.19863128662, 9.25457763672, 7.92452001572, 7.56500720978, 7.3023443222, 4.7964053154, 2.1032512188, 0.949020326138, 0.642260551453, 0.497743874788, 0.476787656546, 0.373710989952, 0.350983142853, 0.220748215914, 0.146830052137, 0.109288357198, 0.0282982252538, 0.00196300959215, 0.000117237643281, 2.17224987864e-05, 4.18219906351e-06, 1.80537408596e-05, 3.9494210796e-05],
        "min": [3.59631336835e-22, 7.04804229051e-22, 1.51046713949e-21, 1.19069926913e-20, 2.26860115262e-20, 3.88009551963e-20, 7.85281911199e-20, 1.6752401685e-19, 8.1112794492e-20, 2.88410220746e-19, 3.98213044539e-19, 7.48885692828e-19, 9.97133451401e-19, 1.16132994037e-18, 2.28455477184e-18, 1.77359724245e-18, 2.6986362166e-18, 3.91197741273e-18, 3.94179603304e-18, 4.82162627799e-18, 4.23124803607e-18, 5.81727835232e-18, 6.62370417612e-18, 7.32193643016e-18, 7.68823599364e-18, 1.34427784868e-17, 1.36413961324e-17, 1.07157865188e-17, 1.21309808774e-17, 1.25891098966e-17, 1.7266781519e-17, 1.31774561694e-17, 9.78294681784e-18, 7.18883645216e-18, 6.82910304838e-18, 4.95934936844e-18, 2.65721804256e-18, 1.11444503305e-18, 2.43193555783e-19, 2.87890357118e-20],
        "var": [0.00169665529393, 4.42045259476, 65.820854187, 43.7570419312, 138.816375732, 573.235351562, 2779.55004883, 2545.70092773, 1332.43151855, 3793.25512695, 13079.3427734, 6794.40283203, 3076.81713867, 1660.71362305, 2887.09838867, 3737.57373047, 1740.40185547, 848.046325684, 1921.27172852, 1479.86035156, 691.458740234, 491.940826416, 334.53805542, 45.7609786987, 9.50947856903, 20.735622406, 28.3906993866, 38.4871902466, 14.5394773483, 13.1089525223, 11.438211441, 14.9279708862, 8.10772895813, 1.19291806221, 0.00327711855061, 6.62548018227e-06, 2.50306921856e-08, 5.42434097639e-10, 1.43125497565e-10, 6.35818897532e-10]
    },
    "gfcc": {
        "mean": [-56.6870765686, 168.82913208, -136.156021118, 38.0156707764, -61.2455062866, 7.37217378616, -39.6468048096, -7.67638492584, 3.04339814186, -23.5039539337, 3.15334582329, -18.5766830444, 5.76560306549],
        "cov": [[9921.63671875, -496.017547607, 73.7557601929, 567.15435791, -1412.30126953, 1018.68096924, -489.364257812, 463.519927979, 330.218017578, 55.5827217102, 143.828491211, -178.201980591, 41.4075126648], [-496.017547607, 927.226867676, 12.2900943756, -412.994140625, 316.210601807, -233.09954834, 93.451789856, -50.1118774414, 91.4285583496, -119.016067505, 88.2475738525, 17.6547832489, -42.7207679749], [73.7557601929, 12.2900943756, 698.276672363, 210.668807983, -48.3457603455, 246.99055481, -71.2585372925, 27.1003398895, 89.0467300415, 35.4016952515, -3.51673817635, -11.5039701462, 36.825630188], [567.15435791, -412.994140625, 210.668807983, 703.728271484, -23.3719902039, 280.933929443, -13.0270185471, -39.1221885681, 31.2905082703, 25.3432865143, -129.152404785, -74.1990585327, 34.1538352966], [-1412.30126953, 316.210601807, -48.3457603455, -23.3719902039, 472.705627441, -135.84312439, 118.099342346, -70.4607543945, 14.2214183807, -43.4317321777, -28.6501159668, 0.164602845907, -40.4505119324], [1018.68096924, -233.09954834, 246.99055481, 280.933929443, -135.84312439, 472.792755127, 51.4448928833, 67.2025680542, 35.3352355957, 24.1181468964, -18.8799114227, -75.577003479, -21.6141471863], [-489.364257812, 93.451789856, -71.2585372925, -13.0270185471, 118.099342346, 51.4448928833, 235.182601929, 2.61236739159, -47.560874939, -20.3425884247, -7.00828647614, -32.0240364075, -48.2984161377], [463.519927979, -50.1118774414, 27.1003398895, -39.1221885681, -70.4607543945, 67.2025680542, 2.61236739159, 158.136779785, 53.588344574, 25.1597328186, 34.7145004272, 0.345495641232, 0.676788806915], [330.218017578, 91.4285583496, 89.0467300415, 31.2905082703, 14.2214183807, 35.3352355957, -47.560874939, 53.588344574, 174.22795105, 16.4655609131, -10.1773300171, -3.27272152901, 7.71383523941], [55.5827217102, -119.016067505, 35.4016952515, 25.3432865143, -43.4317321777, 24.1181468964, -20.3425884247, 25.1597328186, 16.4655609131, 102.178901672, 17.6132507324, -12.9486637115, 5.70209407806], [143.828491211, 88.2475738525, -3.51673817635, -129.152404785, -28.6501159668, -18.8799114227, -7.00828647614, 34.7145004272, -10.1773300171, 17.6132507324, 117.815704346, 39.1416130066, -14.8207216263], [-178.201980591, 17.6547832489, -11.5039701462, -74.1990585327, 0.164602845907, -75.577003479, -32.0240364075, 0.345495641232, -3.27272152901, -12.9486637115, 39.1416130066, 96.127822876, 26.1316146851], [41.4075126648, -42.7207679749, 36.825630188, 34.1538352966, -40.4505119324, -21.6141471863, -48.2984161377, 0.676788806915, 7.71383523941, 5.70209407806, -14.8207216263, 26.1316146851, 81.2180404663]],
        "icov": [[0.000701098993886, -0.00172606529668, 0.00127253087703, -0.00132597668562, 0.00214446196333, -0.00158673280384, 0.00186266261153, -0.00159873301163, 0.000344867847161, -0.000574305769987, 0.000100726778328, -0.000136030561407, 0.000551752338652], [-0.00172606529668, 0.00954562053084, -0.0045687709935, 0.00576071068645, -0.00717017659917, 0.00557631719857, -0.00682359887287, 0.00690180342644, -0.00578565942124, 0.0075994161889, -0.00595189537853, 0.00522035732865, -0.00340213766322], [0.00127253087703, -0.0045687709935, 0.00480401050299, -0.00319519429468, 0.00398071715608, -0.00465523451567, 0.00472118845209, -0.00336448173039, 0.00134523457382, -0.00301818759181, 0.00124247383792, -0.00180031789932, 0.000582905311603], [-0.00132597668562, 0.00576071068645, -0.00319519429468, 0.00639396952465, -0.00535774324089, 0.00204021972604, -0.00405830005184, 0.005246094428, -0.00286797177978, 0.00314643164165, -0.000516566506121, 0.00263305706903, -0.00300637749024], [0.00214446196333, -0.00717017659917, 0.00398071715608, -0.00535774324089, 0.0107431188226, -0.00379543937743, 0.00423773564398, -0.00475285435095, 0.00138085091021, -0.00327196530998, 0.00254461402074, -0.00240915524773, 0.00382154504769], [-0.00158673280384, 0.00557631719857, -0.00465523451567, 0.00204021972604, -0.00379543937743, 0.00916334055364, -0.00680914334953, 0.00322118448094, -0.00277865375392, 0.00401711231098, -0.00308743561618, 0.00377612374723, -0.000329346134095], [0.00186266261153, -0.00682359887287, 0.00472118845209, -0.00405830005184, 0.00423773564398, -0.00680914334953, 0.0129303764552, -0.00682989694178, 0.00537860020995, -0.00379765569232, 0.00333084934391, -0.00165299884975, 0.00396732147783], [-0.00159873301163, 0.00690180342644, -0.00336448173039, 0.005246094428, -0.00475285435095, 0.00322118448094, -0.00682989694178, 0.0146882217377, -0.00691989809275, 0.00368679896928, -0.00557550508529, 0.00312526687048, -0.0035535977222], [0.000344867847161, -0.00578565942124, 0.00134523457382, -0.00286797177978, 0.00138085091021, -0.00277865375392, 0.00537860020995, -0.00691989809275, 0.0128380311653, -0.00671667931601, 0.00710646482185, -0.00481047900394, 0.0026782406494], [-0.000574305769987, 0.0075994161889, -0.00301818759181, 0.00314643164165, -0.00327196530998, 0.00401711231098, -0.00379765569232, 0.00368679896928, -0.00671667931601, 0.0194100197405, -0.0100976098329, 0.00907814037055, -0.00400245375931], [0.000100726778328, -0.00595189537853, 0.00124247383792, -0.000516566506121, 0.00254461402074, -0.00308743561618, 0.00333084934391, -0.00557550508529, 0.00710646482185, -0.0100976098329, 0.0211369153112, -0.0118000442162, 0.00663242163137], [-0.000136030561407, 0.00522035732865, -0.00180031789932, 0.00263305706903, -0.00240915524773, 0.00377612374723, -0.00165299884975, 0.00312526687048, -0.00481047900394, 0.00907814037055, -0.0118000442162, 0.0214339271188, -0.0079097263515], [0.000551752338652, -0.00340213766322, 0.000582905311603, -0.00300637749024, 0.00382154504769, -0.000329346134095, 0.00396732147783, -0.0035535977222, 0.0026782406494, -0.00400245375931, 0.00663242163137, -0.0079097263515, 0.0192280448973]]
    },
    "melbands": {
        "dmean": [0.000202374416403, 0.000824472343083, 0.00049514597049, 0.000425728096161, 0.000522705318872, 0.000314762379276, 0.000168705024407, 0.00017851596931, 0.000188437858014, 8.2489765191e-05, 5.2408882766e-05, 3.62088794645e-05, 3.23206259054e-05, 3.17419508065e-05, 1.72731506609e-05, 1.62262113008e-05, 1.49439329107e-05, 1.85404005606e-05, 1.23647478176e-05, 1.03724123619e-05, 9.39592155191e-06, 7.5419939094e-06, 5.86917258261e-06, 3.27361999553e-06, 1.43191209645e-06, 8.41693974962e-07, 7.58515454891e-07, 8.17587647362e-07, 8.32132343476e-07, 9.14325084977e-07, 8.31177317195e-07, 6.06018886629e-07, 5.70908014197e-07, 5.12195128977e-07, 4.65099162739e-07, 5.36949528396e-07, 4.53652404531e-07, 3.56214798103e-07, 2.48091851063e-07, 8.8932431197e-08],
        "dmean2": [0.000317557860399, 0.00128811073955, 0.000817898137029, 0.000674343667924, 0.000809146324173, 0.000480676419102, 0.000251625897363, 0.000248892174568, 0.00027013864019, 0.00011488765449, 7.42631455068e-05, 5.39952634426e-05, 4.71235871373e-05, 4.63326905447e-05, 2.65329254034e-05, 2.45841201831e-05, 2.31751309911e-05, 2.89274103125e-05, 1.93006399059e-05, 1.59186292876e-05, 1.48593189806e-05, 1.21979328469e-05, 9.2068403319e-06, 5.10918380314e-06, 2.27572763833e-06, 1.35137133839e-06, 1.20386312119e-06, 1.32106606543e-06, 1.38086795687e-06, 1.51200549681e-06, 1.36445260068e-06, 9.85865426628e-07, 9.52055245307e-07, 8.29007547054e-07, 7.54957454774e-07, 8.65739480105e-07, 7.08352388301e-07, 5.46778267108e-07, 3.77805378093e-07, 1.36133166961e-07],
        "dvar": [1.68726998595e-07, 3.0790092751e-06, 9.65939648268e-07, 4.58203857079e-07, 8.00260522738e-07, 2.91602532343e-07, 7.67475398789e-08, 1.40515652447e-07, 1.87139448826e-07, 3.75826516574e-08, 1.39918538977e-08, 7.20279125233e-09, 7.75021824495e-09, 1.69300342634e-08, 2.96274205169e-09, 1.83119674979e-09, 9.04998520568e-10, 1.59859236959e-09, 6.72435274129e-10, 5.22797583002e-10, 4.32756469548e-10, 2.68542937887e-10, 1.27010540973e-10, 3.57801323292e-11, 8.92192396351e-12, 3.73433055312e-12, 4.53612798365e-12, 6.02380168316e-12, 8.19745400032e-12, 8.93561440118e-12, 7.28768000807e-12, 3.47683340451e-12, 2.76052011111e-12, 2.49873234083e-12, 2.24537207404e-12, 2.97524483349e-12, 2.34574143963e-12, 1.5941195846e-12, 1.0218757264e-12, 1.25431498413e-13],
        "dvar2": [3.95001961806e-07, 7.42170414014e-06, 2.66812298833e-06, 1.25125961858e-06, 2.15776776713e-06, 6.46386808967e-07, 1.72570864265e-07, 2.87575659286e-07, 4.01169870656e-07, 7.40156522738e-08, 2.66386450676e-08, 1.69968625841e-08, 1.4254152525e-08, 3.18148742906e-08, 6.765977556e-09, 3.75408237829e-09, 1.97214933273e-09, 3.87608167784e-09, 1.54953583298e-09, 1.08336739579e-09, 1.00231944966e-09, 6.96622370899e-10, 3.22492949012e-10, 8.10612132973e-11, 2.19579441435e-11, 9.22895961042e-12, 1.13134519114e-11, 1.52045633028e-11, 2.14273251919e-11, 2.23493636792e-11, 1.86164868243e-11, 8.98680088679e-12, 7.30506714147e-12, 5.83590597722e-12, 5.22531063557e-12, 7.04181201197e-12, 5.091016584e-12, 3.33721006558e-12, 1.92160892233e-12, 2.77246351961e-13],
        "max": [0.00712316576391, 0.0269201733172, 0.0153798991814, 0.0123231578618, 0.0117304958403, 0.0104776760563, 0.00521117681637, 0.00976063404232, 0.0124412393197, 0.00652342801914, 0.00442243041471, 0.00189837545622, 0.00322040193714, 0.00474315229803, 0.00154457625467, 0.00196429016069, 0.00070333306212, 0.00115504674613, 0.000959749275353, 0.000658500648569, 0.000585029833019, 0.000387969223084, 0.000253132340731, 0.000148114850163, 7.46478981455e-05, 3.99181626562e-05, 3.9707229007e-05, 5.33247039129e-05, 7.5459414802e-05, 7.18867886462e-05, 5.4058706155e-05, 3.73675975425e-05, 3.97123221774e-05, 4.26689548476e-05, 3.53152099706e-05, 4.51192499895e-05, 3.83304068237e-05, 3.06126530631e-05, 4.27458289778e-05, 1.09979109766e-05],
        "mean": [0.00109705538489, 0.00394229078665, 0.00100592605304, 0.00105839013122, 0.00139272410888, 0.000894879223779, 0.000464475393528, 0.000482191040646, 0.000499036628753, 0.000277013692539, 0.000164619268617, 9.21059545362e-05, 8.28967386042e-05, 6.40657817712e-05, 3.62106620742e-05, 3.75623130822e-05, 3.07596383209e-05, 3.8024099922e-05, 2.55604372796e-05, 2.25282601605e-05, 1.91578346858e-05, 1.57363920152e-05, 1.32430868689e-05, 7.43755481381e-06, 3.09379834107e-06, 1.57518820743e-06, 1.27144289763e-06, 1.27744488054e-06, 1.20228787637e-06, 1.28671240418e-06, 1.21176776702e-06, 8.41396172291e-07, 8.14110023839e-07, 7.96144092874e-07, 6.39934341962e-07, 6.5561835072e-07, 6.18601688984e-07, 5.56907707505e-07, 4.13302444713e-07, 1.37050790272e-07],
        "median": [0.000829716213048, 0.0026446103584, 0.000621462997515, 0.000706520164385, 0.000767726567574, 0.000532201491296, 0.000297511287499, 0.000235584549955, 0.000160367853823, 6.99129450368e-05, 5.72430835746e-05, 3.03046035697e-05, 2.59334465227e-05, 1.64922712429e-05, 1.19775431813e-05, 1.31455944938e-05, 1.30066191559e-05, 1.31581091409e-05, 1.07111163743e-05, 8.1247289927e-06, 8.67064409249e-06, 7.44362887417e-06, 5.22264326719e-06, 3.29167733071e-06, 1.31521335334e-06, 7.43690463878e-07, 4.22566557745e-07, 3.66275457964e-07, 2.8232344107e-07, 2.61791541334e-07, 2.64698002184e-07, 1.90991727322e-07, 2.12968387814e-07, 1.77538638013e-07, 1.28084252538e-07, 8.84715163352e-08, 8.60907576339e-08, 8.53705657278e-08, 4.36062457254e-08, 1.62103610535e-08],
        "min": [5.4973685168e-24, 2.14756771267e-24, 2.09157850714e-24, 2.05311996029e-24, 2.17210976708e-24, 3.78105488937e-24, 9.58581173536e-25, 2.94131797778e-24, 3.21186867207e-24, 5.23343498501e-24, 3.82504808433e-24, 4.23679758368e-24, 7.34243804904e-24, 5.53340131637e-24, 6.01111299804e-24, 4.02816241248e-24, 6.58461763714e-24, 4.84467802003e-24, 5.82469648866e-24, 4.26407560492e-24, 5.52266334173e-24, 4.55868004871e-24, 5.67106543294e-24, 7.61675654022e-24, 5.60958121956e-24, 5.33195858447e-24, 5.94955068742e-24, 9.18501280866e-24, 6.47843853702e-24, 6.79620235927e-24, 5.00245532867e-24, 5.58603529926e-24, 7.92918726831e-24, 6.53422441366e-24, 8.84871824932e-24, 6.40271972304e-24, 8.07204051192e-24, 5.76302137094e-24, 4.59127578132e-24, 6.44718820669e-24],
        "var": [1.22706035199e-06, 1.46704405779e-05, 1.45044225519e-06, 1.282762355e-06, 2.58443310486e-06, 1.15678119528e-06, 3.13327745971e-07, 4.80897881516e-07, 7.2960591524e-07, 2.45191898784e-07, 7.82715900982e-08, 3.13774641825e-08, 4.24709440949e-08, 4.6427651057e-08, 8.60027249416e-09, 6.63190036221e-09, 3.0294511344e-09, 6.30363539145e-09, 1.98518557148e-09, 2.05752126448e-09, 1.26895494112e-09, 6.98304414293e-10, 4.683095578e-10, 1.52132889619e-10, 2.92035909344e-11, 6.93404361707e-12, 7.19794232898e-12, 9.42770774642e-12, 1.02480203143e-11, 1.57338968243e-11, 1.31147861668e-11, 5.33975468009e-12, 3.47625075427e-12, 4.6397399811e-12, 3.73160573622e-12, 5.46278517213e-12, 5.3831995285e-12, 4.08919903147e-12, 3.92324801118e-12, 3.39614458517e-13]
    },
    "mfcc": {
        "mean": [-678.368469238, 167.897186279, 3.50557017326, 18.094127655, 12.3038816452, 1.99537086487, -15.2615242004, 5.52998352051, -1.02891683578, -0.958347320557, -2.11174321175, 2.0508749485, -5.04079675674],
        "cov": [[7401.32324219, -156.421035767, 366.404754639, -159.432846069, -356.699462891, 91.0423660278, -333.177459717, 174.492446899, 115.150856018, 215.757278442, 257.500091553, 296.869506836, -87.6248397827], [-156.421035767, 1246.45507812, -189.685974121, -158.736465454, 30.5979747772, -105.764640808, -76.7438964844, 133.533798218, -77.890045166, -10.8637704849, 103.108612061, 33.7711524963, 10.908955574], [366.404754639, -189.685974121, 625.169006348, 68.6809768677, 65.7973632812, 170.02432251, -5.95218992233, 10.6125049591, 59.0714187622, 31.6106529236, -15.9851160049, 69.7118759155, 25.7133636475], [-159.432846069, -158.736465454, 68.6809768677, 324.771392822, 145.719573975, 102.940864563, 14.2630586624, -18.4962692261, 69.0600891113, 18.8068275452, -59.8133277893, -24.3591842651, 14.8252153397], [-356.699462891, 30.5979747772, 65.7973632812, 145.719573975, 282.710418701, 107.841293335, -14.7893714905, 21.7095165253, 57.02318573, 23.7319602966, -24.0167541504, 4.04675388336, 37.6681442261], [91.0423660278, -105.764640808, 170.02432251, 102.940864563, 107.841293335, 270.275543213, 103.765769958, 32.1534805298, 63.2216835022, 60.5953788757, -3.59793782234, -1.12017941475, -2.00290489197], [-333.177459717, -76.7438964844, -5.95218992233, 14.2630586624, -14.7893714905, 103.765769958, 307.803375244, 43.3835449219, -4.30831289291, 43.1819419861, 6.73772287369, -33.6932907104, -19.204372406], [174.492446899, 133.533798218, 10.6125049591, -18.4962692261, 21.7095165253, 32.1534805298, 43.3835449219, 145.720443726, 30.6544780731, 10.3586902618, 30.2245998383, 23.5253582001, 12.5490159988], [115.150856018, -77.890045166, 59.0714187622, 69.0600891113, 57.02318573, 63.2216835022, -4.30831289291, 30.6544780731, 144.774902344, 61.0482559204, -9.34272766113, 9.36793613434, 0.663139164448], [215.757278442, -10.8637704849, 31.6106529236, 18.8068275452, 23.7319602966, 60.5953788757, 43.1819419861, 10.3586902618, 61.0482559204, 133.709976196, 47.5877799988, -4.25833463669, -13.7630519867], [257.500091553, 103.108612061, -15.9851160049, -59.8133277893, -24.0167541504, -3.59793782234, 6.73772287369, 30.2245998383, -9.34272766113, 47.5877799988, 120.179702759, 44.2288627625, -13.5621814728], [296.869506836, 33.7711524963, 69.7118759155, -24.3591842651, 4.04675388336, -1.12017941475, -33.6932907104, 23.5253582001, 9.36793613434, -4.25833463669, 44.2288627625, 108.684249878, 35.2180709839], [-87.6248397827, 10.908955574, 25.7133636475, 14.8252153397, 37.6681442261, -2.00290489197, -19.204372406, 12.5490159988, 0.663139164448, -13.7630519867, -13.5621814728, 35.2180709839, 96.8812561035]],
