{
"lowlevel": {
    "average_loudness": 0.955765843391,
    "barkbands_crest": {
        "dmean": 3.99747061729,
        "dmean2": 6.2972650528,
        "dvar": 13.1720628738,
        "dvar2": 26.7948417664,
        "max": 26.5822696686,
        "mean": 12.2920646667,
        "median": 11.2893514633,
        "min": 2.38382649422,
        "var": 38.6742858887
    },
    "barkbands_flatness_db": {
        "dmean": 0.0423145517707,
        "dmean2": 0.0616891682148,
        "dvar": 0.00178764772136,
        "dvar2": 0.00353411864489,
        "max": 0.513562262058,
        "mean": 0.153329342604,
        "median": 0.137056976557,
        "min": 0.0190356373787,
        "var": 0.00720002409071
    },
    "barkbands_kurtosis": {
        "dmean": 14.276506424,
        "dmean2": 24.419500351,
        "dvar": 2872.76635742,
        "dvar2": 7754.82568359,
        "max": 948.494873047,
        "mean": 12.8097553253,
        "median": 1.90707206726,
        "min": -1.90667021275,
        "var": 2198.24121094
    },
    "barkbands_skewness": {
        "dmean": 1.34642028809,
        "dmean2": 1.97769105434,
        "dvar": 3.58675503731,
        "dvar2": 8.53011035919,
        "max": 24.3355979919,
        "mean": 1.70792400837,
        "median": 1.19967365265,
        "min": -10.4381599426,
        "var": 7.62535333633
    },
    "barkbands_spread": {
        "dmean": 13.2940416336,
        "dmean2": 20.5395870209,
        "dvar": 220.073822021,
        "dvar2": 519.45690918,
        "max": 120.105331421,
        "mean": 29.2645759583,
        "median": 21.5946025848,
        "min": 0.169123098254,
        "var": 587.153442383
    },
    "dissonance": {
        "dmean": 0.0222610272467,
        "dmean2": 0.0369324088097,
        "dvar": 0.000818595523015,
        "dvar2": 0.0019973423332,
        "max": 0.499981611967,
        "mean": 0.461823523045,
        "median": 0.478946119547,
        "min": 0.21908788383,
        "var": 0.00211094063707
    },
    "dynamic_complexity": 8.25397586823,
    "erbbands_crest": {
        "dmean": 3.26184272766,
        "dmean2": 5.24646472931,
        "dvar": 11.6765708923,
        "dvar2": 26.9247074127,
        "max": 33.4246406555,
        "mean": 9.82562923431,
        "median": 7.67182445526,
        "min": 2.20859527588,
        "var": 38.5987091064
    },
    "erbbands_flatness_db": {
        "dmean": 0.0305561032146,
        "dmean2": 0.0419356487691,
        "dvar": 0.00118789076805,
        "dvar2": 0.00194931379519,
        "max": 0.445168226957,
        "mean": 0.163258239627,
        "median": 0.143730312586,
        "min": 0.0348400101066,
        "var": 0.00693944562227
    },
    "erbbands_kurtosis": {
        "dmean": 2.18197202682,
        "dmean2": 3.38188314438,
        "dvar": 14.8765687943,
        "dvar2": 30.2385997772,
        "max": 58.8575248718,
        "mean": 1.93726491928,
        "median": 0.157208919525,
        "min": -1.75487422943,
        "var": 31.7906932831
    },
    "erbbands_skewness": {
        "dmean": 0.615736424923,
        "dmean2": 0.912432014942,
        "dvar": 0.458390414715,
        "dvar2": 1.00297451019,
        "max": 7.26908922195,
        "mean": 0.194132208824,
        "median": 0.0491650179029,
        "min": -4.37961578369,
        "var": 1.70075964928
    },
    "erbbands_spread": {
        "dmean": 13.5715322495,
        "dmean2": 20.5416145325,
        "dvar": 227.297576904,
        "dvar2": 496.034179688,
        "max": 167.007507324,
        "mean": 43.3731231689,
        "median": 36.668346405,
        "min": 2.38425207138,
        "var": 768.167053223
    },
    "hfc": {
        "dmean": 7.65370416641,
        "dmean2": 10.6313610077,
        "dvar": 320.776000977,
        "dvar2": 721.475097656,
        "max": 208.358825684,
        "mean": 13.3952159882,
        "median": 3.46757292747,
        "min": 1.17531221267e-16,
        "var": 636.154174805
    },
    "melbands_crest": {
        "dmean": 4.76961565018,
        "dmean2": 7.36800146103,
        "dvar": 17.8033809662,
        "dvar2": 37.874786377,
        "max": 34.5455551147,
        "mean": 17.5805244446,
        "median": 17.8588314056,
        "min": 2.69047236443,
        "var": 53.8083992004
    },
    "melbands_flatness_db": {
        "dmean": 0.0501443780959,
        "dmean2": 0.0708542019129,
        "dvar": 0.00225446210243,
        "dvar2": 0.00445867981762,
        "max": 0.649056553841,
        "mean": 0.193186730146,
        "median": 0.179738804698,
        "min": 0.00640985043719,
        "var": 0.0100343711674
    },
    "melbands_kurtosis": {
        "dmean": 25.9216537476,
        "dmean2": 41.7051544189,
        "dvar": 3237.56689453,
        "dvar2": 8319.6484375,
        "max": 586.299621582,
        "mean": 30.9129600525,
        "median": 9.77194690704,
        "min": -1.92250812054,
        "var": 3847.19873047
    },
    "melbands_skewness": {
        "dmean": 1.67145347595,
        "dmean2": 2.37800884247,
        "dvar": 3.55847287178,
        "dvar2": 7.96533918381,
        "max": 18.6480617523,
        "mean": 3.37099862099,
        "median": 2.66741085052,
        "min": -5.81494045258,
        "var": 10.3865938187
    },
    "melbands_spread": {
        "dmean": 19.6781635284,
        "dmean2": 30.8872184753,
        "dvar": 942.836425781,
        "dvar2": 2031.8659668,
        "max": 318.720825195,
        "mean": 36.0769500732,
        "median": 21.2761478424,
        "min": 0.32116189599,
        "var": 1841.49182129
    },
    "pitch_salience": {
        "dmean": 0.118933439255,
        "dmean2": 0.183890536427,
        "dvar": 0.012969753705,
        "dvar2": 0.0282411575317,
        "max": 0.914137482643,
        "mean": 0.493123888969,
        "median": 0.50331568718,
        "min": 0.0594001971185,
        "var": 0.0344516858459
    },
    "silence_rate_20dB": {
        "dmean": 0,
        "dmean2": 0,
        "dvar": 0,
        "dvar2": 0,
        "max": 1,
        "mean": 1,
        "median": 1,
        "min": 1,
        "var": 0
    },
    "silence_rate_30dB": {
        "dmean": 0.0340557284653,
        "dmean2": 0.0681642144918,
        "dvar": 0.0328958369792,
        "dvar2": 0.0712636932731,
        "max": 1,
        "mean": 0.969837605953,
        "median": 1,
        "min": 0,
        "var": 0.0292522218078
    },
    "silence_rate_60dB": {
        "dmean": 0.111455105245,
        "dmean2": 0.223082885146,
        "dvar": 0.0990320071578,
        "dvar2": 0.195003926754,
        "max": 1,
        "mean": 0.433874696493,
        "median": 0,
        "min": 0,
        "var": 0.245626315475
    },
    "spectral_centroid": {
        "dmean": 504.826385498,
        "dmean2": 757.839111328,
        "dvar": 412027.1875,
        "dvar2": 780519.9375,
        "max": 11439.0019531,
        "mean": 1997.84802246,
        "median": 1828.52746582,
        "min": 121.617172241,
        "var": 1469624.5
    },
    "spectral_complexity": {
        "dmean": 3.99690413475,
        "dmean2": 5.65762996674,
        "dvar": 51.856174469,
        "dvar2": 79.9337844849,
        "max": 62,
        "mean": 9.36117553711,
        "median": 4,
        "min": 0,
        "var": 178.045806885
    },
    "spectral_decrease": {
        "dmean": 2.70505551292e-09,
        "dmean2": 3.99312938271e-09,
        "dvar": 4.12053768658e-17,
        "dvar2": 7.9472462612e-17,
        "max": 7.06321205224e-29,
        "mean": -3.46601147783e-09,
        "median": -9.3188934347e-10,
        "min": -5.46817133795e-08,
        "var": 5.94270904255e-17
    },
    "spectral_energy": {
        "dmean": 0.0107069993392,
        "dmean2": 0.0155622847378,
        "dvar": 0.000607928843237,
        "dvar2": 0.00114661257248,
        "max": 0.21473570168,
        "mean": 0.0142965158448,
        "median": 0.00429184362292,
        "min": 1.05025369464e-20,
        "var": 0.000942908984143
    },
    "spectral_energyband_high": {
        "dmean": 0.000698825228028,
        "dmean2": 0.00102815986611,
        "dvar": 3.17335843647e-06,
        "dvar2": 7.70335009292e-06,
        "max": 0.0196000188589,
        "mean": 0.000987763050944,
        "median": 0.000102325902844,
        "min": 7.48795798329e-21,
        "var": 5.16485442859e-06
    },
    "spectral_energyband_low": {
        "dmean": 0.00842186063528,
        "dmean2": 0.0130100855604,
        "dvar": 0.000497662578709,
        "dvar2": 0.00102040357888,
        "max": 0.173084840178,
        "mean": 0.00850780401379,
        "median": 5.58996434847e-05,
        "min": 4.12935646388e-23,
        "var": 0.000594417389948
    },
    "spectral_energyband_middle_high": {
        "dmean": 0.001184699242,
        "dmean2": 0.00163243967108,
        "dvar": 5.31875002707e-06,
        "dvar2": 1.08458953036e-05,
        "max": 0.0290503315628,
        "mean": 0.00231271283701,
        "median": 0.000475186796393,
        "min": 1.22842177467e-21,
        "var": 1.54822464538e-05
    },
    "spectral_energyband_middle_low": {
        "dmean": 0.00227233953774,
        "dmean2": 0.00368314608932,
        "dvar": 3.37051642418e-05,
        "dvar2": 8.7682477897e-05,
        "max": 0.0537307709455,
        "mean": 0.00282317586243,
        "median": 0.000606361427344,
        "min": 2.09942897477e-22,
        "var": 3.3185340726e-05
    },
    "spectral_entropy": {
        "dmean": 0.260128289461,
        "dmean2": 0.375676035881,
        "dvar": 0.0890725702047,
        "dvar2": 0.158090561628,
        "max": 9.797747612,
        "mean": 7.76700401306,
        "median": 7.91815280914,
        "min": 4.91632604599,
        "var": 0.432105123997
    },
    "spectral_flux": {
        "dmean": 0.0331081114709,
        "dmean2": 0.0528844408691,
        "dvar": 0.0023896174971,
        "dvar2": 0.00556112220511,
        "max": 0.392762690783,
        "mean": 0.0641334727407,
        "median": 0.0454519353807,
        "min": 6.78279515887e-11,
        "var": 0.00482177641243
    },
    "spectral_kurtosis": {
        "dmean": 1.42815744877,
        "dmean2": 2.36434149742,
        "dvar": 3.96570682526,
        "dvar2": 10.0551166534,
        "max": 23.3369140625,
        "mean": 3.32999920845,
        "median": 2.84579801559,
        "min": -1.20648896694,
        "var": 7.81431865692
    },
    "spectral_rms": {
        "dmean": 0.00105480733328,
        "dmean2": 0.00140052335337,
        "dvar": 2.6343150239e-06,
        "dvar2": 4.3844670472e-06,
        "max": 0.0144740538672,
        "mean": 0.00257346825674,
        "median": 0.00204625609331,
        "min": 3.20099632564e-12,
        "var": 7.32507805878e-06
    },
    "spectral_rolloff": {
        "dmean": 1387.3416748,
        "dmean2": 2230.62866211,
        "dvar": 4189656.75,
        "dvar2": 8574460,
        "max": 18733.8867188,
        "mean": 3000.44604492,
        "median": 1722.65625,
        "min": 86.1328125,
        "var": 10683185
    },
    "spectral_skewness": {
        "dmean": 0.254389494658,
        "dmean2": 0.401579380035,
        "dvar": 0.0769165232778,
        "dvar2": 0.17376370728,
        "max": 3.98573851585,
        "mean": 1.33372735977,
        "median": 1.28807175159,
        "min": -1.09623205662,
        "var": 0.22323204577
    },
    "spectral_spread": {
        "dmean": 940825.875,
        "dmean2": 1469161.25,
        "dvar": 2.02614335078e+12,
        "dvar2": 4.29524831437e+12,
        "max": 40130132,
        "mean": 5919398.5,
        "median": 5463971,
        "min": 1894146.75,
        "var": 6.64972138906e+12
    },
    "spectral_strongpeak": {
        "dmean": 0.346105575562,
        "dmean2": 0.54113972187,
        "dvar": 0.306818574667,
        "dvar2": 0.699064850807,
        "max": 5.73287916183,
        "mean": 0.596106290817,
        "median": 0.240980163217,
        "min": 0,
        "var": 0.648340880871
    },
    "zerocrossingrate": {
        "dmean": 0.0274015720934,
        "dmean2": 0.0296482406557,
        "dvar": 0.000956564967055,
        "dvar2": 0.00102658872493,
        "max": 0.5087890625,
        "mean": 0.105144359171,
        "median": 0.0849609375,
        "min": 0.0029296875,
        "var": 0.00649468973279
    },
    "barkbands": {
        "dmean": [4.71590319648e-05, 0.00347502785735, 0.00516391731799, 0.000706928549334, 0.000574065721594, 0.000234564504353, 0.000678844342474, 0.000430441461504, 0.000118107433082, 0.000167892809259, 0.000231833240832, 0.000105446903035, 0.000227273500059, 0.000230026591453, 0.000169815393747, 0.000123719553812, 0.000110901237349, 0.000142932185554, 0.000177104593604, 0.000163720862474, 0.000211100603337, 0.000141502910992, 0.000102295285615, 8.00340203568e-05, 9.09180525923e-05, 7.60552647989e-05, 4.28500516136e-06],
        "dmean2": [7.71827544668e-05, 0.00559422234073, 0.00785688869655, 0.00134157319553, 0.000972402631305, 0.000370688940166, 0.00108208076563, 0.000668835593387, 0.000206589858863, 0.00025324820308, 0.00036542705493, 0.000171651103301, 0.000342890416505, 0.000352468778146, 0.000264381640591, 0.000186932025827, 0.000174570363015, 0.000208634097362, 0.000246562645771, 0.00025310672936, 0.000335355376592, 0.000218155822949, 0.000155708185048, 0.000116098141007, 0.000140977848787, 0.000108456413727, 6.8605463639e-06],
        "dvar": [2.2948210443e-08, 6.69548389851e-05, 0.000306059140712, 7.35095636628e-06, 3.20194567394e-06, 4.00643642706e-07, 4.61731315227e-06, 1.57976728588e-06, 9.69967501874e-08, 2.00459410848e-07, 6.20438981969e-07, 6.61118590983e-08, 6.20444041033e-07, 5.62696072848e-07, 2.2915862985e-07, 1.01804950248e-07, 6.95222794889e-08, 1.11131477354e-07, 2.11855365251e-07, 1.64578835893e-07, 3.58424131264e-07, 1.54784245865e-07, 6.90950940907e-08, 4.70627732341e-08, 1.77863540785e-07, 6.17680981918e-08, 3.28466115418e-10],
        "dvar2": [5.5520807507e-08, 0.000155001078383, 0.000632830371615, 2.15834770643e-05, 7.75161242927e-06, 9.83151835499e-07, 1.18722409752e-05, 3.86151668863e-06, 2.60198305568e-07, 4.25504595114e-07, 1.55806890234e-06, 1.55142103608e-07, 1.41218288263e-06, 1.15272644052e-06, 5.56984844025e-07, 2.29776787819e-07, 1.61342271099e-07, 2.60563894017e-07, 4.27443438866e-07, 3.82714688385e-07, 1.03395177575e-06, 3.78624321229e-07, 1.58884034818e-07, 1.22825227322e-07, 4.98980227803e-07, 1.55797138746e-07, 9.22761200783e-10],
        "max": [0.00142654916272, 0.0755567923188, 0.139180347323, 0.0219753459096, 0.013365986757, 0.0116227697581, 0.0283538196236, 0.0146491779014, 0.00342883402482, 0.00810279790312, 0.0151926577091, 0.00289695407264, 0.0139948315918, 0.0148627050221, 0.00663904612884, 0.00394946942106, 0.00322627997957, 0.00339806452394, 0.0104114944115, 0.0044426410459, 0.0053670196794, 0.00682698516175, 0.0033620679751, 0.00336332665756, 0.00706727663055, 0.00330536440015, 0.000356836419087],
        "mean": [3.84098893846e-05, 0.00361546897329, 0.00454522529617, 0.00046869518701, 0.000492760795169, 0.000253048056038, 0.000930779031478, 0.00052625144599, 0.000115568320325, 0.000220423098654, 0.000303487991914, 0.000129161577206, 0.000285901827738, 0.000294226541882, 0.000221417838475, 0.000157826885697, 0.000153498302097, 0.000181712195626, 0.000258052605204, 0.000234208171605, 0.000241999121499, 0.000185012686416, 0.000130521046231, 0.000106356099423, 0.000103233294794, 9.92651548586e-05, 3.99784221372e-06],
        "median": [2.32389936627e-07, 1.58200673468e-05, 1.99382411665e-05, 3.41108079738e-06, 1.53381424752e-05, 2.79953874269e-05, 6.68111315463e-05, 1.76396642928e-05, 9.3613689387e-06, 1.65193669091e-05, 1.30114422063e-05, 1.17475792649e-05, 1.09949251055e-05, 1.44485002238e-05, 1.26360700961e-05, 9.40380778047e-06, 1.54883382493e-05, 1.59854753292e-05, 2.72373654298e-05, 2.91049072985e-05, 1.60488962138e-05, 1.5086534404e-05, 1.26391942104e-05, 1.14576050692e-05, 8.55073358252e-06, 2.21081086238e-06, 4.50456560941e-08],
        "min": [1.11850820703e-23, 2.1389130408e-23, 7.73790743146e-24, 6.29191237598e-24, 1.92915808154e-23, 6.74719106232e-23, 1.34133411817e-23, 3.39594711605e-23, 3.74035936965e-23, 5.04753659948e-23, 2.69047890593e-23, 1.05993320222e-22, 6.61357443328e-23, 6.96020307048e-23, 6.77034002781e-23, 1.0714460276e-22, 1.64201069256e-22, 8.99251323507e-23, 2.02397941478e-22, 2.23085092966e-22, 2.33073006037e-22, 6.03046271474e-22, 5.76613095019e-22, 7.58661643695e-22, 9.79861068796e-22, 1.80090426778e-21, 2.18643061385e-21],
        "var": [2.01616803253e-08, 8.17584223114e-05, 0.000334551295964, 4.30126328865e-06, 2.88468277176e-06, 4.94095388603e-07, 5.31772138856e-06, 2.18271156882e-06, 9.66571391814e-08, 4.40516743083e-07, 7.95888354332e-07, 9.57106891519e-08, 9.59432782111e-07, 9.2907907856e-07, 3.45513853972e-07, 1.56143627805e-07, 1.18051424636e-07, 1.86435372029e-07, 3.91322373616e-07, 3.14076714858e-07, 4.52427542541e-07, 2.35334880472e-07, 1.01200818392e-07, 5.33926467483e-08, 1.21483409998e-07, 7.83159777029e-08, 2.30719346406e-10]
    },
    "erbbands": {
        "dmean": [0.0792659819126, 0.981179714203, 5.45790910721, 3.68928456306, 1.85924220085, 1.94387793541, 1.52261555195, 2.26113891602, 6.250644207, 14.1130199432, 5.60830211639, 2.9222779274, 3.20162844658, 7.39864397049, 8.3454618454, 4.13267183304, 8.18915939331, 13.1407213211, 7.02585077286, 9.03297424316, 6.08344268799, 6.23548936844, 6.62561750412, 9.02032852173, 8.76404666901, 7.3384847641, 6.94873857498, 9.16161060333, 5.10443258286, 3.67949748039, 2.83978438377, 1.78460216522, 1.38258862495, 1.01561152935, 0.646362960339, 0.324994683266, 0.138774856925, 0.0256116203964, 0.000511035264935, 2.5206418286e-05],
        "dmean2": [0.114361561835, 1.60617804527, 8.37979030609, 5.66244983673, 3.31938052177, 3.16093850136, 2.49205875397, 3.59820055962, 9.78985595703, 22.9831428528, 8.80782032013, 5.09873723984, 5.03394651413, 11.5428247452, 12.5587596893, 6.51709079742, 11.7179250717, 19.186630249, 10.8373126984, 13.947479248, 9.12880992889, 9.65346431732, 9.75684833527, 12.7054824829, 12.5425138474, 11.1540117264, 9.92690944672, 15.3396968842, 7.83985900879, 5.69067716599, 4.31310844421, 2.45447778702, 2.13068509102, 1.57354211807, 1.00299787521, 0.506054461002, 0.191057279706, 0.0359717905521, 0.000714213645551, 3.31083392666e-05],
        "dvar": [0.0507732592523, 5.12099027634, 320.049041748, 155.184326172, 42.1237602234, 35.3868408203, 15.6513204575, 46.5345039368, 375.192749023, 2010.83935547, 269.738983154, 63.1187362671, 86.7756118774, 538.645019531, 609.508483887, 80.3748245239, 543.632080078, 1799.28613281, 363.563720703, 746.740905762, 249.947616577, 225.301620483, 221.443328857, 615.631896973, 443.552307129, 304.432189941, 266.411102295, 883.586303711, 213.464614868, 102.567214966, 50.9232292175, 16.0152053833, 19.0792446136, 21.219045639, 10.3648843765, 1.53731167316, 0.162073358893, 0.00872314348817, 3.75601734959e-06, 4.62981164517e-09],
        "dvar2": [0.109706766903, 12.1897258759, 660.924987793, 367.816101074, 117.212539673, 77.1117630005, 38.0169906616, 119.736564636, 936.508911133, 5293.78613281, 596.75189209, 170.949462891, 197.108795166, 1326.26989746, 1319.45751953, 181.818161011, 996.717956543, 3597.23852539, 877.300720215, 1841.19018555, 585.750610352, 505.416717529, 477.537506104, 1445.43310547, 864.789428711, 667.075622559, 556.526489258, 2613.19238281, 506.547302246, 245.020507812, 118.042045593, 37.5741653442, 51.9148368835, 59.8488807678, 29.2224235535, 4.2077999115, 0.360711067915, 0.0227167718112, 1.00341312645e-05, 1.04156390179e-08],
        "max": [2.15145206451, 20.0797309875, 145.634017944, 107.827293396, 54.2745170593, 52.3333053589, 36.3711051941, 127.692596436, 270.973571777, 552.56262207, 211.986160278, 97.6413879395, 184.742950439, 384.522735596, 454.147979736, 123.935508728, 451.529724121, 844.098144531, 385.992523193, 408.627716064, 187.685470581, 193.795410156, 154.637039185, 539.701843262, 349.293609619, 219.411880493, 174.318191528, 275.858276367, 254.110916138, 131.849212646, 98.983505249, 42.6377029419, 74.5823287964, 77.6589355469, 62.874080658, 19.900346756, 4.3519616127, 1.33141005039, 0.031182391569, 0.000875321798958],
        "mean": [0.0752105712891, 0.978611528873, 4.94552564621, 3.07427811623, 1.4713845253, 1.73764574528, 1.49339497089, 2.47288155556, 8.17542076111, 20.1488189697, 6.85030794144, 2.9344227314, 4.2911233902, 9.56930065155, 11.3386878967, 5.92859745026, 11.6861867905, 18.3219356537, 9.77980709076, 12.354174614, 8.08857345581, 8.96402549744, 9.45330810547, 11.650437355, 13.2022409439, 11.0503463745, 9.91494274139, 9.49640274048, 7.02625322342, 4.69030952454, 3.54154324532, 2.34254789352, 1.7489771843, 1.17443180084, 0.709798455238, 0.410932630301, 0.187470555305, 0.0291708894074, 0.000586234324146, 3.70930683857e-05],
        "median": [0.000218076718738, 0.00514537282288, 0.0253321230412, 0.0209847856313, 0.0201183818281, 0.0446620211005, 0.170310780406, 0.308482497931, 0.756965577602, 0.910483062267, 0.582526564598, 0.384552687407, 0.540922045708, 1.00409662724, 0.785317063332, 0.72881090641, 0.665704965591, 0.995441854, 0.699401199818, 0.847198903561, 0.575816810131, 0.882524132729, 0.952481746674, 1.19468533993, 1.45181810856, 1.46971476078, 0.822237193584, 0.540800988674, 0.551606416702, 0.42565792799, 0.342682570219, 0.240896373987, 0.190648332238, 0.122950658202, 0.0406709723175, 0.0117881856859, 0.00333642400801, 0.000449022627436, 1.49398774738e-05, 7.80206573836e-06],
        "min": [7.35386031318e-22, 4.60792834788e-21, 8.64866605832e-21, 1.33470365895e-20, 4.33778327672e-20, 9.52040941078e-20, 1.46915354725e-19, 3.54047700285e-19, 2.69290923163e-19, 3.06210294498e-19, 9.01995273248e-19, 9.18396817229e-19, 1.33672986695e-18, 1.39501642503e-18, 1.37022654585e-18, 4.44481862561e-18, 3.0634844917e-18, 3.93226980752e-18, 2.89586026967e-18, 5.10572931759e-18, 6.75144071503e-18, 9.14513100855e-18, 4.55901876739e-18, 7.23573180262e-18, 1.16790912816e-17, 9.86140986202e-18, 1.09396952116e-17, 1.00224619273e-17, 1.9515713551e-17, 1.9574807334e-17, 1.73200205176e-17, 1.60562241993e-17, 1.13925294477e-17, 9.80556772605e-18, 7.9590160487e-18, 5.47622392754e-18, 3.52929967313e-18, 1.43729590088e-18, 3.33514880283e-19, 3.01533150358e-20],
        "var": [0.0566105023026, 5.82452487946, 351.732574463, 146.72505188, 30.4780826569, 35.921836853, 15.008523941, 54.2662696838, 493.93081665, 2422.47265625, 401.950012207, 59.1125183105, 155.592437744, 758.284729004, 1011.1572876, 160.908859253, 1231.6661377, 3432.6628418, 601.569396973, 1060.62158203, 398.04119873, 400.710327148, 452.898162842, 869.191345215, 946.37878418, 665.856506348, 639.384216309, 839.375488281, 339.694396973, 144.140365601, 73.8023376465, 25.376499176, 17.0769233704, 14.440870285, 6.91340684891, 1.44661962986, 0.268277406693, 0.008618991822, 3.46607794199e-06, 7.14106906941e-09]
    },
    "gfcc": {
        "mean": [-163.085128784, 31.1589565277, -116.17401123, 30.5810832977, -62.9232940674, 16.0229282379, -35.316116333, 17.082862854, -21.4223995209, 14.333940506, -9.10273647308, 3.65439319611, -14.4816150665],
        "cov": [[41317.0976562, 1144.48327637, -1886.91174316, 534.816772461, -776.351196289, 250.666778564, -242.837173462, 141.384735107, -402.756195068, 255.872467041, -232.589416504, -208.841094971, -444.499908447], [1144.48327637, 2683.89990234, 261.887176514, 39.1937484741, 259.791656494, -173.127197266, 153.484527588, -10.6148929596, 47.9757995605, -235.976242065, 192.657028198, -31.6927719116, 251.293441772], [-1886.91174316, 261.887176514, 3029.01196289, 1141.4185791, 889.180236816, 406.619934082, 3.69861555099, 64.6753997803, -209.558822632, -209.986984253, -481.586212158, 163.758514404, -56.3265647888], [534.816772461, 39.1937484741, 1141.4185791, 1064.61108398, 599.565490723, 258.140258789, -25.1770973206, -6.0146689415, -112.718673706, -140.719985962, -293.828277588, 16.3919181824, 12.6534748077], [-776.351196289, 259.791656494, 889.180236816, 599.565490723, 783.641357422, 252.255905151, 88.798248291, 15.7409524918, -50.7096595764, -102.241447449, -240.629577637, 44.4856109619, -24.7494106293], [250.666778564, -173.127197266, 406.619934082, 258.140258789, 252.255905151, 376.933929443, 134.303359985, 48.5228652954, -56.2484207153, -23.930355072, -102.625762939, 2.16782999039, -35.7800979614], [-242.837173462, 153.484527588, 3.69861555099, -25.1770973206, 88.798248291, 134.303359985, 249.253067017, 68.6101531982, 24.7633628845, -13.8606643677, 26.0837039948, -20.3447818756, -13.245303154], [141.384735107, -10.6148929596, 64.6753997803, -6.0146689415, 15.7409524918, 48.5228652954, 68.6101531982, 161.578613281, 78.3291625977, 31.6621360779, 19.3804531097, 6.37526750565, -8.00452327728], [-402.756195068, 47.9757995605, -209.558822632, -112.718673706, -50.7096595764, -56.2484207153, 24.7633628845, 78.3291625977, 211.203048706, 71.1882629395, 87.6042022705, -23.5542545319, 31.1785449982], [255.872467041, -235.976242065, -209.986984253, -140.719985962, -102.241447449, -23.930355072, -13.8606643677, 31.6621360779, 71.1882629395, 151.997924805, 57.7636489868, -7.28031206131, -47.7252006531], [-232.589416504, 192.657028198, -481.586212158, -293.828277588, -240.629577637, -102.625762939, 26.0837039948, 19.3804531097, 87.6042022705, 57.7636489868, 265.168365479, 1.63687026501, 79.0303344727], [-208.841094971, -31.6927719116, 163.758514404, 16.3919181824, 44.4856109619, 2.16782999039, -20.3447818756, 6.37526750565, -23.5542545319, -7.28031206131, 1.63687026501, 121.652694702, 41.6685295105], [-444.499908447, 251.293441772, -56.3265647888, 12.6534748077, -24.7494106293, -35.7800979614, -13.245303154, -8.00452327728, 31.1785449982, -47.7252006531, 79.0303344727, 41.6685295105, 182.568389893]],
        "icov": [[4.29020437878e-05, -0.000107443032903, 9.8528144008e-05, -0.000141444150358, 0.000167130579939, -0.000148039966007, 0.000105241400888, -0.000128400948597, 0.000104374208604, -0.00017742482305, 0.000182570278412, -0.000156838155817, 0.00018075206026], [-0.000107443032903, 0.000992167275399, -0.000443800206995, 0.000549389165826, -0.000996213639155, 0.0010857724119, -0.000691752822604, 0.000285025191261, -0.000112349276606, 0.00128277332988, -0.00137040310074, 0.00126287783496, -0.00110268779099], [9.8528144008e-05, -0.000443800206995, 0.00102826335933, -0.000836296821944, 0.000332842348143, -0.000693724665325, 0.000491492042784, -0.000716031994671, 0.000300446845358, -0.000242525537033, 0.00108330277726, -0.00148493400775, 0.000894646567758], [-0.000141444150358, 0.000549389165826, -0.000836296821944, 0.00304995267652, -0.0018513413379, 3.38252793881e-05, 0.000577520928346, 0.000128527535708, 6.20867867838e-05, 0.00102618325036, -6.68028733344e-05, 0.00212911702693, -0.00196615536697], [0.000167130579939, -0.000996213639155, 0.000332842348143, -0.0018513413379, 0.00426333351061, -0.00169158237986, -0.000478873378597, 0.000393755180994, -0.0010307233315, -0.000746310688555, 0.00267934659496, -0.00265111145563, 0.00166425923817], [-0.000148039966007, 0.0010857724119, -0.000693724665325, 3.38252793881e-05, -0.00169158237986, 0.00619003782049, -0.00340114743449, -0.000514965795446, 0.00150492030662, -0.000176073415787, -0.000874109042343, 0.00179642520379, -0.00169146910775], [0.000105241400888, -0.000691752822604, 0.000491492042784, 0.000577520928346, -0.000478873378597, -0.00340114743449, 0.00757801299915, -0.00249434215948, -6.75070477882e-05, 0.00125379557721, -0.000942501064856, 0.000391665787902, 0.00168681691866], [-0.000128400948597, 0.000285025191261, -0.000716031994671, 0.000128527535708, 0.000393755180994, -0.000514965795446, -0.00249434215948, 0.0100954994559, -0.00449105817825, 5.85762463743e-05, -0.000508108932991, -0.00134115153924, 0.000587691902183], [0.000104374208604, -0.000112349276606, 0.000300446845358, 6.20867867838e-05, -0.0010307233315, 0.00150492030662, -6.75070477882e-05, -0.00449105817825, 0.00956517644227, -0.0043347380124, -0.000667025859002, 0.00282834772952, -0.00267288531177], [-0.00017742482305, 0.00128277332988, -0.000242525537033, 0.00102618325036, -0.000746310688555, -0.000176073415787, 0.00125379557721, 5.85762463743e-05, -0.0043347380124, 0.0137518849224, -0.0039532892406, -0.000560338085052, 0.0037886206992], [0.000182570278412, -0.00137040310074, 0.00108330277726, -6.68028733344e-05, 0.00267934659496, -0.000874109042343, -0.000942501064856, -0.000508108932991, -0.000667025859002, -0.0039532892406, 0.0108271976933, -0.00230871583335, -0.00230858940631], [-0.000156838155817, 0.00126287783496, -0.00148493400775, 0.00212911702693, -0.00265111145563, 0.00179642520379, 0.000391665787902, -0.00134115153924, 0.00282834772952, -0.000560338085052, -0.00230871583335, 0.0134842675179, -0.00547121651471], [0.00018075206026, -0.00110268779099, 0.000894646567758, -0.00196615536697, 0.00166425923817, -0.00169146910775, 0.00168681691866, 0.000587691902183, -0.00267288531177, 0.0037886206992, -0.00230858940631, -0.00547121651471, 0.011584722437]]
    },
    "melbands": {
        "dmean": [0.000803980277851, 0.00229403632693, 0.000607342051808, 0.000131031949422, 6.08531372563e-05, 5.14895036758e-05, 0.00010666903836, 0.000144210644066, 3.68992878066e-05, 1.74803444679e-05, 1.67843645613e-05, 3.01483669318e-05, 3.18394668284e-05, 1.30437838379e-05, 1.26442264445e-05, 2.55016857409e-05, 2.50770171988e-05, 1.13529558803e-05, 1.27196144604e-05, 9.61054593063e-06, 6.99624160916e-06, 6.32564251646e-06, 6.99997190168e-06, 6.97124733051e-06, 7.64595824876e-06, 7.09009327693e-06, 6.44867986921e-06, 4.71783368994e-06, 3.95413053411e-06, 5.20312960361e-06, 5.61495608054e-06, 3.30064221998e-06, 2.16130183617e-06, 2.04006005333e-06, 1.65833159826e-06, 1.41541897847e-06, 1.01482555692e-06, 1.02661431356e-06, 9.2698780918e-07, 8.49742662012e-07],
        "dmean2": [0.00123180495575, 0.00355728901923, 0.000914249918424, 0.000218250483158, 9.93407666101e-05, 8.21436624392e-05, 0.000165855919477, 0.000236924097408, 5.87641952734e-05, 3.06711626763e-05, 2.62540143012e-05, 4.70721315651e-05, 4.86384451506e-05, 2.05407759495e-05, 1.96833771042e-05, 3.80859237339e-05, 3.68691253243e-05, 1.83181928151e-05, 1.9907598471e-05, 1.39194316944e-05, 1.05662084025e-05, 9.69252596406e-06, 1.13415735541e-05, 1.04244345493e-05, 1.11128247227e-05, 1.04319969978e-05, 9.99789790512e-06, 6.92729190632e-06, 5.50734011995e-06, 8.24141079647e-06, 9.64509126788e-06, 5.1085476116e-06, 3.34529408974e-06, 3.2131313219e-06, 2.57296778727e-06, 2.07738753488e-06, 1.44633611399e-06, 1.56394492024e-06, 1.51710662522e-06, 1.32981040224e-06],
        "dvar": [4.17274077336e-06, 4.63859068986e-05, 3.98751535613e-06, 1.67867980849e-07, 2.74516285259e-08, 2.28728698204e-08, 1.0748864554e-07, 2.02551802886e-07, 1.24883703378e-08, 2.29403962493e-09, 2.56753862615e-09, 8.52723403e-09, 1.01277297659e-08, 8.53580151006e-10, 1.25923316219e-09, 7.2836163767e-09, 7.01782232326e-09, 9.57999346518e-10, 1.38407341144e-09, 7.03617220044e-10, 3.54332091446e-10, 2.45060333137e-10, 2.71498101778e-10, 2.79414102966e-10, 5.0065196433e-10, 2.82519480033e-10, 2.70046790485e-10, 1.32008681764e-10, 8.05699951201e-11, 2.28557020532e-10, 3.40903388851e-10, 1.01401831376e-10, 3.86423427978e-11, 3.31179007829e-11, 1.95567260303e-11, 1.11103175271e-11, 5.34138792224e-12, 7.16329382963e-12, 1.85122351476e-11, 1.4589086883e-11],
        "dvar2": [9.11823735805e-06, 9.68805034063e-05, 9.16968656384e-06, 3.97457228019e-07, 6.34582306702e-08, 5.80159955632e-08, 2.68058698794e-07, 5.3281610235e-07, 2.70886637566e-08, 6.20810647334e-09, 5.79071857132e-09, 2.06094963318e-08, 2.39394619683e-08, 1.89583815313e-09, 2.8955182696e-09, 1.49111567538e-08, 1.35884485886e-08, 2.36338637549e-09, 3.37507533033e-09, 1.53322310403e-09, 8.66648919295e-10, 5.65189950397e-10, 6.88571588636e-10, 6.44789721616e-10, 1.22023191551e-09, 5.08424913281e-10, 6.98158308943e-10, 2.76768635787e-10, 1.34525349194e-10, 6.37116581714e-10, 1.02951625003e-09, 2.51918902405e-10, 9.06620264973e-11, 8.05289099293e-11, 4.47563063e-11, 2.70698012617e-11, 1.26345461871e-11, 1.87576395388e-11, 5.27733863553e-11, 4.09088492248e-11],
        "max": [0.0190906301141, 0.0552384704351, 0.0169295091182, 0.00312117580324, 0.00138055183925, 0.00269006472081, 0.00378201762214, 0.00524241477251, 0.0015513660619, 0.000523512600921, 0.000985928811133, 0.00143207155634, 0.00163807498757, 0.000377080985345, 0.000547575356904, 0.00177939073183, 0.00187083194032, 0.00054937863024, 0.000508459925186, 0.000423736550147, 0.000224327668548, 0.000225969983148, 0.000170011699083, 0.000183227661182, 0.000506980810314, 0.000258577929344, 0.000187146288226, 0.000159515460837, 9.09108784981e-05, 0.00014926851145, 0.000168635844602, 0.000170208222698, 9.67208543443e-05, 7.50641120248e-05, 5.88016591792e-05, 4.02831865358e-05, 2.59606167674e-05, 4.08607011195e-05, 8.02443464636e-05, 6.1606951931e-05],
        "mean": [0.000838145206217, 0.00215009320527, 0.000524023664184, 0.000114544316602, 5.82775901421e-05, 5.5411390349e-05, 0.000143495766679, 0.000206234210054, 4.23379460699e-05, 1.65213677974e-05, 2.17556371354e-05, 3.78207587346e-05, 4.28186503996e-05, 1.62050382642e-05, 1.73304342752e-05, 3.3211621485e-05, 3.32656018145e-05, 1.41527725646e-05, 1.72012314579e-05, 1.30525540953e-05, 8.71782867762e-06, 8.88627073437e-06, 8.81372307049e-06, 8.78792525327e-06, 9.31555405259e-06, 1.05980761873e-05, 8.52949051477e-06, 7.02230545357e-06, 6.02758291279e-06, 6.01357805863e-06, 5.36109473614e-06, 4.38093866251e-06, 2.75395927929e-06, 2.53663097283e-06, 2.06104823519e-06, 1.72810132426e-06, 1.34262950269e-06, 1.29598379317e-06, 1.06012441847e-06, 9.64822902461e-07],
        "median": [3.14440444527e-06, 1.17531917567e-05, 3.95584129365e-06, 2.02339310817e-06, 5.36585184818e-06, 6.0619731812e-06, 1.24611233332e-05, 7.98785731604e-06, 2.92508320854e-06, 1.34056517709e-06, 2.31976468967e-06, 3.4980662349e-06, 2.20240804083e-06, 1.55001100666e-06, 1.06094660168e-06, 1.30950502353e-06, 1.55256236667e-06, 7.94568393303e-07, 9.61386263043e-07, 9.15772034205e-07, 4.86673172873e-07, 8.06619027571e-07, 8.54362838254e-07, 7.8115431279e-07, 9.08846686798e-07, 1.0783627431e-06, 1.0118260434e-06, 8.63389857386e-07, 5.13823124493e-07, 3.32644049195e-07, 2.90363857403e-07, 2.82981176269e-07, 2.74836168046e-07, 1.9938387652e-07, 1.85105690775e-07, 1.6887705101e-07, 1.34961936737e-07, 1.39683308475e-07, 1.13615335806e-07, 9.3395776446e-08],
        "min": [7.13041984785e-24, 5.77502665063e-24, 3.76433301033e-24, 4.78247594322e-24, 5.52995044434e-24, 9.57363645615e-24, 4.01441927222e-24, 3.72300853181e-24, 7.1301382245e-24, 5.89300316558e-24, 6.9191573754e-24, 5.77631091618e-24, 4.06027851766e-24, 9.4831604212e-24, 1.04572529667e-23, 5.96164510839e-24, 7.44684852301e-24, 4.62448603657e-24, 4.76337840957e-24, 8.15172887398e-24, 8.03269765199e-24, 1.10856193319e-23, 3.894470605e-24, 4.42986892365e-24, 5.36587171479e-24, 1.02168302509e-23, 6.30435902335e-24, 4.96424921731e-24, 8.34078727853e-24, 3.96355115447e-24, 6.40194940036e-24, 1.11889979758e-23, 1.23979304685e-23, 9.32114416849e-24, 8.80581999329e-24, 9.75307706853e-24, 9.89964426928e-24, 6.91233293971e-24, 8.78214233322e-24, 7.37183495067e-24],
        "var": [5.15797000844e-06, 5.15380961588e-05, 4.0250110942e-06, 1.58420746743e-07, 2.718303449e-08, 2.67856705705e-08, 1.37798494393e-07, 2.48798642133e-07, 1.81487536111e-08, 2.08116057721e-09, 4.32386082494e-09, 1.30094139905e-08, 1.53141339609e-08, 1.30563715395e-09, 2.54663934385e-09, 1.24559331738e-08, 1.27686146101e-08, 1.41649036944e-09, 2.04182182273e-09, 1.11278730675e-09, 5.36963973286e-10, 4.11708306336e-10, 4.19932505435e-10, 4.41617936664e-10, 6.23550322487e-10, 6.20536677598e-10, 4.15574546997e-10, 2.91781210304e-10, 2.27207544445e-10, 2.99069935483e-10, 2.87389251286e-10, 1.45277581631e-10, 5.23525077456e-11, 4.42738415374e-11, 2.77551835681e-11, 1.56290969749e-11, 8.05414762661e-12, 7.81265243471e-12, 1.21249277979e-11, 1.00218609453e-11]
    },
    "mfcc": {
        "mean": [-793.78729248, 60.7104721069, 0.674193561077, 15.1377983093, -0.697720825672, 0.370715200901, 3.08931064606, 0.321197837591, -1.84581232071, 5.40736913681, 5.27575159073, 5.84726333618, 6.94016170502],
        "cov": [[30069.1914062, 2069.73461914, -1119.31628418, 587.439453125, -403.261291504, 201.866348267, 71.0770950317, -92.8206176758, -178.082122803, 84.4553451538, 177.392349243, -7.63322734833, -65.6336135864], [2069.73461914, 2289.99755859, 234.096511841, 242.659469604, 110.728340149, -81.5571365356, 148.85017395, 104.417579651, -5.59029054642, -88.0694198608, 7.30770206451, -4.98084020615, -100.917243958], [-1119.31628418, 234.096511841, 1683.89440918, 681.945068359, 698.409606934, 354.064971924, 222.265869141, 247.338043213, 232.19720459, -90.8311386108, -160.811721802, -29.9272956848, -221.648513794], [587.439453125, 242.659469604, 681.945068359, 797.808532715, 574.628601074, 300.682739258, 105.482963562, 142.731658936, 180.99407959, -46.1994361877, -117.411277771, -41.0723228455, -162.243728638], [-403.261291504, 110.728340149, 698.409606934, 574.628601074, 703.229064941, 346.773132324, 125.866111755, 180.299545288, 211.395828247, -24.3069286346, -99.2530517578, -29.6903152466, -169.327636719], [201.866348267, -81.5571365356, 354.064971924, 300.682739258, 346.773132324, 399.075744629, 182.304199219, 136.188522339, 131.633331299, -2.04617881775, -30.1566696167, -61.2480163574, -119.098457336], [71.0770950317, 148.85017395, 222.265869141, 105.482963562, 125.866111755, 182.304199219, 255.770126343, 143.255157471, 61.0637817383, 3.9707903862, 22.2824382782, -32.4980583191, -69.6003799438], [-92.8206176758, 104.417579651, 247.338043213, 142.731658936, 180.299545288, 136.188522339, 143.255157471, 199.863922119, 120.990539551, 0.63498711586, -1.93119907379, -2.65333628654, -52.9801559448], [-178.082122803, -5.59029054642, 232.19720459, 180.99407959, 211.395828247, 131.633331299, 61.0637817383, 120.990539551, 193.438369751, 51.7108650208, -10.9973955154, 11.4091920853, -34.8039093018], [84.4553451538, -88.0694198608, -90.8311386108, -46.1994361877, -24.3069286346, -2.04617881775, 3.9707903862, 0.63498711586, 51.7108650208, 139.667633057, 79.1528396606, 32.5912284851, 54.2218475342], [177.392349243, 7.30770206451, -160.811721802, -117.411277771, -99.2530517578, -30.1566696167, 22.2824382782, -1.93119907379, -10.9973955154, 79.1528396606, 137.896072388, 47.5565567017, 50.0507545471], [-7.63322734833, -4.98084020615, -29.9272956848, -41.0723228455, -29.6903152466, -61.2480163574, -32.4980583191, -2.65333628654, 11.4091920853, 32.5912284851, 47.5565567017, 120.034912109, 84.3822174072], [-65.6336135864, -100.917243958, -221.648513794, -162.243728638, -169.327636719, -119.098457336, -69.6003799438, -52.9801559448, -34.8039093018, 54.2218475342, 50.0507545471, 84.3822174072, 202.119476318]],
