{
"lowlevel": {
    "average_loudness": 0.959159612656,
    "barkbands_crest": {
        "dmean": 2.97686839104,
        "dmean2": 4.5817322731,
        "dvar": 8.31780433655,
        "dvar2": 17.8680686951,
        "max": 26.5604896545,
        "mean": 15.0999507904,
        "median": 15.1634321213,
        "min": 2.51226472855,
        "var": 34.7017364502
    },
    "barkbands_flatness_db": {
        "dmean": 0.037455778569,
        "dmean2": 0.0534656979144,
        "dvar": 0.00129552895669,
        "dvar2": 0.00244435295463,
        "max": 0.434612125158,
        "mean": 0.191394329071,
        "median": 0.188834816217,
        "min": 0.031527902931,
        "var": 0.00561207672581
    },
    "barkbands_kurtosis": {
        "dmean": 18.8595561981,
        "dmean2": 26.3585700989,
        "dvar": 1311.10888672,
        "dvar2": 2522.2331543,
        "max": 562.415649414,
        "mean": 31.1557941437,
        "median": 12.3790798187,
        "min": -1.87712931633,
        "var": 3100.59521484
    },
    "barkbands_skewness": {
        "dmean": 1.38193845749,
        "dmean2": 1.92652583122,
        "dvar": 2.49241304398,
        "dvar2": 4.52491807938,
        "max": 20.0434551239,
        "mean": 3.89034247398,
        "median": 3.09935688972,
        "min": -1.69590342045,
        "var": 9.69584083557
    },
    "barkbands_spread": {
        "dmean": 8.90758895874,
        "dmean2": 13.8389091492,
        "dvar": 161.226715088,
        "dvar2": 353.149749756,
        "max": 105.710464478,
        "mean": 17.9592628479,
        "median": 10.5251531601,
        "min": 0.288606107235,
        "var": 335.169677734
    },
    "dissonance": {
        "dmean": 0.0183976329863,
        "dmean2": 0.0304753985256,
        "dvar": 0.000323363783536,
        "dvar2": 0.000815862265881,
        "max": 0.49993699789,
        "mean": 0.465319395065,
        "median": 0.471353203058,
        "min": 0.331330567598,
        "var": 0.000645848573186
    },
    "dynamic_complexity": 3.70216751099,
    "erbbands_crest": {
        "dmean": 2.78741049767,
        "dmean2": 4.38397979736,
        "dvar": 6.77328920364,
        "dvar2": 15.0482578278,
        "max": 24.9792766571,
        "mean": 8.82003116608,
        "median": 7.93345308304,
        "min": 2.76219177246,
        "var": 15.904214859
    },
    "erbbands_flatness_db": {
        "dmean": 0.0181888900697,
        "dmean2": 0.0264067966491,
        "dvar": 0.000262633722741,
        "dvar2": 0.000542796857189,
        "max": 0.250657200813,
        "mean": 0.126641392708,
        "median": 0.123274557292,
        "min": 0.0535474084318,
        "var": 0.00113219197374
    },
    "erbbands_kurtosis": {
        "dmean": 0.969837605953,
        "dmean2": 1.51219916344,
        "dvar": 1.46284532547,
        "dvar2": 3.31567931175,
        "max": 13.6777000427,
        "mean": 0.267379850149,
        "median": -0.273183822632,
        "min": -1.66573727131,
        "var": 2.98227715492
    },
    "erbbands_skewness": {
        "dmean": 0.45981797576,
        "dmean2": 0.675941586494,
        "dvar": 0.239635616541,
        "dvar2": 0.495420485735,
        "max": 3.16480875015,
        "mean": 0.350883066654,
        "median": 0.351264685392,
        "min": -3.1421892643,
        "var": 0.729443728924
    },
    "erbbands_spread": {
        "dmean": 13.5828113556,
        "dmean2": 19.925403595,
        "dvar": 162.493148804,
        "dvar2": 348.778869629,
        "max": 130.421066284,
        "mean": 56.4097862244,
        "median": 52.8148117065,
        "min": 12.4770689011,
        "var": 542.290405273
    },
    "hfc": {
        "dmean": 9.99725341797,
        "dmean2": 14.2656154633,
        "dvar": 233.25062561,
        "dvar2": 555.495300293,
        "max": 140.370834351,
        "mean": 18.5793476105,
        "median": 10.3563432693,
        "min": 7.29734028937e-06,
        "var": 455.109008789
    },
    "melbands_crest": {
        "dmean": 3.2491941452,
        "dmean2": 5.03189992905,
        "dvar": 10.0126047134,
        "dvar2": 22.692817688,
        "max": 31.3097000122,
        "mean": 19.5318336487,
        "median": 19.9753932953,
        "min": 4.25377368927,
        "var": 34.0457344055
    },
    "melbands_flatness_db": {
        "dmean": 0.0464817211032,
        "dmean2": 0.0647313520312,
        "dvar": 0.00208037695847,
        "dvar2": 0.00401924131438,
        "max": 0.543846666813,
        "mean": 0.274127453566,
        "median": 0.278847664595,
        "min": 0.0388475693762,
        "var": 0.0092765269801
    },
    "melbands_kurtosis": {
        "dmean": 38.5965919495,
        "dmean2": 55.0648002625,
        "dvar": 3263.59716797,
        "dvar2": 5792.75732422,
        "max": 653.523132324,
        "mean": 74.0411682129,
        "median": 36.479183197,
        "min": -1.7565664053,
        "var": 9554.87011719
    },
    "melbands_skewness": {
        "dmean": 1.69647145271,
        "dmean2": 2.39888811111,
        "dvar": 3.03982162476,
        "dvar2": 5.89338111877,
        "max": 18.7444705963,
        "mean": 5.79987573624,
        "median": 4.95965385437,
        "min": -0.184343084693,
        "var": 12.5266332626
    },
    "melbands_spread": {
        "dmean": 8.6413230896,
        "dmean2": 13.6799612045,
        "dvar": 244.166992188,
        "dvar2": 540.341796875,
        "max": 183.029052734,
        "mean": 14.960931778,
        "median": 6.45735645294,
        "min": 0.376913368702,
        "var": 450.160186768
    },
    "pitch_salience": {
        "dmean": 0.0920489057899,
        "dmean2": 0.141123890877,
        "dvar": 0.0082149580121,
        "dvar2": 0.0176339782774,
        "max": 0.780310809612,
        "mean": 0.398286581039,
        "median": 0.399969726801,
        "min": 0.0741339251399,
        "var": 0.0273028239608
    },
    "silence_rate_20dB": {
        "dmean": 0.00154798757285,
        "dmean2": 0.00309837330133,
        "dvar": 0.00154558068607,
        "dvar2": 0.00463790493086,
        "max": 1,
        "mean": 0.999226629734,
        "median": 1,
        "min": 0,
        "var": 0.000772795232479
    },
    "silence_rate_30dB": {
        "dmean": 0.111455105245,
        "dmean2": 0.223082885146,
        "dvar": 0.0990319997072,
        "dvar2": 0.184159502387,
        "max": 1,
        "mean": 0.818252146244,
        "median": 1,
        "min": 0,
        "var": 0.14871750772
    },
    "silence_rate_60dB": {
        "dmean": 0.0232198145241,
        "dmean2": 0.0464756004512,
        "dvar": 0.0226806998253,
        "dvar2": 0.0536101236939,
        "max": 1,
        "mean": 0.0711523592472,
        "median": 0,
        "min": 0,
        "var": 0.0660891458392
    },
    "spectral_centroid": {
        "dmean": 411.736022949,
        "dmean2": 622.587646484,
        "dvar": 272427.4375,
        "dvar2": 580449.3125,
        "max": 4239.45361328,
        "mean": 1163.26196289,
        "median": 951.839416504,
        "min": 142.442672729,
        "var": 634702.0625
    },
    "spectral_complexity": {
        "dmean": 4.54489183426,
        "dmean2": 6.46630525589,
        "dvar": 37.7092819214,
        "dvar2": 71.5997848511,
        "max": 49,
        "mean": 12.8074245453,
        "median": 10,
        "min": 0,
        "var": 84.9026031494
    },
    "spectral_decrease": {
        "dmean": 7.37521732574e-09,
        "dmean2": 1.06782129805e-08,
        "dvar": 1.46828330672e-16,
        "dvar2": 2.96953048876e-16,
        "max": -3.73920195818e-15,
        "mean": -1.45710972177e-08,
        "median": -8.12719314069e-09,
        "min": -9.31260117909e-08,
        "var": 2.79854709454e-16
    },
    "spectral_energy": {
        "dmean": 0.028439193964,
        "dmean2": 0.0410472601652,
        "dvar": 0.00212782551534,
        "dvar2": 0.00429545203224,
        "max": 0.355304986238,
        "mean": 0.0566799007356,
        "median": 0.0324456058443,
        "min": 1.62705386941e-08,
        "var": 0.00409932108596
    },
    "spectral_energyband_high": {
        "dmean": 0.000826097675599,
        "dmean2": 0.00127522484399,
        "dvar": 2.57379542745e-06,
        "dvar2": 6.56722704662e-06,
        "max": 0.0141825843602,
        "mean": 0.00100130110513,
        "median": 0.000294592406135,
        "min": 1.46973613835e-10,
        "var": 3.09314441438e-06
    },
    "spectral_energyband_low": {
        "dmean": 0.0263469144702,
        "dmean2": 0.0389116331935,
        "dvar": 0.00208851997741,
        "dvar2": 0.00430793687701,
        "max": 0.343038648367,
        "mean": 0.0455002896488,
        "median": 0.0179195087403,
        "min": 5.08743980276e-09,
        "var": 0.00375956296921
    },
    "spectral_energyband_middle_high": {
        "dmean": 0.00177611620165,
        "dmean2": 0.00263585941866,
        "dvar": 9.51995480136e-06,
        "dvar2": 2.16256303247e-05,
        "max": 0.0427453108132,
        "mean": 0.00334273208864,
        "median": 0.00107801379636,
        "min": 1.25884214164e-09,
        "var": 3.12547999783e-05
    },
    "spectral_energyband_middle_low": {
        "dmean": 0.00297761592083,
        "dmean2": 0.00430122110993,
        "dvar": 1.68056503753e-05,
        "dvar2": 3.34176220349e-05,
        "max": 0.0481448471546,
        "mean": 0.00711169745773,
        "median": 0.00486449105665,
        "min": 6.02328942279e-09,
        "var": 5.20402500115e-05
    },
    "spectral_entropy": {
        "dmean": 0.245274990797,
        "dmean2": 0.337907314301,
        "dvar": 0.0580261051655,
        "dvar2": 0.106341302395,
        "max": 8.73438358307,
        "mean": 7.55323505402,
        "median": 7.54347467422,
        "min": 6.12232446671,
        "var": 0.200094103813
    },
    "spectral_flux": {
        "dmean": 0.0512253716588,
        "dmean2": 0.0830645784736,
        "dvar": 0.00456481287256,
        "dvar2": 0.0118374722078,
        "max": 0.514632821083,
        "mean": 0.101335592568,
        "median": 0.0766641050577,
        "min": 0.000205183139769,
        "var": 0.00665721157566
    },
    "spectral_kurtosis": {
        "dmean": 1.22778105736,
        "dmean2": 1.96658110619,
        "dvar": 1.91901862621,
        "dvar2": 4.10739183426,
        "max": 22.0296459198,
        "mean": 3.14923667908,
        "median": 2.56378746033,
        "min": -0.6662504673,
        "var": 5.08253479004
    },
    "spectral_rms": {
        "dmean": 0.00169174768962,
        "dmean2": 0.00229465542361,
        "dvar": 4.81318875245e-06,
        "dvar2": 8.9296954684e-06,
        "max": 0.0186182446778,
        "mean": 0.00638412451372,
        "median": 0.00562621094286,
        "min": 3.98418069381e-06,
        "var": 1.4540479242e-05
    },
    "spectral_rolloff": {
        "dmean": 634.080322266,
        "dmean2": 1077.34533691,
        "dvar": 1623074,
        "dvar2": 3614939.25,
        "max": 10766.6015625,
        "mean": 965.662719727,
        "median": 236.865234375,
        "min": 64.599609375,
        "var": 2630706.75
    },
    "spectral_skewness": {
        "dmean": 0.256749778986,
        "dmean2": 0.384652078152,
        "dvar": 0.0767874792218,
        "dvar2": 0.148132175207,
        "max": 3.59506821632,
        "mean": 1.39890766144,
        "median": 1.35775673389,
        "min": -0.0499769560993,
        "var": 0.238309502602
    },
    "spectral_spread": {
        "dmean": 659256.875,
        "dmean2": 951612.6875,
        "dvar": 461412958208,
        "dvar2": 856483889152,
        "max": 12344491,
        "mean": 5427978,
        "median": 5294819,
        "min": 2079807,
        "var": 1.73261835469e+12
    },
    "spectral_strongpeak": {
        "dmean": 0.279300808907,
        "dmean2": 0.441152513027,
        "dvar": 0.304088532925,
        "dvar2": 0.805952548981,
        "max": 10.3043909073,
        "mean": 0.601170897484,
        "median": 0.475887209177,
        "min": 0,
        "var": 0.3968295753
    },
    "zerocrossingrate": {
        "dmean": 0.0143759520724,
        "dmean2": 0.0167309138924,
        "dvar": 0.000293509510811,
        "dvar2": 0.000357859215001,
        "max": 0.2431640625,
        "mean": 0.0429668612778,
        "median": 0.03173828125,
        "min": 0.0029296875,
        "var": 0.0014760622289
    },
    "barkbands": {
        "dmean": [0.000341150123859, 0.020663831383, 0.00787440873682, 0.000528153206687, 0.00205554463901, 0.00039237231249, 0.000335361430189, 0.00031467655208, 0.000412959430832, 0.000384492945159, 0.000385702791391, 0.000195569460629, 0.000155702058692, 0.000176367684617, 0.000254460406723, 0.000139390976983, 0.00016092005535, 0.000303275999613, 0.000192741164938, 0.000153383851284, 0.0001872942521, 0.000324488413753, 0.000109448417788, 7.85275915405e-05, 6.90686647431e-05, 4.14424976043e-05, 1.08487438411e-06],
        "dmean2": [0.000558787491173, 0.0304444171488, 0.0123881818727, 0.000870464311447, 0.00312511902303, 0.000613218871877, 0.00050925713731, 0.000489700236358, 0.000580039049964, 0.000602547021117, 0.00064606644446, 0.000330445560394, 0.000233775950619, 0.000254412647337, 0.000392759713577, 0.000186277175089, 0.000247843243415, 0.000461624120362, 0.000310073955916, 0.000237300700974, 0.000298705126625, 0.000547063362319, 0.000172129206476, 0.000119077209092, 0.000101971672848, 6.33120071143e-05, 1.85093108485e-06],
        "dvar": [4.55282389566e-07, 0.00129603606183, 0.000229858458624, 6.98904159435e-07, 1.02131216408e-05, 4.57503830376e-07, 3.71345379335e-07, 9.21794992337e-07, 2.44713032771e-06, 1.14633542125e-06, 1.2485438674e-06, 2.99570871221e-07, 2.03379599384e-07, 1.93256738612e-07, 5.49526362192e-07, 2.23077009309e-07, 1.55113980327e-07, 4.97814028222e-07, 1.92991123527e-07, 9.70681313106e-08, 1.63497304584e-07, 6.78055528169e-07, 4.73651660116e-08, 2.85510157738e-08, 2.04863450648e-08, 8.70570371347e-09, 1.09726255859e-11],
        "dvar2": [1.22970971006e-06, 0.00282987975515, 0.000532172736712, 1.8185666022e-06, 2.12675749935e-05, 1.0964881767e-06, 8.024352951e-07, 2.31380340665e-06, 4.36634127254e-06, 2.07461062018e-06, 2.81807888314e-06, 8.27223175293e-07, 3.33676894115e-07, 3.91912493569e-07, 1.15265413569e-06, 4.19870701762e-07, 3.70446315401e-07, 1.07814707917e-06, 5.05334583067e-07, 2.23319304382e-07, 4.30190652878e-07, 1.88502110632e-06, 1.10853491719e-07, 7.01999454122e-08, 4.39603908831e-08, 1.9102289528e-08, 2.83807959772e-11],
        "max": [0.00741224084049, 0.301808893681, 0.127177774906, 0.00746845360845, 0.0289816390723, 0.00860870163888, 0.0103399120271, 0.0201373640448, 0.039986923337, 0.0238099303097, 0.0237636882812, 0.00912801455706, 0.0140138864517, 0.00934033747762, 0.0156966913491, 0.0106860296801, 0.00746277999133, 0.0100883413106, 0.00522101856768, 0.00461017433554, 0.00425082305446, 0.00749990157783, 0.00299874693155, 0.00339909340255, 0.00170618935954, 0.000789435114712, 3.39315192832e-05],
        "mean": [0.000454336055554, 0.03549021855, 0.0093351425603, 0.000714170339052, 0.00378758274019, 0.000739971699659, 0.000502124370541, 0.000504150055349, 0.000766615266912, 0.000630134891253, 0.000404978200095, 0.000263647350948, 0.0002645640634, 0.000272399542155, 0.000348393950844, 0.000233201004448, 0.000248940603342, 0.000394936680095, 0.000221880152822, 0.000211654012674, 0.000206067517865, 0.000310607661959, 0.000138451854582, 0.000102033933217, 8.85142944753e-05, 4.44123725174e-05, 8.28867086966e-07],
        "median": [0.000228082324611, 0.0125593673438, 0.0021568229422, 0.000383256119676, 0.00169674877543, 0.000394263566704, 0.000215822379687, 0.00014672751422, 0.000107642408693, 0.000166170444572, 5.96250611125e-05, 5.00625392306e-05, 4.66452365799e-05, 5.17202570336e-05, 3.90325258195e-05, 3.12644879159e-05, 5.01246540807e-05, 7.22240438336e-05, 4.80167400383e-05, 4.40584153694e-05, 5.14966486662e-05, 5.64309084439e-05, 3.84639170079e-05, 3.08441558445e-05, 2.12981703953e-05, 5.61280148759e-06, 2.95999686983e-08],
        "min": [1.8893876047e-11, 2.56226218021e-09, 2.10778150489e-09, 6.50375198141e-10, 9.53061851661e-10, 4.29574049943e-11, 2.53800286343e-10, 3.63110735924e-10, 1.22245491507e-10, 7.09820313638e-10, 3.84648667084e-11, 1.99007268997e-11, 1.78151209063e-11, 2.79906271772e-11, 1.30785998351e-11, 2.52660670164e-11, 1.67144388608e-11, 6.34122962473e-11, 9.20124948456e-11, 6.45808614919e-11, 4.41727800171e-11, 2.61903606441e-11, 1.42973280784e-11, 9.7405382371e-12, 7.07916451154e-12, 1.05217839649e-11, 1.28896546214e-11],
        "var": [4.91869343477e-07, 0.00241839047521, 0.000294579629553, 9.14869929147e-07, 2.56590647041e-05, 1.06347340534e-06, 6.70811061809e-07, 1.16690773666e-06, 8.99037513591e-06, 3.60096419172e-06, 1.57596866757e-06, 4.98174244967e-07, 8.3237648596e-07, 5.01328258906e-07, 1.0520863043e-06, 8.48923832564e-07, 3.8997004026e-07, 8.81179801127e-07, 2.05832222377e-07, 2.56679555832e-07, 1.62574835372e-07, 5.31714874796e-07, 7.24212299019e-08, 3.90363830149e-08, 2.97316837816e-08, 1.03067980817e-08, 8.41757306219e-12]
    },
    "erbbands": {
        "dmean": [0.367032706738, 5.44931077957, 11.5478935242, 3.11748957634, 3.86392569542, 9.50045108795, 3.29795885086, 3.28056359291, 5.01349544525, 4.27051925659, 7.91900062561, 10.2099113464, 7.41374731064, 17.2154502869, 11.8643493652, 8.98314857483, 6.98018217087, 7.56322574615, 11.0430040359, 11.192483902, 7.71465349197, 9.04195690155, 16.6301460266, 9.9905872345, 9.22048950195, 7.43920230865, 7.74012088776, 7.18637514114, 12.1477909088, 6.4738483429, 3.07563304901, 2.07317948341, 1.09282565117, 0.841385602951, 0.461982339621, 0.204452633858, 0.0800940096378, 0.00929359253496, 0.000196860186406, 3.67012798961e-05],
        "dmean2": [0.501898765564, 8.20606136322, 17.6041355133, 5.03542137146, 5.89327764511, 14.7054748535, 5.10882663727, 5.16670084, 7.63990736008, 6.71060848236, 11.8442144394, 14.2711315155, 10.9034729004, 27.5420722961, 20.210187912, 15.1130456924, 10.5076236725, 10.7880935669, 16.1174983978, 15.774766922, 9.75890731812, 13.4212474823, 24.9501514435, 15.276804924, 14.4753475189, 11.3873271942, 12.3616752625, 11.3327245712, 20.7395439148, 10.2815179825, 4.91181278229, 3.17724990845, 1.65410399437, 1.22567784786, 0.69514721632, 0.314748078585, 0.12032019347, 0.0147661920637, 0.000307237991365, 5.23756243638e-05],
        "dvar": [0.398854017258, 93.8293762207, 466.295410156, 31.5592708588, 28.0334835052, 267.569824219, 40.8225402832, 31.5939350128, 99.3553314209, 116.235389709, 553.344360352, 1834.06555176, 638.176818848, 2256.1394043, 1011.20422363, 652.688049316, 405.451477051, 285.586914062, 685.554382324, 1715.63452148, 562.10357666, 475.529205322, 1479.72705078, 541.66986084, 362.569824219, 247.792907715, 285.913879395, 230.251327515, 1010.50048828, 171.230453491, 40.1078224182, 24.7323894501, 5.06062364578, 3.07412385941, 1.00009357929, 0.209669813514, 0.0339141301811, 0.000584482622799, 2.32472203265e-07, 2.88650880975e-09],
        "dvar2": [0.728038311005, 210.321548462, 994.065246582, 80.1452178955, 59.6308898926, 589.500427246, 96.9775390625, 75.2501602173, 216.32723999, 296.587371826, 1239.65112305, 3171.15625, 1376.81811523, 4839.20751953, 2739.09887695, 1786.05187988, 628.15612793, 570.706176758, 1347.54736328, 3212.3371582, 854.908691406, 1052.53540039, 3221.765625, 1256.41955566, 930.727416992, 560.956481934, 740.496765137, 599.410461426, 2831.76635742, 437.75088501, 96.6245193481, 62.0171203613, 12.4296245575, 6.51839065552, 2.22004151344, 0.476930826902, 0.0727846026421, 0.00139371224213, 5.50198478777e-07, 5.77960435066e-09],
        "max": [7.43412923813, 75.2128753662, 176.899307251, 43.7071990967, 52.6857757568, 159.298904419, 114.3387146, 61.5565872192, 173.150436401, 173.833679199, 543.18170166, 1075.48840332, 485.385803223, 1392.36608887, 311.791717529, 450.802764893, 694.715087891, 351.855072021, 416.6746521, 1045.77648926, 730.821594238, 570.620300293, 510.387023926, 428.05645752, 238.68460083, 230.918884277, 186.678344727, 146.337677002, 317.40435791, 127.684875488, 74.2749099731, 101.639419556, 37.0958938599, 24.9213161469, 8.81655597687, 4.16422128677, 1.44963979721, 0.228537872434, 0.00431454600766, 0.000414528069086],
        "mean": [0.743496596813, 8.74242210388, 14.7595281601, 4.42422914505, 6.98387479782, 16.2217006683, 6.52114009857, 6.0674238205, 7.8587770462, 6.91103744507, 14.2919797897, 19.1984062195, 12.6278581619, 25.6123123169, 12.9723672867, 12.5616598129, 11.8460636139, 13.602388382, 17.1172142029, 16.1504878998, 14.0979099274, 14.9430961609, 22.5881385803, 12.9105424881, 11.06300354, 10.1190834045, 9.05857372284, 7.85664176941, 11.3309288025, 7.40751886368, 3.70552825928, 2.59316062927, 1.39770531654, 1.09258019924, 0.569728970528, 0.231755957007, 0.0828288123012, 0.00857567135245, 0.000206534125027, 7.17783113942e-05],
        "median": [0.260821551085, 2.99578690529, 4.16357469559, 1.95417106152, 4.22898674011, 5.48483085632, 3.48308300972, 3.01954722404, 3.53608632088, 3.49668455124, 3.82552218437, 2.67534089088, 3.92494082451, 6.16565656662, 2.73498034477, 2.49306488037, 2.69510197639, 3.04733395576, 2.49081301689, 2.06267356873, 1.97357988358, 2.98364281654, 4.48267602921, 2.92525649071, 2.5312743187, 1.94200074673, 1.79070460796, 2.13181710243, 1.97214138508, 1.70749044418, 1.02822875977, 0.758339107037, 0.415589004755, 0.286941885948, 0.119762063026, 0.0356032885611, 0.00755372643471, 0.000694528513122, 4.77945977764e-05, 4.41198608314e-05],
        "min": [2.84015957419e-08, 7.37638458759e-07, 2.58671093434e-06, 2.35953689298e-06, 5.92950937062e-06, 2.04575621865e-06, 3.78228577347e-07, 4.25897155765e-07, 1.57247211519e-06, 9.63105685514e-06, 3.91285493606e-06, 3.89073056795e-06, 1.10736245915e-05, 1.62704145623e-05, 1.82771054824e-06, 8.22161212e-07, 1.04654213828e-06, 8.72088776305e-07, 2.01037664738e-06, 5.24646736721e-07, 1.74377589701e-06, 9.14289500997e-07, 2.51866345025e-06, 3.91984849557e-06, 5.70616066398e-06, 2.8079364256e-06, 1.13305907234e-06, 2.52674135481e-06, 8.17163254396e-07, 6.83015457525e-07, 4.31876799212e-07, 2.43310012138e-07, 1.59449811576e-07, 7.58149809599e-08, 5.41632445561e-08, 2.88964105977e-08, 2.30889902753e-08, 6.90770463052e-09, 2.06080974507e-09, 2.42099063019e-10],
        "var": [1.24170672894, 155.844451904, 661.556274414, 41.703037262, 65.2145614624, 622.567932129, 86.9847564697, 74.1533889771, 176.199676514, 146.757751465, 1115.54724121, 6578.96728516, 1041.18200684, 6147.77636719, 920.078186035, 1196.31921387, 1541.07409668, 1278.93823242, 1791.69641113, 3644.31665039, 3132.8215332, 1284.19958496, 2678.91040039, 816.33013916, 461.083435059, 610.590148926, 389.82333374, 226.014068604, 758.521789551, 208.955291748, 53.388381958, 31.0402202606, 6.82237529755, 4.58119726181, 1.36492025852, 0.262533664703, 0.0399909391999, 0.000539825705346, 2.22466638888e-07, 5.64609647924e-09]
    },
    "gfcc": {
        "mean": [-22.4816131592, 92.0300064087, -85.5003967285, 55.2074165344, -51.8895378113, 27.219701767, -27.5744991302, 15.6645870209, -20.6164131165, 2.54125595093, -14.0319280624, 3.96747469902, -8.87939834595],
        "cov": [[9701.61523438, -847.690307617, -746.268432617, 107.955848694, 0.701469659805, 256.896118164, -212.987106323, 43.2475318909, -123.940254211, -6.45644903183, -191.244155884, 102.692337036, -96.5302963257], [-847.690307617, 1167.58447266, 36.5019493103, -128.153701782, 128.839172363, -89.0015182495, 111.445289612, -116.313552856, 229.087478638, -97.9648590088, 144.859527588, -119.606185913, 79.8673629761], [-746.268432617, 36.5019493103, 791.731689453, -61.2088737488, 143.777832031, 41.8099822998, 38.2894859314, 73.5690689087, -37.963180542, 103.240249634, 27.1989097595, 52.3764343262, -41.8168945312], [107.955848694, -128.153701782, -61.2088737488, 366.71673584, 44.113899231, -12.5856256485, 32.7534332275, 4.01265382767, 75.9572067261, -18.78125, 22.9046115875, -8.19214820862, 66.1522445679], [0.701469659805, 128.839172363, 143.777832031, 44.113899231, 241.462799072, 53.1176300049, 62.9251594543, 41.8838310242, 51.8928337097, 23.1081428528, 38.7136993408, -11.4398078918, 11.4601049423], [256.896118164, -89.0015182495, 41.8099822998, -12.5856256485, 53.1176300049, 170.758239746, 84.5048141479, 41.1308250427, -15.5674190521, 32.3368492126, 23.9098777771, -8.1812953949, -25.6294288635], [-212.987106323, 111.445289612, 38.2894859314, 32.7534332275, 62.9251594543, 84.5048141479, 249.429611206, 17.4337425232, 11.7402191162, 10.4504337311, 31.639585495, -29.8409404755, 12.1215829849], [43.2475318909, -116.313552856, 73.5690689087, 4.01265382767, 41.8838310242, 41.1308250427, 17.4337425232, 131.075881958, 25.7460689545, 27.5889072418, -8.39910697937, 2.29079651833, -18.6891288757], [-123.940254211, 229.087478638, -37.963180542, 75.9572067261, 51.8928337097, -15.5674190521, 11.7402191162, 25.7460689545, 210.678192139, -13.4153871536, 47.1196632385, -40.4171714783, 26.6094722748], [-6.45644903183, -97.9648590088, 103.240249634, -18.78125, 23.1081428528, 32.3368492126, 10.4504337311, 27.5889072418, -13.4153871536, 102.887870789, 10.3542118073, 3.97819066048, -20.0158748627], [-191.244155884, 144.859527588, 27.1989097595, 22.9046115875, 38.7136993408, 23.9098777771, 31.639585495, -8.39910697937, 47.1196632385, 10.3542118073, 96.3745117188, -3.98146033287, 12.9782886505], [102.692337036, -119.606185913, 52.3764343262, -8.19214820862, -11.4398078918, -8.1812953949, -29.8409404755, 2.29079651833, -40.4171714783, 3.97819066048, -3.98146033287, 92.3704681396, 3.72136116028], [-96.5302963257, 79.8673629761, -41.8168945312, 66.1522445679, 11.4601049423, -25.6294288635, 12.1215829849, -18.6891288757, 26.6094722748, -20.0158748627, 12.9782886505, 3.72136116028, 89.8439483643]],
        "icov": [[0.000141436801641, -7.31409527361e-05, 0.000194748368813, -0.000137960159918, -0.000103398255305, -0.000384276645491, 0.000206163851544, -1.50436771946e-05, 5.53861536901e-05, -0.00013612039038, 0.000384881772334, -0.000315548095386, 0.000192572042579], [-7.31409527361e-05, 0.00430628797039, -0.000981563120149, 0.0035629265476, -0.00165273761377, 0.00291237747297, -0.00190836598631, 0.00329900323413, -0.00348828802817, 0.00382412248291, -0.00451320409775, 0.0041054142639, -0.00263459119014], [0.000194748368813, -0.000981563120149, 0.00224600662477, -0.00068204611307, -0.000822866568342, -0.000569264870137, 0.000416258873884, -0.00124454521574, 0.00115383032244, -0.00224740896374, 0.00101940066088, -0.0022176716011, 0.00135907763615], [-0.000137960159918, 0.0035629265476, -0.00068204611307, 0.00637099612504, -0.00170156406239, 0.00271830637939, -0.00196740147658, 0.00246620131657, -0.00368799548596, 0.00324379862286, -0.0039093233645, 0.00330363051035, -0.00431016553193], [-0.000103398255305, -0.00165273761377, -0.000822866568342, -0.00170156406239, 0.00655879639089, -0.0020254405681, 6.69307992212e-05, -0.00214442540891, 0.000358237477485, -0.00132667284925, 0.000522260204889, -0.000761819537729, -8.707222878e-05], [-0.000384276645491, 0.00291237747297, -0.000569264870137, 0.00271830637939, -0.0020254405681, 0.0117104370147, -0.00419625872746, -9.77627569227e-05, -0.000773658859544, 0.00143783900421, -0.00599810155109, 0.00353046692908, 0.000146139544086], [0.000206163851544, -0.00190836598631, 0.000416258873884, -0.00196740147658, 6.69307992212e-05, -0.00419625872746, 0.00646055117249, -0.00146755378228, 0.00195309438277, -0.0014139454579, 0.00156471249647, -0.000370663416106, 7.36572983442e-05], [-1.50436771946e-05, 0.00329900323413, -0.00124454521574, 0.00246620131657, -0.00214442540891, -9.77627569227e-05, -0.00146755378228, 0.0127071216702, -0.00509988097474, 0.00128311093431, -0.000247938296525, 0.00187219434883, -0.000502430542838], [5.53861536901e-05, -0.00348828802817, 0.00115383032244, -0.00368799548596, 0.000358237477485, -0.000773658859544, 0.00195309438277, -0.00509988097474, 0.0101034380496, -0.00221855728887, -3.27381858369e-05, -0.000366105086869, 0.0013554453617], [-0.00013612039038, 0.00382412248291, -0.00224740896374, 0.00324379862286, -0.00132667284925, 0.00143783900421, -0.0014139454579, 0.00128311093431, -0.00221855728887, 0.0157398320735, -0.00567847955972, 0.00429189391434, -0.00113692530431], [0.000384881772334, -0.00451320409775, 0.00101940066088, -0.0039093233645, 0.000522260204889, -0.00599810155109, 0.00156471249647, -0.000247938296525, -3.27381858369e-05, -0.00567847955972, 0.0194193292409, -0.00616209348664, 0.00193278072402], [-0.000315548095386, 0.0041054142639, -0.0022176716011, 0.00330363051035, -0.000761819537729, 0.00353046692908, -0.000370663416106, 0.00187219434883, -0.000366105086869, 0.00429189391434, -0.00616209348664, 0.0176735054702, -0.00468677515164], [0.000192572042579, -0.00263459119014, 0.00135907763615, -0.00431016553193, -8.707222878e-05, 0.000146139544086, 7.36572983442e-05, -0.000502430542838, 0.0013554453617, -0.00113692530431, 0.00193278072402, -0.00468677515164, 0.0166840367019]]
    },
    "melbands": {
        "dmean": [0.00456161750481, 0.00655454210937, 0.000566732662264, 0.000528298318386, 0.000165799181559, 7.53363929107e-05, 7.43987620808e-05, 4.93307379656e-05, 7.01006138115e-05, 5.97672842559e-05, 3.71282876586e-05, 6.94591944921e-05, 4.70468039566e-05, 2.22836515604e-05, 2.12014583667e-05, 1.40306847243e-05, 1.49397674249e-05, 1.83005904546e-05, 1.62211053976e-05, 1.13277174023e-05, 9.86484337773e-06, 8.57135000842e-06, 1.51830163304e-05, 1.41840109791e-05, 7.52823643779e-06, 8.01604073786e-06, 5.78060462431e-06, 4.83197982248e-06, 4.47986076324e-06, 5.19856803294e-06, 3.88496937376e-06, 6.36890717942e-06, 7.52295682105e-06, 2.36190635405e-06, 1.91529056792e-06, 1.47092021052e-06, 1.23108361549e-06, 8.53908886711e-07, 5.56517932182e-07, 8.21273943075e-07],
        "dmean2": [0.00650310050696, 0.00995311234146, 0.000905643159058, 0.000801478861831, 0.00025834684493, 0.000118072151963, 0.000112363391963, 7.86580130807e-05, 0.000103869613667, 8.40496068122e-05, 5.45290386071e-05, 0.00011018243822, 7.94865918579e-05, 3.72099020751e-05, 3.47172644979e-05, 2.09939898923e-05, 2.13497714867e-05, 2.66101778834e-05, 2.4411105187e-05, 1.5960622477e-05, 1.28970086735e-05, 1.28306692204e-05, 2.28339795285e-05, 2.18270997721e-05, 1.15812899821e-05, 1.30740118038e-05, 9.10391008802e-06, 7.49447553972e-06, 7.01679846316e-06, 8.55091093399e-06, 6.18083322479e-06, 1.08407284642e-05, 1.28665969896e-05, 3.54825306204e-06, 3.07170535052e-06, 2.35011225413e-06, 1.87371279026e-06, 1.30604280457e-06, 8.49232833389e-07, 1.1974092331e-06],
        "dvar": [6.03031439823e-05, 0.000141524389619, 9.35411890168e-07, 7.10926997272e-07, 8.22593264616e-08, 1.68755569518e-08, 1.98244549665e-08, 1.70566600843e-08, 4.43814514028e-08, 5.66091706844e-08, 1.70152691936e-08, 3.60641934094e-08, 1.60716471242e-08, 2.88658674741e-09, 4.37699787526e-09, 1.32684974119e-09, 1.27649246728e-09, 1.98183180977e-09, 2.56122434372e-09, 1.71366942858e-09, 1.119070836e-09, 5.30070265459e-10, 1.17760223795e-09, 1.22840171368e-09, 3.24334697988e-10, 3.63891389243e-10, 1.29632041213e-10, 1.23668242313e-10, 8.73565594861e-11, 1.50731510606e-10, 6.63547758406e-11, 2.73426586928e-10, 3.93980847946e-10, 1.94239312135e-11, 1.53348011372e-11, 1.77787697758e-11, 6.93813973288e-12, 3.26762119966e-12, 1.27389060672e-12, 3.26227478191e-12],
        "dvar2": [0.000125865277369, 0.000297964579659, 2.32887350649e-06, 1.41015470945e-06, 1.98846876742e-07, 3.96682331427e-08, 4.25453379194e-08, 4.56181616926e-08, 9.1322760909e-08, 1.00080839616e-07, 3.51621558536e-08, 7.53508118123e-08, 4.11410496781e-08, 7.72718689035e-09, 1.06279944845e-08, 2.43809261669e-09, 2.54586773885e-09, 3.85489906662e-09, 5.32762056693e-09, 2.98060887083e-09, 1.84407378256e-09, 1.23893362236e-09, 2.55918419789e-09, 2.49643505867e-09, 7.58100970888e-10, 9.62797508386e-10, 3.16610876405e-10, 2.72000061363e-10, 2.15102921586e-10, 4.06681688325e-10, 1.68227792807e-10, 7.64847629675e-10, 1.10433673317e-09, 4.28734756031e-11, 3.63713711926e-11, 4.62000819546e-11, 1.67455684735e-11, 8.16784313795e-12, 2.95020648536e-12, 6.75650247556e-12],
        "max": [0.0789484530687, 0.0888479351997, 0.00780587829649, 0.00780833000317, 0.00425878399983, 0.00148423679639, 0.00249385135248, 0.00219471659511, 0.00422591716051, 0.00599308311939, 0.00236259866506, 0.00539890211076, 0.00177015399095, 0.0011235907441, 0.00130582915153, 0.000874448625837, 0.000663910002913, 0.000635625212453, 0.00113021372817, 0.000800952780992, 0.00104872975498, 0.000600948056672, 0.000490123522468, 0.000691484543495, 0.000351979979314, 0.000232517253608, 0.000107369000034, 0.000212932660361, 0.00012653110025, 0.0001532616443, 7.62447816669e-05, 0.000183460200788, 0.000187753103091, 6.91235618433e-05, 3.97380281356e-05, 8.28641350381e-05, 5.23697053723e-05, 3.13717755489e-05, 1.49116613102e-05, 2.43866234086e-05],
        "mean": [0.00849858112633, 0.00952068530023, 0.000840934342705, 0.000949061475694, 0.000311294163112, 0.000139316995046, 0.000117022653285, 7.77806199039e-05, 0.00013030138507, 0.000109256128781, 6.11415234744e-05, 0.000105793369585, 4.94079104101e-05, 3.00621850329e-05, 2.96578164125e-05, 2.51629444392e-05, 2.49818494922e-05, 2.79138275801e-05, 2.24221730605e-05, 1.6280946511e-05, 1.75532186404e-05, 1.36086109706e-05, 2.10310718103e-05, 1.82959938684e-05, 9.41840153246e-06, 8.56104998093e-06, 7.26300822862e-06, 6.60749901726e-06, 5.52021492695e-06, 5.41074996363e-06, 4.17445198764e-06, 5.97147163717e-06, 6.86151634e-06, 3.14777344101e-06, 2.25574854085e-06, 1.64363655131e-06, 1.58218961133e-06, 1.05388437532e-06, 6.89543753651e-07, 1.04325442862e-06],
        "median": [0.00303281238303, 0.00345048378222, 0.000430927146226, 0.000384024926461, 0.000143857687362, 6.86428465997e-05, 5.31520199729e-05, 3.90774839616e-05, 2.93039793178e-05, 1.49167508425e-05, 1.86596680578e-05, 2.60363103735e-05, 8.71117481438e-06, 6.24087897449e-06, 6.30576550975e-06, 4.54313794762e-06, 4.81284814668e-06, 3.7497457015e-06, 2.74323133453e-06, 2.35867651099e-06, 2.14105421037e-06, 2.70380769507e-06, 3.96152472604e-06, 3.03204706142e-06, 1.99077453544e-06, 1.7476299945e-06, 1.66506640653e-06, 1.11644897061e-06, 9.46051557094e-07, 1.26405120682e-06, 1.05913227344e-06, 1.0489379747e-06, 1.09698100914e-06, 8.04548562883e-07, 5.75441220008e-07, 4.01874672207e-07, 4.43046701548e-07, 2.90686244853e-07, 1.80127329941e-07, 2.41054777916e-07],
        "min": [4.93485807773e-10, 1.27307753228e-09, 4.5551204475e-10, 3.07322306492e-10, 1.50560813816e-11, 8.72586985307e-12, 3.02975838862e-11, 1.08381477404e-10, 2.32754648888e-11, 2.15831675449e-11, 6.50848680506e-11, 7.3575846804e-11, 4.86889608492e-12, 2.34596348424e-12, 1.92651667189e-12, 1.90857095753e-12, 1.44040443635e-12, 3.79639982645e-12, 5.85567401859e-13, 9.9079544482e-13, 2.21507100856e-12, 8.02602179596e-13, 1.28657794054e-12, 2.33581600242e-12, 2.97037481417e-12, 3.15765946377e-12, 3.64032155115e-12, 1.51417409427e-12, 7.56447530482e-13, 7.56096248979e-13, 1.65226859972e-12, 4.43420175794e-13, 3.99202237022e-13, 3.10904026048e-13, 2.26030186321e-13, 2.4166497796e-13, 1.25314377473e-13, 1.46396715822e-13, 5.93417662557e-14, 5.96024558918e-14],
        "var": [0.000141296826769, 0.000213365492527, 1.27207670175e-06, 1.80620668289e-06, 1.84687337423e-07, 3.97958288545e-08, 3.62083092398e-08, 1.85030604172e-08, 1.25011908381e-07, 1.95641391088e-07, 2.87052532855e-08, 1.08578220193e-07, 1.73037317808e-08, 6.15695183726e-09, 7.78339348528e-09, 5.89397819439e-09, 4.36444969054e-09, 5.12033260236e-09, 4.8727764046e-09, 3.50517570524e-09, 6.34381436271e-09, 1.31523081315e-09, 2.17564144478e-09, 2.33456098897e-09, 4.83314333e-10, 3.46725731459e-10, 2.10414768942e-10, 3.39339500943e-10, 1.83360535089e-10, 1.31063090936e-10, 6.70784330858e-11, 2.08327716189e-10, 2.93140428598e-10, 3.73674077792e-11, 1.99788744576e-11, 1.91877486122e-11, 9.81624850849e-12, 4.26261413319e-12, 1.69296195986e-12, 4.91618898368e-12]
    },
    "mfcc": {
        "mean": [-670.607666016, 114.469985962, 29.0937347412, 36.8839416504, 10.7588996887, 15.983458519, 8.3859872818, 14.9698266983, 5.21827173233, 2.25478076935, 5.90056562424, 0.30219244957, -0.769359707832],
        "cov": [[8766.29589844, -541.298706055, -817.998657227, -15.762137413, -96.4999313354, 121.73613739, -147.531051636, 144.660568237, -57.5205955505, -18.7331085205, -11.0680341721, -156.340164185, -88.9551239014], [-541.298706055, 1164.47229004, 94.2769317627, -87.536491394, 56.2032051086, 13.5476703644, -12.9372463226, 3.19511151314, -7.32537651062, 29.6162223816, 102.309013367, 6.72670221329, 5.59061717987], [-817.998657227, 94.2769317627, 476.165527344, 22.4511260986, 66.8832626343, -5.15986347198, 72.8220367432, -13.0821752548, 20.2579841614, -12.1519422531, 19.6726703644, 67.9604873657, 27.1161117554], [-15.762137413, -87.536491394, 22.4511260986, 289.836456299, 52.9146614075, 32.7121887207, -16.700553894, 18.7945384979, 48.4038619995, 17.9836807251, -33.8347930908, 4.704641819, 38.3977508545], [-96.4999313354, 56.2032051086, 66.8832626343, 52.9146614075, 233.104049683, -9.56980133057, -20.0176029205, 12.8446493149, 36.4764442444, 6.6200799942, 31.4564361572, 49.4071044922, 21.6316890717], [121.73613739, 13.5476703644, -5.15986347198, 32.7121887207, -9.56980133057, 143.569641113, 82.0011672974, 18.2462024689, 12.1136207581, 29.0549526215, 30.8030223846, -2.78507208824, 3.63779783249], [-147.531051636, -12.9372463226, 72.8220367432, -16.700553894, -20.0176029205, 82.0011672974, 250.315551758, 25.4983768463, 26.9226284027, 13.5396366119, 21.0955791473, 25.3874073029, 8.88785266876], [144.660568237, 3.19511151314, -13.0821752548, 18.7945384979, 12.8446493149, 18.2462024689, 25.4983768463, 117.193969727, 38.5384140015, 4.07547044754, 28.1699886322, 25.6902580261, 11.1104440689], [-57.5205955505, -7.32537651062, 20.2579841614, 48.4038619995, 36.4764442444, 12.1136207581, 26.9226284027, 38.5384140015, 111.260070801, 33.8646659851, 3.56704974174, 26.1107139587, 23.1816310883], [-18.7331085205, 29.6162223816, -12.1519422531, 17.9836807251, 6.6200799942, 29.0549526215, 13.5396366119, 4.07547044754, 33.8646659851, 132.509887695, 43.2595481873, 6.38563776016, 1.28392708302], [-11.0680341721, 102.309013367, 19.6726703644, -33.8347930908, 31.4564361572, 30.8030223846, 21.0955791473, 28.1699886322, 3.56704974174, 43.2595481873, 112.77973938, 32.5299453735, -0.0559983812273], [-156.340164185, 6.72670221329, 67.9604873657, 4.704641819, 49.4071044922, -2.78507208824, 25.3874073029, 25.6902580261, 26.1107139587, 6.38563776016, 32.5299453735, 93.7969436646, 26.0647277832], [-88.9551239014, 5.59061717987, 27.1161117554, 38.3977508545, 21.6316890717, 3.63779783249, 8.88785266876, 11.1104440689, 23.1816310883, 1.28392708302, -0.0559983812273, 26.0647277832, 71.378578186]],
