{
"lowlevel": {
    "average_loudness": 0.963764190674,
    "barkbands_crest": {
        "dmean": 2.78162741661,
        "dmean2": 4.45422363281,
        "dvar": 5.99531555176,
        "dvar2": 15.6442451477,
        "max": 22.960931778,
        "mean": 9.59090423584,
        "median": 8.92439842224,
        "min": 2.70390987396,
        "var": 12.5071430206
    },
    "barkbands_flatness_db": {
        "dmean": 0.0230011213571,
        "dmean2": 0.0363807715476,
        "dvar": 0.000484227988636,
        "dvar2": 0.00124800694175,
        "max": 0.282935261726,
        "mean": 0.152229636908,
        "median": 0.150284305215,
        "min": 0.0431765951216,
        "var": 0.00112101889681
    },
    "barkbands_kurtosis": {
        "dmean": 3.51886510849,
        "dmean2": 5.58439302444,
        "dvar": 20.4947834015,
        "dvar2": 50.2830924988,
        "max": 50.1032829285,
        "mean": 5.09511756897,
        "median": 3.14207410812,
        "min": -1.91223156452,
        "var": 43.1946029663
    },
    "barkbands_skewness": {
        "dmean": 0.665273308754,
        "dmean2": 1.01314175129,
        "dvar": 0.451767414808,
        "dvar2": 1.07072544098,
        "max": 6.35485124588,
        "mean": 1.98989295959,
        "median": 1.95887744427,
        "min": -6.40833044052,
        "var": 1.3733972311
    },
    "barkbands_spread": {
        "dmean": 8.7186088562,
        "dmean2": 13.4554271698,
        "dvar": 88.814414978,
        "dvar2": 202.421081543,
        "max": 98.6024169922,
        "mean": 28.3000984192,
        "median": 25.3074359894,
        "min": 3.7296872139,
        "var": 245.639953613
    },
    "dissonance": {
        "dmean": 0.0150527935475,
        "dmean2": 0.0249313414097,
        "dvar": 0.000198397945496,
        "dvar2": 0.000519862223882,
        "max": 0.499997586012,
        "mean": 0.466999948025,
        "median": 0.471222728491,
        "min": 0.335510313511,
        "var": 0.000418697833084
    },
    "dynamic_complexity": 2.12368869781,
    "erbbands_crest": {
        "dmean": 2.57580280304,
        "dmean2": 4.19414281845,
        "dvar": 6.23128080368,
        "dvar2": 15.2725343704,
        "max": 26.7656135559,
        "mean": 7.87900161743,
        "median": 6.93751621246,
        "min": 2.55408501625,
        "var": 13.3791027069
    },
    "erbbands_flatness_db": {
        "dmean": 0.0135986022651,
        "dmean2": 0.0206323619932,
        "dvar": 0.000163518227055,
        "dvar2": 0.000373763527023,
        "max": 0.292483150959,
        "mean": 0.147841945291,
        "median": 0.143507450819,
        "min": 0.096303626895,
        "var": 0.000642859842628
    },
    "erbbands_kurtosis": {
        "dmean": 0.690782666206,
        "dmean2": 1.10113310814,
        "dvar": 1.86740672588,
        "dvar2": 3.81733393669,
        "max": 38.4809265137,
        "mean": -0.414886921644,
        "median": -0.751499176025,
        "min": -1.82377779484,
        "var": 3.27050662041
    },
    "erbbands_skewness": {
        "dmean": 0.383100062609,
        "dmean2": 0.580355525017,
        "dvar": 0.137990400195,
        "dvar2": 0.311669111252,
        "max": 2.98025965691,
        "mean": 0.212039276958,
        "median": 0.241871625185,
        "min": -5.74574947357,
        "var": 0.549635887146
    },
    "erbbands_spread": {
        "dmean": 12.9014148712,
        "dmean2": 19.8136081696,
        "dvar": 151.6537323,
        "dvar2": 318.593078613,
        "max": 151.990478516,
        "mean": 66.864151001,
        "median": 66.0438690186,
        "min": 6.48042201996,
        "var": 581.915527344
    },
    "hfc": {
        "dmean": 7.54640054703,
        "dmean2": 10.3700227737,
        "dvar": 100.950187683,
        "dvar2": 215.231018066,
        "max": 153.818511963,
        "mean": 19.9356117249,
        "median": 15.0756206512,
        "min": 0.000279042404145,
        "var": 268.199737549
    },
    "melbands_crest": {
        "dmean": 3.69077277184,
        "dmean2": 5.94766616821,
        "dvar": 12.8705568314,
        "dvar2": 30.124666214,
        "max": 32.5268859863,
        "mean": 13.5663127899,
        "median": 12.4963989258,
        "min": 4.20842552185,
        "var": 25.2353420258
    },
    "melbands_flatness_db": {
        "dmean": 0.0286934357136,
        "dmean2": 0.0435491800308,
        "dvar": 0.000742507691029,
        "dvar2": 0.00180274061859,
        "max": 0.348872154951,
        "mean": 0.181606277823,
        "median": 0.180618181825,
        "min": 0.0353965051472,
        "var": 0.00218122126535
    },
    "melbands_kurtosis": {
        "dmean": 13.4432115555,
        "dmean2": 21.6489620209,
        "dvar": 348.296783447,
        "dvar2": 892.770812988,
        "max": 193.319229126,
        "mean": 26.0069599152,
        "median": 19.8308010101,
        "min": -1.95015454292,
        "var": 602.212097168
    },
    "melbands_skewness": {
        "dmean": 1.09479212761,
        "dmean2": 1.69452261925,
        "dvar": 1.3990906477,
        "dvar2": 3.36895895004,
        "max": 11.45540905,
        "mean": 4.01581192017,
        "median": 3.9021730423,
        "min": -2.57017111778,
        "var": 3.4950003624
    },
    "melbands_spread": {
        "dmean": 9.53094005585,
        "dmean2": 14.5448999405,
        "dvar": 207.039001465,
        "dvar2": 435.614196777,
        "max": 288.713226318,
        "mean": 23.9409294128,
        "median": 18.283159256,
        "min": 2.47600531578,
        "var": 452.61517334
    },
    "pitch_salience": {
        "dmean": 0.07767919451,
        "dmean2": 0.127091422677,
        "dvar": 0.00520631624386,
        "dvar2": 0.0136924115941,
        "max": 0.811096668243,
        "mean": 0.598899960518,
        "median": 0.613203525543,
        "min": 0.12357955426,
        "var": 0.0108780665323
    },
    "silence_rate_20dB": {
        "dmean": 0,
        "dmean2": 0,
        "dvar": 0,
        "dvar2": 0,
        "max": 1,
        "mean": 1,
        "median": 1,
        "min": 1,
        "var": 0
    },
    "silence_rate_30dB": {
        "dmean": 0.017041053623,
        "dmean2": 0.0340953134,
        "dvar": 0.0167503748089,
        "dvar2": 0.0437806174159,
        "max": 1,
        "mean": 0.987611293793,
        "median": 1,
        "min": 0,
        "var": 0.0122349150479
    },
    "silence_rate_60dB": {
        "dmean": 0.020139425993,
        "dmean2": 0.0402944609523,
        "dvar": 0.019733518362,
        "dvar2": 0.0448708310723,
        "max": 1,
        "mean": 0.0367789380252,
        "median": 0,
        "min": 0,
        "var": 0.0354260355234
    },
    "spectral_centroid": {
        "dmean": 352.785705566,
        "dmean2": 548.936218262,
        "dvar": 129811.171875,
        "dvar2": 309782.71875,
        "max": 7015.11132812,
        "mean": 1377.34338379,
        "median": 1268.07189941,
        "min": 328.53326416,
        "var": 415143.53125
    },
    "spectral_complexity": {
        "dmean": 4.06661510468,
        "dmean2": 6.05346775055,
        "dvar": 21.4027938843,
        "dvar2": 44.4253730774,
        "max": 50,
        "mean": 15.5648469925,
        "median": 14,
        "min": 0,
        "var": 67.4776153564
    },
    "spectral_decrease": {
        "dmean": 3.59882612599e-09,
        "dmean2": 5.66334534824e-09,
        "dvar": 4.17869510109e-17,
        "dvar2": 1.05520942584e-16,
        "max": -1.21303778112e-13,
        "mean": -6.74711753135e-09,
        "median": -5.00301355899e-09,
        "min": -6.6494443729e-08,
        "var": 4.62733503515e-17
    },
    "spectral_energy": {
        "dmean": 0.0140747791156,
        "dmean2": 0.0220128558576,
        "dvar": 0.000625012035016,
        "dvar2": 0.00157086597756,
        "max": 0.259091317654,
        "mean": 0.0272734127939,
        "median": 0.0203565899283,
        "min": 4.83137171159e-07,
        "var": 0.000709593354259
    },
    "spectral_energyband_high": {
        "dmean": 0.000659176788758,
        "dmean2": 0.000911421317142,
        "dvar": 9.4095133818e-07,
        "dvar2": 1.89403806417e-06,
        "max": 0.0166514310986,
        "mean": 0.00143798091449,
        "median": 0.000835838669445,
        "min": 1.31878126197e-08,
        "var": 2.718132464e-06
    },
    "spectral_energyband_low": {
        "dmean": 0.00739055871964,
        "dmean2": 0.0120103824884,
        "dvar": 0.00018793050549,
        "dvar2": 0.000477513996884,
        "max": 0.10893817991,
        "mean": 0.010506208986,
        "median": 0.00550956837833,
        "min": 1.43745324976e-07,
        "var": 0.00020878817304
    },
    "spectral_energyband_middle_high": {
        "dmean": 0.00113587779924,
        "dmean2": 0.00160963158123,
        "dvar": 2.90636148748e-06,
        "dvar2": 5.64328729524e-06,
        "max": 0.0344929397106,
        "mean": 0.00298084202223,
        "median": 0.00173756829463,
        "min": 3.92771966062e-08,
        "var": 1.03578740891e-05
    },
    "spectral_energyband_middle_low": {
        "dmean": 0.00988882873207,
        "dmean2": 0.0161859877408,
        "dvar": 0.000446440302767,
        "dvar2": 0.00114736193791,
        "max": 0.238807365298,
        "mean": 0.0155343040824,
        "median": 0.0111768338829,
        "min": 2.944229891e-07,
        "var": 0.000419820979005
    },
    "spectral_entropy": {
        "dmean": 0.176556929946,
        "dmean2": 0.266865342855,
        "dvar": 0.0228520482779,
        "dvar2": 0.0537106655538,
        "max": 8.70174407959,
        "mean": 7.71142530441,
        "median": 7.71040487289,
        "min": 6.749127388,
        "var": 0.0844277814031
    },
    "spectral_flux": {
        "dmean": 0.0344038978219,
        "dmean2": 0.053765181452,
        "dvar": 0.00210727122612,
        "dvar2": 0.00424451008439,
        "max": 0.416398465633,
        "mean": 0.0908929035068,
        "median": 0.0743117183447,
        "min": 0.000695080670994,
        "var": 0.00369583908468
    },
    "spectral_kurtosis": {
        "dmean": 0.720468461514,
        "dmean2": 1.16354930401,
        "dvar": 0.49688577652,
        "dvar2": 1.19648849964,
        "max": 11.9123849869,
        "mean": 1.22566008568,
        "median": 1.05257797241,
        "min": -1.50256001949,
        "var": 1.47148549557
    },
    "spectral_rms": {
        "dmean": 0.00114366458729,
        "dmean2": 0.00168327544816,
        "dvar": 2.36623463934e-06,
        "dvar2": 5.49363858227e-06,
        "max": 0.0158988051116,
        "mean": 0.00472026411444,
        "median": 0.00445646606386,
        "min": 2.17106735363e-05,
        "var": 4.32733622802e-06
    },
    "spectral_rolloff": {
        "dmean": 803.975585938,
        "dmean2": 1339.61352539,
        "dvar": 1725474.125,
        "dvar2": 3555493.5,
        "max": 9926.80664062,
        "mean": 1609.23803711,
        "median": 882.861328125,
        "min": 107.666015625,
        "var": 3571696.5
    },
    "spectral_skewness": {
        "dmean": 0.165199756622,
        "dmean2": 0.252906113863,
        "dvar": 0.0244228206575,
        "dvar2": 0.0530014112592,
        "max": 2.59468579292,
        "mean": 1.00067698956,
        "median": 1.03864109516,
        "min": -0.656955659389,
        "var": 0.107776723802
    },
    "spectral_spread": {
        "dmean": 578559.375,
        "dmean2": 841825.375,
        "dvar": 365878345728,
        "dvar2": 687096659968,
        "max": 13396624,
        "mean": 5892842.5,
        "median": 5789231,
        "min": 2799091,
        "var": 1.62744631296e+12
    },
    "spectral_strongpeak": {
        "dmean": 0.444093227386,
        "dmean2": 0.766897976398,
        "dvar": 0.725275933743,
        "dvar2": 1.91604781151,
        "max": 18.5998687744,
        "mean": 0.652832150459,
        "median": 0.437092542648,
        "min": 0,
        "var": 0.685874164104
    },
    "zerocrossingrate": {
        "dmean": 0.0149046815932,
        "dmean2": 0.017467642203,
        "dvar": 0.00024684384698,
        "dvar2": 0.000292491633445,
        "max": 0.37548828125,
        "mean": 0.075359582901,
        "median": 0.068359375,
        "min": 0.01513671875,
        "var": 0.0014740312472
    },
    "barkbands": {
        "dmean": [0.000233996543102, 0.00263736629859, 0.00297385291196, 0.00611155480146, 0.00410601962358, 0.00107149663381, 0.000473838968901, 0.000286993396003, 0.000322702981066, 0.000275191501714, 0.000209112768061, 0.000280920095975, 0.000179293871042, 0.000152081236592, 0.00018674194871, 0.000111072018626, 0.00012792153575, 0.00012833692017, 0.000192745239474, 0.000173148364411, 0.000156985188369, 0.000140587915666, 0.000152465247083, 0.00020882464014, 6.16144170635e-05, 4.79722324087e-08, 1.04795783162e-09],
        "dmean2": [0.00030947936466, 0.00378108257428, 0.00533962063491, 0.0105202281848, 0.0069690537639, 0.001692154794, 0.000724446144886, 0.000442323100287, 0.000506364915054, 0.0004204151046, 0.000322940322803, 0.00042518923874, 0.000270721007837, 0.000230968740652, 0.000279359141132, 0.000173839143827, 0.000206050739507, 0.000205189789995, 0.000305634428514, 0.000269296986517, 0.000236329389736, 0.000210974947549, 0.00022163419635, 0.000293943216093, 9.27345317905e-05, 7.6588477782e-08, 1.92643079266e-09],
        "dvar": [2.4322841341e-07, 2.68014209723e-05, 5.34722857992e-05, 0.000262480432866, 6.59053621348e-05, 2.39889800469e-06, 8.02834676961e-07, 5.53051904717e-07, 1.03215120362e-06, 7.83377174685e-07, 3.19806417792e-07, 6.58876729176e-07, 2.06494135568e-07, 1.36061260037e-07, 2.26619292221e-07, 8.76531700555e-08, 6.41511732624e-08, 4.31673825574e-08, 9.51429370843e-08, 7.35646850103e-08, 6.81374743294e-08, 6.06306400641e-08, 7.0325903323e-08, 2.78069649085e-07, 8.90190055003e-09, 6.0071390272e-15, 2.19222073596e-18],
        "dvar2": [3.92613571876e-07, 5.29941644345e-05, 0.000152522829012, 0.000681300007273, 0.000197264496819, 6.10664301348e-06, 1.94894664673e-06, 1.21395203223e-06, 2.40771555582e-06, 1.65932669915e-06, 7.21590311059e-07, 1.54253700657e-06, 4.2573213932e-07, 2.87972738988e-07, 4.67500655077e-07, 2.08998898188e-07, 1.47173381038e-07, 1.07954754469e-07, 2.21726850214e-07, 1.79679176426e-07, 1.47948327367e-07, 1.41318110991e-07, 1.45006197272e-07, 5.094145763e-07, 1.97464604668e-08, 1.45658055658e-14, 6.67379988838e-18],
        "max": [0.00658002262935, 0.0604596026242, 0.0572599321604, 0.16146992147, 0.131561547518, 0.0169001612812, 0.0127068366855, 0.0159692540765, 0.0206295922399, 0.030840581283, 0.0112549103796, 0.0227496158332, 0.00954543333501, 0.00750514352694, 0.0102719217539, 0.00670463778079, 0.00712902192026, 0.0026665776968, 0.00449047796428, 0.00409503560513, 0.00261178705841, 0.00293948687613, 0.00484683038667, 0.0139453392476, 0.00207229750231, 1.24472046537e-06, 1.27591812671e-08],
        "mean": [0.000334937154548, 0.00410227151588, 0.00298153026961, 0.00565652688965, 0.00596871832386, 0.00202462263405, 0.000870251096785, 0.000447257596534, 0.000401677883929, 0.000397190393414, 0.000326525449054, 0.000466994970338, 0.000270031072432, 0.000225856507313, 0.00030386185972, 0.000167735677678, 0.000209386038478, 0.000217526219785, 0.000311427138513, 0.000297271035379, 0.000255152175669, 0.000241853122134, 0.000277033541352, 0.000407296407502, 0.000110426037281, 7.25150357539e-08, 8.60969129324e-10],
        "median": [8.22573783807e-05, 0.00181279249955, 0.00152600789443, 0.00179938320071, 0.0043144649826, 0.00124574743677, 0.00038863386726, 0.000181411029189, 9.97926254058e-05, 0.000138328439789, 0.000108323860331, 8.48839699756e-05, 7.74047657615e-05, 7.42490592529e-05, 9.68698805082e-05, 5.92547803535e-05, 9.52064947342e-05, 0.000114438327728, 0.000144737627124, 0.000155202986207, 0.000106256084109, 9.15000491659e-05, 0.000131543769385, 0.000186500110431, 6.42705126666e-05, 3.86603886682e-08, 3.31236288398e-10],
        "min": [4.40703873394e-09, 8.89497329126e-08, 4.35419167388e-08, 4.12231635494e-08, 1.22093396726e-07, 1.90787048382e-08, 6.5209121658e-08, 2.50137013325e-08, 1.98849878785e-08, 9.10861785997e-09, 1.02148520753e-08, 3.51656348485e-09, 1.18524556836e-09, 4.4155529233e-10, 7.13604564329e-10, 3.06957104179e-09, 4.81545070485e-09, 1.99721728045e-09, 2.922640574e-09, 3.00617997162e-09, 1.06770214892e-09, 1.69397629257e-09, 2.5063693343e-09, 6.78769085383e-09, 6.69164501588e-10, 7.39232113023e-12, 9.83867761567e-12],
        "var": [4.49022280691e-07, 4.75851811643e-05, 3.41664199368e-05, 0.000207347577089, 5.45031289221e-05, 5.17152284374e-06, 1.6272541643e-06, 8.93919491318e-07, 1.18216848932e-06, 1.02983756278e-06, 5.21017739175e-07, 1.54633119109e-06, 4.11521227761e-07, 2.23707729674e-07, 4.35146262134e-07, 1.62024832662e-07, 1.7121239182e-07, 8.07557754001e-08, 1.85514394957e-07, 1.24633913856e-07, 1.26670229861e-07, 1.27089606394e-07, 1.59245345799e-07, 7.51324193971e-07, 2.26003713522e-08, 1.19272801474e-14, 1.87948049676e-18]
    },
    "erbbands": {
        "dmean": [0.102254591882, 0.590186655521, 2.7192094326, 13.2360115051, 18.0361766815, 11.6150360107, 9.73908805847, 8.41222858429, 9.03827667236, 5.33405590057, 6.7589507103, 7.60854005814, 8.28856563568, 7.71021509171, 7.94248819351, 12.5424928665, 8.50984764099, 7.41998910904, 8.67757606506, 8.11772251129, 5.62976408005, 6.1427731514, 6.41743040085, 7.88068771362, 10.1714525223, 8.37132644653, 6.30732536316, 6.22181987762, 5.18121051788, 4.94377422333, 4.19238424301, 4.13574886322, 3.6657576561, 1.25989019871, 0.113782450557, 0.00481602037326, 0.000229588826187, 2.95104855468e-05, 1.1600202015e-05, 1.69181021192e-05],
        "dmean2": [0.137022688985, 0.915195524693, 4.85118055344, 22.7702140808, 30.4953727722, 19.7293701172, 16.2126598358, 13.4092664719, 13.6815595627, 8.32999229431, 10.2797412872, 11.8303575516, 12.9338388443, 11.7928524017, 11.4952554703, 19.2019367218, 12.5563783646, 11.1059417725, 12.9816627502, 12.347413063, 8.33473014832, 9.77170944214, 10.1219234467, 12.2355260849, 16.2519760132, 12.9194049835, 9.3687953949, 9.53650093079, 7.7636051178, 7.43399620056, 5.95838689804, 5.84975910187, 5.30264568329, 1.86745464802, 0.173887699842, 0.00731870811433, 0.00033760649967, 4.20458709414e-05, 1.66368718055e-05, 2.59115349763e-05],
        "dvar": [0.0450960285962, 1.59701955318, 45.6168746948, 999.958251953, 1847.15991211, 419.331420898, 269.621337891, 172.73210144, 316.202972412, 133.690765381, 322.084686279, 679.666625977, 956.429504395, 376.816619873, 367.704315186, 1402.06359863, 475.439727783, 298.502380371, 534.436218262, 423.183776855, 214.946456909, 145.534378052, 109.690818787, 159.957672119, 283.213409424, 171.30682373, 104.383522034, 128.921508789, 87.1315155029, 64.5151443481, 70.6224746704, 96.9007415771, 95.8125305176, 4.28866958618, 0.0322247222066, 5.78191829845e-05, 1.35438597226e-07, 2.49620701886e-09, 2.86935947225e-10, 8.00268240564e-10],
        "dvar2": [0.077452853322, 3.74255681038, 128.968841553, 2574.7277832, 5103.74853516, 1223.54602051, 749.771484375, 429.127990723, 781.763671875, 290.103607178, 698.965515137, 1598.41064453, 1997.78674316, 837.307556152, 711.053283691, 3455.43579102, 983.899475098, 582.877990723, 1107.94921875, 930.372619629, 441.356536865, 351.594421387, 269.657653809, 361.120025635, 686.134033203, 414.872528076, 226.141082764, 299.469146729, 200.516494751, 151.455505371, 137.987747192, 174.015731812, 194.694625854, 8.6525554657, 0.0801212266088, 0.000140258256579, 2.87865674409e-07, 4.83040585308e-09, 6.15761941436e-10, 1.96813654263e-09],
        "max": [2.44917345047, 15.6464538574, 58.3516464233, 307.172912598, 539.869445801, 364.673126221, 216.924880981, 153.556503296, 260.503417969, 272.188049316, 373.919281006, 619.304931641, 1068.86181641, 594.017578125, 342.409301758, 1126.37585449, 492.572479248, 372.647338867, 356.799163818, 355.730163574, 447.822967529, 320.64755249, 141.175354004, 201.270202637, 215.290817261, 172.078353882, 133.060745239, 131.708633423, 145.006866455, 97.5804214478, 215.698989868, 232.568267822, 256.207336426, 56.5756721497, 3.68558692932, 0.16981099546, 0.0095111168921, 0.00133959250525, 0.00033231326961, 0.000298522994854],
        "mean": [0.143964916468, 0.829854309559, 2.99166631699, 12.9415063858, 20.6275367737, 17.8701438904, 16.4462203979, 15.1435985565, 16.2959003448, 9.73077774048, 10.6377744675, 10.0007696152, 11.8193941116, 12.5588941574, 13.5783929825, 20.7944831848, 13.799577713, 12.5682821274, 14.2048683167, 13.3106184006, 10.2438249588, 10.4627656937, 11.5646886826, 13.7284269333, 16.6440029144, 14.4264116287, 10.8640041351, 9.85883331299, 8.71963882446, 8.45188426971, 7.77850389481, 7.87161302567, 6.86866426468, 2.4211370945, 0.192537024617, 0.00844269059598, 0.000454074965091, 6.27340996289e-05, 2.73967016255e-05, 3.60534322681e-05],
        "median": [0.0405685566366, 0.430732339621, 1.64249682426, 4.74130868912, 11.0941228867, 12.2828969955, 10.6757326126, 7.84529495239, 6.26585626602, 4.57107686996, 4.29976654053, 3.06821584702, 3.96022248268, 5.60378551483, 4.77417230606, 4.40891265869, 4.34451198578, 4.88899850845, 4.8505859375, 4.68232250214, 4.13231229782, 4.91199159622, 6.06132888794, 7.30788850784, 7.43064975739, 7.4189324379, 5.0209941864, 4.06990909576, 3.13749289513, 3.46200037003, 3.72144293785, 3.48080945015, 3.29565501213, 1.41952323914, 0.108881361783, 0.00489715579897, 0.000283373956336, 3.83965380024e-05, 1.97747103812e-05, 2.73893219855e-05],
        "min": [2.00667841455e-06, 2.17430715566e-05, 5.86936985201e-05, 7.42499978514e-05, 0.000415274786064, 0.000326121924445, 0.000161754040164, 0.000163868666277, 0.00067447219044, 0.00107659294736, 0.000418203970185, 0.000473875988973, 0.000251495745033, 0.000561969005503, 0.000231290861848, 0.00013164889242, 5.83954606554e-05, 2.87578986899e-05, 2.1344065317e-05, 9.55036812229e-05, 0.000248183700023, 0.000229782264796, 0.000137503739097, 8.25559473014e-05, 0.000195660104509, 0.000153172310092, 3.38918434863e-05, 6.51600639685e-05, 6.30823196843e-05, 2.01100410777e-05, 8.49178686622e-05, 9.74833528744e-05, 0.000134775371407, 2.27033851843e-05, 6.43046917048e-07, 5.93955462591e-08, 1.6367684097e-08, 5.67934188567e-09, 1.95954896753e-09, 7.47837070048e-10],
        "var": [0.0825472027063, 1.959207654, 30.2045078278, 807.792114258, 1468.87268066, 423.585510254, 345.647674561, 376.322021484, 650.198669434, 269.277160645, 511.90713501, 764.652709961, 1216.69091797, 613.126647949, 820.623718262, 2840.15673828, 966.65246582, 578.221679688, 1008.57037354, 734.044616699, 591.191223145, 368.677612305, 230.416427612, 317.977020264, 525.66192627, 308.277099609, 205.364624023, 210.528503418, 181.997116089, 125.936607361, 155.84286499, 246.071166992, 241.412307739, 12.7503223419, 0.0666458159685, 0.000128574989503, 3.88391271144e-07, 7.87215448383e-09, 7.02149338672e-10, 1.04050290606e-09]
    },
    "gfcc": {
        "mean": [-4.71857976913, 96.8159866333, -118.697647095, 73.0715103149, -83.0855560303, 27.5289783478, -48.5947952271, 0.615800857544, -23.4371604919, -15.6217832565, 3.40604162216, -18.1957473755, 4.95658826828],
        "cov": [[2666.44335938, 23.7334003448, 71.1072845459, 83.7610931396, 120.572631836, 153.169570923, -6.6347155571, -24.0311374664, -148.387283325, -8.55296897888, -97.798210144, -62.3762779236, -24.8336906433], [23.7334003448, 480.713317871, -11.3886823654, -41.1794586182, 113.119407654, -41.1346321106, 64.6016769409, -18.0280914307, 26.7165870667, -8.75926589966, 66.4515609741, -5.49098014832, 42.3711433411], [71.1072845459, -11.3886823654, 516.537536621, 191.457595825, -44.1567840576, 76.0526428223, -20.0239334106, -12.4336032867, -2.77125525475, -20.3646507263, -31.9987411499, 7.37629556656, -14.8155527115], [83.7610931396, -41.1794586182, 191.457595825, 287.968170166, 45.0352668762, -5.16679573059, 40.9942779541, -52.3678779602, 6.80781602859, -24.0159664154, -61.0482292175, 9.07536411285, -22.5428562164], [120.572631836, 113.119407654, -44.1567840576, 45.0352668762, 231.631698608, 54.7688980103, 8.66628742218, 38.7086906433, -18.5189151764, -13.5858888626, -4.87633132935, -13.0462989807, 30.1754150391], [153.169570923, -41.1346321106, 76.0526428223, -5.16679573059, 54.7688980103, 166.292999268, 40.7496109009, 7.0960059166, -34.3145675659, -5.37617731094, 0.919208109379, 0.257410258055, -0.314558535814], [-6.6347155571, 64.6016769409, -20.0239334106, 40.9942779541, 8.66628742218, 40.7496109009, 154.071426392, 3.08570384979, -16.493303299, -3.63425779343, -0.741694509983, -11.1357908249, -10.1166849136], [-24.0311374664, -18.0280914307, -12.4336032867, -52.3678779602, 38.7086906433, 7.0960059166, 3.08570384979, 146.916549683, 21.9565124512, 12.8935823441, -8.88077640533, -18.871679306, 15.6491365433], [-148.387283325, 26.7165870667, -2.77125525475, 6.80781602859, -18.5189151764, -34.3145675659, -16.493303299, 21.9565124512, 128.709640503, 35.5162620544, 16.8941898346, 15.6673879623, 0.928095281124], [-8.55296897888, -8.75926589966, -20.3646507263, -24.0159664154, -13.5858888626, -5.37617731094, -3.63425779343, 12.8935823441, 35.5162620544, 88.1246337891, 36.4423789978, 5.43541717529, 1.50745952129], [-97.798210144, 66.4515609741, -31.9987411499, -61.0482292175, -4.87633132935, 0.919208109379, -0.741694509983, -8.88077640533, 16.8941898346, 36.4423789978, 115.96774292, 34.4057998657, 3.74047422409], [-62.3762779236, -5.49098014832, 7.37629556656, 9.07536411285, -13.0462989807, 0.257410258055, -11.1357908249, -18.871679306, 15.6673879623, 5.43541717529, 34.4057998657, 78.4210205078, 27.1325893402], [-24.8336906433, 42.3711433411, -14.8155527115, -22.5428562164, 30.1754150391, -0.314558535814, -10.1166849136, 15.6491365433, 0.928095281124, 1.50745952129, 3.74047422409, 27.1325893402, 68.0221405029]],
        "icov": [[0.000493547180668, -0.000601533683948, 0.000476016575703, -0.000804374401923, 0.000590120384004, -0.00110208732076, 0.000917211989872, -0.00042424586718, 0.000797270040493, -0.000532445788849, 0.000491293088999, 8.76541962498e-05, 0.00029806458042], [-0.000601533683948, 0.00778971146792, -0.00523483706638, 0.00820292066783, -0.00879774615169, 0.00909938383847, -0.00869506783783, 0.00606870697811, -0.00429329834878, 0.00243162410334, -0.00247927033342, 0.000980005250312, -0.00248789321631], [0.000476016575703, -0.00523483706638, 0.00807662587613, -0.0105998078361, 0.00934466533363, -0.010081268847, 0.00876575801522, -0.00601406069472, 0.0032063073013, -0.000539550848771, -0.000677833100781, 0.00173506012652, -0.000510446727276], [-0.000804374401923, 0.00820292066783, -0.0105998078361, 0.0202026572078, -0.0154480542988, 0.0151686472818, -0.0143614560366, 0.0108596617356, -0.00603684736416, 0.0010761898011, 0.00432030716911, -0.00532985338941, 0.00321898562834], [0.000590120384004, -0.00879774615169, 0.00934466533363, -0.0154480542988, 0.0189543459564, -0.0153347766027, 0.0128780547529, -0.0102112703025, 0.00545626087114, -0.000633808085695, -0.00149041647092, 0.00405132537708, -0.00319787324406], [-0.00110208732076, 0.00909938383847, -0.010081268847, 0.0151686472818, -0.0153347766027, 0.0219276435673, -0.0148907452822, 0.00874484702945, -0.00395789416507, 0.00153055007104, -0.000170549930772, -0.00317432149313, 0.000734069384634], [0.000917211989872, -0.00869506783783, 0.00876575801522, -0.0143614560366, 0.0128780547529, -0.0148907452822, 0.0193669274449, -0.00890770647675, 0.00595869263634, -0.00192594889086, -0.000315896555549, 0.00247815274633, 0.00103903445415], [-0.00042424586718, 0.00606870697811, -0.00601406069472, 0.0108596617356, -0.0102112703025, 0.00874484702945, -0.00890770647675, 0.0145841371268, -0.00560115650296, 0.000312225922244, 0.00119824695867, 0.00126633048058, -0.00225729611702], [0.000797270040493, -0.00429329834878, 0.0032063073013, -0.00603684736416, 0.00545626087114, -0.00395789416507, 0.00595869263634, -0.00560115650296, 0.0129629932344, -0.00514255138114, 0.00104973174166, -0.0023048450239, 0.00219786236994], [-0.000532445788849, 0.00243162410334, -0.000539550848771, 0.0010761898011, -0.000633808085695, 0.00153055007104, -0.00192594889086, 0.000312225922244, -0.00514255138114, 0.0162524152547, -0.00664795795456, 0.00311883236282, -0.00270842132159], [0.000491293088999, -0.00247927033342, -0.000677833100781, 0.00432030716911, -0.00149041647092, -0.000170549930772, -0.000315896555549, 0.00119824695867, 0.00104973174166, -0.00664795795456, 0.0171908903867, -0.00973388087004, 0.00641589984298], [8.76541962498e-05, 0.000980005250312, 0.00173506012652, -0.00532985338941, 0.00405132537708, -0.00317432149313, 0.00247815274633, 0.00126633048058, -0.0023048450239, 0.00311883236282, -0.00973388087004, 0.0235594138503, -0.0126013029367], [0.00029806458042, -0.00248789321631, -0.000510446727276, 0.00321898562834, -0.00319787324406, 0.000734069384634, 0.00103903445415, -0.00225729611702, 0.00219786236994, -0.00270842132159, 0.00641589984298, -0.0126013029367, 0.0241147130728]]
    },
    "melbands": {
        "dmean": [0.000771069549955, 0.00111770268995, 0.00241689407267, 0.00104811508209, 0.00036095167161, 0.00019925556262, 0.000127284540213, 5.62160166737e-05, 5.61507767998e-05, 4.75871820527e-05, 4.19083953602e-05, 3.1715600926e-05, 2.78896968666e-05, 3.41311570082e-05, 2.73297282547e-05, 1.70307303051e-05, 1.46508018588e-05, 1.47094215208e-05, 1.31978504214e-05, 9.15364125831e-06, 7.63613115851e-06, 6.74973352943e-06, 7.04695366949e-06, 6.27533381703e-06, 6.74228203934e-06, 8.0151239672e-06, 6.99301335771e-06, 5.58096053282e-06, 4.08573532695e-06, 4.28055818702e-06, 3.6376557091e-06, 3.22773416883e-06, 2.66158031081e-06, 2.97814017358e-06, 2.49780828199e-06, 2.5255158107e-06, 2.77565754914e-06, 2.94303526971e-06, 1.95166626327e-06, 8.87026146756e-07],
        "dmean2": [0.0010635004146, 0.001913255197, 0.0041416818276, 0.00177123316098, 0.000605194538366, 0.000314331729896, 0.000193047628272, 8.77412239788e-05, 8.50073192851e-05, 7.49952087062e-05, 6.52699673083e-05, 4.85216842208e-05, 4.16180882894e-05, 5.00347632624e-05, 4.03348785767e-05, 2.5813753382e-05, 2.20138463192e-05, 2.22921025852e-05, 1.97814970306e-05, 1.42243070513e-05, 1.13582509584e-05, 1.07861715151e-05, 1.15800721687e-05, 9.98314590106e-06, 1.05977387648e-05, 1.2880954273e-05, 1.12287407319e-05, 8.62956039782e-06, 6.19287493464e-06, 6.5526983235e-06, 5.73264242121e-06, 4.96973643749e-06, 4.07196057495e-06, 4.56072575616e-06, 3.62169225809e-06, 3.74837964046e-06, 4.04409911425e-06, 4.35942320109e-06, 2.79235541711e-06, 1.37330516736e-06],
        "dvar": [2.36014557231e-06, 7.32513763069e-06, 3.46194465237e-05, 4.51494906883e-06, 3.73598680881e-07, 9.62883319744e-08, 5.78932350948e-08, 1.53331285446e-08, 2.19214886243e-08, 2.59940264868e-08, 2.4722146108e-08, 6.31883434465e-09, 4.98583974107e-09, 9.44629263699e-09, 5.66255931034e-09, 1.88027327042e-09, 1.32277333531e-09, 1.52147383581e-09, 1.35995359418e-09, 5.5409060673e-10, 4.54488530144e-10, 2.37625030763e-10, 1.69215919055e-10, 1.07255329618e-10, 1.24803570256e-10, 1.83550077915e-10, 1.43057579671e-10, 7.76289033055e-11, 5.07120144488e-11, 5.24441531868e-11, 5.09516491498e-11, 3.8315225992e-11, 2.05580604623e-11, 2.37931584157e-11, 2.59341801506e-11, 3.25009359703e-11, 5.22909146539e-11, 7.65648586198e-11, 1.51167099671e-11, 2.01371623369e-12],
        "dvar2": [4.15628574046e-06, 2.00691065402e-05, 8.97629870451e-05, 1.28859419419e-05, 1.06134859834e-06, 2.38107787709e-07, 1.42018095062e-07, 3.37206316203e-08, 4.70761634119e-08, 6.14876114469e-08, 5.17404892264e-08, 1.39958595824e-08, 1.01964277022e-08, 2.01291534552e-08, 1.23580043976e-08, 3.97151067588e-09, 2.61420129988e-09, 3.20557869138e-09, 2.86502177538e-09, 1.30951982591e-09, 9.22827814165e-10, 5.52156265154e-10, 4.37216707283e-10, 2.58415067123e-10, 2.81561940429e-10, 4.29927454748e-10, 3.66969343801e-10, 1.89336879508e-10, 1.19120158182e-10, 1.17029747004e-10, 1.2687731421e-10, 9.04422370329e-11, 4.99491455141e-11, 5.69806771211e-11, 4.88203748261e-11, 6.75097130975e-11, 9.73864738851e-11, 1.66117342104e-10, 2.72368065601e-11, 4.94719803318e-12],
        "max": [0.0176976937801, 0.0264187976718, 0.0593857727945, 0.0333848409355, 0.00779201602563, 0.00388600211591, 0.00350959529169, 0.00253371777944, 0.0035267251078, 0.00349485920742, 0.00551349623129, 0.00224694330245, 0.00143403431866, 0.00176939752419, 0.0020130337216, 0.00113104260527, 0.000836516264826, 0.000600427330937, 0.00106287840754, 0.000351673428668, 0.000627953966614, 0.000464432494482, 0.000245945469942, 0.000208114506677, 0.000184116855962, 0.00021310725424, 0.000208445184398, 0.000100754288724, 0.00013649633911, 6.71218949719e-05, 8.95682533155e-05, 9.60204415605e-05, 4.89314552397e-05, 5.58167703275e-05, 0.000164559358382, 0.000117603303806, 0.000158812981681, 0.000222692338866, 0.000114968730486, 3.3543434256e-05],
        "mean": [0.00118694081903, 0.00138954794966, 0.00246265740134, 0.00141128199175, 0.000615070515778, 0.000367142580217, 0.000234125749557, 9.84851940302e-05, 8.46301481943e-05, 6.03230400884e-05, 5.7965869928e-05, 4.93913612445e-05, 4.51698688266e-05, 5.32646809006e-05, 3.98190313717e-05, 2.64677328232e-05, 2.2926073143e-05, 2.16368352994e-05, 2.0760755433e-05, 1.37220195029e-05, 1.24903217511e-05, 1.08278327389e-05, 1.0968920833e-05, 1.07300784293e-05, 1.08374615593e-05, 1.22141063912e-05, 1.10509354272e-05, 9.12941959541e-06, 6.65761581331e-06, 6.50285119264e-06, 5.3679082157e-06, 5.12928772878e-06, 4.35428819401e-06, 4.76559171148e-06, 4.33534069089e-06, 4.59200418845e-06, 4.95140602652e-06, 5.18243496117e-06, 3.58935221811e-06, 1.54679912612e-06],
        "median": [0.000451891304692, 0.000820439541712, 0.00114290544298, 0.000932307564653, 0.000431474501966, 0.000200819646125, 9.50167013798e-05, 4.5868979214e-05, 3.13267446472e-05, 1.59160008479e-05, 1.75266177393e-05, 2.01959264814e-05, 1.50973637574e-05, 9.92401692201e-06, 1.05187600639e-05, 8.0488207459e-06, 7.91537786426e-06, 6.76240006214e-06, 6.41525457468e-06, 5.47434910914e-06, 4.49430763183e-06, 5.081184554e-06, 4.69430960948e-06, 5.69430494579e-06, 5.55701626581e-06, 5.10745485371e-06, 5.2301343203e-06, 4.5256838348e-06, 3.0278754366e-06, 2.51663618656e-06, 2.02343971978e-06, 1.80923291282e-06, 1.65223389104e-06, 1.92792208509e-06, 2.01777766051e-06, 2.06740219255e-06, 2.11453107113e-06, 2.24169002649e-06, 1.85756550763e-06, 8.98407620298e-07],
        "min": [2.16427089583e-08, 3.07081293727e-08, 2.41300437409e-08, 3.03262446266e-08, 6.4481020523e-09, 3.95934174335e-09, 1.1366517505e-08, 1.07199209509e-08, 3.0465476808e-09, 2.89678414589e-09, 1.11530762403e-09, 2.19485452035e-09, 1.0002796369e-09, 4.58978272055e-10, 1.61948732202e-10, 1.31240712742e-10, 4.11585869553e-11, 3.23471839592e-11, 7.33014690613e-11, 1.23305310407e-10, 3.60153240564e-10, 2.80251433171e-10, 1.28604890626e-10, 9.62922311332e-11, 5.5808187932e-11, 1.33526467661e-10, 1.64654859192e-10, 7.67421057257e-11, 1.27566048003e-11, 2.09680224572e-11, 4.91999253838e-11, 4.37168218292e-11, 1.85971238409e-11, 7.33821423765e-12, 4.0902330134e-11, 6.31790106342e-11, 5.88206774954e-11, 1.11340367481e-10, 5.70636940478e-11, 5.93479388897e-12],
        "var": [4.55259123555e-06, 5.67811639485e-06, 2.79149626294e-05, 3.88136868423e-06, 4.455268936e-07, 2.16399470787e-07, 1.243130896e-07, 2.99393079217e-08, 3.48769617631e-08, 2.87449726244e-08, 3.12750429998e-08, 1.03980024591e-08, 9.98048488299e-09, 2.06895443e-08, 9.66710089756e-09, 3.84548659582e-09, 2.419620726e-09, 2.60577670552e-09, 2.38259434404e-09, 7.68458130462e-10, 1.17449461268e-09, 5.36083399894e-10, 3.75573766531e-10, 1.91092405788e-10, 2.30090446696e-10, 3.38874539541e-10, 2.1624400881e-10, 1.36078870394e-10, 8.42936831447e-11, 9.13445707962e-11, 7.28632362779e-11, 7.17264858618e-11, 3.95293173194e-11, 4.19923887329e-11, 5.30184715575e-11, 7.3910509657e-11, 1.19076845606e-10, 1.65228719595e-10, 4.4455519127e-11, 4.49621199647e-12]
    },
    "mfcc": {
        "mean": [-628.328857422, 88.484085083, 31.5767211914, 28.7006931305, 10.7304887772, 5.09937286377, 4.40611743927, -0.176818281412, -9.58331012726, -1.31989884377, -7.4305138588, -3.0962471962, -4.5020236969],
        "cov": [[2647.99584961, 8.64081382751, -74.4703903198, 14.3169841766, 68.3081359863, 115.124107361, 116.534156799, -20.0172271729, 26.464838028, -27.3541469574, -34.6451377869, -86.8739471436, -21.95221138], [8.64081382751, 488.124572754, -112.827758789, -36.5515670776, 50.5868530273, -39.3549423218, 58.5205345154, -8.42299079895, -0.712829709053, 13.3256835938, -4.50809431076, 12.6611289978, 24.030046463], [-74.4703903198, -112.827758789, 546.216796875, 83.7400054932, -4.06637716293, 75.9244155884, -30.5956020355, 20.2976818085, -1.53259420395, -34.9567184448, 9.18802452087, 24.7895355225, -40.248588562], [14.3169841766, -36.5515670776, 83.7400054932, 285.391296387, 12.5122919083, 58.9742126465, -24.8804836273, 20.5601119995, 38.4879302979, -41.6994743347, 17.9480667114, -11.3699102402, -2.10171198845], [68.3081359863, 50.5868530273, -4.06637716293, 12.5122919083, 220.883911133, -1.66399252415, 18.8435249329, 16.5227508545, 27.3114585876, 9.21087646484, -18.382276535, -14.0170984268, -5.28662109375], [115.124107361, -39.3549423218, 75.9244155884, 58.9742126465, -1.66399252415, 190.07522583, 37.1494636536, 22.7017364502, -9.77714920044, -29.9738121033, 6.73417472839, -1.95787727833, -11.3361568451], [116.534156799, 58.5205345154, -30.5956020355, -24.8804836273, 18.8435249329, 37.1494636536, 183.283493042, 35.4340209961, 0.492346078157, 13.6482591629, -5.3480758667, -19.3714675903, -13.1839065552], [-20.0172271729, -8.42299079895, 20.2976818085, 20.5601119995, 16.5227508545, 22.7017364502, 35.4340209961, 95.5190124512, 28.9242935181, -4.03551387787, -8.14901161194, -0.0787279158831, -0.242833048105], [26.464838028, -0.712829709053, -1.53259420395, 38.4879302979, 27.3114585876, -9.77714920044, 0.492346078157, 28.9242935181, 114.572784424, 21.2951488495, 1.46450603008, -16.8753108978, -9.95356559753], [-27.3541469574, 13.3256835938, -34.9567184448, -41.6994743347, 9.21087646484, -29.9738121033, 13.6482591629, -4.03551387787, 21.2951488495, 102.357124329, 25.6726531982, 1.92966198921, -10.0304336548], [-34.6451377869, -4.50809431076, 9.18802452087, 17.9480667114, -18.382276535, 6.73417472839, -5.3480758667, -8.14901161194, 1.46450603008, 25.6726531982, 81.292388916, 23.082025528, 2.09974813461], [-86.8739471436, 12.6611289978, 24.7895355225, -11.3699102402, -14.0170984268, -1.95787727833, -19.3714675903, -0.0787279158831, -16.8753108978, 1.92966198921, 23.082025528, 83.6725463867, 30.2332305908], [-21.95221138, 24.030046463, -40.248588562, -2.10171198845, -5.28662109375, -11.3361568451, -13.1839065552, -0.242833048105, -9.95356559753, -10.0304336548, 2.09974813461, 30.2332305908, 78.0165939331]],
