{
"lowlevel": {
    "average_loudness": 0.962101221085,
    "barkbands_crest": {
        "dmean": 3.42615032196,
        "dmean2": 5.70152807236,
        "dvar": 8.15364742279,
        "dvar2": 22.1693134308,
        "max": 24.5883350372,
        "mean": 12.3325624466,
        "median": 11.8122777939,
        "min": 2.69645404816,
        "var": 24.5377521515
    },
    "barkbands_flatness_db": {
        "dmean": 0.0307719577104,
        "dmean2": 0.0490765124559,
        "dvar": 0.000767605844885,
        "dvar2": 0.00189055665396,
        "max": 0.376393616199,
        "mean": 0.187804237008,
        "median": 0.186206251383,
        "min": 0.0564258247614,
        "var": 0.00211134972051
    },
    "barkbands_kurtosis": {
        "dmean": 4.99564313889,
        "dmean2": 8.20965862274,
        "dvar": 99.1289978027,
        "dvar2": 259.71206665,
        "max": 126.946334839,
        "mean": 4.68994665146,
        "median": 0.880190849304,
        "min": -1.95240914822,
        "var": 133.320556641
    },
    "barkbands_skewness": {
        "dmean": 0.876776695251,
        "dmean2": 1.3388723135,
        "dvar": 0.915147066116,
        "dvar2": 1.97920823097,
        "max": 9.93325424194,
        "mean": 1.39980733395,
        "median": 1.13980674744,
        "min": -7.11213731766,
        "var": 2.62697124481
    },
    "barkbands_spread": {
        "dmean": 8.1139831543,
        "dmean2": 12.6124610901,
        "dvar": 95.0956726074,
        "dvar2": 219.579284668,
        "max": 119.646331787,
        "mean": 23.0545291901,
        "median": 19.8046512604,
        "min": 1.00270020962,
        "var": 236.080673218
    },
    "dissonance": {
        "dmean": 0.0195313040167,
        "dmean2": 0.0320364944637,
        "dvar": 0.00038529720041,
        "dvar2": 0.000935980817303,
        "max": 0.5,
        "mean": 0.462605416775,
        "median": 0.470935165882,
        "min": 0.25900298357,
        "var": 0.000964169506915
    },
    "dynamic_complexity": 2.2722671032,
    "erbbands_crest": {
        "dmean": 3.09556317329,
        "dmean2": 5.01116895676,
        "dvar": 7.85686206818,
        "dvar2": 19.9962310791,
        "max": 28.0822601318,
        "mean": 9.2045841217,
        "median": 8.23168849945,
        "min": 2.82509589195,
        "var": 17.6819496155
    },
    "erbbands_flatness_db": {
        "dmean": 0.022716909647,
        "dmean2": 0.0324226804078,
        "dvar": 0.000407425948652,
        "dvar2": 0.00078466796549,
        "max": 0.391409605742,
        "mean": 0.203994914889,
        "median": 0.202288910747,
        "min": 0.092672213912,
        "var": 0.00204207445495
    },
    "erbbands_kurtosis": {
        "dmean": 1.43505609035,
        "dmean2": 2.26526212692,
        "dvar": 7.18200016022,
        "dvar2": 17.3483924866,
        "max": 63.6447982788,
        "mean": 1.07612979412,
        "median": 0.340189218521,
        "min": -1.82547521591,
        "var": 8.90842151642
    },
    "erbbands_skewness": {
        "dmean": 0.479832738638,
        "dmean2": 0.729323685169,
        "dvar": 0.242065384984,
        "dvar2": 0.522392332554,
        "max": 3.85691833496,
        "mean": -0.137482464314,
        "median": -0.084318973124,
        "min": -6.65295696259,
        "var": 0.762661874294
    },
    "erbbands_spread": {
        "dmean": 10.4450244904,
        "dmean2": 15.7864656448,
        "dvar": 160.359466553,
        "dvar2": 335.159790039,
        "max": 173.370788574,
        "mean": 32.8574104309,
        "median": 26.820148468,
        "min": 3.39841365814,
        "var": 428.058563232
    },
    "hfc": {
        "dmean": 9.29679679871,
        "dmean2": 13.4066991806,
        "dvar": 114.413848877,
        "dvar2": 225.3543396,
        "max": 138.472427368,
        "mean": 28.3814964294,
        "median": 24.9843959808,
        "min": 0.00086416566046,
        "var": 441.305541992
    },
    "melbands_crest": {
        "dmean": 4.33011293411,
        "dmean2": 7.07530021667,
        "dvar": 13.9961585999,
        "dvar2": 36.2007980347,
        "max": 33.6711349487,
        "mean": 17.7500801086,
        "median": 18.2234573364,
        "min": 2.99297857285,
        "var": 45.3059654236
    },
    "melbands_flatness_db": {
        "dmean": 0.0388215817511,
        "dmean2": 0.0590624436736,
        "dvar": 0.00132092169952,
        "dvar2": 0.00285372859798,
        "max": 0.478925436735,
        "mean": 0.216668829322,
        "median": 0.21923995018,
        "min": 0.0339475385845,
        "var": 0.00511476071551
    },
    "melbands_kurtosis": {
        "dmean": 13.2878131866,
        "dmean2": 21.5021381378,
        "dvar": 662.988525391,
        "dvar2": 1651.96862793,
        "max": 388.424804688,
        "mean": 16.8715438843,
        "median": 5.3495016098,
        "min": -1.94428706169,
        "var": 1016.51104736
    },
    "melbands_skewness": {
        "dmean": 1.20804655552,
        "dmean2": 1.84488809109,
        "dvar": 1.88220620155,
        "dvar2": 4.08147907257,
        "max": 16.3391017914,
        "mean": 2.76861381531,
        "median": 2.24707102776,
        "min": -2.93444538116,
        "var": 5.66261434555
    },
    "melbands_spread": {
        "dmean": 11.631562233,
        "dmean2": 18.106294632,
        "dvar": 394.837402344,
        "dvar2": 813.297241211,
        "max": 296.961395264,
        "mean": 27.9915847778,
        "median": 21.6107444763,
        "min": 0.735920667648,
        "var": 851.171386719
    },
    "pitch_salience": {
        "dmean": 0.0879623293877,
        "dmean2": 0.14416731894,
        "dvar": 0.00564485788345,
        "dvar2": 0.0150403492153,
        "max": 0.825285971165,
        "mean": 0.466191381216,
        "median": 0.462045758963,
        "min": 0.116899892688,
        "var": 0.0199770778418
    },
    "silence_rate_20dB": {
        "dmean": 0,
        "dmean2": 0,
        "dvar": 0,
        "dvar2": 0,
        "max": 1,
        "mean": 1,
        "median": 1,
        "min": 1,
        "var": 0
    },
    "silence_rate_30dB": {
        "dmean": 0.0852052643895,
        "dmean2": 0.170476555824,
        "dvar": 0.0779474899173,
        "dvar2": 0.160010933876,
        "max": 1,
        "mean": 0.911730527878,
        "median": 1,
        "min": 0,
        "var": 0.0804785639048
    },
    "silence_rate_60dB": {
        "dmean": 0.0224632062018,
        "dmean2": 0.0449438206851,
        "dvar": 0.0219581220299,
        "dvar2": 0.0483496300876,
        "max": 1,
        "mean": 0.0348432064056,
        "median": 0,
        "min": 0,
        "var": 0.0336285345256
    },
    "spectral_centroid": {
        "dmean": 371.423156738,
        "dmean2": 541.91986084,
        "dvar": 210818.484375,
        "dvar2": 397590.65625,
        "max": 6600.73242188,
        "mean": 1614.4074707,
        "median": 1432.24719238,
        "min": 201.57510376,
        "var": 656899.5625
    },
    "spectral_complexity": {
        "dmean": 5.02711057663,
        "dmean2": 7.32506799698,
        "dvar": 31.3913326263,
        "dvar2": 59.6290855408,
        "max": 59,
        "mean": 21.7812614441,
        "median": 21,
        "min": 0,
        "var": 117.739852905
    },
    "spectral_decrease": {
        "dmean": 6.07598460434e-09,
        "dmean2": 9.96094406958e-09,
        "dvar": 1.01197163643e-16,
        "dvar2": 2.42872430414e-16,
        "max": -9.81680015055e-14,
        "mean": -1.24472396834e-08,
        "median": -9.81999370708e-09,
        "min": -7.19352399869e-08,
        "var": 1.36896300265e-16
    },
    "spectral_energy": {
        "dmean": 0.02336259,
        "dmean2": 0.0382235273719,
        "dvar": 0.00145749130752,
        "dvar2": 0.00349472207017,
        "max": 0.275114238262,
        "mean": 0.0495530515909,
        "median": 0.0399721674621,
        "min": 4.48890517646e-07,
        "var": 0.00199994095601
    },
    "spectral_energyband_high": {
        "dmean": 0.000705805490725,
        "dmean2": 0.000975282280706,
        "dvar": 1.73212652044e-06,
        "dvar2": 3.01783097711e-06,
        "max": 0.0161991640925,
        "mean": 0.00116117449943,
        "median": 0.000282622990198,
        "min": 4.78631072554e-08,
        "var": 4.99683301314e-06
    },
    "spectral_energyband_low": {
        "dmean": 0.0205078925937,
        "dmean2": 0.0341420471668,
        "dvar": 0.00131355877966,
        "dvar2": 0.00322543247603,
        "max": 0.252082705498,
        "mean": 0.031433340162,
        "median": 0.0195143930614,
        "min": 9.56543573238e-08,
        "var": 0.0016272419598
    },
    "spectral_energyband_middle_high": {
        "dmean": 0.00336587522179,
        "dmean2": 0.00504523515701,
        "dvar": 1.50755013237e-05,
        "dvar2": 3.60293524864e-05,
        "max": 0.0533831194043,
        "mean": 0.00950109958649,
        "median": 0.00748635875061,
        "min": 2.79183609564e-07,
        "var": 6.73784015817e-05
    },
    "spectral_energyband_middle_low": {
        "dmean": 0.00462132645771,
        "dmean2": 0.00749701960012,
        "dvar": 5.70614283788e-05,
        "dvar2": 0.000150266903802,
        "max": 0.0835192501545,
        "mean": 0.00829005241394,
        "median": 0.00588121591136,
        "min": 2.76513745234e-08,
        "var": 6.91310997354e-05
    },
    "spectral_entropy": {
        "dmean": 0.188813880086,
        "dmean2": 0.261262238026,
        "dvar": 0.0327905192971,
        "dvar2": 0.0633861497045,
        "max": 8.75786113739,
        "mean": 7.52530765533,
        "median": 7.49896240234,
        "min": 5.95599651337,
        "var": 0.164150372148
    },
    "spectral_flux": {
        "dmean": 0.0409616306424,
        "dmean2": 0.0637592896819,
        "dvar": 0.00337884272449,
        "dvar2": 0.00707651255652,
        "max": 0.461331427097,
        "mean": 0.119564726949,
        "median": 0.0999360084534,
        "min": 0.000669992936309,
        "var": 0.00590151594952
    },
    "spectral_kurtosis": {
        "dmean": 2.31582808495,
        "dmean2": 3.86116743088,
        "dvar": 5.41883468628,
        "dvar2": 15.3771686554,
        "max": 23.8732528687,
        "mean": 4.0687623024,
        "median": 3.49792146683,
        "min": -1.51641249657,
        "var": 10.5771970749
    },
    "spectral_rms": {
        "dmean": 0.00148411071859,
        "dmean2": 0.00232785567641,
        "dvar": 3.82259258913e-06,
        "dvar2": 8.2823635239e-06,
        "max": 0.0163830444217,
        "mean": 0.00629695830867,
        "median": 0.00624477677047,
        "min": 2.09270619962e-05,
        "var": 8.69279028848e-06
    },
    "spectral_rolloff": {
        "dmean": 653.99407959,
        "dmean2": 1099.29528809,
        "dvar": 1299635.5,
        "dvar2": 2562695.25,
        "max": 10292.8710938,
        "mean": 1622.27990723,
        "median": 1205.859375,
        "min": 64.599609375,
        "var": 2960298.25
    },
    "spectral_skewness": {
        "dmean": 0.320589244366,
        "dmean2": 0.489833593369,
        "dvar": 0.0800867676735,
        "dvar2": 0.189221605659,
        "max": 3.52748560905,
        "mean": 1.29478192329,
        "median": 1.33793878555,
        "min": -0.755121767521,
        "var": 0.293282300234
    },
    "spectral_spread": {
        "dmean": 555083.5,
        "dmean2": 770408.375,
        "dvar": 483086565376,
        "dvar2": 720680452096,
        "max": 13345641,
        "mean": 3663827.25,
        "median": 3252341.5,
        "min": 1577232.75,
        "var": 2.62393298944e+12
    },
    "spectral_strongpeak": {
        "dmean": 0.573529541492,
        "dmean2": 0.976593255997,
        "dvar": 0.991009831429,
        "dvar2": 2.42005491257,
        "max": 14.9158163071,
        "mean": 1.01551091671,
        "median": 0.587096214294,
        "min": 0,
        "var": 1.75262010098
    },
    "zerocrossingrate": {
        "dmean": 0.0129506103694,
        "dmean2": 0.0143508529291,
        "dvar": 0.000330885522999,
        "dvar2": 0.000339008081937,
        "max": 0.392578125,
        "mean": 0.0574996061623,
        "median": 0.046875,
        "min": 0.00390625,
        "var": 0.00204891362227
    },
    "barkbands": {
        "dmean": [0.00183355913032, 0.0148333776742, 0.00598171399906, 0.00186194397975, 0.0010684193112, 0.000653081573546, 0.000753913889639, 0.000796932552475, 0.000992064946331, 0.000999398413114, 0.000937000906561, 0.000895734177902, 0.000761672912631, 0.00076283258386, 0.000421364617068, 0.000375746458303, 0.000346887420164, 0.000377473246772, 0.000244233437115, 0.000247742980719, 0.000202008450287, 0.000140049945912, 0.00012493498798, 0.000163921024068, 4.84854936076e-05, 4.12718321741e-08, 5.62279156568e-09],
        "dmean2": [0.0031239783857, 0.0252544730902, 0.0105865383521, 0.00320105277933, 0.00177686300594, 0.00101032014936, 0.00117731664795, 0.00128365459386, 0.00151195249055, 0.00155347783584, 0.00152321672067, 0.00144430552609, 0.00119238835759, 0.00125841121189, 0.000684767961502, 0.000613099429756, 0.000541875371709, 0.000602281885222, 0.000372757465811, 0.000375076313503, 0.000310677511152, 0.000210876663914, 0.000177445836016, 0.00021928930073, 6.81909150444e-05, 6.41723616468e-08, 1.08002859989e-08],
        "dvar": [1.94644017029e-05, 0.000601158302743, 0.000204212090466, 2.9791452107e-05, 5.05672460349e-06, 1.81650352715e-06, 3.60411081601e-06, 2.31660351346e-06, 4.85896407554e-06, 4.00208273277e-06, 4.36450818597e-06, 2.80527569885e-06, 2.24153700401e-06, 2.46030072049e-06, 7.04527678863e-07, 7.03241482825e-07, 5.80160644859e-07, 3.65762019783e-07, 1.91163650243e-07, 2.43979144443e-07, 2.12986790871e-07, 1.09801256087e-07, 9.4479105428e-08, 2.35185240172e-07, 2.74712999015e-08, 2.31252615391e-14, 3.06502090689e-15],
        "dvar2": [5.02761431562e-05, 0.00157011672854, 0.000566824281123, 7.95927044237e-05, 1.35482587211e-05, 4.18885201725e-06, 7.90404828876e-06, 5.55935866942e-06, 1.12949974209e-05, 9.25177664612e-06, 1.12759398689e-05, 7.00517603036e-06, 5.02868533658e-06, 6.3665675043e-06, 1.86035799743e-06, 1.68207736806e-06, 1.29075260702e-06, 9.37051936489e-07, 4.41612854729e-07, 4.9458066087e-07, 4.53707542647e-07, 2.23979284897e-07, 1.78788681637e-07, 3.42655425811e-07, 4.51685373548e-08, 5.32794735251e-14, 9.18361676446e-15],
        "max": [0.0323062464595, 0.165165215731, 0.0924937874079, 0.0662473663688, 0.0403289347887, 0.0232409462333, 0.0371036417782, 0.0264465808868, 0.0376030057669, 0.0329985544086, 0.0323950015008, 0.0227328166366, 0.0223225951195, 0.024703681469, 0.00947149470448, 0.0232389159501, 0.025353088975, 0.00865524820983, 0.00776501791552, 0.00758834648877, 0.0065370099619, 0.00621900614351, 0.00575329829007, 0.00804422330111, 0.00329308561049, 2.74175272352e-06, 1.57207136908e-06],
        "mean": [0.00175943609793, 0.021731859073, 0.00728163914755, 0.00178317597602, 0.00159773824271, 0.000936875352636, 0.000998213770799, 0.00120062544011, 0.00148559652735, 0.00154479569755, 0.00129142345395, 0.00141313101631, 0.0011827154085, 0.00114286167081, 0.000568755727727, 0.000651343143545, 0.000573730911128, 0.000648507499136, 0.000421867560362, 0.000365023850463, 0.000241992107476, 0.00018725109112, 0.000191862651263, 0.000276387989288, 7.61863338994e-05, 5.70462681537e-08, 3.53005025211e-09],
        "median": [0.000152718726895, 0.0107337683439, 0.000919509737287, 0.000260858796537, 0.000841924455017, 0.000376287876861, 0.000246929004788, 0.000515144667588, 0.000419896183303, 0.000499471032526, 0.000369306770153, 0.00059014710132, 0.000476517045172, 0.000451952801086, 0.000217789245653, 0.00024307257263, 0.000216475731577, 0.000377718533855, 0.000199427842745, 0.000105636681837, 5.66006310692e-05, 3.89297092624e-05, 3.02461648971e-05, 4.17582486989e-05, 5.26312624061e-06, 5.35543520641e-09, 5.83462889114e-10],
        "min": [1.06879705086e-09, 4.12974294761e-08, 2.04126537895e-09, 7.57552132136e-10, 1.0525972316e-09, 9.78481740077e-10, 3.30590688158e-09, 2.37978436957e-09, 6.51793197193e-09, 2.1405574202e-08, 3.65473851183e-09, 6.66321620102e-09, 9.51972634056e-09, 3.28153113571e-08, 4.16760386202e-08, 2.16723474722e-08, 1.25153096775e-08, 1.3114049402e-08, 8.83111539451e-09, 1.80748571665e-08, 1.00463717345e-08, 2.88881651933e-09, 2.42890596525e-09, 4.03962507889e-09, 6.09835862364e-11, 5.25804486756e-12, 7.39767708896e-12],
        "var": [1.90125101653e-05, 0.000803830334917, 0.000190766353626, 2.50480334216e-05, 5.89273713558e-06, 2.61154855252e-06, 5.92100059293e-06, 4.06667277275e-06, 8.54359950608e-06, 8.34403363115e-06, 7.41871235732e-06, 5.09501433044e-06, 4.38645429313e-06, 4.40594249085e-06, 9.96942958409e-07, 2.05244577955e-06, 1.8867133349e-06, 7.3560107694e-07, 4.48379267937e-07, 4.7973708206e-07, 2.9702636084e-07, 2.063907516e-07, 2.49756823223e-07, 7.8232415035e-07, 8.79996306935e-08, 5.20686704202e-14, 1.54675913581e-15]
    },
    "erbbands": {
        "dmean": [0.641261935234, 2.81052470207, 6.4521241188, 6.45519542694, 5.09276342392, 2.96868014336, 5.16935014725, 5.54225349426, 11.2640504837, 11.435751915, 15.675283432, 21.3883419037, 30.2220096588, 31.7841854095, 37.0959205627, 26.9777946472, 33.4945526123, 32.4286117554, 30.2513065338, 17.9258327484, 19.2843952179, 19.2737998962, 21.7618541718, 13.0249500275, 11.895359993, 11.6512336731, 10.3600063324, 6.47922611237, 5.01883459091, 3.88428235054, 3.64836025238, 3.64544582367, 2.6713848114, 0.98483890295, 0.0794997438788, 0.00345303537324, 0.000178986316314, 2.54900642176e-05, 1.47736554936e-05, 2.65729031526e-05],
        "dmean2": [1.13369727135, 4.7885632515, 11.2701768875, 11.424864769, 8.59200000763, 4.93376970291, 8.13891029358, 8.540143013, 17.4189605713, 18.5427875519, 24.90275383, 32.1936569214, 46.3621330261, 51.1368904114, 58.9111289978, 42.840877533, 52.5449638367, 52.7039718628, 49.0363006592, 28.0121994019, 31.1374702454, 29.8391723633, 34.6596412659, 19.8004455566, 17.8504905701, 17.7187747955, 15.6747913361, 9.8860206604, 7.59565639496, 5.67780447006, 5.1574511528, 4.84437847137, 3.71385884285, 1.3631606102, 0.11131682992, 0.00479842582718, 0.000243254355155, 3.51155431417e-05, 2.26141182793e-05, 4.2940457206e-05],
        "dvar": [1.58537578583, 19.0971279144, 211.841934204, 326.443634033, 176.257110596, 46.1006546021, 103.475143433, 158.004074097, 978.94317627, 550.319335938, 956.166809082, 2145.01123047, 3830.0871582, 5792.03710938, 4512.59960938, 2475.04125977, 4387.88476562, 4901.45556641, 3672.99682617, 1457.72229004, 2244.20874023, 1678.23681641, 1297.21386719, 400.881317139, 521.674072266, 580.705383301, 532.043823242, 244.419967651, 154.319137573, 79.0641021729, 92.0912780762, 106.883117676, 69.5085601807, 11.2326965332, 0.114033319056, 0.000202479452128, 3.69847867887e-07, 5.80524073257e-09, 5.08106667851e-10, 1.6853773932e-09],
        "dvar2": [4.37150669098, 50.5111923218, 586.925048828, 887.180053711, 460.233978271, 121.694038391, 252.952438354, 346.647644043, 2121.29711914, 1401.30627441, 2260.98632812, 4665.38378906, 8768.63574219, 15802.7519531, 10605.5830078, 6104.32714844, 9861.70410156, 12954.0234375, 9145.8671875, 3468.98144531, 5427.93066406, 3726.01269531, 3227.91674805, 925.05065918, 1158.64172363, 1212.72607422, 1111.23083496, 516.354919434, 328.524749756, 157.576080322, 181.968780518, 162.414123535, 117.331642151, 18.1476860046, 0.200839996338, 0.000346491462551, 5.87735200952e-07, 1.0058978539e-08, 1.0968255193e-09, 4.04610123184e-09],
        "max": [9.25084877014, 38.101272583, 102.7866745, 184.480987549, 146.037857056, 119.345741272, 140.180343628, 267.277191162, 640.834350586, 389.755493164, 596.125061035, 774.625427246, 788.790283203, 1289.80029297, 932.731079102, 701.133422852, 1171.05810547, 1290.72875977, 1307.18652344, 799.372314453, 1481.02539062, 1419.08056641, 570.224060059, 459.150756836, 328.592346191, 344.689300537, 354.023101807, 277.770324707, 245.36000061, 159.497924805, 171.142349243, 221.799072266, 142.237197876, 68.3518295288, 6.38850307465, 0.28034055233, 0.0119383540004, 0.00154571980238, 0.000464106589789, 0.000334011536324],
        "mean": [0.693218827248, 4.57558917999, 9.25513076782, 6.61639595032, 5.74079942703, 4.13530063629, 7.80014514923, 8.3036365509, 15.4790697098, 16.9024505615, 23.9921569824, 32.9548873901, 48.8055305481, 49.2960166931, 58.7855072021, 45.7861747742, 54.4307441711, 54.287273407, 46.4533195496, 29.2486228943, 35.8245697021, 34.9796676636, 38.3366241455, 24.7858028412, 19.9499073029, 17.1709461212, 12.6931123734, 7.90947198868, 6.58586883545, 5.57461738586, 5.65021085739, 6.00844335556, 4.26963233948, 1.61155974865, 0.120009861887, 0.00536614609882, 0.000308668968501, 4.58285503555e-05, 3.42599014402e-05, 5.9827521909e-05],
        "median": [0.187327891588, 2.34586644173, 2.43548178673, 1.42166674137, 1.61287772655, 1.97589945793, 3.42845010757, 2.94022941589, 4.05310058594, 7.53813505173, 12.2177648544, 9.87423419952, 17.9085941315, 15.2161998749, 25.9570426941, 21.992521286, 23.8330879211, 26.2546138763, 20.4215869904, 13.5609474182, 14.2098112106, 14.8709344864, 21.9311656952, 14.0235204697, 8.48269081116, 4.56610965729, 2.92130017281, 1.91676211357, 1.33455860615, 1.12337458134, 0.840746045113, 0.911872565746, 0.57695889473, 0.125192224979, 0.00382406939752, 0.000251781835686, 4.62282332592e-05, 1.03450729512e-05, 2.55680370174e-05, 5.05344432895e-05],
        "min": [3.46416027242e-06, 1.32704617499e-05, 6.38833762423e-06, 2.04466005016e-06, 1.95689335669e-06, 3.46865977008e-06, 9.34109084483e-06, 7.52817959437e-06, 2.95261525025e-05, 6.08442969678e-05, 6.73488975735e-05, 0.000151317726704, 0.000769599631894, 0.000181059891474, 0.000253706093645, 0.000239620669163, 0.00047166357399, 0.00100075558294, 0.00331933866255, 0.00106901919935, 0.00120451033581, 0.000796700536739, 0.00081991578918, 0.000819808628876, 0.000392902875319, 0.000619248603471, 0.000780167349149, 0.000142109565786, 9.67758896877e-05, 0.00012423490989, 5.53611171199e-05, 6.80389348418e-05, 7.33203341952e-05, 2.51785913861e-05, 7.7683876043e-07, 5.43447882251e-08, 1.17530243315e-08, 5.21412202303e-09, 1.4560510575e-09, 7.99092125803e-10],
        "var": [1.49288964272, 30.2696418762, 223.425323486, 271.479827881, 152.580200195, 53.7754173279, 167.641204834, 238.576950073, 1675.81103516, 789.945861816, 1494.68945312, 4212.98535156, 7564.63476562, 10938.3359375, 8559.38769531, 4524.48681641, 8012.83642578, 10490.1376953, 6190.16699219, 2693.26318359, 8022.95019531, 6145.03173828, 2764.55004883, 1153.28527832, 1118.02856445, 1095.71850586, 767.310180664, 351.336914062, 266.44644165, 173.322921753, 241.259536743, 341.391967773, 207.577575684, 37.1602134705, 0.305164277554, 0.000563721347135, 1.2145759456e-06, 1.88426536596e-08, 1.29511457114e-09, 2.47713716206e-09]
    },
    "gfcc": {
        "mean": [-14.7458715439, 123.616722107, -158.118103027, 56.1821479797, -58.2754173279, 31.1423664093, -22.7226696014, 5.83545446396, -0.148870974779, -18.6814460754, 13.9063892365, -19.6555309296, 5.15710020065],
        "cov": [[3586.60253906, -52.3153495789, 93.2936706543, 282.243988037, 52.5865058899, 279.694702148, 204.451217651, 114.467430115, 32.650100708, 19.9554252625, -40.5886192322, -12.3015003204, -34.824180603], [-52.3153495789, 1626.94592285, -26.1339931488, -271.137176514, 465.323638916, -184.338821411, 309.142883301, -104.832618713, 165.192504883, -131.972885132, 150.984375, -41.4536170959, 72.3762359619], [93.2936706543, -26.1339931488, 1060.98376465, 384.645874023, 29.2717761993, 294.749084473, -18.1977367401, 46.8969497681, 36.9838676453, 22.5340862274, -95.2408370972, 33.5192375183, -6.11492538452], [282.243988037, -271.137176514, 384.645874023, 632.191650391, 89.7696685791, 63.3406524658, 41.1937408447, -10.188416481, 42.3666648865, 31.593120575, -97.4372711182, 3.3598947525, -4.08827495575], [52.5865058899, 465.323638916, 29.2717761993, 89.7696685791, 424.149505615, 52.6935195923, 164.684890747, 16.1810951233, 76.0997009277, -22.5480632782, 49.2664871216, -19.8586444855, 33.2356071472], [279.694702148, -184.338821411, 294.749084473, 63.3406524658, 52.6935195923, 371.869781494, 82.0026855469, 87.3213806152, 0.224423438311, 41.2269439697, -25.9184741974, 26.2660675049, -16.4851894379], [204.451217651, 309.142883301, -18.1977367401, 41.1937408447, 164.684890747, 82.0026855469, 304.658721924, 40.22108078, 61.7175331116, -9.08067035675, 33.1315040588, -5.7372174263, 15.8458471298], [114.467430115, -104.832618713, 46.8969497681, -10.188416481, 16.1810951233, 87.3213806152, 40.22108078, 190.659820557, 82.1868438721, 42.7799568176, 4.12011432648, 23.218793869, 12.6188850403], [32.650100708, 165.192504883, 36.9838676453, 42.3666648865, 76.0997009277, 0.224423438311, 61.7175331116, 82.1868438721, 190.737442017, 39.6573791504, 6.69267702103, 27.2613773346, 26.7085266113], [19.9554252625, -131.972885132, 22.5340862274, 31.593120575, -22.5480632782, 41.2269439697, -9.08067035675, 42.7799568176, 39.6573791504, 137.270629883, 47.5106620789, 23.7432937622, 9.31431484222], [-40.5886192322, 150.984375, -95.2408370972, -97.4372711182, 49.2664871216, -25.9184741974, 33.1315040588, 4.12011432648, 6.69267702103, 47.5106620789, 140.177139282, 33.4242134094, 12.8949728012], [-12.3015003204, -41.4536170959, 33.5192375183, 3.3598947525, -19.8586444855, 26.2660675049, -5.7372174263, 23.218793869, 27.2613773346, 23.7432937622, 33.4242134094, 87.990272522, 42.3183479309], [-34.824180603, 72.3762359619, -6.11492538452, -4.08827495575, 33.2356071472, -16.4851894379, 15.8458471298, 12.6188850403, 26.7085266113, 9.31431484222, 12.8949728012, 42.3183479309, 87.3550872803]],
        "icov": [[0.000347057793988, -0.00030262346263, 0.00028801636654, -0.000480780203361, 0.000363610044587, -0.00053769670194, 0.000102762707684, -0.000382468191674, 0.000224194867769, -1.80921397259e-05, 2.33824175666e-05, 4.79167683807e-05, 9.02619649423e-05], [-0.00030262346263, 0.00405002059415, -0.00229091872461, 0.00337479682639, -0.00307718990371, 0.00310476520099, -0.00296836718917, 0.00353517732583, -0.00359499524347, 0.00243099476211, -0.0023842365481, 0.00191252946388, -0.0014287752565], [0.00028801636654, -0.00229091872461, 0.0030402506236, -0.00299425795674, 0.00201884424314, -0.00340869580396, 0.00234533334151, -0.00186578650028, 0.00140277622268, -0.000596965604927, 0.000986413098872, -0.0008034183993, 0.000396670860937], [-0.000480780203361, 0.00337479682639, -0.00299425795674, 0.00588099239394, -0.00385585287586, 0.0040390365757, -0.00324255670421, 0.00351184909232, -0.00241230125539, -0.00041307831998, 0.00141302740667, -0.000566383008845, 0.000235371684539], [0.000363610044587, -0.00307718990371, 0.00201884424314, -0.00385585287586, 0.0068404530175, -0.00403660582379, 0.00150122889318, -0.00228839903139, 0.000608924834523, 0.000915946555324, -0.00214158417657, 0.00274435989559, -0.0019478991162], [-0.00053769670194, 0.00310476520099, -0.00340869580396, 0.0040390365757, -0.00403660582379, 0.00853271130472, -0.00419997563586, 0.000843719928525, 9.26696375245e-05, -0.00141734001227, 0.00190886517521, -0.00283497059718, 0.00216408097185], [0.000102762707684, -0.00296836718917, 0.00234533334151, -0.00324255670421, 0.00150122889318, -0.00419997563586, 0.00740113854408, -0.00269986107014, 0.000923993007746, 0.000191441198695, -0.000654500327073, 0.000716132693924, -0.00035675309482], [-0.000382468191674, 0.00353517732583, -0.00186578650028, 0.00351184909232, -0.00228839903139, 0.000843719928525, -0.00269986107014, 0.0109670097008, -0.0064920107834, 0.00104645011015, -0.00172887265217, 0.00157652422786, -0.00174752739258], [0.000224194867769, -0.00359499524347, 0.00140277622268, -0.00241230125539, 0.000608924834523, 9.26696375245e-05, 0.000923993007746, -0.0064920107834, 0.0122957406566, -0.00561674777418, 0.00545457052067, -0.00575728109106, 0.00243263039738], [-1.80921397259e-05, 0.00243099476211, -0.000596965604927, -0.00041307831998, 0.000915946555324, -0.00141734001227, 0.000191441198695, 0.00104645011015, -0.00561674777418, 0.0143532538787, -0.00941987987608, 0.00498823123053, -0.00372344069183], [2.33824175666e-05, -0.0023842365481, 0.000986413098872, 0.00141302740667, -0.00214158417657, 0.00190886517521, -0.000654500327073, -0.00172887265217, 0.00545457052067, -0.00941987987608, 0.0176488216966, -0.0107318349183, 0.00559379113838], [4.79167683807e-05, 0.00191252946388, -0.0008034183993, -0.000566383008845, 0.00274435989559, -0.00283497059718, 0.000716132693924, 0.00157652422786, -0.00575728109106, 0.00498823123053, -0.0107318349183, 0.0242270901799, -0.0125090116635], [9.02619649423e-05, -0.0014287752565, 0.000396670860937, 0.000235371684539, -0.0019478991162, 0.00216408097185, -0.00035675309482, -0.00174752739258, 0.00243263039738, -0.00372344069183, 0.00559379113838, -0.0125090116635, 0.0190601218492]]
    },
    "melbands": {
        "dmean": [0.00479502463713, 0.00333075993694, 0.00113078230061, 0.000258562358795, 0.000169054066646, 0.000128489802592, 0.000162873941008, 0.000143208788359, 0.000124214580865, 0.000145511876326, 0.000158490453032, 0.000136972768814, 0.000117060211778, 0.000110232525913, 7.04388075974e-05, 8.23185400805e-05, 6.36772019789e-05, 5.83642140555e-05, 2.97929072985e-05, 2.52101126534e-05, 2.36578434851e-05, 2.03724193852e-05, 2.27053478739e-05, 1.81886935025e-05, 1.08652357085e-05, 9.51566198637e-06, 8.87843179953e-06, 8.12945927464e-06, 7.57910765969e-06, 4.51486539532e-06, 3.7716370116e-06, 3.1157912872e-06, 2.4632424811e-06, 2.1196515263e-06, 2.11327346733e-06, 2.26622069022e-06, 2.38435109168e-06, 2.29317151934e-06, 1.24817381675e-06, 7.26713835775e-07],
        "dmean2": [0.00828295666724, 0.00574970804155, 0.00198278366588, 0.000435746769654, 0.000268105213763, 0.000197543515242, 0.000253181788139, 0.000233441955061, 0.000198808367713, 0.000218007786316, 0.000243604576099, 0.000219468551222, 0.0001857932657, 0.000175575580215, 0.000111605193524, 0.000129910520627, 0.00010465188825, 9.39492165344e-05, 4.79392401758e-05, 4.03926096624e-05, 3.8295500417e-05, 3.21048137266e-05, 3.64739971701e-05, 2.87723414658e-05, 1.68575570569e-05, 1.46642678374e-05, 1.34606543725e-05, 1.24150819829e-05, 1.1554188859e-05, 7.11027087164e-06, 5.73354463995e-06, 4.7964267651e-06, 3.76075672648e-06, 3.13343275593e-06, 3.12124052471e-06, 3.12346401188e-06, 3.31299270329e-06, 3.2720110994e-06, 1.75166223926e-06, 1.00626596122e-06],
        "dvar": [7.38472663215e-05, 4.3313648348e-05, 9.56902295002e-06, 4.01760956947e-07, 9.75003686676e-08, 7.45215729125e-08, 1.86622202136e-07, 7.810718472e-08, 6.38279118448e-08, 1.00466330366e-07, 1.06832054314e-07, 9.09003219363e-08, 5.18796063886e-08, 4.79021338151e-08, 2.39887025799e-08, 2.73541544971e-08, 2.03243537555e-08, 1.57894071151e-08, 3.97920585371e-09, 2.92025426063e-09, 3.9314809186e-09, 1.92971238988e-09, 1.85903081817e-09, 8.32695246089e-10, 3.18454679293e-10, 3.42014944144e-10, 3.0172758736e-10, 3.09647030239e-10, 3.03556263459e-10, 1.24562318793e-10, 8.43390982053e-11, 6.23543855438e-11, 3.59176854925e-11, 2.36198959697e-11, 3.11612437243e-11, 4.21725883382e-11, 5.0996075418e-11, 5.00779070989e-11, 1.5782103055e-11, 7.87409287079e-12],
        "dvar2": [0.000197492016014, 0.000117592404422, 2.57100273302e-05, 1.06241691356e-06, 2.38846411094e-07, 1.65100445315e-07, 4.09949223013e-07, 2.00260018346e-07, 1.54272939312e-07, 2.19616808295e-07, 2.448110763e-07, 2.45789635756e-07, 1.25301184539e-07, 1.18278215666e-07, 5.78660994677e-08, 6.25340703664e-08, 5.40894227186e-08, 3.83338729648e-08, 1.0196581357e-08, 6.87450230075e-09, 9.41659816789e-09, 4.47700454487e-09, 4.52659421057e-09, 2.10111394949e-09, 7.38102967635e-10, 7.88952125852e-10, 6.47689180067e-10, 6.68803012971e-10, 6.46135311921e-10, 2.75235251257e-10, 1.77760056674e-10, 1.37489963858e-10, 7.5290752799e-11, 4.8026367605e-11, 6.72975355998e-11, 7.24704948829e-11, 8.67551863681e-11, 9.2291278786e-11, 2.65339278327e-11, 1.36391705222e-11],
        "max": [0.0595437437296, 0.0510994680226, 0.0312593467534, 0.0105246631429, 0.00390329584479, 0.00546432333067, 0.0088261757046, 0.00367778912187, 0.00392721313983, 0.00445699505508, 0.00423558056355, 0.00477589759976, 0.003659223672, 0.0033163910266, 0.0021762335673, 0.00264206156135, 0.00260890088975, 0.00287048821338, 0.000866984657478, 0.000946691667195, 0.00188601098489, 0.0012290814193, 0.00103543594014, 0.000467798410682, 0.000465398217784, 0.000307425507344, 0.000269097450655, 0.000307358772261, 0.000346796470694, 0.000187026060303, 0.000182301693712, 0.00015513029939, 0.000133304201881, 9.34793351917e-05, 9.68714157352e-05, 0.000136228540214, 0.000147258251673, 0.000129091655253, 7.52725391067e-05, 6.3487495936e-05],
        "mean": [0.00617254432291, 0.00535609945655, 0.00120094732847, 0.000327391549945, 0.000261144392425, 0.000192793289898, 0.000219612891669, 0.000216188636841, 0.000181958748726, 0.00022083130898, 0.000250405515544, 0.000205429663765, 0.000177189780516, 0.000173720254679, 0.000103555619717, 0.000128211177071, 9.74847571342e-05, 8.45462200232e-05, 4.13218513131e-05, 4.0425115003e-05, 4.01506440539e-05, 3.35616714437e-05, 3.80951896659e-05, 2.96406560665e-05, 1.90499176824e-05, 1.53401306306e-05, 1.32047061925e-05, 1.09628590508e-05, 8.95980974747e-06, 5.18073102285e-06, 4.44036231784e-06, 3.8609641706e-06, 3.28765486302e-06, 2.97650558423e-06, 3.08136645799e-06, 3.57122144123e-06, 3.76682191927e-06, 3.40015117217e-06, 2.04550519811e-06, 1.09518418867e-06],
        "median": [0.00245233718306, 0.00236783502623, 0.000281532586087, 0.000130656771944, 0.000116416704259, 7.03480181983e-05, 5.60574335395e-05, 0.000101430137875, 8.66340633365e-05, 5.60220905754e-05, 8.23748850962e-05, 5.84315748711e-05, 6.81840247125e-05, 7.40005343687e-05, 3.57039825758e-05, 4.92380277137e-05, 3.93149566662e-05, 3.12643314828e-05, 1.64359735209e-05, 1.43124943861e-05, 1.55389861902e-05, 1.25426049635e-05, 1.8175202058e-05, 1.69506620296e-05, 9.97860297502e-06, 6.79027334627e-06, 4.73411319035e-06, 2.48124410973e-06, 1.89674915418e-06, 1.1522196246e-06, 9.87629618976e-07, 7.51867446525e-07, 6.77258015003e-07, 5.71147836581e-07, 4.50148974096e-07, 4.81264294194e-07, 5.80078108214e-07, 4.50739463531e-07, 2.32504561382e-07, 4.73767904907e-08],
        "min": [1.45490481884e-08, 8.21730861134e-09, 3.62899293949e-10, 1.51206977494e-10, 3.09802267173e-10, 1.65162133969e-10, 5.46415634961e-10, 6.17873197051e-10, 6.19644613398e-10, 1.00442021367e-09, 3.92238774793e-09, 7.91313570225e-10, 6.72738476037e-10, 7.90339405032e-10, 7.80284503676e-10, 8.91736906539e-10, 2.22846319176e-09, 3.32596439279e-09, 2.58358578975e-09, 1.25740307055e-09, 1.1295998581e-09, 8.46514969233e-10, 6.55470011601e-10, 7.13173464728e-10, 4.6660020292e-10, 3.33348071369e-10, 1.158097368e-10, 5.4157101026e-10, 6.0554117276e-10, 1.82928075465e-10, 4.19420193021e-11, 6.09948133667e-11, 4.5808197513e-11, 6.54192047755e-11, 2.56380403019e-11, 4.04779786078e-11, 4.13426029522e-11, 4.97086503903e-11, 1.77211977731e-12, 6.89070545415e-13],
        "var": [8.36223553051e-05, 4.86184981128e-05, 7.74254203861e-06, 3.86080614589e-07, 1.71489958234e-07, 1.15877952567e-07, 3.08454730202e-07, 1.23636652916e-07, 9.23795937524e-08, 1.99499055498e-07, 2.11632354308e-07, 1.72535052911e-07, 9.25723639966e-08, 8.3987899302e-08, 3.93258581255e-08, 5.85550488097e-08, 3.69609800543e-08, 2.73827236441e-08, 6.01292837743e-09, 6.40549124853e-09, 1.2002037586e-08, 6.10258776845e-09, 4.60331062158e-09, 1.54040447065e-09, 8.44304293146e-10, 6.92226942434e-10, 5.74288505639e-10, 5.40343658706e-10, 4.18638873567e-10, 1.61403043708e-10, 1.19490681239e-10, 9.53840409434e-11, 7.13103395777e-11, 4.98652022451e-11, 7.07071068362e-11, 1.20579560225e-10, 1.41512926377e-10, 1.3295672896e-10, 5.1890318431e-11, 2.18716971617e-11]
    },
    "mfcc": {
        "mean": [-629.702209473, 118.238128662, -14.8403272629, 18.082988739, 8.93281459808, 10.2550468445, 9.56861114502, 16.2083415985, -0.862567543983, 9.83662986755, 2.61313939095, 7.99156761169, -3.40070676804],
        "cov": [[3747.25512695, -239.734924316, -81.5188217163, 112.754829407, -88.3162918091, 166.637817383, 130.761199951, 149.404815674, 125.812393188, 75.5581893921, 41.9625320435, 79.2212982178, 5.92879056931], [-239.734924316, 1771.99707031, -344.111846924, -47.4084510803, 59.1954650879, -9.59513473511, 125.330688477, 99.9622039795, 7.66436719894, -2.94570326805, 60.2413711548, 10.7494440079, -8.11848831177], [-81.5188217163, -344.111846924, 1029.13745117, 109.143562317, 155.502441406, 198.428634644, -18.0736293793, 64.0762405396, 104.603614807, 4.54521560669, 35.7988815308, -6.80904912949, 26.0418167114], [112.754829407, -47.4084510803, 109.143562317, 542.085083008, 96.1180343628, 112.296257019, -18.9991798401, 18.5410995483, 72.6498947144, 35.0440063477, -24.6806545258, 24.7290916443, 19.892742157], [-88.3162918091, 59.1954650879, 155.502441406, 96.1180343628, 283.493530273, 77.7813491821, 24.5710124969, 43.2070655823, 59.8318786621, 21.5919818878, 20.342830658, 11.2896938324, 31.3168506622], [166.637817383, -9.59513473511, 198.428634644, 112.296257019, 77.7813491821, 279.076446533, 108.421897888, 67.8191680908, 70.3331298828, 16.4182357788, 35.6658859253, 11.0897340775, -9.16498374939], [130.761199951, 125.330688477, -18.0736293793, -18.9991798401, 24.5710124969, 108.421897888, 250.565719604, 65.1705474854, 12.1181964874, 21.7478675842, 39.1874656677, 25.6814479828, -3.96432113647], [149.404815674, 99.9622039795, 64.0762405396, 18.5410995483, 43.2070655823, 67.8191680908, 65.1705474854, 181.590377808, 98.9278411865, 37.5685348511, 26.3846244812, 9.19297027588, 7.59603214264], [125.812393188, 7.66436719894, 104.603614807, 72.6498947144, 59.8318786621, 70.3331298828, 12.1181964874, 98.9278411865, 198.741546631, 58.7022895813, 35.1152381897, 19.5680923462, 24.9941806793], [75.5581893921, -2.94570326805, 4.54521560669, 35.0440063477, 21.5919818878, 16.4182357788, 21.7478675842, 37.5685348511, 58.7022895813, 110.119651794, 36.9949531555, 16.9424247742, 12.0561389923], [41.9625320435, 60.2413711548, 35.7988815308, -24.6806545258, 20.342830658, 35.6658859253, 39.1874656677, 26.3846244812, 35.1152381897, 36.9949531555, 128.729248047, 35.540222168, 18.7714633942], [79.2212982178, 10.7494440079, -6.80904912949, 24.7290916443, 11.2896938324, 11.0897340775, 25.6814479828, 9.19297027588, 19.5680923462, 16.9424247742, 35.540222168, 102.362754822, 38.6976280212], [5.92879056931, -8.11848831177, 26.0418167114, 19.892742157, 31.3168506622, -9.16498374939, -3.96432113647, 7.59603214264, 24.9941806793, 12.0561389923, 18.7714633942, 38.6976280212, 110.223388672]],
