{
"lowlevel": {
    "average_loudness": 0.90292686224,
    "barkbands_crest": {
        "dmean": 2.14519572258,
        "dmean2": 3.5600066185,
        "dvar": 3.34668636322,
        "dvar2": 9.26524162292,
        "max": 20.9815139771,
        "mean": 9.68885231018,
        "median": 9.22440242767,
        "min": 2.75607872009,
        "var": 9.48634815216
    },
    "barkbands_flatness_db": {
        "dmean": 0.0244127772748,
        "dmean2": 0.0362512208521,
        "dvar": 0.000547656032722,
        "dvar2": 0.0011250122916,
        "max": 0.350646227598,
        "mean": 0.165719300508,
        "median": 0.160768806934,
        "min": 0.039210382849,
        "var": 0.00298787234351
    },
    "barkbands_kurtosis": {
        "dmean": 3.83456468582,
        "dmean2": 5.83710432053,
        "dvar": 22.6690731049,
        "dvar2": 51.9098320007,
        "max": 123.192840576,
        "mean": 9.26964855194,
        "median": 6.45999956131,
        "min": -1.87108540535,
        "var": 131.883346558
    },
    "barkbands_skewness": {
        "dmean": 0.524328291416,
        "dmean2": 0.793671309948,
        "dvar": 0.232638955116,
        "dvar2": 0.501500666142,
        "max": 9.37627029419,
        "mean": 2.17032456398,
        "median": 2.09711885452,
        "min": -1.84673571587,
        "var": 1.49851727486
    },
    "barkbands_spread": {
        "dmean": 4.33686447144,
        "dmean2": 6.43095541,
        "dvar": 37.4129714966,
        "dvar2": 70.7480545044,
        "max": 87.0914382935,
        "mean": 15.8840827942,
        "median": 10.8801956177,
        "min": 1.76915097237,
        "var": 224.911376953
    },
    "dissonance": {
        "dmean": 0.0227301642299,
        "dmean2": 0.0376122891903,
        "dvar": 0.000397482013796,
        "dvar2": 0.000999051728286,
        "max": 0.499970465899,
        "mean": 0.447490513325,
        "median": 0.453926384449,
        "min": 0.262899637222,
        "var": 0.00115791056305
    },
    "dynamic_complexity": 3.09538006783,
    "erbbands_crest": {
        "dmean": 2.40634918213,
        "dmean2": 3.85569620132,
        "dvar": 4.77801656723,
        "dvar2": 11.7300443649,
        "max": 21.9323635101,
        "mean": 8.82981109619,
        "median": 8.10035610199,
        "min": 2.51405215263,
        "var": 13.1256198883
    },
    "erbbands_flatness_db": {
        "dmean": 0.0212681721896,
        "dmean2": 0.0304824523628,
        "dvar": 0.000389297580114,
        "dvar2": 0.000731310748961,
        "max": 0.283199220896,
        "mean": 0.151134297252,
        "median": 0.146218121052,
        "min": 0.0649608075619,
        "var": 0.00150064902846
    },
    "erbbands_kurtosis": {
        "dmean": 1.26762926579,
        "dmean2": 1.98728621006,
        "dvar": 2.42593550682,
        "dvar2": 5.63669872284,
        "max": 19.157119751,
        "mean": 1.36894416809,
        "median": 0.561678290367,
        "min": -1.81508350372,
        "var": 7.27842330933
    },
    "erbbands_skewness": {
        "dmean": 0.389755249023,
        "dmean2": 0.583175480366,
        "dvar": 0.126396879554,
        "dvar2": 0.282696694136,
        "max": 3.65718364716,
        "mean": 0.833677232265,
        "median": 0.883941888809,
        "min": -3.22144031525,
        "var": 0.820957005024
    },
    "erbbands_spread": {
        "dmean": 9.36205291748,
        "dmean2": 14.1109580994,
        "dvar": 104.398033142,
        "dvar2": 235.558380127,
        "max": 147.138870239,
        "mean": 40.9796867371,
        "median": 37.1998977661,
        "min": 7.81435155869,
        "var": 458.672637939
    },
    "hfc": {
        "dmean": 5.73800420761,
        "dmean2": 8.0347366333,
        "dvar": 108.54801178,
        "dvar2": 210.930725098,
        "max": 226.878738403,
        "mean": 18.4872188568,
        "median": 11.1145210266,
        "min": 2.57074049548e-12,
        "var": 554.187927246
    },
    "melbands_crest": {
        "dmean": 2.73532128334,
        "dmean2": 4.50165510178,
        "dvar": 5.51412677765,
        "dvar2": 14.194934845,
        "max": 30.5173873901,
        "mean": 14.0310411453,
        "median": 13.1790504456,
        "min": 1.00153028965,
        "var": 22.453125
    },
    "melbands_flatness_db": {
        "dmean": 0.0282495804131,
        "dmean2": 0.0425389036536,
        "dvar": 0.000778293528128,
        "dvar2": 0.00164373335429,
        "max": 0.478606194258,
        "mean": 0.250131040812,
        "median": 0.245950624347,
        "min": -8.62865050522e-08,
        "var": 0.00501284888014
    },
    "melbands_kurtosis": {
        "dmean": 8.72378158569,
        "dmean2": 13.8522748947,
        "dvar": 193.781814575,
        "dvar2": 471.342559814,
        "max": 381.957550049,
        "mean": 22.6332969666,
        "median": 14.6755514145,
        "min": -1.20148479939,
        "var": 1032.14001465
    },
    "melbands_skewness": {
        "dmean": 0.71627497673,
        "dmean2": 1.09735941887,
        "dvar": 0.488149762154,
        "dvar2": 1.15086185932,
        "max": 14.9058637619,
        "mean": 3.19133353233,
        "median": 2.95206427574,
        "min": -0.0448193214834,
        "var": 3.09743022919
    },
    "melbands_spread": {
        "dmean": 4.45411539078,
        "dmean2": 6.60853767395,
        "dvar": 69.1068725586,
        "dvar2": 122.877548218,
        "max": 167.677612305,
        "mean": 14.3676757812,
        "median": 9.83103370667,
        "min": 0.88846719265,
        "var": 263.783813477
    },
    "pitch_salience": {
        "dmean": 0.0640887916088,
        "dmean2": 0.105133987963,
        "dvar": 0.00275332550518,
        "dvar2": 0.00728615419939,
        "max": 0.996078550816,
        "mean": 0.575285971165,
        "median": 0.582109749317,
        "min": 0.225562036037,
        "var": 0.00959074683487
    },
    "silence_rate_20dB": {
        "dmean": 0,
        "dmean2": 0,
        "dvar": 0,
        "dvar2": 0,
        "max": 1,
        "mean": 1,
        "median": 1,
        "min": 1,
        "var": 0
    },
    "silence_rate_30dB": {
        "dmean": 0.0014545454178,
        "dmean2": 0.00291120819747,
        "dvar": 0.00145243539009,
        "dvar2": 0.00435835728422,
        "max": 1,
        "mean": 0.999273240566,
        "median": 1,
        "min": 0,
        "var": 0.000726217578631
    },
    "silence_rate_60dB": {
        "dmean": 0.0029090908356,
        "dmean2": 0.00582241639495,
        "dvar": 0.00290051521733,
        "dvar2": 0.00578847201541,
        "max": 1,
        "mean": 0.0501453503966,
        "median": 0,
        "min": 0,
        "var": 0.047630187124
    },
    "spectral_centroid": {
        "dmean": 205.817062378,
        "dmean2": 301.232727051,
        "dvar": 133925.140625,
        "dvar2": 192977.984375,
        "max": 11024.5078125,
        "mean": 923.159240723,
        "median": 679.602355957,
        "min": 225.152191162,
        "var": 569474.4375
    },
    "spectral_complexity": {
        "dmean": 2.80290913582,
        "dmean2": 4.33333349228,
        "dvar": 10.9102296829,
        "dvar2": 22.254283905,
        "max": 61,
        "mean": 14.6453485489,
        "median": 13,
        "min": 0,
        "var": 72.8364181519
    },
    "spectral_decrease": {
        "dmean": 2.11812478668e-09,
        "dmean2": 3.3114868625e-09,
        "dvar": 6.90364112056e-18,
        "dvar2": 1.64682527885e-17,
        "max": 1.28402315134e-28,
        "mean": -7.72917196912e-09,
        "median": -7.14341741315e-09,
        "min": -3.45962369863e-08,
        "var": 2.3005133606e-17
    },
    "spectral_energy": {
        "dmean": 0.00828708242625,
        "dmean2": 0.0129574295133,
        "dvar": 0.000106300059997,
        "dvar2": 0.000251921534073,
        "max": 0.138262823224,
        "mean": 0.0308485310525,
        "median": 0.0282808244228,
        "min": 2.33173135544e-16,
        "var": 0.00037262236583
    },
    "spectral_energyband_high": {
        "dmean": 0.000509487173986,
        "dmean2": 0.000684836879373,
        "dvar": 1.95681514015e-06,
        "dvar2": 3.34108995048e-06,
        "max": 0.0321969762444,
        "mean": 0.00110309931915,
        "median": 0.00018472353986,
        "min": 1.69250748623e-16,
        "var": 8.78116225067e-06
    },
    "spectral_energyband_low": {
        "dmean": 0.00483672320843,
        "dmean2": 0.00765467388555,
        "dvar": 4.78659858345e-05,
        "dvar2": 0.000123330057249,
        "max": 0.100146174431,
        "mean": 0.0116739105433,
        "median": 0.00910057872534,
        "min": 1.59482924322e-18,
        "var": 0.00010051017307
    },
    "spectral_energyband_middle_high": {
        "dmean": 0.00129144091625,
        "dmean2": 0.00193234928884,
        "dvar": 6.40239113636e-06,
        "dvar2": 1.33758767333e-05,
        "max": 0.0417819842696,
        "mean": 0.00343983015046,
        "median": 0.00150125846267,
        "min": 3.41221167839e-17,
        "var": 2.74796420854e-05
    },
    "spectral_energyband_middle_low": {
        "dmean": 0.00522829592228,
        "dmean2": 0.00820723921061,
        "dvar": 3.87049367419e-05,
        "dvar2": 9.0555382485e-05,
        "max": 0.0843961387873,
        "mean": 0.0157733522356,
        "median": 0.0132692214102,
        "min": 7.05429966143e-18,
        "var": 0.000126226033899
    },
    "spectral_entropy": {
        "dmean": 0.228222608566,
        "dmean2": 0.344910472631,
        "dvar": 0.0617423318326,
        "dvar2": 0.123151175678,
        "max": 10.0012493134,
        "mean": 7.257563591,
        "median": 7.28269767761,
        "min": 5.57986593246,
        "var": 0.266494959593
    },
    "spectral_flux": {
        "dmean": 0.0196482036263,
        "dmean2": 0.0306076016277,
        "dvar": 0.000421144650318,
        "dvar2": 0.000997124821879,
        "max": 0.265637397766,
        "mean": 0.0756544098258,
        "median": 0.0701102018356,
        "min": 0.000209953228477,
        "var": 0.00157502002548
    },
    "spectral_kurtosis": {
        "dmean": 2.30489563942,
        "dmean2": 3.65278148651,
        "dvar": 10.3834066391,
        "dvar2": 23.6923351288,
        "max": 34.7676353455,
        "mean": 5.67313718796,
        "median": 4.30275154114,
        "min": -1.20000505447,
        "var": 24.6621723175
    },
    "spectral_rms": {
        "dmean": 0.00070070149377,
        "dmean2": 0.00108013406862,
        "dvar": 5.21969752754e-07,
        "dvar2": 1.19180174352e-06,
        "max": 0.0116142397746,
        "mean": 0.00516911176965,
        "median": 0.00525271799415,
        "min": 4.76954920003e-10,
        "var": 3.37638516612e-06
    },
    "spectral_rolloff": {
        "dmean": 291.974151611,
        "dmean2": 475.970703125,
        "dvar": 662331.125,
        "dvar2": 1109117.875,
        "max": 18755.4199219,
        "mean": 908.135620117,
        "median": 495.263671875,
        "min": 107.666015625,
        "var": 1762506.75
    },
    "spectral_skewness": {
        "dmean": 0.307559877634,
        "dmean2": 0.477101415396,
        "dvar": 0.112943328917,
        "dvar2": 0.24484564364,
        "max": 4.5720872879,
        "mean": 1.79148137569,
        "median": 1.72753429413,
        "min": -0.0196554679424,
        "var": 0.578318238258
    },
    "spectral_spread": {
        "dmean": 757681.9375,
        "dmean2": 1066755.75,
        "dvar": 1.44021205811e+12,
        "dvar2": 2.02551354982e+12,
        "max": 40596940,
        "mean": 4706144.5,
        "median": 4597905,
        "min": 1347921.75,
        "var": 2.70086465126e+12
    },
    "spectral_strongpeak": {
        "dmean": 0.411664456129,
        "dmean2": 0.709288954735,
        "dvar": 0.79643201828,
        "dvar2": 2.12501215935,
        "max": 16.8376502991,
        "mean": 0.782360136509,
        "median": 0.453972518444,
        "min": 0,
        "var": 0.998980760574
    },
    "zerocrossingrate": {
        "dmean": 0.00861257128417,
        "dmean2": 0.0100556090474,
        "dvar": 0.000249609001912,
        "dvar2": 0.000273779849522,
        "max": 0.50439453125,
        "mean": 0.0437061414123,
        "median": 0.03466796875,
        "min": 0.00537109375,
        "var": 0.00120227399748
    },
    "barkbands": {
        "dmean": [7.23352131899e-05, 0.00279682059772, 0.00223563169129, 0.0011712256819, 0.00335010397248, 0.00114310719073, 0.000890547060408, 0.000954412913416, 0.000756306399126, 0.000455862405943, 0.000266329734586, 0.000410714012105, 0.000202121664188, 0.000204124793527, 0.000116726194392, 0.000112601344881, 7.1603077231e-05, 8.54316385812e-05, 0.000128197032609, 0.000169713675859, 0.000110553468403, 0.000188448888366, 0.000128951083752, 3.80150631827e-05, 3.42992316291e-05, 1.9971626898e-05, 7.75784428697e-07],
        "dmean2": [0.000124210186186, 0.0045667742379, 0.00355362985283, 0.0019592307508, 0.00546525605023, 0.00189407193102, 0.00134201312903, 0.00142317463178, 0.00110134994611, 0.000712577719241, 0.000413342408137, 0.00064654648304, 0.000310537347104, 0.000339468097081, 0.000183824187843, 0.000176818473847, 0.000114493675937, 0.000129858701257, 0.000200097259949, 0.000254261743976, 0.000172378204297, 0.000265198556008, 0.00017813136219, 5.57340426894e-05, 5.20841567777e-05, 3.17049707519e-05, 1.32463151203e-06],
        "dvar": [1.79055277272e-08, 2.13914754568e-05, 1.14326330731e-05, 4.11751034335e-06, 1.87132700376e-05, 2.55145096162e-06, 3.89889783037e-06, 5.72279577682e-06, 3.56047507921e-06, 1.56393514317e-06, 5.98353267378e-07, 1.61693105838e-06, 3.63278957138e-07, 3.10964310302e-07, 1.65364099303e-07, 1.05809036199e-07, 2.24879244115e-08, 9.07295216734e-08, 1.47731313405e-07, 2.69408900522e-07, 9.02325538732e-08, 3.6212111354e-07, 3.65897363963e-07, 9.69926183814e-09, 6.00135185991e-09, 1.49841372643e-09, 2.98662418581e-12],
        "dvar2": [4.52449135935e-08, 5.84607842029e-05, 3.00208157569e-05, 1.0992168427e-05, 4.70218219562e-05, 6.58303588352e-06, 8.09156244941e-06, 1.12633952085e-05, 7.22112417861e-06, 3.5736609334e-06, 1.36640073833e-06, 4.26244469054e-06, 7.57186626288e-07, 8.49500963795e-07, 3.63217026234e-07, 2.41013026425e-07, 5.16345330936e-08, 1.77127461143e-07, 3.48079367996e-07, 6.45613511097e-07, 2.14574384927e-07, 6.29626356385e-07, 7.23948915038e-07, 1.86104074373e-08, 1.25875576629e-08, 3.3794389509e-09, 7.71595981552e-12],
        "max": [0.0016547520645, 0.0685693472624, 0.0442599803209, 0.0298612304032, 0.0727587416768, 0.0198269318789, 0.0328074358404, 0.0354923382401, 0.0418742895126, 0.0200664773583, 0.0124088013545, 0.0181753393263, 0.0124917086214, 0.00997634977102, 0.0108052762225, 0.00719394627959, 0.00296345353127, 0.00780536467209, 0.00921462289989, 0.0146236354485, 0.00517884362489, 0.0137306125835, 0.0185230765492, 0.00185568118468, 0.00165750912856, 0.000651888549328, 1.68140359165e-05],
        "mean": [9.76935843937e-05, 0.0055540651083, 0.00500134145841, 0.00196334929205, 0.00664144195616, 0.00211688643321, 0.0018674035091, 0.00160845869686, 0.00136962241959, 0.000793794635683, 0.000452101230621, 0.000634777301457, 0.000341695500538, 0.000313978031045, 0.000159080416779, 0.000180770817678, 0.000121268909425, 0.000141852433444, 0.000237229090999, 0.000318522914313, 0.000213141451241, 0.000346756161889, 0.000221750480705, 7.24697601981e-05, 5.42055204278e-05, 2.42009755311e-05, 6.8082084681e-07],
        "median": [3.13852942782e-05, 0.00415640044957, 0.00337891816162, 0.00117608066648, 0.00484402803704, 0.00138857832644, 0.000826589530334, 0.000423287623562, 0.000446285994258, 0.000237270578509, 0.000140710762935, 0.000102011326817, 6.68621942168e-05, 6.24223612249e-05, 4.64328077214e-05, 4.54661421827e-05, 4.97927976539e-05, 4.17852970713e-05, 5.33337661182e-05, 4.59379189124e-05, 3.66437598132e-05, 4.82746982016e-05, 1.80845272553e-05, 1.50276882778e-05, 1.17734962259e-05, 5.86737223784e-06, 1.00686435189e-07],
        "min": [4.53823750886e-19, 6.8156197976e-19, 4.53995442562e-19, 4.5681742092e-19, 1.13624289656e-18, 1.13793603187e-18, 1.14108045557e-18, 1.1347521103e-18, 1.59195965027e-18, 1.59340514839e-18, 1.58979233367e-18, 2.04909408816e-18, 2.27333323965e-18, 2.50583489148e-18, 2.95509942962e-18, 3.41239713229e-18, 3.86789571712e-18, 4.77676992774e-18, 5.9148174222e-18, 7.27806194329e-18, 9.55408993058e-18, 1.15986951164e-17, 1.38809046244e-17, 1.88814132593e-17, 2.63888664485e-17, 3.70813852038e-17, 5.27774450382e-17],
        "var": [3.01604927699e-08, 3.34626129188e-05, 2.75380152743e-05, 6.45156251267e-06, 4.12478475482e-05, 5.28565215063e-06, 1.08628182716e-05, 1.370089376e-05, 9.38987977861e-06, 3.64228253602e-06, 1.35450170546e-06, 3.11905591843e-06, 9.32786576868e-07, 5.78475692237e-07, 2.34096006579e-07, 2.29009415875e-07, 4.95214358409e-08, 1.71754336975e-07, 3.23683082115e-07, 8.26336702175e-07, 2.73626937997e-07, 1.35599543682e-06, 9.97322786134e-07, 3.2388982163e-08, 1.87135800189e-08, 2.79902678813e-09, 2.84866292881e-12]
    },
    "erbbands": {
        "dmean": [0.0476522035897, 0.760460853577, 2.69803237915, 2.88500118256, 9.34371471405, 10.287779808, 12.4321565628, 7.43645858765, 10.9712772369, 14.6003522873, 22.3268203735, 13.5101699829, 12.1461830139, 11.1824865341, 10.5971574783, 13.294008255, 9.4781332016, 7.10211229324, 7.77049207687, 6.51223278046, 5.20691776276, 4.27316570282, 4.80444049835, 4.35253763199, 7.94003820419, 8.16067695618, 4.88672780991, 4.60732650757, 6.69685506821, 6.24743890762, 3.24204802513, 1.02098798752, 0.615112483501, 0.399683982134, 0.241491496563, 0.122663527727, 0.0298766810447, 0.00379101419821, 9.02896936168e-05, 1.15017337521e-05],
        "dmean2": [0.0760784745216, 1.25170838833, 4.36649227142, 4.70692968369, 15.1060571671, 17.3758735657, 19.8774299622, 12.3720912933, 16.7067565918, 22.2233657837, 32.1033401489, 19.8808994293, 18.600894928, 17.0802459717, 16.8751354218, 20.3584651947, 14.418217659, 11.8075456619, 12.7754802704, 9.93167591095, 8.24648189545, 6.71976423264, 7.18687820435, 6.55948019028, 12.4638204575, 12.2689409256, 7.1943230629, 7.21951341629, 9.50778579712, 8.84414863586, 4.57346010208, 1.54507374763, 0.902439892292, 0.60411208868, 0.380568891764, 0.194028407335, 0.0473828613758, 0.00625407882035, 0.000146450969623, 1.74104297912e-05],
        "dvar": [0.00966210477054, 1.54580056667, 15.0045423508, 27.0645999908, 173.727966309, 190.053192139, 313.919006348, 131.285140991, 356.804229736, 1215.27416992, 2662.74951172, 1126.21203613, 1100.03112793, 721.087890625, 1257.36877441, 1284.94372559, 740.332580566, 336.971191406, 460.381958008, 648.538208008, 131.247131348, 85.445854187, 244.180999756, 277.269378662, 391.718139648, 1095.39624023, 186.828140259, 160.120803833, 404.04385376, 753.01965332, 228.360458374, 8.40524959564, 2.43189811707, 0.922556996346, 0.314374864101, 0.0673486068845, 0.00329591264017, 6.09804810665e-05, 3.27291829194e-08, 2.13244213954e-10],
        "dvar2": [0.0215099900961, 4.35266876221, 38.718006134, 71.5051193237, 434.468536377, 532.755981445, 764.90637207, 310.309936523, 769.685791016, 2332.14819336, 5501.05371094, 2180.21972656, 2398.16333008, 1484.05615234, 3019.63061523, 2982.38549805, 1588.12463379, 864.526000977, 1220.3079834, 1332.33874512, 304.564605713, 201.927520752, 468.500823975, 602.989013672, 952.842529297, 2622.59814453, 420.560760498, 371.676574707, 678.65814209, 1590.57800293, 420.167633057, 16.0115470886, 4.89474105835, 1.9611530304, 0.682348132133, 0.1384190768, 0.00801979377866, 0.000153625675011, 8.16373599832e-08, 4.85680329287e-10],
        "max": [1.68395888805, 18.2826023102, 43.5316200256, 77.265914917, 209.333099365, 200.425888062, 201.083450317, 154.045288086, 302.700714111, 554.298706055, 833.940917969, 852.346984863, 530.594970703, 541.293395996, 575.652099609, 536.534484863, 612.946105957, 270.23147583, 376.542785645, 706.546386719, 191.867492676, 183.067108154, 424.356842041, 493.750396729, 282.353546143, 917.837036133, 303.491271973, 209.77696228, 444.731262207, 726.549072266, 487.1824646, 56.3194122314, 28.3455619812, 17.125202179, 13.55717659, 5.74724435806, 0.655357778072, 0.0718900486827, 0.00171093607787, 0.000189866070286],
        "mean": [0.0962291061878, 1.50255322456, 6.19922924042, 5.78297233582, 17.5765247345, 18.4412345886, 21.6019592285, 14.7699317932, 23.9261875153, 28.8529167175, 41.2953453064, 25.3109321594, 22.7572288513, 21.4639625549, 17.6773338318, 22.702129364, 17.1032714844, 11.2257699966, 13.1291999817, 9.87577056885, 9.40641498566, 7.61385631561, 8.20068645477, 8.56283378601, 14.5965175629, 14.7679357529, 9.84627056122, 8.65898895264, 12.1457643509, 10.8149433136, 5.6291847229, 1.93713605404, 1.07834613323, 0.66596788168, 0.343609213829, 0.154515638947, 0.0347214117646, 0.0038866403047, 0.000110225657409, 4.05359351134e-05],
        "median": [0.0519872531295, 1.13120007515, 4.35049247742, 3.98904418945, 11.0940647125, 13.4134883881, 13.8804512024, 9.62077331543, 12.2939319611, 8.54250621796, 12.276140213, 9.60053825378, 7.80171298981, 7.14480352402, 4.76875782013, 4.15808296204, 3.75719332695, 3.48034930229, 3.07130098343, 2.75224304199, 2.70602798462, 3.05059099197, 2.33689641953, 2.43399095535, 3.06453871727, 2.12777376175, 1.65633773804, 1.51933813095, 1.74655747414, 1.00387263298, 0.458182394505, 0.344282269478, 0.217796295881, 0.124906644225, 0.0762262493372, 0.0360057801008, 0.00920440815389, 0.000920215039514, 3.82142679882e-05, 3.52386305167e-05],
        "min": [2.49232976177e-17, 1.38458599597e-16, 4.6972815601e-16, 1.1402179436e-15, 2.29092829607e-15, 4.08724271401e-15, 6.63093347659e-15, 1.01053359948e-14, 1.46243406247e-14, 2.02747906896e-14, 2.72527666937e-14, 3.56215979023e-14, 4.55516700748e-14, 5.72175160442e-14, 7.06489852514e-14, 8.60209662832e-14, 1.03452924667e-13, 1.23048787956e-13, 1.44850277606e-13, 1.68817352675e-13, 1.94969108675e-13, 2.23076020004e-13, 2.52753438838e-13, 2.83419338346e-13, 3.14225858875e-13, 3.43861251322e-13, 3.70638144741e-13, 3.92344929332e-13, 4.06305604396e-13, 4.09535198722e-13, 3.98982306611e-13, 3.72344760276e-13, 3.28759995573e-13, 2.69993717054e-13, 2.01293165079e-13, 1.31428234181e-13, 7.10220931003e-14, 2.88424137546e-14, 7.30732697794e-15, 7.77085072349e-16],
        "var": [0.0205245148391, 2.24404621124, 37.784740448, 41.8025283813, 366.579711914, 330.867156982, 584.419494629, 336.733764648, 1110.75927734, 3253.94042969, 6618.10009766, 2811.60180664, 2815.06591797, 2006.92480469, 2438.24291992, 3098.86108398, 1777.13232422, 504.76184082, 1025.84997559, 1031.52001953, 370.941589355, 188.50453186, 507.523620605, 626.386779785, 949.40032959, 2354.43383789, 579.235656738, 489.249267578, 1554.70227051, 1982.50744629, 643.963867188, 29.0375156403, 7.16372966766, 2.89707350731, 0.829081594944, 0.149165526032, 0.00490082334727, 6.77805874147e-05, 4.08525444584e-08, 8.33844771009e-10]
    },
    "gfcc": {
        "mean": [-15.9677028656, 112.857795715, -89.4432601929, 38.8529663086, -63.215637207, 10.6787204742, -35.1548652649, 6.38185453415, -27.1491127014, 2.83734297752, -20.2128639221, -0.780871748924, -12.9202709198],
        "cov": [[8549.98730469, -1114.12084961, -1008.85766602, 111.874420166, -410.524353027, 268.152832031, -7.69671726227, 191.493225098, -101.660293579, 218.791656494, -102.869354248, 51.1051139832, -118.434043884], [-1114.12084961, 1120.21166992, -2.09464454651, -375.638275146, 263.542144775, -184.542129517, 7.3361825943, -49.2562561035, 81.0972671509, -135.154129028, 116.595718384, -30.3205623627, 53.3038978577], [-1008.85766602, -2.09464454651, 558.363891602, 62.5739021301, 57.3895111084, 8.76540470123, -52.2197608948, -17.5289154053, -18.9031486511, -11.2971792221, -42.2143478394, 27.6928291321, 15.5625724792], [111.874420166, -375.638275146, 62.5739021301, 455.055511475, -66.194190979, 49.3061943054, 38.0869216919, -39.3167800903, 4.65909576416, 1.59366619587, -29.2991161346, -23.0720348358, 27.7319297791], [-410.524353027, 263.542144775, 57.3895111084, -66.194190979, 272.545318604, -35.6868095398, -28.8232650757, 15.9356575012, 3.19634079933, -3.71806812286, 13.0980415344, -4.11141061783, 31.5306072235], [268.152832031, -184.542129517, 8.76540470123, 49.3061943054, -35.6868095398, 137.215438843, 39.9093513489, 9.57078170776, -18.4626617432, 19.1448173523, -3.69164705276, 4.10198688507, -17.4132766724], [-7.69671726227, 7.3361825943, -52.2197608948, 38.0869216919, -28.8232650757, 39.9093513489, 142.022583008, 10.57289505, -17.2558460236, -14.5027112961, 19.1191005707, -6.64901638031, -9.37527656555], [191.493225098, -49.2562561035, -17.5289154053, -39.3167800903, 15.9356575012, 9.57078170776, 10.57289505, 98.7672576904, 5.08545637131, 24.1829738617, -11.0100154877, -1.8397796154, -5.08334589005], [-101.660293579, 81.0972671509, -18.9031486511, 4.65909576416, 3.19634079933, -18.4626617432, -17.2558460236, 5.08545637131, 98.8735580444, 3.0022251606, 1.22564840317, -14.5554361343, 6.67795467377], [218.791656494, -135.154129028, -11.2971792221, 1.59366619587, -3.71806812286, 19.1448173523, -14.5027112961, 24.1829738617, 3.0022251606, 90.8020706177, -4.37946653366, 1.071215868, -4.4620423317], [-102.869354248, 116.595718384, -42.2143478394, -29.2991161346, 13.0980415344, -3.69164705276, 19.1191005707, -11.0100154877, 1.22564840317, -4.37946653366, 83.4336853027, 10.4812040329, 2.83336639404], [51.1051139832, -30.3205623627, 27.6928291321, -23.0720348358, -4.11141061783, 4.10198688507, -6.64901638031, -1.8397796154, -14.5554361343, 1.071215868, 10.4812040329, 68.1872940063, 4.32701826096], [-118.434043884, 53.3038978577, 15.5625724792, 27.7319297791, 31.5306072235, -17.4132766724, -9.37527656555, -5.08334589005, 6.67795467377, -4.4620423317, 2.83336639404, 4.32701826096, 73.4841384888]],
        "icov": [[0.000220781148528, -0.000212668193853, 0.000494682753924, -0.000286636932287, 0.000305363966618, -0.000486618664581, 0.000447090598755, -0.00046397765982, 0.000432477158029, -0.000444605248049, 0.000507641467266, -0.000472748477478, 0.000234077131609], [-0.000212668193853, 0.0064171361737, -0.00144899159204, 0.00516243185848, -0.00411812867969, 0.00476079573855, -0.00387280178256, 0.0039298790507, -0.00511924363673, 0.00663298321888, -0.00591667089611, 0.00445306487381, -0.0031321705319], [0.000494682753924, -0.00144899159204, 0.00338239152916, -0.00177401769906, 0.000703207624611, -0.00210706610233, 0.00227309623733, -0.00132943235803, 0.00202285428531, -0.0015486178454, 0.00301913637668, -0.00270316330716, 0.000963413855061], [-0.000286636932287, 0.00516243185848, -0.00177401769906, 0.00705123413354, -0.002769860439, 0.0031501899939, -0.0041795517318, 0.00464459694922, -0.00460797967389, 0.00504730362445, -0.00397172709927, 0.00479035405442, -0.00417269160971], [0.000305363966618, -0.00411812867969, 0.000703207624611, -0.002769860439, 0.00719214603305, -0.00273244804703, 0.00326310400851, -0.00370313343592, 0.00374788604677, -0.00429580174387, 0.00300105009228, -0.00207349192351, 0.000207322751521], [-0.000486618664581, 0.00476079573855, -0.00210706610233, 0.0031501899939, -0.00273244804703, 0.0132281845436, -0.00570610910654, 0.00284829735756, -0.00308577530086, 0.00317639787681, -0.0046573439613, 0.00301677919924, -0.000728921382688], [0.000447090598755, -0.00387280178256, 0.00227309623733, -0.0041795517318, 0.00326310400851, -0.00570610910654, 0.0121491923928, -0.00488135870546, 0.00502452719957, -0.00185271876398, 0.00145628198516, -0.00208770437166, 0.00258346321061], [-0.00046397765982, 0.0039298790507, -0.00132943235803, 0.00464459694922, -0.00370313343592, 0.00284829735756, -0.00488135870546, 0.0152011532336, -0.00457643019035, 0.00108457065653, -0.00147109990939, 0.00310670468025, -0.00202149758115], [0.000432477158029, -0.00511924363673, 0.00202285428531, -0.00460797967389, 0.00374788604677, -0.00308577530086, 0.00502452719957, -0.00457643019035, 0.0155402021483, -0.00570357125252, 0.00421732151881, -0.00156361877453, 0.00187699589878], [-0.000444605248049, 0.00663298321888, -0.0015486178454, 0.00504730362445, -0.00429580174387, 0.00317639787681, -0.00185271876398, 0.00108457065653, -0.00570357125252, 0.019904486835, -0.00681020552292, 0.00472231116146, -0.00295875943266], [0.000507641467266, -0.00591667089611, 0.00301913637668, -0.00397172709927, 0.00300105009228, -0.0046573439613, 0.00145628198516, -0.00147109990939, 0.00421732151881, -0.00681020552292, 0.020217070356, -0.00727795343846, 0.00251443544403], [-0.000472748477478, 0.00445306487381, -0.00270316330716, 0.00479035405442, -0.00207349192351, 0.00301677919924, -0.00208770437166, 0.00310670468025, -0.00156361877453, 0.00472231116146, -0.00727795343846, 0.0202670041472, -0.00415823562071], [0.000234077131609, -0.0031321705319, 0.000963413855061, -0.00417269160971, 0.000207322751521, -0.000728921382688, 0.00258346321061, -0.00202149758115, 0.00187699589878, -0.00295875943266, 0.00251443544403, -0.00415823562071, 0.0173540823162]]
    },
    "melbands": {
        "dmean": [0.000574813806452, 0.00127402890939, 0.000606883142609, 0.000798591936473, 0.000396993331378, 0.000177763300599, 0.000169847291545, 0.000179097638465, 0.00019362042076, 7.8704484622e-05, 6.47802298772e-05, 5.00083006045e-05, 3.31335795636e-05, 4.16017064708e-05, 3.84563718399e-05, 1.62842225109e-05, 1.52504326252e-05, 1.60775689437e-05, 9.77962554316e-06, 9.12049381441e-06, 5.7482734519e-06, 4.76137802252e-06, 4.20305241278e-06, 4.3214931793e-06, 3.56752730113e-06, 6.02909130976e-06, 6.24979702479e-06, 6.06524554314e-06, 3.53799691766e-06, 2.80628546534e-06, 2.89056788461e-06, 3.79757443625e-06, 4.16391412728e-06, 3.43857459484e-06, 2.25785424846e-06, 9.85076212601e-07, 5.2864453437e-07, 4.71964085591e-07, 4.00369174258e-07, 3.29209910888e-07],
        "dmean2": [0.000932980387006, 0.00207597785629, 0.000980726443231, 0.00131348706782, 0.000639072502963, 0.000295718578855, 0.000256189756328, 0.000271790398983, 0.000278072227957, 0.000116268063721, 9.86738159554e-05, 7.74152067606e-05, 5.216135105e-05, 6.64968902129e-05, 5.48451243958e-05, 2.59057142102e-05, 2.56553721556e-05, 2.67535360763e-05, 1.53881555889e-05, 1.41954542414e-05, 9.24289906834e-06, 7.63078423915e-06, 6.42303893983e-06, 6.70832332617e-06, 5.47908166482e-06, 9.56285111897e-06, 1.00669603853e-05, 9.43548820942e-06, 5.4356110013e-06, 4.38527013102e-06, 4.52624362879e-06, 5.56194072487e-06, 6.07031915933e-06, 4.81780170958e-06, 3.24614484271e-06, 1.51021754391e-06, 8.03266573257e-07, 7.05166826265e-07, 6.00225860126e-07, 5.05445655108e-07],
        "dvar": [1.06502773178e-06, 3.29138470079e-06, 8.5183887677e-07, 1.2860134575e-06, 3.06449692289e-07, 6.51768345961e-08, 1.08540227473e-07, 1.71802525983e-07, 1.85652737628e-07, 3.53642874984e-08, 3.17426653851e-08, 1.4896537337e-08, 1.00873549513e-08, 2.7549980075e-08, 1.06672262135e-08, 4.00287092361e-09, 1.60628244039e-09, 2.19411022684e-09, 8.89939677506e-10, 1.19120502351e-09, 1.61239979701e-10, 1.19327339676e-10, 1.18428281071e-10, 3.17340098643e-10, 2.10987741167e-10, 3.2038713349e-10, 2.85007822898e-10, 8.09919742384e-10, 1.22359039567e-10, 5.60512712633e-11, 6.26350013522e-11, 1.24450449945e-10, 2.13746964572e-10, 2.79813949788e-10, 1.23889606907e-10, 1.19170185872e-11, 1.87764625896e-12, 1.55685544751e-12, 1.08058343089e-12, 6.31777453703e-13],
        "dvar2": [2.73295768238e-06, 8.71443990036e-06, 2.23354459195e-06, 3.29069507643e-06, 7.39153733775e-07, 1.61253936426e-07, 2.34969547819e-07, 3.35478375746e-07, 3.98757549647e-07, 6.84732341938e-08, 6.98527458098e-08, 3.21550892579e-08, 2.32785506427e-08, 7.5841285252e-08, 1.81528676535e-08, 9.70587787918e-09, 4.24451274128e-09, 5.96930371799e-09, 1.86478565922e-09, 2.60274091168e-09, 3.8155092974e-10, 2.91347473924e-10, 2.23746923766e-10, 7.13603565128e-10, 4.75296579872e-10, 7.21851689534e-10, 6.97827184926e-10, 1.86222415266e-09, 3.02379649098e-10, 1.31527982949e-10, 1.51251330904e-10, 2.26648977364e-10, 4.12954892504e-10, 6.11515227344e-10, 2.30197125251e-10, 2.40891057102e-11, 3.73990899014e-12, 3.42347591248e-12, 2.23003191434e-12, 1.41333461861e-12],
        "max": [0.0149872405455, 0.0240346640348, 0.0123231820762, 0.0197704602033, 0.00629408471286, 0.00316773261875, 0.00527781853452, 0.00570267252624, 0.00600062636659, 0.0046185539104, 0.00279899942689, 0.00206561433151, 0.00191370421089, 0.00267033115961, 0.00251585780643, 0.00162025087047, 0.000546039314941, 0.000876600388438, 0.000813897931948, 0.000724695797544, 0.000240582958213, 0.000243201677222, 0.000261102686636, 0.000439762923634, 0.000443907862063, 0.000315710349241, 0.000273910933174, 0.00085652951384, 0.000256421422819, 0.000119939773867, 0.000138403469464, 0.000238924563746, 0.000320985942381, 0.000413118337747, 0.000363180995919, 7.37331647542e-05, 2.93059620162e-05, 1.98139678105e-05, 2.03277559194e-05, 1.43495335578e-05],
        "mean": [0.00118695979472, 0.00283550540917, 0.00127759552561, 0.00151625496801, 0.000718012684956, 0.000359606958227, 0.000364748673746, 0.000334197800839, 0.00036110446672, 0.000141143988003, 0.000116230592539, 9.22832041397e-05, 5.54514772375e-05, 6.08223126619e-05, 6.99573356542e-05, 2.35163315665e-05, 2.2098840418e-05, 2.51071596722e-05, 1.34164356496e-05, 1.34119509312e-05, 9.73936312221e-06, 7.81481048762e-06, 6.95907965564e-06, 6.85694703861e-06, 6.51210939395e-06, 1.04114888018e-05, 1.09505617729e-05, 9.88712235994e-06, 6.27780991636e-06, 5.13672466695e-06, 4.87056513521e-06, 6.61187323203e-06, 7.17240436643e-06, 5.59121190236e-06, 3.68797486772e-06, 1.63648132911e-06, 9.78156094789e-07, 7.56814984015e-07, 6.73248734984e-07, 5.17096566455e-07],
        "median": [0.000814939965494, 0.0021125851199, 0.000973253976554, 0.000976824318059, 0.000484499323647, 0.000242708818405, 0.000174244196387, 7.64374417486e-05, 0.000103681348264, 5.1926013839e-05, 3.56189848389e-05, 2.91654432658e-05, 1.67486196005e-05, 1.02155372588e-05, 1.04509854282e-05, 5.67732786294e-06, 6.00928797212e-06, 4.54015935247e-06, 3.75621789317e-06, 3.15757324643e-06, 2.88334808829e-06, 3.06399260808e-06, 2.32513571063e-06, 1.82897588274e-06, 1.6955823412e-06, 2.15677209781e-06, 1.81230120688e-06, 1.15362854558e-06, 1.07772689262e-06, 8.38052869767e-07, 8.27894780286e-07, 9.59106046139e-07, 8.04584146863e-07, 4.35225388173e-07, 2.72066245088e-07, 1.99808795287e-07, 1.97502998844e-07, 1.55494063847e-07, 1.20172956031e-07, 9.55614041231e-08],
        "min": [2.27728845545e-19, 2.27255775782e-19, 2.2735059136e-19, 2.27833380495e-19, 2.27236078544e-19, 2.27477899626e-19, 2.27686426689e-19, 2.27214132409e-19, 2.27594609641e-19, 2.27413095195e-19, 2.27411854424e-19, 2.27561884308e-19, 2.2749565816e-19, 2.27514166326e-19, 2.27494236443e-19, 2.27510521562e-19, 2.27450706064e-19, 2.27536112462e-19, 2.27470946139e-19, 2.27440857445e-19, 2.27509151544e-19, 2.27485085758e-19, 2.27489221661e-19, 2.27480381168e-19, 2.27480691361e-19, 2.27494572486e-19, 2.27466034754e-19, 2.27479424741e-19, 2.27487308806e-19, 2.27465466068e-19, 2.27479657385e-19, 2.27481260048e-19, 2.27494158895e-19, 2.27501913714e-19, 2.27495528913e-19, 2.27478287367e-19, 2.27492737179e-19, 2.27491237914e-19, 2.27487722396e-19, 2.27492271889e-19],
        "var": [1.88793262623e-06, 6.84628139425e-06, 1.44388366152e-06, 2.70895202448e-06, 5.79934578582e-07, 1.55667322588e-07, 3.13844850552e-07, 4.59781432482e-07, 4.90181378154e-07, 8.58727062791e-08, 7.93489718376e-08, 3.87376779543e-08, 2.07785983974e-08, 5.09799278348e-08, 4.31312088267e-08, 5.47264544792e-09, 2.22316320908e-09, 4.6158130651e-09, 1.51078671795e-09, 2.12457607063e-09, 4.00889821339e-10, 2.29406577068e-10, 2.51752424463e-10, 4.83892037551e-10, 4.4007980593e-10, 6.75105471526e-10, 6.73900490966e-10, 1.57925261757e-09, 2.6368141004e-10, 1.66369362731e-10, 1.62020799555e-10, 4.34379282543e-10, 6.88750056987e-10, 6.50116238621e-10, 3.25888760422e-10, 3.23934837287e-11, 6.27918897433e-12, 3.84280411311e-12, 3.18233915782e-12, 1.76739916105e-12]
    },
    "mfcc": {
        "mean": [-665.175354004, 139.768615723, 26.2084331512, 32.5546417236, -1.15655124187, 7.43198823929, -0.0048391930759, 2.50762104988, -0.0526173561811, -0.119566254318, -0.457561612129, -4.04997253418, -1.38100159168],
        "cov": [[7632.34277344, -1159.79626465, -647.555053711, -177.243164062, -446.240600586, 64.9726638794, 4.16800308228, -17.9666004181, 9.37702274323, 135.177780151, 75.5717163086, -52.4098472595, 59.993183136], [-1159.79626465, 1490.80883789, -230.296859741, -166.442382812, 180.070648193, -183.652481079, -18.8827800751, 24.1774196625, -23.9486083984, -119.493751526, 46.3526039124, 47.3264312744, -15.682592392], [-647.555053711, -230.296859741, 476.443786621, 87.1367111206, 9.27568149567, 72.8989562988, -14.8725833893, 13.9827528, 2.16936731339, 1.82288527489, -49.6363868713, -10.3385820389, 10.0826950073], [-177.243164062, -166.442382812, 87.1367111206, 258.784698486, 38.1007347107, 56.94165802, 10.9579172134, -3.84404301643, 18.1820678711, 22.8590812683, -47.3703994751, -18.845413208, -1.25795352459], [-446.240600586, 180.070648193, 9.27568149567, 38.1007347107, 236.424743652, -9.18309402466, -13.2648591995, -30.9365406036, 16.3152732849, -1.43869972229, -20.1894607544, 13.9000997543, -23.1420917511], [64.9726638794, -183.652481079, 72.8989562988, 56.94165802, -9.18309402466, 133.739425659, 27.2915821075, 6.40437078476, -1.1260869503, 12.7104988098, -9.77680778503, -6.18847465515, -3.93462491035], [4.16800308228, -18.8827800751, -14.8725833893, 10.9579172134, -13.2648591995, 27.2915821075, 152.166534424, 20.0175552368, -0.58266222477, -3.07219719887, 4.80550670624, 5.59650421143, -8.15434265137], [-17.9666004181, 24.1774196625, 13.9827528, -3.84404301643, -30.9365406036, 6.40437078476, 20.0175552368, 100.204750061, -1.92285871506, -21.4940547943, 16.7523174286, -0.589775621891, 1.52136075497], [9.37702274323, -23.9486083984, 2.16936731339, 18.1820678711, 16.3152732849, -1.1260869503, -0.58266222477, -1.92285871506, 85.8935089111, 26.7961139679, -9.5984172821, -9.79169273376, -2.20637488365], [135.177780151, -119.493751526, 1.82288527489, 22.8590812683, -1.43869972229, 12.7104988098, -3.07219719887, -21.4940547943, 26.7961139679, 97.7695236206, 3.56482291222, -10.0690450668, 3.19163203239], [75.5717163086, 46.3526039124, -49.6363868713, -47.3703994751, -20.1894607544, -9.77680778503, 4.80550670624, 16.7523174286, -9.5984172821, 3.56482291222, 91.1374969482, 7.64641332626, -5.76762485504], [-52.4098472595, 47.3264312744, -10.3385820389, -18.845413208, 13.9000997543, -6.18847465515, 5.59650421143, -0.589775621891, -9.79169273376, -10.0690450668, 7.64641332626, 61.354927063, 12.0408792496], [59.993183136, -15.682592392, 10.0826950073, -1.25795352459, -23.1420917511, -3.93462491035, -8.15434265137, 1.52136075497, -2.20637488365, 3.19163203239, -5.76762485504, 12.0408792496, 63.3035049438]],
