{
"lowlevel": {
    "average_loudness": 0.94987231493,
    "barkbands_crest": {
        "dmean": 2.68891191483,
        "dmean2": 4.39051532745,
        "dvar": 5.3555803299,
        "dvar2": 13.5905370712,
        "max": 23.3807411194,
        "mean": 9.93916416168,
        "median": 9.28957366943,
        "min": 3.10867333412,
        "var": 12.6241636276
    },
    "barkbands_flatness_db": {
        "dmean": 0.0252738464624,
        "dmean2": 0.0388260520995,
        "dvar": 0.000460244918941,
        "dvar2": 0.00101440493017,
        "max": 0.31248447299,
        "mean": 0.164644286036,
        "median": 0.162704452872,
        "min": 0.029154041782,
        "var": 0.00175660266541
    },
    "barkbands_kurtosis": {
        "dmean": 2.86219334602,
        "dmean2": 4.57007408142,
        "dvar": 19.2589550018,
        "dvar2": 45.1974868774,
        "max": 92.120262146,
        "mean": 4.15454387665,
        "median": 1.97713565826,
        "min": -1.80767917633,
        "var": 53.1528892517
    },
    "barkbands_skewness": {
        "dmean": 0.565817177296,
        "dmean2": 0.855439424515,
        "dvar": 0.260928809643,
        "dvar2": 0.577246963978,
        "max": 8.14554786682,
        "mean": 1.4512629509,
        "median": 1.3251503706,
        "min": -2.0270960331,
        "var": 1.21067881584
    },
    "barkbands_spread": {
        "dmean": 4.36500072479,
        "dmean2": 6.87134361267,
        "dvar": 28.8403892517,
        "dvar2": 63.3746795654,
        "max": 72.7881774902,
        "mean": 15.1398944855,
        "median": 12.9411258698,
        "min": 1.37348914146,
        "var": 86.5895385742
    },
    "dissonance": {
        "dmean": 0.0290456172079,
        "dmean2": 0.0487377345562,
        "dvar": 0.000717141432688,
        "dvar2": 0.00191443797667,
        "max": 0.499996632338,
        "mean": 0.444248199463,
        "median": 0.452551007271,
        "min": 0.246886387467,
        "var": 0.00145089800935
    },
    "dynamic_complexity": 2.6006667614,
    "erbbands_crest": {
        "dmean": 3.31480717659,
        "dmean2": 5.30782175064,
        "dvar": 9.56162261963,
        "dvar2": 22.7625160217,
        "max": 30.5700950623,
        "mean": 11.1067237854,
        "median": 9.70389652252,
        "min": 2.76519656181,
        "var": 28.7678279877
    },
    "erbbands_flatness_db": {
        "dmean": 0.0250834897161,
        "dmean2": 0.036956962198,
        "dvar": 0.000446424877737,
        "dvar2": 0.000875481520779,
        "max": 0.327486097813,
        "mean": 0.184626996517,
        "median": 0.182359486818,
        "min": 0.0711217746139,
        "var": 0.00204375875182
    },
    "erbbands_kurtosis": {
        "dmean": 1.16371321678,
        "dmean2": 1.86583197117,
        "dvar": 2.23752856255,
        "dvar2": 5.48791456223,
        "max": 27.3470230103,
        "mean": 0.98323404789,
        "median": 0.422884225845,
        "min": -1.78714632988,
        "var": 4.75500822067
    },
    "erbbands_skewness": {
        "dmean": 0.415613651276,
        "dmean2": 0.659151017666,
        "dvar": 0.133269637823,
        "dvar2": 0.32921615243,
        "max": 2.7035369873,
        "mean": 0.455751359463,
        "median": 0.428398013115,
        "min": -1.71802604198,
        "var": 0.429354816675
    },
    "erbbands_spread": {
        "dmean": 7.79365539551,
        "dmean2": 11.880812645,
        "dvar": 72.6159896851,
        "dvar2": 155.517532349,
        "max": 142.943939209,
        "mean": 28.5950031281,
        "median": 25.6114711761,
        "min": 3.37909173965,
        "var": 263.504486084
    },
    "hfc": {
        "dmean": 5.97829246521,
        "dmean2": 8.6919336319,
        "dvar": 50.3285102844,
        "dvar2": 105.483764648,
        "max": 114.534942627,
        "mean": 20.4242534637,
        "median": 17.6194229126,
        "min": 1.14246189269e-16,
        "var": 222.85824585
    },
    "melbands_crest": {
        "dmean": 3.5867831707,
        "dmean2": 5.89484739304,
        "dvar": 8.98165798187,
        "dvar2": 22.6479625702,
        "max": 29.7333164215,
        "mean": 14.5151977539,
        "median": 13.763882637,
        "min": 1.00177669525,
        "var": 25.3644351959
    },
    "melbands_flatness_db": {
        "dmean": 0.0304585620761,
        "dmean2": 0.0465174019337,
        "dvar": 0.000692406203598,
        "dvar2": 0.00149009295274,
        "max": 0.420854836702,
        "mean": 0.223251089454,
        "median": 0.218509018421,
        "min": -3.45145423353e-07,
        "var": 0.00311340671033
    },
    "melbands_kurtosis": {
        "dmean": 5.94648647308,
        "dmean2": 9.30798721313,
        "dvar": 91.3830795288,
        "dvar2": 206.674423218,
        "max": 195.320724487,
        "mean": 9.74824047089,
        "median": 5.28582000732,
        "min": -1.5547618866,
        "var": 232.661300659
    },
    "melbands_skewness": {
        "dmean": 0.735569953918,
        "dmean2": 1.11301124096,
        "dvar": 0.489096701145,
        "dvar2": 1.08565378189,
        "max": 10.8282489777,
        "mean": 2.14094185829,
        "median": 1.94569826126,
        "min": -0.867167234421,
        "var": 2.12782692909
    },
    "melbands_spread": {
        "dmean": 5.42426395416,
        "dmean2": 8.44760608673,
        "dvar": 52.2258453369,
        "dvar2": 105.152107239,
        "max": 180.594436646,
        "mean": 17.6553955078,
        "median": 15.9078559875,
        "min": 1.23882353306,
        "var": 140.101074219
    },
    "pitch_salience": {
        "dmean": 0.0734050571918,
        "dmean2": 0.118125997484,
        "dvar": 0.00346284010448,
        "dvar2": 0.00851391069591,
        "max": 0.996068835258,
        "mean": 0.55065536499,
        "median": 0.556977689266,
        "min": 0.230743423104,
        "var": 0.0109831495211
    },
    "silence_rate_20dB": {
        "dmean": 0,
        "dmean2": 0,
        "dvar": 0,
        "dvar2": 0,
        "max": 1,
        "mean": 1,
        "median": 1,
        "min": 1,
        "var": 0
    },
    "silence_rate_30dB": {
        "dmean": 0.000772797502577,
        "dmean2": 0.00154619244859,
        "dvar": 0.000772200059146,
        "dvar2": 0.00231689657085,
        "max": 1,
        "mean": 0.999613761902,
        "median": 1,
        "min": 0,
        "var": 0.000386108004022
    },
    "silence_rate_60dB": {
        "dmean": 0.00850077252835,
        "dmean2": 0.0170081183314,
        "dvar": 0.00842871703207,
        "dvar2": 0.0198118239641,
        "max": 1,
        "mean": 0.0440324433148,
        "median": 0,
        "min": 0,
        "var": 0.0420926176012
    },
    "spectral_centroid": {
        "dmean": 209.944915771,
        "dmean2": 323.236022949,
        "dvar": 105062.007812,
        "dvar2": 146555.21875,
        "max": 11062.6630859,
        "mean": 987.472961426,
        "median": 922.832946777,
        "min": 207.292312622,
        "var": 276779.34375
    },
    "spectral_complexity": {
        "dmean": 2.91421937943,
        "dmean2": 4.43138790131,
        "dvar": 8.1765460968,
        "dvar2": 16.0745296478,
        "max": 41,
        "mean": 17.2000770569,
        "median": 17,
        "min": 0,
        "var": 52.0409660339
    },
    "spectral_decrease": {
        "dmean": 2.64277644213e-09,
        "dmean2": 4.06265643349e-09,
        "dvar": 7.24076354229e-18,
        "dvar2": 1.68444049003e-17,
        "max": 1.29020959944e-28,
        "mean": -8.12409339801e-09,
        "median": -7.74267938652e-09,
        "min": -3.11041503664e-08,
        "var": 2.36332680934e-17
    },
    "spectral_energy": {
        "dmean": 0.0104057090357,
        "dmean2": 0.0159336756915,
        "dvar": 0.000111331006337,
        "dvar2": 0.000256842235103,
        "max": 0.126937121153,
        "mean": 0.0325147174299,
        "median": 0.0310529097915,
        "min": 1.02635003286e-20,
        "var": 0.000375252158847
    },
    "spectral_energyband_high": {
        "dmean": 0.00021637660393,
        "dmean2": 0.000335659569828,
        "dvar": 1.36718497856e-07,
        "dvar2": 3.00623298699e-07,
        "max": 0.00588689139113,
        "mean": 0.000327732530423,
        "median": 0.000145415848237,
        "min": 7.38209905972e-21,
        "var": 2.98847879776e-07
    },
    "spectral_energyband_low": {
        "dmean": 0.00535570736974,
        "dmean2": 0.00866183079779,
        "dvar": 5.74231380597e-05,
        "dvar2": 0.000146178485011,
        "max": 0.07368452847,
        "mean": 0.0101812519133,
        "median": 0.00690424442291,
        "min": 3.72562975882e-23,
        "var": 0.00011932169582
    },
    "spectral_energyband_middle_high": {
        "dmean": 0.00331689254381,
        "dmean2": 0.00494618387893,
        "dvar": 2.75029033219e-05,
        "dvar2": 6.55728072161e-05,
        "max": 0.0821115300059,
        "mean": 0.00842020008713,
        "median": 0.00550048518926,
        "min": 1.36019895679e-21,
        "var": 8.12518046587e-05
    },
    "spectral_energyband_middle_low": {
        "dmean": 0.00652845995501,
        "dmean2": 0.0102864066139,
        "dvar": 4.84557385789e-05,
        "dvar2": 0.000112503090349,
        "max": 0.0733679533005,
        "mean": 0.016136366874,
        "median": 0.0143280969933,
        "min": 2.26455838816e-22,
        "var": 0.000122686644318
    },
    "spectral_entropy": {
        "dmean": 0.244421690702,
        "dmean2": 0.363576114178,
        "dvar": 0.0468626618385,
        "dvar2": 0.0959052741528,
        "max": 9.79803371429,
        "mean": 7.25918769836,
        "median": 7.23531627655,
        "min": 5.77620887756,
        "var": 0.16631886363
    },
    "spectral_flux": {
        "dmean": 0.024974629283,
        "dmean2": 0.0386269651353,
        "dvar": 0.000552044599317,
        "dvar2": 0.00127064005937,
        "max": 0.292057573795,
        "mean": 0.0916600823402,
        "median": 0.0894733816385,
        "min": 1.05896333369e-10,
        "var": 0.00164878717624
    },
    "spectral_kurtosis": {
        "dmean": 2.72362232208,
        "dmean2": 4.30225563049,
        "dvar": 6.34467840195,
        "dvar2": 15.7517185211,
        "max": 26.2209091187,
        "mean": 6.72903108597,
        "median": 6.23369884491,
        "min": -1.22967982292,
        "var": 13.5929231644
    },
    "spectral_rms": {
        "dmean": 0.000884353357833,
        "dmean2": 0.0013283751905,
        "dvar": 6.30626573184e-07,
        "dvar2": 1.37239999276e-06,
        "max": 0.0111283911392,
        "mean": 0.00531957857311,
        "median": 0.00550413690507,
        "min": 3.16435939951e-12,
        "var": 3.42379439644e-06
    },
    "spectral_rolloff": {
        "dmean": 336.745544434,
        "dmean2": 565.224121094,
        "dvar": 573033.125,
        "dvar2": 1089355,
        "max": 19056.8847656,
        "mean": 1123.5657959,
        "median": 904.39453125,
        "min": 129.19921875,
        "var": 1295150.625
    },
    "spectral_skewness": {
        "dmean": 0.335194259882,
        "dmean2": 0.510440647602,
        "dvar": 0.0822344347835,
        "dvar2": 0.18757095933,
        "max": 4.00803899765,
        "mean": 1.94600486755,
        "median": 1.93215835094,
        "min": -0.00554665364325,
        "var": 0.26292052865
    },
    "spectral_spread": {
        "dmean": 767210.4375,
        "dmean2": 1096307.875,
        "dvar": 1.09003630182e+12,
        "dvar2": 1.28899743744e+12,
        "max": 41716768,
        "mean": 3936598,
        "median": 3585609.5,
        "min": 1857464.25,
        "var": 2.91529608397e+12
    },
    "spectral_strongpeak": {
        "dmean": 0.751127839088,
        "dmean2": 1.24436283112,
        "dvar": 1.09249973297,
        "dvar2": 2.57685041428,
        "max": 10.069861412,
        "mean": 1.37272560596,
        "median": 0.744558513165,
        "min": 0,
        "var": 2.20556926727
    },
    "zerocrossingrate": {
        "dmean": 0.00794400367886,
        "dmean2": 0.00987358670682,
        "dvar": 0.000235087398323,
        "dvar2": 0.000318937294651,
        "max": 0.50927734375,
        "mean": 0.0455425530672,
        "median": 0.0419921875,
        "min": 0.0078125,
        "var": 0.000843046524096
    },
    "barkbands": {
        "dmean": [0.000373168062652, 0.00216232752427, 0.00284577859566, 0.00245026522316, 0.00194083037786, 0.00102128274739, 0.00177589454688, 0.000921470869798, 0.00184846529737, 0.00208615325391, 0.000275442405837, 0.000698296586052, 0.000821841997094, 0.00034589599818, 0.000313148542773, 0.000242440233706, 0.00020037489594, 0.000119028474728, 9.09993323148e-05, 6.8783730967e-05, 7.58419264457e-05, 4.81765673612e-05, 3.43504943885e-05, 3.17595549859e-05, 1.96454966499e-05, 8.76923149917e-06, 7.56608820041e-09],
        "dmean2": [0.000597031437792, 0.00378659274429, 0.00465060537681, 0.0041156844236, 0.00328616262414, 0.00164027675055, 0.0027405472938, 0.00147751194891, 0.00284184282646, 0.0032435960602, 0.000455624365713, 0.00109879090451, 0.00131988909561, 0.000512359081767, 0.000501750677358, 0.000403820187785, 0.000307883397909, 0.000180957460543, 0.000138026298373, 0.000107945103082, 0.000125005899463, 7.72165149101e-05, 5.30129327672e-05, 4.9148027756e-05, 2.91991709673e-05, 1.39551448228e-05, 1.35224826892e-08],
        "dvar": [6.71285363296e-07, 1.89594411495e-05, 1.88080630323e-05, 1.64532666531e-05, 1.09880011223e-05, 4.45854357167e-06, 1.20571821753e-05, 4.51117466582e-06, 1.63808999787e-05, 1.39572521221e-05, 6.94265622769e-07, 8.40454686113e-06, 6.30168187854e-06, 5.2256075378e-07, 4.662307731e-07, 3.5885901184e-07, 1.29340577359e-07, 5.10393149966e-08, 2.73090901004e-08, 1.45273872931e-08, 2.24008918082e-08, 8.39536795638e-09, 4.6375645546e-09, 5.39448707926e-09, 1.68194691508e-09, 2.67216304639e-10, 8.79488391057e-16],
        "dvar2": [1.5478253772e-06, 5.35946310265e-05, 4.77270732517e-05, 4.18454874307e-05, 3.1050753023e-05, 1.08287567855e-05, 2.9075119528e-05, 1.123961556e-05, 3.75501913368e-05, 3.26842928189e-05, 2.04792740988e-06, 2.06765180337e-05, 1.65524215845e-05, 1.09920711111e-06, 1.23779750538e-06, 9.98795144369e-07, 2.92279622727e-07, 1.0788726712e-07, 6.11989676713e-08, 3.30427027961e-08, 5.28017167767e-08, 2.0206073259e-08, 9.64691260208e-09, 1.09406279591e-08, 3.0367315329e-09, 5.83702697288e-10, 2.52976172928e-15],
        "max": [0.0096849668771, 0.0452853068709, 0.0407469905913, 0.0553204417229, 0.0409020856023, 0.0298361666501, 0.0608813166618, 0.0406199023128, 0.0486142337322, 0.0506096817553, 0.018771186471, 0.0725294351578, 0.0589510649443, 0.0190460849553, 0.012235512957, 0.011076525785, 0.00708547513932, 0.00334134907462, 0.002551256679, 0.00193633488379, 0.00273644458503, 0.001718311687, 0.00142735918052, 0.00184909417294, 0.0010630004108, 0.000390713714296, 6.93148251685e-07],
        "mean": [0.000372469570721, 0.00270306761377, 0.0046984096989, 0.00366161530837, 0.00314987683669, 0.00168094527908, 0.00298775127158, 0.00139287603088, 0.00294796656817, 0.00354659324512, 0.000386233296013, 0.0010635976214, 0.0012452112278, 0.00061144202482, 0.000513652688824, 0.00033635654836, 0.000381441990612, 0.000239599394263, 0.000182013449376, 0.000118606702017, 0.000104308484879, 6.09066228208e-05, 4.73304535262e-05, 4.31155349361e-05, 2.72378892987e-05, 1.21042121464e-05, 5.97917715339e-09],
        "median": [5.85854104429e-05, 0.00122308114078, 0.00202046474442, 0.00140824681148, 0.00151653471403, 0.000624283857178, 0.00139243016019, 0.00040179779171, 0.000942720798776, 0.00123818137217, 0.000146476115333, 0.00032727397047, 0.000222978691454, 0.000195314423763, 0.000183842072147, 0.000120729811897, 0.000169858234585, 8.00059351604e-05, 8.29215277918e-05, 3.98418378609e-05, 3.75366071239e-05, 2.66621082119e-05, 1.63764889294e-05, 1.35959262479e-05, 8.57040231494e-06, 5.83161227041e-06, 1.20611443055e-09],
        "min": [5.95891091649e-24, 1.78150430378e-23, 8.44584777388e-24, 4.83275517631e-24, 4.86960302696e-23, 4.39690621296e-23, 1.44525439397e-23, 3.55824641205e-23, 3.91409052235e-23, 4.59785748451e-23, 5.20445617965e-23, 4.58359424825e-23, 5.21122807721e-23, 8.89893666123e-23, 1.00451326239e-22, 1.61251890673e-22, 5.86030882537e-23, 1.82203809124e-22, 2.97134771941e-22, 2.66769862247e-22, 3.4108192267e-22, 4.41529007993e-22, 4.66717778458e-22, 8.43367886867e-22, 1.02995093424e-21, 1.92527297314e-21, 2.30467584007e-21],
        "var": [7.82626557339e-07, 1.87458354048e-05, 3.7769368646e-05, 2.72260786005e-05, 1.81423620234e-05, 8.61896842252e-06, 2.22773287533e-05, 8.54372592585e-06, 3.5839730117e-05, 3.14514727506e-05, 1.0194812603e-06, 1.05008448372e-05, 1.20638105727e-05, 1.19925891795e-06, 7.89894613717e-07, 3.78136377321e-07, 3.27809459577e-07, 1.60585486242e-07, 7.01577747009e-08, 4.31226609976e-08, 3.41407719873e-08, 1.33883419906e-08, 1.20518182101e-08, 1.43146134945e-08, 4.50087078718e-09, 4.97606733596e-10, 5.54211698625e-16]
    },
    "erbbands": {
        "dmean": [0.0654593482614, 0.510064601898, 2.56241846085, 6.70629405975, 6.14856433868, 7.03388977051, 6.11847686768, 9.53771400452, 27.4172477722, 15.1310386658, 28.1871986389, 44.9069213867, 23.8766174316, 73.4478988647, 15.9461488724, 30.3870773315, 37.5869216919, 19.9022445679, 18.4484500885, 8.50325489044, 14.3054046631, 9.66973686218, 6.50782012939, 4.58095645905, 4.94484376907, 2.90289902687, 3.20021796227, 2.48505210876, 1.85615754128, 1.14030241966, 0.956334590912, 0.693668603897, 0.508701741695, 0.309348255396, 0.0976380929351, 0.0422636307776, 0.0161237567663, 0.00195081252605, 3.66715030395e-05, 1.22368592201e-05],
        "dmean2": [0.115075916052, 0.87731808424, 4.13998985291, 11.1655578613, 10.36673069, 12.0426492691, 9.94086265564, 15.1435422897, 42.3074607849, 23.8520145416, 44.7950057983, 69.0367660522, 36.9227638245, 114.798171997, 25.2600479126, 48.0442962646, 59.8869667053, 29.5467205048, 29.2861061096, 13.0658502579, 23.7020778656, 14.6150331497, 9.96475315094, 6.79203462601, 7.48651218414, 4.60025119781, 5.18002557755, 4.16248178482, 3.0431406498, 1.76798737049, 1.49396348, 1.09589338303, 0.77009677887, 0.46073192358, 0.14740909636, 0.0661011114717, 0.0259211901575, 0.00325087993406, 5.92673386564e-05, 1.85248700291e-05],
        "dvar": [0.0222788266838, 0.98193782568, 16.8098068237, 120.272293091, 108.405258179, 150.18637085, 133.859237671, 485.522949219, 3073.42333984, 862.189147949, 2880.82202148, 11450.7529297, 1459.98620605, 19182.0820312, 1435.73132324, 20524.9609375, 14078.7910156, 1402.6463623, 1816.78747559, 283.278045654, 1225.44604492, 333.784790039, 150.946746826, 83.0036621094, 84.4007263184, 28.1066970825, 50.9023666382, 26.464427948, 14.272521019, 4.45992708206, 4.16293859482, 2.07707381248, 1.66128957272, 0.468902677298, 0.0424055419862, 0.00873826630414, 0.000698708114214, 9.93208141153e-06, 3.27107563258e-09, 1.47733117406e-10],
        "dvar2": [0.062822945416, 2.80140352249, 41.7457847595, 304.013275146, 292.315032959, 435.675537109, 345.783111572, 1196.60498047, 7326.23291016, 1998.73449707, 7263.95605469, 25797.6835938, 3525.69335938, 45663.3554688, 4127.84228516, 50564.8164062, 37395.234375, 3045.31567383, 4633.8828125, 679.748535156, 3421.02709961, 750.4296875, 330.548553467, 158.913513184, 181.285293579, 66.2399597168, 116.300094604, 67.1061172485, 35.1525497437, 9.33255958557, 9.00284957886, 4.53241825104, 3.32394838333, 0.911718010902, 0.0756381899118, 0.0173910483718, 0.00163657078519, 2.45284372795e-05, 7.8099882117e-09, 3.31076527305e-10],
        "max": [1.48020839691, 11.3604917526, 42.2711906433, 157.248825073, 147.129364014, 166.770065308, 193.538635254, 343.803283691, 998.501647949, 506.648681641, 954.500244141, 1496.93029785, 912.839355469, 1807.09680176, 756.888061523, 3707.99829102, 2722.76367188, 693.695861816, 758.11151123, 259.95602417, 709.019348145, 398.751251221, 224.891555786, 202.34979248, 155.064682007, 109.5860672, 154.092285156, 72.952583313, 75.4427871704, 52.3492431641, 41.2873306274, 33.9652023315, 31.0041065216, 18.2808761597, 5.39577150345, 2.56153345108, 0.394463777542, 0.0407278910279, 0.000727511651348, 0.000154700275743],
        "mean": [0.0716482922435, 0.691141366959, 4.50742101669, 10.7397079468, 9.6280298233, 11.1943483353, 10.1683740616, 15.2660264969, 43.1100120544, 29.7169933319, 44.6609153748, 72.2513046265, 47.7287559509, 122.458190918, 28.8002910614, 47.4481620789, 58.5890045166, 37.9749679565, 31.800113678, 15.4958963394, 22.3650245667, 18.9210548401, 13.3054828644, 10.7907600403, 10.5403957367, 5.39600849152, 4.84293603897, 3.01200532913, 2.25935411453, 1.63002312183, 1.26878619194, 0.924098849297, 0.713860332966, 0.418235749006, 0.13340651989, 0.0629320889711, 0.0202380120754, 0.00209804205224, 5.74098012294e-05, 3.97551375499e-05],
        "median": [0.0268333088607, 0.303158819675, 1.83397376537, 5.63224506378, 5.63398981094, 4.81387424469, 4.95916366577, 5.9630408287, 16.5602874756, 13.2849159241, 16.6077537537, 21.531961441, 27.1284351349, 38.6958389282, 14.739947319, 14.2946968079, 11.5632658005, 13.7162942886, 11.527381897, 6.75905179977, 9.62726974487, 8.30176067352, 5.46601915359, 4.28007078171, 3.79595112801, 2.1479845047, 1.79545712471, 1.24521112442, 0.967677474022, 0.666879236698, 0.429251074791, 0.327860504389, 0.217334717512, 0.121990665793, 0.0440236292779, 0.0263343825936, 0.00931061804295, 0.000912824878469, 3.64333718608e-05, 3.81032114092e-05],
        "min": [1.04641033402e-21, 2.16443520281e-21, 8.41044531204e-21, 1.60877581854e-20, 8.54138622587e-20, 1.07348152401e-19, 3.53425918959e-19, 3.35130467417e-19, 2.10369723683e-19, 5.42193988965e-19, 5.78985431648e-19, 6.57463158288e-19, 1.37612279265e-18, 2.19495374071e-18, 1.82004922411e-18, 2.16563535787e-18, 2.73746945123e-18, 3.91347791836e-18, 3.63071987444e-18, 8.64335994026e-18, 8.77386670704e-18, 5.02440960516e-18, 8.37402496973e-18, 9.5722903856e-18, 1.8556928503e-17, 1.28826961484e-17, 1.71950004398e-17, 9.87023918788e-18, 1.27167562729e-17, 1.83784891012e-17, 1.18476425663e-17, 1.69275779109e-17, 1.2931863764e-17, 9.83275053534e-18, 8.32767473128e-18, 6.27069575073e-18, 3.87504669351e-18, 1.33123335517e-18, 2.78290906722e-19, 3.46619986738e-20],
        "var": [0.0181494448334, 1.09307026863, 37.3531265259, 206.707809448, 147.984146118, 278.032440186, 240.16444397, 856.18548584, 5700.80419922, 1996.9708252, 5497.77734375, 25914.0136719, 4107.96240234, 41793.1757812, 2428.05541992, 24804.2207031, 26538.4257812, 3533.11938477, 3291.07373047, 655.751281738, 1338.97155762, 847.241333008, 417.577972412, 391.338195801, 274.632781982, 91.9571838379, 85.3710250854, 32.334186554, 19.0439128876, 12.2108983994, 9.67283153534, 4.90274000168, 4.5479631424, 1.12618160248, 0.112568840384, 0.0187760554254, 0.00112918997183, 1.20777176562e-05, 4.74564831876e-09, 5.20348764077e-10]
    },
    "gfcc": {
        "mean": [-7.99754905701, 110.45526886, -123.678764343, 14.4886541367, -61.5264167786, 11.658572197, -36.2956848145, 7.99495458603, -27.0383739471, -2.95357394218, -21.5694484711, -4.07912302017, -14.9576034546],
        "cov": [[6991.43115234, -59.5019607544, -500.258026123, 272.720703125, 45.1142311096, 177.767700195, 118.405250549, 323.98348999, -10.9089536667, 124.271972656, -17.2471504211, 32.1455154419, 56.3568878174], [-59.5019607544, 964.958679199, 138.342056274, 57.4992675781, 342.156219482, 64.0974884033, 227.906005859, -53.5907859802, 24.9267463684, -127.901344299, 69.8592453003, -64.5671005249, 80.3563919067], [-500.258026123, 138.342056274, 767.850402832, 426.687103271, 158.035263062, 254.747177124, 127.593437195, 5.49650144577, 5.83876800537, -25.6403923035, -61.6753044128, 18.5126914978, 74.8294219971], [272.720703125, 57.4992675781, 426.687103271, 568.811645508, 214.223312378, 179.057281494, 111.750740051, 84.6814956665, 26.0889148712, 2.03823375702, -46.5738220215, -9.03090381622, 94.1872634888], [45.1142311096, 342.156219482, 158.035263062, 214.223312378, 344.721466064, 119.335441589, 141.82421875, 51.4872245789, 22.976354599, -34.2510299683, -3.75685787201, -37.6800727844, 60.6690788269], [177.767700195, 64.0974884033, 254.747177124, 179.057281494, 119.335441589, 278.13168335, 163.001449585, 27.071516037, 1.15929806232, -17.7308158875, -27.5092887878, -2.30167937279, 52.0431785583], [118.405250549, 227.906005859, 127.593437195, 111.750740051, 141.82421875, 163.001449585, 262.246459961, 54.25415802, -8.06067848206, -48.6062431335, 0.450069606304, -11.2582397461, 38.303565979], [323.98348999, -53.5907859802, 5.49650144577, 84.6814956665, 51.4872245789, 27.071516037, 54.25415802, 146.677047729, 32.5115432739, 28.8525257111, 5.64664268494, 9.82117462158, 3.10834980011], [-10.9089536667, 24.9267463684, 5.83876800537, 26.0889148712, 22.976354599, 1.15929806232, -8.06067848206, 32.5115432739, 93.1407699585, 47.9344215393, 21.2297592163, -2.86350417137, 3.42266511917], [124.271972656, -127.901344299, -25.6403923035, 2.03823375702, -34.2510299683, -17.7308158875, -48.6062431335, 28.8525257111, 47.9344215393, 110.147842407, 36.4219818115, 16.6830711365, -23.9591693878], [-17.2471504211, 69.8592453003, -61.6753044128, -46.5738220215, -3.75685787201, -27.5092887878, 0.450069606304, 5.64664268494, 21.2297592163, 36.4219818115, 100.911094666, 26.271024704, -18.056848526], [32.1455154419, -64.5671005249, 18.5126914978, -9.03090381622, -37.6800727844, -2.30167937279, -11.2582397461, 9.82117462158, -2.86350417137, 16.6830711365, 26.271024704, 81.7812347412, 18.3152122498], [56.3568878174, 80.3563919067, 74.8294219971, 94.1872634888, 60.6690788269, 52.0431785583, 38.303565979, 3.10834980011, 3.42266511917, -23.9591693878, -18.056848526, 18.3152122498, 114.994277954]],
        "icov": [[0.000254826212768, -0.000487776327645, 0.000604594359174, -0.00046907927026, 0.000464631943032, -0.000656476593576, 0.000344931031577, -0.000653378374409, 0.000603482767474, -0.000728852930479, 0.000689303153194, -0.00044213901856, 0.000170321858604], [-0.000487776327645, 0.00501271337271, -0.00230834702961, 0.00211287545972, -0.004120958969, 0.00343492324464, -0.00324789085425, 0.00360590545461, -0.00357621326111, 0.00517451763153, -0.00577255478129, 0.0033776180353, -0.00214809365571], [0.000604594359174, -0.00230834702961, 0.00480008451268, -0.00351329240948, 0.00198751850985, -0.00382544007152, 0.00152582908049, -0.000703379220795, 0.00139399175532, -0.00224157376215, 0.00387896248139, -0.00360635016114, 0.00193924014457], [-0.00046907927026, 0.00211287545972, -0.00351329240948, 0.00565505912527, -0.00313012907282, 0.00174113980029, -0.000937462726142, -0.000219172274228, -0.00114717462566, 0.00115160283167, -0.00214435230009, 0.00284551852383, -0.00292645627633], [0.000464631943032, -0.004120958969, 0.00198751850985, -0.00313012907282, 0.00864257104695, -0.00321501726285, 0.00130643986631, -0.00371857429855, 0.00198571523651, -0.0028524629306, 0.00305031752214, -0.000115499955427, 0.000327053305227], [-0.000656476593576, 0.00343492324464, -0.00382544007152, 0.00174113980029, -0.00321501726285, 0.0108743207529, -0.00663272477686, 0.00363780301996, -0.00258178403601, 0.00172539020423, -0.00250553758815, 0.00241908919998, -0.00247198529541], [0.000344931031577, -0.00324789085425, 0.00152582908049, -0.000937462726142, 0.00130643986631, -0.00663272477686, 0.0106125082821, -0.00537550495937, 0.00313547509722, 0.000363372964785, 0.00101678457577, -0.00117031310219, 0.00112682313193], [-0.000653378374409, 0.00360590545461, -0.000703379220795, -0.000219172274228, -0.00371857429855, 0.00363780301996, -0.00537550495937, 0.0133842471987, -0.00560336979106, 0.00167608528864, -0.00218281382695, -0.000659490353428, 0.000460190640297], [0.000603482767474, -0.00357621326111, 0.00139399175532, -0.00114717462566, 0.00198571523651, -0.00258178403601, 0.00313547509722, -0.00560336979106, 0.0188893955201, -0.0107111865655, 0.00202205311507, 0.000899679842405, -0.00115605944302], [-0.000728852930479, 0.00517451763153, -0.00224157376215, 0.00115160283167, -0.0028524629306, 0.00172539020423, 0.000363372964785, 0.00167608528864, -0.0107111865655, 0.0225236583501, -0.0104535799474, 0.00177577743307, 0.000901778403204], [0.000689303153194, -0.00577255478129, 0.00387896248139, -0.00214435230009, 0.00305031752214, -0.00250553758815, 0.00101678457577, -0.00218281382695, 0.00202205311507, -0.0104535799474, 0.0218280032277, -0.0101292748004, 0.00497576408088], [-0.00044213901856, 0.0033776180353, -0.00360635016114, 0.00284551852383, -0.000115499955427, 0.00241908919998, -0.00117031310219, -0.000659490353428, 0.000899679842405, 0.00177577743307, -0.0101292748004, 0.020688874647, -0.00729615334421], [0.000170321858604, -0.00214809365571, 0.00193924014457, -0.00292645627633, 0.000327053305227, -0.00247198529541, 0.00112682313193, 0.000460190640297, -0.00115605944302, 0.000901778403204, 0.00497576408088, -0.00729615334421, 0.0139728086069]]
    },
    "melbands": {
        "dmean": [0.000580181833357, 0.00107163039502, 0.00105268519837, 0.000490274338517, 0.000214319006773, 0.00021552972612, 0.000404209858971, 0.000157281319844, 0.000275865138974, 0.000257651234278, 0.000127080958919, 0.000325004424667, 4.45304794994e-05, 8.13263541204e-05, 9.43261475186e-05, 5.96398022026e-05, 3.77315445803e-05, 3.07746013277e-05, 1.61623484018e-05, 1.38045497806e-05, 1.72986729012e-05, 1.03167722045e-05, 1.0206148545e-05, 5.48062325834e-06, 3.73628836314e-06, 3.94518428948e-06, 3.22157802657e-06, 1.77421622993e-06, 2.47732282332e-06, 1.30744024318e-06, 1.6600164372e-06, 1.2080927263e-06, 7.14915870503e-07, 6.46177454655e-07, 6.26154076144e-07, 4.37796700226e-07, 4.50432651178e-07, 3.95104194695e-07, 3.12100382871e-07, 2.42799870875e-07],
        "dmean2": [0.00100676319562, 0.00175388518255, 0.00174977397546, 0.000830255623441, 0.000353605108103, 0.00034301035339, 0.000619729456957, 0.000250602693995, 0.000435766734881, 0.000394719041651, 0.00019808349316, 0.000506948737893, 7.21521573723e-05, 0.000128086787299, 0.000152006105054, 9.48457673076e-05, 5.59262625757e-05, 4.8750458518e-05, 2.53989146586e-05, 2.23006991291e-05, 2.8635835406e-05, 1.56693677127e-05, 1.60613690241e-05, 8.54611334944e-06, 5.58515694138e-06, 6.14469581706e-06, 4.90096726935e-06, 2.87064199256e-06, 3.99062264478e-06, 2.15344380194e-06, 2.82640826299e-06, 2.01562988877e-06, 1.13724615858e-06, 1.02060232621e-06, 9.82548499451e-07, 6.92589480877e-07, 7.20015862044e-07, 6.1309128796e-07, 4.74362821024e-07, 3.69718293314e-07],
        "dvar": [1.50509947616e-06, 2.82495011561e-06, 2.67748214355e-06, 7.23109167211e-07, 1.41776538953e-07, 2.23863196425e-07, 6.34460775473e-07, 1.005112793e-07, 2.58142762277e-07, 3.47874731688e-07, 4.24298178814e-08, 3.7636945649e-07, 1.56498671799e-08, 9.6685447204e-08, 9.1570910854e-08, 2.50807214996e-08, 5.41084954619e-09, 5.71279157313e-09, 1.35978539539e-09, 9.30773458307e-10, 2.06821648696e-09, 3.6797151437e-10, 5.56646451155e-10, 1.1821862933e-10, 6.41189115691e-11, 6.49446954548e-11, 3.67057356732e-11, 1.32196423946e-11, 4.53514760468e-11, 5.17319694027e-12, 1.43267489885e-11, 7.41255581221e-12, 1.71068432857e-12, 1.63021050652e-12, 2.12150956524e-12, 6.88717095507e-13, 1.1054613171e-12, 1.01148906959e-12, 8.9855358397e-13, 2.61147955474e-13],
        "dvar2": [4.21843424192e-06, 7.37682194085e-06, 6.73382419336e-06, 2.06171785067e-06, 3.74452838514e-07, 5.48879370399e-07, 1.50565153945e-06, 2.30105101195e-07, 6.29016426501e-07, 7.82431754942e-07, 1.00952320281e-07, 8.89811872185e-07, 4.70935646035e-08, 2.43339712824e-07, 2.30363596643e-07, 6.59116139445e-08, 1.1406177336e-08, 1.41106344387e-08, 3.50027939966e-09, 2.42180298038e-09, 5.83490900041e-09, 8.29116830747e-10, 1.25838217624e-09, 2.93676305496e-10, 1.24809301782e-10, 1.47015288832e-10, 8.24905213581e-11, 3.2431040492e-11, 1.02956441983e-10, 1.31220034838e-11, 3.73426324585e-11, 1.88374593701e-11, 3.88170138393e-12, 3.51502572708e-12, 4.91577698686e-12, 1.47458239196e-12, 2.5830663563e-12, 2.12873165276e-12, 1.97148677591e-12, 5.17442371503e-13],
        "max": [0.0125365713611, 0.0163164678961, 0.0223062392324, 0.0109242564067, 0.00503574404866, 0.0066684265621, 0.0144188851118, 0.00745073938742, 0.00752854160964, 0.00842494238168, 0.00442141294479, 0.00774235604331, 0.00299288611859, 0.00797128397971, 0.0060492134653, 0.00317891850136, 0.00120477378368, 0.00171428464819, 0.000800367502961, 0.000468939950224, 0.00106717227027, 0.000331124465447, 0.000423522287747, 0.000184769000043, 0.00018088829529, 0.000121935721836, 0.000121762917843, 6.10037277511e-05, 0.000157860631589, 3.25460532622e-05, 5.39775573998e-05, 5.33900783921e-05, 2.25991188927e-05, 3.27954076056e-05, 2.71694843832e-05, 1.73077987711e-05, 2.52807130892e-05, 2.68339117611e-05, 3.16589066642e-05, 1.03120582935e-05],
        "mean": [0.000704921898432, 0.00186180556193, 0.00175885634962, 0.000790844729636, 0.000362974125892, 0.000343601364875, 0.000652297574561, 0.00029770648689, 0.000427398190368, 0.00041382946074, 0.000239421249717, 0.000535985687748, 7.29110543034e-05, 0.000123801568407, 0.00013996308553, 9.61244004429e-05, 6.70746303513e-05, 4.92525578011e-05, 2.73229052254e-05, 1.993627302e-05, 2.68856347247e-05, 1.94715030375e-05, 1.66643621924e-05, 1.10973833216e-05, 8.11327117844e-06, 7.61745877753e-06, 6.51171603749e-06, 2.64279742623e-06, 3.67599454876e-06, 1.63778759088e-06, 1.82314306585e-06, 1.36750543334e-06, 9.83332824944e-07, 8.90111834906e-07, 7.73751651195e-07, 5.93838990426e-07, 5.62687887395e-07, 5.30205170435e-07, 4.35709864632e-07, 3.14168232762e-07],
        "median": [0.000328889931552, 0.000841290166136, 0.00107513857074, 0.000377325253794, 0.000192943320144, 0.000128935367684, 0.000273248821031, 0.000121354933071, 0.00014510161418, 0.000130889995489, 0.000124574522488, 0.000159407791216, 3.50233458448e-05, 3.64825646102e-05, 2.87557832053e-05, 2.3485861675e-05, 2.16592088691e-05, 1.60034342116e-05, 1.07654104795e-05, 6.90127080816e-06, 1.14944004963e-05, 7.48461070543e-06, 5.80227606406e-06, 3.43229953614e-06, 2.83735016637e-06, 2.97417182082e-06, 1.60399781635e-06, 1.05233368686e-06, 1.16479748158e-06, 7.22403342479e-07, 6.55581231968e-07, 5.48813318346e-07, 4.29991843021e-07, 3.16961575209e-07, 2.43967406277e-07, 2.04864406328e-07, 1.76834575427e-07, 1.48734713434e-07, 1.30296157863e-07, 8.43102725412e-08],
        "min": [7.46505464384e-24, 3.6460421343e-24, 4.10407883613e-24, 7.95838301042e-24, 1.11945168467e-23, 8.46210067511e-24, 3.15082977066e-24, 7.24985575548e-24, 4.52700491679e-24, 4.70795107021e-24, 5.98066967241e-24, 8.65496296694e-24, 6.7448341037e-24, 5.87574919987e-24, 4.85186217629e-24, 5.04450082605e-24, 8.41838752577e-24, 6.32746042053e-24, 9.77636503132e-24, 7.70850343008e-24, 1.08568938456e-23, 3.51657783241e-24, 9.75027819004e-24, 5.72290029973e-24, 7.76849630192e-24, 1.10845614694e-23, 1.09856083352e-23, 7.56687055429e-24, 1.11654189234e-23, 8.09454671354e-24, 4.96046939028e-24, 6.62697118472e-24, 1.06081052599e-23, 9.50516017413e-24, 6.40187761402e-24, 8.46290136893e-24, 9.74051051431e-24, 8.40353879695e-24, 8.68250920089e-24, 7.96630001846e-24],
        "var": [1.38615416745e-06, 5.82074926569e-06, 4.58558724858e-06, 1.21927666896e-06, 2.54804973565e-07, 4.13605420135e-07, 1.19314358926e-06, 2.30611249208e-07, 5.05301386511e-07, 7.90907620285e-07, 1.13002357693e-07, 8.24363098673e-07, 2.3805098337e-08, 1.21053062685e-07, 1.5614952531e-07, 4.78624961886e-08, 1.3213844241e-08, 9.9487440508e-09, 2.60098764748e-09, 1.35649469435e-09, 2.06818207005e-09, 9.2791274664e-10, 1.01284902687e-09, 3.52192275344e-10, 2.88657181491e-10, 1.47395054495e-10, 1.4027311257e-10, 2.97064005339e-11, 7.22033960399e-11, 7.10060309161e-12, 1.50137159649e-11, 8.2215042066e-12, 3.65630529325e-12, 4.07280329254e-12, 3.96863748461e-12, 1.79616380363e-12, 2.18162076945e-12, 2.57760956676e-12, 1.8271705763e-12, 5.85583448051e-13]
    },
    "mfcc": {
        "mean": [-649.865783691, 143.707824707, -6.10121488571, 9.14033794403, -3.82902622223, 0.0805021449924, -1.94679677486, 4.14014434814, -0.296192169189, -0.110332913697, -1.97101831436, -2.74121141434, -5.91843891144],
        "cov": [[5150.8671875, -125.122322083, -493.2421875, 85.1771316528, 13.4206466675, -85.9202728271, 110.885810852, 52.1605682373, 142.679550171, 147.591033936, 111.286270142, 38.0026016235, 5.08972358704], [-125.122322083, 962.118225098, -130.1197052, 41.2046699524, 56.4902381897, 91.8072433472, 145.843841553, 98.8603210449, -16.4905452728, 25.4605121613, 1.33677399158, -36.8910827637, -34.8450164795], [-493.2421875, -130.1197052, 672.058654785, 210.96295166, 124.673202515, 235.262359619, 100.84879303, 89.8913955688, 118.40145874, 11.9033575058, -65.3552474976, -14.6474924088, 19.5824260712], [85.1771316528, 41.2046699524, 210.96295166, 380.336975098, 198.343322754, 110.825454712, 104.578720093, 77.8164215088, 111.579322815, 76.03931427, -40.6189880371, -46.6260185242, 30.2907466888], [13.4206466675, 56.4902381897, 124.673202515, 198.343322754, 249.362228394, 105.592636108, 59.905040741, 38.1046905518, 82.2907333374, 71.9538650513, -12.2267503738, -39.775932312, 1.94159543514], [-85.9202728271, 91.8072433472, 235.262359619, 110.825454712, 105.592636108, 271.442321777, 144.220916748, 89.1694869995, 94.5594558716, 45.145401001, -23.8482437134, -25.293548584, -40.6355400085], [110.885810852, 145.843841553, 100.84879303, 104.578720093, 59.905040741, 144.220916748, 228.584289551, 135.504257202, 82.6868896484, 47.926322937, -0.061224270612, -17.9481143951, -11.5543375015], [52.1605682373, 98.8603210449, 89.8913955688, 77.8164215088, 38.1046905518, 89.1694869995, 135.504257202, 159.519760132, 79.791557312, 28.1755695343, -10.7033510208, -10.6610574722, -7.42155885696], [142.679550171, -16.4905452728, 118.40145874, 111.579322815, 82.2907333374, 94.5594558716, 82.6868896484, 79.791557312, 158.825378418, 68.5065689087, -22.6457443237, -32.9696960449, -11.6299762726], [147.591033936, 25.4605121613, 11.9033575058, 76.03931427, 71.9538650513, 45.145401001, 47.926322937, 28.1755695343, 68.5065689087, 110.161117554, 20.4552021027, -26.2033233643, -10.3806114197], [111.286270142, 1.33677399158, -65.3552474976, -40.6189880371, -12.2267503738, -23.8482437134, -0.061224270612, -10.7033510208, -22.6457443237, 20.4552021027, 104.327209473, 61.5976905823, 9.45289421082], [38.0026016235, -36.8910827637, -14.6474924088, -46.6260185242, -39.775932312, -25.293548584, -17.9481143951, -10.6610574722, -32.9696960449, -26.2033233643, 61.5976905823, 124.652442932, 48.4914398193], [5.08972358704, -34.8450164795, 19.5824260712, 30.2907466888, 1.94159543514, -40.6355400085, -11.5543375015, -7.42155885696, -11.6299762726, -10.3806114197, 9.45289421082, 48.4914398193, 97.4645385742]],
