{
"lowlevel": {
    "average_loudness": 0.960039615631,
    "barkbands_crest": {
        "dmean": 3.20668578148,
        "dmean2": 5.11193609238,
        "dvar": 9.11785316467,
        "dvar2": 21.9605979919,
        "max": 25.5992088318,
        "mean": 11.4868268967,
        "median": 11.0266075134,
        "min": 3.16858434677,
        "var": 18.3180828094
    },
    "barkbands_flatness_db": {
        "dmean": 0.0373768061399,
        "dmean2": 0.0576629526913,
        "dvar": 0.00125279917847,
        "dvar2": 0.00322105991654,
        "max": 0.423035800457,
        "mean": 0.190442845225,
        "median": 0.178344190121,
        "min": 0.0586836859584,
        "var": 0.00336776161566
    },
    "barkbands_kurtosis": {
        "dmean": 2.55966758728,
        "dmean2": 4.19285583496,
        "dvar": 22.9996547699,
        "dvar2": 48.9989395142,
        "max": 106.465576172,
        "mean": 2.56191134453,
        "median": 1.25550413132,
        "min": -1.80773460865,
        "var": 32.0471153259
    },
    "barkbands_skewness": {
        "dmean": 0.705048322678,
        "dmean2": 1.08179104328,
        "dvar": 0.632655918598,
        "dvar2": 1.33228695393,
        "max": 8.88171386719,
        "mean": 1.19835567474,
        "median": 1.1635299921,
        "min": -2.90778946877,
        "var": 1.17080140114
    },
    "barkbands_spread": {
        "dmean": 6.30236387253,
        "dmean2": 10.1187171936,
        "dvar": 37.496887207,
        "dvar2": 92.8583526611,
        "max": 63.3109436035,
        "mean": 20.2589950562,
        "median": 18.8588638306,
        "min": 0.945937514305,
        "var": 90.4253463745
    },
    "dissonance": {
        "dmean": 0.0259084086865,
        "dmean2": 0.0414326488972,
        "dvar": 0.000575064797886,
        "dvar2": 0.00142776442226,
        "max": 0.499952226877,
        "mean": 0.443102240562,
        "median": 0.45011267066,
        "min": 0.190795779228,
        "var": 0.0013497058535
    },
    "dynamic_complexity": 2.2567653656,
    "erbbands_crest": {
        "dmean": 3.29555082321,
        "dmean2": 5.11340236664,
        "dvar": 9.67526817322,
        "dvar2": 21.4553527832,
        "max": 32.2389564514,
        "mean": 11.8293581009,
        "median": 11.1832027435,
        "min": 3.0883564949,
        "var": 22.8259429932
    },
    "erbbands_flatness_db": {
        "dmean": 0.0330077148974,
        "dmean2": 0.0469861701131,
        "dvar": 0.00119745032862,
        "dvar2": 0.00259625655599,
        "max": 0.468892008066,
        "mean": 0.225741580129,
        "median": 0.213000848889,
        "min": 0.121658429503,
        "var": 0.00332326209173
    },
    "erbbands_kurtosis": {
        "dmean": 1.19580328465,
        "dmean2": 1.86138176918,
        "dvar": 3.88572216034,
        "dvar2": 8.7846031189,
        "max": 36.87550354,
        "mean": 0.705191731453,
        "median": 0.0776410102844,
        "min": -1.70014548302,
        "var": 5.56464195251
    },
    "erbbands_skewness": {
        "dmean": 0.396618068218,
        "dmean2": 0.623055160046,
        "dvar": 0.174119248986,
        "dvar2": 0.395658284426,
        "max": 4.50002574921,
        "mean": 0.590266346931,
        "median": 0.651710093021,
        "min": -3.19912457466,
        "var": 0.482245981693
    },
    "erbbands_spread": {
        "dmean": 10.2601184845,
        "dmean2": 15.4615411758,
        "dvar": 112.91053009,
        "dvar2": 253.021850586,
        "max": 99.6500473022,
        "mean": 33.8273468018,
        "median": 32.6310806274,
        "min": 2.56048965454,
        "var": 252.291229248
    },
    "hfc": {
        "dmean": 8.59802246094,
        "dmean2": 12.0306167603,
        "dvar": 100.127227783,
        "dvar2": 195.957046509,
        "max": 90.3799057007,
        "mean": 26.7065906525,
        "median": 24.5902900696,
        "min": 0.000306735455524,
        "var": 270.909362793
    },
    "melbands_crest": {
        "dmean": 4.12630844116,
        "dmean2": 6.539747715,
        "dvar": 13.9862375259,
        "dvar2": 34.3946800232,
        "max": 33.8996658325,
        "mean": 15.6150941849,
        "median": 15.214261055,
        "min": 4.31613349915,
        "var": 32.8104400635
    },
    "melbands_flatness_db": {
        "dmean": 0.0410354062915,
        "dmean2": 0.0617966912687,
        "dvar": 0.00153486605268,
        "dvar2": 0.00371655751951,
        "max": 0.435755461454,
        "mean": 0.187015905976,
        "median": 0.179144904017,
        "min": 0.0323146916926,
        "var": 0.00385803286918
    },
    "melbands_kurtosis": {
        "dmean": 6.69004821777,
        "dmean2": 10.7042570114,
        "dvar": 140.772705078,
        "dvar2": 298.455841064,
        "max": 215.978759766,
        "mean": 8.94202613831,
        "median": 5.51450538635,
        "min": -1.85819709301,
        "var": 204.140014648
    },
    "melbands_skewness": {
        "dmean": 0.961729168892,
        "dmean2": 1.48715472221,
        "dvar": 1.2752789259,
        "dvar2": 2.67841649055,
        "max": 12.8592624664,
        "mean": 2.06538915634,
        "median": 1.89861881733,
        "min": -1.6870714426,
        "var": 2.30132293701
    },
    "melbands_spread": {
        "dmean": 9.51780033112,
        "dmean2": 14.8710985184,
        "dvar": 121.670967102,
        "dvar2": 272.778045654,
        "max": 168.574386597,
        "mean": 26.1735877991,
        "median": 23.0363502502,
        "min": 1.05116820335,
        "var": 248.633895874
    },
    "pitch_salience": {
        "dmean": 0.0885080099106,
        "dmean2": 0.140894845128,
        "dvar": 0.00746705010533,
        "dvar2": 0.0175891574472,
        "max": 0.882362663746,
        "mean": 0.515156328678,
        "median": 0.520695924759,
        "min": 0.176809296012,
        "var": 0.0142142437398
    },
    "silence_rate_20dB": {
        "dmean": 0,
        "dmean2": 0,
        "dvar": 0,
        "dvar2": 0,
        "max": 1,
        "mean": 1,
        "median": 1,
        "min": 1,
        "var": 0
    },
    "silence_rate_30dB": {
        "dmean": 0.0201238393784,
        "dmean2": 0.0402632579207,
        "dvar": 0.019718632102,
        "dvar2": 0.058772277087,
        "max": 1,
        "mean": 0.989941954613,
        "median": 1,
        "min": 0,
        "var": 0.00995679106563
    },
    "silence_rate_60dB": {
        "dmean": 0.0448916405439,
        "dmean2": 0.0898180380464,
        "dvar": 0.0428760312498,
        "dvar2": 0.111173801124,
        "max": 1,
        "mean": 0.0479690507054,
        "median": 0,
        "min": 0,
        "var": 0.0456677079201
    },
    "spectral_centroid": {
        "dmean": 321.750518799,
        "dmean2": 480.452575684,
        "dvar": 122788.671875,
        "dvar2": 221333.734375,
        "max": 4041.76464844,
        "mean": 1504.99304199,
        "median": 1422.51721191,
        "min": 297.492950439,
        "var": 344455.0625
    },
    "spectral_complexity": {
        "dmean": 5.54179573059,
        "dmean2": 7.76616334915,
        "dvar": 38.5344848633,
        "dvar2": 78.7177047729,
        "max": 59,
        "mean": 16.2862663269,
        "median": 15,
        "min": 0,
        "var": 84.9199829102
    },
    "spectral_decrease": {
        "dmean": 3.95306010148e-09,
        "dmean2": 6.29050633805e-09,
        "dvar": 4.19043477921e-17,
        "dvar2": 1.04178746087e-16,
        "max": -2.08687623795e-14,
        "mean": -7.5946555711e-09,
        "median": -6.20030427001e-09,
        "min": -3.9252544326e-08,
        "var": 4.49884410752e-17
    },
    "spectral_energy": {
        "dmean": 0.0155332358554,
        "dmean2": 0.0245101489127,
        "dvar": 0.000615357304923,
        "dvar2": 0.0015192378778,
        "max": 0.151734128594,
        "mean": 0.0310863200575,
        "median": 0.0258669704199,
        "min": 1.06585275716e-07,
        "var": 0.000687176187057
    },
    "spectral_energyband_high": {
        "dmean": 0.000651360547636,
        "dmean2": 0.000946771877352,
        "dvar": 7.01857857166e-07,
        "dvar2": 1.39378300901e-06,
        "max": 0.00811358261853,
        "mean": 0.0012504857732,
        "median": 0.000829394790344,
        "min": 2.24683009975e-08,
        "var": 1.5469590835e-06
    },
    "spectral_energyband_low": {
        "dmean": 0.00827025622129,
        "dmean2": 0.0146172968671,
        "dvar": 0.00047131133033,
        "dvar2": 0.00126850814559,
        "max": 0.131451323628,
        "mean": 0.00716058164835,
        "median": 0.000759016373195,
        "min": 8.54042253584e-11,
        "var": 0.000353111419827
    },
    "spectral_energyband_middle_high": {
        "dmean": 0.00240701250732,
        "dmean2": 0.00349384406582,
        "dvar": 7.08306697561e-06,
        "dvar2": 1.416307623e-05,
        "max": 0.0357760936022,
        "mean": 0.00762614561245,
        "median": 0.00723352190107,
        "min": 6.87464165594e-08,
        "var": 2.7254322049e-05
    },
    "spectral_energyband_middle_low": {
        "dmean": 0.00854378845543,
        "dmean2": 0.0132639417425,
        "dvar": 0.000211320497328,
        "dvar2": 0.000542334455531,
        "max": 0.129589855671,
        "mean": 0.0161076076329,
        "median": 0.0140349175781,
        "min": 1.44846366013e-08,
        "var": 0.000218132889131
    },
    "spectral_entropy": {
        "dmean": 0.32181212306,
        "dmean2": 0.460962891579,
        "dvar": 0.110311858356,
        "dvar2": 0.231534957886,
        "max": 8.41092300415,
        "mean": 7.25755357742,
        "median": 7.39359664917,
        "min": 4.97492265701,
        "var": 0.374282479286
    },
    "spectral_flux": {
        "dmean": 0.0505494326353,
        "dmean2": 0.0792151838541,
        "dvar": 0.00309550622478,
        "dvar2": 0.00612503709272,
        "max": 0.364002019167,
        "mean": 0.0984207317233,
        "median": 0.077002979815,
        "min": 0.000763671589084,
        "var": 0.00503084482625
    },
    "spectral_kurtosis": {
        "dmean": 1.93256092072,
        "dmean2": 3.26494288445,
        "dvar": 9.95321178436,
        "dvar2": 25.432554245,
        "max": 43.2070083618,
        "mean": 2.65116739273,
        "median": 1.75813484192,
        "min": -0.369596481323,
        "var": 11.0807743073
    },
    "spectral_rms": {
        "dmean": 0.0012537027942,
        "dmean2": 0.00188106775749,
        "dvar": 2.72914962807e-06,
        "dvar2": 6.16677107246e-06,
        "max": 0.012166894041,
        "mean": 0.00506676640362,
        "median": 0.00502355117351,
        "min": 1.01973346318e-05,
        "var": 4.65603761768e-06
    },
    "spectral_rolloff": {
        "dmean": 587.880981445,
        "dmean2": 953.662780762,
        "dvar": 628989.625,
        "dvar2": 1244502.25,
        "max": 7299.75585938,
        "mean": 1704.60290527,
        "median": 1399.65820312,
        "min": 64.599609375,
        "var": 1198436.25
    },
    "spectral_skewness": {
        "dmean": 0.305619299412,
        "dmean2": 0.47888764739,
        "dvar": 0.133419752121,
        "dvar2": 0.338298559189,
        "max": 5.2923707962,
        "mean": 1.18509471416,
        "median": 1.09117627144,
        "min": 0.198582947254,
        "var": 0.231574803591
    },
    "spectral_spread": {
        "dmean": 475618.125,
        "dmean2": 747772.8125,
        "dvar": 275165609984,
        "dvar2": 683325390848,
        "max": 7956019,
        "mean": 4412421,
        "median": 4412757.5,
        "min": 1469860.375,
        "var": 699461468160
    },
    "spectral_strongpeak": {
        "dmean": 0.859439074993,
        "dmean2": 1.47800123692,
        "dvar": 1.58614253998,
        "dvar2": 3.65515995026,
        "max": 12.4944257736,
        "mean": 1.90670883656,
        "median": 1.63405454159,
        "min": 0,
        "var": 2.48849654198
    },
    "zerocrossingrate": {
        "dmean": 0.0123871136457,
        "dmean2": 0.0143533516675,
        "dvar": 0.000136767223012,
        "dvar2": 0.000174596396391,
        "max": 0.228515625,
        "mean": 0.0672590881586,
        "median": 0.06494140625,
        "min": 0.0126953125,
        "var": 0.0006465340266
    },
    "barkbands": {
        "dmean": [0.000274734891718, 0.00623250519857, 0.00131784507539, 0.00235108775087, 0.0026185659226, 0.00129676738288, 0.00228127697483, 0.00141141947825, 0.00111354026012, 0.00055080029415, 0.000678230950143, 0.000571816519368, 0.000780254020356, 0.000450527324574, 0.000334838230629, 0.00032593702781, 0.000356661272235, 0.000168467158801, 0.000189557031263, 0.000183485361049, 0.000201769929845, 0.000204100186238, 0.00013674654474, 7.960707444e-05, 2.08326364373e-05, 1.58003139461e-08, 1.39701250568e-09],
        "dmean2": [0.000480202375911, 0.0112911388278, 0.00237178779207, 0.00389626948163, 0.00444119982421, 0.00209760130383, 0.00348079390824, 0.00205837003887, 0.00166985823307, 0.000828965974506, 0.00101961800829, 0.000847515650094, 0.0011426450219, 0.000763322750572, 0.000537633604836, 0.000505233299918, 0.000613555370364, 0.000278034975054, 0.000306983798509, 0.000281107408227, 0.000309231487336, 0.000303985289065, 0.000200016293093, 0.000117709932965, 3.35995100613e-05, 2.65258570664e-08, 2.62630583947e-09],
        "dvar": [5.59022964808e-07, 0.000310218776576, 1.26792792798e-05, 6.76792842569e-05, 2.72874713119e-05, 7.1600929914e-06, 1.58373404702e-05, 6.13499969404e-06, 4.76985860587e-06, 1.33466369334e-06, 2.04925618164e-06, 1.14123031381e-06, 2.56085945693e-06, 9.22537708448e-07, 4.56821823036e-07, 9.69583425103e-07, 4.97051814818e-07, 6.96459707683e-08, 5.46181908589e-08, 5.40101936508e-08, 6.8891559124e-08, 7.99339758828e-08, 4.69616558973e-08, 1.36599433986e-08, 1.3555491174e-09, 9.7864958528e-16, 7.79262535976e-18],
        "dvar2": [1.55969144089e-06, 0.000859251536895, 3.52925853804e-05, 0.000170992076164, 7.18386218068e-05, 1.75486766238e-05, 3.74444243789e-05, 1.14359418149e-05, 8.9035856945e-06, 2.75681532003e-06, 4.16083230448e-06, 2.30695945902e-06, 4.83404437546e-06, 2.51828919318e-06, 1.09028258066e-06, 1.85719113688e-06, 1.44931573232e-06, 2.03645015517e-07, 1.29907832047e-07, 1.18869813548e-07, 1.50698738821e-07, 1.61258810749e-07, 1.01864266355e-07, 3.05012299862e-08, 3.50220275003e-09, 2.65123705359e-15, 2.34202988642e-17],
        "max": [0.0141628207639, 0.113899409771, 0.0450044348836, 0.0843413472176, 0.0426694862545, 0.0250450503081, 0.0490703545511, 0.0292705409229, 0.0237558390945, 0.0184074267745, 0.0272593759, 0.0159123167396, 0.0281865987927, 0.0142243597656, 0.0104496637359, 0.0247455071658, 0.0125783439726, 0.00329192634672, 0.00378088653088, 0.00411142827943, 0.00309596187435, 0.00605337135494, 0.00224245293066, 0.0012037117267, 0.000381512072636, 4.20419553393e-07, 6.8979012724e-08],
        "mean": [0.000224506788072, 0.00487899035215, 0.0011749061523, 0.00197956734337, 0.0025439420715, 0.00200373586267, 0.00372055312619, 0.0032656120602, 0.00226210034452, 0.000887292204425, 0.00163280335255, 0.000896404439118, 0.00142612156924, 0.000622387218755, 0.000498862587847, 0.000578201317694, 0.00048064434668, 0.000260190019617, 0.000342399434885, 0.000349734851625, 0.000318150152452, 0.000357263896149, 0.00021693657618, 0.000137889393955, 2.71266726486e-05, 2.00177812104e-08, 1.0780897286e-09],
        "median": [1.29904619826e-05, 0.000371970323613, 6.16685501882e-05, 0.000109803891974, 0.00060403207317, 0.000388601969462, 0.0010478355689, 0.00080860289745, 0.000368511507986, 0.000191008541151, 0.000358227145625, 0.00019803106261, 0.000444111588877, 0.000128595973365, 0.000159233517479, 0.000143644399941, 0.000211497899727, 0.00014047465811, 0.00022741718567, 0.000231238896959, 0.00017025215493, 0.000217547902139, 0.000105543564132, 8.36846447783e-05, 1.28688216137e-05, 1.02752997222e-08, 3.87705645366e-10],
        "min": [3.51377225927e-11, 2.36623273059e-11, 2.16617106197e-11, 1.04113193761e-11, 7.88648313321e-11, 3.7846552281e-11, 1.17697726565e-10, 7.5864522997e-11, 2.24479679289e-09, 1.2297334262e-09, 1.73184772079e-10, 1.29460775433e-10, 1.21128040931e-09, 2.75281963891e-10, 5.39711031422e-09, 9.10528097364e-09, 3.0349454061e-09, 4.19018508779e-09, 1.5035882539e-09, 2.6798188113e-09, 2.16621987015e-09, 4.29930180346e-09, 2.86304824293e-09, 4.33354552243e-09, 8.84722017869e-10, 4.09893299858e-12, 3.9746608782e-12],
        "var": [5.37587652616e-07, 0.00021349110466, 1.12628667921e-05, 5.42693705938e-05, 2.39392884396e-05, 1.34109222927e-05, 3.34757714882e-05, 2.52603222179e-05, 1.59074752446e-05, 3.44418617715e-06, 8.84961991687e-06, 2.93343532576e-06, 6.97292625773e-06, 1.34337324198e-06, 8.97233746855e-07, 3.13226450999e-06, 7.16096906217e-07, 1.12972060151e-07, 1.3628860529e-07, 1.5398393316e-07, 1.3878323557e-07, 1.74910468331e-07, 7.88709613175e-08, 2.42330226996e-08, 1.52953028021e-09, 8.91089566061e-16, 5.01350612392e-18]
    },
    "erbbands": {
        "dmean": [0.175648793578, 1.39588797092, 1.83865046501, 4.79335737228, 10.0332269669, 7.8777050972, 6.44861650467, 12.8116054535, 28.3301544189, 35.3585968018, 25.8086967468, 28.9940319061, 17.0902519226, 17.0969924927, 27.0915126801, 28.3384685516, 36.7618789673, 24.1160182953, 18.7874546051, 20.1577186584, 14.2271957397, 16.3514347076, 10.3570098877, 9.16724586487, 10.0457725525, 9.43207359314, 8.20075893402, 7.70020294189, 7.25354290009, 5.27464962006, 3.84055614471, 2.26202917099, 1.14915597439, 0.410270810127, 0.0470298007131, 0.00197204505093, 9.50830217334e-05, 1.34987940328e-05, 9.72685302258e-06, 1.8219505364e-05],
        "dmean2": [0.315165579319, 2.53930449486, 3.33125543594, 7.97082948685, 17.1399078369, 13.3095674515, 10.067152977, 20.7675418854, 42.9957885742, 52.8844413757, 35.9344978333, 42.4069862366, 25.4672412872, 25.2827835083, 40.6641349792, 41.3893890381, 54.003074646, 38.5094223022, 30.8438987732, 31.7473106384, 22.8380393982, 28.2279109955, 17.5231113434, 14.6670131683, 16.3082904816, 14.2967071533, 12.2733154297, 12.1436033249, 10.83198452, 7.86062812805, 5.62961483002, 3.28653025627, 1.78729045391, 0.65232950449, 0.0772435516119, 0.0031984213274, 0.000146186634083, 1.98367215489e-05, 1.40656302392e-05, 2.80321764876e-05],
        "dvar": [0.227097123861, 16.0896720886, 25.8503627777, 253.512680054, 736.596435547, 228.101776123, 120.757171631, 821.02545166, 2952.26269531, 3406.10131836, 2201.49291992, 3347.25610352, 1432.81298828, 941.010070801, 3477.96899414, 2610.70532227, 5070.25292969, 2275.39355469, 1091.01147461, 2712.79321289, 1116.20581055, 1347.12463379, 243.316726685, 129.040390015, 162.29347229, 149.019515991, 119.222923279, 116.97958374, 101.586227417, 62.8052635193, 39.0060157776, 11.9320878983, 3.70316457748, 0.465152174234, 0.0125116677955, 1.89927086467e-05, 2.64287596252e-08, 3.58726465199e-10, 1.67058172851e-10, 7.53840156964e-10],
        "dvar2": [0.624255180359, 44.7499427795, 72.4399185181, 630.481750488, 2004.12487793, 578.980041504, 244.143310547, 2083.25878906, 6978.44921875, 7316.94140625, 3942.17895508, 6089.7890625, 2907.70288086, 2009.29138184, 6887.65625, 5110.12451172, 10079.6953125, 5731.10009766, 2674.39477539, 6594.71533203, 2277.73022461, 4035.65820312, 718.033203125, 323.139892578, 409.765014648, 318.479400635, 247.798171997, 264.53692627, 207.148712158, 141.110046387, 85.2791366577, 24.1895122528, 9.17431163788, 1.19542753696, 0.0332858934999, 5.00509740959e-05, 6.54591545413e-08, 8.08727251833e-10, 3.72908814938e-10, 1.82349091382e-09],
        "max": [3.20911431313, 27.0360336304, 42.299823761, 157.008651733, 262.5730896, 187.935241699, 203.419296265, 252.292144775, 558.682556152, 1102.76037598, 723.919128418, 684.612182617, 663.192810059, 522.868774414, 1353.43066406, 755.022460938, 1156.15344238, 692.047180176, 630.235839844, 1070.09655762, 805.528442383, 858.366577148, 169.762161255, 119.096099854, 210.194046021, 182.184783936, 159.602096558, 113.989677429, 151.580230713, 123.977752686, 67.500541687, 35.8382148743, 25.4039039612, 6.2263212204, 1.60731303692, 0.0622244402766, 0.00201342976652, 0.000178800008143, 9.46151922108e-05, 0.000176784087671],
        "mean": [0.143756657839, 1.06123673916, 1.58525180817, 4.19947099686, 8.28984355927, 7.92373514175, 10.6100034714, 18.449344635, 42.9785766602, 73.0855865479, 62.6227645874, 64.2146606445, 27.3655529022, 33.2204780579, 68.6233596802, 50.4932136536, 68.0761642456, 39.9018096924, 28.6660385132, 33.0427818298, 24.1441440582, 22.3192119598, 16.5699958801, 15.6888723373, 18.0533676147, 18.6055278778, 14.1882104874, 12.0213956833, 12.2599430084, 9.12633705139, 5.95915985107, 3.78855276108, 1.86098051071, 0.590445578098, 0.0545866377652, 0.00241555296816, 0.00014711933909, 2.52414029092e-05, 2.2114638341e-05, 3.88074913644e-05],
        "median": [0.0103448070586, 0.0727311223745, 0.101630531251, 0.406175971031, 0.895828485489, 1.692938447, 2.32948470116, 4.34693622589, 12.8932476044, 22.911781311, 24.0932197571, 16.2483463287, 9.27780056, 13.3091115952, 22.2825565338, 19.3551502228, 23.8999443054, 18.2191810608, 10.2007436752, 10.649971962, 9.48206043243, 10.040687561, 10.4468202591, 10.7568616867, 11.8037900925, 12.0955400467, 8.30567073822, 6.52407169342, 7.25228691101, 5.15251064301, 3.01231503487, 2.00433158875, 1.1285738945, 0.310488730669, 0.0231703482568, 0.00108269508928, 8.50024807733e-05, 1.68564638443e-05, 1.83822703548e-05, 3.2972664485e-05],
        "min": [9.05344410551e-10, 5.821521043e-09, 2.4347768246e-08, 2.84957639707e-08, 1.11877888287e-07, 3.373407651e-07, 2.12829547763e-07, 4.3207495537e-07, 1.24753887576e-06, 8.16911870061e-06, 5.15173414897e-05, 0.000305550784105, 5.86412061239e-05, 2.51118526648e-05, 2.13528292079e-05, 3.95095048589e-05, 5.18488741363e-05, 0.000180135248229, 0.000338259676937, 0.00141547084786, 0.000215223510168, 0.000170528612216, 0.000189174999832, 0.000144105986692, 0.000110778506496, 0.000151114771143, 9.81670309557e-05, 0.000133099543746, 0.000138809977216, 0.000116877250548, 5.6383341871e-05, 7.27436126908e-05, 7.67789242673e-05, 2.03393719858e-05, 1.61581886005e-06, 9.11540354309e-08, 1.23386811879e-08, 3.28990390486e-09, 7.2951011898e-10, 2.77633666057e-10],
        "var": [0.16793191433, 10.8785238266, 19.4865760803, 212.434280396, 516.038024902, 266.153198242, 427.71105957, 1241.66223145, 5409.14257812, 12173.7568359, 10335.8046875, 11943.1455078, 3165.1159668, 2901.20288086, 15018.7324219, 7154.64746094, 13255.375, 3485.73193359, 2511.19189453, 5249.10009766, 3493.6784668, 1719.06726074, 383.391326904, 274.860076904, 381.147949219, 451.129608154, 304.521209717, 195.84487915, 197.327072144, 122.598129272, 60.3440093994, 21.243894577, 5.23492527008, 0.587579071522, 0.0103725325316, 1.67894122569e-05, 3.20061417369e-08, 6.10780703791e-10, 2.66407007565e-10, 9.27182275401e-10]
    },
    "gfcc": {
        "mean": [-22.6769065857, 89.9343261719, -173.638412476, 43.4993896484, -93.3933944702, 19.964307785, -32.1720962524, -0.871431291103, -1.57147336006, -7.2352848053, 9.10343551636, -18.3135433197, 0.173743367195],
        "cov": [[5618.22021484, 1019.68035889, 1069.6640625, 489.138580322, -124.20500946, 312.580566406, -49.9611930847, -9.63277626038, -362.309326172, -45.8711891174, 59.666053772, 174.074432373, -0.985303938389], [1019.68035889, 1591.56787109, 1162.61901855, 367.252105713, 373.456573486, 138.063446045, 68.9429931641, -131.181137085, -146.363739014, -142.441604614, 0.226836115122, 14.4282817841, 81.9057693481], [1069.6640625, 1162.61901855, 1339.49438477, 627.657287598, 293.845428467, 212.291412354, -64.3186035156, -71.1772537231, -213.858703613, -148.774353027, -78.0897140503, 20.6643505096, 41.4417228699], [489.138580322, 367.252105713, 627.657287598, 757.174377441, 255.29977417, 7.22036075592, -62.1802062988, -60.8615570068, -80.9941558838, -118.173858643, -115.097702026, -28.2546958923, -13.1220941544], [-124.20500946, 373.456573486, 293.845428467, 255.29977417, 514.951965332, 282.560913086, 167.212631226, 99.2884902954, 119.022506714, 20.8385620117, -52.5626564026, -79.247833252, 6.29861688614], [312.580566406, 138.063446045, 212.291412354, 7.22036075592, 282.560913086, 504.001586914, 237.1302948, 221.340774536, 100.840698242, 109.901428223, 21.4220409393, -12.331410408, -11.0434627533], [-49.9611930847, 68.9429931641, -64.3186035156, -62.1802062988, 167.212631226, 237.1302948, 322.395324707, 187.280639648, 146.845169067, 112.530708313, 81.0738601685, -7.16980171204, -2.99306821823], [-9.63277626038, -131.181137085, -71.1772537231, -60.8615570068, 99.2884902954, 221.340774536, 187.280639648, 251.61138916, 126.441383362, 115.549949646, 46.6048774719, 17.3830680847, 9.19471931458], [-362.309326172, -146.363739014, -213.858703613, -80.9941558838, 119.022506714, 100.840698242, 146.845169067, 126.441383362, 228.491073608, 123.792022705, 43.2337913513, -42.3878211975, -30.2281894684], [-45.8711891174, -142.441604614, -148.774353027, -118.173858643, 20.8385620117, 109.901428223, 112.530708313, 115.549949646, 123.792022705, 186.055007935, 124.442848206, 1.18767082691, -42.8581008911], [59.666053772, 0.226836115122, -78.0897140503, -115.097702026, -52.5626564026, 21.4220409393, 81.0738601685, 46.6048774719, 43.2337913513, 124.442848206, 219.145202637, 98.0449371338, 0.672657012939], [174.074432373, 14.4282817841, 20.6643505096, -28.2546958923, -79.247833252, -12.331410408, -7.16980171204, 17.3830680847, -42.3878211975, 1.18767082691, 98.0449371338, 163.170501709, 90.2730102539], [-0.985303938389, 81.9057693481, 41.4417228699, -13.1220941544, 6.29861688614, -11.0434627533, -2.99306821823, 9.19471931458, -30.2281894684, -42.8581008911, 0.672657012939, 90.2730102539, 139.440628052]],
        "icov": [[0.000337098375894, -0.000696383940522, 0.000616500445176, -0.00062886608066, 0.000782678078394, -0.000764918571804, 0.000442475924501, -0.00034656788921, 0.000471419363748, -0.000489389698487, 0.000280190055491, -0.000279787171166, 0.000237000815105], [-0.000696383940522, 0.0063824057579, -0.00679971789941, 0.00430670427158, -0.00447341473773, 0.00441966531798, -0.00490305293351, 0.00392818078399, -0.00145874463487, 0.00237739901058, -0.00186586508062, 0.00067641743226, -0.00115430844016], [0.000616500445176, -0.00679971789941, 0.00930394325405, -0.00591732980683, 0.00441557308659, -0.00610586581752, 0.00585182756186, -0.00390856573358, 0.00290799350478, -0.00159656896722, 0.000510830956046, 0.000425347418059, 0.000238610620727], [-0.00062886608066, 0.00430670427158, -0.00591732980683, 0.00630658306181, -0.0051860678941, 0.00514670321718, -0.00352693605237, 0.00204482022673, -0.00104987400118, 0.00132720614783, 0.000964374514297, -0.00228730076924, 0.0019057537429], [0.000782678078394, -0.00447341473773, 0.00441557308659, -0.0051860678941, 0.00940970703959, -0.00656938739121, 0.00279223569669, -0.00139860564377, -0.00186595122796, -0.00012458882702, -0.000467539415695, 0.00384450587444, -0.0028898017481], [-0.000764918571804, 0.00441966531798, -0.00610586581752, 0.00514670321718, -0.00656938739121, 0.0103870220482, -0.00568813923746, -0.000358362129191, 0.000554956088308, -0.00173034658656, 0.00268095033243, -0.00334115209989, 0.00245702126995], [0.000442475924501, -0.00490305293351, 0.00585182756186, -0.00352693605237, 0.00279223569669, -0.00568813923746, 0.0123418597504, -0.00680650118738, -0.000960768491495, 0.00184000330046, -0.00428820494562, 0.00371253746562, -0.00107635115273], [-0.00034656788921, 0.00392818078399, -0.00390856573358, 0.00204482022673, -0.00139860564377, -0.000358362129191, -0.00680650118738, 0.0143109736964, -0.00303248083219, -0.00385054061189, 0.00332014332525, -0.00354228774086, -0.00157437403686], [0.000471419363748, -0.00145874463487, 0.00290799350478, -0.00104987400118, -0.00186595122796, 0.000554956088308, -0.000960768491495, -0.00303248083219, 0.0130646014586, -0.00690763164312, 0.00206147274002, 0.000308440154186, 0.000704133417457], [-0.000489389698487, 0.00237739901058, -0.00159656896722, 0.00132720614783, -0.00012458882702, -0.00173034658656, 0.00184000330046, -0.00385054061189, -0.00690763164312, 0.0236835647374, -0.0153033435345, 0.00839137658477, -0.000215363703319], [0.000280190055491, -0.00186586508062, 0.000510830956046, 0.000964374514297, -0.000467539415695, 0.00268095033243, -0.00428820494562, 0.00332014332525, 0.00206147274002, -0.0153033435345, 0.0216760654002, -0.0172845739871, 0.00778802856803], [-0.000279787171166, 0.00067641743226, 0.000425347418059, -0.00228730076924, 0.00384450587444, -0.00334115209989, 0.00371253746562, -0.00354228774086, 0.000308440154186, 0.00839137658477, -0.0172845739871, 0.027182187885, -0.0157341472805], [0.000237000815105, -0.00115430844016, 0.000238610620727, 0.0019057537429, -0.0028898017481, 0.00245702126995, -0.00107635115273, -0.00157437403686, 0.000704133417457, -0.000215363703319, 0.00778802856803, -0.0157341472805, 0.0186005476862]]
    },
    "melbands": {
        "dmean": [0.00168995256536, 0.00127994432114, 0.000997171271592, 0.000654446193948, 0.000241361602093, 0.000280031468719, 0.00044271411025, 0.000363475439372, 0.000196919310838, 0.000177929221536, 8.36850886117e-05, 6.92735993653e-05, 9.42447586567e-05, 7.19488889445e-05, 6.8773770181e-05, 7.96627355157e-05, 4.52969397884e-05, 3.26349654642e-05, 2.06881522899e-05, 3.14726712531e-05, 1.53224264068e-05, 1.80345687113e-05, 1.63537843036e-05, 9.11962251848e-06, 7.69395683164e-06, 8.0559620983e-06, 6.05093100603e-06, 6.80291077515e-06, 4.90301454192e-06, 5.86242049394e-06, 4.79171103507e-06, 4.51396999779e-06, 3.66583822142e-06, 2.73895579994e-06, 2.34074946093e-06, 2.04492062039e-06, 1.18480988931e-06, 8.72165230703e-07, 5.81605604566e-07, 2.99858129438e-07],
        "dmean2": [0.00305454502814, 0.00232328055426, 0.00166803540196, 0.00111787812784, 0.000383053265978, 0.000453714572359, 0.000668478605803, 0.000539733213373, 0.000274309451925, 0.000261819339357, 0.000125169695821, 0.000103585254692, 0.000141540454933, 0.000105368366349, 0.000105194296339, 0.000114117545309, 7.49872560846e-05, 5.45856419194e-05, 3.31101109623e-05, 4.85369600938e-05, 2.51033015957e-05, 3.09147071675e-05, 2.80741114693e-05, 1.52703614731e-05, 1.23292611534e-05, 1.30804392029e-05, 9.64222908806e-06, 1.03509682958e-05, 7.39438519304e-06, 9.07048433874e-06, 7.48480169932e-06, 6.74342663842e-06, 5.4655324675e-06, 4.11229757447e-06, 3.49287438439e-06, 2.99549424199e-06, 1.74014644472e-06, 1.38420148232e-06, 9.38046014198e-07, 4.80845187667e-07],
        "dvar": [2.21649570449e-05, 1.30339449242e-05, 9.74215345195e-06, 2.08155188375e-06, 1.53719710738e-07, 3.82168110491e-07, 6.67431720558e-07, 3.54984507567e-07, 1.22983692563e-07, 1.28601968186e-07, 3.59155230001e-08, 1.78709118615e-08, 3.9149767872e-08, 1.5284385313e-08, 1.06357074259e-08, 3.73570543388e-08, 1.06390052323e-08, 3.29642491081e-09, 1.76395620333e-09, 9.30477828121e-09, 9.5065233463e-10, 2.16496909289e-09, 1.1937497657e-09, 3.0674165985e-10, 9.8607469412e-11, 1.26641169773e-10, 5.82662182391e-11, 8.44379635656e-11, 4.40726448392e-11, 7.7992702574e-11, 5.41994296666e-11, 4.03624147993e-11, 3.14511472421e-11, 1.80545370321e-11, 1.4683117569e-11, 1.21117395627e-11, 3.02179678849e-12, 2.09419417571e-12, 1.01449718851e-12, 2.85490381335e-13],
        "dvar2": [6.11824143562e-05, 3.63701765309e-05, 2.48655524047e-05, 5.59993850402e-06, 3.30921949399e-07, 9.63767433859e-07, 1.55352677211e-06, 7.30650981495e-07, 2.19248263988e-07, 2.3235489266e-07, 7.29235196673e-08, 3.81844493802e-08, 7.93963792489e-08, 2.97281932404e-08, 2.49169147537e-08, 6.28788257018e-08, 2.77681753147e-08, 9.04856278794e-09, 4.33121227772e-09, 1.88644833088e-08, 2.2295520985e-09, 6.44266773264e-09, 3.48421158591e-09, 9.27550813934e-10, 2.43423559088e-10, 3.06467795586e-10, 1.41584757807e-10, 1.81323678294e-10, 8.9772647649e-11, 1.74852757273e-10, 1.26152824298e-10, 8.60088111843e-11, 6.66814797823e-11, 4.31191055084e-11, 3.37724952171e-11, 2.55319047154e-11, 6.37889133875e-12, 5.22625172306e-12, 2.6607041223e-12, 7.38382662305e-13],
        "max": [0.0300737917423, 0.0240663327277, 0.0314954780042, 0.0127542726696, 0.00583507725969, 0.00527175329626, 0.0087071089074, 0.00997579097748, 0.00540470518172, 0.00459711439908, 0.00330048985779, 0.00233215792105, 0.00367741379887, 0.00185402238276, 0.00109428004362, 0.00391890434548, 0.0015880910214, 0.000929694157094, 0.000788609613664, 0.00224129203707, 0.000674472772516, 0.0011556976242, 0.000433719018474, 0.000241596382693, 0.000108062064101, 0.000195237415028, 0.000114768008643, 0.00016638886882, 0.000115305068903, 0.000152001142851, 0.000111575624032, 9.8637319752e-05, 0.000173473832547, 5.12374390382e-05, 3.61421480193e-05, 4.19919160777e-05, 1.62253381859e-05, 1.65747569554e-05, 1.08669182737e-05, 5.47387935512e-06],
        "mean": [0.00134649605025, 0.00104979425669, 0.000868394447025, 0.000592001830228, 0.000368646258721, 0.000404922640882, 0.000689629872795, 0.000782277842518, 0.000482942792587, 0.000371175789041, 0.000123371268273, 0.000124247715576, 0.000228008444537, 0.000136709888466, 0.000115199014544, 0.000150051884702, 6.50953952572e-05, 4.59541479358e-05, 3.09347888106e-05, 5.51856173843e-05, 2.24326304306e-05, 2.29814831982e-05, 2.20211932174e-05, 1.32986524477e-05, 1.20572276501e-05, 1.32481682158e-05, 1.13255746328e-05, 1.25349824884e-05, 8.34433012642e-06, 8.5105857579e-06, 7.01649150869e-06, 7.25790869183e-06, 6.07001675235e-06, 4.53175971415e-06, 3.49923266185e-06, 3.00243800666e-06, 1.99213195629e-06, 1.39183237025e-06, 8.4805520828e-07, 3.87020151038e-07],
        "median": [0.000104082129837, 7.98809051048e-05, 9.90669068415e-05, 0.000104559134343, 7.87265962572e-05, 8.54926402098e-05, 0.000195891581825, 0.00027013575891, 0.000152526554302, 6.81018500472e-05, 2.96734287986e-05, 3.4252385376e-05, 5.12433689437e-05, 4.36424961663e-05, 5.07714576088e-05, 4.45687910542e-05, 1.81275936484e-05, 1.40486818054e-05, 1.08695130621e-05, 1.23274758153e-05, 8.41435212351e-06, 8.6849931904e-06, 9.75866714725e-06, 5.86090800425e-06, 7.43338114262e-06, 7.95753567218e-06, 7.67243636801e-06, 7.74185173213e-06, 4.64847789772e-06, 4.35215542893e-06, 3.33052639689e-06, 4.18352328779e-06, 3.48538605977e-06, 2.4717960514e-06, 1.7155587102e-06, 1.3834209085e-06, 1.1009035461e-06, 8.96407243545e-07, 4.4217716777e-07, 1.77788464839e-07],
        "min": [1.2694099244e-11, 1.09642555451e-11, 7.47372736615e-12, 1.49023432483e-11, 1.05876288639e-11, 9.07153779178e-12, 1.66919932737e-11, 2.07816385628e-11, 7.53474171944e-10, 2.86224655088e-10, 2.05274991449e-10, 4.2414620427e-11, 2.1543149209e-11, 2.17428158811e-11, 1.05761212288e-10, 1.24547386293e-10, 2.66599589627e-11, 6.89854076641e-11, 5.01363894845e-10, 1.90050108984e-09, 2.07532862423e-11, 1.56435198129e-10, 1.9966243936e-10, 7.67233221399e-11, 1.03751771063e-10, 7.36515293198e-11, 9.92379234344e-11, 8.22169068937e-11, 7.30161556217e-11, 4.93871402107e-11, 6.62928739681e-11, 6.89787532648e-11, 9.66712127015e-11, 6.7369658463e-11, 3.4785448827e-11, 2.62064415307e-11, 5.72377319152e-11, 6.30899846255e-11, 3.57016811947e-11, 1.05478629303e-11],
        "var": [1.56282058015e-05, 9.12718041945e-06, 7.77106379246e-06, 1.62649200774e-06, 4.28754105997e-07, 5.89540320561e-07, 1.29110765101e-06, 1.33115622702e-06, 6.03545515787e-07, 4.55655339238e-07, 7.77350379622e-08, 5.23603915781e-08, 1.70909430608e-07, 4.89205156384e-08, 2.43093634111e-08, 1.07625020007e-07, 1.45564316156e-08, 6.80427847399e-09, 3.15665826811e-09, 2.70814553005e-08, 2.44474329669e-09, 2.72760680708e-09, 1.59261848154e-09, 4.47659243008e-10, 1.93840915541e-10, 2.82145196095e-10, 1.48115311682e-10, 2.33595170984e-10, 1.2587120235e-10, 1.35315411653e-10, 8.94514809446e-11, 7.35933258778e-11, 5.84857648422e-11, 3.21300763773e-11, 2.11288417318e-11, 1.85910297573e-11, 5.61842369504e-12, 2.88815629398e-12, 1.28491987016e-12, 3.13582439095e-13]
    },
    "mfcc": {
        "mean": [-637.877624512, 84.1524047852, -11.8583564758, 9.27404308319, -19.4209899902, 2.17754411697, -9.90370082855, 0.0207641404122, -6.38203859329, 5.88334321976, 4.22701120377, 10.15883255, 3.88209056854],
        "cov": [[5759.41308594, 671.360839844, 773.875610352, 161.162628174, 44.8649253845, 192.322647095, 244.475479126, 134.568069458, -194.538238525, -185.766448975, -96.0718688965, -114.497001648, 87.8281402588], [671.360839844, 1510.52587891, 696.596496582, 189.242858887, 304.974884033, 242.084625244, 249.808105469, 90.2954177856, -5.72522544861, -66.0402832031, -92.052696228, -146.576171875, 19.8917446136], [773.875610352, 696.596496582, 1013.43829346, 441.043334961, 325.326538086, 158.380157471, 127.421951294, 63.6244125366, -66.7621612549, -151.899215698, -126.857872009, -159.644165039, -99.179107666], [161.162628174, 189.242858887, 441.043334961, 689.930969238, 244.588790894, 81.6300430298, -13.1976795197, 8.07180118561, -32.8179016113, -77.0625991821, -103.723167419, -113.028373718, -134.373443604], [44.8649253845, 304.974884033, 325.326538086, 244.588790894, 408.672546387, 220.887863159, 128.447372437, 87.1651687622, 115.402015686, 47.3105239868, 6.76242303848, -20.6368503571, -33.354888916], [192.322647095, 242.084625244, 158.380157471, 81.6300430298, 220.887863159, 258.431793213, 160.99017334, 99.4597244263, 114.102104187, 93.6083374023, 70.2776412964, 37.9059295654, 7.85323143005], [244.475479126, 249.808105469, 127.421951294, -13.1976795197, 128.447372437, 160.99017334, 264.555389404, 145.280578613, 101.180229187, 89.5311737061, 76.4701080322, 61.0733947754, 85.2094268799], [134.568069458, 90.2954177856, 63.6244125366, 8.07180118561, 87.1651687622, 99.4597244263, 145.280578613, 182.313812256, 123.08531189, 64.423286438, 30.0393047333, 25.2495574951, 58.2325897217], [-194.538238525, -5.72522544861, -66.7621612549, -32.8179016113, 115.402015686, 114.102104187, 101.180229187, 123.08531189, 247.05897522, 153.022125244, 79.9252548218, 42.3050765991, 15.9137544632], [-185.766448975, -66.0402832031, -151.899215698, -77.0625991821, 47.3105239868, 93.6083374023, 89.5311737061, 64.423286438, 153.022125244, 240.511047363, 182.544204712, 115.90461731, 37.9638633728], [-96.0718688965, -92.052696228, -126.857872009, -103.723167419, 6.76242303848, 70.2776412964, 76.4701080322, 30.0393047333, 79.9252548218, 182.544204712, 250.709609985, 180.279495239, 37.4440612793], [-114.497001648, -146.576171875, -159.644165039, -113.028373718, -20.6368503571, 37.9059295654, 61.0733947754, 25.2495574951, 42.3050765991, 115.90461731, 180.279495239, 254.623886108, 130.806671143], [87.8281402588, 19.8917446136, -99.179107666, -134.373443604, -33.354888916, 7.85323143005, 85.2094268799, 58.2325897217, 15.9137544632, 37.9638633728, 37.4440612793, 130.806671143, 260.887573242]],
