{
"lowlevel": {
    "average_loudness": 0.977010726929,
    "barkbands_crest": {
        "dmean": 2.76602458954,
        "dmean2": 4.48793983459,
        "dvar": 7.79780244827,
        "dvar2": 19.8112068176,
        "max": 23.5983562469,
        "mean": 8.38381099701,
        "median": 7.53988790512,
        "min": 2.64349603653,
        "var": 12.911157608
    },
    "barkbands_flatness_db": {
        "dmean": 0.0185538120568,
        "dmean2": 0.0296071562916,
        "dvar": 0.00038783121272,
        "dvar2": 0.000909531314392,
        "max": 0.43693625927,
        "mean": 0.132834538817,
        "median": 0.12578754127,
        "min": 0.0602931827307,
        "var": 0.00124730088282
    },
    "barkbands_kurtosis": {
        "dmean": 1.60332977772,
        "dmean2": 2.53186225891,
        "dvar": 23.6081066132,
        "dvar2": 51.5834083557,
        "max": 129.262695312,
        "mean": 1.01033043861,
        "median": -0.28021979332,
        "min": -1.89871621132,
        "var": 51.0774536133
    },
    "barkbands_skewness": {
        "dmean": 0.469402104616,
        "dmean2": 0.726466178894,
        "dvar": 0.282379299402,
        "dvar2": 0.67073225975,
        "max": 10.3575735092,
        "mean": 0.975346148014,
        "median": 0.817323923111,
        "min": -0.775981843472,
        "var": 0.847902655602
    },
    "barkbands_spread": {
        "dmean": 5.63459873199,
        "dmean2": 8.71437644958,
        "dvar": 28.3632774353,
        "dvar2": 66.386177063,
        "max": 92.2830123901,
        "mean": 32.4295959473,
        "median": 32.3550605774,
        "min": 0.969191431999,
        "var": 132.67048645
    },
    "dissonance": {
        "dmean": 0.0119471205398,
        "dmean2": 0.0199244208634,
        "dvar": 0.000156936454005,
        "dvar2": 0.000421331642428,
        "max": 0.5,
        "mean": 0.477349132299,
        "median": 0.483293354511,
        "min": 0.334640145302,
        "var": 0.000404031248763
    },
    "dynamic_complexity": 1.67383563519,
    "erbbands_crest": {
        "dmean": 2.22731184959,
        "dmean2": 3.59273338318,
        "dvar": 5.14175987244,
        "dvar2": 12.5033311844,
        "max": 28.5512866974,
        "mean": 7.82858228683,
        "median": 6.50811767578,
        "min": 2.65258789062,
        "var": 15.1566371918
    },
    "erbbands_flatness_db": {
        "dmean": 0.0112861925736,
        "dmean2": 0.0172428805381,
        "dvar": 0.000121631841466,
        "dvar2": 0.000253366597462,
        "max": 0.308654129505,
        "mean": 0.168987154961,
        "median": 0.163102373481,
        "min": 0.102510489523,
        "var": 0.000627974106465
    },
    "erbbands_kurtosis": {
        "dmean": 0.732557892799,
        "dmean2": 1.14224839211,
        "dvar": 1.08578014374,
        "dvar2": 2.1924393177,
        "max": 24.9787578583,
        "mean": 0.423070043325,
        "median": 0.141601324081,
        "min": -1.74535548687,
        "var": 2.67884206772
    },
    "erbbands_skewness": {
        "dmean": 0.28110525012,
        "dmean2": 0.430712789297,
        "dvar": 0.0742653682828,
        "dvar2": 0.151180416346,
        "max": 4.39160728455,
        "mean": -0.217653989792,
        "median": -0.380806833506,
        "min": -2.7019598484,
        "var": 0.48842689395
    },
    "erbbands_spread": {
        "dmean": 6.91848230362,
        "dmean2": 10.9052085876,
        "dvar": 50.0093421936,
        "dvar2": 110.844573975,
        "max": 139.282562256,
        "mean": 37.1962471008,
        "median": 36.1346626282,
        "min": 5.34410572052,
        "var": 195.595748901
    },
    "hfc": {
        "dmean": 6.0840845108,
        "dmean2": 9.58442592621,
        "dvar": 45.7577476501,
        "dvar2": 113.843566895,
        "max": 87.9389724731,
        "mean": 32.3311691284,
        "median": 30.9187526703,
        "min": 0.0011790941935,
        "var": 193.374801636
    },
    "melbands_crest": {
        "dmean": 3.68397688866,
        "dmean2": 5.95802307129,
        "dvar": 10.479300499,
        "dvar2": 26.0520114899,
        "max": 32.7223510742,
        "mean": 13.6553001404,
        "median": 12.8197822571,
        "min": 3.60167217255,
        "var": 25.0269889832
    },
    "melbands_flatness_db": {
        "dmean": 0.0251029152423,
        "dmean2": 0.0386141873896,
        "dvar": 0.000726104772184,
        "dvar2": 0.00163247075398,
        "max": 0.555194139481,
        "mean": 0.149140566587,
        "median": 0.138220980763,
        "min": 0.0392669662833,
        "var": 0.00249823229387
    },
    "melbands_kurtosis": {
        "dmean": 5.61095714569,
        "dmean2": 8.92906475067,
        "dvar": 258.145812988,
        "dvar2": 598.643432617,
        "max": 398.895202637,
        "mean": 8.70920562744,
        "median": 4.13158273697,
        "min": -1.46686887741,
        "var": 526.290283203
    },
    "melbands_skewness": {
        "dmean": 0.70635676384,
        "dmean2": 1.09592247009,
        "dvar": 0.730980396271,
        "dvar2": 1.72945284843,
        "max": 16.5499382019,
        "mean": 2.28077507019,
        "median": 2.03721213341,
        "min": -0.634776651859,
        "var": 2.29779672623
    },
    "melbands_spread": {
        "dmean": 8.97932624817,
        "dmean2": 14.158536911,
        "dvar": 79.1733093262,
        "dvar2": 191.188537598,
        "max": 141.574279785,
        "mean": 34.4318237305,
        "median": 34.0239601135,
        "min": 0.649712443352,
        "var": 209.546646118
    },
    "pitch_salience": {
        "dmean": 0.079454921186,
        "dmean2": 0.130945265293,
        "dvar": 0.00527455797419,
        "dvar2": 0.0140411118045,
        "max": 0.849651634693,
        "mean": 0.560285270214,
        "median": 0.565918505192,
        "min": 0.157257303596,
        "var": 0.0105874566361
    },
    "silence_rate_20dB": {
        "dmean": 0,
        "dmean2": 0,
        "dvar": 0,
        "dvar2": 0,
        "max": 1,
        "mean": 1,
        "median": 1,
        "min": 1,
        "var": 0
    },
    "silence_rate_30dB": {
        "dmean": 0,
        "dmean2": 0,
        "dvar": 0,
        "dvar2": 0,
        "max": 1,
        "mean": 1,
        "median": 1,
        "min": 1,
        "var": 0
    },
    "silence_rate_60dB": {
        "dmean": 0.00154918665066,
        "dmean2": 0.00309957377613,
        "dvar": 0.00154677091632,
        "dvar2": 0.00386484875344,
        "max": 1,
        "mean": 0.0100658144802,
        "median": 0,
        "min": 0,
        "var": 0.00996426492929
    },
    "spectral_centroid": {
        "dmean": 226.97984314,
        "dmean2": 362.012207031,
        "dvar": 46248.3984375,
        "dvar2": 114508.5,
        "max": 4132.91455078,
        "mean": 1848.61364746,
        "median": 1883.29406738,
        "min": 164.036956787,
        "var": 250834.703125
    },
    "spectral_complexity": {
        "dmean": 4.46398162842,
        "dmean2": 7.17163896561,
        "dvar": 17.1209144592,
        "dvar2": 37.6634407043,
        "max": 57,
        "mean": 33.5439414978,
        "median": 36,
        "min": 0,
        "var": 101.592185974
    },
    "spectral_decrease": {
        "dmean": 2.9477278396e-09,
        "dmean2": 4.72440930821e-09,
        "dvar": 1.38915173516e-17,
        "dvar2": 3.44386655695e-17,
        "max": -2.4953547258e-13,
        "mean": -8.66684057854e-09,
        "median": -7.78332509555e-09,
        "min": -2.89441413059e-08,
        "var": 2.05817888875e-17
    },
    "spectral_energy": {
        "dmean": 0.0114457160234,
        "dmean2": 0.0183360110968,
        "dvar": 0.000205612392165,
        "dvar2": 0.000509553530719,
        "max": 0.112790822983,
        "mean": 0.0356432124972,
        "median": 0.0320860110223,
        "min": 1.04874652607e-06,
        "var": 0.000317910773447
    },
    "spectral_energyband_high": {
        "dmean": 0.000353634182829,
        "dmean2": 0.000568928313442,
        "dvar": 1.74654530838e-07,
        "dvar2": 4.62550332259e-07,
        "max": 0.00746000232175,
        "mean": 0.00141013297252,
        "median": 0.00130499445368,
        "min": 3.08795549131e-08,
        "var": 7.02118200024e-07
    },
    "spectral_energyband_low": {
        "dmean": 0.00795752834529,
        "dmean2": 0.0127175766975,
        "dvar": 0.000163765260368,
        "dvar2": 0.000396084389649,
        "max": 0.0966476351023,
        "mean": 0.013269382529,
        "median": 0.00899127684534,
        "min": 1.4433013007e-07,
        "var": 0.000193289539311
    },
    "spectral_energyband_middle_high": {
        "dmean": 0.00246925582178,
        "dmean2": 0.00374950305559,
        "dvar": 8.18842363515e-06,
        "dvar2": 1.71677129401e-05,
        "max": 0.0445882976055,
        "mean": 0.00989858619869,
        "median": 0.00820510741323,
        "min": 6.20125831574e-07,
        "var": 4.22899138357e-05
    },
    "spectral_energyband_middle_low": {
        "dmean": 0.00580716133118,
        "dmean2": 0.00952741317451,
        "dvar": 6.9190733484e-05,
        "dvar2": 0.00017678605218,
        "max": 0.0741499885917,
        "mean": 0.0130027299747,
        "median": 0.0103335212916,
        "min": 2.6036028089e-07,
        "var": 0.00010237890092
    },
    "spectral_entropy": {
        "dmean": 0.0877118632197,
        "dmean2": 0.133570894599,
        "dvar": 0.0135965207592,
        "dvar2": 0.0245901364833,
        "max": 8.31518745422,
        "mean": 7.83868217468,
        "median": 7.89883756638,
        "min": 5.03629636765,
        "var": 0.0673285275698
    },
    "spectral_flux": {
        "dmean": 0.0301279891282,
        "dmean2": 0.0455139949918,
        "dvar": 0.00105595448986,
        "dvar2": 0.00226221838966,
        "max": 0.278394252062,
        "mean": 0.104033656418,
        "median": 0.0906720012426,
        "min": 0.00102408323437,
        "var": 0.00216220761649
    },
    "spectral_kurtosis": {
        "dmean": 1.03750109673,
        "dmean2": 1.80862212181,
        "dvar": 2.19166088104,
        "dvar2": 5.2986497879,
        "max": 46.908744812,
        "mean": 2.26612353325,
        "median": 1.94497585297,
        "min": -0.533737421036,
        "var": 4.08959054947
    },
    "spectral_rms": {
        "dmean": 0.000897674472071,
        "dmean2": 0.00141080690082,
        "dvar": 1.0429324675e-06,
        "dvar2": 2.52035783888e-06,
        "max": 0.0104899872094,
        "mean": 0.0057080197148,
        "median": 0.00559494644403,
        "min": 3.1986986869e-05,
        "var": 2.1923190161e-06
    },
    "spectral_rolloff": {
        "dmean": 468.611053467,
        "dmean2": 769.548400879,
        "dvar": 298612.5,
        "dvar2": 702938.1875,
        "max": 6782.95898438,
        "mean": 1981.70385742,
        "median": 2088.72070312,
        "min": 64.599609375,
        "var": 787202.75
    },
    "spectral_skewness": {
        "dmean": 0.149791672826,
        "dmean2": 0.249055296183,
        "dvar": 0.0297184027731,
        "dvar2": 0.0656087398529,
        "max": 5.48358917236,
        "mean": 1.03128457069,
        "median": 0.990995287895,
        "min": 0.220268845558,
        "var": 0.100999467075
    },
    "spectral_spread": {
        "dmean": 270887,
        "dmean2": 419660.3125,
        "dvar": 106972946432,
        "dvar2": 199354335232,
        "max": 11007865,
        "mean": 3968765.25,
        "median": 3900687,
        "min": 1377825.25,
        "var": 337056890880
    },
    "spectral_strongpeak": {
        "dmean": 0.665435433388,
        "dmean2": 1.13620865345,
        "dvar": 1.28047513962,
        "dvar2": 2.99401140213,
        "max": 12.0063152313,
        "mean": 1.11590456963,
        "median": 0.456049948931,
        "min": 0,
        "var": 2.35320138931
    },
    "zerocrossingrate": {
        "dmean": 0.00891519896686,
        "dmean2": 0.0110830953345,
        "dvar": 5.63661524211e-05,
        "dvar2": 8.65543843247e-05,
        "max": 0.19140625,
        "mean": 0.0712584406137,
        "median": 0.07080078125,
        "min": 0.00537109375,
        "var": 0.000428908737376
    },
    "barkbands": {
        "dmean": [0.000229401615798, 0.00571351591498, 0.00317151704803, 0.00254601659253, 0.00176822207868, 0.00120147131383, 0.000594608660322, 0.000974974653218, 0.00119833520148, 0.000711310305633, 0.000615067081526, 0.000383492326364, 0.000718427356333, 0.000599297287408, 0.000531776691787, 0.000493442232255, 0.000517170934472, 0.000308691087412, 0.000252590922173, 0.000180490969797, 0.000163285032613, 0.00013567887072, 6.63647297188e-05, 6.14400632912e-05, 1.68597234733e-05, 1.6679971182e-08, 1.39832934121e-09],
        "dmean2": [0.000354131945642, 0.00943651050329, 0.00547780375928, 0.00438918778673, 0.00306692929007, 0.00194718537387, 0.00098530203104, 0.00151255226228, 0.00183001765981, 0.00103468541056, 0.000956364092417, 0.000604145869147, 0.00111226912122, 0.000942298502196, 0.000838535954244, 0.00079839094542, 0.00087088329019, 0.000521455309354, 0.000422922690632, 0.000302195985569, 0.000273779442068, 0.000224197807256, 0.000106414416223, 9.2984213552e-05, 2.64521586359e-05, 2.7403173064e-08, 2.5870656728e-09],
        "dvar": [2.14550524902e-07, 0.000138791103382, 1.95296961465e-05, 1.62227916007e-05, 8.82244330569e-06, 4.63764217784e-06, 2.05729679692e-06, 6.77817797623e-06, 7.96830772742e-06, 2.79546156889e-06, 2.19048456529e-06, 5.85242446505e-07, 2.74723402072e-06, 1.23988081668e-06, 9.58761575021e-07, 8.45237082103e-07, 2.82174994481e-07, 9.46759541876e-08, 6.76249953813e-08, 5.28515542442e-08, 3.54694300597e-08, 3.31312293156e-08, 5.69630076441e-09, 8.43182323962e-09, 5.73272707083e-10, 5.14679135729e-16, 5.10134650112e-18],
        "dvar2": [4.66824985779e-07, 0.000351447815774, 5.6827248045e-05, 4.25602593168e-05, 2.44826169364e-05, 1.1161511793e-05, 4.42378723164e-06, 1.53415730892e-05, 1.80594070116e-05, 5.1716060625e-06, 4.69343831355e-06, 1.24915152355e-06, 6.14012151345e-06, 2.87290686174e-06, 2.01252487386e-06, 1.78643495019e-06, 7.81268056471e-07, 2.68623580268e-07, 1.79184510785e-07, 1.41411717891e-07, 9.85953221289e-08, 9.20874541066e-08, 1.4806435189e-08, 1.91285707274e-08, 1.35264655032e-09, 1.24692620138e-15, 1.59193390428e-17],
        "max": [0.00366964028217, 0.0766483396292, 0.0412360429764, 0.038023609668, 0.0246091801673, 0.0291011575609, 0.0344129167497, 0.0444503761828, 0.0373503565788, 0.0443169660866, 0.0277954656631, 0.0275970492512, 0.0249170064926, 0.0143787767738, 0.0216775983572, 0.0264104828238, 0.00612658867612, 0.00279854005203, 0.00401969067752, 0.00363071588799, 0.00332568329759, 0.00329201645218, 0.00111609068699, 0.00145351886749, 0.000475641601952, 3.81925616466e-07, 5.05424111452e-08],
        "mean": [0.000244440394454, 0.00663428194821, 0.00482339877635, 0.00307765905745, 0.00263986969367, 0.00201383978128, 0.000780710834078, 0.00158711138647, 0.00216048909351, 0.00144855037797, 0.00111461104825, 0.00065832817927, 0.00127557711676, 0.00101295404602, 0.000946416170336, 0.000975177972578, 0.00119834870566, 0.000716784328688, 0.000663571699988, 0.000435883674072, 0.000474099739222, 0.000372252048692, 0.000179502152605, 0.000165878038388, 4.34241010225e-05, 3.14733696882e-08, 1.10437115008e-09],
        "median": [4.01795259677e-05, 0.00318553717807, 0.00335747259669, 0.00188189698383, 0.00174803147092, 0.000821156834718, 0.000385558989365, 0.000431805266999, 0.000497389293741, 0.000382740254281, 0.000435122230556, 0.000370800320525, 0.000504185212776, 0.00048101550783, 0.000558588129934, 0.000731903419364, 0.00109860056546, 0.000677001778968, 0.00064023869345, 0.00036891043419, 0.000432268949226, 0.000306928443024, 0.000150922511239, 0.000124220678117, 3.6272322177e-05, 2.35393979864e-08, 4.76209016664e-10],
        "min": [7.26977866794e-10, 8.46391117193e-08, 5.27647188164e-08, 1.95777296597e-08, 4.29166995275e-08, 2.19259490564e-08, 8.06427191691e-09, 5.31261923342e-09, 7.84343825444e-08, 1.32778286144e-08, 2.13266574178e-07, 8.21126491246e-08, 1.42173036011e-07, 9.51077172573e-09, 5.5236935026e-09, 1.56591610789e-08, 3.26462732403e-08, 7.08996505949e-09, 1.24315535643e-08, 2.77671508009e-09, 9.15514597466e-09, 1.4474554888e-08, 2.17220108567e-09, 3.42590045221e-09, 3.7343689252e-10, 2.46724255609e-12, 3.95033615194e-12],
        "var": [2.57406185256e-07, 0.000126903149066, 2.62934227067e-05, 1.52151351358e-05, 8.59455667523e-06, 9.16158478503e-06, 3.27958628077e-06, 1.31735769173e-05, 1.92734605662e-05, 1.14505000965e-05, 6.22314701104e-06, 1.51083281708e-06, 6.35638298263e-06, 2.73813725471e-06, 2.15966156247e-06, 2.00616523216e-06, 6.45330942461e-07, 1.96661375185e-07, 1.59850998216e-07, 1.07066888688e-07, 9.5497057373e-08, 8.17189658164e-08, 1.74350915927e-08, 2.51754670444e-08, 1.30080668459e-09, 9.56596235465e-16, 3.57875018451e-18]
    },
    "erbbands": {
        "dmean": [0.179925218225, 1.2863522768, 3.29794621468, 5.83245563507, 8.3058347702, 5.13449048996, 8.24830722809, 10.2566413879, 7.54411697388, 15.4063816071, 19.5341396332, 30.0608081818, 21.3715057373, 19.6817703247, 22.0633983612, 18.5169620514, 32.7052536011, 25.9217243195, 29.8113384247, 26.6405849457, 24.146396637, 23.759475708, 19.5140552521, 11.5657520294, 12.0048494339, 8.39253997803, 6.28959989548, 6.70857429504, 5.01735687256, 3.14894270897, 1.57810652256, 1.30777573586, 1.10769426823, 0.348814606667, 0.0227342341095, 0.000994314090349, 5.3611020121e-05, 8.00684847491e-06, 6.0407910496e-06, 1.28276360556e-05],
        "dmean2": [0.288668870926, 2.21150875092, 5.73496770859, 10.0676984787, 14.6633644104, 8.60868644714, 13.5547933578, 16.6033267975, 12.4424524307, 24.1672992706, 30.3940811157, 45.9137573242, 31.030418396, 28.7603034973, 33.9655761719, 28.5624237061, 49.8606872559, 40.9208717346, 47.6364784241, 42.4219856262, 39.5052261353, 40.0072898865, 33.0378265381, 19.8863983154, 20.016998291, 13.9642915726, 10.5755224228, 11.1815795898, 8.24110031128, 5.1058216095, 2.54609107971, 2.02908563614, 1.68416905403, 0.535077154636, 0.0350907556713, 0.00152548972983, 8.05338204373e-05, 1.21217753986e-05, 9.59948101809e-06, 2.05666692636e-05],
        "dvar": [0.160184144974, 6.8398103714, 23.5800037384, 53.1552619934, 278.306121826, 55.7947158813, 176.694442749, 381.174713135, 337.389892578, 1834.66906738, 2184.26855469, 5010.47216797, 3403.27270508, 2686.11376953, 2259.53125, 1328.51013184, 5717.27001953, 2073.93359375, 3032.20727539, 2663.3996582, 1074.16833496, 601.908752441, 376.005615234, 149.285202026, 175.01965332, 119.569160461, 53.8515701294, 72.2549209595, 39.3113174438, 18.6181964874, 4.03723335266, 3.72471213341, 3.41191458702, 0.266462177038, 0.000922464299947, 1.76789296802e-06, 5.27423171803e-09, 1.09518200064e-10, 4.88464824144e-11, 2.50965026538e-10],
        "dvar2": [0.385419458151, 18.2666931152, 68.1930236816, 147.230743408, 767.238830566, 145.165939331, 450.44934082, 914.516479492, 681.914367676, 4099.74609375, 4837.28271484, 11327.2470703, 5767.11914062, 5257.19726562, 4917.16210938, 2798.45239258, 12615.1894531, 4560.15576172, 7209.17529297, 6087.04296875, 2523.25366211, 1704.25012207, 1058.73706055, 421.326629639, 443.667633057, 319.002349854, 152.601898193, 197.495452881, 107.198158264, 51.4910163879, 10.2745161057, 8.62665748596, 7.8959236145, 0.604805469513, 0.00226654368453, 4.31873650086e-06, 1.22395489299e-08, 2.47551285026e-10, 1.21027993183e-10, 6.21809936874e-10],
        "max": [2.50719714165, 18.7070960999, 37.0807914734, 59.7815666199, 152.668945312, 106.44682312, 167.58493042, 267.752929688, 503.035217285, 750.927246094, 1204.38659668, 1010.9487915, 1691.9654541, 1120.38793945, 757.46081543, 1372.22607422, 1154.97229004, 762.996887207, 855.59375, 1324.50305176, 865.213012695, 295.608673096, 186.842025757, 173.774475098, 221.913635254, 181.943939209, 106.77166748, 162.279373169, 90.8192977905, 101.282516479, 35.1145362854, 39.0572357178, 33.1458740234, 10.0492172241, 0.578580737114, 0.0255818646401, 0.00124363193754, 0.000188249541679, 7.13333211024e-05, 0.000130081563839],
        "mean": [0.183231890202, 1.52336466312, 5.1294670105, 8.50242805481, 9.3629693985, 8.11736488342, 13.6659440994, 16.9379920959, 10.9032688141, 23.9966812134, 33.6112937927, 56.4531326294, 47.0387077332, 38.8207244873, 43.4691390991, 36.094367981, 60.4300346375, 48.572593689, 53.1868782043, 53.1724967957, 56.2625236511, 61.2022285461, 49.9329376221, 29.0994129181, 31.4462108612, 20.9304656982, 17.333152771, 18.936000824, 14.207947731, 8.59331607819, 4.35758876801, 3.42284059525, 2.82554936409, 0.958830714226, 0.0614155903459, 0.00282044312917, 0.000185268407222, 3.19010141538e-05, 2.62126632151e-05, 4.49914259661e-05],
        "median": [0.0443012453616, 0.843057990074, 3.39731526375, 5.94840955734, 5.13838720322, 5.16680431366, 7.79846763611, 6.37384653091, 5.71195650101, 7.84956073761, 13.2147140503, 14.5454492569, 13.8405160904, 13.5202989578, 19.1442699432, 21.1812095642, 25.5909748077, 26.1887931824, 30.1479511261, 34.8376312256, 47.7412223816, 58.2537231445, 48.3473320007, 28.3903541565, 28.9530353546, 17.586933136, 15.6479825974, 16.7986717224, 12.1920833588, 7.19815349579, 3.49530172348, 2.53709840775, 2.09640264511, 0.792251348495, 0.0529152229428, 0.00244628335349, 0.000163820644957, 2.88479222945e-05, 2.53714060818e-05, 4.17075571022e-05],
        "min": [1.36824212404e-06, 2.26830325118e-05, 6.78553114994e-05, 5.34808787052e-05, 0.000170102372067, 0.000103171470982, 4.82460272906e-05, 0.000240524997935, 0.000104246573756, 0.000142967328429, 0.000342891842593, 0.00218915729783, 0.00113509234507, 0.00149317050818, 0.0116517543793, 0.00245776120573, 0.00866225920618, 0.00399325927719, 0.000395650189603, 0.000527741212863, 0.00141568703111, 0.00112405337859, 0.000424889847636, 0.000490986567456, 0.000505304487888, 0.000150201842189, 0.000141196869663, 0.000543806585483, 0.000750285689719, 8.6110769189e-05, 5.22758928128e-05, 7.9933051893e-05, 5.37659361726e-05, 1.03339043562e-05, 6.52201038065e-07, 3.93567525236e-08, 7.2239880744e-09, 2.39288433512e-09, 1.2138768879e-09, 1.38393119187e-09],
        "var": [0.153361424804, 5.63700056076, 27.9392147064, 63.2210235596, 212.911239624, 80.5319595337, 274.256866455, 825.959716797, 596.268310547, 3152.48388672, 4716.62597656, 12596.2275391, 14342.6523438, 8644.01855469, 6942.13330078, 3648.67626953, 13194.6591797, 4698.59863281, 6104.08105469, 6190.70361328, 2680.25463867, 1419.60021973, 880.115844727, 281.209899902, 424.571380615, 262.858703613, 127.113433838, 172.06993103, 101.836502075, 47.2121810913, 12.4417772293, 10.5358867645, 8.94712638855, 0.656792223454, 0.00210613198578, 4.22263838118e-06, 1.55482293707e-08, 3.89882265361e-10, 1.15007031676e-10, 4.22008261669e-10]
    },
    "gfcc": {
        "mean": [31.2381439209, 109.691589355, -156.835723877, 70.9652938843, -68.0924453735, 27.8361492157, -36.2719230652, 2.10970401764, -9.84819507599, -16.5179386139, -2.04336166382, -19.6652584076, 4.01805114746],
        "cov": [[1678.51318359, -170.736495972, -228.93951416, -41.1811637878, -145.850448608, 5.25374794006, -70.2149887085, 51.3965187073, 2.70130801201, 40.4284667969, 1.45768666267, 17.2605934143, 30.1853580475], [-170.736495972, 283.664733887, 54.2571716309, -102.56477356, 41.3601303101, -31.7941093445, 74.9464416504, -39.192653656, 22.5203819275, -33.8489761353, 5.32107973099, -37.3222961426, -8.27681255341], [-228.93951416, 54.2571716309, 255.179168701, 92.403755188, 43.6806182861, 13.0324630737, -5.04895353317, -5.65917301178, 1.75062990189, -3.52622032166, 6.30098867416, -6.39257574081, 1.25943398476], [-41.1811637878, -102.56477356, 92.403755188, 274.209228516, 101.394989014, -16.2041053772, -23.5958557129, 23.0663661957, 19.8486022949, 19.2938652039, 20.090461731, 43.7957839966, 17.802614212], [-145.850448608, 41.3601303101, 43.6806182861, 101.394989014, 160.215301514, 33.5494995117, 34.5953559875, 24.2097568512, 33.0224990845, 10.5397262573, 20.6329612732, 16.815366745, 17.8091678619], [5.25374794006, -31.7941093445, 13.0324630737, -16.2041053772, 33.5494995117, 117.883049011, 72.8592376709, 26.0945148468, -1.23459529877, 4.85651779175, 6.53770780563, 7.09507369995, 1.67172539234], [-70.2149887085, 74.9464416504, -5.04895353317, -23.5958557129, 34.5953559875, 72.8592376709, 163.66355896, 34.9976959229, 15.0109062195, -14.8377637863, 10.4856214523, -1.05630207062, -4.88859272003], [51.3965187073, -39.192653656, -5.65917301178, 23.0663661957, 24.2097568512, 26.0945148468, 34.9976959229, 87.8867034912, 31.7408771515, 16.9942531586, 6.13563156128, 8.69513034821, 9.34332466125], [2.70130801201, 22.5203819275, 1.75062990189, 19.8486022949, 33.0224990845, -1.23459529877, 15.0109062195, 31.7408771515, 74.2619934082, 28.74792099, 8.97007846832, -9.83416938782, 8.11029148102], [40.4284667969, -33.8489761353, -3.52622032166, 19.2938652039, 10.5397262573, 4.85651779175, -14.8377637863, 16.9942531586, 28.74792099, 52.9779167175, 20.8849754333, 1.84654676914, 6.23711967468], [1.45768666267, 5.32107973099, 6.30098867416, 20.090461731, 20.6329612732, 6.53770780563, 10.4856214523, 6.13563156128, 8.97007846832, 20.8849754333, 47.6998405457, 27.5832691193, 7.71352291107], [17.2605934143, -37.3222961426, -6.39257574081, 43.7957839966, 16.815366745, 7.09507369995, -1.05630207062, 8.69513034821, -9.83416938782, 1.84654676914, 27.5832691193, 67.9564590454, 26.9687461853], [30.1853580475, -8.27681255341, 1.25943398476, 17.802614212, 17.8091678619, 1.67172539234, -4.88859272003, 9.34332466125, 8.11029148102, 6.23711967468, 7.71352291107, 26.9687461853, 45.1936645508]],
        "icov": [[0.000926115608308, -0.00144688214641, 0.00147400272544, -0.00158252811525, 0.00213751196861, -0.00208485079929, 0.00155469251331, -0.00127345416695, 0.000387571519241, -0.000342678074958, -0.000312600866891, 0.000571921758819, -0.000945180770941], [-0.00144688214641, 0.0247777234763, -0.0109355794266, 0.0181082915515, -0.017601929605, 0.022783588618, -0.0168155618012, 0.0126480143517, -0.00834609288722, 0.0090945661068, -0.00612887693569, 0.00230871886015, 0.000246475887252], [0.00147400272544, -0.0109355794266, 0.0106859849766, -0.0107840029523, 0.00897854566574, -0.0124704381451, 0.00879107601941, -0.00554556818679, 0.00358653394505, -0.00141357234679, -0.00063888868317, 0.00322253676131, -0.00227894866839], [-0.00158252811525, 0.0181082915515, -0.0107840029523, 0.0205942746252, -0.0177851971239, 0.0198368560523, -0.012247338891, 0.00839522108436, -0.00577197223902, 0.00337002240121, -0.000782917370088, -0.00481405761093, 0.00335280317813], [0.00213751196861, -0.017601929605, 0.00897854566574, -0.0177851971239, 0.0248636640608, -0.0206998568028, 0.0121106896549, -0.00913461949676, 0.0017716162838, -0.00272471411154, -0.000708215811756, 0.00195135211106, -0.00471472507343], [-0.00208485079929, 0.022783588618, -0.0124704381451, 0.0198368560523, -0.0206998568028, 0.0364670753479, -0.0224665701389, 0.00998978503048, -0.00254432531074, 0.000746341072954, -0.000443156110123, -0.00231883581728, 0.00222412636504], [0.00155469251331, -0.0168155618012, 0.00879107601941, -0.012247338891, 0.0121106896549, -0.0224665701389, 0.023178525269, -0.011810598895, 0.00207684794441, 0.00276289135218, -0.00235179392621, 0.00137220532633, 0.000297598598991], [-0.00127345416695, 0.0126480143517, -0.00554556818679, 0.00839522108436, -0.00913461949676, 0.00998978503048, -0.011810598895, 0.0230319425464, -0.00995481200516, 0.000940427416936, 0.000907006149646, -0.00248533161357, 0.00019031247939], [0.000387571519241, -0.00834609288722, 0.00358653394505, -0.00577197223902, 0.0017716162838, -0.00254432531074, 0.00207684794441, -0.00995481200516, 0.0272388514131, -0.0148735772818, 0.00202918145806, 0.00586209632456, -0.0046149129048], [-0.000342678074958, 0.0090945661068, -0.00141357234679, 0.00337002240121, -0.00272471411154, 0.000746341072954, 0.00276289135218, 0.000940427416936, -0.0148735772818, 0.0418318621814, -0.0231001731008, 0.0109450342134, -0.00393575755879], [-0.000312600866891, -0.00612887693569, -0.00063888868317, -0.000782917370088, -0.000708215811756, -0.000443156110123, -0.00235179392621, 0.000907006149646, 0.00202918145806, -0.0231001731008, 0.0447030737996, -0.0233210828155, 0.00837676320225], [0.000571921758819, 0.00230871886015, 0.00322253676131, -0.00481405761093, 0.00195135211106, -0.00231883581728, 0.00137220532633, -0.00248533161357, 0.00586209632456, 0.0109450342134, -0.0233210828155, 0.036782246083, -0.0187050309032], [-0.000945180770941, 0.000246475887252, -0.00227894866839, 0.00335280317813, -0.00471472507343, 0.00222412636504, 0.000297598598991, 0.00019031247939, -0.0046149129048, -0.00393575755879, 0.00837676320225, -0.0187050309032, 0.0344182997942]]
    },
    "melbands": {
        "dmean": [0.00158563593868, 0.00160155200865, 0.00110299233347, 0.000421456818003, 0.000279248459265, 0.000225546857109, 0.00011497693049, 0.000182668140042, 0.000174788088771, 0.000181453564437, 0.000104433376691, 7.96251188149e-05, 8.11596619315e-05, 4.43901699327e-05, 6.46073021926e-05, 6.49541252642e-05, 5.34548380529e-05, 5.34919709025e-05, 3.5619152186e-05, 4.10048778576e-05, 3.01048694382e-05, 2.8011510949e-05, 2.70717482636e-05, 1.39964613481e-05, 1.04750197352e-05, 1.06148709165e-05, 8.47322007758e-06, 5.33472984898e-06, 4.1630423766e-06, 5.2702425819e-06, 3.94002745452e-06, 3.4603099266e-06, 2.64610298473e-06, 1.67272514773e-06, 1.0261829857e-06, 9.75957732408e-07, 8.35870594074e-07, 9.03129489416e-07, 6.32346029761e-07, 2.23227644369e-07],
        "dmean2": [0.00259844749235, 0.00274205510505, 0.00192128494382, 0.000738399627153, 0.000454262917629, 0.000365787389455, 0.000189571015653, 0.00028708006721, 0.00027079085703, 0.000277709506918, 0.000152197986608, 0.000116855931992, 0.000124934886117, 6.93518377375e-05, 9.96332310024e-05, 9.96949675027e-05, 8.45430477057e-05, 8.57630438986e-05, 5.62928617001e-05, 6.53103925288e-05, 5.01344329678e-05, 4.72248611914e-05, 4.60408919025e-05, 2.37724743783e-05, 1.8063978132e-05, 1.77854890353e-05, 1.39319590744e-05, 8.87580335984e-06, 7.07369463271e-06, 9.01196017367e-06, 6.57614054944e-06, 5.74526802666e-06, 4.43787712356e-06, 2.73297769127e-06, 1.69365625879e-06, 1.54804195063e-06, 1.31934996261e-06, 1.39535859489e-06, 9.74342810878e-07, 3.50734751464e-07],
        "dvar": [1.17641648103e-05, 6.41489441477e-06, 2.52443282989e-06, 5.84494785016e-07, 1.71374395563e-07, 1.73826620653e-07, 7.83401148396e-08, 2.7135382652e-07, 1.58483700829e-07, 1.93066242105e-07, 8.40862668383e-08, 4.44107435271e-08, 3.29217613171e-08, 7.45190309459e-09, 2.25723724157e-08, 2.35956196803e-08, 9.61750323825e-09, 1.17427374491e-08, 5.03970154497e-09, 8.6653813014e-09, 1.31809652082e-09, 8.74779526594e-10, 8.50310988287e-10, 1.94957841537e-10, 1.24218135777e-10, 1.24679822022e-10, 1.04329468675e-10, 5.01648791951e-11, 2.56780621072e-11, 3.50090199885e-11, 2.49104504385e-11, 1.99508794901e-11, 1.39766713828e-11, 4.14559272327e-12, 1.7816257367e-12, 1.83052965147e-12, 1.53152750898e-12, 2.62736468866e-12, 1.20713638738e-12, 8.74750643557e-14],
        "dvar2": [2.91053020192e-05, 1.77381371032e-05, 6.88063209964e-06, 1.59900503149e-06, 4.37648822071e-07, 4.15567598111e-07, 1.57614465479e-07, 6.0969051674e-07, 3.5402837284e-07, 4.40932922174e-07, 1.42395137459e-07, 8.54195647548e-08, 6.85932093347e-08, 1.77248900002e-08, 5.01262285013e-08, 5.18193985499e-08, 2.10883843721e-08, 2.91111827977e-08, 1.00765351618e-08, 1.84524271418e-08, 3.45926576273e-09, 2.45368925178e-09, 2.37119390789e-09, 5.62176194485e-10, 3.48812867479e-10, 3.29517330089e-10, 2.78274986387e-10, 1.33482405684e-10, 7.17800818784e-11, 9.81410855361e-11, 6.73930217188e-11, 5.44432658678e-11, 3.95434102129e-11, 1.10159182123e-11, 4.68639406795e-12, 4.16649137067e-12, 3.73859450342e-12, 6.38432492636e-12, 2.7067133257e-12, 2.14572364867e-13],
        "max": [0.021748451516, 0.0215080603957, 0.0149032725021, 0.00659627001733, 0.00485769100487, 0.00577419437468, 0.00782975740731, 0.00783108454198, 0.00873912684619, 0.00669069075957, 0.00845043174922, 0.00419784616679, 0.00291451113299, 0.00217146635987, 0.00255263596773, 0.0031384639442, 0.00168074795511, 0.00155317562167, 0.00188728247304, 0.00239227991551, 0.000854809535667, 0.000352962932084, 0.000402224250138, 0.000137220442411, 0.000158644033945, 0.000165518125868, 0.000133883673698, 0.000108129119326, 6.9456124038e-05, 0.00010727771587, 6.89581429469e-05, 5.97293619649e-05, 8.41397850309e-05, 3.69857189071e-05, 1.95669817913e-05, 2.29726829275e-05, 2.34318194998e-05, 3.41990416928e-05, 2.15271466004e-05, 5.20502590007e-06],
        "mean": [0.00172118761111, 0.00251571834087, 0.00157577125356, 0.00057585851755, 0.000486329052364, 0.000375798292225, 0.000160607582075, 0.000285956979496, 0.000298322993331, 0.000337889505317, 0.000222500093514, 0.000149084371515, 0.000152560169226, 8.27007534099e-05, 0.000118734104035, 0.000116614857689, 9.07356079551e-05, 8.90522351256e-05, 6.50625661365e-05, 7.6658812759e-05, 6.46614425932e-05, 6.42344894004e-05, 6.0482412664e-05, 3.04639852402e-05, 2.2259519028e-05, 2.55851555266e-05, 1.93526575458e-05, 1.20768172565e-05, 9.62983904174e-06, 1.28242445498e-05, 1.0053787264e-05, 8.51331424201e-06, 6.48465947961e-06, 4.06867548008e-06, 2.45758928941e-06, 2.31927015193e-06, 1.95363850253e-06, 2.12261215893e-06, 1.50391724674e-06, 5.66932044421e-07],
        "median": [0.000650330097415, 0.00172168249264, 0.00108097249176, 0.000369354325812, 0.000306802772684, 0.000148797102156, 8.2846301666e-05, 8.14677987364e-05, 0.000105597515358, 7.85281008575e-05, 5.46636547369e-05, 4.66891870019e-05, 6.17263285676e-05, 4.82028553961e-05, 5.56999984838e-05, 4.98770896229e-05, 4.6067238145e-05, 4.41413249064e-05, 4.06309809478e-05, 5.00618407386e-05, 5.53481113457e-05, 5.86890237173e-05, 5.57865241717e-05, 2.83288372884e-05, 2.07326556847e-05, 2.39844193857e-05, 1.66268437169e-05, 9.68983567873e-06, 8.19550223241e-06, 1.14992135423e-05, 8.69468658493e-06, 7.03576642991e-06, 5.39683969691e-06, 3.35210529556e-06, 1.92342076843e-06, 1.69401835137e-06, 1.43067575209e-06, 1.51396307047e-06, 1.14185615985e-06, 4.79612594972e-07],
        "min": [1.81714749914e-08, 3.48695365915e-08, 1.32215935977e-08, 1.17542828804e-08, 1.68990377247e-09, 4.92733853719e-09, 1.69259872784e-09, 1.37247457843e-09, 3.29579319391e-09, 1.18230083501e-08, 4.56178206321e-09, 3.6310394691e-09, 3.38099148678e-08, 1.66804206003e-08, 2.09701322973e-09, 9.81318848403e-09, 3.75966013877e-09, 4.0256861733e-10, 3.31021682287e-10, 1.24997745488e-09, 2.05158667832e-09, 1.61341950911e-09, 4.35767366636e-10, 2.87154439116e-10, 3.96255861457e-10, 5.23166454602e-10, 1.53033682948e-10, 8.55812781753e-11, 6.66596014498e-11, 1.39269540345e-10, 3.66689484332e-10, 5.87029036492e-10, 8.21821985464e-11, 2.28007942388e-11, 1.50746845562e-11, 6.15915651814e-11, 4.79769939055e-11, 5.11047280882e-11, 1.24907662338e-11, 7.34094989657e-12],
        "var": [1.08561662273e-05, 6.71245697959e-06, 2.51133292295e-06, 5.1448347449e-07, 2.72618819963e-07, 3.68040019794e-07, 1.40489234468e-07, 4.79593154523e-07, 3.38076887374e-07, 4.80370601963e-07, 3.56231339538e-07, 1.50505400143e-07, 1.0487787705e-07, 1.61895865602e-08, 4.910305762e-08, 6.28197867059e-08, 2.12006590061e-08, 2.25598935089e-08, 1.13363345378e-08, 1.9434578391e-08, 2.88563284379e-09, 1.85992743429e-09, 1.63956825894e-09, 3.66634778093e-10, 2.04451691688e-10, 2.76083739204e-10, 2.20947773966e-10, 1.02293694348e-10, 4.79324704927e-11, 8.04632332985e-11, 5.36832280018e-11, 4.23180657183e-11, 3.12423246995e-11, 1.03550119868e-11, 4.33211669662e-12, 5.37560013864e-12, 3.54485798354e-12, 6.36186025735e-12, 2.53356580507e-12, 1.98235796268e-13]
    },
    "mfcc": {
        "mean": [-580.017028809, 98.2578582764, -9.19037532806, 29.4430675507, 8.96820831299, 12.0445899963, 0.207958951592, 7.08998298645, 3.91810297966, -0.6750035882, 0.43757262826, 1.21914541721, -4.59552526474],
        "cov": [[1862.0592041, -247.829849243, -188.315597534, -86.1811828613, -92.2318344116, -84.6238479614, -75.7801589966, -34.6838035583, -15.521727562, 2.5238339901, -5.58291101456, 12.7140808105, -23.9265441895], [-247.829849243, 375.70489502, 4.38766479492, -78.1473617554, -49.8297691345, 3.59577226639, 19.5449390411, 0.478801071644, 2.917345047, 8.08968067169, 22.1127738953, -22.3455581665, -25.3261489868], [-188.315597534, 4.38766479492, 211.399719238, 38.1914405823, 23.5120582581, 17.1374988556, 5.49489545822, -7.4030418396, -12.7597808838, 5.61541461945, -16.2004871368, -7.74766921997, 7.30533027649], [-86.1811828613, -78.1473617554, 38.1914405823, 227.133926392, 99.0352630615, 12.0615653992, -9.45402908325, 11.6465539932, 8.37593460083, -4.58410072327, -16.062833786, 20.9258537292, 43.0091552734], [-92.2318344116, -49.8297691345, 23.5120582581, 99.0352630615, 153.908279419, 18.4450092316, -11.1911230087, -5.636282444, 11.7504520416, 10.2984857559, -8.33572292328, 11.3657426834, 26.1187915802], [-84.6238479614, 3.59577226639, 17.1374988556, 12.0615653992, 18.4450092316, 89.9190368652, 45.5545921326, 24.6756687164, 9.55881404877, 2.76406145096, 7.04626846313, 7.91559743881, 5.58810710907], [-75.7801589966, 19.5449390411, 5.49489545822, -9.45402908325, -11.1911230087, 45.5545921326, 102.916671753, 58.4311828613, 23.6074752808, -5.81926727295, 17.0639877319, 20.894493103, 7.99772310257], [-34.6838035583, 0.478801071644, -7.4030418396, 11.6465539932, -5.636282444, 24.6756687164, 58.4311828613, 88.3999481201, 37.5573005676, -5.4328289032, 9.04433441162, 21.8629379272, 15.004160881], [-15.521727562, 2.917345047, -12.7597808838, 8.37593460083, 11.7504520416, 9.55881404877, 23.6074752808, 37.5573005676, 67.915763855, 27.9775009155, 12.926817894, 8.31279850006, 6.67710876465], [2.5238339901, 8.08968067169, 5.61541461945, -4.58410072327, 10.2984857559, 2.76406145096, -5.81926727295, -5.4328289032, 27.9775009155, 85.3772201538, 23.9172420502, -2.62129807472, -6.93782663345], [-5.58291101456, 22.1127738953, -16.2004871368, -16.062833786, -8.33572292328, 7.04626846313, 17.0639877319, 9.04433441162, 12.926817894, 23.9172420502, 55.7438583374, 17.2177066803, -3.99400210381], [12.7140808105, -22.3455581665, -7.74766921997, 20.9258537292, 11.3657426834, 7.91559743881, 20.894493103, 21.8629379272, 8.31279850006, -2.62129807472, 17.2177066803, 57.0037994385, 24.3338851929], [-23.9265441895, -25.3261489868, 7.30533027649, 43.0091552734, 26.1187915802, 5.58810710907, 7.99772310257, 15.004160881, 6.67710876465, -6.93782663345, -3.99400210381, 24.3338851929, 56.5730895996]],
