{
"lowlevel": {
    "average_loudness": 0.854568839073,
    "barkbands_crest": {
        "dmean": 2.79949450493,
        "dmean2": 4.45715761185,
        "dvar": 7.76206874847,
        "dvar2": 18.0010986328,
        "max": 25.8578701019,
        "mean": 13.8293190002,
        "median": 13.3979406357,
        "min": 2.71262598038,
        "var": 33.707408905
    },
    "barkbands_flatness_db": {
        "dmean": 0.0253717433661,
        "dmean2": 0.0368367508054,
        "dvar": 0.000587063317653,
        "dvar2": 0.00130463729147,
        "max": 0.452721863985,
        "mean": 0.215485647321,
        "median": 0.2093616575,
        "min": 0.0805165246129,
        "var": 0.00494512077421
    },
    "barkbands_kurtosis": {
        "dmean": 6.14857578278,
        "dmean2": 9.61137199402,
        "dvar": 259.177612305,
        "dvar2": 626.296264648,
        "max": 453.013275146,
        "mean": 9.97076702118,
        "median": 3.89165639877,
        "min": -1.96324622631,
        "var": 425.661956787
    },
    "barkbands_skewness": {
        "dmean": 0.71975505352,
        "dmean2": 1.08537840843,
        "dvar": 0.787979900837,
        "dvar2": 1.81676876545,
        "max": 18.1918010712,
        "mean": 2.15452647209,
        "median": 1.87613081932,
        "min": -1.85939908028,
        "var": 3.74599885941
    },
    "barkbands_spread": {
        "dmean": 4.91676568985,
        "dmean2": 7.2243347168,
        "dvar": 45.655254364,
        "dvar2": 89.5476455688,
        "max": 113.390724182,
        "mean": 17.9517326355,
        "median": 13.8420524597,
        "min": 0.341857731342,
        "var": 216.723724365
    },
    "dissonance": {
        "dmean": 0.0217995233834,
        "dmean2": 0.03661705181,
        "dvar": 0.000623584201094,
        "dvar2": 0.00174239301123,
        "max": 0.499938547611,
        "mean": 0.452513456345,
        "median": 0.472329229116,
        "min": 0.222448661923,
        "var": 0.00249374867417
    },
    "dynamic_complexity": 3.76451206207,
    "erbbands_crest": {
        "dmean": 2.7804210186,
        "dmean2": 4.39564466476,
        "dvar": 7.52314138412,
        "dvar2": 17.3284492493,
        "max": 31.300661087,
        "mean": 10.4320249557,
        "median": 8.48682117462,
        "min": 2.20836353302,
        "var": 36.3351402283
    },
    "erbbands_flatness_db": {
        "dmean": 0.0171660613269,
        "dmean2": 0.0229183770716,
        "dvar": 0.000284265930532,
        "dvar2": 0.000499205489177,
        "max": 0.419000923634,
        "mean": 0.194097995758,
        "median": 0.179629027843,
        "min": 0.0985820516944,
        "var": 0.00398108456284
    },
    "erbbands_kurtosis": {
        "dmean": 1.45835804939,
        "dmean2": 2.24862241745,
        "dvar": 8.76422119141,
        "dvar2": 20.2771892548,
        "max": 52.8012046814,
        "mean": 1.39546453953,
        "median": 0.0181264877319,
        "min": -1.86490380764,
        "var": 22.6091861725
    },
    "erbbands_skewness": {
        "dmean": 0.408181160688,
        "dmean2": 0.583629667759,
        "dvar": 0.194468513131,
        "dvar2": 0.374842196703,
        "max": 5.76814651489,
        "mean": 0.277979284525,
        "median": 0.152824774384,
        "min": -4.63791942596,
        "var": 1.22185218334
    },
    "erbbands_spread": {
        "dmean": 9.16072654724,
        "dmean2": 13.3033943176,
        "dvar": 125.392585754,
        "dvar2": 257.343170166,
        "max": 160.867080688,
        "mean": 41.8630523682,
        "median": 38.0776824951,
        "min": 1.9649065733,
        "var": 756.616638184
    },
    "hfc": {
        "dmean": 4.69170236588,
        "dmean2": 6.08586263657,
        "dvar": 42.9208908081,
        "dvar2": 70.3023071289,
        "max": 156.851623535,
        "mean": 17.9136810303,
        "median": 15.2164669037,
        "min": 0.000346018408891,
        "var": 256.268127441
    },
    "melbands_crest": {
        "dmean": 2.80617809296,
        "dmean2": 4.41818714142,
        "dvar": 6.82202911377,
        "dvar2": 16.6251506805,
        "max": 30.4888935089,
        "mean": 16.3353500366,
        "median": 16.765827179,
        "min": 3.68452978134,
        "var": 31.164358139
    },
    "melbands_flatness_db": {
        "dmean": 0.029625473544,
        "dmean2": 0.0417130589485,
        "dvar": 0.000856269907672,
        "dvar2": 0.00176332169212,
        "max": 0.552480399609,
        "mean": 0.252024114132,
        "median": 0.253489136696,
        "min": 0.0254826247692,
        "var": 0.00895906705409
    },
    "melbands_kurtosis": {
        "dmean": 15.8973312378,
        "dmean2": 24.9995632172,
        "dvar": 939.711669922,
        "dvar2": 2314.17797852,
        "max": 448.693054199,
        "mean": 30.7915592194,
        "median": 13.8104228973,
        "min": -1.79660749435,
        "var": 2167.30712891
    },
    "melbands_skewness": {
        "dmean": 1.02695763111,
        "dmean2": 1.55497324467,
        "dvar": 1.45198333263,
        "dvar2": 3.40693950653,
        "max": 17.2306308746,
        "mean": 3.65973305702,
        "median": 3.12906217575,
        "min": -1.55073785782,
        "var": 8.44440937042
    },
    "melbands_spread": {
        "dmean": 5.27997255325,
        "dmean2": 7.97017240524,
        "dvar": 65.525604248,
        "dvar2": 130.300521851,
        "max": 165.602813721,
        "mean": 17.8220863342,
        "median": 11.9666261673,
        "min": 0.430138200521,
        "var": 331.191772461
    },
    "pitch_salience": {
        "dmean": 0.0724935010076,
        "dmean2": 0.115069679916,
        "dvar": 0.00459123961627,
        "dvar2": 0.0110622448847,
        "max": 0.789707660675,
        "mean": 0.450048744678,
        "median": 0.451412320137,
        "min": 0.0853675827384,
        "var": 0.019284857437
    },
    "silence_rate_20dB": {
        "dmean": 0,
        "dmean2": 0,
        "dvar": 0,
        "dvar2": 0,
        "max": 1,
        "mean": 1,
        "median": 1,
        "min": 1,
        "var": 0
    },
    "silence_rate_30dB": {
        "dmean": 0.0735294148326,
        "dmean2": 0.147115752101,
        "dvar": 0.0681231617928,
        "dvar2": 0.147150099277,
        "max": 1,
        "mean": 0.872727274895,
        "median": 1,
        "min": 0,
        "var": 0.1110778898
    },
    "silence_rate_60dB": {
        "dmean": 0.0193498451263,
        "dmean2": 0.0387146733701,
        "dvar": 0.0189751647413,
        "dvar2": 0.039537768811,
        "max": 1,
        "mean": 0.0765957459807,
        "median": 0,
        "min": 0,
        "var": 0.0707264691591
    },
    "spectral_centroid": {
        "dmean": 203.831604004,
        "dmean2": 297.573455811,
        "dvar": 61560.6640625,
        "dvar2": 112269.265625,
        "max": 5109.49023438,
        "mean": 1232.22875977,
        "median": 1102.80224609,
        "min": 149.999130249,
        "var": 501648.5
    },
    "spectral_complexity": {
        "dmean": 2.79411768913,
        "dmean2": 3.96980261803,
        "dvar": 10.1827907562,
        "dvar2": 16.9910926819,
        "max": 56,
        "mean": 17.1137332916,
        "median": 17,
        "min": 0,
        "var": 121.835411072
    },
    "spectral_decrease": {
        "dmean": 4.75993289228e-09,
        "dmean2": 7.28030880026e-09,
        "dvar": 8.77672577411e-17,
        "dvar2": 2.12504155203e-16,
        "max": -8.24787625892e-14,
        "mean": -1.17484360018e-08,
        "median": -5.20581755481e-09,
        "min": -9.98141658215e-08,
        "var": 2.04556722991e-16
    },
    "spectral_energy": {
        "dmean": 0.0182616598904,
        "dmean2": 0.0278685800731,
        "dvar": 0.00127130362671,
        "dvar2": 0.00307026086375,
        "max": 0.380542516708,
        "mean": 0.0459661595523,
        "median": 0.0216288436204,
        "min": 3.42679044252e-07,
        "var": 0.00300697889179
    },
    "spectral_energyband_high": {
        "dmean": 0.000263530004304,
        "dmean2": 0.000296514335787,
        "dvar": 2.69234192274e-07,
        "dvar2": 3.5035310475e-07,
        "max": 0.0190693885088,
        "mean": 0.00077773083467,
        "median": 0.00020476723148,
        "min": 1.4268977111e-09,
        "var": 1.76768878646e-06
    },
    "spectral_energyband_low": {
        "dmean": 0.0158264413476,
        "dmean2": 0.0249306689948,
        "dvar": 0.00120038434397,
        "dvar2": 0.00300976680592,
        "max": 0.36339199543,
        "mean": 0.0316937603056,
        "median": 0.00817972235382,
        "min": 9.54338190695e-08,
        "var": 0.00234632217325
    },
    "spectral_energyband_middle_high": {
        "dmean": 0.00116250873543,
        "dmean2": 0.00163065257948,
        "dvar": 2.56591101788e-06,
        "dvar2": 5.46189676243e-06,
        "max": 0.0280766300857,
        "mean": 0.00391215132549,
        "median": 0.00292390515096,
        "min": 8.17344485426e-08,
        "var": 1.58458587975e-05
    },
    "spectral_energyband_middle_low": {
        "dmean": 0.00469545088708,
        "dmean2": 0.00709171034396,
        "dvar": 8.2014601503e-05,
        "dvar2": 0.000185079974472,
        "max": 0.204363673925,
        "mean": 0.0105723533779,
        "median": 0.00573542714119,
        "min": 8.47264161052e-08,
        "var": 0.000207540098927
    },
    "spectral_entropy": {
        "dmean": 0.173680707812,
        "dmean2": 0.229852601886,
        "dvar": 0.0368631146848,
        "dvar2": 0.0604589432478,
        "max": 8.54401683807,
        "mean": 7.35205459595,
        "median": 7.52778100967,
        "min": 4.6605463028,
        "var": 0.46469154954
    },
    "spectral_flux": {
        "dmean": 0.0283628255129,
        "dmean2": 0.045163679868,
        "dvar": 0.00165804324206,
        "dvar2": 0.00391328148544,
        "max": 0.446805655956,
        "mean": 0.0824098289013,
        "median": 0.0641636624932,
        "min": 0.000585387926549,
        "var": 0.00462850555778
    },
    "spectral_kurtosis": {
        "dmean": 2.45126581192,
        "dmean2": 3.97741389275,
        "dvar": 12.5291728973,
        "dvar2": 32.721157074,
        "max": 54.9930305481,
        "mean": 5.15863847733,
        "median": 2.66396570206,
        "min": -1.30436050892,
        "var": 42.8090553284
    },
    "spectral_rms": {
        "dmean": 0.00107142189518,
        "dmean2": 0.00156070827506,
        "dvar": 2.35633137891e-06,
        "dvar2": 5.21880383531e-06,
        "max": 0.0192681346089,
        "mean": 0.00569587759674,
        "median": 0.00459361635149,
        "min": 1.82844469236e-05,
        "var": 1.24019888972e-05
    },
    "spectral_rolloff": {
        "dmean": 348.866027832,
        "dmean2": 593.152648926,
        "dvar": 608930,
        "dvar2": 1317722.875,
        "max": 8979.34570312,
        "mean": 1106.08764648,
        "median": 516.796875,
        "min": 64.599609375,
        "var": 1920964
    },
    "spectral_skewness": {
        "dmean": 0.278468459845,
        "dmean2": 0.412270009518,
        "dvar": 0.0994545221329,
        "dvar2": 0.220219880342,
        "max": 5.89535045624,
        "mean": 1.54065692425,
        "median": 1.30564498901,
        "min": -0.339394301176,
        "var": 0.723390519619
    },
    "spectral_spread": {
        "dmean": 483902.375,
        "dmean2": 597530.5,
        "dvar": 303720890368,
        "dvar2": 384712245248,
        "max": 10070079,
        "mean": 4195621.5,
        "median": 4152293,
        "min": 1337263.375,
        "var": 2.7263982633e+12
    },
    "spectral_strongpeak": {
        "dmean": 0.390753567219,
        "dmean2": 0.636042416096,
        "dvar": 0.385991841555,
        "dvar2": 0.974911630154,
        "max": 10.4404754639,
        "mean": 0.937968432903,
        "median": 0.605498492718,
        "min": 0.000394565722672,
        "var": 1.01019239426
    },
    "zerocrossingrate": {
        "dmean": 0.00883403606713,
        "dmean2": 0.0097085358575,
        "dvar": 0.000109610482468,
        "dvar2": 0.000105014558358,
        "max": 0.29541015625,
        "mean": 0.0474405363202,
        "median": 0.03662109375,
        "min": 0.0029296875,
        "var": 0.00132809951901
    },
    "barkbands": {
        "dmean": [8.6813204689e-05, 0.0142020378262, 0.00307687208988, 0.00134349253494, 0.00153745524585, 0.00184984051157, 0.00086340517737, 0.00046930325334, 0.000555725768209, 0.000369435903849, 0.000176777641173, 0.000341446022503, 0.000169929597178, 0.000171005754964, 0.000143310389831, 0.000253654259723, 0.000250186451012, 0.000136531642056, 7.33099586796e-05, 7.74494910729e-05, 5.9625654103e-05, 8.22115543997e-05, 7.28280501789e-05, 6.21222934569e-05, 2.31062713283e-05, 2.338211047e-08, 1.7886186976e-09],
        "dmean2": [0.00013498289627, 0.0224485583603, 0.00514148967341, 0.00232000369579, 0.00251154089347, 0.00288016628474, 0.00128288380802, 0.000761512143072, 0.000887960253749, 0.000516092521138, 0.000263921509031, 0.00054172280943, 0.000264845613856, 0.00026414974127, 0.000226665040827, 0.00039113641833, 0.000399241194827, 0.000216644912143, 0.000113780995889, 0.000112899921078, 8.33227968542e-05, 0.000114402660984, 9.43337581703e-05, 7.60181064834e-05, 3.15589386446e-05, 3.4984541486e-08, 3.36518191091e-09],
        "dvar": [7.41453192177e-08, 0.000983405159786, 6.360491534e-05, 1.02413059722e-05, 1.06319630504e-05, 4.03594349336e-05, 5.0317817113e-06, 1.56111377692e-06, 1.5301318399e-06, 7.5280127021e-07, 1.73752965793e-07, 7.67349717989e-07, 1.14045512589e-07, 1.5599025005e-07, 5.49793028881e-08, 2.95108094406e-07, 2.73636487691e-07, 5.84739865417e-08, 3.4498551571e-08, 2.06612593701e-08, 1.78701515807e-08, 2.39548736403e-08, 2.69716764478e-08, 5.9401379815e-08, 2.25584018132e-09, 2.57979257734e-15, 1.10965286557e-17],
        "dvar2": [1.85215725423e-07, 0.00252746348269, 0.000168653859873, 2.74622379948e-05, 2.76536684396e-05, 9.48916713241e-05, 1.00612005554e-05, 3.71523833564e-06, 3.93629898099e-06, 1.13617898023e-06, 3.76041441541e-07, 1.95953271032e-06, 2.96977532344e-07, 3.67047874761e-07, 1.34474475999e-07, 5.93087690959e-07, 7.41519784242e-07, 1.41758150107e-07, 9.08741668582e-08, 4.51043540295e-08, 3.0832318032e-08, 4.44211103456e-08, 4.29296882487e-08, 1.13102906596e-07, 4.40260450318e-09, 5.30074319535e-15, 3.66546030212e-17],
        "max": [0.00488400831819, 0.315355092287, 0.105111151934, 0.0451727584004, 0.0467129163444, 0.194503888488, 0.0437355078757, 0.0395408086479, 0.0168583393097, 0.030318217352, 0.0132383834571, 0.0169416759163, 0.00683734193444, 0.00963714998215, 0.00349356420338, 0.0168535057455, 0.0126710217446, 0.00347456429154, 0.00461437134072, 0.00265971547924, 0.00300561194308, 0.0031455475837, 0.0062630022876, 0.0146310031414, 0.00129201100208, 1.70016642187e-06, 3.72135637861e-08],
        "mean": [0.000112652211101, 0.0265310313553, 0.00426565064117, 0.00178199692164, 0.00238693226129, 0.00316255399957, 0.0013150140876, 0.000699034135323, 0.000894262222573, 0.000739877228625, 0.000356382806785, 0.000588254421018, 0.000292226672173, 0.000296768150292, 0.000282190012513, 0.00047505661496, 0.000484109623358, 0.00028892030241, 0.00015635183081, 0.000165816469234, 0.000129788793856, 0.000191233979422, 0.000170869025169, 0.000152334425366, 4.68042780994e-05, 3.77620175129e-08, 1.47004985962e-09],
        "median": [7.71874510974e-06, 0.00561029976234, 0.00101535557769, 0.000488727004267, 0.000924347550608, 0.00069075031206, 0.000307527952828, 0.00024622422643, 0.000275330821751, 0.000167143560247, 9.08082220121e-05, 0.000168878046679, 0.000127270526718, 0.000118317373563, 0.000157358095748, 0.00020411935111, 0.000201131930226, 0.000137394308695, 5.82823377044e-05, 4.81191091239e-05, 3.24430475303e-05, 4.8512374633e-05, 4.88058067276e-05, 2.25646635954e-05, 6.43382327326e-06, 7.2549339869e-09, 3.98320931794e-10],
        "min": [1.51788337455e-09, 8.2067032281e-08, 9.76743042003e-09, 1.66350588859e-09, 6.37935881898e-09, 1.35779112398e-08, 1.02430819382e-08, 7.54789830637e-09, 1.36632376524e-08, 1.0861750388e-09, 2.13609396837e-09, 1.35856348393e-09, 9.01531560515e-09, 7.11763259442e-10, 7.95225840733e-09, 5.43509681705e-09, 1.31216966182e-08, 6.50859366402e-09, 3.42211747828e-09, 5.08407926869e-10, 3.37261496508e-10, 1.90142054879e-10, 3.48814810369e-10, 1.42215059173e-10, 8.0660124413e-11, 4.1760012115e-11, 5.88403215041e-11],
        "var": [8.8843762569e-08, 0.00178681779653, 8.31873694551e-05, 1.34853962663e-05, 1.59925402841e-05, 7.99866684247e-05, 9.88114334177e-06, 2.63886977336e-06, 2.97278825201e-06, 3.75259310204e-06, 7.87322562701e-07, 1.73566718331e-06, 2.14516560959e-07, 3.35858487688e-07, 1.43548817277e-07, 7.07302547198e-07, 6.12435428593e-07, 1.59880869433e-07, 1.04873393525e-07, 6.63045227611e-08, 6.39298036731e-08, 9.97926861146e-08, 1.13417492287e-07, 2.68957023764e-07, 7.90923149196e-09, 6.78171847021e-15, 8.25117954978e-18]
    },
    "erbbands": {
        "dmean": [0.255721569061, 3.69160079956, 4.81910419464, 3.30839014053, 5.39323568344, 4.77310609818, 6.88613367081, 18.8961429596, 15.0633840561, 10.2842922211, 10.0660839081, 11.1057538986, 13.9737987518, 9.01563453674, 7.40539264679, 15.202837944, 6.16575956345, 10.5921468735, 6.04617738724, 11.6976966858, 11.2923374176, 11.4611139297, 8.1361618042, 4.54050159454, 3.49236369133, 3.86829829216, 2.35688829422, 2.85114192963, 3.22417545319, 2.17609429359, 2.0393652916, 1.63422083855, 0.89492893219, 0.43656629324, 0.0388528704643, 0.00165917421691, 7.96134918346e-05, 1.03401498563e-05, 9.36252399697e-06, 2.01870097953e-05],
        "dmean2": [0.385748267174, 5.89531803131, 7.93211317062, 5.58187294006, 9.04450798035, 7.74292087555, 11.2081441879, 29.218744278, 23.185087204, 15.5389623642, 16.3246517181, 17.8018627167, 20.2010631561, 12.8739442825, 10.9556665421, 24.4621391296, 9.30803871155, 16.1605682373, 9.5534029007, 17.8239383698, 17.6456756592, 18.2067165375, 12.8396043777, 6.91824865341, 5.25915336609, 5.68267774582, 3.29582929611, 4.01581668854, 4.45219659805, 2.91398334503, 2.63091278076, 2.13269162178, 1.14863026142, 0.574645340443, 0.0521957613528, 0.00220064492896, 9.93090579868e-05, 1.25717488118e-05, 1.34207166411e-05, 3.05388493871e-05],
        "dvar": [0.289657056332, 68.9970321655, 143.889984131, 58.6380615234, 149.970779419, 99.8600769043, 486.280334473, 5285.37207031, 1615.20349121, 864.271118164, 574.456604004, 633.568115234, 1113.4041748, 360.490722656, 308.060333252, 1668.02246094, 120.318908691, 692.535339355, 98.1573410034, 571.605041504, 427.578033447, 600.627746582, 194.975738525, 179.941802979, 92.5285415649, 51.3795280457, 20.7540225983, 40.6524963379, 36.5147743225, 21.7394943237, 23.3178043365, 51.3137626648, 6.60251712799, 0.795997560024, 0.00645389780402, 1.14947752081e-05, 2.45979236979e-08, 4.35466690485e-10, 2.67456196079e-10, 1.48961210034e-09],
        "dvar2": [0.628225743771, 180.487121582, 370.459869385, 158.514251709, 410.724060059, 253.603225708, 1253.75854492, 11971.0957031, 3360.15209961, 1892.10021973, 1409.93908691, 1563.33129883, 2004.23571777, 745.248168945, 578.05657959, 4528.93945312, 299.448669434, 1723.22143555, 238.710144043, 1108.76135254, 1056.21362305, 1593.2590332, 466.008117676, 465.411102295, 221.869659424, 114.715591431, 38.5812072754, 69.7275238037, 71.0475921631, 36.6542434692, 36.7645072937, 107.939300537, 10.8082056046, 1.38439083099, 0.0122197913006, 2.11058577406e-05, 3.91198042848e-08, 6.3690808183e-10, 6.04758965128e-10, 3.5708391799e-09],
        "max": [5.48556518555, 81.0435638428, 125.795860291, 111.889602661, 189.815109253, 172.562820435, 527.610168457, 2342.27246094, 648.801513672, 943.279296875, 652.392211914, 400.517028809, 1095.87915039, 410.003082275, 512.214660645, 677.372497559, 183.297485352, 548.492126465, 178.928375244, 768.856445312, 344.298797607, 607.895141602, 231.313613892, 407.41104126, 313.128326416, 119.242919922, 88.2797470093, 158.429977417, 136.562088013, 148.48387146, 182.432312012, 382.168884277, 148.586868286, 30.8618354797, 1.6287791729, 0.076616615057, 0.00572571437806, 0.000985654885881, 0.000273497687886, 0.000415019952925],
        "mean": [0.537994503975, 6.62078380585, 7.45777225494, 5.09442567825, 7.7581448555, 7.25149822235, 10.5579509735, 32.6382408142, 23.4254131317, 17.4637336731, 16.0885334015, 18.8084545135, 26.984079361, 18.5239372253, 17.3090515137, 25.4013690948, 12.2520284653, 18.0880393982, 13.0363531113, 23.4417667389, 23.914182663, 24.4841537476, 18.5763397217, 9.76006221771, 7.54213142395, 8.18545436859, 5.39481639862, 6.39413976669, 7.23433256149, 5.16664791107, 4.7483382225, 3.76459598541, 2.20928263664, 0.95969337225, 0.0738053694367, 0.0032856632024, 0.000189386555576, 2.75653783319e-05, 2.76670543826e-05, 5.34202590643e-05],
        "median": [0.0915548875928, 1.42482995987, 2.05301165581, 1.77427077293, 2.25466179848, 2.74925780296, 3.79707050323, 5.84623336792, 5.80955886841, 4.69770956039, 6.46682548523, 6.7181353569, 7.40060091019, 5.74659776688, 5.96053028107, 7.52501487732, 6.56561994553, 6.96957969666, 7.68003892899, 10.3756608963, 12.8909282684, 11.3475999832, 9.51703834534, 4.22263765335, 2.81379032135, 2.33162236214, 1.46412110329, 1.58062314987, 1.79684627056, 1.44818782806, 1.37870264053, 0.584837377071, 0.328773260117, 0.138758167624, 0.0096879042685, 0.000470876897452, 4.7425757657e-05, 8.33338981465e-06, 1.76142621058e-05, 2.81283355434e-05],
        "min": [2.14216174754e-06, 1.85355820577e-05, 2.03083109227e-05, 4.98659665027e-06, 1.57799040608e-05, 2.55356408161e-05, 0.00012516429706, 6.38347119093e-05, 0.00012286445417, 0.00011785668903, 0.000244044873398, 0.000329246016918, 9.09763402888e-05, 2.96875914501e-05, 0.000124663492898, 8.68147835718e-05, 0.00040733453352, 7.52532359911e-05, 0.000190372316865, 0.000425859878305, 0.000296769430861, 0.000676338560879, 0.000570997362956, 0.000238143053139, 0.000117535790196, 2.79586147371e-05, 2.04176976695e-05, 9.54955339694e-06, 6.61263720758e-06, 8.32229670777e-06, 8.55791131471e-06, 4.17072806158e-06, 2.78387437902e-06, 1.24893631437e-06, 3.60329778459e-07, 1.86546927239e-07, 6.44913669134e-08, 3.04840988008e-08, 7.67455876627e-09, 1.26110011323e-09],
        "var": [0.70985865593, 116.38482666, 193.443557739, 82.535697937, 212.907730103, 156.860321045, 651.352844238, 10789.3515625, 2854.3840332, 1893.34277344, 1093.03735352, 1188.78625488, 4827.34716797, 1261.03869629, 1710.66479492, 3062.13623047, 275.349121094, 1304.58776855, 295.36138916, 1531.50390625, 1054.16748047, 1457.5916748, 572.338195801, 369.70602417, 248.259552002, 164.945144653, 78.6651763916, 143.34803772, 144.9815979, 85.2298049927, 102.321929932, 163.644744873, 41.4624023438, 3.62744498253, 0.0190049521625, 3.72443319065e-05, 1.18564763341e-07, 2.60801180652e-09, 8.7951007588e-10, 3.69636876663e-09]
    },
    "gfcc": {
        "mean": [-47.2230911255, 129.86920166, -131.363540649, 57.8207092285, -65.1418457031, 26.1844749451, -32.7744979858, 1.78263926506, 1.55031681061, -16.1828460693, 6.40749835968, -12.8981628418, 6.63162708282],
        "cov": [[8723.45410156, -1502.36865234, -449.168914795, 1043.18835449, -227.718048096, 352.396850586, -366.109039307, 418.92565918, -120.240745544, 103.709289551, -274.499786377, -35.6743164062, 44.1771850586], [-1502.36865234, 1745.32446289, 132.028686523, -575.961608887, 574.512939453, -346.245849609, 362.633239746, -188.67527771, 277.484161377, -94.3913955688, 270.606445312, -0.0252445377409, -0.161066442728], [-449.168914795, 132.028686523, 1346.06652832, 572.139282227, -21.129781723, 183.708114624, 100.368133545, 42.3708839417, 69.2102127075, 208.767822266, 81.4056243896, -14.6150712967, 49.9854469299], [1043.18835449, -575.961608887, 572.139282227, 947.486755371, 18.1964492798, 169.239196777, -60.1168060303, 107.212585449, -35.7333526611, 114.326972961, -106.390457153, -59.5806045532, 27.1450576782], [-227.718048096, 574.512939453, -21.129781723, 18.1964492798, 521.455322266, -63.6042671204, 160.473205566, 10.5137681961, 130.275054932, -61.6647834778, 60.2190513611, -17.0153255463, 3.48005914688], [352.396850586, -346.245849609, 183.708114624, 169.239196777, -63.6042671204, 274.726074219, 24.0916461945, 97.029586792, -38.59324646, 52.7405776978, -30.7035999298, 3.17582583427, 3.03226590157], [-366.109039307, 362.633239746, 100.368133545, -60.1168060303, 160.473205566, 24.0916461945, 254.823745728, 3.67183494568, 82.780128479, -13.6961593628, 72.4517669678, 2.60781264305, -4.18632268906], [418.92565918, -188.67527771, 42.3708839417, 107.212585449, 10.5137681961, 97.029586792, 3.67183494568, 167.976638794, 25.7917499542, 34.0244789124, -22.6919631958, 11.7437095642, 18.075302124], [-120.240745544, 277.484161377, 69.2102127075, -35.7333526611, 130.275054932, -38.59324646, 82.780128479, 25.7917499542, 170.232681274, 18.8516521454, 52.5086288452, 3.05097317696, 1.37822639942], [103.709289551, -94.3913955688, 208.767822266, 114.326972961, -61.6647834778, 52.7405776978, -13.6961593628, 34.0244789124, 18.8516521454, 147.868911743, 44.3567695618, -1.20404481888, 3.66055560112], [-274.499786377, 270.606445312, 81.4056243896, -106.390457153, 60.2190513611, -30.7035999298, 72.4517669678, -22.6919631958, 52.5086288452, 44.3567695618, 135.824005127, 47.3190956116, 6.69933509827], [-35.6743164062, -0.0252445377409, -14.6150712967, -59.5806045532, -17.0153255463, 3.17582583427, 2.60781264305, 11.7437095642, 3.05097317696, -1.20404481888, 47.3190956116, 97.9362487793, 46.9414901733], [44.1771850586, -0.161066442728, 49.9854469299, 27.1450576782, 3.48005914688, 3.03226590157, -4.18632268906, 18.075302124, 1.37822639942, 3.66055560112, 6.69933509827, 46.9414901733, 84.0276260376]],
        "icov": [[0.00019474948931, -0.000313598953653, 0.000365059473552, -0.000491213577334, 0.000320561695844, -0.000383038481232, 0.000302498461679, -0.000392286310671, -1.71666306414e-05, -8.6957566964e-05, 1.79080379894e-05, -6.47214837954e-05, -2.26658830798e-05], [-0.000313598953653, 0.00683539081365, -0.00319237215444, 0.00448730681092, -0.00488175731152, 0.00525006139651, -0.00331898313016, 0.00283890240826, -0.00189988291822, 0.00249389908276, -0.00469733309001, 0.00430569145828, -0.00224423175678], [0.000365059473552, -0.00319237215444, 0.00328329345211, -0.00337103474885, 0.00283247651532, -0.00328541640192, 0.00123559171334, -0.000958676682785, 9.6872659924e-05, -0.00181823247112, 0.0005644132616, -0.000930755224545, -0.000240555920755], [-0.000491213577334, 0.00448730681092, -0.00337103474885, 0.00563548319042, -0.00428390176967, 0.00352580053732, -0.00198825472035, 0.00177655147854, -0.000335375108989, 0.000111315501272, -0.000137950628414, 0.00244712480344, -0.00133480527438], [0.000320561695844, -0.00488175731152, 0.00283247651532, -0.00428390176967, 0.00707774981856, -0.00351586029865, 0.00130567129236, -0.00272849365138, -0.000512223050464, 0.000852399563882, 0.000411173590692, -0.000789161073044, 0.000386137369787], [-0.000383038481232, 0.00525006139651, -0.00328541640192, 0.00352580053732, -0.00351586029865, 0.0106366835535, -0.00470690988004, -0.000842871086206, 0.00105267053004, 0.000229256402235, -0.001085612108, 0.001230182359, 0.000107477033453], [0.000302498461679, -0.00331898313016, 0.00123559171334, -0.00198825472035, 0.00130567129236, -0.00470690988004, 0.00866642314941, -0.00152571010403, -0.000986829632893, 0.00145598710515, -0.00170067860745, -7.13296540198e-05, 0.000745832978282], [-0.000392286310671, 0.00283890240826, -0.000958676682785, 0.00177655147854, -0.00272849365138, -0.000842871086206, -0.00152571010403, 0.0111306142062, -0.00340818380937, -0.00138698669616, 0.00129040889442, -0.000642462226097, -0.00174650782719], [-1.71666306414e-05, -0.00189988291822, 9.6872659924e-05, -0.000335375108989, -0.000512223050464, 0.00105267053004, -0.000986829632893, -0.00340818380937, 0.0104390587658, -0.00269219488837, 0.00113501085434, -0.00145941332448, 0.00139416090678], [-8.6957566964e-05, 0.00249389908276, -0.00181823247112, 0.000111315501272, 0.000852399563882, 0.000229256402235, 0.00145598710515, -0.00138698669616, -0.00269219488837, 0.0155833773315, -0.01168244984, 0.00700460607186, -0.00219290726818], [1.79080379894e-05, -0.00469733309001, 0.0005644132616, -0.000137950628414, 0.000411173590692, -0.001085612108, -0.00170067860745, 0.00129040889442, 0.00113501085434, -0.01168244984, 0.0255070328712, -0.0156356953084, 0.00654170569032], [-6.47214837954e-05, 0.00430569145828, -0.000930755224545, 0.00244712480344, -0.000789161073044, 0.001230182359, -7.13296540198e-05, -0.000642462226097, -0.00145941332448, 0.00700460607186, -0.0156356953084, 0.0255351457745, -0.0133712999523], [-2.26658830798e-05, -0.00224423175678, -0.000240555920755, -0.00133480527438, 0.000386137369787, 0.000107477033453, 0.000745832978282, -0.00174650782719, 0.00139416090678, -0.00219290726818, 0.00654170569032, -0.0133712999523, 0.0198966488242]]
    },
    "melbands": {
        "dmean": [0.0032909414731, 0.00337982689962, 0.000626807042863, 0.000357388518751, 0.000223231661948, 0.000400165794417, 0.00022399086447, 0.00010964658577, 7.75517764851e-05, 7.73086794652e-05, 7.11233224138e-05, 3.80972560379e-05, 2.53526941378e-05, 3.91008325096e-05, 2.15956424654e-05, 2.01696348086e-05, 1.89333259186e-05, 1.02086978586e-05, 1.17301306091e-05, 2.07026369026e-05, 1.43378883877e-05, 1.41153959703e-05, 1.05792369141e-05, 6.50454649076e-06, 3.86657893614e-06, 3.01248837786e-06, 2.38870075009e-06, 2.64954610429e-06, 1.63193124081e-06, 1.71088800016e-06, 1.79323296834e-06, 2.26369775191e-06, 1.31631702516e-06, 1.40878512411e-06, 1.33395258217e-06, 1.16240801162e-06, 1.05046615317e-06, 6.44815429496e-07, 5.79717379878e-07, 3.26391329963e-07],
        "dmean2": [0.00510980980471, 0.00549389934167, 0.00105869374238, 0.000578367093112, 0.000363886676496, 0.000622401479632, 0.000339854741469, 0.000167331745615, 0.000126237457152, 0.000123070974951, 0.000103213256807, 5.49452379346e-05, 3.7263311242e-05, 6.19570200797e-05, 3.46646047547e-05, 3.10201430693e-05, 2.90971729555e-05, 1.61400439538e-05, 1.87752793863e-05, 3.17848571285e-05, 2.2908909159e-05, 2.28715744015e-05, 1.64993143699e-05, 1.0498915799e-05, 5.98491078563e-06, 4.69246333523e-06, 3.53222026206e-06, 3.93453046854e-06, 2.3791124022e-06, 2.49095319305e-06, 2.58159411715e-06, 3.24174106936e-06, 1.85345129466e-06, 1.96926976059e-06, 1.77586662176e-06, 1.61417153777e-06, 1.41926273045e-06, 8.16751878574e-07, 7.80071616191e-07, 4.4058552362e-07],
        "dvar": [5.05924581375e-05, 6.19702987024e-05, 1.99833721126e-06, 5.72551016376e-07, 4.26187625635e-07, 2.16457556235e-06, 3.28119568849e-07, 8.99154670719e-08, 3.24180362554e-08, 3.04431502229e-08, 2.85725789695e-08, 6.77763356549e-09, 3.6294385275e-09, 1.03210986424e-08, 2.07920658468e-09, 1.94496951877e-09, 2.1334631839e-09, 3.22836285482e-10, 3.99760613501e-10, 2.53465115563e-09, 7.12280900927e-10, 1.1985087367e-09, 3.20681092791e-10, 1.40258860082e-10, 1.55074716957e-10, 6.08276345959e-11, 3.17151339913e-11, 2.38416023035e-11, 9.49045963344e-12, 1.70252770215e-11, 1.30121035474e-11, 1.8412273442e-11, 6.3418649672e-12, 1.03255477085e-11, 9.25472545821e-12, 1.31574169962e-11, 2.70936537095e-11, 3.16203985738e-12, 1.99531320286e-12, 4.12943062991e-13],
        "dvar2": [0.000124144920846, 0.000159130242537, 5.25722089151e-06, 1.48990545767e-06, 1.1007774674e-06, 4.97222072227e-06, 6.71827365295e-07, 2.00842123377e-07, 8.10091478343e-08, 7.64207541692e-08, 5.12176434597e-08, 1.39103226715e-08, 7.22947524068e-09, 2.63415973478e-08, 5.58810997475e-09, 4.99047914104e-09, 5.28964916313e-09, 7.6117356862e-10, 9.61530743915e-10, 4.75272621259e-09, 1.86361992505e-09, 3.29501825824e-09, 7.58357154851e-10, 3.6227057465e-10, 4.01325334076e-10, 1.46950784874e-10, 7.30065452537e-11, 5.30504910834e-11, 1.98813604468e-11, 3.185171224e-11, 2.36809981347e-11, 3.84363964268e-11, 1.2242686899e-11, 1.92936899096e-11, 1.66720127287e-11, 2.57651591035e-11, 6.09395728324e-11, 4.16166059947e-12, 4.15405904119e-12, 7.46687542526e-13],
        "max": [0.0733727514744, 0.0749894976616, 0.0215308144689, 0.0120083782822, 0.0143902357668, 0.0467035882175, 0.00944715179503, 0.00834569521248, 0.0042759696953, 0.00251507037319, 0.00560590531677, 0.00183286366519, 0.00170864316169, 0.00197978131473, 0.000744376389775, 0.000883621629328, 0.000942347862292, 0.0003959540918, 0.000260902801529, 0.00171100208536, 0.000456257577753, 0.000923771527596, 0.000259600114077, 0.00020694261184, 0.000383681588573, 0.000238833410549, 0.000172352127265, 6.98787771398e-05, 4.20799842686e-05, 9.93842913886e-05, 7.3388859164e-05, 8.01878850325e-05, 6.25776665402e-05, 9.66416846495e-05, 0.000108192078187, 0.000116682436783, 0.000293940160191, 0.000108557469503, 5.56049708393e-05, 1.67622165463e-05],
        "mean": [0.00649675773457, 0.0059565785341, 0.00100114196539, 0.000552268698812, 0.000346640648786, 0.000686481012963, 0.000354896124918, 0.000178567250259, 0.000121703567856, 0.000127669962239, 0.000136133647175, 7.42766424082e-05, 5.56116683583e-05, 6.82222089381e-05, 3.72999274987e-05, 3.3345859265e-05, 3.16610821756e-05, 1.94456515601e-05, 2.34230574279e-05, 3.73811235477e-05, 2.65907874564e-05, 2.69688680419e-05, 2.10194048123e-05, 1.31582974063e-05, 7.18899264029e-06, 5.80452433496e-06, 4.94881032864e-06, 5.45732518731e-06, 3.31031492351e-06, 3.38313429893e-06, 3.74523187929e-06, 4.64326558358e-06, 2.8889639907e-06, 2.93960397357e-06, 2.86535168925e-06, 2.42263490691e-06, 2.25012104238e-06, 1.54441750055e-06, 1.26325949168e-06, 6.57542273075e-07],
        "median": [0.00119374599308, 0.00159915874247, 0.000339945021551, 0.00019652757328, 0.000132703891722, 0.00013327258057, 9.13055337151e-05, 5.2981711633e-05, 4.71144667245e-05, 3.97924850404e-05, 3.64637926396e-05, 2.11723490793e-05, 1.48004173752e-05, 1.77907677426e-05, 1.65269520949e-05, 1.30455473482e-05, 1.16043593152e-05, 9.85228598438e-06, 1.20520817291e-05, 1.4035456843e-05, 1.30190392156e-05, 1.10948712972e-05, 1.03964202935e-05, 6.25338907412e-06, 2.68547137239e-06, 1.96776363737e-06, 1.81287350642e-06, 1.37637641728e-06, 8.55572636738e-07, 7.08796676463e-07, 9.68762378761e-07, 1.11539065983e-06, 7.1173451488e-07, 8.10427934539e-07, 8.2731673956e-07, 5.12136466568e-07, 3.13298926358e-07, 2.34266849475e-07, 1.81487735063e-07, 9.23578369338e-08],
        "min": [2.15851798657e-08, 1.63114748375e-08, 1.19255727515e-09, 1.56293711306e-09, 3.5894032191e-09, 1.70704661517e-09, 2.14041828706e-09, 1.45232370574e-09, 2.08051265105e-09, 1.96711757994e-09, 3.81772613522e-10, 8.68102048579e-11, 3.59114210591e-10, 2.24680607452e-10, 6.49294507049e-10, 7.72242214619e-10, 7.28807431072e-11, 1.59471172378e-10, 7.80235043241e-10, 4.25035118212e-10, 2.69570699096e-10, 7.95596311054e-10, 3.77996661749e-10, 2.91626112148e-10, 1.75154363236e-10, 9.27574059228e-11, 4.56197475629e-11, 1.25366791601e-11, 1.43974996855e-11, 8.73021446801e-12, 4.29542556038e-12, 3.9121262653e-12, 3.58431795529e-12, 5.23589461718e-12, 4.5308314392e-12, 5.20155489861e-12, 1.7020987484e-12, 2.07122925582e-12, 1.40270434157e-12, 9.74783188196e-13],
        "var": [0.000103134552774, 9.73724672804e-05, 3.06125230054e-06, 9.12710106604e-07, 5.88036527915e-07, 4.3680906856e-06, 6.05123489095e-07, 1.79363368602e-07, 6.08804882063e-08, 6.00767720016e-08, 1.24583337424e-07, 2.33370602842e-08, 2.04663823666e-08, 2.42790285654e-08, 3.7636591621e-09, 3.57069773749e-09, 4.00650801424e-09, 9.57256052203e-10, 1.03209385482e-09, 5.98427751797e-09, 1.4700228812e-09, 2.4465702797e-09, 8.22919954402e-10, 3.6422684313e-10, 2.67365157791e-10, 1.4431902895e-10, 8.80336567533e-11, 7.54355050647e-11, 2.87655316233e-11, 5.40360846346e-11, 4.40315908734e-11, 6.38913297268e-11, 2.36539780818e-11, 3.19473093813e-11, 3.54331251839e-11, 4.18040949079e-11, 7.83600406784e-11, 2.26926064745e-11, 8.59280181731e-12, 1.47667425163e-12]
    },
    "mfcc": {
        "mean": [-670.663818359, 125.744171143, 10.7858362198, 23.4435539246, 11.9486598969, 11.6026153564, -4.4211640358, 12.1586885452, 1.60233747959, 2.30497384071, 0.494958460331, 5.29551696777, 2.50167679787],
        "cov": [[9562.88769531, -1960.02636719, -549.611572266, 364.863525391, 107.513847351, -51.1811447144, -149.52784729, 87.6267547607, 243.309570312, 69.752571106, 25.3035202026, 29.2246780396, -139.338638306], [-1960.02636719, 2225.39111328, -450.971893311, -112.73625946, 44.5422477722, -47.3835296631, 31.1624145508, 98.7479476929, -129.583343506, 30.0323829651, 84.0894241333, 33.2878723145, 89.2213363647], [-549.611572266, -450.971893311, 1399.07434082, 364.53817749, 84.6835479736, 221.809143066, 130.246887207, -112.417160034, 91.8912506104, 69.4394683838, 58.772819519, 111.312187195, 50.6011581421], [364.863525391, -112.73625946, 364.53817749, 569.82635498, 207.75239563, 126.318267822, 65.5254898071, -11.4561357498, 89.7579650879, 94.2042160034, 38.1476860046, 47.5214767456, -8.94484329224], [107.513847351, 44.5422477722, 84.6835479736, 207.75239563, 269.705169678, 60.9444236755, 43.1228485107, 37.2353935242, 76.0699539185, 46.4537696838, 33.9356880188, 34.8521614075, 13.6645927429], [-51.1811447144, -47.3835296631, 221.809143066, 126.318267822, 60.9444236755, 168.358352661, 81.7013549805, 18.7162971497, 32.5891075134, 41.1330413818, 26.4464130402, 31.5358695984, 4.51807165146], [-149.52784729, 31.1624145508, 130.246887207, 65.5254898071, 43.1228485107, 81.7013549805, 170.211135864, 43.799911499, 33.3196220398, 22.2364253998, 34.3030738831, 25.9721851349, 19.7649917603], [87.6267547607, 98.7479476929, -112.417160034, -11.4561357498, 37.2353935242, 18.7162971497, 43.799911499, 171.425521851, 58.3803749084, 14.1538448334, 6.76328468323, 5.78544139862, 14.0292816162], [243.309570312, -129.583343506, 91.8912506104, 89.7579650879, 76.0699539185, 32.5891075134, 33.3196220398, 58.3803749084, 138.540390015, 59.1058006287, 14.0265607834, 16.6565132141, -1.36662948132], [69.752571106, 30.0323829651, 69.4394683838, 94.2042160034, 46.4537696838, 41.1330413818, 22.2364253998, 14.1538448334, 59.1058006287, 124.970481873, 45.1089553833, 17.7215747833, -2.99204206467], [25.3035202026, 84.0894241333, 58.772819519, 38.1476860046, 33.9356880188, 26.4464130402, 34.3030738831, 6.76328468323, 14.0265607834, 45.1089553833, 94.5921554565, 53.7995643616, 21.7649745941], [29.2246780396, 33.2878723145, 111.312187195, 47.5214767456, 34.8521614075, 31.5358695984, 25.9721851349, 5.78544139862, 16.6565132141, 17.7215747833, 53.7995643616, 109.136383057, 59.8677940369], [-139.338638306, 89.2213363647, 50.6011581421, -8.94484329224, 13.6645927429, 4.51807165146, 19.7649917603, 14.0292816162, -1.36662948132, -2.99204206467, 21.7649745941, 59.8677940369, 99.4034576416]],
