{
"lowlevel": {
    "average_loudness": 0.929215550423,
    "barkbands_crest": {
        "dmean": 2.54641151428,
        "dmean2": 4.19709873199,
        "dvar": 4.90247535706,
        "dvar2": 12.9701032639,
        "max": 24.821352005,
        "mean": 11.9190940857,
        "median": 11.5421228409,
        "min": 3.13810801506,
        "var": 13.2494802475
    },
    "barkbands_flatness_db": {
        "dmean": 0.0355808511376,
        "dmean2": 0.0523414760828,
        "dvar": 0.000969253072981,
        "dvar2": 0.00199263449758,
        "max": 0.482445985079,
        "mean": 0.246218889952,
        "median": 0.246498718858,
        "min": 0.0696833506227,
        "var": 0.00460037589073
    },
    "barkbands_kurtosis": {
        "dmean": 8.66238021851,
        "dmean2": 13.6377162933,
        "dvar": 119.584632874,
        "dvar2": 309.611236572,
        "max": 141.074813843,
        "mean": 17.5800495148,
        "median": 13.6386566162,
        "min": -1.87391996384,
        "var": 260.147705078
    },
    "barkbands_skewness": {
        "dmean": 0.823768317699,
        "dmean2": 1.28835713863,
        "dvar": 0.576004207134,
        "dvar2": 1.43520176411,
        "max": 9.03301143646,
        "mean": 3.00963902473,
        "median": 2.93906497955,
        "min": -3.98139095306,
        "var": 1.89629077911
    },
    "barkbands_spread": {
        "dmean": 4.33560085297,
        "dmean2": 6.59336471558,
        "dvar": 45.6034736633,
        "dvar2": 93.8951263428,
        "max": 95.5754699707,
        "mean": 9.74916362762,
        "median": 5.93676137924,
        "min": 0.656121432781,
        "var": 135.866333008
    },
    "dissonance": {
        "dmean": 0.0230366010219,
        "dmean2": 0.0366451591253,
        "dvar": 0.000439815194113,
        "dvar2": 0.00104429305065,
        "max": 0.500000059605,
        "mean": 0.444676667452,
        "median": 0.453791826963,
        "min": 0.245347887278,
        "var": 0.00147914886475
    },
    "dynamic_complexity": 2.58760738373,
    "erbbands_crest": {
        "dmean": 2.57623386383,
        "dmean2": 4.07014751434,
        "dvar": 5.16099357605,
        "dvar2": 12.5746421814,
        "max": 27.3780632019,
        "mean": 9.11185932159,
        "median": 8.32751083374,
        "min": 2.49627947807,
        "var": 14.8831605911
    },
    "erbbands_flatness_db": {
        "dmean": 0.0195803586394,
        "dmean2": 0.0277356393635,
        "dvar": 0.000297191669233,
        "dvar2": 0.000536545063369,
        "max": 0.312162458897,
        "mean": 0.191610515118,
        "median": 0.188447237015,
        "min": 0.105324916542,
        "var": 0.00143471942283
    },
    "erbbands_kurtosis": {
        "dmean": 1.75767827034,
        "dmean2": 2.62762308121,
        "dvar": 6.8056769371,
        "dvar2": 14.7900867462,
        "max": 45.460193634,
        "mean": 1.91891789436,
        "median": 0.571751594543,
        "min": -1.8083037138,
        "var": 18.627784729
    },
    "erbbands_skewness": {
        "dmean": 0.495414406061,
        "dmean2": 0.716436982155,
        "dvar": 0.214474931359,
        "dvar2": 0.427052289248,
        "max": 5.76912784576,
        "mean": 1.05144071579,
        "median": 1.00965619087,
        "min": -5.32435798645,
        "var": 1.08287072182
    },
    "erbbands_spread": {
        "dmean": 10.6094207764,
        "dmean2": 15.8042030334,
        "dvar": 122.524642944,
        "dvar2": 270.130157471,
        "max": 136.358398438,
        "mean": 40.4660644531,
        "median": 36.6499137878,
        "min": 4.90855550766,
        "var": 395.849639893
    },
    "hfc": {
        "dmean": 4.72240447998,
        "dmean2": 6.47644901276,
        "dvar": 104.158988953,
        "dvar2": 156.685928345,
        "max": 352.28036499,
        "mean": 12.0557336807,
        "median": 7.43064498901,
        "min": 0.000215829029912,
        "var": 398.857543945
    },
    "melbands_crest": {
        "dmean": 3.42674994469,
        "dmean2": 5.61274385452,
        "dvar": 9.03518295288,
        "dvar2": 23.6527309418,
        "max": 31.2486495972,
        "mean": 17.4602565765,
        "median": 16.3900279999,
        "min": 4.72145748138,
        "var": 30.8816871643
    },
    "melbands_flatness_db": {
        "dmean": 0.0425029657781,
        "dmean2": 0.0598357878625,
        "dvar": 0.00146405328996,
        "dvar2": 0.00282804574817,
        "max": 0.589647710323,
        "mean": 0.308585613966,
        "median": 0.31164637208,
        "min": 0.0298852659762,
        "var": 0.00769892288372
    },
    "melbands_kurtosis": {
        "dmean": 18.196931839,
        "dmean2": 28.7887020111,
        "dvar": 468.043701172,
        "dvar2": 1148.2220459,
        "max": 311.531982422,
        "mean": 40.5550956726,
        "median": 31.6397018433,
        "min": -1.82867944241,
        "var": 1146.30822754
    },
    "melbands_skewness": {
        "dmean": 1.07501900196,
        "dmean2": 1.69084608555,
        "dvar": 0.985148668289,
        "dvar2": 2.38121128082,
        "max": 13.2173557281,
        "mean": 4.32857656479,
        "median": 4.15782976151,
        "min": -1.13309514523,
        "var": 3.28155136108
    },
    "melbands_spread": {
        "dmean": 4.38854885101,
        "dmean2": 6.73636770248,
        "dvar": 105.088424683,
        "dvar2": 213.89074707,
        "max": 209.401748657,
        "mean": 8.88543605804,
        "median": 4.66712665558,
        "min": 0.492416679859,
        "var": 271.220153809
    },
    "pitch_salience": {
        "dmean": 0.0879972726107,
        "dmean2": 0.143438071012,
        "dvar": 0.00534864701331,
        "dvar2": 0.0140167539939,
        "max": 0.841648936272,
        "mean": 0.522495567799,
        "median": 0.538513660431,
        "min": 0.125325918198,
        "var": 0.0150326909497
    },
    "silence_rate_20dB": {
        "dmean": 0,
        "dmean2": 0,
        "dvar": 0,
        "dvar2": 0,
        "max": 1,
        "mean": 1,
        "median": 1,
        "min": 1,
        "var": 0
    },
    "silence_rate_30dB": {
        "dmean": 0.0402788519859,
        "dmean2": 0.0805889219046,
        "dvar": 0.0386571511626,
        "dvar2": 0.0841699019074,
        "max": 1,
        "mean": 0.949283778667,
        "median": 1,
        "min": 0,
        "var": 0.0481433048844
    },
    "silence_rate_60dB": {
        "dmean": 0.0255615804344,
        "dmean2": 0.0511429682374,
        "dvar": 0.0249078720808,
        "dvar2": 0.0539520084858,
        "max": 1,
        "mean": 0.0429732874036,
        "median": 0,
        "min": 0,
        "var": 0.0411262363195
    },
    "spectral_centroid": {
        "dmean": 224.883544922,
        "dmean2": 337.692871094,
        "dvar": 105682.09375,
        "dvar2": 209297.203125,
        "max": 5281.98876953,
        "mean": 648.651428223,
        "median": 449.248046875,
        "min": 137.982406616,
        "var": 361837.28125
    },
    "spectral_complexity": {
        "dmean": 3.18900084496,
        "dmean2": 4.77799320221,
        "dvar": 16.7551307678,
        "dvar2": 33.3513946533,
        "max": 55,
        "mean": 10.684088707,
        "median": 9,
        "min": 0,
        "var": 45.2570457458
    },
    "spectral_decrease": {
        "dmean": 4.11153155966e-09,
        "dmean2": 6.12351591656e-09,
        "dvar": 3.31165464005e-17,
        "dvar2": 6.68166985016e-17,
        "max": -4.23474081322e-13,
        "mean": -1.01959267695e-08,
        "median": -7.55870210867e-09,
        "min": -5.80051882082e-08,
        "var": 8.22141626785e-17
    },
    "spectral_energy": {
        "dmean": 0.015809731558,
        "dmean2": 0.0235037468374,
        "dvar": 0.000481434020912,
        "dvar2": 0.000972252688371,
        "max": 0.222216501832,
        "mean": 0.0395752340555,
        "median": 0.0295167919248,
        "min": 1.61786181252e-06,
        "var": 0.00121187837794
    },
    "spectral_energyband_high": {
        "dmean": 0.000328876019921,
        "dmean2": 0.000447646307293,
        "dvar": 2.16714624912e-06,
        "dvar2": 3.18676893585e-06,
        "max": 0.0549716167152,
        "mean": 0.000525231997017,
        "median": 5.09915080329e-05,
        "min": 5.92109694608e-10,
        "var": 6.49720141155e-06
    },
    "spectral_energyband_low": {
        "dmean": 0.012243969366,
        "dmean2": 0.018527360633,
        "dvar": 0.000398096279241,
        "dvar2": 0.000821617315523,
        "max": 0.208038568497,
        "mean": 0.0234138239175,
        "median": 0.013872419484,
        "min": 1.22408414427e-06,
        "var": 0.000787920900621
    },
    "spectral_energyband_middle_high": {
        "dmean": 0.000771160877775,
        "dmean2": 0.00114383373875,
        "dvar": 2.74002582046e-06,
        "dvar2": 6.01114970777e-06,
        "max": 0.0397990234196,
        "mean": 0.00138897926081,
        "median": 0.00064034195384,
        "min": 4.17380663364e-09,
        "var": 6.51957907394e-06
    },
    "spectral_energyband_middle_low": {
        "dmean": 0.00635362043977,
        "dmean2": 0.0100055728108,
        "dvar": 7.72558050812e-05,
        "dvar2": 0.000193117128219,
        "max": 0.150435224175,
        "mean": 0.0161117240787,
        "median": 0.0109652234241,
        "min": 5.00956105043e-07,
        "var": 0.000283640285488
    },
    "spectral_entropy": {
        "dmean": 0.308506429195,
        "dmean2": 0.416315764189,
        "dvar": 0.0722931995988,
        "dvar2": 0.133964926004,
        "max": 8.5528087616,
        "mean": 6.91710281372,
        "median": 6.93662929535,
        "min": 5.0188126564,
        "var": 0.383480608463
    },
    "spectral_flux": {
        "dmean": 0.0351474434137,
        "dmean2": 0.056107390672,
        "dvar": 0.00166782713495,
        "dvar2": 0.00407399935648,
        "max": 0.396209686995,
        "mean": 0.0840071737766,
        "median": 0.0712424069643,
        "min": 0.00127195194364,
        "var": 0.00267600081861
    },
    "spectral_kurtosis": {
        "dmean": 3.61492586136,
        "dmean2": 5.75367069244,
        "dvar": 17.4563236237,
        "dvar2": 40.0874176025,
        "max": 58.3454437256,
        "mean": 6.66444969177,
        "median": 4.3586101532,
        "min": -0.974979162216,
        "var": 46.1407546997
    },
    "spectral_rms": {
        "dmean": 0.00120649463497,
        "dmean2": 0.00173265754711,
        "dvar": 1.8505920707e-06,
        "dvar2": 3.45828470927e-06,
        "max": 0.0147240143269,
        "mean": 0.0056519350037,
        "median": 0.00536627136171,
        "min": 3.97291041736e-05,
        "var": 6.66567575536e-06
    },
    "spectral_rolloff": {
        "dmean": 230.175811768,
        "dmean2": 391.879516602,
        "dvar": 430287.03125,
        "dvar2": 888154.375,
        "max": 8484.08203125,
        "mean": 523.891479492,
        "median": 279.931640625,
        "min": 86.1328125,
        "var": 942627.5625
    },
    "spectral_skewness": {
        "dmean": 0.438386112452,
        "dmean2": 0.636255741119,
        "dvar": 0.154832199216,
        "dvar2": 0.31304615736,
        "max": 6.28319311142,
        "mean": 1.86842441559,
        "median": 1.7224136591,
        "min": -0.520884513855,
        "var": 0.742196500301
    },
    "spectral_spread": {
        "dmean": 498237.03125,
        "dmean2": 740082.875,
        "dvar": 237013794816,
        "dvar2": 465508302848,
        "max": 14091816,
        "mean": 3726508.75,
        "median": 3777342.75,
        "min": 1334665.25,
        "var": 1.10393530778e+12
    },
    "spectral_strongpeak": {
        "dmean": 0.265165627003,
        "dmean2": 0.43208566308,
        "dvar": 0.315479516983,
        "dvar2": 0.860103726387,
        "max": 14.0444440842,
        "mean": 0.6359577775,
        "median": 0.498366564512,
        "min": 0,
        "var": 0.406835347414
    },
    "zerocrossingrate": {
        "dmean": 0.00770376203582,
        "dmean2": 0.00898997485638,
        "dvar": 0.000117900468467,
        "dvar2": 0.000107554529677,
        "max": 0.2783203125,
        "mean": 0.0275231450796,
        "median": 0.02001953125,
        "min": 0.0029296875,
        "var": 0.000806884083431
    },
    "barkbands": {
        "dmean": [0.000244545924943, 0.00696776760742, 0.00563533091918, 0.00266925897449, 0.00369129516184, 0.00115069118328, 0.000606417306699, 0.000313581927912, 0.000347698718542, 8.60075742821e-05, 0.00015026202891, 0.000133026740514, 0.000150269086589, 7.72875573603e-05, 7.73053252487e-05, 6.8196299253e-05, 7.38975577406e-05, 9.03248946997e-05, 8.15938838059e-05, 0.000126655722852, 8.14149389043e-05, 8.45835966174e-05, 7.17378788977e-05, 5.36683801329e-05, 1.0981962987e-05, 8.84607409546e-09, 1.61951629885e-09],
        "dmean2": [0.000419603224145, 0.0109498910606, 0.00835680030286, 0.00453718798235, 0.00600587576628, 0.00181994773448, 0.000857152568642, 0.000468352925964, 0.000505553733092, 0.000142774122651, 0.000232131991652, 0.000217164822971, 0.000236096151639, 0.000120156095363, 0.000125733509776, 0.000111165274575, 0.000113439462439, 0.000147717713844, 0.000128056388348, 0.000179645212484, 0.000119412165077, 0.000120969925774, 0.000103369995486, 7.63038988225e-05, 1.72260133695e-05, 1.37126301425e-08, 2.95537727624e-09],
        "dvar": [8.41172322907e-07, 0.000147440645378, 0.000106712861452, 2.19976573135e-05, 3.5411951103e-05, 3.30792545356e-06, 2.24569157581e-06, 1.47628554714e-06, 1.85494275229e-06, 6.06482970511e-08, 1.36165937192e-07, 2.46416703931e-07, 2.54559665791e-07, 5.50296626045e-08, 6.71030022659e-08, 2.47027784894e-08, 6.19447249051e-08, 6.02125425075e-08, 1.25177422206e-07, 5.54092423499e-07, 1.32381146045e-07, 3.54192081886e-07, 2.19294435055e-07, 5.04623898223e-08, 1.71893366208e-09, 1.04452143176e-15, 5.44230042344e-18],
        "dvar2": [2.38184475165e-06, 0.000346131651895, 0.000208598779864, 6.38741839794e-05, 8.94676704775e-05, 7.96520725999e-06, 3.81513473258e-06, 2.7644155125e-06, 3.99533018935e-06, 1.49177438402e-07, 2.64323887222e-07, 6.5202289079e-07, 6.13694453477e-07, 1.35308511062e-07, 1.79453394367e-07, 6.1776397331e-08, 1.51523749992e-07, 1.47983271859e-07, 2.55768185298e-07, 8.86118527887e-07, 2.6644687523e-07, 4.67497784484e-07, 5.20429694006e-07, 7.62566330081e-08, 3.69322283866e-09, 2.2683504211e-15, 1.67847502889e-17],
        "max": [0.0257929414511, 0.121119633317, 0.123620331287, 0.0672424137592, 0.143416941166, 0.030268965289, 0.0321371369064, 0.0298715028912, 0.0501184538007, 0.00672774901614, 0.00719499029219, 0.0126675115898, 0.0106527386233, 0.00504797883332, 0.00601449841633, 0.00293398974463, 0.00525924470276, 0.00860274583101, 0.0171273723245, 0.0430560000241, 0.0087000625208, 0.0284196697176, 0.0192037299275, 0.00734862079844, 0.000862099055666, 7.67776157318e-07, 2.5696998307e-08],
        "mean": [0.000244000329985, 0.0119922431186, 0.00932621676475, 0.00445016333833, 0.00686208717525, 0.00233268062584, 0.00117938918993, 0.000534217688255, 0.000710105057806, 0.000109785141831, 0.000238666325458, 0.000173239095602, 0.000190115941223, 0.00012124224304, 0.000105860628537, 7.93712388258e-05, 0.000101257413917, 0.000107359228423, 0.000106213934487, 0.000180981907761, 0.000109119377157, 0.000127084567794, 0.000104257938801, 7.57196685299e-05, 1.39115554703e-05, 1.02355217635e-08, 1.31618949073e-09],
        "median": [5.33615384484e-05, 0.00556500488892, 0.0041149999015, 0.0021419392433, 0.00336793391034, 0.00132778752595, 0.000288169976557, 9.76944429567e-05, 0.000183085518074, 3.19491118717e-05, 7.23611519788e-05, 5.04185663885e-05, 4.70724044135e-05, 4.54534347227e-05, 2.99253733829e-05, 2.6943956982e-05, 2.90345906251e-05, 3.01029631373e-05, 2.06689819606e-05, 2.00246195163e-05, 1.06383358798e-05, 8.6325517259e-06, 7.48063894207e-06, 6.57223790768e-06, 1.2052735201e-06, 2.09537076579e-09, 4.74983774534e-10],
        "min": [6.68393873582e-09, 5.14186581313e-07, 3.55130055141e-07, 1.36505846626e-07, 2.20359169134e-07, 4.50803927521e-09, 1.54610124703e-09, 2.20243312476e-09, 1.86164184068e-09, 2.6421759225e-10, 5.44673806058e-10, 7.00659252839e-11, 2.65892419193e-10, 3.74146436055e-10, 5.7531562847e-11, 2.31801133843e-10, 7.50214834699e-10, 3.3947678002e-10, 3.44290262966e-10, 1.02080710551e-09, 6.79846248741e-11, 8.78887518319e-11, 1.46113954269e-10, 1.36612846036e-10, 7.455883827e-11, 9.23053126989e-12, 1.00471497441e-11],
        "var": [8.2143048985e-07, 0.000258569751168, 0.000221919282922, 3.87068466807e-05, 0.000110149347165, 8.54206427903e-06, 8.5358369688e-06, 4.10899792769e-06, 4.65986886411e-06, 8.64677147661e-08, 3.10288953642e-07, 2.63998202854e-07, 3.26461332634e-07, 7.39995229537e-08, 7.84099114526e-08, 2.75379949954e-08, 8.45890681944e-08, 1.00222337096e-07, 3.19358377965e-07, 1.95243478629e-06, 2.70599628038e-07, 9.04377316147e-07, 4.01074714773e-07, 1.38372158176e-07, 2.99010904925e-09, 1.53739582185e-15, 4.71512346541e-18]
    },
    "erbbands": {
        "dmean": [0.079048730433, 1.98203265667, 7.01214981079, 6.46884155273, 14.874171257, 9.60028266907, 8.73137950897, 8.02898025513, 7.06771278381, 8.96300029755, 7.91592025757, 5.75013828278, 4.51235198975, 5.19383239746, 4.18497896194, 5.25428819656, 6.43867397308, 4.62073898315, 2.97495293617, 4.06717729568, 4.13262319565, 4.01519632339, 5.70640182495, 3.19412231445, 4.23847007751, 6.04738235474, 3.58226847649, 3.64799380302, 3.17418146133, 2.44106817245, 1.75268614292, 1.33735322952, 0.795540332794, 0.232802078128, 0.0141812805086, 0.000651250127703, 4.38771239715e-05, 7.38183007343e-06, 8.24783910502e-06, 1.75993882294e-05],
        "dmean2": [0.122096151114, 3.09683036804, 10.3354597092, 10.5961446762, 24.6154327393, 15.6022100449, 14.1038255692, 12.8553714752, 10.3000831604, 12.7695236206, 11.4439878464, 8.49059009552, 6.64216041565, 8.36662101746, 6.52131700516, 8.65819263458, 10.2625427246, 6.98686027527, 4.68939352036, 6.59985303879, 6.59712409973, 6.19221591949, 9.25172615051, 4.93448925018, 5.97385168076, 8.16065597534, 5.23629045486, 5.24903059006, 4.67249965668, 3.72724628448, 2.42648911476, 1.87181377411, 1.1817445755, 0.34879553318, 0.0220444574952, 0.000996033893898, 6.34689349681e-05, 1.05867648017e-05, 1.19264468594e-05, 2.6029696528e-05],
        "dvar": [0.017839981243, 12.0328178406, 169.24446106, 95.9864196777, 507.815460205, 320.349273682, 154.098007202, 238.910827637, 293.777984619, 676.195983887, 1062.14916992, 420.366729736, 269.939941406, 168.389373779, 104.135688782, 457.893310547, 432.351959229, 199.258377075, 89.2817687988, 121.066520691, 93.446472168, 135.840362549, 244.933837891, 104.268577576, 318.610015869, 1043.44494629, 256.054595947, 335.883666992, 571.97064209, 315.314208984, 90.9810638428, 38.2795372009, 11.0734786987, 0.691877424717, 0.0071689854376, 1.28120236695e-05, 2.88484418576e-08, 6.73898215009e-10, 1.40734354726e-10, 5.71745706335e-10],
        "dvar2": [0.0401078164577, 27.7152748108, 317.599822998, 275.142211914, 1344.2923584, 740.915100098, 372.556945801, 597.046569824, 567.962341309, 1238.95336914, 1893.43334961, 860.162353516, 535.05645752, 351.628692627, 226.825546265, 1259.29443359, 1113.83129883, 452.408935547, 249.660400391, 317.693084717, 229.533447266, 336.011779785, 599.58203125, 195.323501587, 351.563476562, 1227.32666016, 566.734191895, 595.39831543, 812.40020752, 813.927185059, 166.835403442, 53.9796714783, 21.7573375702, 1.34869241714, 0.0171346925199, 2.99219555018e-05, 5.75196388297e-08, 1.10854958546e-09, 2.5845642293e-10, 1.15245679666e-09],
        "max": [1.43662261963, 35.1559906006, 160.651870728, 146.298858643, 366.75112915, 430.221923828, 231.124298096, 300.556518555, 395.547546387, 713.149780273, 1054.35388184, 778.235168457, 421.439239502, 233.787628174, 190.092666626, 540.473876953, 424.039154053, 355.118927002, 232.442428589, 236.342559814, 158.346862793, 212.172714233, 551.783874512, 477.637115479, 1015.96008301, 1957.2232666, 486.750823975, 673.986206055, 1081.52661133, 730.908203125, 382.927185059, 219.452575684, 79.4226455688, 17.7927360535, 2.73493051529, 0.111217401922, 0.00397159392014, 0.000665560772177, 0.000274572987109, 0.000242613605224],
        "mean": [0.144430205226, 3.40613508224, 11.8036956787, 11.855014801, 25.9397354126, 17.8743247986, 17.1658611298, 15.7809867859, 14.1942100525, 16.4128322601, 15.487654686, 11.3045969009, 9.33905696869, 7.92280435562, 6.48946762085, 6.77729558945, 8.22881317139, 7.35695552826, 4.61935901642, 5.54080724716, 5.04757928848, 5.69041395187, 6.81753540039, 4.25947570801, 6.34285116196, 8.76960372925, 4.64361143112, 4.95668411255, 4.76334619522, 3.52203178406, 2.74713110924, 1.99062001705, 1.04257786274, 0.308812975883, 0.0153288729489, 0.000755465240218, 6.78160431562e-05, 1.20427266666e-05, 2.11124752241e-05, 4.48236023658e-05],
        "median": [0.0593367479742, 1.56474983692, 5.03659582138, 7.99153614044, 12.0410528183, 9.07739639282, 11.5622777939, 9.04156112671, 5.19215774536, 3.28730154037, 3.6142437458, 3.48063182831, 1.6332873106, 2.85395073891, 2.26443171501, 2.20292139053, 2.3198621273, 2.59945631027, 1.67958927155, 1.70564353466, 1.85159599781, 1.93467915058, 2.01838326454, 1.00052452087, 1.12720656395, 0.935376405716, 0.524503707886, 0.387213408947, 0.316207796335, 0.237585902214, 0.20063059032, 0.14831571281, 0.101890794933, 0.0283516421914, 0.000852619123179, 7.46855366742e-05, 2.03200925171e-05, 3.37309438692e-06, 1.54572771862e-05, 3.37612909789e-05],
        "min": [6.98919893694e-06, 0.000147155209561, 0.000514082203154, 0.000564632122405, 0.00127040955704, 0.000331984949298, 4.6370390919e-05, 4.48818500445e-05, 2.16377356992e-05, 3.54619187419e-05, 5.59688996873e-05, 3.53643408744e-05, 1.13524129119e-05, 1.934267857e-05, 9.87009389064e-06, 4.28816701969e-06, 1.43502038554e-05, 1.45310414155e-05, 1.12594671009e-05, 5.57065959583e-06, 1.61308198585e-05, 4.93702500535e-05, 2.41468424065e-05, 1.61310563271e-05, 4.2375868361e-05, 3.87115251215e-05, 2.69315182777e-06, 5.05639991388e-06, 3.10652194457e-06, 1.54859446866e-06, 5.41490226169e-06, 3.53092036676e-06, 2.13628140955e-06, 1.15063619432e-06, 7.72799353399e-08, 3.68395234318e-08, 1.66586282546e-08, 6.70337962916e-09, 2.35301533813e-09, 1.88814341939e-09],
        "var": [0.0365994647145, 21.4818477631, 359.352630615, 162.593078613, 1534.31884766, 856.355957031, 352.324371338, 550.67767334, 867.797058105, 1876.47680664, 3186.53540039, 1141.0847168, 929.860656738, 321.600708008, 200.539978027, 405.753814697, 490.150604248, 329.409973145, 105.380447388, 165.77041626, 110.459289551, 197.680114746, 404.747955322, 270.812561035, 1632.12133789, 4525.60742188, 510.080780029, 719.065246582, 1422.42785645, 484.301483154, 219.061340332, 116.462966919, 22.7508506775, 1.43072915077, 0.00767872203141, 1.51057711264e-05, 5.56595587398e-08, 1.78997605627e-09, 4.38133834768e-10, 1.51091994471e-09]
    },
    "gfcc": {
        "mean": [-68.300163269, 158.644805908, -109.852935791, 66.0660476685, -61.7220840454, 14.9215345383, -32.8559265137, -11.7729225159, -6.35152101517, -25.5487918854, 8.33839321136, -23.6919212341, 4.40092658997],
        "cov": [[4281.67675781, -882.110656738, -523.358703613, 308.226531982, -426.051940918, 91.2556381226, -136.238998413, 169.33392334, -9.46484470367, 178.956939697, -33.6296463013, 63.2502593994, -88.2178421021], [-882.110656738, 1060.67956543, 238.091064453, -472.367553711, 409.737884521, -139.241699219, 188.125671387, -64.5141143799, 134.896102905, -123.636451721, 59.6899986267, -1.42769145966, 39.9478797913], [-523.358703613, 238.091064453, 598.883361816, 48.0586967468, 107.320220947, -25.3939590454, 54.5523338318, -52.0592193604, 16.4530544281, -19.8474578857, 13.2729578018, -7.82861804962, -9.9559173584], [308.226531982, -472.367553711, 48.0586967468, 445.657775879, -91.8883132935, 52.2569351196, -53.714969635, 5.33094644547, -42.1196098328, 46.594291687, 3.40850949287, -0.698806703091, 0.48712271452], [-426.051940918, 409.737884521, 107.320220947, -91.8883132935, 355.194641113, -13.0404119492, 101.875869751, -20.3042526245, 60.5405387878, -54.0918540955, 31.5968608856, 1.35681378841, 34.6033668518], [91.2556381226, -139.241699219, -25.3939590454, 52.2569351196, -13.0404119492, 122.68812561, 26.2738437653, 23.6312065125, -14.6630506516, 20.4529571533, 1.58860146999, 0.724647879601, 6.71394729614], [-136.238998413, 188.125671387, 54.5523338318, -53.714969635, 101.875869751, 26.2738437653, 139.820098877, 10.3428564072, 27.3582801819, -23.5725479126, 26.0912895203, 4.9488992691, 15.2658052444], [169.33392334, -64.5141143799, -52.0592193604, 5.33094644547, -20.3042526245, 23.6312065125, 10.3428564072, 94.4921112061, 7.09547758102, 16.1938381195, 6.44700479507, 9.95194816589, 6.80797290802], [-9.46484470367, 134.896102905, 16.4530544281, -42.1196098328, 60.5405387878, -14.6630506516, 27.3582801819, 7.09547758102, 88.3992843628, 4.09291601181, 4.92501163483, 4.0362868309, 3.68342328072], [178.956939697, -123.636451721, -19.8474578857, 46.594291687, -54.0918540955, 20.4529571533, -23.5725479126, 16.1938381195, 4.09291601181, 79.5889968872, 4.67919445038, 1.75449168682, -3.34816598892], [-33.6296463013, 59.6899986267, 13.2729578018, 3.40850949287, 31.5968608856, 1.58860146999, 26.0912895203, 6.44700479507, 4.92501163483, 4.67919445038, 55.388923645, 19.6600494385, 6.65815830231], [63.2502593994, -1.42769145966, -7.82861804962, -0.698806703091, 1.35681378841, 0.724647879601, 4.9488992691, 9.95194816589, 4.0362868309, 1.75449168682, 19.6600494385, 57.2238197327, 27.7683448792], [-88.2178421021, 39.9478797913, -9.9559173584, 0.48712271452, 34.6033668518, 6.71394729614, 15.2658052444, 6.80797290802, 3.68342328072, -3.34816598892, 6.65815830231, 27.7683448792, 67.0279693604]],
        "icov": [[0.000356604519766, -0.000118572752399, 0.000293898192467, -0.000319878919981, 0.000206663171411, -7.37746377126e-05, -5.16528671142e-05, -0.000387493055314, -9.61054975051e-05, -0.000473794090794, 0.000495109823532, -0.000838470528834, 0.000817601568997], [-0.000118572752399, 0.0138955963776, -0.00349866924807, 0.0108691221103, -0.00616305321455, 0.00867458432913, -0.00547804636881, 0.00427050283179, -0.0080921407789, 0.00631065480411, -0.0111753838137, 0.00760506978258, -0.00719026243314], [0.000293898192467, -0.00349866924807, 0.00306348712184, -0.00339279021136, 0.00117652677, -0.00162472040392, 0.000413714209571, -0.000376199779566, 0.00192017504014, -0.00203197984956, 0.00323043414392, -0.00266386056319, 0.00302667729557], [-0.000319878919981, 0.0108691221103, -0.00339279021136, 0.0114726899192, -0.00453899800777, 0.0055480459705, -0.00306612369604, 0.00355377304368, -0.00551610114053, 0.00432784995064, -0.00985111482441, 0.00688490085304, -0.00671569956467], [0.000206663171411, -0.00616305321455, 0.00117652677, -0.00453899800777, 0.00765527132899, -0.00395698519424, 0.000711046275683, -0.00116656103637, 0.00093108182773, -0.000555363774765, 0.00277327187359, -0.00170825107489, 0.000906997302081], [-7.37746377126e-05, 0.00867458432913, -0.00162472040392, 0.0055480459705, -0.00395698519424, 0.0161289796233, -0.00720361387357, 0.000981601187959, -0.00253159599379, 0.000949022476561, -0.00524403434247, 0.00479446956888, -0.00485934363678], [-5.16528671142e-05, -0.00547804636881, 0.000413714209571, -0.00306612369604, 0.000711046275683, -0.00720361387357, 0.0140766445547, -0.00295457430184, 0.00100996647961, 0.000660675577819, -0.000372075504856, -0.00126931176055, 0.00126949243713], [-0.000387493055314, 0.00427050283179, -0.000376199779566, 0.00355377304368, -0.00116656103637, 0.000981601187959, -0.00295457430184, 0.0141237266362, -0.00377623224631, 0.000813270453364, -0.00454416964203, 0.00181692151818, -0.00344775500707], [-9.61054975051e-05, -0.0080921407789, 0.00192017504014, -0.00551610114053, 0.00093108182773, -0.00253159599379, 0.00100996647961, -0.00377623224631, 0.0195291824639, -0.0074513903819, 0.00839454680681, -0.00581890530884, 0.00507944915444], [-0.000473794090794, 0.00631065480411, -0.00203197984956, 0.00432784995064, -0.000555363774765, 0.000949022476561, 0.000660675577819, 0.000813270453364, -0.0074513903819, 0.0204170886427, -0.00950990431011, 0.00573607580736, -0.0047616828233], [0.000495109823532, -0.0111753838137, 0.00323043414392, -0.00985111482441, 0.00277327187359, -0.00524403434247, -0.000372075504856, -0.00454416964203, 0.00839454680681, -0.00950990431011, 0.0342532992363, -0.0166284870356, 0.0100532891229], [-0.000838470528834, 0.00760506978258, -0.00266386056319, 0.00688490085304, -0.00170825107489, 0.00479446956888, -0.00126931176055, 0.00181692151818, -0.00581890530884, 0.00573607580736, -0.0166284870356, 0.0320943705738, -0.0166135746986], [0.000817601568997, -0.00719026243314, 0.00302667729557, -0.00671569956467, 0.000906997302081, -0.00485934363678, 0.00126949243713, -0.00344775500707, 0.00507944915444, -0.0047616828233, 0.0100532891229, -0.0166135746986, 0.0262255072594]]
    },
    "melbands": {
        "dmean": [0.00132904422935, 0.00332854758017, 0.00132645398844, 0.000928648747504, 0.000289068644634, 0.000188964550034, 0.000116133152915, 9.09950831556e-05, 6.86560524628e-05, 3.68956571037e-05, 2.23076767725e-05, 2.0081322873e-05, 1.68435362866e-05, 1.47559912875e-05, 1.4932119484e-05, 1.47337477756e-05, 8.12662074168e-06, 4.46817102784e-06, 7.25459949535e-06, 4.24010931965e-06, 5.27845622855e-06, 4.04093088946e-06, 5.37114328836e-06, 3.97113944928e-06, 2.50450830208e-06, 3.61232855539e-06, 3.7835029616e-06, 4.31875059803e-06, 2.46593822339e-06, 2.01623697649e-06, 2.29150805353e-06, 2.00481827051e-06, 1.50168943946e-06, 1.45808326124e-06, 1.01467742297e-06, 1.07978598862e-06, 7.844355423e-07, 6.37646166979e-07, 4.0011798319e-07, 1.35245471711e-07],
        "dmean2": [0.00207586516626, 0.00498470431194, 0.00215680780821, 0.00150584126823, 0.000467222678708, 0.000301043415675, 0.000166290759807, 0.000130736836581, 0.000100111690699, 5.51032426301e-05, 3.31529154209e-05, 3.26032859448e-05, 2.60419583356e-05, 2.37889271375e-05, 2.49121294473e-05, 2.28183052968e-05, 1.24921971292e-05, 7.09823325451e-06, 1.18402858789e-05, 6.93997708368e-06, 8.43361613079e-06, 6.22598554401e-06, 8.60191994434e-06, 6.5238255047e-06, 3.93325444747e-06, 5.65055643165e-06, 5.54841381017e-06, 6.16880424786e-06, 3.62639912055e-06, 3.16949171975e-06, 3.26881081492e-06, 2.86985118692e-06, 2.29680813391e-06, 2.23406027544e-06, 1.41456632718e-06, 1.57702766046e-06, 1.10491293981e-06, 9.67805931396e-07, 6.09439041455e-07, 2.08755906783e-07],
        "dvar": [5.12479073222e-06, 3.50918926415e-05, 3.38522204402e-06, 2.28666431212e-06, 1.74563879796e-07, 1.17971381997e-07, 7.51667172949e-08, 7.12924048685e-08, 9.50778513698e-08, 1.51837884488e-08, 6.61697141524e-09, 2.50192333517e-09, 1.5899869199e-09, 2.48504195e-09, 7.27289295455e-09, 1.65420144249e-09, 6.50583253936e-10, 2.16905396422e-10, 5.93094184875e-10, 1.19725118708e-10, 1.84236625955e-10, 1.59185387094e-10, 3.47605555451e-10, 1.0592750288e-10, 7.41350106304e-11, 2.56378251962e-10, 8.38284275329e-10, 4.90192553215e-10, 1.32299171618e-10, 1.15132764433e-10, 1.80323145305e-10, 2.69473138248e-10, 8.01930050143e-11, 1.42705805506e-10, 2.86131014715e-11, 4.0968877596e-11, 1.25511736421e-11, 8.3824336361e-12, 1.94637188311e-12, 3.48904173782e-13],
        "dvar2": [1.20865906865e-05, 6.96070856065e-05, 9.45090323512e-06, 5.65815025766e-06, 4.32552013763e-07, 2.9146764291e-07, 1.36170115184e-07, 1.28040824166e-07, 1.70624801399e-07, 3.16473425244e-08, 1.31966571004e-08, 5.3816608947e-09, 3.32365557298e-09, 6.25515772512e-09, 2.06082155785e-08, 3.46187190026e-09, 1.53378920675e-09, 6.04721162034e-10, 1.5791019603e-09, 3.05922093213e-10, 4.48763665117e-10, 3.77311376587e-10, 8.32367619275e-10, 2.63355615093e-10, 1.4074988397e-10, 4.86173434844e-10, 1.70150915579e-09, 6.36747377047e-10, 3.13233050608e-10, 2.66995231479e-10, 3.39297673291e-10, 3.29950927691e-10, 1.70803551858e-10, 3.9980999067e-10, 5.22621668164e-11, 7.87471268748e-11, 1.88062326129e-11, 1.79380833104e-11, 3.84791157271e-12, 7.8283646926e-13],
        "max": [0.0234032552689, 0.0676985234022, 0.0279217474163, 0.0388250015676, 0.00654680468142, 0.00673812907189, 0.00515768118203, 0.00758281443268, 0.0104834642261, 0.00421933364123, 0.0020782276988, 0.0008522105054, 0.000676612311509, 0.00110574159771, 0.00224296143278, 0.00103448273148, 0.000563908368349, 0.000288696261123, 0.000569652649574, 0.000246002105996, 0.000287404487608, 0.000287603732431, 0.0005396673223, 0.000323171843775, 0.000398162781494, 0.000820798391942, 0.00159781554248, 0.00121358851902, 0.000300084531773, 0.000248531752732, 0.000573766883463, 0.000825856754091, 0.000353993294993, 0.000471524166642, 0.000185329714441, 0.000258207932347, 0.000139336771099, 6.24101885478e-05, 2.7052954465e-05, 1.36177795866e-05],
        "mean": [0.00235113082454, 0.00579495402053, 0.00256597111002, 0.00172705098521, 0.000572538468987, 0.000379694713047, 0.000235684870859, 0.000165358593222, 0.000132597138872, 7.38446469768e-05, 4.46939229732e-05, 2.91445921903e-05, 2.64802092715e-05, 1.88949961739e-05, 1.80965489562e-05, 1.88882331713e-05, 1.28569472508e-05, 6.80750008542e-06, 9.49262812355e-06, 5.16009276907e-06, 6.2258231992e-06, 5.59354930374e-06, 6.80942912368e-06, 4.61942454422e-06, 3.19758737533e-06, 4.59378270534e-06, 5.44506656297e-06, 5.96391555518e-06, 2.98101576846e-06, 2.50804919233e-06, 2.99179555441e-06, 2.88034584628e-06, 2.10176585824e-06, 1.94592757907e-06, 1.55981229e-06, 1.56084865921e-06, 1.07633570678e-06, 7.80429274982e-07, 5.34025957677e-07, 1.57054785177e-07],
        "median": [0.00114578253124, 0.00279160216451, 0.00176549889147, 0.000852082739584, 0.000403914164053, 0.000224321513087, 7.32706539566e-05, 3.06279289362e-05, 3.08484522975e-05, 2.0721443434e-05, 7.13354847903e-06, 1.02796248029e-05, 8.64328467287e-06, 4.69543101644e-06, 5.75137846681e-06, 3.62807463716e-06, 4.59128750663e-06, 2.27107057071e-06, 2.75960655927e-06, 1.53754319854e-06, 2.03528725251e-06, 1.59970272762e-06, 2.13477596844e-06, 1.29773957269e-06, 7.13954420917e-07, 8.23289781238e-07, 7.14677014457e-07, 5.56537827379e-07, 3.01151800386e-07, 2.34589691672e-07, 2.02702864271e-07, 1.75657064005e-07, 1.46216308394e-07, 1.26191622485e-07, 1.1120565091e-07, 1.00357475219e-07, 8.01787507498e-08, 6.08543118119e-08, 5.64531283942e-08, 1.00161630101e-08],
        "min": [1.03156978071e-07, 3.01215919762e-07, 1.51986611741e-07, 6.15806428073e-08, 1.62341307064e-09, 9.49613832013e-10, 3.03845171246e-10, 3.9261185969e-10, 5.04829844594e-10, 1.94669363962e-10, 5.21695152356e-11, 7.55169607403e-11, 5.47500413062e-11, 5.73051935765e-12, 2.02287145368e-11, 3.17533395411e-11, 2.58046240625e-11, 2.25469070497e-11, 4.52921077379e-12, 1.38258146251e-11, 1.52893617905e-11, 5.22744451892e-11, 2.52370693787e-11, 1.94084470717e-11, 1.12769299107e-11, 1.51426735734e-11, 5.56159389375e-11, 1.62832525241e-11, 7.20165680562e-13, 1.39757953474e-12, 3.66071409297e-12, 2.31060027882e-12, 5.18848039619e-13, 8.75381418828e-13, 3.84692538241e-12, 2.48719144239e-12, 1.7144909624e-12, 1.16062519838e-12, 2.24634677179e-12, 4.67227764724e-13],
        "var": [9.11311235541e-06, 7.13878398528e-05, 7.15106898497e-06, 7.29988323656e-06, 3.68386338323e-07, 2.78451608438e-07, 2.60549199993e-07, 1.95495260868e-07, 2.75486257806e-07, 4.13788328046e-08, 2.24643539326e-08, 4.3840584496e-09, 3.3600724425e-09, 2.97675017968e-09, 5.33013988502e-09, 3.01695557425e-09, 1.00038499706e-09, 2.71712541355e-10, 6.91504575823e-10, 1.4998803588e-10, 2.21471688211e-10, 2.39372383026e-10, 5.13861786455e-10, 1.59591354021e-10, 1.80549020179e-10, 6.50836218252e-10, 2.41159137104e-09, 1.93780347324e-09, 2.19108717281e-10, 1.81840806301e-10, 3.18686910195e-10, 6.82003009622e-10, 1.58068169664e-10, 1.76033812527e-10, 6.45121386866e-11, 9.89902396165e-11, 3.3580839498e-11, 1.48886302592e-11, 4.15182124791e-12, 4.91961939936e-13]
    },
    "mfcc": {
        "mean": [-696.729125977, 152.365386963, 28.0514564514, 39.2648468018, 13.6260204315, 12.2981033325, 1.22570872307, 6.08792638779, -7.05679321289, 1.79720509052, -5.60561227798, 1.82173645496, -5.10185861588],
        "cov": [[4788.74072266, -1333.859375, -289.967346191, 12.3526554108, -269.224456787, -106.187583923, -155.857315063, -53.5783653259, -37.8672943115, -12.4935598373, 127.691772461, 83.1557312012, 45.714138031], [-1333.859375, 1593.33068848, -86.501701355, -152.695541382, 130.708221436, -30.0484275818, 53.3771133423, 116.516059875, 62.8979034424, 3.97363853455, 8.08687877655, -14.0550365448, -30.4066104889], [-289.967346191, -86.501701355, 442.122528076, 110.112449646, 4.75869321823, 44.1718826294, 0.291326403618, -26.0154457092, -12.6783905029, -23.2247581482, 25.426607132, 0.230301558971, 28.3265724182], [12.3526554108, -152.695541382, 110.112449646, 236.412231445, 71.9297637939, 44.2870101929, 13.6189002991, -2.04097366333, -8.32151126862, 5.63061714172, -11.0416030884, 9.87568283081, 12.6649122238], [-269.224456787, 130.708221436, 4.75869321823, 71.9297637939, 163.718551636, 42.6566467285, 25.3636741638, 22.1107902527, 14.0664634705, 17.819694519, -12.8373003006, -2.65805625916, -3.57542705536], [-106.187583923, -30.0484275818, 44.1718826294, 44.2870101929, 42.6566467285, 125.830070496, 39.3131027222, 6.86534929276, 6.80677890778, 20.294090271, -4.27983903885, 7.59902095795, -9.72919368744], [-155.857315063, 53.3771133423, 0.291326403618, 13.6189002991, 25.3636741638, 39.3131027222, 122.844909668, 41.530216217, 6.97208452225, 21.5802307129, -10.7201900482, 0.0515010356903, 9.67545413971], [-53.5783653259, 116.516059875, -26.0154457092, -2.04097366333, 22.1107902527, 6.86534929276, 41.530216217, 99.7380142212, 18.7405185699, 17.6762561798, -11.5403366089, 5.86584758759, 2.82023429871], [-37.8672943115, 62.8979034424, -12.6783905029, -8.32151126862, 14.0664634705, 6.80677890778, 6.97208452225, 18.7405185699, 75.4824905396, 10.1558971405, -1.23802947998, 4.65756797791, 0.409688353539], [-12.4935598373, 3.97363853455, -23.2247581482, 5.63061714172, 17.819694519, 20.294090271, 21.5802307129, 17.6762561798, 10.1558971405, 83.5858612061, 6.81496906281, -2.40970897675, -2.42687964439], [127.691772461, 8.08687877655, 25.426607132, -11.0416030884, -12.8373003006, -4.27983903885, -10.7201900482, -11.5403366089, -1.23802947998, 6.81496906281, 81.8447875977, 9.90876865387, 0.546550273895], [83.1557312012, -14.0550365448, 0.230301558971, 9.87568283081, -2.65805625916, 7.59902095795, 0.0515010356903, 5.86584758759, 4.65756797791, -2.40970897675, 9.90876865387, 54.8612861633, 12.3097248077], [45.714138031, -30.4066104889, 28.3265724182, 12.6649122238, -3.57542705536, -9.72919368744, 9.67545413971, 2.82023429871, 0.409688353539, -2.42687964439, 0.546550273895, 12.3097248077, 71.4313812256]],
