{
"lowlevel": {
    "average_loudness": 0.977005243301,
    "barkbands_crest": {
        "dmean": 2.8111717701,
        "dmean2": 4.10694074631,
        "dvar": 7.41861057281,
        "dvar2": 13.0774106979,
        "max": 25.5852546692,
        "mean": 10.1964254379,
        "median": 7.93137741089,
        "min": 2.14594864845,
        "var": 38.4999847412
    },
    "barkbands_flatness_db": {
        "dmean": 0.0206213630736,
        "dmean2": 0.0279876310378,
        "dvar": 0.000400278222514,
        "dvar2": 0.000690813409165,
        "max": 0.305186629295,
        "mean": 0.135557293892,
        "median": 0.122560411692,
        "min": 0.0300973728299,
        "var": 0.00222467840649
    },
    "barkbands_kurtosis": {
        "dmean": 2.80100369453,
        "dmean2": 4.33658981323,
        "dvar": 48.7517700195,
        "dvar2": 124.033355713,
        "max": 82.5925521851,
        "mean": 2.50170683861,
        "median": 0.139127731323,
        "min": -1.79678714275,
        "var": 61.8532066345
    },
    "barkbands_skewness": {
        "dmean": 0.595151364803,
        "dmean2": 0.837128400803,
        "dvar": 0.511883616447,
        "dvar2": 1.1421251297,
        "max": 8.36901378632,
        "mean": 1.16800618172,
        "median": 0.833877205849,
        "min": -1.94392073154,
        "var": 1.76954483986
    },
    "barkbands_spread": {
        "dmean": 7.00341939926,
        "dmean2": 10.3509168625,
        "dvar": 41.9645614624,
        "dvar2": 86.1265640259,
        "max": 82.6968994141,
        "mean": 31.6144771576,
        "median": 29.0457382202,
        "min": 2.56709909439,
        "var": 221.630081177
    },
    "dissonance": {
        "dmean": 0.0143184028566,
        "dmean2": 0.0245379749686,
        "dvar": 0.000263473339146,
        "dvar2": 0.000603154418059,
        "max": 0.499999970198,
        "mean": 0.480171352625,
        "median": 0.484653860331,
        "min": 0.155953869224,
        "var": 0.000337775214575
    },
    "dynamic_complexity": 1.39790248871,
    "erbbands_crest": {
        "dmean": 2.63612794876,
        "dmean2": 4.25619792938,
        "dvar": 5.09784698486,
        "dvar2": 12.9585981369,
        "max": 25.3317718506,
        "mean": 8.01570892334,
        "median": 7.51274633408,
        "min": 2.50287389755,
        "var": 11.239733696
    },
    "erbbands_flatness_db": {
        "dmean": 0.0159723032266,
        "dmean2": 0.0243107806891,
        "dvar": 0.00020119464898,
        "dvar2": 0.000483440759126,
        "max": 0.273419857025,
        "mean": 0.169624954462,
        "median": 0.166125014424,
        "min": 0.0967643707991,
        "var": 0.000964557752013
    },
    "erbbands_kurtosis": {
        "dmean": 0.766153275967,
        "dmean2": 1.20366156101,
        "dvar": 0.728162407875,
        "dvar2": 1.75961947441,
        "max": 8.90525245667,
        "mean": 0.140708699822,
        "median": -0.237109422684,
        "min": -1.57042551041,
        "var": 1.59557151794
    },
    "erbbands_skewness": {
        "dmean": 0.349962115288,
        "dmean2": 0.533326506615,
        "dvar": 0.083176843822,
        "dvar2": 0.197584167123,
        "max": 2.66646695137,
        "mean": 0.0352518334985,
        "median": 0.0131243206561,
        "min": -1.87873220444,
        "var": 0.403904139996
    },
    "erbbands_spread": {
        "dmean": 9.09945011139,
        "dmean2": 14.1462440491,
        "dvar": 77.3327102661,
        "dvar2": 190.496078491,
        "max": 108.929214478,
        "mean": 41.4407234192,
        "median": 38.9930267334,
        "min": 8.77176094055,
        "var": 267.758178711
    },
    "hfc": {
        "dmean": 10.2138557434,
        "dmean2": 14.6515388489,
        "dvar": 103.30745697,
        "dvar2": 213.17300415,
        "max": 138.051483154,
        "mean": 32.5067329407,
        "median": 29.4722270966,
        "min": 1.16480715124e-16,
        "var": 375.659240723
    },
    "melbands_crest": {
        "dmean": 3.55656504631,
        "dmean2": 5.36615085602,
        "dvar": 10.7020330429,
        "dvar2": 21.0565834045,
        "max": 33.4054412842,
        "mean": 14.2548303604,
        "median": 11.6765546799,
        "min": 1.09195899963,
        "var": 59.604347229
    },
    "melbands_flatness_db": {
        "dmean": 0.0260492060333,
        "dmean2": 0.0340952426195,
        "dvar": 0.000677468022332,
        "dvar2": 0.00106117024552,
        "max": 0.372959166765,
        "mean": 0.144889876246,
        "median": 0.125388130546,
        "min": 0.000723100383766,
        "var": 0.00509641412646
    },
    "melbands_kurtosis": {
        "dmean": 9.1219625473,
        "dmean2": 13.8101854324,
        "dvar": 371.624694824,
        "dvar2": 873.38885498,
        "max": 244.683334351,
        "mean": 13.2317228317,
        "median": 4.52273511887,
        "min": -1.21930837631,
        "var": 642.574829102
    },
    "melbands_skewness": {
        "dmean": 0.911097407341,
        "dmean2": 1.29337000847,
        "dvar": 1.16742348671,
        "dvar2": 2.48465275764,
        "max": 13.6279573441,
        "mean": 2.57518076897,
        "median": 1.94324231148,
        "min": -0.57134270668,
        "var": 4.39855051041
    },
    "melbands_spread": {
        "dmean": 10.2234210968,
        "dmean2": 14.6781215668,
        "dvar": 109.179252625,
        "dvar2": 236.180938721,
        "max": 146.208343506,
        "mean": 36.6818847656,
        "median": 33.1463813782,
        "min": 1.53414916992,
        "var": 506.666381836
    },
    "pitch_salience": {
        "dmean": 0.078615680337,
        "dmean2": 0.115311682224,
        "dvar": 0.00538727547973,
        "dvar2": 0.0102473199368,
        "max": 0.996077597141,
        "mean": 0.55380666256,
        "median": 0.611418247223,
        "min": 0.1111613065,
        "var": 0.0319359190762
    },
    "silence_rate_20dB": {
        "dmean": 0,
        "dmean2": 0,
        "dvar": 0,
        "dvar2": 0,
        "max": 1,
        "mean": 1,
        "median": 1,
        "min": 1,
        "var": 0
    },
    "silence_rate_30dB": {
        "dmean": 0.00464396271855,
        "dmean2": 0.00929511990398,
        "dvar": 0.00462232483551,
        "dvar2": 0.0123073440045,
        "max": 1,
        "mean": 0.996906399727,
        "median": 1,
        "min": 0,
        "var": 0.0030839855317
    },
    "silence_rate_60dB": {
        "dmean": 0.000773993786424,
        "dmean2": 0.00154918665066,
        "dvar": 0.000773391744588,
        "dvar2": 0.00154677091632,
        "max": 1,
        "mean": 0.00386697612703,
        "median": 0,
        "min": 0,
        "var": 0.00385185191408
    },
    "spectral_centroid": {
        "dmean": 262.975799561,
        "dmean2": 402.286346436,
        "dvar": 95064.5859375,
        "dvar2": 156106.296875,
        "max": 11158.0751953,
        "mean": 1985.83569336,
        "median": 1945.47705078,
        "min": 448.912658691,
        "var": 349734.75
    },
    "spectral_complexity": {
        "dmean": 5.53405570984,
        "dmean2": 8.02711105347,
        "dvar": 20.990398407,
        "dvar2": 42.6769638062,
        "max": 59,
        "mean": 28.0386695862,
        "median": 28,
        "min": 0,
        "var": 81.4028930664
    },
    "spectral_decrease": {
        "dmean": 2.69867173053e-09,
        "dmean2": 3.88664567197e-09,
        "dvar": 7.8737568886e-18,
        "dvar2": 1.48100617172e-17,
        "max": -3.99978755854e-29,
        "mean": -8.02786814802e-09,
        "median": -6.26146112737e-09,
        "min": -3.23127480328e-08,
        "var": 3.0836363485e-17
    },
    "spectral_energy": {
        "dmean": 0.010809074156,
        "dmean2": 0.0156935974956,
        "dvar": 0.000118584583106,
        "dvar2": 0.000225781754125,
        "max": 0.125102862716,
        "mean": 0.0332474894822,
        "median": 0.0269259680063,
        "min": 1.07161046408e-20,
        "var": 0.000446499994723
    },
    "spectral_energyband_high": {
        "dmean": 0.00065533380257,
        "dmean2": 0.000937629840337,
        "dvar": 7.62489605677e-07,
        "dvar2": 1.53989424234e-06,
        "max": 0.0125506492332,
        "mean": 0.00191170105245,
        "median": 0.00126299448311,
        "min": 7.7662679087e-21,
        "var": 3.3638482364e-06
    },
    "spectral_energyband_low": {
        "dmean": 0.00694813579321,
        "dmean2": 0.00922748539597,
        "dvar": 0.000123912250274,
        "dvar2": 0.000216207932681,
        "max": 0.110739640892,
        "mean": 0.0146884154528,
        "median": 0.00430279038846,
        "min": 1.08885284301e-22,
        "var": 0.000485264376039
    },
    "spectral_energyband_middle_high": {
        "dmean": 0.00364312180318,
        "dmean2": 0.00543116545305,
        "dvar": 1.21706852951e-05,
        "dvar2": 2.57232586591e-05,
        "max": 0.0447058752179,
        "mean": 0.00845135282725,
        "median": 0.00699822744355,
        "min": 1.61490676976e-21,
        "var": 3.81997451768e-05
    },
    "spectral_energyband_middle_low": {
        "dmean": 0.00480730552226,
        "dmean2": 0.00768905552104,
        "dvar": 3.51167182089e-05,
        "dvar2": 8.41872679302e-05,
        "max": 0.0591979660094,
        "mean": 0.00884548109025,
        "median": 0.00678186956793,
        "min": 2.76784230558e-22,
        "var": 5.39570428373e-05
    },
    "spectral_entropy": {
        "dmean": 0.104612663388,
        "dmean2": 0.149018600583,
        "dvar": 0.00804839096963,
        "dvar2": 0.0148941427469,
        "max": 9.80759811401,
        "mean": 7.88287878036,
        "median": 7.89361143112,
        "min": 7.1407494545,
        "var": 0.0552503243089
    },
    "spectral_flux": {
        "dmean": 0.0250379964709,
        "dmean2": 0.035809263587,
        "dvar": 0.000552346522454,
        "dvar2": 0.0011017882498,
        "max": 0.275563776493,
        "mean": 0.114278048277,
        "median": 0.107217058539,
        "min": 1.03518617289e-10,
        "var": 0.00174466660246
    },
    "spectral_kurtosis": {
        "dmean": 0.903130054474,
        "dmean2": 1.54357135296,
        "dvar": 0.877173244953,
        "dvar2": 2.60454678535,
        "max": 12.7026567459,
        "mean": 1.61515879631,
        "median": 1.37609148026,
        "min": -1.22164571285,
        "var": 1.57512068748
    },
    "spectral_rms": {
        "dmean": 0.00093307858333,
        "dmean2": 0.00135633582249,
        "dvar": 7.07012020484e-07,
        "dvar2": 1.30213493321e-06,
        "max": 0.0110476957634,
        "mean": 0.00542855774984,
        "median": 0.00512535264716,
        "min": 3.23337840877e-12,
        "var": 2.96731468552e-06
    },
    "spectral_rolloff": {
        "dmean": 661.645996094,
        "dmean2": 1001.8861084,
        "dvar": 581987.4375,
        "dvar2": 1078146.5,
        "max": 18583.1542969,
        "mean": 2390.85620117,
        "median": 2067.1875,
        "min": 64.599609375,
        "var": 3515542
    },
    "spectral_skewness": {
        "dmean": 0.135716602206,
        "dmean2": 0.224688634276,
        "dvar": 0.0161913558841,
        "dvar2": 0.0432441420853,
        "max": 2.85621404648,
        "mean": 0.991237461567,
        "median": 1.00000941753,
        "min": -0.0263612065464,
        "var": 0.0572862438858
    },
    "spectral_spread": {
        "dmean": 427989.34375,
        "dmean2": 620845.375,
        "dvar": 1.08721654989e+12,
        "dvar2": 1.19462192742e+12,
        "max": 41682220,
        "mean": 4434850.5,
        "median": 4283848.5,
        "min": 2631087.75,
        "var": 1.97137124557e+12
    },
    "spectral_strongpeak": {
        "dmean": 0.523806810379,
        "dmean2": 0.853632092476,
        "dvar": 0.551125109196,
        "dvar2": 1.33342587948,
        "max": 9.49151515961,
        "mean": 0.907363176346,
        "median": 0.550027668476,
        "min": 0,
        "var": 1.11352610588
    },
    "zerocrossingrate": {
        "dmean": 0.0127126974985,
        "dmean2": 0.0135474409908,
        "dvar": 0.000253151723882,
        "dvar2": 0.000418411538703,
        "max": 0.5107421875,
        "mean": 0.0838759914041,
        "median": 0.0810546875,
        "min": 0.001953125,
        "var": 0.00238125165924
    },
    "barkbands": {
        "dmean": [0.000662312842906, 0.00649334769696, 0.00244046002626, 0.00116107868962, 0.0020365526434, 0.00106066977605, 0.000471444334835, 0.000585191126447, 0.00128366576973, 0.00118738343008, 0.000860114872921, 0.00100329052657, 0.00078150437912, 0.000676199095324, 0.000523597351275, 0.000415351096308, 0.000392064277548, 0.000503681600094, 0.000365250161849, 0.000177152644028, 0.000183812851901, 0.000152303065988, 0.000219149602344, 0.000169360253494, 4.51122359664e-05, 4.58868640862e-08, 5.32012922605e-09],
        "dmean2": [0.00112294277642, 0.00872583780438, 0.00401970325038, 0.00205031665973, 0.00360394408926, 0.00171228533145, 0.000760328723118, 0.000941213103943, 0.00200232444331, 0.00190337805543, 0.00138841045555, 0.0016129212454, 0.00128662225325, 0.001114365994, 0.000882273656316, 0.000704130507074, 0.000641085964162, 0.000811257050373, 0.000577970931772, 0.000277018669294, 0.000281090760836, 0.000232313162996, 0.000343594612787, 0.000244533119258, 7.15336791473e-05, 7.42938368603e-08, 8.42998737483e-09],
        "dvar": [1.02331648577e-06, 0.0001385332871, 4.12646113546e-05, 9.62011563388e-06, 1.40574347824e-05, 2.14360261452e-06, 4.0311837779e-07, 7.56892859499e-07, 4.42527561972e-06, 2.6719815196e-06, 1.55410793923e-06, 2.19294111048e-06, 1.51144979554e-06, 1.80176368758e-06, 1.0181424841e-06, 5.51714663288e-07, 3.05707231973e-07, 7.31569912205e-07, 2.9192071338e-07, 4.42643255383e-08, 7.29655269538e-08, 4.17275209941e-08, 9.29597021582e-08, 6.88602384002e-08, 6.89157975131e-09, 1.85672010671e-14, 1.07492021604e-14],
        "dvar2": [2.77871095022e-06, 0.000224325267482, 0.000102853380668, 2.66566112259e-05, 3.97189833166e-05, 5.32684589416e-06, 1.02053490991e-06, 1.75118043444e-06, 1.03765260064e-05, 6.26985638519e-06, 3.72814224647e-06, 5.11286953042e-06, 3.7169877487e-06, 4.33203695138e-06, 2.66355345957e-06, 1.39672908972e-06, 7.59648287385e-07, 1.76050298251e-06, 6.20283628905e-07, 1.05494599723e-07, 1.61022967404e-07, 8.58495283751e-08, 2.2656358567e-07, 1.40822891126e-07, 1.88918871658e-08, 4.79984365513e-14, 2.69964172545e-14],
        "max": [0.00972164608538, 0.109831631184, 0.0430032089353, 0.025026159361, 0.0388922095299, 0.0236395914108, 0.00807514600456, 0.0133033394814, 0.0298948697746, 0.0283369254321, 0.00978451874107, 0.0168468933553, 0.010286343284, 0.0301392264664, 0.00895634666085, 0.00954990182072, 0.00622138753533, 0.0101119810715, 0.00718504423276, 0.00247548613697, 0.00308260275051, 0.0030103889294, 0.00375102693215, 0.00417894357815, 0.00131538789719, 2.50184325523e-06, 2.66515189651e-06],
        "mean": [0.000729018705897, 0.0115348277614, 0.00214724382386, 0.000986167578958, 0.00209685694426, 0.00163170776796, 0.000648226647172, 0.000865356530994, 0.00180001510307, 0.00144883571193, 0.000954338931479, 0.00121180992573, 0.000900190731045, 0.000767643447034, 0.00060238444712, 0.000528832431883, 0.000618517457042, 0.000862957036588, 0.000800711393822, 0.000349244277459, 0.000398910226068, 0.000376158714062, 0.000478111353004, 0.000424370868132, 8.49844509503e-05, 6.93707278288e-08, 3.14150305769e-09],
        "median": [0.000318905891618, 0.00234162760898, 0.000429619685747, 0.000288462382741, 0.0011081652483, 0.000845798058435, 0.000356866308721, 0.000367473025108, 0.000624792475719, 0.000740286079235, 0.00040842872113, 0.000536128878593, 0.000322639330989, 0.000286607071757, 0.000274201156572, 0.000254051294178, 0.000362432503607, 0.000442829274107, 0.000423611345468, 0.000253977021202, 0.000219715642743, 0.000248703290708, 0.000301193824271, 0.000229657496675, 2.86101421807e-05, 1.99190868244e-08, 4.91820917325e-10],
        "min": [1.87236656502e-23, 6.83016345233e-23, 3.04877763581e-23, 2.07181726536e-23, 6.78825916104e-23, 1.28280237449e-23, 6.29194637589e-23, 2.65091153619e-23, 5.25098919119e-23, 8.0442632995e-23, 2.72025935173e-23, 1.08276725444e-22, 1.53090032825e-22, 1.08349262782e-22, 1.01453608728e-22, 1.31288252433e-22, 1.07247874119e-22, 3.32977153108e-22, 3.55173704741e-22, 2.53201530408e-22, 5.15957491664e-22, 4.64812698305e-22, 5.68923809029e-22, 1.07067604887e-21, 1.20863689074e-21, 1.86097825976e-21, 2.15139539516e-21],
        "var": [1.16474348033e-06, 0.000407507090131, 3.47224959114e-05, 6.47765045869e-06, 1.05513081508e-05, 5.70048177906e-06, 6.42693180453e-07, 1.86923602996e-06, 9.61291334534e-06, 4.80816470372e-06, 1.84042107776e-06, 3.330829486e-06, 2.0959619178e-06, 2.47721982305e-06, 9.8835710105e-07, 6.95267260653e-07, 4.95554843383e-07, 1.42341821174e-06, 9.81207449513e-07, 1.01135157138e-07, 2.05511355489e-07, 1.38769678415e-07, 2.60394585894e-07, 2.47011826104e-07, 1.94999021375e-08, 2.13681018545e-14, 5.48880865008e-15]
    },
    "erbbands": {
        "dmean": [0.212046340108, 1.51825582981, 2.65037059784, 3.2010679245, 5.44539546967, 7.30398845673, 7.38486766815, 9.45249271393, 6.70735168457, 10.6038551331, 13.4865350723, 26.4841003418, 44.9319648743, 29.9872646332, 37.0171928406, 40.9654083252, 37.7983093262, 35.1009368896, 28.4974746704, 22.986207962, 21.8466682434, 20.4270458221, 29.1938591003, 18.4925746918, 15.5669441223, 8.07831764221, 8.04151630402, 6.71041154861, 5.57349491119, 5.85705471039, 6.81615209579, 4.26985454559, 2.47393941879, 0.94468665123, 0.0522728376091, 0.00239348807372, 0.000146727063111, 2.37779204326e-05, 9.84784583125e-06, 1.35737236633e-05],
        "dmean2": [0.284367650747, 2.02635455132, 4.0857462883, 5.29578018188, 9.54686546326, 13.0037956238, 12.4033164978, 15.5053329468, 10.8576860428, 17.0062961578, 21.5588169098, 40.9691886902, 72.6200866699, 48.3859329224, 59.4295005798, 66.1058807373, 61.1146469116, 57.7570724487, 47.213973999, 38.0843849182, 35.6588172913, 32.8652496338, 45.9251441956, 29.1468677521, 24.485748291, 12.6218929291, 12.3093032837, 10.3276538849, 8.4838476181, 9.05032253265, 10.834446907, 6.31139612198, 3.71162104607, 1.4510692358, 0.0831849053502, 0.00377302221023, 0.000221980255446, 3.49067813659e-05, 1.45292251545e-05, 1.98672933038e-05],
        "dvar": [0.146665528417, 7.79571008682, 41.9581604004, 66.5350723267, 123.091827393, 167.603210449, 102.86190033, 198.173538208, 85.6237182617, 231.966384888, 422.777374268, 2275.11523438, 4500.36669922, 1858.625, 2899.5871582, 3469.48339844, 3377.28881836, 4979.90283203, 2920.97753906, 1716.73852539, 1295.65063477, 809.751220703, 2822.13110352, 875.703674316, 435.580505371, 96.1829376221, 143.758758545, 100.209655762, 58.1253852844, 66.9815139771, 95.3243865967, 40.8471183777, 14.1149787903, 2.92003417015, 0.0161063950509, 3.05488429149e-05, 9.28121011157e-08, 5.02786301482e-09, 3.17305431929e-10, 1.7157057719e-10],
        "dvar2": [0.237945750356, 12.7017526627, 94.9164733887, 170.901977539, 339.319335938, 473.421875, 264.901397705, 491.946899414, 210.05581665, 551.020446777, 954.821716309, 4986.31298828, 11160.1025391, 4574.06591797, 7031.56689453, 7961.33544922, 8308.84863281, 12145.7597656, 7461.51904297, 4328.45068359, 3195.46875, 2033.93603516, 6690.6171875, 1930.16381836, 948.531738281, 218.89352417, 332.293273926, 215.459716797, 123.260154724, 159.460403442, 232.402297974, 86.6814193726, 30.04920578, 7.59630918503, 0.0430041626096, 8.11926074675e-05, 2.32106771136e-07, 1.22832384264e-08, 7.39237782099e-10, 3.44604428326e-10],
        "max": [3.59327530861, 24.3334026337, 46.7958717346, 63.2524604797, 82.0168838501, 144.014892578, 93.9020996094, 258.581390381, 107.692832947, 184.923858643, 363.365386963, 827.801818848, 1006.34234619, 328.863006592, 414.321502686, 827.786376953, 442.851806641, 1783.4473877, 483.551696777, 342.155303955, 433.24621582, 337.869995117, 632.453613281, 386.991851807, 316.779663086, 124.020339966, 144.315124512, 127.467514038, 121.375694275, 110.245605469, 116.905334473, 99.9561309814, 58.5204963684, 28.5684356689, 2.11284327507, 0.0890674516559, 0.00468781217933, 0.00166487693787, 0.000412385648815, 0.000144231787999],
        "mean": [0.343777924776, 2.50821089745, 3.06046009064, 3.08487796783, 4.99465656281, 7.11563253403, 9.64299297333, 13.9340677261, 9.89072418213, 15.4224910736, 20.2060012817, 39.6224937439, 57.1251831055, 34.7695999146, 43.0574531555, 49.338394165, 43.5059165955, 41.7653045654, 33.9909095764, 29.268611908, 31.5678691864, 35.3710327148, 50.9074325562, 38.2246322632, 34.6996269226, 17.3775463104, 16.6522464752, 14.0837726593, 13.1031274796, 14.142952919, 13.884226799, 10.3028011322, 6.07553768158, 1.93799304962, 0.0824771374464, 0.0040381080471, 0.000319895974826, 5.74013865844e-05, 3.16923360515e-05, 4.46047160949e-05],
        "median": [0.0513595789671, 0.527700543404, 0.799760937691, 0.993354380131, 2.00704526901, 3.55791354179, 5.01998567581, 6.66789150238, 6.04505634308, 7.12087631226, 9.11159610748, 14.0180521011, 26.8725185394, 18.174287796, 18.3208637238, 24.0494880676, 16.8205051422, 15.6785116196, 15.0804958344, 14.3545560837, 17.4106235504, 22.2713794708, 25.1921672821, 19.8828105927, 20.7693042755, 13.1116800308, 8.71528720856, 8.29558753967, 8.14684391022, 9.26152992249, 8.46809482574, 5.64807271957, 3.13869738579, 0.715231835842, 0.0210562571883, 0.00119308091234, 0.000141414260725, 3.10131290462e-05, 2.86246067844e-05, 4.02110053983e-05],
        "min": [1.4838803308e-21, 1.62436607282e-20, 4.66946137661e-20, 3.87752124309e-20, 2.11348200799e-19, 1.8605844604e-19, 7.86779625096e-20, 1.24926063535e-19, 4.05382839293e-19, 1.14588399679e-18, 7.70823660046e-19, 1.30139570971e-18, 2.35995207788e-18, 1.8272177781e-18, 1.90071691143e-18, 4.93023426524e-18, 7.15077869935e-18, 4.79612802202e-18, 5.95343765782e-18, 5.14997975805e-18, 7.52486782266e-18, 6.94043411421e-18, 1.85499834946e-17, 1.22454899712e-17, 2.26012312391e-17, 1.06813327919e-17, 1.61581527031e-17, 1.88823363929e-17, 1.76090059908e-17, 1.77596736306e-17, 1.4970648907e-17, 2.08319977879e-17, 1.83343689417e-17, 1.20180351551e-17, 9.93648394724e-18, 6.01352364392e-18, 3.61643818758e-18, 1.54293648108e-18, 2.66436969104e-19, 3.27941893078e-20],
        "var": [0.41101783514, 20.4168720245, 48.077747345, 54.2497024536, 92.0022735596, 124.229797363, 174.574127197, 521.223876953, 136.749908447, 498.416656494, 1060.40991211, 5501.8359375, 8332.07421875, 2092.15527344, 3714.23657227, 5163.65869141, 4317.46044922, 7073.20019531, 3115.31542969, 1879.57043457, 1821.22473145, 1426.70166016, 5331.80615234, 2503.07714844, 1411.68017578, 224.992828369, 383.334289551, 245.710998535, 179.784225464, 218.311584473, 217.958435059, 134.029067993, 54.876789093, 9.12464046478, 0.0295401122421, 6.06294997851e-05, 2.10698246406e-07, 6.28674934333e-09, 4.64306010306e-10, 5.69300495634e-10]
    },
    "gfcc": {
        "mean": [17.3309745789, 96.9091644287, -157.351455688, 63.9591598511, -79.7821502686, 32.4104957581, -31.6643466949, 4.78336191177, -4.96112060547, -20.6926612854, 10.2265853882, -13.449839592, 6.21146678925],
        "cov": [[5425.890625, 156.142059326, -515.088195801, 173.337677002, -536.694641113, 19.1747932434, -310.812072754, -20.9132823944, -179.702880859, -123.108459473, -39.6064605713, -31.1082267761, -25.7559528351], [156.142059326, 683.046813965, 39.3635101318, 63.6869735718, 220.473922729, 15.4924373627, 219.811538696, -25.7846240997, 118.90335083, -71.6005249023, 65.3706588745, -54.0498313904, 26.8277893066], [-515.088195801, 39.3635101318, 578.156677246, 268.773254395, 153.075195312, 92.0051193237, 69.7254638672, 102.863464355, -4.69247436523, 64.6726989746, -24.3704566956, 21.0270938873, 76.5431137085], [173.337677002, 63.6869735718, 268.773254395, 301.293395996, 154.657623291, 48.4864425659, 39.099811554, 56.2950057983, 15.8059577942, 32.3783149719, 17.4210700989, 16.6578884125, 60.4740524292], [-536.694641113, 220.473922729, 153.075195312, 154.657623291, 359.970611572, 115.395706177, 173.227920532, 8.51840686798, 83.6305847168, 36.1819458008, 52.3134613037, -9.73212718964, 60.4231987], [19.1747932434, 15.4924373627, 92.0051193237, 48.4864425659, 115.395706177, 198.033538818, 93.6123809814, 13.846777916, -13.4316663742, 52.1125450134, -0.704097688198, -9.54119777679, 40.0928573608], [-310.812072754, 219.811538696, 69.7254638672, 39.099811554, 173.227920532, 93.6123809814, 269.829071045, 80.508026123, 68.9917678833, 1.20506739616, 38.6222686768, -11.962928772, 34.7604446411], [-20.9132823944, -25.7846240997, 102.863464355, 56.2950057983, 8.51840686798, 13.846777916, 80.508026123, 155.74546814, 37.8378677368, 4.50860595703, -9.91989135742, 16.1617507935, 28.3800888062], [-179.702880859, 118.90335083, -4.69247436523, 15.8059577942, 83.6305847168, -13.4316663742, 68.9917678833, 37.8378677368, 141.793914795, 25.920665741, 24.4543972015, 1.38165318966, 17.0976753235], [-123.108459473, -71.6005249023, 64.6726989746, 32.3783149719, 36.1819458008, 52.1125450134, 1.20506739616, 4.50860595703, 25.920665741, 111.937889099, 19.1387062073, -3.76082158089, 14.813747406], [-39.6064605713, 65.3706588745, -24.3704566956, 17.4210700989, 52.3134613037, -0.704097688198, 38.6222686768, -9.91989135742, 24.4543972015, 19.1387062073, 90.1981735229, 32.1031570435, 3.29338097572], [-31.1082267761, -54.0498313904, 21.0270938873, 16.6578884125, -9.73212718964, -9.54119777679, -11.962928772, 16.1617507935, 1.38165318966, -3.76082158089, 32.1031570435, 73.9888381958, 30.0785655975], [-25.7559528351, 26.8277893066, 76.5431137085, 60.4740524292, 60.4231987, 40.0928573608, 34.7604446411, 28.3800888062, 17.0976753235, 14.813747406, 3.29338097572, 30.0785655975, 78.7057342529]],
        "icov": [[0.000772422587033, -0.00139685219619, 0.00182560062967, -0.00252585089765, 0.00206810422242, -0.00177449791227, 0.00123082997743, -0.00113565695938, 0.000792965409346, -0.000488828693051, 0.000523868715391, -0.000487775920192, 0.00016058680194], [-0.00139685219619, 0.00744242407382, -0.00484747346491, 0.00431811297312, -0.00286423997022, 0.00311920372769, -0.00472104735672, 0.00560982013121, -0.00566579308361, 0.00732153374702, -0.00663848919794, 0.00825575459749, -0.00394980749115], [0.00182560062967, -0.00484747346491, 0.00871245097369, -0.00864156894386, 0.00373670831323, -0.00376595393755, 0.00286713195965, -0.00490232976153, 0.00475889118388, -0.00549883954227, 0.00615910394117, -0.00554914958775, 0.00183173536789], [-0.00252585089765, 0.00431811297312, -0.00864156894386, 0.0159544814378, -0.00959453079849, 0.00616429653019, -0.00126996496692, 0.00119792530313, -0.00166126305703, 0.00219986843877, -0.004443814978, 0.00327989039943, -0.00291908998042], [0.00206810422242, -0.00286423997022, 0.00373670831323, -0.00959453079849, 0.0138613525778, -0.00732648791745, -0.000210289857932, 0.00139892159496, -0.00246336986311, 0.00135506375227, -0.00247217458673, 0.00264063943177, -0.00255548767745], [-0.00177449791227, 0.00311920372769, -0.00376595393755, 0.00616429653019, -0.00732648791745, 0.0142816165462, -0.00642890669405, 0.00298617454246, 0.00307165831327, -0.00468306988478, 0.00241751782596, 8.31445431686e-05, -0.00252448767424], [0.00123082997743, -0.00472104735672, 0.00286713195965, -0.00126996496692, -0.000210289857932, -0.00642890669405, 0.0134498141706, -0.00909062847495, 0.0014491986949, 0.000381891673896, -0.00245566829108, 0.000735156587325, 0.000408711872296], [-0.00113565695938, 0.00560982013121, -0.00490232976153, 0.00119792530313, 0.00139892159496, 0.00298617454246, -0.00909062847495, 0.0162279624492, -0.00724110659212, 0.0047571817413, -0.00100201216992, 0.00234886072576, -0.00304650049657], [0.000792965409346, -0.00566579308361, 0.00475889118388, -0.00166126305703, -0.00246336986311, 0.00307165831327, 0.0014491986949, -0.00724110659212, 0.016830643639, -0.0108944959939, 0.00639902567491, -0.00738872075453, 0.00208675977774], [-0.000488828693051, 0.00732153374702, -0.00549883954227, 0.00219986843877, 0.00135506375227, -0.00468306988478, 0.000381891673896, 0.0047571817413, -0.0108944959939, 0.0237637404352, -0.0153202218935, 0.0157147739083, -0.00700753415003], [0.000523868715391, -0.00663848919794, 0.00615910394117, -0.004443814978, -0.00247217458673, 0.00241751782596, -0.00245566829108, -0.00100201216992, 0.00639902567491, -0.0153202218935, 0.0308824703097, -0.0245687067509, 0.0115615623072], [-0.000487775920192, 0.00825575459749, -0.00554914958775, 0.00327989039943, 0.00264063943177, 8.31445431686e-05, 0.000735156587325, 0.00234886072576, -0.00738872075453, 0.0157147739083, -0.0245687067509, 0.0393421128392, -0.0186981968582], [0.00016058680194, -0.00394980749115, 0.00183173536789, -0.00291908998042, -0.00255548767745, -0.00252448767424, 0.000408711872296, -0.00304650049657, 0.00208675977774, -0.00700753415003, 0.0115615623072, -0.0186981968582, 0.0262594353408]]
    },
    "melbands": {
        "dmean": [0.00185878400225, 0.00138257164508, 0.000544486974832, 0.00047709629871, 0.00026172111393, 0.000206285607419, 0.000101157856989, 0.000120442542539, 0.000126933344291, 0.000179084789124, 0.000223532231757, 0.000118958414532, 0.000116183779028, 0.000115143615403, 9.63241473073e-05, 7.96051390353e-05, 6.66168125463e-05, 4.86546487082e-05, 3.8947116991e-05, 3.11152034556e-05, 2.67265331786e-05, 2.2935857487e-05, 2.60703000095e-05, 2.67695177172e-05, 1.556924326e-05, 1.53757355292e-05, 8.16539977677e-06, 5.14917564942e-06, 5.63108551432e-06, 4.6088880481e-06, 3.93327172787e-06, 3.49338915839e-06, 3.37811275131e-06, 3.61655884262e-06, 4.28686917076e-06, 3.51723315362e-06, 2.53798430094e-06, 1.9699762106e-06, 1.41573923429e-06, 6.24212816547e-07],
        "dmean2": [0.0024696229957, 0.00195217737928, 0.000870543706696, 0.000858490995597, 0.000440675939899, 0.000333768344717, 0.000163373420946, 0.000193640837097, 0.000202312294277, 0.000278053281363, 0.000361976184649, 0.000193228799617, 0.000187052923138, 0.000186060889973, 0.000156282971147, 0.000132919260068, 0.00011042044207, 8.08609984233e-05, 6.53540773783e-05, 5.33232960152e-05, 4.38588103862e-05, 3.70495035895e-05, 4.26760670962e-05, 4.22882367275e-05, 2.54200422205e-05, 2.4706198019e-05, 1.30075795823e-05, 8.13692167867e-06, 8.58929615788e-06, 7.34370587452e-06, 6.1245013967e-06, 5.46801629753e-06, 5.29116005055e-06, 5.73181887376e-06, 6.93785159456e-06, 5.43890519111e-06, 3.78350591745e-06, 3.05803519041e-06, 2.16242142415e-06, 9.97128836389e-07],
        "dvar": [1.0836306501e-05, 7.575707059e-06, 1.5511240008e-06, 8.91668662462e-07, 1.15309489956e-07, 8.61715960809e-08, 1.80322512477e-08, 3.03185956341e-08, 4.4736545135e-08, 8.63638831561e-08, 1.11487501897e-07, 2.95024964458e-08, 2.82781815741e-08, 3.13075467773e-08, 1.91717717257e-08, 1.79076469209e-08, 1.84003283721e-08, 8.65643556835e-09, 5.70045433079e-09, 3.644405e-09, 1.79388304211e-09, 1.06240349851e-09, 1.50268164578e-09, 3.07974112879e-09, 6.84262035922e-10, 5.4022908369e-10, 1.06856759552e-10, 4.2354415114e-11, 8.06711641932e-11, 5.08443322167e-11, 3.36105587806e-11, 2.63079003027e-11, 2.01723620447e-11, 3.37655632621e-11, 3.72733961751e-11, 2.9601127105e-11, 1.44356367138e-11, 8.26845189539e-12, 5.33306081588e-12, 1.84016430566e-12],
        "dvar2": [1.70385756064e-05, 1.42401659105e-05, 3.71678925148e-06, 2.50810717262e-06, 3.02061636148e-07, 2.13356955214e-07, 4.463973724e-08, 7.25866939888e-08, 1.04295516223e-07, 1.95088659893e-07, 2.75367142422e-07, 7.28838500663e-08, 6.82780836314e-08, 7.19449388953e-08, 4.56856987796e-08, 4.38522320678e-08, 4.48181225465e-08, 2.18533156016e-08, 1.47572238873e-08, 9.39809297051e-09, 4.46113412877e-09, 2.66244515323e-09, 3.69121200272e-09, 7.18378379005e-09, 1.55844748218e-09, 1.18680965056e-09, 2.69860966906e-10, 9.33002841652e-11, 1.86382201339e-10, 1.17497442331e-10, 7.48724832134e-11, 6.0027240123e-11, 4.38927089119e-11, 8.70783653517e-11, 9.41831473922e-11, 7.06145558693e-11, 3.08348208078e-11, 1.79896427616e-11, 1.19875645868e-11, 4.98471272939e-12],
        "max": [0.0325674451888, 0.0244254954159, 0.00971097685397, 0.00946337822825, 0.00261182361282, 0.00498784519732, 0.00144397257827, 0.00205793743953, 0.003094751155, 0.00466666277498, 0.00517728552222, 0.00126902281772, 0.00121464184485, 0.00224131206051, 0.00131706020329, 0.00121925165877, 0.00341905956157, 0.00105273560621, 0.000703463389073, 0.0007221379783, 0.000390897621401, 0.000369609188056, 0.000624801963568, 0.000669662258588, 0.00036854724749, 0.00032436021138, 0.000160559837241, 7.61343180784e-05, 0.000106377832708, 9.09992886591e-05, 7.29160601622e-05, 7.00685122865e-05, 5.76653510507e-05, 8.51931545185e-05, 6.65375919198e-05, 8.86995039764e-05, 4.80867347505e-05, 3.88844309782e-05, 3.44006366504e-05, 2.10562011489e-05],
        "mean": [0.00323902489617, 0.00225668912753, 0.000575877493247, 0.000455690460512, 0.000331924704369, 0.00030996685382, 0.00014969498443, 0.000175225664862, 0.000178000205779, 0.000260870700004, 0.000277820858173, 0.000131924709422, 0.000132847417262, 0.000140418458614, 0.000108301006549, 9.0499423095e-05, 7.63112911955e-05, 5.5007130868e-05, 4.45290934294e-05, 3.70079578715e-05, 3.69900117221e-05, 3.49109322997e-05, 4.52074564237e-05, 3.9948765334e-05, 2.95795052807e-05, 3.09328352159e-05, 1.70040129888e-05, 9.80596996669e-06, 1.04383552753e-05, 9.14610882319e-06, 7.69624148234e-06, 7.23574476069e-06, 7.61691217122e-06, 7.89154819358e-06, 7.83708219387e-06, 7.55652172302e-06, 5.84090275879e-06, 4.59393231722e-06, 3.13944588015e-06, 1.02188221263e-06],
        "median": [0.000637942925096, 0.00065980310319, 0.000204455980565, 0.000218226647121, 0.000181011593668, 0.000154532535817, 9.14793126867e-05, 7.63577409089e-05, 7.5073352491e-05, 9.47762964643e-05, 0.000123570673168, 6.43219027552e-05, 5.79229672439e-05, 6.07377805864e-05, 4.50655752502e-05, 2.87073507934e-05, 2.76005066553e-05, 2.27004529734e-05, 2.00355498237e-05, 1.71865995071e-05, 2.0746849259e-05, 2.01810034923e-05, 2.59417502093e-05, 1.83302781807e-05, 1.44182640724e-05, 1.67007565324e-05, 1.06745765152e-05, 7.26565622244e-06, 5.09704113938e-06, 5.06815013068e-06, 4.43034377895e-06, 4.27415125159e-06, 5.2640712056e-06, 4.69782571599e-06, 4.69115957458e-06, 4.25573352913e-06, 3.04959439745e-06, 2.38462826019e-06, 1.42100293488e-06, 2.52283967939e-07],
        "min": [1.55815616673e-23, 2.44163352224e-23, 1.14127110399e-23, 1.79933256024e-23, 2.99941758345e-24, 2.66215430292e-24, 8.46493268576e-24, 1.07209707451e-23, 6.13800048578e-24, 8.54542647481e-24, 1.15472993878e-23, 7.49779868229e-24, 4.34828137896e-24, 1.20160279159e-23, 1.39328281759e-23, 1.49038039319e-23, 8.73398710812e-24, 9.97756637178e-24, 8.19706628793e-24, 6.5938015558e-24, 8.79824061772e-24, 5.25209588415e-24, 1.28840731011e-23, 1.86746363673e-23, 8.17330185316e-24, 1.4742231019e-23, 1.43337320211e-23, 5.66087374448e-24, 8.32115805262e-24, 1.44082572885e-23, 1.01920316195e-23, 8.56728659936e-24, 1.1366845878e-23, 1.0244109061e-23, 7.73604887517e-24, 1.1079074153e-23, 1.29227556845e-23, 1.44235769673e-23, 8.81353741953e-24, 1.05554101403e-23],
        "var": [3.27029374603e-05, 1.61086463777e-05, 1.48463698224e-06, 6.26633266165e-07, 1.74884931425e-07, 2.30139207247e-07, 2.97227060742e-08, 6.69307240742e-08, 9.2894424597e-08, 2.19240007482e-07, 2.06171421269e-07, 3.26612941137e-08, 3.5287101241e-08, 4.70853080969e-08, 2.38067503489e-08, 2.45500064722e-08, 2.59898662591e-08, 9.73004343763e-09, 5.75992054053e-09, 3.94875376841e-09, 2.38699127131e-09, 1.6848865636e-09, 2.87828005874e-09, 4.46043646463e-09, 1.84661241853e-09, 1.42732947683e-09, 3.3513489206e-10, 8.78270234317e-11, 1.87291279707e-10, 1.16043320786e-10, 7.48142867102e-11, 6.56416795919e-11, 5.73270771131e-11, 8.69025892913e-11, 7.16265380341e-11, 7.5597222926e-11, 4.56119343684e-11, 3.05763192543e-11, 1.86493112619e-11, 3.97707431224e-12]
    },
    "mfcc": {
        "mean": [-589.950805664, 87.0015640259, -2.0640296936, 16.1163654327, 0.81288933754, 7.99439764023, 0.701884329319, 16.8745613098, -5.06898450851, 5.99594068527, -2.29078912735, 3.92232012749, -3.6009349823],
        "cov": [[2328.34838867, -168.741271973, -19.6835250854, -110.801528931, -159.220230103, -160.14263916, -119.628845215, -59.0244789124, -162.900268555, -101.701156616, -56.1985054016, -66.1720428467, -77.9056167603], [-168.741271973, 617.256164551, -100.141609192, 81.8918838501, 11.7167406082, 107.634819031, 63.1192321777, 118.526222229, 39.623840332, 83.0698471069, 16.6985874176, 37.9671401978, 15.2133731842], [-19.6835250854, -100.141609192, 442.755950928, 160.168624878, 94.5200271606, -10.0843334198, 83.0201721191, -19.3528423309, 114.398208618, -50.5132713318, -8.09860706329, 40.2073707581, -17.6787605286], [-110.801528931, 81.8918838501, 160.168624878, 303.719604492, 140.255981445, 25.2747859955, 60.9942626953, 52.9889144897, 77.2606506348, 9.82552909851, 11.8425712585, 52.4798774719, -12.0868721008], [-159.220230103, 11.7167406082, 94.5200271606, 140.255981445, 207.256607056, 101.939422607, 54.9769325256, -6.52090024948, 57.9198493958, 8.16664218903, 1.78986215591, 21.7799243927, 3.83235025406], [-160.14263916, 107.634819031, -10.0843334198, 25.2747859955, 101.939422607, 226.836837769, 110.003219604, -15.8362350464, 48.5031433105, 38.2154121399, 4.8508682251, 33.3452377319, 24.0057907104], [-119.628845215, 63.1192321777, 83.0201721191, 60.9942626953, 54.9769325256, 110.003219604, 237.419769287, 43.4421310425, 101.106658936, 0.81770670414, 20.4374084473, 54.9934883118, 7.67114639282], [-59.0244789124, 118.526222229, -19.3528423309, 52.9889144897, -6.52090024948, -15.8362350464, 43.4421310425, 161.059387207, 43.2476158142, 18.2216644287, 10.2075719833, 9.89061450958, 0.169231802225], [-162.900268555, 39.623840332, 114.398208618, 77.2606506348, 57.9198493958, 48.5031433105, 101.106658936, 43.2476158142, 202.590118408, 42.2313957214, 8.51099872589, 47.9750518799, 6.54175043106], [-101.701156616, 83.0698471069, -50.5132713318, 9.82552909851, 8.16664218903, 38.2154121399, 0.81770670414, 18.2216644287, 42.2313957214, 96.1731491089, 33.2207374573, 14.3182172775, 12.3984117508], [-56.1985054016, 16.6985874176, -8.09860706329, 11.8425712585, 1.78986215591, 4.8508682251, 20.4374084473, 10.2075719833, 8.51099872589, 33.2207374573, 73.6522064209, 27.9100017548, 6.64159870148], [-66.1720428467, 37.9671401978, 40.2073707581, 52.4798774719, 21.7799243927, 33.3452377319, 54.9934883118, 9.89061450958, 47.9750518799, 14.3182172775, 27.9100017548, 75.8462142944, 17.1463527679], [-77.9056167603, 15.2133731842, -17.6787605286, -12.0868721008, 3.83235025406, 24.0057907104, 7.67114639282, 0.169231802225, 6.54175043106, 12.3984117508, 6.64159870148, 17.1463527679, 69.8363418579]],
