{
"lowlevel": {
    "average_loudness": 0.876140475273,
    "barkbands_crest": {
        "dmean": 2.88618636131,
        "dmean2": 4.59967708588,
        "dvar": 6.66807174683,
        "dvar2": 16.1443252563,
        "max": 26.1037693024,
        "mean": 10.9781608582,
        "median": 10.0042724609,
        "min": 2.95835494995,
        "var": 21.4415607452
    },
    "barkbands_flatness_db": {
        "dmean": 0.0239234101027,
        "dmean2": 0.0339371673763,
        "dvar": 0.000557510007638,
        "dvar2": 0.00104143761564,
        "max": 0.419808387756,
        "mean": 0.174857288599,
        "median": 0.165702044964,
        "min": 0.0214471723884,
        "var": 0.00374342803843
    },
    "barkbands_kurtosis": {
        "dmean": 3.74854016304,
        "dmean2": 5.82336568832,
        "dvar": 90.642906189,
        "dvar2": 216.700958252,
        "max": 187.515457153,
        "mean": 5.36648988724,
        "median": 2.81898450851,
        "min": -1.88376653194,
        "var": 112.769081116
    },
    "barkbands_skewness": {
        "dmean": 0.584443688393,
        "dmean2": 0.875859022141,
        "dvar": 0.519850313663,
        "dvar2": 1.04369366169,
        "max": 8.95631694794,
        "mean": 1.41614151001,
        "median": 1.37956535816,
        "min": -6.06090259552,
        "var": 1.71973717213
    },
    "barkbands_spread": {
        "dmean": 4.26259422302,
        "dmean2": 6.56518697739,
        "dvar": 43.3099937439,
        "dvar2": 84.8489990234,
        "max": 91.1415328979,
        "mean": 13.9268188477,
        "median": 11.4624652863,
        "min": 0.590867877007,
        "var": 108.115089417
    },
    "dissonance": {
        "dmean": 0.027884138748,
        "dmean2": 0.0455829389393,
        "dvar": 0.000669683387969,
        "dvar2": 0.00170373858418,
        "max": 0.499446630478,
        "mean": 0.438858479261,
        "median": 0.449789643288,
        "min": 0.21216507256,
        "var": 0.0020511560142
    },
    "dynamic_complexity": 3.89032268524,
    "erbbands_crest": {
        "dmean": 3.4348013401,
        "dmean2": 5.39755916595,
        "dvar": 9.74167442322,
        "dvar2": 22.984457016,
        "max": 31.4427261353,
        "mean": 12.0743646622,
        "median": 11.0011816025,
        "min": 2.65250992775,
        "var": 34.4618186951
    },
    "erbbands_flatness_db": {
        "dmean": 0.0222524628043,
        "dmean2": 0.0304841827601,
        "dvar": 0.000544335634913,
        "dvar2": 0.000944285769947,
        "max": 0.464217931032,
        "mean": 0.210647284985,
        "median": 0.19843237102,
        "min": 0.0409038439393,
        "var": 0.00452539464459
    },
    "erbbands_kurtosis": {
        "dmean": 2.07416367531,
        "dmean2": 3.30247139931,
        "dvar": 30.7971954346,
        "dvar2": 78.4606933594,
        "max": 120.463287354,
        "mean": 2.2178606987,
        "median": 0.976727724075,
        "min": -1.76963508129,
        "var": 32.252822876
    },
    "erbbands_skewness": {
        "dmean": 0.493978649378,
        "dmean2": 0.750273764133,
        "dvar": 0.300455957651,
        "dvar2": 0.64232724905,
        "max": 8.46543979645,
        "mean": 0.8292298913,
        "median": 0.775797009468,
        "min": -3.96201395988,
        "var": 0.958390474319
    },
    "erbbands_spread": {
        "dmean": 7.44597864151,
        "dmean2": 11.2816991806,
        "dvar": 120.552375793,
        "dvar2": 264.279785156,
        "max": 140.214736938,
        "mean": 26.0291080475,
        "median": 22.0660076141,
        "min": 1.19971644878,
        "var": 298.180511475
    },
    "hfc": {
        "dmean": 4.90583562851,
        "dmean2": 6.65409851074,
        "dvar": 39.7798271179,
        "dvar2": 79.2897262573,
        "max": 103.170913696,
        "mean": 15.598941803,
        "median": 12.5593318939,
        "min": 1.25340878275e-16,
        "var": 170.405792236
    },
    "melbands_crest": {
        "dmean": 3.69092750549,
        "dmean2": 5.942299366,
        "dvar": 10.9858808517,
        "dvar2": 27.4997997284,
        "max": 34.2960128784,
        "mean": 14.2964191437,
        "median": 13.2103023529,
        "min": 2.30407547951,
        "var": 34.8614730835
    },
    "melbands_flatness_db": {
        "dmean": 0.0265970546752,
        "dmean2": 0.0379959195852,
        "dvar": 0.0007433888386,
        "dvar2": 0.00147484056652,
        "max": 0.458297878504,
        "mean": 0.222135469317,
        "median": 0.217966005206,
        "min": 0.0123677728698,
        "var": 0.00366139202379
    },
    "melbands_kurtosis": {
        "dmean": 6.07151556015,
        "dmean2": 9.48839759827,
        "dvar": 191.885787964,
        "dvar2": 436.583648682,
        "max": 244.493347168,
        "mean": 9.92030143738,
        "median": 5.7653093338,
        "min": -1.73878574371,
        "var": 275.330627441
    },
    "melbands_skewness": {
        "dmean": 0.713624596596,
        "dmean2": 1.0798085928,
        "dvar": 0.747541427612,
        "dvar2": 1.5452504158,
        "max": 12.4465780258,
        "mean": 1.94135344028,
        "median": 1.77834498882,
        "min": -3.55854797363,
        "var": 2.33175754547
    },
    "melbands_spread": {
        "dmean": 6.72027206421,
        "dmean2": 10.2096271515,
        "dvar": 244.812835693,
        "dvar2": 551.82409668,
        "max": 228.958602905,
        "mean": 18.1821308136,
        "median": 13.752412796,
        "min": 0.980187356472,
        "var": 435.432769775
    },
    "pitch_salience": {
        "dmean": 0.0766434744,
        "dmean2": 0.120569102466,
        "dvar": 0.00467495108023,
        "dvar2": 0.0105584850535,
        "max": 0.835844755173,
        "mean": 0.550089597702,
        "median": 0.563777387142,
        "min": 0.0928363725543,
        "var": 0.016387861222
    },
    "silence_rate_20dB": {
        "dmean": 0,
        "dmean2": 0,
        "dvar": 0,
        "dvar2": 0,
        "max": 1,
        "mean": 1,
        "median": 1,
        "min": 1,
        "var": 0
    },
    "silence_rate_30dB": {
        "dmean": 0,
        "dmean2": 0,
        "dvar": 0,
        "dvar2": 0,
        "max": 1,
        "mean": 1,
        "median": 1,
        "min": 1,
        "var": 0
    },
    "silence_rate_60dB": {
        "dmean": 0.0603715181351,
        "dmean2": 0.120836563408,
        "dvar": 0.0567261651158,
        "dvar2": 0.115531079471,
        "max": 1,
        "mean": 0.123743236065,
        "median": 0,
        "min": 0,
        "var": 0.108430445194
    },
    "spectral_centroid": {
        "dmean": 214.79397583,
        "dmean2": 311.933990479,
        "dvar": 154634.796875,
        "dvar2": 238292.28125,
        "max": 10771.7236328,
        "mean": 1065.92028809,
        "median": 889.879211426,
        "min": 304.959228516,
        "var": 543587.0625
    },
    "spectral_complexity": {
        "dmean": 3.04179573059,
        "dmean2": 4.29124689102,
        "dvar": 10.3945550919,
        "dvar2": 17.7214946747,
        "max": 46,
        "mean": 14.1430778503,
        "median": 13,
        "min": 0,
        "var": 68.523147583
    },
    "spectral_decrease": {
        "dmean": 2.16021955879e-09,
        "dmean2": 3.16217629859e-09,
        "dvar": 6.99488162367e-18,
        "dvar2": 1.57093592443e-17,
        "max": 6.5433836991e-29,
        "mean": -6.0839169258e-09,
        "median": -5.24901500043e-09,
        "min": -2.73678928409e-08,
        "var": 2.41909416819e-17
    },
    "spectral_energy": {
        "dmean": 0.00853343307972,
        "dmean2": 0.0124460943043,
        "dvar": 0.000108425338112,
        "dvar2": 0.000240811554249,
        "max": 0.107860006392,
        "mean": 0.0243770051748,
        "median": 0.020864116028,
        "min": 1.11218108818e-20,
        "var": 0.000383227801649
    },
    "spectral_energyband_high": {
        "dmean": 0.000123149598949,
        "dmean2": 0.000159240706125,
        "dvar": 1.12822071685e-07,
        "dvar2": 2.35826675521e-07,
        "max": 0.00799474865198,
        "mean": 0.000259048887528,
        "median": 8.50366341183e-05,
        "min": 8.437825475e-21,
        "var": 2.33976592767e-07
    },
    "spectral_energyband_low": {
        "dmean": 0.00268410332501,
        "dmean2": 0.00445229234174,
        "dvar": 3.09392380586e-05,
        "dvar2": 8.01717178547e-05,
        "max": 0.0550612621009,
        "mean": 0.00461873225868,
        "median": 0.00166446703952,
        "min": 1.87656074913e-22,
        "var": 4.65562698082e-05
    },
    "spectral_energyband_middle_high": {
        "dmean": 0.00221004895866,
        "dmean2": 0.00332515127957,
        "dvar": 1.58160437422e-05,
        "dvar2": 3.91936046071e-05,
        "max": 0.0584450401366,
        "mean": 0.00522608915344,
        "median": 0.00299969990738,
        "min": 1.23688866295e-21,
        "var": 4.64512377221e-05
    },
    "spectral_energyband_middle_low": {
        "dmean": 0.00611442141235,
        "dmean2": 0.008883388713,
        "dvar": 6.0249119997e-05,
        "dvar2": 0.000134806978167,
        "max": 0.0829190313816,
        "mean": 0.0152728725225,
        "median": 0.0110966041684,
        "min": 3.63048530815e-22,
        "var": 0.000215888649109
    },
    "spectral_entropy": {
        "dmean": 0.189794301987,
        "dmean2": 0.257244944572,
        "dvar": 0.0463610552251,
        "dvar2": 0.0738603696227,
        "max": 9.79915523529,
        "mean": 7.2646150589,
        "median": 7.33645057678,
        "min": 5.13105630875,
        "var": 0.295118778944
    },
    "spectral_flux": {
        "dmean": 0.0237070675939,
        "dmean2": 0.0376302935183,
        "dvar": 0.000737603113521,
        "dvar2": 0.00162466790061,
        "max": 0.243845328689,
        "mean": 0.0753970742226,
        "median": 0.0667415484786,
        "min": 1.05459994904e-10,
        "var": 0.00188111246098
    },
    "spectral_kurtosis": {
        "dmean": 2.65677785873,
        "dmean2": 4.48359298706,
        "dvar": 11.7708148956,
        "dvar2": 31.1427726746,
        "max": 46.8163795471,
        "mean": 6.7719874382,
        "median": 5.27145004272,
        "min": -1.20231389999,
        "var": 28.9022521973
    },
    "spectral_rms": {
        "dmean": 0.000860112078954,
        "dmean2": 0.00119009881746,
        "dvar": 8.18142837034e-07,
        "dvar2": 1.52169252488e-06,
        "max": 0.0102581316605,
        "mean": 0.00439161295071,
        "median": 0.00451167766005,
        "min": 3.29401696891e-12,
        "var": 4.49619619758e-06
    },
    "spectral_rolloff": {
        "dmean": 397.930114746,
        "dmean2": 648.816345215,
        "dvar": 1028732.5625,
        "dvar2": 1774860.875,
        "max": 18561.6210938,
        "mean": 1245.86376953,
        "median": 882.861328125,
        "min": 129.19921875,
        "var": 2363518.75
    },
    "spectral_skewness": {
        "dmean": 0.295117616653,
        "dmean2": 0.461753278971,
        "dvar": 0.0913337618113,
        "dvar2": 0.206003606319,
        "max": 5.50056886673,
        "mean": 1.87950313091,
        "median": 1.79951345921,
        "min": -0.0218933410943,
        "var": 0.474761456251
    },
    "spectral_spread": {
        "dmean": 516887.6875,
        "dmean2": 704488.1875,
        "dvar": 1.40552044544e+12,
        "dvar2": 1.64089194086e+12,
        "max": 40669080,
        "mean": 3848609.75,
        "median": 3638466.5,
        "min": 1066800,
        "var": 2.89264422093e+12
    },
    "spectral_strongpeak": {
        "dmean": 0.665650963783,
        "dmean2": 1.07805716991,
        "dvar": 0.978810012341,
        "dvar2": 2.71597957611,
        "max": 12.7352952957,
        "mean": 1.3796172142,
        "median": 0.895023405552,
        "min": 3.80933729005e-09,
        "var": 1.90351116657
    },
    "zerocrossingrate": {
        "dmean": 0.00971913989633,
        "dmean2": 0.0108446851373,
        "dvar": 0.00043992564315,
        "dvar2": 0.000434425804997,
        "max": 0.4931640625,
        "mean": 0.0507544390857,
        "median": 0.04052734375,
        "min": 0.01318359375,
        "var": 0.00200812122785
    },
    "barkbands": {
        "dmean": [8.14890154288e-05, 0.00134927721228, 0.00114917638712, 0.00128032150678, 0.00119468593039, 0.00159806397278, 0.00173870159779, 0.000978607451543, 0.00180935044773, 0.0014284820063, 0.000619160942733, 0.000406869483413, 0.0003842318838, 0.000243812450208, 0.000199768110178, 0.000115537390229, 0.000103271646367, 7.57376692491e-05, 7.30885803932e-05, 4.75532397104e-05, 3.07862901536e-05, 2.60822416749e-05, 2.47077259701e-05, 2.21186273848e-05, 9.56736948865e-06, 4.490459105e-06, 2.33362939639e-07],
        "dmean2": [0.000131357170176, 0.00216463836841, 0.00201469985768, 0.00214727502316, 0.00188552774489, 0.00228616571985, 0.00266909739003, 0.00145858922042, 0.00260803895071, 0.00231379410252, 0.00096686638426, 0.000650394125842, 0.000616830191575, 0.000393020338379, 0.000324858527165, 0.000175266366568, 0.000163279182743, 0.000121438395581, 0.000105604842247, 7.41917829146e-05, 4.59363109258e-05, 3.58266952389e-05, 3.44441723428e-05, 3.11631811201e-05, 1.3317914636e-05, 6.00853445576e-06, 3.56613384156e-07],
        "dvar": [5.51265237902e-08, 9.12161613087e-06, 8.54947302287e-06, 1.22287901831e-05, 4.51659025202e-06, 7.6979977166e-06, 1.76458688657e-05, 4.14766236645e-06, 1.22055816973e-05, 1.3629388377e-05, 1.533773343e-06, 6.54903431041e-07, 6.55158714835e-07, 3.5566708334e-07, 4.14007757854e-07, 5.35018749304e-08, 7.02507989558e-08, 2.22983960185e-08, 5.34221520354e-08, 3.1269941303e-08, 7.72008590388e-09, 4.41728564837e-09, 3.03545655278e-09, 3.06957281815e-09, 5.38981581588e-10, 3.13193443402e-10, 9.3034390955e-13],
        "dvar2": [1.25509316717e-07, 2.3452910682e-05, 2.44468810706e-05, 3.07626432914e-05, 1.14160129669e-05, 1.47524469867e-05, 3.48800058418e-05, 8.06707885204e-06, 2.96425423585e-05, 3.61084348697e-05, 3.70302973351e-06, 1.6627398054e-06, 1.72187799308e-06, 9.02136207515e-07, 9.36436094889e-07, 1.15824541069e-07, 1.6413801518e-07, 6.17286914917e-08, 9.5705885883e-08, 7.2174046295e-08, 1.90894144936e-08, 9.86456072383e-09, 5.44208278441e-09, 5.79312331439e-09, 1.06902553476e-09, 6.65045518655e-10, 1.89768535087e-12],
        "max": [0.00356435868889, 0.0407885611057, 0.0330580919981, 0.0396436713636, 0.0301051624119, 0.0448916293681, 0.0637534484267, 0.0429796613753, 0.03771584481, 0.046596750617, 0.0217612124979, 0.0111101847142, 0.0110814142972, 0.00976877845824, 0.0194210894406, 0.00393652403727, 0.00575552275404, 0.00308977067471, 0.00923302397132, 0.00471015833318, 0.00173843221273, 0.00132913584821, 0.00110115518328, 0.00115304195788, 0.000329526432324, 0.000317205820465, 1.48367907968e-05],
        "mean": [8.20195127744e-05, 0.00244481279515, 0.00141832663212, 0.00143488915637, 0.00190924142953, 0.00289224041626, 0.0038067989517, 0.00172503886279, 0.00290025072172, 0.00199381541461, 0.000867675757036, 0.000635443429928, 0.000622527091764, 0.000342493643984, 0.000323188054608, 0.000199266185518, 0.000182056304766, 0.000136656133691, 0.000160558818607, 8.53921083035e-05, 5.70167794649e-05, 4.84242664243e-05, 4.6447650675e-05, 3.97588955821e-05, 1.66722275026e-05, 5.75498734179e-06, 2.53317949728e-07],
        "median": [3.52279630533e-06, 0.000160481256898, 0.000331302406266, 0.000266216142336, 0.000965400889982, 0.00124686281197, 0.000875121506397, 0.000455920642707, 0.0007501358632, 0.000424575060606, 0.000251537363511, 0.000203836461878, 0.000196926514036, 8.98189537111e-05, 0.000105594466731, 8.16130486783e-05, 9.77069139481e-05, 7.54117281758e-05, 6.88908185111e-05, 3.71370915673e-05, 1.90473601833e-05, 1.47203545566e-05, 1.38120094562e-05, 8.90366209205e-06, 4.11398150391e-06, 4.76546773598e-07, 5.23437826416e-09],
        "min": [1.78763422633e-23, 5.08873028486e-23, 7.67262335398e-23, 9.03910651558e-23, 5.35981633959e-23, 9.28077184508e-24, 5.43207852287e-23, 4.7190211553e-23, 7.84173178178e-23, 4.4048850677e-23, 2.39097255936e-23, 7.41306602806e-23, 1.83504823773e-22, 7.61488126007e-23, 8.89194987796e-23, 6.54366368659e-23, 1.51502200974e-22, 1.2536586341e-22, 1.65994105917e-22, 4.11792915103e-22, 4.59397856077e-22, 5.0582296406e-22, 6.92610433697e-22, 1.0132460662e-21, 1.13232251201e-21, 2.25707276712e-21, 2.42472406154e-21],
        "var": [6.20287892161e-08, 1.73103744601e-05, 7.06933315087e-06, 1.18016459965e-05, 7.74155887484e-06, 2.34404451476e-05, 8.4928884462e-05, 1.63980803336e-05, 2.6885414627e-05, 2.23271799769e-05, 2.7988032798e-06, 1.38079508361e-06, 1.33313290007e-06, 6.35029095974e-07, 1.04916398413e-06, 1.22432425087e-07, 1.00173977557e-07, 3.26256461847e-08, 3.04963691633e-07, 4.14600833665e-08, 1.27412853601e-08, 8.17123346764e-09, 8.16226375377e-09, 9.08574726566e-09, 1.34929767359e-09, 4.23508533798e-10, 1.21135133174e-12]
    },
    "erbbands": {
        "dmean": [0.041920568794, 0.318334013224, 1.12238442898, 2.9752779007, 3.64138054848, 4.1166510582, 8.60960483551, 14.36764431, 28.2699241638, 16.8597412109, 21.3193492889, 47.8543510437, 36.1042823792, 41.6880683899, 24.1678657532, 17.4493618011, 17.6193027496, 13.5364217758, 12.7052898407, 5.51322078705, 5.78055858612, 4.92177534103, 4.48409366608, 2.91902327538, 4.1318821907, 2.25164270401, 1.44989931583, 1.21459031105, 0.890611290932, 0.934714138508, 0.701794445515, 0.566728591919, 0.324405193329, 0.130220577121, 0.0584278106689, 0.0235171690583, 0.00761173618957, 0.00122586044017, 3.13659911626e-05, 1.02339254227e-05],
        "dmean2": [0.0674068257213, 0.519539058208, 1.95523679256, 5.01239061356, 5.89618968964, 6.41830253601, 12.5448942184, 20.9833984375, 42.786277771, 26.123380661, 31.0116825104, 68.1382904053, 56.0052947998, 67.9970855713, 37.0291519165, 28.1088886261, 28.2497673035, 21.3610477448, 20.6221313477, 8.42703723907, 8.73978996277, 7.61557912827, 7.06710004807, 4.58228874207, 5.84191942215, 3.54244875908, 2.25137472153, 1.8001884222, 1.24112379551, 1.29036736488, 0.997076094151, 0.819735825062, 0.443697988987, 0.181583017111, 0.0809251740575, 0.031169353053, 0.0104505652562, 0.00172695831861, 4.31447806477e-05, 1.46023803609e-05],
        "dvar": [0.0114493882284, 0.461837619543, 7.14151906967, 56.9981613159, 68.6246032715, 69.0985031128, 294.813110352, 783.069030762, 4881.42089844, 1236.04553223, 2467.40649414, 8361.41601562, 7614.99755859, 11037.2890625, 2986.70288086, 1225.76147461, 1305.51806641, 775.304138184, 1713.625, 82.0207595825, 162.980529785, 163.098632812, 97.2479324341, 23.2528362274, 244.138839722, 70.7803192139, 45.1821594238, 10.0549097061, 5.37611293793, 5.25471544266, 2.26637983322, 2.20451593399, 0.599918603897, 0.093924857676, 0.0233271718025, 0.00646051671356, 0.00103770650458, 2.68644071184e-05, 1.36923414829e-08, 1.70154904056e-10],
        "dvar2": [0.0295869167894, 1.2197561264, 20.4508495331, 148.49307251, 174.905944824, 168.191238403, 624.330749512, 1547.32519531, 9559.93164062, 2453.02294922, 4541.68261719, 19663.3945312, 18768.4453125, 30739.8203125, 7310.65087891, 3239.2434082, 3460.15209961, 2041.8861084, 4043.29321289, 180.951461792, 352.622131348, 395.201293945, 254.131576538, 53.0847511292, 433.174468994, 162.491638184, 122.057395935, 23.7986164093, 12.5224018097, 9.97335624695, 4.10493659973, 4.66580247879, 1.12529218197, 0.181759849191, 0.046874281019, 0.0134837785736, 0.0022555203177, 5.21489455423e-05, 2.65129553867e-08, 3.51473655735e-10],
        "max": [1.56405484676, 8.72010707855, 28.2493991852, 75.7624282837, 104.503799438, 114.010681152, 339.438354492, 500.289886475, 968.959106445, 842.550292969, 1014.15606689, 986.316894531, 1414.96838379, 1466.22167969, 1024.06347656, 522.108337402, 565.062561035, 384.044281006, 1230.36425781, 135.840209961, 263.773040771, 286.986083984, 232.828598022, 103.610298157, 632.708435059, 211.418258667, 184.831298828, 50.4340515137, 51.6414260864, 51.5416908264, 22.8479804993, 31.9779052734, 14.7401580811, 5.56839179993, 2.44039440155, 1.34375238419, 0.594979286194, 0.0807258412242, 0.00185407069512, 0.000152847846039],
        "mean": [0.0594625025988, 0.58263194561, 1.57562768459, 3.42868423462, 4.83888196945, 6.64995241165, 15.0291643143, 25.4927825928, 60.9248008728, 35.8806419373, 39.2865371704, 76.8726501465, 55.9910316467, 58.080368042, 36.2328834534, 28.8278026581, 29.8606777191, 21.0528850555, 20.9723033905, 10.3857402802, 10.5641860962, 9.35757827759, 8.51055812836, 6.15109634399, 8.93292140961, 4.30345773697, 2.62369561195, 2.17710638046, 1.70290517807, 1.62728321552, 1.31082439423, 0.954549431801, 0.571591854095, 0.237812787294, 0.0947200804949, 0.0325727500021, 0.00923751760274, 0.0014482511906, 4.63317919639e-05, 2.95981753879e-05],
        "median": [0.00272544729523, 0.0671658813953, 0.539504289627, 0.915568947792, 1.8851839304, 2.6083419323, 5.21184778214, 11.1267929077, 13.5151138306, 11.9262084961, 12.1920366287, 21.2881526947, 16.8795337677, 16.3959770203, 11.7303915024, 12.143497467, 11.0033359528, 7.44069576263, 6.50508832932, 5.38454151154, 5.17626619339, 5.15184211731, 5.04446363449, 3.83465719223, 3.08512616158, 1.84949719906, 0.984441578388, 0.650120794773, 0.537056744099, 0.480815887451, 0.380321830511, 0.225152254105, 0.122667081654, 0.0616649240255, 0.0210839733481, 0.0040827896446, 0.000661009456962, 5.94323282712e-05, 1.44890473166e-05, 2.45468218054e-05],
        "min": [1.45923111595e-21, 1.22471367909e-20, 6.83841844625e-20, 2.28291535156e-19, 1.90486137064e-19, 2.46310372331e-19, 1.22706052942e-19, 1.08508971143e-19, 6.01281464674e-19, 7.62937320086e-19, 1.48676057773e-18, 1.62331537896e-18, 1.9614102549e-18, 8.33642599197e-19, 1.29692914119e-18, 3.84456012486e-18, 7.82094554239e-18, 5.38160273727e-18, 3.8755037108e-18, 2.72739232342e-18, 4.51847161453e-18, 9.42694813453e-18, 8.23739706641e-18, 5.85759554896e-18, 1.37671763891e-17, 1.92502332421e-17, 1.58738821594e-17, 1.76562446212e-17, 1.45033166763e-17, 2.45662004386e-17, 1.78199916409e-17, 1.82060666113e-17, 1.83672510254e-17, 1.18184786595e-17, 9.4407306179e-18, 8.35860301439e-18, 3.93812128317e-18, 1.42573584502e-18, 3.42611178684e-19, 3.73244991952e-20],
        "var": [0.0171109028161, 0.888631105423, 6.57222414017, 54.4216346741, 73.5956497192, 132.730697632, 792.527587891, 2213.68823242, 20734.3300781, 6210.07714844, 7155.35595703, 18952.3027344, 13802.3652344, 17523.765625, 5715.87988281, 2523.28979492, 2663.265625, 1482.85205078, 4218.25292969, 195.786804199, 364.070343018, 236.639556885, 138.403396606, 62.7474746704, 1427.72973633, 116.245048523, 43.9850616455, 18.3498878479, 9.51596832275, 11.4003181458, 6.37490701675, 5.22198724747, 1.83721840382, 0.27901750803, 0.0489326231182, 0.00975405797362, 0.00129627319984, 3.76824136765e-05, 1.99106615639e-08, 5.91452276044e-10]
    },
    "gfcc": {
        "mean": [-50.8731040955, 109.330780029, -139.898696899, 14.2778558731, -76.9411392212, 7.31801700592, -40.9988327026, 6.18325901031, -20.5339832306, -5.57056665421, -7.23342418671, -4.37766313553, -7.51647758484],
        "cov": [[10063.6210938, 915.490722656, 182.746231079, 457.044128418, 335.400726318, 387.575958252, 293.714477539, 277.234466553, -16.6886482239, 67.9456253052, -145.166320801, 40.4691619873, -82.1166000366], [915.490722656, 1496.77966309, -153.987594604, -198.139709473, 336.824462891, -182.974197388, 112.112846375, -83.8809738159, 83.7242279053, -143.053573608, 106.603385925, -74.3970031738, 35.2040481567], [182.746231079, -153.987594604, 1051.30053711, 748.15814209, 184.464553833, 262.718231201, 69.7916717529, 126.757774353, -48.4308242798, 135.834991455, -140.455673218, 74.172088623, -49.1197929382], [457.044128418, -198.139709473, 748.15814209, 1082.10534668, 319.47744751, 314.061981201, 198.852508545, 159.119918823, 1.87751984596, 163.621185303, -135.395904541, 16.3442707062, -42.5360107422], [335.400726318, 336.824462891, 184.464553833, 319.47744751, 416.234039307, 92.3389816284, 149.66418457, 54.8787841797, 25.7063293457, 59.8154525757, -16.1336135864, 22.2080249786, -20.9149246216], [387.575958252, -182.974197388, 262.718231201, 314.061981201, 92.3389816284, 331.052520752, 147.579208374, 103.264305115, -29.5501766205, 27.9555530548, -68.0021743774, 22.4176635742, 3.24812746048], [293.714477539, 112.112846375, 69.7916717529, 198.852508545, 149.66418457, 147.579208374, 266.753662109, 114.837219238, 27.8185310364, 10.2205228806, -20.2756175995, -3.11531829834, 5.03677892685], [277.234466553, -83.8809738159, 126.757774353, 159.119918823, 54.8787841797, 103.264305115, 114.837219238, 160.136230469, 46.0761528015, 36.6268463135, -64.376625061, -5.13906908035, -6.9306602478], [-16.6886482239, 83.7242279053, -48.4308242798, 1.87751984596, 25.7063293457, -29.5501766205, 27.8185310364, 46.0761528015, 134.926010132, 47.6902313232, 11.5848245621, -34.8067779541, 12.2104043961], [67.9456253052, -143.053573608, 135.834991455, 163.621185303, 59.8154525757, 27.9555530548, 10.2205228806, 36.6268463135, 47.6902313232, 167.003005981, 19.2464160919, 43.2459907532, -17.217218399], [-145.166320801, 106.603385925, -140.455673218, -135.395904541, -16.1336135864, -68.0021743774, -20.2756175995, -64.376625061, 11.5848245621, 19.2464160919, 133.262496948, 37.0421562195, 24.8428001404], [40.4691619873, -74.3970031738, 74.172088623, 16.3442707062, 22.2080249786, 22.4176635742, -3.11531829834, -5.13906908035, -34.8067779541, 43.2459907532, 37.0421562195, 123.769615173, 44.9256973267], [-82.1166000366, 35.2040481567, -49.1197929382, -42.5360107422, -20.9149246216, 3.24812746048, 5.03677892685, -6.9306602478, 12.2104043961, -17.217218399, 24.8428001404, 44.9256973267, 117.841583252]],
        "icov": [[0.000146034522913, -0.000297811726341, 0.000213758976315, -0.000137238253956, 0.00025425828062, -0.000289267947664, 0.00017673552793, -0.000336743716616, 0.000217361404793, -0.000312456977554, 0.000307288661133, -0.000354961171979, 0.000258405052591], [-0.000297811726341, 0.00245416676626, -0.00127093121409, 0.0010058634216, -0.00261261616834, 0.00164790800773, -0.001288512256, 0.00154412654229, -0.00151292560622, 0.00265696458519, -0.00214176974259, 0.00216176407412, -0.00129826914053], [0.000213758976315, -0.00127093121409, 0.00307912542485, -0.00195348728448, 0.00137588463258, -0.00137058831751, 0.0015632774448, -0.00131247227546, 0.000942806072999, -0.00144989113323, 0.00222115195356, -0.00289858714677, 0.00157221243717], [-0.000137238253956, 0.0010058634216, -0.00195348728448, 0.00330411246978, -0.00208542612381, -6.3643186877e-05, -0.00134437798988, 0.000944804167375, 0.000118019917863, -0.000970789929852, -3.57332137355e-05, 0.0026814090088, -0.00144187908154], [0.00025425828062, -0.00261261616834, 0.00137588463258, -0.00208542612381, 0.00668476428837, -0.001297456678, -0.000765614793636, -0.000191929677385, 0.000313141004881, -0.00262508029118, 0.00259524350986, -0.00388826359995, 0.00254131271504], [-0.000289267947664, 0.00164790800773, -0.00137058831751, -6.3643186877e-05, -0.001297456678, 0.00703678000718, -0.00320131378248, -0.000223083770834, 0.0010876073502, 0.001419880311, -0.00065856584115, 0.00148792937398, -0.00192233186681], [0.00017673552793, -0.001288512256, 0.0015632774448, -0.00134437798988, -0.000765614793636, -0.00320131378248, 0.00942765455693, -0.00659141410142, 0.000958034594078, 0.000666948384605, -0.00212106062099, -0.00039667339297, 0.000432730972534], [-0.000336743716616, 0.00154412654229, -0.00131247227546, 0.000944804167375, -0.000191929677385, -0.000223083770834, -0.00659141410142, 0.0170473810285, -0.00701911887154, 0.000170176805113, 0.00603786390275, -0.00169828161597, 0.000481178954942], [0.000217361404793, -0.00151292560622, 0.000942806072999, 0.000118019917863, 0.000313141004881, 0.0010876073502, 0.000958034594078, -0.00701911887154, 0.0164790377021, -0.00807299558073, -0.00156795384828, 0.00760073680431, -0.00484329508618], [-0.000312456977554, 0.00265696458519, -0.00144989113323, -0.000970789929852, -0.00262508029118, 0.001419880311, 0.000666948384605, 0.000170176805113, -0.00807299558073, 0.0155663844198, -0.00534741906449, -0.00442133937031, 0.0034339337144], [0.000307288661133, -0.00214176974259, 0.00222115195356, -3.57332137355e-05, 0.00259524350986, -0.00065856584115, -0.00212106062099, 0.00603786390275, -0.00156795384828, -0.00534741906449, 0.0170595869422, -0.00695013580844, 0.00112585583702], [-0.000354961171979, 0.00216176407412, -0.00289858714677, 0.0026814090088, -0.00388826359995, 0.00148792937398, -0.00039667339297, -0.00169828161597, 0.00760073680431, -0.00442133937031, -0.00695013580844, 0.0205235444009, -0.00974024180323], [0.000258405052591, -0.00129826914053, 0.00157221243717, -0.00144187908154, 0.00254131271504, -0.00192233186681, 0.000432730972534, 0.000481178954942, -0.00484329508618, 0.0034339337144, 0.00112585583702, -0.00974024180323, 0.0141821624711]]
    },
    "melbands": {
        "dmean": [0.000367649510736, 0.000514503044542, 0.000539439963177, 0.000253209582297, 0.000269661279162, 0.000323417276377, 0.000414827984059, 0.00018234475283, 0.00017355386808, 0.000319621874951, 0.000182036485057, 0.000178874804988, 7.75137305027e-05, 5.25067953276e-05, 4.45996010967e-05, 3.67525462934e-05, 2.62159064732e-05, 2.19851099246e-05, 1.04713808469e-05, 8.85111785465e-06, 6.84470387569e-06, 5.25829500475e-06, 5.87940485275e-06, 3.29594445247e-06, 2.50412449532e-06, 3.24996585732e-06, 2.18795412366e-06, 1.54627389293e-06, 1.05867457023e-06, 7.31444345092e-07, 7.34301579541e-07, 4.92941694574e-07, 5.98374981564e-07, 5.23114351836e-07, 4.33922878074e-07, 4.09968237136e-07, 3.34630243515e-07, 2.4893941486e-07, 1.71516603586e-07, 9.85091688221e-08],
        "dmean2": [0.000586185778957, 0.000879821134731, 0.000894744123798, 0.00040363628068, 0.000399417156586, 0.000473750318633, 0.000630874943454, 0.000282094726572, 0.000257164851064, 0.000456314679468, 0.000285538262688, 0.000293517106911, 0.000120179422083, 8.4228508058e-05, 7.13004919817e-05, 5.98434489802e-05, 4.23045967182e-05, 3.58906909241e-05, 1.65444580489e-05, 1.33874063977e-05, 1.05423850982e-05, 8.35630271467e-06, 9.40753943723e-06, 5.27006250195e-06, 4.04049706049e-06, 4.81521010443e-06, 3.23755648424e-06, 2.48844753514e-06, 1.71264719029e-06, 1.13836495075e-06, 1.12539862585e-06, 7.25164909454e-07, 8.71713325523e-07, 7.34638319955e-07, 6.3209063228e-07, 6.1667145701e-07, 4.86886506224e-07, 3.51768278506e-07, 2.51561289133e-07, 1.40310717711e-07],
        "dvar": [7.51270761157e-07, 1.31044885165e-06, 1.79105472853e-06, 2.22924370519e-07, 2.66471914756e-07, 3.95740784143e-07, 1.00972010841e-06, 1.39284168199e-07, 1.75680142434e-07, 3.92051845211e-07, 2.04024132699e-07, 2.24397112447e-07, 2.77655107794e-08, 1.04678266055e-08, 7.48126360861e-09, 7.27671034539e-09, 3.56055074313e-09, 5.02345942621e-09, 6.93738788637e-10, 2.61243165989e-10, 2.83918138999e-10, 1.78702011522e-10, 1.85112744577e-10, 5.35892823172e-11, 1.46300055404e-11, 1.34352654002e-10, 5.08388227349e-11, 3.61830045092e-11, 3.41179931529e-11, 4.12482591486e-12, 3.4909893986e-12, 2.15635603991e-12, 2.34201438624e-12, 1.60970032876e-12, 8.08936576578e-13, 9.90737331584e-13, 8.74401191644e-13, 4.03454369522e-13, 1.62696624836e-13, 5.52679036976e-14],
        "dvar2": [1.93360574485e-06, 3.68691962649e-06, 4.58242357126e-06, 5.62349555366e-07, 5.89271849094e-07, 7.83827147188e-07, 1.98380007532e-06, 2.84242020143e-07, 3.48947224893e-07, 9.42434780882e-07, 5.03153046338e-07, 6.20480534508e-07, 6.62728112388e-08, 2.69405173725e-08, 1.97809804092e-08, 1.94700255918e-08, 9.27346466284e-09, 1.20600205378e-08, 1.5993470992e-09, 5.16903020387e-10, 6.29479635084e-10, 4.35788766184e-10, 4.58544674453e-10, 1.51823331684e-10, 3.55155800602e-11, 2.48715326112e-10, 1.01313860079e-10, 8.40997271823e-11, 9.44560610283e-11, 1.01470776226e-11, 8.50339069991e-12, 5.52864264786e-12, 5.07948500969e-12, 2.97753206639e-12, 1.50786588077e-12, 2.11956927704e-12, 1.91617620209e-12, 8.20681847133e-13, 3.24943603925e-13, 1.12229060138e-13],
        "max": [0.0112081058323, 0.0110670886934, 0.0142223415896, 0.0045024715364, 0.00880954600871, 0.0103827053681, 0.0146686276421, 0.0103547340259, 0.00747129274532, 0.00676632486284, 0.00695887161419, 0.00684121996164, 0.00313894823194, 0.00134514621459, 0.000981951830909, 0.00142346031498, 0.000688365253154, 0.00200328580104, 0.000660782156046, 0.000285400281427, 0.000355116819264, 0.000272403704002, 0.000320999330143, 0.000165800185641, 6.54825198581e-05, 0.000417421979364, 0.000250012788456, 0.000145434780279, 0.000161556454259, 3.61622587661e-05, 2.84684101644e-05, 3.57270764653e-05, 3.49512265529e-05, 3.10041687044e-05, 1.3985150872e-05, 1.99057340069e-05, 1.92956085812e-05, 1.09132697617e-05, 7.79134825279e-06, 4.6863829084e-06],
        "mean": [0.000612070434727, 0.000835914805066, 0.000658721779473, 0.000383750040783, 0.000474470027257, 0.0005798584898, 0.000909421767574, 0.000368049571989, 0.00030731773586, 0.000499335699715, 0.000271477620117, 0.000241445741267, 0.000112484660349, 7.99401386757e-05, 7.25157078705e-05, 5.73165852984e-05, 3.75139788957e-05, 3.41344129993e-05, 1.73141179403e-05, 1.51031063069e-05, 1.15301663755e-05, 9.28188637772e-06, 1.0198243217e-05, 5.83354039918e-06, 4.63026481157e-06, 6.53974075249e-06, 4.48354785476e-06, 2.61253239842e-06, 1.74516276275e-06, 1.31819035687e-06, 1.22551773529e-06, 9.08162064661e-07, 9.88118699752e-07, 8.70348969784e-07, 7.73432248025e-07, 6.73004819873e-07, 5.40030953289e-07, 4.1718982402e-07, 2.99011077232e-07, 1.6877214648e-07],
        "median": [3.25542350765e-05, 0.000293019518722, 0.000208422279684, 0.000164539320394, 0.000177989306394, 0.000246675510425, 0.000206800323213, 0.000122912737424, 7.76084852987e-05, 0.000131081906147, 7.63261559769e-05, 5.96881873207e-05, 3.36034499924e-05, 2.87734656013e-05, 2.54226160905e-05, 1.77681868081e-05, 1.01818341136e-05, 9.40120116866e-06, 6.74782359056e-06, 6.37659468339e-06, 5.29693761564e-06, 4.97871587868e-06, 5.39655684406e-06, 3.39496659763e-06, 2.8381393804e-06, 2.19471985474e-06, 1.69856548382e-06, 1.04769139853e-06, 6.32027251868e-07, 3.98140201696e-07, 3.67074449059e-07, 2.91605829261e-07, 2.79846631202e-07, 2.65445237346e-07, 2.24754757028e-07, 1.62151380323e-07, 1.18332962984e-07, 8.75326051641e-08, 7.20938615473e-08, 4.30913047467e-08],
        "min": [1.44580628106e-23, 2.96986630174e-23, 3.90094115769e-23, 1.50205253692e-23, 5.48405293915e-24, 2.47880409589e-24, 9.48245596842e-24, 8.29680986078e-24, 1.32985887412e-23, 1.01798839504e-23, 9.5646884069e-24, 2.96035891067e-24, 3.47050638339e-24, 8.82528119183e-24, 1.27676995515e-23, 1.91066102881e-23, 8.46969977221e-24, 5.156153832e-24, 7.20599824459e-24, 1.89709648666e-24, 6.12712524934e-24, 9.17663983901e-24, 8.54964688065e-24, 6.26558927087e-24, 4.03590902657e-24, 7.57984258302e-24, 1.55796194917e-23, 1.14584839051e-23, 6.90533179918e-24, 1.43923948734e-23, 8.35043189195e-24, 6.20021360664e-24, 1.30969140842e-23, 1.444116541e-23, 1.07745036349e-23, 9.89281667815e-24, 1.11083077604e-23, 1.456695717e-23, 8.85783353708e-24, 1.07073534281e-23],
        "var": [1.31427918859e-06, 1.54993301749e-06, 1.78521747785e-06, 3.25976600379e-07, 6.88044963226e-07, 1.14475915325e-06, 4.58335080111e-06, 7.11650443463e-07, 4.64327428062e-07, 8.47525598147e-07, 3.59901918046e-07, 3.48913147263e-07, 5.28083496931e-08, 1.88722513172e-08, 1.59727644444e-08, 1.32601876146e-08, 6.29305407784e-09, 1.13926006406e-08, 1.65108982042e-09, 6.43290753999e-10, 5.81724501902e-10, 2.45556880385e-10, 2.65102967356e-10, 6.53388107508e-11, 3.0511003446e-11, 7.01028068928e-10, 2.28568247662e-10, 4.71332764485e-11, 2.73578000531e-11, 7.79294337394e-12, 5.58913245546e-12, 2.95152682676e-12, 4.24773063945e-12, 3.49145582237e-12, 2.13992820859e-12, 2.23599654417e-12, 1.88542128958e-12, 1.04497183476e-12, 4.70203682847e-13, 1.45273563686e-13]
    },
    "mfcc": {
        "mean": [-683.526611328, 133.604034424, -9.93404960632, 4.02394199371, -10.8699502945, -8.18389225006, -8.84667396545, 2.31057405472, -9.32513618469, -0.300706833601, -2.97293162346, -2.10728287697, -1.53763794899],
        "cov": [[7930.56982422, 887.946594238, -76.6636123657, 436.303985596, 150.202560425, 312.561218262, 313.717407227, 304.613861084, 292.338684082, 171.782546997, 18.5553760529, 135.405105591, 24.6117267609], [887.946594238, 1658.20336914, -479.76751709, -120.711082458, 16.5198574066, -145.566436768, -43.8998222351, 21.6182098389, -107.209030151, -76.3995895386, 11.8713760376, 5.37364149094, -7.91247749329], [-76.6636123657, -479.76751709, 890.330200195, 405.925537109, 218.735748291, 252.663146973, 150.843948364, 65.2637023926, 180.163955688, 41.2167930603, -22.6160812378, 78.605255127, 36.1796264648], [436.303985596, -120.711082458, 405.925537109, 732.693969727, 308.369506836, 289.876556396, 203.070358276, 69.0994338989, 220.87210083, 76.4978256226, 5.30310583115, 134.018386841, 113.259140015], [150.202560425, 16.5198574066, 218.735748291, 308.369506836, 284.739227295, 171.964477539, 88.5202407837, 24.0758171082, 98.0766067505, 25.3276424408, -3.81464123726, 56.7873153687, 50.2866592407], [312.561218262, -145.566436768, 252.663146973, 289.876556396, 171.964477539, 288.465942383, 195.306655884, 85.3502960205, 131.403091431, 32.5903205872, 10.2271356583, 75.9328536987, 44.9957847595], [313.717407227, -43.8998222351, 150.843948364, 203.070358276, 88.5202407837, 195.306655884, 253.180801392, 139.456787109, 108.806686401, 23.6275997162, 7.24764490128, 49.2565460205, 15.6084842682], [304.613861084, 21.6182098389, 65.2637023926, 69.0994338989, 24.0758171082, 85.3502960205, 139.456787109, 177.484634399, 104.369918823, 37.5204582214, 4.39404439926, -0.967430472374, -24.4262084961], [292.338684082, -107.209030151, 180.163955688, 220.87210083, 98.0766067505, 131.403091431, 108.806686401, 104.369918823, 236.154968262, 106.957626343, 2.75504827499, 39.1745414734, 30.3763179779], [171.782546997, -76.3995895386, 41.2167930603, 76.4978256226, 25.3276424408, 32.5903205872, 23.6275997162, 37.5204582214, 106.957626343, 146.590301514, 39.4677238464, 17.2725486755, -0.720864772797], [18.5553760529, 11.8713760376, -22.6160812378, 5.30310583115, -3.81464123726, 10.2271356583, 7.24764490128, 4.39404439926, 2.75504827499, 39.4677238464, 90.4071426392, 32.1567764282, 0.000655452546198], [135.405105591, 5.37364149094, 78.605255127, 134.018386841, 56.7873153687, 75.9328536987, 49.2565460205, -0.967430472374, 39.1745414734, 17.2725486755, 32.1567764282, 124.977310181, 69.1730651855], [24.6117267609, -7.91247749329, 36.1796264648, 113.259140015, 50.2866592407, 44.9957847595, 15.6084842682, -24.4262084961, 30.3763179779, -0.720864772797, 0.000655452546198, 69.1730651855, 124.079322815]],
