{
"lowlevel": {
    "average_loudness": 0.937990427017,
    "barkbands_crest": {
        "dmean": 2.57044696808,
        "dmean2": 4.20690917969,
        "dvar": 5.81094741821,
        "dvar2": 15.1634206772,
        "max": 23.7222080231,
        "mean": 11.5684432983,
        "median": 11.0941820145,
        "min": 3.17357230186,
        "var": 14.4503974915
    },
    "barkbands_flatness_db": {
        "dmean": 0.0294536165893,
        "dmean2": 0.0423705093563,
        "dvar": 0.000806788215414,
        "dvar2": 0.00162509700749,
        "max": 0.396203458309,
        "mean": 0.195904582739,
        "median": 0.19269810617,
        "min": 0.0328636355698,
        "var": 0.00370381725952
    },
    "barkbands_kurtosis": {
        "dmean": 4.17441511154,
        "dmean2": 6.46399450302,
        "dvar": 34.7582969666,
        "dvar2": 85.8908920288,
        "max": 94.9836273193,
        "mean": 8.39828777313,
        "median": 6.10014152527,
        "min": -1.89872789383,
        "var": 76.4988632202
    },
    "barkbands_skewness": {
        "dmean": 0.584493339062,
        "dmean2": 0.864766657352,
        "dvar": 0.332701981068,
        "dvar2": 0.700926423073,
        "max": 7.46228837967,
        "mean": 2.05613207817,
        "median": 2.001329422,
        "min": -1.84687399864,
        "var": 1.37533640862
    },
    "barkbands_spread": {
        "dmean": 4.81552457809,
        "dmean2": 6.9212603569,
        "dvar": 49.3484039307,
        "dvar2": 86.6818313599,
        "max": 98.3479690552,
        "mean": 13.7975406647,
        "median": 9.7545633316,
        "min": 0.552259981632,
        "var": 166.916229248
    },
    "dissonance": {
        "dmean": 0.0279967244714,
        "dmean2": 0.0458792150021,
        "dvar": 0.000634056865238,
        "dvar2": 0.00162882357836,
        "max": 0.500000119209,
        "mean": 0.436680823565,
        "median": 0.443582624197,
        "min": 0.235539004207,
        "var": 0.00156826234888
    },
    "dynamic_complexity": 3.39552164078,
    "erbbands_crest": {
        "dmean": 3.15312027931,
        "dmean2": 5.02695703506,
        "dvar": 10.5206012726,
        "dvar2": 25.3412895203,
        "max": 30.98787117,
        "mean": 10.5552492142,
        "median": 8.82160758972,
        "min": 2.63395166397,
        "var": 34.5214233398
    },
    "erbbands_flatness_db": {
        "dmean": 0.028498949483,
        "dmean2": 0.0389962792397,
        "dvar": 0.000615317840129,
        "dvar2": 0.00120332976803,
        "max": 0.368256777525,
        "mean": 0.166971296072,
        "median": 0.162328675389,
        "min": 0.0487486608326,
        "var": 0.00269978446886
    },
    "erbbands_kurtosis": {
        "dmean": 2.05102205276,
        "dmean2": 3.16954517365,
        "dvar": 12.0869665146,
        "dvar2": 32.7892150879,
        "max": 56.1923904419,
        "mean": 2.39073204994,
        "median": 0.686115980148,
        "min": -1.82733249664,
        "var": 24.5220088959
    },
    "erbbands_skewness": {
        "dmean": 0.487846374512,
        "dmean2": 0.726774215698,
        "dvar": 0.234621495008,
        "dvar2": 0.557537376881,
        "max": 6.14419221878,
        "mean": 1.00436902046,
        "median": 0.918779432774,
        "min": -3.27056932449,
        "var": 0.888717710972
    },
    "erbbands_spread": {
        "dmean": 11.1153764725,
        "dmean2": 16.2134132385,
        "dvar": 163.364089966,
        "dvar2": 324.79208374,
        "max": 147.852432251,
        "mean": 35.6310424805,
        "median": 31.5512046814,
        "min": 2.52057671547,
        "var": 501.269226074
    },
    "hfc": {
        "dmean": 5.73128890991,
        "dmean2": 8.22637557983,
        "dvar": 79.8324966431,
        "dvar2": 170.967102051,
        "max": 109.322608948,
        "mean": 14.4654560089,
        "median": 9.31757450104,
        "min": 1.14908886671e-16,
        "var": 219.187469482
    },
    "melbands_crest": {
        "dmean": 2.88686490059,
        "dmean2": 4.74522066116,
        "dvar": 7.56404924393,
        "dvar2": 20.3688182831,
        "max": 33.4559860229,
        "mean": 14.0979700089,
        "median": 13.7302446365,
        "min": 1.00215148926,
        "var": 15.6365242004
    },
    "melbands_flatness_db": {
        "dmean": 0.0347671695054,
        "dmean2": 0.0486326478422,
        "dvar": 0.00120920920745,
        "dvar2": 0.0024309749715,
        "max": 0.506914615631,
        "mean": 0.268863588572,
        "median": 0.265174299479,
        "min": 7.33436138489e-08,
        "var": 0.00565615715459
    },
    "melbands_kurtosis": {
        "dmean": 9.12324523926,
        "dmean2": 13.834692955,
        "dvar": 197.529968262,
        "dvar2": 445.896606445,
        "max": 229.007751465,
        "mean": 18.1484508514,
        "median": 13.0389347076,
        "min": -1.43736219406,
        "var": 368.389526367
    },
    "melbands_skewness": {
        "dmean": 0.824850916862,
        "dmean2": 1.21585690975,
        "dvar": 0.706277668476,
        "dvar2": 1.49354708195,
        "max": 12.4079837799,
        "mean": 2.82152867317,
        "median": 2.75884532928,
        "min": -1.66659033298,
        "var": 2.85320949554
    },
    "melbands_spread": {
        "dmean": 4.0674829483,
        "dmean2": 6.03510808945,
        "dvar": 58.9632453918,
        "dvar2": 111.614723206,
        "max": 209.005020142,
        "mean": 12.4268436432,
        "median": 9.49413585663,
        "min": 0.740371406078,
        "var": 150.204330444
    },
    "pitch_salience": {
        "dmean": 0.0675883963704,
        "dmean2": 0.109128125012,
        "dvar": 0.00382072338834,
        "dvar2": 0.00927020050585,
        "max": 0.996077418327,
        "mean": 0.538948357105,
        "median": 0.540561556816,
        "min": 0.137512177229,
        "var": 0.00929163210094
    },
    "silence_rate_20dB": {
        "dmean": 0,
        "dmean2": 0,
        "dvar": 0,
        "dvar2": 0,
        "max": 1,
        "mean": 1,
        "median": 1,
        "min": 1,
        "var": 0
    },
    "silence_rate_30dB": {
        "dmean": 0.000772797502577,
        "dmean2": 0.00154619244859,
        "dvar": 0.000772199535277,
        "dvar2": 0.00231689377688,
        "max": 1,
        "mean": 0.999613761902,
        "median": 1,
        "min": 0,
        "var": 0.000386119703762
    },
    "silence_rate_60dB": {
        "dmean": 0.00463678501546,
        "dmean2": 0.00927715469152,
        "dvar": 0.00461547030136,
        "dvar2": 0.00919088348746,
        "max": 1,
        "mean": 0.0451911948621,
        "median": 0,
        "min": 0,
        "var": 0.0431493073702
    },
    "spectral_centroid": {
        "dmean": 195.277832031,
        "dmean2": 278.637695312,
        "dvar": 129047.6875,
        "dvar2": 168310.984375,
        "max": 11171.0419922,
        "mean": 791.772033691,
        "median": 623.058837891,
        "min": 193.804122925,
        "var": 356182
    },
    "spectral_complexity": {
        "dmean": 3.04868626595,
        "dmean2": 4.57595682144,
        "dvar": 24.7402172089,
        "dvar2": 48.3847961426,
        "max": 57,
        "mean": 14.0293550491,
        "median": 12,
        "min": 0,
        "var": 64.3060455322
    },
    "spectral_decrease": {
        "dmean": 2.31643126902e-09,
        "dmean2": 3.61310892316e-09,
        "dvar": 8.35552838405e-18,
        "dvar2": 2.07577252407e-17,
        "max": 2.27167830468e-29,
        "mean": -7.49296980018e-09,
        "median": -6.33951247053e-09,
        "min": -3.06078788981e-08,
        "var": 2.31510515748e-17
    },
    "spectral_energy": {
        "dmean": 0.00916175264865,
        "dmean2": 0.0142534868792,
        "dvar": 0.000132910499815,
        "dvar2": 0.000329113594489,
        "max": 0.123469166458,
        "mean": 0.0295922737569,
        "median": 0.0248475037515,
        "min": 1.03368366754e-20,
        "var": 0.000367586617358
    },
    "spectral_energyband_high": {
        "dmean": 0.000337676581694,
        "dmean2": 0.000444561912445,
        "dvar": 5.64928257063e-07,
        "dvar2": 9.12205450732e-07,
        "max": 0.0148513242602,
        "mean": 0.000505279749632,
        "median": 0.000114924172522,
        "min": 7.38586741671e-21,
        "var": 1.50449636749e-06
    },
    "spectral_energyband_low": {
        "dmean": 0.00297621637583,
        "dmean2": 0.00480820471421,
        "dvar": 1.95479606191e-05,
        "dvar2": 4.82888208353e-05,
        "max": 0.0449268892407,
        "mean": 0.0107059814036,
        "median": 0.0107832076028,
        "min": 4.45003063067e-23,
        "var": 4.31243315688e-05
    },
    "spectral_energyband_middle_high": {
        "dmean": 0.00113850191701,
        "dmean2": 0.00176345463842,
        "dvar": 7.14396401236e-06,
        "dvar2": 1.64889006555e-05,
        "max": 0.0547219365835,
        "mean": 0.00248820427805,
        "median": 0.00108775601257,
        "min": 1.62514585614e-21,
        "var": 1.85363733181e-05
    },
    "spectral_energyband_middle_low": {
        "dmean": 0.00794595014304,
        "dmean2": 0.0124867651612,
        "dvar": 0.000115451643069,
        "dvar2": 0.000294876255793,
        "max": 0.0980791002512,
        "mean": 0.0173193514347,
        "median": 0.011615476571,
        "min": 3.45783609396e-22,
        "var": 0.000260461034486
    },
    "spectral_entropy": {
        "dmean": 0.303975373507,
        "dmean2": 0.417797237635,
        "dvar": 0.0914837568998,
        "dvar2": 0.17662987113,
        "max": 9.81428337097,
        "mean": 7.14963150024,
        "median": 7.17028570175,
        "min": 5.04240894318,
        "var": 0.372173368931
    },
    "spectral_flux": {
        "dmean": 0.0259977784008,
        "dmean2": 0.0394976884127,
        "dvar": 0.000766130222473,
        "dvar2": 0.00163013441488,
        "max": 0.266878634691,
        "mean": 0.0757274776697,
        "median": 0.0663932487369,
        "min": 1.05535719053e-10,
        "var": 0.00220308057033
    },
    "spectral_kurtosis": {
        "dmean": 3.81301426888,
        "dmean2": 5.68208551407,
        "dvar": 24.5447826385,
        "dvar2": 56.568611145,
        "max": 75.5406341553,
        "mean": 7.78510570526,
        "median": 5.58872413635,
        "min": -1.21343266964,
        "var": 68.1070785522
    },
    "spectral_rms": {
        "dmean": 0.000773100182414,
        "dmean2": 0.00118578539696,
        "dvar": 7.06742241618e-07,
        "dvar2": 1.66814186287e-06,
        "max": 0.0109753236175,
        "mean": 0.00506659504026,
        "median": 0.00492356251925,
        "min": 3.17564464308e-12,
        "var": 3.20011940858e-06
    },
    "spectral_rolloff": {
        "dmean": 284.791900635,
        "dmean2": 470.853118896,
        "dvar": 687068.125,
        "dvar2": 1316448.125,
        "max": 18906.1523438,
        "mean": 749.094848633,
        "median": 495.263671875,
        "min": 107.666015625,
        "var": 1390201.625
    },
    "spectral_skewness": {
        "dmean": 0.458933472633,
        "dmean2": 0.64284491539,
        "dvar": 0.232091888785,
        "dvar2": 0.487731009722,
        "max": 7.22880268097,
        "mean": 2.1174352169,
        "median": 2.0211789608,
        "min": -0.0472144261003,
        "var": 0.84124058485
    },
    "spectral_spread": {
        "dmean": 1014504.625,
        "dmean2": 1347990.25,
        "dvar": 1.56730549862e+12,
        "dvar2": 2.22662701875e+12,
        "max": 40281820,
        "mean": 4654668.5,
        "median": 4479611.5,
        "min": 1166310.75,
        "var": 3.79329917747e+12
    },
    "spectral_strongpeak": {
        "dmean": 0.485357731581,
        "dmean2": 0.794440746307,
        "dvar": 0.689413845539,
        "dvar2": 1.66905915737,
        "max": 8.73915672302,
        "mean": 0.934370696545,
        "median": 0.365352004766,
        "min": 0,
        "var": 1.63779735565
    },
    "zerocrossingrate": {
        "dmean": 0.00921904388815,
        "dmean2": 0.0106344148517,
        "dvar": 0.00025799361174,
        "dvar2": 0.000362519262126,
        "max": 0.49951171875,
        "mean": 0.0374086797237,
        "median": 0.0302734375,
        "min": 0.0048828125,
        "var": 0.000911676732358
    },
    "barkbands": {
        "dmean": [6.93008623784e-05, 0.00219192937948, 0.0010915499879, 0.00189507252071, 0.00346285663545, 0.000958451186307, 0.00211481121369, 0.00175560463686, 0.00101827189792, 0.000609687471297, 0.000297368183965, 0.000200227063033, 0.000118184827443, 9.55147843342e-05, 0.000122991565149, 0.000101150071714, 0.000103051825135, 7.4810712249e-05, 8.08803961263e-05, 7.11354005034e-05, 8.14536469989e-05, 7.17125440133e-05, 7.54684879212e-05, 5.36231455044e-05, 3.31297669618e-05, 1.34537103804e-05, 4.36635927414e-09],
        "dmean2": [0.000113074966066, 0.0036389969755, 0.00179926829878, 0.00335023435764, 0.00572777772322, 0.00148800201714, 0.00326307141222, 0.00272995047271, 0.00158422137611, 0.00091415370116, 0.000470494967885, 0.000319634156767, 0.000189145255717, 0.000151768719661, 0.000192804713151, 0.000167102814885, 0.000171803185367, 0.000121093449707, 0.000127518476802, 0.000106037747173, 0.000114918409963, 0.000100968209154, 0.000103082180431, 7.10185922799e-05, 4.84123229398e-05, 1.97881854547e-05, 7.6137851579e-09],
        "dvar": [2.24194529608e-08, 1.12982725113e-05, 5.11749840371e-06, 1.69144386746e-05, 2.9760036341e-05, 3.83878159482e-06, 3.07804402837e-05, 1.99021797016e-05, 1.53572927957e-05, 5.19629838891e-06, 9.443477893e-07, 4.48063900649e-07, 1.54409121933e-07, 1.11099225819e-07, 7.62893535011e-08, 1.17895346818e-07, 6.60845174139e-08, 3.22500604e-08, 7.22349113857e-08, 3.80797331445e-08, 3.97339725566e-08, 3.2658139304e-08, 4.25689847816e-08, 2.16731343983e-08, 3.79681619478e-09, 7.05280001068e-10, 3.66433520413e-16],
        "dvar2": [5.36107869209e-08, 2.9269429433e-05, 1.30809476104e-05, 4.69933838758e-05, 7.70692640799e-05, 9.41719008551e-06, 7.73232532083e-05, 4.89217673021e-05, 3.49880647263e-05, 9.70041674009e-06, 2.44040211328e-06, 1.08709195956e-06, 3.56830412329e-07, 2.55961168705e-07, 1.79266550049e-07, 2.94293670322e-07, 1.74972043965e-07, 8.18595822238e-08, 1.68476972817e-07, 8.32247621929e-08, 7.50112647552e-08, 6.10705654935e-08, 7.6185735054e-08, 3.23556541559e-08, 6.74317446325e-09, 1.44782130729e-09, 1.04966535697e-15],
        "max": [0.00195400812663, 0.034043405205, 0.0227327235043, 0.0515171177685, 0.0537364445627, 0.0351747088134, 0.0737962722778, 0.0852289795876, 0.0763747319579, 0.0498446114361, 0.0210607219487, 0.0247917678207, 0.00812986306846, 0.0109024429694, 0.00541655952111, 0.0122627653182, 0.00550248567015, 0.00312390225008, 0.00811905693263, 0.00471833022311, 0.00301344064064, 0.00254830089398, 0.00481466483325, 0.00445916038007, 0.00119870563503, 0.000263271882432, 5.66179437556e-07],
        "mean": [0.000148743361933, 0.00734113296494, 0.00197446090169, 0.00238164095208, 0.00529082259163, 0.0018298055511, 0.00306267710403, 0.00254929065704, 0.00167685362976, 0.00104350806214, 0.00042151461821, 0.000279512576526, 0.000147624668898, 0.000130975546199, 0.00020480301464, 0.000171203733771, 0.000185886703548, 0.000111319182906, 9.40895406529e-05, 9.57159791142e-05, 0.000107131025288, 9.44990169955e-05, 0.000104554776044, 8.05078234407e-05, 4.76644709124e-05, 1.63292243087e-05, 3.79901354819e-09],
        "median": [1.86951147043e-05, 0.00778187811375, 0.00121924234554, 0.00126075488515, 0.00303620216437, 0.000810292316601, 0.000710227584932, 0.000645776919555, 0.000319317710819, 0.000290626398055, 0.000112950583571, 4.01227152906e-05, 1.70368821273e-05, 3.14444441756e-05, 6.83550097165e-05, 8.28810516396e-05, 0.000108701206045, 3.82675643777e-05, 2.05339365493e-05, 2.24005980272e-05, 2.35910338233e-05, 1.5513454855e-05, 1.5341962353e-05, 1.45727608469e-05, 1.34114407047e-05, 4.14152373196e-06, 1.16383491733e-09],
        "min": [5.81120223402e-24, 1.69109879301e-23, 3.23510358395e-24, 3.36945338032e-23, 1.76550210255e-23, 6.08322072234e-23, 2.98248555187e-23, 5.76033301186e-23, 8.81504856148e-23, 4.1063946162e-23, 6.56576567589e-23, 8.85494851498e-23, 9.30173787468e-23, 6.05469361874e-23, 1.13397871601e-22, 2.16257445033e-22, 2.06038957385e-22, 1.33920927399e-22, 3.19859797271e-22, 2.2147205543e-22, 3.09104909452e-22, 4.27842258665e-22, 5.3455002181e-22, 7.66742204693e-22, 1.00783788827e-21, 1.58883977623e-21, 2.60321816706e-21],
        "var": [7.22749433635e-08, 2.13595831156e-05, 6.28014140602e-06, 1.3663381651e-05, 4.45024852525e-05, 9.30252190301e-06, 5.69639778405e-05, 3.6015506339e-05, 3.66864842363e-05, 1.6125588445e-05, 1.22415076476e-06, 8.20954369374e-07, 2.2152511292e-07, 1.48846297066e-07, 1.43031002153e-07, 1.36296151254e-07, 8.0702136529e-08, 4.18389554113e-08, 9.42439868368e-08, 5.93009445993e-08, 7.21333961451e-08, 5.97999445517e-08, 1.10251164642e-07, 6.68676207738e-08, 9.45391764873e-09, 1.03127051343e-09, 2.21653262469e-16]
    },
    "erbbands": {
        "dmean": [0.0525189116597, 0.539880216122, 1.11860358715, 3.92521119118, 8.48571491241, 13.064699173, 10.7007322311, 7.3430352211, 14.7889823914, 55.4782180786, 26.228433609, 21.883184433, 26.5340213776, 12.6646633148, 12.2659330368, 7.24519968033, 4.79631757736, 4.84762239456, 6.38145923615, 5.53357362747, 5.56879234314, 5.22361087799, 4.32361030579, 3.63814139366, 3.91685175896, 3.3690776825, 3.43060398102, 3.07525420189, 2.52522468567, 2.45274376869, 2.17146682739, 1.37449967861, 0.795658946037, 0.463166028261, 0.188122853637, 0.0703405663371, 0.0219762064517, 0.00293603795581, 5.63969842915e-05, 1.20320410133e-05],
        "dmean2": [0.0838502496481, 0.903485476971, 1.81302154064, 6.75287485123, 14.7301635742, 21.3904018402, 16.6414451599, 11.6176891327, 23.2375965118, 85.3765792847, 40.4012565613, 33.8421058655, 39.1129722595, 19.8488330841, 19.4267349243, 11.6663551331, 7.58919429779, 7.60606431961, 9.75408840179, 9.01081085205, 9.28412532806, 8.6590681076, 7.02083873749, 5.65859174728, 6.10756063461, 4.98777008057, 4.90421915054, 4.42094182968, 3.50867581367, 3.4268488884, 2.970713377, 1.85577809811, 1.05020201206, 0.667307972908, 0.276225626469, 0.104248650372, 0.0325617529452, 0.00439919950441, 8.31496072351e-05, 1.82226303878e-05],
        "dvar": [0.00644017523155, 0.743186533451, 4.04854679108, 61.6790351868, 306.861633301, 449.670898438, 578.508239746, 280.901123047, 1272.02197266, 20101.8515625, 5295.53466797, 9503.92773438, 9073.36816406, 1830.50109863, 1828.14916992, 544.114135742, 236.926605225, 263.540679932, 481.52734375, 228.076339722, 227.359237671, 185.616943359, 102.859214783, 129.02444458, 153.956771851, 89.2566680908, 75.2011260986, 60.2359008789, 38.817691803, 41.6464958191, 39.8225059509, 15.5176744461, 4.58224153519, 0.950828969479, 0.105872154236, 0.0167017485946, 0.00208339118399, 3.83129117836e-05, 1.35507285393e-08, 2.63793487054e-10],
        "dvar2": [0.0140381269157, 1.97100138664, 9.96900558472, 169.117660522, 844.013793945, 1112.79394531, 1296.71618652, 707.569152832, 3343.64404297, 49987.1523438, 13476.8427734, 22152.2597656, 15216.3925781, 3848.72485352, 4777.51806641, 1336.34191895, 588.759887695, 600.12902832, 996.780456543, 582.900268555, 562.578613281, 491.591888428, 267.513549805, 299.169921875, 364.242767334, 194.397994995, 153.441299438, 114.4217453, 70.1455307007, 78.0762557983, 75.2991333008, 25.6211738586, 6.83858299255, 1.572696805, 0.208572983742, 0.0336881428957, 0.00439997855574, 7.9316800111e-05, 2.80868395208e-08, 6.1993787881e-10],
        "max": [0.853162407875, 9.2076997757, 23.8860244751, 75.4994812012, 180.367324829, 246.888885498, 529.081665039, 280.474212646, 578.192993164, 1717.72253418, 1447.53405762, 2335.17211914, 2410.01855469, 1702.42651367, 980.185058594, 746.094726562, 221.433151245, 484.839385986, 930.503662109, 504.957458496, 419.199188232, 288.095367432, 158.546401978, 356.276031494, 318.518096924, 244.196075439, 171.635482788, 101.13458252, 69.3724594116, 127.850746155, 131.584701538, 123.92805481, 59.4938316345, 21.4331245422, 4.7878446579, 1.25910186768, 0.442335307598, 0.0732395425439, 0.00134843983687, 0.00016993265308],
        "mean": [0.176682189107, 1.72288572788, 2.63074421883, 5.76428461075, 10.9727630615, 19.347196579, 19.5719852448, 13.8396186829, 23.5570583344, 79.2987365723, 41.2268714905, 35.1887969971, 46.1987190247, 23.1616077423, 18.3070335388, 10.5806093216, 6.56009721756, 7.10178422928, 10.437746048, 9.62318134308, 10.3876771927, 8.99823093414, 6.89420557022, 4.73717737198, 4.70336771011, 4.56232500076, 4.49400138855, 4.04961490631, 3.25861358643, 3.33278369904, 2.9424226284, 1.97043716908, 1.19965434074, 0.697218954563, 0.245185062289, 0.0849933624268, 0.0265009421855, 0.00358642428182, 8.21653811727e-05, 3.71598544007e-05],
        "median": [0.140621080995, 1.74620807171, 2.08010411263, 3.47592067719, 6.59109735489, 9.70317077637, 6.99224090576, 6.26532363892, 9.33498477936, 13.0469655991, 13.5750617981, 8.83085536957, 11.3631191254, 5.56626415253, 5.19099473953, 1.82420647144, 0.865034341812, 1.77969121933, 3.31463170052, 3.91209483147, 6.54901885986, 5.71052122116, 2.91603684425, 1.17423331738, 1.12544620037, 1.06243145466, 1.07195448875, 0.833776593208, 0.560062170029, 0.452799499035, 0.423205047846, 0.332897931337, 0.233984187245, 0.181368470192, 0.074350707233, 0.0217213258147, 0.00661794748157, 0.000856334227137, 3.285198909e-05, 3.04749537463e-05],
        "min": [9.58632960676e-22, 1.97963788409e-21, 5.38919114681e-21, 1.01302160056e-19, 3.05742659571e-20, 5.97077771575e-20, 2.70756945703e-19, 4.25407175863e-19, 4.93090531551e-19, 6.51991978922e-19, 1.16382192536e-18, 1.45938524215e-18, 2.69655833891e-18, 1.70057621952e-18, 2.88768090098e-18, 2.60385372611e-18, 3.54646863392e-18, 4.23210210005e-18, 5.3054773055e-18, 1.07193285061e-17, 9.05477062562e-18, 1.20486888142e-17, 6.25268223853e-18, 1.27401199893e-17, 1.15085944681e-17, 1.00335693086e-17, 1.49168143383e-17, 1.23816199118e-17, 1.36752013496e-17, 1.57440710515e-17, 1.58621577014e-17, 1.46624347933e-17, 1.08466258121e-17, 1.12510302777e-17, 7.46544399463e-18, 4.40295170608e-18, 3.14602078001e-18, 1.47381189242e-18, 3.43476487153e-19, 3.7093470235e-20],
        "var": [0.0222256742418, 1.45012557507, 5.8178653717, 55.3040504456, 246.800384521, 789.240844727, 1609.99072266, 554.245178223, 2012.36669922, 37752.3867188, 9410.17578125, 17111.5488281, 27615.3828125, 8342.42285156, 2201.70751953, 1049.31811523, 335.134429932, 369.426483154, 864.295593262, 300.935546875, 301.136505127, 206.374572754, 133.774353027, 177.197891235, 199.332687378, 137.642807007, 131.538894653, 103.74786377, 69.9621887207, 90.0389022827, 95.330696106, 41.9460029602, 14.2414665222, 2.69057011604, 0.193745940924, 0.0254501048476, 0.00290594180115, 5.53491991013e-05, 2.02515213488e-08, 6.45963227353e-10]
    },
    "gfcc": {
        "mean": [-29.1141147614, 118.546485901, -86.7075195312, 28.856628418, -60.6450538635, 11.9694843292, -40.5353164673, 17.0529918671, -14.0591821671, 0.320129364729, -23.375202179, -0.530364453793, -3.75850844383],
        "cov": [[7950.02539062, -1190.45495605, -483.799499512, 480.139770508, -459.858764648, 296.214477539, 9.78805923462, 262.452911377, -315.88494873, 154.52015686, 18.6782264709, 148.449890137, -285.061737061], [-1190.45495605, 1370.31726074, -14.2460289001, -449.614624023, 388.772033691, -169.369308472, 48.3766479492, -56.5285453796, 216.333648682, -67.8581390381, 42.7836837769, -79.4222564697, 158.243377686], [-483.799499512, -14.2460289001, 616.354309082, 218.383865356, -8.40861797333, 70.1856918335, -6.51011133194, -50.3430786133, 65.0827941895, 61.6891403198, -62.1579704285, -18.8073959351, 28.5930461884], [480.139770508, -449.614624023, 218.383865356, 540.775390625, -23.3281612396, 77.6500854492, 42.5714187622, 33.0262451172, -15.2289018631, 47.0315742493, -68.7928466797, 49.7163124084, -12.2202377319], [-459.858764648, 388.772033691, -8.40861797333, -23.3281612396, 308.434997559, -25.6925563812, 24.6855049133, 34.9293327332, 89.1401290894, -27.3311138153, -18.2406291962, -3.36532378197, 66.4292907715], [296.214477539, -169.369308472, 70.1856918335, 77.6500854492, -25.6925563812, 186.733337402, 88.528968811, 25.3675308228, -2.46159172058, 60.5961227417, -4.16017150879, 1.9096442461, -29.2317447662], [9.78805923462, 48.3766479492, -6.51011133194, 42.5714187622, 24.6855049133, 88.528968811, 195.637634277, 39.360824585, 27.3933620453, 50.8292541504, 8.08926391602, 2.14018201828, -5.73218297958], [262.452911377, -56.5285453796, -50.3430786133, 33.0262451172, 34.9293327332, 25.3675308228, 39.360824585, 135.434814453, 30.1092987061, 18.1614780426, 14.0676546097, 22.2742004395, -3.13877439499], [-315.88494873, 216.333648682, 65.0827941895, -15.2289018631, 89.1401290894, -2.46159172058, 27.3933620453, 30.1092987061, 130.998809814, 36.3335762024, -3.15879511833, -18.1650600433, 35.017993927], [154.52015686, -67.8581390381, 61.6891403198, 47.0315742493, -27.3311138153, 60.5961227417, 50.8292541504, 18.1614780426, 36.3335762024, 134.348175049, 28.9275054932, -22.9222736359, -24.0935153961], [18.6782264709, 42.7836837769, -62.1579704285, -68.7928466797, -18.2406291962, -4.16017150879, 8.08926391602, 14.0676546097, -3.15879511833, 28.9275054932, 104.501342773, 3.68301105499, -17.1611995697], [148.449890137, -79.4222564697, -18.8073959351, 49.7163124084, -3.36532378197, 1.9096442461, 2.14018201828, 22.2742004395, -18.1650600433, -22.9222736359, 3.68301105499, 81.3991622925, 7.89501571655], [-285.061737061, 158.243377686, 28.5930461884, -12.2202377319, 66.4292907715, -29.2317447662, -5.73218297958, -3.13877439499, 35.017993927, -24.0935153961, -17.1611995697, 7.89501571655, 88.6073455811]],
        "icov": [[0.000243694361416, -0.000418647570768, 0.000345389853464, -0.000445915618911, 0.000517937063705, -0.000544585695025, 0.000550282944459, -0.000660972262267, 0.000698580755852, -0.000510724436026, 0.00041186218732, -0.000355163821951, 0.000499388959724], [-0.000418647570768, 0.0045990399085, -0.00141896808054, 0.00327852251939, -0.00404628878459, 0.00327942892909, -0.00355216674507, 0.00340982433408, -0.00444935867563, 0.0024667957332, -0.00261440803297, 0.00193734664936, -0.0028936075978], [0.000345389853464, -0.00141896808054, 0.00322294328362, -0.00216239178553, 0.00176258711144, -0.00229442445561, 0.0020971505437, -4.79363370687e-05, 4.25209782406e-06, -0.00159157835878, 0.00157248286996, -0.000408835097915, 0.00026919002994], [-0.000445915618911, 0.00327852251939, -0.00216239178553, 0.00537986122072, -0.00316156866029, 0.00254648923874, -0.00303647038527, 0.00177660863847, -0.00213099550456, 0.0005621452583, 5.39819557162e-05, -0.000522905203979, -0.00172100379132], [0.000517937063705, -0.00404628878459, 0.00176258711144, -0.00316156866029, 0.00854060053825, -0.00304783252068, 0.0027637523599, -0.003894362133, 0.00108859827742, -0.0007220110856, 0.00257091480307, -0.00126235198695, 0.000504008377902], [-0.000544585695025, 0.00327942892909, -0.00229442445561, 0.00254648923874, -0.00304783252068, 0.0112416930497, -0.00610074913129, 0.00177125225309, -0.00175817217678, -0.000452955224318, -0.000833216065075, 0.000962764548603, -0.000530906370841], [0.000550282944459, -0.00355216674507, 0.0020971505437, -0.00303647038527, 0.0027637523599, -0.00610074913129, 0.0103723714128, -0.00359461433254, 0.00271264673211, -0.00357186445035, 0.00198644003831, -0.00184476457071, 0.00198345934041], [-0.000660972262267, 0.00340982433408, -4.79363370687e-05, 0.00177660863847, -0.003894362133, 0.00177125225309, -0.00359461433254, 0.0130805168301, -0.0069466046989, 0.00202948786318, -0.00320710754022, -0.00094306707615, -0.00146070413757], [0.000698580755852, -0.00444935867563, 4.25209782406e-06, -0.00213099550456, 0.00108859827742, -0.00175817217678, 0.00271264673211, -0.0069466046989, 0.0188215747476, -0.00739064300433, 0.0037290987093, -0.000421810778789, -0.000256645755144], [-0.000510724436026, 0.0024667957332, -0.00159157835878, 0.0005621452583, -0.0007220110856, -0.000452955224318, -0.00357186445035, 0.00202948786318, -0.00739064300433, 0.0151699911803, -0.00620816648006, 0.00503358012065, 0.000170157378307], [0.00041186218732, -0.00261440803297, 0.00157248286996, 5.39819557162e-05, 0.00257091480307, -0.000833216065075, 0.00198644003831, -0.00320710754022, 0.0037290987093, -0.00620816648006, 0.0147505346686, -0.00392902828753, 0.00335176312365], [-0.000355163821951, 0.00193734664936, -0.000408835097915, -0.000522905203979, -0.00126235198695, 0.000962764548603, -0.00184476457071, -0.00094306707615, -0.000421810778789, 0.00503358012065, -0.00392902828753, 0.0171872135252, -0.00418839743361], [0.000499388959724, -0.0028936075978, 0.00026919002994, -0.00172100379132, 0.000504008377902, -0.000530906370841, 0.00198345934041, -0.00146070413757, -0.000256645755144, 0.000170157378307, 0.00335176312365, -0.00418839743361, 0.0184294208884]]
    },
    "melbands": {
        "dmean": [0.000545405608136, 0.000580811698455, 0.000767883961089, 0.000771478167735, 0.000428450584877, 0.000171379491803, 0.000279486353975, 0.000572146789636, 0.000180819784873, 0.00015064823674, 0.00013251042401, 5.27430056536e-05, 4.24367062806e-05, 2.66360329988e-05, 1.29592071971e-05, 1.1384496247e-05, 8.81436426425e-06, 1.05380468085e-05, 8.83200573298e-06, 7.45064198782e-06, 6.9335533226e-06, 6.08881646258e-06, 4.6840827963e-06, 3.57632757186e-06, 2.98219856631e-06, 3.18622915074e-06, 2.35438733398e-06, 2.31773356063e-06, 2.25956478062e-06, 2.10801931644e-06, 1.6796888076e-06, 1.46004015278e-06, 1.38017855988e-06, 1.38076700296e-06, 1.33170874506e-06, 1.05946162421e-06, 8.09583809769e-07, 5.81638460062e-07, 4.90463094138e-07, 3.81412746719e-07],
        "dmean2": [0.000895874749403, 0.000944943632931, 0.00131351675373, 0.00129509426188, 0.000667758285999, 0.000269923708402, 0.000436705478933, 0.000881774583831, 0.000275295780739, 0.000234565566643, 0.000195851607714, 8.29559430713e-05, 6.73202011967e-05, 4.25130347139e-05, 2.06165859709e-05, 1.79349335667e-05, 1.41567898027e-05, 1.60337967827e-05, 1.4132007891e-05, 1.22900191855e-05, 1.15799257401e-05, 1.0176273463e-05, 7.75761145633e-06, 5.80053892918e-06, 4.64813456347e-06, 5.16190675626e-06, 3.63726326214e-06, 3.49862784788e-06, 3.31872320203e-06, 3.07414757117e-06, 2.47084153671e-06, 2.07255516216e-06, 1.98988141165e-06, 1.96791870621e-06, 1.85452711321e-06, 1.47812420437e-06, 1.12686154807e-06, 7.91231684616e-07, 6.78963829159e-07, 5.68700841086e-07],
        "dvar": [6.61613682951e-07, 8.88061606474e-07, 2.42933742811e-06, 1.79564233349e-06, 6.7376441848e-07, 1.42875691722e-07, 4.65420868068e-07, 2.00396289074e-06, 3.01235019151e-07, 4.2738264483e-07, 2.21809202117e-07, 3.97073627312e-08, 2.11412611861e-08, 8.90264750808e-09, 1.39534295229e-09, 1.73899339373e-09, 8.52706016907e-10, 1.86430404447e-09, 4.1738074108e-10, 7.52301221318e-10, 3.09059500214e-10, 2.5605870202e-10, 1.43400541441e-10, 6.84310386134e-11, 9.07090097479e-11, 1.16050564991e-10, 4.18023532456e-11, 4.62770551046e-11, 3.53508160245e-11, 2.86687687479e-11, 1.872661054e-11, 1.34390129233e-11, 1.40161857815e-11, 1.31701542033e-11, 1.74172880979e-11, 8.24276150807e-12, 6.38034026654e-12, 2.93343669668e-12, 1.38127280881e-12, 6.1091035659e-13],
        "dvar2": [1.62888386512e-06, 2.20794686356e-06, 6.54986160953e-06, 4.84381553179e-06, 1.51968083628e-06, 3.64245238416e-07, 1.2225343653e-06, 4.97955625178e-06, 7.57080101721e-07, 1.01634100247e-06, 3.75121885554e-07, 8.56783302083e-08, 5.58255166538e-08, 2.15170654627e-08, 3.42964190381e-09, 3.84010201415e-09, 1.98866279e-09, 3.73021835642e-09, 1.06169173453e-09, 1.93163884887e-09, 7.74439845586e-10, 6.78345657423e-10, 3.78707121218e-10, 1.73005568205e-10, 2.08180445105e-10, 2.79009065851e-10, 9.37326535833e-11, 1.04190836514e-10, 7.71472885575e-11, 5.81318604365e-11, 3.65458253937e-11, 2.42473992274e-11, 2.91242065187e-11, 2.39745324287e-11, 3.51010435995e-11, 1.43680328052e-11, 1.14400043258e-11, 4.81204095668e-12, 2.23533214508e-12, 1.1521119345e-12],
        "max": [0.00851881410927, 0.0100731756538, 0.0184293910861, 0.0140467341989, 0.0147891640663, 0.00564878527075, 0.0102097997442, 0.0194106139243, 0.0106609649956, 0.0139553351328, 0.0116203678772, 0.00776401674375, 0.00315944594331, 0.00363426771946, 0.000713162706234, 0.000952608184889, 0.000802626542281, 0.00192845065612, 0.000362174207112, 0.0010246305028, 0.000341113860486, 0.000365547224646, 0.000247095886152, 0.0001255213283, 0.000309965311317, 0.000295265868772, 0.000118960953841, 0.000176318266313, 0.000117708608741, 8.47919363878e-05, 6.18432895862e-05, 3.81741810997e-05, 6.23705855105e-05, 8.2307116827e-05, 8.81373998709e-05, 7.17316870578e-05, 8.46809198265e-05, 5.10988247697e-05, 2.77757299045e-05, 1.766245623e-05],
        "mean": [0.00186219904572, 0.00178454932757, 0.00112651567906, 0.00108591397293, 0.000762177223805, 0.000317613157677, 0.000433768174844, 0.00082390330499, 0.000281041720882, 0.000239727698499, 0.000228078803048, 9.18746518437e-05, 6.15372264292e-05, 3.75827221433e-05, 1.74539582076e-05, 1.46852034959e-05, 1.21682942336e-05, 1.61838906934e-05, 1.37254619403e-05, 1.28344754557e-05, 1.23995823742e-05, 1.0188196029e-05, 7.19804666005e-06, 5.27220072399e-06, 3.6045601064e-06, 3.59402383765e-06, 3.03905198962e-06, 3.04168224829e-06, 2.83979352389e-06, 2.66618349087e-06, 2.2062458811e-06, 1.86280419712e-06, 1.76732726231e-06, 1.86609224784e-06, 1.7381047428e-06, 1.45105093452e-06, 1.11394706437e-06, 8.41919302275e-07, 7.4310491982e-07, 5.38448261977e-07],
        "median": [0.00189991481602, 0.00168004853185, 0.000689202861395, 0.000661720870994, 0.000297984312056, 0.000138931325637, 0.000146411141031, 0.000134793663165, 8.84658365976e-05, 4.79631962662e-05, 5.4262131016e-05, 1.8564363927e-05, 1.71490391949e-05, 6.8832227953e-06, 2.79796972791e-06, 1.6693145426e-06, 3.22115147355e-06, 4.64442246084e-06, 4.12543613493e-06, 6.57513646729e-06, 7.63455136621e-06, 6.34193838778e-06, 3.58516786036e-06, 1.63382514984e-06, 7.23450909845e-07, 7.52116250169e-07, 7.06499577063e-07, 6.36677839339e-07, 6.35669437088e-07, 5.29644864855e-07, 4.60452213247e-07, 3.25902192344e-07, 2.35977424268e-07, 2.42017620167e-07, 2.19977792426e-07, 2.43929321186e-07, 1.72163865386e-07, 1.39674156685e-07, 1.7852435974e-07, 1.34321794576e-07],
        "min": [6.44831548893e-24, 1.98767428465e-24, 1.42642207535e-23, 2.73834880004e-24, 8.01154986885e-24, 1.03215602136e-23, 7.13628739526e-24, 7.99707979326e-24, 1.0809711286e-23, 1.11999576204e-23, 1.37291569119e-23, 5.74631803013e-24, 9.66485323148e-24, 1.2105414534e-23, 3.55000147453e-24, 9.45742620075e-24, 7.54125150754e-24, 7.98875415527e-24, 1.03615925379e-23, 1.57121007921e-23, 9.62506860944e-24, 1.28848043752e-23, 8.30297323103e-24, 4.56941841779e-24, 9.96113518798e-24, 9.71259509346e-24, 8.62076111354e-24, 6.55656495449e-24, 9.91620482626e-24, 6.62543763912e-24, 7.54925923458e-24, 8.17322770023e-24, 7.4583603702e-24, 8.86697959041e-24, 8.09767139159e-24, 8.36037627252e-24, 9.18505856259e-24, 7.02511717219e-24, 8.6958346393e-24, 9.63570718761e-24],
        "var": [1.46510853938e-06, 1.70035673364e-06, 2.15878048948e-06, 1.91948515749e-06, 1.84679265658e-06, 2.89856075142e-07, 7.80876405315e-07, 3.76261414203e-06, 5.12575297762e-07, 8.25603535759e-07, 6.7915902946e-07, 1.71759353407e-07, 2.55608298971e-08, 1.51772301393e-08, 2.13694373308e-09, 2.81546763681e-09, 1.09774811463e-09, 3.18922932507e-09, 5.9658256113e-10, 8.03740629607e-10, 4.12821221651e-10, 2.78113976293e-10, 1.62130003867e-10, 9.38080169099e-11, 1.25263605044e-10, 1.41168701728e-10, 6.26888124744e-11, 6.64605176448e-11, 5.5402436111e-11, 4.87744150623e-11, 3.07590862503e-11, 2.33537997968e-11, 2.35745017257e-11, 3.06414303652e-11, 3.70680222628e-11, 2.11446068987e-11, 1.53089797783e-11, 8.40849178479e-12, 3.97743686945e-12, 1.46287550216e-12]
    },
    "mfcc": {
        "mean": [-680.505187988, 148.251220703, 27.8355331421, 22.792842865, 8.71399879456, -2.20792531967, -9.88433456421, 5.57605886459, 13.6753902435, 3.56900405884, -6.00891542435, -0.0494213104248, 0.0401956140995],
        "cov": [[6487.72412109, -1439.9777832, -228.834686279, 94.672996521, -288.309539795, 8.72736549377, 306.31161499, 192.443099976, -248.80557251, 8.10045051575, 162.072875977, 154.507904053, 26.9074306488], [-1439.9777832, 1757.01489258, -317.469024658, -193.003875732, 185.516479492, -91.477645874, -119.511642456, -56.2476463318, 154.82623291, -25.0438594818, -18.0335617065, 11.3025665283, 3.85150623322], [-228.834686279, -317.469024658, 643.66192627, 154.319091797, -2.50008153915, 152.447158813, -20.8127632141, -39.9268989563, 37.6975250244, 65.2191696167, 9.87649250031, -35.7366371155, 8.72386264801], [94.672996521, -193.003875732, 154.319091797, 362.935882568, 83.0092468262, 74.7405853271, -8.21165466309, 51.2223472595, 88.503868103, 7.72504043579, -13.6044425964, -2.52456307411, 40.8717842102], [-288.309539795, 185.516479492, -2.50008153915, 83.0092468262, 234.654724121, -11.9003839493, -52.2174758911, 16.9079475403, 74.0765609741, -10.1552534103, -33.9886245728, 1.49899506569, 11.0262899399], [8.72736549377, -91.477645874, 152.447158813, 74.7405853271, -11.9003839493, 211.455978394, 49.2853775024, 11.4012012482, 53.7609519958, 54.1155509949, 37.4040412903, -16.8811779022, 13.7097873688], [306.31161499, -119.511642456, -20.8127632141, -8.21165466309, -52.2174758911, 49.2853775024, 146.138214111, 40.5982551575, -16.7651081085, 33.5274620056, 51.9125099182, 16.0027122498, 7.69959211349], [192.443099976, -56.2476463318, -39.9268989563, 51.2223472595, 16.9079475403, 11.4012012482, 40.5982551575, 142.02557373, 47.6032333374, -31.7652778625, -0.115717254579, 42.5088768005, 20.5996627808], [-248.80557251, 154.82623291, 37.6975250244, 88.503868103, 74.0765609741, 53.7609519958, -16.7651081085, 47.6032333374, 191.596069336, 25.3850307465, -5.22356510162, 17.6559753418, 17.1972255707], [8.10045051575, -25.0438594818, 65.2191696167, 7.72504043579, -10.1552534103, 54.1155509949, 33.5274620056, -31.7652778625, 25.3850307465, 155.830581665, 60.8387527466, -23.6273956299, 12.0188493729], [162.072875977, -18.0335617065, 9.87649250031, -13.6044425964, -33.9886245728, 37.4040412903, 51.9125099182, -0.115717254579, -5.22356510162, 60.8387527466, 113.292007446, 33.0951385498, 10.4396409988], [154.507904053, 11.3025665283, -35.7366371155, -2.52456307411, 1.49899506569, -16.8811779022, 16.0027122498, 42.5088768005, 17.6559753418, -23.6273956299, 33.0951385498, 114.433601379, 19.526506424], [26.9074306488, 3.85150623322, 8.72386264801, 40.8717842102, 11.0262899399, 13.7097873688, 7.69959211349, 20.5996627808, 17.1972255707, 12.0188493729, 10.4396409988, 19.526506424, 75.2014312744]],
