{
"lowlevel": {
    "average_loudness": 0.983980178833,
    "barkbands_crest": {
        "dmean": 2.43982028961,
        "dmean2": 4.05467939377,
        "dvar": 5.15785694122,
        "dvar2": 13.4053211212,
        "max": 22.6443786621,
        "mean": 7.31370735168,
        "median": 6.58370685577,
        "min": 2.6566836834,
        "var": 9.22338962555
    },
    "barkbands_flatness_db": {
        "dmean": 0.0177108757198,
        "dmean2": 0.0279656704515,
        "dvar": 0.000257166539086,
        "dvar2": 0.000619532191195,
        "max": 0.240941360593,
        "mean": 0.132610321045,
        "median": 0.128890365362,
        "min": 0.0704431012273,
        "var": 0.000698640011251
    },
    "barkbands_kurtosis": {
        "dmean": 1.31377482414,
        "dmean2": 2.21654939651,
        "dvar": 7.23555374146,
        "dvar2": 19.2382259369,
        "max": 26.6294345856,
        "mean": -0.15889826417,
        "median": -0.937291145325,
        "min": -1.84094417095,
        "var": 6.90854787827
    },
    "barkbands_skewness": {
        "dmean": 0.531060397625,
        "dmean2": 0.834648132324,
        "dvar": 0.309716880322,
        "dvar2": 0.754637002945,
        "max": 5.03305578232,
        "mean": 0.658761680126,
        "median": 0.514165520668,
        "min": -1.36462962627,
        "var": 0.731759667397
    },
    "barkbands_spread": {
        "dmean": 6.48150491714,
        "dmean2": 10.3944797516,
        "dvar": 36.950466156,
        "dvar2": 90.1440811157,
        "max": 78.4764404297,
        "mean": 34.9156761169,
        "median": 35.108505249,
        "min": 7.64068746567,
        "var": 86.0870666504
    },
    "dissonance": {
        "dmean": 0.00895168818533,
        "dmean2": 0.0153450062498,
        "dvar": 6.93463516654e-05,
        "dvar2": 0.000182756528375,
        "max": 0.5,
        "mean": 0.484625816345,
        "median": 0.486706137657,
        "min": 0.381501227617,
        "var": 0.000110838896944
    },
    "dynamic_complexity": 1.27200043201,
    "erbbands_crest": {
        "dmean": 2.26802706718,
        "dmean2": 3.69588756561,
        "dvar": 3.88329553604,
        "dvar2": 10.1667785645,
        "max": 24.0410327911,
        "mean": 7.73312997818,
        "median": 7.23410797119,
        "min": 2.86169099808,
        "var": 8.75311183929
    },
    "erbbands_flatness_db": {
        "dmean": 0.0143770799041,
        "dmean2": 0.0216158349067,
        "dvar": 0.000147532642586,
        "dvar2": 0.000299992127111,
        "max": 0.274926573038,
        "mean": 0.189101234078,
        "median": 0.189061269164,
        "min": 0.113628745079,
        "var": 0.000698288378771
    },
    "erbbands_kurtosis": {
        "dmean": 1.04122066498,
        "dmean2": 1.66746306419,
        "dvar": 1.49012255669,
        "dvar2": 3.57976150513,
        "max": 14.6924514771,
        "mean": 0.839139997959,
        "median": 0.195824146271,
        "min": -1.64781236649,
        "var": 4.3264875412
    },
    "erbbands_skewness": {
        "dmean": 0.32871940732,
        "dmean2": 0.511699855328,
        "dvar": 0.0811837390065,
        "dvar2": 0.19799426198,
        "max": 1.07683646679,
        "mean": -0.77438056469,
        "median": -0.680945575237,
        "min": -3.39784312248,
        "var": 0.387917220592
    },
    "erbbands_spread": {
        "dmean": 8.14145851135,
        "dmean2": 13.2315502167,
        "dvar": 65.8907089233,
        "dvar2": 170.756057739,
        "max": 109.964195251,
        "mean": 34.7881088257,
        "median": 32.5114479065,
        "min": 7.55933713913,
        "var": 186.888214111
    },
    "hfc": {
        "dmean": 6.57413911819,
        "dmean2": 10.5027770996,
        "dvar": 42.2634620667,
        "dvar2": 105.350250244,
        "max": 77.2321929932,
        "mean": 30.5526237488,
        "median": 30.1338882446,
        "min": 0.000496097665746,
        "var": 182.105880737
    },
    "melbands_crest": {
        "dmean": 3.45790362358,
        "dmean2": 5.69070863724,
        "dvar": 8.50196266174,
        "dvar2": 21.0878162384,
        "max": 27.5668315887,
        "mean": 12.5042514801,
        "median": 12.036154747,
        "min": 3.60137200356,
        "var": 20.3425045013
    },
    "melbands_flatness_db": {
        "dmean": 0.0257367603481,
        "dmean2": 0.0382416434586,
        "dvar": 0.000641860591713,
        "dvar2": 0.00136860087514,
        "max": 0.309543728828,
        "mean": 0.146698310971,
        "median": 0.138856872916,
        "min": 0.0502357147634,
        "var": 0.00191347661894
    },
    "melbands_kurtosis": {
        "dmean": 5.23171615601,
        "dmean2": 8.64839458466,
        "dvar": 108.375511169,
        "dvar2": 285.623931885,
        "max": 123.50769043,
        "mean": 5.51175832748,
        "median": 2.14730596542,
        "min": -1.67526209354,
        "var": 115.680343628
    },
    "melbands_skewness": {
        "dmean": 0.780640006065,
        "dmean2": 1.22288751602,
        "dvar": 0.810700178146,
        "dvar2": 1.97292518616,
        "max": 9.87668895721,
        "mean": 2.01488423347,
        "median": 1.69822609425,
        "min": -0.249071881175,
        "var": 1.7168649435
    },
    "melbands_spread": {
        "dmean": 11.7610855103,
        "dmean2": 18.3329200745,
        "dvar": 107.985588074,
        "dvar2": 249.685684204,
        "max": 111.541160583,
        "mean": 43.5773391724,
        "median": 43.278087616,
        "min": 3.87541794777,
        "var": 348.916687012
    },
    "pitch_salience": {
        "dmean": 0.0728914216161,
        "dmean2": 0.118846058846,
        "dvar": 0.00369772617705,
        "dvar2": 0.0097093526274,
        "max": 0.80901235342,
        "mean": 0.577959597111,
        "median": 0.580220341682,
        "min": 0.264991283417,
        "var": 0.00800578296185
    },
    "silence_rate_20dB": {
        "dmean": 0,
        "dmean2": 0,
        "dvar": 0,
        "dvar2": 0,
        "max": 1,
        "mean": 1,
        "median": 1,
        "min": 1,
        "var": 0
    },
    "silence_rate_30dB": {
        "dmean": 0,
        "dmean2": 0,
        "dvar": 0,
        "dvar2": 0,
        "max": 1,
        "mean": 1,
        "median": 1,
        "min": 1,
        "var": 0
    },
    "silence_rate_60dB": {
        "dmean": 0.00155038759112,
        "dmean2": 0.00310318078846,
        "dvar": 0.00154796463903,
        "dvar2": 0.00309357605875,
        "max": 1,
        "mean": 0.018590239808,
        "median": 0,
        "min": 0,
        "var": 0.0182442851365
    },
    "spectral_centroid": {
        "dmean": 257.227111816,
        "dmean2": 412.970214844,
        "dvar": 52025.1601562,
        "dvar2": 132391.515625,
        "max": 3356.2199707,
        "mean": 2067.24682617,
        "median": 2114.98706055,
        "min": 640.842346191,
        "var": 161858.671875
    },
    "spectral_complexity": {
        "dmean": 4.66046524048,
        "dmean2": 7.29635381699,
        "dvar": 15.0862779617,
        "dvar2": 32.4707756042,
        "max": 54,
        "mean": 31.629743576,
        "median": 32,
        "min": 0,
        "var": 79.5329666138
    },
    "spectral_decrease": {
        "dmean": 2.67489830286e-09,
        "dmean2": 4.34822755579e-09,
        "dvar": 9.6160399682e-18,
        "dvar2": 2.4520674072e-17,
        "max": -6.14141441695e-14,
        "mean": -6.81716239015e-09,
        "median": -6.1158793585e-09,
        "min": -2.45394140563e-08,
        "var": 1.27179573391e-17
    },
    "spectral_energy": {
        "dmean": 0.0104497615248,
        "dmean2": 0.0169768650085,
        "dvar": 0.000139820127515,
        "dvar2": 0.000358164863428,
        "max": 0.0944262072444,
        "mean": 0.0285007562488,
        "median": 0.0261187832803,
        "min": 2.76787375242e-07,
        "var": 0.000193726838916
    },
    "spectral_energyband_high": {
        "dmean": 0.00039973235107,
        "dmean2": 0.000616684090346,
        "dvar": 3.12611604159e-07,
        "dvar2": 6.16663214714e-07,
        "max": 0.00896407291293,
        "mean": 0.0010938369669,
        "median": 0.000897430349141,
        "min": 7.75483766091e-09,
        "var": 7.89475848251e-07
    },
    "spectral_energyband_low": {
        "dmean": 0.00766460364684,
        "dmean2": 0.0123128481209,
        "dvar": 0.000146070829942,
        "dvar2": 0.000365881918697,
        "max": 0.0876928642392,
        "mean": 0.0106524676085,
        "median": 0.00622123293579,
        "min": 2.12680895118e-08,
        "var": 0.000157182541443
    },
    "spectral_energyband_middle_high": {
        "dmean": 0.00229575647973,
        "dmean2": 0.00362112023868,
        "dvar": 4.98711369801e-06,
        "dvar2": 1.25920414575e-05,
        "max": 0.0274559501559,
        "mean": 0.00949904043227,
        "median": 0.00906371604651,
        "min": 2.10805907841e-07,
        "var": 2.75660859188e-05
    },
    "spectral_energyband_middle_low": {
        "dmean": 0.00456107221544,
        "dmean2": 0.00776453875005,
        "dvar": 2.80386739178e-05,
        "dvar2": 7.53502681619e-05,
        "max": 0.0476041398942,
        "mean": 0.0091194678098,
        "median": 0.00774528039619,
        "min": 3.76799320634e-08,
        "var": 3.54044859705e-05
    },
    "spectral_entropy": {
        "dmean": 0.0903425514698,
        "dmean2": 0.132973000407,
        "dvar": 0.00691588129848,
        "dvar2": 0.0121462531388,
        "max": 8.35346984863,
        "mean": 7.7675280571,
        "median": 7.77572202682,
        "min": 7.24538850784,
        "var": 0.0346821285784
    },
    "spectral_flux": {
        "dmean": 0.0276006087661,
        "dmean2": 0.0432517230511,
        "dvar": 0.000688927539159,
        "dvar2": 0.0015183610376,
        "max": 0.255515575409,
        "mean": 0.10283934325,
        "median": 0.0990463793278,
        "min": 0.00052610586863,
        "var": 0.00139711331576
    },
    "spectral_kurtosis": {
        "dmean": 1.48023951054,
        "dmean2": 2.55042982101,
        "dvar": 2.04298210144,
        "dvar2": 5.46708869934,
        "max": 18.4669361115,
        "mean": 2.61094236374,
        "median": 2.16467618942,
        "min": -0.577663183212,
        "var": 3.27266407013
    },
    "spectral_rms": {
        "dmean": 0.000903204083443,
        "dmean2": 0.00143881421536,
        "dvar": 7.96272502157e-07,
        "dvar2": 2.01736702365e-06,
        "max": 0.0095980791375,
        "mean": 0.00510849803686,
        "median": 0.00504794437438,
        "min": 1.64327866514e-05,
        "var": 1.70888586126e-06
    },
    "spectral_rolloff": {
        "dmean": 566.290649414,
        "dmean2": 919.997192383,
        "dvar": 427581.5625,
        "dvar2": 934581.125,
        "max": 7773.48632812,
        "mean": 2393.22167969,
        "median": 2454.78515625,
        "min": 86.1328125,
        "var": 910329.5625
    },
    "spectral_skewness": {
        "dmean": 0.179559513927,
        "dmean2": 0.305947750807,
        "dvar": 0.0251896381378,
        "dvar2": 0.0650712698698,
        "max": 2.948148489,
        "mean": 0.893169462681,
        "median": 0.873939156532,
        "min": 0.223278298974,
        "var": 0.0474169366062
    },
    "spectral_spread": {
        "dmean": 332139.46875,
        "dmean2": 487667.75,
        "dvar": 172628393984,
        "dvar2": 247744167936,
        "max": 12530404,
        "mean": 3365465.25,
        "median": 3241034.25,
        "min": 1801093.75,
        "var": 579611197440
    },
    "spectral_strongpeak": {
        "dmean": 0.726698935032,
        "dmean2": 1.29112410545,
        "dvar": 1.66361999512,
        "dvar2": 4.45741891861,
        "max": 9.92955207825,
        "mean": 0.885550141335,
        "median": 0.409822225571,
        "min": 0.00287502282299,
        "var": 1.76846599579
    },
    "zerocrossingrate": {
        "dmean": 0.0099041601643,
        "dmean2": 0.0116255637258,
        "dvar": 8.15786770545e-05,
        "dvar2": 9.64622668107e-05,
        "max": 0.19482421875,
        "mean": 0.0774695426226,
        "median": 0.07568359375,
        "min": 0.01513671875,
        "var": 0.000493468425702
    },
    "barkbands": {
        "dmean": [0.000126748913317, 0.00376037112437, 0.00368872587569, 0.00178009341471, 0.00229069986381, 0.000929009809624, 0.000621166429482, 0.000549547781702, 0.000756921828724, 0.000311555719236, 0.000310438743327, 0.000439195981016, 0.000500745838508, 0.000436270434875, 0.000382685364457, 0.000788320496213, 0.000736704154406, 0.000531465746462, 0.000364295003237, 0.000249427102972, 0.000144718767842, 9.61780315265e-05, 7.74872532929e-05, 6.40553917037e-05, 1.90322589333e-05, 2.58460630675e-08, 1.75834919958e-08],
        "dmean2": [0.00021567249496, 0.00601196521893, 0.0063404077664, 0.0030425642617, 0.00399637315422, 0.00160188740119, 0.00103215943091, 0.000889161019586, 0.00122082349844, 0.000501535658259, 0.000513938139193, 0.000685075123329, 0.000833242665976, 0.000699387397617, 0.000622010149527, 0.00131425296422, 0.00121727690566, 0.00086967687821, 0.000590100244153, 0.000399778247811, 0.000239422050072, 0.000153999280883, 0.000117587413115, 9.48747983784e-05, 2.82716755464e-05, 4.34792681858e-08, 3.24889271042e-08],
        "dvar": [4.30645457072e-08, 4.43667559011e-05, 3.18704624078e-05, 7.63812749938e-06, 1.24062289615e-05, 2.47391358243e-06, 8.56982012465e-07, 1.33648450173e-06, 1.16884416457e-06, 2.96354784268e-07, 4.76033932273e-07, 5.72652595565e-07, 7.78005244229e-07, 4.38361666966e-07, 3.88233900139e-07, 1.4138061033e-06, 6.00107398441e-07, 4.46122470521e-07, 1.63501027828e-07, 8.36501570234e-08, 3.89884924346e-08, 1.84535213776e-08, 3.23691224935e-08, 3.04677314489e-08, 3.9333740709e-09, 4.35851729735e-15, 2.6514636349e-15],
        "dvar2": [1.14100672022e-07, 0.000101896868728, 8.74731849763e-05, 2.07594275707e-05, 3.37670790032e-05, 6.41134147372e-06, 2.30489899877e-06, 3.13297459797e-06, 2.91056153401e-06, 6.92435605743e-07, 1.37891038321e-06, 1.21688026411e-06, 2.05344258575e-06, 1.00045258478e-06, 9.22130709569e-07, 3.84068925996e-06, 1.52349764448e-06, 1.12747932235e-06, 4.04089917083e-07, 2.04208930654e-07, 9.95391431502e-08, 3.69103325681e-08, 6.51863985013e-08, 6.10866166539e-08, 8.55126991439e-09, 1.11568985997e-14, 7.59366307763e-15],
        "max": [0.0022306451574, 0.0482001900673, 0.0476964861155, 0.039476133883, 0.0284433532506, 0.0150836706161, 0.0119629725814, 0.0165191330016, 0.0121346572414, 0.00875894539058, 0.0109130972996, 0.0103749986738, 0.0079705780372, 0.010319323279, 0.008275850676, 0.0174752343446, 0.00891083199531, 0.00675253663212, 0.00432601617649, 0.00386044289917, 0.0031803608872, 0.0036607326474, 0.00358905363828, 0.00214252527803, 0.00127590284683, 9.91028855424e-07, 9.57061047302e-07],
        "mean": [0.000117309384223, 0.0039478559047, 0.00479478668422, 0.00248090643436, 0.00277734082192, 0.00100597366691, 0.000985712278634, 0.000661563884933, 0.00110876921099, 0.000412998371758, 0.000534001854248, 0.000705991697032, 0.000745918077882, 0.00073826481821, 0.000649535679258, 0.00168797082733, 0.00166116922628, 0.00113849912304, 0.000900073791854, 0.000593930482864, 0.000327600952005, 0.000223684110097, 0.000157566333655, 0.000115623086458, 2.77027484117e-05, 2.96564621749e-08, 1.18795933091e-08],
        "median": [3.16962323268e-05, 0.00119531748351, 0.00301161268726, 0.00163943960797, 0.0017206594348, 0.000462989264634, 0.00050516059855, 0.000220551853999, 0.000597015430685, 0.000207061326364, 0.0001745235204, 0.000272215518635, 0.0003531400871, 0.000408316525863, 0.000382438331144, 0.0010924708331, 0.00132026744541, 0.000776299741119, 0.000730979954824, 0.000471923704026, 0.000281218730379, 0.000185069075087, 0.000101219891803, 5.67672141187e-05, 7.19042327546e-06, 8.60920756907e-09, 1.66997571327e-09],
        "min": [1.33768418564e-09, 1.10153388633e-08, 1.51613555044e-09, 1.05459585509e-09, 1.7015171494e-08, 1.39441000968e-08, 8.44282865842e-10, 1.59545421319e-09, 1.87276660846e-09, 4.43088055135e-09, 8.19390866269e-09, 3.75474806802e-09, 4.52782478177e-09, 8.58854960484e-08, 1.03575825694e-09, 1.25802994688e-08, 2.448762082e-08, 4.71929588741e-08, 1.33861055573e-08, 6.2187717198e-09, 3.50751250267e-09, 3.39393357862e-09, 4.64960625557e-10, 3.71157965473e-12, 3.07004486937e-12, 2.56475223004e-12, 3.51993521136e-12],
        "var": [4.14284393457e-08, 4.67832724098e-05, 3.10228751914e-05, 8.7981343313e-06, 1.11969056888e-05, 2.38872758018e-06, 1.67597011114e-06, 1.88833621451e-06, 1.77930837708e-06, 4.22830964908e-07, 1.35362142828e-06, 1.30699731926e-06, 1.19414198707e-06, 8.33131366562e-07, 6.97147072515e-07, 3.78703180104e-06, 1.59397916377e-06, 1.0866934872e-06, 4.80238838918e-07, 2.46352215072e-07, 5.97379852252e-08, 4.73877541651e-08, 6.68385169433e-08, 5.60373756286e-08, 7.16428427694e-09, 5.65507105323e-15, 1.59779435319e-15]
    },
    "erbbands": {
        "dmean": [0.11108571291, 0.896708667278, 3.38856482506, 6.15055084229, 3.82742476463, 9.31279087067, 10.7317819595, 7.70651197433, 8.92311191559, 8.44812202454, 13.0940332413, 18.6171112061, 9.59762191772, 10.9439525604, 11.8121891022, 16.4944667816, 21.7778396606, 18.4500083923, 24.101474762, 20.9962215424, 43.2952232361, 38.7994766235, 31.0154953003, 19.7152423859, 15.8141536713, 11.0606851578, 6.07508611679, 5.71450853348, 3.70587491989, 2.49757742882, 2.18181538582, 1.45558869839, 1.06109905243, 0.393427044153, 0.0218742527068, 0.00101565523073, 7.89034238551e-05, 1.71791307366e-05, 8.24199378258e-06, 1.21799648696e-05],
        "dmean2": [0.17940890789, 1.44286763668, 5.85699319839, 10.4117202759, 6.48096370697, 16.4532279968, 18.4733257294, 13.261800766, 14.9158773422, 13.8653373718, 20.7302951813, 29.9675559998, 15.2130556107, 18.2600650787, 19.1852645874, 25.9812870026, 35.8572387695, 29.5225219727, 39.1039237976, 33.9641952515, 71.6289215088, 63.453918457, 49.9570846558, 32.5138778687, 25.1194953918, 17.9744796753, 9.92681598663, 9.40582370758, 5.93212366104, 3.8334441185, 3.34715104103, 2.14489889145, 1.55877244473, 0.600821554661, 0.0335133187473, 0.00154511316214, 0.00012207882537, 2.81621341855e-05, 1.34553147291e-05, 1.97601875698e-05],
        "dvar": [0.0404186174273, 2.57789587975, 30.1145534515, 91.0729675293, 37.1592941284, 243.79876709, 303.275726318, 162.911819458, 182.437454224, 252.474273682, 750.149414062, 795.761657715, 254.388900757, 602.299438477, 375.249267578, 798.315063477, 1473.95898438, 641.463867188, 1687.07055664, 1140.61022949, 3119.30761719, 1998.04907227, 1489.99597168, 452.632995605, 401.513336182, 161.011932373, 49.0239601135, 75.8903808594, 25.7351016998, 15.8138370514, 29.4432411194, 14.6261339188, 9.43061161041, 1.68822467327, 0.00855616480112, 1.65606816154e-05, 4.24087573947e-08, 1.36997091449e-09, 1.1544180889e-10, 1.71421890571e-10],
        "dvar2": [0.0962606221437, 6.17790412903, 83.3634719849, 248.654556274, 98.9127197266, 647.331848145, 804.069458008, 421.603942871, 485.046447754, 628.934387207, 1741.81164551, 1952.22290039, 585.879272461, 1702.90161133, 998.266418457, 1775.91870117, 3883.81420898, 1593.24621582, 3981.35888672, 2900.15380859, 8311.64355469, 5086.05371094, 3801.68725586, 1191.42150879, 967.392150879, 388.778564453, 125.339134216, 193.255859375, 56.1101799011, 28.7198829651, 59.2167243958, 30.0061149597, 19.6711788177, 3.66884231567, 0.0197755750269, 3.859505523e-05, 9.69121742855e-08, 3.43454087393e-09, 3.02487507264e-10, 4.46008646682e-10],
        "max": [1.37059640884, 13.0079965591, 47.3277015686, 102.442848206, 83.5908203125, 140.962493896, 174.854187012, 135.48286438, 205.668945312, 246.995300293, 473.485351562, 293.753723145, 234.203643799, 382.959625244, 297.775177002, 381.745941162, 402.172546387, 277.841796875, 545.066223145, 442.278289795, 1006.40545654, 583.280883789, 392.748596191, 273.380126953, 230.088348389, 188.510818481, 73.8791885376, 159.132720947, 129.815353394, 107.390731812, 109.614280701, 62.1213417053, 45.276260376, 24.9485988617, 2.16634869576, 0.0960827618837, 0.00440927967429, 0.000630039197858, 0.000177160036401, 0.000105173974589],
        "mean": [0.108931265771, 0.949000060558, 4.36303377151, 8.83296298981, 6.3671412468, 9.9204416275, 10.8220729828, 8.86827850342, 13.9614696503, 12.4863328934, 16.8911037445, 26.5980796814, 15.1871595383, 17.2954006195, 20.324924469, 28.4861812592, 34.1977844238, 33.117515564, 44.2193565369, 47.9029541016, 100.629699707, 97.0290985107, 67.5439224243, 49.586139679, 40.9558334351, 27.3719387054, 14.7710762024, 12.5238656998, 8.38109970093, 5.57346010208, 4.40469074249, 2.70950770378, 1.80727696419, 0.609728038311, 0.0283576771617, 0.00140396761708, 0.000129091029521, 2.89664094453e-05, 2.26565098274e-05, 3.67963511962e-05],
        "median": [0.0242142565548, 0.33548438549, 2.64080739021, 5.74810647964, 4.88263511658, 5.05429983139, 4.49443054199, 4.41785144806, 6.93426847458, 6.04782772064, 7.33328390121, 14.0733737946, 9.35724830627, 6.93973016739, 9.1222076416, 11.9498996735, 16.8781242371, 20.3001842499, 25.3630809784, 30.5420799255, 75.6388092041, 73.4902801514, 47.9500923157, 40.8753471375, 29.8542118073, 22.0460910797, 12.9997911453, 10.5434741974, 6.74959468842, 4.19165277481, 2.7024769783, 1.43889605999, 0.797886610031, 0.180084988475, 0.00549721624702, 0.000358860066626, 5.97628459218e-05, 1.68853439391e-05, 2.01413167815e-05, 3.49541769538e-05],
        "min": [4.35121393139e-07, 1.59929652455e-06, 2.53007942774e-06, 1.88568594695e-06, 1.57180857059e-05, 7.58743044571e-05, 0.000103940612462, 0.000114644921268, 2.67031755357e-05, 1.97967001441e-05, 3.48379981006e-05, 3.61669481208e-05, 0.000110505359771, 0.000354205461917, 0.000123484423966, 0.000173914100742, 0.00039506869507, 0.004900702741, 0.00059646659065, 0.000237738728174, 0.00137294048909, 0.00110580131877, 0.00312869460322, 0.000744969118387, 0.00061079103034, 0.000169994920725, 0.000111058310722, 0.000145470010466, 0.000113600304758, 7.26635553292e-05, 1.22421351989e-05, 1.14275246688e-06, 1.06047352233e-07, 4.25188027009e-08, 1.99763992015e-08, 9.01969432476e-09, 4.51452697448e-09, 2.51135778839e-09, 7.04090841186e-10, 4.27825719296e-10],
        "var": [0.0409885235131, 2.55172514915, 27.5303783417, 100.209785461, 40.9538116455, 209.800994873, 283.616973877, 157.730682373, 377.717987061, 404.293914795, 995.355895996, 1120.94592285, 409.237365723, 1385.39233398, 870.721801758, 1874.05224609, 2231.25, 1258.36889648, 3085.84667969, 3008.47827148, 8582.32226562, 6016.03564453, 3796.8515625, 1226.28625488, 1315.15917969, 488.920471191, 91.1087722778, 111.923873901, 62.9151992798, 45.7660217285, 57.6396865845, 25.2857761383, 17.1092853546, 3.05928635597, 0.0125151174143, 2.46819181484e-05, 7.19613097999e-08, 1.8677519531e-09, 1.73613332044e-10, 2.63041560755e-10]
    },
    "gfcc": {
        "mean": [10.8052997589, 116.188262939, -169.94190979, 78.4724502563, -60.4117507935, 13.597661972, -35.3995780945, -3.12675499916, -3.43507814407, -24.6356697083, 0.529536545277, -22.6655712128, 0.701355993748],
        "cov": [[2033.06262207, -198.42010498, 22.7028636932, -19.204706192, -171.433822632, 70.4488525391, -68.5910873413, 9.85487174988, -59.4996261597, 43.1114082336, -0.964104115963, 7.37613344193, 19.7891845703], [-198.42010498, 358.144348145, -53.827835083, -11.0106229782, 110.487976074, -69.3542709351, 142.78086853, -44.5556564331, 61.060760498, -18.5232543945, 48.4962348938, -18.003288269, 3.68544459343], [22.7028636932, -53.827835083, 300.714324951, 123.413505554, 13.5957307816, 58.8374443054, -68.173538208, 46.9952659607, 6.38380861282, 21.6262512207, -11.6415538788, 13.7080135345, 14.9913816452], [-19.204706192, -11.0106229782, 123.413505554, 164.954559326, 98.6804504395, 1.84647643566, -17.7834262848, 24.5860958099, 36.9475059509, -0.0876269936562, -0.0251479987055, 9.42748832703, 23.7982616425], [-171.433822632, 110.487976074, 13.5957307816, 98.6804504395, 259.505706787, 42.394657135, 86.9299926758, 39.4482307434, 38.8225250244, -3.77270746231, 16.9484214783, 3.78109264374, 20.5281639099], [70.4488525391, -69.3542709351, 58.8374443054, 1.84647643566, 42.394657135, 191.543807983, 74.4877853394, 33.6135025024, -18.6647586823, 10.8561239243, -2.21323752403, -0.0319007188082, -13.5286712646], [-68.5910873413, 142.78086853, -68.173538208, -17.7834262848, 86.9299926758, 74.4877853394, 205.899642944, 11.8464078903, 30.1296367645, -8.08699607849, 26.0771007538, -10.0440511703, -18.7726478577], [9.85487174988, -44.5556564331, 46.9952659607, 24.5860958099, 39.4482307434, 33.6135025024, 11.8464078903, 97.5139083862, 23.8067150116, 15.6647911072, -4.28340101242, -2.29126405716, 5.97899150848], [-59.4996261597, 61.060760498, 6.38380861282, 36.9475059509, 38.8225250244, -18.6647586823, 30.1296367645, 23.8067150116, 84.9105682373, 17.9178905487, 5.61840724945, -3.84035730362, 4.4108581543], [43.1114082336, -18.5232543945, 21.6262512207, -0.0876269936562, -3.77270746231, 10.8561239243, -8.08699607849, 15.6647911072, 17.9178905487, 56.866733551, 20.9161949158, 6.2033200264, 2.64227151871], [-0.964104115963, 48.4962348938, -11.6415538788, -0.0251479987055, 16.9484214783, -2.21323752403, 26.0771007538, -4.28340101242, 5.61840724945, 20.9161949158, 53.06690979, 18.3284378052, 0.58195734024], [7.37613344193, -18.003288269, 13.7080135345, 9.42748832703, 3.78109264374, -0.0319007188082, -10.0440511703, -2.29126405716, -3.84035730362, 6.2033200264, 18.3284378052, 53.0952453613, 29.3558864594], [19.7891845703, 3.68544459343, 14.9913816452, 23.7982616425, 20.5281639099, -13.5286712646, -18.7726478577, 5.97899150848, 4.4108581543, 2.64227151871, 0.58195734024, 29.3558864594, 50.2326393127]],
        "icov": [[0.000579634332098, -4.40923286078e-05, 0.00030634237919, -0.000547284609638, 0.000648540270049, -0.000418178417021, 5.68473587919e-05, -0.000206751006772, 0.000461312039988, -0.000494980893563, -0.000116897070257, 0.000342616142007, -0.000602400046773], [-4.40923286078e-05, 0.0213475245982, -0.0122127048671, 0.0167304296046, -0.00995300989598, 0.0133331287652, -0.0144190909341, 0.0142330722883, -0.0127371801063, 0.0126085467637, -0.0203921459615, 0.0194983873516, -0.0159581135958], [0.00030634237919, -0.0122127048671, 0.0143174501136, -0.0160229187459, 0.00781602878124, -0.0105247776955, 0.0101721193641, -0.0101273180917, 0.00830840039998, -0.009218220599, 0.0123729547486, -0.0120960613713, 0.00975262187421], [-0.000547284609638, 0.0167304296046, -0.0160229187459, 0.0290939323604, -0.0138607332483, 0.0116979060695, -0.00913742464036, 0.0127739552408, -0.0156960226595, 0.0144420247525, -0.0177305992693, 0.0159116126597, -0.0146086774766], [0.000648540270049, -0.00995300989598, 0.00781602878124, -0.0138607332483, 0.0127743501216, -0.007764687296, 0.0042816195637, -0.00866522826254, 0.00659825233743, -0.00565850967541, 0.00753500266001, -0.00705382181332, 0.00378191936761], [-0.000418178417021, 0.0133331287652, -0.0105247776955, 0.0116979060695, -0.007764687296, 0.0181430801749, -0.0140475844964, 0.00725363008678, -0.0032623084262, 0.00400830619037, -0.00806010141969, 0.00904803536832, -0.00638686539605], [5.68473587919e-05, -0.0144190909341, 0.0101721193641, -0.00913742464036, 0.0042816195637, -0.0140475844964, 0.0202901158482, -0.00945867039263, 0.00307073723525, -0.00318705034442, 0.00744640175253, -0.0113744186237, 0.011963121593], [-0.000206751006772, 0.0142330722883, -0.0101273180917, 0.0127739552408, -0.00866522826254, 0.00725363008678, -0.00945867039263, 0.0231279339641, -0.0119815692306, 0.00601671170443, -0.0115093374625, 0.0141828134656, -0.0122046526521], [0.000461312039988, -0.0127371801063, 0.00830840039998, -0.0156960226595, 0.00659825233743, -0.0032623084262, 0.00307073723525, -0.0119815692306, 0.0274768527597, -0.0167057644576, 0.0161028895527, -0.0109623400494, 0.00939386058599], [-0.000494980893563, 0.0126085467637, -0.009218220599, 0.0144420247525, -0.00565850967541, 0.00400830619037, -0.00318705034442, 0.00601671170443, -0.0167057644576, 0.036537129432, -0.0271408427507, 0.0148265929893, -0.0121414810419], [-0.000116897070257, -0.0203921459615, 0.0123729547486, -0.0177305992693, 0.00753500266001, -0.00806010141969, 0.00744640175253, -0.0115093374625, 0.0161028895527, -0.0271408427507, 0.0534081459045, -0.034257851541, 0.0245675351471], [0.000342616142007, 0.0194983873516, -0.0120960613713, 0.0159116126597, -0.00705382181332, 0.00904803536832, -0.0113744186237, 0.0141828134656, -0.0109623400494, 0.0148265929893, -0.034257851541, 0.0546969808638, -0.037498600781], [-0.000602400046773, -0.0159581135958, 0.00975262187421, -0.0146086774766, 0.00378191936761, -0.00638686539605, 0.011963121593, -0.0122046526521, 0.00939386058599, -0.0121414810419, 0.0245675351471, -0.037498600781, 0.0494270734489]]
    },
    "melbands": {
        "dmean": [0.00101864116732, 0.00154770433437, 0.000923075305764, 0.000414627284044, 0.000423192279413, 0.000170190789504, 0.000132867193315, 9.72964044195e-05, 0.000117090705317, 0.000112444198749, 4.8381229135e-05, 4.60030023532e-05, 3.90423483623e-05, 3.96017203457e-05, 5.31630284968e-05, 5.46965820831e-05, 3.56654454663e-05, 4.49483850389e-05, 2.55710456258e-05, 4.95846725244e-05, 5.49256983504e-05, 4.99051202496e-05, 3.29461618094e-05, 2.19917910727e-05, 1.76612447831e-05, 1.37884735523e-05, 1.20430704555e-05, 7.2066636676e-06, 4.24131940235e-06, 3.83794076697e-06, 3.37255687555e-06, 2.40132385443e-06, 1.70857015291e-06, 1.46394211242e-06, 1.38499501645e-06, 1.16430612707e-06, 8.3106965576e-07, 8.16848228169e-07, 6.3852655785e-07, 2.40185300981e-07],
        "dmean2": [0.00163282465655, 0.00260100327432, 0.00155733735301, 0.000713542627636, 0.00073453533696, 0.000293246703222, 0.000222560483962, 0.000158695460414, 0.000183707525139, 0.000181323048309, 7.70300903241e-05, 7.64499345678e-05, 6.43314488116e-05, 6.33653471596e-05, 8.39140775497e-05, 9.06030472834e-05, 5.70315824007e-05, 7.33793567633e-05, 4.12795343436e-05, 8.09595294413e-05, 9.12453033379e-05, 8.29496930237e-05, 5.30987490492e-05, 3.60648955393e-05, 2.94876663247e-05, 2.23066545004e-05, 1.93622145161e-05, 1.20080794659e-05, 6.9887241807e-06, 6.35234982838e-06, 5.45877173863e-06, 3.89114802601e-06, 2.73594628197e-06, 2.22557582674e-06, 2.15738805309e-06, 1.76680703134e-06, 1.25419262531e-06, 1.2165788803e-06, 9.84348389466e-07, 3.72380213776e-07],
        "dvar": [3.31569162881e-06, 6.60557725496e-06, 1.88480555607e-06, 4.03879141686e-07, 4.77470678106e-07, 7.84283358257e-08, 3.80163100999e-08, 3.29699219037e-08, 5.13544939906e-08, 2.76613274508e-08, 6.77421274631e-09, 9.40138722427e-09, 4.7253605473e-09, 3.94078991661e-09, 1.11349152121e-08, 1.10870601588e-08, 2.65419553003e-09, 6.0349734099e-09, 1.53219825716e-09, 8.5329547872e-09, 4.48409132048e-09, 3.42788797347e-09, 1.66500757626e-09, 8.73777272759e-10, 3.8308720085e-10, 2.91932977792e-10, 2.45148734646e-10, 6.95019389263e-11, 2.18722435996e-11, 2.6737752637e-11, 2.36768295941e-11, 1.13401892043e-11, 4.83851934213e-12, 7.05249270441e-12, 1.17503966626e-11, 9.63000946347e-12, 4.72307609689e-12, 5.30887963798e-12, 4.02556763965e-12, 8.02589711271e-13],
        "dvar2": [7.61916726333e-06, 1.77194215212e-05, 5.15513465871e-06, 1.08835070023e-06, 1.27050611809e-06, 2.02502832281e-07, 1.01263360364e-07, 7.97328141289e-08, 1.18596446441e-07, 6.84889300828e-08, 1.5267589859e-08, 2.60449901646e-08, 1.30210811022e-08, 9.80318226596e-09, 2.40055211265e-08, 2.98152684763e-08, 6.48178444251e-09, 1.38937403804e-08, 3.42332495684e-09, 2.30164420856e-08, 1.21329826186e-08, 8.75462280447e-09, 4.02376754138e-09, 2.26454877073e-09, 1.02765274068e-09, 6.89433954371e-10, 6.12851103199e-10, 1.73233774547e-10, 5.66493241205e-11, 7.08619482537e-11, 5.98280314179e-11, 2.56000307758e-11, 1.00140451487e-11, 1.47158622094e-11, 2.5639977988e-11, 1.85938001107e-11, 1.00465469277e-11, 1.11995629784e-11, 8.88059070725e-12, 1.87240522566e-12],
        "max": [0.012384172529, 0.0207356661558, 0.0151155348867, 0.00668068602681, 0.00604846095666, 0.00295754545368, 0.00273817614652, 0.00222820951603, 0.00395182939246, 0.00167894561309, 0.00127644790336, 0.00141162588261, 0.000812144775409, 0.000684489961714, 0.00151824299246, 0.00107958551962, 0.000541861285456, 0.00118131935596, 0.000464003911475, 0.00149290962145, 0.00102197320666, 0.000763201445807, 0.000490059610456, 0.000452527048765, 0.000263712718152, 0.000259100372205, 0.000187066922081, 0.000115046401334, 4.49687177024e-05, 7.78316389187e-05, 8.83545144461e-05, 8.82076710695e-05, 5.30305769644e-05, 5.88442053413e-05, 7.18150549801e-05, 5.08116427227e-05, 3.18165875797e-05, 3.66666063201e-05, 2.67824343609e-05, 2.00126905838e-05],
        "mean": [0.00103891303297, 0.00198408053257, 0.00141929707024, 0.000560011423659, 0.000420350232162, 0.000200413778657, 0.000205033138627, 0.000137932700454, 0.000147746512084, 0.000163900200278, 7.29968960513e-05, 6.8671462941e-05, 6.6816159233e-05, 6.38439887553e-05, 8.1976329966e-05, 8.01248170319e-05, 5.92610740568e-05, 7.66340526752e-05, 4.5167238568e-05, 0.000101660742075, 0.000116720599181, 0.000110602166387, 6.87075880705e-05, 4.60712872155e-05, 4.02176592615e-05, 3.18822421832e-05, 2.66093120445e-05, 1.59916744451e-05, 9.37516233535e-06, 7.91722686699e-06, 6.98842904967e-06, 5.06713149662e-06, 3.56261330126e-06, 2.88676142191e-06, 2.59405146608e-06, 2.15251202462e-06, 1.4649339164e-06, 1.35830327963e-06, 9.91349907054e-07, 3.26474548729e-07],
        "median": [0.000279586674878, 0.00116824079305, 0.00100227782968, 0.000381957332138, 0.00017502674018, 0.000100004763226, 0.000106915635115, 6.25770990155e-05, 6.15599492448e-05, 8.46578914206e-05, 4.26823535236e-05, 2.67560444627e-05, 2.60706310655e-05, 2.97038350254e-05, 3.01113013847e-05, 3.18425845762e-05, 3.24001302943e-05, 4.01411052735e-05, 2.74480607914e-05, 5.18598135386e-05, 9.02898827917e-05, 8.26835239423e-05, 4.49246072094e-05, 3.17058511428e-05, 3.26113731717e-05, 2.41731177084e-05, 1.78181708179e-05, 1.262870137e-05, 8.03463808552e-06, 6.63161199554e-06, 5.60787111681e-06, 4.03077774536e-06, 2.76999230664e-06, 2.02503770197e-06, 1.57776446486e-06, 1.20346408039e-06, 7.47091235098e-07, 6.24900962976e-07, 3.34280628067e-07, 6.72961988357e-08],
        "min": [3.52758466882e-09, 1.57459645322e-09, 6.32308871928e-10, 3.06929592853e-09, 3.88579124433e-09, 2.52237764009e-09, 3.42751743654e-10, 2.58067761605e-10, 2.79248152379e-10, 2.46456827169e-10, 5.15386122668e-10, 1.35529842904e-09, 6.66381505532e-10, 3.18357673557e-10, 4.79161710309e-10, 1.33396227397e-09, 1.05154782659e-08, 7.12385705981e-10, 1.24036073079e-10, 4.89275953086e-10, 2.12378270525e-09, 1.19373988472e-09, 2.60797961005e-09, 1.61647895069e-09, 5.36003630369e-10, 5.58293633546e-10, 3.83593740105e-10, 3.51175512281e-11, 4.43157142926e-11, 1.03825219255e-10, 7.25840429427e-11, 7.66709751243e-11, 4.98442676022e-11, 2.94610828788e-11, 6.43645293313e-12, 2.52540479848e-12, 4.06968804088e-14, 5.4486163438e-14, 3.59842296477e-14, 3.05091408137e-14],
        "var": [3.47830359715e-06, 6.09953667663e-06, 2.12921122511e-06, 3.92570399299e-07, 4.20283612357e-07, 7.69952279711e-08, 7.29609723749e-08, 5.33782440471e-08, 6.97898911994e-08, 4.23423500706e-08, 1.07953805895e-08, 2.01382146514e-08, 1.28318955461e-08, 7.40652694731e-09, 2.47779663454e-08, 1.68005058754e-08, 4.73102179654e-09, 1.06119140142e-08, 2.84086842939e-09, 2.37172042006e-08, 1.02623127773e-08, 8.76055050725e-09, 4.55098048135e-09, 1.70910630093e-09, 9.22249665525e-10, 8.4197504524e-10, 7.12668535297e-10, 1.68896174824e-10, 3.94293521444e-11, 3.84788034768e-11, 3.82395781706e-11, 2.55497654283e-11, 1.28483656006e-11, 1.70465377924e-11, 2.17094432708e-11, 1.68211868046e-11, 7.9309328202e-12, 9.64022871947e-12, 6.67931031664e-12, 1.32605797003e-12]
    },
    "mfcc": {
        "mean": [-595.162597656, 100.540863037, -24.2342624664, 42.5417747498, 10.6921873093, 7.98693847656, -5.77411031723, 9.84415149689, -1.07775902748, 3.026440382, -4.755382061, 3.38930606842, -5.75392723083],
        "cov": [[1964.3215332, -135.129318237, 1.72641336918, -90.4883346558, -136.09513855, 3.33653998375, -31.5197792053, -45.637752533, -51.9689178467, 0.0377640128136, -34.9292068481, -32.8134346008, -1.00007927418], [-135.129318237, 346.91897583, -128.645141602, 60.8211250305, -45.4653625488, 31.1904182434, 39.5500717163, 24.9876651764, -2.18529963493, 24.0157756805, 30.3762111664, 15.7323932648, -6.54407119751], [1.72641336918, -128.645141602, 313.294525146, -3.54082226753, 50.3395576477, -4.60489749908, -35.0024604797, -21.2791156769, 4.21972227097, -5.81091403961, -18.2085399628, 10.3749141693, 17.9547367096], [-90.4883346558, 60.8211250305, -3.54082226753, 203.570114136, 98.0064926147, -9.41628170013, -23.3510684967, 10.1010150909, 21.325088501, 11.1115617752, -2.80401611328, -3.41954517365, 24.6339874268], [-136.09513855, -45.4653625488, 50.3395576477, 98.0064926147, 201.522155762, 9.00029659271, 14.4585285187, 12.034072876, 45.7269973755, 0.604440808296, -1.76755750179, 2.51626062393, 22.1615848541], [3.33653998375, 31.1904182434, -4.60489749908, -9.41628170013, 9.00029659271, 132.831497192, 71.0913085938, 44.0265426636, 18.4256744385, 13.4685621262, 12.4805879593, 21.6074676514, -5.48086881638], [-31.5197792053, 39.5500717163, -35.0024604797, -23.3510684967, 14.4585285187, 71.0913085938, 139.939453125, 63.2106361389, 22.9416732788, 12.9686307907, 26.5483951569, 12.8323459625, 5.32336473465], [-45.637752533, 24.9876651764, -21.2791156769, 10.1010150909, 12.034072876, 44.0265426636, 63.2106361389, 92.9851531982, 38.2172470093, 20.5143661499, 11.5330114365, 10.2088022232, 3.50781702995], [-51.9689178467, -2.18529963493, 4.21972227097, 21.325088501, 45.7269973755, 18.4256744385, 22.9416732788, 38.2172470093, 76.3245544434, 27.7499160767, 9.56593990326, 4.37507247925, 10.1095256805], [0.0377640128136, 24.0157756805, -5.81091403961, 11.1115617752, 0.604440808296, 13.4685621262, 12.9686307907, 20.5143661499, 27.7499160767, 74.1762390137, 35.1174736023, 5.65688657761, -5.07360649109], [-34.9292068481, 30.3762111664, -18.2085399628, -2.80401611328, -1.76755750179, 12.4805879593, 26.5483951569, 11.5330114365, 9.56593990326, 35.1174736023, 62.8092193604, 15.0269641876, -4.22190380096], [-32.8134346008, 15.7323932648, 10.3749141693, -3.41954517365, 2.51626062393, 21.6074676514, 12.8323459625, 10.2088022232, 4.37507247925, 5.65688657761, 15.0269641876, 54.5183029175, 22.6356163025], [-1.00007927418, -6.54407119751, 17.9547367096, 24.6339874268, 22.1615848541, -5.48086881638, 5.32336473465, 3.50781702995, 10.1095256805, -5.07360649109, -4.22190380096, 22.6356163025, 56.298286438]],
