{
"lowlevel": {
    "average_loudness": 0.979445397854,
    "barkbands_crest": {
        "dmean": 2.68654489517,
        "dmean2": 4.43970966339,
        "dvar": 6.04930734634,
        "dvar2": 17.3528404236,
        "max": 22.5245056152,
        "mean": 11.1854171753,
        "median": 10.7324266434,
        "min": 3.06694602966,
        "var": 15.3256645203
    },
    "barkbands_flatness_db": {
        "dmean": 0.0244776960462,
        "dmean2": 0.03593596071,
        "dvar": 0.00042963863234,
        "dvar2": 0.000908451038413,
        "max": 0.291806906462,
        "mean": 0.172356560826,
        "median": 0.170224800706,
        "min": 0.0758254230022,
        "var": 0.0016267526662
    },
    "barkbands_kurtosis": {
        "dmean": 2.35734915733,
        "dmean2": 3.76951789856,
        "dvar": 9.26968193054,
        "dvar2": 23.6861057281,
        "max": 42.4367446899,
        "mean": 2.7439930439,
        "median": 1.31526565552,
        "min": -1.91006779671,
        "var": 20.0060024261
    },
    "barkbands_skewness": {
        "dmean": 0.550532341003,
        "dmean2": 0.847592353821,
        "dvar": 0.242584943771,
        "dvar2": 0.607565224171,
        "max": 6.02652740479,
        "mean": 1.61342024803,
        "median": 1.57122850418,
        "min": -1.2457780838,
        "var": 1.01467180252
    },
    "barkbands_spread": {
        "dmean": 6.37792158127,
        "dmean2": 9.55369567871,
        "dvar": 43.819026947,
        "dvar2": 93.6152572632,
        "max": 97.2095565796,
        "mean": 27.0798625946,
        "median": 25.2063312531,
        "min": 3.85103416443,
        "var": 193.262985229
    },
    "dissonance": {
        "dmean": 0.0125393820927,
        "dmean2": 0.0211216397583,
        "dvar": 0.000142703051097,
        "dvar2": 0.000413583940826,
        "max": 0.499865025282,
        "mean": 0.475207179785,
        "median": 0.479309171438,
        "min": 0.390255630016,
        "var": 0.000283085653791
    },
    "dynamic_complexity": 2.13001799583,
    "erbbands_crest": {
        "dmean": 2.32228446007,
        "dmean2": 3.70227026939,
        "dvar": 4.72603321075,
        "dvar2": 11.6451768875,
        "max": 26.3508987427,
        "mean": 7.90432024002,
        "median": 7.05035209656,
        "min": 2.37039852142,
        "var": 11.619931221
    },
    "erbbands_flatness_db": {
        "dmean": 0.0168904867023,
        "dmean2": 0.0228138975799,
        "dvar": 0.000200813374249,
        "dvar2": 0.000365394545952,
        "max": 0.300216197968,
        "mean": 0.17724622786,
        "median": 0.176050394773,
        "min": 0.10929184407,
        "var": 0.000939346617088
    },
    "erbbands_kurtosis": {
        "dmean": 0.773831367493,
        "dmean2": 1.21425199509,
        "dvar": 1.18127167225,
        "dvar2": 2.71184587479,
        "max": 17.324924469,
        "mean": 0.04297619313,
        "median": -0.435029029846,
        "min": -1.68831956387,
        "var": 2.56761598587
    },
    "erbbands_skewness": {
        "dmean": 0.333477884531,
        "dmean2": 0.515189886093,
        "dvar": 0.0908603593707,
        "dvar2": 0.201297178864,
        "max": 0.934149861336,
        "mean": -0.4815133214,
        "median": -0.406816184521,
        "min": -3.09585976601,
        "var": 0.37727829814
    },
    "erbbands_spread": {
        "dmean": 8.34298706055,
        "dmean2": 12.8907260895,
        "dvar": 55.0712852478,
        "dvar2": 131.241546631,
        "max": 90.2334289551,
        "mean": 43.6110076904,
        "median": 43.4375,
        "min": 4.47896146774,
        "var": 204.567001343
    },
    "hfc": {
        "dmean": 8.45004463196,
        "dmean2": 11.0733165741,
        "dvar": 179.877105713,
        "dvar2": 276.296661377,
        "max": 227.783416748,
        "mean": 26.2508583069,
        "median": 17.5259456635,
        "min": 0.000348879344529,
        "var": 818.828308105
    },
    "melbands_crest": {
        "dmean": 3.3038020134,
        "dmean2": 5.56606864929,
        "dvar": 8.84934139252,
        "dvar2": 23.3947467804,
        "max": 29.5320930481,
        "mean": 16.4015636444,
        "median": 16.3640003204,
        "min": 4.21413326263,
        "var": 24.2017745972
    },
    "melbands_flatness_db": {
        "dmean": 0.0303685013205,
        "dmean2": 0.0421866327524,
        "dvar": 0.000691733905114,
        "dvar2": 0.00138472043909,
        "max": 0.376866906881,
        "mean": 0.210026532412,
        "median": 0.208291873336,
        "min": 0.0355234704912,
        "var": 0.00342361326329
    },
    "melbands_kurtosis": {
        "dmean": 7.46748781204,
        "dmean2": 11.9036216736,
        "dvar": 81.3406143188,
        "dvar2": 204.502929688,
        "max": 130.995071411,
        "mean": 14.8867492676,
        "median": 10.96916008,
        "min": -1.7338924408,
        "var": 194.876235962
    },
    "melbands_skewness": {
        "dmean": 0.795500695705,
        "dmean2": 1.24586343765,
        "dvar": 0.551666975021,
        "dvar2": 1.35170650482,
        "max": 9.81251430511,
        "mean": 3.29966688156,
        "median": 3.18581533432,
        "min": -0.176385104656,
        "var": 2.10793972015
    },
    "melbands_spread": {
        "dmean": 8.36493396759,
        "dmean2": 12.5065078735,
        "dvar": 116.20841217,
        "dvar2": 244.634338379,
        "max": 168.667816162,
        "mean": 25.1453533173,
        "median": 20.0516052246,
        "min": 2.16802740097,
        "var": 439.630065918
    },
    "pitch_salience": {
        "dmean": 0.075725838542,
        "dmean2": 0.124684780836,
        "dvar": 0.00425851345062,
        "dvar2": 0.0108137819916,
        "max": 0.785525918007,
        "mean": 0.507901072502,
        "median": 0.508355617523,
        "min": 0.210217386484,
        "var": 0.0108745191246
    },
    "silence_rate_20dB": {
        "dmean": 0,
        "dmean2": 0,
        "dvar": 0,
        "dvar2": 0,
        "max": 1,
        "mean": 1,
        "median": 1,
        "min": 1,
        "var": 0
    },
    "silence_rate_30dB": {
        "dmean": 0,
        "dmean2": 0,
        "dvar": 0,
        "dvar2": 0,
        "max": 1,
        "mean": 1,
        "median": 1,
        "min": 1,
        "var": 0
    },
    "silence_rate_60dB": {
        "dmean": 0.00154798757285,
        "dmean2": 0.00309837330133,
        "dvar": 0.0015455794055,
        "dvar2": 0.0030888277106,
        "max": 1,
        "mean": 0.0193348806351,
        "median": 0,
        "min": 0,
        "var": 0.0189610477537
    },
    "spectral_centroid": {
        "dmean": 298.398498535,
        "dmean2": 458.01675415,
        "dvar": 79256.2890625,
        "dvar2": 175340.15625,
        "max": 4270.59179688,
        "mean": 1632.14807129,
        "median": 1549.06958008,
        "min": 498.011474609,
        "var": 374730.53125
    },
    "spectral_complexity": {
        "dmean": 4.80340576172,
        "dmean2": 6.69713401794,
        "dvar": 24.98919487,
        "dvar2": 43.9073066711,
        "max": 56,
        "mean": 22.7378196716,
        "median": 22,
        "min": 0,
        "var": 100.50428009
    },
    "spectral_decrease": {
        "dmean": 3.08280134753e-09,
        "dmean2": 5.11057018926e-09,
        "dvar": 1.54058567514e-17,
        "dvar2": 4.07536237548e-17,
        "max": -1.07323587409e-13,
        "mean": -8.83545059338e-09,
        "median": -8.07231170796e-09,
        "min": -3.36310250759e-08,
        "var": 2.25968339469e-17
    },
    "spectral_energy": {
        "dmean": 0.0120870796964,
        "dmean2": 0.0198333747685,
        "dvar": 0.000228493619943,
        "dvar2": 0.000600829138421,
        "max": 0.128968983889,
        "mean": 0.0357280671597,
        "median": 0.032774951309,
        "min": 4.4166523594e-07,
        "var": 0.000356124859536
    },
    "spectral_energyband_high": {
        "dmean": 0.000715136004146,
        "dmean2": 0.000874857592862,
        "dvar": 4.00424505642e-06,
        "dvar2": 5.90104127696e-06,
        "max": 0.0352792143822,
        "mean": 0.00141782185528,
        "median": 0.000327691232087,
        "min": 2.93570190379e-09,
        "var": 1.49143425006e-05
    },
    "spectral_energyband_low": {
        "dmean": 0.00919007696211,
        "dmean2": 0.015563246794,
        "dvar": 0.000183071490028,
        "dvar2": 0.000506201351527,
        "max": 0.117228470743,
        "mean": 0.018910901621,
        "median": 0.016187466681,
        "min": 1.33728875085e-07,
        "var": 0.000209771475056
    },
    "spectral_energyband_middle_high": {
        "dmean": 0.00211508898064,
        "dmean2": 0.00313315587118,
        "dvar": 7.36608308216e-06,
        "dvar2": 1.64577286341e-05,
        "max": 0.0600322633982,
        "mean": 0.00636802846566,
        "median": 0.00459809089079,
        "min": 1.18761349199e-07,
        "var": 3.0393988709e-05
    },
    "spectral_energyband_middle_low": {
        "dmean": 0.0047189895995,
        "dmean2": 0.00796748418361,
        "dvar": 6.03103035246e-05,
        "dvar2": 0.000161290168762,
        "max": 0.0698930472136,
        "mean": 0.010183156468,
        "median": 0.00829402077943,
        "min": 1.08132695686e-07,
        "var": 6.73438698868e-05
    },
    "spectral_entropy": {
        "dmean": 0.171121120453,
        "dmean2": 0.212358802557,
        "dvar": 0.0226744636893,
        "dvar2": 0.0355377979577,
        "max": 8.46355342865,
        "mean": 7.54466438293,
        "median": 7.53077936172,
        "min": 6.52901935577,
        "var": 0.117615580559
    },
    "spectral_flux": {
        "dmean": 0.027859678492,
        "dmean2": 0.0425264053047,
        "dvar": 0.000999069889076,
        "dvar2": 0.00188573473133,
        "max": 0.268238127232,
        "mean": 0.0950114876032,
        "median": 0.0864600017667,
        "min": 0.00066457898356,
        "var": 0.00229424634017
    },
    "spectral_kurtosis": {
        "dmean": 1.84989392757,
        "dmean2": 3.1741733551,
        "dvar": 3.34953117371,
        "dvar2": 9.53482151031,
        "max": 19.3056945801,
        "mean": 3.29795002937,
        "median": 2.78543329239,
        "min": -0.680086135864,
        "var": 5.62082147598
    },
    "spectral_rms": {
        "dmean": 0.000935127318371,
        "dmean2": 0.00150072795805,
        "dvar": 1.00553415905e-06,
        "dvar2": 2.59426019511e-06,
        "max": 0.0112171033397,
        "mean": 0.00568829197437,
        "median": 0.00565469404683,
        "min": 2.07579596463e-05,
        "var": 2.49999220614e-06
    },
    "spectral_rolloff": {
        "dmean": 535.014160156,
        "dmean2": 867.533569336,
        "dvar": 558108.3125,
        "dvar2": 1107564.25,
        "max": 8204.15039062,
        "mean": 1439.24279785,
        "median": 1227.39257812,
        "min": 86.1328125,
        "var": 1970571.375
    },
    "spectral_skewness": {
        "dmean": 0.234135344625,
        "dmean2": 0.380940407515,
        "dvar": 0.0413861237466,
        "dvar2": 0.118536002934,
        "max": 3.18619823456,
        "mean": 1.14760506153,
        "median": 1.14789891243,
        "min": -0.0750656425953,
        "var": 0.122515648603
    },
    "spectral_spread": {
        "dmean": 445187.0625,
        "dmean2": 596775.5,
        "dvar": 183620321280,
        "dvar2": 306103713792,
        "max": 7532758.5,
        "mean": 3726920,
        "median": 3565578,
        "min": 2003202.5,
        "var": 883990134784
    },
    "spectral_strongpeak": {
        "dmean": 0.323231965303,
        "dmean2": 0.575700640678,
        "dvar": 0.698800861835,
        "dvar2": 1.99072492123,
        "max": 13.7850837708,
        "mean": 0.571412861347,
        "median": 0.448054909706,
        "min": 0.00026424092357,
        "var": 0.630013585091
    },
    "zerocrossingrate": {
        "dmean": 0.00996441487223,
        "dmean2": 0.0110269868746,
        "dvar": 0.000119052812806,
        "dvar2": 0.000109427099233,
        "max": 0.2333984375,
        "mean": 0.0542705915868,
        "median": 0.04736328125,
        "min": 0.01025390625,
        "var": 0.00105031603016
    },
    "barkbands": {
        "dmean": [0.000258619285887, 0.0060351039283, 0.00407582428306, 0.00136637035757, 0.00291185453534, 0.000853442121297, 0.000628870679066, 0.000465341407107, 0.000601943174843, 0.000314735429129, 0.000201234099222, 0.000358703458915, 0.000496822351124, 0.000631195318419, 0.000300179206533, 0.00032172826468, 0.000227213386097, 0.000500430411194, 0.000224336312385, 0.000244744704105, 0.0001796327997, 0.000221423324547, 0.000143982557347, 0.000147533719428, 2.70021355391e-05, 2.33693331353e-08, 2.37986408358e-09],
        "dmean2": [0.000437962706201, 0.010338973254, 0.00698231719434, 0.00232461141422, 0.00496903015301, 0.00149495492224, 0.00103274313733, 0.00077515252633, 0.000942550541367, 0.000509683450218, 0.000314900913509, 0.000561427674256, 0.000742697739042, 0.000990283442661, 0.000455983943539, 0.000498422945384, 0.000357614771929, 0.000803401286248, 0.000354228977812, 0.000363434577594, 0.000253020785749, 0.000302219908917, 0.000188104546396, 0.000174116197741, 3.4181488445e-05, 3.26377183058e-08, 4.38036407147e-09],
        "dvar": [1.911813996e-07, 9.61414480116e-05, 3.76210118702e-05, 3.94383687308e-06, 3.3806751162e-05, 2.2245742457e-06, 1.2229014601e-06, 6.22078118795e-07, 8.14068130239e-07, 2.84359089164e-07, 2.59237140199e-07, 7.65900836086e-07, 2.39030168814e-06, 2.11354267776e-06, 2.07989629075e-07, 3.10428589501e-07, 2.38700977206e-07, 4.91418461479e-07, 1.5821453303e-07, 1.88409316593e-07, 2.43465393623e-07, 7.15822409347e-07, 2.12184943393e-07, 2.38886968873e-07, 8.29850144157e-09, 6.85916396313e-15, 2.38853709065e-16],
        "dvar2": [4.8684455578e-07, 0.000263379799435, 0.000106319275801, 1.08849953904e-05, 9.20568636502e-05, 6.43232397124e-06, 3.0682281249e-06, 1.65530445884e-06, 1.89897161817e-06, 6.58228145767e-07, 5.36971299425e-07, 2.00788599614e-06, 5.11123334945e-06, 6.03248827247e-06, 4.47838743867e-07, 7.42966108191e-07, 5.93609968291e-07, 1.11602969355e-06, 3.97620539161e-07, 3.51678352217e-07, 5.41100860119e-07, 1.33762966925e-06, 4.10891715319e-07, 3.20302802947e-07, 1.37318254545e-08, 1.39382278438e-14, 6.65783460772e-16],
        "max": [0.00639295764267, 0.0866624414921, 0.0528750531375, 0.0162654388696, 0.0497588664293, 0.0164319686592, 0.016429439187, 0.0117738647386, 0.0109718907624, 0.00745543139055, 0.0100422957912, 0.0167407542467, 0.0525642372668, 0.0308994296938, 0.00542140845209, 0.00924117583781, 0.00777035625651, 0.0103621296585, 0.00508221145719, 0.00885327532887, 0.00963131990284, 0.0148357702419, 0.00795114133507, 0.00987452454865, 0.00183075224049, 1.80443112185e-06, 4.13725928183e-07],
        "mean": [0.000260380184045, 0.00989505462348, 0.00766593869776, 0.00197848584503, 0.00409566983581, 0.00135134067386, 0.000963567697909, 0.000685958017129, 0.0010179404635, 0.00045784492977, 0.000324919179548, 0.000606257584877, 0.000796973181423, 0.0010672074277, 0.000486730103148, 0.000551566132344, 0.000394645176129, 0.000994737492874, 0.000466865487397, 0.000484157499159, 0.000281333428575, 0.000358793418854, 0.000240342065808, 0.000259774446022, 4.15571557824e-05, 3.05265039913e-08, 1.71118785808e-09],
        "median": [0.000104328486486, 0.00655562244356, 0.00551942270249, 0.00121274089906, 0.00249894382432, 0.000617083860561, 0.000408334133681, 0.000348515459336, 0.000618761987425, 0.000208368059248, 0.000113075722766, 0.000236804859014, 0.000221364723984, 0.000499593908899, 0.000250698823947, 0.000312710879371, 0.00015667421394, 0.000623183441348, 0.000199823494768, 0.000163806733326, 6.58075805404e-05, 4.53345746791e-05, 3.92703150283e-05, 3.41241830029e-05, 5.28216060047e-06, 4.55551774081e-09, 5.09586484121e-10],
        "min": [2.13531130555e-08, 8.10981362065e-08, 1.82538659743e-08, 1.74088814475e-08, 2.41943123314e-08, 5.93392224246e-09, 3.37953087737e-09, 1.04762580833e-08, 3.01640179501e-09, 1.30526145448e-09, 3.854398134e-09, 3.29945883948e-08, 7.639108901e-09, 1.7078944925e-09, 2.65466315597e-09, 3.38330896632e-09, 5.16059373012e-09, 9.06526054223e-09, 9.24793575052e-10, 2.09513095761e-09, 4.96541918693e-10, 1.89723889377e-10, 3.63749558252e-10, 3.35451721956e-10, 3.42371755946e-11, 2.82275006321e-12, 4.14920571859e-12],
        "var": [2.00988509391e-07, 0.000117636715004, 5.24977986061e-05, 4.99454472447e-06, 3.07044465444e-05, 3.36353923558e-06, 2.07143511943e-06, 9.35148875669e-07, 1.70282964973e-06, 5.44607814845e-07, 5.52485801109e-07, 1.81428231372e-06, 5.91762773183e-06, 3.3495534808e-06, 4.46024642997e-07, 5.9818853515e-07, 4.94438438636e-07, 1.42636224609e-06, 4.46970290113e-07, 6.85454153881e-07, 5.77705463911e-07, 1.71596002474e-06, 6.0241063693e-07, 8.52072446378e-07, 2.09127630768e-08, 1.29218772455e-14, 1.47264049714e-16]
    },
    "erbbands": {
        "dmean": [0.148499414325, 1.53210580349, 4.76986122131, 4.09023571014, 6.73003339767, 12.6813640594, 7.536693573, 6.02724647522, 7.32799577713, 10.8370542526, 11.167098999, 12.5943346024, 9.99308490753, 8.22581481934, 10.0903568268, 12.1127529144, 18.2016944885, 33.3146247864, 17.4934329987, 20.6114749908, 13.9040384293, 12.7603979111, 23.890871048, 15.5836048126, 10.3273086548, 12.0754423141, 7.71337223053, 6.98001146317, 7.60740375519, 6.76352357864, 3.74238705635, 3.52396893501, 2.13367462158, 0.603179872036, 0.0401501394808, 0.00182216719259, 0.000111985711555, 1.81069353857e-05, 9.28939061851e-06, 1.45491112562e-05],
        "dmean2": [0.2549931705, 2.63996005058, 8.33644962311, 6.80162000656, 11.7764921188, 21.6264572144, 12.8434715271, 10.4932632446, 12.378071785, 17.9632091522, 18.0082778931, 19.7388076782, 15.8396911621, 13.0877056122, 15.5723791122, 18.8480567932, 27.2006645203, 51.9439582825, 26.3320045471, 30.8680095673, 21.7061920166, 19.933965683, 37.4288139343, 25.4606781006, 15.6890964508, 17.6324329376, 11.2127742767, 9.70303821564, 10.1454610825, 9.36512088776, 4.90402507782, 4.14861297607, 2.70421886444, 0.750631034374, 0.051955088973, 0.00230294629, 0.000131956447149, 2.08944256883e-05, 1.28492501972e-05, 2.2971045837e-05],
        "dvar": [0.0725049376488, 6.03816890717, 53.6987304688, 29.1050186157, 146.541030884, 593.517272949, 166.541992188, 124.820907593, 143.220672607, 608.600769043, 287.899169922, 412.867462158, 184.299423218, 226.043518066, 493.289276123, 890.838745117, 1938.75158691, 7706.55273438, 1021.76202393, 753.998596191, 843.531555176, 718.90435791, 1492.5814209, 394.041046143, 255.672943115, 522.457214355, 389.583557129, 431.18661499, 747.547790527, 764.522766113, 152.339385986, 141.053375244, 51.0548019409, 3.84738826752, 0.0167201589793, 3.39706675732e-05, 1.19698640333e-07, 3.0104982951e-09, 2.47966952527e-10, 3.11305398126e-10],
        "dvar2": [0.201548442245, 16.6049747467, 152.359680176, 80.0969619751, 411.433105469, 1639.19152832, 473.306121826, 350.631072998, 367.817474365, 1570.51245117, 715.500549316, 973.344421387, 432.841247559, 434.665557861, 1278.61853027, 2056.63256836, 4181.66015625, 21450.71875, 2296.91430664, 1817.46459961, 2144.60083008, 1762.80639648, 3321.05810547, 1000.83435059, 602.055480957, 967.730895996, 882.783813477, 928.75592041, 1337.84436035, 1638.68823242, 280.036468506, 190.467666626, 78.8614425659, 5.70934104919, 0.0269479379058, 5.27043266629e-05, 1.622776864e-07, 3.93518018171e-09, 3.61410873451e-10, 7.52182482966e-10],
        "max": [2.25142765045, 21.1841754913, 60.7021217346, 47.0968208313, 94.5652389526, 201.997192383, 161.102111816, 105.522827148, 95.3198318481, 476.53692627, 243.242370605, 294.19052124, 167.695343018, 391.589385986, 428.943237305, 653.410339355, 1116.46813965, 1805.21875, 478.655548096, 344.49331665, 512.40045166, 458.933654785, 693.978393555, 274.654052734, 234.759353638, 580.751403809, 433.752807617, 430.190185547, 535.655700684, 565.658569336, 194.034820557, 246.779602051, 119.846000671, 35.3915596008, 2.54281806946, 0.115923978388, 0.00674854405224, 0.00108829350211, 0.000293908029562, 0.000155378482305],
        "mean": [0.188446804881, 2.58062124252, 8.70773601532, 7.8836107254, 8.70174121857, 17.2642841339, 13.2450094223, 8.73317241669, 11.2845668793, 15.7814598083, 18.1926727295, 20.8590679169, 16.2404689789, 13.8872537613, 18.1900959015, 21.9233608246, 32.6884155273, 56.5752906799, 32.2343521118, 34.9760551453, 25.3143596649, 24.1653404236, 49.9610023499, 33.179271698, 22.8677978516, 23.3969688416, 12.8738174438, 11.0176715851, 12.6681404114, 10.3346481323, 6.45075654984, 6.28727722168, 3.52126049995, 0.96693700552, 0.0626031011343, 0.00292097567581, 0.000202442446607, 3.53179748345e-05, 2.66944643954e-05, 4.46544618171e-05],
        "median": [0.101594671607, 1.67544353008, 6.79823541641, 6.40044021606, 5.39340305328, 9.21455478668, 5.9950761795, 4.8659529686, 4.97299098969, 7.05323886871, 10.4028606415, 12.5968418121, 9.72892189026, 6.67098140717, 7.46838617325, 8.0929069519, 10.1267137527, 26.4141368866, 14.5798788071, 20.6843109131, 13.5815973282, 10.1549453735, 30.6666603088, 25.2776031494, 13.2607221603, 7.30457448959, 3.80479812622, 2.23048353195, 1.73249185085, 1.40207505226, 1.03795230389, 0.773436784744, 0.518964231014, 0.13233718276, 0.00851839501411, 0.000435311812907, 4.47033562523e-05, 1.00866573121e-05, 1.92430143215e-05, 3.89377419197e-05],
        "min": [2.9873335734e-06, 1.55216566782e-05, 2.11629085243e-05, 9.45103674894e-05, 6.45506515866e-05, 9.05142078409e-05, 2.72869729088e-05, 5.99618906563e-05, 4.05346072512e-05, 0.000139774696436, 0.000249538978096, 6.04001943429e-05, 8.21428620839e-05, 0.000120242890262, 0.000674611947034, 0.00113844184671, 0.000578981824219, 0.000286446360406, 0.000105473467556, 0.000147630344145, 0.000221511669224, 0.000355192139978, 0.000396765855839, 0.000251545396168, 5.36411353096e-05, 0.000108904023364, 5.11900252604e-05, 9.03165891941e-06, 6.90918341206e-06, 4.46503509011e-06, 1.14166186904e-05, 6.50404672342e-06, 6.62233424009e-06, 9.166288919e-07, 7.30216243028e-08, 1.31299477957e-08, 5.80813397377e-09, 1.94430560541e-09, 8.74835093256e-10, 6.07703054545e-10],
        "var": [0.0749660432339, 7.1492562294, 58.6754264832, 40.5710678101, 120.750038147, 583.740478516, 293.755096436, 127.056358337, 249.061126709, 816.963256836, 530.472351074, 826.309631348, 349.547271729, 582.371398926, 1248.49682617, 2289.78198242, 5725.76318359, 12495.3476562, 2514.29174805, 1516.43823242, 1587.08666992, 1615.69396973, 4397.08398438, 910.743591309, 687.022949219, 1938.81298828, 890.226623535, 1034.23718262, 1981.10791016, 1458.76513672, 446.535766602, 515.927734375, 150.718902588, 11.1133184433, 0.0460083000362, 9.80327604339e-05, 3.96309303596e-07, 1.06667226163e-08, 9.4848151555e-10, 6.82870870961e-10]
    },
    "gfcc": {
        "mean": [-3.28851914406, 134.213241577, -146.834121704, 72.0102386475, -55.2770080566, 20.4820919037, -32.155632019, 1.91814410686, -6.00460624695, -19.6957073212, 5.82169246674, -26.5067214966, 0.203697562218],
        "cov": [[3383.20483398, -841.016052246, 21.3884487152, 170.373687744, -629.377319336, 195.820419312, -193.34375, 6.19887924194, -53.4394416809, 124.480369568, -82.5325698853, 96.9102935791, 70.0709533691], [-841.016052246, 885.152282715, -152.741760254, -218.279632568, 428.878204346, -238.486801147, 172.147109985, -33.7674636841, 85.3760223389, -76.5858612061, 112.436302185, -101.761032104, -14.8359575272], [21.3884487152, -152.741760254, 249.583786011, 106.611373901, -90.903175354, 63.3007164001, -36.3936538696, 29.4444656372, -6.2018995285, -9.71778392792, -50.778213501, 30.1409854889, 5.54815864563], [170.373687744, -218.279632568, 106.611373901, 205.616348267, -37.274433136, -12.10160923, -39.1930656433, 20.3427333832, 20.7247905731, -3.59741663933, -55.5076751709, 32.5052680969, 10.4622297287], [-629.377319336, 428.878204346, -90.903175354, -37.274433136, 368.915405273, -128.77180481, 97.3558273315, -5.83543300629, 70.6669311523, -40.3972396851, 44.603843689, -61.6249046326, -14.4288606644], [195.820419312, -238.486801147, 63.3007164001, -12.10160923, -128.77180481, 212.303604126, -10.821097374, 6.21429443359, -36.1724891663, 40.9203910828, -6.24659395218, 24.7827606201, 1.68121945858], [-193.34375, 172.147109985, -36.3936538696, -39.1930656433, 97.3558273315, -10.821097374, 142.566162109, 18.7971172333, 14.6833925247, -6.50025558472, 39.0780639648, -36.3844184875, -21.8548164368], [6.19887924194, -33.7674636841, 29.4444656372, 20.3427333832, -5.83543300629, 6.21429443359, 18.7971172333, 80.4776611328, 21.2851467133, 1.57377076149, 0.321597725153, 5.9674372673, 0.00871899258345], [-53.4394416809, 85.3760223389, -6.2018995285, 20.7247905731, 70.6669311523, -36.1724891663, 14.6833925247, 21.2851467133, 100.216667175, 11.4990510941, -7.29362344742, -18.0566749573, 0.372618049383], [124.480369568, -76.5858612061, -9.71778392792, -3.59741663933, -40.3972396851, 40.9203910828, -6.50025558472, 1.57377076149, 11.4990510941, 83.3577804565, 18.2290763855, -5.48646402359, 5.3488984108], [-82.5325698853, 112.436302185, -50.778213501, -55.5076751709, 44.603843689, -6.24659395218, 39.0780639648, 0.321597725153, -7.29362344742, 18.2290763855, 93.5118331909, 7.33595657349, -9.23660945892], [96.9102935791, -101.761032104, 30.1409854889, 32.5052680969, -61.6249046326, 24.7827606201, -36.3844184875, 5.9674372673, -18.0566749573, -5.48646402359, 7.33595657349, 78.7383575439, 32.7703056335], [70.0709533691, -14.8359575272, 5.54815864563, 10.4622297287, -14.4288606644, 1.68121945858, -21.8548164368, 0.00871899258345, 0.372618049383, 5.3488984108, -9.23660945892, 32.7703056335, 62.6270141602]],
        "icov": [[0.000511396676302, -0.000140682343044, 0.000584151421208, -0.000733089167625, 0.001083577401, -0.0002565633622, 0.000166608690051, -3.96997857024e-05, -0.000218787856284, -6.2124003307e-05, -0.000186199569725, 0.000434322253568, -0.000468226993689], [-0.000140682343044, 0.014136146754, -0.00639663310722, 0.0139454985037, -0.00783675536513, 0.0100328335539, -0.00615825969726, 0.00627185823396, -0.00719865737483, 0.00735038984567, -0.00843601766974, 0.00506671890616, -0.00696197804064], [0.000584151421208, -0.00639663310722, 0.00984402187169, -0.00977085810155, 0.00513227749616, -0.0066736349836, 0.00328653142788, -0.00438977219164, 0.00299566052854, -0.00160461419728, 0.00446055922657, -0.00175612221938, 0.0027963956818], [-0.000733089167625, 0.0139454985037, -0.00977085810155, 0.0230554994196, -0.00959447864443, 0.0122351180762, -0.00641384860501, 0.00554184801877, -0.00759802386165, 0.00429137377068, -0.00267683318816, -0.00124925747514, -0.00370250735432], [0.001083577401, -0.00783675536513, 0.00513227749616, -0.00959447864443, 0.0121543779969, -0.00449366262183, 0.00165356369689, -0.00213701277971, 3.74893752451e-05, -0.000430731539382, 0.000681373465341, 0.00203137286007, 0.000651673122775], [-0.0002565633622, 0.0100328335539, -0.0066736349836, 0.0122351180762, -0.00449366262183, 0.0148738129064, -0.00618448713794, 0.00442782137543, -0.00341724720784, 0.000810411584098, -0.00370512157679, 0.000321225932566, -0.00314578041434], [0.000166608690051, -0.00615825969726, 0.00328653142788, -0.00641384860501, 0.00165356369689, -0.00618448713794, 0.0140361683443, -0.00590515881777, 0.00321993022226, -0.000976468494628, -0.00101421121508, 0.00293244817294, 0.00296126003377], [-3.96997857024e-05, 0.00627185823396, -0.00438977219164, 0.00554184801877, -0.00213701277971, 0.00442782137543, -0.00590515881777, 0.0179659556597, -0.00726666301489, 0.00378322927281, -0.00459988648072, 0.000658260018099, -0.00298390188254], [-0.000218787856284, -0.00719865737483, 0.00299566052854, -0.00759802386165, 3.74893752451e-05, -0.00341724720784, 0.00321993022226, -0.00726666301489, 0.0186663195491, -0.00888354610652, 0.00779140694067, -0.00259854248725, 0.00392493512481], [-6.2124003307e-05, 0.00735038984567, -0.00160461419728, 0.00429137377068, -0.000430731539382, 0.000810411584098, -0.000976468494628, 0.00378322927281, -0.00888354610652, 0.0237104799598, -0.0137474443763, 0.0119237052277, -0.00946525298059], [-0.000186199569725, -0.00843601766974, 0.00446055922657, -0.00267683318816, 0.000681373465341, -0.00370512157679, -0.00101421121508, -0.00459988648072, 0.00779140694067, -0.0137474443763, 0.0271091274917, -0.0163164641708, 0.0118288611993], [0.000434322253568, 0.00506671890616, -0.00175612221938, -0.00124925747514, 0.00203137286007, 0.000321225932566, 0.00293244817294, 0.000658260018099, -0.00259854248725, 0.0119237052277, -0.0163164641708, 0.0317095704377, -0.0174405444413], [-0.000468226993689, -0.00696197804064, 0.0027963956818, -0.00370250735432, 0.000651673122775, -0.00314578041434, 0.00296126003377, -0.00298390188254, 0.00392493512481, -0.00946525298059, 0.0118288611993, -0.0174405444413, 0.0281369853765]]
    },
    "melbands": {
        "dmean": [0.00148913310841, 0.00226948759519, 0.00072163407458, 0.000756373454351, 0.000291627453407, 0.000140857577207, 0.000113733505714, 0.000115090697363, 9.80195836746e-05, 7.8301418398e-05, 5.20397152286e-05, 3.65969463019e-05, 3.1112034776e-05, 4.05249811593e-05, 3.70412890334e-05, 5.62503737456e-05, 6.35220712866e-05, 3.40024780598e-05, 2.19230423681e-05, 2.72921970463e-05, 1.61929947353e-05, 1.38080231409e-05, 1.78908539965e-05, 2.95245863526e-05, 1.17547315313e-05, 9.72248108155e-06, 8.56976475916e-06, 8.3421873569e-06, 5.08337643623e-06, 4.79536538478e-06, 3.86321698898e-06, 4.47191268904e-06, 4.80739345221e-06, 3.5925515931e-06, 2.11482119994e-06, 2.26826728067e-06, 2.13683574657e-06, 1.63643812812e-06, 1.01134548913e-06, 3.70678009176e-07],
        "dmean2": [0.00255586323328, 0.00393222039565, 0.00121918262448, 0.00129682896659, 0.00049456738634, 0.000246407900704, 0.000191189144971, 0.000190286591533, 0.000157067974214, 0.000123008168885, 8.27568946988e-05, 5.88222028455e-05, 4.82654832012e-05, 6.50583970128e-05, 5.63149405934e-05, 8.47900519148e-05, 9.95298614725e-05, 5.27110350959e-05, 3.32036870532e-05, 4.20120049966e-05, 2.58293912339e-05, 2.18016921281e-05, 2.84640282189e-05, 4.79344562336e-05, 1.93528485397e-05, 1.53332293849e-05, 1.28807405417e-05, 1.23986710605e-05, 7.4618706094e-06, 7.32192165742e-06, 5.42479801879e-06, 6.2604217419e-06, 6.78182368574e-06, 5.19738341609e-06, 2.94254095934e-06, 2.96896087093e-06, 2.64853360932e-06, 2.10471375794e-06, 1.2907553355e-06, 4.78823665162e-07],
        "dvar": [6.4323985498e-06, 1.20429249364e-05, 8.51592687923e-07, 2.35618176703e-06, 2.28447177619e-07, 6.369540273e-08, 3.3718922765e-08, 5.83330823645e-08, 2.25806982002e-08, 1.39678677513e-08, 5.13726527984e-09, 4.34493552248e-09, 4.50959003473e-09, 1.00442774098e-08, 1.07058708565e-08, 2.86387180637e-08, 2.58751011728e-08, 4.51273773905e-09, 1.08582909331e-09, 1.73730207997e-09, 1.31393784741e-09, 1.05320629995e-09, 1.37189981597e-09, 1.39128741861e-09, 2.738035354e-10, 3.2583946652e-10, 2.4790733355e-10, 2.84441775689e-10, 1.5853386659e-10, 2.25380256125e-10, 1.32215779991e-10, 2.45946374378e-10, 4.40075587083e-10, 1.69938146888e-10, 4.55017482026e-11, 5.91708834707e-11, 5.75907585509e-11, 3.04485811564e-11, 1.13052484041e-11, 1.48271228195e-12],
        "dvar2": [1.78273585334e-05, 3.41094855685e-05, 2.38420034293e-06, 6.51185291645e-06, 6.26562382422e-07, 1.80786045689e-07, 8.51862438367e-08, 1.51631439849e-07, 5.33607469322e-08, 3.35990506528e-08, 1.20140164483e-08, 8.8478584459e-09, 1.02416883863e-08, 3.02477545233e-08, 1.93496543233e-08, 6.47928217745e-08, 7.22655926211e-08, 1.0568912856e-08, 2.36339614545e-09, 4.10067224621e-09, 3.5048339786e-09, 2.62201993451e-09, 3.20514281782e-09, 3.33552074849e-09, 7.04445002331e-10, 8.09566080839e-10, 5.0868520507e-10, 5.55178292228e-10, 3.6447081464e-10, 5.75349046184e-10, 2.69286398735e-10, 4.81646056372e-10, 8.8340135207e-10, 3.79418857444e-10, 8.76089895074e-11, 1.04320913019e-10, 7.5344577799e-11, 4.93809368396e-11, 1.76715708039e-11, 2.47724475481e-12],
        "max": [0.0210026875138, 0.0292101725936, 0.00746715813875, 0.0131928920746, 0.00538398558274, 0.00261392374523, 0.00154053757433, 0.0044541885145, 0.00197544018738, 0.00159784522839, 0.000842835986987, 0.00149128050543, 0.00132386758924, 0.00212622294202, 0.0027102692984, 0.00543785374612, 0.00342947756872, 0.00109277165029, 0.000406223349273, 0.000608016853221, 0.000574263569433, 0.000609406270087, 0.000577508064453, 0.000435306807049, 0.000237779371673, 0.000255109654972, 0.000262961664703, 0.000428187398938, 0.000254604936345, 0.000256549130427, 0.000241863672272, 0.000268691277597, 0.000427904888056, 0.000221568232519, 0.000109388696728, 0.00012088555377, 0.000162414478837, 9.40765821724e-05, 5.79076440772e-05, 2.52669888141e-05],
        "mean": [0.00224947789684, 0.00432616053149, 0.00139152654447, 0.000998966046609, 0.000512892962433, 0.000211192687857, 0.000177156922291, 0.000166916128364, 0.000160964496899, 0.000127888502902, 8.11693971627e-05, 5.78962790314e-05, 5.50458389625e-05, 6.31027724012e-05, 6.12566363998e-05, 9.19671801967e-05, 0.000105836785224, 5.73367651668e-05, 3.49310030288e-05, 4.68684738735e-05, 2.58481559285e-05, 2.26817919611e-05, 3.22359810525e-05, 5.55379883735e-05, 2.34095350606e-05, 2.02898736461e-05, 1.59259125212e-05, 1.50619307533e-05, 8.03482635092e-06, 6.73611566526e-06, 6.12118492427e-06, 7.07419712853e-06, 7.14045154382e-06, 5.22209438714e-06, 3.54257053914e-06, 3.74702335648e-06, 3.88281932828e-06, 2.65745052275e-06, 1.59291869295e-06, 5.5272408872e-07],
        "median": [0.00153620087076, 0.00373530294746, 0.00120825425256, 0.000609812967014, 0.000283925066469, 0.00011313806317, 7.99167028163e-05, 7.48088568798e-05, 8.99556544027e-05, 7.89515615907e-05, 4.66006567876e-05, 2.57667616097e-05, 2.14188912651e-05, 2.76185655821e-05, 1.37050437843e-05, 3.10624927806e-05, 4.81170936837e-05, 2.19142384594e-05, 1.87189343706e-05, 2.9115459256e-05, 1.20249233078e-05, 9.20649563341e-06, 1.13307232823e-05, 3.75225317839e-05, 1.63551867445e-05, 7.855685908e-06, 5.77700620852e-06, 3.86042074751e-06, 2.25839903578e-06, 1.42274541304e-06, 1.13223745757e-06, 1.00194677088e-06, 7.37593893518e-07, 7.98415555892e-07, 5.99306417826e-07, 4.65919583803e-07, 4.46326311021e-07, 3.89452821992e-07, 2.26458126917e-07, 7.00473208326e-08],
        "min": [2.57239278767e-08, 1.46067584694e-08, 1.68935763156e-08, 5.72633274132e-09, 1.13640707955e-09, 1.2498212465e-09, 5.77099146248e-10, 1.8372495747e-09, 1.80992232313e-09, 3.48259032723e-10, 3.90449866883e-10, 3.62579466451e-10, 1.18936727134e-09, 4.6324282188e-09, 2.30501928655e-09, 2.99957975125e-10, 2.12678874512e-10, 1.5832458955e-10, 2.07516101525e-10, 1.88659587952e-10, 2.40438141619e-10, 3.17763843016e-10, 1.91910570768e-10, 5.91525606275e-10, 1.27390362148e-10, 1.76390985152e-11, 6.19631151944e-11, 7.01936911374e-11, 2.42085535646e-11, 6.24622575884e-12, 3.93398898527e-12, 5.06905802056e-12, 1.67398560291e-12, 2.55739396673e-12, 5.55403639746e-12, 7.09874520277e-12, 3.27740438955e-12, 4.84942121182e-12, 1.56680636347e-12, 4.4054340796e-13],
        "var": [7.2250154517e-06, 1.21322818813e-05, 1.09581037577e-06, 2.01126590582e-06, 3.57099082748e-07, 7.21838446793e-08, 5.89986797195e-08, 7.95740149329e-08, 4.56302302609e-08, 2.71770019822e-08, 9.75187486318e-09, 1.05053326038e-08, 1.2052584708e-08, 1.68851208571e-08, 2.86848997888e-08, 7.00037148249e-08, 4.01564506092e-08, 1.00698240857e-08, 2.09897832448e-09, 3.16827253322e-09, 2.31104935189e-09, 1.83033843637e-09, 3.58464991024e-09, 3.70667874172e-09, 5.53630918887e-10, 1.03561847986e-09, 6.54859944049e-10, 9.77656178236e-10, 3.5683800359e-10, 3.7501318717e-10, 3.43659739555e-10, 6.17427331484e-10, 8.53884352114e-10, 3.29414856504e-10, 1.29023541851e-10, 1.76496747772e-10, 2.06593187002e-10, 8.68602828552e-11, 3.06477482281e-11, 3.89789416022e-12]
    },
    "mfcc": {
        "mean": [-619.955688477, 125.283302307, -6.10067558289, 37.3757095337, 15.5792884827, 9.62880516052, 4.10455274582, 9.3899230957, -3.47512555122, 10.6125631332, 3.87016057968, -1.22470390797, -9.50487709045],
        "cov": [[3502.00048828, -964.132568359, 311.472808838, -180.119537354, -279.086914062, 4.63082551956, -169.071640015, -110.668769836, -13.0844926834, -50.0691642761, -129.774520874, 83.5639648438, 28.9414520264], [-964.132568359, 1128.40026855, -471.432647705, 97.3548965454, 117.301498413, -73.2257156372, 106.803504944, 25.1130695343, -40.3764877319, 97.1540756226, 56.6089401245, -9.65490913391, -11.7727365494], [311.472808838, -471.432647705, 439.802337646, -64.680557251, -66.0213851929, 41.0062332153, -45.6898155212, 11.7629585266, 31.0195617676, -68.397315979, -5.58901834488, -17.5066375732, -9.64499282837], [-180.119537354, 97.3548965454, -64.680557251, 271.670410156, 80.8496017456, -43.5317420959, -49.8049888611, 29.5773868561, 31.2439022064, 21.0187721252, 18.437915802, -50.5416984558, -14.5484323502], [-279.086914062, 117.301498413, -66.0213851929, 80.8496017456, 139.953857422, -0.329565048218, -24.4987869263, 14.1797828674, 16.0035247803, 17.3319702148, 18.7972774506, -23.8625774384, -14.7161684036], [4.63082551956, -73.2257156372, 41.0062332153, -43.5317420959, -0.329565048218, 101.369338989, 21.5109653473, -12.876947403, 9.54592323303, 2.01303577423, 8.71381664276, 4.85178279877, -7.70995092392], [-169.071640015, 106.803504944, -45.6898155212, -49.8049888611, -24.4987869263, 21.5109653473, 133.496154785, 20.0705928802, -22.2314949036, 8.14516544342, 16.0649909973, 20.3923187256, 18.2212734222], [-110.668769836, 25.1130695343, 11.7629585266, 29.5773868561, 14.1797828674, -12.876947403, 20.0705928802, 90.2627639771, 14.2833042145, -8.87622451782, 10.688577652, -6.31631803513, -1.50245714188], [-13.0844926834, -40.3764877319, 31.0195617676, 31.2439022064, 16.0035247803, 9.54592323303, -22.2314949036, 14.2833042145, 90.9023284912, 14.8533296585, 2.13494253159, -13.5271377563, -3.50455904007], [-50.0691642761, 97.1540756226, -68.397315979, 21.0187721252, 17.3319702148, 2.01303577423, 8.14516544342, -8.87622451782, 14.8533296585, 111.116615295, 34.1575279236, -9.41265392303, 6.96908950806], [-129.774520874, 56.6089401245, -5.58901834488, 18.437915802, 18.7972774506, 8.71381664276, 16.0649909973, 10.688577652, 2.13494253159, 34.1575279236, 85.1009902954, 4.43897485733, -12.8396911621], [83.5639648438, -9.65490913391, -17.5066375732, -50.5416984558, -23.8625774384, 4.85178279877, 20.3923187256, -6.31631803513, -13.5271377563, -9.41265392303, 4.43897485733, 92.328086853, 24.9728546143], [28.9414520264, -11.7727365494, -9.64499282837, -14.5484323502, -14.7161684036, -7.70995092392, 18.2212734222, -1.50245714188, -3.50455904007, 6.96908950806, -12.8396911621, 24.9728546143, 80.1170349121]],
