{
"lowlevel": {
    "average_loudness": 0.977139234543,
    "barkbands_crest": {
        "dmean": 3.36267733574,
        "dmean2": 5.30992794037,
        "dvar": 8.81646633148,
        "dvar2": 20.3663787842,
        "max": 24.3657035828,
        "mean": 11.2422609329,
        "median": 10.4474143982,
        "min": 2.12686705589,
        "var": 26.7048854828
    },
    "barkbands_flatness_db": {
        "dmean": 0.0217656306922,
        "dmean2": 0.0323401205242,
        "dvar": 0.000365612737369,
        "dvar2": 0.000817237538286,
        "max": 0.309457480907,
        "mean": 0.150933131576,
        "median": 0.144599437714,
        "min": 0.0242151543498,
        "var": 0.00306675955653
    },
    "barkbands_kurtosis": {
        "dmean": 1.72509467602,
        "dmean2": 2.66482234001,
        "dvar": 6.04837751389,
        "dvar2": 13.7001428604,
        "max": 32.9075813293,
        "mean": 1.64507985115,
        "median": 0.314093828201,
        "min": -1.6966483593,
        "var": 15.5651140213
    },
    "barkbands_skewness": {
        "dmean": 0.515488862991,
        "dmean2": 0.763615310192,
        "dvar": 0.236755564809,
        "dvar2": 0.528088212013,
        "max": 5.51894664764,
        "mean": 1.2672611475,
        "median": 1.14410495758,
        "min": -1.9758682251,
        "var": 0.921821415424
    },
    "barkbands_spread": {
        "dmean": 6.09402608871,
        "dmean2": 9.25207710266,
        "dvar": 43.4624938965,
        "dvar2": 92.2062911987,
        "max": 74.3962173462,
        "mean": 28.9303321838,
        "median": 28.8774986267,
        "min": 4.29338741302,
        "var": 208.17338562
    },
    "dissonance": {
        "dmean": 0.0128218829632,
        "dmean2": 0.0218364708126,
        "dvar": 0.000157204543939,
        "dvar2": 0.000428772415034,
        "max": 0.500000059605,
        "mean": 0.481281638145,
        "median": 0.485844671726,
        "min": 0.336949169636,
        "var": 0.000262049899902
    },
    "dynamic_complexity": 1.3564645052,
    "erbbands_crest": {
        "dmean": 2.27852654457,
        "dmean2": 3.63408637047,
        "dvar": 4.93890523911,
        "dvar2": 12.6608314514,
        "max": 22.1361694336,
        "mean": 7.58786821365,
        "median": 6.42219924927,
        "min": 2.2165491581,
        "var": 16.1315803528
    },
    "erbbands_flatness_db": {
        "dmean": 0.0130717186257,
        "dmean2": 0.0201392192394,
        "dvar": 0.000124840531498,
        "dvar2": 0.000286677444819,
        "max": 0.358756691217,
        "mean": 0.18732650578,
        "median": 0.157915085554,
        "min": 0.0932508632541,
        "var": 0.00462071876973
    },
    "erbbands_kurtosis": {
        "dmean": 0.658607244492,
        "dmean2": 1.03603541851,
        "dvar": 0.557436943054,
        "dvar2": 1.26343536377,
        "max": 7.27055454254,
        "mean": 0.0888233706355,
        "median": -0.265652656555,
        "min": -1.48902308941,
        "var": 1.50816249847
    },
    "erbbands_skewness": {
        "dmean": 0.297628909349,
        "dmean2": 0.446670055389,
        "dvar": 0.0641738176346,
        "dvar2": 0.159689590335,
        "max": 2.35638689995,
        "mean": 0.0280247554183,
        "median": -0.01665321365,
        "min": -1.79954576492,
        "var": 0.413355529308
    },
    "erbbands_spread": {
        "dmean": 6.54523658752,
        "dmean2": 10.0831012726,
        "dvar": 40.463973999,
        "dvar2": 82.4005584717,
        "max": 99.0291900635,
        "mean": 37.8636856079,
        "median": 37.2174491882,
        "min": 7.42186594009,
        "var": 248.456695557
    },
    "hfc": {
        "dmean": 10.504076004,
        "dmean2": 15.7601766586,
        "dvar": 139.23765564,
        "dvar2": 299.423583984,
        "max": 97.7885513306,
        "mean": 34.8220367432,
        "median": 31.6486206055,
        "min": 1.21084365662e-16,
        "var": 312.855133057
    },
    "melbands_crest": {
        "dmean": 4.21134757996,
        "dmean2": 6.55901670456,
        "dvar": 13.5248126984,
        "dvar2": 27.9520511627,
        "max": 31.647190094,
        "mean": 16.0526027679,
        "median": 15.9181804657,
        "min": 1.09257054329,
        "var": 39.5554542542
    },
    "melbands_flatness_db": {
        "dmean": 0.0293935276568,
        "dmean2": 0.0412209741771,
        "dvar": 0.000683861027937,
        "dvar2": 0.00137836160138,
        "max": 0.305228114128,
        "mean": 0.159877091646,
        "median": 0.158917546272,
        "min": 0.0007232092903,
        "var": 0.00306913582608
    },
    "melbands_kurtosis": {
        "dmean": 5.98746061325,
        "dmean2": 8.88316059113,
        "dvar": 86.5324325562,
        "dvar2": 180.108886719,
        "max": 149.567687988,
        "mean": 10.9004564285,
        "median": 6.24937725067,
        "min": -1.38931047916,
        "var": 249.677124023
    },
    "melbands_skewness": {
        "dmean": 0.757388472557,
        "dmean2": 1.11878883839,
        "dvar": 0.561186850071,
        "dvar2": 1.16849672794,
        "max": 11.117890358,
        "mean": 2.63789391518,
        "median": 2.33206415176,
        "min": -0.707620441914,
        "var": 2.47408676147
    },
    "melbands_spread": {
        "dmean": 9.15567779541,
        "dmean2": 13.427854538,
        "dvar": 89.3620910645,
        "dvar2": 176.547485352,
        "max": 138.360519409,
        "mean": 29.8087387085,
        "median": 25.3479747772,
        "min": 3.37101149559,
        "var": 320.71963501
    },
    "pitch_salience": {
        "dmean": 0.0861826464534,
        "dmean2": 0.132767498493,
        "dvar": 0.00599175691605,
        "dvar2": 0.0128460256383,
        "max": 0.996070861816,
        "mean": 0.532229781151,
        "median": 0.553868889809,
        "min": 0.174571231008,
        "var": 0.0212858244777
    },
    "silence_rate_20dB": {
        "dmean": 0,
        "dmean2": 0,
        "dvar": 0,
        "dvar2": 0,
        "max": 1,
        "mean": 1,
        "median": 1,
        "min": 1,
        "var": 0
    },
    "silence_rate_30dB": {
        "dmean": 0,
        "dmean2": 0,
        "dvar": 0,
        "dvar2": 0,
        "max": 1,
        "mean": 1,
        "median": 1,
        "min": 1,
        "var": 0
    },
    "silence_rate_60dB": {
        "dmean": 0.000771010003518,
        "dmean2": 0.00154320988804,
        "dvar": 0.0007704172167,
        "dvar2": 0.00154083105735,
        "max": 1,
        "mean": 0.00385208008811,
        "median": 0,
        "min": 0,
        "var": 0.00383718544617
    },
    "spectral_centroid": {
        "dmean": 277.168151855,
        "dmean2": 417.556427002,
        "dvar": 95510.3203125,
        "dvar2": 149357.546875,
        "max": 11397.3173828,
        "mean": 1843.01257324,
        "median": 1830.58288574,
        "min": 819.857116699,
        "var": 270516.40625
    },
    "spectral_complexity": {
        "dmean": 4.92444086075,
        "dmean2": 7.4182100296,
        "dvar": 19.530122757,
        "dvar2": 38.7171783447,
        "max": 56,
        "mean": 32.3266563416,
        "median": 32,
        "min": 0,
        "var": 87.1030273438
    },
    "spectral_decrease": {
        "dmean": 2.45167264268e-09,
        "dmean2": 3.82199960569e-09,
        "dvar": 4.73137260136e-18,
        "dvar2": 1.1333697881e-17,
        "max": 9.05958709731e-29,
        "mean": -8.97501983843e-09,
        "median": -8.50674020114e-09,
        "min": -2.40156303732e-08,
        "var": 1.7538573216e-17
    },
    "spectral_energy": {
        "dmean": 0.00968250073493,
        "dmean2": 0.0152421370149,
        "dvar": 7.39487804822e-05,
        "dvar2": 0.000177999740117,
        "max": 0.0944367870688,
        "mean": 0.037032302469,
        "median": 0.035550057888,
        "min": 1.06407714283e-20,
        "var": 0.000267056777375
    },
    "spectral_energyband_high": {
        "dmean": 0.000770316051785,
        "dmean2": 0.00110680575017,
        "dvar": 1.25306860355e-06,
        "dvar2": 2.71122075901e-06,
        "max": 0.00836382806301,
        "mean": 0.00169656344224,
        "median": 0.00124010676518,
        "min": 8.04778477458e-21,
        "var": 2.58369709627e-06
    },
    "spectral_energyband_low": {
        "dmean": 0.00636142957956,
        "dmean2": 0.00912011787295,
        "dvar": 6.85128979967e-05,
        "dvar2": 0.000127456674818,
        "max": 0.0747184380889,
        "mean": 0.0153213813901,
        "median": 0.0103708058596,
        "min": 7.89225990048e-23,
        "var": 0.000268370553385
    },
    "spectral_energyband_middle_high": {
        "dmean": 0.00283396546729,
        "dmean2": 0.00441665388644,
        "dvar": 9.86934901448e-06,
        "dvar2": 2.23237457249e-05,
        "max": 0.036779332906,
        "mean": 0.00944697763771,
        "median": 0.008644413203,
        "min": 1.36197600166e-21,
        "var": 2.84773414023e-05
    },
    "spectral_energyband_middle_low": {
        "dmean": 0.00635623838753,
        "dmean2": 0.00987454224378,
        "dvar": 5.52027013327e-05,
        "dvar2": 0.000134855421493,
        "max": 0.063541918993,
        "mean": 0.0115178087726,
        "median": 0.00858547538519,
        "min": 2.90625672353e-22,
        "var": 9.08678630367e-05
    },
    "spectral_entropy": {
        "dmean": 0.099595233798,
        "dmean2": 0.143746525049,
        "dvar": 0.00817247387022,
        "dvar2": 0.016789432615,
        "max": 9.78698158264,
        "mean": 7.82663631439,
        "median": 7.94052457809,
        "min": 6.73723506927,
        "var": 0.127680167556
    },
    "spectral_flux": {
        "dmean": 0.0270863156766,
        "dmean2": 0.0425826311111,
        "dvar": 0.000561437162105,
        "dvar2": 0.00138490542304,
        "max": 0.245314925909,
        "mean": 0.113748960197,
        "median": 0.106504067779,
        "min": 1.03154117193e-10,
        "var": 0.00166264257859
    },
    "spectral_kurtosis": {
        "dmean": 1.44200181961,
        "dmean2": 2.51566767693,
        "dvar": 3.31704330444,
        "dvar2": 9.6240196228,
        "max": 18.9385986328,
        "mean": 2.90481090546,
        "median": 1.8330411911,
        "min": -1.19856309891,
        "var": 8.70640182495
    },
    "spectral_rms": {
        "dmean": 0.000801065762062,
        "dmean2": 0.00126049784012,
        "dvar": 4.87491206513e-07,
        "dvar2": 1.15411432944e-06,
        "max": 0.00959861744195,
        "mean": 0.00584330782294,
        "median": 0.00588922575116,
        "min": 3.22199320175e-12,
        "var": 1.98484258362e-06
    },
    "spectral_rolloff": {
        "dmean": 661.702575684,
        "dmean2": 958.859008789,
        "dvar": 675776.6875,
        "dvar2": 1246284.75,
        "max": 18755.4199219,
        "mean": 1963.08630371,
        "median": 1894.921875,
        "min": 64.599609375,
        "var": 1724041.25
    },
    "spectral_skewness": {
        "dmean": 0.186387389898,
        "dmean2": 0.3120033741,
        "dvar": 0.0341982506216,
        "dvar2": 0.0922747701406,
        "max": 3.35238575935,
        "mean": 1.17212224007,
        "median": 1.08197593689,
        "min": -0.0411508828402,
        "var": 0.126830980182
    },
    "spectral_spread": {
        "dmean": 376369.875,
        "dmean2": 533201.75,
        "dvar": 988140797952,
        "dvar2": 1.14548054426e+12,
        "max": 41056320,
        "mean": 4056355.5,
        "median": 4292639,
        "min": 1661231.375,
        "var": 2.2448528425e+12
    },
    "spectral_strongpeak": {
        "dmean": 0.532183527946,
        "dmean2": 0.903092563152,
        "dvar": 0.861228466034,
        "dvar2": 2.32886266708,
        "max": 8.03025531769,
        "mean": 1.00342035294,
        "median": 0.50036585331,
        "min": 0,
        "var": 1.51180291176
    },
    "zerocrossingrate": {
        "dmean": 0.0136978514493,
        "dmean2": 0.0153190707788,
        "dvar": 0.0002812287712,
        "dvar2": 0.000461004936369,
        "max": 0.51513671875,
        "mean": 0.0738907232881,
        "median": 0.06884765625,
        "min": 0.015625,
        "var": 0.00134258379694
    },
    "barkbands": {
        "dmean": [0.000333889998728, 0.00532882055268, 0.00334747624584, 0.00163486064412, 0.00206746603362, 0.000640450685751, 0.00107088859659, 0.00251394580118, 0.0010952813318, 0.00067417009268, 0.000638020515908, 0.000591078947764, 0.000536552048288, 0.000503277580719, 0.000785548589192, 0.00054874381749, 0.000394752569264, 0.000341895152815, 0.00028176131309, 0.000226659045438, 0.000133994675707, 0.000164558645338, 0.000209608740988, 0.000212251907215, 5.88329967286e-05, 4.28108215544e-08, 8.64911875453e-09],
        "dmean2": [0.000569541996811, 0.00782419554889, 0.00528713827953, 0.00279333698563, 0.00356411118992, 0.0011204383336, 0.00173670588993, 0.00403173966333, 0.00174376659561, 0.00112214731053, 0.00103658006992, 0.000984989339486, 0.000882203574292, 0.000809019664302, 0.00126670021564, 0.000846093171276, 0.000643861596473, 0.000555065984372, 0.000450231367722, 0.0003616118629, 0.000209738005651, 0.000254051730735, 0.00031923915958, 0.000309843482682, 8.97222125786e-05, 6.94803290457e-08, 1.63532156705e-08],
        "dvar": [3.51999432269e-07, 6.09539965808e-05, 4.6884855692e-05, 1.54141216626e-05, 2.23602673941e-05, 1.87267301044e-06, 7.51436073188e-06, 2.0684361516e-05, 6.06703952144e-06, 1.28904025587e-06, 8.00438272108e-07, 9.93007688521e-07, 7.52128528347e-07, 5.64637559819e-07, 1.49470849919e-06, 7.38525613997e-07, 2.19278462055e-07, 1.79256545607e-07, 1.59632079999e-07, 7.98373065436e-08, 2.59206327513e-08, 5.05129342798e-08, 1.11018252369e-07, 1.02936738244e-07, 8.47996695086e-09, 6.19676471662e-15, 1.58533216919e-15],
        "dvar2": [9.57777160693e-07, 0.000103566206235, 0.000106465864519, 4.12832268921e-05, 6.1529026425e-05, 5.51454650122e-06, 1.9779370632e-05, 5.38397362106e-05, 1.50268324433e-05, 3.13324790113e-06, 1.77689878456e-06, 2.4723617571e-06, 1.69303450548e-06, 1.34438118948e-06, 3.54615826836e-06, 1.67396410689e-06, 5.40769235613e-07, 4.5323440645e-07, 3.7174365275e-07, 1.91678324768e-07, 6.03893681728e-08, 1.15918965093e-07, 2.42888916091e-07, 2.11101195191e-07, 1.79992323268e-08, 1.65266377108e-14, 4.6139172127e-15],
        "max": [0.00496758427471, 0.0649270936847, 0.0487349256873, 0.0276312343776, 0.038541585207, 0.0166686680168, 0.0522183775902, 0.0481855235994, 0.0367159210145, 0.016602165997, 0.0192149281502, 0.0129341529682, 0.0137367816642, 0.0120277889073, 0.0157446619123, 0.0133854793385, 0.00531532615423, 0.00477037671953, 0.00539482850581, 0.00256074871868, 0.00186098529957, 0.00176564243156, 0.00252913846634, 0.00250305258669, 0.00106994388625, 9.21273226595e-07, 5.02581087858e-07],
        "mean": [0.000371893809643, 0.0105387428775, 0.00361195136793, 0.00142392492853, 0.00216493406333, 0.000852314347867, 0.00141759053804, 0.00375145464204, 0.00161756412126, 0.00108098052442, 0.000915506563615, 0.000891271745786, 0.000799264584202, 0.000855060410686, 0.00149397016503, 0.00113952264655, 0.000831147714052, 0.000758645066526, 0.000583528541028, 0.000443730736151, 0.000292215321679, 0.000338791112881, 0.000362748629414, 0.000406839273637, 8.86809502845e-05, 5.74516612062e-08, 5.36029309828e-09],
        "median": [0.000114383627078, 0.0056020366028, 0.00118891242892, 0.000456509238575, 0.00089604902314, 0.000413321220549, 0.000659134122543, 0.00135719694663, 0.000620068982244, 0.000625574495643, 0.000550908269361, 0.000497282133438, 0.000470794446301, 0.000519821536727, 0.000752996653318, 0.00060331588611, 0.000623423955403, 0.000571396725718, 0.000405787548516, 0.000333036878146, 0.000207068340387, 0.000242555484874, 0.000231655460084, 0.000269152282272, 4.95550993946e-05, 2.82297492049e-08, 7.25387194755e-10],
        "min": [1.03040317242e-23, 5.67724765697e-23, 1.55238864688e-23, 2.27527679905e-23, 2.80875944788e-23, 3.45961008436e-23, 6.47080891101e-23, 4.04608304455e-23, 8.5060574247e-23, 5.33174046443e-23, 7.59527080906e-23, 5.21168277663e-23, 8.296484219e-23, 7.01977910822e-23, 1.4496909477e-22, 2.11688993759e-22, 1.76114863165e-22, 1.6244456001e-22, 1.53337192413e-22, 3.72466267846e-22, 5.15231032812e-22, 5.25283821804e-22, 5.95131661567e-22, 8.9122440505e-22, 9.02127699694e-22, 1.84208558382e-21, 2.80922612537e-21],
        "var": [4.01265850769e-07, 0.000170958068338, 5.2996478189e-05, 1.19488358905e-05, 1.73898333742e-05, 1.76183436906e-06, 9.38098855841e-06, 4.0064798668e-05, 1.17820200103e-05, 2.46989975494e-06, 1.66206996255e-06, 1.57380418386e-06, 1.27773603253e-06, 9.76765932137e-07, 3.60338390237e-06, 2.65104313257e-06, 4.64848483261e-07, 3.94675168991e-07, 3.50406111238e-07, 1.45843159771e-07, 6.9060732244e-08, 1.08591187598e-07, 1.68468162087e-07, 1.91658628523e-07, 1.35510127564e-08, 7.2782288551e-15, 8.86452537131e-16]
    },
    "erbbands": {
        "dmean": [0.165341556072, 1.26289367676, 3.24384951591, 4.75710105896, 5.61461400986, 7.8058385849, 7.71727895737, 4.03360366821, 8.37011146545, 34.9434165955, 50.0241889954, 23.4688529968, 21.0414123535, 22.130405426, 23.870426178, 25.0627155304, 20.3874588013, 23.7299900055, 36.1900634766, 36.5209007263, 24.8111152649, 20.5462760925, 19.3910064697, 14.1742258072, 13.7241258621, 10.7575683594, 6.22013521194, 5.23409032822, 5.77978515625, 5.84216451645, 6.07904863358, 5.04106998444, 3.15547466278, 1.15750813484, 0.0631753131747, 0.00285687996075, 0.000179414520971, 2.9635588362e-05, 1.03129677882e-05, 1.20977420011e-05],
        "dmean2": [0.230030477047, 1.80679905415, 4.804500103, 7.56301307678, 9.57164955139, 13.8855361938, 13.7070045471, 6.81710529327, 13.2733669281, 57.0334434509, 79.1180496216, 36.8267364502, 33.7926940918, 35.9939498901, 38.6304626465, 41.2682762146, 33.4936676025, 37.4323501587, 57.1334571838, 57.0715370178, 39.5582313538, 33.6042137146, 31.4442214966, 22.8609848022, 21.8519420624, 17.0711040497, 9.71939277649, 8.12208938599, 8.94140052795, 8.81599712372, 9.25597286224, 7.57084846497, 4.66836643219, 1.75478470325, 0.0997844710946, 0.00446110125631, 0.000271031691227, 4.46711164841e-05, 1.61910666066e-05, 1.93603373191e-05],
        "dvar": [0.0572658069432, 3.82214784622, 38.6478233337, 101.883201599, 169.859695435, 376.207794189, 212.51965332, 73.6788406372, 368.165435791, 5468.85205078, 7252.05957031, 2405.70361328, 1648.84460449, 1131.9128418, 1277.20495605, 1844.84326172, 831.171264648, 1483.41748047, 3788.44335938, 2949.66430664, 1559.12866211, 609.805114746, 541.502441406, 386.850769043, 396.557006836, 188.878265381, 59.3104934692, 41.5619812012, 59.1560096741, 71.5199203491, 96.6976776123, 64.2925872803, 21.0170230865, 3.35371136665, 0.0164642594755, 3.02558801195e-05, 8.26055384096e-08, 2.2110477893e-09, 1.74062819713e-10, 1.23451041056e-10],
        "dvar2": [0.104235447943, 6.03305625916, 83.765007019, 239.009140015, 455.011077881, 1066.51721191, 595.083984375, 208.437255859, 970.90222168, 15240.5585938, 18429.4140625, 6330.71826172, 3681.53271484, 2543.99609375, 3028.90722656, 4578.06689453, 1826.66479492, 3157.09716797, 9644.76660156, 6597.71777344, 3607.67700195, 1513.64331055, 1373.71313477, 939.863220215, 888.164428711, 449.144287109, 138.544204712, 96.2439956665, 136.332977295, 164.348632812, 211.294998169, 135.43460083, 40.9750404358, 7.26401567459, 0.0414536260068, 7.49732062104e-05, 1.8389370382e-07, 4.95480767526e-09, 4.01840255515e-10, 2.95889895918e-10],
        "max": [1.72088289261, 16.6494598389, 44.9986763, 92.780921936, 100.272537231, 172.571105957, 174.9793396, 109.683586121, 514.073852539, 1299.2746582, 961.046630859, 787.866027832, 535.717224121, 610.647460938, 832.418579102, 484.265411377, 477.027069092, 707.522277832, 666.608520508, 713.445373535, 826.352600098, 275.748535156, 255.830703735, 341.287200928, 305.290588379, 131.470077515, 75.8743362427, 73.7473373413, 64.3395767212, 77.2516708374, 77.2144012451, 60.7652549744, 36.8711853027, 19.0736980438, 1.41956448555, 0.061276782304, 0.00310593331233, 0.00040249308222, 0.000123966106912, 0.000109755601443],
        "mean": [0.325274407864, 2.27657699585, 4.01320505142, 5.17568397522, 5.34229850769, 7.40208864212, 9.29762840271, 5.75565958023, 12.5767755508, 48.8613243103, 76.7251815796, 37.6977386475, 34.3162498474, 36.3639831543, 37.8078308105, 38.5962944031, 33.8027458191, 43.8172531128, 68.9262237549, 78.7619018555, 55.6448440552, 47.0005722046, 44.0306587219, 31.9026145935, 28.0832252502, 21.4310531616, 12.9407482147, 11.5126008987, 11.6807594299, 11.323182106, 10.3942785263, 9.27322101593, 6.13084554672, 1.89272272587, 0.0768448859453, 0.00373918400146, 0.000309082970489, 5.62594650546e-05, 3.30528928316e-05, 4.86203716719e-05],
        "median": [0.175573766232, 1.09085798264, 1.44345450401, 2.02181243896, 1.88287067413, 2.60330557823, 4.23873138428, 2.72428178787, 6.36777496338, 20.5670509338, 29.8764266968, 18.2596950531, 17.6142578125, 22.8909111023, 24.9686279297, 21.2029666901, 21.2855453491, 28.9784622192, 34.5042533875, 41.5087966919, 34.7480163574, 37.0958404541, 33.1666259766, 24.2796058655, 19.0772819519, 16.0859298706, 8.79992103577, 8.21649742126, 8.37245941162, 7.66920948029, 6.67432022095, 6.27878284454, 4.06997776031, 1.104814291, 0.0351977422833, 0.00185664533637, 0.000193915373529, 3.66735512216e-05, 2.98449303955e-05, 4.7583685955e-05],
        "min": [1.01315034266e-21, 1.45895773841e-20, 2.27186092278e-20, 3.67403739734e-20, 1.36438466032e-19, 5.61361986806e-20, 7.83358910145e-20, 3.65284095877e-19, 8.58889547359e-19, 1.18482703964e-18, 5.76310071053e-19, 1.59653282169e-18, 2.19943106257e-18, 2.78361765081e-18, 2.84323565948e-18, 2.1820222194e-18, 4.1773642502e-18, 4.14954409825e-18, 3.52186538737e-18, 1.13332330055e-17, 1.07181257855e-17, 1.04695050719e-17, 8.88705975642e-18, 6.91060846286e-18, 1.31297543178e-17, 1.73189054781e-17, 2.36994441968e-17, 1.65873601793e-17, 2.06730914292e-17, 1.65716338215e-17, 1.7719423022e-17, 1.26477851262e-17, 1.94343289049e-17, 9.15691088766e-18, 6.81300776802e-18, 5.48903199215e-18, 4.15086965518e-18, 1.65833624154e-18, 3.5262417415e-19, 4.03513210776e-20],
        "var": [0.159736096859, 9.8005657196, 55.5773925781, 108.302337646, 136.391860962, 254.066711426, 239.389572144, 82.874382019, 645.78137207, 8623.57714844, 14523.1621094, 5058.50976562, 3413.95214844, 2171.71582031, 2711.68212891, 2988.64599609, 1719.67956543, 2682.61401367, 8049.98681641, 9470.47460938, 5284.24169922, 1337.75805664, 1255.85913086, 726.874450684, 909.52947998, 340.419891357, 143.402984619, 103.133369446, 127.133224487, 133.178451538, 143.842681885, 105.995292664, 42.2958679199, 5.43231725693, 0.017455117777, 3.42642197211e-05, 1.2768410329e-07, 3.49100615082e-09, 3.41729644582e-10, 4.06703004607e-10]
    },
    "gfcc": {
        "mean": [16.2379417419, 89.6773071289, -173.130172729, 50.7620620728, -77.6461715698, 28.8247356415, -35.6453399658, 11.104678154, 2.87060451508, -14.5109529495, 7.04944372177, -20.4026794434, 3.70583868027],
        "cov": [[7006.14892578, 1059.53552246, 1117.99609375, 1543.16345215, 51.5632896423, 649.662658691, -322.953063965, -94.7790603638, -270.130493164, -74.3904495239, -43.9633903503, 73.7250671387, 32.0903968811], [1059.53552246, 686.201721191, 724.46081543, 666.438537598, 310.682067871, 209.95098877, 38.5094642639, -62.6045188904, 13.1527757645, -36.4075393677, 35.2406349182, 29.715171814, -2.50492763519], [1117.99609375, 724.46081543, 1936.43103027, 1430.77636719, 520.987182617, 621.633117676, -21.4382362366, -63.9832115173, -176.118392944, 11.0050821304, -23.8606910706, 140.556991577, 30.0808200836], [1543.16345215, 666.438537598, 1430.77636719, 1300.68554688, 479.7081604, 500.095611572, -26.1694259644, -76.5352935791, -101.506011963, -7.24427175522, -8.02236652374, 95.4498214722, 30.4350128174], [51.5632896423, 310.682067871, 520.987182617, 479.7081604, 388.27444458, 195.710266113, 51.2339248657, -4.18652868271, 24.4142417908, 3.48378515244, 12.3890342712, 9.88470745087, 1.8903375864], [649.662658691, 209.95098877, 621.633117676, 500.095611572, 195.710266113, 345.865386963, 49.7687416077, 26.1885604858, -79.5500183105, 2.12091994286, 2.8571741581, 48.8724708557, 12.8745040894], [-322.953063965, 38.5094642639, -21.4382362366, -26.1694259644, 51.2339248657, 49.7687416077, 170.230178833, 58.8190536499, 33.3095779419, 1.41456270218, 36.5420837402, -2.61188387871, -11.4002733231], [-94.7790603638, -62.6045188904, -63.9832115173, -76.5352935791, -4.18652868271, 26.1885604858, 58.8190536499, 113.469993591, 36.1182975769, 35.9873123169, 21.3340549469, 6.87318086624, 9.53929424286], [-270.130493164, 13.1527757645, -176.118392944, -101.506011963, 24.4142417908, -79.5500183105, 33.3095779419, 36.1182975769, 170.832778931, 55.8926200867, 40.3591270447, -12.8031349182, 4.25066518784], [-74.3904495239, -36.4075393677, 11.0050821304, -7.24427175522, 3.48378515244, 2.12091994286, 1.41456270218, 35.9873123169, 55.8926200867, 84.1871185303, 25.5444526672, 19.2842082977, 17.6921405792], [-43.9633903503, 35.2406349182, -23.8606910706, -8.02236652374, 12.3890342712, 2.8571741581, 36.5420837402, 21.3340549469, 40.3591270447, 25.5444526672, 69.1959457397, 33.0097084045, 13.9956464767], [73.7250671387, 29.715171814, 140.556991577, 95.4498214722, 9.88470745087, 48.8724708557, -2.61188387871, 6.87318086624, -12.8031349182, 19.2842082977, 33.0097084045, 83.2819519043, 45.5151672363], [32.0903968811, -2.50492763519, 30.0808200836, 30.4350128174, 1.8903375864, 12.8745040894, -11.4002733231, 9.53929424286, 4.25066518784, 17.6921405792, 13.9956464767, 45.5151672363, 64.26222229]],
        "icov": [[0.00130698515568, -0.00324948364869, 0.00326234381646, -0.00338964932598, 0.00322295282967, -0.00315124727786, 0.00331399799325, -0.00232544355094, 0.00186983286403, -0.00186772656161, 0.0012127738446, -0.00017284778005, 0.00101739692036], [-0.00324948364869, 0.0126411095262, -0.00920953042805, 0.00672110309824, -0.00838802848011, 0.00902135763317, -0.00907022692263, 0.00678760325536, -0.00676500052214, 0.00837383791804, -0.00675964355469, 0.00242250179872, -0.00303562474437], [0.00326234381646, -0.00920953042805, 0.0121957333758, -0.0112638659775, 0.00751373358071, -0.00920067541301, 0.00826936773956, -0.00597011810169, 0.00659944117069, -0.00765324709937, 0.00626200577244, -0.00450407573953, 0.00511010643095], [-0.00338964932598, 0.00672110309824, -0.0112638659775, 0.0155364554375, -0.0100600654259, 0.00483602937311, -0.00666800048202, 0.00805009622127, -0.00581039860845, 0.00515784788877, -0.00299637834541, 0.000550549360923, -0.00395482825115], [0.00322295282967, -0.00838802848011, 0.00751373358071, -0.0100600654259, 0.0142089305446, -0.00836626626551, 0.00678317295387, -0.00579379592091, 0.00231872987933, -0.0037177526392, 0.00231108698063, 0.00255278777331, 0.00119129824452], [-0.00315124727786, 0.00902135763317, -0.00920067541301, 0.00483602937311, -0.00836626626551, 0.0189149044454, -0.0110622206703, 0.00128449767362, -0.000667197047733, 0.0042880452238, -0.00418965052813, 0.00104934431147, -0.00272199581377], [0.00331399799325, -0.00907022692263, 0.00826936773956, -0.00666800048202, 0.00678317295387, -0.0110622206703, 0.0186254642904, -0.00964750256389, 0.00352039001882, -0.001789164613, -0.00111133558676, -4.30392756243e-05, 0.00456396257505], [-0.00232544355094, 0.00678760325536, -0.00597011810169, 0.00805009622127, -0.00579379592091, 0.00128449767362, -0.00964750256389, 0.019871160388, -0.00553579768166, -0.000809343706351, -0.00217029335909, 0.000760675349738, -0.00381741672754], [0.00186983286403, -0.00676500052214, 0.00659944117069, -0.00581039860845, 0.00231872987933, -0.000667197047733, 0.00352039001882, -0.00553579768166, 0.0168114174157, -0.0119658950716, -0.000931033282541, 0.002278737491, 0.000748137827031], [-0.00186772656161, 0.00837383791804, -0.00765324709937, 0.00515784788877, -0.0037177526392, 0.0042880452238, -0.001789164613, -0.000809343706351, -0.0119658950716, 0.0268250219524, -0.00845164898783, 0.00115754583385, -0.004121161066], [0.0012127738446, -0.00675964355469, 0.00626200577244, -0.00299637834541, 0.00231108698063, -0.00418965052813, -0.00111133558676, -0.00217029335909, -0.000931033282541, -0.00845164898783, 0.0324777588248, -0.0181994382292, 0.00672044558451], [-0.00017284778005, 0.00242250179872, -0.00450407573953, 0.000550549360923, 0.00255278777331, 0.00104934431147, -4.30392756243e-05, 0.000760675349738, 0.002278737491, 0.00115754583385, -0.0181994382292, 0.0355404019356, -0.0200555957854], [0.00101739692036, -0.00303562474437, 0.00511010643095, -0.00395482825115, 0.00119129824452, -0.00272199581377, 0.00456396257505, -0.00381741672754, 0.000748137827031, -0.004121161066, 0.00672044558451, -0.0200555957854, 0.0301287975162]]
    },
    "melbands": {
        "dmean": [0.00142519315705, 0.0014065875439, 0.000767386576626, 0.000466226425488, 0.000281524233287, 9.65882718447e-05, 0.00014800572535, 0.000434404035332, 0.000370331603335, 0.000144037345308, 0.000107930798549, 9.31724716793e-05, 8.98554062587e-05, 6.72660898999e-05, 5.61450833629e-05, 5.48717180209e-05, 4.42015043518e-05, 6.17511832388e-05, 5.55235419597e-05, 4.45269506599e-05, 3.13043638016e-05, 2.35526604229e-05, 2.16552343772e-05, 1.75324767042e-05, 1.20691101984e-05, 1.18402067528e-05, 9.24816777115e-06, 7.26648477212e-06, 4.30232603321e-06, 3.49055926563e-06, 3.25578139382e-06, 3.48223625224e-06, 3.71769397134e-06, 3.31297655976e-06, 3.37399274031e-06, 3.88630041925e-06, 2.99563657791e-06, 2.45092269324e-06, 1.98705561161e-06, 6.64675837925e-07],
        "dmean2": [0.00205698306672, 0.00198107538745, 0.00116877898108, 0.000801427697297, 0.000497619970702, 0.000164740165928, 0.00023639423307, 0.000717992836144, 0.00058975617867, 0.000225552692427, 0.000173440406797, 0.000151879401528, 0.000145775789861, 0.000109363187221, 9.31033791858e-05, 9.08031870495e-05, 7.02559336787e-05, 9.85051010503e-05, 8.7973283371e-05, 6.80882003508e-05, 5.10744321218e-05, 3.86897227145e-05, 3.54754956788e-05, 2.87766652036e-05, 1.96471501113e-05, 1.91147410078e-05, 1.49156212501e-05, 1.15186949188e-05, 6.80421817378e-06, 5.65483014725e-06, 5.07439062858e-06, 5.45992133993e-06, 5.83154906053e-06, 5.15504507348e-06, 5.21033280165e-06, 6.04405067861e-06, 4.4705802793e-06, 3.66040853805e-06, 3.00095734929e-06, 1.05314529719e-06],
        "dvar": [4.04228148909e-06, 5.59796217203e-06, 2.44770603786e-06, 1.25116082472e-06, 2.81562506643e-07, 4.26756692207e-08, 1.16110818738e-07, 7.32437797524e-07, 3.82922252129e-07, 9.08240309627e-08, 4.24752890638e-08, 2.1951514384e-08, 1.79707502213e-08, 1.31269821679e-08, 1.00261363656e-08, 8.53168735659e-09, 4.83065409895e-09, 1.11786713219e-08, 8.42912317722e-09, 5.22842791284e-09, 2.63142685419e-09, 8.43934366834e-10, 6.55338505684e-10, 5.28718013815e-10, 2.97022850759e-10, 2.9491883935e-10, 1.716616016e-10, 9.31800608894e-11, 2.87746024924e-11, 2.14200376186e-11, 1.60857334397e-11, 2.10127436284e-11, 3.10259318237e-11, 2.49437831501e-11, 2.55419713158e-11, 5.27522817095e-11, 1.97449730177e-11, 1.22399174129e-11, 9.40372606173e-12, 1.37187429385e-12],
        "dvar2": [6.99983684171e-06, 9.81087578111e-06, 5.36609923074e-06, 3.40550127476e-06, 7.84259555076e-07, 1.21436613654e-07, 3.02056633927e-07, 2.01490320251e-06, 9.75139073489e-07, 2.25548262733e-07, 9.47997307321e-08, 4.94894685232e-08, 3.97346546777e-08, 3.17682307127e-08, 2.452444825e-08, 1.91177438325e-08, 1.03993542666e-08, 2.98377074159e-08, 1.98457268397e-08, 1.16932987737e-08, 6.25882234928e-09, 2.17122497759e-09, 1.65381308648e-09, 1.37792410815e-09, 7.37503558224e-10, 6.60449084311e-10, 4.17807594078e-10, 2.21767867958e-10, 6.81804820934e-11, 5.30022935263e-11, 3.88139971552e-11, 5.05822779495e-11, 7.59544163675e-11, 5.89720147715e-11, 5.6547003191e-11, 1.19151799538e-10, 4.14527925874e-11, 2.429371114e-11, 1.88894646452e-11, 3.3944023807e-12],
        "max": [0.0157107692212, 0.0206962041557, 0.0134908165783, 0.00836690608412, 0.00520874001086, 0.00257501611486, 0.00755275087431, 0.011819225736, 0.00745761208236, 0.00424460507929, 0.00279321637936, 0.00267505436204, 0.00320013053715, 0.0016544762766, 0.00208226288669, 0.00143959932029, 0.00121472543105, 0.00122491607908, 0.00150992244016, 0.00102582585532, 0.00119378732052, 0.000334025680786, 0.000385863182601, 0.000330138427671, 0.000302559521515, 0.000282964407234, 0.000163072953001, 9.22216568142e-05, 5.61029737582e-05, 4.75947817904e-05, 5.46867959201e-05, 4.201176489e-05, 5.22051959706e-05, 4.1797025915e-05, 3.97143921873e-05, 5.69093463128e-05, 3.37457095156e-05, 2.70023829216e-05, 2.73376572295e-05, 1.27333532873e-05],
        "mean": [0.00297279562801, 0.00248022703454, 0.000904981570784, 0.000450418243418, 0.000332097668434, 0.000135967260576, 0.000214004670852, 0.000630056892987, 0.00056730536744, 0.000220189060201, 0.00017040981038, 0.000146294245496, 0.000131269029225, 0.000103349382698, 8.06767202448e-05, 8.45245376695e-05, 7.61981573305e-05, 0.000107081497845, 0.000106451705506, 9.21146565815e-05, 6.05632376391e-05, 4.8138499551e-05, 4.3808024202e-05, 3.62448627129e-05, 2.42846126639e-05, 2.24350551434e-05, 1.71961364686e-05, 1.35828204293e-05, 8.29525743029e-06, 6.72520218359e-06, 6.73493605063e-06, 6.41971473669e-06, 7.08684092388e-06, 5.89135697737e-06, 5.6854455579e-06, 6.21171420789e-06, 5.57310067961e-06, 4.62291427539e-06, 3.45682246916e-06, 8.72721557243e-07],
        "median": [0.0016260119155, 0.00125815102365, 0.000387615349609, 0.000173519685632, 0.000149895698996, 6.41245569568e-05, 0.000108297244878, 0.000261879351456, 0.000217148190131, 9.1168039944e-05, 8.47680494189e-05, 8.79780563992e-05, 7.89366167737e-05, 6.09680573689e-05, 4.20672877226e-05, 4.85108175781e-05, 4.85551863676e-05, 5.09805613547e-05, 5.44603681192e-05, 4.82727919007e-05, 3.78937947971e-05, 3.70501875295e-05, 3.29749527737e-05, 2.64979134954e-05, 1.80870665645e-05, 1.4695824575e-05, 1.19184342111e-05, 9.97530241875e-06, 5.65608206671e-06, 4.41895826953e-06, 5.02115199197e-06, 4.30338604929e-06, 4.6158565965e-06, 3.79392395189e-06, 3.69107283404e-06, 3.72364229406e-06, 3.74372848455e-06, 3.00152260024e-06, 2.17708043238e-06, 4.24266545451e-07],
        "min": [1.3547995005e-23, 1.56436955076e-23, 1.10016521883e-23, 7.16526383403e-24, 2.53221845943e-24, 8.88624436258e-24, 1.25338701351e-23, 1.22412342937e-23, 3.96112106845e-24, 1.21835575175e-23, 1.04265899433e-23, 1.04428112901e-23, 8.87593395055e-24, 7.46855560854e-24, 6.61624464856e-24, 9.15874531824e-24, 7.04369247993e-24, 4.30837448349e-24, 1.22604903884e-23, 1.68373651195e-23, 1.07504788761e-23, 1.04652220396e-23, 8.6500949063e-24, 8.39688238864e-24, 4.74254262091e-24, 7.99390620584e-24, 1.11042246164e-23, 1.16282846372e-23, 1.32566150302e-23, 1.35167545354e-23, 8.51825337207e-24, 1.21554117493e-23, 9.68830212189e-24, 9.31099152864e-24, 1.10200389583e-23, 6.99768926738e-24, 7.34847125724e-24, 1.53125600986e-23, 8.87327233386e-24, 7.53032499514e-24],
        "var": [1.24129310279e-05, 1.32769155243e-05, 2.96310872727e-06, 9.40852658005e-07, 2.98833441548e-07, 4.62257858658e-08, 1.80962260288e-07, 1.28395140564e-06, 7.73346187088e-07, 1.89087231206e-07, 8.76503278846e-08, 4.00489845731e-08, 3.72007704641e-08, 2.11058441835e-08, 1.71049094888e-08, 1.37740432393e-08, 8.48087022831e-09, 2.16337738834e-08, 1.88705051585e-08, 1.733458177e-08, 7.33589189394e-09, 1.59274538003e-09, 1.36417932506e-09, 1.06054021121e-09, 5.00737618037e-10, 6.55958232176e-10, 3.09276992905e-10, 1.64505395417e-10, 6.52077836172e-11, 4.28238312866e-11, 3.68223784797e-11, 4.0925221545e-11, 5.69098761172e-11, 3.96955801563e-11, 3.93404718524e-11, 6.77646480596e-11, 3.57138034424e-11, 2.42446791809e-11, 1.65888292686e-11, 1.69643877938e-12]
    },
    "mfcc": {
        "mean": [-588.863525391, 84.9835510254, -20.8552150726, 5.80878591537, 1.83678150177, 0.129316478968, -5.35944318771, 10.9483776093, 1.92972624302, 12.4759044647, 2.49741387367, 6.16014051437, -0.632007718086],
        "cov": [[3222.46264648, 223.457717896, 1366.32397461, 800.883178711, 629.499389648, 530.403442383, 192.416641235, 43.3889312744, -42.4669380188, -168.648193359, -167.978652954, 15.9985427856, 36.4346466064], [223.457717896, 347.568969727, 171.141830444, 212.596954346, 150.228378296, 115.813980103, 50.9569396973, 62.3983345032, 9.00941181183, 11.7744550705, 8.19117259979, 38.6486549377, 18.3595161438], [1366.32397461, 171.141830444, 1709.54296875, 915.520629883, 753.819763184, 658.321228027, 352.850891113, 125.875846863, 44.5545654297, -158.101867676, -134.37828064, 83.7738494873, 89.8200683594], [800.883178711, 212.596954346, 915.520629883, 740.335510254, 559.316955566, 446.168792725, 185.865020752, 86.849029541, 37.885723114, -45.7593994141, -72.0611114502, 53.0877799988, 63.6010017395], [629.499389648, 150.228378296, 753.819763184, 559.316955566, 570.685180664, 385.431915283, 165.774703979, 72.0902938843, 50.0717430115, -33.77085495, -39.8291473389, 39.4773139954, 43.775806427], [530.403442383, 115.813980103, 658.321228027, 446.168792725, 385.431915283, 383.669891357, 183.698135376, 82.4683303833, 34.6521644592, -35.183795929, -41.5765647888, 50.6430091858, 30.2932701111], [192.416641235, 50.9569396973, 352.850891113, 185.865020752, 165.774703979, 183.698135376, 234.417266846, 100.148658752, 34.050819397, -37.2051925659, -1.91745710373, 32.8433151245, 10.014008522], [43.3889312744, 62.3983345032, 125.875846863, 86.849029541, 72.0902938843, 82.4683303833, 100.148658752, 109.13105011, 27.828042984, 8.04214572906, 12.1037712097, 30.484828949, 10.3306407928], [-42.4669380188, 9.00941181183, 44.5545654297, 37.885723114, 50.0717430115, 34.6521644592, 34.050819397, 27.828042984, 77.8773193359, 32.1727256775, 24.6152706146, 18.1929721832, 14.891828537], [-168.648193359, 11.7744550705, -158.101867676, -45.7593994141, -33.77085495, -35.183795929, -37.2051925659, 8.04214572906, 32.1727256775, 104.197616577, 51.1882514954, 20.3048706055, 7.4440164566], [-167.978652954, 8.19117259979, -134.37828064, -72.0611114502, -39.8291473389, -41.5765647888, -1.91745710373, 12.1037712097, 24.6152706146, 51.1882514954, 83.4691009521, 24.8845176697, 5.26552200317], [15.9985427856, 38.6486549377, 83.7738494873, 53.0877799988, 39.4773139954, 50.6430091858, 32.8433151245, 30.484828949, 18.1929721832, 20.3048706055, 24.8845176697, 70.7077178955, 31.5908355713], [36.4346466064, 18.3595161438, 89.8200683594, 63.6010017395, 43.775806427, 30.2932701111, 10.014008522, 10.3306407928, 14.891828537, 7.4440164566, 5.26552200317, 31.5908355713, 66.9116134644]],
