{
"lowlevel": {
    "average_loudness": 0.772596955299,
    "barkbands_crest": {
        "dmean": 2.62907624245,
        "dmean2": 4.2633190155,
        "dvar": 6.18019294739,
        "dvar2": 14.8198041916,
        "max": 25.7884712219,
        "mean": 11.0529899597,
        "median": 10.3419904709,
        "min": 2.36121106148,
        "var": 26.0893859863
    },
    "barkbands_flatness_db": {
        "dmean": 0.024032028392,
        "dmean2": 0.0367119275033,
        "dvar": 0.000663271173835,
        "dvar2": 0.00141324382275,
        "max": 0.631495594978,
        "mean": 0.239252924919,
        "median": 0.212509900331,
        "min": 0.0813184455037,
        "var": 0.0112595194951
    },
    "barkbands_kurtosis": {
        "dmean": 4.22276878357,
        "dmean2": 6.63032150269,
        "dvar": 119.918281555,
        "dvar2": 312.998199463,
        "max": 215.010253906,
        "mean": 6.04520225525,
        "median": 1.52732992172,
        "min": -1.895170331,
        "var": 215.184738159
    },
    "barkbands_skewness": {
        "dmean": 0.622339725494,
        "dmean2": 0.907718896866,
        "dvar": 0.620996594429,
        "dvar2": 1.32622313499,
        "max": 11.8266878128,
        "mean": 1.35738992691,
        "median": 1.00520765781,
        "min": -2.60527515411,
        "var": 2.57014536858
    },
    "barkbands_spread": {
        "dmean": 4.17357301712,
        "dmean2": 6.24731302261,
        "dvar": 37.3315849304,
        "dvar2": 76.6194915771,
        "max": 91.0337600708,
        "mean": 17.2259883881,
        "median": 12.4958133698,
        "min": 0.287805080414,
        "var": 217.752304077
    },
    "dissonance": {
        "dmean": 0.0293330401182,
        "dmean2": 0.048904761672,
        "dvar": 0.00110858539119,
        "dvar2": 0.0029295925051,
        "max": 0.499995082617,
        "mean": 0.42895719409,
        "median": 0.451619207859,
        "min": 0.128417983651,
        "var": 0.00415026536211
    },
    "dynamic_complexity": 4.8653793335,
    "erbbands_crest": {
        "dmean": 2.80084204674,
        "dmean2": 4.35903310776,
        "dvar": 7.10776996613,
        "dvar2": 15.9036283493,
        "max": 31.9191913605,
        "mean": 11.3624000549,
        "median": 10.0360584259,
        "min": 2.7000041008,
        "var": 35.6149749756
    },
    "erbbands_flatness_db": {
        "dmean": 0.0170568078756,
        "dmean2": 0.0238879192621,
        "dvar": 0.000318418897223,
        "dvar2": 0.000562019762583,
        "max": 0.429807305336,
        "mean": 0.247068494558,
        "median": 0.233508646488,
        "min": 0.120029591024,
        "var": 0.00456469226629
    },
    "erbbands_kurtosis": {
        "dmean": 1.35453212261,
        "dmean2": 2.0081884861,
        "dvar": 3.88524031639,
        "dvar2": 7.99308204651,
        "max": 32.5946464539,
        "mean": 1.86869943142,
        "median": 0.424260139465,
        "min": -1.81591594219,
        "var": 14.5593004227
    },
    "erbbands_skewness": {
        "dmean": 0.415973693132,
        "dmean2": 0.60614746809,
        "dvar": 0.184289842844,
        "dvar2": 0.36787006259,
        "max": 3.87655687332,
        "mean": 0.47741112113,
        "median": 0.387192845345,
        "min": -4.68348312378,
        "var": 1.08025956154
    },
    "erbbands_spread": {
        "dmean": 6.34503269196,
        "dmean2": 9.37809658051,
        "dvar": 88.3118591309,
        "dvar2": 184.465927124,
        "max": 141.019958496,
        "mean": 27.90899086,
        "median": 24.6553611755,
        "min": 2.43097543716,
        "var": 363.440185547
    },
    "hfc": {
        "dmean": 3.32168722153,
        "dmean2": 4.16169595718,
        "dvar": 39.8664131165,
        "dvar2": 51.7047538757,
        "max": 228.451797485,
        "mean": 14.7240381241,
        "median": 4.97712135315,
        "min": 4.33514942415e-05,
        "var": 431.564880371
    },
    "melbands_crest": {
        "dmean": 3.2750043869,
        "dmean2": 5.17493152618,
        "dvar": 9.50337123871,
        "dvar2": 21.7731838226,
        "max": 31.6771411896,
        "mean": 14.9300823212,
        "median": 14.1825590134,
        "min": 2.69780611992,
        "var": 37.6917724609
    },
    "melbands_flatness_db": {
        "dmean": 0.0280768629164,
        "dmean2": 0.0405317805707,
        "dvar": 0.00104451249354,
        "dvar2": 0.00197197846137,
        "max": 0.767370045185,
        "mean": 0.277832150459,
        "median": 0.235169142485,
        "min": 0.0491295084357,
        "var": 0.0235466305166
    },
    "melbands_kurtosis": {
        "dmean": 8.19731712341,
        "dmean2": 12.8002347946,
        "dvar": 434.904388428,
        "dvar2": 1019.46496582,
        "max": 343.699523926,
        "mean": 13.7519102097,
        "median": 4.12436199188,
        "min": -1.66428518295,
        "var": 947.95111084
    },
    "melbands_skewness": {
        "dmean": 0.760501623154,
        "dmean2": 1.10077488422,
        "dvar": 1.04795312881,
        "dvar2": 2.09432506561,
        "max": 15.7988948822,
        "mean": 2.15084409714,
        "median": 1.70099306107,
        "min": -1.45729351044,
        "var": 4.06738328934
    },
    "melbands_spread": {
        "dmean": 6.34307956696,
        "dmean2": 9.4653263092,
        "dvar": 119.594841003,
        "dvar2": 233.940139771,
        "max": 195.933120728,
        "mean": 22.5460681915,
        "median": 14.9126977921,
        "min": 0.327306121588,
        "var": 523.007629395
    },
    "pitch_salience": {
        "dmean": 0.0706923753023,
        "dmean2": 0.11284326762,
        "dvar": 0.00473718810827,
        "dvar2": 0.0108883911744,
        "max": 0.824144482613,
        "mean": 0.508746266365,
        "median": 0.513653755188,
        "min": 0.114193886518,
        "var": 0.0178403779864
    },
    "silence_rate_20dB": {
        "dmean": 0,
        "dmean2": 0,
        "dvar": 0,
        "dvar2": 0,
        "max": 1,
        "mean": 1,
        "median": 1,
        "min": 1,
        "var": 0
    },
    "silence_rate_30dB": {
        "dmean": 0.000774593325332,
        "dmean2": 0.00154978688806,
        "dvar": 0.000773992796894,
        "dvar2": 0.0023222763557,
        "max": 1,
        "mean": 0.999612867832,
        "median": 1,
        "min": 0,
        "var": 0.000387000414776
    },
    "silence_rate_60dB": {
        "dmean": 0.0673896223307,
        "dmean2": 0.13483145833,
        "dvar": 0.0628490000963,
        "dvar2": 0.129051059484,
        "max": 1,
        "mean": 0.167634531856,
        "median": 0,
        "min": 0,
        "var": 0.139536485076
    },
    "spectral_centroid": {
        "dmean": 199.158706665,
        "dmean2": 291.277099609,
        "dvar": 85633.96875,
        "dvar2": 157346.328125,
        "max": 4629.54785156,
        "mean": 1276.76989746,
        "median": 1057.14306641,
        "min": 114.75050354,
        "var": 839812.3125
    },
    "spectral_complexity": {
        "dmean": 2.24167323112,
        "dmean2": 3.24021697044,
        "dvar": 7.51330137253,
        "dvar2": 13.0142736435,
        "max": 62,
        "mean": 14.6190471649,
        "median": 9,
        "min": 0,
        "var": 171.247741699
    },
    "spectral_decrease": {
        "dmean": 1.15883058704e-09,
        "dmean2": 1.6371766165e-09,
        "dvar": 2.69549913413e-18,
        "dvar2": 5.47787332569e-18,
        "max": -1.24770290941e-14,
        "mean": -3.87598264595e-09,
        "median": -2.64734145716e-09,
        "min": -3.32141958381e-08,
        "var": 1.4845124249e-17
    },
    "spectral_energy": {
        "dmean": 0.00459465384483,
        "dmean2": 0.00644132914022,
        "dvar": 4.22385710408e-05,
        "dvar2": 8.39276253828e-05,
        "max": 0.134002387524,
        "mean": 0.0159643571824,
        "median": 0.0105864712968,
        "min": 5.10233597595e-08,
        "var": 0.000255959661445
    },
    "spectral_energyband_high": {
        "dmean": 0.000187113779248,
        "dmean2": 0.000269250100246,
        "dvar": 2.55692327755e-07,
        "dvar2": 4.56394104731e-07,
        "max": 0.0160989295691,
        "mean": 0.000639291538391,
        "median": 7.03577316017e-05,
        "min": 8.50340797776e-10,
        "var": 1.80708502739e-06
    },
    "spectral_energyband_low": {
        "dmean": 0.00255970936269,
        "dmean2": 0.00379491620697,
        "dvar": 2.11882233998e-05,
        "dvar2": 4.57125206594e-05,
        "max": 0.0474724546075,
        "mean": 0.00468844221905,
        "median": 0.00210236851126,
        "min": 1.3897755835e-08,
        "var": 4.31410007877e-05
    },
    "spectral_energyband_middle_high": {
        "dmean": 0.00148351630196,
        "dmean2": 0.00181751407217,
        "dvar": 1.02838985185e-05,
        "dvar2": 1.4549142179e-05,
        "max": 0.078603208065,
        "mean": 0.00531724933535,
        "median": 0.00124357210007,
        "min": 1.67625504588e-08,
        "var": 9.03432810446e-05
    },
    "spectral_energyband_middle_low": {
        "dmean": 0.00229278253391,
        "dmean2": 0.00341223669238,
        "dvar": 2.04305360967e-05,
        "dvar2": 4.4728807552e-05,
        "max": 0.110822670162,
        "mean": 0.0058346670121,
        "median": 0.00348206143826,
        "min": 2.34232615526e-08,
        "var": 7.20297175576e-05
    },
    "spectral_entropy": {
        "dmean": 0.160247445107,
        "dmean2": 0.22379565239,
        "dvar": 0.0365179888904,
        "dvar2": 0.0679269209504,
        "max": 8.26724433899,
        "mean": 6.90286636353,
        "median": 7.21965456009,
        "min": 4.29951000214,
        "var": 0.813330888748
    },
    "spectral_flux": {
        "dmean": 0.0184828322381,
        "dmean2": 0.0288911182433,
        "dvar": 0.000497390166856,
        "dvar2": 0.00120856880676,
        "max": 0.278425842524,
        "mean": 0.0594935640693,
        "median": 0.0496017821133,
        "min": 0.000225883515668,
        "var": 0.00180942786392
    },
    "spectral_kurtosis": {
        "dmean": 8.00517559052,
        "dmean2": 13.4701910019,
        "dvar": 218.029067993,
        "dvar2": 574.061340332,
        "max": 242.650665283,
        "mean": 18.6995372772,
        "median": 3.38803052902,
        "min": -0.845950603485,
        "var": 1099.47192383
    },
    "spectral_rms": {
        "dmean": 0.000560297397897,
        "dmean2": 0.000770264014136,
        "dvar": 3.9679468955e-07,
        "dvar2": 7.60674595313e-07,
        "max": 0.0114338984713,
        "mean": 0.00349902035668,
        "median": 0.00321376184002,
        "min": 7.05541515345e-06,
        "var": 3.33185676027e-06
    },
    "spectral_rolloff": {
        "dmean": 336.843170166,
        "dmean2": 541.017333984,
        "dvar": 403451.53125,
        "dvar2": 786875.0625,
        "max": 7579.6875,
        "mean": 1372.20068359,
        "median": 882.861328125,
        "min": 86.1328125,
        "var": 1751159.125
    },
    "spectral_skewness": {
        "dmean": 0.565447866917,
        "dmean2": 0.947447121143,
        "dvar": 0.633189618587,
        "dvar2": 1.71953225136,
        "max": 13.8020448685,
        "mean": 2.2465839386,
        "median": 1.25256788731,
        "min": -0.549807667732,
        "var": 5.2952337265
    },
    "spectral_spread": {
        "dmean": 307987.71875,
        "dmean2": 481712.0625,
        "dvar": 109508591616,
        "dvar2": 224941867008,
        "max": 10665148,
        "mean": 2824285.25,
        "median": 3122291.25,
        "min": 448757.78125,
        "var": 1.20763331379e+12
    },
    "spectral_strongpeak": {
        "dmean": 0.476635605097,
        "dmean2": 0.763011813164,
        "dvar": 0.77937746048,
        "dvar2": 1.89790213108,
        "max": 11.4645814896,
        "mean": 0.946021199226,
        "median": 0.369562923908,
        "min": 0.000190145365195,
        "var": 2.02633261681
    },
    "zerocrossingrate": {
        "dmean": 0.0072954739444,
        "dmean2": 0.00804084353149,
        "dvar": 0.000110059445433,
        "dvar2": 0.000120591328596,
        "max": 0.20751953125,
        "mean": 0.0476778373122,
        "median": 0.03857421875,
        "min": 0.0029296875,
        "var": 0.00134723505471
    },
    "barkbands": {
        "dmean": [1.24926336866e-05, 0.00144356861711, 0.00126566877589, 0.000457788322819, 0.000728527840693, 0.000404763413826, 0.000558348896448, 0.000597216188908, 0.000624483102001, 0.000581786443945, 0.000518654764164, 0.000375978794182, 0.000411485845689, 0.000229133627727, 0.000160131254233, 0.000102335172414, 0.00014293078857, 0.000142817603773, 0.00017681029567, 0.000147329163156, 0.000106796695036, 5.18382075825e-05, 1.97854387807e-05, 8.90939463716e-06, 1.11352437671e-06, 1.26921684274e-09, 6.3289240515e-10],
        "dmean2": [2.14567116927e-05, 0.00225071539171, 0.00186764926184, 0.000761511968449, 0.00119267718401, 0.00061945914058, 0.000898497353774, 0.000833775557112, 0.000933815550525, 0.000820166838821, 0.00071036152076, 0.000526636198629, 0.000601937994361, 0.000341918319464, 0.000250072276685, 0.000160382012837, 0.00021712158923, 0.000219088338781, 0.00028057556483, 0.000227228490985, 0.000165346049471, 7.7200915257e-05, 2.93804623652e-05, 1.2974247511e-05, 1.77774165877e-06, 2.11040473985e-09, 1.1649379239e-09],
        "dvar": [5.72578873204e-10, 7.59899558034e-06, 7.97767006588e-06, 2.87765146822e-06, 3.41807117366e-06, 7.42738336612e-07, 2.96703115055e-06, 9.10570997803e-06, 3.59900059266e-06, 4.16725242758e-06, 3.53715313395e-06, 1.07056143861e-06, 1.71668318671e-06, 6.9863921226e-07, 2.52823298297e-07, 1.07577797337e-07, 1.44466099528e-07, 1.65870943647e-07, 2.11720873722e-07, 1.74527244212e-07, 1.0803864825e-07, 1.33713387029e-08, 2.16073847703e-09, 3.78763409525e-10, 9.64078036153e-12, 7.17875229331e-18, 1.28867522285e-18],
        "dvar2": [1.54683621467e-09, 1.8122686015e-05, 1.68193600985e-05, 8.5735164248e-06, 8.81185769686e-06, 1.77854246886e-06, 7.0916853474e-06, 1.4705616195e-05, 7.96643780632e-06, 7.03770047039e-06, 5.41717599845e-06, 1.99989744942e-06, 3.77688616027e-06, 1.56664998485e-06, 6.29217026926e-07, 2.28785950185e-07, 3.16131661293e-07, 3.88851162825e-07, 4.96030736485e-07, 3.55454375267e-07, 2.46391664405e-07, 2.85688575019e-08, 4.75378447717e-09, 8.05635946843e-10, 2.65115793902e-11, 1.84385109809e-17, 4.01086850932e-18],
        "max": [0.000304503715597, 0.0355439223349, 0.0398398339748, 0.0507500730455, 0.0387417674065, 0.0222913734615, 0.0524082481861, 0.105827324092, 0.0437095761299, 0.0397164486349, 0.0467257238925, 0.0237933471799, 0.0324267148972, 0.0217496026307, 0.0172751285136, 0.0113807013258, 0.00997239165008, 0.00892975088209, 0.0129852285609, 0.014317846857, 0.00925927516073, 0.00263932696544, 0.0010662113782, 0.00041959041846, 7.99912668299e-05, 4.73696815106e-08, 1.27764101521e-08],
        "mean": [1.42891913129e-05, 0.00250906217843, 0.00179764558561, 0.000639267789666, 0.00120152602904, 0.000789211655501, 0.000837061495986, 0.00113448651973, 0.000984188052826, 0.0010207851883, 0.00102219101973, 0.000702719087712, 0.00068992265733, 0.000370885332813, 0.000278247316601, 0.000193415180547, 0.000291792210191, 0.000291042786557, 0.000380050740205, 0.000351134949597, 0.000257349049207, 0.00012846388563, 5.34018035978e-05, 2.42769892793e-05, 1.95806978809e-06, 1.84515436263e-09, 5.4841331476e-10],
        "median": [4.60761157228e-06, 0.000898741360288, 0.000468712387374, 0.000190670019947, 0.000507586344611, 0.000302485655993, 0.000293290358968, 0.000120376353152, 0.000211376900552, 0.000109562737634, 5.43075366295e-05, 8.25236929813e-05, 5.81060594413e-05, 3.12360316457e-05, 3.22182859236e-05, 2.86053837044e-05, 4.4549429731e-05, 3.07244772557e-05, 4.80487979075e-05, 2.43585363933e-05, 1.93502528418e-05, 1.75697405211e-05, 6.13178553976e-06, 3.59844557352e-06, 1.36285024155e-07, 4.03932748361e-10, 1.7189571988e-10],
        "min": [2.77062869175e-11, 9.26780319155e-10, 8.85342998913e-09, 7.30178406627e-09, 9.21724918612e-09, 6.96844582038e-10, 2.38821851184e-09, 1.63339586301e-09, 2.16367102013e-09, 1.85979487366e-09, 2.53281201568e-10, 6.88305856755e-10, 6.27662144481e-09, 1.9506480875e-09, 7.64245167151e-10, 4.24235757635e-10, 1.01370911665e-09, 8.83964346166e-10, 1.16887965973e-09, 6.10610839669e-10, 2.9796748402e-10, 2.4903251683e-10, 6.85486806207e-11, 6.29528998375e-11, 1.73368906037e-11, 1.40874508239e-11, 1.70712506631e-11],
        "var": [7.5354533724e-10, 1.43528868648e-05, 1.38118075483e-05, 3.11035933009e-06, 5.4332858781e-06, 1.84877319498e-06, 4.05150967708e-06, 3.69226763723e-05, 6.32609544482e-06, 1.18962680062e-05, 1.43550305438e-05, 3.80970504921e-06, 3.69581357518e-06, 1.40299891882e-06, 5.25516213656e-07, 2.98698154211e-07, 4.64370771169e-07, 4.71256015544e-07, 7.12739506525e-07, 8.31804584323e-07, 4.014402748e-07, 6.13079365053e-08, 1.17163301283e-08, 2.1340287315e-09, 2.35948136029e-11, 1.6394830583e-17, 1.09339245928e-18]
    },
    "erbbands": {
        "dmean": [0.0252675656229, 0.389252007008, 1.39636278152, 1.33772909641, 2.03399848938, 2.86358070374, 2.06916165352, 4.10409975052, 7.00962734222, 8.95435905457, 13.9631767273, 15.6488246918, 12.3437786102, 23.1754207611, 13.7763175964, 17.077703476, 18.6055164337, 12.559715271, 8.11983299255, 6.396007061, 5.9813914299, 6.81137752533, 8.87753772736, 6.52927589417, 9.24702167511, 6.94079971313, 4.9258890152, 3.25895309448, 2.17153024673, 0.99505931139, 0.52113622427, 0.260986030102, 0.105944812298, 0.0218763127923, 0.000694578513503, 3.80786259484e-05, 5.22997015651e-06, 1.47093817304e-06, 2.46106060331e-06, 5.31182467967e-06],
        "dmean2": [0.0394678264856, 0.601607441902, 2.0517270565, 2.09279870987, 3.2932972908, 4.74428224564, 3.31216168404, 6.27488422394, 11.4001483917, 13.3081922531, 20.2121067047, 23.2911300659, 17.9325199127, 30.5017795563, 19.1064910889, 23.5037918091, 27.0935077667, 18.2207012177, 12.3782310486, 9.98304271698, 8.96332836151, 10.0253410339, 13.6077203751, 10.0671072006, 14.0751628876, 10.9418420792, 7.56192541122, 4.98441553116, 3.27374172211, 1.50753843784, 0.790067493916, 0.378336459398, 0.157523259521, 0.0337272435427, 0.00105857301969, 5.4850926972e-05, 6.92389585311e-06, 1.89997274447e-06, 3.32635704581e-06, 7.35422099751e-06],
        "dvar": [0.00253217876889, 0.542234897614, 8.95181751251, 13.6582889557, 27.0982494354, 61.2952880859, 17.806804657, 93.980255127, 418.443847656, 1565.54248047, 3553.38574219, 1926.54467773, 1923.74499512, 7363.63574219, 2947.14550781, 2390.81518555, 4267.20166016, 1827.83215332, 546.599609375, 361.602325439, 271.543487549, 305.295013428, 682.073608398, 313.429626465, 638.046203613, 407.235778809, 239.333969116, 74.305809021, 24.8082103729, 5.65595340729, 1.54476368427, 0.333953082561, 0.0539225824177, 0.00300007406622, 3.24059465129e-06, 7.73694441847e-09, 8.58759174882e-11, 7.40886518802e-12, 1.22040823627e-11, 5.62700372408e-11],
        "dvar2": [0.00551528995857, 1.29321038723, 18.3666763306, 37.2428703308, 71.8731994629, 158.438796997, 43.3114852905, 222.665679932, 1142.07714844, 3058.16821289, 6198.3125, 4192.29003906, 4238.34472656, 11089.0849609, 4997.18310547, 4426.19580078, 9712.15429688, 3933.32421875, 1346.87634277, 779.025939941, 560.080200195, 604.589233398, 1652.04943848, 730.211242676, 1376.06298828, 887.463745117, 503.899902344, 163.494857788, 55.4991950989, 13.2827062607, 3.53205513954, 0.695846676826, 0.128770768642, 0.00792020373046, 8.29015880299e-06, 1.88672615309e-08, 1.66855626538e-10, 1.14560999576e-11, 2.09638400389e-11, 1.06881399564e-10],
        "max": [0.750242173672, 9.33629512787, 37.4757995605, 97.7420501709, 95.2217254639, 150.906448364, 71.9470901489, 262.403991699, 502.784301758, 1022.23809814, 1980.24255371, 945.696960449, 1290.81774902, 1965.00598145, 2227.48950195, 1223.63806152, 1518.8873291, 1266.11914062, 552.428161621, 801.486328125, 598.064086914, 491.822143555, 512.692749023, 440.079833984, 801.035217285, 680.037780762, 450.927612305, 199.543457031, 101.221252441, 51.9964561462, 22.682390213, 11.7922668457, 4.21309709549, 1.35399734974, 0.0350157655776, 0.00186019565444, 0.000245461153099, 8.46198163345e-05, 9.15570490179e-05, 0.000155476591317],
        "mean": [0.0440700910985, 0.673611462116, 2.10779595375, 2.1431145668, 2.93436527252, 4.40414619446, 3.76856374741, 8.07738018036, 11.0765275955, 14.6268014908, 26.7507419586, 25.8745574951, 22.4539394379, 47.7542953491, 32.1891365051, 33.7610168457, 31.8512954712, 23.0866909027, 15.9605836868, 12.6291561127, 12.9993810654, 14.931602478, 18.0843544006, 15.3773031235, 20.0885295868, 16.6276779175, 12.3797178268, 8.15881443024, 5.26378965378, 2.63431406021, 1.41133499146, 0.725803077221, 0.28257137537, 0.049850653857, 0.00155449425802, 0.000110870940262, 2.18139593926e-05, 6.44405508865e-06, 1.01316554719e-05, 1.96936380235e-05],
        "median": [0.0123485298827, 0.247692644596, 0.712114810944, 0.801043152809, 1.2093526125, 1.47390902042, 1.52595031261, 2.55283999443, 4.72475814819, 3.71746563911, 4.04348897934, 6.43471050262, 5.29305362701, 4.14460659027, 2.69594502449, 3.92464971542, 3.15754675865, 2.44337654114, 2.10524201393, 1.57489168644, 2.04888558388, 2.71462202072, 2.18306088448, 2.11190152168, 2.35954451561, 1.34697604179, 0.824580788612, 0.680940210819, 0.681993067265, 0.342011898756, 0.169183924794, 0.108987875283, 0.0425476580858, 0.00526075437665, 0.000179576774826, 2.22183880396e-05, 7.16628346709e-06, 1.70913619968e-06, 5.82081793254e-06, 1.26108670884e-05],
        "min": [1.93110807345e-08, 3.81318074005e-07, 7.38170729164e-06, 2.05733940675e-05, 3.46165033989e-05, 2.70193777396e-05, 5.81876474826e-06, 6.49175444778e-06, 2.68036383204e-05, 2.71574044746e-05, 5.25495634065e-05, 6.40029029455e-05, 1.67893431353e-05, 7.49249738874e-05, 1.32872182803e-05, 7.1244132414e-05, 0.000309786322759, 0.000110964414489, 7.35073117539e-05, 2.01855582418e-05, 3.09999668389e-05, 6.41449005343e-05, 5.70408374188e-05, 4.57010792161e-05, 7.23423145246e-05, 2.2412132239e-05, 9.07610683498e-06, 1.30366070152e-05, 1.28884303194e-05, 2.547887334e-06, 2.20822971642e-06, 1.5351311049e-06, 1.17182742088e-06, 4.14149042172e-07, 9.4159162245e-08, 5.31708366225e-08, 2.66115005587e-08, 9.07563801889e-09, 2.45920372954e-09, 2.91502377792e-10],
        "var": [0.00568311009556, 1.00130319595, 16.2963237762, 19.6755580902, 34.778842926, 92.7241973877, 42.4497642517, 224.586593628, 496.617828369, 3089.75097656, 17210.1523438, 3800.93188477, 3323.02368164, 28274.2363281, 18426.8066406, 8894.48046875, 8113.91015625, 3779.07519531, 1563.22460938, 1045.64501953, 997.942871094, 1248.99401855, 1847.19177246, 1087.39660645, 2348.64819336, 1745.51025391, 1035.56982422, 321.953765869, 105.984741211, 26.0804424286, 7.85576581955, 1.96463620663, 0.272601157427, 0.0113347582519, 1.06477800728e-05, 3.98394064405e-08, 1.01999431124e-09, 9.95966989437e-11, 1.17935411437e-10, 4.0368558496e-10]
    },
    "gfcc": {
        "mean": [-116.725898743, 162.096908569, -145.36630249, 47.2555007935, -61.217376709, 4.38639497757, -13.0414514542, -10.5722341537, 1.42716217041, -20.2790794373, 6.03034925461, -17.5913887024, 0.143945097923],
        "cov": [[13679.2871094, -4495.95996094, -4449.57177734, 2013.42602539, -1975.03503418, 1025.8527832, -371.150665283, -7.76866436005, -419.386810303, -292.362030029, 259.751342773, -421.832733154, 4.94582843781], [-4495.95996094, 2712.1953125, 1717.32165527, -1420.39074707, 1113.15087891, -509.856811523, 249.104904175, 43.2274284363, 213.457809448, 77.3452758789, -118.691230774, 216.255645752, 15.6433181763], [-4449.57177734, 1717.32165527, 2344.11352539, -407.930480957, 795.047363281, -244.320968628, 113.101989746, 2.97475242615, 117.442726135, 116.486289978, -77.7970733643, 157.398101807, 1.51472568512], [2013.42602539, -1420.39074707, -407.930480957, 1374.72595215, -536.714904785, 246.31022644, -157.871063232, -55.1695098877, -51.2235679626, -2.41877555847, 79.3612976074, -142.14390564, -3.11897778511], [-1975.03503418, 1113.15087891, 795.047363281, -536.714904785, 707.786804199, -146.466186523, 169.97492981, 71.834312439, 103.042152405, 69.9836044312, -82.8614654541, 85.113494873, 11.070066452], [1025.8527832, -509.856811523, -244.320968628, 246.31022644, -146.466186523, 394.708862305, 61.6335449219, 18.2172908783, -91.2628860474, -47.952167511, 44.4038734436, -46.5076408386, 5.02170848846], [-371.150665283, 249.104904175, 113.101989746, -157.871063232, 169.97492981, 61.6335449219, 238.816497803, 65.1468048096, 0.854646384716, -1.36673653126, -18.1886672974, 36.2882804871, 5.07533359528], [-7.76866436005, 43.2274284363, 2.97475242615, -55.1695098877, 71.834312439, 18.2172908783, 65.1468048096, 131.377029419, 43.5042495728, 8.92157649994, -14.2275190353, 3.92084670067, 1.13969540596], [-419.386810303, 213.457809448, 117.442726135, -51.2235679626, 103.042152405, -91.2628860474, 0.854646384716, 43.5042495728, 147.386993408, 55.1413154602, -24.1084270477, -10.3794965744, -12.8325500488], [-292.362030029, 77.3452758789, 116.486289978, -2.41877555847, 69.9836044312, -47.952167511, -1.36673653126, 8.92157649994, 55.1413154602, 120.940887451, 18.4903450012, 4.69802904129, 1.16626131535], [259.751342773, -118.691230774, -77.7970733643, 79.3612976074, -82.8614654541, 44.4038734436, -18.1886672974, -14.2275190353, -24.1084270477, 18.4903450012, 100.458091736, 23.0361251831, -5.14659976959], [-421.832733154, 216.255645752, 157.398101807, -142.14390564, 85.113494873, -46.5076408386, 36.2882804871, 3.92084670067, -10.3794965744, 4.69802904129, 23.0361251831, 114.839637756, 38.9736862183], [4.94582843781, 15.6433181763, 1.51472568512, -3.11897778511, 11.070066452, 5.02170848846, 5.07533359528, 1.13969540596, -12.8325500488, 1.16626131535, -5.14659976959, 38.9736862183, 81.2165679932]],
        "icov": [[0.000296646612696, -0.000174341374077, 0.000533488753717, -0.000316299527185, 0.000102227393654, -0.000393774564145, 0.000308546324959, -0.000339416787028, 0.000383877661079, -6.35949400021e-05, 6.92805624567e-05, -2.53777470789e-05, 6.74496477586e-05], [-0.000174341374077, 0.0049692732282, -0.00227263965644, 0.00321433250792, -0.00294190412387, 0.00286693056114, -0.00211794348434, 0.00253312545829, -0.00364411785267, 0.00346695259213, -0.0038112772163, 0.00210634665564, -0.00233803596348], [0.000533488753717, -0.00227263965644, 0.00255317194387, -0.00202454789542, 0.000353307783371, -0.00174150511157, 0.00155570381321, -0.00115823699161, 0.00207445025444, -0.00174681283534, 0.00202862988226, -0.00189242640045, 0.00164797436446], [-0.000316299527185, 0.00321433250792, -0.00202454789542, 0.00352290808223, -0.000925107451621, 0.00153115519788, -0.00134478835389, 0.00185272120871, -0.00283724069595, 0.00184647052083, -0.00288702803664, 0.00259553245269, -0.00224063405767], [0.000102227393654, -0.00294190412387, 0.000353307783371, -0.000925107451621, 0.00591764133424, -0.00167180539574, -0.000313603057293, -0.00199659727514, 0.00119964685291, -0.0032582313288, 0.00382956396788, -0.00149550370406, 0.00105936243199], [-0.000393774564145, 0.00286693056114, -0.00174150511157, 0.00153115519788, -0.00167180539574, 0.00641597388312, -0.00327765173279, 0.000643078179564, -0.000196965949726, 0.00300136418082, -0.00451450143009, 0.00395927205682, -0.00267022894695], [0.000308546324959, -0.00211794348434, 0.00155570381321, -0.00134478835389, -0.000313603057293, -0.00327765173279, 0.00790893379599, -0.00350308883935, 0.00246730120853, -0.00165116402786, 0.00283336825669, -0.00318416091613, 0.00222991406918], [-0.000339416787028, 0.00253312545829, -0.00115823699161, 0.00185272120871, -0.00199659727514, 0.000643078179564, -0.00350308883935, 0.0119592919946, -0.00585797522217, 0.00206863111816, -0.00130745046772, 0.000398995238356, -0.00132062763441], [0.000383877661079, -0.00364411785267, 0.00207445025444, -0.00283724069595, 0.00119964685291, -0.000196965949726, 0.00246730120853, -0.00585797522217, 0.0145917162299, -0.00641260808334, 0.00403616763651, 0.000161788077094, 0.00288332323544], [-6.35949400021e-05, 0.00346695259213, -0.00174681283534, 0.00184647052083, -0.0032582313288, 0.00300136418082, -0.00165116402786, 0.00206863111816, -0.00641260808334, 0.0145329190418, -0.00780986621976, 0.00364486803301, -0.00369361951016], [6.92805624567e-05, -0.0038112772163, 0.00202862988226, -0.00288702803664, 0.00382956396788, -0.00451450143009, 0.00283336825669, -0.00130745046772, 0.00403616763651, -0.00780986621976, 0.0196842234582, -0.0100849959999, 0.00701638497412], [-2.53777470789e-05, 0.00210634665564, -0.00189242640045, 0.00259553245269, -0.00149550370406, 0.00395927205682, -0.00318416091613, 0.000398995238356, 0.000161788077094, 0.00364486803301, -0.0100849959999, 0.0194864515215, -0.0101336566731], [6.74496477586e-05, -0.00233803596348, 0.00164797436446, -0.00224063405767, 0.00105936243199, -0.00267022894695, 0.00222991406918, -0.00132062763441, 0.00288332323544, -0.00369361951016, 0.00701638497412, -0.0101336566731, 0.0183582045138]]
    },
    "melbands": {
        "dmean": [0.000320670893416, 0.000646778091323, 0.00024117740395, 0.000184640928637, 7.93651342974e-05, 9.0357469162e-05, 0.000107685518742, 0.000102795784187, 0.000113014299131, 9.87012390397e-05, 6.37928314973e-05, 9.41737889661e-05, 5.53999561816e-05, 4.16760449298e-05, 3.85146668123e-05, 4.50962361356e-05, 2.37207550526e-05, 1.45927742778e-05, 1.20502381833e-05, 8.20682453195e-06, 7.9663041106e-06, 8.15490329842e-06, 8.42900954012e-06, 6.43890689389e-06, 5.86207352171e-06, 8.32190471556e-06, 5.69439635001e-06, 4.9076788855e-06, 3.41449685948e-06, 3.51279732058e-06, 1.66192307915e-06, 1.54572785505e-06, 7.98312498773e-07, 5.4325101928e-07, 3.68188494804e-07, 2.37738007058e-07, 1.63118002661e-07, 9.91774129488e-08, 4.4387206799e-08, 1.05023074681e-08],
        "dmean2": [0.000497714907397, 0.000956243253313, 0.000375292263925, 0.000301529100398, 0.000126442304463, 0.000138952265843, 0.000173054577317, 0.000152224805788, 0.000167075631907, 0.000146039907122, 9.37383665587e-05, 0.000124129030155, 7.21146498108e-05, 5.95804594923e-05, 5.57896310056e-05, 6.76384297549e-05, 3.48002831743e-05, 2.26780703088e-05, 1.90476785065e-05, 1.30632088258e-05, 1.21630282592e-05, 1.22517894852e-05, 1.30164835355e-05, 9.68282802205e-06, 9.22998151509e-06, 1.32204704641e-05, 8.62278102431e-06, 7.96497261035e-06, 5.32249487151e-06, 5.55011229153e-06, 2.54879978456e-06, 2.36605956161e-06, 1.2180299791e-06, 8.57489283135e-07, 5.76886407089e-07, 3.62326545655e-07, 2.43731392402e-07, 1.50446012981e-07, 7.0764208715e-08, 1.63521587382e-08],
        "dvar": [3.80062743943e-07, 1.57805652634e-06, 3.97682669018e-07, 2.47602173431e-07, 2.81960570447e-08, 4.01326190058e-08, 9.41051894188e-08, 2.47839665235e-07, 1.90736827221e-07, 8.1801125873e-08, 5.20263938597e-08, 1.22206955666e-07, 4.08157028176e-08, 1.2972499519e-08, 1.74755090399e-08, 1.64049236417e-08, 7.56560769588e-09, 2.18240003846e-09, 1.8925285783e-09, 5.89970072795e-10, 5.06376773846e-10, 4.8427195587e-10, 5.43721179191e-10, 2.97255386972e-10, 2.73723016475e-10, 5.09312203523e-10, 3.03088804054e-10, 2.04618183508e-10, 1.11627748711e-10, 1.42507061707e-10, 1.79656723526e-11, 1.34197887178e-11, 3.55717040025e-12, 1.78963441289e-12, 8.44837654695e-13, 3.08276028402e-13, 1.36178381397e-13, 4.96091408513e-14, 1.22759477076e-14, 8.06496703256e-16],
        "dvar2": [8.6925655296e-07, 3.33748880621e-06, 1.09599375264e-06, 6.43380815291e-07, 6.75683793361e-08, 9.49220506641e-08, 2.42863478661e-07, 4.25603985832e-07, 3.51935995013e-07, 1.74004995301e-07, 1.14814518781e-07, 1.82472959409e-07, 6.23053040272e-08, 2.48037821393e-08, 3.70381734172e-08, 3.60097835994e-08, 1.62323363639e-08, 5.33316191209e-09, 4.56815207883e-09, 1.26525945277e-09, 1.16719600651e-09, 9.83897074924e-10, 1.3568722812e-09, 6.93582413724e-10, 6.80020373345e-10, 1.21125087738e-09, 5.95030857919e-10, 4.65653127169e-10, 2.4955690292e-10, 3.41680073124e-10, 3.98316934991e-11, 3.10768320799e-11, 8.52565674309e-12, 4.37476183751e-12, 2.04417754425e-12, 7.09297258514e-13, 3.04376234503e-13, 1.20943226679e-13, 3.30584219938e-14, 2.08018311066e-15],
        "max": [0.00764480698854, 0.0150302452967, 0.0169174410403, 0.0108130220324, 0.00340066640638, 0.00529546895996, 0.00692769652233, 0.0170947089791, 0.0131188547239, 0.00610432540998, 0.00664646690711, 0.00806635245681, 0.00615076813847, 0.00273529905826, 0.00345519627444, 0.00251771975309, 0.00275643588975, 0.00108258891851, 0.0016608411679, 0.000773785286583, 0.000666093954351, 0.00053836934967, 0.000583608227316, 0.000346721848473, 0.000369931163732, 0.00066904432606, 0.00058056472335, 0.000396373361582, 0.000328573427396, 0.000292338081636, 8.27757903608e-05, 6.57697673887e-05, 3.82234647986e-05, 2.89346571662e-05, 1.59718256327e-05, 1.21624452731e-05, 7.510692285e-06, 3.84259783459e-06, 2.25874646276e-06, 6.08660798207e-07],
        "mean": [0.000566565257031, 0.00106020027306, 0.000392784684664, 0.000282004213659, 0.000145702331793, 0.000176386049134, 0.000170483239344, 0.000179011389264, 0.000205448668567, 0.000158620096045, 0.000106895022327, 0.000189956757822, 0.000115937480587, 8.55128964758e-05, 6.81645178702e-05, 7.33925626264e-05, 3.92411129724e-05, 2.5880859539e-05, 2.08865021705e-05, 1.46303082147e-05, 1.60524159583e-05, 1.62829273904e-05, 1.5909974536e-05, 1.34441388582e-05, 1.18784901133e-05, 1.58484726853e-05, 1.23699555843e-05, 1.07501600723e-05, 7.66973425925e-06, 7.35274397812e-06, 3.71101759811e-06, 3.31204887516e-06, 1.83812153409e-06, 1.25865199152e-06, 8.61695923504e-07, 5.86700252825e-07, 3.85395964031e-07, 2.30936151979e-07, 9.99301619231e-08, 1.75485901366e-08],
        "median": [0.000190811726497, 0.000431829714216, 0.000167439036886, 0.000115689646918, 6.12923759036e-05, 6.1159102188e-05, 7.07034632796e-05, 3.83781261917e-05, 2.93078301183e-05, 3.38438003382e-05, 2.16340849875e-05, 1.46948723341e-05, 8.1345642684e-06, 9.24491723708e-06, 7.9797100625e-06, 5.70681550016e-06, 3.47780633092e-06, 2.91199353342e-06, 2.11637893699e-06, 2.08809660762e-06, 2.23632309826e-06, 2.52743166129e-06, 2.21880964091e-06, 1.36675748763e-06, 1.41925374919e-06, 1.90464800198e-06, 1.2267381635e-06, 6.04413742167e-07, 4.67774128765e-07, 4.28473981628e-07, 3.45296115256e-07, 3.88771468351e-07, 2.89551735477e-07, 1.28879889871e-07, 9.49109022486e-08, 7.7525776021e-08, 5.41441771418e-08, 3.31263549924e-08, 1.2090551671e-08, 9.72656621911e-10],
        "min": [1.93270635607e-10, 2.73132272355e-09, 3.93730736903e-09, 2.52726994887e-09, 2.82539935892e-10, 1.30274110943e-10, 4.66912397634e-10, 2.65569954916e-10, 4.725682623e-10, 3.43694545046e-10, 7.14481529496e-11, 3.22788795692e-10, 3.84342661863e-11, 5.69461110211e-11, 5.88195603335e-10, 4.49332043795e-10, 1.97275529246e-10, 1.08276158872e-10, 2.83703321252e-11, 2.46606016857e-11, 3.70963051943e-11, 7.38805613909e-11, 7.16008016766e-11, 3.40555118827e-11, 2.85618594748e-11, 4.93345191088e-11, 4.83987468158e-11, 7.6080218514e-12, 4.34752581158e-12, 8.01935687994e-12, 6.97253019211e-12, 7.81711067405e-12, 3.03464219899e-12, 8.02950371123e-13, 1.10085692732e-12, 1.41722820545e-12, 7.14434262618e-13, 6.25619347994e-13, 5.09206988641e-13, 1.456058581e-13],
        "var": [8.02651697995e-07, 2.91787659989e-06, 5.6189804809e-07, 3.49772307118e-07, 6.53162999242e-08, 9.95117304115e-08, 1.22483669429e-07, 6.39002280423e-07, 8.63433911036e-07, 1.61857059311e-07, 8.65547633566e-08, 4.72603716162e-07, 1.98398183215e-07, 6.06007972692e-08, 4.03228028745e-08, 3.5716819724e-08, 1.46023539926e-08, 5.1477950791e-09, 3.66950381192e-09, 1.53322887719e-09, 1.56038537646e-09, 1.61307411872e-09, 1.44082668019e-09, 9.52613432581e-10, 7.51992967896e-10, 1.44189271634e-09, 1.29553445749e-09, 7.15395243045e-10, 4.31197966222e-10, 3.97715610445e-10, 6.6694906542e-11, 4.71211021591e-11, 1.28143051725e-11, 6.80667328057e-12, 3.17847137499e-12, 1.47584190962e-12, 5.86396924941e-13, 1.95970843719e-13, 4.19723968309e-14, 2.09184823665e-15]
    },
    "mfcc": {
        "mean": [-730.222106934, 149.706451416, -1.13075554371, 29.2385044098, -6.53358793259, 10.2302293777, -1.61746203899, 9.68632984161, -2.4236638546, 4.53595304489, -1.23172152042, 5.13206863403, -2.01893568039],
        "cov": [[15274.9492188, -4594.65576172, -3874.97802734, 465.89276123, -1636.03491211, 427.920837402, -169.443435669, 218.746627808, -704.338317871, 252.558609009, -244.36277771, 39.12840271, -594.641601562], [-4594.65576172, 2899.54418945, 997.567687988, -653.827453613, 637.551147461, -280.3359375, 64.2309570312, 16.8772525787, 300.097564697, -133.586868286, 88.5111923218, -4.14956855774, 213.238555908], [-3874.97802734, 997.567687988, 1643.97497559, 140.92276001, 519.734802246, 11.2453527451, 98.4232330322, -66.2928543091, 156.934051514, -92.1848220825, 59.8253593445, 7.08933973312, 170.775802612], [465.89276123, -653.827453613, 140.92276001, 683.430114746, 12.2445669174, 92.3209609985, -57.3379707336, -50.5825576782, -38.7036819458, 77.3128585815, -9.28872394562, -2.71889400482, 2.45011091232], [-1636.03491211, 637.551147461, 519.734802246, 12.2445669174, 408.625, -13.5160970688, 19.7156276703, -27.5904331207, 123.050506592, 6.19669294357, 33.605556488, 0.163188740611, 86.9883956909], [427.920837402, -280.3359375, 11.2453527451, 92.3209609985, -13.5160970688, 216.121871948, 102.187721252, 25.2693595886, -14.2587833405, 26.720539093, 10.652258873, 0.308853089809, -42.3463516235], [-169.443435669, 64.2309570312, 98.4232330322, -57.3379707336, 19.7156276703, 102.187721252, 240.785614014, 89.1146774292, 36.5514984131, -25.1784667969, 19.4906463623, 6.25369739532, -0.270306795835], [218.746627808, 16.8772525787, -66.2928543091, -50.5825576782, -27.5904331207, 25.2693595886, 89.1146774292, 172.752960205, 42.5782775879, -16.7338409424, 8.08340930939, 10.8929843903, -10.1585636139], [-704.338317871, 300.097564697, 156.934051514, -38.7036819458, 123.050506592, -14.2587833405, 36.5514984131, 42.5782775879, 185.457015991, 41.0285301208, 12.6850776672, 6.94507265091, 31.5810928345], [252.558609009, -133.586868286, -92.1848220825, 77.3128585815, 6.19669294357, 26.720539093, -25.1784667969, -16.7338409424, 41.0285301208, 157.247238159, 37.0529251099, 3.32400655746, -15.9301319122], [-244.36277771, 88.5111923218, 59.8253593445, -9.28872394562, 33.605556488, 10.652258873, 19.4906463623, 8.08340930939, 12.6850776672, 37.0529251099, 108.442062378, 26.2005958557, -2.09538292885], [39.12840271, -4.14956855774, 7.08933973312, -2.71889400482, 0.163188740611, 0.308853089809, 6.25369739532, 10.8929843903, 6.94507265091, 3.32400655746, 26.2005958557, 81.8037643433, 26.648897171], [-594.641601562, 213.238555908, 170.775802612, 2.45011091232, 86.9883956909, -42.3463516235, -0.270306795835, -10.1585636139, 31.5810928345, -15.9301319122, -2.09538292885, 26.648897171, 113.052978516]],
