{
"lowlevel": {
    "average_loudness": 0.98008108139,
    "barkbands_crest": {
        "dmean": 2.93436551094,
        "dmean2": 4.57933092117,
        "dvar": 8.60415649414,
        "dvar2": 18.0040397644,
        "max": 26.15417099,
        "mean": 10.5827922821,
        "median": 9.27872753143,
        "min": 3.15222167969,
        "var": 24.0583705902
    },
    "barkbands_flatness_db": {
        "dmean": 0.0240553598851,
        "dmean2": 0.0360102020204,
        "dvar": 0.000484610267449,
        "dvar2": 0.00101570168044,
        "max": 0.563546776772,
        "mean": 0.177784815431,
        "median": 0.16733892262,
        "min": 0.0252190027386,
        "var": 0.00399108789861
    },
    "barkbands_kurtosis": {
        "dmean": 4.28139352798,
        "dmean2": 6.3704829216,
        "dvar": 80.3976974487,
        "dvar2": 159.543334961,
        "max": 238.813430786,
        "mean": 5.50521469116,
        "median": 1.70025444031,
        "min": -1.9427447319,
        "var": 156.91027832
    },
    "barkbands_skewness": {
        "dmean": 0.71394765377,
        "dmean2": 1.00902843475,
        "dvar": 0.584661722183,
        "dvar2": 1.05751574039,
        "max": 13.6051425934,
        "mean": 1.78064763546,
        "median": 1.50619399548,
        "min": -3.88359737396,
        "var": 2.10653614998
    },
    "barkbands_spread": {
        "dmean": 7.28063201904,
        "dmean2": 10.7800912857,
        "dvar": 73.8460922241,
        "dvar2": 143.285171509,
        "max": 106.560371399,
        "mean": 24.3342380524,
        "median": 21.1208190918,
        "min": 0.49960231781,
        "var": 275.74810791
    },
    "dissonance": {
        "dmean": 0.0150893004611,
        "dmean2": 0.0250616054982,
        "dvar": 0.000263983849436,
        "dvar2": 0.000706606777385,
        "max": 0.500000119209,
        "mean": 0.473590135574,
        "median": 0.479528993368,
        "min": 0.253950804472,
        "var": 0.000505163101479
    },
    "dynamic_complexity": 2.06926870346,
    "erbbands_crest": {
        "dmean": 2.68407464027,
        "dmean2": 4.38386249542,
        "dvar": 6.51572370529,
        "dvar2": 16.4563484192,
        "max": 27.2147293091,
        "mean": 8.1841917038,
        "median": 7.23092651367,
        "min": 2.38698339462,
        "var": 15.9549913406
    },
    "erbbands_flatness_db": {
        "dmean": 0.0174563638866,
        "dmean2": 0.0248161386698,
        "dvar": 0.000268434523605,
        "dvar2": 0.000506102340296,
        "max": 0.47273927927,
        "mean": 0.181689083576,
        "median": 0.176672682166,
        "min": 0.0938163027167,
        "var": 0.00191780389287
    },
    "erbbands_kurtosis": {
        "dmean": 0.931786954403,
        "dmean2": 1.4288970232,
        "dvar": 5.22806787491,
        "dvar2": 10.9406433105,
        "max": 72.9633102417,
        "mean": 0.15215729177,
        "median": -0.561180114746,
        "min": -1.82858264446,
        "var": 10.1649284363
    },
    "erbbands_skewness": {
        "dmean": 0.417367219925,
        "dmean2": 0.625786066055,
        "dvar": 0.17022870481,
        "dvar2": 0.369896620512,
        "max": 6.34295082092,
        "mean": -0.0602674558759,
        "median": -0.0661888122559,
        "min": -6.35494709015,
        "var": 0.706522762775
    },
    "erbbands_spread": {
        "dmean": 10.3478593826,
        "dmean2": 15.7041788101,
        "dvar": 113.979415894,
        "dvar2": 243.778625488,
        "max": 130.158676147,
        "mean": 46.0245475769,
        "median": 43.5480804443,
        "min": 1.67512154579,
        "var": 422.16027832
    },
    "hfc": {
        "dmean": 9.23504638672,
        "dmean2": 13.1682329178,
        "dvar": 164.239227295,
        "dvar2": 283.982055664,
        "max": 225.73097229,
        "mean": 26.3554859161,
        "median": 20.6756038666,
        "min": 1.22587385922e-16,
        "var": 577.869384766
    },
    "melbands_crest": {
        "dmean": 3.66978573799,
        "dmean2": 5.74668359756,
        "dvar": 11.4059638977,
        "dvar2": 25.9616069794,
        "max": 32.6194076538,
        "mean": 15.5337677002,
        "median": 14.5987873077,
        "min": 1.81666147709,
        "var": 37.367893219
    },
    "melbands_flatness_db": {
        "dmean": 0.0311387162656,
        "dmean2": 0.0442370064557,
        "dvar": 0.000852277153172,
        "dvar2": 0.00167518144008,
        "max": 0.700227618217,
        "mean": 0.214618399739,
        "median": 0.203654229641,
        "min": 0.00510457577184,
        "var": 0.00775722460821
    },
    "melbands_kurtosis": {
        "dmean": 11.5194644928,
        "dmean2": 16.9648036957,
        "dvar": 388.473815918,
        "dvar2": 716.561828613,
        "max": 356.618011475,
        "mean": 19.7882404327,
        "median": 10.0224781036,
        "min": -1.86613941193,
        "var": 855.865844727
    },
    "melbands_skewness": {
        "dmean": 0.99345678091,
        "dmean2": 1.43787205219,
        "dvar": 1.20286667347,
        "dvar2": 2.27452921867,
        "max": 15.7839078903,
        "mean": 3.33950400352,
        "median": 2.93631911278,
        "min": -1.50398826599,
        "var": 4.02393007278
    },
    "melbands_spread": {
        "dmean": 9.58581733704,
        "dmean2": 13.6148118973,
        "dvar": 259.085479736,
        "dvar2": 427.65423584,
        "max": 249.905990601,
        "mean": 25.0023460388,
        "median": 18.9851036072,
        "min": 0.413609772921,
        "var": 755.840393066
    },
    "pitch_salience": {
        "dmean": 0.0826599299908,
        "dmean2": 0.128237605095,
        "dvar": 0.00565431453288,
        "dvar2": 0.013102421537,
        "max": 0.81559419632,
        "mean": 0.537206888199,
        "median": 0.552782058716,
        "min": 0.102932520211,
        "var": 0.0178711377084
    },
    "silence_rate_20dB": {
        "dmean": 0,
        "dmean2": 0,
        "dvar": 0,
        "dvar2": 0,
        "max": 1,
        "mean": 1,
        "median": 1,
        "min": 1,
        "var": 0
    },
    "silence_rate_30dB": {
        "dmean": 0.088871717453,
        "dmean2": 0.17781214416,
        "dvar": 0.0809746980667,
        "dvar2": 0.154698565602,
        "max": 1,
        "mean": 0.910390138626,
        "median": 1,
        "min": 0,
        "var": 0.0815775319934
    },
    "silence_rate_60dB": {
        "dmean": 0.0154559509829,
        "dmean2": 0.0309238508344,
        "dvar": 0.0152171589434,
        "dvar2": 0.033059604466,
        "max": 1,
        "mean": 0.0347624570131,
        "median": 0,
        "min": 0,
        "var": 0.0335543081164
    },
    "spectral_centroid": {
        "dmean": 325.062774658,
        "dmean2": 468.941101074,
        "dvar": 129113.171875,
        "dvar2": 223042.421875,
        "max": 11015.0351562,
        "mean": 1436.07019043,
        "median": 1348.98730469,
        "min": 125.184906006,
        "var": 514896.75
    },
    "spectral_complexity": {
        "dmean": 5.38485336304,
        "dmean2": 7.78585243225,
        "dvar": 31.8333778381,
        "dvar2": 59.4887123108,
        "max": 61,
        "mean": 22.9034385681,
        "median": 22,
        "min": 0,
        "var": 138.479476929
    },
    "spectral_decrease": {
        "dmean": 5.00830488193e-09,
        "dmean2": 7.67035501781e-09,
        "dvar": 7.60640218846e-17,
        "dvar2": 1.66499109155e-16,
        "max": 6.86710543936e-29,
        "mean": -1.07136184369e-08,
        "median": -7.69753860652e-09,
        "min": -6.09422059483e-08,
        "var": 1.07402381431e-16
    },
    "spectral_energy": {
        "dmean": 0.0194225050509,
        "dmean2": 0.0296674147248,
        "dvar": 0.00110913906246,
        "dvar2": 0.00243247370236,
        "max": 0.234823539853,
        "mean": 0.0428260862827,
        "median": 0.0314682982862,
        "min": 1.08598571606e-20,
        "var": 0.00157910527196
    },
    "spectral_energyband_high": {
        "dmean": 0.000705878133886,
        "dmean2": 0.000910416129045,
        "dvar": 2.26109318646e-06,
        "dvar2": 3.26220742863e-06,
        "max": 0.0286594238132,
        "mean": 0.00147584581282,
        "median": 0.000453892105725,
        "min": 7.89523699843e-21,
        "var": 8.35629543872e-06
    },
    "spectral_energyband_low": {
        "dmean": 0.0157081130892,
        "dmean2": 0.0241691824049,
        "dvar": 0.000972919980995,
        "dvar2": 0.00213016895577,
        "max": 0.215145528316,
        "mean": 0.0234076604247,
        "median": 0.0101995579898,
        "min": 6.77955329209e-23,
        "var": 0.0013337561395
    },
    "spectral_energyband_middle_high": {
        "dmean": 0.0021680505015,
        "dmean2": 0.00343217025511,
        "dvar": 6.48641616863e-06,
        "dvar2": 1.60701711138e-05,
        "max": 0.0299293305725,
        "mean": 0.0054003498517,
        "median": 0.00467359321192,
        "min": 1.50274756124e-21,
        "var": 1.78897571459e-05
    },
    "spectral_energyband_middle_low": {
        "dmean": 0.00653981650248,
        "dmean2": 0.0109338546172,
        "dvar": 9.24204432522e-05,
        "dvar2": 0.000241428468144,
        "max": 0.102618739009,
        "mean": 0.0152024896815,
        "median": 0.0132544515654,
        "min": 3.65382019238e-22,
        "var": 0.000132751272758
    },
    "spectral_entropy": {
        "dmean": 0.165779411793,
        "dmean2": 0.22740752995,
        "dvar": 0.030738087371,
        "dvar2": 0.0615985915065,
        "max": 9.79700565338,
        "mean": 7.52772712708,
        "median": 7.58657217026,
        "min": 4.70798301697,
        "var": 0.286461621523
    },
    "spectral_flux": {
        "dmean": 0.0395753793418,
        "dmean2": 0.0615541748703,
        "dvar": 0.00305890548043,
        "dvar2": 0.00664434907958,
        "max": 0.41969153285,
        "mean": 0.109120465815,
        "median": 0.0916184931993,
        "min": 1.04210640117e-10,
        "var": 0.00486223259941
    },
    "spectral_kurtosis": {
        "dmean": 2.56835317612,
        "dmean2": 4.32640504837,
        "dvar": 36.7024688721,
        "dvar2": 89.5164108276,
        "max": 174.469161987,
        "mean": 4.48189783096,
        "median": 2.26868057251,
        "min": -1.39742219448,
        "var": 136.271484375
    },
    "spectral_rms": {
        "dmean": 0.00125874916557,
        "dmean2": 0.00186287250835,
        "dvar": 2.94271762868e-06,
        "dvar2": 5.98438191446e-06,
        "max": 0.0151359224692,
        "mean": 0.005941524636,
        "median": 0.00554082822055,
        "min": 3.25499349696e-12,
        "var": 6.47991600999e-06
    },
    "spectral_rolloff": {
        "dmean": 654.142944336,
        "dmean2": 1036.21643066,
        "dvar": 1199067.625,
        "dvar2": 1988057.375,
        "max": 18927.6855469,
        "mean": 1580.28369141,
        "median": 990.52734375,
        "min": 64.599609375,
        "var": 3470676.25
    },
    "spectral_skewness": {
        "dmean": 0.300327211618,
        "dmean2": 0.475380241871,
        "dvar": 0.188131228089,
        "dvar2": 0.46388182044,
        "max": 11.0903749466,
        "mean": 1.2020727396,
        "median": 1.04410409927,
        "min": -0.316147536039,
        "var": 0.848042666912
    },
    "spectral_spread": {
        "dmean": 470499.21875,
        "dmean2": 621380.8125,
        "dvar": 697509281792,
        "dvar2": 794249068544,
        "max": 40826396,
        "mean": 3881650.25,
        "median": 3568717.25,
        "min": 611929.75,
        "var": 2.59547568538e+12
    },
    "spectral_strongpeak": {
        "dmean": 0.433725595474,
        "dmean2": 0.751597940922,
        "dvar": 0.527949690819,
        "dvar2": 1.46785998344,
        "max": 8.90041351318,
        "mean": 0.704451978207,
        "median": 0.546996235847,
        "min": 0,
        "var": 0.508572936058
    },
    "zerocrossingrate": {
        "dmean": 0.0130107710138,
        "dmean2": 0.0135444728658,
        "dvar": 0.000370405468857,
        "dvar2": 0.00032640885911,
        "max": 0.51123046875,
        "mean": 0.0587055906653,
        "median": 0.04736328125,
        "min": 0.00390625,
        "var": 0.00221250369214
    },
    "barkbands": {
        "dmean": [0.000446541322162, 0.0116583863273, 0.00522873224691, 0.00336371315643, 0.00246901810169, 0.00159252074081, 0.000634265074041, 0.000720863812603, 0.00102583703119, 0.000533614016604, 0.000405394908739, 0.000320220307913, 0.000300460320432, 0.000430310697993, 0.00038617264363, 0.000292430806439, 0.000328146212269, 0.00025012443075, 0.000400182412704, 0.000186835051863, 0.000133897483465, 0.000154744717292, 0.000192932537175, 0.000214119281736, 4.30559593951e-05, 6.72839988169e-08, 3.7793942198e-08],
        "dmean2": [0.000780327129178, 0.0172140356153, 0.00942763406783, 0.00588222173974, 0.00408660853282, 0.00260379584506, 0.00103816960473, 0.00116622855421, 0.00169861933682, 0.000863230845425, 0.000670579844154, 0.000527284631971, 0.000503040093463, 0.000703730154783, 0.000628177658655, 0.000468493526569, 0.000544631504454, 0.000392905203626, 0.000647153472528, 0.00029688878567, 0.000195209388039, 0.00021681060025, 0.000256092025666, 0.000263820576947, 5.98831538809e-05, 1.05912079107e-07, 6.7484315025e-08],
        "dvar": [1.17416868761e-06, 0.000679021526594, 0.000136082686367, 4.6134715376e-05, 1.33936046041e-05, 5.4658330555e-06, 1.24652751765e-06, 2.34161097978e-06, 3.44412910636e-06, 1.30767966766e-06, 6.53551239793e-07, 5.09983863139e-07, 2.79974472051e-07, 8.64379103405e-07, 4.34633506075e-07, 2.68537831971e-07, 4.81246843265e-07, 1.5739202297e-07, 4.23410398298e-07, 9.90044028981e-08, 4.91298806082e-08, 1.0381853599e-07, 2.32991979487e-07, 4.89023591399e-07, 2.07448387357e-08, 4.81619579558e-14, 2.07774996616e-14],
        "dvar2": [3.24761504089e-06, 0.00147349608596, 0.000388030108297, 0.000128907136968, 3.51765884261e-05, 1.32036338982e-05, 3.31803948939e-06, 5.88252896705e-06, 9.39463825489e-06, 3.32955914928e-06, 1.64609434705e-06, 1.28410135858e-06, 7.28075690404e-07, 2.3603970476e-06, 1.15539523904e-06, 6.53701931697e-07, 1.31671970394e-06, 3.72183848185e-07, 1.04755497432e-06, 2.24208164923e-07, 1.00695970673e-07, 1.97025997295e-07, 3.95886132765e-07, 7.3791198929e-07, 4.01415327644e-08, 1.07086560485e-13, 5.50229248286e-14],
        "max": [0.00710047595203, 0.1771004498, 0.0933403298259, 0.0823830217123, 0.0380141846836, 0.0332309827209, 0.0133141446859, 0.0230380166322, 0.0271026790142, 0.0204838588834, 0.0162441115826, 0.0133723989129, 0.0104916747659, 0.0128542231396, 0.0100731262937, 0.00778773054481, 0.00836694054306, 0.00660382956266, 0.00848130229861, 0.00526188453659, 0.00423435261473, 0.00585700431839, 0.0103462198749, 0.0136726675555, 0.00284997839481, 3.89926708522e-06, 2.04446109819e-06],
        "mean": [0.000385872786865, 0.0137478848919, 0.00674463016912, 0.00443948246539, 0.00449635507539, 0.00264832982793, 0.000970798369963, 0.000943738094065, 0.0014544390142, 0.000749637547415, 0.000554750615265, 0.000443233031547, 0.000440294563305, 0.00063684565248, 0.000614852877334, 0.000467836245662, 0.000452818901977, 0.000426852318924, 0.000566035509109, 0.000331700925017, 0.000250693934504, 0.000289615505608, 0.000326121196849, 0.000378017692128, 6.52265589451e-05, 7.69006973655e-08, 2.63739181605e-08],
        "median": [2.54735386989e-05, 0.0020965822041, 0.00329697038978, 0.00219805608504, 0.00321785453707, 0.00160572712775, 0.000518998247571, 0.000298523664242, 0.000633382471278, 0.000227681885008, 0.000210635058465, 0.000164381126524, 0.000242582071223, 0.000208427853067, 0.000280704465695, 0.000215430831304, 0.000208661556826, 0.00024376505462, 0.000347202381818, 0.000211401988054, 0.000114677932288, 6.10904171481e-05, 4.48733699159e-05, 4.63749456685e-05, 1.03489965113e-05, 7.96225929633e-09, 6.63503307852e-10],
        "min": [2.22004628049e-23, 2.48974567553e-23, 9.17913658378e-24, 4.16543075754e-23, 8.34259029901e-23, 8.00784569358e-23, 4.75668673916e-23, 2.1007507901e-23, 8.97610429716e-23, 4.24155615043e-23, 2.7614400998e-23, 5.35325554122e-23, 4.61258236216e-23, 1.52474670832e-22, 1.73524748823e-22, 1.6731243764e-22, 1.6050600691e-22, 2.78382677322e-22, 2.48653046781e-22, 3.42199631288e-22, 3.63660308225e-22, 5.98678430684e-22, 5.10009808605e-22, 8.26108014157e-22, 1.22421054486e-21, 1.9232187541e-21, 2.47137010106e-21],
        "var": [1.00599936559e-06, 0.000896275043488, 0.000104231061414, 4.54816727142e-05, 1.99895948754e-05, 1.09242091639e-05, 1.88000478829e-06, 3.32417471327e-06, 5.25173845745e-06, 2.29391685025e-06, 1.23895244997e-06, 8.57222062223e-07, 3.92401574345e-07, 1.66068389262e-06, 8.95911114185e-07, 5.43042403933e-07, 5.25328516687e-07, 2.90547944815e-07, 5.11956443461e-07, 1.61741411375e-07, 1.25745884816e-07, 3.23163561688e-07, 7.16011527402e-07, 1.43331942581e-06, 4.08310256717e-08, 6.67975738741e-14, 1.48136406299e-14]
    },
    "erbbands": {
        "dmean": [0.399957627058, 2.45256066322, 5.39978837967, 9.39547348022, 9.28576946259, 8.04386711121, 11.8241882324, 12.6596679688, 9.43355941772, 8.84337520599, 20.7281475067, 24.9921550751, 12.8006782532, 18.0328025818, 14.0818052292, 12.6999549866, 13.2300128937, 16.6621417999, 23.8917713165, 16.0711479187, 15.2605791092, 16.8564414978, 12.5793895721, 18.6172599792, 15.6087770462, 8.60576248169, 5.90766143799, 5.18316221237, 5.48721694946, 6.28066635132, 5.36323022842, 4.69594335556, 3.34159684181, 0.976698935032, 0.034804277122, 0.00178300577682, 0.000176717163413, 4.01084143959e-05, 1.7772668798e-05, 2.31148442253e-05],
        "dmean2": [0.613892436028, 3.59379458427, 9.52586364746, 16.6505699158, 15.9043140411, 13.4388179779, 19.1478328705, 20.8437385559, 15.3674860001, 14.3833198547, 33.9839553833, 41.2017669678, 20.75963974, 29.2953357697, 23.1278381348, 20.5941429138, 21.9450569153, 26.9531917572, 39.7180175781, 25.7902584076, 24.4222927094, 27.9778347015, 19.7248268127, 29.538274765, 25.1103038788, 13.6427526474, 9.01618099213, 7.47326087952, 7.94809293747, 8.41741275787, 7.09391403198, 5.88893699646, 4.25955486298, 1.29107809067, 0.0468197911978, 0.00237935688347, 0.000238658860326, 5.7952143834e-05, 2.58531435975e-05, 3.46590968547e-05],
        "dvar": [0.890023708344, 29.6216754913, 145.534088135, 366.188873291, 308.104675293, 146.412475586, 272.87286377, 399.436676025, 243.712738037, 369.381103516, 1848.30932617, 2164.04858398, 910.548522949, 1601.69104004, 698.673278809, 870.917907715, 531.788330078, 1167.36169434, 1938.04833984, 678.401794434, 833.453125, 1260.05090332, 475.716491699, 795.688781738, 605.768615723, 216.466262817, 77.0235214233, 99.6852264404, 130.181182861, 219.478408813, 208.743896484, 237.414657593, 113.301834106, 10.5265340805, 0.0177614092827, 4.22445882577e-05, 2.35167988194e-07, 1.09268514237e-08, 1.07788067361e-09, 1.3958622036e-09],
        "dvar2": [2.04106044769, 64.1202011108, 410.031005859, 1029.58447266, 816.598083496, 383.954864502, 676.456054688, 1035.78686523, 654.018432617, 905.904724121, 4777.32324219, 5822.46972656, 2362.03540039, 4140.55224609, 1715.8939209, 2169.65380859, 1410.36950684, 3095.40869141, 5438.41308594, 1666.53417969, 2068.51245117, 3457.2265625, 1139.64660645, 1923.03112793, 1466.78308105, 484.313293457, 172.339782715, 206.430206299, 267.213226318, 418.475158691, 369.101470947, 364.609039307, 181.02796936, 18.008354187, 0.0301073007286, 6.92749963491e-05, 3.8542719949e-07, 2.19346496522e-08, 2.32155428215e-09, 3.06654746041e-09],
        "max": [6.42210388184, 39.1712112427, 94.7238388062, 177.78956604, 179.99005127, 167.607650757, 194.352416992, 258.853790283, 206.991241455, 325.17791748, 648.860656738, 667.422302246, 675.285461426, 775.975158691, 424.700286865, 670.903869629, 433.478515625, 579.694641113, 518.249572754, 442.351867676, 486.03036499, 423.618865967, 358.990478516, 443.395233154, 303.15612793, 280.436828613, 104.700538635, 227.042312622, 200.361297607, 307.304290771, 350.668701172, 310.843261719, 207.977310181, 67.4906387329, 3.33835172653, 0.162739872932, 0.010207128711, 0.00219556968659, 0.000561853405088, 0.000298427476082],
        "mean": [0.42893499136, 3.01591157913, 7.0253739357, 12.9104032516, 14.9040679932, 13.96479702, 18.92461586, 20.4784641266, 15.6856832504, 13.4344043732, 27.8845787048, 36.1713027954, 20.1693096161, 25.8863620758, 20.8200416565, 19.2461452484, 21.0443592072, 26.1447105408, 38.0033836365, 28.8244094849, 25.2130527496, 24.3922309875, 22.5054531097, 30.4193286896, 22.0960712433, 15.8508386612, 11.1062994003, 9.81618785858, 10.0378236771, 10.8015756607, 9.0107421875, 8.10104465485, 5.7746219635, 1.57789683342, 0.0527449324727, 0.00280353147537, 0.000288532522973, 5.99117774982e-05, 3.56285054295e-05, 5.3392501286e-05],
        "median": [0.0368966050446, 0.606600642204, 3.39842057228, 6.73232984543, 9.46392822266, 9.97888946533, 11.9060430527, 11.754404068, 9.70454120636, 6.85973405838, 10.5317935944, 16.0545368195, 9.28850364685, 9.92232608795, 9.73759460449, 8.48817634583, 11.9719696045, 11.1282262802, 16.4297733307, 14.6712217331, 12.4037256241, 11.8791818619, 12.7366800308, 20.2406959534, 13.6916542053, 9.84903144836, 6.01391077042, 3.73216056824, 2.33151268959, 1.64224362373, 1.18679571152, 0.888182282448, 0.745347440243, 0.24188439548, 0.00689379824325, 0.000384065468097, 5.10693425895e-05, 1.10873115773e-05, 2.004270209e-05, 3.94588532799e-05],
        "min": [1.6003577008e-21, 2.23973267041e-21, 7.1437838016e-21, 7.86918307095e-20, 1.49105754837e-19, 3.39798790451e-19, 3.39943598757e-19, 9.30513669034e-19, 6.81493116974e-19, 6.11791776633e-19, 9.30651808197e-19, 1.54823912239e-18, 1.60780563908e-18, 1.09459590368e-18, 1.76693616378e-18, 2.40369173431e-18, 2.16857722572e-18, 6.94686461629e-18, 6.59732414561e-18, 1.25596341427e-17, 8.26444173654e-18, 9.26031260013e-18, 1.22596430315e-17, 1.39095300366e-17, 1.46543648192e-17, 1.30995671885e-17, 1.76662386174e-17, 1.51311037478e-17, 2.08211551045e-17, 1.88444349772e-17, 1.4035038151e-17, 1.17011414352e-17, 1.58664110641e-17, 1.49371447834e-17, 8.62239504763e-18, 5.34138190717e-18, 4.09831390778e-18, 1.51649658338e-18, 3.49105296125e-19, 3.73467619859e-20],
        "var": [1.05746388435, 38.9931297302, 115.802146912, 334.130432129, 349.448150635, 210.716949463, 486.261047363, 715.045043945, 369.02243042, 535.578125, 2608.39648438, 3288.23242188, 1782.09558105, 2686.57055664, 1292.39855957, 1500.10791016, 809.102539062, 2076.6418457, 3408.12207031, 1746.01953125, 1499.62927246, 1360.56726074, 859.149841309, 1198.51965332, 743.294128418, 371.505432129, 184.47088623, 248.562759399, 369.607666016, 631.850219727, 602.459716797, 662.700683594, 323.774047852, 24.186498642, 0.0370598845184, 9.35826319619e-05, 6.04343995292e-07, 2.26204246445e-08, 2.06014538762e-09, 2.15701634332e-09]
    },
    "gfcc": {
        "mean": [-9.78958511353, 132.376174927, -140.59475708, 67.4907455444, -63.8721504211, 16.2589530945, -34.2399749756, -2.36876368523, -9.35186386108, -21.6451416016, 4.93358755112, -26.0258960724, 5.45398139954],
        "cov": [[7296.62451172, -1196.62573242, -584.503967285, 706.666748047, -924.932983398, 414.914367676, -346.406646729, 146.895812988, 19.1562614441, 65.4674301147, 16.3913249969, 4.83110427856, -27.6827793121], [-1196.62573242, 1627.24768066, -120.754020691, -608.363342285, 544.460205078, -432.264434814, 330.024993896, -75.3665771484, -73.5254135132, -47.9237709045, 123.570976257, -159.10736084, 54.2581443787], [-584.503967285, -120.754020691, 659.736328125, 107.381065369, 80.1830825806, 121.706565857, -10.3873987198, 12.3426856995, 74.8748550415, 20.0569763184, -33.9756278992, 97.279335022, -25.5270862579], [706.666748047, -608.363342285, 107.381065369, 451.020721436, -153.039093018, 175.689468384, -103.074874878, 49.1653747559, 91.7776031494, 14.5352592468, -37.7111549377, 93.9556274414, -7.21081829071], [-924.932983398, 544.460205078, 80.1830825806, -153.039093018, 450.850738525, -113.27507019, 150.545776367, 6.52074193954, 27.0268058777, 12.0160427094, 10.7883729935, -27.7673492432, 27.4017276764], [414.914367676, -432.264434814, 121.706565857, 175.689468384, -113.27507019, 305.73324585, 4.12047481537, 23.3281898499, 54.3807640076, 31.6054019928, -30.1882419586, 50.8043136597, -13.8919801712], [-346.406646729, 330.024993896, -10.3873987198, -103.074874878, 150.545776367, 4.12047481537, 243.385986328, 26.6634731293, 2.01685905457, 2.72788953781, 46.1607398987, -19.5551509857, 16.9821739197], [146.895812988, -75.3665771484, 12.3426856995, 49.1653747559, 6.52074193954, 23.3281898499, 26.6634731293, 145.1534729, 51.4202079773, 23.5234260559, 20.4041862488, 11.3160009384, 27.5516681671], [19.1562614441, -73.5254135132, 74.8748550415, 91.7776031494, 27.0268058777, 54.3807640076, 2.01685905457, 51.4202079773, 137.80921936, 47.0140228271, -19.7254714966, 28.5082740784, 2.17582297325], [65.4674301147, -47.9237709045, 20.0569763184, 14.5352592468, 12.0160427094, 31.6054019928, 2.72788953781, 23.5234260559, 47.0140228271, 96.7680664062, 32.9882736206, 1.96602976322, 7.07404613495], [16.3913249969, 123.570976257, -33.9756278992, -37.7111549377, 10.7883729935, -30.1882419586, 46.1607398987, 20.4041862488, -19.7254714966, 32.9882736206, 117.520271301, 13.4498872757, 22.5960712433], [4.83110427856, -159.10736084, 97.279335022, 93.9556274414, -27.7673492432, 50.8043136597, -19.5551509857, 11.3160009384, 28.5082740784, 1.96602976322, 13.4498872757, 103.717651367, 17.2440319061], [-27.6827793121, 54.2581443787, -25.5270862579, -7.21081829071, 27.4017276764, -13.8919801712, 16.9821739197, 27.5516681671, 2.17582297325, 7.07404613495, 22.5960712433, 17.2440319061, 75.858215332]],
        "icov": [[0.000293174118269, -0.000573395635001, 0.000339686404914, -0.00069931166945, 0.000620360078756, -0.000633677700534, 0.000506459735334, -0.000602120824624, 0.000566055939998, -0.000597426609602, 0.00034597798367, -0.000181001538294, 0.000307686656015], [-0.000573395635001, 0.00607862649485, -0.00134097819682, 0.00437988108024, -0.00355557352304, 0.00473188562319, -0.00407461728901, 0.00438928650692, -0.00508357910439, 0.00533493701369, -0.00521993124858, 0.00459059001878, -0.00296339788474], [0.000339686404914, -0.00134097819682, 0.00264102360234, -0.00108595145866, 0.000202617418836, -0.00192912772764, 0.00135654548649, -0.00131738837808, 0.00101766886655, -0.00148251827341, 0.00150880089495, -0.00293814903125, 0.00194445485249], [-0.00069931166945, 0.00437988108024, -0.00108595145866, 0.00772515963763, -0.00242451787926, 0.00204057176597, -0.00170729169622, 0.00251010176726, -0.00558722065762, 0.00475937640294, -0.00338173285127, 0.000699997937772, -0.00173439539503], [0.000620360078756, -0.00355557352304, 0.000202617418836, -0.00242451787926, 0.00636032084003, -0.00121939263772, 0.000111583758553, -0.00232015689835, 0.00194284389727, -0.00398167362437, 0.00396955106407, -0.00195619789883, 0.0004819916212], [-0.000633677700534, 0.00473188562319, -0.00192912772764, 0.00204057176597, -0.00121939263772, 0.00965264439583, -0.0057208398357, 0.00360188307241, -0.00371290696785, 0.00157009344548, -0.00151493749581, 0.00224087899551, -0.00198834529147], [0.000506459735334, -0.00407461728901, 0.00135654548649, -0.00170729169622, 0.000111583758553, -0.0057208398357, 0.00986532960087, -0.00398366013542, 0.00246453424916, -0.00113067554776, -4.8879730457e-05, -0.0018579022726, 0.00201544049196], [-0.000602120824624, 0.00438928650692, -0.00131738837808, 0.00251010176726, -0.00232015689835, 0.00360188307241, -0.00398366013542, 0.0126190632582, -0.00734548922628, 0.00439865421504, -0.00557299377397, 0.00476256804541, -0.00537971360609], [0.000566055939998, -0.00508357910439, 0.00101766886655, -0.00558722065762, 0.00194284389727, -0.00371290696785, 0.00246453424916, -0.00734548922628, 0.0180540494621, -0.0116610908881, 0.00929801631719, -0.0066762920469, 0.00370601820759], [-0.000597426609602, 0.00533493701369, -0.00148251827341, 0.00475937640294, -0.00398167362437, 0.00157009344548, -0.00113067554776, 0.00439865421504, -0.0116610908881, 0.0218694936484, -0.0122858555987, 0.00772875640541, -0.00350121944211], [0.00034597798367, -0.00521993124858, 0.00150880089495, -0.00338173285127, 0.00396955106407, -0.00151493749581, -4.8879730457e-05, -0.00557299377397, 0.00929801631719, -0.0122858555987, 0.0192786604166, -0.00905475206673, 0.00156459352002], [-0.000181001538294, 0.00459059001878, -0.00293814903125, 0.000699997937772, -0.00195619789883, 0.00224087899551, -0.0018579022726, 0.00476256804541, -0.0066762920469, 0.00772875640541, -0.00905475206673, 0.0203363858163, -0.00692345574498], [0.000307686656015, -0.00296339788474, 0.00194445485249, -0.00173439539503, 0.0004819916212, -0.00198834529147, 0.00201544049196, -0.00537971360609, 0.00370601820759, -0.00350121944211, 0.00156459352002, -0.00692345574498, 0.0181962996721]]
    },
    "melbands": {
        "dmean": [0.00345823564567, 0.00277251563966, 0.00159144424833, 0.000586966634728, 0.000386583153158, 0.000285722315311, 0.000140742224175, 9.84484286164e-05, 0.00019746927137, 0.000140208023367, 6.3094390498e-05, 7.42396950955e-05, 5.37470150448e-05, 3.75931158487e-05, 3.10277937388e-05, 2.83708577626e-05, 3.39228863595e-05, 4.33743334725e-05, 2.54437527474e-05, 2.2242518753e-05, 1.93834894162e-05, 1.92674306163e-05, 1.40051797644e-05, 1.2877520021e-05, 1.65206110978e-05, 1.57120175572e-05, 8.38636515255e-06, 5.68125324207e-06, 3.94410835725e-06, 3.53179575541e-06, 3.07916548081e-06, 3.17721378451e-06, 3.35255299433e-06, 3.77986407329e-06, 3.26662643602e-06, 2.86200020128e-06, 3.03257911582e-06, 2.54380756814e-06, 1.84964062555e-06, 4.99734426285e-07],
        "dmean2": [0.00514171691611, 0.00445562880486, 0.00279217213392, 0.000967597414274, 0.000631469301879, 0.000468704936793, 0.000229005148867, 0.000159436065587, 0.000325533299474, 0.000231822719797, 0.000102035366581, 0.000120248143503, 8.82415188244e-05, 6.15001335973e-05, 5.03306837345e-05, 4.77388566651e-05, 5.48610187252e-05, 7.24998826627e-05, 4.0968247049e-05, 3.56829477823e-05, 3.12528900395e-05, 3.22528212564e-05, 2.27859782171e-05, 2.04927855521e-05, 2.63873480435e-05, 2.57395477092e-05, 1.35096870508e-05, 9.06842069526e-06, 6.20126274953e-06, 5.31071509613e-06, 4.54475139122e-06, 4.80230255562e-06, 4.63398919237e-06, 5.28641430719e-06, 4.50666493634e-06, 3.83896531275e-06, 3.93015579903e-06, 3.33372190653e-06, 2.43985459747e-06, 6.96702329606e-07],
        "dvar": [6.24296953902e-05, 3.44086365658e-05, 1.00660217868e-05, 8.76118690485e-07, 2.74119202004e-07, 1.90881095818e-07, 5.42299112283e-08, 4.04589357572e-08, 1.47102326764e-07, 6.51796057127e-08, 2.29737118218e-08, 2.88049477604e-08, 1.14265095164e-08, 6.34594288229e-09, 5.82621328959e-09, 2.63482591301e-09, 5.16037435006e-09, 7.53909290552e-09, 2.03517691588e-09, 1.64393310076e-09, 1.43232081751e-09, 1.66186209238e-09, 7.25615678654e-10, 4.4854872594e-10, 6.59536925074e-10, 7.53271056642e-10, 2.25134577647e-10, 9.2994348333e-11, 3.64962504662e-11, 3.39052813603e-11, 4.07486579201e-11, 4.35275496202e-11, 5.78233294579e-11, 8.26087254158e-11, 7.80531472788e-11, 7.73722405589e-11, 1.08099314222e-10, 6.81355735721e-11, 3.28590279985e-11, 3.58500382158e-12],
        "dvar2": [0.000138036222779, 8.93344185897e-05, 2.82091423287e-05, 2.26479005505e-06, 6.972322808e-07, 4.81657536966e-07, 1.45293256537e-07, 9.86684511872e-08, 3.90459376831e-07, 1.75669200075e-07, 5.92209232764e-08, 7.438610794e-08, 2.91382971085e-08, 1.58941357853e-08, 1.43799603336e-08, 7.22343562742e-09, 1.35968241111e-08, 2.08925374778e-08, 4.81875161995e-09, 4.02527078336e-09, 3.65294283711e-09, 4.5568517848e-09, 1.89548687857e-09, 1.08517372865e-09, 1.62108304558e-09, 1.88046089811e-09, 5.44254141754e-10, 2.14283826794e-10, 8.72452249334e-11, 7.3326074379e-11, 8.74604971779e-11, 9.42484632005e-11, 1.1704376357e-10, 1.61990740266e-10, 1.48896561747e-10, 1.34629404847e-10, 1.71134481586e-10, 1.11940338943e-10, 5.88608953245e-11, 6.34057476662e-12],
        "max": [0.0534180998802, 0.0460149124265, 0.029775807634, 0.00992460362613, 0.00668499758467, 0.00597024569288, 0.00280977343209, 0.00304395030253, 0.00573527486995, 0.00358577002771, 0.00331721035764, 0.00326992780901, 0.00208015344106, 0.00165915873367, 0.00171795627102, 0.000865379173774, 0.00110784056596, 0.0010942670051, 0.00108743784949, 0.000674920331221, 0.000548562733456, 0.000481199793285, 0.000341985403793, 0.000315113953548, 0.000411533605075, 0.000341116247, 0.000232335733017, 0.000193113053683, 7.37099471735e-05, 0.000103531892819, 0.000133660505526, 9.63065467658e-05, 0.000174991335371, 0.000196345092263, 0.000210063153645, 0.000206144497497, 0.000209194011404, 0.000155647736392, 0.000130734726554, 4.40161566075e-05],
        "mean": [0.00390626024455, 0.00381469866261, 0.00231855479069, 0.00104301096871, 0.000659759505652, 0.000471274834126, 0.000229732919252, 0.000144461737364, 0.00026223162422, 0.000204320283956, 9.47449807427e-05, 0.00010384486086, 7.64212891227e-05, 5.12562546646e-05, 4.86113676743e-05, 4.19100761064e-05, 5.02908624185e-05, 6.49009016342e-05, 4.20998076152e-05, 3.53818213625e-05, 2.86582362605e-05, 2.55969953287e-05, 2.10803464142e-05, 2.1249126803e-05, 2.55778577412e-05, 2.03241743293e-05, 1.24250991576e-05, 1.00548422779e-05, 7.07147455614e-06, 6.00797466177e-06, 5.49686092199e-06, 5.51631183043e-06, 5.85890120419e-06, 6.08194159213e-06, 5.25498489878e-06, 4.71625708087e-06, 5.11844882567e-06, 4.33062996308e-06, 3.00500005324e-06, 7.0336460567e-07],
        "median": [0.000458947790321, 0.00174331467133, 0.00147118081804, 0.000735161243938, 0.000449335027952, 0.000284948735498, 0.000137724564411, 7.08124789526e-05, 9.91517008515e-05, 9.13971671253e-05, 3.65940577467e-05, 3.63987019227e-05, 3.08755697915e-05, 1.87805162568e-05, 2.38746833929e-05, 2.34021281358e-05, 1.83578958968e-05, 2.3928401788e-05, 1.94278582057e-05, 1.58771126735e-05, 1.35343043439e-05, 1.16416622404e-05, 1.08033900688e-05, 1.18227717394e-05, 1.65869205375e-05, 1.1437637113e-05, 7.41522489989e-06, 5.98589258516e-06, 3.82632651963e-06, 2.70685609394e-06, 1.81506288754e-06, 1.33833896143e-06, 1.03917943761e-06, 8.41618430059e-07, 7.0659478979e-07, 5.76611569159e-07, 5.19898662787e-07, 5.21388358266e-07, 4.79169386836e-07, 8.51663344292e-08],
        "min": [1.14437061738e-23, 3.44697190157e-24, 1.69623127983e-23, 1.48224187301e-23, 1.44129762544e-23, 1.85589372937e-23, 1.12632881627e-23, 5.99604181044e-24, 8.64450898223e-24, 1.07107865508e-23, 8.53040656318e-24, 4.90495251521e-24, 4.41446049802e-24, 6.94585952818e-24, 4.92836590688e-24, 4.93480498402e-24, 1.42164568034e-23, 9.91541280992e-24, 1.54178966953e-23, 1.40642176928e-23, 9.32269506903e-24, 8.72538221337e-24, 1.21416863584e-23, 1.16939920175e-23, 1.11510797987e-23, 1.16120167476e-23, 9.73777080039e-24, 8.19927194302e-24, 1.4057461888e-23, 6.54612793029e-24, 9.16777856446e-24, 1.094353365e-23, 1.28961529281e-23, 9.79389036519e-24, 8.10349949596e-24, 8.33422553352e-24, 5.78004262269e-24, 9.3303209874e-24, 1.46704131222e-23, 1.18961478796e-23],
        "var": [7.97281827545e-05, 3.50134614564e-05, 8.79930666997e-06, 1.22855874451e-06, 4.92934816521e-07, 3.61590991815e-07, 8.36030054074e-08, 6.12640747022e-08, 2.08173375427e-07, 1.00536588832e-07, 4.49722854512e-08, 4.77953179256e-08, 2.08741415264e-08, 1.08131628096e-08, 8.66070859473e-09, 3.60779939257e-09, 9.30321331083e-09, 1.3144355826e-08, 5.13567943727e-09, 3.27669202882e-09, 2.24439156149e-09, 1.73043068763e-09, 9.80857728372e-10, 8.14981027109e-10, 9.33271238068e-10, 8.06072764092e-10, 2.78968737e-10, 1.61711671831e-10, 7.7745289373e-11, 7.38052605143e-11, 9.35848204486e-11, 1.08058263726e-10, 1.63857274971e-10, 2.21636375919e-10, 2.11676287609e-10, 1.88594695416e-10, 2.92707386107e-10, 1.94676635923e-10, 7.64232843675e-11, 7.06803799516e-12]
    },
    "mfcc": {
        "mean": [-625.860351562, 122.247505188, 2.65542507172, 34.639881134, 11.6420516968, 4.95823383331, 3.61252617836, 3.94669556618, -3.29295396805, 6.53260040283, -4.51298284531, -2.05309247971, -7.53324222565],
        "cov": [[6340.20996094, -1475.32434082, -102.561981201, 78.379119873, -347.303039551, 41.2753448486, -252.543197632, 7.95038414001, -102.82333374, 39.5482826233, 35.5621299744, 22.7503986359, 37.1277618408], [-1475.32434082, 2021.95825195, -546.666809082, -40.2076835632, -11.3441162109, -248.745407104, 337.556396484, -150.924682617, -36.093536377, 70.6735687256, -2.05899310112, -28.4914531708, -48.9909858704], [-102.561981201, -546.666809082, 683.966552734, 5.91497659683, 98.5671539307, 178.475006104, -125.84690094, 109.161125183, 30.5759296417, -40.1577682495, 22.3036499023, 29.799413681, 47.043548584], [78.379119873, -40.2076835632, 5.91497659683, 211.693634033, 57.7093238831, -16.7560062408, -19.3991413116, 32.6024169922, 27.0593910217, -9.6555223465, -3.57867622375, 39.0730247498, 27.9440364838], [-347.303039551, -11.3441162109, 98.5671539307, 57.7093238831, 225.675231934, 30.460521698, -34.3015174866, 19.0658817291, 55.0558280945, 5.54407644272, 3.55926799774, 14.2799682617, 18.2944507599], [41.2753448486, -248.745407104, 178.475006104, -16.7560062408, 30.460521698, 257.027709961, -27.9725894928, 66.0285949707, 35.6760597229, -1.77164149284, 40.5455665588, -8.12921237946, 5.31092596054], [-252.543197632, 337.556396484, -125.84690094, -19.3991413116, -34.3015174866, -27.9725894928, 224.821365356, -1.72743582726, -9.82815074921, 35.5820655823, 2.22791790962, 7.92717075348, -7.41719913483], [7.95038414001, -150.924682617, 109.161125183, 32.6024169922, 19.0658817291, 66.0285949707, -1.72743582726, 146.100036621, 54.1530189514, -14.8583536148, 13.2733802795, 19.3887729645, 28.6336040497], [-102.82333374, -36.093536377, 30.5759296417, 27.0593910217, 55.0558280945, 35.6760597229, -9.82815074921, 54.1530189514, 146.948730469, 26.3045005798, 11.3181409836, 27.9570674896, 12.8192558289], [39.5482826233, 70.6735687256, -40.1577682495, -9.6555223465, 5.54407644272, -1.77164149284, 35.5820655823, -14.8583536148, 26.3045005798, 110.752792358, 31.6534690857, 5.31840372086, 4.53447914124], [35.5621299744, -2.05899310112, 22.3036499023, -3.57867622375, 3.55926799774, 40.5455665588, 2.22791790962, 13.2733802795, 11.3181409836, 31.6534690857, 98.8604354858, 9.0279302597, 16.1182765961], [22.7503986359, -28.4914531708, 29.799413681, 39.0730247498, 14.2799682617, -8.12921237946, 7.92717075348, 19.3887729645, 27.9570674896, 5.31840372086, 9.0279302597, 89.9282989502, 28.4281711578], [37.1277618408, -48.9909858704, 47.043548584, 27.9440364838, 18.2944507599, 5.31092596054, -7.41719913483, 28.6336040497, 12.8192558289, 4.53447914124, 16.1182765961, 28.4281711578, 72.6331329346]],
