{
"lowlevel": {
    "average_loudness": 0.966819941998,
    "barkbands_crest": {
        "dmean": 3.59399437904,
        "dmean2": 5.64935827255,
        "dvar": 10.6973905563,
        "dvar2": 25.2958946228,
        "max": 24.8883075714,
        "mean": 12.4048461914,
        "median": 11.715294838,
        "min": 2.88119626045,
        "var": 30.0921401978
    },
    "barkbands_flatness_db": {
        "dmean": 0.0330737866461,
        "dmean2": 0.0496735908091,
        "dvar": 0.000918181613088,
        "dvar2": 0.00199591903947,
        "max": 0.349127799273,
        "mean": 0.169773846865,
        "median": 0.164995476604,
        "min": 0.0687083378434,
        "var": 0.00265027140267
    },
    "barkbands_kurtosis": {
        "dmean": 5.42347478867,
        "dmean2": 8.24564266205,
        "dvar": 84.3791656494,
        "dvar2": 165.65562439,
        "max": 124.087051392,
        "mean": 7.02794027328,
        "median": 2.0263171196,
        "min": -1.82694101334,
        "var": 174.406280518
    },
    "barkbands_skewness": {
        "dmean": 0.885083258152,
        "dmean2": 1.2994966507,
        "dvar": 0.859806001186,
        "dvar2": 1.59895193577,
        "max": 10.4834251404,
        "mean": 1.9872200489,
        "median": 1.51602458954,
        "min": -1.66257786751,
        "var": 3.02079391479
    },
    "barkbands_spread": {
        "dmean": 9.4149017334,
        "dmean2": 14.3440027237,
        "dvar": 88.6951599121,
        "dvar2": 189.754516602,
        "max": 98.8354949951,
        "mean": 25.6227760315,
        "median": 22.9801692963,
        "min": 2.52048993111,
        "var": 212.417953491
    },
    "dissonance": {
        "dmean": 0.0204617548734,
        "dmean2": 0.0342106260359,
        "dvar": 0.000366204621969,
        "dvar2": 0.000950956193265,
        "max": 0.499988853931,
        "mean": 0.46436303854,
        "median": 0.470239639282,
        "min": 0.330368936062,
        "var": 0.000657404423691
    },
    "dynamic_complexity": 2.87871313095,
    "erbbands_crest": {
        "dmean": 3.06560659409,
        "dmean2": 5.0620508194,
        "dvar": 8.4347448349,
        "dvar2": 20.5341300964,
        "max": 29.3181285858,
        "mean": 8.48726272583,
        "median": 7.22038888931,
        "min": 2.33056998253,
        "var": 18.9576282501
    },
    "erbbands_flatness_db": {
        "dmean": 0.0226572342217,
        "dmean2": 0.0332055613399,
        "dvar": 0.000478969624965,
        "dvar2": 0.000904221553355,
        "max": 0.340805411339,
        "mean": 0.163292273879,
        "median": 0.155318275094,
        "min": 0.0873197391629,
        "var": 0.00194516032934
    },
    "erbbands_kurtosis": {
        "dmean": 1.07306087017,
        "dmean2": 1.73490583897,
        "dvar": 2.33856368065,
        "dvar2": 5.7613286972,
        "max": 23.4168739319,
        "mean": 0.345158517361,
        "median": -0.21634888649,
        "min": -1.7424724102,
        "var": 3.73228049278
    },
    "erbbands_skewness": {
        "dmean": 0.393782883883,
        "dmean2": 0.604058504105,
        "dvar": 0.120674081147,
        "dvar2": 0.279925256968,
        "max": 3.25764560699,
        "mean": 0.374019622803,
        "median": 0.349158614874,
        "min": -1.66590631008,
        "var": 0.419241726398
    },
    "erbbands_spread": {
        "dmean": 14.883231163,
        "dmean2": 22.7727622986,
        "dvar": 215.51953125,
        "dvar2": 542.743835449,
        "max": 167.365371704,
        "mean": 50.2177047729,
        "median": 45.8087387085,
        "min": 4.74814224243,
        "var": 575.79119873
    },
    "hfc": {
        "dmean": 12.3432693481,
        "dmean2": 18.0221767426,
        "dvar": 249.993713379,
        "dvar2": 534.479125977,
        "max": 141.385681152,
        "mean": 27.8714256287,
        "median": 22.1101036072,
        "min": 0.000513491453603,
        "var": 519.861938477
    },
    "melbands_crest": {
        "dmean": 4.69446325302,
        "dmean2": 6.78179311752,
        "dvar": 23.6169776917,
        "dvar2": 40.2640037537,
        "max": 38.0135765076,
        "mean": 18.5738010406,
        "median": 16.5691356659,
        "min": 2.60153889656,
        "var": 84.7602920532
    },
    "melbands_flatness_db": {
        "dmean": 0.040806658566,
        "dmean2": 0.0595440156758,
        "dvar": 0.00160968420096,
        "dvar2": 0.00320283626206,
        "max": 0.419856995344,
        "mean": 0.187642380595,
        "median": 0.181361764669,
        "min": 0.015142117627,
        "var": 0.00616620667279
    },
    "melbands_kurtosis": {
        "dmean": 21.2134056091,
        "dmean2": 32.6608810425,
        "dvar": 1739.56005859,
        "dvar2": 3673.31738281,
        "max": 706.172241211,
        "mean": 32.6686782837,
        "median": 10.6072664261,
        "min": -1.53966224194,
        "var": 3544.70703125
    },
    "melbands_skewness": {
        "dmean": 1.47734045982,
        "dmean2": 2.21233391762,
        "dvar": 3.17657184601,
        "dvar2": 6.33362770081,
        "max": 23.6613063812,
        "mean": 3.88645029068,
        "median": 2.83270263672,
        "min": -0.948123276234,
        "var": 10.4092216492
    },
    "melbands_spread": {
        "dmean": 12.2547206879,
        "dmean2": 18.7558307648,
        "dvar": 249.268157959,
        "dvar2": 481.202819824,
        "max": 179.608825684,
        "mean": 26.9138813019,
        "median": 20.9368572235,
        "min": 1.13025832176,
        "var": 590.144714355
    },
    "pitch_salience": {
        "dmean": 0.102823965251,
        "dmean2": 0.154395446181,
        "dvar": 0.010586165823,
        "dvar2": 0.0222278218716,
        "max": 0.880558848381,
        "mean": 0.451932936907,
        "median": 0.469781279564,
        "min": 0.0579477660358,
        "var": 0.031303152442
    },
    "silence_rate_20dB": {
        "dmean": 0,
        "dmean2": 0,
        "dvar": 0,
        "dvar2": 0,
        "max": 1,
        "mean": 1,
        "median": 1,
        "min": 1,
        "var": 0
    },
    "silence_rate_30dB": {
        "dmean": 0.103020913899,
        "dmean2": 0.206121653318,
        "dvar": 0.0924099758267,
        "dvar2": 0.169832378626,
        "max": 1,
        "mean": 0.807200908661,
        "median": 1,
        "min": 0,
        "var": 0.155627802014
    },
    "silence_rate_60dB": {
        "dmean": 0.0348566994071,
        "dmean2": 0.0697404071689,
        "dvar": 0.0336415842175,
        "dvar2": 0.0765008106828,
        "max": 1,
        "mean": 0.0503290742636,
        "median": 0,
        "min": 0,
        "var": 0.0477960817516
    },
    "spectral_centroid": {
        "dmean": 381.350402832,
        "dmean2": 597.663818359,
        "dvar": 133987.6875,
        "dvar2": 303051.84375,
        "max": 4251.52880859,
        "mean": 1602.01794434,
        "median": 1518.50085449,
        "min": 347.951049805,
        "var": 388409.21875
    },
    "spectral_complexity": {
        "dmean": 4.18048048019,
        "dmean2": 6.47772169113,
        "dvar": 22.547700882,
        "dvar2": 45.5955619812,
        "max": 47,
        "mean": 17.2508716583,
        "median": 16,
        "min": 0,
        "var": 65.1139526367
    },
    "spectral_decrease": {
        "dmean": 6.29888186054e-09,
        "dmean2": 8.79608119675e-09,
        "dvar": 8.87530783603e-17,
        "dvar2": 1.50534682151e-16,
        "max": -9.01418859261e-13,
        "mean": -1.34003057539e-08,
        "median": -6.54722542848e-09,
        "min": -8.09235558563e-08,
        "var": 2.43112431906e-16
    },
    "spectral_energy": {
        "dmean": 0.0245197992772,
        "dmean2": 0.0339911654592,
        "dvar": 0.00128375610802,
        "dvar2": 0.0021532617975,
        "max": 0.308258831501,
        "mean": 0.0531039237976,
        "median": 0.0268938615918,
        "min": 3.44871978086e-06,
        "var": 0.00360263255425
    },
    "spectral_energyband_high": {
        "dmean": 0.00106062518898,
        "dmean2": 0.0015065689804,
        "dvar": 1.73672776782e-06,
        "dvar2": 3.42944144904e-06,
        "max": 0.00977024063468,
        "mean": 0.00175411929376,
        "median": 0.00104013760574,
        "min": 1.76803105489e-08,
        "var": 3.32622312271e-06
    },
    "spectral_energyband_low": {
        "dmean": 0.0203782953322,
        "dmean2": 0.0299728345126,
        "dvar": 0.00135925342329,
        "dvar2": 0.00246273702942,
        "max": 0.299345523119,
        "mean": 0.0368414185941,
        "median": 0.00953132752329,
        "min": 1.89483717605e-09,
        "var": 0.00309614324942
    },
    "spectral_energyband_middle_high": {
        "dmean": 0.00326812802814,
        "dmean2": 0.00569247920066,
        "dvar": 3.7074318243e-05,
        "dvar2": 0.000107130574179,
        "max": 0.0477638952434,
        "mean": 0.0057226633653,
        "median": 0.00306052854285,
        "min": 1.12238630834e-07,
        "var": 4.56097877759e-05
    },
    "spectral_energyband_middle_low": {
        "dmean": 0.00564116146415,
        "dmean2": 0.00871023815125,
        "dvar": 7.60587718105e-05,
        "dvar2": 0.000180561299203,
        "max": 0.098723359406,
        "mean": 0.00955739244819,
        "median": 0.00526121351868,
        "min": 2.50419844861e-07,
        "var": 0.000152441760292
    },
    "spectral_entropy": {
        "dmean": 0.191668972373,
        "dmean2": 0.286060452461,
        "dvar": 0.0289216879755,
        "dvar2": 0.0660929530859,
        "max": 8.63000011444,
        "mean": 7.92649364471,
        "median": 7.92604017258,
        "min": 6.91535568237,
        "var": 0.0849433243275
    },
    "spectral_flux": {
        "dmean": 0.0573698543012,
        "dmean2": 0.0829869061708,
        "dvar": 0.00406681606546,
        "dvar2": 0.00737630855292,
        "max": 0.48789870739,
        "mean": 0.123292140663,
        "median": 0.0905575305223,
        "min": 0.00185707292985,
        "var": 0.00911624450237
    },
    "spectral_kurtosis": {
        "dmean": 0.923296749592,
        "dmean2": 1.40741145611,
        "dvar": 0.985669255257,
        "dvar2": 2.33671021461,
        "max": 15.0470523834,
        "mean": 1.11812639236,
        "median": 0.912065267563,
        "min": -1.25014770031,
        "var": 1.82780838013
    },
    "spectral_rms": {
        "dmean": 0.00154965242837,
        "dmean2": 0.00208016647957,
        "dvar": 3.55960332854e-06,
        "dvar2": 4.9196346481e-06,
        "max": 0.0173418670893,
        "mean": 0.00614499486983,
        "median": 0.00512229604647,
        "min": 5.80052110308e-05,
        "var": 1.40476213346e-05
    },
    "spectral_rolloff": {
        "dmean": 994.045776367,
        "dmean2": 1603.43261719,
        "dvar": 2156630.75,
        "dvar2": 4160976.5,
        "max": 9496.14257812,
        "mean": 1876.99768066,
        "median": 1248.92578125,
        "min": 43.06640625,
        "var": 4927698
    },
    "spectral_skewness": {
        "dmean": 0.221715077758,
        "dmean2": 0.32372033596,
        "dvar": 0.0353872850537,
        "dvar2": 0.0762097388506,
        "max": 3.30482077599,
        "mean": 1.08397948742,
        "median": 1.10183846951,
        "min": 0.109623871744,
        "var": 0.111135296524
    },
    "spectral_spread": {
        "dmean": 778838.3125,
        "dmean2": 1102952.5,
        "dvar": 532939931648,
        "dvar2": 1.0522745897e+12,
        "max": 10853638,
        "mean": 6305684,
        "median": 6240991.5,
        "min": 3309461.5,
        "var": 2.02120088781e+12
    },
    "spectral_strongpeak": {
        "dmean": 0.519872248173,
        "dmean2": 0.880656182766,
        "dvar": 0.659579217434,
        "dvar2": 1.66016364098,
        "max": 8.83083629608,
        "mean": 0.88377392292,
        "median": 0.539337873459,
        "min": 0,
        "var": 1.06822288036
    },
    "zerocrossingrate": {
        "dmean": 0.0202714260668,
        "dmean2": 0.022313375026,
        "dvar": 0.000373318558559,
        "dvar2": 0.000399486278184,
        "max": 0.283203125,
        "mean": 0.0778163000941,
        "median": 0.06787109375,
        "min": 0.0048828125,
        "var": 0.00236263684928
    },
    "barkbands": {
        "dmean": [0.00371920317411, 0.0174634568393, 0.00552497850731, 0.00193903618492, 0.00159245438408, 0.000874987978023, 0.00135873944964, 0.000628505949862, 0.00112856260967, 0.000449964223662, 0.000455742963823, 0.00112082075793, 0.000846382812597, 0.000516756204888, 0.000438649498392, 0.000245507690124, 0.000142049451824, 0.000193604690139, 0.000185658063856, 0.000111339111754, 0.000160169263836, 0.000258916930761, 0.000217433640501, 0.00035754890996, 0.000163835298736, 1.26065259565e-07, 2.14296536072e-09],
        "dmean2": [0.00466114282608, 0.0265763048083, 0.0102959377691, 0.0034506644588, 0.0025244532153, 0.00144308444578, 0.00206545274705, 0.0010410923278, 0.00177107902709, 0.000781108159572, 0.000810904370155, 0.00188410002738, 0.00142043537926, 0.00087152782362, 0.000746171921492, 0.000448184291599, 0.000238648572122, 0.000339366437402, 0.00034277967643, 0.000190593287698, 0.000253798090853, 0.00041241873987, 0.000305831665173, 0.000534773513209, 0.000234206396271, 2.00140689799e-07, 3.94148225169e-09],
        "dvar": [5.33250859007e-05, 0.00110046227928, 0.000253507547313, 2.19942157855e-05, 2.43352933467e-05, 2.61253921963e-06, 6.37840548734e-06, 1.64283699178e-06, 7.77719014877e-06, 1.20831612094e-06, 9.68251811173e-07, 6.09212656855e-06, 3.23600534102e-06, 1.02533374502e-06, 6.60342607262e-07, 3.97065605284e-07, 3.53104425699e-08, 1.57199352202e-07, 3.74833490469e-07, 4.17301002642e-08, 4.20285140024e-08, 1.81774908015e-07, 5.20861860309e-08, 2.72436665227e-07, 6.32151682112e-08, 3.13473680065e-14, 1.7639467744e-17],
        "dvar2": [6.55912881484e-05, 0.00239608879201, 0.000726293132175, 6.23903324595e-05, 5.34247919859e-05, 6.26823975836e-06, 1.22147603179e-05, 4.28614112025e-06, 1.70726034412e-05, 2.94681808555e-06, 2.76930290966e-06, 1.60141025844e-05, 8.38298637973e-06, 2.78434572465e-06, 1.81958978374e-06, 1.18407297123e-06, 9.46923037759e-08, 4.46092826678e-07, 1.09310997232e-06, 1.14298181586e-07, 9.90077708707e-08, 4.72237786653e-07, 1.1440067027e-07, 5.55525957679e-07, 1.03565433562e-07, 5.98036634862e-14, 5.09854938987e-17],
        "max": [0.0617620833218, 0.272185027599, 0.0984245911241, 0.0473909676075, 0.0669874027371, 0.0296593382955, 0.0598554722965, 0.0243499968201, 0.0551671162248, 0.0342650823295, 0.0117250783369, 0.0321405977011, 0.0237863361835, 0.00995385460556, 0.0100818788633, 0.00591291021556, 0.00235026911832, 0.00314959301613, 0.00521093513817, 0.0016328888014, 0.00140626425855, 0.00313310953788, 0.00274513289332, 0.00466514378786, 0.00263869669288, 1.76359924353e-06, 6.30740473184e-08],
        "mean": [0.00524476729333, 0.0270012859255, 0.00388812506571, 0.00157365016639, 0.00170317129232, 0.00128506904002, 0.00226027006283, 0.000812268001027, 0.00180055119563, 0.000488155026687, 0.000504888244905, 0.00142815080471, 0.0011717985617, 0.000606524816249, 0.000571511918679, 0.000252547964919, 0.000236227002461, 0.000271561759291, 0.000170352606801, 0.000149442566908, 0.000222456699703, 0.000316514866427, 0.000320523016853, 0.000536072242539, 0.000287816365017, 1.84808016002e-07, 1.70410596745e-09],
        "median": [0.000113583424536, 0.00542150437832, 0.000268418691121, 9.27779474296e-05, 0.000260973989498, 0.000572900869884, 0.000821497291327, 0.000223321534577, 0.000420565978857, 0.000159746676218, 0.000201405156986, 0.000455561035778, 0.000297599268379, 0.000169721475686, 0.000203061586944, 8.34813617985e-05, 0.000154233071953, 0.000145066791447, 6.92084868206e-05, 8.78759237821e-05, 0.0001442097564, 0.000162520111189, 0.000212902348721, 0.000245461706072, 0.000139691343065, 7.96556989258e-08, 4.99171204371e-10],
        "min": [4.57937771037e-10, 5.68576186133e-10, 4.4256862064e-10, 9.29517240955e-10, 1.67821223584e-08, 2.68212598797e-08, 4.05969302619e-08, 1.28870816241e-08, 5.22279641757e-09, 4.8503538963e-09, 2.09914592375e-08, 1.24295613801e-08, 3.16644168663e-08, 1.31561606054e-08, 1.35519973021e-09, 3.75455400103e-09, 2.46041675922e-09, 1.96092795335e-08, 2.15084972055e-09, 9.56051904311e-10, 2.32038588344e-09, 2.65401034483e-09, 2.09538120188e-09, 6.64003518835e-09, 3.22494164706e-09, 1.07314886144e-11, 1.07683324063e-11],
        "var": [0.000117416027933, 0.00191112421453, 0.000150095758727, 1.72333657247e-05, 2.96501402772e-05, 3.84026770917e-06, 2.24249488383e-05, 2.30389377975e-06, 2.11574988498e-05, 1.68475821738e-06, 8.27256087632e-07, 8.28260272101e-06, 5.12871429237e-06, 1.24885900732e-06, 9.67662231233e-07, 2.89650614604e-07, 6.1024351794e-08, 1.38914515446e-07, 2.10536029499e-07, 3.77500022353e-08, 5.28243297993e-08, 1.70500442209e-07, 1.02293903126e-07, 5.02485249854e-07, 1.60055094511e-07, 6.12590626012e-14, 1.29951587973e-17]
    },
    "erbbands": {
        "dmean": [0.836948692799, 3.17380738258, 6.08809947968, 7.13875722885, 5.70196962357, 5.02422380447, 4.66350317001, 8.25312519073, 16.7409915924, 16.5796813965, 19.9479503632, 20.3358421326, 13.9537668228, 18.8024654388, 17.3608264923, 44.5783119202, 38.2526893616, 28.8302822113, 19.7200050354, 19.2060222626, 10.0174045563, 8.65296459198, 9.19115161896, 9.78865814209, 9.43850040436, 5.144282341, 4.36151456833, 8.18280982971, 8.86242485046, 6.88455247879, 7.50300312042, 5.29973983765, 7.22848749161, 3.34532785416, 0.251420348883, 0.0107449768111, 0.000532512494829, 6.69721193844e-05, 2.33721675613e-05, 3.03111373796e-05],
        "dmean2": [1.24247908592, 5.24310112, 11.0951490402, 12.8682861328, 9.30158805847, 7.88039016724, 7.60843515396, 13.6429643631, 26.6276302338, 25.4704875946, 31.6751041412, 31.3354568481, 23.6718864441, 33.0504493713, 30.0615673065, 75.3695297241, 64.263092041, 49.1120185852, 33.0665664673, 34.0395011902, 17.726228714, 14.5843200684, 15.7687673569, 17.6919441223, 17.3457241058, 8.8928527832, 6.63797664642, 13.3808784485, 14.2599363327, 10.2986726761, 10.6460571289, 7.6848077774, 10.7754220963, 4.74691915512, 0.368582844734, 0.0156316049397, 0.000745723838918, 9.24835840124e-05, 3.04189361486e-05, 4.10325083067e-05],
        "dvar": [2.99081635475, 41.8839607239, 283.271148682, 335.158050537, 245.981719971, 259.281036377, 74.6890411377, 260.630371094, 942.529418945, 1078.1875, 1864.06835938, 2378.62597656, 903.058166504, 1876.35498047, 1469.84472656, 9595.65527344, 6020.89746094, 3172.2578125, 1396.21411133, 1965.24279785, 478.597015381, 123.815879822, 227.768005371, 867.81427002, 747.266845703, 130.082901001, 30.2459220886, 131.891265869, 250.888748169, 87.8735809326, 68.9996185303, 43.8583717346, 128.439056396, 26.233259201, 0.156975343823, 0.000282345659798, 6.41365090814e-07, 9.50887368845e-09, 7.59651230808e-10, 1.61887381278e-09],
        "dvar2": [5.43791675568, 107.303016663, 794.863464355, 946.083984375, 604.385681152, 574.607666016, 181.516616821, 647.249633789, 2186.92163086, 2234.6081543, 4408.70214844, 5225.90820312, 2139.44555664, 5189.5390625, 4132.49365234, 25693.9179688, 15257.2275391, 8758.48632812, 3762.67675781, 5834.98046875, 1396.9251709, 333.811096191, 620.34197998, 2518.30712891, 2176.26879883, 361.0078125, 70.1746292114, 328.249938965, 676.609924316, 196.82434082, 157.868911743, 77.6666717529, 267.178863525, 44.0257339478, 0.291275501251, 0.000508950441144, 1.11408689918e-06, 1.65374256511e-08, 1.16451992493e-09, 2.57503351975e-09],
        "max": [13.0276842117, 50.9542541504, 113.106651306, 161.000854492, 229.345596313, 181.06942749, 108.404144287, 279.279815674, 548.066650391, 697.489929199, 685.590393066, 1069.44067383, 879.561645508, 529.966491699, 408.651306152, 1307.6973877, 881.672851562, 593.76361084, 746.435668945, 402.466888428, 204.85295105, 170.094207764, 157.329879761, 234.088150024, 231.510040283, 82.8300247192, 55.4020881653, 87.4342422485, 124.863739014, 58.0732498169, 106.746238708, 101.496002197, 100.945762634, 50.2797355652, 5.63559913635, 0.231494352221, 0.0100258514285, 0.00109797727782, 0.00029788777465, 0.000340147293173],
        "mean": [1.28831291199, 3.96493911743, 5.06975078583, 5.42919683456, 5.77769184113, 5.26252365112, 6.2321305275, 11.7614822388, 26.2013225555, 27.5479011536, 30.055065155, 33.6909713745, 17.8106021881, 21.7399463654, 21.8959960938, 59.4511833191, 58.530002594, 36.5560188293, 28.0655155182, 22.2842025757, 13.3069849014, 14.7242202759, 14.2139587402, 11.1630020142, 9.3549118042, 6.10075902939, 7.01380729675, 9.93437004089, 10.4162864685, 9.86676597595, 10.3803253174, 8.58284282684, 10.6343803406, 5.86222362518, 0.434929817915, 0.01893106848, 0.00095527281519, 0.000119817384984, 4.97139590152e-05, 6.74299008097e-05],
        "median": [0.114639021456, 0.961939513683, 0.761493444443, 0.384996592999, 0.468824714422, 0.944905698299, 2.27382230759, 5.76204299927, 10.812420845, 9.34571933746, 8.01904201508, 8.39239406586, 7.24037837982, 9.39145088196, 6.76079559326, 18.7064189911, 16.9166793823, 11.7134933472, 9.02359676361, 8.47515487671, 5.50408983231, 10.0332527161, 8.29858398438, 5.29410552979, 4.80669546127, 3.00284862518, 4.22724151611, 6.10682296753, 5.15040397644, 5.71314573288, 6.79514503479, 4.96945810318, 4.78365802765, 2.94316530228, 0.212085723877, 0.00933635607362, 0.000491101120133, 6.13335796515e-05, 3.00280462397e-05, 3.85591010854e-05],
        "min": [6.45508890784e-08, 4.12636808278e-07, 4.1517732825e-06, 3.10701252602e-05, 0.000218153334572, 4.03484336857e-05, 5.03488445247e-05, 0.000312550953822, 0.000692809931934, 0.000411544198869, 0.000164304976352, 0.000119383279525, 0.000135835056426, 0.000300777610391, 0.000783777271863, 0.000650196510833, 0.00131842610426, 0.00105204165448, 0.000228554374189, 0.000169525388628, 0.000138908348163, 0.000157854854479, 0.00110111373942, 0.000348453933839, 7.77991153882e-05, 5.1908664318e-05, 7.84505464253e-05, 9.0823174105e-05, 0.000113458081614, 5.28758573637e-05, 7.96964741312e-05, 8.62869710545e-05, 0.000134713918669, 6.84626284055e-05, 1.9937738216e-06, 1.31912059942e-07, 2.11583746079e-08, 7.61348672995e-09, 3.3868885474e-09, 3.9626857351e-09],
        "var": [5.61878919601, 45.928981781, 182.321807861, 225.420898438, 307.294464111, 276.616729736, 101.74508667, 351.193267822, 2241.64624023, 3200.11352539, 3961.80102539, 7050.78955078, 1554.26391602, 1787.88574219, 1727.07800293, 13055.0351562, 10943.5400391, 3835.42114258, 2439.69091797, 1648.41931152, 456.174346924, 206.862121582, 286.98828125, 519.385620117, 424.390197754, 97.8062973022, 53.4520797729, 137.456039429, 211.286193848, 118.523338318, 121.074356079, 101.906288147, 220.427261353, 64.8153457642, 0.38811019063, 0.000715026690159, 1.64735479302e-06, 2.35865069698e-08, 2.47964315747e-09, 4.96571628261e-09]
    },
    "gfcc": {
        "mean": [0.00255912868306, 74.6336288452, -141.12310791, 45.280921936, -86.6124267578, 40.7085227966, -44.4100608826, 11.2787380219, -4.6903295517, -0.655510365963, 12.1201534271, -8.84384822845, 3.96720933914],
        "cov": [[3487.00195312, 659.398376465, 1043.74902344, 541.236328125, 567.753173828, 633.762207031, 351.975250244, 238.434860229, 92.3857498169, 107.80015564, -109.630386353, -152.854568481, 23.053188324], [659.398376465, 966.932800293, 519.315429688, 373.0987854, 447.444763184, 145.787155151, 261.191467285, 58.0003814697, 106.811058044, -58.1709899902, -16.1549987793, -133.725097656, -44.4780845642], [1043.74902344, 519.315429688, 1342.87536621, 797.266296387, 684.289001465, 613.140014648, 346.693756104, 319.936920166, 166.058380127, 57.7082328796, -74.5168228149, -106.501647949, 5.23403406143], [541.236328125, 373.0987854, 797.266296387, 716.34362793, 508.352966309, 351.268676758, 253.60774231, 144.263427734, 105.581962585, -10.2616901398, -77.8354644775, -67.7785110474, -0.59464931488], [567.753173828, 447.444763184, 684.289001465, 508.352966309, 646.189208984, 449.905731201, 304.019470215, 241.636688232, 162.386032104, 45.5498580933, -3.48059082031, -60.3284111023, 20.7537326813], [633.762207031, 145.787155151, 613.140014648, 351.268676758, 449.905731201, 534.370300293, 318.035003662, 251.800033569, 113.012504578, 86.3612670898, 14.4590263367, -12.3790616989, 18.3725471497], [351.975250244, 261.191467285, 346.693756104, 253.60774231, 304.019470215, 318.035003662, 349.37902832, 178.623504639, 95.2150497437, 34.8409805298, 43.0348320007, -14.6004781723, -6.39869022369], [238.434860229, 58.0003814697, 319.936920166, 144.263427734, 241.636688232, 251.800033569, 178.623504639, 269.063842773, 145.834014893, 96.7016601562, 23.7867851257, -8.07357978821, 24.6903324127], [92.3857498169, 106.811058044, 166.058380127, 105.581962585, 162.386032104, 113.012504578, 95.2150497437, 145.834014893, 222.077728271, 111.533111572, 44.7116165161, -0.547831535339, 38.9854393005], [107.80015564, -58.1709899902, 57.7082328796, -10.2616901398, 45.5498580933, 86.3612670898, 34.8409805298, 96.7016601562, 111.533111572, 155.936981201, 98.5105743408, 53.3733673096, 35.6298789978], [-109.630386353, -16.1549987793, -74.5168228149, -77.8354644775, -3.48059082031, 14.4590263367, 43.0348320007, 23.7867851257, 44.7116165161, 98.5105743408, 176.576171875, 113.339393616, 26.9547748566], [-152.854568481, -133.725097656, -106.501647949, -67.7785110474, -60.3284111023, -12.3790616989, -14.6004781723, -8.07357978821, -0.547831535339, 53.3733673096, 113.339393616, 137.336746216, 56.5155601501], [23.053188324, -44.4780845642, 5.23403406143, -0.59464931488, 20.7537326813, 18.3725471497, -6.39869022369, 24.6903324127, 38.9854393005, 35.6298789978, 26.9547748566, 56.5155601501, 85.8581008911]],
        "icov": [[0.000530806311872, -0.000643867708277, 6.46279804641e-05, -0.000194412263227, 0.000636045529973, -0.00105681770947, 0.000327567977365, -4.29815263487e-05, 0.000631008122582, -0.00105570489541, 0.000520125438925, 0.00037852031528, -0.000633055577055], [-0.000643867708277, 0.00540516944602, -0.00344258686528, 0.00374024524353, -0.00631263200194, 0.0078157922253, -0.00608019158244, 0.00444033881649, -0.00209198263474, 0.00122710491996, -0.000127946434077, 0.00019625951245, 0.00168377591763], [6.46279804641e-05, -0.00344258686528, 0.00695940013975, -0.00746686710045, 0.00599312642589, -0.00909134652466, 0.00737398955971, -0.00605142116547, 0.00169100577477, 0.00201262766495, -0.0054934178479, 0.00572099210694, -0.00313440477476], [-0.000194412263227, 0.00374024524353, -0.00746686710045, 0.0125448154286, -0.0106985708699, 0.0109014865011, -0.00996865238994, 0.00843794737011, -0.00258111720905, -0.00412635179237, 0.0121357366443, -0.0114347208291, 0.00621698470786], [0.000636045529973, -0.00631263200194, 0.00599312642589, -0.0106985708699, 0.0176889356226, -0.0164405740798, 0.0110504915938, -0.00886124465615, 0.000639524019789, 0.00632061949, -0.0122375078499, 0.0118710594252, -0.00815185252577], [-0.00105681770947, 0.0078157922253, -0.00909134652466, 0.0109014865011, -0.0164405740798, 0.0254041496664, -0.0175649002194, 0.00754060968757, 7.3656818131e-05, -0.00815394334495, 0.0132428435609, -0.0123833632097, 0.00736681325361], [0.000327567977365, -0.00608019158244, 0.00737398955971, -0.00996865238994, 0.0110504915938, -0.0175649002194, 0.0199019704014, -0.0106288529932, 0.000436550122686, 0.00905846059322, -0.0144105739892, 0.0101156430319, -0.00422079302371], [-4.29815263487e-05, 0.00444033881649, -0.00605142116547, 0.00843794737011, -0.00886124465615, 0.00754060968757, -0.0106288529932, 0.0170273054391, -0.00499374372885, -0.00632101483643, 0.00943884812295, -0.00650677224621, 0.00378921581432], [0.000631008122582, -0.00209198263474, 0.00169100577477, -0.00258111720905, 0.000639524019789, 7.3656818131e-05, 0.000436550122686, -0.00499374372885, 0.0133187277243, -0.00903919059783, -0.000133045308758, 0.00463315704837, -0.00538033572957], [-0.00105570489541, 0.00122710491996, 0.00201262766495, -0.00412635179237, 0.00632061949, -0.00815394334495, 0.00905846059322, -0.00632101483643, -0.00903919059783, 0.0291731636971, -0.0228075645864, 0.0117140198126, -0.00507465004921], [0.000520125438925, -0.000127946434077, -0.0054934178479, 0.0121357366443, -0.0122375078499, 0.0132428435609, -0.0144105739892, 0.00943884812295, -0.000133045308758, -0.0228075645864, 0.0441967919469, -0.0375466160476, 0.0169136170298], [0.00037852031528, 0.00019625951245, 0.00572099210694, -0.0114347208291, 0.0118710594252, -0.0123833632097, 0.0101156430319, -0.00650677224621, 0.00463315704837, 0.0117140198126, -0.0375466160476, 0.04818373546, -0.0249164476991], [-0.000633055577055, 0.00168377591763, -0.00313440477476, 0.00621698470786, -0.00815185252577, 0.00736681325361, -0.00422079302371, 0.00378921581432, -0.00538033572957, -0.00507465004921, 0.0169136170298, -0.0249164476991, 0.0275534335524]]
    },
    "melbands": {
        "dmean": [0.00579499546438, 0.00328221078962, 0.00116130895913, 0.000427659862908, 0.000150452702655, 0.000179823255166, 0.00026527949376, 0.000162849653861, 0.000197677320102, 0.000124500147649, 7.00910386513e-05, 7.54517677706e-05, 5.46312403458e-05, 9.04471235117e-05, 0.000145362937474, 6.88974323566e-05, 5.34769314982e-05, 3.07142872771e-05, 3.58772267646e-05, 2.1424915758e-05, 9.92436434899e-06, 1.0159966223e-05, 7.28763870939e-06, 9.4616689239e-06, 8.04338196758e-06, 8.04810952104e-06, 5.06155402036e-06, 3.40253291142e-06, 2.14914666685e-06, 4.85924692839e-06, 4.66265373689e-06, 5.14249359185e-06, 5.3901994761e-06, 3.08902394863e-06, 4.19699063059e-06, 4.082166015e-06, 3.2323873711e-06, 5.17497846886e-06, 5.01735394209e-06, 2.17699061977e-06],
        "dmean2": [0.00874632038176, 0.00552287464961, 0.00207263347693, 0.000680982193444, 0.000242117006565, 0.000295245030429, 0.000412936904468, 0.000254329497693, 0.000308776827296, 0.000194802341866, 0.000119170006656, 0.000132072585984, 9.68644380919e-05, 0.000150337204104, 0.000249077420449, 0.000113713700557, 9.14881165954e-05, 5.09979581693e-05, 6.10991337453e-05, 3.96075811295e-05, 1.72260370164e-05, 1.7156062313e-05, 1.246296506e-05, 1.65073925018e-05, 1.45063077071e-05, 1.49516554302e-05, 8.98450707609e-06, 5.88060493101e-06, 3.37242477144e-06, 7.74273212301e-06, 7.75296211941e-06, 8.7299340521e-06, 8.22301353764e-06, 4.58959129901e-06, 6.11566065345e-06, 5.78053368372e-06, 4.83608573631e-06, 7.80199843575e-06, 7.29076327843e-06, 3.18697607327e-06],
        "dvar": [0.000132461937028, 5.87780632486e-05, 8.30808130559e-06, 1.84824136795e-06, 8.54477804069e-08, 1.12945087949e-07, 2.32186891935e-07, 1.05333477052e-07, 2.2863224558e-07, 7.93098351437e-08, 2.32866526062e-08, 3.03568583604e-08, 1.48264556188e-08, 5.55710464312e-08, 9.50961265289e-08, 1.77833232584e-08, 1.21299104094e-08, 3.82836828905e-09, 4.52951454122e-09, 3.50978734964e-09, 3.43490569321e-10, 1.65469374314e-10, 1.29873028998e-10, 3.62155944122e-10, 5.71984237752e-10, 7.97884258663e-10, 9.24067627972e-11, 5.71669725447e-11, 9.10051634745e-12, 3.90644600001e-11, 6.04762767642e-11, 1.11613461529e-10, 5.41786962516e-11, 1.72761544653e-11, 2.59748091092e-11, 1.77371260041e-11, 1.89142139451e-11, 5.73182161456e-11, 7.47169340287e-11, 1.06433716007e-11],
        "dvar2": [0.000256005849224, 0.000153759130626, 2.34764320339e-05, 4.2359129111e-06, 2.06670165426e-07, 2.75340738654e-07, 4.92710228173e-07, 2.30931121337e-07, 5.17908404163e-07, 1.81593890147e-07, 5.43538334341e-08, 8.31242132904e-08, 4.28913047301e-08, 1.39580151881e-07, 2.55367098134e-07, 4.18758041576e-08, 3.34891652187e-08, 1.02330561802e-08, 1.25030972242e-08, 1.0557314134e-08, 9.53603085385e-10, 4.43198699962e-10, 3.44450190592e-10, 1.00837016515e-09, 1.65534430607e-09, 2.33767316615e-09, 2.62834115583e-10, 1.57146115565e-10, 2.09100323861e-11, 9.91398699246e-11, 1.59657537191e-10, 3.11175279988e-10, 1.24726701189e-10, 3.79261448635e-11, 6.22061846478e-11, 3.44167749855e-11, 3.61512937641e-11, 1.18719908904e-10, 1.43712347578e-10, 1.81293920848e-11],
        "max": [0.0933198183775, 0.0523248463869, 0.0240049641579, 0.0185045748949, 0.00317169958726, 0.00589506002143, 0.0101358657703, 0.00620852457359, 0.00787052605301, 0.0057922215201, 0.00458749802783, 0.00249319244176, 0.00134773598984, 0.00374925369397, 0.00489982636645, 0.00201883492991, 0.0012198605109, 0.00141464278568, 0.000942550774198, 0.000537027895916, 0.000167009391589, 0.000189330792637, 0.000145009587868, 0.000162531781825, 0.000188700505532, 0.000244069466135, 7.22835247871e-05, 5.56708982913e-05, 4.80573216919e-05, 4.70069244329e-05, 6.6051412432e-05, 8.44257592689e-05, 4.892384095e-05, 3.02358730551e-05, 6.96808347129e-05, 5.20376015629e-05, 6.84267215547e-05, 6.25980392215e-05, 8.5296756879e-05, 3.24892935168e-05],
        "mean": [0.009322126396, 0.00353362993337, 0.0009340334218, 0.000435462308815, 0.000198108624318, 0.000262596207904, 0.000436169939348, 0.000265287060756, 0.00029694812838, 0.000201966802706, 8.50556389196e-05, 8.52609882713e-05, 6.53901006444e-05, 0.000111960034701, 0.000205873919185, 9.55595387495e-05, 6.24648455414e-05, 4.02528712584e-05, 4.60602677776e-05, 1.97334629775e-05, 1.35921582114e-05, 1.62640353665e-05, 1.10726887215e-05, 1.31842498376e-05, 8.54270547279e-06, 6.77828893458e-06, 6.07899028182e-06, 3.67272332369e-06, 3.63796129932e-06, 6.19660522716e-06, 5.19816103406e-06, 5.36336574442e-06, 7.11156553734e-06, 4.50318520961e-06, 5.61104161534e-06, 5.83709197599e-06, 5.1826100389e-06, 7.31477848603e-06, 7.82290408097e-06, 3.98219981435e-06],
        "median": [0.00139601621777, 0.000912976451218, 6.72710739309e-05, 4.96315115015e-05, 7.59888062021e-05, 0.000126271290355, 0.000179545735591, 8.49350180943e-05, 6.37246994302e-05, 5.11692560394e-05, 3.18118181895e-05, 3.53320428985e-05, 2.18564946408e-05, 3.12699521601e-05, 5.88992988924e-05, 2.56007897406e-05, 1.76188896148e-05, 1.03457305158e-05, 1.81797222467e-05, 5.56689428777e-06, 5.40891142009e-06, 1.11697372631e-05, 6.43417843094e-06, 6.31678040008e-06, 3.81641666536e-06, 2.4762580324e-06, 3.86651299777e-06, 1.4526178802e-06, 2.03836702894e-06, 3.90057084587e-06, 2.92035952043e-06, 2.32261527344e-06, 3.95918186769e-06, 2.54615997619e-06, 3.51222047357e-06, 3.90844661524e-06, 2.58183899859e-06, 3.17041190101e-06, 3.63508752343e-06, 2.00805948225e-06],
        "min": [2.22334053945e-10, 1.64033869821e-10, 2.45727971304e-09, 7.19388548731e-09, 1.65219760095e-09, 6.93800750184e-09, 9.7079064787e-09, 4.04332389792e-09, 1.28395005738e-09, 6.2711141835e-10, 6.77379374814e-10, 1.04206498985e-09, 2.90389357005e-09, 1.16867315825e-09, 2.56151566624e-09, 3.16879944506e-09, 1.69573310949e-09, 4.0908609833e-10, 8.86206524831e-11, 3.54138329772e-10, 1.21415252852e-10, 1.44943640423e-10, 2.42232039982e-10, 1.46459822048e-09, 1.12984961664e-10, 8.30061921975e-11, 2.04453416003e-11, 3.85450907303e-11, 4.2461808375e-11, 6.42245701066e-11, 4.06057895641e-11, 5.58831175779e-11, 6.49639300687e-11, 2.02552506018e-11, 5.01910873973e-11, 3.21992953134e-11, 6.2680596824e-11, 8.65610638723e-11, 1.20427626205e-10, 3.21737254894e-11],
        "var": [0.000251819641562, 5.02178663737e-05, 5.98711221755e-06, 2.11837550523e-06, 1.08402417709e-07, 1.6167930994e-07, 7.03388025158e-07, 2.83722215499e-07, 5.33972922767e-07, 2.2532192645e-07, 4.12722975796e-08, 2.97667170912e-08, 1.39439499947e-08, 6.9662043245e-08, 1.71731343812e-07, 3.39830208418e-08, 1.35805793278e-08, 6.64617605395e-09, 6.32050856098e-09, 2.34984853797e-09, 4.31089608455e-10, 2.67025512812e-10, 1.82983378449e-10, 3.69667435551e-10, 3.43355649468e-10, 4.36234937062e-10, 6.67031777035e-11, 4.54420980012e-11, 1.90406475309e-11, 4.41474704016e-11, 5.26161544889e-11, 7.92078763689e-11, 6.73389261019e-11, 2.48623135968e-11, 3.92483164025e-11, 3.85923931701e-11, 4.1459061878e-11, 9.60676885264e-11, 1.42372655332e-10, 2.8526169274e-11]
    },
    "mfcc": {
        "mean": [-620.438110352, 77.536239624, 13.3736143112, -5.26401329041, 3.44269704819, 4.85473823547, -2.01208925247, 3.18391132355, -2.78800177574, 1.35608208179, 10.1587104797, 12.0087490082, 4.04076910019],
        "cov": [[3083.01635742, 450.920074463, 492.31350708, 205.453598022, 342.689971924, 404.80682373, 338.278503418, 136.448455811, 287.818908691, 238.119873047, 114.007247925, -85.9934310913, -47.6071624756], [450.920074463, 747.40625, 182.956558228, 255.398025513, 231.667282104, 168.447601318, 177.888565063, 133.926742554, 112.823806763, 133.135650635, 92.2742996216, 19.5644168854, -11.5601062775], [492.31350708, 182.956558228, 827.215209961, 417.957733154, 469.044647217, 364.999450684, 321.851196289, 240.280166626, 290.936248779, 193.598632812, 99.7696228027, 53.3729019165, 22.4961967468], [205.453598022, 255.398025513, 417.957733154, 535.001831055, 347.28717041, 266.005340576, 172.817977905, 172.520294189, 172.517532349, 109.621078491, 26.6272125244, 1.46430587769, 9.36740207672], [342.689971924, 231.667282104, 469.044647217, 347.28717041, 561.987243652, 321.14074707, 254.615219116, 208.062759399, 283.661743164, 212.110595703, 97.6513061523, 27.5617198944, 31.4320907593], [404.80682373, 168.447601318, 364.999450684, 266.005340576, 321.14074707, 368.332855225, 279.983673096, 207.535140991, 196.289352417, 141.555648804, 77.6550369263, 32.9626846313, 32.7246780396], [338.278503418, 177.888565063, 321.851196289, 172.817977905, 254.615219116, 279.983673096, 393.126678467, 250.861251831, 183.346481323, 118.276664734, 109.322059631, 51.6170730591, 37.9045066833], [136.448455811, 133.926742554, 240.280166626, 172.520294189, 208.062759399, 207.535140991, 250.861251831, 245.034301758, 177.365661621, 113.233734131, 75.5766296387, 45.8089179993, 32.5040397644], [287.818908691, 112.823806763, 290.936248779, 172.517532349, 283.661743164, 196.289352417, 183.346481323, 177.365661621, 273.804016113, 198.471908569, 89.4705352783, 25.4359474182, 22.0223655701], [238.119873047, 133.135650635, 193.598632812, 109.621078491, 212.110595703, 141.555648804, 118.276664734, 113.233734131, 198.471908569, 219.398361206, 114.674705505, 32.4740486145, 8.83600997925], [114.007247925, 92.2742996216, 99.7696228027, 26.6272125244, 97.6513061523, 77.6550369263, 109.322059631, 75.5766296387, 89.4705352783, 114.674705505, 160.556884766, 90.5006408691, 34.4933509827], [-85.9934310913, 19.5644168854, 53.3729019165, 1.46430587769, 27.5617198944, 32.9626846313, 51.6170730591, 45.8089179993, 25.4359474182, 32.4740486145, 90.5006408691, 144.955413818, 81.7591705322], [-47.6071624756, -11.5601062775, 22.4961967468, 9.36740207672, 31.4320907593, 32.7246780396, 37.9045066833, 32.5040397644, 22.0223655701, 8.83600997925, 34.4933509827, 81.7591705322, 114.914733887]],
