{
"lowlevel": {
    "average_loudness": 0.982820153236,
    "barkbands_crest": {
        "dmean": 2.6443157196,
        "dmean2": 4.36031675339,
        "dvar": 8.44909572601,
        "dvar2": 23.416135788,
        "max": 22.5920906067,
        "mean": 8.67544841766,
        "median": 7.68556118011,
        "min": 2.84099960327,
        "var": 13.7552566528
    },
    "barkbands_flatness_db": {
        "dmean": 0.0193993076682,
        "dmean2": 0.0329490415752,
        "dvar": 0.000533802609425,
        "dvar2": 0.00150951207615,
        "max": 0.274245738983,
        "mean": 0.140850663185,
        "median": 0.136618673801,
        "min": 0.0769125074148,
        "var": 0.00078666897025
    },
    "barkbands_kurtosis": {
        "dmean": 1.77557837963,
        "dmean2": 3.15978908539,
        "dvar": 17.3003196716,
        "dvar2": 49.3299789429,
        "max": 41.8882293701,
        "mean": 0.552959859371,
        "median": -0.368105649948,
        "min": -1.64811992645,
        "var": 11.586016655
    },
    "barkbands_skewness": {
        "dmean": 0.519354939461,
        "dmean2": 0.84308975935,
        "dvar": 0.523446381092,
        "dvar2": 1.39843523502,
        "max": 5.93476104736,
        "mean": 0.898108363152,
        "median": 0.735549807549,
        "min": -0.593997359276,
        "var": 0.660534381866
    },
    "barkbands_spread": {
        "dmean": 5.51165723801,
        "dmean2": 9.03919029236,
        "dvar": 34.953453064,
        "dvar2": 91.9580688477,
        "max": 53.079914093,
        "mean": 29.4033889771,
        "median": 29.6988258362,
        "min": 4.35829496384,
        "var": 59.8423957825
    },
    "dissonance": {
        "dmean": 0.013187202625,
        "dmean2": 0.0226955264807,
        "dvar": 0.000142241537105,
        "dvar2": 0.00038874449092,
        "max": 0.499735623598,
        "mean": 0.476407438517,
        "median": 0.480137318373,
        "min": 0.377937912941,
        "var": 0.000260200293269
    },
    "dynamic_complexity": 1.31029605865,
    "erbbands_crest": {
        "dmean": 2.28613257408,
        "dmean2": 3.70779013634,
        "dvar": 4.52783536911,
        "dvar2": 11.0991201401,
        "max": 22.8173751831,
        "mean": 8.48116779327,
        "median": 7.86370801926,
        "min": 2.61157226562,
        "var": 10.9819231033
    },
    "erbbands_flatness_db": {
        "dmean": 0.0139159094542,
        "dmean2": 0.0209806580096,
        "dvar": 0.000161074800417,
        "dvar2": 0.000358375749784,
        "max": 0.248374193907,
        "mean": 0.177365854383,
        "median": 0.17696107924,
        "min": 0.112498007715,
        "var": 0.000565624621231
    },
    "erbbands_kurtosis": {
        "dmean": 0.578527033329,
        "dmean2": 0.904661118984,
        "dvar": 0.324043601751,
        "dvar2": 0.760600805283,
        "max": 5.20777130127,
        "mean": 0.198158577085,
        "median": 0.00826025009155,
        "min": -1.39099121094,
        "var": 0.910224795341
    },
    "erbbands_skewness": {
        "dmean": 0.275036156178,
        "dmean2": 0.429200917482,
        "dvar": 0.0585081353784,
        "dvar2": 0.14252461493,
        "max": 1.3711284399,
        "mean": -0.132004484534,
        "median": -0.132594272494,
        "min": -1.94405066967,
        "var": 0.251750171185
    },
    "erbbands_spread": {
        "dmean": 6.60080814362,
        "dmean2": 10.4587497711,
        "dvar": 51.8784790039,
        "dvar2": 130.235305786,
        "max": 92.0010604858,
        "mean": 32.4764289856,
        "median": 30.6106719971,
        "min": 10.9219322205,
        "var": 122.065475464
    },
    "hfc": {
        "dmean": 7.06341075897,
        "dmean2": 10.3095817566,
        "dvar": 47.9644622803,
        "dvar2": 98.9917984009,
        "max": 81.3774108887,
        "mean": 33.531955719,
        "median": 33.0518264771,
        "min": 0.000353440205799,
        "var": 165.84803772
    },
    "melbands_crest": {
        "dmean": 3.18158245087,
        "dmean2": 5.07994890213,
        "dvar": 8.70300960541,
        "dvar2": 21.2455196381,
        "max": 28.1571578979,
        "mean": 14.0964899063,
        "median": 13.1729679108,
        "min": 4.08565235138,
        "var": 27.1863498688
    },
    "melbands_flatness_db": {
        "dmean": 0.0251960661262,
        "dmean2": 0.0403526350856,
        "dvar": 0.000952207716182,
        "dvar2": 0.00250828894787,
        "max": 0.344432353973,
        "mean": 0.164122879505,
        "median": 0.156596943736,
        "min": 0.0770201981068,
        "var": 0.00166994193569
    },
    "melbands_kurtosis": {
        "dmean": 5.68647146225,
        "dmean2": 10.0000429153,
        "dvar": 158.751663208,
        "dvar2": 452.019714355,
        "max": 136.081771851,
        "mean": 6.19067382812,
        "median": 3.01908922195,
        "min": -1.25501227379,
        "var": 116.03087616
    },
    "melbands_skewness": {
        "dmean": 0.765099048615,
        "dmean2": 1.25997769833,
        "dvar": 1.17094874382,
        "dvar2": 3.16936898232,
        "max": 9.79895687103,
        "mean": 2.03744745255,
        "median": 1.78779447079,
        "min": -0.0755413249135,
        "var": 1.54099333286
    },
    "melbands_spread": {
        "dmean": 8.1485490799,
        "dmean2": 12.8187007904,
        "dvar": 68.8045043945,
        "dvar2": 169.430557251,
        "max": 70.581451416,
        "mean": 32.5587844849,
        "median": 32.7981948853,
        "min": 2.50865411758,
        "var": 138.252670288
    },
    "pitch_salience": {
        "dmean": 0.0713756158948,
        "dmean2": 0.116908147931,
        "dvar": 0.00483739655465,
        "dvar2": 0.0136380996555,
        "max": 0.827790677547,
        "mean": 0.509297370911,
        "median": 0.509918391705,
        "min": 0.179026499391,
        "var": 0.00989097077399
    },
    "silence_rate_20dB": {
        "dmean": 0,
        "dmean2": 0,
        "dvar": 0,
        "dvar2": 0,
        "max": 1,
        "mean": 1,
        "median": 1,
        "min": 1,
        "var": 0
    },
    "silence_rate_30dB": {
        "dmean": 0.0464756004512,
        "dmean2": 0.0929872170091,
        "dvar": 0.0443149879575,
        "dvar2": 0.122309736907,
        "max": 1,
        "mean": 0.972512602806,
        "median": 1,
        "min": 0,
        "var": 0.0267316773534
    },
    "silence_rate_60dB": {
        "dmean": 0.000774593325332,
        "dmean2": 0.00154978688806,
        "dvar": 0.00077398942085,
        "dvar2": 0.00154736766126,
        "max": 1,
        "mean": 0.00929152127355,
        "median": 0,
        "min": 0,
        "var": 0.00920563563704
    },
    "spectral_centroid": {
        "dmean": 227.583267212,
        "dmean2": 362.270965576,
        "dvar": 47581.2734375,
        "dvar2": 115924.359375,
        "max": 2764.28662109,
        "mean": 1748.9543457,
        "median": 1757.56311035,
        "min": 652.198913574,
        "var": 119211.484375
    },
    "spectral_complexity": {
        "dmean": 4.30286598206,
        "dmean2": 6.46764802933,
        "dvar": 13.5496234894,
        "dvar2": 28.6162166595,
        "max": 55,
        "mean": 31.3054580688,
        "median": 32,
        "min": 0,
        "var": 62.7186546326
    },
    "spectral_decrease": {
        "dmean": 4.19291268372e-09,
        "dmean2": 6.96130131317e-09,
        "dvar": 5.23686093661e-17,
        "dvar2": 1.39968343181e-16,
        "max": -1.1116507156e-13,
        "mean": -1.07844240205e-08,
        "median": -9.49114742355e-09,
        "min": -5.22545953174e-08,
        "var": 4.85381410902e-17
    },
    "spectral_energy": {
        "dmean": 0.0161800980568,
        "dmean2": 0.0267202965915,
        "dvar": 0.000745997065678,
        "dvar2": 0.00198816414922,
        "max": 0.20034095645,
        "mean": 0.0437443107367,
        "median": 0.0389700159431,
        "min": 4.51620053354e-07,
        "var": 0.000715749512892
    },
    "spectral_energyband_high": {
        "dmean": 0.00037297749077,
        "dmean2": 0.00055750150932,
        "dvar": 1.42337327702e-07,
        "dvar2": 3.11851351853e-07,
        "max": 0.00392607226968,
        "mean": 0.00113800296094,
        "median": 0.00103716936428,
        "min": 1.18539871252e-08,
        "var": 3.604155836e-07
    },
    "spectral_energyband_low": {
        "dmean": 0.0140044307336,
        "dmean2": 0.0243469774723,
        "dvar": 0.000814883038402,
        "dvar2": 0.00223893253133,
        "max": 0.183147221804,
        "mean": 0.0202633589506,
        "median": 0.0137082803994,
        "min": 2.30662010381e-07,
        "var": 0.000617407262325
    },
    "spectral_energyband_middle_high": {
        "dmean": 0.00311072543263,
        "dmean2": 0.00462203472853,
        "dvar": 1.08278854896e-05,
        "dvar2": 2.27582659136e-05,
        "max": 0.0467724949121,
        "mean": 0.0116096735001,
        "median": 0.0107467155904,
        "min": 1.17646465014e-07,
        "var": 4.02311306971e-05
    },
    "spectral_energyband_middle_low": {
        "dmean": 0.00481185596436,
        "dmean2": 0.00764816813171,
        "dvar": 3.6673834984e-05,
        "dvar2": 8.84219698492e-05,
        "max": 0.0611257180572,
        "mean": 0.0124109974131,
        "median": 0.0104658324271,
        "min": 9.71717000198e-08,
        "var": 6.46841217531e-05
    },
    "spectral_entropy": {
        "dmean": 0.0881645828485,
        "dmean2": 0.131068721414,
        "dvar": 0.00643804110587,
        "dvar2": 0.0132195828483,
        "max": 8.13414573669,
        "mean": 7.73240375519,
        "median": 7.74730634689,
        "min": 7.00888490677,
        "var": 0.0281963422894
    },
    "spectral_flux": {
        "dmean": 0.033318657428,
        "dmean2": 0.0504071526229,
        "dvar": 0.00201276922598,
        "dvar2": 0.00332819740288,
        "max": 0.379338830709,
        "mean": 0.107720471919,
        "median": 0.0891235470772,
        "min": 0.000672026828397,
        "var": 0.00361462170258
    },
    "spectral_kurtosis": {
        "dmean": 1.18870103359,
        "dmean2": 2.06713557243,
        "dvar": 1.09396409988,
        "dvar2": 3.33245205879,
        "max": 12.4097185135,
        "mean": 2.7149682045,
        "median": 2.48085355759,
        "min": 0.208126068115,
        "var": 1.81798410416
    },
    "spectral_rms": {
        "dmean": 0.00105185469147,
        "dmean2": 0.00166759709828,
        "dvar": 2.08799087886e-06,
        "dvar2": 5.29929320692e-06,
        "max": 0.0139805078506,
        "mean": 0.00629624444991,
        "median": 0.00616599759087,
        "min": 2.09905920201e-05,
        "var": 3.03469209939e-06
    },
    "spectral_rolloff": {
        "dmean": 388.708526611,
        "dmean2": 655.608215332,
        "dvar": 227511.875,
        "dvar2": 546777.6875,
        "max": 3789.84375,
        "mean": 1679.85583496,
        "median": 1787.25585938,
        "min": 86.1328125,
        "var": 367498.8125
    },
    "spectral_skewness": {
        "dmean": 0.165392592549,
        "dmean2": 0.276308685541,
        "dvar": 0.0180474743247,
        "dvar2": 0.0505159907043,
        "max": 2.28024101257,
        "mean": 1.12781131268,
        "median": 1.12177407742,
        "min": 0.571636497974,
        "var": 0.0539439618587
    },
    "spectral_spread": {
        "dmean": 306440.71875,
        "dmean2": 462993.90625,
        "dvar": 117159108608,
        "dvar2": 242830655488,
        "max": 7790669,
        "mean": 3736578.75,
        "median": 3679135.75,
        "min": 2525429.5,
        "var": 364829573120
    },
    "spectral_strongpeak": {
        "dmean": 0.721876144409,
        "dmean2": 1.29685366154,
        "dvar": 1.58328950405,
        "dvar2": 4.03016757965,
        "max": 9.91105175018,
        "mean": 1.01066017151,
        "median": 0.447703629732,
        "min": 0,
        "var": 1.87669277191
    },
    "zerocrossingrate": {
        "dmean": 0.00790213793516,
        "dmean2": 0.0100401295349,
        "dvar": 4.69892074761e-05,
        "dvar2": 7.16320209904e-05,
        "max": 0.1142578125,
        "mean": 0.0598640739918,
        "median": 0.06005859375,
        "min": 0.01171875,
        "var": 0.000228356118896
    },
    "barkbands": {
        "dmean": [0.000522794551216, 0.0104616517201, 0.004187988583, 0.00143290567212, 0.00147797598038, 0.000803718750831, 0.000892621814273, 0.000880583596881, 0.00158304488286, 0.00125446671154, 0.000620468519628, 0.000363105064025, 0.000397037307266, 0.000812844373286, 0.00109208992217, 0.000692799047101, 0.000435860885773, 0.000232835533097, 0.000233635568293, 0.000272651639534, 0.000150236766785, 6.24122694717e-05, 6.00528001087e-05, 4.41599622718e-05, 1.76105186256e-05, 1.76625025716e-08, 1.68110636523e-09],
        "dmean2": [0.000824371818453, 0.0186415016651, 0.00728135555983, 0.00239724852145, 0.00256860419177, 0.00133680831641, 0.00145209149923, 0.00145778560545, 0.00262130331248, 0.00199889019132, 0.000930730428081, 0.000560652581044, 0.000623763597105, 0.00131988397334, 0.00170156580862, 0.00109178945422, 0.000683293212205, 0.000369403074728, 0.000381131249014, 0.000438832677901, 0.00023202727607, 9.47717708186e-05, 9.02260144358e-05, 6.64560502628e-05, 2.83702920569e-05, 2.91032602462e-08, 3.12645132006e-09],
        "dvar": [1.65730091339e-06, 0.00054180395091, 5.114409214e-05, 6.57813279759e-06, 4.50087645731e-06, 1.34127242291e-06, 1.68737631157e-06, 2.11930523619e-06, 1.23174340843e-05, 7.24095934856e-06, 1.4826507595e-06, 4.87788383907e-07, 8.20221885078e-07, 1.22335586639e-06, 1.85203452929e-06, 9.66478069131e-07, 4.34808384853e-07, 9.27160357378e-08, 6.00912528625e-08, 8.28905939443e-08, 2.76337228655e-08, 6.26378637847e-09, 5.19538723154e-09, 5.74293990141e-09, 1.35412980828e-09, 1.49351506826e-15, 4.11839040843e-18],
        "dvar2": [3.91073717765e-06, 0.00150417094119, 0.000145512254676, 1.59918927238e-05, 1.18705429486e-05, 3.60655258191e-06, 4.24178415415e-06, 5.33641059519e-06, 3.25279870594e-05, 1.76948160515e-05, 2.88891669697e-06, 9.68457584349e-07, 1.7319160861e-06, 2.96242069453e-06, 4.00812132284e-06, 2.27538748732e-06, 1.05094909486e-06, 2.26089824196e-07, 1.4960120609e-07, 2.04598393339e-07, 6.61417445258e-08, 1.4769224066e-08, 1.14874953994e-08, 1.30135546783e-08, 3.37305094966e-09, 4.14345732611e-15, 1.29127087425e-17],
        "max": [0.013270823285, 0.132937058806, 0.0545840710402, 0.0430344343185, 0.0209239777178, 0.0127439508215, 0.0190999861807, 0.0231194477528, 0.0531149432063, 0.0328138507903, 0.0270030610263, 0.0173428002745, 0.0185082219541, 0.0148858102039, 0.0174764581025, 0.0153239984065, 0.013707366772, 0.00461280299351, 0.00312609155662, 0.00368617963977, 0.00180888816249, 0.00104090746026, 0.000903143372852, 0.00166757381521, 0.000642159953713, 7.83731820775e-07, 1.3842155866e-08],
        "mean": [0.000467345147626, 0.0120069868863, 0.00681180600077, 0.00162515020929, 0.00214025634341, 0.00137913657818, 0.00166033464484, 0.00145532586612, 0.0026060778182, 0.00228757411242, 0.00128701666836, 0.000752058811486, 0.00095185538521, 0.00159179721959, 0.00203870423138, 0.00127783475909, 0.00090973143233, 0.000542253954336, 0.000543817004655, 0.000648594927043, 0.000343275256455, 0.00013968993153, 0.000136245580507, 0.000104059035948, 3.7384321331e-05, 2.74456475324e-08, 1.31787891711e-09],
        "median": [4.65714692837e-05, 0.00643983623013, 0.00406882446259, 0.000792445789557, 0.00151227007154, 0.000873391749337, 0.00108571280725, 0.000856271595694, 0.001132537378, 0.000887757691089, 0.00042983374442, 0.000358793186024, 0.000318230420817, 0.000935736170504, 0.0013802787289, 0.000903908861801, 0.000641677586827, 0.000401620549383, 0.000462721829535, 0.000571500859223, 0.000291751028271, 0.000103427053546, 0.000112938076199, 7.96013628133e-05, 2.67959730991e-05, 1.75204029063e-08, 5.76057979096e-10],
        "min": [7.41136441107e-09, 1.02034547922e-07, 1.1567483682e-07, 2.42578686027e-08, 3.54784077672e-08, 3.96812183112e-09, 1.18874812216e-08, 1.73112724156e-08, 4.12936795868e-09, 7.028344573e-10, 2.21425744407e-09, 1.6149332982e-09, 2.05371919471e-09, 3.85556369054e-08, 2.48571865313e-08, 1.76334431501e-08, 1.67303042531e-08, 3.74633168931e-09, 7.8906641221e-09, 6.01828897828e-09, 4.1128140893e-09, 7.37518490723e-10, 2.03713823588e-09, 4.75417094581e-10, 7.7471251636e-11, 3.91789465454e-12, 4.41592639192e-12],
        "var": [1.57395106726e-06, 0.000382589671062, 5.97794896748e-05, 7.39301594876e-06, 4.8593055908e-06, 2.19315461436e-06, 3.29937051902e-06, 3.5078039673e-06, 1.79022335942e-05, 1.2935889572e-05, 5.2261170822e-06, 1.98111933969e-06, 4.36427399109e-06, 3.205346502e-06, 4.41793190475e-06, 1.82296571438e-06, 1.13664805212e-06, 2.3227758561e-07, 1.288647411e-07, 1.55558964821e-07, 5.66552209591e-08, 1.56562229847e-08, 1.16712595144e-08, 1.07537516669e-08, 1.92550442257e-09, 1.47944447458e-15, 3.47885985373e-18]
    },
    "erbbands": {
        "dmean": [0.222537249327, 2.62999343872, 5.26747226715, 4.4828915596, 4.12664222717, 6.21482658386, 4.90389299393, 7.39150190353, 12.4226589203, 17.7430591583, 15.2834863663, 36.7179527283, 50.9265594482, 16.6649780273, 24.8921642303, 16.5645008087, 17.8688526154, 33.1215629578, 50.9689445496, 35.9970741272, 38.2420692444, 17.2625827789, 12.2824659348, 15.8019857407, 7.63902902603, 12.5828533173, 9.53381538391, 3.9381082058, 2.28520822525, 1.70543086529, 1.83293163776, 1.18692564964, 0.636456668377, 0.353822886944, 0.0324859544635, 0.00136888225097, 6.20154751232e-05, 8.14458871901e-06, 8.16730153019e-06, 1.80030237971e-05],
        "dmean2": [0.386929035187, 4.72384977341, 9.23196315765, 7.53588867188, 7.16936349869, 10.8980331421, 8.11711788177, 12.4373989105, 20.1949310303, 29.0983543396, 25.2171859741, 60.1965751648, 81.9107131958, 25.2873535156, 37.4701004028, 25.1152267456, 27.7619495392, 52.1958618164, 78.9595565796, 55.3225326538, 59.8381004333, 27.0423679352, 19.3770713806, 26.0091838837, 12.3049516678, 20.1012134552, 14.9026241302, 6.10363197327, 3.45936322212, 2.57694244385, 2.7907371521, 1.81000339985, 0.954512655735, 0.558434903622, 0.0527781397104, 0.0022142669186, 9.66231891653e-05, 1.23108793559e-05, 1.3000520994e-05, 2.94259025395e-05],
        "dvar": [0.257821559906, 33.9311981201, 96.6201553345, 52.463432312, 64.9309539795, 63.0403633118, 64.9222717285, 126.32093811, 332.423034668, 567.204467773, 1067.59960938, 6822.72900391, 10786.3144531, 1418.15197754, 2313.37011719, 1119.97412109, 1558.75488281, 2293.35717773, 3663.74682617, 3253.84399414, 2210.7824707, 631.759338379, 215.434356689, 326.366394043, 57.233455658, 179.997253418, 107.933517456, 22.1158809662, 8.36312866211, 4.85852146149, 4.83315134048, 3.6854300499, 1.66643917561, 0.553123533726, 0.00302940746769, 5.45341617908e-06, 1.10314894997e-08, 1.52049609015e-10, 1.35525687894e-10, 8.49073367171e-10],
        "dvar2": [0.700212717056, 95.8812561035, 275.296203613, 135.644851685, 174.586273193, 174.574142456, 170.543655396, 338.595275879, 866.552612305, 1390.41186523, 2690.72924805, 17821.5800781, 27353.9746094, 2894.12792969, 4391.98730469, 2192.95581055, 3127.8269043, 5361.35400391, 8624.43359375, 7242.02099609, 5019.81689453, 1507.72302246, 531.283325195, 798.322692871, 143.798904419, 454.920379639, 263.028381348, 49.9933166504, 19.3815574646, 11.3703079224, 10.7956218719, 9.13707733154, 3.43796229362, 1.34604370594, 0.00731667131186, 1.30958087539e-05, 2.57571350915e-08, 3.49056755722e-10, 3.51444762181e-10, 2.2502373298e-09],
        "max": [3.54320311546, 34.2007789612, 70.5216369629, 83.9155273438, 84.8935165405, 84.1596984863, 107.792533875, 161.645233154, 259.967498779, 327.745635986, 552.960205078, 1287.40368652, 1196.04711914, 1153.26806641, 1067.41491699, 857.54498291, 785.117126465, 727.212036133, 752.763549805, 794.246826172, 931.675598145, 509.457092285, 206.880950928, 230.713760376, 81.369468689, 187.545394897, 125.374641418, 51.6161231995, 37.7709083557, 31.5526065826, 26.5900630951, 50.2586021423, 26.2043628693, 13.2048225403, 0.731525838375, 0.0323383063078, 0.00156496290583, 0.000188949270523, 0.000100105717138, 0.000222041475354],
        "mean": [0.243596553802, 3.06040215492, 8.13781166077, 6.88743686676, 4.93956041336, 8.36160564423, 8.04447460175, 12.6242284775, 22.827960968, 31.933380127, 27.7284736633, 63.1472434998, 90.3111114502, 36.8477630615, 54.657951355, 38.0896530151, 45.1546516418, 71.0024108887, 107.855667114, 71.8605270386, 80.6100921631, 42.2365455627, 30.8979358673, 36.4579353333, 20.8227214813, 29.9254226685, 22.1491775513, 9.30850791931, 5.19739627838, 3.68473052979, 4.11250400543, 2.75657534599, 1.48733353615, 0.783439874649, 0.0689568966627, 0.00301691982895, 0.000168617989402, 2.65326762019e-05, 2.80727526842e-05, 5.30942634214e-05],
        "median": [0.0932333618402, 1.77929091454, 4.74194478989, 4.52915239334, 2.78657960892, 5.75425958633, 5.48867845535, 7.72993755341, 14.6180400848, 23.3560657501, 15.9951448441, 28.0469932556, 38.4883804321, 19.7209377289, 23.1600284576, 19.8324050903, 18.5460529327, 43.8733253479, 82.3367156982, 43.0978050232, 61.0464515686, 32.9855117798, 24.4045696259, 30.3283596039, 19.1009540558, 26.190870285, 18.946439743, 7.7176361084, 3.90987491608, 2.69616603851, 3.36960506439, 2.29838824272, 1.02649199963, 0.567767858505, 0.0463708601892, 0.00207268772647, 0.000133838955662, 2.35029401665e-05, 2.64561876975e-05, 4.81696406496e-05],
        "min": [1.61588047831e-06, 2.84741781797e-05, 0.000129216146888, 9.61494006333e-05, 0.000164765238878, 7.0121306635e-05, 2.16735097638e-05, 3.87886939279e-05, 0.000179542141268, 0.000226903837756, 0.000299779378111, 0.000113047717605, 2.88689116132e-05, 3.068667138e-05, 0.000114533977467, 7.81276394264e-05, 0.000138637347845, 0.00165574334096, 0.00154224270955, 0.000752156134695, 0.00104184017982, 0.000820786168333, 0.000502292183228, 0.000274967169389, 0.00038256435073, 0.000248760858085, 0.000236761276028, 0.000124614030938, 3.41270133504e-05, 4.93428051414e-05, 5.25570467289e-05, 1.5544686903e-05, 6.91256354912e-06, 1.75695515736e-06, 6.72839277627e-08, 1.53134145364e-08, 7.79901387915e-09, 3.64615937443e-09, 8.41737624047e-10, 6.00766270065e-10],
        "var": [0.193589568138, 23.0734405518, 91.2961578369, 62.7262573242, 52.6020011902, 72.6221389771, 79.5807952881, 199.267547607, 644.154785156, 955.346374512, 1629.19226074, 10716.1376953, 18882.8359375, 3929.18041992, 8576.54785156, 4757.95947266, 8066.68847656, 6057.94433594, 8893.34472656, 7625.35107422, 5136.56884766, 1558.20446777, 571.646118164, 691.932373047, 129.022155762, 334.22567749, 207.018722534, 44.9613227844, 19.5932426453, 11.6720809937, 10.608505249, 5.88385009766, 3.18846940994, 0.836460649967, 0.00555133027956, 1.00546158137e-05, 2.16666471431e-08, 3.26034893527e-10, 1.69936537064e-10, 8.68263461129e-10]
    },
    "gfcc": {
        "mean": [34.3817939758, 122.068946838, -159.522567749, 62.793674469, -63.081943512, 26.4542713165, -31.7879009247, 9.56994342804, -3.3534989357, -8.82835006714, 0.74950325489, -25.9580974579, 8.26212882996],
        "cov": [[1271.00183105, -85.8501434326, 15.2637853622, -92.9194641113, -138.904876709, 64.3694000244, -35.9050445557, 37.5739402771, -60.8991584778, 10.2025251389, 2.50025558472, 48.0390396118, 30.6101016998], [-85.8501434326, 209.649719238, 2.9447863102, 13.590669632, 85.0757904053, -45.2690429688, 82.8398361206, -44.2171592712, 19.862443924, -32.2456817627, 16.305847168, -32.8442077637, 2.49147224426], [15.2637853622, 2.9447863102, 215.432540894, 60.7183380127, -12.1476955414, 19.9291973114, -39.5929679871, 17.5516681671, -6.27054166794, 16.3071289062, -0.595974504948, 4.49344110489, -2.77363157272], [-92.9194641113, 13.590669632, 60.7183380127, 161.968475342, 43.9221801758, -53.0524597168, 2.110008955, -23.8636112213, 54.6990089417, 0.407660961151, -8.8972120285, 0.0309135559946, -2.82597160339], [-138.904876709, 85.0757904053, -12.1476955414, 43.9221801758, 146.438323975, -1.90037643909, 51.87915802, 6.86282444, 25.6482982635, -6.06157207489, 3.94284152985, -26.5784072876, 12.3981389999], [64.3694000244, -45.2690429688, 19.9291973114, -53.0524597168, -1.90037643909, 123.18145752, 38.3969802856, 13.1985368729, -30.9714431763, 6.21429347992, 15.1752290726, 2.63448143005, -4.10634708405], [-35.9050445557, 82.8398361206, -39.5929679871, 2.110008955, 51.87915802, 38.3969802856, 139.041717529, -0.384256988764, 14.147351265, -18.3699417114, 18.6663551331, -18.0244235992, -4.13739871979], [37.5739402771, -44.2171592712, 17.5516681671, -23.8636112213, 6.86282444, 13.1985368729, -0.384256988764, 93.9705276489, 11.5292224884, 14.9523820877, -4.70780134201, 5.65714979172, 13.1842317581], [-60.8991584778, 19.862443924, -6.27054166794, 54.6990089417, 25.6482982635, -30.9714431763, 14.147351265, 11.5292224884, 79.6089477539, 15.6607570648, -1.64588606358, -5.34029626846, 2.00791621208], [10.2025251389, -32.2456817627, 16.3071289062, 0.407660961151, -6.06157207489, 6.21429347992, -18.3699417114, 14.9523820877, 15.6607570648, 61.923915863, 22.0692939758, 10.4177703857, -0.17266818881], [2.50025558472, 16.305847168, -0.595974504948, -8.8972120285, 3.94284152985, 15.1752290726, 18.6663551331, -4.70780134201, -1.64588606358, 22.0692939758, 49.5266113281, 15.9924278259, -6.4091963768], [48.0390396118, -32.8442077637, 4.49344110489, 0.0309135559946, -26.5784072876, 2.63448143005, -18.0244235992, 5.65714979172, -5.34029626846, 10.4177703857, 15.9924278259, 45.6453590393, 17.1889667511], [30.6101016998, 2.49147224426, -2.77363157272, -2.82597160339, 12.3981389999, -4.10634708405, -4.13739871979, 13.1842317581, 2.00791621208, -0.17266818881, -6.4091963768, 17.1889667511, 45.1469230652]],
        "icov": [[0.00100580102298, -0.00143287458923, 0.000852290599141, -0.00113905826584, 0.00175795599353, -0.0015867666807, 0.0008959810948, -0.001329009654, 0.000949109904468, -0.00054884783458, 0.000341469392879, -0.000152514854562, -0.000716445036232], [-0.00143287458923, 0.0419627651572, -0.022686522454, 0.0304002258927, -0.0224850941449, 0.0348927974701, -0.0271605420858, 0.0280507337302, -0.0153740094975, 0.0153640201315, -0.0149153918028, 0.00684244651347, -0.00614740187302], [0.000852290599141, -0.022686522454, 0.0199797675014, -0.0228626634926, 0.0143011435866, -0.022448901087, 0.017764179036, -0.0184278618544, 0.0115611795336, -0.00851033907384, 0.00494782626629, 0.000797243381385, 0.0013628838351], [-0.00113905826584, 0.0304002258927, -0.0228626634926, 0.0385306552052, -0.0223203096539, 0.0308909714222, -0.0225099157542, 0.0267177559435, -0.0199931450188, 0.0105694709346, -0.00312280701473, -0.00608411245048, 0.00197859713808], [0.00175795599353, -0.0224850941449, 0.0143011435866, -0.0223203096539, 0.0255407895893, -0.0207093693316, 0.0134713090956, -0.0181998033077, 0.00951031036675, -0.00679536117241, 0.000468140584417, 0.00925141759217, -0.0067225699313], [-0.0015867666807, 0.0348927974701, -0.022448901087, 0.0308909714222, -0.0207093693316, 0.0428676791489, -0.0285163782537, 0.0238723643124, -0.00989663507789, 0.00935080554336, -0.00955478101969, 0.000831145618577, -0.00149080622941], [0.0008959810948, -0.0271605420858, 0.017764179036, -0.0225099157542, 0.0134713090956, -0.0285163782537, 0.0311973299831, -0.0198273081332, 0.00692901387811, -0.00277104764245, -0.000244159135036, 0.00304106227122, 0.00141847832128], [-0.001329009654, 0.0280507337302, -0.0184278618544, 0.0267177559435, -0.0181998033077, 0.0238723643124, -0.0198273081332, 0.0337984226644, -0.0153907658532, 0.00655356515199, -0.00328709091991, -0.0012952554971, -0.00388844520785], [0.000949109904468, -0.0153740094975, 0.0115611795336, -0.0199931450188, 0.00951031036675, -0.00989663507789, 0.00692901387811, -0.0153907658532, 0.0286600086838, -0.013054090552, 0.00598460901529, 0.00174945010804, 0.000140356816701], [-0.00054884783458, 0.0153640201315, -0.00851033907384, 0.0105694709346, -0.00679536117241, 0.00935080554336, -0.00277104764245, 0.00655356515199, -0.013054090552, 0.0322217456996, -0.0213218014687, 0.00635584862903, -0.00453112460673], [0.000341469392879, -0.0149153918028, 0.00494782626629, -0.00312280701473, 0.000468140584417, -0.00955478101969, -0.000244159135036, -0.00328709091991, 0.00598460901529, -0.0213218014687, 0.0485707707703, -0.0287164896727, 0.0181209202856], [-0.000152514854562, 0.00684244651347, 0.000797243381385, -0.00608411245048, 0.00925141759217, 0.000831145618577, 0.00304106227122, -0.0012952554971, 0.00174945010804, 0.00635584862903, -0.0287164896727, 0.0524123311043, -0.0264994502068], [-0.000716445036232, -0.00614740187302, 0.0013628838351, 0.00197859713808, -0.0067225699313, -0.00149080622941, 0.00141847832128, -0.00388844520785, 0.000140356816701, -0.00453112460673, 0.0181209202856, -0.0264994502068, 0.0387967340648]]
    },
    "melbands": {
        "dmean": [0.0025113185402, 0.00302857114002, 0.000744041753933, 0.000352021190338, 0.000190690348973, 0.000163849574164, 0.000186402816325, 0.000201689079404, 0.000133341702167, 0.000244872877374, 0.000252365309279, 6.65867919452e-05, 8.99312581168e-05, 4.36823283962e-05, 4.84335687361e-05, 3.47118038917e-05, 7.30276442482e-05, 8.28029515105e-05, 8.20398636279e-05, 4.44386241725e-05, 4.84912707179e-05, 2.21101327043e-05, 1.64438333741e-05, 1.16373430501e-05, 1.47724913404e-05, 6.31053944744e-06, 7.27910628484e-06, 9.35327443585e-06, 8.07766991784e-06, 3.50594677911e-06, 2.22980111175e-06, 1.42212411447e-06, 1.30017281208e-06, 8.99303699953e-07, 1.08256415388e-06, 1.1586544133e-06, 6.36824609046e-07, 4.49944622005e-07, 4.91598939334e-07, 2.72528751566e-07],
        "dmean2": [0.00442864559591, 0.00535747641698, 0.00126002426259, 0.000612237316091, 0.000319392973324, 0.000273988785921, 0.000301689811749, 0.000331259565428, 0.000219754307182, 0.000402178557124, 0.000406475359341, 0.000102398342278, 0.000134661851916, 6.6507680458e-05, 7.55326254875e-05, 5.37170744792e-05, 0.000116249284474, 0.000131020147819, 0.000127550330944, 7.04894409864e-05, 7.57325688028e-05, 3.5140550608e-05, 2.652475996e-05, 1.88172343769e-05, 2.44141065195e-05, 1.03023339761e-05, 1.18156567623e-05, 1.51021085912e-05, 1.28904221128e-05, 5.55294855076e-06, 3.5245136587e-06, 2.19341359298e-06, 2.04380830837e-06, 1.39018550271e-06, 1.66479958352e-06, 1.79255835064e-06, 9.93800995275e-07, 6.98675535205e-07, 7.62088006923e-07, 4.39020226395e-07],
        "dvar": [3.18504462484e-05, 3.70901507267e-05, 1.39204666993e-06, 2.72802395784e-07, 7.94844794427e-08, 5.8358438082e-08, 7.57071916269e-08, 7.70780630432e-08, 9.55056052021e-08, 3.12497377308e-07, 2.71713645361e-07, 2.70333071484e-08, 3.32298242256e-08, 5.93682480954e-09, 8.84135875623e-09, 7.57084528402e-09, 1.19448690938e-08, 1.06483577511e-08, 1.22458478913e-08, 7.16173120807e-09, 3.67286201453e-09, 1.36759625846e-09, 4.35039587687e-10, 2.73117778393e-10, 2.95544255735e-10, 4.27900215261e-11, 5.15448066174e-11, 1.01630946714e-10, 8.15459783032e-11, 1.73462667841e-11, 7.63563431233e-12, 3.34951012239e-12, 4.28296374061e-12, 1.5409505269e-12, 1.80035370292e-12, 2.27002856616e-12, 1.39581954935e-12, 8.02031672412e-13, 1.53166552792e-12, 2.72267478745e-13],
        "dvar2": [8.73026219779e-05, 0.00010534345347, 3.61616457667e-06, 7.27670055767e-07, 2.0833704184e-07, 1.56096945148e-07, 1.944188881e-07, 1.90758612462e-07, 2.38066306224e-07, 8.27870280773e-07, 6.88546890615e-07, 5.66500659716e-08, 6.29522602935e-08, 1.14919949112e-08, 1.83644726093e-08, 1.59892064033e-08, 2.8185166201e-08, 2.60022225973e-08, 2.62189150391e-08, 1.75947327818e-08, 8.19112244699e-09, 3.18457060722e-09, 1.0835830011e-09, 7.12779446577e-10, 7.27314597437e-10, 1.10501184591e-10, 1.28194427296e-10, 2.59665899893e-10, 2.0144512447e-10, 4.22284360257e-11, 1.79648223381e-11, 8.06276052867e-12, 1.04917550342e-11, 3.64382005472e-12, 4.00819785348e-12, 5.55273362013e-12, 3.52468770316e-12, 1.71627642653e-12, 3.69545106321e-12, 6.8065377553e-13],
        "max": [0.0355889312923, 0.0423325151205, 0.0149341356009, 0.00477554928511, 0.00346165639348, 0.00311958626844, 0.00382284633815, 0.00399879971519, 0.00526507012546, 0.00938146933913, 0.00606632279232, 0.00468836724758, 0.0044527137652, 0.00201189797372, 0.00204887054861, 0.00253435969353, 0.00163142825477, 0.00124296289869, 0.00171854963992, 0.00162496976554, 0.00117478473112, 0.000719434407074, 0.000300703162793, 0.000316829740768, 0.000237081723753, 8.80656443769e-05, 7.21687247278e-05, 0.000143839672091, 0.000112487527076, 6.49912981316e-05, 3.20521248796e-05, 2.57969386439e-05, 3.81059217034e-05, 2.02783448913e-05, 1.82287440111e-05, 2.35493662331e-05, 3.43474639521e-05, 2.04908083106e-05, 3.29211798089e-05, 9.0918792921e-06],
        "mean": [0.00286351540126, 0.00435892120004, 0.00115015776828, 0.000478297297377, 0.000314922566758, 0.000283749628579, 0.000346922926838, 0.000356193515472, 0.000238610562519, 0.000411076267483, 0.000439847441157, 0.000135593159939, 0.000186747594853, 9.82559940894e-05, 0.00010285784083, 8.67230191943e-05, 0.000144056335557, 0.000172729240148, 0.000144394900417, 7.64472570154e-05, 9.9405675428e-05, 4.69877231808e-05, 3.19527607644e-05, 2.62776793534e-05, 3.11919684464e-05, 1.44982604979e-05, 1.66378613358e-05, 2.07076245715e-05, 1.70534221979e-05, 7.59506792747e-06, 4.55527424492e-06, 2.96919620268e-06, 2.48483138421e-06, 1.81252232778e-06, 2.25901476369e-06, 2.49648815043e-06, 1.36483470214e-06, 9.94700940282e-07, 9.93191861198e-07, 5.59342936413e-07],
        "median": [0.00130316324066, 0.00280337687582, 0.00077567138942, 0.000320966588333, 0.000226228716201, 0.000174390093889, 0.000225741052418, 0.000253110134508, 0.000116533585242, 0.000183408745215, 0.000179453418241, 5.83341061429e-05, 6.75253031659e-05, 4.6310324251e-05, 4.83116673422e-05, 2.80520525848e-05, 8.16112587927e-05, 0.000128535873955, 8.94191180123e-05, 4.48121063528e-05, 7.05881466274e-05, 3.20867657138e-05, 2.31394224102e-05, 1.97692279471e-05, 2.46395575232e-05, 1.26024342535e-05, 1.4598576854e-05, 1.78431073437e-05, 1.41797218021e-05, 6.25712664259e-06, 3.54699909622e-06, 2.19104572352e-06, 1.63578238244e-06, 1.28365456931e-06, 1.76123160145e-06, 2.00588965527e-06, 1.09169957341e-06, 6.75124852023e-07, 6.46481623789e-07, 3.98555215497e-07],
        "min": [2.16771596229e-08, 5.89464121958e-08, 2.04217229793e-08, 9.43191569291e-09, 7.78313358207e-10, 8.90580331703e-10, 2.67809996402e-09, 2.99291058603e-09, 2.18924012252e-09, 5.96145965925e-10, 1.19829604572e-10, 1.02639403921e-10, 3.43435974104e-10, 2.02692279627e-10, 2.96357161034e-10, 1.49469159272e-10, 3.80346998341e-09, 2.641088237e-09, 1.89669946415e-09, 7.6480688449e-10, 1.17477694239e-09, 6.27146501397e-10, 1.05344677426e-09, 2.02346875366e-10, 2.13249709557e-10, 3.37764372027e-10, 1.76897427262e-10, 1.82376821978e-10, 1.82268880544e-10, 1.0799079686e-10, 5.75053268892e-11, 2.01465545635e-11, 1.04689043892e-11, 3.55859230972e-11, 3.52285006722e-11, 1.68772044951e-11, 6.28073331191e-12, 4.57926188288e-12, 3.93532905915e-12, 6.0820516375e-13],
        "var": [2.34207327594e-05, 2.78128791251e-05, 1.58392401772e-06, 2.85947294287e-07, 1.02140447211e-07, 9.71680194084e-08, 1.49899619828e-07, 1.27774583802e-07, 1.52541218768e-07, 4.68653212238e-07, 4.7063429065e-07, 7.34939291647e-08, 1.10110427443e-07, 2.65629971352e-08, 3.20864366188e-08, 4.99376220375e-08, 3.05472234174e-08, 2.55692143014e-08, 2.72712128435e-08, 1.19448291258e-08, 9.3649292765e-09, 3.09324255099e-09, 8.48658920916e-10, 5.18990184162e-10, 6.01482974538e-10, 8.72397085128e-11, 1.10498950268e-10, 1.83847895241e-10, 1.41782655061e-10, 3.10066312903e-11, 1.41128211548e-11, 6.84477951748e-12, 8.33854513216e-12, 3.18029738829e-12, 3.75130612337e-12, 4.44604943139e-12, 1.98420641896e-12, 1.45419841533e-12, 2.05643098036e-12, 4.07256883382e-13]
    },
    "mfcc": {
        "mean": [-578.887939453, 114.975013733, -15.3206071854, 26.9247550964, 8.95145320892, 7.21652412415, 2.37939691544, 2.95509004593, 9.15514278412, 16.3753261566, -2.97245573997, 3.07009124756, -1.63613581657],
        "cov": [[1248.26452637, -66.662437439, 23.2446250916, -119.39907074, -90.5277862549, -26.8921470642, -11.6442890167, 1.00284326077, -30.0622692108, -36.9286308289, -10.3204860687, -19.3953971863, 12.6103563309], [-66.662437439, 220.539260864, -57.2417106628, 23.5862617493, 1.47653281689, 12.7488517761, 54.5855789185, 9.18516731262, 5.11359357834, 16.3188877106, -7.78912210464, 5.59330463409, -7.6347360611], [23.2446250916, -57.2417106628, 228.838790894, 0.00485289748758, 14.4892568588, 2.12729859352, -19.0593204498, -12.4045133591, -18.2255344391, -21.2019519806, 15.0165100098, -3.04560995102, -0.197680801153], [-119.39907074, 23.5862617493, 0.00485289748758, 205.329589844, 39.6131477356, 9.87155628204, -51.084854126, 2.26330399513, 28.9920082092, 3.65429997444, 1.44968676567, 12.2899179459, 5.17981481552], [-90.5277862549, 1.47653281689, 14.4892568588, 39.6131477356, 103.65020752, -12.1859312057, -6.53993368149, -10.1139411926, 25.2286643982, 3.77251982689, -2.43378806114, 2.64336943626, 4.35793018341], [-26.8921470642, 12.7488517761, 2.12729859352, 9.87155628204, -12.1859312057, 102.821250916, 31.937122345, 12.1237001419, -15.0716619492, 14.1192417145, 7.31517028809, -4.53731536865, -8.31709003448], [-11.6442890167, 54.5855789185, -19.0593204498, -51.084854126, -6.53993368149, 31.937122345, 113.431121826, 29.3448753357, -1.64331245422, 13.6215019226, 4.36496448517, 4.21426725388, -3.12771701813], [1.00284326077, 9.18516731262, -12.4045133591, 2.26330399513, -10.1139411926, 12.1237001419, 29.3448753357, 63.7727584839, 18.2879619598, 12.8670434952, -3.59378147125, 1.55377995968, -7.02465248108], [-30.0622692108, 5.11359357834, -18.2255344391, 28.9920082092, 25.2286643982, -15.0716619492, -1.64331245422, 18.2879619598, 71.1444091797, 24.4050197601, -3.71649384499, 2.48917675018, 6.42856550217], [-36.9286308289, 16.3188877106, -21.2019519806, 3.65429997444, 3.77251982689, 14.1192417145, 13.6215019226, 12.8670434952, 24.4050197601, 62.6596450806, 11.952038765, 3.88516378403, -8.3565788269], [-10.3204860687, -7.78912210464, 15.0165100098, 1.44968676567, -2.43378806114, 7.31517028809, 4.36496448517, -3.59378147125, -3.71649384499, 11.952038765, 53.0346984863, 22.0492286682, 3.89267754555], [-19.3953971863, 5.59330463409, -3.04560995102, 12.2899179459, 2.64336943626, -4.53731536865, 4.21426725388, 1.55377995968, 2.48917675018, 3.88516378403, 22.0492286682, 53.2108421326, 18.1699047089], [12.6103563309, -7.6347360611, -0.197680801153, 5.17981481552, 4.35793018341, -8.31709003448, -3.12771701813, -7.02465248108, 6.42856550217, -8.3565788269, 3.89267754555, 18.1699047089, 47.3593521118]],
