{
"lowlevel": {
    "average_loudness": 0.963135123253,
    "barkbands_crest": {
        "dmean": 2.88839459419,
        "dmean2": 4.7418346405,
        "dvar": 6.36554193497,
        "dvar2": 16.468208313,
        "max": 25.6526756287,
        "mean": 12.2009000778,
        "median": 11.5626268387,
        "min": 3.53123569489,
        "var": 19.1791782379
    },
    "barkbands_flatness_db": {
        "dmean": 0.0263357069343,
        "dmean2": 0.0397856086493,
        "dvar": 0.000795805128291,
        "dvar2": 0.00181082147174,
        "max": 0.466088622808,
        "mean": 0.187950819731,
        "median": 0.167098015547,
        "min": 0.0754178911448,
        "var": 0.00498353876173
    },
    "barkbands_kurtosis": {
        "dmean": 10.2848052979,
        "dmean2": 15.7441911697,
        "dvar": 1025.90039062,
        "dvar2": 2548.44726562,
        "max": 756.628051758,
        "mean": 18.4705238342,
        "median": 5.57099723816,
        "min": -1.93854618073,
        "var": 1786.21118164
    },
    "barkbands_skewness": {
        "dmean": 0.833725392818,
        "dmean2": 1.2555488348,
        "dvar": 1.48868775368,
        "dvar2": 3.45696139336,
        "max": 24.7398395538,
        "mean": 2.90123987198,
        "median": 2.27981185913,
        "min": -0.760972976685,
        "var": 5.08553123474
    },
    "barkbands_spread": {
        "dmean": 6.09962368011,
        "dmean2": 9.02627277374,
        "dvar": 64.9702835083,
        "dvar2": 119.135063171,
        "max": 112.277366638,
        "mean": 19.1535873413,
        "median": 16.6153869629,
        "min": 0.392611026764,
        "var": 226.142700195
    },
    "dissonance": {
        "dmean": 0.0189865771681,
        "dmean2": 0.0307071488351,
        "dvar": 0.000357355747838,
        "dvar2": 0.000885222514626,
        "max": 0.499660968781,
        "mean": 0.45947009325,
        "median": 0.467885971069,
        "min": 0.224652975798,
        "var": 0.00103005056735
    },
    "dynamic_complexity": 3.45173501968,
    "erbbands_crest": {
        "dmean": 2.54729223251,
        "dmean2": 4.10618209839,
        "dvar": 5.74122571945,
        "dvar2": 14.0568618774,
        "max": 26.3163661957,
        "mean": 8.15139293671,
        "median": 7.19464015961,
        "min": 2.3688082695,
        "var": 16.6046867371
    },
    "erbbands_flatness_db": {
        "dmean": 0.0150592513382,
        "dmean2": 0.0225869938731,
        "dvar": 0.000201266549993,
        "dvar2": 0.000425039324909,
        "max": 0.29571506381,
        "mean": 0.146064132452,
        "median": 0.139626666903,
        "min": 0.088179923594,
        "var": 0.000982045894489
    },
    "erbbands_kurtosis": {
        "dmean": 1.11642301083,
        "dmean2": 1.72339272499,
        "dvar": 3.37424969673,
        "dvar2": 7.81695222855,
        "max": 26.9669647217,
        "mean": 0.778649151325,
        "median": -0.238657236099,
        "min": -1.88158023357,
        "var": 9.24640464783
    },
    "erbbands_skewness": {
        "dmean": 0.393854707479,
        "dmean2": 0.599805295467,
        "dvar": 0.185815855861,
        "dvar2": 0.393027305603,
        "max": 4.12796354294,
        "mean": 0.592046320438,
        "median": 0.52559697628,
        "min": -4.77449560165,
        "var": 0.769600152969
    },
    "erbbands_spread": {
        "dmean": 12.8633852005,
        "dmean2": 19.2595710754,
        "dvar": 196.674499512,
        "dvar2": 443.455200195,
        "max": 186.990707397,
        "mean": 55.5205497742,
        "median": 52.5444259644,
        "min": 5.64039134979,
        "var": 732.495239258
    },
    "hfc": {
        "dmean": 8.4114408493,
        "dmean2": 11.3293924332,
        "dvar": 125.212654114,
        "dvar2": 221.746734619,
        "max": 146.057952881,
        "mean": 20.7003269196,
        "median": 15.267288208,
        "min": 6.14091113675e-05,
        "var": 397.946746826
    },
    "melbands_crest": {
        "dmean": 3.56426906586,
        "dmean2": 5.91230964661,
        "dvar": 9.80629634857,
        "dvar2": 25.8382339478,
        "max": 33.2482872009,
        "mean": 16.8139877319,
        "median": 16.2064876556,
        "min": 5.60660123825,
        "var": 28.638715744
    },
    "melbands_flatness_db": {
        "dmean": 0.0322791859508,
        "dmean2": 0.0474828928709,
        "dvar": 0.00115191121586,
        "dvar2": 0.00264150183648,
        "max": 0.572898089886,
        "mean": 0.239459052682,
        "median": 0.217477276921,
        "min": 0.0607877261937,
        "var": 0.00756513886154
    },
    "melbands_kurtosis": {
        "dmean": 27.8439044952,
        "dmean2": 41.5648155212,
        "dvar": 4627.265625,
        "dvar2": 10050.1269531,
        "max": 1169.1340332,
        "mean": 51.6399421692,
        "median": 20.6799297333,
        "min": -1.01667737961,
        "var": 9642.56835938
    },
    "melbands_skewness": {
        "dmean": 1.2524638176,
        "dmean2": 1.90823316574,
        "dvar": 2.88770580292,
        "dvar2": 6.54272890091,
        "max": 28.2667636871,
        "mean": 4.575922966,
        "median": 3.76340055466,
        "min": -0.503593325615,
        "var": 10.2981929779
    },
    "melbands_spread": {
        "dmean": 5.19733190536,
        "dmean2": 7.99157714844,
        "dvar": 68.6423492432,
        "dvar2": 159.717956543,
        "max": 152.585876465,
        "mean": 14.4262332916,
        "median": 12.6682853699,
        "min": 0.316822588444,
        "var": 150.637374878
    },
    "pitch_salience": {
        "dmean": 0.0785344168544,
        "dmean2": 0.125836893916,
        "dvar": 0.00459523918107,
        "dvar2": 0.0110956691206,
        "max": 0.831745326519,
        "mean": 0.503920137882,
        "median": 0.511700868607,
        "min": 0.101355567575,
        "var": 0.0159037131816
    },
    "silence_rate_20dB": {
        "dmean": 0,
        "dmean2": 0,
        "dvar": 0,
        "dvar2": 0,
        "max": 1,
        "mean": 1,
        "median": 1,
        "min": 1,
        "var": 0
    },
    "silence_rate_30dB": {
        "dmean": 0.0131578948349,
        "dmean2": 0.0263259783387,
        "dvar": 0.0129848252982,
        "dvar2": 0.038022313267,
        "max": 1,
        "mean": 0.993036746979,
        "median": 1,
        "min": 0,
        "var": 0.00691472971812
    },
    "silence_rate_60dB": {
        "dmean": 0.00773993786424,
        "dmean2": 0.0154858687893,
        "dvar": 0.00768004683778,
        "dvar2": 0.0191177111119,
        "max": 1,
        "mean": 0.0382978729904,
        "median": 0,
        "min": 0,
        "var": 0.0368311293423
    },
    "spectral_centroid": {
        "dmean": 282.029418945,
        "dmean2": 444.534301758,
        "dvar": 118273.25,
        "dvar2": 248991.375,
        "max": 4939.20458984,
        "mean": 1061.22851562,
        "median": 987.09753418,
        "min": 140.758544922,
        "var": 349697.1875
    },
    "spectral_complexity": {
        "dmean": 5.04566574097,
        "dmean2": 7.27138996124,
        "dvar": 33.0088310242,
        "dvar2": 62.2324829102,
        "max": 52,
        "mean": 16.8162479401,
        "median": 16,
        "min": 0,
        "var": 125.967926025
    },
    "spectral_decrease": {
        "dmean": 3.6404992354e-09,
        "dmean2": 5.90950710588e-09,
        "dvar": 2.42003136382e-17,
        "dvar2": 6.00185576507e-17,
        "max": -1.99267939795e-14,
        "mean": -9.81154979485e-09,
        "median": -8.97317864457e-09,
        "min": -4.37119886953e-08,
        "var": 4.19078318769e-17
    },
    "spectral_energy": {
        "dmean": 0.0142347421497,
        "dmean2": 0.0229296442121,
        "dvar": 0.00036814933992,
        "dvar2": 0.000905477965716,
        "max": 0.173594743013,
        "mean": 0.0389085970819,
        "median": 0.0355511456728,
        "min": 8.07782569723e-08,
        "var": 0.000656865595374
    },
    "spectral_energyband_high": {
        "dmean": 0.000695392198395,
        "dmean2": 0.000919910729863,
        "dvar": 1.31085414523e-06,
        "dvar2": 2.17239107769e-06,
        "max": 0.0182538386434,
        "mean": 0.00125453341752,
        "median": 0.000569638505112,
        "min": 3.62347507554e-09,
        "var": 3.80637743547e-06
    },
    "spectral_energyband_low": {
        "dmean": 0.00926729664207,
        "dmean2": 0.0158093068749,
        "dvar": 0.000143016863149,
        "dvar2": 0.000376453594072,
        "max": 0.102797545493,
        "mean": 0.0210143327713,
        "median": 0.0195389650762,
        "min": 8.2482971564e-09,
        "var": 0.000211615188164
    },
    "spectral_energyband_middle_high": {
        "dmean": 0.00166521919891,
        "dmean2": 0.00239090831019,
        "dvar": 5.8507380345e-06,
        "dvar2": 1.29387253764e-05,
        "max": 0.0635182708502,
        "mean": 0.00392181519419,
        "median": 0.00252079754137,
        "min": 3.36001781953e-09,
        "var": 2.04925254366e-05
    },
    "spectral_energyband_middle_low": {
        "dmean": 0.00766129558906,
        "dmean2": 0.0124123012647,
        "dvar": 0.000155927773449,
        "dvar2": 0.000393880123738,
        "max": 0.15489269793,
        "mean": 0.0142637621611,
        "median": 0.0108334459364,
        "min": 6.47065832027e-08,
        "var": 0.000213423525565
    },
    "spectral_entropy": {
        "dmean": 0.186481162906,
        "dmean2": 0.2767136693,
        "dvar": 0.0362716726959,
        "dvar2": 0.0834939107299,
        "max": 8.64085674286,
        "mean": 7.65438747406,
        "median": 7.7397146225,
        "min": 5.34238147736,
        "var": 0.222351878881
    },
    "spectral_flux": {
        "dmean": 0.0315755791962,
        "dmean2": 0.0507908836007,
        "dvar": 0.00141564570367,
        "dvar2": 0.00330444797873,
        "max": 0.358493685722,
        "mean": 0.0956880673766,
        "median": 0.090060852468,
        "min": 0.00108910573181,
        "var": 0.00307315541431
    },
    "spectral_kurtosis": {
        "dmean": 0.985555708408,
        "dmean2": 1.60139632225,
        "dvar": 1.23674750328,
        "dvar2": 3.16503381729,
        "max": 16.8898715973,
        "mean": 1.97811532021,
        "median": 1.54298734665,
        "min": -1.42740619183,
        "var": 3.46741747856
    },
    "spectral_rms": {
        "dmean": 0.00104639993515,
        "dmean2": 0.00165529374499,
        "dvar": 1.50667017351e-06,
        "dvar2": 3.5419939195e-06,
        "max": 0.01301386673,
        "mean": 0.00578900566325,
        "median": 0.00588931608945,
        "min": 8.8773904281e-06,
        "var": 4.44703573521e-06
    },
    "spectral_rolloff": {
        "dmean": 361.34161377,
        "dmean2": 607.865783691,
        "dvar": 799200.75,
        "dvar2": 1674776,
        "max": 9323.87695312,
        "mean": 810.551879883,
        "median": 495.263671875,
        "min": 64.599609375,
        "var": 1600992.25
    },
    "spectral_skewness": {
        "dmean": 0.204296693206,
        "dmean2": 0.307843506336,
        "dvar": 0.0391149781644,
        "dvar2": 0.0860974937677,
        "max": 3.66759848595,
        "mean": 1.24464070797,
        "median": 1.19846367836,
        "min": -0.388528347015,
        "var": 0.194510415196
    },
    "spectral_spread": {
        "dmean": 617547,
        "dmean2": 893617.125,
        "dvar": 426031218688,
        "dvar2": 832096698368,
        "max": 12753567,
        "mean": 5559432.5,
        "median": 5351036.5,
        "min": 2558233.75,
        "var": 1.51480342938e+12
    },
    "spectral_strongpeak": {
        "dmean": 0.258861064911,
        "dmean2": 0.452136725187,
        "dvar": 0.28625229001,
        "dvar2": 0.699505805969,
        "max": 9.44186496735,
        "mean": 0.414809882641,
        "median": 0.285968691111,
        "min": 0.000509351957589,
        "var": 0.358116149902
    },
    "zerocrossingrate": {
        "dmean": 0.0110887465999,
        "dmean2": 0.0126514555886,
        "dvar": 0.000151182553964,
        "dvar2": 0.000177813140908,
        "max": 0.2646484375,
        "mean": 0.0471946038306,
        "median": 0.0419921875,
        "min": 0.00244140625,
        "var": 0.000935263116844
    },
    "barkbands": {
        "dmean": [0.000362810736988, 0.00664596958086, 0.00376611598767, 0.00221988582052, 0.00476409913972, 0.00125228241086, 0.00112409098074, 0.000638317898847, 0.000529103213921, 0.000419289252022, 0.000639433448669, 0.000345664389897, 0.000263986323262, 0.000241750560235, 0.00014109298354, 0.000160296607646, 0.000125792066683, 0.000127640159917, 0.000123513877043, 0.000125278704218, 0.000128157858853, 0.000143034776556, 0.000153281594976, 0.000226579606533, 7.49837054173e-05, 6.36080912386e-08, 2.04950634242e-09],
        "dmean2": [0.000625868444331, 0.0116451382637, 0.00628810981289, 0.00377676961944, 0.00812189467251, 0.00204214430414, 0.0018072144594, 0.00101609074045, 0.000828101823572, 0.000662721751723, 0.00100495992228, 0.000547272153199, 0.000413435074734, 0.000386738422094, 0.000222114569624, 0.000237002954236, 0.00020122146816, 0.000204094685614, 0.000191320301383, 0.000193060463062, 0.000186995821423, 0.00019952376897, 0.000216301676119, 0.000313174328767, 0.000103570491774, 9.47473424162e-08, 3.81658926685e-09],
        "dvar": [2.73848343113e-07, 4.76216409879e-05, 4.51929699921e-05, 1.52232933033e-05, 0.000106260893517, 3.68549854102e-06, 3.85638077205e-06, 1.45256331052e-06, 1.20779509416e-06, 8.81475102688e-07, 3.38715426551e-06, 4.85104294512e-07, 3.26596421019e-07, 1.66764962728e-07, 6.26328144904e-08, 1.023101035e-07, 3.6167644879e-08, 4.6837591583e-08, 3.65834900151e-08, 3.82941998112e-08, 3.84000031772e-08, 6.6759419326e-08, 9.97714693085e-08, 2.28882655051e-07, 2.5117023128e-08, 2.65375710366e-14, 5.85884947205e-17],
        "dvar2": [7.64208323289e-07, 0.000137662762427, 0.000109021893877, 3.55394367944e-05, 0.000291512435069, 9.60105990089e-06, 9.0314542831e-06, 3.51524158759e-06, 2.91736228064e-06, 1.98768316295e-06, 8.4427983893e-06, 1.11442102479e-06, 6.59487341181e-07, 3.78368326892e-07, 1.46081958974e-07, 2.0108542742e-07, 8.27433481732e-08, 1.00534357728e-07, 8.58266560044e-08, 8.8922504915e-08, 8.29606889852e-08, 1.16408131134e-07, 1.84104834489e-07, 4.20081875063e-07, 4.30797477691e-08, 5.27305487415e-14, 1.72313910928e-16],
        "max": [0.00485159689561, 0.0560369640589, 0.0517221242189, 0.0339776165783, 0.134506434202, 0.039664786309, 0.0301327072084, 0.0192565564066, 0.0150062618777, 0.0169703140855, 0.0560159683228, 0.0121251819655, 0.0175246503204, 0.00629228865728, 0.00402051536366, 0.00482826167718, 0.00403307005763, 0.00456557795405, 0.00239866343327, 0.00411836709827, 0.0027332296595, 0.00564941531047, 0.00534933432937, 0.00881641451269, 0.00393919879571, 4.34945559391e-06, 2.33959369211e-07],
        "mean": [0.000862381595653, 0.0135810337961, 0.00514280283824, 0.00266048824415, 0.00584613205865, 0.00180558511056, 0.00200849911198, 0.00092990725534, 0.000803408562206, 0.000601024890784, 0.000975068076514, 0.000523101422004, 0.000421645556344, 0.000363976869266, 0.000200851311092, 0.00024890183704, 0.000184077827726, 0.000201214308618, 0.000185869459528, 0.000207332093851, 0.00020772498101, 0.000230562116485, 0.000250417710049, 0.000359232828487, 0.000107303312689, 7.99499133564e-08, 1.56954049757e-09],
        "median": [0.00068130454747, 0.0128738144413, 0.00240641552955, 0.00129791069776, 0.00289700645953, 0.000967945961747, 0.0010578983929, 0.000359635741916, 0.000276607082924, 0.000175959954504, 0.000234846782405, 0.000225470488658, 0.000158008377184, 0.000163828226505, 9.43723061937e-05, 9.71956615103e-05, 9.79648102657e-05, 0.000101814977825, 9.35234711505e-05, 0.000111993649625, 0.000105122482637, 0.00010088163981, 9.37517907005e-05, 0.000114248592581, 3.85296916647e-05, 2.62923425254e-08, 5.27590360289e-10],
        "min": [3.5941010168e-09, 2.9774471777e-09, 2.63286970004e-09, 4.09723543981e-09, 7.9585893431e-09, 3.49738051852e-08, 4.14438794394e-09, 6.05897021444e-09, 6.33670615979e-10, 4.16278622684e-10, 1.39099856633e-10, 2.42189351907e-10, 5.01466923541e-10, 4.39013297937e-10, 2.42756474644e-11, 4.94541456397e-11, 4.84720423521e-11, 7.21756321376e-10, 7.05515756927e-10, 4.4616216277e-10, 2.3324972509e-10, 1.4251889946e-10, 3.01195846042e-10, 2.45345521677e-09, 2.61580507255e-10, 3.20924016528e-12, 4.06302205422e-12],
        "var": [6.26335463494e-07, 7.68502868596e-05, 5.72747085243e-05, 1.6649497411e-05, 9.04315747903e-05, 6.73521481076e-06, 8.27231633593e-06, 2.46196191256e-06, 2.18773948291e-06, 1.72295324319e-06, 6.13891506873e-06, 8.08025902188e-07, 7.74162629114e-07, 3.14370453225e-07, 9.52066088189e-08, 2.15098097556e-07, 6.4591617388e-08, 8.63330313905e-08, 6.34785379816e-08, 7.54434665851e-08, 8.00292028202e-08, 1.6043981077e-07, 2.33125021509e-07, 5.44902604815e-07, 6.18908586603e-08, 4.92647609718e-14, 3.33293104889e-17]
    },
    "erbbands": {
        "dmean": [0.233872950077, 1.4326416254, 3.695997715, 6.10638427734, 13.4143075943, 16.9563331604, 9.83470726013, 10.0304279327, 13.1487941742, 20.6953525543, 11.9644708633, 10.269367218, 15.5740356445, 11.2181472778, 23.9519634247, 12.9918460846, 12.6115474701, 12.3248786926, 8.32199668884, 8.26026630402, 7.57910442352, 7.27866649628, 6.8584280014, 6.02446889877, 6.48801898956, 5.88473701477, 5.29797077179, 5.06654119492, 4.8665599823, 4.73307609558, 4.68979454041, 4.2488617897, 4.18875169754, 1.58960258961, 0.120466947556, 0.00524946535006, 0.000266306509729, 3.50908740074e-05, 1.27643861561e-05, 1.73742082552e-05],
        "dmean2": [0.407866448164, 2.51379370689, 6.3076748848, 9.87739276886, 23.1275005341, 28.6388339996, 16.1138973236, 16.5469303131, 20.8511486053, 33.15574646, 18.7606525421, 15.9358472824, 24.501909256, 17.1952896118, 37.7315101624, 20.2198925018, 19.4939289093, 19.6064243317, 12.9507474899, 12.6844778061, 11.1346635818, 11.5743570328, 10.8237524033, 9.14957523346, 10.083029747, 9.06033229828, 7.98506784439, 7.29000616074, 6.84989976883, 6.76808786392, 6.66455554962, 5.81042718887, 5.97899150848, 2.19056344032, 0.169113263488, 0.00730462698266, 0.000361748534488, 4.69946826342e-05, 1.78960108315e-05, 2.69117081189e-05],
        "dvar": [0.0559776872396, 2.80840420723, 44.4211463928, 114.238731384, 787.213317871, 1325.40783691, 171.4815979, 301.774505615, 725.231811523, 1661.44799805, 483.645477295, 558.783752441, 1018.0078125, 495.875183105, 4879.83691406, 749.340270996, 776.119995117, 443.956085205, 265.288085938, 204.253051758, 197.956558228, 112.331581116, 151.651855469, 86.8592987061, 107.529724121, 82.1026763916, 61.0640907288, 70.4069900513, 83.0340805054, 72.9396286011, 99.5920715332, 95.4146194458, 80.0244903564, 11.2010574341, 0.0617551468313, 0.000114969472634, 2.75688705642e-07, 4.51903048315e-09, 3.40011713229e-10, 5.16240106219e-10],
        "dvar2": [0.160882547498, 8.08369541168, 115.286140442, 255.570632935, 2132.79663086, 3667.48266602, 443.616394043, 785.230041504, 1666.20153809, 3899.98730469, 1113.18188477, 1336.7076416, 2346.15478516, 1159.04821777, 12228.8759766, 1659.84033203, 1476.39245605, 1053.21252441, 541.428527832, 468.172576904, 393.93157959, 252.741699219, 335.630523682, 195.569122314, 255.04989624, 196.095901489, 132.611572266, 144.046051025, 138.154129028, 144.753494263, 192.050094604, 166.601898193, 164.360961914, 19.1211662292, 0.115382649004, 0.000210637415876, 4.78563492834e-07, 7.68070052004e-09, 6.29892249471e-10, 1.21798449104e-09],
        "max": [1.64152669907, 14.4357366562, 57.8508605957, 97.5861129761, 354.628173828, 497.094543457, 182.400588989, 296.121551514, 489.085510254, 673.395141602, 474.58795166, 449.959014893, 485.517456055, 387.630249023, 2233.00683594, 523.329528809, 987.961486816, 362.172637939, 440.642120361, 223.051116943, 247.318511963, 167.078903198, 314.678985596, 113.145835876, 190.728210449, 179.968505859, 89.3252792358, 153.179229736, 196.421173096, 137.011291504, 173.112945557, 213.449478149, 170.871276855, 80.5793914795, 5.33633327484, 0.23292632401, 0.0111108217388, 0.00135292974301, 0.000301978667267, 0.00020299773314],
        "mean": [0.537944495678, 2.49137639999, 5.2856554985, 8.47950172424, 14.1446247101, 21.8354969025, 14.8521442413, 14.8009433746, 22.6606884003, 33.0508499146, 18.0292892456, 16.1007843018, 23.9942436218, 18.8338031769, 37.7863998413, 21.252204895, 20.980884552, 19.7262248993, 12.7409238815, 12.7759552002, 11.7977237701, 11.2283735275, 10.9278125763, 9.76804637909, 10.1465330124, 9.67499828339, 8.40542411804, 8.33404064178, 8.00030899048, 7.52247858047, 7.37515544891, 6.93423509598, 6.19488286972, 2.35914564133, 0.174632072449, 0.00775970239192, 0.000424077996286, 5.84875815548e-05, 3.13883683702e-05, 4.8166140914e-05],
        "median": [0.508163750172, 2.22657179832, 3.07101964951, 4.32772302628, 5.65735054016, 10.2192497253, 10.1590871811, 6.61662769318, 10.135679245, 13.8734703064, 7.6860127449, 6.03070449829, 6.90005779266, 7.01498556137, 11.6025266647, 9.36051845551, 8.67134952545, 8.78933238983, 6.1060962677, 6.03239393234, 5.29370498657, 5.98515319824, 5.58580732346, 5.44361162186, 5.16759872437, 5.24842786789, 4.449239254, 3.95811462402, 3.49885034561, 3.05374288559, 2.64971661568, 2.32685065269, 1.93521058559, 0.867105901241, 0.0652344971895, 0.00293599558063, 0.000167191668879, 2.39337859966e-05, 2.36774449149e-05, 4.30163599958e-05],
        "min": [1.91036278352e-07, 3.44840856314e-07, 2.83037115878e-06, 6.44339297651e-06, 3.65968953702e-05, 1.57976810442e-05, 3.20900107909e-05, 0.000391948618926, 0.000181802388397, 0.00011847542919, 0.000215310632484, 2.08914170798e-05, 2.16911703319e-05, 8.7533308033e-06, 7.81062590249e-06, 8.86521593202e-06, 1.58549828484e-05, 2.50897483056e-05, 9.18593832466e-06, 2.96256644106e-06, 1.9989579414e-06, 4.96471648148e-06, 3.66794338333e-05, 1.96626988327e-05, 4.92654253321e-05, 2.18994446186e-05, 1.22689598356e-05, 5.99361146669e-06, 2.65889889306e-06, 1.36568860398e-05, 8.1966545622e-06, 4.74472071801e-05, 3.2335807191e-05, 8.04016144684e-06, 3.56087213049e-07, 2.63739696749e-08, 7.96607046993e-09, 2.14977347035e-09, 5.70709646208e-10, 1.79713299797e-10],
        "var": [0.135367199779, 3.30721783638, 48.9441413879, 145.640594482, 648.604553223, 1189.16760254, 272.678619385, 533.8359375, 1594.80480957, 2817.4465332, 916.107177734, 930.676513672, 2099.11816406, 1081.01721191, 8306.38183594, 1370.7800293, 2032.08215332, 865.560241699, 475.708282471, 363.913879395, 391.572387695, 222.581939697, 270.584442139, 155.653137207, 192.959152222, 160.081069946, 117.084465027, 157.932403564, 203.628982544, 166.17388916, 218.112060547, 240.073043823, 155.118560791, 28.2387962341, 0.138541713357, 0.000267963652732, 7.03413036263e-07, 1.2007667749e-08, 9.1175456074e-10, 1.04569608528e-09]
    },
    "gfcc": {
        "mean": [-13.5871295929, 118.074058533, -107.872970581, 70.132484436, -72.836227417, 36.9833068848, -35.092414856, 6.4060344696, -11.6510715485, -10.6479415894, 9.14189434052, -15.2722635269, 7.97097587585],
        "cov": [[8656.546875, -583.907714844, -1696.79077148, -420.993804932, -805.964782715, 101.259651184, -542.778076172, -80.3139953613, -121.820869446, 149.733688354, -289.858734131, -25.0479297638, -117.993858337], [-583.907714844, 612.543395996, -59.7845153809, -217.492141724, 102.442008972, -124.816795349, 137.943450928, -26.7228374481, 6.14432477951, -55.0264320374, 88.8336334229, -16.8473129272, 23.100730896], [-1696.79077148, -59.7845153809, 709.148498535, 245.058731079, 150.290786743, 34.6968307495, 60.8917427063, 12.6189126968, 28.0388298035, -24.5456142426, 22.7018413544, 20.4839401245, 41.0217628479], [-420.993804932, -217.492141724, 245.058731079, 350.120941162, 136.46572876, -17.9540328979, -44.1901512146, -31.6701374054, 67.5187835693, -1.01445221901, -36.5091896057, 11.6805925369, 21.8239650726], [-805.964782715, 102.442008972, 150.290786743, 136.46572876, 258.287261963, -5.25685596466, 60.038028717, -21.9700641632, 34.1436195374, -23.8615989685, 10.0659351349, -5.33265638351, 28.793176651], [101.259651184, -124.816795349, 34.6968307495, -17.9540328979, -5.25685596466, 156.63458252, 46.8869094849, 17.3582839966, -35.9622650146, 0.509547233582, -15.7250118256, -0.162466540933, -1.5515152216], [-542.778076172, 137.943450928, 60.8917427063, -44.1901512146, 60.038028717, 46.8869094849, 188.692321777, 33.4901580811, -8.4388217926, -40.684299469, 29.1780967712, 0.289117395878, 18.2846565247], [-80.3139953613, -26.7228374481, 12.6189126968, -31.6701374054, -21.9700641632, 17.3582839966, 33.4901580811, 82.8149108887, 15.7636175156, -2.41762852669, -2.25123858452, 2.15060472488, 0.0353459492326], [-121.820869446, 6.14432477951, 28.0388298035, 67.5187835693, 34.1436195374, -35.9622650146, -8.4388217926, 15.7636175156, 114.675445557, 28.9680118561, 2.96769738197, 8.80035114288, 12.6476631165], [149.733688354, -55.0264320374, -24.5456142426, -1.01445221901, -23.8615989685, 0.509547233582, -40.684299469, -2.41762852669, 28.9680118561, 80.7287902832, 16.0382633209, 4.50144386292, -5.49851465225], [-289.858734131, 88.8336334229, 22.7018413544, -36.5091896057, 10.0659351349, -15.7250118256, 29.1780967712, -2.25123858452, 2.96769738197, 16.0382633209, 79.8844299316, 19.2586460114, -1.3227057457], [-25.0479297638, -16.8473129272, 20.4839401245, 11.6805925369, -5.33265638351, -0.162466540933, 0.289117395878, 2.15060472488, 8.80035114288, 4.50144386292, 19.2586460114, 56.6046638489, 29.0235671997], [-117.993858337, 23.100730896, 41.0217628479, 21.8239650726, 28.793176651, -1.5515152216, 18.2846565247, 0.0353459492326, 12.6476631165, -5.49851465225, -1.3227057457, 29.0235671997, 58.3800010681]],
        "icov": [[0.000475188513519, -0.00079187337542, 0.00108620594256, -0.00106673361734, 0.00128379685339, -0.00132381427102, 0.000987476552837, -0.000183129464858, 0.000350273068761, -0.000560102344025, 0.00126165756956, -0.000580044928938, 0.000120086639072], [-0.00079187337542, 0.0128764845431, -0.00308397668414, 0.0133145451546, -0.00815799552947, 0.0118470154703, -0.00673000235111, 0.0079348674044, -0.00550604471937, 0.00654666172341, -0.00672554550692, 0.00562912691385, -0.00420598546043], [0.00108620594256, -0.00308397668414, 0.00492460513487, -0.00568844471127, 0.00346425152384, -0.00470824353397, 0.00255522341467, -0.00233157747425, 0.00191448954865, -0.00137327506673, 0.00146354699973, -0.00107250385918, -0.000528529926669], [-0.00106673361734, 0.0133145451546, -0.00568844471127, 0.0205699559301, -0.0114919627085, 0.0127429896966, -0.00563704781234, 0.0102343391627, -0.00861439760774, 0.00696750963107, -0.00319635891356, 0.00299725402147, -0.00239117559977], [0.00128379685339, -0.00815799552947, 0.00346425152384, -0.0114919627085, 0.0133465602994, -0.00873890798539, 0.00323409796692, -0.00268803560175, 0.00239986996166, -0.00305336317979, 0.00343674235046, -0.000372067413991, -0.000686171464622], [-0.00132381427102, 0.0118470154703, -0.00470824353397, 0.0127429896966, -0.00873890798539, 0.0207021031529, -0.0103175248951, 0.00582344504073, -0.00140199158341, 0.00230599567294, -0.00286972778849, 0.00299811083823, -0.00176519155502], [0.000987476552837, -0.00673000235111, 0.00255522341467, -0.00563704781234, 0.00323409796692, -0.0103175248951, 0.014299900271, -0.00678398273885, 0.00164581718855, 0.00173457793426, -0.000419720221544, -0.000417047907831, -0.00136859726626], [-0.000183129464858, 0.0079348674044, -0.00233157747425, 0.0102343391627, -0.00268803560175, 0.00582344504073, -0.00678398273885, 0.0211333818734, -0.00798376090825, 0.00439467700198, -0.000532109988853, 0.00143189006485, -0.000685372273438], [0.000350273068761, -0.00550604471937, 0.00191448954865, -0.00861439760774, 0.00239986996166, -0.00140199158341, 0.00164581718855, -0.00798376090825, 0.0164572838694, -0.00902942288667, 0.00343056861311, -0.00297831557691, 0.000172774642124], [-0.000560102344025, 0.00654666172341, -0.00137327506673, 0.00696750963107, -0.00305336317979, 0.00230599567294, 0.00173457793426, 0.00439467700198, -0.00902942288667, 0.0225526001304, -0.0109097734094, 0.00521482247859, -0.00310037285089], [0.00126165756956, -0.00672554550692, 0.00146354699973, -0.00319635891356, 0.00343674235046, -0.00286972778849, -0.000419720221544, -0.000532109988853, 0.00343056861311, -0.0109097734094, 0.02776549384, -0.015326179564, 0.0102159753442], [-0.000580044928938, 0.00562912691385, -0.00107250385918, 0.00299725402147, -0.000372067413991, 0.00299811083823, -0.000417047907831, 0.00143189006485, -0.00297831557691, 0.00521482247859, -0.015326179564, 0.0340414606035, -0.0195082090795], [0.000120086639072, -0.00420598546043, -0.000528529926669, -0.00239117559977, -0.000686171464622, -0.00176519155502, -0.00136859726626, -0.000685372273438, 0.000172774642124, -0.00310037285089, 0.0102159753442, -0.0195082090795, 0.0306225027889]]
    },
    "melbands": {
        "dmean": [0.00193168001715, 0.00174161989707, 0.00116607616656, 0.00122386321891, 0.000375417526811, 0.000233677812503, 0.000194102220121, 0.000207844088436, 9.46381405811e-05, 6.8896326411e-05, 8.01195346867e-05, 4.48132268502e-05, 9.7215466667e-05, 3.21541701851e-05, 4.29268802691e-05, 2.56472994806e-05, 2.30388795899e-05, 1.53278488142e-05, 1.01341001937e-05, 1.25386868604e-05, 8.39057611302e-06, 8.00409270596e-06, 6.32413502899e-06, 6.91656305207e-06, 4.88535806653e-06, 5.33852244189e-06, 4.71901330457e-06, 3.92684614781e-06, 3.69663234778e-06, 2.8864583328e-06, 3.0527146464e-06, 2.81558709503e-06, 2.93268112728e-06, 2.56797147813e-06, 2.92874278784e-06, 2.49663594332e-06, 2.70094028565e-06, 3.28352189172e-06, 2.26990255214e-06, 1.1036934211e-06],
        "dmean2": [0.00339276529849, 0.00297629833221, 0.00192600255832, 0.00210322090425, 0.000605923589319, 0.000381132209441, 0.000308996124659, 0.00033304313547, 0.000149034662172, 0.000106558611151, 0.000126179438666, 6.8440582254e-05, 0.000152723499923, 5.1089515182e-05, 6.82430254528e-05, 3.96675604861e-05, 3.7066409277e-05, 2.41255966102e-05, 1.58590246429e-05, 1.90278351511e-05, 1.26565319079e-05, 1.29344907691e-05, 1.01831010397e-05, 1.11586587082e-05, 7.5069920058e-06, 8.5252113422e-06, 7.32140279069e-06, 6.23423738944e-06, 5.68472842133e-06, 4.369952876e-06, 4.39705172539e-06, 3.97812891606e-06, 4.2693523028e-06, 3.77879609914e-06, 4.31595526607e-06, 3.4109345961e-06, 3.75175886802e-06, 4.7634071052e-06, 3.2917266708e-06, 1.51254698721e-06],
        "dvar": [3.67792472389e-06, 8.36460822029e-06, 3.86310694012e-06, 7.42629390516e-06, 2.78465535075e-07, 1.48966108782e-07, 1.31997779818e-07, 1.62407488347e-07, 3.42668080577e-08, 2.30126975254e-08, 2.69048783252e-08, 7.87023957116e-09, 8.61612008407e-08, 3.87397980361e-09, 9.99920413136e-09, 2.6524311636e-09, 1.61556779066e-09, 9.9920105523e-10, 2.9014082803e-10, 7.68960617403e-10, 2.61795390921e-10, 1.39694950052e-10, 1.17486340101e-10, 1.34819044817e-10, 6.1581059696e-11, 7.83189901821e-11, 6.22090434721e-11, 4.46465711623e-11, 3.31019864297e-11, 2.01268723909e-11, 2.88537735371e-11, 3.04084674108e-11, 3.13065198765e-11, 2.31563847958e-11, 3.95188118341e-11, 3.47432568826e-11, 4.09435679805e-11, 5.05929430294e-11, 2.27563332761e-11, 5.90540767328e-12],
        "dvar2": [1.05916396933e-05, 2.21011068788e-05, 8.92333991942e-06, 2.03885228984e-05, 7.18974604297e-07, 3.84675985288e-07, 3.06155385488e-07, 3.83446547403e-07, 7.78231452614e-08, 5.53199086539e-08, 6.18802715735e-08, 1.75100804967e-08, 2.15809393467e-07, 9.33518151669e-09, 2.27545555731e-08, 5.48303225045e-09, 3.88636411941e-09, 2.01861527493e-09, 7.01629254696e-10, 1.60548441208e-09, 5.31439114937e-10, 3.20468512838e-10, 2.68787603286e-10, 3.04749614433e-10, 1.42062250852e-10, 1.87560397769e-10, 1.48905554553e-10, 1.10139605769e-10, 7.47373274379e-11, 4.57350858574e-11, 5.73140840343e-11, 5.23833962318e-11, 6.32220803487e-11, 4.72448469235e-11, 8.28515173135e-11, 6.28413154846e-11, 7.29083668438e-11, 1.09133577175e-10, 4.42318959237e-11, 1.03801967022e-11],
        "max": [0.0137836821377, 0.0257338508964, 0.0163922924548, 0.0351091660559, 0.00570020871237, 0.00694194482639, 0.00621334090829, 0.00672051962465, 0.00486199278384, 0.00266416301019, 0.00258313235827, 0.00143493921496, 0.00925430841744, 0.0012729333248, 0.00170425779652, 0.00151060032658, 0.000662257429212, 0.000882743974216, 0.000228522083489, 0.000447642843938, 0.000356904347427, 0.000216570071643, 0.000266811548499, 0.000171898675035, 9.66365405475e-05, 0.00011922048725, 0.000127830906422, 0.000146936130477, 7.54687353037e-05, 6.40417420072e-05, 0.000107164109068, 0.000131765613332, 0.000122492521768, 7.77676759753e-05, 0.000117480485642, 0.000121626457258, 0.000131046093884, 0.000147644255776, 0.000107732856122, 5.89208393649e-05],
        "mean": [0.00420731632039, 0.00295696198009, 0.00159247696865, 0.00141047791112, 0.000610372866504, 0.000353581010131, 0.000342744082445, 0.00032418241608, 0.0001356939174, 0.000104338287201, 0.000121406046674, 7.05752972863e-05, 0.000148000239278, 5.19011882716e-05, 6.06922112638e-05, 4.2264979129e-05, 3.47125460394e-05, 2.18419809244e-05, 1.39329185913e-05, 1.95252741833e-05, 1.21415541798e-05, 1.17060417324e-05, 9.27495057113e-06, 1.04253413156e-05, 7.41448184272e-06, 7.63454681874e-06, 7.36366155252e-06, 6.06151070315e-06, 5.46414321434e-06, 4.58044314655e-06, 4.83961093778e-06, 4.51295863968e-06, 4.37581820734e-06, 4.06545132137e-06, 4.317683306e-06, 4.02700834456e-06, 4.27175700679e-06, 4.68353300676e-06, 3.2203970477e-06, 1.58316606758e-06],
        "median": [0.00401740847155, 0.00222921581008, 0.000822291302029, 0.000643233594019, 0.000420638534706, 0.000168401835253, 0.000171267718542, 0.000129066233058, 4.9538895837e-05, 3.62435348507e-05, 3.37450474035e-05, 2.62395114987e-05, 3.79174853151e-05, 2.15539712372e-05, 2.27058608289e-05, 1.62837168318e-05, 1.52637639985e-05, 9.20682668948e-06, 6.67182939651e-06, 7.23556104276e-06, 5.29205408384e-06, 6.01389092481e-06, 4.61847093902e-06, 5.10433437739e-06, 3.89798015021e-06, 3.59932005267e-06, 3.73982379642e-06, 3.12635233968e-06, 2.7836024401e-06, 2.32387878896e-06, 2.17561637328e-06, 1.90913647202e-06, 1.83203235338e-06, 1.58760940394e-06, 1.44973898841e-06, 1.37233678288e-06, 1.39939118071e-06, 1.37872291361e-06, 1.09686436645e-06, 5.68430039039e-07],
        "min": [1.38106837078e-09, 1.04754616093e-09, 2.24454788089e-09, 2.13218687151e-09, 9.00101437828e-10, 8.20816037361e-09, 2.47537701448e-09, 1.8268534463e-09, 1.42394696034e-09, 8.66958033141e-11, 1.04384556554e-10, 3.20884395444e-11, 2.08465623236e-11, 2.99599685338e-11, 2.77849809133e-11, 4.95395079125e-11, 4.60579525907e-11, 2.0265976397e-11, 2.41572495514e-12, 3.97938496391e-12, 1.88729847722e-12, 2.72846589072e-12, 1.67895784081e-11, 4.27736561448e-11, 1.03953321645e-11, 2.65433456464e-11, 3.50963598461e-11, 1.14906608534e-11, 7.89272813773e-12, 7.20042688668e-12, 1.74484081697e-12, 7.90281143477e-13, 4.44721863502e-12, 7.74375095297e-12, 3.2124520058e-12, 7.31672882004e-12, 3.03011990499e-11, 1.86289282611e-11, 2.42684899954e-11, 1.54568729777e-12],
        "var": [7.2920729508e-06, 9.26876509766e-06, 4.68592361358e-06, 6.02833415542e-06, 4.65774235181e-07, 2.86689498807e-07, 2.9950501812e-07, 2.72715482197e-07, 6.30336600693e-08, 4.06908817752e-08, 5.51998553533e-08, 1.60414650452e-08, 1.4800541237e-07, 7.1977095395e-09, 1.54711656819e-08, 7.0046959344e-09, 2.81661471924e-09, 1.73499303813e-09, 4.25552926231e-10, 1.52313550661e-09, 4.68445005009e-10, 2.54404608491e-10, 2.16005588416e-10, 2.30841831761e-10, 1.00476890696e-10, 1.23779278494e-10, 1.11866800545e-10, 7.68302296783e-11, 5.51745801824e-11, 3.85635204325e-11, 6.44643227687e-11, 7.00571961554e-11, 6.23248605502e-11, 5.08806920207e-11, 7.58504786758e-11, 7.99618218861e-11, 9.9657108954e-11, 9.09989653075e-11, 4.73388099553e-11, 1.42948873225e-11]
    },
    "mfcc": {
        "mean": [-640.862792969, 111.052444458, 37.0590515137, 25.6887207031, 13.0016527176, 12.9376316071, 10.1029129028, 7.09482574463, -1.05924856663, 2.60129833221, 0.515930175781, 4.04353713989, 1.15110468864],
        "cov": [[9944.3984375, -728.323547363, -1253.57043457, -805.264831543, -602.691467285, -180.323883057, -578.281066895, -345.524658203, -142.40397644, -66.1079025269, -66.3882827759, 7.26977157593, -137.426712036], [-728.323547363, 745.953674316, -131.549560547, -84.7559661865, -90.8127212524, -75.585105896, 116.912658691, 27.9678039551, -37.6315383911, -22.539516449, 22.7356758118, -11.807844162, 27.1544113159], [-1253.57043457, -131.549560547, 506.077301025, 148.828903198, 114.493225098, 49.8724060059, 46.7137145996, 46.5936088562, 34.9694786072, 0.819559931755, -6.75686311722, 3.07987904549, 13.1590032578], [-805.264831543, -84.7559661865, 148.828903198, 333.831817627, 179.399230957, 51.2489433289, -39.1336517334, 6.81451272964, 40.9550476074, -3.18906807899, -23.6246814728, 6.96533441544, 15.9270086288], [-602.691467285, -90.8127212524, 114.493225098, 179.399230957, 223.039474487, 64.7596893311, -21.7469425201, -7.04632329941, 27.0984306335, 0.209587737918, -5.37228441238, 4.94502544403, 1.13930296898], [-180.323883057, -75.585105896, 49.8724060059, 51.2489433289, 64.7596893311, 131.337249756, 38.5927658081, 10.0020904541, 22.2884426117, -2.77392482758, -0.666852533817, -5.44051218033, -5.27661085129], [-578.281066895, 116.912658691, 46.7137145996, -39.1336517334, -21.7469425201, 38.5927658081, 183.13142395, 68.7353591919, 0.401426196098, -1.93291759491, 5.91868209839, -23.7175483704, -1.33816552162], [-345.524658203, 27.9678039551, 46.5936088562, 6.81451272964, -7.04632329941, 10.0020904541, 68.7353591919, 110.083602905, 39.9050178528, 1.57646143436, -7.62796354294, -6.74070882797, -5.14253425598], [-142.40397644, -37.6315383911, 34.9694786072, 40.9550476074, 27.0984306335, 22.2884426117, 0.401426196098, 39.9050178528, 97.2393875122, 14.2097005844, -3.40542316437, -4.33830308914, -4.33079719543], [-66.1079025269, -22.539516449, 0.819559931755, -3.18906807899, 0.209587737918, -2.77392482758, -1.93291759491, 1.57646143436, 14.2097005844, 71.1820602417, 18.5436820984, -0.452639847994, -8.54695034027], [-66.3882827759, 22.7356758118, -6.75686311722, -23.6246814728, -5.37228441238, -0.666852533817, 5.91868209839, -7.62796354294, -3.40542316437, 18.5436820984, 57.0498390198, 14.1967105865, 3.38109183311], [7.26977157593, -11.807844162, 3.07987904549, 6.96533441544, 4.94502544403, -5.44051218033, -23.7175483704, -6.74070882797, -4.33830308914, -0.452639847994, 14.1967105865, 67.4402313232, 16.9781780243], [-137.426712036, 27.1544113159, 13.1590032578, 15.9270086288, 1.13930296898, -5.27661085129, -1.33816552162, -5.14253425598, -4.33079719543, -8.54695034027, 3.38109183311, 16.9781780243, 67.8017196655]],
