{
"lowlevel": {
    "average_loudness": 0.95920085907,
    "barkbands_crest": {
        "dmean": 2.6259264946,
        "dmean2": 4.3078956604,
        "dvar": 4.793197155,
        "dvar2": 13.0124645233,
        "max": 23.8319206238,
        "mean": 12.5764255524,
        "median": 12.1947174072,
        "min": 4.73904561996,
        "var": 13.3462715149
    },
    "barkbands_flatness_db": {
        "dmean": 0.031679391861,
        "dmean2": 0.0463530533016,
        "dvar": 0.000787136727013,
        "dvar2": 0.00145487487316,
        "max": 0.529782533646,
        "mean": 0.281539231539,
        "median": 0.280951082706,
        "min": 0.0992887094617,
        "var": 0.00431318953633
    },
    "barkbands_kurtosis": {
        "dmean": 6.47916984558,
        "dmean2": 10.6073446274,
        "dvar": 53.186466217,
        "dvar2": 138.082336426,
        "max": 118.02117157,
        "mean": 14.4234647751,
        "median": 11.9814825058,
        "min": -1.90328502655,
        "var": 168.00958252
    },
    "barkbands_skewness": {
        "dmean": 0.690907716751,
        "dmean2": 1.10006928444,
        "dvar": 0.384804815054,
        "dvar2": 0.957837343216,
        "max": 8.51996231079,
        "mean": 2.70974993706,
        "median": 2.70219373703,
        "min": -0.422177404165,
        "var": 1.60313367844
    },
    "barkbands_spread": {
        "dmean": 2.96784281731,
        "dmean2": 4.43757867813,
        "dvar": 32.9105796814,
        "dvar2": 49.748878479,
        "max": 89.8828353882,
        "mean": 8.20161628723,
        "median": 4.61952161789,
        "min": 0.479186326265,
        "var": 152.632278442
    },
    "dissonance": {
        "dmean": 0.031194485724,
        "dmean2": 0.0520457476377,
        "dvar": 0.000845412199851,
        "dvar2": 0.00227248552255,
        "max": 0.499953687191,
        "mean": 0.422320127487,
        "median": 0.432823568583,
        "min": 0.191673189402,
        "var": 0.00254894304089
    },
    "dynamic_complexity": 2.27678656578,
    "erbbands_crest": {
        "dmean": 2.61516594887,
        "dmean2": 4.28469705582,
        "dvar": 4.61059188843,
        "dvar2": 11.5425291061,
        "max": 27.3981246948,
        "mean": 10.1152467728,
        "median": 9.46544075012,
        "min": 3.50056862831,
        "var": 14.2492389679
    },
    "erbbands_flatness_db": {
        "dmean": 0.0219321344048,
        "dmean2": 0.0286832265556,
        "dvar": 0.00043347501196,
        "dvar2": 0.000747350568417,
        "max": 0.372304707766,
        "mean": 0.229105129838,
        "median": 0.228598505259,
        "min": 0.118361823261,
        "var": 0.00255470862612
    },
    "erbbands_kurtosis": {
        "dmean": 1.33672475815,
        "dmean2": 2.09688138962,
        "dvar": 1.93769109249,
        "dvar2": 4.32367563248,
        "max": 13.8092327118,
        "mean": 1.77877223492,
        "median": 1.30917072296,
        "min": -1.70902788639,
        "var": 6.21262979507
    },
    "erbbands_skewness": {
        "dmean": 0.407427281141,
        "dmean2": 0.616884589195,
        "dvar": 0.129481181502,
        "dvar2": 0.269483625889,
        "max": 3.55100870132,
        "mean": 0.935757040977,
        "median": 1.01902604103,
        "min": -2.49506807327,
        "var": 0.752058148384
    },
    "erbbands_spread": {
        "dmean": 7.88489484787,
        "dmean2": 11.2529659271,
        "dvar": 104.795944214,
        "dvar2": 206.921569824,
        "max": 139.514648438,
        "mean": 30.9840450287,
        "median": 24.5004005432,
        "min": 6.41494035721,
        "var": 401.141998291
    },
    "hfc": {
        "dmean": 3.27884602547,
        "dmean2": 4.76344966888,
        "dvar": 16.2303924561,
        "dvar2": 26.9202537537,
        "max": 104.300750732,
        "mean": 11.5615692139,
        "median": 9.23193836212,
        "min": 0.000186983888852,
        "var": 89.7949066162
    },
    "melbands_crest": {
        "dmean": 3.43457937241,
        "dmean2": 5.86314582825,
        "dvar": 7.86641359329,
        "dvar2": 22.5071086884,
        "max": 31.6906757355,
        "mean": 18.0789699554,
        "median": 17.8448791504,
        "min": 7.09190940857,
        "var": 19.6339530945
    },
    "melbands_flatness_db": {
        "dmean": 0.0368437021971,
        "dmean2": 0.0507409907877,
        "dvar": 0.00115437770728,
        "dvar2": 0.00203515449539,
        "max": 0.634267985821,
        "mean": 0.346067458391,
        "median": 0.347079187632,
        "min": 0.112583108246,
        "var": 0.00707335583866
    },
    "melbands_kurtosis": {
        "dmean": 12.3485078812,
        "dmean2": 19.9614810944,
        "dvar": 225.001693726,
        "dvar2": 580.665893555,
        "max": 210.242950439,
        "mean": 27.7420272827,
        "median": 21.9698352814,
        "min": -0.76057934761,
        "var": 592.230895996
    },
    "melbands_skewness": {
        "dmean": 0.848728179932,
        "dmean2": 1.35235655308,
        "dvar": 0.647123634815,
        "dvar2": 1.58837819099,
        "max": 10.7800426483,
        "mean": 3.66456961632,
        "median": 3.55364274979,
        "min": 0.422148495913,
        "var": 2.49173021317
    },
    "melbands_spread": {
        "dmean": 2.92317080498,
        "dmean2": 4.5171380043,
        "dvar": 37.7925224304,
        "dvar2": 71.6495437622,
        "max": 118.920516968,
        "mean": 7.39072465897,
        "median": 4.40299606323,
        "min": 0.439038485289,
        "var": 135.529602051
    },
    "pitch_salience": {
        "dmean": 0.0767563283443,
        "dmean2": 0.126372918487,
        "dvar": 0.00421368330717,
        "dvar2": 0.012079318054,
        "max": 0.799701333046,
        "mean": 0.493992179632,
        "median": 0.503109455109,
        "min": 0.0842909067869,
        "var": 0.0120511762798
    },
    "silence_rate_20dB": {
        "dmean": 0,
        "dmean2": 0,
        "dvar": 0,
        "dvar2": 0,
        "max": 1,
        "mean": 1,
        "median": 1,
        "min": 1,
        "var": 0
    },
    "silence_rate_30dB": {
        "dmean": 0.0217054262757,
        "dmean2": 0.0434445291758,
        "dvar": 0.021234286949,
        "dvar2": 0.0555213838816,
        "max": 1,
        "mean": 0.979860544205,
        "median": 1,
        "min": 0,
        "var": 0.0197339039296
    },
    "silence_rate_60dB": {
        "dmean": 0.00155038759112,
        "dmean2": 0.00310318078846,
        "dvar": 0.00154796463903,
        "dvar2": 0.00309357605875,
        "max": 1,
        "mean": 0.020139425993,
        "median": 0,
        "min": 0,
        "var": 0.0197335537523
    },
    "spectral_centroid": {
        "dmean": 130.765640259,
        "dmean2": 189.8699646,
        "dvar": 52341.84375,
        "dvar2": 88957.5234375,
        "max": 4079.58544922,
        "mean": 511.413909912,
        "median": 361.558532715,
        "min": 124.874565125,
        "var": 242398.484375
    },
    "spectral_complexity": {
        "dmean": 1.84186041355,
        "dmean2": 2.85182309151,
        "dvar": 2.86024904251,
        "dvar2": 5.65453624725,
        "max": 27,
        "mean": 10.0294342041,
        "median": 10,
        "min": 0,
        "var": 10.3120527267
    },
    "spectral_decrease": {
        "dmean": 3.43657502455e-09,
        "dmean2": 5.66664448698e-09,
        "dvar": 1.23871463054e-17,
        "dvar2": 3.10385793662e-17,
        "max": -1.58132255662e-13,
        "mean": -1.07356905588e-08,
        "median": -9.6604768629e-09,
        "min": -5.20632852385e-08,
        "var": 4.6100380268e-17
    },
    "spectral_energy": {
        "dmean": 0.0131890848279,
        "dmean2": 0.0217194706202,
        "dvar": 0.00018108986842,
        "dvar2": 0.00045333392336,
        "max": 0.199065983295,
        "mean": 0.0415676385164,
        "median": 0.0371575728059,
        "min": 6.13785971382e-07,
        "var": 0.000675360846799
    },
    "spectral_energyband_high": {
        "dmean": 0.000145572223119,
        "dmean2": 0.000175938621396,
        "dvar": 2.6507635198e-07,
        "dvar2": 3.55632465698e-07,
        "max": 0.0150657529011,
        "mean": 0.000273399258731,
        "median": 4.07576590078e-05,
        "min": 1.0938581152e-09,
        "var": 1.23953998354e-06
    },
    "spectral_energyband_low": {
        "dmean": 0.00900617428124,
        "dmean2": 0.0153558822349,
        "dvar": 0.000137862632982,
        "dvar2": 0.00038445048267,
        "max": 0.16912843287,
        "mean": 0.0197977181524,
        "median": 0.0135271325707,
        "min": 3.99201987022e-08,
        "var": 0.000418631127104
    },
    "spectral_energyband_middle_high": {
        "dmean": 0.000632697658148,
        "dmean2": 0.000935273885261,
        "dvar": 1.17576917091e-06,
        "dvar2": 2.6800573778e-06,
        "max": 0.018225369975,
        "mean": 0.00163008016534,
        "median": 0.000827682379168,
        "min": 4.14355483258e-08,
        "var": 5.78168192078e-06
    },
    "spectral_energyband_middle_low": {
        "dmean": 0.00801307614893,
        "dmean2": 0.0128332702443,
        "dvar": 8.17270265543e-05,
        "dvar2": 0.000194729407667,
        "max": 0.103414483368,
        "mean": 0.0224998425692,
        "median": 0.0174280852079,
        "min": 5.42046961982e-07,
        "var": 0.00033667057869
    },
    "spectral_entropy": {
        "dmean": 0.291743755341,
        "dmean2": 0.380121082067,
        "dvar": 0.0763975307345,
        "dvar2": 0.12712918222,
        "max": 8.33901309967,
        "mean": 6.53906154633,
        "median": 6.47554302216,
        "min": 5.04455327988,
        "var": 0.428487449884
    },
    "spectral_flux": {
        "dmean": 0.0260174386203,
        "dmean2": 0.0435113199055,
        "dvar": 0.000610987073742,
        "dvar2": 0.00150363892317,
        "max": 0.26176699996,
        "mean": 0.0820493772626,
        "median": 0.0760423690081,
        "min": 0.000783444964327,
        "var": 0.00139203411527
    },
    "spectral_kurtosis": {
        "dmean": 7.56687355042,
        "dmean2": 11.4315319061,
        "dvar": 93.0941467285,
        "dvar2": 216.350463867,
        "max": 126.609542847,
        "mean": 14.0572853088,
        "median": 8.32196521759,
        "min": -0.87601017952,
        "var": 246.240097046
    },
    "spectral_rms": {
        "dmean": 0.00100025394931,
        "dmean2": 0.00163567741401,
        "dvar": 8.10427991382e-07,
        "dvar2": 2.02837691177e-06,
        "max": 0.0139359505847,
        "mean": 0.0060254461132,
        "median": 0.00602090451866,
        "min": 2.44707098318e-05,
        "var": 4.24777726948e-06
    },
    "spectral_rolloff": {
        "dmean": 189.858856201,
        "dmean2": 317.501098633,
        "dvar": 366748.65625,
        "dvar2": 702609.0625,
        "max": 8225.68359375,
        "mean": 543.233703613,
        "median": 301.46484375,
        "min": 107.666015625,
        "var": 1048145.1875
    },
    "spectral_skewness": {
        "dmean": 0.642276763916,
        "dmean2": 0.906969845295,
        "dvar": 0.428381353617,
        "dvar2": 0.929685413837,
        "max": 8.86275005341,
        "mean": 2.62897396088,
        "median": 2.39144492149,
        "min": -0.0327176079154,
        "var": 1.82601773739
    },
    "spectral_spread": {
        "dmean": 602628,
        "dmean2": 766793.8125,
        "dvar": 584341716992,
        "dvar2": 772131782656,
        "max": 22039066,
        "mean": 3101510.5,
        "median": 2843613.75,
        "min": 557569,
        "var": 2.16445720986e+12
    },
    "spectral_strongpeak": {
        "dmean": 0.306518703699,
        "dmean2": 0.52432435751,
        "dvar": 0.118488296866,
        "dvar2": 0.305162966251,
        "max": 5.14821815491,
        "mean": 0.75246411562,
        "median": 0.619670808315,
        "min": 0.00192768406123,
        "var": 0.284301817417
    },
    "zerocrossingrate": {
        "dmean": 0.00584461307153,
        "dmean2": 0.00657380372286,
        "dvar": 0.000106050210888,
        "dvar2": 9.52696427703e-05,
        "max": 0.2314453125,
        "mean": 0.0245751831681,
        "median": 0.01708984375,
        "min": 0.00390625,
        "var": 0.000763607502449
    },
    "barkbands": {
        "dmean": [2.46370982495e-05, 0.00433657318354, 0.00508222077042, 0.00369254592806, 0.00498902658001, 0.000749623461161, 0.00103495689109, 0.0003089903621, 0.000434200424934, 0.000329817645252, 0.000101768033346, 0.000150770007167, 6.03567496e-05, 4.98844856338e-05, 5.35458893864e-05, 7.38689050195e-05, 3.95679999201e-05, 2.03029940167e-05, 2.25286494242e-05, 3.42333951266e-05, 3.60057711077e-05, 3.84468330594e-05, 3.71220885427e-05, 3.21185398207e-05, 7.74190812081e-06, 6.27884411131e-09, 1.25957577701e-09],
        "dmean2": [4.34605462942e-05, 0.00720829376951, 0.00879078824073, 0.0060911308974, 0.00799945462495, 0.00118878204376, 0.00156544882338, 0.000469731719932, 0.000699138618074, 0.000528954842594, 0.000148142891703, 0.000207708959351, 9.49501554715e-05, 7.93668077677e-05, 8.50419528433e-05, 0.000128944549942, 5.72278913751e-05, 2.98916693282e-05, 3.49726360582e-05, 4.7724963224e-05, 5.04851414007e-05, 5.27326083102e-05, 4.80535964016e-05, 3.82075522793e-05, 1.04868468043e-05, 9.68437063875e-09, 2.30406826951e-09],
        "dvar": [3.28661453608e-09, 4.60512201244e-05, 4.23803139711e-05, 2.67618106591e-05, 4.86946264573e-05, 2.20040487875e-06, 5.19209788763e-06, 5.57062151074e-07, 8.87503119884e-07, 6.06952255566e-07, 6.77126479331e-08, 2.33715397258e-07, 2.47483669114e-08, 1.09458735409e-08, 2.88299020212e-08, 1.18109262814e-07, 2.14356674633e-08, 4.41896830239e-09, 9.32648713814e-09, 1.75412004921e-08, 2.62700172726e-08, 3.01936040614e-08, 2.39016220149e-08, 1.74238152795e-08, 1.11026676741e-09, 6.18947568047e-16, 2.48961346608e-18],
        "dvar2": [7.73280106614e-09, 0.000115400405775, 0.000123785604956, 6.6323489591e-05, 0.000122033721709, 4.68957387056e-06, 1.11129202196e-05, 1.07313087483e-06, 2.17392857849e-06, 1.62414312399e-06, 1.17948310674e-07, 3.89228887343e-07, 4.76280277439e-08, 2.50477434349e-08, 7.87357024024e-08, 3.42587355817e-07, 4.22558414925e-08, 1.00802441949e-08, 2.43257787247e-08, 3.58169529591e-08, 5.89989745947e-08, 4.92043987776e-08, 3.28030296259e-08, 2.20088391956e-08, 1.82416504124e-09, 1.33754983289e-15, 7.44960514026e-18],
        "max": [0.00125201896299, 0.113834656775, 0.061678532511, 0.0688633918762, 0.0973547622561, 0.0228188429028, 0.0600271522999, 0.0191114358604, 0.0158851910383, 0.0119112087414, 0.00576947303489, 0.0158848557621, 0.00385917373933, 0.00206065690145, 0.00439834408462, 0.00707897730172, 0.00386978988536, 0.00135830324143, 0.00293846195564, 0.00241290801205, 0.00404686573893, 0.00548661965877, 0.00439540203661, 0.00396076962352, 0.000693354464602, 5.13496388521e-07, 1.16550920026e-08],
        "mean": [2.43817648879e-05, 0.00871849991381, 0.00847600772977, 0.00644982047379, 0.0104513335973, 0.00157627661247, 0.00246475846507, 0.000553749327082, 0.000900184502825, 0.000569920870475, 0.00015700754011, 0.000430626096204, 0.000101131088741, 7.45100041968e-05, 8.09987031971e-05, 0.000115657472634, 6.22061488684e-05, 2.72479483101e-05, 3.47387504007e-05, 5.06722280988e-05, 5.3162133554e-05, 6.64762192173e-05, 6.41785372864e-05, 5.37137348147e-05, 1.03863358163e-05, 7.71824826273e-09, 1.02778419109e-09],
        "median": [9.58275268204e-06, 0.00193889532238, 0.00590950995684, 0.00334512768313, 0.00558215938509, 0.000812629587017, 0.000827812240459, 0.000192534876987, 0.00031091782148, 0.000253974722, 4.35808142356e-05, 4.469688065e-05, 4.21232653025e-05, 3.03385713778e-05, 2.99125858874e-05, 1.67164507729e-05, 1.33959656523e-05, 7.75280750531e-06, 9.69374923443e-06, 9.10179005587e-06, 6.95672088113e-06, 6.72419037073e-06, 8.63718469191e-06, 3.00174701806e-06, 1.92940646571e-07, 1.08217124151e-09, 4.01306626818e-10],
        "min": [1.26261101574e-09, 2.27477485737e-08, 5.57763923936e-09, 5.55096946186e-08, 4.55048336789e-07, 3.98646937683e-09, 1.74620851112e-08, 1.93023974582e-09, 6.86852130727e-09, 1.74535443875e-08, 2.70086775167e-09, 2.43714182169e-09, 1.16816201157e-08, 4.57675586318e-09, 5.48011025447e-10, 4.84227491437e-10, 5.41394984399e-10, 9.71761213164e-11, 9.90458826067e-11, 1.32999089519e-09, 1.31019917138e-10, 3.16736054051e-10, 4.91562290872e-10, 4.28361270066e-11, 1.60616051709e-11, 5.32808346054e-12, 9.44904571254e-12],
        "var": [3.52082873967e-09, 0.000208023091545, 6.95972630638e-05, 6.21513099759e-05, 0.000151584623381, 6.47245360597e-06, 2.23698643822e-05, 2.15775617107e-06, 3.15703891829e-06, 9.6827420748e-07, 2.06886525689e-07, 2.34419690059e-06, 5.75770862099e-08, 2.1807853301e-08, 4.79109765195e-08, 2.64767209046e-07, 6.62404744389e-08, 5.87564930044e-09, 1.83801365239e-08, 3.09451735347e-08, 5.66346400888e-08, 1.07388352433e-07, 8.67089724466e-08, 7.23800681612e-08, 2.76629319451e-09, 1.24351159981e-15, 2.20650221603e-18]
    },
    "erbbands": {
        "dmean": [0.0433142744005, 1.25671517849, 5.51211452484, 8.19140815735, 15.7587041855, 19.9239654541, 4.73183822632, 7.90977525711, 14.9894561768, 9.30222129822, 6.16134643555, 11.333117485, 6.56837749481, 9.72101783752, 6.24765110016, 4.36638259888, 2.89567375183, 2.48933005333, 3.0270357132, 2.56053376198, 3.29302787781, 1.75976729393, 1.47548878193, 0.923002898693, 1.42880511284, 1.33816182613, 1.35558092594, 1.48237812519, 1.42026722431, 1.04943871498, 1.11284458637, 0.70850777626, 0.530996084213, 0.168300285935, 0.00853378418833, 0.000399983342504, 2.87665625365e-05, 4.77069261251e-06, 6.60022624288e-06, 1.45515687109e-05],
        "dmean2": [0.0728339105844, 2.10866308212, 9.68181228638, 13.516664505, 25.4730110168, 31.9012565613, 7.72776269913, 12.4601144791, 21.8793849945, 14.5988407135, 9.37086486816, 18.1913070679, 10.9907989502, 15.3066997528, 8.74188327789, 6.06293201447, 4.5184879303, 3.88836956024, 4.87419223785, 4.17057991028, 5.43703460693, 2.56510829926, 2.15867161751, 1.42277765274, 2.14936757088, 1.88574314117, 1.94450449944, 2.12547206879, 1.9547752142, 1.48829638958, 1.46905720234, 0.834826171398, 0.633781135082, 0.217846125364, 0.0113849593326, 0.00051997799892, 3.57803946827e-05, 5.82287157158e-06, 1.03690945252e-05, 2.37802032643e-05],
        "dvar": [0.0038326648064, 3.81795096397, 55.2257995605, 95.6183319092, 454.277374268, 975.637878418, 39.9840927124, 293.030395508, 1154.58911133, 291.57019043, 286.326049805, 591.811218262, 388.868621826, 485.498596191, 273.297180176, 219.049194336, 66.7437286377, 21.166891098, 85.0502319336, 77.1311645508, 163.553665161, 30.6831302643, 24.0260944366, 6.63947725296, 39.6795043945, 20.9948272705, 25.4259967804, 46.0819587708, 44.5419769287, 21.7999687195, 23.4199180603, 8.35839748383, 4.75258255005, 0.49062910676, 0.00234408001415, 4.55871440863e-06, 1.26792825128e-08, 2.67115468633e-10, 4.7011557841e-11, 2.13400810911e-10],
        "dvar2": [0.00971810799092, 9.83169555664, 168.846252441, 245.221908569, 1182.96203613, 2419.01904297, 94.724571228, 593.063049316, 2366.91845703, 660.530456543, 587.037475586, 1480.26000977, 1066.40270996, 1245.73937988, 480.599700928, 352.679412842, 125.518218994, 53.2133979797, 235.156326294, 204.39352417, 473.930114746, 60.6036300659, 51.2621269226, 15.608294487, 101.904151917, 42.0723190308, 54.7162094116, 101.023109436, 72.2386016846, 39.3707695007, 35.2042808533, 11.5541114807, 5.96778249741, 0.746647536755, 0.0045366208069, 8.48383933771e-06, 1.89529831829e-08, 3.34031857729e-10, 1.01759364823e-10, 5.36083288871e-10],
        "max": [0.945132434368, 32.1475715637, 77.8334960938, 106.572250366, 241.924530029, 426.774810791, 100.162864685, 289.480041504, 1075.11364746, 383.530670166, 525.825683594, 468.109893799, 452.972412109, 370.985748291, 436.403961182, 468.915405273, 210.42024231, 58.8792953491, 231.624008179, 209.374923706, 205.060699463, 148.16696167, 87.4343795776, 56.5531311035, 158.260986328, 92.0012817383, 116.740356445, 185.449020386, 188.129470825, 93.93384552, 125.579315186, 77.3076629639, 62.0734481812, 15.4636163712, 1.03901612759, 0.0460399910808, 0.00256656506099, 0.00042835494969, 0.000129128879053, 0.000217364533455],
        "mean": [0.0764060840011, 2.55931615829, 9.9380979538, 15.2750043869, 33.9653739929, 36.6653862, 10.0665359497, 16.2252960205, 37.0899581909, 19.7321777344, 13.4605579376, 24.4785671234, 11.0639200211, 17.9970340729, 15.2387428284, 11.0088891983, 5.14700841904, 4.13514232635, 4.80082893372, 4.25569581985, 4.94654989243, 2.96553015709, 2.30446028709, 1.37536597252, 2.16927981377, 2.12995100021, 2.00147938728, 2.37199044228, 2.40315747261, 1.94023227692, 1.84991598129, 1.20529079437, 0.868896961212, 0.239636003971, 0.0100552234799, 0.00051208405057, 5.18395536346e-05, 8.85877943801e-06, 2.09609734156e-05, 4.64863660454e-05],
        "median": [0.0301319994032, 0.72187769413, 6.86270284653, 10.6075820923, 20.7864780426, 16.2426109314, 6.78984880447, 8.54927444458, 11.033244133, 9.4653673172, 5.46285963058, 8.19523048401, 6.11245012283, 6.91030979156, 2.69256830215, 1.91532552242, 2.2490811348, 1.87055027485, 1.83490049839, 1.26220488548, 0.988930761814, 0.80266481638, 0.49059855938, 0.476969480515, 0.499116063118, 0.407417148352, 0.318931549788, 0.294643729925, 0.244241371751, 0.178696587682, 0.243322372437, 0.128680765629, 0.0399929396808, 0.00554868206382, 0.000206225726288, 4.15723552578e-05, 1.75646327989e-05, 2.84911538984e-06, 1.84324217116e-05, 4.21467666456e-05],
        "min": [5.56692498321e-07, 5.33776756129e-06, 1.06612515083e-05, 9.17233919608e-05, 0.00104389234912, 0.00173279282171, 0.000265761627816, 5.54000507691e-05, 0.000233485086937, 0.000127927734866, 7.91084312368e-05, 0.00015576761507, 0.00018472073134, 0.000683827674948, 0.000116326118587, 7.41943367757e-05, 0.000477864959976, 0.000409992644563, 4.17788614868e-05, 4.15430986322e-05, 3.19249884342e-05, 3.08357339236e-05, 7.57057614464e-06, 4.25849475505e-06, 3.14375429298e-05, 5.25564901181e-05, 6.56874954075e-06, 7.70344104239e-06, 1.25881515487e-05, 4.42254713562e-06, 1.40321144499e-05, 5.80214646106e-06, 5.74539626541e-07, 2.45788299935e-07, 6.62000090301e-08, 2.26747918219e-08, 8.91422313742e-09, 5.00975527729e-09, 1.4987381336e-09, 8.1385809203e-10],
        "var": [0.0118114575744, 16.5000610352, 106.078582764, 206.624557495, 1253.85974121, 2511.60644531, 112.020973206, 833.385375977, 5349.62988281, 863.057128906, 1340.06677246, 2328.90771484, 365.461212158, 1181.13696289, 1841.05615234, 1240.40246582, 152.628616333, 43.6527748108, 138.766876221, 180.433059692, 331.13180542, 101.65827179, 53.8878059387, 12.1648225784, 77.8386535645, 44.5075874329, 50.4452590942, 140.986038208, 145.945251465, 76.9017562866, 74.5630722046, 32.5202331543, 19.3328742981, 1.45212125778, 0.00395107083023, 8.62028718984e-06, 3.88992518197e-08, 1.06147890477e-09, 1.90664095623e-10, 7.94589727349e-10]
    },
    "gfcc": {
        "mean": [-78.0424423218, 180.047531128, -105.937767029, 46.3482780457, -68.0362625122, 10.661658287, -24.9470024109, -19.4627971649, -0.318659454584, -30.6306285858, 0.524865806103, -26.8081150055, 0.45188331604],
        "cov": [[3393.93408203, -1060.66552734, -282.28503418, 632.471984863, -513.483398438, 294.234527588, -176.105194092, 257.079284668, -97.9462738037, 62.6781806946, 32.3449058533, 1.1422098875, 143.082611084], [-1060.66552734, 1223.08337402, 201.224121094, -666.850952148, 423.772583008, -278.237457275, 209.160247803, -148.978408813, 129.919326782, -131.878311157, 41.9150619507, 27.4648952484, -59.5486984253], [-282.28503418, 201.224121094, 452.676971436, -105.746574402, 92.5594940186, 32.4493865967, 59.5108451843, 26.8882350922, 12.1063785553, 1.02018177509, -2.78123474121, 16.365776062, 16.557062149], [632.471984863, -666.850952148, -105.746574402, 595.371337891, -120.482421875, 148.156158447, -91.6016998291, 83.4107513428, 38.8656845093, 117.876159668, -27.9031982422, 7.39473390579, 74.1541824341], [-513.483398438, 423.772583008, 92.5594940186, -120.482421875, 374.347076416, -81.3239974976, 69.8221206665, -8.23389911652, 107.490409851, -2.39936852455, -1.32350933552, 26.4453086853, 0.409136295319], [294.234527588, -278.237457275, 32.4493865967, 148.156158447, -81.3239974976, 221.068435669, 14.1241645813, 58.9932899475, -10.7375307083, 50.1571121216, -0.628655135632, -1.94289648533, 36.7842178345], [-176.105194092, 209.160247803, 59.5108451843, -91.6016998291, 69.8221206665, 14.1241645813, 164.974975586, -11.1519556046, 42.3184089661, -4.396048069, 7.05065631866, 22.7301616669, -20.8496932983], [257.079284668, -148.978408813, 26.8882350922, 83.4107513428, -8.23389911652, 58.9932899475, -11.1519556046, 156.289657593, -3.54763245583, 8.90980625153, 18.9062595367, 15.5491962433, 32.8346176147], [-97.9462738037, 129.919326782, 12.1063785553, 38.8656845093, 107.490409851, -10.7375307083, 42.3184089661, -3.54763245583, 157.086212158, 30.9049053192, -19.4094009399, 36.6956062317, 18.3985595703], [62.6781806946, -131.878311157, 1.02018177509, 117.876159668, -2.39936852455, 50.1571121216, -4.396048069, 8.90980625153, 30.9049053192, 115.87625885, 3.69112801552, -13.3812503815, 21.7929458618], [32.3449058533, 41.9150619507, -2.78123474121, -27.9031982422, -1.32350933552, -0.628655135632, 7.05065631866, 18.9062595367, -19.4094009399, 3.69112801552, 82.2066192627, 11.0243377686, -18.1876564026], [1.1422098875, 27.4648952484, 16.365776062, 7.39473390579, 26.4453086853, -1.94289648533, 22.7301616669, 15.5491962433, 36.6956062317, -13.3812503815, 11.0243377686, 74.263710022, 11.1271352768], [143.082611084, -59.5486984253, 16.557062149, 74.1541824341, 0.409136295319, 36.7842178345, -20.8496932983, 32.8346176147, 18.3985595703, 21.7929458618, -18.1876564026, 11.1271352768, 88.7812042236]],
        "icov": [[0.000522379181348, -0.000266313028987, 0.000244073162321, -0.000476455577882, 0.000656971416902, -0.000314689765219, 0.000191302839085, -0.000648768967949, 0.00011458966037, 0.000135091002448, -0.000129202831886, -4.38816277892e-05, -0.000333723262884], [-0.000266313028987, 0.0173507314175, -0.00286183087155, 0.012211070396, -0.00859549362212, 0.0086231995374, -0.00947702024132, 0.00851049367338, -0.0122425127774, 0.009048813954, -0.0125051857904, 0.00841258652508, -0.00980519037694], [0.000244073162321, -0.00286183087155, 0.00321242888458, -0.00142881739885, 0.00100989011116, -0.00219525280409, 0.00115244474728, -0.00210281601176, 0.00244725123048, -0.00191889377311, 0.00250133289956, -0.00190923537593, 0.000950250483584], [-0.000476455577882, 0.012211070396, -0.00142881739885, 0.0120910583064, -0.0057311845012, 0.00483229290694, -0.00509723322466, 0.00519978674129, -0.00945382099599, 0.00368676101789, -0.0073813018389, 0.00472421338782, -0.00702017871663], [0.000656971416902, -0.00859549362212, 0.00100989011116, -0.0057311845012, 0.0090068122372, -0.00301574519835, 0.00394364027306, -0.00528230005875, 0.00328504946083, -0.00447956100106, 0.00554385967553, -0.00370526686311, 0.00388114945963], [-0.000314689765219, 0.0086231995374, -0.00219525280409, 0.00483229290694, -0.00301574519835, 0.0116708120331, -0.00711142737418, 0.00277795083821, -0.00517175951973, 0.00278956978582, -0.00606468040496, 0.00469471514225, -0.00629856064916], [0.000191302839085, -0.00947702024132, 0.00115244474728, -0.00509723322466, 0.00394364027306, -0.00711142737418, 0.0139573998749, -0.00432405201718, 0.00462408922613, -0.00536933587864, 0.00681291241199, -0.00662929331884, 0.0077691860497], [-0.000648768967949, 0.00851049367338, -0.00210281601176, 0.00519978674129, -0.00528230005875, 0.00277795083821, -0.00432405201718, 0.0131861269474, -0.00546333193779, 0.00563614815474, -0.00857062358409, 0.00330640468746, -0.00663737813011], [0.00011458966037, -0.0122425127774, 0.00244725123048, -0.00945382099599, 0.00328504946083, -0.00517175951973, 0.00462408922613, -0.00546333193779, 0.0199386961758, -0.00965494662523, 0.0119585702196, -0.0109656741843, 0.00634000496939], [0.000135091002448, 0.009048813954, -0.00191889377311, 0.00368676101789, -0.00447956100106, 0.00278956978582, -0.00536933587864, 0.00563614815474, -0.00965494662523, 0.0185542814434, -0.0103623848408, 0.00957371201366, -0.00722677260637], [-0.000129202831886, -0.0125051857904, 0.00250133289956, -0.0073813018389, 0.00554385967553, -0.00606468040496, 0.00681291241199, -0.00857062358409, 0.0119585702196, -0.0103623848408, 0.0248275157064, -0.0107644982636, 0.0112768718973], [-4.38816277892e-05, 0.00841258652508, -0.00190923537593, 0.00472421338782, -0.00370526686311, 0.00469471514225, -0.00662929331884, 0.00330640468746, -0.0109656741843, 0.00957371201366, -0.0107644982636, 0.0229866895825, -0.00774797005579], [-0.000333723262884, -0.00980519037694, 0.000950250483584, -0.00702017871663, 0.00388114945963, -0.00629856064916, 0.0077691860497, -0.00663737813011, 0.00634000496939, -0.00722677260637, 0.0112768718973, -0.00774797005579, 0.0215235296637]]
    },
    "melbands": {
        "dmean": [0.000791764468886, 0.00241720094346, 0.00157655880321, 0.001386084361, 0.000261589681031, 0.000166726516909, 0.000226668082178, 9.17289653444e-05, 5.47938179807e-05, 6.89672815497e-05, 3.31530609401e-05, 4.2800889787e-05, 1.72756208485e-05, 2.02409155463e-05, 6.37997891317e-06, 5.87551767239e-06, 5.10827703692e-06, 4.74214357382e-06, 3.41029885931e-06, 5.86094529353e-06, 3.28755140799e-06, 1.66934876233e-06, 2.42369287662e-06, 7.95303719769e-07, 7.70462406763e-07, 9.90531702882e-07, 1.24851430883e-06, 8.88391014087e-07, 8.21383821403e-07, 1.14491058412e-06, 7.97120890184e-07, 8.49898185606e-07, 7.69689279423e-07, 5.56413510822e-07, 6.58269755149e-07, 5.662952276e-07, 4.26807076792e-07, 4.07745972097e-07, 2.98761051454e-07, 8.97909302466e-08],
        "dmean2": [0.00130959658418, 0.00420583831146, 0.00259979907423, 0.00220999121666, 0.000428915867815, 0.000261692010099, 0.000334517768351, 0.000143198049045, 8.45557442517e-05, 0.000111697438115, 5.5276123021e-05, 6.77287316648e-05, 2.39373912336e-05, 2.82075798168e-05, 9.8794052974e-06, 9.11321058084e-06, 8.13810220279e-06, 7.71207305661e-06, 5.31570731255e-06, 1.03200618469e-05, 5.26036546944e-06, 2.43387512455e-06, 3.56802797796e-06, 1.19087803796e-06, 1.20593972497e-06, 1.55948180236e-06, 1.77427568815e-06, 1.27303223962e-06, 1.15971818104e-06, 1.64806726843e-06, 1.16441992759e-06, 1.19397304843e-06, 1.10928931463e-06, 8.06387788543e-07, 8.98070425137e-07, 7.42012673527e-07, 5.33580816864e-07, 4.94517792049e-07, 3.91784112708e-07, 1.24972572735e-07],
        "dvar": [1.44414013903e-06, 1.15121465569e-05, 3.7250169953e-06, 3.74529213332e-06, 1.01566477895e-07, 1.22662555668e-07, 2.46831177719e-07, 2.82448162636e-08, 2.09675832252e-08, 2.23065796945e-08, 9.83375514352e-09, 9.72519043074e-09, 1.95849847451e-09, 3.83095688505e-09, 3.01165675731e-10, 2.45758441375e-10, 1.05002603834e-10, 1.74131251085e-10, 9.81936337796e-11, 9.31054400244e-10, 1.25711774324e-10, 2.40309265542e-11, 9.85148213006e-11, 8.52496632314e-12, 4.358714778e-12, 2.26126270486e-11, 3.9612566699e-11, 9.08052539411e-12, 1.14412845517e-11, 3.81581849451e-11, 1.40241056615e-11, 1.98827048575e-11, 1.26648353263e-11, 6.95569513445e-12, 8.96250608451e-12, 5.10830744024e-12, 3.45889788166e-12, 3.12643856117e-12, 1.39791791424e-12, 1.92770170486e-13],
        "dvar2": [3.57859084943e-06, 3.38122226822e-05, 9.26038501348e-06, 9.3880626082e-06, 2.50766618137e-07, 2.45870694471e-07, 5.15581348282e-07, 6.25422202916e-08, 4.43286438667e-08, 5.76140344322e-08, 2.70437077177e-08, 2.5129692105e-08, 3.33512772954e-09, 6.69425226363e-09, 5.61235113938e-10, 4.55196491611e-10, 2.59660348778e-10, 4.66436833602e-10, 2.56743709626e-10, 2.62482480196e-09, 3.48032630493e-10, 4.59062857172e-11, 2.05595387937e-10, 2.01851087928e-11, 1.01925646742e-11, 6.55098336688e-11, 8.83167011745e-11, 1.94712562046e-11, 2.15829663169e-11, 9.13047346063e-11, 2.82366508647e-11, 3.3761417273e-11, 2.57352646138e-11, 1.2250798466e-11, 1.37063086575e-11, 8.55972584479e-12, 5.34432437541e-12, 4.21114055085e-12, 2.03391969066e-12, 3.50351664997e-13],
        "max": [0.0200096908957, 0.0448502860963, 0.023138243705, 0.0278698988259, 0.00299605051987, 0.00553971715271, 0.0139793809503, 0.00341540644877, 0.00401401380077, 0.00262822257355, 0.00227395328693, 0.0016137791099, 0.000963243481237, 0.00192378729116, 0.00049189850688, 0.000432227097917, 0.000148137522046, 0.000309430615744, 0.000246175623033, 0.000704575504642, 0.000205673073651, 0.000143415585626, 0.000218124943785, 6.5735730459e-05, 4.04294878535e-05, 0.000132190572913, 0.000127060804516, 6.16959441686e-05, 9.3579008535e-05, 0.000120819786389, 0.000129447507788, 0.000122510260553, 8.28389747767e-05, 6.30264039501e-05, 7.79789770604e-05, 5.71364689677e-05, 4.97127548442e-05, 5.02420007251e-05, 2.75587772194e-05, 9.02474494069e-06],
        "mean": [0.00154747941997, 0.00479781720787, 0.00323926261626, 0.00292437290773, 0.000496523105539, 0.000339740014169, 0.000562311674003, 0.000184493197594, 0.000122938945424, 0.000140492033097, 5.16556247021e-05, 7.6728334534e-05, 3.72181057173e-05, 5.6807166402e-05, 1.03434413177e-05, 9.82153142104e-06, 7.6725755207e-06, 7.3725400398e-06, 5.26557141711e-06, 9.18994555832e-06, 4.49306389783e-06, 2.53324560617e-06, 3.98396196033e-06, 1.02814135516e-06, 1.0600188034e-06, 1.40083557199e-06, 1.80687152351e-06, 1.33077594455e-06, 1.18065349852e-06, 1.50084053985e-06, 1.32218963245e-06, 1.35227492137e-06, 1.27810392314e-06, 1.00512829704e-06, 1.07805988137e-06, 9.05873719148e-07, 7.0278184694e-07, 6.68850191232e-07, 4.47088297051e-07, 1.09526943959e-07],
        "median": [0.000406896957429, 0.00291839218698, 0.002277366817, 0.00160118227359, 0.000352354720235, 0.000172008512891, 0.000177736394107, 8.74417964951e-05, 4.16861912527e-05, 4.96736101923e-05, 2.79534433503e-05, 2.8500227927e-05, 7.5264406405e-06, 5.88421289649e-06, 4.50612697023e-06, 3.72196859644e-06, 3.11174426315e-06, 2.657707455e-06, 2.03865965887e-06, 1.23300173982e-06, 1.07404446226e-06, 7.85615497989e-07, 5.44436318251e-07, 3.06032802655e-07, 3.4786097558e-07, 3.53152699972e-07, 3.09855380465e-07, 2.35217441968e-07, 1.67651379002e-07, 1.34442515787e-07, 1.80776211778e-07, 1.30473978288e-07, 1.07467364785e-07, 8.35365128182e-08, 1.17960986756e-07, 1.43237272709e-07, 4.47774475276e-08, 2.95397732941e-08, 1.25134009821e-08, 1.5907908324e-09],
        "min": [5.78537528995e-09, 5.80926284854e-09, 3.64952335019e-08, 1.17922077436e-07, 1.98979268617e-08, 9.45027167631e-10, 3.66134544905e-09, 1.09382158886e-09, 7.66457619594e-10, 9.68745861307e-10, 9.53104706269e-10, 2.9382123401e-09, 3.52710277651e-10, 2.9413335656e-10, 2.26350660437e-10, 1.4925171099e-09, 6.55775933556e-10, 4.69274341608e-11, 3.91882047646e-11, 4.53063420114e-11, 3.81786893766e-11, 4.22818377532e-11, 5.06840489717e-12, 4.49136517908e-12, 2.63014111358e-12, 5.07471452013e-12, 6.78999773074e-11, 2.28768792104e-11, 2.94426202169e-12, 3.00732138844e-12, 5.21783918156e-12, 8.50476286618e-12, 4.0825858319e-12, 1.66832682651e-12, 5.16583997801e-12, 1.28895115067e-11, 6.65949337775e-13, 3.31691488512e-13, 2.66801636123e-13, 1.71555505262e-13],
        "var": [6.10243114352e-06, 3.06704132527e-05, 9.03101044969e-06, 1.19207752505e-05, 2.21742396889e-07, 3.587306594e-07, 1.17765330288e-06, 8.11077853768e-08, 1.00036402273e-07, 7.3022043523e-08, 8.86433237923e-09, 2.22466045585e-08, 9.98699434263e-09, 3.90652665772e-08, 7.96915311518e-10, 5.82326742382e-10, 2.02455788245e-10, 2.93018942443e-10, 1.73324757324e-10, 2.11913242509e-09, 2.16092310712e-10, 6.3354432811e-11, 3.00114405549e-10, 9.80035150255e-12, 7.29648026027e-12, 3.85598532271e-11, 6.51785500572e-11, 1.69441769643e-11, 2.12871456573e-11, 5.790543392e-11, 5.35524888323e-11, 5.45760485415e-11, 3.59733909328e-11, 2.31386316357e-11, 2.76915764624e-11, 1.52840066991e-11, 1.24386603448e-11, 1.21359051281e-11, 4.66881177816e-12, 3.86373902707e-13]
    },
    "mfcc": {
        "mean": [-711.987976074, 180.18800354, 31.660610199, 27.3597774506, 0.986924171448, 13.8287086487, -7.21927022934, 7.26455307007, -4.32481813431, 6.50896596909, -10.2611103058, -2.27310609818, -7.82521486282],
        "cov": [[3855.23754883, -1668.41381836, 49.458694458, 183.044418335, -177.529647827, -12.8475198746, -10.5312128067, 32.4029388428, 37.276222229, -16.6201515198, -49.9501724243, 76.0806808472, 50.8857727051], [-1668.41381836, 2014.80603027, -198.331054688, -222.224655151, 48.2454109192, -74.2238006592, -15.0062665939, 90.285484314, -46.082233429, 18.4962158203, -45.8621826172, -11.2445278168, 72.5723495483], [49.458694458, -198.331054688, 361.541534424, -15.803147316, -12.0339183807, 32.3829803467, 50.2468948364, 4.81537103653, 45.0783729553, 3.78342938423, -3.8701403141, 1.88247299194, -7.98180770874], [183.044418335, -222.224655151, -15.803147316, 233.668670654, 68.1176605225, 49.8128929138, -44.4925422668, -9.5011177063, 48.8393363953, 13.1114854813, 26.4002723694, 26.3275585175, -8.75237178802], [-177.529647827, 48.2454109192, -12.0339183807, 68.1176605225, 222.156860352, 14.5173130035, 4.69771623611, -3.78620934486, 50.7304344177, 11.5252685547, 26.943693161, 14.4648017883, -0.626092076302], [-12.8475198746, -74.2238006592, 32.3829803467, 49.8128929138, 14.5173130035, 181.938949585, -13.2365036011, -4.9307308197, 57.3601036072, 28.5134353638, 26.6885356903, 28.0389957428, -20.9435195923], [-10.5312128067, -15.0062665939, 50.2468948364, -44.4925422668, 4.69771623611, -13.2365036011, 155.65625, 12.4055929184, -5.99136066437, 9.10376262665, 17.5700149536, -2.90282964706, 29.2161903381], [32.4029388428, 90.285484314, 4.81537103653, -9.5011177063, -3.78620934486, -4.9307308197, 12.4055929184, 129.187347412, 24.9019412994, -4.58531475067, -8.17300987244, 27.4428291321, 22.1205463409], [37.276222229, -46.082233429, 45.0783729553, 48.8393363953, 50.7304344177, 57.3601036072, -5.99136066437, 24.9019412994, 159.252243042, 7.179708004, 12.4259977341, 25.5164604187, 1.2388676405], [-16.6201515198, 18.4962158203, 3.78342938423, 13.1114854813, 11.5252685547, 28.5134353638, 9.10376262665, -4.58531475067, 7.179708004, 93.1506118774, 11.5598258972, -5.70206165314, 19.0961208344], [-49.9501724243, -45.8621826172, -3.8701403141, 26.4002723694, 26.943693161, 26.6885356903, 17.5700149536, -8.17300987244, 12.4259977341, 11.5598258972, 88.3792572021, 21.5827083588, -7.90460443497], [76.0806808472, -11.2445278168, 1.88247299194, 26.3275585175, 14.4648017883, 28.0389957428, -2.90282964706, 27.4428291321, 25.5164604187, -5.70206165314, 21.5827083588, 92.0504302979, 18.0307579041], [50.8857727051, 72.5723495483, -7.98180770874, -8.75237178802, -0.626092076302, -20.9435195923, 29.2161903381, 22.1205463409, 1.2388676405, 19.0961208344, -7.90460443497, 18.0307579041, 102.438308716]],
