{
"lowlevel": {
    "average_loudness": 0.970229506493,
    "barkbands_crest": {
        "dmean": 2.13722610474,
        "dmean2": 3.49201989174,
        "dvar": 4.51636314392,
        "dvar2": 11.5362815857,
        "max": 22.0032196045,
        "mean": 7.8007183075,
        "median": 7.07095718384,
        "min": 2.59695315361,
        "var": 10.117729187
    },
    "barkbands_flatness_db": {
        "dmean": 0.0170205682516,
        "dmean2": 0.0274244956672,
        "dvar": 0.000267942465143,
        "dvar2": 0.000709281535819,
        "max": 0.24782602489,
        "mean": 0.143599495292,
        "median": 0.142440319061,
        "min": 0.054766073823,
        "var": 0.000701348879375
    },
    "barkbands_kurtosis": {
        "dmean": 1.0873581171,
        "dmean2": 1.81316709518,
        "dvar": 4.27212524414,
        "dvar2": 11.985701561,
        "max": 37.6531410217,
        "mean": 0.481004714966,
        "median": -0.0328524112701,
        "min": -1.73889362812,
        "var": 4.56501722336
    },
    "barkbands_skewness": {
        "dmean": 0.389918237925,
        "dmean2": 0.612837970257,
        "dvar": 0.211052745581,
        "dvar2": 0.521485865116,
        "max": 5.79076528549,
        "mean": 0.725546598434,
        "median": 0.666283011436,
        "min": -1.37736701965,
        "var": 0.430267781019
    },
    "barkbands_spread": {
        "dmean": 4.40103626251,
        "dmean2": 6.6015753746,
        "dvar": 22.7592220306,
        "dvar2": 48.9387664795,
        "max": 81.9815444946,
        "mean": 24.647064209,
        "median": 23.2783851624,
        "min": 4.76628637314,
        "var": 110.845962524
    },
    "dissonance": {
        "dmean": 0.0169726125896,
        "dmean2": 0.0281602777541,
        "dvar": 0.000233826809563,
        "dvar2": 0.00063726992812,
        "max": 0.499780923128,
        "mean": 0.462364912033,
        "median": 0.467844724655,
        "min": 0.335467487574,
        "var": 0.000605943030678
    },
    "dynamic_complexity": 1.76299643517,
    "erbbands_crest": {
        "dmean": 2.43728017807,
        "dmean2": 3.84612965584,
        "dvar": 5.08659267426,
        "dvar2": 11.8631601334,
        "max": 29.0461235046,
        "mean": 9.23419857025,
        "median": 8.15015411377,
        "min": 2.61051297188,
        "var": 17.7600803375
    },
    "erbbands_flatness_db": {
        "dmean": 0.0161332953721,
        "dmean2": 0.0222219824791,
        "dvar": 0.000219403213123,
        "dvar2": 0.000412469031289,
        "max": 0.310892999172,
        "mean": 0.197025731206,
        "median": 0.195531100035,
        "min": 0.117633469403,
        "var": 0.00102264888119
    },
    "erbbands_kurtosis": {
        "dmean": 0.670809388161,
        "dmean2": 1.03223836422,
        "dvar": 0.716280996799,
        "dvar2": 1.61347782612,
        "max": 18.5039997101,
        "mean": 0.341437101364,
        "median": -0.0722165107727,
        "min": -1.54362034798,
        "var": 2.44810032845
    },
    "erbbands_skewness": {
        "dmean": 0.263242870569,
        "dmean2": 0.408713102341,
        "dvar": 0.0502196252346,
        "dvar2": 0.112765029073,
        "max": 3.29902172089,
        "mean": 0.216817572713,
        "median": 0.147891566157,
        "min": -1.58460307121,
        "var": 0.332223027945
    },
    "erbbands_spread": {
        "dmean": 6.16431570053,
        "dmean2": 9.14402008057,
        "dvar": 41.2560043335,
        "dvar2": 89.9964065552,
        "max": 103.961997986,
        "mean": 30.6210079193,
        "median": 29.1659927368,
        "min": 4.44045543671,
        "var": 156.124069214
    },
    "hfc": {
        "dmean": 7.37433719635,
        "dmean2": 10.3968486786,
        "dvar": 91.6459503174,
        "dvar2": 194.169815063,
        "max": 125.882850647,
        "mean": 28.1139411926,
        "median": 24.9495449066,
        "min": 0.000416856841184,
        "var": 261.409118652
    },
    "melbands_crest": {
        "dmean": 2.9425599575,
        "dmean2": 4.7821969986,
        "dvar": 7.74802875519,
        "dvar2": 19.8541126251,
        "max": 28.5961971283,
        "mean": 11.6340923309,
        "median": 10.6873655319,
        "min": 3.61919498444,
        "var": 17.3065872192
    },
    "melbands_flatness_db": {
        "dmean": 0.0209160614759,
        "dmean2": 0.033267788589,
        "dvar": 0.00052354921354,
        "dvar2": 0.0012877288973,
        "max": 0.299530059099,
        "mean": 0.152146458626,
        "median": 0.153542309999,
        "min": 0.0326934382319,
        "var": 0.00140368449502
    },
    "melbands_kurtosis": {
        "dmean": 3.12896323204,
        "dmean2": 5.21409988403,
        "dvar": 52.500869751,
        "dvar2": 146.160446167,
        "max": 157.358596802,
        "mean": 3.94081568718,
        "median": 2.31356906891,
        "min": -1.57489812374,
        "var": 46.8863525391
    },
    "melbands_skewness": {
        "dmean": 0.539731681347,
        "dmean2": 0.848986744881,
        "dvar": 0.511501908302,
        "dvar2": 1.27083671093,
        "max": 10.4389610291,
        "mean": 1.53136432171,
        "median": 1.41501677036,
        "min": -1.05631196499,
        "var": 0.979909956455
    },
    "melbands_spread": {
        "dmean": 7.08376121521,
        "dmean2": 11.0366420746,
        "dvar": 67.2438278198,
        "dvar2": 145.577636719,
        "max": 158.694030762,
        "mean": 31.8382778168,
        "median": 29.1010951996,
        "min": 3.06799316406,
        "var": 243.699356079
    },
    "pitch_salience": {
        "dmean": 0.0601213239133,
        "dmean2": 0.0969576686621,
        "dvar": 0.00290954345837,
        "dvar2": 0.00739508401603,
        "max": 0.799744904041,
        "mean": 0.539834916592,
        "median": 0.53860014677,
        "min": 0.236265704036,
        "var": 0.00694011943415
    },
    "silence_rate_20dB": {
        "dmean": 0,
        "dmean2": 0,
        "dvar": 0,
        "dvar2": 0,
        "max": 1,
        "mean": 1,
        "median": 1,
        "min": 1,
        "var": 0
    },
    "silence_rate_30dB": {
        "dmean": 0.000774593325332,
        "dmean2": 0.00154978688806,
        "dvar": 0.000773992040195,
        "dvar2": 0.00232227263041,
        "max": 1,
        "mean": 0.999612867832,
        "median": 1,
        "min": 0,
        "var": 0.000387006439269
    },
    "silence_rate_60dB": {
        "dmean": 0.00154918665066,
        "dmean2": 0.00309957377613,
        "dvar": 0.00154677091632,
        "dvar2": 0.00308995530941,
        "max": 1,
        "mean": 0.0112272547558,
        "median": 0,
        "min": 0,
        "var": 0.0111010354012
    },
    "spectral_centroid": {
        "dmean": 206.671157837,
        "dmean2": 321.998474121,
        "dvar": 42847.484375,
        "dvar2": 94606.1171875,
        "max": 3842.55102539,
        "mean": 1585.88110352,
        "median": 1546.45336914,
        "min": 542.642333984,
        "var": 193985.984375
    },
    "spectral_complexity": {
        "dmean": 3.79550743103,
        "dmean2": 5.6458735466,
        "dvar": 15.4926805496,
        "dvar2": 27.9566516876,
        "max": 53,
        "mean": 25.0890445709,
        "median": 24,
        "min": 0,
        "var": 52.9729957581
    },
    "spectral_decrease": {
        "dmean": 2.73562128505e-09,
        "dmean2": 4.35997860038e-09,
        "dvar": 2.1070402821e-17,
        "dvar2": 5.44824297168e-17,
        "max": -1.09096881377e-13,
        "mean": -7.45236317101e-09,
        "median": -6.3690110963e-09,
        "min": -4.35335110183e-08,
        "var": 2.52572155418e-17
    },
    "spectral_energy": {
        "dmean": 0.0108628813177,
        "dmean2": 0.0171792022884,
        "dvar": 0.000314776552841,
        "dvar2": 0.000809361692518,
        "max": 0.167566820979,
        "mean": 0.0306770224124,
        "median": 0.0263264663517,
        "min": 4.49566499583e-07,
        "var": 0.000392522226321
    },
    "spectral_energyband_high": {
        "dmean": 0.000413594330894,
        "dmean2": 0.000577151367906,
        "dvar": 5.74858972868e-07,
        "dvar2": 1.08774838736e-06,
        "max": 0.0156455803663,
        "mean": 0.000909922819119,
        "median": 0.000448392820545,
        "min": 7.6890858125e-09,
        "var": 1.9492924821e-06
    },
    "spectral_energyband_low": {
        "dmean": 0.00670409016311,
        "dmean2": 0.011634785682,
        "dvar": 0.000256869534496,
        "dvar2": 0.000699579832144,
        "max": 0.153425559402,
        "mean": 0.00771516235545,
        "median": 0.00407542008907,
        "min": 1.04891313413e-07,
        "var": 0.000197328394279
    },
    "spectral_energyband_middle_high": {
        "dmean": 0.00280944094993,
        "dmean2": 0.00403586355969,
        "dvar": 1.18162952276e-05,
        "dvar2": 2.34860726778e-05,
        "max": 0.0664727389812,
        "mean": 0.0105386236683,
        "median": 0.00860837940127,
        "min": 1.54981222522e-07,
        "var": 5.62659079151e-05
    },
    "spectral_energyband_middle_low": {
        "dmean": 0.00442030280828,
        "dmean2": 0.00679338304326,
        "dvar": 3.57593016815e-05,
        "dvar2": 8.20010827738e-05,
        "max": 0.0847204700112,
        "mean": 0.0131057258695,
        "median": 0.0108594084159,
        "min": 1.81966640866e-07,
        "var": 8.91901581781e-05
    },
    "spectral_entropy": {
        "dmean": 0.122790157795,
        "dmean2": 0.16668023169,
        "dvar": 0.0128826377913,
        "dvar2": 0.0223390944302,
        "max": 8.52384185791,
        "mean": 7.56014537811,
        "median": 7.55583333969,
        "min": 6.7549033165,
        "var": 0.0768046379089
    },
    "spectral_flux": {
        "dmean": 0.0278871860355,
        "dmean2": 0.0430626384914,
        "dvar": 0.00140179239679,
        "dvar2": 0.00277244183235,
        "max": 0.321441203356,
        "mean": 0.0884479954839,
        "median": 0.0718953311443,
        "min": 0.000670497189276,
        "var": 0.00239060702734
    },
    "spectral_kurtosis": {
        "dmean": 1.57881450653,
        "dmean2": 2.72643756866,
        "dvar": 2.05665612221,
        "dvar2": 5.8719086647,
        "max": 14.3687400818,
        "mean": 3.03099966049,
        "median": 2.65108060837,
        "min": -1.0654335022,
        "var": 3.96988987923
    },
    "spectral_rms": {
        "dmean": 0.000874322780874,
        "dmean2": 0.00133499631193,
        "dvar": 1.40130021009e-06,
        "dvar2": 3.34165042659e-06,
        "max": 0.0127859227359,
        "mean": 0.00522290589288,
        "median": 0.00506797386333,
        "min": 2.09428144444e-05,
        "var": 2.65008384304e-06
    },
    "spectral_rolloff": {
        "dmean": 446.661102295,
        "dmean2": 735.892333984,
        "dvar": 461517.1875,
        "dvar2": 849661.8125,
        "max": 9776.07421875,
        "mean": 1893.78942871,
        "median": 1636.5234375,
        "min": 129.19921875,
        "var": 1566565.375
    },
    "spectral_skewness": {
        "dmean": 0.199821606278,
        "dmean2": 0.328271090984,
        "dvar": 0.0282497368753,
        "dvar2": 0.0744868144393,
        "max": 2.79786062241,
        "mean": 1.23100197315,
        "median": 1.21385097504,
        "min": 0.00437199370936,
        "var": 0.10877802223
    },
    "spectral_spread": {
        "dmean": 360248.75,
        "dmean2": 509101.78125,
        "dvar": 157145808896,
        "dvar2": 243076333568,
        "max": 10192385,
        "mean": 3768881,
        "median": 3578204,
        "min": 2387542.25,
        "var": 866083536896
    },
    "spectral_strongpeak": {
        "dmean": 0.717371344566,
        "dmean2": 1.20940160751,
        "dvar": 0.990691363811,
        "dvar2": 2.35492658615,
        "max": 10.7391386032,
        "mean": 1.55774211884,
        "median": 1.08959591389,
        "min": 0.000231795100262,
        "var": 2.37763667107
    },
    "zerocrossingrate": {
        "dmean": 0.00819223187864,
        "dmean2": 0.00964984484017,
        "dvar": 0.000103835329355,
        "dvar2": 9.85939332168e-05,
        "max": 0.275390625,
        "mean": 0.0672932118177,
        "median": 0.0615234375,
        "min": 0.0205078125,
        "var": 0.000845741888043
    },
    "barkbands": {
        "dmean": [4.82685645693e-05, 0.00371563993394, 0.00303681893274, 0.00103136291727, 0.00142403214704, 0.00120297155809, 0.000673746573739, 0.000995867885649, 0.000841191795189, 0.00134038506076, 0.000700930599123, 0.000404655438615, 0.000854394747876, 0.000588887778576, 0.000502311508171, 0.000413068541093, 0.000386328902096, 0.000264839938609, 0.000247030722676, 0.000142269505886, 0.000102809826785, 8.61502776388e-05, 0.0001163499619, 0.000100165030744, 2.74323920166e-05, 2.18245421735e-08, 1.83775428209e-09],
        "dmean2": [7.91379861766e-05, 0.00645716488361, 0.00546976504847, 0.00179061677773, 0.00238235737197, 0.00190886971541, 0.00110956083518, 0.00149074336514, 0.00123116362374, 0.00188738002907, 0.00103942118585, 0.00060435035266, 0.00125856185332, 0.000889879942406, 0.000814703700598, 0.000675780989695, 0.000619145808741, 0.000431155145634, 0.000400932098273, 0.000231055732002, 0.000165720353834, 0.000128559928271, 0.000172621832462, 0.00014105696755, 4.11911969422e-05, 3.43550432547e-08, 3.43162298577e-09],
        "dvar": [8.66226734786e-09, 7.6006668678e-05, 6.03308762948e-05, 5.6103440329e-06, 6.09097151028e-06, 3.68796190742e-06, 1.05174308374e-06, 3.63458275388e-06, 3.358360118e-06, 7.11956499799e-06, 1.60482511546e-06, 4.39692655618e-07, 2.5190956876e-06, 1.0683702385e-06, 4.48010695209e-07, 4.07077607179e-07, 2.18969503862e-07, 1.45327902601e-07, 1.05411039897e-07, 6.40774544536e-08, 4.70482746096e-08, 3.41771020373e-08, 5.28883319362e-08, 7.91383598653e-08, 1.46806504731e-08, 1.63478409141e-14, 7.44637318018e-17],
        "dvar2": [2.16825135624e-08, 0.00020584120648, 0.000167657140992, 1.53809924086e-05, 1.53761375259e-05, 8.53037545312e-06, 2.89448462354e-06, 8.13959013612e-06, 6.12135499978e-06, 1.35764357765e-05, 3.39823236573e-06, 8.95902530829e-07, 4.62398111267e-06, 2.40712688537e-06, 1.17204172057e-06, 1.08301776436e-06, 5.54796315555e-07, 3.83922213132e-07, 2.61756838427e-07, 1.68710059256e-07, 1.12077579217e-07, 7.21863031572e-08, 1.10357397887e-07, 1.49923138792e-07, 3.06830258978e-08, 4.07922800356e-14, 2.17900813868e-16],
        "max": [0.00113078323193, 0.0829280614853, 0.0793314054608, 0.0278578810394, 0.0270835440606, 0.0268137771636, 0.0207136832178, 0.0457722656429, 0.0379283390939, 0.0597475394607, 0.0428579077125, 0.0116292340681, 0.0492646917701, 0.0287602636963, 0.0079902978614, 0.00806885398924, 0.00784388557076, 0.00520521076396, 0.00552144041285, 0.003275945317, 0.00419103633612, 0.00408756686375, 0.00548161845654, 0.00822406914085, 0.0041444581002, 4.98782037539e-06, 2.4302755719e-07],
        "mean": [4.59282127849e-05, 0.00398638611659, 0.00298387184739, 0.00120332452934, 0.00227830163203, 0.00275310222059, 0.00127619248815, 0.00188884895761, 0.0019141783705, 0.00341003690846, 0.00145609478932, 0.000817182299215, 0.00153166661039, 0.000918717123568, 0.000795099651441, 0.000659332727082, 0.000682042329572, 0.000503460585605, 0.000521508918609, 0.000286016409518, 0.000197842979105, 0.000149643121404, 0.000193873827811, 0.000180840681423, 4.34455905634e-05, 3.05510994281e-08, 1.32059674307e-09],
        "median": [1.04615019154e-05, 0.00139991845936, 0.00131528754719, 0.000681017409079, 0.00129539216869, 0.00132421322633, 0.000760020047892, 0.00091154302936, 0.000743395881727, 0.00124961859547, 0.000599655963015, 0.000389273191104, 0.000845837988891, 0.000514788203873, 0.00052405585302, 0.000437032722402, 0.000488223333377, 0.000316002871841, 0.000398755160859, 0.000201630173251, 0.000119971926324, 6.0478636442e-05, 7.71045670263e-05, 5.58830288355e-05, 1.09612183223e-05, 7.38601491079e-09, 3.8359471155e-10],
        "min": [2.24990892583e-09, 5.36351159042e-08, 1.51941890181e-08, 1.90070936767e-09, 3.06861842603e-08, 7.2821180197e-09, 7.0026445087e-08, 4.11704377257e-08, 2.39744437636e-08, 2.16201687664e-08, 2.12312176728e-08, 1.97563601034e-08, 5.02945374237e-09, 6.59563870187e-09, 1.59468189764e-08, 2.14709068302e-08, 2.33873169719e-08, 1.76166672361e-08, 6.13854300724e-09, 4.06308231504e-09, 2.47105602647e-09, 3.46962680808e-10, 1.28192748083e-10, 9.15966302806e-10, 4.06550487719e-10, 5.00689984265e-12, 7.97220362642e-12],
        "var": [8.25523471804e-09, 6.4557447331e-05, 3.98011907237e-05, 4.29910505773e-06, 8.99664428289e-06, 1.16603278002e-05, 2.32617389884e-06, 7.80312984716e-06, 1.44914110933e-05, 3.1830441003e-05, 6.70706867822e-06, 1.51573124185e-06, 6.54072073303e-06, 2.04618777389e-06, 7.21049502772e-07, 5.5595808135e-07, 4.43640487902e-07, 3.33737744995e-07, 2.0001036205e-07, 8.51251726885e-08, 8.379358718e-08, 8.31187065842e-08, 1.48209807094e-07, 2.80204204728e-07, 3.52449376351e-08, 2.47180138228e-14, 4.13859173063e-17]
    },
    "erbbands": {
        "dmean": [0.0702055692673, 0.989101350307, 3.18057751656, 3.73931908607, 3.36112380028, 5.00555419922, 9.54897880554, 9.36665916443, 8.18024349213, 15.9321146011, 18.5396537781, 19.3013553619, 35.9096069336, 34.6817359924, 24.7610225677, 17.9182128906, 37.2601242065, 32.7885856628, 26.7158813477, 21.5825843811, 19.1958637238, 15.6406040192, 16.7611808777, 12.5354948044, 12.3144683838, 6.63852596283, 4.99802160263, 3.46693301201, 3.12263894081, 3.49103617668, 3.15445923805, 2.02862977982, 1.85821044445, 0.586263298988, 0.0262284018099, 0.00121975759976, 8.39853892103e-05, 1.3662170204e-05, 7.8714947449e-06, 1.30992821141e-05],
        "dmean2": [0.119288042188, 1.73384284973, 5.71336841583, 6.59321498871, 5.69934988022, 8.38151264191, 15.1118192673, 14.8030653, 13.2507429123, 24.2659053802, 27.6357192993, 28.3635463715, 50.1321640015, 49.2760848999, 35.9202232361, 26.4317855835, 55.1908798218, 48.7562446594, 43.1186943054, 34.9825363159, 31.3585071564, 24.9295864105, 27.5445632935, 20.2240371704, 20.3092918396, 10.6559352875, 7.94314956665, 5.61145210266, 4.75959444046, 5.06887674332, 4.7354927063, 2.85503149033, 2.68761897087, 0.857781529427, 0.039794895798, 0.00183990818914, 0.000121784505609, 1.93362375285e-05, 1.17301578939e-05, 2.03819345188e-05],
        "dvar": [0.0248301308602, 5.54239082336, 67.7665710449, 73.1997833252, 40.392665863, 86.1484222412, 277.503723145, 292.747192383, 152.403396606, 1077.97485352, 1293.93188477, 1674.56433105, 6337.97753906, 6238.33447266, 1676.53820801, 872.160217285, 4610.78173828, 2908.35864258, 1634.52148438, 933.535644531, 775.203979492, 397.768951416, 567.235778809, 271.484741211, 310.145843506, 127.862556458, 105.382827759, 62.4679870605, 41.0622291565, 58.3011817932, 37.6727485657, 45.7771186829, 20.5707054138, 5.35394096375, 0.0247271992266, 4.74779917568e-05, 1.03860358536e-07, 1.603896016e-09, 1.59355001417e-10, 4.07543276904e-10],
        "dvar2": [0.0653373748064, 15.228808403, 189.434051514, 196.702270508, 104.141189575, 219.581878662, 655.726928711, 668.442565918, 397.949249268, 2407.29199219, 2776.81567383, 3265.61865234, 12006.2128906, 11695.6806641, 3295.33520508, 1737.43859863, 8565.35253906, 6310.76855469, 4371.35351562, 2290.05395508, 2066.2734375, 966.658203125, 1490.73449707, 699.926269531, 780.451477051, 328.917144775, 228.673217773, 162.561935425, 91.9776611328, 120.137458801, 77.6215896606, 92.8254013062, 38.7768783569, 10.4665307999, 0.0465814955533, 8.8855951617e-05, 1.83487898653e-07, 2.7710183037e-09, 3.40996342274e-10, 1.02925779011e-09],
        "max": [1.45097613335, 21.8888092041, 92.479675293, 72.9491653442, 50.7724914551, 125.972923279, 322.582122803, 295.863128662, 199.676269531, 798.872680664, 656.555541992, 762.960876465, 1844.54504395, 2415.80322266, 1187.94152832, 605.946350098, 2102.95385742, 1443.80871582, 500.991119385, 419.40814209, 344.11529541, 371.093292236, 314.445556641, 309.50769043, 355.205505371, 158.051712036, 248.114608765, 140.580581665, 115.84059906, 201.629226685, 139.324798584, 193.276260376, 103.228981018, 84.054107666, 5.28750991821, 0.232356309891, 0.0108112422749, 0.00125533540267, 0.000252465222729, 0.000187525714864],
        "mean": [0.0690764039755, 1.05722117424, 3.2965221405, 4.13202428818, 4.10931539536, 7.82667684555, 19.5609931946, 21.1308917999, 19.719329834, 29.9719009399, 40.5433082581, 46.5431861877, 93.2392272949, 84.6078338623, 54.0612068176, 40.1863746643, 69.5272521973, 58.9748764038, 43.2924880981, 39.2252464294, 35.244808197, 30.1803188324, 32.773399353, 26.3543624878, 23.6979408264, 13.9753513336, 10.4694595337, 6.11684513092, 5.40964794159, 5.70635175705, 5.38589143753, 3.83517837524, 2.99584817886, 0.96537399292, 0.0421255342662, 0.00202815351076, 0.000160132985911, 2.87878556264e-05, 2.27248237934e-05, 3.86473730032e-05],
        "median": [0.0174916647375, 0.389029592276, 1.7358802557, 2.21009278297, 1.99343085289, 4.34607791901, 8.35651016235, 10.5876836777, 9.62450885773, 15.3741436005, 15.8595962524, 23.9569396973, 30.4396877289, 32.3364067078, 24.6117210388, 21.4705467224, 40.2476387024, 36.9804916382, 28.1431808472, 27.413980484, 25.5576934814, 22.3940181732, 22.0866851807, 18.9575042725, 17.9659957886, 9.71063423157, 6.58102083206, 3.52300596237, 2.33578658104, 2.01789164543, 2.15756487846, 1.085324049, 0.991207957268, 0.266715168953, 0.00762879522517, 0.000421727047069, 5.43832065887e-05, 1.24733851408e-05, 1.80114220711e-05, 3.38471872965e-05],
        "min": [2.50691778092e-06, 1.68184269569e-05, 2.34830004047e-05, 1.03743659565e-05, 2.84052384814e-05, 0.000145951780723, 0.000100980512798, 6.07557667536e-05, 0.000490814156365, 0.00169336178806, 0.000477707973914, 0.000534972117748, 0.000610334682278, 0.00110181584023, 0.000492550374474, 0.000931446789764, 0.000274503370747, 0.000434754765593, 0.000776097469497, 0.000579962972552, 0.00130273436662, 0.00107955012936, 0.00090011494467, 0.000834980688524, 0.000103321806819, 0.000263742986135, 0.000102368845546, 8.00526686362e-05, 2.15693944483e-05, 6.16086936134e-06, 3.47872651218e-06, 1.2912629245e-05, 1.94542662939e-05, 7.1624181146e-06, 2.5002546522e-07, 3.06628713531e-08, 9.15708575633e-09, 3.46248607563e-09, 1.16783605009e-09, 6.89067802817e-10],
        "var": [0.0220120884478, 4.51569986343, 45.1467590332, 53.3172683716, 36.2718353271, 132.127716064, 964.011047363, 920.548278809, 798.248168945, 2191.39111328, 4470.60888672, 6195.21240234, 27514.0976562, 28677.9003906, 8404.63867188, 3258.24658203, 11683.0917969, 5988.33789062, 2211.01806641, 1585.77893066, 1190.97973633, 810.320983887, 1216.31896973, 603.34765625, 495.967437744, 191.165863037, 223.195358276, 79.7296447754, 90.9095230103, 153.059860229, 110.669143677, 151.576690674, 62.7642593384, 14.1755275726, 0.0578447692096, 0.000114310358185, 3.08231051349e-07, 5.45131095819e-09, 3.93335281013e-10, 5.56692580922e-10]
    },
    "gfcc": {
        "mean": [10.1798830032, 122.058189392, -171.296875, 49.5636901855, -76.5171890259, 20.6141853333, -35.6082000732, -0.907069683075, -6.76221179962, -20.2352619171, 9.28382968903, -22.668970108, 5.17970657349],
        "cov": [[1657.46655273, -100.608406067, 214.111038208, 88.4025192261, -62.1350021362, 164.991241455, 12.8283395767, 42.7256393433, -27.1507968903, -13.8221979141, -49.8581542969, 15.3895845413, -12.3339958191], [-100.608406067, 531.607421875, 20.9822998047, -0.786181867123, 182.314758301, -42.7060852051, 152.038482666, -22.5213298798, 32.8966598511, -55.2553443909, 29.5043144226, -31.0489864349, 51.7834281921], [214.111038208, 20.9822998047, 346.065155029, 187.731765747, 66.6595993042, 140.93699646, -0.667014598846, 51.4878616333, 20.7055492401, 39.1997833252, -11.675948143, -12.55119133, -39.1269454956], [88.4025192261, -0.786181867123, 187.731765747, 304.945648193, 127.07585144, 81.5105209351, 0.569871306419, -7.66219806671, 29.5793056488, 42.1991615295, -5.86131858826, -5.4430475235, -36.2144393921], [-62.1350021362, 182.314758301, 66.6595993042, 127.07585144, 195.652359009, 55.0933151245, 56.2266731262, 2.87787294388, 28.9835910797, 6.02041435242, 15.9557561874, -8.46640396118, 12.6738080978], [164.991241455, -42.7060852051, 140.93699646, 81.5105209351, 55.0933151245, 186.688049316, 59.852481842, 23.4605255127, 20.7487945557, 31.8568458557, -5.28621053696, 2.10912203789, -19.6338768005], [12.8283395767, 152.038482666, -0.667014598846, 0.569871306419, 56.2266731262, 59.852481842, 159.356887817, 22.0721855164, 25.8757858276, -7.71438217163, 16.9124107361, -1.31444239616, 19.8930797577], [42.7256393433, -22.5213298798, 51.4878616333, -7.66219806671, 2.87787294388, 23.4605255127, 22.0721855164, 116.68372345, 37.5131568909, 12.3174285889, -4.73293352127, 10.8140211105, 13.5222349167], [-27.1507968903, 32.8966598511, 20.7055492401, 29.5793056488, 28.9835910797, 20.7487945557, 25.8757858276, 37.5131568909, 83.2940673828, 31.4647293091, 5.22408723831, 1.59829473495, 7.80868816376], [-13.8221979141, -55.2553443909, 39.1997833252, 42.1991615295, 6.02041435242, 31.8568458557, -7.71438217163, 12.3174285889, 31.4647293091, 82.5239181519, 27.8665904999, -2.17416954041, -11.3136816025], [-49.8581542969, 29.5043144226, -11.675948143, -5.86131858826, 15.9557561874, -5.28621053696, 16.9124107361, -4.73293352127, 5.22408723831, 27.8665904999, 68.24243927, 26.3656654358, 6.69062566757], [15.3895845413, -31.0489864349, -12.55119133, -5.4430475235, -8.46640396118, 2.10912203789, -1.31444239616, 10.8140211105, 1.59829473495, -2.17416954041, 26.3656654358, 62.6909294128, 38.0267868042], [-12.3339958191, 51.7834281921, -39.1269454956, -36.2144393921, 12.6738080978, -19.6338768005, 19.8930797577, 13.5222349167, 7.80868816376, -11.3136816025, 6.69062566757, 38.0267868042, 78.2153778076]],
        "icov": [[0.000778485788032, -0.000555588630959, 0.000163409102242, -0.00065194099443, 0.00126012240071, -0.00124775804579, 0.000510882702656, -0.000541379384231, 0.000552477664314, 0.000233194165048, 0.000141786033055, -6.71710295137e-05, -0.000284154870315], [-0.000555588630959, 0.0138927772641, -0.00955159869045, 0.00759923039004, -0.0134595492855, 0.0133147360757, -0.0122975604609, 0.00882113911211, -0.00673292484134, 0.00662936409935, -0.00382094318047, 0.00654423609376, -0.00464290706441], [0.000163409102242, -0.00955159869045, 0.0138015085831, -0.00949728954583, 0.010592491366, -0.0140232583508, 0.0109495203942, -0.00984499230981, 0.00545529881492, -0.00253555108793, -0.0007402516203, 8.19934502942e-05, 0.00164903642144], [-0.00065194099443, 0.00759923039004, -0.00949728954583, 0.0139611950144, -0.0142183648422, 0.0107783600688, -0.00811867509037, 0.0085195498541, -0.00459639215842, -0.0025214261841, 0.00578516162932, -0.00591579591855, 0.00465615745634], [0.00126012240071, -0.0134595492855, 0.010592491366, -0.0142183648422, 0.0254789795727, -0.0174960009754, 0.0122449258342, -0.00985469762236, 0.00470679858699, 0.000634816125967, -0.00577372824773, 0.00487055582926, -0.00435783388093], [-0.00124775804579, 0.0133147360757, -0.0140232583508, 0.0107783600688, -0.0174960009754, 0.0266929809004, -0.0184158682823, 0.0108039891347, -0.00551542267203, -0.00218745740131, 0.00631684809923, -0.00522704748437, 0.0035501786042], [0.000510882702656, -0.0122975604609, 0.0109495203942, -0.00811867509037, 0.0122449258342, -0.0184158682823, 0.022406661883, -0.0101951714605, 0.00318549992517, 0.00106975762174, -0.00537975411862, 0.00308710988611, -0.00180645112414], [-0.000541379384231, 0.00882113911211, -0.00984499230981, 0.0085195498541, -0.00985469762236, 0.0108039891347, -0.0101951714605, 0.0186687484384, -0.00921649951488, 0.00123595353216, 0.00288273254409, -0.00191384449136, -0.00144865363836], [0.000552477664314, -0.00673292484134, 0.00545529881492, -0.00459639215842, 0.00470679858699, -0.00551542267203, 0.00318549992517, -0.00921649951488, 0.0218490809202, -0.0112373717129, 0.00541006214917, -0.00457435753196, 0.00173598050606], [0.000233194165048, 0.00662936409935, -0.00253555108793, -0.0025214261841, 0.000634816125967, -0.00218745740131, 0.00106975762174, 0.00123595353216, -0.0112373717129, 0.0306299775839, -0.0218325704336, 0.0188707951456, -0.00968042388558], [0.000141786033055, -0.00382094318047, -0.0007402516203, 0.00578516162932, -0.00577372824773, 0.00631684809923, -0.00537975411862, 0.00288273254409, 0.00541006214917, -0.0218325704336, 0.0386589057744, -0.0299040470272, 0.0157851502299], [-6.71710295137e-05, 0.00654423609376, 8.19934502942e-05, -0.00591579591855, 0.00487055582926, -0.00522704748437, 0.00308710988611, -0.00191384449136, -0.00457435753196, 0.0188707951456, -0.0299040470272, 0.0505248382688, -0.0284168086946], [-0.000284154870315, -0.00464290706441, 0.00164903642144, 0.00465615745634, -0.00435783388093, 0.0035501786042, -0.00180645112414, -0.00144865363836, 0.00173598050606, -0.00968042388558, 0.0157851502299, -0.0284168086946, 0.0319941192865]]
    },
    "melbands": {
        "dmean": [0.000848467170727, 0.00154855975416, 0.000619211525191, 0.000293752993457, 0.000304393179249, 0.000209604258998, 0.000130215703393, 0.000188460457139, 0.000150578925968, 0.000125598802697, 0.000180675153388, 0.000142306511407, 8.18501066533e-05, 5.34936807526e-05, 4.73848958791e-05, 9.94030851871e-05, 6.39565914753e-05, 4.43302596977e-05, 3.10472969431e-05, 3.61480197171e-05, 2.23574461415e-05, 1.79794405994e-05, 2.22184571612e-05, 1.23870277093e-05, 1.1161430848e-05, 1.00688757811e-05, 6.46313856123e-06, 4.39324685431e-06, 3.58568422598e-06, 2.71250587502e-06, 1.98153657038e-06, 1.83045369795e-06, 1.72948841737e-06, 2.24373638957e-06, 2.06531626645e-06, 1.49596075971e-06, 1.28105489239e-06, 1.40109250424e-06, 1.14508600291e-06, 3.0198751233e-07],
        "dmean2": [0.00145647849422, 0.00276480964385, 0.00107528688386, 0.000498711247928, 0.000482201867271, 0.000331427261699, 0.000213146529859, 0.000284990179352, 0.000222997099627, 0.000184974691365, 0.000252227386227, 0.00020275026327, 0.000120514145237, 7.9087119957e-05, 7.05722268322e-05, 0.000146477017552, 9.61347541306e-05, 7.16728827683e-05, 5.0208542234e-05, 5.90466261201e-05, 3.66499007214e-05, 2.87508009933e-05, 3.67842330888e-05, 2.01277980523e-05, 1.82603289431e-05, 1.65054043464e-05, 1.08851709228e-05, 7.06403807271e-06, 5.65995469515e-06, 4.48072159998e-06, 3.22584446621e-06, 2.8387535167e-06, 2.55292866314e-06, 3.359196171e-06, 3.16566820402e-06, 2.23963115786e-06, 1.85082774351e-06, 2.04535126613e-06, 1.70283453826e-06, 4.59867720792e-07],
        "dvar": [3.8416183088e-06, 1.52923821588e-05, 1.8699612383e-06, 3.35441853849e-07, 2.52813293855e-07, 1.29140246941e-07, 3.85895937427e-08, 1.57285697355e-07, 1.01437272804e-07, 7.34421234938e-08, 1.58078123036e-07, 1.13748974684e-07, 1.93575413476e-08, 6.16856921098e-09, 4.87848605957e-09, 4.41396004192e-08, 1.39282283484e-08, 4.68414596e-09, 1.52000023679e-09, 3.03326919138e-09, 1.03799557838e-09, 6.11712180909e-10, 8.74110284155e-10, 2.99407221238e-10, 2.26454077712e-10, 2.09358697045e-10, 1.12751398496e-10, 5.45435988042e-11, 4.87876683497e-11, 3.27794701105e-11, 2.21781239207e-11, 1.48798248029e-11, 1.56967234349e-11, 2.3139433078e-11, 1.52468402487e-11, 2.02108607628e-11, 3.28794283466e-11, 1.322051843e-11, 9.10183300257e-12, 3.06777108057e-12],
        "dvar2": [1.03099209809e-05, 4.25239632023e-05, 4.98072358823e-06, 8.71534439284e-07, 5.99395320933e-07, 2.96106492215e-07, 1.03355574765e-07, 3.47271537748e-07, 1.97476353492e-07, 1.43903719163e-07, 2.99491148326e-07, 2.11238244674e-07, 3.92109811287e-08, 1.22606875763e-08, 9.93710980168e-09, 7.97391095375e-08, 3.13134513874e-08, 1.25054766542e-08, 3.69239017139e-09, 7.90537857398e-09, 2.77835354723e-09, 1.50299273027e-09, 2.24916729685e-09, 7.49783568565e-10, 5.917442647e-10, 5.1413973079e-10, 3.03621239262e-10, 1.39506045604e-10, 1.00986122242e-10, 8.12923756088e-11, 5.85456960689e-11, 3.45319363382e-11, 3.17582488085e-11, 5.06576725012e-11, 3.42162236044e-11, 4.12242427694e-11, 7.92409401984e-11, 2.57660889152e-11, 1.91510869663e-11, 5.94352128278e-12],
        "max": [0.018311759457, 0.0432072877884, 0.0115352123976, 0.00606650207192, 0.00908774882555, 0.00564691983163, 0.0029307664372, 0.0101651223376, 0.00749047799036, 0.00561624066904, 0.00924953911453, 0.0103867799044, 0.00364467711188, 0.00161151669454, 0.00121832080185, 0.00678356923163, 0.00332785747014, 0.000816509884316, 0.000531486526597, 0.000695081660524, 0.000470759841846, 0.000475031236419, 0.000486120057758, 0.000212479862967, 0.000277910556179, 0.000337582663633, 0.000144358506077, 0.000104767823359, 0.000190704682609, 0.000107793915959, 8.30090502859e-05, 6.74807524774e-05, 0.000120143544336, 0.000118976699014, 0.000107522137114, 0.000113001457066, 0.000167804420926, 9.21079117688e-05, 7.28540981072e-05, 6.75973351463e-05],
        "mean": [0.000883872213308, 0.00169625796843, 0.000723596429452, 0.000388348242268, 0.000628043431789, 0.000487100653118, 0.000295899808407, 0.000348871137248, 0.000340807455359, 0.000293166405754, 0.000458681664895, 0.000337372272043, 0.000170198196429, 0.00011504383292, 9.70151231741e-05, 0.000173864769749, 0.000103087666503, 6.74728871672e-05, 5.31127334398e-05, 5.7593191741e-05, 3.84622144338e-05, 3.06172769342e-05, 3.82539255952e-05, 2.23515107791e-05, 2.11839342228e-05, 1.84231139428e-05, 1.20366521514e-05, 8.64901539899e-06, 7.16470913176e-06, 4.76770310343e-06, 3.1313859381e-06, 3.01493105326e-06, 2.86256999971e-06, 3.38543804901e-06, 3.27131010636e-06, 2.56271823673e-06, 2.24090990741e-06, 2.18119998863e-06, 1.73020828242e-06, 4.74588432553e-07],
        "median": [0.000275599188171, 0.000891016621608, 0.000428967439802, 0.000212787446799, 0.000303749839077, 0.00023911408789, 0.000150349893374, 0.0001756784186, 0.000112611996883, 0.00014235539129, 0.000149100858835, 0.000110660112114, 7.43076161598e-05, 6.3031904574e-05, 5.3291219956e-05, 8.53316378198e-05, 5.78389772272e-05, 4.30687505286e-05, 3.65130581486e-05, 3.70024099539e-05, 2.63663696387e-05, 2.13035000343e-05, 2.34847047977e-05, 1.49720763147e-05, 1.43868519444e-05, 1.36227463372e-05, 8.92017487786e-06, 5.79846073379e-06, 4.47113870905e-06, 2.91442438538e-06, 1.67233952197e-06, 1.32817604026e-06, 1.00555519111e-06, 1.20226582112e-06, 1.37983909099e-06, 8.29127770885e-07, 5.82926077186e-07, 6.81304868522e-07, 5.95638653067e-07, 8.62294129433e-08],
        "min": [1.14585869682e-08, 1.63577293932e-08, 1.93524174463e-09, 6.33109076276e-09, 4.50646453487e-09, 1.26998400685e-09, 9.56537427044e-09, 1.73881176124e-08, 2.93483348734e-09, 3.59757401647e-09, 2.91308999145e-09, 4.35036584534e-09, 2.15903006584e-09, 2.24499085988e-09, 1.20471366216e-09, 7.26621152136e-10, 7.16093406794e-10, 9.95084570299e-10, 1.09617037669e-09, 1.23416732389e-09, 1.60696433937e-09, 1.11772646694e-09, 7.7975137458e-10, 1.16359544222e-09, 6.31654450967e-10, 9.41378780484e-11, 4.86098730712e-11, 2.11532735772e-10, 6.19874152008e-11, 5.45621915704e-11, 3.64863174396e-11, 1.04067284304e-11, 5.44391962065e-12, 3.05800892421e-12, 1.80130053668e-12, 2.13056829124e-12, 1.0806422597e-11, 1.67202952872e-11, 1.06107119618e-11, 3.57291843681e-12],
        "var": [3.31739011017e-06, 1.08208332676e-05, 1.40331042076e-06, 3.29701009605e-07, 8.33441504255e-07, 4.32550535834e-07, 1.60506019142e-07, 3.27702224467e-07, 4.49841422778e-07, 2.69027083277e-07, 6.80104506046e-07, 5.30849888492e-07, 8.36143456695e-08, 2.46771136858e-08, 1.83831083689e-08, 1.14761405712e-07, 2.65316533188e-08, 6.02275074257e-09, 2.92425350601e-09, 4.3499972513e-09, 1.64370372868e-09, 1.10863562774e-09, 1.99815008983e-09, 5.1903736864e-10, 4.83741380286e-10, 3.53199830494e-10, 1.3409194588e-10, 8.30389368378e-11, 1.04501796105e-10, 5.36598890322e-11, 2.46325407988e-11, 2.87853126751e-11, 4.20136286872e-11, 5.33513441758e-11, 3.92237770042e-11, 4.92966917287e-11, 7.21628312661e-11, 3.83430821815e-11, 2.25043456092e-11, 7.22940717707e-12]
    },
    "mfcc": {
        "mean": [-598.471557617, 114.933601379, -19.1387424469, 13.3348503113, -0.695526540279, 1.47994196415, -2.19961953163, 4.64868450165, -6.55762577057, 6.61633443832, -4.49185609818, 0.913852453232, -4.3813495636],
        "cov": [[1565.26196289, -129.238189697, 170.653060913, -35.0261154175, -18.1166629791, 64.0222473145, 28.3001041412, 64.4202194214, 28.785036087, -14.1927499771, 7.66271162033, -34.4036979675, -11.2625427246], [-129.238189697, 530.403320312, -110.016204834, 39.1421546936, -8.32604980469, 2.6373155117, 85.8559646606, 44.0750274658, 44.5816307068, 7.19654178619, -27.770690918, -5.72605085373, -5.55768108368], [170.653060913, -110.016204834, 326.288574219, 53.34608078, 96.5025939941, 83.4868774414, 29.0954017639, 30.8956413269, 29.0531177521, 37.9859466553, 52.9569969177, 24.123708725, 26.0981712341], [-35.0261154175, 39.1421546936, 53.34608078, 232.784927368, 108.012718201, 69.8168792725, 21.1195755005, 5.09689998627, 20.2846374512, 6.09735918045, 20.6143245697, 32.606136322, 3.94267868996], [-18.1166629791, -8.32604980469, 96.5025939941, 108.012718201, 186.040313721, 67.7118301392, 14.6669216156, 13.7580680847, 27.6140098572, 17.4387550354, 25.5274353027, 21.5073547363, 14.2144432068], [64.0222473145, 2.6373155117, 83.4868774414, 69.8168792725, 67.7118301392, 201.881332397, 65.2164077759, 29.0133399963, 15.0360717773, 36.8657188416, 25.368598938, 20.6447620392, 19.369342804], [28.3001041412, 85.8559646606, 29.0954017639, 21.1195755005, 14.6669216156, 65.2164077759, 115.731399536, 44.5367126465, 19.0026397705, 12.2474069595, 12.5321531296, 10.7518863678, 12.3609132767], [64.4202194214, 44.0750274658, 30.8956413269, 5.09689998627, 13.7580680847, 29.0133399963, 44.5367126465, 97.1136474609, 46.1943740845, 11.2720193863, -4.61091995239, 4.452044487, 13.9718542099], [28.785036087, 44.5816307068, 29.0531177521, 20.2846374512, 27.6140098572, 15.0360717773, 19.0026397705, 46.1943740845, 105.161514282, 34.5796546936, 5.94610357285, 2.35548591614, 14.7620391846], [-14.1927499771, 7.19654178619, 37.9859466553, 6.09735918045, 17.4387550354, 36.8657188416, 12.2474069595, 11.2720193863, 34.5796546936, 85.9244918823, 34.6643562317, 10.7440013885, 9.35590648651], [7.66271162033, -27.770690918, 52.9569969177, 20.6143245697, 25.5274353027, 25.368598938, 12.5321531296, -4.61091995239, 5.94610357285, 34.6643562317, 78.2640304565, 33.4628257751, 5.12820291519], [-34.4036979675, -5.72605085373, 24.123708725, 32.606136322, 21.5073547363, 20.6447620392, 10.7518863678, 4.452044487, 2.35548591614, 10.7440013885, 33.4628257751, 66.87134552, 22.2341632843], [-11.2625427246, -5.55768108368, 26.0981712341, 3.94267868996, 14.2144432068, 19.369342804, 12.3609132767, 13.9718542099, 14.7620391846, 9.35590648651, 5.12820291519, 22.2341632843, 60.305141449]],
