{
"lowlevel": {
    "average_loudness": 0.533198416233,
    "barkbands_crest": {
        "dmean": 2.222407341,
        "dmean2": 3.46743702888,
        "dvar": 9.60096549988,
        "dvar2": 22.4024429321,
        "max": 26.4211826324,
        "mean": 11.8556413651,
        "median": 8.50894832611,
        "min": 2.36744093895,
        "var": 61.4893989563
    },
    "barkbands_flatness_db": {
        "dmean": 0.0294825602323,
        "dmean2": 0.0435814410448,
        "dvar": 0.00201217317954,
        "dvar2": 0.00412982795388,
        "max": 0.532914876938,
        "mean": 0.216798126698,
        "median": 0.179900482297,
        "min": 0.0740429610014,
        "var": 0.0110573386773
    },
    "barkbands_kurtosis": {
        "dmean": 32.9329299927,
        "dmean2": 41.5694618225,
        "dvar": 10888.3974609,
        "dvar2": 18077.8554688,
        "max": 1681.24121094,
        "mean": 53.8618850708,
        "median": 0.944626092911,
        "min": -1.76178109646,
        "var": 27381.71875
    },
    "barkbands_skewness": {
        "dmean": 1.294023633,
        "dmean2": 1.69861066341,
        "dvar": 7.11769866943,
        "dvar2": 12.2045869827,
        "max": 35.200630188,
        "mean": 3.18728923798,
        "median": 1.00341975689,
        "min": -4.5055346489,
        "var": 30.190952301
    },
    "barkbands_spread": {
        "dmean": 4.62710380554,
        "dmean2": 6.76036548615,
        "dvar": 30.3086605072,
        "dvar2": 65.8223190308,
        "max": 79.6772232056,
        "mean": 21.8737010956,
        "median": 18.590839386,
        "min": 0.148683339357,
        "var": 259.072174072
    },
    "dissonance": {
        "dmean": 0.0126361446455,
        "dmean2": 0.0212237015367,
        "dvar": 0.000223306997214,
        "dvar2": 0.000586920476053,
        "max": 0.498745620251,
        "mean": 0.463694453239,
        "median": 0.46912163496,
        "min": 0.36915948987,
        "var": 0.000590681273025
    },
    "dynamic_complexity": 3.58136105537,
    "erbbands_crest": {
        "dmean": 2.27670049667,
        "dmean2": 3.60281229019,
        "dvar": 5.72203397751,
        "dvar2": 13.9913482666,
        "max": 25.4549274445,
        "mean": 8.02874088287,
        "median": 6.83416175842,
        "min": 2.71012091637,
        "var": 15.2342796326
    },
    "erbbands_flatness_db": {
        "dmean": 0.0131578743458,
        "dmean2": 0.019551075995,
        "dvar": 0.000273996032774,
        "dvar2": 0.000710060994606,
        "max": 0.325599819422,
        "mean": 0.195511519909,
        "median": 0.183382585645,
        "min": 0.110758185387,
        "var": 0.00208478583954
    },
    "erbbands_kurtosis": {
        "dmean": 1.30178141594,
        "dmean2": 2.07017612457,
        "dvar": 21.9471244812,
        "dvar2": 58.7670173645,
        "max": 61.1955795288,
        "mean": 0.729706466198,
        "median": -0.345564126968,
        "min": -1.80698978901,
        "var": 19.7318611145
    },
    "erbbands_skewness": {
        "dmean": 0.351511836052,
        "dmean2": 0.497692346573,
        "dvar": 0.3263220191,
        "dvar2": 0.669519305229,
        "max": 6.8540186882,
        "mean": 0.090736374259,
        "median": -0.011911092326,
        "min": -5.25209569931,
        "var": 1.07761693001
    },
    "erbbands_spread": {
        "dmean": 8.98575019836,
        "dmean2": 13.9936389923,
        "dvar": 118.240135193,
        "dvar2": 293.816619873,
        "max": 132.87689209,
        "mean": 44.3998603821,
        "median": 40.6404953003,
        "min": 5.84861660004,
        "var": 448.233612061
    },
    "hfc": {
        "dmean": 6.18416547775,
        "dmean2": 9.13803863525,
        "dvar": 146.844848633,
        "dvar2": 313.324645996,
        "max": 298.634368896,
        "mean": 25.397857666,
        "median": 17.7548179626,
        "min": 3.2091531466e-05,
        "var": 776.639709473
    },
    "melbands_crest": {
        "dmean": 2.57767963409,
        "dmean2": 3.66303491592,
        "dvar": 7.81707239151,
        "dvar2": 15.8115005493,
        "max": 35.5746688843,
        "mean": 15.4476261139,
        "median": 13.4810876846,
        "min": 2.08210015297,
        "var": 67.0853271484
    },
    "melbands_flatness_db": {
        "dmean": 0.0326984673738,
        "dmean2": 0.0468012727797,
        "dvar": 0.00275604380295,
        "dvar2": 0.00563198234886,
        "max": 0.624317348003,
        "mean": 0.236588537693,
        "median": 0.194946750998,
        "min": 0.0147772626951,
        "var": 0.0229111518711
    },
    "melbands_kurtosis": {
        "dmean": 40.4167289734,
        "dmean2": 50.8877410889,
        "dvar": 11521.0332031,
        "dvar2": 23844.4492188,
        "max": 1380.11962891,
        "mean": 78.1272964478,
        "median": 4.8556227684,
        "min": -1.86536478996,
        "var": 35731.140625
    },
    "melbands_skewness": {
        "dmean": 1.2512191534,
        "dmean2": 1.66061997414,
        "dvar": 4.82117080688,
        "dvar2": 10.2756032944,
        "max": 28.531036377,
        "mean": 4.22242593765,
        "median": 2.11042499542,
        "min": -1.43246996403,
        "var": 24.0646839142
    },
    "melbands_spread": {
        "dmean": 6.68434715271,
        "dmean2": 9.97476768494,
        "dvar": 129.621322632,
        "dvar2": 258.9737854,
        "max": 220.444213867,
        "mean": 35.0247268677,
        "median": 23.8528060913,
        "min": 0.205863207579,
        "var": 1530.32800293
    },
    "pitch_salience": {
        "dmean": 0.0804895237088,
        "dmean2": 0.124464675784,
        "dvar": 0.0160743389279,
        "dvar2": 0.0389677099884,
        "max": 0.885111629963,
        "mean": 0.480995744467,
        "median": 0.561246216297,
        "min": 0.0213007349521,
        "var": 0.0552250035107
    },
    "silence_rate_20dB": {
        "dmean": 0.00851393211633,
        "dmean2": 0.0170344561338,
        "dvar": 0.00844143610448,
        "dvar2": 0.0190669242293,
        "max": 1,
        "mean": 0.992649912834,
        "median": 1,
        "min": 0,
        "var": 0.00729556800798
    },
    "silence_rate_30dB": {
        "dmean": 0.0495356023312,
        "dmean2": 0.0991095602512,
        "dvar": 0.0470839329064,
        "dvar2": 0.0892894938588,
        "max": 1,
        "mean": 0.762862682343,
        "median": 1,
        "min": 0,
        "var": 0.180910289288
    },
    "silence_rate_60dB": {
        "dmean": 0.0185758508742,
        "dmean2": 0.0371660850942,
        "dvar": 0.0182301960886,
        "dvar2": 0.0381074510515,
        "max": 1,
        "mean": 0.10831721127,
        "median": 0,
        "min": 0,
        "var": 0.0965853855014
    },
    "spectral_centroid": {
        "dmean": 233.214813232,
        "dmean2": 346.438446045,
        "dvar": 100890.5625,
        "dvar2": 187453.609375,
        "max": 5689.765625,
        "mean": 1559.89025879,
        "median": 1419.88891602,
        "min": 106.24647522,
        "var": 1041061.3125
    },
    "spectral_complexity": {
        "dmean": 3.66099071503,
        "dmean2": 5.92257070541,
        "dvar": 23.3904781342,
        "dvar2": 55.161113739,
        "max": 54,
        "mean": 18.2657642365,
        "median": 16,
        "min": 0,
        "var": 136.190093994
    },
    "spectral_decrease": {
        "dmean": 4.5288404138e-09,
        "dmean2": 5.64971891492e-09,
        "dvar": 8.10065253063e-17,
        "dvar2": 1.38953822703e-16,
        "max": -4.03812827089e-14,
        "mean": -1.48550478585e-08,
        "median": -4.22266754896e-09,
        "min": -1.05093135971e-07,
        "var": 4.38839114355e-16
    },
    "spectral_energy": {
        "dmean": 0.0173886362463,
        "dmean2": 0.0216577574611,
        "dvar": 0.0011517246021,
        "dvar2": 0.00197068694979,
        "max": 0.400907695293,
        "mean": 0.0583700090647,
        "median": 0.0195495672524,
        "min": 1.81423729373e-07,
        "var": 0.00629445770755
    },
    "spectral_energyband_high": {
        "dmean": 0.00046942132758,
        "dmean2": 0.000726306054275,
        "dvar": 2.15362115341e-06,
        "dvar2": 4.22323910243e-06,
        "max": 0.0452357977629,
        "mean": 0.00171326368582,
        "median": 0.000678488519043,
        "min": 7.06399827521e-10,
        "var": 1.34379979499e-05
    },
    "spectral_energyband_low": {
        "dmean": 0.0159199927002,
        "dmean2": 0.0201695840806,
        "dvar": 0.00139868585393,
        "dvar2": 0.00256660720333,
        "max": 0.355745494366,
        "mean": 0.0435985513031,
        "median": 0.00140266038943,
        "min": 8.32321589428e-09,
        "var": 0.00577304512262
    },
    "spectral_energyband_middle_high": {
        "dmean": 0.00159979972523,
        "dmean2": 0.00260930252261,
        "dvar": 8.70778694662e-06,
        "dvar2": 2.20843503485e-05,
        "max": 0.0305750779808,
        "mean": 0.00418245792389,
        "median": 0.00295684742741,
        "min": 2.2708737113e-09,
        "var": 2.11584210774e-05
    },
    "spectral_energyband_middle_low": {
        "dmean": 0.0083067137748,
        "dmean2": 0.0148246856406,
        "dvar": 0.000872057746165,
        "dvar2": 0.00241718930192,
        "max": 0.239049047232,
        "mean": 0.00974977109581,
        "median": 0.00468239141628,
        "min": 6.4531522348e-09,
        "var": 0.000564317917451
    },
    "spectral_entropy": {
        "dmean": 0.182590395212,
        "dmean2": 0.270038068295,
        "dvar": 0.0988944545388,
        "dvar2": 0.245601221919,
        "max": 8.43425178528,
        "mean": 7.47356128693,
        "median": 7.59313249588,
        "min": 4.81064844131,
        "var": 0.309562414885
    },
    "spectral_flux": {
        "dmean": 0.0367624051869,
        "dmean2": 0.0511162392795,
        "dvar": 0.00421370659024,
        "dvar2": 0.00599035946652,
        "max": 0.604555785656,
        "mean": 0.0897291600704,
        "median": 0.063611485064,
        "min": 0.000534837308805,
        "var": 0.010179227218
    },
    "spectral_kurtosis": {
        "dmean": 2.74312257767,
        "dmean2": 4.86176156998,
        "dvar": 27.3426818848,
        "dvar2": 85.8784637451,
        "max": 58.623550415,
        "mean": 4.03690099716,
        "median": 1.81785202026,
        "min": -0.687122821808,
        "var": 44.6808891296
    },
    "spectral_rms": {
        "dmean": 0.000939101621043,
        "dmean2": 0.0011558191618,
        "dvar": 2.1259506866e-06,
        "dvar2": 3.60145145351e-06,
        "max": 0.0197769924998,
        "mean": 0.00609624804929,
        "median": 0.00436723558232,
        "min": 1.33040884975e-05,
        "var": 1.97822337213e-05
    },
    "spectral_rolloff": {
        "dmean": 376.873352051,
        "dmean2": 611.007629395,
        "dvar": 421846.25,
        "dvar2": 828509.125,
        "max": 8333.34960938,
        "mean": 2071.94750977,
        "median": 1571.92382812,
        "min": 64.599609375,
        "var": 4619840.5
    },
    "spectral_skewness": {
        "dmean": 0.314120739698,
        "dmean2": 0.525528311729,
        "dvar": 0.201191216707,
        "dvar2": 0.570501863956,
        "max": 5.09828138351,
        "mean": 1.22724378109,
        "median": 1.06973183155,
        "min": -0.531602561474,
        "var": 0.45877546072
    },
    "spectral_spread": {
        "dmean": 435366.625,
        "dmean2": 697418.0625,
        "dvar": 349946904576,
        "dvar2": 909720813568,
        "max": 7878898,
        "mean": 4117851.5,
        "median": 4337100,
        "min": 931764.1875,
        "var": 1.72846664909e+12
    },
    "spectral_strongpeak": {
        "dmean": 0.467809438705,
        "dmean2": 0.785302877426,
        "dvar": 0.922808110714,
        "dvar2": 2.59715557098,
        "max": 15.1626739502,
        "mean": 0.973993599415,
        "median": 0.694675624371,
        "min": 0.000367873552023,
        "var": 1.35509049892
    },
    "zerocrossingrate": {
        "dmean": 0.00854378845543,
        "dmean2": 0.00999530404806,
        "dvar": 0.000130488246214,
        "dvar2": 0.000159274219186,
        "max": 0.310546875,
        "mean": 0.0709165707231,
        "median": 0.05615234375,
        "min": 0.001953125,
        "var": 0.00391518184915
    },
    "barkbands": {
        "dmean": [0.000657237251289, 0.015495300293, 0.00421625562012, 0.00341405742802, 0.00372207676992, 0.000893118500244, 0.000659524172079, 0.000514531275257, 0.000482629053295, 0.000217807639274, 0.000208993951674, 0.000268221105216, 0.000170627768966, 0.000636889075395, 0.000225039155339, 0.000136070259032, 0.000146700098412, 0.000266324612312, 0.000109938919195, 0.000221195979975, 0.000133443696541, 0.000139695577673, 0.000204824827961, 8.10133642517e-05, 1.53331202455e-05, 1.38038940278e-08, 2.63434474235e-09],
        "dmean2": [0.000995519454591, 0.0186592768878, 0.00786948110908, 0.00649457471445, 0.00680701108649, 0.00159710214939, 0.00100784737151, 0.000830702600069, 0.0008001094684, 0.000389903783798, 0.000346325046849, 0.000430720945587, 0.000288282812107, 0.00102599093225, 0.00036764331162, 0.000229796787607, 0.000246898736805, 0.000431375025073, 0.000183496391401, 0.000346804066794, 0.000222814691369, 0.000228945922572, 0.0003210073628, 0.000132633169414, 2.52863756032e-05, 2.34587353987e-08, 4.81172124367e-09],
        "dvar": [2.67987297775e-06, 0.00119188928511, 0.000371992529836, 0.000239265864366, 0.000186079676496, 7.86059990787e-06, 1.8887551505e-06, 1.84354530575e-06, 2.3378354399e-06, 3.28973925434e-07, 2.49774615213e-07, 4.70224819082e-07, 1.97276591507e-07, 1.56613077706e-06, 2.66653785275e-07, 6.56251089026e-08, 6.33596428656e-08, 2.8182731171e-07, 5.36879731783e-08, 2.21424841129e-07, 1.37218947316e-07, 3.20217111494e-07, 2.51086362368e-07, 8.22377970167e-08, 1.47524392702e-09, 1.4755233473e-15, 2.25086333326e-17],
        "dvar2": [6.10629831499e-06, 0.0022465037182, 0.00108363351319, 0.000691980589181, 0.000538273947313, 2.20244764932e-05, 4.81155120724e-06, 4.34058301835e-06, 5.54374310013e-06, 9.32859791192e-07, 6.23232779162e-07, 1.07334835775e-06, 4.91709840844e-07, 3.88823173125e-06, 6.35461844922e-07, 1.67648295246e-07, 1.6219273391e-07, 6.25567508905e-07, 1.41680772003e-07, 4.81634117477e-07, 3.56347499064e-07, 6.64396395678e-07, 4.99208510973e-07, 1.77436902504e-07, 4.05019484617e-09, 3.9942897419e-15, 7.0113807336e-17],
        "max": [0.023498121649, 0.337350994349, 0.180664479733, 0.118244275451, 0.118277221918, 0.0249589420855, 0.0150269297883, 0.0294558852911, 0.0251436401159, 0.00602708384395, 0.0115821929649, 0.0141231147572, 0.0090986834839, 0.022800013423, 0.016028938815, 0.00476213637739, 0.00661818357185, 0.0144839268178, 0.00597798870876, 0.0178093742579, 0.00843751896173, 0.0223160665482, 0.0165581963956, 0.0101788779721, 0.000807823904324, 7.08379104708e-07, 3.61437990648e-08],
        "mean": [0.000971341156401, 0.038081292063, 0.0037143479567, 0.00210055382922, 0.00346630322747, 0.000967548694462, 0.00139724696055, 0.00100559485145, 0.000760809751227, 0.000285485206405, 0.000262365676463, 0.000452269625384, 0.00023910611344, 0.00102470826823, 0.000329638220137, 0.000231786136283, 0.00028236527578, 0.00054071348859, 0.000238791559241, 0.000473184365546, 0.000321720959619, 0.000368597335182, 0.000553146877792, 0.000257571984548, 4.35236906924e-05, 2.94878095275e-08, 2.21772111786e-09],
        "median": [1.21389200558e-06, 0.000609059934504, 0.000504277122673, 0.000115279421152, 0.0010651377961, 0.000336419965606, 0.000714115798473, 0.000313998141792, 0.000266821967671, 8.72888122103e-05, 8.11065910966e-05, 8.80326842889e-05, 8.17870459286e-05, 0.000395829119952, 0.00012721180974, 8.15081002656e-05, 0.000157328584464, 0.00027687655529, 5.76988641114e-05, 0.000242231370066, 7.41928815842e-05, 4.79267546325e-05, 0.000208611920243, 5.98340884608e-05, 5.38753647561e-06, 3.95440657996e-09, 3.73571368284e-10],
        "min": [8.05150182637e-11, 2.00596139699e-09, 4.77715556002e-09, 1.96049154688e-09, 2.06985539819e-09, 4.45245312841e-10, 1.72694814005e-09, 5.15267732995e-12, 1.57438454634e-11, 5.1615108021e-11, 6.93193679541e-12, 2.22060980715e-11, 2.36183867602e-11, 1.52848100843e-09, 1.12730887125e-10, 5.96183935553e-11, 7.94684595906e-11, 1.33709099348e-10, 2.41541005946e-11, 2.66073690858e-10, 2.893584157e-11, 3.19504006585e-11, 6.49920811613e-11, 2.23404229144e-11, 1.78516749993e-11, 8.15228353573e-12, 8.93988962719e-12],
        "var": [6.12607937001e-06, 0.00460258731619, 0.00021357179503, 0.000131344830152, 0.000109069937025, 6.32136607237e-06, 3.46738352164e-06, 4.35928313891e-06, 4.38102097178e-06, 2.88191529307e-07, 4.35403308074e-07, 1.14851695798e-06, 3.1659897104e-07, 2.65558810497e-06, 6.10589609096e-07, 1.3094769713e-07, 1.87023232456e-07, 9.592843071e-07, 1.76680600816e-07, 5.29465296495e-07, 4.566483085e-07, 1.60156537277e-06, 1.06691356905e-06, 4.98269002946e-07, 1.21057084357e-08, 6.24408505925e-15, 2.01060789716e-17]
    },
    "erbbands": {
        "dmean": [0.434679389, 3.89563298225, 5.69011449814, 8.02915668488, 14.0041599274, 11.8165645599, 7.54617071152, 7.19365739822, 9.80659866333, 8.75275039673, 13.3756437302, 9.82661533356, 6.96691083908, 6.87576341629, 7.81472349167, 11.1538715363, 7.95827674866, 19.8230209351, 23.3002529144, 8.38619804382, 7.29350328445, 8.18693447113, 14.8862094879, 6.66132307053, 6.15230703354, 11.8303956985, 4.8886346817, 5.82425785065, 5.20835542679, 6.80023241043, 5.74713182449, 2.3832988739, 1.09763932228, 0.325501680374, 0.0181586407125, 0.000817062507849, 5.53635509277e-05, 1.01037776403e-05, 9.05204069568e-06, 1.93796695385e-05],
        "dmean2": [0.573570132256, 4.76900291443, 9.21702671051, 15.2488698959, 26.1776161194, 21.6357460022, 13.8680706024, 12.6395483017, 14.6525506973, 15.0578784943, 21.528837204, 16.4957695007, 12.4571399689, 11.6660614014, 13.2889356613, 18.1474838257, 13.2649927139, 32.8079109192, 36.3478469849, 13.9245128632, 11.7231760025, 13.6502552032, 24.0946578979, 10.92395401, 10.0704126358, 18.3296031952, 8.18141937256, 9.70785045624, 8.54273700714, 11.2351770401, 8.99764060974, 3.78629112244, 1.8244304657, 0.543493688107, 0.0290031805634, 0.00129875633866, 8.7531414465e-05, 1.62295400514e-05, 1.14047761599e-05, 2.41616417043e-05],
        "dvar": [1.08129799366, 78.8206329346, 437.340789795, 1307.51245117, 3377.59057617, 1769.98669434, 576.678710938, 502.94418335, 350.63949585, 649.330078125, 1599.7746582, 895.995849609, 439.138305664, 327.487823486, 387.521911621, 919.450256348, 429.668884277, 2187.84375, 2482.50976562, 297.552886963, 160.463638306, 199.137313843, 970.165161133, 137.523117065, 175.481201172, 735.145141602, 155.455337524, 341.132263184, 494.252319336, 382.244934082, 208.003265381, 74.6504592896, 10.8233823776, 0.59740459919, 0.00266490061767, 4.96978373121e-06, 1.8116207201e-08, 6.55926424287e-10, 2.30574850879e-10, 1.28569710434e-09],
        "dvar2": [1.63913786411, 161.605194092, 1221.45251465, 3777.72753906, 9825.89355469, 5099.96435547, 1620.5904541, 1433.64086914, 859.574157715, 1763.45251465, 3543.58349609, 2194.95458984, 1238.81567383, 830.679138184, 975.229370117, 2154.67822266, 1108.48474121, 5743.75537109, 5826.67285156, 753.494262695, 371.514160156, 494.688598633, 2148.94140625, 359.356109619, 438.381286621, 1585.78808594, 371.307159424, 883.35345459, 1120.05725098, 864.012084961, 457.508178711, 153.742828369, 26.6629581451, 1.58616983891, 0.00715458439663, 1.30817934405e-05, 4.26677146947e-08, 1.38479938627e-09, 3.90239257575e-10, 2.17591655804e-09],
        "max": [11.2191772461, 80.0442352295, 198.326644897, 304.863311768, 473.817565918, 344.325195312, 220.248855591, 207.644088745, 257.145721436, 401.073852539, 976.737487793, 513.02532959, 285.253417969, 412.068786621, 466.458465576, 694.335510254, 471.802459717, 1133.45397949, 1328.78979492, 354.303131104, 269.708129883, 419.097106934, 850.48223877, 221.122955322, 328.437286377, 1060.86938477, 257.980499268, 465.050506592, 830.986022949, 747.000183105, 381.700469971, 325.390136719, 95.5806045532, 17.3821468353, 1.38166105747, 0.0598968192935, 0.003559212666, 0.000822043628432, 0.000287966249743, 0.000434497982496],
        "mean": [0.996281802654, 8.51664829254, 8.07385158539, 5.19930553436, 11.5640039444, 10.5512895584, 7.82890176773, 8.26816177368, 20.856716156, 14.7496099472, 26.3611125946, 15.140868187, 10.0160264969, 9.11458969116, 10.0732526779, 18.7434940338, 13.4709215164, 31.0052318573, 41.7201080322, 13.5560426712, 14.3364448547, 18.1177806854, 30.5958595276, 14.6438531876, 14.8994092941, 24.2292079926, 12.770190239, 13.3096408844, 13.1349067688, 17.4944190979, 14.4780626297, 6.99720954895, 3.36711621284, 1.00946819782, 0.0592426657677, 0.00281685567461, 0.000217019449337, 3.91523899452e-05, 3.76773350581e-05, 6.93046240485e-05],
        "median": [0.00507669802755, 0.180141285062, 0.775267899036, 0.553350925446, 2.48613858223, 2.34648108482, 2.46960902214, 3.01898026466, 9.54216098785, 5.74114656448, 8.55939292908, 5.14687299728, 3.57903599739, 2.32911920547, 3.78871583939, 3.87831163406, 3.89429020882, 12.1683454514, 16.8183860779, 7.10547208786, 4.97419309616, 11.1233072281, 16.8161487579, 4.85753726959, 6.74225664139, 11.9872627258, 3.34187221527, 2.65360927582, 1.64546871185, 7.1969909668, 5.16809940338, 1.75760269165, 0.748372852802, 0.174914985895, 0.00619572680444, 0.000403227488277, 7.21828037058e-05, 1.61670013767e-05, 2.07202665479e-05, 3.23555941577e-05],
        "min": [3.12811962999e-08, 6.10841539128e-07, 4.61626495962e-06, 1.6333129679e-05, 1.11765648398e-05, 3.97386111217e-06, 5.21662798292e-07, 5.67409369978e-06, 3.14276476274e-05, 4.11352766605e-06, 3.63439909279e-07, 3.43373585565e-07, 1.15990656013e-06, 8.92262448815e-07, 3.04454999878e-07, 9.09255959414e-07, 1.31712647544e-06, 2.57289830188e-05, 6.59805737087e-05, 4.32511751569e-06, 3.42852990798e-06, 5.06504466102e-06, 8.24213020678e-06, 2.16040507439e-06, 6.14020063949e-06, 1.29048385134e-05, 1.61912123531e-06, 1.15534214729e-06, 1.00586441931e-06, 4.51331197837e-06, 1.59491855811e-06, 1.11690371796e-06, 7.50335004795e-07, 5.07593370003e-07, 9.18340461453e-08, 3.00306055578e-08, 1.71820371264e-08, 5.89708237797e-09, 1.51963386319e-09, 4.20438961424e-10],
        "var": [4.51427602768, 251.140350342, 396.754638672, 726.613952637, 1894.93188477, 1096.08752441, 508.392791748, 326.256469727, 688.19744873, 869.377258301, 4648.87011719, 1399.71008301, 416.526367188, 491.78012085, 678.565063477, 2132.94946289, 787.622375488, 4146.14941406, 4526.10205078, 558.547241211, 462.152191162, 793.198059082, 3270.11303711, 476.644042969, 554.276916504, 1453.17871094, 683.092590332, 965.257141113, 2083.62255859, 1520.96691895, 743.433349609, 399.28729248, 68.7991027832, 5.84590244293, 0.0279970467091, 5.72252101847e-05, 2.16791747221e-07, 6.24488949441e-09, 1.62696345285e-09, 7.27252169597e-09]
    },
    "gfcc": {
        "mean": [-45.120426178, 119.255622864, -143.724243164, 63.6813774109, -66.2591705322, 13.8594751358, -35.2363052368, -6.89444112778, 3.37737512589, -14.4234189987, 9.24987792969, -22.0901603699, -4.77972507477],
        "cov": [[7916.80419922, -3128.703125, -369.220092773, 1070.49926758, -1919.52441406, 1026.03039551, -779.83380127, 199.292007446, -141.559005737, -66.2292022705, -19.7682304382, -227.118515015, -9.72961330414], [-3128.703125, 3273.22094727, 44.864402771, -1155.73632812, 1295.06555176, -772.043762207, 728.068481445, -127.678153992, 166.944671631, -44.8179664612, -21.8923854828, 101.971420288, 35.1114196777], [-369.220092773, 44.864402771, 1897.39941406, 703.154968262, 497.323974609, 565.344177246, 219.449569702, 318.336242676, 433.822113037, 313.764984131, 387.45111084, -55.6776847839, 153.951980591], [1070.49926758, -1155.73632812, 703.154968262, 879.720947266, -206.958984375, 497.412872314, -174.817016602, 140.387237549, 117.513870239, 138.230880737, 171.199539185, -71.8760299683, 48.1056213379], [-1919.52441406, 1295.06555176, 497.323974609, -206.958984375, 914.157592773, -230.435012817, 403.878326416, 22.6719932556, 179.617858887, 134.264831543, 99.9081726074, 64.5451660156, 56.722492218], [1026.03039551, -772.043762207, 565.344177246, 497.412872314, -230.435012817, 524.968994141, -89.1936950684, 146.502532959, 136.894165039, 112.314300537, 163.993637085, -55.9917831421, 49.3537788391], [-779.83380127, 728.068481445, 219.449569702, -174.817016602, 403.878326416, -89.1936950684, 382.883911133, 79.0657806396, 159.06312561, 88.6570892334, 40.2761268616, 47.1136856079, 50.5418968201], [199.292007446, -127.678153992, 318.336242676, 140.387237549, 22.6719932556, 146.502532959, 79.0657806396, 177.831298828, 111.554206848, 92.8240280151, 78.3755111694, 6.50969552994, 61.3601837158], [-141.559005737, 166.944671631, 433.822113037, 117.513870239, 179.617858887, 136.894165039, 159.06312561, 111.554206848, 242.680587769, 124.68661499, 138.008453369, -10.3877296448, 43.4819297791], [-66.2292022705, -44.8179664612, 313.764984131, 138.230880737, 134.264831543, 112.314300537, 88.6570892334, 92.8240280151, 124.68661499, 170.018798828, 90.6201858521, 5.01747512817, 39.0819282532], [-19.7682304382, -21.8923854828, 387.45111084, 171.199539185, 99.9081726074, 163.993637085, 40.2761268616, 78.3755111694, 138.008453369, 90.6201858521, 164.88168335, -6.29297399521, 34.0785827637], [-227.118515015, 101.971420288, -55.6776847839, -71.8760299683, 64.5451660156, -55.9917831421, 47.1136856079, 6.50969552994, -10.3877296448, 5.01747512817, -6.29297399521, 54.5408477783, 15.7904806137], [-9.72961330414, 35.1114196777, 153.951980591, 48.1056213379, 56.722492218, 49.3537788391, 50.5418968201, 61.3601837158, 43.4819297791, 39.0819282532, 34.0785827637, 15.7904806137, 65.3475265503]],
        "icov": [[0.000362121179933, -0.000267093331786, 0.000260078668362, -0.000441225478426, 0.000746514822822, -0.000474974076496, 4.8464313295e-05, -0.00040343136061, 0.000103989274066, -0.000277547107544, 0.000163790697115, 0.000428623636253, -0.000130604064907], [-0.000267093331786, 0.00333590386435, -0.000899750040844, 0.00353976315819, -0.00297839473933, 0.00154801481403, -0.00176743359771, 0.00191733241081, -0.000981415738352, 0.00267997779883, -0.00144896958955, 0.00285062333569, -0.00221839779988], [0.000260078668362, -0.000899750040844, 0.00267893564887, -0.00178439123556, -0.000791859638412, -0.00212107412517, 0.000798752589617, -0.00213621952571, -0.000305400113575, -0.000256679340964, -0.00055890501244, 0.00152405316476, -0.000518252782058], [-0.000441225478426, 0.00353976315819, -0.00178439123556, 0.00702344020829, -0.00327114039101, 8.53262317833e-05, -0.000361420563422, 0.00213771290146, -0.000790896185208, 0.0016437121667, -0.00132714724168, 0.00324475998059, -0.00243561994284], [0.000746514822822, -0.00297839473933, -0.000791859638412, -0.00327114039101, 0.00832623057067, 0.00166227517184, -0.00179319339804, 0.00090906152036, 0.00175932620186, -0.00443308521062, -0.00102895672899, -0.00273072370328, 0.000712714216206], [-0.000474974076496, 0.00154801481403, -0.00212107412517, 8.53262317833e-05, 0.00166227517184, 0.00935340486467, -0.00181947415695, 0.00112003635149, -0.000404043035815, 2.67044597422e-05, -0.0045320331119, 0.00213009444997, -0.0020181434229], [4.8464313295e-05, -0.00176743359771, 0.000798752589617, -0.000361420563422, -0.00179319339804, -0.00181947415695, 0.0100440755486, -0.00358991813846, -0.00516795134172, -0.00120604899712, 0.0051387026906, -0.004560821224, 0.000456547510112], [-0.00040343136061, 0.00191733241081, -0.00213621952571, 0.00213771290146, 0.00090906152036, 0.00112003635149, -0.00358991813846, 0.0154789537191, -0.00218782178126, -0.00156839669216, -0.000881336280145, -0.0014076710213, -0.00783058814704], [0.000103989274066, -0.000981415738352, -0.000305400113575, -0.000790896185208, 0.00175932620186, -0.000404043035815, -0.00516795134172, -0.00218782178126, 0.0155934840441, -0.0039564743638, -0.00794948078692, 0.00510246586055, 0.00157700816635], [-0.000277547107544, 0.00267997779883, -0.000256679340964, 0.0016437121667, -0.00443308521062, 2.67044597422e-05, -0.00120604899712, -0.00156839669216, -0.0039564743638, 0.0145624447614, -0.00150804861914, 0.00032717891736, -0.00122254679445], [0.000163790697115, -0.00144896958955, -0.00055890501244, -0.00132714724168, -0.00102895672899, -0.0045320331119, 0.0051387026906, -0.000881336280145, -0.00794948078692, -0.00150804861914, 0.0197791419923, -0.00627010921016, 0.00165749178268], [0.000428623636253, 0.00285062333569, 0.00152405316476, 0.00324475998059, -0.00273072370328, 0.00213009444997, -0.004560821224, -0.0014076710213, 0.00510246586055, 0.00032717891736, -0.00627010921016, 0.033322095871, -0.0102090453729], [-0.000130604064907, -0.00221839779988, -0.000518252782058, -0.00243561994284, 0.000712714216206, -0.0020181434229, 0.000456547510112, -0.00783058814704, 0.00157700816635, -0.00122254679445, 0.00165749178268, -0.0102090453729, 0.0286788195372]]
    },
    "melbands": {
        "dmean": [0.00406606588513, 0.00362159521319, 0.00162081548478, 0.000948040280491, 0.000302945059957, 0.000167418183992, 0.000143321609357, 9.52139525907e-05, 0.000114376089186, 5.87497088418e-05, 3.50240443368e-05, 2.7924139431e-05, 2.73143559752e-05, 2.24178256758e-05, 3.11707008223e-05, 1.8265838662e-05, 4.43599383289e-05, 5.06248834427e-05, 1.72104992089e-05, 9.80025015451e-06, 8.82441781869e-06, 8.24581275083e-06, 1.51596923388e-05, 1.19045853353e-05, 5.4788433772e-06, 4.44468469141e-06, 7.54381517254e-06, 7.77083914727e-06, 3.1366141684e-06, 3.89645310861e-06, 3.52648362423e-06, 3.22423875332e-06, 3.38514814757e-06, 4.41143902208e-06, 4.0372242438e-06, 2.22043900067e-06, 1.43536510677e-06, 8.75916612131e-07, 6.91114848905e-07, 1.69246007431e-07],
        "dmean2": [0.00513428729028, 0.00481825368479, 0.0030581143219, 0.00173548737075, 0.000559595122468, 0.00028652313631, 0.000219914625632, 0.000162762444234, 0.000184291842743, 9.94002548396e-05, 6.27031477052e-05, 4.77232933918e-05, 4.62774914922e-05, 3.75699346478e-05, 4.93408551847e-05, 3.10396862915e-05, 7.28508821339e-05, 7.84417206887e-05, 2.78663937934e-05, 1.72415657289e-05, 1.37714159791e-05, 1.38055238494e-05, 2.5376873964e-05, 1.9298031475e-05, 9.14865631785e-06, 7.49275750422e-06, 1.20194263218e-05, 1.21253797261e-05, 5.31992418473e-06, 6.60130081087e-06, 5.87642034588e-06, 5.44993099538e-06, 5.48796288058e-06, 7.39006236472e-06, 6.48742070553e-06, 3.58228521691e-06, 2.28147223424e-06, 1.44158332205e-06, 1.16703540698e-06, 2.77091800172e-07],
        "dvar": [8.66164627951e-05, 9.50333633227e-05, 4.9817164836e-05, 1.30294129121e-05, 9.81106495601e-07, 2.42109109649e-07, 8.88591955572e-08, 7.22065820469e-08, 1.36583267363e-07, 3.22671134256e-08, 1.08305187041e-08, 5.33052046947e-09, 5.15345988106e-09, 3.64514773921e-09, 6.57879128951e-09, 2.32197350236e-09, 1.01248316398e-08, 1.19029275325e-08, 1.54260493268e-09, 3.8317252149e-10, 2.38312369838e-10, 2.53446402754e-10, 9.75439062856e-10, 7.14011849645e-10, 9.61266344301e-11, 1.13653128575e-10, 2.42304148967e-10, 3.26845467358e-10, 7.35332142399e-11, 9.3775244514e-11, 1.45126369255e-10, 2.34997687976e-10, 1.42563585936e-10, 1.36910816018e-10, 9.11873146436e-11, 5.18454931764e-11, 2.67574989943e-11, 8.4208213319e-12, 2.3882759919e-12, 2.50844592493e-13],
        "dvar2": [0.000152190637891, 0.0002287235111, 0.000143354802276, 3.76610805688e-05, 2.80895255855e-06, 6.8329535452e-07, 2.27844878964e-07, 1.95671802317e-07, 2.94326923722e-07, 8.00476342988e-08, 3.05615834861e-08, 1.36818076868e-08, 1.25635803983e-08, 9.40320976639e-09, 1.41892382288e-08, 6.07551831067e-09, 2.57526497904e-08, 2.85831980307e-08, 3.7861020985e-09, 1.06260367172e-09, 5.20265330817e-10, 6.17548900905e-10, 2.04811256843e-09, 1.76481107506e-09, 2.55279547501e-10, 2.94163082781e-10, 5.81904469055e-10, 7.14427350612e-10, 1.83011883426e-10, 2.56098142692e-10, 3.66769087323e-10, 5.76553249587e-10, 2.94865271089e-10, 3.28294585961e-10, 2.20093235304e-10, 1.17436990688e-10, 5.5669704957e-11, 2.17301922983e-11, 6.4177721297e-12, 6.81077752789e-13],
        "max": [0.0940039679408, 0.092369876802, 0.056577000767, 0.0313204564154, 0.00855363439769, 0.00457739410922, 0.00325738219544, 0.00371191836894, 0.00971839949489, 0.0030143794138, 0.00142494216561, 0.00163162022363, 0.00189886265434, 0.00149945099838, 0.00129248469602, 0.00105100159999, 0.0024531101808, 0.00285539100878, 0.00117132056039, 0.000326099630911, 0.00036807829747, 0.000583756715059, 0.000973245012574, 0.000622269348241, 0.000132982298965, 0.000336365337716, 0.000440279691247, 0.000701374607161, 0.000219488792936, 0.000191666200408, 0.000298026425298, 0.000608209462371, 0.000521353271324, 0.000431363616372, 0.000249774748227, 0.000195455242647, 0.000215057531022, 7.85341253504e-05, 3.21769148286e-05, 1.22717965496e-05],
        "mean": [0.00992671959102, 0.00715165864676, 0.00111346167978, 0.00085104565369, 0.000294450990623, 0.000206672644708, 0.000298683909932, 0.000167166406754, 0.000219784778892, 8.87735004653e-05, 4.98046829307e-05, 3.74495757569e-05, 3.35985205311e-05, 3.33914831572e-05, 5.61301822017e-05, 2.40253575612e-05, 6.78802316543e-05, 8.46572002047e-05, 2.45352439379e-05, 1.35482496262e-05, 1.70105940924e-05, 1.57052181748e-05, 3.00706997223e-05, 2.22932576435e-05, 1.06197367131e-05, 9.06843706616e-06, 1.57769827638e-05, 1.51656959133e-05, 7.39740335121e-06, 8.05999388831e-06, 7.51255947762e-06, 7.29025714463e-06, 7.47476451579e-06, 1.08111416921e-05, 9.22648632695e-06, 5.24350980413e-06, 3.88643547922e-06, 2.39015753323e-06, 1.79953497081e-06, 5.21389495134e-07],
        "median": [0.000108657390228, 0.000378734403057, 0.000180288217962, 0.000206216005608, 7.83201903687e-05, 8.46767798066e-05, 0.000155499670655, 5.43902497157e-05, 6.50507645332e-05, 3.03801498376e-05, 1.69264894794e-05, 9.60335091804e-06, 1.09900092866e-05, 1.12019661174e-05, 9.22784511204e-06, 8.08884215076e-06, 2.45868213824e-05, 3.01775362459e-05, 1.01606010503e-05, 5.01174281453e-06, 5.35770186616e-06, 7.23902758182e-06, 1.53631590365e-05, 9.45355986914e-06, 2.75717752629e-06, 2.50858965956e-06, 8.20599143481e-06, 7.13214467396e-06, 1.2120425481e-06, 2.09482732316e-06, 1.04358252884e-06, 4.81226095417e-07, 1.43807835684e-06, 4.43713679488e-06, 3.31477713189e-06, 1.31121009872e-06, 7.93210915617e-07, 3.69591020899e-07, 3.84642390827e-07, 3.95593993119e-08],
        "min": [4.12668926808e-10, 1.85924553531e-09, 4.86399853727e-09, 5.8176391482e-10, 1.50491268752e-11, 1.56064647316e-10, 4.24972640412e-10, 1.89114973681e-11, 2.31923334704e-12, 1.78664418329e-12, 6.47832525472e-12, 4.55287457041e-12, 9.26134603035e-13, 1.11153740292e-12, 3.42070967906e-12, 1.98943444184e-12, 6.22419615848e-11, 1.50951154354e-10, 4.54814571421e-12, 3.06330872127e-12, 3.94188588021e-12, 4.60220273349e-12, 6.54639406919e-12, 7.53589378399e-12, 8.25564931087e-13, 1.59384148674e-12, 1.00543974188e-11, 7.48037569387e-12, 5.57496269201e-13, 8.96884346305e-13, 5.89483377476e-13, 3.66748244187e-13, 1.0195102141e-12, 1.99222496139e-12, 5.66650188143e-13, 4.12617829444e-13, 2.2330611481e-13, 2.52630463207e-13, 2.05625989326e-13, 1.51072595189e-13],
        "var": [0.000336959637934, 0.000199048154172, 2.80595413642e-05, 7.61798082749e-06, 6.93173319632e-07, 1.71591850062e-07, 1.44034089544e-07, 9.680550761e-08, 4.12695243313e-07, 4.55020021661e-08, 1.03738067025e-08, 7.65901031485e-09, 9.29957888474e-09, 6.42614184088e-09, 1.84953581339e-08, 4.0967091941e-09, 1.88671034351e-08, 1.92657143572e-08, 3.31256866382e-09, 5.1917864452e-10, 7.4122735727e-10, 8.67687588446e-10, 2.9001010482e-09, 1.8961729964e-09, 2.84047368959e-10, 2.90656276825e-10, 5.332479458e-10, 6.2213617591e-10, 2.80669820718e-10, 2.59182675322e-10, 3.92130411475e-10, 7.80662312572e-10, 5.87364823446e-10, 4.57648752228e-10, 2.60320681678e-10, 1.86257828605e-10, 1.47015524754e-10, 4.07384438683e-11, 1.37823146992e-11, 2.2599151283e-12]
    },
    "mfcc": {
        "mean": [-660.923828125, 111.282325745, 3.16032767296, 29.1443881989, 9.49007225037, 9.56385231018, -8.46676254272, 5.1194434166, -11.4723567963, 14.6481151581, 2.5395359993, 3.72907710075, -2.07530617714],
        "cov": [[7957.18798828, -2976.56298828, -211.350646973, -188.504013062, -994.575256348, 23.9239788055, -516.816833496, -85.0320739746, -257.250152588, -75.962348938, -257.330871582, -83.4261016846, -208.587753296], [-2976.56298828, 3294.07666016, -405.278167725, -191.787216187, 296.971618652, -211.931716919, 274.3565979, 96.4298934937, 225.326004028, 7.97007799149, 143.96131897, 11.8182296753, 97.9864959717], [-211.350646973, -405.278167725, 1295.20910645, 367.169372559, 444.585662842, 364.750457764, 190.819122314, 112.33581543, 106.451797485, 357.4324646, 229.911880493, 141.251815796, 152.502883911], [-188.504013062, -191.787216187, 367.169372559, 388.000488281, 222.678695679, 164.019500732, 106.157341003, 23.5661659241, 64.5039749146, 144.85760498, 81.9568481445, 61.744140625, 68.4803543091], [-994.575256348, 296.971618652, 444.585662842, 222.678695679, 442.983642578, 147.784118652, 160.265838623, 22.0728702545, 46.0529785156, 136.432281494, 104.837219238, 60.3797149658, 97.9271392822], [23.9239788055, -211.931716919, 364.750457764, 164.019500732, 147.784118652, 261.560424805, 72.1897888184, 39.2380447388, 17.1570930481, 147.624359131, 92.5539779663, 41.2909126282, 47.1333732605], [-516.816833496, 274.3565979, 190.819122314, 106.157341003, 160.265838623, 72.1897888184, 172.600723267, 43.7980766296, 99.0539779663, 64.7751464844, 86.1156921387, 46.3618583679, 69.2572860718], [-85.0320739746, 96.4298934937, 112.33581543, 23.5661659241, 22.0728702545, 39.2380447388, 43.7980766296, 92.8130264282, 45.1101036072, 48.9860877991, 34.9204368591, 25.4501476288, 30.8130683899], [-257.250152588, 225.326004028, 106.451797485, 64.5039749146, 46.0529785156, 17.1570930481, 99.0539779663, 45.1101036072, 183.54296875, 59.0049095154, 92.6377792358, 48.4285507202, 53.2733001709], [-75.962348938, 7.97007799149, 357.4324646, 144.85760498, 136.432281494, 147.624359131, 64.7751464844, 48.9860877991, 59.0049095154, 222.624053955, 132.343856812, 67.4169311523, 73.4826583862], [-257.330871582, 143.96131897, 229.911880493, 81.9568481445, 104.837219238, 92.5539779663, 86.1156921387, 34.9204368591, 92.6377792358, 132.343856812, 166.647964478, 69.3533859253, 64.6637420654], [-83.4261016846, 11.8182296753, 141.251815796, 61.744140625, 60.3797149658, 41.2909126282, 46.3618583679, 25.4501476288, 48.4285507202, 67.4169311523, 69.3533859253, 77.0678787231, 47.3536605835], [-208.587753296, 97.9864959717, 152.502883911, 68.4803543091, 97.9271392822, 47.1333732605, 69.2572860718, 30.8130683899, 53.2733001709, 73.4826583862, 64.6637420654, 47.3536605835, 95.5367126465]],
