{
"lowlevel": {
    "average_loudness": 0.953993558884,
    "barkbands_crest": {
        "dmean": 2.68474769592,
        "dmean2": 4.30131244659,
        "dvar": 6.19686222076,
        "dvar2": 15.5977153778,
        "max": 25.2279243469,
        "mean": 9.63001537323,
        "median": 9.01771259308,
        "min": 2.5209710598,
        "var": 15.2463550568
    },
    "barkbands_flatness_db": {
        "dmean": 0.0283139254898,
        "dmean2": 0.0433036722243,
        "dvar": 0.000927282497287,
        "dvar2": 0.00235990411602,
        "max": 0.470299243927,
        "mean": 0.195770919323,
        "median": 0.194037765265,
        "min": 0.0693550780416,
        "var": 0.00288451975212
    },
    "barkbands_kurtosis": {
        "dmean": 3.41770267487,
        "dmean2": 5.59914684296,
        "dvar": 50.3110771179,
        "dvar2": 132.482498169,
        "max": 95.335144043,
        "mean": 3.99607777596,
        "median": 1.71998023987,
        "min": -1.89935076237,
        "var": 64.146987915
    },
    "barkbands_skewness": {
        "dmean": 0.641112148762,
        "dmean2": 0.981823503971,
        "dvar": 0.590711355209,
        "dvar2": 1.40243017673,
        "max": 8.12571907043,
        "mean": 1.35869920254,
        "median": 1.24580454826,
        "min": -3.05698084831,
        "var": 1.39413523674
    },
    "barkbands_spread": {
        "dmean": 5.36029005051,
        "dmean2": 8.22289562225,
        "dvar": 56.3304519653,
        "dvar2": 122.652908325,
        "max": 101.15020752,
        "mean": 16.7421035767,
        "median": 13.7719173431,
        "min": 0.855312526226,
        "var": 140.92350769
    },
    "dissonance": {
        "dmean": 0.0225858073682,
        "dmean2": 0.0367420874536,
        "dvar": 0.000500060792547,
        "dvar2": 0.00132163055241,
        "max": 0.500000059605,
        "mean": 0.453873097897,
        "median": 0.461371451616,
        "min": 0.271224349737,
        "var": 0.00112673745025
    },
    "dynamic_complexity": 3.77955126762,
    "erbbands_crest": {
        "dmean": 2.93236041069,
        "dmean2": 4.63453769684,
        "dvar": 7.99436187744,
        "dvar2": 18.6612548828,
        "max": 31.6871376038,
        "mean": 10.5674915314,
        "median": 9.19243049622,
        "min": 2.52185606956,
        "var": 26.2272815704
    },
    "erbbands_flatness_db": {
        "dmean": 0.0222345255315,
        "dmean2": 0.0310722496361,
        "dvar": 0.0004546874261,
        "dvar2": 0.000902030442376,
        "max": 0.409616559744,
        "mean": 0.216953113675,
        "median": 0.213573500514,
        "min": 0.0977306589484,
        "var": 0.00229587871581
    },
    "erbbands_kurtosis": {
        "dmean": 1.25326454639,
        "dmean2": 1.99633419514,
        "dvar": 4.07548809052,
        "dvar2": 9.78111839294,
        "max": 32.7378425598,
        "mean": 0.977709412575,
        "median": 0.135189771652,
        "min": -1.72273445129,
        "var": 8.13788795471
    },
    "erbbands_skewness": {
        "dmean": 0.448551893234,
        "dmean2": 0.669338107109,
        "dvar": 0.218652591109,
        "dvar2": 0.505482196808,
        "max": 5.12506389618,
        "mean": 0.349972128868,
        "median": 0.281697750092,
        "min": -3.92172861099,
        "var": 0.768133103848
    },
    "erbbands_spread": {
        "dmean": 8.04388141632,
        "dmean2": 12.0569553375,
        "dvar": 89.4679718018,
        "dvar2": 198.123031616,
        "max": 128.235778809,
        "mean": 29.1955661774,
        "median": 25.981054306,
        "min": 3.32801103592,
        "var": 256.578613281
    },
    "hfc": {
        "dmean": 5.84628486633,
        "dmean2": 7.90630149841,
        "dvar": 69.7771911621,
        "dvar2": 132.156326294,
        "max": 136.859115601,
        "mean": 15.8433465958,
        "median": 10.0352554321,
        "min": 0.00041544335545,
        "var": 282.829101562
    },
    "melbands_crest": {
        "dmean": 3.58505272865,
        "dmean2": 5.72021579742,
        "dvar": 11.0193223953,
        "dvar2": 27.2082061768,
        "max": 32.2476501465,
        "mean": 13.9747581482,
        "median": 13.2282981873,
        "min": 3.16604208946,
        "var": 28.1945228577
    },
    "melbands_flatness_db": {
        "dmean": 0.0356418415904,
        "dmean2": 0.051450971514,
        "dvar": 0.0014919860987,
        "dvar2": 0.00348189822398,
        "max": 0.581465482712,
        "mean": 0.227236583829,
        "median": 0.226434126496,
        "min": 0.0383815020323,
        "var": 0.00571582326666
    },
    "melbands_kurtosis": {
        "dmean": 7.61463785172,
        "dmean2": 12.5567808151,
        "dvar": 363.713104248,
        "dvar2": 1000.1227417,
        "max": 357.836425781,
        "mean": 10.3361577988,
        "median": 5.08697795868,
        "min": -1.89399838448,
        "var": 352.40335083
    },
    "melbands_skewness": {
        "dmean": 0.815708816051,
        "dmean2": 1.25742220879,
        "dvar": 1.12105238438,
        "dvar2": 2.75090312958,
        "max": 15.8720273972,
        "mean": 2.14779162407,
        "median": 1.89358377457,
        "min": -1.33063960075,
        "var": 2.36889004707
    },
    "melbands_spread": {
        "dmean": 7.71910142899,
        "dmean2": 11.4439744949,
        "dvar": 157.339233398,
        "dvar2": 325.509063721,
        "max": 257.194274902,
        "mean": 21.1414794922,
        "median": 16.2355594635,
        "min": 0.723907709122,
        "var": 400.332366943
    },
    "pitch_salience": {
        "dmean": 0.075151078403,
        "dmean2": 0.118659943342,
        "dvar": 0.00507835950702,
        "dvar2": 0.012947332114,
        "max": 0.883851885796,
        "mean": 0.544255495071,
        "median": 0.547726750374,
        "min": 0.11610403657,
        "var": 0.0139511730522
    },
    "silence_rate_20dB": {
        "dmean": 0,
        "dmean2": 0,
        "dvar": 0,
        "dvar2": 0,
        "max": 1,
        "mean": 1,
        "median": 1,
        "min": 1,
        "var": 0
    },
    "silence_rate_30dB": {
        "dmean": 0.000773993786424,
        "dmean2": 0.00154858687893,
        "dvar": 0.000773391977418,
        "dvar2": 0.00154617591761,
        "max": 1,
        "mean": 0.998839437962,
        "median": 1,
        "min": 0,
        "var": 0.00115927180741
    },
    "silence_rate_60dB": {
        "dmean": 0.0371517017484,
        "dmean2": 0.0743321701884,
        "dvar": 0.0357720702887,
        "dvar2": 0.0811941027641,
        "max": 1,
        "mean": 0.105996131897,
        "median": 0,
        "min": 0,
        "var": 0.0947572365403
    },
    "spectral_centroid": {
        "dmean": 256.271972656,
        "dmean2": 373.53793335,
        "dvar": 114847.085938,
        "dvar2": 219532.828125,
        "max": 5844.99658203,
        "mean": 1057.65063477,
        "median": 872.217041016,
        "min": 169.959976196,
        "var": 397346.5
    },
    "spectral_complexity": {
        "dmean": 3.34287929535,
        "dmean2": 4.61788606644,
        "dvar": 15.9644508362,
        "dvar2": 25.5917663574,
        "max": 52,
        "mean": 15.2379112244,
        "median": 14,
        "min": 0,
        "var": 76.8219451904
    },
    "spectral_decrease": {
        "dmean": 2.65963873147e-09,
        "dmean2": 4.27213464604e-09,
        "dvar": 2.41514338814e-17,
        "dvar2": 6.66918802559e-17,
        "max": -1.20122160374e-13,
        "mean": -5.71939118288e-09,
        "median": -4.12363254654e-09,
        "min": -4.14596073028e-08,
        "var": 3.26946081875e-17
    },
    "spectral_energy": {
        "dmean": 0.0104484045878,
        "dmean2": 0.0166601035744,
        "dvar": 0.000356788921636,
        "dvar2": 0.000980188837275,
        "max": 0.159086704254,
        "mean": 0.0230233278126,
        "median": 0.016590308398,
        "min": 4.91049263474e-07,
        "var": 0.000511116930284
    },
    "spectral_energyband_high": {
        "dmean": 0.000270820833975,
        "dmean2": 0.000382862897823,
        "dvar": 5.84858696584e-07,
        "dvar2": 1.10139149001e-06,
        "max": 0.012705094181,
        "mean": 0.000421068281867,
        "median": 8.73589306138e-05,
        "min": 3.87558918291e-09,
        "var": 1.10920450425e-06
    },
    "spectral_energyband_low": {
        "dmean": 0.00507838558406,
        "dmean2": 0.00869131181389,
        "dvar": 0.000203359566513,
        "dvar2": 0.000586392183322,
        "max": 0.123201370239,
        "mean": 0.0065077864565,
        "median": 0.00235508289188,
        "min": 6.67920971864e-08,
        "var": 0.000153102824697
    },
    "spectral_energyband_middle_high": {
        "dmean": 0.0024023137521,
        "dmean2": 0.00322589394636,
        "dvar": 1.94414715224e-05,
        "dvar2": 3.59396653948e-05,
        "max": 0.100730381906,
        "mean": 0.00596586195752,
        "median": 0.00228772941045,
        "min": 1.02166602289e-07,
        "var": 8.50772194099e-05
    },
    "spectral_energyband_middle_low": {
        "dmean": 0.00633813627064,
        "dmean2": 0.0102826375514,
        "dvar": 0.000127556137159,
        "dvar2": 0.000332903902745,
        "max": 0.104913525283,
        "mean": 0.0117878913879,
        "median": 0.0071095591411,
        "min": 1.92367039631e-07,
        "var": 0.000187868543435
    },
    "spectral_entropy": {
        "dmean": 0.230382412672,
        "dmean2": 0.329454094172,
        "dvar": 0.0605255402625,
        "dvar2": 0.130441337824,
        "max": 8.59048175812,
        "mean": 7.21568632126,
        "median": 7.17698287964,
        "min": 5.40112495422,
        "var": 0.251458406448
    },
    "spectral_flux": {
        "dmean": 0.0300541389734,
        "dmean2": 0.0487620867789,
        "dvar": 0.00167016533669,
        "dvar2": 0.00355671788566,
        "max": 0.37511408329,
        "mean": 0.0770485475659,
        "median": 0.0639098808169,
        "min": 0.000700749049429,
        "var": 0.00324264867231
    },
    "spectral_kurtosis": {
        "dmean": 3.63196754456,
        "dmean2": 5.88345766068,
        "dvar": 19.5856723785,
        "dvar2": 49.2873306274,
        "max": 88.1549987793,
        "mean": 7.55386018753,
        "median": 5.74734592438,
        "min": -1.53471195698,
        "var": 51.1684646606
    },
    "spectral_rms": {
        "dmean": 0.000951738154981,
        "dmean2": 0.00144064158667,
        "dvar": 1.81079690265e-06,
        "dvar2": 4.63932747152e-06,
        "max": 0.0124581912532,
        "mean": 0.0042163701728,
        "median": 0.00402314122766,
        "min": 2.18877230509e-05,
        "var": 4.68402959086e-06
    },
    "spectral_rolloff": {
        "dmean": 467.090362549,
        "dmean2": 766.200683594,
        "dvar": 805343.375,
        "dvar2": 1708099.75,
        "max": 9840.67382812,
        "mean": 1302.76159668,
        "median": 968.994140625,
        "min": 64.599609375,
        "var": 1634972.125
    },
    "spectral_skewness": {
        "dmean": 0.386595010757,
        "dmean2": 0.587370872498,
        "dvar": 0.13745598495,
        "dvar2": 0.312022894621,
        "max": 7.15791082382,
        "mean": 1.90563368797,
        "median": 1.88603413105,
        "min": -0.382864505053,
        "var": 0.585954189301
    },
    "spectral_spread": {
        "dmean": 623398.125,
        "dmean2": 904690.3125,
        "dvar": 527557984256,
        "dvar2": 1.02478616986e+12,
        "max": 14861665,
        "mean": 3540029.5,
        "median": 3379379,
        "min": 699375.875,
        "var": 1.97646483456e+12
    },
    "spectral_strongpeak": {
        "dmean": 0.607265710831,
        "dmean2": 0.985290765762,
        "dvar": 0.944101452827,
        "dvar2": 2.22760844231,
        "max": 11.2674999237,
        "mean": 1.15706157684,
        "median": 0.576285004616,
        "min": 0.00239295419306,
        "var": 2.15508961678
    },
    "zerocrossingrate": {
        "dmean": 0.0102331200615,
        "dmean2": 0.0113953081891,
        "dvar": 0.000191334213014,
        "dvar2": 0.000214032130316,
        "max": 0.3564453125,
        "mean": 0.0485910661519,
        "median": 0.04052734375,
        "min": 0.00341796875,
        "var": 0.00110011093784
    },
    "barkbands": {
        "dmean": [9.02350257093e-06, 0.00114961224608, 0.0028569556307, 0.0029124468565, 0.00133846339304, 0.00167770998087, 0.00117919896729, 0.000653156952467, 0.000379025703296, 0.00115533743519, 0.000517374428455, 0.000436627509771, 0.00037991150748, 0.00042442700942, 0.000323987362208, 0.00021033071971, 0.000157117698109, 0.000114422888146, 0.000107910920633, 9.3788607046e-05, 6.7663291702e-05, 4.58953618363e-05, 5.46318151464e-05, 7.13389890734e-05, 1.70041203091e-05, 1.41886928873e-08, 9.04295971438e-10],
        "dmean2": [1.5001905922e-05, 0.00180023617577, 0.00497389491647, 0.00518500618637, 0.00227707182057, 0.00254878331907, 0.00179035961628, 0.00101502111647, 0.000562115106732, 0.00161708367523, 0.000771102320869, 0.000603449589107, 0.000594023615122, 0.00062641344266, 0.000494215462822, 0.000303388922475, 0.000233862898313, 0.000170783474459, 0.000156168025569, 0.000139467927511, 9.88611573121e-05, 6.5016982262e-05, 7.85865122452e-05, 0.000107875093818, 2.54374881479e-05, 2.16467039849e-08, 1.69149971807e-09],
        "dvar": [8.1676326813e-10, 6.66876030664e-06, 7.8411118011e-05, 6.03408552706e-05, 8.70713120094e-06, 1.03267138911e-05, 8.82651784195e-06, 4.42599730377e-06, 7.73954809574e-07, 8.54661539051e-06, 2.84033444586e-06, 2.88338560495e-06, 9.89173486232e-07, 1.95079974219e-06, 8.61343551151e-07, 4.06856912605e-07, 1.38360192636e-07, 1.0241101478e-07, 5.98696416887e-08, 1.45285298458e-07, 3.6041566176e-08, 1.87301054666e-08, 3.56802836166e-08, 9.66278221881e-08, 3.55254581308e-09, 1.89081089585e-15, 2.10966149339e-18],
        "dvar2": [2.23786855713e-09, 1.70981275005e-05, 0.000228011995205, 0.000165917022969, 2.39359778789e-05, 2.02069422812e-05, 1.93943888007e-05, 9.84088092082e-06, 1.52406130383e-06, 1.64329849213e-05, 6.09296375842e-06, 4.66893834528e-06, 2.18229138227e-06, 4.79545133203e-06, 1.82692474482e-06, 7.64520621033e-07, 2.81114353129e-07, 2.27150366072e-07, 1.31503213652e-07, 3.09697099965e-07, 7.43506589629e-08, 3.72263357917e-08, 7.15564567599e-08, 1.91605607824e-07, 7.86537412978e-09, 3.72580528509e-15, 6.6163708064e-18],
        "max": [0.000410246138927, 0.0393078438938, 0.0830292627215, 0.0694463849068, 0.0358549542725, 0.0585213154554, 0.0686164647341, 0.0497259683907, 0.0268778502941, 0.0488395392895, 0.0330631621182, 0.0554050989449, 0.0183227453381, 0.0323788113892, 0.0293905641884, 0.0174592044204, 0.00890472810715, 0.00870705395937, 0.00400945451111, 0.00988588202745, 0.0043524526991, 0.00233964365907, 0.00380821106955, 0.00771712092683, 0.00250841700472, 1.62257265401e-06, 1.55767541088e-08],
        "mean": [9.60475790635e-06, 0.00198593875393, 0.00308132334612, 0.00255109160207, 0.00187747855671, 0.00302127376199, 0.00208919611759, 0.0011205880437, 0.000651313748676, 0.00192739069462, 0.000787848723121, 0.000708201492671, 0.000572543474846, 0.000647835084237, 0.000577715632971, 0.000334369251505, 0.000249029049883, 0.000173719614395, 0.000173198306584, 0.000132700064569, 0.000100251832919, 6.11656796536e-05, 7.18122028047e-05, 9.40521931625e-05, 2.37096628553e-05, 1.86777420197e-08, 7.06520730809e-10],
        "median": [9.2600868129e-07, 0.000631699571386, 0.000872809905559, 0.000490339763928, 0.000850211712532, 0.000938790151849, 0.000388764136005, 0.000275592668913, 0.000193906293134, 0.000266841001576, 0.000196633074665, 0.000111757595732, 0.000159501563758, 0.00017659549485, 0.000164940123796, 8.69554714882e-05, 6.01712090429e-05, 3.53204777639e-05, 5.4511379858e-05, 2.45718147198e-05, 1.34140891532e-05, 4.14887335864e-06, 9.65500203165e-06, 1.69972518052e-05, 6.14262262388e-06, 4.8324135804e-09, 2.25860649627e-10],
        "min": [2.96944219214e-10, 1.67942530993e-08, 3.6063912745e-08, 2.13122284265e-08, 2.35525092762e-08, 4.7240334311e-08, 3.37384542526e-09, 4.0874326146e-09, 9.0514085116e-09, 1.30403616794e-08, 6.47401687814e-09, 2.08494799203e-09, 1.51641010859e-09, 3.8186080964e-09, 3.64956398435e-09, 2.08830397419e-09, 2.33896346735e-09, 1.63116098406e-09, 4.24335455662e-09, 1.40523259695e-09, 1.05502717673e-09, 4.5686313066e-10, 6.35499874946e-10, 9.2404367491e-10, 1.1642634079e-10, 5.50939198776e-12, 6.42114486582e-12],
        "var": [6.19511719702e-10, 1.30764392452e-05, 5.26993826497e-05, 4.30950894952e-05, 9.15172131499e-06, 3.04698223772e-05, 2.16813932639e-05, 9.01127805264e-06, 2.19620551434e-06, 2.36061096075e-05, 5.39146776646e-06, 7.13667623131e-06, 1.92677748601e-06, 3.63451931662e-06, 2.46491845246e-06, 9.13369831324e-07, 3.21167391348e-07, 2.03237163987e-07, 1.01759418669e-07, 2.07061205515e-07, 7.18543304856e-08, 3.68575392429e-08, 5.30709236557e-08, 1.38542802119e-07, 6.41808828306e-09, 3.62207551279e-15, 1.64809771011e-18]
    },
    "erbbands": {
        "dmean": [0.0131581956521, 0.352992683649, 2.57663106918, 7.21012592316, 7.49509620667, 3.20671749115, 7.26476430893, 14.1638660431, 17.9933109283, 17.6933555603, 9.88091564178, 9.43376636505, 21.0151672363, 35.2661705017, 18.8483142853, 18.2376728058, 16.4866199493, 21.97797966, 15.9396448135, 14.040356636, 9.64058685303, 7.50862884521, 5.98417520523, 6.53729057312, 4.49020862579, 4.74719715118, 3.62758874893, 1.83640873432, 1.59356665611, 1.64147055149, 1.60254478455, 1.47457909584, 1.1291025877, 0.375905960798, 0.0281155183911, 0.00124067440629, 6.72277674312e-05, 9.64580158325e-06, 6.48291779726e-06, 1.21507637232e-05],
        "dmean2": [0.0200085192919, 0.561181008816, 4.45365762711, 12.7275381088, 13.2018156052, 5.25103616714, 11.584312439, 21.5241794586, 27.0201416016, 26.4339923859, 14.9707975388, 13.8050251007, 30.2275810242, 48.5631561279, 27.3798789978, 25.3595695496, 25.6892566681, 32.5931549072, 23.5859565735, 20.4586639404, 13.4540882111, 10.9892692566, 8.87854290009, 9.51260757446, 6.4173746109, 6.89247226715, 5.29038953781, 2.55013751984, 2.25221300125, 2.29592680931, 2.35365772247, 2.2251625061, 1.71036171913, 0.557631552219, 0.0429730191827, 0.00188331166282, 9.99219482765e-05, 1.41039690789e-05, 9.79916603683e-06, 1.90422942978e-05],
        "dvar": [0.000654605799355, 0.719009518623, 62.3955574036, 353.397796631, 428.544464111, 36.6375732422, 213.385574341, 923.616088867, 2020.64807129, 3875.51049805, 717.891967773, 464.49331665, 3368.1394043, 10104.2773438, 5826.60595703, 3335.1105957, 1576.37768555, 5966.15283203, 1777.55053711, 1720.3190918, 691.721435547, 302.375457764, 220.530014038, 279.57598877, 110.026412964, 461.235473633, 104.9296875, 25.2114925385, 23.9979553223, 32.9540519714, 28.2154903412, 37.1011123657, 24.9019165039, 1.57852292061, 0.0150758875534, 2.71603330475e-05, 6.02776495384e-08, 1.05681741136e-09, 1.31299096595e-10, 4.36838426543e-10],
        "dvar2": [0.00172084849328, 1.91139483452, 181.165679932, 1000.2668457, 1163.57165527, 95.1789245605, 469.605010986, 1777.58337402, 4373.27197266, 8324.4296875, 1629.06188965, 801.47277832, 7184.08056641, 18521.2089844, 12518.0654297, 5629.55322266, 3527.89819336, 15188.8623047, 3770.36547852, 3219.36303711, 1216.22412109, 642.870483398, 519.918518066, 609.624694824, 233.374221802, 1012.44775391, 223.586990356, 49.0140991211, 47.3431587219, 65.250793457, 57.819480896, 77.1579360962, 48.6241188049, 3.24206495285, 0.0379567295313, 6.60040896037e-05, 1.31022730443e-07, 2.12077644335e-09, 2.99068547704e-10, 1.17745768691e-09],
        "max": [0.308660000563, 11.2972583771, 78.222442627, 161.246292114, 213.33366394, 66.2248687744, 363.790039062, 629.521789551, 1074.25378418, 1648.42468262, 496.376312256, 803.927856445, 1158.01928711, 1899.52490234, 2739.25854492, 1356.51330566, 777.413024902, 1857.44628906, 1123.7199707, 1294.71618652, 697.535095215, 348.543457031, 249.724685669, 312.214202881, 197.578338623, 563.86151123, 188.196456909, 87.3846588135, 101.372947693, 148.263183594, 78.3739013672, 152.330566406, 132.155593872, 49.4552726746, 5.09555912018, 0.217845976353, 0.00964794866741, 0.00110606243834, 0.0002287261741, 0.000174081433215],
        "mean": [0.0236695669591, 0.585630118847, 3.07882356644, 6.85473680496, 6.98964977264, 5.44588422775, 13.873085022, 25.3589820862, 34.9423065186, 29.4164924622, 18.3926944733, 17.0569019318, 33.3580627441, 64.1138916016, 32.6371116638, 32.1538085938, 27.4371337891, 35.0708618164, 29.3990955353, 26.079454422, 17.2533779144, 12.8067150116, 9.68611621857, 10.3725233078, 7.5892996788, 6.70335102081, 5.41749954224, 2.71616292, 2.18330001831, 2.08974027634, 2.118516922, 1.89984571934, 1.51411497593, 0.527967870235, 0.0382951870561, 0.00172528717667, 0.0001032817745, 1.58867569553e-05, 1.4881817151e-05, 2.76960872725e-05],
        "median": [0.0108855320141, 0.177875548601, 0.911859989166, 1.68537080288, 1.72934675217, 2.67074608803, 4.88012504578, 7.64276742935, 6.55737638474, 6.889939785, 6.20217895508, 6.39270687103, 7.31469583511, 9.60860157013, 10.6460494995, 6.77070665359, 8.68038368225, 9.66188335419, 9.15054416656, 7.74842691422, 5.05038738251, 3.29192376137, 2.25909209251, 2.59632897377, 2.5077393055, 1.24662077427, 0.774874567986, 0.358031570911, 0.170560851693, 0.18192858994, 0.292004942894, 0.292499363422, 0.282669633627, 0.139939382672, 0.00985843315721, 0.00046230625594, 3.50995214831e-05, 6.08968639426e-06, 1.06441539174e-05, 1.99756286747e-05],
        "min": [3.00270357911e-07, 5.00852593177e-06, 3.3335902117e-05, 6.69278306304e-05, 7.42317570257e-05, 4.84571937704e-05, 0.000193085637875, 0.000281313317828, 7.42414122215e-05, 4.52275635325e-05, 0.000126982107759, 0.000179462542292, 0.000436893780716, 0.00271143205464, 0.000241121248109, 0.000106081402919, 8.3222061221e-05, 0.000142673830851, 0.00023234305263, 0.000139029085403, 0.000131103151944, 0.000127963561681, 0.000133568682941, 0.000151101266965, 0.000177813897608, 0.000121893797768, 5.30143843207e-05, 3.42188795912e-05, 2.41557572735e-05, 1.72551899595e-05, 2.00950344151e-05, 2.30181831284e-05, 1.03715492514e-05, 2.77809544968e-06, 1.22160543015e-07, 2.50801743817e-08, 1.11024389682e-08, 3.80986353576e-09, 1.33670108315e-09, 6.83489431719e-10],
        "var": [0.00113201455679, 1.17040252686, 44.809425354, 245.034866333, 325.890716553, 60.950630188, 673.835571289, 2723.02368164, 5551.07861328, 8982.12695312, 1493.52514648, 1259.6932373, 7165.96142578, 30886.6113281, 11542.8398438, 9715.10839844, 3485.11108398, 10657.9414062, 5361.23925781, 4160.50537109, 1846.76708984, 723.328613281, 447.615997314, 538.648010254, 195.860488892, 619.016357422, 208.696594238, 53.9407691956, 50.70911026, 49.4584579468, 41.9138221741, 51.7238693237, 36.5149345398, 2.95535421371, 0.0229128953069, 4.33181558037e-05, 1.06546657719e-07, 1.90717264203e-09, 2.48277703951e-10, 6.91074641956e-10]
    },
    "gfcc": {
        "mean": [-61.1813812256, 143.288024902, -147.568374634, 33.1283988953, -65.2063522339, 18.7211418152, -42.7134284973, -1.04147946835, -13.8551950455, -16.8053665161, 7.14387989044, -25.1729240417, 6.86774873734],
        "cov": [[6535.93212891, -1646.89318848, -49.089630127, 576.612426758, -725.246276855, 407.364746094, -319.790985107, 394.593566895, -293.52355957, 81.6211776733, -8.79668426514, -15.9892187119, 54.3653144836], [-1646.89318848, 1610.55102539, 169.015258789, -399.749603271, 677.078918457, -305.632965088, 240.347686768, -167.462738037, 203.435195923, -36.347743988, 50.7091064453, -59.1608390808, 25.2633666992], [-49.089630127, 169.015258789, 689.504394531, 226.48500061, -4.16887521744, 129.385299683, -13.1362686157, -21.3105220795, 38.3598480225, 0.78296995163, -28.0380134583, 20.5251255035, -5.22172451019], [576.612426758, -399.749603271, 226.48500061, 650.245544434, -92.3327560425, 140.346343994, 61.2053909302, -19.3140544891, 26.6175041199, 8.17226886749, -93.5182647705, 42.4846420288, -42.2341003418], [-725.246276855, 677.078918457, -4.16887521744, -92.3327560425, 525.424438477, -78.4620285034, 154.13130188, -36.4197998047, 111.217781067, 2.09796738625, 8.53344535828, -39.4139328003, -1.77760910988], [407.364746094, -305.632965088, 129.385299683, 140.346343994, -78.4620285034, 328.502960205, 10.0741043091, 29.1598930359, -10.4925422668, 7.47696590424, -35.3190231323, 9.65105056763, -21.0210571289], [-319.790985107, 240.347686768, -13.1362686157, 61.2053909302, 154.13130188, 10.0741043091, 221.494918823, -44.2868995667, 46.9781570435, -11.8827266693, -8.50564956665, 2.82763004303, -17.183801651], [394.593566895, -167.462738037, -21.3105220795, -19.3140544891, -36.4197998047, 29.1598930359, -44.2868995667, 190.886352539, -21.9185352325, 19.4942169189, 31.922624588, -0.692867219448, 31.3315601349], [-293.52355957, 203.435195923, 38.3598480225, 26.6175041199, 111.217781067, -10.4925422668, 46.9781570435, -21.9185352325, 158.29586792, 38.1961936951, -24.9472637177, 2.26255536079, -19.6955909729], [81.6211776733, -36.347743988, 0.78296995163, 8.17226886749, 2.09796738625, 7.47696590424, -11.8827266693, 19.4942169189, 38.1961936951, 101.436004639, 26.6971206665, -5.04143047333, 1.28103995323], [-8.79668426514, 50.7091064453, -28.0380134583, -93.5182647705, 8.53344535828, -35.3190231323, -8.50564956665, 31.922624588, -24.9472637177, 26.6971206665, 109.105613708, 11.8273439407, 23.3006706238], [-15.9892187119, -59.1608390808, 20.5251255035, 42.4846420288, -39.4139328003, 9.65105056763, 2.82763004303, -0.692867219448, 2.26255536079, -5.04143047333, 11.8273439407, 69.7067489624, 19.4193744659], [54.3653144836, 25.2633666992, -5.22172451019, -42.2341003418, -1.77760910988, -21.0210571289, -17.183801651, 31.3315601349, -19.6955909729, 1.28103995323, 23.3006706238, 19.4193744659, 86.0273895264]],
        "icov": [[0.000256778206676, -8.95863413461e-05, 0.000159522227477, -0.00033023825381, 0.000232672435232, -0.000245190865826, 0.000243557573413, -0.000402898935135, 0.000321764295222, -0.000191958402866, -2.44208022195e-05, 0.000305950059555, -0.000134048896143], [-8.95863413461e-05, 0.00516056455672, -0.00278520910069, 0.00300736445934, -0.00380433956161, 0.00314947892912, -0.00301480223425, 0.00270498916507, -0.00360216759145, 0.0025499407202, -0.00150046194904, 0.00200988445431, -0.00195786473341], [0.000159522227477, -0.00278520910069, 0.00337270181626, -0.00240744464099, 0.00189685227815, -0.00244024838321, 0.00236818380654, -0.00123147305567, 0.00145417719614, -0.000969950750005, 0.000258049636614, -0.000873416371178, 0.000579023442697], [-0.00033023825381, 0.00300736445934, -0.00240744464099, 0.00450625736266, -0.00197836221196, 0.00180055573583, -0.00300051295199, 0.00165278965142, -0.00193372450303, 0.000562103756238, 0.00136408221442, -0.000911711947992, -2.52579939115e-05], [0.000232672435232, -0.00380433956161, 0.00189685227815, -0.00197836221196, 0.00616366136819, -0.00196685618721, 0.000297117396258, -0.00219012238085, 0.00076959549915, -0.00129482278135, 0.000414826790802, 0.000865560024977, 0.000505540519953], [-0.000245190865826, 0.00314947892912, -0.00244024838321, 0.00180055573583, -0.00196685618721, 0.00595026323572, -0.00273144734092, 0.000938593933824, -0.00165824394207, 0.000843911839183, 0.000411813351093, 0.000501969305333, -0.000125290229334], [0.000243557573413, -0.00301480223425, 0.00236818380654, -0.00300051295199, 0.000297117396258, -0.00273144734092, 0.00869741011411, -0.000708541891072, 0.00140591722447, -0.00024396511435, -0.00033215075382, -0.00161434349138, 0.00151604425628], [-0.000402898935135, 0.00270498916507, -0.00123147305567, 0.00165278965142, -0.00219012238085, 0.000938593933824, -0.000708541891072, 0.00829600635916, -0.00232077669352, 0.00113724719267, -0.00254637608305, 0.00173592183273, -0.00303239608184], [0.000321764295222, -0.00360216759145, 0.00145417719614, -0.00193372450303, 0.00076959549915, -0.00165824394207, 0.00140591722447, -0.00232077669352, 0.0131869902834, -0.00727197201923, 0.00514362799004, -0.00444089947268, 0.00346689089201], [-0.000191958402866, 0.0025499407202, -0.000969950750005, 0.000562103756238, -0.00129482278135, 0.000843911839183, -0.00024396511435, 0.00113724719267, -0.00727197201923, 0.0152614274994, -0.00641153752804, 0.00416138162836, -0.00178884202614], [-2.44208022195e-05, -0.00150046194904, 0.000258049636614, 0.00136408221442, 0.000414826790802, 0.000411813351093, -0.00033215075382, -0.00254637608305, 0.00514362799004, -0.00641153752804, 0.0151364747435, -0.00535734323785, 0.00049434916582], [0.000305950059555, 0.00200988445431, -0.000873416371178, -0.000911711947992, 0.000865560024977, 0.000501969305333, -0.00161434349138, 0.00173592183273, -0.00444089947268, 0.00416138162836, -0.00535734323785, 0.0205655358732, -0.00636834325269], [-0.000134048896143, -0.00195786473341, 0.000579023442697, -2.52579939115e-05, 0.000505540519953, -0.000125290229334, 0.00151604425628, -0.00303239608184, 0.00346689089201, -0.00178884202614, 0.00049434916582, -0.00636834325269, 0.015817720443]]
    },
    "melbands": {
        "dmean": [0.000214195839362, 0.00104499782901, 0.00128670432605, 0.000349420326529, 0.000219388690311, 0.000325511704432, 0.00026304036146, 0.000183966491022, 7.61131450417e-05, 5.68369796383e-05, 0.000107684034447, 0.000149796396727, 6.91636523698e-05, 4.80637681903e-05, 4.42247765022e-05, 3.33919088007e-05, 4.51721134596e-05, 2.63445926976e-05, 2.16555217776e-05, 1.85989174497e-05, 1.17202107504e-05, 8.3661507233e-06, 7.28838267605e-06, 5.5546065596e-06, 5.76523461859e-06, 3.67648385691e-06, 3.0992948723e-06, 3.30678972205e-06, 2.51308006227e-06, 1.87132957308e-06, 9.12667587727e-07, 8.89478826593e-07, 9.91450633592e-07, 9.3767243925e-07, 9.95880100163e-07, 8.3073263113e-07, 9.72797579379e-07, 9.17312206639e-07, 5.25893824488e-07, 2.54810657907e-07],
        "dmean2": [0.000330573006067, 0.00177438487299, 0.00226724427193, 0.000594721641392, 0.000349278270733, 0.000492770923302, 0.000395233859308, 0.000278416555375, 0.000114640177344, 8.35895771161e-05, 0.000155039888341, 0.000204528681934, 0.000100646364444, 6.80182638462e-05, 6.64323815727e-05, 5.15467727382e-05, 6.70369845466e-05, 3.85934945371e-05, 3.21168809023e-05, 2.71888911811e-05, 1.65975325217e-05, 1.22423352877e-05, 1.12430325316e-05, 8.39556196297e-06, 8.54980407894e-06, 5.3914614e-06, 4.71210205433e-06, 4.87277020511e-06, 3.65837354366e-06, 2.78024958789e-06, 1.2771878346e-06, 1.26335498862e-06, 1.46456955008e-06, 1.30860939862e-06, 1.44702073612e-06, 1.26838017422e-06, 1.47832508901e-06, 1.3951831761e-06, 7.89451632954e-07, 3.8406699332e-07],
        "dvar": [2.04518130431e-07, 9.85365113593e-06, 1.1224600712e-05, 7.06644129878e-07, 1.71771588953e-07, 4.45416475259e-07, 4.13845782532e-07, 4.22734984795e-07, 4.04421385269e-08, 1.7395866081e-08, 8.53816359836e-08, 1.89536990547e-07, 5.49430652086e-08, 3.56633229615e-08, 1.55999249074e-08, 6.94092427977e-09, 2.50415936875e-08, 4.83334927637e-09, 6.31364871495e-09, 3.27573879133e-09, 1.19700327428e-09, 4.39793923501e-10, 3.06103670189e-10, 2.38135455799e-10, 2.37864727914e-10, 7.02716218548e-11, 1.20463389264e-10, 2.58476406945e-10, 4.78834645545e-11, 3.2677444084e-11, 7.07677276154e-12, 8.09013446512e-12, 1.01736310348e-11, 1.36940259479e-11, 1.06181712728e-11, 8.69633011435e-12, 1.98631423809e-11, 2.01998296562e-11, 2.79399268478e-12, 9.29888110957e-13],
        "dvar2": [5.21865217706e-07, 2.842091817e-05, 3.13644741254e-05, 1.8821234562e-06, 3.86018825793e-07, 8.5051891574e-07, 8.9398719183e-07, 9.16667943329e-07, 9.39323570037e-08, 3.00346556514e-08, 1.82575533358e-07, 3.49704066593e-07, 1.2544168726e-07, 5.88149298153e-08, 3.15819335128e-08, 1.55073180963e-08, 6.13637567426e-08, 1.05027844199e-08, 1.34165123455e-08, 6.12198824967e-09, 2.19768647725e-09, 9.03234209648e-10, 7.06634362135e-10, 5.66739100094e-10, 5.28626475926e-10, 1.60436969265e-10, 2.69028493927e-10, 5.8431037786e-10, 1.02275042602e-10, 7.26918802929e-11, 1.43858883139e-11, 1.57524895905e-11, 2.2357501267e-11, 2.7655582685e-11, 2.20415699581e-11, 1.88889216768e-11, 4.23778685754e-11, 3.95789373497e-11, 6.14229197018e-12, 1.9912897286e-12],
        "max": [0.00662045227364, 0.0314130336046, 0.0264225788414, 0.0089876819402, 0.0100143309683, 0.0132793812081, 0.0161506198347, 0.0173619333655, 0.00401826947927, 0.00522662466392, 0.00559292221442, 0.00831334292889, 0.00634621828794, 0.00642033433542, 0.0022129022982, 0.00141622207593, 0.00384387210943, 0.00154731771909, 0.00317676807754, 0.00174059940036, 0.000852750730701, 0.000463249802124, 0.000267555646133, 0.000253945938312, 0.000280068052234, 0.000177019595867, 0.000225604293519, 0.000425373145845, 0.000122356068459, 0.000166863872437, 5.23819908267e-05, 6.93634938216e-05, 6.25958346063e-05, 0.000109743807116, 5.73051620449e-05, 4.8510835768e-05, 0.000125561055029, 0.000129414765979, 4.08081214118e-05, 4.26029910159e-05],
        "mean": [0.000380953948479, 0.00136866851244, 0.0012208254775, 0.000418458861532, 0.000431226391811, 0.000594045210164, 0.000510714016855, 0.00030433491338, 0.000139217925607, 0.00010037964239, 0.000167594684171, 0.000268634961685, 0.000109948261525, 8.42384979478e-05, 7.38725648262e-05, 5.04176096001e-05, 6.86852436047e-05, 4.57109526906e-05, 3.75517665816e-05, 3.02138196275e-05, 1.86383658729e-05, 1.34516312755e-05, 1.11042845674e-05, 7.9847395682e-06, 8.49996558827e-06, 6.05517061558e-06, 4.46437707069e-06, 4.39210998593e-06, 3.64311586054e-06, 2.41713337346e-06, 1.28986812342e-06, 1.21035532175e-06, 1.21552966448e-06, 1.15956834179e-06, 1.27157511542e-06, 1.07624100565e-06, 1.20485708521e-06, 1.1988922779e-06, 7.00994064573e-07, 3.53108873696e-07],
        "median": [0.000141151016578, 0.000437201699242, 0.000302194792312, 0.000151977408677, 0.000163122444064, 0.000181486044312, 9.06404893612e-05, 6.46533371764e-05, 5.05479329149e-05, 3.11863987008e-05, 3.15783108817e-05, 3.43501524185e-05, 3.08144626615e-05, 1.62689557328e-05, 1.81913146662e-05, 1.42336566569e-05, 1.70000785147e-05, 1.37839870149e-05, 1.07158548417e-05, 8.73941553436e-06, 4.20967944592e-06, 3.1309834867e-06, 2.47231560024e-06, 1.55868360707e-06, 1.9365679691e-06, 1.94497260964e-06, 1.21714890611e-06, 6.88005513894e-07, 4.71578431416e-07, 3.32306171913e-07, 1.32381089202e-07, 8.3726050093e-08, 7.19531669802e-08, 9.8018354322e-08, 1.57968713665e-07, 1.74143011122e-07, 1.66869810414e-07, 1.90495910601e-07, 1.77184205086e-07, 8.67819949235e-08],
        "min": [3.76564956994e-09, 1.41293927669e-08, 1.20343219834e-08, 3.81334608335e-09, 5.50593082238e-09, 7.12029413208e-09, 9.32245391994e-10, 4.72283545605e-10, 1.11198017461e-09, 1.17333764926e-09, 1.68925662347e-09, 1.11050102447e-08, 8.02598099092e-10, 1.88075846563e-10, 3.15958953445e-10, 9.96649290874e-11, 3.05012903823e-10, 3.84467097048e-10, 2.74027078806e-10, 9.36043118016e-11, 1.62206179044e-10, 1.09044599739e-10, 1.74646172524e-10, 6.72425864989e-11, 1.00079194931e-10, 1.18927229176e-10, 8.72157832066e-11, 5.18655257631e-11, 2.84043864818e-11, 2.0313559862e-11, 2.3758559356e-11, 1.20008985388e-11, 6.92640823169e-12, 9.97238142758e-12, 1.18588645848e-11, 1.08479909083e-11, 1.43487418128e-11, 7.65267016423e-12, 4.66892930567e-12, 1.18549820568e-12],
        "var": [4.08786718253e-07, 7.80329264671e-06, 7.91807997302e-06, 6.67950871502e-07, 5.51925779746e-07, 1.39024496093e-06, 1.15863747396e-06, 9.70227574726e-07, 8.04012287858e-08, 5.46661063083e-08, 1.81334826266e-07, 5.87748104408e-07, 1.1104752673e-07, 9.83441736935e-08, 3.86093645943e-08, 1.25369084003e-08, 4.76623966961e-08, 1.30139987675e-08, 1.41711051782e-08, 6.83703316184e-09, 2.72924682854e-09, 1.00042096829e-09, 6.30746344044e-10, 3.83292120265e-10, 4.15605605486e-10, 1.26645097187e-10, 1.55405466273e-10, 3.29140353861e-10, 1.03480869706e-10, 4.75407803402e-11, 1.51340016907e-11, 1.79562545388e-11, 1.50307457453e-11, 1.90782684789e-11, 1.5520511959e-11, 1.14225486708e-11, 2.69933537328e-11, 2.85300602587e-11, 4.13772531863e-12, 1.71140380513e-12]
    },
    "mfcc": {
        "mean": [-683.682006836, 147.503585815, -7.41527462006, 5.84956550598, 12.2559404373, -2.32157683372, 3.51170134544, -3.95157456398, -5.76274108887, 4.66323423386, -7.8624124527, -1.58653271198, -1.59649717808],
        "cov": [[6518.22998047, -1827.77124023, 159.092788696, 128.010665894, -255.820098877, -114.639404297, 43.3229522705, 37.6705627441, -39.0197143555, -3.03160881996, -111.544769287, 100.123527527, -63.5847702026], [-1827.77124023, 1960.14526367, -348.261901855, -67.1227493286, 271.231933594, -79.3095626831, 65.0232620239, -76.9367294312, 61.2901382446, 51.3137741089, 66.2979202271, -17.03191185, 52.6051826477], [159.092788696, -348.261901855, 776.933105469, 102.662765503, -0.351929575205, 184.716781616, -53.2568206787, 64.9647674561, 8.53713989258, -25.3581943512, 9.02041149139, -14.9623012543, 1.83310091496], [128.010665894, -67.1227493286, 102.662765503, 443.568786621, 24.2449455261, 115.841804504, 1.56305730343, 52.2857322693, 71.6285324097, -36.5256004333, 36.6632080078, 45.2408981323, -6.95464944839], [-255.820098877, 271.231933594, -0.351929575205, 24.2449455261, 239.095565796, 14.8099908829, 29.2388896942, 13.5997819901, 47.3049163818, 40.3572120667, 16.2926902771, 13.9327335358, 19.4885978699], [-114.639404297, -79.3095626831, 184.716781616, 115.841804504, 14.8099908829, 371.731414795, -4.75689268112, 79.9611663818, 71.9591827393, -8.0352973938, 82.4953155518, -17.3477344513, -17.6142139435], [43.3229522705, 65.0232620239, -53.2568206787, 1.56305730343, 29.2388896942, -4.75689268112, 176.156646729, 27.9492149353, -10.3576889038, 28.8942470551, -19.8066883087, 1.39983379841, 9.94940757751], [37.6705627441, -76.9367294312, 64.9647674561, 52.2857322693, 13.5997819901, 79.9611663818, 27.9492149353, 137.947494507, 43.1209754944, -7.67399072647, 21.6957321167, -4.94644165039, -2.81912970543], [-39.0197143555, 61.2901382446, 8.53713989258, 71.6285324097, 47.3049163818, 71.9591827393, -10.3576889038, 43.1209754944, 138.627182007, 16.2704029083, 37.5123825073, 21.0769481659, -4.13434553146], [-3.03160881996, 51.3137741089, -25.3581943512, -36.5256004333, 40.3572120667, -8.0352973938, 28.8942470551, -7.67399072647, 16.2704029083, 101.378196716, 11.4221286774, 1.34656226635, 19.2610378265], [-111.544769287, 66.2979202271, 9.02041149139, 36.6632080078, 16.2926902771, 82.4953155518, -19.8066883087, 21.6957321167, 37.5123825073, 11.4221286774, 113.547538757, 21.3987617493, -1.44867229462], [100.123527527, -17.03191185, -14.9623012543, 45.2408981323, 13.9327335358, -17.3477344513, 1.39983379841, -4.94644165039, 21.0769481659, 1.34656226635, 21.3987617493, 92.2284164429, 20.7520465851], [-63.5847702026, 52.6051826477, 1.83310091496, -6.95464944839, 19.4885978699, -17.6142139435, 9.94940757751, -2.81912970543, -4.13434553146, 19.2610378265, -1.44867229462, 20.7520465851, 71.4708633423]],
