{
"lowlevel": {
    "average_loudness": 0.983012855053,
    "barkbands_crest": {
        "dmean": 2.26988887787,
        "dmean2": 3.79871344566,
        "dvar": 5.40607595444,
        "dvar2": 14.8806324005,
        "max": 21.2321624756,
        "mean": 8.7399969101,
        "median": 8.14821720123,
        "min": 3.32371997833,
        "var": 8.71076583862
    },
    "barkbands_flatness_db": {
        "dmean": 0.0158788636327,
        "dmean2": 0.0260771661997,
        "dvar": 0.000228260789299,
        "dvar2": 0.000629539252259,
        "max": 0.289042621851,
        "mean": 0.136241480708,
        "median": 0.13323995471,
        "min": 0.0685986578465,
        "var": 0.000814966973849
    },
    "barkbands_kurtosis": {
        "dmean": 1.217679739,
        "dmean2": 2.03803515434,
        "dvar": 4.5855550766,
        "dvar2": 11.3622922897,
        "max": 43.064907074,
        "mean": 0.697802424431,
        "median": -0.32155585289,
        "min": -1.74908030033,
        "var": 20.0056724548
    },
    "barkbands_skewness": {
        "dmean": 0.419651895761,
        "dmean2": 0.688728570938,
        "dvar": 0.223364576697,
        "dvar2": 0.563888192177,
        "max": 5.84667110443,
        "mean": 1.02665352821,
        "median": 0.913436055183,
        "min": -1.58291327953,
        "var": 0.570718884468
    },
    "barkbands_spread": {
        "dmean": 4.91078662872,
        "dmean2": 7.82015371323,
        "dvar": 22.2763977051,
        "dvar2": 58.0229301453,
        "max": 57.7449836731,
        "mean": 32.3345031738,
        "median": 32.8880691528,
        "min": 2.98193001747,
        "var": 81.0029602051
    },
    "dissonance": {
        "dmean": 0.0115920808166,
        "dmean2": 0.0198978055269,
        "dvar": 0.000122060620924,
        "dvar2": 0.000343273568433,
        "max": 0.499721735716,
        "mean": 0.480101078749,
        "median": 0.483279436827,
        "min": 0.37730050087,
        "var": 0.000200585025596
    },
    "dynamic_complexity": 2.05134153366,
    "erbbands_crest": {
        "dmean": 2.72299361229,
        "dmean2": 4.46854257584,
        "dvar": 6.77552986145,
        "dvar2": 17.1772232056,
        "max": 25.8817520142,
        "mean": 8.4602098465,
        "median": 7.32528448105,
        "min": 2.50221347809,
        "var": 17.5075035095
    },
    "erbbands_flatness_db": {
        "dmean": 0.0128355529159,
        "dmean2": 0.0197775606066,
        "dvar": 0.000116598588647,
        "dvar2": 0.000277264334727,
        "max": 0.254046559334,
        "mean": 0.176041692495,
        "median": 0.175719946623,
        "min": 0.0820850208402,
        "var": 0.000540092994925
    },
    "erbbands_kurtosis": {
        "dmean": 0.763137042522,
        "dmean2": 1.24974417686,
        "dvar": 0.698294937611,
        "dvar2": 1.8968578577,
        "max": 7.68551635742,
        "mean": 0.595655918121,
        "median": 0.196238994598,
        "min": -1.31329417229,
        "var": 1.97476494312
    },
    "erbbands_skewness": {
        "dmean": 0.279063254595,
        "dmean2": 0.438514351845,
        "dvar": 0.0557327903807,
        "dvar2": 0.134009182453,
        "max": 1.89834463596,
        "mean": -0.333054900169,
        "median": -0.355008393526,
        "min": -2.06800723076,
        "var": 0.383878558874
    },
    "erbbands_spread": {
        "dmean": 6.07111120224,
        "dmean2": 9.73790740967,
        "dvar": 28.2123012543,
        "dvar2": 71.2874832153,
        "max": 79.4795761108,
        "mean": 34.3230934143,
        "median": 33.5967903137,
        "min": 9.72789669037,
        "var": 111.310539246
    },
    "hfc": {
        "dmean": 5.56421709061,
        "dmean2": 9.04071044922,
        "dvar": 33.5185317993,
        "dvar2": 87.3615875244,
        "max": 76.0072021484,
        "mean": 34.9848937988,
        "median": 36.2006454468,
        "min": 1.09275429358e-16,
        "var": 209.833724976
    },
    "melbands_crest": {
        "dmean": 2.85223913193,
        "dmean2": 4.83407926559,
        "dvar": 6.20543527603,
        "dvar2": 17.3031730652,
        "max": 24.6878547668,
        "mean": 14.600235939,
        "median": 14.3770132065,
        "min": 3.07477283478,
        "var": 13.5588245392
    },
    "melbands_flatness_db": {
        "dmean": 0.0207669399679,
        "dmean2": 0.0335430130363,
        "dvar": 0.000518637476489,
        "dvar2": 0.00132621766534,
        "max": 0.37067297101,
        "mean": 0.164360105991,
        "median": 0.15824483335,
        "min": 0.00907629076391,
        "var": 0.00160684296861
    },
    "melbands_kurtosis": {
        "dmean": 4.31384468079,
        "dmean2": 7.24310302734,
        "dvar": 46.4457702637,
        "dvar2": 120.527572632,
        "max": 109.344223022,
        "mean": 7.23986721039,
        "median": 4.50201702118,
        "min": -1.28048789501,
        "var": 116.469291687
    },
    "melbands_skewness": {
        "dmean": 0.652307868004,
        "dmean2": 1.06976461411,
        "dvar": 0.537063598633,
        "dvar2": 1.40810990334,
        "max": 8.80105495453,
        "mean": 2.32624006271,
        "median": 2.13669085503,
        "min": 0.298119664192,
        "var": 1.09032034874
    },
    "melbands_spread": {
        "dmean": 7.77395391464,
        "dmean2": 12.6770305634,
        "dvar": 66.7027740479,
        "dvar2": 163.685546875,
        "max": 121.921806335,
        "mean": 32.3293380737,
        "median": 31.8654174805,
        "min": 2.187895298,
        "var": 149.71913147
    },
    "pitch_salience": {
        "dmean": 0.0639202147722,
        "dmean2": 0.106669515371,
        "dvar": 0.00343702337705,
        "dvar2": 0.00954929273576,
        "max": 0.83603656292,
        "mean": 0.520290076733,
        "median": 0.516779363155,
        "min": 0.218047335744,
        "var": 0.00640044827014
    },
    "silence_rate_20dB": {
        "dmean": 0,
        "dmean2": 0,
        "dvar": 0,
        "dvar2": 0,
        "max": 1,
        "mean": 1,
        "median": 1,
        "min": 1,
        "var": 0
    },
    "silence_rate_30dB": {
        "dmean": 0,
        "dmean2": 0,
        "dvar": 0,
        "dvar2": 0,
        "max": 1,
        "mean": 1,
        "median": 1,
        "min": 1,
        "var": 0
    },
    "silence_rate_60dB": {
        "dmean": 0.00154798757285,
        "dmean2": 0.00309837330133,
        "dvar": 0.00154557963833,
        "dvar2": 0.00308882445097,
        "max": 1,
        "mean": 0.0603248253465,
        "median": 0,
        "min": 0,
        "var": 0.0566858351231
    },
    "spectral_centroid": {
        "dmean": 202.465988159,
        "dmean2": 312.203765869,
        "dvar": 109646.242188,
        "dvar2": 146987.625,
        "max": 11219.3964844,
        "mean": 1798.35595703,
        "median": 1854.57910156,
        "min": 269.79095459,
        "var": 205330.703125
    },
    "spectral_complexity": {
        "dmean": 3.84365320206,
        "dmean2": 6.1982960701,
        "dvar": 10.7185516357,
        "dvar2": 25.1503143311,
        "max": 55,
        "mean": 34.4029388428,
        "median": 37,
        "min": 0,
        "var": 119.375808716
    },
    "spectral_decrease": {
        "dmean": 2.85559664803e-09,
        "dmean2": 4.8459050106e-09,
        "dvar": 1.59240059958e-17,
        "dvar2": 4.27003006822e-17,
        "max": -1.49314206915e-28,
        "mean": -1.0501405967e-08,
        "median": -1.05182857979e-08,
        "min": -3.28440243891e-08,
        "var": 2.62800723457e-17
    },
    "spectral_energy": {
        "dmean": 0.0110146841034,
        "dmean2": 0.0186645798385,
        "dvar": 0.000228266872,
        "dvar2": 0.000611879571807,
        "max": 0.127342626452,
        "mean": 0.0428080335259,
        "median": 0.0433197692037,
        "min": 1.04751446665e-20,
        "var": 0.000407473300584
    },
    "spectral_energyband_high": {
        "dmean": 0.000298216560623,
        "dmean2": 0.000439049792476,
        "dvar": 1.16615240131e-07,
        "dvar2": 2.32987190429e-07,
        "max": 0.00535819446668,
        "mean": 0.00125033140648,
        "median": 0.00112855713814,
        "min": 7.40127527121e-21,
        "var": 5.83882751926e-07
    },
    "spectral_energyband_low": {
        "dmean": 0.00964715052396,
        "dmean2": 0.0166961662471,
        "dvar": 0.000257015664829,
        "dvar2": 0.000697061128449,
        "max": 0.111563652754,
        "mean": 0.0208663269877,
        "median": 0.0181346237659,
        "min": 4.37678205572e-23,
        "var": 0.000252820842434
    },
    "spectral_energyband_middle_high": {
        "dmean": 0.00268741208129,
        "dmean2": 0.0043919198215,
        "dvar": 8.63170043885e-06,
        "dvar2": 2.32123438764e-05,
        "max": 0.0321208462119,
        "mean": 0.0113827176392,
        "median": 0.0108696101233,
        "min": 1.70732259474e-21,
        "var": 3.4262000554e-05
    },
    "spectral_energyband_middle_low": {
        "dmean": 0.00391701189801,
        "dmean2": 0.00638421345502,
        "dvar": 2.0158222469e-05,
        "dvar2": 5.21497313457e-05,
        "max": 0.0457858070731,
        "mean": 0.0117153599858,
        "median": 0.0103129232302,
        "min": 5.04033196438e-22,
        "var": 5.68883806409e-05
    },
    "spectral_entropy": {
        "dmean": 0.08123087883,
        "dmean2": 0.115837313235,
        "dvar": 0.00701711187139,
        "dvar2": 0.00942549947649,
        "max": 9.78954315186,
        "mean": 7.78245162964,
        "median": 7.79396486282,
        "min": 6.64295721054,
        "var": 0.0404618866742
    },
    "spectral_flux": {
        "dmean": 0.0256303101778,
        "dmean2": 0.0395470149815,
        "dvar": 0.000820182729512,
        "dvar2": 0.00158476457,
        "max": 0.275527626276,
        "mean": 0.104161269963,
        "median": 0.0974475964904,
        "min": 1.02348150788e-10,
        "var": 0.00215190183371
    },
    "spectral_kurtosis": {
        "dmean": 1.15103447437,
        "dmean2": 2.03478717804,
        "dvar": 0.966040432453,
        "dvar2": 2.97333526611,
        "max": 8.86348628998,
        "mean": 2.18390679359,
        "median": 1.893638134,
        "min": -1.26382148266,
        "var": 1.60854518414
    },
    "spectral_rms": {
        "dmean": 0.000753754458856,
        "dmean2": 0.0012571796542,
        "dvar": 8.19725869405e-07,
        "dvar2": 2.17173442252e-06,
        "max": 0.011146152392,
        "mean": 0.00618122238666,
        "median": 0.00650101434439,
        "min": 3.19681932835e-12,
        "var": 3.55633414983e-06
    },
    "spectral_rolloff": {
        "dmean": 408.830505371,
        "dmean2": 670.315185547,
        "dvar": 428649.65625,
        "dvar2": 741870.125,
        "max": 17894.0917969,
        "mean": 1730.28283691,
        "median": 1808.7890625,
        "min": 107.666015625,
        "var": 624383.9375
    },
    "spectral_skewness": {
        "dmean": 0.150621786714,
        "dmean2": 0.257256448269,
        "dvar": 0.0160721708089,
        "dvar2": 0.0428225174546,
        "max": 2.43506407738,
        "mean": 0.985657513142,
        "median": 0.959055602551,
        "min": -0.0154479928315,
        "var": 0.0466454438865
    },
    "spectral_spread": {
        "dmean": 263944.90625,
        "dmean2": 384038.5625,
        "dvar": 1.06360097997e+12,
        "dvar2": 974378893312,
        "max": 42760308,
        "mean": 3654805.75,
        "median": 3548203,
        "min": 2454485.25,
        "var": 1.45793889075e+12
    },
    "spectral_strongpeak": {
        "dmean": 0.521583795547,
        "dmean2": 0.943128168583,
        "dvar": 1.3900988102,
        "dvar2": 3.84492182732,
        "max": 10.3266677856,
        "mean": 0.74036192894,
        "median": 0.436888933182,
        "min": 0,
        "var": 1.27692830563
    },
    "zerocrossingrate": {
        "dmean": 0.00704682059586,
        "dmean2": 0.00903793051839,
        "dvar": 0.000155333342263,
        "dvar2": 0.000135603797389,
        "max": 0.498046875,
        "mean": 0.0630479454994,
        "median": 0.06201171875,
        "min": 0.0078125,
        "var": 0.000385596591514
    },
    "barkbands": {
        "dmean": [0.000222735689022, 0.00673034973443, 0.00440436834469, 0.0015694523463, 0.00126708636526, 0.000763473159168, 0.000635415432043, 0.000864624802489, 0.00126942445058, 0.00062045577215, 0.000770869315602, 0.000496741209645, 0.000721284071915, 0.000532541482244, 0.0006249997532, 0.00103634502739, 0.000713174289558, 0.000280443549855, 0.00026537606027, 0.00020216179837, 0.000117276002129, 8.20065179141e-05, 6.93927868269e-05, 5.72635981371e-05, 1.27644880195e-05, 1.73479151044e-08, 8.56576143349e-09],
        "dmean2": [0.000349707552232, 0.011544412002, 0.00778242573142, 0.00262680952437, 0.00212459429167, 0.00126527808607, 0.00106613908429, 0.00133961066604, 0.00206409278326, 0.00101268943399, 0.00122161197942, 0.000804037961643, 0.00115668075159, 0.000877942831721, 0.00103538401891, 0.00174917536788, 0.00119413621724, 0.000462383759441, 0.000434646906797, 0.000331489485689, 0.000191655853996, 0.000128762461827, 0.000100596953416, 8.31720171846e-05, 1.99381993298e-05, 2.85148100687e-08, 1.62016533523e-08],
        "dvar": [9.1202004171e-08, 0.000151829794049, 3.77611358999e-05, 3.44122258866e-06, 4.69877204523e-06, 1.72394675246e-06, 1.52466827785e-06, 3.19251580549e-06, 7.89579098637e-06, 1.81654468179e-06, 1.66174947935e-06, 8.8851311375e-07, 2.29893976211e-06, 7.7510429719e-07, 9.02740794118e-07, 3.05687422042e-06, 7.67452718264e-07, 9.33577410933e-08, 8.85527597916e-08, 4.18998951091e-08, 1.48937964184e-08, 1.10116475938e-08, 9.03858410339e-09, 7.62659002618e-09, 9.2724927736e-10, 1.74614751522e-15, 6.83604928103e-16],
        "dvar2": [2.03549262778e-07, 0.000402948877309, 0.000108938496851, 9.26032680582e-06, 1.2730582057e-05, 4.78087076772e-06, 4.00852286475e-06, 7.22204367776e-06, 2.06886688829e-05, 4.5207493713e-06, 4.11088467445e-06, 2.21353252527e-06, 5.69190251554e-06, 1.95132020053e-06, 2.15585168917e-06, 9.06961849978e-06, 2.10982307181e-06, 2.37521120994e-07, 2.15249073676e-07, 1.12886738179e-07, 3.63236871692e-08, 2.65675197397e-08, 1.73479843824e-08, 1.40365408186e-08, 1.87239757032e-09, 4.08236253369e-15, 1.98856548598e-15],
        "max": [0.00280182622373, 0.0792272686958, 0.0531218796968, 0.0178333260119, 0.0219123400748, 0.0199811924249, 0.0150259695947, 0.0275631137192, 0.0321409441531, 0.0292205642909, 0.0183089021593, 0.0136587377638, 0.0266390796751, 0.0153992576525, 0.0126862721518, 0.0201079547405, 0.00840735342354, 0.00293652736582, 0.00615830114111, 0.00274305650964, 0.00123194756452, 0.00121736980509, 0.00209234771319, 0.00181202648673, 0.000546331051737, 6.92200103458e-07, 3.84528959785e-07],
        "mean": [0.000320770806866, 0.00873222853988, 0.00971582625061, 0.00334189413115, 0.00217154156417, 0.00119824102148, 0.000979875330813, 0.00132664700504, 0.00206509628333, 0.00107839051634, 0.0013466210803, 0.000781588081736, 0.00115366105456, 0.000957954034675, 0.00112216826528, 0.00200511445291, 0.00152678834274, 0.000674204435199, 0.000770450395066, 0.000561499327887, 0.0003535025171, 0.000244510883931, 0.000197109096916, 0.000159422532306, 2.2879565222e-05, 2.32208510198e-08, 5.5056048609e-09],
        "median": [0.00017408914573, 0.00492442958057, 0.00890965946019, 0.00281828641891, 0.00155203405302, 0.000707348983269, 0.000557666411623, 0.000576658349019, 0.000717814487871, 0.000527364434674, 0.000785635318607, 0.00045746131218, 0.000592605792917, 0.000616851495579, 0.000741943833418, 0.00112936832011, 0.00112234661356, 0.000589874514844, 0.000711011700332, 0.000527204014361, 0.000330094073433, 0.000200063674129, 0.000148813094711, 0.000112793779408, 1.18618590932e-05, 1.05053752364e-08, 7.75667197139e-10],
        "min": [2.41159480337e-23, 1.71182579775e-23, 1.11492788292e-23, 3.14218188299e-24, 2.2797319699e-23, 7.93291652936e-23, 5.21277740003e-23, 1.92589219739e-22, 1.44520150874e-22, 4.61297048173e-23, 1.27678891937e-22, 1.67642484421e-22, 6.74156806178e-23, 1.31335520979e-22, 1.42359391434e-22, 2.35368300971e-22, 1.50763877653e-22, 2.23175161948e-22, 1.7967506185e-22, 3.86036543439e-22, 4.17211089479e-22, 3.55107137502e-22, 6.77445523116e-22, 9.91219555115e-22, 1.27956015617e-21, 1.55067102532e-21, 2.15782260467e-21],
        "var": [1.60109735248e-07, 0.000133518100483, 5.41898989468e-05, 7.07652679921e-06, 5.94098901274e-06, 2.79690425486e-06, 2.04608431886e-06, 6.45553836875e-06, 1.64626944752e-05, 4.77345247418e-06, 3.87023146686e-06, 1.17162153401e-06, 3.91258436139e-06, 1.36802418638e-06, 1.72378622665e-06, 6.62603542878e-06, 1.93904634216e-06, 1.97575431571e-07, 2.36556289224e-07, 1.03099331739e-07, 4.67802223625e-08, 3.41519772462e-08, 3.53069964376e-08, 3.07425622736e-08, 1.9920085581e-09, 2.49219497104e-15, 3.86924703245e-16]
    },
    "erbbands": {
        "dmean": [0.179691568017, 1.63088035583, 4.54934120178, 4.8957657814, 5.22246217728, 3.83331513405, 4.63073301315, 6.78774499893, 6.63135957718, 17.3378353119, 16.5110454559, 32.9601707458, 22.9278335571, 12.7966575623, 34.7988395691, 19.6423988342, 35.3453178406, 22.146736145, 27.9226913452, 49.4801330566, 40.0245513916, 29.290189743, 16.2048244476, 13.962896347, 12.9206380844, 9.41356945038, 6.29220294952, 3.75566124916, 3.05516028404, 2.68870210648, 1.87970399857, 1.40014350414, 0.889958262444, 0.257275313139, 0.0106347510591, 0.000511577352881, 4.31604967162e-05, 9.31808972382e-06, 6.45407635602e-06, 1.22807105072e-05],
        "dmean2": [0.294456392527, 2.8531832695, 8.17555332184, 8.29899692535, 8.92329978943, 6.40722942352, 7.51918411255, 11.3816270828, 11.1693935394, 28.2575550079, 25.9709835052, 53.5153999329, 37.8567047119, 20.5970134735, 56.2909126282, 31.5985603333, 56.7797317505, 35.6489715576, 45.6751556396, 82.0965957642, 65.169631958, 48.8239440918, 26.7732162476, 22.5789813995, 21.0028705597, 15.6579246521, 10.2082538605, 5.9939198494, 4.8573141098, 4.09566020966, 2.75653576851, 2.06182551384, 1.31895768642, 0.39037373662, 0.0164538361132, 0.000786205753684, 6.75713308738e-05, 1.50241048686e-05, 1.08073327283e-05, 2.07207303902e-05],
        "dvar": [0.0960237160325, 9.25538253784, 48.6782951355, 31.6446743011, 108.308174133, 39.2570457458, 63.3010482788, 137.306381226, 216.335723877, 1064.40881348, 1173.70532227, 5530.94677734, 3333.18457031, 406.296234131, 4181.03417969, 890.048400879, 6539.23974609, 1276.29504395, 1485.68701172, 7243.48828125, 2778.92749023, 1266.51696777, 282.637878418, 238.004837036, 248.943496704, 91.9538803101, 40.6369476318, 17.4359664917, 16.6964950562, 11.4621772766, 8.79922008514, 4.77014636993, 1.78766357899, 0.371837049723, 0.00134515063837, 2.67297264145e-06, 7.62962759637e-09, 3.14679060587e-10, 7.53530432496e-11, 2.68972177864e-10],
        "dvar2": [0.243190258741, 25.1704235077, 138.820846558, 88.2424468994, 290.303222656, 109.496574402, 160.958145142, 376.826019287, 493.979187012, 2567.63427734, 2375.32250977, 14407.2998047, 8496.83984375, 953.775756836, 11197.1787109, 2065.79907227, 16096.7363281, 3249.42749023, 3662.99658203, 20941.1699219, 7202.609375, 3252.89282227, 753.910095215, 605.332702637, 582.661743164, 250.397384644, 109.775146484, 39.9933738708, 41.5090026855, 25.7811565399, 18.5925960541, 9.28928089142, 3.44673490524, 0.714344620705, 0.00297194067389, 5.81044787396e-06, 1.59957416201e-08, 8.07322209084e-10, 1.99394292744e-10, 7.20269732746e-10],
        "max": [2.30375623703, 20.3189487457, 54.568862915, 61.2895622253, 91.1998443604, 85.0651016235, 101.079612732, 202.086120605, 270.378265381, 480.558105469, 780.121948242, 947.508422852, 1328.33398438, 360.727508545, 858.856567383, 386.773742676, 1335.3248291, 516.591552734, 687.913330078, 945.060852051, 656.512268066, 425.580657959, 191.513885498, 224.741073608, 371.903961182, 109.754798889, 68.4186248779, 43.2280540466, 60.577091217, 44.0608482361, 66.4144210815, 48.0688285828, 24.3448162079, 10.7959880829, 0.673700153828, 0.0305528957397, 0.00148331490345, 0.000255534105236, 0.000102969454019, 0.000143322351505],
        "mean": [0.21460133791, 2.15146255493, 9.41908740997, 13.1117181778, 8.60321235657, 6.54658889771, 7.89055681229, 10.4882802963, 11.9368553162, 25.8294868469, 28.3055915833, 53.4578132629, 40.4254112244, 25.5870761871, 62.2344474792, 38.0123023987, 57.4529190063, 45.3426017761, 55.8189239502, 95.9639358521, 96.0511856079, 71.0206375122, 42.613368988, 37.96509552, 35.396396637, 27.2334747314, 18.0084228516, 11.6487255096, 8.99831295013, 7.529504776, 5.24231529236, 3.86679315567, 2.27976536751, 0.54820483923, 0.0186602082103, 0.00101881381124, 0.000118565418234, 2.70525833912e-05, 2.88738774543e-05, 5.27208430867e-05],
        "median": [0.103584848344, 1.30581521988, 7.87437868118, 12.1796102524, 6.08017539978, 4.34044694901, 4.36137628555, 6.14829111099, 7.00555181503, 13.9696645737, 14.3605699539, 18.6355323792, 18.8503646851, 16.1933994293, 34.6495094299, 25.7514686584, 29.3664836884, 31.514497757, 42.2959632874, 49.4681930542, 66.7291183472, 54.9449806213, 37.7984237671, 35.2061729431, 33.1647338867, 26.2060909271, 16.7330875397, 10.3007192612, 7.46211194992, 5.84292936325, 3.83853530884, 2.72945570946, 1.62317669392, 0.32376819849, 0.00954682286829, 0.000598304730374, 8.96796191228e-05, 2.18207424041e-05, 2.88597384497e-05, 5.41413610335e-05],
        "min": [9.75881069892e-22, 2.57175480958e-21, 1.05615599989e-20, 1.48245645327e-20, 4.83686948477e-20, 8.04882731295e-20, 3.05488993003e-19, 6.57005624012e-19, 9.0276703276e-19, 1.40840206849e-18, 4.50583643067e-18, 4.00132863532e-18, 1.77585110283e-18, 2.26634604501e-18, 7.33618875212e-18, 4.89565397973e-18, 3.83673706421e-18, 7.09578773223e-18, 5.47778026787e-18, 1.12244049882e-17, 1.16711189149e-17, 8.456793489e-18, 1.36277666774e-17, 1.00403282013e-17, 1.01523971123e-17, 1.8420293155e-17, 1.94064826967e-17, 1.49503250793e-17, 1.33054334178e-17, 1.15818843248e-17, 2.05926448059e-17, 2.13746133805e-17, 1.65614892785e-17, 1.25495334402e-17, 1.02418674489e-17, 5.56368545602e-18, 3.04780838511e-18, 1.3462847336e-18, 3.24082410511e-19, 2.63045195782e-20],
        "var": [0.0945062786341, 7.58342933655, 56.7109184265, 67.0690994263, 106.216697693, 57.5701370239, 121.590454102, 221.212173462, 456.151153564, 1658.80273438, 3032.23535156, 11027.34375, 8584.52636719, 1020.29632568, 7659.35595703, 1646.09204102, 10472.0761719, 2600.57275391, 2929.42456055, 16734.8144531, 8886.01367188, 3554.53295898, 704.066345215, 569.900390625, 574.787841797, 222.506576538, 114.690086365, 58.8846435547, 44.8449172974, 38.518901825, 28.8787059784, 18.2228965759, 6.57800769806, 0.90570628643, 0.00209081522189, 4.51406503998e-06, 1.92983637959e-08, 6.16149131716e-10, 1.78662279415e-10, 5.55829882121e-10]
    },
    "gfcc": {
        "mean": [19.3496589661, 124.096290588, -161.914001465, 74.6347122192, -60.4268226624, 28.078212738, -27.4210681915, 0.318646669388, -0.502541124821, -22.0696258545, 3.35115385056, -24.9111309052, 1.90416359901],
        "cov": [[8615.81152344, -248.67729187, -868.13470459, 159.861190796, -165.124237061, 107.191650391, -48.7308387756, 119.625457764, -0.173320382833, -91.3814315796, -116.374778748, -120.657691956, -51.2422370911], [-248.67729187, 264.042388916, -4.45920562744, -48.5250015259, 21.1395740509, -71.9147491455, 77.1418914795, -56.7781982422, 25.9762020111, -14.9487581253, 40.858127594, -3.77673077583, 11.0690393448], [-868.13470459, -4.45920562744, 233.721282959, 24.2233753204, 3.57277083397, 2.3027305603, -20.3472824097, 9.81742095947, -2.86407756805, 29.7022686005, 18.2328414917, 31.5576057434, 18.8051681519], [159.861190796, -48.5250015259, 24.2233753204, 87.8071212769, 27.947845459, 7.83135271072, -30.1660556793, 12.6885070801, 13.5281543732, 4.99479389191, -6.48495483398, 9.58915710449, 15.4878454208], [-165.124237061, 21.1395740509, 3.57277083397, 27.947845459, 104.445144653, 6.26355648041, 6.35645151138, -1.07480180264, 23.0004787445, 3.01151967049, 10.5889854431, 4.86232042313, 18.1586799622], [107.191650391, -71.9147491455, 2.3027305603, 7.83135271072, 6.26355648041, 92.3277359009, 22.6744785309, 16.8425178528, -17.3160266876, 8.49732589722, 5.19520902634, 7.16777849197, -5.12552833557], [-48.7308387756, 77.1418914795, -20.3472824097, -30.1660556793, 6.35645151138, 22.6744785309, 123.795318604, 7.4228849411, 4.00719928741, -13.6792898178, 12.1875743866, -5.34787130356, -6.14983129501], [119.625457764, -56.7781982422, 9.81742095947, 12.6885070801, -1.07480180264, 16.8425178528, 7.4228849411, 80.3056030273, 23.8638801575, 1.5298691988, -17.0530605316, -10.236577034, 4.43273591995], [-0.173320382833, 25.9762020111, -2.86407756805, 13.5281543732, 23.0004787445, -17.3160266876, 4.00719928741, 23.8638801575, 68.7852630615, 13.1475830078, -2.19385910034, -13.5000314713, -1.95493793488], [-91.3814315796, -14.9487581253, 29.7022686005, 4.99479389191, 3.01151967049, 8.49732589722, -13.6792898178, 1.5298691988, 13.1475830078, 51.8384666443, 26.7291355133, 5.070291996, -9.76931095123], [-116.374778748, 40.858127594, 18.2328414917, -6.48495483398, 10.5889854431, 5.19520902634, 12.1875743866, -17.0530605316, -2.19385910034, 26.7291355133, 59.0657577515, 28.2886791229, -1.69209742546], [-120.657691956, -3.77673077583, 31.5576057434, 9.58915710449, 4.86232042313, 7.16777849197, -5.34787130356, -10.236577034, -13.5000314713, 5.070291996, 28.2886791229, 53.5911750793, 25.7983379364], [-51.2422370911, 11.0690393448, 18.8051681519, 15.4878454208, 18.1586799622, -5.12552833557, -6.14983129501, 4.43273591995, -1.95493793488, -9.76931095123, -1.69209742546, 25.7983379364, 52.8594284058]],
        "icov": [[0.000273553334409, -0.00041216405225, 0.00118215731345, -0.00103552697692, 0.000686265411787, -0.000538336869795, 0.000379969773348, -0.000658189353999, 0.000292600452667, -0.000153734828928, 5.51855227968e-05, 5.57334133191e-05, 2.76656192e-06], [-0.00041216405225, 0.0179483424872, -0.00411581248045, 0.00574371078983, -0.000918901176192, 0.0112984590232, -0.0103297671303, 0.0124183660373, -0.00873829331249, 0.00931318569928, -0.0174770802259, 0.0129312193021, -0.0106812287122], [0.00118215731345, -0.00411581248045, 0.0106602478772, -0.00592818902805, 0.0029642872978, -0.00288836820982, 0.00280587631278, -0.00542646599934, 0.00353040522896, -0.00560995796695, 0.00356376334094, -0.00430329144001, 0.000743551237974], [-0.00103552697692, 0.00574371078983, -0.00592818902805, 0.0207136198878, -0.00620878580958, 0.00222325650975, 0.000132874469273, 0.0041481256485, -0.00603073928505, 0.00258282758296, -0.00109149736818, -0.000477697118185, -0.00369812734425], [0.000686265411787, -0.000918901176192, 0.0029642872978, -0.00620878580958, 0.014900024049, -0.00375833758153, 0.000421150674811, 0.00100462394767, -0.00439006369561, 0.00182089209557, -0.00511420611292, 0.00460401270539, -0.00613250257447], [-0.000538336869795, 0.0112984590232, -0.00288836820982, 0.00222325650975, -0.00375833758153, 0.0228448603302, -0.0107013164088, 0.00331416074187, 0.00202915119007, -0.000151696935063, -0.00741287972778, 0.00329693616368, -0.00232774810866], [0.000379969773348, -0.0103297671303, 0.00280587631278, 0.000132874469273, 0.000421150674811, -0.0107013164088, 0.0175486896187, -0.00843942072242, 0.00216820696369, 0.00196403125301, 0.00309402449057, -0.00395249109715, 0.00553261721507], [-0.000658189353999, 0.0124183660373, -0.00542646599934, 0.0041481256485, 0.00100462394767, 0.00331416074187, -0.00843942072242, 0.026629332453, -0.013527023606, 0.0056282049045, -0.00717754056677, 0.0104955397546, -0.0105744134635], [0.000292600452667, -0.00873829331249, 0.00353040522896, -0.00603073928505, -0.00439006369561, 0.00202915119007, 0.00216820696369, -0.013527023606, 0.0281772706658, -0.0133082130924, 0.00974623672664, -0.00288131437264, 0.0060167661868], [-0.000153734828928, 0.00931318569928, -0.00560995796695, 0.00258282758296, 0.00182089209557, -0.000151696935063, 0.00196403125301, 0.0056282049045, -0.0133082130924, 0.0420394986868, -0.0300444047898, 0.013863475062, -0.00219443999231], [5.51855227968e-05, -0.0174770802259, 0.00356376334094, -0.00109149736818, -0.00511420611292, -0.00741287972778, 0.00309402449057, -0.00717754056677, 0.00974623672664, -0.0300444047898, 0.0598610974848, -0.0387357696891, 0.0203943885863], [5.57334133191e-05, 0.0129312193021, -0.00430329144001, -0.000477697118185, 0.00460401270539, 0.00329693616368, -0.00395249109715, 0.0104955397546, -0.00288131437264, 0.013863475062, -0.0387357696891, 0.0557057186961, -0.0295566730201], [2.76656192e-06, -0.0106812287122, 0.000743551237974, -0.00369812734425, -0.00613250257447, -0.00232774810866, 0.00553261721507, -0.0105744134635, 0.0060167661868, -0.00219443999231, 0.0203943885863, -0.0295566730201, 0.0402830354869]]
    },
    "melbands": {
        "dmean": [0.00173996924423, 0.00218104640953, 0.000796551292296, 0.000305012246827, 0.000159710281878, 0.00014936637308, 0.00010472376016, 0.000196122884518, 0.000156272450113, 0.000195132524823, 0.000111978777568, 5.10832396685e-05, 0.000111753011879, 6.44138999633e-05, 6.66367195663e-05, 6.22737643425e-05, 4.67016216135e-05, 5.04197123519e-05, 4.44531578978e-05, 9.52733244048e-05, 4.99730849697e-05, 3.87150175811e-05, 2.53305115621e-05, 1.30147900563e-05, 1.28214123833e-05, 1.15596540127e-05, 9.34076342674e-06, 6.79763479638e-06, 5.16987438459e-06, 3.05680714519e-06, 2.34708613789e-06, 1.94163703782e-06, 1.83908434792e-06, 1.61141463195e-06, 1.2270654679e-06, 1.0259981309e-06, 9.48052047534e-07, 7.68599022649e-07, 4.39661391738e-07, 1.54639266725e-07],
        "dmean2": [0.0029325322248, 0.00389394466765, 0.001327465754, 0.000514814339112, 0.000259978784015, 0.000249023491051, 0.000176994784852, 0.00031828781357, 0.000248779309914, 0.000316113117151, 0.000185668643098, 8.2660910266e-05, 0.000179332157131, 0.000106041530671, 0.000108682666905, 0.000100074328657, 7.58715032134e-05, 8.26303876238e-05, 7.32883127057e-05, 0.000160583134857, 8.15195235191e-05, 6.48833301966e-05, 4.23368001066e-05, 2.17768010771e-05, 2.08555884456e-05, 1.88196136151e-05, 1.54944864335e-05, 1.13842897917e-05, 8.54513291415e-06, 5.08606171934e-06, 3.72689146388e-06, 3.11383701046e-06, 2.97762380796e-06, 2.42120950134e-06, 1.85671558484e-06, 1.56223188696e-06, 1.41828138567e-06, 1.16747366974e-06, 6.67788299324e-07, 2.40119959471e-07],
        "dvar": [9.89522595773e-06, 1.31667775349e-05, 8.55739131111e-07, 3.0001660889e-07, 6.53414744534e-08, 6.68467805554e-08, 4.80706283668e-08, 1.43887405102e-07, 1.03785389172e-07, 1.81189264481e-07, 8.26356156836e-08, 7.07432379343e-09, 3.9045005451e-08, 1.55441366445e-08, 1.77366246135e-08, 1.6725509866e-08, 5.92878768302e-09, 5.3562012603e-09, 4.90499907357e-09, 3.14081312069e-08, 4.83160622622e-09, 2.50714715655e-09, 8.19725676227e-10, 2.10538877998e-10, 2.09557662889e-10, 1.79617556939e-10, 1.09435349671e-10, 4.88316470593e-11, 2.93998471401e-11, 1.12279621364e-11, 6.97020132584e-12, 6.67869275509e-12, 5.32302327216e-12, 4.14634819534e-12, 3.67512313984e-12, 2.52897464255e-12, 2.16048164602e-12, 1.28123813642e-12, 6.87654631588e-13, 2.21182555778e-13],
        "dvar2": [2.58244544966e-05, 3.69873487216e-05, 2.29930469686e-06, 8.03712794095e-07, 1.65796663509e-07, 1.82192309239e-07, 1.1626489993e-07, 3.43575891293e-07, 2.22992326826e-07, 4.76394774296e-07, 2.11407410688e-07, 1.68323222027e-08, 9.76225109639e-08, 4.0334050766e-08, 4.32392717187e-08, 4.06011402276e-08, 1.45798413342e-08, 1.30868533788e-08, 1.15019860303e-08, 9.31191053155e-08, 1.1638168651e-08, 6.59154419935e-09, 2.12323802984e-09, 5.65182844969e-10, 5.35027411264e-10, 4.38024283511e-10, 2.78974149337e-10, 1.34450409139e-10, 8.11490458164e-11, 2.80277658721e-11, 1.70185254778e-11, 1.70580216619e-11, 1.4071196465e-11, 9.3884683014e-12, 8.19761446225e-12, 5.38078696183e-12, 4.67391099782e-12, 2.66930509814e-12, 1.33074096447e-12, 4.81701538466e-13],
        "max": [0.0209524482489, 0.0266403965652, 0.0101438444108, 0.00441391114146, 0.00297605548985, 0.00442088255659, 0.00347787863575, 0.0056485356763, 0.00648163538426, 0.00523771950975, 0.00649217050523, 0.00134749372955, 0.00268685794435, 0.00195393385366, 0.00241759233177, 0.00199997401796, 0.00091461755801, 0.00119041430298, 0.00100617099088, 0.0020686769858, 0.00104897795245, 0.000626568857115, 0.000437003793195, 0.000172758343979, 0.000199967835215, 0.000294663565001, 0.000137031907798, 7.14663183317e-05, 5.96781137574e-05, 3.22151827277e-05, 3.05656649289e-05, 3.54576950485e-05, 2.26083757298e-05, 3.11622716254e-05, 3.84511731681e-05, 3.42373132298e-05, 3.50101654476e-05, 1.8705126422e-05, 1.44870209624e-05, 8.73373755894e-06],
        "mean": [0.0021601987537, 0.00437570130453, 0.00220126612112, 0.000512717699166, 0.000287969363853, 0.000236664069234, 0.000182782052434, 0.000291353906505, 0.000259334687144, 0.000316678284435, 0.000190514037968, 9.11759925657e-05, 0.000195889369934, 0.000116877803521, 0.000112396381155, 0.000102518009953, 8.52725861478e-05, 8.95670964383e-05, 8.45233807922e-05, 0.000163986478583, 0.000107657200715, 8.30298595247e-05, 5.0158087106e-05, 3.09839379042e-05, 3.03019842249e-05, 2.81983502646e-05, 2.16006719711e-05, 1.71877181856e-05, 1.26750928757e-05, 7.70175938669e-06, 6.39229210719e-06, 5.04151876157e-06, 4.63744981971e-06, 3.99651753469e-06, 3.07120376419e-06, 2.55711188402e-06, 2.30503678722e-06, 1.80427559826e-06, 1.00342765563e-06, 2.40781560024e-07],
        "median": [0.00120556016918, 0.0037836288102, 0.00208690622821, 0.000362873775885, 0.000172450541868, 0.000140204181662, 0.000107072468381, 0.000152290856931, 0.00011533225188, 0.000108187792648, 7.75076332502e-05, 5.36935258424e-05, 0.000109865097329, 7.24688070477e-05, 6.70188383083e-05, 5.60950284125e-05, 5.44433423784e-05, 6.38074416202e-05, 5.28242926521e-05, 8.02151189419e-05, 7.62773270253e-05, 6.14749660599e-05, 3.96023642679e-05, 2.74794492725e-05, 2.70738000836e-05, 2.56816019828e-05, 1.90598384506e-05, 1.62117739819e-05, 1.1491366422e-05, 6.85655959387e-06, 5.35003664481e-06, 4.15434624301e-06, 3.70621160073e-06, 3.03003184854e-06, 2.20194579015e-06, 1.86268107427e-06, 1.55570944571e-06, 1.23216636894e-06, 6.50761649013e-07, 1.07730500076e-07],
        "min": [8.14160857743e-24, 4.51185799854e-24, 2.96378039763e-24, 5.28174640456e-24, 8.66507379717e-24, 1.59322150728e-23, 1.26074164262e-23, 2.19261727127e-23, 3.58364363113e-23, 2.28728783742e-23, 7.76645551876e-24, 8.34921231299e-24, 2.13777282124e-23, 2.40717181805e-23, 6.29993272481e-24, 6.40146622306e-24, 1.53528740463e-23, 7.29463544476e-24, 1.19915905828e-23, 1.80333161171e-23, 1.18993301445e-23, 7.9044612121e-24, 1.33005435385e-23, 9.6063804946e-24, 8.17729191161e-24, 5.20820918541e-24, 1.29115925138e-23, 1.13676883815e-23, 1.09568567218e-23, 9.66702890985e-24, 9.11554887279e-24, 8.37882694024e-24, 5.23881974955e-24, 6.82712097359e-24, 1.08098485478e-23, 1.46461950924e-23, 1.16714447951e-23, 1.25348570001e-23, 9.69607476838e-24, 1.06032616539e-23],
        "var": [8.91078616405e-06, 1.26173781609e-05, 1.79913195097e-06, 3.32449758389e-07, 1.38003230177e-07, 1.17004738343e-07, 9.04971031446e-08, 2.2506920061e-07, 2.56931969034e-07, 3.71562236978e-07, 2.09970210108e-07, 1.56229145176e-08, 8.71758913945e-08, 2.25422596145e-08, 2.71701310339e-08, 2.88035391094e-08, 1.17658034426e-08, 9.43688682753e-09, 1.12039337807e-08, 6.06576193718e-08, 1.24495365128e-08, 6.57932108794e-09, 1.71344094468e-09, 4.37337971393e-10, 4.46875175752e-10, 4.05419448013e-10, 2.19657153577e-10, 1.02987340878e-10, 6.84013262697e-11, 2.68371696394e-11, 2.08959689829e-11, 1.53370285222e-11, 1.37684672691e-11, 1.2687637399e-11, 1.05728915206e-11, 7.72933887033e-12, 7.44840127076e-12, 4.19167782081e-12, 2.0073528343e-12, 3.56085224241e-13]
    },
    "mfcc": {
        "mean": [-587.422668457, 107.790725708, -14.8826751709, 32.667175293, 10.6421861649, 15.1866102219, 1.34664809704, 13.2313947678, 2.44981455803, 9.98983955383, -4.30079746246, 5.61045742035, -0.873504757881],
        "cov": [[7430.984375, -127.968505859, -683.568237305, 21.1374702454, -135.731964111, 26.0711250305, -97.5092849731, 118.060333252, 34.0364532471, 100.295898438, -87.2088317871, 59.2236976624, -58.7921333313], [-127.968505859, 279.759552002, -36.178478241, 19.7352790833, -50.1422119141, 3.40183544159, 14.6269922256, -5.88001251221, -20.5358734131, -1.25437390804, 11.2011156082, 13.7326107025, 1.23676836491], [-683.568237305, -36.178478241, 228.066177368, -0.144893914461, 24.2730255127, -14.1039438248, 8.00137519836, -21.4645996094, -2.08362960815, -22.9838104248, 19.6345176697, -14.0251941681, 8.19709300995], [21.1374702454, 19.7352790833, -0.144893914461, 82.9911804199, 34.3886795044, -10.9620943069, -21.62342453, -2.36408877373, 15.7060394287, 2.02153348923, -10.1662569046, 2.11332368851, 9.63463878632], [-135.731964111, -50.1422119141, 24.2730255127, 34.3886795044, 120.60647583, -1.89330935478, -23.4716949463, -14.5046043396, 13.8116416931, 4.56046247482, -17.6360187531, -0.881377398968, 21.5809936523], [26.0711250305, 3.40183544159, -14.1039438248, -10.9620943069, -1.89330935478, 73.458152771, 30.9393596649, 5.09740066528, -16.4619808197, -6.42309808731, 8.93300914764, 5.31696510315, 1.72916865349], [-97.5092849731, 14.6269922256, 8.00137519836, -21.62342453, -23.4716949463, 30.9393596649, 82.7554931641, 22.1502933502, -3.40980029106, -12.4595804214, 10.1642656326, 2.3496158123, -1.16183125973], [118.060333252, -5.88001251221, -21.4645996094, -2.36408877373, -14.5046043396, 5.09740066528, 22.1502933502, 63.0058898926, 24.9563426971, 13.9440155029, -5.67496061325, 1.96336734295, -9.58653736115], [34.0364532471, -20.5358734131, -2.08362960815, 15.7060394287, 13.8116416931, -16.4619808197, -3.40980029106, 24.9563426971, 66.6564712524, 24.2982158661, -6.70213699341, -8.96532058716, -7.90963840485], [100.295898438, -1.25437390804, -22.9838104248, 2.02153348923, 4.56046247482, -6.42309808731, -12.4595804214, 13.9440155029, 24.2982158661, 69.0907592773, 17.4100246429, 6.77700805664, -21.0798225403], [-87.2088317871, 11.2011156082, 19.6345176697, -10.1662569046, -17.6360187531, 8.93300914764, 10.1642656326, -5.67496061325, -6.70213699341, 17.4100246429, 68.8214035034, 22.4754333496, -4.46297645569], [59.2236976624, 13.7326107025, -14.0251941681, 2.11332368851, -0.881377398968, 5.31696510315, 2.3496158123, 1.96336734295, -8.96532058716, 6.77700805664, 22.4754333496, 47.277759552, 14.4366140366], [-58.7921333313, 1.23676836491, 8.19709300995, 9.63463878632, 21.5809936523, 1.72916865349, -1.16183125973, -9.58653736115, -7.90963840485, -21.0798225403, -4.46297645569, 14.4366140366, 61.638092041]],
