{
"lowlevel": {
    "average_loudness": 0.982534348965,
    "barkbands_crest": {
        "dmean": 2.5975458622,
        "dmean2": 4.05297279358,
        "dvar": 6.63780736923,
        "dvar2": 17.3162117004,
        "max": 23.8681049347,
        "mean": 14.840921402,
        "median": 14.5880203247,
        "min": 2.95006728172,
        "var": 17.6908092499
    },
    "barkbands_flatness_db": {
        "dmean": 0.0335950702429,
        "dmean2": 0.0463801696897,
        "dvar": 0.00110853358638,
        "dvar2": 0.00220954674296,
        "max": 0.467718094587,
        "mean": 0.226371601224,
        "median": 0.220986455679,
        "min": 0.0709344670177,
        "var": 0.00419617490843
    },
    "barkbands_kurtosis": {
        "dmean": 12.2882909775,
        "dmean2": 17.6258735657,
        "dvar": 300.390472412,
        "dvar2": 613.870178223,
        "max": 252.771484375,
        "mean": 27.2655677795,
        "median": 15.0495090485,
        "min": -1.80166053772,
        "var": 1016.41656494
    },
    "barkbands_skewness": {
        "dmean": 1.02971315384,
        "dmean2": 1.45043718815,
        "dvar": 1.14637029171,
        "dvar2": 2.42397046089,
        "max": 12.7213821411,
        "mean": 4.0850687027,
        "median": 3.66605949402,
        "min": -0.332422912121,
        "var": 4.77996110916
    },
    "barkbands_spread": {
        "dmean": 7.76469230652,
        "dmean2": 11.0619249344,
        "dvar": 151.462677002,
        "dvar2": 307.457061768,
        "max": 99.8686599731,
        "mean": 15.5268325806,
        "median": 10.7832078934,
        "min": 0.54879784584,
        "var": 244.059020996
    },
    "dissonance": {
        "dmean": 0.0175103675574,
        "dmean2": 0.0279321726412,
        "dvar": 0.000282031833194,
        "dvar2": 0.000706987746526,
        "max": 0.500000059605,
        "mean": 0.459920316935,
        "median": 0.466915100813,
        "min": 0.252326071262,
        "var": 0.000855891266838
    },
    "dynamic_complexity": 1.63701021671,
    "erbbands_crest": {
        "dmean": 2.13948178291,
        "dmean2": 3.29664206505,
        "dvar": 4.33741760254,
        "dvar2": 9.54669284821,
        "max": 23.6678276062,
        "mean": 8.45547485352,
        "median": 7.55463075638,
        "min": 2.2876663208,
        "var": 14.7421131134
    },
    "erbbands_flatness_db": {
        "dmean": 0.013970259577,
        "dmean2": 0.0197819806635,
        "dvar": 0.000226826188737,
        "dvar2": 0.000436060188804,
        "max": 0.288149029016,
        "mean": 0.148405075073,
        "median": 0.141984015703,
        "min": 0.0933486223221,
        "var": 0.000909833877813
    },
    "erbbands_kurtosis": {
        "dmean": 1.21804380417,
        "dmean2": 1.73009610176,
        "dvar": 6.41116094589,
        "dvar2": 12.0318050385,
        "max": 44.0930023193,
        "mean": 0.602994501591,
        "median": -0.388466835022,
        "min": -1.84594488144,
        "var": 12.6753482819
    },
    "erbbands_skewness": {
        "dmean": 0.432675212622,
        "dmean2": 0.569126784801,
        "dvar": 0.264945238829,
        "dvar2": 0.460349798203,
        "max": 5.86845827103,
        "mean": 0.699863553047,
        "median": 0.599887311459,
        "min": -2.47698497772,
        "var": 0.924511432648
    },
    "erbbands_spread": {
        "dmean": 14.4340763092,
        "dmean2": 20.2328472137,
        "dvar": 236.359832764,
        "dvar2": 542.934936523,
        "max": 179.329223633,
        "mean": 68.7113418579,
        "median": 68.2164382935,
        "min": 9.2598991394,
        "var": 747.942565918
    },
    "hfc": {
        "dmean": 7.53042602539,
        "dmean2": 10.6238212585,
        "dvar": 96.9338226318,
        "dvar2": 211.567504883,
        "max": 120.724182129,
        "mean": 22.3037776947,
        "median": 18.9242458344,
        "min": 0.000189669037354,
        "var": 205.43572998
    },
    "melbands_crest": {
        "dmean": 3.03021550179,
        "dmean2": 4.78727674484,
        "dvar": 9.92726135254,
        "dvar2": 24.8807296753,
        "max": 34.4017372131,
        "mean": 21.1047286987,
        "median": 21.2563686371,
        "min": 6.55640649796,
        "var": 23.1784896851
    },
    "melbands_flatness_db": {
        "dmean": 0.0403416790068,
        "dmean2": 0.0533793568611,
        "dvar": 0.00170604267623,
        "dvar2": 0.00333913345821,
        "max": 0.542387843132,
        "mean": 0.277333706617,
        "median": 0.274048596621,
        "min": 0.0618680343032,
        "var": 0.00613236473873
    },
    "melbands_kurtosis": {
        "dmean": 37.1075744629,
        "dmean2": 53.0381164551,
        "dvar": 2493.23266602,
        "dvar2": 5086.21923828,
        "max": 702.801391602,
        "mean": 87.7616500854,
        "median": 55.9679298401,
        "min": -0.205462932587,
        "var": 8505.43652344
    },
    "melbands_skewness": {
        "dmean": 1.57745456696,
        "dmean2": 2.2442522049,
        "dvar": 2.62633514404,
        "dvar2": 5.78288459778,
        "max": 24.2828197479,
        "mean": 6.70091819763,
        "median": 6.10609197617,
        "min": 0.990674853325,
        "var": 10.3229827881
    },
    "melbands_spread": {
        "dmean": 5.57324695587,
        "dmean2": 8.45898532867,
        "dvar": 101.435783386,
        "dvar2": 239.255523682,
        "max": 110.703422546,
        "mean": 9.75982761383,
        "median": 6.28540658951,
        "min": 0.500194847584,
        "var": 126.230621338
    },
    "pitch_salience": {
        "dmean": 0.0825502723455,
        "dmean2": 0.125822916627,
        "dvar": 0.0064057004638,
        "dvar2": 0.0154468109831,
        "max": 0.775527238846,
        "mean": 0.417707234621,
        "median": 0.407855391502,
        "min": 0.105061389506,
        "var": 0.0141625972465
    },
    "silence_rate_20dB": {
        "dmean": 0,
        "dmean2": 0,
        "dvar": 0,
        "dvar2": 0,
        "max": 1,
        "mean": 1,
        "median": 1,
        "min": 1,
        "var": 0
    },
    "silence_rate_30dB": {
        "dmean": 0.0549535602331,
        "dmean2": 0.109949670732,
        "dvar": 0.05193458125,
        "dvar2": 0.117216467857,
        "max": 1,
        "mean": 0.948549330235,
        "median": 1,
        "min": 0,
        "var": 0.0488036088645
    },
    "silence_rate_60dB": {
        "dmean": 0.000773993786424,
        "dmean2": 0.00154858687893,
        "dvar": 0.000773391802795,
        "dvar2": 0.00154617498629,
        "max": 1,
        "mean": 0.0100580267608,
        "median": 0,
        "min": 0,
        "var": 0.00995678734034
    },
    "spectral_centroid": {
        "dmean": 285.912902832,
        "dmean2": 406.76864624,
        "dvar": 154752.546875,
        "dvar2": 313468.71875,
        "max": 3504.09350586,
        "mean": 891.752319336,
        "median": 770.11328125,
        "min": 150.407562256,
        "var": 339287.09375
    },
    "spectral_complexity": {
        "dmean": 4.04102182388,
        "dmean2": 5.87688732147,
        "dvar": 29.9017715454,
        "dvar2": 54.7533149719,
        "max": 55,
        "mean": 14.9570598602,
        "median": 14,
        "min": 0,
        "var": 82.4841079712
    },
    "spectral_decrease": {
        "dmean": 3.69985686532e-09,
        "dmean2": 5.28695398572e-09,
        "dvar": 1.45493558948e-17,
        "dvar2": 3.97712905291e-17,
        "max": -2.13570982188e-13,
        "mean": -1.57633426312e-08,
        "median": -1.58959156948e-08,
        "min": -4.37190124103e-08,
        "var": 4.63620406568e-17
    },
    "spectral_energy": {
        "dmean": 0.0139391608536,
        "dmean2": 0.0200379099697,
        "dvar": 0.000210849291761,
        "dvar2": 0.000573479745071,
        "max": 0.167832776904,
        "mean": 0.0615176036954,
        "median": 0.0615890622139,
        "min": 8.24243215902e-07,
        "var": 0.000673106638715
    },
    "spectral_energyband_high": {
        "dmean": 0.000821421679575,
        "dmean2": 0.00116004073061,
        "dvar": 1.37836957492e-06,
        "dvar2": 2.91115179607e-06,
        "max": 0.0147023610771,
        "mean": 0.00140045187436,
        "median": 0.00081115111243,
        "min": 5.29641708269e-09,
        "var": 2.45817955147e-06
    },
    "spectral_energyband_low": {
        "dmean": 0.0156939234585,
        "dmean2": 0.0230402480811,
        "dvar": 0.000321535626426,
        "dvar2": 0.000860732689034,
        "max": 0.154302462935,
        "mean": 0.0453725978732,
        "median": 0.0445996820927,
        "min": 4.70295645982e-07,
        "var": 0.000615855853539
    },
    "spectral_energyband_middle_high": {
        "dmean": 0.000947064196225,
        "dmean2": 0.00132243242115,
        "dvar": 2.01445118364e-06,
        "dvar2": 3.8641574065e-06,
        "max": 0.0240391083062,
        "mean": 0.0026286712382,
        "median": 0.00153955258429,
        "min": 7.30294624773e-09,
        "var": 1.07375435618e-05
    },
    "spectral_energyband_middle_low": {
        "dmean": 0.00716862501577,
        "dmean2": 0.0111761130393,
        "dvar": 0.000155128655024,
        "dvar2": 0.000364405976143,
        "max": 0.0954067334533,
        "mean": 0.0163159556687,
        "median": 0.0117613300681,
        "min": 2.95127762229e-07,
        "var": 0.000207256583963
    },
    "spectral_entropy": {
        "dmean": 0.2560146451,
        "dmean2": 0.32882463932,
        "dvar": 0.076006539166,
        "dvar2": 0.131057575345,
        "max": 8.50601482391,
        "mean": 7.43944311142,
        "median": 7.46739339828,
        "min": 5.30673885345,
        "var": 0.269715964794
    },
    "spectral_flux": {
        "dmean": 0.0348507910967,
        "dmean2": 0.0490314364433,
        "dvar": 0.00148007040843,
        "dvar2": 0.00235161744058,
        "max": 0.396715730429,
        "mean": 0.101473391056,
        "median": 0.0777841433883,
        "min": 0.000980118173175,
        "var": 0.00476214801893
    },
    "spectral_kurtosis": {
        "dmean": 1.01358568668,
        "dmean2": 1.5354155302,
        "dvar": 1.34447109699,
        "dvar2": 2.77172660828,
        "max": 20.1962280273,
        "mean": 1.65545320511,
        "median": 1.2868514061,
        "min": -0.965256929398,
        "var": 2.97248482704
    },
    "spectral_rms": {
        "dmean": 0.000870802730788,
        "dmean2": 0.00122491153888,
        "dvar": 6.39692984805e-07,
        "dvar2": 1.71151509676e-06,
        "max": 0.0127960657701,
        "mean": 0.00754759460688,
        "median": 0.00775157334283,
        "min": 2.83573572233e-05,
        "var": 3.05104003928e-06
    },
    "spectral_rolloff": {
        "dmean": 583.022949219,
        "dmean2": 1025.20080566,
        "dvar": 2007406.375,
        "dvar2": 5001142.5,
        "max": 8591.74804688,
        "mean": 666.739746094,
        "median": 236.865234375,
        "min": 86.1328125,
        "var": 1621308
    },
    "spectral_skewness": {
        "dmean": 0.222154974937,
        "dmean2": 0.305376708508,
        "dvar": 0.0483299829066,
        "dvar2": 0.0802465304732,
        "max": 3.57451534271,
        "mean": 1.17108309269,
        "median": 1.14866113663,
        "min": 0.194411531091,
        "var": 0.174777537584
    },
    "spectral_spread": {
        "dmean": 586726.375,
        "dmean2": 806458,
        "dvar": 376283430912,
        "dvar2": 663934664704,
        "max": 12555705,
        "mean": 6071838,
        "median": 5964079.5,
        "min": 3027360,
        "var": 1.46813576806e+12
    },
    "spectral_strongpeak": {
        "dmean": 0.221038892865,
        "dmean2": 0.336474895477,
        "dvar": 0.105101309717,
        "dvar2": 0.260579735041,
        "max": 5.65539503098,
        "mean": 0.780580639839,
        "median": 0.761375844479,
        "min": 0.00167085742578,
        "var": 0.19798502326
    },
    "zerocrossingrate": {
        "dmean": 0.0135174915195,
        "dmean2": 0.0155703686178,
        "dvar": 0.000259385240497,
        "dvar2": 0.000332074792823,
        "max": 0.1845703125,
        "mean": 0.0385398417711,
        "median": 0.0302734375,
        "min": 0.00390625,
        "var": 0.000811643782072
    },
    "barkbands": {
        "dmean": [0.000118403309898, 0.00825923960656, 0.0104627097026, 0.00459792790934, 0.00383795890957, 0.000742838252336, 0.00041000553756, 0.000468280195491, 0.000529730459675, 0.000275308208074, 0.000256903760601, 0.00018061780429, 0.000138920382597, 0.000119456279208, 0.000110349174065, 7.94339357526e-05, 9.72233392531e-05, 9.86768354778e-05, 0.000126358936541, 0.000138418850838, 0.000148660343257, 0.000178911039256, 0.00018557391013, 0.000192205028725, 0.000107628758997, 5.28629975349e-08, 2.70574940231e-09],
        "dmean2": [0.000157813512487, 0.0117048854008, 0.0157349985093, 0.00770508311689, 0.00672540720552, 0.00116207590327, 0.00064665946411, 0.000728216487914, 0.000754394859541, 0.000411251327023, 0.000385074497899, 0.000272943056189, 0.000222938790102, 0.000179265683983, 0.000173751672264, 0.000122042634757, 0.000150148101966, 0.000151013591676, 0.00019818689907, 0.000209282035939, 0.000227860917221, 0.000257931678789, 0.00028594743344, 0.000276269041933, 0.000163894263096, 8.03687854045e-08, 5.03556174536e-09],
        "dvar": [3.17929433891e-08, 0.000172535088495, 0.000235672981944, 0.000107527055661, 6.31868097116e-05, 1.48162666846e-06, 5.71474174649e-07, 1.12218697268e-06, 1.19730714232e-06, 6.68499239964e-07, 6.41590020223e-07, 1.0925970173e-07, 7.29603684135e-08, 7.87498137811e-08, 5.21564409439e-08, 2.77877276744e-08, 3.3268396038e-08, 2.77698575246e-08, 7.56811999736e-08, 5.32701847078e-08, 4.53592292615e-08, 6.97279531892e-08, 1.02712235162e-07, 8.1685605835e-08, 2.65322999127e-08, 5.95021756611e-15, 8.40297629117e-18],
        "dvar2": [5.05843509302e-08, 0.00039154390106, 0.000641835678834, 0.000298234983347, 0.000181194744073, 3.58060174221e-06, 1.23089910176e-06, 2.27457348956e-06, 2.26242309509e-06, 1.18893478884e-06, 1.38577377129e-06, 2.2202972616e-07, 1.69339983813e-07, 1.66335269114e-07, 1.24714006233e-07, 6.40252295625e-08, 7.80135493983e-08, 6.93033967991e-08, 1.8879333652e-07, 1.15694284375e-07, 1.02841255512e-07, 1.49958083284e-07, 2.32847952475e-07, 1.49884044731e-07, 6.2787982813e-08, 1.34602776448e-14, 2.7143835848e-17],
        "max": [0.00163091742434, 0.12274903059, 0.125229388475, 0.0853036791086, 0.0599360987544, 0.0272427871823, 0.0140874134377, 0.0210785493255, 0.030825285241, 0.020342938602, 0.0177027471364, 0.00609464524314, 0.00600099144503, 0.00651867315173, 0.004740240518, 0.00222501391545, 0.00360086932778, 0.00235465029255, 0.00441777613014, 0.00528311962262, 0.00350842229091, 0.00310989213176, 0.00369458738714, 0.00469881948084, 0.00159539666492, 9.69592974798e-07, 2.24892264811e-08],
        "mean": [0.000227219017688, 0.0149608561769, 0.0260907355696, 0.00620983075351, 0.00551669998094, 0.0015921627637, 0.000785767042544, 0.000726583064534, 0.0012918493012, 0.000503394578118, 0.000522496644408, 0.000294930505333, 0.000236991225393, 0.000207918172237, 0.000190060469322, 0.000126959726913, 0.000170061146491, 0.00018416014791, 0.000194135878701, 0.000242773632635, 0.000304650282487, 0.000261307810433, 0.000221388138016, 0.00029890271253, 0.000155720277689, 7.67175265537e-08, 2.27920349261e-09],
        "median": [3.58586694347e-05, 0.00678157154471, 0.0191214568913, 0.00226466031745, 0.00339386984706, 0.000695847906172, 0.000317974365316, 0.000218204164412, 0.000387363776099, 0.000110503839096, 0.000110891902295, 0.000119399905088, 7.91182537796e-05, 5.59574946237e-05, 6.52734961477e-05, 4.15116955992e-05, 6.5081185312e-05, 7.25545542082e-05, 8.47293267725e-05, 0.000148491933942, 0.000193805841263, 0.000114522139484, 8.53734964039e-05, 0.000134570989758, 7.23990160623e-05, 3.70431472163e-08, 1.20973786544e-09],
        "min": [9.52693687828e-11, 1.04524655598e-08, 1.86770805044e-07, 1.4291822481e-07, 7.94396939341e-08, 3.15996757649e-08, 1.87363879967e-09, 2.22806484373e-09, 7.4169070885e-10, 1.46098980136e-10, 2.52481008323e-10, 6.01134753087e-10, 2.31624025515e-10, 1.29846866592e-09, 9.37668831469e-10, 2.17747680997e-10, 2.73449790589e-10, 1.86412441039e-10, 2.94160973358e-10, 8.68484617556e-10, 9.84651582492e-10, 4.97342944605e-10, 7.3413097823e-10, 1.02091624044e-09, 3.45880241115e-10, 7.38681251583e-12, 7.61541697758e-12],
        "var": [1.15042489313e-07, 0.000354363786755, 0.000382836238714, 0.000117127841804, 4.90147976961e-05, 7.4083563959e-06, 1.56141845764e-06, 2.47495654548e-06, 7.01932367519e-06, 2.40101962845e-06, 2.36615028371e-06, 2.71129493967e-07, 2.69613735782e-07, 2.30728034012e-07, 1.55363636622e-07, 5.42596829689e-08, 8.99349430483e-08, 7.48793027583e-08, 1.07075436517e-07, 9.17579114912e-08, 1.22499159261e-07, 1.16955582996e-07, 1.27547380657e-07, 1.48204648553e-07, 3.89320717886e-08, 9.90646282318e-15, 7.86997005576e-18]
    },
    "erbbands": {
        "dmean": [0.187790885568, 2.15859508514, 10.1615695953, 13.2648143768, 14.5294847488, 11.8778743744, 5.71022081375, 6.86714601517, 5.78654909134, 7.14443731308, 10.6293849945, 12.320069313, 8.88914394379, 7.44161462784, 9.4541683197, 6.704890728, 6.32685852051, 5.62063550949, 5.67448139191, 4.69545555115, 4.07663393021, 5.18061590195, 5.03209638596, 6.3051905632, 6.001745224, 6.73916625977, 6.51133394241, 5.86409282684, 5.85340595245, 4.87064313889, 6.32109498978, 4.364320755, 3.25338244438, 1.94370365143, 0.174332886934, 0.00748331192881, 0.00034297836828, 4.19030875491e-05, 1.15473867481e-05, 1.51998810907e-05],
        "dmean2": [0.261158943176, 3.030564785, 15.030049324, 20.9964294434, 24.7077331543, 20.1602592468, 9.4054813385, 10.5088405609, 9.16561603546, 10.9300584793, 15.8806600571, 17.7125682831, 13.0888156891, 10.8547382355, 14.2347621918, 10.0540428162, 9.96325492859, 8.59963130951, 8.64183807373, 7.25372457504, 6.08060312271, 8.0242099762, 7.69638109207, 10.0063781738, 9.26146507263, 10.1828517914, 9.9320936203, 8.81001663208, 8.44058227539, 7.13402223587, 9.85569667816, 6.52035236359, 4.54099702835, 2.82549452782, 0.253968507051, 0.0108413407579, 0.000486670935061, 5.87979739066e-05, 1.74501819856e-05, 2.25588155445e-05],
        "dvar": [0.0857415795326, 11.7908592224, 211.404754639, 584.351074219, 1094.43066406, 421.731506348, 64.8285293579, 155.208175659, 115.476928711, 301.924163818, 479.733886719, 643.553588867, 617.677612305, 363.42880249, 828.868103027, 133.466567993, 140.251022339, 169.769515991, 137.797714233, 86.1647872925, 56.7897872925, 99.3245315552, 88.3162994385, 187.809494019, 158.215866089, 114.825828552, 91.3694229126, 84.0188598633, 74.2041244507, 51.6999435425, 128.496582031, 47.2012901306, 21.9554824829, 7.98453140259, 0.0695838928223, 0.000125595091959, 2.48464203878e-07, 3.56781182376e-09, 1.76039668953e-10, 2.5369648049e-10],
        "dvar2": [0.171630084515, 26.4830265045, 541.050842285, 1650.56103516, 2963.14746094, 1204.37365723, 173.314666748, 343.031494141, 245.383758545, 630.659484863, 934.068115234, 1209.40087891, 1099.35205078, 707.547790527, 1758.85864258, 268.159332275, 319.122833252, 365.789855957, 316.427703857, 195.143005371, 127.333633423, 236.950881958, 227.986938477, 480.879486084, 389.710174561, 248.623519897, 210.607620239, 190.958084106, 159.55078125, 111.714271545, 291.988952637, 93.2392272949, 42.8009262085, 17.838634491, 0.152506008744, 0.000273450888926, 5.33756463028e-07, 7.59541229911e-09, 3.77683134767e-10, 6.70298316852e-10],
        "max": [2.38841748238, 33.6430549622, 127.410644531, 204.94102478, 217.171661377, 203.778717041, 115.104949951, 339.447387695, 258.530578613, 377.189971924, 550.964904785, 624.176391602, 713.653320312, 544.965087891, 864.697937012, 247.818145752, 265.358398438, 335.642364502, 297.891174316, 194.045730591, 153.898101807, 183.79119873, 164.061141968, 233.69367981, 220.721435547, 228.064117432, 173.035324097, 182.929641724, 106.21987915, 68.0898132324, 144.476760864, 129.324554443, 58.5837516785, 32.0533561707, 3.73861908913, 0.160815775394, 0.00677262200043, 0.000752909807488, 0.000174499946297, 0.000187962694326],
        "mean": [0.354304581881, 4.01677894592, 25.310634613, 28.1205272675, 18.5702152252, 20.1219539642, 10.621462822, 15.5171089172, 11.6185903549, 12.776971817, 19.3242225647, 30.5387001038, 18.9656620026, 13.8085680008, 20.2888183594, 12.0636949539, 11.9244155884, 10.3342685699, 11.2204761505, 8.04447746277, 7.51185035706, 9.70568752289, 9.72144508362, 10.1353349686, 9.79155445099, 11.7223558426, 14.1020994186, 10.2189683914, 8.91223716736, 6.79039669037, 7.21480846405, 6.16792201996, 5.05683231354, 2.99799442291, 0.274237126112, 0.0118996892124, 0.000567778828554, 6.95127309882e-05, 4.26504702773e-05, 7.27755468688e-05],
        "median": [0.0765471234918, 2.22138214111, 18.929567337, 17.9347705841, 9.62418937683, 12.0339803696, 6.78050279617, 6.25866413116, 5.59608316422, 4.90211772919, 6.67118263245, 8.87648105621, 5.42185735703, 3.89409017563, 5.17872190475, 4.97776651382, 4.25533294678, 3.31719732285, 4.06901407242, 3.44173955917, 3.03173899651, 3.79171013832, 3.58886671066, 4.79291963577, 4.67200756073, 7.24492740631, 9.19979000092, 5.7531914711, 4.07572793961, 3.08033847809, 2.64723277092, 2.54998731613, 2.40432024002, 1.46149659157, 0.124220557511, 0.00540710566565, 0.000284780893708, 3.64374427591e-05, 3.84296399716e-05, 7.07938525011e-05],
        "min": [2.04423571404e-07, 5.11179086971e-06, 0.000137532129884, 0.00062012905255, 0.00023926726135, 0.00010884119547, 0.00042522730655, 0.000173123844434, 3.56028031092e-05, 2.55660197581e-05, 4.39556060883e-05, 2.00515460165e-05, 8.73755652719e-06, 5.69597932554e-06, 2.48146970989e-05, 2.76269529422e-05, 1.30207363327e-05, 4.77044704894e-05, 6.45672189421e-05, 2.7875730666e-05, 2.26739975915e-05, 1.85089775186e-05, 1.12352227006e-05, 1.71420433617e-05, 1.70046496351e-05, 4.29000392614e-05, 3.97040457756e-05, 2.30884215853e-05, 1.67953821801e-05, 1.56830647029e-05, 1.91396538867e-05, 2.09462323255e-05, 1.66037098097e-05, 6.45491809337e-06, 3.61432256568e-07, 4.36646629964e-08, 1.50690038225e-08, 4.08705735921e-09, 1.32232569339e-09, 1.04100572607e-09],
        "var": [0.253950566053, 21.2538452148, 343.683959961, 754.02520752, 840.115966797, 533.391784668, 121.1875, 1017.40270996, 348.952697754, 615.208862305, 1707.25512695, 4169.84912109, 2200.20507812, 1162.83447266, 4176.86865234, 384.573608398, 553.750488281, 433.940612793, 532.673339844, 175.016326904, 134.63168335, 301.008392334, 244.24671936, 260.847229004, 231.972457886, 193.458526611, 263.01751709, 169.549331665, 131.72088623, 81.1941375732, 152.340637207, 72.7526016235, 40.5865859985, 13.6194953918, 0.130482032895, 0.000238766733673, 4.66964991119e-07, 6.50800568991e-09, 3.95968535738e-10, 7.96861687746e-10]
    },
    "gfcc": {
        "mean": [1.61171877384, 109.791526794, -94.1111373901, 78.3808898926, -74.1999740601, 32.6142807007, -35.8413734436, 3.87407374382, -18.6424255371, -14.6597633362, -3.58308792114, -26.6937599182, 3.02067279816],
        "cov": [[3124.12719727, -446.406433105, -955.025756836, -391.979217529, -278.707702637, 164.990325928, 30.8193721771, 292.885467529, -123.86390686, 135.844802856, -101.413726807, 7.60725927353, -69.6268844604], [-446.406433105, 698.864807129, 31.0373821259, -193.026031494, 167.30430603, -105.168479919, 163.398895264, -65.530670166, 28.7223472595, -32.0005340576, 84.6200790405, -71.2110137939, 93.4467773438], [-955.025756836, 31.0373821259, 661.226623535, 258.851470947, 65.5993881226, -22.5992946625, -67.5019683838, -78.9039459229, 68.1583328247, -22.9283466339, 36.2128486633, 35.2272377014, 13.412112236], [-391.979217529, -193.026031494, 258.851470947, 355.448791504, 78.0233383179, -74.08959198, -104.565643311, -19.4726333618, 76.9162750244, -25.0691814423, -2.26824355125, 59.9821968079, 16.9118709564], [-278.707702637, 167.30430603, 65.5993881226, 78.0233383179, 208.275253296, -9.55178928375, 41.3613929749, 3.14548444748, 37.355052948, -5.32518005371, 30.6482772827, 3.81477880478, 62.9912033081], [164.990325928, -105.168479919, -22.5992946625, -74.08959198, -9.55178928375, 215.517028809, 90.2227859497, 26.1502857208, -32.5905723572, 47.418006897, 20.1668109894, 7.54327201843, -18.7560329437], [30.8193721771, 163.398895264, -67.5019683838, -104.565643311, 41.3613929749, 90.2227859497, 179.304321289, 35.2781105042, -8.34081745148, 24.666885376, 46.2604255676, -26.5387744904, 21.7520713806], [292.885467529, -65.530670166, -78.9039459229, -19.4726333618, 3.14548444748, 26.1502857208, 35.2781105042, 157.440567017, 40.9346542358, 60.1083221436, -2.70003914833, 18.2046833038, 12.9035243988], [-123.86390686, 28.7223472595, 68.1583328247, 76.9162750244, 37.355052948, -32.5905723572, -8.34081745148, 40.9346542358, 103.196411133, 26.6210746765, 11.8215675354, 17.8578300476, 24.0805931091], [135.844802856, -32.0005340576, -22.9283466339, -25.0691814423, -5.32518005371, 47.418006897, 24.666885376, 60.1083221436, 26.6210746765, 93.7833328247, 25.7069168091, -0.95483982563, 4.09749174118], [-101.413726807, 84.6200790405, 36.2128486633, -2.26824355125, 30.6482772827, 20.1668109894, 46.2604255676, -2.70003914833, 11.8215675354, 25.7069168091, 74.7205734253, 25.6685523987, 14.800743103], [7.60725927353, -71.2110137939, 35.2272377014, 59.9821968079, 3.81477880478, 7.54327201843, -26.5387744904, 18.2046833038, 17.8578300476, -0.95483982563, 25.6685523987, 81.621925354, 19.8604621887], [-69.6268844604, 93.4467773438, 13.412112236, 16.9118709564, 62.9912033081, -18.7560329437, 21.7520713806, 12.9035243988, 24.0805931091, 4.09749174118, 14.800743103, 19.8604621887, 69.5815048218]],
        "icov": [[0.000877282000147, -0.000804645824246, 0.00125069974456, -0.000855673511978, 0.00111360754818, -0.00109103694558, 0.00091090699425, -0.00140959420241, 0.00112425733823, -0.00078966410365, 0.000963014084846, -0.000651446520351, 0.000238305612584], [-0.000804645824246, 0.0252270866185, -0.00761694647372, 0.0249938908964, -0.0161160696298, 0.0211633425206, -0.0152913508937, 0.0114394119009, -0.0142500195652, 0.00872405990958, -0.0161656327546, 0.00929096248001, -0.0111334985122], [0.00125069974456, -0.00761694647372, 0.00601574778557, -0.00936202798039, 0.00595364393666, -0.00801894813776, 0.00610385648906, -0.00391198322177, 0.00391518790275, -0.002247444354, 0.00315622310154, -0.00162582541816, 0.00243293074891], [-0.000855673511978, 0.0249938908964, -0.00936202798039, 0.0313621237874, -0.0188585743308, 0.0221976563334, -0.0139139471576, 0.012130619958, -0.016726097092, 0.00823732279241, -0.0132526410744, 0.00440257089213, -0.00821880064905], [0.00111360754818, -0.0161160696298, 0.00595364393666, -0.0188585743308, 0.0198440831155, -0.0157872941345, 0.0105023151264, -0.00949775334448, 0.00869743060321, -0.00210036803037, 0.00523663731292, -8.51905952004e-06, -0.00154577940702], [-0.00109103694558, 0.0211633425206, -0.00801894813776, 0.0221976563334, -0.0157872941345, 0.028432611376, -0.0210563614964, 0.012811107561, -0.00878304615617, -0.000983396894298, -0.0058506783098, -0.00154101778753, -0.00241845427081], [0.00091090699425, -0.0152913508937, 0.00610385648906, -0.0139139471576, 0.0105023151264, -0.0210563614964, 0.0270745251328, -0.0138090653345, 0.00750324735418, 0.00377785786986, -0.00569080840796, 0.00801915489137, -0.00133125309367], [-0.00140959420241, 0.0114394119009, -0.00391198322177, 0.012130619958, -0.00949775334448, 0.012811107561, -0.0138090653345, 0.0201774444431, -0.0105478428304, -0.00586283253506, 0.00285955541767, -0.00514337560162, -0.00148576556239], [0.00112425733823, -0.0142500195652, 0.00391518790275, -0.016726097092, 0.00869743060321, -0.00878304615617, 0.00750324735418, -0.0105478428304, 0.0254145078361, -0.0105117773637, 0.010025982745, -0.00667885923758, 0.00453972397372], [-0.00078966410365, 0.00872405990958, -0.002247444354, 0.00823732279241, -0.00210036803037, -0.000983396894298, 0.00377785786986, -0.00586283253506, -0.0105117773637, 0.0296990703791, -0.0236536078155, 0.0180301796645, -0.010758696124], [0.000963014084846, -0.0161656327546, 0.00315622310154, -0.0132526410744, 0.00523663731292, -0.0058506783098, -0.00569080840796, 0.00285955541767, 0.010025982745, -0.0236536078155, 0.0475284121931, -0.0294233337045, 0.0164290536195], [-0.000651446520351, 0.00929096248001, -0.00162582541816, 0.00440257089213, -8.51905952004e-06, -0.00154101778753, 0.00801915489137, -0.00514337560162, -0.00667885923758, 0.0180301796645, -0.0294233337045, 0.0373286306858, -0.018993197009], [0.000238305612584, -0.0111334985122, 0.00243293074891, -0.00821880064905, -0.00154577940702, -0.00241845427081, -0.00133125309367, -0.00148576556239, 0.00453972397372, -0.010758696124, 0.0164290536195, -0.018993197009, 0.0335189849138]]
    },
    "melbands": {
        "dmean": [0.00197910424322, 0.00417543807998, 0.00204176339321, 0.000995237845927, 0.000230334218941, 0.000147142200149, 8.52625671541e-05, 8.48544441396e-05, 9.24207561184e-05, 7.79443580541e-05, 4.51744235761e-05, 3.13386444759e-05, 3.08245507767e-05, 2.09569152503e-05, 1.86449487956e-05, 1.44855084727e-05, 1.13514870463e-05, 9.92640343611e-06, 8.62326032802e-06, 6.37739367448e-06, 5.05555635755e-06, 6.57142436467e-06, 4.07069637731e-06, 4.58640261058e-06, 5.46794808542e-06, 5.01611111758e-06, 3.95186179958e-06, 5.12097949468e-06, 4.09552194469e-06, 4.34062212662e-06, 3.40488031725e-06, 3.25831706505e-06, 3.85476641895e-06, 2.32843967751e-06, 3.56449004357e-06, 3.36165680892e-06, 2.5481274406e-06, 2.2748236006e-06, 2.36171672441e-06, 1.49191578203e-06],
        "dmean2": [0.0027635183651, 0.00600594514981, 0.00306745176204, 0.0017253740225, 0.000382279074984, 0.000225992480409, 0.000134204659844, 0.000127850536956, 0.000135651396704, 0.000111850698886, 6.66088453727e-05, 4.56162015325e-05, 4.66040692118e-05, 3.15026627504e-05, 2.88185165118e-05, 2.32380007219e-05, 1.73567004822e-05, 1.50671548909e-05, 1.3593516087e-05, 9.85863516689e-06, 7.57877478463e-06, 1.03863403638e-05, 6.36831691736e-06, 6.99703423379e-06, 8.77078036865e-06, 7.98126347945e-06, 6.04278375249e-06, 7.84562871559e-06, 6.30161048321e-06, 6.79899858369e-06, 5.12581573275e-06, 4.83243684357e-06, 5.72706858293e-06, 3.48534763361e-06, 5.63239791518e-06, 5.13904387844e-06, 3.79801599593e-06, 3.22123355545e-06, 3.48420940099e-06, 2.17060778596e-06],
        "dvar": [9.32120656216e-06, 3.09110509988e-05, 1.24879979921e-05, 4.20556943936e-06, 9.89920536654e-08, 6.48186215813e-08, 2.39597337526e-08, 4.31561559822e-08, 3.86337184466e-08, 2.76629847917e-08, 1.65420708242e-08, 6.42909547821e-09, 1.00158610294e-08, 1.78325632039e-09, 1.55305235339e-09, 8.89958440276e-10, 8.54992798782e-10, 4.51196718876e-10, 3.44189454715e-10, 1.9229831616e-10, 9.64685067939e-11, 1.84357112909e-10, 6.20981530086e-11, 6.01433625125e-11, 1.51552950745e-10, 1.23688947973e-10, 6.97749497069e-11, 6.11760295199e-11, 4.23292199903e-11, 4.07020285531e-11, 3.19966622642e-11, 2.38830240307e-11, 3.30391269898e-11, 1.25511953261e-11, 4.09216688313e-11, 3.3380350567e-11, 1.47139730955e-11, 1.07463430515e-11, 1.26839537137e-11, 4.6088580001e-12],
        "dvar2": [2.069637776e-05, 7.5500967796e-05, 3.24938409904e-05, 1.1829954019e-05, 2.70691657533e-07, 1.47177061649e-07, 5.09492252831e-08, 8.65766125457e-08, 6.91963180088e-08, 5.17991800564e-08, 2.93261379625e-08, 1.21376464435e-08, 2.22570317732e-08, 3.48533513161e-09, 3.05995961902e-09, 2.04646433133e-09, 1.83170223433e-09, 1.00415575854e-09, 7.99162569454e-10, 4.27546442694e-10, 2.19130186219e-10, 4.51212095465e-10, 1.59560850643e-10, 1.4206615051e-10, 3.94108967683e-10, 3.09259173825e-10, 1.62182947627e-10, 1.34532829321e-10, 9.94311091795e-11, 9.7349919792e-11, 7.59491289304e-11, 5.27029808683e-11, 7.13512027239e-11, 2.83139622859e-11, 9.46173972505e-11, 7.13959030785e-11, 2.92117718903e-11, 2.05424774413e-11, 2.93062935031e-11, 1.01233466054e-11],
        "max": [0.0284829009324, 0.047534160316, 0.0308800470084, 0.0154197821394, 0.00379291269928, 0.00657048681751, 0.00332913710736, 0.0046109687537, 0.00627762265503, 0.00418607937172, 0.00357471266761, 0.00201945169829, 0.00244239391759, 0.0010497343028, 0.000789570913184, 0.000819689128548, 0.000767796300352, 0.000574144010898, 0.000414017733419, 0.000229310317081, 0.000193269428564, 0.000268039177172, 0.000121629040223, 0.000119600299513, 0.000217020351556, 0.000199709786102, 0.00021283022943, 0.000139988987939, 0.000109671876999, 0.000125687030959, 0.000111899964395, 5.13699269504e-05, 7.45292636566e-05, 4.4068430725e-05, 9.38549492275e-05, 9.5126364613e-05, 6.97438372299e-05, 4.45770128863e-05, 3.72878057533e-05, 2.85186742985e-05],
        "mean": [0.00362462061457, 0.0106198694557, 0.00471878331155, 0.00143305317033, 0.000455615634564, 0.000331112503773, 0.000169171282323, 0.000143383367686, 0.000170975035871, 0.000192665378563, 9.06509812921e-05, 5.49220021639e-05, 6.27003246336e-05, 3.94019516534e-05, 3.03639844788e-05, 2.47841653618e-05, 1.91357758013e-05, 1.84005566553e-05, 1.38040104503e-05, 9.91481920209e-06, 8.37823245092e-06, 1.14423264677e-05, 7.49099535824e-06, 8.4860730567e-06, 8.07325432106e-06, 7.72027851781e-06, 6.1662058215e-06, 8.29739929031e-06, 8.53820347402e-06, 8.24431026558e-06, 5.20992671227e-06, 4.8169904403e-06, 5.418668934e-06, 3.06289052787e-06, 3.98484280595e-06, 4.03474223276e-06, 3.73357647732e-06, 3.52735355591e-06, 3.3594751585e-06, 2.34365211327e-06],
        "median": [0.00156715791672, 0.00883556157351, 0.0032476070337, 0.000855433405377, 0.000332270923536, 0.000144894715049, 8.04513110779e-05, 4.8071728088e-05, 4.93368024763e-05, 5.13743470947e-05, 2.2285448722e-05, 1.4042915609e-05, 1.52578850248e-05, 1.48537237692e-05, 9.53567359829e-06, 7.02241959516e-06, 5.16066756973e-06, 6.04586057307e-06, 4.730611181e-06, 3.11684016197e-06, 3.30383750224e-06, 4.30153704656e-06, 2.41654174715e-06, 3.37486471835e-06, 3.31431169798e-06, 2.98113218378e-06, 3.11507324113e-06, 4.86236422148e-06, 5.09759411216e-06, 4.84393694933e-06, 2.51117330663e-06, 2.22780590775e-06, 2.20673791773e-06, 1.27464613797e-06, 1.40693964568e-06, 1.52708059886e-06, 1.6074307041e-06, 1.71580870756e-06, 1.51660105985e-06, 1.04735931927e-06],
        "min": [2.21962204172e-09, 4.87547779926e-08, 9.64313855434e-08, 1.73805858594e-08, 1.21274634779e-08, 3.9811243191e-09, 5.0724396905e-10, 3.22543186604e-10, 3.26155047414e-10, 1.16458551136e-10, 4.16625067778e-11, 1.98848524452e-11, 5.33699993921e-11, 7.72383615399e-11, 4.10816103358e-11, 2.2564301122e-11, 9.67421073805e-11, 9.14034681276e-11, 4.96260220417e-11, 1.64571446748e-11, 2.60174590205e-11, 1.57439009746e-11, 1.95664318081e-11, 7.28703729302e-12, 1.46946534801e-11, 1.12085523155e-11, 1.74974635475e-11, 2.75095432545e-11, 2.18793230061e-11, 2.29702212112e-11, 5.19924381326e-12, 8.47409295512e-12, 1.09505408213e-11, 7.01312315513e-12, 7.13597930746e-12, 9.98305778321e-12, 1.5355742719e-11, 1.35844295882e-11, 9.19964798785e-12, 3.74967374858e-12],
        "var": [2.31188150792e-05, 5.30785582669e-05, 1.78862082976e-05, 3.39242524205e-06, 1.70729578031e-07, 3.92845834085e-07, 6.84204906065e-08, 9.30322059389e-08, 1.73101042833e-07, 1.81210339179e-07, 5.89481636837e-08, 2.10675406009e-08, 3.63172922846e-08, 7.1861565587e-09, 4.47464865161e-09, 4.12852907417e-09, 2.08022954418e-09, 1.74930359087e-09, 8.00464583506e-10, 3.67895852671e-10, 1.97565755422e-10, 5.04447372762e-10, 1.60888788403e-10, 1.55249757494e-10, 1.9500054349e-10, 1.77085540676e-10, 9.72935343402e-11, 1.0012556062e-10, 1.08090369988e-10, 9.98289645393e-11, 5.4101431668e-11, 4.04236887019e-11, 5.37332053852e-11, 1.81603551641e-11, 4.86336838856e-11, 4.26100509043e-11, 2.40376520771e-11, 2.0046410712e-11, 1.8909001101e-11, 8.78262653575e-12]
    },
    "mfcc": {
        "mean": [-630.326904297, 102.661064148, 49.0456771851, 36.1139450073, 12.7330770493, 13.3265523911, 11.4921197891, 2.76990222931, 4.48413610458, 1.93560147285, -3.36995100975, 0.00304125086404, -6.33325958252],
        "cov": [[3631.25976562, -439.049926758, -837.499328613, -551.615234375, -376.956573486, -214.28616333, 80.4912033081, 16.4682102203, 95.5718688965, 77.9659576416, 86.6410064697, 5.31181955338, -15.184047699], [-439.049926758, 838.624023438, -117.178962708, -57.106098175, -56.0951652527, -11.1357049942, 138.62550354, -42.9332084656, 27.4349899292, 33.1980628967, -5.04013109207, -3.68807530403, -36.1092643738], [-837.499328613, -117.178962708, 539.496520996, 165.305511475, 112.9165802, 80.4499816895, -77.5141983032, 8.17357444763, -49.9280853271, -30.0283660889, 6.66828489304, 11.9449806213, 36.3055419922], [-551.615234375, -57.106098175, 165.305511475, 362.112121582, 189.79335022, -20.4899177551, -104.972930908, 1.41968739033, 17.7265605927, -58.6296615601, -43.6911659241, 56.1636924744, 11.1779785156], [-376.956573486, -56.0951652527, 112.9165802, 189.79335022, 205.035964966, 28.0096149445, -59.5075111389, 9.43923282623, 23.8762283325, -24.590423584, -13.2038583755, 22.5342540741, 23.2512054443], [-214.28616333, -11.1357049942, 80.4499816895, -20.4899177551, 28.0096149445, 146.009765625, 58.4043617249, 15.7266607285, -24.9650936127, 22.2591781616, 12.3398160934, -31.5931510925, 10.3776721954], [80.4912033081, 138.62550354, -77.5141983032, -104.972930908, -59.5075111389, 58.4043617249, 185.405395508, 25.3352222443, 16.1939811707, 56.0790367126, 40.9637451172, -11.6396989822, -1.61997532845], [16.4682102203, -42.9332084656, 8.17357444763, 1.41968739033, 9.43923282623, 15.7266607285, 25.3352222443, 84.9200134277, 19.1174755096, -4.16754817963, 12.1186180115, 8.80792427063, 21.0478935242], [95.5718688965, 27.4349899292, -49.9280853271, 17.7265605927, 23.8762283325, -24.9650936127, 16.1939811707, 19.1174755096, 106.918647766, 38.4072036743, 16.8345222473, 32.6750259399, 6.16328716278], [77.9659576416, 33.1980628967, -30.0283660889, -58.6296615601, -24.590423584, 22.2591781616, 56.0790367126, -4.16754817963, 38.4072036743, 99.6003036499, 49.2528190613, -15.6214036942, -3.61063241959], [86.6410064697, -5.04013109207, 6.66828489304, -43.6911659241, -13.2038583755, 12.3398160934, 40.9637451172, 12.1186180115, 16.8345222473, 49.2528190613, 91.0912094116, 28.4269962311, 1.15624189377], [5.31181955338, -3.68807530403, 11.9449806213, 56.1636924744, 22.5342540741, -31.5931510925, -11.6396989822, 8.80792427063, 32.6750259399, -15.6214036942, 28.4269962311, 109.855880737, 22.2900276184], [-15.184047699, -36.1092643738, 36.3055419922, 11.1779785156, 23.2512054443, 10.3776721954, -1.61997532845, 21.0478935242, 6.16328716278, -3.61063241959, 1.15624189377, 22.2900276184, 63.7825965881]],
