{
"lowlevel": {
    "average_loudness": 0.979534327984,
    "barkbands_crest": {
        "dmean": 3.42892503738,
        "dmean2": 5.19136857986,
        "dvar": 8.59915924072,
        "dvar2": 18.5164241791,
        "max": 25.9107704163,
        "mean": 13.0503139496,
        "median": 11.9488239288,
        "min": 2.87569975853,
        "var": 26.7317008972
    },
    "barkbands_flatness_db": {
        "dmean": 0.0368761755526,
        "dmean2": 0.0544378124177,
        "dvar": 0.00109213101678,
        "dvar2": 0.00239751627669,
        "max": 0.50082218647,
        "mean": 0.228326797485,
        "median": 0.218912705779,
        "min": 0.0788948386908,
        "var": 0.00422473018989
    },
    "barkbands_kurtosis": {
        "dmean": 7.83088970184,
        "dmean2": 12.5229902267,
        "dvar": 532.541442871,
        "dvar2": 1428.78674316,
        "max": 824.752563477,
        "mean": 11.1795301437,
        "median": 5.20046138763,
        "min": -1.96898150444,
        "var": 547.274597168
    },
    "barkbands_skewness": {
        "dmean": 0.888271987438,
        "dmean2": 1.35201931,
        "dvar": 1.05980861187,
        "dvar2": 2.50134110451,
        "max": 25.4027175903,
        "mean": 2.421251297,
        "median": 2.09431791306,
        "min": -2.01293683052,
        "var": 3.14732074738
    },
    "barkbands_spread": {
        "dmean": 5.2979016304,
        "dmean2": 8.13041877747,
        "dvar": 52.9665908813,
        "dvar2": 102.204826355,
        "max": 117.696273804,
        "mean": 14.4989976883,
        "median": 12.106795311,
        "min": 0.249885976315,
        "var": 148.141220093
    },
    "dissonance": {
        "dmean": 0.0250865276903,
        "dmean2": 0.0408697202802,
        "dvar": 0.00052159948973,
        "dvar2": 0.00135243090335,
        "max": 0.500000059605,
        "mean": 0.4470076859,
        "median": 0.45443880558,
        "min": 0.248496592045,
        "var": 0.0012416044483
    },
    "dynamic_complexity": 2.58413505554,
    "erbbands_crest": {
        "dmean": 3.36510324478,
        "dmean2": 5.37721681595,
        "dvar": 9.95584201813,
        "dvar2": 23.9178371429,
        "max": 32.9013671875,
        "mean": 10.7741575241,
        "median": 9.13920402527,
        "min": 2.57406187057,
        "var": 33.2729187012
    },
    "erbbands_flatness_db": {
        "dmean": 0.0244843699038,
        "dmean2": 0.0337952189147,
        "dvar": 0.000507784832735,
        "dvar2": 0.00103185523767,
        "max": 0.417961806059,
        "mean": 0.208349004388,
        "median": 0.203744277358,
        "min": 0.109403945506,
        "var": 0.00265579298139
    },
    "erbbands_kurtosis": {
        "dmean": 1.35159385204,
        "dmean2": 2.1383972168,
        "dvar": 4.8171620369,
        "dvar2": 10.9552669525,
        "max": 34.077507019,
        "mean": 0.547544658184,
        "median": -0.336434364319,
        "min": -1.76571309566,
        "var": 8.44603824615
    },
    "erbbands_skewness": {
        "dmean": 0.509849190712,
        "dmean2": 0.769153833389,
        "dvar": 0.251098126173,
        "dvar2": 0.540459811687,
        "max": 5.55428600311,
        "mean": 0.446443498135,
        "median": 0.369854688644,
        "min": -4.10352420807,
        "var": 0.823689997196
    },
    "erbbands_spread": {
        "dmean": 9.88275814056,
        "dmean2": 14.6306886673,
        "dvar": 114.307098389,
        "dvar2": 238.192489624,
        "max": 157.946517944,
        "mean": 39.6586456299,
        "median": 35.6308135986,
        "min": 3.71757817268,
        "var": 462.3855896
    },
    "hfc": {
        "dmean": 5.97248935699,
        "dmean2": 9.01232719421,
        "dvar": 86.1001281738,
        "dvar2": 208.374542236,
        "max": 110.777282715,
        "mean": 15.1409893036,
        "median": 11.8360977173,
        "min": 5.87235663261e-05,
        "var": 182.100296021
    },
    "melbands_crest": {
        "dmean": 3.8921892643,
        "dmean2": 6.40057134628,
        "dvar": 11.6723175049,
        "dvar2": 28.8692245483,
        "max": 38.1403656006,
        "mean": 17.5345611572,
        "median": 17.10405159,
        "min": 3.31545996666,
        "var": 32.3535118103
    },
    "melbands_flatness_db": {
        "dmean": 0.0442806556821,
        "dmean2": 0.0625242367387,
        "dvar": 0.00166339124553,
        "dvar2": 0.00339896650985,
        "max": 0.62905138731,
        "mean": 0.275613516569,
        "median": 0.265222162008,
        "min": 0.0644444674253,
        "var": 0.00754944467917
    },
    "melbands_kurtosis": {
        "dmean": 16.5229511261,
        "dmean2": 26.0128917694,
        "dvar": 751.359191895,
        "dvar2": 1847.47192383,
        "max": 502.991363525,
        "mean": 28.4633598328,
        "median": 14.6458683014,
        "min": -1.70297932625,
        "var": 1488.52880859
    },
    "melbands_skewness": {
        "dmean": 1.16926467419,
        "dmean2": 1.77852296829,
        "dvar": 1.50837147236,
        "dvar2": 3.32148456573,
        "max": 19.7585983276,
        "mean": 3.69538784027,
        "median": 3.21174669266,
        "min": -0.998201131821,
        "var": 5.76104593277
    },
    "melbands_spread": {
        "dmean": 6.34843540192,
        "dmean2": 9.83399391174,
        "dvar": 174.648117065,
        "dvar2": 334.453582764,
        "max": 250.301727295,
        "mean": 14.7033834457,
        "median": 10.8262166977,
        "min": 0.342813283205,
        "var": 299.876739502
    },
    "pitch_salience": {
        "dmean": 0.0953032374382,
        "dmean2": 0.142865583301,
        "dvar": 0.00714286975563,
        "dvar2": 0.016109040007,
        "max": 0.866502285004,
        "mean": 0.459709107876,
        "median": 0.466941952705,
        "min": 0.0524904169142,
        "var": 0.0196848604828
    },
    "silence_rate_20dB": {
        "dmean": 0,
        "dmean2": 0,
        "dvar": 0,
        "dvar2": 0,
        "max": 1,
        "mean": 1,
        "median": 1,
        "min": 1,
        "var": 0
    },
    "silence_rate_30dB": {
        "dmean": 0.0712625905871,
        "dmean2": 0.142580389977,
        "dvar": 0.0661857947707,
        "dvar2": 0.187339559197,
        "max": 1,
        "mean": 0.951993823051,
        "median": 1,
        "min": 0,
        "var": 0.045701276511
    },
    "silence_rate_60dB": {
        "dmean": 0.0286599528044,
        "dmean2": 0.0573421157897,
        "dvar": 0.0278384871781,
        "dvar2": 0.0641261860728,
        "max": 1,
        "mean": 0.0491676330566,
        "median": 0,
        "min": 0,
        "var": 0.0467511080205
    },
    "spectral_centroid": {
        "dmean": 258.470947266,
        "dmean2": 391.554107666,
        "dvar": 106870.085938,
        "dvar2": 209338.84375,
        "max": 5898.08886719,
        "mean": 980.048461914,
        "median": 890.671203613,
        "min": 148.700576782,
        "var": 318186.15625
    },
    "spectral_complexity": {
        "dmean": 3.84508132935,
        "dmean2": 5.69972896576,
        "dvar": 28.7985534668,
        "dvar2": 56.6362190247,
        "max": 62,
        "mean": 13.9241189957,
        "median": 12,
        "min": 0,
        "var": 67.2098236084
    },
    "spectral_decrease": {
        "dmean": 4.34345137634e-09,
        "dmean2": 6.96699808955e-09,
        "dvar": 3.25353593759e-17,
        "dvar2": 7.54194496641e-17,
        "max": -8.61440638874e-14,
        "mean": -1.04604440665e-08,
        "median": -8.07396371982e-09,
        "min": -4.79189026237e-08,
        "var": 7.7240530796e-17
    },
    "spectral_energy": {
        "dmean": 0.0167612358928,
        "dmean2": 0.0268981792033,
        "dvar": 0.000479634152725,
        "dvar2": 0.00110943126492,
        "max": 0.183429270983,
        "mean": 0.040853459388,
        "median": 0.0317125320435,
        "min": 3.3045293435e-07,
        "var": 0.00114569661673
    },
    "spectral_energyband_high": {
        "dmean": 0.000307079637423,
        "dmean2": 0.000432059925515,
        "dvar": 6.00697433129e-07,
        "dvar2": 1.29713168917e-06,
        "max": 0.0106650786474,
        "mean": 0.000459271250293,
        "median": 9.80562617769e-05,
        "min": 1.65747437997e-09,
        "var": 1.23133975194e-06
    },
    "spectral_energyband_low": {
        "dmean": 0.0128108086064,
        "dmean2": 0.0201481990516,
        "dvar": 0.000395863258746,
        "dvar2": 0.000929105444811,
        "max": 0.172201603651,
        "mean": 0.0246374718845,
        "median": 0.0150907961652,
        "min": 1.27226984503e-08,
        "var": 0.000852684141137
    },
    "spectral_energyband_middle_high": {
        "dmean": 0.00138837844133,
        "dmean2": 0.00220355857164,
        "dvar": 4.58288923255e-06,
        "dvar2": 1.21959392345e-05,
        "max": 0.0385938733816,
        "mean": 0.00310148322023,
        "median": 0.00198850920424,
        "min": 1.36048896593e-08,
        "var": 1.07536125142e-05
    },
    "spectral_energyband_middle_low": {
        "dmean": 0.00825510360301,
        "dmean2": 0.0127485496923,
        "dvar": 0.000148208098835,
        "dvar2": 0.000364948617062,
        "max": 0.137729376554,
        "mean": 0.0144652510062,
        "median": 0.010090585798,
        "min": 6.11679951135e-08,
        "var": 0.000225345705985
    },
    "spectral_entropy": {
        "dmean": 0.27920460701,
        "dmean2": 0.386483341455,
        "dvar": 0.0818365886807,
        "dvar2": 0.152478531003,
        "max": 8.72419261932,
        "mean": 7.11078214645,
        "median": 7.15894174576,
        "min": 4.90495061874,
        "var": 0.344455569983
    },
    "spectral_flux": {
        "dmean": 0.0367932654917,
        "dmean2": 0.0608573891222,
        "dvar": 0.00150889018551,
        "dvar2": 0.00312865106389,
        "max": 0.351140141487,
        "mean": 0.103656448424,
        "median": 0.0867685452104,
        "min": 0.000574850360863,
        "var": 0.00399513216689
    },
    "spectral_kurtosis": {
        "dmean": 4.0964179039,
        "dmean2": 6.76427030563,
        "dvar": 38.4161071777,
        "dvar2": 99.6102752686,
        "max": 97.1701812744,
        "mean": 6.22640037537,
        "median": 4.27164983749,
        "min": -1.40752255917,
        "var": 53.9231567383
    },
    "spectral_rms": {
        "dmean": 0.00124959624372,
        "dmean2": 0.0019408777589,
        "dvar": 1.85479586889e-06,
        "dvar2": 3.84614122595e-06,
        "max": 0.0133774206042,
        "mean": 0.00574854947627,
        "median": 0.00556228868663,
        "min": 1.7955308067e-05,
        "var": 6.81123265167e-06
    },
    "spectral_rolloff": {
        "dmean": 386.916564941,
        "dmean2": 664.99395752,
        "dvar": 818207.4375,
        "dvar2": 1543004,
        "max": 9560.7421875,
        "mean": 850.538452148,
        "median": 516.796875,
        "min": 43.06640625,
        "var": 1459285.125
    },
    "spectral_skewness": {
        "dmean": 0.428421467543,
        "dmean2": 0.661269783974,
        "dvar": 0.239377349615,
        "dvar2": 0.559583485126,
        "max": 7.7065448761,
        "mean": 1.66436207294,
        "median": 1.56505382061,
        "min": -0.196989715099,
        "var": 0.628667891026
    },
    "spectral_spread": {
        "dmean": 662626.375,
        "dmean2": 909792.375,
        "dvar": 647979008000,
        "dvar2": 1.17016376115e+12,
        "max": 12035733,
        "mean": 3679407.25,
        "median": 3329794.5,
        "min": 879665.1875,
        "var": 2.15839145984e+12
    },
    "spectral_strongpeak": {
        "dmean": 0.444218695164,
        "dmean2": 0.737690269947,
        "dvar": 0.448012560606,
        "dvar2": 1.04287397861,
        "max": 9.18921089172,
        "mean": 0.816950023174,
        "median": 0.525335609913,
        "min": 0,
        "var": 0.912820458412
    },
    "zerocrossingrate": {
        "dmean": 0.00986036937684,
        "dmean2": 0.0109370462596,
        "dvar": 0.000222235772526,
        "dvar2": 0.000216688567889,
        "max": 0.31640625,
        "mean": 0.0374301709235,
        "median": 0.03173828125,
        "min": 0.0029296875,
        "var": 0.000928944500629
    },
    "barkbands": {
        "dmean": [0.000493298401125, 0.0106283454224, 0.00490783993155, 0.00322453654371, 0.00301830330864, 0.00111175188795, 0.00159154110588, 0.00140813493636, 0.00042904651491, 0.000268110801699, 0.000268067087745, 0.000239515211433, 0.000173125954461, 0.000198918962269, 0.000217205815716, 0.000312975578709, 0.000222100847168, 0.000157343121828, 8.63351087901e-05, 8.05057570687e-05, 7.0984919148e-05, 7.47870653868e-05, 7.26894722902e-05, 6.79207150824e-05, 1.29563068185e-05, 1.52491903549e-08, 5.19753662331e-09],
        "dmean2": [0.000781382957939, 0.0170129518956, 0.0077030393295, 0.00512833241373, 0.0049733123742, 0.00182861415669, 0.00244211638346, 0.00198101624846, 0.000681380042806, 0.000440722418716, 0.000438234652393, 0.000385689985706, 0.00029593880754, 0.00032418340561, 0.000371945934603, 0.000505219795741, 0.000364203733625, 0.000255421735346, 0.000137380789965, 0.000127826060634, 0.000108237589302, 0.000110805944132, 0.000100603690953, 9.47643784457e-05, 1.83411630132e-05, 2.42819648832e-08, 9.52236156593e-09],
        "dvar": [1.23423285459e-06, 0.000333575881086, 9.41478210734e-05, 4.46808953711e-05, 3.0175111533e-05, 4.52272934126e-06, 1.81663290277e-05, 1.13216074169e-05, 9.17756381114e-07, 4.6121874675e-07, 5.79862501127e-07, 7.45515421841e-07, 3.49420503198e-07, 1.77827160996e-07, 3.41445058893e-07, 4.22179482484e-07, 3.17818035001e-07, 9.20965916862e-08, 3.7302232414e-08, 4.98586096853e-08, 4.55796858034e-08, 4.1329158762e-08, 5.61386919173e-08, 3.97878849867e-08, 3.20286597244e-09, 5.24351129668e-15, 1.95856336723e-15],
        "dvar2": [3.00007718579e-06, 0.000855827063788, 0.000209923106013, 0.000107034124085, 7.94366642367e-05, 1.11244144136e-05, 4.20661999669e-05, 2.10914367926e-05, 2.17904312194e-06, 1.07556877538e-06, 1.46864567796e-06, 1.7189903474e-06, 1.05310414256e-06, 4.19585489908e-07, 1.00653517165e-06, 1.05508559045e-06, 8.91832996786e-07, 2.35870246001e-07, 9.66536433111e-08, 1.27028314978e-07, 1.16615240131e-07, 9.7605386884e-08, 1.02375018685e-07, 7.43602157627e-08, 5.81512393794e-09, 1.27930028767e-14, 6.04357160833e-15],
        "max": [0.0209632236511, 0.161538213491, 0.0754326730967, 0.078570201993, 0.0448731631041, 0.02463779971, 0.0933436080813, 0.0649493560195, 0.0236520860344, 0.0142116248608, 0.0140647683293, 0.0326523296535, 0.0178516414016, 0.0068453704007, 0.015142949298, 0.012416806072, 0.00912999082357, 0.00378010421991, 0.00278250710107, 0.00292619573884, 0.00270812259987, 0.00227709347382, 0.0050202650018, 0.00403230031952, 0.00127465149853, 1.51301389906e-06, 1.40396832649e-06],
        "mean": [0.00101784570143, 0.015513068065, 0.00632549915463, 0.00400020368397, 0.00365658779629, 0.00134718685877, 0.00224695424549, 0.00253233546391, 0.00062688998878, 0.000386650848668, 0.000381024932722, 0.00035032586311, 0.000239739019889, 0.000273830984952, 0.000284920475679, 0.000456463109003, 0.000321480387356, 0.000244011098403, 0.000127968887682, 0.000105618106318, 9.02418032638e-05, 9.81257544481e-05, 0.000118258212751, 9.25417116378e-05, 1.56604783115e-05, 1.58937663031e-08, 3.57453355804e-09],
        "median": [7.88108591223e-05, 0.00591403292492, 0.00158273545094, 0.00117704388686, 0.00116679247003, 0.000352039700374, 0.000263926631305, 0.000189202313777, 0.000299779116176, 0.000153970278916, 8.48618001328e-05, 0.000138126692036, 7.66759549151e-05, 0.000110184104415, 0.000116871611681, 0.00013918345212, 0.000100499579275, 0.000100348348496, 4.9046917411e-05, 2.82703058474e-05, 2.17584201891e-05, 1.4073222701e-05, 1.33966832436e-05, 1.52818520291e-05, 1.79429287073e-06, 2.65911537234e-09, 4.71515715361e-10],
        "min": [3.36731709183e-09, 6.1382769978e-09, 4.15167927814e-10, 2.50665177504e-09, 1.27581190057e-08, 2.92028428106e-08, 2.77049982955e-09, 3.52465123754e-09, 3.80335452022e-09, 6.90956758476e-09, 2.09492556635e-09, 8.27847457252e-10, 7.23093307453e-10, 1.31930033564e-09, 4.26270491127e-10, 1.09135755988e-10, 5.47830170117e-10, 7.93605292593e-10, 2.30738164686e-10, 1.3223334927e-10, 4.99577705593e-11, 2.74959000013e-10, 3.96566335326e-10, 2.79643287693e-11, 1.91978585806e-11, 4.78858662792e-12, 6.45390338394e-12],
        "var": [7.4298304753e-06, 0.000504905241542, 0.000127559862449, 5.03705450683e-05, 3.36918674293e-05, 6.56744896332e-06, 3.91711691918e-05, 4.09054591728e-05, 1.19440448998e-06, 7.04694514297e-07, 1.07798734916e-06, 1.3077959693e-06, 6.52660560263e-07, 2.71820255193e-07, 3.89046704186e-07, 8.3208436763e-07, 4.59091921812e-07, 1.46202040696e-07, 4.87695466234e-08, 5.37451292359e-08, 4.74840646802e-08, 6.36372732288e-08, 1.65563122323e-07, 7.97831987143e-08, 4.75383332699e-09, 5.36414276441e-15, 1.05330643398e-15]
    },
    "erbbands": {
        "dmean": [0.283697962761, 2.58170795441, 4.9865193367, 8.41875362396, 10.4654989243, 10.1918811798, 10.4166936874, 9.63490581512, 20.4995861053, 23.0195846558, 28.1817760468, 9.68313884735, 9.09698390961, 9.25980377197, 11.2977905273, 7.60801267624, 7.49075031281, 9.0985212326, 8.91800689697, 12.5137872696, 20.5038509369, 9.75472545624, 8.48192214966, 5.5064291954, 3.82813286781, 3.84996461868, 2.9149928093, 2.98076200485, 2.7906165123, 2.24078083038, 2.12873291969, 1.54340898991, 1.04060518742, 0.302888274193, 0.021347310394, 0.00096309708897, 6.30045615253e-05, 1.11103181553e-05, 9.43879149418e-06, 1.87803925655e-05],
        "dmean2": [0.441223978996, 4.11547660828, 7.75220870972, 13.7509508133, 16.5049037933, 16.9580364227, 17.8407344818, 15.6315670013, 31.5289955139, 36.3812217712, 37.7786178589, 14.751789093, 14.8785419464, 15.0958843231, 18.476102829, 12.0575437546, 12.5914573669, 14.6273880005, 14.9545116425, 21.3160667419, 33.375579834, 15.8617601395, 13.7411689758, 8.92171382904, 5.99025821686, 6.17535352707, 4.49093818665, 4.62780857086, 4.29772377014, 3.21063137054, 2.93143582344, 2.10398602486, 1.45199918747, 0.419875085354, 0.0323824323714, 0.00143285456579, 8.96036071936e-05, 1.62617470778e-05, 1.49241004692e-05, 3.01425316138e-05],
        "dvar": [0.24091784656, 19.5092906952, 89.8766555786, 287.335418701, 361.729095459, 442.637939453, 463.894744873, 356.723907471, 4426.52148438, 2660.36889648, 5032.43701172, 428.323150635, 433.683959961, 447.990936279, 805.557006836, 559.523010254, 658.059204102, 471.541442871, 252.75440979, 1541.4263916, 1891.4765625, 310.62210083, 265.438018799, 121.583328247, 78.4854354858, 115.163551331, 75.824005127, 87.6736602783, 68.0755615234, 34.0750617981, 55.8854751587, 18.4338130951, 12.1808376312, 1.5176409483, 0.010240313597, 1.9912245989e-05, 5.30881472116e-08, 1.59874113947e-09, 1.95717594909e-10, 5.90423376856e-10],
        "dvar2": [0.600743472576, 50.7906227112, 195.667739868, 719.678588867, 908.384521484, 1168.81213379, 1236.06079102, 839.872314453, 10445.0683594, 6734.88720703, 7975.03759766, 974.083007812, 1067.12683105, 1082.72802734, 2007.3848877, 1158.78344727, 1956.83666992, 1061.80395508, 672.862304688, 4446.52246094, 4823.84521484, 830.87109375, 667.412109375, 313.405853271, 197.897598267, 295.522583008, 192.562454224, 228.670883179, 166.681549072, 73.2721786499, 99.4400100708, 32.5585403442, 22.8884735107, 2.71740722656, 0.0205382443964, 3.95006245526e-05, 1.05158513009e-07, 3.7741090253e-09, 4.61048366152e-10, 1.36060473999e-09],
        "max": [4.38626718521, 38.0161323547, 90.0168991089, 176.388977051, 246.179550171, 239.101776123, 185.865280151, 296.081512451, 1522.9888916, 750.63079834, 1619.35620117, 617.51940918, 281.133239746, 420.456848145, 579.54486084, 858.371582031, 736.475830078, 385.280975342, 210.813278198, 1018.22875977, 797.638977051, 209.865615845, 215.316833496, 140.521240234, 117.154754639, 139.32472229, 121.388771057, 130.938186646, 97.479888916, 121.038078308, 163.127990723, 78.8322372437, 77.5990982056, 27.4814186096, 2.19805979729, 0.0983480960131, 0.00499644316733, 0.00101880659349, 0.00028529795236, 0.000199930800591],
        "mean": [0.395528048277, 3.65511989594, 7.5138926506, 10.8991518021, 13.4536571503, 11.3059511185, 11.2032413483, 12.7092027664, 30.550567627, 33.4378890991, 55.3274536133, 16.2289886475, 13.2734870911, 14.536067009, 16.7483692169, 11.86465168, 10.9860801697, 12.928771019, 13.4396429062, 17.1945610046, 30.7562522888, 16.1033115387, 14.1665487289, 8.72473526001, 5.79854297638, 5.08610630035, 3.73915719986, 3.63480353355, 3.48151826859, 3.32934570312, 3.47796583176, 2.21191000938, 1.35702931881, 0.377502292395, 0.0216908305883, 0.00104093214031, 8.65041511133e-05, 1.57470221893e-05, 2.27383970923e-05, 4.6748049499e-05],
        "median": [0.111639276147, 1.24246060848, 2.68773150444, 3.60499310493, 4.13347434998, 2.9954969883, 2.81874227524, 3.56195092201, 4.25737142563, 6.86758947372, 5.67424154282, 7.77574157715, 6.03151607513, 6.33259105682, 6.22587299347, 5.38142871857, 4.16320228577, 5.39378261566, 7.37581682205, 6.58728408813, 9.41954612732, 7.09234142303, 6.04001617432, 4.00389003754, 2.27590584755, 1.43429493904, 1.05004119873, 0.69919192791, 0.489631384611, 0.487325102091, 0.379275649786, 0.332266539335, 0.218628406525, 0.051610250026, 0.00164368806873, 0.000115567265311, 2.57955762208e-05, 5.0667913456e-06, 1.69673421624e-05, 3.62308492186e-05],
        "min": [3.86259898733e-07, 5.82941595439e-07, 1.45123613038e-06, 1.05368162622e-05, 3.93836708099e-05, 3.2176671084e-05, 9.7419557278e-05, 0.000294882920571, 8.3042687038e-05, 5.23272647115e-05, 0.000105633487692, 7.08808584022e-05, 0.000128367682919, 0.000211218954064, 6.53349270578e-05, 3.02304069919e-05, 3.8133275666e-05, 7.46039149817e-05, 2.71879780485e-05, 1.31440310724e-05, 1.49540410348e-05, 2.58606451098e-05, 2.61079439952e-05, 3.79601624445e-05, 1.04852106233e-05, 7.15463829692e-06, 2.23913571062e-06, 2.58252975982e-06, 9.58490181802e-06, 9.95574828266e-06, 1.18938232845e-05, 3.13416899189e-06, 9.35304797167e-06, 2.88482488031e-06, 1.88141115132e-07, 2.57180481356e-08, 8.81789929963e-09, 3.61166718754e-09, 1.19110565855e-09, 4.49104781142e-10],
        "var": [0.371453851461, 29.1616096497, 138.752975464, 330.286651611, 451.653594971, 500.775512695, 459.228668213, 593.185180664, 9787.90722656, 4490.47753906, 23785.2519531, 725.596618652, 586.197937012, 721.153808594, 1397.50878906, 1140.87011719, 1337.96472168, 741.589782715, 349.307312012, 1804.71740723, 3661.27514648, 537.651367188, 453.822631836, 186.693283081, 98.6347198486, 123.583129883, 77.2399520874, 88.9051818848, 86.8649139404, 87.9030075073, 161.664657593, 46.9342002869, 20.4163818359, 2.34948158264, 0.0124486098066, 2.49071763392e-05, 7.69169758996e-08, 2.14122808373e-09, 4.11958578361e-10, 1.42861489305e-09]
    },
    "gfcc": {
        "mean": [-53.9551620483, 145.488616943, -139.703140259, 54.3380203247, -56.4417991638, 18.7223072052, -27.6939849854, 1.7260696888, 4.67130804062, -23.0797939301, 6.63176059723, -19.7905902863, 6.0307264328],
        "cov": [[5235.3828125, -722.198120117, 201.398986816, 953.735595703, -498.659942627, 277.299194336, -407.98828125, -8.14347839355, 40.4438972473, 70.1775360107, 32.4277534485, -137.458694458, -84.2966003418], [-722.198120117, 1355.77990723, 247.483581543, -122.991264343, 616.998291016, -325.968261719, 369.40927124, -177.361129761, -35.2087211609, -146.125473022, -34.1209068298, -73.832862854, -2.93008756638], [201.398986816, 247.483581543, 1031.54516602, 361.929901123, 141.84147644, 278.809875488, 52.8479194641, -91.8470458984, -105.513069153, -90.0902252197, -85.3486251831, -27.74193573, -26.7866516113], [953.735595703, -122.991264343, 361.929901123, 605.895141602, 56.3658790588, 204.601379395, 62.1602363586, -91.0635986328, -12.9529953003, -19.9042892456, -29.9299030304, -15.1089515686, -2.1731967926], [-498.659942627, 616.998291016, 141.84147644, 56.3658790588, 610.939758301, -64.3745498657, 360.125518799, 2.42910408974, 39.2323493958, -24.9008522034, -23.6970291138, -9.55675983429, 11.1671590805], [277.299194336, -325.968261719, 278.809875488, 204.601379395, -64.3745498657, 426.741729736, 20.9945030212, 12.2438879013, 1.19931650162, 25.3931694031, 6.74588823318, 27.4132900238, 20.9523410797], [-407.98828125, 369.40927124, 52.8479194641, 62.1602363586, 360.125518799, 20.9945030212, 426.353515625, 25.0799694061, 84.8549118042, 20.3747005463, 4.45806312561, 21.7610759735, 31.4950256348], [-8.14347839355, -177.361129761, -91.8470458984, -91.0635986328, 2.42910408974, 12.2438879013, 25.0799694061, 306.921325684, 147.730224609, 72.5487670898, 49.7373962402, 9.61141967773, -7.08287096024], [40.4438972473, -35.2087211609, -105.513069153, -12.9529953003, 39.2323493958, 1.19931650162, 84.8549118042, 147.730224609, 255.451690674, 103.763275146, 80.392906189, 40.3488883972, 0.460007458925], [70.1775360107, -146.125473022, -90.0902252197, -19.9042892456, -24.9008522034, 25.3931694031, 20.3747005463, 72.5487670898, 103.763275146, 170.342071533, 83.4881668091, 36.0782394409, 10.6433000565], [32.4277534485, -34.1209068298, -85.3486251831, -29.9299030304, -23.6970291138, 6.74588823318, 4.45806312561, 49.7373962402, 80.392906189, 83.4881668091, 146.136611938, 57.0819664001, 20.1665229797], [-137.458694458, -73.832862854, -27.74193573, -15.1089515686, -9.55675983429, 27.4132900238, 21.7610759735, 9.61141967773, 40.3488883972, 36.0782394409, 57.0819664001, 135.700622559, 67.3816604614], [-84.2966003418, -2.93008756638, -26.7866516113, -2.1731967926, 11.1671590805, 20.9523410797, 31.4950256348, -7.08287096024, 0.460007458925, 10.6433000565, 20.1665229797, 67.3816604614, 102.512428284]],
        "icov": [[0.000396111252485, -0.00034944084473, 0.000262731860857, -0.000925858097617, 0.000381070392905, -0.000204719035537, 0.000486935576191, -0.000372732145479, 3.61298771168e-05, -0.000347285880707, 7.13713525329e-05, 0.00018519765581, 8.98602374946e-05], [-0.00034944084473, 0.00506791519001, -0.00235142628662, 0.00284768175334, -0.00313805788755, 0.00353770237416, -0.00238856603391, 0.00355954584666, -0.00176452391315, 0.00352454395033, -0.00346905156039, 0.00351746706292, -0.0020856091287], [0.000262731860857, -0.00235142628662, 0.00272581446916, -0.00211298302747, 0.00088519329438, -0.00254572159611, 0.00150956958532, -0.00168856349774, 0.00121041503735, -0.00125682575163, 0.00190089258831, -0.00188011606224, 0.00164664792828], [-0.000925858097617, 0.00284768175334, -0.00211298302747, 0.0054697948508, -0.00212201057002, 0.00108080799691, -0.00211363681592, 0.00313774263486, -0.00151698850095, 0.00219375779852, -0.00154194259085, 0.00168052362278, -0.00126192241441], [0.000381070392905, -0.00313805788755, 0.00088519329438, -0.00212201057002, 0.00585375260562, -0.0010535591282, -0.00164001504891, -0.0024217676837, 0.0011783662485, -0.0018155578291, 0.00199096393771, -0.00160281674471, 0.00116925407201], [-0.000204719035537, 0.00353770237416, -0.00254572159611, 0.00108080799691, -0.0010535591282, 0.00613494217396, -0.00246864766814, 0.00184843235184, -0.000855586782563, 0.00175352278166, -0.00247636414133, 0.00211270246655, -0.00204224162735], [0.000486935576191, -0.00238856603391, 0.00150956958532, -0.00211363681592, -0.00164001504891, -0.00246864766814, 0.00687749078497, -0.0014911275357, -0.000622716150247, -0.00205969717354, 0.00201289332472, -0.00140951119829, -0.000103871330793], [-0.000372732145479, 0.00355954584666, -0.00168856349774, 0.00313774263486, -0.0024217676837, 0.00184843235184, -0.0014911275357, 0.00751395430416, -0.0040709269233, 0.00211923010647, -0.00240682973526, 0.00313207996078, -0.00150317244697], [3.61298771168e-05, -0.00176452391315, 0.00121041503735, -0.00151698850095, 0.0011783662485, -0.000855586782563, -0.000622716150247, -0.0040709269233, 0.00843040645123, -0.00352367688902, -0.000216474858462, -0.00292882276699, 0.00251567363739], [-0.000347285880707, 0.00352454395033, -0.00125682575163, 0.00219375779852, -0.0018155578291, 0.00175352278166, -0.00205969717354, 0.00211923010647, -0.00352367688902, 0.0122106131166, -0.00618240656331, 0.00236862781458, -0.00144076731522], [7.13713525329e-05, -0.00346905156039, 0.00190089258831, -0.00154194259085, 0.00199096393771, -0.00247636414133, 0.00201289332472, -0.00240682973526, -0.000216474858462, -0.00618240656331, 0.0137971015647, -0.00614813202992, 0.00189792329911], [0.00018519765581, 0.00351746706292, -0.00188011606224, 0.00168052362278, -0.00160281674471, 0.00211270246655, -0.00140951119829, 0.00313207996078, -0.00292882276699, 0.00236862781458, -0.00614813202992, 0.0163090769202, -0.00955387949944], [8.98602374946e-05, -0.0020856091287, 0.00164664792828, -0.00126192241441, 0.00116925407201, -0.00204224162735, -0.000103871330793, -0.00150317244697, 0.00251567363739, -0.00144076731522, 0.00189792329911, -0.00955387949944, 0.016435528174]]
    },
    "melbands": {
        "dmean": [0.0027108413633, 0.00272489292547, 0.00147864082828, 0.00067760318052, 0.000400199991418, 0.000215815773117, 0.00031243902049, 0.000262976856902, 0.000202651805012, 5.77976570639e-05, 4.71260646009e-05, 3.90693057852e-05, 4.02902114729e-05, 3.05443318211e-05, 1.70882449311e-05, 1.65816672961e-05, 1.74718734343e-05, 1.56110909302e-05, 1.56477126438e-05, 1.80699644261e-05, 2.57329465967e-05, 1.12664429253e-05, 9.03374257177e-06, 7.91547336121e-06, 4.39318273493e-06, 3.43184501617e-06, 2.79417895399e-06, 2.50834091275e-06, 1.81752864137e-06, 1.92135735233e-06, 1.67865698586e-06, 1.78769391823e-06, 1.21214827686e-06, 1.32974901135e-06, 1.33285027459e-06, 1.0976343674e-06, 9.38310449783e-07, 8.06983166513e-07, 5.26966687175e-07, 1.78130022732e-07],
        "dmean2": [0.00421203300357, 0.00429854076356, 0.00236232648604, 0.00110176252201, 0.000678644515574, 0.000350728223566, 0.000475032720715, 0.000410015607486, 0.000269921758445, 9.08113579499e-05, 7.69912148826e-05, 6.35898686596e-05, 6.59748693579e-05, 4.81597162434e-05, 2.94819910778e-05, 2.70133805316e-05, 2.82958535536e-05, 2.59547723545e-05, 2.67518971668e-05, 2.99277417071e-05, 4.17353767261e-05, 1.8423594156e-05, 1.44041759995e-05, 1.29562049551e-05, 7.16576414561e-06, 5.4846036619e-06, 4.33958803114e-06, 4.1261619117e-06, 2.82036330645e-06, 3.14917861033e-06, 2.58593081526e-06, 2.86392855742e-06, 1.76872242719e-06, 1.95887650989e-06, 1.86736144769e-06, 1.48605590766e-06, 1.32546449549e-06, 1.14816498353e-06, 7.40587438486e-07, 2.58122753394e-07],
        "dvar": [2.24584146054e-05, 2.10519901884e-05, 8.17549607746e-06, 1.5318998976e-06, 6.55387509596e-07, 1.67597718814e-07, 9.17928787203e-07, 3.40737159377e-07, 2.57021383732e-07, 1.67881779589e-08, 1.16542464568e-08, 8.50144132869e-09, 1.16975336084e-08, 1.45627163661e-08, 4.30926228034e-09, 1.68684977098e-09, 1.7236111427e-09, 8.45269410021e-10, 1.85633997063e-09, 1.7703767341e-09, 3.36356920094e-09, 5.80169134956e-10, 3.79585640697e-10, 2.17661180746e-10, 8.27342222509e-11, 6.6273521393e-11, 4.94698795817e-11, 5.09563329032e-11, 2.74046670773e-11, 3.99531970008e-11, 2.58852401319e-11, 3.33697583454e-11, 8.4035929257e-12, 1.43441378567e-11, 2.26169222239e-11, 1.19264789017e-11, 6.99436081969e-12, 8.73620186609e-12, 2.74926587572e-12, 7.99396681662e-13],
        "dvar2": [5.54544712941e-05, 5.07841687067e-05, 1.97238550754e-05, 3.95985853174e-06, 1.7427585135e-06, 3.95478622295e-07, 2.11468613998e-06, 8.30171245525e-07, 3.9444753952e-07, 3.98895103615e-08, 2.85776717845e-08, 2.01706846781e-08, 2.920276998e-08, 3.36211947172e-08, 1.35547679747e-08, 4.37258540487e-09, 3.94344379373e-09, 2.22095142277e-09, 5.42308997709e-09, 4.66514737951e-09, 8.59729798464e-09, 1.60440805086e-09, 9.08088881868e-10, 5.71206415501e-10, 2.12582798587e-10, 1.75351372311e-10, 1.20381815627e-10, 1.3357226436e-10, 6.78265291154e-11, 1.08489488226e-10, 6.59478721632e-11, 8.51224438159e-11, 1.74128229197e-11, 3.28526997273e-11, 4.29316998618e-11, 2.02708873992e-11, 1.37010134141e-11, 1.74709049311e-11, 5.03636325352e-12, 1.50392328799e-12],
        "max": [0.0426183864474, 0.0449185930192, 0.0291236992925, 0.0121450712904, 0.00682585313916, 0.00591204827651, 0.0222375057638, 0.00959979463369, 0.0120785394683, 0.00334376236424, 0.00140753760934, 0.00199180305935, 0.00205620122142, 0.00474887853488, 0.00209221523255, 0.00094349734718, 0.000670351670124, 0.000484053365653, 0.00103403453249, 0.000851558579598, 0.00109178759158, 0.000351193069946, 0.000286578404484, 0.00019343191525, 0.000112333502329, 0.0001311476517, 8.35468308651e-05, 0.000100481687696, 7.38174712751e-05, 8.69529685588e-05, 7.04444610165e-05, 7.14714551577e-05, 4.83872645418e-05, 7.83186696935e-05, 0.000105576633359, 7.79478577897e-05, 4.26858350693e-05, 6.4253268647e-05, 3.3483531297e-05, 2.0357523681e-05],
        "mean": [0.00410794001073, 0.00439572893083, 0.00205901544541, 0.000855032703839, 0.000430797139416, 0.000278178631561, 0.000461726478534, 0.000402036181185, 0.000397213239921, 8.59492938616e-05, 6.71465386404e-05, 5.97426187596e-05, 5.78986546316e-05, 4.55627632618e-05, 2.30764708249e-05, 2.35558363784e-05, 2.34761919273e-05, 2.19343291974e-05, 2.01154944079e-05, 2.55433078564e-05, 3.72794347641e-05, 1.6373465769e-05, 1.44277710206e-05, 1.16908877317e-05, 6.43707608106e-06, 5.02874399899e-06, 3.74570413442e-06, 3.13257214657e-06, 2.3361831154e-06, 2.18370701077e-06, 2.05508490581e-06, 2.02873934541e-06, 1.78321988642e-06, 1.87202238067e-06, 2.10889243135e-06, 1.61607022164e-06, 1.26291888591e-06, 1.02793819678e-06, 6.56504028029e-07, 1.97713532657e-07],
        "median": [0.00160001858603, 0.00187602522783, 0.00076926330803, 0.000266986084171, 0.000106664010673, 7.29024177417e-05, 6.07809888606e-05, 6.76874042256e-05, 4.35781112174e-05, 4.17475093855e-05, 2.79391097138e-05, 2.54413298535e-05, 1.69330087374e-05, 1.74704691744e-05, 7.97994925961e-06, 8.73981207405e-06, 9.03416275833e-06, 1.06811512524e-05, 7.0405749284e-06, 8.47492628964e-06, 9.53123617364e-06, 5.73735451326e-06, 4.56448560726e-06, 4.6325671974e-06, 2.31960939345e-06, 1.8703300384e-06, 1.00685713278e-06, 8.29280281778e-07, 6.4255863208e-07, 5.16585544119e-07, 3.43097354971e-07, 2.60361559867e-07, 2.79053665508e-07, 2.41695346404e-07, 2.09812967e-07, 1.87835041743e-07, 1.97068573016e-07, 1.52242051854e-07, 1.11029265781e-07, 1.63022448874e-08],
        "min": [3.16939918754e-09, 4.12843342845e-10, 1.12792331031e-09, 9.41229427731e-10, 3.04426395203e-09, 6.12338624251e-09, 1.22345877873e-09, 6.08299632887e-10, 9.45191147572e-10, 4.01267435945e-10, 6.74134581491e-10, 9.22953991012e-10, 2.75070466405e-10, 7.41770672663e-11, 7.97699892252e-11, 1.0336403955e-10, 1.3976791946e-10, 4.18690082604e-11, 3.23017168569e-11, 6.22009735385e-12, 2.20840689485e-11, 2.31584439125e-11, 3.55000438768e-11, 2.51729522643e-11, 3.22836202216e-11, 8.17493815697e-12, 5.68263752027e-12, 4.70166006822e-12, 1.58501543054e-12, 3.085790087e-13, 2.04161167139e-12, 4.654801284e-12, 6.96756020935e-12, 5.41531880102e-12, 8.43185070376e-12, 8.99251755958e-13, 3.55037559682e-13, 3.39372600118e-13, 3.15189226715e-13, 1.93140791446e-13],
        "var": [3.56185519195e-05, 3.64500192518e-05, 1.00902580016e-05, 1.8506447077e-06, 6.40100836335e-07, 2.77510736169e-07, 2.05725791602e-06, 6.46264197712e-07, 1.24978794247e-06, 2.24286420547e-08, 1.62034385909e-08, 1.30212471916e-08, 2.00301162323e-08, 2.65782880149e-08, 6.72099398358e-09, 3.15359693914e-09, 2.60984833744e-09, 1.13898002141e-09, 2.18798978935e-09, 2.7798403579e-09, 6.28181551221e-09, 8.97625695995e-10, 7.53078932547e-10, 3.19459153575e-10, 1.2638122493e-10, 7.98841132132e-11, 6.26462839937e-11, 5.00660554681e-11, 2.96074137429e-11, 3.39613233369e-11, 2.84136707218e-11, 3.46214064362e-11, 2.0630167713e-11, 3.16236342668e-11, 6.16629802774e-11, 3.19826665152e-11, 1.49246517922e-11, 1.32470215353e-11, 4.72101134227e-12, 1.07490448834e-12]
    },
    "mfcc": {
        "mean": [-676.517822266, 141.669128418, -0.347805738449, 25.9495983124, 12.8212966919, 6.72677707672, -1.88980591297, 14.2236042023, 3.26746439934, 7.83197832108, -1.62298774719, 5.09494113922, -2.85432362556],
        "cov": [[5504.01464844, -1239.90429688, 348.117706299, 431.975158691, -14.4926204681, 188.323226929, -324.586303711, -103.030593872, -188.775924683, 75.4321975708, -45.7217140198, 87.0544891357, 72.9277267456], [-1239.90429688, 1611.51635742, -238.608932495, 234.42048645, 112.997108459, -48.1424751282, 234.772796631, 46.0310096741, 71.1975479126, -3.72544598579, -15.6150722504, -78.007850647, -72.8715744019], [348.117706299, -238.608932495, 945.810302734, 60.8324203491, 157.477233887, 259.992980957, 42.0992546082, 74.3473892212, -63.7667274475, -13.9030895233, -60.7972793579, -107.729957581, -74.8460922241], [431.975158691, 234.42048645, 60.8324203491, 507.017578125, 94.236618042, 172.165649414, 121.530075073, 63.0808181763, 46.8679695129, 39.9357566833, -23.3461399078, -18.8027667999, -11.1504220963], [-14.4926204681, 112.997108459, 157.477233887, 94.236618042, 213.499328613, 65.0246810913, 66.3184356689, 59.5328712463, 26.3689212799, 14.1285734177, 8.92640399933, -2.96802806854, -3.33815908432], [188.323226929, -48.1424751282, 259.992980957, 172.165649414, 65.0246810913, 430.002807617, 142.035705566, 80.4718475342, 19.2468280792, 46.4706954956, -39.6799430847, -96.5518951416, -21.6667251587], [-324.586303711, 234.772796631, 42.0992546082, 121.530075073, 66.3184356689, 142.035705566, 264.268463135, 82.2006378174, 72.4854431152, 39.8515205383, -4.19905185699, -39.292514801, -20.1264743805], [-103.030593872, 46.0310096741, 74.3473892212, 63.0808181763, 59.5328712463, 80.4718475342, 82.2006378174, 192.177047729, 89.3821792603, 45.0771522522, 21.5349960327, 9.21134090424, 25.7403850555], [-188.775924683, 71.1975479126, -63.7667274475, 46.8679695129, 26.3689212799, 19.2468280792, 72.4854431152, 89.3821792603, 193.053512573, 66.9849243164, 52.6159095764, 60.2197494507, 31.1065311432], [75.4321975708, -3.72544598579, -13.9030895233, 39.9357566833, 14.1285734177, 46.4706954956, 39.8515205383, 45.0771522522, 66.9849243164, 133.812103271, 66.7506942749, 52.6838760376, 43.2371559143], [-45.7217140198, -15.6150722504, -60.7972793579, -23.3461399078, 8.92640399933, -39.6799430847, -4.19905185699, 21.5349960327, 52.6159095764, 66.7506942749, 138.967376709, 110.174438477, 55.8461952209], [87.0544891357, -78.007850647, -107.729957581, -18.8027667999, -2.96802806854, -96.5518951416, -39.292514801, 9.21134090424, 60.2197494507, 52.6838760376, 110.174438477, 196.615310669, 86.3318710327], [72.9277267456, -72.8715744019, -74.8460922241, -11.1504220963, -3.33815908432, -21.6667251587, -20.1264743805, 25.7403850555, 31.1065311432, 43.2371559143, 55.8461952209, 86.3318710327, 140.039718628]],
