{
"lowlevel": {
    "average_loudness": 0.899749934673,
    "barkbands_crest": {
        "dmean": 3.70993828773,
        "dmean2": 6.00425243378,
        "dvar": 10.3036174774,
        "dvar2": 25.7205028534,
        "max": 26.5342845917,
        "mean": 15.1289215088,
        "median": 14.756857872,
        "min": 4.20380020142,
        "var": 28.4975204468
    },
    "barkbands_flatness_db": {
        "dmean": 0.0335106141865,
        "dmean2": 0.0530839189887,
        "dvar": 0.000894360942766,
        "dvar2": 0.00232409569435,
        "max": 0.408835738897,
        "mean": 0.17816658318,
        "median": 0.170964285731,
        "min": 0.0562147274613,
        "var": 0.0030756702181
    },
    "barkbands_kurtosis": {
        "dmean": 7.0019402504,
        "dmean2": 11.6653356552,
        "dvar": 172.339035034,
        "dvar2": 449.935089111,
        "max": 122.748512268,
        "mean": 7.69604587555,
        "median": 3.62337398529,
        "min": -1.84184157848,
        "var": 178.328826904
    },
    "barkbands_skewness": {
        "dmean": 0.951625645161,
        "dmean2": 1.44063031673,
        "dvar": 1.31649839878,
        "dvar2": 3.05862498283,
        "max": 10.76861763,
        "mean": 1.59802520275,
        "median": 1.36735200882,
        "min": -2.46983027458,
        "var": 2.47330832481
    },
    "barkbands_spread": {
        "dmean": 7.05841445923,
        "dmean2": 10.9319000244,
        "dvar": 59.836555481,
        "dvar2": 140.825820923,
        "max": 88.4325180054,
        "mean": 16.7291221619,
        "median": 13.074051857,
        "min": 0.857117176056,
        "var": 159.506271362
    },
    "dissonance": {
        "dmean": 0.0387469828129,
        "dmean2": 0.0660044327378,
        "dvar": 0.00121142994612,
        "dvar2": 0.00337962526828,
        "max": 0.499942719936,
        "mean": 0.422645926476,
        "median": 0.42996942997,
        "min": 0.193842798471,
        "var": 0.00218318053521
    },
    "dynamic_complexity": 4.33739900589,
    "erbbands_crest": {
        "dmean": 4.40044975281,
        "dmean2": 6.99265098572,
        "dvar": 15.3729953766,
        "dvar2": 30.3868217468,
        "max": 33.1898536682,
        "mean": 18.0556793213,
        "median": 17.5487861633,
        "min": 3.39115810394,
        "var": 57.9242973328
    },
    "erbbands_flatness_db": {
        "dmean": 0.0300116110593,
        "dmean2": 0.0446886569262,
        "dvar": 0.000987682142295,
        "dvar2": 0.00166815961711,
        "max": 0.442242115736,
        "mean": 0.221249520779,
        "median": 0.215928047895,
        "min": 0.073858551681,
        "var": 0.00481276633218
    },
    "erbbands_kurtosis": {
        "dmean": 3.89808416367,
        "dmean2": 6.24235296249,
        "dvar": 33.2873001099,
        "dvar2": 85.9726257324,
        "max": 67.4120025635,
        "mean": 4.47437953949,
        "median": 1.99917650223,
        "min": -1.84279859066,
        "var": 56.5543479919
    },
    "erbbands_skewness": {
        "dmean": 0.710142791271,
        "dmean2": 1.12395453453,
        "dvar": 0.540228247643,
        "dvar2": 1.2493519783,
        "max": 7.69965219498,
        "mean": 1.45900845528,
        "median": 1.29282724857,
        "min": -3.48895645142,
        "var": 1.55145287514
    },
    "erbbands_spread": {
        "dmean": 11.1818323135,
        "dmean2": 17.1136875153,
        "dvar": 235.384384155,
        "dvar2": 465.153259277,
        "max": 155.755187988,
        "mean": 30.6259765625,
        "median": 22.7533016205,
        "min": 1.9037758112,
        "var": 689.381286621
    },
    "hfc": {
        "dmean": 6.92426490784,
        "dmean2": 10.3986845016,
        "dvar": 107.598464966,
        "dvar2": 224.164047241,
        "max": 133.275726318,
        "mean": 18.081817627,
        "median": 10.3010320663,
        "min": 3.79350331059e-06,
        "var": 387.288604736
    },
    "melbands_crest": {
        "dmean": 4.72062015533,
        "dmean2": 7.8044257164,
        "dvar": 15.6859674454,
        "dvar2": 39.4204177856,
        "max": 33.7461700439,
        "mean": 18.9769573212,
        "median": 18.4781970978,
        "min": 5.32613801956,
        "var": 40.9187583923
    },
    "melbands_flatness_db": {
        "dmean": 0.0360291860998,
        "dmean2": 0.0563109815121,
        "dvar": 0.00108839175664,
        "dvar2": 0.00268659833819,
        "max": 0.445368498564,
        "mean": 0.216692641377,
        "median": 0.209776356816,
        "min": 0.0574528984725,
        "var": 0.00368369463831
    },
    "melbands_kurtosis": {
        "dmean": 20.6079044342,
        "dmean2": 33.7902259827,
        "dvar": 3847.00146484,
        "dvar2": 9906.69921875,
        "max": 745.329406738,
        "mean": 21.8207950592,
        "median": 8.59887313843,
        "min": -1.7726367712,
        "var": 3260.56933594
    },
    "melbands_skewness": {
        "dmean": 1.40530610085,
        "dmean2": 2.13740038872,
        "dvar": 4.57699871063,
        "dvar2": 10.0362920761,
        "max": 24.0440616608,
        "mean": 2.2727189064,
        "median": 1.81931650639,
        "min": -2.48339056969,
        "var": 7.60875654221
    },
    "melbands_spread": {
        "dmean": 8.36888694763,
        "dmean2": 12.9284830093,
        "dvar": 109.693229675,
        "dvar2": 239.979660034,
        "max": 227.799331665,
        "mean": 18.9762248993,
        "median": 16.0114974976,
        "min": 1.04236447811,
        "var": 225.135055542
    },
    "pitch_salience": {
        "dmean": 0.0868662819266,
        "dmean2": 0.140467360616,
        "dvar": 0.00539630465209,
        "dvar2": 0.0130868330598,
        "max": 0.804062306881,
        "mean": 0.426675021648,
        "median": 0.444768249989,
        "min": 0.0588791072369,
        "var": 0.0156303085387
    },
    "silence_rate_20dB": {
        "dmean": 0,
        "dmean2": 0,
        "dvar": 0,
        "dvar2": 0,
        "max": 1,
        "mean": 1,
        "median": 1,
        "min": 1,
        "var": 0
    },
    "silence_rate_30dB": {
        "dmean": 0.0448916405439,
        "dmean2": 0.0898528248072,
        "dvar": 0.0428760871291,
        "dvar2": 0.0833275765181,
        "max": 1,
        "mean": 0.942768752575,
        "median": 1,
        "min": 0,
        "var": 0.0539560578763
    },
    "silence_rate_60dB": {
        "dmean": 0.0402476787567,
        "dmean2": 0.0805577039719,
        "dvar": 0.0386279262602,
        "dvar2": 0.089560508728,
        "max": 1,
        "mean": 0.115235887468,
        "median": 0,
        "min": 0,
        "var": 0.101958036423
    },
    "spectral_centroid": {
        "dmean": 291.19039917,
        "dmean2": 443.330078125,
        "dvar": 158185.40625,
        "dvar2": 256255.03125,
        "max": 10975.6630859,
        "mean": 1339.26757812,
        "median": 1259.22460938,
        "min": 485.411437988,
        "var": 291783.875
    },
    "spectral_complexity": {
        "dmean": 2.12074303627,
        "dmean2": 3.29357075691,
        "dvar": 5.22844314575,
        "dvar2": 10.9602918625,
        "max": 35,
        "mean": 9.2884759903,
        "median": 8,
        "min": 0,
        "var": 37.520072937
    },
    "spectral_decrease": {
        "dmean": 4.79097916894e-09,
        "dmean2": 7.35972127686e-09,
        "dvar": 1.74115100021e-16,
        "dvar2": 4.23874133289e-16,
        "max": -6.07734810589e-16,
        "mean": -6.57046683727e-09,
        "median": -2.75002309813e-09,
        "min": -9.98879556846e-08,
        "var": 1.81187957479e-16
    },
    "spectral_energy": {
        "dmean": 0.0185786895454,
        "dmean2": 0.0284011159092,
        "dvar": 0.00251256697811,
        "dvar2": 0.00609844643623,
        "max": 0.380793094635,
        "mean": 0.0264385212213,
        "median": 0.0113991759717,
        "min": 2.6378141893e-09,
        "var": 0.00268745957874
    },
    "spectral_energyband_high": {
        "dmean": 0.000486608216306,
        "dmean2": 0.000754003063776,
        "dvar": 1.1016144299e-06,
        "dvar2": 2.41894986175e-06,
        "max": 0.0172824077308,
        "mean": 0.000827067531645,
        "median": 0.000220188579988,
        "min": 1.5514928231e-10,
        "var": 2.27547775467e-06
    },
    "spectral_energyband_low": {
        "dmean": 0.0141338696703,
        "dmean2": 0.0225263647735,
        "dvar": 0.0025910816621,
        "dvar2": 0.00643522897735,
        "max": 0.375882536173,
        "mean": 0.0115406950936,
        "median": 0.000210136888199,
        "min": 2.31717162819e-11,
        "var": 0.00225751264952
    },
    "spectral_energyband_middle_high": {
        "dmean": 0.00217932765372,
        "dmean2": 0.00322156050242,
        "dvar": 1.14014028441e-05,
        "dvar2": 2.2185193302e-05,
        "max": 0.0538198798895,
        "mean": 0.0050861411728,
        "median": 0.0034812730737,
        "min": 7.82937936705e-10,
        "var": 3.79086341127e-05
    },
    "spectral_energyband_middle_low": {
        "dmean": 0.00440780352801,
        "dmean2": 0.00676286453381,
        "dvar": 5.07240729348e-05,
        "dvar2": 0.000111755063699,
        "max": 0.0909377112985,
        "mean": 0.00921710301191,
        "median": 0.00481732329354,
        "min": 1.4653136482e-09,
        "var": 0.000153255969053
    },
    "spectral_entropy": {
        "dmean": 0.247810959816,
        "dmean2": 0.374944865704,
        "dvar": 0.068419829011,
        "dvar2": 0.11928395927,
        "max": 9.79441833496,
        "mean": 7.31462478638,
        "median": 7.34475708008,
        "min": 5.18264484406,
        "var": 0.323390722275
    },
    "spectral_flux": {
        "dmean": 0.0370352827013,
        "dmean2": 0.0597783513367,
        "dvar": 0.00412291707471,
        "dvar2": 0.00916210096329,
        "max": 0.516010046005,
        "mean": 0.0843761414289,
        "median": 0.0598577708006,
        "min": 5.13596569363e-05,
        "var": 0.00738669000566
    },
    "spectral_kurtosis": {
        "dmean": 1.54614067078,
        "dmean2": 2.52550077438,
        "dvar": 3.06634879112,
        "dvar2": 8.27030086517,
        "max": 18.356672287,
        "mean": 3.49990797043,
        "median": 2.91133785248,
        "min": -1.17185723782,
        "var": 8.70251178741
    },
    "spectral_rms": {
        "dmean": 0.00123297958635,
        "dmean2": 0.00175480486359,
        "dvar": 4.44143688583e-06,
        "dvar2": 9.32189504965e-06,
        "max": 0.0192744769156,
        "mean": 0.00405300687999,
        "median": 0.00333483843133,
        "min": 1.60420609063e-06,
        "var": 9.36685137276e-06
    },
    "spectral_rolloff": {
        "dmean": 520.980102539,
        "dmean2": 905.86151123,
        "dvar": 1025509.4375,
        "dvar2": 2326002.75,
        "max": 9194.67773438,
        "mean": 1367.56616211,
        "median": 1119.7265625,
        "min": 64.599609375,
        "var": 1503741.875
    },
    "spectral_skewness": {
        "dmean": 0.251131117344,
        "dmean2": 0.386446595192,
        "dvar": 0.0537714548409,
        "dvar2": 0.120689257979,
        "max": 3.27446269989,
        "mean": 1.4486925602,
        "median": 1.46947026253,
        "min": -0.0771933346987,
        "var": 0.215139225125
    },
    "spectral_spread": {
        "dmean": 705320.4375,
        "dmean2": 1014741.25,
        "dvar": 1.60503286989e+12,
        "dvar2": 1.9567518679e+12,
        "max": 40170672,
        "mean": 5611004.5,
        "median": 5278175.5,
        "min": 2575635.75,
        "var": 4.79771754496e+12
    },
    "spectral_strongpeak": {
        "dmean": 0.742678523064,
        "dmean2": 1.19448208809,
        "dvar": 0.615085542202,
        "dvar2": 1.45516657829,
        "max": 8.11138057709,
        "mean": 1.79366099834,
        "median": 1.6227170229,
        "min": 0,
        "var": 1.6346873045
    },
    "zerocrossingrate": {
        "dmean": 0.0115569969639,
        "dmean2": 0.0143636381254,
        "dvar": 0.000174341665115,
        "dvar2": 0.000219160690904,
        "max": 0.2490234375,
        "mean": 0.0653813481331,
        "median": 0.05908203125,
        "min": 0.02294921875,
        "var": 0.000856960075907
    },
    "barkbands": {
        "dmean": [0.00124843837693, 0.0128709822893, 0.000712287321221, 0.000123140169308, 0.000539446773473, 0.00103992957156, 0.0012422046857, 0.00168438407127, 0.0012892462546, 0.00112106173765, 0.000486056465888, 0.000584500026889, 0.000530494609848, 0.000189268961549, 0.00011356108007, 7.28532177163e-05, 0.000128053376102, 4.500758223e-05, 0.00012962782057, 0.000113579138997, 5.81293679716e-05, 0.000127967374283, 0.000154331355589, 7.69233229221e-05, 8.81686573848e-05, 1.13276964839e-05, 1.05457957034e-07],
        "dmean2": [0.00195979559794, 0.0210939180106, 0.0013551323209, 0.000194310792722, 0.000827277835924, 0.00166941760108, 0.00188143574633, 0.00268890429288, 0.00196090782993, 0.00166867044754, 0.000759021262638, 0.000882463064045, 0.000838231528178, 0.000292839918984, 0.000174893735675, 0.000117671021144, 0.000204353229492, 7.16898430255e-05, 0.000204001698876, 0.000188992737094, 9.36184005695e-05, 0.000199113695999, 0.000245758477831, 0.000121424440295, 0.000145330181113, 1.72582967934e-05, 1.78652257432e-07],
        "dvar": [1.71394749486e-05, 0.00226904498413, 9.71436111286e-06, 1.49377882508e-07, 3.22216055793e-06, 1.52391994561e-05, 1.5491295926e-05, 1.92404240806e-05, 9.92479908746e-06, 4.439132681e-06, 2.44775583269e-06, 4.48868195235e-06, 3.18220804729e-06, 6.6596214765e-07, 1.43338340308e-07, 3.77301745402e-08, 8.34234228364e-08, 1.20452154917e-08, 1.10991557278e-07, 2.40542334495e-07, 1.76763990112e-08, 7.57540377094e-08, 2.45179165859e-07, 2.72641820231e-08, 4.21191117539e-08, 1.2862644283e-09, 9.28931343197e-14],
        "dvar2": [4.0236296627e-05, 0.00581484846771, 2.81522352452e-05, 3.13084228765e-07, 7.33910201234e-06, 3.26143708662e-05, 3.23114654748e-05, 4.55491172033e-05, 2.36290834437e-05, 9.76289175014e-06, 4.61187937617e-06, 8.84231303644e-06, 7.37984191801e-06, 1.71191413756e-06, 3.3683448919e-07, 9.55558903115e-08, 1.95925821345e-07, 2.72239510934e-08, 2.5755772981e-07, 6.42380541649e-07, 3.88147149977e-08, 1.69041541653e-07, 5.12688757226e-07, 5.79721515237e-08, 1.06138358547e-07, 3.2133649075e-09, 2.39894828178e-13],
        "max": [0.0379017405212, 0.35389405489, 0.0252854656428, 0.00501465145499, 0.0488261431456, 0.0549714006484, 0.0867643356323, 0.0713315308094, 0.0543332323432, 0.0222299266607, 0.0297506041825, 0.042493160814, 0.0415361188352, 0.0186430960894, 0.00906920339912, 0.00294513371773, 0.00457856943831, 0.00179671682417, 0.00579753192142, 0.00921681709588, 0.00308854109608, 0.00395639566705, 0.00817624945194, 0.00266869156621, 0.00228564348072, 0.000716221868061, 3.91880530515e-06],
        "mean": [0.00110954919364, 0.01006940566, 0.000428356957855, 0.000142834222061, 0.000920501886867, 0.00131222722121, 0.00158147304319, 0.00269074575044, 0.00194363319315, 0.00182236358523, 0.000654915405903, 0.000919842277654, 0.000937414530199, 0.000241351313889, 0.00017224426847, 0.000104096863652, 0.000217850320041, 6.71478410368e-05, 0.000189107609913, 0.000139181342092, 7.83345822128e-05, 0.000180452407221, 0.000242066031205, 0.000134547968628, 0.000119801501569, 1.89910151676e-05, 1.20332543929e-07],
        "median": [4.13054294768e-05, 0.00011302591156, 7.43497002986e-06, 9.41980488278e-06, 0.000100837918581, 4.28823077527e-05, 0.000182132120244, 0.00027624386712, 0.000291124655632, 0.000286479946226, 6.1449543864e-05, 0.000116411836643, 0.000110205342935, 2.47578027484e-05, 3.39416510542e-05, 3.35234653903e-05, 4.98246336065e-05, 2.25019648497e-05, 8.51267759572e-05, 4.20562573709e-05, 2.45801111305e-05, 4.36036061728e-05, 3.85222047043e-05, 2.99202565657e-05, 2.04463158298e-05, 3.2035577533e-06, 3.15353609892e-08],
        "min": [2.75926295701e-11, 8.50583752737e-12, 5.52564619765e-14, 1.79762536237e-13, 9.10136549459e-13, 1.35901255527e-11, 3.18133797084e-10, 4.51560880702e-12, 1.61885066984e-12, 3.34988675688e-10, 4.86173254433e-11, 9.9994296697e-13, 1.09899658818e-11, 1.73735266625e-12, 9.38060826933e-12, 4.84403055862e-12, 7.80222414454e-12, 1.09093203221e-11, 3.12192216523e-11, 8.05859892705e-12, 9.8624181738e-12, 6.97654711779e-11, 7.04418901681e-12, 1.20269055132e-11, 9.06225962327e-12, 1.15498912517e-11, 1.42210652976e-11],
        "var": [1.62427113537e-05, 0.00185723556206, 5.41316785529e-06, 2.26007017545e-07, 6.15444514551e-06, 2.2055251975e-05, 2.55291197391e-05, 5.34312639502e-05, 2.30245277635e-05, 1.07099131128e-05, 4.51971209259e-06, 8.66740992933e-06, 6.12523854215e-06, 6.76174181535e-07, 2.81122993329e-07, 5.27438714926e-08, 1.9503323756e-07, 2.0110221044e-08, 1.4747102739e-07, 2.03424136203e-07, 2.44946267713e-08, 1.35322395067e-07, 4.8616834647e-07, 5.46028502413e-08, 5.88933133372e-08, 1.70058733762e-09, 9.13415461432e-14]
    },
    "erbbands": {
        "dmean": [0.549015700817, 2.20482301712, 1.23686158657, 0.551290273666, 0.836770832539, 2.1317512989, 5.96600866318, 9.10084533691, 17.2614192963, 21.5607395172, 39.2023658752, 34.9748001099, 22.7332420349, 31.7273006439, 23.2546100616, 23.6587677002, 25.593542099, 10.4536046982, 6.53172302246, 4.87073564529, 3.7380566597, 6.17077875137, 2.5511777401, 2.69080901146, 8.89096260071, 5.10507059097, 2.75670695305, 2.24858689308, 3.82533216476, 6.58386421204, 3.85198760033, 1.95313954353, 1.11438417435, 1.06063234806, 0.58607083559, 0.0974366888404, 0.0130780544132, 0.000900429557078, 3.42116400134e-05, 2.24983887165e-05],
        "dmean2": [0.961040377617, 3.4024477005, 2.1315009594, 0.931871891022, 1.28766596317, 3.20320868492, 9.24866199493, 14.8541631699, 26.8381137848, 32.7108383179, 62.0621299744, 52.7110824585, 33.2680892944, 47.8608283997, 36.7962226868, 35.620513916, 39.8252830505, 15.7589740753, 10.0982713699, 7.48157691956, 5.75793075562, 9.71966075897, 4.08357191086, 4.13123941422, 14.1882219315, 8.51941394806, 4.31759595871, 3.75335669518, 6.15665435791, 10.0946731567, 5.86034536362, 3.10501337051, 1.78084981441, 1.76111829281, 0.968099951744, 0.151585817337, 0.0197929535061, 0.00137011986226, 5.15004103363e-05, 3.33855932695e-05],
        "dvar": [4.57788848877, 64.2551269531, 24.4634723663, 3.16595220566, 11.3619327545, 86.7350692749, 609.974975586, 1157.60327148, 2432.39453125, 3804.84008789, 12317.6181641, 7923.98583984, 2762.2355957, 5391.14160156, 4709.00927734, 6098.5390625, 7871.33300781, 1970.82995605, 382.74319458, 209.67477417, 68.9512863159, 237.431472778, 36.7375793457, 26.7424983978, 932.209350586, 584.269226074, 56.712600708, 18.2146968842, 61.2011108398, 425.685424805, 150.178665161, 19.6418380737, 5.50651931763, 6.06722545624, 2.31890463829, 0.0732924938202, 0.00401439098641, 1.7865542759e-05, 1.09844604523e-08, 3.21521409496e-09],
        "dvar2": [12.3234357834, 159.842086792, 67.4292068481, 8.20256137848, 25.2375564575, 206.938751221, 1298.82470703, 2521.65112305, 5346.77783203, 7881.55859375, 30158.2890625, 18688.4199219, 6304.04541016, 11706.234375, 9700.77050781, 11850.8300781, 18917.6738281, 4933.70263672, 941.95904541, 432.180877686, 163.946243286, 558.502258301, 78.4308013916, 60.306640625, 2277.70043945, 1615.32043457, 125.2449646, 45.4263114929, 150.051940918, 880.439208984, 331.077148438, 40.4419822693, 12.0030241013, 15.3830060959, 5.65149784088, 0.175623491406, 0.0103202797472, 4.47122547484e-05, 2.54431355984e-08, 7.60613705353e-09],
        "max": [15.8810968399, 61.5958213806, 38.3539810181, 17.1023406982, 96.9804992676, 266.764404297, 641.623535156, 504.445648193, 814.471374512, 952.987976074, 1998.84191895, 1722.63635254, 766.389648438, 773.38104248, 1467.64953613, 1683.50427246, 2060.68164062, 1219.88842773, 510.488800049, 275.204437256, 156.847915649, 275.419586182, 104.738052368, 79.4983062744, 657.639282227, 551.874084473, 182.826660156, 36.7190513611, 88.8409423828, 398.781829834, 255.663223267, 90.1332550049, 20.9300537109, 27.2808647156, 24.859708786, 4.26570367813, 1.42603647709, 0.090234734118, 0.00195841072127, 0.000468643178465],
        "mean": [0.395792067051, 1.83529889584, 0.93821978569, 0.511127889156, 1.20325767994, 3.46075892448, 8.04107475281, 10.7858200073, 21.4478855133, 30.302400589, 64.3146743774, 54.5190429688, 39.8018341064, 51.4208602905, 36.4617996216, 42.8173599243, 46.0032157898, 17.5109291077, 10.1770381927, 7.54103517532, 6.63829565048, 10.4958152771, 4.86743974686, 4.8984503746, 12.4561414719, 6.52694559097, 3.71703362465, 3.11947512627, 5.16100311279, 9.86748409271, 5.90550661087, 3.17840957642, 2.00400972366, 1.42959451675, 0.783185303211, 0.163772284985, 0.0208811145276, 0.00139777734876, 5.89050432609e-05, 3.54016847268e-05],
        "median": [0.00508445501328, 0.0148219605908, 0.0139995617792, 0.0350303985178, 0.119832254946, 0.340407073498, 0.487323135138, 0.635968029499, 2.45070886612, 4.57095098495, 9.48177051544, 9.95406246185, 7.42730617523, 9.73454380035, 6.20322608948, 10.0859212875, 8.32820224762, 2.68007278442, 2.14683628082, 2.07188677788, 2.29273271561, 2.43384194374, 1.34483480453, 2.32822275162, 4.83890342712, 2.26617908478, 1.28619635105, 1.14319372177, 1.3858755827, 1.66146683693, 0.98542881012, 0.6672732234, 0.447433322668, 0.230146333575, 0.128015562892, 0.0260848160833, 0.00357645284384, 0.000273715442745, 1.65459568962e-05, 1.4843887584e-05],
        "min": [5.59853496895e-10, 1.0269449735e-09, 7.49448947346e-10, 4.20620288599e-10, 8.83457640377e-10, 4.7791153257e-09, 3.86227263505e-08, 2.4384641506e-07, 2.47433149525e-06, 5.10393192599e-06, 3.26821549379e-07, 8.56530064652e-08, 1.83828194622e-06, 1.45205385707e-05, 1.03459365164e-06, 3.43420936133e-07, 4.55531136367e-07, 2.60205524683e-07, 4.81737799873e-07, 2.65038323732e-07, 2.61344268893e-07, 4.42961407998e-07, 6.24967015028e-07, 1.89947627405e-06, 2.8488643693e-06, 1.64636969657e-06, 2.78059417269e-07, 5.74847206281e-07, 1.44929970247e-06, 6.91244792961e-07, 1.82217988254e-07, 2.62656158156e-07, 1.66940438362e-07, 1.26716400928e-07, 5.81176884396e-08, 5.07331172628e-08, 1.73423480021e-08, 8.47187564545e-09, 1.84548687443e-09, 2.13116066461e-10],
        "var": [3.23566460609, 57.9168052673, 17.3208503723, 2.76632523537, 19.1334667206, 117.757881165, 822.878601074, 1591.21411133, 3773.47680664, 6463.17578125, 36224.5078125, 17412.6660156, 6590.52832031, 12568.0498047, 11064.6484375, 12462.5703125, 14130.3447266, 2619.1003418, 797.147216797, 377.843231201, 147.701477051, 497.230529785, 91.8569717407, 57.1549568176, 1025.12036133, 455.241699219, 74.3729248047, 22.583234787, 85.701423645, 875.705932617, 261.45111084, 38.2604637146, 11.2559871674, 8.14720726013, 3.05425310135, 0.112923488021, 0.00394131615758, 1.82105013664e-05, 1.49106416103e-08, 3.94938348691e-09]
    },
    "gfcc": {
        "mean": [-61.0258407593, 59.6993408203, -136.589492798, 15.7981271744, -83.7846374512, 26.2590503693, -25.3919754028, 22.9013805389, -18.507232666, 8.62791061401, -5.83267831802, 3.65821528435, -7.742208004],
        "cov": [[11170.8027344, 168.372009277, 1185.23632812, 589.557922363, -261.639984131, 532.074035645, -834.385070801, 94.3340530396, 250.096099854, 326.620025635, -46.9860496521, -47.1027526855, -209.655761719], [168.372009277, 654.656066895, -221.702392578, -180.418197632, 38.2929649353, -312.450256348, -169.253936768, -205.326263428, -10.6365680695, -74.5624313354, 57.0866394043, -31.0492916107, -36.0175857544], [1185.23632812, -221.702392578, 1282.82128906, 626.464538574, -9.07283210754, 397.58807373, -45.2414779663, 207.220474243, 24.314491272, 153.524124146, -144.923309326, -26.9182472229, 15.7896337509], [589.557922363, -180.418197632, 626.464538574, 454.241729736, 47.0270042419, 225.233123779, -12.740981102, 89.9704589844, 10.4833183289, 88.8792419434, -68.7400436401, -10.4690504074, 23.0041656494], [-261.639984131, 38.2929649353, -9.07283210754, 47.0270042419, 290.81652832, 129.337921143, 105.731063843, -26.3418159485, -58.1833877563, 11.1320362091, 10.7243204117, -45.7308998108, -57.9266891479], [532.074035645, -312.450256348, 397.58807373, 225.233123779, 129.337921143, 462.716674805, 182.278381348, 151.43611145, -51.0505523682, 71.3648300171, -53.2993774414, -37.3723602295, -29.8998737335], [-834.385070801, -169.253936768, -45.2414779663, -12.740981102, 105.731063843, 182.278381348, 458.302337646, 173.580856323, -53.6932449341, -51.3532371521, -30.4325256348, -7.72646141052, 48.5634422302], [94.3340530396, -205.326263428, 207.220474243, 89.9704589844, -26.3418159485, 151.43611145, 173.580856323, 308.68536377, 126.6173172, 28.9692707062, -94.4920578003, -23.8085861206, 44.7390785217], [250.096099854, -10.6365680695, 24.314491272, 10.4833183289, -58.1833877563, -51.0505523682, -53.6932449341, 126.6173172, 276.596130371, 114.766288757, -21.4584178925, -27.061460495, -6.53250169754], [326.620025635, -74.5624313354, 153.524124146, 88.8792419434, 11.1320362091, 71.3648300171, -51.3532371521, 28.9692707062, 114.766288757, 267.62878418, 123.516944885, -6.57272768021, -67.0620880127], [-46.9860496521, 57.0866394043, -144.923309326, -68.7400436401, 10.7243204117, -53.2993774414, -30.4325256348, -94.4920578003, -21.4584178925, 123.516944885, 252.696670532, 110.383560181, -43.8546447754], [-47.1027526855, -31.0492916107, -26.9182472229, -10.4690504074, -45.7308998108, -37.3723602295, -7.72646141052, -23.8085861206, -27.061460495, -6.57272768021, 110.383560181, 198.314300537, 100.579589844], [-209.655761719, -36.0175857544, 15.7896337509, 23.0041656494, -57.9266891479, -29.8998737335, 48.5634422302, 44.7390785217, -6.53250169754, -67.0620880127, -43.8546447754, 100.579589844, 206.341217041]],
        "icov": [[0.000164311102708, -0.000344886211678, 0.000152268985403, -0.000220695728785, 0.000339944264852, -0.000609431241173, 0.000396808667574, -0.000204737036256, -1.19618380268e-05, -7.81975395512e-05, 0.0001335235429, -0.000226966949413, 0.000191044571693], [-0.000344886211678, 0.00465519540012, -0.0022259131074, 0.00254019419663, -0.0027830589097, 0.00371634005569, -0.000467930658488, 0.00194716337137, -0.00143474072684, 0.00282655074261, -0.00344290840439, 0.00345351803117, -0.0017474523047], [0.000152268985403, -0.0022259131074, 0.00433613685891, -0.00473001971841, 0.00213792454451, -0.00241605727933, 0.000947509426624, -0.00214502261952, 0.00197952566668, -0.00288168108091, 0.00355234672315, -0.00282806926407, 0.0017134915106], [-0.000220695728785, 0.00254019419663, -0.00473001971841, 0.00901109632105, -0.00297725154087, 0.00147247547284, -0.000119831813208, 0.00182337395381, -0.00120299204718, 0.00090229162015, -0.00162840331905, 0.00201792595908, -0.00248763803393], [0.000339944264852, -0.0027830589097, 0.00213792454451, -0.00297725154087, 0.00705019617453, -0.00403454666957, -0.000705272250343, 0.000490980222821, 0.000489831087179, -0.00132302870043, 0.00163405539934, -0.00123431964312, 0.002016533399], [-0.000609431241173, 0.00371634005569, -0.00241605727933, 0.00147247547284, -0.00403454666957, 0.00931825581938, -0.00245249154978, -0.000358502526069, 0.00178437773138, -0.000667129119392, -0.000221965281526, 0.00113729329314, 0.00016090022109], [0.000396808667574, -0.000467930658488, 0.000947509426624, -0.000119831813208, -0.000705272250343, -0.00245249154978, 0.00585898896679, -0.00414287066087, 0.00152394885663, 0.000959784898441, -0.00167515745852, 0.00107708573341, -0.00129255955108], [-0.000204737036256, 0.00194716337137, -0.00214502261952, 0.00182337395381, 0.000490980222821, -0.000358502526069, -0.00414287066087, 0.0106120174751, -0.0058660232462, 0.00169485504739, 0.000187698635273, 0.000992696615867, -0.00122612074483], [-1.19618380268e-05, -0.00143474072684, 0.00197952566668, -0.00120299204718, 0.000489831087179, 0.00178437773138, 0.00152394885663, -0.0058660232462, 0.00996633898467, -0.00708396965638, 0.00527624925599, -0.00280649284832, 0.00153191189747], [-7.81975395512e-05, 0.00282655074261, -0.00288168108091, 0.00090229162015, -0.00132302870043, -0.000667129119392, 0.000959784898441, 0.00169485504739, -0.00708396965638, 0.014935859479, -0.0134058846161, 0.00829609204084, -0.00279072322883], [0.0001335235429, -0.00344290840439, 0.00355234672315, -0.00162840331905, 0.00163405539934, -0.000221965281526, -0.00167515745852, 0.000187698635273, 0.00527624925599, -0.0134058846161, 0.021295176819, -0.0155165428296, 0.00812397804111], [-0.000226966949413, 0.00345351803117, -0.00282806926407, 0.00201792595908, -0.00123431964312, 0.00113729329314, 0.00107708573341, 0.000992696615867, -0.00280649284832, 0.00829609204084, -0.0155165428296, 0.0190852321684, -0.0102801369503], [0.000191044571693, -0.0017474523047, 0.0017134915106, -0.00248763803393, 0.002016533399, 0.00016090022109, -0.00129255955108, -0.00122612074483, 0.00153191189747, -0.00279072322883, 0.00812397804111, -0.0102801369503, 0.0119202341884]]
    },
    "melbands": {
        "dmean": [0.00423332070932, 0.00127211678773, 9.91763590719e-05, 9.68215608737e-05, 0.000187050623936, 0.000209467369132, 0.000260458211415, 0.000247507967288, 0.000331887335051, 0.000199609756237, 0.000112788009574, 0.000134761910886, 6.72871829011e-05, 7.85768643254e-05, 5.38182066521e-05, 4.66779238195e-05, 1.87481909961e-05, 1.17189947559e-05, 7.35441381039e-06, 6.2558897298e-06, 5.06121477883e-06, 6.86586372467e-06, 5.39953680345e-06, 1.56351575242e-06, 2.0738348212e-06, 6.23188361715e-06, 5.91501748204e-06, 2.99436487694e-06, 1.84378097856e-06, 1.41393252306e-06, 1.35174821025e-06, 1.95407938008e-06, 3.15971146847e-06, 4.11816517953e-06, 2.70912823908e-06, 1.15737680062e-06, 1.32821219267e-06, 8.95350353858e-07, 5.77937839807e-07, 1.10091673378e-06],
        "dmean2": [0.00710208434612, 0.00205518561415, 0.000167896549101, 0.000150154795847, 0.000288258568617, 0.000336937402608, 0.000398509029765, 0.000379641336622, 0.000522022135556, 0.00029766530497, 0.000166042285855, 0.000203390765819, 0.000105622013507, 0.000119909571367, 8.25779206934e-05, 7.17470320524e-05, 2.84413599729e-05, 1.81307150342e-05, 1.1381164768e-05, 1.01024670585e-05, 7.90342892287e-06, 1.07522728285e-05, 8.68126699061e-06, 2.42157784669e-06, 3.24150801134e-06, 9.89621548797e-06, 1.00485885923e-05, 5.01388740304e-06, 2.87354714601e-06, 2.33707760344e-06, 2.2788062779e-06, 3.16966111313e-06, 4.94922687722e-06, 6.36198410575e-06, 4.16293551098e-06, 1.90987952919e-06, 2.16438775169e-06, 1.47363221004e-06, 9.11337167508e-07, 1.85836279343e-06],
        "dvar": [0.000251184799708, 2.29140132433e-05, 9.5765706476e-08, 1.33365233523e-07, 4.93593404371e-07, 5.48578100279e-07, 5.99242355293e-07, 4.28888114357e-07, 8.07736000752e-07, 2.59962888549e-07, 6.99624607137e-08, 1.0116295357e-07, 4.53545752066e-08, 7.2621347158e-08, 3.46860318245e-08, 1.95871603381e-08, 6.91371404571e-09, 1.19726140113e-09, 8.24391721554e-10, 3.53324286495e-10, 1.49138285055e-10, 2.74357370156e-10, 2.12512688003e-10, 1.55341902536e-11, 2.03324666131e-11, 2.3956012174e-10, 8.11225198127e-10, 2.68419259042e-10, 2.09167180104e-11, 1.46442580284e-11, 6.50596417018e-12, 1.58703588465e-11, 6.04838401586e-11, 2.08400532942e-10, 8.67022356688e-11, 9.46115148032e-12, 9.00516987368e-12, 3.46446048932e-12, 1.58328168284e-12, 7.61988735998e-12],
        "dvar2": [0.000652624876238, 5.5585969676e-05, 2.47925186159e-07, 2.76650212072e-07, 1.04854029814e-06, 1.18438913432e-06, 1.28894862428e-06, 8.87840258201e-07, 1.98507950699e-06, 6.0498490484e-07, 1.62445388696e-07, 2.19466230078e-07, 8.71145857673e-08, 1.33192514795e-07, 7.6637292068e-08, 4.8599311242e-08, 1.73133472003e-08, 2.81411272063e-09, 1.89233828607e-09, 8.38821734295e-10, 3.4505909241e-10, 6.71592281787e-10, 4.62595933781e-10, 3.3558048701e-11, 4.91158572147e-11, 5.28851296089e-10, 2.16683004872e-09, 7.50593254217e-10, 4.55399398747e-11, 3.11536352271e-11, 1.68572968084e-11, 4.03363280277e-11, 1.3301544588e-10, 4.5057005349e-10, 1.93785890112e-10, 1.98825868963e-11, 2.02463983079e-11, 7.81678020922e-12, 3.44539674568e-12, 2.00176524662e-11],
        "max": [0.115725584328, 0.0389281101525, 0.00318986969069, 0.00970104150474, 0.0170124433935, 0.0107307471335, 0.0149314235896, 0.00859030522406, 0.0168596580625, 0.0100894719362, 0.00372906401753, 0.00342830969021, 0.00371408299543, 0.0065409024246, 0.00386594934389, 0.00263201701455, 0.00204838556238, 0.000704284117091, 0.000586934795137, 0.000293025746942, 0.000227085620281, 0.000282440567389, 0.00021356594516, 7.24711717339e-05, 7.00421078363e-05, 0.000269319541985, 0.000615637982264, 0.000412972993217, 8.76305566635e-05, 9.40415702644e-05, 2.01380080398e-05, 3.67878965335e-05, 0.000112981972052, 0.000271180120762, 0.000203516130568, 4.79241643916e-05, 6.0647380451e-05, 1.68534024851e-05, 1.24318166854e-05, 3.25104774674e-05],
        "mean": [0.00324055948295, 0.00114946812391, 9.70878536464e-05, 0.000164986951859, 0.000263411784545, 0.000248860800639, 0.000326568697346, 0.000364955194527, 0.000532885896973, 0.000302620668663, 0.000188675956451, 0.000212995844777, 9.84648359008e-05, 0.000124539903481, 9.63902566582e-05, 8.46808688948e-05, 2.64000773313e-05, 1.63715176313e-05, 1.07704563561e-05, 8.65225229063e-06, 8.29623968457e-06, 1.10434275484e-05, 8.88684189704e-06, 2.56562429968e-06, 3.46336605617e-06, 8.82001768332e-06, 7.4964259511e-06, 3.6319170249e-06, 2.43523572863e-06, 1.84448992968e-06, 1.73472915321e-06, 2.40345048041e-06, 4.45908244728e-06, 5.9750282162e-06, 3.98689780923e-06, 1.76723415279e-06, 2.02440196517e-06, 1.5740750996e-06, 9.57875386121e-07, 1.3230995819e-06],
        "median": [4.22490811616e-05, 1.22092797028e-05, 7.71554005041e-06, 1.30271055241e-05, 1.79885937541e-05, 1.11106000986e-05, 3.33352945745e-05, 5.76511229156e-05, 7.98644687166e-05, 5.25958712387e-05, 2.79670275631e-05, 3.21156476275e-05, 1.19765545605e-05, 1.75854002009e-05, 1.92814859474e-05, 9.2836417025e-06, 3.07474965666e-06, 2.98244708574e-06, 2.16950456888e-06, 2.3572340524e-06, 2.45491378337e-06, 2.40721101363e-06, 1.30168893975e-06, 9.5460927696e-07, 1.33194794216e-06, 3.84948634746e-06, 1.81570908353e-06, 1.16342573619e-06, 8.39496408389e-07, 4.88424234391e-07, 6.75421233609e-07, 7.07710682946e-07, 8.72731334312e-07, 9.16407657314e-07, 6.52100823118e-07, 3.2565438346e-07, 4.29818470593e-07, 3.60674363264e-07, 1.61570383739e-07, 1.93510686586e-07],
        "min": [5.13922715148e-12, 1.03777717756e-12, 6.79070176284e-14, 1.44355298656e-13, 3.46856874819e-13, 3.26133477863e-12, 4.76391842641e-11, 4.63765623127e-11, 2.83147068075e-13, 2.52879748391e-13, 9.46929947648e-12, 6.21642598508e-11, 4.28303963476e-12, 1.11928722584e-13, 8.58992293528e-13, 9.34019571755e-13, 1.83977182447e-13, 7.12939473083e-13, 4.59090556369e-13, 3.33354139648e-13, 2.57918306937e-13, 1.76014598404e-13, 1.26190800431e-12, 1.43582614873e-13, 3.15532837488e-13, 1.57059955319e-12, 3.72440099594e-12, 2.49039802452e-13, 1.24512650624e-13, 1.13018853987e-13, 2.74788492741e-13, 3.88621209865e-13, 4.80066019489e-13, 2.83084753555e-13, 7.14611339938e-14, 1.37299392233e-13, 1.75213237474e-13, 1.34444335547e-13, 7.2550059222e-14, 1.0486704956e-13],
        "var": [0.000197013752768, 2.144242535e-05, 9.0119208096e-08, 2.87972909518e-07, 6.8830007649e-07, 7.72774114921e-07, 9.4876077128e-07, 8.11706399872e-07, 2.32568777392e-06, 5.5815576161e-07, 1.61093950624e-07, 2.37892095356e-07, 9.45803364516e-08, 1.52247693563e-07, 5.98624012582e-08, 4.22036485759e-08, 8.21337309276e-09, 2.17900364419e-09, 1.30819433064e-09, 4.63949739737e-10, 2.88390394898e-10, 5.36687971842e-10, 4.76798767135e-10, 2.80706204808e-11, 3.79069969858e-11, 3.32474353604e-10, 7.25091486853e-10, 1.84440865358e-10, 2.8848793146e-11, 1.95945065729e-11, 7.28940605793e-12, 1.84897184369e-11, 1.09401328274e-10, 3.90772775249e-10, 1.36913022586e-10, 1.60871611171e-11, 1.52897590422e-11, 6.78955242722e-12, 3.08041157686e-12, 8.38191495378e-12]
    },
    "mfcc": {
        "mean": [-701.394592285, 88.8347091675, 0.374760448933, -3.14572119713, -19.3682575226, -3.01687026024, 1.80551183224, 11.6524448395, 0.852336645126, 9.84537887573, 5.94795608521, 2.22125267982, 10.8391227722],
        "cov": [[9688.46972656, 284.920257568, 814.042663574, -22.2888221741, 411.784729004, 165.73866272, -453.932312012, -120.408256531, -289.054382324, 177.250717163, 280.958831787, 349.106262207, -99.3706283569], [284.920257568, 823.368896484, -472.17791748, -69.6853942871, -58.7965965271, -146.015228271, -169.466217041, -151.785354614, -247.136520386, -128.147888184, -1.01726675034, 60.992477417, -5.72542858124], [814.042663574, -472.17791748, 1176.17480469, 302.177032471, 241.432800293, 220.985565186, 145.574325562, 60.4547767639, 258.736175537, 115.301300049, 10.2050294876, -4.30416727066, -34.5517921448], [-22.2888221741, -69.6853942871, 302.177032471, 256.787994385, 109.892501831, 57.8770484924, 34.6395835876, -13.8866767883, 72.3566741943, 7.63783073425, -23.1769065857, 2.14889407158, 11.8632068634], [411.784729004, -58.7965965271, 241.432800293, 109.892501831, 285.884796143, 127.484130859, -3.67070770264, -55.8454627991, 5.73442840576, 33.9669303894, 60.371837616, 50.3528175354, -43.2968597412], [165.73866272, -146.015228271, 220.985565186, 57.8770484924, 127.484130859, 239.593917847, 165.429656982, 10.409579277, 34.4752349854, 15.0207662582, 50.7368354797, 20.5846290588, -23.1473178864], [-453.932312012, -169.466217041, 145.574325562, 34.6395835876, -3.67070770264, 165.429656982, 429.359313965, 158.479385376, 118.983802795, -26.0929660797, -16.958656311, -42.8345909119, 16.8826255798], [-120.408256531, -151.785354614, 60.4547767639, -13.8866767883, -55.8454627991, 10.409579277, 158.479385376, 264.802307129, 188.78326416, 33.4061508179, -71.6523208618, -81.3384552002, 26.3471336365], [-289.054382324, -247.136520386, 258.736175537, 72.3566741943, 5.73442840576, 34.4752349854, 118.983802795, 188.78326416, 419.143768311, 156.702667236, -31.4710922241, -85.8374404907, -24.4278907776], [177.250717163, -128.147888184, 115.301300049, 7.63783073425, 33.9669303894, 15.0207662582, -26.0929660797, 33.4061508179, 156.702667236, 255.353683472, 122.250434875, -1.7956455946, -61.7605819702], [280.958831787, -1.01726675034, 10.2050294876, -23.1769065857, 60.371837616, 50.7368354797, -16.958656311, -71.6523208618, -31.4710922241, 122.250434875, 237.524353027, 122.597427368, -7.442445755], [349.106262207, 60.992477417, -4.30416727066, 2.14889407158, 50.3528175354, 20.5846290588, -42.8345909119, -81.3384552002, -85.8374404907, -1.7956455946, 122.597427368, 209.986694336, 111.671920776], [-99.3706283569, -5.72542858124, -34.5517921448, 11.8632068634, -43.2968597412, -23.1473178864, 16.8826255798, 26.3471336365, -24.4278907776, -61.7605819702, -7.442445755, 111.671920776, 284.643463135]],
