{
"lowlevel": {
    "average_loudness": 0.969206988811,
    "barkbands_crest": {
        "dmean": 3.03839540482,
        "dmean2": 5.03955554962,
        "dvar": 8.64935207367,
        "dvar2": 23.5592651367,
        "max": 26.0841369629,
        "mean": 10.2727823257,
        "median": 9.3952703476,
        "min": 2.31149339676,
        "var": 18.5933074951
    },
    "barkbands_flatness_db": {
        "dmean": 0.0243172422051,
        "dmean2": 0.0386045277119,
        "dvar": 0.000653054332361,
        "dvar2": 0.00161043950357,
        "max": 0.453258126974,
        "mean": 0.162473499775,
        "median": 0.148330911994,
        "min": 0.0568902008235,
        "var": 0.00270154443569
    },
    "barkbands_kurtosis": {
        "dmean": 5.22023534775,
        "dmean2": 8.26672554016,
        "dvar": 501.838592529,
        "dvar2": 1280.34729004,
        "max": 583.518432617,
        "mean": 5.56572580338,
        "median": 0.366389751434,
        "min": -1.94603478909,
        "var": 589.300720215
    },
    "barkbands_skewness": {
        "dmean": 0.708358645439,
        "dmean2": 1.08473527431,
        "dvar": 1.08976554871,
        "dvar2": 2.52720069885,
        "max": 20.2065811157,
        "mean": 1.63039040565,
        "median": 1.18189060688,
        "min": -3.53194332123,
        "var": 2.9470512867
    },
    "barkbands_spread": {
        "dmean": 7.01630592346,
        "dmean2": 10.9720315933,
        "dvar": 67.2912216187,
        "dvar2": 163.235626221,
        "max": 98.0739822388,
        "mean": 30.0991611481,
        "median": 31.0515213013,
        "min": 0.445218116045,
        "var": 203.22277832
    },
    "dissonance": {
        "dmean": 0.0126686794683,
        "dmean2": 0.0211348701268,
        "dvar": 0.000244211871177,
        "dvar2": 0.000619811587967,
        "max": 0.499975949526,
        "mean": 0.475534051657,
        "median": 0.484051436186,
        "min": 0.199913948774,
        "var": 0.000752082618419
    },
    "dynamic_complexity": 1.81523168087,
    "erbbands_crest": {
        "dmean": 2.53013801575,
        "dmean2": 4.08956003189,
        "dvar": 5.894780159,
        "dvar2": 14.3020601273,
        "max": 33.1597328186,
        "mean": 8.59810066223,
        "median": 7.38305854797,
        "min": 2.36642432213,
        "var": 19.869102478
    },
    "erbbands_flatness_db": {
        "dmean": 0.0134718380868,
        "dmean2": 0.0201028324664,
        "dvar": 0.000166422963957,
        "dvar2": 0.000341682665749,
        "max": 0.42611977458,
        "mean": 0.175535023212,
        "median": 0.173193767667,
        "min": 0.10093203932,
        "var": 0.00103938847315
    },
    "erbbands_kurtosis": {
        "dmean": 0.992618024349,
        "dmean2": 1.52121973038,
        "dvar": 4.821788311,
        "dvar2": 8.94196891785,
        "max": 113.651924133,
        "mean": 0.720320165157,
        "median": 0.119900465012,
        "min": -1.81702780724,
        "var": 16.4608612061
    },
    "erbbands_skewness": {
        "dmean": 0.338896691799,
        "dmean2": 0.506242036819,
        "dvar": 0.138138189912,
        "dvar2": 0.297487735748,
        "max": 9.55539512634,
        "mean": -0.185440137982,
        "median": -0.268003076315,
        "min": -3.29453969002,
        "var": 0.816857457161
    },
    "erbbands_spread": {
        "dmean": 9.44111537933,
        "dmean2": 14.513838768,
        "dvar": 112.448631287,
        "dvar2": 254.904830933,
        "max": 163.77835083,
        "mean": 42.9056015015,
        "median": 37.8404083252,
        "min": 2.23565173149,
        "var": 439.205566406
    },
    "hfc": {
        "dmean": 7.78927135468,
        "dmean2": 12.0736560822,
        "dvar": 89.2950897217,
        "dvar2": 220.559783936,
        "max": 110.232070923,
        "mean": 30.9669685364,
        "median": 31.1384372711,
        "min": 0.000852205615956,
        "var": 311.443267822
    },
    "melbands_crest": {
        "dmean": 3.51405763626,
        "dmean2": 5.79393577576,
        "dvar": 8.55471897125,
        "dvar2": 22.4850921631,
        "max": 33.7551383972,
        "mean": 15.6591281891,
        "median": 15.3018360138,
        "min": 3.92632484436,
        "var": 22.5945854187
    },
    "melbands_flatness_db": {
        "dmean": 0.0313789211214,
        "dmean2": 0.0485742017627,
        "dvar": 0.00106145406608,
        "dvar2": 0.00255651958287,
        "max": 0.522257804871,
        "mean": 0.192669197917,
        "median": 0.177711635828,
        "min": 0.0391644388437,
        "var": 0.00454414822161
    },
    "melbands_kurtosis": {
        "dmean": 14.7598848343,
        "dmean2": 22.5239849091,
        "dvar": 1934.91906738,
        "dvar2": 3950.5300293,
        "max": 1038.0078125,
        "mean": 22.5441837311,
        "median": 7.38440036774,
        "min": -1.86993706226,
        "var": 3709.49853516
    },
    "melbands_skewness": {
        "dmean": 1.0478272438,
        "dmean2": 1.60712766647,
        "dvar": 1.87722337246,
        "dvar2": 4.18098926544,
        "max": 23.9541454315,
        "mean": 3.29809689522,
        "median": 2.65413498878,
        "min": -0.813257753849,
        "var": 6.07522201538
    },
    "melbands_spread": {
        "dmean": 9.06829357147,
        "dmean2": 14.3897838593,
        "dvar": 99.3190078735,
        "dvar2": 231.315689087,
        "max": 241.18572998,
        "mean": 28.1702213287,
        "median": 26.8114261627,
        "min": 0.306797027588,
        "var": 324.815643311
    },
    "pitch_salience": {
        "dmean": 0.0779534429312,
        "dmean2": 0.127689525485,
        "dvar": 0.0055433306843,
        "dvar2": 0.0145820323378,
        "max": 0.844385027885,
        "mean": 0.504185974598,
        "median": 0.510765016079,
        "min": 0.0984615907073,
        "var": 0.0129164364189
    },
    "silence_rate_20dB": {
        "dmean": 0,
        "dmean2": 0,
        "dvar": 0,
        "dvar2": 0,
        "max": 1,
        "mean": 1,
        "median": 1,
        "min": 1,
        "var": 0
    },
    "silence_rate_30dB": {
        "dmean": 0.0294345468283,
        "dmean2": 0.058891903609,
        "dvar": 0.0285680517554,
        "dvar2": 0.0794436633587,
        "max": 1,
        "mean": 0.982191264629,
        "median": 1,
        "min": 0,
        "var": 0.0174913350493
    },
    "silence_rate_60dB": {
        "dmean": 0.00619674660265,
        "dmean2": 0.0123982951045,
        "dvar": 0.00615823920816,
        "dvar2": 0.0168934296817,
        "max": 1,
        "mean": 0.0150987226516,
        "median": 0,
        "min": 0,
        "var": 0.0148716466501
    },
    "spectral_centroid": {
        "dmean": 283.77355957,
        "dmean2": 433.178863525,
        "dvar": 93129.2890625,
        "dvar2": 214283.578125,
        "max": 4840.44482422,
        "mean": 1707.05480957,
        "median": 1767.14355469,
        "min": 197.080734253,
        "var": 389185.5
    },
    "spectral_complexity": {
        "dmean": 4.72734308243,
        "dmean2": 7.02905845642,
        "dvar": 20.5630989075,
        "dvar2": 42.554271698,
        "max": 60,
        "mean": 29.3472709656,
        "median": 33,
        "min": 0,
        "var": 193.14175415
    },
    "spectral_decrease": {
        "dmean": 3.82196052584e-09,
        "dmean2": 6.32765928543e-09,
        "dvar": 3.07950408503e-17,
        "dvar2": 8.20945060398e-17,
        "max": -2.04821579077e-13,
        "mean": -1.04614752416e-08,
        "median": -9.52163770052e-09,
        "min": -5.89082524982e-08,
        "var": 4.01001444534e-17
    },
    "spectral_energy": {
        "dmean": 0.0147739797831,
        "dmean2": 0.0244243554771,
        "dvar": 0.000447195518063,
        "dvar2": 0.00118599203415,
        "max": 0.226709201932,
        "mean": 0.0422928407788,
        "median": 0.0390676856041,
        "min": 8.5033934738e-07,
        "var": 0.000605028879363
    },
    "spectral_energyband_high": {
        "dmean": 0.000690701243002,
        "dmean2": 0.00110421772115,
        "dvar": 1.20929428249e-06,
        "dvar2": 3.07363575303e-06,
        "max": 0.0119998082519,
        "mean": 0.00145630387124,
        "median": 0.00106740114279,
        "min": 3.91762640106e-08,
        "var": 1.99019245883e-06
    },
    "spectral_energyband_low": {
        "dmean": 0.013155406341,
        "dmean2": 0.0218131262809,
        "dvar": 0.000456583540654,
        "dvar2": 0.00123867741786,
        "max": 0.205923318863,
        "mean": 0.0234633367509,
        "median": 0.0175264943391,
        "min": 2.60594077872e-07,
        "var": 0.000496605644003
    },
    "spectral_energyband_middle_high": {
        "dmean": 0.00219940324314,
        "dmean2": 0.00330778048374,
        "dvar": 6.18842477706e-06,
        "dvar2": 1.4699598978e-05,
        "max": 0.0354248397052,
        "mean": 0.00849569868296,
        "median": 0.00801492575556,
        "min": 2.48259965474e-07,
        "var": 3.93354530388e-05
    },
    "spectral_energyband_middle_low": {
        "dmean": 0.00439830403775,
        "dmean2": 0.00710668135434,
        "dvar": 2.60509241343e-05,
        "dvar2": 6.67589192744e-05,
        "max": 0.0740944966674,
        "mean": 0.0109137687832,
        "median": 0.0090855229646,
        "min": 3.46700460341e-07,
        "var": 6.06555258855e-05
    },
    "spectral_entropy": {
        "dmean": 0.127553120255,
        "dmean2": 0.176437333226,
        "dvar": 0.0214002132416,
        "dvar2": 0.0418640561402,
        "max": 8.66956710815,
        "mean": 7.74172306061,
        "median": 7.79681777954,
        "min": 5.18598747253,
        "var": 0.116340711713
    },
    "spectral_flux": {
        "dmean": 0.0294453557581,
        "dmean2": 0.0460236817598,
        "dvar": 0.00114026200026,
        "dvar2": 0.00242732348852,
        "max": 0.404900670052,
        "mean": 0.109123662114,
        "median": 0.102943539619,
        "min": 0.000922138453461,
        "var": 0.00227372627705
    },
    "spectral_kurtosis": {
        "dmean": 1.31937325001,
        "dmean2": 2.2832736969,
        "dvar": 1.74497199059,
        "dvar2": 5.05316495895,
        "max": 20.9187412262,
        "mean": 2.08011627197,
        "median": 1.74351787567,
        "min": -0.98174071312,
        "var": 3.27393984795
    },
    "spectral_rms": {
        "dmean": 0.00104417081457,
        "dmean2": 0.00168575847056,
        "dvar": 1.46993988892e-06,
        "dvar2": 3.74411661141e-06,
        "max": 0.0148721123114,
        "mean": 0.00616418151185,
        "median": 0.006173719652,
        "min": 2.88027677016e-05,
        "var": 3.26429426423e-06
    },
    "spectral_rolloff": {
        "dmean": 548.94744873,
        "dmean2": 920.997009277,
        "dvar": 690031.375,
        "dvar2": 1587574.125,
        "max": 9043.9453125,
        "mean": 1606.25866699,
        "median": 1571.92382812,
        "min": 64.599609375,
        "var": 1503615
    },
    "spectral_skewness": {
        "dmean": 0.201042860746,
        "dmean2": 0.327929735184,
        "dvar": 0.0350470878184,
        "dvar2": 0.0895707085729,
        "max": 3.62508559227,
        "mean": 0.95599001646,
        "median": 0.935937345028,
        "min": -0.322052210569,
        "var": 0.117894791067
    },
    "spectral_spread": {
        "dmean": 379813.46875,
        "dmean2": 563731.5625,
        "dvar": 228742856704,
        "dvar2": 385523286016,
        "max": 16539701,
        "mean": 3991157.5,
        "median": 3798364.5,
        "min": 2064796.375,
        "var": 1.08145528013e+12
    },
    "spectral_strongpeak": {
        "dmean": 0.452950686216,
        "dmean2": 0.787266016006,
        "dvar": 0.842287302017,
        "dvar2": 2.09993600845,
        "max": 9.43888187408,
        "mean": 0.689478754997,
        "median": 0.384848773479,
        "min": 0.000351304304786,
        "var": 0.946465611458
    },
    "zerocrossingrate": {
        "dmean": 0.0095742456615,
        "dmean2": 0.0113960038871,
        "dvar": 0.000113655471068,
        "dvar2": 0.000139501236845,
        "max": 0.3251953125,
        "mean": 0.0608816593885,
        "median": 0.06005859375,
        "min": 0.00341796875,
        "var": 0.000720960262697
    },
    "barkbands": {
        "dmean": [0.000250481796684, 0.00988679751754, 0.00476348306984, 0.00218544830568, 0.00161415245384, 0.000637229823042, 0.000647988927085, 0.000821298919618, 0.000916441669688, 0.000504649942741, 0.000362551916623, 0.000479279551655, 0.000444518518634, 0.000660969177261, 0.00042270636186, 0.000533441547304, 0.000464074983029, 0.000269630836556, 0.000363850034773, 0.000233368162299, 0.000204680924071, 0.000189045313164, 0.000156189140398, 0.000139762763865, 1.96585006051e-05, 2.09188435463e-08, 9.32464594428e-09],
        "dmean2": [0.000401819794206, 0.0170266442001, 0.00767219578847, 0.00347047066316, 0.00274824700318, 0.00100500928238, 0.00101431144867, 0.00126140040811, 0.00142513634637, 0.0007774902042, 0.000581138418056, 0.000748209422454, 0.000700877222698, 0.00108878174797, 0.000677653646562, 0.000875460566022, 0.000775144086219, 0.000440245581558, 0.000591848453041, 0.000384652143111, 0.000343568506651, 0.000315255398164, 0.000253549165791, 0.000211123944609, 3.14951030305e-05, 3.50266162741e-08, 1.76884071834e-08],
        "dvar": [2.4526315201e-07, 0.000375133269699, 4.33537279605e-05, 1.14896829473e-05, 6.78215519656e-06, 1.43381498674e-06, 2.41495058617e-06, 2.77798926618e-06, 2.49275035458e-06, 1.13823818992e-06, 1.07825928808e-06, 1.04387038391e-06, 9.63532102105e-07, 1.47009677676e-06, 8.52600464896e-07, 5.23191090451e-07, 3.13374670213e-07, 1.40067712096e-07, 3.85016846849e-07, 1.14886063329e-07, 9.25214749259e-08, 9.44646103562e-08, 6.64311556875e-08, 1.46009881519e-07, 2.93870572321e-09, 3.85201573533e-15, 2.5836630944e-15],
        "dvar2": [5.32975320766e-07, 0.00104904372711, 9.80351614999e-05, 2.40171684709e-05, 1.90284081327e-05, 3.38070640282e-06, 5.51669427296e-06, 5.93320510234e-06, 5.8110658756e-06, 2.46770582635e-06, 2.61737432083e-06, 2.21517666432e-06, 2.35417860495e-06, 3.6225619624e-06, 2.09654785976e-06, 1.28739054617e-06, 8.30116221096e-07, 3.66801913287e-07, 1.02173191863e-06, 2.96633032804e-07, 2.47582335078e-07, 2.4612856464e-07, 1.6445608253e-07, 3.22661605878e-07, 6.58938059672e-09, 1.01181846376e-14, 7.62349049583e-15],
        "max": [0.00577857671306, 0.182089209557, 0.11267786473, 0.0713218748569, 0.0350121743977, 0.0198961161077, 0.0272617191076, 0.0256047081202, 0.0218878742307, 0.0193384271115, 0.018030911684, 0.0158712081611, 0.0146077414975, 0.0217722393572, 0.0174616407603, 0.014432949014, 0.00692669767886, 0.00742825167254, 0.010668752715, 0.00734985340387, 0.00319090532139, 0.00295020313933, 0.003889326239, 0.00830840785056, 0.00116177229211, 1.11935639779e-06, 1.11965380256e-06],
        "mean": [0.00029729315429, 0.0139497378841, 0.0073171085678, 0.00319895381108, 0.00235555809923, 0.00112081202678, 0.000997657654807, 0.00139834696893, 0.00156853953376, 0.0010377970757, 0.000532306963578, 0.000803030037787, 0.000673520320561, 0.00110974686686, 0.000719773757737, 0.00110927550122, 0.0010213261703, 0.000604649481829, 0.000772310770117, 0.000466872967081, 0.000379493169021, 0.000323836953612, 0.00027253467124, 0.000237141081016, 2.52269564953e-05, 2.3328402321e-08, 5.76292702448e-09],
        "median": [0.000119327145512, 0.00925394520164, 0.00469824438915, 0.00165690016001, 0.00147083518095, 0.00057741854107, 0.000361523590982, 0.000379586534109, 0.00072016561171, 0.000302670086967, 0.000189136088011, 0.00035551757901, 0.000283112807665, 0.000678201846313, 0.000363460276276, 0.000835728365928, 0.000859437102918, 0.000437676440924, 0.000537855084985, 0.000281719199847, 0.00030415711808, 0.000192072679056, 0.000142871518619, 9.84349026112e-05, 8.92083608051e-06, 9.11598529996e-09, 7.30448312947e-10],
        "min": [1.59185276072e-09, 3.15957109365e-08, 1.17677805278e-08, 1.70451208703e-08, 6.06535834891e-08, 2.0905948972e-08, 1.07382041037e-08, 9.21796612374e-08, 6.69608724024e-08, 1.27571606612e-08, 6.44035935693e-09, 4.26441282286e-08, 6.03216605555e-08, 1.01727852808e-08, 2.2167018443e-08, 2.49230502902e-08, 1.45072078794e-08, 2.18701892152e-08, 2.79092660094e-08, 1.54787880291e-08, 1.08657207676e-08, 6.55095400148e-09, 9.29482357748e-09, 1.84020876315e-09, 5.98070334576e-12, 3.53086396926e-12, 5.36075177304e-12],
        "var": [2.83007437929e-07, 0.000311629060889, 8.44095484354e-05, 2.64532445726e-05, 7.73700321588e-06, 2.74358649222e-06, 4.33370223618e-06, 8.21429239295e-06, 6.16623219685e-06, 4.72516512673e-06, 1.8941992721e-06, 2.61218451669e-06, 1.77106551291e-06, 2.70393366009e-06, 1.49035861341e-06, 1.38655479986e-06, 8.12304563169e-07, 4.36318771335e-07, 7.8638498735e-07, 2.97641719271e-07, 1.23217361647e-07, 1.33232987309e-07, 1.12228526916e-07, 2.57873949749e-07, 4.0569148041e-09, 3.49563403431e-15, 1.36342308954e-15]
    },
    "erbbands": {
        "dmean": [0.225236415863, 2.44465374947, 5.36903572083, 6.25849819183, 6.1682806015, 5.3247256279, 5.10163736343, 4.97192430496, 7.20899868011, 12.1811132431, 19.5832557678, 21.0676116943, 14.7470617294, 15.4915733337, 13.3215656281, 20.0587406158, 18.7647018433, 28.6247520447, 23.462726593, 20.0348529816, 31.2353153229, 24.7900905609, 12.023522377, 22.7021198273, 11.364525795, 10.4278869629, 8.50177192688, 8.23310089111, 6.35007476807, 6.43874597549, 4.11167383194, 3.56582713127, 1.88341426849, 0.426123678684, 0.0182893015444, 0.000898471102118, 8.27365365694e-05, 1.75391378434e-05, 1.01003088275e-05, 1.70609109773e-05],
        "dmean2": [0.392460763454, 4.18704080582, 8.72901725769, 9.79886245728, 10.4929141998, 8.88924598694, 8.15141487122, 7.89694452286, 11.649430275, 19.4390468597, 29.9592857361, 32.5447540283, 22.9723148346, 23.1437511444, 21.6413288116, 30.5323238373, 29.3387641907, 46.8213729858, 38.2047080994, 31.104347229, 51.4006156921, 41.2234344482, 19.3075428009, 37.5122795105, 18.4675769806, 17.0960083008, 14.331079483, 13.8387966156, 10.5438089371, 10.7271213531, 6.58636713028, 5.50813055038, 2.86237096786, 0.660467505455, 0.0288033168763, 0.00140620511957, 0.000130017797346, 2.81504089799e-05, 1.6329691789e-05, 2.80161857518e-05],
        "dvar": [0.198543816805, 22.2311820984, 52.037651062, 79.7968902588, 87.0050201416, 86.4457778931, 78.2660217285, 123.772659302, 250.310317993, 968.335021973, 1555.80578613, 1435.14672852, 1092.03564453, 1198.81933594, 1130.77954102, 1775.05078125, 1709.1138916, 3386.51660156, 2276.0546875, 1740.3260498, 1541.41125488, 866.558105469, 294.610900879, 1194.86120605, 243.64654541, 231.863769531, 185.966995239, 145.78742981, 104.359207153, 105.668327332, 51.1343917847, 83.1772994995, 32.7282218933, 1.34850871563, 0.00415004137903, 8.24509788799e-06, 4.31708677695e-08, 2.00733762945e-09, 2.4129218068e-10, 5.47233591774e-10],
        "dvar2": [0.558945059776, 62.0124092102, 127.627685547, 163.784317017, 238.297271729, 232.41847229, 191.442596436, 307.29989624, 608.486572266, 2240.61962891, 3129.41113281, 3421.68261719, 2272.94213867, 2611.03710938, 2980.98754883, 3618.60668945, 4034.91552734, 8314.19824219, 5907.19238281, 3876.33203125, 4084.38867188, 2264.45678711, 711.097229004, 3240.00805664, 622.681091309, 605.065368652, 497.585784912, 391.558837891, 270.037811279, 275.584838867, 122.936225891, 190.364273071, 72.702835083, 2.93252325058, 0.00939381215721, 1.8272374291e-05, 9.67467599367e-08, 5.04093344844e-09, 6.1024973963e-10, 1.4290800765e-09],
        "max": [4.05995416641, 45.9977149963, 97.7328948975, 145.491714478, 96.2753143311, 125.161491394, 123.492401123, 214.358398438, 305.771484375, 612.438964844, 640.254699707, 605.264099121, 683.442810059, 745.403076172, 620.510986328, 802.219726562, 721.311828613, 1358.0892334, 934.174621582, 776.886291504, 425.203735352, 419.357971191, 484.184387207, 543.044067383, 277.216278076, 330.370941162, 203.562713623, 115.248344421, 108.876182556, 131.80456543, 104.85320282, 181.28288269, 169.084243774, 25.3522548676, 1.75199449062, 0.0745711773634, 0.00399269536138, 0.000712292385288, 0.000211434002267, 0.000254175189184],
        "mean": [0.306320160627, 3.45124864578, 8.63124847412, 10.3257350922, 8.8267660141, 7.61431884766, 9.00843906403, 8.16950130463, 10.9709234238, 21.5925693512, 36.0534095764, 36.0557746887, 30.0789299011, 31.8887710571, 21.8297939301, 36.1421737671, 32.3149757385, 49.7224655151, 46.9269790649, 42.4729347229, 68.1955490112, 57.4797782898, 31.521320343, 48.9000663757, 27.2706241608, 22.0304698944, 15.0062475204, 15.3151054382, 11.1069383621, 10.9771547318, 7.19360208511, 5.85655593872, 3.1937983036, 0.639954328537, 0.0235459655523, 0.00128533283714, 0.000146391335875, 3.22315645462e-05, 2.97534097626e-05, 5.21971815033e-05],
        "median": [0.192084401846, 2.24418449402, 6.19395542145, 6.18109178543, 5.46058130264, 4.20680618286, 4.06237125397, 4.47032642365, 5.08014011383, 6.60284852982, 12.6449594498, 16.5933799744, 11.4625816345, 10.2645406723, 11.2029523849, 16.3361129761, 15.1852149963, 30.451177597, 29.5458202362, 24.5493869781, 55.49401474, 50.0977401733, 24.4713954926, 35.7317504883, 18.5397262573, 13.6693229675, 9.69067764282, 12.6870145798, 6.62349176407, 6.53927469254, 3.49506402016, 2.32706904411, 1.41377651691, 0.273085534573, 0.00831922050565, 0.000522482092492, 7.8855366155e-05, 1.95926440938e-05, 2.72557699645e-05, 4.95676467835e-05],
        "min": [2.40635722548e-06, 2.71810822596e-05, 5.05503521708e-05, 0.000216190193896, 0.000287180795567, 0.000157850445248, 0.000217428911128, 0.000128877494717, 0.000226978532737, 0.000434612040408, 0.00253735482693, 0.00168371025939, 0.000546722032595, 0.000248517288128, 0.000620954495389, 0.00166292290669, 0.0023734155111, 0.00139330769889, 0.00135004986078, 0.000897258403711, 0.00140573480166, 0.000647890206892, 0.000427795079304, 0.00253566517495, 0.000860010564793, 0.000925025145989, 0.00030252817669, 0.000518568966072, 0.000264554400928, 0.000341627193848, 0.000212983897654, 0.000116563838674, 4.14659098169e-06, 2.39258469037e-07, 4.86619207152e-08, 1.6239390277e-08, 8.4552054247e-09, 4.28661461882e-09, 1.28975108371e-09, 1.13413511915e-09],
        "var": [0.166462913156, 18.8264484406, 85.7498550415, 192.681518555, 112.1563797, 109.567108154, 179.42364502, 174.172698975, 360.929656982, 2380.6394043, 4799.42529297, 3180.03515625, 4116.11865234, 4580.70019531, 1704.58203125, 5138.38476562, 3695.609375, 6345.49121094, 4970.73486328, 5164.67382812, 3934.44067383, 2379.26147461, 1115.83935547, 2697.80908203, 832.653869629, 650.171813965, 284.710571289, 192.47819519, 152.79498291, 151.88835144, 91.1033706665, 145.713821411, 51.0981712341, 2.08359360695, 0.00496272323653, 1.07754767669e-05, 6.45694058221e-08, 2.43584619142e-09, 3.58624324681e-10, 8.10761346948e-10]
    },
    "gfcc": {
        "mean": [12.3614597321, 120.418045044, -150.422592163, 79.9573135376, -61.5482406616, 28.6361274719, -26.0896949768, 0.793836832047, 3.23321771622, -21.8084545135, 3.46346497536, -22.5353317261, 1.82968831062],
        "cov": [[3447.8815918, -254.203643799, -676.496582031, 42.6130905151, -15.3847780228, 158.26512146, -92.9768600464, 107.414115906, 69.7768783569, 124.041053772, -39.6546897888, -21.4481620789, -56.37059021], [-254.203643799, 539.004394531, -70.9449157715, -74.7191162109, 176.492797852, -161.067092896, 133.63508606, -23.9309539795, 47.0490531921, -48.4554786682, 38.6305541992, -34.2582588196, 6.82725191116], [-676.496582031, -70.9449157715, 616.947692871, 161.267578125, -34.2601470947, 66.5815887451, -58.836894989, 10.268784523, -51.3383750916, -20.0773582458, -2.59836554527, 11.4283046722, 49.0760421753], [42.6130905151, -74.7191162109, 161.267578125, 332.712402344, 172.678833008, 1.76433694363, -20.3456439972, -9.47177410126, -6.39358043671, 35.0442314148, 2.50194573402, 0.0116234151646, 19.8628902435], [-15.3847780228, 176.492797852, -34.2601470947, 172.678833008, 333.935211182, -19.8124809265, 56.5311775208, 11.5604095459, 22.0282821655, 17.6428222656, 31.8069267273, -25.5383815765, 13.258723259], [158.26512146, -161.067092896, 66.5815887451, 1.76433694363, -19.8124809265, 225.443771362, 21.9139080048, 29.0154495239, -4.88954973221, 6.30791330338, -6.74726867676, 24.4113521576, -1.46320343018], [-92.9768600464, 133.63508606, -58.836894989, -20.3456439972, 56.5311775208, 21.9139080048, 194.979782104, 27.5008144379, 27.8161888123, -24.2476119995, 3.02056288719, -8.83818626404, -19.0680046082], [107.414115906, -23.9309539795, 10.268784523, -9.47177410126, 11.5604095459, 29.0154495239, 27.5008144379, 116.115631104, 37.809753418, 18.3475608826, 0.178177982569, -20.6388111115, 4.11853647232], [69.7768783569, 47.0490531921, -51.3383750916, -6.39358043671, 22.0282821655, -4.88954973221, 27.8161888123, 37.809753418, 99.0448455811, 34.2795677185, 7.27812194824, -6.21604013443, -9.90761470795], [124.041053772, -48.4554786682, -20.0773582458, 35.0442314148, 17.6428222656, 6.30791330338, -24.2476119995, 18.3475608826, 34.2795677185, 80.4822540283, 29.3417224884, -2.19669246674, 2.35488915443], [-39.6546897888, 38.6305541992, -2.59836554527, 2.50194573402, 31.8069267273, -6.74726867676, 3.02056288719, 0.178177982569, 7.27812194824, 29.3417224884, 69.57056427, 24.956193924, 8.52449035645], [-21.4481620789, -34.2582588196, 11.4283046722, 0.0116234151646, -25.5383815765, 24.4113521576, -8.83818626404, -20.6388111115, -6.21604013443, -2.19669246674, 24.956193924, 69.5550308228, 27.5964736938], [-56.37059021, 6.82725191116, 49.0760421753, 19.8628902435, 13.258723259, -1.46320343018, -19.0680046082, 4.11853647232, -9.90761470795, 2.35488915443, 8.52449035645, 27.5964736938, 68.2943725586]],
        "icov": [[0.000634037365671, -0.000901479506865, 0.00125906593166, -0.00134131987579, 0.00104256498162, -0.00124063005205, 0.00100545526948, -0.00116277555935, 0.000629791175015, -0.000665988074616, 0.000546382856555, -0.000143916244269, 0.000324957887642], [-0.000901479506865, 0.0092396857217, -0.00343458354473, 0.0066438340582, -0.00664291111752, 0.00651607150212, -0.00527677079663, 0.00565695995465, -0.00570002151653, 0.00570222036913, -0.0049229087308, 0.00395322917029, -0.00352364615537], [0.00125906593166, -0.00343458354473, 0.0055072051473, -0.00588193861768, 0.00477312272415, -0.00446548266336, 0.00329588470049, -0.0035239062272, 0.00228765211068, 0.000241317364271, -0.000362351536751, 0.00116765731946, -0.000856792263221], [-0.00134131987579, 0.0066438340582, -0.00588193861768, 0.0125316055492, -0.009751169011, 0.00637356750667, -0.00420491723344, 0.00532714137807, -0.00269536394626, -0.00112268212251, 0.00149705610238, -0.00153330678586, -0.000574511592276], [0.00104256498162, -0.00664291111752, 0.00477312272415, -0.009751169011, 0.0117543423548, -0.00590156763792, 0.00294226943515, -0.00405781622976, 0.00256026233546, -0.000597773876507, -0.00231618131511, 0.0032844261732, -0.00105754774995], [-0.00124063005205, 0.00651607150212, -0.00446548266336, 0.00637356750667, -0.00590156763792, 0.0110974824056, -0.00528057292104, 0.00257349852473, -0.00229575438425, 0.00110407441389, -2.5015697247e-05, -0.0026203172747, 0.00012452363444], [0.00100545526948, -0.00527677079663, 0.00329588470049, -0.00420491723344, 0.00294226943515, -0.00528057292104, 0.0104224029928, -0.00504086725414, 0.00114667008165, 0.000924521766137, 0.00116541748866, -0.00171189766843, 0.00342233595438], [-0.00116277555935, 0.00565695995465, -0.0035239062272, 0.00532714137807, -0.00405781622976, 0.00257349852473, -0.00504086725414, 0.0163652580231, -0.00789674092084, 0.00280864560045, -0.00440184073523, 0.00821291375905, -0.00610548071563], [0.000629791175015, -0.00570002151653, 0.00228765211068, -0.00269536394626, 0.00256026233546, -0.00229575438425, 0.00114667008165, -0.00789674092084, 0.0191327761859, -0.0119893532246, 0.00712184747681, -0.00686859013513, 0.0055553810671], [-0.000665988074616, 0.00570222036913, 0.000241317364271, -0.00112268212251, -0.000597773876507, 0.00110407441389, 0.000924521766137, 0.00280864560045, -0.0119893532246, 0.0291035883129, -0.0175472479314, 0.0113892946392, -0.00589298922569], [0.000546382856555, -0.0049229087308, -0.000362351536751, 0.00149705610238, -0.00231618131511, -2.5015697247e-05, 0.00116541748866, -0.00440184073523, 0.00712184747681, -0.0175472479314, 0.0305696576834, -0.0177879109979, 0.00681836996228], [-0.000143916244269, 0.00395322917029, 0.00116765731946, -0.00153330678586, 0.0032844261732, -0.0026203172747, -0.00171189766843, 0.00821291375905, -0.00686859013513, 0.0113892946392, -0.0177879109979, 0.0324564352632, -0.0148580567911], [0.000324957887642, -0.00352364615537, -0.000856792263221, -0.000574511592276, -0.00105754774995, 0.00012452363444, 0.00342233595438, -0.00610548071563, 0.0055553810671, -0.00589298922569, 0.00681836996228, -0.0148580567911, 0.023739375174]]
    },
    "melbands": {
        "dmean": [0.00243080547079, 0.00286801485345, 0.00103223009501, 0.000407397659728, 0.000174547123606, 0.000114885391667, 0.000113820955448, 0.000136467875564, 0.000165535340784, 0.000127639505081, 7.45653669583e-05, 6.54922187096e-05, 4.81766619487e-05, 5.05331954628e-05, 5.47377603652e-05, 3.93092996092e-05, 6.02289583185e-05, 4.5023036364e-05, 2.8855227356e-05, 3.13198215736e-05, 4.11599030485e-05, 3.02632834064e-05, 1.66937406902e-05, 1.34481351779e-05, 2.13628063648e-05, 1.11123681563e-05, 9.1552565209e-06, 7.1602303251e-06, 5.86957503401e-06, 5.22931350133e-06, 4.96109350934e-06, 3.40306928592e-06, 4.62932757728e-06, 3.42605221704e-06, 2.44534066951e-06, 2.35866650655e-06, 2.28072053687e-06, 1.58622879098e-06, 7.92986725173e-07, 2.13215855638e-07],
        "dmean2": [0.004207840655, 0.00472878850996, 0.00163377751596, 0.000696075323503, 0.000280147854937, 0.000181677896762, 0.000181534676813, 0.000218496730668, 0.000254115671851, 0.000198564986931, 0.000116178605822, 9.78286552709e-05, 7.82725692261e-05, 7.81334165367e-05, 8.59890787979e-05, 6.19806451141e-05, 9.86525119515e-05, 7.42186748539e-05, 4.51651321782e-05, 4.99477100675e-05, 6.77017960697e-05, 5.02804614371e-05, 2.71949429589e-05, 2.20496531256e-05, 3.55559350282e-05, 1.80555216502e-05, 1.53641703946e-05, 1.18808793559e-05, 9.94728179649e-06, 8.80756124388e-06, 8.38374307932e-06, 5.67571805732e-06, 7.85980773799e-06, 5.66233075006e-06, 3.93436266677e-06, 3.74571800421e-06, 3.5196430872e-06, 2.42790088123e-06, 1.22609856135e-06, 3.43306396644e-07],
        "dvar": [2.31348931266e-05, 1.88567373698e-05, 1.92780635189e-06, 4.61848657096e-07, 7.84023796996e-08, 5.83784114383e-08, 6.25594793746e-08, 9.72784803821e-08, 9.74628875383e-08, 5.19689358214e-08, 2.7724842866e-08, 2.10427835157e-08, 1.82208488297e-08, 1.42619391852e-08, 1.43741010206e-08, 6.63642296672e-09, 1.4418855443e-08, 7.67714514183e-09, 3.6625718014e-09, 2.50493115139e-09, 2.80403389397e-09, 1.29800581394e-09, 5.09778497193e-10, 4.81614581549e-10, 1.1001582978e-09, 3.85920018164e-10, 1.6741136255e-10, 1.31872249232e-10, 9.61720217352e-11, 6.13406339611e-11, 5.08339724481e-11, 3.28437277375e-11, 5.9475049885e-11, 2.87676028832e-11, 1.63192567099e-11, 2.89070642423e-11, 3.60094731811e-11, 2.62621625835e-11, 3.98629393383e-12, 4.43805636772e-13],
        "dvar2": [6.48561690468e-05, 4.98722220073e-05, 4.04504589824e-06, 1.30149112465e-06, 1.90763486785e-07, 1.43260265872e-07, 1.48896972973e-07, 2.2845019032e-07, 1.9505401383e-07, 1.23502118754e-07, 5.78065666446e-08, 4.57808475574e-08, 4.71303351901e-08, 3.13109147498e-08, 3.29607203753e-08, 1.52542991572e-08, 3.53457885183e-08, 1.9596747336e-08, 8.41023783948e-09, 5.34807487185e-09, 7.4910015968e-09, 3.42604011827e-09, 1.29651922531e-09, 1.25203436507e-09, 2.99584557162e-09, 1.02377040179e-09, 4.54861925903e-10, 3.3745614636e-10, 2.58887800086e-10, 1.61282501243e-10, 1.37282796242e-10, 8.58636911572e-11, 1.58724505761e-10, 7.50498205249e-11, 3.9575974442e-11, 7.04948321939e-11, 8.01457233912e-11, 5.93764343249e-11, 8.63502932352e-12, 1.00604366417e-12],
        "max": [0.042691949755, 0.0410509631038, 0.0236833449453, 0.00961442943662, 0.00397999351844, 0.00437916815281, 0.00536945462227, 0.00563982734457, 0.00499206036329, 0.00391920097172, 0.00331911141984, 0.00279998010956, 0.00257386220619, 0.00209857127629, 0.00189785845578, 0.00123002624605, 0.00285470928065, 0.00140326004475, 0.00123894750141, 0.00127341249026, 0.000632096838672, 0.000507338496391, 0.000489510537591, 0.000467621750431, 0.000523664348293, 0.000373552058591, 0.00019454221183, 0.000299771694699, 0.000167795064044, 7.75671433075e-05, 7.01163880876e-05, 7.07122599124e-05, 7.04058911651e-05, 7.62163690524e-05, 5.05941170559e-05, 0.00010979014769, 0.000121684242913, 0.00014390690194, 5.62849199923e-05, 1.70048770087e-05],
        "mean": [0.00339260231704, 0.004723533988, 0.0017834258033, 0.000585145375226, 0.000308773596771, 0.000193136453163, 0.000175546811079, 0.000246634735959, 0.000304701883579, 0.000215265259612, 0.000147614468005, 0.000132726097945, 7.27477672626e-05, 8.48823765409e-05, 8.89836228453e-05, 6.56256452203e-05, 9.69665779849e-05, 8.18870394141e-05, 5.0790989917e-05, 6.2580103986e-05, 8.30967401271e-05, 6.35725737084e-05, 3.39960752171e-05, 2.84770194412e-05, 4.25435027864e-05, 2.27639065997e-05, 1.76651665242e-05, 1.36577373269e-05, 9.2533600764e-06, 8.83413758856e-06, 8.81855066837e-06, 5.67266397411e-06, 7.00413784216e-06, 5.73109173274e-06, 4.0910063035e-06, 3.73904094886e-06, 3.5679966004e-06, 2.55142208516e-06, 1.25999224565e-06, 2.57771716861e-07],
        "median": [0.00221879896708, 0.00348632060923, 0.00113808724564, 0.00035671403748, 0.000151689353515, 0.000107972075057, 8.00335255917e-05, 7.10638996679e-05, 0.000108321823063, 9.74726935965e-05, 5.09307101311e-05, 3.86844621971e-05, 3.03161959891e-05, 3.54969852197e-05, 3.92961374018e-05, 2.92386175715e-05, 5.740110646e-05, 4.86244498461e-05, 2.57103547483e-05, 4.14068708778e-05, 6.61119338474e-05, 5.35754625162e-05, 2.55161849054e-05, 2.00439517357e-05, 3.05104804283e-05, 1.38041286846e-05, 1.12084899229e-05, 8.08720687928e-06, 5.28164309799e-06, 6.79781305735e-06, 7.13217559678e-06, 3.26476424561e-06, 3.82355028705e-06, 3.5028167531e-06, 1.99586816052e-06, 1.57300814863e-06, 1.33808669034e-06, 1.07785206183e-06, 5.74046168822e-07, 8.48213304039e-08],
        "min": [6.61973853511e-09, 2.36494432926e-08, 4.16422878402e-08, 1.42673082237e-08, 7.72465735821e-09, 3.44191741775e-09, 2.91245783046e-09, 7.85670017933e-09, 2.03526049347e-08, 9.22196630171e-09, 2.40805508867e-09, 9.44465505803e-10, 1.43299871969e-09, 2.30845986771e-09, 3.0374722737e-09, 7.36692928882e-09, 1.65689240106e-09, 2.08448081018e-09, 1.27662269644e-09, 1.58131341355e-09, 1.68293301517e-09, 8.96670349082e-10, 7.61764956669e-11, 8.90092832773e-10, 2.29524599327e-09, 5.91619642165e-10, 5.06824637814e-10, 6.38778308026e-10, 1.1321440313e-10, 3.33169880573e-10, 2.59041871287e-10, 1.38870470678e-10, 1.31507887913e-10, 2.21125853739e-10, 1.22712937034e-10, 1.07133218963e-10, 4.47086985489e-11, 1.06160069071e-13, 8.90082753053e-14, 5.88099312087e-14],
        "var": [1.91175058717e-05, 2.26795473282e-05, 4.63171500087e-06, 5.03640421812e-07, 1.75349796905e-07, 8.92633096328e-08, 9.70913731635e-08, 2.67025171752e-07, 3.12765820354e-07, 1.21976341916e-07, 1.07142469119e-07, 8.33446804904e-08, 2.78226188755e-08, 3.29272360489e-08, 3.19633173262e-08, 1.5326330427e-08, 2.51592329192e-08, 1.73188485775e-08, 7.82888420758e-09, 7.97996779767e-09, 6.35532693138e-09, 3.13818460107e-09, 1.31679211979e-09, 1.14282461272e-09, 2.17175721851e-09, 8.3367462933e-10, 3.810188276e-10, 3.18742254812e-10, 1.55649174105e-10, 7.61391782955e-11, 6.7577964058e-11, 4.62160865133e-11, 7.20911524921e-11, 4.19525941764e-11, 2.79207941489e-11, 4.54662002491e-11, 6.47015011013e-11, 3.77846365307e-11, 6.96772761016e-12, 5.50921179336e-13]
    },
    "mfcc": {
        "mean": [-599.613342285, 104.517570496, -4.10694217682, 37.5993652344, 11.0523548126, 17.4765491486, -1.24021399021, 16.7760982513, 2.68827009201, 10.9550647736, 0.494458168745, 4.98042058945, -4.88176631927],
        "cov": [[4094.34008789, -358.471374512, -696.56427002, -154.85395813, -34.5987968445, 43.1170845032, -103.526000977, -22.2842597961, 67.3764572144, 99.6502380371, 116.665016174, 84.8192214966, -18.450958252], [-358.471374512, 597.94354248, -190.992660522, 70.2105407715, -27.4345378876, -59.5244178772, 30.5495700836, 26.2302322388, 6.17825031281, 3.63692140579, 21.3323860168, 6.60561037064, 4.01040315628], [-696.56427002, -190.992660522, 624.462219238, -20.3411865234, 47.5965766907, 24.0240726471, 12.2571630478, 2.23939847946, -3.87695717812, -38.5777244568, -56.9066543579, -23.7563743591, -4.25847482681], [-154.85395813, 70.2105407715, -20.3411865234, 395.522399902, 147.213165283, 32.5514755249, 52.6877975464, -28.5201854706, 14.9493160248, 25.0805797577, -16.2812232971, 3.16787719727, 18.3087081909], [-34.5987968445, -27.4345378876, 47.5965766907, 147.213165283, 256.24420166, 41.0843276978, 47.5540885925, -30.5342826843, 23.9134845734, 17.6054058075, -18.580280304, 20.610414505, 5.02519464493], [43.1170845032, -59.5244178772, 24.0240726471, 32.5514755249, 41.0843276978, 160.282089233, 41.4013671875, 36.1471595764, 7.06100893021, -6.84234380722, 1.8873796463, 14.4867649078, 2.45863604546], [-103.526000977, 30.5495700836, 12.2571630478, 52.6877975464, 47.5540885925, 41.4013671875, 139.861785889, 37.7506370544, 25.3562602997, 4.39444065094, 4.14039564133, 11.5724048615, 9.25835132599], [-22.2842597961, 26.2302322388, 2.23939847946, -28.5201854706, -30.5342826843, 36.1471595764, 37.7506370544, 112.771942139, 31.0844497681, 6.40632629395, 10.2481927872, 8.62152767181, -0.95183545351], [67.3764572144, 6.17825031281, -3.87695717812, 14.9493160248, 23.9134845734, 7.06100893021, 25.3562602997, 31.0844497681, 95.4953613281, 37.5818099976, 20.6541824341, 5.43126964569, 2.31998872757], [99.6502380371, 3.63692140579, -38.5777244568, 25.0805797577, 17.6054058075, -6.84234380722, 4.39444065094, 6.40632629395, 37.5818099976, 87.5411529541, 31.556230545, 23.143825531, -6.34055614471], [116.665016174, 21.3323860168, -56.9066543579, -16.2812232971, -18.580280304, 1.8873796463, 4.14039564133, 10.2481927872, 20.6541824341, 31.556230545, 81.5964889526, 28.1057624817, 11.7383174896], [84.8192214966, 6.60561037064, -23.7563743591, 3.16787719727, 20.610414505, 14.4867649078, 11.5724048615, 8.62152767181, 5.43126964569, 23.143825531, 28.1057624817, 70.9492340088, 20.8836784363], [-18.450958252, 4.01040315628, -4.25847482681, 18.3087081909, 5.02519464493, 2.45863604546, 9.25835132599, -0.95183545351, 2.31998872757, -6.34055614471, 11.7383174896, 20.8836784363, 55.5188789368]],
