{
"lowlevel": {
    "average_loudness": 0.733551383018,
    "barkbands_crest": {
        "dmean": 2.66289901733,
        "dmean2": 4.35050058365,
        "dvar": 7.41475057602,
        "dvar2": 15.7499055862,
        "max": 26.178194046,
        "mean": 9.04704761505,
        "median": 7.35917711258,
        "min": 2.3467104435,
        "var": 30.2414588928
    },
    "barkbands_flatness_db": {
        "dmean": 0.0246129352599,
        "dmean2": 0.0389005057514,
        "dvar": 0.00106533046346,
        "dvar2": 0.00208112644032,
        "max": 0.392005175352,
        "mean": 0.134868979454,
        "median": 0.116849273443,
        "min": 0.0562258213758,
        "var": 0.00375112728216
    },
    "barkbands_kurtosis": {
        "dmean": 5.82598114014,
        "dmean2": 9.75450801849,
        "dvar": 498.913269043,
        "dvar2": 1279.82458496,
        "max": 291.328186035,
        "mean": 6.45208883286,
        "median": -0.127398490906,
        "min": -1.83106005192,
        "var": 686.928833008
    },
    "barkbands_skewness": {
        "dmean": 0.682974278927,
        "dmean2": 1.06739640236,
        "dvar": 1.52475166321,
        "dvar2": 3.46628975868,
        "max": 15.1403141022,
        "mean": 1.19069468975,
        "median": 0.635423660278,
        "min": -1.79765200615,
        "var": 4.52395200729
    },
    "barkbands_spread": {
        "dmean": 7.82459783554,
        "dmean2": 12.2261133194,
        "dvar": 79.4752883911,
        "dvar2": 153.549514771,
        "max": 81.8039245605,
        "mean": 31.251159668,
        "median": 30.8231811523,
        "min": 0.765721678734,
        "var": 261.19152832
    },
    "dissonance": {
        "dmean": 0.0199820455164,
        "dmean2": 0.0344043001533,
        "dvar": 0.000362586637493,
        "dvar2": 0.00106993154623,
        "max": 0.499997854233,
        "mean": 0.466759085655,
        "median": 0.47179120779,
        "min": 0.320515871048,
        "var": 0.000603007618338
    },
    "dynamic_complexity": 3.20990610123,
    "erbbands_crest": {
        "dmean": 2.58509922028,
        "dmean2": 4.26289606094,
        "dvar": 7.15334606171,
        "dvar2": 18.1873779297,
        "max": 30.9070606232,
        "mean": 8.4518995285,
        "median": 6.90327644348,
        "min": 2.92739915848,
        "var": 22.5563735962
    },
    "erbbands_flatness_db": {
        "dmean": 0.0168535578996,
        "dmean2": 0.0264533124864,
        "dvar": 0.00029357674066,
        "dvar2": 0.000618528749328,
        "max": 0.325183212757,
        "mean": 0.171975195408,
        "median": 0.16558162868,
        "min": 0.0983451455832,
        "var": 0.00129479088355
    },
    "erbbands_kurtosis": {
        "dmean": 1.04561877251,
        "dmean2": 1.69681596756,
        "dvar": 4.78505039215,
        "dvar2": 11.9289484024,
        "max": 35.0201797485,
        "mean": 0.393760144711,
        "median": -0.314716815948,
        "min": -1.75616919994,
        "var": 7.55996751785
    },
    "erbbands_skewness": {
        "dmean": 0.385999470949,
        "dmean2": 0.614704489708,
        "dvar": 0.161556348205,
        "dvar2": 0.381701081991,
        "max": 4.58461523056,
        "mean": 0.219621986151,
        "median": 0.12801861763,
        "min": -1.62291264534,
        "var": 0.51901704073
    },
    "erbbands_spread": {
        "dmean": 9.30304145813,
        "dmean2": 14.8823289871,
        "dvar": 96.2752532959,
        "dvar2": 227.341323853,
        "max": 122.617706299,
        "mean": 43.237701416,
        "median": 41.4233665466,
        "min": 3.34962272644,
        "var": 373.062255859
    },
    "hfc": {
        "dmean": 10.1841773987,
        "dmean2": 15.2115392685,
        "dvar": 139.832443237,
        "dvar2": 314.601531982,
        "max": 114.250305176,
        "mean": 29.852355957,
        "median": 24.4139575958,
        "min": 0.203709959984,
        "var": 597.465820312
    },
    "melbands_crest": {
        "dmean": 3.41417956352,
        "dmean2": 5.61882448196,
        "dvar": 10.0428380966,
        "dvar2": 24.0467891693,
        "max": 31.7362575531,
        "mean": 12.1176614761,
        "median": 10.4798984528,
        "min": 3.41244935989,
        "var": 37.9334106445
    },
    "melbands_flatness_db": {
        "dmean": 0.0317217074335,
        "dmean2": 0.0489684417844,
        "dvar": 0.00173932488542,
        "dvar2": 0.00323753501289,
        "max": 0.48200750351,
        "mean": 0.139398261905,
        "median": 0.115491352975,
        "min": 0.0299613382667,
        "var": 0.00736283417791
    },
    "melbands_kurtosis": {
        "dmean": 13.1955013275,
        "dmean2": 21.4402065277,
        "dvar": 2469.20947266,
        "dvar2": 6378.97998047,
        "max": 663.732421875,
        "mean": 18.6926593781,
        "median": 3.43099355698,
        "min": -1.42948186398,
        "var": 3365.08129883
    },
    "melbands_skewness": {
        "dmean": 0.824051558971,
        "dmean2": 1.27467286587,
        "dvar": 2.34830713272,
        "dvar2": 5.56309127808,
        "max": 20.456111908,
        "mean": 2.38046479225,
        "median": 1.70161914825,
        "min": -1.52329480648,
        "var": 7.29873418808
    },
    "melbands_spread": {
        "dmean": 12.5730457306,
        "dmean2": 19.9128189087,
        "dvar": 199.071334839,
        "dvar2": 448.435119629,
        "max": 131.048034668,
        "mean": 40.0800476074,
        "median": 37.5487556458,
        "min": 0.543324768543,
        "var": 570.784301758
    },
    "pitch_salience": {
        "dmean": 0.07677372545,
        "dmean2": 0.124545611441,
        "dvar": 0.00582112092525,
        "dvar2": 0.014096416533,
        "max": 0.861388206482,
        "mean": 0.565175592899,
        "median": 0.601300895214,
        "min": 0.0515910871327,
        "var": 0.0196768678725
    },
    "silence_rate_20dB": {
        "dmean": 0,
        "dmean2": 0,
        "dvar": 0,
        "dvar2": 0,
        "max": 1,
        "mean": 1,
        "median": 1,
        "min": 1,
        "var": 0
    },
    "silence_rate_30dB": {
        "dmean": 0.00620155036449,
        "dmean2": 0.0124127231538,
        "dvar": 0.00616306019947,
        "dvar2": 0.0169135462493,
        "max": 1,
        "mean": 0.996127009392,
        "median": 1,
        "min": 0,
        "var": 0.00385797675699
    },
    "silence_rate_60dB": {
        "dmean": 0.0945736467838,
        "dmean2": 0.189294025302,
        "dvar": 0.0856288298965,
        "dvar2": 0.23724642396,
        "max": 1,
        "mean": 0.0883036404848,
        "median": 0,
        "min": 0,
        "var": 0.0805061012506
    },
    "spectral_centroid": {
        "dmean": 352.084869385,
        "dmean2": 561.405883789,
        "dvar": 161810.859375,
        "dvar2": 325995.53125,
        "max": 3716.32739258,
        "mean": 1859.14538574,
        "median": 1941.24291992,
        "min": 228.486831665,
        "var": 469599.1875
    },
    "spectral_complexity": {
        "dmean": 5.29147291183,
        "dmean2": 8.29945659637,
        "dvar": 31.6111183167,
        "dvar2": 63.8312149048,
        "max": 52,
        "mean": 20.1037960052,
        "median": 21,
        "min": 0,
        "var": 106.474258423
    },
    "spectral_decrease": {
        "dmean": 2.02428918072e-09,
        "dmean2": 3.13577763755e-09,
        "dvar": 7.78582510795e-18,
        "dvar2": 1.71593621903e-17,
        "max": -6.93018351039e-11,
        "mean": -6.02757133095e-09,
        "median": -4.19358947568e-09,
        "min": -3.39210544098e-08,
        "var": 3.79919621658e-17
    },
    "spectral_energy": {
        "dmean": 0.0083679780364,
        "dmean2": 0.0129670705646,
        "dvar": 0.000120228876767,
        "dvar2": 0.000271546188742,
        "max": 0.137661516666,
        "mean": 0.0254571884871,
        "median": 0.0189300216734,
        "min": 0.000298160302918,
        "var": 0.00057598418789
    },
    "spectral_energyband_high": {
        "dmean": 0.000703713449184,
        "dmean2": 0.00100916321389,
        "dvar": 9.40722770792e-07,
        "dvar2": 1.93344453692e-06,
        "max": 0.00970312580466,
        "mean": 0.00179788400419,
        "median": 0.00113036110997,
        "min": 4.18073159381e-06,
        "var": 3.69387748833e-06
    },
    "spectral_energyband_low": {
        "dmean": 0.00343076791614,
        "dmean2": 0.00470552872866,
        "dvar": 8.86888592504e-05,
        "dvar2": 0.000145763013279,
        "max": 0.112037539482,
        "mean": 0.00892268121243,
        "median": 0.00128628546372,
        "min": 3.15856377711e-05,
        "var": 0.000460349168861
    },
    "spectral_energyband_middle_high": {
        "dmean": 0.00337058701552,
        "dmean2": 0.00526957586408,
        "dvar": 2.09282170545e-05,
        "dvar2": 4.72995525342e-05,
        "max": 0.0552152097225,
        "mean": 0.00808795727789,
        "median": 0.00451324228197,
        "min": 5.95184928898e-06,
        "var": 8.05664967629e-05
    },
    "spectral_energyband_middle_low": {
        "dmean": 0.0047052600421,
        "dmean2": 0.00776775740087,
        "dvar": 9.40142563195e-05,
        "dvar2": 0.000243937698542,
        "max": 0.0974651500583,
        "mean": 0.00744138704613,
        "median": 0.00490217935294,
        "min": 8.52711018524e-05,
        "var": 9.29052912397e-05
    },
    "spectral_entropy": {
        "dmean": 0.177648469806,
        "dmean2": 0.270788639784,
        "dvar": 0.0440290160477,
        "dvar2": 0.083899833262,
        "max": 8.57246112823,
        "mean": 7.72229480743,
        "median": 7.79787254333,
        "min": 5.49387550354,
        "var": 0.147934600711
    },
    "spectral_flux": {
        "dmean": 0.0256395712495,
        "dmean2": 0.0381121970713,
        "dvar": 0.000818179163616,
        "dvar2": 0.00158450030722,
        "max": 0.320074617863,
        "mean": 0.0888664349914,
        "median": 0.0785549804568,
        "min": 0.018303995952,
        "var": 0.00253480370156
    },
    "spectral_kurtosis": {
        "dmean": 1.13692474365,
        "dmean2": 1.85723781586,
        "dvar": 2.30372738838,
        "dvar2": 5.4057803154,
        "max": 17.2124919891,
        "mean": 1.95496726036,
        "median": 1.31847524643,
        "min": -0.900415897369,
        "var": 4.47860479355
    },
    "spectral_rms": {
        "dmean": 0.000869277922902,
        "dmean2": 0.00135499192402,
        "dvar": 7.61505191349e-07,
        "dvar2": 1.70686450929e-06,
        "max": 0.0115889571607,
        "mean": 0.00446326192468,
        "median": 0.00429747765884,
        "min": 0.000539340428077,
        "var": 4.91557557325e-06
    },
    "spectral_rolloff": {
        "dmean": 970.446899414,
        "dmean2": 1616.81201172,
        "dvar": 1895843.375,
        "dvar2": 3709301,
        "max": 9453.07617188,
        "mean": 2848.80029297,
        "median": 2368.65234375,
        "min": 64.599609375,
        "var": 4445046.5
    },
    "spectral_skewness": {
        "dmean": 0.204137519002,
        "dmean2": 0.327435970306,
        "dvar": 0.0632666796446,
        "dvar2": 0.125888362527,
        "max": 3.56387162209,
        "mean": 1.12168192863,
        "median": 1.0092266798,
        "min": 0.0577056705952,
        "var": 0.183760613203
    },
    "spectral_spread": {
        "dmean": 588080.125,
        "dmean2": 888059.4375,
        "dvar": 567851941888,
        "dvar2": 837689212928,
        "max": 20004270,
        "mean": 4905433,
        "median": 4861452.5,
        "min": 1889314.25,
        "var": 1.65606706381e+12
    },
    "spectral_strongpeak": {
        "dmean": 0.858482658863,
        "dmean2": 1.4144371748,
        "dvar": 1.78479611874,
        "dvar2": 4.42326402664,
        "max": 13.3593626022,
        "mean": 1.54904615879,
        "median": 0.718166470528,
        "min": 0,
        "var": 3.96544742584
    },
    "zerocrossingrate": {
        "dmean": 0.017038743943,
        "dmean2": 0.0201949179173,
        "dvar": 0.000265877140919,
        "dvar2": 0.000309075112455,
        "max": 0.228515625,
        "mean": 0.0976085960865,
        "median": 0.0966796875,
        "min": 0.0029296875,
        "var": 0.00191456766333
    },
    "barkbands": {
        "dmean": [0.000116793431516, 0.00313807534985, 0.0014645406045, 0.00142779713497, 0.00129869615193, 0.00106835493352, 0.000888770329766, 0.000793050974607, 0.000633061863482, 0.000834294187371, 0.000730368483346, 0.000564384623431, 0.000894076481927, 0.000469748309115, 0.000471944920719, 0.000511618098244, 0.000413668196416, 0.000277827872196, 0.000248040276347, 0.000229597571888, 0.000151740867295, 0.000138459567097, 0.000196393448277, 0.000233223981922, 7.21976175555e-05, 6.08356742759e-08, 2.93487389946e-09],
        "dmean2": [0.000195284243091, 0.00408430909738, 0.00242417654954, 0.00258121988736, 0.0023412364535, 0.00173019734211, 0.00143228669185, 0.00134360452648, 0.0010519947391, 0.00127243890893, 0.001233060495, 0.000874964578543, 0.00142064655665, 0.000740426243283, 0.000782205141149, 0.000806137337349, 0.000659874407575, 0.000455592235085, 0.000397605006583, 0.000358074350515, 0.000239652421442, 0.000211050661164, 0.000304109184071, 0.000342729123076, 0.000112519555842, 9.50987768533e-08, 3.67814689817e-09],
        "dvar": [1.12151070653e-07, 9.40171012189e-05, 3.66998392565e-05, 3.45176522387e-05, 1.8014883608e-05, 2.55682289207e-06, 8.0408890426e-06, 6.51915024719e-06, 2.07399307328e-06, 3.52151869265e-06, 3.90119703297e-06, 2.95475683743e-06, 6.85943496137e-06, 1.46149943703e-06, 1.08746337446e-06, 1.23427560084e-06, 9.66834932115e-07, 7.55232235861e-07, 1.75358124466e-07, 1.48489021967e-07, 3.77582267674e-08, 4.07087874521e-08, 9.2984855371e-08, 1.18754364564e-07, 1.69891176682e-08, 1.26092289144e-14, 2.95665659382e-15],
        "dvar2": [2.84120773131e-07, 0.000123826263007, 9.05204069568e-05, 9.9308519566e-05, 5.3818734159e-05, 6.48924242341e-06, 2.07744742511e-05, 1.40102692967e-05, 5.53140489501e-06, 7.60540069678e-06, 9.56549865805e-06, 6.17842624706e-06, 1.61258012668e-05, 3.10194968733e-06, 2.61607010543e-06, 2.95098493552e-06, 2.51402434515e-06, 2.1326939077e-06, 4.59031127775e-07, 3.41736011933e-07, 9.38718471843e-08, 9.05612793645e-08, 2.06589177765e-07, 2.48289381943e-07, 3.97189197088e-08, 2.58882948715e-14, 2.84112045278e-15],
        "max": [0.00404362427071, 0.109506748617, 0.0637905672193, 0.0572863519192, 0.0450993217528, 0.022066090256, 0.0724132210016, 0.0628415569663, 0.0340159498155, 0.0298113711178, 0.0271980743855, 0.0367868170142, 0.0475262962282, 0.0273128356785, 0.0182883664966, 0.0157280880958, 0.0209677368402, 0.01587459445, 0.00563014205545, 0.00504261441529, 0.00239267386496, 0.00291320099495, 0.00444644596428, 0.00345616531558, 0.00220349454321, 1.69968598129e-06, 1.83611882676e-06],
        "mean": [0.000155139612616, 0.00684441439807, 0.00132959184702, 0.00118037802167, 0.00117985601537, 0.00160546589177, 0.00121151132043, 0.00102765311021, 0.000825644179713, 0.00126700301189, 0.0010091412114, 0.000781822192948, 0.00125504808966, 0.000654619536363, 0.000693884503562, 0.000802796974313, 0.000654279137962, 0.000488947087433, 0.000439424591605, 0.000403506652219, 0.000310775212711, 0.000293921330012, 0.000414830399677, 0.000513850885909, 0.000113585032523, 8.99529410958e-08, 2.79290790495e-09],
        "median": [6.51790032862e-05, 0.000653228373267, 0.000214266503463, 0.000286474270979, 0.000322947948007, 0.000985629158095, 0.000526101503056, 0.000279490166577, 0.000342173647368, 0.00023142201826, 0.00019664838328, 0.00017670050147, 0.000341092934832, 0.000232338454225, 0.00026568636531, 0.000202649069251, 0.000215279549593, 0.000137870942126, 0.000235346116824, 0.000207543969736, 0.000208416939131, 0.00014785923122, 0.000169621416717, 0.000263764814008, 5.00507085235e-05, 3.70141890471e-08, 2.3599555643e-10],
        "min": [1.78237300474e-08, 3.24455186274e-06, 3.47951299773e-06, 8.93303422345e-07, 2.97838755614e-06, 5.15452757099e-06, 3.02438866129e-06, 3.82453254133e-06, 6.34750676909e-07, 4.53125750255e-07, 5.7385426544e-07, 1.6548094095e-07, 2.47285299793e-07, 5.98313363298e-08, 6.51163816201e-08, 2.43654028509e-07, 3.41986606145e-07, 3.24711670885e-08, 8.28487003446e-08, 1.0775387409e-06, 9.24178564787e-08, 5.04449815253e-07, 5.14899056725e-07, 7.97615655301e-07, 1.20578619089e-07, 4.05860692276e-11, 1.78676136386e-11],
        "var": [1.189679395e-07, 0.000373786810087, 3.05630310322e-05, 2.03891795536e-05, 1.10910350486e-05, 5.30548231836e-06, 7.68123663875e-06, 1.08948643174e-05, 2.86384261017e-06, 8.83621487446e-06, 7.19676154404e-06, 6.03223179496e-06, 1.26996283143e-05, 2.85188366433e-06, 2.09173776966e-06, 3.00621582028e-06, 2.19412186198e-06, 1.87531338725e-06, 4.40630628873e-07, 2.5344252208e-07, 1.16925498617e-07, 1.44612059216e-07, 3.29403519572e-07, 3.60020663948e-07, 2.72686939695e-08, 1.95587056479e-14, 3.07853447053e-15]
    },
    "erbbands": {
        "dmean": [0.102168038487, 0.730792343616, 1.60920226574, 3.19874787331, 4.35127544403, 4.78339242935, 5.80357313156, 9.23510169983, 8.05598258972, 20.729516983, 17.4770450592, 16.2124061584, 19.03865242, 25.5782241821, 30.1119213104, 25.0317630768, 39.0595932007, 28.7641963959, 19.7193641663, 25.4218997955, 29.2191257477, 19.1792869568, 15.6355543137, 11.509018898, 13.0567779541, 11.5694208145, 7.66721010208, 4.84572792053, 5.14400243759, 4.63902330399, 6.28823900223, 5.03344011307, 4.00442504883, 1.41021132469, 0.116770461202, 0.0049934941344, 0.000247931864578, 3.34620453941e-05, 1.04180280687e-05, 1.14607164505e-05],
        "dmean2": [0.119002714753, 0.971304297447, 2.42758989334, 5.47961521149, 7.8080997467, 8.65543460846, 10.0141973495, 15.0055942535, 12.6639757156, 33.6526794434, 29.1599445343, 26.774312973, 29.6321544647, 39.585231781, 49.391166687, 38.6732368469, 62.4017333984, 45.6060714722, 31.9999637604, 41.6351394653, 45.7022094727, 29.73878479, 25.7706489563, 18.7271556854, 20.5840435028, 18.342004776, 11.6911458969, 7.80053329468, 8.06214523315, 6.99331331253, 9.85322380066, 7.62779331207, 5.89575338364, 2.14842510223, 0.18431134522, 0.00779232243076, 0.000371446512872, 4.84411029902e-05, 1.51618241944e-05, 1.74339402292e-05],
        "dvar": [0.109900124371, 4.96046352386, 33.838924408, 162.423522949, 315.01739502, 166.680007935, 74.7112197876, 214.911651611, 217.469909668, 5967.4453125, 2952.21972656, 1535.06835938, 2547.91088867, 3175.94213867, 7029.51611328, 4279.89550781, 15121.8125, 5296.67236328, 2529.29077148, 2695.35717773, 4995.01416016, 2329.0793457, 2486.7355957, 377.699645996, 485.113525391, 423.277313232, 113.163406372, 38.1456413269, 56.9267501831, 51.2039375305, 104.977035522, 57.7292823792, 36.2156448364, 5.77166604996, 0.108920134604, 0.000176404122612, 2.76031073554e-07, 4.20490353648e-09, 2.20360854564e-10, 1.77648340483e-10],
        "dvar2": [0.132754087448, 6.68316173553, 76.236366272, 443.100769043, 891.584350586, 507.43963623, 215.205322266, 565.94354248, 505.971588135, 15917.171875, 6329.62744141, 4053.44580078, 5296.77001953, 7572.51904297, 16629.6621094, 9222.20214844, 35780.8554688, 11804.0507812, 6183.15820312, 6501.34814453, 12075.1865234, 5736.15185547, 7058.49316406, 966.092224121, 1269.29675293, 1021.18664551, 266.897003174, 92.3821182251, 132.029327393, 110.786354065, 237.909759521, 136.632995605, 71.0258178711, 12.4452075958, 0.273104548454, 0.000437692855485, 6.34366642771e-07, 7.84975551227e-09, 4.37877512027e-10, 4.25515844782e-10],
        "max": [3.63920807838, 24.4227104187, 68.0514984131, 112.777046204, 176.200866699, 127.028656006, 89.979927063, 211.496292114, 257.079193115, 1955.24987793, 1439.33374023, 1006.06274414, 969.391235352, 961.438720703, 1178.93701172, 1137.2878418, 2357.14428711, 1551.11096191, 1132.11584473, 859.211486816, 980.293518066, 1342.60314941, 887.785644531, 306.245330811, 330.037902832, 263.520965576, 137.104354858, 75.1022415161, 94.5200424194, 110.367904663, 138.45123291, 74.4864120483, 59.9603500366, 33.5408248901, 7.20590496063, 0.282367885113, 0.0100562209263, 0.00113211548887, 0.000264594709734, 0.000180877977982],
        "mean": [0.180854052305, 1.56067860126, 1.98364448547, 2.85878872871, 3.75478744507, 4.28496694565, 7.01017951965, 13.7021598816, 13.1506118774, 24.726442337, 24.3869113922, 21.4480228424, 28.3081874847, 39.754486084, 45.4096679688, 38.3089828491, 57.9320297241, 42.6106719971, 30.8756408691, 37.8865356445, 49.1810684204, 33.0558853149, 29.0890960693, 21.0987453461, 24.0873031616, 19.5514888763, 14.1594934464, 11.0763511658, 10.5439710617, 10.6099147797, 12.6851806641, 10.5597343445, 8.46131420135, 2.55673336983, 0.14508022368, 0.00664497725666, 0.000437434529886, 7.00318487361e-05, 3.02191165247e-05, 3.64041297871e-05],
        "median": [0.0197172276676, 0.133470252156, 0.288248836994, 0.813585519791, 1.04969632626, 1.02259981632, 3.38522839546, 8.33308792114, 6.14604902267, 9.55589866638, 7.94817829132, 9.53456306458, 7.90578079224, 8.98041343689, 10.5460033417, 12.066444397, 17.0987129211, 16.2545013428, 11.4063940048, 17.5366401672, 11.4538803101, 12.0908117294, 8.33386802673, 10.5435209274, 12.5870141983, 10.8782625198, 9.87583351135, 6.98736333847, 5.3608174324, 4.48328018188, 5.10271692276, 5.01273918152, 4.22903585434, 1.24580037594, 0.0462201349437, 0.00240735313855, 0.000212600076338, 3.82638318115e-05, 2.66153656412e-05, 3.12869415211e-05],
        "min": [6.6203327151e-05, 0.000669234374072, 0.00652116397396, 0.0106839220971, 0.0238812752068, 0.00963677093387, 0.0535116530955, 0.0389587841928, 0.0532391443849, 0.131531760097, 0.0839684158564, 0.0326801538467, 0.0276177022606, 0.032314248383, 0.0247029270977, 0.0150593556464, 0.0114483805373, 0.00442899204791, 0.00289273657836, 0.00938163604587, 0.015381324105, 0.014446483925, 0.00710272602737, 0.00580229284242, 0.021964000538, 0.0721008330584, 0.0186003614217, 0.0154302259907, 0.0162088572979, 0.0174432937056, 0.0210169441998, 0.0148826967925, 0.0158805884421, 0.00436618877575, 0.000121976816445, 7.92697119323e-06, 1.41493819683e-06, 2.6175041512e-07, 3.14745250307e-07, 4.48866444458e-07],
        "var": [0.346520125866, 18.9013462067, 40.784526825, 110.738418579, 195.789276123, 109.103034973, 102.000831604, 401.055236816, 463.885559082, 5008.41601562, 5770.59472656, 2094.74023438, 6011.26123047, 8017.29296875, 14410.0917969, 8946.33886719, 28377.84375, 10146.2275391, 5196.66650391, 4329.73925781, 11945.6005859, 5731.88232422, 6171.25390625, 1038.69128418, 1196.47570801, 601.975646973, 241.087219238, 158.727706909, 174.699203491, 222.245697021, 308.201293945, 170.639846802, 100.243225098, 11.2320213318, 0.110196337104, 0.000187629426364, 3.91676024947e-07, 7.52057260911e-09, 6.13223305468e-10, 8.34062097166e-10]
    },
    "gfcc": {
        "mean": [-5.7473077774, 92.0404968262, -150.350631714, 56.0669555664, -84.4803543091, 31.5115890503, -41.2352485657, 4.77069473267, -7.08943891525, -9.68031597137, 9.84530735016, -18.4999237061, 6.59516382217],
        "cov": [[4155.38818359, -1126.67541504, -728.659362793, -101.770545959, -266.235961914, 104.287284851, -231.363464355, 178.540969849, 4.45703649521, 46.6445808411, -27.3982162476, 222.286270142, -32.8688163757], [-1126.67541504, 935.049987793, 278.977020264, 14.3372097015, 314.261383057, -57.7859191895, 229.701797485, -144.415817261, 49.9766426086, -107.778770447, 61.6216430664, -133.445877075, 39.0462837219], [-728.659362793, 278.977020264, 719.200073242, 224.977813721, 48.3665161133, 18.7888393402, 85.7921524048, -18.4413013458, 23.3777770996, 33.7738189697, -13.8194875717, -49.5052871704, 12.7390985489], [-101.770545959, 14.3372097015, 224.977813721, 363.98348999, 90.9064712524, -87.1674804688, 22.1490840912, 22.3189144135, 62.1091194153, -6.26497125626, -36.6000022888, -21.5237636566, -6.95832061768], [-266.235961914, 314.261383057, 48.3665161133, 90.9064712524, 360.064910889, 23.0432567596, 99.7222595215, 4.56712865829, 58.9188232422, -38.4077453613, 27.3866863251, -35.8857269287, 19.5857429504], [104.287284851, -57.7859191895, 18.7888393402, -87.1674804688, 23.0432567596, 192.399459839, 44.3149299622, -13.3401317596, -18.776473999, 24.2341384888, 4.21681880951, 27.7163486481, 14.0978164673], [-231.363464355, 229.701797485, 85.7921524048, 22.1490840912, 99.7222595215, 44.3149299622, 189.807495117, -23.7255401611, 37.1535720825, -17.1937103271, 35.4113807678, -29.6576271057, 17.7933425903], [178.540969849, -144.415817261, -18.4413013458, 22.3189144135, 4.56712865829, -13.3401317596, -23.7255401611, 135.815109253, 27.6486091614, 25.6599235535, -12.3657493591, 21.6648483276, -13.0581016541], [4.45703649521, 49.9766426086, 23.3777770996, 62.1091194153, 58.9188232422, -18.776473999, 37.1535720825, 27.6486091614, 111.910621643, 2.57279205322, 12.8517684937, 9.2676782608, 2.80395531654], [46.6445808411, -107.778770447, 33.7738189697, -6.26497125626, -38.4077453613, 24.2341384888, -17.1937103271, 25.6599235535, 2.57279205322, 114.311576843, 33.1062393188, -0.690960884094, -11.5511865616], [-27.3982162476, 61.6216430664, -13.8194875717, -36.6000022888, 27.3866863251, 4.21681880951, 35.4113807678, -12.3657493591, 12.8517684937, 33.1062393188, 93.0978622437, 22.3700027466, 6.8095126152], [222.286270142, -133.445877075, -49.5052871704, -21.5237636566, -35.8857269287, 27.7163486481, -29.6576271057, 21.6648483276, 9.2676782608, -0.690960884094, 22.3700027466, 101.511558533, 38.042224884], [-32.8688163757, 39.0462837219, 12.7390985489, -6.95832061768, 19.5857429504, 14.0978164673, 17.7933425903, -13.0581016541, 2.80395531654, -11.5511865616, 6.8095126152, 38.042224884, 73.4261322021]],
        "icov": [[0.00041333475383, 0.000468488491606, 0.000250527373282, -7.51332117943e-05, -2.85768728645e-05, -0.000177911671926, -2.66277838818e-05, -3.31836672558e-05, -0.00020942928677, 0.000298665690934, -0.000216689251829, -9.59595636232e-05, 5.24388269696e-05], [0.000468488491606, 0.00718717044219, -0.0026511263568, 0.00383449462242, -0.00424814084545, 0.00410642148927, -0.00306641194038, 0.00416081957519, -0.00201035337523, 0.00461986521259, -0.00320440204814, 0.00546558946371, -0.00269215321168], [0.000250527373282, -0.0026511263568, 0.00350850936957, -0.00337392184883, 0.00231569632888, -0.00293988571502, 0.000888944894541, -0.0018410156481, 0.000805237272289, -0.00211424101144, 0.000780899135862, -0.00106703222264, 0.000114507653052], [-7.51332117943e-05, 0.00383449462242, -0.00337392184883, 0.00790601689368, -0.00445314357057, 0.00626137852669, -0.00302696530707, 0.00341721996665, -0.00216512102634, 0.0002979155106, 0.00290677254088, -0.000335415941663, 0.0006225038087], [-2.85768728645e-05, -0.00424814084545, 0.00231569632888, -0.00445314357057, 0.00766122806817, -0.00551595631987, 0.00234776153229, -0.00450775166973, -0.000561602471862, 0.000824526068754, -0.00261723157018, 0.00168897991534, -0.00141377584077], [-0.000177911671926, 0.00410642148927, -0.00293988571502, 0.00626137852669, -0.00551595631987, 0.0131482509896, -0.00655799359083, 0.00533939525485, 0.00108343653847, -0.00313112768345, 0.00550075573847, -0.00493514537811, 0.00183852377813], [-2.66277838818e-05, -0.00306641194038, 0.000888944894541, -0.00302696530707, 0.00234776153229, -0.00655799359083, 0.0118000730872, -0.00303248642012, -0.00237039290369, 0.00283294357359, -0.00604153051972, 0.00531814061105, -0.00324713275768], [-3.31836672558e-05, 0.00416081957519, -0.0018410156481, 0.00341721996665, -0.00450775166973, 0.00533939525485, -0.00303248642012, 0.0132157066837, -0.00257940241136, -0.00225321156904, 0.00399327743798, -0.00303133949637, 0.00262238504365], [-0.00020942928677, -0.00201035337523, 0.000805237272289, -0.00216512102634, -0.000561602471862, 0.00108343653847, -0.00237039290369, -0.00257940241136, 0.0130473366007, -0.00289990496822, 0.00154892366845, -0.00531804189086, 0.00234509422444], [0.000298665690934, 0.00461986521259, -0.00211424101144, 0.0002979155106, 0.000824526068754, -0.00313112768345, 0.00283294357359, -0.00225321156904, -0.00289990496822, 0.0191197749227, -0.0135924899951, 0.0119658000767, -0.00445430679247], [-0.000216689251829, -0.00320440204814, 0.000780899135862, 0.00290677254088, -0.00261723157018, 0.00550075573847, -0.00604153051972, 0.00399327743798, 0.00154892366845, -0.0135924899951, 0.0254267323762, -0.0164432637393, 0.00752693321556], [-9.59595636232e-05, 0.00546558946371, -0.00106703222264, -0.000335415941663, 0.00168897991534, -0.00493514537811, 0.00531814061105, -0.00303133949637, -0.00531804189086, 0.0119658000767, -0.0164432637393, 0.0312520675361, -0.0167082063854], [5.24388269696e-05, -0.00269215321168, 0.000114507653052, 0.0006225038087, -0.00141377584077, 0.00183852377813, -0.00324713275768, 0.00262238504365, 0.00234509422444, -0.00445430679247, 0.00752693321556, -0.0167082063854, 0.0235589276999]]
    },
    "melbands": {
        "dmean": [0.000897342863027, 0.000758662761655, 0.000575632904656, 0.000315999612212, 0.000200880822376, 0.000208070705412, 0.000136374408612, 0.000213126972085, 0.000140552074299, 9.29422822082e-05, 9.69144384726e-05, 0.000105979081127, 0.000108377418655, 7.66750017647e-05, 8.06048192317e-05, 7.48857128201e-05, 5.3024454246e-05, 3.10019859171e-05, 3.05679604935e-05, 3.56627169822e-05, 3.59238183592e-05, 2.32450420299e-05, 1.41732180055e-05, 1.77039273694e-05, 8.75550449564e-06, 1.21835691971e-05, 8.62721117301e-06, 7.34603645469e-06, 5.79477136853e-06, 3.61654065273e-06, 2.98083750749e-06, 2.96970711133e-06, 3.0210562727e-06, 2.74174499282e-06, 4.24926884079e-06, 3.26188342115e-06, 3.09773940899e-06, 3.27014504364e-06, 2.13885778066e-06, 9.88342776509e-07],
        "dmean2": [0.00104165729135, 0.00105656217784, 0.000974433263764, 0.000561838445719, 0.000349464651663, 0.000335608521709, 0.000215816922719, 0.000350121001247, 0.000235228275415, 0.000152849795995, 0.000150746054715, 0.000163130069268, 0.000180859540706, 0.000117650386528, 0.000123643520055, 0.000117035524454, 8.40542270453e-05, 5.0278591516e-05, 4.97264045407e-05, 5.66168273508e-05, 5.65703448956e-05, 3.63997241948e-05, 2.32177044381e-05, 2.89464860543e-05, 1.43489132824e-05, 1.9824688934e-05, 1.34651745611e-05, 1.16918363346e-05, 8.89336206455e-06, 5.91609205003e-06, 4.76410014016e-06, 4.68812322652e-06, 4.67315885544e-06, 4.25668258686e-06, 6.76434910929e-06, 5.13723625772e-06, 4.64399590783e-06, 4.88302475787e-06, 3.28989654008e-06, 1.53314999807e-06],
        "dvar": [7.83081395639e-06, 5.11877215104e-06, 4.80312473883e-06, 1.18658215342e-06, 1.01504909367e-07, 1.06569679303e-07, 8.620865799e-08, 5.76350714709e-07, 1.48067471173e-07, 5.07241395553e-08, 6.45037019353e-08, 5.99869380835e-08, 8.76229222513e-08, 5.6227055012e-08, 6.65608013151e-08, 4.16191952013e-08, 1.89035684883e-08, 7.24057613866e-09, 4.86731321914e-09, 4.04947098076e-09, 7.23936555147e-09, 3.71285358014e-09, 8.80705341988e-10, 4.49265158409e-09, 2.23829468848e-10, 5.55055335028e-10, 1.992879195e-10, 1.52657553265e-10, 7.4578655751e-11, 2.36935922271e-11, 1.81702170671e-11, 1.87411770131e-11, 2.36988362962e-11, 1.90678115658e-11, 5.26290955261e-11, 2.33447879083e-11, 2.11876523271e-11, 2.25474812432e-11, 1.01649287945e-11, 3.77191810771e-12],
        "dvar2": [9.31839349505e-06, 9.48709657678e-06, 1.26914019347e-05, 3.4651243368e-06, 3.0696014619e-07, 2.71982031563e-07, 2.12167122982e-07, 1.50828054757e-06, 3.34797135793e-07, 1.33272024527e-07, 1.3358149431e-07, 1.40804687021e-07, 2.16780790652e-07, 1.15612664331e-07, 1.5378175533e-07, 1.00277766535e-07, 4.19966283971e-08, 1.7512949313e-08, 1.14955103214e-08, 9.6861754173e-09, 1.75779373279e-08, 9.76296643529e-09, 2.16146101018e-09, 1.27483383849e-08, 5.51445833441e-10, 1.48021406243e-09, 4.78369843737e-10, 3.70470570887e-10, 1.72425532186e-10, 6.03978811409e-11, 4.78371474377e-11, 4.73183575656e-11, 5.20016842087e-11, 4.26388716002e-11, 1.20695217709e-10, 5.9773221095e-11, 4.98888430567e-11, 4.60776451716e-11, 2.18326415974e-11, 8.64045640592e-12],
        "max": [0.0327749587595, 0.0272699818015, 0.0210938025266, 0.0115465410054, 0.00263795000501, 0.00451105972752, 0.00619169557467, 0.0182846523821, 0.00951480492949, 0.00585661735386, 0.00474172923714, 0.00445450842381, 0.00443208217621, 0.0056218621321, 0.00520145241171, 0.00350337219425, 0.00275905639865, 0.00175174453761, 0.00127823813818, 0.000805285410024, 0.0010076740291, 0.00146709242836, 0.000564123562071, 0.00124018394854, 0.000291027477942, 0.000382098165574, 0.000185133307241, 0.000146999533172, 0.000119100513984, 5.80853775318e-05, 5.08120756422e-05, 5.36177431059e-05, 8.78012215253e-05, 7.65258810134e-05, 0.000104557919258, 4.85927994305e-05, 4.07276747865e-05, 5.13448321726e-05, 3.0788974982e-05, 3.071138417e-05],
        "mean": [0.00181836436968, 0.00145008484833, 0.000534511578735, 0.000281214364804, 0.000238645865466, 0.000316908408422, 0.000213551393244, 0.000258068408584, 0.000193192143342, 0.000121609635244, 0.000140297881444, 0.000159933653777, 0.000151175801875, 0.000108496067696, 0.000120893870189, 0.000105230115878, 7.48291131458e-05, 4.50824627478e-05, 4.50455336249e-05, 5.22396112501e-05, 5.75048143219e-05, 3.57850258297e-05, 2.40936897171e-05, 2.92214663205e-05, 1.39700778163e-05, 2.05783799174e-05, 1.46345664689e-05, 1.16667461043e-05, 9.45078045334e-06, 7.2219413596e-06, 6.12418898527e-06, 5.6891017266e-06, 5.9137455537e-06, 5.90022955294e-06, 7.69078997109e-06, 6.6576521931e-06, 6.17108753431e-06, 6.58494172967e-06, 4.16608008891e-06, 1.39329063131e-06],
        "median": [0.000187183642993, 0.00017258610751, 0.000153283384861, 7.92244318291e-05, 0.000116121977044, 0.000194743915927, 9.72928537522e-05, 0.000100708988612, 6.95229755365e-05, 5.08934535901e-05, 3.45727676176e-05, 3.19975006278e-05, 3.06179463223e-05, 2.53916077781e-05, 3.51722446794e-05, 3.62186219718e-05, 2.42806072492e-05, 1.41092014019e-05, 1.9637931473e-05, 1.85077005881e-05, 1.03893198684e-05, 1.2923781469e-05, 7.75312128098e-06, 6.8299382292e-06, 7.41178428143e-06, 9.02184638107e-06, 7.46859950596e-06, 6.12931626165e-06, 5.8457767409e-06, 4.63845663035e-06, 3.4992633573e-06, 2.88942624138e-06, 2.62076309809e-06, 2.44767602453e-06, 3.00084138871e-06, 2.80315657619e-06, 2.95618019663e-06, 3.3070759855e-06, 1.98722364075e-06, 5.20668095305e-07],
        "min": [1.31190324737e-06, 2.48864489549e-06, 3.60558806278e-06, 1.33202649977e-06, 1.66617815012e-06, 7.2631837611e-07, 6.96688516655e-07, 1.21707375911e-06, 4.29640152788e-07, 9.57416617098e-08, 1.16225123747e-07, 1.17320226423e-07, 8.35198719074e-08, 2.34336869909e-08, 2.29973160515e-08, 2.25179856983e-08, 7.01663260827e-09, 3.60794905063e-09, 6.72061206686e-09, 1.09761861822e-08, 7.70591146448e-09, 1.1708563008e-08, 1.08598889881e-08, 1.41527678466e-09, 5.15127629441e-09, 7.02789826335e-10, 4.50007107133e-08, 4.30780602301e-08, 6.31081090163e-11, 2.7956570392e-09, 1.95891991517e-09, 7.21849691132e-09, 1.14078275715e-08, 4.36013447569e-09, 3.28494939583e-11, 1.08432898216e-08, 8.62143689773e-09, 8.68358984718e-09, 1.04953068458e-08, 6.20176354715e-10],
        "var": [2.9613780498e-05, 1.41588398037e-05, 3.55092629434e-06, 7.41648136682e-07, 1.15794428268e-07, 2.14146183453e-07, 1.3135803556e-07, 5.07711092723e-07, 2.89141127041e-07, 6.93332040669e-08, 1.50763639795e-07, 1.51935438453e-07, 1.62751405242e-07, 1.18145038641e-07, 1.26174981574e-07, 6.79313743035e-08, 3.63846162088e-08, 1.34875088875e-08, 8.02115263099e-09, 8.10114730854e-09, 1.7126490448e-08, 8.71786731693e-09, 1.96198990388e-09, 9.90773685317e-09, 4.83566686693e-10, 1.39476485916e-09, 3.15545922724e-10, 2.21289778168e-10, 1.26443244763e-10, 6.99317270758e-11, 5.77963128745e-11, 5.07432741659e-11, 7.37904876091e-11, 7.836065824e-11, 1.32463373603e-10, 7.41786493341e-11, 5.92527554799e-11, 6.24328783116e-11, 2.50588959305e-11, 5.42422487135e-12]
    },
    "mfcc": {
        "mean": [-619.993225098, 86.9120559692, 5.79154109955, 8.84278106689, 2.22770285606, 3.73760581017, -0.982715666294, 0.667576313019, -4.37875699997, 7.60271692276, -3.58612847328, 6.36990833282, 1.89749932289],
        "cov": [[4701.73583984, -1258.10986328, -627.186218262, -334.168762207, -138.095779419, -194.234283447, -233.009063721, 70.1495361328, -45.2866172791, -125.444152832, 28.9421691895, 116.501419067, -66.9766159058], [-1258.10986328, 964.856872559, 44.8002243042, 84.8657531738, 103.638168335, 138.841323853, 176.224578857, 27.5409908295, 23.4329357147, 55.2239227295, -15.5969991684, -34.245059967, 8.83304309845], [-627.186218262, 44.8002243042, 628.252624512, 147.077102661, -30.0302867889, 69.8803863525, 7.64936542511, -30.1341514587, 20.3580646515, 34.9539909363, -3.35238242149, -20.3839244843, 32.6819572449], [-334.168762207, 84.8657531738, 147.077102661, 449.949707031, 109.462402344, 8.87655067444, 0.294712781906, 25.8705253601, 50.7273101807, 45.9976425171, 17.8290328979, 12.5892505646, 2.67785716057], [-138.095779419, 103.638168335, -30.0302867889, 109.462402344, 217.262039185, 32.4930496216, 19.1477794647, 40.8220481873, 40.5417976379, 11.9890298843, 19.9491004944, -3.72595381737, 9.34871387482], [-194.234283447, 138.841323853, 69.8803863525, 8.87655067444, 32.4930496216, 194.089141846, 72.5752258301, 24.4298381805, 16.7482414246, 32.1142845154, -14.8332471848, -14.762925148, 14.6367702484], [-233.009063721, 176.224578857, 7.64936542511, 0.294712781906, 19.1477794647, 72.5752258301, 153.054138184, 6.22988080978, 12.0012569427, 26.3138465881, 4.73027706146, 1.04567706585, 11.5062818527], [70.1495361328, 27.5409908295, -30.1341514587, 25.8705253601, 40.8220481873, 24.4298381805, 6.22988080978, 131.449035645, 43.1080474854, -6.41566419601, -2.3685259819, 0.987008988857, 6.8346824646], [-45.2866172791, 23.4329357147, 20.3580646515, 50.7273101807, 40.5417976379, 16.7482414246, 12.0012569427, 43.1080474854, 94.0208129883, 27.3631153107, -0.0473325997591, -9.33298110962, 8.80448436737], [-125.444152832, 55.2239227295, 34.9539909363, 45.9976425171, 11.9890298843, 32.1142845154, 26.3138465881, -6.41566419601, 27.3631153107, 81.1557846069, 22.8098316193, 7.16137886047, 11.1461019516], [28.9421691895, -15.5969991684, -3.35238242149, 17.8290328979, 19.9491004944, -14.8332471848, 4.73027706146, -2.3685259819, -0.0473325997591, 22.8098316193, 98.7085342407, 44.8028755188, 7.33231687546], [116.501419067, -34.245059967, -20.3839244843, 12.5892505646, -3.72595381737, -14.762925148, 1.04567706585, 0.987008988857, -9.33298110962, 7.16137886047, 44.8028755188, 77.4254074097, 9.77453327179], [-66.9766159058, 8.83304309845, 32.6819572449, 2.67785716057, 9.34871387482, 14.6367702484, 11.5062818527, 6.8346824646, 8.80448436737, 11.1461019516, 7.33231687546, 9.77453327179, 65.9645843506]],
