{
"lowlevel": {
    "average_loudness": 0.980454981327,
    "barkbands_crest": {
        "dmean": 2.29473876953,
        "dmean2": 3.72845506668,
        "dvar": 4.97730922699,
        "dvar2": 12.7702569962,
        "max": 17.7116127014,
        "mean": 6.80944871902,
        "median": 6.09195661545,
        "min": 2.54828333855,
        "var": 8.23002243042
    },
    "barkbands_flatness_db": {
        "dmean": 0.0168487727642,
        "dmean2": 0.0269404221326,
        "dvar": 0.000225132593187,
        "dvar2": 0.000593230768573,
        "max": 0.235256701708,
        "mean": 0.125724330544,
        "median": 0.123071186244,
        "min": 0.0637631118298,
        "var": 0.0006029343931
    },
    "barkbands_kurtosis": {
        "dmean": 0.652999460697,
        "dmean2": 1.08261525631,
        "dvar": 1.44651460648,
        "dvar2": 3.59419250488,
        "max": 20.1213531494,
        "mean": -0.695974826813,
        "median": -1.04643416405,
        "min": -1.74399352074,
        "var": 1.55341732502
    },
    "barkbands_skewness": {
        "dmean": 0.401035785675,
        "dmean2": 0.620894193649,
        "dvar": 0.169743105769,
        "dvar2": 0.385507434607,
        "max": 4.20947551727,
        "mean": 0.321049511433,
        "median": 0.238235503435,
        "min": -1.31667339802,
        "var": 0.361866861582
    },
    "barkbands_spread": {
        "dmean": 5.89659166336,
        "dmean2": 9.39070892334,
        "dvar": 32.4905776978,
        "dvar2": 72.1263198853,
        "max": 89.4149246216,
        "mean": 36.4183502197,
        "median": 36.2539367676,
        "min": 8.31405258179,
        "var": 114.832649231
    },
    "dissonance": {
        "dmean": 0.00915128551424,
        "dmean2": 0.0155724203214,
        "dvar": 7.26001235307e-05,
        "dvar2": 0.000188091318705,
        "max": 0.499986499548,
        "mean": 0.485115498304,
        "median": 0.487711668015,
        "min": 0.391726762056,
        "var": 0.000122510755318
    },
    "dynamic_complexity": 1.29152154922,
    "erbbands_crest": {
        "dmean": 2.06831526756,
        "dmean2": 3.43048763275,
        "dvar": 3.98991560936,
        "dvar2": 10.2641849518,
        "max": 21.9636230469,
        "mean": 7.38687896729,
        "median": 6.76170539856,
        "min": 2.92432761192,
        "var": 8.08279895782
    },
    "erbbands_flatness_db": {
        "dmean": 0.014322492294,
        "dmean2": 0.0214309412986,
        "dvar": 0.000168049809872,
        "dvar2": 0.000348065979779,
        "max": 0.284157425165,
        "mean": 0.189690440893,
        "median": 0.1893145293,
        "min": 0.115185447037,
        "var": 0.000718582654372
    },
    "erbbands_kurtosis": {
        "dmean": 0.724020719528,
        "dmean2": 1.1529763937,
        "dvar": 0.497351020575,
        "dvar2": 1.19520628452,
        "max": 7.40313529968,
        "mean": 0.60306084156,
        "median": 0.348582029343,
        "min": -1.44207322598,
        "var": 1.2610373497
    },
    "erbbands_skewness": {
        "dmean": 0.269929438829,
        "dmean2": 0.421094745398,
        "dvar": 0.0557066462934,
        "dvar2": 0.131596565247,
        "max": 1.88914418221,
        "mean": -0.44247674942,
        "median": -0.48962700367,
        "min": -2.24242758751,
        "var": 0.29134234786
    },
    "erbbands_spread": {
        "dmean": 5.86453580856,
        "dmean2": 9.43600940704,
        "dvar": 34.7753105164,
        "dvar2": 84.4414825439,
        "max": 90.8413238525,
        "mean": 28.929151535,
        "median": 27.5069904327,
        "min": 9.50253677368,
        "var": 83.731880188
    },
    "hfc": {
        "dmean": 10.3749771118,
        "dmean2": 16.335559845,
        "dvar": 182.545394897,
        "dvar2": 452.788787842,
        "max": 142.359741211,
        "mean": 39.2106666565,
        "median": 36.6699562073,
        "min": 0.00137357553467,
        "var": 355.552093506
    },
    "melbands_crest": {
        "dmean": 3.70708346367,
        "dmean2": 6.04556035995,
        "dvar": 12.0342473984,
        "dvar2": 32.091293335,
        "max": 27.9202766418,
        "mean": 11.731962204,
        "median": 10.8404188156,
        "min": 3.2183072567,
        "var": 22.1331939697
    },
    "melbands_flatness_db": {
        "dmean": 0.023044962436,
        "dmean2": 0.0361230969429,
        "dvar": 0.000528472068254,
        "dvar2": 0.0012295137858,
        "max": 0.284995436668,
        "mean": 0.126703247428,
        "median": 0.123757332563,
        "min": 0.0264660455287,
        "var": 0.0013326164335
    },
    "melbands_kurtosis": {
        "dmean": 2.66841697693,
        "dmean2": 4.37863397598,
        "dvar": 26.7644615173,
        "dvar2": 67.6708984375,
        "max": 87.5235137939,
        "mean": 2.35785841942,
        "median": 0.89501953125,
        "min": -1.61646103859,
        "var": 27.2910785675
    },
    "melbands_skewness": {
        "dmean": 0.579117119312,
        "dmean2": 0.898648381233,
        "dvar": 0.427073717117,
        "dvar2": 1.02235209942,
        "max": 8.07829666138,
        "mean": 1.43948817253,
        "median": 1.28149867058,
        "min": -0.85775411129,
        "var": 0.861389756203
    },
    "melbands_spread": {
        "dmean": 11.1576223373,
        "dmean2": 17.1962432861,
        "dvar": 126.169960022,
        "dvar2": 270.368438721,
        "max": 136.072296143,
        "mean": 49.6340942383,
        "median": 48.8021087646,
        "min": 4.65937757492,
        "var": 316.086120605
    },
    "pitch_salience": {
        "dmean": 0.0656040012836,
        "dmean2": 0.107801839709,
        "dvar": 0.00338586280122,
        "dvar2": 0.00898216571659,
        "max": 0.808161795139,
        "mean": 0.586605489254,
        "median": 0.590411067009,
        "min": 0.318009763956,
        "var": 0.00614545680583
    },
    "silence_rate_20dB": {
        "dmean": 0,
        "dmean2": 0,
        "dvar": 0,
        "dvar2": 0,
        "max": 1,
        "mean": 1,
        "median": 1,
        "min": 1,
        "var": 0
    },
    "silence_rate_30dB": {
        "dmean": 0,
        "dmean2": 0,
        "dvar": 0,
        "dvar2": 0,
        "max": 1,
        "mean": 1,
        "median": 1,
        "min": 1,
        "var": 0
    },
    "silence_rate_60dB": {
        "dmean": 0.00465116277337,
        "dmean2": 0.00930954236537,
        "dvar": 0.00462958961725,
        "dvar2": 0.00922298897058,
        "max": 1,
        "mean": 0.0193648338318,
        "median": 0,
        "min": 0,
        "var": 0.0189896374941
    },
    "spectral_centroid": {
        "dmean": 213.742034912,
        "dmean2": 334.533477783,
        "dvar": 50733.703125,
        "dvar2": 112893.6875,
        "max": 3663.20776367,
        "mean": 2173.82080078,
        "median": 2157.99609375,
        "min": 649.29876709,
        "var": 133702.640625
    },
    "spectral_complexity": {
        "dmean": 4.81240320206,
        "dmean2": 7.28316545486,
        "dvar": 19.1447162628,
        "dvar2": 38.0106048584,
        "max": 60,
        "mean": 36.6793174744,
        "median": 38,
        "min": 0,
        "var": 102.191459656
    },
    "spectral_decrease": {
        "dmean": 2.23220153472e-09,
        "dmean2": 3.56815665903e-09,
        "dvar": 1.00452292465e-17,
        "dvar2": 2.36624890757e-17,
        "max": -1.85622445691e-13,
        "mean": -7.34700655869e-09,
        "median": -6.8808012621e-09,
        "min": -2.72984923555e-08,
        "var": 1.58400521267e-17
    },
    "spectral_energy": {
        "dmean": 0.00900449138135,
        "dmean2": 0.0144110918045,
        "dvar": 0.000151361819007,
        "dvar2": 0.000357711018296,
        "max": 0.109943762422,
        "mean": 0.0312858186662,
        "median": 0.0294619109482,
        "min": 8.25166750928e-07,
        "var": 0.000248175900197
    },
    "spectral_energyband_high": {
        "dmean": 0.000978193129413,
        "dmean2": 0.00159826839808,
        "dvar": 3.23063386531e-06,
        "dvar2": 8.15572457213e-06,
        "max": 0.0150314103812,
        "mean": 0.00178920617327,
        "median": 0.00111048610415,
        "min": 9.16608033918e-09,
        "var": 4.32413116869e-06
    },
    "spectral_energyband_low": {
        "dmean": 0.00670946994796,
        "dmean2": 0.0110214073211,
        "dvar": 0.000147805272718,
        "dvar2": 0.000353884213837,
        "max": 0.0842789113522,
        "mean": 0.0102004772052,
        "median": 0.00704991584644,
        "min": 4.56242084113e-08,
        "var": 0.000163989316206
    },
    "spectral_energyband_middle_high": {
        "dmean": 0.00280177150853,
        "dmean2": 0.00430006301031,
        "dvar": 8.4670873548e-06,
        "dvar2": 2.02102546609e-05,
        "max": 0.0464547425508,
        "mean": 0.0124145746231,
        "median": 0.0119442390278,
        "min": 6.08251014e-07,
        "var": 3.37635974574e-05
    },
    "spectral_energyband_middle_low": {
        "dmean": 0.00293322652578,
        "dmean2": 0.00476178713143,
        "dvar": 1.07947162178e-05,
        "dvar2": 2.70209184237e-05,
        "max": 0.0336514562368,
        "mean": 0.00790195539594,
        "median": 0.00719009246677,
        "min": 1.55302259941e-07,
        "var": 2.04156094696e-05
    },
    "spectral_entropy": {
        "dmean": 0.0992740616202,
        "dmean2": 0.147527933121,
        "dvar": 0.0101468330249,
        "dvar2": 0.0194217041135,
        "max": 8.44225025177,
        "mean": 7.84267807007,
        "median": 7.84036540985,
        "min": 7.30164432526,
        "var": 0.033158659935
    },
    "spectral_flux": {
        "dmean": 0.023266762495,
        "dmean2": 0.0358914770186,
        "dvar": 0.000680960481986,
        "dvar2": 0.00140444433782,
        "max": 0.270268142223,
        "mean": 0.101122654974,
        "median": 0.0932217687368,
        "min": 0.00090838689357,
        "var": 0.0015713913599
    },
    "spectral_kurtosis": {
        "dmean": 1.47731399536,
        "dmean2": 2.53652191162,
        "dvar": 1.77758145332,
        "dvar2": 5.16681432724,
        "max": 13.7271976471,
        "mean": 2.54278087616,
        "median": 2.25510215759,
        "min": -0.517621517181,
        "var": 2.94347500801
    },
    "spectral_rms": {
        "dmean": 0.000727429869585,
        "dmean2": 0.00114155118354,
        "dvar": 6.87077658768e-07,
        "dvar2": 1.58220780122e-06,
        "max": 0.0103567475453,
        "mean": 0.00534864142537,
        "median": 0.00536128040403,
        "min": 2.83732406388e-05,
        "var": 1.91484559764e-06
    },
    "spectral_rolloff": {
        "dmean": 587.640075684,
        "dmean2": 954.677856445,
        "dvar": 684520.0625,
        "dvar2": 1462893,
        "max": 9646.875,
        "mean": 2699.1887207,
        "median": 2497.8515625,
        "min": 129.19921875,
        "var": 1500711.125
    },
    "spectral_skewness": {
        "dmean": 0.203234180808,
        "dmean2": 0.344661712646,
        "dvar": 0.032811332494,
        "dvar2": 0.0914696902037,
        "max": 2.86438989639,
        "mean": 0.983224570751,
        "median": 0.990273416042,
        "min": 0.229103907943,
        "var": 0.0646972358227
    },
    "spectral_spread": {
        "dmean": 353261.21875,
        "dmean2": 528132.625,
        "dvar": 193965703168,
        "dvar2": 324156555264,
        "max": 11174670,
        "mean": 3429487,
        "median": 3315631.25,
        "min": 2147279.25,
        "var": 619088445440
    },
    "spectral_strongpeak": {
        "dmean": 1.03892147541,
        "dmean2": 1.84715437889,
        "dvar": 2.45636177063,
        "dvar2": 6.19212675095,
        "max": 10.6246871948,
        "mean": 1.26993513107,
        "median": 0.381174176931,
        "min": 0,
        "var": 3.17035317421
    },
    "zerocrossingrate": {
        "dmean": 0.0106063010171,
        "dmean2": 0.0126381125301,
        "dvar": 0.000122719589854,
        "dvar2": 0.000139414391015,
        "max": 0.240234375,
        "mean": 0.0862612575293,
        "median": 0.0810546875,
        "min": 0.02587890625,
        "var": 0.000807704054751
    },
    "barkbands": {
        "dmean": [0.000628968293313, 0.00442296033725, 0.00256198644638, 0.0010817629518, 0.000999929732643, 0.000668343272991, 0.000422316225013, 0.000730561558157, 0.000888498325367, 0.000675576273352, 0.000596225028858, 0.000305146240862, 0.000528027070686, 0.00072469341103, 0.000649868801702, 0.000928363064304, 0.00081973313354, 0.000498141685966, 0.000376278650947, 0.000276453152765, 0.000260416825768, 0.000361526355846, 0.000194860127522, 0.000154124529217, 4.19792631874e-05, 3.6509067769e-08, 4.03281497086e-09],
        "dmean2": [0.00105251488276, 0.00735821947455, 0.00447669997811, 0.0018626350211, 0.00169161695521, 0.00112057570368, 0.000732620246708, 0.00117518927436, 0.00145375588909, 0.00102761166636, 0.000958898977842, 0.000493836298119, 0.000842626672238, 0.00114763446618, 0.0010577616049, 0.00148200721014, 0.00130358524621, 0.000813309568912, 0.000617194455117, 0.000463497330202, 0.000446751801064, 0.000624067324679, 0.000307454989525, 0.000229177661822, 6.47268971079e-05, 5.78719436817e-08, 7.40036343316e-09],
        "dvar": [1.64222547028e-06, 7.1063375799e-05, 2.08691981243e-05, 3.00522879115e-06, 1.88176852589e-06, 1.85785529538e-06, 9.27161920572e-07, 1.58887814905e-06, 3.87934369428e-06, 1.41758278005e-06, 1.45296723986e-06, 3.73562102141e-07, 6.02242948844e-07, 1.1112044831e-06, 7.18043509096e-07, 1.19939261367e-06, 9.40063557664e-07, 2.80923956097e-07, 1.69585206322e-07, 1.63372533279e-07, 2.33020998053e-07, 7.13699023436e-07, 1.42751403587e-07, 1.74350660131e-07, 3.26806670614e-08, 2.51698483019e-14, 6.23863694334e-16],
        "dvar2": [4.06497383665e-06, 0.00017017259961, 5.92352880631e-05, 8.32159730635e-06, 4.93118704981e-06, 4.97179144077e-06, 2.26925453717e-06, 3.66769563698e-06, 1.02679987322e-05, 3.31120259034e-06, 3.99672580897e-06, 9.54421352617e-07, 1.51698361606e-06, 2.74565195468e-06, 1.78399773176e-06, 2.75232514468e-06, 2.34475351135e-06, 7.5254240528e-07, 4.47118594593e-07, 4.2416061774e-07, 6.45822240131e-07, 1.97458552975e-06, 3.26219634417e-07, 3.43543888448e-07, 7.37634664461e-08, 6.13577927615e-14, 1.61874846599e-15],
        "max": [0.00886163115501, 0.058564633131, 0.039209716022, 0.016377562657, 0.0144960442558, 0.0214434973896, 0.0135858999565, 0.0147798769176, 0.0276555623859, 0.0144953941926, 0.0157387312502, 0.00985381007195, 0.0108044017106, 0.0142366709188, 0.00937935337424, 0.0145834311843, 0.0150451427326, 0.00655181193724, 0.004360425286, 0.00457577966154, 0.00467239599675, 0.00733747379854, 0.0052515133284, 0.00878288783133, 0.00471740914509, 3.63964818462e-06, 4.52181893706e-07],
        "mean": [0.000587013317272, 0.00562194827944, 0.0033483018633, 0.00142544554546, 0.00166637066286, 0.000915836484637, 0.000608232920058, 0.00120137201156, 0.00136332144029, 0.00150122959167, 0.00107738166116, 0.000573738652747, 0.000950599263888, 0.00133392971475, 0.001208432368, 0.00197715172544, 0.00185994908679, 0.00117936450988, 0.000818874745164, 0.000534214545041, 0.000415945600253, 0.000463175005279, 0.000327952730004, 0.000276195612969, 4.98225563206e-05, 3.94169461515e-08, 2.78323253333e-09],
        "median": [8.30762146506e-05, 0.00300212553702, 0.0021461751312, 0.000934144132771, 0.00126163032837, 0.000501525297295, 0.000279243919067, 0.000635184813291, 0.000770133221522, 0.000581169966608, 0.000516608066391, 0.000382257509045, 0.000574576901272, 0.000755139568355, 0.000729853461962, 0.00145920657087, 0.0014735951554, 0.00102820049506, 0.00071366969496, 0.000419725460233, 0.000278733408777, 0.00024127321376, 0.000177928319317, 0.000128307321575, 9.29037469177e-06, 7.91504817244e-09, 4.75466666039e-10],
        "min": [1.18990346465e-08, 2.19571738569e-08, 1.0056877997e-08, 5.11484143928e-09, 2.6135089648e-09, 1.24746293295e-08, 7.81294051677e-09, 5.8167067607e-08, 6.30719156902e-08, 3.09908587681e-09, 1.19474812266e-08, 1.02207771135e-08, 4.12470546607e-09, 1.01146433451e-08, 4.73911654808e-07, 6.85869894212e-09, 2.43775257758e-08, 3.58873180062e-08, 2.09469241952e-08, 7.2226300496e-09, 6.36269981147e-10, 4.96726881849e-09, 2.11383421878e-09, 1.09524056491e-09, 6.68570017057e-12, 5.65436196129e-12, 7.32990664692e-12],
        "var": [1.61038929036e-06, 7.32680418878e-05, 1.8948188881e-05, 3.13844134325e-06, 2.82022892861e-06, 1.95640564016e-06, 1.10268183562e-06, 2.81565007754e-06, 4.07979450756e-06, 4.91984246764e-06, 3.12788392876e-06, 5.47197942069e-07, 1.16668581995e-06, 2.63149763668e-06, 1.68832480085e-06, 3.11723647428e-06, 2.13270868699e-06, 6.37540892967e-07, 2.8177393574e-07, 1.96537371266e-07, 2.08519182365e-07, 5.6924159253e-07, 2.42784068405e-07, 3.77797249485e-07, 5.12165314603e-08, 3.35005901329e-14, 4.44132937926e-16]
    },
    "erbbands": {
        "dmean": [0.182243064046, 0.865275800228, 2.68020987511, 3.13966488838, 3.53881978989, 3.48825407028, 3.80840754509, 6.4498705864, 5.74428272247, 10.7058534622, 14.1517276764, 22.3581008911, 19.5319499969, 19.0530185699, 24.3340511322, 12.3742723465, 22.4431533813, 33.5454330444, 31.0264263153, 37.878944397, 44.385887146, 36.5599746704, 29.1109046936, 22.3629684448, 14.9044857025, 12.2660017014, 11.1167058945, 10.4076757431, 12.8605680466, 10.1771087646, 5.12259244919, 3.69684362411, 2.38257884979, 0.892320454121, 0.0572398453951, 0.00256210775115, 0.000149158775457, 2.35806564888e-05, 9.40958307183e-06, 1.18310326798e-05],
        "dmean2": [0.304069578648, 1.47398757935, 4.67609167099, 5.50389719009, 5.99031114578, 5.97037363052, 6.36748313904, 10.7503767014, 9.8602180481, 17.2951469421, 23.2660617828, 36.1913795471, 30.6636505127, 28.3350315094, 39.0362319946, 19.9286632538, 35.7158432007, 53.1825408936, 49.4009933472, 60.0089111328, 71.5883636475, 57.8707199097, 47.2565383911, 36.9516792297, 25.1643028259, 20.4876842499, 19.1797714233, 18.0105304718, 22.3179302216, 17.2255973816, 8.05864143372, 5.66992235184, 3.6484413147, 1.34147655964, 0.0929651409388, 0.00412830570713, 0.000230802688748, 3.54853655153e-05, 1.4394387108e-05, 1.88345438801e-05],
        "dvar": [0.162618398666, 2.44894480705, 21.6363430023, 33.0832138062, 22.5062675476, 30.5377883911, 59.2185745239, 202.830627441, 203.736801147, 255.76776123, 1092.95983887, 2385.97607422, 1125.93225098, 1466.34118652, 2776.57104492, 421.185272217, 999.789367676, 2718.49145508, 1995.36706543, 2758.47167969, 2032.97814941, 1758.64123535, 873.637390137, 648.574401855, 359.375, 319.6484375, 380.317138672, 400.269256592, 819.582275391, 507.925109863, 88.5887298584, 86.9965515137, 48.7680969238, 11.8538970947, 0.111174426973, 0.000206557378988, 3.38913878295e-07, 4.1242018689e-09, 2.25334126358e-10, 2.26240776113e-10],
        "dvar2": [0.385467588902, 6.46832561493, 61.4793319702, 93.1846694946, 58.9481658936, 82.7867279053, 153.492080688, 554.15045166, 492.390258789, 610.483947754, 2635.41992188, 6191.50878906, 2686.96630859, 3256.78540039, 7940.5859375, 1078.01818848, 2483.00024414, 6733.90283203, 5010.99707031, 6854.87841797, 4810.22900391, 4433.9140625, 2241.40234375, 1666.38806152, 943.651855469, 825.192504883, 1019.65563965, 1101.39624023, 2257.74023438, 1362.21105957, 192.158691406, 181.83744812, 95.149055481, 25.1167182922, 0.277835816145, 0.000518040265888, 7.87143221714e-07, 8.88928397558e-09, 4.97476504435e-10, 5.40991806908e-10],
        "max": [3.26477718353, 11.0448322296, 36.6335067749, 53.6021728516, 44.5355567932, 76.6407318115, 130.823654175, 258.326721191, 224.256835938, 217.319000244, 453.508880615, 682.995849609, 496.889801025, 567.983215332, 799.167602539, 309.098358154, 380.54864502, 878.395751953, 622.629760742, 562.106140137, 549.241149902, 684.144287109, 469.119506836, 247.195587158, 203.22869873, 177.808502197, 180.670913696, 155.934661865, 253.815032959, 224.658691406, 112.20362854, 183.909851074, 132.860122681, 88.5299758911, 8.4007806778, 0.370943307877, 0.0152432750911, 0.0015617038589, 0.000294109049719, 0.000138160889037],
        "mean": [0.189071729779, 1.16343641281, 3.58147382736, 4.54520130157, 5.64810037613, 5.20619106293, 5.22375249863, 8.75186061859, 8.48920059204, 18.7454853058, 22.1222820282, 35.9835014343, 44.8470726013, 39.6062393188, 45.1262969971, 26.4221019745, 43.3419303894, 68.0402755737, 63.3737182617, 81.4440383911, 104.066673279, 93.4736480713, 75.8636398315, 51.8312721252, 33.4570121765, 24.4053459167, 18.7864742279, 15.6916770935, 16.6863689423, 13.7698354721, 8.8468837738, 6.41338634491, 4.10072803497, 1.19261515141, 0.0605497770011, 0.00289349909872, 0.000225254727411, 4.30936634075e-05, 2.82253331534e-05, 4.24174868385e-05],
        "median": [0.0733384862542, 0.647207856178, 2.21862459183, 3.1996691227, 3.83066868782, 3.61510539055, 3.33330273628, 4.49384307861, 3.78479981422, 10.2830286026, 11.7621488571, 21.0893344879, 18.8135852814, 21.1990890503, 20.9520950317, 18.7583827972, 28.0317878723, 41.0372886658, 43.0006141663, 60.5807533264, 86.3237686157, 79.4447402954, 66.9297409058, 45.7079963684, 28.8876399994, 19.1147460938, 13.0539398193, 10.0490732193, 8.79643917084, 7.23872852325, 4.81729698181, 3.09836053848, 1.72893917561, 0.327236235142, 0.00956703163683, 0.000597178470343, 8.68508286658e-05, 2.21085101657e-05, 2.32476158999e-05, 4.00839708163e-05],
        "min": [1.01770319816e-06, 3.69898430108e-06, 9.86765280686e-06, 1.75345612661e-05, 1.15894572446e-05, 6.28588895779e-06, 3.60638805432e-05, 0.000120064345538, 0.000150830222992, 0.000226260977797, 0.00221790885553, 0.00130532809999, 0.000111403234769, 0.000280197535176, 0.000477242661873, 0.000391207926441, 0.000243776856223, 0.000632383977063, 0.00736910989508, 0.0210820585489, 0.00117701734416, 0.00149048981257, 0.00131600094028, 0.00210642884485, 0.00105678685941, 0.000239122135099, 3.90670829802e-05, 3.68358087144e-05, 0.000107468877104, 0.000211337785004, 5.21532383573e-05, 2.56338917097e-05, 1.1091388842e-05, 4.18109436851e-07, 4.99443366664e-08, 2.09229753523e-08, 1.12602949187e-08, 4.87460694032e-09, 1.59015622891e-09, 1.20104837187e-09],
        "var": [0.151532873511, 2.42380666733, 20.2591514587, 29.1630153656, 34.534198761, 38.4457435608, 58.9040908813, 208.894699097, 227.895843506, 626.317138672, 1329.02392578, 2666.69140625, 4553.14599609, 3825.22973633, 6051.59619141, 759.08203125, 2112.37915039, 5803.4375, 4076.54370117, 5862.04394531, 5298.37695312, 4084.45825195, 2301.4909668, 1157.23522949, 491.865264893, 400.143432617, 367.640167236, 347.695922852, 671.003234863, 471.965911865, 172.409255981, 160.564025879, 113.657241821, 21.4048938751, 0.113863907754, 0.000216628672206, 5.11788073254e-07, 8.69567529094e-09, 5.26614696295e-10, 4.05732641928e-10]
    },
    "gfcc": {
        "mean": [24.7330627441, 107.890579224, -176.122009277, 71.2233123779, -63.4239196777, 26.3749523163, -31.6390552521, 2.66897797585, 2.10594844818, -23.8165493011, 1.48427915573, -20.9794082642, 2.84379339218],
        "cov": [[2031.54907227, -58.4775543213, 209.501678467, 112.352302551, -74.5091934204, 130.162094116, -6.41845178604, 43.1258010864, -40.5892906189, 26.2050380707, -5.80698871613, 54.3931732178, 30.6527805328], [-58.4775543213, 789.702453613, -8.26537418365, -16.8144683838, 208.868041992, -123.415809631, 187.926101685, -23.8419570923, 55.9917221069, -69.1867904663, 65.3260345459, -9.69615936279, 56.4542045593], [209.501678467, -8.26537418365, 272.953369141, 145.301239014, 27.0824680328, 61.9326972961, -38.9176979065, 50.9922409058, -20.9947624207, 24.8982219696, -6.34738874435, 16.3450870514, 1.46662151814], [112.352302551, -16.8144683838, 145.301239014, 204.491546631, 56.9650802612, 16.5228176117, -0.703216433525, -1.3332849741, 10.4253311157, 7.39780473709, -7.0233540535, 15.1467828751, -0.281261175871], [-74.5091934204, 208.868041992, 27.0824680328, 56.9650802612, 160.445800781, 4.97003412247, 67.9110717773, 20.6458950043, 22.4388923645, -17.8545246124, 21.790933609, -2.45986032486, 21.6614589691], [130.162094116, -123.415809631, 61.9326972961, 16.5228176117, 4.97003412247, 159.468307495, 59.7353858948, 56.2817230225, -18.2065162659, 6.4227809906, -19.7678966522, 5.60412406921, -2.49796891212], [-6.41845178604, 187.926101685, -38.9176979065, -0.703216433525, 67.9110717773, 59.7353858948, 212.502929688, 38.8860855103, 29.2081604004, -30.4731369019, -2.16717457771, 1.65550863743, 16.9405441284], [43.1258010864, -23.8419570923, 50.9922409058, -1.3332849741, 20.6458950043, 56.2817230225, 38.8860855103, 105.029884338, 21.7562103271, 12.3815145493, -2.0704228878, 3.14957070351, 9.32293891907], [-40.5892906189, 55.9917221069, -20.9947624207, 10.4253311157, 22.4388923645, -18.2065162659, 29.2081604004, 21.7562103271, 86.1911087036, 26.7316226959, 14.6652994156, -9.50160598755, -3.95209097862], [26.2050380707, -69.1867904663, 24.8982219696, 7.39780473709, -17.8545246124, 6.4227809906, -30.4731369019, 12.3815145493, 26.7316226959, 68.8523483276, 20.1266918182, -0.410703480244, -8.38309669495], [-5.80698871613, 65.3260345459, -6.34738874435, -7.0233540535, 21.790933609, -19.7678966522, -2.16717457771, -2.0704228878, 14.6652994156, 20.1266918182, 55.6827163696, 18.5236167908, 7.29118442535], [54.3931732178, -9.69615936279, 16.3450870514, 15.1467828751, -2.45986032486, 5.60412406921, 1.65550863743, 3.14957070351, -9.50160598755, -0.410703480244, 18.5236167908, 50.1464271545, 25.2259750366], [30.6527805328, 56.4542045593, 1.46662151814, -0.281261175871, 21.6614589691, -2.49796891212, 16.9405441284, 9.32293891907, -3.95209097862, -8.38309669495, 7.29118442535, 25.2259750366, 47.1373901367]],
        "icov": [[0.000632468611002, -0.00063227879582, 0.000299501087284, -0.000811487203464, 0.00112130597699, -0.00106943806168, 0.000573927012738, -0.000405997649068, 0.000313222553814, -0.000369399931515, 0.000127150429762, -0.000350943853846, -0.000237406406086], [-0.00063227879582, 0.00976082123816, -0.0098326522857, 0.0088598402217, -0.00815810170025, 0.0102572562173, -0.010042976588, 0.00753250252455, -0.00485318014398, 0.00716032506898, -0.00741428183392, 0.00622163945809, -0.00582427205518], [0.000299501087284, -0.0098326522857, 0.0194724425673, -0.0156158590689, 0.00792493857443, -0.0116137526929, 0.012402838096, -0.0129548097029, 0.00910769030452, -0.00918991491199, 0.00657165562734, -0.00543584208935, 0.0057516223751], [-0.000811487203464, 0.0088598402217, -0.0156158590689, 0.0201111566275, -0.0121439183131, 0.0100135719404, -0.00971582811326, 0.0120961377397, -0.00869531650096, 0.00548003194854, -0.000414803245803, -0.00138207315467, -0.00121750321705], [0.00112130597699, -0.00815810170025, 0.00792493857443, -0.0121439183131, 0.0194221306592, -0.00938014872372, 0.00615353882313, -0.00790715869516, 0.00318912160583, -0.000668669003062, -0.0034392978996, 0.0038185743615, -0.00271063740365], [-0.00106943806168, 0.0102572562173, -0.0116137526929, 0.0100135719404, -0.00938014872372, 0.0225185081363, -0.0146485874429, 0.00342027214356, -4.4216398237e-05, 0.00284173199907, -0.00281512993388, 0.00317601393908, -0.00183873006608], [0.000573927012738, -0.010042976588, 0.012402838096, -0.00971582811326, 0.00615353882313, -0.0146485874429, 0.0187790524215, -0.0089925788343, 0.0014123513829, -0.00295238173567, 0.00706298602745, -0.00646745646372, 0.00459843920544], [-0.000405997649068, 0.00753250252455, -0.0129548097029, 0.0120961377397, -0.00790715869516, 0.00342027214356, -0.0089925788343, 0.0229888539761, -0.0105965835974, 0.0048112035729, -0.00313685252331, 0.00331159867346, -0.00710195209831], [0.000313222553814, -0.00485318014398, 0.00910769030452, -0.00869531650096, 0.00318912160583, -4.4216398237e-05, 0.0014123513829, -0.0105965835974, 0.023563452065, -0.0131320860237, 0.00182023330126, 0.000621336512268, 0.00441992655396], [-0.000369399931515, 0.00716032506898, -0.00918991491199, 0.00548003194854, -0.000668669003062, 0.00284173199907, -0.00295238173567, 0.0048112035729, -0.0131320860237, 0.0317580215633, -0.0179990157485, 0.00964755937457, -0.00528133008629], [0.000127150429762, -0.00741428183392, 0.00657165562734, -0.000414803245803, -0.0034392978996, -0.00281512993388, 0.00706298602745, -0.00313685252331, 0.00182023330126, -0.0179990157485, 0.0403774008155, -0.0240796655416, 0.0116959651932], [-0.000350943853846, 0.00622163945809, -0.00543584208935, -0.00138207315467, 0.0038185743615, 0.00317601393908, -0.00646745646372, 0.00331159867346, 0.000621336512268, 0.00964755937457, -0.0240796655416, 0.0456929132342, -0.0259398669004], [-0.000237406406086, -0.00582427205518, 0.0057516223751, -0.00121750321705, -0.00271063740365, -0.00183873006608, 0.00459843920544, -0.00710195209831, 0.00441992655396, -0.00528133008629, 0.0116959651932, -0.0259398669004, 0.0405625626445]]
    },
    "melbands": {
        "dmean": [0.00136655126698, 0.00125795218628, 0.000542622758076, 0.000235177212744, 0.000135437774588, 0.000138401403092, 8.70475996635e-05, 0.000129736785311, 0.000121470977319, 0.000142054937896, 9.87149032881e-05, 7.91105339886e-05, 7.61932024034e-05, 4.3116233428e-05, 3.3909935155e-05, 5.98296974204e-05, 7.26811340428e-05, 5.32913472853e-05, 4.57803107565e-05, 7.55733271944e-05, 5.4408221331e-05, 4.27997692896e-05, 4.03593985538e-05, 2.36844389292e-05, 2.03833133128e-05, 1.22005003504e-05, 1.11800009108e-05, 8.32118530525e-06, 7.70491169533e-06, 6.59194165564e-06, 6.04977412877e-06, 7.2349102993e-06, 7.83253381087e-06, 5.01253089169e-06, 3.16284899782e-06, 2.65105745711e-06, 2.23949427891e-06, 1.86180545825e-06, 1.36464655043e-06, 5.69061739952e-07],
        "dmean2": [0.00227788486518, 0.00218265363947, 0.000941056001466, 0.000398501724703, 0.000227792843361, 0.000230596895562, 0.00015019440616, 0.000210635873373, 0.000199784844881, 0.000229788245633, 0.000155005051056, 0.000118222531455, 0.000122326979181, 7.03323239577e-05, 5.53618847334e-05, 9.54742936301e-05, 0.000115394803288, 8.51401491673e-05, 7.41352559999e-05, 0.000119947304484, 8.84369437699e-05, 6.79834047332e-05, 6.67285275995e-05, 3.89884044125e-05, 3.38223435392e-05, 2.0207320631e-05, 1.91578546946e-05, 1.39926096381e-05, 1.32045124701e-05, 1.14661006592e-05, 1.04813043436e-05, 1.25733749883e-05, 1.36892886076e-05, 8.34696857055e-06, 5.06734522787e-06, 4.30352702097e-06, 3.42065322911e-06, 2.84211273538e-06, 2.06141476156e-06, 9.00244572222e-07],
        "dvar": [7.91416823631e-06, 4.84467591377e-06, 8.18148407689e-07, 1.1340491568e-07, 5.94858562408e-08, 8.61414193309e-08, 4.35909655039e-08, 3.84563954015e-08, 9.36672179819e-08, 9.03409755892e-08, 2.96553199775e-08, 2.58362913286e-08, 2.4907009788e-08, 7.72715935682e-09, 3.71930464205e-09, 9.80915171311e-09, 1.22331744734e-08, 6.79461686914e-09, 4.14691392336e-09, 9.22381548918e-09, 3.13984793721e-09, 2.89374035845e-09, 1.96504656991e-09, 6.05719918667e-10, 5.64577051776e-10, 1.9830194431e-10, 2.58478211057e-10, 1.43647954642e-10, 1.64690081017e-10, 1.53543344705e-10, 1.30824018285e-10, 2.34746388994e-10, 3.98025640225e-10, 1.12609498115e-10, 3.67552724367e-11, 3.53923626517e-11, 3.83186225805e-11, 3.55729959378e-11, 1.58491258312e-11, 8.80006310877e-12],
        "dvar2": [1.85544759006e-05, 1.35548198159e-05, 2.28027784033e-06, 3.05345253082e-07, 1.49248478465e-07, 2.33707552866e-07, 1.04698351322e-07, 8.86732962613e-08, 2.31155382835e-07, 2.36747965232e-07, 7.09227236939e-08, 5.72647387287e-08, 6.91895891691e-08, 2.19222258124e-08, 9.76244951545e-09, 2.44229774182e-08, 3.04527887351e-08, 1.70799481225e-08, 1.05258450844e-08, 2.07529016194e-08, 7.80492825925e-09, 7.52120321579e-09, 4.76914374659e-09, 1.60467150678e-09, 1.47642376103e-09, 5.21184762015e-10, 7.02210123382e-10, 3.67039371119e-10, 4.37850256052e-10, 4.24956597689e-10, 3.58235108244e-10, 6.44375108827e-10, 1.10823139554e-09, 2.94342494822e-10, 8.45868097787e-11, 7.97325608315e-11, 8.07220124077e-11, 7.53715423407e-11, 2.82273319302e-11, 2.14169845053e-11],
        "max": [0.021506972611, 0.0166881456971, 0.0080000879243, 0.00378860253841, 0.003817088902, 0.00515188788995, 0.00317318853922, 0.00283149327151, 0.00415952131152, 0.00400811666623, 0.00241518788971, 0.00230058259331, 0.00213654572144, 0.00129904819187, 0.00113025400788, 0.00136141991243, 0.00152110378258, 0.00128674157895, 0.000707205908839, 0.0013212923659, 0.0006002105074, 0.000931527814828, 0.000568092393223, 0.000296234851703, 0.000215911917621, 0.000147343715071, 0.000197226749151, 0.000132356683025, 0.000134167639771, 0.000104220802314, 9.28043737076e-05, 0.000146149948705, 0.000217446038732, 0.000130365486257, 7.64467840781e-05, 0.000109821514343, 0.000139828276588, 0.000124691592646, 9.33924457058e-05, 7.91984566604e-05],
        "mean": [0.00161786901299, 0.00179507106077, 0.000857476552483, 0.00039274894516, 0.000196827561012, 0.000189558326383, 0.000127364517539, 0.00022595054179, 0.00017785068485, 0.000227581884246, 0.000218320958083, 0.00015507893113, 0.000142148739542, 8.41031651362e-05, 6.65019178996e-05, 0.000103820282675, 0.000135053734994, 0.000101915342384, 8.66679038154e-05, 0.000149446233991, 0.000116529270599, 9.80680124485e-05, 8.84308174136e-05, 5.50224613107e-05, 4.11956716562e-05, 2.54527531069e-05, 2.10848029383e-05, 1.49369125211e-05, 1.25718806885e-05, 9.43340455706e-06, 8.778960364e-06, 9.34518902795e-06, 9.19169542613e-06, 6.9954612627e-06, 5.20325193065e-06, 4.35677338828e-06, 3.67843995264e-06, 2.99150474348e-06, 2.13965290641e-06, 6.06653657087e-07],
        "median": [0.000828281568829, 0.00123020703904, 0.00063789554406, 0.00029048055876, 0.000126740225824, 9.73269852693e-05, 5.6314329413e-05, 0.000123214835185, 8.57779959915e-05, 0.000131221226184, 8.75922123669e-05, 7.6915777754e-05, 6.56661432004e-05, 5.09446872456e-05, 4.68765611004e-05, 5.79093102715e-05, 7.19998788554e-05, 6.94232148817e-05, 5.30147408426e-05, 0.000100294208096, 9.3793249107e-05, 7.92783976067e-05, 7.45280776755e-05, 4.7418547183e-05, 3.49729198206e-05, 2.18069890252e-05, 1.67699781741e-05, 1.13107489597e-05, 8.8046572273e-06, 6.08868958807e-06, 5.43925625607e-06, 5.01886643178e-06, 4.38450115325e-06, 3.66044105249e-06, 2.83751796815e-06, 2.17520300794e-06, 1.63256470387e-06, 1.24629912079e-06, 7.61496437462e-07, 8.85056863353e-08],
        "min": [8.53607318163e-09, 5.10518693986e-09, 2.85690493484e-09, 6.03332439564e-10, 9.87675052855e-10, 2.74775380227e-09, 2.04811101412e-09, 3.01468272568e-09, 2.09603800982e-08, 6.62464394452e-09, 3.12576492467e-10, 1.03278796626e-09, 1.63627567051e-09, 8.83127737605e-10, 1.33056443641e-09, 2.28665988922e-10, 1.10060649483e-09, 2.24339924415e-09, 4.95519927313e-08, 5.47849943189e-09, 5.14886799863e-10, 1.44026268689e-09, 1.3077297023e-09, 1.44305134508e-09, 1.7904779881e-09, 6.53319121025e-10, 6.90799140113e-10, 3.90508181347e-11, 2.56056599535e-11, 1.31645345666e-11, 2.1056446517e-11, 5.39775724118e-11, 1.12990478085e-10, 1.05406773587e-10, 3.04144764929e-11, 1.94895870276e-11, 1.17803197752e-11, 1.22270084682e-11, 1.33498314942e-13, 7.98640667488e-14],
        "var": [7.79081892688e-06, 4.56930501969e-06, 8.09629625564e-07, 1.54394854235e-07, 6.96566786473e-08, 9.07044110932e-08, 5.06122148636e-08, 9.5317808757e-08, 1.04997027961e-07, 1.01444548761e-07, 1.14047409738e-07, 6.60986287926e-08, 5.5844040503e-08, 1.40179183816e-08, 5.548700166e-09, 1.69868332733e-08, 2.78497740425e-08, 1.30804318488e-08, 9.47407574614e-09, 2.32803323286e-08, 6.88328993803e-09, 5.89489257408e-09, 4.12383016624e-09, 1.37641442688e-09, 9.09558539597e-10, 3.0740851531e-10, 2.83830264847e-10, 1.80396420024e-10, 1.6722812024e-10, 1.29912122726e-10, 1.15254222832e-10, 1.98859304024e-10, 2.94657659383e-10, 1.1921640064e-10, 6.12436837355e-11, 6.43323519456e-11, 6.32664406974e-11, 6.81165818195e-11, 4.13795143983e-11, 1.04157342473e-11]
    },
    "mfcc": {
        "mean": [-579.73815918, 93.8531951904, -27.0250530243, 28.4775371552, 8.91939353943, 11.0805940628, -5.73162746429, 17.0712795258, 2.60861563683, 8.89882469177, -2.9031867981, 3.49802565575, -6.55989027023],
        "cov": [[1938.96728516, -53.6398963928, 163.25479126, 6.04789400101, -17.5523738861, 71.1381759644, 27.9590911865, 43.0263824463, 17.0297698975, -27.5091819763, 0.973181426525, -7.04212856293, 37.8888168335], [-53.6398963928, 767.016723633, -172.553726196, 106.504180908, 3.3064467907, -1.91030657291, 80.008895874, 50.0699424744, 26.4688949585, 9.02658843994, -10.8927469254, 16.5787677765, 10.1976537704], [163.25479126, -172.553726196, 269.929229736, 38.554309845, 68.4186172485, 17.4664573669, 9.96115970612, -7.41379976273, 12.7568340302, -6.95349693298, 7.97086048126, 6.20807647705, 21.5861053467], [6.04789400101, 106.504180908, 38.554309845, 214.679000854, 65.3218154907, 30.6531066895, -9.22202682495, 6.02124595642, 4.05540132523, 1.60249614716, -17.8421535492, 15.8242778778, 14.421749115], [-17.5523738861, 3.3064467907, 68.4186172485, 65.3218154907, 148.022903442, -6.96212816238, 2.40394496918, -12.1099500656, 0.534452855587, 2.52362346649, -9.99195098877, 15.139377594, 13.2003211975], [71.1381759644, -1.91030657291, 17.4664573669, 30.6531066895, -6.96212816238, 104.214172363, 46.4334411621, 37.0231552124, 17.2725582123, 9.25214767456, 4.85868549347, -3.75523900986, -1.37126076221], [27.9590911865, 80.008895874, 9.96115970612, -9.22202682495, 2.40394496918, 46.4334411621, 134.642837524, 74.384437561, 47.1362228394, 3.07589507103, 13.6040496826, -8.96287441254, 4.17862558365], [43.0263824463, 50.0699424744, -7.41379976273, 6.02124595642, -12.1099500656, 37.0231552124, 74.384437561, 113.318946838, 54.4411621094, 17.2259197235, 1.41942179203, 0.978596448898, 3.56399846077], [17.0297698975, 26.4688949585, 12.7568340302, 4.05540132523, 0.534452855587, 17.2725582123, 47.1362228394, 54.4411621094, 88.2912826538, 31.4110927582, 18.7812633514, -5.40307950974, 10.89727211], [-27.5091819763, 9.02658843994, -6.95349693298, 1.60249614716, 2.52362346649, 9.25214767456, 3.07589507103, 17.2259197235, 31.4110927582, 77.6691818237, 29.5398159027, 13.5191526413, -5.79574728012], [0.973181426525, -10.8927469254, 7.97086048126, -17.8421535492, -9.99195098877, 4.85868549347, 13.6040496826, 1.41942179203, 18.7812633514, 29.5398159027, 63.1207008362, 15.5414028168, 6.28702163696], [-7.04212856293, 16.5787677765, 6.20807647705, 15.8242778778, 15.139377594, -3.75523900986, -8.96287441254, 0.978596448898, -5.40307950974, 13.5191526413, 15.5414028168, 59.7355079651, 21.9170322418], [37.8888168335, 10.1976537704, 21.5861053467, 14.421749115, 13.2003211975, -1.37126076221, 4.17862558365, 3.56399846077, 10.89727211, -5.79574728012, 6.28702163696, 21.9170322418, 56.2467918396]],
