{
"lowlevel": {
    "average_loudness": 0.945490658283,
    "barkbands_crest": {
        "dmean": 2.39205503464,
        "dmean2": 3.87426447868,
        "dvar": 4.63103580475,
        "dvar2": 11.4738273621,
        "max": 24.2688827515,
        "mean": 8.60326576233,
        "median": 7.7926402092,
        "min": 2.63870024681,
        "var": 12.3490076065
    },
    "barkbands_flatness_db": {
        "dmean": 0.0193218812346,
        "dmean2": 0.0302597805858,
        "dvar": 0.000368655164493,
        "dvar2": 0.000920511316508,
        "max": 0.304274648428,
        "mean": 0.15482455492,
        "median": 0.150428399444,
        "min": 0.0747738108039,
        "var": 0.00114523281809
    },
    "barkbands_kurtosis": {
        "dmean": 2.16851520538,
        "dmean2": 3.49138879776,
        "dvar": 22.2971343994,
        "dvar2": 57.290222168,
        "max": 80.147277832,
        "mean": 2.29064249992,
        "median": 0.707150697708,
        "min": -1.92358732224,
        "var": 27.9996337891
    },
    "barkbands_skewness": {
        "dmean": 0.498785585165,
        "dmean2": 0.765206456184,
        "dvar": 0.339579850435,
        "dvar2": 0.795286595821,
        "max": 7.59611797333,
        "mean": 1.08055579662,
        "median": 1.04061186314,
        "min": -1.97223114967,
        "var": 1.22233724594
    },
    "barkbands_spread": {
        "dmean": 5.51468420029,
        "dmean2": 8.30875968933,
        "dvar": 47.042881012,
        "dvar2": 93.2758560181,
        "max": 98.6158599854,
        "mean": 24.1223754883,
        "median": 21.5297451019,
        "min": 1.99874818325,
        "var": 198.128463745
    },
    "dissonance": {
        "dmean": 0.0174624919891,
        "dmean2": 0.0295589901507,
        "dvar": 0.000271633791272,
        "dvar2": 0.000730781175662,
        "max": 0.499972879887,
        "mean": 0.466230750084,
        "median": 0.471855849028,
        "min": 0.335023969412,
        "var": 0.000555605511181
    },
    "dynamic_complexity": 2.7311296463,
    "erbbands_crest": {
        "dmean": 2.6871752739,
        "dmean2": 4.29174518585,
        "dvar": 6.39115381241,
        "dvar2": 15.2976131439,
        "max": 29.6512317657,
        "mean": 9.73916625977,
        "median": 8.52958488464,
        "min": 2.51426339149,
        "var": 24.397813797
    },
    "erbbands_flatness_db": {
        "dmean": 0.0158353950828,
        "dmean2": 0.0218437463045,
        "dvar": 0.000217723209062,
        "dvar2": 0.000406518171076,
        "max": 0.327785760164,
        "mean": 0.193324998021,
        "median": 0.1899202317,
        "min": 0.102060072124,
        "var": 0.00148748815991
    },
    "erbbands_kurtosis": {
        "dmean": 0.878811478615,
        "dmean2": 1.34720480442,
        "dvar": 1.2613863945,
        "dvar2": 2.86493134499,
        "max": 18.0474872589,
        "mean": 0.583821952343,
        "median": -0.0579710006714,
        "min": -1.78153407574,
        "var": 4.27981567383
    },
    "erbbands_skewness": {
        "dmean": 0.339612007141,
        "dmean2": 0.51250910759,
        "dvar": 0.0999280959368,
        "dvar2": 0.206372484565,
        "max": 3.59376883507,
        "mean": 0.1816111058,
        "median": 0.233797177672,
        "min": -3.91964960098,
        "var": 0.689314723015
    },
    "erbbands_spread": {
        "dmean": 7.92219591141,
        "dmean2": 11.7132759094,
        "dvar": 78.9856567383,
        "dvar2": 160.642776489,
        "max": 129.239761353,
        "mean": 36.7630462646,
        "median": 33.2700195312,
        "min": 5.47084522247,
        "var": 360.473815918
    },
    "hfc": {
        "dmean": 4.94605731964,
        "dmean2": 6.82429742813,
        "dvar": 53.3765869141,
        "dvar2": 91.5236053467,
        "max": 210.938690186,
        "mean": 21.2983207703,
        "median": 15.3036231995,
        "min": 0.000224565475946,
        "var": 373.705566406
    },
    "melbands_crest": {
        "dmean": 2.98553681374,
        "dmean2": 4.97720479965,
        "dvar": 6.91982746124,
        "dvar2": 17.3451824188,
        "max": 31.3762683868,
        "mean": 11.676943779,
        "median": 10.9545469284,
        "min": 3.49878811836,
        "var": 18.3618087769
    },
    "melbands_flatness_db": {
        "dmean": 0.0237639117986,
        "dmean2": 0.0356440991163,
        "dvar": 0.000648256624117,
        "dvar2": 0.00147231575102,
        "max": 0.381113499403,
        "mean": 0.172238439322,
        "median": 0.16513517499,
        "min": 0.0378573015332,
        "var": 0.00270573468879
    },
    "melbands_kurtosis": {
        "dmean": 5.39665651321,
        "dmean2": 8.77696037292,
        "dvar": 126.275863647,
        "dvar2": 318.634979248,
        "max": 150.196975708,
        "mean": 8.65814113617,
        "median": 4.8446969986,
        "min": -1.69536483288,
        "var": 171.768554688
    },
    "melbands_skewness": {
        "dmean": 0.665262579918,
        "dmean2": 1.03473567963,
        "dvar": 0.644987225533,
        "dvar2": 1.49852275848,
        "max": 9.20530796051,
        "mean": 2.07396197319,
        "median": 1.91234791279,
        "min": -0.978272199631,
        "var": 2.11818122864
    },
    "melbands_spread": {
        "dmean": 7.82129001617,
        "dmean2": 11.8632555008,
        "dvar": 118.610389709,
        "dvar2": 232.575820923,
        "max": 263.260772705,
        "mean": 30.3136711121,
        "median": 24.9617233276,
        "min": 1.35399222374,
        "var": 510.509857178
    },
    "pitch_salience": {
        "dmean": 0.0646163970232,
        "dmean2": 0.105979166925,
        "dvar": 0.00326493941247,
        "dvar2": 0.0085319802165,
        "max": 0.844572126865,
        "mean": 0.57159537077,
        "median": 0.575031459332,
        "min": 0.210629984736,
        "var": 0.00884508807212
    },
    "silence_rate_20dB": {
        "dmean": 0,
        "dmean2": 0,
        "dvar": 0,
        "dvar2": 0,
        "max": 1,
        "mean": 1,
        "median": 1,
        "min": 1,
        "var": 0
    },
    "silence_rate_30dB": {
        "dmean": 0,
        "dmean2": 0,
        "dvar": 0,
        "dvar2": 0,
        "max": 1,
        "mean": 1,
        "median": 1,
        "min": 1,
        "var": 0
    },
    "silence_rate_60dB": {
        "dmean": 0.017041053623,
        "dmean2": 0.0340953134,
        "dvar": 0.0167504101992,
        "dvar2": 0.0391306839883,
        "max": 1,
        "mean": 0.0348432064056,
        "median": 0,
        "min": 0,
        "var": 0.0336284525692
    },
    "spectral_centroid": {
        "dmean": 248.663192749,
        "dmean2": 377.700775146,
        "dvar": 70990.21875,
        "dvar2": 154307.703125,
        "max": 5326.93701172,
        "mean": 1493.23730469,
        "median": 1421.46948242,
        "min": 283.332885742,
        "var": 411106.1875
    },
    "spectral_complexity": {
        "dmean": 3.0557706356,
        "dmean2": 4.69120502472,
        "dvar": 9.29359436035,
        "dvar2": 19.2873764038,
        "max": 52,
        "mean": 18.1463413239,
        "median": 17,
        "min": 0,
        "var": 60.3603439331
    },
    "spectral_decrease": {
        "dmean": 1.68224900676e-09,
        "dmean2": 2.71947020458e-09,
        "dvar": 7.53489490604e-18,
        "dvar2": 1.90528861459e-17,
        "max": -6.43904756446e-14,
        "mean": -5.07082020818e-09,
        "median": -4.46342918181e-09,
        "min": -2.52236951326e-08,
        "var": 1.21271584758e-17
    },
    "spectral_energy": {
        "dmean": 0.00663045188412,
        "dmean2": 0.0106402840465,
        "dvar": 0.000109647058707,
        "dvar2": 0.00027680885978,
        "max": 0.0966220274568,
        "mean": 0.0210703164339,
        "median": 0.0186519399285,
        "min": 2.63392507804e-07,
        "var": 0.000197368790396
    },
    "spectral_energyband_high": {
        "dmean": 0.000296743586659,
        "dmean2": 0.000407648243709,
        "dvar": 6.72745954944e-07,
        "dvar2": 1.06848153791e-06,
        "max": 0.0256949272007,
        "mean": 0.000690758693963,
        "median": 0.000287856411887,
        "min": 1.91630196156e-08,
        "var": 2.53511439041e-06
    },
    "spectral_energyband_low": {
        "dmean": 0.00379448058084,
        "dmean2": 0.00630671530962,
        "dvar": 9.50125249801e-05,
        "dvar2": 0.000243159447564,
        "max": 0.0894226431847,
        "mean": 0.00523711834103,
        "median": 0.00316410465166,
        "min": 6.87631711571e-08,
        "var": 8.56661717989e-05
    },
    "spectral_energyband_middle_high": {
        "dmean": 0.00179527769797,
        "dmean2": 0.00250279926695,
        "dvar": 6.95410562912e-06,
        "dvar2": 1.28256551761e-05,
        "max": 0.0433033034205,
        "mean": 0.00718084955588,
        "median": 0.00319589837454,
        "min": 3.23449249606e-08,
        "var": 6.88627915224e-05
    },
    "spectral_energyband_middle_low": {
        "dmean": 0.00344534940086,
        "dmean2": 0.00561964372173,
        "dvar": 2.27579203056e-05,
        "dvar2": 5.74123769184e-05,
        "max": 0.054568760097,
        "mean": 0.00893308967352,
        "median": 0.00716476514935,
        "min": 1.59612511652e-07,
        "var": 4.52761960332e-05
    },
    "spectral_entropy": {
        "dmean": 0.137815982103,
        "dmean2": 0.191053181887,
        "dvar": 0.0186747312546,
        "dvar2": 0.0337716713548,
        "max": 8.58957576752,
        "mean": 7.54397296906,
        "median": 7.53937673569,
        "min": 6.45218086243,
        "var": 0.107927620411
    },
    "spectral_flux": {
        "dmean": 0.0247581917793,
        "dmean2": 0.0378896035254,
        "dvar": 0.000811637029983,
        "dvar2": 0.00181417597923,
        "max": 0.286055475473,
        "mean": 0.0827218145132,
        "median": 0.0734315663576,
        "min": 0.000513217819389,
        "var": 0.00196033087559
    },
    "spectral_kurtosis": {
        "dmean": 1.66322231293,
        "dmean2": 2.80385971069,
        "dvar": 3.00881958008,
        "dvar2": 8.65764522552,
        "max": 18.2694988251,
        "mean": 3.11293292046,
        "median": 2.60246086121,
        "min": -1.51042640209,
        "var": 6.85783720016
    },
    "spectral_rms": {
        "dmean": 0.000663380371407,
        "dmean2": 0.00103167758789,
        "dvar": 7.82752465511e-07,
        "dvar2": 1.86130375823e-06,
        "max": 0.00970903690904,
        "mean": 0.00427665980533,
        "median": 0.00426579592749,
        "min": 1.60302315635e-05,
        "var": 2.26654356084e-06
    },
    "spectral_rolloff": {
        "dmean": 468.645202637,
        "dmean2": 775.596740723,
        "dvar": 744672.875,
        "dvar2": 1453428.5,
        "max": 9410.00976562,
        "mean": 1777.3918457,
        "median": 1464.2578125,
        "min": 129.19921875,
        "var": 2202328.75
    },
    "spectral_skewness": {
        "dmean": 0.223944917321,
        "dmean2": 0.358754962683,
        "dvar": 0.0437882244587,
        "dvar2": 0.104797378182,
        "max": 3.33742785454,
        "mean": 1.2362909317,
        "median": 1.21755516529,
        "min": -0.365779101849,
        "var": 0.184761241078
    },
    "spectral_spread": {
        "dmean": 406102.96875,
        "dmean2": 546733,
        "dvar": 296360968192,
        "dvar2": 413311795200,
        "max": 12613261,
        "mean": 3996599.75,
        "median": 3796512.25,
        "min": 1779214.375,
        "var": 1.76942153728e+12
    },
    "spectral_strongpeak": {
        "dmean": 0.739099740982,
        "dmean2": 1.20979619026,
        "dvar": 1.42247140408,
        "dvar2": 3.12492537498,
        "max": 14.8714857101,
        "mean": 1.40858030319,
        "median": 0.60215306282,
        "min": 0.00111867953092,
        "var": 3.30430674553
    },
    "zerocrossingrate": {
        "dmean": 0.00970983784646,
        "dmean2": 0.0112836295739,
        "dvar": 0.00017149085761,
        "dvar2": 0.000171616658918,
        "max": 0.33740234375,
        "mean": 0.0659499168396,
        "median": 0.060546875,
        "min": 0.0126953125,
        "var": 0.00130470562726
    },
    "barkbands": {
        "dmean": [5.25292089151e-05, 0.00190898985602, 0.00188996235374, 0.00100757775363, 0.00145266461186, 0.00103632838, 0.000580822466873, 0.000529983139131, 0.000683603750076, 0.000655753887258, 0.000503487361129, 0.000351950409822, 0.000388695043512, 0.000350554677425, 0.000530304620042, 0.000305342953652, 0.000242214664468, 0.000339447578881, 0.000222500922973, 0.000120139833598, 6.01848369115e-05, 5.16239306307e-05, 9.35132920858e-05, 0.000105678205728, 1.85201661225e-05, 1.87662987372e-08, 2.67920574615e-09],
        "dmean2": [8.88598588062e-05, 0.00315166381188, 0.0033282735385, 0.00175512512214, 0.0024961810559, 0.00165459967684, 0.000900335551705, 0.000799362082034, 0.0010494486196, 0.000991798820905, 0.000770121056121, 0.000516024883837, 0.000595085090026, 0.000542434398085, 0.000822603935376, 0.000472345360322, 0.000387426669477, 0.000510508776642, 0.000343521969626, 0.000185936369235, 9.3460905191e-05, 7.586315769e-05, 0.00013970353757, 0.000148216742673, 2.68372568826e-05, 2.92389845669e-08, 5.05070429924e-09],
        "dvar": [1.32346249515e-08, 2.58991767623e-05, 2.48662108788e-05, 2.83434292214e-06, 7.52969117457e-06, 3.24824281961e-06, 1.79108008069e-06, 1.48267258737e-06, 2.35392531067e-06, 2.46167519435e-06, 1.53576377215e-06, 1.10598807623e-06, 1.55905149768e-06, 9.29473344513e-07, 1.88777539734e-06, 5.55889130283e-07, 5.18564547747e-07, 4.72966320331e-07, 1.66029636262e-07, 5.08852195935e-08, 1.55432200444e-08, 1.06753512696e-08, 1.13545858937e-07, 2.55429853269e-07, 5.66987390371e-09, 7.79906179107e-15, 5.558336079e-16],
        "dvar2": [3.52898297251e-08, 6.50865476928e-05, 6.9678928412e-05, 8.04639512353e-06, 2.02634164452e-05, 7.39881033951e-06, 3.75756826543e-06, 2.68935946224e-06, 4.98091458212e-06, 5.40513929081e-06, 3.12167048833e-06, 1.8958938881e-06, 3.39139046446e-06, 2.20359584091e-06, 4.3459040171e-06, 1.21602340641e-06, 1.31232764033e-06, 1.0851525758e-06, 3.75701461053e-07, 1.23821749298e-07, 3.92904624391e-08, 2.28342660336e-08, 2.58162060618e-07, 4.256224031e-07, 1.12635953897e-08, 1.6622201662e-14, 1.60540536773e-15],
        "max": [0.00111032323912, 0.0431855991483, 0.0436443351209, 0.0152467470616, 0.034520983696, 0.0298548564315, 0.0236493013799, 0.0286546256393, 0.0242607276887, 0.0348461531103, 0.0270845293999, 0.031645976007, 0.0357567109168, 0.0182875897735, 0.0241199173033, 0.0148667134345, 0.0158483292907, 0.0109139364213, 0.00568502536044, 0.00391762005165, 0.00256963307038, 0.00179309130181, 0.00646287482232, 0.0185854621232, 0.0017567378236, 2.89578861157e-06, 7.84444750934e-07],
        "mean": [5.90752060816e-05, 0.00236577517353, 0.0021447930485, 0.00128652283456, 0.00206126086414, 0.00183191127144, 0.00105667184107, 0.000926005945075, 0.00113606115337, 0.00124665501062, 0.000946472631767, 0.000633862626273, 0.00074317160761, 0.000612765434198, 0.000901306513697, 0.000578863546252, 0.000476673361845, 0.000699349213392, 0.000511401332915, 0.000233567639953, 0.000115584181913, 9.87783132587e-05, 0.000176003130036, 0.000198329464183, 2.94182846119e-05, 2.41798598921e-08, 1.81038006808e-09],
        "median": [2.39550281549e-05, 0.00125923915766, 0.00102097331546, 0.000820469576865, 0.00125203630887, 0.000893601216376, 0.000369137880625, 0.000317968078889, 0.000355165480869, 0.000369086075807, 0.000222518123337, 0.00018478774291, 0.000122822777485, 0.000126516184537, 0.000190739898244, 0.000119651951536, 0.000126809856738, 0.000167783990037, 0.000191785118659, 0.000117164512631, 5.22932496096e-05, 4.11123619415e-05, 6.03626940574e-05, 4.68171638204e-05, 6.63204809825e-06, 5.03942843011e-09, 2.69382655071e-10],
        "min": [1.41496564465e-10, 3.78131943535e-08, 9.37045196991e-09, 4.64574512193e-08, 5.96424172272e-08, 3.71299186952e-08, 5.21164800205e-09, 3.21911874934e-09, 7.39495620294e-09, 1.24068144647e-09, 2.20239093629e-09, 1.57620128061e-09, 1.3122850584e-09, 1.03947239705e-09, 1.65757874093e-09, 1.58087534174e-08, 1.65447511247e-09, 3.27540483624e-09, 2.46059017606e-09, 4.73552974611e-09, 5.92064575144e-09, 4.60697346938e-09, 3.53761797633e-09, 6.22359830338e-10, 2.80348466664e-10, 2.53400078698e-12, 3.46346822749e-12],
        "var": [1.21372831785e-08, 2.32873499044e-05, 1.87451969396e-05, 2.65514108833e-06, 8.35798982735e-06, 7.0578348641e-06, 5.43653322893e-06, 4.47690081273e-06, 4.74341732115e-06, 8.19310389488e-06, 5.39845314051e-06, 3.41511804436e-06, 5.99270742896e-06, 2.27921213991e-06, 4.97530982102e-06, 1.7417496565e-06, 1.51122208081e-06, 1.50556718381e-06, 6.09523510775e-07, 1.21921743812e-07, 3.42323893676e-08, 2.48633362787e-08, 2.60970523414e-07, 7.82164306656e-07, 1.30755601901e-08, 1.14228152761e-14, 3.12013744665e-16]
    },
    "erbbands": {
        "dmean": [0.0519689843059, 0.48113745451, 1.87459099293, 2.87981629372, 5.39200115204, 3.75234222412, 5.67732334137, 9.67946243286, 8.26159572601, 9.13261413574, 10.7836294174, 16.3364601135, 19.0883178711, 15.6702957153, 20.0867214203, 15.6192007065, 16.8029460907, 16.0274200439, 23.9631519318, 20.6495418549, 15.3897676468, 9.54417419434, 13.5538597107, 15.149435997, 8.34852313995, 4.88252592087, 2.45750069618, 2.41800379753, 1.85733056068, 1.90576004982, 2.91251778603, 2.47530913353, 1.57809364796, 0.424884855747, 0.022483613342, 0.00103821826633, 6.8907669629e-05, 1.16809933388e-05, 5.42710904483e-06, 8.07140622783e-06],
        "dmean2": [0.0871680304408, 0.805153250694, 3.34043478966, 4.9336771965, 9.50608444214, 6.43554925919, 9.15181446075, 15.7965574265, 13.096121788, 14.2646818161, 16.0865726471, 25.1816043854, 28.1460704803, 23.9870815277, 30.6491851807, 22.7296791077, 25.2389659882, 24.5252914429, 36.5740699768, 31.3199214935, 22.71600914, 14.3529243469, 20.2214221954, 22.3477249146, 12.6961994171, 7.53166532516, 3.82768940926, 3.69382095337, 2.7471101284, 2.83239006996, 4.3082151413, 3.4363527298, 2.30490803719, 0.61086833477, 0.0317705236375, 0.00145243899897, 9.58656164585e-05, 1.62679079949e-05, 7.98561904958e-06, 1.26177619677e-05],
        "dvar": [0.0213595367968, 1.67147994041, 26.1339893341, 31.4085407257, 124.029014587, 44.1270713806, 120.863212585, 343.74887085, 322.692962646, 456.88885498, 673.653686523, 1518.3729248, 2340.60229492, 1424.81018066, 2873.38916016, 2054.59326172, 3159.20922852, 1886.6875, 4591.65869141, 2781.78271484, 1661.81835938, 544.875671387, 832.341796875, 859.22869873, 196.500442505, 75.7576446533, 22.0969352722, 21.3360652924, 13.4510240555, 24.7327709198, 132.95715332, 118.298355103, 61.6251525879, 2.99810814857, 0.00916058663279, 1.88126559806e-05, 7.28430791241e-08, 1.91501925428e-09, 1.33272143321e-10, 1.40566447371e-10],
        "dvar2": [0.0547280199826, 4.40532302856, 75.0237884521, 86.3916397095, 342.526184082, 113.046867371, 282.36138916, 831.10723877, 747.641479492, 966.263000488, 1189.39282227, 3278.99853516, 4579.09863281, 3456.87719727, 6019.39892578, 3568.49047852, 6441.57666016, 4309.84326172, 10523.1728516, 6196.26367188, 3319.93066406, 1172.12646484, 1853.09533691, 1812.05749512, 440.495697021, 170.835906982, 53.5199661255, 51.4360466003, 28.6452198029, 55.7521057129, 305.329467773, 198.034820557, 103.758087158, 5.8754940033, 0.0145688755438, 3.01347954519e-05, 1.18565530727e-07, 3.20411319699e-09, 2.35284569605e-10, 3.41591033237e-10],
        "max": [1.38847339153, 11.4500865936, 45.7917556763, 52.1643028259, 117.730926514, 127.792869568, 278.771087646, 345.244445801, 392.188446045, 542.620788574, 709.817810059, 689.117431641, 1273.57324219, 719.690673828, 1365.3338623, 1386.31262207, 1827.01611328, 992.574523926, 1520.296875, 1112.33874512, 823.537780762, 737.962341309, 497.673339844, 501.067657471, 283.612854004, 218.790908813, 82.6651992798, 76.8656616211, 59.2400398254, 98.3748931885, 252.006195068, 350.664886475, 288.664428711, 38.969127655, 2.63979840279, 0.114061288536, 0.00732719153166, 0.00128667114768, 0.000352868431946, 0.00016715656966],
        "mean": [0.0592922456563, 0.575532197952, 2.17914605141, 3.77621054649, 6.34327459335, 5.87324666977, 9.54473304749, 16.3779296875, 15.1611843109, 19.6962013245, 18.6865692139, 29.1848316193, 39.1646308899, 30.8987216949, 39.4634361267, 32.0262489319, 35.8286819458, 33.4277763367, 43.7080345154, 38.9608345032, 34.0629081726, 23.7231864929, 30.7850551605, 37.6734161377, 21.7534542084, 10.7392311096, 5.07911539078, 4.58479070663, 3.48992395401, 3.72858715057, 5.36269426346, 4.70953178406, 2.88503813744, 0.716771483421, 0.034637875855, 0.00169285736047, 0.000136264541652, 2.53753514698e-05, 1.73286807694e-05, 2.73419282166e-05],
        "median": [0.0236879438162, 0.306206464767, 1.08729147911, 2.42528700829, 3.41207146645, 3.64538741112, 5.15430450439, 7.559258461, 6.60566568375, 6.24114370346, 8.27813816071, 9.760597229, 12.0378608704, 9.5858335495, 10.214214325, 9.32920742035, 6.85386562347, 7.45765638351, 9.01696872711, 9.98882770538, 7.53113555908, 6.57253408432, 8.90489006042, 10.416475296, 9.26716995239, 5.82148838043, 2.60211539268, 1.95187497139, 1.37709009647, 1.61159062386, 1.67755353451, 1.13943898678, 0.654361724854, 0.17112596333, 0.00543609308079, 0.000314571429044, 4.14594978793e-05, 9.44363000599e-06, 1.34283072839e-05, 2.44240836764e-05],
        "min": [6.78030176005e-07, 9.76062256086e-06, 1.0312912309e-05, 8.04907103884e-05, 0.000197339526494, 0.000153314686031, 0.000303788780002, 0.000311560288537, 0.000132183209644, 8.79138606251e-05, 5.66037597309e-05, 0.000142242817674, 0.000130760789034, 4.43701137556e-05, 0.00010167802975, 5.13352861162e-05, 5.63514440728e-05, 6.64261533529e-05, 9.12711620913e-05, 0.000178362199222, 0.00097925378941, 0.00015445255849, 0.000190501450561, 0.000118109761388, 0.000122826255392, 0.000169887585798, 0.000284158508293, 0.000230493824347, 0.000143814395415, 0.000157788250363, 8.55543185025e-05, 2.91612523142e-05, 1.00807883427e-05, 5.14488010595e-06, 1.61819656341e-07, 1.76915975203e-08, 5.65086377691e-09, 2.20469043022e-09, 6.59307886064e-10, 3.81330189647e-10],
        "var": [0.018082851544, 1.3894149065, 18.5484466553, 28.7001419067, 102.053253174, 65.3852996826, 252.068130493, 621.733642578, 751.048339844, 2800.69091797, 1536.92077637, 3152.87426758, 9541.65429688, 3858.36303711, 9389.36523438, 7244.93457031, 13574.7890625, 6588.83300781, 13356.7382812, 6951.25732422, 5861.32763672, 2836.31567383, 2743.90527344, 3781.29882812, 991.790466309, 219.575500488, 52.6596031189, 53.0894432068, 31.1421890259, 52.8092651367, 297.729278564, 382.719360352, 174.60723877, 7.51919984818, 0.0243420768529, 5.1922233979e-05, 2.26741306619e-07, 6.07817751686e-09, 4.6027173739e-10, 3.40468958582e-10]
    },
    "gfcc": {
        "mean": [-22.3944835663, 125.497589111, -155.321044922, 56.6415557861, -76.6076278687, 19.4275665283, -36.5214004517, -0.814919292927, -7.74096345901, -24.6560325623, 9.25633430481, -21.9493808746, 4.23300457001],
        "cov": [[2587.23925781, -586.483703613, -276.067260742, 90.9126586914, 64.9448471069, 103.93863678, -140.142120361, 186.144424438, -61.0485801697, -20.2795944214, -27.5885601044, -5.77058029175, -45.1816368103], [-586.483703613, 821.745910645, 63.2515296936, -75.2294692993, 253.684249878, -80.6906356812, 219.852081299, -52.883895874, 84.2833023071, -54.8465690613, 65.1297531128, -66.1863021851, 8.80355167389], [-276.067260742, 63.2515296936, 655.784667969, 207.659210205, -81.8419265747, 152.423950195, 23.4097003937, 14.2012672424, 35.2716140747, 62.1937675476, -44.1672821045, 3.72611880302, -17.461107254], [90.9126586914, -75.2294692993, 207.659210205, 341.077941895, 35.55260849, -7.4151096344, -14.6921625137, 25.7486419678, 56.3979415894, 16.0074939728, -57.480846405, 19.7441310883, 7.38974237442], [64.9448471069, 253.684249878, -81.8419265747, 35.55260849, 332.927856445, 21.5444087982, 69.9223022461, 79.7620925903, 48.5850830078, -57.7239227295, 37.4326248169, -38.5297203064, -14.3536882401], [103.93863678, -80.6906356812, 152.423950195, -7.4151096344, 21.5444087982, 260.54800415, 65.8524703979, 2.61396145821, -39.6500968933, 23.0987281799, -6.35029697418, -16.9360904694, -36.5223846436], [-140.142120361, 219.852081299, 23.4097003937, -14.6921625137, 69.9223022461, 65.8524703979, 188.69519043, -15.7634935379, -0.904568433762, -11.336192131, 26.2872657776, -23.3078727722, -12.4977560043], [186.144424438, -52.883895874, 14.2012672424, 25.7486419678, 79.7620925903, 2.61396145821, -15.7634935379, 187.951919556, 59.1366004944, -12.0630331039, 4.93441343307, -1.35716092587, -2.53269910812], [-61.0485801697, 84.2833023071, 35.2716140747, 56.3979415894, 48.5850830078, -39.6500968933, -0.904568433762, 59.1366004944, 137.414169312, 8.68080711365, -10.6953325272, -3.98612165451, 0.0932852476835], [-20.2795944214, -54.8465690613, 62.1937675476, 16.0074939728, -57.7239227295, 23.0987281799, -11.336192131, -12.0630331039, 8.68080711365, 83.2194671631, 17.6095924377, 4.55647325516, -6.28678417206], [-27.5885601044, 65.1297531128, -44.1672821045, -57.480846405, 37.4326248169, -6.35029697418, 26.2872657776, 4.93441343307, -10.6953325272, 17.6095924377, 98.0318832397, 14.3540334702, -17.2436389923], [-5.77058029175, -66.1863021851, 3.72611880302, 19.7441310883, -38.5297203064, -16.9360904694, -23.3078727722, -1.35716092587, -3.98612165451, 4.55647325516, 14.3540334702, 62.6356124878, 30.3894538879], [-45.1816368103, 8.80355167389, -17.461107254, 7.38974237442, -14.3536882401, -36.5223846436, -12.4977560043, -2.53269910812, 0.0932852476835, -6.28678417206, -17.2436389923, 30.3894538879, 70.9344482422]],
        "icov": [[0.000571007200051, 0.000155241621542, 0.00044870559941, -0.000445715559181, 5.26657531736e-05, -0.000452294159913, 0.000313514115987, -0.000571439799387, 0.000319371582009, 9.87050007097e-05, -0.000103473437775, 0.000299874343909, 0.000168641272467], [0.000155241621542, 0.0082471659407, -0.00471994606778, 0.00479186885059, -0.00670015718788, 0.00664452463388, -0.00721005816013, 0.00541449477896, -0.00398005917668, 0.00172018492594, -0.00223137927242, 0.00467503536493, -0.00398500263691], [0.00044870559941, -0.00471994606778, 0.00592122599483, -0.00510948104784, 0.00538458442315, -0.00620646681637, 0.00438870023936, -0.00396614754573, 0.00176817062311, -0.00101158767939, 0.000426313985372, -0.0013845122885, 0.00199188361876], [-0.000445715559181, 0.00479186885059, -0.00510948104784, 0.00899616722018, -0.00688401097432, 0.00647083343938, -0.00506640784442, 0.00387925165705, -0.0025293675717, -0.0020556950476, 0.00445262389258, -0.00296577974223, 0.00028512935387], [5.26657531736e-05, -0.00670015718788, 0.00538458442315, -0.00688401097432, 0.0124354949221, -0.00800377316773, 0.00563902547583, -0.00595079502091, 0.000908461341169, 0.00439559808001, -0.00476037478074, 0.00305530591868, 6.38139636067e-06], [-0.000452294159913, 0.00664452463388, -0.00620646681637, 0.00647083343938, -0.00800377316773, 0.0131041910499, -0.0086149405688, 0.0042144539766, -0.000195591259398, -0.0026372151915, 0.0031386509072, -0.000250694458373, 0.00108237448148], [0.000313514115987, -0.00721005816013, 0.00438870023936, -0.00506640784442, 0.00563902547583, -0.0086149405688, 0.0140373492613, -0.00372714851983, 0.00250686984509, 0.000973843038082, -0.00205346103758, -7.41513504181e-05, 0.00136381189805], [-0.000571439799387, 0.00541449477896, -0.00396614754573, 0.00387925165705, -0.00595079502091, 0.0042144539766, -0.00372714851983, 0.0113993352279, -0.00600169599056, 0.00222751544788, -0.00227188202552, 0.00251326779835, -0.00312398001552], [0.000319371582009, -0.00398005917668, 0.00176817062311, -0.0025293675717, 0.000908461341169, -0.000195591259398, 0.00250686984509, -0.00600169599056, 0.0132586155087, -0.005124846939, 0.0050444486551, -0.00417724158615, 0.00425087055191], [9.87050007097e-05, 0.00172018492594, -0.00101158767939, -0.0020556950476, 0.00439559808001, -0.0026372151915, 0.000973843038082, 0.00222751544788, -0.005124846939, 0.0206885114312, -0.0112729379907, 0.00797935761511, -0.00472127227113], [-0.000103473437775, -0.00223137927242, 0.000426313985372, 0.00445262389258, -0.00476037478074, 0.0031386509072, -0.00205346103758, -0.00227188202552, 0.0050444486551, -0.0112729379907, 0.0243907477707, -0.017113879323, 0.0123172765598], [0.000299874343909, 0.00467503536493, -0.0013845122885, -0.00296577974223, 0.00305530591868, -0.000250694458373, -7.41513504181e-05, 0.00251326779835, -0.00417724158615, 0.00797935761511, -0.017113879323, 0.0359365977347, -0.0186985917389], [0.000168641272467, -0.00398500263691, 0.00199188361876, 0.00028512935387, 6.38139636067e-06, 0.00108237448148, 0.00136381189805, -0.00312398001552, 0.00425087055191, -0.00472127227113, 0.0123172765598, -0.0186985917389, 0.0264284368604]]
    },
    "melbands": {
        "dmean": [0.000492898689117, 0.000855045858771, 0.000565200985875, 0.00034574730671, 0.000179061011295, 0.000209042729693, 0.00012322391558, 0.000100658900919, 9.08161964617e-05, 0.00010597416258, 9.60124307312e-05, 6.61050798954e-05, 7.1240363468e-05, 4.64162585558e-05, 3.99462805944e-05, 3.44422151102e-05, 3.27982706949e-05, 3.96343566536e-05, 3.40820879501e-05, 2.41292527789e-05, 2.11915212276e-05, 1.29202289827e-05, 1.14314425446e-05, 1.62705000548e-05, 1.37273755172e-05, 7.15632086212e-06, 6.08121990808e-06, 2.8756426218e-06, 1.66781546795e-06, 1.68517965449e-06, 1.47668026784e-06, 1.20214565413e-06, 9.61385580922e-07, 1.19343860661e-06, 1.65894391557e-06, 1.79960375135e-06, 1.56261751272e-06, 1.29534362259e-06, 7.57496479764e-07, 2.45235497687e-07],
        "dmean2": [0.000818503263872, 0.00150162482169, 0.000970180437434, 0.000600377388764, 0.000290511467028, 0.000338018813636, 0.000192961917492, 0.000158649854711, 0.000136823422508, 0.000161511226906, 0.000140727599501, 0.000101852332591, 0.000109710686957, 6.79217919242e-05, 5.88253860769e-05, 5.23950475326e-05, 5.01874128531e-05, 6.204314559e-05, 5.25510622538e-05, 3.70354973711e-05, 3.12264492095e-05, 2.00181057153e-05, 1.76069042936e-05, 2.43049453275e-05, 2.04884527193e-05, 1.10680111902e-05, 9.46039381233e-06, 4.54000746686e-06, 2.63241872744e-06, 2.71235239779e-06, 2.29354373005e-06, 1.82849919383e-06, 1.44979753713e-06, 1.81966902346e-06, 2.51935693996e-06, 2.60657202489e-06, 2.19917910727e-06, 1.89567231246e-06, 1.13103203603e-06, 3.5400111642e-07],
        "dvar": [1.83225972705e-06, 5.5411401263e-06, 9.8369787338e-07, 4.71220488407e-07, 1.08365703966e-07, 1.45885593383e-07, 7.02434235222e-08, 5.0002697094e-08, 3.98881283559e-08, 6.40982733557e-08, 5.76397489738e-08, 2.76507137187e-08, 3.21700248662e-08, 2.05759285166e-08, 1.53452841545e-08, 9.93906734692e-09, 8.62174953653e-09, 1.20178498264e-08, 7.98026533744e-09, 3.45508821553e-09, 3.81426445983e-09, 1.42092726474e-09, 6.64501509373e-10, 1.42672662573e-09, 7.42325922953e-10, 1.78046175026e-10, 1.4350054478e-10, 2.60865530566e-11, 9.53715405261e-12, 1.87146669689e-11, 7.20927050696e-12, 5.76631320817e-12, 4.77968619544e-12, 1.03924568604e-11, 4.27259790048e-11, 5.26598070705e-11, 5.2412258561e-11, 4.95220808805e-11, 9.85047286794e-12, 1.03880695278e-12],
        "dvar2": [4.56887482869e-06, 1.54989393195e-05, 2.70093096333e-06, 1.30161788547e-06, 2.49376483907e-07, 3.44161577459e-07, 1.60419915574e-07, 1.10951773991e-07, 7.3675927581e-08, 1.33603990093e-07, 1.14003107399e-07, 6.64800339223e-08, 6.69951774057e-08, 3.65900376664e-08, 2.88549308891e-08, 2.27197070046e-08, 1.99113365795e-08, 2.80803451602e-08, 1.87238331506e-08, 8.03557309581e-09, 7.81854669896e-09, 3.14328141293e-09, 1.4961923922e-09, 3.2603968414e-09, 1.56096446879e-09, 4.10344064283e-10, 3.48510859061e-10, 6.09842523702e-11, 2.21286305252e-11, 5.14688569542e-11, 1.6913113271e-11, 1.27441442815e-11, 1.08407545094e-11, 2.41827096542e-11, 1.00139375958e-10, 1.07043478248e-10, 9.3941632251e-11, 8.3049456201e-11, 2.02545862027e-11, 2.00660712005e-12],
        "max": [0.012595477514, 0.0219076313078, 0.00851861573756, 0.00853857025504, 0.00800176244229, 0.0070071965456, 0.00528023065999, 0.00513488473371, 0.00478212442249, 0.00459348130971, 0.00630817329511, 0.00354207563214, 0.00413050036877, 0.00484287645668, 0.00367533345707, 0.00244292942807, 0.00175508635584, 0.00240014283918, 0.0015474454267, 0.00108062545769, 0.00110245833639, 0.00110714801122, 0.000527514319401, 0.000787186494563, 0.000441885640612, 0.000385304330848, 0.000208557044971, 0.000121362558275, 7.06904465915e-05, 0.000103600606963, 3.71621026716e-05, 3.92600195482e-05, 5.29726858076e-05, 5.85631787544e-05, 0.000140984717291, 0.000187065379578, 0.00022761321452, 0.000290688069072, 6.51284426567e-05, 2.49987369898e-05],
        "mean": [0.00059465697268, 0.00103624514304, 0.000743887445424, 0.000446898688097, 0.000326337176375, 0.000365359592251, 0.000226140837185, 0.000214789732127, 0.000149634230183, 0.00018401867419, 0.000191446306417, 0.000119712211017, 0.00013371706882, 8.56414771988e-05, 8.06165480753e-05, 6.67790518492e-05, 6.17596233496e-05, 6.68337233947e-05, 5.63421672268e-05, 4.64621771243e-05, 4.07568586525e-05, 2.64731479547e-05, 2.31643807638e-05, 3.27422021655e-05, 3.08047892759e-05, 1.68564420164e-05, 1.21260372907e-05, 5.66024345972e-06, 3.15100714943e-06, 2.86980434794e-06, 2.59773651123e-06, 2.03457034331e-06, 1.78471498202e-06, 2.14060378312e-06, 2.93840889753e-06, 3.30721400132e-06, 2.75756860901e-06, 2.25801545639e-06, 1.27336818423e-06, 3.54141150183e-07],
        "median": [0.000291245465633, 0.000556900631636, 0.00049587036483, 0.000261783483438, 0.000186249802937, 0.000174460932612, 9.34819327085e-05, 6.59720826661e-05, 6.50099609629e-05, 5.65739755984e-05, 5.42808120372e-05, 3.43126121152e-05, 3.16939840559e-05, 2.58932814177e-05, 1.79526941793e-05, 1.28751471493e-05, 1.21668053907e-05, 1.25477417896e-05, 1.31033557409e-05, 1.05821200123e-05, 8.30822864373e-06, 6.51676009511e-06, 6.47381330054e-06, 8.22509719001e-06, 7.71463692217e-06, 6.15040335106e-06, 5.50686672796e-06, 2.98640316032e-06, 1.57306578785e-06, 1.18689968076e-06, 1.07199980448e-06, 7.57915131544e-07, 7.62088177453e-07, 9.10585868041e-07, 9.0776285333e-07, 9.03379827832e-07, 6.04840010965e-07, 4.6642929874e-07, 3.41026407114e-07, 6.46699547246e-08],
        "min": [8.55435722258e-09, 7.78915509869e-09, 1.91244957648e-08, 1.1580811865e-08, 1.02351283005e-08, 6.7962524497e-09, 1.8895855991e-09, 9.10681974275e-10, 3.69838937253e-10, 1.0914348314e-09, 6.53394005568e-10, 1.47977963216e-10, 3.74049624607e-10, 2.10291867253e-10, 6.71946318032e-11, 1.57240526155e-10, 1.14443766963e-10, 1.39324954351e-10, 8.87270326655e-11, 6.83565593018e-10, 1.06309105963e-09, 1.15110296295e-10, 1.38090233692e-10, 1.57390142586e-10, 8.54748563595e-11, 1.02440195215e-10, 5.09533006066e-11, 1.42440004236e-10, 2.09270503704e-10, 1.67916069937e-10, 1.10213040083e-10, 7.83472592358e-11, 9.98663027274e-11, 8.12524630911e-11, 4.64023125479e-11, 4.14818526751e-11, 8.61321864526e-12, 5.86842553718e-12, 9.38879269469e-12, 1.42753116186e-12],
        "var": [1.63303514e-06, 4.12099825553e-06, 8.87653982318e-07, 4.22474272455e-07, 2.55268560068e-07, 2.88830904083e-07, 1.67470929568e-07, 3.02620492221e-07, 8.41458742684e-08, 1.36880970558e-07, 2.39078104869e-07, 6.90616346333e-08, 1.06483682316e-07, 5.7380280083e-08, 6.15179445163e-08, 3.64095491534e-08, 2.65733213212e-08, 3.22342188497e-08, 1.86089241794e-08, 1.0017362051e-08, 1.07976019237e-08, 5.10780218121e-09, 2.14472484217e-09, 3.68089447811e-09, 2.8354310011e-09, 8.78835060281e-10, 3.58680113388e-10, 6.37381189494e-11, 2.10576747012e-11, 3.11249012674e-11, 1.65043430311e-11, 1.16207200113e-11, 9.75345585547e-12, 2.00958121671e-11, 8.67553875961e-11, 1.43219353044e-10, 1.51721746278e-10, 1.31912730739e-10, 2.29935775281e-11, 2.29060737392e-12]
    },
    "mfcc": {
        "mean": [-635.327941895, 116.705841064, -4.00757074356, 19.832321167, 2.5200855732, 0.637761771679, -1.95160377026, 8.88714504242, -9.67731571198, 6.96417617798, -6.86984920502, -2.11003470421, -4.47181463242],
        "cov": [[2756.03442383, -642.487731934, -370.62322998, -47.5156669617, 118.397537231, -121.232910156, -2.68832159042, 74.2299194336, -27.3296642303, 45.1328353882, 12.1525211334, -97.3941421509, -44.1183280945], [-642.487731934, 875.366210938, -158.283737183, 19.0378780365, 25.4885807037, 30.5494346619, 118.148635864, 54.238067627, 3.31480097771, 57.3418006897, 39.8017044067, 0.091129720211, 27.4842300415], [-370.62322998, -158.283737183, 718.430541992, 64.6474838257, -29.2897033691, 148.031173706, -16.2879962921, -41.9710350037, 78.4750595093, -33.206161499, 10.6148166656, 97.7822418213, 14.0493078232], [-47.5156669617, 19.0378780365, 64.6474838257, 342.613128662, 73.3587341309, -15.6745843887, -57.7524147034, 22.229763031, 74.7813949585, -15.0939588547, -22.9328956604, 56.3121299744, 35.976688385], [118.397537231, 25.4885807037, -29.2897033691, 73.3587341309, 256.381256104, -36.8737373352, 8.42129707336, 83.7867050171, 38.5033912659, 64.2227096558, 10.9044303894, 6.40708875656, 24.3301734924], [-121.232910156, 30.5494346619, 148.031173706, -15.6745843887, -36.8737373352, 242.024612427, 78.4299087524, -11.9821929932, 6.12742233276, -3.54555773735, 21.2456665039, 6.72119426727, -36.6096763611], [-2.68832159042, 118.148635864, -16.2879962921, -57.7524147034, 8.42129707336, 78.4299087524, 194.989822388, 51.3650512695, -25.5361213684, 24.3405818939, 32.4975700378, -13.9299821854, -1.8424128294], [74.2299194336, 54.238067627, -41.9710350037, 22.229763031, 83.7867050171, -11.9821929932, 51.3650512695, 136.101623535, 40.1220664978, 44.3439445496, 4.94506883621, 5.15838670731, 13.5446510315], [-27.3296642303, 3.31480097771, 78.4750595093, 74.7813949585, 38.5033912659, 6.12742233276, -25.5361213684, 40.1220664978, 129.550888062, 21.8247871399, -9.03484535217, 15.7056360245, 4.27931499481], [45.1328353882, 57.3418006897, -33.206161499, -15.0939588547, 64.2227096558, -3.54555773735, 24.3405818939, 44.3439445496, 21.8247871399, 108.924453735, 38.0292053223, -7.2587389946, -3.85492157936], [12.1525211334, 39.8017044067, 10.6148166656, -22.9328956604, 10.9044303894, 21.2456665039, 32.4975700378, 4.94506883621, -9.03484535217, 38.0292053223, 83.5435028076, 21.9559726715, 0.788571238518], [-97.3941421509, 0.091129720211, 97.7822418213, 56.3121299744, 6.40708875656, 6.72119426727, -13.9299821854, 5.15838670731, 15.7056360245, -7.2587389946, 21.9559726715, 101.300064087, 39.3122367859], [-44.1183280945, 27.4842300415, 14.0493078232, 35.976688385, 24.3301734924, -36.6096763611, -1.8424128294, 13.5446510315, 4.27931499481, -3.85492157936, 0.788571238518, 39.3122367859, 69.943611145]],
