{
"lowlevel": {
    "average_loudness": 0.924530923367,
    "barkbands_crest": {
        "dmean": 2.96301841736,
        "dmean2": 4.79804229736,
        "dvar": 6.76823425293,
        "dvar2": 16.4737052917,
        "max": 24.4257316589,
        "mean": 11.3676023483,
        "median": 10.693901062,
        "min": 3.27687978745,
        "var": 18.1247806549
    },
    "barkbands_flatness_db": {
        "dmean": 0.0285303238779,
        "dmean2": 0.0428592227399,
        "dvar": 0.000943071208894,
        "dvar2": 0.00198736297898,
        "max": 0.460200279951,
        "mean": 0.186607271433,
        "median": 0.176250934601,
        "min": 0.0267426148057,
        "var": 0.00366967800073
    },
    "barkbands_kurtosis": {
        "dmean": 6.02331733704,
        "dmean2": 9.69494342804,
        "dvar": 119.860122681,
        "dvar2": 290.151367188,
        "max": 153.435043335,
        "mean": 10.6599903107,
        "median": 6.58734893799,
        "min": -1.9107363224,
        "var": 214.319274902
    },
    "barkbands_skewness": {
        "dmean": 0.704441964626,
        "dmean2": 1.07721996307,
        "dvar": 0.652882814407,
        "dvar2": 1.45178890228,
        "max": 10.8561010361,
        "mean": 2.31148123741,
        "median": 2.07514810562,
        "min": -1.99356031418,
        "var": 2.16596770287
    },
    "barkbands_spread": {
        "dmean": 4.63349914551,
        "dmean2": 6.8854932785,
        "dvar": 64.1196899414,
        "dvar2": 121.915245056,
        "max": 106.950126648,
        "mean": 14.3127098083,
        "median": 11.3011417389,
        "min": 0.773302257061,
        "var": 178.047485352
    },
    "dissonance": {
        "dmean": 0.0259519536048,
        "dmean2": 0.0430939495564,
        "dvar": 0.000593076343648,
        "dvar2": 0.00151690864004,
        "max": 0.498949170113,
        "mean": 0.446390926838,
        "median": 0.454167127609,
        "min": 0.225742608309,
        "var": 0.00129265256692
    },
    "dynamic_complexity": 4.70306348801,
    "erbbands_crest": {
        "dmean": 2.98205280304,
        "dmean2": 4.75073862076,
        "dvar": 7.67470645905,
        "dvar2": 16.9006328583,
        "max": 30.8398971558,
        "mean": 10.7565975189,
        "median": 9.17078399658,
        "min": 2.76450514793,
        "var": 29.5518913269
    },
    "erbbands_flatness_db": {
        "dmean": 0.0202826019377,
        "dmean2": 0.0289323739707,
        "dvar": 0.000385227904189,
        "dvar2": 0.000777952896897,
        "max": 0.29839527607,
        "mean": 0.156118303537,
        "median": 0.150260180235,
        "min": 0.0414678268135,
        "var": 0.00176113913767
    },
    "erbbands_kurtosis": {
        "dmean": 1.38869059086,
        "dmean2": 2.1667740345,
        "dvar": 3.72789812088,
        "dvar2": 8.17154312134,
        "max": 26.1227340698,
        "mean": 1.61845207214,
        "median": 0.823181867599,
        "min": -1.58512198925,
        "var": 9.16677284241
    },
    "erbbands_skewness": {
        "dmean": 0.399203419685,
        "dmean2": 0.595960080624,
        "dvar": 0.165303498507,
        "dvar2": 0.329035192728,
        "max": 4.58079433441,
        "mean": 0.866124093533,
        "median": 0.867222189903,
        "min": -3.42210531235,
        "var": 0.676266670227
    },
    "erbbands_spread": {
        "dmean": 9.2043762207,
        "dmean2": 14.034869194,
        "dvar": 114.661064148,
        "dvar2": 271.922149658,
        "max": 118.880256653,
        "mean": 36.9616775513,
        "median": 33.0769805908,
        "min": 5.49432420731,
        "var": 362.057922363
    },
    "hfc": {
        "dmean": 5.04773378372,
        "dmean2": 7.12743091583,
        "dvar": 58.5728569031,
        "dvar2": 117.183273315,
        "max": 148.111099243,
        "mean": 14.7501630783,
        "median": 9.46141242981,
        "min": 1.20614235906e-16,
        "var": 259.578552246
    },
    "melbands_crest": {
        "dmean": 3.57142901421,
        "dmean2": 5.70346498489,
        "dvar": 9.72727012634,
        "dvar2": 24.6863651276,
        "max": 35.0357475281,
        "mean": 15.2299718857,
        "median": 14.7242050171,
        "min": 1.00016868114,
        "var": 27.91264534
    },
    "melbands_flatness_db": {
        "dmean": 0.0343305543065,
        "dmean2": 0.0500007979572,
        "dvar": 0.00143907370511,
        "dvar2": 0.00285544549115,
        "max": 0.608955621719,
        "mean": 0.259994626045,
        "median": 0.246637970209,
        "min": -6.04003446369e-07,
        "var": 0.00641752174124
    },
    "melbands_kurtosis": {
        "dmean": 12.342297554,
        "dmean2": 19.8943862915,
        "dvar": 505.14956665,
        "dvar2": 1244.73583984,
        "max": 294.521453857,
        "mean": 22.9830207825,
        "median": 12.9804840088,
        "min": -1.20150387287,
        "var": 922.578308105
    },
    "melbands_skewness": {
        "dmean": 0.917089819908,
        "dmean2": 1.42085444927,
        "dvar": 1.04527950287,
        "dvar2": 2.35107946396,
        "max": 12.8425273895,
        "mean": 3.16128921509,
        "median": 2.81933450699,
        "min": -0.314679563046,
        "var": 3.72237706184
    },
    "melbands_spread": {
        "dmean": 5.05899763107,
        "dmean2": 7.71019029617,
        "dvar": 127.645744324,
        "dvar2": 253.477050781,
        "max": 204.391708374,
        "mean": 13.9111461639,
        "median": 10.0000228882,
        "min": 0.59315931797,
        "var": 262.242919922
    },
    "pitch_salience": {
        "dmean": 0.0745079740882,
        "dmean2": 0.120106518269,
        "dvar": 0.00436822511256,
        "dvar2": 0.0110521744937,
        "max": 0.996097445488,
        "mean": 0.524148285389,
        "median": 0.528577804565,
        "min": 0.116400465369,
        "var": 0.0113174393773
    },
    "silence_rate_20dB": {
        "dmean": 0,
        "dmean2": 0,
        "dvar": 0,
        "dvar2": 0,
        "max": 1,
        "mean": 1,
        "median": 1,
        "min": 1,
        "var": 0
    },
    "silence_rate_30dB": {
        "dmean": 0.0247104242444,
        "dmean2": 0.0494590401649,
        "dvar": 0.0240996871144,
        "dvar2": 0.0671063065529,
        "max": 1,
        "mean": 0.98456788063,
        "median": 1,
        "min": 0,
        "var": 0.0151939829811
    },
    "silence_rate_60dB": {
        "dmean": 0.0262548271567,
        "dmean2": 0.0525502301753,
        "dvar": 0.0255652088672,
        "dvar2": 0.0575169250369,
        "max": 1,
        "mean": 0.101851850748,
        "median": 0,
        "min": 0,
        "var": 0.0914786979556
    },
    "spectral_centroid": {
        "dmean": 211.767501831,
        "dmean2": 305.548675537,
        "dvar": 134340.6875,
        "dvar2": 181099.640625,
        "max": 11081.7128906,
        "mean": 851.797546387,
        "median": 746.323608398,
        "min": 147.910797119,
        "var": 335346.90625
    },
    "spectral_complexity": {
        "dmean": 2.33050203323,
        "dmean2": 3.50231838226,
        "dvar": 6.3648724556,
        "dvar2": 12.5792284012,
        "max": 37,
        "mean": 11.9182100296,
        "median": 12,
        "min": 0,
        "var": 43.4639358521
    },
    "spectral_decrease": {
        "dmean": 3.61692209516e-09,
        "dmean2": 5.6950337779e-09,
        "dvar": 3.71068623667e-17,
        "dvar2": 9.47345735709e-17,
        "max": 2.09659029454e-26,
        "mean": -7.83742049038e-09,
        "median": -6.21158768865e-09,
        "min": -5.58716450882e-08,
        "var": 5.48409231769e-17
    },
    "spectral_energy": {
        "dmean": 0.0139902206138,
        "dmean2": 0.0220045838505,
        "dvar": 0.0005442595575,
        "dvar2": 0.00138721906114,
        "max": 0.221268996596,
        "mean": 0.0309181530029,
        "median": 0.0244694463909,
        "min": 1.09718149256e-20,
        "var": 0.000834241858684
    },
    "spectral_energyband_high": {
        "dmean": 0.000194741674932,
        "dmean2": 0.000268077652436,
        "dvar": 3.96983608653e-07,
        "dvar2": 6.88083673595e-07,
        "max": 0.0183131136,
        "mean": 0.000424157333327,
        "median": 0.000170673331013,
        "min": 8.29532745861e-21,
        "var": 9.75038574325e-07
    },
    "spectral_energyband_low": {
        "dmean": 0.0100278612226,
        "dmean2": 0.0163714289665,
        "dvar": 0.000423692370532,
        "dvar2": 0.00110523554031,
        "max": 0.164084911346,
        "mean": 0.0145394885913,
        "median": 0.00885424017906,
        "min": 8.06228908672e-23,
        "var": 0.000409208558267
    },
    "spectral_energyband_middle_high": {
        "dmean": 0.00126398401335,
        "dmean2": 0.00181475654244,
        "dvar": 6.03118041909e-06,
        "dvar2": 1.32674458655e-05,
        "max": 0.0449821576476,
        "mean": 0.00331296236254,
        "median": 0.00146346050315,
        "min": 1.49506251617e-21,
        "var": 2.52772097156e-05
    },
    "spectral_energyband_middle_low": {
        "dmean": 0.00596759654582,
        "dmean2": 0.00919564627111,
        "dvar": 7.07222061465e-05,
        "dvar2": 0.000162395459483,
        "max": 0.0819408223033,
        "mean": 0.0143818426877,
        "median": 0.00888041779399,
        "min": 3.04804544667e-22,
        "var": 0.000229139710427
    },
    "spectral_entropy": {
        "dmean": 0.235806256533,
        "dmean2": 0.344826430082,
        "dvar": 0.0668839812279,
        "dvar2": 0.134907215834,
        "max": 9.79700088501,
        "mean": 7.25830078125,
        "median": 7.29399776459,
        "min": 5.14143037796,
        "var": 0.24313223362
    },
    "spectral_flux": {
        "dmean": 0.0323002301157,
        "dmean2": 0.0500173270702,
        "dvar": 0.00171087484341,
        "dvar2": 0.00342697231099,
        "max": 0.345266222954,
        "mean": 0.0862840488553,
        "median": 0.071706391871,
        "min": 1.04746433749e-10,
        "var": 0.00373187358491
    },
    "spectral_kurtosis": {
        "dmean": 2.02003908157,
        "dmean2": 3.26314091682,
        "dvar": 12.4616594315,
        "dvar2": 29.2352962494,
        "max": 60.6459693909,
        "mean": 5.29102706909,
        "median": 4.15455532074,
        "min": -1.28484845161,
        "var": 22.4730091095
    },
    "spectral_rms": {
        "dmean": 0.00108937988989,
        "dmean2": 0.00162554299459,
        "dvar": 1.99969781534e-06,
        "dvar2": 4.74713169751e-06,
        "max": 0.0146925896406,
        "mean": 0.00490047968924,
        "median": 0.0048859603703,
        "min": 3.27172880801e-12,
        "var": 6.14933560428e-06
    },
    "spectral_rolloff": {
        "dmean": 325.774169922,
        "dmean2": 532.455749512,
        "dvar": 1239609.125,
        "dvar2": 2131427.5,
        "max": 18884.6191406,
        "mean": 837.202941895,
        "median": 516.796875,
        "min": 64.599609375,
        "var": 2280829
    },
    "spectral_skewness": {
        "dmean": 0.2742177248,
        "dmean2": 0.421347200871,
        "dvar": 0.125268787146,
        "dvar2": 0.253481030464,
        "max": 6.36481571198,
        "mean": 1.83369600773,
        "median": 1.74607634544,
        "min": -0.46326264739,
        "var": 0.381520420313
    },
    "spectral_spread": {
        "dmean": 655116.875,
        "dmean2": 943853.125,
        "dvar": 1.22780961997e+12,
        "dvar2": 1.55708463514e+12,
        "max": 38931480,
        "mean": 4902083.5,
        "median": 4717298,
        "min": 1458182.625,
        "var": 3.42658069299e+12
    },
    "spectral_strongpeak": {
        "dmean": 0.485088676214,
        "dmean2": 0.807341277599,
        "dvar": 0.737350404263,
        "dvar2": 1.86974895,
        "max": 7.31599187851,
        "mean": 0.862877190113,
        "median": 0.291776955128,
        "min": 0,
        "var": 1.66562867165
    },
    "zerocrossingrate": {
        "dmean": 0.0097083132714,
        "dmean2": 0.010864446871,
        "dvar": 0.000518845568877,
        "dvar2": 0.000545756367501,
        "max": 0.50146484375,
        "mean": 0.04052734375,
        "median": 0.0341796875,
        "min": 0.001953125,
        "var": 0.00148858549073
    },
    "barkbands": {
        "dmean": [0.000356798700523, 0.00637160334736, 0.00331828463823, 0.00209947978146, 0.00152931059711, 0.00115343136713, 0.00112371484283, 0.0018881134456, 0.000947017862927, 0.000547376286704, 0.000367733096937, 0.000194621519768, 0.000307794514811, 0.00040333182551, 9.95684313239e-05, 5.55173537578e-05, 8.75117984833e-05, 3.29181784764e-05, 6.57814671285e-05, 6.23431333224e-05, 3.17525591527e-05, 3.48639405274e-05, 5.06762298755e-05, 4.59587208752e-05, 4.21423137595e-05, 1.18615771498e-05, 1.90731475058e-09],
        "dmean2": [0.000550163094886, 0.0103266034275, 0.00588160986081, 0.00356266810559, 0.00243603414856, 0.00188209861517, 0.00167644966859, 0.00270056095906, 0.00142824731302, 0.000788938777987, 0.000571646611206, 0.000312923337333, 0.000482627277961, 0.000613259442616, 0.000151967440615, 8.92689786269e-05, 0.000132588800625, 5.14028906764e-05, 9.51758120209e-05, 9.88078973023e-05, 4.79755290144e-05, 5.31273435627e-05, 7.4810021033e-05, 6.43607199891e-05, 5.92119868088e-05, 1.73178086698e-05, 3.34962146908e-09],
        "dvar": [5.92069227423e-07, 0.000184671429452, 4.99801462865e-05, 1.63294735103e-05, 4.94288678965e-06, 5.65510617889e-06, 9.60219404078e-06, 3.1505136576e-05, 1.15434868349e-05, 4.53793018096e-06, 1.02921433154e-06, 2.67159805389e-07, 6.58164367451e-07, 1.1005217857e-06, 8.21232575277e-08, 1.20522392066e-08, 4.06872509018e-08, 3.39436345698e-09, 1.88713329408e-08, 1.62037459006e-08, 7.03089808596e-09, 1.05579731624e-08, 1.7575677802e-08, 5.38653175397e-08, 3.15139949691e-08, 1.11494879995e-09, 1.38651352532e-17],
        "dvar2": [1.31569640871e-06, 0.000475706649013, 0.00014064014249, 4.49050385214e-05, 1.18686439237e-05, 1.48397384692e-05, 1.89973088709e-05, 6.13563679508e-05, 2.4578990633e-05, 9.00091345102e-06, 2.4587916414e-06, 7.28839154363e-07, 1.65453320733e-06, 2.48606852438e-06, 1.94412038468e-07, 2.71721951606e-08, 7.55321210022e-08, 7.50890460921e-09, 3.4282216177e-08, 3.95830213051e-08, 1.52778234508e-08, 1.82406392213e-08, 3.52060602893e-08, 1.03895963832e-07, 5.39247970721e-08, 2.17448881124e-09, 3.58849313135e-17],
        "max": [0.00622598920017, 0.109963670373, 0.0615021884441, 0.0435039065778, 0.0305410511792, 0.0350068211555, 0.0427677072585, 0.075484700501, 0.0679740309715, 0.0580977275968, 0.017760720104, 0.00847259443253, 0.00938275083899, 0.0242989659309, 0.0058295535855, 0.00142220722046, 0.00530634308234, 0.000872977368999, 0.00312980567105, 0.00205866014585, 0.00225594686344, 0.00300705176778, 0.00349975633435, 0.0058632097207, 0.00499004032463, 0.000810513971373, 6.18078033199e-08],
        "mean": [0.000409284897614, 0.00849413033575, 0.00410180538893, 0.00260488106869, 0.00287657720037, 0.00185716152191, 0.00163218542002, 0.00316574028693, 0.00179479632061, 0.000862580374815, 0.000623303989414, 0.00029843635275, 0.000447620986961, 0.000644718355034, 0.000160759620485, 7.81201815698e-05, 0.000158913317136, 6.0857662902e-05, 0.000141146287206, 0.000114215057692, 5.79783845751e-05, 6.64544350002e-05, 9.92569766822e-05, 8.12454527477e-05, 6.9931105827e-05, 1.60251001944e-05, 1.88315674166e-09],
        "median": [5.96482059336e-05, 0.00428698770702, 0.00206754449755, 0.00122917280532, 0.00181349273771, 0.000753380125389, 0.000296575482935, 0.00042553525418, 0.000182236195542, 0.000165675737662, 0.000100282748463, 7.2235634434e-05, 8.14460508991e-05, 8.9592896984e-05, 3.82027355954e-05, 3.00248648273e-05, 4.76544664707e-05, 2.49695985985e-05, 4.80861999677e-05, 4.28690982517e-05, 2.56275598076e-05, 2.57893934759e-05, 2.44657203439e-05, 1.61185162142e-05, 1.7758426111e-05, 3.80143887924e-06, 6.819874665e-10],
        "min": [2.15322013772e-23, 4.08071750928e-23, 1.72172789537e-23, 9.33219295433e-24, 6.97109629294e-23, 4.34945528287e-23, 2.11466566538e-23, 3.45845613863e-23, 1.15299884664e-22, 4.40978073847e-23, 4.69761999003e-23, 4.91515217117e-23, 1.32928553002e-22, 9.42872807211e-23, 7.45357119564e-23, 2.14837091507e-22, 2.0530650319e-22, 1.54028461758e-22, 3.06445981195e-22, 4.69167260989e-22, 4.38609389606e-22, 3.75317577189e-22, 5.99462141905e-22, 1.06775335077e-21, 1.61707266626e-21, 1.5988914545e-21, 2.47269770979e-21],
        "var": [7.09564972112e-07, 0.000175990862772, 3.93483824155e-05, 1.79368707904e-05, 1.18825755635e-05, 1.0013191968e-05, 1.94143958652e-05, 7.67792662373e-05, 4.13586312789e-05, 1.05533144961e-05, 2.35426068684e-06, 4.21244607196e-07, 1.09841391804e-06, 2.34878257288e-06, 1.9803546536e-07, 2.0251288646e-08, 1.38301885499e-07, 1.02423474146e-08, 8.1289364573e-08, 3.54075062603e-08, 1.29026629381e-08, 2.12619113427e-08, 4.73077825802e-08, 1.34847240929e-07, 7.39109609071e-08, 1.89273863249e-09, 1.37927155905e-17]
    },
    "erbbands": {
        "dmean": [0.210693567991, 1.41034770012, 3.36238241196, 6.17655086517, 4.88986110687, 5.69260787964, 7.03250551224, 10.5097742081, 11.2462816238, 28.6446781158, 34.7393684387, 22.8228378296, 18.8095264435, 11.8979740143, 12.7825832367, 8.61432647705, 14.1228761673, 17.0722255707, 9.94957447052, 3.84709191322, 3.41919088364, 4.23320055008, 1.97761678696, 2.22186231613, 3.75325345993, 2.65703606606, 1.35425138474, 1.20745611191, 1.08418500423, 1.74928796291, 1.23650598526, 0.855178594589, 0.883259475231, 0.583721399307, 0.24177031219, 0.076727360487, 0.0171517375857, 0.0017088932218, 3.80224919354e-05, 1.66720765264e-05],
        "dmean2": [0.324759870768, 2.44664311409, 6.05446052551, 10.6048994064, 8.29799842834, 9.17255687714, 11.1342535019, 17.3200054169, 17.4472427368, 42.3996734619, 49.9329490662, 34.5521202087, 27.0897674561, 18.2579460144, 19.8656768799, 13.6033763885, 21.9586982727, 25.8456096649, 14.9152536392, 5.5835609436, 5.22298002243, 6.36514472961, 2.89907217026, 3.49793744087, 5.20075321198, 3.98101329803, 2.07965183258, 1.80000734329, 1.63407754898, 2.56966495514, 1.77862799168, 1.23209309578, 1.22589671612, 0.817808568478, 0.358780384064, 0.112760461867, 0.0247282423079, 0.0024731841404, 5.39436150575e-05, 2.5619949156e-05],
        "dvar": [0.189420759678, 9.90604686737, 55.0065231323, 146.704315186, 72.7831115723, 96.1985855103, 148.036987305, 535.512817383, 1073.05981445, 5284.91992188, 12865.3173828, 8354.31542969, 5496.92529297, 1949.68017578, 999.647460938, 472.577178955, 1624.18017578, 1564.41357422, 839.656738281, 82.5789642334, 53.8551445007, 98.4120635986, 16.0258312225, 17.6671218872, 76.7182540894, 27.3659801483, 12.3017597198, 10.7922048569, 11.0326929092, 15.1807870865, 12.0821819305, 12.1643066406, 25.5418319702, 7.96541976929, 0.733098447323, 0.0532977059484, 0.00245295651257, 2.15286763705e-05, 8.43510505888e-09, 6.88121781778e-10],
        "dvar2": [0.420904427767, 27.5314121246, 156.363098145, 397.009643555, 202.160217285, 220.289001465, 360.504241943, 1404.99230957, 2216.28198242, 11902.9951172, 24201.0976562, 19127.765625, 9483.71875, 4218.84912109, 2400.81274414, 1286.00585938, 4126.33300781, 3275.28759766, 1968.95861816, 152.750808716, 118.164276123, 180.996643066, 29.352519989, 39.5553016663, 128.902297974, 61.8253059387, 27.6360454559, 21.3198547363, 19.2279853821, 29.6535758972, 23.152633667, 23.4081935883, 50.2100296021, 14.2112770081, 1.27854347229, 0.111613161862, 0.00472959782928, 4.34146713815e-05, 1.60035842356e-08, 1.74177439138e-09],
        "max": [3.83050918579, 24.1010494232, 58.9988899231, 115.333389282, 78.4520797729, 124.383872986, 172.219909668, 284.125488281, 702.995422363, 1305.59082031, 1787.29443359, 1921.1015625, 2259.34570312, 972.948120117, 438.183929443, 362.715637207, 504.63583374, 569.158996582, 744.012084961, 200.1146698, 128.014404297, 295.444732666, 95.7892837524, 79.6237182617, 202.21496582, 89.1575698853, 88.195640564, 92.7987213135, 100.650733948, 86.3167114258, 99.6117172241, 100.918060303, 143.809356689, 86.7910995483, 20.1736965179, 6.14755105972, 1.40318143368, 0.123094268143, 0.00253893155605, 0.000259670428932],
        "mean": [0.291452676058, 1.72666990757, 4.40687608719, 7.60543107986, 7.63395500183, 10.2799921036, 12.1937637329, 16.2846069336, 19.2826633453, 50.6710014343, 60.4137306213, 46.6689834595, 32.2478942871, 21.2752571106, 22.3340816498, 14.6735210419, 21.5590076447, 29.6604061127, 17.0565166473, 6.93808269501, 5.62211990356, 7.8204202652, 4.03221797943, 4.6264424324, 8.73570346832, 5.43062448502, 2.65079951286, 2.12785243988, 2.04739618301, 3.58410716057, 2.40088939667, 1.42019367218, 1.53959715366, 0.997991502285, 0.363610893488, 0.102440811694, 0.0238718744367, 0.00232356553897, 6.39064528514e-05, 3.84011618735e-05],
        "median": [0.0947611927986, 0.994523644447, 2.32921743393, 3.92704391479, 4.47858524323, 5.18414545059, 6.24798583984, 5.96273517609, 5.99421024323, 7.47581577301, 9.17342567444, 5.32085990906, 7.85778808594, 3.88924884796, 4.77067279816, 4.03980350494, 4.37340641022, 5.60813236237, 3.36048126221, 2.08241510391, 2.10781240463, 2.31505584717, 1.57394719124, 2.11029529572, 2.49030613899, 2.17508602142, 1.17810940742, 0.983152151108, 0.848602294922, 1.07418274879, 0.603588938713, 0.349635124207, 0.25658851862, 0.216168612242, 0.0950385928154, 0.0262696072459, 0.00584829039872, 0.000557834573556, 2.93455941573e-05, 3.02404514514e-05],
        "min": [2.62071881274e-21, 4.25647635005e-21, 1.95641527307e-20, 2.14638424777e-20, 1.86415788065e-19, 1.12734868872e-19, 2.94177194729e-19, 5.03547386964e-19, 3.35652289137e-19, 4.023618206e-19, 1.53114491805e-18, 2.37195860447e-18, 1.27671170965e-18, 1.43342345484e-18, 2.11650703334e-18, 2.59496091414e-18, 4.51307798334e-18, 5.73816886648e-18, 4.46869147168e-18, 7.19462258054e-18, 1.24575799074e-17, 1.01751983459e-17, 7.53753195784e-18, 1.50223013731e-17, 1.38816557044e-17, 2.83240273675e-17, 1.66792152776e-17, 1.68260001317e-17, 1.63635035988e-17, 1.25625822144e-17, 1.64059114945e-17, 2.54260960443e-17, 1.63093331949e-17, 1.7316165856e-17, 1.23745830863e-17, 6.35821600903e-18, 2.63690352069e-18, 1.10818968647e-18, 3.20428598649e-19, 4.16830657079e-20],
        "var": [0.23388646543, 7.53645086288, 42.3686141968, 142.187088013, 93.8787460327, 224.593612671, 307.806121826, 855.707824707, 2656.89526367, 15685.8486328, 35489.9921875, 31128.9785156, 15017.6962891, 3943.19482422, 2330.69580078, 911.810302734, 2632.24682617, 4173.3671875, 1706.91662598, 283.261688232, 105.186653137, 382.556640625, 59.9850006104, 53.6923713684, 361.387573242, 78.3466262817, 23.2331295013, 20.1676311493, 20.8202590942, 52.5306396484, 29.7655563354, 23.16705513, 66.9375, 19.9372329712, 1.40381336212, 0.0847846791148, 0.00419478584081, 3.72042486561e-05, 1.6624067456e-08, 1.22471721653e-09]
    },
    "gfcc": {
        "mean": [-43.2626609802, 113.020576477, -92.0902023315, 37.0233268738, -59.5809020996, 21.4308624268, -33.178188324, 10.8394441605, -22.2968273163, 5.38439702988, -12.0675134659, -3.73627233505, -12.4818201065],
        "cov": [[15491.2138672, -988.214782715, -1209.63171387, -393.580810547, -817.120666504, 267.063232422, -784.851806641, 192.43208313, -336.852325439, 450.341064453, -101.980285645, -13.9409208298, -324.060150146], [-988.214782715, 1140.96289062, 134.171539307, 22.3148536682, 222.548721313, -216.061340332, 223.490615845, -83.1795272827, 123.514549255, -180.480926514, 48.1636199951, -98.3271865845, 108.264801025], [-1209.63171387, 134.171539307, 613.069030762, 169.601165771, 142.194473267, 30.2401065826, 75.9837265015, -28.3261890411, -1.36878108978, -9.11880683899, -21.039434433, 6.90037155151, 77.8584518433], [-393.580810547, 22.3148536682, 169.601165771, 316.764678955, 137.034347534, 24.4272022247, 28.3926639557, -25.7465667725, 47.1098442078, 11.6408424377, -15.9626903534, -10.4093418121, 61.4686889648], [-817.120666504, 222.548721313, 142.194473267, 137.034347534, 280.877380371, -1.04102265835, 73.6100387573, -39.0653190613, 29.4010219574, -14.7154541016, -10.7537288666, -28.2671852112, 46.9047012329], [267.063232422, -216.061340332, 30.2401065826, 24.4272022247, -1.04102265835, 203.646942139, 24.3279132843, -5.40258455276, -48.7833366394, 21.3510169983, -13.5108165741, 18.8653640747, -13.868639946], [-784.851806641, 223.490615845, 75.9837265015, 28.3926639557, 73.6100387573, 24.3279132843, 233.721664429, 14.9879264832, 20.3953475952, -87.9607086182, -0.474562942982, -2.21122193336, 33.1975822449], [192.43208313, -83.1795272827, -28.3261890411, -25.7465667725, -39.0653190613, -5.40258455276, 14.9879264832, 121.232551575, 10.4806528091, 0.818541705608, -3.1592271328, 8.17240905762, -2.82467865944], [-336.852325439, 123.514549255, -1.36878108978, 47.1098442078, 29.4010219574, -48.7833366394, 20.3953475952, 10.4806528091, 157.890670776, 1.62650763988, 2.34223294258, -51.4143447876, 1.32530045509], [450.341064453, -180.480926514, -9.11880683899, 11.6408424377, -14.7154541016, 21.3510169983, -87.9607086182, 0.818541705608, 1.62650763988, 140.162734985, 10.4572172165, -13.5995130539, -33.3755836487], [-101.980285645, 48.1636199951, -21.039434433, -15.9626903534, -10.7537288666, -13.5108165741, -0.474562942982, -3.1592271328, 2.34223294258, 10.4572172165, 94.2467880249, 17.9610233307, -1.39318835735], [-13.9409208298, -98.3271865845, 6.90037155151, -10.4093418121, -28.2671852112, 18.8653640747, -2.21122193336, 8.17240905762, -51.4143447876, -13.5995130539, 17.9610233307, 109.509689331, 36.2804489136], [-324.060150146, 108.264801025, 77.8584518433, 61.4686889648, 46.9047012329, -13.868639946, 33.1975822449, -2.82467865944, 1.32530045509, -33.3755836487, -1.39318835735, 36.2804489136, 122.161895752]],
        "icov": [[0.000138906441862, -0.000324043532601, 0.00024327400024, -0.000188425954548, 0.000368611305021, -0.000426207057899, 0.000450133607956, -0.000384996936191, 0.000332274910761, -0.000442176416982, 0.00037586549297, -0.000123942794744, 0.000190965030924], [-0.000324043532601, 0.00373439583927, -0.000838845153339, 0.00143368716817, -0.00214552576654, 0.00343323266134, -0.00275102141313, 0.00274579226971, -0.00137486762833, 0.0031381379813, -0.00281855301, 0.00310083664954, -0.0024120726157], [0.00024327400024, -0.000838845153339, 0.00257702916861, -0.00116474053357, 0.000296570156934, -0.00103081320412, 0.000414666748838, -0.000628239184152, 0.00099802587647, -0.00134916906245, 0.00115213857498, -0.000492446939461, -0.000245766394073], [-0.000188425954548, 0.00143368716817, -0.00116474053357, 0.00553798023611, -0.00259039155208, 0.00050382502377, -0.000842779583763, 0.00151771074161, -0.00218769465573, 0.000577785947826, -0.000674654962495, 0.00100142660085, -0.00262226886116], [0.000368611305021, -0.00214552576654, 0.000296570156934, -0.00259039155208, 0.00701198913157, -0.00177045864984, 0.000392866350012, -0.000438103103079, 0.00132551614661, -0.00254985038191, 0.00193176721223, -0.000108213265776, 0.000326646171743], [-0.000426207057899, 0.00343323266134, -0.00103081320412, 0.00050382502377, -0.00177045864984, 0.00945918262005, -0.00447819102556, 0.00308306398802, 0.000428400438977, 0.0012897545239, -0.00160776509438, 0.00165395240765, -0.000889735820238], [0.000450133607956, -0.00275102141313, 0.000414666748838, -0.000842779583763, 0.000392866350012, -0.00447819102556, 0.00943089090288, -0.00381352216937, 0.000438265851699, 0.00187732023187, 0.00123498728499, -0.00140569242649, 0.00142135575879], [-0.000384996936191, 0.00274579226971, -0.000628239184152, 0.00151771074161, -0.000438103103079, 0.00308306398802, -0.00381352216937, 0.0114405136555, -0.00233770953491, 0.00139193213545, -0.00124798039906, 0.000929250440095, -0.00188346684445], [0.000332274910761, -0.00137486762833, 0.00099802587647, -0.00218769465573, 0.00132551614661, 0.000428400438977, 0.000438265851699, -0.00233770953491, 0.00980292446911, -0.00198498996906, 0.000430846645031, 0.00315812323242, 0.000349476147676], [-0.000442176416982, 0.0031381379813, -0.00134916906245, 0.000577785947826, -0.00254985038191, 0.0012897545239, 0.00187732023187, 0.00139193213545, -0.00198498996906, 0.0138584291562, -0.00448825629428, 0.00348552130163, -1.60620038514e-05], [0.00037586549297, -0.00281855301, 0.00115213857498, -0.000674654962495, 0.00193176721223, -0.00160776509438, 0.00123498728499, -0.00124798039906, 0.000430846645031, -0.00448825629428, 0.0140545712784, -0.00513704214245, 0.0022664598655], [-0.000123942794744, 0.00310083664954, -0.000492446939461, 0.00100142660085, -0.000108213265776, 0.00165395240765, -0.00140569242649, 0.000929250440095, 0.00315812323242, 0.00348552130163, -0.00513704214245, 0.0165944807231, -0.00670302007347], [0.000190965030924, -0.0024120726157, -0.000245766394073, -0.00262226886116, 0.000326646171743, -0.000889735820238, 0.00142135575879, -0.00188346684445, 0.000349476147676, -1.60620038514e-05, 0.0022664598655, -0.00670302007347, 0.0136583475396]]
    },
    "melbands": {
        "dmean": [0.00179775268771, 0.00178556144238, 0.000999309238978, 0.000334219832439, 0.000256697356235, 0.000233459359151, 0.000183280993951, 0.000338343321346, 0.000265113689238, 0.000132931061671, 9.40198588069e-05, 5.02083930769e-05, 4.99519264849e-05, 2.42317073571e-05, 2.95912232104e-05, 2.7448289984e-05, 3.78574586648e-05, 2.12936411117e-05, 6.57746249999e-06, 4.09044514527e-06, 4.75910110254e-06, 4.83627127323e-06, 3.34556534654e-06, 1.39083545037e-06, 1.91075150724e-06, 2.65098424279e-06, 2.9449847716e-06, 1.55447662564e-06, 8.85924976046e-07, 8.81866753843e-07, 7.10317067387e-07, 6.32530088751e-07, 7.41807753002e-07, 1.17837851121e-06, 8.41865812617e-07, 5.08411233113e-07, 5.45376963146e-07, 6.09927496953e-07, 6.85572047132e-07, 4.47910366574e-07],
        "dmean2": [0.00280361948535, 0.00320073449984, 0.0017017587088, 0.000548629439436, 0.000399275129894, 0.000380884768674, 0.000284102512524, 0.000502935028635, 0.000392514193663, 0.000205258358619, 0.000137196198921, 7.76285596658e-05, 7.82433562563e-05, 3.84681370633e-05, 4.61036761408e-05, 4.17397604906e-05, 5.76193124289e-05, 3.2753792766e-05, 1.01034420368e-05, 6.33203353573e-06, 7.32389071345e-06, 7.37815116736e-06, 4.99533689435e-06, 2.21288837565e-06, 3.06963784169e-06, 3.86306828659e-06, 4.34779531133e-06, 2.41282577917e-06, 1.37505742259e-06, 1.34726451506e-06, 1.08106632979e-06, 9.77681906988e-07, 1.12205827918e-06, 1.75800050783e-06, 1.2164597365e-06, 7.3930726785e-07, 8.01862995559e-07, 8.76584408616e-07, 9.43908389672e-07, 6.45774036911e-07],
        "dvar": [1.3969792235e-05, 1.60110394063e-05, 3.66180643141e-06, 2.57930054204e-07, 1.73281463844e-07, 2.49323136359e-07, 2.60391800566e-07, 7.87833926097e-07, 6.69303176437e-07, 2.89643310225e-07, 1.3944496402e-07, 3.90506471604e-08, 1.77840373539e-08, 3.66468011492e-09, 5.65871882685e-09, 5.19879383987e-09, 8.49950154702e-09, 4.83322093459e-09, 3.53168855272e-10, 7.4244520254e-11, 1.23901486293e-10, 1.10651737772e-10, 7.31872687454e-11, 6.73646772045e-12, 1.47159593539e-11, 3.64060205593e-11, 4.19402707008e-11, 1.07940106506e-11, 4.56332541199e-12, 5.86254959509e-12, 3.89876369036e-12, 4.72325217132e-12, 3.20360578343e-12, 6.53375400658e-12, 4.60450210946e-12, 4.40117560452e-12, 5.14315152966e-12, 1.31128111841e-11, 1.3329492024e-11, 3.94163738107e-12],
        "dvar2": [3.38697063853e-05, 4.53826287412e-05, 9.93436060526e-06, 6.68933409997e-07, 3.96825925009e-07, 6.47141291665e-07, 5.27596625943e-07, 1.75078582743e-06, 1.27041744236e-06, 6.4205767103e-07, 2.43773030206e-07, 8.69862688546e-08, 4.14524166104e-08, 1.03959409969e-08, 1.45881600133e-08, 1.23326993062e-08, 1.80743899847e-08, 1.14755920322e-08, 7.87138854097e-10, 1.38281705531e-10, 2.74822276047e-10, 2.25825025346e-10, 1.24830548676e-10, 1.49676052802e-11, 3.33661188956e-11, 6.43728473304e-11, 8.93613377739e-11, 2.4336714935e-11, 1.05597483882e-11, 1.26011119941e-11, 7.22399180406e-12, 8.4264591832e-12, 5.9565711738e-12, 1.34982997002e-11, 8.6637060373e-12, 8.3605240786e-12, 1.01840575903e-11, 2.69638443517e-11, 2.49813451175e-11, 7.00557407224e-12],
        "max": [0.0315021947026, 0.0293281562626, 0.0181420389563, 0.00485813152045, 0.00708596594632, 0.0064829941839, 0.00982270855457, 0.0133175188676, 0.0145679721609, 0.0104653127491, 0.0111872237176, 0.00455064000562, 0.00219515478238, 0.00100254523568, 0.000978042604402, 0.000928781286348, 0.00146523665171, 0.00183126388583, 0.000418415205786, 0.000181137686013, 0.000209234000067, 0.000244719325565, 0.000269552372629, 3.69265908375e-05, 7.70951082814e-05, 0.000150878666318, 0.000139246825711, 7.39810711821e-05, 4.61559757241e-05, 5.9283884184e-05, 5.27913653059e-05, 6.40008511255e-05, 4.74327898701e-05, 4.88617770316e-05, 5.08877092216e-05, 7.13868867024e-05, 5.74361765757e-05, 9.19722951949e-05, 0.000118771422422, 5.61403685424e-05],
        "mean": [0.00244588544592, 0.00232645636424, 0.00133280281443, 0.00060627044877, 0.000471399282105, 0.000368214037735, 0.000299882987747, 0.000605150067713, 0.000474172760732, 0.000265010166913, 0.000152040767716, 8.30435019452e-05, 8.57130507939e-05, 3.81223799195e-05, 4.53557440778e-05, 3.87011932617e-05, 6.13260635873e-05, 3.35293261742e-05, 1.029017767e-05, 6.35490459899e-06, 7.36284528102e-06, 8.46495368023e-06, 5.92647029407e-06, 2.65964422397e-06, 3.61858246833e-06, 5.67974439036e-06, 6.1939626903e-06, 2.89903550765e-06, 1.59520550369e-06, 1.4800543795e-06, 1.14896533887e-06, 1.06573077119e-06, 1.42478700127e-06, 2.31000353779e-06, 1.60941237937e-06, 8.31782074329e-07, 8.47947376315e-07, 9.91900265035e-07, 1.19649507724e-06, 7.2511545568e-07],
        "median": [0.00104217720218, 0.0014777330216, 0.000769906677306, 0.000398681324441, 0.000246287265327, 0.000137672002893, 7.72299681557e-05, 7.54898646846e-05, 6.27662011539e-05, 2.76438295259e-05, 3.3873540815e-05, 1.29112831928e-05, 1.43697297972e-05, 9.86247141554e-06, 9.12272116693e-06, 7.38456674299e-06, 9.80502136372e-06, 5.18423985341e-06, 2.74730200545e-06, 2.35731840803e-06, 2.49314734901e-06, 2.52178142546e-06, 1.50391292664e-06, 1.15064688089e-06, 1.54686426868e-06, 1.64427933669e-06, 1.76551839104e-06, 1.07227492663e-06, 6.81268318203e-07, 5.4522223536e-07, 4.45688385753e-07, 4.07497395827e-07, 5.33368506694e-07, 6.04865931564e-07, 3.63614731214e-07, 2.23325315574e-07, 1.80778783943e-07, 1.51882886712e-07, 1.79315890136e-07, 1.6344004905e-07],
        "min": [1.81028920713e-23, 7.68076786951e-24, 9.33486482621e-24, 9.87005173014e-24, 1.02420177908e-23, 1.01333143357e-23, 5.03373484685e-24, 5.11608167016e-24, 1.62964447745e-23, 1.39823575967e-23, 6.09237079887e-24, 5.54687861051e-24, 7.10102610166e-24, 5.14562017233e-24, 8.5958015545e-24, 1.323842232e-23, 1.00039119594e-23, 7.7796713055e-24, 4.83544440313e-24, 1.66853752889e-23, 1.42562264371e-23, 1.17575095198e-23, 8.30723623537e-24, 5.35624485073e-24, 1.37364743857e-23, 8.42464003731e-24, 1.14900896173e-23, 2.07692198428e-23, 9.742242064e-24, 8.1493536138e-24, 1.02790264113e-23, 9.85144329025e-24, 6.39238564518e-24, 7.71648591358e-24, 7.02185759893e-24, 1.67972262989e-23, 1.40885508963e-23, 1.01667336391e-23, 1.19523116206e-23, 1.61076703599e-23],
        "var": [1.51789163283e-05, 1.16404817163e-05, 3.67910502064e-06, 5.03903379467e-07, 4.19371588123e-07, 4.24084987571e-07, 6.08131188073e-07, 2.22041421694e-06, 2.18680224862e-06, 1.06018057977e-06, 3.71272847133e-07, 7.22092678984e-08, 4.18196499652e-08, 6.22094376013e-09, 1.05792405947e-08, 8.62900328968e-09, 2.06177546147e-08, 8.17625522842e-09, 7.64673380171e-10, 2.02864447463e-10, 2.17396406432e-10, 3.50186435405e-10, 2.87735307802e-10, 1.84665095715e-11, 3.69364365482e-11, 1.57338225781e-10, 1.46305190185e-10, 2.74293365798e-11, 8.69259872416e-12, 1.04477641816e-11, 7.33435100847e-12, 8.06397917191e-12, 7.72408526029e-12, 2.40711270361e-11, 1.39709615404e-11, 7.01398271061e-12, 9.88425227083e-12, 2.99530122927e-11, 3.89879864504e-11, 9.00138557441e-12]
    },
    "mfcc": {
        "mean": [-688.949707031, 137.16217041, 25.3214244843, 23.5881061554, 5.35650682449, 9.43820571899, 4.77789735794, 4.21388244629, -2.37505578995, 6.57968568802, 4.59803342819, -2.0107319355, 3.602175951],
        "cov": [[11183.4638672, -329.180877686, -719.729492188, -623.561767578, -322.25567627, -234.490036011, -239.876861572, -240.59324646, -380.100708008, 108.458267212, 57.4379692078, -92.0688552856, 62.5656356812], [-329.180877686, 1170.94921875, 2.73985290527, 183.842666626, -21.1667575836, -52.5664291382, 32.6940956116, 54.8192024231, 34.2439537048, 1.29288446903, -41.5462913513, -62.1493301392, 21.9513225555], [-719.729492188, 2.73985290527, 457.017852783, 99.7384872437, 63.9876251221, 72.0945663452, 51.5856246948, -4.62108612061, 72.0446395874, -31.8150005341, -15.1273679733, 30.6893405914, -25.0610656738], [-623.561767578, 183.842666626, 99.7384872437, 332.878479004, 115.945526123, 49.9726142883, 5.72648525238, -5.55145835876, 93.1153030396, 17.9512119293, -15.5403280258, 1.44316995144, -0.360319793224], [-322.25567627, -21.1667575836, 63.9876251221, 115.945526123, 212.370056152, 61.4932060242, -8.26803302765, -51.7560157776, 32.1065597534, 17.1844654083, 10.1358852386, 3.90240550041, -4.26549053192], [-234.490036011, -52.5664291382, 72.0945663452, 49.9726142883, 61.4932060242, 197.40864563, 55.3220329285, 8.30990028381, 28.0025997162, -2.59559297562, 6.56446075439, 9.62114810944, -60.6451683044], [-239.876861572, 32.6940956116, 51.5856246948, 5.72648525238, -8.26803302765, 55.3220329285, 185.611953735, 54.8476524353, 20.0382156372, -35.7256355286, -24.2253379822, 6.70722484589, -13.7951507568], [-240.59324646, 54.8192024231, -4.62108612061, -5.55145835876, -51.7560157776, 8.30990028381, 54.8476524353, 166.278457642, 31.6509342194, 3.40171909332, -30.1711235046, -22.3356666565, 8.83509922028], [-380.100708008, 34.2439537048, 72.0446395874, 93.1153030396, 32.1065597534, 28.0025997162, 20.0382156372, 31.6509342194, 141.970123291, 13.5714359283, -19.9003868103, -7.36570930481, -25.3632564545], [108.458267212, 1.29288446903, -31.8150005341, 17.9512119293, 17.1844654083, -2.59559297562, -35.7256355286, 3.40171909332, 13.5714359283, 128.242523193, 54.2259063721, 3.03126525879, -19.8982982635], [57.4379692078, -41.5462913513, -15.1273679733, -15.5403280258, 10.1358852386, 6.56446075439, -24.2253379822, -30.1711235046, -19.9003868103, 54.2259063721, 103.825454712, 29.8808364868, -19.1955242157], [-92.0688552856, -62.1493301392, 30.6893405914, 1.44316995144, 3.90240550041, 9.62114810944, 6.70722484589, -22.3356666565, -7.36570930481, 3.03126525879, 29.8808364868, 93.9623336792, 11.088508606], [62.5656356812, 21.9513225555, -25.0610656738, -0.360319793224, -4.26549053192, -60.6451683044, -13.7951507568, 8.83509922028, -25.3632564545, -19.8982982635, -19.1955242157, 11.088508606, 120.896347046]],
