{
"lowlevel": {
    "average_loudness": 0.972247838974,
    "barkbands_crest": {
        "dmean": 2.5118663311,
        "dmean2": 4.05397558212,
        "dvar": 6.89099979401,
        "dvar2": 17.9272136688,
        "max": 23.9992847443,
        "mean": 10.0074949265,
        "median": 9.58137893677,
        "min": 2.84162688255,
        "var": 15.0368642807
    },
    "barkbands_flatness_db": {
        "dmean": 0.0302703697234,
        "dmean2": 0.0465278923512,
        "dvar": 0.00100509915501,
        "dvar2": 0.00247084139846,
        "max": 0.512847006321,
        "mean": 0.214872062206,
        "median": 0.213074177504,
        "min": 0.0784285590053,
        "var": 0.00337921758182
    },
    "barkbands_kurtosis": {
        "dmean": 5.02968454361,
        "dmean2": 8.51911830902,
        "dvar": 123.265731812,
        "dvar2": 330.58291626,
        "max": 230.743774414,
        "mean": 6.36268281937,
        "median": 2.168653965,
        "min": -1.85332882404,
        "var": 164.302230835
    },
    "barkbands_skewness": {
        "dmean": 0.71299546957,
        "dmean2": 1.11814117432,
        "dvar": 0.966372549534,
        "dvar2": 2.31657552719,
        "max": 12.1170692444,
        "mean": 1.81620430946,
        "median": 1.64460849762,
        "min": -1.79695701599,
        "var": 2.62329554558
    },
    "barkbands_spread": {
        "dmean": 5.28827953339,
        "dmean2": 8.23049163818,
        "dvar": 42.3996238708,
        "dvar2": 98.1091079712,
        "max": 88.4503936768,
        "mean": 18.0025577545,
        "median": 16.9196281433,
        "min": 0.514260947704,
        "var": 106.767807007
    },
    "dissonance": {
        "dmean": 0.0156862102449,
        "dmean2": 0.0258983410895,
        "dvar": 0.00021677208133,
        "dvar2": 0.000574895937461,
        "max": 0.500000178814,
        "mean": 0.465098410845,
        "median": 0.469822824001,
        "min": 0.351203292608,
        "var": 0.000464700278826
    },
    "dynamic_complexity": 2.42131209373,
    "erbbands_crest": {
        "dmean": 1.75702166557,
        "dmean2": 2.73394274712,
        "dvar": 2.69331645966,
        "dvar2": 6.57520246506,
        "max": 24.3981266022,
        "mean": 7.89429998398,
        "median": 7.31495094299,
        "min": 2.55746984482,
        "var": 8.24663448334
    },
    "erbbands_flatness_db": {
        "dmean": 0.0193683374673,
        "dmean2": 0.0244103483856,
        "dvar": 0.00040972995339,
        "dvar2": 0.000686934276018,
        "max": 0.37260133028,
        "mean": 0.222056269646,
        "median": 0.221778377891,
        "min": 0.106965765357,
        "var": 0.00242422847077
    },
    "erbbands_kurtosis": {
        "dmean": 0.523854672909,
        "dmean2": 0.818273723125,
        "dvar": 0.485019236803,
        "dvar2": 1.09560203552,
        "max": 7.64849758148,
        "mean": -0.600137114525,
        "median": -0.865062713623,
        "min": -1.77726209164,
        "var": 1.024091959
    },
    "erbbands_skewness": {
        "dmean": 0.350631505251,
        "dmean2": 0.537284493446,
        "dvar": 0.134557008743,
        "dvar2": 0.333623021841,
        "max": 2.74869918823,
        "mean": -0.146164059639,
        "median": -0.168601542711,
        "min": -2.45945668221,
        "var": 0.441086173058
    },
    "erbbands_spread": {
        "dmean": 7.32869958878,
        "dmean2": 10.640868187,
        "dvar": 77.8835983276,
        "dvar2": 166.150131226,
        "max": 150.574462891,
        "mean": 40.0547370911,
        "median": 37.6676826477,
        "min": 9.62407112122,
        "var": 253.408996582
    },
    "hfc": {
        "dmean": 5.53743696213,
        "dmean2": 7.99988794327,
        "dvar": 67.838394165,
        "dvar2": 132.893173218,
        "max": 148.954986572,
        "mean": 15.9550151825,
        "median": 13.6065416336,
        "min": 0.000229597062571,
        "var": 159.093719482
    },
    "melbands_crest": {
        "dmean": 2.88560318947,
        "dmean2": 4.4999294281,
        "dvar": 8.23242473602,
        "dvar2": 18.2465057373,
        "max": 34.1983299255,
        "mean": 14.0850429535,
        "median": 13.9450597763,
        "min": 2.75957894325,
        "var": 28.6474761963
    },
    "melbands_flatness_db": {
        "dmean": 0.0373203717172,
        "dmean2": 0.0531557537615,
        "dvar": 0.00167798122857,
        "dvar2": 0.0036208787933,
        "max": 0.624666213989,
        "mean": 0.261733055115,
        "median": 0.25851470232,
        "min": 0.0281531307846,
        "var": 0.00766185112298
    },
    "melbands_kurtosis": {
        "dmean": 11.5951347351,
        "dmean2": 19.3482036591,
        "dvar": 514.84197998,
        "dvar2": 1343.5,
        "max": 251.622070312,
        "mean": 19.0254192352,
        "median": 9.46580886841,
        "min": -1.58826982975,
        "var": 754.898986816
    },
    "melbands_skewness": {
        "dmean": 0.915891110897,
        "dmean2": 1.42214524746,
        "dvar": 1.5948818922,
        "dvar2": 3.7079937458,
        "max": 11.7740564346,
        "mean": 3.12807488441,
        "median": 2.8005027771,
        "min": -0.789213657379,
        "var": 4.41376161575
    },
    "melbands_spread": {
        "dmean": 6.92963552475,
        "dmean2": 10.5019292831,
        "dvar": 86.1478118896,
        "dvar2": 172.575912476,
        "max": 134.522399902,
        "mean": 21.4506473541,
        "median": 15.9980993271,
        "min": 0.485207617283,
        "var": 308.097229004
    },
    "pitch_salience": {
        "dmean": 0.0684221535921,
        "dmean2": 0.109178416431,
        "dvar": 0.00444585736841,
        "dvar2": 0.011406743899,
        "max": 0.827510595322,
        "mean": 0.527925431728,
        "median": 0.525474607944,
        "min": 0.140024125576,
        "var": 0.0125654609874
    },
    "silence_rate_20dB": {
        "dmean": 0,
        "dmean2": 0,
        "dvar": 0,
        "dvar2": 0,
        "max": 1,
        "mean": 1,
        "median": 1,
        "min": 1,
        "var": 0
    },
    "silence_rate_30dB": {
        "dmean": 0.088235296309,
        "dmean2": 0.176538914442,
        "dvar": 0.0804476737976,
        "dvar2": 0.164726555347,
        "max": 1,
        "mean": 0.913346230984,
        "median": 1,
        "min": 0,
        "var": 0.0791435912251
    },
    "silence_rate_60dB": {
        "dmean": 0.0108359130099,
        "dmean2": 0.0216802172363,
        "dvar": 0.0107187628746,
        "dvar2": 0.0250809062272,
        "max": 1,
        "mean": 0.0506769828498,
        "median": 0,
        "min": 0,
        "var": 0.048110075295
    },
    "spectral_centroid": {
        "dmean": 265.311035156,
        "dmean2": 405.404968262,
        "dvar": 93930.453125,
        "dvar2": 210664.265625,
        "max": 3630.10595703,
        "mean": 1284.99243164,
        "median": 1209.09484863,
        "min": 172.754119873,
        "var": 369381.875
    },
    "spectral_complexity": {
        "dmean": 3.03869962692,
        "dmean2": 4.42895841599,
        "dvar": 13.7214193344,
        "dvar2": 24.9835739136,
        "max": 50,
        "mean": 18.5319156647,
        "median": 18,
        "min": 0,
        "var": 50.2404441833
    },
    "spectral_decrease": {
        "dmean": 6.44892006463e-09,
        "dmean2": 1.07485487177e-08,
        "dvar": 1.80690246213e-16,
        "dvar2": 4.84998413043e-16,
        "max": -4.91022695594e-14,
        "mean": -1.01857162704e-08,
        "median": -6.89002943588e-09,
        "min": -9.73173257535e-08,
        "var": 1.65084696482e-16
    },
    "spectral_energy": {
        "dmean": 0.0247296653688,
        "dmean2": 0.0410934649408,
        "dvar": 0.00262476387434,
        "dvar2": 0.00704034790397,
        "max": 0.370908111334,
        "mean": 0.0398904159665,
        "median": 0.0268903411925,
        "min": 2.06148584425e-07,
        "var": 0.0024093168322
    },
    "spectral_energyband_high": {
        "dmean": 0.000242980662733,
        "dmean2": 0.000317778787576,
        "dvar": 4.37786525254e-07,
        "dvar2": 7.43124246583e-07,
        "max": 0.0179538968951,
        "mean": 0.000322870415403,
        "median": 4.8376416089e-05,
        "min": 1.3599447124e-09,
        "var": 1.03744844182e-06
    },
    "spectral_energyband_low": {
        "dmean": 0.0192540772259,
        "dmean2": 0.0328542366624,
        "dvar": 0.00218865019269,
        "dvar2": 0.00598191143945,
        "max": 0.342341095209,
        "mean": 0.0246616378427,
        "median": 0.0116692734882,
        "min": 2.23841976066e-08,
        "var": 0.00188887072727
    },
    "spectral_energyband_middle_high": {
        "dmean": 0.00100247433875,
        "dmean2": 0.00142500246875,
        "dvar": 1.48872925365e-06,
        "dvar2": 3.01689078697e-06,
        "max": 0.0171402730048,
        "mean": 0.00391207961366,
        "median": 0.00347723346204,
        "min": 9.53199474907e-08,
        "var": 7.18099545338e-06
    },
    "spectral_energyband_middle_low": {
        "dmean": 0.00796308275312,
        "dmean2": 0.0129740806296,
        "dvar": 0.000307817244902,
        "dvar2": 0.000807248754427,
        "max": 0.210906535387,
        "mean": 0.0134993484244,
        "median": 0.00869560241699,
        "min": 9.36254593853e-08,
        "var": 0.000301808962831
    },
    "spectral_entropy": {
        "dmean": 0.216328829527,
        "dmean2": 0.293905079365,
        "dvar": 0.0455341413617,
        "dvar2": 0.0896722376347,
        "max": 8.50332641602,
        "mean": 6.97409486771,
        "median": 6.9196228981,
        "min": 5.59966516495,
        "var": 0.219861835241
    },
    "spectral_flux": {
        "dmean": 0.0467886514962,
        "dmean2": 0.0715240314603,
        "dvar": 0.00556331453845,
        "dvar2": 0.0114936158061,
        "max": 0.541653990746,
        "mean": 0.0940673500299,
        "median": 0.0616217665374,
        "min": 0.000454035878647,
        "var": 0.00872817263007
    },
    "spectral_kurtosis": {
        "dmean": 5.08847999573,
        "dmean2": 8.73786067963,
        "dvar": 27.3972606659,
        "dvar2": 78.3208465576,
        "max": 45.3002204895,
        "mean": 8.51334190369,
        "median": 6.66164207458,
        "min": -1.18582308292,
        "var": 47.2091827393
    },
    "spectral_rms": {
        "dmean": 0.00149133126251,
        "dmean2": 0.00233298400417,
        "dvar": 6.03779517405e-06,
        "dvar2": 1.49920078911e-05,
        "max": 0.0190226603299,
        "mean": 0.00548804970458,
        "median": 0.00512196030468,
        "min": 1.41816981341e-05,
        "var": 8.7987691586e-06
    },
    "spectral_rolloff": {
        "dmean": 424.274536133,
        "dmean2": 714.532409668,
        "dvar": 572825.5625,
        "dvar2": 1216782.125,
        "max": 8591.74804688,
        "mean": 1278.46862793,
        "median": 689.0625,
        "min": 64.599609375,
        "var": 1502764.125
    },
    "spectral_skewness": {
        "dmean": 0.465433210135,
        "dmean2": 0.774291336536,
        "dvar": 0.172369137406,
        "dvar2": 0.504589855671,
        "max": 4.71177434921,
        "mean": 1.65465176105,
        "median": 1.59222769737,
        "min": 0.0544216260314,
        "var": 0.367502838373
    },
    "spectral_spread": {
        "dmean": 505182.5,
        "dmean2": 699188.75,
        "dvar": 429196574720,
        "dvar2": 784380067840,
        "max": 9358830,
        "mean": 2780544.25,
        "median": 2381908.5,
        "min": 957845.9375,
        "var": 1.47819646157e+12
    },
    "spectral_strongpeak": {
        "dmean": 0.404282480478,
        "dmean2": 0.683003842831,
        "dvar": 0.434781849384,
        "dvar2": 0.997659444809,
        "max": 7.38274669647,
        "mean": 0.866137444973,
        "median": 0.586947619915,
        "min": 0,
        "var": 0.922190189362
    },
    "zerocrossingrate": {
        "dmean": 0.00924805458635,
        "dmean2": 0.0101125072688,
        "dvar": 0.000110858214612,
        "dvar2": 0.000120135053294,
        "max": 0.24755859375,
        "mean": 0.0479286313057,
        "median": 0.041015625,
        "min": 0.00244140625,
        "var": 0.000871415482834
    },
    "barkbands": {
        "dmean": [0.000645749503747, 0.0127993030474, 0.0061345519498, 0.00319684878923, 0.00392248947173, 0.000873684883118, 0.000744809745811, 0.000721148739103, 0.000293701421469, 0.000194836437004, 0.000152727312525, 0.000200329785002, 0.000116731127491, 0.000141522221384, 0.00012347419397, 0.000173950378667, 0.000285827380139, 0.000294821511488, 5.63025714655e-05, 5.04023882968e-05, 5.17653061252e-05, 6.0914298956e-05, 5.49820942979e-05, 5.28835043951e-05, 1.26245504362e-05, 1.18227676538e-08, 1.76658543349e-09],
        "dmean2": [0.00107719143853, 0.0225207209587, 0.0107554299757, 0.00542775122449, 0.00659768795595, 0.00141488667578, 0.00115648761857, 0.00109664315823, 0.00044018033077, 0.000304887245875, 0.000230401419685, 0.000289244781015, 0.000183939686394, 0.000219506342546, 0.000190511913388, 0.000268003204837, 0.000416535680415, 0.000462479627458, 8.19113556645e-05, 6.93839392625e-05, 7.18217343092e-05, 8.33078083815e-05, 7.48759339331e-05, 7.31416075723e-05, 1.90542068594e-05, 1.86445934247e-08, 3.31936123033e-09],
        "dvar": [3.61887850886e-06, 0.00106519076508, 0.000259737309534, 6.277612556e-05, 0.000104737897345, 3.0132325719e-06, 2.03852277991e-06, 1.35954132929e-06, 3.87828407611e-07, 9.8671257831e-08, 5.85282151633e-08, 1.52128251329e-07, 6.13552373352e-08, 5.09281434802e-08, 3.9392173079e-08, 6.87391832344e-08, 1.52429066702e-07, 1.92328926119e-07, 1.58212820622e-08, 1.79445116544e-08, 1.79661512334e-08, 3.25446869454e-08, 3.60784042641e-08, 3.88710077459e-08, 1.39630096374e-09, 1.00410747815e-15, 8.54787600061e-18],
        "dvar2": [9.30555870582e-06, 0.00297218095511, 0.000735552283004, 0.000169265185832, 0.000273396522971, 7.55816563469e-06, 4.74100488645e-06, 3.34012543135e-06, 8.89624061529e-07, 2.29983001532e-07, 1.38902095159e-07, 3.3951749856e-07, 1.4084308475e-07, 1.19880738225e-07, 8.98148968531e-08, 1.63818398846e-07, 3.34727161544e-07, 5.10620566274e-07, 3.44848238854e-08, 3.99731661105e-08, 3.74472612918e-08, 6.37846824247e-08, 6.68843398444e-08, 6.52186855632e-08, 3.03615776964e-09, 2.40263563642e-15, 2.73663672851e-17],
        "max": [0.0237848944962, 0.288724601269, 0.187645226717, 0.121414512396, 0.116879120469, 0.0276663564146, 0.0221360903233, 0.0195524729788, 0.0101919686422, 0.005604846403, 0.0030515207909, 0.00889866705984, 0.00474656699225, 0.00379595626146, 0.00315343472175, 0.00354687706567, 0.00580167444423, 0.00724870432168, 0.00143486750312, 0.00408348580822, 0.00257466849871, 0.00356591655873, 0.00560196582228, 0.00818166416138, 0.000762939685956, 5.84959821026e-07, 2.84336731937e-08],
        "mean": [0.000624532985967, 0.013591196388, 0.00800186116248, 0.00399881089106, 0.00442454684526, 0.00150259712245, 0.00142615265213, 0.00142409559339, 0.000587715709116, 0.000393282563891, 0.000239556582528, 0.000424285739427, 0.000188481004443, 0.000290724827209, 0.000275344151305, 0.000458444701508, 0.000938113837037, 0.000635619508103, 9.6024647064e-05, 8.14297964098e-05, 7.10699459887e-05, 7.23382327124e-05, 6.82162863086e-05, 6.26429391559e-05, 1.3368888176e-05, 1.17182032966e-08, 1.3249705777e-09],
        "median": [5.94477860432e-05, 0.00486903777346, 0.00284464564174, 0.000976462499239, 0.00128388125449, 0.000764379801694, 0.00071250682231, 0.000681658799294, 0.00030079530552, 0.000231577811064, 0.000105733546661, 0.000217254681047, 9.46791697061e-05, 0.000162441530847, 0.000186859018868, 0.000321549159708, 0.00067041272996, 0.000449574785307, 4.75051710964e-05, 2.59951229964e-05, 1.96752243937e-05, 4.39397308583e-06, 3.42991529578e-06, 2.2846511456e-06, 3.93117517206e-07, 1.26079457985e-09, 4.20289664183e-10],
        "min": [1.17633325303e-09, 4.86167550662e-09, 1.16191669619e-08, 5.96914828677e-09, 3.89270979895e-08, 1.0885704782e-08, 1.04831441305e-08, 5.93587934361e-09, 3.9251180084e-09, 4.20061097017e-09, 2.1672003081e-10, 7.25122317746e-09, 2.06286321358e-09, 9.87360948557e-09, 1.06420419144e-08, 6.32264685052e-09, 6.31442320653e-09, 7.96326471431e-09, 9.52190437609e-10, 3.00769853467e-10, 6.09706174437e-10, 8.81873532532e-11, 2.86463994886e-11, 5.96702617872e-11, 2.65901241997e-11, 4.16925521884e-12, 9.41593244347e-12],
        "var": [3.06478841594e-06, 0.000817772874143, 0.000211352162296, 6.34051611996e-05, 9.3330105301e-05, 4.78800120618e-06, 5.18800197824e-06, 3.77874494006e-06, 7.71278735101e-07, 2.35012024064e-07, 1.21236155337e-07, 3.64701151057e-07, 1.01024909327e-07, 1.29403289861e-07, 8.96400464967e-08, 1.97802151547e-07, 7.79407400842e-07, 4.30733933854e-07, 2.4009038313e-08, 3.0830506148e-08, 2.60263455232e-08, 6.27335765557e-08, 7.94096024492e-08, 9.64396988934e-08, 2.36378183693e-09, 1.28229882665e-15, 6.40134272462e-18]
    },
    "erbbands": {
        "dmean": [0.372298508883, 2.93833684921, 6.76300573349, 9.31019020081, 13.7678756714, 10.6909379959, 10.0156421661, 7.32115316391, 9.60621356964, 11.758764267, 15.6595773697, 6.34913110733, 6.82974720001, 5.75778579712, 6.00332736969, 8.1159286499, 5.39909744263, 6.1221818924, 6.94710159302, 7.08743333817, 11.2895202637, 13.7217035294, 13.9378147125, 7.39494991302, 2.71160721779, 2.50990080833, 1.93766462803, 2.02986717224, 2.24300122261, 1.97443342209, 1.5224802494, 1.20130729675, 0.821053445339, 0.283323675394, 0.0205248389393, 0.000917446508538, 5.57597923034e-05, 8.24937615107e-06, 1.23493055071e-05, 2.733979818e-05],
        "dmean2": [0.634590744972, 5.27486038208, 11.9932565689, 15.6919584274, 23.6285953522, 18.0344810486, 16.8493709564, 11.5811805725, 15.339805603, 16.6281776428, 23.9729824066, 9.76420307159, 10.2418603897, 8.85461997986, 8.90429115295, 11.6371908188, 8.43368339539, 9.34293460846, 10.8018951416, 10.6461572647, 17.099653244, 20.159029007, 21.1655712128, 11.3285617828, 3.99584650993, 3.41811704636, 2.62752652168, 2.8186480999, 3.11231589317, 2.80139899254, 2.02646875381, 1.60612332821, 1.22360622883, 0.4228284657, 0.031250782311, 0.00138245406561, 8.10063284007e-05, 1.16252113003e-05, 1.96132514247e-05, 4.49568651675e-05],
        "dvar": [0.903939545155, 59.3317642212, 330.609893799, 508.167724609, 1756.87927246, 614.582702637, 394.941009521, 248.476593018, 403.381225586, 658.648193359, 572.711730957, 161.241775513, 195.02923584, 104.595489502, 104.775817871, 221.61680603, 124.445625305, 106.113822937, 111.544326782, 110.778251648, 263.524108887, 389.595916748, 377.455749512, 115.575744629, 39.1357192993, 43.0011978149, 21.4350357056, 33.3027153015, 45.1653633118, 40.0262832642, 27.4265556335, 27.2882137299, 8.22923469543, 0.685443520546, 0.00374289276078, 7.24466826796e-06, 2.18456062129e-08, 4.55596255167e-10, 5.56285850717e-10, 3.09542924626e-09],
        "dvar2": [2.34570145607, 171.098571777, 944.620788574, 1370.86279297, 4716.77490234, 1609.61621094, 1010.66125488, 619.582824707, 1047.1661377, 1142.61987305, 1342.95080566, 373.93182373, 431.976623535, 247.874954224, 246.863433838, 464.924072266, 288.792053223, 231.670684814, 265.184417725, 246.306869507, 612.75982666, 898.903808594, 925.318603516, 291.334503174, 84.3811950684, 93.8799438477, 44.2302284241, 68.3981552124, 90.0466842651, 80.979850769, 49.8928833008, 47.4584884644, 15.5871658325, 1.42245328426, 0.00833616964519, 1.57523463713e-05, 4.15368184292e-08, 7.56193330176e-10, 1.44027079152e-09, 8.28486435012e-09],
        "max": [10.0837306976, 65.284286499, 157.992492676, 360.714447021, 568.729492188, 331.24029541, 218.735671997, 224.164306641, 322.438018799, 538.239440918, 344.360229492, 173.057510376, 281.073944092, 229.707015991, 189.32800293, 256.063110352, 246.618209839, 211.655075073, 143.566375732, 162.766265869, 264.284179688, 372.208099365, 302.889221191, 187.840942383, 87.6692733765, 214.460083008, 90.2450637817, 103.979568481, 115.042411804, 152.459884644, 168.310348511, 231.664001465, 81.4415054321, 17.5474720001, 1.3324688673, 0.05825291574, 0.00362498313189, 0.000581575848628, 0.000173915192136, 0.000401963974582],
        "mean": [0.415961802006, 2.9726099968, 8.47050571442, 12.9975719452, 14.4125080109, 12.2648077011, 14.1290559769, 12.3531551361, 17.0559406281, 25.6599407196, 30.8924541473, 13.0948486328, 14.9742174149, 11.6171951294, 11.1764001846, 17.9980773926, 10.2152423859, 12.7527246475, 15.361831665, 16.7270030975, 33.3618965149, 43.4695091248, 38.2044754028, 16.1116447449, 4.51062870026, 4.11117982864, 2.94517564774, 2.52391386032, 2.63499808311, 2.31290960312, 1.90686309338, 1.45513379574, 0.934852063656, 0.306872963905, 0.0213203858584, 0.000985404476523, 7.14991911082e-05, 1.20178156067e-05, 2.14452084037e-05, 4.5579206926e-05],
        "median": [0.0879588425159, 1.27909564972, 3.8132045269, 4.46325540543, 3.73715019226, 4.15246200562, 6.35257673264, 5.58692407608, 9.59377098083, 11.4309387207, 15.0562477112, 7.69238328934, 8.06126117706, 7.05576705933, 6.48513412476, 9.09259605408, 6.40377950668, 7.80126905441, 10.6935214996, 10.4186811447, 24.3827590942, 33.4035377502, 28.6024017334, 11.4185581207, 2.23426127434, 1.3916759491, 1.03748226166, 0.422373205423, 0.175704285502, 0.109128974378, 0.0965102910995, 0.0595213472843, 0.0307354535908, 0.00926287658513, 0.00060751568526, 5.62471432204e-05, 1.55397774506e-05, 3.90180366594e-06, 1.39509847941e-05, 3.10536197503e-05],
        "min": [1.67687716157e-07, 1.13631995191e-06, 9.5550867627e-06, 2.32274396694e-05, 3.03773595078e-05, 0.000198725610971, 8.68028510013e-05, 0.000126368642668, 0.000140273710713, 7.27437727619e-05, 8.40530337882e-05, 8.5475105152e-05, 0.000108729662315, 5.09232595505e-05, 4.69369551865e-05, 0.000325982604409, 0.000129193052999, 0.000602488929871, 0.00042944168672, 0.000344891799614, 0.000470721977763, 0.000503069721162, 0.000543769507203, 0.000142918943311, 0.000101710844319, 1.97001718334e-05, 2.96081416309e-05, 6.48587456453e-06, 3.77006335839e-06, 2.21862683247e-06, 8.25416805128e-07, 1.30207683924e-06, 9.19636363506e-07, 4.02176510761e-07, 8.97574068404e-08, 2.29296386323e-08, 6.78610057037e-09, 3.93274879329e-09, 1.38145306305e-09, 4.1286263297e-10],
        "var": [0.820930838585, 40.7703704834, 242.917633057, 539.960266113, 1389.47375488, 567.614868164, 450.929351807, 414.6300354, 591.206481934, 2908.00195312, 1886.1184082, 283.056915283, 495.641296387, 242.364990234, 208.524414062, 624.49017334, 202.036560059, 260.653869629, 271.80380249, 317.815704346, 965.423583984, 1605.15393066, 1201.37365723, 272.289642334, 56.5953865051, 73.5080718994, 34.5251464844, 49.7931861877, 80.5602493286, 78.9130477905, 62.4426422119, 62.7217674255, 17.6229686737, 1.27095603943, 0.00618122657761, 1.25769274746e-05, 4.65551472928e-08, 1.13615117314e-09, 5.94334526038e-10, 2.88609891541e-09]
    },
    "gfcc": {
        "mean": [-53.607925415, 164.911315918, -155.72505188, 47.6217880249, -40.0022163391, -2.44241023064, -31.8143730164, 4.62096261978, 2.49077987671, -24.1504669189, 4.88434362411, -15.5794258118, 2.12751054764],
        "cov": [[4359.69140625, -929.360961914, 722.451965332, 777.672790527, -859.025268555, 743.579589844, -323.868652344, -108.359893799, -131.163711548, 11.5278778076, -94.2763214111, -119.940040588, 77.587348938], [-929.360961914, 1470.12683105, 233.74156189, -241.543395996, 875.636535645, -341.105316162, 380.857330322, -20.8484306335, 169.039505005, -38.9486579895, 92.4819488525, 23.1281528473, -11.5295791626], [722.451965332, 233.74156189, 1247.03283691, 468.851501465, 64.6551055908, 453.304077148, -65.4627685547, 35.3960151672, 22.6769123077, -46.3946800232, 12.5100154877, -2.51312446594, 38.3579864502], [777.672790527, -241.543395996, 468.851501465, 439.973937988, -130.761444092, 303.059295654, -58.1753082275, 1.4134169817, -12.4922828674, -23.0412483215, -19.095199585, -34.0726318359, 29.0875701904], [-859.025268555, 875.636535645, 64.6551055908, -130.761444092, 782.39642334, -231.274978638, 311.660430908, 52.6662712097, 100.446090698, -24.7346992493, 56.7156906128, 31.8698806763, -35.5501060486], [743.579589844, -341.105316162, 453.304077148, 303.059295654, -231.274978638, 439.735137939, -81.2613601685, 17.7816905975, -26.0725402832, 3.41075754166, -22.3775234222, -22.2555351257, 36.0553665161], [-323.868652344, 380.857330322, -65.4627685547, -58.1753082275, 311.660430908, -81.2613601685, 302.342956543, 16.5681362152, 85.6459274292, 17.6293544769, 15.6640348434, 15.6530485153, -16.2124004364], [-108.359893799, -20.8484306335, 35.3960151672, 1.4134169817, 52.6662712097, 17.7816905975, 16.5681362152, 106.66582489, 30.1038246155, 7.38630771637, 18.0973091125, 18.042848587, -7.25399827957], [-131.163711548, 169.039505005, 22.6769123077, -12.4922828674, 100.446090698, -26.0725402832, 85.6459274292, 30.1038246155, 118.937850952, 18.8196983337, 18.8898258209, 9.37760257721, -7.03633165359], [11.5278778076, -38.9486579895, -46.3946800232, -23.0412483215, -24.7346992493, 3.41075754166, 17.6293544769, 7.38630771637, 18.8196983337, 75.8630523682, 12.2206096649, 3.57119083405, 7.97082090378], [-94.2763214111, 92.4819488525, 12.5100154877, -19.095199585, 56.7156906128, -22.3775234222, 15.6640348434, 18.0973091125, 18.8898258209, 12.2206096649, 67.5489730835, 28.9444923401, 1.37723851204], [-119.940040588, 23.1281528473, -2.51312446594, -34.0726318359, 31.8698806763, -22.2555351257, 15.6530485153, 18.042848587, 9.37760257721, 3.57119083405, 28.9444923401, 82.6933746338, 13.3320703506], [77.587348938, -11.5295791626, 38.3579864502, 29.0875701904, -35.5501060486, 36.0553665161, -16.2124004364, -7.25399827957, -7.03633165359, 7.97082090378, 1.37723851204, 13.3320703506, 62.4188652039]],
        "icov": [[0.000453660119092, -0.000425428646849, 0.000220404632273, -0.000810795288999, 0.000584917783272, -0.000426093029091, 0.000128870087792, -4.92610206493e-06, 0.000337783421855, -0.000377402175218, 0.000289655406959, -8.72825330589e-05, 0.000310588307912], [-0.000425428646849, 0.0075231557712, -0.00423283362761, 0.00528119364753, -0.00494614616036, 0.00398146500811, -0.00322639220394, 0.00532617885619, -0.00418508471921, 0.00357447564602, -0.00521952938288, 0.00472186831757, -0.00509895477444], [0.000220404632273, -0.00423283362761, 0.00450083520263, -0.00416000466794, 0.00144368899055, -0.00415187282488, 0.00313435541466, -0.00256510684267, 0.00146319949999, -0.00147697841749, 0.00267032114789, -0.00327714742161, 0.00284799397923], [-0.000810795288999, 0.00528119364753, -0.00416000466794, 0.00969921797514, -0.00330832251348, 0.000872576551046, -0.00271704839543, 0.00354818045162, -0.00321022793651, 0.00407254649326, -0.00387990404852, 0.00473367841914, -0.00446915393695], [0.000584917783272, -0.00494614616036, 0.00144368899055, -0.00330832251348, 0.00718513224274, -0.00041571300244, -0.00141482241452, -0.0046531688422, 0.00331518100575, -0.000989747582935, 0.00193237361964, -0.00223894929513, 0.00337363244034], [-0.000426093029091, 0.00398146500811, -0.00415187282488, 0.000872576551046, -0.00041571300244, 0.00917972810566, -0.00339513062499, 0.000699390657246, -0.000859263294842, 0.000820398563519, -0.00217879121192, 0.00304941530339, -0.00373486732133], [0.000128870087792, -0.00322639220394, 0.00313435541466, -0.00271704839543, -0.00141482241452, -0.00339513062499, 0.00904532708228, -0.000848607625812, -0.00167129212059, -0.00326207699254, 0.00385895837098, -0.00330862286501, 0.00283970474266], [-4.92610206493e-06, 0.00532617885619, -0.00256510684267, 0.00354818045162, -0.0046531688422, 0.000699390657246, -0.000848607625812, 0.0155210057274, -0.00562547752634, 0.00166372698732, -0.00483270455152, 0.00114937045146, -0.00154348451179], [0.000337783421855, -0.00418508471921, 0.00146319949999, -0.00321022793651, 0.00331518100575, -0.000859263294842, -0.00167129212059, -0.00562547752634, 0.0145738851279, -0.00431069126353, 0.00136971345637, -0.00206162198447, 0.0033039895352], [-0.000377402175218, 0.00357447564602, -0.00147697841749, 0.00407254649326, -0.000989747582935, 0.000820398563519, -0.00326207699254, 0.00166372698732, -0.00431069126353, 0.0180461928248, -0.00607434846461, 0.00358022819273, -0.00497343251482], [0.000289655406959, -0.00521952938288, 0.00267032114789, -0.00387990404852, 0.00193237361964, -0.00217879121192, 0.00385895837098, -0.00483270455152, 0.00136971345637, -0.00607434846461, 0.0234854202718, -0.00941351614892, 0.00406524445862], [-8.72825330589e-05, 0.00472186831757, -0.00327714742161, 0.00473367841914, -0.00223894929513, 0.00304941530339, -0.00330862286501, 0.00114937045146, -0.00206162198447, 0.00358022819273, -0.00941351614892, 0.0191461313516, -0.00754508469254], [0.000310588307912, -0.00509895477444, 0.00284799397923, -0.00446915393695, 0.00337363244034, -0.00373486732133, 0.00283970474266, -0.00154348451179, 0.0033039895352, -0.00497343251482, 0.00406524445862, -0.00754508469254, 0.0221918020397]]
    },
    "melbands": {
        "dmean": [0.00344046903774, 0.00364076253027, 0.00173474429175, 0.000894611584954, 0.000380120967748, 0.000162582204212, 0.000147351354826, 0.000133463589009, 0.000113391593914, 3.97554977098e-05, 3.41524391843e-05, 2.40444969677e-05, 2.23400002142e-05, 2.45491846727e-05, 1.30928756334e-05, 1.25809810925e-05, 1.17925983432e-05, 1.23775434986e-05, 8.7835433078e-06, 9.2310265245e-06, 1.59639803314e-05, 1.46773045344e-05, 1.55605684995e-05, 1.9446861188e-05, 4.4434850679e-06, 2.08367941923e-06, 1.9748520117e-06, 1.62265587278e-06, 1.05012463791e-06, 1.43370402839e-06, 1.13222381515e-06, 1.26692248159e-06, 1.28706267333e-06, 1.03353772829e-06, 8.78047785591e-07, 8.8708640078e-07, 6.94447805927e-07, 6.24017104656e-07, 4.29154226822e-07, 1.83442395496e-07],
        "dmean2": [0.00597980618477, 0.00647520367056, 0.00297073298134, 0.00149928708561, 0.000638382916804, 0.00025624918635, 0.000234022489167, 0.000190630395082, 0.000173267937498, 6.04537854088e-05, 5.15693354828e-05, 3.74535484298e-05, 3.34353135258e-05, 3.52592469426e-05, 1.97221215785e-05, 1.99145579245e-05, 1.80179467861e-05, 1.93157848116e-05, 1.33875755637e-05, 1.41918053487e-05, 2.41416255449e-05, 2.19384673983e-05, 2.27500804613e-05, 3.08694070554e-05, 6.74978809911e-06, 3.1130316529e-06, 2.8211834433e-06, 2.23650135922e-06, 1.44543901115e-06, 2.03591503123e-06, 1.5824429056e-06, 1.77573770088e-06, 1.85006649644e-06, 1.48632318542e-06, 1.17172953651e-06, 1.23138397612e-06, 9.46337877394e-07, 9.41586790759e-07, 6.44894669222e-07, 2.82708782606e-07],
        "dvar": [7.59770191507e-05, 9.37798322411e-05, 1.64971388585e-05, 5.96134259467e-06, 6.03183877956e-07, 1.15058220729e-07, 8.59839630607e-08, 7.07384089083e-08, 3.09393186626e-08, 6.90075241394e-09, 4.74833372621e-09, 1.88979032423e-09, 1.24951093916e-09, 2.80491763149e-09, 5.47999146061e-10, 5.98750105052e-10, 4.01544769657e-10, 3.85545734227e-10, 2.20527415773e-10, 1.92392518583e-10, 5.41173827973e-10, 5.28107058084e-10, 5.4169591035e-10, 9.73030878093e-10, 4.49266943092e-11, 2.28568101945e-11, 2.37910888906e-11, 2.57525077652e-11, 7.01335604175e-12, 1.58622576879e-11, 1.07489199833e-11, 1.54180869461e-11, 1.54075953385e-11, 1.22924552481e-11, 9.33683859394e-12, 1.57995040662e-11, 8.90682406302e-12, 5.01121106417e-12, 1.96788570682e-12, 2.80040883061e-13],
        "dvar2": [0.000206924509257, 0.000267475406872, 4.46944468422e-05, 1.57636477525e-05, 1.56069108925e-06, 2.87114090725e-07, 2.20101043169e-07, 1.36140215545e-07, 7.1342043384e-08, 1.62369087064e-08, 1.06202904249e-08, 4.50534054508e-09, 2.93579405231e-09, 6.35311891983e-09, 1.161259644e-09, 1.38466893507e-09, 8.64348481677e-10, 9.45432954147e-10, 4.77561157286e-10, 4.67406169324e-10, 1.26153898439e-09, 1.22622401122e-09, 1.17894294327e-09, 2.6966704425e-09, 1.06188745297e-10, 5.02482014331e-11, 5.1671153467e-11, 5.74392304553e-11, 1.47750492396e-11, 3.54570678374e-11, 2.19604924523e-11, 3.14840306603e-11, 3.23752136211e-11, 2.51726417488e-11, 1.74164935945e-11, 3.4489730516e-11, 1.38115560655e-11, 9.6052315407e-12, 3.79972268927e-12, 6.42531167161e-13],
        "max": [0.0810202807188, 0.0695445090532, 0.0528657883406, 0.0300076343119, 0.0104815494269, 0.00517491623759, 0.00451571354643, 0.00600959220901, 0.00277275056578, 0.00099696952384, 0.00136807572562, 0.000982930068858, 0.00042584646144, 0.00131162093021, 0.000362458493328, 0.0005112013896, 0.000415177259129, 0.000245389557676, 0.00021876617393, 0.000191533807083, 0.000370690977434, 0.000483194889966, 0.000351563066943, 0.000513530161697, 0.00010592842591, 6.67504791636e-05, 0.000101179131889, 0.000190252059838, 7.09353989805e-05, 8.62020024215e-05, 4.9359518016e-05, 6.3993546064e-05, 9.10969974939e-05, 8.30529170344e-05, 0.000109819004138, 0.000147500031744, 0.000135446025524, 7.2463270044e-05, 3.78341646865e-05, 1.1167519915e-05],
        "mean": [0.00374226365238, 0.00435228412971, 0.0023076236248, 0.000959113240242, 0.000518401153386, 0.00027511123335, 0.000272204022622, 0.00028901809128, 0.000222570539336, 7.89124242146e-05, 7.34914719942e-05, 4.65825360152e-05, 3.75575909857e-05, 4.83342118969e-05, 3.00624160445e-05, 2.18281020352e-05, 2.35454372159e-05, 2.59203570749e-05, 1.90521441255e-05, 2.10988073377e-05, 4.54922628705e-05, 4.25290927524e-05, 4.53182547062e-05, 3.82729303965e-05, 9.64540140558e-06, 3.31639898832e-06, 3.04007835439e-06, 2.53311895904e-06, 1.53193832375e-06, 1.97985264094e-06, 1.31069759846e-06, 1.45919398165e-06, 1.47987009314e-06, 1.19679782529e-06, 1.07539699457e-06, 1.05283004359e-06, 8.23739298994e-07, 6.97501604918e-07, 4.76253774195e-07, 1.86238125366e-07],
        "median": [0.00101718388032, 0.00212455773726, 0.000940770900343, 0.000284503912553, 0.000231089114095, 0.000126599552459, 0.000152846550918, 0.000139180294354, 0.000106244449853, 4.27572194894e-05, 3.90235800296e-05, 2.6370780688e-05, 1.92248189705e-05, 2.17065335164e-05, 1.7740741896e-05, 1.26837294374e-05, 1.34888705361e-05, 1.58157035912e-05, 1.17285262604e-05, 1.41013906614e-05, 3.14901808451e-05, 3.17276280839e-05, 3.16984660458e-05, 2.47337229666e-05, 6.68220445732e-06, 1.57648855748e-06, 9.16043234156e-07, 7.41267001558e-07, 5.49881917777e-07, 4.88141949972e-07, 1.28293009993e-07, 8.94784193406e-08, 6.47995221925e-08, 5.61828983336e-08, 5.70496929697e-08, 3.91121375287e-08, 3.25848255045e-08, 2.20925624461e-08, 1.37194202665e-08, 4.83501594317e-09],
        "min": [1.46899781228e-09, 3.92595644882e-09, 3.51960882661e-09, 6.59799903602e-09, 4.93231944176e-09, 2.51933429674e-09, 2.38108732731e-09, 7.63479834909e-10, 4.61520016648e-10, 4.60587207263e-10, 5.8195392949e-10, 1.72837397172e-10, 6.0205070096e-11, 6.83807288571e-10, 2.07741740477e-10, 5.97120519696e-10, 1.06302333602e-09, 4.68065475268e-10, 4.32936853034e-10, 4.67967387063e-10, 4.79953299326e-10, 2.58724569546e-10, 4.14471901244e-10, 2.93327834244e-10, 8.85903364556e-11, 7.52382531277e-11, 3.85270149117e-11, 7.54164092287e-12, 2.33067471572e-11, 5.63170387061e-12, 3.44618170806e-12, 1.35462116784e-12, 1.18799859273e-12, 4.6930168085e-13, 4.55646154487e-13, 3.72544578736e-13, 1.07186275914e-12, 7.09795286782e-13, 2.29141602611e-13, 3.44638597174e-13],
        "var": [6.25696775387e-05, 6.71292946208e-05, 1.53466589836e-05, 5.02505417899e-06, 6.51546315567e-07, 1.92821573819e-07, 1.4074814203e-07, 2.80678278841e-07, 1.01609856529e-07, 1.23809735797e-08, 1.19845493529e-08, 4.31111280008e-09, 2.63906296816e-09, 6.33715435683e-09, 1.37425271163e-09, 1.04153763392e-09, 9.96596138947e-10, 9.53698120476e-10, 4.87567097807e-10, 4.7788345503e-10, 2.05314831803e-09, 1.80103099101e-09, 2.14602935422e-09, 1.97304350635e-09, 1.02958981618e-10, 3.1431763442e-11, 4.15067528958e-11, 3.8113557449e-11, 1.06869244357e-11, 2.07249356565e-11, 1.6625036417e-11, 2.52477361934e-11, 2.89834788114e-11, 2.32465279665e-11, 1.94431120509e-11, 2.77585870956e-11, 2.24711031033e-11, 1.03846740235e-11, 3.91220519522e-12, 4.21932860829e-13]
    },
    "mfcc": {
        "mean": [-675.453552246, 168.276306152, -29.5592441559, 35.7809066772, 20.3121452332, -6.99476623535, -7.18954324722, 13.6014051437, 1.97245621681, -2.22836303711, 1.1946003437, 11.6198139191, -6.30907392502],
        "cov": [[4363.47509766, -1465.83837891, 970.057861328, -20.4025688171, -285.921691895, 385.424835205, -114.330108643, -113.219207764, -94.9436950684, 83.7705383301, -160.712585449, -202.713119507, 21.0318584442], [-1465.83837891, 1949.41064453, -576.421691895, 306.094818115, 329.725891113, -60.2491607666, 193.944732666, 107.847702026, 133.976806641, 20.9971370697, 75.7002563477, 138.550933838, 18.176158905], [970.057861328, -576.421691895, 1394.52709961, 37.1677131653, 188.988998413, 348.964935303, -0.821698188782, 82.3537368774, 10.0675191879, 16.6045608521, -3.85898685455, -153.801940918, 35.9202461243], [-20.4025688171, 306.094818115, 37.1677131653, 278.722839355, 133.132644653, 81.6038513184, 74.3128890991, 69.6251754761, 44.183139801, 42.9529342651, 9.85730838776, 20.4994716644, 7.40729475021], [-285.921691895, 329.725891113, 188.988998413, 133.132644653, 321.837738037, 55.0913391113, 89.7153778076, 84.8626022339, 42.1559524536, -10.0926008224, 47.8546028137, 2.5462846756, -23.3662853241], [385.424835205, -60.2491607666, 348.964935303, 81.6038513184, 55.0913391113, 270.173095703, 67.3609466553, 52.4483947754, 56.4414558411, 54.7287940979, -6.34040212631, -37.0453605652, 20.889131546], [-114.330108643, 193.944732666, -0.821698188782, 74.3128890991, 89.7153778076, 67.3609466553, 160.535766602, 50.7765884399, 43.135509491, 8.82276344299, 23.4413490295, 22.6623630524, -4.15769052505], [-113.219207764, 107.847702026, 82.3537368774, 69.6251754761, 84.8626022339, 52.4483947754, 50.7765884399, 145.613540649, 39.9703788757, 5.51212930679, 46.5839691162, 16.5296497345, -2.56822228432], [-94.9436950684, 133.976806641, 10.0675191879, 44.183139801, 42.1559524536, 56.4414558411, 43.135509491, 39.9703788757, 109.952323914, 35.5391807556, 15.4477558136, 24.4394378662, 13.8039054871], [83.7705383301, 20.9971370697, 16.6045608521, 42.9529342651, -10.0926008224, 54.7287940979, 8.82276344299, 5.51212930679, 35.5391807556, 108.484436035, -0.30187061429, 0.404495239258, 17.4366912842], [-160.712585449, 75.7002563477, -3.85898685455, 9.85730838776, 47.8546028137, -6.34040212631, 23.4413490295, 46.5839691162, 15.4477558136, -0.30187061429, 104.155052185, 27.816701889, -10.5173196793], [-202.713119507, 138.550933838, -153.801940918, 20.4994716644, 2.5462846756, -37.0453605652, 22.6623630524, 16.5296497345, 24.4394378662, 0.404495239258, 27.816701889, 108.606582642, 19.1482944489], [21.0318584442, 18.176158905, 35.9202461243, 7.40729475021, -23.3662853241, 20.889131546, -4.15769052505, -2.56822228432, 13.8039054871, 17.4366912842, -10.5173196793, 19.1482944489, 79.7998352051]],
