{
"lowlevel": {
    "average_loudness": 0.920832395554,
    "barkbands_crest": {
        "dmean": 3.07146573067,
        "dmean2": 4.99625921249,
        "dvar": 9.39161491394,
        "dvar2": 22.8439941406,
        "max": 25.5048885345,
        "mean": 10.7736282349,
        "median": 9.86822891235,
        "min": 2.87308216095,
        "var": 20.9539813995
    },
    "barkbands_flatness_db": {
        "dmean": 0.0254053343087,
        "dmean2": 0.0389369614422,
        "dvar": 0.000725027697627,
        "dvar2": 0.00167165626772,
        "max": 0.367805659771,
        "mean": 0.179237633944,
        "median": 0.176664352417,
        "min": 0.0611929185688,
        "var": 0.00225095893256
    },
    "barkbands_kurtosis": {
        "dmean": 4.20660972595,
        "dmean2": 6.80824518204,
        "dvar": 98.0715560913,
        "dvar2": 254.641098022,
        "max": 131.944793701,
        "mean": 5.11269760132,
        "median": 2.08711719513,
        "min": -1.90262401104,
        "var": 119.041511536
    },
    "barkbands_skewness": {
        "dmean": 0.693288445473,
        "dmean2": 1.05697023869,
        "dvar": 0.830656528473,
        "dvar2": 1.95733499527,
        "max": 10.8995456696,
        "mean": 1.687672019,
        "median": 1.54121315479,
        "min": -1.86145234108,
        "var": 1.90351080894
    },
    "barkbands_spread": {
        "dmean": 7.24806976318,
        "dmean2": 11.1276903152,
        "dvar": 117.345947266,
        "dvar2": 248.768539429,
        "max": 111.428222656,
        "mean": 22.3654918671,
        "median": 17.4828090668,
        "min": 0.609966278076,
        "var": 311.548919678
    },
    "dissonance": {
        "dmean": 0.0166235119104,
        "dmean2": 0.0267756320536,
        "dvar": 0.000284672481939,
        "dvar2": 0.00075124297291,
        "max": 0.499278873205,
        "mean": 0.463474154472,
        "median": 0.470631241798,
        "min": 0.319311648607,
        "var": 0.000811193487607
    },
    "dynamic_complexity": 4.04668283463,
    "erbbands_crest": {
        "dmean": 2.29901432991,
        "dmean2": 3.57705187798,
        "dvar": 5.14120292664,
        "dvar2": 11.5197343826,
        "max": 25.2189235687,
        "mean": 8.78614044189,
        "median": 7.74797677994,
        "min": 2.72455143929,
        "var": 17.2080955505
    },
    "erbbands_flatness_db": {
        "dmean": 0.0176084041595,
        "dmean2": 0.0247212983668,
        "dvar": 0.000301204068819,
        "dvar2": 0.000574203266297,
        "max": 0.326126277447,
        "mean": 0.194542944431,
        "median": 0.193516552448,
        "min": 0.0871445015073,
        "var": 0.00173657014966
    },
    "erbbands_kurtosis": {
        "dmean": 0.831862866879,
        "dmean2": 1.2661126852,
        "dvar": 1.99281108379,
        "dvar2": 4.2794213295,
        "max": 20.3198890686,
        "mean": 0.251044541597,
        "median": -0.398070335388,
        "min": -1.71739244461,
        "var": 4.72812414169
    },
    "erbbands_skewness": {
        "dmean": 0.398552298546,
        "dmean2": 0.590321838856,
        "dvar": 0.211613863707,
        "dvar2": 0.456211090088,
        "max": 3.73975086212,
        "mean": 0.188746929169,
        "median": 0.300582677126,
        "min": -4.21339035034,
        "var": 0.797649979591
    },
    "erbbands_spread": {
        "dmean": 9.46809577942,
        "dmean2": 14.4320669174,
        "dvar": 148.141159058,
        "dvar2": 364.236602783,
        "max": 132.453964233,
        "mean": 41.6892967224,
        "median": 38.8449211121,
        "min": 6.20301198959,
        "var": 379.647003174
    },
    "hfc": {
        "dmean": 6.58959197998,
        "dmean2": 9.38428211212,
        "dvar": 166.983322144,
        "dvar2": 369.647186279,
        "max": 148.41645813,
        "mean": 16.0342159271,
        "median": 9.63335609436,
        "min": 1.18065857875e-16,
        "var": 377.369689941
    },
    "melbands_crest": {
        "dmean": 3.77872276306,
        "dmean2": 6.10009860992,
        "dvar": 11.2461948395,
        "dvar2": 28.3397502899,
        "max": 31.4910011292,
        "mean": 14.7907047272,
        "median": 13.9512910843,
        "min": 2.47110700607,
        "var": 29.9207305908
    },
    "melbands_flatness_db": {
        "dmean": 0.0319569371641,
        "dmean2": 0.0468815118074,
        "dvar": 0.00130333390553,
        "dvar2": 0.0027067004703,
        "max": 0.447446346283,
        "mean": 0.20652590692,
        "median": 0.20288066566,
        "min": 0.00742981722578,
        "var": 0.0044752061367
    },
    "melbands_kurtosis": {
        "dmean": 10.5715999603,
        "dmean2": 17.089553833,
        "dvar": 665.440673828,
        "dvar2": 1665.90380859,
        "max": 462.413208008,
        "mean": 15.9935541153,
        "median": 8.60314083099,
        "min": -1.66013813019,
        "var": 768.240661621
    },
    "melbands_skewness": {
        "dmean": 0.900212883949,
        "dmean2": 1.36814308167,
        "dvar": 1.475902915,
        "dvar2": 3.4467921257,
        "max": 17.8099498749,
        "mean": 2.88819408417,
        "median": 2.55719399452,
        "min": -0.328813582659,
        "var": 3.51987028122
    },
    "melbands_spread": {
        "dmean": 9.86446380615,
        "dmean2": 14.6440229416,
        "dvar": 309.78817749,
        "dvar2": 641.394714355,
        "max": 250.580841064,
        "mean": 25.0240440369,
        "median": 17.6820011139,
        "min": 0.851557612419,
        "var": 663.530578613
    },
    "pitch_salience": {
        "dmean": 0.0773482993245,
        "dmean2": 0.123547568917,
        "dvar": 0.00622474448755,
        "dvar2": 0.0151363331825,
        "max": 0.822511672974,
        "mean": 0.556750833988,
        "median": 0.569206297398,
        "min": 0.108319565654,
        "var": 0.0134437680244
    },
    "silence_rate_20dB": {
        "dmean": 0,
        "dmean2": 0,
        "dvar": 0,
        "dvar2": 0,
        "max": 1,
        "mean": 1,
        "median": 1,
        "min": 1,
        "var": 0
    },
    "silence_rate_30dB": {
        "dmean": 0.0030959751457,
        "dmean2": 0.00619674660265,
        "dvar": 0.00308638089336,
        "dvar2": 0.0092566870153,
        "max": 1,
        "mean": 0.998453199863,
        "median": 1,
        "min": 0,
        "var": 0.00154439627659
    },
    "silence_rate_60dB": {
        "dmean": 0.0371517017484,
        "dmean2": 0.0743609592319,
        "dvar": 0.0357718914747,
        "dvar2": 0.0781274810433,
        "max": 1,
        "mean": 0.14385150373,
        "median": 0,
        "min": 0,
        "var": 0.123156540096
    },
    "spectral_centroid": {
        "dmean": 323.088439941,
        "dmean2": 484.031280518,
        "dvar": 257790.609375,
        "dvar2": 459378.3125,
        "max": 11053.2646484,
        "mean": 1323.47375488,
        "median": 1166.58972168,
        "min": 245.947662354,
        "var": 632633.875
    },
    "spectral_complexity": {
        "dmean": 3.92879247665,
        "dmean2": 5.67312145233,
        "dvar": 29.703956604,
        "dvar2": 54.9854202271,
        "max": 61,
        "mean": 16.2088165283,
        "median": 14,
        "min": 0,
        "var": 130.69720459
    },
    "spectral_decrease": {
        "dmean": 2.44986519959e-09,
        "dmean2": 3.69574504333e-09,
        "dvar": 2.23037307687e-17,
        "dvar2": 4.87644808668e-17,
        "max": -6.20569475376e-29,
        "mean": -5.44120437596e-09,
        "median": -3.59072704903e-09,
        "min": -3.43865487196e-08,
        "var": 3.59962764414e-17
    },
    "spectral_energy": {
        "dmean": 0.00967442523688,
        "dmean2": 0.0144970975816,
        "dvar": 0.000336249067914,
        "dvar2": 0.000732132582925,
        "max": 0.134127259254,
        "mean": 0.0219907015562,
        "median": 0.0146673610434,
        "min": 1.0943134215e-20,
        "var": 0.000563347362913
    },
    "spectral_energyband_high": {
        "dmean": 0.000471602572361,
        "dmean2": 0.000710692838766,
        "dvar": 1.53360588229e-06,
        "dvar2": 3.70237762581e-06,
        "max": 0.0206156279892,
        "mean": 0.000732516986318,
        "median": 0.000212621933315,
        "min": 7.62860453682e-21,
        "var": 2.15503905565e-06
    },
    "spectral_energyband_low": {
        "dmean": 0.00584903126583,
        "dmean2": 0.00902968272567,
        "dvar": 0.000265533279162,
        "dvar2": 0.000584604917094,
        "max": 0.123837865889,
        "mean": 0.00712531618774,
        "median": 0.0016460113693,
        "min": 9.61475220207e-23,
        "var": 0.00030717116897
    },
    "spectral_energyband_middle_high": {
        "dmean": 0.00163720874116,
        "dmean2": 0.00233756611124,
        "dvar": 9.06071454665e-06,
        "dvar2": 1.83053980436e-05,
        "max": 0.0389439500868,
        "mean": 0.00399089604616,
        "median": 0.00185785733629,
        "min": 1.71589994878e-21,
        "var": 3.09117676807e-05
    },
    "spectral_energyband_middle_low": {
        "dmean": 0.0042423135601,
        "dmean2": 0.00674297753721,
        "dvar": 5.60050066269e-05,
        "dvar2": 0.000144647958223,
        "max": 0.0881196632981,
        "mean": 0.0108443070203,
        "median": 0.00803787074983,
        "min": 5.62686178567e-22,
        "var": 0.000119111973618
    },
    "spectral_entropy": {
        "dmean": 0.192530110478,
        "dmean2": 0.263829678297,
        "dvar": 0.0549014061689,
        "dvar2": 0.0945878401399,
        "max": 9.80707263947,
        "mean": 7.40664577484,
        "median": 7.4122595787,
        "min": 5.45500421524,
        "var": 0.241170153022
    },
    "spectral_flux": {
        "dmean": 0.027124883607,
        "dmean2": 0.0415028780699,
        "dvar": 0.00162421364803,
        "dvar2": 0.00334161100909,
        "max": 0.322348117828,
        "mean": 0.0738487839699,
        "median": 0.0568235702813,
        "min": 1.04609439167e-10,
        "var": 0.00359509629197
    },
    "spectral_kurtosis": {
        "dmean": 2.26180934906,
        "dmean2": 3.81794905663,
        "dvar": 7.42571258545,
        "dvar2": 20.1601028442,
        "max": 32.672164917,
        "mean": 3.73097634315,
        "median": 2.68342065811,
        "min": -1.57617807388,
        "var": 15.1428489685
    },
    "spectral_rms": {
        "dmean": 0.0008470757748,
        "dmean2": 0.00121510401368,
        "dvar": 1.66484596775e-06,
        "dvar2": 3.27299289893e-06,
        "max": 0.0114392247051,
        "mean": 0.0040415073745,
        "median": 0.0037828059867,
        "min": 3.26744989572e-12,
        "var": 5.1205629461e-06
    },
    "spectral_rolloff": {
        "dmean": 638.596313477,
        "dmean2": 1077.07836914,
        "dvar": 1821823.375,
        "dvar2": 3512491.25,
        "max": 18647.7539062,
        "mean": 1607.44543457,
        "median": 1012.06054688,
        "min": 64.599609375,
        "var": 3362237.75
    },
    "spectral_skewness": {
        "dmean": 0.313947141171,
        "dmean2": 0.490929067135,
        "dvar": 0.106270968914,
        "dvar2": 0.24233867228,
        "max": 3.99816989899,
        "mean": 1.27326118946,
        "median": 1.20774459839,
        "min": -0.480558127165,
        "var": 0.350421279669
    },
    "spectral_spread": {
        "dmean": 613646.1875,
        "dmean2": 875942.1875,
        "dvar": 1.74472285389e+12,
        "dvar2": 2.34365308109e+12,
        "max": 41460916,
        "mean": 3985595.25,
        "median": 3556259.5,
        "min": 1685461.875,
        "var": 3.76876747981e+12
    },
    "spectral_strongpeak": {
        "dmean": 0.389861315489,
        "dmean2": 0.645444095135,
        "dvar": 0.436276644468,
        "dvar2": 1.0937384367,
        "max": 7.68042564392,
        "mean": 0.778313577175,
        "median": 0.476900011301,
        "min": 0,
        "var": 0.831801176071
    },
    "zerocrossingrate": {
        "dmean": 0.0130585003644,
        "dmean2": 0.0147282416001,
        "dvar": 0.000475347187603,
        "dvar2": 0.000532862730324,
        "max": 0.505859375,
        "mean": 0.0583735890687,
        "median": 0.04736328125,
        "min": 0.0068359375,
        "var": 0.0019372444367
    },
    "barkbands": {
        "dmean": [0.000116411196359, 0.00475704343989, 0.00140103150625, 0.000931275309995, 0.00275076995604, 0.000500754977111, 0.000853149511386, 0.000512734637596, 0.000705495185684, 0.000306044472381, 0.000147354396177, 0.000198720299522, 0.000257290637819, 0.000273526646197, 0.000301088090055, 0.000292937940685, 0.000247562507866, 0.000241408197326, 0.000165393357747, 0.00021972542163, 0.000117086332466, 9.63971688179e-05, 8.95069024409e-05, 8.62850793055e-05, 2.12794202525e-05, 2.03844336966e-08, 7.54442375239e-09],
        "dmean2": [0.000167653604876, 0.00740067055449, 0.00261451001279, 0.00163495610468, 0.00448892032728, 0.000796326727141, 0.00135170074645, 0.000742827251088, 0.00107717292849, 0.000472426181659, 0.000226272459258, 0.00033492455259, 0.000392497517169, 0.000421087199356, 0.000468704238301, 0.000463554140879, 0.000401898840209, 0.000376489013433, 0.000266403338173, 0.00033910854836, 0.000192373947357, 0.000149118277477, 0.000142356308061, 0.000134152753162, 3.38359750458e-05, 3.40166366186e-08, 1.40824427675e-08],
        "dvar": [9.32884844929e-08, 0.000213075370993, 1.9162942408e-05, 4.00168437409e-06, 3.47813584085e-05, 7.91764477981e-07, 4.41343900093e-06, 1.26368092879e-06, 3.64263678421e-06, 7.45530257973e-07, 2.17574154249e-07, 1.82181423725e-07, 6.19624984211e-07, 4.23361740332e-07, 6.06198909736e-07, 5.012423685e-07, 6.64515198423e-07, 2.27937391628e-07, 1.55640208277e-07, 2.93598077405e-07, 1.47395226691e-07, 6.74015083746e-08, 6.52008012025e-08, 8.09952993563e-08, 8.83311113142e-09, 8.46285355975e-15, 4.7576163522e-15],
        "dvar2": [1.96447061285e-07, 0.000484635907924, 5.58739411645e-05, 1.15906259452e-05, 9.55690338742e-05, 1.93880941879e-06, 1.12721672849e-05, 2.59000330516e-06, 8.21037247078e-06, 1.70377472841e-06, 5.02405441694e-07, 4.66639136221e-07, 1.42730482366e-06, 8.70000349096e-07, 1.32538184516e-06, 1.2214909475e-06, 1.63906952366e-06, 5.05438606524e-07, 3.5796750808e-07, 6.99002896454e-07, 3.86095507565e-07, 1.60744050959e-07, 1.66579965821e-07, 2.04554865491e-07, 2.36192452263e-08, 2.22655637553e-14, 1.34719319711e-14],
        "max": [0.00262527423911, 0.108910396695, 0.0374459587038, 0.0265243127942, 0.0763818845153, 0.0120307141915, 0.0405824929476, 0.0179018918425, 0.0212585721165, 0.0146826375276, 0.00905329361558, 0.00773329054937, 0.0191735010594, 0.00885452423245, 0.0135663142428, 0.0152747649699, 0.019231017679, 0.00648311246186, 0.00463579362258, 0.00713945040479, 0.0070987707004, 0.00363777461462, 0.00335695152171, 0.00418491847813, 0.00284908851609, 2.219029966e-06, 1.57844635851e-06],
        "mean": [0.000130482192617, 0.00488678971305, 0.00152237864677, 0.00121608749032, 0.00479209236801, 0.00109623372555, 0.00149937055539, 0.00087985600112, 0.00115345534869, 0.000629642279819, 0.00023297064763, 0.000325192435412, 0.000431324006058, 0.000493895029649, 0.00045824990957, 0.000423721823609, 0.000323167507304, 0.000404799066018, 0.000223547889618, 0.000320821505738, 0.000146960272104, 0.000131838169182, 0.000116697068734, 0.000121534816572, 2.9563838325e-05, 2.39201263241e-08, 4.52112924876e-09],
        "median": [8.23293976282e-06, 0.000274765858194, 0.000400873424951, 0.000498512992635, 0.00224164850079, 0.000480367452838, 0.000539851665962, 0.000180504852324, 0.000228379940381, 0.000155557485414, 8.57144259498e-05, 0.000114016584121, 0.000113918911666, 0.000105262406578, 9.90123007796e-05, 9.78201569524e-05, 6.98958174326e-05, 0.000130731990794, 6.47876586299e-05, 7.14570633136e-05, 3.47507375409e-05, 2.22067865252e-05, 2.44410912273e-05, 2.10596572288e-05, 2.97707151731e-06, 2.44599052124e-09, 2.00035696341e-10],
        "min": [1.28551960588e-23, 3.29264514942e-23, 4.13185778404e-23, 2.9759383219e-23, 5.84403052282e-23, 1.20667849621e-22, 9.58171155192e-23, 6.66250968404e-23, 1.02609813758e-22, 1.29860060785e-22, 3.05741724045e-23, 7.62919245907e-23, 7.85189294133e-23, 9.35995012968e-23, 1.8096221779e-22, 1.81336175724e-22, 4.8258168291e-22, 1.81270290061e-22, 2.20854774927e-22, 3.62659224803e-22, 2.60249781715e-22, 4.93241225845e-22, 5.91684604468e-22, 8.01855678384e-22, 1.39543067126e-21, 1.68926588416e-21, 2.37867477952e-21],
        "var": [1.31586958219e-07, 0.00022722002177, 1.27036155391e-05, 4.27314535045e-06, 4.82099530927e-05, 2.0802549443e-06, 6.37277480564e-06, 3.22352207149e-06, 5.89346745983e-06, 2.68992448582e-06, 3.2025562291e-07, 3.44131422025e-07, 1.36089852276e-06, 1.13478893127e-06, 1.20808556403e-06, 1.13436897209e-06, 8.15659063846e-07, 4.45635208735e-07, 2.32924577404e-07, 4.33716991211e-07, 1.47371466142e-07, 9.77311458428e-08, 7.14310885996e-08, 1.23320646139e-07, 1.69135336847e-08, 1.10791409751e-14, 2.80392173035e-15]
    },
    "erbbands": {
        "dmean": [0.148818150163, 1.08148312569, 1.77573907375, 2.27174162865, 7.32592105865, 10.1171302795, 4.02770662308, 4.66931819916, 9.62173557281, 12.8401222229, 11.5671701431, 16.1132164001, 9.65906620026, 7.06106615067, 5.97700834274, 7.90712547302, 11.386713028, 13.3369941711, 12.6808929443, 15.7837924957, 14.1360416412, 12.8092212677, 11.9043560028, 10.6021251678, 7.89630651474, 10.7132158279, 5.38134431839, 4.72097110748, 3.52204608917, 3.37750840187, 2.23668026924, 1.91295862198, 1.39861035347, 0.436681419611, 0.0229777228087, 0.0010533221066, 7.57035813876e-05, 1.47771233969e-05, 7.69660618971e-06, 1.15816792459e-05],
        "dmean2": [0.221940651536, 1.74090456963, 3.24161529541, 4.04466724396, 12.1274051666, 16.3988075256, 6.41795492172, 7.33329916, 14.9758758545, 20.3959789276, 16.1315460205, 24.19049263, 14.7810020447, 10.516368866, 9.38667201996, 12.9906673431, 17.8413314819, 19.6261253357, 19.2517795563, 24.3207321167, 21.9059562683, 20.1303977966, 18.1126022339, 16.6881504059, 12.4013347626, 16.499168396, 8.34174728394, 7.86111402512, 5.49357795715, 5.39850091934, 3.53717112541, 2.96951150894, 2.16933012009, 0.686070919037, 0.035971917212, 0.00161791790742, 0.000115945855214, 2.33261362155e-05, 1.14677359306e-05, 1.72078343894e-05],
        "dvar": [0.195480838418, 11.7926597595, 32.238986969, 28.4126148224, 234.72114563, 465.335723877, 71.0719451904, 76.3176498413, 325.569244385, 1437.47814941, 705.106811523, 2005.51049805, 774.821960449, 568.94152832, 291.875091553, 249.229614258, 1058.49743652, 1207.01062012, 673.31036377, 1727.09033203, 1302.52282715, 1304.6373291, 551.381408691, 528.200561523, 406.184020996, 764.550354004, 227.670928955, 250.541412354, 98.350479126, 102.304855347, 35.0668945312, 33.1904525757, 23.6368904114, 3.15167284012, 0.00734542915598, 1.43194019984e-05, 6.27487963811e-08, 2.94629742825e-09, 3.04402114626e-10, 4.5079764921e-10],
        "dvar2": [0.436624407768, 28.5593585968, 91.5511398315, 82.0779037476, 640.26184082, 1277.52697754, 171.746337891, 179.987060547, 757.243103027, 3675.94189453, 1423.31628418, 4451.07958984, 1910.40429688, 1041.78088379, 767.967163086, 579.809082031, 2673.79345703, 2381.00683594, 1522.71069336, 3989.10717773, 2909.88354492, 3004.31665039, 1164.68188477, 1203.50463867, 890.68560791, 1859.10375977, 543.432617188, 664.136657715, 242.348739624, 263.490020752, 85.5838928223, 81.2552490234, 60.9627952576, 8.16438102722, 0.0167219731957, 3.20179897244e-05, 1.49095555457e-07, 7.60040563819e-09, 7.38742789164e-10, 9.7145591571e-10],
        "max": [3.34095335007, 26.4609584808, 45.4460487366, 65.0923995972, 167.099655151, 298.215454102, 126.239868164, 137.718826294, 294.016082764, 526.141479492, 407.964385986, 631.392822266, 546.70098877, 710.427307129, 331.906768799, 327.53729248, 652.729187012, 685.384277344, 338.659576416, 801.138793945, 643.854309082, 828.829650879, 273.301605225, 303.577697754, 382.305969238, 415.928710938, 236.787506104, 266.078552246, 147.870223999, 158.70791626, 68.5792770386, 83.2745056152, 77.2993621826, 50.1285591125, 2.50441503525, 0.109552331269, 0.00605709059164, 0.00106975121889, 0.000335351098329, 0.000185795652214],
        "mean": [0.153507113457, 1.03586864471, 1.81584107876, 3.23519515991, 11.0487499237, 16.8341827393, 8.88862705231, 11.100976944, 17.9901752472, 21.1916103363, 22.3731021881, 28.9051990509, 19.6531162262, 14.9036636353, 10.0239143372, 13.8712186813, 20.8934402466, 24.7910728455, 23.3382129669, 25.10430336, 21.035150528, 18.4262714386, 20.4506378174, 16.8574638367, 11.1211938858, 15.6677961349, 7.83055925369, 5.66162824631, 4.76137018204, 4.26305055618, 3.08250594139, 2.62162423134, 1.95180380344, 0.639973938465, 0.0326898507774, 0.00154401618056, 0.000116552575491, 2.12912309507e-05, 1.61314728757e-05, 2.71754997812e-05],
        "median": [0.00511274021119, 0.075557872653, 0.452405393124, 1.51190662384, 5.00211238861, 6.69386482239, 3.23085522652, 4.87449932098, 7.84467506409, 6.13985061646, 4.86401367188, 5.28801631927, 4.85108566284, 5.1693687439, 4.17851877213, 5.04030275345, 6.15853881836, 6.30867147446, 6.72926950455, 5.10616970062, 5.54671859741, 4.39390516281, 6.64283847809, 5.90194034576, 3.15350961685, 3.34130144119, 2.2062766552, 1.28230571747, 0.824323475361, 0.74622964859, 0.661939620972, 0.449779391289, 0.337873131037, 0.0764951333404, 0.00261293491349, 0.000154236739036, 2.37331532844e-05, 5.48246362087e-06, 1.00032129922e-05, 1.85872868315e-05],
        "min": [7.59230683776e-22, 8.53863407318e-21, 4.2081466264e-20, 8.00692738375e-20, 2.19015118177e-19, 1.15732377541e-19, 5.07146760002e-19, 1.18476882681e-18, 1.04139650636e-18, 2.19085630154e-18, 1.04456646927e-18, 1.9776060377e-18, 5.29543119696e-18, 2.13284343685e-18, 1.54324595002e-18, 2.83920274041e-18, 4.29920257775e-18, 4.52617721553e-18, 5.11312100355e-18, 1.34529271657e-17, 9.5018021897e-18, 2.83289970686e-17, 9.79327168624e-18, 1.09306632265e-17, 1.2461003608e-17, 1.6759589109e-17, 1.44441682994e-17, 9.56670195338e-18, 1.80811904629e-17, 1.50501757054e-17, 1.81924793425e-17, 1.1949020995e-17, 1.64057113168e-17, 1.21891159581e-17, 1.21227322324e-17, 5.88328901956e-18, 3.82407127467e-18, 1.19677762814e-18, 3.08705355568e-19, 3.47381348331e-20],
        "var": [0.227826207876, 10.9340934753, 21.7184181213, 27.8542823792, 304.751861572, 649.310913086, 177.698242188, 229.705307007, 657.36138916, 1705.1842041, 2202.06591797, 3691.03491211, 2663.49145508, 2149.22070312, 401.148162842, 552.961791992, 2302.72412109, 2920.45068359, 1563.04931641, 4063.78149414, 2547.09960938, 2005.88354492, 1159.16149902, 893.05078125, 659.502807617, 1077.7734375, 297.824707031, 239.878051758, 133.06427002, 110.5704422, 44.721824646, 48.7549285889, 36.5849380493, 6.40210962296, 0.0186884887516, 3.76138050342e-05, 1.35636497589e-07, 3.82935771981e-09, 4.55470439142e-10, 8.11989919747e-10]
    },
    "gfcc": {
        "mean": [-61.9697113037, 131.580764771, -148.516189575, 56.469379425, -74.6976242065, 10.501871109, -40.1487464905, -8.89525794983, -9.86052322388, -22.0762367249, 5.58786296844, -26.0131664276, 2.49940252304],
        "cov": [[9821.11230469, -1051.57165527, -721.535888672, 461.774719238, -372.208190918, 256.821105957, -381.567382812, 233.207000732, 35.093334198, 60.0673980713, -96.1381225586, -68.0001754761, 4.77554178238], [-1051.57165527, 1360.50354004, -273.607452393, -440.494537354, 390.3387146, -392.869812012, 236.473266602, -160.778900146, 79.5820770264, -105.34475708, 137.605072021, -115.442024231, 25.6633243561], [-721.535888672, -273.607452393, 734.158081055, 229.991897583, -44.1572647095, 305.548217773, -6.67853879929, 62.1420478821, 27.7785415649, 90.3873748779, -19.9027194977, 120.545845032, 32.9658279419], [461.774719238, -440.494537354, 229.991897583, 549.95703125, 13.3311347961, 161.638366699, -4.32331800461, 22.7326011658, 80.0273284912, 57.6239356995, -12.5857982635, 134.352462769, 20.5563564301], [-372.208190918, 390.3387146, -44.1572647095, 13.3311347961, 370.284332275, -56.1671638489, 115.729499817, 24.4147872925, 100.022544861, 4.17776441574, 70.6573486328, 12.5620498657, 41.8083839417], [256.821105957, -392.869812012, 305.548217773, 161.638366699, -56.1671638489, 388.517822266, 19.8804855347, 124.671875, 33.924911499, 101.292861938, -26.356590271, 83.8228988647, 19.9821586609], [-381.567382812, 236.473266602, -6.67853879929, -4.32331800461, 115.729499817, 19.8804855347, 265.37878418, 35.8051338196, 36.694442749, 27.8439369202, 54.9887771606, -31.6711273193, -8.70579051971], [233.207000732, -160.778900146, 62.1420478821, 22.7326011658, 24.4147872925, 124.671875, 35.8051338196, 200.748977661, 39.908115387, 67.0509414673, 13.7950773239, -18.8424854279, 14.4492473602], [35.093334198, 79.5820770264, 27.7785415649, 80.0273284912, 100.022544861, 33.924911499, 36.694442749, 39.908115387, 161.080169678, 39.8054656982, 25.7472267151, 44.1000976562, 20.4072341919], [60.0673980713, -105.34475708, 90.3873748779, 57.6239356995, 4.17776441574, 101.292861938, 27.8439369202, 67.0509414673, 39.8054656982, 111.837844849, 29.0721626282, 23.2527217865, 10.1430139542], [-96.1381225586, 137.605072021, -19.9027194977, -12.5857982635, 70.6573486328, -26.356590271, 54.9887771606, 13.7950773239, 25.7472267151, 29.0721626282, 103.308982849, 12.8037214279, -1.44844925404], [-68.0001754761, -115.442024231, 120.545845032, 134.352462769, 12.5620498657, 83.8228988647, -31.6711273193, -18.8424854279, 44.1000976562, 23.2527217865, 12.8037214279, 153.519104004, 34.8359832764], [4.77554178238, 25.6633243561, 32.9658279419, 20.5563564301, 41.8083839417, 19.9821586609, -8.70579051971, 14.4492473602, 20.4072341919, 10.1430139542, -1.44844925404, 34.8359832764, 66.2239761353]],
        "icov": [[0.00017154662055, -0.000152294465806, 0.000385757157346, -0.000368264591089, 0.000246559502557, -0.0003833687515, 0.000379371456802, -0.000221653506742, 9.9319158835e-06, -6.09518019701e-06, -8.01418354968e-05, 0.000250412034802, -0.000108420339529], [-0.000152294465806, 0.00486284680665, -0.00136062549427, 0.0036404361017, -0.00293319416232, 0.00235682795756, -0.00305294478312, 0.00405346881598, -0.00307920901105, 0.00189554307144, -0.00276919128373, 0.0017556004459, -0.00279683060944], [0.000385757157346, -0.00136062549427, 0.00329070189036, -0.00190401158761, 0.00112303183414, -0.00276525551453, 0.00148057448678, -0.000997445429675, 0.000999597716145, -0.000884090550244, 0.000490428530611, -0.000367987056961, 2.171741653e-05], [-0.000368264591089, 0.0036404361017, -0.00190401158761, 0.00575991207734, -0.0025692388881, 0.00205384008586, -0.00285877729766, 0.003149864031, -0.00285752373748, 0.000816092186142, -0.000869919313118, -0.00109523453284, -0.0009724269039], [0.000246559502557, -0.00293319416232, 0.00112303183414, -0.0025692388881, 0.00650701904669, -0.00100235559512, 0.000620312988758, -0.00288935843855, -0.000450848019682, 0.000293427088764, -0.000539107597433, -0.000495418033097, -0.00139340711758], [-0.0003833687515, 0.00235682795756, -0.00276525551453, 0.00205384008586, -0.00100235559512, 0.00820955820382, -0.00314237736166, -0.001009024214, -0.00078958121594, -0.00203540106304, 0.00192318076733, -0.00279508600943, -0.000116504183097], [0.000379371456802, -0.00305294478312, 0.00148057448678, -0.00285877729766, 0.000620312988758, -0.00314237736166, 0.00765776215121, -0.0023302056361, 0.00144767179154, -0.00132515130099, -0.000774247338995, 0.00149027432781, 0.00233374536037], [-0.000221653506742, 0.00405346881598, -0.000997445429675, 0.003149864031, -0.00288935843855, -0.001009024214, -0.0023302056361, 0.0119307236746, -0.00388551433571, -0.000823700276669, -0.00356195424683, 0.00527126574889, -0.00434421328828], [9.9319158835e-06, -0.00307920901105, 0.000999597716145, -0.00285752373748, -0.000450848019682, -0.00078958121594, 0.00144767179154, -0.00388551433571, 0.0112851141021, -0.00364088779315, 0.0025136244949, -0.00371149438433, 0.00223033572547], [-6.09518019701e-06, 0.00189554307144, -0.000884090550244, 0.000816092186142, 0.000293427088764, -0.00203540106304, -0.00132515130099, -0.000823700276669, -0.00364088779315, 0.0165326166898, -0.00650973524898, 0.00179210375063, -0.00260823080316], [-8.01418354968e-05, -0.00276919128373, 0.000490428530611, -0.000869919313118, -0.000539107597433, 0.00192318076733, -0.000774247338995, -0.00356195424683, 0.0025136244949, -0.00650973524898, 0.0170076917857, -0.0056589236483, 0.00511148059741], [0.000250412034802, 0.0017556004459, -0.000367987056961, -0.00109523453284, -0.000495418033097, -0.00279508600943, 0.00149027432781, 0.00527126574889, -0.00371149438433, 0.00179210375063, -0.0056589236483, 0.0145406033844, -0.00687668705359], [-0.000108420339529, -0.00279683060944, 2.171741653e-05, -0.0009724269039, -0.00139340711758, -0.000116504183097, 0.00233374536037, -0.00434421328828, 0.00223033572547, -0.00260823080316, 0.00511148059741, -0.00687668705359, 0.0220938008279]]
    },
    "melbands": {
        "dmean": [0.00131738721393, 0.00109272997361, 0.000481926836073, 0.000715134025086, 0.000182323477929, 0.000103778351331, 0.000153669170686, 0.000131916051032, 0.000106949119072, 9.91363849607e-05, 4.80158523715e-05, 3.06532383547e-05, 1.93749601749e-05, 1.94216536329e-05, 2.14940519072e-05, 2.93432403851e-05, 2.72320630756e-05, 2.16128300963e-05, 2.40598183154e-05, 2.30639816436e-05, 1.67490179592e-05, 1.41894724948e-05, 1.19649093904e-05, 1.15240518426e-05, 8.80528295966e-06, 5.99734084972e-06, 6.79821278027e-06, 7.52346795707e-06, 3.78186132366e-06, 2.72894249065e-06, 2.90145840154e-06, 2.03115541808e-06, 1.98444013222e-06, 1.965315505e-06, 1.39113342357e-06, 1.14175941235e-06, 1.22987773921e-06, 1.07026562546e-06, 7.96001643266e-07, 2.45698714707e-07],
        "dmean2": [0.00205252575688, 0.00183030415792, 0.000834750186186, 0.00118071748875, 0.000292177457595, 0.00016386709467, 0.000240747365751, 0.000208559125895, 0.000152057953528, 0.000149277693708, 7.46266523493e-05, 4.59030597995e-05, 3.04035511363e-05, 3.17573794746e-05, 3.58915822289e-05, 4.49467515864e-05, 4.0163158701e-05, 3.31606643158e-05, 3.67688335245e-05, 3.70163106709e-05, 2.56467919826e-05, 2.29041579587e-05, 1.89598958968e-05, 1.78944210347e-05, 1.39633457366e-05, 9.70874680206e-06, 1.08141912278e-05, 1.15657203423e-05, 5.78125354878e-06, 4.5706583478e-06, 4.94829737363e-06, 3.2173074942e-06, 3.06274546347e-06, 3.25986206917e-06, 2.26643965107e-06, 1.77671745405e-06, 1.93590472009e-06, 1.68287829183e-06, 1.2505909126e-06, 3.84479960758e-07],
        "dvar": [1.62882588484e-05, 1.11651825137e-05, 9.40757104217e-07, 2.53733492173e-06, 1.35159552883e-07, 3.57445486543e-08, 1.035925834e-07, 1.37226408015e-07, 7.13695627041e-08, 7.1605704477e-08, 1.94121625441e-08, 1.01775530226e-08, 3.89319909644e-09, 2.34630692653e-09, 2.52474108287e-09, 8.0838216121e-09, 5.05411046348e-09, 2.09251083128e-09, 4.60289051318e-09, 3.71326036586e-09, 2.32407071366e-09, 1.98598471002e-09, 7.9195316971e-10, 5.27055843413e-10, 3.73331421333e-10, 2.34815722422e-10, 3.6301747719e-10, 4.10382505756e-10, 9.206622964e-11, 8.9872907727e-11, 1.04273312207e-10, 3.64651919771e-11, 2.59488281557e-11, 4.38935728042e-11, 1.3969157428e-11, 9.21609663584e-12, 1.49367150593e-11, 1.4779294108e-11, 8.72246372352e-12, 1.04280744196e-12],
        "dvar2": [3.63344006473e-05, 2.91747746815e-05, 2.65449807557e-06, 7.17988086762e-06, 3.23791766732e-07, 8.42719813932e-08, 2.52114006116e-07, 3.45148322367e-07, 1.52181911517e-07, 1.59936845989e-07, 4.77578261382e-08, 1.83045472113e-08, 1.02066302077e-08, 5.81683234913e-09, 6.11840622611e-09, 1.89225222158e-08, 1.00123189739e-08, 4.77520023523e-09, 9.69585745025e-09, 9.62291135664e-09, 5.51952306083e-09, 4.82951678649e-09, 1.76599512791e-09, 1.18219767309e-09, 8.54951776041e-10, 5.44497669175e-10, 8.68139171661e-10, 9.86715376072e-10, 2.09576661581e-10, 2.38712494216e-10, 2.8291596843e-10, 9.18762635416e-11, 6.35346497635e-11, 1.17907864028e-10, 3.53681355036e-11, 2.16299391592e-11, 3.69963989999e-11, 3.82611442529e-11, 2.3968759269e-11, 2.45703544316e-12],
        "max": [0.0293776299804, 0.0264026336372, 0.0114057529718, 0.0205075889826, 0.00464752549306, 0.00275753554888, 0.00625037960708, 0.00477596232668, 0.00354185095057, 0.00412964215502, 0.00265565700829, 0.00294461427256, 0.00138857809361, 0.000908902322408, 0.000881273008417, 0.00193686154671, 0.00111387623474, 0.000545166200027, 0.00133602041751, 0.00131254107691, 0.000706713006366, 0.00107811205089, 0.000369925575797, 0.000286651280476, 0.000238827124122, 0.000201829941943, 0.000379104953026, 0.000371932197595, 0.000155810179422, 0.000189507103642, 0.000148148625158, 7.98826731625e-05, 6.74433758832e-05, 0.000119707896374, 3.80000928999e-05, 4.28646526416e-05, 5.51472985535e-05, 5.90472664044e-05, 6.63608152536e-05, 3.13356431434e-05],
        "mean": [0.00137044710573, 0.00111671164632, 0.000721129705198, 0.00114678672981, 0.00039175117854, 0.000240911467699, 0.000286521011731, 0.000213686013012, 0.000196012944798, 0.000173039734364, 9.36585711315e-05, 6.28651105217e-05, 3.0892821087e-05, 3.38094214385e-05, 3.63246035704e-05, 4.89322446811e-05, 4.76706227346e-05, 3.74712253688e-05, 3.59745354217e-05, 3.36551165674e-05, 2.22261169256e-05, 1.89094753296e-05, 1.76548201125e-05, 1.98859215743e-05, 1.31270917336e-05, 7.83046652941e-06, 8.78997161635e-06, 1.10497776404e-05, 5.41190138392e-06, 3.35999493473e-06, 3.2487171211e-06, 2.64259688265e-06, 2.57019451055e-06, 2.30815771829e-06, 1.77479125796e-06, 1.64100549682e-06, 1.59189266924e-06, 1.46599984419e-06, 1.06656398202e-06, 3.415426022e-07],
        "median": [6.26700712019e-05, 0.000239291999605, 0.00037059278111, 0.000517374021001, 0.000143755023601, 0.000104591730633, 0.000114244721772, 5.30710822204e-05, 3.05968715111e-05, 3.23607637256e-05, 2.13801231439e-05, 2.10922444239e-05, 1.22170504255e-05, 1.19606302178e-05, 1.32185496113e-05, 1.19581764011e-05, 9.56933672569e-06, 1.02012836578e-05, 6.58758608552e-06, 6.29606302027e-06, 5.47602394363e-06, 4.03413423555e-06, 4.86669432576e-06, 6.4753667175e-06, 4.30895579484e-06, 2.0656734705e-06, 2.07497214433e-06, 2.16596822611e-06, 1.40390727665e-06, 8.36858362163e-07, 5.9189676449e-07, 4.39051916601e-07, 4.18431540083e-07, 3.82141706723e-07, 3.76271543701e-07, 3.46995051359e-07, 2.36253285379e-07, 2.51645360549e-07, 1.57908516485e-07, 2.66255835157e-08],
        "min": [8.91658868616e-24, 1.87948177484e-23, 1.81254929362e-23, 1.3416498203e-23, 1.48345940093e-23, 2.4838442071e-23, 1.56067058198e-23, 2.23124857866e-23, 7.84546861589e-24, 1.44294760691e-23, 2.61802282064e-23, 8.31467834915e-24, 4.41299124458e-24, 8.44349933497e-24, 7.65711545299e-24, 8.26486493843e-24, 8.60148135301e-24, 6.48755303592e-24, 1.63224976948e-23, 1.7920155598e-23, 9.5056066694e-24, 2.98680377647e-23, 1.55044205371e-23, 8.79724665298e-24, 8.16605458802e-24, 1.11275567554e-23, 6.63231413963e-24, 1.27781835129e-23, 9.76383318698e-24, 7.59716123533e-24, 4.71074008794e-24, 8.66647008097e-24, 1.17550782505e-23, 7.27900022162e-24, 1.14122598115e-23, 9.02673260119e-24, 6.37032120566e-24, 1.06694683831e-23, 1.24258695552e-23, 9.69425328855e-24],
        "var": [1.81289324246e-05, 9.09044047148e-06, 1.07443725028e-06, 3.05713183479e-06, 3.28829287355e-07, 1.0332672673e-07, 1.88910647125e-07, 1.74561364474e-07, 1.87714050526e-07, 1.36689990882e-07, 6.76832385693e-08, 3.75139386222e-08, 4.96678120854e-09, 4.36148317462e-09, 4.1020142838e-09, 1.87767703608e-08, 1.24588748207e-08, 4.66475436056e-09, 9.22298415418e-09, 8.08185962597e-09, 3.37176975229e-09, 2.66443689334e-09, 1.27963151186e-09, 1.06848241366e-09, 6.02635441549e-10, 3.44232115035e-10, 4.67868410681e-10, 5.77596137585e-10, 1.34574101862e-10, 8.31311755545e-11, 9.16941522711e-11, 4.65339919375e-11, 3.64860433533e-11, 3.85083354093e-11, 1.5846950488e-11, 1.40902437287e-11, 2.16697666755e-11, 2.1270046488e-11, 1.42115460025e-11, 2.36332524731e-12]
    },
    "mfcc": {
        "mean": [-677.276306152, 124.210021973, -0.907929122448, 25.5534000397, 3.55013394356, 1.63427662849, -4.49567174911, -1.06688976288, -10.3395004272, 3.28366160393, -7.11279010773, 0.0410471744835, -8.76122665405],
        "cov": [[8807.09472656, -950.96697998, -666.951599121, 167.319671631, -77.6300582886, 1.78177130222, -272.364746094, 59.617816925, -49.9394302368, 184.127380371, -13.9992256165, 20.2377376556, -92.9963989258], [-950.96697998, 1696.66833496, -590.894714355, -65.6503677368, -31.9291191101, -203.74180603, 111.581451416, -97.3163452148, -74.2299804688, 55.1795349121, -10.9872026443, 2.24144673347, -63.4901924133], [-666.951599121, -590.894714355, 860.038696289, -39.2749328613, 68.0015869141, 223.396713257, 12.9764413834, 69.8275604248, 97.8601455688, -69.331817627, 61.5180740356, 23.2282028198, 82.2201004028], [167.319671631, -65.6503677368, -39.2749328613, 372.016235352, 64.7025146484, 82.7804641724, -25.4529647827, 46.8002357483, 3.70618438721, -4.11191654205, -17.3068962097, 42.2457962036, 49.3569450378], [-77.6300582886, -31.9291191101, 68.0015869141, 64.7025146484, 260.233001709, 47.6847381592, -22.9378604889, 47.794708252, 67.4107971191, -0.0205294340849, 15.2338476181, 38.7163848877, 37.6647720337], [1.78177130222, -203.74180603, 223.396713257, 82.7804641724, 47.6847381592, 255.087509155, 3.41976475716, 76.2051544189, 67.556930542, -46.1634292603, 59.1345977783, 17.6965522766, 51.4744987488], [-272.364746094, 111.581451416, 12.9764413834, -25.4529647827, -22.9378604889, 3.41976475716, 230.204940796, 21.8272686005, 26.6329097748, 76.5899353027, 52.8907203674, 16.7859516144, -3.75205850601], [59.617816925, -97.3163452148, 69.8275604248, 46.8002357483, 47.794708252, 76.2051544189, 21.8272686005, 128.200714111, 52.2743377686, 20.3147163391, 23.3929004669, 27.422504425, 36.2045021057], [-49.9394302368, -74.2299804688, 97.8601455688, 3.70618438721, 67.4107971191, 67.556930542, 26.6329097748, 52.2743377686, 156.120346069, 25.2357711792, 49.6293983459, 3.35267162323, 23.7879829407], [184.127380371, 55.1795349121, -69.331817627, -4.11191654205, -0.0205294340849, -46.1634292603, 76.5899353027, 20.3147163391, 25.2357711792, 192.498214722, 35.4236717224, 24.1317367554, -16.6369457245], [-13.9992256165, -10.9872026443, 61.5180740356, -17.3068962097, 15.2338476181, 59.1345977783, 52.8907203674, 23.3929004669, 49.6293983459, 35.4236717224, 124.518310547, 20.131111145, 21.9130420685], [20.2377376556, 2.24144673347, 23.2282028198, 42.2457962036, 38.7163848877, 17.6965522766, 16.7859516144, 27.422504425, 3.35267162323, 24.1317367554, 20.131111145, 116.466056824, 45.4962806702], [-92.9963989258, -63.4901924133, 82.2201004028, 49.3569450378, 37.6647720337, 51.4744987488, -3.75205850601, 36.2045021057, 23.7879829407, -16.6369457245, 21.9130420685, 45.4962806702, 94.1463928223]],
