{
"lowlevel": {
    "average_loudness": 0.982157289982,
    "barkbands_crest": {
        "dmean": 3.84704709053,
        "dmean2": 6.22608804703,
        "dvar": 11.9494962692,
        "dvar2": 29.6933116913,
        "max": 23.9373664856,
        "mean": 9.8858757019,
        "median": 8.7674741745,
        "min": 2.02262854576,
        "var": 25.657087326
    },
    "barkbands_flatness_db": {
        "dmean": 0.0395058207214,
        "dmean2": 0.0598741583526,
        "dvar": 0.00128749711439,
        "dvar2": 0.00315261841752,
        "max": 0.412130743265,
        "mean": 0.159060582519,
        "median": 0.150908783078,
        "min": 0.0476672202349,
        "var": 0.00284210918471
    },
    "barkbands_kurtosis": {
        "dmean": 6.8183722496,
        "dmean2": 11.1067361832,
        "dvar": 196.438568115,
        "dvar2": 547.736572266,
        "max": 208.456985474,
        "mean": 6.75501728058,
        "median": 1.01578521729,
        "min": -1.90734088421,
        "var": 252.717803955
    },
    "barkbands_skewness": {
        "dmean": 1.03218853474,
        "dmean2": 1.51118755341,
        "dvar": 1.18876791,
        "dvar2": 3.12257695198,
        "max": 11.7335824966,
        "mean": 1.61715424061,
        "median": 1.12608218193,
        "min": -1.34639787674,
        "var": 3.16663146019
    },
    "barkbands_spread": {
        "dmean": 10.975402832,
        "dmean2": 16.9759635925,
        "dvar": 149.63218689,
        "dvar2": 319.72088623,
        "max": 80.2813262939,
        "mean": 25.8679046631,
        "median": 22.7010726929,
        "min": 0.636637449265,
        "var": 265.568023682
    },
    "dissonance": {
        "dmean": 0.0240505449474,
        "dmean2": 0.039896722883,
        "dvar": 0.000560870277695,
        "dvar2": 0.00144388410263,
        "max": 0.499799579382,
        "mean": 0.460930645466,
        "median": 0.469534218311,
        "min": 0.278408735991,
        "var": 0.000974361377303
    },
    "dynamic_complexity": 2.99874711037,
    "erbbands_crest": {
        "dmean": 3.56402420998,
        "dmean2": 5.34850072861,
        "dvar": 8.84581661224,
        "dvar2": 19.6837406158,
        "max": 25.5803642273,
        "mean": 9.08798217773,
        "median": 8.07125854492,
        "min": 2.07822751999,
        "var": 21.7838554382
    },
    "erbbands_flatness_db": {
        "dmean": 0.0256007798016,
        "dmean2": 0.0334091000259,
        "dvar": 0.000475719978567,
        "dvar2": 0.000819230335765,
        "max": 0.311086148024,
        "mean": 0.160544112325,
        "median": 0.155421808362,
        "min": 0.0829212367535,
        "var": 0.001801716513
    },
    "erbbands_kurtosis": {
        "dmean": 1.59399485588,
        "dmean2": 2.30128502846,
        "dvar": 4.35178136826,
        "dvar2": 8.94771385193,
        "max": 22.5739555359,
        "mean": 1.19903802872,
        "median": 0.272660851479,
        "min": -1.75122916698,
        "var": 8.85213947296
    },
    "erbbands_skewness": {
        "dmean": 0.562387168407,
        "dmean2": 0.826153874397,
        "dvar": 0.22634485364,
        "dvar2": 0.44693210721,
        "max": 3.96713709831,
        "mean": 0.314753383398,
        "median": 0.298986136913,
        "min": -2.93017077446,
        "var": 0.743535041809
    },
    "erbbands_spread": {
        "dmean": 14.3420991898,
        "dmean2": 18.8586978912,
        "dvar": 169.258361816,
        "dvar2": 332.832214355,
        "max": 127.327156067,
        "mean": 43.7179603577,
        "median": 38.4734535217,
        "min": 6.63898229599,
        "var": 640.870422363
    },
    "hfc": {
        "dmean": 20.6707725525,
        "dmean2": 33.2649307251,
        "dvar": 871.511962891,
        "dvar2": 2195.15795898,
        "max": 143.444992065,
        "mean": 26.1970272064,
        "median": 15.6176242828,
        "min": 0.099469140172,
        "var": 927.508666992
    },
    "melbands_crest": {
        "dmean": 4.46217679977,
        "dmean2": 7.09046220779,
        "dvar": 15.7417163849,
        "dvar2": 35.7622413635,
        "max": 34.3029632568,
        "mean": 13.6499872208,
        "median": 12.154756546,
        "min": 3.87958455086,
        "var": 38.0001220703
    },
    "melbands_flatness_db": {
        "dmean": 0.0548063181341,
        "dmean2": 0.0799472481012,
        "dvar": 0.00228069233708,
        "dvar2": 0.00565587216988,
        "max": 0.527226507664,
        "mean": 0.181911468506,
        "median": 0.17075201869,
        "min": 0.0331532172859,
        "var": 0.00608968315646
    },
    "melbands_kurtosis": {
        "dmean": 18.4169483185,
        "dmean2": 30.2131137848,
        "dvar": 1267.11083984,
        "dvar2": 3588.50585938,
        "max": 354.457427979,
        "mean": 21.99127388,
        "median": 6.58701944351,
        "min": -1.68985033035,
        "var": 1646.56726074
    },
    "melbands_skewness": {
        "dmean": 1.37496519089,
        "dmean2": 2.01766824722,
        "dvar": 2.46117091179,
        "dvar2": 6.15945625305,
        "max": 13.7794218063,
        "mean": 2.92628598213,
        "median": 2.22750663757,
        "min": -0.796056270599,
        "var": 6.47535896301
    },
    "melbands_spread": {
        "dmean": 14.8038063049,
        "dmean2": 22.8039131165,
        "dvar": 318.319519043,
        "dvar2": 712.794311523,
        "max": 173.691299438,
        "mean": 29.3938369751,
        "median": 25.3248252869,
        "min": 0.621312499046,
        "var": 550.27923584
    },
    "pitch_salience": {
        "dmean": 0.108452625573,
        "dmean2": 0.172117963433,
        "dvar": 0.00921945460141,
        "dvar2": 0.0233927089721,
        "max": 0.832151710987,
        "mean": 0.559618473053,
        "median": 0.583335757256,
        "min": 0.162362858653,
        "var": 0.0190921388566
    },
    "silence_rate_20dB": {
        "dmean": 0,
        "dmean2": 0,
        "dvar": 0,
        "dvar2": 0,
        "max": 1,
        "mean": 1,
        "median": 1,
        "min": 1,
        "var": 0
    },
    "silence_rate_30dB": {
        "dmean": 0.0832690820098,
        "dmean2": 0.166666671634,
        "dvar": 0.0763361677527,
        "dvar2": 0.200614333153,
        "max": 1,
        "mean": 0.947611689568,
        "median": 1,
        "min": 0,
        "var": 0.0496430546045
    },
    "silence_rate_60dB": {
        "dmean": 0.0616808012128,
        "dmean2": 0.123456791043,
        "dvar": 0.0578759238124,
        "dvar2": 0.146796166897,
        "max": 1,
        "mean": 0.0562403686345,
        "median": 0,
        "min": 0,
        "var": 0.0530771873891
    },
    "spectral_centroid": {
        "dmean": 414.115844727,
        "dmean2": 623.45904541,
        "dvar": 202645.21875,
        "dvar2": 469051.9375,
        "max": 4292.06152344,
        "mean": 1338.45898438,
        "median": 1255.41748047,
        "min": 162.101287842,
        "var": 406662.09375
    },
    "spectral_complexity": {
        "dmean": 7.47648429871,
        "dmean2": 11.1064815521,
        "dvar": 60.0797348022,
        "dvar2": 134.596725464,
        "max": 54,
        "mean": 17.5485363007,
        "median": 17,
        "min": 1,
        "var": 116.894607544
    },
    "spectral_decrease": {
        "dmean": 4.71676830927e-09,
        "dmean2": 7.19111303837e-09,
        "dvar": 6.93660492972e-17,
        "dvar2": 1.58782003731e-16,
        "max": -1.19826093492e-10,
        "mean": -6.89847334812e-09,
        "median": -3.75443365286e-09,
        "min": -5.3475449846e-08,
        "var": 8.17319627035e-17
    },
    "spectral_energy": {
        "dmean": 0.0190860703588,
        "dmean2": 0.0289584882557,
        "dvar": 0.00104109407403,
        "dvar2": 0.00234534288757,
        "max": 0.204760074615,
        "mean": 0.0284125674516,
        "median": 0.0162772014737,
        "min": 0.000461456656922,
        "var": 0.00126357737463
    },
    "spectral_energyband_high": {
        "dmean": 0.00194252631627,
        "dmean2": 0.00320144277066,
        "dvar": 9.91151136986e-06,
        "dvar2": 2.48989981628e-05,
        "max": 0.0150513909757,
        "mean": 0.00170257920399,
        "median": 0.000429971027188,
        "min": 2.65199929572e-07,
        "var": 8.80433526618e-06
    },
    "spectral_energyband_low": {
        "dmean": 0.0129714393988,
        "dmean2": 0.0218131225556,
        "dvar": 0.000860351545271,
        "dvar2": 0.00226903706789,
        "max": 0.191380113363,
        "mean": 0.0128592988476,
        "median": 0.00353245553561,
        "min": 5.22247646586e-05,
        "var": 0.000740782881621
    },
    "spectral_energyband_middle_high": {
        "dmean": 0.00334007106721,
        "dmean2": 0.00516718672588,
        "dvar": 1.83989322977e-05,
        "dvar2": 4.57688693132e-05,
        "max": 0.046466499567,
        "mean": 0.00607933010906,
        "median": 0.00345717463642,
        "min": 2.37617427956e-06,
        "var": 5.11423349963e-05
    },
    "spectral_energyband_middle_low": {
        "dmean": 0.00803159642965,
        "dmean2": 0.0136413220316,
        "dvar": 0.000385022663977,
        "dvar2": 0.00106789532583,
        "max": 0.134835630655,
        "mean": 0.00917571317405,
        "median": 0.00497185904533,
        "min": 0.000106486200821,
        "var": 0.000257245876128
    },
    "spectral_entropy": {
        "dmean": 0.284664779902,
        "dmean2": 0.394548207521,
        "dvar": 0.0719463601708,
        "dvar2": 0.143921822309,
        "max": 8.68682956696,
        "mean": 7.7064037323,
        "median": 7.72962236404,
        "min": 5.25026702881,
        "var": 0.1801687181
    },
    "spectral_flux": {
        "dmean": 0.0475515909493,
        "dmean2": 0.0692903921008,
        "dvar": 0.00363799836487,
        "dvar2": 0.00555690564215,
        "max": 0.445276677608,
        "mean": 0.113788679242,
        "median": 0.0891405642033,
        "min": 0.00541273923591,
        "var": 0.007342282217
    },
    "spectral_kurtosis": {
        "dmean": 1.81486558914,
        "dmean2": 2.69749689102,
        "dvar": 3.8912255764,
        "dvar2": 9.08149147034,
        "max": 22.8279914856,
        "mean": 2.84287285805,
        "median": 2.29255628586,
        "min": -1.03484976292,
        "var": 7.22474765778
    },
    "spectral_rms": {
        "dmean": 0.00154809444211,
        "dmean2": 0.00221549277194,
        "dvar": 3.85859357266e-06,
        "dvar2": 7.6991836977e-06,
        "max": 0.0141338575631,
        "mean": 0.00456033833325,
        "median": 0.00398499611765,
        "min": 0.00067097065039,
        "var": 6.922884495e-06
    },
    "spectral_rolloff": {
        "dmean": 1182.86706543,
        "dmean2": 2001.29382324,
        "dvar": 3389543.75,
        "dvar2": 7033858.5,
        "max": 9646.875,
        "mean": 1874.51928711,
        "median": 1270.45898438,
        "min": 64.599609375,
        "var": 4134816.5
    },
    "spectral_skewness": {
        "dmean": 0.318498462439,
        "dmean2": 0.444957643747,
        "dvar": 0.087295897305,
        "dvar2": 0.192655593157,
        "max": 3.91868233681,
        "mean": 1.40037870407,
        "median": 1.37151026726,
        "min": -0.0642420053482,
        "var": 0.242736950517
    },
    "spectral_spread": {
        "dmean": 983187.5625,
        "dmean2": 1299336.75,
        "dvar": 832736329728,
        "dvar2": 1.21595219149e+12,
        "max": 29172536,
        "mean": 5351942.5,
        "median": 5210572,
        "min": 2152790.75,
        "var": 2.78591491277e+12
    },
    "spectral_strongpeak": {
        "dmean": 0.613238811493,
        "dmean2": 1.03832674026,
        "dvar": 1.10575520992,
        "dvar2": 2.54966616631,
        "max": 12.5827293396,
        "mean": 0.881920099258,
        "median": 0.324278742075,
        "min": 0,
        "var": 1.84260964394
    },
    "zerocrossingrate": {
        "dmean": 0.022436466068,
        "dmean2": 0.0270223729312,
        "dvar": 0.000457457936136,
        "dvar2": 0.000568718533032,
        "max": 0.2626953125,
        "mean": 0.069894939661,
        "median": 0.06201171875,
        "min": 0.00341796875,
        "var": 0.00161172170192
    },
    "barkbands": {
        "dmean": [0.000332416588208, 0.00973773747683, 0.00354540371336, 0.00240976340137, 0.0024512631353, 0.0010914610466, 0.00171612226404, 0.000681018747855, 0.00128175038844, 0.000929207657464, 0.0004789395025, 0.00077985873213, 0.000450443592854, 0.000598665501457, 0.000605155888479, 0.000502969196532, 0.00023571663769, 0.000205043936148, 0.00015138091112, 0.00019314455858, 0.000248890166404, 0.000441674230387, 0.000489600119181, 0.000374550290871, 0.000345777341863, 5.60859518828e-07, 4.01787701776e-07],
        "dmean2": [0.000504948315211, 0.0168645717204, 0.00647119292989, 0.00432863784954, 0.00449067587033, 0.00182262388989, 0.00302718882449, 0.00119330664165, 0.00205358443782, 0.00154527858831, 0.000779239460826, 0.00123625784181, 0.000775997585151, 0.00096000143094, 0.000928974710405, 0.000753708474804, 0.000398090312956, 0.000354761432391, 0.000264273345238, 0.000333588861395, 0.00042471679626, 0.000748179794755, 0.000806437979918, 0.000611963623669, 0.000582261476666, 1.04479715901e-06, 7.52847086005e-07],
        "dvar": [5.77859395889e-07, 0.000534987659194, 9.87713210634e-05, 5.68139585084e-05, 7.13139597792e-05, 3.42896964867e-06, 2.14760239032e-05, 1.83310226021e-06, 5.12237920702e-06, 4.04902448281e-06, 7.06201433331e-07, 4.1937869355e-06, 7.34552770609e-07, 1.09383313429e-06, 9.87255134532e-07, 1.10985797619e-06, 1.5400405573e-07, 1.38737789257e-07, 9.9422422295e-08, 1.42735814279e-07, 1.64470961295e-07, 5.77377477384e-07, 6.51379650662e-07, 4.00936130518e-07, 4.08019445786e-07, 2.99099590581e-12, 1.46856756356e-12],
        "dvar2": [1.1669842479e-06, 0.00145667325705, 0.000277105893474, 0.000162780444953, 0.000208269673749, 9.22712206375e-06, 6.30450667813e-05, 5.13103759658e-06, 1.16858436741e-05, 1.14494623631e-05, 1.63801860253e-06, 9.82596156973e-06, 1.90475589079e-06, 2.64161485575e-06, 2.38234724748e-06, 2.45356386586e-06, 3.89414964275e-07, 3.82695873213e-07, 2.77119823977e-07, 4.00877013362e-07, 4.31896978625e-07, 1.4927909433e-06, 1.56715861976e-06, 9.84376697488e-07, 1.06090521967e-06, 8.3157369879e-12, 4.07824989057e-12],
        "max": [0.00644610356539, 0.154094785452, 0.0679428130388, 0.0751025825739, 0.0666146799922, 0.0138674955815, 0.0358934924006, 0.0104868970811, 0.0239926576614, 0.0224067680538, 0.0100646652281, 0.0347629822791, 0.0167570263147, 0.0102816112339, 0.0130219440907, 0.0254325885326, 0.00575330667198, 0.00349146267399, 0.00411372678354, 0.00283487187698, 0.00260691624135, 0.00533039495349, 0.00441593490541, 0.0039303181693, 0.00445639155805, 1.59679657372e-05, 9.49036257225e-06],
        "mean": [0.000342324259691, 0.00858138594776, 0.00268615642563, 0.00223249499686, 0.00190088327508, 0.00122792145703, 0.00148744473699, 0.000516267900821, 0.00148321862798, 0.000993796973489, 0.000547678791918, 0.00111342745367, 0.000445814192062, 0.000740750168916, 0.00085872632917, 0.000798959285021, 0.000304495188175, 0.000211977036088, 0.000148059581988, 0.000179544367711, 0.000233340266277, 0.000354635500116, 0.000434415094787, 0.000321411527693, 0.00026685395278, 3.3252109688e-07, 2.38639557892e-07],
        "median": [2.90683292405e-05, 0.00163881131448, 0.000648365006782, 0.00109471159521, 0.00063231162494, 0.000528136675712, 0.000485462980578, 0.000157087371917, 0.000442560063675, 0.000276300444966, 0.000205651565921, 0.000322815001709, 0.000165274454048, 0.000198572757654, 0.0002384998661, 0.000188790654647, 0.000124566431623, 7.59953254601e-05, 4.20241558459e-05, 5.8682373492e-05, 7.67387900851e-05, 6.43793682684e-05, 9.03680702322e-05, 6.8715409725e-05, 4.80312555737e-05, 4.92864360435e-10, 4.66331084858e-10],
        "min": [3.79564184527e-08, 2.31394301409e-06, 3.1704223602e-06, 2.13169869312e-06, 1.15959783216e-05, 1.31588353725e-06, 1.08328504211e-06, 7.14920190603e-07, 1.17995250548e-06, 1.18251925585e-07, 2.96437463021e-07, 6.91197271863e-07, 1.04636889375e-07, 1.21713370049e-07, 5.22374996592e-08, 4.66958312018e-08, 2.81425531767e-08, 2.44394815496e-08, 1.37466509287e-08, 1.77893566544e-09, 3.6397754144e-08, 1.43316816192e-08, 8.21483894242e-08, 3.60655114662e-08, 9.10768793716e-09, 7.61249657061e-12, 1.05340345821e-11],
        "var": [7.52700657358e-07, 0.000422766141128, 6.09869093751e-05, 3.28065616486e-05, 3.98446463805e-05, 3.46216188518e-06, 1.33273206302e-05, 1.17028048408e-06, 8.36952494865e-06, 4.2837032197e-06, 1.03716422473e-06, 8.59121155372e-06, 8.57427892242e-07, 1.71973874785e-06, 2.02048113351e-06, 3.16444175041e-06, 2.65485624595e-07, 1.3954738165e-07, 8.96465479627e-08, 1.03465026768e-07, 1.4180774599e-07, 4.79326274672e-07, 6.17803266323e-07, 3.63338699572e-07, 3.17860184396e-07, 1.80429087469e-12, 8.83928455604e-13]
    },
    "erbbands": {
        "dmean": [0.231730565429, 2.39926934242, 4.55490112305, 6.28317832947, 8.48269462585, 7.96217536926, 7.14220237732, 10.0871934891, 22.8397045135, 21.3682556152, 14.9792041779, 31.1298046112, 26.240737915, 26.7747802734, 23.1297893524, 29.0384845734, 18.6941738129, 19.265586853, 43.4067955017, 18.3160324097, 26.9501190186, 13.3064203262, 10.8097372055, 9.23703479767, 7.76473426819, 9.61654472351, 7.27712917328, 12.8060941696, 14.8854522705, 14.7918968201, 15.1238431931, 8.60811805725, 6.08526754379, 6.09116125107, 1.15945887566, 0.030255690217, 0.00227586948313, 0.000457333895611, 9.53758208198e-05, 3.24876455124e-05],
        "dmean2": [0.37707054615, 4.21809530258, 8.10687351227, 11.3388032913, 15.6842927933, 14.4843053818, 11.7598209381, 17.282869339, 40.495426178, 37.5330123901, 24.7696228027, 50.0432472229, 43.7002868652, 44.064037323, 35.7407150269, 46.716796875, 31.9690341949, 32.030670166, 57.1881256104, 28.3123188019, 41.6603889465, 22.2192573547, 18.6934642792, 15.9247655869, 13.5661211014, 16.8046512604, 12.2639360428, 22.0680446625, 25.4351940155, 24.6586341858, 24.9959220886, 14.1216907501, 9.96741008759, 10.331495285, 1.93099939823, 0.0504801124334, 0.00393201876432, 0.000818495696876, 0.000167341611814, 5.05142597831e-05],
        "dvar": [0.246960476041, 36.1099967957, 153.147125244, 296.197998047, 1072.7434082, 614.855224609, 150.043228149, 396.696655273, 3785.17041016, 3463.60449219, 521.67755127, 3315.99121094, 3082.65625, 4480.81152344, 1681.37060547, 7443.78271484, 1036.33642578, 797.808410645, 5383.26757812, 606.391357422, 4049.54589844, 552.425231934, 390.215026855, 360.76385498, 266.338226318, 391.4402771, 131.227416992, 517.667480469, 660.038391113, 613.957092285, 657.553405762, 201.815231323, 118.021514893, 136.601516724, 4.24082565308, 0.00281325425021, 1.93923297047e-05, 1.21664311337e-06, 4.69957264215e-08, 2.58994981017e-09],
        "dvar2": [0.566885709763, 100.618301392, 423.792480469, 849.506164551, 3093.73388672, 1815.48071289, 401.400695801, 1083.22460938, 11048.7177734, 10079.3017578, 1358.89355469, 8118.18457031, 8273.75878906, 12998.6806641, 3750.66235352, 17688.1035156, 2662.41357422, 1927.1685791, 8896.21777344, 1374.79101562, 9051.50292969, 1381.96948242, 1073.2322998, 1026.81005859, 743.258117676, 1108.41308594, 344.032348633, 1367.65563965, 1725.53515625, 1583.22729492, 1573.86340332, 502.105895996, 290.718780518, 361.572906494, 10.6549224854, 0.00712864939123, 5.12030965183e-05, 3.34424635184e-06, 1.26909171172e-07, 5.89865267742e-09],
        "max": [4.83385467529, 40.9025802612, 84.0886688232, 160.431564331, 257.313018799, 197.526412964, 111.554336548, 158.714157104, 483.96585083, 541.91986084, 216.191848755, 503.23828125, 782.618041992, 1107.93591309, 707.210693359, 1623.17932129, 594.568603516, 272.295410156, 763.801208496, 327.543548584, 1677.58972168, 350.7940979, 208.863510132, 274.480377197, 144.351394653, 178.649276733, 93.5954055786, 171.353103638, 138.778793335, 155.261047363, 158.333068848, 78.9719467163, 71.5028305054, 93.7851486206, 15.16792202, 0.384825259447, 0.0384649261832, 0.00951647106558, 0.0017894289922, 0.000298441766063],
        "mean": [0.224133551121, 1.95006942749, 3.51859879494, 5.83296060562, 6.20621776581, 6.77897644043, 7.42866277695, 10.7765760422, 20.6346969604, 17.1931743622, 13.8069639206, 33.0905723572, 33.5381736755, 30.2205219269, 35.3795394897, 37.3187332153, 19.9456062317, 26.105047226, 65.7061843872, 29.1110973358, 44.2715835571, 18.4234333038, 11.8850631714, 9.48073768616, 7.37426710129, 8.79084396362, 8.05668830872, 10.6854858398, 11.9978237152, 12.3775777817, 13.3036346436, 7.40789413452, 5.15681838989, 4.59474897385, 0.919150352478, 0.0237586069852, 0.00166168936994, 0.000308165122988, 7.35315406928e-05, 4.29725223512e-05],
        "median": [0.0264072753489, 0.400690555573, 0.892796993256, 2.7321639061, 1.57172203064, 2.66367745399, 2.76019191742, 4.39649105072, 5.82705211639, 5.19757938385, 5.64982748032, 10.3448181152, 9.99181365967, 12.0089206696, 14.1576929092, 13.2046499252, 9.02205085754, 10.8474311829, 14.6430892944, 10.5377168655, 10.8226318359, 7.6635017395, 4.68654441833, 2.75651431084, 2.27010560036, 2.71420407295, 3.03783988953, 2.71104717255, 2.34410786629, 2.6550951004, 2.56844758987, 1.54977059364, 1.144947052, 0.778368592262, 0.163715153933, 0.00408797059208, 0.000211725142435, 2.73837740679e-05, 1.60025374498e-05, 2.25075164053e-05],
        "min": [0.000107614207081, 0.0014320485061, 0.00514226732776, 0.0300741791725, 0.0415207408369, 0.0310561377555, 0.026744261384, 0.0175896119326, 0.0143114291131, 0.0201789438725, 0.0312224496156, 0.0376597009599, 0.00679410621524, 0.00715718278661, 0.0381560027599, 0.0206493586302, 0.00646824156865, 0.00468799984083, 0.00642328942195, 0.00228156545199, 0.00215655961074, 0.00143545074388, 0.00143743224908, 0.000738916161936, 0.00065905431984, 0.00088869855972, 0.0015644854866, 0.00167538423557, 0.00320113496855, 0.00203092815354, 0.00153355312068, 0.00117416272406, 0.000456464535091, 0.000163532240549, 3.96675604861e-05, 2.57070882981e-06, 6.62059676415e-07, 8.76149144347e-08, 2.38271496755e-07, 5.12741394232e-07],
        "var": [0.288157463074, 25.137752533, 98.5606536865, 175.787078857, 600.815917969, 348.722686768, 144.987869263, 346.125335693, 2419.28662109, 2061.66552734, 437.327484131, 4304.94482422, 4971.45654297, 4239.25585938, 4161.85693359, 11745.7314453, 1334.68139648, 1285.12207031, 14306.0078125, 1585.44567871, 11769.1474609, 1033.70422363, 414.702575684, 357.698181152, 198.03024292, 272.532592773, 145.751800537, 396.310913086, 532.480407715, 537.84979248, 613.901794434, 182.070785522, 104.195770264, 101.835456848, 3.54441094398, 0.00231462204829, 1.3968426174e-05, 7.71712791447e-07, 3.18112363118e-08, 2.92959745352e-09]
    },
    "gfcc": {
        "mean": [-15.99132061, 101.631187439, -128.263137817, 49.4647064209, -76.2989425659, 40.7690811157, -44.6399040222, 5.01765441895, -10.4298667908, -8.90348243713, -6.986140728, -14.7030096054, 7.27567958832],
        "cov": [[6616.50634766, -1538.52893066, -798.320617676, -174.214981079, -306.574523926, 104.521263123, -147.999313354, 324.96005249, -144.593338013, 204.21786499, -14.4324331284, 156.5362854, -244.618377686], [-1538.52893066, 814.386291504, 82.4904022217, -28.7416248322, 296.466156006, -13.3320569992, 144.930175781, -59.4859771729, 130.437469482, -74.1632156372, 61.6313056946, -65.6331329346, 102.880867004], [-798.320617676, 82.4904022217, 843.553283691, 258.186462402, -91.8473510742, 31.928314209, 44.5626144409, -38.0157318115, -16.8787193298, 51.7283592224, -3.78771924973, -10.412446022, -32.0522766113], [-174.214981079, -28.7416248322, 258.186462402, 321.254547119, 95.4253387451, -15.8066997528, 39.2097434998, 2.00440597534, 44.5970840454, 14.1071205139, 11.4742631912, 12.3634300232, 7.69734525681], [-306.574523926, 296.466156006, -91.8473510742, 95.4253387451, 415.895874023, 90.1091156006, 83.2686462402, 26.3853816986, 143.622573853, -20.2611637115, 8.85178756714, -22.7693195343, 62.5395202637], [104.521263123, -13.3320569992, 31.928314209, -15.8066997528, 90.1091156006, 221.677093506, 52.6359939575, 2.04110717773, 41.7847213745, 24.9773254395, -16.3650379181, -12.6880197525, 19.0099372864], [-147.999313354, 144.930175781, 44.5626144409, 39.2097434998, 83.2686462402, 52.6359939575, 139.936279297, 14.3080005646, 38.7119102478, -15.1483564377, 33.5944328308, -17.4492874146, 30.6102371216], [324.96005249, -59.4859771729, -38.0157318115, 2.00440597534, 26.3853816986, 2.04110717773, 14.3080005646, 136.210784912, 30.4509868622, 33.482006073, 11.8850040436, 17.9676513672, 16.0768318176], [-144.593338013, 130.437469482, -16.8787193298, 44.5970840454, 143.622573853, 41.7847213745, 38.7119102478, 30.4509868622, 128.445251465, 17.7850723267, 9.09102535248, -9.54425621033, 40.8052444458], [204.21786499, -74.1632156372, 51.7283592224, 14.1071205139, -20.2611637115, 24.9773254395, -15.1483564377, 33.482006073, 17.7850723267, 79.9649276733, 16.429107666, 13.8990688324, -0.782881915569], [-14.4324331284, 61.6313056946, -3.78771924973, 11.4742631912, 8.85178756714, -16.3650379181, 33.5944328308, 11.8850040436, 9.09102535248, 16.429107666, 76.1371612549, 18.0371170044, 19.9714984894], [156.5362854, -65.6331329346, -10.412446022, 12.3634300232, -22.7693195343, -12.6880197525, -17.4492874146, 17.9676513672, -9.54425621033, 13.8990688324, 18.0371170044, 51.6479072571, 12.1608819962], [-244.618377686, 102.880867004, -32.0522766113, 7.69734525681, 62.5395202637, 19.0099372864, 30.6102371216, 16.0768318176, 40.8052444458, -0.782881915569, 19.9714984894, 12.1608819962, 76.3760986328]],
        "icov": [[0.000444947654614, 0.000758815498557, 0.000329257774865, 0.000228586941375, -0.000243190326728, -4.69755250379e-05, -0.000592057651374, -0.000437754293671, -0.000110474851681, -0.00045637472067, -0.000273475714494, -0.000644174113404, 0.00128675822634], [0.000758815498557, 0.00737336743623, -0.0023982715793, 0.005463313777, -0.00498895719647, 0.00397414248437, -0.00315802544355, 0.00228018057533, -0.00301128509454, 0.00242813536897, -0.00446637347341, 0.00322564388625, -0.00288915028796], [0.000329257774865, -0.0023982715793, 0.00376241304912, -0.00422438932583, 0.00304176681675, -0.00248427456245, -0.000233276397921, -0.00119983626064, 0.00155537272803, -0.00322079122998, 0.0021914835088, -0.00166331662331, 0.00359125505202], [0.000228586941375, 0.005463313777, -0.00422438932583, 0.0100487936288, -0.00593055645004, 0.00516389636323, -0.00327691715211, 0.0027588470839, -0.00325911468826, 0.00177607184742, -0.00258868350647, 3.43704123225e-05, -0.00267833005637], [-0.000243190326728, -0.00498895719647, 0.00304176681675, -0.00593055645004, 0.00899504311383, -0.00480063585564, 0.00173264462501, -0.00243337173015, -0.00221827114001, 0.000425017002271, 0.00246719596907, -0.00125748768914, 0.0022073823493], [-4.69755250379e-05, 0.00397414248437, -0.00248427456245, 0.00516389636323, -0.00480063585564, 0.00980154797435, -0.00515263620764, 0.0035275653936, -0.00168243818916, -0.0025079199113, 0.00171293795574, 0.00150249840226, -0.00406682211906], [-0.000592057651374, -0.00315802544355, -0.000233276397921, -0.00327691715211, 0.00173264462501, -0.00515263620764, 0.0154175814241, -0.00329487444833, 0.000327589281369, 0.0059572015889, -0.00675099808723, 0.00572655303404, -0.0022922011558], [-0.000437754293671, 0.00228018057533, -0.00119983626064, 0.0027588470839, -0.00243337173015, 0.0035275653936, -0.00329487444833, 0.0116472197697, -0.00254571833648, -0.00310971192084, 0.000498160894495, -0.000932512688451, -0.00392528716475], [-0.000110474851681, -0.00301128509454, 0.00155537272803, -0.00325911468826, -0.00221827114001, -0.00168243818916, 0.000327589281369, -0.00254571833648, 0.0174532774836, -0.00669111358002, 0.00284690177068, 0.00197534658946, -0.00312887248583], [-0.00045637472067, 0.00242813536897, -0.00322079122998, 0.00177607184742, 0.000425017002271, -0.0025079199113, 0.0059572015889, -0.00310971192084, -0.00669111358002, 0.0241048242897, -0.00966724194586, 0.00211469037458, -0.00170677062124], [-0.000273475714494, -0.00446637347341, 0.0021914835088, -0.00258868350647, 0.00246719596907, 0.00171293795574, -0.00675099808723, 0.000498160894495, 0.00284690177068, -0.00966724194586, 0.0242915377021, -0.0101135317236, 0.000113518981379], [-0.000644174113404, 0.00322564388625, -0.00166331662331, 3.43704123225e-05, -0.00125748768914, 0.00150249840226, 0.00572655303404, -0.000932512688451, 0.00197534658946, 0.00211469037458, -0.0101135317236, 0.0333566442132, -0.0122530907393], [0.00128675822634, -0.00288915028796, 0.00359125505202, -0.00267833005637, 0.0022073823493, -0.00406682211906, -0.0022922011558, -0.00392528716475, -0.00312887248583, -0.00170677062124, 0.000113518981379, -0.0122530907393, 0.0274082962424]]
    },
    "melbands": {
        "dmean": [0.00239505199715, 0.00270675984211, 0.00116327230353, 0.000587369024288, 0.000264031230472, 0.0002303734218, 0.000349312147591, 0.000209838617593, 0.000122814555652, 0.000199234724278, 0.000132983317599, 0.000114368718641, 7.01513854438e-05, 9.40134341363e-05, 5.90945746808e-05, 3.87079526263e-05, 3.73222683265e-05, 8.33354934002e-05, 2.90434090857e-05, 3.19676109939e-05, 3.18891761708e-05, 1.39495878102e-05, 1.20723170767e-05, 9.41326288739e-06, 7.56740882935e-06, 5.02430248162e-06, 6.98947678757e-06, 6.29825808574e-06, 4.1144280658e-06, 5.83549262956e-06, 7.60335842642e-06, 7.78516277933e-06, 9.94921811071e-06, 7.50604067434e-06, 9.09682967176e-06, 7.65668755776e-06, 4.28923385698e-06, 4.0063519009e-06, 5.08512539454e-06, 5.28583541382e-06],
        "dmean2": [0.00409157434478, 0.00473633641377, 0.00210385164246, 0.00108344678301, 0.000447792495834, 0.000395302195102, 0.000617445097305, 0.000369310640963, 0.000200208436581, 0.000319837825373, 0.000223986775381, 0.000188740814338, 0.000110350651084, 0.00014622353774, 9.67349114944e-05, 6.7024200689e-05, 6.28320412943e-05, 0.0001119410299, 4.60698065581e-05, 4.78882793686e-05, 5.04383133375e-05, 2.33105492953e-05, 2.09607023862e-05, 1.6281112039e-05, 1.31119868456e-05, 8.72928376339e-06, 1.2214481103e-05, 1.10840337584e-05, 6.87605643179e-06, 9.89232285065e-06, 1.31570250232e-05, 1.33593621285e-05, 1.69490886037e-05, 1.26404593175e-05, 1.52208949658e-05, 1.26310378619e-05, 7.05576894688e-06, 6.58707767798e-06, 8.56195219967e-06, 9.00516988622e-06],
        "dvar": [2.87412094622e-05, 4.82028881379e-05, 1.17724739539e-05, 4.64200047645e-06, 2.58051073843e-07, 2.08165857885e-07, 8.71841166372e-07, 3.17033993724e-07, 3.02964124899e-08, 1.32856996515e-07, 7.964271731e-08, 8.25224759637e-08, 1.44450940098e-08, 7.40833456803e-08, 1.97243945621e-08, 3.57651175342e-09, 3.18449866477e-09, 2.28194405594e-08, 2.70153055482e-09, 2.52312104543e-09, 7.65634311506e-09, 6.85607459694e-10, 5.17656417731e-10, 3.51223800044e-10, 2.8569097088e-10, 9.73576982921e-11, 2.33510044634e-10, 1.66153882319e-10, 4.33481618656e-11, 8.86230186459e-11, 1.85985726819e-10, 1.80271825245e-10, 3.36627614672e-10, 1.51668996806e-10, 2.42541986495e-10, 1.68920627486e-10, 5.06207784023e-11, 5.45244370487e-11, 9.03082816861e-11, 1.06350352136e-10],
        "dvar2": [7.44100252632e-05, 0.000132418397698, 3.36584998877e-05, 1.3496865904e-05, 7.25338338725e-07, 5.72032945456e-07, 2.54763222074e-06, 9.20544209748e-07, 7.31097600237e-08, 3.1717507909e-07, 2.14293081058e-07, 2.41768645992e-07, 3.13647667838e-08, 1.7993910717e-07, 4.49843646777e-08, 9.63358903761e-09, 7.84948195331e-09, 3.89827938818e-08, 6.44393205462e-09, 5.08417974387e-09, 1.86891853104e-08, 1.65572910937e-09, 1.46394285583e-09, 9.71049018972e-10, 8.23174195475e-10, 2.70024919091e-10, 6.56919851849e-10, 4.72999694967e-10, 1.12169662447e-10, 2.30286373304e-10, 4.93272089841e-10, 4.72213435021e-10, 8.85456319377e-10, 3.91546184364e-10, 5.84169213003e-10, 4.14763084988e-10, 1.25940535778e-10, 1.32981764489e-10, 2.32422012192e-10, 2.83252588051e-10],
        "max": [0.037071313709, 0.0460101366043, 0.0305634662509, 0.0164962187409, 0.00380670418963, 0.00344125181437, 0.00732039380819, 0.00513757532462, 0.0017154494999, 0.00353397545405, 0.00391409127042, 0.00453963410109, 0.0016060823109, 0.00444864388555, 0.00278598512523, 0.000604837608989, 0.00049224687973, 0.00159161910415, 0.000841185275931, 0.000644504732918, 0.00244846078567, 0.000505087082274, 0.000303045293549, 0.000199921807507, 0.000271494674962, 8.11042700661e-05, 0.000122158176964, 0.0001230253838, 8.23388982099e-05, 6.26476030448e-05, 9.24511186895e-05, 7.74902146077e-05, 0.000159191273269, 7.74984218879e-05, 9.27403598325e-05, 7.41585317883e-05, 4.89297635795e-05, 5.23174858245e-05, 6.08709160588e-05, 8.30386561574e-05],
        "mean": [0.00222164997831, 0.00219723023474, 0.00103183707688, 0.000449156126706, 0.000268860603683, 0.00024730086443, 0.000317542289849, 0.000165619567269, 0.000118183976156, 0.000221445050556, 0.00016541792138, 0.000122619851027, 9.76048686425e-05, 0.000138376941322, 5.91679927311e-05, 3.78719159926e-05, 4.41677839262e-05, 0.000118107178423, 4.19096177211e-05, 4.63828218926e-05, 4.96532011312e-05, 1.79905655386e-05, 1.385057476e-05, 9.18209752854e-06, 7.61044429964e-06, 4.96780648973e-06, 6.01599776928e-06, 5.65013078813e-06, 4.73297632198e-06, 5.49557989871e-06, 6.11904897596e-06, 6.27536337561e-06, 7.81893049862e-06, 6.37225048195e-06, 7.92361788626e-06, 6.47434990242e-06, 3.75693230126e-06, 3.49594074578e-06, 3.93727759729e-06, 3.94177504859e-06],
        "median": [0.000360806589015, 0.000534937134944, 0.000448352308013, 0.000134127243655, 0.000118332667626, 9.95454392978e-05, 0.00010017841123, 5.13772829436e-05, 4.5068183681e-05, 6.35744072497e-05, 4.61455965706e-05, 4.04787024308e-05, 3.96413670387e-05, 3.85921448469e-05, 1.76654211828e-05, 1.67880534718e-05, 1.6739788407e-05, 2.33490882238e-05, 1.51313015522e-05, 1.2854252418e-05, 1.2374288417e-05, 7.18783758202e-06, 5.00084252053e-06, 3.0661335586e-06, 2.08999654205e-06, 1.52693360178e-06, 1.81250356945e-06, 1.64771449818e-06, 1.7474485503e-06, 1.77379547495e-06, 1.32917875817e-06, 1.24549956126e-06, 1.38163568408e-06, 1.50384516928e-06, 1.47680816553e-06, 1.16507942494e-06, 8.42152644509e-07, 8.02609235961e-07, 7.65124241298e-07, 6.20907485427e-07],
        "min": [8.3635586634e-07, 2.99607086163e-06, 4.66330948257e-06, 2.93762286674e-06, 1.18324840059e-06, 2.61462758999e-07, 2.37372887568e-07, 2.33048439213e-07, 1.79570747605e-07, 1.83179366786e-07, 2.34055583803e-08, 2.10932729061e-08, 1.01690865506e-07, 9.77584022621e-08, 2.61936925483e-08, 4.15013579058e-09, 9.19975917668e-09, 1.25769057391e-08, 2.86904633384e-09, 3.27030802438e-09, 2.20614237989e-09, 1.39820333089e-09, 1.52661683295e-09, 8.31601898454e-10, 1.00178858264e-10, 4.75875838735e-10, 2.42169027886e-11, 7.85875045595e-11, 1.0426989272e-09, 7.91135656986e-10, 9.46718037298e-10, 9.4486181032e-12, 3.44953121623e-10, 8.24054380288e-10, 3.26342786128e-10, 1.09360287492e-09, 5.52421497435e-10, 8.05672056847e-11, 1.50208318006e-10, 1.21772203432e-10],
        "var": [2.66345250566e-05, 3.2930085581e-05, 6.90879915055e-06, 2.61428408521e-06, 1.96353681758e-07, 1.79564281666e-07, 5.55736903607e-07, 1.87577796851e-07, 3.09749061955e-08, 2.00907578574e-07, 1.26061479477e-07, 7.77652928718e-08, 2.76237930308e-08, 1.48735097127e-07, 2.48222207233e-08, 3.55976847999e-09, 4.24214263717e-09, 5.24707139959e-08, 5.01098451622e-09, 5.75953684745e-09, 1.86116348999e-08, 1.17055265481e-09, 6.75495215319e-10, 2.98149560596e-10, 2.76844241975e-10, 8.08374756023e-11, 1.56418933361e-10, 1.1575854858e-10, 5.63156778155e-11, 7.79958042596e-11, 1.40514655467e-10, 1.4433088058e-10, 2.66605987287e-10, 1.35091007825e-10, 2.22568352637e-10, 1.51668691495e-10, 4.59439118694e-11, 4.87456013054e-11, 7.1541585156e-11, 7.79051545496e-11]
    },
    "mfcc": {
        "mean": [-641.526123047, 105.231796265, 16.7076911926, 5.14602565765, 9.90381622314, 14.3146047592, -4.43408823013, 4.6719865799, 6.96639966965, 2.33266663551, -4.64892292023, -1.02946603298, 1.84425199032],
        "cov": [[7222.33056641, -1494.45507812, -817.603820801, -427.523620605, -237.123046875, -289.707855225, -19.3610515594, 44.9027099609, -155.285049438, 105.754699707, 198.529144287, -28.3020343781, 6.50952339172], [-1494.45507812, 799.344421387, -84.3839111328, 31.8586921692, 128.097503662, 68.0659408569, 49.2293701172, 37.1801338196, 86.9127349854, 38.1446876526, -33.409576416, 26.9889888763, 28.033996582], [-817.603820801, -84.3839111328, 850.088562012, 159.099578857, -72.838508606, 78.8928222656, 33.2546081543, -57.6079216003, -45.1456184387, -29.027677536, 45.7788505554, 28.433467865, -42.224029541], [-427.523620605, 31.8586921692, 159.099578857, 373.478118896, 83.9309082031, 7.76635837555, 14.395907402, 33.6935424805, 7.17699193954, 14.6906003952, 8.22340011597, 7.77967023849, 15.3166942596], [-237.123046875, 128.097503662, -72.838508606, 83.9309082031, 229.189910889, 102.278114319, 12.3760023117, 58.4648895264, 89.6900024414, 56.0499763489, 22.818939209, -9.95670127869, 26.3647994995], [-289.707855225, 68.0659408569, 78.8928222656, 7.76635837555, 102.278114319, 223.619171143, 33.9678955078, 34.3061752319, 57.6467857361, 31.8257598877, 18.2325534821, -7.12569999695, -6.20912742615], [-19.3610515594, 49.2293701172, 33.2546081543, 14.395907402, 12.3760023117, 33.9678955078, 114.628730774, 33.7141342163, 6.39090299606, 25.4980278015, 10.607717514, 23.1754837036, -12.4895143509], [44.9027099609, 37.1801338196, -57.6079216003, 33.6935424805, 58.4648895264, 34.3061752319, 33.7141342163, 89.2170562744, 46.6618499756, 32.0928993225, 4.39136886597, 4.17925786972, -0.637982308865], [-155.285049438, 86.9127349854, -45.1456184387, 7.17699193954, 89.6900024414, 57.6467857361, 6.39090299606, 46.6618499756, 113.825233459, 52.3746261597, 11.5522422791, -6.44100809097, 11.4343328476], [105.754699707, 38.1446876526, -29.027677536, 14.6906003952, 56.0499763489, 31.8257598877, 25.4980278015, 32.0928993225, 52.3746261597, 94.8224182129, 23.7723464966, 12.8374662399, 5.24436187744], [198.529144287, -33.409576416, 45.7788505554, 8.22340011597, 22.818939209, 18.2325534821, 10.607717514, 4.39136886597, 11.5522422791, 23.7723464966, 78.7386550903, 3.90858483315, 5.19599246979], [-28.3020343781, 26.9889888763, 28.433467865, 7.77967023849, -9.95670127869, -7.12569999695, 23.1754837036, 4.17925786972, -6.44100809097, 12.8374662399, 3.90858483315, 54.8272171021, -0.317514657974], [6.50952339172, 28.033996582, -42.224029541, 15.3166942596, 26.3647994995, -6.20912742615, -12.4895143509, -0.637982308865, 11.4343328476, 5.24436187744, 5.19599246979, -0.317514657974, 55.5363883972]],
