{
"lowlevel": {
    "average_loudness": 0.953005135059,
    "barkbands_crest": {
        "dmean": 2.65203595161,
        "dmean2": 4.22059249878,
        "dvar": 6.07858276367,
        "dvar2": 14.3884267807,
        "max": 24.2120056152,
        "mean": 10.8271989822,
        "median": 10.0358257294,
        "min": 2.40441918373,
        "var": 20.0150642395
    },
    "barkbands_flatness_db": {
        "dmean": 0.0227147880942,
        "dmean2": 0.0327671431005,
        "dvar": 0.000482284027385,
        "dvar2": 0.000961438345257,
        "max": 0.303542226553,
        "mean": 0.130677506328,
        "median": 0.123441830277,
        "min": 0.0316764861345,
        "var": 0.00275569898076
    },
    "barkbands_kurtosis": {
        "dmean": 2.74510574341,
        "dmean2": 4.24460935593,
        "dvar": 39.0330352783,
        "dvar2": 75.7160263062,
        "max": 121.027992249,
        "mean": 3.05291581154,
        "median": 0.885818243027,
        "min": -1.9296849966,
        "var": 74.9670257568
    },
    "barkbands_skewness": {
        "dmean": 0.575032114983,
        "dmean2": 0.861223340034,
        "dvar": 0.422663301229,
        "dvar2": 0.882362902164,
        "max": 9.89851570129,
        "mean": 1.26779568195,
        "median": 1.07343435287,
        "min": -1.48781776428,
        "var": 1.50030791759
    },
    "barkbands_spread": {
        "dmean": 8.50486278534,
        "dmean2": 12.3580722809,
        "dvar": 99.6229629517,
        "dvar2": 201.273208618,
        "max": 101.629402161,
        "mean": 29.5225982666,
        "median": 25.1905097961,
        "min": 1.87743592262,
        "var": 302.426971436
    },
    "dissonance": {
        "dmean": 0.0265357345343,
        "dmean2": 0.04353736341,
        "dvar": 0.000749691622332,
        "dvar2": 0.00192749837879,
        "max": 0.499745905399,
        "mean": 0.448924571276,
        "median": 0.459843337536,
        "min": 0.221052795649,
        "var": 0.0017301896587
    },
    "dynamic_complexity": 3.36243319511,
    "erbbands_crest": {
        "dmean": 3.00867438316,
        "dmean2": 4.74121665955,
        "dvar": 7.40692281723,
        "dvar2": 18.5404567719,
        "max": 32.3843612671,
        "mean": 10.180182457,
        "median": 8.75282478333,
        "min": 2.52534723282,
        "var": 29.6935119629
    },
    "erbbands_flatness_db": {
        "dmean": 0.0207071360201,
        "dmean2": 0.028117293492,
        "dvar": 0.000400285061914,
        "dvar2": 0.000614797463641,
        "max": 0.338868349791,
        "mean": 0.150414660573,
        "median": 0.144660755992,
        "min": 0.0620833411813,
        "var": 0.00232894113287
    },
    "erbbands_kurtosis": {
        "dmean": 1.36991786957,
        "dmean2": 1.97862875462,
        "dvar": 4.7956404686,
        "dvar2": 9.30829620361,
        "max": 50.9141845703,
        "mean": 1.75274860859,
        "median": 0.0964515209198,
        "min": -1.69048118591,
        "var": 25.3581542969
    },
    "erbbands_skewness": {
        "dmean": 0.471415549517,
        "dmean2": 0.714681863785,
        "dvar": 0.240191429853,
        "dvar2": 0.524245321751,
        "max": 4.73593235016,
        "mean": 0.426762580872,
        "median": 0.422543913126,
        "min": -4.4581823349,
        "var": 0.901527762413
    },
    "erbbands_spread": {
        "dmean": 11.5516910553,
        "dmean2": 16.8001098633,
        "dvar": 190.45300293,
        "dvar2": 398.677581787,
        "max": 172.870956421,
        "mean": 42.6474685669,
        "median": 38.535369873,
        "min": 2.0168800354,
        "var": 631.463745117
    },
    "hfc": {
        "dmean": 11.6924180984,
        "dmean2": 16.1438369751,
        "dvar": 327.462799072,
        "dvar2": 727.398742676,
        "max": 242.176025391,
        "mean": 34.14245224,
        "median": 28.7734413147,
        "min": 1.33442381411e-05,
        "var": 863.188232422
    },
    "melbands_crest": {
        "dmean": 3.04981398582,
        "dmean2": 4.89958715439,
        "dvar": 7.89583110809,
        "dvar2": 20.5801048279,
        "max": 27.9380683899,
        "mean": 14.283821106,
        "median": 13.9740276337,
        "min": 3.23773479462,
        "var": 22.5507469177
    },
    "melbands_flatness_db": {
        "dmean": 0.027089478448,
        "dmean2": 0.0395993255079,
        "dvar": 0.000710332300514,
        "dvar2": 0.00150619447231,
        "max": 0.40823289752,
        "mean": 0.18526275456,
        "median": 0.179332122207,
        "min": 0.0341374911368,
        "var": 0.00423143059015
    },
    "melbands_kurtosis": {
        "dmean": 9.63814544678,
        "dmean2": 14.5880899429,
        "dvar": 488.012298584,
        "dvar2": 1019.61340332,
        "max": 345.624908447,
        "mean": 15.3565807343,
        "median": 5.89179134369,
        "min": -1.75657451153,
        "var": 1053.39099121
    },
    "melbands_skewness": {
        "dmean": 0.890118598938,
        "dmean2": 1.30974006653,
        "dvar": 1.29661083221,
        "dvar2": 2.66215610504,
        "max": 14.7987918854,
        "mean": 2.60302448273,
        "median": 2.09642577171,
        "min": -1.25388062,
        "var": 5.13969421387
    },
    "melbands_spread": {
        "dmean": 8.97406864166,
        "dmean2": 14.0570430756,
        "dvar": 154.396072388,
        "dvar2": 357.977600098,
        "max": 162.576126099,
        "mean": 27.7159461975,
        "median": 24.8024501801,
        "min": 1.00614845753,
        "var": 344.77532959
    },
    "pitch_salience": {
        "dmean": 0.0710145831108,
        "dmean2": 0.113063432276,
        "dvar": 0.00451852055266,
        "dvar2": 0.0102072507143,
        "max": 0.833050012589,
        "mean": 0.509779155254,
        "median": 0.508462190628,
        "min": 0.13201084733,
        "var": 0.0165046025068
    },
    "silence_rate_20dB": {
        "dmean": 0,
        "dmean2": 0,
        "dvar": 0,
        "dvar2": 0,
        "max": 1,
        "mean": 1,
        "median": 1,
        "min": 1,
        "var": 0
    },
    "silence_rate_30dB": {
        "dmean": 0,
        "dmean2": 0,
        "dvar": 0,
        "dvar2": 0,
        "max": 1,
        "mean": 1,
        "median": 1,
        "min": 1,
        "var": 0
    },
    "silence_rate_60dB": {
        "dmean": 0.0123839005828,
        "dmean2": 0.0247869864106,
        "dvar": 0.0122307129204,
        "dvar2": 0.0303691308945,
        "max": 1,
        "mean": 0.0618716180325,
        "median": 0,
        "min": 0,
        "var": 0.0580452308059
    },
    "spectral_centroid": {
        "dmean": 323.093963623,
        "dmean2": 508.30581665,
        "dvar": 158697.515625,
        "dvar2": 365104.09375,
        "max": 4465.64257812,
        "mean": 1475.53833008,
        "median": 1330.60339355,
        "min": 247.042297363,
        "var": 419615.03125
    },
    "spectral_complexity": {
        "dmean": 3.64860677719,
        "dmean2": 5.73973655701,
        "dvar": 20.3951282501,
        "dvar2": 43.9013710022,
        "max": 50,
        "mean": 17.6929626465,
        "median": 18,
        "min": 0,
        "var": 93.0648117065
    },
    "spectral_decrease": {
        "dmean": 2.32104735431e-09,
        "dmean2": 3.45996298279e-09,
        "dvar": 6.62732888156e-18,
        "dvar2": 1.42672194771e-17,
        "max": -2.98129593522e-15,
        "mean": -8.99261376475e-09,
        "median": -8.74720651467e-09,
        "min": -2.84457755129e-08,
        "var": 3.51506199227e-17
    },
    "spectral_energy": {
        "dmean": 0.00914295949042,
        "dmean2": 0.0134354298934,
        "dvar": 9.81518387562e-05,
        "dvar2": 0.00021087451023,
        "max": 0.110912136734,
        "mean": 0.0370370037854,
        "median": 0.0365156978369,
        "min": 1.2462485266e-08,
        "var": 0.000564984802622
    },
    "spectral_energyband_high": {
        "dmean": 0.00119955535047,
        "dmean2": 0.00165998609737,
        "dvar": 5.15777492183e-06,
        "dvar2": 1.16446735774e-05,
        "max": 0.0288494769484,
        "mean": 0.0020757811144,
        "median": 0.000955165771302,
        "min": 5.12954179133e-10,
        "var": 9.24012783798e-06
    },
    "spectral_energyband_low": {
        "dmean": 0.0063272472471,
        "dmean2": 0.00965312868357,
        "dvar": 7.04605699866e-05,
        "dvar2": 0.000167140155099,
        "max": 0.0713774561882,
        "mean": 0.0154219716787,
        "median": 0.0120189255103,
        "min": 2.7198665542e-10,
        "var": 0.000213542516576
    },
    "spectral_energyband_middle_high": {
        "dmean": 0.00266251363792,
        "dmean2": 0.00391657510772,
        "dvar": 1.68894202943e-05,
        "dvar2": 3.48024368577e-05,
        "max": 0.0538226515055,
        "mean": 0.00809959229082,
        "median": 0.00529079604894,
        "min": 3.50462525667e-09,
        "var": 8.60245490912e-05
    },
    "spectral_energyband_middle_low": {
        "dmean": 0.00505835004151,
        "dmean2": 0.00782520882785,
        "dvar": 3.90736604459e-05,
        "dvar2": 9.29160232772e-05,
        "max": 0.0581139065325,
        "mean": 0.0123841948807,
        "median": 0.0105740763247,
        "min": 5.67781421879e-09,
        "var": 0.000110125896754
    },
    "spectral_entropy": {
        "dmean": 0.188835993409,
        "dmean2": 0.260192275047,
        "dvar": 0.0347734689713,
        "dvar2": 0.0626264065504,
        "max": 8.63457489014,
        "mean": 7.78635025024,
        "median": 7.79488515854,
        "min": 6.12671136856,
        "var": 0.181339785457
    },
    "spectral_flux": {
        "dmean": 0.0283060260117,
        "dmean2": 0.0440613478422,
        "dvar": 0.000780512404162,
        "dvar2": 0.00178368808702,
        "max": 0.277954250574,
        "mean": 0.0982262715697,
        "median": 0.0955425649881,
        "min": 0.000111635505164,
        "var": 0.00250174524263
    },
    "spectral_kurtosis": {
        "dmean": 0.971377134323,
        "dmean2": 1.46600604057,
        "dvar": 0.822265148163,
        "dvar2": 1.88246393204,
        "max": 11.1984539032,
        "mean": 2.39474964142,
        "median": 2.17979049683,
        "min": -0.625005483627,
        "var": 3.05104970932
    },
    "spectral_rms": {
        "dmean": 0.000750047387555,
        "dmean2": 0.00107711961027,
        "dvar": 5.94609161908e-07,
        "dvar2": 1.21895004668e-06,
        "max": 0.0104022575542,
        "mean": 0.00557339843363,
        "median": 0.00596867408603,
        "min": 3.48690718965e-06,
        "var": 5.07086951984e-06
    },
    "spectral_rolloff": {
        "dmean": 828.212463379,
        "dmean2": 1382.9630127,
        "dvar": 1899283.375,
        "dvar2": 3905020,
        "max": 11154.1992188,
        "mean": 1947.36694336,
        "median": 1270.45898438,
        "min": 86.1328125,
        "var": 3628961.75
    },
    "spectral_skewness": {
        "dmean": 0.200210660696,
        "dmean2": 0.29892373085,
        "dvar": 0.0346013791859,
        "dvar2": 0.070837713778,
        "max": 2.7132396698,
        "mean": 1.31464016438,
        "median": 1.31482112408,
        "min": -0.0576259680092,
        "var": 0.171963855624
    },
    "spectral_spread": {
        "dmean": 895856.125,
        "dmean2": 1211002,
        "dvar": 840389754880,
        "dvar2": 1.38551125606e+12,
        "max": 12275204,
        "mean": 5969292,
        "median": 5485416,
        "min": 2958599.5,
        "var": 3.35199390925e+12
    },
    "spectral_strongpeak": {
        "dmean": 0.59640288353,
        "dmean2": 1.03346896172,
        "dvar": 1.23743891716,
        "dvar2": 2.98707461357,
        "max": 10.1572465897,
        "mean": 1.18279218674,
        "median": 0.505568087101,
        "min": 0.000658152799588,
        "var": 2.76672172546
    },
    "zerocrossingrate": {
        "dmean": 0.0164182689041,
        "dmean2": 0.0172747932374,
        "dvar": 0.000287892704364,
        "dvar2": 0.000332006631652,
        "max": 0.30126953125,
        "mean": 0.0751805827022,
        "median": 0.06298828125,
        "min": 0.00732421875,
        "var": 0.00188562134281
    },
    "barkbands": {
        "dmean": [7.39121678635e-05, 0.00480380607769, 0.00201542116702, 0.00162601540796, 0.000631947652437, 0.00155636784621, 0.00101102446206, 0.00139738025609, 0.00183684052899, 0.000474615051644, 0.000942476210184, 0.00100338901393, 0.000648559711408, 0.000404516293202, 0.000389185122913, 0.000322461826727, 0.000293161952868, 0.00014482520055, 9.79258329608e-05, 9.68641106738e-05, 0.000191595725482, 0.000304048793623, 0.000338418467436, 0.000179678056156, 0.000221943977522, 9.47186345002e-05, 1.57989040872e-06],
        "dmean2": [0.000124818980112, 0.00699193915352, 0.00361110433005, 0.00292547326535, 0.0010336068226, 0.00244564376771, 0.00161542918067, 0.00223726197146, 0.00272902194411, 0.000697457580827, 0.00128792563919, 0.00151368358638, 0.00104513962287, 0.000629614572972, 0.000594876415562, 0.000526371470187, 0.000457928807009, 0.000243797796429, 0.000165135526913, 0.000154647714226, 0.000305388355628, 0.000474410044262, 0.00051435676869, 0.000243692440563, 0.000306258531054, 0.000141618205816, 2.70542068392e-06],
        "dvar": [1.63112847673e-08, 4.99487214256e-05, 9.04027183424e-06, 1.17565205073e-05, 7.35377682304e-07, 5.78359640713e-06, 3.50543177774e-06, 1.04110522443e-05, 1.15046304927e-05, 1.34867514134e-06, 5.78299295739e-06, 8.26535506349e-06, 3.31898104378e-06, 1.21768403005e-06, 5.72846943214e-07, 4.88601529014e-07, 2.5283981131e-07, 9.2559851339e-08, 4.45439809482e-08, 3.92382837333e-08, 1.17225546603e-07, 3.54328392405e-07, 6.94889706665e-07, 7.74819284288e-08, 2.01148054657e-07, 5.38410880324e-08, 2.21045057258e-11],
        "dvar2": [4.22171986258e-08, 0.000109569024062, 2.66815040959e-05, 3.22721498378e-05, 1.72780698904e-06, 1.36623984872e-05, 9.18226578506e-06, 2.53287962551e-05, 2.19382782234e-05, 1.92528136722e-06, 8.13259703136e-06, 1.67000998772e-05, 7.35910180083e-06, 2.51802271123e-06, 1.2256023183e-06, 1.28443571157e-06, 5.80530695515e-07, 2.58875473946e-07, 1.18861912313e-07, 9.90512134535e-08, 2.93411517305e-07, 8.83753500602e-07, 1.65532651408e-06, 1.46505982457e-07, 4.15156108602e-07, 1.28047091152e-07, 5.98901137017e-11],
        "max": [0.00127387663815, 0.0653439760208, 0.0226151011884, 0.029753267765, 0.00891483016312, 0.0309061259031, 0.0208951607347, 0.0468241907656, 0.0509308241308, 0.0355419144034, 0.0433957502246, 0.0396879054606, 0.0270894449204, 0.0209133177996, 0.0106281153858, 0.00801336113364, 0.00598161527887, 0.00281604263, 0.00233383872546, 0.00356854079291, 0.0045421095565, 0.00613626930863, 0.00979397352785, 0.00263475184329, 0.00547653576359, 0.00287767057307, 3.9046688471e-05],
        "mean": [7.98388500698e-05, 0.0118408985436, 0.00271006068215, 0.0014275405556, 0.000965833838563, 0.00267788232304, 0.00149220053572, 0.0019045912195, 0.00364069826901, 0.000874886929523, 0.00230963760987, 0.00124341691844, 0.000900295272004, 0.000579640443902, 0.000760282273404, 0.000556676124688, 0.000540482869837, 0.000213471939787, 0.000158138020197, 0.00017077891971, 0.000291751697659, 0.000510066864081, 0.000460643874248, 0.000292227632599, 0.000311233568937, 0.000122477154946, 1.33032767735e-06],
        "median": [3.52923489118e-05, 0.00788193382323, 0.00159270921722, 0.000518396089319, 0.000571977347136, 0.00112321146298, 0.000459084985778, 0.000477216439322, 0.000931488117203, 0.000247514108196, 0.000428003782872, 0.000277676619589, 0.000253688252997, 0.000165222634678, 0.000202655675821, 0.000195913860807, 0.000196860855795, 0.000112704154162, 8.34826787468e-05, 8.9686793217e-05, 0.000131129680085, 0.000239940636675, 0.000119094198453, 0.000102328733192, 6.29556743661e-05, 1.81464711204e-05, 6.00195733114e-08],
        "min": [2.55098928093e-11, 8.20001705426e-11, 1.02980492189e-10, 6.11386774541e-11, 3.76032233129e-10, 2.76931366727e-10, 2.04713065943e-10, 4.03805044957e-10, 3.43508843592e-09, 2.63761568142e-10, 6.63635535414e-10, 1.03731044587e-10, 6.49335446523e-11, 6.53290199715e-11, 6.02093597202e-10, 2.44746611866e-10, 1.09314036989e-10, 8.94434526444e-11, 9.65112226248e-11, 5.10952218036e-11, 8.32695509767e-11, 2.3780352687e-10, 9.05466951417e-11, 3.22404221376e-11, 2.92885299347e-11, 5.21497124997e-12, 3.62568395446e-12],
        "var": [1.6473308051e-08, 0.00015049695503, 1.05650105979e-05, 8.31754550745e-06, 1.4109091353e-06, 1.46216707435e-05, 6.83767939336e-06, 1.50445521285e-05, 3.93571463064e-05, 5.06714150106e-06, 3.52169081452e-05, 1.28439542095e-05, 5.40493692824e-06, 2.17480305764e-06, 1.95962275029e-06, 8.54063785027e-07, 6.53773383874e-07, 1.02013032688e-07, 5.42687104144e-08, 5.8394583391e-08, 1.8119756362e-07, 5.26465441908e-07, 9.04407215785e-07, 1.8042111094e-07, 3.54679173142e-07, 7.34941068004e-08, 1.8202299043e-11]
    },
    "erbbands": {
        "dmean": [0.0733883827925, 1.27903151512, 2.56582641602, 4.05503463745, 2.85851240158, 2.21678829193, 8.65232658386, 13.5064277649, 12.2378969193, 20.8007507324, 31.2986946106, 44.4493865967, 18.960943222, 19.8870925903, 38.7713623047, 33.5881881714, 28.7778205872, 20.7673397064, 19.7310676575, 15.2984437943, 17.7008266449, 16.3579845428, 8.06983852386, 4.76186132431, 5.13811063766, 4.36375188828, 5.14765834808, 10.3167819977, 12.0450334549, 13.6216259003, 6.16422891617, 3.61357593536, 3.15156674385, 2.01816320419, 1.63871991634, 0.776990652084, 0.090691588819, 0.00990106817335, 0.0002592021483, 2.46159434028e-05],
        "dmean2": [0.113991767168, 1.85633695126, 4.29387807846, 7.35689258575, 4.86221122742, 3.72380709648, 13.7053565979, 21.2845306396, 19.7103996277, 33.8468170166, 48.7482719421, 65.328163147, 26.3440895081, 29.63098526, 52.8819694519, 50.8037910461, 45.2981643677, 32.4837265015, 30.3264064789, 23.7695236206, 28.6876811981, 25.6646881104, 12.922244072, 7.85872983932, 8.68473339081, 6.98958921432, 8.42004203796, 16.1154651642, 18.920841217, 20.9712562561, 9.11369609833, 4.9048833847, 4.38656997681, 2.78539824486, 2.2934319973, 1.13235461712, 0.134767115116, 0.0163668356836, 0.000405661558034, 3.49004803866e-05],
        "dvar": [0.0168067850173, 3.39920163155, 12.9127140045, 62.185874939, 31.9582042694, 10.0621471405, 197.398513794, 504.335235596, 496.221466064, 2054.55883789, 5121.30957031, 8198.24023438, 1647.33862305, 2750.75561523, 9061.0703125, 8889.15917969, 6068.05224609, 3145.69873047, 1814.57214355, 763.876159668, 1716.97094727, 847.785705566, 279.376708984, 106.128097534, 111.574653625, 79.190071106, 118.945083618, 384.493743896, 597.469177246, 1056.57250977, 177.546875, 31.950056076, 26.2091293335, 12.5111026764, 14.192481041, 3.45157933235, 0.0437370240688, 0.000804554496426, 4.82197549445e-07, 1.84961723715e-09],
        "dvar2": [0.0391239523888, 7.4140253067, 35.2659988403, 172.292922974, 82.1767349243, 26.7709140778, 476.021636963, 1147.14807129, 1317.97216797, 5286.02294922, 11597.7128906, 15602.5419922, 2531.81030273, 4925.06738281, 14697.2714844, 19432.7597656, 13443.5166016, 6194.82324219, 4001.95263672, 1818.54052734, 4445.97705078, 1988.27368164, 764.054199219, 285.930541992, 300.344909668, 203.029647827, 301.63684082, 970.093261719, 1513.53198242, 2525.34887695, 412.447570801, 60.9783248901, 52.8917732239, 24.7383804321, 30.6434001923, 7.84987735748, 0.10234747082, 0.00211704731919, 1.22222161281e-06, 4.27264179592e-09],
        "max": [1.78586709499, 16.1636791229, 33.8709564209, 60.5628128052, 49.1796836853, 33.1163902283, 223.216461182, 276.359283447, 253.547302246, 531.546447754, 1005.7064209, 1525.7911377, 1124.96264648, 1319.03771973, 2070.1574707, 1461.98376465, 1459.04418945, 1252.22875977, 691.026000977, 337.252716064, 484.093933105, 402.949249268, 163.935501099, 98.7504119873, 131.280227661, 164.788772583, 216.443130493, 185.594741821, 247.997039795, 339.171386719, 158.930267334, 60.979598999, 52.3651351929, 32.8903465271, 51.8842849731, 24.614572525, 1.97357594967, 0.259054005146, 0.00652523944154, 0.000508075696416],
        "mean": [0.148957058787, 3.19010233879, 4.93386316299, 3.7799577713, 3.19007062912, 3.2309384346, 13.7674331665, 23.3701610565, 18.7871227264, 30.2269649506, 51.4516563416, 90.8319473267, 37.8394851685, 35.4774742126, 106.892654419, 49.8178749084, 43.6455497742, 32.5585098267, 38.1989440918, 30.8724403381, 32.4239006042, 31.8650493622, 13.5613431931, 8.09878444672, 9.18743991852, 7.92396354675, 8.55418205261, 15.2227926254, 19.5043449402, 19.6657600403, 8.99864196777, 6.0770368576, 4.82880163193, 3.01929879189, 2.18896889687, 1.02921044827, 0.110588081181, 0.00955758057535, 0.000298244209262, 6.54731411487e-05],
        "median": [0.086736343801, 2.11808085442, 3.42925953865, 1.6256916523, 1.47215390205, 1.95002496243, 5.97785997391, 8.8377199173, 6.20456552505, 10.23508358, 16.3281707764, 21.9795017242, 12.310585022, 13.7943086624, 15.9330978394, 13.6859273911, 14.5489940643, 10.756193161, 11.2830953598, 10.3733606339, 11.6255159378, 12.3891592026, 6.89885473251, 4.98460388184, 4.48821306229, 4.1969203949, 4.52689886093, 6.79607868195, 9.06473731995, 6.23903417587, 2.8862323761, 2.14556598663, 1.63312506676, 0.722015917301, 0.37173217535, 0.156592234969, 0.0118054701015, 0.000604299071711, 5.38245949429e-05, 5.35609433427e-05],
        "min": [3.50190387799e-09, 1.57343684748e-08, 1.00374464296e-07, 1.4773722512e-07, 3.36718244398e-07, 1.36028529596e-06, 5.09576011609e-06, 2.20610490942e-06, 2.45091609941e-06, 5.81588392379e-06, 1.15097791422e-05, 9.18548103073e-05, 2.66671559075e-05, 1.37819533848e-05, 4.04239690397e-05, 3.94733297071e-06, 2.94985079563e-06, 6.41182941763e-06, 8.95892571862e-06, 1.57385857165e-05, 1.19656742754e-05, 7.39840334063e-06, 5.32641934115e-06, 3.39140092365e-06, 4.55936697108e-06, 2.24867358156e-06, 2.92250138045e-06, 7.53106724005e-06, 5.07486174683e-06, 4.07875995734e-06, 3.83003634852e-06, 1.24301288906e-06, 4.00724388783e-07, 4.14250308722e-07, 1.09434587614e-07, 3.63763312805e-08, 8.30491853065e-09, 2.98587221614e-09, 6.53875953383e-10, 8.58590212816e-11],
        "var": [0.0341088622808, 10.7590513229, 26.2249164581, 44.6572990417, 28.6935653687, 15.4253234863, 437.866638184, 1338.41723633, 959.468566895, 3043.86523438, 9675.49609375, 29079.328125, 5559.32177734, 5920.59814453, 81128.25, 13350.3515625, 10108.8759766, 6017.78173828, 5685.88476562, 2415.50292969, 3056.98925781, 2293.07250977, 380.821166992, 115.934143066, 188.908462524, 121.62361908, 169.482894897, 524.288818359, 809.234191895, 1390.47631836, 261.664031982, 77.1699447632, 53.4256439209, 25.1070556641, 22.0595111847, 5.09213542938, 0.060987573117, 0.000737417954952, 5.13220300036e-07, 3.7764054106e-09]
    },
    "gfcc": {
        "mean": [19.7153053284, 75.8372650146, -113.788986206, 36.116519928, -69.7510223389, 34.9625396729, -35.8150062561, 16.6289596558, -15.6168117523, 7.98632192612, -17.690574646, 5.37618923187, -7.77515411377],
        "cov": [[6824.01708984, -370.034942627, 267.06350708, 31.8674659729, 41.0353507996, 7.95786857605, -320.846801758, -83.3189620972, -36.1550369263, 99.0019226074, -111.627227783, 22.0629482269, -108.324386597], [-370.034942627, 1146.02612305, -366.658172607, -104.303741455, 142.542236328, 3.49193096161, 257.034118652, 9.62655162811, 196.042541504, -112.474700928, 165.32333374, -129.931610107, 117.408088684], [267.06350708, -366.658172607, 822.202087402, 287.164367676, 94.7941207886, 145.477203369, -20.8826122284, 83.9543304443, -113.924377441, 48.1926689148, -39.984046936, 79.3592147827, -82.2118377686], [31.8674659729, -104.303741455, 287.164367676, 519.41204834, 135.687072754, -12.1737785339, -52.7495880127, -15.9354534149, 64.8853378296, 4.80082511902, 17.0793743134, 1.76453316212, 10.1603183746], [41.0353507996, 142.542236328, 94.7941207886, 135.687072754, 241.482849121, 106.073768616, 62.2480888367, 16.7239398956, 47.0813598633, -1.99433350563, 9.31701278687, -15.0294075012, 8.63373756409], [7.95786857605, 3.49193096161, 145.477203369, -12.1737785339, 106.073768616, 321.251403809, 176.821395874, 9.1362323761, -30.7266769409, -19.1444988251, 7.0599770546, -10.7303142548, 1.18009281158], [-320.846801758, 257.034118652, -20.8826122284, -52.7495880127, 62.2480888367, 176.821395874, 288.408111572, 41.1156082153, 28.6492538452, -43.8930969238, 50.4207382202, -10.0000982285, 18.1060523987], [-83.3189620972, 9.62655162811, 83.9543304443, -15.9354534149, 16.7239398956, 9.1362323761, 41.1156082153, 135.111679077, 42.1171798706, 22.0231552124, -0.0243594553322, 7.66921901703, 0.781183600426], [-36.1550369263, 196.042541504, -113.924377441, 64.8853378296, 47.0813598633, -30.7266769409, 28.6492538452, 42.1171798706, 194.921859741, 32.3707008362, 11.0384960175, -38.7697410583, 39.1108398438], [99.0019226074, -112.474700928, 48.1926689148, 4.80082511902, -1.99433350563, -19.1444988251, -43.8930969238, 22.0231552124, 32.3707008362, 109.906150818, -8.55269813538, 9.88230133057, -19.6932258606], [-111.627227783, 165.32333374, -39.984046936, 17.0793743134, 9.31701278687, 7.0599770546, 50.4207382202, -0.0243594553322, 11.0384960175, -8.55269813538, 100.070426941, 7.26892709732, 28.3402919769], [22.0629482269, -129.931610107, 79.3592147827, 1.76453316212, -15.0294075012, -10.7303142548, -10.0000982285, 7.66921901703, -38.7697410583, 9.88230133057, 7.26892709732, 120.744728088, 11.8129644394], [-108.324386597, 117.408088684, -82.2118377686, 10.1603183746, 8.63373756409, 1.18009281158, 18.1060523987, 0.781183600426, 39.1108398438, -19.6932258606, 28.3402919769, 11.8129644394, 92.7130966187]],
        "icov": [[0.000165304998518, -4.17907504016e-05, -4.86222998006e-05, 5.33453130629e-05, -2.23342176469e-05, -0.00015526835341, 0.000294860248687, 0.000109306645754, -0.000114624031994, -2.47929565376e-05, 5.57669300179e-05, -9.89690888673e-05, 0.000181303097634], [-4.17907504016e-05, 0.00410239258781, -0.00119013048243, 0.00276140403003, -0.00308897159994, 0.00323564652354, -0.00283279479481, 0.00211360678077, -0.00354658160359, 0.00343919568695, -0.00516850873828, 0.00383388740011, -0.00250195385888], [-4.86222998006e-05, -0.00119013048243, 0.00386541080661, -0.00324679911137, 0.00108577171341, -0.00279384478927, 0.00137724750675, -0.00374962366186, 0.00361426360905, -0.00208191503771, 0.00228835665621, -0.0025864392519, 0.00259396666661], [5.33453130629e-05, 0.00276140403003, -0.00324679911137, 0.00615284824744, -0.00378223042935, 0.00339703797363, -0.0011944147991, 0.00405296031386, -0.00519765308127, 0.00361370109022, -0.00478080287576, 0.00304298801348, -0.00244597741403], [-2.23342176469e-05, -0.00308897159994, 0.00108577171341, -0.00378223042935, 0.00863439403474, -0.00467024696991, 0.00200419244356, -0.00222930195741, 0.00155846669804, -0.00238566496409, 0.0038903246168, -0.00275925802998, 0.00214390736073], [-0.00015526835341, 0.00323564652354, -0.00279384478927, 0.00339703797363, -0.00467024696991, 0.00991386547685, -0.00691625708714, 0.00376045680605, -0.00146459089592, 0.00167189887725, -0.00282578822225, 0.0047657568939, -0.00427134055644], [0.000294860248687, -0.00283279479481, 0.00137724750675, -0.0011944147991, 0.00200419244356, -0.00691625708714, 0.0102361543104, -0.00350839761086, 0.000140054020449, 0.000884305220097, 0.000168388141901, -0.00369024183601, 0.00376338930801], [0.000109306645754, 0.00211360678077, -0.00374962366186, 0.00405296031386, -0.00222930195741, 0.00376045680605, -0.00350839761086, 0.0127831250429, -0.00594976032153, 0.00114536599722, -0.00258858432062, 0.00198956369422, -0.00228980928659], [-0.000114624031994, -0.00354658160359, 0.00361426360905, -0.00519765308127, 0.00155846669804, -0.00146459089592, 0.000140054020449, -0.00594976032153, 0.0142848566175, -0.00779292872176, 0.00616621039808, -0.00064592534909, -0.00145580002572], [-2.47929565376e-05, 0.00343919568695, -0.00208191503771, 0.00361370109022, -0.00238566496409, 0.00167189887725, 0.000884305220097, 0.00114536599722, -0.00779292872176, 0.0157906375825, -0.00585253769532, 0.00126825622283, 0.00166110380087], [5.57669300179e-05, -0.00516850873828, 0.00228835665621, -0.00478080287576, 0.0038903246168, -0.00282578822225, 0.000168388141901, -0.00258858432062, 0.00616621039808, -0.00585253769532, 0.0193528477103, -0.0052751544863, -0.000261894892901], [-9.89690888673e-05, 0.00383388740011, -0.0025864392519, 0.00304298801348, -0.00275925802998, 0.0047657568939, -0.00369024183601, 0.00198956369422, -0.00064592534909, 0.00126825622283, -0.0052751544863, 0.0143589768559, -0.00637264410034], [0.000181303097634, -0.00250195385888, 0.00259396666661, -0.00244597741403, 0.00214390736073, -0.00427134055644, 0.00376338930801, -0.00228980928659, -0.00145580002572, 0.00166110380087, -0.000261894892901, -0.00637264410034, 0.0177324153483]]
    },
    "melbands": {
        "dmean": [0.00103275745641, 0.00144741497934, 0.000662578735501, 0.000139268231578, 0.000252902478678, 0.000298320897855, 0.000189148267964, 0.000242653710302, 0.000274873833405, 0.000279065425275, 9.4572416856e-05, 7.8236706031e-05, 0.000121728553495, 0.000112225949124, 9.52943155426e-05, 5.2575229347e-05, 4.12008848798e-05, 3.45490880136e-05, 2.8250980904e-05, 2.00074264285e-05, 2.29823344853e-05, 2.06013246498e-05, 1.14847189252e-05, 5.03555429532e-06, 3.96994391849e-06, 3.94751987187e-06, 3.87226100429e-06, 3.05399476019e-06, 3.03774140775e-06, 3.985434887e-06, 7.41435360396e-06, 7.7232152762e-06, 5.02825832882e-06, 9.97282768367e-06, 4.32535989603e-06, 2.0026227503e-06, 2.2637168513e-06, 2.15338923226e-06, 2.50920697908e-06, 1.49599088672e-06],
        "dmean2": [0.00153148826212, 0.00221886811778, 0.00119045143947, 0.00022493461438, 0.000401421071729, 0.000471987674246, 0.000301376043353, 0.000394162896555, 0.000427749793744, 0.000408702297136, 0.000131005814183, 0.000118869022117, 0.000168259444763, 0.000161540723639, 0.000141794007504, 8.35408645798e-05, 6.52378512314e-05, 5.42853849765e-05, 4.41752163169e-05, 3.21421102853e-05, 3.75905765395e-05, 3.22930827679e-05, 1.84127602552e-05, 8.36836079543e-06, 6.60489877191e-06, 6.69551536703e-06, 6.50158108328e-06, 4.99204452353e-06, 4.988015462e-06, 6.66834239382e-06, 1.1768425793e-05, 1.24823354781e-05, 7.61964793128e-06, 1.55785346578e-05, 6.66220830681e-06, 2.84025827568e-06, 3.12159636451e-06, 3.03336082652e-06, 3.55157658305e-06, 2.08185610973e-06],
        "dvar": [2.57650776803e-06, 3.93348182115e-06, 1.67306643561e-06, 4.44887682249e-08, 1.50584597236e-07, 2.28294879889e-07, 1.11545382708e-07, 2.88585965791e-07, 3.5816452737e-07, 3.37288440733e-07, 4.42332499517e-08, 4.41012275587e-08, 9.01152219512e-08, 1.08820977118e-07, 8.93300367011e-08, 2.27163408084e-08, 1.46259351297e-08, 6.50890941145e-09, 3.85636234057e-09, 1.19022447453e-09, 3.19108561797e-09, 1.34652955452e-09, 5.66840074878e-10, 1.18592372034e-10, 7.2182197719e-11, 7.24624318882e-11, 6.16994441649e-11, 3.90110513337e-11, 4.40408126634e-11, 7.082000264e-11, 2.20894205705e-10, 2.65325650339e-10, 8.05180505603e-11, 6.92136459257e-10, 1.07234054969e-10, 1.01786192322e-11, 1.26203197198e-11, 1.2590307269e-11, 1.94905584727e-11, 6.71165206745e-12],
        "dvar2": [5.76050115342e-06, 9.42010228755e-06, 4.5829760893e-06, 1.01869908065e-07, 3.67666899592e-07, 5.29803173777e-07, 2.92010781777e-07, 7.38241112686e-07, 7.61439139296e-07, 6.40762777948e-07, 6.56732694893e-08, 7.92673873207e-08, 1.29526753767e-07, 2.29705619859e-07, 1.7579696987e-07, 4.79496300443e-08, 2.9267583912e-08, 1.51284016425e-08, 8.85642226223e-09, 2.99972002793e-09, 8.33617086471e-09, 3.07924552523e-09, 1.47455003763e-09, 3.35122152251e-10, 1.91961196938e-10, 1.9464083123e-10, 1.6462212149e-10, 1.02055849882e-10, 1.15758042041e-10, 1.83814755084e-10, 5.56190704604e-10, 6.88196111209e-10, 1.93825469563e-10, 1.66655800271e-09, 2.63682936597e-10, 2.07720611545e-11, 2.47876320164e-11, 2.67852406921e-11, 4.20151448355e-11, 1.31585142088e-11],
        "max": [0.01811690256, 0.0183352734894, 0.010550789535, 0.0018239361234, 0.00585551513359, 0.00605718931183, 0.0039146435447, 0.00624467432499, 0.00931158196181, 0.00992157030851, 0.00590649154037, 0.00491964817047, 0.00657478813082, 0.00577932177112, 0.00602857256308, 0.00330042862333, 0.00256384024397, 0.00125199079048, 0.000827810785268, 0.000377176882466, 0.000615866447333, 0.000517190434039, 0.000301971507724, 0.000106699597382, 8.20739514893e-05, 0.000104633298179, 0.000126899787574, 0.000111556371849, 0.000116414623335, 0.000119708180137, 0.000136982562253, 0.000172269123141, 8.36419349071e-05, 0.000282983586658, 0.000117146882985, 3.85993662348e-05, 4.00989192713e-05, 3.78816075681e-05, 4.96434731758e-05, 2.54232945736e-05],
        "mean": [0.00242500286549, 0.00345964543521, 0.000658956065308, 0.000191765357158, 0.000418173498474, 0.000517472624779, 0.000288340612315, 0.000343745021382, 0.000456789624877, 0.000564579968341, 0.000171098377905, 0.00012395347585, 0.000331207149429, 0.000177916095708, 0.000122193974676, 8.23890732136e-05, 5.61107954127e-05, 5.90146482864e-05, 5.38337480975e-05, 3.52640272467e-05, 3.73843649868e-05, 3.65676205547e-05, 1.7899179511e-05, 7.88499892224e-06, 6.26800419923e-06, 6.25540633337e-06, 6.55353824186e-06, 4.99614952787e-06, 4.82067207486e-06, 5.84029703532e-06, 1.02499971035e-05, 1.17247591334e-05, 8.63912282512e-06, 1.30298412842e-05, 5.68270252188e-06, 3.26053304889e-06, 3.65779601452e-06, 3.20147069033e-06, 3.5416069295e-06, 2.1851233214e-06],
        "median": [0.00152163964231, 0.00257132458501, 0.00029348229873, 0.00011447435827, 0.000193965548533, 0.000211641061469, 9.60567122092e-05, 0.000103269834653, 0.000112753063149, 0.00012126591173, 4.33292079833e-05, 4.11140354117e-05, 5.23648850503e-05, 3.63192921213e-05, 3.01221698464e-05, 2.40028475673e-05, 1.51128424477e-05, 1.6188925656e-05, 1.39991234391e-05, 1.38657442221e-05, 1.18246325655e-05, 1.28520287035e-05, 7.1338122325e-06, 4.55337658423e-06, 3.80522328669e-06, 3.08980656882e-06, 2.95330983135e-06, 2.49907316174e-06, 2.48174501394e-06, 2.56055454884e-06, 4.24230029239e-06, 5.15433112014e-06, 3.99946611651e-06, 2.93568564302e-06, 1.51460210418e-06, 1.29513523461e-06, 1.19835794976e-06, 1.1334075225e-06, 9.1381485845e-07, 4.95490667163e-07],
        "min": [2.73677400187e-11, 4.18880416464e-11, 3.04135605589e-11, 4.86116771836e-11, 1.71873876242e-10, 4.5295541623e-11, 3.93223092976e-11, 6.80522166396e-11, 8.93956991765e-11, 6.2197996753e-10, 1.0542174772e-10, 4.83494147496e-11, 1.11819671578e-10, 2.25013202515e-11, 3.19381131784e-12, 8.46436028906e-12, 5.60219492324e-12, 4.42556841868e-12, 4.54403702166e-11, 1.45660063872e-11, 1.38413742273e-11, 7.56116436823e-12, 4.90372195974e-12, 3.46186881245e-12, 2.45520249097e-12, 3.8475602912e-12, 1.76198064385e-12, 1.10473381745e-12, 1.80014098246e-12, 1.79597797138e-12, 6.20304588944e-12, 3.57932628849e-12, 2.61733907117e-12, 1.52491029786e-12, 2.40158652513e-12, 1.11542708663e-12, 6.27847003987e-13, 2.6088145858e-13, 3.2535505865e-13, 3.35051810515e-13],
        "var": [6.87366400598e-06, 1.15893499242e-05, 1.26013844692e-06, 6.07167720545e-08, 3.45308052374e-07, 5.86367434607e-07, 2.29368239957e-07, 4.15381208541e-07, 8.04858871106e-07, 1.21396249142e-06, 1.44891174614e-07, 9.23929590613e-08, 7.53820017962e-07, 2.28146120662e-07, 1.44326136819e-07, 4.25150012973e-08, 2.53464786937e-08, 1.77906933629e-08, 1.20512364532e-08, 2.91349055992e-09, 4.95714891358e-09, 3.24678350871e-09, 8.92764362437e-10, 1.24839014126e-10, 7.63761970335e-11, 9.12761810579e-11, 1.14180359612e-10, 5.28777820141e-11, 5.62738466936e-11, 9.58971027587e-11, 2.69858579927e-10, 3.17055909305e-10, 1.51606005527e-10, 8.37971969592e-10, 1.32140395848e-10, 2.14002010557e-11, 2.97224744816e-11, 2.40884517194e-11, 3.38151173729e-11, 1.37158487692e-11]
    },
    "mfcc": {
        "mean": [-620.971374512, 99.8433303833, 14.0386095047, 9.98338985443, 1.24658453465, 14.4684610367, -3.38369846344, 10.5622005463, 8.75669193268, 0.693927168846, 4.89215373993, 4.42692947388, 4.323823452],
        "cov": [[6074.39941406, -37.0065078735, -36.4579582214, -16.4859390259, 137.821289062, 7.71194887161, -282.469482422, -204.377075195, -48.1665306091, -54.9657707214, 3.17956209183, -12.8522500992, -10.5326271057], [-37.0065078735, 923.661499023, -287.359436035, -110.483955383, -79.7314453125, -19.8188648224, 80.2917327881, 89.949760437, 60.9331512451, 53.711643219, 60.152973175, 34.3154678345, 11.5103702545], [-36.4579582214, -287.359436035, 608.086425781, 158.963500977, 142.082763672, 85.9856643677, 120.485786438, 57.7995605469, -5.03712701797, -16.5227642059, 2.62668347359, 20.5922870636, 26.8229637146], [-16.4859390259, -110.483955383, 158.963500977, 401.758789062, 158.291946411, 18.7888259888, -56.8623199463, 13.0798101425, 3.36951088905, 17.115650177, -0.437915444374, 38.4007644653, 30.0929527283], [137.821289062, -79.7314453125, 142.082763672, 158.291946411, 261.647979736, 75.5774993896, 10.6511211395, 7.46413183212, 29.0262546539, 28.5112895966, -1.44936180115, 13.0830202103, 3.44671773911], [7.71194887161, -19.8188648224, 85.9856643677, 18.7888259888, 75.5774993896, 266.606262207, 122.508079529, 78.7922286987, 36.9615364075, -2.36114382744, 40.9089851379, 8.84887218475, -2.34380245209], [-282.469482422, 80.2917327881, 120.485786438, -56.8623199463, 10.6511211395, 122.508079529, 256.884307861, 110.869232178, 7.02428770065, -13.1865291595, 15.6278495789, 21.1831378937, -1.56577670574], [-204.377075195, 89.949760437, 57.7995605469, 13.0798101425, 7.46413183212, 78.7922286987, 110.869232178, 169.176971436, 48.001411438, -6.57547664642, 21.9894752502, 19.5858898163, 21.4328613281], [-48.1665306091, 60.9331512451, -5.03712701797, 3.36951088905, 29.0262546539, 36.9615364075, 7.02428770065, 48.001411438, 125.84803009, 61.9174385071, 31.2254199982, 5.78284502029, 7.82057952881], [-54.9657707214, 53.711643219, -16.5227642059, 17.115650177, 28.5112895966, -2.36114382744, -13.1865291595, -6.57547664642, 61.9174385071, 121.238380432, 47.9748954773, 5.141456604, -1.13670241833], [3.17956209183, 60.152973175, 2.62668347359, -0.437915444374, -1.44936180115, 40.9089851379, 15.6278495789, 21.9894752502, 31.2254199982, 47.9748954773, 92.4605331421, 25.04895401, -0.425181388855], [-12.8522500992, 34.3154678345, 20.5922870636, 38.4007644653, 13.0830202103, 8.84887218475, 21.1831378937, 19.5858898163, 5.78284502029, 5.141456604, 25.04895401, 73.6497955322, 18.873758316], [-10.5326271057, 11.5103702545, 26.8229637146, 30.0929527283, 3.44671773911, -2.34380245209, -1.56577670574, 21.4328613281, 7.82057952881, -1.13670241833, -0.425181388855, 18.873758316, 78.1573104858]],
