{
"lowlevel": {
    "average_loudness": 0.973384678364,
    "barkbands_crest": {
        "dmean": 2.53340029716,
        "dmean2": 4.13402748108,
        "dvar": 6.80773878098,
        "dvar2": 17.8615226746,
        "max": 24.5693206787,
        "mean": 10.2406978607,
        "median": 9.25860691071,
        "min": 3.55113315582,
        "var": 16.0365104675
    },
    "barkbands_flatness_db": {
        "dmean": 0.0226201415062,
        "dmean2": 0.0329254828393,
        "dvar": 0.000492511549965,
        "dvar2": 0.0010389580857,
        "max": 0.384025484324,
        "mean": 0.159873217344,
        "median": 0.155633553863,
        "min": 0.0414973348379,
        "var": 0.00282739871182
    },
    "barkbands_kurtosis": {
        "dmean": 4.61999177933,
        "dmean2": 7.10378503799,
        "dvar": 72.1962585449,
        "dvar2": 177.349731445,
        "max": 108.198547363,
        "mean": 6.93906021118,
        "median": 3.21935510635,
        "min": -1.86955106258,
        "var": 131.054336548
    },
    "barkbands_skewness": {
        "dmean": 0.670606970787,
        "dmean2": 0.994887769222,
        "dvar": 0.610490262508,
        "dvar2": 1.36951649189,
        "max": 8.5485458374,
        "mean": 1.8676019907,
        "median": 1.66443061829,
        "min": -2.7829041481,
        "var": 1.85701608658
    },
    "barkbands_spread": {
        "dmean": 6.08765125275,
        "dmean2": 8.88041114807,
        "dvar": 86.7981719971,
        "dvar2": 152.326141357,
        "max": 89.1604232788,
        "mean": 19.8382720947,
        "median": 14.5711078644,
        "min": 1.09294259548,
        "var": 299.591461182
    },
    "dissonance": {
        "dmean": 0.0331857725978,
        "dmean2": 0.0551719889045,
        "dvar": 0.00101480016019,
        "dvar2": 0.00269169150852,
        "max": 0.49874484539,
        "mean": 0.4294295609,
        "median": 0.440464764833,
        "min": 0.179606452584,
        "var": 0.00230199308135
    },
    "dynamic_complexity": 2.46600389481,
    "erbbands_crest": {
        "dmean": 2.76150870323,
        "dmean2": 4.35410881042,
        "dvar": 6.48672628403,
        "dvar2": 14.6589069366,
        "max": 28.145658493,
        "mean": 10.4145298004,
        "median": 9.55087375641,
        "min": 3.11686182022,
        "var": 21.423833847
    },
    "erbbands_flatness_db": {
        "dmean": 0.020236602053,
        "dmean2": 0.0280107073486,
        "dvar": 0.00042577428394,
        "dvar2": 0.000791180995293,
        "max": 0.364430755377,
        "mean": 0.164774864912,
        "median": 0.161411181092,
        "min": 0.038498044014,
        "var": 0.00240999064408
    },
    "erbbands_kurtosis": {
        "dmean": 1.42866778374,
        "dmean2": 2.16734147072,
        "dvar": 3.55976605415,
        "dvar2": 8.00550937653,
        "max": 22.0161705017,
        "mean": 1.88830721378,
        "median": 1.23102140427,
        "min": -1.79111003876,
        "var": 9.40262508392
    },
    "erbbands_skewness": {
        "dmean": 0.439060598612,
        "dmean2": 0.635580599308,
        "dvar": 0.193442463875,
        "dvar2": 0.373331665993,
        "max": 3.57930660248,
        "mean": 0.606598258018,
        "median": 0.704790532589,
        "min": -4.23952579498,
        "var": 0.883130729198
    },
    "erbbands_spread": {
        "dmean": 11.2028961182,
        "dmean2": 16.6163425446,
        "dvar": 223.970870972,
        "dvar2": 449.252868652,
        "max": 146.93963623,
        "mean": 40.9805526733,
        "median": 31.2835731506,
        "min": 4.22355461121,
        "var": 828.10168457
    },
    "hfc": {
        "dmean": 7.21982717514,
        "dmean2": 10.2649059296,
        "dvar": 97.2475738525,
        "dvar2": 191.358734131,
        "max": 126.869400024,
        "mean": 25.4304122925,
        "median": 21.7473220825,
        "min": 7.75682593712e-08,
        "var": 365.297332764
    },
    "melbands_crest": {
        "dmean": 3.11684083939,
        "dmean2": 4.99214220047,
        "dvar": 7.98357629776,
        "dvar2": 20.444355011,
        "max": 30.4369010925,
        "mean": 14.5094347,
        "median": 13.6485939026,
        "min": 5.25669527054,
        "var": 24.9117259979
    },
    "melbands_flatness_db": {
        "dmean": 0.027036132291,
        "dmean2": 0.0388123467565,
        "dvar": 0.000751964864321,
        "dvar2": 0.00154117576312,
        "max": 0.514424145222,
        "mean": 0.235248699784,
        "median": 0.228646054864,
        "min": 0.0751745253801,
        "var": 0.00441831164062
    },
    "melbands_kurtosis": {
        "dmean": 10.7463436127,
        "dmean2": 17.1381263733,
        "dvar": 489.399414062,
        "dvar2": 1252.88623047,
        "max": 264.824829102,
        "mean": 18.2093315125,
        "median": 10.3851108551,
        "min": -1.89033269882,
        "var": 741.386413574
    },
    "melbands_skewness": {
        "dmean": 0.888036668301,
        "dmean2": 1.36435580254,
        "dvar": 1.27159953117,
        "dvar2": 2.92996954918,
        "max": 13.535238266,
        "mean": 2.91212821007,
        "median": 2.60589456558,
        "min": -0.726625084877,
        "var": 3.60923838615
    },
    "melbands_spread": {
        "dmean": 5.96362924576,
        "dmean2": 8.6384973526,
        "dvar": 99.2821655273,
        "dvar2": 169.694107056,
        "max": 209.885162354,
        "mean": 18.6044330597,
        "median": 14.8762693405,
        "min": 1.01569926739,
        "var": 369.620574951
    },
    "pitch_salience": {
        "dmean": 0.0733519941568,
        "dmean2": 0.11880993098,
        "dvar": 0.00444900710136,
        "dvar2": 0.011511111632,
        "max": 0.832601904869,
        "mean": 0.530767500401,
        "median": 0.532793045044,
        "min": 0.171272352338,
        "var": 0.0118447355926
    },
    "silence_rate_20dB": {
        "dmean": 0,
        "dmean2": 0,
        "dvar": 0,
        "dvar2": 0,
        "max": 1,
        "mean": 1,
        "median": 1,
        "min": 1,
        "var": 0
    },
    "silence_rate_30dB": {
        "dmean": 0.0464396290481,
        "dmean2": 0.0929512009025,
        "dvar": 0.0442825704813,
        "dvar2": 0.0998018980026,
        "max": 1,
        "mean": 0.961330235004,
        "median": 1,
        "min": 0,
        "var": 0.0371744297445
    },
    "silence_rate_60dB": {
        "dmean": 0.00928792543709,
        "dmean2": 0.018590239808,
        "dvar": 0.00920167472214,
        "dvar2": 0.0228922162205,
        "max": 1,
        "mean": 0.047177106142,
        "median": 0,
        "min": 0,
        "var": 0.0449516065419
    },
    "spectral_centroid": {
        "dmean": 227.221893311,
        "dmean2": 328.194610596,
        "dvar": 195479.15625,
        "dvar2": 275895.96875,
        "max": 11833.4033203,
        "mean": 949.910461426,
        "median": 794.07611084,
        "min": 184.318557739,
        "var": 483082.09375
    },
    "spectral_complexity": {
        "dmean": 2.80959749222,
        "dmean2": 4.31293582916,
        "dvar": 13.9807500839,
        "dvar2": 28.5604572296,
        "max": 49,
        "mean": 14.5158548355,
        "median": 14,
        "min": 0,
        "var": 51.1963996887
    },
    "spectral_decrease": {
        "dmean": 3.74916719892e-09,
        "dmean2": 6.04635452817e-09,
        "dvar": 5.27297564215e-17,
        "dvar2": 1.32579463024e-16,
        "max": -5.16511344095e-18,
        "mean": -9.86532011638e-09,
        "median": -8.63530047468e-09,
        "min": -6.45716227154e-08,
        "var": 6.07989264581e-17
    },
    "spectral_energy": {
        "dmean": 0.0145309027284,
        "dmean2": 0.0234120357782,
        "dvar": 0.000770025071688,
        "dvar2": 0.0019378811121,
        "max": 0.246362432837,
        "mean": 0.0395406484604,
        "median": 0.0347034186125,
        "min": 2.65300264396e-11,
        "var": 0.000904393207747
    },
    "spectral_energyband_high": {
        "dmean": 0.000641014019493,
        "dmean2": 0.000849333708175,
        "dvar": 1.44269176872e-06,
        "dvar2": 2.42640544457e-06,
        "max": 0.0139119066298,
        "mean": 0.00145628571045,
        "median": 0.000481995230075,
        "min": 5.30481648192e-12,
        "var": 5.48164643988e-06
    },
    "spectral_energyband_low": {
        "dmean": 0.0093866949901,
        "dmean2": 0.0156332142651,
        "dvar": 0.000703520956449,
        "dvar2": 0.00180914544035,
        "max": 0.236818909645,
        "mean": 0.015168515034,
        "median": 0.0104864062741,
        "min": 1.06968583297e-11,
        "var": 0.000614772783592
    },
    "spectral_energyband_middle_high": {
        "dmean": 0.00176283984911,
        "dmean2": 0.00255714636296,
        "dvar": 7.71420673118e-06,
        "dvar2": 1.69453669514e-05,
        "max": 0.0472632609308,
        "mean": 0.00528243137524,
        "median": 0.00328896939754,
        "min": 1.21529641819e-12,
        "var": 3.1106024835e-05
    },
    "spectral_energyband_middle_low": {
        "dmean": 0.0075527257286,
        "dmean2": 0.0119231780991,
        "dvar": 0.000152622611495,
        "dvar2": 0.000391839595977,
        "max": 0.142506837845,
        "mean": 0.02039389126,
        "median": 0.0181261822581,
        "min": 1.04862282052e-11,
        "var": 0.000237719985307
    },
    "spectral_entropy": {
        "dmean": 0.230863302946,
        "dmean2": 0.318014711142,
        "dvar": 0.0649709403515,
        "dvar2": 0.110738307238,
        "max": 9.80575180054,
        "mean": 7.26871013641,
        "median": 7.26509952545,
        "min": 5.23492050171,
        "var": 0.367474585772
    },
    "spectral_flux": {
        "dmean": 0.0322722904384,
        "dmean2": 0.0495143868029,
        "dvar": 0.00199687783606,
        "dvar2": 0.0042350939475,
        "max": 0.4224627316,
        "mean": 0.0979932248592,
        "median": 0.0853706747293,
        "min": 1.98455836653e-05,
        "var": 0.00415905239061
    },
    "spectral_kurtosis": {
        "dmean": 1.8421343565,
        "dmean2": 2.87350463867,
        "dvar": 7.50685024261,
        "dvar2": 15.8386955261,
        "max": 41.1493453979,
        "mean": 4.65332126617,
        "median": 3.28811264038,
        "min": -1.19593310356,
        "var": 25.3858757019
    },
    "spectral_rms": {
        "dmean": 0.000971864908934,
        "dmean2": 0.00152117910329,
        "dvar": 1.96665700969e-06,
        "dvar2": 4.65081575385e-06,
        "max": 0.0155033413321,
        "mean": 0.00583029864356,
        "median": 0.00581867620349,
        "min": 1.60881796774e-07,
        "var": 4.58384465674e-06
    },
    "spectral_rolloff": {
        "dmean": 505.247833252,
        "dmean2": 831.29095459,
        "dvar": 1366795.875,
        "dvar2": 2634002.75,
        "max": 9733.0078125,
        "mean": 1360.90869141,
        "median": 775.1953125,
        "min": 107.666015625,
        "var": 3198805.5
    },
    "spectral_skewness": {
        "dmean": 0.307912737131,
        "dmean2": 0.448941856623,
        "dvar": 0.13579903543,
        "dvar2": 0.256185472012,
        "max": 5.33440113068,
        "mean": 1.72517073154,
        "median": 1.64595222473,
        "min": -0.251968860626,
        "var": 0.662878036499
    },
    "spectral_spread": {
        "dmean": 756778.8125,
        "dmean2": 1025160.75,
        "dvar": 1.7723841577e+12,
        "dvar2": 2.36272667853e+12,
        "max": 41079448,
        "mean": 5646955.5,
        "median": 5152128,
        "min": 1480414.125,
        "var": 5.1413385216e+12
    },
    "spectral_strongpeak": {
        "dmean": 0.593139052391,
        "dmean2": 1.01779770851,
        "dvar": 0.800768017769,
        "dvar2": 2.02497673035,
        "max": 7.52611160278,
        "mean": 1.05753529072,
        "median": 0.622465252876,
        "min": 0,
        "var": 1.28281605244
    },
    "zerocrossingrate": {
        "dmean": 0.0119281215593,
        "dmean2": 0.0125073371455,
        "dvar": 0.000333138159476,
        "dvar2": 0.000303319946397,
        "max": 0.427734375,
        "mean": 0.0554374828935,
        "median": 0.04150390625,
        "min": 0.00732421875,
        "var": 0.00194340571761
    },
    "barkbands": {
        "dmean": [0.000530533492565, 0.00580896483734, 0.00327854603529, 0.00214428175241, 0.00404021656141, 0.0012913957471, 0.0015343799023, 0.00170077290386, 0.000795073166955, 0.000716332811862, 0.000530011951923, 0.000579261977691, 0.000634475087281, 0.000224988383707, 0.000186780918739, 0.000143054770888, 0.000121373879665, 5.58123101655e-05, 5.01192698721e-05, 6.53950919514e-05, 0.000211550868698, 0.000177582012839, 0.000111238347017, 0.000153787492309, 7.59977992857e-05, 2.8511734854e-05, 2.64329764832e-06],
        "dmean2": [0.000906675646547, 0.0099456878379, 0.00556201953441, 0.00348215014674, 0.00667620683089, 0.00209372723475, 0.002392309485, 0.00254337396473, 0.00120669172611, 0.0010934198508, 0.00077892432455, 0.000888579466846, 0.00093003193615, 0.000355559692252, 0.000282277935185, 0.000224174713367, 0.000189272061107, 8.88719005161e-05, 7.91271013441e-05, 0.000107251587906, 0.000328228838043, 0.000254987273365, 0.000162357711815, 0.000203107701964, 0.000105662678834, 3.87048712582e-05, 4.18945228375e-06],
        "dvar": [2.81197822005e-06, 0.000515851832461, 3.71579844796e-05, 8.22487982077e-06, 9.25460262806e-05, 5.46130559087e-06, 1.38646782943e-05, 1.06976685856e-05, 5.15512283528e-06, 3.82355210604e-06, 1.13315559247e-06, 2.02532987714e-06, 2.19379217015e-06, 3.24574529031e-07, 1.93465794496e-07, 2.07126376495e-07, 8.23448900178e-08, 1.62404578674e-08, 1.09286757422e-08, 2.34162200741e-08, 1.80150195206e-07, 1.52925366592e-07, 5.58550503627e-08, 1.29673907168e-07, 2.67934829878e-08, 6.51118892137e-09, 2.37925956714e-10],
        "dvar2": [7.85158863437e-06, 0.00135826366022, 0.0001032529035, 2.13148941839e-05, 0.000240978304646, 1.31947772388e-05, 3.02247717627e-05, 2.02059109142e-05, 1.14712102004e-05, 1.05758863356e-05, 2.23671895583e-06, 4.57371470475e-06, 4.48511627837e-06, 6.45814111522e-07, 3.86761172422e-07, 4.67053524744e-07, 1.94267840925e-07, 4.12637817249e-08, 2.48960496663e-08, 5.95589497721e-08, 4.18483779185e-07, 2.79254550151e-07, 1.15428271386e-07, 2.11628105262e-07, 4.91055054397e-08, 1.44115643863e-08, 6.64146515561e-10],
        "max": [0.0177961681038, 0.186078846455, 0.069510102272, 0.0440227538347, 0.111401028931, 0.0506154447794, 0.0672164931893, 0.0398291535676, 0.0402288213372, 0.0465074516833, 0.0193478018045, 0.0215944740921, 0.0209155865014, 0.0105158453807, 0.00700521841645, 0.0086822072044, 0.00510167842731, 0.00188735267147, 0.00119789422024, 0.00233428948559, 0.00542521337047, 0.00541506335139, 0.00333349802531, 0.00481976987794, 0.00238013081253, 0.00201476528309, 0.000395835697418],
        "mean": [0.000458722817712, 0.00507357204333, 0.00718870991841, 0.0042620417662, 0.00608514109626, 0.00268130819313, 0.00238568265922, 0.00305814854801, 0.00130211049691, 0.0012876476394, 0.0010899141198, 0.000877928105183, 0.00103735539597, 0.000344902306097, 0.000289613060886, 0.000229599070735, 0.000209420686588, 9.03707914404e-05, 8.52916564327e-05, 0.000102407582744, 0.000366344960639, 0.000333751755534, 0.000208272991586, 0.000300344603602, 0.0001434070291, 4.58359863842e-05, 2.80099970951e-06],
        "median": [4.31982152804e-05, 0.00084028346464, 0.00610021688044, 0.00288229319267, 0.0033755726181, 0.00162818853278, 0.000849151459988, 0.000839720596559, 0.000405140133807, 0.000355007156031, 0.000340739294188, 0.000236227482674, 0.000159047427587, 7.23695848137e-05, 7.62398412917e-05, 5.15225146955e-05, 5.77347454964e-05, 3.48674657289e-05, 2.92056683975e-05, 3.29353242705e-05, 0.000153986766236, 8.53770397953e-05, 5.58930005354e-05, 5.65541158721e-05, 3.33986463374e-05, 7.01184808349e-06, 1.79058929461e-07],
        "min": [1.84614866797e-12, 4.18599486671e-12, 2.97185496698e-12, 5.58655118693e-12, 4.13438033808e-12, 1.12887692629e-13, 3.16534694506e-13, 1.67761082261e-13, 1.38521789525e-13, 1.15037658761e-13, 1.34932863494e-13, 1.13908340225e-13, 5.11448590185e-14, 1.32195266561e-13, 9.31450554707e-14, 8.55754201767e-14, 9.85610451218e-14, 9.29992844886e-14, 2.00359572141e-13, 2.28318557637e-13, 5.22483477924e-13, 5.68873398908e-13, 2.83871098286e-13, 5.56121663477e-13, 8.52675623251e-13, 9.86399113431e-13, 1.56257092768e-12],
        "var": [2.32230354413e-06, 0.000391255947761, 4.62085517938e-05, 2.10437810892e-05, 9.35792268137e-05, 1.1789286873e-05, 2.69878783001e-05, 2.76152513834e-05, 8.98252164916e-06, 6.52737071505e-06, 4.08439746025e-06, 4.01947636419e-06, 5.2993045756e-06, 7.6424856843e-07, 4.48663513453e-07, 4.74987785992e-07, 2.27676949294e-07, 2.37317152596e-08, 2.37328254826e-08, 3.63160665984e-08, 3.39386247106e-07, 4.53691569646e-07, 1.57713472504e-07, 4.33612825645e-07, 7.8914347057e-08, 1.07773043823e-08, 1.65264524288e-10]
    },
    "erbbands": {
        "dmean": [0.154924511909, 1.40159153938, 3.5105278492, 5.76987838745, 8.57830238342, 16.6092224121, 13.8944301605, 10.5832157135, 13.0808763504, 35.4904289246, 28.6322898865, 19.2152137756, 24.0857448578, 14.9949493408, 24.1247196198, 20.0959472656, 28.3780956268, 13.2162466049, 10.7635736465, 7.7029671669, 6.72739076614, 6.12233114243, 3.51598525047, 2.19040179253, 2.95635986328, 2.84151244164, 6.29558563232, 9.29445362091, 6.88771247864, 4.31111240387, 3.31318902969, 3.05887079239, 2.74475026131, 1.17178475857, 0.363154143095, 0.136348888278, 0.0514686815441, 0.00968696735799, 0.000282055727439, 2.14238461922e-05],
        "dmean2": [0.262394875288, 2.48289847374, 6.04771709442, 9.44852542877, 13.993637085, 27.9342689514, 23.1780529022, 16.9941291809, 20.4774055481, 53.9640045166, 41.2473449707, 29.2815036774, 35.7736282349, 23.179813385, 34.684803009, 30.5344219208, 40.9330024719, 20.1785163879, 16.4440288544, 11.9501838684, 10.0154619217, 9.42389392853, 5.53822040558, 3.44874000549, 4.64342594147, 4.54850530624, 10.0243616104, 14.0398397446, 10.43491745, 6.06857633591, 4.85358142853, 4.20246648788, 3.70219039917, 1.56348133087, 0.510344445705, 0.184865117073, 0.0718187838793, 0.0138430241495, 0.000433124048868, 3.2968535379e-05],
        "dvar": [0.331555217505, 31.9765872955, 76.9915771484, 58.8132019043, 284.826507568, 1868.90441895, 561.836730957, 624.213928223, 926.247497559, 4496.79882812, 3506.62158203, 2766.09082031, 3961.21044922, 943.442077637, 2501.60449219, 2738.38598633, 4429.66210938, 818.638671875, 671.243591309, 437.316650391, 412.025970459, 241.948074341, 56.0397148132, 41.6243095398, 43.9689903259, 39.1611595154, 195.021514893, 364.690704346, 234.100479126, 87.5353546143, 59.2663612366, 48.4254951477, 47.3796958923, 7.44679641724, 0.452044069767, 0.094297029078, 0.0254196487367, 0.00185674719978, 4.3734812607e-06, 2.22522111848e-09],
        "dvar2": [0.81246227026, 89.2501602173, 216.753967285, 163.501281738, 716.111816406, 5078.74560547, 1545.83068848, 1419.10559082, 2127.6105957, 10195.6865234, 6446.96435547, 6293.67529297, 10549.2822266, 1891.30175781, 4935.06982422, 5875.12841797, 8955.10644531, 1756.47546387, 1407.31396484, 977.398925781, 841.215026855, 536.877685547, 144.304397583, 108.477790833, 105.638679504, 96.5920333862, 493.216308594, 812.420227051, 495.418243408, 155.727844238, 121.788551331, 79.9736404419, 84.9429244995, 12.0741548538, 0.88503575325, 0.193488061428, 0.0550876632333, 0.00498205050826, 1.26175809783e-05, 5.77336178864e-09],
        "max": [4.85192584991, 46.2790374756, 97.9665374756, 105.826156616, 180.271942139, 517.01574707, 236.123077393, 637.842651367, 564.46484375, 967.657775879, 890.159240723, 710.369750977, 1437.27062988, 414.796203613, 995.681884766, 1046.01635742, 931.549194336, 499.784576416, 467.956665039, 326.353790283, 467.708679199, 367.183502197, 94.9211959839, 117.086502075, 124.488769531, 64.9994506836, 211.76385498, 268.091796875, 171.535598755, 141.860183716, 112.712036133, 122.317138672, 99.3334579468, 45.7312011719, 9.0078086853, 6.12918281555, 4.1311583519, 1.11493349075, 0.0549290291965, 0.000954035436735],
        "mean": [0.136970683932, 1.25814902782, 6.77276659012, 13.2316665649, 14.5238351822, 22.4791641235, 23.5383663177, 22.9295349121, 21.7624797821, 61.5745887756, 52.552192688, 34.9447097778, 43.3342590332, 31.9883480072, 50.7616691589, 35.9552650452, 47.9187278748, 22.471452713, 17.4554748535, 13.4389610291, 12.2631692886, 10.904378891, 6.13322353363, 3.63815784454, 5.1112818718, 4.76164531708, 10.0132598877, 16.9285144806, 12.4742412567, 7.77954530716, 6.13150548935, 6.01839971542, 4.99864053726, 2.22878289223, 0.674732387066, 0.237790897489, 0.0779273286462, 0.0127899143845, 0.000352075177943, 5.83283181186e-05],
        "median": [0.0124134300277, 0.364122837782, 5.15529870987, 10.0312891006, 9.64607810974, 10.0484704971, 17.010061264, 9.8427028656, 10.2531328201, 25.7538700104, 19.5775718689, 11.5943155289, 14.7655801773, 15.4316339493, 13.7108545303, 12.0794553757, 8.55491065979, 6.17391252518, 5.30481243134, 3.70482110977, 3.03424358368, 3.24351143837, 2.66964173317, 1.5309984684, 1.60129523277, 1.69360411167, 3.47508859634, 6.88760280609, 3.43660640717, 1.65602767467, 1.62525522709, 1.45849239826, 0.73066842556, 0.43821939826, 0.171498060226, 0.0482151508331, 0.0104169743136, 0.00136883463711, 5.38409622095e-05, 4.77178291476e-05],
        "min": [1.52611936977e-10, 8.46480385785e-10, 2.88147172789e-09, 1.1934505828e-08, 2.15144098092e-08, 9.12834163813e-09, 2.77748890554e-09, 1.01752484216e-09, 3.37158434505e-09, 4.95312235671e-09, 4.88895546269e-09, 2.66519672998e-09, 2.65850963466e-09, 4.89882756582e-09, 5.38454392185e-09, 3.77763242909e-09, 2.62959476416e-09, 5.44731237895e-09, 4.53228254926e-09, 5.79800030209e-09, 5.49946044259e-09, 5.6283058214e-09, 6.38259001207e-09, 8.08289879473e-09, 9.87511139527e-09, 1.00883301712e-08, 1.7337224989e-08, 2.36347279525e-08, 2.2263039412e-08, 1.25437678022e-08, 7.1437940008e-09, 9.90375870202e-09, 1.00733945629e-08, 8.08086486614e-09, 7.10286185424e-09, 3.14366266352e-09, 2.06706918249e-09, 9.86252635116e-10, 2.06525754831e-10, 1.97421662351e-11],
        "var": [0.292956829071, 21.137468338, 66.6171264648, 133.286361694, 346.123199463, 1660.40637207, 630.278259277, 1534.06030273, 1622.28417969, 9593.49023438, 9602.55371094, 5637, 7595.52587891, 2779.69897461, 9925.39355469, 6172.63037109, 11151.0859375, 1853.58911133, 1314.87805176, 986.619567871, 1156.70739746, 686.338867188, 94.2229385376, 45.4502677917, 116.929389954, 63.4276313782, 284.675750732, 767.981750488, 597.903686523, 261.405761719, 164.050964355, 167.156417847, 138.65435791, 23.2826519012, 1.32670915127, 0.217139467597, 0.0377800762653, 0.00164862337988, 2.73085242952e-06, 2.57469312537e-09]
    },
    "gfcc": {
        "mean": [1.83008420467, 97.3474960327, -91.1940231323, 24.8311862946, -77.7927093506, 22.2903366089, -39.38829422, -0.566511929035, -28.4226055145, -0.297481566668, -24.6810417175, -4.98514127731, -13.1409225464],
        "cov": [[10545.9267578, -873.831298828, -691.558227539, 303.267211914, -179.736541748, 159.469482422, -371.758758545, -70.8520431519, 5.64669895172, 298.224639893, -61.5741271973, 177.816589355, -166.522705078], [-873.831298828, 1331.57275391, -251.92237854, -332.495330811, 317.749420166, -32.72681427, 260.250701904, 63.1580047607, 73.0512619019, -113.912620544, 97.5047912598, -88.8374557495, 83.9409103394], [-691.558227539, -251.92237854, 757.891845703, 142.085540771, -55.9997215271, 56.9782600403, -36.6866950989, 45.0749664307, -1.15924799442, 25.8994655609, -65.9355773926, 47.6318588257, 19.3221282959], [303.267211914, -332.495330811, 142.085540771, 500.563415527, 28.0157394409, 3.5356361866, -92.59324646, -7.77056074142, 62.7637748718, 27.039812088, -68.4663619995, -29.5731334686, 10.91842556], [-179.736541748, 317.749420166, -55.9997215271, 28.0157394409, 327.209014893, 21.0779762268, 86.1541366577, 60.370929718, 55.443195343, -0.965826332569, -21.2281932831, -39.5373268127, 12.3346986771], [159.469482422, -32.72681427, 56.9782600403, 3.5356361866, 21.0779762268, 210.618057251, 109.231788635, 1.92936253548, -3.15777134895, 8.40611362457, 23.041425705, -0.925195276737, -25.4237041473], [-371.758758545, 260.250701904, -36.6866950989, -92.59324646, 86.1541366577, 109.231788635, 296.318756104, 66.7626190186, -19.4620780945, -31.6272335052, 73.1129302979, 0.0214555114508, -15.7947378159], [-70.8520431519, 63.1580047607, 45.0749664307, -7.77056074142, 60.370929718, 1.92936253548, 66.7626190186, 128.854034424, 40.0810623169, -15.0766649246, -8.95217895508, 14.3964252472, 14.6251916885], [5.64669895172, 73.0512619019, -1.15924799442, 62.7637748718, 55.443195343, -3.15777134895, -19.4620780945, 40.0810623169, 146.723205566, 31.5924797058, -40.4099311829, -16.5690155029, 32.5383872986], [298.224639893, -113.912620544, 25.8994655609, 27.039812088, -0.965826332569, 8.40611362457, -31.6272335052, -15.0766649246, 31.5924797058, 124.616462708, 14.8721065521, 10.7136249542, -11.6335716248], [-61.5741271973, 97.5047912598, -65.9355773926, -68.4663619995, -21.2281932831, 23.041425705, 73.1129302979, -8.95217895508, -40.4099311829, 14.8721065521, 133.163421631, 34.4578971863, -19.2083301544], [177.816589355, -88.8374557495, 47.6318588257, -29.5731334686, -39.5373268127, -0.925195276737, 0.0214555114508, 14.3964252472, -16.5690155029, 10.7136249542, 34.4578971863, 94.8335647583, 17.0458126068], [-166.522705078, 83.9409103394, 19.3221282959, 10.91842556, 12.3346986771, -25.4237041473, -15.7947378159, 14.6251916885, 32.5383872986, -11.6335716248, -19.2083301544, 17.0458126068, 98.4095840454]],
        "icov": [[0.000167750040418, -0.000207661287277, 0.000329807691742, -0.000271563563729, 0.000232096164837, -0.000432833650848, 0.000355159339961, -0.000320822990034, 0.000345619802829, -0.000565378344618, 0.000587582821026, -0.000790271733422, 0.000460591632873], [-0.000207661287277, 0.00318680936471, -0.0007321506273, 0.00222711567767, -0.00263219606131, 0.00189669313841, -0.00176517514046, 0.00168865837622, -0.00285083428025, 0.00324042676948, -0.00409507192671, 0.00428360980004, -0.00310295820236], [0.000329807691742, -0.0007321506273, 0.0024109899532, -0.0011919796234, 0.0010888997931, -0.00167869299185, 0.000958389486186, -0.00170676165726, 0.00166649185121, -0.00195795251057, 0.00267561501823, -0.00281309243292, 0.000905795197468], [-0.000271563563729, 0.00222711567767, -0.0011919796234, 0.00411595311016, -0.0021724703256, 0.00128296960611, -0.000716396374628, 0.00160157657228, -0.00288977846503, 0.00245659588836, -0.00282057281584, 0.00400259764865, -0.00232902239077], [0.000232096164837, -0.00263219606131, 0.0010888997931, -0.0021724703256, 0.00624823849648, -0.00165757362265, 0.000319800776197, -0.00280685094185, 0.00179598899558, -0.00337065942585, 0.00421187328175, -0.0023339134641, 0.00215632980689], [-0.000432833650848, 0.00189669313841, -0.00167869299185, 0.00128296960611, -0.00165757362265, 0.00847133714706, -0.00473945168778, 0.00331325689331, -0.00287880585529, 0.00215697358362, -0.00271481578238, 0.00311979651451, -0.000883220694959], [0.000355159339961, -0.00176517514046, 0.000958389486186, -0.000716396374628, 0.000319800776197, -0.00473945168778, 0.00839743949473, -0.00479118851945, 0.00272405100986, -0.000899950042367, -0.000866840593517, -0.00166154978797, 0.00190480111632], [-0.000320822990034, 0.00168865837622, -0.00170676165726, 0.00160157657228, -0.00280685094185, 0.00331325689331, -0.00479118851945, 0.0135483583435, -0.00569180725142, 0.00400329427794, -0.00110362656415, -0.000487692537718, -0.00117627892178], [0.000345619802829, -0.00285083428025, 0.00166649185121, -0.00288977846503, 0.00179598899558, -0.00287880585529, 0.00272405100986, -0.00569180725142, 0.013599826023, -0.00693212635815, 0.00595633406192, -0.00240342365578, -0.000413058180129], [-0.000565378344618, 0.00324042676948, -0.00195795251057, 0.00245659588836, -0.00337065942585, 0.00215697358362, -0.000899950042367, 0.00400329427794, -0.00693212635815, 0.0144609799609, -0.00745740905404, 0.00399025948718, -0.001513680676], [0.000587582821026, -0.00409507192671, 0.00267561501823, -0.00282057281584, 0.00421187328175, -0.00271481578238, -0.000866840593517, -0.00110362656415, 0.00595633406192, -0.00745740905404, 0.0185592565686, -0.0111625976861, 0.00577551499009], [-0.000790271733422, 0.00428360980004, -0.00281309243292, 0.00400259764865, -0.0023339134641, 0.00311979651451, -0.00166154978797, -0.000487692537718, -0.00240342365578, 0.00399025948718, -0.0111625976861, 0.022600248456, -0.00880556087941], [0.000460591632873, -0.00310295820236, 0.000905795197468, -0.00232902239077, 0.00215632980689, -0.000883220694959, 0.00190480111632, -0.00117627892178, -0.000413058180129, -0.001513680676, 0.00577551499009, -0.00880556087941, 0.0162605587393]]
    },
    "melbands": {
        "dmean": [0.00148292747326, 0.00184679881204, 0.000956375908572, 0.000924578867853, 0.000537456537131, 0.000227777010878, 0.000245038856519, 0.000403553392971, 0.000207835051697, 0.000124186466564, 0.000121833072626, 6.44074680167e-05, 6.94060654496e-05, 7.80560003477e-05, 4.46291924163e-05, 6.919347652e-05, 2.21407135541e-05, 1.9770966901e-05, 1.4958985048e-05, 1.19230717246e-05, 7.68468908063e-06, 6.87446117809e-06, 5.10910786033e-06, 2.52857444138e-06, 1.79401331479e-06, 2.16006333176e-06, 2.41193538386e-06, 1.88506339782e-06, 3.5190375911e-06, 5.38415088158e-06, 5.83402379561e-06, 4.30312411481e-06, 3.31751652993e-06, 2.19638445742e-06, 1.97812414626e-06, 1.75400941771e-06, 2.11969404518e-06, 2.09329118661e-06, 1.65512437889e-06, 8.31450279293e-07],
        "dmean2": [0.00247078854591, 0.00322823273018, 0.00156133237761, 0.00152339937631, 0.000905138789676, 0.000365563464584, 0.000380831217626, 0.000611226598267, 0.000298385391943, 0.000186918216059, 0.00018215336604, 9.95193258859e-05, 0.000101259487565, 0.000117461480841, 6.54165924061e-05, 0.000100898148958, 3.46421657014e-05, 3.06594411086e-05, 2.23354581976e-05, 1.82518324436e-05, 1.14773529276e-05, 1.05767376226e-05, 8.29070359032e-06, 4.05003493142e-06, 2.90514981316e-06, 3.41335635312e-06, 3.93454047298e-06, 3.02390367324e-06, 5.65948403164e-06, 8.4446000983e-06, 8.81724372448e-06, 6.64136359774e-06, 5.01307113154e-06, 3.18607067129e-06, 2.96172106573e-06, 2.5418671612e-06, 2.91629226012e-06, 2.97216138279e-06, 2.32210049944e-06, 1.1534582427e-06],
        "dvar": [3.15618526656e-05, 3.26745139319e-05, 1.45519243233e-06, 5.58011834073e-06, 1.09950224214e-06, 2.45000762789e-07, 3.49881389639e-07, 5.18930846738e-07, 1.89376166304e-07, 1.31017671379e-07, 1.05565597153e-07, 2.05811634402e-08, 2.02644017122e-08, 3.33625962412e-08, 1.3128625298e-08, 3.23292042026e-08, 2.85175927317e-09, 2.85441048575e-09, 1.48086498619e-09, 1.58940338668e-09, 5.07939967864e-10, 3.52303908269e-10, 1.53969045846e-10, 3.59045987386e-11, 3.03542468938e-11, 1.92087387663e-11, 4.85064800826e-11, 1.63142693799e-11, 6.42961864306e-11, 1.15900108955e-10, 1.53768858757e-10, 8.7921642189e-11, 6.76495179319e-11, 2.10365752595e-11, 2.21980402809e-11, 1.7310384029e-11, 2.52182424249e-11, 2.77527185261e-11, 1.84898676231e-11, 3.60321950228e-12],
        "dvar2": [7.91487691458e-05, 9.17286233744e-05, 3.93316986447e-06, 1.44715822898e-05, 3.05117941934e-06, 5.59425586744e-07, 7.85324971275e-07, 1.1476090549e-06, 3.55291632559e-07, 2.92616135766e-07, 2.85404723854e-07, 4.3932249838e-08, 4.05304767526e-08, 7.61693073059e-08, 2.90031927364e-08, 6.21742728413e-08, 5.99049565508e-09, 6.06248518054e-09, 3.05257530364e-09, 3.70871888755e-09, 1.02022668091e-09, 7.69615093876e-10, 4.17559209431e-10, 9.04595148787e-11, 7.99047494837e-11, 4.57512465413e-11, 1.28487651074e-10, 3.98934565937e-11, 1.66032451676e-10, 2.70903216526e-10, 3.4562180895e-10, 1.92896573714e-10, 1.3528582421e-10, 4.30335767021e-11, 4.67835874207e-11, 3.51686145483e-11, 4.23392397531e-11, 5.1362525344e-11, 3.36449236527e-11, 6.27229691796e-12],
        "max": [0.0449540093541, 0.0563984774053, 0.0159787908196, 0.0245196670294, 0.0122392699122, 0.0123178819194, 0.0112604368478, 0.00882576964796, 0.00655121961609, 0.00532851740718, 0.0075869653374, 0.00201717950404, 0.00260648853146, 0.0031754639931, 0.00174792844336, 0.00287373969331, 0.000986466766335, 0.000897210033145, 0.000655537529383, 0.000611993425991, 0.000483718176838, 0.000473412073916, 0.000161662697792, 8.16050669528e-05, 0.000102024176158, 5.6528911955e-05, 0.000146670514368, 3.97919175157e-05, 0.000114849804959, 0.000152690568939, 0.000179391136044, 0.000117405877972, 0.000119616888696, 6.68026768835e-05, 7.12279652362e-05, 7.66694283811e-05, 9.36468713917e-05, 6.78349169903e-05, 5.75031044718e-05, 3.3165095374e-05],
        "mean": [0.0013337089913, 0.00294145732187, 0.00230813701637, 0.00133717432618, 0.000894051336218, 0.000485758646391, 0.000395304872654, 0.000716279901098, 0.000368600798538, 0.000215935942833, 0.000212693252251, 0.000124422498629, 0.000145688900375, 0.000133479188662, 7.20731841284e-05, 0.000109969667392, 3.32519848598e-05, 2.86902431981e-05, 2.21857662837e-05, 1.7764257791e-05, 1.32543491418e-05, 1.19161149996e-05, 7.70221686253e-06, 4.13201041738e-06, 2.66415736405e-06, 3.44723684975e-06, 3.7468444134e-06, 2.89351532956e-06, 4.98980443808e-06, 8.96572964848e-06, 1.01926179923e-05, 7.41589065001e-06, 5.50995582671e-06, 3.70942007066e-06, 3.45275088875e-06, 3.29736303684e-06, 3.92866650145e-06, 3.65707796846e-06, 2.90960838356e-06, 1.52283939769e-06],
        "median": [0.000164651384694, 0.00206026947126, 0.00196485570632, 0.000753863132559, 0.000593856500927, 0.000237642379943, 0.000162093609106, 0.00029858815833, 0.000125777965877, 6.17726327619e-05, 6.47284541628e-05, 4.68266880489e-05, 4.27312224929e-05, 3.94287053496e-05, 1.92202878679e-05, 1.64590201166e-05, 8.24724156701e-06, 6.65894367557e-06, 5.57075327379e-06, 3.95130382458e-06, 3.08747007693e-06, 3.26225926983e-06, 2.652236617e-06, 1.60574847996e-06, 1.06421646251e-06, 1.0720696082e-06, 1.08020458356e-06, 1.00618603938e-06, 1.43669251429e-06, 3.32840545525e-06, 3.84473969461e-06, 1.97534927793e-06, 9.23755237636e-07, 8.11192023775e-07, 8.48924912589e-07, 9.23118250284e-07, 8.0035283645e-07, 4.52822774832e-07, 4.82649056721e-07, 3.22357493587e-07],
        "min": [1.35194112849e-12, 1.37927256422e-12, 2.47629564423e-12, 1.13641962594e-12, 1.32985568629e-13, 2.52290660693e-14, 5.25638221643e-14, 4.55699083882e-14, 4.41096337516e-14, 1.39141983661e-14, 1.32376672219e-14, 1.93919434953e-14, 1.93521058417e-14, 1.36733394653e-14, 5.96217343616e-15, 6.22019788311e-15, 1.07176569594e-14, 8.0167848339e-15, 7.36509377791e-15, 6.25866037869e-15, 6.28711983869e-15, 5.75905408838e-15, 5.89394493226e-15, 4.53620109276e-15, 7.05143959513e-15, 6.36724957901e-15, 7.4395691498e-15, 6.42970216525e-15, 9.63370635571e-15, 1.33138807054e-14, 1.35234163277e-14, 1.37810744329e-14, 9.34054825266e-15, 5.88550297839e-15, 3.38193447246e-15, 5.56427716809e-15, 5.91438383728e-15, 7.31095820819e-15, 6.06893304532e-15, 7.17139767166e-15],
        "var": [2.6657793569e-05, 2.3402772058e-05, 3.27736916006e-06, 5.46275941815e-06, 1.13084365694e-06, 5.94731204728e-07, 6.54001667044e-07, 1.17435604352e-06, 5.07998720423e-07, 2.57798774328e-07, 1.97400211732e-07, 5.37527249378e-08, 7.57108082894e-08, 7.09392864451e-08, 2.549046485e-08, 7.76001058966e-08, 6.01265126576e-09, 4.89633089629e-09, 3.13196379942e-09, 3.00800317987e-09, 1.39573586022e-09, 9.80929226735e-10, 2.04007560844e-10, 5.54771714678e-11, 2.94849526739e-11, 4.40124187095e-11, 8.82076980901e-11, 2.34763753576e-11, 7.82105699648e-11, 2.31828584107e-10, 3.13644887839e-10, 2.10685316415e-10, 1.69103231418e-10, 5.44137755687e-11, 5.48090670072e-11, 5.44804756863e-11, 7.7709644275e-11, 7.70476529799e-11, 5.10448072699e-11, 1.00311790124e-11]
    },
    "mfcc": {
        "mean": [-646.064697266, 125.590827942, 34.0104637146, 8.1574716568, -6.57255935669, 11.2275447845, -3.56573176384, -2.18129181862, 2.35160756111, -7.72040271759, -4.70946598053, 2.04196119308, -8.62112903595],
        "cov": [[7929.24462891, -559.489013672, -402.997680664, 61.6937446594, -45.1988258362, 238.2840271, -225.609207153, -186.038665771, -145.704849243, -91.2970581055, 90.1714553833, 296.47467041, 24.1869049072], [-559.489013672, 1553.4576416, -396.215423584, -157.210617065, -21.3632621765, -56.1301078796, 169.222885132, 133.923553467, 68.0547409058, 64.6238174438, 36.7980995178, -1.30283212662, -16.2614631653], [-402.997680664, -396.215423584, 739.965881348, 37.5085639954, 20.2860240936, 30.7115898132, -40.9475631714, -10.7446241379, 44.5536766052, -32.6988525391, -20.9489746094, -38.174987793, 31.6446857452], [61.6937446594, -157.210617065, 37.5085639954, 338.627593994, 129.687164307, 4.92602396011, -46.9639167786, -17.9406318665, 67.5777587891, 40.7267112732, -45.3202552795, -1.77779400349, 34.5028839111], [-45.1988258362, -21.3632621765, 20.2860240936, 129.687164307, 235.047088623, 35.7994346619, -72.7423629761, -25.2159137726, 92.2027053833, 31.5792102814, -17.01704216, 1.6256005764, 3.92963337898], [238.2840271, -56.1301078796, 30.7115898132, 4.92602396011, 35.7994346619, 184.726928711, 50.0224266052, -2.83925843239, 18.7493038177, 3.71276712418, 45.7051887512, 43.3843154907, -19.2315559387], [-225.609207153, 169.222885132, -40.9475631714, -46.9639167786, -72.7423629761, 50.0224266052, 259.173858643, 112.442642212, -50.5891151428, 26.8866786957, 49.2289123535, 0.778334796429, 15.9909191132], [-186.038665771, 133.923553467, -10.7446241379, -17.9406318665, -25.2159137726, -2.83925843239, 112.442642212, 192.165084839, 33.2369766235, 36.4578666687, 7.29172086716, -15.1004047394, 20.6631641388], [-145.704849243, 68.0547409058, 44.5536766052, 67.5777587891, 92.2027053833, 18.7493038177, -50.5891151428, 33.2369766235, 200.040313721, 59.1906700134, -14.1923704147, -7.67191076279, -22.3491210938], [-91.2970581055, 64.6238174438, -32.6988525391, 40.7267112732, 31.5792102814, 3.71276712418, 26.8866786957, 36.4578666687, 59.1906700134, 125.167778015, 15.6650161743, -25.0173912048, -14.0043745041], [90.1714553833, 36.7980995178, -20.9489746094, -45.3202552795, -17.01704216, 45.7051887512, 49.2289123535, 7.29172086716, -14.1923704147, 15.6650161743, 116.586097717, 39.7724304199, -5.65786123276], [296.47467041, -1.30283212662, -38.174987793, -1.77779400349, 1.6256005764, 43.3843154907, 0.778334796429, -15.1004047394, -7.67191076279, -25.0173912048, 39.7724304199, 134.147476196, 7.33286333084], [24.1869049072, -16.2614631653, 31.6446857452, 34.5028839111, 3.92963337898, -19.2315559387, 15.9909191132, 20.6631641388, -22.3491210938, -14.0043745041, -5.65786123276, 7.33286333084, 128.059326172]],
