{
"lowlevel": {
    "average_loudness": 0.893496751785,
    "barkbands_crest": {
        "dmean": 2.88117861748,
        "dmean2": 4.43500804901,
        "dvar": 6.46768045425,
        "dvar2": 14.8602075577,
        "max": 25.335439682,
        "mean": 11.9314756393,
        "median": 11.2621192932,
        "min": 2.20151138306,
        "var": 22.8690757751
    },
    "barkbands_flatness_db": {
        "dmean": 0.028861457482,
        "dmean2": 0.0383652411401,
        "dvar": 0.000721187505405,
        "dvar2": 0.00120152777527,
        "max": 0.54380863905,
        "mean": 0.204463914037,
        "median": 0.193304210901,
        "min": 0.0204076115042,
        "var": 0.00441346038133
    },
    "barkbands_kurtosis": {
        "dmean": 5.12964630127,
        "dmean2": 7.60907506943,
        "dvar": 125.371833801,
        "dvar2": 270.654663086,
        "max": 264.156433105,
        "mean": 7.51300144196,
        "median": 2.09143567085,
        "min": -1.97490549088,
        "var": 303.446777344
    },
    "barkbands_skewness": {
        "dmean": 0.772455096245,
        "dmean2": 1.0729227066,
        "dvar": 0.692755401134,
        "dvar2": 1.34665429592,
        "max": 13.1903400421,
        "mean": 1.54973208904,
        "median": 1.13083934784,
        "min": -4.01860427856,
        "var": 3.82738304138
    },
    "barkbands_spread": {
        "dmean": 7.37270355225,
        "dmean2": 10.576789856,
        "dvar": 88.6980056763,
        "dvar2": 182.121139526,
        "max": 113.955665588,
        "mean": 21.0592918396,
        "median": 17.0181770325,
        "min": 0.331652253866,
        "var": 266.898345947
    },
    "dissonance": {
        "dmean": 0.0219646524638,
        "dmean2": 0.0357436873019,
        "dvar": 0.000552019977476,
        "dvar2": 0.00145128765143,
        "max": 0.5,
        "mean": 0.455913990736,
        "median": 0.466650545597,
        "min": 0,
        "var": 0.00142438802868
    },
    "dynamic_complexity": 5.08053922653,
    "erbbands_crest": {
        "dmean": 3.18680214882,
        "dmean2": 5.014960289,
        "dvar": 8.59371566772,
        "dvar2": 20.5951385498,
        "max": 31.0344944,
        "mean": 10.6477155685,
        "median": 9.47218418121,
        "min": 2.17018580437,
        "var": 26.203502655
    },
    "erbbands_flatness_db": {
        "dmean": 0.0228186771274,
        "dmean2": 0.0309937112033,
        "dvar": 0.000449629791547,
        "dvar2": 0.000793016515672,
        "max": 0.383238613605,
        "mean": 0.220756813884,
        "median": 0.222799688578,
        "min": 0.0728866606951,
        "var": 0.00237045739777
    },
    "erbbands_kurtosis": {
        "dmean": 1.53128921986,
        "dmean2": 2.29946184158,
        "dvar": 5.3493013382,
        "dvar2": 10.6110620499,
        "max": 47.326171875,
        "mean": 1.54512143135,
        "median": 0.224723219872,
        "min": -1.869992733,
        "var": 15.2787504196
    },
    "erbbands_skewness": {
        "dmean": 0.491068094969,
        "dmean2": 0.691235780716,
        "dvar": 0.222986847162,
        "dvar2": 0.426054388285,
        "max": 5.75174093246,
        "mean": 0.17690692842,
        "median": 0.1005288288,
        "min": -5.52284479141,
        "var": 1.38213932514
    },
    "erbbands_spread": {
        "dmean": 9.55589103699,
        "dmean2": 14.4027481079,
        "dvar": 126.112335205,
        "dvar2": 287.554321289,
        "max": 147.810440063,
        "mean": 33.6841812134,
        "median": 30.7731552124,
        "min": 2.64027142525,
        "var": 387.380859375
    },
    "hfc": {
        "dmean": 6.13130378723,
        "dmean2": 8.14062976837,
        "dvar": 73.2327575684,
        "dvar2": 133.155059814,
        "max": 122.089172363,
        "mean": 18.6808624268,
        "median": 9.49478340149,
        "min": 1.08474493532e-16,
        "var": 433.71206665
    },
    "melbands_crest": {
        "dmean": 3.7679040432,
        "dmean2": 5.97353315353,
        "dvar": 12.0958528519,
        "dvar2": 28.405752182,
        "max": 35.4940567017,
        "mean": 16.3955402374,
        "median": 15.8510417938,
        "min": 1.22991502285,
        "var": 42.2054367065
    },
    "melbands_flatness_db": {
        "dmean": 0.0364214815199,
        "dmean2": 0.0442782491446,
        "dvar": 0.00133083097171,
        "dvar2": 0.00190336164087,
        "max": 0.667040646076,
        "mean": 0.239585831761,
        "median": 0.221582889557,
        "min": 0.00327316927724,
        "var": 0.0107269929722
    },
    "melbands_kurtosis": {
        "dmean": 11.5574493408,
        "dmean2": 17.3182964325,
        "dvar": 509.465087891,
        "dvar2": 1176.40039062,
        "max": 439.869720459,
        "mean": 19.479932785,
        "median": 6.38595724106,
        "min": -1.92656815052,
        "var": 1178.61047363
    },
    "melbands_skewness": {
        "dmean": 1.01158237457,
        "dmean2": 1.44590425491,
        "dvar": 1.30702137947,
        "dvar2": 2.66153907776,
        "max": 16.3401584625,
        "mean": 2.73895525932,
        "median": 2.14486789703,
        "min": -1.75012505054,
        "var": 6.5446100235
    },
    "melbands_spread": {
        "dmean": 10.4357719421,
        "dmean2": 14.6737346649,
        "dvar": 302.092773438,
        "dvar2": 531.099121094,
        "max": 280.162353516,
        "mean": 28.1423912048,
        "median": 18.9332199097,
        "min": 0.302305787802,
        "var": 1079.23596191
    },
    "pitch_salience": {
        "dmean": 0.0767536908388,
        "dmean2": 0.116391643882,
        "dvar": 0.00504585262388,
        "dvar2": 0.011391216889,
        "max": 0.993452847004,
        "mean": 0.483382970095,
        "median": 0.481171905994,
        "min": 0.0872184336185,
        "var": 0.0181713458151
    },
    "silence_rate_20dB": {
        "dmean": 0,
        "dmean2": 0,
        "dvar": 0,
        "dvar2": 0,
        "max": 1,
        "mean": 1,
        "median": 1,
        "min": 1,
        "var": 0
    },
    "silence_rate_30dB": {
        "dmean": 0.00321344705299,
        "dmean2": 0.00642768852413,
        "dvar": 0.00320286885835,
        "dvar2": 0.00836331769824,
        "max": 1,
        "mean": 0.9975284338,
        "median": 1,
        "min": 0,
        "var": 0.0024653300643
    },
    "silence_rate_60dB": {
        "dmean": 0.0682239532471,
        "dmean2": 0.136464774609,
        "dvar": 0.063574925065,
        "dvar2": 0.131682902575,
        "max": 1,
        "mean": 0.154226392508,
        "median": 0,
        "min": 0,
        "var": 0.130443826318
    },
    "spectral_centroid": {
        "dmean": 318.74319458,
        "dmean2": 439.124908447,
        "dvar": 155777,
        "dvar2": 258280.46875,
        "max": 11859.2226562,
        "mean": 1629.42602539,
        "median": 1372.09887695,
        "min": 110.239532471,
        "var": 1835672.125
    },
    "spectral_complexity": {
        "dmean": 3.92411327362,
        "dmean2": 5.49344873428,
        "dvar": 22.1686916351,
        "dvar2": 41.7181549072,
        "max": 55,
        "mean": 13.0491847992,
        "median": 12,
        "min": 0,
        "var": 78.1678390503
    },
    "spectral_decrease": {
        "dmean": 1.97449789852e-09,
        "dmean2": 2.57447840823e-09,
        "dvar": 8.26243168765e-18,
        "dvar2": 1.50428253785e-17,
        "max": 2.34240483188e-28,
        "mean": -5.63943913789e-09,
        "median": -4.07752942522e-09,
        "min": -6.47309192914e-08,
        "var": 2.98257539172e-17
    },
    "spectral_energy": {
        "dmean": 0.00784337241203,
        "dmean2": 0.0102388998494,
        "dvar": 0.000124955782667,
        "dvar2": 0.000227471624385,
        "max": 0.248126044869,
        "mean": 0.0229789931327,
        "median": 0.0167166814208,
        "min": 9.96805952502e-21,
        "var": 0.000476203829749
    },
    "spectral_energyband_high": {
        "dmean": 0.000355987023795,
        "dmean2": 0.000482168892631,
        "dvar": 7.45857391848e-07,
        "dvar2": 1.31014553517e-06,
        "max": 0.0163650084287,
        "mean": 0.000716710463166,
        "median": 0.000177182868356,
        "min": 7.13105055161e-21,
        "var": 2.45781984631e-06
    },
    "spectral_energyband_low": {
        "dmean": 0.00485774455592,
        "dmean2": 0.00646596075967,
        "dvar": 9.43082122831e-05,
        "dvar2": 0.000172251195181,
        "max": 0.235282093287,
        "mean": 0.0091991238296,
        "median": 0.00349284382537,
        "min": 1.57092750924e-23,
        "var": 0.000216245476622
    },
    "spectral_energyband_middle_high": {
        "dmean": 0.00255898316391,
        "dmean2": 0.00346249621361,
        "dvar": 1.83593001566e-05,
        "dvar2": 3.42621060554e-05,
        "max": 0.105471394956,
        "mean": 0.00660784682259,
        "median": 0.00197169650346,
        "min": 1.03964344731e-21,
        "var": 0.000106055100332
    },
    "spectral_energyband_middle_low": {
        "dmean": 0.00267831422389,
        "dmean2": 0.00383065035567,
        "dvar": 2.51453693636e-05,
        "dvar2": 5.2777435485e-05,
        "max": 0.0949422717094,
        "mean": 0.00685381237417,
        "median": 0.0032206766773,
        "min": 1.6954625191e-22,
        "var": 9.88614192465e-05
    },
    "spectral_entropy": {
        "dmean": 0.205856010318,
        "dmean2": 0.265627682209,
        "dvar": 0.0426602959633,
        "dvar2": 0.0669956803322,
        "max": 9.8171377182,
        "mean": 7.36770200729,
        "median": 7.34306955338,
        "min": 5.32084226608,
        "var": 0.291174352169
    },
    "spectral_flux": {
        "dmean": 0.0243954602629,
        "dmean2": 0.0371479354799,
        "dvar": 0.000715631467756,
        "dvar2": 0.00168664334342,
        "max": 0.338540583849,
        "mean": 0.0723088830709,
        "median": 0.0654237344861,
        "min": 6.37606356602e-11,
        "var": 0.00210278853774
    },
    "spectral_kurtosis": {
        "dmean": 2.8108355999,
        "dmean2": 4.80152702332,
        "dvar": 12.4844846725,
        "dvar2": 34.045375824,
        "max": 45.0098419189,
        "mean": 4.22262477875,
        "median": 2.9889729023,
        "min": -1.34025037289,
        "var": 20.4949474335
    },
    "spectral_rms": {
        "dmean": 0.000798530352768,
        "dmean2": 0.000974046997726,
        "dvar": 7.56952715619e-07,
        "dvar2": 1.14363490411e-06,
        "max": 0.0155587336048,
        "mean": 0.00415616482496,
        "median": 0.00403843494132,
        "min": 3.11848290246e-12,
        "var": 5.14489647685e-06
    },
    "spectral_rolloff": {
        "dmean": 520.603820801,
        "dmean2": 838.416015625,
        "dvar": 985301.5625,
        "dvar2": 1844404.375,
        "max": 19702.8808594,
        "mean": 1696.13000488,
        "median": 1055.12695312,
        "min": 21.533203125,
        "var": 6409854.5
    },
    "spectral_skewness": {
        "dmean": 0.333311915398,
        "dmean2": 0.529802799225,
        "dvar": 0.11293169111,
        "dvar2": 0.280621856451,
        "max": 4.84945392609,
        "mean": 1.22196280956,
        "median": 1.18696331978,
        "min": -0.478794574738,
        "var": 0.360698580742
    },
    "spectral_spread": {
        "dmean": 523037.75,
        "dmean2": 786950.0625,
        "dvar": 670672617472,
        "dvar2": 1.31088698573e+12,
        "max": 42492024,
        "mean": 3896763.5,
        "median": 3303988.5,
        "min": 1110363,
        "var": 1.88997351506e+13
    },
    "spectral_strongpeak": {
        "dmean": 0.642947852612,
        "dmean2": 1.04865336418,
        "dvar": 1.2982339859,
        "dvar2": 3.02472877502,
        "max": 14.9423322678,
        "mean": 1.27027368546,
        "median": 0.340261816978,
        "min": 0,
        "var": 3.40037488937
    },
    "zerocrossingrate": {
        "dmean": 0.0120651517063,
        "dmean2": 0.0125188315287,
        "dvar": 0.000291686970741,
        "dvar2": 0.000279764906736,
        "max": 0.52587890625,
        "mean": 0.0602963380516,
        "median": 0.04736328125,
        "min": 0.001953125,
        "var": 0.0044755092822
    },
    "barkbands": {
        "dmean": [0.000208311452297, 0.00358976121061, 0.0016137463972, 0.000258216983639, 0.000375101109967, 0.000462228577817, 0.000400084041758, 0.000724935671315, 0.00123058946338, 0.000818456581328, 0.000679177988786, 0.000578183680773, 0.00051168090431, 0.000465447606985, 0.000342490762705, 0.000208109850064, 0.000198724708753, 0.0002358549973, 0.000134504283778, 0.000155150555656, 7.66859448049e-05, 0.000104843667941, 9.26830616663e-05, 6.58618228044e-05, 1.07423511508e-05, 9.09918096426e-09, 9.13425335369e-10],
        "dmean2": [0.000348996429238, 0.00508469482884, 0.00243614125066, 0.000406820880016, 0.000560724525712, 0.000702678808011, 0.000606052984949, 0.00110099918675, 0.00173593871295, 0.00112279644236, 0.000958502292633, 0.000866919697728, 0.000737825932447, 0.000695945811458, 0.000520973815583, 0.000312109041261, 0.000298958620988, 0.000357555283699, 0.000204458396183, 0.000224040835747, 0.00011024329433, 0.000148329650983, 0.000131485707243, 9.5029703516e-05, 1.62263750099e-05, 1.41053506653e-08, 1.67972014076e-09],
        "dvar": [1.15970472336e-07, 4.90519341838e-05, 1.76095181814e-05, 2.25692943445e-07, 5.16869420153e-07, 1.25839267184e-06, 1.39472501814e-06, 7.3998935477e-06, 1.44353934957e-05, 6.82915515426e-06, 3.66924996342e-06, 4.15177692048e-06, 2.94274013868e-06, 2.05685705623e-06, 1.63462732417e-06, 3.48154969743e-07, 1.82332414056e-07, 1.90132212197e-07, 7.10854450858e-08, 1.5897884964e-07, 3.62538514764e-08, 7.62721086289e-08, 8.2313469818e-08, 8.02415982548e-08, 2.95520541371e-09, 2.34216320146e-15, 2.09875077431e-18],
        "dvar2": [3.0171750609e-07, 9.57538504736e-05, 3.77854521503e-05, 5.82509414926e-07, 1.08031019863e-06, 2.90283082904e-06, 3.14702833748e-06, 1.67869675352e-05, 2.86964896077e-05, 1.31761808007e-05, 6.59435636408e-06, 9.88273313851e-06, 6.35362675894e-06, 4.50047673439e-06, 3.78902927878e-06, 7.59904651204e-07, 3.86761882964e-07, 4.33610807704e-07, 1.67694238939e-07, 3.0921219718e-07, 7.27307920556e-08, 1.46330734196e-07, 1.65315597656e-07, 1.70201872152e-07, 5.97059202079e-09, 5.38713293267e-15, 6.56371869246e-18],
        "max": [0.00472884811461, 0.163166284561, 0.0797553211451, 0.0105232913047, 0.0216462183744, 0.0287475958467, 0.035480491817, 0.0529735200107, 0.0919350385666, 0.09746979177, 0.0696509927511, 0.0791886746883, 0.0411335304379, 0.0374311059713, 0.0305960234255, 0.0159692261368, 0.0145951043814, 0.0100638717413, 0.00545284291729, 0.00944491662085, 0.00502864317968, 0.00595968682319, 0.00616262387484, 0.00905188452452, 0.00172983005177, 1.66232848642e-06, 1.67233231707e-08],
        "mean": [0.00023684820917, 0.00647575967014, 0.00236029340886, 0.000350146350684, 0.000655283569358, 0.000888675043825, 0.000659102865029, 0.000975545088295, 0.00244994484819, 0.00158244010527, 0.00127337616868, 0.00102942809463, 0.00077055755537, 0.00075864372775, 0.000446716934675, 0.000307828158839, 0.000290539232083, 0.000375325296773, 0.000232567690546, 0.00027576633147, 0.000130951026222, 0.000193517247681, 0.000149384723045, 9.52472255449e-05, 1.51334197653e-05, 1.14982041666e-08, 7.81559983398e-10],
        "median": [0.000115624701721, 0.00212553702295, 0.000538516207598, 0.000157423972269, 0.000293015036732, 0.00032385828672, 0.000139556301292, 8.29012569739e-05, 0.000127674924443, 0.000102436242742, 9.86174782156e-05, 6.4408624894e-05, 8.0031066318e-05, 5.84126028116e-05, 5.47702329641e-05, 8.89126458787e-05, 9.28889276111e-05, 0.00015280264779, 9.42488841247e-05, 5.07098811795e-05, 3.56407326763e-05, 4.0243332478e-05, 2.33763021242e-05, 9.50964022195e-06, 9.45350336679e-07, 1.35709643523e-09, 2.29747984526e-10],
        "min": [2.99520501692e-25, 1.59325191787e-24, 8.40900382809e-25, 2.26613488723e-24, 1.06947300759e-23, 8.36669031521e-24, 6.51678427677e-24, 4.14431113672e-24, 1.24568615336e-23, 1.43543260238e-23, 8.58972338122e-24, 2.64416772208e-23, 3.27844060442e-23, 3.26722458007e-23, 4.81422057379e-23, 4.14258692344e-23, 6.05359804872e-23, 9.54670190494e-23, 1.18688780625e-22, 1.67020634836e-22, 2.60864537863e-22, 3.31349575289e-22, 3.94559346172e-22, 5.68399399543e-22, 9.33548345094e-22, 1.29333394526e-21, 1.95249541439e-21],
        "var": [1.22809154846e-07, 0.000105468956463, 2.71045864793e-05, 2.88763430945e-07, 1.11529084279e-06, 3.27212615048e-06, 2.80522249341e-06, 1.05812805486e-05, 5.04458039359e-05, 1.88612848433e-05, 1.40744059536e-05, 1.27766325022e-05, 5.80674804951e-06, 5.82975462748e-06, 2.28766452892e-06, 8.08401807717e-07, 4.85902887704e-07, 4.03918505754e-07, 1.6422330873e-07, 4.58729203956e-07, 9.19794231891e-08, 2.20119503069e-07, 1.89936017136e-07, 1.55959995141e-07, 6.01435612424e-09, 3.6669119313e-15, 1.82630622506e-18]
    },
    "erbbands": {
        "dmean": [0.117191553116, 0.765486180782, 1.92330491543, 1.09851896763, 0.951910614967, 1.37457919121, 2.74126815796, 4.04709196091, 4.09035921097, 10.4367361069, 16.8222503662, 25.0129623413, 29.2372283936, 21.02526474, 27.2205371857, 23.0567340851, 22.4592399597, 25.4691448212, 19.4108695984, 10.7231273651, 10.2797660828, 10.8263406754, 13.8302869797, 7.33271694183, 7.03025960922, 7.23736524582, 3.81844067574, 2.86952900887, 3.68520951271, 3.61896061897, 2.39430189133, 1.67142677307, 0.933037102222, 0.241696953773, 0.0120188631117, 0.00057177717099, 4.23795754614e-05, 7.76119577495e-06, 5.31023624717e-06, 9.36701781029e-06],
        "dmean2": [0.170901834965, 1.07107305527, 2.84890890121, 1.67945945263, 1.52444398403, 2.03332829475, 4.11622953415, 6.14244651794, 6.00716543198, 16.1229419708, 25.7837982178, 35.5137405396, 40.8471603394, 29.8601284027, 38.1517219543, 34.5216827393, 32.550907135, 37.3574562073, 29.2643451691, 15.4850730896, 15.2768821716, 16.319442749, 21.0107364655, 10.9908437729, 10.4055042267, 10.2865762711, 5.48128032684, 4.06567049026, 5.2460026741, 5.19991779327, 3.40541648865, 2.38176751137, 1.35014235973, 0.353430688381, 0.0176559779793, 0.000832425081171, 5.92553660681e-05, 1.05924164018e-05, 6.96169536241e-06, 1.22677110994e-05],
        "dvar": [0.0443937219679, 3.03963208199, 30.4544448853, 4.19490003586, 4.39358568192, 8.11542606354, 48.3059883118, 94.9676818848, 148.186798096, 1223.78466797, 3966.77441406, 8636.91015625, 7777.84375, 4932.75195312, 6677.88525391, 5773.18554688, 6110.99755859, 6110.59667969, 5118.12890625, 1085.85791016, 762.342346191, 522.974060059, 734.115356445, 167.336593628, 221.290985107, 383.324127197, 117.630828857, 51.8842544556, 98.3409194946, 103.798568726, 59.6503791809, 44.8979377747, 19.0136814117, 1.41279017925, 0.00361047312617, 7.71397481003e-06, 3.11452339474e-08, 7.5982875547e-10, 7.390547202e-11, 1.61260199638e-10],
        "dvar2": [0.0928069502115, 5.7618227005, 57.5250740051, 10.4751157761, 11.9481182098, 16.4860496521, 109.811347961, 215.427154541, 317.281677246, 2804.18261719, 9100.25976562, 17394.4511719, 15239.7216797, 9499.98730469, 11635.5390625, 13875.7509766, 13520.1435547, 13114.7929688, 11669.8974609, 2228.19702148, 1652.88293457, 1136.78039551, 1683.2064209, 385.473480225, 485.160919189, 762.727478027, 239.857650757, 95.4929351807, 198.44418335, 203.931365967, 119.799537659, 96.4382247925, 40.4800834656, 2.70100235939, 0.00687279645354, 1.45991862155e-05, 5.75725707108e-08, 1.4148364702e-09, 1.4171126772e-10, 2.97430996499e-10],
        "max": [3.0495762825, 44.0070533752, 112.966995239, 28.4871177673, 57.7325363159, 97.4123687744, 261.08682251, 278.342987061, 466.667785645, 709.376953125, 1324.01513672, 2896.57885742, 2851.76293945, 2393.42260742, 3137.28295898, 2166.79150391, 2011.67687988, 2198.40258789, 1978.55200195, 895.051696777, 1040.75256348, 745.296081543, 545.205505371, 236.658615112, 303.524536133, 523.56060791, 404.886047363, 197.991027832, 213.371322632, 266.674102783, 171.580459595, 186.048355103, 143.695724487, 39.7637825012, 2.57616662979, 0.115320824087, 0.00606628879905, 0.00079945550533, 0.000224683128181, 0.000272026547464],
        "mean": [0.209277540445, 1.35919654369, 2.87006187439, 1.71851122379, 1.27549469471, 2.44283127785, 4.99097204208, 7.6371884346, 7.61457920074, 16.3960971832, 25.5544071198, 49.8175392151, 68.1871109009, 42.5663070679, 53.1638679504, 43.2164344788, 36.2990646362, 45.6907348633, 27.9387893677, 16.6680297852, 16.4770565033, 16.3904151917, 21.5971546173, 13.7872362137, 12.658952713, 12.9411296844, 6.64670610428, 5.13942670822, 6.6052570343, 6.50717020035, 3.80612468719, 2.41237783432, 1.31955313683, 0.3548412323, 0.017643565312, 0.000876286998391, 7.5991913036e-05, 1.52255679495e-05, 1.55448979058e-05, 2.83228328044e-05],
        "median": [0.0570380873978, 0.478098779917, 0.704319834709, 0.694873332977, 0.568292021751, 0.847887277603, 2.0102994442, 2.83389997482, 2.09641265869, 3.35981225967, 2.20395207405, 3.03822946548, 4.14363336563, 3.61453676224, 4.52588891983, 3.57871866226, 4.16850280762, 4.14391136169, 3.22428631783, 3.97509050369, 5.56740856171, 5.7641544342, 8.38261985779, 5.98179197311, 4.47427177429, 2.5424156189, 1.67048573494, 1.31289744377, 1.53486692905, 1.06070053577, 0.586500763893, 0.286334246397, 0.11174402386, 0.0258235186338, 0.0013734260574, 9.90215339698e-05, 1.94029344129e-05, 4.61357922177e-06, 1.10701330414e-05, 2.18067762034e-05],
        "min": [9.65431515419e-23, 2.87830706611e-22, 1.28154551081e-21, 4.05051039701e-21, 1.16572342295e-20, 3.17931650573e-20, 6.52142409471e-20, 7.3561721174e-20, 7.33884656097e-20, 1.40568010144e-19, 1.8761788829e-19, 3.57450979819e-19, 4.24224023244e-19, 3.86573010657e-19, 7.83738275854e-19, 1.17889935997e-18, 1.58706863471e-18, 1.70037997092e-18, 2.39710282714e-18, 3.04536758192e-18, 3.60530392294e-18, 4.50018926863e-18, 4.09035932542e-18, 5.89649330368e-18, 7.14307351195e-18, 8.5510763624e-18, 9.31400902959e-18, 1.07876759586e-17, 1.09908828023e-17, 1.08563476659e-17, 1.14749158095e-17, 1.15689662451e-17, 9.47840125017e-18, 7.96539526558e-18, 6.47876352124e-18, 4.25708750405e-18, 2.50435982165e-18, 9.54231935726e-19, 2.4821418021e-19, 2.51324143437e-20],
        "var": [0.109436877072, 5.81513786316, 50.6509437561, 6.52576255798, 4.74976491928, 19.2354545593, 95.7227783203, 252.472122192, 394.572784424, 2089.28979492, 6382.56591797, 26861.9628906, 33675.6210938, 14401.2939453, 25725.7167969, 16949.8613281, 11282.6230469, 19124.6367188, 7783.35742188, 2258.73095703, 1902.77270508, 1320.74230957, 1535.22094727, 454.069488525, 535.197692871, 1046.92956543, 295.372039795, 152.759246826, 258.799499512, 273.220184326, 132.92741394, 80.4074020386, 37.5642127991, 3.14482140541, 0.00804365891963, 1.76001722139e-05, 7.72003261318e-08, 1.96386951146e-09, 2.68967764727e-10, 6.68535504733e-10]
    },
    "gfcc": {
        "mean": [-97.1071090698, 137.330963135, -154.989074707, 57.9107284546, -55.4498100281, 14.1299228668, -12.0269031525, -1.65187776089, 3.45509409904, -16.555639267, 9.77373790741, -9.4799041748, 3.64138960838],
        "cov": [[26124.2753906, -710.768798828, -3118.20849609, 1201.31347656, -2786.97094727, 1585.12902832, -809.58996582, 352.354919434, 82.1592559814, -453.132354736, 393.166442871, -492.058227539, 95.8585357666], [-710.768798828, 2463.85864258, -86.8069610596, -277.616119385, 1081.93835449, -658.188049316, 445.677307129, -278.588745117, 72.0883026123, -35.564163208, -37.3668937683, 91.6377258301, -52.4278411865], [-3118.20849609, -86.8069610596, 1217.06445312, 247.47064209, 349.746124268, -22.5471763611, -27.1881256104, -0.401680141687, -23.0563983917, 67.7040710449, -32.0473136902, 51.2423744202, -5.18818807602], [1201.31347656, -277.616119385, 247.47064209, 807.106750488, -41.0317611694, -17.2045822144, -198.322097778, -13.907201767, 66.8461456299, -18.968580246, -34.6120834351, 28.1890926361, 38.1248893738], [-2786.97094727, 1081.93835449, 349.746124268, -41.0317611694, 1109.8770752, -406.632476807, 287.150268555, -142.027252197, 27.1883850098, 51.8772354126, -121.933540344, 102.940490723, -39.9682121277], [1585.12902832, -658.188049316, -22.5471763611, -17.2045822144, -406.632476807, 610.535400391, -73.7658691406, 132.749023438, -68.1176223755, -33.1081962585, 63.6465072632, -128.546218872, -8.86847496033], [-809.58996582, 445.677307129, -27.1881256104, -198.322097778, 287.150268555, -73.7658691406, 399.740142822, 18.7612133026, 18.1528015137, -3.08982014656, -24.158000946, 19.112411499, -61.3928833008], [352.354919434, -278.588745117, -0.401680141687, -13.907201767, -142.027252197, 132.749023438, 18.7612133026, 223.714050293, 42.8524131775, 7.19300365448, 14.0582523346, -43.6850967407, 2.5559720993], [82.1592559814, 72.0883026123, -23.0563983917, 66.8461456299, 27.1883850098, -68.1176223755, 18.1528015137, 42.8524131775, 178.926773071, 42.3554840088, -8.45156764984, 3.07985687256, -7.0645699501], [-453.132354736, -35.564163208, 67.7040710449, -18.968580246, 51.8772354126, -33.1081962585, -3.08982014656, 7.19300365448, 42.3554840088, 129.090713501, 12.1355447769, 2.9072766304, 8.7665681839], [393.166442871, -37.3668937683, -32.0473136902, -34.6120834351, -121.933540344, 63.6465072632, -24.158000946, 14.0582523346, -8.45156764984, 12.1355447769, 130.126800537, 28.6320667267, 1.98463654518], [-492.058227539, 91.6377258301, 51.2423744202, 28.1890926361, 102.940490723, -128.546218872, 19.112411499, -43.6850967407, 3.07985687256, 2.9072766304, 28.6320667267, 144.80632019, 24.2880744934], [95.8585357666, -52.4278411865, -5.18818807602, 38.1248893738, -39.9682121277, -8.86847496033, -61.3928833008, 2.5559720993, -7.0645699501, 8.7665681839, 1.98463654518, 24.2880744934, 102.524467468]],
        "icov": [[0.000185873810551, -0.000387064443203, 0.000440612435341, -0.00049392983783, 0.000413989502704, -0.000558998435736, 0.000231912476011, -0.000280253851088, 0.000114568822028, -9.82017809292e-05, 8.18715780042e-05, -0.000128756291815, 0.000138352726935], [-0.000387064443203, 0.00216082809493, -0.000736121437512, 0.00124251516536, -0.00198936089873, 0.00205290946178, -0.00118136336096, 0.00159476231784, -0.000948528118897, 0.00152846763376, -0.00189140776638, 0.00173189374618, -0.000947270193137], [0.000440612435341, -0.000736121437512, 0.0021752261091, -0.0015051860828, 0.000339279591572, -0.00146780884825, 0.000724659883417, -0.000897078658454, 0.000673933769576, -0.000719365256373, 8.01087226137e-05, -0.00053655449301, 0.000576507882215], [-0.00049392983783, 0.00124251516536, -0.0015051860828, 0.00305665563792, -0.00125393085182, 0.001515967655, 0.000131236462039, 0.00106477586087, -0.00141487666406, 0.00118303683121, 6.65349361952e-05, 0.000115939299576, -0.000648687360808], [0.000413989502704, -0.00198936089873, 0.000339279591572, -0.00125393085182, 0.00378412101418, -0.00125765870325, -9.49807581492e-05, -0.00072606606409, 0.000895540462807, -0.00184460240416, 0.00278874789365, -0.0019293470541, 0.00102924206294], [-0.000558998435736, 0.00205290946178, -0.00146780884825, 0.001515967655, -0.00125765870325, 0.00533823110163, -0.0013660985278, 0.000441765703727, 0.000348282395862, 0.00152521708515, -0.00266995513812, 0.0036013731733, -0.000831033277791], [0.000231912476011, -0.00118136336096, 0.000724659883417, 0.000131236462039, -9.49807581492e-05, -0.0013660985278, 0.00482575269416, -0.0019450559048, 0.000123334364616, -0.000238907872699, 0.00123908591922, -0.00175570463762, 0.00237080361694], [-0.000280253851088, 0.00159476231784, -0.000897078658454, 0.00106477586087, -0.00072606606409, 0.000441765703727, -0.0019450559048, 0.00742876157165, -0.00277367699891, 0.00114047713578, -0.00142933567986, 0.00216402765363, -0.00173219467979], [0.000114568822028, -0.000948528118897, 0.000673933769576, -0.00141487666406, 0.000895540462807, 0.000348282395862, 0.000123334364616, -0.00277367699891, 0.00810932926834, -0.00338651495986, 0.00114388286602, -0.000734649016522, 0.00149057165254], [-9.82017809292e-05, 0.00152846763376, -0.000719365256373, 0.00118303683121, -0.00184460240416, 0.00152521708515, -0.000238907872699, 0.00114047713578, -0.00338651495986, 0.0109659079462, -0.00356771703809, 0.0026731363032, -0.00209678104147], [8.18715780042e-05, -0.00189140776638, 8.01087226137e-05, 6.65349361952e-05, 0.00278874789365, -0.00266995513812, 0.00123908591922, -0.00142933567986, 0.00114388286602, -0.00356771703809, 0.0130194639787, -0.00641295779496, 0.00222047348507], [-0.000128756291815, 0.00173189374618, -0.00053655449301, 0.000115939299576, -0.0019293470541, 0.0036013731733, -0.00175570463762, 0.00216402765363, -0.000734649016522, 0.0026731363032, -0.00641295779496, 0.0128620415926, -0.00381222111173], [0.000138352726935, -0.000947270193137, 0.000576507882215, -0.000648687360808, 0.00102924206294, -0.000831033277791, 0.00237080361694, -0.00173219467979, 0.00149057165254, -0.00209678104147, 0.00222047348507, -0.00381222111173, 0.0123447403312]]
    },
    "melbands": {
        "dmean": [0.000983666745014, 0.000956589297857, 0.000197912071599, 6.71246452839e-05, 9.39953024499e-05, 8.90911032911e-05, 6.85037957737e-05, 0.000122930621728, 0.000147380269482, 0.00017055538774, 0.000144069155795, 8.60679865582e-05, 9.27453438635e-05, 7.47627418605e-05, 5.15620231454e-05, 5.00892820128e-05, 4.96636639582e-05, 3.18162019539e-05, 2.06202166737e-05, 1.45089197758e-05, 1.34855736178e-05, 1.1810648175e-05, 1.36072303576e-05, 1.05597482616e-05, 6.17083833276e-06, 5.28331156602e-06, 6.03453463555e-06, 4.91346918352e-06, 2.68795679403e-06, 1.82527935522e-06, 1.83927409125e-06, 2.18762579607e-06, 2.27893110605e-06, 2.04984416996e-06, 1.46635170495e-06, 1.25375095195e-06, 9.88636315924e-07, 7.39062329558e-07, 4.478233393e-07, 1.30106272422e-07],
        "dmean2": [0.00140454550274, 0.00136352097616, 0.000303154665744, 0.000101675475889, 0.000138707051519, 0.000135134119773, 0.000101512610854, 0.000189363097888, 0.000224922769121, 0.000240339912125, 0.000202289287699, 0.000121985955047, 0.000129800129798, 0.000110200191557, 7.46383884689e-05, 7.32430344215e-05, 7.31506952434e-05, 4.90975362482e-05, 3.0890591006e-05, 2.16331118281e-05, 2.02786759473e-05, 1.803255509e-05, 2.08411602216e-05, 1.60319777933e-05, 9.3452326837e-06, 8.11719655758e-06, 8.83083430381e-06, 7.137373359e-06, 3.9619508243e-06, 2.69851034318e-06, 2.65166204372e-06, 3.19632181345e-06, 3.30357556777e-06, 3.0172031984e-06, 2.12501231545e-06, 1.83569000001e-06, 1.42444196172e-06, 1.09211600829e-06, 6.53550216612e-07, 1.95371470113e-07],
        "dvar": [3.03363526655e-06, 7.08121388016e-06, 1.46954803881e-07, 1.61012483346e-08, 4.38079901244e-08, 4.5448661723e-08, 3.9755793324e-08, 1.83560899814e-07, 2.89917380769e-07, 3.55614247383e-07, 1.93798314285e-07, 9.50160625734e-08, 7.48464117351e-08, 6.42112354399e-08, 3.33728635837e-08, 2.68426614269e-08, 2.64077169021e-08, 1.42915022039e-08, 5.9004805486e-09, 2.10305328707e-09, 1.66246882927e-09, 7.26043836163e-10, 7.77703346166e-10, 4.26433360845e-10, 1.34776370619e-10, 1.48305812075e-10, 2.30583260818e-10, 2.23949497835e-10, 7.396387669e-11, 2.42464208433e-11, 2.30058281453e-11, 3.75451961188e-11, 3.74272869641e-11, 3.78667305845e-11, 2.20677521395e-11, 2.27532038349e-11, 1.76536337632e-11, 1.21898637018e-11, 4.55116716883e-12, 4.86215668422e-13],
        "dvar2": [6.15822864347e-06, 1.25909973576e-05, 3.69323174709e-07, 3.74341020404e-08, 9.48164142756e-08, 1.0227509506e-07, 8.74603856005e-08, 4.22251304144e-07, 6.65040431613e-07, 7.08822256001e-07, 3.80957061452e-07, 1.84150636073e-07, 1.3034232893e-07, 1.5543275822e-07, 7.35583967071e-08, 5.83469663695e-08, 5.63882665006e-08, 3.24797895246e-08, 1.31479893639e-08, 4.40516956246e-09, 3.61491681033e-09, 1.62254287783e-09, 1.73372027845e-09, 9.68303437432e-10, 3.14217818431e-10, 3.4063063481e-10, 4.7651210755e-10, 4.4940171029e-10, 1.59289068047e-10, 5.11535327985e-11, 4.43543569928e-11, 8.13973610736e-11, 7.90980475562e-11, 7.90029083819e-11, 4.58925709934e-11, 5.03497521454e-11, 3.85079676479e-11, 2.6839317227e-11, 8.99073957644e-12, 9.97539399174e-13],
        "max": [0.0324350483716, 0.0613998658955, 0.00595830474049, 0.00357363629155, 0.00698016956449, 0.00635681627318, 0.00764962658286, 0.00912813097239, 0.0132454670966, 0.018364707008, 0.0137383677065, 0.011895778589, 0.0112131843343, 0.00923497695476, 0.00564434332773, 0.00383363245055, 0.0049384245649, 0.00331435305998, 0.00183585402556, 0.00147476850543, 0.00169334665406, 0.000815990497358, 0.00124212913215, 0.000450863910373, 0.00021624105284, 0.000302034197375, 0.000555430073291, 0.000465022836579, 0.000294949539239, 0.000172196159838, 0.000136883041705, 0.000140588585055, 0.000128529703943, 0.0001636443194, 9.26868597162e-05, 0.000174645101652, 0.000117184390547, 0.000114017260785, 5.76281490794e-05, 2.63086185441e-05],
        "mean": [0.00182161759585, 0.00162467325572, 0.000313283671858, 0.000113424321171, 0.000177333859028, 0.000171579362359, 0.000123651581816, 0.000185647848411, 0.00022725953022, 0.000341784470947, 0.000328716880176, 0.000158076290973, 0.00017797073815, 0.000137781258672, 8.26014802442e-05, 7.8609904449e-05, 8.47182818688e-05, 4.24236968684e-05, 2.86908853013e-05, 1.99587466341e-05, 2.001042958e-05, 1.64473603945e-05, 1.98775505851e-05, 1.68020415003e-05, 1.05001117845e-05, 8.81537198438e-06, 9.93218782241e-06, 8.35142782307e-06, 4.3979853217e-06, 2.87857778858e-06, 3.05538424072e-06, 3.64189781976e-06, 3.98403972213e-06, 3.45250009559e-06, 2.24119321501e-06, 1.75444358774e-06, 1.36384858251e-06, 1.00363638467e-06, 6.22568904873e-07, 1.80764288871e-07],
        "median": [0.000556779152248, 0.000554443220608, 0.000130574771902, 5.61874476261e-05, 7.35554422135e-05, 6.21639337623e-05, 3.16856312566e-05, 3.51053204213e-05, 1.33021321744e-05, 1.86651632248e-05, 1.80010665645e-05, 1.05281305878e-05, 1.47481532622e-05, 9.79735614237e-06, 7.49776336306e-06, 8.52174798638e-06, 6.18027570454e-06, 4.23831033913e-06, 3.78418917535e-06, 4.91142372994e-06, 5.98983751843e-06, 5.00798250869e-06, 7.24772598915e-06, 6.1411774368e-06, 3.92430956708e-06, 3.05859657601e-06, 1.96196924662e-06, 1.45921285366e-06, 1.00058559838e-06, 7.09930532139e-07, 6.61436558858e-07, 8.05489321465e-07, 6.40563825982e-07, 5.37210667062e-07, 3.01654779378e-07, 2.08696008031e-07, 1.29230485868e-07, 7.36476692964e-08, 4.2871725725e-08, 1.11431823768e-08],
        "min": [7.32966362997e-25, 1.26735178425e-24, 1.37835496602e-24, 1.0228149616e-24, 2.23278875069e-24, 1.64078177348e-24, 9.02564456479e-25, 1.85182652032e-24, 1.5754028552e-24, 1.67729459491e-24, 1.66950893221e-24, 1.39087951339e-24, 1.58969533848e-24, 2.79388618549e-24, 2.73875723277e-24, 3.53463722511e-24, 2.75032627238e-24, 3.23163654028e-24, 3.29512406593e-24, 2.22668257286e-24, 4.20840529641e-24, 3.21218500529e-24, 3.83095901909e-24, 3.95832100667e-24, 5.02470870037e-24, 3.46719356202e-24, 4.64532300852e-24, 5.41090620615e-24, 5.3860334218e-24, 4.98347967402e-24, 6.12869863242e-24, 5.93995458894e-24, 5.90138323498e-24, 5.53346324195e-24, 5.43514869062e-24, 6.14764667693e-24, 6.54179747835e-24, 5.94361924228e-24, 5.44044076401e-24, 6.74807632202e-24],
        "var": [7.45597299101e-06, 1.27519633679e-05, 2.22399606287e-07, 3.06943377382e-08, 9.77616849696e-08, 1.28759751306e-07, 9.67751176972e-08, 2.87754943429e-07, 5.12210363013e-07, 1.1681217984e-06, 8.10402696061e-07, 2.534401915e-07, 2.94791561828e-07, 2.18364647253e-07, 6.69523743113e-08, 5.74985214996e-08, 8.00839146109e-08, 2.15463504816e-08, 9.62747392919e-09, 4.42448033766e-09, 3.88489329595e-09, 1.52965873301e-09, 1.92414284506e-09, 9.35284183434e-10, 3.20968085443e-10, 3.10449027596e-10, 5.66747149211e-10, 5.77245196087e-10, 1.67971955789e-10, 5.18991655207e-11, 6.2500483955e-11, 8.65281110651e-11, 9.53001011439e-11, 8.74714051191e-11, 4.79778543283e-11, 3.7418793758e-11, 3.04496983183e-11, 2.25735680148e-11, 9.65359823329e-12, 9.52187330719e-13]
    },
    "mfcc": {
        "mean": [-701.408874512, 126.775390625, -12.8900432587, 30.9953136444, 0.315662175417, 11.5059919357, 2.45734167099, 16.9401779175, -0.658174335957, 4.53782224655, 3.70523333549, 4.486079216, 1.9259622097],
        "cov": [[12925.0087891, -1279.02807617, -538.407775879, -466.465393066, -1080.63989258, 154.503967285, -316.945892334, 365.065246582, -302.739440918, 370.722137451, 68.3470611572, -33.887424469, -166.300033569], [-1279.02807617, 2435.25219727, -474.703582764, 263.222930908, 340.695800781, 9.66783237457, 234.691833496, 14.0022716522, 75.9911117554, -133.990921021, 72.3831253052, 20.241355896, 66.1936340332], [-538.407775879, -474.703582764, 818.197265625, 106.317741394, 134.265991211, 64.561126709, -9.53569126129, -3.41091871262, -14.1397953033, 23.132982254, -60.7922058105, 65.1056137085, 6.08144855499], [-466.465393066, 263.222930908, 106.317741394, 817.635742188, 305.353546143, 21.0966014862, -97.7422866821, -36.4826164246, 83.3369750977, -104.971359253, -62.5248031616, 58.3638954163, 43.5363273621], [-1080.63989258, 340.695800781, 134.265991211, 305.353546143, 531.725280762, 78.1715927124, 38.0579147339, -58.8110084534, 77.2679824829, -65.6687545776, -38.1251373291, 35.1483078003, 6.38261651993], [154.503967285, 9.66783237457, 64.561126709, 21.0966014862, 78.1715927124, 217.6118927, 72.2423477173, 13.4829998016, -2.24283909798, 6.33036708832, 3.47116947174, -7.90200328827, -17.5754909515], [-316.945892334, 234.691833496, -9.53569126129, -97.7422866821, 38.0579147339, 72.2423477173, 267.821685791, 75.2072219849, 21.1757202148, -7.5424118042, 35.3136329651, -11.5110521317, -0.724719464779], [365.065246582, 14.0022716522, -3.41091871262, -36.4826164246, -58.8110084534, 13.4829998016, 75.2072219849, 192.906570435, 22.4967155457, 20.4578742981, 51.3859138489, -11.1737518311, -5.92936658859], [-302.739440918, 75.9911117554, -14.1397953033, 83.3369750977, 77.2679824829, -2.24283909798, 21.1757202148, 22.4967155457, 173.458572388, 47.3494262695, 6.51269578934, 10.1494903564, 10.6930818558], [370.722137451, -133.990921021, 23.132982254, -104.971359253, -65.6687545776, 6.33036708832, -7.5424118042, 20.4578742981, 47.3494262695, 195.289489746, 38.6624908447, 3.69060277939, -7.34658670425], [68.3470611572, 72.3831253052, -60.7922058105, -62.5248031616, -38.1251373291, 3.47116947174, 35.3136329651, 51.3859138489, 6.51269578934, 38.6624908447, 154.406066895, -5.19380903244, -3.98943424225], [-33.887424469, 20.241355896, 65.1056137085, 58.3638954163, 35.1483078003, -7.90200328827, -11.5110521317, -11.1737518311, 10.1494903564, 3.69060277939, -5.19380903244, 117.263961792, 32.1265563965], [-166.300033569, 66.1936340332, 6.08144855499, 43.5363273621, 6.38261651993, -17.5754909515, -0.724719464779, -5.92936658859, 10.6930818558, -7.34658670425, -3.98943424225, 32.1265563965, 116.096252441]],
