{
"lowlevel": {
    "average_loudness": 0.87719720602,
    "barkbands_crest": {
        "dmean": 3.06587719917,
        "dmean2": 5.02573299408,
        "dvar": 7.16601800919,
        "dvar2": 19.7693424225,
        "max": 25.1425018311,
        "mean": 13.4759864807,
        "median": 13.0747346878,
        "min": 3.44123458862,
        "var": 19.7817459106
    },
    "barkbands_flatness_db": {
        "dmean": 0.0222315229475,
        "dmean2": 0.0344200246036,
        "dvar": 0.000378692318918,
        "dvar2": 0.00089987058891,
        "max": 0.362769544125,
        "mean": 0.181281119585,
        "median": 0.179847091436,
        "min": 0.032771743834,
        "var": 0.00250147748739
    },
    "barkbands_kurtosis": {
        "dmean": 4.51472330093,
        "dmean2": 7.03158521652,
        "dvar": 32.161441803,
        "dvar2": 80.6194839478,
        "max": 82.8587188721,
        "mean": 10.8319606781,
        "median": 9.07729148865,
        "min": -1.94753348827,
        "var": 94.7588195801
    },
    "barkbands_skewness": {
        "dmean": 0.569270312786,
        "dmean2": 0.863251149654,
        "dvar": 0.314107358456,
        "dvar2": 0.727085053921,
        "max": 7.82998085022,
        "mean": 2.47821474075,
        "median": 2.43900179863,
        "min": -2.64152979851,
        "var": 1.26514101028
    },
    "barkbands_spread": {
        "dmean": 5.51570367813,
        "dmean2": 7.84464597702,
        "dvar": 86.3199157715,
        "dvar2": 145.849822998,
        "max": 117.478012085,
        "mean": 18.7959384918,
        "median": 11.7326669693,
        "min": 1.35317230225,
        "var": 428.187805176
    },
    "dissonance": {
        "dmean": 0.0196324344724,
        "dmean2": 0.0328189991415,
        "dvar": 0.00030496364343,
        "dvar2": 0.000794722465798,
        "max": 0.5,
        "mean": 0.453519910574,
        "median": 0.458741784096,
        "min": 0.314066469669,
        "var": 0.000910308561288
    },
    "dynamic_complexity": 3.2707297802,
    "erbbands_crest": {
        "dmean": 3.0191090107,
        "dmean2": 4.58877325058,
        "dvar": 8.20636844635,
        "dvar2": 17.5701084137,
        "max": 30.6599388123,
        "mean": 11.9468336105,
        "median": 10.0832681656,
        "min": 2.72935962677,
        "var": 44.5272827148
    },
    "erbbands_flatness_db": {
        "dmean": 0.0173098575324,
        "dmean2": 0.0242435503751,
        "dvar": 0.000245949020609,
        "dvar2": 0.000484806339955,
        "max": 0.285807430744,
        "mean": 0.147541299462,
        "median": 0.143261432648,
        "min": 0.0467002168298,
        "var": 0.00163247645833
    },
    "erbbands_kurtosis": {
        "dmean": 1.86460912228,
        "dmean2": 2.78642940521,
        "dvar": 9.45727157593,
        "dvar2": 20.0073242188,
        "max": 65.9440460205,
        "mean": 2.40803694725,
        "median": 0.641664743423,
        "min": -1.81038880348,
        "var": 30.5299224854
    },
    "erbbands_skewness": {
        "dmean": 0.49054351449,
        "dmean2": 0.690436065197,
        "dvar": 0.23431172967,
        "dvar2": 0.445973426104,
        "max": 6.57526731491,
        "mean": 1.08801865578,
        "median": 1.03213524818,
        "min": -4.08786582947,
        "var": 1.64621424675
    },
    "erbbands_spread": {
        "dmean": 9.29033088684,
        "dmean2": 14.2251586914,
        "dvar": 98.5114746094,
        "dvar2": 217.403945923,
        "max": 132.330825806,
        "mean": 45.4319572449,
        "median": 42.9792938232,
        "min": 3.74925422668,
        "var": 448.22354126
    },
    "hfc": {
        "dmean": 7.16864204407,
        "dmean2": 9.2126159668,
        "dvar": 348.900756836,
        "dvar2": 564.20324707,
        "max": 464.338775635,
        "mean": 19.6183166504,
        "median": 11.5561885834,
        "min": 1.19336407296e-16,
        "var": 1157.80285645
    },
    "melbands_crest": {
        "dmean": 3.52885198593,
        "dmean2": 5.86197090149,
        "dvar": 9.56514930725,
        "dvar2": 26.6541900635,
        "max": 30.6954956055,
        "mean": 16.6180458069,
        "median": 15.9714050293,
        "min": 1.77050554752,
        "var": 24.1020336151
    },
    "melbands_flatness_db": {
        "dmean": 0.0256307628006,
        "dmean2": 0.0391016490757,
        "dvar": 0.000560264103115,
        "dvar2": 0.00123906112276,
        "max": 0.48636546731,
        "mean": 0.247732311487,
        "median": 0.248495876789,
        "min": 0.00367807713337,
        "var": 0.00430615618825
    },
    "melbands_kurtosis": {
        "dmean": 9.48397159576,
        "dmean2": 15.2398443222,
        "dvar": 134.721679688,
        "dvar2": 340.905059814,
        "max": 137.266159058,
        "mean": 24.0401344299,
        "median": 20.0025501251,
        "min": -1.89927423,
        "var": 296.838348389
    },
    "melbands_skewness": {
        "dmean": 0.783224582672,
        "dmean2": 1.23842692375,
        "dvar": 0.605153501034,
        "dvar2": 1.46976685524,
        "max": 9.44162845612,
        "mean": 3.39457607269,
        "median": 3.25676965714,
        "min": -0.271526128054,
        "var": 1.99268233776
    },
    "melbands_spread": {
        "dmean": 5.40693759918,
        "dmean2": 7.7163066864,
        "dvar": 136.017944336,
        "dvar2": 235.499801636,
        "max": 275.926330566,
        "mean": 15.1674919128,
        "median": 9.1397857666,
        "min": 1.12404978275,
        "var": 464.518768311
    },
    "pitch_salience": {
        "dmean": 0.070553869009,
        "dmean2": 0.11749266088,
        "dvar": 0.00420221034437,
        "dvar2": 0.0110747897997,
        "max": 0.98624509573,
        "mean": 0.499688208103,
        "median": 0.494230300188,
        "min": 0.133208200336,
        "var": 0.0110241891816
    },
    "silence_rate_20dB": {
        "dmean": 0,
        "dmean2": 0,
        "dvar": 0,
        "dvar2": 0,
        "max": 1,
        "mean": 1,
        "median": 1,
        "min": 1,
        "var": 0
    },
    "silence_rate_30dB": {
        "dmean": 0.0324574969709,
        "dmean2": 0.0649400874972,
        "dvar": 0.0314037464559,
        "dvar2": 0.0761838927865,
        "max": 1,
        "mean": 0.97296255827,
        "median": 1,
        "min": 0,
        "var": 0.0263068899512
    },
    "silence_rate_60dB": {
        "dmean": 0.00927357003093,
        "dmean2": 0.018554309383,
        "dvar": 0.00918740872294,
        "dvar2": 0.023620929569,
        "max": 1,
        "mean": 0.0424874462187,
        "median": 0,
        "min": 0,
        "var": 0.0406845659018
    },
    "spectral_centroid": {
        "dmean": 228.065078735,
        "dmean2": 316.411865234,
        "dvar": 163333.796875,
        "dvar2": 223211.8125,
        "max": 11493.7939453,
        "mean": 983.804626465,
        "median": 715.235290527,
        "min": 225.9556427,
        "var": 626486.75
    },
    "spectral_complexity": {
        "dmean": 2.64760422707,
        "dmean2": 4.03710842133,
        "dvar": 8.23827457428,
        "dvar2": 16.3294506073,
        "max": 51,
        "mean": 12.2139825821,
        "median": 11,
        "min": 0,
        "var": 42.6170654297
    },
    "spectral_decrease": {
        "dmean": 3.17460679966e-09,
        "dmean2": 4.9235309163e-09,
        "dvar": 2.35859318557e-17,
        "dvar2": 5.29124806189e-17,
        "max": 3.04883557437e-29,
        "mean": -8.3804891915e-09,
        "median": -6.20121287653e-09,
        "min": -6.04051280106e-08,
        "var": 5.27888171173e-17
    },
    "spectral_energy": {
        "dmean": 0.0124120302498,
        "dmean2": 0.0191239267588,
        "dvar": 0.000345841050148,
        "dvar2": 0.000777463428676,
        "max": 0.230922788382,
        "mean": 0.0334093458951,
        "median": 0.0251617357135,
        "min": 1.08079499616e-20,
        "var": 0.000798348686658
    },
    "spectral_energyband_high": {
        "dmean": 0.000624316220637,
        "dmean2": 0.000767087913118,
        "dvar": 5.62447758057e-06,
        "dvar2": 9.71605822997e-06,
        "max": 0.0550255812705,
        "mean": 0.00134096073452,
        "median": 0.000330715236487,
        "min": 7.53079608394e-21,
        "var": 1.5897787307e-05
    },
    "spectral_energyband_low": {
        "dmean": 0.00863579381257,
        "dmean2": 0.0140985772014,
        "dvar": 0.000261609035078,
        "dvar2": 0.000613667536527,
        "max": 0.196947842836,
        "mean": 0.0155390920117,
        "median": 0.0100410832092,
        "min": 5.21986862848e-23,
        "var": 0.00037548673572
    },
    "spectral_energyband_middle_high": {
        "dmean": 0.000651863403618,
        "dmean2": 0.00101859739516,
        "dvar": 1.96871701519e-06,
        "dvar2": 4.45396699433e-06,
        "max": 0.0373277254403,
        "mean": 0.00157355575357,
        "median": 0.000928160618059,
        "min": 1.50270131506e-21,
        "var": 4.8734068514e-06
    },
    "spectral_energyband_middle_low": {
        "dmean": 0.00609357794747,
        "dmean2": 0.00910096708685,
        "dvar": 6.6027205321e-05,
        "dvar2": 0.000147599843331,
        "max": 0.120849780738,
        "mean": 0.0162815861404,
        "median": 0.0109826484695,
        "min": 2.93096031298e-22,
        "var": 0.000249144359259
    },
    "spectral_entropy": {
        "dmean": 0.170943036675,
        "dmean2": 0.23919737339,
        "dvar": 0.0274981148541,
        "dvar2": 0.0493128746748,
        "max": 9.81064510345,
        "mean": 7.47580528259,
        "median": 7.47299766541,
        "min": 5.94401550293,
        "var": 0.252442479134
    },
    "spectral_flux": {
        "dmean": 0.0263314023614,
        "dmean2": 0.0425838045776,
        "dvar": 0.00113307032734,
        "dvar2": 0.00270924950019,
        "max": 0.378533184528,
        "mean": 0.0770498514175,
        "median": 0.0646391659975,
        "min": 1.04716096905e-10,
        "var": 0.00247112195939
    },
    "spectral_kurtosis": {
        "dmean": 1.13268816471,
        "dmean2": 1.85625505447,
        "dvar": 2.78001308441,
        "dvar2": 7.80032300949,
        "max": 34.7459754944,
        "mean": 3.53933215141,
        "median": 2.76467561722,
        "min": -1.34288072586,
        "var": 10.8005857468
    },
    "spectral_rms": {
        "dmean": 0.000961892306805,
        "dmean2": 0.0014575998066,
        "dvar": 1.20484776289e-06,
        "dvar2": 2.56657813225e-06,
        "max": 0.0150096807629,
        "mean": 0.00525949615985,
        "median": 0.00495459744707,
        "min": 3.24720523907e-12,
        "var": 4.93212701258e-06
    },
    "spectral_rolloff": {
        "dmean": 396.020019531,
        "dmean2": 620.061340332,
        "dvar": 1209081,
        "dvar2": 2132638.25,
        "max": 19487.5488281,
        "mean": 1044.92675781,
        "median": 387.59765625,
        "min": 86.1328125,
        "var": 3926777
    },
    "spectral_skewness": {
        "dmean": 0.185242071748,
        "dmean2": 0.276998758316,
        "dvar": 0.0375932864845,
        "dvar2": 0.0816753581166,
        "max": 4.21909761429,
        "mean": 1.52167916298,
        "median": 1.49083375931,
        "min": -0.228390708566,
        "var": 0.29584005475
    },
    "spectral_spread": {
        "dmean": 502934.15625,
        "dmean2": 709451.125,
        "dvar": 1.04674603827e+12,
        "dvar2": 1.10065955635e+12,
        "max": 40791420,
        "mean": 5699947,
        "median": 5496147.5,
        "min": 1578440.375,
        "var": 4.17490350899e+12
    },
    "spectral_strongpeak": {
        "dmean": 0.391704916954,
        "dmean2": 0.634714663029,
        "dvar": 0.298774808645,
        "dvar2": 0.662276804447,
        "max": 9.92216491699,
        "mean": 0.857388138771,
        "median": 0.401868134737,
        "min": 0,
        "var": 0.842492043972
    },
    "zerocrossingrate": {
        "dmean": 0.0110001014546,
        "dmean2": 0.012539787218,
        "dvar": 0.000349783280399,
        "dvar2": 0.000420482509071,
        "max": 0.4951171875,
        "mean": 0.0519051067531,
        "median": 0.03662109375,
        "min": 0.00244140625,
        "var": 0.00258853868581
    },
    "barkbands": {
        "dmean": [0.000252289872151, 0.00765454024076, 0.00144400424324, 0.000951067951974, 0.00135133892763, 0.00378647469915, 0.00136074819602, 0.000172878062585, 0.000357321900083, 0.000283544097329, 0.000181973548024, 8.3052640548e-05, 6.98542426107e-05, 0.000104214988824, 6.22839652351e-05, 5.67339156987e-05, 7.0651563874e-05, 5.6538690842e-05, 0.000103230733657, 6.18925841991e-05, 0.000105519349745, 0.00010808440129, 0.000164604221936, 0.000189089405467, 0.00012128657545, 2.60073975369e-05, 6.63401511503e-09],
        "dmean2": [0.000412314810092, 0.0125700067729, 0.00244522304274, 0.00157790340018, 0.00217695138417, 0.00558903859928, 0.00208270410076, 0.0002842824033, 0.000553046527784, 0.000454397144495, 0.00030187604716, 0.000139406925882, 0.00012203418737, 0.000171048377524, 9.95824302663e-05, 9.18574078241e-05, 0.00010868292884, 8.79838116816e-05, 0.000161295785801, 9.35691350605e-05, 0.000162707758136, 0.00016009346291, 0.000231245561736, 0.000220541842282, 0.000140491771162, 3.56687451131e-05, 1.1371406039e-08],
        "dvar": [2.43473351702e-07, 0.00021125015337, 1.3038103134e-05, 4.68766802442e-06, 7.28550185158e-06, 3.82935759262e-05, 1.12873094622e-05, 1.80370378189e-07, 4.72465103485e-07, 8.74349609603e-07, 1.27551658125e-07, 2.38662796193e-08, 2.37947297421e-08, 3.1923775623e-07, 2.06955057536e-08, 1.4937167947e-08, 1.8984882999e-08, 2.47764102568e-08, 1.9613507618e-07, 3.11147836385e-08, 3.55108966232e-07, 2.47004493303e-07, 4.2112114329e-07, 8.06396087683e-07, 3.03326459061e-07, 1.18295373497e-08, 1.17955902411e-15],
        "dvar2": [6.04752870004e-07, 0.000519538763911, 3.52158458554e-05, 1.2563124983e-05, 1.75021032192e-05, 7.79118272476e-05, 2.53405269177e-05, 4.64851098059e-07, 1.09812845039e-06, 2.12209056372e-06, 3.11460183866e-07, 6.61853363226e-08, 6.43352962015e-08, 6.4507520392e-07, 4.87371210056e-08, 3.56174609806e-08, 4.2981252335e-08, 5.50213528072e-08, 5.06726280491e-07, 7.19312964748e-08, 9.24900064092e-07, 5.66997584883e-07, 8.7615518396e-07, 1.17771776331e-06, 4.24484881023e-07, 2.15301199091e-08, 2.83295569044e-15],
        "max": [0.00604954687878, 0.164781302214, 0.0537288188934, 0.0296415835619, 0.043697565794, 0.0972214415669, 0.0981347635388, 0.0107879061252, 0.0109701724723, 0.0285774767399, 0.00730501534417, 0.00211234833114, 0.002297896659, 0.024030726403, 0.00409266166389, 0.00222896947525, 0.00297518982552, 0.00615731906146, 0.0161808189005, 0.00439452659339, 0.0191625226289, 0.0117436796427, 0.0186218935996, 0.0270439106971, 0.0177044961601, 0.00341014098376, 8.55223504459e-07],
        "mean": [0.000409337808378, 0.0118486415595, 0.00211254833266, 0.00174638465978, 0.00214140024036, 0.00870976503938, 0.00252362084575, 0.000247984193265, 0.000616415927652, 0.000429295905633, 0.000258358079009, 0.000119088203064, 9.18939040275e-05, 0.000146359030623, 0.000102662794234, 9.68077874859e-05, 0.000130451677251, 0.0001060749928, 0.000184398333658, 0.000118911564641, 0.000159014743986, 0.000171775813214, 0.000313189491862, 0.000355291209416, 0.000221341630095, 4.83286785311e-05, 5.53563372918e-09],
        "median": [0.000218474524445, 0.00700910389423, 0.000932047958486, 0.000799187342636, 0.00104812136851, 0.00285009597428, 0.000483719835756, 0.000125027145259, 0.000257825595327, 0.000126656275825, 0.000116156479635, 5.9871479607e-05, 3.99918317271e-05, 3.85279126931e-05, 5.3199037211e-05, 4.25153339165e-05, 4.80697744933e-05, 4.63843789476e-05, 6.16490942775e-05, 4.7234530939e-05, 5.31661826244e-05, 3.69494337065e-05, 7.08893421688e-05, 4.06977924285e-05, 2.54517526628e-05, 7.96985841589e-06, 6.7822447658e-10],
        "min": [9.6769833484e-25, 3.28946887987e-23, 8.9143238665e-24, 8.7410963226e-24, 7.69260078309e-24, 2.68372909648e-23, 3.13789935435e-23, 5.85583882393e-23, 8.86141275678e-23, 3.04624633894e-23, 4.00057870764e-23, 1.07892619603e-22, 8.67680920754e-23, 6.01696082393e-23, 1.71160551623e-22, 1.70995875331e-22, 1.59661307275e-22, 1.91011043545e-22, 2.54793186657e-22, 2.61006684287e-22, 2.98396520249e-22, 4.82899600166e-22, 4.07677232123e-22, 8.08413800944e-22, 1.30564875818e-21, 1.76907901877e-21, 2.43607255141e-21],
        "var": [3.63668817727e-07, 0.000265633279923, 1.41578639159e-05, 6.91491413818e-06, 1.21959901662e-05, 0.000169897844899, 3.86563842767e-05, 2.06470232911e-07, 1.06347943074e-06, 1.82959001904e-06, 2.16170420231e-07, 3.31154978994e-08, 3.33356346971e-08, 5.92112996856e-07, 3.38154322321e-08, 2.89145241084e-08, 5.30369099749e-08, 4.53032846792e-08, 2.10765193742e-07, 5.59758106533e-08, 3.03728938889e-07, 3.61644282521e-07, 1.03009381291e-06, 2.47022762778e-06, 9.83160475698e-07, 2.80922023421e-08, 1.13310572557e-15]
    },
    "erbbands": {
        "dmean": [0.274305909872, 1.56936144829, 1.58261656761, 2.71074438095, 3.15856599808, 5.51176357269, 15.3609933853, 34.8548622131, 22.5812129974, 11.3867530823, 4.91569566727, 8.69506645203, 10.5616722107, 6.57123613358, 5.11156511307, 3.43143129349, 3.08035612106, 5.65260887146, 3.1628100872, 2.98592209816, 3.11070609093, 3.74795436859, 2.59414625168, 6.02463722229, 3.51077318192, 2.6693353653, 4.8383808136, 3.25282621384, 3.4088344574, 5.10072898865, 4.61899805069, 3.96870279312, 3.11149859428, 1.79287540913, 0.630020081997, 0.178122878075, 0.0369968377054, 0.00324051151983, 7.03557598172e-05, 1.77077436092e-05],
        "dmean2": [0.438256293535, 2.64832091331, 2.68231320381, 4.4658536911, 5.29640293121, 8.72720527649, 23.611656189, 50.9787445068, 34.7986183167, 16.9286842346, 7.97120666504, 13.4274177551, 16.7031269073, 10.9500932693, 8.53691387177, 5.74617815018, 5.3769993782, 9.25027656555, 5.13028097153, 4.81609344482, 4.84954929352, 5.82677793503, 3.98509192467, 9.49657917023, 5.50797939301, 3.9457461834, 7.5539264679, 5.10047101974, 5.11242675781, 7.32884216309, 6.45029067993, 4.88826942444, 3.60234355927, 2.15242195129, 0.751603782177, 0.240725800395, 0.0511444546282, 0.00466182362288, 9.44314015214e-05, 2.53764610534e-05],
        "dvar": [0.253187566996, 9.60024261475, 16.8609142303, 36.3744544983, 43.6900634766, 141.169296265, 1194.52246094, 4181.25048828, 3232.30419922, 938.960510254, 106.588066101, 324.453399658, 1145.22570801, 219.677764893, 102.908920288, 42.1492118835, 42.4972724915, 890.446960449, 55.824962616, 39.8155174255, 41.3230018616, 54.238735199, 30.3297271729, 1011.3482666, 109.15448761, 62.7346038818, 512.127685547, 460.458282471, 316.010437012, 419.492767334, 377.199249268, 392.009429932, 220.442214966, 68.8503494263, 7.66901922226, 0.633053660393, 0.0228900294751, 0.000243411966949, 9.25811747265e-08, 9.20473808286e-10],
        "dvar2": [0.580293834209, 24.934053421, 45.8317108154, 96.5492095947, 116.709228516, 318.780212402, 2448.89819336, 8009.78125, 7763.91748047, 2029.25317383, 272.985900879, 744.574707031, 2720.11499023, 541.62097168, 255.202133179, 115.110580444, 115.595802307, 1824.14416504, 123.829910278, 89.1980056763, 92.9125289917, 127.252380371, 67.1751708984, 2558.13818359, 280.80960083, 138.308670044, 1301.82006836, 1206.77905273, 773.617431641, 915.177062988, 826.727416992, 618.176025391, 347.759643555, 96.350769043, 10.981924057, 1.07627606392, 0.0454181358218, 0.000564596615732, 1.95232317424e-07, 1.70751723871e-09],
        "max": [5.64674568176, 34.4641685486, 67.6244049072, 76.1005325317, 95.3276596069, 239.963546753, 773.746582031, 1239.03198242, 1807.56628418, 568.893798828, 224.498382568, 336.707305908, 1101.0168457, 318.005462646, 225.360122681, 102.333030701, 106.201370239, 1277.55786133, 216.387741089, 135.472869873, 129.720336914, 141.252334595, 159.690338135, 1269.85205078, 244.813491821, 188.293762207, 700.760253906, 605.206970215, 411.225494385, 348.794921875, 541.107055664, 689.884033203, 495.307434082, 286.575439453, 89.8929672241, 25.5979881287, 4.0705704689, 0.394758582115, 0.00868137739599, 0.000659605779219],
        "mean": [0.433607667685, 2.27417469025, 2.5530462265, 5.1198220253, 5.10588645935, 8.8728055954, 31.0224170685, 83.3645935059, 43.9355201721, 20.9660243988, 8.27245235443, 15.340133667, 17.3159198761, 9.61320495605, 7.56835699081, 5.25637817383, 4.51168775558, 8.13231182098, 5.47088098526, 5.05443954468, 6.22811412811, 7.29715919495, 5.25817775726, 10.488776207, 6.7149887085, 5.30316495895, 8.01201725006, 4.71149873734, 5.16270065308, 8.9659576416, 8.66741466522, 7.57965946198, 5.67451667786, 3.22058463097, 1.16764056683, 0.346099615097, 0.0653420984745, 0.00472342642024, 0.000130618776893, 4.84495103592e-05],
        "median": [0.241543740034, 1.36700260639, 1.46754431725, 2.85074520111, 3.11746907234, 3.76538467407, 9.69463729858, 23.4316539764, 14.1942453384, 4.61272335052, 4.55441904068, 6.08568525314, 5.80342769623, 4.23586511612, 3.26638793945, 2.64885902405, 2.22061777115, 2.3461368084, 2.80556583405, 2.47251081467, 2.66364479065, 2.75004196167, 2.45015525818, 3.67773199081, 2.35692715645, 2.12033367157, 3.15020036697, 1.25212705135, 1.16566872597, 2.18911457062, 1.7753714323, 0.933747947216, 0.657547354698, 0.353190273046, 0.132986068726, 0.0589437633753, 0.00981204863638, 0.000478281144751, 3.16815494443e-05, 3.37912424584e-05],
        "min": [5.84293697227e-22, 7.1267070456e-21, 8.83634800787e-21, 2.97885865468e-20, 2.1825869705e-20, 4.14283296222e-20, 1.05062807464e-19, 2.63247179716e-19, 4.78700897615e-19, 9.25623273855e-19, 1.13361577093e-18, 1.84066070382e-18, 9.72199849594e-19, 1.56785819216e-18, 2.32437421255e-18, 4.02968355954e-18, 4.05574388473e-18, 3.72971436861e-18, 7.16187284573e-18, 6.84784613388e-18, 1.07052523737e-17, 7.97696338645e-18, 1.07459264987e-17, 1.39033046754e-17, 1.18493589661e-17, 1.32431665701e-17, 1.24872897535e-17, 1.33275712526e-17, 1.54099297887e-17, 1.69685018445e-17, 1.21019956416e-17, 1.66504757144e-17, 1.22663465032e-17, 1.26605336338e-17, 1.00104818705e-17, 6.51558339825e-18, 3.35881547413e-18, 1.09736509757e-18, 2.85341613317e-19, 3.37405194715e-20],
        "var": [0.380083799362, 10.3270149231, 17.4527893066, 50.3136024475, 48.8622779846, 276.098846436, 3711.94555664, 20857.5585938, 9716.28027344, 2949.00097656, 157.615432739, 760.903442383, 2571.39477539, 351.826324463, 194.62739563, 65.0560913086, 64.5190200806, 1660.74816895, 105.615707397, 69.8134994507, 105.646133423, 172.028045654, 77.2727661133, 966.261657715, 193.663391113, 116.118988037, 508.091308594, 379.199768066, 371.325042725, 754.673278809, 896.110656738, 1124.06774902, 633.170898438, 218.011062622, 25.6773643494, 1.61218035221, 0.0504301041365, 0.000376612617401, 1.80156106921e-07, 2.87997692361e-09]
    },
    "gfcc": {
        "mean": [-16.5223865509, 100.480285645, -87.1432418823, 46.4692268372, -68.0349349976, 18.3789386749, -42.4065284729, 15.6078071594, -18.8251609802, 6.48083257675, -5.86977338791, 7.23251008987, -1.73162221909],
        "cov": [[7483.10839844, -1207.9609375, 125.293807983, 255.437423706, -500.628540039, 202.896957397, -144.851226807, 336.956542969, -180.165710449, 364.958618164, -128.397766113, 135.268936157, -124.973594666], [-1207.9609375, 1451.45324707, -202.327026367, -188.083694458, 373.633178711, -177.857559204, 197.132385254, -184.04309082, 83.0523300171, -148.093200684, 103.556816101, -154.200744629, 91.0528488159], [125.293807983, -202.327026367, 328.849365234, 52.0095825195, -0.837153673172, 73.6241149902, -18.9462890625, 26.4334087372, -12.4265556335, 27.7434673309, -33.229549408, 22.5716953278, -0.26882058382], [255.437423706, -188.083694458, 52.0095825195, 222.608963013, 20.9977397919, 55.697933197, -12.419672966, 42.867401123, 18.7404785156, -21.2282543182, -36.5524139404, -7.59161949158, -23.9045505524], [-500.628540039, 373.633178711, -0.837153673172, 20.9977397919, 283.648101807, -26.3791713715, 102.582099915, -30.120141983, 24.7809333801, -45.9887504578, -21.4907798767, -61.7688560486, 11.5265235901], [202.896957397, -177.857559204, 73.6241149902, 55.697933197, -26.3791713715, 151.321716309, 1.1678237915, 14.4199943542, 2.27774000168, -11.1326036453, -26.5560970306, 2.44914913177, -15.459654808], [-144.851226807, 197.132385254, -18.9462890625, -12.419672966, 102.582099915, 1.1678237915, 170.521484375, -13.6984109879, -6.91694259644, 27.2447109222, -9.49971580505, -56.493938446, -12.2413396835], [336.956542969, -184.04309082, 26.4334087372, 42.867401123, -30.120141983, 14.4199943542, -13.6984109879, 127.289291382, 34.1778144836, 20.3548679352, 4.23026132584, 25.3941020966, -23.7483615875], [-180.165710449, 83.0523300171, -12.4265556335, 18.7404785156, 24.7809333801, 2.27774000168, -6.91694259644, 34.1778144836, 138.195541382, -31.0212135315, 41.3522605896, 15.8721399307, -26.7944965363], [364.958618164, -148.093200684, 27.7434673309, -21.2282543182, -45.9887504578, -11.1326036453, 27.2447109222, 20.3548679352, -31.0212135315, 141.889862061, 5.64605140686, 17.9925231934, -6.57171916962], [-128.397766113, 103.556816101, -33.229549408, -36.5524139404, -21.4907798767, -26.5560970306, -9.49971580505, 4.23026132584, 41.3522605896, 5.64605140686, 108.115180969, 27.9507160187, 18.701921463], [135.268936157, -154.200744629, 22.5716953278, -7.59161949158, -61.7688560486, 2.44914913177, -56.493938446, 25.3941020966, 15.8721399307, 17.9925231934, 27.9507160187, 104.692230225, 19.474817276], [-124.973594666, 91.0528488159, -0.26882058382, -23.9045505524, 11.5265235901, -15.459654808, -12.2413396835, -23.7483615875, -26.7944965363, -6.57171916962, 18.701921463, 19.474817276, 117.854354858]],
        "icov": [[0.000233143509831, -0.000296063401038, 8.39961794554e-05, -0.000351570663042, 0.000411070446717, -0.00039377171197, 0.000292239536066, -0.000687433697749, 0.000465078541311, -0.000695648835972, 0.000398750184104, -0.000310462142807, 0.000259791559074], [-0.000296063401038, 0.00365896290168, 0.000170637562405, 0.00216282787733, -0.00282908556983, 0.00249844999053, -0.00222347537056, 0.00335779041052, -0.00249252771027, 0.00317062088288, -0.00302072521299, 0.0031776598189, -0.00208727107383], [8.39961794554e-05, 0.000170637562405, 0.00385968061164, -0.000280109437881, -0.000831793004181, -0.00179384590592, 0.000798057066277, -0.000413148343796, 0.000243164220592, -0.00125168962404, 0.000677387346514, -0.000579725077841, -0.000271297729341], [-0.000351570663042, 0.00216282787733, -0.000280109437881, 0.00725460378453, -0.00262612313963, -1.90507926163e-05, -0.000465218618046, 0.000506611540914, -0.00216736108996, 0.00265319691971, -0.000499016779941, 0.00248429644853, -0.000940992264077], [0.000411070446717, -0.00282908556983, -0.000831793004181, -0.00262612313963, 0.00853360164911, -0.000144045654451, -0.00201827241108, -0.00210511428304, 0.000286340917228, -0.000719499483239, 0.00382890342735, -0.0012324899435, 0.000220772490138], [-0.00039377171197, 0.00249844999053, -0.00179384590592, -1.90507926163e-05, -0.000144045654451, 0.0107524562627, -0.00352231808938, 0.00283921253867, -0.00245873816311, 0.00425290549174, -0.000741620839108, 0.00171355309431, -0.00121229689103], [0.000292239536066, -0.00222347537056, 0.000798057066277, -0.000465218618046, -0.00201827241108, -0.00352231808938, 0.011653188616, -0.00246593635529, 0.00197402085178, -0.00588096864522, 0.00111761246808, 0.00196002912708, 0.00200366228819], [-0.000687433697749, 0.00335779041052, -0.000413148343796, 0.000506611540914, -0.00210511428304, 0.00283921253867, -0.00246593635529, 0.0141194555908, -0.00532574113458, 0.00216345000081, -0.00271297316067, 0.00122613611165, -0.000916272052564], [0.000465078541311, -0.00249252771027, 0.000243164220592, -0.00216736108996, 0.000286340917228, -0.00245873816311, 0.00197402085178, -0.00532574113458, 0.0132633876055, -0.000135079986649, -0.0027430197224, -0.00406043604016, 0.0048753330484], [-0.000695648835972, 0.00317062088288, -0.00125168962404, 0.00265319691971, -0.000719499483239, 0.00425290549174, -0.00588096864522, 0.00216345000081, -0.000135079986649, 0.0136975664645, -0.00371189508587, 0.000649228924885, -0.000983777455986], [0.000398750184104, -0.00302072521299, 0.000677387346514, -0.000499016779941, 0.00382890342735, -0.000741620839108, 0.00111761246808, -0.00271297316067, -0.0027430197224, -0.00371189508587, 0.0160385482013, -0.00467954995111, -0.000847861578222], [-0.000310462142807, 0.0031776598189, -0.000579725077841, 0.00248429644853, -0.0012324899435, 0.00171355309431, 0.00196002912708, 0.00122613611165, -0.00406043604016, 0.000649228924885, -0.00467954995111, 0.0175267737359, -0.00452626403421], [0.000259791559074, -0.00208727107383, -0.000271297729341, -0.000940992264077, 0.000220772490138, -0.00121229689103, 0.00200366228819, -0.000916272052564, 0.0048753330484, -0.000983777455986, -0.000847861578222, -0.00452626403421, 0.0119605679065]]
    },
    "melbands": {
        "dmean": [0.00231596617959, 0.0011699347524, 0.00044730384252, 0.000321719096974, 0.000446781486971, 0.000762476760428, 0.000330839277012, 0.000100711411505, 4.29121100751e-05, 5.68274881516e-05, 5.22682530573e-05, 2.55404374911e-05, 1.91289273062e-05, 9.67672258412e-06, 8.30710632727e-06, 7.67330038798e-06, 1.20067261378e-05, 5.18716478837e-06, 4.61335366708e-06, 4.34359844803e-06, 3.82582675229e-06, 4.78745869259e-06, 2.3567745302e-06, 2.64653476734e-06, 5.620756383e-06, 3.17717353937e-06, 2.05593187275e-06, 1.87924467809e-06, 3.46384490513e-06, 2.45985302172e-06, 1.90660659882e-06, 1.9207443529e-06, 2.42416490437e-06, 3.15839338327e-06, 2.77470439869e-06, 2.62590128841e-06, 2.61149943981e-06, 2.13441558117e-06, 2.31811100093e-06, 1.30724856717e-06],
        "dmean2": [0.00376870413311, 0.00197695707902, 0.000741404481232, 0.000517272157595, 0.000686048704665, 0.00112263951451, 0.000505854433868, 0.000150249572471, 7.00417003827e-05, 8.75859186635e-05, 8.30274366308e-05, 4.28402927355e-05, 3.2224568713e-05, 1.58583752636e-05, 1.43926436067e-05, 1.33832172651e-05, 1.95365737454e-05, 8.52612720337e-06, 7.30743067834e-06, 7.16429622116e-06, 5.97415373704e-06, 7.46805199014e-06, 3.7625375171e-06, 4.08372943639e-06, 8.95939319889e-06, 5.02140028402e-06, 3.14798080581e-06, 2.90234879685e-06, 5.4709394135e-06, 3.95137658415e-06, 2.99088605971e-06, 3.00127044284e-06, 3.59520072379e-06, 4.67342533739e-06, 4.06319350077e-06, 3.64514653484e-06, 3.41046666108e-06, 2.52481845564e-06, 2.94893675346e-06, 1.60769207014e-06],
        "dvar": [1.86317884072e-05, 6.37079074295e-06, 1.00907857359e-06, 4.55359014495e-07, 8.67077346811e-07, 1.75038837824e-06, 5.87980366618e-07, 7.43923393998e-08, 8.50069525882e-09, 1.45901211113e-08, 2.91392101559e-08, 3.3371894137e-09, 1.33156041748e-09, 2.96310226355e-10, 4.59904891947e-10, 2.76250605724e-10, 4.69415750715e-09, 1.64000091285e-10, 1.48534934352e-10, 8.6337541283e-11, 6.69011790411e-11, 9.02948618653e-11, 2.0836497458e-11, 6.03988387082e-11, 9.07957098395e-10, 1.1123103133e-10, 2.75079750645e-11, 3.27316403148e-11, 2.24907439894e-10, 2.82474987845e-10, 1.38373007497e-10, 1.40568848228e-10, 1.04850593485e-10, 1.62739641207e-10, 1.25080612534e-10, 1.56404028617e-10, 1.82842407881e-10, 1.04218945973e-10, 1.19331544646e-10, 3.82887471728e-11],
        "dvar2": [4.48008649983e-05, 1.66933532455e-05, 2.69974225375e-06, 1.1046789723e-06, 1.78811990281e-06, 3.50202822119e-06, 1.40124791415e-06, 1.6145385473e-07, 2.13279385264e-08, 3.33665433061e-08, 6.9583300899e-08, 8.29922353063e-09, 3.36905880971e-09, 7.68618224622e-10, 1.24283405789e-09, 7.55933704522e-10, 9.60530233129e-09, 3.53021389898e-10, 3.39451855513e-10, 2.16114862117e-10, 1.50567600055e-10, 2.08513262212e-10, 5.45971809429e-11, 1.32272096054e-10, 2.30097763065e-09, 2.9020832959e-10, 6.88535062299e-11, 7.22778920048e-11, 5.91603099842e-10, 7.46770201232e-10, 3.5737757198e-10, 3.59482166257e-10, 2.24666674153e-10, 3.72911812541e-10, 2.92998458828e-10, 2.96402846711e-10, 3.05870218043e-10, 1.52748633186e-10, 2.11182640819e-10, 5.20810200522e-11],
        "max": [0.0483164079487, 0.0395454652607, 0.0135684125125, 0.0118612088263, 0.0199201535434, 0.0239916089922, 0.023166468367, 0.00501340720803, 0.00170901906677, 0.00217846408486, 0.00548535678536, 0.0011873516487, 0.000638017547317, 0.000279648404103, 0.000470464729005, 0.000285129877739, 0.0029393909499, 0.00039362537791, 0.00034937763121, 0.000172566942638, 0.000170304920175, 0.000181902883924, 6.53645838611e-05, 0.000310194154736, 0.00119579734746, 0.000260081520537, 0.000125058271806, 0.00013992433378, 0.000392814079532, 0.000594691955484, 0.000273540994385, 0.000309246883262, 0.000249714765232, 0.000253104459262, 0.000279439467704, 0.000363243627362, 0.00046505255159, 0.000344362517353, 0.000330130278599, 0.000216473883484],
        "mean": [0.00357322907075, 0.00192575203255, 0.000843116897158, 0.000494590902235, 0.000920354912523, 0.00179775012657, 0.000640645215753, 0.000178237896762, 6.6872984462e-05, 9.95829686872e-05, 8.32491641631e-05, 3.5735705751e-05, 2.7272164516e-05, 1.4662005924e-05, 1.16606006486e-05, 9.9364997368e-06, 1.64481643878e-05, 8.41357359604e-06, 7.44994304114e-06, 6.81186111251e-06, 7.26962070985e-06, 8.68566621648e-06, 4.25830739914e-06, 4.99890620631e-06, 9.23956849874e-06, 5.61736487725e-06, 3.65713867723e-06, 3.42082148563e-06, 5.56228724236e-06, 3.48761341229e-06, 2.53204370892e-06, 2.57430269812e-06, 3.98688644054e-06, 5.37587766303e-06, 4.91817991133e-06, 4.78076253785e-06, 4.71339262731e-06, 3.86415968023e-06, 3.88645958083e-06, 2.31381454796e-06],
        "median": [0.00205441238359, 0.00123391614761, 0.000505100993905, 0.000234058854403, 0.000340738333762, 0.000538746826351, 0.000197797489818, 3.5967274016e-05, 3.1264982681e-05, 3.69714580302e-05, 2.67428295047e-05, 1.51884414663e-05, 1.23349036585e-05, 6.99764314049e-06, 5.17363469044e-06, 4.22275297751e-06, 3.96289806304e-06, 4.14943451688e-06, 3.57682483809e-06, 3.05891285279e-06, 2.87913098873e-06, 3.03312594951e-06, 1.91464687305e-06, 2.06417780646e-06, 2.90694401883e-06, 1.82334599685e-06, 1.25486735669e-06, 1.23611141589e-06, 2.13425869333e-06, 1.07206665234e-06, 5.74942532694e-07, 5.44393401469e-07, 7.63667230785e-07, 1.34648951189e-06, 1.09040456664e-06, 6.63198647999e-07, 4.64036020276e-07, 4.05193560482e-07, 4.66010874334e-07, 2.1526793148e-07],
        "min": [1.00917879088e-23, 6.42851705236e-24, 4.90992983309e-24, 2.14577443462e-24, 3.3814104606e-24, 6.02601221395e-24, 6.74622013231e-24, 1.15290885338e-23, 1.03673204569e-23, 1.20494472193e-23, 4.46161978623e-24, 5.81118961224e-24, 5.76609950619e-24, 1.3999868731e-23, 1.12102112344e-23, 9.18912987372e-24, 6.19634661048e-24, 1.0086427599e-23, 1.24734055245e-23, 6.74440417451e-24, 1.46004963802e-23, 6.02733947243e-24, 1.17788395298e-23, 8.94149223608e-24, 1.15915118861e-23, 8.34115173226e-24, 9.4190323405e-24, 8.59629143712e-24, 6.20397489544e-24, 8.92245860016e-24, 7.88191320085e-24, 8.81517903907e-24, 8.63575893707e-24, 9.39794293306e-24, 6.31000726743e-24, 7.77077137677e-24, 1.11004727939e-23, 7.79858740115e-24, 1.02950339768e-23, 1.08118277998e-23],
        "var": [2.48147989623e-05, 6.99839574736e-06, 1.25496683268e-06, 7.82474899097e-07, 2.67607060778e-06, 8.28697739053e-06, 1.8322990627e-06, 2.31088748137e-07, 1.36800144546e-08, 3.4440866159e-08, 6.45286206691e-08, 5.19173593005e-09, 2.20849050159e-09, 5.10289255296e-10, 6.54386211885e-10, 4.08385464334e-10, 8.65868354794e-09, 2.89622409388e-10, 2.39378461497e-10, 1.31418209648e-10, 1.59477653305e-10, 2.65379163089e-10, 4.64629341945e-11, 1.10393028052e-10, 8.48366377149e-10, 1.65903277227e-10, 5.3070693673e-11, 5.59071053341e-11, 2.20340148904e-10, 2.18782880701e-10, 1.20290652439e-10, 1.34888170078e-10, 1.87007201391e-10, 2.61804078416e-10, 2.61663385404e-10, 3.9496905746e-10, 4.94428165076e-10, 3.11614734017e-10, 2.98431890311e-10, 1.24924903755e-10]
    },
    "mfcc": {
        "mean": [-663.039916992, 121.860397339, 34.9029769897, 28.8733673096, 8.57148838043, 2.76301622391, -2.48745751381, 5.27398872375, -3.22182798386, 3.53324007988, -3.21038460732, 0.855517625809, 4.32810401917],
        "cov": [[5417.37109375, -1175.53356934, 387.105407715, 12.5574970245, -160.637084961, -110.052116394, 21.2802562714, -59.1024360657, 22.4816150665, 125.625747681, 41.6838302612, 26.757019043, 62.4094429016], [-1175.53356934, 1457.21081543, -357.485107422, 81.9245300293, 34.4522743225, 62.4875564575, 91.3991165161, -39.394241333, 9.57358646393, -17.205247879, -4.84382963181, -6.53203582764, -28.5564060211], [387.105407715, -357.485107422, 348.236907959, -51.8807945251, 26.2169876099, 10.6788158417, -29.8090076447, 19.5720405579, 0.359604269266, -12.174495697, -2.96911120415, 10.6708116531, 12.1801395416], [12.5574970245, 81.9245300293, -51.8807945251, 184.185470581, 37.1982269287, 15.7232341766, 40.1091461182, -4.07032108307, 43.7204322815, 17.9300174713, 17.8180847168, -0.887515962124, 0.85881370306], [-160.637084961, 34.4522743225, 26.2169876099, 37.1982269287, 173.410903931, 2.28126239777, -29.2238941193, 71.1937637329, 26.2790279388, -13.6135721207, -6.94711923599, 19.7021541595, -6.10095643997], [-110.052116394, 62.4875564575, 10.6788158417, 15.7232341766, 2.28126239777, 144.740402222, 48.0174217224, -6.68572664261, 29.6318225861, 4.90629386902, 9.39303207397, -21.5845851898, -12.1303071976], [21.2802562714, 91.3991165161, -29.8090076447, 40.1091461182, -29.2238941193, 48.0174217224, 150.744094849, -43.9963226318, 41.0477180481, 19.4637107849, -1.18239068985, -23.3765182495, -25.4463653564], [-59.1024360657, -39.394241333, 19.5720405579, -4.07032108307, 71.1937637329, -6.68572664261, -43.9963226318, 147.615646362, 1.90975415707, 18.6460075378, 6.73286724091, 28.850271225, 16.6400585175], [22.4816150665, 9.57358646393, 0.359604269266, 43.7204322815, 26.2790279388, 29.6318225861, 41.0477180481, 1.90975415707, 110.733093262, -1.44617855549, 7.52894067764, -7.9159154892, -12.4107151031], [125.625747681, -17.205247879, -12.174495697, 17.9300174713, -13.6135721207, 4.90629386902, 19.4637107849, 18.6460075378, -1.44617855549, 108.76410675, 32.7496986389, 10.2183465958, 8.08341503143], [41.6838302612, -4.84382963181, -2.96911120415, 17.8180847168, -6.94711923599, 9.39303207397, -1.18239068985, 6.73286724091, 7.52894067764, 32.7496986389, 67.8693161011, 20.7727603912, 11.0845975876], [26.757019043, -6.53203582764, 10.6708116531, -0.887515962124, 19.7021541595, -21.5845851898, -23.3765182495, 28.850271225, -7.9159154892, 10.2183465958, 20.7727603912, 72.0035476685, 26.7393188477], [62.4094429016, -28.5564060211, 12.1801395416, 0.85881370306, -6.10095643997, -12.1303071976, -25.4463653564, 16.6400585175, -12.4107151031, 8.08341503143, 11.0845975876, 26.7393188477, 70.9172515869]],
