{
"lowlevel": {
    "average_loudness": 0.975296735764,
    "barkbands_crest": {
        "dmean": 3.5958840847,
        "dmean2": 5.92198467255,
        "dvar": 9.94976902008,
        "dvar2": 25.9898872375,
        "max": 25.5671157837,
        "mean": 10.4190130234,
        "median": 9.5716342926,
        "min": 2.36066603661,
        "var": 18.0737876892
    },
    "barkbands_flatness_db": {
        "dmean": 0.0310483947396,
        "dmean2": 0.0481083914638,
        "dvar": 0.000699524767697,
        "dvar2": 0.00155242846813,
        "max": 0.382442802191,
        "mean": 0.183832749724,
        "median": 0.177628800273,
        "min": 0.0734635442495,
        "var": 0.00274599879049
    },
    "barkbands_kurtosis": {
        "dmean": 4.66429758072,
        "dmean2": 7.63817167282,
        "dvar": 274.53225708,
        "dvar2": 708.226013184,
        "max": 351.850769043,
        "mean": 4.70939826965,
        "median": 1.88929653168,
        "min": -1.90036320686,
        "var": 252.301559448
    },
    "barkbands_skewness": {
        "dmean": 0.847152531147,
        "dmean2": 1.29365003109,
        "dvar": 0.920804381371,
        "dvar2": 2.05924010277,
        "max": 17.0694293976,
        "mean": 1.30665576458,
        "median": 1.16585838795,
        "min": -3.20059394836,
        "var": 2.28175520897
    },
    "barkbands_spread": {
        "dmean": 7.50778961182,
        "dmean2": 11.6884260178,
        "dvar": 92.0979690552,
        "dvar2": 203.257019043,
        "max": 94.1347351074,
        "mean": 19.1856918335,
        "median": 16.2748584747,
        "min": 0.717698276043,
        "var": 193.998535156
    },
    "dissonance": {
        "dmean": 0.030746364966,
        "dmean2": 0.0513296499848,
        "dvar": 0.00110516895074,
        "dvar2": 0.00271263788454,
        "max": 0.499999016523,
        "mean": 0.445469707251,
        "median": 0.461355507374,
        "min": 0.197694763541,
        "var": 0.0023332668934
    },
    "dynamic_complexity": 2.83617639542,
    "erbbands_crest": {
        "dmean": 3.32362437248,
        "dmean2": 5.30429792404,
        "dvar": 9.61746501923,
        "dvar2": 22.3624763489,
        "max": 32.0043411255,
        "mean": 10.1552114487,
        "median": 8.80487155914,
        "min": 2.39970469475,
        "var": 31.4433479309
    },
    "erbbands_flatness_db": {
        "dmean": 0.0253934878856,
        "dmean2": 0.0349674373865,
        "dvar": 0.000644508341793,
        "dvar2": 0.00109923572745,
        "max": 0.42346650362,
        "mean": 0.213826388121,
        "median": 0.200896322727,
        "min": 0.104756273329,
        "var": 0.00325318542309
    },
    "erbbands_kurtosis": {
        "dmean": 1.9272428751,
        "dmean2": 2.88323402405,
        "dvar": 11.6600036621,
        "dvar2": 24.0680751801,
        "max": 56.6547546387,
        "mean": 1.72755265236,
        "median": 0.131866455078,
        "min": -1.77309501171,
        "var": 25.7437553406
    },
    "erbbands_skewness": {
        "dmean": 0.554892361164,
        "dmean2": 0.828415572643,
        "dvar": 0.307994186878,
        "dvar2": 0.651982903481,
        "max": 4.72661066055,
        "mean": 0.297487288713,
        "median": 0.343340933323,
        "min": -4.8849864006,
        "var": 0.914546072483
    },
    "erbbands_spread": {
        "dmean": 11.2138252258,
        "dmean2": 16.5425357819,
        "dvar": 178.628952026,
        "dvar2": 382.760345459,
        "max": 136.337524414,
        "mean": 35.1113853455,
        "median": 31.2411136627,
        "min": 1.1454668045,
        "var": 520.795654297
    },
    "hfc": {
        "dmean": 7.07430505753,
        "dmean2": 10.0102882385,
        "dvar": 73.3547515869,
        "dvar2": 154.665817261,
        "max": 70.3959655762,
        "mean": 17.1614551544,
        "median": 13.9740152359,
        "min": 4.18331546825e-05,
        "var": 199.978347778
    },
    "melbands_crest": {
        "dmean": 4.402821064,
        "dmean2": 7.39175081253,
        "dvar": 15.2057590485,
        "dvar2": 40.5055541992,
        "max": 32.6465072632,
        "mean": 14.0787057877,
        "median": 13.2196969986,
        "min": 3.45883893967,
        "var": 27.4736003876
    },
    "melbands_flatness_db": {
        "dmean": 0.0372796803713,
        "dmean2": 0.0556346103549,
        "dvar": 0.00108087656554,
        "dvar2": 0.00232831435278,
        "max": 0.464482754469,
        "mean": 0.209022760391,
        "median": 0.208125323057,
        "min": 0.0494734197855,
        "var": 0.0044827577658
    },
    "melbands_kurtosis": {
        "dmean": 10.9126806259,
        "dmean2": 17.3559379578,
        "dvar": 926.42199707,
        "dvar2": 2230.93945312,
        "max": 542.748718262,
        "mean": 14.3658103943,
        "median": 5.58595943451,
        "min": -1.8785238266,
        "var": 1358.49682617
    },
    "melbands_skewness": {
        "dmean": 1.08938229084,
        "dmean2": 1.67000746727,
        "dvar": 1.50089323521,
        "dvar2": 3.29185080528,
        "max": 17.9893112183,
        "mean": 2.32719564438,
        "median": 2.00193214417,
        "min": -2.70553040504,
        "var": 4.60022878647
    },
    "melbands_spread": {
        "dmean": 11.0038328171,
        "dmean2": 17.3004608154,
        "dvar": 364.246765137,
        "dvar2": 700.295959473,
        "max": 251.812637329,
        "mean": 24.0057220459,
        "median": 17.4124279022,
        "min": 0.51353085041,
        "var": 778.00982666
    },
    "pitch_salience": {
        "dmean": 0.0982779413462,
        "dmean2": 0.160078063607,
        "dvar": 0.00713225733489,
        "dvar2": 0.0181501023471,
        "max": 0.900232791901,
        "mean": 0.579767227173,
        "median": 0.589169025421,
        "min": 0.0984358489513,
        "var": 0.0161313507706
    },
    "silence_rate_20dB": {
        "dmean": 0,
        "dmean2": 0,
        "dvar": 0,
        "dvar2": 0,
        "max": 1,
        "mean": 1,
        "median": 1,
        "min": 1,
        "var": 0
    },
    "silence_rate_30dB": {
        "dmean": 0,
        "dmean2": 0,
        "dvar": 0,
        "dvar2": 0,
        "max": 1,
        "mean": 1,
        "median": 1,
        "min": 1,
        "var": 0
    },
    "silence_rate_60dB": {
        "dmean": 0.0682170540094,
        "dmean2": 0.136539950967,
        "dvar": 0.0635638013482,
        "dvar2": 0.142723828554,
        "max": 1,
        "mean": 0.102246321738,
        "median": 0,
        "min": 0,
        "var": 0.0917912200093
    },
    "spectral_centroid": {
        "dmean": 360.972930908,
        "dmean2": 553.484069824,
        "dvar": 209058.5625,
        "dvar2": 424428.6875,
        "max": 5490.56445312,
        "mean": 1247.46264648,
        "median": 1064.64038086,
        "min": 233.301757812,
        "var": 519057.65625
    },
    "spectral_complexity": {
        "dmean": 4.82015514374,
        "dmean2": 6.36152076721,
        "dvar": 34.3754043579,
        "dvar2": 51.0269355774,
        "max": 48,
        "mean": 15.1820297241,
        "median": 12,
        "min": 0,
        "var": 117.003860474
    },
    "spectral_decrease": {
        "dmean": 3.41588446418e-09,
        "dmean2": 5.49390666293e-09,
        "dvar": 2.13386260608e-17,
        "dvar2": 5.24634406603e-17,
        "max": -4.38988208035e-14,
        "mean": -6.3415921403e-09,
        "median": -4.62074600804e-09,
        "min": -3.00083513594e-08,
        "var": 3.3195780377e-17
    },
    "spectral_energy": {
        "dmean": 0.013399604708,
        "dmean2": 0.0213980935514,
        "dvar": 0.000321783008985,
        "dvar2": 0.000788003439084,
        "max": 0.117654681206,
        "mean": 0.0254912674427,
        "median": 0.0188588313758,
        "min": 1.69478610701e-07,
        "var": 0.000514156592544
    },
    "spectral_energyband_high": {
        "dmean": 0.00039919471601,
        "dmean2": 0.000522166257724,
        "dvar": 4.40881933628e-07,
        "dvar2": 8.4207817963e-07,
        "max": 0.00876698363572,
        "mean": 0.00063960213447,
        "median": 0.000195136104594,
        "min": 2.79644241097e-09,
        "var": 1.11981319151e-06
    },
    "spectral_energyband_low": {
        "dmean": 0.00527101475745,
        "dmean2": 0.00889099016786,
        "dvar": 9.28306326387e-05,
        "dvar2": 0.000238689783146,
        "max": 0.0648196190596,
        "mean": 0.00739385047927,
        "median": 0.00111164967529,
        "min": 1.48979268033e-07,
        "var": 0.000152604581672
    },
    "spectral_energyband_middle_high": {
        "dmean": 0.00280953221954,
        "dmean2": 0.00418715691194,
        "dvar": 1.50291880345e-05,
        "dvar2": 3.42529201589e-05,
        "max": 0.040842294693,
        "mean": 0.00619952846318,
        "median": 0.00405680015683,
        "min": 4.17452561408e-09,
        "var": 4.3688887672e-05
    },
    "spectral_energyband_middle_low": {
        "dmean": 0.00882024597377,
        "dmean2": 0.0144111718982,
        "dvar": 0.000209109886782,
        "dvar2": 0.000539306900464,
        "max": 0.0887374207377,
        "mean": 0.0124532654881,
        "median": 0.00778307905421,
        "min": 1.87583566458e-08,
        "var": 0.000226289121201
    },
    "spectral_entropy": {
        "dmean": 0.244949132204,
        "dmean2": 0.340911448002,
        "dvar": 0.0523617193103,
        "dvar2": 0.0893329009414,
        "max": 8.51520061493,
        "mean": 7.42631149292,
        "median": 7.48438835144,
        "min": 5.51131534576,
        "var": 0.260979235172
    },
    "spectral_flux": {
        "dmean": 0.0380441397429,
        "dmean2": 0.0603887476027,
        "dvar": 0.00161581742577,
        "dvar2": 0.00344901415519,
        "max": 0.299007087946,
        "mean": 0.102016493678,
        "median": 0.0907218754292,
        "min": 0.000411677785451,
        "var": 0.00331129785627
    },
    "spectral_kurtosis": {
        "dmean": 2.65073108673,
        "dmean2": 4.39879131317,
        "dvar": 11.0257740021,
        "dvar2": 28.2000694275,
        "max": 40.159236908,
        "mean": 3.92956900597,
        "median": 2.4716668129,
        "min": -1.35739600658,
        "var": 20.9752941132
    },
    "spectral_rms": {
        "dmean": 0.00124302366748,
        "dmean2": 0.00186572410166,
        "dvar": 1.91321896637e-06,
        "dvar2": 4.28383827966e-06,
        "max": 0.0107137784362,
        "mean": 0.00447782082483,
        "median": 0.00428938912228,
        "min": 1.28586543724e-05,
        "var": 4.8186911954e-06
    },
    "spectral_rolloff": {
        "dmean": 629.27154541,
        "dmean2": 1039.12329102,
        "dvar": 1218824.75,
        "dvar2": 2569629.25,
        "max": 8936.27929688,
        "mean": 1443.62561035,
        "median": 1076.66015625,
        "min": 64.599609375,
        "var": 2172078.5
    },
    "spectral_skewness": {
        "dmean": 0.373149544001,
        "dmean2": 0.561409592628,
        "dvar": 0.13522028923,
        "dvar2": 0.297122478485,
        "max": 4.63690376282,
        "mean": 1.33630824089,
        "median": 1.22653996944,
        "min": -0.449202239513,
        "var": 0.491126269102
    },
    "spectral_spread": {
        "dmean": 556730.25,
        "dmean2": 778011.125,
        "dvar": 376885346304,
        "dvar2": 673862320128,
        "max": 12814582,
        "mean": 3826670.5,
        "median": 3715064,
        "min": 1409424,
        "var": 1.38244286054e+12
    },
    "spectral_strongpeak": {
        "dmean": 0.662425100803,
        "dmean2": 1.08885800838,
        "dvar": 0.837377429008,
        "dvar2": 2.00019240379,
        "max": 10.5035591125,
        "mean": 1.06141149998,
        "median": 0.543825566769,
        "min": 0,
        "var": 1.59644711018
    },
    "zerocrossingrate": {
        "dmean": 0.0133845843375,
        "dmean2": 0.015092019923,
        "dvar": 0.000289518531645,
        "dvar2": 0.000306137779262,
        "max": 0.3134765625,
        "mean": 0.0561678521335,
        "median": 0.046875,
        "min": 0.00439453125,
        "var": 0.0015078142751
    },
    "barkbands": {
        "dmean": [0.000186841716641, 0.00349063426256, 0.0017866557464, 0.0019319364801, 0.00473706470802, 0.00132360903081, 0.00130918761715, 0.0011166697368, 0.00075866811676, 0.000995984883048, 0.00085868005408, 0.00102426798549, 0.000433535256889, 0.000282966560917, 0.000229301396757, 0.000227310796618, 0.000181644747499, 0.000102327801869, 0.000124113372294, 0.00010214944632, 0.000113351270556, 0.000118130883493, 0.000100834207842, 5.56845188839e-05, 6.80692346577e-06, 6.21904172604e-09, 2.17689133386e-09],
        "dmean2": [0.000312928314088, 0.00594459939748, 0.00308648217469, 0.00334031158127, 0.00813289079815, 0.00208748457953, 0.00212452793494, 0.00181782233994, 0.0011267750524, 0.00154126062989, 0.00127225974575, 0.0016128240386, 0.000706618768163, 0.000444306846475, 0.000365783751477, 0.000357639131835, 0.000287007831503, 0.000150891879457, 0.000197274290258, 0.000157629678142, 0.000172394138644, 0.000157421367476, 0.000136352027766, 7.66179000493e-05, 1.04174705484e-05, 1.028799268e-08, 3.89738863404e-09],
        "dvar": [1.42057231756e-07, 6.02907348366e-05, 1.6147731003e-05, 1.96812070499e-05, 0.0001021954522, 6.25992151981e-06, 4.05740456699e-06, 4.75369915875e-06, 3.08289213535e-06, 3.8662847146e-06, 3.31115029439e-06, 4.17093269789e-06, 7.11204165782e-07, 6.07856179613e-07, 2.57927041503e-07, 4.02530531574e-07, 9.72492841811e-08, 2.72638569498e-08, 4.7201361042e-08, 2.93285111752e-08, 3.52829374606e-08, 5.80189478683e-08, 5.04095822862e-08, 1.85884019288e-08, 3.89089399588e-10, 5.20167273953e-16, 1.61902433404e-16],
        "dvar2": [3.8690197357e-07, 0.000165921184816, 4.17517549067e-05, 5.24987808603e-05, 0.00026858432102, 1.46125685205e-05, 9.88443207461e-06, 1.11995577754e-05, 5.94601124249e-06, 7.77747209213e-06, 6.13496149526e-06, 9.69526263361e-06, 1.69230111169e-06, 1.61330285664e-06, 6.32373485132e-07, 9.89975887933e-07, 2.3172991348e-07, 5.74266785236e-08, 1.07610162559e-07, 6.88904009394e-08, 8.53080166507e-08, 1.32208342052e-07, 9.67246265304e-08, 3.5638176854e-08, 9.54686441013e-10, 1.35636741097e-15, 4.33934131845e-16],
        "max": [0.00394698511809, 0.0614009983838, 0.0321333557367, 0.0328424163163, 0.0675613880157, 0.0348369628191, 0.0192757360637, 0.0241755787283, 0.0300833340734, 0.0225864350796, 0.0302487239242, 0.0262786652893, 0.00956510938704, 0.0183026790619, 0.00810557883233, 0.00959562696517, 0.00280969031155, 0.00218180939555, 0.00221072346903, 0.00158039899543, 0.00216778297909, 0.00355988717638, 0.00429083872586, 0.00221235910431, 0.000291867851047, 3.91947622802e-07, 3.39057521614e-07],
        "mean": [0.000204487558221, 0.00413064332679, 0.0020462910179, 0.00187636516057, 0.004601247143, 0.00162134738639, 0.00172605598345, 0.00125635485165, 0.000986268627457, 0.00149245059583, 0.00122964184266, 0.00145201804116, 0.000539534026757, 0.000388231565012, 0.000294626050163, 0.000329398637405, 0.000257276842603, 0.000159023809829, 0.000190104576177, 0.000156861118739, 0.000161328338436, 0.00016830493405, 0.000138960152981, 7.61700066505e-05, 8.26651103125e-06, 7.11128222974e-09, 1.57528512457e-09],
        "median": [5.8965622884e-05, 0.000427922321251, 0.000282225053525, 0.00016405293718, 0.00161401927471, 0.000620348379016, 0.000632137118373, 0.000372889538994, 0.000189832571778, 0.000402099714847, 0.000188587509911, 0.000291008094791, 0.000129522843054, 0.000139988958836, 9.46140862652e-05, 0.000105108796561, 8.52928205859e-05, 5.2333365602e-05, 7.42086776881e-05, 5.60761473025e-05, 5.59038635402e-05, 4.50991756225e-05, 2.7698913982e-05, 1.48140534293e-05, 1.61476486937e-06, 1.95054550289e-09, 2.75903411229e-10],
        "min": [5.95402305237e-09, 9.78544960617e-08, 3.99962658548e-08, 8.35961877499e-09, 9.63511581631e-09, 1.55178675465e-10, 3.64705682321e-10, 6.41375424992e-11, 1.66910471555e-10, 3.09539303911e-11, 2.57424567773e-11, 1.8120990819e-10, 1.49407194949e-10, 2.64366306624e-10, 4.19215107073e-10, 2.79103878897e-10, 3.1657182431e-10, 9.45427958143e-10, 1.22143350989e-09, 5.9540938846e-10, 1.12948395081e-09, 8.12971356901e-10, 4.41827657793e-10, 9.64649610191e-11, 1.35996257658e-11, 1.77905671965e-12, 2.60632336026e-12],
        "var": [1.43716874845e-07, 7.43737473385e-05, 1.81834057003e-05, 1.73379157786e-05, 8.18654516479e-05, 8.24788276077e-06, 6.54850055071e-06, 5.40983091923e-06, 5.54619828108e-06, 7.23078846931e-06, 8.39967015054e-06, 8.08062031865e-06, 1.0647183899e-06, 6.72247836064e-07, 4.00266031875e-07, 6.25415111699e-07, 1.6800449032e-07, 5.91234297076e-08, 8.46707379765e-08, 5.04782171618e-08, 6.05729582048e-08, 1.05342223833e-07, 1.0550029117e-07, 3.99449859856e-08, 4.864514902e-10, 4.75135455526e-16, 1.09129633812e-16]
    },
    "erbbands": {
        "dmean": [0.105664372444, 0.785343527794, 1.80993270874, 4.91131925583, 13.992316246, 14.3744945526, 11.5198049545, 9.84080410004, 16.9967384338, 21.6924858093, 20.5208644867, 13.7871217728, 30.9076519012, 27.722202301, 39.7081069946, 37.6933059692, 19.9872455597, 13.6296567917, 12.7501707077, 12.2323389053, 9.9240026474, 11.2023229599, 5.65948104858, 5.66012716293, 5.67337751389, 5.09475135803, 3.78491544724, 5.27753162384, 4.25537014008, 3.33613443375, 2.99659633636, 1.60661149025, 0.704804062843, 0.15856282413, 0.00703199300915, 0.000357652752427, 3.41164959536e-05, 7.43131067793e-06, 7.64229025663e-06, 1.53913242684e-05],
        "dmean2": [0.177805140615, 1.35234117508, 3.06502652168, 8.50489711761, 24.0733528137, 24.5298538208, 18.6951808929, 15.5766820908, 28.2480201721, 33.6915206909, 32.8407554626, 19.8124885559, 45.1675376892, 42.9143180847, 57.0523300171, 58.8481216431, 32.457698822, 20.8352775574, 19.335351944, 19.0974369049, 14.8764438629, 17.4060993195, 8.85885429382, 8.24415969849, 8.59505462646, 7.8631477356, 5.80603551865, 7.77033519745, 5.68805789948, 4.56677007675, 4.22038507462, 2.24379277229, 0.964987874031, 0.229632362723, 0.0105004813522, 0.000521545764059, 4.74179323646e-05, 1.00666247818e-05, 1.14282747745e-05, 2.41736361204e-05],
        "dvar": [0.0708171129227, 2.76569104195, 14.1361570358, 134.047683716, 1053.61022949, 835.593994141, 509.145385742, 359.342163086, 760.077392578, 1497.48510742, 1712.11914062, 924.181274414, 3782.34375, 4011.06152344, 7400.74902344, 5955.08300781, 1610.29345703, 1909.62670898, 547.065734863, 910.455627441, 621.847167969, 387.308380127, 87.19165802, 91.4159469604, 102.607208252, 75.8677520752, 44.5488471985, 83.2800064087, 64.0210418701, 58.8434715271, 48.0854377747, 15.0321445465, 2.93449521065, 0.196053266525, 0.000764609256294, 1.61675654908e-06, 6.92962220938e-09, 2.51991510991e-10, 9.25345008951e-11, 4.01245758841e-10],
        "dvar2": [0.188507735729, 7.72526788712, 35.3131866455, 362.143249512, 2804.59863281, 2199.8269043, 1248.46875, 803.863769531, 2026.35205078, 3429.87548828, 4157.70703125, 1743.52893066, 7925.67822266, 9687.12792969, 11600.2324219, 14400.2792969, 4015.77124023, 5126.83447266, 1208.16430664, 1941.83898926, 1486.07507324, 913.240600586, 198.319244385, 209.01461792, 226.053741455, 186.909637451, 110.755531311, 199.182891846, 131.212356567, 132.16229248, 94.4056167603, 28.1091499329, 5.92839050293, 0.445230066776, 0.00195513945073, 4.03996909881e-06, 1.52947059462e-08, 5.41360511974e-10, 2.12508635689e-10, 9.71704050556e-10],
        "max": [2.13871669769, 12.8687915802, 32.7992591858, 96.255859375, 218.145935059, 197.823013306, 427.032653809, 271.572509766, 289.25592041, 407.77444458, 495.718475342, 471.766143799, 790.546386719, 973.502380371, 1738.16174316, 946.61328125, 449.918395996, 1081.24914551, 363.437225342, 591.023620605, 410.552368164, 195.369064331, 95.4002838135, 135.803375244, 115.268218994, 83.3902664185, 90.7821578979, 115.211257935, 109.595191956, 118.650382996, 122.003883362, 60.4770622253, 26.1947307587, 6.18939399719, 0.438298761845, 0.0194462612271, 0.00109648308717, 0.000208524113987, 9.11517927307e-05, 0.000133909343276],
        "mean": [0.113896638155, 0.943373858929, 2.3076877594, 5.01641130447, 11.9133253098, 14.2426576614, 14.7153024673, 12.3788938522, 21.7092723846, 28.0622825623, 24.4496994019, 18.8031673431, 45.4028625488, 40.6412353516, 62.1195487976, 53.2440872192, 25.8880558014, 20.5473556519, 19.3497600555, 16.8878593445, 15.8775262833, 16.518913269, 9.25381278992, 8.84670066833, 9.07048988342, 7.74614286423, 5.53654193878, 7.38861131668, 6.29396390915, 4.55480003357, 4.02420473099, 2.17486357689, 0.97917342186, 0.210548073053, 0.00821391679347, 0.000455599772977, 5.44984068256e-05, 1.23088411783e-05, 1.57980994118e-05, 3.05441972159e-05],
        "median": [0.0110942916945, 0.0988944172859, 0.371296912432, 0.637730658054, 2.16204380989, 5.28127336502, 5.67389917374, 4.71654605865, 7.60572814941, 8.50505256653, 8.53656959534, 5.6693482399, 14.6248979568, 14.1267585754, 15.8906927109, 13.4268102646, 8.14884853363, 7.33478736877, 7.27143859863, 5.90014410019, 6.00253582001, 5.99428367615, 3.43176341057, 3.32623553276, 3.56437969208, 2.7603199482, 2.04387807846, 2.14507341385, 1.70017707348, 1.02930009365, 0.768859565258, 0.389215886593, 0.20536108315, 0.0418080091476, 0.00139339640737, 9.707006393e-05, 1.97019780899e-05, 4.82269206259e-06, 1.18957486848e-05, 2.31228914345e-05],
        "min": [2.60918477579e-06, 2.23591687245e-05, 5.0076196203e-05, 3.72644462914e-05, 3.01870295516e-05, 3.39635007549e-05, 7.73389365349e-06, 1.89783111182e-06, 4.69979113404e-06, 3.63793787983e-06, 1.76530227236e-06, 4.02539535571e-06, 1.98822522179e-06, 7.20835259926e-07, 1.94748940885e-06, 8.11602421891e-06, 8.49070511322e-06, 1.55441412062e-05, 1.52556676767e-05, 1.91266844922e-05, 1.55603902385e-05, 2.23970746447e-05, 4.43170902145e-05, 3.95105635107e-05, 7.82377246651e-05, 3.11494404741e-05, 4.84484808112e-05, 3.45083972206e-05, 3.11433614115e-05, 1.74929973582e-05, 1.16972059914e-05, 2.97826727547e-06, 9.83341578831e-07, 2.98890142858e-07, 2.86924315418e-08, 7.71943575728e-09, 3.55197227186e-09, 1.38217248757e-09, 4.70505578942e-10, 2.2757858098e-10],
        "var": [0.0811248347163, 3.42041540146, 18.8805809021, 118.295509338, 797.104675293, 707.201660156, 610.635742188, 522.735656738, 1066.28674316, 2265.28271484, 2013.19091797, 1746.78820801, 6653.99365234, 5657.66894531, 23476.3886719, 10254.296875, 2046.10180664, 2219.55175781, 1174.46240234, 1446.05505371, 1160.85021973, 717.690673828, 173.17527771, 191.811599731, 182.588394165, 125.851135254, 65.9630661011, 147.063812256, 136.092086792, 98.6188201904, 94.198425293, 32.9839897156, 6.24080228806, 0.306601762772, 0.000829261553008, 1.95754773813e-06, 1.26573356241e-08, 5.13658504619e-10, 1.86676951675e-10, 6.81788570045e-10]
    },
    "gfcc": {
        "mean": [-50.7701377869, 135.348937988, -155.106948853, 50.9638137817, -79.6403045654, 17.7999954224, -26.2482414246, -12.9182500839, -3.79229450226, -22.528055191, 8.35040569305, -15.3021430969, 8.64060974121],
        "cov": [[5620.32421875, -315.674163818, -295.245391846, 389.231842041, -271.555236816, 81.6079940796, -155.108901978, -124.85055542, -145.775177002, -118.030502319, -70.3905029297, -135.397262573, -175.068878174], [-315.674163818, 1106.35217285, -118.647842407, -394.526611328, 386.158355713, -177.675811768, 247.351547241, 19.5944499969, 97.580116272, -89.6004333496, 30.9498615265, -77.0066223145, 29.9038276672], [-295.245391846, -118.647842407, 691.863647461, 465.909362793, 15.8531885147, 172.459732056, -12.1050844193, 33.6305465698, -14.2163028717, 2.63710808754, 4.11754655838, 11.3994159698, -52.7269439697], [389.231842041, -394.526611328, 465.909362793, 944.536254883, 118.725814819, 84.0522613525, -142.619155884, 10.3069028854, -13.0381088257, 10.7325706482, -25.2519340515, -16.3709907532, -93.8335647583], [-271.555236816, 386.158355713, 15.8531885147, 118.725814819, 462.673583984, 6.12359428406, 124.267997742, 78.2866363525, 90.201461792, -0.980426907539, 8.62617683411, -46.4808006287, -4.28995275497], [81.6079940796, -177.675811768, 172.459732056, 84.0522613525, 6.12359428406, 290.38168335, 102.020118713, 40.8529624939, -29.4320831299, 41.1959381104, 32.1840515137, 11.211971283, -29.5957069397], [-155.108901978, 247.351547241, -12.1050844193, -142.619155884, 124.267997742, 102.020118713, 295.53012085, 59.3537712097, 9.93231391907, -16.1964550018, 43.1549224854, 8.42703723907, -5.44011831284], [-124.85055542, 19.5944499969, 33.6305465698, 10.3069028854, 78.2866363525, 40.8529624939, 59.3537712097, 154.511413574, 81.4553070068, 23.1290969849, -4.26664972305, -9.11429977417, 0.6278398633], [-145.775177002, 97.580116272, -14.2163028717, -13.0381088257, 90.201461792, -29.4320831299, 9.93231391907, 81.4553070068, 154.435653687, 50.0233840942, -5.95492362976, -15.9437589645, 15.1041707993], [-118.030502319, -89.6004333496, 2.63710808754, 10.7325706482, -0.980426907539, 41.1959381104, -16.1964550018, 23.1290969849, 50.0233840942, 103.317840576, 25.7009391785, -4.56746006012, 1.65933179855], [-70.3905029297, 30.9498615265, 4.11754655838, -25.2519340515, 8.62617683411, 32.1840515137, 43.1549224854, -4.26664972305, -5.95492362976, 25.7009391785, 82.2939987183, 48.5054359436, 9.73269748688], [-135.397262573, -77.0066223145, 11.3994159698, -16.3709907532, -46.4808006287, 11.211971283, 8.42703723907, -9.11429977417, -15.9437589645, -4.56746006012, 48.5054359436, 107.356918335, 48.2556838989], [-175.068878174, 29.9038276672, -52.7269439697, -93.8335647583, -4.28995275497, -29.5957069397, -5.44011831284, 0.6278398633, 15.1041707993, 1.65933179855, 9.73269748688, 48.2556838989, 90.0493850708]],
        "icov": [[0.000273778045084, -0.000266748451395, 0.00050294934772, -0.000437138398411, 0.000478363508591, -0.000543433357961, 0.000197999426746, -2.05930905395e-06, -0.000101067293144, 0.000437876034994, -6.44155152258e-05, 0.000218142551603, 0.000214938918361], [-0.000266748451395, 0.00524566834792, -0.00250850478187, 0.00298446137458, -0.00385984126478, 0.00390351912938, -0.0024080965668, 0.00209997687489, -0.00238032825291, 0.00434907199815, -0.00549397245049, 0.00552752800286, -0.00172977417242], [0.00050294934772, -0.00250850478187, 0.00434343377128, -0.00310745229945, 0.00268083880655, -0.00367593602277, 0.00118914234918, -0.00101795268711, 0.000211078004213, -0.000122171550174, 0.00175692292396, -0.00191554019693, 0.000917995523196], [-0.000437138398411, 0.00298446137458, -0.00310745229945, 0.00433378107846, -0.00371471373364, 0.00250984914601, 6.99847732903e-05, 0.000968206091784, -0.000561042514164, 0.00120172149036, -0.00172996206675, 0.000981330638751, 0.00123389670625], [0.000478363508591, -0.00385984126478, 0.00268083880655, -0.00371471373364, 0.00685684336349, -0.00306006707251, 6.3239102019e-05, -0.00174029532354, -0.000464010779979, -0.000959786295425, 0.00151765183546, -0.000404833670473, -0.000603987427894], [-0.000543433357961, 0.00390351912938, -0.00367593602277, 0.00250984914601, -0.00306006707251, 0.00968064554036, -0.00432291766629, -0.000199469854124, 0.00172120064963, -0.00191010395065, -0.00292552844621, 0.00256054662168, -0.000423219054937], [0.000197999426746, -0.0024080965668, 0.00118914234918, 6.99847732903e-05, 6.3239102019e-05, -0.00432291766629, 0.00778459431604, -0.00250047375448, 0.000902071071323, 0.00116457918193, -0.000578312727157, -0.00250748638064, 0.0022572465241], [-2.05930905395e-06, 0.00209997687489, -0.00101795268711, 0.000968206091784, -0.00174029532354, -0.000199469854124, -0.00250047375448, 0.0116313081235, -0.00690049771219, 0.00233856705017, -0.000428174680565, 0.00165686325636, -0.000396402727347], [-0.000101067293144, -0.00238032825291, 0.000211078004213, -0.000561042514164, -0.000464010779979, 0.00172120064963, 0.000902071071323, -0.00690049771219, 0.0151476692408, -0.00997852906585, 0.00548006873578, -0.0034982545767, -0.000295383069897], [0.000437876034994, 0.00434907199815, -0.000122171550174, 0.00120172149036, -0.000959786295425, -0.00191010395065, 0.00116457918193, 0.00233856705017, -0.00997852906585, 0.0233520735055, -0.0149413812906, 0.0115275634453, -0.00335081038065], [-6.44155152258e-05, -0.00549397245049, 0.00175692292396, -0.00172996206675, 0.00151765183546, -0.00292552844621, -0.000578312727157, -0.000428174680565, 0.00548006873578, -0.0149413812906, 0.0311553925276, -0.020547138527, 0.00700375298038], [0.000218142551603, 0.00552752800286, -0.00191554019693, 0.000981330638751, -0.000404833670473, 0.00256054662168, -0.00250748638064, 0.00165686325636, -0.0034982545767, 0.0115275634453, -0.020547138527, 0.0293404143304, -0.0139791341498], [0.000214938918361, -0.00172977417242, 0.000917995523196, 0.00123389670625, -0.000603987427894, -0.000423219054937, 0.0022572465241, -0.000396402727347, -0.000295383069897, -0.00335081038065, 0.00700375298038, -0.0139791341498, 0.020737297833]]
    },
    "melbands": {
        "dmean": [0.00096379138995, 0.000901035265997, 0.001006708364, 0.00119120930322, 0.000394169444917, 0.000233751023188, 0.000254195416346, 0.000244798342464, 0.000149023951963, 9.91385604721e-05, 0.000159556861036, 0.000120109616546, 0.000127815219457, 0.000128478379338, 7.13972913218e-05, 4.24804711656e-05, 2.41889410972e-05, 2.23089009523e-05, 1.74678516487e-05, 1.74770066224e-05, 1.11967483463e-05, 1.27801349663e-05, 7.07257277099e-06, 5.04251693201e-06, 4.7477174121e-06, 5.3053222473e-06, 3.36903985954e-06, 3.73702232537e-06, 2.42850842369e-06, 2.7559958653e-06, 3.23648600897e-06, 2.57134524873e-06, 2.15077693611e-06, 1.77471292773e-06, 1.88207786778e-06, 1.40127167469e-06, 8.44167459491e-07, 5.48746925233e-07, 3.14784614375e-07, 7.36693195336e-08],
        "dmean2": [0.00162572064437, 0.00152709241956, 0.00171966361813, 0.00206369836815, 0.000640475773253, 0.000372040492948, 0.000420134834712, 0.000386260770028, 0.000240256151301, 0.000141865210026, 0.000232694495935, 0.000187574973097, 0.000189098005649, 0.000199920468731, 0.000114179994853, 6.84461920173e-05, 3.70865927835e-05, 3.44000982295e-05, 2.75863676507e-05, 2.7593858249e-05, 1.68266851688e-05, 1.98786510737e-05, 1.1598900528e-05, 7.2368675319e-06, 7.08356992618e-06, 8.29971304483e-06, 5.27952624907e-06, 5.89037517784e-06, 3.81813470085e-06, 4.13142197431e-06, 4.82069390273e-06, 3.5865098198e-06, 3.07769164465e-06, 2.42901728598e-06, 2.7064711503e-06, 2.03376703212e-06, 1.20638549106e-06, 7.56414522129e-07, 4.54282485407e-07, 1.13363910259e-07],
        "dvar": [5.17428998137e-06, 2.83521603706e-06, 4.38966344518e-06, 7.33952356313e-06, 4.67821706707e-07, 1.96669134311e-07, 1.58090060154e-07, 1.85146959097e-07, 9.17887348351e-08, 5.14128579709e-08, 9.53182706098e-08, 7.51790310005e-08, 7.5198492766e-08, 7.50062127963e-08, 2.5043188856e-08, 8.2562570114e-09, 5.76516479001e-09, 1.60242852321e-09, 1.461255561e-09, 2.67417554767e-09, 6.82522593998e-10, 5.23624754667e-10, 1.95428118133e-10, 7.54832515937e-11, 6.84946890872e-11, 9.2703046628e-11, 3.3821879325e-11, 4.40856968986e-11, 2.00485981983e-11, 2.30715776345e-11, 3.44669501273e-11, 2.4275349092e-11, 2.21921751808e-11, 1.72433439055e-11, 1.93533956222e-11, 1.00917217291e-11, 5.01983784401e-12, 1.63860537552e-12, 7.20366800065e-13, 6.8121906499e-14],
        "dvar2": [1.41111841003e-05, 7.17334341971e-06, 1.16876690299e-05, 1.95380107471e-05, 1.13785972644e-06, 4.51263531431e-07, 4.15807903664e-07, 4.27558745741e-07, 2.22234746161e-07, 8.97038745507e-08, 1.93941801285e-07, 1.76623814241e-07, 1.36144720386e-07, 1.64970415995e-07, 6.54546354895e-08, 1.94965377176e-08, 1.5487648497e-08, 3.43108452761e-09, 3.62606922266e-09, 6.47017195377e-09, 1.43742051595e-09, 1.23373111727e-09, 5.09574771268e-10, 1.56134882801e-10, 1.69040517695e-10, 2.04644814983e-10, 7.39299524377e-11, 1.15962406344e-10, 5.08155531542e-11, 5.87183010547e-11, 8.30289725862e-11, 5.07642088088e-11, 5.05036255871e-11, 3.90061177802e-11, 4.089990846e-11, 1.7564647653e-11, 1.0011552351e-11, 3.46588925094e-12, 1.46978848363e-12, 1.71590050654e-13],
        "max": [0.0176797695458, 0.0144295757636, 0.014933405444, 0.0182017553598, 0.0118968198076, 0.0060541331768, 0.00443035317585, 0.00410229898989, 0.00328458356671, 0.00404706085101, 0.00387807190418, 0.00383671931922, 0.00454830331728, 0.00379840401001, 0.00241644028574, 0.00126864982303, 0.00187190726865, 0.000614863238297, 0.000628613575827, 0.0007580651436, 0.000509455741849, 0.000240185239818, 0.000116166374937, 0.000137304596137, 0.000123471138068, 0.000103014928754, 6.05345339864e-05, 5.90276467847e-05, 5.98615588387e-05, 6.48982822895e-05, 7.28451122995e-05, 7.22948825569e-05, 6.71916495776e-05, 6.12939547864e-05, 7.1673108323e-05, 5.57788880542e-05, 3.03566430375e-05, 2.06812001124e-05, 1.35888540171e-05, 4.48926220997e-06],
        "mean": [0.00109976681415, 0.00124655326363, 0.00100680429023, 0.00105137273204, 0.000516146421432, 0.000296538724797, 0.000327772053424, 0.000307695416268, 0.00017440636293, 0.000131175867864, 0.000236759049585, 0.000168401908013, 0.000187571436982, 0.000190492064576, 7.9050201748e-05, 5.51231642021e-05, 3.41887534887e-05, 3.29126523866e-05, 2.13662860915e-05, 2.28421558859e-05, 1.6885531295e-05, 1.8164219e-05, 9.63414822763e-06, 7.59733620725e-06, 6.92362664267e-06, 7.97445045464e-06, 5.18299657415e-06, 5.18779143022e-06, 3.27749035023e-06, 3.7947979763e-06, 4.38514871348e-06, 3.71842520508e-06, 2.89955414701e-06, 2.35647075897e-06, 2.43278532253e-06, 1.85619535387e-06, 1.12573263777e-06, 7.39114113912e-07, 4.31908631526e-07, 8.44338075012e-08],
        "median": [0.000118679410662, 0.000194890249986, 0.000143849756569, 0.000268436851911, 0.000214377956581, 0.000115586837637, 0.000121066012071, 0.000102738922578, 5.35998115083e-05, 2.528605728e-05, 7.24856581655e-05, 4.59944858449e-05, 3.94375456381e-05, 3.451640805e-05, 2.07197026612e-05, 1.20084641821e-05, 1.17493800644e-05, 1.07457044578e-05, 7.14155112291e-06, 6.9456809797e-06, 5.64553056392e-06, 5.8842542785e-06, 3.44980594491e-06, 2.3859608973e-06, 2.46641275226e-06, 2.88768342216e-06, 1.87561170151e-06, 1.54653821482e-06, 1.20668642012e-06, 1.23426559639e-06, 1.21488290006e-06, 1.04285675206e-06, 6.8055248903e-07, 5.11852988438e-07, 4.68795803954e-07, 3.35916865879e-07, 1.98507038363e-07, 1.53534131186e-07, 8.76612773482e-08, 1.52290926536e-08],
        "min": [2.56883652128e-08, 2.84317085431e-08, 6.34615560102e-09, 2.4922173214e-09, 4.82938300461e-10, 3.50250696501e-11, 7.4324893462e-11, 3.30715003993e-11, 1.48707868936e-11, 2.58370998207e-11, 9.28773984804e-12, 2.60039906275e-12, 4.98383886244e-12, 1.50485734984e-11, 2.43368120795e-11, 1.37819009677e-11, 3.17859558119e-11, 1.90247765458e-11, 3.24966650811e-11, 1.7219590337e-11, 1.89081424129e-11, 2.06768335093e-11, 2.91405302666e-11, 4.71738308139e-11, 2.53758611346e-11, 6.48278236648e-11, 3.24174576072e-11, 1.64250505558e-11, 3.16474971229e-11, 2.4606592805e-11, 1.98725098877e-11, 1.61924241376e-11, 1.76324493201e-11, 8.64967559383e-12, 9.41316989633e-12, 1.36342749157e-12, 1.83066582726e-12, 9.34651553201e-13, 1.33149134079e-13, 2.36038971571e-13],
        "var": [6.12563553659e-06, 4.46214698968e-06, 3.92746687794e-06, 5.56342229174e-06, 6.00753935487e-07, 2.77903211554e-07, 2.32804296729e-07, 2.64544439688e-07, 1.08956896838e-07, 1.02341346064e-07, 1.76088576609e-07, 1.06629535424e-07, 1.97601792706e-07, 1.63864214642e-07, 2.52283989255e-08, 1.33016788695e-08, 6.47834763612e-09, 3.3608256178e-09, 1.98589544809e-09, 3.76478759279e-09, 1.47154133323e-09, 9.75727276753e-10, 2.28486354836e-10, 1.6600745778e-10, 1.23095089677e-10, 1.64877861364e-10, 5.94829532852e-11, 6.35858726783e-11, 2.52014294849e-11, 3.6978638901e-11, 5.6616399069e-11, 4.92949188413e-11, 3.56036936044e-11, 2.80670573588e-11, 3.31544583454e-11, 2.44576182223e-11, 9.69527583217e-12, 3.33478101903e-12, 1.40772061976e-12, 7.20992276299e-14]
    },
    "mfcc": {
        "mean": [-664.920593262, 127.246574402, -3.3419303894, 18.9490413666, -10.2568178177, 12.4777421951, -4.90485572815, 7.00629377365, -5.88585424423, -0.708715438843, -8.38354206085, 2.37747049332, -1.33919858932],
        "cov": [[5949.24951172, -605.910095215, -149.877182007, 208.901260376, -148.13331604, 94.4183120728, -112.674102783, -25.1411952972, -264.065338135, 18.8330307007, -16.9537696838, -74.9755096436, -220.139846802], [-605.910095215, 1501.75354004, -523.644897461, -245.232879639, -59.6300201416, -136.446777344, 127.335159302, 48.603729248, 150.988983154, 9.3477678299, 22.5330085754, 42.0043678284, 38.1845779419], [-149.877182007, -523.644897461, 790.106323242, 215.863052368, 81.7162628174, 141.805755615, 23.3571338654, 59.572933197, -57.0781745911, -14.0596942902, -7.70593738556, 28.1696987152, 9.04751586914], [208.901260376, -245.232879639, 215.863052368, 600.627258301, 271.214019775, 79.9506072998, -13.7985782623, 49.8340530396, -19.3071136475, 47.4001617432, 8.1822309494, -11.1944770813, -25.0325126648], [-148.13331604, -59.6300201416, 81.7162628174, 271.214019775, 335.430908203, 63.3211250305, -5.43359279633, 20.294631958, 51.7238502502, 68.6824798584, 27.7721176147, 10.9145593643, 9.50785446167], [94.4183120728, -136.446777344, 141.805755615, 79.9506072998, 63.3211250305, 201.413116455, 108.047531128, 38.2154159546, -19.2899398804, 23.1162796021, 27.6526412964, 12.7907314301, 1.55042791367], [-112.674102783, 127.335159302, 23.3571338654, -13.7985782623, -5.43359279633, 108.047531128, 235.210174561, 98.6176528931, 19.4085769653, 10.9282073975, 35.7614555359, 22.3932285309, 17.9795913696], [-25.1411952972, 48.603729248, 59.572933197, 49.8340530396, 20.294631958, 38.2154159546, 98.6176528931, 153.541091919, 43.2729949951, 14.5084285736, 14.7048740387, 23.0776901245, 26.1441402435], [-264.065338135, 150.988983154, -57.0781745911, -19.3071136475, 51.7238502502, -19.2899398804, 19.4085769653, 43.2729949951, 142.470489502, 63.3681144714, 26.9560585022, 14.588555336, 25.2267894745], [18.8330307007, 9.3477678299, -14.0596942902, 47.4001617432, 68.6824798584, 23.1162796021, 10.9282073975, 14.5084285736, 63.3681144714, 140.851455688, 73.3956604004, -1.32081341743, -21.6895866394], [-16.9537696838, 22.5330085754, -7.70593738556, 8.1822309494, 27.7721176147, 27.6526412964, 35.7614555359, 14.7048740387, 26.9560585022, 73.3956604004, 108.797157288, 23.739780426, -9.07777118683], [-74.9755096436, 42.0043678284, 28.1696987152, -11.1944770813, 10.9145593643, 12.7907314301, 22.3932285309, 23.0776901245, 14.588555336, -1.32081341743, 23.739780426, 84.7896499634, 48.9649734497], [-220.139846802, 38.1845779419, 9.04751586914, -25.0325126648, 9.50785446167, 1.55042791367, 17.9795913696, 26.1441402435, 25.2267894745, -21.6895866394, -9.07777118683, 48.9649734497, 105.664138794]],
