{
"lowlevel": {
    "average_loudness": 0.943100452423,
    "barkbands_crest": {
        "dmean": 2.90327858925,
        "dmean2": 4.70214128494,
        "dvar": 8.90534114838,
        "dvar2": 23.8756713867,
        "max": 24.3142585754,
        "mean": 9.72169780731,
        "median": 8.86712741852,
        "min": 2.48871064186,
        "var": 18.4286460876
    },
    "barkbands_flatness_db": {
        "dmean": 0.0273463595659,
        "dmean2": 0.0415267087519,
        "dvar": 0.000895343371667,
        "dvar2": 0.0021527397912,
        "max": 0.406647264957,
        "mean": 0.162027642131,
        "median": 0.148156374693,
        "min": 0.0548750683665,
        "var": 0.00363355572335
    },
    "barkbands_kurtosis": {
        "dmean": 3.73970794678,
        "dmean2": 6.12241411209,
        "dvar": 61.5780143738,
        "dvar2": 166.50479126,
        "max": 98.4439468384,
        "mean": 4.01686906815,
        "median": 0.206921577454,
        "min": -1.95423865318,
        "var": 95.8322677612
    },
    "barkbands_skewness": {
        "dmean": 0.721976459026,
        "dmean2": 1.10199463367,
        "dvar": 0.847694337368,
        "dvar2": 2.17933154106,
        "max": 8.46965026855,
        "mean": 1.48544061184,
        "median": 1.17294955254,
        "min": -2.7085249424,
        "var": 2.31367135048
    },
    "barkbands_spread": {
        "dmean": 8.40644168854,
        "dmean2": 12.7731437683,
        "dvar": 93.7521057129,
        "dvar2": 200.248886108,
        "max": 102.170539856,
        "mean": 33.5919189453,
        "median": 30.8211631775,
        "min": 1.21744287014,
        "var": 409.610137939
    },
    "dissonance": {
        "dmean": 0.0124220475554,
        "dmean2": 0.0199118629098,
        "dvar": 0.000190569728147,
        "dvar2": 0.000426728511229,
        "max": 0.499999970198,
        "mean": 0.475670725107,
        "median": 0.483476400375,
        "min": 0.307926654816,
        "var": 0.000572604883928
    },
    "dynamic_complexity": 3.38380265236,
    "erbbands_crest": {
        "dmean": 2.05597162247,
        "dmean2": 3.28728270531,
        "dvar": 4.05371999741,
        "dvar2": 10.4004325867,
        "max": 24.0858421326,
        "mean": 7.03139066696,
        "median": 6.2382311821,
        "min": 2.63265299797,
        "var": 9.88102531433
    },
    "erbbands_flatness_db": {
        "dmean": 0.0162249431014,
        "dmean2": 0.0231224521995,
        "dvar": 0.00033641513437,
        "dvar2": 0.000695507857017,
        "max": 0.360185593367,
        "mean": 0.177832305431,
        "median": 0.169203862548,
        "min": 0.101310931146,
        "var": 0.0014432775788
    },
    "erbbands_kurtosis": {
        "dmean": 1.01581633091,
        "dmean2": 1.57652068138,
        "dvar": 3.06750631332,
        "dvar2": 6.59195041656,
        "max": 25.4406909943,
        "mean": 0.4306229949,
        "median": -0.223481178284,
        "min": -1.84393596649,
        "var": 6.37592458725
    },
    "erbbands_skewness": {
        "dmean": 0.347831904888,
        "dmean2": 0.519073307514,
        "dvar": 0.134096264839,
        "dvar2": 0.276377141476,
        "max": 2.2266933918,
        "mean": -0.442598253489,
        "median": -0.394765585661,
        "min": -3.9656393528,
        "var": 0.65074712038
    },
    "erbbands_spread": {
        "dmean": 10.9747657776,
        "dmean2": 17.3995399475,
        "dvar": 148.226745605,
        "dvar2": 377.51751709,
        "max": 116.882667542,
        "mean": 45.4018249512,
        "median": 42.8076896667,
        "min": 3.88943624496,
        "var": 347.895080566
    },
    "hfc": {
        "dmean": 8.81442832947,
        "dmean2": 12.5570058823,
        "dvar": 238.527450562,
        "dvar2": 502.411712646,
        "max": 191.517211914,
        "mean": 24.1177158356,
        "median": 12.8876256943,
        "min": 0.000434963760199,
        "var": 787.933898926
    },
    "melbands_crest": {
        "dmean": 3.31456422806,
        "dmean2": 5.3381061554,
        "dvar": 10.026096344,
        "dvar2": 24.2662010193,
        "max": 30.4864253998,
        "mean": 15.3780679703,
        "median": 14.8897418976,
        "min": 3.72814774513,
        "var": 27.919418335
    },
    "melbands_flatness_db": {
        "dmean": 0.0357894450426,
        "dmean2": 0.05200163275,
        "dvar": 0.00157812633552,
        "dvar2": 0.0036284099333,
        "max": 0.510333359241,
        "mean": 0.190521553159,
        "median": 0.176693543792,
        "min": 0.0331036113203,
        "var": 0.00752467568964
    },
    "melbands_kurtosis": {
        "dmean": 12.3310699463,
        "dmean2": 20.3224868774,
        "dvar": 605.869995117,
        "dvar2": 1713.12268066,
        "max": 264.631378174,
        "mean": 18.1244010925,
        "median": 7.68822097778,
        "min": -1.88810753822,
        "var": 773.89654541
    },
    "melbands_skewness": {
        "dmean": 1.0829564333,
        "dmean2": 1.70114517212,
        "dvar": 2.08255696297,
        "dvar2": 5.44496822357,
        "max": 13.9619855881,
        "mean": 3.24727797508,
        "median": 2.73300004005,
        "min": -1.20314753056,
        "var": 4.48718214035
    },
    "melbands_spread": {
        "dmean": 12.56341362,
        "dmean2": 18.6112651825,
        "dvar": 280.311065674,
        "dvar2": 561.151977539,
        "max": 223.783340454,
        "mean": 36.1236305237,
        "median": 28.2902946472,
        "min": 0.917386829853,
        "var": 954.521179199
    },
    "pitch_salience": {
        "dmean": 0.0836200490594,
        "dmean2": 0.134810253978,
        "dvar": 0.0065772132948,
        "dvar2": 0.0179779287428,
        "max": 0.823114514351,
        "mean": 0.529333353043,
        "median": 0.540398597717,
        "min": 0.108509510756,
        "var": 0.0140490811318
    },
    "silence_rate_20dB": {
        "dmean": 0,
        "dmean2": 0,
        "dvar": 0,
        "dvar2": 0,
        "max": 1,
        "mean": 1,
        "median": 1,
        "min": 1,
        "var": 0
    },
    "silence_rate_30dB": {
        "dmean": 0.000774593325332,
        "dmean2": 0.00154978688806,
        "dvar": 0.000773990643211,
        "dvar2": 0.00232226634398,
        "max": 1,
        "mean": 0.999612867832,
        "median": 1,
        "min": 0,
        "var": 0.000387016538298
    },
    "silence_rate_60dB": {
        "dmean": 0.0325329191983,
        "dmean2": 0.0650910511613,
        "dvar": 0.0314753428102,
        "dvar2": 0.0670557841659,
        "max": 1,
        "mean": 0.08865660429,
        "median": 0,
        "min": 0,
        "var": 0.080795571208
    },
    "spectral_centroid": {
        "dmean": 348.790466309,
        "dmean2": 530.12689209,
        "dvar": 142088.40625,
        "dvar2": 306085.6875,
        "max": 4913.67724609,
        "mean": 1880.87341309,
        "median": 1828.56896973,
        "min": 221.616790771,
        "var": 694159.9375
    },
    "spectral_complexity": {
        "dmean": 4.95739746094,
        "dmean2": 6.99186372757,
        "dvar": 35.4203529358,
        "dvar2": 58.9989051819,
        "max": 61,
        "mean": 22.5160675049,
        "median": 18,
        "min": 0,
        "var": 228.293869019
    },
    "spectral_decrease": {
        "dmean": 3.47657658217e-09,
        "dmean2": 6.01951244406e-09,
        "dvar": 5.40506282022e-17,
        "dvar2": 1.46027725718e-16,
        "max": -6.97888944442e-14,
        "mean": -5.62841639962e-09,
        "median": -4.14367651302e-09,
        "min": -5.19781799824e-08,
        "var": 4.33214769263e-17
    },
    "spectral_energy": {
        "dmean": 0.0136823961511,
        "dmean2": 0.0235180407763,
        "dvar": 0.000802519440185,
        "dvar2": 0.00216517946683,
        "max": 0.198447152972,
        "mean": 0.0234304629266,
        "median": 0.0172440614551,
        "min": 3.02851304923e-07,
        "var": 0.000673544825986
    },
    "spectral_energyband_high": {
        "dmean": 0.000888305425178,
        "dmean2": 0.00125527882483,
        "dvar": 3.47044510818e-06,
        "dvar2": 6.61264812152e-06,
        "max": 0.0237490348518,
        "mean": 0.00200375216082,
        "median": 0.000569532276131,
        "min": 4.34389555437e-08,
        "var": 1.10456339826e-05
    },
    "spectral_energyband_low": {
        "dmean": 0.00930725596845,
        "dmean2": 0.0163741949946,
        "dvar": 0.000622298626695,
        "dvar2": 0.00170262693428,
        "max": 0.190991699696,
        "mean": 0.0111620463431,
        "median": 0.0062376097776,
        "min": 1.83533757081e-07,
        "var": 0.000434784102254
    },
    "spectral_energyband_middle_high": {
        "dmean": 0.00147882138845,
        "dmean2": 0.00220477464609,
        "dvar": 4.59536204289e-06,
        "dvar2": 1.07206424218e-05,
        "max": 0.043584022671,
        "mean": 0.00424888124689,
        "median": 0.00262619415298,
        "min": 3.92485937084e-08,
        "var": 2.10710877582e-05
    },
    "spectral_energyband_middle_low": {
        "dmean": 0.00485116709024,
        "dmean2": 0.00839664507657,
        "dvar": 0.000168711514561,
        "dvar2": 0.000467483274406,
        "max": 0.122227117419,
        "mean": 0.00698526762426,
        "median": 0.00437194295228,
        "min": 3.066178067e-08,
        "var": 0.00013076189498
    },
    "spectral_entropy": {
        "dmean": 0.160657435656,
        "dmean2": 0.216470748186,
        "dvar": 0.0391035862267,
        "dvar2": 0.0713823884726,
        "max": 8.63067722321,
        "mean": 7.68692541122,
        "median": 7.79574728012,
        "min": 5.82014894485,
        "var": 0.210408687592
    },
    "spectral_flux": {
        "dmean": 0.032562520355,
        "dmean2": 0.0502352081239,
        "dvar": 0.00289086578414,
        "dvar2": 0.00509810587391,
        "max": 0.396011501551,
        "mean": 0.0848463922739,
        "median": 0.0676884427667,
        "min": 0.00055031926604,
        "var": 0.0048463777639
    },
    "spectral_kurtosis": {
        "dmean": 1.8253942728,
        "dmean2": 3.16925573349,
        "dvar": 6.38318538666,
        "dvar2": 18.3567619324,
        "max": 24.105222702,
        "mean": 2.35822820663,
        "median": 1.4818482399,
        "min": -0.960215806961,
        "var": 8.48554897308
    },
    "spectral_rms": {
        "dmean": 0.00107332586776,
        "dmean2": 0.00172281451523,
        "dvar": 3.25158430314e-06,
        "dvar2": 8.22992296889e-06,
        "max": 0.0139142721891,
        "mean": 0.0042731706053,
        "median": 0.00410164287314,
        "min": 1.71890860656e-05,
        "var": 4.59903003502e-06
    },
    "spectral_rolloff": {
        "dmean": 767.006469727,
        "dmean2": 1190.52502441,
        "dvar": 1176613.375,
        "dvar2": 2261155,
        "max": 9711.47460938,
        "mean": 2198.89990234,
        "median": 1722.65625,
        "min": 86.1328125,
        "var": 4170838.5
    },
    "spectral_skewness": {
        "dmean": 0.247790470719,
        "dmean2": 0.404037207365,
        "dvar": 0.0799251422286,
        "dvar2": 0.214163213968,
        "max": 3.36727309227,
        "mean": 0.889550924301,
        "median": 0.849682927132,
        "min": -0.474381566048,
        "var": 0.20009636879
    },
    "spectral_spread": {
        "dmean": 422945.84375,
        "dmean2": 611108.125,
        "dvar": 225481654272,
        "dvar2": 447445139456,
        "max": 8998433,
        "mean": 3890154.25,
        "median": 3810565.75,
        "min": 1291669.125,
        "var": 1.15044043981e+12
    },
    "spectral_strongpeak": {
        "dmean": 0.332484036684,
        "dmean2": 0.583913087845,
        "dvar": 0.550819694996,
        "dvar2": 1.34610688686,
        "max": 9.96692085266,
        "mean": 0.451830565929,
        "median": 0.216033995152,
        "min": 0,
        "var": 0.648422718048
    },
    "zerocrossingrate": {
        "dmean": 0.0140856467187,
        "dmean2": 0.0148361073807,
        "dvar": 0.000253296137089,
        "dvar2": 0.000255018676398,
        "max": 0.3095703125,
        "mean": 0.0745811313391,
        "median": 0.0625,
        "min": 0.0048828125,
        "var": 0.00234259804711
    },
    "barkbands": {
        "dmean": [0.000136372662382, 0.00638427492231, 0.00311039225198, 0.00199447735213, 0.00258032581769, 0.000482593866764, 0.000367161323084, 0.00025621286477, 0.000331223214744, 0.000179678012501, 0.000260800268734, 0.000201891671168, 0.000250520504778, 0.000315464421874, 0.000294275436318, 0.00026479785447, 0.000230618446949, 0.000225627882173, 0.000209616220673, 0.000239901070017, 0.000248286436545, 0.000254263461102, 0.000242077643634, 0.000179061287781, 4.30843283539e-05, 7.24007591657e-08, 5.42286144878e-08],
        "dmean2": [0.000217009932385, 0.0112711004913, 0.00570866279304, 0.00353142060339, 0.00451084319502, 0.000795107276645, 0.00057868717704, 0.00040505931247, 0.000516773667186, 0.000288679992082, 0.000388807675336, 0.000324609165546, 0.000405651051551, 0.000507353979629, 0.000461394083686, 0.000426354759838, 0.000368921871996, 0.00036727837869, 0.000330988317728, 0.00036881872802, 0.000401529861847, 0.000387397187296, 0.000342348648701, 0.000235675499425, 6.33276067674e-05, 1.26415983459e-07, 1.03144664365e-07],
        "dvar": [7.66860566159e-08, 0.000302913977066, 8.56415208546e-05, 2.08699057112e-05, 7.35526919016e-05, 1.06377456177e-06, 5.06625099206e-07, 3.08496851176e-07, 6.50042409234e-07, 1.62989891805e-07, 7.72112286995e-07, 3.41352944133e-07, 4.33084522911e-07, 4.32013706586e-07, 4.54678712458e-07, 3.9582553768e-07, 2.74905801234e-07, 1.25565662756e-07, 1.23629234849e-07, 1.97388672518e-07, 2.43743727424e-07, 3.32708026463e-07, 3.23691210724e-07, 2.79201060494e-07, 2.77628622314e-08, 7.20346430617e-14, 7.54111264536e-14],
        "dvar2": [1.64811794434e-07, 0.000839400512632, 0.000249090313446, 5.82412358199e-05, 0.000203451578273, 2.79169057649e-06, 1.19829962841e-06, 7.34534864932e-07, 1.57741385465e-06, 4.16607548459e-07, 1.6731157757e-06, 8.84917938038e-07, 1.15963359804e-06, 1.08018787159e-06, 1.03209083591e-06, 1.01391947283e-06, 6.28486816368e-07, 3.20504426554e-07, 2.90689627036e-07, 4.42486566499e-07, 6.19926538548e-07, 7.88401337104e-07, 6.13532108673e-07, 4.51329810858e-07, 5.50967413915e-08, 1.89836346512e-13, 2.19375881935e-13],
        "max": [0.0036186480429, 0.153717547655, 0.0706135779619, 0.0511292517185, 0.0844152420759, 0.0191803369671, 0.0104288253933, 0.0128850201145, 0.0191264823079, 0.0084469076246, 0.0265055820346, 0.0124776707962, 0.0143520226702, 0.0186234489083, 0.0167649202049, 0.0203466210514, 0.0161680690944, 0.00663900701329, 0.00654650107026, 0.00840331800282, 0.0058179856278, 0.0083850286901, 0.010251221247, 0.0107938684523, 0.00351982936263, 4.67737390863e-06, 4.70736540592e-06],
        "mean": [0.00016235691146, 0.00673484941944, 0.00334394839592, 0.00214919121936, 0.00243489863351, 0.000742277421523, 0.000619109487161, 0.000412319350289, 0.000558224739507, 0.00029062415706, 0.000382089667255, 0.000291337026283, 0.000375239120331, 0.000502562441397, 0.00047981046373, 0.000464699463919, 0.000420600466896, 0.00043902778998, 0.000412781577324, 0.000446075078798, 0.000433978711953, 0.000473791442346, 0.00046214251779, 0.000335106946295, 6.33614763501e-05, 6.8570784606e-08, 3.14476515939e-08],
        "median": [5.70220581722e-05, 0.00300940359011, 0.00128765730187, 0.000853862380609, 0.000795945292339, 0.00025931186974, 0.000253855308983, 0.000148582985275, 0.000207384262467, 0.000108364838525, 0.000127878520289, 0.000108049956907, 0.000128922867589, 0.000194249048945, 0.000222139220568, 0.000230482473853, 0.000191401413758, 0.000268639822025, 0.000217750901356, 0.00015761454415, 0.000140061878483, 0.000121161225252, 0.000103665472125, 4.77212270198e-05, 6.16908710072e-06, 5.08231323693e-09, 3.53357898497e-10],
        "min": [1.82058201847e-09, 5.19809972843e-08, 7.83847013963e-08, 1.88336048978e-08, 8.00302935033e-09, 1.95081928389e-09, 1.06929909371e-09, 4.87930307269e-10, 2.66711153163e-10, 1.48282913726e-10, 4.05277755799e-10, 1.2392962212e-09, 7.20259074605e-10, 2.49875986569e-09, 5.86755843912e-09, 3.41679529114e-09, 5.72197222937e-09, 3.7864769098e-09, 3.15156034603e-09, 1.54112651529e-08, 3.52032403228e-09, 1.1194566385e-09, 2.01828798119e-09, 2.75745988543e-11, 7.07898973815e-12, 5.32629105751e-12, 4.95940137915e-12],
        "var": [9.64523039215e-08, 0.000207002827665, 5.28979289811e-05, 1.60930485436e-05, 5.03927694808e-05, 1.71968599716e-06, 1.00517797819e-06, 6.37306186491e-07, 1.24256723666e-06, 2.88301691853e-07, 1.40331667353e-06, 4.78181391372e-07, 6.90795161518e-07, 9.51027914198e-07, 8.70771657446e-07, 8.02140789347e-07, 6.45133809485e-07, 2.71607831337e-07, 2.82016628717e-07, 4.97379005537e-07, 4.53632196695e-07, 6.90384069912e-07, 9.37642539611e-07, 8.40578934458e-07, 5.43091012162e-08, 6.51586667651e-14, 4.12571384933e-14]
    },
    "erbbands": {
        "dmean": [0.137031748891, 1.62459623814, 3.79083585739, 4.85931921005, 9.6668586731, 7.45048427582, 4.55120849609, 4.01078939438, 4.48648118973, 6.52826881409, 5.44461488724, 7.34949827194, 5.66432857513, 6.51149940491, 9.13554573059, 7.56693649292, 10.2193622589, 12.3405590057, 15.1125354767, 15.8611841202, 14.2231388092, 12.7975358963, 12.3080253601, 9.94466304779, 11.1497268677, 11.0515108109, 11.1137933731, 9.17468929291, 9.16661262512, 8.32610988617, 6.80359840393, 4.52346420288, 2.5992937088, 0.904497623444, 0.0507292039692, 0.00242446945049, 0.000201247967198, 5.14614366693e-05, 1.81938648893e-05, 1.74805554707e-05],
        "dmean2": [0.232630833983, 2.93102264404, 6.94513082504, 8.78966140747, 16.9729938507, 13.3112449646, 7.97521781921, 6.52215194702, 7.35624742508, 10.0424871445, 8.49913024902, 11.4850139618, 9.00532531738, 9.93615722656, 13.9354763031, 12.1428489685, 16.5471992493, 19.3578624725, 23.9729633331, 24.6439437866, 22.5310192108, 20.0460338593, 19.8464870453, 16.1242809296, 17.5596179962, 17.0623016357, 18.0631332397, 14.7684488297, 14.2740850449, 12.2130050659, 9.63911342621, 6.07128858566, 3.50842928886, 1.29218637943, 0.0752165392041, 0.00358477048576, 0.000311913696351, 8.67721100803e-05, 3.03634569718e-05, 2.92110398732e-05],
        "dvar": [0.110433474183, 21.0600128174, 128.470214844, 114.765007019, 970.186462402, 588.08001709, 177.971481323, 78.7505569458, 103.131668091, 170.53578186, 122.236358643, 386.244628906, 139.120361328, 258.501159668, 762.622375488, 378.162506104, 785.665405273, 571.914001465, 897.550415039, 1649.00524902, 1060.08825684, 875.618530273, 388.293823242, 269.035980225, 385.185974121, 448.593109131, 500.456481934, 368.190734863, 460.531524658, 326.127593994, 281.275817871, 163.357040405, 62.4529724121, 11.5030326843, 0.0572735033929, 0.000112248118967, 3.98221743581e-07, 3.82206017946e-08, 2.42376851922e-09, 1.11857434426e-09],
        "dvar2": [0.295198559761, 59.2206382751, 370.770111084, 325.879394531, 2688.41821289, 1677.16906738, 498.275238037, 194.101089478, 271.034881592, 327.772827148, 287.206268311, 1014.30474854, 306.078338623, 620.301025391, 1692.87158203, 1014.11071777, 2106.37573242, 1366.49060059, 2199.03808594, 3534.72363281, 2842.51367188, 2127.64868164, 1005.28875732, 646.411499023, 877.260253906, 995.851928711, 1306.61047363, 890.036437988, 1118.5546875, 714.70111084, 517.316223145, 253.122192383, 112.935913086, 22.2880592346, 0.128267407417, 0.000248430267675, 9.18189698496e-07, 1.06895704732e-07, 6.6630194695e-09, 2.98540103749e-09],
        "max": [3.04931664467, 38.1777534485, 84.7387390137, 82.6548995972, 284.229858398, 236.943984985, 127.920928955, 221.488265991, 130.15663147, 305.282836914, 196.120544434, 444.142456055, 300.47543335, 360.542266846, 779.23651123, 407.37713623, 683.460327148, 534.671691895, 703.313476562, 1156.62072754, 1229.56652832, 1029.6159668, 301.192749023, 299.114074707, 370.287750244, 438.065307617, 347.508056641, 251.048187256, 315.82925415, 244.533905029, 300.04284668, 249.91317749, 155.87121582, 73.0363388062, 6.08138608932, 0.265706270933, 0.011235752143, 0.00324818654917, 0.000799784029368, 0.000217766297283],
        "mean": [0.1791023314, 1.56856572628, 3.95213603973, 5.39792776108, 9.3844499588, 6.99220275879, 5.35169935226, 6.50050592422, 7.02475547791, 11.3374767303, 9.99092960358, 12.0820217133, 9.74279212952, 10.9009561539, 13.9756221771, 12.1460504532, 16.6872291565, 21.5642108917, 25.9531803131, 27.623254776, 26.1575469971, 24.379825592, 24.3348197937, 20.2368335724, 22.2885322571, 21.1296844482, 19.2498455048, 16.0345211029, 16.5137939453, 15.7047176361, 12.8951501846, 8.54648971558, 4.69650554657, 1.42879164219, 0.0664460584521, 0.00331137469038, 0.00029125821311, 6.37014745735e-05, 2.85150072159e-05, 3.28030109813e-05],
        "median": [0.0950673669577, 0.654134273529, 1.56537854671, 2.65856790543, 3.07181072235, 2.54258346558, 1.79868388176, 2.40956950188, 2.78801846504, 4.75901412964, 3.98212790489, 4.60387516022, 4.25687170029, 4.97629022598, 5.12808465958, 4.989361763, 6.17404127121, 8.51241779327, 12.1005449295, 12.884057045, 12.8754301071, 11.6346216202, 14.5008049011, 12.8081741333, 9.85653209686, 7.88017463684, 7.02245855331, 4.3645195961, 4.02123212814, 4.1098408699, 2.68278169632, 1.37398016453, 0.622363388538, 0.157076612115, 0.00478967558593, 0.000302130618365, 4.31361295341e-05, 1.01763744169e-05, 1.21743132695e-05, 2.23500865104e-05],
        "min": [1.79273547474e-06, 1.76707162609e-05, 8.23322552606e-05, 8.61817679834e-05, 3.44923864759e-05, 2.63993260887e-05, 1.90353257494e-05, 1.5871528376e-05, 1.38680597956e-05, 1.60710660566e-05, 8.87782516656e-06, 5.81867516303e-06, 4.80624157717e-06, 9.71499775915e-06, 2.72461675195e-05, 4.8434616474e-05, 2.80769945675e-05, 8.10466954135e-05, 0.000307023350615, 0.000205527132493, 0.000219785477384, 0.000348732195562, 0.000245329894824, 0.000122913246742, 0.000304777786369, 0.000863994704559, 0.000161231233506, 0.000178295464139, 0.000148738050484, 0.000106094368675, 5.02234033775e-05, 3.63394756278e-05, 3.66436211152e-06, 7.00920054442e-07, 3.96748760068e-07, 1.52892596361e-07, 1.62624811395e-08, 4.4004799804e-09, 1.24921317735e-09, 5.93929794235e-10],
        "var": [0.0912699624896, 13.4351358414, 78.1113739014, 78.3711624146, 676.377929688, 372.43258667, 146.466964722, 145.822113037, 150.121124268, 429.798309326, 289.20602417, 604.69708252, 316.909118652, 488.00869751, 1372.81896973, 576.147216797, 1356.9798584, 1420.76843262, 2012.80761719, 3788.44140625, 2312.40307617, 2117.06616211, 886.758911133, 536.541870117, 1016.29522705, 1142.11865234, 856.964782715, 707.471862793, 873.785644531, 782.094482422, 808.711120605, 520.663574219, 168.858551025, 23.9348564148, 0.0928936973214, 0.000189778889762, 6.835766726e-07, 3.26514779658e-08, 2.38494757276e-09, 1.1850381787e-09]
    },
    "gfcc": {
        "mean": [-36.0225105286, 119.664848328, -149.849594116, 81.606880188, -60.255317688, 21.2474117279, -26.3650131226, -4.42485237122, 1.43319094181, -20.079164505, 2.70973682404, -20.82447052, -1.03703653812],
        "cov": [[7614.60791016, -2252.44384766, 70.2530288696, 238.655838013, -1442.11352539, 923.067871094, -726.944946289, 354.457397461, -174.684066772, 406.047058105, 159.230194092, 47.1177444458, 271.818939209], [-2252.44384766, 1655.48217773, -168.372360229, -386.434539795, 677.911193848, -460.905456543, 426.272949219, -111.106628418, 154.234375, -167.619018555, 87.5666046143, -51.6246910095, -104.068466187], [70.2530288696, -168.372360229, 530.234741211, 168.881286621, -72.272895813, 85.1783981323, -109.514556885, 63.3842163086, -27.5580711365, 56.2208023071, 12.8678684235, -30.4400444031, 23.3017482758], [238.655838013, -386.434539795, 168.881286621, 345.234375, -24.7870845795, 34.5153465271, -86.2093048096, -9.32450389862, 7.37191772461, 42.5302886963, -41.4762001038, 13.1428775787, 31.2357902527], [-1442.11352539, 677.911193848, -72.272895813, -24.7870845795, 580.139404297, -257.317016602, 237.028442383, -48.0660476685, 85.5224533081, -58.0613670349, -21.2771568298, -16.5290050507, -44.4411201477], [923.067871094, -460.905456543, 85.1783981323, 34.5153465271, -257.317016602, 342.65234375, -72.9052505493, 92.2463226318, -39.9322128296, 57.3641624451, 42.6601142883, 6.57030725479, 40.2090072632], [-726.944946289, 426.272949219, -109.514556885, -86.2093048096, 237.028442383, -72.9052505493, 317.827423096, -28.3435535431, 53.2808685303, -56.8514671326, 4.13868761063, 16.958524704, -74.8000793457], [354.457397461, -111.106628418, 63.3842163086, -9.32450389862, -48.0660476685, 92.2463226318, -28.3435535431, 163.358810425, 30.9199619293, 57.8676605225, 46.6845169067, -9.22586536407, 40.9664878845], [-174.684066772, 154.234375, -27.5580711365, 7.37191772461, 85.5224533081, -39.9322128296, 53.2808685303, 30.9199619293, 125.481956482, 17.0725917816, 18.8627128601, 4.656665802, -10.0023756027], [406.047058105, -167.619018555, 56.2208023071, 42.5302886963, -58.0613670349, 57.3641624451, -56.8514671326, 57.8676605225, 17.0725917816, 109.014984131, 27.3287124634, -2.5723836422, 37.6429100037], [159.230194092, 87.5666046143, 12.8678684235, -41.4762001038, -21.2771568298, 42.6601142883, 4.13868761063, 46.6845169067, 18.8627128601, 27.3287124634, 116.242034912, 12.1193227768, 12.0000400543], [47.1177444458, -51.6246910095, -30.4400444031, 13.1428775787, -16.5290050507, 6.57030725479, 16.958524704, -9.22586536407, 4.656665802, -2.5723836422, 12.1193227768, 85.6863708496, 15.1896409988], [271.818939209, -104.068466187, 23.3017482758, 31.2357902527, -44.4411201477, 40.2090072632, -74.8000793457, 40.9664878845, -10.0023756027, 37.6429100037, 12.0000400543, 15.1896409988, 93.62840271]],
        "icov": [[0.000357969169272, -2.30878067669e-05, 0.000317203870509, -0.000247001386015, 0.000599456310738, -0.000325368891936, 0.000175700653926, -0.000282550405245, 0.000199969887035, -0.000681081786752, -0.000126957616885, 1.31724191306e-05, -6.38626588625e-05], [-2.30878067669e-05, 0.00840846821666, -0.00310277938843, 0.00762753328308, -0.00387342856266, 0.00575816538185, -0.00507676554844, 0.00543002737686, -0.00653998926282, 0.00649495841935, -0.00850809086114, 0.00607919646427, -0.00630822312087], [0.000317203870509, -0.00310277938843, 0.00406326260418, -0.00436713313684, 0.00173921755049, -0.00254535139538, 0.0025163309183, -0.00328289135359, 0.00352866388857, -0.00326713081449, 0.00240468000993, -0.00142273574602, 0.00305451382883], [-0.000247001386015, 0.00762753328308, -0.00436713313684, 0.0114889116958, -0.00446632597595, 0.00460549350828, -0.00368206156418, 0.00651590246707, -0.00737466197461, 0.00502806948498, -0.0055888700299, 0.00407368922606, -0.00619520945475], [0.000599456310738, -0.00387342856266, 0.00173921755049, -0.00446632597595, 0.00688369059935, -0.000537322019227, -0.000362058257451, -0.00310529465787, 0.0023777873721, -0.00355722638778, 0.00349585339427, -0.00116242165677, 0.00100382405799], [-0.000325368891936, 0.00575816538185, -0.00254535139538, 0.00460549350828, -0.000537322019227, 0.0099711464718, -0.00527566066012, 0.00160952680744, -0.00314729870297, 0.00444754445925, -0.00667187059298, 0.00452435994521, -0.00501755299047], [0.000175700653926, -0.00507676554844, 0.0025163309183, -0.00368206156418, -0.000362058257451, -0.00527566066012, 0.0100555466488, -0.00365999643691, 0.00301683484577, -0.00325358612463, 0.00504907267168, -0.00616872077808, 0.00816184468567], [-0.000282550405245, 0.00543002737686, -0.00328289135359, 0.00651590246707, -0.00310529465787, 0.00160952680744, -0.00365999643691, 0.0145211359486, -0.00763429049402, 0.00214392435737, -0.00693990336731, 0.00564308324829, -0.00764730758965], [0.000199969887035, -0.00653998926282, 0.00352866388857, -0.00737466197461, 0.0023777873721, -0.00314729870297, 0.00301683484577, -0.00763429049402, 0.016499562189, -0.00762109551579, 0.00514080142602, -0.00548158353195, 0.0070201610215], [-0.000681081786752, 0.00649495841935, -0.00326713081449, 0.00502806948498, -0.00355722638778, 0.00444754445925, -0.00325358612463, 0.00214392435737, -0.00762109551579, 0.020392389968, -0.00819520931691, 0.0057536973618, -0.0076996111311], [-0.000126957616885, -0.00850809086114, 0.00240468000993, -0.0055888700299, 0.00349585339427, -0.00667187059298, 0.00504907267168, -0.00693990336731, 0.00514080142602, -0.00819520931691, 0.0199252180755, -0.00838755909353, 0.00642370060086], [1.31724191306e-05, 0.00607919646427, -0.00142273574602, 0.00407368922606, -0.00116242165677, 0.00452435994521, -0.00616872077808, 0.00564308324829, -0.00548158353195, 0.0057536973618, -0.00838755909353, 0.0187119692564, -0.00903774704784], [-6.38626588625e-05, -0.00630822312087, 0.00305451382883, -0.00619520945475, 0.00100382405799, -0.00501755299047, 0.00816184468567, -0.00764730758965, 0.0070201610215, -0.0076996111311, 0.00642370060086, -0.00903774704784, 0.0221472345293]]
    },
    "melbands": {
        "dmean": [0.00151132268365, 0.0020615675021, 0.00100842409302, 0.000638652360067, 0.000183752432349, 8.98069265531e-05, 6.78883079672e-05, 6.90193191986e-05, 4.80423223053e-05, 4.53827269666e-05, 2.93528173643e-05, 2.64088448603e-05, 3.68628971046e-05, 1.94497042685e-05, 2.75630682154e-05, 2.21856498683e-05, 2.47731204581e-05, 2.81182201434e-05, 2.10430935113e-05, 2.04765292438e-05, 1.77839428943e-05, 1.48540766531e-05, 1.24078860608e-05, 1.17281260827e-05, 8.44673832034e-06, 8.73802218848e-06, 8.60384534462e-06, 7.65216100262e-06, 7.69758025854e-06, 6.42274108031e-06, 5.40934206583e-06, 5.66474500374e-06, 5.11449115947e-06, 4.76465811516e-06, 4.10344955526e-06, 3.78890854336e-06, 2.69929932983e-06, 2.08591768569e-06, 1.33823755277e-06, 5.98523229201e-07],
        "dmean2": [0.00263070804067, 0.00377143337391, 0.00181544583756, 0.00111995008774, 0.000326131848851, 0.000146205973579, 0.000110180757474, 0.000106063380372, 7.49274695409e-05, 7.11262182449e-05, 4.66183046228e-05, 4.09273307014e-05, 5.53149002371e-05, 3.12324154947e-05, 4.45425466751e-05, 3.58598736057e-05, 3.92823130824e-05, 4.49979597761e-05, 3.30757429765e-05, 3.24931606883e-05, 2.90318384941e-05, 2.37873227888e-05, 2.00633512577e-05, 1.92136649275e-05, 1.38117484312e-05, 1.40500515045e-05, 1.3727410078e-05, 1.19320475278e-05, 1.25612650663e-05, 1.05524604805e-05, 8.7086827989e-06, 9.03406544239e-06, 7.96959648142e-06, 7.02150600773e-06, 6.04438037044e-06, 5.37877667739e-06, 3.68280120711e-06, 2.88164255835e-06, 1.89527747807e-06, 8.9973593731e-07],
        "dvar": [1.56607002282e-05, 3.62826613127e-05, 5.33655793333e-06, 4.42497275799e-06, 3.18644168829e-07, 3.68170098852e-08, 2.07679846653e-08, 1.83939334875e-08, 9.22462817243e-09, 1.54722403778e-08, 3.77156528231e-09, 4.04394340237e-09, 1.61570046231e-08, 4.71520911205e-09, 5.55988943773e-09, 2.62185384514e-09, 2.33306707287e-09, 3.59502960734e-09, 2.75689338025e-09, 2.46083020627e-09, 2.41823006064e-09, 1.46230227926e-09, 4.69879191112e-10, 3.73231556772e-10, 1.99707139714e-10, 2.29100308169e-10, 2.63702337744e-10, 2.27059357427e-10, 2.31838742648e-10, 1.70714969938e-10, 1.31505875633e-10, 1.83266818388e-10, 1.28258070831e-10, 1.10555321842e-10, 1.03406512519e-10, 1.08796686937e-10, 6.15376222202e-11, 4.541594531e-11, 1.8539515409e-11, 7.13870759381e-12],
        "dvar2": [4.28065177402e-05, 0.000102748417703, 1.49619409058e-05, 1.22912451843e-05, 9.09834682261e-07, 9.25872143398e-08, 5.42062785769e-08, 3.72991735276e-08, 2.16691766752e-08, 3.95125425712e-08, 8.36162961093e-09, 9.8572359164e-09, 3.48019213448e-08, 1.20084155952e-08, 1.49301513375e-08, 6.50607967501e-09, 5.72982861158e-09, 8.78195205445e-09, 6.37089314637e-09, 5.80147263562e-09, 6.62600418977e-09, 3.40961392453e-09, 1.27625876534e-09, 9.69729518907e-10, 4.89220386424e-10, 5.42801414927e-10, 5.9129634522e-10, 5.17355047691e-10, 6.14361006512e-10, 4.46378739527e-10, 3.15736492507e-10, 4.5456741149e-10, 3.09142017541e-10, 2.41788283839e-10, 2.04069150467e-10, 2.07566575039e-10, 1.0558837138e-10, 8.89391962855e-11, 3.51540428711e-11, 1.58189971539e-11],
        "max": [0.036230828613, 0.0430126935244, 0.0196623951197, 0.021499723196, 0.00524202687666, 0.00445540435612, 0.00175958243199, 0.002863537753, 0.0015118723968, 0.00275636021979, 0.00148832052946, 0.0015156972222, 0.00382286380045, 0.00186908757314, 0.00134310871363, 0.000978554598987, 0.000944100669585, 0.00166189309675, 0.00111403036863, 0.00156772870105, 0.00193858367857, 0.00125477579422, 0.000341361301253, 0.000393945461838, 0.000256814440945, 0.000290109630441, 0.000304221000988, 0.000300748535665, 0.000242433452513, 0.000166230180184, 0.000166819925653, 0.000218958244659, 0.000143495781231, 0.000163469041581, 0.000189947648323, 0.000204980970011, 0.00016894453438, 0.000145462181536, 8.72800519574e-05, 5.73017750867e-05],
        "mean": [0.0017596000107, 0.00210717972368, 0.00111090601422, 0.000620123231784, 0.00020534847863, 0.000145980447996, 0.000109338412585, 0.000117744864838, 8.73322060215e-05, 7.27880251361e-05, 4.84300435346e-05, 4.35797046521e-05, 5.43672467757e-05, 2.8185915653e-05, 4.07818370149e-05, 3.55825141014e-05, 4.07205770898e-05, 4.48238315585e-05, 3.42497551173e-05, 3.38858226314e-05, 3.04742734443e-05, 2.57527954091e-05, 2.1978519726e-05, 2.15022810153e-05, 1.54173085321e-05, 1.62566975632e-05, 1.54949266289e-05, 1.36458538691e-05, 1.25175829453e-05, 1.0359341104e-05, 8.81766300154e-06, 9.31735758058e-06, 9.16579028853e-06, 8.51639288157e-06, 7.46433943277e-06, 6.58866201775e-06, 4.73921409139e-06, 3.5652014958e-06, 2.35441098084e-06, 7.56717270178e-07],
        "median": [0.000826595409308, 0.000929184025154, 0.000528290693182, 0.000221280817641, 7.80978953117e-05, 5.50175755052e-05, 4.63170654257e-05, 4.7010693379e-05, 3.14122407872e-05, 2.79685555142e-05, 1.96627879632e-05, 1.91839062609e-05, 1.8144137357e-05, 1.10939481601e-05, 1.37571414598e-05, 1.27952789626e-05, 1.57378399308e-05, 1.94043859665e-05, 1.53087985382e-05, 1.64377142937e-05, 1.40658676173e-05, 1.13418800538e-05, 1.22193059724e-05, 1.28607216539e-05, 9.56940948527e-06, 7.74628551881e-06, 5.2750492614e-06, 4.9925301937e-06, 4.64115692012e-06, 3.28562987306e-06, 2.20821152652e-06, 2.21732102546e-06, 2.27431019084e-06, 2.10367647924e-06, 1.59659975907e-06, 1.12786460704e-06, 6.99869531218e-07, 4.45572652552e-07, 2.97836777463e-07, 5.12117992457e-08],
        "min": [1.35747288965e-08, 3.74275082038e-08, 1.36035867015e-08, 2.05838923684e-09, 7.47796158329e-10, 3.52236878554e-10, 2.13788611814e-10, 1.62140842419e-10, 6.46945552685e-11, 3.62849680857e-11, 2.19629626985e-11, 3.42256709085e-11, 6.60742641156e-11, 1.48936390998e-10, 6.192173857e-11, 9.3446604621e-11, 1.407611111e-10, 4.96364616076e-10, 3.68658492622e-10, 2.17948353809e-10, 2.32314945059e-10, 2.96333790839e-10, 3.01842689732e-10, 2.04285671712e-10, 6.79562309203e-11, 1.75926953561e-10, 4.5717729602e-10, 5.43144362819e-10, 1.0036382142e-10, 5.95095639433e-11, 3.11679224096e-11, 5.84136281012e-11, 7.14993134143e-11, 4.82052592288e-11, 1.81952872907e-11, 1.12665241719e-11, 1.00212542529e-13, 1.22108432307e-13, 1.03671669231e-13, 5.76622354465e-14],
        "var": [1.14748645501e-05, 2.25009789574e-05, 3.7782065192e-06, 3.03182810057e-06, 2.28086435072e-07, 6.72815119174e-08, 3.17031556563e-08, 4.50659776163e-08, 2.28513741263e-08, 2.47805012066e-08, 8.35406055444e-09, 7.46420969477e-09, 2.89673725007e-08, 6.12229378305e-09, 8.82285888792e-09, 5.45417755404e-09, 5.42882450105e-09, 7.8826962735e-09, 4.85771911585e-09, 5.21163157075e-09, 4.43499459379e-09, 3.05965364156e-09, 9.02350971721e-10, 7.30208726818e-10, 3.46456113798e-10, 5.06771069553e-10, 6.64726385047e-10, 5.21548360055e-10, 3.80915243792e-10, 2.80641565542e-10, 2.3911772562e-10, 3.09960057621e-10, 2.57846993756e-10, 2.53376902792e-10, 2.69228139782e-10, 2.86462881194e-10, 1.76905365357e-10, 1.06105901843e-10, 4.67850827524e-11, 1.10594771188e-11]
    },
    "mfcc": {
        "mean": [-647.452575684, 103.929794312, -4.57706737518, 42.2137260437, 9.61896324158, 17.0371570587, -2.68372917175, 12.5341033936, -1.235252738, 9.98439884186, -0.0989093631506, 0.533068597317, -2.90250301361],
        "cov": [[7928.45947266, -2382.2121582, 674.059509277, -714.548828125, -447.032958984, 66.5595932007, -254.911071777, -218.64894104, -133.992874146, 135.298721313, -94.9664840698, 295.012695312, -118.435264587], [-2382.2121582, 1870.57897949, -567.557312012, 128.658035278, 84.8374710083, -117.7889328, 154.538009644, 134.700576782, -14.2865438461, 39.2779541016, 128.296783447, -83.7658081055, 56.7817878723], [674.059509277, -567.557312012, 673.588134766, -62.5168952942, 23.8714332581, 10.8626785278, -34.1898574829, -62.9767074585, -28.2776737213, 16.533536911, -23.5215435028, 51.9029083252, -21.9637527466], [-714.548828125, 128.658035278, -62.5168952942, 404.835601807, 127.187812805, 29.5476837158, -27.2201690674, -9.09265518188, 51.0065765381, -16.3427143097, -21.3855819702, -6.06238460541, 26.7359390259], [-447.032958984, 84.8374710083, 23.8714332581, 127.187812805, 254.804656982, -39.9730186462, 12.7334718704, -39.7989044189, 55.9882049561, 15.189904213, -11.7016849518, 26.6525554657, 4.00102758408], [66.5595932007, -117.7889328, 10.8626785278, 29.5476837158, -39.9730186462, 160.832733154, 16.6887741089, 33.1132926941, -0.501153588295, -5.72696399689, 10.9485692978, -9.950548172, -3.7108092308], [-254.911071777, 154.538009644, -34.1898574829, -27.2201690674, 12.7334718704, 16.6887741089, 166.990493774, 44.5849189758, 16.5640296936, 15.8130130768, 34.1340827942, -5.06502628326, 14.3242282867], [-218.64894104, 134.700576782, -62.9767074585, -9.09265518188, -39.7989044189, 33.1132926941, 44.5849189758, 143.520828247, 4.22855138779, 17.448682785, 39.5058021545, -18.6584262848, 25.8756465912], [-133.992874146, -14.2865438461, -28.2776737213, 51.0065765381, 55.9882049561, -0.501153588295, 16.5640296936, 4.22855138779, 130.038070679, 9.79608345032, -0.18907238543, 6.28694343567, 15.0101995468], [135.298721313, 39.2779541016, 16.533536911, -16.3427143097, 15.189904213, -5.72696399689, 15.8130130768, 17.448682785, 9.79608345032, 134.850662231, 44.5904960632, 21.7605514526, -3.05826640129], [-94.9664840698, 128.296783447, -23.5215435028, -21.3855819702, -11.7016849518, 10.9485692978, 34.1340827942, 39.5058021545, -0.18907238543, 44.5904960632, 102.919250488, 8.35577392578, 8.38209152222], [295.012695312, -83.7658081055, 51.9029083252, -6.06238460541, 26.6525554657, -9.950548172, -5.06502628326, -18.6584262848, 6.28694343567, 21.7605514526, 8.35577392578, 104.962516785, 9.07611656189], [-118.435264587, 56.7817878723, -21.9637527466, 26.7359390259, 4.00102758408, -3.7108092308, 14.3242282867, 25.8756465912, 15.0101995468, -3.05826640129, 8.38209152222, 9.07611656189, 68.0518264771]],
