{
"lowlevel": {
    "average_loudness": 0.972020149231,
    "barkbands_crest": {
        "dmean": 2.6407096386,
        "dmean2": 4.38821268082,
        "dvar": 5.38662052155,
        "dvar2": 14.3459997177,
        "max": 21.7800712585,
        "mean": 9.90217685699,
        "median": 9.48863315582,
        "min": 2.63278126717,
        "var": 15.4105539322
    },
    "barkbands_flatness_db": {
        "dmean": 0.0206630434841,
        "dmean2": 0.0324664972723,
        "dvar": 0.000377487274818,
        "dvar2": 0.00095432496164,
        "max": 0.268334716558,
        "mean": 0.141937658191,
        "median": 0.136065900326,
        "min": 0.0662221163511,
        "var": 0.00133759668097
    },
    "barkbands_kurtosis": {
        "dmean": 2.52261519432,
        "dmean2": 4.02241945267,
        "dvar": 18.1770782471,
        "dvar2": 44.0988235474,
        "max": 42.9440498352,
        "mean": 3.242426157,
        "median": 0.625074625015,
        "min": -1.82683074474,
        "var": 42.294216156
    },
    "barkbands_skewness": {
        "dmean": 0.530856251717,
        "dmean2": 0.833411931992,
        "dvar": 0.326067477465,
        "dvar2": 0.794425964355,
        "max": 6.25626707077,
        "mean": 1.63764810562,
        "median": 1.37011528015,
        "min": -1.39274322987,
        "var": 1.61453688145
    },
    "barkbands_spread": {
        "dmean": 7.23157072067,
        "dmean2": 11.5251846313,
        "dvar": 47.1070404053,
        "dvar2": 112.891143799,
        "max": 80.5451126099,
        "mean": 36.2247123718,
        "median": 37.2983665466,
        "min": 5.29272413254,
        "var": 182.001831055
    },
    "dissonance": {
        "dmean": 0.0106235463172,
        "dmean2": 0.0178276412189,
        "dvar": 8.89208604349e-05,
        "dvar2": 0.00024188356474,
        "max": 0.500000059605,
        "mean": 0.480931580067,
        "median": 0.483725458384,
        "min": 0.413730919361,
        "var": 0.000173493768671
    },
    "dynamic_complexity": 2.21676421165,
    "erbbands_crest": {
        "dmean": 2.14723658562,
        "dmean2": 3.45576810837,
        "dvar": 4.82519102097,
        "dvar2": 11.9218988419,
        "max": 29.898475647,
        "mean": 7.16000843048,
        "median": 6.07825469971,
        "min": 2.46361637115,
        "var": 15.7046585083
    },
    "erbbands_flatness_db": {
        "dmean": 0.00973814819008,
        "dmean2": 0.0152221051976,
        "dvar": 8.85248373379e-05,
        "dvar2": 0.00021600794571,
        "max": 0.291111797094,
        "mean": 0.144903555512,
        "median": 0.140746295452,
        "min": 0.0965162888169,
        "var": 0.000731968844775
    },
    "erbbands_kurtosis": {
        "dmean": 0.646682262421,
        "dmean2": 1.04488050938,
        "dvar": 1.53030276299,
        "dvar2": 3.94472694397,
        "max": 25.2249603271,
        "mean": -0.0555592812598,
        "median": -0.729733467102,
        "min": -1.70908856392,
        "var": 5.94598150253
    },
    "erbbands_skewness": {
        "dmean": 0.277140438557,
        "dmean2": 0.424656718969,
        "dvar": 0.0542822107673,
        "dvar2": 0.128785997629,
        "max": 1.24625277519,
        "mean": -0.374916911125,
        "median": -0.306386142969,
        "min": -3.6536989212,
        "var": 0.380568236113
    },
    "erbbands_spread": {
        "dmean": 9.311378479,
        "dmean2": 14.3440732956,
        "dvar": 79.2342758179,
        "dvar2": 177.684814453,
        "max": 136.626876831,
        "mean": 60.0550079346,
        "median": 57.3677978516,
        "min": 5.43975877762,
        "var": 591.754760742
    },
    "hfc": {
        "dmean": 6.92051076889,
        "dmean2": 11.0188598633,
        "dvar": 125.280075073,
        "dvar2": 332.652191162,
        "max": 134.727874756,
        "mean": 29.9477539062,
        "median": 26.2487335205,
        "min": 0.000482428004034,
        "var": 402.98236084
    },
    "melbands_crest": {
        "dmean": 3.16974759102,
        "dmean2": 5.17733669281,
        "dvar": 7.34213495255,
        "dvar2": 19.5374736786,
        "max": 28.3040161133,
        "mean": 16.5989246368,
        "median": 16.6100578308,
        "min": 5.73364639282,
        "var": 24.362783432
    },
    "melbands_flatness_db": {
        "dmean": 0.0255433600396,
        "dmean2": 0.0395433530211,
        "dvar": 0.000655589275993,
        "dvar2": 0.00159383728169,
        "max": 0.324065178633,
        "mean": 0.169082790613,
        "median": 0.161765515804,
        "min": 0.050607919693,
        "var": 0.00283027812839
    },
    "melbands_kurtosis": {
        "dmean": 11.7225341797,
        "dmean2": 18.4481201172,
        "dvar": 350.181427002,
        "dvar2": 832.790649414,
        "max": 195.662979126,
        "mean": 25.1236057281,
        "median": 12.0787448883,
        "min": -1.8415157795,
        "var": 1027.03991699
    },
    "melbands_skewness": {
        "dmean": 0.929024875164,
        "dmean2": 1.4504172802,
        "dvar": 1.05375981331,
        "dvar2": 2.4922413826,
        "max": 12.4392080307,
        "mean": 3.94651794434,
        "median": 3.2844171524,
        "min": -0.180063143373,
        "var": 5.67724943161
    },
    "melbands_spread": {
        "dmean": 8.45806980133,
        "dmean2": 13.6652107239,
        "dvar": 86.4785766602,
        "dvar2": 218.011306763,
        "max": 95.5211410522,
        "mean": 30.9210262299,
        "median": 27.6393241882,
        "min": 2.71002149582,
        "var": 390.125762939
    },
    "pitch_salience": {
        "dmean": 0.0740263387561,
        "dmean2": 0.120398439467,
        "dvar": 0.00462747458369,
        "dvar2": 0.0122073674574,
        "max": 0.79800850153,
        "mean": 0.494608521461,
        "median": 0.494984000921,
        "min": 0.186933651567,
        "var": 0.0121429059654
    },
    "silence_rate_20dB": {
        "dmean": 0,
        "dmean2": 0,
        "dvar": 0,
        "dvar2": 0,
        "max": 1,
        "mean": 1,
        "median": 1,
        "min": 1,
        "var": 0
    },
    "silence_rate_30dB": {
        "dmean": 0,
        "dmean2": 0,
        "dvar": 0,
        "dvar2": 0,
        "max": 1,
        "mean": 1,
        "median": 1,
        "min": 1,
        "var": 0
    },
    "silence_rate_60dB": {
        "dmean": 0.0030959751457,
        "dmean2": 0.00619674660265,
        "dvar": 0.00308637158014,
        "dvar2": 0.00770751805976,
        "max": 1,
        "mean": 0.0216550659388,
        "median": 0,
        "min": 0,
        "var": 0.0211863871664
    },
    "spectral_centroid": {
        "dmean": 294.98034668,
        "dmean2": 461.994476318,
        "dvar": 68867.984375,
        "dvar2": 157351.234375,
        "max": 3574.55761719,
        "mean": 2075.54174805,
        "median": 2122.89550781,
        "min": 573.976196289,
        "var": 357830.71875
    },
    "spectral_complexity": {
        "dmean": 4.40092897415,
        "dmean2": 6.66150283813,
        "dvar": 23.0807914734,
        "dvar2": 44.7366638184,
        "max": 59,
        "mean": 25.0224285126,
        "median": 28,
        "min": 0,
        "var": 146.015777588
    },
    "spectral_decrease": {
        "dmean": 2.05225902938e-09,
        "dmean2": 3.38351013873e-09,
        "dvar": 4.84397669815e-18,
        "dvar2": 1.22253936182e-17,
        "max": -1.41439865462e-13,
        "mean": -7.47396100564e-09,
        "median": -7.29768201424e-09,
        "min": -2.292382284e-08,
        "var": 1.03747589774e-17
    },
    "spectral_energy": {
        "dmean": 0.00804756395519,
        "dmean2": 0.0132803628221,
        "dvar": 7.37877344363e-05,
        "dvar2": 0.000184433200047,
        "max": 0.0878011733294,
        "mean": 0.0309248045087,
        "median": 0.0301335360855,
        "min": 5.77581204197e-07,
        "var": 0.000172525440576
    },
    "spectral_energyband_high": {
        "dmean": 0.00079525669571,
        "dmean2": 0.00128498591948,
        "dvar": 1.46318006955e-06,
        "dvar2": 3.86001556762e-06,
        "max": 0.0107949003577,
        "mean": 0.00258416566066,
        "median": 0.00220240000635,
        "min": 3.74464121933e-08,
        "var": 3.40325732395e-06
    },
    "spectral_energyband_low": {
        "dmean": 0.00689377496019,
        "dmean2": 0.0112958215177,
        "dvar": 6.88675063429e-05,
        "dvar2": 0.000181059120223,
        "max": 0.0828390270472,
        "mean": 0.0166795477271,
        "median": 0.0149018839002,
        "min": 4.44142891354e-08,
        "var": 0.000120896474982
    },
    "spectral_energyband_middle_high": {
        "dmean": 0.00178244977724,
        "dmean2": 0.00276887998916,
        "dvar": 7.68528934714e-06,
        "dvar2": 1.87472214748e-05,
        "max": 0.038634557277,
        "mean": 0.00585604459047,
        "median": 0.00362217309885,
        "min": 8.10518514527e-08,
        "var": 4.07841725973e-05
    },
    "spectral_energyband_middle_low": {
        "dmean": 0.00263990787789,
        "dmean2": 0.00428846338764,
        "dvar": 1.0447846762e-05,
        "dvar2": 2.6938469091e-05,
        "max": 0.0333077050745,
        "mean": 0.00713586760685,
        "median": 0.00599227938801,
        "min": 4.66644465291e-08,
        "var": 2.47384050454e-05
    },
    "spectral_entropy": {
        "dmean": 0.0928402915597,
        "dmean2": 0.144233226776,
        "dvar": 0.00767681840807,
        "dvar2": 0.0186400823295,
        "max": 8.38684177399,
        "mean": 7.96872425079,
        "median": 7.9812130928,
        "min": 7.35595846176,
        "var": 0.0242905374616
    },
    "spectral_flux": {
        "dmean": 0.020704805851,
        "dmean2": 0.0323048830032,
        "dvar": 0.000433103501564,
        "dvar2": 0.00103040051181,
        "max": 0.216540843248,
        "mean": 0.0904218330979,
        "median": 0.0854588598013,
        "min": 0.000852397526614,
        "var": 0.00124954257626
    },
    "spectral_kurtosis": {
        "dmean": 0.591098368168,
        "dmean2": 1.03745758533,
        "dvar": 0.348969310522,
        "dvar2": 1.01035535336,
        "max": 8.90845966339,
        "mean": 0.865811944008,
        "median": 0.706257581711,
        "min": -0.734438657761,
        "var": 0.7138671875
    },
    "spectral_rms": {
        "dmean": 0.000702516059391,
        "dmean2": 0.00114341254812,
        "dvar": 4.64116880039e-07,
        "dvar2": 1.16375008474e-06,
        "max": 0.00925525184721,
        "mean": 0.00534008769318,
        "median": 0.00542204501107,
        "min": 2.3738026357e-05,
        "var": 1.65401877439e-06
    },
    "spectral_rolloff": {
        "dmean": 689.830444336,
        "dmean2": 1174.85327148,
        "dvar": 843851.125,
        "dvar2": 1998439.125,
        "max": 6804.4921875,
        "mean": 1915.12524414,
        "median": 1636.5234375,
        "min": 107.666015625,
        "var": 2235391.5
    },
    "spectral_skewness": {
        "dmean": 0.118359439075,
        "dmean2": 0.192961454391,
        "dvar": 0.0105823902413,
        "dvar2": 0.0259842611849,
        "max": 1.959597826,
        "mean": 0.701866805553,
        "median": 0.711512327194,
        "min": -0.0812661200762,
        "var": 0.0439085029066
    },
    "spectral_spread": {
        "dmean": 343156.15625,
        "dmean2": 521701.09375,
        "dvar": 96601677824,
        "dvar2": 207281897472,
        "max": 7973079.5,
        "mean": 5089698,
        "median": 4980286.5,
        "min": 2399216.5,
        "var": 831015944192
    },
    "spectral_strongpeak": {
        "dmean": 0.442556858063,
        "dmean2": 0.753973543644,
        "dvar": 1.41826033592,
        "dvar2": 3.3602232933,
        "max": 15.3728475571,
        "mean": 0.68458288908,
        "median": 0.301269650459,
        "min": 0.000800362613518,
        "var": 2.51347517967
    },
    "zerocrossingrate": {
        "dmean": 0.00998973567039,
        "dmean2": 0.0126302586868,
        "dvar": 7.2603157605e-05,
        "dvar2": 0.000108853651909,
        "max": 0.1611328125,
        "mean": 0.0775642096996,
        "median": 0.078125,
        "min": 0.0185546875,
        "var": 0.00059046363458
    },
    "barkbands": {
        "dmean": [0.000203988383873, 0.00489572575316, 0.00340327178128, 0.00114324246533, 0.00113093655091, 0.00071219651727, 0.000455140980193, 0.00042652792763, 0.000420241820393, 0.000291237083729, 0.000431397464126, 0.000343759544194, 0.00026930286549, 0.000302246276988, 0.000313451135298, 0.00065514666494, 0.000469437683932, 0.000185143187991, 0.000172470754478, 0.000318530714139, 0.000324294116581, 0.000232618520386, 0.000141619661008, 0.000120394463011, 3.46456108673e-05, 3.48423725427e-08, 5.76839953581e-09],
        "dmean2": [0.000350826623617, 0.00815954152495, 0.00553345447406, 0.00188062433153, 0.00179747329094, 0.00112923677079, 0.000767061137594, 0.000692641537171, 0.000657895056065, 0.000453077664133, 0.000664603605401, 0.000544882321265, 0.000432126020314, 0.000487200013595, 0.00051248294767, 0.00103928695899, 0.000711778295226, 0.000304283574224, 0.000283697241684, 0.000518974207807, 0.000545334187336, 0.000388100161217, 0.000228613818763, 0.00019304107991, 5.60296139156e-05, 5.87725246248e-08, 1.08005018262e-08],
        "dvar": [1.14239824711e-07, 4.49007347925e-05, 1.45225885717e-05, 1.65168773947e-06, 2.78565403278e-06, 2.44617126555e-06, 8.47057719966e-07, 7.70804604144e-07, 7.76655383561e-07, 4.1673476403e-07, 8.69486939337e-07, 4.75421074952e-07, 4.78116305658e-07, 6.26831706541e-07, 7.65257652802e-07, 4.97419978274e-06, 2.18233844862e-06, 1.54133942942e-07, 6.58813803511e-08, 1.8897905818e-07, 2.3097157964e-07, 1.17214696616e-07, 4.29902407006e-08, 3.37433974096e-08, 2.53215470813e-09, 2.40831245124e-15, 6.23674170712e-16],
        "dvar2": [3.27821908286e-07, 0.000113972862891, 3.668001591e-05, 4.21901086156e-06, 6.93808351571e-06, 5.67885126657e-06, 2.19772368837e-06, 2.00704084818e-06, 1.88604667528e-06, 9.08702929792e-07, 1.83456154446e-06, 1.15523891964e-06, 1.06352013063e-06, 1.50146138367e-06, 1.81719281045e-06, 1.18636153275e-05, 4.6999098231e-06, 3.94362899669e-07, 1.71904204649e-07, 4.86436306346e-07, 6.15544138327e-07, 3.18690695167e-07, 1.07982167208e-07, 8.81026522848e-08, 6.49666498376e-09, 6.47535512352e-15, 1.79479441732e-15],
        "max": [0.00383291300386, 0.0546945184469, 0.0405769273639, 0.0178118571639, 0.0227586589754, 0.0299281589687, 0.0132761942223, 0.0121413897723, 0.0149705596268, 0.0120977703482, 0.0186577141285, 0.0101988958195, 0.0166547372937, 0.013905798085, 0.0204304642975, 0.0318710282445, 0.0226954333484, 0.00697267288342, 0.00379004888237, 0.00549506768584, 0.00689552398399, 0.00385246356018, 0.00206364737824, 0.00228555756621, 0.000609075825196, 4.75617014217e-07, 3.40238045737e-07],
        "mean": [0.00023875493207, 0.00820924341679, 0.00701019819826, 0.00192503992002, 0.0018866257742, 0.00110230606515, 0.00063414638862, 0.000654820702039, 0.000738832750358, 0.000483959243866, 0.000743112468626, 0.000551936042029, 0.000442543561803, 0.000424017431214, 0.000465063698357, 0.00105761073064, 0.000817034218926, 0.000299319566693, 0.000385984982131, 0.000782825460192, 0.000813838851172, 0.000542840803973, 0.000331243849359, 0.000306951289531, 7.65226577641e-05, 5.4547786732e-08, 3.70039732189e-09],
        "median": [9.886254702e-05, 0.00545122846961, 0.00586350075901, 0.00150703976396, 0.00098975142464, 0.0004113795585, 0.0002958693658, 0.000331567978719, 0.000295065576211, 0.000193911531824, 0.000304390967358, 0.00025441654725, 0.000170453742612, 0.000133405439556, 0.000161120522534, 0.000231343277846, 0.000193941130419, 0.000165413846844, 0.000302951171761, 0.000646667031106, 0.000647618144285, 0.00040337635437, 0.000249595410423, 0.000228856515605, 5.96778918407e-05, 3.79540843198e-08, 6.05975492007e-10],
        "min": [2.97196134369e-09, 2.71691042997e-08, 1.45669059037e-08, 7.56184004302e-09, 1.10376792151e-08, 1.42696396921e-08, 3.87937459934e-09, 4.13734513316e-09, 4.13801881649e-09, 1.22950849502e-08, 4.10591249889e-09, 5.7625473282e-09, 5.03731723001e-09, 5.51164891505e-09, 1.13242002442e-08, 3.93614474348e-09, 2.5840982687e-09, 6.19822371206e-09, 3.48845374809e-09, 1.22368950528e-08, 1.70714251624e-08, 5.99683458447e-09, 4.93991647588e-09, 3.57048657307e-09, 8.33947799705e-10, 3.09331770268e-12, 3.53953216563e-12],
        "var": [1.34199851232e-07, 6.73046888551e-05, 2.67163668468e-05, 2.8322167509e-06, 6.04858132647e-06, 4.34722414866e-06, 1.11135807401e-06, 1.07024334284e-06, 1.67550672359e-06, 8.68517702202e-07, 2.12977147385e-06, 9.25134656882e-07, 1.14096712878e-06, 9.69516236182e-07, 1.25639985527e-06, 9.73140231508e-06, 5.3622688938e-06, 2.21635232833e-07, 1.38382844739e-07, 4.79864922909e-07, 5.83279131661e-07, 2.14922678765e-07, 7.98089132559e-08, 7.20876940363e-08, 4.17413081877e-09, 2.97564919008e-15, 3.57876343594e-16]
    },
    "erbbands": {
        "dmean": [0.141846328974, 1.17371821404, 3.55075740814, 3.76635098457, 3.01681613922, 4.40922498703, 4.75828886032, 6.19699811935, 6.04148340225, 8.00642585754, 9.147813797, 9.12515449524, 8.65926742554, 13.9295043945, 13.702753067, 13.8148326874, 11.9341545105, 14.6551856995, 12.721783638, 19.5430088043, 34.4638595581, 20.3403873444, 9.48934173584, 8.25121879578, 9.26085090637, 14.3975133896, 16.6053161621, 10.5374326706, 8.68211460114, 5.8835568428, 3.90587067604, 3.07721114159, 1.7487899065, 0.689431965351, 0.054157435894, 0.00236503407359, 0.000121855802718, 1.87498098967e-05, 6.87644205755e-06, 9.72326688498e-06],
        "dmean2": [0.234271466732, 1.95883440971, 5.81148481369, 5.98053836823, 4.95751333237, 7.17446804047, 7.59042644501, 9.77393054962, 10.1574659348, 13.011138916, 14.5492620468, 14.2020645142, 13.5576848984, 21.0770225525, 22.4644813538, 21.8282375336, 19.0591945648, 23.1266841888, 20.7632675171, 30.7781944275, 53.5691986084, 31.2860660553, 15.4204940796, 13.4511795044, 15.3522024155, 23.8526229858, 27.3201847076, 17.58959198, 14.4145450592, 9.90561676025, 6.22884130478, 4.94253253937, 2.80106592178, 1.09903287888, 0.0869283825159, 0.00379084423184, 0.000193326195586, 3.00183601212e-05, 1.11595318231e-05, 1.58711773111e-05],
        "dvar": [0.0417729765177, 2.72606563568, 16.2906551361, 19.791519165, 15.2106218338, 54.4004821777, 73.4453582764, 260.111053467, 169.192047119, 232.977996826, 308.159545898, 476.445343018, 298.413421631, 974.942138672, 1204.89880371, 731.176208496, 935.634216309, 1474.6027832, 858.530578613, 3365.62304688, 15634.1220703, 3650.93139648, 442.759155273, 197.117156982, 230.45489502, 331.515625, 657.861999512, 235.075775146, 158.539672852, 83.2801818848, 34.1816635132, 20.2179698944, 7.01450157166, 1.03193724155, 0.00712606869638, 1.33495041155e-05, 3.56841383109e-08, 1.04731856521e-09, 1.08620071271e-10, 1.14593723399e-10],
        "dvar2": [0.0974749475718, 7.28405332565, 42.7668685913, 49.8837966919, 41.916557312, 132.1484375, 165.195556641, 600.921386719, 450.413482666, 549.97088623, 735.256530762, 1156.39208984, 605.011535645, 1824.31811523, 2952.83837891, 1725.59020996, 2123.62695312, 3356.91943359, 1997.93164062, 7331.35839844, 36648.1367188, 7615.02783203, 1112.31774902, 521.941833496, 605.99230957, 873.385742188, 1692.18371582, 618.579345703, 429.206512451, 221.69682312, 85.9212417603, 50.9717407227, 18.6597938538, 2.67646098137, 0.0188365094364, 3.52527058567e-05, 9.45367588656e-08, 2.872865279e-09, 2.91344698367e-10, 2.9079783026e-10],
        "max": [2.27549481392, 14.1558246613, 40.4900245667, 62.4456520081, 43.2281570435, 85.6224060059, 117.397392273, 341.159637451, 194.195541382, 219.937927246, 290.337677002, 345.7918396, 274.111602783, 894.471252441, 589.40234375, 393.684051514, 615.21875, 671.858825684, 645.508850098, 1648.23254395, 2118.94384766, 1325.61743164, 446.033905029, 213.353302002, 248.610977173, 179.432113647, 289.10925293, 225.801208496, 134.287994385, 90.8173828125, 67.8254241943, 55.6175384521, 28.8144168854, 11.7477474213, 1.27955257893, 0.0540711469948, 0.00242331717163, 0.000385891384212, 0.000133309295052, 0.00010373674013],
        "mean": [0.200844034553, 2.02120041847, 7.74983978271, 7.46484613419, 5.36760950089, 6.92660808563, 7.53610467911, 9.35912036896, 8.71535682678, 12.1232881546, 16.034072876, 16.41522789, 15.336602211, 24.8056812286, 22.1745204926, 23.2441635132, 21.5585613251, 23.6983203888, 19.9038047791, 35.3677787781, 64.1751480103, 42.9567184448, 17.7759284973, 18.4526329041, 21.6393184662, 36.2738800049, 40.9146156311, 26.6860923767, 20.3641052246, 12.7375202179, 9.20997333527, 7.3861951828, 4.41331148148, 1.64908003807, 0.118272349238, 0.00535810692236, 0.000322429754306, 5.23658782186e-05, 2.90195130219e-05, 4.1369585233e-05],
        "median": [0.111600160599, 1.44829654694, 6.45558452606, 6.18529415131, 3.91088700294, 2.94990587234, 3.2901828289, 3.17647719383, 3.87519073486, 5.94536924362, 7.72844934464, 6.86468887329, 6.3692240715, 10.3374357224, 10.0960674286, 11.2166194916, 9.8829240799, 7.89691972733, 8.64764118195, 10.1997518539, 14.2488460541, 10.7542333603, 8.64614200592, 15.0301828384, 17.266330719, 29.9737453461, 31.4101848602, 21.3474502563, 15.1318778992, 9.59380912781, 6.86817979813, 5.29482793808, 3.52099823952, 1.3270958662, 0.0951566174626, 0.0042902957648, 0.000270332995569, 4.46325393568e-05, 2.73227415164e-05, 4.03369122068e-05],
        "min": [3.96941544523e-07, 7.44066528569e-06, 1.9374090698e-05, 1.73635544343e-05, 4.86126045871e-05, 2.31072135648e-05, 8.96873461897e-05, 9.15925847949e-05, 4.54738692497e-05, 5.09931523993e-05, 0.000146747071994, 8.716389857e-05, 0.000452762440545, 0.00024723043316, 0.000271347205853, 0.000208564524655, 0.00028729182668, 0.00021536553686, 0.000493519473821, 0.000570364587475, 0.000264392292593, 0.000204333133297, 0.000306900648866, 0.000254029640928, 0.000160157258506, 0.000682658981532, 0.000666667998303, 0.000578606908675, 0.000265384907834, 0.000210287093068, 0.000107063926407, 7.14752313797e-05, 5.49893738935e-05, 1.93725099962e-05, 1.66304027971e-06, 8.08398112895e-08, 8.96176555187e-09, 2.76445022429e-09, 1.049527798e-09, 7.81170017561e-10],
        "var": [0.0661362856627, 3.60480976105, 29.7425613403, 34.5699005127, 25.5832843781, 115.625450134, 170.774215698, 442.53503418, 228.691268921, 383.807922363, 637.66973877, 861.46307373, 745.81237793, 2765.55493164, 1956.83044434, 1551.86914062, 2066.26416016, 2762.63061523, 1732.52453613, 7848.1484375, 39885.6328125, 13456.015625, 884.842590332, 282.109558105, 506.902893066, 908.492004395, 1621.97558594, 525.843505859, 312.012268066, 119.513519287, 65.8057479858, 48.7065811157, 13.0064439774, 1.73325431347, 0.00989251490682, 1.90670325537e-05, 5.47954179808e-08, 1.42872802478e-09, 2.01769656538e-10, 3.01524888391e-10]
    },
    "gfcc": {
        "mean": [18.6852416992, 93.137878418, -132.723190308, 84.7127838135, -76.2913131714, 37.18907547, -28.0273685455, 5.57220649719, -11.2375535965, -10.4908924103, -2.34752345085, -21.4310531616, 4.01691675186],
        "cov": [[2572.31689453, -5.21841669083, -456.875579834, -142.107254028, -50.3070373535, -69.287727356, -60.3838653564, -100.203605652, -43.1003265381, -17.7883605957, 3.10341405869, 105.487686157, 104.552474976], [-5.21841669083, 186.779373169, -25.7555789948, -38.8111686707, 19.891910553, -54.5007133484, 21.4548339844, -27.1092720032, 19.7385520935, -2.47708392143, 28.0979290009, 14.574672699, 30.2525310516], [-456.875579834, -25.7555789948, 455.07711792, 116.580093384, -57.7412872314, 61.6464767456, 48.1941261292, 108.16242981, 16.6154060364, 41.7768974304, 18.7803020477, -53.760925293, -93.3147888184], [-142.107254028, -38.8111686707, 116.580093384, 156.955596924, 61.1312294006, -21.6893615723, 12.5294799805, 15.4909315109, 36.0877304077, 14.8110895157, -1.80278122425, -18.9003791809, -14.9109964371], [-50.3070373535, 19.891910553, -57.7412872314, 61.1312294006, 179.105072021, 16.0041427612, -12.6800775528, -7.26905488968, 41.8079376221, -3.92535638809, -13.7655220032, 3.01684713364, 24.6175956726], [-69.287727356, -54.5007133484, 61.6464767456, -21.6893615723, 16.0041427612, 130.838241577, 63.3826599121, 42.0848808289, -9.39384460449, 8.22917175293, -1.71421444416, -18.3575935364, -33.3869972229], [-60.3838653564, 21.4548339844, 48.1941261292, 12.5294799805, -12.6800775528, 63.3826599121, 153.108352661, 46.6695327759, -2.15692806244, 14.2169914246, 15.6840591431, -24.7832641602, -22.4523525238], [-100.203605652, -27.1092720032, 108.16242981, 15.4909315109, -7.26905488968, 42.0848808289, 46.6695327759, 94.605255127, 28.0630626678, 11.1954784393, -4.88868713379, -18.6611175537, -31.9566421509], [-43.1003265381, 19.7385520935, 16.6154060364, 36.0877304077, 41.8079376221, -9.39384460449, -2.15692806244, 28.0630626678, 96.1384353638, 22.1497154236, -7.94983482361, -3.20688271523, -5.50968551636], [-17.7883605957, -2.47708392143, 41.7768974304, 14.8110895157, -3.92535638809, 8.22917175293, 14.2169914246, 11.1954784393, 22.1497154236, 68.0924987793, 29.1855316162, -7.00103187561, -7.19463729858], [3.10341405869, 28.0979290009, 18.7803020477, -1.80278122425, -13.7655220032, -1.71421444416, 15.6840591431, -4.88868713379, -7.94983482361, 29.1855316162, 63.0263633728, 25.634016037, 6.65575361252], [105.487686157, 14.574672699, -53.760925293, -18.9003791809, 3.01684713364, -18.3575935364, -24.7832641602, -18.6611175537, -3.20688271523, -7.00103187561, 25.634016037, 63.9831237793, 45.6319274902], [104.552474976, 30.2525310516, -93.3147888184, -14.9109964371, 24.6175956726, -33.3869972229, -22.4523525238, -31.9566421509, -5.50968551636, -7.19463729858, 6.65575361252, 45.6319274902, 81.8790359497]],
        "icov": [[0.000525659299456, -0.0006318736705, 0.00100513338111, -0.000964362407103, 0.000842644949444, -0.0007484247908, 0.00051889300812, -0.00057929311879, 0.000482387375087, -0.000645500142127, 0.000612796226051, -0.000906184082851, 0.000320760067552], [-0.0006318736705, 0.0313650220633, -0.0175637900829, 0.0352448523045, -0.021632887423, 0.0315159112215, -0.0223871022463, 0.0194919425994, -0.0144585967064, 0.0111561110243, -0.0137476138771, 0.00724365422502, -0.00646865228191], [0.00100513338111, -0.0175637900829, 0.0170145966113, -0.0262403618544, 0.0164491329342, -0.0212866477668, 0.0154420798644, -0.0164369679987, 0.00902302376926, -0.00675813108683, 0.00463528232649, -0.002578149084, 0.00508549110964], [-0.000964362407103, 0.0352448523045, -0.0262403618544, 0.0553045608103, -0.0324939489365, 0.0433125644922, -0.0297028552741, 0.0256563257426, -0.0173276625574, 0.0110426787287, -0.0123377516866, 0.00689161708578, -0.00535887433216], [0.000842644949444, -0.021632887423, 0.0164491329342, -0.0324939489365, 0.0271535199136, -0.0291794221848, 0.0191572140902, -0.0143917910755, 0.00577320437878, -0.0050212177448, 0.00659737968817, -0.00110614567529, -0.000652541581076], [-0.0007484247908, 0.0315159112215, -0.0212866477668, 0.0433125644922, -0.0291794221848, 0.0484889373183, -0.0293361302465, 0.0183256939054, -0.010174183175, 0.00704469904304, -0.00791213754565, 0.00137719046324, 0.000402088626288], [0.00051889300812, -0.0223871022463, 0.0154420798644, -0.0297028552741, 0.0191572140902, -0.0293361302465, 0.0281584654003, -0.0194579698145, 0.00991731788963, -0.00528975110501, 0.00169204443227, 0.00328417262062, 0.000438590650447], [-0.00057929311879, 0.0194919425994, -0.0164369679987, 0.0256563257426, -0.0143917910755, 0.0183256939054, -0.0194579698145, 0.033630784601, -0.0152452513576, 0.00704854493961, -0.00372195849195, 0.00120969919953, -0.00171102769673], [0.000482387375087, -0.0144585967064, 0.00902302376926, -0.0173276625574, 0.00577320437878, -0.010174183175, 0.00991731788963, -0.0152452513576, 0.0241035763174, -0.0139060337096, 0.013257314451, -0.00984191801399, 0.00754622975364], [-0.000645500142127, 0.0111561110243, -0.00675813108683, 0.0110426787287, -0.0050212177448, 0.00704469904304, -0.00528975110501, 0.00704854493961, -0.0139060337096, 0.0309521369636, -0.0237148720771, 0.0170494057238, -0.00909611862153], [0.000612796226051, -0.0137476138771, 0.00463528232649, -0.0123377516866, 0.00659737968817, -0.00791213754565, 0.00169204443227, -0.00372195849195, 0.013257314451, -0.0237148720771, 0.0439362712204, -0.0291845668107, 0.0126359649003], [-0.000906184082851, 0.00724365422502, -0.002578149084, 0.00689161708578, -0.00110614567529, 0.00137719046324, 0.00328417262062, 0.00120969919953, -0.00984191801399, 0.0170494057238, -0.0291845668107, 0.0478955470026, -0.0244200453162], [0.000320760067552, -0.00646865228191, 0.00508549110964, -0.00535887433216, -0.000652541581076, 0.000402088626288, 0.000438590650447, -0.00171102769673, 0.00754622975364, -0.00909611862153, 0.0126359649003, -0.0244200453162, 0.0311169438064]]
    },
    "melbands": {
        "dmean": [0.00128239626065, 0.0016098136548, 0.000591251708101, 0.000252783414908, 0.000169026709045, 0.000135715847136, 9.48028246057e-05, 8.82888707565e-05, 7.87572353147e-05, 5.74020232307e-05, 4.32843116869e-05, 5.43861424376e-05, 4.8923666327e-05, 3.31088267558e-05, 4.12994522776e-05, 2.53676098509e-05, 3.03685374092e-05, 2.09058162e-05, 2.44335478783e-05, 3.46803171851e-05, 4.60216433567e-05, 3.00222982332e-05, 1.09498796519e-05, 8.28578140499e-06, 7.22679806131e-06, 7.39281858841e-06, 7.81932612881e-06, 1.13519326987e-05, 1.28126503114e-05, 8.90799583431e-06, 6.2412382249e-06, 5.4916067711e-06, 4.58846943729e-06, 3.25474138663e-06, 2.48562218985e-06, 2.24965970119e-06, 1.87276657471e-06, 1.36439382459e-06, 1.05336380329e-06, 4.95810866141e-07],
        "dmean2": [0.0021485821344, 0.00261909654364, 0.000936830881983, 0.000407627754612, 0.00027257335023, 0.000213981460547, 0.000157761955052, 0.000141921278555, 0.000125558333821, 8.94653567229e-05, 6.76574854879e-05, 8.23034279165e-05, 7.79882611823e-05, 5.26096810063e-05, 6.66567939334e-05, 4.02758632845e-05, 4.79640002595e-05, 3.42522689607e-05, 3.90474197047e-05, 5.57437488169e-05, 7.31222025934e-05, 4.45683435828e-05, 1.75734294316e-05, 1.35323061841e-05, 1.17778763524e-05, 1.22903675219e-05, 1.32476507133e-05, 1.87249024748e-05, 2.10042217077e-05, 1.49173220052e-05, 1.04661658042e-05, 9.1540550784e-06, 7.82131610322e-06, 5.47022318642e-06, 3.99763666792e-06, 3.65688993043e-06, 3.00960164168e-06, 2.21747814066e-06, 1.69633881342e-06, 8.07369474387e-07],
        "dvar": [3.12417273562e-06, 3.80530650546e-06, 4.14121814174e-07, 1.3402724619e-07, 8.69987459851e-08, 1.11230974653e-07, 3.83043001762e-08, 2.97950428774e-08, 2.3495793755e-08, 1.83767703277e-08, 7.86245024642e-09, 1.52921586505e-08, 1.27687611595e-08, 4.69291672189e-09, 1.16070690837e-08, 5.7293174649e-09, 6.53226894798e-09, 2.53959253627e-09, 3.92291976681e-09, 9.17548170776e-09, 3.10480530175e-08, 9.05621710956e-09, 6.06958705518e-10, 2.98711971825e-10, 1.36464825551e-10, 1.39934466792e-10, 1.24106919186e-10, 2.06408681813e-10, 4.11147227375e-10, 1.89892310209e-10, 8.87853540688e-11, 6.26797988512e-11, 4.64739982609e-11, 2.31626228614e-11, 1.41187894709e-11, 9.35825895942e-12, 7.96312755319e-12, 4.07405142608e-12, 2.38734726432e-12, 5.00589099253e-13],
        "dvar2": [7.49606397221e-06, 1.03651664176e-05, 1.06178038095e-06, 3.44396795526e-07, 1.91037472064e-07, 2.57689521277e-07, 1.0234094816e-07, 7.44888666304e-08, 5.31021271399e-08, 4.54689761398e-08, 1.56438577648e-08, 2.96975599667e-08, 3.0511220217e-08, 1.10138405063e-08, 2.58349750482e-08, 1.21940191278e-08, 1.49127998839e-08, 5.67916691452e-09, 9.02476138265e-09, 2.24284200101e-08, 7.12875234399e-08, 1.89734716827e-08, 1.4553307448e-09, 7.63863472475e-10, 3.60089236207e-10, 3.6693095784e-10, 3.41176392693e-10, 5.46696465875e-10, 1.04552533298e-09, 5.19190745951e-10, 2.2798891941e-10, 1.69498790004e-10, 1.27133997774e-10, 6.06468833486e-11, 3.60427000745e-11, 2.41718624283e-11, 2.01360195878e-11, 1.08662722917e-11, 6.12367491784e-12, 1.31760704777e-12],
        "max": [0.0156514458358, 0.018202252686, 0.00935626029968, 0.00377224409021, 0.00471876561642, 0.00699138920754, 0.00253540975973, 0.00240584718995, 0.00241313362494, 0.00221569417045, 0.00147518038284, 0.00334726693109, 0.00180862657726, 0.000957296811976, 0.0018150312826, 0.00225294055417, 0.0014062053524, 0.00130365765654, 0.001410027151, 0.00152897497173, 0.00295431516133, 0.00189214223064, 0.000456470210338, 0.00028427754296, 0.000177260080818, 0.000196540117031, 0.000138428571518, 0.000156795300427, 0.000261140696239, 0.000290326803224, 0.000156241439981, 9.57613374339e-05, 6.50054425932e-05, 4.62132557004e-05, 4.5008273446e-05, 3.4641372622e-05, 3.61683014489e-05, 2.25501717068e-05, 1.88783014892e-05, 9.02823649085e-06],
        "mean": [0.00203454494476, 0.00363248423673, 0.00126515259035, 0.000432002387242, 0.00027676258469, 0.000209510137211, 0.000135532740387, 0.000132416258566, 0.000138969509862, 0.000100808880234, 7.27830338292e-05, 9.4065151643e-05, 8.05488743936e-05, 5.42608941032e-05, 6.34032840026e-05, 4.46897720394e-05, 4.45080040663e-05, 2.93757584586e-05, 3.75751005777e-05, 5.95181700191e-05, 8.03100119811e-05, 5.24598508491e-05, 1.84549116966e-05, 1.35352593134e-05, 1.48980034282e-05, 1.51906488099e-05, 1.70936800714e-05, 2.58706022578e-05, 2.8169435609e-05, 1.94387175725e-05, 1.41842729136e-05, 1.20198155855e-05, 9.03476939129e-06, 6.44834290142e-06, 5.31781415702e-06, 4.98105646329e-06, 4.23701703767e-06, 3.20389335684e-06, 2.42807368522e-06, 1.04764467324e-06],
        "median": [0.00127434171736, 0.00309445359744, 0.00108010671102, 0.000234178325627, 0.000123372796224, 7.26042344468e-05, 6.19232523604e-05, 6.51588416076e-05, 6.1324055423e-05, 3.94123599108e-05, 2.60885244643e-05, 3.76817552024e-05, 3.61277307093e-05, 2.44261536864e-05, 2.88708506559e-05, 1.53210421558e-05, 1.32267250592e-05, 1.19001042549e-05, 1.21400380522e-05, 1.48353328768e-05, 1.62058695423e-05, 1.14091199066e-05, 7.26161715647e-06, 7.78712910687e-06, 1.17714562293e-05, 1.11056779133e-05, 1.38189607242e-05, 2.05031192309e-05, 2.05891228688e-05, 1.43944389492e-05, 1.09035809146e-05, 8.68740607984e-06, 6.07079346082e-06, 4.77740695715e-06, 3.87565933124e-06, 3.63173444384e-06, 2.88138858195e-06, 2.48010906034e-06, 1.89149091057e-06, 8.24693188406e-07],
        "min": [5.87208859315e-09, 1.0471517875e-08, 4.34900648827e-09, 2.72104139221e-09, 2.49226927984e-09, 2.21361151631e-09, 7.74393382752e-10, 5.00549657279e-10, 9.76061120816e-10, 4.43402120576e-10, 1.75402559144e-09, 1.05523600968e-09, 7.14014847247e-10, 8.40373326483e-10, 4.79077444382e-10, 5.50628764806e-10, 3.61824820105e-10, 8.22471701856e-10, 6.77147393713e-10, 5.69511826587e-10, 3.22458171276e-10, 1.48342532702e-10, 2.90374557732e-10, 2.22393492511e-10, 2.18557602572e-10, 8.64401467071e-11, 2.13625853118e-10, 4.04627248374e-10, 3.92178706177e-10, 3.78162723358e-10, 3.31489502514e-10, 1.18490592338e-10, 1.24631915899e-10, 1.32743954717e-10, 7.42602854209e-11, 2.73095625974e-11, 5.30729592219e-11, 4.39450767442e-11, 2.52293377162e-11, 1.33005021927e-11],
        "var": [5.01272643305e-06, 6.24379981673e-06, 7.90510569004e-07, 2.7856071938e-07, 2.03820874844e-07, 1.93134596316e-07, 5.0989118705e-08, 4.68927545683e-08, 5.75721479379e-08, 3.41089787526e-08, 1.93336529009e-08, 4.08588007872e-08, 2.33305286201e-08, 9.98684868136e-09, 1.74791043861e-08, 1.55761288312e-08, 1.15071374651e-08, 5.26297050385e-09, 7.67575247806e-09, 2.24098499757e-08, 7.84079929872e-08, 2.49608866909e-08, 1.44234724164e-09, 3.89016013846e-10, 1.99297953141e-10, 2.93848806399e-10, 2.29710764299e-10, 5.27565213737e-10, 8.38839164796e-10, 5.05441744014e-10, 1.70765526719e-10, 1.19668969178e-10, 7.37480562729e-11, 3.28285072737e-11, 2.43962766655e-11, 2.04533456144e-11, 1.83786562358e-11, 7.37095193909e-12, 4.37491579422e-12, 7.72078039522e-13]
    },
    "mfcc": {
        "mean": [-597.535827637, 78.3116226196, 18.8746261597, 35.2185783386, 3.1403002739, 18.7769813538, 8.36580657959, 7.42757940292, 7.97432327271, 6.70711565018, -3.3533642292, 5.69262313843, 1.09678268433],
        "cov": [[2808.58081055, 19.021270752, -512.86114502, -137.334030151, -137.367172241, -10.2683801651, -96.7824249268, -73.713684082, -43.4822883606, -146.747817993, -160.195892334, -11.9783220291, 4.23364114761], [19.021270752, 204.678863525, -50.0331878662, -17.4940433502, -17.7258930206, -15.2316627502, -9.00043582916, -12.1948099136, -5.50539636612, -22.9288139343, -5.93325042725, 3.46646690369, 17.7348461151], [-512.86114502, -50.0331878662, 453.353271484, 48.7816238403, -24.4403896332, -29.0729827881, 57.9709815979, 41.2678375244, -15.4086608887, 85.1499938965, 107.904014587, 11.8484897614, -0.270832240582], [-137.334030151, -17.4940433502, 48.7816238403, 185.235183716, 50.9055175781, -0.850136220455, -19.9817218781, -13.5629291534, 20.8744392395, 14.8781671524, 5.17747116089, 26.3156833649, 24.007106781], [-137.367172241, -17.7258930206, -24.4403896332, 50.9055175781, 167.914505005, 21.7663593292, -44.0417709351, 1.31860780716, 27.3876476288, -3.46632933617, 4.114174366, 7.95685911179, 11.9993391037], [-10.2683801651, -15.2316627502, -29.0729827881, -0.850136220455, 21.7663593292, 79.3852081299, 32.1813430786, 5.25663471222, 14.2680892944, 10.1284103394, 11.0933980942, 6.96334552765, -3.90243148804], [-96.7824249268, -9.00043582916, 57.9709815979, -19.9817218781, -44.0417709351, 32.1813430786, 138.346176147, 32.4747810364, 0.32033213973, 21.6386833191, 28.2066268921, 4.18527507782, -10.8334131241], [-73.713684082, -12.1948099136, 41.2678375244, -13.5629291534, 1.31860780716, 5.25663471222, 32.4747810364, 91.7438735962, 29.717710495, 18.4919719696, 22.1105060577, 2.18926119804, -2.43836379051], [-43.4822883606, -5.50539636612, -15.4086608887, 20.8744392395, 27.3876476288, 14.2680892944, 0.32033213973, 29.717710495, 78.3822860718, 28.1023483276, 13.9680480957, 9.2496805191, -0.711556196213], [-146.747817993, -22.9288139343, 85.1499938965, 14.8781671524, -3.46632933617, 10.1284103394, 21.6386833191, 18.4919719696, 28.1023483276, 84.8747634888, 58.2551269531, 5.02716970444, -11.7422952652], [-160.195892334, -5.93325042725, 107.904014587, 5.17747116089, 4.114174366, 11.0933980942, 28.2066268921, 22.1105060577, 13.9680480957, 58.2551269531, 107.727920532, 24.1075839996, -6.1707444191], [-11.9783220291, 3.46646690369, 11.8484897614, 26.3156833649, 7.95685911179, 6.96334552765, 4.18527507782, 2.18926119804, 9.2496805191, 5.02716970444, 24.1075839996, 54.3898010254, 23.4246330261], [4.23364114761, 17.7348461151, -0.270832240582, 24.007106781, 11.9993391037, -3.90243148804, -10.8334131241, -2.43836379051, -0.711556196213, -11.7422952652, -6.1707444191, 23.4246330261, 51.7617301941]],
