{
"lowlevel": {
    "average_loudness": 0.97312605381,
    "barkbands_crest": {
        "dmean": 2.34701728821,
        "dmean2": 3.8584113121,
        "dvar": 5.36305141449,
        "dvar2": 14.5667705536,
        "max": 25.5254707336,
        "mean": 9.94049167633,
        "median": 9.43443584442,
        "min": 2.55697846413,
        "var": 10.3697347641
    },
    "barkbands_flatness_db": {
        "dmean": 0.0246767345816,
        "dmean2": 0.0399185493588,
        "dvar": 0.000590550713241,
        "dvar2": 0.00148440978955,
        "max": 0.367891997099,
        "mean": 0.197200447321,
        "median": 0.192424923182,
        "min": 0.0744772851467,
        "var": 0.00257805082947
    },
    "barkbands_kurtosis": {
        "dmean": 3.51812362671,
        "dmean2": 5.79442977905,
        "dvar": 33.348903656,
        "dvar2": 84.6080856323,
        "max": 70.0791473389,
        "mean": 4.93608379364,
        "median": 2.7756934166,
        "min": -1.80838358402,
        "var": 47.7619895935
    },
    "barkbands_skewness": {
        "dmean": 0.589559733868,
        "dmean2": 0.93872988224,
        "dvar": 0.450757473707,
        "dvar2": 1.07037484646,
        "max": 6.91496801376,
        "mean": 1.87951481342,
        "median": 1.76603209972,
        "min": -0.702937424183,
        "var": 1.12044239044
    },
    "barkbands_spread": {
        "dmean": 4.78945302963,
        "dmean2": 7.35344982147,
        "dvar": 35.5826454163,
        "dvar2": 71.212097168,
        "max": 84.0185241699,
        "mean": 17.7929096222,
        "median": 16.0040531158,
        "min": 1.67075884342,
        "var": 117.400421143
    },
    "dissonance": {
        "dmean": 0.0183367673308,
        "dmean2": 0.0305476021022,
        "dvar": 0.000323441432556,
        "dvar2": 0.000835829938296,
        "max": 0.499754875898,
        "mean": 0.459897041321,
        "median": 0.467844218016,
        "min": 0.250519663095,
        "var": 0.00095273234183
    },
    "dynamic_complexity": 1.76832723618,
    "erbbands_crest": {
        "dmean": 2.05533337593,
        "dmean2": 3.30685019493,
        "dvar": 4.34724330902,
        "dvar2": 10.570681572,
        "max": 26.1826534271,
        "mean": 7.99671077728,
        "median": 6.95308685303,
        "min": 2.59735202789,
        "var": 14.4397249222
    },
    "erbbands_flatness_db": {
        "dmean": 0.0156711377203,
        "dmean2": 0.0213433820754,
        "dvar": 0.00023452322057,
        "dvar2": 0.000432859407738,
        "max": 0.335850656033,
        "mean": 0.196063071489,
        "median": 0.194599956274,
        "min": 0.106080904603,
        "var": 0.00160654436331
    },
    "erbbands_kurtosis": {
        "dmean": 0.581555128098,
        "dmean2": 0.913487315178,
        "dvar": 0.654102802277,
        "dvar2": 1.57792782784,
        "max": 10.7542066574,
        "mean": 0.123095363379,
        "median": -0.315062522888,
        "min": -1.83416032791,
        "var": 2.27582192421
    },
    "erbbands_skewness": {
        "dmean": 0.287316322327,
        "dmean2": 0.437850803137,
        "dvar": 0.0739758387208,
        "dvar2": 0.177377343178,
        "max": 2.67588162422,
        "mean": 0.0729636102915,
        "median": -0.0291961096227,
        "min": -1.67581045628,
        "var": 0.442134976387
    },
    "erbbands_spread": {
        "dmean": 7.41696214676,
        "dmean2": 11.2741794586,
        "dvar": 70.6025161743,
        "dvar2": 150.698669434,
        "max": 126.956748962,
        "mean": 37.7838096619,
        "median": 35.8328857422,
        "min": 8.1820526123,
        "var": 249.41015625
    },
    "hfc": {
        "dmean": 4.83159685135,
        "dmean2": 6.93280696869,
        "dvar": 41.0708465576,
        "dvar2": 82.8753433228,
        "max": 116.342391968,
        "mean": 18.9102535248,
        "median": 16.1580123901,
        "min": 0.000655386771541,
        "var": 163.114135742
    },
    "melbands_crest": {
        "dmean": 2.77585887909,
        "dmean2": 4.55180215836,
        "dvar": 7.39753723145,
        "dvar2": 19.1634807587,
        "max": 29.7467479706,
        "mean": 15.7858076096,
        "median": 15.4865789413,
        "min": 3.80591845512,
        "var": 18.924621582
    },
    "melbands_flatness_db": {
        "dmean": 0.0299090668559,
        "dmean2": 0.0467627719045,
        "dvar": 0.000969673914369,
        "dvar2": 0.00225516152568,
        "max": 0.473051130772,
        "mean": 0.244179949164,
        "median": 0.238411992788,
        "min": 0.0288535486907,
        "var": 0.00495643308386
    },
    "melbands_kurtosis": {
        "dmean": 8.96194648743,
        "dmean2": 14.7330980301,
        "dvar": 209.652130127,
        "dvar2": 526.779846191,
        "max": 181.628448486,
        "mean": 15.6636829376,
        "median": 10.6215982437,
        "min": -1.37028336525,
        "var": 297.941497803
    },
    "melbands_skewness": {
        "dmean": 0.832344293594,
        "dmean2": 1.31940603256,
        "dvar": 0.898772776127,
        "dvar2": 2.16945767403,
        "max": 11.4691362381,
        "mean": 3.12854266167,
        "median": 2.90713095665,
        "min": -0.356917560101,
        "var": 2.34877419472
    },
    "melbands_spread": {
        "dmean": 5.38927793503,
        "dmean2": 8.45937347412,
        "dvar": 49.1743812561,
        "dvar2": 109.177558899,
        "max": 124.887802124,
        "mean": 16.8537940979,
        "median": 14.074508667,
        "min": 1.20321249962,
        "var": 137.858657837
    },
    "pitch_salience": {
        "dmean": 0.0705415681005,
        "dmean2": 0.116027668118,
        "dvar": 0.00424267817289,
        "dvar2": 0.0113418865949,
        "max": 0.783556163311,
        "mean": 0.500572383404,
        "median": 0.499375879765,
        "min": 0.116561934352,
        "var": 0.0105848526582
    },
    "silence_rate_20dB": {
        "dmean": 0,
        "dmean2": 0,
        "dvar": 0,
        "dvar2": 0,
        "max": 1,
        "mean": 1,
        "median": 1,
        "min": 1,
        "var": 0
    },
    "silence_rate_30dB": {
        "dmean": 0.0418280400336,
        "dmean2": 0.0836884900928,
        "dvar": 0.0400773435831,
        "dvar2": 0.110778369009,
        "max": 1,
        "mean": 0.975222587585,
        "median": 1,
        "min": 0,
        "var": 0.024163659662
    },
    "silence_rate_60dB": {
        "dmean": 0.00697134016082,
        "dmean2": 0.0139480819926,
        "dvar": 0.00692268135026,
        "dvar2": 0.0160782076418,
        "max": 1,
        "mean": 0.0174216032028,
        "median": 0,
        "min": 0,
        "var": 0.0171182472259
    },
    "spectral_centroid": {
        "dmean": 209.45451355,
        "dmean2": 322.205383301,
        "dvar": 59684.9375,
        "dvar2": 131494.640625,
        "max": 3257.9465332,
        "mean": 1019.86083984,
        "median": 950.472473145,
        "min": 206.022293091,
        "var": 206669.296875
    },
    "spectral_complexity": {
        "dmean": 3.10766839981,
        "dmean2": 4.86671829224,
        "dvar": 10.1378126144,
        "dvar2": 21.5554275513,
        "max": 48,
        "mean": 20.6372432709,
        "median": 21,
        "min": 0,
        "var": 60.2195968628
    },
    "spectral_decrease": {
        "dmean": 4.204458115e-09,
        "dmean2": 6.87339785088e-09,
        "dvar": 4.48504210269e-17,
        "dvar2": 1.12888805736e-16,
        "max": -9.74722893002e-14,
        "mean": -1.06191944127e-08,
        "median": -8.92304097277e-09,
        "min": -5.63768729478e-08,
        "var": 5.31511817826e-17
    },
    "spectral_energy": {
        "dmean": 0.0161527488381,
        "dmean2": 0.0263327360153,
        "dvar": 0.000652270915452,
        "dvar2": 0.00163941062056,
        "max": 0.215235754848,
        "mean": 0.0417945198715,
        "median": 0.035159163177,
        "min": 4.27328046726e-07,
        "var": 0.000787111639511
    },
    "spectral_energyband_high": {
        "dmean": 0.000266284419922,
        "dmean2": 0.000375734205591,
        "dvar": 3.90854580701e-07,
        "dvar2": 7.23344442122e-07,
        "max": 0.0139050725847,
        "mean": 0.000504676019773,
        "median": 0.000193751198822,
        "min": 4.30770228377e-08,
        "var": 1.10481016691e-06
    },
    "spectral_energyband_low": {
        "dmean": 0.0120316762477,
        "dmean2": 0.0201856065542,
        "dvar": 0.000496219261549,
        "dvar2": 0.00130623392761,
        "max": 0.1984308213,
        "mean": 0.0232191123068,
        "median": 0.0185822602361,
        "min": 5.2363532177e-08,
        "var": 0.000539014523383
    },
    "spectral_energyband_middle_high": {
        "dmean": 0.00144292053301,
        "dmean2": 0.0021301691886,
        "dvar": 4.05017453886e-06,
        "dvar2": 8.36349954625e-06,
        "max": 0.048390660435,
        "mean": 0.00548631465062,
        "median": 0.00441941944882,
        "min": 1.63656324048e-07,
        "var": 2.32120528381e-05
    },
    "spectral_energyband_middle_low": {
        "dmean": 0.00747592467815,
        "dmean2": 0.0119893122464,
        "dvar": 0.000187452344107,
        "dvar2": 0.000462865515146,
        "max": 0.125606968999,
        "mean": 0.0174492262304,
        "median": 0.0138151533902,
        "min": 1.96029219524e-07,
        "var": 0.000225492331083
    },
    "spectral_entropy": {
        "dmean": 0.168504118919,
        "dmean2": 0.246008709073,
        "dvar": 0.0321814492345,
        "dvar2": 0.0691923499107,
        "max": 8.63514328003,
        "mean": 7.33076334,
        "median": 7.36353683472,
        "min": 5.68252372742,
        "var": 0.209609985352
    },
    "spectral_flux": {
        "dmean": 0.0343190133572,
        "dmean2": 0.0526413135231,
        "dvar": 0.0018412793288,
        "dvar2": 0.0036096307449,
        "max": 0.354405045509,
        "mean": 0.0931424871087,
        "median": 0.0725221931934,
        "min": 0.00065370334778,
        "var": 0.00378605979495
    },
    "spectral_kurtosis": {
        "dmean": 3.0697748661,
        "dmean2": 5.23916435242,
        "dvar": 14.5758752823,
        "dvar2": 41.1153335571,
        "max": 52.4049491882,
        "mean": 5.31918334961,
        "median": 3.81557273865,
        "min": -1.32996118069,
        "var": 28.3184223175
    },
    "spectral_rms": {
        "dmean": 0.00109384232201,
        "dmean2": 0.00172494188882,
        "dvar": 2.03413810596e-06,
        "dvar2": 4.81793676954e-06,
        "max": 0.0144908968359,
        "mean": 0.0060750762932,
        "median": 0.00585675844923,
        "min": 2.04182615562e-05,
        "var": 3.86860119761e-06
    },
    "spectral_rolloff": {
        "dmean": 367.350097656,
        "dmean2": 614.594299316,
        "dvar": 496325.34375,
        "dvar2": 1005487.6875,
        "max": 9560.7421875,
        "mean": 952.948608398,
        "median": 753.662109375,
        "min": 86.1328125,
        "var": 1085332.625
    },
    "spectral_skewness": {
        "dmean": 0.324597030878,
        "dmean2": 0.526640295982,
        "dvar": 0.101540610194,
        "dvar2": 0.271085947752,
        "max": 5.29252290726,
        "mean": 1.51781451702,
        "median": 1.4195022583,
        "min": 0.186341881752,
        "var": 0.344127625227
    },
    "spectral_spread": {
        "dmean": 486764.71875,
        "dmean2": 682893.625,
        "dvar": 400004972544,
        "dvar2": 734125293568,
        "max": 14860054,
        "mean": 3445855.5,
        "median": 3139900,
        "min": 1283265.625,
        "var": 1.82013578445e+12
    },
    "spectral_strongpeak": {
        "dmean": 0.35200175643,
        "dmean2": 0.608287036419,
        "dvar": 0.343368530273,
        "dvar2": 0.868206262589,
        "max": 6.41631889343,
        "mean": 0.668321728706,
        "median": 0.47006586194,
        "min": 0.00135011621751,
        "var": 0.521048545837
    },
    "zerocrossingrate": {
        "dmean": 0.00767653016374,
        "dmean2": 0.00956849660724,
        "dvar": 9.33845440159e-05,
        "dvar2": 0.000121215984109,
        "max": 0.279296875,
        "mean": 0.03984227404,
        "median": 0.03515625,
        "min": 0.005859375,
        "var": 0.000560723186936
    },
    "barkbands": {
        "dmean": [0.000199502101168, 0.00687477737665, 0.00545674562454, 0.00463568419218, 0.0023309965618, 0.000900193874259, 0.000529581389856, 0.000563082750887, 0.000730150553863, 0.00063124060398, 0.00056696345564, 0.00028605904663, 0.000233951097471, 0.000215843509068, 0.000334962445777, 0.000199198329938, 0.000251696299529, 0.000128538260469, 8.53683231981e-05, 7.08667575964e-05, 4.87433244416e-05, 6.66422129143e-05, 7.41828989703e-05, 6.08526243013e-05, 1.89158745343e-05, 1.74282686061e-08, 1.56992607803e-09],
        "dmean2": [0.000253811740549, 0.0117176948115, 0.00938394572586, 0.00790404900908, 0.00380473863333, 0.00138449436054, 0.000834344653413, 0.000838996202219, 0.00109626667108, 0.000939880963415, 0.000844192982186, 0.000437558366684, 0.000369685323676, 0.000332059775246, 0.000529175275005, 0.000314568169415, 0.000384974700864, 0.00019854119455, 0.000137052978971, 0.000109215659904, 7.49005630496e-05, 0.000100604869658, 0.00011158111738, 8.39707499836e-05, 2.80929980363e-05, 2.72485625175e-08, 2.87794676979e-09],
        "dvar": [2.63614197138e-07, 0.000176118468517, 0.000126103506773, 9.72451161942e-05, 1.87494570127e-05, 3.27746147377e-06, 8.49467085118e-07, 1.96426708499e-06, 3.83781571145e-06, 1.26379188714e-06, 2.16591365643e-06, 5.14437658694e-07, 3.00015045696e-07, 2.2119091625e-07, 1.83293536793e-07, 1.12072733316e-07, 1.24717033145e-07, 7.04450258127e-08, 1.48176582115e-08, 1.57939226142e-08, 7.55294760069e-09, 1.92705140734e-08, 5.40216760214e-08, 7.76571837946e-08, 1.09822542171e-08, 9.36237120952e-15, 4.43726233071e-18],
        "dvar2": [4.83568612708e-07, 0.000462785159471, 0.000358228542609, 0.000251742894761, 4.70784689242e-05, 8.10835717857e-06, 1.82513497293e-06, 3.71639248442e-06, 8.16113060864e-06, 2.83088934339e-06, 4.23158007834e-06, 1.10166035938e-06, 7.77832951826e-07, 4.93726531658e-07, 4.70727684387e-07, 2.80330226587e-07, 2.69134517339e-07, 1.51039515117e-07, 3.76979194527e-08, 3.56658240719e-08, 1.83321375857e-08, 4.20121928357e-08, 1.1486503837e-07, 1.48414883938e-07, 2.30489511921e-08, 2.13525028957e-14, 1.37985207441e-17],
        "max": [0.00893247127533, 0.123940423131, 0.10362329334, 0.0928526371717, 0.0391011089087, 0.0366686657071, 0.0191644076258, 0.0351072996855, 0.046742670238, 0.0212196018547, 0.0323360003531, 0.0177570451051, 0.012518263422, 0.0154886981472, 0.00468277279288, 0.00588845647871, 0.00930681824684, 0.00670337677002, 0.00192017515656, 0.0026765728835, 0.00128475984093, 0.00327701866627, 0.00638713128865, 0.00636876281351, 0.00339618162252, 2.9571167488e-06, 2.36705410828e-08],
        "mean": [0.0002455804497, 0.00891955196857, 0.00949209183455, 0.00718969805166, 0.00390425068326, 0.00197039218619, 0.00105545273982, 0.00116346043069, 0.00145402434282, 0.00130099384114, 0.00102102500387, 0.000546567491256, 0.000458885944681, 0.00045506740571, 0.000658852921333, 0.000399022566853, 0.000544224632904, 0.000257643056102, 0.000182810050319, 0.000147540922626, 9.13951225812e-05, 0.000104322920379, 0.000110160435725, 9.41152975429e-05, 2.73973764706e-05, 2.16949089804e-08, 1.27055610477e-09],
        "median": [1.2947641153e-05, 0.00526311993599, 0.00743125285953, 0.004770278465, 0.00196715816855, 0.000716878392268, 0.000603911175858, 0.000543279573321, 0.000547706324141, 0.00081638811389, 0.000416061782744, 0.000299656647258, 0.000170216022525, 0.000268980511464, 0.000475616718177, 0.000239913904807, 0.000357032840839, 0.000133934358018, 0.000120364398754, 7.06882492523e-05, 4.43246535724e-05, 2.79015475826e-05, 1.75708901224e-05, 1.17508634503e-05, 2.36392293118e-06, 2.86908874436e-09, 5.1069259932e-10],
        "min": [7.10176806251e-10, 9.74173008927e-09, 1.38203777311e-08, 7.1230779497e-08, 5.58404558149e-08, 1.40004310367e-08, 4.55282478384e-09, 1.10189777303e-08, 3.67448329541e-08, 6.87103218766e-09, 4.35290825607e-09, 1.40497808943e-08, 7.07718861293e-09, 5.0213690983e-09, 4.46866046389e-08, 5.06260739996e-08, 1.51615004995e-08, 6.11941430861e-09, 7.87011522618e-09, 6.57817711414e-09, 1.37780302722e-08, 1.48156527047e-08, 8.12862754884e-09, 3.2606168876e-09, 4.15254802766e-10, 3.8843793633e-12, 5.04837924936e-12],
        "var": [4.20833856651e-07, 0.000170371917193, 0.000111684035801, 8.82687672856e-05, 2.75321763183e-05, 1.03100519482e-05, 2.80752942672e-06, 5.90609852225e-06, 1.35110449264e-05, 2.83806662082e-06, 6.17486603005e-06, 9.93027015284e-07, 6.65805828248e-07, 5.12610540682e-07, 4.08355617765e-07, 2.3766388324e-07, 3.99206527391e-07, 1.76842718247e-07, 3.59290943663e-08, 3.97134556351e-08, 1.57244475218e-08, 4.11454088578e-08, 1.17391891763e-07, 1.69137479133e-07, 2.1522323479e-08, 1.44948936615e-14, 3.86148175865e-18]
    },
    "erbbands": {
        "dmean": [0.149368926883, 1.80085515976, 5.80826330185, 10.7268266678, 13.0928001404, 5.84814357758, 7.29935741425, 6.86814498901, 7.40776729584, 9.87996959686, 13.2075004578, 16.3670024872, 20.3493537903, 16.8099498749, 19.3472232819, 11.9568080902, 10.4727239609, 9.61968040466, 15.8633375168, 16.1745491028, 12.6172819138, 10.2383127213, 6.82516431808, 4.76428365707, 3.94281744957, 3.45050215721, 2.61973571777, 1.69105279446, 2.44662857056, 2.10459566116, 2.28812241554, 1.37494635582, 1.01535630226, 0.394108980894, 0.0327801667154, 0.00142530235462, 7.33483684598e-05, 1.00517945612e-05, 8.71761676535e-06, 1.79880480573e-05],
        "dmean2": [0.241982549429, 3.15523457527, 10.1758766174, 18.2243041992, 21.4865112305, 9.55177783966, 11.0876541138, 11.1339616776, 11.6880264282, 15.4501037598, 19.0747928619, 24.4715900421, 30.3276290894, 24.6725769043, 29.5284767151, 17.7871875763, 16.3524951935, 14.6175451279, 24.7777938843, 25.821641922, 19.7074718475, 15.8256206512, 10.6200675964, 7.36869955063, 6.2540678978, 5.30610847473, 4.06169271469, 2.61409831047, 3.73327589035, 3.15828537941, 3.45198917389, 1.89618265629, 1.43376159668, 0.563263475895, 0.0488911867142, 0.00210787635297, 0.00010438580648, 1.40811198435e-05, 1.34826050271e-05, 2.90345087706e-05],
        "dvar": [0.116221703589, 12.4793357849, 148.112442017, 380.904296875, 961.161804199, 97.691947937, 249.334625244, 212.101623535, 169.251434326, 371.920440674, 1118.07214355, 2359.60058594, 1160.17492676, 1863.43591309, 2711.65966797, 503.349731445, 513.689941406, 289.181121826, 699.802490234, 514.544067383, 335.558197021, 200.026901245, 156.338699341, 62.6244850159, 38.2541923523, 35.4617500305, 26.1102046967, 9.23801136017, 25.2718906403, 31.8911399841, 49.528591156, 41.6411018372, 23.625749588, 4.2816491127, 0.0345531068742, 6.24065796728e-05, 1.27920898763e-07, 1.7839368871e-09, 1.92739615934e-10, 7.67931274126e-10],
        "dvar2": [0.282231867313, 34.4910812378, 420.096862793, 1008.4664917, 2458.59326172, 258.565124512, 601.30670166, 509.375152588, 381.944610596, 771.798278809, 2138.45898438, 4937.18701172, 2595.11108398, 3804.36157227, 5935.82666016, 1102.03442383, 1256.66711426, 633.233093262, 1655.09667969, 1326.05993652, 800.031005859, 442.142486572, 344.751708984, 141.268676758, 95.1571273804, 79.1385955811, 64.2055130005, 22.2849235535, 58.7353668213, 61.6278762817, 108.504226685, 81.8099899292, 48.6882553101, 8.33422851562, 0.0788433551788, 0.000139610128826, 2.62397264805e-07, 3.39010353123e-09, 4.31055774408e-10, 1.9216923608e-09],
        "max": [4.23963212967, 30.972776413, 110.858428955, 155.11340332, 289.160888672, 94.153755188, 417.100708008, 285.981842041, 255.412841797, 473.282562256, 948.847045898, 1183.12158203, 633.347290039, 1032.99609375, 1218.84387207, 641.866088867, 384.541015625, 464.256225586, 676.898742676, 334.30456543, 277.605072021, 307.035186768, 233.174972534, 200.543395996, 101.299598694, 112.604324341, 131.69418335, 51.1845169067, 103.437324524, 164.602096558, 185.713928223, 172.715744019, 128.781204224, 68.9165115356, 6.7678899765, 0.287285238504, 0.0127055672929, 0.0014165622415, 0.000282853463432, 0.000233707454754],
        "mean": [0.180053442717, 2.31950998306, 9.86392116547, 20.4941043854, 18.0475273132, 10.089425087, 15.1396160126, 14.2426166534, 15.12591362, 19.4321346283, 29.1329193115, 34.1903495789, 43.6256408691, 34.020565033, 38.5448112488, 25.2780227661, 23.326581955, 22.164604187, 32.3582229614, 31.1279735565, 28.9208316803, 24.5733337402, 15.3681554794, 10.5270671844, 8.48119831085, 7.1358923912, 4.98682928085, 3.08015584946, 3.79489684105, 3.26083660126, 3.26849913597, 2.11961078644, 1.48053562641, 0.588131010532, 0.0463586673141, 0.00206793984398, 0.00012371763296, 1.86544039025e-05, 2.38763223024e-05, 4.83637013531e-05],
        "median": [0.0583009310067, 1.44309234619, 7.55077505112, 17.4576091766, 9.73472499847, 5.09196853638, 5.15380144119, 5.37798929214, 7.48462963104, 10.8214788437, 12.6692171097, 12.6370267868, 27.1903152466, 18.458404541, 16.9353313446, 15.2587213516, 9.62008666992, 13.9002475739, 21.6116409302, 22.2594108582, 20.8986263275, 17.2144680023, 8.80310440063, 6.75008106232, 5.24807453156, 3.53020501137, 2.43764781952, 1.49398386478, 1.14126312733, 0.607284665108, 0.503523886204, 0.27975705266, 0.177895277739, 0.0574951916933, 0.00458623096347, 0.000235484578297, 3.01071959257e-05, 5.98765973336e-06, 1.88763460756e-05, 4.11584187532e-05],
        "min": [3.65379804634e-07, 2.03039371627e-06, 1.31337483253e-05, 0.000126430473756, 0.000233680344536, 0.000176041066879, 0.000178339061677, 9.86845625448e-05, 4.39286559413e-05, 0.000122960758745, 0.000407354789786, 0.000770698534325, 0.000457064044895, 0.000193964195205, 0.000284604815533, 0.000545800023247, 0.000301007035887, 0.000227601776714, 0.000878559949342, 0.00325663667172, 0.00311482069083, 0.000814504455775, 0.000326983252307, 0.000458575086668, 0.000298386672512, 0.000336205237545, 0.000526336138137, 0.000479645153973, 0.000588263617828, 0.000359781843144, 0.000220057772822, 6.87584106345e-05, 6.78640062688e-05, 1.23673698909e-05, 4.10571118437e-07, 3.49599282856e-08, 8.96109231263e-09, 3.24754312331e-09, 1.10000120124e-09, 6.86995849097e-10],
        "var": [0.122835829854, 10.5674295425, 126.970733643, 405.913574219, 887.191467285, 160.529632568, 699.458862305, 653.569152832, 457.7003479, 1059.49133301, 4130.36621094, 8198.11621094, 3023.11254883, 4744.50830078, 7523.16699219, 1409.98864746, 1537.26000977, 912.621398926, 1545.61022949, 986.201904297, 836.608520508, 724.907348633, 489.883605957, 160.230926514, 90.1641159058, 90.8097381592, 49.5520515442, 19.1066112518, 47.2967300415, 78.4208221436, 100.965057373, 83.6325912476, 45.9726295471, 9.25373840332, 0.0624133981764, 0.000116869319754, 2.72719205441e-07, 4.22823243085e-09, 3.67385927236e-10, 9.77666392288e-10]
    },
    "gfcc": {
        "mean": [-17.3482761383, 155.967559814, -146.621994019, 53.5236206055, -53.1051292419, 17.9860515594, -26.4549064636, -1.5651345253, -3.21856999397, -24.7728004456, -3.32050538063, -23.9342041016, 4.32455873489],
        "cov": [[2870.49951172, -992.792236328, -49.1765403748, 332.042266846, -507.294006348, 510.17855835, -218.735229492, 104.074943542, -135.093002319, 51.8948135376, -50.1371536255, -58.125579834, -71.7629089355], [-992.792236328, 1221.9543457, -61.2016487122, -271.508483887, 631.059570312, -515.861450195, 327.221221924, -127.240898132, 94.6688461304, -77.4280929565, 58.1716346741, -44.7929420471, 31.191318512], [-49.1765403748, -61.2016487122, 498.430480957, 48.2514801025, -148.550354004, 54.7441291809, -140.902038574, 28.4850082397, 19.412902832, -12.6951475143, -14.2121248245, 57.1702537537, 27.3612632751], [332.042266846, -271.508483887, 48.2514801025, 248.066452026, -87.6967926025, 105.859642029, -27.4574642181, 7.73956489563, 15.4100866318, 25.3927402496, -13.1558828354, 13.9375801086, 8.73087596893], [-507.294006348, 631.059570312, -148.550354004, -87.6967926025, 588.365539551, -177.27796936, 252.858657837, -42.1229820251, 62.757144928, -17.5654964447, 23.8142757416, -43.067653656, -9.78641986847], [510.17855835, -515.861450195, 54.7441291809, 105.859642029, -177.27796936, 440.590240479, -84.2521820068, 69.6932220459, 7.8227353096, 41.4991989136, -17.0578765869, 16.7994670868, -40.510269165], [-218.735229492, 327.221221924, -140.902038574, -27.4574642181, 252.858657837, -84.2521820068, 245.910369873, -16.2876853943, 49.6867332458, 2.46834897995, 21.1901664734, -28.6580200195, -4.90441322327], [104.074943542, -127.240898132, 28.4850082397, 7.73956489563, -42.1229820251, 69.6932220459, -16.2876853943, 112.306083679, 7.58152580261, 13.5833320618, 0.175901949406, 7.69392299652, 6.83354091644], [-135.093002319, 94.6688461304, 19.412902832, 15.4100866318, 62.757144928, 7.8227353096, 49.6867332458, 7.58152580261, 107.206138611, 21.7305316925, 10.5390348434, 14.4287815094, 1.7862354517], [51.8948135376, -77.4280929565, -12.6951475143, 25.3927402496, -17.5654964447, 41.4991989136, 2.46834897995, 13.5833320618, 21.7305316925, 74.5357208252, 21.5048618317, 1.99571216106, -0.661500811577], [-50.1371536255, 58.1716346741, -14.2121248245, -13.1558828354, 23.8142757416, -17.0578765869, 21.1901664734, 0.175901949406, 10.5390348434, 21.5048618317, 61.1663856506, 17.192199707, 5.75485563278], [-58.125579834, -44.7929420471, 57.1702537537, 13.9375801086, -43.067653656, 16.7994670868, -28.6580200195, 7.69392299652, 14.4287815094, 1.99571216106, 17.192199707, 73.7538146973, 26.9973430634], [-71.7629089355, 31.191318512, 27.3612632751, 8.73087596893, -9.78641986847, -40.510269165, -4.90441322327, 6.83354091644, 1.7862354517, -0.661500811577, 5.75485563278, 26.9973430634, 60.0932235718]],
        "icov": [[0.000642376719043, -0.00066652870737, 0.00041321181925, -0.00108206330333, 0.000648536661174, -0.00081174063962, 0.000420729600592, -0.000655810406897, 0.0010039631743, -0.000345326319803, 0.000200294700335, 0.000349915993866, 0.000539442466106], [-0.00066652870737, 0.014930030331, -0.00510406913236, 0.00963050872087, -0.00814590230584, 0.00888293236494, -0.00731389923021, 0.00809234008193, -0.00916382297873, 0.00855849590153, -0.00822035036981, 0.005871609319, -0.00596020696685], [0.00041321181925, -0.00510406913236, 0.0045327427797, -0.00376649014652, 0.00287506962195, -0.00311848917045, 0.00412447517738, -0.00323989358731, 0.00209322012961, -0.00206716521643, 0.00305777741596, -0.0029075879138, 0.00162558536977], [-0.00108206330333, 0.00963050872087, -0.00376649014652, 0.0118853971362, -0.00500059686601, 0.00505737168714, -0.00535651156679, 0.00638182228431, -0.00708625651896, 0.00409371918067, -0.00371695659123, 0.00305378902704, -0.00563101144508], [0.000648536661174, -0.00814590230584, 0.00287506962195, -0.00500059686601, 0.00802806578577, -0.00447213603184, 0.00109416770283, -0.00416352646425, 0.00425333436579, -0.00393172027543, 0.00404435396194, -0.00217493483797, 0.00369554688223], [-0.00081174063962, 0.00888293236494, -0.00311848917045, 0.00505737168714, -0.00447213603184, 0.00923516042531, -0.00412151077762, 0.00312263588421, -0.00598849402741, 0.0036799069494, -0.0037030573003, 0.00159472459927, -0.000232372171013], [0.000420729600592, -0.00731389923021, 0.00412447517738, -0.00535651156679, 0.00109416770283, -0.00412151077762, 0.0125327473506, -0.00433164834976, 0.00176576455124, -0.00354183185846, 0.00220803637058, -0.000985202030279, 0.00225389446132], [-0.000655810406897, 0.00809234008193, -0.00323989358731, 0.00638182228431, -0.00416352646425, 0.00312263588421, -0.00433164834976, 0.0150177711621, -0.00583764631301, 0.00363905914128, -0.00437790015712, 0.00358952395618, -0.0060495948419], [0.0010039631743, -0.00916382297873, 0.00209322012961, -0.00708625651896, 0.00425333436579, -0.00598849402741, 0.00176576455124, -0.00583764631301, 0.0189428534359, -0.00910456944257, 0.00589766772464, -0.00667718006298, 0.0052672023885], [-0.000345326319803, 0.00855849590153, -0.00206716521643, 0.00409371918067, -0.00393172027543, 0.0036799069494, -0.00354183185846, 0.00363905914128, -0.00910456944257, 0.0232563931495, -0.012267710641, 0.00656696222723, -0.00461949268356], [0.000200294700335, -0.00822035036981, 0.00305777741596, -0.00371695659123, 0.00404435396194, -0.0037030573003, 0.00220803637058, -0.00437790015712, 0.00589766772464, -0.012267710641, 0.0267594810575, -0.010655852966, 0.00440834322944], [0.000349915993866, 0.005871609319, -0.0029075879138, 0.00305378902704, -0.00217493483797, 0.00159472459927, -0.000985202030279, 0.00358952395618, -0.00667718006298, 0.00656696222723, -0.010655852966, 0.0243933200836, -0.0111850081012], [0.000539442466106, -0.00596020696685, 0.00162558536977, -0.00563101144508, 0.00369554688223, -0.000232372171013, 0.00225389446132, -0.0060495948419, 0.0052672023885, -0.00461949268356, 0.00440834322944, -0.0111850081012, 0.0261690579355]]
    },
    "melbands": {
        "dmean": [0.00158834294416, 0.00280521344393, 0.00198473688215, 0.00062609143788, 0.000245595758315, 0.000158613824169, 0.000110211352876, 0.000107769366878, 0.000112943256681, 0.000104263264802, 0.000101617864857, 6.87842257321e-05, 7.85226147855e-05, 3.38223508152e-05, 2.66021652351e-05, 2.24670457101e-05, 1.98261859623e-05, 2.83707286144e-05, 1.94479343918e-05, 1.88276771951e-05, 1.7280524844e-05, 1.36083845064e-05, 8.55370944919e-06, 6.00767452852e-06, 4.05467653763e-06, 3.45140574609e-06, 2.54434189628e-06, 2.45468504545e-06, 1.97960821424e-06, 1.15312366233e-06, 1.03143781871e-06, 1.51609140175e-06, 1.32022194066e-06, 1.17806746402e-06, 1.43941849728e-06, 1.04518960597e-06, 8.11406607681e-07, 8.04540434274e-07, 5.24243205291e-07, 2.834425743e-07],
        "dmean2": [0.00263432436623, 0.00493813352659, 0.00334661873057, 0.00102194456849, 0.000378637691028, 0.000253298552707, 0.000172732383362, 0.000167104895809, 0.000161723830388, 0.00015721078671, 0.000151402651682, 0.000101321013062, 0.000119581665786, 5.01922186231e-05, 4.15612303186e-05, 3.46752312907e-05, 3.00696228805e-05, 4.40830553998e-05, 3.08083035634e-05, 3.02124390146e-05, 2.68772400887e-05, 2.09809477383e-05, 1.35635827974e-05, 9.06067725737e-06, 6.37523953628e-06, 5.56130362384e-06, 4.01074339607e-06, 3.79919242732e-06, 3.12805264002e-06, 1.78125515049e-06, 1.65026801824e-06, 2.36096616391e-06, 2.01106286113e-06, 1.81094230811e-06, 2.21131313083e-06, 1.55001919211e-06, 1.16353783142e-06, 1.12721534151e-06, 7.5839523106e-07, 4.21094284775e-07],
        "dvar": [1.01311215985e-05, 3.2576124795e-05, 1.50807054524e-05, 1.60826425599e-06, 2.17315601958e-07, 1.01671851382e-07, 3.6854572727e-08, 4.95525576127e-08, 7.82616851325e-08, 9.39040987191e-08, 2.95295414787e-08, 3.07372793884e-08, 4.42179732829e-08, 7.06796088323e-09, 4.49640102929e-09, 2.85966561542e-09, 1.28653665499e-09, 2.65848409953e-09, 6.86057766153e-10, 8.2318701855e-10, 6.4114169529e-10, 3.52078394217e-10, 2.38653541373e-10, 2.17159498717e-10, 4.31568218662e-11, 2.87135332872e-11, 1.73421658978e-11, 1.96132311781e-11, 1.62054501762e-11, 4.08553356077e-12, 3.65560446497e-12, 9.50293489732e-12, 9.20395183679e-12, 1.22723099044e-11, 1.70521912563e-11, 2.55286868034e-11, 1.44333919816e-11, 1.3399693681e-11, 7.15750592475e-12, 2.40518434162e-12],
        "dvar2": [2.53759935731e-05, 9.1715475719e-05, 3.91726716771e-05, 4.07386460211e-06, 5.27920519744e-07, 2.45721793135e-07, 8.13286717971e-08, 1.01029847599e-07, 1.49812876771e-07, 2.03686425948e-07, 6.65872121886e-08, 6.41982111915e-08, 9.62443280628e-08, 1.47282221974e-08, 1.18738610055e-08, 6.55432774721e-09, 2.77813128058e-09, 6.10430639369e-09, 1.70886160777e-09, 2.10292316893e-09, 1.52419521449e-09, 7.88033749366e-10, 4.86242324182e-10, 4.81741369018e-10, 1.01929298335e-10, 7.32076829713e-11, 4.06801987929e-11, 4.52071054202e-11, 4.07235981048e-11, 9.86834745864e-12, 8.95942695034e-12, 2.30611831714e-11, 1.95004064979e-11, 2.4382051933e-11, 3.86833516608e-11, 5.93429194673e-11, 2.72523757033e-11, 2.89186626035e-11, 1.3204731579e-11, 5.1509148509e-12],
        "max": [0.0362692959607, 0.049961976707, 0.0339610986412, 0.0115340361372, 0.0109994364902, 0.00570321502164, 0.00414368184283, 0.00540112238377, 0.00727511569858, 0.0072475601919, 0.00311068817973, 0.00425717048347, 0.00498813157901, 0.0020484670531, 0.00180393608753, 0.00150036776904, 0.000996970105916, 0.00153436500113, 0.000308163958834, 0.000531962839887, 0.000432261294918, 0.000374141847715, 0.000460048730019, 0.000439598225057, 0.000132461733301, 7.69640610088e-05, 6.11399300396e-05, 9.31002286961e-05, 0.000114131842565, 2.47786974796e-05, 2.87475086225e-05, 5.23581402376e-05, 7.31503605493e-05, 0.000109466622234, 0.000116998024168, 0.000166335506947, 9.26934735617e-05, 9.22860272112e-05, 8.92775715329e-05, 5.10559657414e-05],
        "mean": [0.00203966209665, 0.0045632077381, 0.003507100977, 0.000932335969992, 0.000508701545186, 0.000336774421157, 0.000230002377066, 0.000213371662539, 0.000247446383582, 0.000211484526517, 0.000212453756831, 0.000130386528326, 0.000143307028338, 6.75782503095e-05, 5.39897700946e-05, 4.5542830776e-05, 4.00372809963e-05, 5.44793329027e-05, 3.72177782992e-05, 3.70672532881e-05, 3.55655683961e-05, 2.9493627153e-05, 1.67145226442e-05, 1.1828929928e-05, 8.01458918431e-06, 6.85403074385e-06, 5.03550472786e-06, 4.65888024337e-06, 3.49798915522e-06, 2.0534205305e-06, 1.68179315096e-06, 2.26301017392e-06, 1.89339380086e-06, 1.76619641934e-06, 1.98312318389e-06, 1.48415210788e-06, 1.23015513509e-06, 1.1161941984e-06, 7.87091892107e-07, 3.96500411171e-07],
        "median": [0.00103067350574, 0.003382736817, 0.00287609477527, 0.000502151728142, 0.000193433486857, 0.000127320323372, 0.000120966346003, 0.00011632355745, 9.30348687689e-05, 8.28304328024e-05, 0.000132958928589, 6.53258393868e-05, 6.1033271777e-05, 3.51659145963e-05, 3.06731744786e-05, 1.78491591214e-05, 2.21139780479e-05, 3.5072058381e-05, 2.61078221229e-05, 2.55175691564e-05, 2.43524445978e-05, 1.98812558665e-05, 9.12672112463e-06, 5.30564648216e-06, 5.08871471538e-06, 4.21665708927e-06, 2.71859312306e-06, 2.19109415411e-06, 1.6240834384e-06, 9.10768164886e-07, 7.55311759804e-07, 6.92445894401e-07, 3.81320262477e-07, 2.78599856074e-07, 2.90239000833e-07, 2.13342929101e-07, 1.4805196713e-07, 1.3326625492e-07, 7.39936467653e-08, 3.54083695697e-08],
        "min": [2.98194091641e-09, 4.94456164901e-09, 2.78651199892e-08, 1.27097443681e-08, 7.42752259697e-09, 2.25205210036e-09, 7.09488245931e-10, 1.49180601206e-09, 4.06668299036e-09, 4.74468908607e-09, 2.16318363222e-09, 7.52877260535e-10, 6.99530211534e-10, 1.46922296551e-09, 1.0427267938e-09, 7.30132065918e-10, 2.63273070011e-10, 1.24726018402e-09, 3.1286453428e-09, 3.99138988527e-09, 3.46772588422e-09, 9.42246169977e-10, 1.80369788549e-10, 4.15710244006e-10, 3.72229552736e-10, 2.48056297725e-10, 2.37303343642e-10, 1.98602662094e-10, 2.90959478733e-10, 3.39216293943e-10, 2.50974269145e-10, 3.41481787292e-10, 2.77128042736e-10, 1.69474059786e-10, 1.35770533705e-10, 8.3868807732e-11, 2.6779444981e-11, 5.87582135725e-11, 2.38912865186e-11, 5.01903640177e-12],
        "var": [1.06495263026e-05, 2.7577036235e-05, 1.40863858178e-05, 1.79229982677e-06, 6.41458655082e-07, 3.22689089671e-07, 1.09727437803e-07, 1.3344980232e-07, 3.35572110544e-07, 2.81282240167e-07, 7.43345509591e-08, 7.51882041072e-08, 1.15977087489e-07, 1.52242591867e-08, 7.93368659657e-09, 7.03412084135e-09, 3.75973652211e-09, 5.64666402525e-09, 1.50632073481e-09, 1.57586399485e-09, 1.47185974519e-09, 1.08491393647e-09, 7.38708538783e-10, 4.85686102447e-10, 9.71287217322e-11, 6.13809142402e-11, 4.26085521033e-11, 4.36400013348e-11, 2.74616891727e-11, 8.72067956043e-12, 6.58355878494e-12, 1.57525902045e-11, 1.95859353042e-11, 2.78028502998e-11, 3.41133614412e-11, 3.89078526342e-11, 3.04185392153e-11, 2.4738100457e-11, 1.55969091808e-11, 4.66915438604e-12]
    },
    "mfcc": {
        "mean": [-637.939086914, 153.988861084, -11.9193143845, 29.1299781799, 10.1528615952, 10.2996416092, -0.199686050415, 12.2837123871, 6.59908390045, 5.97653388977, -6.12347459793, -1.42973041534, -2.59554862976],
        "cov": [[3288.11743164, -1402.76708984, 274.975219727, -278.448150635, -116.52040863, 176.496047974, 17.2537193298, 29.5154953003, -49.1016578674, 4.72760152817, 50.9413261414, 23.4662456512, -45.5518379211], [-1402.76708984, 1645.1505127, -590.62713623, 353.950744629, 95.8842163086, -127.099998474, 123.242965698, -32.8572158813, 51.0038604736, 27.494802475, -34.1916465759, -8.66376209259, 9.35247039795], [274.975219727, -590.62713623, 798.375061035, -164.769378662, -4.81518745422, -18.1766262054, -185.214996338, 20.9278182983, -59.4432601929, -48.3569984436, 12.4706802368, -39.2054824829, -19.814245224], [-278.448150635, 353.950744629, -164.769378662, 332.700195312, 2.85065937042, -37.5136299133, 27.7614707947, -32.618927002, 26.0254402161, 17.845582962, -43.3021240234, 5.54785823822, 5.47432374954], [-116.52040863, 95.8842163086, -4.81518745422, 2.85065937042, 165.453033447, 34.0461654663, 19.9630012512, 28.1803588867, 24.184211731, -0.0123083367944, 14.6911354065, 0.00704023661092, 14.1001148224], [176.496047974, -127.099998474, -18.1766262054, -37.5136299133, 34.0461654663, 212.192733765, 30.1224346161, 48.3463058472, 23.8613471985, 27.1523189545, 36.6905937195, 20.3793239594, 20.4702606201], [17.2537193298, 123.242965698, -185.214996338, 27.7614707947, 19.9630012512, 30.1224346161, 149.937866211, 14.4078645706, 28.6875686646, 24.9666099548, 3.71065735817, 21.0677547455, 14.5593700409], [29.5154953003, -32.8572158813, 20.9278182983, -32.618927002, 28.1803588867, 48.3463058472, 14.4078645706, 105.853797913, 32.95054245, 5.5835313797, 22.4548530579, 9.21394538879, 8.27125167847], [-49.1016578674, 51.0038604736, -59.4432601929, 26.0254402161, 24.184211731, 23.8613471985, 28.6875686646, 32.95054245, 86.4291763306, 30.8547878265, 4.78316450119, 11.2802095413, 16.6867351532], [4.72760152817, 27.494802475, -48.3569984436, 17.845582962, -0.0123083367944, 27.1523189545, 24.9666099548, 5.5835313797, 30.8547878265, 82.236579895, 17.6842517853, 13.5312366486, 8.04800033569], [50.9413261414, -34.1916465759, 12.4706802368, -43.3021240234, 14.6911354065, 36.6905937195, 3.71065735817, 22.4548530579, 4.78316450119, 17.6842517853, 76.5425262451, 19.8175735474, 1.26621806622], [23.4662456512, -8.66376209259, -39.2054824829, 5.54785823822, 0.00704023661092, 20.3793239594, 21.0677547455, 9.21394538879, 11.2802095413, 13.5312366486, 19.8175735474, 62.7525901794, 21.521692276], [-45.5518379211, 9.35247039795, -19.814245224, 5.47432374954, 14.1001148224, 20.4702606201, 14.5593700409, 8.27125167847, 16.6867351532, 8.04800033569, 1.26621806622, 21.521692276, 64.9964141846]],
