{
"lowlevel": {
    "average_loudness": 0.937372386456,
    "barkbands_crest": {
        "dmean": 2.84746742249,
        "dmean2": 4.48117637634,
        "dvar": 8.23738193512,
        "dvar2": 19.8971805573,
        "max": 25.9459323883,
        "mean": 14.7038459778,
        "median": 14.6406621933,
        "min": 2.62998199463,
        "var": 25.4257698059
    },
    "barkbands_flatness_db": {
        "dmean": 0.0487717054784,
        "dmean2": 0.0710536167026,
        "dvar": 0.00223634880967,
        "dvar2": 0.00552850449458,
        "max": 0.532866835594,
        "mean": 0.250969588757,
        "median": 0.243057027459,
        "min": 0.0744561851025,
        "var": 0.00734622078016
    },
    "barkbands_kurtosis": {
        "dmean": 13.7237882614,
        "dmean2": 22.0297431946,
        "dvar": 586.09967041,
        "dvar2": 1478.4263916,
        "max": 404.057556152,
        "mean": 20.5183963776,
        "median": 10.4726409912,
        "min": -1.91897785664,
        "var": 869.96295166
    },
    "barkbands_skewness": {
        "dmean": 1.14992690086,
        "dmean2": 1.78859615326,
        "dvar": 1.68141317368,
        "dvar2": 4.0895781517,
        "max": 16.9979553223,
        "mean": 3.21423435211,
        "median": 2.8994371891,
        "min": -1.20557963848,
        "var": 4.0320982933
    },
    "barkbands_spread": {
        "dmean": 6.02805233002,
        "dmean2": 9.40474510193,
        "dvar": 59.3361358643,
        "dvar2": 136.31111145,
        "max": 67.5509414673,
        "mean": 11.5257835388,
        "median": 7.99893856049,
        "min": 0.377596974373,
        "var": 117.276062012
    },
    "dissonance": {
        "dmean": 0.0209577009082,
        "dmean2": 0.0338690318167,
        "dvar": 0.000478649773868,
        "dvar2": 0.00119048100896,
        "max": 0.500000059605,
        "mean": 0.461902201176,
        "median": 0.470132440329,
        "min": 0.209875434637,
        "var": 0.000915315060411
    },
    "dynamic_complexity": 2.72297501564,
    "erbbands_crest": {
        "dmean": 2.77034378052,
        "dmean2": 4.43202495575,
        "dvar": 7.17333030701,
        "dvar2": 18.1652011871,
        "max": 32.4688720703,
        "mean": 8.6653213501,
        "median": 7.73948431015,
        "min": 2.65749335289,
        "var": 16.6904506683
    },
    "erbbands_flatness_db": {
        "dmean": 0.0260695517063,
        "dmean2": 0.0363212935627,
        "dvar": 0.000660248391796,
        "dvar2": 0.00133467209525,
        "max": 0.409199774265,
        "mean": 0.185324460268,
        "median": 0.180992081761,
        "min": 0.0900444239378,
        "var": 0.00194874906447
    },
    "erbbands_kurtosis": {
        "dmean": 1.85942602158,
        "dmean2": 2.79225444794,
        "dvar": 13.3295726776,
        "dvar2": 26.8072929382,
        "max": 85.2610549927,
        "mean": 1.45959973335,
        "median": -0.163956642151,
        "min": -1.81079053879,
        "var": 27.9851913452
    },
    "erbbands_skewness": {
        "dmean": 0.588746070862,
        "dmean2": 0.880312800407,
        "dvar": 0.402716726065,
        "dvar2": 0.930389821529,
        "max": 6.12634801865,
        "mean": 0.581431210041,
        "median": 0.45850455761,
        "min": -7.45444631577,
        "var": 1.18071126938
    },
    "erbbands_spread": {
        "dmean": 12.5124502182,
        "dmean2": 18.3209171295,
        "dvar": 172.421905518,
        "dvar2": 356.344024658,
        "max": 134.033065796,
        "mean": 41.3189163208,
        "median": 37.593460083,
        "min": 1.88005697727,
        "var": 445.754882812
    },
    "hfc": {
        "dmean": 8.66132450104,
        "dmean2": 13.2876605988,
        "dvar": 213.130935669,
        "dvar2": 529.4453125,
        "max": 141.611221313,
        "mean": 13.234457016,
        "median": 8.29438209534,
        "min": 8.50065116538e-05,
        "var": 232.980712891
    },
    "melbands_crest": {
        "dmean": 3.17903232574,
        "dmean2": 5.18205356598,
        "dvar": 11.7877225876,
        "dvar2": 29.3788223267,
        "max": 35.0794143677,
        "mean": 17.9731121063,
        "median": 17.6646327972,
        "min": 4.23267602921,
        "var": 29.7074260712
    },
    "melbands_flatness_db": {
        "dmean": 0.0602341294289,
        "dmean2": 0.0855526328087,
        "dvar": 0.00351427611895,
        "dvar2": 0.00836446229368,
        "max": 0.652992248535,
        "mean": 0.312974750996,
        "median": 0.307699114084,
        "min": 0.036085177213,
        "var": 0.0122235454619
    },
    "melbands_kurtosis": {
        "dmean": 26.955291748,
        "dmean2": 42.7921524048,
        "dvar": 1902.67114258,
        "dvar2": 4777.10791016,
        "max": 506.410614014,
        "mean": 43.7246780396,
        "median": 25.8299465179,
        "min": -1.68535161018,
        "var": 2917.15454102
    },
    "melbands_skewness": {
        "dmean": 1.45115435123,
        "dmean2": 2.21274542809,
        "dvar": 2.53761911392,
        "dvar2": 6.12615871429,
        "max": 17.7698421478,
        "mean": 4.45836448669,
        "median": 4.01257658005,
        "min": -0.740856945515,
        "var": 6.01560592651
    },
    "melbands_spread": {
        "dmean": 5.83548164368,
        "dmean2": 9.29272842407,
        "dvar": 80.8095703125,
        "dvar2": 197.271148682,
        "max": 123.279495239,
        "mean": 10.1779880524,
        "median": 6.05091619492,
        "min": 0.459762573242,
        "var": 135.644439697
    },
    "pitch_salience": {
        "dmean": 0.0871039330959,
        "dmean2": 0.141470253468,
        "dvar": 0.00782961957157,
        "dvar2": 0.0205102786422,
        "max": 0.83157658577,
        "mean": 0.469079583883,
        "median": 0.474516570568,
        "min": 0.0903462097049,
        "var": 0.0192087870091
    },
    "silence_rate_20dB": {
        "dmean": 0,
        "dmean2": 0,
        "dvar": 0,
        "dvar2": 0,
        "max": 1,
        "mean": 1,
        "median": 1,
        "min": 1,
        "var": 0
    },
    "silence_rate_30dB": {
        "dmean": 0.0813323035836,
        "dmean2": 0.162727624178,
        "dvar": 0.0747192725539,
        "dvar2": 0.154070645571,
        "max": 1,
        "mean": 0.924506366253,
        "median": 1,
        "min": 0,
        "var": 0.0697960630059
    },
    "silence_rate_60dB": {
        "dmean": 0.0271107666194,
        "dmean2": 0.0542425401509,
        "dvar": 0.026376273483,
        "dvar2": 0.0598253309727,
        "max": 1,
        "mean": 0.0414246991277,
        "median": 0,
        "min": 0,
        "var": 0.03970913589
    },
    "spectral_centroid": {
        "dmean": 336.892303467,
        "dmean2": 532.12322998,
        "dvar": 178099.5625,
        "dvar2": 431288.03125,
        "max": 3528.47460938,
        "mean": 810.112365723,
        "median": 612.214416504,
        "min": 126.134712219,
        "var": 355300.0625
    },
    "spectral_complexity": {
        "dmean": 5.51123142242,
        "dmean2": 8.10848522186,
        "dvar": 46.991104126,
        "dvar2": 93.6921463013,
        "max": 59,
        "mean": 14.3375921249,
        "median": 12,
        "min": 0,
        "var": 99.2614135742
    },
    "spectral_decrease": {
        "dmean": 6.07094330363e-09,
        "dmean2": 1.00186046126e-08,
        "dvar": 1.42701347925e-16,
        "dvar2": 3.81733053023e-16,
        "max": -2.77286169286e-13,
        "mean": -1.25880950108e-08,
        "median": -1.09139062232e-08,
        "min": -8.87889228807e-08,
        "var": 1.41977756795e-16
    },
    "spectral_energy": {
        "dmean": 0.0235492400825,
        "dmean2": 0.038706433028,
        "dvar": 0.00208118301816,
        "dvar2": 0.00555360410362,
        "max": 0.339635938406,
        "mean": 0.0487107783556,
        "median": 0.0422963276505,
        "min": 1.0542447626e-06,
        "var": 0.00208756141365
    },
    "spectral_energyband_high": {
        "dmean": 0.000474766013213,
        "dmean2": 0.000738341186661,
        "dvar": 1.10225664685e-06,
        "dvar2": 2.70604209618e-06,
        "max": 0.0097451210022,
        "mean": 0.000442010059487,
        "median": 6.40999933239e-05,
        "min": 1.32974520284e-10,
        "var": 1.07069126898e-06
    },
    "spectral_energyband_low": {
        "dmean": 0.0197066310793,
        "dmean2": 0.0334907434881,
        "dvar": 0.00191951310262,
        "dvar2": 0.00524065969512,
        "max": 0.305501073599,
        "mean": 0.0372858904302,
        "median": 0.0296949688345,
        "min": 9.42393398873e-07,
        "var": 0.00175656727515
    },
    "spectral_energyband_middle_high": {
        "dmean": 0.00231291237287,
        "dmean2": 0.00369820860215,
        "dvar": 2.12092127185e-05,
        "dvar2": 5.49950054847e-05,
        "max": 0.0503942668438,
        "mean": 0.00274481927045,
        "median": 0.00110014295205,
        "min": 1.72715175495e-10,
        "var": 2.07909870369e-05
    },
    "spectral_energyband_middle_low": {
        "dmean": 0.00603453395888,
        "dmean2": 0.0101139731705,
        "dvar": 0.000121113393106,
        "dvar2": 0.000324059190461,
        "max": 0.11330819875,
        "mean": 0.0113998474553,
        "median": 0.00791856367141,
        "min": 1.03410059182e-07,
        "var": 0.000139911353472
    },
    "spectral_entropy": {
        "dmean": 0.377081871033,
        "dmean2": 0.537218511105,
        "dvar": 0.158136561513,
        "dvar2": 0.362832695246,
        "max": 8.34844875336,
        "mean": 7.15933561325,
        "median": 7.20121240616,
        "min": 4.89129829407,
        "var": 0.413807362318
    },
    "spectral_flux": {
        "dmean": 0.0497991070151,
        "dmean2": 0.0749280005693,
        "dvar": 0.00446793297306,
        "dvar2": 0.00777297792956,
        "max": 0.521162092686,
        "mean": 0.0952385365963,
        "median": 0.0646832659841,
        "min": 0.00102676416282,
        "var": 0.00735796103254
    },
    "spectral_kurtosis": {
        "dmean": 4.72808694839,
        "dmean2": 7.60137462616,
        "dvar": 51.6347618103,
        "dvar2": 129.046157837,
        "max": 102.283531189,
        "mean": 7.00288677216,
        "median": 4.44021987915,
        "min": -0.383293628693,
        "var": 66.3941116333
    },
    "spectral_rms": {
        "dmean": 0.00144845223986,
        "dmean2": 0.00219931919128,
        "dvar": 4.55515692011e-06,
        "dvar2": 1.09849324872e-05,
        "max": 0.0182030815631,
        "mean": 0.00625327974558,
        "median": 0.00642376113683,
        "min": 3.20707258652e-05,
        "var": 8.41928340378e-06
    },
    "spectral_rolloff": {
        "dmean": 336.643371582,
        "dmean2": 573.889709473,
        "dvar": 392555.09375,
        "dvar2": 987891.875,
        "max": 6933.69140625,
        "mean": 546.466552734,
        "median": 236.865234375,
        "min": 64.599609375,
        "var": 520511.28125
    },
    "spectral_skewness": {
        "dmean": 0.564570724964,
        "dmean2": 0.843882620335,
        "dvar": 0.450057834387,
        "dvar2": 1.06444430351,
        "max": 8.07279586792,
        "mean": 1.85009741783,
        "median": 1.66753792763,
        "min": -0.205453872681,
        "var": 0.854036152363
    },
    "spectral_spread": {
        "dmean": 681995.0625,
        "dmean2": 918166.75,
        "dvar": 466249351168,
        "dvar2": 796721676288,
        "max": 15524755,
        "mean": 3803610.25,
        "median": 3713423,
        "min": 1000893,
        "var": 1.66858719232e+12
    },
    "spectral_strongpeak": {
        "dmean": 0.19690272212,
        "dmean2": 0.330028831959,
        "dvar": 0.115913301706,
        "dvar2": 0.292482256889,
        "max": 4.72010278702,
        "mean": 0.534771680832,
        "median": 0.492062687874,
        "min": 0,
        "var": 0.166644856334
    },
    "zerocrossingrate": {
        "dmean": 0.0086846742779,
        "dmean2": 0.0103719560429,
        "dvar": 8.77745187609e-05,
        "dvar2": 0.000109213753603,
        "max": 0.12451171875,
        "mean": 0.0272204987705,
        "median": 0.02197265625,
        "min": 0.00244140625,
        "var": 0.00043620087672
    },
    "barkbands": {
        "dmean": [0.000151430605911, 0.00977195613086, 0.0103468103334, 0.00329625792801, 0.00202197651379, 0.000816751853563, 0.000616830773652, 0.000414163485402, 0.000368930428522, 0.000164386903634, 0.000268413423328, 0.000557578343432, 0.000270735472441, 0.000265178678092, 0.0003841741418, 0.000297015241813, 0.000142998775118, 0.000149220664753, 9.61697805906e-05, 0.000225401105126, 0.000128032756038, 9.13577459869e-05, 7.87909593782e-05, 5.14446837769e-05, 1.17643321573e-05, 8.94739038415e-09, 2.57001775417e-09],
        "dmean2": [0.000250661192695, 0.0164710581303, 0.0184225104749, 0.00587221933529, 0.00333003513515, 0.00127581239212, 0.000983736244962, 0.000673622183967, 0.000582531443797, 0.00026177210384, 0.000432296248619, 0.000962606631219, 0.000450608844403, 0.000436955335317, 0.000646541651804, 0.000481782743009, 0.000237941989326, 0.000258925487287, 0.000155561385327, 0.000393382244511, 0.000210270285606, 0.000138715520734, 0.000122111174278, 7.76995511842e-05, 1.73624939634e-05, 1.42545495407e-08, 4.78522022007e-09],
        "dvar": [9.39801694244e-08, 0.000383757724194, 0.000779469672125, 7.50827312004e-05, 1.87756431842e-05, 5.24802817381e-06, 1.28845579184e-06, 1.2392639519e-06, 6.21211370344e-07, 7.87975977801e-08, 3.58424955493e-07, 2.72743523055e-06, 2.87575517177e-07, 2.98036866297e-07, 8.66412960931e-07, 5.44747081221e-07, 1.34546411346e-07, 1.62590524155e-07, 3.7212075199e-08, 5.62068748877e-07, 8.07849573903e-08, 3.34920144951e-08, 2.47750353566e-08, 1.07971995789e-08, 5.3516419074e-10, 4.22242536074e-16, 2.08976312608e-17],
        "dvar2": [2.34709773395e-07, 0.00105507404078, 0.00217645615339, 0.000211572129047, 4.56246125395e-05, 9.81122320809e-06, 3.23754352394e-06, 2.79299911199e-06, 1.43132149333e-06, 1.83337675708e-07, 1.00050374385e-06, 7.63561911299e-06, 7.20769719464e-07, 7.3507385423e-07, 2.25523035624e-06, 1.45694400544e-06, 3.5197501802e-07, 4.50892287063e-07, 8.34891764612e-08, 1.57887973273e-06, 1.96282996967e-07, 7.68238379578e-08, 5.66082469788e-08, 2.5319300434e-08, 1.18434628771e-09, 1.09515949657e-15, 6.34425361388e-17],
        "max": [0.00342878303491, 0.214595943689, 0.212359026074, 0.0814903452992, 0.0871137827635, 0.0863143354654, 0.018608706072, 0.029015308246, 0.0165248326957, 0.00281281257048, 0.0137756848708, 0.0144488094375, 0.00835739355534, 0.00895792711526, 0.0129397204146, 0.0130074750632, 0.00700578885153, 0.00487683713436, 0.00452007818967, 0.00733553385362, 0.00234361365438, 0.00151305389591, 0.00116478092968, 0.0010226193117, 0.000277037965134, 4.70010093068e-07, 7.52945439331e-08],
        "mean": [0.000222625909373, 0.0227873381227, 0.0111584793776, 0.00470415363088, 0.00324625871144, 0.00114687567111, 0.00100057502277, 0.000603314081673, 0.000621316779871, 0.000228406861424, 0.000350068148691, 0.000495452841278, 0.000275055062957, 0.000289867370157, 0.000359038327588, 0.000316336838296, 0.000149760453496, 0.000130844739033, 0.000110898494313, 0.000171762905666, 0.000111807166832, 9.16181161301e-05, 7.46437217458e-05, 5.21037363796e-05, 1.22205447042e-05, 9.01925023555e-09, 1.92659999065e-09],
        "median": [5.78081999265e-05, 0.0185976643115, 0.00388372456655, 0.00164311111439, 0.00186806661077, 0.000416032475187, 0.000461668329081, 0.0002156952105, 0.000216623884626, 0.000107575076981, 0.000127173218061, 0.000123761055875, 6.75193005009e-05, 7.33873966965e-05, 6.38477577013e-05, 5.41262634215e-05, 3.04338300339e-05, 2.66575825663e-05, 2.74035573966e-05, 1.87380301213e-05, 1.3866019799e-05, 1.54801036842e-05, 8.27883923193e-06, 5.71855116505e-06, 1.31960337058e-06, 2.84771717318e-09, 6.33451902043e-10],
        "min": [5.09823046002e-08, 6.95988489952e-07, 1.37032671432e-07, 5.26249621657e-08, 4.4047595793e-08, 6.41601705098e-09, 1.05758429791e-10, 6.07459915702e-11, 1.39400213595e-10, 7.67459845674e-11, 1.501537783e-11, 2.06272707248e-11, 1.1707535115e-11, 7.81057076654e-12, 5.95637037956e-12, 6.69281080209e-12, 6.42412295235e-12, 8.25941745553e-12, 1.53242453449e-11, 8.07053035512e-12, 1.81358660728e-11, 5.46610569307e-11, 2.16723080454e-11, 1.32415883813e-11, 1.0102669569e-11, 4.53972623382e-12, 5.92460759272e-12],
        "var": [1.45788177974e-07, 0.000508786470164, 0.000545687915292, 6.22580482741e-05, 2.48177348112e-05, 1.15523807835e-05, 2.63654442278e-06, 1.98751445168e-06, 1.63381503171e-06, 1.18707177421e-07, 4.78058211684e-07, 1.84873510989e-06, 3.61252460834e-07, 3.19143765637e-07, 7.62274112276e-07, 5.48572870684e-07, 1.3235761287e-07, 1.1755079754e-07, 5.55609709352e-08, 3.68391710026e-07, 7.36447844929e-08, 3.7150183374e-08, 2.69146198661e-08, 1.18352350142e-08, 6.36153407729e-10, 3.6533738037e-16, 1.4053146789e-17]
    },
    "erbbands": {
        "dmean": [0.179947793484, 2.65886068344, 11.0937738419, 11.7151165009, 6.96700811386, 8.39169406891, 5.65773391724, 7.87038421631, 7.8361620903, 8.86492156982, 9.5089006424, 8.16423225403, 4.93514919281, 7.34771060944, 15.8960542679, 19.9780139923, 12.3621416092, 12.948890686, 16.7973079681, 18.7906646729, 16.2445411682, 7.71470689774, 7.05571603775, 7.17895364761, 5.88703203201, 10.7202091217, 5.91185998917, 5.18265342712, 3.48980474472, 2.9215555191, 2.12925243378, 1.27207040787, 0.743154287338, 0.247356623411, 0.0231641978025, 0.0010200830875, 5.83030850976e-05, 9.41322468861e-06, 1.24388006952e-05, 2.66052011284e-05],
        "dmean2": [0.294006049633, 4.49742650986, 19.6381874084, 20.6884784698, 12.1277742386, 13.584195137, 9.6036939621, 11.8062372208, 13.0141906738, 13.8242034912, 15.1265211105, 12.9681720734, 8.04855155945, 11.7000932693, 26.2859725952, 34.6358947754, 20.3634471893, 20.9764213562, 27.3952503204, 32.1606216431, 26.2896499634, 12.5782957077, 11.9906673431, 11.9917459488, 9.82015323639, 18.870054245, 9.64816188812, 8.54616260529, 5.37127733231, 4.43552732468, 3.33421850204, 1.93541061878, 1.14329147339, 0.364270955324, 0.034087587148, 0.00149529532064, 8.41808214318e-05, 1.40196671055e-05, 1.9616305508e-05, 4.33006389358e-05],
        "dvar": [0.0826119482517, 32.5637207031, 874.87701416, 966.364624023, 178.764129639, 467.410186768, 137.770401001, 706.574951172, 207.807342529, 518.071533203, 353.732147217, 291.605865479, 65.7936706543, 279.697387695, 1444.70202637, 3166.56884766, 582.168395996, 669.314819336, 1256.48510742, 1920.5670166, 1871.16784668, 316.251953125, 261.128967285, 330.083984375, 209.36505127, 1433.57019043, 212.506103516, 136.200042725, 51.4697723389, 30.2146434784, 21.9703712463, 6.65488672256, 2.36556863785, 0.218618527055, 0.00188778538723, 3.57155681741e-06, 9.91334481171e-09, 2.6439675449e-10, 4.44661307775e-10, 2.47311815471e-09],
        "dvar2": [0.212474182248, 90.0045623779, 2439.07373047, 2737.77001953, 480.780944824, 1124.5513916, 365.615936279, 1187.78942871, 563.934936523, 1204.59667969, 856.756958008, 657.146057129, 160.825973511, 766.02166748, 3840.70410156, 8953.54296875, 1454.82641602, 1638.56689453, 2996.14404297, 5217.93017578, 5028.41162109, 834.810241699, 705.29119873, 881.101196289, 538.070983887, 4076.91088867, 540.729309082, 335.078857422, 115.942001343, 67.6628265381, 53.373878479, 15.6461048126, 5.57259559631, 0.469948470592, 0.00399496778846, 7.49308082959e-06, 2.05738057701e-08, 5.73345426691e-10, 1.14477760604e-09, 6.55828058527e-09],
        "max": [4.608689785, 53.9768295288, 217.191085815, 254.446624756, 185.275131226, 507.885101318, 141.593734741, 1098.34570312, 210.20715332, 564.016906738, 387.371429443, 351.604553223, 88.3223953247, 331.837524414, 466.416259766, 521.576782227, 435.187164307, 318.949859619, 558.83203125, 455.257873535, 877.708740234, 349.801361084, 207.870910645, 231.348251343, 313.066345215, 383.945007324, 125.957328796, 90.6115722656, 60.8435630798, 41.7924461365, 38.4738883972, 21.0422763824, 16.0346794128, 5.39062929153, 0.405747830868, 0.0172577183694, 0.000826962932479, 0.000172017258592, 0.000154572291649, 0.000370329566067],
        "mean": [0.540442585945, 5.55499744415, 12.8081293106, 16.0708999634, 10.5970087051, 13.2037162781, 7.39861440659, 11.6894683838, 12.0074148178, 14.5642471313, 15.5896606445, 14.3036165237, 7.58832931519, 9.5842294693, 17.6047840118, 18.2669715881, 12.9859523773, 14.2271585464, 17.7638378143, 17.4765586853, 17.8337936401, 8.37166595459, 6.71777534485, 6.83194971085, 5.76884460449, 8.02051925659, 5.04487037659, 4.51156902313, 3.45938777924, 2.89312338829, 1.98990428448, 1.24287736416, 0.76468282938, 0.265034526587, 0.024366542697, 0.00110392516945, 7.36875736038e-05, 1.14731874419e-05, 2.48130982072e-05, 5.45816219528e-05],
        "median": [0.387029916048, 4.47960996628, 6.17635440826, 8.65112113953, 6.62515068054, 6.02697610855, 3.62888145447, 3.9995265007, 6.52024555206, 5.77734136581, 6.7058057785, 5.2581281662, 3.90116071701, 3.88655185699, 5.78660345078, 5.12371349335, 3.57642149925, 4.26461458206, 4.44744300842, 3.10318493843, 3.12274956703, 1.97175300121, 1.44942510128, 1.59125828743, 1.14986276627, 0.904396414757, 0.582343101501, 0.584190905094, 0.523590266705, 0.443604439497, 0.22344596684, 0.139401704073, 0.079181201756, 0.0305601321161, 0.00259061180986, 0.000140060365084, 2.59635198745e-05, 4.25753614763e-06, 2.11961996683e-05, 4.72221254313e-05],
        "min": [2.31574922509e-05, 0.00014116690727, 0.000201055110665, 0.000155909714522, 0.00012801772391, 0.000192009334569, 0.000116087787319, 5.88982184127e-05, 6.30408931102e-06, 9.54914753493e-07, 2.17976412387e-06, 3.44446584677e-06, 2.41532279688e-06, 1.39546409628e-06, 5.4759067325e-07, 8.14796749182e-07, 6.53216375213e-07, 3.82958432965e-07, 2.87041444835e-07, 4.27001964454e-07, 3.56965415449e-07, 3.63176752671e-07, 4.24410956157e-07, 7.30046281205e-07, 5.99997463269e-07, 4.05313898e-07, 4.3132726546e-07, 8.74168620157e-07, 1.30831460865e-06, 2.46621061706e-06, 4.36280032545e-07, 2.56928672115e-07, 2.31315638644e-07, 1.62829053352e-07, 4.4336420757e-08, 1.79652062116e-08, 8.91839402328e-09, 3.06567993213e-09, 1.16749621082e-09, 1.23921350959e-09],
        "var": [0.341965824366, 34.9728469849, 616.319396973, 696.340332031, 176.86505127, 630.863891602, 139.248626709, 1718.10510254, 279.635559082, 1052.99047852, 688.84161377, 919.188903809, 110.157058716, 339.726043701, 1327.30175781, 2124.47094727, 725.869018555, 727.04473877, 1357.94042969, 1534.71569824, 1801.9901123, 294.596313477, 217.067489624, 281.121826172, 214.696380615, 899.171203613, 183.184036255, 121.049812317, 57.0521087646, 34.3744010925, 21.5742225647, 7.14230537415, 2.54628324509, 0.273712396622, 0.00238652480766, 4.59129842056e-06, 1.33851791873e-08, 3.3863076232e-10, 4.90033347234e-10, 2.52863796568e-09]
    },
    "gfcc": {
        "mean": [-59.70885849, 153.365219116, -111.218437195, 61.5826454163, -56.0480079651, 26.1378612518, -25.4176521301, -3.17460155487, 0.504790484905, -15.5782794952, 6.2104973793, -19.6530437469, 5.25782442093],
        "cov": [[6271.68261719, -951.194885254, -1445.83349609, 231.487747192, -347.13961792, 286.810913086, -273.769073486, 44.530216217, -248.74710083, 125.918670654, -126.887275696, -72.5774154663, -52.0586929321], [-951.194885254, 1179.45996094, 333.245849609, -462.11227417, 504.898376465, -210.40586853, 186.806854248, -111.647331238, 210.445053101, -144.816543579, 46.0995101929, -58.5242729187, -73.4149093628], [-1445.83349609, 333.245849609, 1341.90930176, 250.540420532, 106.626853943, 21.8655719757, 256.506103516, -6.41289663315, 45.287109375, -45.6103363037, 6.15270853043, -32.2291069031, 3.86720752716], [231.487747192, -462.11227417, 250.540420532, 466.571746826, -103.857246399, 98.8987121582, 9.44683551788, 58.8499832153, -73.1186904907, 50.7221107483, -6.83458328247, 7.68159294128, 38.7763710022], [-347.13961792, 504.898376465, 106.626853943, -103.857246399, 532.265319824, -28.7695007324, 65.1698303223, -56.6573410034, 129.057434082, -72.7353286743, 2.9245455265, -32.7674446106, -33.8040466309], [286.810913086, -210.40586853, 21.8655719757, 98.8987121582, -28.7695007324, 194.085632324, 7.06006813049, -12.6809263229, -54.266544342, 23.7240562439, -25.9322814941, -4.33141326904, 8.68931293488], [-273.769073486, 186.806854248, 256.506103516, 9.44683551788, 65.1698303223, 7.06006813049, 184.951889038, 18.1332492828, 27.9426593781, -11.0552272797, 25.6126880646, -17.1547355652, -18.7376785278], [44.530216217, -111.647331238, -6.41289663315, 58.8499832153, -56.6573410034, -12.6809263229, 18.1332492828, 139.600326538, 59.5074539185, 32.2199554443, -8.54653549194, -0.986970365047, 9.48031044006], [-248.74710083, 210.445053101, 45.287109375, -73.1186904907, 129.057434082, -54.266544342, 27.9426593781, 59.5074539185, 171.067672729, 18.7961463928, -0.157523468137, -14.6712398529, -7.23538160324], [125.918670654, -144.816543579, -45.6103363037, 50.7221107483, -72.7353286743, 23.7240562439, -11.0552272797, 32.2199554443, 18.7961463928, 101.592308044, 25.4135532379, 6.60527801514, 3.8220334053], [-126.887275696, 46.0995101929, 6.15270853043, -6.83458328247, 2.9245455265, -25.9322814941, 25.6126880646, -8.54653549194, -0.157523468137, 25.4135532379, 82.1159744263, 23.2220363617, -5.47102355957], [-72.5774154663, -58.5242729187, -32.2291069031, 7.68159294128, -32.7674446106, -4.33141326904, -17.1547355652, -0.986970365047, -14.6712398529, 6.60527801514, 23.2220363617, 61.4167633057, 28.3408851624], [-52.0586929321, -73.4149093628, 3.86720752716, 38.7763710022, -33.8040466309, 8.68931293488, -18.7376785278, 9.48031044006, -7.23538160324, 3.8220334053, -5.47102355957, 28.3408851624, 60.0036430359]],
        "icov": [[0.000315164099447, -0.000570851552766, 0.000534625898581, -0.000705501821358, 0.000267669995083, -0.00050833215937, 0.000154588546138, -0.000294061814202, 0.000507790071424, -0.000458535447251, 0.00060451508034, 9.19577869354e-05, 0.000417722389102], [-0.000570851552766, 0.0111146718264, -0.00311215640977, 0.00839945208281, -0.00444910535589, 0.00573053676635, -0.00505367433652, 0.00589909125119, -0.0065269516781, 0.00635234359652, -0.00543368421495, 0.00460416264832, -0.00183204375207], [0.000534625898581, -0.00311215640977, 0.0027231075801, -0.00379620795138, 0.00158803106751, -0.00168899446726, -0.000595640798565, -0.000397173658712, 0.000853008008562, -0.00107012211811, 0.00217257672921, -0.000670562149025, 0.000635636446532], [-0.000705501821358, 0.00839945208281, -0.00379620795138, 0.0106517802924, -0.00409427378327, 0.00352272205055, -0.00256227399223, 0.00137853401247, -0.00177545135375, 0.00271002668887, -0.00457931309938, 0.0038061037194, -0.00341075891629], [0.000267669995083, -0.00444910535589, 0.00158803106751, -0.00409427378327, 0.00549630634487, -0.00309766968712, 0.00125777861103, 0.000544100184925, -0.00195662444457, 0.000803169328719, 0.00113782042172, -0.00121423159726, 0.00157420651522], [-0.00050833215937, 0.00573053676635, -0.00168899446726, 0.00352272205055, -0.00309766968712, 0.010536451824, -0.00413016462699, 0.00399240897968, -0.000757967296522, -0.000288734940113, 0.00105834542774, 0.00170952349436, -0.00157273805235], [0.000154588546138, -0.00505367433652, -0.000595640798565, -0.00256227399223, 0.00125777861103, -0.00413016462699, 0.0118234818801, -0.00587040698156, 0.00360004324466, -0.00158342800569, -0.00207243743353, -0.000138234769111, 0.00198279484175], [-0.000294061814202, 0.00589909125119, -0.000397173658712, 0.00137853401247, 0.000544100184925, 0.00399240897968, -0.00587040698156, 0.0167785789818, -0.0113024516031, 0.00354443327524, -0.000474021333503, 0.0016966110561, -0.00109176023398], [0.000507790071424, -0.0065269516781, 0.000853008008562, -0.00177545135375, -0.00195662444457, -0.000757967296522, 0.00360004324466, -0.0113024516031, 0.0192603170872, -0.0107454694808, 0.0054917964153, -0.0013667831663, -0.000382233789423], [-0.000458535447251, 0.00635234359652, -0.00107012211811, 0.00271002668887, 0.000803169328719, -0.000288734940113, -0.00158342800569, 0.00354443327524, -0.0107454694808, 0.0214968267828, -0.0111252618954, 0.00420832028612, -0.000535245868377], [0.00060451508034, -0.00543368421495, 0.00217257672921, -0.00457931309938, 0.00113782042172, 0.00105834542774, -0.00207243743353, -0.000474021333503, 0.0054917964153, -0.0111252618954, 0.0236503090709, -0.0117040621117, 0.00566637702286], [9.19577869354e-05, 0.00460416264832, -0.000670562149025, 0.0038061037194, -0.00121423159726, 0.00170952349436, -0.000138234769111, 0.0016966110561, -0.0013667831663, 0.00420832028612, -0.0117040621117, 0.0291573386639, -0.013217846863], [0.000417722389102, -0.00183204375207, 0.000635636446532, -0.00341075891629, 0.00157420651522, -0.00157273805235, 0.00198279484175, -0.00109176023398, -0.000382233789423, -0.000535245868377, 0.00566637702286, -0.013217846863, 0.0256037078798]]
    },
    "melbands": {
        "dmean": [0.00214617443271, 0.00496592372656, 0.00188258581329, 0.000516832224093, 0.000226973352255, 0.000168431870406, 0.000123189325677, 9.57171869231e-05, 8.13369260868e-05, 4.89298145112e-05, 2.44217917498e-05, 2.85684927803e-05, 4.28630228271e-05, 6.81095698383e-05, 3.2821764762e-05, 2.7575153581e-05, 2.4346742066e-05, 2.63916281256e-05, 3.01973996102e-05, 2.04355856113e-05, 1.88650337805e-05, 8.61614989844e-06, 5.97769530941e-06, 6.87358033247e-06, 5.90318222748e-06, 3.32770650857e-06, 6.298813787e-06, 7.44763156035e-06, 4.24273594035e-06, 2.79232813227e-06, 3.20530398312e-06, 2.02770183932e-06, 1.68531369127e-06, 1.5655551806e-06, 1.30459034153e-06, 9.90472130979e-07, 6.67890731165e-07, 5.41055783287e-07, 3.65397085034e-07, 1.71815884187e-07],
        "dmean2": [0.00354540371336, 0.0086870091036, 0.00332672940567, 0.000855706515722, 0.00037509293179, 0.000256688130321, 0.000201994756935, 0.000148967665154, 0.000128037339891, 7.78987523518e-05, 4.00572898798e-05, 4.56421148556e-05, 6.99983356753e-05, 0.000118019139336, 5.57265157113e-05, 4.55606314063e-05, 3.99204618589e-05, 4.31144362665e-05, 5.19199238624e-05, 3.36828525178e-05, 3.10675386572e-05, 1.42510943988e-05, 9.85951919574e-06, 1.19499882203e-05, 9.84261350823e-06, 5.35823483006e-06, 1.11344743345e-05, 1.31128799694e-05, 7.01525505065e-06, 4.60700994154e-06, 5.39984966963e-06, 3.14260569212e-06, 2.58868135461e-06, 2.41277689383e-06, 2.10718599192e-06, 1.48606090988e-06, 1.03346428659e-06, 8.38480161747e-07, 5.63313562907e-07, 2.52338992368e-07],
        "dvar": [1.48991503011e-05, 0.000154703055159, 2.39446508203e-05, 1.20519939628e-06, 2.08541479196e-07, 2.74144525747e-07, 4.98544885374e-08, 6.66282176098e-08, 2.61887613817e-08, 1.00838573047e-08, 1.68574609827e-09, 4.12880529765e-09, 8.77094308294e-09, 4.23292654261e-08, 5.40947109329e-09, 3.38887340412e-09, 2.54603382821e-09, 3.05215719365e-09, 6.09534467344e-09, 2.18672968622e-09, 2.95295854436e-09, 4.70864125468e-10, 1.29791122294e-10, 3.87587656414e-10, 2.26422089411e-10, 4.56986844199e-11, 4.16461920505e-10, 7.24371729266e-10, 1.20507048784e-10, 3.58769680631e-11, 5.795838115e-11, 1.80315467418e-11, 1.14246832481e-11, 8.92375322942e-12, 9.25512357725e-12, 4.12078444284e-12, 1.87108271585e-12, 1.422334364e-12, 4.99151121911e-13, 1.07775665833e-13],
        "dvar2": [4.01144898206e-05, 0.000429532461567, 6.75988994772e-05, 2.99046382679e-06, 5.03887974901e-07, 4.73046327443e-07, 1.34264112717e-07, 1.53724315055e-07, 6.32478602824e-08, 2.31035031106e-08, 4.15709644486e-09, 1.12265290397e-08, 2.32006431844e-08, 1.19308239732e-07, 1.4383023661e-08, 8.3579800858e-09, 6.23184481796e-09, 7.31471683224e-09, 1.65716453893e-08, 5.67198021884e-09, 8.02093946817e-09, 1.25037147303e-09, 3.32488203636e-10, 1.07544928518e-09, 6.04457039977e-10, 1.02368689914e-10, 1.16787224336e-09, 2.06476302722e-09, 3.12211312359e-10, 8.81407308251e-11, 1.44699974225e-10, 4.16985682095e-11, 2.6290972871e-11, 2.04383645425e-11, 2.34182447739e-11, 9.40948621103e-12, 4.51681574087e-12, 3.47132197119e-12, 1.10904644843e-12, 2.32551364233e-13],
        "max": [0.0525542795658, 0.0888437926769, 0.0399081632495, 0.0219161808491, 0.00696617783979, 0.0211682617664, 0.00315698492341, 0.0065470864065, 0.00315952999517, 0.00195098621771, 0.000433057080954, 0.0012164269574, 0.00135206279811, 0.00182112306356, 0.000712299195584, 0.00096932949964, 0.000681581557728, 0.000905095424969, 0.00100612291135, 0.000549301621504, 0.00116149999667, 0.000428057624958, 0.000128161918838, 0.00023422454251, 0.000201304370421, 0.000164040466188, 0.000286460999632, 0.000295459030895, 9.57148731686e-05, 4.80124363094e-05, 6.30710346741e-05, 3.48844951077e-05, 2.71795724984e-05, 2.46523559326e-05, 2.81081302091e-05, 1.97977969947e-05, 1.12858206194e-05, 1.33609037221e-05, 6.22648030912e-06, 4.16741613662e-06],
        "mean": [0.00578137813136, 0.00714641436934, 0.00262862001546, 0.000846877461299, 0.000325580447679, 0.000246627401793, 0.000194871099666, 0.000155003610416, 0.00013182789553, 8.3607090346e-05, 3.54326039087e-05, 3.64502047887e-05, 5.11604994244e-05, 6.16159013589e-05, 3.14487333526e-05, 2.90524094453e-05, 2.59183307207e-05, 2.80776130239e-05, 2.62275152636e-05, 2.18070417759e-05, 2.00700960704e-05, 8.88721842784e-06, 6.29499072602e-06, 5.77389255341e-06, 5.56788927497e-06, 3.9064880184e-06, 4.76192553833e-06, 5.54800953978e-06, 3.5571247281e-06, 2.41725115302e-06, 2.72020338343e-06, 2.0040220079e-06, 1.64832920291e-06, 1.52346092364e-06, 1.16671378692e-06, 9.72517682385e-07, 6.39450661311e-07, 5.47265869955e-07, 3.83488384159e-07, 1.82706756391e-07],
        "median": [0.00480287242681, 0.00476571638137, 0.0016044274671, 0.000499805726577, 0.000160000505275, 9.07557623577e-05, 0.000100695302535, 6.09304552199e-05, 5.17382504768e-05, 3.02822591038e-05, 1.70879920915e-05, 1.44318373714e-05, 1.79587786988e-05, 1.5827234165e-05, 8.71984502737e-06, 6.9798234108e-06, 6.60858631818e-06, 6.7485893851e-06, 4.11880773754e-06, 3.75801255359e-06, 3.34636820298e-06, 1.86752947684e-06, 1.39527207921e-06, 1.17941158351e-06, 1.22848723549e-06, 8.9935070946e-07, 6.3119546212e-07, 5.42944292192e-07, 3.69331303318e-07, 2.56139884414e-07, 3.2849285958e-07, 3.07271363909e-07, 2.57895521827e-07, 2.04816657856e-07, 1.27970650965e-07, 1.11896660826e-07, 6.7629329692e-08, 5.62256445846e-08, 4.08721589906e-08, 2.07082244685e-08],
        "min": [2.06273256254e-07, 1.37688743962e-07, 2.81186096629e-08, 9.74327285519e-09, 5.99664273793e-09, 1.20150722704e-09, 6.44745784539e-11, 8.95105344012e-12, 2.03332680554e-11, 1.95188153834e-11, 1.21488036645e-11, 6.67239310678e-12, 1.78027243555e-12, 2.20614216999e-12, 2.08832278727e-12, 9.15034432773e-13, 7.16133099002e-13, 4.52505247899e-13, 5.65475346669e-13, 4.98831444901e-13, 4.14263865182e-13, 3.36458888094e-13, 4.35287575299e-13, 3.57310969007e-13, 6.07316605859e-13, 6.08224028868e-13, 2.15689296393e-13, 3.05593305652e-13, 1.79077090071e-13, 5.19607794291e-13, 4.6562851231e-13, 6.09268928711e-13, 1.16813980364e-12, 1.25194516212e-12, 2.13865072028e-13, 1.49770034699e-13, 1.64094798405e-13, 1.82793789328e-13, 1.21861545919e-13, 1.52011527823e-13],
        "var": [3.03749438899e-05, 0.00011622223974, 1.72814579855e-05, 1.55901363996e-06, 2.65609514827e-07, 6.52682729196e-07, 7.79020155051e-08, 1.26808828327e-07, 5.36120552397e-08, 3.03982048422e-08, 2.65521138409e-09, 4.94038232546e-09, 9.74233937967e-09, 2.82829404341e-08, 4.68629313133e-09, 4.6890846761e-09, 2.72361577736e-09, 3.31277094645e-09, 4.69512828616e-09, 2.35459896025e-09, 2.59915156064e-09, 4.22102769404e-10, 1.42464401387e-10, 2.69980232614e-10, 1.94434773837e-10, 8.00937857703e-11, 2.76591138881e-10, 4.52069659485e-10, 1.00392291702e-10, 3.24927931783e-11, 4.90192990366e-11, 1.94328147324e-11, 1.22325257562e-11, 9.76954541571e-12, 8.28149875065e-12, 4.56191421444e-12, 1.92199554883e-12, 1.43506896904e-12, 5.82166097014e-13, 1.3380339588e-13]
    },
    "mfcc": {
        "mean": [-689.731201172, 151.159759521, 22.7801322937, 32.285987854, 13.4345521927, 19.2920455933, 2.68605899811, 9.85873126984, 2.29121398926, 7.17870759964, 1.68954122066, 2.459867239, 2.6245341301],
        "cov": [[7407.32763672, -1537.21057129, -1219.82019043, -360.978118896, -265.752990723, 5.28092241287, -71.031288147, -218.031661987, -61.2381515503, -81.5710754395, -149.463119507, 47.0395545959, 10.2020750046], [-1537.21057129, 1791.30212402, -122.067497253, -79.2810211182, 224.676895142, 2.08333897591, -47.8551483154, 122.974235535, 15.9049491882, 51.0910377502, 80.7449035645, 3.26994776726, 3.17093873024], [-1219.82019043, -122.067497253, 1087.08105469, 308.204864502, -61.6911430359, 99.6797866821, 157.860397339, 57.9338989258, 63.1835899353, 28.4811592102, 27.1988430023, -0.364332854748, -4.48666524887], [-360.978118896, -79.2810211182, 308.204864502, 317.094360352, 75.595123291, 20.3232917786, 69.8312988281, 39.5168304443, 36.9425315857, 27.6706047058, 22.5320396423, 13.5971736908, 5.49981641769], [-265.752990723, 224.676895142, -61.6911430359, 75.595123291, 277.469146729, 77.4113616943, -11.2918949127, 42.7024765015, 45.2561340332, 20.364440918, -7.30332374573, 6.40997457504, 8.20892906189], [5.28092241287, 2.08333897591, 99.6797866821, 20.3232917786, 77.4113616943, 188.453689575, 88.3495483398, 5.35574388504, 3.49721479416, -11.4003973007, -12.4242277145, -11.1920595169, -4.3749499321], [-71.031288147, -47.8551483154, 157.860397339, 69.8312988281, -11.2918949127, 88.3495483398, 152.724990845, 30.7158432007, -15.8794822693, -1.69360101223, -5.50792312622, -2.39275407791, -4.52781438828], [-218.031661987, 122.974235535, 57.9338989258, 39.5168304443, 42.7024765015, 5.35574388504, 30.7158432007, 96.4801025391, 44.4312400818, 15.6062202454, 6.17388772964, 6.83849954605, 0.371972233057], [-61.2381515503, 15.9049491882, 63.1835899353, 36.9425315857, 45.2561340332, 3.49721479416, -15.8794822693, 44.4312400818, 119.90612793, 46.7300682068, 16.492351532, 12.7676811218, 6.72926139832], [-81.5710754395, 51.0910377502, 28.4811592102, 27.6706047058, 20.364440918, -11.4003973007, -1.69360101223, 15.6062202454, 46.7300682068, 95.8660583496, 46.3587188721, 13.5401544571, 3.65221476555], [-149.463119507, 80.7449035645, 27.1988430023, 22.5320396423, -7.30332374573, -12.4242277145, -5.50792312622, 6.17388772964, 16.492351532, 46.3587188721, 100.655723572, 28.6291790009, 3.06706953049], [47.0395545959, 3.26994776726, -0.364332854748, 13.5971736908, 6.40997457504, -11.1920595169, -2.39275407791, 6.83849954605, 12.7676811218, 13.5401544571, 28.6291790009, 70.1162796021, 25.4362010956], [10.2020750046, 3.17093873024, -4.48666524887, 5.49981641769, 8.20892906189, -4.3749499321, -4.52781438828, 0.371972233057, 6.72926139832, 3.65221476555, 3.06706953049, 25.4362010956, 57.2284698486]],
