{
"lowlevel": {
    "average_loudness": 0.959914326668,
    "barkbands_crest": {
        "dmean": 2.21989989281,
        "dmean2": 3.63747215271,
        "dvar": 3.93559193611,
        "dvar2": 11.4393873215,
        "max": 24.774225235,
        "mean": 10.2204084396,
        "median": 9.56849575043,
        "min": 3.59176921844,
        "var": 13.270195961
    },
    "barkbands_flatness_db": {
        "dmean": 0.0182518009096,
        "dmean2": 0.0283819530159,
        "dvar": 0.000287834438495,
        "dvar2": 0.000622491410468,
        "max": 0.394569426775,
        "mean": 0.177334234118,
        "median": 0.171577394009,
        "min": 0.0941848233342,
        "var": 0.00167592428625
    },
    "barkbands_kurtosis": {
        "dmean": 2.6532189846,
        "dmean2": 4.10914564133,
        "dvar": 20.7674331665,
        "dvar2": 56.0187530518,
        "max": 108.127960205,
        "mean": 4.48500728607,
        "median": 2.25044584274,
        "min": -1.91878783703,
        "var": 55.7312240601
    },
    "barkbands_skewness": {
        "dmean": 0.467407077551,
        "dmean2": 0.723062336445,
        "dvar": 0.21109290421,
        "dvar2": 0.522400200367,
        "max": 7.93253803253,
        "mean": 1.78314173222,
        "median": 1.66790866852,
        "min": -1.94092190266,
        "var": 1.02160990238
    },
    "barkbands_spread": {
        "dmean": 6.00608873367,
        "dmean2": 9.36027622223,
        "dvar": 50.6181182861,
        "dvar2": 114.48009491,
        "max": 97.0506515503,
        "mean": 25.4081897736,
        "median": 22.6364421844,
        "min": 1.20784461498,
        "var": 217.106140137
    },
    "dissonance": {
        "dmean": 0.018960757181,
        "dmean2": 0.032052885741,
        "dvar": 0.000319858983858,
        "dvar2": 0.000847838702612,
        "max": 0.499999940395,
        "mean": 0.461272954941,
        "median": 0.467140763998,
        "min": 0.249862581491,
        "var": 0.000714757945389
    },
    "dynamic_complexity": 1.98097884655,
    "erbbands_crest": {
        "dmean": 2.71781563759,
        "dmean2": 4.44883298874,
        "dvar": 5.78854608536,
        "dvar2": 14.8948583603,
        "max": 28.9354228973,
        "mean": 9.77889251709,
        "median": 8.59105014801,
        "min": 2.63635015488,
        "var": 21.6947784424
    },
    "erbbands_flatness_db": {
        "dmean": 0.012994999066,
        "dmean2": 0.0197459813207,
        "dvar": 0.000159197821631,
        "dvar2": 0.000332447467372,
        "max": 0.340675324202,
        "mean": 0.178507491946,
        "median": 0.172702252865,
        "min": 0.110678993165,
        "var": 0.00110899202991
    },
    "erbbands_kurtosis": {
        "dmean": 0.79775673151,
        "dmean2": 1.26328647137,
        "dvar": 1.87287569046,
        "dvar2": 4.45771837234,
        "max": 31.0515480042,
        "mean": 0.0572901703417,
        "median": -0.486125707626,
        "min": -1.87649917603,
        "var": 4.83684539795
    },
    "erbbands_skewness": {
        "dmean": 0.347332865,
        "dmean2": 0.545005619526,
        "dvar": 0.106089837849,
        "dvar2": 0.245007053018,
        "max": 5.18867921829,
        "mean": 0.262874394655,
        "median": 0.226014405489,
        "min": -3.24200344086,
        "var": 0.54363077879
    },
    "erbbands_spread": {
        "dmean": 9.43744659424,
        "dmean2": 14.4921255112,
        "dvar": 87.9740371704,
        "dvar2": 193.905731201,
        "max": 150.756744385,
        "mean": 51.9556388855,
        "median": 49.4176101685,
        "min": 4.777551651,
        "var": 504.59387207
    },
    "hfc": {
        "dmean": 6.32249498367,
        "dmean2": 9.28345966339,
        "dvar": 83.7131347656,
        "dvar2": 178.228546143,
        "max": 179.857406616,
        "mean": 26.0753479004,
        "median": 22.7435836792,
        "min": 0.000116257418995,
        "var": 367.863342285
    },
    "melbands_crest": {
        "dmean": 2.6352648735,
        "dmean2": 4.37914466858,
        "dvar": 5.94803571701,
        "dvar2": 16.9062385559,
        "max": 30.0286331177,
        "mean": 14.127913475,
        "median": 13.4877023697,
        "min": 5.70148801804,
        "var": 17.5491027832
    },
    "melbands_flatness_db": {
        "dmean": 0.021900171414,
        "dmean2": 0.0323472619057,
        "dvar": 0.000485617725644,
        "dvar2": 0.000943262362853,
        "max": 0.469187259674,
        "mean": 0.20751747489,
        "median": 0.20091176033,
        "min": 0.0643536001444,
        "var": 0.00318413297646
    },
    "melbands_kurtosis": {
        "dmean": 7.11934328079,
        "dmean2": 11.0307998657,
        "dvar": 93.7216033936,
        "dvar2": 228.45501709,
        "max": 203.31086731,
        "mean": 17.525478363,
        "median": 12.349609375,
        "min": -1.70044028759,
        "var": 295.383270264
    },
    "melbands_skewness": {
        "dmean": 0.679253518581,
        "dmean2": 1.06202542782,
        "dvar": 0.403674960136,
        "dvar2": 0.989811301231,
        "max": 10.9714584351,
        "mean": 3.26972317696,
        "median": 3.10232234001,
        "min": -0.506168425083,
        "var": 2.12235164642
    },
    "melbands_spread": {
        "dmean": 6.31165933609,
        "dmean2": 9.8412361145,
        "dvar": 78.3374710083,
        "dvar2": 156.038742065,
        "max": 250.86100769,
        "mean": 22.3844795227,
        "median": 18.6014842987,
        "min": 1.30901050568,
        "var": 286.824249268
    },
    "pitch_salience": {
        "dmean": 0.0569741278887,
        "dmean2": 0.094253487885,
        "dvar": 0.0023931376636,
        "dvar2": 0.00650930544361,
        "max": 0.780882656574,
        "mean": 0.535034060478,
        "median": 0.540091812611,
        "min": 0.238145515323,
        "var": 0.00950092449784
    },
    "silence_rate_20dB": {
        "dmean": 0,
        "dmean2": 0,
        "dvar": 0,
        "dvar2": 0,
        "max": 1,
        "mean": 1,
        "median": 1,
        "min": 1,
        "var": 0
    },
    "silence_rate_30dB": {
        "dmean": 0.000773993786424,
        "dmean2": 0.00154858687893,
        "dvar": 0.000773392966948,
        "dvar2": 0.00232047378086,
        "max": 1,
        "mean": 0.999613165855,
        "median": 1,
        "min": 0,
        "var": 0.000386715459172
    },
    "silence_rate_60dB": {
        "dmean": 0.0030959751457,
        "dmean2": 0.0061943475157,
        "dvar": 0.00308635691181,
        "dvar2": 0.00615582754835,
        "max": 1,
        "mean": 0.0274661500007,
        "median": 0,
        "min": 0,
        "var": 0.0267126765102
    },
    "spectral_centroid": {
        "dmean": 252.938690186,
        "dmean2": 398.679504395,
        "dvar": 75015.984375,
        "dvar2": 171897.484375,
        "max": 4887.71533203,
        "mean": 1264.50830078,
        "median": 1167.46435547,
        "min": 217.200637817,
        "var": 391586.78125
    },
    "spectral_complexity": {
        "dmean": 3.10990715027,
        "dmean2": 4.81068515778,
        "dvar": 10.5250844955,
        "dvar2": 21.8132820129,
        "max": 48,
        "mean": 18.8297863007,
        "median": 18,
        "min": 0,
        "var": 67.6504821777
    },
    "spectral_decrease": {
        "dmean": 2.02726457843e-09,
        "dmean2": 3.25519744493e-09,
        "dvar": 5.72103961036e-18,
        "dvar2": 1.52528200662e-17,
        "max": -6.6911205038e-14,
        "mean": -9.14287845433e-09,
        "median": -8.85336248757e-09,
        "min": -3.28512861358e-08,
        "var": 2.17987419678e-17
    },
    "spectral_energy": {
        "dmean": 0.0079284440726,
        "dmean2": 0.0126825226471,
        "dvar": 8.51069562486e-05,
        "dvar2": 0.000224939154577,
        "max": 0.12744063139,
        "mean": 0.0368724875152,
        "median": 0.036267478019,
        "min": 2.63082995389e-07,
        "var": 0.000337736477377
    },
    "spectral_energyband_high": {
        "dmean": 0.000683318183292,
        "dmean2": 0.00103240075987,
        "dvar": 1.50537289301e-06,
        "dvar2": 3.31761953021e-06,
        "max": 0.0223403424025,
        "mean": 0.00187637098134,
        "median": 0.00113231199794,
        "min": 1.66674174462e-09,
        "var": 5.84989356867e-06
    },
    "spectral_energyband_low": {
        "dmean": 0.00408555846661,
        "dmean2": 0.00663692364469,
        "dvar": 2.61930381384e-05,
        "dvar2": 7.46400255593e-05,
        "max": 0.100182212889,
        "mean": 0.012688674964,
        "median": 0.0107458336279,
        "min": 3.92054460008e-08,
        "var": 8.8352302555e-05
    },
    "spectral_energyband_middle_high": {
        "dmean": 0.00159682705998,
        "dmean2": 0.00240907608531,
        "dvar": 4.20256628786e-06,
        "dvar2": 1.06846700874e-05,
        "max": 0.0336851812899,
        "mean": 0.00506799016148,
        "median": 0.00407556956634,
        "min": 2.63356092489e-08,
        "var": 1.82846488315e-05
    },
    "spectral_energyband_middle_low": {
        "dmean": 0.00632416782901,
        "dmean2": 0.0100110257044,
        "dvar": 6.96064162184e-05,
        "dvar2": 0.000185378608876,
        "max": 0.0941649228334,
        "mean": 0.0191914774477,
        "median": 0.0165736712515,
        "min": 9.29114776227e-08,
        "var": 0.000201100701815
    },
    "spectral_entropy": {
        "dmean": 0.15381629765,
        "dmean2": 0.227981522679,
        "dvar": 0.0305162258446,
        "dvar2": 0.0552827231586,
        "max": 8.43981266022,
        "mean": 7.50260829926,
        "median": 7.56934690475,
        "min": 5.20715284348,
        "var": 0.192534863949
    },
    "spectral_flux": {
        "dmean": 0.0185312479734,
        "dmean2": 0.0289505217224,
        "dvar": 0.000343682040693,
        "dvar2": 0.000815502193291,
        "max": 0.2787322402,
        "mean": 0.0813072621822,
        "median": 0.0762742087245,
        "min": 0.000598169688601,
        "var": 0.00122881308198
    },
    "spectral_kurtosis": {
        "dmean": 1.27822065353,
        "dmean2": 2.11284828186,
        "dvar": 3.64821124077,
        "dvar2": 8.11948204041,
        "max": 38.2957038879,
        "mean": 1.93899619579,
        "median": 1.06454133987,
        "min": -1.33971107006,
        "var": 11.7596702576
    },
    "spectral_rms": {
        "dmean": 0.000626809021924,
        "dmean2": 0.000989652122371,
        "dvar": 4.00553687996e-07,
        "dvar2": 1.03468096313e-06,
        "max": 0.0111504402012,
        "mean": 0.00575978448614,
        "median": 0.00594835309312,
        "min": 1.60208091984e-05,
        "var": 2.79811843029e-06
    },
    "spectral_rolloff": {
        "dmean": 508.731872559,
        "dmean2": 881.636779785,
        "dvar": 856377.5625,
        "dvar2": 2055659.625,
        "max": 9151.61132812,
        "mean": 1371.93835449,
        "median": 882.861328125,
        "min": 129.19921875,
        "var": 2091742.375
    },
    "spectral_skewness": {
        "dmean": 0.202672287822,
        "dmean2": 0.313212633133,
        "dvar": 0.0546503439546,
        "dvar2": 0.104740783572,
        "max": 4.98326730728,
        "mean": 1.05328571796,
        "median": 0.959139227867,
        "min": -0.366501867771,
        "var": 0.323898345232
    },
    "spectral_spread": {
        "dmean": 403478.0625,
        "dmean2": 591735.5625,
        "dvar": 239352987648,
        "dvar2": 429100859392,
        "max": 11699674,
        "mean": 4819111.5,
        "median": 4792272,
        "min": 1551629.625,
        "var": 1.20530914509e+12
    },
    "spectral_strongpeak": {
        "dmean": 0.410101771355,
        "dmean2": 0.710055947304,
        "dvar": 0.605610728264,
        "dvar2": 1.69031095505,
        "max": 15.5969152451,
        "mean": 0.864295661449,
        "median": 0.633275687695,
        "min": 0.00056941434741,
        "var": 0.747541308403
    },
    "zerocrossingrate": {
        "dmean": 0.00960972998291,
        "dmean2": 0.0114333052188,
        "dvar": 0.000111663983262,
        "dvar2": 0.000127266554045,
        "max": 0.298828125,
        "mean": 0.0609388239682,
        "median": 0.0556640625,
        "min": 0.00830078125,
        "var": 0.000987000996247
    },
    "barkbands": {
        "dmean": [2.76399132417e-05, 0.0024070951622, 0.00181417365093, 0.00233262241818, 0.00422986596823, 0.00110400607809, 0.000432835426182, 0.000115036811621, 0.000760530703701, 0.000877698766999, 0.000178702277481, 0.000262023007963, 0.000261505658273, 0.000348263070919, 0.000428922678111, 0.00023624591995, 8.69135619723e-05, 5.37687992619e-05, 0.000150902124005, 0.000240252687945, 0.000101076628198, 0.000207476958167, 0.000221930080443, 0.000160634546774, 1.75416407728e-05, 1.41011264887e-08, 1.46688383662e-09],
        "dmean2": [4.28650419053e-05, 0.00409341230989, 0.00281806872226, 0.00389164802618, 0.00682655582204, 0.00171320536174, 0.000710308027919, 0.000186529214261, 0.00120413815603, 0.00137229578104, 0.000290562544251, 0.000417101226049, 0.000420986005338, 0.000553470628802, 0.000693078269251, 0.000380569195841, 0.000141007520142, 8.60463042045e-05, 0.000239956760197, 0.000389600550989, 0.000165972101968, 0.000333646486979, 0.000342816638295, 0.000245044997428, 2.67698123935e-05, 2.24521521375e-08, 2.6912791995e-09],
        "dvar": [7.38776317899e-10, 7.49340279071e-06, 9.88312149275e-06, 2.24121940846e-05, 3.88168627978e-05, 2.81826442006e-06, 8.74240413395e-07, 1.84101423883e-07, 2.59802254732e-06, 3.32493914357e-06, 1.77486896291e-07, 3.83775756063e-07, 2.2789468801e-07, 3.50349836253e-07, 6.33036222553e-07, 1.66528820955e-07, 2.21263540823e-08, 5.73037572948e-09, 1.06732528593e-07, 1.52325043246e-07, 2.27647642959e-08, 1.57590562821e-07, 1.84477997323e-07, 2.99843293305e-07, 5.35548760894e-09, 3.31234902178e-15, 4.10902258799e-18],
        "dvar2": [1.86049708972e-09, 2.37556760112e-05, 2.44714246946e-05, 5.84742047067e-05, 0.000101746685687, 6.73834483678e-06, 2.3341715405e-06, 5.55124699986e-07, 6.61607873553e-06, 8.60296040628e-06, 4.39364413296e-07, 9.3969106274e-07, 6.08936545632e-07, 8.56827057305e-07, 1.67628991221e-06, 4.36561322203e-07, 5.8870025299e-08, 1.44306016026e-08, 2.64041744913e-07, 3.94728658648e-07, 5.83732919779e-08, 3.8685774939e-07, 4.27438493489e-07, 6.84035853737e-07, 1.16626877045e-08, 6.38933426905e-15, 1.27573592604e-17],
        "max": [0.000609718612395, 0.0270658489317, 0.0431247316301, 0.0818707644939, 0.0924605280161, 0.0253256633878, 0.0162065196782, 0.0120646003634, 0.0285237897187, 0.0276938769966, 0.00825927127153, 0.0141264889389, 0.00697214668617, 0.00758513202891, 0.0110653229058, 0.006831320934, 0.00262392382137, 0.00102272653021, 0.00755933346227, 0.00889723934233, 0.00233864621259, 0.00676601333544, 0.00779147353023, 0.0118470229208, 0.00257348362356, 2.08593928619e-06, 1.92843252478e-08],
        "mean": [0.000175223409315, 0.00551886577159, 0.00519591150805, 0.00406579859555, 0.0102630686015, 0.00234883953817, 0.000685604463797, 0.000159502509632, 0.00133360014297, 0.00154306786135, 0.000296274665743, 0.000422389042797, 0.000445108540589, 0.000555061094929, 0.000764144817367, 0.000444475095719, 0.000177487672772, 0.000114323331218, 0.000311276147841, 0.000569572031964, 0.000242142981733, 0.000432237400673, 0.000471188337542, 0.000309319526423, 2.80122512777e-05, 1.95021883087e-08, 1.18898668688e-09],
        "median": [0.000177352092578, 0.0043142833747, 0.00254799681716, 0.00198315852322, 0.00689482316375, 0.00134852691554, 0.00026135193184, 5.09342935402e-05, 0.000321818661178, 0.00049807713367, 8.36666295072e-05, 0.000142845601658, 0.000210427388083, 0.00028492193087, 0.000267863535555, 0.00024448390468, 0.000112555673695, 7.94483057689e-05, 0.000151967178681, 0.000363964267308, 0.000141839816933, 0.000231571597396, 0.000258832238615, 0.000102401609183, 8.67541984917e-06, 6.4929057686e-09, 4.92831386811e-10],
        "min": [1.01173824874e-08, 2.88855765973e-08, 1.77903958232e-09, 2.47384179808e-09, 1.98316296718e-08, 1.01204484793e-08, 1.57171287096e-09, 6.70745681219e-11, 5.59629187435e-09, 1.68590461036e-10, 3.8867697949e-10, 2.08473141527e-10, 5.76997516433e-09, 3.62513929986e-09, 2.61729571349e-09, 4.76236494684e-10, 1.0723112398e-09, 3.02121383466e-10, 6.96984692183e-10, 7.31084914829e-10, 1.81215209505e-10, 2.00983993337e-10, 6.2848565241e-10, 1.05490297053e-10, 1.33795986443e-11, 4.55843912964e-12, 5.88295124421e-12],
        "var": [3.96849220152e-09, 1.77938836714e-05, 4.60988158011e-05, 3.57506796718e-05, 0.00012663306552, 8.49083426147e-06, 1.34101992444e-06, 2.53549728768e-07, 6.72161468174e-06, 8.46357670525e-06, 5.01575073031e-07, 7.90448495991e-07, 4.70267139008e-07, 6.20716491539e-07, 1.54251063123e-06, 3.96895018184e-07, 4.77949022581e-08, 1.41694851408e-08, 2.74624397889e-07, 5.57427654257e-07, 9.560333325e-08, 3.7063284708e-07, 4.13491818563e-07, 7.6288404216e-07, 9.29390253646e-09, 5.26930768509e-15, 3.40278984306e-18]
    },
    "erbbands": {
        "dmean": [0.0646513924003, 0.579082131386, 1.78255021572, 4.80973625183, 10.6587190628, 17.8778152466, 11.4390830994, 8.57878875732, 8.06335353851, 2.71196341515, 3.56984472275, 17.1298618317, 22.095615387, 22.3064365387, 7.22967720032, 10.3543395996, 12.7467212677, 13.8744344711, 24.4690818787, 13.908033371, 10.0340948105, 4.40337610245, 3.05285453796, 4.51999759674, 8.26463127136, 11.4545822144, 7.84198665619, 3.37965273857, 6.78817605972, 8.09538459778, 5.96645069122, 4.14895200729, 2.1648774147, 0.404077500105, 0.0204605851322, 0.000990887987427, 7.76920787757e-05, 1.47017271956e-05, 6.67776976115e-06, 9.67995765677e-06],
        "dmean2": [0.111369550228, 0.976095676422, 2.80484127998, 7.99847841263, 17.0495262146, 29.1332988739, 17.0703849792, 13.7243556976, 12.9716491699, 4.59758663177, 5.68324661255, 26.7334499359, 34.2812652588, 35.9218711853, 11.5324268341, 16.4451885223, 20.1753501892, 21.762386322, 39.526638031, 22.4636631012, 16.0316562653, 7.00773763657, 4.87176990509, 7.42885351181, 12.947479248, 18.4681186676, 13.1460390091, 5.33852434158, 10.8317489624, 12.588010788, 9.32094573975, 6.39775943756, 3.28532290459, 0.585772693157, 0.0302618090063, 0.00145893427543, 0.0001131529134, 2.14524388866e-05, 1.00557999758e-05, 1.52147431436e-05],
        "dvar": [0.005622245837, 0.435634851456, 8.07148361206, 85.9174957275, 300.368591309, 754.170410156, 293.575897217, 236.647659302, 250.611404419, 56.8337440491, 111.218086243, 1702.60351562, 1845.77734375, 3390.34106445, 258.591827393, 593.570922852, 519.984863281, 501.938659668, 2114.06005859, 486.670898438, 367.639770508, 56.9212646484, 21.1009922028, 70.2080383301, 353.050109863, 281.524139404, 233.639190674, 28.877866745, 192.084243774, 226.065444946, 135.472290039, 179.778427124, 77.2170410156, 1.99697673321, 0.0075424737297, 1.62269079738e-05, 6.60429577692e-08, 1.82395154535e-09, 1.48075759987e-10, 1.26680152479e-10],
        "dvar2": [0.0202439278364, 1.28742969036, 19.736125946, 233.671920776, 809.271972656, 1906.75842285, 661.888916016, 584.159667969, 646.702819824, 176.964157104, 316.722961426, 4189.49365234, 4676.83105469, 8877.01953125, 653.445556641, 1476.6574707, 1323.57373047, 1149.9185791, 5711.41064453, 1149.05273438, 982.096862793, 146.744018555, 53.4100112915, 177.228912354, 872.501647949, 708.035217285, 637.387329102, 72.4170532227, 478.828979492, 539.365722656, 309.341186523, 421.629455566, 188.030395508, 3.45803689957, 0.0135987205431, 2.9439213904e-05, 1.28730192728e-07, 3.76023256976e-09, 3.14310327765e-10, 3.14524628564e-10],
        "max": [0.619492590427, 6.90728521347, 39.865146637, 219.52305603, 231.159179688, 539.831054688, 210.76322937, 205.371078491, 278.924682617, 148.868591309, 260.796966553, 882.690734863, 661.392700195, 1136.9309082, 340.571258545, 500.075286865, 377.048553467, 307.171081543, 628.568054199, 303.215332031, 342.403167725, 143.407608032, 63.3309173584, 153.881240845, 503.695770264, 312.081512451, 372.207183838, 95.2352371216, 239.97479248, 265.177581787, 222.446777344, 387.867370605, 223.056274414, 48.8107948303, 2.89105343819, 0.127192527056, 0.00615935586393, 0.00103389145806, 0.00029172343784, 0.000177350302693],
        "mean": [0.158819645643, 1.25884473324, 5.43116664886, 10.111073494, 20.9613265991, 41.4354820251, 29.7811717987, 16.0415821075, 13.5330848694, 4.4288611412, 5.90662670135, 30.4897842407, 39.5236930847, 43.2112159729, 13.2544651031, 17.9341373444, 22.9719696045, 24.3674850464, 45.5338897705, 27.3148899078, 20.3136882782, 10.1193857193, 7.05428791046, 9.56863117218, 18.9345493317, 27.4924812317, 17.361371994, 8.63092708588, 13.2851772308, 18.2937431335, 12.534614563, 7.93757104874, 3.96755766869, 0.744583010674, 0.0377717725933, 0.00194702239241, 0.000179004127858, 3.59732985089e-05, 2.80127569567e-05, 4.6283701522e-05],
        "median": [0.149494558573, 0.919466078281, 3.28017997742, 6.6309299469, 12.479716301, 24.3313484192, 16.9354019165, 9.74120140076, 6.53434610367, 2.14139270782, 2.1618168354, 7.70290994644, 14.0763311386, 12.4621725082, 6.47881555557, 7.44698858261, 11.7636289597, 14.6395940781, 19.6347103119, 15.8337841034, 11.9076843262, 6.89916801453, 4.86328220367, 6.01888275146, 9.76047420502, 17.9970016479, 9.68375110626, 4.99599170685, 7.37079381943, 9.17943096161, 6.89480638504, 2.99519348145, 1.15972650051, 0.23347851634, 0.0117209842429, 0.000655201787595, 7.83180148574e-05, 1.78419995791e-05, 2.46035506279e-05, 4.57470523543e-05],
        "min": [1.28508031594e-06, 4.70150098408e-06, 3.42566204381e-06, 6.91664172336e-06, 1.67302132468e-05, 7.15935311746e-05, 4.95205676998e-05, 0.000109957960376, 3.2655087125e-05, 1.13319210868e-05, 2.64224090643e-05, 0.00015434861416, 1.76805151568e-05, 5.3999242482e-06, 1.79404469236e-05, 4.53323882539e-05, 0.000215288746404, 0.000171649633558, 0.000301780703012, 3.94111921196e-05, 3.65551313735e-05, 5.34069986315e-05, 2.33652535826e-05, 2.75649326795e-05, 4.66397141281e-05, 2.04738025786e-05, 8.39857511892e-06, 7.16982458471e-06, 1.06405059341e-05, 4.77167122881e-06, 1.56063651957e-05, 4.53492475572e-06, 9.64701143857e-07, 2.46623642397e-07, 5.07471220601e-08, 1.51913717161e-08, 1.00194554875e-08, 3.37254624228e-09, 1.12685827336e-09, 3.83451825847e-10],
        "var": [0.00661942735314, 1.23559582233, 39.1192512512, 149.643234253, 595.058654785, 2974.62109375, 1328.0958252, 454.680419922, 405.557525635, 70.0201873779, 169.321090698, 4505.28857422, 4683.28759766, 10059.4384766, 520.679260254, 1158.01733398, 1125.13012695, 937.605895996, 5191.78955078, 1196.16296387, 872.658325195, 142.607192993, 58.4687728882, 171.574401855, 926.073608398, 1135.87548828, 645.721313477, 136.993972778, 354.281951904, 666.689086914, 305.636016846, 385.981903076, 175.309326172, 5.50154876709, 0.0154031487182, 3.53859795723e-05, 1.80999109034e-07, 5.31165822437e-09, 5.3073284656e-10, 5.59633672736e-10]
    },
    "gfcc": {
        "mean": [-0.72757935524, 123.919242859, -133.843566895, 76.6991348267, -72.5937652588, 32.7261047363, -32.5869407654, -18.3936729431, -7.53007507324, -21.7802238464, 2.19674754143, -21.1465187073, 12.1751556396],
        "cov": [[3654.84008789, -842.893371582, -84.2995986938, 537.765991211, -274.868438721, 78.3626785278, -110.491912842, 89.8715362549, -314.61920166, -112.52746582, -94.1373214722, 94.2943725586, 34.447517395], [-842.893371582, 760.145324707, -17.7751750946, -285.02053833, 208.655014038, -151.484436035, 110.332771301, -103.987434387, 107.422142029, -59.2451667786, 15.127737999, -63.3903236389, -4.44483041763], [-84.2995986938, -17.7751750946, 407.131347656, 36.2681922913, -81.4658889771, 0.992367506027, -116.618553162, -70.7536697388, -81.8391189575, 27.7789573669, -0.333583205938, -43.1019477844, -27.8432865143], [537.765991211, -285.02053833, 36.2681922913, 272.542938232, -44.567527771, -20.7037563324, -46.0735931396, 31.864566803, -48.3084754944, 1.64013278484, -14.8003892899, 19.8085365295, -12.3813858032], [-274.868438721, 208.655014038, -81.4658889771, -44.567527771, 201.151473999, -11.9268760681, 14.2347335815, -25.7178611755, 54.5817909241, -28.2545833588, 2.56488180161, -6.8248500824, 1.3713696003], [78.3626785278, -151.484436035, 0.992367506027, -20.7037563324, -11.9268760681, 160.613204956, 3.7723710537, 0.208414018154, -39.9273414612, 13.3703699112, 6.89870595932, 15.0100450516, -0.578784525394], [-110.491912842, 110.332771301, -116.618553162, -46.0735931396, 14.2347335815, 3.7723710537, 177.723236084, 37.5316925049, 22.799249649, -32.180847168, -9.82825088501, -7.88709068298, 0.208303585649], [89.8715362549, -103.987434387, -70.7536697388, 31.864566803, -25.7178611755, 0.208414018154, 37.5316925049, 147.214157104, 46.5672836304, -5.32642412186, -28.5538234711, -10.0510559082, 3.05588173866], [-314.61920166, 107.422142029, -81.8391189575, -48.3084754944, 54.5817909241, -39.9273414612, 22.799249649, 46.5672836304, 165.761886597, 14.8623123169, -20.0293674469, -12.5935401917, -11.3924922943], [-112.52746582, -59.2451667786, 27.7789573669, 1.64013278484, -28.2545833588, 13.3703699112, -32.180847168, -5.32642412186, 14.8623123169, 77.7327270508, 37.608253479, 2.63847875595, -7.5079908371], [-94.1373214722, 15.127737999, -0.333583205938, -14.8003892899, 2.56488180161, 6.89870595932, -9.82825088501, -28.5538234711, -20.0293674469, 37.608253479, 94.5902099609, 37.2492752075, -12.9846715927], [94.2943725586, -63.3903236389, -43.1019477844, 19.8085365295, -6.8248500824, 15.0100450516, -7.88709068298, -10.0510559082, -12.5935401917, 2.63847875595, 37.2492752075, 81.6797027588, 30.8542556763], [34.447517395, -4.44483041763, -27.8432865143, -12.3813858032, 1.3713696003, -0.578784525394, 0.208303585649, 3.05588173866, -11.3924922943, -7.5079908371, -12.9846715927, 30.8542556763, 73.5259094238]],
        "icov": [[0.000626095978078, -0.000567587849218, 0.000774812826421, -0.00137748802081, 0.0011073530186, -0.000766875222325, 0.000903139472939, -0.000334674929036, 0.000963086611591, 0.000646913889796, 0.000648782181088, -0.000389093416743, 0.00021160414326], [-0.000567587849218, 0.0150024779141, -0.00495748640969, 0.0125630851835, -0.0107070440426, 0.013450759463, -0.00889499578625, 0.00708326790482, -0.00470243953168, 0.0065360404551, -0.00700983358547, 0.00652003707364, -0.00258771982044], [0.000774812826421, -0.00495748640969, 0.00645799702033, -0.00516445562243, 0.00576279498637, -0.00468064751476, 0.00575446290895, -0.000813169404864, 0.00334509043023, -0.00137482455466, 0.00251108570956, 0.000621946004685, 0.00134673796128], [-0.00137748802081, 0.0125630851835, -0.00516445562243, 0.0175054948777, -0.0106810042635, 0.01371359732, -0.00732964836061, 0.0036063559819, -0.00157011696137, 0.0014078138629, -0.00188546371646, 0.000541959539987, 0.00191508198623], [0.0011073530186, -0.0107070440426, 0.00576279498637, -0.0106810042635, 0.0163465645164, -0.0112337116152, 0.00817275047302, -0.00212402245961, -3.44248519468e-06, 0.0022567473352, 0.00084685703041, -0.000216339103645, -0.000640348531306], [-0.000766875222325, 0.013450759463, -0.00468064751476, 0.01371359732, -0.0112337116152, 0.0203507579863, -0.00879719480872, 0.00473368680105, -0.000150800100528, 0.000694665883202, -0.00198733177967, 0.000995771959424, 0.00118586898316], [0.000903139472939, -0.00889499578625, 0.00575446290895, -0.00732964836061, 0.00817275047302, -0.00879719480872, 0.0140635250136, -0.00521543622017, 0.00313138542697, 0.000931047892664, 0.00257506547496, -0.00143276201561, 0.00157550978474], [-0.000334674929036, 0.00708326790482, -0.000813169404864, 0.0036063559819, -0.00212402245961, 0.00473368680105, -0.00521543622017, 0.013779562898, -0.00657772365957, 0.00501009775326, -0.00416806992143, 0.00685311481357, -0.00371619174257], [0.000963086611591, -0.00470243953168, 0.00334509043023, -0.00157011696137, -3.44248519468e-06, -0.000150800100528, 0.00313138542697, -0.00657772365957, 0.0156413912773, -0.0100081721321, 0.0114599466324, -0.00841431505978, 0.00748662278056], [0.000646913889796, 0.0065360404551, -0.00137482455466, 0.0014078138629, 0.0022567473352, 0.000694665883202, 0.000931047892664, 0.00501009775326, -0.0100081721321, 0.0307292342186, -0.0193214900792, 0.0132587561384, -0.00782791245729], [0.000648782181088, -0.00700983358547, 0.00251108570956, -0.00188546371646, 0.00084685703041, -0.00198733177967, 0.00257506547496, -0.00416806992143, 0.0114599466324, -0.0193214900792, 0.0319678001106, -0.0219801552594, 0.0147120840847], [-0.000389093416743, 0.00652003707364, 0.000621946004685, 0.000541959539987, -0.000216339103645, 0.000995771959424, -0.00143276201561, 0.00685311481357, -0.00841431505978, 0.0132587561384, -0.0219801552594, 0.0332256667316, -0.0171399656683], [0.00021160414326, -0.00258771982044, 0.00134673796128, 0.00191508198623, -0.000640348531306, 0.00118586898316, 0.00157550978474, -0.00371619174257, 0.00748662278056, -0.00782791245729, 0.0147120840847, -0.0171399656683, 0.0245002377778]]
    },
    "melbands": {
        "dmean": [0.000636955199298, 0.000820691988338, 0.000933999428526, 0.00106265593786, 0.000450827559689, 0.00019133425667, 0.000114271322673, 2.68112853519e-05, 3.63098042726e-05, 0.000116566996439, 0.000114593953185, 0.000100408797152, 2.39701676037e-05, 3.04027198581e-05, 3.24072643707e-05, 2.29852466873e-05, 2.80724707409e-05, 4.01537108701e-05, 2.67943578365e-05, 1.79539601959e-05, 1.13117557703e-05, 4.67637664769e-06, 4.68908501716e-06, 2.16783291762e-06, 4.03036528951e-06, 6.4364762693e-06, 6.70120334689e-06, 8.86128509592e-06, 7.05770025888e-06, 1.96870632863e-06, 2.50238417721e-06, 3.9494379962e-06, 4.79550635646e-06, 4.80338485431e-06, 4.08847654398e-06, 2.74108151643e-06, 2.624191211e-06, 1.80677284334e-06, 8.3548246721e-07, 1.99021030767e-07],
        "dmean2": [0.00108808826189, 0.00131313537713, 0.00154483132064, 0.00172082183417, 0.000684410508256, 0.000304179207888, 0.000183945900062, 4.51280284324e-05, 5.70376869291e-05, 0.000182113028131, 0.000178112357389, 0.000161952033523, 3.83491023968e-05, 4.86394965264e-05, 5.17865992151e-05, 3.64097395504e-05, 4.38018250861e-05, 6.49658031762e-05, 4.3311065383e-05, 2.88119426841e-05, 1.81019622687e-05, 7.50135450289e-06, 7.64342894399e-06, 3.49024844581e-06, 6.71192174195e-06, 1.02464355223e-05, 1.07638416011e-05, 1.43444531204e-05, 1.19633932627e-05, 3.14991621053e-06, 4.03986950914e-06, 6.31406510365e-06, 7.88685156294e-06, 7.62304716773e-06, 6.55044641462e-06, 4.3113141146e-06, 4.12702320318e-06, 2.7927355859e-06, 1.26147278934e-06, 3.01913445355e-07],
        "dvar": [5.42037128071e-07, 1.28512522224e-06, 2.97856900033e-06, 2.65364087682e-06, 4.19684027975e-07, 1.05139122297e-07, 4.88257647646e-08, 6.2767249176e-09, 9.14815423414e-09, 7.09374816665e-08, 4.81606967639e-08, 6.74954847568e-08, 3.48856921129e-09, 5.99978955407e-09, 5.44748779419e-09, 1.31467425835e-09, 2.25072582793e-09, 5.61851143388e-09, 2.3056163645e-09, 9.86967396699e-10, 4.80025019733e-10, 7.51010365008e-11, 8.06735581116e-11, 1.03102621926e-11, 5.96541357978e-11, 1.7895508686e-10, 1.78346518109e-10, 1.75613426578e-10, 2.47387693664e-10, 1.06475739683e-11, 1.65989687273e-11, 6.91120632945e-11, 8.96288668284e-11, 7.90331480816e-11, 6.04682623417e-11, 5.97233859589e-11, 8.64053273375e-11, 5.54844468981e-11, 9.71916297443e-12, 7.89778290509e-13],
        "dvar2": [1.85129567853e-06, 3.23595304508e-06, 7.85598967923e-06, 7.12985956852e-06, 9.44432031247e-07, 2.56699422607e-07, 1.26255159216e-07, 1.96529068575e-08, 2.33035066799e-08, 1.78790855898e-07, 1.22711696804e-07, 1.77472784912e-07, 8.80038264484e-09, 1.50385446318e-08, 1.44109186806e-08, 3.18389026255e-09, 5.0556692166e-09, 1.4938203563e-08, 5.80667469663e-09, 2.48461340391e-09, 1.22401377922e-09, 1.95985630502e-10, 2.15690340588e-10, 2.57462124537e-11, 1.53470763875e-10, 4.35437935709e-10, 4.6887183025e-10, 4.40031761029e-10, 6.82425616017e-10, 2.50673787283e-11, 4.45140591054e-11, 1.7489468207e-10, 2.22524290661e-10, 1.90359297769e-10, 1.44998596463e-10, 1.44152134673e-10, 2.11062389788e-10, 1.33878103048e-10, 2.11039536541e-11, 1.36508729667e-12],
        "max": [0.00603986904025, 0.0148004414514, 0.0313738062978, 0.0189645830542, 0.0118613848463, 0.00458944961429, 0.00388413178734, 0.00143837649375, 0.00174199277535, 0.0056389295496, 0.00324349524453, 0.00489187333733, 0.00135882035829, 0.00167874596082, 0.0013027722016, 0.000649138761219, 0.000706698105205, 0.000868056842592, 0.000553670397494, 0.000524970644619, 0.000426265061833, 0.000173692562385, 0.000165535544511, 4.35362417193e-05, 0.00013526447583, 0.000286295689875, 0.000321902567521, 0.0002466578444, 0.000390137691284, 5.87239046581e-05, 7.2631140938e-05, 0.000117407449579, 0.000179742681212, 0.000152173117385, 0.000119974145491, 0.000250489916652, 0.000239164437517, 0.000195351647562, 0.000115146765893, 2.61227723968e-05],
        "mean": [0.00141870358493, 0.00246844673529, 0.00203634728678, 0.00237612472847, 0.00121968530584, 0.000369464396499, 0.00019199399685, 4.06376202591e-05, 5.93365293753e-05, 0.000204660464078, 0.00019738280389, 0.000187367942999, 4.13302404922e-05, 4.73148829769e-05, 5.38478161616e-05, 4.10666398238e-05, 4.4281114242e-05, 7.15453206794e-05, 4.88438090542e-05, 3.19047430821e-05, 2.1239522539e-05, 9.65313211054e-06, 9.24501364352e-06, 4.63051082988e-06, 7.5870711953e-06, 1.31228125611e-05, 1.41933169289e-05, 1.97571462195e-05, 1.37238557727e-05, 4.26738552051e-06, 5.50773938812e-06, 7.09013011146e-06, 9.36380001804e-06, 1.03007205325e-05, 7.93049912318e-06, 5.19301238455e-06, 4.64502454633e-06, 3.16499881592e-06, 1.47293712871e-06, 3.22573896483e-07],
        "median": [0.00122311292216, 0.00174998200964, 0.0014111000346, 0.00149931572378, 0.000779985857662, 0.000225899158977, 9.27220171434e-05, 1.76882513188e-05, 1.82038565981e-05, 4.699643614e-05, 6.38022247585e-05, 4.89726226078e-05, 1.53459204739e-05, 1.52725788212e-05, 2.11018268601e-05, 2.3266829885e-05, 2.22897524509e-05, 2.72440775007e-05, 1.98863963305e-05, 1.59249975695e-05, 1.16842438729e-05, 6.22839297648e-06, 4.86811859446e-06, 3.20022809319e-06, 4.54130076832e-06, 6.18334934188e-06, 7.8883349488e-06, 1.28070714709e-05, 6.92381536282e-06, 2.24963923756e-06, 3.11143139697e-06, 3.86571764466e-06, 4.51064397566e-06, 5.16038653586e-06, 4.33975765191e-06, 2.37365497924e-06, 1.48660353716e-06, 8.38794107949e-07, 4.60051012396e-07, 9.79670744528e-08],
        "min": [1.02014929837e-08, 3.29513372144e-09, 1.21701071443e-09, 1.73524594693e-09, 2.6671342912e-09, 2.23730078908e-09, 4.83120765615e-10, 3.57366081172e-11, 3.88427373599e-10, 8.84177231431e-10, 4.40969830096e-11, 1.58040490417e-11, 6.08073591479e-11, 3.35275869567e-11, 5.07441311193e-11, 7.48857809096e-10, 2.22686161178e-10, 5.96039773093e-10, 6.74995753736e-11, 4.52165492548e-11, 4.66441225921e-11, 7.08364131241e-11, 3.47245635024e-11, 8.02533213495e-12, 1.55544119251e-11, 2.93584601074e-11, 4.49684942061e-11, 5.30652865399e-12, 5.20960184713e-12, 3.29801962649e-12, 3.6011710107e-12, 7.23062798871e-12, 1.93016306063e-12, 1.80092301749e-12, 1.10939321965e-11, 3.84914756318e-12, 2.21075523339e-12, 6.83557106317e-13, 2.64710155922e-13, 1.75955983724e-13],
        "var": [8.55085886542e-07, 5.74830301048e-06, 5.20705043527e-06, 7.28573377273e-06, 2.07839843824e-06, 2.19004760993e-07, 7.88900038629e-08, 8.03256128279e-09, 1.70029412772e-08, 1.87727792422e-07, 1.19963516454e-07, 1.93020227357e-07, 7.42205319426e-09, 1.19151177813e-08, 1.00276826842e-08, 3.09893555261e-09, 4.11124867483e-09, 1.35926692124e-08, 5.63742830195e-09, 2.38692532406e-09, 1.12289899601e-09, 1.5926678032e-10, 2.08924474943e-10, 2.54500222979e-11, 1.2682857542e-10, 4.95380514387e-10, 4.42136105505e-10, 6.16593998082e-10, 5.14328468704e-10, 4.08332777313e-11, 5.70961125601e-11, 1.06573076752e-10, 2.01914568398e-10, 2.08949482716e-10, 1.19356913242e-10, 1.04533180723e-10, 1.81206341598e-10, 1.26737467743e-10, 2.31076442703e-11, 1.46588817473e-12]
    },
    "mfcc": {
        "mean": [-619.726867676, 108.122375488, 17.8694496155, 31.360666275, 5.90117883682, 30.1444034576, -2.24502420425, 5.28946876526, -8.22709369659, 12.4994649887, -15.7163152695, -11.9239320755, -4.21119832993],
        "cov": [[3923.71972656, -1116.94189453, 14.2477445602, 313.146911621, -107.412506104, -51.0314331055, 86.7069320679, 134.957580566, -12.4016571045, -192.482391357, -212.686462402, -20.9678897858, -13.7660179138], [-1116.94189453, 1024.3380127, -185.854644775, -97.4950027466, 21.0509204865, 4.97717237473, -31.1762199402, -18.218711853, -4.35638570786, 29.8486118317, 51.5917663574, -28.621099472, -7.55688619614], [14.2477445602, -185.854644775, 446.260650635, -12.309753418, -7.93199825287, 2.85724520683, 22.1978664398, -115.911003113, -67.4585342407, -47.8953399658, 2.42535471916, 14.583770752, -22.3670558929], [313.146911621, -97.4950027466, -12.309753418, 228.613174438, 2.52527856827, -43.6571464539, -24.1995277405, 13.9246234894, 14.1820573807, -18.3944187164, -22.8526153564, 11.5008926392, 17.3945922852], [-107.412506104, 21.0509204865, -7.93199825287, 2.52527856827, 177.565979004, 18.8584041595, -36.3461341858, -26.70561409, -7.79218578339, -10.3735303879, -1.15604889393, 4.79752635956, 19.3434104919], [-51.0314331055, 4.97717237473, 2.85724520683, -43.6571464539, 18.8584041595, 126.877693176, 27.394651413, -13.8569793701, -34.0666923523, -19.9694633484, -0.266551434994, -8.8926525116, -4.69853830338], [86.7069320679, -31.1762199402, 22.1978664398, -24.1995277405, -36.3461341858, 27.394651413, 138.618438721, 10.0831222534, -27.2669639587, -40.9853439331, -10.1811275482, 3.13850927353, -15.3535356522], [134.957580566, -18.218711853, -115.911003113, 13.9246234894, -26.70561409, -13.8569793701, 10.0831222534, 130.903717041, 56.5887794495, 22.5921611786, -11.5190668106, -10.2575502396, -2.9220495224], [-12.4016571045, -4.35638570786, -67.4585342407, 14.1820573807, -7.79218578339, -34.0666923523, -27.2669639587, 56.5887794495, 135.054367065, 44.2439956665, -8.89773273468, -17.3171520233, -9.07596969604], [-192.482391357, 29.8486118317, -47.8953399658, -18.3944187164, -10.3735303879, -19.9694633484, -40.9853439331, 22.5921611786, 44.2439956665, 122.176841736, 34.770324707, -3.30962204933, -9.45614147186], [-212.686462402, 51.5917663574, 2.42535471916, -22.8526153564, -1.15604889393, -0.266551434994, -10.1811275482, -11.5190668106, -8.89773273468, 34.770324707, 77.6853942871, 19.6310482025, -5.01271057129], [-20.9678897858, -28.621099472, 14.583770752, 11.5008926392, 4.79752635956, -8.8926525116, 3.13850927353, -10.2575502396, -17.3171520233, -3.30962204933, 19.6310482025, 70.5752258301, 27.1940937042], [-13.7660179138, -7.55688619614, -22.3670558929, 17.3945922852, 19.3434104919, -4.69853830338, -15.3535356522, -2.9220495224, -9.07596969604, -9.45614147186, -5.01271057129, 27.1940937042, 74.4640808105]],
