{
"lowlevel": {
    "average_loudness": 0.956556499004,
    "barkbands_crest": {
        "dmean": 2.58463382721,
        "dmean2": 4.20834684372,
        "dvar": 6.7492184639,
        "dvar2": 17.5199737549,
        "max": 20.5751266479,
        "mean": 8.31950759888,
        "median": 7.73816108704,
        "min": 2.46871519089,
        "var": 11.5483255386
    },
    "barkbands_flatness_db": {
        "dmean": 0.0205440390855,
        "dmean2": 0.0333808027208,
        "dvar": 0.000394379429054,
        "dvar2": 0.000987947802059,
        "max": 0.290450364351,
        "mean": 0.140609622002,
        "median": 0.134919941425,
        "min": 0.0549736879766,
        "var": 0.00110500038136
    },
    "barkbands_kurtosis": {
        "dmean": 1.22947919369,
        "dmean2": 2.06640863419,
        "dvar": 5.37561559677,
        "dvar2": 14.2203168869,
        "max": 30.4751625061,
        "mean": 0.0469467230141,
        "median": -0.572668790817,
        "min": -1.77971541882,
        "var": 5.22722768784
    },
    "barkbands_skewness": {
        "dmean": 0.489551305771,
        "dmean2": 0.754506409168,
        "dvar": 0.30025729537,
        "dvar2": 0.695735454559,
        "max": 5.18590164185,
        "mean": 0.563859701157,
        "median": 0.477511703968,
        "min": -1.95085000992,
        "var": 0.72523611784
    },
    "barkbands_spread": {
        "dmean": 5.84464502335,
        "dmean2": 9.34677791595,
        "dvar": 27.9291725159,
        "dvar2": 70.8585205078,
        "max": 71.396232605,
        "mean": 30.5315818787,
        "median": 31.0161151886,
        "min": 4.51342582703,
        "var": 90.7336959839
    },
    "dissonance": {
        "dmean": 0.0120925176889,
        "dmean2": 0.0205248463899,
        "dvar": 0.000132929577376,
        "dvar2": 0.000359491212294,
        "max": 0.499764025211,
        "mean": 0.48098051548,
        "median": 0.484594851732,
        "min": 0.372728198767,
        "var": 0.000220211892156
    },
    "dynamic_complexity": 1.61978197098,
    "erbbands_crest": {
        "dmean": 2.35285162926,
        "dmean2": 3.86204361916,
        "dvar": 4.78159475327,
        "dvar2": 12.4019498825,
        "max": 26.7464065552,
        "mean": 7.91753530502,
        "median": 7.14347410202,
        "min": 2.35770177841,
        "var": 10.7215394974
    },
    "erbbands_flatness_db": {
        "dmean": 0.015767056495,
        "dmean2": 0.0224440209568,
        "dvar": 0.00021452519286,
        "dvar2": 0.000399425713113,
        "max": 0.297612458467,
        "mean": 0.191861823201,
        "median": 0.188266888261,
        "min": 0.120751813054,
        "var": 0.00102076213807
    },
    "erbbands_kurtosis": {
        "dmean": 0.802620708942,
        "dmean2": 1.28464353085,
        "dvar": 0.964750230312,
        "dvar2": 2.49461627007,
        "max": 24.7614555359,
        "mean": 0.62992143631,
        "median": 0.351684570312,
        "min": -1.50272595882,
        "var": 1.92180490494
    },
    "erbbands_skewness": {
        "dmean": 0.302459418774,
        "dmean2": 0.463726013899,
        "dvar": 0.0600031018257,
        "dvar2": 0.146702036262,
        "max": 1.89376485348,
        "mean": -0.265438616276,
        "median": -0.300446093082,
        "min": -2.41415572166,
        "var": 0.303873240948
    },
    "erbbands_spread": {
        "dmean": 6.36705207825,
        "dmean2": 9.74293231964,
        "dvar": 45.9665336609,
        "dvar2": 104.476158142,
        "max": 81.7772445679,
        "mean": 28.4648265839,
        "median": 26.2928962708,
        "min": 4.54969167709,
        "var": 125.943283081
    },
    "hfc": {
        "dmean": 5.67445516586,
        "dmean2": 8.39955234528,
        "dvar": 32.0311851501,
        "dvar2": 63.7991447449,
        "max": 79.1502914429,
        "mean": 32.8494377136,
        "median": 33.4496803284,
        "min": 0.000713935587555,
        "var": 197.511352539
    },
    "melbands_crest": {
        "dmean": 4.12251663208,
        "dmean2": 6.75750923157,
        "dvar": 16.0039787292,
        "dvar2": 39.1295318604,
        "max": 30.4459190369,
        "mean": 13.7381267548,
        "median": 13.1329212189,
        "min": 2.83326768875,
        "var": 33.6996994019
    },
    "melbands_flatness_db": {
        "dmean": 0.0271061845124,
        "dmean2": 0.0418253093958,
        "dvar": 0.000772523228079,
        "dvar2": 0.00168705231044,
        "max": 0.367682397366,
        "mean": 0.152155816555,
        "median": 0.145646810532,
        "min": 0.0301021393389,
        "var": 0.0030451095663
    },
    "melbands_kurtosis": {
        "dmean": 4.09493970871,
        "dmean2": 6.79821968079,
        "dvar": 62.4847755432,
        "dvar2": 162.652267456,
        "max": 85.9665603638,
        "mean": 4.18868732452,
        "median": 1.73208475113,
        "min": -1.61058306694,
        "var": 62.1544303894
    },
    "melbands_skewness": {
        "dmean": 0.719043731689,
        "dmean2": 1.12445366383,
        "dvar": 0.755439758301,
        "dvar2": 1.7561198473,
        "max": 8.45831394196,
        "mean": 1.66845452785,
        "median": 1.49072372913,
        "min": -0.963196694851,
        "var": 1.51877057552
    },
    "melbands_spread": {
        "dmean": 9.94812297821,
        "dmean2": 15.4316940308,
        "dvar": 90.8370895386,
        "dvar2": 201.781173706,
        "max": 121.273757935,
        "mean": 39.8105583191,
        "median": 38.6162033081,
        "min": 2.84588956833,
        "var": 307.891052246
    },
    "pitch_salience": {
        "dmean": 0.0795679539442,
        "dmean2": 0.131244555116,
        "dvar": 0.00604517199099,
        "dvar2": 0.0155863212422,
        "max": 0.822239458561,
        "mean": 0.536795318127,
        "median": 0.532861590385,
        "min": 0.195098623633,
        "var": 0.0117282476276
    },
    "silence_rate_20dB": {
        "dmean": 0,
        "dmean2": 0,
        "dvar": 0,
        "dvar2": 0,
        "max": 1,
        "mean": 1,
        "median": 1,
        "min": 1,
        "var": 0
    },
    "silence_rate_30dB": {
        "dmean": 0.00619674660265,
        "dmean2": 0.0123982951045,
        "dvar": 0.0061582759954,
        "dvar2": 0.0184437576681,
        "max": 1,
        "mean": 0.996902823448,
        "median": 1,
        "min": 0,
        "var": 0.0030875352677
    },
    "silence_rate_60dB": {
        "dmean": 0.00387296662666,
        "dmean2": 0.00774893444031,
        "dvar": 0.00385803799145,
        "dvar2": 0.00768868252635,
        "max": 1,
        "mean": 0.0166473090649,
        "median": 0,
        "min": 0,
        "var": 0.0163707640022
    },
    "spectral_centroid": {
        "dmean": 238.658721924,
        "dmean2": 361.860443115,
        "dvar": 49651.0742188,
        "dvar2": 108197.046875,
        "max": 3671.28222656,
        "mean": 1941.62194824,
        "median": 1965.71899414,
        "min": 462.595825195,
        "var": 221487.578125
    },
    "spectral_complexity": {
        "dmean": 4.45391178131,
        "dmean2": 6.61332798004,
        "dvar": 16.2432441711,
        "dvar2": 29.8700714111,
        "max": 56,
        "mean": 31.7042198181,
        "median": 32,
        "min": 0,
        "var": 88.5952453613
    },
    "spectral_decrease": {
        "dmean": 3.14645109967e-09,
        "dmean2": 4.91121809887e-09,
        "dvar": 2.29196461441e-17,
        "dvar2": 5.38837395505e-17,
        "max": -2.57663139956e-13,
        "mean": -8.78849704122e-09,
        "median": -7.62510232732e-09,
        "min": -3.64504622041e-08,
        "var": 3.65668755541e-17
    },
    "spectral_energy": {
        "dmean": 0.0121511770412,
        "dmean2": 0.0188735518605,
        "dvar": 0.000329122762196,
        "dvar2": 0.000768280762713,
        "max": 0.140995070338,
        "mean": 0.0361493900418,
        "median": 0.0319034419954,
        "min": 1.03723164102e-06,
        "var": 0.000551156117581
    },
    "spectral_energyband_high": {
        "dmean": 0.000368024571799,
        "dmean2": 0.000536801468115,
        "dvar": 2.36565497858e-07,
        "dvar2": 4.57502380868e-07,
        "max": 0.00632979162037,
        "mean": 0.00111246842425,
        "median": 0.000835419807117,
        "min": 2.26516370105e-08,
        "var": 9.15900045584e-07
    },
    "spectral_energyband_low": {
        "dmean": 0.0106688775122,
        "dmean2": 0.0173809807748,
        "dvar": 0.000351097434759,
        "dvar2": 0.000861565873493,
        "max": 0.124943628907,
        "mean": 0.0164631064981,
        "median": 0.0113131469116,
        "min": 5.19341313066e-07,
        "var": 0.000405284721637
    },
    "spectral_energyband_middle_high": {
        "dmean": 0.00273733958602,
        "dmean2": 0.00423655100167,
        "dvar": 7.22119011698e-06,
        "dvar2": 1.73115022335e-05,
        "max": 0.0353236347437,
        "mean": 0.0120389247313,
        "median": 0.0115303825587,
        "min": 3.48261266936e-07,
        "var": 3.58630604751e-05
    },
    "spectral_energyband_middle_low": {
        "dmean": 0.00334442569874,
        "dmean2": 0.00553567288443,
        "dvar": 1.9578355932e-05,
        "dvar2": 5.45414732187e-05,
        "max": 0.0450665988028,
        "mean": 0.00755631923676,
        "median": 0.00615985644981,
        "min": 1.82461818099e-07,
        "var": 3.34668038704e-05
    },
    "spectral_entropy": {
        "dmean": 0.107744082808,
        "dmean2": 0.15412594378,
        "dvar": 0.0103236986324,
        "dvar2": 0.0196314435452,
        "max": 8.44467830658,
        "mean": 7.77340173721,
        "median": 7.79487609863,
        "min": 6.67929029465,
        "var": 0.0527617558837
    },
    "spectral_flux": {
        "dmean": 0.027615364641,
        "dmean2": 0.0428643226624,
        "dvar": 0.00123586109839,
        "dvar2": 0.00296040764078,
        "max": 0.337465047836,
        "mean": 0.105414569378,
        "median": 0.0972755476832,
        "min": 0.00101844570599,
        "var": 0.00232185516506
    },
    "spectral_kurtosis": {
        "dmean": 1.66574501991,
        "dmean2": 2.85415387154,
        "dvar": 4.06626081467,
        "dvar2": 11.5745944977,
        "max": 27.8059234619,
        "mean": 3.28714156151,
        "median": 2.68982076645,
        "min": -0.770910739899,
        "var": 6.0889134407
    },
    "spectral_rms": {
        "dmean": 0.000896844256204,
        "dmean2": 0.00134484341834,
        "dvar": 1.23007180264e-06,
        "dvar2": 2.63191918748e-06,
        "max": 0.0117284338921,
        "mean": 0.00564946047962,
        "median": 0.00557900639251,
        "min": 3.18108977808e-05,
        "var": 3.3512783375e-06
    },
    "spectral_rolloff": {
        "dmean": 483.730926514,
        "dmean2": 758.218444824,
        "dvar": 374975.0625,
        "dvar2": 743610.75,
        "max": 7773.48632812,
        "mean": 2096.96728516,
        "median": 2067.1875,
        "min": 107.666015625,
        "var": 1131457.625
    },
    "spectral_skewness": {
        "dmean": 0.199140295386,
        "dmean2": 0.332969844341,
        "dvar": 0.0386655665934,
        "dvar2": 0.105883322656,
        "max": 2.94665241241,
        "mean": 1.14702546597,
        "median": 1.12585878372,
        "min": 0.201176598668,
        "var": 0.0880054607987
    },
    "spectral_spread": {
        "dmean": 336385.375,
        "dmean2": 482221.1875,
        "dvar": 138805297152,
        "dvar2": 246625730560,
        "max": 9137380,
        "mean": 3470593.25,
        "median": 3446542.75,
        "min": 1397951.625,
        "var": 653380943872
    },
    "spectral_strongpeak": {
        "dmean": 0.741148471832,
        "dmean2": 1.28626406193,
        "dvar": 1.54659700394,
        "dvar2": 4.02211761475,
        "max": 13.2058477402,
        "mean": 1.12221348286,
        "median": 0.450739383698,
        "min": 0,
        "var": 2.47979998589
    },
    "zerocrossingrate": {
        "dmean": 0.00953150726855,
        "dmean2": 0.011058122851,
        "dvar": 9.11029128474e-05,
        "dvar2": 0.000103545920865,
        "max": 0.22705078125,
        "mean": 0.0737055167556,
        "median": 0.07080078125,
        "min": 0.0126953125,
        "var": 0.000791483966168
    },
    "barkbands": {
        "dmean": [7.01017997926e-05, 0.00400434294716, 0.00728902732953, 0.00122282549273, 0.000792824605014, 0.000585936533753, 0.000468682264909, 0.000763313961215, 0.00124342367053, 0.000744524644688, 0.000959460274316, 0.00067704252433, 0.000666942331009, 0.000601757084951, 0.000709866872057, 0.000672089168802, 0.000758337031584, 0.00027729786234, 0.000288165931124, 0.000205982272746, 0.000135067719384, 0.000102838246676, 7.96661479399e-05, 4.93946135975e-05, 1.33209487103e-05, 1.13847429262e-08, 1.49153944751e-09],
        "dmean2": [0.000113057918497, 0.0067180194892, 0.0120953582227, 0.00223438674584, 0.00130700692534, 0.000930348818656, 0.000771072984207, 0.00126769463532, 0.00202077324502, 0.00118777318858, 0.00158746924717, 0.00110477325507, 0.00109149306081, 0.000965741171967, 0.00113327102736, 0.00107112701517, 0.0011933214264, 0.000440309930127, 0.000453256128822, 0.000322829873767, 0.000212930564885, 0.000153430737555, 0.000120429671369, 7.40927935112e-05, 2.02150131372e-05, 1.84063857489e-08, 2.77402856241e-09],
        "dvar": [2.27333245562e-08, 3.27242487401e-05, 0.000220670888666, 6.1064597503e-06, 1.95657275981e-06, 1.05844208065e-06, 1.04492630726e-06, 2.242848268e-06, 4.63905280412e-06, 1.44890077536e-06, 3.53461382474e-06, 1.08895574158e-06, 9.5579025583e-07, 7.40178563774e-07, 1.12103521133e-06, 1.00370300515e-06, 9.09560014861e-07, 9.52392227305e-08, 1.34901227966e-07, 6.03716898695e-08, 2.91956006038e-08, 2.54748773187e-08, 2.23082938788e-08, 8.59410231868e-09, 5.03900199345e-10, 3.68879539807e-16, 4.25704324988e-18],
        "dvar2": [5.44098988087e-08, 8.74676188687e-05, 0.000547694100533, 1.82316380233e-05, 5.13984105055e-06, 2.57278497884e-06, 2.65373137154e-06, 5.96497466177e-06, 1.23528807308e-05, 3.26127201333e-06, 9.67601954471e-06, 2.78677612187e-06, 2.4201776796e-06, 1.79584037596e-06, 2.58733598457e-06, 2.36567757383e-06, 2.18916511585e-06, 2.21424713231e-07, 3.10251323299e-07, 1.45986533084e-07, 6.74806202028e-08, 5.37791216004e-08, 4.92544884878e-08, 1.92565625667e-08, 1.15583731475e-09, 9.06585186798e-16, 1.36018031323e-17],
        "max": [0.00250413967296, 0.0605233497918, 0.094712652266, 0.0179675742984, 0.0167512502521, 0.0231181513518, 0.0202787853777, 0.0263677444309, 0.0311400126666, 0.0251026060432, 0.0274582114071, 0.0166717134416, 0.0135909132659, 0.0118010155857, 0.0178508479148, 0.015403073281, 0.0128104714677, 0.00349459447898, 0.00445071328431, 0.00505184568465, 0.00207530637272, 0.00232055992819, 0.00286696199328, 0.00168555043638, 0.000452886393759, 4.25411457172e-07, 1.83904944606e-08],
        "mean": [8.55583057273e-05, 0.00747004570439, 0.00809640809894, 0.00138200353831, 0.0011374768801, 0.000948232132941, 0.000665071653202, 0.00112002796959, 0.0019265182782, 0.00125487486366, 0.00155472836923, 0.001171952812, 0.00117308087647, 0.00110098777805, 0.0014266531216, 0.00134820654057, 0.00161204591859, 0.000605977897067, 0.000670835608616, 0.000534704828169, 0.000310400559101, 0.000237035055761, 0.000180399219971, 0.000108476007881, 2.77076851489e-05, 1.95796143743e-08, 1.21100962591e-09],
        "median": [2.71190183412e-05, 0.00565843842924, 0.0028668246232, 0.000669096945785, 0.000649339461233, 0.000532532401849, 0.000350553396856, 0.000597979815211, 0.000976819079369, 0.000766053970437, 0.000799283967353, 0.000727430393454, 0.000703012687154, 0.000665468745865, 0.00085925986059, 0.000903921667486, 0.00121940928511, 0.000482014351292, 0.000503323506564, 0.000396406219807, 0.000249541859375, 0.000141803058796, 0.000107877829578, 6.66775085847e-05, 1.80109091161e-05, 1.15885248064e-08, 5.12518971707e-10],
        "min": [5.05449415655e-09, 2.12274954947e-07, 2.66950223704e-07, 5.75799532498e-08, 4.9214197162e-08, 1.00803525527e-08, 5.28392840593e-09, 2.12831263724e-08, 3.85125709101e-08, 7.94044474617e-09, 1.99753500851e-07, 4.59436133582e-09, 7.24113817796e-08, 1.16520650906e-08, 2.06410888381e-09, 1.80263590721e-08, 1.14542864083e-08, 4.80054707097e-09, 7.92362353508e-09, 1.19134773158e-08, 5.57420420932e-09, 6.05880812188e-09, 4.40421477066e-09, 2.10624540031e-09, 3.04653441363e-10, 8.73318865141e-12, 9.31627344714e-12],
        "var": [3.07582617154e-08, 5.65336740692e-05, 0.00021428753098, 4.69673841508e-06, 2.26138013204e-06, 1.99243072529e-06, 1.43006582221e-06, 3.11453209179e-06, 8.58353087096e-06, 3.47710920323e-06, 6.59259285385e-06, 2.10433358916e-06, 2.2161252673e-06, 1.82142969152e-06, 2.72741431218e-06, 2.28827389037e-06, 2.15930754166e-06, 2.3313583597e-07, 3.7557205701e-07, 2.48968234473e-07, 6.31202894397e-08, 7.39804022487e-08, 5.74052982927e-08, 1.99111518384e-08, 1.11588860374e-09, 6.59904046267e-16, 3.52046993368e-18]
    },
    "erbbands": {
        "dmean": [0.0435616970062, 1.23289620876, 7.93043661118, 4.77171516418, 2.8406188488, 2.67144036293, 4.97033214569, 4.25900840759, 4.84850120544, 11.1408824921, 17.8878974915, 30.382982254, 20.6731891632, 24.9171962738, 36.1455383301, 28.4770069122, 30.5780982971, 26.3068122864, 32.7013816833, 34.9627723694, 36.9556083679, 32.7484130859, 15.0144329071, 12.1070871353, 15.0415372849, 9.58875179291, 5.95919847488, 5.32470798492, 3.93953895569, 3.05500817299, 2.16077876091, 1.29554653168, 0.733154892921, 0.269193887711, 0.0228263810277, 0.000985424150713, 4.99249435961e-05, 7.45671832192e-06, 6.3284855969e-06, 1.35694663186e-05],
        "dmean2": [0.0706822127104, 2.07392811775, 13.3900585175, 7.70292806625, 4.83597946167, 4.50013637543, 8.00118923187, 6.7924785614, 8.0154542923, 18.4687919617, 29.4576320648, 49.8079872131, 32.4869194031, 40.363407135, 59.2131080627, 46.076335907, 49.4272880554, 42.1935462952, 52.4899978638, 55.844833374, 57.2192840576, 51.4577026367, 23.7767505646, 19.3797988892, 23.9725837708, 14.9945898056, 9.44672489166, 8.32922935486, 5.98544931412, 4.61043739319, 3.20575928688, 1.9755641222, 1.08986639977, 0.403132587671, 0.0344819203019, 0.00147675466724, 7.23957855371e-05, 1.06699208118e-05, 9.22543313209e-06, 2.07661087188e-05],
        "dvar": [0.00332440203056, 3.36459708214, 246.986663818, 80.0846633911, 29.8719978333, 22.7156066895, 93.0008163452, 48.0716972351, 98.1360473633, 764.919372559, 1220.25769043, 3312.29663086, 1676.52172852, 1363.37182617, 4745.60400391, 2060.27612305, 2084.8918457, 1511.48132324, 2054.85180664, 2104.29418945, 3210.79052734, 1656.76062012, 257.012664795, 247.113983154, 436.710723877, 139.018722534, 50.086479187, 51.5950813293, 40.7366638184, 21.8568191528, 18.5856571198, 7.32632303238, 1.52817678452, 0.211111202836, 0.0012813055655, 2.40147051045e-06, 6.30980512284e-09, 1.33129229862e-10, 6.67856742131e-11, 3.78895775865e-10],
        "dvar2": [0.0086908088997, 8.88474941254, 630.437194824, 186.218795776, 80.2076950073, 60.2511749268, 213.702178955, 115.125617981, 260.964294434, 2046.2956543, 3260.14916992, 8876.40625, 3667.46850586, 3300.17016602, 12786.8125, 5385.65185547, 5321.30664062, 3605.24438477, 4891.61816406, 5376.71044922, 7041.54345703, 4107.65039062, 633.658447266, 615.335571289, 990.699035645, 327.744384766, 119.472114563, 119.069519043, 91.7836380005, 45.5587310791, 41.3113746643, 16.1642818451, 3.46630692482, 0.476294368505, 0.00297601660714, 5.51439507035e-06, 1.37710181036e-08, 2.83156498249e-10, 1.43421080567e-10, 8.6982770986e-10],
        "max": [0.712683498859, 17.6187705994, 104.274353027, 67.725402832, 61.6293449402, 48.9787788391, 282.277893066, 111.779953003, 180.741195679, 895.948181152, 747.983459473, 899.731018066, 904.909179688, 685.618408203, 1191.93945312, 746.182495117, 758.287231445, 528.414855957, 536.098449707, 684.597412109, 1023.20330811, 643.800537109, 178.704620361, 234.590454102, 316.427734375, 255.21862793, 92.4464569092, 100.631690979, 105.942176819, 95.3475418091, 90.3292007446, 52.2888183594, 18.4568805695, 9.4396944046, 0.684672951698, 0.0296790469438, 0.00150233728345, 0.00019306242757, 7.66135417507e-05, 0.000160076029715],
        "mean": [0.108198232949, 2.11922073364, 9.14064502716, 6.58982086182, 3.89479541779, 3.5914812088, 7.40001630783, 6.75973463058, 7.18029975891, 17.6581439972, 28.4692802429, 47.1929779053, 35.9488105774, 45.6705055237, 63.4832572937, 54.6410598755, 57.9867515564, 51.2608108521, 68.4143218994, 77.6426391602, 83.4923629761, 75.9985656738, 38.4411506653, 29.4292736053, 36.0894088745, 25.5887565613, 14.2808465958, 11.8748655319, 8.78034687042, 6.89340829849, 4.81928062439, 2.73560166359, 1.60727763176, 0.588816463947, 0.0459299646318, 0.0020769899711, 0.000133828492835, 2.41728193942e-05, 2.46684139711e-05, 4.5002267143e-05],
        "median": [0.0894743204117, 1.42690992355, 4.04551506042, 3.29540371895, 2.14997935295, 2.02961683273, 3.33716225624, 3.94646120071, 4.09252119064, 8.63699913025, 17.1170787811, 22.5519485474, 20.5261726379, 30.1886520386, 36.5815544128, 35.7433738708, 35.7706832886, 34.0546875, 43.8328018188, 57.356716156, 59.618976593, 62.9996566772, 32.9313850403, 23.6938095093, 27.4356498718, 19.2454738617, 11.3337955475, 9.21482753754, 5.36937761307, 4.24882698059, 2.79410791397, 1.6595839262, 0.989221930504, 0.377885520458, 0.0298403780907, 0.00135714642238, 9.33477058425e-05, 1.85139670066e-05, 2.24094710575e-05, 4.02725345339e-05],
        "min": [2.24002951654e-06, 6.33007366559e-05, 0.000294575584121, 0.000256701896433, 0.00017701080651, 0.000160232375492, 7.10348322173e-05, 0.000111248140456, 5.86735513934e-05, 0.000144989709952, 0.000668273482006, 0.000979761243798, 0.000262852816377, 0.00224245199934, 0.00697689829394, 0.000980696524493, 0.00352446944453, 0.000586095789913, 0.000382230529794, 0.000363138795365, 0.000952377507929, 0.000686924613547, 0.000322746811435, 0.000364411476767, 0.000602873449679, 0.000416072551161, 0.000285896385321, 0.000223964292672, 0.000269266252872, 0.000141132957651, 0.000139520750963, 7.92923310655e-05, 2.01720522455e-05, 6.65215065965e-06, 2.50275832059e-07, 3.41755601596e-08, 2.09461035183e-08, 5.65106805794e-09, 2.16459783431e-09, 1.36673827811e-09],
        "var": [0.00993025675416, 5.15304422379, 234.353942871, 98.60597229, 29.8245258331, 23.6426429749, 170.485305786, 94.0327911377, 111.902435303, 1221.83398438, 1743.82250977, 6174.60107422, 3939.86767578, 3002.2331543, 8904.52050781, 3942.75805664, 5022.12255859, 3385.66772461, 5169.35107422, 5242.95654297, 8358.62109375, 3782.74023438, 717.905944824, 609.400512695, 1146.6105957, 596.132995605, 133.995788574, 108.945571899, 102.918373108, 65.7997512817, 44.7110671997, 15.1516799927, 3.91867232323, 0.497320502996, 0.00286536989734, 5.56934082852e-06, 1.7067366187e-08, 4.09954153957e-10, 1.69649544413e-10, 7.04273028784e-10]
    },
    "gfcc": {
        "mean": [18.9872169495, 116.682518005, -173.078704834, 61.0348930359, -59.0761756897, 30.1459388733, -24.8548870087, 5.52804851532, -3.75136518478, -17.1674957275, -0.549413323402, -20.1753616333, 3.96698021889],
        "cov": [[1888.15722656, -273.98538208, 161.121749878, 239.573852539, -211.9662323, 183.294921875, -122.47479248, 39.0801429749, -50.4447746277, 32.1586723328, 34.3983917236, -29.0352478027, 21.6885871887], [-273.98538208, 1047.01269531, 44.7215652466, -81.5464706421, 439.894958496, -231.375259399, 319.183654785, -86.8754272461, 166.39100647, -50.0657653809, 78.8456344604, -36.9349212646, -46.3292007446], [161.121749878, 44.7215652466, 313.090698242, 116.082069397, -43.2122421265, 101.983734131, -5.52342987061, 11.9393377304, -23.2499275208, 8.11954975128, 4.44652032852, 1.36137831211, -10.9317455292], [239.573852539, -81.5464706421, 116.082069397, 198.10244751, 9.05338764191, 36.8186264038, -27.650604248, -1.47229623795, -8.55108833313, -0.228757753968, -3.08437776566, -5.24665498734, 7.88376235962], [-211.9662323, 439.894958496, -43.2122421265, 9.05338764191, 341.246917725, -96.8494186401, 150.37046814, -36.88331604, 83.2804489136, -26.4860897064, 11.9174175262, -21.851524353, -18.3642501831], [183.294921875, -231.375259399, 101.983734131, 36.8186264038, -96.8494186401, 204.373214722, -31.7292728424, 35.0038986206, -48.1063728333, 14.1804590225, -9.0283536911, 0.0379380583763, -0.26302921772], [-122.47479248, 319.183654785, -5.52342987061, -27.650604248, 150.37046814, -31.7292728424, 209.710449219, -7.56396389008, 52.7774009705, -23.0931625366, 17.3869953156, -22.729888916, -31.6965618134], [39.0801429749, -86.8754272461, 11.9393377304, -1.47229623795, -36.88331604, 35.0038986206, -7.56396389008, 88.5310287476, 12.1583833694, 11.5874538422, -6.5085401535, -7.23400211334, 1.87753498554], [-50.4447746277, 166.39100647, -23.2499275208, -8.55108833313, 83.2804489136, -48.1063728333, 52.7774009705, 12.1583833694, 99.874168396, 8.85680103302, 16.0739383698, -9.54054927826, -10.8511276245], [32.1586723328, -50.0657653809, 8.11954975128, -0.228757753968, -26.4860897064, 14.1804590225, -23.0931625366, 11.5874538422, 8.85680103302, 61.7630004883, 18.4453468323, 4.42678451538, 3.76123547554], [34.3983917236, 78.8456344604, 4.44652032852, -3.08437776566, 11.9174175262, -9.0283536911, 17.3869953156, -6.5085401535, 16.0739383698, 18.4453468323, 65.4864654541, 14.6873397827, -0.00958634912968], [-29.0352478027, -36.9349212646, 1.36137831211, -5.24665498734, -21.851524353, 0.0379380583763, -22.729888916, -7.23400211334, -9.54054927826, 4.42678451538, 14.6873397827, 54.8028831482, 25.7952537537], [21.6885871887, -46.3292007446, -10.9317455292, 7.88376235962, -18.3642501831, -0.26302921772, -31.6965618134, 1.87753498554, -10.8511276245, 3.76123547554, -0.00958634912968, 25.7952537537, 47.9972419739]],
        "icov": [[0.000884144043084, -0.00137381791137, 0.00128013943322, -0.00202783779241, 0.00149471848272, -0.0014968450414, 0.000891117029823, -0.000638812896796, 0.000546963827219, -0.000465812103357, 0.000173497304786, 0.000232877631788, 0.000111247420136], [-0.00137381791137, 0.0153935439885, -0.0129736447707, 0.0126940011978, -0.0114961583167, 0.0118587920442, -0.00908545032144, 0.00759434327483, -0.00785720720887, 0.00679469900206, -0.011258425191, 0.00817198958248, -0.0068939817138], [0.00128013943322, -0.0129736447707, 0.0159465316683, -0.0136769348755, 0.0102497674525, -0.0118627017364, 0.00690580205992, -0.00643387436867, 0.00682136276737, -0.00600802525878, 0.00908302515745, -0.0081005115062, 0.00781428441405], [-0.00202783779241, 0.0126940011978, -0.0136769348755, 0.0187552478164, -0.0113049475476, 0.009885141626, -0.00581587664783, 0.0066541004926, -0.00652149925008, 0.006090790499, -0.00864893104881, 0.00781266205013, -0.00755087612197], [0.00149471848272, -0.0114961583167, 0.0102497674525, -0.0113049475476, 0.0146717960015, -0.0079790642485, 0.00351695367135, -0.00365131814033, 0.00284815183841, -0.00414982344955, 0.00828881002963, -0.00471448851749, 0.00395899452269], [-0.0014968450414, 0.0118587920442, -0.0118627017364, 0.009885141626, -0.0079790642485, 0.0169546436518, -0.00780262844637, 0.00329105299897, -0.00291551440023, 0.00370511459187, -0.0076669966802, 0.00582281965762, -0.00452425796539], [0.000891117029823, -0.00908545032144, 0.00690580205992, -0.00581587664783, 0.00351695367135, -0.00780262844637, 0.0140799069777, -0.0049791126512, 0.00300821335986, -0.00108822342008, 0.00412843190134, -0.00347880972549, 0.00678734108806], [-0.000638812896796, 0.00759434327483, -0.00643387436867, 0.0066541004926, -0.00365131814033, 0.00329105299897, -0.0049791126512, 0.0180372241884, -0.00841528270394, 0.00202497863211, -0.00381540297531, 0.00662039546296, -0.00593191245571], [0.000546963827219, -0.00785720720887, 0.00682136276737, -0.00652149925008, 0.00284815183841, -0.00291551440023, 0.00300821335986, -0.00841528270394, 0.0202988944948, -0.0070583964698, 0.00375184742734, -0.00400518346578, 0.00547853438184], [-0.000465812103357, 0.00679469900206, -0.00600802525878, 0.006090790499, -0.00414982344955, 0.00370511459187, -0.00108822342008, 0.00202497863211, -0.0070583964698, 0.0236939210445, -0.0115840323269, 0.00515883695334, -0.0041924091056], [0.000173497304786, -0.011258425191, 0.00908302515745, -0.00864893104881, 0.00828881002963, -0.0076669966802, 0.00412843190134, -0.00381540297531, 0.00375184742734, -0.0115840323269, 0.02913361229, -0.0139159373939, 0.00778942508623], [0.000232877631788, 0.00817198958248, -0.0081005115062, 0.00781266205013, -0.00471448851749, 0.00582281965762, -0.00347880972549, 0.00662039546296, -0.00400518346578, 0.00515883695334, -0.0139159373939, 0.0340737812221, -0.0192985534668], [0.000111247420136, -0.0068939817138, 0.00781428441405, -0.00755087612197, 0.00395899452269, -0.00452425796539, 0.00678734108806, -0.00593191245571, 0.00547853438184, -0.0041924091056, 0.00778942508623, -0.0192985534668, 0.0352944657207]]
    },
    "melbands": {
        "dmean": [0.000710793130565, 0.00323672196828, 0.000801952672191, 0.000178568574484, 0.000156590933329, 9.68718159129e-05, 7.93730578152e-05, 0.00012690013682, 0.00016394405975, 0.000183246724191, 0.000104824706796, 0.000101204394014, 0.000140231015394, 7.80315021984e-05, 7.80567497713e-05, 5.74827172386e-05, 5.27486918145e-05, 5.44935064681e-05, 5.63256144233e-05, 4.79882364743e-05, 5.26043841091e-05, 4.30116124335e-05, 2.45953324338e-05, 1.31026654344e-05, 1.05667559183e-05, 1.27509647427e-05, 9.63378715824e-06, 6.71470934321e-06, 4.30506634075e-06, 3.2661826026e-06, 3.52293864125e-06, 2.52711265603e-06, 1.98220141101e-06, 1.75050320195e-06, 1.43887007198e-06, 1.02764317944e-06, 7.63451396324e-07, 5.87085992265e-07, 3.77459059564e-07, 1.96088720372e-07],
        "dmean2": [0.00117677217349, 0.00543532753363, 0.00127890135627, 0.000298040482448, 0.000254468206549, 0.000154561013915, 0.00013056032185, 0.000210405341932, 0.000269727956038, 0.000299772189464, 0.000163730423083, 0.000163923818036, 0.00023175808019, 0.000124665340991, 0.000124727201182, 9.3726128398e-05, 8.48360941745e-05, 8.77978600329e-05, 8.99778242456e-05, 7.82209972385e-05, 8.11821519164e-05, 6.78708020132e-05, 3.94181370211e-05, 2.12607028516e-05, 1.70852763404e-05, 2.02448318305e-05, 1.54754488904e-05, 1.0570836821e-05, 6.88529325998e-06, 5.20293588124e-06, 5.59652744414e-06, 3.85945213566e-06, 3.00601368508e-06, 2.73618434221e-06, 2.1675057269e-06, 1.56271221385e-06, 1.18430705243e-06, 8.88983493041e-07, 5.64126082736e-07, 3.003935376e-07],
        "dvar": [9.41227710882e-07, 3.61195561709e-05, 2.24756149692e-06, 1.07707258223e-07, 7.85505420708e-08, 2.45907845198e-08, 2.62678749863e-08, 8.54665458405e-08, 8.87444571163e-08, 1.18498704182e-07, 4.2397847011e-08, 2.24623626366e-08, 8.10757256886e-08, 1.53367949451e-08, 1.16291003494e-08, 7.25922610911e-09, 6.40100061844e-09, 5.98944804864e-09, 9.19543374778e-09, 4.62869209628e-09, 6.93282187214e-09, 3.3389118137e-09, 8.6483226136e-10, 2.47283998833e-10, 2.13796272353e-10, 3.06870306943e-10, 1.70451056047e-10, 7.52690479389e-11, 2.79398448821e-11, 1.82806790539e-11, 2.40957514358e-11, 1.68963870673e-11, 9.31388299819e-12, 8.04587733244e-12, 8.11373537801e-12, 5.6805103156e-12, 2.24487247368e-12, 9.43849057071e-13, 4.33123318027e-13, 1.02055530368e-13],
        "dvar2": [2.48399578595e-06, 9.20710881473e-05, 5.16985210197e-06, 2.83530255274e-07, 1.86034540661e-07, 5.92335105409e-08, 6.82567602439e-08, 2.28257661661e-07, 2.35436687035e-07, 3.16721980198e-07, 9.2539117702e-08, 5.38484670187e-08, 2.25446797231e-07, 3.87919705247e-08, 2.83687242586e-08, 1.81054087278e-08, 1.5238741824e-08, 1.44594594076e-08, 2.12583994852e-08, 1.2214853129e-08, 1.54467105773e-08, 8.22026180458e-09, 2.21973506243e-09, 5.79466252759e-10, 5.45467004898e-10, 7.10720093888e-10, 4.04647870766e-10, 1.80693945917e-10, 6.88538046023e-11, 4.25989278574e-11, 5.76596270729e-11, 3.98799049339e-11, 2.02939765687e-11, 1.8239725702e-11, 1.92890668715e-11, 1.2279351147e-11, 5.25973231982e-12, 2.16300133186e-12, 1.00987588517e-12, 2.33897889121e-13],
        "max": [0.0106278005987, 0.0401850342751, 0.0110784405842, 0.00403474410996, 0.00749278208241, 0.00248467223719, 0.00281688803807, 0.00921689067036, 0.00608632806689, 0.00504220556468, 0.00454273633659, 0.00266884965822, 0.00452615274116, 0.00209306762554, 0.00216819928028, 0.00177722400986, 0.00108882517088, 0.00102526065893, 0.00197324622422, 0.000913608178962, 0.0015152801061, 0.000804521900136, 0.000439702969743, 0.000230855424888, 0.00022204760171, 0.00023649141076, 0.000188705816981, 0.000196838111151, 6.7877364927e-05, 6.1347578594e-05, 7.47696030885e-05, 7.06108912709e-05, 4.78018446302e-05, 5.78123726882e-05, 6.58879216644e-05, 4.30815380241e-05, 2.89035924652e-05, 1.63211298059e-05, 1.34018009703e-05, 6.16692341282e-06],
        "mean": [0.00153849716298, 0.00421468401328, 0.00113952171523, 0.000247252173722, 0.000238060762058, 0.000157104354003, 0.000115716466098, 0.000203220755793, 0.000261290551862, 0.000281294429442, 0.000173437787453, 0.000177428461029, 0.000228200573474, 0.000138816511026, 0.000144414283568, 0.000104628474219, 9.4307710242e-05, 0.000103192338429, 0.000114448419481, 9.39500023378e-05, 0.000105163271655, 8.79454382812e-05, 5.0087874115e-05, 2.71062908723e-05, 2.24654249905e-05, 2.74043741229e-05, 2.26614520216e-05, 1.57146005222e-05, 9.30994519877e-06, 6.80679249854e-06, 7.04492867953e-06, 5.16383352078e-06, 4.05521086577e-06, 3.70548013962e-06, 2.95640165859e-06, 2.09536460716e-06, 1.48244066622e-06, 1.20801644243e-06, 7.99621716396e-07, 3.93672138443e-07],
        "median": [0.00135084893554, 0.00236612115987, 0.000606434128713, 0.0001460101048, 0.000123199293739, 9.17776633287e-05, 6.44723404548e-05, 9.90749103948e-05, 0.000149765372043, 0.000138874849654, 9.43955747061e-05, 0.000115630376968, 0.000119278171042, 9.41278558457e-05, 9.4296890893e-05, 6.48963468848e-05, 5.88075417909e-05, 5.96626414335e-05, 6.99687079759e-05, 6.49545763736e-05, 6.86059138388e-05, 6.60033692839e-05, 3.8520032831e-05, 2.08272194868e-05, 1.73365970113e-05, 1.99557634915e-05, 1.58618331625e-05, 1.11436174848e-05, 6.70423060001e-06, 5.33205184183e-06, 5.23532025909e-06, 3.00631609207e-06, 2.36160144595e-06, 2.2121373604e-06, 1.74867307123e-06, 1.11970393846e-06, 8.7602450094e-07, 7.33901060812e-07, 4.89717194796e-07, 2.52863486594e-07],
        "min": [4.00145374613e-08, 1.34435339305e-07, 4.35089155815e-08, 1.26931949396e-08, 3.33250405049e-09, 2.21993334826e-09, 9.88892190357e-10, 2.09251282968e-09, 6.20640516757e-09, 5.61003199451e-09, 9.35126642787e-10, 6.76893607832e-09, 2.99027291817e-08, 1.81043069425e-09, 6.89948054244e-09, 4.72199701562e-09, 8.7455465092e-10, 7.76242736755e-10, 1.99775210263e-10, 7.30463634024e-10, 1.19529397491e-09, 6.26068641374e-10, 5.45707201649e-10, 2.17757492593e-10, 2.97814189976e-10, 2.98588487269e-10, 5.60761548307e-10, 1.97411240133e-10, 2.08919451183e-10, 1.47873352452e-10, 1.17395496102e-10, 1.64901425848e-10, 9.90045961879e-11, 6.79252556979e-11, 7.1354533393e-11, 7.5962756918e-11, 3.65567645599e-11, 1.21440800124e-11, 1.17599992244e-11, 3.01582587028e-12],
        "var": [2.01282955459e-06, 3.65321866411e-05, 2.76373589259e-06, 1.14797273909e-07, 1.41619509009e-07, 4.93116409928e-08, 3.17908686043e-08, 1.4102330681e-07, 1.39052758641e-07, 2.14564181533e-07, 9.95109346036e-08, 4.97153074264e-08, 1.45037702737e-07, 2.86486958601e-08, 2.79655960611e-08, 1.7692785903e-08, 1.40308715757e-08, 1.4983747576e-08, 2.13661532911e-08, 9.11149822258e-09, 1.67858082989e-08, 6.90475010501e-09, 1.84075199527e-09, 5.67335067814e-10, 4.50912279737e-10, 7.33401617214e-10, 5.065756703e-10, 2.67384253627e-10, 7.37369679205e-11, 3.54138940395e-11, 4.55385312792e-11, 3.97277523378e-11, 2.40860144329e-11, 2.06934174657e-11, 1.74238852513e-11, 1.10130385714e-11, 4.36800725798e-12, 2.31257656254e-12, 1.01238874055e-12, 2.22774462722e-13]
    },
    "mfcc": {
        "mean": [-589.33001709, 110.006446838, -29.1597557068, 22.3815174103, 5.34051656723, 13.7357530594, 3.70313262939, 14.2804288864, 7.46105766296, 7.77183151245, -1.23548543453, 3.22955560684, 1.27720224857],
        "cov": [[1959.9543457, -482.503692627, 277.963775635, -7.18736457825, 8.78802204132, 42.960735321, -7.23916625977, -17.327589035, -57.744682312, 38.2451095581, -33.1689758301, 1.83551049232, 35.7712631226], [-482.503692627, 1163.23583984, -299.864685059, 235.398025513, 34.0453224182, 48.5040397644, 78.9669876099, 80.2563323975, 37.025478363, 84.7239837646, 83.5632019043, 38.1685905457, 16.6976222992], [277.963775635, -299.864685059, 467.343353271, -60.8761138916, 1.04843902588, 42.4161071777, 19.8857460022, 1.44047439098, -20.2929286957, -25.4555664062, -6.76670694351, 3.3877761364, 0.0996060147882], [-7.18736457825, 235.398025513, -60.8761138916, 248.947296143, 57.3013954163, 28.9538574219, 12.8714361191, 21.9879932404, 10.4586133957, 36.1257553101, 2.58959841728, -9.33401203156, 14.911646843], [8.78802204132, 34.0453224182, 1.04843902588, 57.3013954163, 127.752601624, 26.0448722839, -2.09320282936, 4.8174700737, 12.0652484894, 7.02634382248, 1.19277608395, -3.30936121941, 2.56424856186], [42.960735321, 48.5040397644, 42.4161071777, 28.9538574219, 26.0448722839, 119.596702576, 50.0073509216, 21.4467887878, 2.92514228821, 7.15458965302, 12.435965538, 3.96953105927, -9.72319126129], [-7.23916625977, 78.9669876099, 19.8857460022, 12.8714361191, -2.09320282936, 50.0073509216, 106.401298523, 36.9566688538, 9.92883777618, 12.4091739655, 17.204826355, 5.56641101837, -6.52161216736], [-17.327589035, 80.2563323975, 1.44047439098, 21.9879932404, 4.8174700737, 21.4467887878, 36.9566688538, 84.3172531128, 25.1623668671, 21.1809444427, 5.23180294037, 4.72315216064, 4.85777902603], [-57.744682312, 37.025478363, -20.2929286957, 10.4586133957, 12.0652484894, 2.92514228821, 9.92883777618, 25.1623668671, 74.6377334595, 16.1294879913, 5.9247636795, 2.00604486465, -0.653139591217], [38.2451095581, 84.7239837646, -25.4555664062, 36.1257553101, 7.02634382248, 7.15458965302, 12.4091739655, 21.1809444427, 16.1294879913, 87.9721374512, 27.3952522278, 10.2661237717, 8.3027677536], [-33.1689758301, 83.5632019043, -6.76670694351, 2.58959841728, 1.19277608395, 12.435965538, 17.204826355, 5.23180294037, 5.9247636795, 27.3952522278, 60.8417243958, 17.0167140961, -2.40553092957], [1.83551049232, 38.1685905457, 3.3877761364, -9.33401203156, -3.30936121941, 3.96953105927, 5.56641101837, 4.72315216064, 2.00604486465, 10.2661237717, 17.0167140961, 52.7768096924, 22.1596031189], [35.7712631226, 16.6976222992, 0.0996060147882, 14.911646843, 2.56424856186, -9.72319126129, -6.52161216736, 4.85777902603, -0.653139591217, 8.3027677536, -2.40553092957, 22.1596031189, 58.1558570862]],
