{
"lowlevel": {
    "average_loudness": 0.960099339485,
    "barkbands_crest": {
        "dmean": 3.65932559967,
        "dmean2": 5.91703271866,
        "dvar": 11.2296180725,
        "dvar2": 24.3726825714,
        "max": 26.0798454285,
        "mean": 11.5676050186,
        "median": 10.6408977509,
        "min": 2.4686088562,
        "var": 31.3948326111
    },
    "barkbands_flatness_db": {
        "dmean": 0.0368543416262,
        "dmean2": 0.0551299229264,
        "dvar": 0.00121692486573,
        "dvar2": 0.00242201099172,
        "max": 0.368748515844,
        "mean": 0.148617565632,
        "median": 0.137217909098,
        "min": 0.0294001121074,
        "var": 0.00459295371547
    },
    "barkbands_kurtosis": {
        "dmean": 13.38276577,
        "dmean2": 21.9364738464,
        "dvar": 925.033569336,
        "dvar2": 2425.74072266,
        "max": 398.191192627,
        "mean": 15.0291566849,
        "median": 2.81219768524,
        "min": -1.95000863075,
        "var": 1243.99865723
    },
    "barkbands_skewness": {
        "dmean": 1.31077051163,
        "dmean2": 1.97338438034,
        "dvar": 2.57791495323,
        "dvar2": 5.58559989929,
        "max": 18.5682811737,
        "mean": 2.32699656487,
        "median": 1.64798665047,
        "min": -8.96862506866,
        "var": 8.14713191986
    },
    "barkbands_spread": {
        "dmean": 12.4371862411,
        "dmean2": 19.0277900696,
        "dvar": 177.227233887,
        "dvar2": 403.98815918,
        "max": 121.155593872,
        "mean": 30.459318161,
        "median": 26.7640361786,
        "min": 0.831604361534,
        "var": 463.547363281
    },
    "dissonance": {
        "dmean": 0.0223215539008,
        "dmean2": 0.0367133878171,
        "dvar": 0.000590254552662,
        "dvar2": 0.00142370455433,
        "max": 0.499831885099,
        "mean": 0.464621216059,
        "median": 0.475164890289,
        "min": 0.229290232062,
        "var": 0.00120869034436
    },
    "dynamic_complexity": 3.02606320381,
    "erbbands_crest": {
        "dmean": 3.38489556313,
        "dmean2": 5.55003213882,
        "dvar": 10.35460186,
        "dvar2": 25.7174911499,
        "max": 29.7116451263,
        "mean": 8.59829711914,
        "median": 7.5196428299,
        "min": 2.19380235672,
        "var": 20.2040519714
    },
    "erbbands_flatness_db": {
        "dmean": 0.0228034965694,
        "dmean2": 0.034405477345,
        "dvar": 0.000483280688059,
        "dvar2": 0.00106507842429,
        "max": 0.305172711611,
        "mean": 0.133431628346,
        "median": 0.124578878284,
        "min": 0.0537716373801,
        "var": 0.00165673857555
    },
    "erbbands_kurtosis": {
        "dmean": 1.88778412342,
        "dmean2": 3.01992034912,
        "dvar": 17.2135353088,
        "dvar2": 38.9699287415,
        "max": 81.2212982178,
        "mean": 0.887768685818,
        "median": -0.601091623306,
        "min": -1.92087697983,
        "var": 25.5542945862
    },
    "erbbands_skewness": {
        "dmean": 0.620946109295,
        "dmean2": 0.92537009716,
        "dvar": 0.504440307617,
        "dvar2": 0.974362134933,
        "max": 5.59206581116,
        "mean": 0.19875536859,
        "median": 0.150130048394,
        "min": -6.88687896729,
        "var": 1.37933838367
    },
    "erbbands_spread": {
        "dmean": 17.6634159088,
        "dmean2": 27.4323234558,
        "dvar": 325.655059814,
        "dvar2": 779.4140625,
        "max": 229.352462769,
        "mean": 62.2441329956,
        "median": 58.1639671326,
        "min": 4.48307704926,
        "var": 918.719909668
    },
    "hfc": {
        "dmean": 20.1965084076,
        "dmean2": 28.9939613342,
        "dvar": 1023.88592529,
        "dvar2": 2145.25878906,
        "max": 416.837799072,
        "mean": 37.0328826904,
        "median": 22.1872577667,
        "min": 1.28494752515e-16,
        "var": 1903.46862793
    },
    "melbands_crest": {
        "dmean": 4.09227132797,
        "dmean2": 6.5917468071,
        "dvar": 11.4395427704,
        "dvar2": 28.0879707336,
        "max": 33.4695968628,
        "mean": 15.6103792191,
        "median": 15.1107263565,
        "min": 1.60584914684,
        "var": 37.4650154114
    },
    "melbands_flatness_db": {
        "dmean": 0.0445393025875,
        "dmean2": 0.0638469010592,
        "dvar": 0.00162930088118,
        "dvar2": 0.00306902150624,
        "max": 0.481164753437,
        "mean": 0.199982687831,
        "median": 0.190972059965,
        "min": 0.00390926096588,
        "var": 0.00932542327791
    },
    "melbands_kurtosis": {
        "dmean": 38.5507049561,
        "dmean2": 60.6784667969,
        "dvar": 6534.63769531,
        "dvar2": 15324.2353516,
        "max": 960.970947266,
        "mean": 55.0194625854,
        "median": 13.7417030334,
        "min": -1.96858179569,
        "var": 11494.6591797
    },
    "melbands_skewness": {
        "dmean": 1.7445371151,
        "dmean2": 2.59105539322,
        "dvar": 4.52950429916,
        "dvar2": 9.25601863861,
        "max": 23.0862388611,
        "mean": 4.56648683548,
        "median": 3.20902967453,
        "min": -2.51234960556,
        "var": 16.3682060242
    },
    "melbands_spread": {
        "dmean": 17.6774768829,
        "dmean2": 26.8009624481,
        "dvar": 777.413146973,
        "dvar2": 1715.27600098,
        "max": 282.354217529,
        "mean": 34.0727577209,
        "median": 20.0035877228,
        "min": 0.503761410713,
        "var": 1741.35095215
    },
    "pitch_salience": {
        "dmean": 0.097950682044,
        "dmean2": 0.159626856446,
        "dvar": 0.00841511320323,
        "dvar2": 0.0195111576468,
        "max": 0.835926413536,
        "mean": 0.526344358921,
        "median": 0.546369731426,
        "min": 0.0736886635423,
        "var": 0.0265424828976
    },
    "silence_rate_20dB": {
        "dmean": 0,
        "dmean2": 0,
        "dvar": 0,
        "dvar2": 0,
        "max": 1,
        "mean": 1,
        "median": 1,
        "min": 1,
        "var": 0
    },
    "silence_rate_30dB": {
        "dmean": 0.0356037169695,
        "dmean2": 0.0712625905871,
        "dvar": 0.0343359895051,
        "dvar2": 0.0661848559976,
        "max": 1,
        "mean": 0.945862352848,
        "median": 1,
        "min": 0,
        "var": 0.0512062907219
    },
    "silence_rate_60dB": {
        "dmean": 0.030959751457,
        "dmean2": 0.0619674660265,
        "dvar": 0.0300016850233,
        "dvar2": 0.0674232169986,
        "max": 1,
        "mean": 0.0726991519332,
        "median": 0,
        "min": 0,
        "var": 0.0674127787352
    },
    "spectral_centroid": {
        "dmean": 548.637268066,
        "dmean2": 809.790161133,
        "dvar": 491994,
        "dvar2": 921202.6875,
        "max": 11098.6035156,
        "mean": 1688.49169922,
        "median": 1453.43615723,
        "min": 228.228637695,
        "var": 1241797.75
    },
    "spectral_complexity": {
        "dmean": 5.69504642487,
        "dmean2": 7.43454694748,
        "dvar": 42.6314582825,
        "dvar2": 63.7623443604,
        "max": 57,
        "mean": 15.6326370239,
        "median": 13,
        "min": 0,
        "var": 151.975753784
    },
    "spectral_decrease": {
        "dmean": 4.7041850415e-09,
        "dmean2": 7.06411373841e-09,
        "dvar": 5.24489782344e-17,
        "dvar2": 1.06412113889e-16,
        "max": 1.55351455623e-28,
        "mean": -9.44425426752e-09,
        "median": -6.6708967239e-09,
        "min": -7.4279100204e-08,
        "var": 1.14719495398e-16
    },
    "spectral_energy": {
        "dmean": 0.0187573190778,
        "dmean2": 0.0280085653067,
        "dvar": 0.000753838510718,
        "dvar2": 0.00152651336975,
        "max": 0.282931566238,
        "mean": 0.0390038117766,
        "median": 0.028658663854,
        "min": 1.10685247792e-20,
        "var": 0.0016622467665
    },
    "spectral_energyband_high": {
        "dmean": 0.00218746787868,
        "dmean2": 0.00315395533107,
        "dvar": 1.40875963552e-05,
        "dvar2": 2.86101603706e-05,
        "max": 0.0413492247462,
        "mean": 0.00319218495861,
        "median": 0.00115500215907,
        "min": 8.26334852688e-21,
        "var": 2.46228410106e-05
    },
    "spectral_energyband_low": {
        "dmean": 0.0134011982009,
        "dmean2": 0.0205735582858,
        "dvar": 0.000832104822621,
        "dvar2": 0.00169061415363,
        "max": 0.269491910934,
        "mean": 0.0225705970079,
        "median": 0.00650587957352,
        "min": 4.79180808884e-23,
        "var": 0.00163008645177
    },
    "spectral_energyband_middle_high": {
        "dmean": 0.00195662258193,
        "dmean2": 0.00270342454314,
        "dvar": 7.74308136897e-06,
        "dvar2": 1.47955270222e-05,
        "max": 0.0259480141103,
        "mean": 0.00373136834241,
        "median": 0.00216674455442,
        "min": 1.37538285052e-21,
        "var": 2.01135389943e-05
    },
    "spectral_energyband_middle_low": {
        "dmean": 0.00605420395732,
        "dmean2": 0.00973593909293,
        "dvar": 5.62465793337e-05,
        "dvar2": 0.000139340976602,
        "max": 0.0604351535439,
        "mean": 0.0100645218045,
        "median": 0.00708411168307,
        "min": 2.85202878407e-22,
        "var": 9.93251960608e-05
    },
    "spectral_entropy": {
        "dmean": 0.243303656578,
        "dmean2": 0.351561099291,
        "dvar": 0.0545676872134,
        "dvar2": 0.108973570168,
        "max": 9.79166603088,
        "mean": 7.92684459686,
        "median": 7.94237136841,
        "min": 5.80160903931,
        "var": 0.19085624814
    },
    "spectral_flux": {
        "dmean": 0.0362970642745,
        "dmean2": 0.0579987466335,
        "dvar": 0.00171888410114,
        "dvar2": 0.00422965129837,
        "max": 0.433300048113,
        "mean": 0.118918679655,
        "median": 0.111170805991,
        "min": 1.05207058343e-10,
        "var": 0.00397260021418
    },
    "spectral_kurtosis": {
        "dmean": 0.859227776527,
        "dmean2": 1.29899418354,
        "dvar": 0.761929988861,
        "dvar2": 1.79829728603,
        "max": 8.80707931519,
        "mean": 1.54736995697,
        "median": 1.33709430695,
        "min": -1.44773089886,
        "var": 2.05647206306
    },
    "spectral_rms": {
        "dmean": 0.00137990689836,
        "dmean2": 0.00200220709667,
        "dvar": 1.93503660739e-06,
        "dvar2": 3.90174727727e-06,
        "max": 0.0166141744703,
        "mean": 0.0054893209599,
        "median": 0.00528769055381,
        "min": 3.28611638768e-12,
        "var": 7.91986713011e-06
    },
    "spectral_rolloff": {
        "dmean": 1394.32507324,
        "dmean2": 2275.79638672,
        "dvar": 4276020,
        "dvar2": 9149206,
        "max": 19099.9511719,
        "mean": 2672.33886719,
        "median": 1205.859375,
        "min": 64.599609375,
        "var": 9769471
    },
    "spectral_skewness": {
        "dmean": 0.241699814796,
        "dmean2": 0.344777941704,
        "dvar": 0.0603624098003,
        "dvar2": 0.116912722588,
        "max": 2.76477217674,
        "mean": 1.13251209259,
        "median": 1.14304280281,
        "min": -0.960956633091,
        "var": 0.191604807973
    },
    "spectral_spread": {
        "dmean": 1032585,
        "dmean2": 1514871.625,
        "dvar": 1.72534779085e+12,
        "dvar2": 3.0742848471e+12,
        "max": 40018348,
        "mean": 7217694.5,
        "median": 6687429,
        "min": 3664038.75,
        "var": 4.62304260915e+12
    },
    "spectral_strongpeak": {
        "dmean": 0.553165853024,
        "dmean2": 0.934477627277,
        "dvar": 0.899922370911,
        "dvar2": 2.30830979347,
        "max": 12.1004695892,
        "mean": 0.736129045486,
        "median": 0.394815087318,
        "min": 0,
        "var": 0.96865427494
    },
    "zerocrossingrate": {
        "dmean": 0.0266857799143,
        "dmean2": 0.0302787330002,
        "dvar": 0.00093606824521,
        "dvar2": 0.00110842159484,
        "max": 0.5126953125,
        "mean": 0.0976158455014,
        "median": 0.0791015625,
        "min": 0.00634765625,
        "var": 0.0054099354893
    },
    "barkbands": {
        "dmean": [0.00127908296417, 0.012152608484, 0.00318941730075, 0.00114113662858, 0.00187449576333, 0.0018774936907, 0.00108384317718, 0.00107157696038, 0.00129001110326, 0.000472645362606, 0.000368070031982, 0.000288456969429, 0.000219970082981, 0.000217711552978, 0.000333287403919, 0.000353739684215, 0.000274058926152, 0.000191383733181, 0.000225709736696, 0.000247517775279, 0.000350523449015, 0.000403177080443, 0.000477320078062, 0.000496608787216, 0.000503701914568, 8.50714350236e-05, 2.16173270928e-06],
        "dmean2": [0.00227350345813, 0.0193642284721, 0.00563487410545, 0.00200998387299, 0.00311958347447, 0.00300568458624, 0.00176443450619, 0.00175739976112, 0.001973121427, 0.000759178423323, 0.000577101483941, 0.000456241745269, 0.00034884471097, 0.000326398439938, 0.000524110044353, 0.000559864973184, 0.000437344715465, 0.00029050844023, 0.000338837882737, 0.000371445115888, 0.000488682009745, 0.000590424868278, 0.000681886624079, 0.000742962583899, 0.000786908203736, 0.000134786139824, 3.46625165548e-06],
        "dvar": [1.0860261682e-05, 0.000914882286452, 4.31538428529e-05, 6.06993171459e-06, 9.81130051514e-06, 8.7889166025e-06, 6.58107774143e-06, 6.03886655881e-06, 9.53749076871e-06, 1.22060396279e-06, 9.79343440122e-07, 6.30542558611e-07, 5.00596115671e-07, 2.81597976937e-07, 4.00137878387e-07, 4.18618242293e-07, 2.14727435832e-07, 1.55549756187e-07, 1.27000774341e-07, 2.21871019335e-07, 4.44992082294e-07, 6.2920878463e-07, 9.03798991203e-07, 9.27698806663e-07, 1.50425773882e-06, 3.33275522735e-08, 3.14972388449e-11],
        "dvar2": [3.57551616617e-05, 0.00196340167895, 0.000133439752972, 1.67429025169e-05, 2.52960089711e-05, 2.14217398025e-05, 1.61764692166e-05, 1.36868302434e-05, 2.05652850127e-05, 2.92521644951e-06, 1.96888572646e-06, 1.43478655446e-06, 9.81317839432e-07, 5.58821852792e-07, 9.36250501127e-07, 9.6321628007e-07, 5.32101978479e-07, 2.97338374367e-07, 2.89640865958e-07, 4.23240805958e-07, 9.10942162591e-07, 1.24539349144e-06, 1.68891415342e-06, 2.1688367724e-06, 3.61025581697e-06, 8.03069681865e-08, 7.46480030567e-11],
        "max": [0.0299569107592, 0.260076493025, 0.0677566453815, 0.0242085419595, 0.0414895154536, 0.0308638773859, 0.0374234840274, 0.0359039381146, 0.0393336191773, 0.0178662482649, 0.0203199163079, 0.0110467700288, 0.019474491477, 0.0153863197193, 0.008520597592, 0.00990790128708, 0.00583059480414, 0.00343869486824, 0.00305255921558, 0.00559888826683, 0.00568583933637, 0.00636797957122, 0.0104286279529, 0.0118319541216, 0.0260058883578, 0.00255127507262, 6.35011674603e-05],
        "mean": [0.00136825686786, 0.017016325146, 0.00370925432071, 0.00122275936883, 0.00239904061891, 0.00240981485695, 0.0011106908787, 0.00121577410027, 0.00157541700173, 0.000528663804289, 0.000404535705457, 0.000303657085169, 0.00023621020955, 0.000260403845459, 0.000417005794588, 0.000471667415695, 0.000403169222409, 0.000248992553679, 0.000340292172041, 0.000334802432917, 0.000442024960648, 0.000503347837366, 0.000622404448222, 0.000689126318321, 0.000672161986586, 9.61473633652e-05, 1.85270653219e-06],
        "median": [5.77324753976e-05, 0.00234510889277, 0.00126247969456, 0.000396656629164, 0.00113748887088, 0.000886364956386, 0.000239215311012, 0.000268907984719, 0.000157945032697, 8.67415219545e-05, 5.7357843616e-05, 4.91246537422e-05, 4.38898387074e-05, 5.41135050298e-05, 0.000109582360892, 0.000138971183333, 0.000147652172018, 6.65457555442e-05, 0.000137692884891, 9.96378221316e-05, 0.000112215755507, 0.000158966518939, 0.000159738468938, 0.000229805897106, 0.000173878244823, 2.27931323025e-05, 1.2685410411e-07],
        "min": [1.63803081829e-24, 3.82428186373e-23, 3.03953037162e-24, 2.92191428721e-23, 5.77809374183e-23, 4.18811555727e-23, 2.2675514842e-23, 5.028506119e-23, 8.10932791587e-23, 1.66863676759e-23, 4.13962427743e-23, 9.61259450972e-23, 5.87895181737e-23, 8.577892992e-23, 1.34650339746e-22, 1.10610832334e-22, 1.29518932086e-22, 2.49793701784e-22, 2.53500767437e-22, 2.98943926609e-22, 4.41784725144e-22, 5.02150936453e-22, 6.87113751883e-22, 1.06634980945e-21, 1.26880933256e-21, 1.55401549263e-21, 2.839088436e-21],
        "var": [1.1360811186e-05, 0.0013255237136, 4.33856512245e-05, 5.92606374994e-06, 1.34637175506e-05, 1.48851004269e-05, 6.88078125677e-06, 8.34521597426e-06, 1.65008514159e-05, 1.39534392929e-06, 1.59920091392e-06, 8.28527390695e-07, 7.62262232001e-07, 6.45983732284e-07, 5.90848117099e-07, 6.52653170619e-07, 3.81986950515e-07, 2.31877606893e-07, 2.50040187666e-07, 3.4439568708e-07, 6.68650216085e-07, 8.91913487067e-07, 1.37453264415e-06, 1.50479741023e-06, 2.18479794967e-06, 3.98998984963e-08, 2.92469000407e-11]
    },
    "erbbands": {
        "dmean": [0.402094304562, 2.75049591064, 3.76683974266, 3.87678527832, 3.86021637917, 6.86776733398, 13.4680776596, 16.8654575348, 14.4773292542, 16.8346385956, 28.0352134705, 31.5688152313, 13.9849948883, 16.4949054718, 13.3819236755, 11.6887998581, 10.1197166443, 8.50038719177, 15.78129673, 16.1467494965, 18.5892124176, 13.8526191711, 9.80002880096, 10.6520881653, 12.8502292633, 11.5182723999, 13.7323236465, 14.2284259796, 14.2517175674, 14.9516372681, 13.0730075836, 9.49392795563, 9.47582435608, 7.09384393692, 2.92578434944, 0.649644315243, 0.109304524958, 0.0105131547898, 0.000293717894237, 3.71162095689e-05],
        "dmean2": [0.641271114349, 4.3812584877, 6.51432180405, 6.83802366257, 6.49305963516, 11.420208931, 23.2798061371, 26.4413337708, 23.1268901825, 27.654176712, 44.9847488403, 48.4940948486, 21.1686649323, 26.4192523956, 20.1625137329, 17.9570503235, 15.9893693924, 12.9567527771, 24.2230319977, 24.7841320038, 28.8375835419, 21.7887649536, 15.2263870239, 15.637298584, 19.0217609406, 17.2863407135, 19.5438556671, 20.1312580109, 21.3664131165, 21.3507881165, 18.554353714, 13.9090852737, 14.6574478149, 10.9652967453, 4.68141078949, 1.03675282001, 0.17273055017, 0.0159982461482, 0.000448305829195, 5.46094706806e-05],
        "dvar": [1.03443002701, 46.5694770813, 58.0243453979, 57.529624939, 55.3256340027, 196.44694519, 492.574798584, 926.021179199, 1145.13146973, 1763.87341309, 4456.85742188, 6345.03564453, 1215.67663574, 1555.88232422, 1225.40966797, 1062.62536621, 956.700378418, 391.208435059, 840.110595703, 918.288330078, 1101.14489746, 472.839691162, 381.067932129, 361.940002441, 403.074554443, 520.144226074, 754.018554688, 727.778625488, 815.374206543, 930.113098145, 632.427734375, 232.957519531, 489.851165771, 289.920898438, 67.1071548462, 2.18074297905, 0.051322363317, 0.000445956276963, 3.42277445498e-07, 2.44993847431e-09],
        "dvar2": [2.4081428051, 103.922080994, 168.735458374, 172.663528442, 143.143234253, 485.606201172, 1351.19311523, 2124.93164062, 2631.31689453, 4495.87548828, 9852.42675781, 14132.4755859, 2857.26586914, 3908.10229492, 2744.06860352, 2370.89648438, 1700.0402832, 831.135070801, 1866.40161133, 1966.00427246, 2524.90942383, 1124.62231445, 788.820373535, 793.043579102, 892.963195801, 1016.15228271, 1592.9822998, 1366.02844238, 1731.85595703, 1844.27770996, 1158.89367676, 463.822265625, 1203.75195312, 682.48815918, 173.546188354, 5.35891675949, 0.125133663416, 0.00100122194272, 7.8408072568e-07, 5.49935874616e-09],
        "max": [9.44387340546, 60.2841033936, 65.397026062, 78.0100860596, 117.369262695, 233.745986938, 253.73210144, 329.485931396, 547.236022949, 508.901153564, 1046.93994141, 993.39050293, 545.87109375, 570.732788086, 557.195007324, 479.962554932, 871.130737305, 433.704071045, 386.744476318, 548.647033691, 599.612426758, 249.595565796, 161.659576416, 162.465423584, 182.473709106, 342.17098999, 290.191040039, 320.037658691, 246.818862915, 288.58114624, 274.432495117, 203.711395264, 316.024475098, 322.952575684, 182.881362915, 19.8928947449, 2.4151237011, 0.192718312144, 0.0050889570266, 0.0006780687836],
        "mean": [0.504130363464, 3.69358587265, 5.10333538055, 4.39999055862, 4.71511363983, 8.41882991791, 15.917927742, 20.996257782, 16.2558479309, 17.977399826, 33.4518089294, 38.0753936768, 16.6742153168, 19.2714443207, 15.1357479095, 13.047917366, 11.4819478989, 11.1314535141, 20.360294342, 22.9047355652, 27.2107143402, 21.4466457367, 13.547413826, 14.9442539215, 18.775226593, 16.0030422211, 16.7092323303, 18.1202087402, 17.2625961304, 18.439622879, 17.416021347, 13.9008998871, 12.2130861282, 9.25608825684, 3.72505569458, 0.783942043781, 0.119641289115, 0.0110671529546, 0.000338349374942, 7.13227418601e-05],
        "median": [0.0663807764649, 0.533032059669, 1.73020589352, 1.89293575287, 1.96848237514, 3.24252867699, 6.24615621567, 6.8598151207, 4.64196825027, 4.97499132156, 6.97623252869, 4.3771982193, 4.1159286499, 3.10561442375, 2.60358190536, 2.21633028984, 2.2314915657, 2.88437342644, 5.0875005722, 7.54146623611, 8.765873909, 8.12863922119, 4.06762313843, 5.66365385056, 6.83904886246, 5.00998544693, 3.87974524498, 4.78265190125, 5.66966056824, 5.04453372955, 4.67048120499, 5.13149404526, 3.50333595276, 2.3391854763, 0.949002981186, 0.196990087628, 0.0278414133936, 0.00209860759787, 9.70521941781e-05, 5.24703027622e-05],
        "min": [9.84609986202e-22, 8.7843705308e-21, 7.4109324433e-21, 4.10548801938e-20, 1.79266285084e-19, 1.22313180925e-19, 3.86381621743e-19, 3.50177865036e-19, 4.05386665003e-19, 5.33961577316e-19, 1.27305815628e-18, 1.69181193074e-18, 6.70782730704e-19, 1.07885341585e-18, 2.50777752515e-18, 4.17586953483e-18, 2.86967131789e-18, 5.03484076628e-18, 3.98513285252e-18, 7.53862052752e-18, 7.34369541618e-18, 7.51979803268e-18, 1.48463898353e-17, 1.12197661593e-17, 1.56745217056e-17, 1.25058425874e-17, 1.83477659589e-17, 1.59397637865e-17, 1.5191673221e-17, 1.82639675998e-17, 2.10750300694e-17, 2.38954711127e-17, 1.73034719423e-17, 1.390484654e-17, 9.01099291888e-18, 4.97819585152e-18, 2.92223781863e-18, 1.67970417792e-18, 3.84945662049e-19, 4.14524438757e-20],
        "var": [1.32552194595, 63.3601646423, 74.2140274048, 51.0058860779, 73.6535949707, 280.667816162, 580.177490234, 1490.8894043, 1356.20617676, 1730.44677734, 6193.62060547, 10248.3056641, 1406.93518066, 1956.26953125, 1807.98718262, 1522.27209473, 1620.04528809, 827.709960938, 1461.90600586, 1683.32910156, 1919.48583984, 984.15411377, 550.90057373, 588.259460449, 797.003356934, 788.382385254, 1056.51831055, 1133.77587891, 1060.46789551, 1288.2244873, 1025.05236816, 477.370635986, 638.178710938, 432.586730957, 77.7105484009, 2.72639727592, 0.0585365667939, 0.000519342953339, 4.03613285016e-07, 4.57033388912e-09]
    },
    "gfcc": {
        "mean": [2.41043353081, 51.2510757446, -91.1309967041, 50.2779846191, -71.5108795166, 26.1584682465, -49.6373634338, 20.1731071472, -19.9051799774, 5.92549562454, -17.2356777191, -0.122884087265, -5.64541721344],
        "cov": [[10452.5341797, 133.144760132, -735.332885742, 21.4913711548, -247.33631897, -262.723510742, -260.59866333, 172.323028564, 51.3165512085, 128.142791748, -190.066497803, 74.5619354248, 122.690742493], [133.144760132, 1446.20776367, 168.618331909, 79.0017700195, 289.793670654, -5.64962148666, 114.733345032, 25.7801189423, 153.17376709, -43.5469551086, 74.9358139038, -116.535400391, -10.4717187881], [-735.332885742, 168.618331909, 1153.29968262, 474.310272217, 318.090789795, 204.548019409, 72.7860183716, 51.3125610352, 33.3490333557, 54.5122070312, 34.7671051025, 11.2987213135, 26.4115161896], [21.4913711548, 79.0017700195, 474.310272217, 704.748901367, 358.078308105, 48.3432350159, 27.1929206848, 64.6131362915, 128.645599365, 24.2541389465, 26.3978328705, 11.8050079346, 69.3491210938], [-247.33631897, 289.793670654, 318.090789795, 358.078308105, 492.545654297, 202.839752197, 144.924362183, 94.1994628906, 125.945587158, 39.1040344238, 40.6599273682, -14.756196022, 5.33600902557], [-262.723510742, -5.64962148666, 204.548019409, 48.3432350159, 202.839752197, 454.238189697, 314.110473633, 67.7009277344, 27.2896099091, 36.6239929199, 53.2136421204, 6.75172567368, -23.1838054657], [-260.59866333, 114.733345032, 72.7860183716, 27.1929206848, 144.924362183, 314.110473633, 453.95690918, 110.036979675, 23.5919818878, 3.75354194641, 41.5680160522, 6.75259780884, -22.0483455658], [172.323028564, 25.7801189423, 51.3125610352, 64.6131362915, 94.1994628906, 67.7009277344, 110.036979675, 171.602294922, 74.904800415, 25.388004303, 1.62960147858, -21.1382026672, 15.4236764908], [51.3165512085, 153.17376709, 33.3490333557, 128.645599365, 125.945587158, 27.2896099091, 23.5919818878, 74.904800415, 199.710891724, 63.6187057495, 5.28235387802, -29.1128120422, 24.7760353088], [128.142791748, -43.5469551086, 54.5122070312, 24.2541389465, 39.1040344238, 36.6239929199, 3.75354194641, 25.388004303, 63.6187057495, 122.05368042, 28.4965076447, -8.51623630524, 3.39583587646], [-190.066497803, 74.9358139038, 34.7671051025, 26.3978328705, 40.6599273682, 53.2136421204, 41.5680160522, 1.62960147858, 5.28235387802, 28.4965076447, 113.285362244, 30.3674564362, 3.45623469353], [74.5619354248, -116.535400391, 11.2987213135, 11.8050079346, -14.756196022, 6.75172567368, 6.75259780884, -21.1382026672, -29.1128120422, -8.51623630524, 30.3674564362, 130.666732788, 28.752532959], [122.690742493, -10.4717187881, 26.4115161896, 69.3491210938, 5.33600902557, -23.1838054657, -22.0483455658, 15.4236764908, 24.7760353088, 3.39583587646, 3.45623469353, 28.752532959, 99.0109863281]],
        "icov": [[0.00014122009452, -0.000187942467164, 0.00020168942865, -0.000253208185313, 0.000236867868807, -0.000226495860261, 0.000231438243645, -0.000386076862924, 0.000333493633661, -0.000506611599121, 0.000507324526552, -0.00035392967402, -6.44762849333e-06], [-0.000187942467164, 0.00161292334087, -0.000689204258379, 0.00120136176702, -0.00147813966032, 0.00146394362673, -0.0011325776577, 0.00142229592893, -0.00184684596024, 0.0022266858723, -0.0021753620822, 0.00186696089804, -0.000385898078093], [0.00020168942865, -0.000689204258379, 0.00183061067946, -0.0015729253646, 0.000519716180861, -0.00137893483043, 0.000952394329943, -0.00102237355895, 0.00169913528953, -0.00179912010208, 0.00133958691731, -0.000917414436117, 0.000167196194525], [-0.000253208185313, 0.00120136176702, -0.0015729253646, 0.0042787566781, -0.00311783398502, 0.00213303230703, -0.00112117663957, 0.00156262435485, -0.00247601117007, 0.00251844455488, -0.00203622691333, 0.00128007540479, -0.00172955717426], [0.000236867868807, -0.00147813966032, 0.000519716180861, -0.00311783398502, 0.00610477663577, -0.00297949742526, 0.00120976183098, -0.00217402796261, 0.000312468968332, -0.00170026149135, 0.00151147262659, -0.00152009935118, 0.00154549197759], [-0.000226495860261, 0.00146394362673, -0.00137893483043, 0.00213303230703, -0.00297949742526, 0.00682736095041, -0.00443625403568, 0.0021753157489, -0.00155339681078, 0.00108046259265, -0.00259477691725, 0.00164530030452, -0.000293767894618], [0.000231438243645, -0.0011325776577, 0.000952394329943, -0.00112117663957, 0.00120976183098, -0.00443625403568, 0.00599230034277, -0.00363486888818, 0.00164487364236, -0.000613916665316, 0.00114375422709, -0.00181862723548, 0.00101898028515], [-0.000386076862924, 0.00142229592893, -0.00102237355895, 0.00156262435485, -0.00217402796261, 0.0021753157489, -0.00363486888818, 0.0104606999084, -0.00413279933855, 0.00184856005944, -0.00170644081663, 0.00295802904293, -0.00183404702693], [0.000333493633661, -0.00184684596024, 0.00169913528953, -0.00247601117007, 0.000312468968332, -0.00155339681078, 0.00164487364236, -0.00413279933855, 0.0110633652657, -0.00668312842026, 0.00335211260244, -0.000908378919121, -0.00109052623156], [-0.000506611599121, 0.0022266858723, -0.00179912010208, 0.00251844455488, -0.00170026149135, 0.00108046259265, -0.000613916665316, 0.00184856005944, -0.00668312842026, 0.0148742580786, -0.00635746028274, 0.00325764878653, -6.27014524071e-05], [0.000507324526552, -0.0021753620822, 0.00133958691731, -0.00203622691333, 0.00151147262659, -0.00259477691725, 0.00114375422709, -0.00170644081663, 0.00335211260244, -0.00635746028274, 0.0143076265231, -0.00528486818075, 0.000456124631455], [-0.00035392967402, 0.00186696089804, -0.000917414436117, 0.00128007540479, -0.00152009935118, 0.00164530030452, -0.00181862723548, 0.00295802904293, -0.000908378919121, 0.00325764878653, -0.00528486818075, 0.0118180830032, -0.00354631268419], [-6.44762849333e-06, -0.000385898078093, 0.000167196194525, -0.00172955717426, 0.00154549197759, -0.000293767894618, 0.00101898028515, -0.00183404702693, -0.00109052623156, -6.27014524071e-05, 0.000456124631455, -0.00354631268419, 0.0128833726048]]
    },
    "melbands": {
        "dmean": [0.00351581745781, 0.00231642392464, 0.000653842987958, 0.000350855349097, 0.000443218537839, 0.000367082480807, 0.000220857036766, 0.000180991642992, 0.000248365045991, 0.000186791192391, 6.71259913361e-05, 6.97925206623e-05, 4.89189224027e-05, 3.34886426572e-05, 2.75084203167e-05, 1.86262168427e-05, 1.71467563632e-05, 2.57938499999e-05, 2.48355554504e-05, 2.24606192205e-05, 2.37933145399e-05, 1.64348166436e-05, 1.06054676507e-05, 1.01315590655e-05, 8.72256259754e-06, 9.92836703517e-06, 9.60724355537e-06, 7.5335474321e-06, 7.88868055679e-06, 8.9672021204e-06, 8.51476124808e-06, 9.0174135039e-06, 7.07242770659e-06, 8.7709440777e-06, 7.96794483904e-06, 6.8574818215e-06, 5.64922993362e-06, 6.500256859e-06, 6.92002595315e-06, 5.97350208409e-06],
        "dmean2": [0.00557060353458, 0.00376550620422, 0.00115041714162, 0.000580960535444, 0.000759174406994, 0.000574029865675, 0.000352935603587, 0.00029986500158, 0.000398321077228, 0.000284182315227, 0.000103144651803, 0.000111292974907, 7.45515280869e-05, 5.3831263358e-05, 4.23692545155e-05, 2.96374564641e-05, 2.67703198915e-05, 4.02434088755e-05, 3.90519962821e-05, 3.53083887603e-05, 3.77112082788e-05, 2.62259909505e-05, 1.70329640241e-05, 1.54169356392e-05, 1.30528314912e-05, 1.49191700984e-05, 1.45548074215e-05, 1.17256922749e-05, 1.14723570732e-05, 1.24054058688e-05, 1.23922663988e-05, 1.38502482514e-05, 1.02799995148e-05, 1.25122578538e-05, 1.12950292532e-05, 9.92885270534e-06, 8.46598413773e-06, 1.013173096e-05, 1.07235482574e-05, 9.27423025132e-06],
        "dvar": [7.79457186582e-05, 2.41095312958e-05, 1.62286153227e-06, 3.90943824868e-07, 5.25716927768e-07, 4.03632554935e-07, 2.50913842592e-07, 1.77208107743e-07, 3.3759565099e-07, 2.19614108232e-07, 3.04598373191e-08, 2.95509252624e-08, 1.77275811808e-08, 7.90176279963e-09, 7.61801999261e-09, 2.54653387266e-09, 1.92400229082e-09, 2.73106448567e-09, 2.50763210197e-09, 1.90874471784e-09, 1.77788073152e-09, 7.57506224414e-10, 4.19929618856e-10, 4.98206143007e-10, 2.40425013232e-10, 2.58411264609e-10, 2.85383411347e-10, 2.59644056255e-10, 2.60985066891e-10, 2.69299638145e-10, 2.91803553543e-10, 3.61058766218e-10, 1.8375768962e-10, 3.31666583087e-10, 2.51879378466e-10, 1.42458281283e-10, 8.56274495753e-11, 2.03871808324e-10, 2.94291230274e-10, 2.18324303081e-10],
        "dvar2": [0.000173085398274, 5.76403508603e-05, 4.80887501908e-06, 9.91441538645e-07, 1.41975954193e-06, 9.42548922467e-07, 5.90689467117e-07, 4.47367256129e-07, 7.48523859784e-07, 4.86091494167e-07, 7.11595475877e-08, 7.57550751018e-08, 3.63343382048e-08, 1.83843695822e-08, 1.5303989187e-08, 5.49492407131e-09, 4.06511357909e-09, 5.60698376617e-09, 5.93897864221e-09, 4.49902826105e-09, 4.18560341942e-09, 1.80855896925e-09, 1.0607502654e-09, 1.03772823667e-09, 5.48648959597e-10, 5.76553305098e-10, 6.25682838873e-10, 5.2841786502e-10, 5.36114208582e-10, 5.68552371849e-10, 5.51488188449e-10, 8.16479051036e-10, 3.52550516558e-10, 6.75077382883e-10, 4.90047835644e-10, 2.67238425833e-10, 1.80709627817e-10, 4.95942287237e-10, 7.08121561388e-10, 5.2731752298e-10],
        "max": [0.0794869214296, 0.0506505444646, 0.0129031930119, 0.00977577641606, 0.00768571626395, 0.00688798725605, 0.00828567147255, 0.00453550228849, 0.00885376799852, 0.00565834902227, 0.00263838423416, 0.00251819007099, 0.00270887417719, 0.00116499362048, 0.0025219398085, 0.00123634561896, 0.00110582518391, 0.000986134517007, 0.000644621846732, 0.000562571163755, 0.000607379246503, 0.000327494664816, 0.000185958677321, 0.000252315803664, 0.000130956395878, 0.00020424235845, 0.00017492994084, 0.000259864842519, 0.000186596327694, 0.000140167408972, 0.000223409078899, 0.000148151899339, 0.000108267697215, 0.000179126029252, 0.000173583815922, 0.000142815901199, 0.000121338132885, 0.00017783282965, 0.000256583327428, 0.0003008050262],
        "mean": [0.00477972440422, 0.00357652688399, 0.000779363617767, 0.000443040713435, 0.000544024864212, 0.000462974625407, 0.000241838104557, 0.000200206210138, 0.000295297737466, 0.000221937036258, 7.72800121922e-05, 7.8112425399e-05, 5.42491870874e-05, 3.50125410478e-05, 3.22534724546e-05, 2.01470047614e-05, 2.09149384318e-05, 3.20456274494e-05, 3.15064571623e-05, 2.97903025057e-05, 3.29417853209e-05, 2.43881531787e-05, 1.32027071231e-05, 1.22638512039e-05, 1.15166485557e-05, 1.43926199598e-05, 1.25150409076e-05, 1.0021351045e-05, 9.21678747545e-06, 1.13388214231e-05, 1.04159780676e-05, 1.02723788586e-05, 9.07046251086e-06, 1.05092640297e-05, 1.01382966022e-05, 9.28237204789e-06, 8.24767994345e-06, 8.16326246422e-06, 8.89547482075e-06, 7.45442457628e-06],
        "median": [0.000662184029352, 0.00105920317583, 0.000381666759495, 0.000173142718268, 0.00022988251294, 0.00015640964557, 6.39412173769e-05, 5.17247390235e-05, 5.02970178786e-05, 2.25883177336e-05, 1.58382554218e-05, 1.1328882465e-05, 8.61282114784e-06, 5.93786944592e-06, 4.07706147598e-06, 4.61565423393e-06, 4.57081750938e-06, 7.07107119524e-06, 8.45332306199e-06, 9.17934448808e-06, 8.91429954208e-06, 9.25853510125e-06, 4.05066703024e-06, 3.06137326334e-06, 3.98906422561e-06, 4.81824963572e-06, 3.94437120121e-06, 2.77737512988e-06, 2.04766729439e-06, 2.52044014815e-06, 2.58845352619e-06, 3.16266073241e-06, 2.78791935671e-06, 2.59921944235e-06, 2.38814618569e-06, 2.91684796139e-06, 2.95539598483e-06, 2.29813645092e-06, 2.12515715248e-06, 1.79171775017e-06],
        "min": [1.02278214499e-23, 6.7274870524e-24, 1.28380146683e-23, 1.00743738043e-23, 1.15582905868e-23, 7.58744325784e-24, 5.7678093622e-24, 7.12216678505e-24, 1.2340692299e-23, 1.02115519826e-23, 3.11740021208e-24, 3.92439170471e-24, 6.67879382416e-24, 1.15869372817e-23, 6.53303520584e-24, 6.77537090934e-24, 9.71647786684e-24, 4.53633477471e-24, 1.25423511787e-23, 7.95589967629e-24, 8.65977107416e-24, 8.86423198788e-24, 8.43554998363e-24, 1.33126825302e-23, 8.47236217777e-24, 9.64646725036e-24, 1.41608720863e-23, 6.18247804134e-24, 1.05277558324e-23, 9.76718190152e-24, 9.3777496716e-24, 8.73600501432e-24, 8.80548946057e-24, 9.81149616287e-24, 1.04419246105e-23, 1.48801302162e-23, 1.51570219716e-23, 1.26649969614e-23, 8.83262469799e-24, 1.29859458095e-23],
        "var": [0.000107838495751, 3.98534248234e-05, 1.49406957917e-06, 5.67574147681e-07, 6.4671672817e-07, 6.58210183246e-07, 2.89920109253e-07, 1.8803517321e-07, 4.83610790525e-07, 3.47964146385e-07, 3.44766206695e-08, 3.43443105066e-08, 2.726167736e-08, 9.96821825083e-09, 1.41404576937e-08, 3.32037308759e-09, 4.17382661766e-09, 4.77591477477e-09, 3.58506846432e-09, 2.92406210356e-09, 2.94808644163e-09, 1.47692325037e-09, 4.97085539397e-10, 6.76033284908e-10, 3.75546177489e-10, 5.07483277623e-10, 4.36536612414e-10, 3.5852226743e-10, 3.54153734117e-10, 4.35367575324e-10, 4.25472324039e-10, 4.23129753457e-10, 2.70770267319e-10, 4.46790604514e-10, 3.83607090537e-10, 2.43144726575e-10, 1.83482035121e-10, 2.67235955587e-10, 4.17020029619e-10, 2.99407609816e-10]
    },
    "mfcc": {
        "mean": [-641.910522461, 74.8921966553, 34.2330169678, 21.7162666321, 13.2332448959, 2.15152645111, -4.97693061829, 3.61791062355, 5.01947307587, 5.26791143417, -1.88699269295, -1.2432179451, 2.17471885681],
        "cov": [[8530.68261719, -60.5839767456, -631.672668457, 27.102312088, -232.636444092, -304.390533447, -347.673065186, -132.000686646, 121.924690247, 41.1892356873, -101.879859924, -64.3216629028, -0.370472639799], [-60.5839767456, 1269.34899902, 47.057598114, 40.6364898682, 109.441223145, 40.6030311584, 52.9658432007, 59.3332061768, 10.3064508438, 87.4489364624, 93.6130905151, 15.2368011475, 31.9561691284], [-631.672668457, 47.057598114, 784.996520996, 260.050415039, 242.811630249, 150.241424561, 122.125061035, 31.3063259125, 80.6749801636, -26.9129619598, 37.1897659302, 48.631072998, 17.3668251038], [27.102312088, 40.6364898682, 260.050415039, 634.079650879, 350.048461914, 48.9716758728, -15.3310337067, 30.9534301758, 110.725822449, 22.1503124237, -19.6809635162, 60.4496192932, 52.8312683105], [-232.636444092, 109.441223145, 242.811630249, 350.048461914, 494.809295654, 117.649497986, 4.9064283371, 13.7421798706, 98.9237442017, 52.5772705078, 34.3548622131, 57.3761901855, 60.4571838379], [-304.390533447, 40.6030311584, 150.241424561, 48.9716758728, 117.649497986, 363.606628418, 219.303070068, 149.351654053, 85.7736053467, 59.3434524536, 96.0703582764, 72.4787902832, 2.93969869614], [-347.673065186, 52.9658432007, 122.125061035, -15.3310337067, 4.9064283371, 219.303070068, 379.36026001, 189.427474976, 68.9969482422, 59.8569869995, 89.4943389893, 59.0670661926, -3.5511033535], [-132.000686646, 59.3332061768, 31.3063259125, 30.9534301758, 13.7421798706, 149.351654053, 189.427474976, 253.655990601, 87.5467758179, 40.2839126587, 60.4160575867, 43.7092781067, 9.21516990662], [121.924690247, 10.3064508438, 80.6749801636, 110.725822449, 98.9237442017, 85.7736053467, 68.9969482422, 87.5467758179, 210.031509399, 112.223274231, 46.1083335876, 34.1802101135, 7.0391163826], [41.1892356873, 87.4489364624, -26.9129619598, 22.1503124237, 52.5772705078, 59.3434524536, 59.8569869995, 40.2839126587, 112.223274231, 199.240234375, 79.077003479, 24.3623447418, 19.4968986511], [-101.879859924, 93.6130905151, 37.1897659302, -19.6809635162, 34.3548622131, 96.0703582764, 89.4943389893, 60.4160575867, 46.1083335876, 79.077003479, 140.816757202, 45.1205673218, 12.3590335846], [-64.3216629028, 15.2368011475, 48.631072998, 60.4496192932, 57.3761901855, 72.4787902832, 59.0670661926, 43.7092781067, 34.1802101135, 24.3623447418, 45.1205673218, 97.9038543701, 28.0107727051], [-0.370472639799, 31.9561691284, 17.3668251038, 52.8312683105, 60.4571838379, 2.93969869614, -3.5511033535, 9.21516990662, 7.0391163826, 19.4968986511, 12.3590335846, 28.0107727051, 80.0920028687]],
