{
"lowlevel": {
    "average_loudness": 0.953833580017,
    "barkbands_crest": {
        "dmean": 2.29289507866,
        "dmean2": 3.68968939781,
        "dvar": 4.59056997299,
        "dvar2": 11.9769849777,
        "max": 25.9586963654,
        "mean": 11.1437921524,
        "median": 10.6758794785,
        "min": 3.35226964951,
        "var": 12.9415464401
    },
    "barkbands_flatness_db": {
        "dmean": 0.0235012564808,
        "dmean2": 0.0332903787494,
        "dvar": 0.000457952759461,
        "dvar2": 0.000985920312814,
        "max": 0.369160562754,
        "mean": 0.211074754596,
        "median": 0.210000351071,
        "min": 0.0425009839237,
        "var": 0.0024412998464
    },
    "barkbands_kurtosis": {
        "dmean": 3.48032045364,
        "dmean2": 5.31234169006,
        "dvar": 24.3639621735,
        "dvar2": 62.5086898804,
        "max": 122.615203857,
        "mean": 7.9128613472,
        "median": 6.50603580475,
        "min": -1.90208864212,
        "var": 60.1875724792
    },
    "barkbands_skewness": {
        "dmean": 0.499012827873,
        "dmean2": 0.73327344656,
        "dvar": 0.25453338027,
        "dvar2": 0.558880805969,
        "max": 10.0003395081,
        "mean": 1.92549741268,
        "median": 1.90539038181,
        "min": -1.9914740324,
        "var": 1.00080835819
    },
    "barkbands_spread": {
        "dmean": 3.05577087402,
        "dmean2": 4.25900745392,
        "dvar": 25.402173996,
        "dvar2": 41.8348846436,
        "max": 84.9912490845,
        "mean": 10.91776371,
        "median": 7.62981748581,
        "min": 0.874566733837,
        "var": 115.291809082
    },
    "dissonance": {
        "dmean": 0.0272063240409,
        "dmean2": 0.0434845983982,
        "dvar": 0.000577300379518,
        "dvar2": 0.00149610068183,
        "max": 0.497686982155,
        "mean": 0.420465141535,
        "median": 0.425382584333,
        "min": 0.23321723938,
        "var": 0.00172640057281
    },
    "dynamic_complexity": 2.91073298454,
    "erbbands_crest": {
        "dmean": 2.31089997292,
        "dmean2": 3.48554229736,
        "dvar": 4.97430038452,
        "dvar2": 11.2148923874,
        "max": 27.1057338715,
        "mean": 11.6962146759,
        "median": 10.6438522339,
        "min": 2.76915311813,
        "var": 20.4354915619
    },
    "erbbands_flatness_db": {
        "dmean": 0.0222434867173,
        "dmean2": 0.0278260540217,
        "dvar": 0.000433320878074,
        "dvar2": 0.000758166599553,
        "max": 0.334041744471,
        "mean": 0.195415049791,
        "median": 0.194869071245,
        "min": 0.0534104667604,
        "var": 0.002049817238
    },
    "erbbands_kurtosis": {
        "dmean": 1.51481831074,
        "dmean2": 2.29729604721,
        "dvar": 3.68133807182,
        "dvar2": 8.02712249756,
        "max": 29.0311584473,
        "mean": 2.35962200165,
        "median": 1.5764966011,
        "min": -1.86276948452,
        "var": 11.7385034561
    },
    "erbbands_skewness": {
        "dmean": 0.380947381258,
        "dmean2": 0.544459462166,
        "dvar": 0.151207670569,
        "dvar2": 0.294997543097,
        "max": 4.40330266953,
        "mean": 1.17102134228,
        "median": 1.20844292641,
        "min": -5.2150349617,
        "var": 0.777315497398
    },
    "erbbands_spread": {
        "dmean": 7.50855493546,
        "dmean2": 10.587884903,
        "dvar": 87.4301528931,
        "dvar2": 177.638916016,
        "max": 112.296867371,
        "mean": 29.4933280945,
        "median": 24.4953422546,
        "min": 3.95600938797,
        "var": 332.246490479
    },
    "hfc": {
        "dmean": 3.04820823669,
        "dmean2": 4.20468044281,
        "dvar": 24.9926948547,
        "dvar2": 43.3207931519,
        "max": 116.125328064,
        "mean": 12.3109302521,
        "median": 7.8924036026,
        "min": 1.22485225807e-16,
        "var": 166.277282715
    },
    "melbands_crest": {
        "dmean": 2.68775177002,
        "dmean2": 4.40877485275,
        "dvar": 6.18361330032,
        "dvar2": 15.7356815338,
        "max": 28.9399242401,
        "mean": 13.4781560898,
        "median": 12.7704153061,
        "min": 1.31194746494,
        "var": 16.6351394653
    },
    "melbands_flatness_db": {
        "dmean": 0.0280993171036,
        "dmean2": 0.0379838049412,
        "dvar": 0.000687367573846,
        "dvar2": 0.00141528889071,
        "max": 0.497096687555,
        "mean": 0.284290075302,
        "median": 0.284651130438,
        "min": 0.000440436677309,
        "var": 0.00443706661463
    },
    "melbands_kurtosis": {
        "dmean": 5.72677898407,
        "dmean2": 8.61095619202,
        "dvar": 60.5237617493,
        "dvar2": 147.116073608,
        "max": 151.758590698,
        "mean": 13.877281189,
        "median": 10.7212381363,
        "min": -1.60730910301,
        "var": 166.115036011
    },
    "melbands_skewness": {
        "dmean": 0.585645973682,
        "dmean2": 0.867453038692,
        "dvar": 0.362788170576,
        "dvar2": 0.808136224747,
        "max": 9.05165290833,
        "mean": 2.39659571648,
        "median": 2.24646282196,
        "min": -0.421786427498,
        "var": 1.42077279091
    },
    "melbands_spread": {
        "dmean": 3.09456467628,
        "dmean2": 4.37395524979,
        "dvar": 45.411655426,
        "dvar2": 78.4029312134,
        "max": 146.738708496,
        "mean": 11.130856514,
        "median": 8.05115890503,
        "min": 0.987650156021,
        "var": 143.981582642
    },
    "pitch_salience": {
        "dmean": 0.0585675612092,
        "dmean2": 0.0949124097824,
        "dvar": 0.00290435017087,
        "dvar2": 0.00780081795529,
        "max": 0.981142699718,
        "mean": 0.564985156059,
        "median": 0.568430185318,
        "min": 0.149102702737,
        "var": 0.00939604826272
    },
    "silence_rate_20dB": {
        "dmean": 0,
        "dmean2": 0,
        "dvar": 0,
        "dvar2": 0,
        "max": 1,
        "mean": 1,
        "median": 1,
        "min": 1,
        "var": 0
    },
    "silence_rate_30dB": {
        "dmean": 0,
        "dmean2": 0,
        "dvar": 0,
        "dvar2": 0,
        "max": 1,
        "mean": 1,
        "median": 1,
        "min": 1,
        "var": 0
    },
    "silence_rate_60dB": {
        "dmean": 0.00772797549143,
        "dmean2": 0.0154619254172,
        "dvar": 0.00766831589863,
        "dvar2": 0.01908775419,
        "max": 1,
        "mean": 0.0440324433148,
        "median": 0,
        "min": 0,
        "var": 0.0420926176012
    },
    "spectral_centroid": {
        "dmean": 145.549331665,
        "dmean2": 194.204055786,
        "dvar": 111450.25,
        "dvar2": 115092.25,
        "max": 11566.2138672,
        "mean": 698.84576416,
        "median": 516.045837402,
        "min": 239.564559937,
        "var": 353837.40625
    },
    "spectral_complexity": {
        "dmean": 1.78052544594,
        "dmean2": 2.74835705757,
        "dvar": 3.65282177925,
        "dvar2": 6.87553882599,
        "max": 47,
        "mean": 11.7315568924,
        "median": 11,
        "min": 0,
        "var": 27.2918567657
    },
    "spectral_decrease": {
        "dmean": 1.8233703436e-09,
        "dmean2": 2.86301116148e-09,
        "dvar": 6.18917668777e-18,
        "dvar2": 1.42707895886e-17,
        "max": -1.28858285067e-29,
        "mean": -6.63135191203e-09,
        "median": -5.63107915852e-09,
        "min": -2.72676139446e-08,
        "var": 1.78605317627e-17
    },
    "spectral_energy": {
        "dmean": 0.00707549462095,
        "dmean2": 0.0110825160518,
        "dvar": 9.21979080886e-05,
        "dvar2": 0.000211682316149,
        "max": 0.107432574034,
        "mean": 0.0261448826641,
        "median": 0.0220312513411,
        "min": 1.1249346138e-20,
        "var": 0.000280157721136
    },
    "spectral_energyband_high": {
        "dmean": 0.000158830560395,
        "dmean2": 0.000209962556255,
        "dvar": 2.16561531374e-07,
        "dvar2": 3.64322801261e-07,
        "max": 0.0108572524041,
        "mean": 0.000318083039019,
        "median": 6.04715241934e-05,
        "min": 8.20389976712e-21,
        "var": 7.72084490563e-07
    },
    "spectral_energyband_low": {
        "dmean": 0.00363215780817,
        "dmean2": 0.00602113176137,
        "dvar": 4.94410269312e-05,
        "dvar2": 0.000127465216792,
        "max": 0.0773197412491,
        "mean": 0.00642898259684,
        "median": 0.00490212300792,
        "min": 1.08194191661e-22,
        "var": 4.9551097618e-05
    },
    "spectral_energyband_middle_high": {
        "dmean": 0.000668552645948,
        "dmean2": 0.000863751978613,
        "dvar": 2.24382210945e-06,
        "dvar2": 3.43740907738e-06,
        "max": 0.0364835523069,
        "mean": 0.00219098082744,
        "median": 0.000879717292264,
        "min": 1.49565018599e-21,
        "var": 1.58117254614e-05
    },
    "spectral_energyband_middle_low": {
        "dmean": 0.00479897065088,
        "dmean2": 0.00746708409861,
        "dvar": 4.20681317337e-05,
        "dvar2": 9.32431066758e-05,
        "max": 0.0932953208685,
        "mean": 0.0177568625659,
        "median": 0.014361818321,
        "min": 3.44618089497e-22,
        "var": 0.000167895646882
    },
    "spectral_entropy": {
        "dmean": 0.24356597662,
        "dmean2": 0.316676795483,
        "dvar": 0.0562353134155,
        "dvar2": 0.0967824459076,
        "max": 9.80695915222,
        "mean": 6.81541442871,
        "median": 6.79600381851,
        "min": 5.48259401321,
        "var": 0.302547335625
    },
    "spectral_flux": {
        "dmean": 0.0213851127774,
        "dmean2": 0.033495683223,
        "dvar": 0.000617022044025,
        "dvar2": 0.00132465863135,
        "max": 0.243391439319,
        "mean": 0.0639618560672,
        "median": 0.0537567734718,
        "min": 1.06062936212e-10,
        "var": 0.00163998152129
    },
    "spectral_kurtosis": {
        "dmean": 4.54868268967,
        "dmean2": 6.906894207,
        "dvar": 34.1281318665,
        "dvar2": 79.1033248901,
        "max": 87.3535461426,
        "mean": 10.258813858,
        "median": 7.10278129578,
        "min": -1.21567809582,
        "var": 91.8022384644
    },
    "spectral_rms": {
        "dmean": 0.000643356586806,
        "dmean2": 0.000993659137748,
        "dvar": 5.7226611716e-07,
        "dvar2": 1.25523854422e-06,
        "max": 0.0102377859876,
        "mean": 0.00477083725855,
        "median": 0.00463615171611,
        "min": 3.31284956065e-12,
        "var": 2.74630838248e-06
    },
    "spectral_rolloff": {
        "dmean": 180.044174194,
        "dmean2": 297.162109375,
        "dvar": 434387.03125,
        "dvar2": 777273.5625,
        "max": 18884.6191406,
        "mean": 723.739196777,
        "median": 452.197265625,
        "min": 107.666015625,
        "var": 1180929.875
    },
    "spectral_skewness": {
        "dmean": 0.461982280016,
        "dmean2": 0.653459072113,
        "dvar": 0.223549827933,
        "dvar2": 0.464552223682,
        "max": 7.93828296661,
        "mean": 2.35022878647,
        "median": 2.1897714138,
        "min": -0.395943492651,
        "var": 1.10413587093
    },
    "spectral_spread": {
        "dmean": 713168.125,
        "dmean2": 902580.6875,
        "dvar": 1.2954786857e+12,
        "dvar2": 1.51012756685e+12,
        "max": 41025980,
        "mean": 3896500,
        "median": 3615122.75,
        "min": 869249.625,
        "var": 3.5486784553e+12
    },
    "spectral_strongpeak": {
        "dmean": 0.36695471406,
        "dmean2": 0.615484058857,
        "dvar": 0.28629642725,
        "dvar2": 0.701461434364,
        "max": 9.15291976929,
        "mean": 0.91914665699,
        "median": 0.739479541779,
        "min": 0,
        "var": 0.715407848358
    },
    "zerocrossingrate": {
        "dmean": 0.00680329743773,
        "dmean2": 0.00772643275559,
        "dvar": 0.000234543724218,
        "dvar2": 0.000324985274347,
        "max": 0.5068359375,
        "mean": 0.0326245054603,
        "median": 0.02587890625,
        "min": 0.00634765625,
        "var": 0.000830623728689
    },
    "barkbands": {
        "dmean": [0.000161414500326, 0.00297430064529, 0.00073401426198, 0.00086100155022, 0.00251477770507, 0.00188281084411, 0.000912951712962, 0.000536686507985, 0.000450980849564, 0.000206572032766, 0.000133778958116, 7.66389566706e-05, 6.47144261166e-05, 6.35781834717e-05, 0.000143189317896, 0.000155501067638, 0.000101671023003, 0.000114920141641, 8.76804624568e-05, 4.41701449745e-05, 6.36968252365e-05, 3.94011367462e-05, 2.02755054488e-05, 1.32730756377e-05, 1.40614893098e-05, 4.97502833241e-06, 1.43855205526e-09],
        "dmean2": [0.000268632313237, 0.00502200378105, 0.00125674088486, 0.00149944610894, 0.00403921352699, 0.00278895837255, 0.00132600427605, 0.00081445480464, 0.000592489494011, 0.000291131029371, 0.000197733403184, 0.000113327572763, 9.24292107811e-05, 9.04293410713e-05, 0.000207304095966, 0.000225092735491, 0.000144191129948, 0.000162864351296, 0.000129379637656, 6.30596841802e-05, 8.84949695319e-05, 5.78965700697e-05, 3.00562351185e-05, 1.86949655472e-05, 1.86915549421e-05, 7.13076360626e-06, 2.5515658475e-09],
        "dvar": [1.40570449503e-07, 3.71483074559e-05, 1.49839218011e-06, 2.46080753641e-06, 1.45181975313e-05, 1.2703279026e-05, 7.80828850111e-06, 2.75771708402e-06, 1.86135343938e-06, 3.93844942437e-07, 1.2735073085e-07, 2.4553774125e-08, 4.03745943345e-08, 5.68865061723e-08, 4.72335955237e-07, 4.84490215058e-07, 1.28491663531e-07, 1.7374493666e-07, 1.60114538517e-07, 4.94435390408e-08, 4.51418458169e-08, 2.33480488276e-08, 3.84869025538e-09, 9.24319676354e-10, 2.47511033891e-09, 1.68063923889e-10, 8.84680004883e-18],
        "dvar2": [3.56288893499e-07, 0.000100539196865, 4.00074668505e-06, 6.94638538334e-06, 3.45515436493e-05, 2.7357662475e-05, 1.50818741531e-05, 5.8571918089e-06, 2.85165378955e-06, 6.95904020631e-07, 2.6203920811e-07, 5.08270048272e-08, 7.63041470009e-08, 9.61196775506e-08, 1.03483466773e-06, 1.03573540855e-06, 2.51402440199e-07, 3.442683294e-07, 3.27517483356e-07, 1.00812577841e-07, 8.12980829323e-08, 4.5482597244e-08, 8.14180189934e-09, 1.79179404647e-09, 3.31433969158e-09, 3.31073363169e-10, 2.13264086032e-17],
        "max": [0.00549549236894, 0.0678815618157, 0.0145781543106, 0.0139240399003, 0.0537933185697, 0.0742667540908, 0.0629978254437, 0.0344860069454, 0.0440152958035, 0.016260528937, 0.0110171083361, 0.00306113110855, 0.00710277864709, 0.00992751028389, 0.0155669776723, 0.0216701664031, 0.00908248499036, 0.00736396899447, 0.0111237922683, 0.00886945053935, 0.00556767359376, 0.0039343982935, 0.00233111460693, 0.00091492489446, 0.00206223200075, 0.000421753211413, 8.14719669506e-08],
        "mean": [0.00020784996741, 0.00436665164307, 0.00142212584615, 0.00121795502491, 0.00655180728063, 0.00558203365654, 0.00198975251988, 0.00111880665645, 0.00106542452704, 0.00048708068789, 0.000314484728733, 0.000160234340001, 0.000125502498122, 0.000118966105219, 0.000240419787588, 0.000284233421553, 0.00019157580391, 0.00020211962692, 0.000154848647071, 6.90235247021e-05, 0.000117557108751, 6.48368149996e-05, 3.58278412023e-05, 2.33974715229e-05, 2.57883148151e-05, 6.57603732179e-06, 1.43049827539e-09],
        "median": [5.44472604815e-05, 0.003146213945, 0.00111457984895, 0.000700688979123, 0.0041053565219, 0.00323484349065, 0.000715495902114, 0.000414049980463, 0.000383172213333, 0.000121061399113, 8.86458146852e-05, 6.92961475579e-05, 3.60888989235e-05, 2.24479626922e-05, 3.07683512801e-05, 4.14741443819e-05, 3.29462018271e-05, 1.5844063455e-05, 1.43594916153e-05, 1.15646789709e-05, 1.54578956426e-05, 8.05692798167e-06, 6.9434317993e-06, 5.71068494537e-06, 3.83075575883e-06, 9.09320817755e-07, 5.82008219396e-10],
        "min": [2.70291009162e-23, 2.5025473103e-23, 9.00504681491e-24, 4.89325410242e-24, 2.86787289758e-23, 6.42346905254e-23, 4.75319681852e-23, 2.04321096013e-23, 5.34491696591e-23, 1.75496875843e-23, 5.22756980418e-23, 1.0287158305e-22, 6.0370774081e-23, 8.62544742063e-23, 2.17071398026e-22, 1.6531569816e-22, 1.52305311862e-22, 1.10764767496e-22, 2.10248937643e-22, 2.95192356579e-22, 4.44577620914e-22, 5.00417764868e-22, 5.44237132752e-22, 9.69314011115e-22, 1.45970680538e-21, 1.60901744979e-21, 2.36088655933e-21],
        "var": [1.61308761903e-07, 3.31860464939e-05, 1.81632890417e-06, 2.55102122537e-06, 4.9270249292e-05, 4.93352126796e-05, 2.02175197046e-05, 6.58473754811e-06, 7.75043372414e-06, 1.45528758821e-06, 4.48394501973e-07, 7.19566486396e-08, 1.44920406342e-07, 1.94530201725e-07, 9.81101379693e-07, 1.326322149e-06, 3.92707761421e-07, 4.29173212524e-07, 3.77662729534e-07, 6.73281164154e-08, 1.32834856004e-07, 6.36075725424e-08, 1.20559526806e-08, 3.22950177711e-09, 1.33810438285e-08, 4.37760799832e-10, 1.09364278482e-17]
    },
    "erbbands": {
        "dmean": [0.097668915987, 0.639523565769, 0.961235046387, 1.69449353218, 4.95681142807, 9.80166339874, 13.3454465866, 18.4842796326, 12.2224378586, 12.8978643417, 9.30223751068, 12.2678537369, 6.54812002182, 5.59006214142, 4.62034416199, 3.10994410515, 2.87416553497, 2.56756973267, 5.14717483521, 7.45921850204, 7.79091739655, 4.56512403488, 5.22227907181, 6.63378667831, 1.99118995667, 2.09209752083, 2.687458992, 2.46141171455, 1.46778225899, 0.831941246986, 0.539942979813, 0.286245524883, 0.241770416498, 0.205546498299, 0.0754907429218, 0.0288495477289, 0.00776401720941, 0.00085246009985, 1.79301932803e-05, 8.25723964226e-06],
        "dmean2": [0.159752950072, 1.10452497005, 1.6441270113, 2.91821742058, 8.42041110992, 15.2607679367, 20.3110389709, 26.518032074, 17.6901226044, 19.1355724335, 13.6518650055, 16.3135681152, 8.97035312653, 8.3406419754, 6.54771757126, 4.50461196899, 4.03168153763, 3.55387997627, 7.29695558548, 10.1760253906, 11.1621160507, 6.35666322708, 7.06182575226, 8.97055053711, 2.6494371891, 2.97382974625, 3.84833526611, 3.44739055634, 2.15310335159, 1.16058850288, 0.802847623825, 0.406171709299, 0.347016274929, 0.27512255311, 0.103436104953, 0.0412316173315, 0.0112211853266, 0.00121287058573, 2.49663225986e-05, 1.27164967125e-05],
        "dvar": [0.0467228069901, 1.59550106525, 2.5366692543, 10.8290996552, 53.5572242737, 300.051330566, 792.795349121, 1308.15258789, 1555.49230957, 1957.0020752, 757.182617188, 1392.14147949, 469.815795898, 225.960784912, 110.975219727, 45.6083564758, 86.502204895, 53.274307251, 269.117828369, 1618.81103516, 1073.23291016, 280.794830322, 380.800537109, 865.16027832, 43.5809669495, 154.182067871, 100.931930542, 79.107421875, 33.9772338867, 6.12624931335, 2.56081628799, 0.438278496265, 0.372091293335, 0.551272928715, 0.0785052776337, 0.00761948479339, 0.000352760544047, 4.45236855739e-06, 1.57166024639e-09, 1.14917228511e-10],
        "dvar2": [0.121506348252, 4.39637470245, 6.84274148941, 29.5416927338, 153.128463745, 695.066650391, 1833.45166016, 2594.56811523, 3121.41186523, 4001.58789062, 1679.29064941, 2244.03295898, 822.143798828, 483.366943359, 193.915252686, 92.7496643066, 155.599441528, 94.7472229004, 519.618408203, 3135.4440918, 2057.62573242, 606.429138184, 770.280639648, 1589.19189453, 73.1452331543, 340.744293213, 180.522781372, 169.899291992, 68.9155578613, 10.345281601, 5.25486183167, 0.818265557289, 0.760424077511, 0.83961725235, 0.115808784962, 0.0138967223465, 0.000695625902154, 8.12800317362e-06, 2.81160716931e-09, 2.62293908815e-10],
        "max": [2.56326174736, 14.6650009155, 17.493057251, 33.4016151428, 84.3835372925, 290.369873047, 519.547424316, 904.224304199, 1151.1661377, 1011.59857178, 688.640625, 1096.52429199, 642.853088379, 297.456604004, 420.915435791, 127.758522034, 337.95135498, 185.438201904, 469.616210938, 1018.17785645, 874.429504395, 432.540039062, 411.470916748, 768.781799316, 148.083465576, 511.071685791, 221.510787964, 233.877716064, 127.270820618, 82.3860473633, 46.9998168945, 19.7714195251, 16.3517932892, 34.4197311401, 11.2290506363, 3.22520899773, 0.426034033298, 0.0621434636414, 0.00115028314758, 0.000122702957015],
        "mean": [0.133556127548, 0.925754547119, 1.83523869514, 2.75905156136, 9.59759235382, 24.5354061127, 36.59948349, 53.993637085, 30.4029827118, 28.7967395782, 21.8882427216, 29.7090358734, 17.0395278931, 13.2170467377, 11.5781822205, 7.11607265472, 6.29597616196, 5.50986766815, 10.273018837, 14.0793762207, 15.5704154968, 9.46921825409, 10.5299053192, 12.4157581329, 4.2490363121, 3.33721017838, 4.84741592407, 4.15957450867, 2.39139461517, 1.53654277325, 0.930829107761, 0.503105044365, 0.416100114584, 0.368072509766, 0.133905008435, 0.0400715246797, 0.0100542008877, 0.00111412769184, 3.52275128535e-05, 3.10179129883e-05],
        "median": [0.0810505673289, 0.651353061199, 1.48885822296, 1.85743951797, 5.73229694366, 12.5285015106, 19.7944564819, 29.182346344, 15.5039577484, 10.1114988327, 7.1748380661, 11.5763578415, 5.73314094543, 4.39143037796, 4.5843963623, 3.06907749176, 2.05968952179, 1.45160257816, 1.61597454548, 1.99055790901, 2.57396316528, 1.9256913662, 1.00878846645, 0.961701333523, 0.638098478317, 0.55228215456, 0.703811883926, 0.520115494728, 0.29385381937, 0.25129583478, 0.173360660672, 0.118744857609, 0.0937178954482, 0.0578702539206, 0.0173315685242, 0.00492436019704, 0.0014908623416, 0.000173811422428, 1.70445164258e-05, 2.64865520876e-05],
        "min": [6.62218210482e-22, 6.32605316209e-21, 1.43631916214e-20, 1.47240055427e-20, 6.2518427019e-20, 1.09151147642e-19, 3.47620041637e-19, 3.47680580918e-19, 3.26411285827e-19, 1.3005470224e-18, 6.00984765328e-19, 1.45804489937e-18, 6.75501382509e-19, 1.11374399748e-18, 3.31600784346e-18, 3.93320534879e-18, 2.42416342049e-18, 4.79877996307e-18, 7.80646491859e-18, 9.87895601717e-18, 1.0468246103e-17, 7.7036653936e-18, 6.3281591607e-18, 8.73448463808e-18, 1.3822441153e-17, 1.14961660794e-17, 1.48448777492e-17, 1.70108303308e-17, 1.5095391052e-17, 1.79040149932e-17, 1.70528362167e-17, 1.73384153601e-17, 1.72183302418e-17, 1.45847393727e-17, 1.06187574057e-17, 6.32782001665e-18, 3.45268351645e-18, 1.2254339563e-18, 3.09690992967e-19, 3.16238418321e-20],
        "var": [0.0449032969773, 1.39401400089, 2.85282468796, 10.3129062653, 117.764915466, 1021.41992188, 2722.80761719, 5265.45361328, 3205.48144531, 5080.66845703, 2172.25976562, 5269.86962891, 1791.30102539, 647.986022949, 594.406921387, 143.958938599, 341.330474854, 184.192901611, 994.304260254, 4258.69091797, 3079.00756836, 816.908630371, 1108.18591309, 2234.11987305, 172.824478149, 181.911727905, 250.729141235, 177.8074646, 84.5495834351, 27.9765110016, 7.92478847504, 1.47951328754, 1.18068349361, 2.55746483803, 0.398374974728, 0.0237875040621, 0.000821744848508, 1.08801150418e-05, 4.39224168147e-09, 3.90929122407e-10]
    },
    "gfcc": {
        "mean": [-50.4522666931, 136.839416504, -92.5002670288, 28.7634048462, -64.2297134399, 2.35479593277, -41.6381340027, 4.68686532974, -18.4706249237, 0.324576318264, -11.8335514069, 3.80100011826, 1.19982647896],
        "cov": [[7627.09912109, -1161.75231934, -782.22857666, 583.878112793, -445.05355835, 33.2954940796, -268.557617188, 260.524810791, -154.41569519, 35.3012084961, -110.686004639, 23.1248207092, -51.1329193115], [-1161.75231934, 1392.41967773, -11.3328504562, -473.131561279, 361.107116699, -92.2744827271, 132.35295105, -112.748573303, 144.270767212, -147.534759521, 152.529434204, -87.3452301025, 90.4022750854], [-782.22857666, -11.3328504562, 662.729187012, 10.2917747498, -17.0029010773, 139.538833618, 52.8262710571, -31.6612091064, -24.5112838745, 86.3936233521, -71.0724105835, 92.2895202637, -48.4836158752], [583.878112793, -473.131561279, 10.2917747498, 536.379455566, -97.0493774414, -56.0755958557, 12.2745027542, 67.5461349487, -5.74290752411, 19.0343780518, 0.142838865519, 42.9901809692, 4.91329717636], [-445.05355835, 361.107116699, -17.0029010773, -97.0493774414, 273.83480835, -28.3123645782, -3.12148404121, -6.92228317261, 48.2446479797, -39.0452804565, 45.4963226318, -12.3224754333, 17.5037727356], [33.2954940796, -92.2744827271, 139.538833618, -56.0755958557, -28.3123645782, 195.589599609, 34.6550216675, -15.5242528915, -18.1817035675, 60.3209457397, -42.0994949341, 10.3726062775, -20.5313529968], [-268.557617188, 132.35295105, 52.8262710571, 12.2745027542, -3.12148404121, 34.6550216675, 173.028274536, 3.05147624016, 9.9405040741, 6.18010568619, 16.2143325806, 1.58883357048, 21.3582439423], [260.524810791, -112.748573303, -31.6612091064, 67.5461349487, -6.92228317261, -15.5242528915, 3.05147624016, 117.734268188, 12.6424560547, -13.5261259079, 0.391349494457, 10.6431407928, -7.66660881042], [-154.41569519, 144.270767212, -24.5112838745, -5.74290752411, 48.2446479797, -18.1817035675, 9.9405040741, 12.6424560547, 107.500892639, 0.0114388950169, 13.5683002472, -11.361035347, 15.0166463852], [35.3012084961, -147.534759521, 86.3936233521, 19.0343780518, -39.0452804565, 60.3209457397, 6.18010568619, -13.5261259079, 0.0114388950169, 129.726989746, -19.1522979736, 9.95475387573, -23.9497432709], [-110.686004639, 152.529434204, -71.0724105835, 0.142838865519, 45.4963226318, -42.0994949341, 16.2143325806, 0.391349494457, 13.5683002472, -19.1522979736, 123.278717041, -1.50379252434, 20.8566932678], [23.1248207092, -87.3452301025, 92.2895202637, 42.9901809692, -12.3224754333, 10.3726062775, 1.58883357048, 10.6431407928, -11.361035347, 9.95475387573, -1.50379252434, 104.708351135, 12.3753023148], [-51.1329193115, 90.4022750854, -48.4836158752, 4.91329717636, 17.5037727356, -20.5313529968, 21.3582439423, -7.66660881042, 15.0166463852, -23.9497432709, 20.8566932678, 12.3753023148, 92.7646331787]],
        "icov": [[0.000268694857368, -0.000469464634079, 0.000582147215027, -0.000554160797037, 0.000530138902832, -0.00059363222681, 0.000686997140292, -0.000700438860804, 0.000657910655718, -0.000434636953287, 0.000488258956466, -0.000461422052467, 0.000224809278734], [-0.000469464634079, 0.00521571468562, -0.00241611595266, 0.00398218026385, -0.00369592453353, 0.00309153134003, -0.00433012889698, 0.0039914813824, -0.00483271107078, 0.00401586154476, -0.00378828169778, 0.0031263390556, -0.00185310491361], [0.000582147215027, -0.00241611595266, 0.00407332042232, -0.00227880408056, 0.00162813893985, -0.00289556919597, 0.00173546711449, -0.00161897472572, 0.00260474183597, -0.00255855754949, 0.00294377305545, -0.003875794122, 0.00221661385149], [-0.000554160797037, 0.00398218026385, -0.00227880408056, 0.00556245725602, -0.00219703535549, 0.00364545406774, -0.0038022545632, 0.00211533857509, -0.00383330159821, 0.00251541240141, -0.00307371700183, 0.0018927018391, -0.0016916745808], [0.000530138902832, -0.00369592453353, 0.00162813893985, -0.00219703535549, 0.00750816287473, -0.00222187419422, 0.00366683048196, -0.00308398786001, 0.00170696538407, -0.00174945034087, 0.00131357298233, -0.0021329827141, 0.00111495051533], [-0.00059363222681, 0.00309153134003, -0.00289556919597, 0.00364545406774, -0.00222187419422, 0.00990386120975, -0.00441475026309, 0.00264869211242, -0.00221943063661, -0.000194088803255, -0.000848078983836, 0.00220353808254, -0.000993989990093], [0.000686997140292, -0.00433012889698, 0.00173546711449, -0.0038022545632, 0.00366683048196, -0.00441475026309, 0.0107117248699, -0.00429629860446, 0.00374076375738, -0.0031686166767, 0.00186212908011, -0.00181005790364, -0.00038419777411], [-0.000700438860804, 0.0039914813824, -0.00161897472572, 0.00211533857509, -0.00308398786001, 0.00264869211242, -0.00429629860446, 0.0135962981731, -0.00563762430102, 0.004606931936, -0.00269766501151, 0.000937700620852, 0.000630338734481], [0.000657910655718, -0.00483271107078, 0.00260474183597, -0.00383330159821, 0.00170696538407, -0.00221943063661, 0.00374076375738, -0.00563762430102, 0.0156645905226, -0.0054075983353, 0.00363393709995, -0.0016924617812, -2.69589490927e-05], [-0.000434636953287, 0.00401586154476, -0.00255855754949, 0.00251541240141, -0.00174945034087, -0.000194088803255, -0.0031686166767, 0.004606931936, -0.0054075983353, 0.0133870234713, -0.00324927293696, 0.00208944873884, 0.00055721285753], [0.000488258956466, -0.00378828169778, 0.00294377305545, -0.00307371700183, 0.00131357298233, -0.000848078983836, 0.00186212908011, -0.00269766501151, 0.00363393709995, -0.00324927293696, 0.0128640681505, -0.0033104873728, 0.000697263050824], [-0.000461422052467, 0.0031263390556, -0.003875794122, 0.0018927018391, -0.0021329827141, 0.00220353808254, -0.00181005790364, 0.000937700620852, -0.0016924617812, 0.00208944873884, -0.0033104873728, 0.0144537752494, -0.00441305665299], [0.000224809278734, -0.00185310491361, 0.00221661385149, -0.0016916745808, 0.00111495051533, -0.000993989990093, -0.00038419777411, 0.000630338734481, -2.69589490927e-05, 0.00055721285753, 0.000697263050824, -0.00441305665299, 0.014248275198]]
    },
    "melbands": {
        "dmean": [0.000841021712404, 0.000604170723818, 0.000374878232833, 0.000498511071783, 0.00047849456314, 0.000385879859095, 0.000188449688721, 0.000138468778459, 7.24401470507e-05, 7.7124001109e-05, 3.13170603476e-05, 2.32429320022e-05, 1.62327396538e-05, 9.95227128442e-06, 6.01253304922e-06, 7.09286223355e-06, 5.05709795107e-06, 8.32868863654e-06, 1.06113593574e-05, 1.14225867947e-05, 9.93750836642e-06, 5.46908904653e-06, 4.59690454591e-06, 5.46310866412e-06, 5.99785289523e-06, 2.00494719138e-06, 1.06806521671e-06, 1.54924555318e-06, 1.79364053565e-06, 1.48006404288e-06, 1.61397588272e-06, 9.76534238362e-07, 5.81001756927e-07, 4.53085192476e-07, 3.53500468009e-07, 2.30496780773e-07, 1.66668883139e-07, 1.67801061934e-07, 1.8820178127e-07, 1.77378936428e-07],
        "dmean2": [0.00140257319435, 0.00103044218849, 0.000648241606541, 0.000806084193755, 0.000735231325962, 0.000561249384191, 0.000273063313216, 0.00020646493067, 0.000104428996565, 0.000103403865069, 4.32106244261e-05, 3.48752073478e-05, 2.34522831306e-05, 1.45755302583e-05, 8.69098766998e-06, 9.87961175269e-06, 6.98680014466e-06, 1.18640436995e-05, 1.44708055814e-05, 1.64061566466e-05, 1.49391944433e-05, 8.14237046143e-06, 6.24665517535e-06, 7.63600382925e-06, 8.30601675261e-06, 2.85333317152e-06, 1.55212444497e-06, 2.25695134759e-06, 2.61345348918e-06, 2.02995056497e-06, 2.40353756453e-06, 1.47466073486e-06, 8.6258785359e-07, 6.44971237307e-07, 5.35484332431e-07, 3.44266851471e-07, 2.38474683556e-07, 2.49225934112e-07, 2.66322928155e-07, 2.35081003552e-07],
        "dvar": [3.21759898725e-06, 1.15620787255e-06, 4.14722734376e-07, 5.34994228474e-07, 8.29059445095e-07, 5.56338193292e-07, 3.27050656779e-07, 2.06944719139e-07, 5.2789975058e-08, 5.00494046207e-08, 1.14564526754e-08, 4.04959576983e-09, 1.61844160296e-09, 3.92727017573e-10, 1.78402279061e-10, 5.34019162224e-10, 2.47449088997e-10, 8.91775986389e-10, 3.08494696455e-09, 3.7178990997e-09, 2.24623830647e-09, 4.36646940827e-10, 3.14398368451e-10, 3.93461041526e-10, 7.86645859563e-10, 6.2358167241e-11, 1.30112726149e-11, 1.06674877265e-10, 4.872192233e-11, 2.82959176923e-11, 4.59356476468e-11, 1.70634062435e-11, 4.88693851011e-12, 1.92499792148e-12, 1.34061013159e-12, 2.67681926971e-13, 1.75263639322e-13, 1.57796017464e-13, 3.77154010063e-13, 4.5220649599e-13],
        "dvar2": [8.58122803038e-06, 3.14035742122e-06, 1.17361832963e-06, 1.33096773425e-06, 1.92397283172e-06, 1.13465785034e-06, 6.45289276235e-07, 4.32156184615e-07, 1.11621410781e-07, 8.58928288494e-08, 1.98978202803e-08, 8.71801120184e-09, 3.00574787282e-09, 8.0396306279e-10, 3.62503915774e-10, 9.23429110955e-10, 4.29176194583e-10, 1.69974068154e-09, 5.83452974823e-09, 8.02432609248e-09, 4.71639305388e-09, 1.00058850094e-09, 5.16227116609e-10, 8.52261650142e-10, 1.47520318183e-09, 1.20021367844e-10, 2.28819740933e-11, 2.45458209314e-10, 9.08111155717e-11, 5.13000163183e-11, 1.1013972373e-10, 3.7605380615e-11, 1.0660969503e-11, 3.68393987191e-12, 2.93446733926e-12, 5.37594762543e-13, 3.72977202508e-13, 3.38720750667e-13, 7.35424199837e-13, 6.51997173699e-13],
        "max": [0.0193828940392, 0.0119615541771, 0.00577810266986, 0.0101966643706, 0.0141200497746, 0.0180068910122, 0.0149611299857, 0.0102099068463, 0.00489472784102, 0.00586357014254, 0.00313592865132, 0.00125660200138, 0.00128102616873, 0.000435750494944, 0.000314681761665, 0.000947209890001, 0.0004277091939, 0.00103993259836, 0.00166766287293, 0.0021352970507, 0.0010065920651, 0.000486801116494, 0.000545191520359, 0.000376358162612, 0.00077136431355, 0.000214465369936, 9.23688421608e-05, 0.000426981976489, 0.000169209073647, 0.000158925773576, 0.000154330904479, 9.72148918663e-05, 5.5434051319e-05, 6.01406791247e-05, 3.08451162709e-05, 1.32261329782e-05, 1.37704746521e-05, 9.0773746706e-06, 2.12796967389e-05, 3.14672615787e-05],
        "mean": [0.00119355972856, 0.00108095363248, 0.000655646785162, 0.00119675404858, 0.00133434450254, 0.00112872873433, 0.000455408677226, 0.000302093714708, 0.000166253114003, 0.000182279851288, 7.86676464486e-05, 5.20737266925e-05, 3.96337891289e-05, 2.19910925807e-05, 1.34465126393e-05, 1.39010999192e-05, 9.60642046266e-06, 1.53514793055e-05, 1.88632639038e-05, 2.02073078981e-05, 1.77394194907e-05, 1.00804627436e-05, 8.80245443113e-06, 1.00164124888e-05, 1.0607060176e-05, 3.9330780055e-06, 1.80151778295e-06, 2.27078521675e-06, 2.97233304991e-06, 2.73723139799e-06, 2.42504484049e-06, 1.4675536022e-06, 9.55579366746e-07, 8.02827116786e-07, 5.74689863697e-07, 3.83512144708e-07, 2.71792174544e-07, 2.77507950841e-07, 3.14794903034e-07, 3.11939885478e-07],
        "median": [0.000807973905466, 0.000858465151396, 0.000445512094302, 0.000650843023323, 0.000760295428336, 0.000634206458926, 0.000210621961742, 0.000104691804154, 4.49919316452e-05, 6.82082463754e-05, 2.40675090026e-05, 1.62456635735e-05, 1.25224123622e-05, 1.02849253381e-05, 5.34977743882e-06, 3.82160942536e-06, 2.19630737774e-06, 2.38490133597e-06, 1.89956688246e-06, 2.82801306639e-06, 2.9320210615e-06, 1.93690084416e-06, 8.70097096595e-07, 7.54135555781e-07, 7.11815857812e-07, 4.84400231926e-07, 3.11512593498e-07, 3.39964202567e-07, 4.04146902611e-07, 3.61212130429e-07, 2.50359306619e-07, 1.58466676226e-07, 1.27433978037e-07, 1.34267949647e-07, 9.71491616042e-08, 8.448424893e-08, 6.399501018e-08, 6.33592733834e-08, 5.90782427423e-08, 4.08564275745e-08],
        "min": [8.71800005302e-24, 8.64058913239e-24, 2.84897766731e-24, 6.11006376568e-24, 1.10719215512e-23, 8.53116386964e-24, 6.3218271648e-24, 1.11595742529e-23, 4.97484243597e-24, 9.08174460528e-24, 3.04898625008e-24, 3.15762916002e-24, 8.11834349161e-24, 1.3348089763e-23, 4.06329472733e-24, 6.92765419621e-24, 8.47386653552e-24, 1.02055590063e-23, 1.69311591034e-23, 1.12414998245e-23, 1.17287255631e-23, 7.55978894995e-24, 8.28026429216e-24, 4.56504102862e-24, 7.28583017934e-24, 8.44663821251e-24, 1.17272835254e-23, 6.71170115682e-24, 7.66161669332e-24, 9.93327183195e-24, 7.99303293682e-24, 7.47715261468e-24, 9.19129056374e-24, 9.3860753096e-24, 9.60550643672e-24, 9.02186454055e-24, 1.15441644546e-23, 1.16803305243e-23, 1.33353670143e-23, 1.19881503604e-23],
        "var": [2.90694401883e-06, 1.15620480301e-06, 4.93580273542e-07, 1.80665711014e-06, 2.87064403892e-06, 2.1676905817e-06, 7.56091765197e-07, 5.35323181339e-07, 1.7002494701e-07, 1.75242661271e-07, 4.40398189028e-08, 1.13491749332e-08, 7.3687491664e-09, 1.28861343818e-09, 5.88754600628e-10, 2.17377738032e-09, 7.86076204129e-10, 2.85742696171e-09, 8.28012680643e-09, 8.74260042139e-09, 4.30068336499e-09, 1.01487229731e-09, 1.14089981906e-09, 1.00583608109e-09, 1.89084925495e-09, 2.0266892331e-10, 2.99815484939e-11, 1.11930485713e-10, 9.64407234627e-11, 8.68159433232e-11, 7.9275565279e-11, 3.50166944052e-11, 1.44005042266e-11, 7.51096667501e-12, 3.61190201012e-12, 8.21155751903e-13, 4.71066219886e-13, 4.45708330269e-13, 1.19313369948e-12, 2.20709193109e-12]
    },
    "mfcc": {
        "mean": [-699.303894043, 162.453948975, 25.1820240021, 26.8058643341, 3.25549602509, -1.09638881683, -8.84124660492, -2.01958918571, 1.07810127735, -6.92871570587, -6.6041841507, 1.52977085114, 0.774998664856],
        "cov": [[5842.83691406, -1324.82885742, -483.916107178, 242.728622437, -109.2317276, -238.768264771, -69.1254425049, 31.6015586853, -31.2056694031, 78.3284835815, -57.4556350708, -96.5544204712, -70.6482467651], [-1324.82885742, 1805.00158691, -211.826141357, -325.477813721, 149.076629639, 25.8145523071, 38.1679878235, 18.0064697266, -1.9646974802, 3.50308203697, -28.5266532898, 37.3249511719, 53.9282684326], [-483.916107178, -211.826141357, 592.566955566, 35.0147399902, -76.4702072144, 157.442626953, 16.334602356, 6.58132410049, 54.9558601379, -54.0542297363, 27.1223278046, 47.9398231506, 30.9338874817], [242.728622437, -325.477813721, 35.0147399902, 414.310333252, 13.9825458527, -50.6073646545, 0.210014939308, 48.0124053955, 11.6393384933, -39.0582199097, 25.2102279663, 35.268032074, -22.1162319183], [-109.2317276, 149.076629639, -76.4702072144, 13.9825458527, 217.09375, -26.1046352386, -24.9352626801, 14.3046226501, -23.0205116272, 3.53364014626, 4.11281824112, 3.85321044922, -7.45787286758], [-238.768264771, 25.8145523071, 157.442626953, -50.6073646545, -26.1046352386, 212.831451416, 25.7880573273, -31.0644569397, 33.5705490112, 11.3446884155, 3.51976037025, 11.5579481125, 31.4420528412], [-69.1254425049, 38.1679878235, 16.334602356, 0.210014939308, -24.9352626801, 25.7880573273, 128.466522217, 16.9755897522, -10.2433223724, 9.52596378326, 1.57316970825, -5.00901269913, 7.32195186615], [31.6015586853, 18.0064697266, 6.58132410049, 48.0124053955, 14.3046226501, -31.0644569397, 16.9755897522, 127.673179626, 17.6834201813, -22.6164188385, -0.970892906189, 8.8636302948, -7.82770109177], [-31.2056694031, -1.9646974802, 54.9558601379, 11.6393384933, -23.0205116272, 33.5705490112, -10.2433223724, 17.6834201813, 107.670761108, 11.3833189011, -5.46316003799, 1.55393898487, 17.3462371826], [78.3284835815, 3.50308203697, -54.0542297363, -39.0582199097, 3.53364014626, 11.3446884155, 9.52596378326, -22.6164188385, 11.3833189011, 122.182395935, 15.6277179718, -37.6020050049, 6.6181397438], [-57.4556350708, -28.5266532898, 27.1223278046, 25.2102279663, 4.11281824112, 3.51976037025, 1.57316970825, -0.970892906189, -5.46316003799, 15.6277179718, 94.2057266235, 35.0798835754, -18.8903942108], [-96.5544204712, 37.3249511719, 47.9398231506, 35.268032074, 3.85321044922, 11.5579481125, -5.00901269913, 8.8636302948, 1.55393898487, -37.6020050049, 35.0798835754, 128.726013184, 0.592479884624], [-70.6482467651, 53.9282684326, 30.9338874817, -22.1162319183, -7.45787286758, 31.4420528412, 7.32195186615, -7.82770109177, 17.3462371826, 6.6181397438, -18.8903942108, 0.592479884624, 117.222045898]],
