{
"lowlevel": {
    "average_loudness": 0.960375607014,
    "barkbands_crest": {
        "dmean": 2.84390163422,
        "dmean2": 4.87793064117,
        "dvar": 8.11605930328,
        "dvar2": 21.5118579865,
        "max": 23.0698547363,
        "mean": 8.234167099,
        "median": 7.40411520004,
        "min": 2.19355726242,
        "var": 14.3584918976
    },
    "barkbands_flatness_db": {
        "dmean": 0.0200746897608,
        "dmean2": 0.0324361138046,
        "dvar": 0.00034666058491,
        "dvar2": 0.000931879912969,
        "max": 0.253751903772,
        "mean": 0.125529140234,
        "median": 0.122519701719,
        "min": 0.0105160204694,
        "var": 0.00089070253307
    },
    "barkbands_kurtosis": {
        "dmean": 1.42333436012,
        "dmean2": 2.29468655586,
        "dvar": 4.74971961975,
        "dvar2": 11.7474374771,
        "max": 28.9437904358,
        "mean": 0.650801062584,
        "median": -0.292141914368,
        "min": -1.86486423016,
        "var": 8.33603954315
    },
    "barkbands_skewness": {
        "dmean": 0.521132707596,
        "dmean2": 0.767483174801,
        "dvar": 0.273816257715,
        "dvar2": 0.565661430359,
        "max": 5.1252155304,
        "mean": 0.788675546646,
        "median": 0.73853379488,
        "min": -3.97268867493,
        "var": 1.00738215446
    },
    "barkbands_spread": {
        "dmean": 7.81179904938,
        "dmean2": 11.9848308563,
        "dvar": 61.7806663513,
        "dvar2": 135.272018433,
        "max": 96.8466186523,
        "mean": 35.6247711182,
        "median": 33.5359268188,
        "min": 5.71695613861,
        "var": 202.492706299
    },
    "dissonance": {
        "dmean": 0.0131801469252,
        "dmean2": 0.0221368763596,
        "dvar": 0.000181259223609,
        "dvar2": 0.000483109615743,
        "max": 0.5,
        "mean": 0.475879967213,
        "median": 0.480991870165,
        "min": 0.36420121789,
        "var": 0.000352336151991
    },
    "dynamic_complexity": 3.2156317234,
    "erbbands_crest": {
        "dmean": 2.1481294632,
        "dmean2": 3.43680047989,
        "dvar": 3.56741738319,
        "dvar2": 8.71356582642,
        "max": 20.1691226959,
        "mean": 7.33493041992,
        "median": 6.66234874725,
        "min": 2.48172092438,
        "var": 9.81910800934
    },
    "erbbands_flatness_db": {
        "dmean": 0.015006262809,
        "dmean2": 0.0207107365131,
        "dvar": 0.000156183552463,
        "dvar2": 0.000286658469122,
        "max": 0.270353347063,
        "mean": 0.164290249348,
        "median": 0.16168345511,
        "min": 0.0870709344745,
        "var": 0.000806222495157
    },
    "erbbands_kurtosis": {
        "dmean": 0.794064104557,
        "dmean2": 1.21428239346,
        "dvar": 1.33680951595,
        "dvar2": 2.78191614151,
        "max": 19.0718593597,
        "mean": 0.268314212561,
        "median": -0.254843473434,
        "min": -1.51691889763,
        "var": 3.05871009827
    },
    "erbbands_skewness": {
        "dmean": 0.344649106264,
        "dmean2": 0.480015099049,
        "dvar": 0.0946405604482,
        "dvar2": 0.179627835751,
        "max": 1.91485738754,
        "mean": -0.248145237565,
        "median": -0.169664144516,
        "min": -3.80575942993,
        "var": 0.562598764896
    },
    "erbbands_spread": {
        "dmean": 7.33440876007,
        "dmean2": 11.0297451019,
        "dvar": 43.3528671265,
        "dvar2": 89.2410964966,
        "max": 84.612701416,
        "mean": 39.112323761,
        "median": 38.7727355957,
        "min": 8.9245929718,
        "var": 172.031036377
    },
    "hfc": {
        "dmean": 11.3430271149,
        "dmean2": 14.6963024139,
        "dvar": 427.957183838,
        "dvar2": 666.383483887,
        "max": 489.547454834,
        "mean": 34.1528282166,
        "median": 25.8277740479,
        "min": 1.14819723219e-16,
        "var": 1768.11791992
    },
    "melbands_crest": {
        "dmean": 3.48394703865,
        "dmean2": 5.73311710358,
        "dvar": 9.74416065216,
        "dvar2": 21.4428577423,
        "max": 27.7275047302,
        "mean": 13.0136365891,
        "median": 12.1162834167,
        "min": 2.0285782814,
        "var": 29.4186573029
    },
    "melbands_flatness_db": {
        "dmean": 0.0260974466801,
        "dmean2": 0.0405441559851,
        "dvar": 0.000717758550309,
        "dvar2": 0.00154679291882,
        "max": 0.322662711143,
        "mean": 0.137062370777,
        "median": 0.13429646194,
        "min": 0.00528418971226,
        "var": 0.00262498296797
    },
    "melbands_kurtosis": {
        "dmean": 4.74472665787,
        "dmean2": 7.77318191528,
        "dvar": 63.6718215942,
        "dvar2": 161.217468262,
        "max": 95.8782958984,
        "mean": 6.9295964241,
        "median": 3.60311079025,
        "min": -1.86810290813,
        "var": 106.430236816
    },
    "melbands_skewness": {
        "dmean": 0.716148138046,
        "dmean2": 1.13009953499,
        "dvar": 0.646925270557,
        "dvar2": 1.47996473312,
        "max": 8.86788654327,
        "mean": 2.1252117157,
        "median": 1.85857665539,
        "min": -1.041005373,
        "var": 1.71972632408
    },
    "melbands_spread": {
        "dmean": 14.1691303253,
        "dmean2": 20.2765922546,
        "dvar": 406.186737061,
        "dvar2": 665.320678711,
        "max": 279.940612793,
        "mean": 46.5254669189,
        "median": 36.8645935059,
        "min": 3.22524189949,
        "var": 1511.07849121
    },
    "pitch_salience": {
        "dmean": 0.0815865769982,
        "dmean2": 0.133308276534,
        "dvar": 0.00583305675536,
        "dvar2": 0.0144621375948,
        "max": 0.882173657417,
        "mean": 0.554238021374,
        "median": 0.564620137215,
        "min": 0.136871904135,
        "var": 0.0145939365029
    },
    "silence_rate_20dB": {
        "dmean": 0,
        "dmean2": 0,
        "dvar": 0,
        "dvar2": 0,
        "max": 1,
        "mean": 1,
        "median": 1,
        "min": 1,
        "var": 0
    },
    "silence_rate_30dB": {
        "dmean": 0,
        "dmean2": 0,
        "dvar": 0,
        "dvar2": 0,
        "max": 1,
        "mean": 1,
        "median": 1,
        "min": 1,
        "var": 0
    },
    "silence_rate_60dB": {
        "dmean": 0.00933125987649,
        "dmean2": 0.0186770427972,
        "dvar": 0.00924434885383,
        "dvar2": 0.0245540998876,
        "max": 1,
        "mean": 0.0660450682044,
        "median": 0,
        "min": 0,
        "var": 0.0616814605892
    },
    "spectral_centroid": {
        "dmean": 310.737243652,
        "dmean2": 426.716186523,
        "dvar": 129319.242188,
        "dvar2": 181470.234375,
        "max": 11021.3886719,
        "mean": 2096.30883789,
        "median": 2020.7791748,
        "min": 645.003845215,
        "var": 545399.125
    },
    "spectral_complexity": {
        "dmean": 4.32192850113,
        "dmean2": 6.37042808533,
        "dvar": 15.4935426712,
        "dvar2": 31.5888652802,
        "max": 50,
        "mean": 24.8446006775,
        "median": 25,
        "min": 0,
        "var": 100.710983276
    },
    "spectral_decrease": {
        "dmean": 2.42359710079e-09,
        "dmean2": 3.8423224602e-09,
        "dvar": 1.06230000151e-17,
        "dvar2": 2.68947138629e-17,
        "max": 3.44714256285e-29,
        "mean": -6.41527453382e-09,
        "median": -5.56844170774e-09,
        "min": -2.72220077591e-08,
        "var": 2.2312882695e-17
    },
    "spectral_energy": {
        "dmean": 0.00974814780056,
        "dmean2": 0.0153161920607,
        "dvar": 0.000154871915583,
        "dvar2": 0.000394828210119,
        "max": 0.108142979443,
        "mean": 0.0273105017841,
        "median": 0.0250565838069,
        "min": 1.0284390678e-20,
        "var": 0.000354210817022
    },
    "spectral_energyband_high": {
        "dmean": 0.00104714802001,
        "dmean2": 0.00127776467707,
        "dvar": 7.12838436812e-06,
        "dvar2": 1.02664162114e-05,
        "max": 0.0597584955394,
        "mean": 0.0023305923678,
        "median": 0.000932695751544,
        "min": 7.73876738451e-21,
        "var": 2.76224782283e-05
    },
    "spectral_energyband_low": {
        "dmean": 0.00662147346884,
        "dmean2": 0.0112109212205,
        "dvar": 0.000135092966957,
        "dvar2": 0.000357522279955,
        "max": 0.0760171487927,
        "mean": 0.010570179671,
        "median": 0.00474860100076,
        "min": 8.0056450872e-23,
        "var": 0.000175601569936
    },
    "spectral_energyband_middle_high": {
        "dmean": 0.00228102621622,
        "dmean2": 0.00325716822408,
        "dvar": 7.95660253061e-06,
        "dvar2": 1.57399827003e-05,
        "max": 0.0331720784307,
        "mean": 0.00713613722473,
        "median": 0.00545752281323,
        "min": 1.3243877514e-21,
        "var": 3.40646838595e-05
    },
    "spectral_energyband_middle_low": {
        "dmean": 0.00342856976204,
        "dmean2": 0.00543231796473,
        "dvar": 2.28970111493e-05,
        "dvar2": 5.783540837e-05,
        "max": 0.0607863627374,
        "mean": 0.00809136964381,
        "median": 0.00559342838824,
        "min": 3.55015301471e-22,
        "var": 5.42253037565e-05
    },
    "spectral_entropy": {
        "dmean": 0.12506711483,
        "dmean2": 0.155461013317,
        "dvar": 0.0122656328604,
        "dvar2": 0.0180135760456,
        "max": 9.80839061737,
        "mean": 7.85354995728,
        "median": 7.81901979446,
        "min": 7.16690063477,
        "var": 0.0929123833776
    },
    "spectral_flux": {
        "dmean": 0.0244652330875,
        "dmean2": 0.0371806956828,
        "dvar": 0.000739184382837,
        "dvar2": 0.0015481574228,
        "max": 0.275680929422,
        "mean": 0.0941410884261,
        "median": 0.0887247771025,
        "min": 1.01411982978e-10,
        "var": 0.00225286139175
    },
    "spectral_kurtosis": {
        "dmean": 1.08572113514,
        "dmean2": 1.80615353584,
        "dvar": 1.30386292934,
        "dvar2": 3.71819901466,
        "max": 12.9932003021,
        "mean": 2.03251099586,
        "median": 1.72617483139,
        "min": -1.29035234451,
        "var": 3.19934535027
    },
    "spectral_rms": {
        "dmean": 0.000857595237903,
        "dmean2": 0.00130465230905,
        "dvar": 8.74585111887e-07,
        "dvar2": 2.03604236049e-06,
        "max": 0.0102715790272,
        "mean": 0.00478695519269,
        "median": 0.00494423368946,
        "min": 3.16757817892e-12,
        "var": 3.72950466954e-06
    },
    "spectral_rolloff": {
        "dmean": 743.014221191,
        "dmean2": 1109.58898926,
        "dvar": 1068834.375,
        "dvar2": 1585498.625,
        "max": 18367.8222656,
        "mean": 2615.80566406,
        "median": 2260.98632812,
        "min": 86.1328125,
        "var": 4438712.5
    },
    "spectral_skewness": {
        "dmean": 0.1774212569,
        "dmean2": 0.273126840591,
        "dvar": 0.0247061438859,
        "dvar2": 0.0560736395419,
        "max": 2.24863386154,
        "mean": 0.991063714027,
        "median": 1.01023209095,
        "min": -0.208879217505,
        "var": 0.10542307049
    },
    "spectral_spread": {
        "dmean": 487221.1875,
        "dmean2": 606568.3125,
        "dvar": 1.0211016704e+12,
        "dvar2": 1.07763682509e+12,
        "max": 39731788,
        "mean": 4468679,
        "median": 4229343,
        "min": 1966377.125,
        "var": 2.55580910387e+12
    },
    "spectral_strongpeak": {
        "dmean": 0.66504663229,
        "dmean2": 1.16039478779,
        "dvar": 1.53475534916,
        "dvar2": 3.76518583298,
        "max": 14.6702241898,
        "mean": 0.879312872887,
        "median": 0.320261746645,
        "min": 0,
        "var": 2.18782687187
    },
    "zerocrossingrate": {
        "dmean": 0.0162556655705,
        "dmean2": 0.0162322167307,
        "dvar": 0.00044080443331,
        "dvar2": 0.000337876961567,
        "max": 0.50390625,
        "mean": 0.0920541062951,
        "median": 0.0771484375,
        "min": 0.01513671875,
        "var": 0.00343442801386
    },
    "barkbands": {
        "dmean": [0.000183513868251, 0.00547902286053, 0.00181328819599, 0.00068655598443, 0.00127662403975, 0.000695332186297, 0.00111699348781, 0.00086044886848, 0.00064951722743, 0.000668623833917, 0.00033414416248, 0.000506127544213, 0.000426486862125, 0.000410844746511, 0.00042875285726, 0.000263903028099, 0.000574506993871, 0.000383072940167, 0.000346890214132, 0.000218386339839, 0.00015297018399, 0.000184200398508, 0.000342496525263, 0.000364777049981, 0.000122878976981, 1.14510278593e-07, 1.37632893971e-09],
        "dmean2": [0.000300128420349, 0.0095478631556, 0.00308381882496, 0.00115635478869, 0.00216132076457, 0.00116065738257, 0.00176140933763, 0.0013307024492, 0.00100969581399, 0.00106476887595, 0.000524901086465, 0.00081397552276, 0.000697889307048, 0.000647637003567, 0.000679864606354, 0.000410019943956, 0.000892698415555, 0.000576636695769, 0.00052093755221, 0.000345042994013, 0.000235431551118, 0.000263773748884, 0.000440812495071, 0.000453595392173, 0.000170367915416, 1.79102073616e-07, 2.55776089197e-09],
        "dvar": [1.27522739035e-07, 0.000107423547888, 1.03562097138e-05, 9.56034114097e-07, 7.14215730113e-06, 1.97760482479e-06, 4.87367742608e-06, 3.10968562189e-06, 1.5025433413e-06, 1.11564850158e-06, 3.99469996637e-07, 9.69853090282e-07, 8.97953668755e-07, 9.20513400615e-07, 5.41649797015e-07, 1.97534220092e-07, 1.12373140837e-06, 7.25395125301e-07, 3.66014972997e-07, 1.3230209106e-07, 8.58157491734e-08, 2.01914772902e-07, 1.35038158078e-06, 1.39294365908e-06, 3.45631661958e-07, 5.0290858717e-13, 3.97215687025e-18],
        "dvar2": [3.21722268382e-07, 0.000298829894746, 2.90523275908e-05, 2.73893806479e-06, 1.92607421923e-05, 4.44553916168e-06, 1.07228406705e-05, 6.8555677899e-06, 3.39210942002e-06, 2.56158114098e-06, 9.30597536808e-07, 2.28617386711e-06, 2.25187977776e-06, 2.29992269851e-06, 1.37256233756e-06, 4.49815615866e-07, 2.60152910414e-06, 1.46378170029e-06, 7.99528493189e-07, 3.13027840093e-07, 1.80187427645e-07, 4.07523344848e-07, 2.57587907981e-06, 2.19270486923e-06, 5.94597622694e-07, 1.29713546761e-12, 1.2660369852e-17],
        "max": [0.00378260295838, 0.0643749758601, 0.0315464325249, 0.0147047676146, 0.0300533436239, 0.0225488319993, 0.0269943159074, 0.02038413845, 0.0178585387766, 0.0146393934265, 0.00900493748486, 0.0169747546315, 0.0144193386659, 0.0150431292132, 0.0116739869118, 0.0071797198616, 0.0162787865847, 0.0173398181796, 0.00722619425505, 0.0055524087511, 0.00731880962849, 0.0104065462947, 0.0318201221526, 0.0259796660393, 0.0185285396874, 1.7520331312e-05, 1.59974362646e-08],
        "mean": [0.000220599293243, 0.00694922311231, 0.00282539939508, 0.000956984760705, 0.00161663047038, 0.000977446674369, 0.00170831300784, 0.00129316234961, 0.0011006295681, 0.00109799264465, 0.000502923678141, 0.000816625950392, 0.000597008387558, 0.000587740971241, 0.000672428577673, 0.000473661813885, 0.00105432153214, 0.000670653302222, 0.000636075914372, 0.000402038742322, 0.00033220203477, 0.000365145271644, 0.000570702250116, 0.000677479896694, 0.000204974145163, 1.4471403631e-07, 1.09940456738e-09],
        "median": [7.96857057139e-05, 0.00273955264129, 0.00116232829168, 0.000654685311019, 0.000874468300026, 0.000407200888731, 0.00062325107865, 0.000412719615269, 0.000317887577694, 0.000540055159945, 0.000224857882131, 0.000261582958046, 0.000282153923763, 0.000230300647672, 0.000387635023799, 0.000258320680587, 0.00059712753864, 0.000279448577203, 0.000370214838767, 0.00025189932785, 0.000218614470214, 0.000177459136466, 0.000128821382532, 0.000149486906594, 3.17676858685e-05, 1.89140916262e-08, 3.53276297105e-10],
        "min": [9.09722915599e-24, 4.67382510522e-23, 1.82328616386e-23, 1.37889336359e-23, 3.02839788764e-23, 6.92839682987e-23, 4.74673573216e-23, 2.98789177343e-23, 1.33465672615e-22, 4.98630237611e-23, 1.14253981321e-22, 2.79715656614e-23, 7.54345463827e-23, 5.40812491925e-23, 9.86555317195e-23, 1.52787918031e-22, 1.21465482659e-22, 1.73981354137e-22, 2.81301563645e-22, 3.78444899496e-22, 3.47775148705e-22, 4.817118407e-22, 5.86979459376e-22, 8.70676156191e-22, 1.26829153689e-21, 1.76612592744e-21, 2.47242326193e-21],
        "var": [1.49637315872e-07, 0.000111918299808, 1.44261457535e-05, 1.10049779778e-06, 6.42831628284e-06, 3.92346646549e-06, 9.87025214272e-06, 5.84952294957e-06, 4.16685588789e-06, 2.3855575364e-06, 8.27894382383e-07, 2.66743631983e-06, 1.0925909919e-06, 1.29132149596e-06, 9.08526146759e-07, 4.79301263567e-07, 2.34148069467e-06, 1.72965110323e-06, 7.04032458998e-07, 2.58823405375e-07, 2.37729196328e-07, 4.7769668754e-07, 3.08356334244e-06, 4.65839775643e-06, 9.83080667538e-07, 6.96172828586e-13, 3.26609431773e-18]
    },
    "erbbands": {
        "dmean": [0.136648535728, 1.34112727642, 2.37434101105, 1.95657753944, 3.57308244705, 4.62746858597, 3.59372758865, 6.05484247208, 15.1805992126, 15.6574077606, 19.8742351532, 15.4782648087, 17.4995651245, 17.3091640472, 13.0634527206, 21.2884368896, 18.7161750793, 21.465795517, 21.9175186157, 17.3380718231, 17.4989185333, 25.501947403, 21.2758712769, 17.1990585327, 15.9673786163, 10.6632261276, 7.4288520813, 5.39013290405, 5.71737003326, 9.48675823212, 9.57505607605, 9.04103374481, 5.48595762253, 2.47195887566, 0.20469981432, 0.00886164978147, 0.000424234720413, 5.49159994989e-05, 1.55487996381e-05, 1.41762593557e-05],
        "dmean2": [0.228903517127, 2.35954785347, 4.0921330452, 3.25687742233, 6.00998067856, 7.95258378983, 6.23111248016, 10.0107069016, 24.0535144806, 24.0555725098, 30.2708415985, 23.7296867371, 27.4007720947, 28.0923252106, 19.9956378937, 33.7070007324, 30.2831478119, 33.5807533264, 34.8597640991, 27.1614151001, 27.3502349854, 38.9611549377, 31.4438228607, 26.6673603058, 24.6669025421, 16.8066005707, 11.7558670044, 7.74840641022, 8.12831783295, 13.638584137, 12.2470254898, 12.2001066208, 7.33940696716, 3.31066417694, 0.301914036274, 0.0128536773846, 0.000573180324864, 6.91536915838e-05, 1.980666093e-05, 2.07788634725e-05],
        "dvar": [0.0626507848501, 6.84938097, 19.0009078979, 6.92117404938, 41.7975883484, 105.149642944, 46.4323387146, 178.570449829, 1054.37524414, 1363.68725586, 1715.92224121, 950.330078125, 947.570739746, 947.790039062, 532.413024902, 1602.3470459, 1424.71630859, 2470.94384766, 1296.30603027, 1022.70013428, 896.863342285, 2278.81933594, 2292.28759766, 915.243408203, 833.453430176, 298.170013428, 284.822601318, 88.5162734985, 153.517654419, 1218.50305176, 900.691223145, 947.413696289, 389.383911133, 140.286300659, 1.04376471043, 0.00191027403343, 3.71914939024e-06, 4.83225832681e-08, 1.99457295125e-09, 3.92114313241e-10],
        "dvar2": [0.158136859536, 19.3400192261, 52.0442047119, 19.282043457, 110.946472168, 293.03012085, 117.239250183, 396.881408691, 2540.8371582, 2853.67529297, 3859.49291992, 2220.54931641, 2155.98266602, 2263.58911133, 1252.26550293, 3723.33276367, 3598.06225586, 6197.56689453, 3068.41821289, 2290.17163086, 2161.82763672, 4591.45703125, 4174.51220703, 1832.53442383, 2013.12219238, 696.610778809, 722.915344238, 156.835769653, 311.626373291, 2771.88183594, 1592.31054688, 2041.85351562, 640.577941895, 248.613327026, 1.8286036253, 0.00334003870375, 6.26433666184e-06, 7.83065203791e-08, 3.19971205087e-09, 8.17019507604e-10],
        "max": [1.9922722578, 15.84516716, 38.5603141785, 27.2885513306, 80.1876983643, 100.070251465, 141.913330078, 239.093688965, 389.221496582, 790.181274414, 542.93371582, 568.135314941, 482.373748779, 390.294372559, 336.368164062, 553.021179199, 576.829162598, 875.795166016, 621.780517578, 618.5390625, 483.870178223, 735.849609375, 960.405822754, 330.751037598, 405.251281738, 298.901733398, 332.386474609, 279.851745605, 292.589385986, 871.57824707, 760.939819336, 735.673828125, 502.120513916, 381.372375488, 31.9740200043, 1.37654423714, 0.061987452209, 0.00693234289065, 0.00136079080403, 0.000475986045785],
        "mean": [0.180637955666, 1.5982260704, 3.7533853054, 3.11660814285, 4.61713838577, 5.34643697739, 4.70014667511, 8.56026649475, 22.5547466278, 24.0092201233, 32.3161125183, 27.5896854401, 30.5885353088, 29.8685016632, 23.1885604858, 34.0930671692, 29.5998210907, 33.4369277954, 34.6738166809, 30.4419231415, 34.1665039062, 51.0784950256, 40.4405593872, 33.5274429321, 29.1272907257, 20.1305522919, 14.6246795654, 12.0795898438, 11.7391824722, 16.07903862, 15.9666910172, 15.3537569046, 10.2778348923, 4.30530595779, 0.318422973156, 0.0141055593267, 0.000761328672525, 0.000106401537778, 3.85882594856e-05, 4.11163018725e-05],
        "median": [0.0613421872258, 0.65958404541, 1.39082717896, 2.31551790237, 2.63059425354, 2.6146171093, 2.51301264763, 3.14070487022, 7.86457777023, 8.90061473846, 11.6700210571, 8.42608833313, 15.8178873062, 15.062002182, 11.0599374771, 12.4886159897, 16.1343631744, 14.6301107407, 19.4906997681, 15.9385280609, 21.8433380127, 27.3657684326, 16.5827007294, 18.6739330292, 18.1435050964, 12.8074388504, 9.23136234283, 7.81331777573, 6.04597043991, 4.92690372467, 3.50251317024, 3.29496407509, 2.20213890076, 0.72022497654, 0.0371746011078, 0.00184677517973, 0.000141997516039, 2.63264155365e-05, 2.28511235036e-05, 3.59363984899e-05],
        "min": [1.32220166006e-21, 1.03020627779e-20, 2.10933140308e-20, 4.18372702687e-20, 3.63448491625e-20, 1.29332609754e-19, 1.35749928645e-19, 6.98021012794e-19, 9.87770387252e-19, 4.84234270624e-19, 1.08235052868e-18, 3.15881478255e-18, 2.22996395334e-18, 2.53464497183e-18, 3.26164656758e-18, 1.23861301141e-18, 3.41279004308e-18, 3.71410588404e-18, 4.13898844645e-18, 5.23765221758e-18, 9.76818495263e-18, 7.32517484226e-18, 9.72381333021e-18, 1.08950051246e-17, 1.78710965135e-17, 1.49346218826e-17, 1.57551767784e-17, 1.39389859383e-17, 1.24478514362e-17, 1.70838290199e-17, 1.76428327147e-17, 1.34069491585e-17, 1.80133765419e-17, 1.33660781645e-17, 1.0290116894e-17, 6.06568648053e-18, 3.17827317248e-18, 1.48000685482e-18, 3.52174394692e-19, 3.35443742687e-20],
        "var": [0.0842440575361, 6.21606636047, 25.5195198059, 9.51725292206, 42.1359100342, 88.6924362183, 84.5682907104, 343.882446289, 1970.94372559, 2823.25805664, 3556.32739258, 2916.61254883, 2302.28662109, 2043.6229248, 1372.38427734, 3629.85742188, 1915.55419922, 3680.19116211, 2291.32373047, 1992.81921387, 1991.18469238, 6057.25683594, 6252.51220703, 2055.33227539, 1346.50524902, 595.789123535, 476.268066406, 316.492126465, 406.129180908, 2036.1451416, 2274.08496094, 2213.06567383, 1322.71362305, 410.552947998, 2.58634924889, 0.00483053643256, 1.08538297354e-05, 1.57490859465e-07, 7.17560633134e-09, 1.4136387616e-09]
    },
    "gfcc": {
        "mean": [4.03338623047, 100.160186768, -151.924682617, 67.2867202759, -73.326751709, 31.6618919373, -34.3428649902, 10.6070327759, -5.20057439804, -13.8804788589, 4.6638879776, -19.3704891205, 2.68447470665],
        "cov": [[8632.55957031, -67.726524353, -180.970809937, 147.515579224, -384.961181641, 234.615615845, -230.449234009, 95.7854690552, -98.8694610596, -70.8329544067, -52.5043144226, -82.3318862915, -10.0241117477], [-67.726524353, 957.644165039, -274.315643311, -22.169298172, 248.174163818, -189.589660645, 210.153961182, -6.11227893829, 146.485824585, -38.4152984619, 129.353500366, -86.367980957, 14.1738491058], [-180.970809937, -274.315643311, 359.847015381, 74.084487915, -59.8372917175, 114.59450531, -38.5884170532, -0.874291777611, -42.7009315491, 45.2973670959, -34.3123130798, 33.5824623108, 2.92077422142], [147.515579224, -22.169298172, 74.084487915, 195.528900146, 72.6836395264, 12.9165697098, -5.78214168549, 1.14826905727, 23.0900192261, -7.5700469017, 9.4410161972, 5.45192670822, 11.3777618408], [-384.961181641, 248.174163818, -59.8372917175, 72.6836395264, 259.481445312, -42.9708900452, 82.9456710815, 41.5273170471, 69.4936294556, 5.22357082367, 47.4183998108, -26.4718360901, 12.0083723068], [234.615615845, -189.589660645, 114.59450531, 12.9165697098, -42.9708900452, 179.290100098, 21.9596443176, 0.692548215389, -30.9863758087, 17.3447761536, -38.5153045654, 12.459769249, -1.7458627224], [-230.449234009, 210.153961182, -38.5884170532, -5.78214168549, 82.9456710815, 21.9596443176, 199.546905518, 30.1363754272, 41.146156311, -12.0741233826, 33.3088989258, -13.0346851349, 3.145195961], [95.7854690552, -6.11227893829, -0.874291777611, 1.14826905727, 41.5273170471, 0.692548215389, 30.1363754272, 94.0932617188, 9.58467197418, 16.5770683289, 3.03083944321, -3.77221345901, -1.90882718563], [-98.8694610596, 146.485824585, -42.7009315491, 23.0900192261, 69.4936294556, -30.9863758087, 41.146156311, 9.58467197418, 108.464424133, 11.7949762344, 40.9902687073, -20.5990009308, -4.74298381805], [-70.8329544067, -38.4152984619, 45.2973670959, -7.5700469017, 5.22357082367, 17.3447761536, -12.0741233826, 16.5770683289, 11.7949762344, 95.9399642944, 14.9070596695, -4.73229646683, 3.709389925], [-52.5043144226, 129.353500366, -34.3123130798, 9.4410161972, 47.4183998108, -38.5153045654, 33.3088989258, 3.03083944321, 40.9902687073, 14.9070596695, 79.2278442383, 2.53546881676, -6.65963315964], [-82.3318862915, -86.367980957, 33.5824623108, 5.45192670822, -26.4718360901, 12.459769249, -13.0346851349, -3.77221345901, -20.5990009308, -4.73229646683, 2.53546881676, 66.0231704712, 18.1956195831], [-10.0241117477, 14.1738491058, 2.92077422142, 11.3777618408, 12.0083723068, -1.7458627224, 3.145195961, -1.90882718563, -4.74298381805, 3.709389925, -6.65963315964, 18.1956195831, 49.3586959839]],
        "icov": [[0.000205443619052, -0.000290834577754, 0.000317502534017, -0.000480139889987, 0.00065418536542, -0.000734130269848, 0.000559758744203, -0.000713728659321, 0.000186626333743, 0.000189676968148, -0.000311799609335, 0.00036448019091, -0.000204015959753], [-0.000290834577754, 0.00378457829356, 2.9025166441e-05, 0.0014750136761, -0.00225538993254, 0.00312462775037, -0.00320138386451, 0.00264090788551, -0.00115624768659, 0.000809554650914, -0.0022366757039, 0.00282064196654, -0.0020357419271], [0.000317502534017, 2.9025166441e-05, 0.00516830664128, -0.00276239402592, 0.00155621080194, -0.00275936862454, 0.000659243843984, -0.000897243211512, 0.000963703263551, -0.00194596080109, 0.000132964225486, -0.000681456120219, 0.000342162267771], [-0.000480139889987, 0.0014750136761, -0.00276239402592, 0.0087091838941, -0.00444937497377, 0.00146155979019, -0.000277148850728, 0.0023142665159, -0.00212912494317, 0.0022560195066, -0.00102104747202, 2.43340909947e-05, -0.00164471671451], [0.00065418536542, -0.00225538993254, 0.00155621080194, -0.00444937497377, 0.00942646991462, -0.00231339270249, 0.000910928240046, -0.00501112826169, -0.000500159396324, -0.000144637175254, -0.0015731616877, 0.00196484918706, -0.00188672216609], [-0.000734130269848, 0.00312462775037, -0.00275936862454, 0.00146155979019, -0.00231339270249, 0.0127974143252, -0.00650404859334, 0.00422533880919, -0.00039605027996, -0.00226661120541, 0.00398656679317, -0.000731477572117, 0.00131315889303], [0.000559758744203, -0.00320138386451, 0.000659243843984, -0.000277148850728, 0.000910928240046, -0.00650404859334, 0.0109186694026, -0.00498337578028, -0.00031463734922, 0.00264269928448, -0.00260376697406, 0.000100408382423, -0.00089943833882], [-0.000713728659321, 0.00264090788551, -0.000897243211512, 0.0023142665159, -0.00501112826169, 0.00422533880919, -0.00498337578028, 0.0158114675432, -0.000811163568869, -0.00309215998277, 0.00228160014376, -0.00111167202704, 0.00178601604421], [0.000186626333743, -0.00115624768659, 0.000963703263551, -0.00212912494317, -0.000500159396324, -0.00039605027996, -0.00031463734922, -0.000811163568869, 0.0144708417356, -0.0017916833749, -0.00419547921047, 0.00245627667755, 0.00095367647009], [0.000189676968148, 0.000809554650914, -0.00194596080109, 0.0022560195066, -0.000144637175254, -0.00226661120541, 0.00264269928448, -0.00309215998277, -0.0017916833749, 0.01497998368, -0.00678405817598, 0.00495977560058, -0.00497343949974], [-0.000311799609335, -0.0022366757039, 0.000132964225486, -0.00102104747202, -0.0015731616877, 0.00398656679317, -0.00260376697406, 0.00228160014376, -0.00419547921047, -0.00678405817598, 0.0246461555362, -0.0102281467989, 0.00878687668592], [0.00036448019091, 0.00282064196654, -0.000681456120219, 2.43340909947e-05, 0.00196484918706, -0.000731477572117, 0.000100408382423, -0.00111167202704, 0.00245627667755, 0.00495977560058, -0.0102281467989, 0.0253734923899, -0.0121249454096], [-0.000204015959753, -0.0020357419271, 0.000342162267771, -0.00164471671451, -0.00188672216609, 0.00131315889303, -0.00089943833882, 0.00178601604421, 0.00095367647009, -0.00497343949974, 0.00878687668592, -0.0121249454096, 0.027914436534]]
    },
    "melbands": {
        "dmean": [0.00140167912468, 0.00139362574555, 0.000345571344951, 0.000327144458424, 0.000126342885778, 0.000142940523801, 0.000227407828788, 0.00016635931388, 0.000163512740983, 9.31938266149e-05, 8.87207206688e-05, 7.36592337489e-05, 4.84692463942e-05, 5.48578900634e-05, 4.70040795335e-05, 4.27045270044e-05, 4.35454967374e-05, 3.46171800629e-05, 2.68283329206e-05, 1.98099114641e-05, 2.61519926426e-05, 2.9886037737e-05, 2.743593177e-05, 1.77484780579e-05, 1.46298280015e-05, 1.37519455166e-05, 9.21436912904e-06, 6.9786392487e-06, 5.57069779461e-06, 4.26573387813e-06, 3.20546519106e-06, 3.11665075969e-06, 4.33449395132e-06, 6.03165699431e-06, 5.69810663364e-06, 6.34479147266e-06, 5.4900528994e-06, 4.48523451269e-06, 3.13172608912e-06, 1.8757206135e-06],
        "dmean2": [0.00241908850148, 0.00240566767752, 0.000572730845306, 0.000554018712137, 0.000219041990931, 0.000237198430113, 0.000358406687155, 0.000254918122664, 0.000244192284299, 0.000143336481415, 0.000139581679832, 0.000120486707601, 7.51617844799e-05, 8.86774141691e-05, 7.55876681069e-05, 6.88831642037e-05, 6.89027801855e-05, 5.48342541151e-05, 4.17806586483e-05, 3.13469536195e-05, 4.19969583163e-05, 4.56848902104e-05, 4.01943907491e-05, 2.68751664407e-05, 2.31656267715e-05, 2.09532572626e-05, 1.48411609189e-05, 1.11822819235e-05, 8.97547033674e-06, 6.75496676195e-06, 4.75797151012e-06, 4.63716423837e-06, 6.31432658338e-06, 8.91489980859e-06, 7.67694382375e-06, 9.17112538446e-06, 7.45348597775e-06, 6.16804572928e-06, 4.13182760894e-06, 2.54779251918e-06],
        "dvar": [6.73244812788e-06, 6.74598277328e-06, 2.11711011389e-07, 5.03050728184e-07, 5.41909592755e-08, 9.22584035834e-08, 2.14184666447e-07, 1.42599873243e-07, 1.08050528524e-07, 3.38306307412e-08, 2.43144366863e-08, 1.74696737076e-08, 7.32221172584e-09, 1.50626036088e-08, 7.57067297741e-09, 1.21762555594e-08, 1.1544059042e-08, 3.25221760633e-09, 2.63899480046e-09, 1.06505193553e-09, 2.05371142314e-09, 2.79794853952e-09, 3.72121378156e-09, 1.43417455689e-09, 6.88818002637e-10, 6.38523123264e-10, 3.12604886421e-10, 1.40801495463e-10, 1.69921063331e-10, 6.900582189e-11, 3.09028358458e-11, 3.78882827889e-11, 1.45770367999e-10, 5.89001458717e-10, 4.08105854666e-10, 5.64232882638e-10, 3.46218193004e-10, 2.65366367769e-10, 1.77224249165e-10, 9.45622330439e-11],
        "dvar2": [1.85419430636e-05, 1.82169333129e-05, 5.85039970247e-07, 1.34817048547e-06, 1.45586653844e-07, 2.08010689562e-07, 5.06937396949e-07, 2.9801162782e-07, 2.41903933329e-07, 7.91849146253e-08, 5.5312028735e-08, 4.18336014718e-08, 1.75528551694e-08, 3.562426798e-08, 1.88262099243e-08, 3.14615959951e-08, 2.93228961112e-08, 7.36929806067e-09, 6.35690877715e-09, 2.23026352941e-09, 5.2562474373e-09, 6.16509865381e-09, 6.94104818066e-09, 2.62016075503e-09, 1.4529069059e-09, 1.49784362691e-09, 7.54061590946e-10, 3.3349184525e-10, 4.44704634228e-10, 1.63187088842e-10, 5.72012888445e-11, 8.51995071716e-11, 2.98779306851e-10, 1.41784339824e-09, 8.49603609687e-10, 1.51358070521e-09, 6.78221812045e-10, 5.02372310418e-10, 2.98318564296e-10, 1.79519468735e-10],
        "max": [0.0167058929801, 0.0173696801066, 0.00588215328753, 0.00783695280552, 0.00388255016878, 0.00501925405115, 0.00551320286468, 0.00817182194442, 0.00405714660883, 0.00335794687271, 0.00249982438982, 0.00159501715098, 0.00123558123596, 0.00248828995973, 0.00102810352109, 0.0019552691374, 0.00190448516514, 0.000830144446809, 0.00103104114532, 0.000382824480766, 0.000680798315443, 0.000730630708858, 0.00135721545666, 0.000823779555503, 0.000315468991175, 0.000307887821691, 0.00024570475216, 0.000182156363735, 0.000236200925428, 0.000162759723025, 0.00015495804837, 0.00014863332035, 0.000257491483353, 0.000626960885711, 0.000522613117937, 0.000577443512157, 0.000376909418264, 0.000369340385078, 0.00040909650852, 0.000302952597849],
        "mean": [0.0017657376593, 0.00207307096571, 0.000575869169552, 0.000396345654735, 0.000165013829246, 0.000205841541174, 0.000347729132045, 0.000249575154157, 0.000265280308668, 0.000160845680512, 0.000148952647578, 0.000121330107504, 7.61394621804e-05, 8.97828722373e-05, 7.38393500797e-05, 6.16931502009e-05, 6.15162643953e-05, 5.24520946783e-05, 4.40486255684e-05, 3.44086874975e-05, 4.50259758509e-05, 5.53940808459e-05, 4.66883975605e-05, 3.11335315928e-05, 2.6350187909e-05, 2.36837313423e-05, 1.63810618687e-05, 1.23037643789e-05, 9.43984650803e-06, 8.15009661892e-06, 6.61667945678e-06, 6.19660931989e-06, 7.73829833633e-06, 9.47639182414e-06, 9.03206637304e-06, 9.66281822912e-06, 9.20355978451e-06, 7.68662084738e-06, 5.69066651224e-06, 2.90242201118e-06],
        "median": [0.000683869700879, 0.000835025333799, 0.000443471682956, 0.000200360649615, 9.08168658498e-05, 7.3193841672e-05, 0.000125697493786, 8.92226307769e-05, 8.73459648574e-05, 4.70198028779e-05, 7.30617030058e-05, 5.76508537051e-05, 3.59690420737e-05, 2.82134187728e-05, 3.51538110408e-05, 2.97568694805e-05, 2.45202263613e-05, 2.82209111901e-05, 2.51922010648e-05, 1.85388180398e-05, 2.66561601165e-05, 2.94682704407e-05, 1.86658762686e-05, 1.35326208692e-05, 1.43250135807e-05, 1.34239389808e-05, 1.00869765447e-05, 7.53872018322e-06, 5.37903633813e-06, 5.13401619173e-06, 4.14911528424e-06, 3.4566398881e-06, 3.09284905597e-06, 2.40501640292e-06, 1.9369194888e-06, 2.09412974073e-06, 1.93551431948e-06, 1.64159075666e-06, 1.06732056793e-06, 3.7629448002e-07],
        "min": [1.28821080486e-23, 1.26286304737e-23, 6.64268766053e-24, 5.6101957422e-24, 5.56765247358e-24, 1.68008061497e-23, 1.36173153682e-23, 5.71437034676e-24, 1.1640428362e-23, 1.94163943878e-23, 1.06278678033e-23, 9.18325759314e-24, 1.46008734557e-23, 3.14894971791e-24, 3.3701056894e-24, 9.85542072693e-24, 6.20588433326e-24, 5.76218754496e-24, 7.13057998661e-24, 7.28173756896e-24, 1.21725331864e-23, 8.18051440841e-24, 5.27704834344e-24, 9.70940257338e-24, 8.03492539519e-24, 1.29810793266e-23, 1.33900192979e-23, 9.49362387225e-24, 9.16037273828e-24, 1.13039681419e-23, 7.46766261799e-24, 6.01121476109e-24, 1.10506372951e-23, 8.83806783824e-24, 1.01427088803e-23, 8.4081970206e-24, 8.31093835959e-24, 1.37180876157e-23, 9.23155323548e-24, 1.22871956967e-23],
        "var": [7.58864371164e-06, 7.64377546147e-06, 2.93138043617e-07, 4.46679848665e-07, 7.83026550266e-08, 1.88492535358e-07, 4.2338498929e-07, 2.88234673462e-07, 2.40079600644e-07, 1.01818720566e-07, 5.76754466408e-08, 3.67413512947e-08, 1.55934358759e-08, 4.40994938344e-08, 1.35631328391e-08, 1.37617783835e-08, 1.51530858972e-08, 5.98045923894e-09, 4.69553373961e-09, 2.34194308391e-09, 3.82526765819e-09, 6.58790622055e-09, 8.98622598555e-09, 3.98639388166e-09, 1.35538058554e-09, 1.06151398782e-09, 4.9434539795e-10, 2.55293536311e-10, 2.39761460685e-10, 1.49362425206e-10, 1.00048157259e-10, 9.41978578473e-11, 3.11520698126e-10, 8.5502066538e-10, 7.75918607143e-10, 1.01860009316e-09, 7.96561983041e-10, 7.17679804474e-10, 5.97025873184e-10, 2.26792681857e-10]
    },
    "mfcc": {
        "mean": [-606.671142578, 90.0894927979, -1.69178676605, 21.7816677094, 7.25888395309, 6.0327091217, 1.63353490829, 10.8947401047, 2.12321901321, 8.24432563782, 1.00052058697, 5.79236984253, -1.40966439247],
        "cov": [[6053.78564453, -5.96866178513, 24.557226181, -93.0639648438, -18.5305747986, -62.4607048035, 5.2965669632, 21.4471130371, -38.0795059204, 8.26883506775, -43.9120559692, -13.7267770767, -21.1016254425], [-5.96866178513, 849.934692383, -352.491241455, 146.609222412, -19.1216640472, -45.9252853394, 54.9128761292, 25.1251983643, 30.1692447662, 52.9035301208, 82.9325866699, 70.1023178101, 10.2716245651], [24.557226181, -352.491241455, 420.018798828, -80.5264968872, -15.3926134109, 77.7239608765, -9.68868350983, -20.4597206116, -15.9223461151, -16.1104297638, -45.454875946, -37.1325569153, 21.774230957], [-93.0639648438, 146.609222412, -80.5264968872, 230.211685181, 85.9727020264, -14.9621553421, 11.8895835876, 20.7848548889, 10.4913406372, 23.5359172821, 16.6967258453, 18.6713123322, 6.27986431122], [-18.5305747986, -19.1216640472, -15.3926134109, 85.9727020264, 163.788146973, 6.98608875275, -13.1865644455, -10.0254335403, 4.14910411835, 26.3806343079, 8.97443580627, 1.54013299942, -0.806060433388], [-62.4607048035, -45.9252853394, 77.7239608765, -14.9621553421, 6.98608875275, 136.487304688, 32.1188278198, 14.0159358978, 20.8219070435, 9.21579456329, -10.0179767609, 1.31187820435, 15.0926380157], [5.2965669632, 54.9128761292, -9.68868350983, 11.8895835876, -13.1865644455, 32.1188278198, 114.320373535, 37.8909759521, 31.2848682404, 16.2399272919, 17.74127388, 6.29977083206, 10.5656919479], [21.4471130371, 25.1251983643, -20.4597206116, 20.7848548889, -10.0254335403, 14.0159358978, 37.8909759521, 113.289596558, 20.4806499481, -9.14773464203, 7.49788951874, 10.0291147232, -6.50337171555], [-38.0795059204, 30.1692447662, -15.9223461151, 10.4913406372, 4.14910411835, 20.8219070435, 31.2848682404, 20.4806499481, 86.228187561, 21.544883728, 5.7076997757, 4.73673343658, 7.89806175232], [8.26883506775, 52.9035301208, -16.1104297638, 23.5359172821, 26.3806343079, 9.21579456329, 16.2399272919, -9.14773464203, 21.544883728, 90.4136199951, 28.5004806519, 11.3092365265, 3.30245709419], [-43.9120559692, 82.9325866699, -45.454875946, 16.6967258453, 8.97443580627, -10.0179767609, 17.74127388, 7.49788951874, 5.7076997757, 28.5004806519, 79.0808181763, 30.5653209686, 3.20569086075], [-13.7267770767, 70.1023178101, -37.1325569153, 18.6713123322, 1.54013299942, 1.31187820435, 6.29977083206, 10.0291147232, 4.73673343658, 11.3092365265, 30.5653209686, 73.5545959473, 19.4063549042], [-21.1016254425, 10.2716245651, 21.774230957, 6.27986431122, -0.806060433388, 15.0926380157, 10.5656919479, -6.50337171555, 7.89806175232, 3.30245709419, 3.20569086075, 19.4063549042, 65.8767089844]],
