{
"lowlevel": {
    "average_loudness": 0.960041344166,
    "barkbands_crest": {
        "dmean": 3.71600365639,
        "dmean2": 5.96522665024,
        "dvar": 9.87634658813,
        "dvar2": 23.1531238556,
        "max": 25.9115657806,
        "mean": 12.5167484283,
        "median": 11.8977422714,
        "min": 3.33131504059,
        "var": 24.0180282593
    },
    "barkbands_flatness_db": {
        "dmean": 0.0372793339193,
        "dmean2": 0.0543826147914,
        "dvar": 0.00111688766629,
        "dvar2": 0.0022146620322,
        "max": 0.483255833387,
        "mean": 0.210231035948,
        "median": 0.203704312444,
        "min": 0.0707571581006,
        "var": 0.00421816017479
    },
    "barkbands_kurtosis": {
        "dmean": 11.8681077957,
        "dmean2": 19.0365982056,
        "dvar": 1153.65405273,
        "dvar2": 2853.40869141,
        "max": 781.98828125,
        "mean": 12.290766716,
        "median": 3.74884748459,
        "min": -1.90176713467,
        "var": 1170.13903809
    },
    "barkbands_skewness": {
        "dmean": 1.23483633995,
        "dmean2": 1.82564067841,
        "dvar": 2.156001091,
        "dvar2": 4.75176382065,
        "max": 25.0962619781,
        "mean": 2.15615868568,
        "median": 1.7457985878,
        "min": -8.22903060913,
        "var": 4.66830921173
    },
    "barkbands_spread": {
        "dmean": 9.52808094025,
        "dmean2": 14.5393896103,
        "dvar": 156.115707397,
        "dvar2": 335.340942383,
        "max": 105.549507141,
        "mean": 18.9830627441,
        "median": 14.6468820572,
        "min": 0.426922082901,
        "var": 264.049438477
    },
    "dissonance": {
        "dmean": 0.0414882265031,
        "dmean2": 0.0672219917178,
        "dvar": 0.00152960978448,
        "dvar2": 0.00393282528967,
        "max": 0.500000059605,
        "mean": 0.429640203714,
        "median": 0.444324672222,
        "min": 0.189275786281,
        "var": 0.00310582621023
    },
    "dynamic_complexity": 4.00790214539,
    "erbbands_crest": {
        "dmean": 4.16338777542,
        "dmean2": 6.78669500351,
        "dvar": 13.3529729843,
        "dvar2": 31.4320716858,
        "max": 30.8205318451,
        "mean": 11.6320343018,
        "median": 10.8145561218,
        "min": 2.93508291245,
        "var": 28.8612575531
    },
    "erbbands_flatness_db": {
        "dmean": 0.031161904335,
        "dmean2": 0.045019544661,
        "dvar": 0.000778656976763,
        "dvar2": 0.00146785739344,
        "max": 0.389110833406,
        "mean": 0.206505849957,
        "median": 0.19908452034,
        "min": 0.0914765894413,
        "var": 0.00277111656033
    },
    "erbbands_kurtosis": {
        "dmean": 3.20810580254,
        "dmean2": 5.20119428635,
        "dvar": 39.7154541016,
        "dvar2": 93.7151107788,
        "max": 99.9313354492,
        "mean": 2.65342235565,
        "median": 0.417502164841,
        "min": -1.91834902763,
        "var": 64.0203475952
    },
    "erbbands_skewness": {
        "dmean": 0.801735520363,
        "dmean2": 1.20175480843,
        "dvar": 0.646838307381,
        "dvar2": 1.40429079533,
        "max": 8.55393981934,
        "mean": 0.822883248329,
        "median": 0.708038270473,
        "min": -6.80912303925,
        "var": 1.63908445835
    },
    "erbbands_spread": {
        "dmean": 19.8600788116,
        "dmean2": 30.9888134003,
        "dvar": 680.874938965,
        "dvar2": 1561.06384277,
        "max": 192.410812378,
        "mean": 44.4680900574,
        "median": 35.8652038574,
        "min": 2.3705766201,
        "var": 1199.63781738
    },
    "hfc": {
        "dmean": 8.45837306976,
        "dmean2": 12.3477811813,
        "dvar": 101.824935913,
        "dvar2": 185.795043945,
        "max": 95.1295852661,
        "mean": 16.0120639801,
        "median": 11.657708168,
        "min": 1.09050059037e-16,
        "var": 245.946929932
    },
    "melbands_crest": {
        "dmean": 4.1665148735,
        "dmean2": 6.63547897339,
        "dvar": 11.7220659256,
        "dvar2": 29.5943470001,
        "max": 33.4539260864,
        "mean": 15.7992219925,
        "median": 15.3259458542,
        "min": 2.06543779373,
        "var": 30.6003475189
    },
    "melbands_flatness_db": {
        "dmean": 0.0452041924,
        "dmean2": 0.0629236549139,
        "dvar": 0.00171693065204,
        "dvar2": 0.00302844704129,
        "max": 0.570025324821,
        "mean": 0.24113483727,
        "median": 0.233549341559,
        "min": 0.00611806521192,
        "var": 0.00742192054167
    },
    "melbands_kurtosis": {
        "dmean": 28.069311142,
        "dmean2": 43.6816520691,
        "dvar": 3155.46972656,
        "dvar2": 7064.51806641,
        "max": 846.774291992,
        "mean": 33.7447814941,
        "median": 11.8928375244,
        "min": -1.90834283829,
        "var": 4657.96777344
    },
    "melbands_skewness": {
        "dmean": 1.70896399021,
        "dmean2": 2.57302451134,
        "dvar": 4.30278491974,
        "dvar2": 9.20023727417,
        "max": 21.5452136993,
        "mean": 3.46834969521,
        "median": 2.75755667686,
        "min": -2.91529989243,
        "var": 9.46159172058
    },
    "melbands_spread": {
        "dmean": 11.1276836395,
        "dmean2": 17.078371048,
        "dvar": 422.879638672,
        "dvar2": 872.268493652,
        "max": 283.25579834,
        "mean": 20.8446311951,
        "median": 14.7045288086,
        "min": 0.367838382721,
        "var": 721.274108887
    },
    "pitch_salience": {
        "dmean": 0.0974633395672,
        "dmean2": 0.154879882932,
        "dvar": 0.00771416677162,
        "dvar2": 0.0175054501742,
        "max": 0.852362632751,
        "mean": 0.512974739075,
        "median": 0.510049343109,
        "min": 0.0847085863352,
        "var": 0.0186548363417
    },
    "silence_rate_20dB": {
        "dmean": 0,
        "dmean2": 0,
        "dvar": 0,
        "dvar2": 0,
        "max": 1,
        "mean": 1,
        "median": 1,
        "min": 1,
        "var": 0
    },
    "silence_rate_30dB": {
        "dmean": 0,
        "dmean2": 0,
        "dvar": 0,
        "dvar2": 0,
        "max": 1,
        "mean": 1,
        "median": 1,
        "min": 1,
        "var": 0
    },
    "silence_rate_60dB": {
        "dmean": 0.0588235296309,
        "dmean2": 0.117738187313,
        "dvar": 0.055363278836,
        "dvar2": 0.128661483526,
        "max": 1,
        "mean": 0.136117562652,
        "median": 0,
        "min": 0,
        "var": 0.11759173125
    },
    "spectral_centroid": {
        "dmean": 367.340881348,
        "dmean2": 547.035644531,
        "dvar": 274716.5625,
        "dvar2": 502971.625,
        "max": 11165.3408203,
        "mean": 1068.63720703,
        "median": 907.347167969,
        "min": 147.464309692,
        "var": 612213.4375
    },
    "spectral_complexity": {
        "dmean": 3.98761606216,
        "dmean2": 5.5197520256,
        "dvar": 27.7257919312,
        "dvar2": 45.6267585754,
        "max": 54,
        "mean": 10.85460186,
        "median": 9,
        "min": 0,
        "var": 84.4289169312
    },
    "spectral_decrease": {
        "dmean": 3.15775228188e-09,
        "dmean2": 4.81944617547e-09,
        "dvar": 1.93068620269e-17,
        "dvar2": 4.78636613274e-17,
        "max": -8.15382043891e-29,
        "mean": -5.72996272652e-09,
        "median": -4.16389633884e-09,
        "min": -3.75178679235e-08,
        "var": 3.20181928221e-17
    },
    "spectral_energy": {
        "dmean": 0.0125375576317,
        "dmean2": 0.0190944559872,
        "dvar": 0.000296167505439,
        "dvar2": 0.000727040402126,
        "max": 0.144600361586,
        "mean": 0.0230785589665,
        "median": 0.0172382052988,
        "min": 1.01989026926e-20,
        "var": 0.00050053128507
    },
    "spectral_energyband_high": {
        "dmean": 0.000377830787329,
        "dmean2": 0.000529292970896,
        "dvar": 4.4591695314e-07,
        "dvar2": 7.29780197162e-07,
        "max": 0.00939541589469,
        "mean": 0.000546345603652,
        "median": 0.000211342601688,
        "min": 7.24101548987e-21,
        "var": 8.86588225057e-07
    },
    "spectral_energyband_low": {
        "dmean": 0.00330898957327,
        "dmean2": 0.00480973068625,
        "dvar": 5.94587872911e-05,
        "dvar2": 0.000124830345158,
        "max": 0.0857085362077,
        "mean": 0.0057714888826,
        "median": 0.00146491045598,
        "min": 8.00692177969e-23,
        "var": 0.000118404444947
    },
    "spectral_energyband_middle_high": {
        "dmean": 0.00245186220855,
        "dmean2": 0.00340158166364,
        "dvar": 1.29427253341e-05,
        "dvar2": 2.23741171794e-05,
        "max": 0.0412905290723,
        "mean": 0.00386033928953,
        "median": 0.0011543056462,
        "min": 1.61593256662e-21,
        "var": 3.41666818713e-05
    },
    "spectral_energyband_middle_low": {
        "dmean": 0.0102138463408,
        "dmean2": 0.0163458865136,
        "dvar": 0.000271370547125,
        "dvar2": 0.000722510216292,
        "max": 0.123237162828,
        "mean": 0.0134206935763,
        "median": 0.0075600259006,
        "min": 4.57687050277e-22,
        "var": 0.000304333254462
    },
    "spectral_entropy": {
        "dmean": 0.333461523056,
        "dmean2": 0.476483821869,
        "dvar": 0.106888785958,
        "dvar2": 0.212340503931,
        "max": 9.80100822449,
        "mean": 7.21950674057,
        "median": 7.22675800323,
        "min": 4.7308382988,
        "var": 0.348999887705
    },
    "spectral_flux": {
        "dmean": 0.0375384613872,
        "dmean2": 0.0600692182779,
        "dvar": 0.0016738823615,
        "dvar2": 0.00369043229148,
        "max": 0.355635017157,
        "mean": 0.0950273126364,
        "median": 0.087351411581,
        "min": 1.00989619445e-10,
        "var": 0.00361572531983
    },
    "spectral_kurtosis": {
        "dmean": 2.42593932152,
        "dmean2": 3.65492892265,
        "dvar": 7.83167600632,
        "dvar2": 17.0221099854,
        "max": 33.8147163391,
        "mean": 4.00969362259,
        "median": 2.98909711838,
        "min": -1.70903861523,
        "var": 18.3387737274
    },
    "spectral_rms": {
        "dmean": 0.00121146719903,
        "dmean2": 0.00175015360583,
        "dvar": 1.67897803749e-06,
        "dvar2": 3.73649754692e-06,
        "max": 0.0118774380535,
        "mean": 0.00417956709862,
        "median": 0.00410094624385,
        "min": 3.15438560688e-12,
        "var": 5.04684794578e-06
    },
    "spectral_rolloff": {
        "dmean": 853.096374512,
        "dmean2": 1463.55957031,
        "dvar": 2861788.25,
        "dvar2": 6334394,
        "max": 18583.1542969,
        "mean": 1418.34240723,
        "median": 732.12890625,
        "min": 86.1328125,
        "var": 3675477
    },
    "spectral_skewness": {
        "dmean": 0.408691644669,
        "dmean2": 0.588570356369,
        "dvar": 0.156817227602,
        "dvar2": 0.291941642761,
        "max": 5.05334472656,
        "mean": 1.56371235847,
        "median": 1.53026747704,
        "min": -1.16291034222,
        "var": 0.52485948801
    },
    "spectral_spread": {
        "dmean": 1191558.125,
        "dmean2": 1641802.125,
        "dvar": 2.9518552105e+12,
        "dvar2": 4.30968615731e+12,
        "max": 42647404,
        "mean": 5237681,
        "median": 4506231.5,
        "min": 1578031.875,
        "var": 6.6675498025e+12
    },
    "spectral_strongpeak": {
        "dmean": 0.701008796692,
        "dmean2": 1.0916621685,
        "dvar": 0.874775111675,
        "dvar2": 1.83954226971,
        "max": 8.9321603775,
        "mean": 1.1112228632,
        "median": 0.539137482643,
        "min": 0,
        "var": 1.70648550987
    },
    "zerocrossingrate": {
        "dmean": 0.0185686703771,
        "dmean2": 0.0203527417034,
        "dvar": 0.000636013224721,
        "dvar2": 0.000757211411837,
        "max": 0.4775390625,
        "mean": 0.059216093272,
        "median": 0.0478515625,
        "min": 0.00341796875,
        "var": 0.00231005693786
    },
    "barkbands": {
        "dmean": [9.00195082068e-05, 0.00269859563559, 0.000820541463327, 0.00144159747288, 0.00339463702403, 0.00120811047964, 0.00351981376298, 0.00224516144954, 0.00102518941276, 0.00041561893886, 0.000302932312479, 0.000438714603661, 0.000812588259578, 0.00060815300094, 0.000287898816168, 0.000221146110562, 0.000160456605954, 0.00010161803948, 0.000120257609524, 8.63363602548e-05, 7.01797471265e-05, 4.96247994306e-05, 4.65371340397e-05, 0.000177827503649, 3.6900255509e-05, 3.10654932889e-08, 3.92164345442e-09],
        "dmean2": [0.000153776913066, 0.00435421103612, 0.00133381935302, 0.00270896963775, 0.00577196292579, 0.00193439796567, 0.00552498269826, 0.00369095313363, 0.00153849739581, 0.000642504019197, 0.00045718732872, 0.000679838703945, 0.00125610304531, 0.000947542313952, 0.000456221256172, 0.00033906759927, 0.000243161761318, 0.000148076404002, 0.000177316978807, 0.000123800899019, 9.91464767139e-05, 6.77358402754e-05, 6.16871111561e-05, 0.000261554057943, 5.47682320757e-05, 4.87593361242e-08, 7.17466486222e-09],
        "dvar": [4.57026274603e-08, 5.51549128431e-05, 5.35638810106e-06, 4.92346480314e-05, 5.89597038925e-05, 1.54147546709e-05, 4.88875484734e-05, 3.55294650944e-05, 5.51407902094e-06, 1.75828643023e-06, 9.68927565737e-07, 1.3380239352e-06, 3.78184768124e-06, 2.57494366451e-06, 4.18213858211e-07, 2.22353349955e-07, 1.04087789055e-07, 5.09600006637e-08, 4.47687469318e-08, 4.47277272997e-08, 4.19258014972e-08, 1.63250728491e-08, 7.13109438166e-09, 8.61422435605e-08, 5.73721781194e-09, 4.46310850216e-15, 6.11622162422e-16],
        "dvar2": [1.25204522305e-07, 0.000133407782414, 1.27538605739e-05, 0.000142431803397, 0.000163458593306, 3.79120574507e-05, 0.000109430206066, 8.68059214554e-05, 1.23917989185e-05, 3.49483707396e-06, 2.11666019823e-06, 2.97763313029e-06, 8.66396203492e-06, 5.63147841603e-06, 9.86960571936e-07, 5.32074352577e-07, 2.18903238647e-07, 1.04393357958e-07, 9.49112788362e-08, 9.02446970485e-08, 8.03068758159e-08, 2.57735841558e-08, 1.19052536718e-08, 1.78487255198e-07, 1.37450069104e-08, 1.11029519183e-14, 1.69315798107e-15],
        "max": [0.00209562457167, 0.0749243944883, 0.0365837439895, 0.0695118382573, 0.0709859877825, 0.0633492618799, 0.0928133279085, 0.0563661754131, 0.0275701992214, 0.0212731976062, 0.0194430053234, 0.0210392996669, 0.0235605537891, 0.0220234356821, 0.00680653564632, 0.00746532389894, 0.00433661509305, 0.0044082426466, 0.00228929729201, 0.00247748428956, 0.00250433874317, 0.00171912484802, 0.000977979274467, 0.0037056892179, 0.00125933228992, 1.17848037462e-06, 4.88481134653e-07],
        "mean": [9.30032474571e-05, 0.00390586280264, 0.00133734184783, 0.000928564870264, 0.00371273863129, 0.00111358228605, 0.00410868553445, 0.00208015460521, 0.00126273592468, 0.00045076222159, 0.000347381515894, 0.000509707839228, 0.000891336821951, 0.000669414643198, 0.00030804387643, 0.000256843602983, 0.000202879338758, 0.000133884706884, 0.000165914738318, 0.00011392160377, 9.12745163077e-05, 6.70974986861e-05, 6.32834780845e-05, 0.000216216838453, 4.78780020785e-05, 3.86179408451e-08, 2.86393486704e-09],
        "median": [2.23134047701e-05, 0.000515977502801, 0.000315383367706, 0.00010925171955, 0.00159747840371, 0.000173551423359, 0.000768027850427, 0.000214185231016, 0.000183361175004, 3.70489469788e-05, 3.33476127707e-05, 5.90922936681e-05, 6.10704955761e-05, 6.36427503196e-05, 3.93815498683e-05, 5.02551483805e-05, 3.82768630516e-05, 2.03721319849e-05, 4.08959313063e-05, 2.40049375861e-05, 2.03443796636e-05, 1.77793353942e-05, 1.56655642058e-05, 6.33885501884e-05, 1.61685911735e-05, 1.27486288193e-08, 2.63893462638e-10],
        "min": [1.2649122319e-24, 4.40735262461e-23, 8.23011403783e-24, 5.11775089984e-23, 8.18946103771e-23, 1.90390538179e-23, 6.04214694382e-23, 1.0281140874e-22, 1.23004480866e-22, 5.97727354733e-23, 3.53391478629e-23, 8.0409444039e-23, 8.7884342878e-23, 9.42007963223e-23, 2.89771582117e-22, 1.04963074191e-22, 2.51124516442e-22, 3.22127702954e-22, 1.86761329942e-22, 3.65857784406e-22, 3.65256785992e-22, 5.42760082215e-22, 5.36113051875e-22, 7.43119796441e-22, 1.20128556538e-21, 1.45983514359e-21, 2.31127551351e-21],
        "var": [4.28467465952e-08, 7.53112908569e-05, 6.07436459177e-06, 2.74419726338e-05, 5.06462420162e-05, 1.56638016051e-05, 8.78565115272e-05, 3.45990083588e-05, 8.26460654935e-06, 2.35851052821e-06, 1.4402976376e-06, 1.79777669018e-06, 5.39417624168e-06, 3.5660902995e-06, 5.29944315986e-07, 2.88041320573e-07, 1.8671072155e-07, 9.09593325105e-08, 8.10007421137e-08, 7.19493513657e-08, 6.65232064989e-08, 3.03612353036e-08, 1.45431364729e-08, 1.41918548024e-07, 9.63652624364e-09, 6.1787474788e-15, 4.26290559469e-16]
    },
    "erbbands": {
        "dmean": [0.0682859271765, 0.647003591061, 1.01568961143, 3.05226206779, 7.10943937302, 13.599779129, 11.6111087799, 9.84344005585, 26.2310123444, 79.5824966431, 30.7772350311, 20.8623218536, 21.401802063, 10.0750589371, 11.7047624588, 18.9655056, 33.4872436523, 34.4849510193, 20.0264911652, 12.6150341034, 11.1428022385, 8.4442615509, 5.77808094025, 5.98106908798, 5.36000871658, 4.1987285614, 3.37005186081, 2.35897183418, 1.89706075191, 1.43565642834, 1.39407551289, 3.28144550323, 2.798807621, 0.800907969475, 0.0637055337429, 0.00272802310064, 0.00014746603847, 2.11584156204e-05, 9.23263905861e-06, 1.47563423525e-05],
        "dmean2": [0.111954919994, 1.01215469837, 1.5485124588, 5.5726647377, 13.0270233154, 22.8575267792, 19.1407165527, 15.6555166245, 41.1505661011, 127.417129517, 48.7249984741, 30.518196106, 31.280500412, 14.2118301392, 18.4798908234, 28.1099414825, 51.4869880676, 51.6101570129, 30.6638774872, 19.2937507629, 16.667131424, 12.6249656677, 8.17932319641, 8.66453075409, 7.8339805603, 5.8467206955, 4.9417886734, 3.3493950367, 2.65042042732, 1.90922260284, 1.87417662144, 4.80143404007, 4.12663125992, 1.16794979572, 0.0973086580634, 0.00410407967865, 0.000214484040043, 3.07030495605e-05, 1.39827543535e-05, 2.24616760534e-05],
        "dvar": [0.0288638211787, 3.49744033813, 6.78596782684, 192.656646729, 688.528137207, 865.734436035, 1479.58703613, 1169.30981445, 3837.35449219, 24121.46875, 5617.078125, 2594.20458984, 3047.87866211, 744.023681641, 1752.44384766, 1981.11828613, 7606.9921875, 7509.75292969, 2170.65649414, 816.758911133, 464.160705566, 256.978240967, 149.29057312, 112.366691589, 96.5449905396, 118.312667847, 119.530944824, 34.7834014893, 26.5764369965, 11.6894454956, 6.16270446777, 28.0883045197, 23.6872997284, 2.78086423874, 0.015947220847, 2.77119415841e-05, 6.85836809566e-08, 1.37751077212e-09, 1.50890619444e-10, 3.85959153526e-10],
        "dvar2": [0.0732578858733, 8.35928630829, 15.0242271423, 550.534606934, 2008.05078125, 2349.48486328, 3817.51831055, 2763.57299805, 9388.01660156, 54611.359375, 12983.1943359, 5620.39746094, 5992.16992188, 1373.9387207, 4640.68066406, 4071.72192383, 18341.6894531, 16172.9912109, 4320.09814453, 1958.12780762, 1079.37036133, 527.737121582, 292.184997559, 227.588760376, 205.776382446, 241.578323364, 243.326080322, 59.6245956421, 46.1400756836, 18.7383060455, 10.6500930786, 55.5999641418, 51.1435470581, 6.49486589432, 0.0386173315346, 6.59618381178e-05, 1.53606720232e-07, 2.9487916553e-09, 3.24708648858e-10, 9.15785336453e-10],
        "max": [2.4918820858, 19.4821548462, 27.6358795166, 136.584976196, 255.030090332, 292.61138916, 856.105712891, 659.455627441, 1077.98535156, 1643.7947998, 929.78314209, 756.668151855, 901.915283203, 583.638977051, 814.464111328, 622.623962402, 1240.84375, 1255.26708984, 626.930603027, 437.935089111, 276.598815918, 272.316864014, 207.532577515, 147.149276733, 123.120483398, 137.634307861, 130.703048706, 100.488067627, 72.0522613525, 40.8726730347, 28.2719116211, 55.7416801453, 69.7691268921, 26.5286865234, 1.76241362095, 0.0795926004648, 0.00406301161274, 0.000519938999787, 0.00014473090414, 0.000161440737429],
        "mean": [0.101202771068, 0.912168085575, 1.65925931931, 2.44354724884, 5.7870554924, 15.6300706863, 12.1465549469, 9.55931377411, 29.5653209686, 87.4812240601, 32.0543136597, 25.9060630798, 25.9495334625, 13.2686653137, 12.8398962021, 23.6667404175, 37.5308761597, 39.2251281738, 23.3694267273, 14.6091032028, 14.3546800613, 11.2552623749, 7.63154125214, 8.24540233612, 7.55715560913, 5.49834012985, 4.18468236923, 3.20548343658, 2.52410769463, 1.9693300724, 1.90662026405, 3.90753436089, 3.49299287796, 1.07539606094, 0.0724874660373, 0.00323551869951, 0.000197555302293, 2.9839526178e-05, 1.79421349458e-05, 2.86158447125e-05],
        "median": [0.0108718955889, 0.122772373259, 0.42873364687, 0.624812662601, 1.65269219875, 6.87339544296, 3.26792192459, 1.86507856846, 6.69773244858, 14.3001022339, 6.33319473267, 5.3041882515, 2.91317892075, 1.86580646038, 1.73873901367, 2.77415680885, 3.17280769348, 4.07899618149, 2.72693586349, 2.43997812271, 3.43863105774, 2.52862548828, 1.31185948849, 2.04199433327, 1.88281726837, 1.21107161045, 0.820343971252, 0.827005982399, 0.67996764183, 0.43670335412, 0.476093113422, 1.05671083927, 1.01393008232, 0.379072070122, 0.0171551238745, 0.00084626628086, 7.38605231163e-05, 1.26975892272e-05, 1.41475293276e-05, 2.2091811843e-05],
        "min": [1.00095447734e-21, 1.05691047909e-20, 1.4302555405e-20, 9.99186746326e-20, 1.88574819936e-19, 3.05201315096e-19, 1.86942805512e-19, 1.89561698106e-19, 8.74421724517e-19, 1.90811976432e-18, 1.32522781713e-18, 3.17091995043e-18, 2.38341360839e-18, 1.45662432006e-18, 2.11751536651e-18, 3.48698648966e-18, 3.96525363444e-18, 3.5365966469e-18, 1.51908675471e-17, 8.67863505748e-18, 7.13428885384e-18, 1.51805592223e-17, 1.73542260903e-17, 1.47304240765e-17, 8.09655219633e-18, 1.68847514618e-17, 1.60029967812e-17, 1.62651816025e-17, 1.99006585927e-17, 1.56159043787e-17, 1.6809115721e-17, 1.63313610146e-17, 1.19888100368e-17, 1.16734730709e-17, 8.84304216731e-18, 5.03613075444e-18, 2.87361696941e-18, 1.02301190026e-18, 3.39208390289e-19, 3.68913279729e-20],
        "var": [0.039784591645, 4.64559745789, 9.6778421402, 112.941764832, 392.995697021, 840.600708008, 1399.95129395, 1259.82983398, 5073.08203125, 35300.5351562, 6349.12744141, 3771.45483398, 4870.24072266, 1511.96447754, 1478.03088379, 3296.50708008, 9598.42578125, 10555.4873047, 3291.07275391, 1025.81018066, 735.659973145, 529.846496582, 294.752197266, 218.056549072, 171.86869812, 183.360397339, 164.346572876, 63.4913711548, 45.4652137756, 22.3813591003, 12.1228542328, 45.6083106995, 39.1784629822, 4.79356431961, 0.0236862171441, 4.39160685346e-05, 1.23909188687e-07, 2.48014120352e-09, 2.91805718478e-10, 6.86686596474e-10]
    },
    "gfcc": {
        "mean": [-74.9092330933, 110.169166565, -126.25604248, 44.1371192932, -83.5205841064, 19.5724143982, -52.3377609253, 1.89190125465, -8.98078346252, -10.971241951, 8.56904411316, -25.4454154968, 4.26137685776],
        "cov": [[10492.1933594, -185.6118927, -1708.45837402, -355.185974121, -290.282348633, -16.127954483, -130.990493774, 274.35067749, -36.5921974182, 44.4128990173, 26.9721088409, -209.850418091, -81.8318328857], [-185.6118927, 1462.16943359, 17.6515045166, -96.7911911011, 527.876403809, -14.5611410141, 415.345306396, 1.05333554745, 227.019256592, -81.076133728, 110.808898926, -61.6960868835, 29.3573532104], [-1708.45837402, 17.6515045166, 1993.83300781, 843.641662598, 159.665130615, 478.765686035, 95.7365493774, 74.2634506226, 99.2175445557, 64.3024291992, -34.5757865906, 118.345069885, -27.2644405365], [-355.185974121, -96.7911911011, 843.641662598, 924.21496582, 262.15447998, 208.096923828, 51.2176132202, 4.82247591019, 98.4717712402, 48.8674964905, -33.8405914307, 65.0945510864, 7.93372440338], [-290.282348633, 527.876403809, 159.665130615, 262.15447998, 721.885803223, 183.568847656, 159.954376221, 160.690444946, 159.858444214, 87.0070419312, 79.6300964355, -79.2947921753, 11.0584640503], [-16.127954483, -14.5611410141, 478.765686035, 208.096923828, 183.568847656, 534.789733887, 242.916549683, 131.950241089, 23.462305069, 77.9006118774, 22.8699245453, 29.5576477051, -22.4689064026], [-130.990493774, 415.345306396, 95.7365493774, 51.2176132202, 159.954376221, 242.916549683, 514.791137695, 88.1958618164, 38.6933670044, -13.2930212021, 52.8441543579, 30.2151279449, 18.137178421], [274.35067749, 1.05333554745, 74.2634506226, 4.82247591019, 160.690444946, 131.950241089, 88.1958618164, 326.711761475, 59.634803772, 84.4037246704, 25.9360847473, -28.8481521606, 4.20056438446], [-36.5921974182, 227.019256592, 99.2175445557, 98.4717712402, 159.858444214, 23.462305069, 38.6933670044, 59.634803772, 244.116241455, 67.481628418, 14.7314863205, -8.40994262695, -0.407196432352], [44.4128990173, -81.076133728, 64.3024291992, 48.8674964905, 87.0070419312, 77.9006118774, -13.2930212021, 84.4037246704, 67.481628418, 197.898757935, 45.023525238, -23.3566436768, -11.4993801117], [26.9721088409, 110.808898926, -34.5757865906, -33.8405914307, 79.6300964355, 22.8699245453, 52.8441543579, 25.9360847473, 14.7314863205, 45.023525238, 136.063522339, 0.503314316273, -18.9889774323], [-209.850418091, -61.6960868835, 118.345069885, 65.0945510864, -79.2947921753, 29.5576477051, 30.2151279449, -28.8481521606, -8.40994262695, -23.3566436768, 0.503314316273, 121.188659668, 34.1924972534], [-81.8318328857, 29.3573532104, -27.2644405365, 7.93372440338, 11.0584640503, -22.4689064026, 18.137178421, 4.20056438446, -0.407196432352, -11.4993801117, -18.9889774323, 34.1924972534, 91.4300842285]],
        "icov": [[0.000154844034114, -0.000211511185626, 0.000292884913506, -0.000295280071441, 0.000366166728782, -0.000327203801135, 0.000263745168922, -0.000297127087833, 5.55676888325e-05, -1.00819288491e-05, -5.6319298892e-05, 0.000198593334062, 6.91106470185e-05], [-0.000211511185626, 0.00278992624953, -0.00110046810005, 0.00167315860745, -0.00238038389944, 0.00175687391311, -0.00238232058473, 0.00156283332035, -0.00181449588854, 0.00148143619299, -0.000750927545596, 0.000547815288883, -0.000620613922365], [0.000292884913506, -0.00110046810005, 0.00177927478217, -0.00171779457014, 0.00142490433063, -0.00171306869015, 0.00128994521219, -0.00102292583324, 0.00036756094778, -0.000254709302681, 0.000139513475006, -0.000274707534118, 0.000594216573518], [-0.000295280071441, 0.00167315860745, -0.00171779457014, 0.00338441296481, -0.00257922685705, 0.00145169196185, -0.00152011495084, 0.0016446543159, -0.00103904539719, 0.00031091121491, 0.000635087082628, -0.00104166660458, -0.000156810114277], [0.000366166728782, -0.00238038389944, 0.00142490433063, -0.00257922685705, 0.0050131380558, -0.00245224544778, 0.0019553010352, -0.00213294103742, 0.000230582387303, -0.000640852493234, -0.00125353829935, 0.00248690019362, -0.00102805614006], [-0.000327203801135, 0.00175687391311, -0.00171306869015, 0.00145169196185, -0.00245224544778, 0.00519270915538, -0.00317121762782, 0.000604373111855, -5.15797592016e-06, -0.000656203366816, 0.000623392523266, -0.00117400218733, 0.00116620678455], [0.000263745168922, -0.00238232058473, 0.00128994521219, -0.00152011495084, 0.0019553010352, -0.00317121762782, 0.00506903370842, -0.00174601643812, 0.00097553327214, 0.000101598256151, -0.00058585498482, -0.000656463205814, -0.000282642955426], [-0.000297127087833, 0.00156283332035, -0.00102292583324, 0.0016446543159, -0.00213294103742, 0.000604373111855, -0.00174601643812, 0.00523492088541, -0.00122782913968, -0.000569388328586, -6.24055828666e-05, 0.000630755384918, -0.00102906709071], [5.55676888325e-05, -0.00181449588854, 0.00036756094778, -0.00103904539719, 0.000230582387303, -5.15797592016e-06, 0.00097553327214, -0.00122782913968, 0.00670893024653, -0.00283644651063, 0.00140270136762, -0.00142705882899, 0.00116399605758], [-1.00819288491e-05, 0.00148143619299, -0.000254709302681, 0.00031091121491, -0.000640852493234, -0.000656203366816, 0.000101598256151, -0.000569388328586, -0.00283644651063, 0.00835412275046, -0.00325649254955, 0.00213615759276, -0.00110249628779], [-5.6319298892e-05, -0.000750927545596, 0.000139513475006, 0.000635087082628, -0.00125353829935, 0.000623392523266, -0.00058585498482, -6.24055828666e-05, 0.00140270136762, -0.00325649254955, 0.0104810744524, -0.00340082682669, 0.00364639190957], [0.000198593334062, 0.000547815288883, -0.000274707534118, -0.00104166660458, 0.00248690019362, -0.00117400218733, -0.000656463205814, 0.000630755384918, -0.00142705882899, 0.00213615759276, -0.00340082682669, 0.0139927929267, -0.0061546806246], [6.91106470185e-05, -0.000620613922365, 0.000594216573518, -0.000156810114277, -0.00102805614006, 0.00116620678455, -0.000282642955426, -0.00102906709071, 0.00116399605758, -0.00110249628779, 0.00364639190957, -0.0061546806246, 0.0148290609941]]
    },
    "melbands": {
        "dmean": [0.0006845871103, 0.000650176720228, 0.000628172128927, 0.000749823753722, 0.000465486751636, 0.000219240697334, 0.000499285699334, 0.00082288926933, 0.000204188167118, 0.000143528988701, 0.000107222076622, 4.01970974053e-05, 4.05190548918e-05, 4.15875183535e-05, 6.65690531605e-05, 8.40656357468e-05, 6.35974793113e-05, 3.71164933313e-05, 2.02630799322e-05, 1.45360772876e-05, 1.35280461109e-05, 9.99065377982e-06, 6.39799645796e-06, 4.62182970296e-06, 5.15285410074e-06, 4.57100713902e-06, 3.14871090268e-06, 2.87075931737e-06, 2.30725618167e-06, 1.72256341102e-06, 1.29994566578e-06, 1.07529854176e-06, 9.77377794698e-07, 7.53828601319e-07, 7.3918755561e-07, 9.85680799204e-07, 2.75244519798e-06, 2.3105899345e-06, 1.3170119928e-06, 4.76695504403e-07],
        "dmean2": [0.00111184443813, 0.000955918978434, 0.00115286209621, 0.0012931781821, 0.000766339071561, 0.000348323170329, 0.000779692549258, 0.00132673641201, 0.000323406042298, 0.000213378065382, 0.000157945614774, 5.72691969865e-05, 6.28863781458e-05, 6.47814595141e-05, 0.00010324978939, 0.000127861290821, 9.81666889857e-05, 5.7625293266e-05, 3.17812700814e-05, 2.26609136007e-05, 2.06449785765e-05, 1.53470155055e-05, 9.66250172496e-06, 6.95148173691e-06, 7.62507397667e-06, 6.7159307946e-06, 4.71269322588e-06, 4.11958035329e-06, 3.53710356649e-06, 2.57517331193e-06, 1.81558743861e-06, 1.51226754497e-06, 1.33984201511e-06, 1.00968054539e-06, 1.0097495533e-06, 1.4080277424e-06, 4.10056827604e-06, 3.42592238667e-06, 2.02464161703e-06, 7.03578336925e-07],
        "dvar": [3.21312404594e-06, 2.89861327474e-06, 8.2080014181e-06, 3.21515835822e-06, 1.75401430624e-06, 5.52795654585e-07, 1.20302831874e-06, 2.67612062999e-06, 2.61035097537e-07, 1.28329460836e-07, 7.7099507223e-08, 1.32640485262e-08, 1.745146605e-08, 1.69545479878e-08, 2.77913621005e-08, 4.27240891554e-08, 3.01364977418e-08, 9.1752658804e-09, 2.33629071644e-09, 1.03449826483e-09, 7.41115502301e-10, 3.8193065377e-10, 2.5458107844e-10, 9.73224001388e-11, 8.94207555224e-11, 6.73429020881e-11, 4.44545442124e-11, 6.61758842169e-11, 5.57137565249e-11, 2.76892588719e-11, 9.16836311732e-12, 8.1136677238e-12, 6.5524985611e-12, 3.04715931307e-12, 2.22960582288e-12, 2.92524923555e-12, 2.04219280375e-11, 1.49377732406e-11, 9.66499016236e-12, 9.92369706375e-13],
        "dvar2": [7.71250051912e-06, 6.78497553963e-06, 2.36574032897e-05, 9.04601802176e-06, 4.5589254114e-06, 1.30402293053e-06, 2.86705085273e-06, 6.2086660364e-06, 5.90967886183e-07, 2.83775705157e-07, 1.51497886236e-07, 2.53267966599e-08, 4.38903633437e-08, 3.97633641569e-08, 6.19007280989e-08, 9.34901294158e-08, 6.78164013834e-08, 1.83412272037e-08, 5.80674086592e-09, 2.47830711508e-09, 1.7461725399e-09, 8.55549797674e-10, 5.05113229021e-10, 1.94722016289e-10, 1.88453738725e-10, 1.51553894434e-10, 9.50745177031e-11, 1.41152464717e-10, 1.1686741852e-10, 5.83006004584e-11, 1.60638100044e-11, 1.43188082918e-11, 1.0953585261e-11, 5.10531027176e-12, 4.0973773853e-12, 5.89572357948e-12, 4.20741427809e-11, 3.17793777405e-11, 2.25824896977e-11, 2.31901737396e-12],
        "max": [0.0208841189742, 0.0192894674838, 0.0276345331222, 0.0143964504823, 0.0268852338195, 0.0140325697139, 0.0176021717489, 0.0152430515736, 0.00622456194833, 0.00451759202406, 0.0045324251987, 0.00214129919186, 0.00217442587018, 0.00299597671255, 0.00206275237724, 0.00252799061127, 0.00235018599778, 0.00122294353787, 0.000577589788008, 0.000529115786776, 0.000368689536117, 0.00028355003451, 0.000329358328599, 0.00012064515613, 0.000130899250507, 8.41527944431e-05, 7.12111286703e-05, 0.000103535523522, 8.57557606651e-05, 6.6285894718e-05, 5.1031140174e-05, 3.7436693674e-05, 3.48676003341e-05, 2.22537546506e-05, 1.92568531929e-05, 2.31712801906e-05, 4.36607915617e-05, 4.43212302343e-05, 5.03832270624e-05, 1.84439486475e-05],
        "mean": [0.00103031890467, 0.0010143360123, 0.000491850194521, 0.000786569260526, 0.000513886508998, 0.000207567893085, 0.000575974409003, 0.000885273329914, 0.000208376848605, 0.000176943707629, 0.000127497070935, 5.08711164002e-05, 4.46596641268e-05, 4.83360490762e-05, 7.43526397855e-05, 9.38398225117e-05, 6.83545586071e-05, 4.1031413275e-05, 2.09416157304e-05, 1.72279651451e-05, 1.67343805515e-05, 1.25441792989e-05, 7.7277818491e-06, 6.19911998001e-06, 6.7167711677e-06, 6.15562521489e-06, 4.22848597736e-06, 3.57698991138e-06, 2.7381900054e-06, 2.20425908992e-06, 1.69738621025e-06, 1.40736187859e-06, 1.25781252791e-06, 1.01462785551e-06, 9.73428655016e-07, 1.30932494358e-06, 3.04017248709e-06, 2.7662354114e-06, 1.71631177182e-06, 6.13907275238e-07],
        "median": [0.000104458682472, 0.000261822453467, 0.000147274229676, 0.000331237330101, 0.000181448704097, 3.09027600451e-05, 0.000116561117466, 0.000141346725286, 2.91919841402e-05, 2.620684063e-05, 1.19153110063e-05, 5.7522379393e-06, 5.24783536093e-06, 5.89075807511e-06, 6.61977992422e-06, 6.62229103909e-06, 6.56807060295e-06, 3.94268499804e-06, 2.89369768325e-06, 3.30831176143e-06, 3.93021491618e-06, 2.51585288424e-06, 1.04737830497e-06, 9.95606455945e-07, 1.50266544097e-06, 1.42865985708e-06, 9.00602628917e-07, 5.88635145959e-07, 4.34474372923e-07, 4.49129856861e-07, 4.23439274755e-07, 3.65007878145e-07, 2.92515693445e-07, 1.93235337065e-07, 2.29140070473e-07, 3.69270566125e-07, 7.14967313797e-07, 7.33902368211e-07, 5.5836642332e-07, 1.86487397968e-07],
        "min": [1.11196484248e-23, 9.76765995123e-24, 1.84612037385e-23, 2.01437588523e-23, 7.77895896411e-24, 4.33935029022e-24, 1.29826546818e-23, 2.30925934912e-23, 1.06142110433e-23, 1.99756809924e-23, 1.13082918885e-23, 5.92015063035e-24, 5.88446532401e-24, 1.01947595005e-23, 7.77662078038e-24, 7.98331653705e-24, 5.52185633702e-24, 2.31944038797e-23, 1.85713460758e-23, 8.45844114937e-24, 7.64759547959e-24, 1.61447089571e-23, 1.35655077171e-23, 1.69331422997e-23, 1.19159056898e-23, 4.87532092746e-24, 6.64308524643e-24, 1.32471912978e-23, 1.02520741896e-23, 8.99775300698e-24, 9.72159520753e-24, 1.17074231632e-23, 9.00071123537e-24, 8.63948393826e-24, 1.02383519541e-23, 8.46083691994e-24, 1.07145233849e-23, 8.58812357131e-24, 7.77761158968e-24, 1.1030770622e-23],
        "var": [4.67652762381e-06, 4.19580965172e-06, 4.69659926239e-06, 2.48824153459e-06, 1.72521731656e-06, 6.11180041687e-07, 1.84341513432e-06, 3.52445636054e-06, 3.04471484469e-07, 1.88960754599e-07, 1.2268385774e-07, 2.45687168388e-08, 1.80898123148e-08, 1.97515408473e-08, 3.97658794782e-08, 6.27600016401e-08, 3.75873270286e-08, 1.32320199242e-08, 2.57444754403e-09, 1.37289135616e-09, 1.09305908769e-09, 6.85166756664e-10, 4.65501442948e-10, 1.81665973931e-10, 1.59774429798e-10, 1.11111383982e-10, 7.1615095798e-11, 9.39558708613e-11, 7.16843459592e-11, 4.17680369458e-11, 1.66967533549e-11, 1.38510496475e-11, 1.1464073614e-11, 5.73927797648e-12, 3.97730936727e-12, 4.99047374605e-12, 3.02234695604e-11, 2.34738235794e-11, 1.43628850133e-11, 1.71223321979e-12]
    },
    "mfcc": {
        "mean": [-701.142028809, 111.969909668, 20.9869537354, 7.55096912384, 10.4861183167, -5.71074771881, -4.93573713303, -9.25568294525, -6.59935092926, 3.72066283226, 0.138630256057, 5.29084396362, -6.11706113815],
        "cov": [[9759.33398438, -81.6926269531, -1735.50891113, -482.66809082, -462.550109863, -419.864929199, -59.6712036133, -98.1858825684, -85.3744277954, 206.070343018, -24.7011318207, -9.21998310089, -139.091888428], [-81.6926269531, 1508.58300781, -361.261108398, -35.8786201477, 114.530418396, 34.8859519958, 202.484695435, 129.54536438, 138.95930481, 76.5817260742, 112.924690247, 73.4503097534, 96.0902481079], [-1735.50891113, -361.261108398, 1869.33422852, 449.023712158, 236.240325928, 440.670806885, 50.0915031433, 213.229003906, 106.199325562, -49.3314666748, 10.401008606, 104.938591003, 45.731262207], [-482.66809082, -35.8786201477, 449.023712158, 690.627197266, 306.562438965, 211.382263184, -1.22359204292, 87.3426208496, 74.4113082886, 60.413898468, 1.7864574194, -30.0786323547, 83.1253204346], [-462.550109863, 114.530418396, 236.240325928, 306.562438965, 695.003845215, 128.66545105, 68.630821228, 15.9429645538, 109.953956604, 167.508361816, 102.547904968, 37.3610305786, 64.0539474487], [-419.864929199, 34.8859519958, 440.670806885, 211.382263184, 128.66545105, 489.940002441, 143.187210083, 154.42729187, 88.9188232422, 37.9607887268, 66.2336807251, 55.9825782776, 18.8727855682], [-59.6712036133, 202.484695435, 50.0915031433, -1.22359204292, 68.630821228, 143.187210083, 489.157073975, 157.566375732, 105.528106689, 79.7672729492, 78.6915893555, 92.7854003906, 12.1203956604], [-98.1858825684, 129.54536438, 213.229003906, 87.3426208496, 15.9429645538, 154.42729187, 157.566375732, 299.867401123, 109.47795105, 25.819852829, 25.0664825439, 22.7304000854, 19.7702350616], [-85.3744277954, 138.95930481, 106.199325562, 74.4113082886, 109.953956604, 88.9188232422, 105.528106689, 109.47795105, 244.892288208, 96.2774734497, 63.4126052856, 25.9503154755, 51.3914108276], [206.070343018, 76.5817260742, -49.3314666748, 60.413898468, 167.508361816, 37.9607887268, 79.7672729492, 25.819852829, 96.2774734497, 220.596389771, 79.5437393188, 31.7844944, 28.0853233337], [-24.7011318207, 112.924690247, 10.401008606, 1.7864574194, 102.547904968, 66.2336807251, 78.6915893555, 25.0664825439, 63.4126052856, 79.5437393188, 179.166397095, 67.1166381836, 43.7970237732], [-9.21998310089, 73.4503097534, 104.938591003, -30.0786323547, 37.3610305786, 55.9825782776, 92.7854003906, 22.7304000854, 25.9503154755, 31.7844944, 67.1166381836, 171.077362061, 30.4812335968], [-139.091888428, 96.0902481079, 45.731262207, 83.1253204346, 64.0539474487, 18.8727855682, 12.1203956604, 19.7702350616, 51.3914108276, 28.0853233337, 43.7970237732, 30.4812335968, 149.662536621]],
