{
"lowlevel": {
    "average_loudness": 0.974433124065,
    "barkbands_crest": {
        "dmean": 2.26692986488,
        "dmean2": 3.82331085205,
        "dvar": 3.73982644081,
        "dvar2": 10.4141941071,
        "max": 19.2468891144,
        "mean": 8.56314086914,
        "median": 8.20266819,
        "min": 2.8752784729,
        "var": 6.9917883873
    },
    "barkbands_flatness_db": {
        "dmean": 0.0203217212111,
        "dmean2": 0.032954774797,
        "dvar": 0.000336918863468,
        "dvar2": 0.00088840565877,
        "max": 0.25810867548,
        "mean": 0.124864712358,
        "median": 0.12141122669,
        "min": 0.0412326678634,
        "var": 0.000973778951447
    },
    "barkbands_kurtosis": {
        "dmean": 1.61267125607,
        "dmean2": 2.78539609909,
        "dvar": 6.58363485336,
        "dvar2": 18.3101940155,
        "max": 27.1971340179,
        "mean": 0.680247604847,
        "median": -0.106209993362,
        "min": -1.75627529621,
        "var": 6.87069368362
    },
    "barkbands_skewness": {
        "dmean": 0.518899798393,
        "dmean2": 0.856683969498,
        "dvar": 0.274148404598,
        "dvar2": 0.71841853857,
        "max": 4.79526424408,
        "mean": 1.03529906273,
        "median": 0.989534378052,
        "min": -1.98336136341,
        "var": 0.661133110523
    },
    "barkbands_spread": {
        "dmean": 5.90165758133,
        "dmean2": 9.68111896515,
        "dvar": 36.3596572876,
        "dvar2": 88.5516662598,
        "max": 80.1100997925,
        "mean": 29.1465568542,
        "median": 27.9352684021,
        "min": 5.45403528214,
        "var": 107.681388855
    },
    "dissonance": {
        "dmean": 0.0119260288775,
        "dmean2": 0.020337831229,
        "dvar": 0.000141444703331,
        "dvar2": 0.000390015891753,
        "max": 0.499999970198,
        "mean": 0.479852467775,
        "median": 0.48422279954,
        "min": 0.36438947916,
        "var": 0.000257019913988
    },
    "dynamic_complexity": 2.28158092499,
    "erbbands_crest": {
        "dmean": 2.60792589188,
        "dmean2": 4.20134496689,
        "dvar": 6.45560789108,
        "dvar2": 16.6213932037,
        "max": 30.6471824646,
        "mean": 8.57399082184,
        "median": 7.30558204651,
        "min": 2.38430595398,
        "var": 18.3656253815
    },
    "erbbands_flatness_db": {
        "dmean": 0.0202486664057,
        "dmean2": 0.0286897756159,
        "dvar": 0.000404242658988,
        "dvar2": 0.000789604207966,
        "max": 0.329008489847,
        "mean": 0.151200771332,
        "median": 0.146872147918,
        "min": 0.0346103832126,
        "var": 0.00169513607398
    },
    "erbbands_kurtosis": {
        "dmean": 0.902309596539,
        "dmean2": 1.46117663383,
        "dvar": 1.21684908867,
        "dvar2": 3.15695118904,
        "max": 19.6326656342,
        "mean": 0.636459171772,
        "median": 0.24543094635,
        "min": -1.5191501379,
        "var": 2.77746510506
    },
    "erbbands_skewness": {
        "dmean": 0.31593260169,
        "dmean2": 0.499274879694,
        "dvar": 0.0726692453027,
        "dvar2": 0.177207559347,
        "max": 2.01783466339,
        "mean": -0.495689481497,
        "median": -0.520224750042,
        "min": -2.66460990906,
        "var": 0.313668519258
    },
    "erbbands_spread": {
        "dmean": 8.11609077454,
        "dmean2": 12.9476108551,
        "dvar": 62.9672050476,
        "dvar2": 155.317062378,
        "max": 96.9070739746,
        "mean": 33.9224472046,
        "median": 32.0451278687,
        "min": 4.66259288788,
        "var": 190.686035156
    },
    "hfc": {
        "dmean": 7.36317014694,
        "dmean2": 11.2680912018,
        "dvar": 63.8526382446,
        "dvar2": 138.28477478,
        "max": 134.720870972,
        "mean": 29.7648200989,
        "median": 27.4178180695,
        "min": 1.08624497773e-16,
        "var": 293.798553467
    },
    "melbands_crest": {
        "dmean": 3.36932396889,
        "dmean2": 5.61991643906,
        "dvar": 8.17466545105,
        "dvar2": 22.3396854401,
        "max": 28.5676956177,
        "mean": 15.1303634644,
        "median": 14.7164382935,
        "min": 2.10633516312,
        "var": 22.6471576691
    },
    "melbands_flatness_db": {
        "dmean": 0.0261412765831,
        "dmean2": 0.043193500489,
        "dvar": 0.000627047207672,
        "dvar2": 0.00166442641057,
        "max": 0.360872596502,
        "mean": 0.182023182511,
        "median": 0.17796702683,
        "min": 0.00553821353242,
        "var": 0.00188094668556
    },
    "melbands_kurtosis": {
        "dmean": 5.16570901871,
        "dmean2": 8.87647438049,
        "dvar": 66.4052047729,
        "dvar2": 185.274215698,
        "max": 98.8251571655,
        "mean": 7.15484142303,
        "median": 4.69412755966,
        "min": -1.73707616329,
        "var": 79.863494873
    },
    "melbands_skewness": {
        "dmean": 0.743780553341,
        "dmean2": 1.2292753458,
        "dvar": 0.611708164215,
        "dvar2": 1.64518165588,
        "max": 8.52238464355,
        "mean": 2.32909202576,
        "median": 2.24250388145,
        "min": -0.670037686825,
        "var": 1.54479217529
    },
    "melbands_spread": {
        "dmean": 8.26488399506,
        "dmean2": 13.6910963058,
        "dvar": 71.1982421875,
        "dvar2": 173.1484375,
        "max": 143.476745605,
        "mean": 29.807882309,
        "median": 28.0281982422,
        "min": 3.31854462624,
        "var": 187.355361938
    },
    "pitch_salience": {
        "dmean": 0.0716069117188,
        "dmean2": 0.119121335447,
        "dvar": 0.00363616342656,
        "dvar2": 0.010051753372,
        "max": 0.957612395287,
        "mean": 0.526270568371,
        "median": 0.525401353836,
        "min": 0.282449603081,
        "var": 0.00717844394967
    },
    "silence_rate_20dB": {
        "dmean": 0,
        "dmean2": 0,
        "dvar": 0,
        "dvar2": 0,
        "max": 1,
        "mean": 1,
        "median": 1,
        "min": 1,
        "var": 0
    },
    "silence_rate_30dB": {
        "dmean": 0,
        "dmean2": 0,
        "dvar": 0,
        "dvar2": 0,
        "max": 1,
        "mean": 1,
        "median": 1,
        "min": 1,
        "var": 0
    },
    "silence_rate_60dB": {
        "dmean": 0.00386398774572,
        "dmean2": 0.00773096270859,
        "dvar": 0.00384892057627,
        "dvar2": 0.00921767391264,
        "max": 1,
        "mean": 0.0386249534786,
        "median": 0,
        "min": 0,
        "var": 0.0371326990426
    },
    "spectral_centroid": {
        "dmean": 250.18637085,
        "dmean2": 404.40927124,
        "dvar": 100848.554688,
        "dvar2": 163385.9375,
        "max": 11296.5283203,
        "mean": 1567.75549316,
        "median": 1549.18078613,
        "min": 472.540557861,
        "var": 213793.15625
    },
    "spectral_complexity": {
        "dmean": 3.74111294746,
        "dmean2": 5.88171625137,
        "dvar": 10.8587369919,
        "dvar2": 23.8816776276,
        "max": 49,
        "mean": 28.2950954437,
        "median": 29,
        "min": 0,
        "var": 68.5704574585
    },
    "spectral_decrease": {
        "dmean": 3.2887437218e-09,
        "dmean2": 5.5997224635e-09,
        "dvar": 1.94228393662e-17,
        "dvar2": 5.28970421199e-17,
        "max": 3.59739278375e-29,
        "mean": -9.22429332917e-09,
        "median": -8.60041371453e-09,
        "min": -3.58869804984e-08,
        "var": 2.57309799289e-17
    },
    "spectral_energy": {
        "dmean": 0.0128228878602,
        "dmean2": 0.0217398256063,
        "dvar": 0.000285002170131,
        "dvar2": 0.000773243140429,
        "max": 0.138084188104,
        "mean": 0.0375143177807,
        "median": 0.035350702703,
        "min": 9.97346608736e-21,
        "var": 0.000399461307097
    },
    "spectral_energyband_high": {
        "dmean": 0.000383825128665,
        "dmean2": 0.000569394382183,
        "dvar": 4.82413554437e-07,
        "dvar2": 9.27909866277e-07,
        "max": 0.0163680873811,
        "mean": 0.000832825375255,
        "median": 0.000504862458911,
        "min": 7.51258437797e-21,
        "var": 1.48398271449e-06
    },
    "spectral_energyband_low": {
        "dmean": 0.0091751255095,
        "dmean2": 0.0161451045424,
        "dvar": 0.000218404893531,
        "dvar2": 0.00060903764097,
        "max": 0.111941069365,
        "mean": 0.0166525561363,
        "median": 0.0137332081795,
        "min": 4.86244995182e-23,
        "var": 0.000211496153497
    },
    "spectral_energyband_middle_high": {
        "dmean": 0.00292964093387,
        "dmean2": 0.00451714918017,
        "dvar": 1.42354465424e-05,
        "dvar2": 3.04083514493e-05,
        "max": 0.0571496225893,
        "mean": 0.010409954004,
        "median": 0.00791813712567,
        "min": 1.34557728738e-21,
        "var": 6.78220967529e-05
    },
    "spectral_energyband_middle_low": {
        "dmean": 0.00645539257675,
        "dmean2": 0.0107500841841,
        "dvar": 8.06676252978e-05,
        "dvar2": 0.000205634554732,
        "max": 0.0813734382391,
        "mean": 0.0125578138977,
        "median": 0.00935519859195,
        "min": 3.29413319352e-22,
        "var": 0.000112801870273
    },
    "spectral_entropy": {
        "dmean": 0.129540264606,
        "dmean2": 0.193565219641,
        "dvar": 0.018823819235,
        "dvar2": 0.0378189496696,
        "max": 9.80406093597,
        "mean": 7.70892047882,
        "median": 7.72029352188,
        "min": 6.79203081131,
        "var": 0.0762418061495
    },
    "spectral_flux": {
        "dmean": 0.0299175791442,
        "dmean2": 0.0456024706364,
        "dvar": 0.0010323721217,
        "dvar2": 0.00201410241425,
        "max": 0.284064233303,
        "mean": 0.104629650712,
        "median": 0.0978035405278,
        "min": 9.98672394781e-11,
        "var": 0.0023968857713
    },
    "spectral_kurtosis": {
        "dmean": 1.75838625431,
        "dmean2": 2.95742583275,
        "dvar": 4.23204469681,
        "dvar2": 12.3110303879,
        "max": 30.193862915,
        "mean": 5.30263376236,
        "median": 4.80859565735,
        "min": -1.2128674984,
        "var": 6.8909239769
    },
    "spectral_rms": {
        "dmean": 0.000952336296905,
        "dmean2": 0.00158782023937,
        "dvar": 1.17505101116e-06,
        "dvar2": 3.11939425046e-06,
        "max": 0.011606734246,
        "mean": 0.00578708201647,
        "median": 0.00587269011885,
        "min": 3.11932858016e-12,
        "var": 3.10901350531e-06
    },
    "spectral_rolloff": {
        "dmean": 509.575592041,
        "dmean2": 869.660888672,
        "dvar": 597819.3125,
        "dvar2": 1288474.875,
        "max": 18927.6855469,
        "mean": 1732.1940918,
        "median": 1658.05664062,
        "min": 150.732421875,
        "var": 1162035.125
    },
    "spectral_skewness": {
        "dmean": 0.218763768673,
        "dmean2": 0.356833428144,
        "dvar": 0.0455406047404,
        "dvar2": 0.124746963382,
        "max": 3.14729619026,
        "mean": 1.57795250416,
        "median": 1.55509364605,
        "min": -0.033069934696,
        "var": 0.09789840132
    },
    "spectral_spread": {
        "dmean": 599668.6875,
        "dmean2": 849674.8125,
        "dvar": 1.13753718784e+12,
        "dvar2": 1.30937900237e+12,
        "max": 41268248,
        "mean": 4054971.5,
        "median": 3840489,
        "min": 1468254.375,
        "var": 2.74131347046e+12
    },
    "spectral_strongpeak": {
        "dmean": 0.613094508648,
        "dmean2": 1.06627070904,
        "dvar": 1.72508108616,
        "dvar2": 4.34587955475,
        "max": 15.9473924637,
        "mean": 0.993580937386,
        "median": 0.462054550648,
        "min": 0,
        "var": 2.78684568405
    },
    "zerocrossingrate": {
        "dmean": 0.00860907044262,
        "dmean2": 0.0107072694227,
        "dvar": 0.000184528442333,
        "dvar2": 0.000291445205221,
        "max": 0.51025390625,
        "mean": 0.06305655092,
        "median": 0.05908203125,
        "min": 0.01513671875,
        "var": 0.000800928333774
    },
    "barkbands": {
        "dmean": [0.000208296725759, 0.00412445841357, 0.00458593014628, 0.00422719726339, 0.00192164164037, 0.000551069329958, 0.000757438247092, 0.00105977070052, 0.000475210748846, 0.000573017343413, 0.000756282475777, 0.000411653687479, 0.000708194565959, 0.000924799940549, 0.000830882228911, 0.000663657090627, 0.000468915328383, 0.000404271588195, 0.00017124277656, 0.000107971623947, 8.05203380878e-05, 0.000107279513031, 6.2428181991e-05, 7.02283214196e-05, 5.08232260472e-05, 5.426899952e-05, 2.23845670888e-08],
        "dmean2": [0.000328394264216, 0.00723843974993, 0.00815928541124, 0.00717956712469, 0.00337667809799, 0.000905065098777, 0.00124237977434, 0.00163131265435, 0.000719028350431, 0.000905672379304, 0.00114374782424, 0.000670424080454, 0.00111502793152, 0.00145829888061, 0.00132900453173, 0.00107011571527, 0.000786846212577, 0.000650323694572, 0.000282851222437, 0.000179785871296, 0.000131381151732, 0.000169962775544, 9.61200712482e-05, 0.000103456062789, 7.57624366088e-05, 8.94772747415e-05, 3.94777366353e-08],
        "dvar": [1.96324975832e-07, 4.00775934395e-05, 5.35629333172e-05, 4.36234076915e-05, 1.17719519039e-05, 5.61160391044e-07, 1.87198986623e-06, 5.18098977409e-06, 1.20738229725e-06, 1.99821533897e-06, 4.54101973446e-06, 6.34116474885e-07, 2.61351897279e-06, 3.74093951905e-06, 3.13067607749e-06, 1.07010998818e-06, 3.97102468241e-07, 2.73665506256e-07, 3.56072398233e-08, 2.56676049304e-08, 1.60908690816e-08, 5.31823758365e-08, 2.11213642132e-08, 3.55099061267e-08, 1.54590491519e-08, 1.10998428227e-08, 3.22913841086e-15],
        "dvar2": [4.49901392585e-07, 0.000110901157313, 0.000157139846124, 0.000113159614557, 3.24361753883e-05, 1.4960127146e-06, 4.65946231998e-06, 1.15972743515e-05, 2.27878922487e-06, 4.64602544525e-06, 9.04357784748e-06, 1.54594556534e-06, 5.80802270633e-06, 8.80909010448e-06, 7.36221545594e-06, 2.60798788076e-06, 1.12865495794e-06, 7.10954793703e-07, 9.22299037143e-08, 6.65597994498e-08, 4.03625293188e-08, 1.15665386602e-07, 4.02698745461e-08, 7.08352132506e-08, 3.03778122657e-08, 2.88944530524e-08, 8.93032342004e-15],
        "max": [0.00526737980545, 0.0499807372689, 0.0689357742667, 0.0641251653433, 0.0328135974705, 0.0122717218474, 0.0194164756685, 0.0453264936805, 0.0283194929361, 0.0294988304377, 0.0435817912221, 0.0173334255815, 0.0385241508484, 0.0329131148756, 0.0363260135055, 0.01834128052, 0.00974642205983, 0.00814669486135, 0.00269885687158, 0.00237455731258, 0.00225285650231, 0.00658888043836, 0.00361202610657, 0.0035229253117, 0.00260001467541, 0.000955639989115, 9.29328678012e-07],
        "mean": [0.000203301591682, 0.00614831643179, 0.00752213736996, 0.00504779070616, 0.00248965458013, 0.00104783475399, 0.00108729838394, 0.00181085185613, 0.000805974530522, 0.000972960900981, 0.00123404175974, 0.000656355347019, 0.00118659320287, 0.00146238051821, 0.00139616208617, 0.00129562057555, 0.000962208490819, 0.000845327042043, 0.000390846835217, 0.000208434867091, 0.000158646784257, 0.000193894869881, 0.000113550369861, 0.000122588593513, 8.46598704811e-05, 6.68914581183e-05, 1.7856542911e-08],
        "median": [4.30762956967e-05, 0.00440468592569, 0.00619195122272, 0.00261442153715, 0.00155756808817, 0.000763732765336, 0.000597964215558, 0.000585490139201, 0.000323355896398, 0.000391773006413, 0.000362658232916, 0.000425904872827, 0.000463408709038, 0.000596340221819, 0.000682401238009, 0.000936321855988, 0.000765524571761, 0.000626510707662, 0.000321740517393, 0.000157453789143, 0.00011563647422, 0.000106849729491, 5.1731691201e-05, 4.66495766887e-05, 2.78310744761e-05, 1.90324335563e-05, 2.95292856833e-09],
        "min": [2.440127429e-23, 1.32476788138e-23, 1.08954131347e-23, 9.5778984744e-25, 2.88132486928e-23, 6.81785469785e-23, 2.79762767387e-23, 8.7587683846e-24, 2.79109716776e-23, 5.26592990119e-23, 4.41836322958e-23, 3.35652458117e-23, 7.59990236921e-23, 7.0822909707e-23, 1.06825133026e-22, 8.24466931039e-23, 8.93874132033e-23, 2.15903227554e-22, 2.52264540357e-22, 3.19077600663e-22, 3.57327862992e-22, 5.18933504139e-22, 6.08974718949e-22, 8.64331442594e-22, 1.03355823739e-21, 1.61150706956e-21, 2.25167408076e-21],
        "var": [2.07421351206e-07, 4.45246223535e-05, 5.201372187e-05, 4.56274283351e-05, 9.98463929136e-06, 1.11996428132e-06, 2.70274153991e-06, 1.6624257114e-05, 3.95156848754e-06, 5.1263664318e-06, 1.07052483145e-05, 8.19134868379e-07, 6.48025843475e-06, 7.01490489519e-06, 6.72646001476e-06, 2.09478889701e-06, 6.67531594445e-07, 6.15873943843e-07, 8.76467964872e-08, 4.26946300536e-08, 2.83888983432e-08, 1.16775716208e-07, 5.76297338739e-08, 8.94598599643e-08, 3.98184809569e-08, 1.33238255984e-08, 2.34790820243e-15]
    },
    "erbbands": {
        "dmean": [0.0962462425232, 1.07645463943, 4.39585828781, 10.538479805, 10.2843465805, 5.60784196854, 4.32852983475, 4.66689348221, 8.69732189178, 18.2826118469, 19.0157737732, 10.4285955429, 11.8935012817, 22.8010444641, 25.7766227722, 18.183298111, 28.5444984436, 47.5003204346, 29.0902633667, 47.9692344666, 30.3388538361, 20.5114402771, 22.5892829895, 12.8998212814, 6.2775349617, 5.44028759003, 3.36845350266, 3.4575920105, 3.99105095863, 3.04700827599, 1.49715220928, 1.45466709137, 1.20280253887, 0.615426838398, 0.369329750538, 0.157007604837, 0.143402576447, 0.0111076729372, 0.000207075587241, 2.04150037462e-05],
        "dmean2": [0.16526658833, 1.92282962799, 7.90053701401, 18.0921955109, 17.4696578979, 9.85472393036, 7.16152048111, 7.7154302597, 14.3319501877, 28.3140640259, 28.9828624725, 15.6888904572, 18.6951847076, 34.428565979, 39.795955658, 29.531129837, 44.5866661072, 74.8867492676, 46.6086196899, 76.5738067627, 49.4721832275, 33.8011131287, 36.2403106689, 21.2151031494, 10.2579421997, 9.03245735168, 5.53637742996, 5.64584064484, 6.49552154541, 4.71964740753, 2.30003738403, 2.21267056465, 1.8029191494, 0.911255419254, 0.572655975819, 0.242411851883, 0.24311709404, 0.0188282933086, 0.000346485729096, 3.30947841576e-05],
        "dvar": [0.0382567755878, 2.54613399506, 45.290271759, 273.311920166, 305.625854492, 95.6486968994, 31.2818107605, 45.6692886353, 232.833023071, 1377.92504883, 1969.86315918, 500.974609375, 789.091430664, 4009.53515625, 4828.90576172, 937.490844727, 3285.13208008, 12052.2929688, 1742.0279541, 14516.5800781, 2141.12597656, 816.03112793, 898.515136719, 233.012237549, 59.0620002747, 80.3973999023, 23.2319469452, 40.9596862793, 81.9170532227, 50.481590271, 12.9263954163, 14.8929195404, 10.8190517426, 2.68838238716, 0.787361800671, 0.103106431663, 0.086765922606, 0.000592153985053, 1.87584561218e-07, 6.73753330904e-10],
        "dvar2": [0.104479886591, 7.24236631393, 134.391098022, 753.50592041, 785.578308105, 267.352081299, 83.4108123779, 122.448440552, 600.321105957, 3009.97387695, 4330.50585938, 924.948608398, 1926.20153809, 7593.96533203, 11222.5869141, 2393.52880859, 7658.17089844, 27362.2578125, 4254.35888672, 33656.4375, 5629.92089844, 2225.16943359, 2290.93334961, 573.964477539, 152.662597656, 209.811920166, 59.3168296814, 99.8340682983, 198.258850098, 99.8247375488, 23.4057178497, 31.1060886383, 22.127948761, 5.11142969131, 1.76666724682, 0.230263888836, 0.234226062894, 0.00160542863887, 5.03338867475e-07, 1.72294678524e-09],
        "max": [1.8444699049, 12.1677474976, 59.3991508484, 127.130065918, 160.339187622, 91.5140762329, 57.2380867004, 107.438812256, 224.098312378, 516.583435059, 1240.36975098, 563.519897461, 582.42388916, 1463.54394531, 2038.42285156, 783.467651367, 821.593994141, 1952.77770996, 648.69934082, 2674.08886719, 865.113525391, 648.886901855, 592.922851562, 344.328216553, 152.504257202, 147.159912109, 80.5291442871, 134.662216187, 225.753189087, 184.41015625, 97.3829650879, 84.9219512939, 66.1215362549, 37.4437561035, 16.03723526, 6.27077960968, 2.66613769531, 0.254851043224, 0.00428843963891, 0.000253615173278],
        "mean": [0.111705251038, 1.65072011948, 7.66103458405, 14.2536993027, 12.0637588501, 7.3338394165, 8.07830047607, 8.42223358154, 14.1595392227, 27.897064209, 36.6401329041, 19.7073955536, 20.9734401703, 41.1920776367, 44.7941513062, 32.6285171509, 51.0851516724, 79.2778244019, 57.0781593323, 88.9320526123, 68.2943725586, 47.114074707, 49.7782440186, 30.1076850891, 15.1520013809, 10.3012475967, 7.02448558807, 6.196829319, 6.72879171371, 5.59416389465, 2.83626794815, 2.5438284874, 1.97590148449, 1.05359756947, 0.568191766739, 0.241582214832, 0.150668993592, 0.0126259131357, 0.0002591725206, 5.58802566957e-05],
        "median": [0.0525838918984, 1.2069491148, 5.95714521408, 9.3684015274, 5.33397388458, 4.30288362503, 6.19347381592, 5.6585354805, 8.17985534668, 12.2916069031, 10.998167038, 8.77386283875, 11.8391075134, 12.4873046875, 18.4046535492, 22.8989486694, 23.0020961761, 31.2149868011, 35.8972702026, 46.3208808899, 53.0575408936, 38.3172531128, 37.7397689819, 25.5242195129, 12.4264144897, 7.63393211365, 5.49830102921, 4.08517169952, 3.79345059395, 2.67430686951, 1.27244031429, 1.01629984379, 0.728183865547, 0.343505471945, 0.17519441247, 0.0750906690955, 0.0411052666605, 0.00276262219995, 8.00670459284e-05, 5.06163232785e-05],
        "min": [1.8766444315e-22, 4.13480688689e-21, 1.3773660645e-20, 2.00309249342e-20, 1.31376815386e-20, 9.41960646715e-20, 4.90364144252e-19, 4.48360688229e-19, 4.80882172891e-19, 2.42148180435e-19, 3.52567331332e-19, 5.78067054373e-19, 1.5516477269e-18, 1.41857049637e-18, 1.84512913349e-18, 1.5316591142e-18, 3.48269549023e-18, 3.43184042617e-18, 3.57418249316e-18, 7.14522749026e-18, 6.33596940004e-18, 6.64892408582e-18, 8.68442284023e-18, 1.27777492625e-17, 9.34704993198e-18, 1.65974898331e-17, 1.42225384892e-17, 1.56290648222e-17, 1.73990261923e-17, 1.70900957402e-17, 1.88912170039e-17, 1.46276750096e-17, 1.537321455e-17, 1.19862424682e-17, 6.98704326018e-18, 5.33476694381e-18, 3.06494301791e-18, 1.47993344254e-18, 3.02155325888e-19, 2.87952621846e-20],
        "var": [0.0333672761917, 2.8176381588, 48.5940742493, 252.933395386, 320.296508789, 86.6364440918, 50.5156288147, 84.9075012207, 390.401977539, 2729.1027832, 9435.88964844, 1777.87451172, 1588.22705078, 10983.7470703, 11086.0449219, 1346.44250488, 7275.66162109, 25406.8710938, 4270.63671875, 33781.09375, 3839.98413086, 1494.91052246, 2131.12329102, 503.868255615, 161.166275024, 118.039169312, 39.0956268311, 67.2137680054, 132.374023438, 130.368164062, 38.1251983643, 36.7741775513, 24.0426120758, 7.27974414825, 1.52754330635, 0.203930601478, 0.0767301470041, 0.00064071174711, 2.09133645512e-07, 1.10651854346e-09]
    },
    "gfcc": {
        "mean": [32.3709831238, 92.8206863403, -128.111740112, 37.1083068848, -36.8520011902, 17.3304672241, -41.6568031311, 12.2255144119, -22.96134758, 2.57329320908, -21.8874225616, 0.0961522459984, -19.0135669708],
        "cov": [[7302.57421875, -481.404846191, 365.600280762, 323.970031738, -202.323852539, 418.390808105, -204.175369263, 64.4401702881, -171.109069824, 52.8743591309, -189.762619019, 30.2513256073, -220.020141602], [-481.404846191, 970.192443848, -405.783172607, -22.629278183, 232.600601196, -143.600067139, 201.124862671, -11.3644714355, 120.975547791, -78.9915847778, 152.278671265, -100.382064819, 118.390815735], [365.600280762, -405.783172607, 518.108642578, 96.4912796021, -9.83709716797, 110.824752808, -61.1047363281, 30.8115520477, -65.4930801392, 53.1718254089, -91.107711792, 63.9810371399, -87.6923828125], [323.970031738, -22.629278183, 96.4912796021, 262.154571533, 42.3517417908, 47.3212852478, -14.8543167114, -3.01089119911, 27.0032482147, -3.99925851822, 2.01805067062, -7.2515501976, 12.4217710495], [-202.323852539, 232.600601196, -9.83709716797, 42.3517417908, 225.685501099, -9.1027507782, 76.7874298096, 25.9173564911, 34.7061386108, -0.729185581207, 33.6385917664, -6.74514961243, 33.2417106628], [418.390808105, -143.600067139, 110.824752808, 47.3212852478, -9.1027507782, 173.263641357, 2.86357188225, 14.9519119263, -18.0704689026, -0.288461148739, -13.7641773224, 4.12480926514, -12.8356399536], [-204.175369263, 201.124862671, -61.1047363281, -14.8543167114, 76.7874298096, 2.86357188225, 134.756835938, 28.9367809296, 29.2013988495, -10.6268405914, 31.4729213715, -19.0544166565, 13.6657018661], [64.4401702881, -11.3644714355, 30.8115520477, -3.01089119911, 25.9173564911, 14.9519119263, 28.9367809296, 85.6701507568, 31.173707962, 18.708190918, -3.76673054695, 2.35103034973, -2.68997335434], [-171.109069824, 120.975547791, -65.4930801392, 27.0032482147, 34.7061386108, -18.0704689026, 29.2013988495, 31.173707962, 92.3415908813, 16.4014873505, 30.8157539368, -18.8016605377, 25.9628696442], [52.8743591309, -78.9915847778, 53.1718254089, -3.99925851822, -0.729185581207, -0.288461148739, -10.6268405914, 18.708190918, 16.4014873505, 72.8771057129, 8.38567352295, 17.9545249939, -24.1311416626], [-189.762619019, 152.278671265, -91.107711792, 2.01805067062, 33.6385917664, -13.7641773224, 31.4729213715, -3.76673054695, 30.8157539368, 8.38567352295, 88.4479751587, 2.63794326782, 32.8193397522], [30.2513256073, -100.382064819, 63.9810371399, -7.2515501976, -6.74514961243, 4.12480926514, -19.0544166565, 2.35103034973, -18.8016605377, 17.9545249939, 2.63794326782, 70.837852478, 4.49155759811], [-220.020141602, 118.390815735, -87.6923828125, 12.4217710495, 33.2417106628, -12.8356399536, 13.6657018661, -2.68997335434, 25.9628696442, -24.1311416626, 32.8193397522, 4.49155759811, 88.4215545654]],
        "icov": [[0.000257201114437, -0.000536149425898, 0.000285758869722, -0.000483403913677, 0.000340641650837, -0.000848057330586, 0.000664133869577, -0.000626483175438, 0.000760597118642, -0.000642958795652, 0.000823943293653, -0.000603769323789, 0.000662352424115], [-0.000536149425898, 0.00575280608609, -7.07092185621e-05, 0.00148320314474, -0.00334368878976, 0.00421843864024, -0.00456861732528, 0.0028775089886, -0.00372744421475, 0.00492657115683, -0.00596470339224, 0.00483480514959, -0.0022448929958], [0.000285758869722, -7.07092185621e-05, 0.00503144226968, -0.0021874778904, -0.000814385828562, -0.00239590858109, 0.00102162582334, -0.00178482348565, 0.00249605672434, -0.0025139010977, 0.00374544691294, -0.00363885611296, 0.00322483223863], [-0.000483403913677, 0.00148320314474, -0.0021874778904, 0.00624218024313, -0.0018748115981, 0.000820510729682, -0.000271797383903, 0.00282247271389, -0.00464206794277, 0.00310929492116, -0.00289544020779, 0.00275304284878, -0.00213688472286], [0.000340641650837, -0.00334368878976, -0.000814385828562, -0.0018748115981, 0.00833816826344, -0.00149886775762, -0.000795576139353, -0.0024013062939, 0.00219338061288, -0.00330789666623, 0.00239726528525, -0.00220815837383, -0.000846473383717], [-0.000848057330586, 0.00421843864024, -0.00239590858109, 0.000820510729682, -0.00149886775762, 0.0114593263716, -0.00499991513789, 0.00140533852391, -0.00194500829093, 0.00467251986265, -0.00604090979323, 0.00512511981651, -0.00337925204076], [0.000664133869577, -0.00456861732528, 0.00102162582334, -0.000271797383903, -0.000795576139353, -0.00499991513789, 0.0157340001315, -0.00598376011476, 0.00224424828775, -0.00106368260458, 0.00182555615902, -0.00253626704216, 0.00428255600855], [-0.000626483175438, 0.0028775089886, -0.00178482348565, 0.00282247271389, -0.0024013062939, 0.00140533852391, -0.00598376011476, 0.0190745517612, -0.00963745266199, 0.000466538243927, -9.40986865317e-05, 0.00114925124217, -0.0020327672828], [0.000760597118642, -0.00372744421475, 0.00249605672434, -0.00464206794277, 0.00219338061288, -0.00194500829093, 0.00224424828775, -0.00963745266199, 0.0240348707885, -0.0108652738854, 0.00193181389477, 0.00213422975503, -0.0025839144364], [-0.000642958795652, 0.00492657115683, -0.0025139010977, 0.00310929492116, -0.00330789666623, 0.00467251986265, -0.00106368260458, 0.000466538243927, -0.0108652738854, 0.027000553906, -0.0109868673608, -0.000720286625437, 0.00564786652103], [0.000823943293653, -0.00596470339224, 0.00374544691294, -0.00289544020779, 0.00239726528525, -0.00604090979323, 0.00182555615902, -9.40986865317e-05, 0.00193181389477, -0.0109868673608, 0.0255890544504, -0.00903248135, -0.000509965699166], [-0.000603769323789, 0.00483480514959, -0.00363885611296, 0.00275304284878, -0.00220815837383, 0.00512511981651, -0.00253626704216, 0.00114925124217, 0.00213422975503, -0.000720286625437, -0.00903248135, 0.0252036098391, -0.00872131809592], [0.000662352424115, -0.0022448929958, 0.00322483223863, -0.00213688472286, -0.000846473383717, -0.00337925204076, 0.00428255600855, -0.0020327672828, -0.0025839144364, 0.00564786652103, -0.000509965699166, -0.00872131809592, 0.0214981306344]]
    },
    "melbands": {
        "dmean": [0.000987940467894, 0.00193740369286, 0.00180867873132, 0.000522872433066, 0.00016260855773, 0.000107981250039, 0.000137446753797, 0.000211314909393, 0.000150714477059, 5.94538032601e-05, 6.16861652816e-05, 9.28769441089e-05, 9.89430991467e-05, 4.9827980547e-05, 5.5261363741e-05, 6.69132423354e-05, 9.98864124995e-05, 4.98414665344e-05, 6.17858167971e-05, 6.15904064034e-05, 3.76804273401e-05, 2.51060591836e-05, 2.25183939619e-05, 2.24724935833e-05, 1.08378344521e-05, 5.99568329562e-06, 4.06898425354e-06, 3.70118345927e-06, 2.32532283917e-06, 2.01119109988e-06, 2.18925424633e-06, 2.39158066506e-06, 2.19582875616e-06, 1.65726885371e-06, 9.00439943052e-07, 8.65776598857e-07, 9.74355884864e-07, 9.50629953422e-07, 6.75272303852e-07, 4.87571526264e-07],
        "dmean2": [0.00171208276879, 0.00347080687061, 0.00309310317971, 0.000903832318727, 0.00027161964681, 0.000177127614734, 0.000225334937568, 0.000326207431499, 0.000227637414355, 9.07311405172e-05, 9.70389737631e-05, 0.000140218966408, 0.000151640779222, 8.12029029476e-05, 8.70812364155e-05, 0.000103657337604, 0.000157665432198, 8.0128571426e-05, 9.8256416095e-05, 9.88257670542e-05, 6.24751628493e-05, 4.19221214543e-05, 3.64959159924e-05, 3.69504341506e-05, 1.79218423e-05, 9.80675577011e-06, 6.69889868732e-06, 6.18909598415e-06, 3.87386626244e-06, 3.33184834744e-06, 3.63618937627e-06, 4.01638726544e-06, 3.47265495293e-06, 2.57068836618e-06, 1.40906058732e-06, 1.33711159833e-06, 1.49195807353e-06, 1.46924276123e-06, 1.00686679616e-06, 7.37769198622e-07],
        "dvar": [2.94394726552e-06, 8.83829216036e-06, 7.52393270886e-06, 8.38235393985e-07, 4.8170498701e-08, 2.47061073821e-08, 5.66061579832e-08, 1.85555379062e-07, 1.23049829881e-07, 1.51485224364e-08, 2.31806005502e-08, 6.48294360417e-08, 8.20496950382e-08, 7.91348497842e-09, 9.77259517754e-09, 2.74666138722e-08, 5.12723623558e-08, 6.17703621586e-09, 1.91331643862e-08, 1.42728957542e-08, 3.27256755028e-09, 1.393375193e-09, 6.96076918327e-10, 1.06989184179e-09, 1.68370317688e-10, 5.47550650654e-11, 2.76405322241e-11, 4.11056015615e-11, 1.12986573222e-11, 9.80421212965e-12, 1.762473327e-11, 3.44207717884e-11, 2.3032385027e-11, 1.56241009713e-11, 4.57698028783e-12, 5.12587802065e-12, 7.18757822357e-12, 6.53738044601e-12, 4.20069014295e-12, 1.5933714851e-12],
        "dvar2": [8.07521792012e-06, 2.59848020505e-05, 2.01921156986e-05, 2.22867856792e-06, 1.3102400942e-07, 6.65439756631e-08, 1.44184554074e-07, 4.04396814702e-07, 2.64060730615e-07, 2.85693140256e-08, 5.67517091099e-08, 1.24145742575e-07, 1.79354628926e-07, 1.90052293902e-08, 2.25958238786e-08, 6.16828614852e-08, 1.18578363129e-07, 1.46371190723e-08, 4.40246559208e-08, 3.34129168778e-08, 8.97026897206e-09, 3.92432220053e-09, 1.74072756209e-09, 2.83046452942e-09, 4.22848145387e-10, 1.46204673368e-10, 6.84792778038e-11, 1.09215046729e-10, 2.89277594934e-11, 2.50286961295e-11, 4.3644178549e-11, 8.89368162449e-11, 4.76716444098e-11, 3.27380587917e-11, 8.81242561562e-12, 1.1620712205e-11, 1.5234209727e-11, 1.45196129425e-11, 8.28483809334e-12, 3.06192376141e-12],
        "max": [0.0154344551265, 0.0250222198665, 0.0217281337827, 0.00790833216161, 0.00266495253891, 0.00276633654721, 0.00327499117702, 0.00606351206079, 0.00916434638202, 0.00305634178221, 0.00321464636363, 0.00591323012486, 0.00620413571596, 0.00278937839903, 0.00174832099583, 0.00410514883697, 0.00421432033181, 0.00120089307893, 0.00262509449385, 0.00273537589237, 0.00101872486994, 0.000822194211651, 0.000393603986595, 0.00038587054587, 0.000288867391646, 0.000116267059639, 8.38834312162e-05, 9.08201109269e-05, 5.59667569178e-05, 5.17777261848e-05, 7.95120286057e-05, 0.000127160383272, 0.000132905333885, 8.66747941473e-05, 5.85448324273e-05, 6.72200258123e-05, 4.59753027826e-05, 5.55756887479e-05, 4.27267987106e-05, 2.83428726107e-05],
        "mean": [0.00134553329553, 0.00349944573827, 0.0025039226748, 0.000631854403764, 0.000303346983856, 0.000197541186935, 0.000217981738388, 0.000324657041347, 0.000294766243314, 0.000105291583168, 0.000102801241155, 0.000162691881997, 0.000161822652444, 8.62053129822e-05, 9.58575765253e-05, 0.000114295602543, 0.000156620546477, 8.91479285201e-05, 0.000103877406218, 0.000115274786367, 7.58762253099e-05, 5.11963371537e-05, 4.40415387857e-05, 4.41552001575e-05, 2.22062371904e-05, 1.27963348859e-05, 8.2820888565e-06, 6.224828212e-06, 4.47465299658e-06, 3.68104520021e-06, 3.59274167749e-06, 3.74413866666e-06, 3.81388940696e-06, 2.82698738374e-06, 1.61571699664e-06, 1.40883821587e-06, 1.62105027357e-06, 1.46696766024e-06, 1.09744075871e-06, 8.16461067643e-07],
        "median": [0.000869713025168, 0.00271991617046, 0.00164409866557, 0.000363664294127, 0.000225895491894, 0.000132610148285, 0.000124563666759, 0.000135308204335, 8.28248230391e-05, 4.88530495204e-05, 5.42620728083e-05, 4.54167056887e-05, 5.37674422958e-05, 5.29940189153e-05, 5.48625394003e-05, 4.47445600003e-05, 5.79293955525e-05, 5.26984294993e-05, 4.64993790956e-05, 7.2110677138e-05, 5.75168051e-05, 3.9861562982e-05, 3.38521676895e-05, 3.03585784422e-05, 1.8050412109e-05, 1.00356710391e-05, 6.23671439826e-06, 4.42066084361e-06, 3.45567991644e-06, 2.55934401139e-06, 2.20958600039e-06, 2.1089144866e-06, 1.81306052127e-06, 1.2831882259e-06, 7.33517936169e-07, 5.99905490617e-07, 5.74016610244e-07, 5.35125423085e-07, 3.57653789251e-07, 2.59086135657e-07],
        "min": [3.70950283868e-24, 6.56406623284e-24, 3.35287696723e-24, 3.44347014802e-24, 1.50716735326e-23, 1.11076845603e-23, 6.48518684764e-24, 2.04580150046e-24, 3.43071742262e-24, 3.79821182519e-24, 7.81626892948e-24, 5.67993735711e-24, 6.44378939948e-24, 4.7192207371e-24, 4.81713178608e-24, 6.84392528859e-24, 6.41915011797e-24, 5.38428333389e-24, 8.61771058842e-24, 7.14888392619e-24, 8.26290698566e-24, 5.96961615341e-24, 9.55393781048e-24, 6.79573298703e-24, 9.92146810622e-24, 8.08920296977e-24, 6.74567897373e-24, 1.20214600121e-23, 7.98389634981e-24, 8.71154322651e-24, 9.37689849069e-24, 9.82861917768e-24, 8.1624147838e-24, 8.67925278308e-24, 1.10742960225e-23, 1.00204662055e-23, 8.46471180471e-24, 1.05256890168e-23, 1.03025179002e-23, 9.04747648756e-24],
        "var": [2.84626344182e-06, 9.42654241953e-06, 7.5052930697e-06, 7.76517822487e-07, 7.58678027069e-08, 4.92105804994e-08, 9.37069088991e-08, 3.87711622807e-07, 6.33784225101e-07, 4.89452283148e-08, 4.60322731044e-08, 1.80722111054e-07, 1.71228208501e-07, 1.68652558585e-08, 1.83049397862e-08, 7.23203399389e-08, 9.9740368853e-08, 1.32066615421e-08, 4.2707281267e-08, 3.35272360985e-08, 5.15381426425e-09, 2.21905427367e-09, 1.57573365467e-09, 2.11566164587e-09, 3.23167714811e-10, 1.25992258293e-10, 6.81146181125e-11, 5.04916490562e-11, 1.69351789536e-11, 1.68623084246e-11, 2.6608364817e-11, 4.23447943376e-11, 5.71205513444e-11, 3.57950787067e-11, 1.28354835441e-11, 1.05569207889e-11, 1.67421632113e-11, 1.24850945554e-11, 9.78901508464e-12, 4.32726727714e-12]
    },
    "mfcc": {
        "mean": [-606.387084961, 122.460739136, -20.7718772888, 26.6548099518, 20.0979652405, 9.71820259094, -1.09112644196, 7.36205387115, 2.2409055233, 0.717271029949, 2.07577490807, 1.13177466393, -0.65275400877],
        "cov": [[4828.86181641, -229.008651733, 368.320648193, 67.4311904907, 121.815963745, 231.517074585, 65.6775283813, 68.034942627, -2.28570270538, 10.1717357635, 115.781234741, -82.8821868896, -119.587181091], [-229.008651733, 854.813964844, -406.890563965, 101.180885315, -2.21154046059, -40.9196434021, 82.6529846191, 38.3912658691, 23.153093338, 47.2737503052, 7.54449939728, 55.11693573, 17.281162262], [368.320648193, -406.890563965, 430.221221924, -15.0383214951, 37.1786499023, 68.1467056274, -14.9609136581, 3.29406261444, -4.49087715149, -21.6072273254, 16.2650566101, -25.5266284943, -11.869383812], [67.4311904907, 101.180885315, -15.0383214951, 226.585998535, 66.8209686279, 27.3896465302, 9.23812675476, 14.4081354141, 19.1414699554, 19.1288509369, -2.71178436279, 24.4991397858, 23.515745163], [121.815963745, -2.21154046059, 37.1786499023, 66.8209686279, 140.538711548, 42.6900901794, 21.1134185791, 16.9792575836, 24.5004920959, 17.1681404114, 1.9632204771, 1.98383951187, 4.88200044632], [231.517074585, -40.9196434021, 68.1467056274, 27.3896465302, 42.6900901794, 112.796478271, 38.6978530884, 19.6214427948, -0.305405497551, 3.36577630043, 18.2846317291, -9.54801559448, -12.679400444], [65.6775283813, 82.6529846191, -14.9609136581, 9.23812675476, 21.1134185791, 38.6978530884, 102.526420593, 38.2406349182, 10.6537008286, 11.4824800491, 15.6207542419, 8.84525585175, -9.77920341492], [68.034942627, 38.3912658691, 3.29406261444, 14.4081354141, 16.9792575836, 19.6214427948, 38.2406349182, 71.0179748535, 30.1814117432, 11.5037469864, 6.60402345657, 4.28235721588, -1.85405600071], [-2.28570270538, 23.153093338, -4.49087715149, 19.1414699554, 24.5004920959, -0.305405497551, 10.6537008286, 30.1814117432, 74.9114456177, 34.545085907, 5.23872804642, 1.07156741619, 2.56985926628], [10.1717357635, 47.2737503052, -21.6072273254, 19.1288509369, 17.1681404114, 3.36577630043, 11.4824800491, 11.5037469864, 34.545085907, 68.4670944214, 30.4116439819, 9.76342582703, -3.09805989265], [115.781234741, 7.54449939728, 16.2650566101, -2.71178436279, 1.9632204771, 18.2846317291, 15.6207542419, 6.60402345657, 5.23872804642, 30.4116439819, 77.3044967651, 26.482334137, -5.12133169174], [-82.8821868896, 55.11693573, -25.5266284943, 24.4991397858, 1.98383951187, -9.54801559448, 8.84525585175, 4.28235721588, 1.07156741619, 9.76342582703, 26.482334137, 67.8777999878, 27.1844959259], [-119.587181091, 17.281162262, -11.869383812, 23.515745163, 4.88200044632, -12.679400444, -9.77920341492, -1.85405600071, 2.56985926628, -3.09805989265, -5.12133169174, 27.1844959259, 61.1266860962]],
