{
"lowlevel": {
    "average_loudness": 0.932130873203,
    "barkbands_crest": {
        "dmean": 2.02799654007,
        "dmean2": 3.22258782387,
        "dvar": 3.73643517494,
        "dvar2": 8.69190788269,
        "max": 25.6967887878,
        "mean": 10.6900863647,
        "median": 9.63954734802,
        "min": 2.72941708565,
        "var": 16.657491684
    },
    "barkbands_flatness_db": {
        "dmean": 0.0236701592803,
        "dmean2": 0.0320565737784,
        "dvar": 0.000490042148158,
        "dvar2": 0.000872133416124,
        "max": 0.495553851128,
        "mean": 0.22407412529,
        "median": 0.221552819014,
        "min": 0.0631732568145,
        "var": 0.00284702680074
    },
    "barkbands_kurtosis": {
        "dmean": 2.35060453415,
        "dmean2": 3.6996409893,
        "dvar": 15.0455875397,
        "dvar2": 36.7698936462,
        "max": 91.4175186157,
        "mean": 4.58334112167,
        "median": 3.13242912292,
        "min": -1.75757026672,
        "var": 31.0776042938
    },
    "barkbands_skewness": {
        "dmean": 0.437643736601,
        "dmean2": 0.671787798405,
        "dvar": 0.240347206593,
        "dvar2": 0.532114982605,
        "max": 5.58421897888,
        "mean": 1.37728142738,
        "median": 1.39078593254,
        "min": -2.56857252121,
        "var": 1.09472858906
    },
    "barkbands_spread": {
        "dmean": 3.02868771553,
        "dmean2": 4.43588924408,
        "dvar": 16.297170639,
        "dvar2": 34.7869911194,
        "max": 77.645904541,
        "mean": 11.0896129608,
        "median": 9.49407863617,
        "min": 0.802275180817,
        "var": 50.4601325989
    },
    "dissonance": {
        "dmean": 0.0269429534674,
        "dmean2": 0.0423761866987,
        "dvar": 0.000638059864286,
        "dvar2": 0.00148594018538,
        "max": 0.49938160181,
        "mean": 0.427569448948,
        "median": 0.440896570683,
        "min": 0.222559303045,
        "var": 0.00258938642219
    },
    "dynamic_complexity": 2.61646318436,
    "erbbands_crest": {
        "dmean": 2.31909537315,
        "dmean2": 3.62111759186,
        "dvar": 5.37525892258,
        "dvar2": 11.7263183594,
        "max": 31.3427658081,
        "mean": 11.2541761398,
        "median": 10.006187439,
        "min": 3.01596736908,
        "var": 30.0331230164
    },
    "erbbands_flatness_db": {
        "dmean": 0.0191398914903,
        "dmean2": 0.0237607564777,
        "dvar": 0.000346358196111,
        "dvar2": 0.000502908951603,
        "max": 0.424025595188,
        "mean": 0.237351328135,
        "median": 0.230240613222,
        "min": 0.107997335494,
        "var": 0.00293968641199
    },
    "erbbands_kurtosis": {
        "dmean": 1.1468501091,
        "dmean2": 1.74100470543,
        "dvar": 3.69162797928,
        "dvar2": 7.71343326569,
        "max": 48.1398925781,
        "mean": 1.57076013088,
        "median": 0.443521738052,
        "min": -1.70664381981,
        "var": 16.2487773895
    },
    "erbbands_skewness": {
        "dmean": 0.359430223703,
        "dmean2": 0.539849340916,
        "dvar": 0.122900053859,
        "dvar2": 0.27024140954,
        "max": 6.1331448555,
        "mean": 0.806124925613,
        "median": 0.764234602451,
        "min": -1.99575924873,
        "var": 0.690858721733
    },
    "erbbands_spread": {
        "dmean": 5.74430274963,
        "dmean2": 7.96541643143,
        "dvar": 44.4270744324,
        "dvar2": 79.1516494751,
        "max": 119.834579468,
        "mean": 26.4205131531,
        "median": 23.474357605,
        "min": 1.23590505123,
        "var": 267.755737305
    },
    "hfc": {
        "dmean": 3.47428250313,
        "dmean2": 4.73680305481,
        "dvar": 18.8343925476,
        "dvar2": 36.2506408691,
        "max": 73.2234954834,
        "mean": 14.919927597,
        "median": 13.1762247086,
        "min": 4.93319857924e-05,
        "var": 111.618736267
    },
    "melbands_crest": {
        "dmean": 2.60703086853,
        "dmean2": 4.15320777893,
        "dvar": 6.22130775452,
        "dvar2": 14.7730989456,
        "max": 33.1494560242,
        "mean": 13.5387210846,
        "median": 12.4010572433,
        "min": 3.98225450516,
        "var": 24.0566997528
    },
    "melbands_flatness_db": {
        "dmean": 0.0274542849511,
        "dmean2": 0.0340948402882,
        "dvar": 0.000792947481386,
        "dvar2": 0.00130189571064,
        "max": 0.618330717087,
        "mean": 0.276003092527,
        "median": 0.272433638573,
        "min": 0.0248082056642,
        "var": 0.00455885566771
    },
    "melbands_kurtosis": {
        "dmean": 4.24196004868,
        "dmean2": 6.62587165833,
        "dvar": 47.0738182068,
        "dvar2": 104.768005371,
        "max": 128.289016724,
        "mean": 9.8112821579,
        "median": 6.38191318512,
        "min": -1.59703278542,
        "var": 144.81842041
    },
    "melbands_skewness": {
        "dmean": 0.527289807796,
        "dmean2": 0.793802022934,
        "dvar": 0.326856702566,
        "dvar2": 0.684272944927,
        "max": 8.76401615143,
        "mean": 1.98882961273,
        "median": 1.86775028706,
        "min": -1.96178174019,
        "var": 2.00161123276
    },
    "melbands_spread": {
        "dmean": 3.34689569473,
        "dmean2": 5.09598302841,
        "dvar": 24.9937763214,
        "dvar2": 52.326007843,
        "max": 118.954353333,
        "mean": 12.6268205643,
        "median": 10.9492025375,
        "min": 0.612589538097,
        "var": 83.5427780151
    },
    "pitch_salience": {
        "dmean": 0.0627013221383,
        "dmean2": 0.100184984505,
        "dvar": 0.00314839463681,
        "dvar2": 0.00755790248513,
        "max": 0.827646672726,
        "mean": 0.558543324471,
        "median": 0.56557238102,
        "min": 0.120626047254,
        "var": 0.012978868559
    },
    "silence_rate_20dB": {
        "dmean": 0,
        "dmean2": 0,
        "dvar": 0,
        "dvar2": 0,
        "max": 1,
        "mean": 1,
        "median": 1,
        "min": 1,
        "var": 0
    },
    "silence_rate_30dB": {
        "dmean": 0.00154918665066,
        "dmean2": 0.00309957377613,
        "dvar": 0.00154677405953,
        "dvar2": 0.00308991083875,
        "max": 1,
        "mean": 0.997677147388,
        "median": 1,
        "min": 0,
        "var": 0.00231736595742
    },
    "silence_rate_60dB": {
        "dmean": 0.0123934932053,
        "dmean2": 0.024796590209,
        "dvar": 0.0122402654961,
        "dvar2": 0.0265072267503,
        "max": 1,
        "mean": 0.0340689122677,
        "median": 0,
        "min": 0,
        "var": 0.0329079926014
    },
    "spectral_centroid": {
        "dmean": 146.973190308,
        "dmean2": 216.658035278,
        "dvar": 42210.6601562,
        "dvar2": 90926.6328125,
        "max": 3678.29736328,
        "mean": 740.921325684,
        "median": 645.383789062,
        "min": 150.537384033,
        "var": 130648.382812
    },
    "spectral_complexity": {
        "dmean": 3.12935709953,
        "dmean2": 4.31693124771,
        "dvar": 13.7632417679,
        "dvar2": 21.8849658966,
        "max": 45,
        "mean": 14.5749130249,
        "median": 13,
        "min": 0,
        "var": 45.6953620911
    },
    "spectral_decrease": {
        "dmean": 2.01829597479e-09,
        "dmean2": 3.04785352512e-09,
        "dvar": 6.71909629872e-18,
        "dvar2": 1.55965516611e-17,
        "max": -7.23940628581e-14,
        "mean": -8.11523026556e-09,
        "median": -7.75989406065e-09,
        "min": -2.87081398653e-08,
        "var": 2.19592083892e-17
    },
    "spectral_energy": {
        "dmean": 0.00786885712296,
        "dmean2": 0.0118254777044,
        "dvar": 0.000101283760159,
        "dvar2": 0.000233378188568,
        "max": 0.11328342557,
        "mean": 0.031981959939,
        "median": 0.0307150967419,
        "min": 2.77705822782e-07,
        "var": 0.000342825602274
    },
    "spectral_energyband_high": {
        "dmean": 6.43468592898e-05,
        "dmean2": 8.2438098616e-05,
        "dvar": 1.77884658115e-08,
        "dvar2": 3.33428538113e-08,
        "max": 0.00342222559266,
        "mean": 0.000110167762614,
        "median": 3.71417299903e-05,
        "min": 7.08789138493e-11,
        "var": 5.32011696919e-08
    },
    "spectral_energyband_low": {
        "dmean": 0.00303823710419,
        "dmean2": 0.00490700826049,
        "dvar": 2.41785892285e-05,
        "dvar2": 6.29042770015e-05,
        "max": 0.051790792495,
        "mean": 0.00795364566147,
        "median": 0.00721416994929,
        "min": 1.5735228942e-07,
        "var": 4.48374921689e-05
    },
    "spectral_energyband_middle_high": {
        "dmean": 0.00112889276352,
        "dmean2": 0.00159659190103,
        "dvar": 3.23704671246e-06,
        "dvar2": 6.71680254527e-06,
        "max": 0.0422291569412,
        "mean": 0.00347923208028,
        "median": 0.00253913551569,
        "min": 2.46303089035e-09,
        "var": 1.42498147397e-05
    },
    "spectral_energyband_middle_low": {
        "dmean": 0.00630590738729,
        "dmean2": 0.00975787360221,
        "dvar": 6.11669092905e-05,
        "dvar2": 0.00014112907229,
        "max": 0.106037676334,
        "mean": 0.0218295510858,
        "median": 0.019064553082,
        "min": 1.23138292452e-07,
        "var": 0.000243528862484
    },
    "spectral_entropy": {
        "dmean": 0.235476985574,
        "dmean2": 0.284822851419,
        "dvar": 0.052956122905,
        "dvar2": 0.0795224383473,
        "max": 8.29784488678,
        "mean": 6.86666107178,
        "median": 6.87872743607,
        "min": 4.8974814415,
        "var": 0.330139756203
    },
    "spectral_flux": {
        "dmean": 0.0242922008038,
        "dmean2": 0.03637265414,
        "dvar": 0.000750314211473,
        "dvar2": 0.00152779405471,
        "max": 0.27173769474,
        "mean": 0.0718551874161,
        "median": 0.0610854625702,
        "min": 0.000526977994014,
        "var": 0.00176135194488
    },
    "spectral_kurtosis": {
        "dmean": 5.55844068527,
        "dmean2": 9.01321792603,
        "dvar": 41.0564537048,
        "dvar2": 99.8160018921,
        "max": 72.6189193726,
        "mean": 10.8553209305,
        "median": 7.72356700897,
        "min": -0.84881901741,
        "var": 103.615844727
    },
    "spectral_rms": {
        "dmean": 0.000687017221935,
        "dmean2": 0.00100719719194,
        "dvar": 6.66295989049e-07,
        "dvar2": 1.43696092891e-06,
        "max": 0.0105128688738,
        "mean": 0.00530329113826,
        "median": 0.00547411618754,
        "min": 1.64600278367e-05,
        "var": 3.07703362523e-06
    },
    "spectral_rolloff": {
        "dmean": 189.711639404,
        "dmean2": 326.477935791,
        "dvar": 169200.390625,
        "dvar2": 378199.84375,
        "max": 7428.95507812,
        "mean": 718.142883301,
        "median": 538.330078125,
        "min": 107.666015625,
        "var": 342039.625
    },
    "spectral_skewness": {
        "dmean": 0.509755432606,
        "dmean2": 0.771499872208,
        "dvar": 0.247572511435,
        "dvar2": 0.541116952896,
        "max": 6.83038234711,
        "mean": 2.21730470657,
        "median": 2.04410934448,
        "min": 0.115569956601,
        "var": 0.963744401932
    },
    "spectral_spread": {
        "dmean": 379990,
        "dmean2": 526172.6875,
        "dvar": 197798051840,
        "dvar2": 321583153152,
        "max": 13844988,
        "mean": 2808514,
        "median": 2708749.5,
        "min": 1083685.75,
        "var": 852115914752
    },
    "spectral_strongpeak": {
        "dmean": 0.416312724352,
        "dmean2": 0.681807875633,
        "dvar": 0.384868234396,
        "dvar2": 0.866056263447,
        "max": 9.88531303406,
        "mean": 1.37518775463,
        "median": 0.734601020813,
        "min": 0,
        "var": 2.01928162575
    },
    "zerocrossingrate": {
        "dmean": 0.00507986498997,
        "dmean2": 0.00575343240052,
        "dvar": 3.98066440539e-05,
        "dvar2": 4.52920176031e-05,
        "max": 0.2060546875,
        "mean": 0.0315662585199,
        "median": 0.02880859375,
        "min": 0.00341796875,
        "var": 0.000254843122093
    },
    "barkbands": {
        "dmean": [0.000156344351126, 0.00206823437475, 0.0010040581692, 0.00178351276554, 0.00303517258726, 0.00140519614797, 0.00135750963818, 0.00128568359651, 0.000724818033632, 0.000328275113134, 0.000286563532427, 0.000233653045143, 0.00028225427377, 0.000298996485071, 0.000130538377562, 0.000102990721643, 9.05848937691e-05, 9.46006548475e-05, 7.12136461516e-05, 4.00908211304e-05, 1.99438691197e-05, 1.8092134269e-05, 1.01152772913e-05, 8.31262877909e-06, 1.93396999748e-06, 2.44315101483e-09, 1.38687106244e-09],
        "dmean2": [0.000257387495367, 0.00334536726587, 0.00175293686334, 0.00298958434723, 0.00493608647957, 0.00233079236932, 0.00200550630689, 0.00174076820258, 0.00103931152262, 0.000463794305688, 0.000419621006586, 0.000366592867067, 0.000441291544121, 0.000449570507044, 0.000189264741493, 0.000155092377099, 0.000138878283906, 0.000139331357786, 0.000102601465187, 5.67331189814e-05, 2.70201908279e-05, 2.50527664321e-05, 1.33055418701e-05, 1.14634422061e-05, 2.80508083961e-06, 4.10272038565e-09, 2.5718931429e-09],
        "dvar": [6.70954634074e-08, 1.01828982224e-05, 5.28242571818e-06, 8.31763009046e-06, 1.98775924218e-05, 4.29261217505e-06, 7.19236186342e-06, 8.13184578874e-06, 4.9477112043e-06, 5.57871146611e-07, 3.9581638589e-07, 2.76400641042e-07, 1.45230126236e-06, 7.06554772023e-07, 6.34442400838e-08, 8.0315523121e-08, 2.92052746431e-08, 2.74247611287e-08, 2.16070912273e-08, 5.12991205071e-09, 1.68196090389e-09, 2.29133512164e-09, 6.59871712827e-10, 1.1279636114e-09, 6.43327474625e-11, 3.82629895478e-17, 3.19265742974e-18],
        "dvar2": [1.80061775268e-07, 2.65527050942e-05, 1.49768247866e-05, 2.13116236409e-05, 4.85782256874e-05, 1.11188364826e-05, 1.49454072016e-05, 1.40576157719e-05, 1.08787617137e-05, 9.85674546428e-07, 8.14387078663e-07, 5.7657052821e-07, 3.47951345248e-06, 1.47588366417e-06, 1.26764831521e-07, 2.11627522617e-07, 7.27159061853e-08, 6.10572286064e-08, 4.88600875315e-08, 1.13890985531e-08, 4.06914146822e-09, 4.9887689535e-09, 9.22084852917e-10, 1.99790695099e-09, 1.47294038078e-10, 9.01850074099e-17, 1.03544847805e-17],
        "max": [0.00229092361405, 0.0309966877103, 0.0287459082901, 0.0300493873656, 0.0403775833547, 0.0290052220225, 0.0550467893481, 0.0990261435509, 0.0500696003437, 0.0220495518297, 0.0196140706539, 0.0139586022124, 0.0331206768751, 0.0261219777167, 0.0061404411681, 0.00719761941582, 0.00370671111159, 0.00200766581111, 0.00194361282047, 0.000897944788449, 0.00113081897143, 0.00146630464587, 0.000837142113596, 0.00110851356294, 0.000216695247218, 1.3083713668e-07, 1.23298296018e-08],
        "mean": [0.000202377545065, 0.00503561552614, 0.00155722734053, 0.00277939159423, 0.00493524409831, 0.00285839708522, 0.00322073767893, 0.00598234636709, 0.0015862963628, 0.000734709494282, 0.000711120024789, 0.000409237371059, 0.00051699008327, 0.000529895711225, 0.000208507379284, 0.000170153536601, 0.000153496599523, 0.000148905441165, 9.66981824604e-05, 5.41650297237e-05, 2.87593065877e-05, 2.82765395241e-05, 1.66833378898e-05, 1.38227960633e-05, 2.98009695143e-06, 3.09297920609e-09, 1.08899922413e-09],
        "median": [7.41806143196e-05, 0.00458262488246, 0.000972875452135, 0.00123181543313, 0.00330104422756, 0.00181988719851, 0.00125399266835, 0.00101148174144, 0.000414270063629, 0.000300799525576, 0.000203455594601, 0.000166880388861, 0.000165939985891, 0.000201624701731, 6.29431742709e-05, 5.65792142879e-05, 7.63935604482e-05, 7.3911898653e-05, 3.78652075597e-05, 1.80227143574e-05, 9.33194041863e-06, 7.86456439528e-06, 4.53811389889e-06, 3.09104825647e-06, 7.14057136975e-07, 1.43740441771e-09, 4.17693130084e-10],
        "min": [1.16310756582e-08, 1.08950175104e-07, 2.6748656623e-08, 1.07010906802e-08, 5.37316324767e-08, 5.73678633486e-08, 7.68846875054e-10, 2.66685284966e-10, 2.97571189911e-10, 4.8671459224e-11, 5.92803139909e-10, 2.82312173638e-10, 3.33177180289e-10, 6.01350913509e-10, 2.62478871971e-10, 7.56629689458e-11, 4.65469572608e-11, 1.73690783978e-10, 3.33348383619e-11, 2.25180030872e-11, 1.69405895561e-11, 7.56713094963e-12, 1.62572091206e-11, 7.64241881585e-12, 8.76880512646e-12, 3.41133826916e-12, 4.75172245301e-12],
        "var": [9.93518582959e-08, 1.96397177206e-05, 4.66881056127e-06, 1.34940701173e-05, 2.72816487268e-05, 1.06310772026e-05, 2.96646285278e-05, 0.000150268577272, 1.54366953211e-05, 2.6427778721e-06, 3.42110661222e-06, 6.82341465108e-07, 2.25877329285e-06, 1.51957431171e-06, 1.7081237047e-07, 1.17361288687e-07, 5.02368777688e-08, 4.32250466531e-08, 2.7458911589e-08, 7.39410532802e-09, 2.59289900661e-09, 4.87397988636e-09, 2.20426654707e-09, 3.32985794493e-09, 1.04905792386e-10, 5.67057390021e-17, 2.63351373454e-18]
    },
    "erbbands": {
        "dmean": [0.062930777669, 0.473686039448, 1.11739313602, 3.26495075226, 9.49832725525, 9.69498634338, 14.7256183624, 10.0091257095, 14.2463541031, 27.5669746399, 21.8825626373, 17.3605861664, 12.7410345078, 8.74570465088, 9.99171733856, 9.88443279266, 11.5325775146, 16.4834156036, 7.59234666824, 5.86809921265, 4.8309006691, 4.50321769714, 5.76673793793, 3.14929509163, 4.13618469238, 1.74488043785, 0.899429261684, 0.752094328403, 0.693692147732, 0.405109137297, 0.27245876193, 0.210432931781, 0.115237392485, 0.0406580530107, 0.00268921861425, 0.000122936980915, 9.3974858828e-06, 1.9477774913e-06, 3.81241511604e-06, 8.78597802512e-06],
        "dmean2": [0.104636862874, 0.777665436268, 1.93996334076, 5.43088626862, 15.7144355774, 16.1792545319, 24.6681900024, 16.3569355011, 21.435585022, 39.0821495056, 29.1083812714, 24.3694229126, 17.5472126007, 13.253865242, 14.6761579514, 15.4177722931, 17.6490859985, 24.8526802063, 11.1118707657, 8.68182849884, 7.17909431458, 6.69446516037, 8.49701213837, 4.50903749466, 6.07513380051, 2.39757061005, 1.19921672344, 1.04565417767, 0.97034484148, 0.548958480358, 0.357109189034, 0.288204103708, 0.160180062056, 0.0561087802052, 0.00387492938899, 0.000174265165697, 1.31661572595e-05, 2.8521594686e-06, 5.57597650186e-06, 1.31071301439e-05],
        "dvar": [0.0102451071143, 0.642255246639, 6.03276777267, 30.179851532, 274.236785889, 196.714355469, 542.754333496, 234.642211914, 1063.84899902, 2327.75415039, 3357.35595703, 2592.02172852, 949.347900391, 306.781005859, 507.64175415, 527.777832031, 1824.25134277, 2406.93408203, 214.830703735, 133.503585815, 161.927871704, 59.2665557861, 110.864761353, 30.9428768158, 94.8306427002, 8.72170734406, 1.9697920084, 4.88176393509, 4.0784163475, 0.774844408035, 0.484960526228, 0.687911093235, 0.225688904524, 0.0260238051414, 8.02584763733e-05, 1.62480091603e-07, 5.87975779176e-10, 1.43102769218e-11, 2.22580009979e-11, 1.24568647064e-10],
        "dvar2": [0.028575848788, 1.66764783859, 17.081987381, 76.0956039429, 633.467468262, 521.119018555, 1394.65478516, 601.029968262, 2216.14599609, 4460.68359375, 5777.45458984, 5598.81152344, 1659.18615723, 646.815673828, 975.357971191, 1097.64160156, 3879.43286133, 4776.73730469, 433.485656738, 296.724273682, 425.992095947, 135.215988159, 258.937347412, 67.9033660889, 217.554748535, 18.4273319244, 3.96363139153, 12.4344654083, 9.07121753693, 1.38919019699, 0.660311996937, 1.11630856991, 0.462400496006, 0.0553037822247, 0.000163878721651, 3.28689850448e-07, 1.14922094063e-09, 2.74854097815e-11, 4.92106355665e-11, 2.83387119326e-10],
        "max": [0.977869093418, 7.46121120453, 27.3691921234, 55.7004318237, 186.66494751, 137.889648438, 401.314300537, 207.822311401, 887.810119629, 1490.58972168, 2732.12304688, 1251.8548584, 1054.25622559, 505.77130127, 960.754638672, 583.99407959, 1616.89770508, 1456.99597168, 449.670532227, 181.836242676, 322.727203369, 138.849121094, 161.999801636, 86.1299972534, 128.956863403, 40.2393951416, 14.7056684494, 71.5008087158, 65.5442352295, 21.6180610657, 22.6804924011, 27.2000427246, 14.7594470978, 4.30741643906, 0.211934715509, 0.00952613539994, 0.000609461625572, 0.000106456463982, 5.59976542718e-05, 0.000127854189486],
        "mean": [0.116373710334, 1.19873154163, 2.17739486694, 5.63130760193, 13.0278263092, 16.2800998688, 25.4096488953, 20.5910129547, 32.757724762, 109.156349182, 87.8017501831, 42.4036712646, 30.3055019379, 20.4153251648, 27.3827342987, 19.5830230713, 23.8341369629, 30.7479000092, 14.7818336487, 9.48716926575, 8.40011501312, 8.05593013763, 9.49803066254, 4.86310386658, 5.2220454216, 2.48945808411, 1.31495726109, 1.10210382938, 1.08515775204, 0.659569740295, 0.453194528818, 0.357084602118, 0.17939850688, 0.0650179684162, 0.00437826151028, 0.000218454020796, 2.39662367676e-05, 4.69759834232e-06, 1.60434065037e-05, 3.62481259799e-05],
        "median": [0.06356318295, 1.10369348526, 1.54006004333, 2.56235647202, 6.88974475861, 10.9466667175, 15.1044416428, 12.3609380722, 15.1845712662, 38.3979225159, 23.208978653, 12.5249843597, 11.2320632935, 9.51003456116, 8.25754451752, 8.31425571442, 8.85505771637, 12.6809635162, 7.18169641495, 3.49026274681, 3.24646830559, 4.22174501419, 4.87836170197, 2.25643396378, 1.66450667381, 0.887155890465, 0.464757323265, 0.328619986773, 0.30274605751, 0.201403483748, 0.12078820169, 0.08114079386, 0.0391568318009, 0.0155753204599, 0.00116325321142, 7.52651467337e-05, 1.63677086675e-05, 3.44124532603e-06, 1.52344300659e-05, 3.4701792174e-05],
        "min": [4.01115676141e-06, 2.08448200283e-05, 3.07592417812e-05, 4.25176403951e-05, 4.87622419314e-05, 0.000219022462261, 0.000476949935546, 0.000413048430346, 6.42518571112e-05, 6.08671189184e-06, 7.79988477007e-06, 7.82256120146e-06, 2.5499784897e-06, 3.58416082236e-06, 3.49998663296e-05, 8.58528437675e-06, 1.13399455586e-05, 3.37234669132e-05, 2.36873293034e-05, 3.07244931719e-06, 4.82076393382e-06, 3.51453877556e-06, 1.17317040349e-05, 2.23310075853e-06, 1.89356001101e-06, 7.40570499147e-07, 8.42387123612e-07, 4.32397285977e-07, 2.62323538891e-07, 4.50147240372e-07, 4.23755665224e-07, 1.20761228573e-07, 1.60085193102e-07, 1.27106346781e-07, 4.76540442662e-08, 1.47032874764e-08, 6.60281829212e-09, 2.77912137747e-09, 7.15696557574e-10, 3.72192276998e-10],
        "var": [0.0191575270146, 1.16512405872, 6.47644519806, 56.4200363159, 333.100646973, 283.618835449, 1054.984375, 612.45135498, 3011.43554688, 30102.3300781, 52881.140625, 9540.0859375, 4686.81347656, 1115.95251465, 7350.76953125, 1499.23522949, 3946.52148438, 5107.06445312, 631.392150879, 235.134490967, 234.89994812, 119.281455994, 176.787994385, 47.9063796997, 108.438575745, 14.0077476501, 3.6454679966, 6.8076710701, 7.75266551971, 2.21626901627, 1.7363268137, 2.36001443863, 0.500759780407, 0.0489783100784, 0.000167897058418, 3.47907985088e-07, 1.43822709298e-09, 4.02802166621e-11, 8.37624483663e-11, 4.38511310596e-10]
    },
    "gfcc": {
        "mean": [-56.5561828613, 174.795944214, -139.268447876, 36.8375511169, -64.1011123657, 2.53472137451, -30.1767082214, -7.23103141785, -1.54980397224, -17.4999599457, 10.8380899429, -19.6868629456, 1.84554457664],
        "cov": [[3761.19555664, -448.359222412, -370.704498291, 317.351379395, -300.171936035, 346.991882324, -121.777183533, 72.3775253296, 56.0088729858, 3.87513232231, -51.1870536804, -149.978668213, -45.2611427307], [-448.359222412, 756.592102051, 188.409088135, -365.410766602, 238.362686157, -162.584884644, 217.347000122, -17.7445030212, 76.5607910156, -24.0785770416, 43.9455947876, -5.84066438675, -65.8625793457], [-370.704498291, 188.409088135, 462.255340576, 68.7917404175, 104.599884033, 63.1592025757, 46.9222450256, 23.5628223419, -5.80606746674, 1.21499752998, 14.4348573685, 17.3949813843, -15.2910175323], [317.351379395, -365.410766602, 68.7917404175, 633.418884277, 98.0629348755, 111.881851196, -158.963821411, -9.25750160217, -74.9067993164, -25.5463752747, -27.8360309601, -4.3135342598, 84.3477172852], [-300.171936035, 238.362686157, 104.599884033, 98.0629348755, 310.369628906, -31.8696899414, 11.567322731, -0.361840337515, 31.2629051208, -10.390381813, -1.77464020252, -13.222661972, 6.79671382904], [346.991882324, -162.584884644, 63.1592025757, 111.881851196, -31.8696899414, 236.714035034, -19.7311172485, 33.6103363037, 6.53437614441, 8.96979808807, -2.41471409798, -5.26232862473, 1.62230956554], [-121.777183533, 217.347000122, 46.9222450256, -158.963821411, 11.567322731, -19.7311172485, 260.109313965, 25.8820381165, 6.50234699249, -10.0096721649, 19.5742073059, 30.571472168, -44.1306991577], [72.3775253296, -17.7445030212, 23.5628223419, -9.25750160217, -0.361840337515, 33.6103363037, 25.8820381165, 110.801727295, 42.4416770935, 9.62868595123, 5.95810031891, 0.739152014256, 1.85483574867], [56.0088729858, 76.5607910156, -5.80606746674, -74.9067993164, 31.2629051208, 6.53437614441, 6.50234699249, 42.4416770935, 137.226257324, 60.406085968, -7.41713190079, -32.5610618591, -26.1155815125], [3.87513232231, -24.0785770416, 1.21499752998, -25.5463752747, -10.390381813, 8.96979808807, -10.0096721649, 9.62868595123, 60.406085968, 107.064193726, 20.1819496155, -26.8363552094, -24.5929603577], [-51.1870536804, 43.9455947876, 14.4348573685, -27.8360309601, -1.77464020252, -2.41471409798, 19.5742073059, 5.95810031891, -7.41713190079, 20.1819496155, 70.655418396, 28.9996032715, -5.02676582336], [-149.978668213, -5.84066438675, 17.3949813843, -4.3135342598, -13.222661972, -5.26232862473, 30.571472168, 0.739152014256, -32.5610618591, -26.8363552094, 28.9996032715, 90.9719772339, 40.9233322144], [-45.2611427307, -65.8625793457, -15.2910175323, 84.3477172852, 6.79671382904, 1.62230956554, -44.1306991577, 1.85483574867, -26.1155815125, -24.5929603577, -5.02676582336, 40.9233322144, 86.0026550293]],
        "icov": [[0.000540619948879, -0.0010897598695, 0.0008785945829, -0.000976462324616, 0.00123192113824, -0.00101830018684, 0.000384554849006, -0.000632646260783, 9.56084695645e-05, -0.000175688735908, 0.000496135675348, 0.000140494070365, 0.000637601304334], [-0.0010897598695, 0.0127340406179, -0.00584554625675, 0.0074827009812, -0.00917038600892, 0.00568564655259, -0.00582528999075, 0.00643651373684, -0.0061479783617, 0.00815045740455, -0.00975954998285, 0.00703225750476, -0.00516292033717], [0.0008785945829, -0.00584554625675, 0.00568129355088, -0.00388066167943, 0.00350156472996, -0.00381785002537, 0.002339937957, -0.00357169052586, 0.00315303355455, -0.00383287388831, 0.00444806646556, -0.00379729829729, 0.00380317121744], [-0.000976462324616, 0.0074827009812, -0.00388066167943, 0.00745672173798, -0.00690136896446, 0.00246004853398, -0.00213573756628, 0.00346272904426, -0.00118325930089, 0.00358548690565, -0.00464571034536, 0.00418393872678, -0.00505471182987], [0.00123192113824, -0.00917038600892, 0.00350156472996, -0.00690136896446, 0.0116088930517, -0.00333736231551, 0.00323537061922, -0.00377857754938, 0.00122194155119, -0.00339904054999, 0.005126577802, -0.00259213871323, 0.00283593707718], [-0.00101830018684, 0.00568564655259, -0.00381785002537, 0.00246004853398, -0.00333736231551, 0.00856859982014, -0.00249288021587, 0.00168930017389, -0.00303792254999, 0.00316697452217, -0.00409138202667, 0.00235734740272, -0.0018644646043], [0.000384554849006, -0.00582528999075, 0.002339937957, -0.00213573756628, 0.00323537061922, -0.00249288021587, 0.00855353940278, -0.00459548505023, 0.00383823411539, -0.00361808203161, 0.00538039486855, -0.00705842953175, 0.00633552623913], [-0.000632646260783, 0.00643651373684, -0.00357169052586, 0.00346272904426, -0.00377857754938, 0.00168930017389, -0.00459548505023, 0.0151373790577, -0.00820528529584, 0.00601566908881, -0.00731294089928, 0.00474441098049, -0.00530908256769], [9.56084695645e-05, -0.0061479783617, 0.00315303355455, -0.00118325930089, 0.00122194155119, -0.00303792254999, 0.00383823411539, -0.00820528529584, 0.0181361306459, -0.0124802291393, 0.0097111063078, -0.00401738705114, 0.00358803779818], [-0.000175688735908, 0.00815045740455, -0.00383287388831, 0.00358548690565, -0.00339904054999, 0.00316697452217, -0.00361808203161, 0.00601566908881, -0.0124802291393, 0.0222060978413, -0.0144243622199, 0.00995468813926, -0.00284574530087], [0.000496135675348, -0.00975954998285, 0.00444806646556, -0.00464571034536, 0.005126577802, -0.00409138202667, 0.00538039486855, -0.00731294089928, 0.0097111063078, -0.0144243622199, 0.0294593740255, -0.0163644067943, 0.00905763171613], [0.000140494070365, 0.00703225750476, -0.00379729829729, 0.00418393872678, -0.00259213871323, 0.00235734740272, -0.00705842953175, 0.00474441098049, -0.00401738705114, 0.00995468813926, -0.0163644067943, 0.0285054016858, -0.0157767888159], [0.000637601304334, -0.00516292033717, 0.00380317121744, -0.00505471182987, 0.00283593707718, -0.0018644646043, 0.00633552623913, -0.00530908256769, 0.00358803779818, -0.00284574530087, 0.00905763171613, -0.0157767888159, 0.0251317732036]]
    },
    "melbands": {
        "dmean": [0.000558928470127, 0.000577942759264, 0.000767911027651, 0.000656500924379, 0.00048951007193, 0.000227471915423, 0.000241448607994, 0.000300610350678, 0.000171596737346, 0.000111506175017, 6.1950442614e-05, 3.45137596014e-05, 3.38255740644e-05, 2.78145871562e-05, 2.39768360188e-05, 3.03539018205e-05, 3.30122857122e-05, 1.33077192004e-05, 8.95534230949e-06, 8.57953546074e-06, 5.22884283782e-06, 4.33367995356e-06, 7.20385651221e-06, 3.81026757168e-06, 2.54476253758e-06, 2.74278704637e-06, 2.65822336587e-06, 9.16046019483e-07, 5.78333981593e-07, 5.12255724061e-07, 4.47172993745e-07, 4.38017821125e-07, 3.14475130381e-07, 2.10305699966e-07, 1.72711807522e-07, 1.4359891054e-07, 1.23852899492e-07, 8.6600792315e-08, 6.34961381252e-08, 2.55699976748e-08],
        "dmean2": [0.000912754563615, 0.000985945458524, 0.00126718310639, 0.00107460923027, 0.000817721418571, 0.000370644382201, 0.000359234138159, 0.000421141652623, 0.000229605546338, 0.000156157941092, 8.5843152192e-05, 5.27676966158e-05, 4.96052889503e-05, 4.27604427387e-05, 3.63520121027e-05, 4.63584874524e-05, 4.96794455103e-05, 1.96493274416e-05, 1.29169902721e-05, 1.30233056552e-05, 8.00177713245e-06, 6.50076935926e-06, 1.11228191599e-05, 5.67357756154e-06, 3.77447008759e-06, 4.03975536756e-06, 3.94920789404e-06, 1.26887084662e-06, 7.96610038378e-07, 7.14443160632e-07, 6.44737099265e-07, 6.30650220046e-07, 4.40347662334e-07, 2.94462239481e-07, 2.35630992051e-07, 1.8952655978e-07, 1.76260073204e-07, 1.24107117472e-07, 8.93323246487e-08, 3.65500945065e-08],
        "dvar": [7.22515949292e-07, 1.35237166887e-06, 1.52810139298e-06, 1.00378633761e-06, 5.36604318313e-07, 1.13968006588e-07, 2.64160831875e-07, 2.95924337479e-07, 2.37230793232e-07, 1.18661425574e-07, 2.2761499352e-08, 4.79634865158e-09, 5.47255440964e-09, 2.88198642728e-09, 6.56711485192e-09, 1.61885473915e-08, 8.88297080337e-09, 7.54043050222e-10, 2.70478001108e-10, 5.02721198004e-10, 1.63532520858e-10, 5.3582138726e-11, 2.43841752345e-10, 4.61235181992e-11, 2.16224572969e-11, 3.82671117016e-11, 3.30237746871e-11, 2.53892306484e-12, 8.42428557468e-13, 7.91735817532e-13, 3.04874029668e-12, 1.90918266439e-12, 5.29929236343e-13, 2.42617720619e-13, 1.88893551408e-13, 2.41429814508e-13, 2.64068362446e-13, 1.24529035629e-13, 7.78832497084e-14, 8.90707236564e-15],
        "dvar2": [1.92294282897e-06, 3.73751618099e-06, 3.73943657905e-06, 2.44534771809e-06, 1.37947984058e-06, 2.88329147224e-07, 5.5526692222e-07, 5.55642145628e-07, 4.11643327425e-07, 2.57081069321e-07, 4.01120097138e-08, 1.04154853631e-08, 1.10728901603e-08, 6.25375884411e-09, 1.21670478137e-08, 3.95444423873e-08, 1.8173588856e-08, 1.54584112178e-09, 5.59093549235e-10, 1.29824673234e-09, 4.2686443269e-10, 1.18731760534e-10, 6.37156549743e-10, 9.71908803438e-11, 4.97071203642e-11, 8.88288886891e-11, 7.49082393336e-11, 5.63444776946e-12, 1.76590621466e-12, 1.70167298221e-12, 8.22333087042e-12, 4.52244101543e-12, 1.03612561239e-12, 4.41041544648e-13, 3.13719861721e-13, 3.35218316863e-13, 4.79393759932e-13, 2.67408979075e-13, 1.64148019179e-13, 1.97155354922e-14],
        "max": [0.00884910486639, 0.0124521348625, 0.0110698742792, 0.00995700247586, 0.0126227028668, 0.00517003564164, 0.0122619820759, 0.0152714941651, 0.0220110155642, 0.00903577264398, 0.00507526192814, 0.00186720187776, 0.00259619555436, 0.00127159082331, 0.00315298489295, 0.00374759430997, 0.00261813309044, 0.000843665678985, 0.000293793244055, 0.000521571782883, 0.000281071959762, 0.000136795075377, 0.000338567770086, 8.88026406756e-05, 7.47886297177e-05, 9.44731436903e-05, 7.31835025363e-05, 3.07691661874e-05, 9.77750460152e-06, 1.29837135319e-05, 5.7388228015e-05, 4.42533710157e-05, 2.09140907828e-05, 1.30487715069e-05, 1.32717159431e-05, 1.8957469365e-05, 1.71753454197e-05, 1.1894941963e-05, 7.44259750718e-06, 2.41093403019e-06],
        "mean": [0.00125286984257, 0.00134840409737, 0.0012346052099, 0.00102360569872, 0.000867656257469, 0.000474954373203, 0.000556023733225, 0.00128277973272, 0.000639803591184, 0.000248076685239, 0.000142665143358, 7.45891520637e-05, 8.58154016896e-05, 6.01587962592e-05, 4.40636940766e-05, 5.65613299841e-05, 5.84937370149e-05, 2.46930649155e-05, 1.38898303703e-05, 1.38277655424e-05, 8.57366376295e-06, 7.38919607102e-06, 1.1398146853e-05, 5.92713786318e-06, 3.65560731552e-06, 3.56487089448e-06, 3.20224580719e-06, 1.31195065478e-06, 8.16777287582e-07, 7.01343481069e-07, 6.24791368864e-07, 6.59234387967e-07, 4.70773926509e-07, 3.30081491029e-07, 2.69464777602e-07, 2.38305517541e-07, 2.02510449299e-07, 1.29608167754e-07, 9.64467332665e-08, 4.0162756676e-08],
        "median": [0.000991299399175, 0.00111495296005, 0.000649657624308, 0.000654907082208, 0.000575817364734, 0.000293035700452, 0.000201569710043, 0.000406794802984, 0.000155930320034, 6.37363846181e-05, 4.9454956752e-05, 3.46357628587e-05, 2.6345887818e-05, 2.12838385778e-05, 1.67034359038e-05, 1.73019179783e-05, 2.15781074075e-05, 1.15551056297e-05, 4.3200948312e-06, 4.16731108999e-06, 3.44827776644e-06, 3.68944029105e-06, 5.34112632522e-06, 2.77174422081e-06, 1.61111779562e-06, 1.25233520976e-06, 9.44474436437e-07, 4.63193856604e-07, 2.82451935618e-07, 2.10236748899e-07, 1.74138833131e-07, 1.79145942525e-07, 1.29170487639e-07, 9.81368657449e-08, 7.28189419874e-08, 5.10135151899e-08, 4.68010021848e-08, 2.89853883118e-08, 1.84871016273e-08, 1.08019397871e-08],
        "min": [3.38391501487e-08, 2.06858690177e-08, 6.75086653246e-09, 8.93842955207e-09, 1.56016781716e-08, 9.29558030549e-09, 7.98035748595e-10, 4.02401514887e-11, 5.88501192222e-11, 4.98682102557e-11, 1.11845706308e-11, 8.46698405832e-12, 9.39883171291e-11, 5.61830998391e-11, 7.61566504304e-12, 4.47307156592e-11, 6.49339262915e-11, 4.25234708556e-11, 1.05704039272e-11, 2.71355724349e-12, 6.32329041558e-12, 2.92920483876e-12, 8.95825340991e-12, 7.26084036645e-12, 1.31455068185e-12, 1.20743107353e-12, 1.22970210403e-12, 3.39657935024e-13, 4.40945782491e-13, 5.08930950768e-13, 1.9636919315e-13, 1.46229016851e-13, 1.51830886188e-13, 3.13733685298e-13, 3.18346830017e-13, 9.09709929457e-14, 6.41615734609e-14, 1.04496083011e-13, 1.27078753878e-13, 9.91505665006e-14],
        "var": [1.41368127515e-06, 1.77725894446e-06, 2.28958197113e-06, 1.30296825773e-06, 9.80504523795e-07, 3.18841614444e-07, 8.89880993782e-07, 4.76019476991e-06, 3.43082911058e-06, 3.99266156137e-07, 1.11253328328e-07, 1.67683094077e-08, 5.70103040332e-08, 1.62282169924e-08, 1.45047511779e-08, 2.5297760331e-08, 1.88780404642e-08, 1.94881799587e-09, 6.49416520559e-10, 7.93443699632e-10, 2.30383379041e-10, 1.09560020778e-10, 3.35449362732e-10, 7.42915312602e-11, 3.07573792824e-11, 4.53321685745e-11, 3.87861132101e-11, 4.03643134542e-12, 1.45553870606e-12, 1.30552990293e-12, 3.45004602144e-12, 3.19693642219e-12, 1.24639708277e-12, 5.99553121993e-13, 5.57871240522e-13, 9.07253601672e-13, 8.10715047612e-13, 2.65154001186e-13, 1.45535100356e-13, 1.55406422323e-14]
    },
    "mfcc": {
        "mean": [-681.694030762, 177.384628296, -3.47611141205, 24.3644332886, 0.560874938965, 0.442922979593, -6.07702922821, 2.21526026726, -8.33222103119, 1.53549218178, 5.15765047073, 2.30560398102, -4.17451286316],
        "cov": [[4036.41333008, -790.152282715, -210.744506836, -11.7892618179, -67.4588012695, 160.38822937, -124.219345093, 27.6293716431, 6.40665149689, 129.045303345, -55.0245399475, 0.458762735128, 24.2367286682], [-790.152282715, 1226.27648926, -77.2745437622, -175.197067261, -114.95135498, -102.08946228, 61.7486572266, 60.168346405, 32.9537620544, 5.12973356247, 133.514770508, 86.7660369873, 4.17851448059], [-210.744506836, -77.2745437622, 389.053833008, 38.5842781067, 60.812953949, 72.0302124023, 58.1453437805, 41.4720573425, 6.28898668289, -22.0897350311, 6.24004077911, 15.625541687, 14.3565273285], [-11.7892618179, -175.197067261, 38.5842781067, 359.254577637, 177.157867432, 47.1330184937, 45.2456130981, -15.2083158493, 1.54202699661, -3.01660490036, -69.269744873, -46.0648078918, 2.39260935783], [-67.4588012695, -114.95135498, 60.812953949, 177.157867432, 378.500488281, 61.1910171509, -24.5123138428, -30.7988243103, 23.0905437469, 38.4365158081, -45.7015075684, -25.2220153809, 4.98291873932], [160.38822937, -102.08946228, 72.0302124023, 47.1330184937, 61.1910171509, 161.809844971, 34.6823272705, 14.2441978455, 7.44671869278, 10.9163265228, 5.60520744324, 6.4673242569, 3.20207881927], [-124.219345093, 61.7486572266, 58.1453437805, 45.2456130981, -24.5123138428, 34.6823272705, 147.630706787, 69.8971328735, -10.022351265, -27.9148788452, -7.41842126846, 4.70698356628, 11.5181159973], [27.6293716431, 60.168346405, 41.4720573425, -15.2083158493, -30.7988243103, 14.2441978455, 69.8971328735, 139.685058594, 26.6597995758, -12.5569162369, -13.7163276672, 0.231210455298, 21.6383743286], [6.40665149689, 32.9537620544, 6.28898668289, 1.54202699661, 23.0905437469, 7.44671869278, -10.022351265, 26.6597995758, 99.2343673706, 38.1757926941, 18.0497589111, 4.73391437531, -1.68602001667], [129.045303345, 5.12973356247, -22.0897350311, -3.01660490036, 38.4365158081, 10.9163265228, -27.9148788452, -12.5569162369, 38.1757926941, 118.88356781, 54.8684539795, 11.3245983124, -10.0471601486], [-55.0245399475, 133.514770508, 6.24004077911, -69.269744873, -45.7015075684, 5.60520744324, -7.41842126846, -13.7163276672, 18.0497589111, 54.8684539795, 133.796325684, 54.4502029419, -14.8009433746], [0.458762735128, 86.7660369873, 15.625541687, -46.0648078918, -25.2220153809, 6.4673242569, 4.70698356628, 0.231210455298, 4.73391437531, 11.3245983124, 54.4502029419, 84.9109725952, 25.5762577057], [24.2367286682, 4.17851448059, 14.3565273285, 2.39260935783, 4.98291873932, 3.20207881927, 11.5181159973, 21.6383743286, -1.68602001667, -10.0471601486, -14.8009433746, 25.5762577057, 84.1675872803]],
