{
"lowlevel": {
    "average_loudness": 0.973729014397,
    "barkbands_crest": {
        "dmean": 2.44383215904,
        "dmean2": 4.11968708038,
        "dvar": 4.42539691925,
        "dvar2": 12.3630819321,
        "max": 19.6128253937,
        "mean": 7.39049196243,
        "median": 6.57654809952,
        "min": 2.28057026863,
        "var": 10.1150856018
    },
    "barkbands_flatness_db": {
        "dmean": 0.0157941039652,
        "dmean2": 0.0263060163707,
        "dvar": 0.000184649601579,
        "dvar2": 0.000478291534819,
        "max": 0.225796371698,
        "mean": 0.128183200955,
        "median": 0.123820655048,
        "min": 0.0615239068866,
        "var": 0.000644297804683
    },
    "barkbands_kurtosis": {
        "dmean": 1.04573881626,
        "dmean2": 1.72540283203,
        "dvar": 2.02370285988,
        "dvar2": 5.23587799072,
        "max": 19.4858951569,
        "mean": 0.331374883652,
        "median": -0.190710783005,
        "min": -1.77566671371,
        "var": 3.30823326111
    },
    "barkbands_skewness": {
        "dmean": 0.409518361092,
        "dmean2": 0.645279049873,
        "dvar": 0.147718265653,
        "dvar2": 0.356534540653,
        "max": 4.37768936157,
        "mean": 0.805652320385,
        "median": 0.723492741585,
        "min": -1.02096807957,
        "var": 0.405474185944
    },
    "barkbands_spread": {
        "dmean": 5.65652084351,
        "dmean2": 8.76463508606,
        "dvar": 34.8894805908,
        "dvar2": 74.7912445068,
        "max": 82.7269210815,
        "mean": 28.116558075,
        "median": 26.9320869446,
        "min": 7.31278705597,
        "var": 110.397598267
    },
    "dissonance": {
        "dmean": 0.0147819444537,
        "dmean2": 0.0253028869629,
        "dvar": 0.000182766467333,
        "dvar2": 0.000535926083103,
        "max": 0.499999880791,
        "mean": 0.47472178936,
        "median": 0.478208482265,
        "min": 0.384571760893,
        "var": 0.000291802600259
    },
    "dynamic_complexity": 2.0148870945,
    "erbbands_crest": {
        "dmean": 2.28488564491,
        "dmean2": 3.80087900162,
        "dvar": 4.38203382492,
        "dvar2": 11.1806259155,
        "max": 24.6880645752,
        "mean": 7.51079273224,
        "median": 6.48669910431,
        "min": 2.70365095139,
        "var": 12.7709627151
    },
    "erbbands_flatness_db": {
        "dmean": 0.0130903115496,
        "dmean2": 0.0196813289076,
        "dvar": 0.000118180047139,
        "dvar2": 0.000259025982814,
        "max": 0.269710898399,
        "mean": 0.1832203269,
        "median": 0.181122109294,
        "min": 0.109847716987,
        "var": 0.00070357468212
    },
    "erbbands_kurtosis": {
        "dmean": 0.493225574493,
        "dmean2": 0.789800047874,
        "dvar": 0.305472671986,
        "dvar2": 0.773045301437,
        "max": 6.25663852692,
        "mean": -0.286043375731,
        "median": -0.533456087112,
        "min": -1.64395809174,
        "var": 0.900723278522
    },
    "erbbands_skewness": {
        "dmean": 0.30703753233,
        "dmean2": 0.496453791857,
        "dvar": 0.0625888332725,
        "dvar2": 0.159053355455,
        "max": 1.86375415325,
        "mean": 0.0529338866472,
        "median": -0.00365451001562,
        "min": -2.49512410164,
        "var": 0.266527920961
    },
    "erbbands_spread": {
        "dmean": 5.91974115372,
        "dmean2": 9.05871009827,
        "dvar": 30.7842483521,
        "dvar2": 68.8422088623,
        "max": 118.89616394,
        "mean": 35.9859886169,
        "median": 34.9828071594,
        "min": 7.5397195816,
        "var": 151.942108154
    },
    "hfc": {
        "dmean": 6.52112388611,
        "dmean2": 9.45382022858,
        "dvar": 49.3890457153,
        "dvar2": 102.751747131,
        "max": 92.6160964966,
        "mean": 28.0587387085,
        "median": 27.8935470581,
        "min": 9.88135216176e-05,
        "var": 200.049942017
    },
    "melbands_crest": {
        "dmean": 3.40959453583,
        "dmean2": 5.82071352005,
        "dvar": 9.21162986755,
        "dvar2": 26.3209457397,
        "max": 26.3598766327,
        "mean": 10.9300003052,
        "median": 10.10181427,
        "min": 3.55187058449,
        "var": 16.7518978119
    },
    "melbands_flatness_db": {
        "dmean": 0.0224902946502,
        "dmean2": 0.035499766469,
        "dvar": 0.000454646244179,
        "dvar2": 0.00103292008862,
        "max": 0.286620527506,
        "mean": 0.146233633161,
        "median": 0.139750078321,
        "min": 0.0327226445079,
        "var": 0.001664879499
    },
    "melbands_kurtosis": {
        "dmean": 3.15764808655,
        "dmean2": 5.15425920486,
        "dvar": 29.3447799683,
        "dvar2": 76.932434082,
        "max": 118.499168396,
        "mean": 4.713078022,
        "median": 2.83896875381,
        "min": -1.3791731596,
        "var": 43.4833488464
    },
    "melbands_skewness": {
        "dmean": 0.553123474121,
        "dmean2": 0.873322844505,
        "dvar": 0.323649317026,
        "dvar2": 0.792296171188,
        "max": 9.65561008453,
        "mean": 1.77147960663,
        "median": 1.59849095345,
        "min": -0.515842080116,
        "var": 0.971519351006
    },
    "melbands_spread": {
        "dmean": 9.22484970093,
        "dmean2": 14.6117868423,
        "dvar": 123.233360291,
        "dvar2": 258.043731689,
        "max": 164.298019409,
        "mean": 33.5885276794,
        "median": 31.8627147675,
        "min": 4.89657831192,
        "var": 245.639312744
    },
    "pitch_salience": {
        "dmean": 0.0623595006764,
        "dmean2": 0.104354076087,
        "dvar": 0.00280310376547,
        "dvar2": 0.00766105670482,
        "max": 0.783253192902,
        "mean": 0.592373609543,
        "median": 0.602887153625,
        "min": 0.260472685099,
        "var": 0.00734852394089
    },
    "silence_rate_20dB": {
        "dmean": 0,
        "dmean2": 0,
        "dvar": 0,
        "dvar2": 0,
        "max": 1,
        "mean": 1,
        "median": 1,
        "min": 1,
        "var": 0
    },
    "silence_rate_30dB": {
        "dmean": 0,
        "dmean2": 0,
        "dvar": 0,
        "dvar2": 0,
        "max": 1,
        "mean": 1,
        "median": 1,
        "min": 1,
        "var": 0
    },
    "silence_rate_60dB": {
        "dmean": 0.00310077518225,
        "dmean2": 0.00620636157691,
        "dvar": 0.00309108360671,
        "dvar2": 0.00771953212097,
        "max": 1,
        "mean": 0.0209140200168,
        "median": 0,
        "min": 0,
        "var": 0.0204769540578
    },
    "spectral_centroid": {
        "dmean": 265.122436523,
        "dmean2": 412.308654785,
        "dvar": 66324.609375,
        "dvar2": 138121.140625,
        "max": 4061.80883789,
        "mean": 1730.73156738,
        "median": 1693.50683594,
        "min": 573.558044434,
        "var": 221710.28125
    },
    "spectral_complexity": {
        "dmean": 3.95348834991,
        "dmean2": 5.9208688736,
        "dvar": 11.8566818237,
        "dvar2": 23.2069015503,
        "max": 54,
        "mean": 30.3803253174,
        "median": 31,
        "min": 0,
        "var": 92.4665374756
    },
    "spectral_decrease": {
        "dmean": 2.36620434357e-09,
        "dmean2": 3.61651575354e-09,
        "dvar": 5.59249698394e-18,
        "dvar2": 1.24492377909e-17,
        "max": -9.9106615655e-14,
        "mean": -7.36974348214e-09,
        "median": -7.02843383493e-09,
        "min": -2.47123583819e-08,
        "var": 1.5616537999e-17
    },
    "spectral_energy": {
        "dmean": 0.00931152328849,
        "dmean2": 0.0141930654645,
        "dvar": 8.41592700453e-05,
        "dvar2": 0.000186250312254,
        "max": 0.0966891497374,
        "mean": 0.0303601380438,
        "median": 0.0292689856142,
        "min": 3.83013428973e-07,
        "var": 0.000248020922299
    },
    "spectral_energyband_high": {
        "dmean": 0.000405855360441,
        "dmean2": 0.000585739151575,
        "dvar": 8.6861376758e-07,
        "dvar2": 1.78617847268e-06,
        "max": 0.0112723736092,
        "mean": 0.00103330099955,
        "median": 0.000700527569279,
        "min": 1.65442515243e-09,
        "var": 1.60276374572e-06
    },
    "spectral_energyband_low": {
        "dmean": 0.00524961715564,
        "dmean2": 0.00864171143621,
        "dvar": 5.214795965e-05,
        "dvar2": 0.000128051280626,
        "max": 0.0546822734177,
        "mean": 0.00814263708889,
        "median": 0.00580103276297,
        "min": 2.65557787316e-07,
        "var": 6.71268498991e-05
    },
    "spectral_energyband_middle_high": {
        "dmean": 0.00262422021478,
        "dmean2": 0.00383597286418,
        "dvar": 1.06991647044e-05,
        "dvar2": 2.53117814282e-05,
        "max": 0.0512789599597,
        "mean": 0.00903320871294,
        "median": 0.00761396437883,
        "min": 2.21923244226e-08,
        "var": 4.38387069153e-05
    },
    "spectral_energyband_middle_low": {
        "dmean": 0.00526601681486,
        "dmean2": 0.00814044009894,
        "dvar": 2.95226836897e-05,
        "dvar2": 7.26846483303e-05,
        "max": 0.0535394735634,
        "mean": 0.0130737917498,
        "median": 0.0111454864964,
        "min": 8.58986481944e-08,
        "var": 8.30327917356e-05
    },
    "spectral_entropy": {
        "dmean": 0.0900268554688,
        "dmean2": 0.134636953473,
        "dvar": 0.00666493503377,
        "dvar2": 0.0131077691913,
        "max": 8.42970085144,
        "mean": 7.75701808929,
        "median": 7.7675485611,
        "min": 7.0994682312,
        "var": 0.0387266799808
    },
    "spectral_flux": {
        "dmean": 0.0217595398426,
        "dmean2": 0.0353353731334,
        "dvar": 0.000466637284262,
        "dvar2": 0.00105394166894,
        "max": 0.2208006531,
        "mean": 0.0992488637567,
        "median": 0.0975359156728,
        "min": 0.000618880789261,
        "var": 0.00111766101327
    },
    "spectral_kurtosis": {
        "dmean": 1.28589248657,
        "dmean2": 2.25089788437,
        "dvar": 1.30395758152,
        "dvar2": 3.82463574409,
        "max": 12.6498966217,
        "mean": 2.50296211243,
        "median": 2.22312879562,
        "min": -0.775984525681,
        "var": 2.65070104599
    },
    "spectral_rms": {
        "dmean": 0.000830750039313,
        "dmean2": 0.00124849879649,
        "dvar": 5.69415135487e-07,
        "dvar2": 1.17121112453e-06,
        "max": 0.00971240829676,
        "mean": 0.00522310659289,
        "median": 0.00534369796515,
        "min": 1.93305877474e-05,
        "var": 2.33876676248e-06
    },
    "spectral_rolloff": {
        "dmean": 604.782714844,
        "dmean2": 979.401855469,
        "dvar": 675023.8125,
        "dvar2": 1323026.625,
        "max": 8118.01757812,
        "mean": 1967.00854492,
        "median": 1787.25585938,
        "min": 150.732421875,
        "var": 1402009.125
    },
    "spectral_skewness": {
        "dmean": 0.1770337075,
        "dmean2": 0.287314087152,
        "dvar": 0.0212666150182,
        "dvar2": 0.0514454692602,
        "max": 2.58027052879,
        "mean": 1.04032468796,
        "median": 1.05150973797,
        "min": -0.0699186697602,
        "var": 0.0839485600591
    },
    "spectral_spread": {
        "dmean": 262163.15625,
        "dmean2": 383952.71875,
        "dvar": 144684367872,
        "dvar2": 212582236160,
        "max": 12924505,
        "mean": 3573404.75,
        "median": 3439413,
        "min": 2475596.5,
        "var": 493514227712
    },
    "spectral_strongpeak": {
        "dmean": 0.718872249126,
        "dmean2": 1.22738170624,
        "dvar": 0.828253507614,
        "dvar2": 2.14439082146,
        "max": 7.7507314682,
        "mean": 1.08062982559,
        "median": 0.542675673962,
        "min": 0,
        "var": 1.43217408657
    },
    "zerocrossingrate": {
        "dmean": 0.0100267985836,
        "dmean2": 0.0118733029813,
        "dvar": 0.000142186239827,
        "dvar2": 0.00017275569553,
        "max": 0.228515625,
        "mean": 0.0691256448627,
        "median": 0.0654296875,
        "min": 0.01904296875,
        "var": 0.000638018827885
    },
    "barkbands": {
        "dmean": [0.000277507177088, 0.00305168400519, 0.00268529704772, 0.00124064204283, 0.00140535633545, 0.000684719474521, 0.00205863290466, 0.00118141225539, 0.00152992643416, 0.000984123558737, 0.000559251348022, 0.000582360720728, 0.000693734211382, 0.000628180627245, 0.00044357299339, 0.000350696936948, 0.000350647052983, 0.00024481525179, 0.000242743219133, 0.00014538965479, 0.000136086673592, 0.000127142106066, 0.000117194307677, 5.32477570232e-05, 1.19433461805e-05, 1.49570809072e-08, 5.14753750736e-09],
        "dmean2": [0.000464141747216, 0.00494938064367, 0.00468937912956, 0.00211790157482, 0.00222894223407, 0.0011099788826, 0.00338679575361, 0.00188446952961, 0.00246786046773, 0.00162246450782, 0.000903653737623, 0.000963302270975, 0.00113238173071, 0.000997064402327, 0.000735022709705, 0.00057500920957, 0.000569220224861, 0.000401999335736, 0.000402247183956, 0.000237898973865, 0.000212333819945, 0.0001961630187, 0.000176720990567, 7.84874209785e-05, 1.86431880138e-05, 2.46253204494e-08, 9.37870758833e-09],
        "dvar": [1.3348838479e-07, 1.49032321133e-05, 2.28046137636e-05, 2.57711121776e-06, 3.93946720578e-06, 1.03968466192e-06, 1.75053028215e-05, 4.91561695526e-06, 5.67483266423e-06, 5.98290034759e-06, 1.83353893135e-06, 1.9104313651e-06, 1.95787242774e-06, 7.49458763494e-07, 3.37082809665e-07, 2.13480518596e-07, 1.88156349168e-07, 7.79671438522e-08, 7.5163676172e-08, 3.1806592915e-08, 7.06007696749e-08, 1.01783292905e-07, 1.41087625138e-07, 2.73199738388e-08, 6.95465462996e-10, 1.11666089854e-15, 2.42190065966e-16],
        "dvar2": [3.4699888829e-07, 3.88575535908e-05, 6.20423015789e-05, 6.92402136337e-06, 8.98179496289e-06, 2.48333071795e-06, 4.5644275815e-05, 1.2457458979e-05, 1.40215315696e-05, 1.59486571647e-05, 4.75170145364e-06, 4.23350502388e-06, 5.18066508448e-06, 1.87724913303e-06, 9.26879749841e-07, 5.64949118598e-07, 4.94053949751e-07, 1.89178024357e-07, 2.02419784046e-07, 7.97218717707e-08, 1.68314016946e-07, 2.27125255492e-07, 2.93196762868e-07, 6.25663076903e-08, 1.57111501586e-09, 2.57878841978e-15, 6.66577024765e-16],
        "max": [0.00350563717075, 0.0368909537792, 0.0410673320293, 0.0147026795894, 0.0229735914618, 0.0160637050867, 0.0459376350045, 0.0269023552537, 0.028651367873, 0.0377071946859, 0.0297946911305, 0.0340157411993, 0.0191934630275, 0.0122191812843, 0.00717905955389, 0.00603356910869, 0.0055829975754, 0.00356496870518, 0.00394834019244, 0.00269729201682, 0.00449525984004, 0.00375071610324, 0.00634629977867, 0.00236341659911, 0.000339258782333, 5.36130357887e-07, 2.11140942952e-07],
        "mean": [0.000355585070793, 0.00418970035389, 0.00289845094085, 0.00162216671742, 0.00229817023501, 0.00114746810868, 0.00354448799044, 0.00168736011256, 0.00241014570929, 0.00148053676821, 0.000853709876537, 0.000947042717598, 0.0010992368916, 0.00103867251892, 0.000833427242469, 0.000733310880605, 0.000755780958571, 0.000581297732424, 0.00062748149503, 0.000373161776224, 0.000311088457238, 0.000235688814428, 0.000210605721804, 0.000104288497823, 2.12326194742e-05, 2.05780672502e-08, 3.56191298678e-09],
        "median": [0.000189222337212, 0.00296007585712, 0.00132316618692, 0.00107160117477, 0.00151669315528, 0.000781937327702, 0.00115348980762, 0.000703735568095, 0.00150280236267, 0.00050190044567, 0.000347212189808, 0.000324869819451, 0.000490374281071, 0.000678321404848, 0.000532314646989, 0.000534096790943, 0.000598285230808, 0.000484454794787, 0.000540787004866, 0.000290254538413, 0.000226439209655, 0.000132622793899, 0.000106405845145, 5.8333389461e-05, 1.17620838864e-05, 1.03199235824e-08, 5.9169991129e-10],
        "min": [3.98650925604e-08, 1.40296833706e-07, 9.34557675691e-08, 3.16428447888e-08, 1.40117064618e-08, 1.27508636982e-09, 1.19582654889e-08, 5.51082646183e-09, 2.09209041202e-08, 4.41758718495e-09, 3.51944695609e-09, 1.14850307043e-09, 1.68597913408e-09, 9.6404995098e-10, 4.34016200757e-09, 8.28517476847e-10, 2.35152208816e-09, 1.2168562824e-09, 1.56229118531e-09, 1.16616583057e-09, 4.54127874194e-10, 1.80322118348e-10, 1.63215108095e-10, 5.0000694557e-11, 2.01243483683e-11, 2.67171267748e-12, 3.96844753239e-12],
        "var": [1.98978227672e-07, 1.8826491214e-05, 1.9774231987e-05, 3.32606668962e-06, 6.78162041368e-06, 1.7609833094e-06, 4.28639032179e-05, 7.66454377299e-06, 9.31258455239e-06, 1.07350588223e-05, 2.95962058772e-06, 3.37442907039e-06, 3.02683588416e-06, 1.39065411986e-06, 7.04283536379e-07, 5.03767125792e-07, 3.87923932976e-07, 1.74704268829e-07, 1.9319502087e-07, 9.1701046756e-08, 1.06966396629e-07, 1.44495913901e-07, 2.1353196189e-07, 3.74834741024e-08, 1.20550391891e-09, 1.40898022721e-15, 1.68324716619e-16]
    },
    "erbbands": {
        "dmean": [0.101455628872, 0.696020960808, 2.60130357742, 3.57734251022, 4.68656539917, 5.25170230865, 4.73939466476, 6.50874662399, 20.2779140472, 33.2229728699, 31.3122367859, 33.6485176086, 28.7153835297, 18.1324176788, 25.6426391602, 21.5722103119, 30.2532253265, 27.907951355, 21.3432388306, 25.1770915985, 16.6234760284, 18.3347949982, 13.6392393112, 12.2314720154, 10.3567142487, 6.1793627739, 5.12123632431, 5.51759195328, 4.68994283676, 3.81889462471, 3.52027058601, 1.5797791481, 0.696103990078, 0.23583625257, 0.0113429930061, 0.000536823063157, 4.24701465818e-05, 8.94045297173e-06, 6.05468585491e-06, 1.08149761218e-05],
        "dmean2": [0.171204686165, 1.13195514679, 4.46098995209, 6.14864492416, 7.7324848175, 8.35673904419, 7.52075004578, 10.577917099, 33.3094177246, 53.063949585, 50.9105224609, 54.6161270142, 47.8385810852, 28.7953929901, 40.4193840027, 34.8588218689, 48.5607223511, 44.8745307922, 34.7627868652, 41.3462905884, 27.3473014832, 29.6546192169, 21.9272193909, 20.1326656342, 16.9548969269, 9.64768028259, 8.11351203918, 8.63741397858, 7.17738294601, 5.75239133835, 5.28024291992, 2.4100561142, 1.00674259663, 0.351336151361, 0.0174268186092, 0.000814507948235, 6.25910688541e-05, 1.31565402626e-05, 9.07098547032e-06, 1.64208049682e-05],
        "dvar": [0.0148521531373, 0.873916387558, 18.8707714081, 25.8455886841, 35.9369812012, 74.8039093018, 46.5449180603, 118.86139679, 1763.80249023, 4826.24365234, 3514.95166016, 3375.64257812, 4810.38134766, 1193.30737305, 4514.25976562, 1528.95349121, 3431.60107422, 1791.14257812, 755.766418457, 1252.27661133, 416.608032227, 493.319244385, 248.885421753, 187.366455078, 118.493873596, 56.1902084351, 57.8877296448, 165.323394775, 145.953964233, 118.337242126, 133.587905884, 28.6600418091, 3.31290054321, 0.297512680292, 0.0012538775336, 2.52957738667e-06, 9.60733359534e-09, 3.56418533576e-10, 4.70785736784e-11, 1.07132427929e-10],
        "dvar2": [0.039507471025, 2.25119042397, 50.5894546509, 68.3414916992, 90.0007705688, 171.954391479, 107.242134094, 277.411895752, 4661.09912109, 12074.1259766, 9119.88085938, 8285.49902344, 13396.6699219, 2887.21240234, 10738.3261719, 3803.40844727, 8984.5546875, 4406.80957031, 1987.92480469, 3484.3359375, 1099.8079834, 1303.2779541, 603.561218262, 487.335449219, 321.383636475, 134.967269897, 145.642959595, 384.747375488, 329.617858887, 262.751953125, 281.793945312, 63.4678573608, 7.36396217346, 0.62994992733, 0.00291088456288, 5.72680346522e-06, 1.98089153969e-08, 7.43545947035e-10, 1.01198084634e-10, 2.35208491572e-10],
        "max": [1.00583434105, 8.82233142853, 37.1313781738, 38.6705589294, 67.4250106812, 102.677131653, 98.7422790527, 176.924377441, 631.298950195, 950.56451416, 739.674743652, 836.928466797, 1294.484375, 569.054260254, 1314.51843262, 562.356201172, 715.127868652, 703.534484863, 319.992462158, 434.762786865, 266.771087646, 243.335220337, 219.58303833, 160.679641724, 135.824523926, 108.391494751, 139.453125, 188.937042236, 167.271774292, 188.623474121, 193.204315186, 78.7664031982, 26.0540904999, 7.37764358521, 0.595173537731, 0.0259326137602, 0.00132417737041, 0.000265635637334, 0.000104743397969, 0.000110127941298],
        "mean": [0.123885788023, 0.936537981033, 3.08139896393, 4.54175186157, 6.72953605652, 7.87756347656, 7.96476221085, 10.8846721649, 29.7863960266, 63.0739021301, 48.478931427, 53.4310913086, 44.9452896118, 33.6174087524, 41.5589981079, 39.5762138367, 50.812625885, 50.1291236877, 42.402305603, 48.7671470642, 37.2497291565, 43.2604866028, 35.1995887756, 32.0855484009, 27.8684120178, 16.7364635468, 12.9932498932, 11.3310604095, 8.70132160187, 6.85698318481, 6.05467844009, 2.85653066635, 1.46806490421, 0.463920265436, 0.0171086788177, 0.000894981261808, 9.47210937738e-05, 2.11822007259e-05, 2.13037455978e-05, 3.79934172088e-05],
        "median": [0.0797942131758, 0.646800279617, 1.64619171619, 3.02149987221, 4.21065330505, 4.35242366791, 4.95237636566, 7.0478811264, 12.7167358398, 18.3458595276, 22.4932174683, 31.862329483, 21.3171443939, 15.4251146317, 17.1071472168, 16.7907428741, 24.9319248199, 30.8657016754, 30.6575965881, 32.819229126, 27.5853366852, 35.3363265991, 30.3973808289, 28.3018569946, 23.8930091858, 13.4546928406, 9.96812915802, 7.21427202225, 4.99735832214, 3.63327503204, 2.95037221909, 1.47244107723, 0.862995743752, 0.266041874886, 0.00774234905839, 0.000441555574071, 6.02032378083e-05, 1.45548356159e-05, 2.04751922865e-05, 3.8038706407e-05],
        "min": [3.5876291804e-06, 3.36386619892e-05, 0.00010621912952, 0.000103381884401, 9.32066177484e-05, 3.24989996443e-05, 1.29879726956e-05, 1.82397434401e-05, 0.000104758386442, 0.000235979125137, 0.000169912513229, 0.00052927195793, 0.000103531157947, 0.000206443059142, 0.000111797606223, 4.94809537486e-05, 8.97814243217e-05, 5.25772338733e-05, 0.000236262872932, 9.21368337004e-05, 3.77445358026e-05, 0.000119956079288, 9.31495524128e-05, 8.40234424686e-05, 6.68236971251e-05, 3.97762050852e-05, 2.8818491046e-05, 2.33200589719e-05, 7.91919410403e-06, 7.62720355851e-06, 3.79756238544e-06, 1.79538869816e-06, 5.22077868936e-07, 3.1190833738e-07, 2.24504859148e-08, 8.08658828788e-09, 5.59608048789e-09, 2.61896881959e-09, 6.76770861574e-10, 4.82765882825e-10],
        "var": [0.0184485372156, 1.0643119812, 17.9667339325, 26.5704994202, 53.135383606, 121.674911499, 93.6547851562, 186.151702881, 2621.96386719, 16305.2285156, 5777.65625, 4824.73291016, 6944.85449219, 3018.21337891, 6956.8359375, 3244.00830078, 5757.44042969, 3747.6730957, 1599.47644043, 2455.14624023, 1152.07885742, 1150.78771973, 575.456970215, 468.525024414, 351.184051514, 181.300582886, 123.258529663, 221.860870361, 196.405334473, 167.511154175, 192.954147339, 38.3651008606, 5.5746922493, 0.571756124496, 0.00158974924125, 3.48642447534e-06, 1.79033694536e-08, 6.76244782394e-10, 1.29160612761e-10, 3.40845435209e-10]
    },
    "gfcc": {
        "mean": [13.6928462982, 124.901298523, -166.369216919, 63.7060241699, -72.7706451416, 19.4056034088, -30.9498806, 2.20400333405, 1.35159683228, -16.8627586365, 6.72826528549, -23.1777210236, 1.87561655045],
        "cov": [[2673.46679688, -137.825210571, -136.058654785, -0.745409011841, -126.492828369, 61.181854248, 14.1565275192, -29.5392532349, -27.8979568481, -2.12318778038, -10.5691862106, -8.12604618073, -39.9748191833], [-137.825210571, 419.575378418, -14.1184244156, -84.051651001, 174.205200195, -36.2291526794, 87.7362213135, 19.2110519409, 50.7502441406, -48.8442573547, 31.7952785492, -49.1761436462, 2.21891760826], [-136.058654785, -14.1184244156, 269.93838501, 157.993453979, 29.8278408051, 32.9386520386, -51.1789970398, 5.10613965988, 13.5007162094, 22.1233596802, -25.9577770233, 2.79482555389, -0.943273901939], [-0.745409011841, -84.051651001, 157.993453979, 206.612472534, 20.2378749847, -10.1948261261, -67.6206359863, -14.2730531693, 14.7630681992, 28.8737888336, -26.7213058472, 1.29932463169, 6.56152248383], [-126.492828369, 174.205200195, 29.8278408051, 20.2378749847, 150.951675415, 4.82873916626, 21.767288208, 16.3164253235, 39.6661262512, -0.871895372868, 10.7974720001, -28.0048999786, 4.93151950836], [61.181854248, -36.2291526794, 32.9386520386, -10.1948261261, 4.82873916626, 136.976409912, 77.18334198, -1.23410010338, -52.9969825745, -12.5774011612, -3.44231534004, 12.6981668472, -1.74897539616], [14.1565275192, 87.7362213135, -51.1789970398, -67.6206359863, 21.767288208, 77.18334198, 158.845504761, 26.0716686249, -31.1570339203, -44.8699264526, 3.87227368355, -2.1004576683, 0.0187750123441], [-29.5392532349, 19.2110519409, 5.10613965988, -14.2730531693, 16.3164253235, -1.23410010338, 26.0716686249, 66.6315383911, 35.7373352051, 6.75652551651, -0.627152323723, -5.51342344284, 3.66599440575], [-27.8979568481, 50.7502441406, 13.5007162094, 14.7630681992, 39.6661262512, -52.9969825745, -31.1570339203, 35.7373352051, 109.591796875, 37.3226776123, 9.3999004364, -11.422000885, 0.0435096435249], [-2.12318778038, -48.8442573547, 22.1233596802, 28.8737888336, -0.871895372868, -12.5774011612, -44.8699264526, 6.75652551651, 37.3226776123, 71.5085067749, 20.7617454529, 2.16229176521, 0.121793784201], [-10.5691862106, 31.7952785492, -25.9577770233, -26.7213058472, 10.7974720001, -3.44231534004, 3.87227368355, -0.627152323723, 9.3999004364, 20.7617454529, 52.0031547546, 15.4965982437, -1.86038947105], [-8.12604618073, -49.1761436462, 2.79482555389, 1.29932463169, -28.0048999786, 12.6981668472, -2.1004576683, -5.51342344284, -11.422000885, 2.16229176521, 15.4965982437, 47.0088729858, 18.834936142], [-39.9748191833, 2.21891760826, -0.943273901939, 6.56152248383, 4.93151950836, -1.74897539616, 0.0187750123441, 3.66599440575, 0.0435096435249, 0.121793784201, -1.86038947105, 18.834936142, 43.390827179]],
        "icov": [[0.00046550645493, -0.000713535875548, 0.000938949058764, -0.000941536738537, 0.00115411391016, -0.00118214380927, 0.000639355741441, -0.000305274967104, -0.000241266796365, -9.62850026553e-05, 0.000257450941717, -3.63999170077e-05, 0.000502185488585], [-0.000713535875548, 0.0186446048319, -0.0109806312248, 0.0124454107136, -0.0168733783066, 0.0141594503075, -0.0118939988315, 0.00912782736123, -0.00367073318921, 0.0102531565353, -0.0125739425421, 0.0123044652864, -0.00791438110173], [0.000938949058764, -0.0109806312248, 0.0154542215168, -0.0136297615245, 0.00947488378733, -0.0132483532652, 0.010275978595, -0.00813392922282, 0.000935047573876, -0.00436638807878, 0.00814046151936, -0.00810849387199, 0.00677555380389], [-0.000941536738537, 0.0124454107136, -0.0136297615245, 0.0200416538864, -0.013936762698, 0.0128442142159, -0.00810071267188, 0.00918435957283, -0.000991433043964, 0.0016782998573, -0.00191127229482, 0.00460628094152, -0.00558674614877], [0.00115411391016, -0.0168733783066, 0.00947488378733, -0.013936762698, 0.0278352163732, -0.0166981425136, 0.0104157058522, -0.0075862519443, -0.00273867021315, -0.00323491496965, 0.00160844996572, 0.00186793191824, 0.000309376191581], [-0.00118214380927, 0.0141594503075, -0.0132483532652, 0.0128442142159, -0.0166981425136, 0.028968539089, -0.0188607294112, 0.00833594612777, 0.00580227049068, -0.00142441666685, -0.00275740190409, 0.000612428295426, -0.00206001778133], [0.000639355741441, -0.0118939988315, 0.010275978595, -0.00810071267188, 0.0104157058522, -0.0188607294112, 0.023624561727, -0.0126963350922, 0.00171286985278, 0.00324344774708, 0.00273659732193, -0.00391880888492, 0.00357165420428], [-0.000305274967104, 0.00912782736123, -0.00813392922282, 0.00918435957283, -0.0075862519443, 0.00833594612777, -0.0126963350922, 0.0279563367367, -0.0101471543312, 0.00165833858773, -0.00258299754933, 0.00654779234901, -0.00641943281516], [-0.000241266796365, -0.00367073318921, 0.000935047573876, -0.000991433043964, -0.00273867021315, 0.00580227049068, 0.00171286985278, -0.0101471543312, 0.0213206708431, -0.012017250061, 0.00580862024799, -0.0062035988085, 0.00449162907898], [-9.62850026553e-05, 0.0102531565353, -0.00436638807878, 0.0016782998573, -0.00323491496965, -0.00142441666685, 0.00324344774708, 0.00165833858773, -0.012017250061, 0.0362761169672, -0.0250031873584, 0.017137017101, -0.00939357560128], [0.000257450941717, -0.0125739425421, 0.00814046151936, -0.00191127229482, 0.00160844996572, -0.00275740190409, 0.00273659732193, -0.00258299754933, 0.00580862024799, -0.0250031873584, 0.0485347174108, -0.0324716567993, 0.0175097454339], [-3.63999170077e-05, 0.0123044652864, -0.00810849387199, 0.00460628094152, 0.00186793191824, 0.000612428295426, -0.00391880888492, 0.00654779234901, -0.0062035988085, 0.017137017101, -0.0324716567993, 0.0555973052979, -0.0278423018754], [0.000502185488585, -0.00791438110173, 0.00677555380389, -0.00558674614877, 0.000309376191581, -0.00206001778133, 0.00357165420428, -0.00641943281516, 0.00449162907898, -0.00939357560128, 0.0175097454339, -0.0278423018754, 0.0381867438555]]
    },
    "melbands": {
        "dmean": [0.000848660536576, 0.00115054519847, 0.000647104869131, 0.000327498681145, 0.000180021917913, 0.000144552497659, 0.000341568375006, 0.000325045373756, 0.000294906552881, 0.000193500847672, 0.000151105923578, 8.42468871269e-05, 8.76769481692e-05, 6.38132405584e-05, 8.72714590514e-05, 5.67322967981e-05, 5.39591128472e-05, 3.90303321183e-05, 3.50529444404e-05, 2.86193899228e-05, 2.01721213671e-05, 1.9761520889e-05, 2.07374960155e-05, 1.22022347568e-05, 1.09319807962e-05, 1.02856938611e-05, 7.4711583693e-06, 4.02583100367e-06, 3.36272319146e-06, 3.81175163966e-06, 3.37304413733e-06, 2.84834140984e-06, 2.49268350672e-06, 2.18093759941e-06, 2.3543880161e-06, 1.44081593589e-06, 8.85454596755e-07, 5.34457171852e-07, 3.99830099695e-07, 1.40483635391e-07],
        "dmean2": [0.00139520398807, 0.00193823664449, 0.00109686737414, 0.000527612981386, 0.000283691624645, 0.000234539140365, 0.000562940665986, 0.00051787175471, 0.000477185851196, 0.000312234042212, 0.000251945195487, 0.000134783840622, 0.000140925621963, 0.000103304133518, 0.000140801479574, 9.20790262171e-05, 8.69257419254e-05, 6.40343205305e-05, 5.79228471906e-05, 4.65443808935e-05, 3.33983953169e-05, 3.19467471854e-05, 3.4198834328e-05, 2.01476341317e-05, 1.80591214303e-05, 1.71056090039e-05, 1.24776270241e-05, 6.34948946754e-06, 5.44099157196e-06, 6.04973183727e-06, 5.25597897649e-06, 4.46519379693e-06, 3.84019494959e-06, 3.35512436322e-06, 3.5878313156e-06, 2.22210996981e-06, 1.37599079153e-06, 7.9237730688e-07, 6.01680142154e-07, 2.1867268174e-07],
        "dvar": [1.07364462565e-06, 3.18869319926e-06, 7.02818113041e-07, 2.23642558694e-07, 6.55936389649e-08, 5.36097459758e-08, 4.82946006741e-07, 4.06255935559e-07, 2.84640378823e-07, 1.10897211414e-07, 1.35166416726e-07, 3.22811750664e-08, 4.76285642037e-08, 2.44456135334e-08, 3.21771089773e-08, 7.49343076478e-09, 6.75039713016e-09, 2.92502333465e-09, 2.36674058129e-09, 1.83205228765e-09, 6.29006235986e-10, 5.86785120493e-10, 8.23835444308e-10, 2.03212932592e-10, 1.55194787577e-10, 1.38777100922e-10, 8.73248071076e-11, 2.61330783402e-11, 1.85770877847e-11, 6.15720668895e-11, 5.85748047288e-11, 4.9984339584e-11, 4.19653478634e-11, 4.15135009701e-11, 5.71377251068e-11, 2.33408049832e-11, 8.0789932036e-12, 1.8434808801e-12, 8.13407826337e-13, 1.32690774059e-13],
        "dvar2": [2.79191112895e-06, 8.27729400044e-06, 1.83455631486e-06, 5.07558183926e-07, 1.56072999857e-07, 1.28492118279e-07, 1.26618294871e-06, 1.01521470697e-06, 7.40764448892e-07, 2.7382651524e-07, 3.73773957563e-07, 7.730105267e-08, 1.20504168422e-07, 5.24311154493e-08, 8.71983374395e-08, 1.9028032483e-08, 1.66861120476e-08, 7.72618680145e-09, 6.53016440921e-09, 4.94103868931e-09, 1.70063085836e-09, 1.57632995545e-09, 2.13752349154e-09, 5.24954080205e-10, 4.12877038114e-10, 3.81610548716e-10, 2.34974650848e-10, 5.93207358235e-11, 4.84547298119e-11, 1.54887866421e-10, 1.36555711183e-10, 1.18368342905e-10, 9.13188899498e-11, 9.5863858518e-11, 1.23175414313e-10, 4.98931417015e-11, 1.89971805648e-11, 4.16950848847e-12, 1.80795396015e-12, 3.01818249213e-13],
        "max": [0.00872579403222, 0.01362830773, 0.00639782520011, 0.00589422648773, 0.0037545482628, 0.00367266079411, 0.00904653966427, 0.00870528910309, 0.00659435847774, 0.00477008754387, 0.00656046811491, 0.00297984480858, 0.00457536289468, 0.00402611680329, 0.00259319297038, 0.00112110644113, 0.00134767859709, 0.000668934895657, 0.000585556903388, 0.000545439892448, 0.000291841162834, 0.000268607866019, 0.000369860703358, 0.000195345419343, 0.000142904958921, 0.000192664942006, 0.000136551156174, 9.4706483651e-05, 5.91009775235e-05, 0.000151218671817, 0.00010369989468, 9.77265590336e-05, 7.54924985813e-05, 0.000117479699838, 0.00013777645654, 7.01684984961e-05, 4.2075804231e-05, 1.79071867024e-05, 1.42036260513e-05, 5.43445457879e-06],
        "mean": [0.0011435066117, 0.00151958793867, 0.00089957768796, 0.000506839773152, 0.000307795911795, 0.000240144945565, 0.000537146697752, 0.000606747402344, 0.000437041104306, 0.000305969180772, 0.000228620192502, 0.000145870581036, 0.000136982111144, 0.000107147396193, 0.00013055211457, 9.71354165813e-05, 9.08642687136e-05, 6.84342376189e-05, 6.45979162073e-05, 5.59536129003e-05, 3.98175252485e-05, 4.26196129411e-05, 4.22818084189e-05, 2.72518027487e-05, 2.55785325862e-05, 2.47458992817e-05, 1.6408477677e-05, 9.58967484621e-06, 7.9420478869e-06, 7.61615456213e-06, 6.25669508736e-06, 5.13079112352e-06, 4.08406867791e-06, 3.72536737814e-06, 3.82406733479e-06, 2.41186171479e-06, 1.49947754835e-06, 1.04543244106e-06, 8.34106515413e-07, 2.16427807231e-07],
        "median": [0.000802496622782, 0.000939794234, 0.000645333610009, 0.000331922521582, 0.000190710721654, 0.000156716007041, 0.000206661963603, 0.000198742549401, 0.000204074603971, 0.000195129367057, 9.81707780738e-05, 6.01238825766e-05, 5.85840789427e-05, 3.26513691107e-05, 4.99367670272e-05, 5.34720056748e-05, 5.61310080229e-05, 4.56856650999e-05, 4.27896738984e-05, 3.80973215215e-05, 2.78401021205e-05, 3.24160209857e-05, 3.44228283211e-05, 2.30245113926e-05, 2.17578381125e-05, 2.09735153476e-05, 1.27697903736e-05, 7.19738272892e-06, 6.07255969953e-06, 5.29901944901e-06, 3.6679787172e-06, 2.87923194264e-06, 2.07080529435e-06, 1.89774846149e-06, 1.81446830538e-06, 1.18234902402e-06, 7.88714771716e-07, 6.12657458987e-07, 5.06337073602e-07, 1.00988522433e-07],
        "min": [3.74888813326e-08, 5.32111705809e-08, 1.93731182208e-08, 3.95953403398e-09, 6.98649582631e-10, 3.78513054233e-10, 1.83553805488e-09, 2.33496777469e-09, 1.912538794e-09, 3.08902525781e-09, 3.78449438454e-10, 8.30848334576e-10, 4.90241125473e-10, 1.28113922249e-10, 1.25396804052e-10, 1.88972101856e-10, 7.61077312283e-11, 3.35558608677e-10, 2.63792404587e-10, 5.78956396713e-11, 4.04283065358e-11, 9.73676278493e-11, 1.54063733993e-10, 6.14388886988e-11, 7.06384048477e-11, 4.51074524954e-11, 3.83263351611e-11, 2.75422289142e-11, 2.74153477697e-11, 9.90451210631e-12, 1.30152486011e-11, 3.27186932061e-12, 4.49663049851e-12, 4.13896998272e-12, 2.21639937306e-12, 1.37721106221e-12, 9.59959000311e-13, 2.00616907526e-13, 6.45108857826e-13, 1.21023200142e-13],
        "var": [1.3781547068e-06, 3.38205427397e-06, 8.2004567048e-07, 3.4009826777e-07, 1.37604573069e-07, 8.38453360075e-08, 8.70039684742e-07, 1.36066944378e-06, 4.87990348574e-07, 1.55277078306e-07, 2.0367249931e-07, 7.66450654055e-08, 7.3040183679e-08, 4.88304046087e-08, 4.84643294385e-08, 1.51928141179e-08, 1.33642394928e-08, 5.13759523812e-09, 4.48682202503e-09, 3.76198450169e-09, 1.49064016686e-09, 1.33195865448e-09, 1.25447741084e-09, 4.03370753466e-10, 3.43150952098e-10, 3.30618171729e-10, 1.84659509905e-10, 7.66337618363e-11, 4.38036135142e-11, 7.7566612855e-11, 8.10317021815e-11, 6.56460996673e-11, 5.64094534972e-11, 5.56041844513e-11, 7.85693246574e-11, 3.42382545926e-11, 9.56353139042e-12, 2.93135654639e-12, 1.55942316352e-12, 1.96277523856e-13]
    },
    "mfcc": {
        "mean": [-593.31262207, 112.159339905, -15.3817863464, 26.5998096466, 0.418973863125, 4.7852768898, -4.64198350906, 7.8107790947, -1.72139680386, 9.94751358032, 3.17676186562, 4.04170656204, -4.35517263412],
        "cov": [[2646.41430664, -112.935188293, -126.321136475, -74.6835784912, -163.189651489, 37.7525291443, -1.32359993458, 12.2508096695, -46.2756919861, -0.0168475955725, -5.84286594391, 4.51706504822, 4.22112846375], [-112.935188293, 486.718017578, -153.684631348, -29.8567371368, 41.6638946533, -26.9836063385, 66.1763458252, 58.3156776428, 32.5738449097, 31.2813014984, 13.3512611389, 27.0666675568, 9.79346370697], [-126.321136475, -153.684631348, 266.20425415, 84.9057388306, 55.9763336182, 49.8492546082, -18.6550273895, -10.447142601, 4.6604924202, -15.0897283554, -0.9065066576, -15.5465459824, -3.56764936447], [-74.6835784912, -29.8567371368, 84.9057388306, 188.973831177, 104.107971191, -6.52324581146, -68.4491500854, -39.9382858276, 17.0640296936, 24.0500354767, -2.55960440636, -11.7142934799, 9.12317371368], [-163.189651489, 41.6638946533, 55.9763336182, 104.107971191, 168.313796997, 5.89558839798, -57.2666320801, -42.5348243713, 18.5993671417, 30.15117836, 6.69074821472, 5.32300424576, 27.0170822144], [37.7525291443, -26.9836063385, 49.8492546082, -6.52324581146, 5.89558839798, 99.3451766968, 58.6361198425, 15.83568573, -2.05591249466, -14.5754861832, 3.36142492294, -5.90922451019, -19.7341308594], [-1.32359993458, 66.1763458252, -18.6550273895, -68.4491500854, -57.2666320801, 58.6361198425, 157.681777954, 67.2276000977, 4.25744247437, -24.7263412476, 4.57048559189, -1.51616489887, -32.2737770081], [12.2508096695, 58.3156776428, -10.447142601, -39.9382858276, -42.5348243713, 15.83568573, 67.2276000977, 95.6645507812, 24.411655426, -7.37777805328, -6.56334257126, 1.36880540848, -12.0794677734], [-46.2756919861, 32.5738449097, 4.6604924202, 17.0640296936, 18.5993671417, -2.05591249466, 4.25744247437, 24.411655426, 70.8781890869, 26.5059680939, 3.34244084358, -3.33296585083, -0.680226743221], [-0.0168475955725, 31.2813014984, -15.0897283554, 24.0500354767, 30.15117836, -14.5754861832, -24.7263412476, -7.37777805328, 26.5059680939, 62.0918426514, 16.0921897888, 9.32824516296, 8.53509140015], [-5.84286594391, 13.3512611389, -0.9065066576, -2.55960440636, 6.69074821472, 3.36142492294, 4.57048559189, -6.56334257126, 3.34244084358, 16.0921897888, 47.4433288574, 20.915102005, 2.30043506622], [4.51706504822, 27.0666675568, -15.5465459824, -11.7142934799, 5.32300424576, -5.90922451019, -1.51616489887, 1.36880540848, -3.33296585083, 9.32824516296, 20.915102005, 50.4537849426, 24.1365432739], [4.22112846375, 9.79346370697, -3.56764936447, 9.12317371368, 27.0170822144, -19.7341308594, -32.2737770081, -12.0794677734, -0.680226743221, 8.53509140015, 2.30043506622, 24.1365432739, 63.9162063599]],
