{
"lowlevel": {
    "average_loudness": 0.94108992815,
    "barkbands_crest": {
        "dmean": 3.41934680939,
        "dmean2": 5.55508422852,
        "dvar": 9.07003307343,
        "dvar2": 21.9374084473,
        "max": 24.3862266541,
        "mean": 8.57126140594,
        "median": 7.31673145294,
        "min": 2.11923241615,
        "var": 20.3702583313
    },
    "barkbands_flatness_db": {
        "dmean": 0.0248086415231,
        "dmean2": 0.0382157191634,
        "dvar": 0.000414336565882,
        "dvar2": 0.000912973075174,
        "max": 0.274250209332,
        "mean": 0.130699977279,
        "median": 0.123067595065,
        "min": 0.0707033574581,
        "var": 0.00129242974799
    },
    "barkbands_kurtosis": {
        "dmean": 1.70493376255,
        "dmean2": 2.82896137238,
        "dvar": 8.11986732483,
        "dvar2": 20.3995361328,
        "max": 29.2775764465,
        "mean": 0.896261394024,
        "median": -0.239585161209,
        "min": -1.77470731735,
        "var": 12.3470506668
    },
    "barkbands_skewness": {
        "dmean": 0.565690755844,
        "dmean2": 0.889060258865,
        "dvar": 0.272094786167,
        "dvar2": 0.701990425587,
        "max": 4.83491945267,
        "mean": 0.694864094257,
        "median": 0.590217888355,
        "min": -2.042137146,
        "var": 0.880151748657
    },
    "barkbands_spread": {
        "dmean": 9.86834335327,
        "dmean2": 15.2163953781,
        "dvar": 74.942779541,
        "dvar2": 165.334091187,
        "max": 85.3928909302,
        "mean": 31.7952594757,
        "median": 30.9349632263,
        "min": 3.29330921173,
        "var": 193.605834961
    },
    "dissonance": {
        "dmean": 0.015467918478,
        "dmean2": 0.0251385495067,
        "dvar": 0.000242572859861,
        "dvar2": 0.000596208265051,
        "max": 0.500000059605,
        "mean": 0.476124107838,
        "median": 0.482054740191,
        "min": 0.358186006546,
        "var": 0.00046028100769
    },
    "dynamic_complexity": 2.36839556694,
    "erbbands_crest": {
        "dmean": 3.17814230919,
        "dmean2": 5.08011770248,
        "dvar": 11.3417844772,
        "dvar2": 23.4246864319,
        "max": 30.1690139771,
        "mean": 7.75167560577,
        "median": 6.05160713196,
        "min": 2.41080069542,
        "var": 24.5478172302
    },
    "erbbands_flatness_db": {
        "dmean": 0.0213335864246,
        "dmean2": 0.0320602320135,
        "dvar": 0.000334497948643,
        "dvar2": 0.000704798905645,
        "max": 0.32701843977,
        "mean": 0.18488098681,
        "median": 0.179314672947,
        "min": 0.11559215188,
        "var": 0.00113603286445
    },
    "erbbands_kurtosis": {
        "dmean": 1.03591823578,
        "dmean2": 1.71502554417,
        "dvar": 3.18593335152,
        "dvar2": 7.69585704803,
        "max": 21.270236969,
        "mean": -0.0632639303803,
        "median": -0.534047603607,
        "min": -1.63126945496,
        "var": 3.41048645973
    },
    "erbbands_skewness": {
        "dmean": 0.530717849731,
        "dmean2": 0.800760626793,
        "dvar": 0.23817037046,
        "dvar2": 0.496128469706,
        "max": 4.23828983307,
        "mean": 0.158296510577,
        "median": 0.0940499976277,
        "min": -2.69872331619,
        "var": 0.593060672283
    },
    "erbbands_spread": {
        "dmean": 9.90623092651,
        "dmean2": 15.3566236496,
        "dvar": 81.9616546631,
        "dvar2": 202.396484375,
        "max": 97.6725082397,
        "mean": 38.7816772461,
        "median": 36.6416702271,
        "min": 6.56807756424,
        "var": 218.769515991
    },
    "hfc": {
        "dmean": 13.3126907349,
        "dmean2": 19.3680095673,
        "dvar": 212.405136108,
        "dvar2": 425.690643311,
        "max": 117.301612854,
        "mean": 25.516160965,
        "median": 19.557390213,
        "min": 0.619622349739,
        "var": 461.872497559
    },
    "melbands_crest": {
        "dmean": 3.86491417885,
        "dmean2": 6.31545972824,
        "dvar": 11.0891809464,
        "dvar2": 26.8277645111,
        "max": 32.500629425,
        "mean": 11.8528585434,
        "median": 10.8903226852,
        "min": 2.50431084633,
        "var": 27.5233230591
    },
    "melbands_flatness_db": {
        "dmean": 0.0317120887339,
        "dmean2": 0.0472266227007,
        "dvar": 0.000754945736844,
        "dvar2": 0.00155369506683,
        "max": 0.308621793985,
        "mean": 0.125039607286,
        "median": 0.117135867476,
        "min": 0.0244961399585,
        "var": 0.00310815055855
    },
    "melbands_kurtosis": {
        "dmean": 4.63987398148,
        "dmean2": 7.89914417267,
        "dvar": 68.9568099976,
        "dvar2": 207.744766235,
        "max": 86.9498748779,
        "mean": 6.01169490814,
        "median": 2.88059473038,
        "min": -1.57760357857,
        "var": 99.7526397705
    },
    "melbands_skewness": {
        "dmean": 0.742347955704,
        "dmean2": 1.21846485138,
        "dvar": 0.548518657684,
        "dvar2": 1.61180412769,
        "max": 7.69134473801,
        "mean": 1.77123081684,
        "median": 1.54235684872,
        "min": -0.668804824352,
        "var": 1.45530700684
    },
    "melbands_spread": {
        "dmean": 16.028213501,
        "dmean2": 25.1264057159,
        "dvar": 324.50769043,
        "dvar2": 785.289978027,
        "max": 168.086212158,
        "mean": 42.6802520752,
        "median": 37.4148902893,
        "min": 3.34323954582,
        "var": 686.819763184
    },
    "pitch_salience": {
        "dmean": 0.0849368423223,
        "dmean2": 0.136707007885,
        "dvar": 0.00509180407971,
        "dvar2": 0.0121331233531,
        "max": 0.820063948631,
        "mean": 0.598210930824,
        "median": 0.610374927521,
        "min": 0.245216399431,
        "var": 0.0126326074824
    },
    "silence_rate_20dB": {
        "dmean": 0,
        "dmean2": 0,
        "dvar": 0,
        "dvar2": 0,
        "max": 1,
        "mean": 1,
        "median": 1,
        "min": 1,
        "var": 0
    },
    "silence_rate_30dB": {
        "dmean": 0.00155038759112,
        "dmean2": 0.00310318078846,
        "dvar": 0.00154796545394,
        "dvar2": 0.00464505329728,
        "max": 1,
        "mean": 0.999225378036,
        "median": 1,
        "min": 0,
        "var": 0.000773989595473
    },
    "silence_rate_60dB": {
        "dmean": 0.0542635656893,
        "dmean2": 0.108611322939,
        "dvar": 0.0513191148639,
        "dvar2": 0.10146933794,
        "max": 1,
        "mean": 0.0852052643895,
        "median": 0,
        "min": 0,
        "var": 0.0779456868768
    },
    "spectral_centroid": {
        "dmean": 448.023742676,
        "dmean2": 642.406311035,
        "dvar": 162673.796875,
        "dvar2": 324787.875,
        "max": 4196.84863281,
        "mean": 2118.78662109,
        "median": 2072.14111328,
        "min": 462.401123047,
        "var": 548600.4375
    },
    "spectral_complexity": {
        "dmean": 8.41007709503,
        "dmean2": 11.6346006393,
        "dvar": 59.1209526062,
        "dvar2": 80.0411300659,
        "max": 66,
        "mean": 24.6545314789,
        "median": 24,
        "min": 0,
        "var": 197.79095459
    },
    "spectral_decrease": {
        "dmean": 2.45085551853e-09,
        "dmean2": 3.74686504045e-09,
        "dvar": 7.71207120299e-18,
        "dvar2": 1.67866246801e-17,
        "max": -7.58010876289e-11,
        "mean": -4.79862771741e-09,
        "median": -3.82868137194e-09,
        "min": -3.16799244615e-08,
        "var": 1.64064706686e-17
    },
    "spectral_energy": {
        "dmean": 0.0101095233113,
        "dmean2": 0.0154264522716,
        "dvar": 0.000123518548207,
        "dvar2": 0.000259463035036,
        "max": 0.124700292945,
        "mean": 0.0204255264252,
        "median": 0.0169103331864,
        "min": 0.000342292449204,
        "var": 0.000268325384241
    },
    "spectral_energyband_high": {
        "dmean": 0.00138223927934,
        "dmean2": 0.00204965937883,
        "dvar": 3.83873066312e-06,
        "dvar2": 9.04153694137e-06,
        "max": 0.0171313341707,
        "mean": 0.00202953163534,
        "median": 0.000910628645215,
        "min": 1.74179203896e-05,
        "var": 6.19719003225e-06
    },
    "spectral_energyband_low": {
        "dmean": 0.00351960933767,
        "dmean2": 0.00616437662393,
        "dvar": 4.16404473071e-05,
        "dvar2": 0.000125830440084,
        "max": 0.0707638710737,
        "mean": 0.0048401192762,
        "median": 0.00261170044541,
        "min": 9.6859344012e-07,
        "var": 5.31401165063e-05
    },
    "spectral_energyband_middle_high": {
        "dmean": 0.00246014469303,
        "dmean2": 0.00372601370327,
        "dvar": 7.61933051763e-06,
        "dvar2": 1.64982011484e-05,
        "max": 0.0255639646202,
        "mean": 0.00489763636142,
        "median": 0.00413361750543,
        "min": 0.000238768785493,
        "var": 1.33858275149e-05
    },
    "spectral_energyband_middle_low": {
        "dmean": 0.0060832570307,
        "dmean2": 0.00896163564175,
        "dvar": 6.44009996904e-05,
        "dvar2": 0.000134580739541,
        "max": 0.112589463592,
        "mean": 0.00904246699065,
        "median": 0.00471659237519,
        "min": 2.29399465752e-05,
        "var": 0.000116657967737
    },
    "spectral_entropy": {
        "dmean": 0.138018414378,
        "dmean2": 0.202756330371,
        "dvar": 0.014257080853,
        "dvar2": 0.0297322720289,
        "max": 8.39157867432,
        "mean": 7.93891477585,
        "median": 7.96344423294,
        "min": 7.02456903458,
        "var": 0.0509730130434
    },
    "spectral_flux": {
        "dmean": 0.027918079868,
        "dmean2": 0.0443672686815,
        "dvar": 0.000724095501937,
        "dvar2": 0.00159098219592,
        "max": 0.285324424505,
        "mean": 0.0962743386626,
        "median": 0.0925254747272,
        "min": 0.0122922593728,
        "var": 0.0017696734285
    },
    "spectral_kurtosis": {
        "dmean": 1.0851598978,
        "dmean2": 1.88448250294,
        "dvar": 1.23583173752,
        "dvar2": 3.64465403557,
        "max": 13.5082149506,
        "mean": 1.61486506462,
        "median": 1.31133556366,
        "min": -0.627790927887,
        "var": 2.0593354702
    },
    "spectral_rms": {
        "dmean": 0.0010890532285,
        "dmean2": 0.00163183291443,
        "dvar": 1.0349783679e-06,
        "dvar2": 1.81407642685e-06,
        "max": 0.0110299056396,
        "mean": 0.00409794133157,
        "median": 0.00406175898388,
        "min": 0.000577878730837,
        "var": 3.13422356157e-06
    },
    "spectral_rolloff": {
        "dmean": 1011.46044922,
        "dmean2": 1586.82678223,
        "dvar": 1319782.25,
        "dvar2": 3042113.5,
        "max": 7902.68554688,
        "mean": 2754.18139648,
        "median": 2390.18554688,
        "min": 107.666015625,
        "var": 2828684
    },
    "spectral_skewness": {
        "dmean": 0.207751184702,
        "dmean2": 0.322860985994,
        "dvar": 0.0309725999832,
        "dvar2": 0.0741381198168,
        "max": 3.04211091995,
        "mean": 0.836997568607,
        "median": 0.83941257,
        "min": 0.0500946678221,
        "var": 0.0897641703486
    },
    "spectral_spread": {
        "dmean": 396052.5625,
        "dmean2": 587531.25,
        "dvar": 123481415680,
        "dvar2": 243887882240,
        "max": 7933301.5,
        "mean": 4016287.5,
        "median": 3884621,
        "min": 2563161.5,
        "var": 479317491712
    },
    "spectral_strongpeak": {
        "dmean": 0.629599869251,
        "dmean2": 1.04338800907,
        "dvar": 0.444505274296,
        "dvar2": 1.03127360344,
        "max": 5.48825740814,
        "mean": 0.848225295544,
        "median": 0.410906106234,
        "min": 0,
        "var": 0.826797366142
    },
    "zerocrossingrate": {
        "dmean": 0.0188658256084,
        "dmean2": 0.0212896689773,
        "dvar": 0.000261878769379,
        "dvar2": 0.000355566531653,
        "max": 0.2158203125,
        "mean": 0.0901380032301,
        "median": 0.0849609375,
        "min": 0.0146484375,
        "var": 0.0015539691085
    },
    "barkbands": {
        "dmean": [7.10551903467e-05, 0.00257723242976, 0.000978230615146, 0.00058113608975, 0.00109973968938, 0.00256317714229, 0.000802866241429, 0.0016232621856, 0.00175342557486, 0.000434681016486, 0.000556023034733, 0.00069323804928, 0.000390527682612, 0.000316903286148, 0.000327826157445, 0.000298604107229, 0.000247872172622, 0.00027480951394, 0.000340033235261, 0.000361681799404, 0.00053845369257, 0.00036428970634, 0.000263003079453, 0.000150367530296, 2.38200082094e-05, 2.20176890053e-08, 2.98385405273e-09],
        "dmean2": [0.000124887126731, 0.00446342118084, 0.00174979516305, 0.000941395875998, 0.00172579125501, 0.00385899585672, 0.00119815871585, 0.00268087652512, 0.00279453699477, 0.000696600065567, 0.000986689701676, 0.00124554208014, 0.000664619205054, 0.000543111411389, 0.000564646092243, 0.000503848888911, 0.000389190507121, 0.000446808669949, 0.000495626300108, 0.000529039592948, 0.000805181276519, 0.000539279775694, 0.000405490078265, 0.000231559883105, 3.63754516002e-05, 3.38826460222e-08, 4.02074151751e-09],
        "dvar": [1.30586954583e-08, 1.91772760445e-05, 7.099479717e-06, 2.56752377936e-06, 4.54154996987e-06, 2.91358137474e-05, 5.25006771568e-06, 1.68899168784e-05, 1.00229381133e-05, 8.08532774954e-07, 1.75174920969e-06, 1.81827397228e-06, 2.89733605996e-07, 1.87295114529e-07, 1.61523161069e-07, 1.4734084175e-07, 8.61255244899e-08, 1.21943287468e-07, 1.77984034622e-07, 2.37772923128e-07, 5.91650746173e-07, 3.34717640271e-07, 1.98501567183e-07, 8.39379055151e-08, 2.18594276014e-09, 3.65152854243e-15, 2.65181896522e-15],
        "dvar2": [3.53218183591e-08, 5.38836102351e-05, 2.21244463319e-05, 6.27164536127e-06, 9.75822422333e-06, 6.47430279059e-05, 1.08937838377e-05, 4.33246968896e-05, 2.10652106034e-05, 1.87732860013e-06, 4.95089534525e-06, 5.16490308655e-06, 8.03376906333e-07, 5.09794176651e-07, 4.51567728987e-07, 4.22623685381e-07, 1.93659886349e-07, 2.8524536333e-07, 3.69117259424e-07, 4.58311404827e-07, 1.43133672736e-06, 8.2889823716e-07, 5.10740051141e-07, 2.01509664066e-07, 5.17873388617e-09, 6.50097109391e-15, 2.74470248064e-15],
        "max": [0.00118845724501, 0.0452787019312, 0.0246253833175, 0.0201467145234, 0.0253706797957, 0.0833876058459, 0.023931376636, 0.0434793680906, 0.0279764533043, 0.0189532916993, 0.0203333962709, 0.0136034917086, 0.00472953682765, 0.00585261080414, 0.00320573616773, 0.00293079880066, 0.00213513942435, 0.00294541264884, 0.00337120634504, 0.00403122976422, 0.00546385999769, 0.0053010256961, 0.00457816151902, 0.0027932357043, 0.00054082920542, 1.3622542383e-06, 1.71926114945e-06],
        "mean": [6.6957953095e-05, 0.00343265733682, 0.00104504066985, 0.000556578801479, 0.00132694735657, 0.00259056081995, 0.000781441282015, 0.00152348191477, 0.00206526578404, 0.000585178553592, 0.000552620214876, 0.000698431336787, 0.000444730569143, 0.000380375015084, 0.000409760890761, 0.000392310437746, 0.000347222550772, 0.000406511157053, 0.000491698097903, 0.000559684587643, 0.000681155768689, 0.000508847879246, 0.000344662810676, 0.00020412079175, 2.92567674478e-05, 2.45136053678e-08, 2.63812904855e-09],
        "median": [3.38380341418e-05, 0.0017337014433, 0.000412866909755, 0.000158129449119, 0.000416187453084, 0.000569059979171, 0.000123592253658, 0.000143404686241, 0.000668033375405, 0.000354308227543, 0.000263521535089, 0.000334380252752, 0.000244863535045, 0.000224229195737, 0.000258990796283, 0.000260113418335, 0.000227434837143, 0.000281547545455, 0.000298459955957, 0.000304181390675, 0.00025993026793, 0.000224544812227, 0.000145693091326, 9.95448499452e-05, 1.22629180623e-05, 9.64328528141e-09, 2.27875898706e-10],
        "min": [2.06379482393e-08, 1.4256856673e-07, 1.20170131623e-08, 2.30685355262e-08, 9.68302060755e-08, 4.43586458232e-07, 1.24442067317e-06, 2.52771059195e-07, 4.54095970781e-06, 1.78112131834e-05, 1.28532410599e-05, 1.81388804776e-05, 1.06392044472e-05, 1.07299520096e-05, 1.50174137161e-05, 9.08105175768e-06, 8.56043425301e-06, 1.2182901628e-05, 8.47277260618e-06, 7.26677444618e-06, 3.8387852328e-06, 2.29215743275e-06, 2.10858752325e-06, 1.3815820239e-06, 1.75758430032e-07, 1.28388480403e-10, 1.28257075099e-11],
        "var": [1.13750617814e-08, 2.44260245381e-05, 6.18110652795e-06, 2.38963025367e-06, 7.00658711139e-06, 3.40503793268e-05, 6.37659923086e-06, 1.71256961039e-05, 1.67484195117e-05, 9.71678332462e-07, 1.17008630696e-06, 1.37236997944e-06, 2.77610610055e-07, 2.03233014417e-07, 1.81160359602e-07, 1.72266808818e-07, 1.26115182297e-07, 1.83286559263e-07, 2.94323655226e-07, 4.62232861764e-07, 8.78146295236e-07, 4.51783279232e-07, 2.3873096211e-07, 9.78794147954e-08, 2.49690734755e-09, 3.62460602372e-15, 2.64491861132e-15]
    },
    "erbbands": {
        "dmean": [0.0498458147049, 0.667937934399, 1.26477718353, 1.50851857662, 2.47168564796, 3.29035425186, 17.9208488464, 17.0989341736, 9.39346599579, 20.1312179565, 40.0546455383, 40.3890037537, 18.9689788818, 19.6942615509, 18.2078285217, 23.4557151794, 17.7160816193, 16.5437431335, 13.5654993057, 14.9623060226, 16.4134635925, 14.0371847153, 14.6988067627, 16.7726593018, 16.6221752167, 17.1012458801, 20.223482132, 18.873664856, 13.6115808487, 9.17378520966, 7.14159631729, 4.30177545547, 2.05854058266, 0.55910807848, 0.0293109100312, 0.00142752251122, 0.000109982960566, 2.17749384319e-05, 1.05562303361e-05, 1.3736256733e-05],
        "dmean2": [0.0861625820398, 1.15426468849, 2.19063806534, 2.59982538223, 3.96358418465, 5.18473529816, 26.770658493, 25.9064445496, 14.421875, 30.3345890045, 64.32837677, 62.0907249451, 29.9681987762, 34.0876121521, 31.5930309296, 41.8491172791, 30.0784683228, 28.4725170135, 22.7035903931, 24.9041614532, 27.3704490662, 22.1225547791, 23.3347167969, 24.4130382538, 23.7473945618, 25.1743831635, 30.2493629456, 28.2545223236, 20.1286220551, 14.0582513809, 10.8679742813, 6.60794067383, 3.18397855759, 0.847237586975, 0.0447782725096, 0.00215696776286, 0.000160094175953, 3.13963864755e-05, 1.54426325025e-05, 2.06947879633e-05],
        "dvar": [0.00777349481359, 1.31865501404, 9.08266067505, 18.3075218201, 29.754108429, 36.036441803, 2315.04199219, 1170.37805176, 545.619628906, 3466.76855469, 7503.21728516, 7819.73779297, 999.083618164, 1995.46118164, 792.829223633, 1781.84667969, 612.761962891, 568.743408203, 300.000091553, 339.819519043, 501.427185059, 284.198730469, 334.913482666, 403.328186035, 425.036468506, 574.600891113, 860.09173584, 800.997253418, 448.598144531, 176.584976196, 159.719284058, 73.4077072144, 18.7422428131, 1.42753279209, 0.00478356704116, 1.08213043859e-05, 4.99129271248e-08, 2.15919793156e-09, 1.92087595829e-10, 1.98098856763e-10],
        "dvar2": [0.0215669423342, 3.6803920269, 27.2374172211, 50.2643661499, 69.504524231, 81.9555587769, 5092.86669922, 2710.68847656, 1213.51452637, 6936.74414062, 19081.7246094, 14639.6816406, 2537.5871582, 5483.54492188, 2218.24682617, 5033.32470703, 1684.81628418, 1558.08813477, 788.991882324, 929.038879395, 1472.15209961, 653.938964844, 760.773071289, 795.14831543, 827.944824219, 1136.74633789, 1989.13659668, 1990.64880371, 1104.14343262, 429.321472168, 409.730010986, 188.026977539, 45.3304100037, 3.48009753227, 0.0114679299295, 2.58957788901e-05, 1.10607800252e-07, 3.88795262651e-09, 3.66554064879e-10, 3.9696604337e-10],
        "max": [0.666554033756, 12.3371229172, 32.3144989014, 50.7717475891, 55.9176330566, 74.715461731, 866.085266113, 367.023956299, 231.680435181, 682.38092041, 1026.91064453, 854.540527344, 373.962036133, 672.315612793, 266.115264893, 422.14855957, 216.064331055, 338.663604736, 287.56149292, 138.976928711, 185.552520752, 147.688720703, 166.090148926, 179.902938843, 184.592910767, 210.391769409, 195.169082642, 260.92868042, 200.979660034, 119.738960266, 131.991333008, 103.079650879, 50.9226989746, 13.4319610596, 0.833778917789, 0.0392835438251, 0.00266114715487, 0.00102300173603, 0.000250111886999, 0.000145112979226],
        "mean": [0.0627975687385, 0.880337119102, 1.51221728325, 1.60381495953, 2.77246451378, 3.90612483025, 18.2830467224, 17.3268356323, 9.9802646637, 19.849691391, 39.3989105225, 47.4703063965, 27.2864303589, 21.860168457, 22.0494022369, 25.604133606, 21.037273407, 20.305431366, 19.1167526245, 20.877286911, 22.3617248535, 20.6694641113, 22.1179008484, 25.3368625641, 25.2010860443, 25.8633575439, 26.2212562561, 25.351442337, 19.2113189697, 12.8962163925, 9.36958408356, 5.63343238831, 2.7387008667, 0.706119716167, 0.0324055589736, 0.00166105024982, 0.000150201158249, 3.17100821121e-05, 1.99458081624e-05, 2.83639710688e-05],
        "median": [0.0286618676037, 0.45121628046, 0.737187564373, 0.546375632286, 0.699207484722, 1.40388524532, 2.83019709587, 3.99997425079, 2.54456686974, 2.37077116966, 5.99054718018, 15.0323696136, 13.0913829803, 11.6564970016, 13.053027153, 13.8044929504, 13.0079622269, 13.170794487, 13.9660129547, 14.8978118896, 15.0701122284, 14.2131204605, 15.4275627136, 15.5276603699, 15.1414012909, 13.0432682037, 11.414513588, 10.0740976334, 8.55576992035, 5.91814851761, 3.87954330444, 2.7187538147, 1.25170147419, 0.295262038708, 0.0104344738647, 0.00062480813358, 7.06729915692e-05, 1.56279311341e-05, 1.5359295503e-05, 2.37637286773e-05],
        "min": [1.56939440785e-05, 1.70387102116e-05, 4.04989732488e-05, 0.00012059466826, 0.000117078241601, 0.000474194763228, 0.00241336878389, 0.00380938802846, 0.0104882316664, 0.0199813991785, 0.0329592190683, 0.118687100708, 0.559766352177, 0.506665468216, 0.841610133648, 0.810087800026, 0.620404601097, 0.504149079323, 0.614652574062, 0.702867507935, 0.473953604698, 0.644699633121, 0.683233439922, 0.574487745762, 0.41329869628, 0.269769698381, 0.245383426547, 0.126384362578, 0.0926071852446, 0.0677855312824, 0.0604481063783, 0.0334825664759, 0.02103452757, 0.00457560177892, 0.000138746094308, 8.79369690665e-06, 1.39865755955e-06, 3.97297498012e-07, 3.17115109283e-07, 4.87451529807e-07],
        "var": [0.0092825172469, 1.67052829266, 9.0736579895, 17.4305744171, 39.8951301575, 51.2246551514, 2735.43017578, 1287.37231445, 608.224365234, 4434.23730469, 8266.58398438, 13258.6660156, 1514.9375, 1534.93322754, 734.447998047, 1423.17346191, 583.583435059, 578.709533691, 354.669128418, 392.568878174, 586.565490723, 413.664154053, 524.860473633, 738.665039062, 788.94140625, 1052.72424316, 1276.84631348, 1152.26257324, 613.689880371, 259.496734619, 190.832901001, 78.2599563599, 20.5088558197, 1.51553285122, 0.00482715759426, 1.11711124191e-05, 5.78578784882e-08, 2.56505150453e-09, 3.28479632383e-10, 4.57065024717e-10]
    },
    "gfcc": {
        "mean": [-13.2591848373, 94.0068893433, -172.185653687, 65.0240478516, -82.9144363403, 29.4922714233, -23.5985946655, 2.08986449242, -2.60430884361, -15.6128501892, 7.082695961, -14.8346834183, 9.05864810944],
        "cov": [[4259.28320312, 318.38104248, 1023.62451172, 675.76348877, -217.404220581, -158.059188843, -279.347106934, -150.616271973, -10.931687355, 116.06716156, -127.745079041, -57.033164978, -118.409133911], [318.38104248, 892.036437988, 370.690490723, 79.1376876831, 254.154067993, -70.2839584351, -19.9407978058, -82.4547576904, 82.7660522461, -42.5243034363, 42.2230758667, -60.8307647705, 18.5951213837], [1023.62451172, 370.690490723, 654.127624512, 314.472351074, 69.3714294434, 15.3853912354, -92.9798660278, -77.2793121338, -15.1046705246, 17.256521225, -22.8404521942, -6.0809674263, -1.14074575901], [675.76348877, 79.1376876831, 314.472351074, 295.80178833, 70.8084411621, 19.4809455872, -51.1908378601, -57.7754554749, -33.1301040649, 6.89652585983, -21.7006645203, 1.71010935307, -2.47639870644], [-217.404220581, 254.154067993, 69.3714294434, 70.8084411621, 234.383041382, 67.4819030762, 29.4236564636, -13.2219524384, 4.13271093369, -33.9000053406, 6.94889688492, -26.0573921204, 12.2292518616], [-158.059188843, -70.2839584351, 15.3853912354, 19.4809455872, 67.4819030762, 161.563995361, 64.6234588623, 36.6252174377, -14.739525795, -14.4746379852, -20.9524593353, 10.1511135101, -1.18139111996], [-279.347106934, -19.9407978058, -92.9798660278, -51.1908378601, 29.4236564636, 64.6234588623, 131.109786987, 60.819644928, 37.9437179565, -13.1230487823, 10.1862010956, 3.32972311974, 7.62847471237], [-150.616271973, -82.4547576904, -77.2793121338, -57.7754554749, -13.2219524384, 36.6252174377, 60.819644928, 88.4356689453, 39.7613296509, 15.3385572433, -8.90886974335, -7.9709777832, -10.1136283875], [-10.931687355, 82.7660522461, -15.1046705246, -33.1301040649, 4.13271093369, -14.739525795, 37.9437179565, 39.7613296509, 96.0939254761, 33.3206329346, 22.2593173981, -8.24785327911, -3.99382162094], [116.06716156, -42.5243034363, 17.256521225, 6.89652585983, -33.9000053406, -14.4746379852, -13.1230487823, 15.3385572433, 33.3206329346, 63.0576629639, 25.9890651703, 12.7823457718, -2.91719913483], [-127.745079041, 42.2230758667, -22.8404521942, -21.7006645203, 6.94889688492, -20.9524593353, 10.1862010956, -8.90886974335, 22.2593173981, 25.9890651703, 73.1024780273, 48.1503295898, 33.1132774353], [-57.033164978, -60.8307647705, -6.0809674263, 1.71010935307, -26.0573921204, 10.1511135101, 3.32972311974, -7.9709777832, -8.24785327911, 12.7823457718, 48.1503295898, 84.6826934814, 51.9900245667], [-118.409133911, 18.5951213837, -1.14074575901, -2.47639870644, 12.2292518616, -1.18139111996, 7.62847471237, -10.1136283875, -3.99382162094, -2.91719913483, 33.1132774353, 51.9900245667, 67.5492172241]],
        "icov": [[0.00080815772526, -0.00114798708819, 0.00030200346373, -0.00212406506762, 0.00209317542613, -0.000179075082997, 0.000195833315956, -0.000235040744883, 0.000396526680561, -0.00168051663786, 0.00190622010268, -0.000980318756774, 0.000991440028884], [-0.00114798708819, 0.00943218544126, -0.00703999120742, 0.00887185242027, -0.0106159793213, 0.00531435385346, -0.00139395834412, 0.00509666791186, -0.00788625981659, 0.00938028655946, -0.00697126472369, 0.00486959563568, -0.00185883860104], [0.00030200346373, -0.00703999120742, 0.00928522553295, -0.00945297535509, 0.00799035187811, -0.00594402616844, 0.00320938043296, -0.00344025134109, 0.00423744879663, -0.00573512306437, 0.00341490423307, -0.00155419751536, -0.000625394866802], [-0.00212406506762, 0.00887185242027, -0.00945297535509, 0.0194567348808, -0.0152403088287, 0.00669111870229, -0.00454749818891, 0.00823687203228, -0.00380080635659, 0.00305931083858, 6.51338632451e-05, -0.00161552720238, 0.000129894018755], [0.00209317542613, -0.0106159793213, 0.00799035187811, -0.0152403088287, 0.0234017781913, -0.0126084471121, 0.004836039152, -0.00592956878245, 0.00520556140691, -0.00240779598244, -0.00371129321866, 0.00795902311802, -0.00382599676959], [-0.000179075082997, 0.00531435385346, -0.00594402616844, 0.00669111870229, -0.0126084471121, 0.0189435835928, -0.00966051593423, 0.0012706866255, 0.00113042164594, -0.00204381300136, 0.0101258018985, -0.0117236245424, 0.00630129501224], [0.000195833315956, -0.00139395834412, 0.00320938043296, -0.00454749818891, 0.004836039152, -0.00966051593423, 0.0215618386865, -0.0116405021399, -0.0064225695096, 0.0129543785006, -0.0123546859249, 0.00682444451377, -0.00362425646745], [-0.000235040744883, 0.00509666791186, -0.00344025134109, 0.00823687203228, -0.00592956878245, 0.0012706866255, -0.0116405021399, 0.0316498167813, -0.0102356905118, -0.0079647814855, 0.011520344764, -0.00221870979294, 0.000688954838552], [0.000396526680561, -0.00788625981659, 0.00423744879663, -0.00380080635659, 0.00520556140691, 0.00113042164594, -0.0064225695096, -0.0102356905118, 0.0292007513344, -0.0188873987645, 0.0027693035081, -0.000991177046672, 0.00138453941327], [-0.00168051663786, 0.00938028655946, -0.00573512306437, 0.00305931083858, -0.00240779598244, -0.00204381300136, 0.0129543785006, -0.0079647814855, -0.0188873987645, 0.0501792132854, -0.0326965674758, 0.0129657443613, -0.000668775930535], [0.00190622010268, -0.00697126472369, 0.00341490423307, 6.51338632451e-05, -0.00371129321866, 0.0101258018985, -0.0123546859249, 0.011520344764, 0.0027693035081, -0.0326965674758, 0.0612140037119, -0.0386381745338, 0.00777199259028], [-0.000980318756774, 0.00486959563568, -0.00155419751536, -0.00161552720238, 0.00795902311802, -0.0117236245424, 0.00682444451377, -0.00221870979294, -0.000991177046672, 0.0129657443613, -0.0386381745338, 0.0560074411333, -0.0295578856021], [0.000991440028884, -0.00185883860104, -0.000625394866802, 0.000129894018755, -0.00382599676959, 0.00630129501224, -0.00362425646745, 0.000688954838552, 0.00138453941327, -0.000668775930535, 0.00777199259028, -0.0295578856021, 0.0373558066785]]
    },
    "melbands": {
        "dmean": [0.000593969947658, 0.000763381656725, 0.000267447379883, 0.000207921810215, 0.000493811443448, 0.000402364559704, 0.000151502608787, 0.000243405404035, 0.00034018306178, 0.000253186270129, 9.12633040571e-05, 7.91950005805e-05, 6.36199038127e-05, 7.51901388867e-05, 5.98188707954e-05, 3.56967721018e-05, 3.10994910251e-05, 2.09219779208e-05, 2.92420681944e-05, 1.84741784324e-05, 1.96673790924e-05, 1.53610508278e-05, 1.27390730995e-05, 1.38772857099e-05, 1.43767301779e-05, 1.24506641441e-05, 1.35768841574e-05, 1.10238825073e-05, 1.31250926643e-05, 1.34277643156e-05, 1.08339509097e-05, 7.87556564319e-06, 7.06990340404e-06, 4.75364095109e-06, 4.111475846e-06, 3.87812906411e-06, 2.2904926027e-06, 1.55725729201e-06, 1.02910473743e-06, 3.10740574605e-07],
        "dmean2": [0.00102579465602, 0.00131827173755, 0.000446778984042, 0.000337721197866, 0.000740984745789, 0.000609867624007, 0.000231632162468, 0.000369702000171, 0.000542992376722, 0.000385572318919, 0.000145886282553, 0.00013614364434, 0.000111375753477, 0.000133775392896, 0.000105057661131, 6.06029934715e-05, 5.39543834748e-05, 3.46070664818e-05, 5.09127203259e-05, 3.05880275846e-05, 3.30365983245e-05, 2.45746268774e-05, 1.9754479581e-05, 2.25268777285e-05, 2.11685091926e-05, 1.85156477528e-05, 1.96587352548e-05, 1.67042271642e-05, 2.04694115382e-05, 1.97068839043e-05, 1.67968410096e-05, 1.18970165204e-05, 1.07228597699e-05, 7.42889506e-06, 6.26733981335e-06, 6.0494257923e-06, 3.51461244463e-06, 2.43884915108e-06, 1.60144190886e-06, 4.7660799396e-07],
        "dvar": [1.02185754258e-06, 2.40695362663e-06, 4.56556705331e-07, 2.02434620178e-07, 1.64244477219e-06, 6.25863492587e-07, 1.37248932219e-07, 4.45245120773e-07, 4.52714402854e-07, 2.98497042195e-07, 2.55816861028e-08, 3.01983291706e-08, 1.49234917757e-08, 3.51933842069e-08, 1.03643786886e-08, 2.60429100507e-09, 2.02767602708e-09, 1.03545816366e-09, 1.58126511884e-09, 5.64104152279e-10, 7.97554577936e-10, 3.72965630602e-10, 2.3044022246e-10, 3.4774896851e-10, 3.12973535976e-10, 2.40566039311e-10, 3.46004086493e-10, 2.51765691628e-10, 4.12873901734e-10, 3.57349455582e-10, 3.78517328592e-10, 1.61733598736e-10, 1.23132767871e-10, 4.75650872855e-11, 4.89459896225e-11, 7.24106608008e-11, 1.84657567015e-11, 1.00965893632e-11, 4.99985122748e-12, 5.20287968524e-13],
        "dvar2": [2.86817635242e-06, 6.99243628333e-06, 1.1913026583e-06, 4.90372599415e-07, 3.59458067578e-06, 1.42786905144e-06, 2.89715529789e-07, 9.29741077016e-07, 1.13137548396e-06, 5.68682821722e-07, 6.29714449474e-08, 8.1576637001e-08, 4.17043573009e-08, 9.99515066269e-08, 3.04213934044e-08, 7.14506853683e-09, 5.58230661696e-09, 2.78154010935e-09, 4.55209203665e-09, 1.50984569292e-09, 2.36040387236e-09, 8.92344143022e-10, 5.27104526693e-10, 8.17784950868e-10, 6.39576724915e-10, 5.0984438893e-10, 6.79584832852e-10, 5.44914002809e-10, 1.01876640457e-09, 8.24832202539e-10, 9.90582393889e-10, 4.06752354021e-10, 3.05439701309e-10, 1.17351670048e-10, 1.21766624561e-10, 1.94456423186e-10, 4.55278210965e-11, 2.41697512698e-11, 1.2884205855e-11, 1.2553353539e-12],
        "max": [0.00963180419058, 0.0175387226045, 0.00799827557057, 0.00465976074338, 0.0227786432952, 0.00823600310832, 0.00353635824285, 0.00839542225003, 0.00734426267445, 0.00558133050799, 0.0021993923001, 0.00250514852814, 0.00173052947503, 0.00201446423307, 0.000832561810967, 0.000547522271518, 0.000571808544919, 0.000638573197648, 0.000341772887623, 0.000183249721886, 0.000237520973315, 0.000173520864337, 0.000146770311403, 0.000137285678647, 0.000162237862241, 0.000130482279928, 0.000183450276381, 0.000151051397552, 0.000123225792777, 0.000155649307999, 0.00020913395565, 0.000125290316646, 9.20229722396e-05, 6.93758265697e-05, 6.40318467049e-05, 9.94690490188e-05, 4.55108602182e-05, 3.58837241947e-05, 2.50797947956e-05, 8.87577334652e-06],
        "mean": [0.000799272500444, 0.000976926530711, 0.000304216169752, 0.000232173275435, 0.000520008150488, 0.000409026513807, 0.000157898160978, 0.000245717761572, 0.000328288209857, 0.000296672049444, 0.000127591265482, 8.5890518676e-05, 7.20553434803e-05, 7.80819464126e-05, 6.08369118709e-05, 4.21273798565e-05, 3.61921338481e-05, 2.79729538306e-05, 3.48251669493e-05, 2.46555118792e-05, 2.55791655945e-05, 2.13330295082e-05, 1.84835625987e-05, 2.01901148102e-05, 2.08360197576e-05, 1.78178652277e-05, 1.98460220417e-05, 1.59649243869e-05, 1.64268130902e-05, 1.62858596013e-05, 1.40513566294e-05, 1.09733082354e-05, 9.26073880692e-06, 6.52559401715e-06, 5.48524212718e-06, 4.6115060286e-06, 3.03480214825e-06, 2.06162417271e-06, 1.27698558572e-06, 3.46128729234e-07],
        "median": [0.0003921330499, 0.000541876535863, 0.000111147521238, 6.78436699673e-05, 9.4045586593e-05, 9.47712978814e-05, 3.47428904206e-05, 2.36819796555e-05, 5.0836300943e-05, 9.17514262255e-05, 6.08324626228e-05, 4.37260969193e-05, 4.12014160247e-05, 3.65594896721e-05, 2.66882689175e-05, 2.19848770939e-05, 2.08721994568e-05, 1.82225066965e-05, 2.03792315006e-05, 1.64606535691e-05, 1.55562265718e-05, 1.37443339554e-05, 1.31577608045e-05, 1.29432801259e-05, 1.22075916806e-05, 1.0577015928e-05, 1.06136258182e-05, 7.7590757428e-06, 7.76929846324e-06, 5.7504535107e-06, 5.66911649003e-06, 5.03662249685e-06, 3.84586155633e-06, 3.02495936921e-06, 2.3507620881e-06, 1.86518832379e-06, 1.537711114e-06, 9.55086306931e-07, 5.35300102911e-07, 1.23308268485e-07],
        "min": [1.38373081882e-07, 1.15642926346e-08, 2.22371099312e-08, 1.89422735275e-08, 9.04202650531e-08, 8.9880884957e-08, 2.15338474163e-07, 2.33290563756e-07, 2.88665859216e-07, 7.89055775385e-07, 2.4159194254e-06, 1.95707775674e-06, 1.83110512353e-06, 3.03031492876e-06, 1.68597398442e-06, 6.19692855253e-07, 8.38523931179e-07, 6.85413795054e-07, 7.54780955958e-07, 7.95815708443e-07, 4.25649631097e-07, 5.42060433872e-07, 6.6742859417e-07, 5.03258604567e-07, 4.30513807714e-07, 2.82325885337e-07, 2.60323503198e-07, 1.20301308471e-07, 1.71592759557e-07, 7.88270639873e-08, 6.63269119627e-08, 4.74741455037e-08, 4.60856632856e-08, 3.57644722726e-08, 2.98387696773e-08, 2.92601178842e-08, 1.89232718384e-08, 1.68675100554e-08, 7.70481367596e-09, 1.41784262109e-09],
        "var": [1.31443835016e-06, 2.71886096925e-06, 5.21377444329e-07, 2.47231980666e-07, 1.98096108761e-06, 7.06979506049e-07, 1.64841736705e-07, 5.77090986553e-07, 5.14230976023e-07, 5.06352478169e-07, 3.68191628297e-08, 2.45918094777e-08, 1.10140634391e-08, 2.59154653293e-08, 8.27865065389e-09, 2.70444000527e-09, 2.01517647014e-09, 1.16512000048e-09, 1.64201818809e-09, 6.46530606829e-10, 9.11773656576e-10, 5.1507759169e-10, 3.42751826921e-10, 5.13997233664e-10, 5.40861910814e-10, 3.83314907593e-10, 6.18160134191e-10, 4.22654494736e-10, 5.32165755907e-10, 5.44300049476e-10, 4.21630785841e-10, 2.03807429267e-10, 1.63735788816e-10, 6.60025645249e-11, 6.24986451481e-11, 6.76911998676e-11, 2.13287894291e-11, 1.13611437966e-11, 4.81352631365e-12, 5.25179888727e-13]
    },
    "mfcc": {
        "mean": [-617.211242676, 80.9663925171, -14.2157201767, 19.5136508942, -10.8943862915, 12.0522413254, 0.928700268269, 12.6578235626, 0.716596961021, 7.82394552231, -2.41852402687, 2.95595359802, -2.23879814148],
        "cov": [[3858.90039062, -87.4449157715, 934.531188965, 575.769348145, 84.4107513428, 55.5386886597, -234.882873535, -218.57623291, -53.8514823914, -66.7245178223, 19.4002838135, 53.8025932312, -87.8748168945], [-87.4449157715, 802.932739258, 116.271308899, 131.076690674, 204.557342529, 38.2809524536, -4.0232925415, -6.02207231522, -3.48247218132, 23.7058105469, 8.15292263031, 6.43991804123, -0.460395663977], [934.531188965, 116.271308899, 565.426818848, 252.483810425, 126.197555542, 92.7060394287, -42.1956291199, -54.0369987488, -26.2473773956, -35.690071106, -4.84874486923, -13.7022857666, -21.4981441498], [575.769348145, 131.076690674, 252.483810425, 270.287872314, 127.971572876, 57.2683372498, -19.6122131348, -50.3004379272, -22.2906780243, -21.7038898468, -14.7109632492, -0.123703964055, -16.6991863251], [84.4107513428, 204.557342529, 126.197555542, 127.971572876, 198.906097412, 89.330871582, 32.418926239, -5.76104307175, 0.0864981859922, -6.30899477005, -6.05647611618, -12.8359651566, -19.7729053497], [55.5386886597, 38.2809524536, 92.7060394287, 57.2683372498, 89.330871582, 116.730628967, 55.8213920593, 33.6645050049, 9.91558074951, -4.80504703522, -5.22380828857, -10.4264450073, -17.1945114136], [-234.882873535, -4.0232925415, -42.1956291199, -19.6122131348, 32.418926239, 55.8213920593, 98.9225921631, 60.3997650146, 25.1180286407, 3.32319903374, -4.83132600784, -15.9828624725, -6.19196462631], [-218.57623291, -6.02207231522, -54.0369987488, -50.3004379272, -5.76104307175, 33.6645050049, 60.3997650146, 95.3818893433, 45.6127319336, 18.3661556244, 5.48318481445, -4.37339830399, -1.00374042988], [-53.8514823914, -3.48247218132, -26.2473773956, -22.2906780243, 0.0864981859922, 9.91558074951, 25.1180286407, 45.6127319336, 65.689666748, 40.7512588501, 22.087726593, 5.08353900909, -3.95734167099], [-66.7245178223, 23.7058105469, -35.690071106, -21.7038898468, -6.30899477005, -4.80504703522, 3.32319903374, 18.3661556244, 40.7512588501, 65.7416534424, 37.0725517273, 16.6533222198, 1.9443334341], [19.4002838135, 8.15292263031, -4.84874486923, -14.7109632492, -6.05647611618, -5.22380828857, -4.83132600784, 5.48318481445, 22.087726593, 37.0725517273, 56.3334312439, 27.7467651367, 5.89161729813], [53.8025932312, 6.43991804123, -13.7022857666, -0.123703964055, -12.8359651566, -10.4264450073, -15.9828624725, -4.37339830399, 5.08353900909, 16.6533222198, 27.7467651367, 56.4310073853, 25.8006420135], [-87.8748168945, -0.460395663977, -21.4981441498, -16.6991863251, -19.7729053497, -17.1945114136, -6.19196462631, -1.00374042988, -3.95734167099, 1.9443334341, 5.89161729813, 25.8006420135, 55.7627677917]],
