{
"lowlevel": {
    "average_loudness": 0.95173150301,
    "barkbands_crest": {
        "dmean": 3.2732667923,
        "dmean2": 5.28067398071,
        "dvar": 8.5708026886,
        "dvar2": 22.0143280029,
        "max": 26.7161331177,
        "mean": 11.0735759735,
        "median": 10.324514389,
        "min": 2.37554574013,
        "var": 21.7732543945
    },
    "barkbands_flatness_db": {
        "dmean": 0.0298006106168,
        "dmean2": 0.0443821325898,
        "dvar": 0.000952559465077,
        "dvar2": 0.00200956291519,
        "max": 0.365173786879,
        "mean": 0.138138100505,
        "median": 0.131089299917,
        "min": 0.0272334050387,
        "var": 0.00335685536265
    },
    "barkbands_kurtosis": {
        "dmean": 5.95000267029,
        "dmean2": 9.32339954376,
        "dvar": 174.772186279,
        "dvar2": 390.415802002,
        "max": 210.858657837,
        "mean": 6.95838785172,
        "median": 1.39885187149,
        "min": -1.92200815678,
        "var": 276.618713379
    },
    "barkbands_skewness": {
        "dmean": 0.864420115948,
        "dmean2": 1.26883935928,
        "dvar": 1.08299124241,
        "dvar2": 2.18706226349,
        "max": 13.883518219,
        "mean": 1.48746275902,
        "median": 1.16122424603,
        "min": -8.0617980957,
        "var": 3.80296587944
    },
    "barkbands_spread": {
        "dmean": 8.77431964874,
        "dmean2": 13.663061142,
        "dvar": 133.11328125,
        "dvar2": 293.733734131,
        "max": 105.313606262,
        "mean": 24.4222316742,
        "median": 19.9588871002,
        "min": 0.987136781216,
        "var": 307.359527588
    },
    "dissonance": {
        "dmean": 0.0254022553563,
        "dmean2": 0.0406614355743,
        "dvar": 0.000569504045416,
        "dvar2": 0.00151551596355,
        "max": 0.500000059605,
        "mean": 0.452447623014,
        "median": 0.460500329733,
        "min": 0.26481539011,
        "var": 0.00121813861188
    },
    "dynamic_complexity": 4.06024742126,
    "erbbands_crest": {
        "dmean": 3.39054560661,
        "dmean2": 5.42342185974,
        "dvar": 10.6813564301,
        "dvar2": 26.4622116089,
        "max": 30.8419437408,
        "mean": 10.776391983,
        "median": 9.30376243591,
        "min": 2.37514281273,
        "var": 32.7867736816
    },
    "erbbands_flatness_db": {
        "dmean": 0.0246233809739,
        "dmean2": 0.0359318740666,
        "dvar": 0.000683013116941,
        "dvar2": 0.00133990088943,
        "max": 0.327355235815,
        "mean": 0.158913210034,
        "median": 0.154753521085,
        "min": 0.0609527006745,
        "var": 0.00268584862351
    },
    "erbbands_kurtosis": {
        "dmean": 1.78618311882,
        "dmean2": 2.90379333496,
        "dvar": 15.1062898636,
        "dvar2": 40.4743537903,
        "max": 61.503036499,
        "mean": 1.5454069376,
        "median": 0.23605465889,
        "min": -1.89236724377,
        "var": 17.6849021912
    },
    "erbbands_skewness": {
        "dmean": 0.514457583427,
        "dmean2": 0.78289014101,
        "dvar": 0.345227658749,
        "dvar2": 0.777887701988,
        "max": 4.82365989685,
        "mean": 0.390808016062,
        "median": 0.406531065702,
        "min": -5.94409894943,
        "var": 0.913898348808
    },
    "erbbands_spread": {
        "dmean": 11.9325494766,
        "dmean2": 17.9926567078,
        "dvar": 220.957214355,
        "dvar2": 503.464263916,
        "max": 144.392410278,
        "mean": 39.377040863,
        "median": 35.9657478333,
        "min": 3.20685124397,
        "var": 577.758972168
    },
    "hfc": {
        "dmean": 12.294921875,
        "dmean2": 18.0521812439,
        "dvar": 401.425292969,
        "dvar2": 895.451660156,
        "max": 190.347183228,
        "mean": 25.9757804871,
        "median": 16.2403507233,
        "min": 1.11854426166e-07,
        "var": 751.732666016
    },
    "melbands_crest": {
        "dmean": 3.97310328484,
        "dmean2": 6.40861177444,
        "dvar": 12.092757225,
        "dvar2": 29.6687831879,
        "max": 32.7463989258,
        "mean": 15.3054561615,
        "median": 14.8000555038,
        "min": 3.24792790413,
        "var": 34.6352500916
    },
    "melbands_flatness_db": {
        "dmean": 0.0352646633983,
        "dmean2": 0.0509776212275,
        "dvar": 0.00125735637266,
        "dvar2": 0.00243173516355,
        "max": 0.506796777248,
        "mean": 0.192845419049,
        "median": 0.181252703071,
        "min": 0.0323271527886,
        "var": 0.00639322772622
    },
    "melbands_kurtosis": {
        "dmean": 13.3950452805,
        "dmean2": 20.4295654297,
        "dvar": 1048.65783691,
        "dvar2": 2270.328125,
        "max": 512.29486084,
        "mean": 19.1476230621,
        "median": 5.41683673859,
        "min": -1.77911615372,
        "var": 1751.81433105
    },
    "melbands_skewness": {
        "dmean": 1.06128454208,
        "dmean2": 1.53563261032,
        "dvar": 1.79944264889,
        "dvar2": 3.66581678391,
        "max": 18.5425930023,
        "mean": 2.64227247238,
        "median": 2.00610303879,
        "min": -3.43806481361,
        "var": 6.05183696747
    },
    "melbands_spread": {
        "dmean": 12.9556522369,
        "dmean2": 19.7860088348,
        "dvar": 548.502929688,
        "dvar2": 1377.73608398,
        "max": 281.828552246,
        "mean": 30.3914012909,
        "median": 22.4461402893,
        "min": 0.793507695198,
        "var": 962.119018555
    },
    "pitch_salience": {
        "dmean": 0.0883144289255,
        "dmean2": 0.139153555036,
        "dvar": 0.00695264898241,
        "dvar2": 0.0172130167484,
        "max": 0.832987129688,
        "mean": 0.521767437458,
        "median": 0.519876122475,
        "min": 0.0597932524979,
        "var": 0.018142754212
    },
    "silence_rate_20dB": {
        "dmean": 0,
        "dmean2": 0,
        "dvar": 0,
        "dvar2": 0,
        "max": 1,
        "mean": 1,
        "median": 1,
        "min": 1,
        "var": 0
    },
    "silence_rate_30dB": {
        "dmean": 0.0541795678437,
        "dmean2": 0.108443066478,
        "dvar": 0.0512451566756,
        "dvar2": 0.109076149762,
        "max": 1,
        "mean": 0.935034811497,
        "median": 1,
        "min": 0,
        "var": 0.0607438981533
    },
    "silence_rate_60dB": {
        "dmean": 0.0572755411267,
        "dmean2": 0.114639811218,
        "dvar": 0.0539951846004,
        "dvar2": 0.116989538074,
        "max": 1,
        "mean": 0.115235887468,
        "median": 0,
        "min": 0,
        "var": 0.101957634091
    },
    "spectral_centroid": {
        "dmean": 369.875854492,
        "dmean2": 544.759521484,
        "dvar": 366605.53125,
        "dvar2": 701678.625,
        "max": 10550.3486328,
        "mean": 1521.48632812,
        "median": 1300.22668457,
        "min": 162.306915283,
        "var": 893997.25
    },
    "spectral_complexity": {
        "dmean": 3.84055733681,
        "dmean2": 5.34314489365,
        "dvar": 24.8909072876,
        "dvar2": 36.9784049988,
        "max": 57,
        "mean": 15.3588552475,
        "median": 13,
        "min": 0,
        "var": 106.478889465
    },
    "spectral_decrease": {
        "dmean": 3.85393228441e-09,
        "dmean2": 5.89983750743e-09,
        "dvar": 4.60173280257e-17,
        "dvar2": 1.04246773421e-16,
        "max": -2.26468982263e-18,
        "mean": -8.05379318791e-09,
        "median": -3.42280892518e-09,
        "min": -6.08910681876e-08,
        "var": 1.04439493269e-16
    },
    "spectral_energy": {
        "dmean": 0.0152966426685,
        "dmean2": 0.0232955403626,
        "dvar": 0.000670122739393,
        "dvar2": 0.00151489884593,
        "max": 0.232095018029,
        "mean": 0.0327529534698,
        "median": 0.0152177093551,
        "min": 1.86929534352e-11,
        "var": 0.00155664747581
    },
    "spectral_energyband_high": {
        "dmean": 0.000954781542532,
        "dmean2": 0.00141252367757,
        "dvar": 3.97271378461e-06,
        "dvar2": 8.76637841429e-06,
        "max": 0.0230800323188,
        "mean": 0.00133642496075,
        "median": 0.00041327541112,
        "min": 7.2266294511e-12,
        "var": 6.02459294896e-06
    },
    "spectral_energyband_low": {
        "dmean": 0.0110306786373,
        "dmean2": 0.0176838617772,
        "dvar": 0.000627762055956,
        "dvar2": 0.00148328312207,
        "max": 0.214885219932,
        "mean": 0.0167917404324,
        "median": 0.000462938798591,
        "min": 5.71551703535e-13,
        "var": 0.00108592573088
    },
    "spectral_energyband_middle_high": {
        "dmean": 0.00264665903524,
        "dmean2": 0.0038333053235,
        "dvar": 1.80405077117e-05,
        "dvar2": 3.83655242331e-05,
        "max": 0.0619980804622,
        "mean": 0.00750433467329,
        "median": 0.00299223023467,
        "min": 8.62223833997e-12,
        "var": 0.000114163456601
    },
    "spectral_energyband_middle_low": {
        "dmean": 0.00451273657382,
        "dmean2": 0.00720176706091,
        "dvar": 7.40596224205e-05,
        "dvar2": 0.000185335476999,
        "max": 0.0808980092406,
        "mean": 0.00790781993419,
        "median": 0.00521896593273,
        "min": 8.54208847753e-13,
        "var": 8.5951127403e-05
    },
    "spectral_entropy": {
        "dmean": 0.259895324707,
        "dmean2": 0.366061031818,
        "dvar": 0.0801819339395,
        "dvar2": 0.141345590353,
        "max": 9.80377578735,
        "mean": 7.54315090179,
        "median": 7.48053264618,
        "min": 5.62240123749,
        "var": 0.264480292797
    },
    "spectral_flux": {
        "dmean": 0.0341163463891,
        "dmean2": 0.0541582889855,
        "dvar": 0.00195703166537,
        "dvar2": 0.00482304207981,
        "max": 0.443794190884,
        "mean": 0.0967942476273,
        "median": 0.0763965323567,
        "min": 2.01470265893e-05,
        "var": 0.0048290649429
    },
    "spectral_kurtosis": {
        "dmean": 1.49043929577,
        "dmean2": 2.25367641449,
        "dvar": 2.82251429558,
        "dvar2": 6.14458990097,
        "max": 21.5821838379,
        "mean": 4.2420835495,
        "median": 3.96328449249,
        "min": -1.48234403133,
        "var": 7.99139690399
    },
    "spectral_rms": {
        "dmean": 0.00115138036199,
        "dmean2": 0.00168101512827,
        "dvar": 2.19875937546e-06,
        "dvar2": 4.3520331019e-06,
        "max": 0.0150477290154,
        "mean": 0.00478041730821,
        "median": 0.00385312153958,
        "min": 1.35044544436e-07,
        "var": 9.10168910195e-06
    },
    "spectral_rolloff": {
        "dmean": 1123.99450684,
        "dmean2": 1885.43200684,
        "dvar": 4831225,
        "dvar2": 10393437,
        "max": 14491.8457031,
        "mean": 2478.50317383,
        "median": 1356.59179688,
        "min": 64.599609375,
        "var": 8871545
    },
    "spectral_skewness": {
        "dmean": 0.255148887634,
        "dmean2": 0.369554400444,
        "dvar": 0.0782991498709,
        "dvar2": 0.145821452141,
        "max": 3.94116640091,
        "mean": 1.67096579075,
        "median": 1.70317697525,
        "min": -0.703629553318,
        "var": 0.288385778666
    },
    "spectral_spread": {
        "dmean": 1108858.25,
        "dmean2": 1566542.875,
        "dvar": 2.59484444262e+12,
        "dvar2": 4.23052076646e+12,
        "max": 40016232,
        "mean": 5963006.5,
        "median": 5310385.5,
        "min": 2496032.5,
        "var": 6.34785837875e+12
    },
    "spectral_strongpeak": {
        "dmean": 0.747803866863,
        "dmean2": 1.27879393101,
        "dvar": 1.42743229866,
        "dvar2": 3.89517498016,
        "max": 10.4553022385,
        "mean": 1.34626972675,
        "median": 0.609913706779,
        "min": 0,
        "var": 3.27846455574
    },
    "zerocrossingrate": {
        "dmean": 0.0228320620954,
        "dmean2": 0.0254477355629,
        "dvar": 0.0010559753282,
        "dvar2": 0.00124806771055,
        "max": 0.48876953125,
        "mean": 0.0875141248107,
        "median": 0.064453125,
        "min": 0.00341796875,
        "var": 0.0052607296966
    },
    "barkbands": {
        "dmean": [0.00100893958006, 0.0083485962823, 0.00435193721205, 0.000983076402918, 0.00206287787296, 0.000884593639057, 0.000735640409403, 0.000265662587481, 0.000741259311326, 0.00143629405648, 0.000630202528555, 0.00040539476322, 0.000386764935683, 0.000288137875032, 0.000393904483644, 0.000228772434639, 0.000170930332388, 0.000213844585232, 0.000142581324326, 0.000130955348141, 0.000120615317428, 0.000114491747809, 0.000127561535919, 0.000194048232515, 0.000323970249156, 0.00014381512301, 8.37624702399e-06],
        "dmean2": [0.00182177580427, 0.0140670482069, 0.0075880009681, 0.00175779429264, 0.00342395342886, 0.00140895089135, 0.00119195692241, 0.000430760643212, 0.00119751435705, 0.00223684264347, 0.000976469775196, 0.000629596179351, 0.000597274920437, 0.000404657883337, 0.000596203259192, 0.000347895518644, 0.000257147155935, 0.000330121663865, 0.000217992957914, 0.000188110469026, 0.00017793821462, 0.000153106404468, 0.000179550261237, 0.000304426765069, 0.000520142144524, 0.000230836827541, 1.40006823131e-05],
        "dvar": [9.55844825512e-06, 0.000377906631911, 0.000142810909892, 8.61877560965e-06, 2.51569836109e-05, 1.99226633413e-06, 1.73792648184e-06, 2.90800386438e-07, 2.47554362431e-06, 1.24673151731e-05, 4.79785330754e-06, 1.14316321742e-06, 2.15184877561e-06, 6.383538107e-07, 9.7092379292e-07, 2.07524138318e-07, 1.69568110664e-07, 1.77891834596e-07, 1.10176337387e-07, 9.71329185973e-08, 5.6872352161e-08, 6.16866202563e-08, 1.11772486378e-07, 2.62314813426e-07, 5.47875742996e-07, 1.25724113786e-07, 5.37128397315e-10],
        "dvar2": [2.87126858893e-05, 0.000994662987068, 0.000399087904952, 2.50055909419e-05, 6.2850122049e-05, 5.01522299601e-06, 4.12973804487e-06, 7.05926709088e-07, 5.73782381252e-06, 2.95087884297e-05, 8.83438679011e-06, 2.72738725471e-06, 5.51610582988e-06, 1.1202416772e-06, 2.10890993912e-06, 4.69925993229e-07, 3.62013935273e-07, 4.17355010995e-07, 2.47326596536e-07, 1.93261172399e-07, 1.10133974829e-07, 9.50086445073e-08, 1.95331452346e-07, 6.38090682514e-07, 1.36001665396e-06, 3.15325820566e-07, 1.32173350043e-09],
        "max": [0.0503544136882, 0.177601233125, 0.12270155549, 0.0471107698977, 0.0378363057971, 0.0154998693615, 0.0156977027655, 0.00820577237755, 0.0209936406463, 0.0399796441197, 0.052398249507, 0.0158850923181, 0.0334402732551, 0.0213607158512, 0.0212908554822, 0.00853305310011, 0.00937640480697, 0.00714805303141, 0.00803148001432, 0.00419528223574, 0.0029101409018, 0.00511118443683, 0.00701775075868, 0.00965809635818, 0.00799872539937, 0.00521514052525, 0.000335019809427],
        "mean": [0.00110358011443, 0.0108460411429, 0.00440208148211, 0.00103410391603, 0.00226002279669, 0.00153534975834, 0.00109449937008, 0.000349688431015, 0.00104366068263, 0.00232172408141, 0.00161342974752, 0.000693104870152, 0.000594063312747, 0.000527638592757, 0.000578218197916, 0.000392762798583, 0.000302905769786, 0.000388833461329, 0.000238894615904, 0.000182060874067, 0.000169053251739, 0.000180326693226, 0.000183596901479, 0.000246297800913, 0.000323407934047, 0.000140153482789, 7.45166153138e-06],
        "median": [4.10732754972e-05, 0.000101464305772, 0.000119326527056, 0.000137623006594, 0.000718762457836, 0.000834858044982, 0.000437460199464, 9.63426500675e-05, 0.000256070663454, 0.000359700992703, 0.00015036779223, 9.9544726254e-05, 0.000132755347295, 8.22460569907e-05, 0.000161317162565, 0.000134459449328, 0.00010487002146, 0.00015087047359, 0.000100683471828, 6.56873817206e-05, 5.16295840498e-05, 4.65275406896e-05, 3.98418997065e-05, 5.39671200386e-05, 7.10503591108e-05, 2.74301164609e-05, 1.05262790839e-06],
        "min": [9.93649173359e-13, 1.29052530381e-13, 3.29339996301e-14, 2.00109060453e-14, 1.37687658584e-13, 1.89998163687e-13, 4.14615011161e-13, 3.89431020797e-14, 4.11296363178e-14, 3.86419108517e-12, 7.48606363531e-13, 2.18322511762e-13, 1.7598566918e-12, 1.40016389325e-13, 1.99074182703e-13, 1.01020578079e-13, 3.15240130007e-13, 5.09913508986e-13, 4.73273438668e-13, 4.65588396829e-13, 3.6205600692e-13, 8.52159543017e-13, 7.92853684182e-13, 7.60471384215e-13, 1.03985450892e-12, 1.62311418646e-12, 1.8209808661e-12],
        "var": [1.1136455214e-05, 0.000508381635882, 0.000131919208798, 6.33778699921e-06, 2.18553032028e-05, 3.39249731951e-06, 2.78831385003e-06, 4.82762970933e-07, 4.39321047452e-06, 3.04674376821e-05, 4.19018251705e-05, 3.31697151523e-06, 2.61645072896e-06, 2.23397296395e-06, 2.07373909689e-06, 6.72640680932e-07, 5.11708890372e-07, 4.7581823992e-07, 2.12767929497e-07, 1.47352466229e-07, 1.04820706781e-07, 1.56058931111e-07, 2.54094715046e-07, 3.12144749159e-07, 5.63129503917e-07, 1.19512961305e-07, 4.6687215205e-10]
    },
    "erbbands": {
        "dmean": [0.240581929684, 1.94060623646, 4.65876960754, 3.87365269661, 5.26339006424, 6.338804245, 8.0898065567, 8.57357120514, 11.0993394852, 7.30804824829, 5.98427009583, 18.0576572418, 33.8728561401, 35.4936294556, 28.1924610138, 17.1934833527, 18.326833725, 14.0713205338, 21.7880172729, 12.4142780304, 10.8601884842, 7.91749191284, 9.7759809494, 11.3459205627, 6.32875299454, 5.67963552475, 4.80650472641, 4.68649673462, 4.09619760513, 3.81097173691, 3.8044128418, 3.46608638763, 3.89335107803, 3.18585181236, 2.62226581573, 0.90695899725, 0.211370065808, 0.0368838384748, 0.00088774372125, 4.37982016592e-05],
        "dmean2": [0.397173523903, 3.25484871864, 7.93944501877, 6.83858585358, 9.29070281982, 10.3811149597, 12.9731416702, 13.762298584, 17.9292221069, 11.7745304108, 9.96730899811, 28.5772323608, 53.2589073181, 53.0051078796, 42.2188110352, 25.6080646515, 27.8777561188, 19.4878635406, 32.3001747131, 18.9234390259, 16.1883678436, 11.3989257812, 14.7996892929, 17.2896080017, 9.70241260529, 8.14281177521, 6.99780845642, 6.79333162308, 5.64277076721, 5.17574548721, 5.53504753113, 5.30913496017, 6.19610548019, 5.08083248138, 4.32193899155, 1.50756108761, 0.332175463438, 0.0588508695364, 0.00143339275382, 6.83476100676e-05],
        "dvar": [0.304871946573, 21.2931690216, 166.521560669, 105.920837402, 276.514190674, 193.978057861, 379.102600098, 188.496231079, 350.589355469, 239.548828125, 144.519454956, 1287.4074707, 8600.3125, 8313.08300781, 8894.734375, 1980.78515625, 5205.63330078, 1717.49841309, 2727.35961914, 1017.68121338, 509.325317383, 317.481719971, 368.243164062, 573.128356934, 194.619155884, 149.334686279, 83.4897460938, 100.570999146, 71.8630752563, 101.420951843, 93.0438919067, 103.010063171, 88.7340087891, 49.2967224121, 40.3896522522, 4.93686246872, 0.326866149902, 0.0116917081177, 5.93454387854e-06, 7.11619918548e-09],
        "dvar2": [0.784761786461, 56.3756217957, 434.110870361, 303.265350342, 763.872741699, 463.007843018, 920.242614746, 493.278045654, 822.683959961, 599.213439941, 388.96987915, 2958.79541016, 22347.0898438, 17816.6015625, 17386.8242188, 4585.46337891, 13757.8886719, 2765.43310547, 5629.09765625, 1957.10400391, 951.831604004, 605.698608398, 766.337585449, 1438.05273438, 442.107818604, 288.28994751, 146.119476318, 193.232711792, 106.303001404, 194.383514404, 161.077758789, 250.683731079, 214.298950195, 119.491767883, 103.421478271, 12.7938690186, 0.804491877556, 0.0292326137424, 1.44731566252e-05, 1.69426481733e-08],
        "max": [5.36272907257, 36.9433097839, 129.784637451, 126.728111267, 146.483230591, 126.417709351, 225.450485229, 162.353729248, 183.489242554, 237.355758667, 147.425445557, 489.009216309, 1258.49780273, 1566.99108887, 2493.04638672, 724.360656738, 1777.42480469, 1273.38793945, 1333.19848633, 903.484680176, 469.341644287, 376.218261719, 320.575714111, 503.795013428, 152.364227295, 167.336593628, 120.363296509, 131.379211426, 157.705230713, 201.878479004, 201.607620239, 195.25819397, 149.723876953, 71.1130752563, 73.8964233398, 21.4065151215, 11.6699752808, 2.20026564598, 0.0433963909745, 0.00136594462674],
        "mean": [0.335248440504, 2.29646921158, 5.32807445526, 4.32646846771, 4.88612174988, 7.58224344254, 9.81894683838, 14.9455718994, 17.8925113678, 10.6064529419, 7.67852592468, 26.8646736145, 50.5672302246, 63.7670631409, 75.4099884033, 35.8315353394, 30.4091625214, 27.8792152405, 36.4222755432, 20.1114768982, 19.3631687164, 15.4860076904, 18.9598884583, 21.1315231323, 9.80818939209, 8.37139034271, 7.20238924026, 6.67660284042, 6.60771131516, 5.10901355743, 5.57743740082, 4.70493412018, 4.52864217758, 3.49556231499, 2.37545752525, 0.835518419743, 0.214839547873, 0.0363675169647, 0.000876536592841, 6.88337386237e-05],
        "median": [0.00396997202188, 0.0217498280108, 0.131145268679, 0.381778806448, 1.14393305779, 2.35534286499, 4.07837629318, 8.49793243408, 7.47910642624, 4.00972652435, 2.60757756233, 6.74353551865, 10.9202127457, 9.87382221222, 8.59762477875, 7.46768808365, 7.89889955521, 6.57035207748, 9.49105453491, 7.50526332855, 7.61733818054, 5.58552694321, 8.21461486816, 8.3981218338, 4.09924507141, 3.23141908646, 2.26327013969, 1.76835608482, 1.67832541466, 1.13668298721, 1.20277297497, 0.971265494823, 0.950735628605, 0.912532866001, 0.396224468946, 0.137373894453, 0.0479488037527, 0.00668297708035, 0.000174530097865, 3.60373633157e-05],
        "min": [1.17664541305e-11, 8.89490911482e-12, 3.24415147523e-11, 6.23910992315e-11, 5.96320770541e-11, 5.45366751759e-10, 1.49742362954e-09, 1.59071755768e-09, 4.73055594696e-09, 4.4432382218e-09, 9.82088077528e-10, 1.46469458784e-09, 3.4267834792e-08, 1.45999905499e-07, 1.86938802216e-08, 2.70153019954e-08, 7.28216136281e-08, 8.98365204449e-09, 1.33185631412e-08, 4.74233052827e-09, 6.72982247707e-09, 1.52364094674e-08, 2.89729129577e-08, 2.63037911452e-08, 2.23931913013e-08, 2.18670574981e-08, 1.06453850179e-08, 2.12863966453e-08, 3.54160647476e-08, 2.04909031964e-08, 2.60853916245e-08, 1.80182571086e-08, 1.08211528627e-08, 1.08928785991e-08, 8.74863914646e-09, 6.42246877902e-09, 3.13218562198e-09, 1.07610853561e-09, 2.65772154284e-10, 2.55510994307e-11],
        "var": [0.495966762304, 25.7461853027, 177.821151733, 95.7629547119, 184.459945679, 198.918731689, 370.973297119, 332.780426025, 606.261230469, 371.721557617, 169.473114014, 2589.8359375, 13406.5751953, 28142.09375, 86401.6484375, 7524.41162109, 6072.83349609, 6250.04931641, 7710.16796875, 1816.14990234, 1331.66943359, 1144.38134766, 1170.08435059, 1572.5402832, 293.664215088, 248.326324463, 174.903900146, 189.697387695, 192.088424683, 190.575057983, 215.718383789, 133.244384766, 101.614997864, 57.3258895874, 36.1474266052, 4.36496782303, 0.311126828194, 0.0104710301384, 5.49504466107e-06, 8.31367774623e-09]
    },
    "gfcc": {
        "mean": [-13.4843387604, 53.0235481262, -114.239547729, 13.9674043655, -61.3962554932, 14.4608707428, -47.0405807495, 15.5537462234, -31.3521785736, 6.7421579361, -13.5210494995, 9.44251155853, -6.9161272049],
        "cov": [[10516.1132812, 466.548278809, 122.203994751, 348.178588867, 65.5906600952, 420.988830566, 384.064483643, 15.2024297714, -131.444976807, 61.7997894287, -347.792266846, 41.2889518738, -143.449569702], [466.548278809, 2570.48168945, 487.256958008, 394.26260376, 654.842163086, 138.293289185, 441.227996826, -108.526000977, 79.4463348389, -136.196990967, -114.385765076, -181.723144531, -24.74467659], [122.203994751, 487.256958008, 1453.14892578, 696.141174316, 322.400115967, 320.325836182, 218.237686157, 55.281879425, 46.2752952576, -3.75999307632, -73.05884552, -114.182273865, -83.0594406128], [348.178588867, 394.26260376, 696.141174316, 841.05090332, 337.047821045, 191.532974243, 195.484329224, 53.3397941589, 127.948059082, -31.6970291138, -30.7773647308, -67.6655578613, -50.4825515747], [65.5906600952, 654.842163086, 322.400115967, 337.047821045, 520.395751953, 285.14239502, 289.000915527, 82.8559494019, 97.7854690552, 12.4697980881, -8.16846942902, -31.7346172333, 6.75828361511], [420.988830566, 138.293289185, 320.325836182, 191.532974243, 285.14239502, 437.408233643, 292.202728271, 86.0281600952, 46.5997314453, 44.063835144, -5.78239345551, -12.3628835678, 5.52657413483], [384.064483643, 441.227996826, 218.237686157, 195.484329224, 289.000915527, 292.202728271, 434.152679443, 72.9833755493, 30.8809642792, 11.9177427292, -45.5705718994, -17.9958343506, 2.95240831375], [15.2024297714, -108.526000977, 55.281879425, 53.3397941589, 82.8559494019, 86.0281600952, 72.9833755493, 221.443771362, 82.5740203857, 29.5918731689, 53.2151451111, 31.7317447662, 33.4682312012], [-131.444976807, 79.4463348389, 46.2752952576, 127.948059082, 97.7854690552, 46.5997314453, 30.8809642792, 82.5740203857, 174.972991943, 32.2553367615, 57.1899108887, 22.6091327667, 24.7699298859], [61.7997894287, -136.196990967, -3.75999307632, -31.6970291138, 12.4697980881, 44.063835144, 11.9177427292, 29.5918731689, 32.2553367615, 125.632766724, 58.1229629517, 34.5945549011, 12.4277095795], [-347.792266846, -114.385765076, -73.05884552, -30.7773647308, -8.16846942902, -5.78239345551, -45.5705718994, 53.2151451111, 57.1899108887, 58.1229629517, 164.592132568, 72.1247787476, 27.836391449], [41.2889518738, -181.723144531, -114.182273865, -67.6655578613, -31.7346172333, -12.3628835678, -17.9958343506, 31.7317447662, 22.6091327667, 34.5945549011, 72.1247787476, 110.706695557, 41.1925048828], [-143.449569702, -24.74467659, -83.0594406128, -50.4825515747, 6.75828361511, 5.52657413483, 2.95240831375, 33.4682312012, 24.7699298859, 12.4277095795, 27.836391449, 41.1925048828, 93.6243286133]],
        "icov": [[0.000146969192429, -0.00015879458806, 0.000132561035571, -0.000216925225686, 0.000325208849972, -0.000368531502318, 0.000166280020494, -0.000241212881519, 0.000202819006518, -0.000356776668923, 0.000615612661932, -0.000623650848866, 0.00034816985135], [-0.00015879458806, 0.00122563808691, -0.00045943504665, 0.000697299838066, -0.00181283801794, 0.00158660218585, -0.00129922805354, 0.00132904795464, -0.000839844637085, 0.00135322171263, -0.00130045798142, 0.00197831331752, -0.000789089302998], [0.000132561035571, -0.00045943504665, 0.00157967896666, -0.0013934726594, 0.000788456120063, -0.0014182565501, 0.000784258183558, -0.00078724330524, 0.000890895840712, -0.000968443288002, 0.000929452071432, -0.000388831744203, 0.000802810536698], [-0.000216925225686, 0.000697299838066, -0.0013934726594, 0.00325975380838, -0.00205106078647, 0.00148566567805, -0.00106959708501, 0.00110848410986, -0.00222682324238, 0.00189543212764, -0.00126366992481, 0.00150776479859, 0.000121079006931], [0.000325208849972, -0.00181283801794, 0.000788456120063, -0.00205106078647, 0.00705586466938, -0.00375953386538, 0.000375540257664, -0.00196308107115, 0.000238470296608, -0.0019312039949, 0.0017875470221, -0.00215306249447, 0.000624277512543], [-0.000368531502318, 0.00158660218585, -0.0014182565501, 0.00148566567805, -0.00375953386538, 0.00759949861094, -0.00414738571271, 0.00129136769101, -0.00100175372791, 0.0007567681605, -0.00253225304186, 0.00311307469383, -0.00156272877939], [0.000166280020494, -0.00129922805354, 0.000784258183558, -0.00106959708501, 0.000375540257664, -0.00414738571271, 0.00659774336964, -0.00212951470166, 0.00153458758723, -0.00157318939455, 0.00312824454159, -0.00293047283776, 0.000963387894444], [-0.000241212881519, 0.00132904795464, -0.00078724330524, 0.00110848410986, -0.00196308107115, 0.00129136769101, -0.00212951470166, 0.00775948865339, -0.00326150259934, 0.0017715721624, -0.00284693785943, 0.00190618936904, -0.00212470931001], [0.000202819006518, -0.000839844637085, 0.000890895840712, -0.00222682324238, 0.000238470296608, -0.00100175372791, 0.00153458758723, -0.00326150259934, 0.00996382441372, -0.00242514442652, -0.000602917047217, -0.00138381612487, -0.000688213738613], [-0.000356776668923, 0.00135322171263, -0.000968443288002, 0.00189543212764, -0.0019312039949, 0.0007567681605, -0.00157318939455, 0.0017715721624, -0.00242514442652, 0.0123114511371, -0.00498266983777, 0.00141752988566, -0.00064992159605], [0.000615612661932, -0.00130045798142, 0.000929452071432, -0.00126366992481, 0.0017875470221, -0.00253225304186, 0.00312824454159, -0.00284693785943, -0.000602917047217, -0.00498266983777, 0.013894370757, -0.00883673503995, 0.00226001045667], [-0.000623650848866, 0.00197831331752, -0.000388831744203, 0.00150776479859, -0.00215306249447, 0.00311307469383, -0.00293047283776, 0.00190618936904, -0.00138381612487, 0.00141752988566, -0.00883673503995, 0.0197426248342, -0.00646299449727], [0.00034816985135, -0.000789089302998, 0.000802810536698, 0.000121079006931, 0.000624277512543, -0.00156272877939, 0.000963387894444, -0.00212470931001, -0.000688213738613, -0.00064992159605, 0.00226001045667, -0.00646299449727, 0.0149996941909]]
    },
    "melbands": {
        "dmean": [0.00222318805754, 0.0022796492558, 0.000707383092958, 0.000421481323428, 0.000294347351883, 0.0001830241672, 0.000165372999618, 7.30816827854e-05, 5.02443181176e-05, 0.000122160810861, 0.000176858302439, 0.000157188886078, 8.94270124263e-05, 5.37628548045e-05, 4.61335912405e-05, 3.39772414009e-05, 2.83174940705e-05, 3.59839832527e-05, 2.04205716727e-05, 1.79736525752e-05, 1.25645965454e-05, 8.04537103249e-06, 1.12843144962e-05, 9.33579303819e-06, 1.0047363503e-05, 4.45337673227e-06, 5.19203558724e-06, 3.52550637217e-06, 3.20785420627e-06, 2.88864293907e-06, 2.74587750937e-06, 2.53186522059e-06, 2.18622471948e-06, 2.07542848329e-06, 2.23591791837e-06, 2.25856410907e-06, 2.125776291e-06, 2.75500337921e-06, 2.67478617388e-06, 2.71950693786e-06],
        "dmean2": [0.00373716419563, 0.00367460935377, 0.00124618550763, 0.000723825534806, 0.000468478159746, 0.000293926743325, 0.000265860202489, 0.000118073105114, 8.52565644891e-05, 0.000194307649508, 0.000279389583739, 0.000235635816352, 0.000132700573886, 8.24205126264e-05, 7.03804325894e-05, 5.22435620951e-05, 3.87341133319e-05, 5.30084216734e-05, 3.19065402437e-05, 2.71390636044e-05, 1.87727055163e-05, 1.17553609016e-05, 1.70951716427e-05, 1.42974322443e-05, 1.54732460942e-05, 6.85827399138e-06, 8.11466179584e-06, 5.21298761669e-06, 4.83039002575e-06, 4.33001105193e-06, 3.91346793549e-06, 3.58491820407e-06, 3.11541498377e-06, 2.98594522974e-06, 3.30812190441e-06, 3.33044704348e-06, 3.34889568876e-06, 4.47771208201e-06, 4.24040763392e-06, 4.37978269474e-06],
        "dvar": [2.55816466961e-05, 3.4230753954e-05, 3.22320079249e-06, 1.35501420573e-06, 5.01449164858e-07, 8.22895813712e-08, 7.8698768391e-08, 2.34523334086e-08, 1.15343974372e-08, 5.98356493242e-08, 2.34334621041e-07, 1.68371812492e-07, 9.89335831036e-08, 1.58563580044e-08, 1.69530931515e-08, 2.47043647761e-08, 7.11479986037e-09, 6.87139811717e-09, 2.71392308626e-09, 1.50473855598e-09, 7.21986748164e-10, 3.75422221088e-10, 5.85702153444e-10, 3.43150508009e-10, 5.09716324704e-10, 8.18294529359e-11, 2.01767436092e-10, 5.39147511358e-11, 3.86950020637e-11, 3.30010463401e-11, 3.3382113046e-11, 2.5858157629e-11, 3.22987227241e-11, 3.49476524109e-11, 3.12533367242e-11, 3.60491844709e-11, 5.13614324682e-11, 4.62705984638e-11, 3.85724160945e-11, 3.57524183869e-11],
        "dvar2": [6.80353696225e-05, 8.25525494292e-05, 9.09451591724e-06, 3.58563238478e-06, 1.17348361073e-06, 2.13156596374e-07, 1.84763550237e-07, 5.80232146774e-08, 3.07061540639e-08, 1.37243077347e-07, 6.06588002938e-07, 3.6501128875e-07, 1.78009685214e-07, 3.42537838094e-08, 4.14650074276e-08, 6.46046913744e-08, 1.14220899405e-08, 1.41005864762e-08, 6.33694252627e-09, 3.04769764981e-09, 1.26063715022e-09, 6.89386603359e-10, 1.16458387378e-09, 7.66841645738e-10, 1.31976940487e-09, 1.77793488265e-10, 4.80920969714e-10, 1.05991403154e-10, 6.84347370439e-11, 7.0529880547e-11, 5.84176595986e-11, 4.05248161417e-11, 5.90036700054e-11, 7.32746502363e-11, 5.40225295054e-11, 7.25474819108e-11, 1.33735328367e-10, 1.14449602573e-10, 9.2076103686e-11, 8.74635364134e-11],
        "max": [0.049156408757, 0.0511443465948, 0.022221814841, 0.00993436947465, 0.00732674077153, 0.00326902559027, 0.00318599515595, 0.00258363061585, 0.00184720661491, 0.00324469292536, 0.00649700593203, 0.00673301052302, 0.00782338064164, 0.00293354433961, 0.00205597607419, 0.00375871104188, 0.00250550778583, 0.00206107087433, 0.000866186514031, 0.000809084449429, 0.000562154047657, 0.000331951334374, 0.000749233178794, 0.000299511972116, 0.000503685558215, 0.000174301851075, 0.000178641625098, 9.09397131181e-05, 8.22545698611e-05, 6.64604303893e-05, 7.43477721699e-05, 8.2485646999e-05, 0.00011967568571, 0.00010684056906, 0.000114796930575, 0.000131225431687, 0.000148379549501, 0.000106223145849, 9.04975167941e-05, 6.02608961344e-05],
        "mean": [0.00301221525297, 0.00298547488637, 0.000784682459198, 0.000445425510406, 0.000365574407624, 0.000322940119077, 0.000262588000624, 0.000104396909592, 6.12189760432e-05, 0.00017784931697, 0.000261038308963, 0.00026570740738, 0.000230280085816, 0.000118298528832, 7.99219851615e-05, 4.99815214425e-05, 5.33428392373e-05, 5.96310128458e-05, 2.88458122668e-05, 3.08514900098e-05, 1.98480138351e-05, 1.42713406603e-05, 2.00742779271e-05, 1.67253347172e-05, 1.77965939656e-05, 6.83118105371e-06, 6.56070506011e-06, 5.18844444741e-06, 4.80567541672e-06, 3.75578542844e-06, 3.88650232708e-06, 3.94420931116e-06, 3.19196510645e-06, 2.56850535152e-06, 3.19229866363e-06, 3.17535909744e-06, 2.69290899269e-06, 3.07658842758e-06, 3.12391080115e-06, 2.88573141916e-06],
        "median": [3.67973298125e-05, 6.61306257825e-05, 9.38608573051e-05, 0.000130455155158, 0.000162091600941, 0.000180785311386, 0.000112138106488, 3.3897231333e-05, 1.72880390892e-05, 4.2782186938e-05, 4.99268426211e-05, 3.54847506969e-05, 2.11991064134e-05, 1.86298620974e-05, 1.53440469148e-05, 1.29091395138e-05, 7.76313027018e-06, 1.36792987178e-05, 1.01938248918e-05, 9.66789139056e-06, 7.63403568271e-06, 4.67057270725e-06, 7.26937969375e-06, 6.79366712575e-06, 6.72182341077e-06, 2.71087151305e-06, 2.32123966271e-06, 1.93751679944e-06, 1.52880647875e-06, 9.19603792227e-07, 9.70839550973e-07, 9.56606299951e-07, 7.18166973002e-07, 4.92323806611e-07, 6.04736499099e-07, 6.36123786535e-07, 5.13251279699e-07, 6.02815589446e-07, 7.62656497955e-07, 7.17663624528e-07],
        "min": [1.19721208858e-13, 1.41218518812e-14, 9.7481743882e-15, 1.71072855724e-14, 4.96990754215e-14, 3.60341842628e-14, 7.78172082436e-14, 3.95338126927e-14, 7.62405546681e-15, 4.66777664969e-15, 1.96322084566e-13, 6.4343891543e-13, 7.28656027117e-14, 1.79253482988e-14, 2.14655428306e-13, 8.2143283332e-14, 1.00234262147e-14, 2.25423453233e-14, 1.0612651979e-14, 5.13078942261e-15, 8.31492687881e-15, 1.0227381584e-14, 3.38700997858e-14, 2.29884504716e-14, 2.09148731591e-14, 1.86360360466e-14, 1.64044210209e-14, 1.32733052861e-14, 7.21675967412e-15, 5.08370667272e-15, 1.48965228038e-14, 2.17787637561e-14, 1.48244623229e-14, 1.02376527056e-14, 1.72778187157e-14, 1.01415432652e-14, 1.05493811589e-14, 5.41993597762e-15, 1.13380382895e-14, 7.8084460691e-15],
        "var": [3.78596305382e-05, 4.57267124148e-05, 2.8480048968e-06, 1.032525347e-06, 5.06881008278e-07, 1.47742809986e-07, 1.34447873279e-07, 3.86479470649e-08, 1.2998554233e-08, 1.21918418472e-07, 3.71387670839e-07, 5.53683946691e-07, 8.63608136115e-07, 9.7446587688e-08, 3.40048202929e-08, 2.4138262944e-08, 2.78997109859e-08, 2.02491001744e-08, 3.98335942009e-09, 5.05723640742e-09, 1.48653478416e-09, 1.07359043877e-09, 2.50842657756e-09, 8.01484989488e-10, 1.25623600411e-09, 1.48234008401e-10, 2.2722282389e-10, 9.11405118043e-11, 7.90451801236e-11, 5.53796279668e-11, 6.91890433835e-11, 6.65549906853e-11, 6.3571502229e-11, 5.79894916808e-11, 7.18115983345e-11, 7.20623005712e-11, 5.18792855897e-11, 4.99226736339e-11, 4.67827061812e-11, 4.10946797424e-11]
    },
    "mfcc": {
        "mean": [-661.984741211, 95.8112258911, -0.607913792133, 5.54402780533, 5.78748226166, -6.57010698318, 0.859768807888, -0.488104134798, -3.15764713287, -4.94459438324, -3.26855397224, -4.04088544846, -1.35733675957],
        "cov": [[8312.20800781, 434.000640869, -152.400939941, 125.747787476, -242.242736816, 381.750061035, 247.438446045, 275.903625488, 237.355209351, 26.9682846069, 85.6560974121, -132.889450073, -15.3408231735], [434.000640869, 2145.49682617, 87.8255233765, 335.644195557, 148.235946655, 351.504638672, 250.413513184, 137.117111206, 181.266067505, 73.1705703735, 84.8143615723, -83.699760437, -72.7795410156], [-152.400939941, 87.8255233765, 1107.28527832, 431.197418213, 284.228424072, 285.752075195, 165.370269775, 109.93775177, 91.6639022827, 130.879440308, 47.5007133484, 50.2877159119, -13.7016115189], [125.747787476, 335.644195557, 431.197418213, 661.991638184, 246.865615845, 243.965408325, 108.74055481, 143.572738647, 118.727363586, 88.6139450073, 34.9851875305, 72.0889663696, -12.2028226852], [-242.242736816, 148.235946655, 284.228424072, 246.865615845, 385.597442627, 137.20262146, 84.5040359497, 112.548118591, 89.8504867554, 103.653625488, 40.2878341675, 81.0591812134, 30.8645095825], [381.750061035, 351.504638672, 285.752075195, 243.965408325, 137.20262146, 500.35269165, 254.781051636, 158.566802979, 151.692138672, 113.520004272, 99.4418640137, -31.147233963, 4.05062007904], [247.438446045, 250.413513184, 165.370269775, 108.74055481, 84.5040359497, 254.781051636, 328.990081787, 161.243469238, 134.197967529, 86.13722229, 90.2534408569, -15.1007223129, 21.0996780396], [275.903625488, 137.117111206, 109.93775177, 143.572738647, 112.548118591, 158.566802979, 161.243469238, 242.858886719, 126.361030579, 86.8433837891, 60.9428939819, 16.008852005, 33.4059371948], [237.355209351, 181.266067505, 91.6639022827, 118.727363586, 89.8504867554, 151.692138672, 134.197967529, 126.361030579, 205.781692505, 94.1788864136, 62.6342277527, -15.9898681641, 4.99753379822], [26.9682846069, 73.1705703735, 130.879440308, 88.6139450073, 103.653625488, 113.520004272, 86.13722229, 86.8433837891, 94.1788864136, 144.282699585, 62.7362976074, 18.2451934814, 5.55514860153], [85.6560974121, 84.8143615723, 47.5007133484, 34.9851875305, 40.2878341675, 99.4418640137, 90.2534408569, 60.9428939819, 62.6342277527, 62.7362976074, 135.69392395, 10.1400327682, 15.6688079834], [-132.889450073, -83.699760437, 50.2877159119, 72.0889663696, 81.0591812134, -31.147233963, -15.1007223129, 16.008852005, -15.9898681641, 18.2451934814, 10.1400327682, 150.409805298, 56.7190628052], [-15.3408231735, -72.7795410156, -13.7016115189, -12.2028226852, 30.8645095825, 4.05062007904, 21.0996780396, 33.4059371948, 4.99753379822, 5.55514860153, 15.6688079834, 56.7190628052, 116.856681824]],
