{
"lowlevel": {
    "average_loudness": 0.961851477623,
    "barkbands_crest": {
        "dmean": 2.96785831451,
        "dmean2": 4.78006076813,
        "dvar": 7.04934358597,
        "dvar2": 18.30884552,
        "max": 24.638469696,
        "mean": 9.29634475708,
        "median": 8.39264011383,
        "min": 2.67226600647,
        "var": 16.5699577332
    },
    "barkbands_flatness_db": {
        "dmean": 0.0198599845171,
        "dmean2": 0.0312114804983,
        "dvar": 0.000332935422193,
        "dvar2": 0.00077018875163,
        "max": 0.298063874245,
        "mean": 0.146300956607,
        "median": 0.143526062369,
        "min": 0.0704642012715,
        "var": 0.00101461540908
    },
    "barkbands_kurtosis": {
        "dmean": 1.91812050343,
        "dmean2": 3.05975961685,
        "dvar": 7.82717180252,
        "dvar2": 18.2820491791,
        "max": 32.5064048767,
        "mean": 2.43100905418,
        "median": 1.34689664841,
        "min": -1.8802986145,
        "var": 14.9544696808
    },
    "barkbands_skewness": {
        "dmean": 0.457026273012,
        "dmean2": 0.693324148655,
        "dvar": 0.175463140011,
        "dvar2": 0.403054237366,
        "max": 4.8864402771,
        "mean": 1.22390913963,
        "median": 1.18058431149,
        "min": -2.16300225258,
        "var": 0.810414135456
    },
    "barkbands_spread": {
        "dmean": 5.46322107315,
        "dmean2": 8.30584621429,
        "dvar": 27.3734836578,
        "dvar2": 61.6765975952,
        "max": 76.9361953735,
        "mean": 23.2450122833,
        "median": 21.8258991241,
        "min": 2.73940682411,
        "var": 112.260688782
    },
    "dissonance": {
        "dmean": 0.0210283137858,
        "dmean2": 0.0350844152272,
        "dvar": 0.000429199746577,
        "dvar2": 0.00117203989066,
        "max": 0.499197989702,
        "mean": 0.460838824511,
        "median": 0.466604024172,
        "min": 0.291301608086,
        "var": 0.0007674350054
    },
    "dynamic_complexity": 2.8878235817,
    "erbbands_crest": {
        "dmean": 3.18864870071,
        "dmean2": 5.04551649094,
        "dvar": 10.2904510498,
        "dvar2": 24.786775589,
        "max": 32.6657524109,
        "mean": 10.2195091248,
        "median": 8.69598674774,
        "min": 2.66949224472,
        "var": 31.8171539307
    },
    "erbbands_flatness_db": {
        "dmean": 0.0171630531549,
        "dmean2": 0.0249549206346,
        "dvar": 0.000277636339888,
        "dvar2": 0.000585818313994,
        "max": 0.330801695585,
        "mean": 0.182405009866,
        "median": 0.177698850632,
        "min": 0.109462454915,
        "var": 0.00128435122315
    },
    "erbbands_kurtosis": {
        "dmean": 1.35101938248,
        "dmean2": 2.13907790184,
        "dvar": 7.41021823883,
        "dvar2": 18.4994812012,
        "max": 47.295501709,
        "mean": 1.2221416235,
        "median": 0.206080436707,
        "min": -1.64757311344,
        "var": 12.0516462326
    },
    "erbbands_skewness": {
        "dmean": 0.358564049006,
        "dmean2": 0.539129257202,
        "dvar": 0.122170686722,
        "dvar2": 0.296327412128,
        "max": 4.61422109604,
        "mean": 0.652085840702,
        "median": 0.608077704906,
        "min": -2.10501742363,
        "var": 0.581853628159
    },
    "erbbands_spread": {
        "dmean": 8.1042432785,
        "dmean2": 12.2265710831,
        "dvar": 57.0916137695,
        "dvar2": 120.862602234,
        "max": 109.887825012,
        "mean": 37.3467407227,
        "median": 35.846157074,
        "min": 2.85884571075,
        "var": 272.765441895
    },
    "hfc": {
        "dmean": 8.64188289642,
        "dmean2": 12.1433172226,
        "dvar": 151.344833374,
        "dvar2": 310.523773193,
        "max": 147.807052612,
        "mean": 24.1511955261,
        "median": 17.2443065643,
        "min": 0.000626198889222,
        "var": 426.233551025
    },
    "melbands_crest": {
        "dmean": 3.53090929985,
        "dmean2": 5.73657608032,
        "dvar": 9.3351354599,
        "dvar2": 23.3098964691,
        "max": 32.2778816223,
        "mean": 12.3406829834,
        "median": 11.6311569214,
        "min": 3.39198899269,
        "var": 21.4032974243
    },
    "melbands_flatness_db": {
        "dmean": 0.0234924890101,
        "dmean2": 0.0351606495678,
        "dvar": 0.000486897304654,
        "dvar2": 0.0010501826182,
        "max": 0.321823745966,
        "mean": 0.154180556536,
        "median": 0.151141151786,
        "min": 0.042418718338,
        "var": 0.0019124886021
    },
    "melbands_kurtosis": {
        "dmean": 4.63778352737,
        "dmean2": 7.23906230927,
        "dvar": 41.4928359985,
        "dvar2": 95.8537750244,
        "max": 76.7949981689,
        "mean": 8.58782100677,
        "median": 5.72091197968,
        "min": -1.61669623852,
        "var": 93.6542434692
    },
    "melbands_skewness": {
        "dmean": 0.641192555428,
        "dmean2": 0.95891058445,
        "dvar": 0.358831316233,
        "dvar2": 0.790607333183,
        "max": 7.28035116196,
        "mean": 2.04645824432,
        "median": 1.88042342663,
        "min": -1.380661726,
        "var": 1.56630480289
    },
    "melbands_spread": {
        "dmean": 6.98378992081,
        "dmean2": 10.6381177902,
        "dvar": 44.8994445801,
        "dvar2": 103.003318787,
        "max": 112.096954346,
        "mean": 27.6946277618,
        "median": 24.5950775146,
        "min": 3.6381213665,
        "var": 232.307174683
    },
    "pitch_salience": {
        "dmean": 0.0750538855791,
        "dmean2": 0.121376208961,
        "dvar": 0.00414623459801,
        "dvar2": 0.00997718051076,
        "max": 0.82270693779,
        "mean": 0.551765978336,
        "median": 0.562080442905,
        "min": 0.183689728379,
        "var": 0.0107143111527
    },
    "silence_rate_20dB": {
        "dmean": 0,
        "dmean2": 0,
        "dvar": 0,
        "dvar2": 0,
        "max": 1,
        "mean": 1,
        "median": 1,
        "min": 1,
        "var": 0
    },
    "silence_rate_30dB": {
        "dmean": 0.00620155036449,
        "dmean2": 0.0124127231538,
        "dvar": 0.00616315891966,
        "dvar2": 0.0184653569013,
        "max": 1,
        "mean": 0.996901631355,
        "median": 1,
        "min": 0,
        "var": 0.00308875576593
    },
    "silence_rate_60dB": {
        "dmean": 0.00775193795562,
        "dmean2": 0.0155159039423,
        "dvar": 0.00769183412194,
        "dvar2": 0.0168263483793,
        "max": 1,
        "mean": 0.0333075150847,
        "median": 0,
        "min": 0,
        "var": 0.032198779285
    },
    "spectral_centroid": {
        "dmean": 228.566879272,
        "dmean2": 356.674926758,
        "dvar": 42691.0742188,
        "dvar2": 104018.070312,
        "max": 3564.71166992,
        "mean": 1406.01574707,
        "median": 1316.26391602,
        "min": 428.035675049,
        "var": 262948.84375
    },
    "spectral_complexity": {
        "dmean": 3.88372087479,
        "dmean2": 5.6229634285,
        "dvar": 20.3757381439,
        "dvar2": 37.7086448669,
        "max": 55,
        "mean": 19.8241672516,
        "median": 18,
        "min": 0,
        "var": 77.9081420898
    },
    "spectral_decrease": {
        "dmean": 2.61418064973e-09,
        "dmean2": 3.8092036192e-09,
        "dvar": 1.25786162834e-17,
        "dvar2": 2.80204189954e-17,
        "max": -1.85573195807e-13,
        "mean": -6.1317577682e-09,
        "median": -4.512797247e-09,
        "min": -4.04507680685e-08,
        "var": 2.6952548677e-17
    },
    "spectral_energy": {
        "dmean": 0.0105665046722,
        "dmean2": 0.0153075559065,
        "dvar": 0.000201999588171,
        "dvar2": 0.000447843834991,
        "max": 0.160886198282,
        "mean": 0.0253332331777,
        "median": 0.0188395120203,
        "min": 7.57193788559e-07,
        "var": 0.000444984500064
    },
    "spectral_energyband_high": {
        "dmean": 0.000467469159048,
        "dmean2": 0.000627421541139,
        "dvar": 6.09824269304e-07,
        "dvar2": 1.08135179744e-06,
        "max": 0.0093397712335,
        "mean": 0.00113463203888,
        "median": 0.000717130140401,
        "min": 1.54180312961e-08,
        "var": 1.67307302945e-06
    },
    "spectral_energyband_low": {
        "dmean": 0.00352168409154,
        "dmean2": 0.00531707564369,
        "dvar": 6.81313613313e-05,
        "dvar2": 0.000158918046509,
        "max": 0.0848526954651,
        "mean": 0.00473997183144,
        "median": 0.0014430670999,
        "min": 4.45572538865e-08,
        "var": 8.37773404783e-05
    },
    "spectral_energyband_middle_high": {
        "dmean": 0.0031862964388,
        "dmean2": 0.0047041173093,
        "dvar": 2.42780206463e-05,
        "dvar2": 5.65072477912e-05,
        "max": 0.0583000406623,
        "mean": 0.00753169041127,
        "median": 0.00450366409495,
        "min": 1.41327632264e-07,
        "var": 6.69187356834e-05
    },
    "spectral_energyband_middle_low": {
        "dmean": 0.00645295903087,
        "dmean2": 0.0102535774931,
        "dvar": 9.48289161897e-05,
        "dvar2": 0.000231476748013,
        "max": 0.121763199568,
        "mean": 0.0127020375803,
        "median": 0.00877480208874,
        "min": 5.82823815876e-07,
        "var": 0.000165087476489
    },
    "spectral_entropy": {
        "dmean": 0.144678995013,
        "dmean2": 0.209821894765,
        "dvar": 0.0183544866741,
        "dvar2": 0.035072337836,
        "max": 8.5063457489,
        "mean": 7.67205524445,
        "median": 7.67817687988,
        "min": 6.49221229553,
        "var": 0.0704086497426
    },
    "spectral_flux": {
        "dmean": 0.0262621436268,
        "dmean2": 0.0398815646768,
        "dvar": 0.000934803858399,
        "dvar2": 0.00198638578877,
        "max": 0.335790425539,
        "mean": 0.0874112546444,
        "median": 0.0767157077789,
        "min": 0.00087016884936,
        "var": 0.00229973532259
    },
    "spectral_kurtosis": {
        "dmean": 0.879680335522,
        "dmean2": 1.478941679,
        "dvar": 0.609110891819,
        "dvar2": 1.64998412132,
        "max": 9.89757633209,
        "mean": 1.89037692547,
        "median": 1.68698358536,
        "min": -0.792826414108,
        "var": 1.33377814293
    },
    "spectral_rms": {
        "dmean": 0.000953346374445,
        "dmean2": 0.00133576861117,
        "dvar": 1.0357625797e-06,
        "dvar2": 2.15722616304e-06,
        "max": 0.0125284530222,
        "mean": 0.00459214253351,
        "median": 0.00428719166666,
        "min": 2.71795070148e-05,
        "var": 3.62757714356e-06
    },
    "spectral_rolloff": {
        "dmean": 459.491912842,
        "dmean2": 747.933227539,
        "dvar": 455528.9375,
        "dvar2": 1110174.25,
        "max": 8441.015625,
        "mean": 1585.74890137,
        "median": 1335.05859375,
        "min": 129.19921875,
        "var": 1112578.625
    },
    "spectral_skewness": {
        "dmean": 0.146809756756,
        "dmean2": 0.231387466192,
        "dvar": 0.0160523355007,
        "dvar2": 0.0347934290767,
        "max": 2.80489063263,
        "mean": 1.1858779192,
        "median": 1.16433811188,
        "min": 0.187478631735,
        "var": 0.0680309012532
    },
    "spectral_spread": {
        "dmean": 369789.90625,
        "dmean2": 553389.0625,
        "dvar": 168405811200,
        "dvar2": 316562538496,
        "max": 10950434,
        "mean": 4761578.5,
        "median": 4643199,
        "min": 3312764,
        "var": 521049735168
    },
    "spectral_strongpeak": {
        "dmean": 0.885473072529,
        "dmean2": 1.43368422985,
        "dvar": 1.41759395599,
        "dvar2": 3.26710653305,
        "max": 12.0813970566,
        "mean": 1.54358911514,
        "median": 0.721521794796,
        "min": 0.0072760717012,
        "var": 3.32151937485
    },
    "zerocrossingrate": {
        "dmean": 0.0101717691869,
        "dmean2": 0.0121206631884,
        "dvar": 8.11670252006e-05,
        "dvar2": 0.000114176647912,
        "max": 0.236328125,
        "mean": 0.0713359639049,
        "median": 0.06787109375,
        "min": 0.0146484375,
        "var": 0.000616717734374
    },
    "barkbands": {
        "dmean": [5.96533900534e-05, 0.00209989701398, 0.00150563998614, 0.000861284905113, 0.00227514351718, 0.000874566962011, 0.000899042759556, 0.0017653927207, 0.00211769039743, 0.00119303632528, 0.000565450580325, 0.000792019709479, 0.00097740883939, 0.000449771090643, 0.000326388078975, 0.000215944441152, 0.000237248066696, 0.000138795614475, 0.000107507825305, 0.00011393737077, 0.000117876028526, 0.00014556235692, 0.000137071503559, 8.6985368398e-05, 3.36944358423e-05, 2.51327563205e-08, 9.98575111488e-10],
        "dmean2": [9.88772371784e-05, 0.0029995769728, 0.00264469790272, 0.00146878894884, 0.00385708292015, 0.00136071315501, 0.00140625843778, 0.00273615191691, 0.00340604223311, 0.00186396564823, 0.000881960149854, 0.00123116129544, 0.00148741097655, 0.000730458763428, 0.000542347726878, 0.000318459002301, 0.000375862553483, 0.000213011808228, 0.000170239218278, 0.000171442326973, 0.000172200903762, 0.000217318534851, 0.000201395800104, 0.000119879150589, 4.96579013998e-05, 3.85732477071e-08, 1.84932413827e-09],
        "dvar": [1.6945927328e-08, 2.96612579405e-05, 1.35190202855e-05, 2.08913525057e-06, 1.77259498741e-05, 2.65344829131e-06, 3.73150055566e-06, 2.06823569897e-05, 4.07986772188e-05, 9.25482891034e-06, 2.06104618883e-06, 5.9974126998e-06, 8.02764679975e-06, 9.8033501672e-07, 6.08456616646e-07, 3.51243755858e-07, 1.79999389616e-07, 5.48570362469e-08, 2.77942238114e-08, 3.77457070044e-08, 4.3915772352e-08, 7.15292927111e-08, 6.70571722594e-08, 2.71550106845e-08, 4.65554572671e-09, 2.93499414971e-15, 2.38786963035e-18],
        "dvar2": [4.41646577087e-08, 6.42634840915e-05, 3.77906180802e-05, 5.64945366932e-06, 4.74376574857e-05, 6.52717744742e-06, 9.12093946681e-06, 4.92627877975e-05, 0.000102830381365, 2.22999497055e-05, 4.68428015665e-06, 1.47039245348e-05, 1.75454315468e-05, 2.52193149208e-06, 1.6647566099e-06, 6.16349780103e-07, 3.79228339398e-07, 1.10506555018e-07, 6.64302035602e-08, 7.84088101113e-08, 8.01571076181e-08, 1.50685693256e-07, 1.45973089616e-07, 5.01007697551e-08, 1.01408748066e-08, 6.6704119882e-15, 7.53854111818e-18],
        "max": [0.000912713934667, 0.0547734349966, 0.0372238531709, 0.0158137641847, 0.043579056859, 0.0211649294943, 0.0290864575654, 0.0706490799785, 0.105842880905, 0.0425473749638, 0.024071438238, 0.0525271520019, 0.0527970045805, 0.0132237449288, 0.00933244079351, 0.0217298399657, 0.0073176138103, 0.00585815589875, 0.00177080580033, 0.00481790211052, 0.00431569945067, 0.00487659266219, 0.00340846087784, 0.00374788395129, 0.000792601727881, 6.48232287404e-07, 1.49943115701e-08],
        "mean": [6.71822635923e-05, 0.0026516597718, 0.00156416476239, 0.00100921897683, 0.00318984594196, 0.0015012472868, 0.00120694155339, 0.00223967246711, 0.00284942449071, 0.00177642982453, 0.000996651011519, 0.00106021016836, 0.00157232396305, 0.000671704648994, 0.000460552168079, 0.000379495031666, 0.000392754620407, 0.000254306534771, 0.000208526937058, 0.000240242065047, 0.000261623907136, 0.000323925516568, 0.000238309570705, 0.000163762131706, 5.30329780304e-05, 3.39867973764e-08, 8.2001083701e-10],
        "median": [3.35620779879e-06, 0.000312178279273, 0.000543262984138, 0.000574382313062, 0.00190609204583, 0.000786135497037, 0.000383319274988, 0.000472427724162, 0.000575811893214, 0.000554504920729, 0.00026034747134, 0.000400427787099, 0.000242432230152, 0.000201902439585, 0.000227311917115, 0.000108776323032, 0.000200748778298, 0.000127912775497, 0.000130842570798, 0.000115212395031, 0.000135158901685, 0.000193049912923, 0.000128010986373, 7.81081835157e-05, 1.94049480342e-05, 1.180806386e-08, 3.20280191257e-10],
        "min": [1.63633953609e-10, 6.2494294184e-09, 1.31754704924e-08, 6.08602235275e-08, 3.76482027775e-08, 1.13984892636e-08, 5.88514197375e-08, 1.97809715274e-08, 3.7795678054e-07, 8.3446941801e-08, 6.36137853505e-09, 1.0236778536e-08, 2.64639421488e-08, 2.53625476176e-09, 1.24311130278e-08, 1.68309721715e-09, 6.54517373633e-09, 3.00827873723e-09, 2.5645445767e-09, 1.19679166577e-09, 1.61818181077e-09, 6.07421402066e-09, 5.39776445763e-09, 1.35090216791e-09, 1.53997883889e-10, 1.22714390732e-11, 1.50879204963e-11],
        "var": [2.35214709932e-08, 3.84556733479e-05, 1.08121548692e-05, 1.97644089894e-06, 1.79080288945e-05, 4.89917601953e-06, 5.50183631276e-06, 2.7853418942e-05, 6.19971760898e-05, 1.47394266605e-05, 6.52630978948e-06, 6.97794757798e-06, 1.90682694665e-05, 1.34732670176e-06, 5.97622886289e-07, 1.61016453148e-06, 3.74093815481e-07, 1.74939003728e-07, 5.13475768571e-08, 1.51479866872e-07, 1.79265668976e-07, 1.68668279343e-07, 1.20456348895e-07, 7.25603683804e-08, 8.24266610522e-09, 4.15359376939e-15, 1.8008542912e-18]
    },
    "erbbands": {
        "dmean": [0.0588773153722, 0.533722937107, 1.73003482819, 2.08740115166, 6.15482950211, 8.23529720306, 6.35182380676, 6.90189504623, 12.1034116745, 15.4252986908, 50.4066352844, 51.7943305969, 36.0318450928, 32.1735305786, 21.0129623413, 37.8102607727, 44.3179016113, 24.8534126282, 18.7500457764, 14.6212205887, 13.1938819885, 10.493686676, 7.8366484642, 5.06216049194, 6.00750303268, 5.55966377258, 4.76098680496, 5.01256513596, 5.21441793442, 3.72660827637, 4.70235300064, 2.33276414871, 1.25787973404, 0.658269643784, 0.056254774332, 0.00239984900691, 0.000115876246127, 1.54712288349e-05, 7.97773464001e-06, 1.30404787342e-05],
        "dmean2": [0.0775370895863, 0.784433245659, 2.95674920082, 3.66982340813, 10.5869970322, 13.8089790344, 10.2521286011, 10.6961297989, 18.9576873779, 23.8183441162, 79.0371322632, 82.7602539062, 55.2254714966, 50.0839958191, 32.4767684937, 58.6954269409, 66.9736328125, 39.7594070435, 31.0697059631, 24.1199436188, 19.2311325073, 16.6226329803, 12.1218395233, 7.68730926514, 9.35132884979, 8.25584316254, 7.00013542175, 7.34722280502, 7.76522493362, 5.38572072983, 6.9980931282, 3.21404480934, 1.75417590141, 0.943404078484, 0.0827504396439, 0.00349831487983, 0.000161857955391, 2.09595000342e-05, 1.09284037535e-05, 1.85443113878e-05],
        "dvar": [0.0185903161764, 2.03259372711, 18.8626194, 15.384771347, 147.528167725, 268.933563232, 127.42098999, 204.662322998, 771.423339844, 1433.80212402, 19159.6152344, 28499.0332031, 11264.4306641, 3635.62719727, 2011.26062012, 14636.4003906, 17549.6855469, 2386.64135742, 2364.97070312, 1003.2699585, 1333.98413086, 324.089569092, 172.767364502, 75.7308731079, 81.1262054443, 95.3760757446, 86.8110809326, 72.336151123, 94.3167800903, 43.5076141357, 84.5994796753, 19.6670475006, 5.94614934921, 1.76227200031, 0.0110393632203, 2.01213515538e-05, 4.43155805385e-08, 7.49142303746e-10, 1.16577456022e-10, 2.95605928624e-10],
        "dvar2": [0.037894114852, 4.7776517868, 51.2004585266, 43.8381080627, 393.73147583, 689.140625, 330.867645264, 508.284240723, 1900.80065918, 3334.10229492, 47322.7421875, 70277.578125, 26245.234375, 9502.71777344, 4616.34326172, 36629.8554688, 39162.6796875, 5999.74853516, 6483.21044922, 2619.8815918, 2000.43481445, 746.548034668, 369.871032715, 181.692565918, 191.196685791, 192.509155273, 160.904922485, 145.713745117, 199.755310059, 93.6779937744, 189.921691895, 35.1146430969, 12.3693027496, 3.64909482002, 0.0224186833948, 4.00003809773e-05, 8.25110930691e-08, 1.3307346336e-09, 2.19728096829e-10, 6.37502550749e-10],
        "max": [1.46145582199, 14.1247806549, 45.0206756592, 35.3077507019, 128.977096558, 241.375473022, 175.413757324, 207.528137207, 365.239532471, 688.517822266, 2021.92626953, 3024.3737793, 1444.82202148, 658.716552734, 700.681945801, 2615.65356445, 2379.03515625, 724.912719727, 594.724853516, 294.965789795, 1494.36340332, 256.440856934, 258.752471924, 130.594985962, 124.18182373, 249.909683228, 246.676574707, 129.756225586, 201.6900177, 90.3026657104, 98.1318435669, 103.817687988, 45.375453949, 15.570432663, 1.18348073959, 0.0527667440474, 0.00288286549039, 0.000417851144448, 0.000109105698357, 0.000195123560843],
        "mean": [0.0758357271552, 0.604482412338, 1.80951249599, 2.61246967316, 7.61561632156, 11.3431615829, 10.392414093, 11.5627183914, 17.2741699219, 20.5774364471, 67.1648635864, 72.0020675659, 49.9525108337, 52.1903152466, 38.9099578857, 54.5193405151, 71.8733673096, 42.1734046936, 25.7167053223, 21.689617157, 25.8065719604, 18.4519672394, 15.2941293716, 9.7796459198, 12.2745437622, 11.9980983734, 10.0852098465, 10.5115337372, 11.409901619, 8.0128068924, 7.84177780151, 4.36036539078, 2.26440882683, 1.06671845913, 0.0870643183589, 0.00381791149266, 0.000211514139664, 3.21315928886e-05, 2.06125769182e-05, 3.26282752212e-05],
        "median": [0.00286376825534, 0.0908473283052, 0.556878745556, 1.5374045372, 4.19328117371, 6, 5.92868566513, 5.62437152863, 5.80323839188, 6.72368431091, 14.8473939896, 15.3442993164, 12.3055858612, 23.8781280518, 15.5747871399, 20.9009494781, 14.0107679367, 14.0298833847, 11.8907546997, 10.1897621155, 7.71238899231, 10.1937923431, 8.38777446747, 5.22751140594, 7.84155845642, 5.55304336548, 4.65159893036, 6.13067531586, 7.13193941116, 4.21683073044, 4.09424543381, 2.22237467766, 1.03155422211, 0.406814545393, 0.0369639769197, 0.00167517596856, 0.000105050712591, 1.79735561687e-05, 1.54460813064e-05, 2.51295496128e-05],
        "min": [1.02296148441e-07, 1.80479810297e-06, 1.24149255498e-05, 0.000112307287054, 0.000205435615499, 7.61554110795e-05, 0.00010250350897, 0.000106589955976, 0.000643722480163, 0.000782952760346, 0.000571330077946, 0.0069916266948, 0.00655395165086, 0.00251717679203, 0.000252359401202, 0.000511188991368, 0.000951315625571, 0.000633077521343, 0.000745960976928, 0.000147965562064, 0.00017392335576, 0.000377406919142, 0.000190103019122, 6.02719919698e-05, 0.000160753552336, 6.00725688855e-05, 4.77290705021e-05, 0.000120033146231, 0.000257013452938, 7.26620273781e-05, 0.000217803913984, 4.3585547246e-05, 2.68226667686e-05, 5.12427368449e-06, 2.01939968747e-07, 4.98965420093e-08, 2.24589715714e-08, 7.89313947536e-09, 2.55407783811e-09, 1.1777573361e-09],
        "var": [0.029159354046, 2.23053407669, 15.8408145905, 12.7844343185, 129.383911133, 306.615386963, 238.585693359, 328.968353271, 1123.60144043, 1966.12609863, 24829.6699219, 44988.359375, 15997.1201172, 6586.91845703, 5887.95019531, 16230.3115234, 40183.5859375, 4662.74902344, 2135.9284668, 1253.63317871, 7358.24853516, 576.837890625, 494.312927246, 159.912155151, 170.461791992, 398.434570312, 373.425933838, 197.531677246, 203.664871216, 113.309570312, 136.701293945, 53.8042259216, 13.340306282, 3.13985824585, 0.0199309568852, 3.72920840164e-05, 9.29827308482e-08, 1.74181757906e-09, 2.94114621546e-10, 6.87073842265e-10]
    },
    "gfcc": {
        "mean": [-3.48297190666, 104.989105225, -154.400604248, 48.5379333496, -91.3174438477, 27.5599708557, -40.5247535706, -5.52455091476, -15.4079017639, -20.5577392578, -3.39139080048, -19.494972229, 1.40816175938],
        "cov": [[2879.30444336, -195.737701416, -98.8208465576, 27.4188556671, -5.37094259262, 159.195343018, 62.4564323425, 71.2010421753, 38.7410469055, 98.5545349121, -3.21772241592, -1.96574044228, 2.42605614662], [-195.737701416, 420.314575195, 145.396530151, 10.6711177826, 60.3525695801, -0.852627635002, 142.794845581, 23.5481204987, 132.615646362, 5.838139534, 83.3348617554, 18.0800018311, 17.3820075989], [-98.8208465576, 145.396530151, 399.371429443, 170.136276245, 104.945831299, 54.707950592, -10.2094535828, 87.6169509888, 11.7074203491, 38.761505127, 45.6315727234, 36.9989967346, 45.9781494141], [27.4188556671, 10.6711177826, 170.136276245, 281.592803955, 180.983505249, 55.8958320618, 13.810631752, 44.1690864563, -7.98525094986, 30.2193050385, 16.7139072418, 37.5108795166, 58.4876937866], [-5.37094259262, 60.3525695801, 104.945831299, 180.983505249, 264.483184814, 117.547698975, 40.5538978577, 54.2710380554, -3.27367591858, 42.1510009766, 24.3450088501, 13.3328046799, 54.1282043457], [159.195343018, -0.852627635002, 54.707950592, 55.8958320618, 117.547698975, 176.516983032, 108.91293335, 36.6883430481, 14.7436285019, 43.3377342224, 24.0525569916, 16.516248703, 13.3948097229], [62.4564323425, 142.794845581, -10.2094535828, 13.810631752, 40.5538978577, 108.91293335, 273.198822021, 57.4678916931, 88.6141281128, 41.2428092957, 65.7961883545, 29.3686256409, 17.447467804], [71.2010421753, 23.5481204987, 87.6169509888, 44.1690864563, 54.2710380554, 36.6883430481, 57.4678916931, 133.121795654, 44.9092559814, 40.2562026978, 13.6398906708, 8.81120300293, 23.8632049561], [38.7410469055, 132.615646362, 11.7074203491, -7.98525094986, -3.27367591858, 14.7436285019, 88.6141281128, 44.9092559814, 159.460494995, 37.883518219, 28.7672214508, 5.70537042618, -6.68489646912], [98.5545349121, 5.838139534, 38.761505127, 30.2193050385, 42.1510009766, 43.3377342224, 41.2428092957, 40.2562026978, 37.883518219, 97.9943313599, 46.727142334, 7.80456399918, 9.23962593079], [-3.21772241592, 83.3348617554, 45.6315727234, 16.7139072418, 24.3450088501, 24.0525569916, 65.7961883545, 13.6398906708, 28.7672214508, 46.727142334, 104.836860657, 42.9668922424, 5.11175251007], [-1.96574044228, 18.0800018311, 36.9989967346, 37.5108795166, 13.3328046799, 16.516248703, 29.3686256409, 8.81120300293, 5.70537042618, 7.80456399918, 42.9668922424, 75.3726425171, 33.6821861267], [2.42605614662, 17.3820075989, 45.9781494141, 58.4876937866, 54.1282043457, 13.3948097229, 17.447467804, 23.8632049561, -6.68489646912, 9.23962593079, 5.11175251007, 33.6821861267, 78.7298812866]],
        "icov": [[0.00042642725748, -0.000238511333009, 0.000532295496669, -0.000559291627724, 0.000834115315229, -0.00106119399425, 0.000525701325387, -0.000509348930791, 7.19286690583e-05, -0.000322402338497, -0.000112687193905, 0.000233168320847, -0.000259380874922], [-0.000238511333009, 0.0125785628334, -0.00862053781748, 0.00784642342478, -0.0107173305005, 0.0113219292834, -0.00913417618722, 0.00760025391355, -0.00846945401281, 0.00579527765512, -0.00383018655702, 0.00174707325641, -0.000299736362649], [0.000532295496669, -0.00862053781748, 0.010901867412, -0.0087743550539, 0.00979901943356, -0.0109980767593, 0.00899645593017, -0.00842683017254, 0.00513389287516, -0.00261759129353, -0.00116629141849, 0.000553419115022, -0.00168473273516], [-0.000559291627724, 0.00784642342478, -0.0087743550539, 0.0146600818262, -0.0141397854313, 0.0115080522373, -0.00786769017577, 0.00671181129292, -0.00443530455232, 0.00152826867998, 0.00211031921208, -0.004125546664, 0.00106291682459], [0.000834115315229, -0.0107173305005, 0.00979901943356, -0.0141397854313, 0.0223900526762, -0.0188862215728, 0.0114729600027, -0.00948428362608, 0.00654232129455, -0.00298494822346, -0.00284479674883, 0.00580573920161, -0.00611928338185], [-0.00106119399425, 0.0113219292834, -0.0109980767593, 0.0115080522373, -0.0188862215728, 0.0265664793551, -0.0156698133796, 0.00963442027569, -0.0049198474735, 0.000102060563222, 0.00388443283737, -0.00506654940546, 0.0059094177559], [0.000525701325387, -0.00913417618722, 0.00899645593017, -0.00786769017577, 0.0114729600027, -0.0156698133796, 0.015764599666, -0.00874160416424, 0.00255263014697, -0.00103663350455, -0.00401927810162, 0.00182713149115, -0.00365684111603], [-0.000509348930791, 0.00760025391355, -0.00842683017254, 0.00671181129292, -0.00948428362608, 0.00963442027569, -0.00874160416424, 0.017012372613, -0.00650468049571, -0.000544829817954, 0.00204245676287, -0.000451561616501, -0.000492762599606], [7.19286690583e-05, -0.00846945401281, 0.00513389287516, -0.00443530455232, 0.00654232129455, -0.0049198474735, 0.00255263014697, -0.00650468049571, 0.0148464376107, -0.00698068412021, 0.00399788143113, -0.0025292460341, 0.00281173479743], [-0.000322402338497, 0.00579527765512, -0.00261759129353, 0.00152826867998, -0.00298494822346, 0.000102060563222, -0.00103663350455, -0.000544829817954, -0.00698068412021, 0.0211744830012, -0.0126962903887, 0.00740009779111, -0.00386580172926], [-0.000112687193905, -0.00383018655702, -0.00116629141849, 0.00211031921208, -0.00284479674883, 0.00388443283737, -0.00401927810162, 0.00204245676287, 0.00399788143113, -0.0126962903887, 0.025424875319, -0.0158594120294, 0.00849275384098], [0.000233168320847, 0.00174707325641, 0.000553419115022, -0.004125546664, 0.00580573920161, -0.00506654940546, 0.00182713149115, -0.000451561616501, -0.0025292460341, 0.00740009779111, -0.0158594120294, 0.0284596066922, -0.0132779441774], [-0.000259380874922, -0.000299736362649, -0.00168473273516, 0.00106291682459, -0.00611928338185, 0.0059094177559, -0.00365684111603, -0.000492762599606, 0.00281173479743, -0.00386580172926, 0.00849275384098, -0.0132779441774, 0.0229531209916]]
    },
    "melbands": {
        "dmean": [0.000537391577382, 0.000825632247142, 0.000460082519567, 0.000552255718503, 0.000234405015362, 0.000164439363289, 0.000184331423952, 0.000179965834832, 0.000458351307316, 0.000292003998766, 0.000174806831637, 0.000135690017487, 7.99546032795e-05, 8.5113926616e-05, 0.000116587631055, 7.29901876184e-05, 4.76955974591e-05, 3.20481412928e-05, 2.04698917514e-05, 1.73780827026e-05, 1.70534476638e-05, 1.2720709492e-05, 9.31461090659e-06, 6.8394574555e-06, 4.11482824347e-06, 4.62389152744e-06, 4.58682643512e-06, 3.59564228347e-06, 3.5170035062e-06, 2.67662949227e-06, 3.24446068589e-06, 3.31303499479e-06, 2.81402753899e-06, 1.86955810477e-06, 2.9922732665e-06, 2.0346585643e-06, 1.28830743051e-06, 9.40011148032e-07, 8.48388140184e-07, 4.86551073209e-07],
        "dmean2": [0.000750946986955, 0.00135429145303, 0.00079023867147, 0.000937592994887, 0.000379849807359, 0.000253364589298, 0.000289787858492, 0.000280435313471, 0.000727537320927, 0.00046436523553, 0.000268311210675, 0.000211394697544, 0.000124183512526, 0.000131799301016, 0.000182692936505, 0.000112393288873, 7.65987060731e-05, 5.35895233043e-05, 3.3991644159e-05, 2.75289530691e-05, 2.49766635534e-05, 2.04895932256e-05, 1.51798385559e-05, 1.02803169284e-05, 6.52683229418e-06, 7.27243423171e-06, 6.91612558512e-06, 5.54069583814e-06, 5.29088993062e-06, 4.05222317568e-06, 4.91967466587e-06, 4.92892559123e-06, 4.35908123109e-06, 2.72383658739e-06, 4.52762196801e-06, 2.98616851069e-06, 1.84729731245e-06, 1.3733402966e-06, 1.23780387185e-06, 7.02426632415e-07],
        "dvar": [1.80340839506e-06, 4.53328357253e-06, 6.60196633362e-07, 1.11931024094e-06, 1.61581525049e-07, 1.12806731067e-07, 1.6166767125e-07, 1.88002289292e-07, 1.65746428138e-06, 8.51766685628e-07, 2.80942231257e-07, 6.8353976701e-08, 4.04346600646e-08, 7.40366061791e-08, 1.05945332507e-07, 3.10712273688e-08, 9.15955045144e-09, 7.60403384703e-09, 2.51713205834e-09, 1.41173062129e-09, 2.00924143989e-09, 5.53028733918e-10, 2.01664615562e-10, 2.03637315344e-10, 5.17183899873e-11, 5.01197729152e-11, 5.86858617257e-11, 4.00244247467e-11, 6.21617271546e-11, 2.41892929298e-11, 3.09469914972e-11, 3.30701091511e-11, 3.59530356875e-11, 1.00639713577e-11, 3.77981014543e-11, 1.5090902486e-11, 6.37753565236e-12, 3.57104276705e-12, 3.6253983756e-12, 8.82601988456e-13],
        "dvar2": [3.6839742279e-06, 1.1852537682e-05, 1.79459175342e-06, 3.00279498333e-06, 4.20803445422e-07, 2.82400662854e-07, 3.96146162984e-07, 4.49059854191e-07, 4.17893579652e-06, 2.09221911973e-06, 6.55827250284e-07, 1.79985278237e-07, 9.14024482768e-08, 1.80004860795e-07, 2.31914853543e-07, 7.13753820492e-08, 2.34475052707e-08, 2.07687502751e-08, 6.8438423817e-09, 3.37514372006e-09, 2.98798052967e-09, 1.27669996797e-09, 4.72218375513e-10, 3.60666052579e-10, 1.33023897453e-10, 1.21293641797e-10, 1.18581991448e-10, 8.74298619613e-11, 1.06894736118e-10, 4.62247254363e-11, 6.59710966411e-11, 6.93917492911e-11, 8.30117294348e-11, 2.1895879207e-11, 8.91188789431e-11, 2.99063898646e-11, 1.22808204578e-11, 8.09840302457e-12, 8.25254448111e-12, 1.79333924013e-12],
        "max": [0.0140185151249, 0.0212027300149, 0.00715126655996, 0.0116941118613, 0.0047551933676, 0.00515155494213, 0.0047858953476, 0.00749849807471, 0.0191089659929, 0.0163912735879, 0.00744879152626, 0.00283930264413, 0.00328226177953, 0.00610975408927, 0.00562001764774, 0.00268346956, 0.00130081246607, 0.00118791114073, 0.000649553432595, 0.000550863216631, 0.00178539799526, 0.000318523234455, 0.000257960404269, 0.000442606833531, 8.43039670144e-05, 9.85794395092e-05, 0.000203576782951, 0.00013121747179, 0.000254145212239, 0.00011275295401, 6.50931251585e-05, 9.79167307378e-05, 0.000116634539154, 3.53151262971e-05, 6.97352734278e-05, 9.32994371396e-05, 5.59401778446e-05, 3.58440665877e-05, 2.69504253083e-05, 1.00144343378e-05],
        "mean": [0.00070576381404, 0.000898146245163, 0.000582956068683, 0.000737380003557, 0.000383431470254, 0.000274209829513, 0.000261122972006, 0.000240006804233, 0.000611020834185, 0.000402572506573, 0.000236321633565, 0.000211275473703, 0.000146907230373, 0.000117063857033, 0.000178718357347, 0.000116937102575, 7.55186847528e-05, 4.0822687879e-05, 2.86001813947e-05, 2.72984707408e-05, 3.13347482006e-05, 1.98316720343e-05, 1.625708137e-05, 1.23995187096e-05, 6.92060302754e-06, 8.70983330969e-06, 9.32871353143e-06, 7.19045374353e-06, 6.81178562445e-06, 5.4448219089e-06, 6.26985274721e-06, 6.62117918182e-06, 5.97933967583e-06, 3.58561896974e-06, 4.60618821307e-06, 3.65771165889e-06, 2.28420390158e-06, 1.64592313467e-06, 1.3474533489e-06, 7.34901732358e-07],
        "median": [5.77004175284e-05, 0.00025696537341, 0.000356755481334, 0.000411700340919, 0.000222666276386, 0.000132066532387, 8.80731167854e-05, 7.41982221371e-05, 0.000129576801555, 8.75481928233e-05, 5.21636211488e-05, 9.07863504835e-05, 4.35872461821e-05, 4.42306845798e-05, 3.94252783735e-05, 2.28698918363e-05, 2.14870142372e-05, 1.65872825164e-05, 1.34539795908e-05, 1.12950983748e-05, 8.72485816217e-06, 1.01967789305e-05, 1.00935449154e-05, 5.19744480698e-06, 3.64401421393e-06, 5.45726152268e-06, 4.70811937703e-06, 3.07345499095e-06, 2.7216503895e-06, 2.48054948315e-06, 3.60899207408e-06, 4.05380978918e-06, 2.93487414638e-06, 1.8392659058e-06, 2.25802295972e-06, 1.90560376723e-06, 1.1428360267e-06, 7.41190831377e-07, 4.94823098052e-07, 2.86580217335e-07],
        "min": [1.34170674571e-09, 4.80649831047e-09, 2.43000108924e-08, 9.12324527036e-09, 3.66782604289e-09, 2.59690935422e-09, 1.06124451449e-08, 7.43047934293e-09, 3.21662518843e-09, 5.57868453654e-08, 3.33428289423e-08, 1.04646504795e-08, 7.52346240862e-10, 9.03360497517e-10, 1.00249619717e-09, 3.21504445289e-09, 7.86699871913e-10, 1.07831144014e-09, 5.51325374243e-10, 8.79814554544e-11, 2.18772416849e-10, 4.84402795653e-10, 2.0911061771e-10, 1.07876527156e-10, 3.62375511542e-11, 9.36804037122e-11, 8.89148199512e-11, 3.50744190636e-11, 3.58655362354e-11, 1.9215967359e-11, 9.306556914e-11, 1.67541189255e-10, 8.38989017149e-11, 1.70863496962e-11, 1.30971164469e-10, 7.55511694872e-11, 1.39738316404e-11, 1.78375994531e-11, 1.33961184159e-11, 1.57880739732e-12],
        "var": [2.60578212874e-06, 4.09856784245e-06, 6.04552042205e-07, 1.0779524473e-06, 2.69811863518e-07, 1.83944564469e-07, 2.42575168841e-07, 2.43143688294e-07, 2.08728306461e-06, 1.3546283526e-06, 3.98167401272e-07, 1.19254295328e-07, 1.29493372469e-07, 8.83697879317e-08, 2.20814868612e-07, 7.16585688565e-08, 1.64959885751e-08, 6.77787781456e-09, 2.51117926453e-09, 2.68949285065e-09, 1.08365902918e-08, 9.05501285065e-10, 3.80226683472e-10, 7.58582363591e-10, 8.11420791669e-11, 9.21177717439e-11, 2.35574199037e-10, 1.34462940782e-10, 3.05407782397e-10, 9.16493270164e-11, 6.39894318089e-11, 6.78698486301e-11, 8.42649006128e-11, 2.33581314013e-11, 5.16092897584e-11, 3.78589277983e-11, 1.52242610879e-11, 7.61242631431e-12, 6.12878671424e-12, 1.5269740767e-12]
    },
    "mfcc": {
        "mean": [-617.983276367, 100.955307007, 2.2896835804, 6.91801548004, -8.58976840973, 7.52565097809, -6.56899833679, 4.49646615982, -5.58372735977, -1.91355752945, -5.24243593216, -2.96841096878, -6.97658205032],
        "cov": [[2963.53051758, -241.419448853, -145.879135132, -102.149925232, -76.7624893188, 91.4308776855, 15.425696373, 9.16606235504, 51.4428367615, 63.635799408, 64.1698608398, 50.738899231, -0.228617191315], [-241.419448853, 390.37121582, 87.1248855591, 17.7209205627, -29.9092903137, 5.6597495079, -2.95568346977, 61.2192153931, 12.4053678513, 47.2833557129, 73.3910217285, 35.8968696594, 31.1812801361], [-145.879135132, 87.1248855591, 279.143157959, 84.7565307617, 72.5941390991, -2.47146725655, 22.3957614899, 26.3052139282, 6.54222154617, 17.7203540802, 9.09442329407, 5.05648565292, 26.4999904633], [-102.149925232, 17.7209205627, 84.7565307617, 231.258605957, 138.574279785, 34.0483398438, 56.1872024536, 20.6442527771, 39.6545677185, 11.32817173, -27.5291748047, 7.90694952011, 36.4930801392], [-76.7624893188, -29.9092903137, 72.5941390991, 138.574279785, 294.695281982, 32.5614089966, 60.2467918396, -20.7831325531, 47.3036842346, -1.94906294346, -48.8702163696, -4.92481327057, 16.4347457886], [91.4308776855, 5.6597495079, -2.47146725655, 34.0483398438, 32.5614089966, 178.049621582, 81.1903610229, 46.3404693604, 27.8397045135, 30.3696880341, 36.7155342102, 27.7621269226, 9.41560077667], [15.425696373, -2.95568346977, 22.3957614899, 56.1872024536, 60.2467918396, 81.1903610229, 193.963562012, 39.0491104126, 48.4783782959, 6.14594221115, 21.3504085541, 39.7775497437, 37.4003181458], [9.16606235504, 61.2192153931, 26.3052139282, 20.6442527771, -20.7831325531, 46.3404693604, 39.0491104126, 118.892807007, 41.6658630371, 26.2545757294, 27.6891593933, 24.3033924103, 20.8763179779], [51.4428367615, 12.4053678513, 6.54222154617, 39.6545677185, 47.3036842346, 27.8397045135, 48.4783782959, 41.6658630371, 124.966682434, 51.0032653809, 11.6629772186, 15.3447647095, 12.0035009384], [63.635799408, 47.2833557129, 17.7203540802, 11.32817173, -1.94906294346, 30.3696880341, 6.14594221115, 26.2545757294, 51.0032653809, 101.910636902, 51.2257041931, 21.1145629883, -1.42476952076], [64.1698608398, 73.3910217285, 9.09442329407, -27.5291748047, -48.8702163696, 36.7155342102, 21.3504085541, 27.6891593933, 11.6629772186, 51.2257041931, 130.277526855, 56.70860672, 13.2746362686], [50.738899231, 35.8968696594, 5.05648565292, 7.90694952011, -4.92481327057, 27.7621269226, 39.7775497437, 24.3033924103, 15.3447647095, 21.1145629883, 56.70860672, 91.9753036499, 42.4216194153], [-0.228617191315, 31.1812801361, 26.4999904633, 36.4930801392, 16.4347457886, 9.41560077667, 37.4003181458, 20.8763179779, 12.0035009384, -1.42476952076, 13.2746362686, 42.4216194153, 84.0175857544]],
