{
"lowlevel": {
    "average_loudness": 0.962030291557,
    "barkbands_crest": {
        "dmean": 2.02805280685,
        "dmean2": 3.29095864296,
        "dvar": 3.74633383751,
        "dvar2": 9.39058876038,
        "max": 22.1592025757,
        "mean": 8.81318187714,
        "median": 8.32765102386,
        "min": 2.70242118835,
        "var": 9.98540878296
    },
    "barkbands_flatness_db": {
        "dmean": 0.0172262657434,
        "dmean2": 0.0276047941297,
        "dvar": 0.000230612495216,
        "dvar2": 0.000542883179151,
        "max": 0.324956417084,
        "mean": 0.168224513531,
        "median": 0.151262268424,
        "min": 0.0687719136477,
        "var": 0.00275043467991
    },
    "barkbands_kurtosis": {
        "dmean": 1.44859266281,
        "dmean2": 2.35250639915,
        "dvar": 9.22075366974,
        "dvar2": 21.9098758698,
        "max": 100.230827332,
        "mean": 1.48149049282,
        "median": 0.583676099777,
        "min": -1.85725867748,
        "var": 19.3069610596
    },
    "barkbands_skewness": {
        "dmean": 0.402558654547,
        "dmean2": 0.634348869324,
        "dvar": 0.159670293331,
        "dvar2": 0.38342154026,
        "max": 8.37531280518,
        "mean": 1.14306116104,
        "median": 1.14454460144,
        "min": -2.00157499313,
        "var": 0.744857430458
    },
    "barkbands_spread": {
        "dmean": 3.87483930588,
        "dmean2": 6.03112840652,
        "dvar": 13.313378334,
        "dvar2": 29.9694538116,
        "max": 53.7528495789,
        "mean": 21.6358833313,
        "median": 21.2879295349,
        "min": 1.27124321461,
        "var": 53.2872467041
    },
    "dissonance": {
        "dmean": 0.0169408917427,
        "dmean2": 0.0284077450633,
        "dvar": 0.000326111068716,
        "dvar2": 0.0008977628313,
        "max": 0.499803781509,
        "mean": 0.462747007608,
        "median": 0.470692306757,
        "min": 0.295120477676,
        "var": 0.000845071102958
    },
    "dynamic_complexity": 1.37707436085,
    "erbbands_crest": {
        "dmean": 2.42237401009,
        "dmean2": 3.88485217094,
        "dvar": 5.37244272232,
        "dvar2": 13.5661020279,
        "max": 30.8643493652,
        "mean": 9.25915431976,
        "median": 7.55382633209,
        "min": 2.81390380859,
        "var": 27.6280651093
    },
    "erbbands_flatness_db": {
        "dmean": 0.0127499513328,
        "dmean2": 0.0192926023155,
        "dvar": 0.000142663004226,
        "dvar2": 0.000320067309076,
        "max": 0.402026534081,
        "mean": 0.203988417983,
        "median": 0.173652693629,
        "min": 0.118752278388,
        "var": 0.00414467090741
    },
    "erbbands_kurtosis": {
        "dmean": 0.651122868061,
        "dmean2": 1.04517376423,
        "dvar": 0.84732490778,
        "dvar2": 1.9691901207,
        "max": 12.888171196,
        "mean": 0.0257957968861,
        "median": -0.339574337006,
        "min": -1.77212798595,
        "var": 1.9696958065
    },
    "erbbands_skewness": {
        "dmean": 0.301861703396,
        "dmean2": 0.464085668325,
        "dvar": 0.077122874558,
        "dvar2": 0.182856976986,
        "max": 2.76805377007,
        "mean": -0.0134529760107,
        "median": 0.11594607681,
        "min": -3.41429877281,
        "var": 0.533200025558
    },
    "erbbands_spread": {
        "dmean": 5.62345790863,
        "dmean2": 8.87937927246,
        "dvar": 25.4777622223,
        "dvar2": 59.3399162292,
        "max": 95.3470535278,
        "mean": 34.1534996033,
        "median": 34.6488494873,
        "min": 5.71917009354,
        "var": 174.878051758
    },
    "hfc": {
        "dmean": 5.59283924103,
        "dmean2": 8.41042423248,
        "dvar": 37.645816803,
        "dvar2": 80.6319274902,
        "max": 132.278213501,
        "mean": 29.4007396698,
        "median": 27.4115600586,
        "min": 0.000215855470742,
        "var": 195.370849609
    },
    "melbands_crest": {
        "dmean": 3.07561159134,
        "dmean2": 4.88901472092,
        "dvar": 8.64796161652,
        "dvar2": 20.1956996918,
        "max": 31.1706428528,
        "mean": 14.5299806595,
        "median": 14.4355735779,
        "min": 4.30519247055,
        "var": 26.6829490662
    },
    "melbands_flatness_db": {
        "dmean": 0.0211342517287,
        "dmean2": 0.0326005443931,
        "dvar": 0.000476553628687,
        "dvar2": 0.00102995242923,
        "max": 0.40894973278,
        "mean": 0.191306352615,
        "median": 0.177758544683,
        "min": 0.0571873672307,
        "var": 0.00354488682933
    },
    "melbands_kurtosis": {
        "dmean": 3.6087167263,
        "dmean2": 5.88364315033,
        "dvar": 41.3617935181,
        "dvar2": 100.912750244,
        "max": 201.276046753,
        "mean": 6.98724985123,
        "median": 5.05529117584,
        "min": -1.77838587761,
        "var": 98.6485595703
    },
    "melbands_skewness": {
        "dmean": 0.542060375214,
        "dmean2": 0.855887174606,
        "dvar": 0.307351708412,
        "dvar2": 0.74120670557,
        "max": 10.8367919922,
        "mean": 2.08519124985,
        "median": 1.99071836472,
        "min": -1.09769701958,
        "var": 1.32079422474
    },
    "melbands_spread": {
        "dmean": 5.42495679855,
        "dmean2": 8.46629619598,
        "dvar": 27.0744838715,
        "dvar2": 60.8448867798,
        "max": 78.2491073608,
        "mean": 24.344078064,
        "median": 23.521238327,
        "min": 1.00621640682,
        "var": 91.1012573242
    },
    "pitch_salience": {
        "dmean": 0.0646577700973,
        "dmean2": 0.103332139552,
        "dvar": 0.00381234660745,
        "dvar2": 0.00907018780708,
        "max": 0.835132956505,
        "mean": 0.529995977879,
        "median": 0.529462873936,
        "min": 0.185535311699,
        "var": 0.0123737175018
    },
    "silence_rate_20dB": {
        "dmean": 0,
        "dmean2": 0,
        "dvar": 0,
        "dvar2": 0,
        "max": 1,
        "mean": 1,
        "median": 1,
        "min": 1,
        "var": 0
    },
    "silence_rate_30dB": {
        "dmean": 0.000773993786424,
        "dmean2": 0.00154858687893,
        "dvar": 0.000773392734118,
        "dvar2": 0.00154617929365,
        "max": 1,
        "mean": 0.999226331711,
        "median": 1,
        "min": 0,
        "var": 0.00077309407061
    },
    "silence_rate_60dB": {
        "dmean": 0.00232198135927,
        "dmean2": 0.00464576063678,
        "dvar": 0.00231648539193,
        "dvar2": 0.00462440634146,
        "max": 1,
        "mean": 0.0158607345074,
        "median": 0,
        "min": 0,
        "var": 0.0156093733385
    },
    "spectral_centroid": {
        "dmean": 203.709121704,
        "dmean2": 312.534698486,
        "dvar": 36016.4804688,
        "dvar2": 81850.8125,
        "max": 2884.36791992,
        "mean": 1307.13781738,
        "median": 1277.02954102,
        "min": 215.088317871,
        "var": 151076.203125
    },
    "spectral_complexity": {
        "dmean": 3.71362233162,
        "dmean2": 5.5625243187,
        "dvar": 11.5679969788,
        "dvar2": 23.8411369324,
        "max": 55,
        "mean": 25.9176006317,
        "median": 26,
        "min": 0,
        "var": 82.0330047607
    },
    "spectral_decrease": {
        "dmean": 2.4221435968e-09,
        "dmean2": 3.87136189772e-09,
        "dvar": 9.69086093614e-18,
        "dvar2": 2.40554263365e-17,
        "max": -9.5181376886e-14,
        "mean": -9.70181357474e-09,
        "median": -9.31266530557e-09,
        "min": -3.26384146376e-08,
        "var": 1.85978491279e-17
    },
    "spectral_energy": {
        "dmean": 0.00946059450507,
        "dmean2": 0.015072950162,
        "dvar": 0.000141419208376,
        "dvar2": 0.000350486312527,
        "max": 0.12542244792,
        "mean": 0.0392835848033,
        "median": 0.0378411635756,
        "min": 3.788143772e-07,
        "var": 0.000287848117296
    },
    "spectral_energyband_high": {
        "dmean": 0.000223938463023,
        "dmean2": 0.000329924630933,
        "dvar": 8.3324039224e-08,
        "dvar2": 1.72351661831e-07,
        "max": 0.00557571137324,
        "mean": 0.00075563788414,
        "median": 0.000638614350464,
        "min": 9.29870136446e-09,
        "var": 5.06002891143e-07
    },
    "spectral_energyband_low": {
        "dmean": 0.00667544640601,
        "dmean2": 0.0109079740942,
        "dvar": 0.000121979646792,
        "dvar2": 0.00031339598354,
        "max": 0.110418982804,
        "mean": 0.0141554810107,
        "median": 0.012220358476,
        "min": 1.44001816693e-07,
        "var": 0.0001830796391
    },
    "spectral_energyband_middle_high": {
        "dmean": 0.00280330120586,
        "dmean2": 0.00438630813733,
        "dvar": 1.14553358799e-05,
        "dvar2": 2.61683508143e-05,
        "max": 0.0671904757619,
        "mean": 0.010228770785,
        "median": 0.00839341897517,
        "min": 4.72763090897e-08,
        "var": 5.96638055868e-05
    },
    "spectral_energyband_middle_low": {
        "dmean": 0.00480868853629,
        "dmean2": 0.00785621721298,
        "dvar": 3.51832386514e-05,
        "dvar2": 9.01398161659e-05,
        "max": 0.0645579397678,
        "mean": 0.0174178052694,
        "median": 0.0162823908031,
        "min": 1.6245043355e-07,
        "var": 7.98006076366e-05
    },
    "spectral_entropy": {
        "dmean": 0.117165707052,
        "dmean2": 0.1750305444,
        "dvar": 0.0126839820296,
        "dvar2": 0.0259318314493,
        "max": 8.16807079315,
        "mean": 7.47293567657,
        "median": 7.67465734482,
        "min": 5.99170589447,
        "var": 0.227638185024
    },
    "spectral_flux": {
        "dmean": 0.0288084633648,
        "dmean2": 0.0463902205229,
        "dvar": 0.000983608071692,
        "dvar2": 0.00221338029951,
        "max": 0.320982009172,
        "mean": 0.0944198817015,
        "median": 0.0858243331313,
        "min": 0.000615478958935,
        "var": 0.00173716945574
    },
    "spectral_kurtosis": {
        "dmean": 2.46954751015,
        "dmean2": 4.25750923157,
        "dvar": 14.8453493118,
        "dvar2": 43.6010475159,
        "max": 43.0949783325,
        "mean": 5.02663564682,
        "median": 2.64558506012,
        "min": -0.231619119644,
        "var": 36.2126312256
    },
    "spectral_rms": {
        "dmean": 0.000721870688722,
        "dmean2": 0.00113056867849,
        "dvar": 6.7748027277e-07,
        "dvar2": 1.60110562319e-06,
        "max": 0.0110617969185,
        "mean": 0.00602130033076,
        "median": 0.00607603555545,
        "min": 1.92243333004e-05,
        "var": 2.06947015613e-06
    },
    "spectral_rolloff": {
        "dmean": 325.998687744,
        "dmean2": 534.737304688,
        "dvar": 158032.3125,
        "dvar2": 350351.09375,
        "max": 4651.171875,
        "mean": 1408.18127441,
        "median": 1464.2578125,
        "min": 129.19921875,
        "var": 377159.8125
    },
    "spectral_skewness": {
        "dmean": 0.262790083885,
        "dmean2": 0.439072608948,
        "dvar": 0.0945781990886,
        "dvar2": 0.263453871012,
        "max": 4.35696172714,
        "mean": 1.44077551365,
        "median": 1.27582490444,
        "min": 0.381603300571,
        "var": 0.331481426954
    },
    "spectral_spread": {
        "dmean": 303186.59375,
        "dmean2": 458092.3125,
        "dvar": 94296948736,
        "dvar2": 195772858368,
        "max": 7127938,
        "mean": 3565805.25,
        "median": 3881117,
        "min": 1237902.375,
        "var": 1.18357714534e+12
    },
    "spectral_strongpeak": {
        "dmean": 0.652552902699,
        "dmean2": 1.12766110897,
        "dvar": 1.59526622295,
        "dvar2": 4.17160606384,
        "max": 14.6599817276,
        "mean": 1.33795821667,
        "median": 0.762518525124,
        "min": 0.000730403116904,
        "var": 3.41595816612
    },
    "zerocrossingrate": {
        "dmean": 0.00681855296716,
        "dmean2": 0.0082480404526,
        "dvar": 3.51952148776e-05,
        "dvar2": 4.92182916787e-05,
        "max": 0.125,
        "mean": 0.0543503314257,
        "median": 0.0537109375,
        "min": 0.00732421875,
        "var": 0.000249656441156
    },
    "barkbands": {
        "dmean": [8.81310697878e-05, 0.00200639711693, 0.00452156132087, 0.00202016811818, 0.00154027401004, 0.00101752975024, 0.00111979665235, 0.00146968232002, 0.000954394345172, 0.000882087275386, 0.000545189308468, 0.000654267845675, 0.000406691222452, 0.000673625792842, 0.00126078166068, 0.000335363933118, 0.000302746484522, 0.000155368528794, 0.000204042065889, 0.000132942441269, 8.33847298054e-05, 6.61329322611e-05, 4.66981618956e-05, 3.55256452167e-05, 1.13013284135e-05, 1.28716619585e-08, 1.47100776005e-09],
        "dmean2": [0.000134775560582, 0.00333848712035, 0.00750845158473, 0.00336874905042, 0.00249708490446, 0.00166152510792, 0.00173235405236, 0.00240402203053, 0.00152856437489, 0.00140248681419, 0.000823220878374, 0.00105180952232, 0.00065946689574, 0.00111834402196, 0.00199733232148, 0.000546401250176, 0.000496301508974, 0.000258095707977, 0.000324078981066, 0.000211460544961, 0.000132357992698, 0.000102753132524, 7.13103290764e-05, 5.41178451385e-05, 1.75557306648e-05, 2.12463699967e-08, 2.68806932269e-09],
        "dvar": [4.03852737918e-08, 1.56279784278e-05, 6.26121545793e-05, 9.69579468801e-06, 6.95288008501e-06, 3.02441389977e-06, 2.40338044932e-06, 6.49898811389e-06, 2.487548727e-06, 1.87260911844e-06, 7.04583214883e-07, 7.02389343132e-07, 6.18137789843e-07, 2.59649846157e-06, 7.31097452444e-06, 5.22329969499e-07, 1.34799066132e-07, 3.77698725629e-08, 7.89474086105e-08, 3.97397599272e-08, 1.25572254817e-08, 8.37707592183e-09, 4.63688820673e-09, 3.18220960693e-09, 4.1093145553e-10, 4.79171355762e-16, 3.0943784468e-18],
        "dvar2": [9.45232443428e-08, 4.16149669036e-05, 0.000161558084073, 2.46434119617e-05, 1.65890196513e-05, 7.89755904407e-06, 5.2904133554e-06, 1.71841165866e-05, 6.41354017716e-06, 4.42651753474e-06, 1.49054596932e-06, 1.75910145117e-06, 1.55984184858e-06, 6.25709435553e-06, 1.7240683519e-05, 1.36185406063e-06, 3.65463108665e-07, 1.0010028717e-07, 1.94254738517e-07, 9.31423329575e-08, 3.04752170166e-08, 1.92319120629e-08, 1.06269961719e-08, 6.92502943878e-09, 8.56146542549e-10, 1.17989582558e-15, 9.52334776312e-18],
        "max": [0.00378802977502, 0.0456274151802, 0.0891870856285, 0.0277631711215, 0.0325974225998, 0.0296209603548, 0.0240115281194, 0.0339799821377, 0.0254661422223, 0.0254903100431, 0.0148216960952, 0.0108726359904, 0.0175433065742, 0.0452957563102, 0.0563623681664, 0.0219867452979, 0.0056116017513, 0.0024138642475, 0.00622896943241, 0.00383424106985, 0.00171468697954, 0.00185746478382, 0.00114993564785, 0.000734515022486, 0.000470449042041, 4.49057125707e-07, 1.11492637345e-08],
        "mean": [9.9080039945e-05, 0.00298971845768, 0.00803110934794, 0.00421020109206, 0.0025584558025, 0.00213709287345, 0.00343545433134, 0.00278956699185, 0.00180606753565, 0.00149764458183, 0.000961724494118, 0.00107823836152, 0.000693233101629, 0.00114141323138, 0.00303249014542, 0.000599383143708, 0.000580878113396, 0.000321713770973, 0.000409397121985, 0.000296374666505, 0.000208888886846, 0.000169977036421, 0.000119284435641, 9.0875197202e-05, 2.53271573456e-05, 2.23565841395e-08, 1.18775367319e-09],
        "median": [1.24597127069e-05, 0.00129144988023, 0.00513323070481, 0.00199334346689, 0.00134218297899, 0.00146015011705, 0.0021615603473, 0.001781893312, 0.0011711907573, 0.000777807377744, 0.000463656295324, 0.000774594256654, 0.000405735510867, 0.000411012093537, 0.000655168492813, 0.000423225894338, 0.000442271295469, 0.000258101936197, 0.000308495684294, 0.000197703702725, 0.000165426827152, 0.000132516259328, 9.6308744105e-05, 6.84088881826e-05, 1.87678415386e-05, 1.52769707995e-08, 5.19994158843e-10],
        "min": [3.01629998756e-10, 2.12554649437e-08, 7.63925740443e-08, 8.20387597855e-08, 6.04242789137e-09, 1.11595832575e-09, 1.79434564984e-08, 7.27749238649e-09, 1.43349587756e-09, 9.30440524627e-09, 4.37090985628e-09, 5.27891597102e-09, 6.37466524012e-09, 2.36511121798e-09, 2.34138086697e-09, 2.07178119105e-09, 1.42027467565e-09, 1.1567973246e-09, 1.56236990012e-09, 1.59178437098e-09, 1.11351106113e-09, 2.13607997956e-09, 1.99170013815e-09, 7.72367225732e-10, 6.84682588403e-11, 3.83033925758e-12, 4.61352917674e-12],
        "var": [5.10754603056e-08, 1.9105435058e-05, 9.00751256268e-05, 2.6684236218e-05, 1.11956678666e-05, 5.83116343478e-06, 1.43267834574e-05, 1.11320678116e-05, 4.69760516353e-06, 4.70967370347e-06, 1.91602930499e-06, 1.10529936137e-06, 9.16197677725e-07, 7.54724442231e-06, 3.12727861456e-05, 7.41060887322e-07, 3.18822173995e-07, 9.36786577199e-08, 1.6113561685e-07, 1.26271970657e-07, 4.06916171869e-08, 3.28738209987e-08, 1.59131676725e-08, 9.52825551792e-09, 1.00778096979e-09, 9.03015260562e-16, 2.73203342704e-18]
    },
    "erbbands": {
        "dmean": [0.0348163358867, 0.580858945847, 4.20741558075, 6.37780857086, 4.35773801804, 6.42290449142, 6.22019290924, 9.71001243591, 13.0582380295, 23.6162586212, 31.2212104797, 21.0662727356, 24.461473465, 26.1840953827, 20.6791648865, 29.6697654724, 16.9472980499, 29.8283309937, 72.850440979, 30.375202179, 17.5685062408, 14.4675931931, 8.49363994598, 10.4014177322, 7.90482378006, 6.17964553833, 4.05331039429, 2.94128847122, 2.41275382042, 1.76367020607, 1.4627250433, 0.886005103588, 0.506976723671, 0.230231314898, 0.0215363502502, 0.000907594221644, 4.22942830482e-05, 5.89756155023e-06, 4.81443703393e-06, 1.06022107502e-05],
        "dmean2": [0.0587666593492, 0.965997517109, 6.95256757736, 10.6051368713, 7.29857254028, 10.2846469879, 9.78936767578, 15.9224348068, 20.321023941, 38.3071365356, 50.4601402283, 33.7474899292, 39.4659538269, 40.2397460938, 31.7508430481, 47.7588272095, 27.6603927612, 48.3673629761, 114.773750305, 48.8865127563, 28.654209137, 23.4822463989, 14.0771436691, 16.4721031189, 12.609585762, 9.8028345108, 6.44595432281, 4.69779109955, 3.74701786041, 2.65885472298, 2.29443311691, 1.36153960228, 0.772395312786, 0.356178253889, 0.0332591086626, 0.00139416917227, 6.35977849015e-05, 8.78650280356e-06, 7.49032005842e-06, 1.68033948285e-05],
        "dvar": [0.00746713019907, 1.20665884018, 56.5239982605, 92.7471084595, 41.3348045349, 149.80897522, 155.10256958, 291.196594238, 392.674499512, 1382.83947754, 3257.09204102, 1369.17236328, 1782.19836426, 1766.30651855, 1013.31549072, 1673.12426758, 887.231323242, 2560.05761719, 31194.5390625, 4928.58837891, 868.353637695, 324.816162109, 116.39743042, 207.205184937, 119.077049255, 73.3268203735, 32.5472259521, 15.4108877182, 11.8125858307, 6.75032663345, 4.60920476913, 1.77998185158, 0.791428208351, 0.166484922171, 0.00170025660191, 2.90747925646e-06, 5.27815835483e-09, 7.46994618939e-11, 2.80746103448e-11, 1.65003746777e-10],
        "dvar2": [0.0185772515833, 3.24717092514, 145.080154419, 233.338226318, 107.255271912, 354.375061035, 365.500152588, 762.719970703, 899.270202637, 3300.8684082, 8658.33789062, 3423.43212891, 4752.78027344, 3741.67333984, 2284.03125, 4225.66650391, 2245.9753418, 6365.94580078, 77224.6015625, 11404.0126953, 2190.52563477, 859.846496582, 312.50680542, 517.648864746, 277.85067749, 171.795120239, 79.3708114624, 37.077709198, 27.2004642487, 14.9363040924, 11.2802648544, 4.13702011108, 1.63897168636, 0.344917595387, 0.00388104841113, 6.50510082778e-06, 1.08776445629e-08, 1.44676409741e-10, 6.3983145171e-11, 4.052630731e-10],
        "max": [1.15604281425, 12.276558876, 82.1149368286, 86.366859436, 64.0571670532, 163.269134521, 249.4506073, 326.095153809, 350.026397705, 597.046081543, 879.732910156, 581.63885498, 729.22088623, 982.556274414, 549.37512207, 543.572387695, 524.160461426, 1096.03686523, 2970.25292969, 2045.9753418, 899.42980957, 320.332946777, 136.187774658, 343.186950684, 169.12953186, 156.128692627, 78.4471817017, 54.6210441589, 80.3123321533, 45.844833374, 31.8920116425, 16.7083930969, 15.7402153015, 9.48435115814, 0.887788712978, 0.0380122475326, 0.00168507173657, 0.000192153820535, 5.82710963499e-05, 0.00013765640324],
        "mean": [0.0425942316651, 0.925143718719, 7.4660782814, 14.4371595383, 8.04519367218, 9.54911708832, 10.4264907837, 20.8526649475, 31.9323348999, 74.9355926514, 58.6977081299, 41.9135284424, 42.8075180054, 48.881111145, 39.5531997681, 48.5929603577, 32.8530387878, 61.2536010742, 163.361343384, 71.8394393921, 36.6286888123, 30.1795101166, 19.4198417664, 21.3668403625, 17.6703472137, 14.4200801849, 9.77192687988, 7.34828996658, 6.07606220245, 4.40554857254, 3.52163362503, 2.22430086136, 1.26416897774, 0.56479460001, 0.0454164706171, 0.00202650623396, 0.000123162084492, 2.04790067073e-05, 2.4360986572e-05, 4.72709507449e-05],
        "median": [0.018677091226, 0.457437455654, 4.18667650223, 9.49849414825, 5.49754524231, 4.41901016235, 5.45800352097, 12.9338588715, 22.7959079742, 39.1602096558, 35.6815681458, 26.1129951477, 26.3323364258, 27.1731185913, 24.9592990875, 33.2022743225, 22.3584728241, 29.5908374786, 34.8762016296, 27.7754154205, 27.243970871, 23.1941375732, 15.7557811737, 16.3122177124, 13.3371372223, 10.3145532608, 7.44954490662, 6.03625535965, 4.61001682281, 3.24484038353, 2.9013736248, 1.72327160835, 0.990429461002, 0.438232719898, 0.0314474143088, 0.0014436384663, 9.69132233877e-05, 1.68706192198e-05, 2.37829008256e-05, 4.58486138086e-05],
        "min": [4.1386138605e-07, 6.52419976177e-06, 6.37474804535e-05, 0.000216504951823, 0.000100724530057, 1.1189756151e-05, 2.60804495156e-06, 2.22637645493e-05, 0.000274880148936, 0.000446781603387, 0.000115015027404, 7.94990264694e-05, 0.000223383045522, 0.000296163227176, 0.000179552516784, 0.000160631971085, 0.000308016198687, 0.000167149089975, 0.000139307900099, 0.00011320192425, 0.000100973127701, 7.40294999559e-05, 6.4808766183e-05, 8.03432194516e-05, 9.25010172068e-05, 8.29618584248e-05, 3.94238741137e-05, 5.60563712497e-05, 6.41886363155e-05, 5.31669502379e-05, 6.41435981379e-05, 2.9239568903e-05, 8.18579064799e-06, 2.15998898057e-06, 1.77720551164e-07, 5.12659887875e-08, 6.83647405353e-09, 2.71610578473e-09, 9.39344046991e-10, 5.37168864945e-10],
        "var": [0.00777765922248, 1.50504851341, 80.4588317871, 232.650512695, 72.6140060425, 227.712112427, 261.002746582, 589.544494629, 1038.07849121, 9166.76757812, 5099.29248047, 2841.44360352, 2628.15649414, 5388.37744141, 2342.20336914, 2417.36425781, 1335.25891113, 8514.90429688, 116668.976562, 13945.1142578, 1697.79846191, 836.614685059, 325.145721436, 421.478057861, 325.140228271, 252.058197021, 101.38899231, 50.7272071838, 43.7708396912, 24.3152427673, 13.963850975, 5.34296274185, 2.07602858543, 0.447994470596, 0.00356631586328, 6.50083757137e-06, 1.50745460559e-08, 2.67996014269e-10, 8.75653161092e-11, 3.74583697393e-10]
    },
    "gfcc": {
        "mean": [8.72301673889, 134.838378906, -162.65687561, 43.8339805603, -71.9244689941, 15.3752717972, -35.4466934204, -3.91843104362, -4.0099978447, -15.8637771606, -0.709429144859, -27.3362731934, -1.86042070389],
        "cov": [[3216.21508789, -857.956726074, 344.784240723, 731.968444824, -527.88671875, 428.100799561, -13.6152133942, 480.728912354, -307.830993652, -85.3123703003, -29.399061203, 165.184143066, 48.0078964233], [-857.956726074, 935.578369141, -125.819480896, -407.255767822, 545.470214844, -223.958618164, 128.998168945, -268.211578369, 257.721191406, 37.4869232178, 29.2044773102, -129.955932617, -33.7428970337], [344.784240723, -125.819480896, 540.726074219, 437.136993408, -83.7513885498, 273.006591797, 49.4542350769, 215.441314697, -117.076179504, -70.5404968262, -21.5278453827, 74.9390258789, -9.67887592316], [731.968444824, -407.255767822, 437.136993408, 665.587585449, -178.283615112, 285.990722656, 61.2525024414, 281.737365723, -182.332565308, -102.416259766, -34.994758606, 101.231201172, -4.35403060913], [-527.88671875, 545.470214844, -83.7513885498, -178.283615112, 456.176574707, -89.3446426392, 100.905563354, -144.895355225, 158.246109009, 29.3074970245, 6.13613176346, -93.2223205566, -43.5913658142], [428.100799561, -223.958618164, 273.006591797, 285.990722656, -89.3446426392, 279.087158203, 50.7765655518, 175.098297119, -96.7452316284, -36.2726707458, -12.3875875473, 57.7483901978, -5.74103832245], [-13.6152133942, 128.998168945, 49.4542350769, 61.2525024414, 100.905563354, 50.7765655518, 136.599533081, 38.7476463318, 25.8730258942, -12.5486621857, -8.93654251099, -16.7641506195, -14.6835365295], [480.728912354, -268.211578369, 215.441314697, 281.737365723, -144.895355225, 175.098297119, 38.7476463318, 241.822128296, -93.0131607056, -46.1146736145, -12.5932712555, 68.3688964844, 0.274365305901], [-307.830993652, 257.721191406, -117.076179504, -182.332565308, 158.246109009, -96.7452316284, 25.8730258942, -93.0131607056, 150.963638306, 62.9525642395, 15.4047546387, -56.8381271362, -15.5059967041], [-85.3123703003, 37.4869232178, -70.5404968262, -102.416259766, 29.3074970245, -36.2726707458, -12.5486621857, -46.1146736145, 62.9525642395, 97.2841949463, 31.6934280396, -24.8217544556, -3.3142490387], [-29.399061203, 29.2044773102, -21.5278453827, -34.994758606, 6.13613176346, -12.3875875473, -8.93654251099, -12.5932712555, 15.4047546387, 31.6934280396, 55.1998252869, 21.3529510498, 4.00348472595], [165.184143066, -129.955932617, 74.9390258789, 101.231201172, -93.2223205566, 57.7483901978, -16.7641506195, 68.3688964844, -56.8381271362, -24.8217544556, 21.3529510498, 89.7902984619, 31.5043506622], [48.0078964233, -33.7428970337, -9.67887592316, -4.35403060913, -43.5913658142, -5.74103832245, -14.6835365295, 0.274365305901, -15.5059967041, -3.3142490387, 4.00348472595, 31.5043506622, 51.4152488708]],
        "icov": [[0.000646160566248, -0.00136244797613, 0.00144744303543, -0.00116684415843, 0.00104072550312, -0.00120877358131, 0.00115894724149, -0.00127340410836, 0.000945999636315, -0.00111390894745, 0.000720817421097, 0.000176773552084, -0.00018960867601], [-0.00136244797613, 0.0207176674157, -0.0147482706234, 0.0107082678005, -0.0132487993687, 0.0110379690304, -0.0134086897597, 0.00910326559097, -0.0115530751646, 0.0147659294307, -0.013269959949, 0.00407322868705, -0.00487386481836], [0.00144744303543, -0.0147482706234, 0.0159906242043, -0.0102139757946, 0.00881689041853, -0.0111929113045, 0.0109164640307, -0.00758646707982, 0.00761634716764, -0.00979712884873, 0.00926334690303, -0.00288857985288, 0.00321232387796], [-0.00116684415843, 0.0107082678005, -0.0102139757946, 0.0109692541882, -0.00690529914573, 0.00591528974473, -0.00847641844302, 0.00321588059887, -0.00355493184179, 0.00781411956996, -0.00540379108861, 0.000283965287963, -0.000830264296383], [0.00104072550312, -0.0132487993687, 0.00881689041853, -0.00690529914573, 0.0139565737918, -0.00752978306264, 0.00539861060679, -0.00303366500884, 0.00330163119361, -0.00710924295709, 0.00683239521459, -0.00115103565622, 0.00466901715845], [-0.00120877358131, 0.0110379690304, -0.0111929113045, 0.00591528974473, -0.00752978306264, 0.0164996869862, -0.00997874792665, 0.00253591779619, -0.00259486678988, 0.00440953811631, -0.00523062236607, -0.000350550777512, -0.000514635408763], [0.00115894724149, -0.0134086897597, 0.0109164640307, -0.00847641844302, 0.00539861060679, -0.00997874792665, 0.0216164756566, -0.00958716496825, 0.00446872785687, -0.00682921521366, 0.00721124699339, 0.00123438087758, 0.000732211628929], [-0.00127340410836, 0.00910326559097, -0.00758646707982, 0.00321588059887, -0.00303366500884, 0.00253591779619, -0.00958716496825, 0.0171353295445, -0.00665470259264, 0.0068321088329, -0.00404363451526, -0.003348788945, 0.00168948958162], [0.000945999636315, -0.0115530751646, 0.00761634716764, -0.00355493184179, 0.00330163119361, -0.00259486678988, 0.00446872785687, -0.00665470259264, 0.0261440314353, -0.0173851251602, 0.00852470006794, -0.00127907679416, 0.0033724673558], [-0.00111390894745, 0.0147659294307, -0.00979712884873, 0.00781411956996, -0.00710924295709, 0.00440953811631, -0.00682921521366, 0.0068321088329, -0.0173851251602, 0.0323438048363, -0.0228318870068, 0.0117607656866, -0.00656040478498], [0.000720817421097, -0.013269959949, 0.00926334690303, -0.00540379108861, 0.00683239521459, -0.00523062236607, 0.00721124699339, -0.00404363451526, 0.00852470006794, -0.0228318870068, 0.0424918346107, -0.0219747144729, 0.0104493536055], [0.000176773552084, 0.00407322868705, -0.00288857985288, 0.000283965287963, -0.00115103565622, -0.000350550777512, 0.00123438087758, -0.003348788945, -0.00127907679416, 0.0117607656866, -0.0219747144729, 0.0344879440963, -0.0177050549537], [-0.00018960867601, -0.00487386481836, 0.00321232387796, -0.000830264296383, 0.00466901715845, -0.000514635408763, 0.000732211628929, 0.00168948958162, 0.0033724673558, -0.00656040478498, 0.0104493536055, -0.0177050549537, 0.0316926687956]]
    },
    "melbands": {
        "dmean": [0.000408518069889, 0.00167773698922, 0.000989335821941, 0.000346042885212, 0.000235008337768, 0.000209119461942, 0.000207661549211, 0.0002692702692, 0.000244171707891, 0.000136288814247, 0.000124300961033, 0.00011103387078, 7.65756776673e-05, 7.36122237868e-05, 5.42562193004e-05, 4.18452073063e-05, 5.56618106202e-05, 0.000125435442897, 6.23882151558e-05, 2.96778998745e-05, 2.2074636945e-05, 1.78524642251e-05, 1.18425759865e-05, 8.51703862281e-06, 9.48692377278e-06, 7.63823481975e-06, 5.25815039509e-06, 4.34274761574e-06, 3.05228218167e-06, 2.31739250012e-06, 1.97242934519e-06, 1.5745449673e-06, 1.29180352815e-06, 9.52058485382e-07, 1.01837258626e-06, 6.73562851716e-07, 5.45484510894e-07, 4.07476051123e-07, 3.19642026625e-07, 1.79331323125e-07],
        "dmean2": [0.000684807659127, 0.00275538885035, 0.00164664105978, 0.00057216786081, 0.000367869855836, 0.000342739018379, 0.000319943763316, 0.000438412360381, 0.000392989604734, 0.000219619018026, 0.000200079724891, 0.000170386745594, 0.000115638606076, 0.000118155752716, 8.77365746419e-05, 6.89932203386e-05, 9.00758386706e-05, 0.000201328773983, 9.84282014542e-05, 4.87812576466e-05, 3.63356157322e-05, 2.90365805995e-05, 1.98874222406e-05, 1.44724745041e-05, 1.51875083247e-05, 1.253393566e-05, 8.28742122394e-06, 7.04910235072e-06, 4.96890834256e-06, 3.70156476492e-06, 3.21512879964e-06, 2.47707930612e-06, 2.02600472221e-06, 1.46250363287e-06, 1.65749474945e-06, 1.04466653283e-06, 8.56009478412e-07, 6.29297517207e-07, 5.03083185777e-07, 2.8142494557e-07],
        "dvar": [7.63086063671e-07, 8.86011002876e-06, 2.08760116038e-06, 3.25691189573e-07, 1.95767924538e-07, 1.31982588414e-07, 8.88364368734e-08, 1.78486757818e-07, 1.86444509609e-07, 5.56903074767e-08, 4.57343887206e-08, 3.31956861999e-08, 1.45026000098e-08, 8.85268125472e-09, 5.73304870244e-09, 6.58951293531e-09, 1.04266284495e-08, 1.11709638873e-07, 2.62086956582e-08, 4.43861303268e-09, 1.1270994138e-09, 5.14376430338e-10, 2.74979899961e-10, 1.29787555703e-10, 1.88503976317e-10, 1.10398454267e-10, 8.0252540724e-11, 4.34858642151e-11, 2.07063116653e-11, 1.20538787285e-11, 6.74644454884e-12, 4.90724778521e-12, 3.88285844449e-12, 2.15904898127e-12, 2.21737190241e-12, 1.01603155143e-12, 6.74551777283e-13, 5.27702664552e-13, 2.78834138938e-13, 1.04888692946e-13],
        "dvar2": [1.95827283278e-06, 2.28761400649e-05, 5.31293107997e-06, 7.96793074187e-07, 4.58983123508e-07, 3.47610694007e-07, 1.99435305603e-07, 4.37960750332e-07, 4.94118069128e-07, 1.4364196943e-07, 1.21791160268e-07, 7.04895768422e-08, 3.07644647535e-08, 2.17300151206e-08, 1.48277541356e-08, 1.69434208885e-08, 2.46315075003e-08, 2.83510757981e-07, 5.87283928155e-08, 1.18040244246e-08, 2.87665313792e-09, 1.35280731062e-09, 7.58480278584e-10, 3.65846020145e-10, 4.72970995702e-10, 2.72080635799e-10, 1.84730147845e-10, 1.09853834362e-10, 5.21892112859e-11, 2.96565307034e-11, 1.71595290061e-11, 1.17311282216e-11, 9.2153880013e-12, 4.90528884872e-12, 5.81606854691e-12, 2.37075116483e-12, 1.59569449668e-12, 1.13225422961e-12, 6.10128646824e-13, 2.30186258509e-13],
        "max": [0.0101421717554, 0.0316569060087, 0.0128443771973, 0.00785410031676, 0.00674625998363, 0.00680563272908, 0.00547453062609, 0.0068540093489, 0.00628574052826, 0.00376675045118, 0.00376108475029, 0.00431240070611, 0.00225332495756, 0.00128358288202, 0.00133585464209, 0.00204076175578, 0.0022026989609, 0.0053852875717, 0.00616881623864, 0.00180146365892, 0.000701209763065, 0.000335757737048, 0.000228501565289, 0.000148081846419, 0.000327812856995, 0.000171714127646, 0.000176862435183, 0.00011253485718, 6.65719053359e-05, 6.36867480353e-05, 3.41650593327e-05, 4.40742405772e-05, 4.23862911703e-05, 2.60340711975e-05, 2.29254783335e-05, 1.26325339806e-05, 1.06425068225e-05, 1.19034702948e-05, 1.17336039693e-05, 7.83785708336e-06],
        "mean": [0.000587876827922, 0.00304918223992, 0.00227888580412, 0.000580825493671, 0.000384671002394, 0.000441753567429, 0.000555084377993, 0.000772149825934, 0.000439880997874, 0.000257308740402, 0.000210850121221, 0.000198263398488, 0.000138323870488, 0.000122304845718, 9.32930997806e-05, 7.42351185181e-05, 0.000107097592263, 0.000255972583545, 0.000153155357111, 5.42845627933e-05, 4.06979270338e-05, 3.33817115461e-05, 2.1702486265e-05, 1.60128947755e-05, 1.74534943653e-05, 1.44227678902e-05, 1.10182845674e-05, 9.14400061447e-06, 6.38117353446e-06, 4.8244746722e-06, 4.30144882557e-06, 3.57230123882e-06, 2.95312793241e-06, 2.13778002944e-06, 2.17803653868e-06, 1.58127363648e-06, 1.25153110275e-06, 9.21449100133e-07, 7.31045531666e-07, 3.90159669905e-07],
        "median": [0.000282700522803, 0.0017353175208, 0.00170714361593, 0.000342238723533, 0.000200650451006, 0.000281103159068, 0.000406315026339, 0.000424648198532, 0.000250785145909, 0.000159664530656, 0.000125985578052, 0.000102631456684, 7.2828901466e-05, 8.89938746695e-05, 7.02090037521e-05, 3.96957875637e-05, 4.09515669162e-05, 4.78033180116e-05, 4.20908436354e-05, 3.49303336407e-05, 2.95867939712e-05, 2.39679975493e-05, 1.50182122525e-05, 1.24572452478e-05, 1.25026681417e-05, 1.05593999251e-05, 6.85763370711e-06, 6.3484326347e-06, 4.53131997347e-06, 3.39425241691e-06, 3.44102386407e-06, 2.56407906818e-06, 2.22485641643e-06, 1.48119579535e-06, 1.71310171027e-06, 1.25148994812e-06, 9.46291493165e-07, 6.76240858866e-07, 5.72253497921e-07, 2.88375218815e-07],
        "min": [4.77251571596e-09, 2.53238674475e-08, 3.9359949966e-08, 2.61607291385e-09, 9.07574432274e-11, 5.02637875766e-10, 4.02335365024e-09, 5.32024113653e-09, 7.91296306257e-10, 2.10147704793e-10, 1.23999854829e-09, 1.16803766659e-09, 5.64586211116e-10, 5.10758768613e-10, 4.5912967872e-10, 5.52939805054e-10, 1.6760853816e-10, 2.1479261425e-10, 1.87004411956e-10, 1.41758840777e-10, 1.15289652824e-10, 7.26842058763e-11, 8.38631594724e-11, 4.22291125679e-11, 5.26348790941e-11, 8.04494040829e-11, 5.96618934812e-11, 4.99492149031e-11, 2.20699170744e-11, 2.64868838667e-11, 3.68124870864e-11, 2.64769976777e-11, 4.00841478065e-11, 2.54367204383e-11, 3.59392827998e-11, 3.10849748719e-11, 1.25534877632e-11, 5.45813264377e-12, 4.06333040132e-12, 6.70037809958e-13],
        "var": [8.68409756549e-07, 1.24186735775e-05, 4.85592772748e-06, 5.30064482973e-07, 3.20196960502e-07, 2.59138175807e-07, 2.67622624506e-07, 8.45851957365e-07, 3.05263370137e-07, 1.04780376375e-07, 6.65349446649e-08, 1.0097216574e-07, 3.92850552089e-08, 1.50282968292e-08, 7.90322651767e-09, 1.16027285557e-08, 3.87070713259e-08, 3.40400561072e-07, 7.76426105631e-08, 6.6370904328e-09, 2.14353801375e-09, 1.17371212749e-09, 5.73606162568e-10, 2.40990616351e-10, 3.37194272504e-10, 2.17985934858e-10, 2.01527600163e-10, 1.14853487831e-10, 5.11086034605e-11, 2.90432625866e-11, 1.8576239505e-11, 1.61120977671e-11, 1.19003322821e-11, 6.34943660149e-12, 5.72353015676e-12, 2.7645871703e-12, 1.78999339222e-12, 1.23769093932e-12, 6.93908201298e-13, 2.46006557139e-13]
    },
    "mfcc": {
        "mean": [-605.709533691, 133.137008667, -16.7858467102, 15.6418561935, -2.16741752625, 3.90523195267, -7.90585184097, 0.298205435276, -0.811607897282, 7.50299978256, -1.82831847668, 0.550385832787, -1.23695957661],
        "cov": [[3380.09838867, -1276.84851074, 649.756896973, 238.641708374, -125.429191589, -100.22706604, 282.632019043, 371.833190918, 74.5521774292, -169.064819336, 36.2969017029, 107.410774231, -36.9593658447], [-1276.84851074, 1480.50756836, -710.474609375, -141.824584961, 126.049369812, 127.343711853, -206.824569702, -252.738586426, -18.5316390991, 209.779769897, -20.4028968811, -84.8811340332, 43.3921852112], [649.756896973, -710.474609375, 826.649597168, 200.823379517, 53.4783477783, 13.2118263245, 241.66986084, 291.144683838, 76.9450149536, -140.685195923, 47.9480476379, 83.7047119141, -1.56814861298], [238.641708374, -141.824584961, 200.823379517, 267.343109131, 81.4370269775, 37.1587753296, 110.388725281, 132.113540649, 54.2819213867, -22.344789505, 20.2017021179, 28.0693321228, 5.79522609711], [-125.429191589, 126.049369812, 53.4783477783, 81.4370269775, 163.627120972, 68.1350326538, 46.0716285706, 53.8169670105, 25.1878032684, 11.113032341, 24.9844169617, 10.66102314, 9.33972167969], [-100.22706604, 127.343711853, 13.2118263245, 37.1587753296, 68.1350326538, 133.542007446, 45.5551719666, 13.243262291, 24.8706264496, 36.5407676697, 12.3430376053, 10.6421642303, 13.4962043762], [282.632019043, -206.824569702, 241.66986084, 110.388725281, 46.0716285706, 45.5551719666, 189.488296509, 163.324813843, 54.7545280457, -31.9806537628, 24.1416702271, 30.3305644989, 10.8532371521], [371.833190918, -252.738586426, 291.144683838, 132.113540649, 53.8169670105, 13.243262291, 163.324813843, 241.171417236, 74.5771789551, -59.6165046692, 27.3572216034, 36.0403633118, -1.11746394634], [74.5521774292, -18.5316390991, 76.9450149536, 54.2819213867, 25.1878032684, 24.8706264496, 54.7545280457, 74.5771789551, 87.3105926514, 20.8637638092, 10.0717506409, 14.3451738358, 7.33524417877], [-169.064819336, 209.779769897, -140.685195923, -22.344789505, 11.113032341, 36.5407676697, -31.9806537628, -59.6165046692, 20.8637638092, 117.240882874, 18.9125003815, -16.6026535034, 8.59065818787], [36.2969017029, -20.4028968811, 47.9480476379, 20.2017021179, 24.9844169617, 12.3430376053, 24.1416702271, 27.3572216034, 10.0717506409, 18.9125003815, 68.3144378662, 29.4921722412, 0.118845395744], [107.410774231, -84.8811340332, 83.7047119141, 28.0693321228, 10.66102314, 10.6421642303, 30.3305644989, 36.0403633118, 14.3451738358, -16.6026535034, 29.4921722412, 72.7390289307, 23.8807945251], [-36.9593658447, 43.3921852112, -1.56814861298, 5.79522609711, 9.33972167969, 13.4962043762, 10.8532371521, -1.11746394634, 7.33524417877, 8.59065818787, 0.118845395744, 23.8807945251, 65.8436126709]],
