{
"lowlevel": {
    "average_loudness": 0.96696805954,
    "barkbands_crest": {
        "dmean": 2.84597444534,
        "dmean2": 4.64970588684,
        "dvar": 8.47586917877,
        "dvar2": 20.8681411743,
        "max": 22.3240737915,
        "mean": 8.9304265976,
        "median": 8.04822063446,
        "min": 2.7345905304,
        "var": 13.3635225296
    },
    "barkbands_flatness_db": {
        "dmean": 0.0226612817496,
        "dmean2": 0.0351450517774,
        "dvar": 0.000483136012917,
        "dvar2": 0.00122227240354,
        "max": 0.211571544409,
        "mean": 0.101572684944,
        "median": 0.0974079817533,
        "min": 0.0222237948328,
        "var": 0.00101057370193
    },
    "barkbands_kurtosis": {
        "dmean": 2.75141429901,
        "dmean2": 4.51593828201,
        "dvar": 27.7428607941,
        "dvar2": 70.1898651123,
        "max": 54.2143707275,
        "mean": 1.9630292654,
        "median": 0.155910491943,
        "min": -1.85694026947,
        "var": 28.1240596771
    },
    "barkbands_skewness": {
        "dmean": 0.620359003544,
        "dmean2": 0.95211327076,
        "dvar": 0.579035460949,
        "dvar2": 1.32925629616,
        "max": 6.90957975388,
        "mean": 1.31906759739,
        "median": 1.11289763451,
        "min": -1.77688336372,
        "var": 1.06747853756
    },
    "barkbands_spread": {
        "dmean": 6.92796182632,
        "dmean2": 10.8882493973,
        "dvar": 58.4034614563,
        "dvar2": 139.665115356,
        "max": 91.6091842651,
        "mean": 30.5074863434,
        "median": 30.4234771729,
        "min": 4.68054628372,
        "var": 119.538619995
    },
    "dissonance": {
        "dmean": 0.0102972229943,
        "dmean2": 0.0175186656415,
        "dvar": 7.7709533798e-05,
        "dvar2": 0.000215053878492,
        "max": 0.499894171953,
        "mean": 0.479128986597,
        "median": 0.481428325176,
        "min": 0.413412332535,
        "var": 0.000164987563039
    },
    "dynamic_complexity": 2.62434363365,
    "erbbands_crest": {
        "dmean": 1.89286005497,
        "dmean2": 3.12517333031,
        "dvar": 3.49566149712,
        "dvar2": 8.62579154968,
        "max": 22.9507160187,
        "mean": 6.62160730362,
        "median": 6.03323888779,
        "min": 2.16722369194,
        "var": 7.18225908279
    },
    "erbbands_flatness_db": {
        "dmean": 0.0180587507784,
        "dmean2": 0.0230449419469,
        "dvar": 0.000302358617773,
        "dvar2": 0.000494634965435,
        "max": 0.22019572556,
        "mean": 0.12667517364,
        "median": 0.127890050411,
        "min": 0.0478683039546,
        "var": 0.00113183667418
    },
    "erbbands_kurtosis": {
        "dmean": 0.55811804533,
        "dmean2": 0.912581503391,
        "dvar": 0.3381986022,
        "dvar2": 0.85652256012,
        "max": 4.27196455002,
        "mean": -0.186814516783,
        "median": -0.374628305435,
        "min": -1.47914969921,
        "var": 0.752761900425
    },
    "erbbands_skewness": {
        "dmean": 0.251161575317,
        "dmean2": 0.39887201786,
        "dvar": 0.0498380325735,
        "dvar2": 0.121588684618,
        "max": 0.961392045021,
        "mean": -0.321860104799,
        "median": -0.300552308559,
        "min": -2.06805181503,
        "var": 0.209993749857
    },
    "erbbands_spread": {
        "dmean": 9.59721374512,
        "dmean2": 14.6975488663,
        "dvar": 119.979972839,
        "dvar2": 270.422912598,
        "max": 109.677711487,
        "mean": 42.1325531006,
        "median": 37.8329582214,
        "min": 15.0525093079,
        "var": 273.528411865
    },
    "hfc": {
        "dmean": 7.71359348297,
        "dmean2": 10.7704486847,
        "dvar": 159.039123535,
        "dvar2": 356.218353271,
        "max": 224.765075684,
        "mean": 26.0017280579,
        "median": 23.3425750732,
        "min": 1.16474415316e-16,
        "var": 374.729187012
    },
    "melbands_crest": {
        "dmean": 3.92354536057,
        "dmean2": 6.2628288269,
        "dvar": 16.395532608,
        "dvar2": 37.588218689,
        "max": 30.4471511841,
        "mean": 13.7606134415,
        "median": 12.6780548096,
        "min": 2.13245892525,
        "var": 28.9048271179
    },
    "melbands_flatness_db": {
        "dmean": 0.0281891841441,
        "dmean2": 0.0438086539507,
        "dvar": 0.000946339045186,
        "dvar2": 0.00217359606177,
        "max": 0.350707739592,
        "mean": 0.174349620938,
        "median": 0.168849468231,
        "min": 0.0116708269343,
        "var": 0.00238107028417
    },
    "melbands_kurtosis": {
        "dmean": 9.41586589813,
        "dmean2": 15.349738121,
        "dvar": 280.547027588,
        "dvar2": 711.552734375,
        "max": 159.754852295,
        "mean": 11.6137638092,
        "median": 5.70759391785,
        "min": -1.53568959236,
        "var": 285.520935059
    },
    "melbands_skewness": {
        "dmean": 0.953014194965,
        "dmean2": 1.46495854855,
        "dvar": 1.44673728943,
        "dvar2": 3.3674519062,
        "max": 9.87131404877,
        "mean": 2.75965666771,
        "median": 2.3655731678,
        "min": -0.102388985455,
        "var": 2.44462871552
    },
    "melbands_spread": {
        "dmean": 8.6752986908,
        "dmean2": 13.3234090805,
        "dvar": 95.8939361572,
        "dvar2": 187.5052948,
        "max": 151.166687012,
        "mean": 29.2596435547,
        "median": 28.3426742554,
        "min": 1.96290910244,
        "var": 279.482757568
    },
    "pitch_salience": {
        "dmean": 0.0745583549142,
        "dmean2": 0.123335808516,
        "dvar": 0.0049361595884,
        "dvar2": 0.0134733095765,
        "max": 0.795895159245,
        "mean": 0.545246899128,
        "median": 0.548892974854,
        "min": 0.205006763339,
        "var": 0.00811175629497
    },
    "silence_rate_20dB": {
        "dmean": 0,
        "dmean2": 0,
        "dvar": 0,
        "dvar2": 0,
        "max": 1,
        "mean": 1,
        "median": 1,
        "min": 1,
        "var": 0
    },
    "silence_rate_30dB": {
        "dmean": 0.0170278642327,
        "dmean2": 0.0340821072459,
        "dvar": 0.0167378913611,
        "dvar2": 0.0453144907951,
        "max": 1,
        "mean": 0.989172458649,
        "median": 1,
        "min": 0,
        "var": 0.0107103381306
    },
    "silence_rate_60dB": {
        "dmean": 0.00154798757285,
        "dmean2": 0.00309837330133,
        "dvar": 0.0015455794055,
        "dvar2": 0.00308882584795,
        "max": 1,
        "mean": 0.0386697612703,
        "median": 0,
        "min": 0,
        "var": 0.0371744297445
    },
    "spectral_centroid": {
        "dmean": 296.672332764,
        "dmean2": 479.220123291,
        "dvar": 149290.953125,
        "dvar2": 276329.21875,
        "max": 10961.5888672,
        "mean": 1673.76550293,
        "median": 1685.32324219,
        "min": 459.579589844,
        "var": 304622.9375
    },
    "spectral_complexity": {
        "dmean": 3.68421053886,
        "dmean2": 5.71649885178,
        "dvar": 11.2454843521,
        "dvar2": 23.8576774597,
        "max": 51,
        "mean": 26.7942771912,
        "median": 28,
        "min": 0,
        "var": 87.4978713989
    },
    "spectral_decrease": {
        "dmean": 4.36361391465e-09,
        "dmean2": 7.02171254474e-09,
        "dvar": 5.48437091212e-17,
        "dvar2": 1.384654288e-16,
        "max": 8.46850430152e-30,
        "mean": -8.29159141347e-09,
        "median": -6.2856106986e-09,
        "min": -5.03151156295e-08,
        "var": 5.47039122889e-17
    },
    "spectral_energy": {
        "dmean": 0.0169672779739,
        "dmean2": 0.0271817427129,
        "dvar": 0.000806267140433,
        "dvar2": 0.0020276219584,
        "max": 0.193959116936,
        "mean": 0.0336528383195,
        "median": 0.0257752221078,
        "min": 1.05326143321e-20,
        "var": 0.000829753640573
    },
    "spectral_energyband_high": {
        "dmean": 0.00052171794232,
        "dmean2": 0.000688449828885,
        "dvar": 1.88371609511e-06,
        "dvar2": 4.3061049837e-06,
        "max": 0.0275146197528,
        "mean": 0.00106061575934,
        "median": 0.000636210432276,
        "min": 7.5433201154e-21,
        "var": 3.36696734848e-06
    },
    "spectral_energyband_low": {
        "dmean": 0.0129279382527,
        "dmean2": 0.0210117995739,
        "dvar": 0.000643058330752,
        "dvar2": 0.00163056771271,
        "max": 0.177318111062,
        "mean": 0.0160155594349,
        "median": 0.00882373657078,
        "min": 1.55722183987e-23,
        "var": 0.00055297894869
    },
    "spectral_energyband_middle_high": {
        "dmean": 0.00151015084703,
        "dmean2": 0.00236708228476,
        "dvar": 2.8577176181e-06,
        "dvar2": 6.6131060521e-06,
        "max": 0.0245883520693,
        "mean": 0.00648257741705,
        "median": 0.00611439952627,
        "min": 1.44298790193e-21,
        "var": 1.6983885871e-05
    },
    "spectral_energyband_middle_low": {
        "dmean": 0.00754096917808,
        "dmean2": 0.0127855725586,
        "dvar": 0.00022483234352,
        "dvar2": 0.000567150476854,
        "max": 0.116929143667,
        "mean": 0.0127878384665,
        "median": 0.00883696787059,
        "min": 3.13648117177e-22,
        "var": 0.000222029761062
    },
    "spectral_entropy": {
        "dmean": 0.121935427189,
        "dmean2": 0.17566806078,
        "dvar": 0.0162180252373,
        "dvar2": 0.0291828028858,
        "max": 9.78169059753,
        "mean": 7.76406002045,
        "median": 7.76124048233,
        "min": 7.1045384407,
        "var": 0.0554377697408
    },
    "spectral_flux": {
        "dmean": 0.036164611578,
        "dmean2": 0.0545643717051,
        "dvar": 0.00252733565867,
        "dvar2": 0.0046296059154,
        "max": 0.368090748787,
        "mean": 0.0996057018638,
        "median": 0.0766406282783,
        "min": 1.02628523735e-10,
        "var": 0.00465189572424
    },
    "spectral_kurtosis": {
        "dmean": 1.18832135201,
        "dmean2": 1.95528292656,
        "dvar": 1.43687212467,
        "dvar2": 3.79569411278,
        "max": 16.3926506042,
        "mean": 4.67017126083,
        "median": 4.40345668793,
        "min": -1.22006440163,
        "var": 3.80425405502
    },
    "spectral_rms": {
        "dmean": 0.00118139956612,
        "dmean2": 0.00180006783921,
        "dvar": 2.70261512014e-06,
        "dvar2": 6.37821631244e-06,
        "max": 0.0137560311705,
        "mean": 0.0053217401728,
        "median": 0.00501463469118,
        "min": 3.20557664614e-12,
        "var": 4.51106825494e-06
    },
    "spectral_rolloff": {
        "dmean": 615.096740723,
        "dmean2": 1003.72155762,
        "dvar": 1004647.25,
        "dvar2": 1690199.5,
        "max": 18970.7519531,
        "mean": 1704.01831055,
        "median": 1765.72265625,
        "min": 86.1328125,
        "var": 1566821.125
    },
    "spectral_skewness": {
        "dmean": 0.173271492124,
        "dmean2": 0.265848815441,
        "dvar": 0.025350516662,
        "dvar2": 0.0588328130543,
        "max": 2.34763908386,
        "mean": 1.49898564816,
        "median": 1.4679172039,
        "min": -0.00107214273885,
        "var": 0.0868154019117
    },
    "spectral_spread": {
        "dmean": 687590.0625,
        "dmean2": 835588.9375,
        "dvar": 1.54892854886e+12,
        "dvar2": 1.81434528563e+12,
        "max": 40356456,
        "mean": 4522734.5,
        "median": 4169004.5,
        "min": 2212411.5,
        "var": 2.93625318605e+12
    },
    "spectral_strongpeak": {
        "dmean": 0.398051679134,
        "dmean2": 0.703675150871,
        "dvar": 0.736297488213,
        "dvar2": 1.92274618149,
        "max": 9.912566185,
        "mean": 0.540826559067,
        "median": 0.299894183874,
        "min": 4.79345096949e-09,
        "var": 0.696837067604
    },
    "zerocrossingrate": {
        "dmean": 0.0122758140787,
        "dmean2": 0.0147301331162,
        "dvar": 0.000342973740771,
        "dvar2": 0.000362344580935,
        "max": 0.49560546875,
        "mean": 0.0696697682142,
        "median": 0.06591796875,
        "min": 0.01318359375,
        "var": 0.000925596163142
    },
    "barkbands": {
        "dmean": [0.000235543353483, 0.00615212647244, 0.00544811086729, 0.00551980221644, 0.00234407954849, 0.000716873386409, 0.00042284920346, 0.000411492888816, 0.000480165181216, 0.000168130718521, 0.000273874698905, 0.000254236860201, 0.000434201705502, 0.000445175479399, 0.000422426179284, 0.000361441110726, 0.00034005055204, 0.00024686276447, 0.000250533601502, 0.000161851989105, 8.73202370713e-05, 0.000115588009066, 8.8416665676e-05, 6.43527164357e-05, 7.15217393008e-05, 0.000109680077003, 1.83613756235e-05],
        "dmean2": [0.000354582152795, 0.00975488685071, 0.0100941611454, 0.00950643233955, 0.00403450801969, 0.00115518737584, 0.000676566443872, 0.000651705078781, 0.000719170086086, 0.000271708937362, 0.000422522745794, 0.000415709306253, 0.000708726467565, 0.000727488542907, 0.000695822993293, 0.000559569278266, 0.00056162540568, 0.000410674518207, 0.000407022627769, 0.000265861250227, 0.000126079641632, 0.000164503086125, 0.000126753016957, 9.06811692403e-05, 0.000100049328466, 0.000149481493281, 2.85217192868e-05],
        "dvar": [2.38137317865e-07, 0.000170844781678, 0.000170179308043, 0.000160907657119, 1.42221160786e-05, 9.07566800379e-07, 4.56312733377e-07, 6.36226275219e-07, 7.22637707895e-07, 4.7915982293e-08, 1.8378197808e-07, 1.70142541833e-07, 5.35544302238e-07, 5.66648111544e-07, 6.9963846272e-07, 3.00848228107e-07, 1.55403299118e-07, 1.26800472344e-07, 1.18097027269e-07, 1.03986309341e-07, 2.01878460615e-08, 1.76810218022e-07, 2.01879231554e-07, 3.15792441086e-08, 3.83535194715e-08, 4.7209450571e-08, 2.10149653235e-09],
        "dvar2": [5.04765921505e-07, 0.000387538282666, 0.000490994134452, 0.000413865229348, 3.91412322642e-05, 2.28249746215e-06, 1.04864375317e-06, 1.48079868723e-06, 1.50388882503e-06, 1.2107493319e-07, 3.91105828612e-07, 4.21500146786e-07, 1.41501811868e-06, 1.36989501698e-06, 1.63590812008e-06, 6.31013676866e-07, 3.96380158918e-07, 3.17971597497e-07, 2.5130353265e-07, 2.74693718438e-07, 3.74875384068e-08, 3.89654161381e-07, 5.30044360403e-07, 7.84588110037e-08, 9.73738991661e-08, 8.28780173379e-08, 4.98421393047e-09],
        "max": [0.00434435391799, 0.0919035822153, 0.0979948937893, 0.0890315920115, 0.0345570072532, 0.0113918306306, 0.01098393742, 0.0115823475644, 0.0173966791481, 0.00291704200208, 0.00574167631567, 0.00495863473043, 0.00841517653316, 0.00905547942966, 0.0171034503728, 0.0123493261635, 0.0045145121403, 0.00553543679416, 0.00728435069323, 0.00766308559105, 0.00266545079648, 0.00781979970634, 0.0105237755924, 0.00369194056839, 0.00417185015976, 0.00201071356423, 0.000531985249836],
        "mean": [0.000241836489295, 0.00838478002697, 0.00478224502876, 0.00452023977414, 0.00384509353898, 0.00145682133734, 0.000919269223232, 0.00076714833267, 0.0011200850131, 0.00035190678318, 0.000533433863893, 0.000464510900201, 0.000738526927307, 0.000761671049986, 0.000750146515202, 0.000764734868426, 0.000783558585681, 0.000539127155207, 0.000647265871521, 0.000365873187548, 0.000184529024409, 0.000205348304007, 0.000144037301652, 0.000117555609904, 0.000112376343168, 0.000132086293888, 1.86310353456e-05],
        "median": [5.49605392735e-05, 0.00521675311029, 0.00180017459206, 0.00108185724821, 0.00257134018466, 0.000994294416159, 0.000549009535462, 0.00034073923598, 0.000403788959375, 0.000267766125035, 0.000252896832535, 0.000290570780635, 0.000352902570739, 0.000402051169658, 0.000415829854319, 0.000468755926704, 0.000609185139183, 0.000417185481638, 0.000515899970196, 0.000280645414023, 0.000113050940854, 8.87798014446e-05, 5.06991345901e-05, 5.20979410794e-05, 4.49285907962e-05, 2.40376539296e-05, 9.36972185173e-07],
        "min": [1.28891304884e-23, 9.53000061517e-24, 9.362782022e-25, 3.57712409017e-24, 3.14555919374e-23, 2.44342060773e-23, 1.29962183563e-22, 3.32294245689e-23, 8.45206021128e-23, 1.85122351504e-23, 5.14848776061e-23, 2.35161975978e-23, 1.13242762615e-22, 1.86116268913e-22, 1.17803034979e-22, 1.7735539427e-22, 1.71057949218e-22, 2.27262370205e-22, 2.67022171519e-22, 2.52072714629e-22, 5.20551767089e-22, 5.04840939518e-22, 8.14078907717e-22, 9.06926296405e-22, 9.60069722509e-22, 1.79653471042e-21, 2.16095199695e-21],
        "var": [2.8018794751e-07, 0.000172651198227, 0.000102436024463, 0.000127142484416, 1.75220029632e-05, 2.35939751292e-06, 1.26820395963e-06, 1.40212580391e-06, 3.07921754938e-06, 9.34769488481e-08, 6.57191947084e-07, 3.03197964513e-07, 1.03175011645e-06, 1.05077413082e-06, 1.31342437726e-06, 1.03999343537e-06, 4.26012007892e-07, 2.61433740434e-07, 3.71257641518e-07, 1.82987093922e-07, 6.14410140543e-08, 3.16647344789e-07, 2.3362299828e-07, 4.6115648189e-08, 4.63490934521e-08, 8.18049912255e-08, 2.53368259706e-09]
    },
    "erbbands": {
        "dmean": [0.192570641637, 1.47324883938, 5.40599775314, 13.8415975571, 12.043170929, 7.24920129776, 6.08254528046, 5.27033376694, 6.89195823669, 6.46254682541, 8.97724246979, 11.5645847321, 6.49672937393, 5.47007703781, 11.0223379135, 10.7656736374, 18.3589267731, 24.5644836426, 12.7279787064, 25.5529403687, 18.0287246704, 15.2779035568, 14.3242321014, 11.3161172867, 12.2383737564, 7.87932443619, 3.93825364113, 3.35988330841, 4.13603496552, 3.42591547966, 2.5770778656, 1.56163084507, 1.03645837307, 0.759024739265, 0.562922656536, 0.425552040339, 0.203023001552, 0.0567522905767, 0.00171730446164, 5.12339793204e-05],
        "dmean2": [0.304923325777, 2.43513774872, 9.99883460999, 24.2919864655, 20.7307949066, 12.1846456528, 9.87187671661, 8.33146286011, 10.8966226578, 10.306096077, 14.0411472321, 17.1119174957, 10.4296131134, 8.62742614746, 17.1827640533, 17.5601596832, 29.964094162, 40.0056991577, 20.9077301025, 41.3204956055, 28.4900150299, 25.2263031006, 23.9917182922, 18.6341838837, 19.6038417816, 13.074347496, 5.88764762878, 4.91042232513, 5.88182973862, 4.81355047226, 3.74465417862, 2.21490478516, 1.49709033966, 1.09581267834, 0.786919891834, 0.590636432171, 0.278074234724, 0.0813335925341, 0.00259047816508, 7.38292146707e-05],
        "dvar": [0.178244277835, 10.6679801941, 174.588516235, 789.944030762, 671.936279297, 118.708213806, 88.5043640137, 49.5374412537, 93.6266098022, 185.951797485, 287.251098633, 390.474182129, 106.551818848, 51.0425567627, 236.645462036, 263.046081543, 897.148620605, 2346.21728516, 317.896575928, 3070.34667969, 564.782287598, 328.687438965, 357.206298828, 255.927627563, 321.923919678, 251.300720215, 53.7936096191, 32.8152923584, 214.084121704, 200.488830566, 183.989120483, 30.2275295258, 7.40569210052, 4.73033761978, 2.15902328491, 0.763651132584, 0.166241005063, 0.0149417128414, 1.74611395778e-05, 8.0981195083e-09],
        "dvar2": [0.392525047064, 26.8280849457, 503.525939941, 2066.68432617, 1770.21862793, 310.390869141, 235.230133057, 116.507781982, 221.237854004, 433.398193359, 665.814086914, 843.505981445, 241.94418335, 121.558830261, 529.880737305, 634.454528809, 2221.79272461, 5823.61181641, 854.117858887, 6876.22363281, 1304.44921875, 797.291809082, 910.016845703, 646.916870117, 718.296813965, 654.125244141, 101.818649292, 60.2868309021, 459.703582764, 507.313323975, 476.753204346, 77.6422042847, 18.6722126007, 12.1643657684, 5.45850372314, 1.4852720499, 0.295727401972, 0.0306539647281, 3.92719630327e-05, 1.66868048268e-08],
        "max": [2.73157787323, 22.581205368, 90.7301559448, 172.535003662, 203.002929688, 113.006988525, 110.49911499, 119.295585632, 125.953788757, 251.514587402, 253.828094482, 333.137237549, 207.394241333, 88.2068634033, 187.843765259, 244.238632202, 390.300140381, 574.197631836, 253.558563232, 1165.35864258, 398.820800781, 231.906585693, 268.69317627, 295.157287598, 389.377868652, 400.588745117, 168.947662354, 106.531181335, 338.082946777, 322.986236572, 313.528533936, 123.481559753, 53.0130004883, 46.4724464417, 30.3130760193, 9.80030918121, 3.83453512192, 1.2235853672, 0.048309519887, 0.000946974090766],
        "mean": [0.229979082942, 1.93995654583, 5.20729351044, 11.726858139, 13.754445076, 12.5382966995, 11.1333312988, 10.9706735611, 14.8747720718, 12.2828445435, 19.810377121, 28.0046825409, 13.9998311996, 12.0741910934, 23.7711334229, 21.9580612183, 33.5122337341, 43.9233016968, 28.4148349762, 46.2406692505, 42.36951828, 39.2779769897, 34.8170623779, 29.1128101349, 30.7241706848, 17.8949699402, 8.99487876892, 6.58734464645, 7.05217933655, 6.07120466232, 4.12911128998, 2.77787208557, 1.84455573559, 1.24452853203, 0.812268972397, 0.531497001648, 0.235740035772, 0.0637105330825, 0.00180878711399, 8.05749659776e-05],
        "median": [0.105749756098, 1.2487193346, 2.20297956467, 3.6784825325, 6.27608346939, 7.45442676544, 7.01352834702, 7.35867452621, 9.76257896423, 8.03375148773, 9.19413852692, 10.0506467819, 10.0918636322, 7.87418746948, 13.4298715591, 16.147233963, 17.2186508179, 20.3993797302, 20.7596912384, 25.7918186188, 30.9435253143, 31.2267303467, 29.3622322083, 23.6104755402, 24.6215991974, 13.8142309189, 5.97859239578, 3.84877109528, 3.21143865585, 2.5938873291, 1.40815842152, 1.15661346912, 0.795844018459, 0.514884591103, 0.296309232712, 0.144423693419, 0.0314129777253, 0.0052790385671, 0.00014386663679, 4.20053620473e-05],
        "min": [2.76199287041e-22, 2.1443587054e-21, 1.53196717112e-21, 9.79062362907e-21, 2.64111354043e-20, 1.10543447709e-19, 1.97507801865e-19, 2.1834044899e-19, 1.03042581669e-18, 2.19224555138e-18, 1.41603074169e-18, 1.49122745643e-18, 6.38470471039e-19, 1.22732044508e-18, 1.69172941947e-18, 1.15969346692e-18, 5.32580154674e-18, 1.00770947252e-17, 5.2456940675e-18, 9.10092482226e-18, 9.44340737436e-18, 9.78360194488e-18, 9.63879157095e-18, 1.25659802723e-17, 1.27406146433e-17, 1.52031627597e-17, 1.57362806645e-17, 2.22878637902e-17, 1.7232455178e-17, 2.78566107644e-17, 2.14212961456e-17, 1.78361382065e-17, 1.47680558313e-17, 9.73014457062e-18, 7.70537517593e-18, 6.49307167788e-18, 3.72073945896e-18, 1.22928975532e-18, 3.01781026661e-19, 3.005223098e-20],
        "var": [0.183425009251, 9.08789920807, 105.062660217, 608.8203125, 571.740112305, 209.04725647, 170.971694946, 153.860671997, 258.091064453, 317.334716797, 825.09588623, 1821.59301758, 237.596069336, 144.969818115, 855.477661133, 509.13973999, 1806.8079834, 4508.37988281, 784.053833008, 5963.92871094, 1888.66784668, 1016.98345947, 833.827819824, 638.635742188, 938.922546387, 446.134124756, 156.209671021, 92.0726242065, 408.114471436, 264.75402832, 216.60899353, 38.5837020874, 10.4215421677, 5.74347639084, 2.56212329865, 1.17514443398, 0.283665031195, 0.0233666952699, 2.26665742957e-05, 1.22376135891e-08]
    },
    "gfcc": {
        "mean": [32.255645752, 83.7939376831, -115.045135498, 39.0370979309, -38.9082221985, 11.8928060532, -39.7027168274, 15.0080890656, -27.024766922, 6.21861696243, -17.6668338776, 2.82930994034, -16.1627616882],
        "cov": [[7819.84277344, -686.175170898, 127.390403748, 198.94442749, -333.431854248, 276.291442871, -154.302810669, -17.3314609528, -283.700622559, 11.3297786713, -155.989639282, -24.2489910126, -139.642593384], [-686.175170898, 908.148010254, -446.632293701, 50.8913383484, 111.530479431, -83.3669509888, 122.987625122, 9.44790554047, 106.97517395, -26.3413848877, 135.480316162, -58.1966972351, 111.938766479], [127.390403748, -446.632293701, 685.577270508, -95.7854614258, 115.500366211, -1.60591757298, -13.6859703064, -22.3220462799, -73.6192398071, 24.7551364899, -126.202262878, 91.0484924316, -103.138534546], [198.94442749, 50.8913383484, -95.7854614258, 189.196456909, -54.1394386292, 61.601600647, -7.96218109131, -11.5212211609, 28.8088684082, -23.4455852509, 28.0680332184, -28.9413013458, 44.6138954163], [-333.431854248, 111.530479431, 115.500366211, -54.1394386292, 253.155044556, -65.8703384399, 75.0417022705, 27.8457145691, 17.191942215, 16.8435173035, -9.43620491028, 58.659992218, 0.557364344597], [276.291442871, -83.3669509888, -1.60591757298, 61.601600647, -65.8703384399, 143.333618164, 10.0606136322, 16.7338638306, -1.36586034298, 5.87714719772, 16.1998786926, -20.7332859039, 4.99478960037], [-154.302810669, 122.987625122, -13.6859703064, -7.96218109131, 75.0417022705, 10.0606136322, 128.586044312, 27.8364086151, 18.8834648132, 9.20171356201, 28.9892635345, 4.36264038086, -3.6291205883], [-17.3314609528, 9.44790554047, -22.3220462799, -11.5212211609, 27.8457145691, 16.7338638306, 27.8364086151, 76.3747024536, 27.3015651703, 23.7514743805, 18.0081233978, 13.3398723602, 8.26927947998], [-283.700622559, 106.97517395, -73.6192398071, 28.8088684082, 17.191942215, -1.36586034298, 18.8834648132, 27.3015651703, 88.3399963379, 21.0274906158, 28.4173088074, 0.283886641264, 35.0615348816], [11.3297786713, -26.3413848877, 24.7551364899, -23.4455852509, 16.8435173035, 5.87714719772, 9.20171356201, 23.7514743805, 21.0274906158, 61.9424324036, 18.6099910736, 13.4407987595, -1.82498550415], [-155.989639282, 135.480316162, -126.202262878, 28.0680332184, -9.43620491028, 16.1998786926, 28.9892635345, 18.0081233978, 28.4173088074, 18.6099910736, 82.4489746094, 2.75861954689, 36.3058815002], [-24.2489910126, -58.1966972351, 91.0484924316, -28.9413013458, 58.659992218, -20.7332859039, 4.36264038086, 13.3398723602, 0.283886641264, 13.4407987595, 2.75861954689, 81.9333724976, 12.2013998032], [-139.642593384, 111.938766479, -103.138534546, 44.6138954163, 0.557364344597, 4.99478960037, -3.6291205883, 8.26927947998, 35.0615348816, -1.82498550415, 36.3058815002, 12.2013998032, 77.5240707397]],
        "icov": [[0.000198449357413, -0.000118097188533, 0.000172249914613, -0.000449196231784, 0.000217117776629, -0.000282464519842, 5.50441109226e-05, -0.000219235749682, 0.000835256476421, -0.00068243057467, 0.000817730848212, -0.000542500172742, 0.00036685608211], [-0.000118097188533, 0.00359305436723, 0.000800761510618, 0.000902469735593, -0.00215461454354, 0.00192339066416, -0.00175665912684, 0.00144465314224, -0.00217247125693, 0.00278668873943, -0.00433678552508, 0.00393821485341, -0.00274030072615], [0.000172249914613, 0.000800761510618, 0.00413977913558, -0.000520805187989, -0.00144713139161, -0.00151826522779, -0.000324172404362, 0.0017679319717, 0.000969304586761, -0.00234096474014, 0.00442261947319, -0.00398763315752, 0.00292873126455], [-0.000449196231784, 0.000902469735593, -0.000520805187989, 0.00995340850204, -0.000830028438941, -0.00267477799207, 0.00031012238469, 0.00277971918695, -0.00513545656577, 0.00587865617126, -0.00440871855244, 0.00395782850683, -0.00473407935351], [0.000217117776629, -0.00215461454354, -0.00144713139161, -0.000830028438941, 0.00912846624851, 0.00225446047261, -0.00378344161436, -0.00257040583529, 0.00139963254333, -0.00267114769667, 0.00491116847843, -0.00519287306815, -0.000237810905674], [-0.000282464519842, 0.00192339066416, -0.00151826522779, -0.00267477799207, 0.00225446047261, 0.0127499708906, -0.00349940801971, -0.00326294149272, 0.000527376891114, 0.000367018394172, -0.00434904219583, 0.00494426349178, -0.00339139811695], [5.50441109226e-05, -0.00175665912684, -0.000324172404362, 0.00031012238469, -0.00378344161436, -0.00349940801971, 0.013601558283, -0.00240498501807, -0.000755260349251, 0.0014394861646, -0.00409033382311, -0.00018477535923, 0.00549192540348], [-0.000219235749682, 0.00144465314224, 0.0017679319717, 0.00277971918695, -0.00257040583529, -0.00326294149272, -0.00240498501807, 0.0198558028787, -0.00593716930598, -0.00245368946344, -0.00144262646791, -0.00161418726202, -0.00017324728833], [0.000835256476421, -0.00217247125693, 0.000969304586761, -0.00513545656577, 0.00139963254333, 0.000527376891114, -0.000755260349251, -0.00593716930598, 0.0229113977402, -0.0107919247821, 0.00628136470914, -0.00200304598548, -0.00380226317793], [-0.00068243057467, 0.00278668873943, -0.00234096474014, 0.00587865617126, -0.00267114769667, 0.000367018394172, 0.0014394861646, -0.00245368946344, -0.0107919247821, 0.0292684230953, -0.0150560820475, 0.0044528003782, 0.000494188047014], [0.000817730848212, -0.00433678552508, 0.00442261947319, -0.00440871855244, 0.00491116847843, -0.00434904219583, -0.00409033382311, -0.00144262646791, 0.00628136470914, -0.0150560820475, 0.0343244448304, -0.0120309600607, -0.00101321644615], [-0.000542500172742, 0.00393821485341, -0.00398763315752, 0.00395782850683, -0.00519287306815, 0.00494426349178, -0.00018477535923, -0.00161418726202, -0.00200304598548, 0.0044528003782, -0.0120309600607, 0.0273856129497, -0.0120293404907], [0.00036685608211, -0.00274030072615, 0.00292873126455, -0.00473407935351, -0.000237810905674, -0.00339139811695, 0.00549192540348, -0.00017324728833, -0.00380226317793, 0.000494188047014, -0.00101321644615, -0.0120293404907, 0.0287324488163]]
    },
    "melbands": {
        "dmean": [0.00164310960099, 0.00247000227682, 0.00233639287762, 0.000662862265017, 0.000208472556551, 0.000123126941617, 9.99739204417e-05, 7.22110125935e-05, 8.19805136416e-05, 6.64905892336e-05, 3.21348488797e-05, 2.14296978811e-05, 4.13915513491e-05, 2.96455000353e-05, 3.60382073268e-05, 4.27436243626e-05, 4.79106565763e-05, 2.07759167097e-05, 3.20572107739e-05, 3.41595005011e-05, 2.1685493266e-05, 1.69843315234e-05, 2.05575797736e-05, 1.2077590327e-05, 1.0118418686e-05, 1.03615557236e-05, 8.02624981588e-06, 5.10549216415e-06, 2.63710990112e-06, 2.51788310379e-06, 1.87072703284e-06, 2.30409932556e-06, 2.64783534476e-06, 1.74849617451e-06, 1.63738218362e-06, 1.26504528453e-06, 8.62554259129e-07, 7.20919047126e-07, 7.48115098759e-07, 6.45276770683e-07],
        "dmean2": [0.00267029809766, 0.00444452650845, 0.00409871712327, 0.00112809834536, 0.000336489145411, 0.000194453066797, 0.000159088929649, 0.000115362068755, 0.000126716360683, 9.90087282844e-05, 5.15364117746e-05, 3.41288578056e-05, 6.34793614154e-05, 4.80887647427e-05, 5.93604963797e-05, 6.93373513059e-05, 7.87002209108e-05, 3.46215019817e-05, 5.26379481016e-05, 5.44005561096e-05, 3.47548048012e-05, 2.79248633888e-05, 3.5006840335e-05, 2.04881453101e-05, 1.69713021023e-05, 1.68584938365e-05, 1.32275899887e-05, 8.52193534229e-06, 4.05505898016e-06, 3.83670976589e-06, 2.79458276964e-06, 3.23891981679e-06, 3.9505962377e-06, 2.49013760367e-06, 2.47623074756e-06, 1.88262617939e-06, 1.25535541429e-06, 1.06417405732e-06, 1.09316988528e-06, 9.48868205342e-07],
        "dvar": [1.28179335661e-05, 3.61665952369e-05, 2.31966332649e-05, 1.3378581798e-06, 9.01866599179e-08, 2.49759750659e-08, 2.11184154608e-08, 2.4375680141e-08, 2.14150190914e-08, 1.34529019036e-08, 2.6565962763e-09, 8.05671807047e-10, 4.03435596041e-09, 2.38088948556e-09, 3.12437764549e-09, 6.14770812035e-09, 7.91420085022e-09, 9.02656227542e-10, 3.57368379333e-09, 3.64834829014e-09, 8.94563201292e-10, 4.46225278949e-10, 6.2509636356e-10, 4.10049189048e-10, 1.9225854242e-10, 2.19225096409e-10, 1.50548087885e-10, 1.2115661252e-10, 2.65208566913e-11, 1.81591026938e-11, 1.09263501025e-11, 6.35602334653e-11, 9.9667309128e-11, 5.38024624852e-11, 8.40404065783e-11, 3.0798509576e-11, 6.43539214973e-12, 3.28747554353e-12, 3.50518268924e-12, 4.18756218937e-12],
        "dvar2": [2.74060312222e-05, 0.000101403231383, 6.02557120146e-05, 3.60018043466e-06, 2.29177160804e-07, 6.04037495577e-08, 4.93613470098e-08, 5.67867814993e-08, 4.99050720748e-08, 2.87473262972e-08, 6.04347683009e-09, 1.94609950377e-09, 8.41122993478e-09, 6.01982197423e-09, 7.7609580984e-09, 1.56212127678e-08, 1.95873646192e-08, 2.40950281949e-09, 8.5587315013e-09, 8.13174860781e-09, 2.12793693777e-09, 1.07735365074e-09, 1.60521496095e-09, 1.06589015392e-09, 5.01331864911e-10, 4.80591955121e-10, 3.73482050842e-10, 3.23970961169e-10, 5.29265381521e-11, 4.03821906469e-11, 2.0529663039e-11, 1.28774907404e-10, 2.46997283737e-10, 1.41789205377e-10, 2.24818122452e-10, 7.94144611183e-11, 1.62386961516e-11, 8.465885111e-12, 8.39317244178e-12, 1.12509602329e-11],
        "max": [0.0229411777109, 0.0425574406981, 0.0317857638001, 0.0101580591872, 0.00340750091709, 0.00233388645574, 0.00191952765454, 0.00291712069884, 0.00226322794333, 0.00225575990044, 0.000995244598016, 0.000330857088557, 0.000875878438819, 0.000647497712635, 0.000693645444699, 0.00106261484325, 0.000975194037892, 0.000378386757802, 0.00112558004912, 0.00106946693268, 0.000480257265735, 0.000296073878417, 0.000252649042523, 0.000338126323186, 0.000223154740524, 0.000301090301946, 0.000205294971238, 0.000291418109555, 0.00011710041872, 6.9902773248e-05, 6.42675440758e-05, 0.000212359344005, 0.000177150956006, 0.000174018830876, 0.000210978250834, 0.000122014185763, 5.47862582607e-05, 3.46993329003e-05, 2.95236368402e-05, 4.58338290628e-05],
        "mean": [0.00223082629964, 0.00270733842626, 0.00208545266651, 0.000981135992333, 0.000407639861805, 0.000257487525232, 0.000219543260755, 0.00013232913625, 0.00018415300292, 0.000159549090313, 6.45541731501e-05, 4.40853982582e-05, 8.31562938401e-05, 5.71315140405e-05, 6.36983240838e-05, 7.54776701797e-05, 8.19801934995e-05, 4.05270038755e-05, 5.63401736144e-05, 6.39335921733e-05, 4.64981239929e-05, 3.84605518775e-05, 4.32673332398e-05, 2.54694350588e-05, 2.28809458349e-05, 2.40814151766e-05, 1.80095375981e-05, 1.04464470496e-05, 5.55328597329e-06, 4.78410629512e-06, 3.38922268384e-06, 3.76063849217e-06, 4.32639535575e-06, 2.90006937576e-06, 2.40868007495e-06, 2.06953268389e-06, 1.53542896442e-06, 1.26112956877e-06, 1.20460197195e-06, 9.96151015897e-07],
        "median": [0.00126255361829, 0.00150149082765, 0.000701625132933, 0.000593931938056, 0.000264902948402, 0.000174369517481, 0.000139869443956, 8.11520731077e-05, 8.055291255e-05, 5.6752582168e-05, 4.45213809144e-05, 2.87490584014e-05, 4.12085646531e-05, 3.88179942092e-05, 3.84282357118e-05, 3.47813220287e-05, 3.81289391953e-05, 2.84660800389e-05, 3.10260911647e-05, 3.34748801833e-05, 3.27504640154e-05, 2.8264879802e-05, 3.18881502608e-05, 1.89047441381e-05, 1.76896846824e-05, 1.83355041372e-05, 1.35433838295e-05, 7.65640743339e-06, 3.6145154354e-06, 2.85938381239e-06, 1.77803644874e-06, 1.58805914907e-06, 1.82459177722e-06, 1.17910281006e-06, 7.40734265037e-07, 7.18103535746e-07, 6.93840092936e-07, 5.6798330661e-07, 4.71026794457e-07, 3.87113772149e-07],
        "min": [2.97701097552e-24, 1.56552868325e-24, 1.46702894683e-24, 5.00381650816e-24, 6.78515199571e-24, 4.77737556304e-24, 1.96168171226e-23, 2.04545006292e-23, 1.44649069678e-23, 8.33213978528e-24, 2.93918410904e-24, 4.41858150739e-24, 6.844790669e-24, 2.75078617828e-24, 4.1681016039e-24, 1.75570523897e-23, 1.77925257922e-23, 8.57159299104e-24, 8.09485515816e-24, 1.36441965924e-23, 1.06530127447e-23, 9.83712467596e-24, 7.97067267446e-24, 1.22612208736e-23, 9.85041067133e-24, 1.11722954239e-23, 7.20287987743e-24, 1.05845877386e-23, 1.00370543726e-23, 7.8777393378e-24, 1.50039608679e-23, 9.2521346165e-24, 1.04122587073e-23, 1.80376658962e-23, 1.27024055344e-23, 1.06353919586e-23, 1.06344129822e-23, 1.12414051612e-23, 7.74979872074e-24, 8.33675146614e-24],
        "var": [1.34856500154e-05, 2.32674683502e-05, 1.81847426575e-05, 1.52272991727e-06, 2.14441328694e-07, 7.79367113068e-08, 6.0435361604e-08, 3.89094765296e-08, 6.15259736492e-08, 6.18357560711e-08, 5.5965205803e-09, 2.01404648514e-09, 1.54354573567e-08, 4.2991108451e-09, 5.33739363817e-09, 1.29169110963e-08, 1.47723699939e-08, 1.77876147145e-09, 6.87239642971e-09, 8.76411476725e-09, 2.49226306259e-09, 1.23054744172e-09, 1.51162182771e-09, 7.09290404188e-10, 4.42035713588e-10, 6.03058269988e-10, 3.54451079598e-10, 1.84601306463e-10, 7.06418534779e-11, 4.06947184284e-11, 2.81286730019e-11, 1.26790689059e-10, 1.47114889715e-10, 6.26760102151e-11, 8.85299264453e-11, 3.90796596472e-11, 8.73163173709e-12, 4.37939918704e-12, 5.50663291007e-12, 4.2236097432e-12]
    },
    "mfcc": {
        "mean": [-611.381530762, 116.883117676, -11.3661651611, 32.9523925781, 16.8928833008, 4.75158214569, 3.85917663574, 5.03840255737, -1.53417062759, 3.081199646, 1.5801500082, -0.0945604890585, 1.46866393089],
        "cov": [[5448.2734375, -417.008789062, 161.328964233, -55.4770584106, -87.7275772095, 96.564704895, 52.0487442017, -16.023525238, -91.4821548462, 22.9350204468, 31.9008979797, -56.8538360596, -73.433921814], [-417.008789062, 784.290710449, -326.938720703, 131.806350708, 24.7233543396, -32.5551567078, 41.9205093384, 28.5983028412, 18.9865169525, 41.669719696, 16.0267276764, 26.1742420197, 28.7905197144], [161.328964233, -326.938720703, 416.567718506, -55.5114326477, 25.0479125977, 55.9757080078, -9.75674629211, -11.9392614365, -6.39552211761, -44.280582428, -4.48141336441, -23.3250675201, -31.4963741302], [-55.4770584106, 131.806350708, -55.5114326477, 140.846801758, 38.5830879211, 8.69161510468, -3.40850019455, 17.2312679291, 16.6422901154, -1.26546621323, -24.8768997192, 6.01657485962, 17.3540649414], [-87.7275772095, 24.7233543396, 25.0479125977, 38.5830879211, 107.425636292, 9.56269168854, -7.60320186615, 9.61640644073, 25.2867412567, -12.5761566162, -19.027589798, 0.84192699194, 14.4365386963], [96.564704895, -32.5551567078, 55.9757080078, 8.69161510468, 9.56269168854, 78.9443969727, 25.4280490875, 10.2443056107, 7.26517677307, 3.49589204788, 6.76354122162, -0.506641685963, -7.26378011703], [52.0487442017, 41.9205093384, -9.75674629211, -3.40850019455, -7.60320186615, 25.4280490875, 104.078308105, 26.4058513641, 3.60648608208, 5.96863937378, 27.3922538757, 16.3061199188, -1.65738117695], [-16.023525238, 28.5983028412, -11.9392614365, 17.2312679291, 9.61640644073, 10.2443056107, 26.4058513641, 65.2578582764, 22.1804485321, -2.55114722252, 5.1363658905, 11.8639345169, 9.81857681274], [-91.4821548462, 18.9865169525, -6.39552211761, 16.6422901154, 25.2867412567, 7.26517677307, 3.60648608208, 22.1804485321, 58.531829834, 15.0175294876, 0.621257603168, 8.1361913681, 11.116941452], [22.9350204468, 41.669719696, -44.280582428, -1.26546621323, -12.5761566162, 3.49589204788, 5.96863937378, -2.55114722252, 15.0175294876, 68.6542510986, 31.1148891449, 2.38552236557, -1.20880579948], [31.9008979797, 16.0267276764, -4.48141336441, -24.8768997192, -19.027589798, 6.76354122162, 27.3922538757, 5.1363658905, 0.621257603168, 31.1148891449, 66.997215271, 18.5696086884, -6.3954539299], [-56.8538360596, 26.1742420197, -23.3250675201, 6.01657485962, 0.84192699194, -0.506641685963, 16.3061199188, 11.8639345169, 8.1361913681, 2.38552236557, 18.5696086884, 52.9887237549, 23.4476566315], [-73.433921814, 28.7905197144, -31.4963741302, 17.3540649414, 14.4365386963, -7.26378011703, -1.65738117695, 9.81857681274, 11.116941452, -1.20880579948, -6.3954539299, 23.4476566315, 66.1895446777]],
