{
"lowlevel": {
    "average_loudness": 0.950664460659,
    "barkbands_crest": {
        "dmean": 2.47818589211,
        "dmean2": 4.03026390076,
        "dvar": 5.24416351318,
        "dvar2": 13.245724678,
        "max": 23.6381893158,
        "mean": 8.13369941711,
        "median": 7.5123295784,
        "min": 2.46826291084,
        "var": 12.5205583572
    },
    "barkbands_flatness_db": {
        "dmean": 0.0199456997216,
        "dmean2": 0.0300688482821,
        "dvar": 0.000322465930367,
        "dvar2": 0.000729804043658,
        "max": 0.266031295061,
        "mean": 0.107042551041,
        "median": 0.106394544244,
        "min": 0.0212971437722,
        "var": 0.00104809983168
    },
    "barkbands_kurtosis": {
        "dmean": 1.02708888054,
        "dmean2": 1.69283080101,
        "dvar": 4.80809736252,
        "dvar2": 13.5306406021,
        "max": 52.9590644836,
        "mean": 0.200830370188,
        "median": -0.436528921127,
        "min": -1.82063293457,
        "var": 6.204870224
    },
    "barkbands_skewness": {
        "dmean": 0.444541871548,
        "dmean2": 0.693037629128,
        "dvar": 0.187421917915,
        "dvar2": 0.473921149969,
        "max": 6.6312713623,
        "mean": 0.571379303932,
        "median": 0.523538708687,
        "min": -1.52296376228,
        "var": 0.671497344971
    },
    "barkbands_spread": {
        "dmean": 5.74415540695,
        "dmean2": 8.79753875732,
        "dvar": 29.3858032227,
        "dvar2": 63.6864585876,
        "max": 82.4607009888,
        "mean": 29.6854572296,
        "median": 28.7832965851,
        "min": 3.36641359329,
        "var": 135.67300415
    },
    "dissonance": {
        "dmean": 0.0131883956492,
        "dmean2": 0.022102881223,
        "dvar": 0.000169560007635,
        "dvar2": 0.000457486690721,
        "max": 0.499943345785,
        "mean": 0.475037753582,
        "median": 0.480170369148,
        "min": 0.338045984507,
        "var": 0.000429442385212
    },
    "dynamic_complexity": 3.23971033096,
    "erbbands_crest": {
        "dmean": 2.67859578133,
        "dmean2": 4.29763126373,
        "dvar": 6.98283624649,
        "dvar2": 16.6579856873,
        "max": 30.3817405701,
        "mean": 8.48145484924,
        "median": 7.27878093719,
        "min": 2.95893907547,
        "var": 19.4188194275
    },
    "erbbands_flatness_db": {
        "dmean": 0.0186207517982,
        "dmean2": 0.0262311082333,
        "dvar": 0.000267626368441,
        "dvar2": 0.000496236956678,
        "max": 0.296397686005,
        "mean": 0.162364780903,
        "median": 0.159749552608,
        "min": 0.0812520831823,
        "var": 0.00145049055573
    },
    "erbbands_kurtosis": {
        "dmean": 0.869950830936,
        "dmean2": 1.38615143299,
        "dvar": 1.13552069664,
        "dvar2": 2.60275268555,
        "max": 15.2655029297,
        "mean": 0.582711160183,
        "median": 0.142791986465,
        "min": -1.67645323277,
        "var": 3.2360188961
    },
    "erbbands_skewness": {
        "dmean": 0.33644554019,
        "dmean2": 0.522503495216,
        "dvar": 0.102441377938,
        "dvar2": 0.218265295029,
        "max": 3.1871612072,
        "mean": -0.241491615772,
        "median": -0.248993322253,
        "min": -2.91984081268,
        "var": 0.508786678314
    },
    "erbbands_spread": {
        "dmean": 5.90327644348,
        "dmean2": 9.13120174408,
        "dvar": 33.3596115112,
        "dvar2": 73.6289520264,
        "max": 84.3809890747,
        "mean": 30.2172145844,
        "median": 28.455657959,
        "min": 6.12514019012,
        "var": 161.015975952
    },
    "hfc": {
        "dmean": 7.04538011551,
        "dmean2": 10.6960515976,
        "dvar": 106.501609802,
        "dvar2": 236.135437012,
        "max": 103.090698242,
        "mean": 23.3927726746,
        "median": 18.7329673767,
        "min": 6.12045960224e-06,
        "var": 312.802459717
    },
    "melbands_crest": {
        "dmean": 3.27174544334,
        "dmean2": 5.40963935852,
        "dvar": 9.62585067749,
        "dvar2": 24.0743103027,
        "max": 29.3689250946,
        "mean": 12.2428369522,
        "median": 11.6918144226,
        "min": 3.49536275864,
        "var": 22.8708572388
    },
    "melbands_flatness_db": {
        "dmean": 0.0236035641283,
        "dmean2": 0.0373898595572,
        "dvar": 0.000594714132603,
        "dvar2": 0.00142761575989,
        "max": 0.367374449968,
        "mean": 0.148289650679,
        "median": 0.146218761802,
        "min": 0.02984771505,
        "var": 0.00179026939441
    },
    "melbands_kurtosis": {
        "dmean": 2.98319458961,
        "dmean2": 4.87715816498,
        "dvar": 38.2044868469,
        "dvar2": 107.825828552,
        "max": 155.1925354,
        "mean": 3.90286493301,
        "median": 1.93161487579,
        "min": -1.73431754112,
        "var": 55.4783859253
    },
    "melbands_skewness": {
        "dmean": 0.594167530537,
        "dmean2": 0.937205255032,
        "dvar": 0.377945840359,
        "dvar2": 0.967035353184,
        "max": 10.192486763,
        "mean": 1.5765144825,
        "median": 1.46809279919,
        "min": -1.04000353813,
        "var": 1.32045280933
    },
    "melbands_spread": {
        "dmean": 10.1838245392,
        "dmean2": 16.0174999237,
        "dvar": 119.846473694,
        "dvar2": 279.283782959,
        "max": 152.306671143,
        "mean": 39.351940155,
        "median": 35.9840774536,
        "min": 1.88661670685,
        "var": 369.240539551
    },
    "pitch_salience": {
        "dmean": 0.0687643736601,
        "dmean2": 0.111193917692,
        "dvar": 0.00391620118171,
        "dvar2": 0.01006184984,
        "max": 0.805654883385,
        "mean": 0.556079864502,
        "median": 0.558211863041,
        "min": 0.223260998726,
        "var": 0.00882200244814
    },
    "silence_rate_20dB": {
        "dmean": 0,
        "dmean2": 0,
        "dvar": 0,
        "dvar2": 0,
        "max": 1,
        "mean": 1,
        "median": 1,
        "min": 1,
        "var": 0
    },
    "silence_rate_30dB": {
        "dmean": 0,
        "dmean2": 0,
        "dvar": 0,
        "dvar2": 0,
        "max": 1,
        "mean": 1,
        "median": 1,
        "min": 1,
        "var": 0
    },
    "silence_rate_60dB": {
        "dmean": 0.00773993786424,
        "dmean2": 0.0154918665066,
        "dvar": 0.00768011808395,
        "dvar2": 0.01835039258,
        "max": 1,
        "mean": 0.080433100462,
        "median": 0,
        "min": 0,
        "var": 0.0739638730884
    },
    "spectral_centroid": {
        "dmean": 253.0990448,
        "dmean2": 389.959564209,
        "dvar": 57204.46875,
        "dvar2": 126353.273438,
        "max": 3636.58618164,
        "mean": 1943.35522461,
        "median": 1943.97961426,
        "min": 497.224182129,
        "var": 241556.390625
    },
    "spectral_complexity": {
        "dmean": 4.00774002075,
        "dmean2": 6.01549196243,
        "dvar": 17.4411659241,
        "dvar2": 34.5901222229,
        "max": 57,
        "mean": 23.4377422333,
        "median": 24,
        "min": 0,
        "var": 92.0140991211
    },
    "spectral_decrease": {
        "dmean": 1.64696856153e-09,
        "dmean2": 2.62949884089e-09,
        "dvar": 7.3848923194e-18,
        "dvar2": 1.91845319404e-17,
        "max": -3.38214030146e-15,
        "mean": -4.80401052272e-09,
        "median": -4.35475833171e-09,
        "min": -3.64540291287e-08,
        "var": 1.17921387472e-17
    },
    "spectral_energy": {
        "dmean": 0.00666008936241,
        "dmean2": 0.0105778938159,
        "dvar": 0.000113580907055,
        "dvar2": 0.00028915234725,
        "max": 0.142761796713,
        "mean": 0.0202532485127,
        "median": 0.0181855671108,
        "min": 1.38321647469e-08,
        "var": 0.000198922134587
    },
    "spectral_energyband_high": {
        "dmean": 0.000293319695629,
        "dmean2": 0.000445517653134,
        "dvar": 4.30260485018e-07,
        "dvar2": 1.02777801203e-06,
        "max": 0.0090500600636,
        "mean": 0.000591836171225,
        "median": 0.000375499483198,
        "min": 1.27085009183e-10,
        "var": 6.51995037515e-07
    },
    "spectral_energyband_low": {
        "dmean": 0.00364444055595,
        "dmean2": 0.00637321174145,
        "dvar": 8.41980508994e-05,
        "dvar2": 0.000239541666815,
        "max": 0.131446525455,
        "mean": 0.00533719174564,
        "median": 0.00330347660929,
        "min": 2.15610818088e-09,
        "var": 6.81597593939e-05
    },
    "spectral_energyband_middle_high": {
        "dmean": 0.00298352446407,
        "dmean2": 0.00450056884438,
        "dvar": 1.90128030226e-05,
        "dvar2": 4.08533815062e-05,
        "max": 0.0560610890388,
        "mean": 0.00892670452595,
        "median": 0.00608454551548,
        "min": 6.85308476633e-10,
        "var": 7.07422514097e-05
    },
    "spectral_energyband_middle_low": {
        "dmean": 0.00252014724538,
        "dmean2": 0.0039423010312,
        "dvar": 1.67229954968e-05,
        "dvar2": 3.83397746191e-05,
        "max": 0.0538680627942,
        "mean": 0.00601948145777,
        "median": 0.0046621048823,
        "min": 3.10706083084e-09,
        "var": 3.17245103361e-05
    },
    "spectral_entropy": {
        "dmean": 0.133461922407,
        "dmean2": 0.188935980201,
        "dvar": 0.0158855952322,
        "dvar2": 0.0276278778911,
        "max": 8.46169567108,
        "mean": 7.65266704559,
        "median": 7.66083955765,
        "min": 6.61926984787,
        "var": 0.0776266083121
    },
    "spectral_flux": {
        "dmean": 0.0228523220867,
        "dmean2": 0.035377509892,
        "dvar": 0.000681444769725,
        "dvar2": 0.0014951445628,
        "max": 0.3293171525,
        "mean": 0.0807196050882,
        "median": 0.0746543109417,
        "min": 0.000122463927255,
        "var": 0.00191315880511
    },
    "spectral_kurtosis": {
        "dmean": 1.45053780079,
        "dmean2": 2.49698424339,
        "dvar": 1.69940900803,
        "dvar2": 5.04343795776,
        "max": 14.9421482086,
        "mean": 4.56411981583,
        "median": 4.37481307983,
        "min": 0.170629024506,
        "var": 3.55069518089
    },
    "spectral_rms": {
        "dmean": 0.000663729384542,
        "dmean2": 0.00103141134605,
        "dvar": 6.5590614895e-07,
        "dvar2": 1.52378129314e-06,
        "max": 0.0118016861379,
        "mean": 0.00415297551081,
        "median": 0.00421212753281,
        "min": 3.67352618014e-06,
        "var": 2.51206211033e-06
    },
    "spectral_rolloff": {
        "dmean": 552.930419922,
        "dmean2": 921.375,
        "dvar": 545324.5625,
        "dvar2": 1207382.875,
        "max": 9173.14453125,
        "mean": 2226.04272461,
        "median": 2045.65429688,
        "min": 107.666015625,
        "var": 1414030.5
    },
    "spectral_skewness": {
        "dmean": 0.193970516324,
        "dmean2": 0.318023353815,
        "dvar": 0.0266580320895,
        "dvar2": 0.0725367441773,
        "max": 2.7749774456,
        "mean": 1.43345534801,
        "median": 1.43623399734,
        "min": 0.356388568878,
        "var": 0.0863130092621
    },
    "spectral_spread": {
        "dmean": 390115.53125,
        "dmean2": 567819.375,
        "dvar": 168129724416,
        "dvar2": 285459546112,
        "max": 9295537,
        "mean": 3761575,
        "median": 3539902.75,
        "min": 2108707.5,
        "var": 908899123200
    },
    "spectral_strongpeak": {
        "dmean": 0.881483912468,
        "dmean2": 1.48637402058,
        "dvar": 2.016882658,
        "dvar2": 5.25597572327,
        "max": 12.5314998627,
        "mean": 1.27050900459,
        "median": 0.37268742919,
        "min": 6.91247259965e-05,
        "var": 3.45642542839
    },
    "zerocrossingrate": {
        "dmean": 0.0101972175762,
        "dmean2": 0.0119294179603,
        "dvar": 0.000110350258183,
        "dvar2": 0.000132658518851,
        "max": 0.21923828125,
        "mean": 0.0770608261228,
        "median": 0.07275390625,
        "min": 0.013671875,
        "var": 0.000806720345281
    },
    "barkbands": {
        "dmean": [9.02182800928e-05, 0.00225567328744, 0.00146367808338, 0.000508262077346, 0.000467158009997, 0.000812291749753, 0.000604777771514, 0.000566562928725, 0.000647212262265, 0.000671985908411, 0.000588319788221, 0.000487306358991, 0.000442653486971, 0.000776860921178, 0.000728251878172, 0.000661297992337, 0.000336418102961, 0.000464873737656, 0.000289282412268, 0.000158264359925, 7.38893868402e-05, 7.5916548667e-05, 5.89659830439e-05, 5.09694291395e-05, 2.13046514546e-05, 2.95074623864e-05, 9.34695208343e-07],
        "dmean2": [0.000152399399667, 0.00399031396955, 0.00263260956854, 0.000853299105074, 0.000776290718932, 0.00124728609808, 0.000965662300587, 0.000889046816155, 0.00100213778205, 0.00107787549496, 0.000927218876313, 0.000819110195152, 0.000715721980669, 0.00123957905453, 0.00120494386647, 0.0010520205833, 0.000541656976566, 0.000730537634809, 0.000457628339063, 0.000249205448199, 0.000122847151943, 0.000121443263197, 9.19141893974e-05, 7.2956434451e-05, 3.15465549647e-05, 5.12084297952e-05, 1.68334588579e-06],
        "dvar": [4.3227256441e-08, 3.64945444744e-05, 1.21274315461e-05, 9.03342197489e-07, 9.84526764114e-07, 3.31065393766e-06, 4.63134256279e-06, 3.74145110982e-06, 2.41258294409e-06, 2.0976281121e-06, 2.06599361263e-06, 1.21594200664e-06, 7.47911656163e-07, 3.13514101435e-06, 3.00575925394e-06, 2.37215749621e-06, 5.00605892739e-07, 5.70567067371e-07, 1.65512290096e-07, 8.00421702252e-08, 4.11479597062e-08, 4.19667109952e-08, 2.90785511226e-08, 1.06985442727e-08, 2.10530615163e-09, 7.11085057503e-09, 9.94619490935e-12],
        "dvar2": [1.10670377751e-07, 0.000104394741356, 3.50812370016e-05, 2.4359951567e-06, 2.43566660174e-06, 7.42965357858e-06, 1.0877594832e-05, 8.06869684311e-06, 5.11110101797e-06, 5.15268447998e-06, 4.79290883959e-06, 3.0151163628e-06, 1.71622843936e-06, 7.78865796747e-06, 7.65883214626e-06, 5.63491903449e-06, 1.09878817511e-06, 1.33185926643e-06, 4.12029862673e-07, 2.04012707172e-07, 1.11264995439e-07, 1.03875166246e-07, 6.41268442791e-08, 2.06862456054e-08, 4.68106264861e-09, 2.04571204421e-08, 2.81177529177e-11],
        "max": [0.00232108659111, 0.0781900063157, 0.0526172891259, 0.0106980204582, 0.0208498723805, 0.0263601578772, 0.0440909340978, 0.0453670807183, 0.0309105496854, 0.0219697952271, 0.0176084414124, 0.0175956636667, 0.0146282287315, 0.0210049729794, 0.023401055485, 0.0241361744702, 0.0118945222348, 0.00980412401259, 0.00736709171906, 0.00293798581697, 0.00304122827947, 0.00325251673348, 0.00285090203397, 0.00174776883796, 0.000774764746893, 0.000884915119968, 4.2979594582e-05],
        "mean": [0.000100492543424, 0.00294612743892, 0.00179387524258, 0.000991388922557, 0.000866777729243, 0.00134266947862, 0.000782998627983, 0.000753158063162, 0.00105490314309, 0.00112428166904, 0.000892568263225, 0.000743600714486, 0.000734112458304, 0.00117444747593, 0.000999145791866, 0.00105763971806, 0.000566987786442, 0.000911832961719, 0.000602252781391, 0.000307584297843, 0.000120349657664, 0.000117942065117, 0.000109853055619, 9.74276554189e-05, 3.30115981342e-05, 2.71457411145e-05, 6.69161636324e-07],
        "median": [2.02496266866e-05, 0.0013102053199, 0.000806610973086, 0.000325718574459, 0.000461318006273, 0.000580410473049, 0.000301192776533, 0.00022259587422, 0.000457864603959, 0.000542726542335, 0.000289330666419, 0.00036351181916, 0.000358020333806, 0.000359517696779, 0.000366177293472, 0.000352463801391, 0.000309121009195, 0.00050291774096, 0.000386938801967, 0.00020907180442, 7.8534030763e-05, 6.30939175608e-05, 5.45710390725e-05, 4.69087135571e-05, 1.34735601023e-05, 6.30254271528e-06, 3.76557736104e-08],
        "min": [6.4554361856e-11, 1.00225139299e-09, 9.12207143156e-10, 3.96143839954e-10, 2.22324811339e-10, 2.25455057401e-10, 3.05852010385e-10, 1.03431235798e-10, 5.96395502428e-11, 1.19761311979e-10, 7.88152043629e-11, 6.929797014e-11, 2.44300534663e-11, 4.74349448609e-11, 5.77729322715e-11, 6.76424055657e-11, 1.01692154697e-10, 7.31944782562e-11, 4.53747178719e-11, 1.9769493334e-11, 2.60693914372e-11, 2.94597853057e-11, 2.02888851553e-11, 1.7068214897e-11, 7.13946957109e-12, 5.39251933038e-12, 7.09904227417e-12],
        "var": [4.40906866572e-08, 2.88650189759e-05, 9.41903454077e-06, 1.92964193957e-06, 3.0671130844e-06, 5.43151645616e-06, 4.72557849207e-06, 6.10896404396e-06, 4.13967427448e-06, 3.83337101084e-06, 3.75335025637e-06, 1.93741993826e-06, 1.21680841403e-06, 5.50999584448e-06, 3.8247176235e-06, 5.24773531652e-06, 8.89024477146e-07, 1.56541659635e-06, 4.97720407111e-07, 1.14054863332e-07, 3.58725635863e-08, 5.07469231081e-08, 5.52739756188e-08, 2.74592810712e-08, 4.57400339826e-09, 4.97200192129e-09, 6.52864698067e-12]
    },
    "erbbands": {
        "dmean": [0.0515794828534, 0.570050120354, 1.6435418129, 1.7391680479, 1.32740676403, 1.79129695892, 3.73217082024, 7.91891288757, 7.96792221069, 10.0723390579, 13.3771953583, 15.5712299347, 17.5211544037, 19.4765014648, 20.7819023132, 19.2125701904, 19.4141731262, 28.079498291, 37.0198898315, 44.4216880798, 28.1200084686, 17.5605545044, 21.800994873, 16.1874752045, 14.0286283493, 6.7760014534, 3.05609035492, 2.85123991966, 2.49753236771, 2.58114337921, 1.52340507507, 1.25898754597, 0.739222824574, 0.26826196909, 0.149111136794, 0.0511797256768, 0.0802884846926, 0.0121916979551, 0.000212140468648, 1.34090414576e-05],
        "dmean2": [0.0881174579263, 1.02580165863, 2.94935393333, 2.99273538589, 2.2087700367, 2.87062263489, 5.50955533981, 12.1549739838, 12.8869180679, 16.0227489471, 20.4614925385, 24.2896881104, 29.1192970276, 30.2277374268, 32.2896995544, 31.8283004761, 31.0460586548, 43.2036743164, 60.7166137695, 71.71144104, 43.2302436829, 28.2697887421, 33.8632202148, 25.4887294769, 22.1484622955, 10.8263893127, 4.84577608109, 4.87302064896, 3.9732375145, 4.21956777573, 2.3218665123, 1.81000483036, 1.0661636591, 0.395634949207, 0.235814884305, 0.0826637297869, 0.143354713917, 0.021662376821, 0.000373674847651, 2.16546359297e-05],
        "dvar": [0.0135001381859, 2.58597016335, 18.2351894379, 11.3268280029, 4.80180644989, 23.7896881104, 82.1052017212, 345.318389893, 938.291381836, 1377.15478516, 1673.36242676, 1677.46057129, 1951.99035645, 1725.52050781, 2169.11010742, 1813.91101074, 1244.85192871, 3175.22045898, 9579.19042969, 9617.14941406, 4656.86132812, 1244.91394043, 1112.91247559, 692.869628906, 387.799377441, 176.680450439, 30.0046920776, 106.903289795, 52.4166069031, 48.8469314575, 19.0775108337, 8.29242420197, 2.44656968117, 0.311856240034, 0.124650016427, 0.0175314769149, 0.0653632432222, 0.00116710085422, 3.491488485e-07, 5.44191136598e-10],
        "dvar2": [0.0361937321723, 7.54302072525, 52.6574287415, 32.8150978088, 12.7063188553, 52.9923820496, 145.223754883, 775.495300293, 2196.42919922, 3266.23510742, 3593.18554688, 3648.1328125, 5385.23193359, 3645.26269531, 4704.14355469, 4605.75, 2866.61987305, 7333.16210938, 25560.8125, 25132.2890625, 10232.1669922, 2787.06005859, 2494.11645508, 1665.38598633, 924.970397949, 460.171386719, 76.9327392578, 289.592651367, 126.151000977, 119.192909241, 41.3745384216, 16.2526988983, 4.75581979752, 0.630239665508, 0.304915338755, 0.0453194007277, 0.191088691354, 0.00336533389054, 1.00370914424e-06, 1.41766742789e-09],
        "max": [1.43318903446, 21.3340415955, 63.0658035278, 46.3269729614, 32.4566802979, 123.190505981, 204.009277344, 294.967437744, 794.981872559, 625.930664062, 858.638183594, 897.979797363, 715.17565918, 783.891235352, 740.85534668, 815.897094727, 687.57208252, 770.333251953, 1588.19213867, 1571.44177246, 1317.29467773, 625.673583984, 481.628356934, 460.253723145, 212.216110229, 173.159713745, 64.9398269653, 171.553588867, 145.942977905, 123.478752136, 78.6867675781, 71.0692443848, 26.8395195007, 10.6029481888, 4.86204099655, 2.09744715691, 3.04730129242, 0.365135788918, 0.00654149195179, 0.000235086627072],
        "mean": [0.076177559793, 0.694207191467, 2.06471395493, 2.71743631363, 2.6110906601, 3.18648576736, 6.68611764908, 12.1392259598, 10.6575517654, 13.1005620956, 20.0100231171, 25.5263652802, 29.2392234802, 35.1105155945, 32.9962501526, 31.3308811188, 34.7932624817, 45.9057846069, 53.4778251648, 67.6334686279, 50.7059173584, 32.9950828552, 43.8645057678, 38.471862793, 29.2689609528, 13.6092147827, 6.18759584427, 3.96437549591, 3.90213823318, 4.32776117325, 2.92945408821, 2.30362153053, 1.35345053673, 0.444128185511, 0.214192450047, 0.067255012691, 0.0644875839353, 0.0102850059047, 0.000193567422684, 3.20995495713e-05],
        "median": [0.0246095377952, 0.314912140369, 1.04382610321, 1.73914372921, 1.43279981613, 1.48721528053, 2.77544951439, 5.28722238541, 4.6278424263, 5.04408311844, 7.8782453537, 10.5166988373, 16.2193107605, 15.9222345352, 14.9527578354, 17.0616149902, 16.9479217529, 18.2720031738, 19.8075847626, 21.6790924072, 20.8611545563, 18.6577625275, 25.0101623535, 24.3583488464, 19.9983482361, 9.84203052521, 4.25272941589, 2.22161889076, 2.12556123734, 2.28268027306, 1.40165174007, 1.06602585316, 0.591579735279, 0.180044800043, 0.0857185721397, 0.0204783044755, 0.0107911312953, 0.00195696763694, 5.19989043823e-05, 2.76847531495e-05],
        "min": [2.25704219758e-08, 2.52504406717e-07, 9.93436401586e-07, 1.48415279e-06, 9.00059717424e-07, 5.23065239122e-07, 1.48162541791e-06, 2.41677912527e-06, 5.22747814102e-06, 3.4110546494e-06, 1.64768164268e-06, 1.52302038714e-06, 7.85006614024e-06, 2.16478315451e-06, 3.56466921403e-06, 2.65867402049e-06, 1.14718909572e-06, 1.99438568416e-06, 2.34958088186e-06, 4.2798837967e-06, 3.58968190994e-06, 4.34812000094e-06, 4.90691490995e-06, 3.46293859366e-06, 1.62621984146e-06, 8.05445154128e-07, 1.09691893613e-06, 8.84089843112e-07, 8.13294434465e-07, 1.03468244106e-06, 5.33169895789e-07, 4.77884555039e-07, 2.24697359386e-07, 8.34563209651e-08, 5.93866928966e-08, 2.92108612854e-08, 9.69700764131e-09, 4.13863965321e-09, 9.783748256e-10, 1.08641207142e-10],
        "var": [0.0152322808281, 1.85928940773, 13.4838399887, 11.8294487, 10.6458892822, 58.3399734497, 241.886505127, 498.211090088, 900.241699219, 1484.12133789, 2974.296875, 2598.91308594, 2553.9440918, 4279.26660156, 3830.1940918, 3047.25244141, 2432.48730469, 6271.91552734, 10963.3027344, 15566.5, 13918.2275391, 2277.53149414, 3036.46118164, 2331.16137695, 855.346557617, 227.375213623, 45.8607673645, 79.6647796631, 62.8706817627, 68.1023864746, 39.8031234741, 20.9590778351, 5.51330804825, 0.7761977911, 0.205823838711, 0.0211369767785, 0.0407889969647, 0.000785172684118, 2.3764742707e-07, 6.47338516124e-10]
    },
    "gfcc": {
        "mean": [1.71376037598, 83.6050567627, -142.583114624, 35.0964126587, -51.1809921265, 16.2216644287, -34.9827423096, 15.4273777008, -21.6522445679, -2.23550152779, -10.5358133316, -0.781621098518, -14.5477228165],
        "cov": [[7019.19042969, -472.069458008, -89.9731140137, -71.9548568726, -9.42280483246, 81.0523986816, -116.360466003, -37.9978942871, -70.4836883545, 75.3085174561, -178.866485596, 14.2367601395, -63.9638442993], [-472.069458008, 795.939880371, -123.774497986, 131.688339233, 100.974525452, 42.1488838196, 129.639770508, -26.0108203888, 120.452880859, -37.0969543457, 150.463226318, -89.5098648071, 119.968811035], [-89.9731140137, -123.774497986, 563.519714355, 122.995117188, 58.7903556824, -11.1671199799, 40.474319458, 36.1878356934, -69.9263763428, 41.6110801697, -59.5688858032, 95.2365264893, -77.7884979248], [-71.9548568726, 131.688339233, 122.995117188, 337.977203369, 62.8079223633, -4.30910158157, 16.5772914886, 18.7859363556, 39.4211959839, -40.9575233459, 27.84608078, -26.5967578888, 21.6947803497], [-9.42280483246, 100.974525452, 58.7903556824, 62.8079223633, 229.341156006, 67.3326339722, 71.9606552124, 21.6490898132, 33.2432632446, 24.2870330811, -3.03508329391, 16.8505706787, -12.5645036697], [81.0523986816, 42.1488838196, -11.1671199799, -4.30910158157, 67.3326339722, 182.587081909, 60.6860618591, 32.2818908691, 18.7764797211, 22.7987422943, 25.288848877, -22.8160362244, 11.1368026733], [-116.360466003, 129.639770508, 40.474319458, 16.5772914886, 71.9606552124, 60.6860618591, 160.036087036, 16.3108196259, 11.0131473541, 28.9890975952, 5.48119831085, 4.31568574905, -4.28931474686], [-37.9978942871, -26.0108203888, 36.1878356934, 18.7859363556, 21.6490898132, 32.2818908691, 16.3108196259, 106.451766968, 46.9931755066, 20.4708919525, 17.2161655426, 13.5092926025, 9.03659629822], [-70.4836883545, 120.452880859, -69.9263763428, 39.4211959839, 33.2432632446, 18.7764797211, 11.0131473541, 46.9931755066, 171.112030029, 48.6412887573, 41.9634895325, 7.20007801056, 51.530796051], [75.3085174561, -37.0969543457, 41.6110801697, -40.9575233459, 24.2870330811, 22.7987422943, 28.9890975952, 20.4708919525, 48.6412887573, 129.234832764, -6.82553386688, 49.7022819519, 4.04901409149], [-178.866485596, 150.463226318, -59.5688858032, 27.84608078, -3.03508329391, 25.288848877, 5.48119831085, 17.2161655426, 41.9634895325, -6.82553386688, 117.920761108, -14.9159431458, 39.7813873291], [14.2367601395, -89.5098648071, 95.2365264893, -26.5967578888, 16.8505706787, -22.8160362244, 4.31568574905, 13.5092926025, 7.20007801056, 49.7022819519, -14.9159431458, 107.809547424, 8.14190101624], [-63.9638442993, 119.968811035, -77.7884979248, 21.6947803497, -12.5645036697, 11.1368026733, -4.28931474686, 9.03659629822, 51.530796051, 4.04901409149, 39.7813873291, 8.14190101624, 94.265625]],
        "icov": [[0.000158101378474, 3.11038311338e-05, 9.22375475056e-05, -7.54402281018e-05, 3.8896564547e-06, -0.000160713665537, 0.000146381236846, 3.50109803549e-05, 6.33321105852e-05, -0.000141202865052, 0.00022841480677, -5.23424132552e-05, 6.35528776911e-05], [3.11038311338e-05, 0.00394405517727, -0.000942015729379, 0.000407903979067, -0.00176962476689, 0.00164637819398, -0.00323815247975, 0.00259907590225, -0.00177943485323, 0.000921366328839, -0.00337957846932, 0.00421374803409, -0.00470103602856], [9.22375475056e-05, -0.000942015729379, 0.00390935735777, -0.00223765242845, 0.000660400313791, -0.000821692461614, 0.000524034723639, -0.00184592825826, 0.00222210749052, -0.00123218877707, 0.00150300562382, -0.00453985435888, 0.00398439681157], [-7.54402281018e-05, 0.000407903979067, -0.00223765242845, 0.00489950133488, -0.0015543330228, 0.00126147049014, -0.000514631276019, 0.000422442768468, -0.00186509080231, 0.00203061220236, -0.00111821456812, 0.00325993052684, -0.00284188147634], [3.8896564547e-06, -0.00176962476689, 0.000660400313791, -0.0015543330228, 0.00708937318996, -0.00292554567568, -0.000360986450687, -0.000825844064821, -0.000542601919733, -0.000102292840893, 0.00216373521835, -0.00398352742195, 0.00424272520468], [-0.000160713665537, 0.00164637819398, -0.000821692461614, 0.00126147049014, -0.00292554567568, 0.00893262308091, -0.00331983715296, -0.000971593835857, 0.000201946793823, -0.00108293781523, -0.00284978561103, 0.00542153557763, -0.00400541629642], [0.000146381236846, -0.00323815247975, 0.000524034723639, -0.000514631276019, -0.000360986450687, -0.00331983715296, 0.0109300883487, -0.00221215654165, 0.00193478656001, -0.00231528282166, 0.00269542564638, -0.00309493439272, 0.00399640062824], [3.50109803549e-05, 0.00259907590225, -0.00184592825826, 0.000422442768468, -0.000825844064821, -0.000971593835857, -0.00221215654165, 0.0138566112146, -0.00495752179995, 0.00120961223729, -0.00313989399001, 0.00169102184009, -0.00249166111462], [6.33321105852e-05, -0.00177943485323, 0.00222210749052, -0.00186509080231, -0.000542601919733, 0.000201946793823, 0.00193478656001, -0.00495752179995, 0.0115615073591, -0.00515840714797, 0.000250435638009, -0.00151869060937, -0.00103546329774], [-0.000141202865052, 0.000921366328839, -0.00123218877707, 0.00203061220236, -0.000102292840893, -0.00108293781523, -0.00231528282166, 0.00120961223729, -0.00515840714797, 0.0129628926516, -0.000108248881588, -0.00352705060504, -0.0002461594122], [0.00022841480677, -0.00337957846932, 0.00150300562382, -0.00111821456812, 0.00216373521835, -0.00284978561103, 0.00269542564638, -0.00313989399001, 0.000250435638009, -0.000108248881588, 0.0142904864624, -0.00316915474832, 0.00111313350499], [-5.23424132552e-05, 0.00421374803409, -0.00453985435888, 0.00325993052684, -0.00398352742195, 0.00542153557763, -0.00309493439272, 0.00169102184009, -0.00151869060937, -0.00352705060504, -0.00316915474832, 0.0213896501809, -0.0108975330368], [6.35528776911e-05, -0.00470103602856, 0.00398439681157, -0.00284188147634, 0.00424272520468, -0.00400541629642, 0.00399640062824, -0.00249166111462, -0.00103546329774, -0.0002461594122, 0.00111313350499, -0.0108975330368, 0.0230838116258]]
    },
    "melbands": {
        "dmean": [0.000538178661373, 0.000822714238893, 0.000279995059827, 0.00010708568152, 0.000117623516417, 0.000171596751898, 0.000118259340525, 0.000114303322334, 0.000114865164505, 9.20880193007e-05, 9.21241444303e-05, 8.46071707201e-05, 8.00755151431e-05, 5.8320871176e-05, 4.57230526081e-05, 4.42606287834e-05, 5.89992778259e-05, 7.06013161107e-05, 5.58074607397e-05, 5.63351313758e-05, 3.26744739141e-05, 1.95471566258e-05, 1.86089182534e-05, 2.88188639388e-05, 1.26057311718e-05, 1.52178899953e-05, 7.95751839178e-06, 3.8877260522e-06, 1.88941260149e-06, 1.92266975318e-06, 1.72213992755e-06, 1.49744585087e-06, 1.52712232193e-06, 1.43032536926e-06, 9.1778309752e-07, 9.22775882373e-07, 7.59707461384e-07, 6.17090336164e-07, 3.40371400398e-07, 2.17985501649e-07],
        "dmean2": [0.000934251351282, 0.00147101283073, 0.000478450441733, 0.000176318571903, 0.000172119776835, 0.000264011236141, 0.000191557162907, 0.000179223090527, 0.00017718593881, 0.000142525910633, 0.000151415806613, 0.00013145711273, 0.000125814854982, 9.55553041422e-05, 7.47485973989e-05, 7.06406935933e-05, 9.14985575946e-05, 0.000116218740004, 9.13768890314e-05, 9.00814702618e-05, 4.98134977533e-05, 3.21206280205e-05, 2.93720331683e-05, 4.65182165499e-05, 2.01177354029e-05, 2.40915887844e-05, 1.2548792256e-05, 6.31882176094e-06, 2.95815743812e-06, 3.21860238728e-06, 3.00439114653e-06, 2.3906907245e-06, 2.50256607615e-06, 2.33521950577e-06, 1.45409842389e-06, 1.37468055073e-06, 1.0994956483e-06, 9.07538833417e-07, 5.06184278493e-07, 3.36419191171e-07],
        "dvar": [1.80765641744e-06, 5.01332033309e-06, 2.72016251301e-07, 5.84913841806e-08, 6.89449279889e-08, 1.54297410404e-07, 1.84596942177e-07, 1.69094732883e-07, 1.18742363497e-07, 5.87469202173e-08, 5.08175013181e-08, 2.93489517134e-08, 3.31611467175e-08, 2.0078177343e-08, 7.72216512956e-09, 9.25213505809e-09, 1.41679059595e-08, 3.86089276105e-08, 1.87253039741e-08, 1.71555250006e-08, 7.9168236411e-09, 1.53267032399e-09, 1.55767510002e-09, 2.17704609895e-09, 5.07081709955e-10, 4.90666396402e-10, 1.93595986464e-10, 6.77364414559e-11, 9.39037823194e-12, 2.4529499959e-11, 4.67732796938e-11, 1.96066617802e-11, 1.61721556285e-11, 1.51291288525e-11, 6.80419869753e-12, 6.79155386443e-12, 2.45331077502e-12, 1.68992077276e-12, 5.95988644721e-13, 2.33477652359e-13],
        "dvar2": [5.08899074703e-06, 1.45276644616e-05, 7.80429047609e-07, 1.45173643773e-07, 1.28828602897e-07, 3.49990415316e-07, 4.30364394788e-07, 3.95195201008e-07, 2.61079833308e-07, 1.28666087562e-07, 1.38548017503e-07, 6.18809892217e-08, 7.86029232813e-08, 4.87807376714e-08, 1.95992875263e-08, 2.10001420697e-08, 3.28934817162e-08, 1.02759720733e-07, 4.72212349223e-08, 4.26347277482e-08, 1.48836818425e-08, 3.5532692344e-09, 3.3038276559e-09, 5.25274135299e-09, 1.24739307772e-09, 1.14897658055e-09, 5.00092744993e-10, 1.73241573864e-10, 2.30435427684e-11, 6.72063862894e-11, 1.2748808953e-10, 4.73676965707e-11, 4.07010362913e-11, 3.58588089777e-11, 1.5268775827e-11, 1.40005220958e-11, 5.01861356292e-12, 3.47853668613e-12, 1.22659553955e-12, 5.2865009462e-13],
        "max": [0.0166490599513, 0.0319380946457, 0.00742794387043, 0.00537035986781, 0.00672259414569, 0.0059418193996, 0.0106313088909, 0.00706022558734, 0.00754806725308, 0.0059243417345, 0.00356283271685, 0.0030415665824, 0.00231445231475, 0.00251285429113, 0.00133080710657, 0.00167880591471, 0.00162607245147, 0.00320105417632, 0.00224622315727, 0.00193522963673, 0.00172391312663, 0.000654693343677, 0.000765175092965, 0.000736810325179, 0.000398585631046, 0.000222510920139, 0.000174920394784, 0.000109972883365, 4.24946920248e-05, 7.50892359065e-05, 0.000116963055916, 9.80102850008e-05, 6.4510080847e-05, 6.82789468556e-05, 4.69070582767e-05, 6.47192500765e-05, 3.4659387893e-05, 2.08279470826e-05, 1.44602163346e-05, 8.94022014108e-06],
        "mean": [0.00075256312266, 0.00104644196108, 0.000489972939249, 0.000196774475626, 0.000221075883019, 0.000269440701231, 0.000159463728778, 0.000147458296851, 0.00017592588847, 0.000147346989252, 0.000148889186676, 0.000148302060552, 0.000122794517665, 8.63758614287e-05, 7.75897788117e-05, 7.18882511137e-05, 9.08275687834e-05, 9.44497223827e-05, 7.94934530859e-05, 8.4049461293e-05, 5.48467614863e-05, 3.27105626639e-05, 3.00843985315e-05, 5.29334647581e-05, 2.676353688e-05, 2.72855941148e-05, 1.53959354066e-05, 6.94853588357e-06, 3.72413182959e-06, 3.00701071865e-06, 2.10441021409e-06, 2.21802451961e-06, 2.28707312999e-06, 2.41552970692e-06, 1.67276073171e-06, 1.58819273111e-06, 1.31852686991e-06, 1.05626179447e-06, 5.69530925532e-07, 3.20786966768e-07],
        "median": [0.000314799573971, 0.000601249630563, 0.000318767357385, 0.000117128329293, 9.52720656642e-05, 0.000121610566566, 6.85142731527e-05, 5.39082793694e-05, 7.0100017183e-05, 6.18957419647e-05, 7.87265162216e-05, 6.55153926346e-05, 4.46923622803e-05, 4.01243378292e-05, 3.87995205529e-05, 3.50017799065e-05, 3.19850078085e-05, 2.88462051685e-05, 2.62667945208e-05, 2.5726538297e-05, 2.0580861019e-05, 1.92330007849e-05, 1.21940847748e-05, 3.0259572668e-05, 1.46487273014e-05, 1.66552872543e-05, 1.04871087387e-05, 4.52358654002e-06, 2.47032880907e-06, 1.90630896668e-06, 1.00905742784e-06, 1.22068240671e-06, 1.14610952551e-06, 1.27787461679e-06, 7.97978430001e-07, 6.21304252491e-07, 6.21072331342e-07, 4.57324119907e-07, 2.27642232176e-07, 1.17434588276e-07],
        "min": [2.42372066861e-10, 4.66808258714e-10, 3.03231467713e-10, 4.77208238203e-11, 4.40151803893e-11, 5.30238769558e-11, 6.61004445623e-11, 3.27420694723e-11, 1.03020422054e-11, 8.14849836911e-12, 3.94903484913e-11, 8.42996939615e-12, 1.27743735728e-11, 8.21452194461e-12, 4.83762422482e-12, 1.94666656926e-12, 4.13962223875e-12, 3.78856408051e-12, 4.73744047463e-12, 6.42514904128e-12, 3.87805195942e-12, 4.06348782747e-12, 5.71798121005e-12, 4.32854403362e-12, 2.64198602232e-12, 1.4226738277e-12, 9.96480784173e-13, 3.62363405341e-13, 5.19946011159e-13, 7.52192308006e-13, 3.83570210099e-13, 4.05807088237e-13, 6.73526555708e-13, 4.79364378053e-13, 2.90591742292e-13, 2.86637060658e-13, 2.99370988069e-13, 1.85496366531e-13, 7.8164030966e-14, 4.96038485894e-14],
        "var": [1.61264119924e-06, 3.63294793715e-06, 3.34538839297e-07, 1.24190094652e-07, 2.33561010532e-07, 2.26459306418e-07, 1.82820500072e-07, 1.98288944375e-07, 1.9223219283e-07, 8.83376856109e-08, 7.00152043009e-08, 7.28431714947e-08, 5.88335389295e-08, 3.09354817318e-08, 1.5579363577e-08, 1.33842465999e-08, 2.83007004498e-08, 4.5542826399e-08, 2.64353499091e-08, 3.12954391291e-08, 2.35062280751e-08, 2.60506949346e-09, 3.40773254059e-09, 4.79382311624e-09, 1.59702906455e-09, 1.01863595336e-09, 3.14714226901e-10, 8.65394700345e-11, 1.74333741887e-11, 2.11498960706e-11, 3.34184555029e-11, 2.25115343033e-11, 1.98856382749e-11, 2.26084567734e-11, 1.31203953951e-11, 1.52320465269e-11, 5.99376321145e-12, 3.42436018777e-12, 1.30660434729e-12, 4.9674484361e-13]
    },
    "mfcc": {
        "mean": [-630.923034668, 109.475006104, -23.6587085724, 19.5764942169, 5.64370632172, 1.57827210426, 2.90257644653, 11.6007041931, -6.05728244781, 8.92335796356, -0.392797917128, -2.64585494995, -1.07278978825],
        "cov": [[6187.21972656, -30.9766254425, -346.66027832, -78.0172042847, 4.30376434326, 80.5848236084, -128.26914978, -20.0419635773, 12.1626005173, 1.48090720177, -21.6473617554, -75.9071121216, -40.9640655518], [-30.9766254425, 571.201049805, -91.6111984253, 39.1795730591, 0.199930861592, 74.0351715088, 68.9367828369, 17.6002178192, 20.6805400848, 33.0914306641, 30.756401062, 36.1134338379, 12.1202039719], [-346.66027832, -91.6111984253, 408.899627686, 130.416534424, 28.6911373138, 1.9264497757, 40.1015090942, 26.325630188, -7.89310216904, -22.3828315735, -0.302822679281, 23.7640724182, 0.877545893192], [-78.0172042847, 39.1795730591, 130.416534424, 316.693817139, 59.379360199, 28.2050685883, -2.1910431385, 33.7530517578, 21.6393699646, -17.5513858795, -11.5010242462, 25.2351436615, 16.7087268829], [4.30376434326, 0.199930861592, 28.6911373138, 59.379360199, 184.0965271, 18.9056034088, 15.6791467667, 44.5113372803, 15.7408704758, 26.3160171509, 9.92397975922, 21.0624008179, 4.71419429779], [80.5848236084, 74.0351715088, 1.9264497757, 28.2050685883, 18.9056034088, 160.734359741, 59.1569023132, 14.6799516678, 43.27942276, 15.21667099, 33.8897285461, -2.83501720428, 6.51669073105], [-128.26914978, 68.9367828369, 40.1015090942, -2.1910431385, 15.6791467667, 59.1569023132, 167.145507812, 37.8760490417, -9.28263759613, 15.7641878128, 32.0315361023, -27.4105491638, -18.8297328949], [-20.0419635773, 17.6002178192, 26.325630188, 33.7530517578, 44.5113372803, 14.6799516678, 37.8760490417, 94.9321517944, 15.4012956619, 20.1072425842, 6.23802566528, 7.53163862228, -1.64719903469], [12.1626005173, 20.6805400848, -7.89310216904, 21.6393699646, 15.7408704758, 43.27942276, -9.28263759613, 15.4012956619, 123.284683228, 19.4111099243, 23.9821090698, 34.3736228943, 32.3983573914], [1.48090720177, 33.0914306641, -22.3828315735, -17.5513858795, 26.3160171509, 15.21667099, 15.7641878128, 20.1072425842, 19.4111099243, 82.3096160889, 37.2425727844, 9.19735717773, 9.35714626312], [-21.6473617554, 30.756401062, -0.302822679281, -11.5010242462, 9.92397975922, 33.8897285461, 32.0315361023, 6.23802566528, 23.9821090698, 37.2425727844, 78.7670974731, 18.0790290833, 17.0298404694], [-75.9071121216, 36.1134338379, 23.7640724182, 25.2351436615, 21.0624008179, -2.83501720428, -27.4105491638, 7.53163862228, 34.3736228943, 9.19735717773, 18.0790290833, 81.3412475586, 34.7295303345], [-40.9640655518, 12.1202039719, 0.877545893192, 16.7087268829, 4.71419429779, 6.51669073105, -18.8297328949, -1.64719903469, 32.3983573914, 9.35714626312, 17.0298404694, 34.7295303345, 69.5344161987]],
